{"lowlevel":{"average_loudness":0.958531856537,"barkbands":{"dmean":[0.0000865770853125,0.00359874195419,0.0044299820438,0.00212319847196,0.00485601322725,0.00086507195374,0.000582029053476,0.000390220142435,0.000559945299756,0.000472452578833,0.000526128569618,0.00065548584098,0.000734058732633,0.000748701451812,0.000361264159437,0.000366724067135,0.000330055627273,0.000233813654631,0.000241730245762,0.000143543438753,0.0000683584803483,0.0000333618590957,0.0000264458467427,0.000018237702534,0.00000913575786399,0.00000380246297027,1.71658555814e-7],"dmean2":[0.00011942745914,0.00623578578234,0.00765950931236,0.00356139312498,0.00801125634462,0.00145738921128,0.000982844852842,0.000647504522931,0.000901317223907,0.000771902792621,0.000822967500426,0.00103967974428,0.0011498730164,0.00116232351866,0.000574414909352,0.00060064077843,0.000538318417966,0.000381528254366,0.000391946756281,0.0002362352825,0.000111384535558,0.0000525891919096,0.0000418502131652,0.0000286626800516,0.0000142276849147,0.00000569917438042,2.85455229232e-7],"dvar":[7.98807775482e-9,0.0000225890198635,0.0000393598893424,0.00000856190308696,0.0000353187642759,0.00000163528591202,0.0000012302491541,6.25970983492e-7,0.00000103664683593,6.08933760304e-7,0.00000179228334218,0.00000219985849981,0.00000443731187261,0.00000316651085086,4.72491819892e-7,3.56510582833e-7,2.58904748307e-7,1.39372815511e-7,1.28714944481e-7,3.61668313076e-8,1.02334460905e-8,2.10599759853e-9,1.82692727613e-9,1.38124356397e-9,3.67703145709e-10,4.19068946211e-11,1.8046657647e-13],"dvar2":[1.31894806188e-8,0.0000643867533654,0.000110742977995,0.0000225973926717,0.0000923275947571,0.00000438322877017,0.00000332110380441,0.00000151655592617,0.00000236229766415,0.00000145542628616,0.0000034799381865,0.00000471319435746,0.00000915930377232,0.00000641116184852,0.00000102712976968,8.7541781113e-7,6.16267527676e-7,3.2348481227e-7,2.9926809475e-7,9.2669651508e-8,2.51625387193e-8,5.04037611648e-9,4.77092321205e-9,3.76417652603e-9,9.65260760211e-10,9.04512645339e-11,4.73441761056e-13],"max":[0.00120354315732,0.062138594687,0.0855173915625,0.0374366529286,0.0960813835263,0.0164448227733,0.0298193078488,0.0284798014909,0.0327596738935,0.0233582481742,0.133272320032,0.0642068013549,0.0804512649775,0.051209885627,0.0230844393373,0.0240017678589,0.0177760310471,0.0163620784879,0.0123736327514,0.00535284169018,0.00454131513834,0.00131893530488,0.00117921468336,0.00181172625162,0.000949792563915,0.000165483972523,0.0000140556594488],"mean":[0.000130608212203,0.00459494441748,0.00631690956652,0.00273687765002,0.0100210756063,0.00125530001242,0.0008399154176,0.000579830084462,0.00098066101782,0.00081692362437,0.00102886662353,0.00118812010624,0.0013762669405,0.00141025392804,0.000667493848596,0.000765187432989,0.000718205410521,0.000523838039953,0.000602847139817,0.000377628544811,0.000180498478585,0.0000913905023481,0.0000701926837792,0.000051532395446,0.0000239530545514,0.0000101342011476,2.49080557069e-7],"median":[0.0000773627107264,0.00293387798592,0.0041004777886,0.0015317411162,0.006933149416,0.000826694595162,0.000449214159744,0.000299694947898,0.000487259996589,0.000427226652391,0.00039687124081,0.000453595072031,0.000413063389715,0.000512354192324,0.000361112470273,0.000483923737193,0.000506360433064,0.000357431272278,0.000427130493335,0.000298619153909,0.000146027829032,0.0000754383581807,0.0000568203249713,0.0000407315092161,0.0000163438780874,0.00000587191743762,1.2485278944e-7],"min":[2.99468432327e-17,4.00763381954e-17,2.04922647842e-17,1.47145670242e-17,1.67979570545e-17,3.59844576848e-18,3.0469983685e-19,2.53371005094e-18,1.03188548028e-17,4.00810200376e-18,3.06790080899e-18,2.59385848918e-18,2.27261801793e-17,2.44343561207e-17,3.83062510939e-17,6.02863854982e-17,6.29929593399e-18,1.58258196571e-17,4.30761450827e-17,1.3989155435e-16,1.04900947554e-16,1.08274699635e-16,1.12541204591e-16,2.96863342793e-16,1.65146993108e-16,4.58689516762e-16,6.72030117e-16],"var":[1.93770404167e-8,0.0000242458827415,0.0000469607730338,0.0000106396846604,0.0000931834292714,0.00000184603254638,0.00000156379439886,0.00000105622518731,0.00000268838243755,0.00000134396714202,0.0000149620473167,0.00000590286026636,0.0000107119849417,0.00000833958984003,0.00000108936944798,9.44177656947e-7,6.78009939747e-7,4.25765477985e-7,4.189196261e-7,1.15231586051e-7,3.02183842393e-8,6.40335606761e-9,4.13039513703e-9,2.71123035134e-9,7.59039775478e-10,1.56083618252e-10,1.91034837146e-13]},"barkbands_crest":{"dmean":2.44187784195,"dmean2":4.00604629517,"dvar":4.7351937294,"dvar2":12.39930439,"max":26.5529327393,"mean":9.82610607147,"median":9.03994369507,"min":2.56368494034,"var":15.722026825},"barkbands_flatness_db":{"dmean":0.0188347585499,"dmean2":0.0305844191462,"dvar":0.000295171514153,"dvar2":0.000807655742392,"max":0.410076320171,"mean":0.128162130713,"median":0.120885834098,"min":0.0391075760126,"var":0.00181708356831},"barkbands_kurtosis":{"dmean":2.18088650703,"dmean2":3.58803343773,"dvar":32.1246490479,"dvar2":102.57824707,"max":384.532562256,"mean":2.77511668205,"median":0.788988947868,"min":-1.91704571247,"var":50.1535453796},"barkbands_skewness":{"dmean":0.517689287663,"dmean2":0.825523972511,"dvar":0.260037690401,"dvar2":0.697395265102,"max":18.8198947906,"mean":1.41516947746,"median":1.30863618851,"min":-4.64686727524,"var":1.24371111393},"barkbands_spread":{"dmean":4.76733827591,"dmean2":7.6817574501,"dvar":19.408788681,"dvar2":49.7837982178,"max":147.440093994,"mean":23.2340927124,"median":23.0015411377,"min":0.609498202801,"var":104.369880676},"dissonance":{"dmean":0.0115670170635,"dmean2":0.019812753424,"dvar":0.000139932424645,"dvar2":0.000384548475267,"max":0.500000119209,"mean":0.478884905577,"median":0.481919556856,"min":0.00825608428568,"var":0.000218883113121},"dynamic_complexity":1.45407795906,"erbbands":{"dmean":[0.0522748343647,1.01921737194,4.71157217026,5.31746816635,18.3832492828,11.8654842377,7.4823513031,6.94080495834,8.58310127258,7.68950653076,9.13490772247,12.4230222702,12.6214838028,15.8074398041,21.1567764282,25.9110202789,31.0499382019,36.9215812683,20.9320793152,19.0194683075,19.1245326996,17.2913284302,12.9841442108,12.6010503769,10.7932481766,6.01603937149,3.36910700798,2.73254966736,1.20326006413,0.98258382082,0.765700519085,0.548345863819,0.245502322912,0.13443185389,0.051100127399,0.0253296755254,0.00458800094202,0.000583743443713,0.0000257465544564,0.0000126269696921],"dmean2":[0.0911902040243,1.75578343868,8.08115768433,9.11567497253,30.5801563263,19.7204704285,12.6017770767,11.782781601,14.4612255096,12.9940280914,15.0297117233,20.0051422119,20.5730800629,25.5083580017,32.7767410278,40.7570114136,48.7415351868,57.4057884216,32.8138237,30.2279758453,31.2751712799,28.0615959167,21.0560894012,20.5994434357,17.5155887604,9.88086032867,5.53622484207,4.43486499786,1.90067303181,1.54573297501,1.22186303139,0.892206907272,0.377118825912,0.211229488254,0.0792711377144,0.0383715666831,0.00684293545783,0.000891555624548,0.0000416405491706,0.0000205786818697],"dvar":[0.00470668449998,1.82628393173,41.6834945679,53.6164474487,524.208068848,217.782531738,125.236465454,118.619132996,279.324798584,195.131057739,368.415618896,492.557861328,446.218719482,846.448120117,3016.84960938,3703.33300781,8144.62597656,7713.51220703,1362.42687988,1306.20178223,1025.68164063,706.277526855,399.020721436,327.894256592,273.203277588,57.9964942932,25.308971405,16.5265274048,2.7855989933,1.6265411377,1.69289064407,1.93071258068,0.135282471776,0.0854266881943,0.00985063612461,0.00185537093785,0.0000678585129208,0.00000117566764857,4.72884176261e-9,1.77141259994e-10],"dvar2":[0.0133245903999,5.16239929199,117.20009613,144.289245605,1417.08312988,577.989318848,336.506835938,319.403594971,753.260375977,498.935546875,899.558166504,1137.8614502,1091.82653809,1995.5435791,5768.05371094,7934.34228516,17157.5800781,16234.1982422,3023.55957031,2800.60180664,2536.6184082,1663.12744141,912.149353027,811.226074219,633.684997559,146.326690674,63.5990791321,41.633480072,6.64256715775,3.97932553291,4.49228858948,5.48103761673,0.319621324539,0.229110777378,0.0252855103463,0.00417103618383,0.000142684031744,0.00000267575433099,1.24728503081e-8,4.61687299502e-10],"max":[0.899071037769,16.9846076965,80.5804214478,108.762565613,312.557373047,206.535232544,200.033721924,207.948822021,450.341064453,362.427429199,798.972351074,588.621032715,677.081726074,1096.73828125,4902.03125,2388.4609375,3498.63476563,2889.47827148,1007.64178467,1538.61682129,1052.08239746,1025.00524902,892.138427734,742.04119873,512.764770508,240.370605469,297.332672119,141.227218628,55.7080039978,33.9266662598,34.7106552124,62.7436218262,12.7488164902,17.3173141479,3.20348143578,1.07240438461,0.202142998576,0.0323073081672,0.0016946507385,0.000163068820257],"mean":[0.0625457391143,1.33453953266,7.06957912445,7.86716079712,34.6199226379,23.4876461029,11.0125179291,9.70227718353,12.4097251892,11.2686080933,14.9462976456,21.7544841766,23.5762691498,30.4223327637,44.3093528748,50.6417236328,62.3882865906,75.2221984863,43.9572944641,39.8331184387,42.4920082092,41.2146530151,31.5979251862,30.2037162781,27.2658195496,16.9414997101,9.20673274994,6.66315793991,3.34720420837,2.69976949692,1.95631289482,1.35339665413,0.708894312382,0.341820627451,0.135960310698,0.0672682449222,0.0118646305054,0.00131597556174,0.0000589489463891,0.0000456447996839],"median":[0.0361923351884,0.873313426971,4.82700395584,5.32259893417,23.1224632263,16.9074745178,7.35230207443,6.25220155716,6.26430988312,6.24235630035,7.33626651764,10.7827510834,13.6741962433,16.0352249146,18.1710014343,20.6039619446,24.5382652283,30.2190093994,24.8689651489,23.6047286987,28.3485088348,29.2837677002,22.0934314728,21.5833244324,19.6059761047,13.8854427338,7.32659912109,5.25608348846,2.78255057335,2.2309858799,1.55684876442,1.04779171944,0.555774450302,0.244469136,0.0904774069786,0.0392943695188,0.0062246164307,0.00074784446042,0.0000406532126362,0.00004375926801],"min":[1.54336327484e-15,7.7815959717e-15,2.20521978499e-14,4.05696730008e-14,5.44282365489e-14,5.48886125082e-14,4.23725623002e-14,2.52069602035e-14,8.66584161743e-15,1.16417089185e-14,9.41389842598e-14,2.30045312227e-13,1.98485488028e-13,8.60379747048e-14,1.38784261318e-13,1.58436116874e-13,9.51804173671e-13,1.23126693303e-12,1.66606279554e-12,2.98390283836e-12,2.33357734178e-12,4.96727767425e-13,4.60768738702e-13,1.6252407406e-12,4.12609920189e-12,6.90024990271e-12,4.99167243997e-12,3.93314981278e-12,4.88555506814e-12,1.48585950401e-12,3.8378488755e-12,3.59750358843e-12,5.55157092172e-12,1.63778864602e-12,1.95648900726e-12,1.58595402436e-12,8.49831218851e-13,2.77839762915e-13,1.10109797257e-13,9.46048472986e-15],"var":[0.00503566907719,1.97517728806,51.550655365,58.9263267517,1192.04907227,476.026977539,139.793518066,131.870071411,353.451141357,303.200622559,744.39654541,1263.24694824,996.741271973,2482.20263672,23784.5371094,10317.0117188,17847.2578125,20244.46875,3507.99707031,3337.95214844,2656.95898438,2099.41894531,1387.80029297,956.624084473,876.875854492,207.19972229,82.6581878662,41.6123962402,8.59298038483,5.49585390091,3.53161931038,2.36987257004,0.499523669481,0.153706952929,0.0240725837648,0.00674822553992,0.000240513938479,0.00000288171054308,5.12756681559e-9,3.52896767364e-10]},"erbbands_crest":{"dmean":2.19667029381,"dmean2":3.51050019264,"dvar":4.95242977142,"dvar2":11.6070194244,"max":32.1025085449,"mean":8.06454181671,"median":6.86608791351,"min":2.27655982971,"var":18.1794395447},"erbbands_flatness_db":{"dmean":0.0127368411049,"dmean2":0.0186841282994,"dvar":0.000135543014039,"dvar2":0.00027580477763,"max":0.470622748137,"mean":0.157786741853,"median":0.153681308031,"min":0.0280331391841,"var":0.00131591712125},"erbbands_kurtosis":{"dmean":0.685790598392,"dmean2":1.0805567503,"dvar":0.986107170582,"dvar2":2.18675684929,"max":76.4428634644,"mean":0.125121966004,"median":-0.366675019264,"min":-1.78375720978,"var":4.50987911224},"erbbands_skewness":{"dmean":0.269441276789,"dmean2":0.426714152098,"dvar":0.0582742467523,"dvar2":0.141296908259,"max":4.66968202591,"mean":-0.2368311584,"median":-0.250921279192,"min":-3.09943652153,"var":0.308933854103},"erbbands_spread":{"dmean":7.06812429428,"dmean2":11.1645402908,"dvar":41.5111885071,"dvar2":97.5582199097,"max":119.443611145,"mean":39.8751144409,"median":38.6960372925,"min":0.602092385292,"var":255.234893799},"gfcc":{"cov":[[4111.28320313,-350.318328857,-228.727127075,138.316711426,-283.420013428,282.526275635,-167.946762085,106.826446533,-147.238037109,71.9306640625,-63.2365112305,9.23494625092,-80.7741928101],[-350.318328857,810.236755371,-105.294380188,-117.657211304,148.930999756,-207.236419678,102.4765625,-132.537567139,89.2222290039,-87.0076980591,73.7550354004,-68.2979354858,38.5186538696],[-228.727127075,-105.294380188,400.817382813,74.3387451172,-56.2763900757,4.83183765411,-36.0690422058,57.561630249,10.6180181503,13.6577577591,-54.3141670227,35.9842262268,-8.59073543549],[138.316711426,-117.657211304,74.3387451172,174.16394043,12.4668922424,21.3231239319,-13.7931413651,14.9854812622,-4.78784132004,9.17488670349,-9.3595457077,1.99323928356,6.61437129974],[-283.420013428,148.930999756,-56.2763900757,12.4668922424,165.300140381,-6.95159006119,45.8414802551,-41.8441314697,16.6730117798,-13.9675674438,25.8252277374,-21.653711319,13.4561986923],[282.526275635,-207.236419678,4.83183765411,21.3231239319,-6.95159006119,174.415802002,14.6156702042,27.8198642731,-30.865442276,35.800743103,-6.89488506317,7.73838567734,-11.247628212],[-167.946762085,102.4765625,-36.0690422058,-13.7931413651,45.8414802551,14.6156702042,102.086662292,9.800740242,10.1344184875,-18.6766223907,20.6531352997,-8.04528903961,8.47420310974],[106.826446533,-132.537567139,57.561630249,14.9854812622,-41.8441314697,27.8198642731,9.800740242,118.603294373,17.7081565857,7.3141541481,-32.5188407898,26.2708473206,-7.77694797516],[-147.238037109,89.2222290039,10.6180181503,-4.78784132004,16.6730117798,-30.865442276,10.1344184875,17.7081565857,78.585067749,21.1576595306,6.95203828812,-8.63336753845,3.37745046616],[71.9306640625,-87.0076980591,13.6577577591,9.17488670349,-13.9675674438,35.800743103,-18.6766223907,7.3141541481,21.1576595306,83.7687301636,25.4364490509,5.14692211151,-16.0205135345],[-63.2365112305,73.7550354004,-54.3141670227,-9.3595457077,25.8252277374,-6.89488506317,20.6531352997,-32.5188407898,6.95203828812,25.4364490509,71.3850402832,8.6543302536,0.288505762815],[9.23494625092,-68.2979354858,35.9842262268,1.99323928356,-21.653711319,7.73838567734,-8.04528903961,26.2708473206,-8.63336753845,5.14692211151,8.6543302536,60.4139480591,12.7568817139],[-80.7741928101,38.5186538696,-8.59073543549,6.61437129974,13.4561986923,-11.247628212,8.47420310974,-7.77694797516,3.37745046616,-16.0205135345,0.288505762815,12.7568817139,39.7707633972]],"icov":[[0.00081649934873,-0.0020795725286,0.00142595462967,-0.00194766500499,0.00170551519841,-0.00238347542472,0.00223342305981,-0.00185590609908,0.00247418927029,-0.00169512466528,0.00188616162632,-0.00138173741288,0.0017509922618],[-0.0020795725286,0.0108252661303,-0.00475633423775,0.00769053027034,-0.00570881413296,0.00952823832631,-0.00860770326108,0.00820554699749,-0.0114435525611,0.00938118156046,-0.00953009724617,0.00746211921796,-0.0065232552588],[0.00142595462967,-0.00475633423775,0.0063418969512,-0.00552270654589,0.00380179658532,-0.0043850839138,0.00391659419984,-0.00323799997568,0.00424248306081,-0.00497669447213,0.00801131408662,-0.00661401776597,0.00549530284479],[-0.00194766500499,0.00769053027034,-0.00552270654589,0.0130047462881,-0.00625577755272,0.0067256228067,-0.00490892492235,0.00409790640697,-0.00680980738252,0.0059385090135,-0.0083321928978,0.00779328448698,-0.00836277473718],[0.00170551519841,-0.00570881413296,0.00380179658532,-0.00625577755272,0.0127220991999,-0.0065387012437,0.00214383844286,-0.00148808874656,0.00359345017932,-0.00313356029801,0.00405912846327,-0.00294025358744,0.00329938507639],[-0.00238347542472,0.00952823832631,-0.0043850839138,0.0067256228067,-0.0065387012437,0.0181261543185,-0.0118422340602,0.00614949408919,-0.00456957193092,0.000936215219554,-0.00463835895061,0.00583860417828,-0.00614438857883],[0.00223342305981,-0.00860770326108,0.00391659419984,-0.00490892492235,0.00214383844286,-0.0118422340602,0.0244896989316,-0.0132434051484,0.00793723575771,0.00028877906152,-0.002728727879,0.000124517377117,0.00207500718534],[-0.00185590609908,0.00820554699749,-0.00323799997568,0.00409790640697,-0.00148808874656,0.00614949408919,-0.0132434051484,0.0240236222744,-0.0157564654946,0.00581727130339,0.00403620395809,-0.00597478495911,0.00223326589912],[0.00247418927029,-0.0114435525611,0.00424248306081,-0.00680980738252,0.00359345017932,-0.00456957193092,0.00793723575771,-0.0157564654946,0.0336571075022,-0.019317375496,0.00882726442069,-0.000730548345018,0.000407406303566],[-0.00169512466528,0.00938118156046,-0.00497669447213,0.0059385090135,-0.00313356029801,0.000936215219554,0.00028877906152,0.00581727130339,-0.019317375496,0.0328807495534,-0.021128192544,0.0072532701306,0.000521994719747],[0.00188616162632,-0.00953009724617,0.00801131408662,-0.0083321928978,0.00405912846327,-0.00463835895061,-0.002728727879,0.00403620395809,0.00882726442069,-0.021128192544,0.0403934307396,-0.0208892915398,0.0120095126331],[-0.00138173741288,0.00746211921796,-0.00661401776597,0.00779328448698,-0.00294025358744,0.00583860417828,0.000124517377117,-0.00597478495911,-0.000730548345018,0.0072532701306,-0.0208892915398,0.0361382365227,-0.0197634678334],[0.0017509922618,-0.0065232552588,0.00549530284479,-0.00836277473718,0.00329938507639,-0.00614438857883,0.00207500718534,0.00223326589912,0.000407406303566,0.000521994719747,0.0120095126331,-0.0197634678334,0.0411645174026]],"mean":[27.1953163147,107.329872131,-133.020782471,47.7858390808,-44.1698684692,15.0990638733,-37.5372543335,2.50286197662,-31.7575378418,-7.12900924683,-18.5577411652,-6.82792901993,-12.2134618759]},"hfc":{"dmean":5.0333032608,"dmean2":7.67696762085,"dvar":35.9865760803,"dvar2":78.8640289307,"max":144.463775635,"mean":25.1524410248,"median":22.8361473083,"min":3.10978881535e-11,"var":183.434936523},"melbands":{"dmean":[0.000711211177986,0.00203805905767,0.00120783247985,0.00123399158474,0.000258457293967,0.000156692665769,0.000125042628497,0.0000825516544865,0.000082711201685,0.0000795522937551,0.0000652242379147,0.0000645876207273,0.0000734312779969,0.0000688426516717,0.0000699682714185,0.0000768261670601,0.0000755848232075,0.0000417016817664,0.0000308695962303,0.0000235830302699,0.0000259714706772,0.0000198960678972,0.0000183999418368,0.00000935494517762,0.00001171238182,0.00000865820220497,0.00000731582531444,0.00000431344960816,0.0000028062927413,0.00000162323078712,0.00000173227419964,7.51498362206e-7,6.89102421347e-7,5.40048233688e-7,4.89343051413e-7,4.93714139793e-7,3.11905807848e-7,2.11607840583e-7,1.044559923e-7,1.38618489132e-7],"dmean2":[0.00124008813873,0.00349131692201,0.00204062322155,0.00203241826966,0.000432771717897,0.00026486167917,0.00021078294958,0.000138464674819,0.00013539972133,0.0001282239391,0.00010651959019,0.000105038525362,0.000113473412057,0.000109367356345,0.000109760796477,0.00012032003724,0.000117441086331,0.0000656224001432,0.000048919886467,0.0000384211089113,0.0000427709892392,0.0000324393004121,0.0000302176449622,0.0000151849053509,0.0000193022915482,0.000013990726984,0.0000120397598948,0.00000717158991392,0.00000466263054477,0.00000264717004939,0.00000283389249489,0.00000121860739455,0.00000110776784368,8.59902684169e-7,7.92170112618e-7,8.19485933334e-7,5.0795296147e-7,3.32618782295e-7,1.60378334613e-7,2.24040078933e-7],"dvar":[8.54783024806e-7,0.00000742653355701,0.00000214840565604,0.00000235014340433,1.34394397833e-7,5.71303822028e-8,5.97110769718e-8,2.40602204826e-8,3.25011519919e-8,1.92078353223e-8,1.2223051904e-8,1.36464732847e-8,4.27143227455e-8,2.90184498652e-8,2.78176024437e-8,4.99963483946e-8,3.52450904018e-8,7.21732229536e-9,3.96607857667e-9,1.56875323842e-9,2.21178209081e-9,1.02861952289e-9,7.94323107289e-10,2.65715005554e-10,2.85871659678e-10,2.48109005563e-10,1.1347085771e-10,3.007228494e-11,1.76649493644e-11,7.74740948478e-12,6.89617633831e-12,1.14890757498e-12,1.11919729127e-12,4.52483184385e-13,4.69177919172e-13,2.32315143685e-12,3.50951418534e-13,1.03602910485e-13,2.31461222666e-14,1.14677364826e-13],"dvar2":[0.00000244358261625,0.0000208617784665,0.00000580110008741,0.00000611672658124,3.59066234523e-7,1.53828167981e-7,1.6115608048e-7,5.99946048396e-8,7.8143479243e-8,4.4583440939e-8,2.98438393997e-8,3.24397220197e-8,7.91403920175e-8,6.05842629398e-8,5.91597739685e-8,1.04489807029e-7,7.27768920683e-8,1.55467390073e-8,8.37940472564e-9,3.64579322287e-9,5.49260903426e-9,2.42682829388e-9,1.95703631078e-9,5.92733584437e-10,7.28745952472e-10,5.20782472702e-10,2.8696489629e-10,7.75405642472e-11,4.64312407966e-11,1.77135788676e-11,1.79136375872e-11,2.82397174221e-12,2.84594808657e-12,1.130741876e-12,1.21318059765e-12,6.67477444843e-12,9.74102309231e-13,2.5108761641e-13,5.55215731246e-14,3.16006552523e-13],"max":[0.0117733255029,0.0313750915229,0.0160815250129,0.0252416264266,0.00597419310361,0.00402263505384,0.00668354332447,0.00409879768267,0.00622915197164,0.00392700452358,0.00352130853571,0.00423095701262,0.0215735491365,0.00915015395731,0.00647935317829,0.00855575036258,0.0061530941166,0.00263845361769,0.0022467460949,0.00212495401502,0.00158208468929,0.00139059335925,0.00127160910051,0.00119916594122,0.000618256919552,0.00074598332867,0.000293047720334,0.000160057446919,0.000262071145698,0.000200311653316,0.0000751786064939,0.0000394456728827,0.0000352944261977,0.0000186589950317,0.0000122148276205,0.0000556083141419,0.000028232258046,0.0000120710219562,0.00000758657733968,0.000021128458684],"mean":[0.000901483232155,0.00308551429771,0.00211839750409,0.00252951285802,0.000394669303205,0.000227852418902,0.000180019807885,0.000119411728519,0.000132431057864,0.000137324255775,0.000116301700473,0.000116991046525,0.000150469291839,0.000123809048091,0.000129592604935,0.000145738071296,0.000144423218444,0.0000779511392466,0.0000567484312342,0.0000470966551802,0.0000511525868205,0.0000423088968091,0.0000383378173865,0.0000209606860153,0.0000252339959843,0.0000204093976208,0.0000167079469975,0.0000103910642792,0.00000661683861836,0.00000385923385693,0.00000378227537112,0.00000183486963579,0.00000164914683864,0.00000139133453558,0.00000116702267405,9.68494987319e-7,7.61732337651e-7,5.53099084755e-7,2.90371730216e-7,2.98129549492e-7],"median":[0.000563465058804,0.00218406436034,0.00165298604406,0.00170983443968,0.000274094752967,0.000151596264914,0.0000932245238801,0.0000636542390566,0.0000598617334617,0.0000675147457514,0.0000640840298729,0.0000610447896179,0.0000570365154999,0.0000538421300007,0.0000464891345473,0.000042895473598,0.0000513765044161,0.000036415134673,0.0000298323539027,0.0000288767478196,0.0000322805644828,0.0000284430898319,0.0000266885945166,0.000014185490727,0.0000171556966961,0.0000140780348374,0.0000118555853987,0.00000832452133182,0.00000505240404891,0.00000294212304652,0.00000288519777314,0.00000148469757733,0.00000129572549668,0.00000115179682325,9.17862166716e-7,6.89818421051e-7,5.91448269915e-7,4.21393792749e-7,2.26729909514e-7,1.94830789724e-7],"min":[1.38958219995e-17,1.13262640088e-17,7.52108926162e-18,4.04007997907e-18,1.67247193103e-18,5.75607536219e-19,1.09078588393e-19,1.78351113134e-19,9.14735405645e-19,1.50750812865e-18,9.63231350598e-19,3.25600545429e-19,4.57579719553e-19,2.65350234725e-19,1.02426921479e-18,2.53197152409e-18,2.20134908761e-18,2.52335705839e-18,3.08338852519e-18,4.98419911481e-18,1.99911955787e-18,4.23222927907e-19,2.43381713523e-19,7.89607639288e-19,1.28555944028e-18,1.79928533638e-18,4.93961077108e-18,4.30783875694e-18,3.07669580685e-18,1.9635900826e-18,2.66033651347e-18,3.50490983917e-18,9.0084363104e-19,7.57259293868e-19,1.93193987762e-18,2.96667458153e-18,1.77527786666e-18,3.2703451989e-18,3.97707528617e-18,6.71032177358e-19],"var":[9.11569543405e-7,0.00000891486797627,0.00000277657068182,0.00000630580416328,1.58687186058e-7,6.45154472068e-8,7.3962517888e-8,3.9129691487e-8,7.20020736367e-8,4.84899018716e-8,2.67384194785e-8,3.29915721409e-8,3.87662083767e-7,7.36616811992e-8,7.06705307607e-8,1.22229053545e-7,9.10968296353e-8,1.73169230067e-8,9.3027248127e-9,4.21117674065e-9,5.01393104813e-9,2.70730193819e-9,2.10590589411e-9,8.01934296746e-10,7.35769611904e-10,7.9669359998e-10,3.05552638746e-10,8.97924581911e-11,4.73402289591e-11,2.11072530981e-11,1.56082664154e-11,2.82648904282e-12,2.65485788735e-12,1.42623142029e-12,1.17271567891e-12,2.05200700182e-12,6.07115648987e-13,3.34608127881e-13,7.92523802118e-14,1.56126413881e-13]},"melbands_crest":{"dmean":3.37035059929,"dmean2":5.61079978943,"dvar":8.60370731354,"dvar2":23.4995384216,"max":37.3566627502,"mean":14.8245668411,"median":14.1707420349,"min":3.82547307014,"var":23.5184459686},"melbands_flatness_db":{"dmean":0.0245750136673,"dmean2":0.0401783697307,"dvar":0.000483276642626,"dvar2":0.00131894717924,"max":0.527306616306,"mean":0.1942486763,"median":0.187195450068,"min":0.0376467704773,"var":0.00298125646077},"melbands_kurtosis":{"dmean":6.37825632095,"dmean2":10.3946914673,"dvar":127.994682312,"dvar2":356.889343262,"max":736.936706543,"mean":12.4567518234,"median":7.06779575348,"min":-1.80293679237,"var":347.305023193},"melbands_skewness":{"dmean":0.759021401405,"dmean2":1.21473765373,"dvar":0.521986663342,"dvar2":1.33828222752,"max":25.1977958679,"mean":2.79709982872,"median":2.58762478828,"min":-5.02696037292,"var":2.61626219749},"melbands_spread":{"dmean":7.08864021301,"dmean2":11.3829898834,"dvar":49.8910484314,"dvar2":123.704399109,"max":182.280029297,"mean":25.0163860321,"median":22.1956501007,"min":0.62581038475,"var":227.181869507},"mfcc":{"cov":[[2747.23950195,-522.203186035,-7.55494117737,-154.544311523,-38.414188385,58.708820343,48.7065849304,4.46754074097,-46.3081359863,46.6821212769,21.282245636,18.0291881561,-43.4685592651],[-522.203186035,824.255310059,-169.354064941,69.8981399536,-21.0842838287,-26.342628479,-37.8541984558,-15.8951721191,-13.3856601715,-31.1313896179,2.11473870277,0.496408492327,25.8772277832],[-7.55494117737,-169.354064941,372.317321777,28.9588489532,11.0816669464,-24.0735721588,-31.5958652496,15.7131462097,36.4836196899,-3.19066643715,-7.9350104332,15.2863340378,6.98575544357],[-154.544311523,69.8981399536,28.9588489532,173.411407471,37.2680969238,-14.1911211014,-13.6905345917,2.33470416069,6.20299959183,-5.41257810593,-13.2637014389,-3.52394843102,11.3329486847],[-38.414188385,-21.0842838287,11.0816669464,37.2680969238,91.7655181885,32.0183525085,-0.00387508445419,-4.55356693268,8.30628108978,7.18056440353,0.664048671722,-5.31876420975,-3.25883746147],[58.708820343,-26.342628479,-24.0735721588,-14.1911211014,32.0183525085,115.967529297,49.8942947388,-19.6766223907,-16.7128734589,15.0961208344,10.6928768158,-2.34394669533,-11.6816749573],[48.7065849304,-37.8541984558,-31.5958652496,-13.6905345917,-0.00387508445419,49.8942947388,95.9903640747,28.915971756,-7.17767047882,5.15764093399,2.25837516785,-3.14366936684,-5.89455747604],[4.46754074097,-15.8951721191,15.7131462097,2.33470416069,-4.55356693268,-19.6766223907,28.915971756,83.6590957642,38.9269294739,-7.03916931152,-7.77522802353,-3.59151697159,2.84682917595],[-46.3081359863,-13.3856601715,36.4836196899,6.20299959183,8.30628108978,-16.7128734589,-7.17767047882,38.9269294739,71.8952789307,20.7757797241,-2.23551821709,-3.45860385895,-0.760275602341],[46.6821212769,-31.1313896179,-3.19066643715,-5.41257810593,7.18056440353,15.0961208344,5.15764093399,-7.03916931152,20.7757797241,64.3120498657,27.8430709839,-0.713926315308,-9.04100227356],[21.282245636,2.11473870277,-7.9350104332,-13.2637014389,0.664048671722,10.6928768158,2.25837516785,-7.77522802353,-2.23551821709,27.8430709839,54.8972663879,21.4816856384,-1.11786174774],[18.0291881561,0.496408492327,15.2863340378,-3.52394843102,-5.31876420975,-2.34394669533,-3.14366936684,-3.59151697159,-3.45860385895,-0.713926315308,21.4816856384,51.4699401855,24.8038768768],[-43.4685592651,25.8772277832,6.98575544357,11.3329486847,-3.25883746147,-11.6816749573,-5.89455747604,2.84682917595,-0.760275602341,-9.04100227356,-1.11786174774,24.8038768768,53.5753822327]],"icov":[[0.000455267116195,0.000270227872534,0.0000906679051695,0.000207670338568,0.00017474280321,-0.000206593045732,0.0002529398771,-0.000456722715171,0.000622530584224,-0.000507208460476,0.000297246413538,-0.000430672982475,0.000329623493599],[0.000270227872534,0.00172046769876,0.000885425193701,-0.000711697211955,0.000768831116147,-0.000361051294021,0.000859541993123,-0.0000338596801157,-0.000234508042922,0.000883093103766,-0.000755411980208,0.000239683096879,-0.000493271159939],[0.0000906679051695,0.000885425193701,0.00346882129088,-0.000751929357648,0.000212328683119,-0.000244771013968,0.00132828520145,-0.000206614553463,-0.00158848334104,0.000778611400165,0.000291220436338,-0.0013665119186,0.000216902481043],[0.000207670338568,-0.000711697211955,-0.000751929357648,0.00738946394995,-0.00359703204595,0.00155451707542,-0.000237413565628,-0.000358433957445,0.00110334937926,-0.001239300007,0.00195476040244,0.0000544617359992,-0.00101764919236],[0.00017474280321,0.000768831116147,0.000212328683119,-0.00359703204595,0.0149145293981,-0.00599392736331,0.00279051461257,-0.000204289928661,-0.00244290730916,0.00071566022234,-0.00112756702583,0.00145379942842,-0.000188699996215],[-0.000206593045732,-0.000361051294021,-0.000244771013968,0.00155451707542,-0.00599392736331,0.016373379156,-0.0104078399017,0.00702508632094,-0.000320991501212,-0.000858624523971,-0.000777524430305,-0.0000857122213347,0.00127095181961],[0.0002529398771,0.000859541993123,0.00132828520145,-0.000237413565628,0.00279051461257,-0.0104078399017,0.0212015267462,-0.0133948205039,0.00744883995503,-0.00391893275082,0.00189360545482,-0.000931008777115,0.000526820425875],[-0.000456722715171,-0.0000338596801157,-0.000206614553463,-0.000358433957445,-0.000204289928661,0.00702508632094,-0.0133948205039,0.0269459933043,-0.0172083824873,0.00961926672608,-0.00367295485921,0.00287000765093,-0.00166397390421],[0.000622530584224,-0.000234508042922,-0.00158848334104,0.00110334937926,-0.00244290730916,-0.000320991501212,0.00744883995503,-0.0172083824873,0.0297542922199,-0.0152023192495,0.00705218175426,-0.00243260269053,0.00123762572184],[-0.000507208460476,0.000883093103766,0.000778611400165,-0.001239300007,0.00071566022234,-0.000858624523971,-0.00391893275082,0.00961926672608,-0.0152023192495,0.0300243273377,-0.0169572811574,0.00704687135294,-0.000528790988028],[0.000297246413538,-0.000755411980208,0.000291220436338,0.00195476040244,-0.00112756702583,-0.000777524430305,0.00189360545482,-0.00367295485921,0.00705218175426,-0.0169572811574,0.03400753811,-0.0173283871263,0.00629057269543],[-0.000430672982475,0.000239683096879,-0.0013665119186,0.0000544617359992,0.00145379942842,-0.0000857122213347,-0.000931008777115,0.00287000765093,-0.00243260269053,0.00704687135294,-0.0173283871263,0.0351325497031,-0.0159560013562],[0.000329623493599,-0.000493271159939,0.000216902481043,-0.00101764919236,-0.000188699996215,0.00127095181961,0.000526820425875,-0.00166397390421,0.00123762572184,-0.000528790988028,0.00629057269543,-0.0159560013562,0.0272167474031]],"mean":[-605.799316406,126.762054443,-17.5837249756,34.7096405029,12.0951404572,12.5054388046,6.84709405899,6.299077034,-3.82496595383,0.447443604469,-7.07031774521,-4.03813123703,-6.07976531982]},"pitch_salience":{"dmean":0.0706033855677,"dmean2":0.116663530469,"dvar":0.00390565511771,"dvar2":0.0107025597245,"max":0.931831359863,"mean":0.568987309933,"median":0.577897131443,"min":0.0728782787919,"var":0.00983098801225},"silence_rate_20dB":{"dmean":0,"dmean2":0,"dvar":0,"dvar2":0,"max":1,"mean":1,"median":1,"min":1,"var":0},"silence_rate_30dB":{"dmean":0.000126386294141,"dmean2":0.000252780591836,"dvar":0.000126368860947,"dvar2":0.000252710829955,"max":1,"mean":0.999589264393,"median":1,"min":0,"var":0.000410568667576},"silence_rate_60dB":{"dmean":0.000442352058599,"dmean2":0.000853134493809,"dvar":0.000442179356469,"dvar2":0.00110514450353,"max":1,"mean":0.00644549774006,"median":0,"min":0,"var":0.00640401104465},"spectral_centroid":{"dmean":242.952789307,"dmean2":387.714172363,"dvar":48802.859375,"dvar2":125237.765625,"max":4000.08007813,"mean":1391.39562988,"median":1363.05688477,"min":169.029983521,"var":275345.21875},"spectral_complexity":{"dmean":3.89712166786,"dmean2":6.11871194839,"dvar":10.7126817703,"dvar2":24.6497764587,"max":59,"mean":28.5576305389,"median":29,"min":0,"var":71.0202941895},"spectral_contrast_coeffs":{"dmean":[0.0561474263668,0.0465840660036,0.0371559299529,0.030769051984,0.0199639052153,0.0143696628511],"dmean2":[0.0924847498536,0.0786022171378,0.0615276992321,0.0498706251383,0.033141516149,0.024117777124],"dvar":[0.0019870554097,0.00134788104333,0.000866712885909,0.000666865264066,0.00025325929164,0.000133742563776],"dvar2":[0.00540917878971,0.0038134183269,0.00229324609973,0.00161063182168,0.000675206189044,0.000366271997336],"max":[-0.312159359455,-0.467380285263,-0.385691523552,-0.542732775211,-0.60092061758,-0.63571792841],"mean":[-0.57799243927,-0.77229654789,-0.787684798241,-0.782250106335,-0.786078751087,-0.747377634048],"median":[-0.579462170601,-0.776665687561,-0.79505366087,-0.793685674667,-0.789691507816,-0.746884226799],"min":[-0.956726133823,-0.958287119865,-0.95791465044,-0.964267671108,-0.93822658062,-0.926821053028],"var":[0.00556753156707,0.00297039165162,0.00298294844106,0.00309403659776,0.000988399959169,0.000597032834776]},"spectral_contrast_valleys":{"dmean":[0.442427247763,0.379236638546,0.295909911394,0.245066314936,0.171298131347,0.167250990868],"dmean2":[0.715943872929,0.621555268764,0.482524633408,0.393866181374,0.27678912878,0.242313742638],"dvar":[0.123155072331,0.0985604003072,0.055771227926,0.0407676883042,0.0238064881414,0.0252969879657],"dvar2":[0.315239787102,0.260601907969,0.142425239086,0.0989284142852,0.0564533807337,0.0530195385218],"max":[-5.30535888672,-4.87604618073,-5.30781984329,-5.55154037476,-5.51787042618,-8.45398807526],"mean":[-6.88357639313,-6.51839971542,-6.81079292297,-6.98701953888,-6.88711071014,-10.0941772461],"median":[-6.82815551758,-6.48453521729,-6.77241325378,-6.92150592804,-6.7775182724,-9.86862564087],"min":[-21.0110645294,-23.0859298706,-22.4609603882,-21.4331474304,-21.5326652527,-22.7966327667],"var":[0.553032279015,0.503476023674,0.464651912451,0.429266512394,0.438551604748,0.745608448982]},"spectral_decrease":{"dmean":2.92164026305e-9,"dmean2":4.8170125666e-9,"dvar":9.87077850964e-18,"dvar2":2.61989176558e-17,"max":4.11604995814e-23,"mean":-9.29415300277e-9,"median":-8.79060024772e-9,"min":-3.59812233341e-8,"var":1.70785664968e-17},"spectral_energy":{"dmean":0.0113028530031,"dmean2":0.0185894183815,"dvar":0.000145576763316,"dvar2":0.000384713872336,"max":0.138074994087,"mean":0.0373596325517,"median":0.0355184003711,"min":2.66531770579e-15,"var":0.000261553999735},"spectral_energyband_high":{"dmean":0.000166396799614,"dmean2":0.000256289145909,"dvar":4.31735394102e-8,"dvar2":1.02162907467e-7,"max":0.0059293624945,"mean":0.000611211289652,"median":0.000540842127521,"min":1.90583747209e-15,"var":2.07325257406e-7},"spectral_energyband_low":{"dmean":0.00745846750215,"dmean2":0.0127499699593,"dvar":0.0000932338953135,"dvar2":0.000260893109953,"max":0.112240098417,"mean":0.0119664901868,"median":0.00885813124478,"min":8.35564782893e-17,"var":0.000110893204692},"spectral_energyband_middle_high":{"dmean":0.00247792946175,"dmean2":0.00378319364972,"dvar":0.0000123920854094,"dvar2":0.0000260042997979,"max":0.134634941816,"mean":0.00922823790461,"median":0.00717808771878,"min":3.06701498127e-16,"var":0.0000639396093902},"spectral_energyband_middle_low":{"dmean":0.00689646648243,"dmean2":0.0113260122016,"dvar":0.0000644335232209,"dvar2":0.000170239392901,"max":0.100140243769,"mean":0.0166142433882,"median":0.0137529391795,"min":5.03390191628e-17,"var":0.000132012894028},"spectral_entropy":{"dmean":0.103347197175,"dmean2":0.161097630858,"dvar":0.00835220515728,"dvar2":0.0205256380141,"max":8.91139316559,"mean":7.64003562927,"median":7.68718719482,"min":5.29790687561,"var":0.0749142318964},"spectral_flux":{"dmean":0.0265430416912,"dmean2":0.0401975139976,"dvar":0.000619439932052,"dvar2":0.00126752478536,"max":0.313405632973,"mean":0.100023031235,"median":0.0946228057146,"min":0.00000729535531718,"var":0.0016121622175},"spectral_kurtosis":{"dmean":1.48177599907,"dmean2":2.62617635727,"dvar":3.01978039742,"dvar2":9.36500835419,"max":47.6521072388,"mean":4.47900724411,"median":3.91420841217,"min":0.69819611311,"var":6.41818141937},"spectral_rms":{"dmean":0.000891461619176,"dmean2":0.00144853629172,"dvar":7.68235622672e-7,"dvar2":0.00000200510385184,"max":0.0116063477471,"mean":0.0058844848536,"median":0.00588660314679,"min":1.61254765096e-9,"var":0.00000182132646387},"spectral_rolloff":{"dmean":382.5909729,"dmean2":647.481811523,"dvar":199671.578125,"dvar2":500239.65625,"max":19121.484375,"mean":1336.390625,"median":1313.52539063,"min":21.533203125,"var":938606.5},"spectral_skewness":{"dmean":0.171390667558,"dmean2":0.296639472246,"dvar":0.0263423137367,"dvar2":0.0793274566531,"max":4.91206979752,"mean":1.3825353384,"median":1.34862852097,"min":0.344570070505,"var":0.0899266377091},"spectral_spread":{"dmean":259445.859375,"dmean2":392857.40625,"dvar":51540303872,"dvar2":117018673152,"max":11809813,"mean":3707287,"median":3641585,"min":1354213.25,"var":737017921536},"spectral_strongpeak":{"dmean":0.63715004921,"dmean2":1.10782063007,"dvar":1.56312870979,"dvar2":3.86633253098,"max":14.8687419891,"mean":1.11959469318,"median":0.630219578743,"min":0,"var":2.53041362762},"zerocrossingrate":{"dmean":0.00687265628949,"dmean2":0.00891721155494,"dvar":0.000034985197999,"dvar2":0.0000575158592255,"max":0.486328125,"mean":0.0524264276028,"median":0.05126953125,"min":0.00390625,"var":0.000455572677311}},"metadata":{"audio_properties":{"analysis_sample_rate":44100,"bit_rate":184070,"codec":"mp3","downmix":"mix","equal_loudness":0,"length":734.876708984,"lossless":false,"md5_encoded":"84fcb622df9c725deb036b57b856016c","replay_gain":-8.64952278137,"sample_rate":44100},"tags":{"acoustid_id":["c9dbcd56-dbc1-47ab-8d73-727eb767551f"],"album":["Ridicule"],"albumartist":["Hawkwind"],"albumartistsort":["Hawkwind"],"artist":["Hawkwind"],"artistsort":["Hawkwind"],"barcode":["5013145500125"],"catalognumber":["OBSESS CD1"],"contentgroup":["Rock"],"date":["1990"],"discnumber":["1/1"],"file_name":"02 -  Brainstorm.mp3","genre":["Rock; Space Rock; Psychedelic Rock; Progressive Rock; Psychedelic"],"label":["Obsession Music"],"media":["CD"],"musicbrainz album release country":["GB"],"musicbrainz album status":["official"],"musicbrainz album type":["album"],"musicbrainz_albumartistid":["5a28f8c2-31fb-4047-ae57-c5c326989262"],"musicbrainz_albumid":["3fe8c00d-356e-4fc5-993c-3bcf36f32bfd"],"musicbrainz_artistid":["5a28f8c2-31fb-4047-ae57-c5c326989262"],"musicbrainz_recordingid":["89bfdcb3-73da-4d8b-87b0-7a705a6cacda"],"musicbrainz_releasegroupid":["3ee7ebae-c95f-4344-afd5-c304eefd519b"],"originaldate":["1990"],"originalyear":["1990"],"script":["Latn"],"title":["Brainstorm"],"tracknumber":["2/5"]},"version":{"essentia":"2.1-beta2","essentia_build_sha":"2d9f1f26377add8aeb1075a9c2973f962c4f09fd","essentia_git_sha":"v2.1_beta2-1-ge3940c0","extractor":"music 1.0"}},"rhythm":{"beats_count":1773,"beats_loudness":{"dmean":0.0131787974387,"dmean2":0.0227122530341,"dvar":0.000120133343444,"dvar2":0.00035269340151,"max":0.134885340929,"mean":0.0409651435912,"median":0.0397525019944,"min":1.34164124255e-9,"var":0.000197372573894},"beats_loudness_band_ratio":{"dmean":[0.153448089957,0.134120032191,0.0465723350644,0.0832352936268,0.0556880608201,0.0202786400914],"dmean2":[0.264247715473,0.23276142776,0.081344999373,0.145333260298,0.0966683924198,0.0355