{"lowlevel":{"average_loudness":0.84900444746,"barkbands":{"dmean":[0.00000715290025255,0.0014522097772,0.00180498091504,0.00105457054451,0.0012299597729,0.000683897116687,0.00060358166229,0.000517157139257,0.000696819275618,0.000806542229839,0.000633267161902,0.000724457029719,0.000579817336984,0.000805014686193,0.000541643414181,0.000335204269504,0.000258762331214,0.000220275222091,0.0000951982656261,0.0000621148283244,0.000068805013143,0.000075242613093,0.0000236545274674,0.000014278015442,0.0000050910034588,0.00000215764634959,6.22409430662e-8],"dmean2":[0.0000118946181829,0.0025439648889,0.00307341082953,0.00179487303831,0.00195780349895,0.00107819540426,0.00093475880567,0.000814345199615,0.00107008265331,0.00124165683519,0.000948543834966,0.00108119228389,0.000886874739081,0.00126580276992,0.0008418278303,0.000502515176777,0.000407271727454,0.000331344344886,0.00014686214854,0.0000966994120972,0.000106904015411,0.000118594674859,0.0000353244722646,0.0000209542831726,0.00000753789345254,0.00000328024975715,9.3386432809e-8],"dvar":[1.64142602288e-10,0.00000468838061352,0.0000116764640552,0.00000347717218574,0.00000345049761563,0.00000111192252916,0.00000122727840335,8.13331496374e-7,0.00000300248461826,0.00000660695513943,0.00000544201157027,0.00000557836483495,0.00000474018952445,0.00000405774790124,0.00000306914512294,0.00000222954622586,4.73031604997e-7,5.04640013332e-7,3.87219536435e-8,1.69570633091e-8,2.55022936102e-8,4.4362824525e-8,4.90211515825e-9,2.38618413917e-9,4.7565090755e-10,4.29165349092e-11,2.48015295774e-14],"dvar2":[4.34916019865e-10,0.0000139869944178,0.000030596365832,0.00000956617441261,0.00000859722968016,0.00000274755643659,0.00000283096210296,0.00000197005078917,0.0000065115095822,0.0000145185485962,0.000010612123333,0.0000114215663416,0.00000993610956357,0.00000942504266277,0.00000667746235194,0.00000498259032611,0.0000011088309293,0.00000107238031433,8.34721802789e-8,3.94184311858e-8,5.89695936526e-8,1.10222302396e-7,1.03172439481e-8,4.94583130006e-9,8.41159197851e-10,1.03288259889e-10,5.62202228402e-14],"max":[0.000146691891132,0.0217381566763,0.0578473955393,0.0480715185404,0.0504157282412,0.0398912504315,0.0394309572875,0.0213201232255,0.0538502372801,0.0528017133474,0.0601129047573,0.058962136507,0.081665687263,0.0528455302119,0.0456179119647,0.0469376072288,0.0248778332025,0.0198131706566,0.00486929621547,0.00301959132776,0.00365136819892,0.00310419686139,0.00297118513845,0.00229723448865,0.00138742604759,0.00010999503138,0.00000227504870054],"mean":[0.0000091232241175,0.00231549167074,0.00269127544016,0.00167405500542,0.00294496794231,0.00152019923553,0.00138645176776,0.00112030550372,0.00118267035577,0.00135154114105,0.00120036082808,0.00129251333419,0.00091348902788,0.00138523965143,0.000907913956326,0.000497695233207,0.000475715496577,0.000365241779946,0.000206211407203,0.000127312130644,0.00011687582446,0.000105049984995,0.0000407670268032,0.000023238160793,0.00000741690200812,0.00000244082070822,8.16586194219e-8],"median":[0.00000454783548776,0.00159557582811,0.00114318914711,0.000661244441289,0.00163487775717,0.00111042207573,0.000870972813573,0.000636550656054,0.000585641304497,0.000503321993165,0.000230430450756,0.000362810358638,0.000258219719399,0.000638345023617,0.000358971039532,0.000165939811268,0.000249024073128,0.000117314128147,0.000136144793942,0.0000706912906026,0.0000446633093816,0.0000319594400935,0.0000115619677672,0.00000625476786809,0.00000159187243298,4.5851129471e-7,1.41061722303e-8],"min":[1.32207220562e-24,5.24334228912e-24,9.48556131937e-25,1.84387144973e-24,1.73393346684e-23,2.93776770928e-24,7.86538656488e-24,6.77220205509e-24,1.28901796734e-23,1.73561531829e-23,1.52375694032e-23,3.329657872e-23,2.11787096501e-23,3.9679179729e-23,5.81867905768e-23,4.82346286816e-23,8.77713779964e-23,1.24919178811e-22,1.10371801169e-22,1.55680412224e-22,2.72420908362e-22,3.63927586921e-22,4.15478725688e-22,5.89431718697e-22,9.28720465867e-22,1.27113587901e-21,2.01443238029e-21],"var":[1.95076552134e-10,0.00000625738357485,0.000020886245693,0.00000730014608052,0.0000152696666191,0.00000249126992458,0.00000313387272399,0.00000212289273804,0.00000558341207579,0.0000124547377709,0.0000194960011868,0.0000144978084791,0.0000089370932983,0.00000732833950678,0.00000510484642291,0.00000344465547641,0.00000110005123588,9.65898607319e-7,8.63793090389e-8,3.53913414131e-8,4.14146406058e-8,5.42461400244e-8,1.22962182658e-8,4.22499146779e-9,8.53889625674e-10,4.45980752328e-11,3.52932337218e-14]},"barkbands_crest":{"dmean":2.01223278046,"dmean2":3.25000905991,"dvar":3.85984492302,"dvar2":9.20241260529,"max":25.2419681549,"mean":8.47419261932,"median":7.57645368576,"min":2.44400501251,"var":13.004942894},"barkbands_flatness_db":{"dmean":0.0180121455342,"dmean2":0.0259634424001,"dvar":0.000386154744774,"dvar2":0.000729861319996,"max":0.521130025387,"mean":0.168318122625,"median":0.148269310594,"min":0.0240189712495,"var":0.00582449138165},"barkbands_kurtosis":{"dmean":2.18222856522,"dmean2":3.35075807571,"dvar":73.3958740234,"dvar2":154.048583984,"max":274.603729248,"mean":4.03558540344,"median":0.636787116528,"min":-1.94994914532,"var":292.714630127},"barkbands_skewness":{"dmean":0.409037262201,"dmean2":0.619835734367,"dvar":0.268170803785,"dvar2":0.540176808834,"max":13.3784866333,"mean":0.993190824986,"median":0.907190024853,"min":-2.58280730247,"var":1.57144129276},"barkbands_spread":{"dmean":3.61061668396,"dmean2":5.50403785706,"dvar":21.1900310516,"dvar2":44.7267494202,"max":94.8816452026,"mean":17.7937412262,"median":17.8350448608,"min":0.366032630205,"var":82.5286331177},"dissonance":{"dmean":0.0214820168912,"dmean2":0.036161288619,"dvar":0.000459212664282,"dvar2":0.0012508026557,"max":0.499927818775,"mean":0.448358774185,"median":0.460076034069,"min":0.134717687964,"var":0.00225214194506},"dynamic_complexity":3.89423394203,"erbbands":{"dmean":[0.0206862203777,0.407631963491,1.79904866219,2.75200104713,5.00350236893,3.34088659286,3.45504236221,6.08784151077,7.84932041168,13.9194717407,9.67916297913,16.4005451202,27.2013988495,18.6110572815,24.1436977386,32.4615783691,25.8510379791,40.2519340515,29.3587760925,23.6516990662,15.9405860901,11.5169420242,11.687869072,7.1796298027,4.02498340607,2.88967680931,2.21291589737,3.61830615997,2.97378110886,0.932870566845,0.59157460928,0.522405683994,0.140107750893,0.0755834057927,0.0269626937807,0.0110399555415,0.0037665751297,0.000217990353121,0.0000141685350172,0.00000698945132172],"dmean2":[0.0353276580572,0.718478560448,3.10052442551,4.64544296265,7.95643234253,5.5228266716,5.61514425278,9.7165222168,12.5604696274,20.8047790527,15.508436203,25.407995224,42.305316925,27.8564243317,35.7535972595,47.9821243286,38.3962669373,62.482460022,45.0189056396,36.4305839539,23.3489551544,17.2960910797,17.3150424957,11.0028476715,6.2030081749,4.43398857117,3.37024331093,5.68010997772,4.70049524307,1.43903446198,0.870064973831,0.765748023987,0.205433771014,0.111266382039,0.0400107763708,0.0165025461465,0.00579030811787,0.000320898368955,0.0000207292323466,0.000010522161574],"dvar":[0.00104481121525,0.378292649984,11.1580286026,23.1721553802,70.6822280884,27.100484848,29.2878875732,115.777000427,205.431213379,597.596923828,433.757415771,2137.78637695,7569.11474609,5406.39160156,7714.29345703,10701.9970703,10197.9121094,10523.7099609,7041.74169922,11638.71875,3029.27270508,994.923400879,1432.99072266,365.585876465,76.6852264404,43.2748069763,37.0511131287,87.1876144409,70.0797424316,8.76045131683,3.19819378853,2.34991049767,0.40485227108,0.10072106123,0.0169660728425,0.00108932401054,0.000144478690345,2.8812206665e-7,9.38814914697e-10,8.00618529806e-11],"dvar2":[0.00314180413261,1.12680590153,30.631319046,62.5825767517,171.169921875,74.8503341675,73.0986785889,293.989898682,532.382568359,1310.25317383,1114.43493652,4624.88671875,17315.3378906,10866.7060547,14731.9960938,20672.5058594,20951.1328125,24690.5410156,15144.1660156,27672.8886719,5587.99414063,1997.11730957,3054.26000977,773.3125,169.776062012,101.430046082,78.2088623047,213.18862915,174.092605591,21.9592380524,6.48928785324,4.88545227051,0.867435991764,0.187579348683,0.0309877172112,0.00252894265577,0.000352568400558,6.52627079489e-7,2.09256167949e-9,1.68817640422e-10],"max":[0.340992718935,6.13942861557,46.0011329651,104.272895813,227.984832764,71.5474624634,92.9317703247,477.002410889,377.332214355,553.622070313,702.00592041,1678.54016113,2100.24780273,2700.39624023,2558.63720703,3055.25830078,4513.17041016,2998.75732422,2221.46435547,3965.52856445,1942.02087402,1620.36022949,1033.30847168,768.834716797,284.894683838,200.320861816,253.341003418,132.544128418,111.606338501,132.085159302,60.6300430298,49.0594024658,32.5388679504,19.2914123535,9.0501871109,0.958774864674,0.191356629133,0.00772281503305,0.000389987893868,0.000113222449727],"mean":[0.0347790569067,0.649071156979,2.75645136833,4.77636480331,10.6387310028,7.45507240295,7.25631952286,12.3940248489,17.1974029541,31.8716468811,21.5724010468,28.8416080475,46.8587303162,32.9989624023,45.9005889893,60.4776153564,46.0338973999,72.7210235596,54.3630371094,38.0436820984,29.9556446075,23.915769577,20.6267757416,14.2588071823,9.10248374939,6.11248159409,4.21554899216,5.39827013016,4.08264923096,1.63526308537,1.04536175728,0.802665472031,0.241932913661,0.111736796796,0.0387207120657,0.0136230466887,0.0040812403895,0.000278434716165,0.0000290758507617,0.0000291967571684],"median":[0.0245365407318,0.443730443716,1.38530099392,2.14027929306,3.79628038406,4.8154335022,4.74499893188,8.71701335907,11.1830558777,17.7994842529,14.0311508179,14.2570552826,18.8293304443,10.0519685745,12.2434511185,19.7099647522,17.1234893799,34.1081504822,27.8273696899,14.5721311569,12.7576656342,12.0504388809,7.72570848465,7.31276035309,5.82501363754,3.42904853821,1.97658348083,1.73231363297,1.24536144733,0.523077845573,0.2941429317,0.204953297973,0.0620908737183,0.0247042886913,0.00806149002165,0.00272054644302,0.000732660351787,0.0000544927497685,0.0000184885066119,0.0000267827290372],"min":[2.5600126718e-22,1.13143303032e-21,2.1072965307e-21,1.00379352841e-20,1.70097511445e-20,3.9485573169e-20,3.7424193846e-20,2.44927387739e-20,8.7865380025e-20,1.70265370948e-19,3.7643723057e-19,3.10584373878e-19,5.55393878686e-19,6.73071436062e-19,1.04020154057e-18,1.55659364658e-18,1.80421367847e-18,2.38177806552e-18,3.10279976582e-18,3.49737215584e-18,3.89548384491e-18,5.53346523952e-18,7.20370254213e-18,6.0365813035e-18,7.09172131234e-18,7.6280106276e-18,9.95427412067e-18,1.03002349672e-17,1.24810718368e-17,9.70193274864e-18,1.26059661832e-17,1.12741135799e-17,9.68926034166e-18,8.99748671384e-18,6.63046844558e-18,4.31890726072e-18,2.18567608296e-18,8.62406615926e-19,2.55717716492e-19,2.69307001486e-20],"var":[0.00142700702418,0.493952780962,15.8560714722,56.2259292603,311.92086792,74.1124801636,73.8313674927,200.696533203,407.598297119,1750.60571289,754.583190918,3829.31518555,14215.984375,12446.0244141,24007.34375,29348.9316406,19151.7382813,20155.1914063,12032.0683594,15195.6611328,8636.94238281,3039.30102539,2743.66723633,831.945007324,172.214035034,86.0173721313,65.5000152588,111.885246277,81.5144424438,19.3300991058,8.07591819763,4.04812669754,0.69136929512,0.179660096765,0.0278156511486,0.00130547583103,0.000141599652125,3.94402547954e-7,1.50801504617e-9,4.27006402459e-10]},"erbbands_crest":{"dmean":2.4853079319,"dmean2":3.92959499359,"dvar":6.33584976196,"dvar2":14.4772481918,"max":32.7987480164,"mean":10.0672540665,"median":8.72018241882,"min":2.54227113724,"var":24.8910655975},"erbbands_flatness_db":{"dmean":0.0179207529873,"dmean2":0.0248649194837,"dvar":0.000392289832234,"dvar2":0.00067853811197,"max":0.434985488653,"mean":0.206749588251,"median":0.197500780225,"min":0.0555838309228,"var":0.00324798864312},"erbbands_kurtosis":{"dmean":1.27165567875,"dmean2":1.90471541882,"dvar":11.4910593033,"dvar2":22.9266471863,"max":130.865890503,"mean":2.14738249779,"median":-0.00184233323671,"min":-1.89834117889,"var":91.0935211182},"erbbands_skewness":{"dmean":0.337482988834,"dmean2":0.503814101219,"dvar":0.150229468942,"dvar2":0.28625062108,"max":9.58378314972,"mean":0.31205534935,"median":0.144453421235,"min":-5.53917884827,"var":1.39636814594},"erbbands_spread":{"dmean":5.46728420258,"dmean2":8.28872394562,"dvar":52.420879364,"dvar2":112.00466156,"max":162.609939575,"mean":27.0935745239,"median":25.4994659424,"min":1.63160741329,"var":250.615509033},"gfcc":{"cov":[[20373.3300781,-300.419281006,-3451.18579102,1093.14367676,-776.718505859,820.103027344,-400.390655518,-81.8885574341,-350.907470703,42.2710571289,-136.506057739,-100.828826904,-418.987609863],[-300.419281006,1454.73815918,-144.424697876,-349.891448975,391.453430176,-379.038360596,119.067451477,-45.4678344727,98.1337203979,-107.734886169,149.905731201,-121.439628601,120.135742188],[-3451.18579102,-144.424697876,1598.27758789,188.6275177,24.9090518951,78.9447937012,-17.6081142426,-0.6240452528,73.8616714478,23.8452968597,-151.432312012,18.6973304749,-34.6226768494],[1093.14367676,-349.891448975,188.6275177,538.961486816,-33.4146461487,211.761459351,-27.4548683167,-50.300743103,2.51948881149,5.22211408615,-81.5891571045,-17.7114486694,-91.1220474243],[-776.718505859,391.453430176,24.9090518951,-33.4146461487,439.20324707,-53.7986793518,84.0439758301,-37.7066383362,32.7721977234,-26.4719104767,61.2800636292,-28.9657649994,28.8331604004],[820.103027344,-379.038360596,78.9447937012,211.761459351,-53.7986793518,312.589172363,1.61815619469,-35.7157669067,-43.0925483704,32.4276313782,-46.4501800537,19.8042068481,-85.2392730713],[-400.390655518,119.067451477,-17.6081142426,-27.4548683167,84.0439758301,1.61815619469,158.346984863,8.95257949829,-9.78679180145,-18.9998245239,43.2150726318,-6.43727874756,24.7683010101],[-81.8885574341,-45.4678344727,-0.6240452528,-50.300743103,-37.7066383362,-35.7157669067,8.95257949829,126.858146667,30.3097801208,21.6754131317,-2.05722880363,20.1285610199,30.0630207062],[-350.907470703,98.1337203979,73.8616714478,2.51948881149,32.7721977234,-43.0925483704,-9.78679180145,30.3097801208,109.248260498,21.0422344208,4.11716413498,-11.3191642761,16.6186733246],[42.2710571289,-107.734886169,23.8452968597,5.22211408615,-26.4719104767,32.4276313782,-18.9998245239,21.6754131317,21.0422344208,97.3716278076,15.6582794189,23.0683364868,-10.1738967896],[-136.506057739,149.905731201,-151.432312012,-81.5891571045,61.2800636292,-46.4501800537,43.2150726318,-2.05722880363,4.11716413498,15.6582794189,115.432441711,12.5535411835,30.6510639191],[-100.828826904,-121.439628601,18.6973304749,-17.7114486694,-28.9657649994,19.8042068481,-6.43727874756,20.1285610199,-11.3191642761,23.0683364868,12.5535411835,84.2402114868,27.8916034698],[-418.987609863,120.135742188,-34.6226768494,-91.1220474243,28.8331604004,-85.2392730713,24.7683010101,30.0630207062,16.6186733246,-10.1738967896,30.6510639191,27.8916034698,107.171783447]],"icov":[[0.000407141487813,-0.00108111603186,0.00107019173447,-0.00114876683801,0.000732351501938,-0.00121529353783,0.000958695425652,-0.000926138542127,0.00115454092156,-0.000774934422225,0.00119754660409,-0.000743035110645,0.000645511958282],[-0.00108111603186,0.00479725887999,-0.00290476344526,0.00365632819012,-0.00282632582821,0.00438029458746,-0.0029137772508,0.00334902852774,-0.0042068795301,0.00319291977212,-0.00443507963791,0.00398296117783,-0.00226828991435],[0.00107019173447,-0.00290476344526,0.00361730577424,-0.00315154250711,0.00179323775228,-0.00313786021434,0.0021887163166,-0.00221333745867,0.00244207005017,-0.00237967749126,0.0045111104846,-0.00262833805755,0.00185522413813],[-0.00114876683801,0.00365632819012,-0.00315154250711,0.00635151891038,-0.00235433806665,0.00204618601128,-0.00271576503292,0.00352962128818,-0.0046561351046,0.00295341550373,-0.00281957536936,0.00299923517741,-0.00128091475926],[0.000732351501938,-0.00282632582821,0.00179323775228,-0.00235433806665,0.00472348788753,-0.00254706991836,0.000640246435069,-0.000924242136534,0.00150898704305,-0.00136959110387,0.00146064173896,-0.00158725772053,0.0010549161816],[-0.00121529353783,0.00438029458746,-0.00313786021434,0.00204618601128,-0.00254706991836,0.0106054646894,-0.00482790730894,0.00417848210782,-0.00260022492148,0.000909700000193,-0.00272135133855,0.000650960428175,0.00122714729514],[0.000958695425652,-0.0029137772508,0.0021887163166,-0.00271576503292,0.000640246435069,-0.00482790730894,0.0112171880901,-0.00444660335779,0.00451326370239,0.0000240623758145,-0.000742704374716,0.0000196551354747,-0.000435186928371],[-0.000926138542127,0.00334902852774,-0.00221333745867,0.00352962128818,-0.000924242136534,0.00417848210782,-0.00444660335779,0.0132111143321,-0.00615405710414,0.0000232783404499,-0.000783185067121,0.000478974427097,-0.00313926232047],[0.00115454092156,-0.0042068795301,0.00244207005017,-0.0046561351046,0.00150898704305,-0.00260022492148,0.00451326370239,-0.00615405710414,0.0167966540903,-0.00616521947086,0.00328838569112,0.000165460965945,0.0000952953196247],[-0.000774934422225,0.00319291977212,-0.00237967749126,0.00295341550373,-0.00136959110387,0.000909700000193,0.0000240623758145,0.0000232783404499,-0.00616521947086,0.0165932588279,-0.00724169565365,-0.000467608624604,0.000937547476497],[0.00119754660409,-0.00443507963791,0.0045111104846,-0.00281957536936,0.00146064173896,-0.00272135133855,-0.000742704374716,-0.000783185067121,0.00328838569112,-0.00724169565365,0.019315129146,-0.00621300376952,0.00144278665539],[-0.000743035110645,0.00398296117783,-0.00262833805755,0.00299923517741,-0.00158725772053,0.000650960428175,0.0000196551354747,0.000478974427097,0.000165460965945,-0.000467608624604,-0.00621300376952,0.0210613310337,-0.00863717589527],[0.000645511958282,-0.00226828991435,0.00185522413813,-0.00128091475926,0.0010549161816,0.00122714729514,-0.000435186928371,-0.00313926232047,0.0000952953196247,0.000937547476497,0.00144278665539,-0.00863717589527,0.0174901746213]],"mean":[-50.5510177612,135.697143555,-138.302307129,28.2227191925,-51.0577011108,6.64942216873,-30.3069190979,-0.840464115143,-13.9056529999,-0.701109707355,-11.3144407272,-8.30453109741,-9.3592338562]},"hfc":{"dmean":4.982817173,"dmean2":6.97503042221,"dvar":74.6011581421,"dvar2":136.423797607,"max":149.088363647,"mean":19.1738986969,"median":14.9583911896,"min":1.06371714388e-16,"var":348.471069336},"melbands":{"dmean":[0.000297079532174,0.000779099238571,0.000506928889081,0.000295919075143,0.000119319585792,0.000141360913403,0.000116762719699,0.000144419653225,0.0000878486171132,0.000101865007309,0.000136078189826,0.0000757210727897,0.0000870410513016,0.0000792636419646,0.0000746690129745,0.000061953200202,0.0000815543680801,0.0000520162502653,0.0000347447785316,0.0000285805836029,0.0000205076867132,0.0000144493060361,0.0000117678482638,0.0000109135871753,0.00000598829728915,0.00000333366961058,0.00000264841924036,0.00000193194750864,0.00000154368115091,0.0000013691252434,0.00000262601133727,0.00000206346612686,8.73145438618e-7,4.21990279165e-7,2.85402876443e-7,5.83151177125e-7,2.14025945411e-7,1.02212766251e-7,7.68222676584e-8,6.33844763342e-8],"dmean2":[0.000516273838002,0.00134953053202,0.000834912178107,0.000474263099022,0.000194665233721,0.000224089279072,0.000184083997738,0.000217575157876,0.000139591124025,0.000157908652909,0.000211474762182,0.000113225694804,0.00012845119636,0.000119294825708,0.000111495362944,0.0000954724600888,0.000126944680233,0.0000806850366644,0.0000533886595804,0.0000444334473286,0.000030576637073,0.0000224396280828,0.0000176104240381,0.0000168133483385,0.00000930726037041,0.00000518649676451,0.0000041244447857,0.00000303806655211,0.0000024103328542,0.00000213189218812,0.00000417502815253,0.00000329960107592,0.00000137894960517,6.49806338515e-7,4.34619920497e-7,8.81997436863e-7,3.14425022907e-7,1.54539819164e-7,1.14002560281e-7,9.58970929332e-8],"dvar":[1.96040062406e-7,0.00000181901191354,6.72497094456e-7,2.16110564111e-7,3.06039069642e-8,5.35807558322e-8,4.30495674664e-8,5.98482046144e-8,3.41786936531e-8,8.74025900544e-8,1.91854667264e-7,8.99744136973e-8,1.04305804882e-7,7.3338327411e-8,5.78146419628e-8,5.10679143417e-8,4.58635369682e-8,2.12215969242e-8,1.58167825504e-8,2.03421368639e-8,5.28464783045e-9,1.86816340175e-9,1.88566207093e-9,1.46977163773e-9,2.60475169211e-10,5.4187036802e-11,3.13317843892e-11,2.15317815661e-11,1.80647389408e-11,1.06817410819e-11,5.50491527362e-11,3.58111526544e-11,5.16854571295e-12,2.5123026489e-12,1.02522981424e-12,3.18833132638e-12,4.51502604835e-13,2.25232132207e-13,1.32613334918e-13,6.94569795017e-14],"dvar2":[5.93866502641e-7,0.00000508740504301,0.00000180164067842,5.45252362372e-7,7.85894229693e-8,1.34600568913e-7,1.09252987102e-7,1.33061007546e-7,8.72691217069e-8,1.8929412704e-7,4.39313168954e-7,1.81900546181e-7,1.97159906179e-7,1.47387865468e-7,1.12435195376e-7,1.11674836489e-7,1.08602172588e-7,4.55355326778e-8,3.34227614474e-8,4.78580766128e-8,9.91296911224e-9,3.84919873753e-9,4.16498791012e-9,3.15316062149e-9,5.62178692487e-10,1.22096235899e-10,7.15789094663e-11,5.13274145408e-11,4.05689995486e-11,2.34135506122e-11,1.36724437327e-10,8.99825908229e-11,1.26710482384e-11,6.3379024251e-12,2.1532595585e-12,7.10664556716e-12,9.0122359445e-13,4.87989368966e-13,2.78816954333e-13,1.33104017717e-13],"max":[0.00453260401264,0.0179189033806,0.0177333261818,0.0121146952733,0.00265724980272,0.00936658587307,0.00669505121186,0.00507754739374,0.0066988687031,0.0105451149866,0.0103410677984,0.0108023453504,0.00997808016837,0.00599832925946,0.008465051651,0.00754761137068,0.00667046103626,0.00419930135831,0.00321227847598,0.00447217840701,0.00254552485421,0.00229137949646,0.00151756615378,0.00106576096732,0.000607274705544,0.000261902983766,0.0001686514006,0.000132167100674,0.000147349623148,0.0000897495119716,0.000116714043543,0.0000718930750736,0.0000677371572237,0.0000779856563895,0.000042278537876,0.0000309309471049,0.0000298746072076,0.000024816910809,0.0000164438624779,0.0000171153369593],"mean":[0.000485626515001,0.00129251217004,0.00103458482772,0.000676544732414,0.000260870438069,0.000300571293337,0.00026889849687,0.000329502887325,0.000182488831342,0.000172471904079,0.000228741715546,0.000122417710372,0.000165398741956,0.000135646012495,0.000130761836772,0.000101026955235,0.000140518008266,0.0000899461228983,0.0000573490651732,0.0000400473982154,0.0000358404940926,0.0000265903854597,0.0000198934249056,0.0000176067042048,0.0000108493650259,0.00000671112957207,0.00000555702536076,0.00000359232581104,0.00000265780954578,0.00000236624168792,0.00000352260758518,0.00000264743675871,0.00000132638490413,7.32886064725e-7,5.15891599662e-7,8.07219350918e-7,3.48603890643e-7,1.69106030512e-7,1.21155650845e-7,8.57874837834e-8],"median":[0.000344699510606,0.000771551567595,0.000471441016998,0.000317783647915,0.000175628316356,0.000211985883652,0.000184421762242,0.000185387048987,0.000115812697913,0.0000842416702653,0.0000866378541104,0.000032444808312,0.0000329527319991,0.0000433379173046,0.000047916717449,0.000028489241231,0.0000621656290605,0.0000430479049101,0.0000216745520447,0.0000139650373967,0.0000147671007653,0.0000129279924295,0.0000079373266999,0.00000564986885365,0.00000518022579854,0.000003957282388,0.00000319643436342,0.0000018769004555,0.00000117615888939,9.10669996301e-7,9.63670572673e-7,7.67330334384e-7,4.04859463288e-7,2.27402694009e-7,1.45199706481e-7,1.73446068175e-7,9.36312432032e-8,4.25129904613e-8,2.72005777902e-8,1.79055135163e-8],"min":[3.18089365419e-24,1.07974606706e-24,2.23327547787e-24,3.42438523614e-24,1.32103929087e-24,6.34947141472e-25,1.47366178793e-24,2.18944123838e-24,3.05271381507e-24,1.88875743803e-24,2.75076921777e-24,2.52445863192e-24,2.79840320303e-24,3.5929119579e-24,3.93226059223e-24,3.24839253755e-24,3.6207062886e-24,3.29826629613e-24,3.30467934086e-24,2.64343522529e-24,4.40888759016e-24,3.8115372636e-24,5.55602190283e-24,4.3759337147e-24,4.41782341206e-24,4.75417871369e-24,3.56377735252e-24,3.79728885793e-24,5.93820686761e-24,5.63270746585e-24,6.35727817945e-24,5.90190230546e-24,4.56387075347e-24,5.89944658146e-24,6.87823284936e-24,5.91143174519e-24,6.29694925286e-24,5.52040601625e-24,7.52401095245e-24,6.66227665453e-24],"var":[2.64266589056e-7,0.00000265908579422,0.00000208367873711,9.1400107749e-7,8.08149280829e-8,1.08454699443e-7,9.24957603843e-8,1.79211937734e-7,5.7886506255e-8,1.54173264377e-7,3.61329284715e-7,1.93758282307e-7,3.89542321955e-7,1.63836944012e-7,1.32011479081e-7,1.00052979235e-7,8.0086593357e-8,3.53114764096e-8,2.66420130401e-8,2.37583410723e-8,1.37831221991e-8,4.6751327254e-9,3.1481661722e-9,2.79314127383e-9,5.43080469484e-10,1.19970103296e-10,6.44133843486e-11,3.67904665066e-11,2.94468893713e-11,1.8446024222e-11,6.14688161482e-11,3.79390581451e-11,8.96543950191e-12,5.56763966528e-12,2.65763539647e-12,4.56448550831e-12,8.44070527448e-13,3.66820967048e-13,2.25600977786e-13,1.1346210294e-13]},"melbands_crest":{"dmean":2.7476875782,"dmean2":4.50427055359,"dvar":7.29945707321,"dvar2":18.9720916748,"max":31.3490028381,"mean":12.2127046585,"median":10.9885950089,"min":1.47602546215,"var":29.2980670929},"melbands_flatness_db":{"dmean":0.0219599176198,"dmean2":0.0326642766595,"dvar":0.000584860797971,"dvar2":0.00116922718007,"max":0.672856211662,"mean":0.228078320622,"median":0.202192127705,"min":0.00418013241142,"var":0.00968326348811},"melbands_kurtosis":{"dmean":5.20362043381,"dmean2":7.80104160309,"dvar":595.188781738,"dvar2":1056.51782227,"max":930.515686035,"mean":10.6239328384,"median":3.14598536491,"min":-1.69863474369,"var":1796.20825195},"melbands_skewness":{"dmean":0.52854013443,"dmean2":0.804273247719,"dvar":0.584282040596,"dvar2":1.148214221,"max":23.0323066711,"mean":1.7546646595,"median":1.59016895294,"min":-2.32219910622,"var":2.90429735184},"melbands_spread":{"dmean":5.139980793,"dmean2":7.94324874878,"dvar":41.8983840942,"dvar2":89.1522064209,"max":164.091644287,"mean":23.1924438477,"median":21.4755306244,"min":0.271743923426,"var":227.147994995},"mfcc":{"cov":[[13643.3710938,-555.336364746,-2160.85229492,-55.2382316589,-477.327880859,451.488067627,-137.838973999,124.562911987,-317.056030273,0.104532122612,52.9781570435,102.702148438,-107.89238739],[-555.336364746,1758.31237793,-384.333740234,1.56979775429,173.667160034,-221.9193573,84.2296218872,-52.3077507019,0.431237757206,58.9728431702,-12.8857889175,-52.0388259888,50.8783683777],[-2160.85229492,-384.333740234,1351.54626465,148.236236572,120.602867126,128.95324707,-70.0848770142,15.3401918411,116.429100037,15.5883684158,8.33585834503,-21.3176383972,-17.3183841705],[-55.2382316589,1.56979775429,148.236236572,277.74105835,98.4680938721,71.6999511719,8.01532173157,27.1171779633,37.9600830078,15.6201438904,-4.50570774078,13.5684309006,0.413161307573],[-477.327880859,173.667160034,120.602867126,98.4680938721,270.041320801,84.0501480103,18.7201423645,9.48262882233,32.6233634949,17.0862598419,8.67044639587,-2.0330517292,11.2382507324],[451.488067627,-221.9193573,128.95324707,71.6999511719,84.0501480103,305.1171875,60.6066856384,39.831111908,-14.0605792999,-21.6763076782,36.5322265625,30.3211574554,-29.1637802124],[-137.838973999,84.2296218872,-70.0848770142,8.01532173157,18.7201423645,60.6066856384,171.583557129,35.7982711792,-12.1392602921,-17.0843391418,5.51821804047,12.6674365997,13.4759645462],[124.562911987,-52.3077507019,15.3401918411,27.1171779633,9.48262882233,39.831111908,35.7982711792,88.9661102295,24.1704883575,-4.6145772934,-5.95489120483,3.69599366188,-0.881682395935],[-317.056030273,0.431237757206,116.429100037,37.9600830078,32.6233634949,-14.0605792999,-12.1392602921,24.1704883575,104.138160706,21.7094268799,-9.61464214325,-7.31539106369,-1.21962213516],[0.104532122612,58.9728431702,15.5883684158,15.6201438904,17.0862598419,-21.6763076782,-17.0843391418,-4.6145772934,21.7094268799,87.001159668,24.1218109131,-5.91265010834,2.71613001823],[52.9781570435,-12.8857889175,8.33585834503,-4.50570774078,8.67044639587,36.5322265625,5.51821804047,-5.95489120483,-9.61464214325,24.1218109131,82.2727203369,27.2652587891,-9.45680713654],[102.702148438,-52.0388259888,-21.3176383972,13.5684309006,-2.0330517292,30.3211574554,12.6674365997,3.69599366188,-7.31539106369,-5.91265010834,27.2652587891,76.5663757324,21.482257843],[-107.89238739,50.8783683777,-17.3183841705,0.413161307573,11.2382507324,-29.1637802124,13.4759645462,-0.881682395935,-1.21962213516,2.71613001823,-9.45680713654,21.482257843,89.5281600952]],"icov":[[0.000156887850608,0.0000023544009764,0.000292430981062,-0.000106795458123,0.000298712198855,-0.000475307722809,0.000435575610027,-0.000291507487418,0.000202423543669,-0.000213860432268,0.0000780059854151,0.00000460256160295,4.10461638012e-7],[0.0000023544009764,0.000870385381859,0.000224567687837,-0.0000791313650552,-0.000817812862806,0.000796055363026,-0.000659528071992,0.000429505453212,0.0000470609556942,-0.000292703858577,-0.000167026228155,0.000487967277877,-0.000107725252747],[0.000292430981062,0.000224567687837,0.00154126132838,-0.000503003248014,0.000277807877865,-0.00118258153088,0.00112109736074,-0.000217688560952,-0.000645645370241,-0.000217418753891,-0.000180600269232,0.000632161856629,-0.000238696738961],[-0.000106795458123,-0.0000791313650552,-0.000503003248014,0.0047581968829,-0.00141404592432,-0.000390440429328,-0.000179811788257,-0.00053879461484,-0.000791169644799,-0.00088242237689,0.00135435652919,-0.00145266752224,0.000376704265364],[0.000298712198855,-0.000817812862806,0.000277807877865,-0.00141404592432,0.00622772332281,-0.00301810633391,0.00115206325427,-0.000133713896503,-0.000917763158213,-0.000624968728516,-0.000173179403646,0.000828562129755,-0.00126526597887],[-0.000475307722809,0.000796055363026,-0.00118258153088,-0.000390440429328,-0.00301810633391,0.00740540446714,-0.003175429767,-0.000544882554095,0.00112735992298,0.001657983521,-0.00199929485098,-0.00116891821381,0.00204596994445],[0.000435575610027,-0.000659528071992,0.00112109736074,-0.000179811788257,0.00115206325427,-0.003175429767,0.00902528315783,-0.00376303959638,0.00107948854566,0.000705679529347,-0.0003455739934,-0.0000110386881715,-0.00149770826101],[-0.000291507487418,0.000429505453212,-0.000217688560952,-0.00053879461484,-0.000133713896503,-0.000544882554095,-0.00376303959638,0.0151929082349,-0.00446519441903,0.000607412890531,0.00113311735913,0.0000504023337271,-0.0000513396371389],[0.000202423543669,0.0000470609556942,-0.000645645370241,-0.000791169644799,-0.000917763158213,0.00112735992298,0.00107948854566,-0.00446519441903,0.0136925997213,-0.00340115930885,0.00204491405748,-0.000688138126861,0.00104277720675],[-0.000213860432268,-0.000292703858577,-0.000217418753891,-0.00088242237689,-0.000624968728516,0.001657983521,0.000705679529347,0.000607412890531,-0.00340115930885,0.0155888134614,-0.00678929919377,0.00310806022026,-0.00159327010624],[0.0000780059854151,-0.000167026228155,-0.000180600269232,0.00135435652919,-0.000173179403646,-0.00199929485098,-0.0003455739934,0.00113311735913,0.00204491405748,-0.00678929919377,0.0183331910521,-0.00757782254368,0.00357003929093],[0.00000460256160295,0.000487967277877,0.000632161856629,-0.00145266752224,0.000828562129755,-0.00116891821381,-0.0000110386881715,0.0000504023337271,-0.000688138126861,0.00310806022026,-0.00757782254368,0.0188764482737,-0.00605890434235],[4.10461638012e-7,-0.000107725252747,-0.000238696738961,0.000376704265364,-0.00126526597887,0.00204596994445,-0.00149770826101,-0.0000513396371389,0.00104277720675,-0.00159327010624,0.00357003929093,-0.00605890434235,0.0141271809116]],"mean":[-677.403198242,154.736373901,-18.9629230499,23.5491695404,0.23210246861,8.54079914093,-5.12841033936,0.112755939364,-1.43003451824,4.15340089798,2.31685113907,1.6015714407,-4.46488142014]},"pitch_salience":{"dmean":0.059043969959,"dmean2":0.095848724246,"dvar":0.00287003954872,"dvar2":0.00717439642176,"max":0.856887936592,"mean":0.55671441555,"median":0.568546593189,"min":0.11653919518,"var":0.0118148857728},"silence_rate_20dB":{"dmean":0,"dmean2":0,"dvar":0,"dvar2":0,"max":1,"mean":1,"median":1,"min":1,"var":0},"silence_rate_30dB":{"dmean":0,"dmean2":0,"dvar":0,"dvar2":0,"max":1,"mean":1,"median":1,"min":1,"var":0},"silence_rate_60dB":{"dmean":0.0165374670178,"dmean2":0.0330792106688,"dvar":0.0162650886923,"dvar2":0.0356058478355,"max":1,"mean":0.0846143886447,"median":0,"min":0,"var":0.0774610266089},"spectral_centroid":{"dmean":181.354263306,"dmean2":275.538208008,"dvar":79584.046875,"dvar2":162774.96875,"max":11441.9550781,"mean":1186.2824707,"median":1118.63269043,"min":109.214324951,"var":739694.5},"spectral_complexity":{"dmean":2.59689927101,"dmean2":4.06254053116,"dvar":7.58782529831,"dvar2":15.9851341248,"max":51,"mean":18.7424106598,"median":20,"min":0,"var":84.8069992065},"spectral_contrast_coeffs":{"dmean":[0.0468287281692,0.0399479232728,0.0374354086816,0.0315658077598,0.0226733516902,0.0177836883813],"dmean2":[0.0783127844334,0.0657975822687,0.059490762651,0.0499840155244,0.0352938622236,0.0275676045567],"dvar":[0.00148012477439,0.00107615021989,0.000982809579,0.000756345631089,0.000450450897915,0.000281674700091],"dvar2":[0.00417692307383,0.00287900539115,0.00235248077661,0.00167283287738,0.000929602305405,0.00059328408679],"max":[-0.378617972136,-0.441198468208,-0.435477375984,-0.457921952009,-0.490462124348,-0.563008666039],"mean":[-0.643096983433,-0.723819732666,-0.733695745468,-0.755242228508,-0.779099881649,-0.736075043678],"median":[-0.644779086113,-0.723285913467,-0.737067759037,-0.757897377014,-0.782469809055,-0.725206434727],"min":[-0.9811886549,-0.975508034229,-0.981064021587,-0.971236526966,-0.963689029217,-0.963143289089],"var":[0.00545782689005,0.00397985987365,0.00559884263203,0.00461714528501,0.00310902250931,0.00284235505387]},"spectral_contrast_valleys":{"dmean":[0.396279245615,0.311424255371,0.282588541508,0.260808110237,0.244505062699,0.316789656878],"dmean2":[0.668065726757,0.508759737015,0.455093801022,0.406538009644,0.353022128344,0.404333382845],"dvar":[0.147102296352,0.0978033840656,0.0873067080975,0.0880838036537,0.103621840477,0.178032755852],"dvar2":[0.358599543571,0.21750330925,0.190104752779,0.177531555295,0.191274285316,0.315170764923],"max":[-5.6748290062,-4.81078195572,-5.34593677521,-5.391664505,-5.90031862259,-7.87331914902],"mean":[-7.51105260849,-6.88976621628,-7.6471118927,-7.90732955933,-8.16715145111,-11.3473186493],"median":[-7.15220451355,-6.47164535522,-7.17650365829,-7.35458755493,-7.59438371658,-10.9661664963],"min":[-28.0271034241,-28.003578186,-27.5347213745,-27.7491569519,-27.602432251,-27.4241466522],"var":[3.38510751724,3.51972293854,3.75800299644,3.94835114479,3.95936799049,3.18503856659]},"spectral_decrease":{"dmean":1.42281464388e-9,"dmean2":2.20172879928e-9,"dvar":3.18130416904e-18,"dvar2":7.25306702672e-18,"max":1.69369011723e-28,"mean":-5.86198511954e-9,"median":-5.35440358718e-9,"min":-2.17276863168e-8,"var":1.6638213589e-17},"spectral_energy":{"dmean":0.00571809522808,"dmean2":0.00877055898309,"dvar":0.0000522759692103,"dvar2":0.00011541510321,"max":0.0905287489295,"mean":0.0238636564463,"median":0.0217789318413,"min":1.02277958529e-20,"var":0.000280647451291},"spectral_energyband_high":{"dmean":0.000189446262084,"dmean2":0.000280117645161,"dvar":1.93746117816e-7,"dvar2":4.32462769595e-7,"max":0.00989591889083,"mean":0.000348083762219,"median":0.000147029146319,"min":7.13167093706e-21,"var":3.73472204274e-7},"spectral_energyband_low":{"dmean":0.00302175851539,"dmean2":0.00519642559811,"dvar":0.0000238535212702,"dvar2":0.0000660205405438,"max":0.0712178945541,"mean":0.00580133730546,"median":0.00369061459787,"min":3.7529155109e-23,"var":0.0000457595342596},"spectral_energyband_middle_high":{"dmean":0.00264871143736,"dmean2":0.0037468187511,"dvar":0.0000269564716291,"dvar2":0.0000493258557981,"max":0.0862406268716,"mean":0.00827049463987,"median":0.00498877139762,"min":1.27482668782e-21,"var":0.000118642696179},"spectral_energyband_middle_low":{"dmean":0.00294663384557,"dmean2":0.00461363606155,"dvar":0.0000146926886373,"dvar2":0.0000356002383342,"max":0.066357627511,"mean":0.0106469150633,"median":0.00921725202352,"min":1.96887262117e-22,"var":0.0000729211533326},"spectral_entropy":{"dmean":0.147278338671,"dmean2":0.20689560473,"dvar":0.0307261962444,"dvar2":0.0576550327241,"max":9.81958580017,"mean":7.23397159576,"median":7.39251089096,"min":4.45965003967,"var":0.456736087799},"spectral_flux":{"dmean":0.0195874385536,"dmean2":0.0306931156665,"dvar":0.000537545478437,"dvar2":0.00124506175052,"max":0.265638262033,"mean":0.0726836696267,"median":0.067138209939,"min":6.33850541498e-11,"var":0.0020889530424},"spectral_kurtosis":{"dmean":3.47243332863,"dmean2":5.90441989899,"dvar":23.6443862915,"dvar2":64.4132537842,"max":112.772918701,"mean":8.41067886353,"median":5.0536532402,"min":-1.23679423332,"var":115.402618408},"spectral_rms":{"dmean":0.000549897493329,"dmean2":0.00082577863941,"dvar":3.84449521107e-7,"dvar2":7.9191642044e-7,"max":0.00939791090786,"mean":0.00444488832727,"median":0.00460952706635,"min":3.15885056827e-12,"var":0.00000352465053766},"spectral_rolloff":{"dmean":277.141174316,"dmean2":469.425415039,"dvar":301465.4375,"dvar2":650767.6875,"max":19250.6835938,"mean":1360.36401367,"median":1248.92578125,"min":86.1328125,"var":2131884.5},"spectral_skewness":{"dmean":0.324280023575,"dmean2":0.536744058132,"dvar":0.129121750593,"dvar2":0.335532158613,"max":8.70363140106,"mean":1.82491099834,"median":1.5615490675,"min":-0.162190079689,"var":1.0325268507},"spectral_spread":{"dmean":406009.28125,"dmean2":593131.375,"dvar":713813131264,"dvar2":1578010279940,"max":53533660,"mean":3377641,"median":3020068.25,"min":805153.5,"var":8866875047940},"spectral_strongpeak":{"dmean":0.667891561985,"dmean2":1.07922744751,"dvar":1.5140311718,"dvar2":3.43407678604,"max":15.7148151398,"mean":1.24137949944,"median":0.484696060419,"min":2.30700961806e-11,"var":3.74010300636},"zerocrossingrate":{"dmean":0.0062490538694,"dmean2":0.00751823140308,"dvar":0.0000872496675584,"dvar2":0.000132286164444,"max":0.5283203125,"mean":0.0497506298125,"median":0.046875,"min":0.00390625,"var":0.0015532001853}},"metadata":{"audio_properties":{"analysis_sample_rate":44100,"bit_rate":261493,"codec":"aac","downmix":"mix","equal_loudness":0,"length":179.722442627,"lossless":false,"md5_encoded":"5feff1f12fed5cff68ef9a9455d1838a","replay_gain":-15.0069255829,"sample_rate":44100},"tags":{"album":["Boys & Girls"],"albumartistsort":["Alabama Shakes"],"artist":["Alabama Shakes"],"artistsort":["Alabama Shakes"],"asin":["B0074MZSWW"],"barcode":["880882178727"],"bpm":["0"],"catalognumber":["ATO0142"],"date":["2012-04-10"],"discnumber":["1/1"],"encodedby":["iTunes 11.0.2"],"file_name":"Alabama Shakes - Boys & Girls - 02 - I Found You.m4a","genre":["Southern Rock"],"label":["ATO Records"],"language":["English"],"media":["CD"],"musicbrainz_albumartistid":["40419b33-18e9-4d5a-a674-30b4bb14bac2"],"musicbrainz_albumid":["884363e2-e302-483f-a2bb-fd00609798c1"],"musicbrainz_artistid":["40419b33-18e9-4d5a-a674-30b4bb14bac2"],"musicbrainz_recordingid":["89c06bd1-460e-4458-b869-53794aa9fc1a"],"musicbrainz_releasegroupid":["83024532-0142-4ac5-b473-e38681350db0"],"script":["Latin"],"title":["I Found You"],"tracknumber":["2/11"]},"version":{"essentia":"2.1-beta2","essentia_build_sha":"2d9f1f26377add8aeb1075a9c2973f962c4f09fd","essentia_git_sha":"v2.1_beta2-1-ge3940c0","extractor":"music 1.0"}},"rhythm":{"beats_count":327,"beats_loudness":{"dmean":0.0118048964068,"dmean2":0.0203174725175,"dvar":0.000111401066533,"dvar2":0.000290026597213,"max":0.0732796564698,"mean":0.0300259962678,"median":0.0306213777512,"min":0,"var":0.000281648390228},"beats_loudness_band_ratio":{"dmean":[0.190770253539,0.108318589628,0.11036913842,0.147011354566,0.0992414876819,0.0425736233592],"dmean2":[0.326396584511,0.186732515693,0.188533827662,0.257166445255,0.170036286116,0.0783168300986],"dvar":[0.0222717691213,0.0105618322268,0.0106454724446,0.0348887816072,0.0174517985433,0.00406663585454],"dvar2":[0.0640203207731,0.0280160903931,0.02820642