{"lowlevel":{"average_loudness":0.900830209255,"barkbands":{"dmean":[0.00070278334897,0.0151637177914,0.00419557420537,0.00200357311405,0.00334473466501,0.000991654931568,0.00074886350194,0.000864185742103,0.000962962571066,0.000572962453589,0.000249569944572,0.000121051700262,0.000160685318406,0.000165959165315,0.00021066411864,0.000187784258742,0.00015707865532,0.000138557690661,0.000104297774669,0.0000940221798373,0.000132945744554,0.000140751406434,0.000113985690405,0.000103230544482,0.0000630100257695,0.0000500536298205,0.0000271621520369],"dmean2":[0.00107239163481,0.0247504748404,0.00705530215055,0.0034186206758,0.0054146242328,0.00158780522179,0.00120547169354,0.00136873370502,0.00154857477173,0.000917604600545,0.000406343780924,0.000194764535991,0.000265389564447,0.000271605997114,0.000341958540957,0.000298728438793,0.000249279604759,0.000214240033529,0.000163691307534,0.000145422134665,0.00018498407735,0.000192693813005,0.000160196737852,0.000147924380144,0.0000890944502316,0.0000756493027438,0.0000432068154623],"dvar":[0.00000174118747509,0.000898361089639,0.0000573411234654,0.0000172409090737,0.0000502196526213,0.00000375948525289,0.00000263289712166,0.00000417271894548,0.00000524421284354,0.00000157148633662,3.56212041197e-7,6.22075120305e-8,9.96382212293e-8,2.60515690798e-7,2.6629874128e-7,1.98449455979e-7,1.89094208736e-7,2.46445011953e-7,5.18080476297e-8,5.24416421399e-8,2.02613151146e-7,2.19322885187e-7,1.2021151008e-7,8.54434460962e-8,4.08715870037e-8,3.05648839571e-8,1.8374452182e-8],"dvar2":[0.00000345609464603,0.00227822782472,0.000155126850586,0.0000462773059553,0.000131562381284,0.00000919337708183,0.00000701904627931,0.0000101384775917,0.0000137649612952,0.00000410922893934,8.93443257155e-7,1.49892130707e-7,2.59138886349e-7,7.17353827895e-7,6.7607066967e-7,5.03217677306e-7,4.50740884617e-7,6.12091582752e-7,1.23698157495e-7,1.22203161368e-7,3.92377188518e-7,3.89925787658e-7,2.33088599089e-7,1.53208759457e-7,8.28871620229e-8,7.36068059837e-8,4.27738484632e-8],"max":[0.0164663400501,0.212238892913,0.132438614964,0.098613858223,0.0782511010766,0.0409002713859,0.0386454313993,0.0425047762692,0.0399002060294,0.0317383036017,0.0164419263601,0.00741619570181,0.00693583628163,0.0123157277703,0.011641905643,0.00987925566733,0.0142659842968,0.0190943107009,0.00652644271031,0.00685749901459,0.0233767684549,0.0143689028919,0.0119906170294,0.00687417341396,0.00750388484448,0.00900461617857,0.0072634103708],"mean":[0.000955108844209,0.0227230116725,0.00663098460063,0.00238232105039,0.00411410676315,0.00147817435209,0.00117034802679,0.00132920139004,0.0014557512477,0.000870853953529,0.000398027914343,0.000186342062079,0.000244894297794,0.000267974188318,0.000363756727893,0.000334708893206,0.000290394178592,0.000244950584602,0.00019101347425,0.000176377085154,0.000229141529417,0.000266479502898,0.000210505881114,0.000188655118109,0.000105158047518,0.0000701092285453,0.0000293417306239],"median":[0.000197998364456,0.0111857587472,0.00309292552993,0.000883978034835,0.00152813945897,0.000642036844511,0.000447037862614,0.000314951845212,0.000348261673935,0.00028204388218,0.000117185074487,0.0000662507372908,0.000106213505205,0.0000653121678624,0.0000886057096068,0.0000761966293794,0.0000798259570729,0.0000385683269997,0.0000659077486489,0.0000543057831237,0.0000424659228884,0.0000475428751088,0.0000365936357412,0.0000353830182576,0.0000196648215933,0.0000128210358525,0.0000031918532386],"min":[6.46782668152e-25,6.1876959618e-24,2.78422342826e-24,6.31403183855e-25,1.30823824775e-23,1.74963479653e-23,9.32783055352e-24,1.51836823148e-23,3.05067090198e-23,3.03042021146e-23,1.09624876109e-23,4.87092200239e-23,3.47372375259e-23,5.71098692234e-23,7.24110255487e-23,4.30067969756e-23,1.26219044878e-22,9.28233442076e-23,1.35126521432e-22,2.20193091022e-22,2.88371044777e-22,2.9844539176e-22,4.2715411952e-22,6.26415890828e-22,8.42718168404e-22,1.46340347069e-21,2.1178509595e-21],"var":[0.00000274225294561,0.00101891707163,0.000094203001936,0.0000189169932128,0.0000516933178005,0.00000581635595154,0.00000515821284353,0.00000884565270098,0.000010201157238,0.0000027339629014,8.23802452032e-7,1.16425795227e-7,1.80519933224e-7,5.40627127066e-7,5.52335450266e-7,4.73642643328e-7,5.50853144432e-7,4.94574749155e-7,1.1424911861e-7,1.31505032641e-7,7.00155851519e-7,7.73211638716e-7,3.96973035777e-7,2.87582963665e-7,1.02046229244e-7,4.50434498589e-8,2.16208047021e-8]},"barkbands_crest":{"dmean":3.32715964317,"dmean2":5.29433202744,"dvar":10.3213319778,"dvar2":25.5346946716,"max":26.6061820984,"mean":13.7145500183,"median":13.1738071442,"min":2.62911868095,"var":26.5432720184},"barkbands_flatness_db":{"dmean":0.0350578948855,"dmean2":0.0492898337543,"dvar":0.00135456037242,"dvar2":0.00256752828136,"max":0.626436173916,"mean":0.186417236924,"median":0.162489175797,"min":0.0271531771868,"var":0.00970284361392},"barkbands_kurtosis":{"dmean":18.8088130951,"dmean2":30.6843414307,"dvar":2932.95166016,"dvar2":7931.60693359,"max":1404.30029297,"mean":23.5016937256,"median":7.39512491226,"min":-1.93706321716,"var":2850.51831055},"barkbands_skewness":{"dmean":1.28851127625,"dmean2":1.95852816105,"dvar":3.57222056389,"dvar2":8.84581375122,"max":32.4877815247,"mean":3.00957727432,"median":2.44188594818,"min":-5.46871471405,"var":6.71959352493},"barkbands_spread":{"dmean":6.3807888031,"dmean2":9.45035839081,"dvar":97.1184692383,"dvar2":203.567840576,"max":132.99446106,"mean":17.4945449829,"median":12.6166610718,"min":0.114095710218,"var":322.478424072},"dissonance":{"dmean":0.0243812538683,"dmean2":0.0394632034004,"dvar":0.000710512336809,"dvar2":0.00174567464273,"max":0.500000059605,"mean":0.447218835354,"median":0.461466193199,"min":0.102040559053,"var":0.00231210608035},"dynamic_complexity":3.63948130608,"erbbands":{"dmean":[0.514705121517,3.2748811245,5.12220096588,5.88643121719,7.8575835228,13.9666461945,8.59307670593,8.32650756836,9.49032020569,15.5028905869,17.0100727081,22.716085434,19.1148815155,13.7640428543,9.19128417969,5.15296316147,7.11923408508,8.08079624176,10.4118852615,9.9219789505,9.06687164307,8.13821411133,8.10083198547,5.3075709343,5.37718391418,4.16252326965,4.27886152267,5.88227653503,5.06152820587,4.3129067421,3.22329163551,2.40153956413,1.62314808369,0.820993125439,0.411302000284,0.201869830489,0.0995633080602,0.0251852236688,0.0055259950459,0.000247101677814],"dmean2":[0.835987210274,5.45199680328,8.55386352539,10.0096673965,13.1411123276,22.9141902924,13.5275716782,13.6585626602,15.1539134979,24.645483017,27.4393157959,36.3187332153,30.5930042267,21.793302536,14.9764575958,8.31775760651,11.6433153152,13.1497554779,16.8910388947,15.9845323563,14.1172466278,12.6888780594,12.4673461914,8.26772785187,8.36757183075,6.3631529808,6.11537790298,8.08575534821,6.84413814545,6.015417099,4.59961891174,3.53315401077,2.31060624123,1.16025626659,0.591768741608,0.303086072206,0.152959883213,0.0392406433821,0.00875271297991,0.000395184004446],"dvar":[1.16741430759,41.156993866,83.8449783325,124.357025146,269.800323486,1019.37854004,271.356842041,275.717529297,431.770294189,1274.60083008,2044.57080078,2615.61474609,3098.11230469,853.241760254,406.450164795,116.236106873,179.018188477,664.598693848,686.683776855,694.174133301,481.633789062,514.906494141,744.171569824,228.052398682,124.389137268,111.82358551,200.609268188,444.589538574,302.833496094,164.619903564,96.8277816772,51.410572052,21.8115730286,7.04582357407,2.11707305908,0.297340244055,0.145826548338,0.0132473483682,0.000807090487797,0.00000139121630127],"dvar2":[2.85727596283,108.745986938,227.055297852,332.968109131,739.981262207,2684.10766602,674.305297852,702.753173828,1132.25830078,3297.41772461,5076.94628906,6771.5,8090.09326172,2183.55078125,1036.87243652,278.865081787,465.003295898,1820.2208252,1752.21887207,1742.9432373,1179.23181152,1175.99768066,1850.87426758,507.165039062,296.515655518,259.019256592,410.145843506,839.709472656,551.419189453,294.759277344,193.836212158,104.303062439,38.767578125,13.5620603561,4.89340639114,0.708227515221,0.349013566971,0.0316235162318,0.00189500045963,0.00000320993717651],"max":[7.9716129303,46.6983642578,124.406593323,241.659164429,193.015960693,318.447021484,334.378051758,426.420440674,667.430419922,983.450134277,1294.48852539,998.062072754,1766.03967285,678.895690918,541.719238281,378.028045654,289.079406738,706.197387695,698.012817383,623.765258789,492.25088501,802.065185547,908.716430664,439.069152832,228.793838501,342.00692749,590.743041992,983.976135254,555.68371582,463.740264893,289.950317383,207.625518799,148.089538574,84.3167266846,67.1510162354,18.766336441,19.338010788,6.68242120743,1.61370396614,0.0583599172533],"mean":[0.695761740208,4.85266685486,8.63656806946,8.04282188416,9.57614612579,16.0244579315,12.2320299149,12.1193056107,15.2558832169,25.4325809479,25.7932338715,35.0361404419,29.6001300812,22.7620697021,15.3923883438,8.70481681824,11.3744926453,13.8958177567,17.5151786804,18.8524913788,17.7043571472,16.0987987518,14.7198867798,9.90251350403,10.810172081,8.06275558472,7.37436914444,10.1858692169,9.41923427582,8.06754684448,5.83552694321,4.17175292969,2.96688723564,1.41518831253,0.633916556835,0.300319582224,0.134228363633,0.030511982739,0.0059051187709,0.00029363684007],"median":[0.245917081833,2.21833086014,4.52900457382,4.08438396454,4.36713314056,4.61426353455,5.05023097992,5.35686922073,6.51488494873,8.04669094086,7.40673971176,9.52056980133,7.93270587921,7.50190258026,6.13158082962,3.60395812988,5.30239963531,4.12708616257,5.09012794495,4.51214122772,4.26542711258,4.09151506424,3.09989404678,3.07516717911,3.16901779175,2.74096918106,1.82872271538,1.6340110302,1.61910009384,1.57066142559,1.04300045967,0.721711754799,0.533831119537,0.263541579247,0.1189430058,0.0593430772424,0.0225422978401,0.00474779680371,0.000642868573777,0.0000806175885373],"min":[1.9148615238e-22,1.35149861617e-21,3.29854303958e-21,6.17698939959e-21,1.23076510303e-20,3.7774236648e-20,5.26562853865e-20,1.62569902914e-19,7.85207271074e-20,2.44650892926e-19,4.14866077275e-19,5.13083538656e-19,1.15955026128e-18,8.16939185991e-19,7.60517454903e-19,2.05895656261e-18,1.99223431324e-18,2.73652563815e-18,4.70706713983e-18,3.67107429421e-18,3.43414557175e-18,7.50607014324e-18,5.64322011269e-18,5.59806473664e-18,7.02999874939e-18,1.07491409226e-17,1.18876905157e-17,1.19908498642e-17,1.24084445519e-17,1.38690693242e-17,1.21376371998e-17,1.14507844695e-17,1.12334659246e-17,9.24324455537e-18,5.68345128255e-18,4.32021131095e-18,2.54700904724e-18,9.47610354923e-19,2.63502649279e-19,2.94867690208e-20],"var":[1.29752027988,45.53490448,131.817062378,146.797622681,250.290710449,1009.93481445,402.388458252,395.689544678,806.398254395,2745.74072266,4073,5261.75537109,6157.06396484,1610.45031738,852.265563965,239.945114136,328.139373779,1541.42785645,1361.52050781,1560.17114258,1350.33068848,1721.86071777,1640.31225586,470.019134521,383.798553467,267.062194824,524.609680176,1542.09960938,1029.65551758,578.045166016,304.70501709,148.944778442,75.541847229,19.255443573,3.78044748306,0.600827336311,0.198806509376,0.0161322224885,0.000925365893636,0.00000163175297985]},"erbbands_crest":{"dmean":2.94744825363,"dmean2":4.71754217148,"dvar":7.66532897949,"dvar2":18.9253177643,"max":30.2962245941,"mean":9.58724212646,"median":8.50666618347,"min":2.02220034599,"var":21.5832138062},"erbbands_flatness_db":{"dmean":0.025680847466,"dmean2":0.0348843932152,"dvar":0.00072910398012,"dvar2":0.00133672961965,"max":0.452898472548,"mean":0.142358332872,"median":0.129139706492,"min":0.0287219211459,"var":0.00366324954666},"erbbands_kurtosis":{"dmean":2.43646740913,"dmean2":3.7359213829,"dvar":59.427192688,"dvar2":144.073455811,"max":339.975708008,"mean":2.75646185875,"median":0.369303107262,"min":-1.89060640335,"var":90.1283416748},"erbbands_skewness":{"dmean":0.513134539127,"dmean2":0.758401036263,"dvar":0.373166739941,"dvar2":0.800031960011,"max":12.7460622787,"mean":0.723536074162,"median":0.558261156082,"min":-5.24767494202,"var":1.63313806057},"erbbands_spread":{"dmean":12.5829286575,"dmean2":18.686000824,"dvar":223.089645386,"dvar2":484.925720215,"max":184.750274658,"mean":43.6880569458,"median":39.0641555786,"min":0.743221342564,"var":683.094848633},"gfcc":{"cov":[[24177.1816406,-950.880615234,-2836.46459961,238.338882446,-497.768890381,521.005065918,76.7844619751,835.708374023,207.89239502,58.7577857971,8.36829566956,272.323516846,24.1492366791],[-950.880615234,2162.81079102,175.939315796,-353.570373535,160.394165039,-101.132850647,148.535385132,-54.3513450623,114.722824097,-61.275844574,150.502853394,-87.3689575195,20.9248523712],[-2836.46459961,175.939315796,1359.55737305,116.669128418,96.9520645142,-23.5653915405,46.5322990417,-178.762542725,-52.0671577454,41.2668457031,-29.3491821289,5.94416904449,11.4624223709],[238.338882446,-353.570373535,116.669128418,527.310119629,-2.26273107529,-17.2268657684,-106.024154663,-23.4229602814,-4.25891637802,-0.0297657269984,-19.7784061432,13.5028676987,48.6719436646],[-497.768890381,160.394165039,96.9520645142,-2.26273107529,392.203521729,24.3275642395,94.8667449951,50.329875946,78.4547195435,5.05958175659,27.6460189819,44.31457901,29.1420593262],[521.005065918,-101.132850647,-23.5653915405,-17.2268657684,24.3275642395,238.01802063,149.063613892,68.6033172607,28.9314155579,51.9787254333,30.4386787415,26.2850608826,14.2119073868],[76.7844619751,148.535385132,46.5322990417,-106.024154663,94.8667449951,149.063613892,315.978820801,111.153533936,60.2009925842,62.8929595947,64.5416870117,38.2648468018,14.0485801697],[835.708374023,-54.3513450623,-178.762542725,-23.4229602814,50.329875946,68.6033172607,111.153533936,183.339920044,69.1252212524,36.8960075378,32.2054214478,30.6111488342,5.83128833771],[207.89239502,114.722824097,-52.0671577454,-4.25891637802,78.4547195435,28.9314155579,60.2009925842,69.1252212524,128.447677612,34.3772773743,35.2582778931,10.3637123108,18.7599124908],[58.7577857971,-61.275844574,41.2668457031,-0.0297657269984,5.05958175659,51.9787254333,62.8929595947,36.8960075378,34.3772773743,126.178131104,40.9112434387,8.13340759277,-4.89643478394],[8.36829566956,150.502853394,-29.3491821289,-19.7784061432,27.6460189819,30.4386787415,64.5416870117,32.2054214478,35.2582778931,40.9112434387,101.453742981,25.1338176727,14.429145813],[272.323516846,-87.3689575195,5.94416904449,13.5028676987,44.31457901,26.2850608826,38.2648468018,30.6111488342,10.3637123108,8.13340759277,25.1338176727,100.113647461,32.7037773132],[24.1492366791,20.9248523712,11.4624223709,48.6719436646,29.1420593262,14.2119073868,14.0485801697,5.83128833771,18.7599124908,-4.89643478394,14.429145813,32.7037773132,77.9553527832]],"icov":[[0.0000712126566214,-0.0000453120337625,0.00012498673459,-0.0000835365717649,0.000109574793896,-0.000150542444317,0.0000749412211007,-0.000225919357035,-0.00000505321941091,-0.000051485691074,0.00019778519345,-0.000272057484835,0.0000892643438419],[-0.0000453120337625,0.000892515119631,-0.000234261606238,0.000569651427213,-0.00022423248447,0.000611677591223,-0.000465140037704,0.00059219810646,-0.000728252402041,0.000984981539659,-0.00169743131846,0.00137985241599,-0.000562483677641],[0.00012498673459,-0.000234261606238,0.00129211856984,-0.000530033372343,-0.0000991901179077,-0.0000950913090492,-0.00056819972815,0.000972403271589,0.00030071605579,-0.000947477994487,0.0011774104787,-0.000901324441656,0.000277486804407],[-0.0000835365717649,0.000569651427213,-0.000530033372343,0.00274927797727,-0.000251104065683,0.000120356249681,0.000965592102148,-0.000010122286767,-0.000411894259742,0.000252048834227,-0.0009597754688,0.00101512589026,-0.00200021173805],[0.000109574793896,-0.00022423248447,-0.0000991901179077,-0.000251104065683,0.00349527527578,-0.0000331249029841,-0.000513767939992,-0.000607047462836,-0.00178592849988,0.00057865731651,0.000607925525401,-0.0016518792836,0.0000816039319034],[-0.000150542444317,0.000611677591223,-0.0000950913090492,0.000120356249681,-0.0000331249029841,0.00704435724765,-0.00340486480854,0.000407042040024,-0.0000269152569672,-0.000794454012066,-0.000693863432389,0.0008944979636,-0.00115767458919],[0.0000749412211007,-0.000465140037704,-0.00056819972815,0.000965592102148,-0.000513767939992,-0.00340486480854,0.00721516553313,-0.00344679621048,0.000299746112432,-0.000910038943402,-0.00111268775072,-0.000903951353393,-0.000191445200471],[-0.000225919357035,0.00059219810646,0.000972403271589,-0.000010122286767,-0.000607047462836,0.000407042040024,-0.00344679621048,0.0114183844998,-0.00388036039658,-0.000413168163504,-0.000415579619585,-0.000717637478374,0.000979961594567],[-0.00000505321941091,-0.000728252402041,0.00030071605579,-0.000411894259742,-0.00178592849988,-0.0000269152569672,0.000299746112432,-0.00388036039658,0.0127657614648,-0.00281573669054,-0.000625075423159,0.00109194498509,-0.0022725451272],[-0.000051485691074,0.000984981539659,-0.000947477994487,0.000252048834227,0.00057865731651,-0.000794454012066,-0.000910038943402,-0.000413168163504,-0.00281573669054,0.0121007757261,-0.00541671086103,0.00158335431479,0.00163295282982],[0.00019778519345,-0.00169743131846,0.0011774104787,-0.0009597754688,0.000607925525401,-0.000693863432389,-0.00111268775072,-0.000415579619585,-0.000625075423159,-0.00541671086103,0.0171190965921,-0.00521586090326,-0.000218990971916],[-0.000272057484835,0.00137985241599,-0.000901324441656,0.00101512589026,-0.0016518792836,0.0008944979636,-0.000903951353393,-0.000717637478374,0.00109194498509,0.00158335431479,-0.00521586090326,0.0159388184547,-0.00600087782368],[0.0000892643438419,-0.000562483677641,0.000277486804407,-0.00200021173805,0.0000816039319034,-0.00115767458919,-0.000191445200471,0.000979961594567,-0.0022725451272,0.00163295282982,-0.000218990971916,-0.00600087782368,0.0175084471703]],"mean":[-33.2383728027,91.063873291,-70.6298980713,34.577960968,-48.6566619873,14.4058151245,-29.1643943787,9.40953731537,-14.8596038818,2.24631214142,-17.3097705841,-0.884857416153,-10.7406549454]},"hfc":{"dmean":7.50492668152,"dmean2":10.5363664627,"dvar":171.289581299,"dvar2":330.774353027,"max":338.505096436,"mean":20.9510345459,"median":12.6989326477,"min":1.1035846686e-16,"var":723.258972168},"melbands":{"dmean":[0.00434813369066,0.00313928350806,0.00101649621502,0.000815266161226,0.000361305341357,0.00018542863836,0.000146220612805,0.000175450360985,0.000140838790685,0.000142635195516,0.0000945986903389,0.0000591727621213,0.0000332452000293,0.0000158168440976,0.0000160895215231,0.0000146300562847,0.000016024132492,0.0000170990588231,0.0000139356898217,0.0000140463243952,0.0000106174093162,0.00000862310025695,0.0000096914018286,0.00000646064381726,0.00000438144388681,0.00000416437751483,0.00000404491811423,0.00000271348108072,0.00000250966672866,0.00000357907015314,0.00000357008025276,0.00000302736998492,0.0000028268607366,0.00000234665708376,0.00000197145959646,0.00000165987694345,0.00000149926950144,0.00000122935432501,9.74054614744e-7,6.43246096388e-7],"dmean2":[0.00707482872531,0.00518469139934,0.0017195782857,0.00133459910285,0.000569791707676,0.000301297783153,0.000233073573327,0.000277381157503,0.00022791873198,0.000227517040912,0.000151903645019,0.0000940119061852,0.0000542949310329,0.0000255731392826,0.0000262279863819,0.0000239284127019,0.0000262945977738,0.0000277620201814,0.0000224514733418,0.0000226962711167,0.0000165752917383,0.0000137526749313,0.0000155353864102,0.0000100653760455,0.00000693438414601,0.00000659377383272,0.00000635034393781,0.00000421277809437,0.00000374097521672,0.00000508867969984,0.00000507152708451,0.00000422512903242,0.00000400771796194,0.00000335729487233,0.00000287347097583,0.00000248701599048,0.00000226951692639,0.00000176046262368,0.00000142335522924,9.32479395033e-7],"dvar":[0.0000788849429227,0.0000306108522636,0.00000349147558154,0.00000333745947501,4.42192174432e-7,1.31428222971e-7,9.52880725436e-8,1.55219851194e-7,1.27647339809e-7,1.09504661339e-7,7.60671099442e-8,1.62206141852e-8,6.4410849987e-9,9.5019181412e-10,1.16664888861e-9,8.36517188851e-10,2.83215007002e-9,1.9582002686e-9,1.29881527755e-9,1.22947951819e-9,6.94486412822e-10,5.46445388938e-10,9.75312497431e-10,5.9153115739e-10,1.52740334269e-10,8.47364609036e-11,8.4451147464e-11,5.79956777047e-11,7.40507377639e-11,1.50664439258e-10,1.82382400848e-10,1.15314507942e-10,9.09837830076e-11,4.72389072304e-11,3.7157967675e-11,3.38864734883e-11,1.90326851501e-11,1.24549242447e-11,8.91618029408e-12,5.05515854871e-12],"dvar2":[0.000197172164917,0.000081476973719,0.00000947603621171,0.00000889228886081,0.00000110049131763,3.28980348741e-7,2.50982424177e-7,3.93198178017e-7,3.21310096751e-7,2.81017406678e-7,1.99048415084e-7,4.17935979158e-8,1.62763917899e-8,2.34506303265e-9,3.00395530672e-9,2.19197127116e-9,7.82067477445e-9,4.98744689992e-9,3.28057025989e-9,3.13848347311e-9,1.66545721658e-9,1.28217880757e-9,2.55794274651e-9,1.45351519709e-9,3.43866990438e-10,2.12825285173e-10,2.10769485198e-10,1.39392941634e-10,1.62642635471e-10,3.0370386761e-10,3.63697766348e-10,2.2863952398e-10,1.77882486518e-10,8.7341522903e-11,7.79706438303e-11,7.77411746089e-11,3.94956498062e-11,2.21935213263e-11,1.80821364826e-11,1.03188655537e-11],"max":[0.0614669546485,0.047349691391,0.0347869768739,0.0207508075982,0.0116223962978,0.00861828587949,0.00890788063407,0.00890830531716,0.0106242913753,0.00665800226852,0.00863576494157,0.00279439962469,0.0025313666556,0.000818438886199,0.000811962061562,0.00064125994686,0.00153737922665,0.00109341577627,0.000710483756848,0.00073150388198,0.000595965248067,0.000848287309054,0.000980290467851,0.00102548743598,0.000384136394132,0.000196056309505,0.000234266641201,0.000283918285277,0.000330308568664,0.000644436979201,0.000655945972539,0.000374089489924,0.000307247100864,0.000277393701253,0.000211347898585,0.000203819043236,0.000102066260297,0.0000945901338127,0.000105139311927,0.0000719361560186],"mean":[0.00624872324988,0.00533608766273,0.00142656883691,0.000964801292866,0.000497719564009,0.000273486715741,0.000232842139667,0.00028790163924,0.000207953431527,0.000218784902245,0.00014313981228,0.0000934944837354,0.0000541728877579,0.0000251756955549,0.0000244656839641,0.0000232394395425,0.0000257051688095,0.0000270326090686,0.0000248372452916,0.000024669796403,0.0000194698823179,0.0000158708899107,0.0000166180434462,0.0000109905386125,0.00000747427793613,0.000007491294582,0.00000777135392127,0.00000469590713692,0.0000039985152398,0.00000571781583858,0.0000059637764025,0.00000533776164957,0.00000505038178744,0.00000419274738306,0.00000344193108504,0.00000279786718238,0.00000246622812483,0.00000218046511691,0.00000166661811818,0.00000103437844245],"median":[0.00287000020035,0.00311353150755,0.000805114163086,0.00035163119901,0.000200550712179,0.000121835451864,0.0000966995648923,0.0000872809032444,0.0000581347048865,0.0000536207808182,0.0000365695741493,0.0000274348440144,0.0000181713658094,0.0000103192260212,0.00000973631995294,0.00000934187301027,0.0000063489032982,0.00000777290915721,0.00000539932807442,0.00000618376952843,0.00000426224823968,0.00000383771657653,0.0000037914121549,0.000001802754241,0.00000220194738176,0.0000022179649477,0.00000191180106413,0.00000160332729138,0.00000100286729321,9.95538698589e-7,8.7554599304e-7,8.33483113638e-7,8.67775952429e-7,8.04210628758e-7,6.06387743574e-7,4.31268347256e-7,4.10703819398e-7,3.87004661206e-7,2.84486816327e-7,1.85679311926e-7],"min":[1.93909268024e-24,1.86142340766e-24,1.20576048299e-24,2.19357861662e-24,1.67970239561e-24,3.47357584117e-24,1.20302826325e-24,3.06442780787e-24,3.84372002752e-24,3.72807775198e-24,5.64637448104e-24,3.39845025059e-24,2.05575751672e-24,3.90185710409e-24,5.34776932917e-24,3.81783079591e-24,4.72204840902e-24,6.41743079563e-24,4.66761069567e-24,3.44051113076e-24,3.9124522949e-24,6.02619838513e-24,5.45929217306e-24,4.21040150893e-24,4.00591811268e-24,5.11280237538e-24,5.26647602959e-24,6.10164701425e-24,7.23140351004e-24,6.98953402334e-24,5.54644158156e-24,6.3013081038e-24,6.84892824445e-24,6.73840252074e-24,6.05371424793e-24,6.39828474703e-24,6.55814701504e-24,7.01017378006e-24,7.03822094069e-24,7.63927930792e-24],"var":[0.0000869614304975,0.0000422762423113,0.00000389864408135,0.00000316830391967,6.3933509864e-7,1.96901339677e-7,1.82902340384e-7,3.46333280277e-7,2.5457893571e-7,2.25202029469e-7,1.50715294467e-7,2.91108346318e-8,1.44055265494e-8,1.84173154505e-9,1.94843607915e-9,1.92527815912e-9,6.05921401942e-9,3.70627106783e-9,2.77188871856e-9,2.55675702832e-9,1.89723503574e-9,1.71733793852e-9,2.18027396137e-9,1.03975472676e-9,2.87378509878e-10,1.91719987108e-10,2.50985343619e-10,1.13863397877e-10,1.46470613416e-10,4.60938537339e-10,5.65330837698e-10,3.46428025155e-10,2.76956430012e-10,1.54567331156e-10,1.06035666358e-10,8.43440386977e-11,5.06788673527e-11,4.16787993007e-11,2.70383628681e-11,1.11493245192e-11]},"melbands_crest":{"dmean":3.97052288055,"dmean2":6.21607637405,"dvar":13.7872562408,"dvar2":32.1670150757,"max":36.9646148682,"mean":18.2189464569,"median":18.1362552643,"min":1.84547698498,"var":36.7344207764},"melbands_flatness_db":{"dmean":0.0418769940734,"dmean2":0.0580635741353,"dvar":0.00194484007079,"dvar2":0.00351940118708,"max":0.790890574455,"mean":0.282260984182,"median":0.260092675686,"min":0.0039490214549,"var":0.0149082373828},"melbands_kurtosis":{"dmean":29.8248710632,"dmean2":47.4743804932,"dvar":3864.31884766,"dvar2":9726.82617188,"max":1356.62329102,"mean":43.0975036621,"median":21.6215667725,"min":-1.9215182066,"var":4856.38037109},"melbands_skewness":{"dmean":1.50037717819,"dmean2":2.27607154846,"dvar":3.24469971657,"dvar2":7.52955150604,"max":28.519569397,"mean":4.22467660904,"median":3.78299164772,"min":-3.67684602737,"var":7.26627635956},"melbands_spread":{"dmean":6.72871637344,"dmean2":10.0325298309,"dvar":227.459640503,"dvar2":461.829925537,"max":238.869537354,"mean":15.7241201401,"median":9.41691875458,"min":0.164225116372,"var":623.045410156},"mfcc":{"cov":[[17259.0390625,-1056.8260498,-2043.61401367,-485.294250488,-335.539001465,-225.799285889,-15.8123579025,598.700439453,234.772689819,418.082092285,129.727813721,86.6507873535,-90.1598129272],[-1056.8260498,2240.70849609,123.776885986,-123.779655457,2.24754905701,-18.4134368896,86.4150772095,40.0530776978,2.92472743988,35.1245307922,85.0788421631,47.8955039978,114.402496338],[-2043.61401367,123.776885986,1030.28625488,212.902832031,38.6780700684,141.802932739,29.0286445618,-113.878669739,-24.8990764618,-90.4291381836,-31.0015182495,-2.01367735863,-3.59079551697],[-485.294250488,-123.779655457,212.902832031,410.270141602,163.608032227,22.980928421,-42.2800865173,-27.9998569489,-0.301142007113,-39.7992248535,-47.0002365112,-24.5487766266,44.9930725098],[-335.539001465,2.24754905701,38.6780700684,163.608032227,270.312957764,33.9275665283,-36.4289131165,7.61943054199,8.64992523193,-6.58345127106,-32.5490112305,-19.5314235687,12.0757188797],[-225.799285889,-18.4134368896,141.802932739,22.980928421,33.9275665283,179.885971069,81.2718505859,17.5747356415,38.6552047729,8.37649917603,28.3351192474,24.1646327972,-2.47469377518],[-15.8123579025,86.4150772095,29.0286445618,-42.2800865173,-36.4289131165,81.2718505859,191.305465698,80.4043426514,45.1400680542,51.9337501526,55.2138252258,47.4046630859,6.82100009918],[598.700439453,40.0530776978,-113.878669739,-27.9998569489,7.61943054199,17.5747356415,80.4043426514,179.005004883,70.4067001343,39.1258239746,29.9080314636,28.6444320679,9.26774024963],[234.772689819,2.92472743988,-24.8990764618,-0.301142007113,8.64992523193,38.6552047729,45.1400680542,70.4067001343,119.114715576,55.1465911865,28.2916889191,31.7285957336,11.7615280151],[418.082092285,35.1245307922,-90.4291381836,-39.7992248535,-6.58345127106,8.37649917603,51.9337501526,39.1258239746,55.1465911865,133.503372192,63.7168502808,28.5435295105,7.45635318756],[129.727813721,85.0788421631,-31.0015182495,-47.0002365112,-32.5490112305,28.3351192474,55.2138252258,29.9080314636,28.2916889191,63.7168502808,116.045433044,55.5169754028,7.54754829407],[86.6507873535,47.8955039978,-2.01367735863,-24.5487766266,-19.5314235687,24.1646327972,47.4046630859,28.6444320679,31.7285957336,28.5435295105,55.5169754028,98.1496429443,26.4959907532],[-90.1598129272,114.402496338,-3.59079551697,44.9930725098,12.0757188797,-2.47469377518,6.82100009918,9.26774024963,11.7615280151,7.45635318756,7.54754829407,26.4959907532,101.559967041]],"icov":[[0.0000930942987907,0.0000280103504338,0.000137939001434,-0.0000411802357121,0.000159484523465,-0.0000813979713712,0.000200315567781,-0.000305348192342,0.0000747126541683,-0.000260387430899,0.000106970910565,-0.0000936629658099,0.0000946277141338],[0.0000280103504338,0.000548919895664,-0.00014116478269,0.000367217435269,-0.000237422005739,0.000310526404064,-0.000188890640857,-0.000147626371472,0.0000798774999566,0.0000349948859366,-0.000429724837886,0.000212315047975,-0.000734462577384],[0.000137939001434,-0.00014116478269,0.00170298432931,-0.000932109658606,0.000600636412855,-0.00116557453293,-0.000129685431602,0.00057897309307,-0.0000905101333046,0.000380932498956,0.000361999234883,-0.00041964292177,0.000675775925629],[-0.0000411802357121,0.000367217435269,-0.000932109658606,0.00428761122748,-0.00241733831353,0.000589189177845,-0.0000694794798619,0.000276885868516,-0.000574304373004,0.000700833101291,-0.000128673491417,0.000916944874916,-0.00231608375907],[0.000159484523465,-0.000237422005739,0.000600636412855,-0.00241733831353,0.00596451992169,-0.00218118191697,0.0021142384503,-0.00161304976791,0.000637694087345,-0.00170732708648,0.00166915857699,-0.000299842708046,0.000749726896174],[-0.0000813979713712,0.000310526404064,-0.00116557453293,0.000589189177845,-0.00218118191697,0.00933858193457,-0.00428833672777,0.00161176605616,-0.00291809486225,0.00221538706683,-0.00218687648885,0.000411203771364,0.00013407888764],[0.000200315567781,-0.000188890640857,-0.000129685431602,-0.0000694794798619,0.0021142384503,-0.00428833672777,0.0105378022417,-0.00475768838078,0.00167024880648,-0.00332876457833,0.0000791272468632,-0.00204466586001,0.000365850806702],[-0.000305348192342,-0.000147626371472,0.00057897309307,0.000276885868516,-0.00161304976791,0.00161176605616,-0.00475768838078,0.010709496215,-0.00524828396738,0.00253388285637,-0.000927030399907,0.000430286105257,-0.000255251128692],[0.0000747126541683,0.0000798774999566,-0.0000905101333046,-0.000574304373004,0.000637694087345,-0.00291809486225,0.00167024880648,-0.00524828396738,0.0145409945399,-0.00573877803981,0.00200164155103,-0.00277954270132,-0.000238845532294],[-0.000260387430899,0.0000349948859366,0.000380932498956,0.000700833101291,-0.00170732708648,0.00221538706683,-0.00332876457833,0.00253388285637,-0.00573877803981,0.0143340015784,-0.00689960829914,0.00217348290607,-0.000760329712648],[0.000106970910565,-0.000429724837886,0.000361999234883,-0.000128673491417,0.00166915857699,-0.00218687648885,0.0000791272468632,-0.000927030399907,0.00200164155103,-0.00689960829914,0.0167678967118,-0.00731308525428,0.00141289376188],[-0.0000936629658099,0.000212315047975,-0.00041964292177,0.000916944874916,-0.000299842708046,0.000411203771364,-0.00204466586001,0.000430286105257,-0.00277954270132,0.00217348290607,-0.00731308525428,0.0166353378445,-0.0042338357307],[0.0000946277141338,-0.000734462577384,0.000675775925629,-0.00231608375907,0.000749726896174,0.00013407888764,0.000365850806702,-0.000255251128692,-0.000238845532294,-0.000760329712648,0.00141289376188,-0.0042338357307,0.0128035983071]],"mean":[-685.529602051,125.815917969,33.5546035767,29.1297302246,10.2543115616,10.2143974304,0.0987821295857,7.32694864273,5.82375001907,6.42099952698,0.759458303452,-0.971820890903,1.30168259144]},"pitch_salience":{"dmean":0.0981076583266,"dmean2":0.155501380563,"dvar":0.00924541801214,"dvar2":0.0227243881673,"max":0.902910590172,"mean":0.456868112087,"median":0.458936750889,"min":0.0434434227645,"var":0.0244064331055},"silence_rate_20dB":{"dmean":0,"dmean2":0,"dvar":0,"dvar2":0,"max":1,"mean":1,"median":1,"min":1,"var":0},"silence_rate_30dB":{"dmean":0.0852217301726,"dmean2":0.170461937785,"dvar":0.0779588147998,"dvar2":0.174797743559,"max":1,"mean":0.91522115469,"median":1,"min":0,"var":0.0775967538357},"silence_rate_60dB":{"dmean":0.0355632640421,"dmean2":0.0711342468858,"dvar":0.0342937111855,"dvar2":0.0715011581779,"max":1,"mean":0.0770815238357,"median":0,"min":0,"var":0.071145132184},"spectral_centroid":{"dmean":259.071014404,"dmean2":371.345916748,"dvar":150807.65625,"dvar2":271364.0625,"max":11487.6210938,"mean":1053.47961426,"median":865.151611328,"min":95.0120849609,"var":945970.3125},"spectral_complexity":{"dmean":3.26076102257,"dmean2":4.78529596329,"dvar":15.4620666504,"dvar2":30.2956962585,"max":62,"mean":15.2666959763,"median":14,"min":0,"var":122.412658691},"spectral_contrast_coeffs":{"dmean":[0.0566564686596,0.0518213324249,0.0399903729558,0.0317552089691,0.0243460871279,0.0177922043949],"dmean2":[0.089191056788,0.0809759199619,0.0634424611926,0.0502208694816,0.0370743386447,0.0272116363049],"dvar":[0.0023246477358,0.00189451838378,0.00107222073711,0.000703580968548,0.00047569104936,0.000267034483841],"dvar2":[0.00561978574842,0.00452105142176,0.00260839820839,0.00163853180129,0.00101994746365,0.000575248966925],"max":[-0.231858745217,-0.351737439632,-0.407480686903,-0.533619165421,-0.532515823841,-0.585467278957],"mean":[-0.644189894199,-0.722833693027,-0.768337845802,-0.785873830318,-0.795976102352,-0.787485897541],"median":[-0.654888927937,-0.728176951408,-0.772590517998,-0.785853505135,-0.798432290554,-0.786886096001],"min":[-0.977042794228,-0.974289357662,-0.97363615036,-0.969784915447,-0.964718282223,-0.963984787464],"var":[0.00942209176719,0.00743193924427,0.0060829767026,0.00446348357946,0.00346099515446,0.00206694286317]},"spectral_contrast_valleys":{"dmean":[0.528781414032,0.499489754438,0.463922560215,0.402734011412,0.383758574724,0.438799470663],"dmean2":[0.786925256252,0.746325492859,0.666062772274,0.567276775837,0.506133139133,0.559899091721],"dvar":[0.316255658865,0.307135641575,0.276903480291,0.222459092736,0.237888127565,0.317741811275],"dvar2":[0.622983038425,0.614154100418,0.531957924366,0.406277090311,0.412039339542,0.558861017227],"max":[-4.81563520432,-4.53149175644,-5.35607051849,-5.61290788651,-5.28451156616,-7.2053155899],"mean":[-7.11770153046,-7.18012523651,-7.96909618378,-8.48187637329,-8.37998199463,-10.3508901596],"median":[-6.72470998764,-6.83908891678,-7.52682209015,-8.15597820282,-8.0573015213,-10.0580024719],"min":[-28.0098304749,-28.2220535278,-27.6441612244,-27.5583057404,-27.4154033661,-27.3744335175],"var":[3.24177002907,3.10379958153,3.30336499214,3.18883275986,3.45092487335,3.17487192154]},"spectral_decrease":{"dmean":5.6573625784e-9,"dmean2":8.99163765666e-9,"dvar":7.79124661512e-17,"dvar2":1.90263597872e-16,"max":6.01472272494e-17,"mean":-1.19249268238e-8,"median":-9.69824931474e-9,"min":-6.20587954359e-8,"var":1.159941344e-16},"spectral_energy":{"dmean":0.0217043980956,"dmean2":0.0344439856708,"dvar":0.00112977903336,"dvar2":0.0027596023865,"max":0.235862508416,"mean":0.0469076931477,"median":0.0386904627085,"min":1.04352315864e-20,"var":0.00172389845829},"spectral_energyband_high":{"dmean":0.000564716465306,"dmean2":0.000726018450223,"dvar":0.00000213806970351,"dvar2":0.00000330291391037,"max":0.0536936447024,"mean":0.00117205036804,"median":0.000272627745289,"min":7.29562152721e-21,"var":0.00000933125465963},"spectral_energyband_low":{"dmean":0.0183229707181,"dmean2":0.0293085556477,"dvar":0.00106230459642,"dvar2":0.00260642287321,"max":0.230489686131,"mean":0.0316827371716,"median":0.0201657004654,"min":1.56696979408e-23,"var":0.00138617260382},"spectral_energyband_middle_high":{"dmean":0.00119345786516,"dmean2":0.00182141945697,"dvar":0.00000423039227826,"dvar2":0.00000988257670542,"max":0.0347803086042,"mean":0.0033164662309,"median":0.00187707063742,"min":1.17587308658e-21,"var":0.0000184187647392},"spectral_energyband_middle_low":{"dmean":0.00685761030763,"dmean2":0.0111017115414,"dvar":0.000134846457513,"dvar2":0.000349998357706,"max":0.115135133266,"mean":0.0122624794021,"median":0.00847683846951,"min":2.05289728852e-22,"var":0.000179786235094},"spectral_entropy":{"dmean":0.266381949186,"dmean2":0.358859568834,"dvar":0.107518598437,"dvar2":0.192438587546,"max":9.81714630127,"mean":7.31115674973,"median":7.48155641556,"min":3.31030678749,"var":0.685661554337},"spectral_flux":{"dmean":0.0432196222246,"dmean2":0.0658940449357,"dvar":0.0030089574866,"dvar2":0.00644059013575,"max":0.449714660645,"mean":0.102792456746,"median":0.0823539942503,"min":6.27918966822e-11,"var":0.00579090742394},"spectral_kurtosis":{"dmean":2.95054984093,"dmean2":4.34307909012,"dvar":40.5087623596,"dvar2":82.2767944336,"max":150.051116943,"mean":7.02774858475,"median":4.40826129913,"min":-1.25499606133,"var":116.253051758},"spectral_rms":{"dmean":0.00144868169446,"dmean2":0.00215250416659,"dvar":0.0000033982153127,"dvar2":0.00000752960249883,"max":0.0151693690568,"mean":0.00602762261406,"median":0.00614384189248,"min":3.19072307638e-12,"var":0.00000943110990193},"spectral_rolloff":{"dmean":455.228240967,"dmean2":751.83392334,"dvar":1332770.75,"dvar2":2848093,"max":19638.28125,"mean":1102.16210938,"median":430.6640625,"min":43.06640625,"var":5314498},"spectral_skewness":{"dmean":0.354468166828,"dmean2":0.498070001602,"dvar":0.257065951824,"dvar2":0.483077049255,"max":10.4167118073,"mean":1.93768692017,"median":1.72674489021,"min":-0.0858865007758,"var":1.21414208412},"spectral_spread":{"dmean":874562.125,"dmean2":1244892.25,"dvar":1342452006910,"dvar2":2850188689410,"max":42714624,"mean":5425408.5,"median":5100379,"min":671691.125,"var":7366376947710},"spectral_strongpeak":{"dmean":0.312150835991,"dmean2":0.530089378357,"dvar":0.29127395153,"dvar2":0.753142893314,"max":11.3647117615,"mean":0.57696723938,"median":0.431307345629,"min":0,"var":0.40003028512},"zerocrossingrate":{"dmean":0.0125803761184,"dmean2":0.0140471663326,"dvar":0.000311321113259,"dvar2":0.000330875627697,"max":0.61328125,"mean":0.0520984008908,"median":0.03515625,"min":0.001953125,"var":0.00432553887367}},"metadata":{"audio_properties":{"analysis_sample_rate":44100,"bit_rate":249546,"codec":"mp3","downmix":"mix","equal_loudness":0,"length":214.15184021,"lossless":false,"md5_encoded":"1753434794c773fbbfb24910b71dc7a5","replay_gain":-7.81141281128,"sample_rate":44100},"tags":{"acoustid_id":["3f14faf3-d885-4551-ba3b-1a8d55b33abd"],"album":["Always Ascending"],"albumartist":["Franz Ferdinand"],"albumartistsort":["Franz Ferdinand"],"albumsort":["Always Ascending"],"artist":["Franz Ferdinand"],"artistsort":["Franz Ferdinand"],"date":["2018-02-09"],"discnumber":["1/1"],"file_name":"06-Lois_Lane.mp3","label":["Domino"],"media":["Digital Media"],"musicbrainz album release country":["US"],"musicbrainz album status":["official"],"musicbrainz album type":["album"],"musicbrainz_albumartistid":["aa7a2827-f74b-473c-bd79-03d065835cf7"],"musicbrainz_albumid":["06281055-5569-4f92-b1b3-39e614b9ae19"],"musicbrainz_artistid":["aa7a2827-f74b-473c-bd79-03d065835cf7"],"musicbrainz_recordingid":["89defbc7-86d2-497a-bc22-07fd4796edb4"],"musicbrainz_releasegroupid":["a0ef4495-f844-4d32-956a-c46a00a409be"],"originaldate":["2018-02-09"],"originalyear":["2018"],"script":["Latn"],"title":["Lois Lane"],"titlesort":["Lois Lane"],"tracknumber":["6/10"]},"version":{"essentia":"2.1-beta2","essentia_build_sha":"cead25079874084f62182a551b7393616cd33d87","essentia_git_sha":"v2.1_beta2-1-ge3940c0","extractor":"music 1.0"}},"rhythm":{"beats_count":460,"beats_loudness":{"dmean":0.041748765856,"dmean2":0.0810042396188,"dvar":0.000657224911265,"dvar2":0.00224110367708,"max":0.201578810811,"mean":0.0752567648888,"median":0.06993894279,"min":1.04322987748e-10,"var":0.00135044567287},"beats_loudness_band_ratio":{"dmean":[0.376646757126,0.255915939808,0.076450496912,0.0221658218652,0.0232206638902,0.0574762299657],"dmean2":[0.74293255806,0.508504748344,0.148193493485,0.0427355542779,0.0452176332474,0.112201720476],"dvar":[0.03