{"lowlevel":{"average_loudness":0.729696333408,"barkbands":{"dmean":[0.0000290679890895,0.00304786791094,0.000813193037175,0.000415958755184,0.000503890623804,0.000331237417413,0.000358974997653,0.000319056329317,0.000437245966168,0.000360978563549,0.000313375960104,0.000282150576822,0.000348124740412,0.000513790175319,0.000611512572505,0.000406462961109,0.000443165743491,0.000339821650414,0.000250463112025,0.000211441889405,0.000211979917367,0.000201429211302,0.000232726408285,0.000155417306814,0.00013872483396,0.0000670691006235,0.0000223275837925],"dmean2":[0.0000484213742311,0.00523379771039,0.00135930126999,0.000700185424648,0.00086147710681,0.000554780417588,0.00059318105923,0.000523930299096,0.000714550900739,0.00059401296312,0.000507228251081,0.000460205104901,0.000563667330425,0.000840019900352,0.000991946901195,0.000661789788865,0.000736569403671,0.000551357632503,0.00040682128747,0.000340999627952,0.000338309298968,0.000321093772072,0.000363053753972,0.000240874054725,0.000213818522752,0.00010229738109,0.0000341127088177],"dvar":[2.09848116661e-9,0.0000532881567779,0.00000218526588469,4.21645125925e-7,6.63981040816e-7,4.9505467814e-7,9.77952254289e-7,5.65945015296e-7,0.00000108330903004,0.00000117944034628,6.06049127327e-7,5.99392933509e-7,7.12493942956e-7,0.00000132022739763,0.00000228541966862,6.91274635756e-7,3.59165227337e-7,3.62475901738e-7,1.6894139776e-7,1.00342475662e-7,1.20404862969e-7,8.55524220356e-8,1.16249729842e-7,3.99370598814e-8,4.84527866718e-8,9.76309522116e-9,1.38438716046e-9],"dvar2":[5.51861090159e-9,0.00014012720203,0.00000531865180164,0.00000109874986265,0.00000186525539903,0.00000125014798869,0.00000236001073972,0.00000136414962526,0.00000254947053691,0.00000282348696601,0.00000145964747844,0.00000147989533161,0.00000172761099293,0.00000332820422955,0.00000562234208701,0.00000177986919425,9.34480965498e-7,8.75106536569e-7,4.37698190581e-7,2.53349440982e-7,2.88609129484e-7,2.02327882448e-7,2.7487979537e-7,9.57265271495e-8,1.22225884525e-7,2.3555211115e-8,3.28386184911e-9],"max":[0.000550490920432,0.0719159543514,0.0150156226009,0.0114612206817,0.0166289713234,0.0169306695461,0.0236311312765,0.0211841333658,0.0309079866856,0.044062294066,0.0181364696473,0.024509742856,0.0325384959579,0.035059157759,0.0516952387989,0.023408273235,0.0128140533343,0.0188826210797,0.0119480080903,0.00606338120997,0.00807414483279,0.00547767663375,0.00939558818936,0.00365797593258,0.00350657221861,0.00115906621795,0.000328932743287],"mean":[0.0000401680881623,0.00314517365769,0.000909750699066,0.000672511931043,0.000830559700262,0.000563089095522,0.000476448825793,0.000420367287006,0.000643977778964,0.000523902010173,0.000457296991954,0.000431319116615,0.000546342344023,0.000911894778255,0.0010733223753,0.000777139910497,0.000969471002463,0.000722508993931,0.000600479426794,0.000529416196514,0.000520754430909,0.00046963931527,0.000543914386071,0.000350164656993,0.000256467144936,0.00012458821584,0.0000294783858408],"median":[0.0000215286181628,0.000928848050535,0.000390423927456,0.000344305648468,0.000520082074217,0.000189135389519,0.00011202893802,0.000116299619549,0.000241469475441,0.000153627930558,0.000129532199935,0.000168117883732,0.000209550620639,0.000421466917032,0.000428948318586,0.000425076083047,0.000724870129488,0.000431577733252,0.000425701611675,0.000327763264067,0.000316536839819,0.000297445163596,0.000346035987604,0.000266908027697,0.000180593240657,0.000086997562903,0.0000113750738819],"min":[1.18062082701e-23,2.33086120061e-23,3.73702690564e-23,2.5475401498e-23,1.30782291248e-23,2.45327174494e-23,6.69368672919e-23,2.76463530201e-23,7.4252258456e-23,1.03018008256e-22,5.78897244925e-23,5.80730179016e-23,1.78315608386e-22,5.90604761174e-23,1.05437917969e-22,1.76775108188e-22,2.34480990224e-22,1.83722940657e-22,4.14092804362e-22,3.92023808383e-22,4.65727474032e-22,3.63976811841e-22,5.10197014764e-22,8.14827328456e-22,1.20893617825e-21,1.50128858509e-21,2.63961916272e-21],"var":[2.61494403908e-9,0.0000486033131892,0.00000234450385506,8.49024786476e-7,0.00000106976574443,0.00000167070231782,0.00000151106098656,7.78085563979e-7,0.00000181449138381,0.00000192366428564,0.0000010241453765,9.02945487269e-7,0.00000130993055336,0.00000278930815512,0.00000486386898046,0.00000143002807818,7.34328239105e-7,9.35717082484e-7,3.62884748029e-7,3.40530647236e-7,3.562094264e-7,2.28047468909e-7,3.23910768429e-7,9.38998496736e-8,6.9551411741e-8,1.65058526846e-8,1.87567472665e-9]},"barkbands_crest":{"dmean":2.52986311913,"dmean2":4.2733798027,"dvar":7.41461038589,"dvar2":19.3890705109,"max":23.0683040619,"mean":6.82238340378,"median":5.62642669678,"min":1.9015225172,"var":14.5628137589},"barkbands_flatness_db":{"dmean":0.0147781064734,"dmean2":0.0240714028478,"dvar":0.000251604215009,"dvar2":0.000671347079333,"max":0.398356616497,"mean":0.0611873790622,"median":0.0534584000707,"min":0.0140379071236,"var":0.0011432452593},"barkbands_kurtosis":{"dmean":0.822570979595,"dmean2":1.37060475349,"dvar":6.06005096436,"dvar2":14.5383071899,"max":168.509216309,"mean":-0.038877889514,"median":-0.955961227417,"min":-1.82918989658,"var":61.6572265625},"barkbands_skewness":{"dmean":0.40850353241,"dmean2":0.653311431408,"dvar":0.184293299913,"dvar2":0.461978316307,"max":10.7786235809,"mean":0.216792836785,"median":0.0724140405655,"min":-2.25690221786,"var":0.785964250565},"barkbands_spread":{"dmean":8.42309761047,"dmean2":13.4487905502,"dvar":62.9854240417,"dvar2":162.253387451,"max":138.247085571,"mean":45.3377914429,"median":44.8128547668,"min":1.31395030022,"var":220.591629028},"dissonance":{"dmean":0.0072413389571,"dmean2":0.0124365696684,"dvar":0.0000573628894927,"dvar2":0.000157471804414,"max":0.500000119209,"mean":0.488711118698,"median":0.491423904896,"min":0.382683187723,"var":0.0000959898970905},"dynamic_complexity":2.55383443832,"erbbands":{"dmean":[0.0473194122314,0.812723875046,1.24954378605,1.04911148548,1.08136260509,2.16683244705,2.5577712059,2.80267333984,3.62623500824,7.41000366211,6.56198835373,9.68293571472,11.4551076889,10.6826210022,11.2222013474,11.5254335403,14.7827262878,20.8459358215,32.4194335938,24.3213691711,20.0181827545,23.2637271881,19.3005008698,12.2524766922,11.5616922379,10.5666770935,8.2798614502,8.90537452698,6.85423851013,8.12714481354,6.16455745697,3.47349333763,2.71955060959,1.82480311394,0.896597802639,0.339630156755,0.114918597043,0.035315617919,0.00351070496254,0.000127045161207],"dmean2":[0.080433100462,1.39667510986,2.07677388191,1.76567196846,1.80345201492,3.72517251968,4.26414632797,4.82013988495,6.09690570831,12.1450767517,10.7034883499,15.7874135971,18.7341499329,17.3950500488,17.9591636658,18.4925765991,23.8762340546,33.0958251953,52.1303710938,39.2238845825,32.7570266724,38.3920021057,31.4834671021,19.8440494537,18.9283409119,17.0573406219,13.2606515884,14.3099565506,10.8921470642,12.8535032272,9.63531589508,5.45695447922,4.25747585297,2.84031152725,1.39325797558,0.529645621777,0.174759507179,0.0521108992398,0.0054585179314,0.00020521870465],"dvar":[0.00934244226664,3.94590330124,7.28999900818,2.61104941368,2.49352955818,13.9969120026,33.2269477844,44.822303772,108.601997375,428.913726807,240.328704834,602.429443359,991.057556152,863.822509766,751.684265137,934.881713867,1220.77490234,2105.82397461,5931.4765625,3863.890625,1231.02026367,938.64666748,1104.5682373,427.182342529,321.840362549,282.40927124,230.636474609,215.355010986,108.438476562,130.537506104,84.6693954468,21.0823631287,13.1604118347,7.33893442154,2.4899597168,0.304114878178,0.0279118455946,0.00247776228935,0.0000408679370594,7.86550486964e-8],"dvar2":[0.0243789888918,10.3482065201,17.8500938416,6.83707523346,6.51635313034,39.4286460876,81.6908569336,118.397544861,250.795761108,1086.61376953,565.690673828,1372.07202148,2448.2878418,2162.88696289,1789.83435059,2277.21118164,3071.56982422,5002.33300781,14406.140625,9864.83300781,3091.07104492,2427.37158203,2669.61987305,1084.86743164,819.179870605,713.431335449,564.450866699,516.99987793,253.406829834,317.101196289,195.922958374,50.4824714661,31.8242549896,18.1727294922,6.4121222496,0.752050161362,0.0659479275346,0.00569031573832,0.000098732598417,2.06671955993e-7],"max":[1.12738156319,19.5737705231,28.4028129578,31.0502643585,28.0062408447,79.9301986694,258.863250732,151.70703125,357.109161377,520.001953125,454.828826904,947.312133789,794.606506348,798.118835449,678.247619629,1152.71826172,787.260131836,1302.0234375,2228.96923828,3168.69921875,1113.84155273,580.560424805,1262.66125488,556.462890625,456.267456055,367.383056641,496.384765625,444.579193115,209.192749023,161.70085144,251.132873535,85.342628479,77.7165527344,40.5009803772,25.0515022278,6.95913600922,2.53371334076,0.582568228245,0.0685872510076,0.00394953275099],"mean":[0.0591631606221,0.793522536755,1.35060572624,1.64270699024,1.96857738495,3.13151264191,5.31004667282,3.78922224045,4.61702680588,10.2899999619,9.4773349762,14.5570745468,17.0518894196,16.7552509308,18.0629749298,19.3107757568,25.2496509552,38.5868682861,61.8511199951,48.5035133362,44.2107925415,53.9169616699,43.4680862427,29.9939117432,28.9772605896,26.4851322174,20.3864955902,20.7687492371,16.1171894073,18.6732139587,14.1621580124,8.20257091522,5.60716819763,3.42169141769,1.53072285652,0.579228460789,0.213336467743,0.0627210587263,0.00416868599132,0.000156830574269],"median":[0.0197993777692,0.218017116189,0.522296786308,0.986190795898,1.24181163311,1.87818419933,1.77015817165,1.46927809715,1.48300743103,2.18019366264,3.49703168869,5.78348636627,5.84360218048,5.18955135345,6.45819759369,7.92796325684,10.380437851,17.6488075256,27.4288215637,20.6379699707,29.2684059143,40.4823989868,27.9371967316,20.352973938,20.5680809021,15.8556404114,12.3787469864,12.5740394592,9.99849414825,11.9508304596,9.06168937683,6.09888744354,4.15910625458,2.48111915588,1.00478291512,0.369083344936,0.150219768286,0.0396369248629,0.00126010458916,0.0000656158372294],"min":[1.56706317627e-21,2.544126654e-21,3.03284252941e-20,7.84837107749e-20,3.62521112298e-20,5.7399729991e-20,1.87649734743e-19,2.0526485608e-19,7.13695982004e-19,1.1491173424e-18,6.81318943757e-19,1.20603677773e-18,3.06163119353e-18,2.63109423125e-18,3.07493928882e-18,2.56684277038e-18,6.51933094002e-18,5.09755718673e-18,2.90421024436e-18,8.21334430856e-18,1.03415915163e-17,1.2755484042e-17,1.20428365114e-17,1.55218142383e-17,1.95967110766e-17,1.84601268646e-17,2.19273801336e-17,1.56508213267e-17,1.25753332035e-17,1.3487969018e-17,1.69599008205e-17,1.50958956322e-17,1.44159597861e-17,9.34684644555e-18,1.05169132743e-17,6.64825200157e-18,2.88248558635e-18,9.85866941265e-19,3.59937898331e-19,4.17846893698e-20],"var":[0.0115911783651,3.43181204796,7.09606981277,3.89549255371,4.72493839264,15.8279829025,254.709579468,53.3828544617,147.740310669,718.115783691,355.261230469,970.619628906,1524.82983398,1463.52600098,1338.40356445,1558.55200195,2502.9362793,4486.31884766,14637.0175781,8920.70703125,2618.95922852,2143.19311523,2774.44238281,971.914367676,823.380554199,973.24597168,514.573669434,609.69354248,283.566131592,364.368255615,226.320770264,58.8542327881,25.4393005371,11.3096036911,3.177744627,0.462962478399,0.0479176752269,0.00439956272021,0.0000490205311507,7.4152772811e-8]},"erbbands_crest":{"dmean":2.09756398201,"dmean2":3.47076678276,"dvar":4.36887264252,"dvar2":11.1318321228,"max":29.8488712311,"mean":7.03883695602,"median":6.21151256561,"min":2.15717697144,"var":10.3161725998},"erbbands_flatness_db":{"dmean":0.014558932744,"dmean2":0.0220710095018,"dvar":0.000171389008756,"dvar2":0.000369009067072,"max":0.286633372307,"mean":0.124114148319,"median":0.120952740312,"min":0.0497787520289,"var":0.00100942433346},"erbbands_kurtosis":{"dmean":0.721962153912,"dmean2":1.14923965931,"dvar":0.795150220394,"dvar2":1.77830588818,"max":36.4038619995,"mean":0.682604670525,"median":0.319324016571,"min":-1.8827701807,"var":3.96779584885},"erbbands_skewness":{"dmean":0.267533779144,"dmean2":0.417355418205,"dvar":0.0613481849432,"dvar2":0.140418604016,"max":5.04211235046,"mean":-0.313729941845,"median":-0.340702623129,"min":-2.82465982437,"var":0.334155827761},"erbbands_spread":{"dmean":7.17411708832,"dmean2":11.2416973114,"dvar":49.8528862,"dvar2":120.465637207,"max":141.847000122,"mean":35.5104370117,"median":33.8593063354,"min":3.92360877991,"var":177.922363281},"gfcc":{"cov":[[5351.64453125,-363.047912598,-290.941467285,-57.8030662537,-445.235290527,334.626678467,32.317817688,128.289276123,28.981048584,64.7290725708,-37.0906600952,58.4283332825,-9.38279628754],[-363.047912598,635.383483887,-175.816619873,67.1886901855,52.6146011353,-119.0522995,6.07400941849,-41.9356307983,-24.4435005188,-12.782497406,7.0046415329,-34.3555297852,6.59944057465],[-290.941467285,-175.816619873,633.004882812,52.8803787231,145.327529907,89.0776290894,13.2692050934,38.9833488464,38.1029167175,10.2131633759,32.3262710571,42.7136802673,11.7295446396],[-57.8030662537,67.1886901855,52.8803787231,239.136566162,56.0845413208,52.7620391846,-4.61834716797,-4.11352825165,19.7112064362,-1.96605658531,4.29328155518,-8.52759742737,4.9420003891],[-445.235290527,52.6146011353,145.327529907,56.0845413208,250.426849365,27.017616272,46.2722053528,5.49968290329,0.60014384985,-6.92749786377,16.4468231201,5.9427781105,12.032992363],[334.626678467,-119.0522995,89.0776290894,52.7620391846,27.017616272,245.310287476,73.5422973633,68.5818328857,2.28311467171,-6.06646823883,6.23745059967,15.528588295,-1.81435906887],[32.317817688,6.07400941849,13.2692050934,-4.61834716797,46.2722053528,73.5422973633,137.845779419,45.786655426,13.8320579529,-10.6212520599,5.06853103638,10.3381633759,7.47442054749],[128.289276123,-41.9356307983,38.9833488464,-4.11352825165,5.49968290329,68.5818328857,45.786655426,117.179718018,34.2926940918,12.5806531906,-7.18389606476,-1.61185407639,-8.0321855545],[28.981048584,-24.4435005188,38.1029167175,19.7112064362,0.60014384985,2.28311467171,13.8320579529,34.2926940918,101.10043335,41.654296875,10.3729810715,-8.46410369873,-6.55698394775],[64.7290725708,-12.782497406,10.2131633759,-1.96605658531,-6.92749786377,-6.06646823883,-10.6212520599,12.5806531906,41.654296875,82.4715499878,30.088968277,3.37668204308,-8.07714939117],[-37.0906600952,7.0046415329,32.3262710571,4.29328155518,16.4468231201,6.23745059967,5.06853103638,-7.18389606476,10.3729810715,30.088968277,71.2665710449,33.4633903503,5.94195318222],[58.4283332825,-34.3555297852,42.7136802673,-8.52759742737,5.9427781105,15.528588295,10.3381633759,-1.61185407639,-8.46410369873,3.37668204308,33.4633903503,74.107170105,34.3330726624],[-9.38279628754,6.59944057465,11.7295446396,4.9420003891,12.032992363,-1.81435906887,7.47442054749,-8.0321855545,-6.55698394775,-8.07714939117,5.94195318222,34.3330726624,66.6866912842]],"icov":[[0.000267500407062,0.0000365190171578,0.000110493128886,0.00000438466531705,0.000425204314524,-0.000420312106144,0.0000148944727698,-0.0000395924580516,-0.0000346299457306,-0.000280783278868,0.000304476590827,-0.000351485592546,0.0000360817575711],[0.0000365190171578,0.00225941650569,0.000613044947386,-0.000945932231843,-0.000481383642182,0.00131712818984,-0.000747768674046,-0.00025482030469,0.000781863986049,0.000129526379169,-0.00111184024718,0.00124987040181,-0.000532221456524],[0.000110493128886,0.000613044947386,0.0023264575284,-0.000207158242119,-0.00126151344739,-0.000526340329088,0.000756822759286,-0.000417830073275,-0.000854034035001,0.000341950595612,-0.000304273446091,-0.00114552280866,0.000213502513361],[0.00000438466531705,-0.000945932231843,-0.000207158242119,0.00549165299162,-0.000942782440688,-0.00229649152607,0.00165642460342,0.00114591186866,-0.00207380880602,0.000754846085329,-0.0000234949457081,0.00072322646156,-0.000699042459019],[0.000425204314524,-0.000481383642182,-0.00126151344739,-0.000942782440688,0.00624953163788,-0.000314479199005,-0.00207785656676,0.000175940294866,0.000834607169963,-0.000388855085475,-0.000531753641553,0.000600648869295,-0.000709816406015],[-0.000420312106144,0.00131712818984,-0.000526340329088,-0.00229649152607,-0.000314479199005,0.00785443093628,-0.00325436913408,-0.00309198652394,0.00241800351068,0.000499709916767,-0.00146546971519,0.000404470076319,0.000556678918656],[0.0000148944727698,-0.000747768674046,0.000756822759286,0.00165642460342,-0.00207785656676,-0.00325436913408,0.0111627168953,-0.00250350288115,-0.00259590428323,0.00283891148865,-0.000916629040148,-0.0010348490905,-0.000743007403798],[-0.0000395924580516,-0.00025482030469,-0.000417830073275,0.00114591186866,0.000175940294866,-0.00309198652394,-0.00250350288115,0.0130225848407,-0.00380752212368,-0.00160335749388,0.00343073299155,-0.000998964649625,0.00138151831925],[-0.0000346299457306,0.000781863986049,-0.000854034035001,-0.00207380880602,0.000834607169963,0.00241800351068,-0.00259590428323,-0.00380752212368,0.0156360082328,-0.0070809754543,-0.00096337730065,0.00335162342526,-0.000990757835098],[-0.000280783278868,0.000129526379169,0.000341950595612,0.000754846085329,-0.000388855085475,0.000499709916767,0.00283891148865,-0.00160335749388,-0.0070809754543,0.0197778232396,-0.0087287183851,0.00134848989546,0.0011868000729],[0.000304476590827,-0.00111184024718,-0.000304273446091,-0.0000234949457081,-0.000531753641553,-0.00146546971519,-0.000916629040148,0.00343073299155,-0.00096337730065,-0.0087287183851,0.0245400760323,-0.012658027932,0.00395850697532],[-0.000351485592546,0.00124987040181,-0.00114552280866,0.00072322646156,0.000600648869295,0.000404470076319,-0.0010348490905,-0.000998964649625,0.00335162342526,0.00134848989546,-0.012658027932,0.0268277879804,-0.0123182795942],[0.0000360817575711,-0.000532221456524,0.000213502513361,-0.000699042459019,-0.000709816406015,0.000556678918656,-0.000743007403798,0.00138151831925,-0.000990757835098,0.0011868000729,0.00395850697532,-0.0123182795942,0.0214959736913]],"mean":[37.4210472107,24.9369659424,-119.386154175,41.3449172974,-45.9318580627,21.049451828,-40.5943145752,12.1425199509,-22.0268192291,3.38095664978,-22.2742042542,2.30141448975,-15.197511673]},"hfc":{"dmean":8.38780212402,"dmean2":12.2219820023,"dvar":94.0586776733,"dvar2":204.497817993,"max":174.916366577,"mean":34.5289535522,"median":28.7052536011,"min":1.14881913966e-16,"var":576.007995605},"melbands":{"dmean":[0.000663815939333,0.000841115426738,0.000178455593414,0.000104963371996,0.0000937269433052,0.0000631435614196,0.0000601445644861,0.0000775836451794,0.0000543417882,0.0000645463587716,0.0000589876872255,0.0000449134422524,0.0000428085986641,0.0000298262548313,0.0000360095145879,0.0000336995872203,0.0000435697002104,0.000057072029449,0.0000401779543608,0.0000309264432872,0.0000258321560977,0.0000273864370683,0.0000235645547946,0.0000158668008226,0.0000107292507892,0.0000110820492409,0.00000764569267631,0.00000821076901047,0.00000555857741347,0.000005905281796,0.00000548808839085,0.00000396264067604,0.00000462213210994,0.00000518264505445,0.00000430582576882,0.00000266984147856,0.00000227572854783,0.00000220137553697,0.00000159590740623,0.00000160112040248],"dmean2":[0.00114188482985,0.00140961096622,0.000297280581435,0.000178171583684,0.000157672300702,0.000108050662675,0.000100675861177,0.000127364735818,0.0000883759494172,0.000105478065962,0.0000965751241893,0.0000733077031327,0.0000684895203449,0.0000488802543259,0.0000585566413065,0.000054312091379,0.0000693594920449,0.0000922957988223,0.0000653148963465,0.000050605256547,0.0000428384628322,0.0000456558082078,0.0000390297682316,0.0000258972850133,0.0000176370049303,0.0000183038737305,0.0000126138893393,0.0000133746962092,0.00000905163869902,0.00000941881080507,0.00000889758848643,0.00000638831397737,0.00000744027056498,0.00000828756128612,0.00000681788333168,0.00000423942356065,0.00000364348557014,0.000003496954605,0.00000252880204243,0.00000251024721365],"dvar":[0.00000229077568292,0.00000390174545828,7.23343163145e-8,2.59006132097e-8,3.45377095812e-8,2.18331948076e-8,2.78582685809e-8,4.29103756971e-8,1.64648223944e-8,2.74182934135e-8,2.67964015421e-8,1.69258189686e-8,1.12014539866e-8,7.49440776104e-9,7.34866656416e-9,7.3587318461e-9,9.93821380746e-9,1.83498123363e-8,9.88064741136e-9,5.59236212894e-9,1.91947324701e-9,1.30448463143e-9,1.38995071008e-9,1.05989983457e-9,3.43035377881e-10,3.70134950467e-10,1.33076397124e-10,1.91636179148e-10,9.90703075132e-11,1.19288828815e-10,8.863792339e-11,3.61746778366e-11,4.99582979152e-11,5.79927286748e-11,4.36486020938e-11,1.65401355806e-11,9.08753974849e-12,8.87216775741e-12,5.38900868374e-12,5.93103951368e-12],"dvar2":[0.00000603783519182,0.00000985816950561,1.85296627819e-7,7.16215069474e-8,8.9531880576e-8,5.67734730339e-8,6.61415882064e-8,1.08390381115e-7,3.81926845705e-8,6.32716989912e-8,6.56460557025e-8,4.22261123845e-8,2.65571831193e-8,1.88764843756e-8,1.80229182689e-8,1.76041901057e-8,2.33730261812e-8,4.46480541427e-8,2.43533033739e-8,1.44500615917e-8,4.67089966705e-9,3.41252537339e-9,3.39989325582e-9,2.6069384429e-9,8.77146633105e-10,9.49761602698e-10,3.40847405855e-10,4.95085361596e-10,2.49822246223e-10,2.78867456904e-10,2.07463921043e-10,8.47654793579e-11,1.24170423943e-10,1.43824341325e-10,1.04144852464e-10,3.95311283707e-11,2.25495316863e-11,2.18259230134e-11,1.3363945367e-11,1.47277641471e-11],"max":[0.0153441969305,0.0204703882337,0.00450931210071,0.00302384840325,0.00725424755365,0.00378774898127,0.00452746124938,0.00501720793545,0.00437665078789,0.00607110233977,0.00467714713886,0.00431471830234,0.00248888949864,0.00255754147656,0.00260098325089,0.00336527940817,0.00311315362342,0.0040424768813,0.00449116202071,0.00210722000338,0.00130451645236,0.000644715793896,0.00109306687955,0.00148010742851,0.000556367915124,0.000586415582802,0.000254245300312,0.0002580746077,0.000301280233543,0.000368685199646,0.000304016895825,0.000159424336744,0.0001326486381,0.000118590236525,0.000174908855115,0.0000938609082368,0.0000642216691631,0.0000643829116598,0.0000411049659306,0.0000381353092962],"mean":[0.000727369333617,0.000880175328348,0.000303913693642,0.000171317893546,0.000179604467121,0.0000901655221242,0.0000774198415456,0.000107968924567,0.0000772076164139,0.000094481772976,0.0000851196746225,0.0000674726179568,0.000064453604864,0.0000458875801996,0.0000569759904465,0.0000540201144759,0.0000735759967938,0.000103136626421,0.0000719563176972,0.0000572046010348,0.0000514245439263,0.0000574443365622,0.0000480436792714,0.0000317854719469,0.0000229647466767,0.0000237980566453,0.0000173580629053,0.0000179124235729,0.000012209936358,0.0000127066223286,0.0000116408200483,0.00000858343810251,0.00000964106857282,0.0000108663334686,0.00000892921252671,0.000005726413292,0.00000477837420476,0.00000425988810093,0.00000296801636068,0.00000282417227027],"median":[0.000224798452109,0.000316140678478,0.000188461941434,0.000117618408694,0.0000744713615859,0.0000335324330081,0.0000225099138333,0.0000237291460508,0.0000278416973742,0.0000345456028299,0.0000272472025244,0.0000193828236661,0.0000195995198737,0.0000173537373485,0.0000232198908634,0.0000210172947845,0.0000328698479279,0.0000452154781669,0.000028916336305,0.0000256552666542,0.0000348969188053,0.0000429720530519,0.0000314250719384,0.0000178763912118,0.0000152814263856,0.0000164119883266,0.0000117334229799,0.00000965455728874,0.00000713899680704,0.00000747694502934,0.00000699673091731,0.00000539451457371,0.00000552915116714,0.00000681759092913,0.00000545596321899,0.00000367280745195,0.00000353934433406,0.00000306202491629,0.00000213950579564,0.00000196646965378],"min":[1.04242770032e-23,1.13518094003e-23,1.24083197666e-23,2.81658467196e-24,5.46677254659e-24,5.33028817151e-24,1.05244094844e-23,1.09817452834e-23,6.11500479596e-24,8.56842650336e-24,1.57563748216e-23,1.11000160434e-23,8.87042849029e-24,7.36163182372e-24,8.49064560697e-24,1.85519385198e-23,8.30460065108e-24,3.34559578107e-24,1.02521720083e-23,1.03811594438e-23,1.27541185222e-23,1.25808996557e-23,1.34880762861e-23,8.96339259253e-24,1.25427708527e-23,1.68930650103e-23,9.12119001712e-24,1.38503338356e-23,1.52298038565e-23,9.53444426865e-24,9.49539644271e-24,6.72622014178e-24,7.21253474605e-24,7.28331371305e-24,1.00320987484e-23,8.51376869782e-24,8.96589880362e-24,1.13178820705e-23,6.50279225089e-24,8.60436858393e-24],"var":[0.00000226330757869,0.00000357281260221,1.24279821989e-7,3.16536059586e-8,1.99440151505e-7,3.17152952789e-8,3.84663820796e-8,7.12520886736e-8,2.51370106952e-8,4.42753496088e-8,4.13217939865e-8,2.79607679232e-8,1.95282954252e-8,1.06865831739e-8,1.28043682324e-8,1.32119577501e-8,1.89992981348e-8,4.3478248557e-8,2.14107664931e-8,1.17918457221e-8,3.52799389702e-9,2.56467447279e-9,3.4034439711e-9,2.39656539058e-9,6.4259547683e-10,7.02196634172e-10,3.23236187816e-10,5.52880852212e-10,2.01755501195e-10,2.7291341409e-10,2.11630851732e-10,8.38153296767e-11,1.20156412597e-10,1.37994823901e-10,1.01228428417e-10,4.03994095122e-11,2.07556923038e-11,1.61914457536e-11,8.51590065826e-12,8.6988090342e-12]},"melbands_crest":{"dmean":3.24354100227,"dmean2":5.36107301712,"dvar":8.15069198608,"dvar2":20.3226108551,"max":36.2749900818,"mean":10.9999313354,"median":9.96883583069,"min":1.29640686512,"var":24.382194519},"melbands_flatness_db":{"dmean":0.0228579808027,"dmean2":0.0366792306304,"dvar":0.000576547230594,"dvar2":0.00145268568303,"max":0.55301707983,"mean":0.0967741236091,"median":0.0847119837999,"min":0.00109346560203,"var":0.00275045330636},"melbands_kurtosis":{"dmean":3.6386039257,"dmean2":6.09499692917,"dvar":103.795196533,"dvar2":276.392120361,"max":520.746643066,"mean":3.82051038742,"median":0.853502750397,"min":-1.86263775826,"var":145.198776245},"melbands_skewness":{"dmean":0.655765771866,"dmean2":1.04779863358,"dvar":0.654453992844,"dvar2":1.61443531513,"max":16.9215946198,"mean":1.51024234295,"median":1.24560678005,"min":-1.51587736607,"var":1.6610519886},"melbands_spread":{"dmean":14.4480733871,"dmean2":23.4259967804,"dvar":182.883224487,"dvar2":460.295288086,"max":175.29486084,"mean":63.3682136536,"median":63.6383056641,"min":0.712360203266,"var":586.068969727},"mfcc":{"cov":[[4151.45068359,-396.885040283,-88.6938400269,-371.431915283,-288.763916016,29.6180267334,-55.7672386169,96.061630249,36.4280052185,101.492378235,28.5646858215,-14.7653875351,39.0158424377],[-396.885040283,479.111724854,-132.098129272,93.5723190308,1.73956179619,-47.8721427917,17.3093624115,-48.3726234436,-10.6475887299,-29.2755947113,-18.707239151,8.37802600861,-13.0495014191],[-88.6938400269,-132.098129272,432.246765137,11.0507335663,102.602653503,62.4281196594,23.4319782257,55.1498451233,23.0772342682,16.6028709412,28.9569969177,14.5308685303,40.2060890198],[-371.431915283,93.5723190308,11.0507335663,215.406890869,79.0112533569,15.6895589828,-11.1822242737,-30.0743904114,3.09020256996,-8.53162479401,-5.88576364517,10.9604511261,-2.03871226311],[-288.763916016,1.73956179619,102.602653503,79.0112533569,193.893630981,57.1081848145,41.4795875549,18.7134113312,14.9888982773,3.54383087158,15.931137085,9.97103309631,11.4621648788],[29.6180267334,-47.8721427917,62.4281196594,15.6895589828,57.1081848145,133.169830322,62.8536911011,44.0495033264,13.7619781494,6.0479016304,10.5793857574,6.91084098816,7.39988183975],[-55.7672386169,17.3093624115,23.4319782257,-11.1822242737,41.4795875549,62.8536911011,144.777511597,75.5079727173,25.5535507202,-7.40395355225,7.00007581711,4.97606182098,3.09350132942],[96.061630249,-48.3726234436,55.1498451233,-30.0743904114,18.7134113312,44.0495033264,75.5079727173,129.851654053,48.1706809998,16.7512626648,9.90545845032,-1.8876619339,6.51145267487],[36.4280052185,-10.6475887299,23.0772342682,3.09020256996,14.9888982773,13.7619781494,25.5535507202,48.1706809998,88.4682235718,38.4684638977,14.4128866196,-2.9356482029,1.58807528019],[101.492378235,-29.2755947113,16.6028709412,-8.53162479401,3.54383087158,6.0479016304,-7.40395355225,16.7512626648,38.4684638977,86.6449508667,39.3558197021,5.61648797989,4.33002328873],[28.5646858215,-18.707239151,28.9569969177,-5.88576364517,15.931137085,10.5793857574,7.00007581711,9.90545845032,14.4128866196,39.3558197021,77.9192657471,36.2069206238,12.0914268494],[-14.7653875351,8.37802600861,14.5308685303,10.9604511261,9.97103309631,6.91084098816,4.97606182098,-1.8876619339,-2.9356482029,5.61648797989,36.2069206238,67.2717971802,31.2849979401],[39.0158424377,-13.0495014191,40.2060890198,-2.03871226311,11.4621648788,7.39988183975,3.09350132942,6.51145267487,1.58807528019,4.33002328873,12.0914268494,31.2849979401,63.7595367432]],"icov":[[0.000334158132318,0.000153592831339,0.000105970146251,0.000363766041119,0.000364149338566,-0.00029341285699,0.000236735824728,-0.000184403834282,-0.0000323124659189,-0.000244216324063,0.0000117535473692,0.0000628081979812,-0.000267956813332],[0.000153592831339,0.0029019122012,0.000707514293026,-0.00108006387018,0.000172795669641,0.00113169010729,-0.00142458197661,0.000886117340997,-0.000293261633487,0.000198056004592,0.000318402715493,-0.000530471268576,0.000029229606298],[0.000105970146251,0.000707514293026,0.00323193729855,0.0000738756716601,-0.00132808811031,-0.000587278744206,0.000700621341821,-0.00104207010008,-0.0000720958923921,0.000300675019389,-0.000796208856627,0.000612762756646,-0.00174465810414],[0.000363766041119,-0.00108006387018,0.0000738756716601,0.00712473969907,-0.0024244284723,-0.00142471538857,0.00178290926851,0.00106017792132,-0.00133955013007,0.0000694352202117,0.00141426047776,-0.0017359694466,0.000756237132009],[0.000364149338566,0.000172795669641,-0.00132808811031,-0.0024244284723,0.00840134359896,-0.00200186274014,-0.00150252447929,0.000427931110607,-0.000331425573677,-0.00000410935763284,-0.00139840750489,0.000971198780462,-0.000879110826645],[-0.00029341285699,0.00113169010729,-0.000587278744206,-0.00142471538857,-0.00200186274014,0.0116069987416,-0.00455434015021,-0.000757832371164,0.00100797321647,-0.000834683421999,0.000305819383357,-0.000630920811091,0.000330241949996],[0.000236735824728,-0.00142458197661,0.000700621341821,0.00178290926851,-0.00150252447929,-0.00455434015021,0.013451103121,-0.00660472689196,-0.00101441738661,0.00309553998522,-0.00118596549146,-0.000498633715324,0.000283960165689],[-0.000184403834282,0.000886117340997,-0.00104207010008,0.00106017792132,0.000427931110607,-0.000757832371164,-0.00660472689196,0.0150556713343,-0.00575024122372,-0.000294047320494,0.000467404723167,0.000540367036592,-0.000411461776821],[-0.0000323124659189,-0.000293261633487,-0.0000720958923921,-0.00133955013007,-0.000331425573677,0.00100797321647,-0.00101441738661,-0.00575024122372,0.017876341939,-0.00744266249239,0.000474362343084,0.00133546453435,-0.000143598663271],[-0.000244216324063,0.000198056004592,0.000300675019389,0.0000694352202117,-0.00000410935763284,-0.000834683421999,0.00309553998522,-0.000294047320494,-0.00744266249239,0.0200966130942,-0.010486911051,0.00384693196975,-0.00109820615035],[0.0000117535473692,0.000318402715493,-0.000796208856627,0.00141426047776,-0.00139840750489,0.000305819383357,-0.00118596549146,0.000467404723167,0.000474362343084,-0.010486911051,0.0247136894614,-0.0139367133379,0.0036829742603],[0.0000628081979812,-0.000530471268576,0.000612762756646,-0.0017359694466,0.000971198780462,-0.000630920811091,-0.000498633715324,0.000540367036592,0.00133546453435,0.00384693196975,-0.0139367133379,0.0279209148139,-0.0120728183538],[-0.000267956813332,0.000029229606298,-0.00174465810414,0.000756237132009,-0.000879110826645,0.000330241949996,0.000283960165689,-0.000411461776821,-0.000143598663271,-0.00109820615035,0.0036829742603,-0.0120728183538,0.0224296823144]],"mean":[-603.650878906,60.3067855835,-9.50110912323,22.2153606415,15.6278924942,10.2528476715,-0.981010019779,6.89015054703,2.88946676254,4.02114057541,0.0731386914849,-1.08875405788,-3.89510798454]},"pitch_salience":{"dmean":0.0703536123037,"dmean2":0.116251759231,"dvar":0.00513618299738,"dvar2":0.0133568681777,"max":0.953387618065,"mean":0.618770062923,"median":0.638558030128,"min":0.100492209196,"var":0.0114544807002},"silence_rate_20dB":{"dmean":0,"dmean2":0,"dvar":0,"dvar2":0,"max":1,"mean":1,"median":1,"min":1,"var":0},"silence_rate_30dB":{"dmean":0,"dmean2":0,"dvar":0,"dvar2":0,"max":1,"mean":1,"median":1,"min":1,"var":0},"silence_rate_60dB":{"dmean":0.00561961065978,"dmean2":0.0112403100356,"dvar":0.00558817619458,"dvar2":0.0132465790957,"max":1,"mean":0.0310986246914,"median":0,"min":0,"var":0.0301258675754},"spectral_centroid":{"dmean":216.637680054,"dmean2":344.847747803,"dvar":44960.0859375,"dvar2":101669.671875,"max":11485.1816406,"mean":2517.92504883,"median":2565.62060547,"min":165.853256226,"var":215087.5625},"spectral_complexity":{"dmean":4.36043024063,"dmean2":6.70755815506,"dvar":16.2710552216,"dvar2":34.1744651794,"max":59,"mean":28.7222442627,"median":28,"min":0,"var":143.03503418},"spectral_contrast_coeffs":{"dmean":[0.0489778034389,0.0471531935036,0.0385222025216,0.0297013409436,0.0200417302549,0.0174546092749],"dmean2":[0.0823575332761,0.0778835490346,0.0636597573757,0.0491958744824,0.0334402583539,0.0279174484313],"dvar":[0.00155516481027,0.0014913524501,0.00101008836646,0.000559700012673,0.000252771889791,0.000234129562159],"dvar2":[0.00442859530449,0.00398324197158,0.00260399887338,0.00148410350084,0.000689827138558,0.000545844435692],"max":[-0.422082930803,-0.487643331289,-0.523321151733,-0.568074643612,-0.644226312637,-0.605398774147],"mean":[-0.685597956181,-0.770689487457,-0.792031705379,-0.787787377834,-0.793779909611,-0.761365950108],"median":[-0.691322803497,-0.780177354813,-0.799607276917,-0.793611705303,-0.796102106571,-0.762893080711],"min":[-0.937656164169,-0.965070605278,-0.974843561649,-0.960383057594,-0.959468662739,-0.962602138519],"var":[0.00418378924951,0.0043773795478,0.00304007250816,0.00185124797281,0.0008021077374,0.00139582436532]},"spectral_contrast_valleys":{"dmean":[0.413512706757,0.36937174201,0.301279902458,0.228744372725,0.169800832868,0.222721517086],"dmean2":[0.678862035275,0.604520022869,0.486131876707,0.368957698345,0.267520755529,0.312664121389],"dvar":[0.125482752919,0.114447757602,0.0731014311314,0.0509796142578,0.0383206419647,0.0630418509245],"dvar2":[0.309803932905,0.269374042749,0.159722432494,0.100947253406,0.0652416050434,0.116140179336],"max":[-5.6680150032,-5.17808914185,-5.39972257614,-5.53352975845,-5.52666854858,-7.7435464859],"mean":[-7.49917030334,-7.15562868118,-7.31946325302,-7.07587766647,-6.70517683029,-9.0363445282],"median":[-7.42972755432,-7.14170265198,-7.28261566162,-7.0469250679,-6.65810871124,-8.86137676239],"min":[-27.6011714935,-27.3384819031,-27.0174751282,-27.5452251434,-27.2954597473,-27.1928787231],"var":[0.685545146465,0.64615637064,0.729848563671,0.578760325909,0.540329754353,0.807768821716]},"spectral_decrease":{"dmean":1.39355105233e-9,"dmean2":2.1874444478e-9,"dvar":4.80203533237e-18,"dvar2":1.15358103646e-17,"max":4.03078210709e-19,"mean":-3.81753872958e-9,"median":-2.85226686714e-9,"min":-2.39425066439e-8,"var":9.66655506103e-18},"spectral_energy":{"dmean":0.0057709463872,"dmean2":0.00891194585711,"dvar":0.0000737839000067,"dvar2":0.000172857195139,"max":0.0928860381246,"mean":0.017540153116,"median":0.0134787075222,"min":1.03778742042e-20,"var":0.000177580557647},"spectral_energyband_high":{"dmean":0.000814614642877,"dmean2":0.00121622846927,"dvar":0.00000105517165139,"dvar2":0.00000231186436395,"max":0.0149006508291,"mean":0.00258759409189,"median":0.00202019000426,"min":7.54956920643e-21,"var":0.00000426859514846},"spectral_energyband_low":{"dmean":0.00370959262364,"dmean2":0.00618293881416,"dvar":0.0000682936733938,"dvar2":0.000172736414243,"max":0.0861355438828,"mean":0.00442007277161,"median":0.00191205809824,"min":8.8617806815e-23,"var":0.0000687143110554},"spectral_energyband_middle_high":{"dmean":0.00188844732475,"dmean2":0.00290492689237,"dvar":0.00000742483689464,"dvar2":0.000017946218577,"max":0.0724998190999,"mean":0.0071852398105,"median":0.004837712273,"min":1.65941407484e-21,"var":0.000044016251195},"spectral_energyband_middle_low":{"dmean":0.0016055846354,"dmean2":0.00262266583741,"dvar":0.00000527600286659,"dvar2":0.0000132927034429,"max":0.0396745204926,"mean":0.00376207870431,"median":0.00260562542826,"min":2.57822841674e-22,"var":0.0000135080081236},"spectral_entropy":{"dmean":0.0882424488664,"dmean2":0.13333132863,"dvar":0.00754201598465,"dvar2":0.0159121230245,"max":9.79662895203,"mean":8.15393829346,"median":8.19066143036,"min":5.57556343079,"var":0.0650921463966},"spectral_flux":{"dmean":0.0178006961942,"dmean2":0.02836936526,"dvar":0.000481749942992,"dvar2":0.00120669987518,"max":0.24010078609,"mean":0.0800763368607,"median":0.074050500989,"min":1.01871851232e-10,"var":0.00130722345784},"spectral_kurtosis":{"dmean":0.729446411133,"dmean2":1.16485357285,"dvar":0.732019007206,"dvar2":2.03453636169,"max":21.239528656,"mean":2.88723921776,"median":2.62066793442,"min":-1.22691011429,"var":2.32810282707},"spectral_rms":{"dmean":0.000615723838564,"dmean2":0.000926872715354,"dvar":5.37664277545e-7,"dvar2":0.00000117445063097,"max":0.00951948110014,"mean":0.00387505535036,"median":0.00362628721632,"min":3.18194212298e-12,"var":0.00000209634117709},"spectral_rolloff":{"dmean":982.162414551,"dmean2":1593.43859863,"dvar":1369883.5,"dvar2":3194996,"max":18884.6191406,"mean":4194.03857422,"median":3811.37695312,"min":64.599609375,"var":4032706.5},"spectral_skewness":{"dmean":0.125569164753,"dmean2":0.197473570704,"dvar":0.0136742917821,"dvar2":0.0337195955217,"max":3.295358181,"mean":1.27255368233,"median":1.26805138588,"min":0.00544768432155,"var":0.0671962276101},"spectral_spread":{"dmean":580340.0625,"dmean2":848217.125,"dvar":480038060032,"dvar2":892764422144,"max":41661868,"mean":5415767.5,"median":5281745,"min":1466734.375,"var":1849412681730},"spectral_strongpeak":{"dmean":0.691469192505,"dmean2":1.20249927044,"dvar":1.28980076313,"dvar2":3.41721487045,"max":16.1960926056,"mean":0.944059789181,"median":0.292090952396,"min":0,"var":2.17839407921},"zerocrossingrate":{"dmean":0.0148611413315,"dmean2":0.017705636099,"dvar":0.000205094984267,"dvar2":0.000288035924314,"max":0.5498046875,"mean":0.136397317052,"median":0.13330078125,"min":0.0107421875,"var":0.00186486868188}},"metadata":{"audio_properties":{"analysis_sample_rate":44100,"bit_rate":192000,"codec":"mp3","downmix":"mix","equal_loudness":0,"length":239.647354126,"lossless":false,"md5_encoded":"a5ad48816bf64f716bf1d5ac6eb4ddff","replay_gain":-9.12465667725,"sample_rate":44100},"tags":{"album":["The Uplift Mofo Party Plan"],"albumartist":["Red Hot Chili Peppers"],"albumartistsort":["Red Hot Chili Peppers"],"artist":["Red Hot Chili Peppers"],"artistsort":["Red Hot Chili Peppers"],"asin":["B000002UD8"],"composer":["Anthony Kiedis/Flea/Hillel Slovak/Jack Irons"],"date":["1987-09-29"],"discnumber":["0"],"file_name":"12 Organic Anti-Beat Box Band.mp3","genre":["Rock"],"label":["Divine Recordings"],"musicbrainz album release country":["US"],"musicbrainz album status":["official"],"musicbrainz album type":["album"],"musicbrainz_albumartistid":["8bfac288-ccc5-448d-9573-c33ea2aa5c30"],"musicbrainz_albumid":["41ed5f99-af2c-4292-a574-93bb3d8a0007"],"musicbrainz_artistid":["8bfac288-ccc5-448d-9573-c33ea2aa5c30"],"musicbrainz_recordingid":["89e8d830-bc98-4178-9675-55725e214b2b"],"musicip_puid":["04aa2436-5138-98ce-7924-7f2578c78f83"],"releasedate":["1987-09-29"],"taggingdate":["2008-04-17T17:27:07"],"title":["Organic Anti-Beat Box Band"],"tracknumber":["12/12"]},"version":{"essentia":"2.1-beta2","essentia_build_sha":"70f2e5ece6736b2c40cc944ad0e695b16b925413","essentia_git_sha":"v2.1_beta2","extractor":"music 1.0"}},"rhythm":{"beats_count":426,"beats_loudness":{"dmean":0.0112052559853,"dmean2":0.0201722830534,"dvar":0.000135770664201,"dvar2":0.000413130735978,"max":0.082347214222,"mean":0.0248995870352,"median":0.0217778272927,"min":0.0000161044390552,"var":0.000182710660738},"beats_loudness_band_ratio":{"dmean":[0.322731107473,0.0649514123797,0.0738539919257,0.0890023186803,0.12389151752,0.146007150412],"dmean2":[0.634714961052,0.121491953731,0.134091600776,0.159973889589,0.225811809301,0.276884049177],"d