{"lowlevel":{"average_loudness":0.864675045013,"barkbands":{"dmean":[0.000874407938682,0.00392873259261,0.000818479689769,0.0018829688197,0.00292984605767,0.00172355084214,0.000567034527194,0.000463205768028,0.000423588004196,0.00039642889169,0.000380832760129,0.000237610263866,0.000107840132841,0.000127943581901,0.000100950135675,0.0000184092859854,0.0000171226547536,0.0000154645531438,0.00000970357814367,0.00000601343799644,0.0000043883046601,0.00000289005333798,0.00000166010306657,0.00000134404047003,0.0000012002776657,0.00000128386488996,0.00000564664651392],"dmean2":[0.00137688685209,0.00607011746615,0.00136229558848,0.00293367216364,0.00447874935344,0.00254251761362,0.000860256608576,0.000688048603479,0.000649348075967,0.000592202704865,0.00054063409334,0.000367092725355,0.000172793676029,0.000196287786821,0.000157787886565,0.0000287029724859,0.0000257773754129,0.0000239442870225,0.0000151531467054,0.00000928705412662,0.00000673881913826,0.00000452594304079,0.0000027184148621,0.00000227082523452,0.0000020502143343,0.00000215725663111,0.00000823341360956],"dvar":[0.00000283072540697,0.000038033726014,0.00000181878647254,0.0000138137293106,0.0000425045218435,0.000018031010768,0.00000164829350524,0.0000022820763661,0.00000211120368476,9.38470577694e-7,0.00000135646337185,8.42140366331e-7,7.60890870311e-8,1.29101309199e-7,1.82537405635e-7,3.24304916255e-9,2.72231748255e-9,1.61347379901e-9,6.80569434142e-10,2.95979574183e-10,2.96951824241e-10,5.31848384777e-11,1.00114647475e-11,7.41647888935e-12,6.57100459114e-12,6.56071941565e-12,1.87627802184e-10],"dvar2":[0.00000633205354461,0.0000904458502191,0.00000430801355833,0.0000323471940646,0.0000907985740923,0.0000317617450492,0.00000314374028676,0.00000448003811471,0.00000464499726149,0.00000200772637982,0.00000239540872826,0.00000192388961295,1.9931437123e-7,3.02517378259e-7,4.46472824933e-7,7.20788673192e-9,4.99833419099e-9,3.65423158399e-9,1.45659850848e-9,5.67371927218e-10,5.89893467406e-10,9.66936739011e-11,2.39847083167e-11,1.89443998683e-11,1.70448707232e-11,1.67268802975e-11,3.64235891448e-10],"max":[0.0383930131793,0.111969098449,0.0408550463617,0.0868009775877,0.158372029662,0.0893032178283,0.0371542572975,0.0420863479376,0.0496046617627,0.0177059024572,0.0391586720943,0.0429994761944,0.00594078423455,0.00916064158082,0.0202220641077,0.00152808253188,0.00195781514049,0.00110380002297,0.000688463333063,0.000487184646772,0.000857872597408,0.000295021221973,0.0000599171180511,0.0000407465195167,0.0000394199087168,0.0000388461376133,0.000375960720703],"mean":[0.00215208344162,0.00870230793953,0.00134703761432,0.00318131223321,0.00522133521736,0.00364276394248,0.00119989330415,0.000741567753721,0.000685107370373,0.000694592599757,0.00084821798373,0.000406662176829,0.000174825967406,0.000210327110835,0.000147779603139,0.0000260570577666,0.0000236906944338,0.0000222222060984,0.0000114856484288,0.000006961165127,0.00000535618710273,0.00000369030840375,0.00000186194961316,0.00000128786462028,0.00000106487175344,0.00000128824524381,0.0000096672665677],"median":[0.000422112003434,0.00389806739986,0.000649511814117,0.000952750560828,0.00195409660228,0.00112496246584,0.000406155799283,0.000119471980724,0.000142416043673,0.000157621252583,0.0000833132653497,0.0000763072093832,0.0000379287012038,0.0000370637644664,0.0000135701457111,0.00000710583481123,0.00000515611600349,0.0000047988555707,0.00000243322710958,0.00000139288897572,0.00000129843965624,9.82042820397e-7,6.12521205312e-7,3.86321460155e-7,2.56826439227e-7,4.10640723203e-7,0.00000223900474339],"min":[1.75969809295e-25,1.66874413156e-24,1.19882817058e-24,1.35418643725e-24,4.90857733107e-24,6.90306382407e-24,2.95822760572e-24,5.86376285284e-24,1.03705942297e-23,6.56343159424e-24,1.6323494815e-23,1.95791032604e-23,2.37510288676e-23,2.58325014749e-23,3.47451292904e-23,6.48960778192e-23,5.05183052716e-23,8.58408018585e-23,1.31586669047e-22,1.67546432717e-22,2.70529081072e-22,3.19995733783e-22,3.80246304394e-22,5.91728780679e-22,8.42955861661e-22,1.22802666265e-21,1.83106566398e-21],"var":[0.0000136382050187,0.000136769056553,0.0000050084272516,0.0000374687479052,0.0000957541706157,0.0000681759993313,0.0000073027849794,0.00000567594724998,0.00000432707747677,0.00000224677000915,0.00000780717982707,0.00000199620376407,1.57567626502e-7,2.67758480277e-7,2.93023532549e-7,5.46081313502e-9,5.40231193114e-9,2.88405876958e-9,1.00792385549e-9,5.00217367527e-10,4.90729235025e-10,1.05440142728e-10,1.40170366633e-11,7.62547056748e-12,6.3491824645e-12,7.03428591417e-12,4.698174072e-10]},"barkbands_crest":{"dmean":2.57905507088,"dmean2":4.1343126297,"dvar":5.45820188522,"dvar2":13.8222045898,"max":25.7719974518,"mean":11.7581100464,"median":11.1644191742,"min":3.24779510498,"var":16.016626358},"barkbands_flatness_db":{"dmean":0.0386257506907,"dmean2":0.0599205158651,"dvar":0.00104032165837,"dvar2":0.00254213763401,"max":0.482864677906,"mean":0.23574398458,"median":0.23416826129,"min":0.0213633775711,"var":0.00479912431911},"barkbands_kurtosis":{"dmean":4.49968338013,"dmean2":7.19691562653,"dvar":53.9631309509,"dvar2":127.880126953,"max":220.113418579,"mean":7.80405187607,"median":4.57290458679,"min":-1.83379244804,"var":121.878219604},"barkbands_skewness":{"dmean":0.611245989799,"dmean2":0.967090904713,"dvar":0.432837098837,"dvar2":1.05932617188,"max":13.541226387,"mean":1.65726363659,"median":1.52727639675,"min":-2.69603610039,"var":1.81497347355},"barkbands_spread":{"dmean":2.3943874836,"dmean2":3.73619055748,"dvar":14.9918804169,"dvar2":34.00548172,"max":131.846542358,"mean":8.52898597717,"median":6.59117221832,"min":0.571135044098,"var":88.3707809448},"dissonance":{"dmean":0.0359468050301,"dmean2":0.0610442571342,"dvar":0.00121654593386,"dvar2":0.00332068954594,"max":0.499999910593,"mean":0.432131290436,"median":0.442073702812,"min":0.176746472716,"var":0.00236133206636},"dynamic_complexity":4.60013103485,"erbbands":{"dmean":[0.143064320087,0.81241184473,0.985247671604,3.86411309242,7.23099660873,11.8505048752,16.6385421753,10.2294406891,7.78191184998,8.46234512329,11.0369195938,8.91126251221,10.3184547424,11.8162231445,15.7671785355,8.45549201965,4.88010787964,5.08761644363,7.2362575531,2.2573902607,1.01377630234,0.95860439539,0.876902639866,0.602174758911,0.426780492067,0.286996155977,0.198837265372,0.156398579478,0.109697803855,0.0693945512176,0.0448181256652,0.0310563649982,0.0208918526769,0.0135846203193,0.00845969934016,0.0047450074926,0.00244243093766,0.00115855282638,0.000436672999058,0.000110570021207],"dmean2":[0.224830687046,1.24599635601,1.57077932358,6.02203273773,11.3447608948,18.5103321075,25.1581630707,15.2044363022,11.8969774246,12.4300336838,16.6589679718,13.5951490402,15.2067689896,17.4468574524,22.9170722961,12.9228830338,7.7570476532,7.82299995422,11.2616405487,3.44180727005,1.5268586874,1.453576684,1.34198462963,0.951231300831,0.665344297886,0.441460341215,0.307142049074,0.240805879235,0.169709861279,0.110926456749,0.0733630433679,0.0518905557692,0.035582691431,0.0231997352093,0.0144467707723,0.00810191035271,0.0040795430541,0.00184276921209,0.000650993082672,0.000155983914738],"dvar":[0.0549993179739,1.8669359684,1.98391461372,60.8389587402,290.149993896,813.241699219,1685.55200195,499.601318359,261.374511719,536.55291748,1630.43603516,941.291870117,569.868347168,1039.92321777,2617.48925781,972.808349609,169.234375,169.206756592,589.15032959,82.7052383423,9.14534473419,9.15249919891,5.01579856873,2.31533432007,1.4998691082,0.694230794907,0.682923436165,0.260834306479,0.0822498127818,0.0223307199776,0.00744335027412,0.0038588210009,0.00184670637827,0.000840080087073,0.000326378707541,0.000100265890069,0.0000234572853515,0.00000592642800257,0.00000164525306445,5.81397507915e-8],"dvar2":[0.134521573782,4.25186777115,4.62180519104,141.579238892,722.339599609,1726.42541504,3234.57470703,952.850524902,518.073242188,985.274108887,3541.44555664,2031.45666504,1200.43798828,2106.80493164,5062.79785156,2141.41235352,438.814666748,397.83404541,1443.73449707,189.038650513,19.6229953766,17.3918476105,11.116528511,5.19330596924,3.11262965202,1.31956934929,1.35138630867,0.495610207319,0.15055783093,0.0454428829253,0.0180177073926,0.00963990204036,0.00477182725444,0.00217890390195,0.000846580660436,0.000259907188592,0.0000589646078879,0.0000116535038615,0.00000285052192339,1.06932752431e-7],"max":[3.72406125069,28.7969703674,29.60496521,213.852432251,444.517608643,642.742614746,815.32244873,511.998779297,668.312072754,741.303833008,1152.95227051,1038.79711914,418.906860352,1075.48388672,1855.43664551,1378.50598145,328.500213623,318.280334473,847.151428223,402.728027344,94.177696228,119.724609375,59.8382034302,38.4238586426,33.1779441833,24.7064723969,34.0405921936,22.8547306061,12.026342392,5.41259622574,1.53152310848,0.941999435425,0.658644855022,0.446280419827,0.277852535248,0.154559314251,0.0716154053807,0.0788303092122,0.0524663664401,0.00681461347267],"mean":[0.345172524452,1.52897453308,1.95682013035,6.85015058517,12.6109361649,19.6108188629,31.210773468,22.6786727905,16.589427948,17.2186317444,17.710477829,14.8232679367,18.1019229889,23.9443092346,35.1530189514,15.690574646,8.55668354034,9.16722202301,11.4824142456,3.55335211754,1.49726879597,1.36917388439,1.27246904373,0.775718271732,0.497528672218,0.335652559996,0.240290164948,0.195920720696,0.139203161001,0.0836356654763,0.0496291704476,0.0313484445214,0.0193621553481,0.0121379224584,0.00752978259698,0.00432415260002,0.00249982089736,0.00143944087904,0.000598270155024,0.000254052254604],"median":[0.113353729248,0.636887192726,1.02852427959,2.33959126472,3.90544962883,6.92341423035,9.63468170166,7.90640974045,6.75509357452,3.72879123688,3.54604816437,3.47313165665,4.77105998993,5.03174161911,4.4964799881,3.28338861465,2.02039289474,1.96575605869,1.31074607372,0.559904098511,0.40103751421,0.313982307911,0.278825223446,0.166375905275,0.104446813464,0.0679250955582,0.0565387532115,0.0483261495829,0.0360489189625,0.0254246853292,0.0164311118424,0.00972148682922,0.00556047772989,0.00303032808006,0.00183395796921,0.00118991301861,0.000797643093392,0.000445220823167,0.000163851189427,0.000101382516732],"min":[5.09213690179e-23,4.14164849451e-22,2.23986333102e-21,3.96403044111e-21,1.23590388181e-20,1.70875917482e-20,3.48954219341e-20,8.81562115585e-20,7.65339943724e-20,1.59584401288e-19,1.23813027397e-19,2.54259526319e-19,5.12061815503e-19,7.06492272845e-19,9.37179917591e-19,1.22590100315e-18,1.52604348842e-18,1.77789940882e-18,2.21363375368e-18,2.95958729804e-18,3.16636094448e-18,3.61922868137e-18,5.37215095801e-18,5.27615830228e-18,7.22461780391e-18,8.05831825406e-18,7.9125657214e-18,9.71060160146e-18,1.13858813971e-17,1.21753127952e-17,1.19577849736e-17,1.079381033e-17,9.08364915517e-18,8.03090466138e-18,6.6403317472e-18,4.10651085406e-18,2.17545626649e-18,9.52403142789e-19,2.30043426146e-19,2.4091958458e-20],"var":[0.261927127838,6.15556573868,7.58666372299,164.655303955,602.185913086,1691.20288086,4714.14648438,2099.83764648,1205.66101074,2555.14111328,3291.58349609,1901.3494873,1307.18249512,3899.52587891,12963.9257812,2394.38476562,367.390869141,381.06842041,1138.76635742,140.177032471,17.1514167786,17.2240200043,9.23454475403,3.77131295204,2.15405607224,1.18496084213,1.13813722134,0.453351557255,0.159851357341,0.0402908697724,0.00999013707042,0.00428370805457,0.00182972685434,0.000812673999462,0.000315630168188,0.0000976227966021,0.0000261145760305,0.0000111625649879,0.00000325195424011,1.84307282325e-7]},"erbbands_crest":{"dmean":2.70781731606,"dmean2":4.33765697479,"dvar":6.02778673172,"dvar2":14.3402490616,"max":31.8208770752,"mean":10.9493894577,"median":10.1015739441,"min":2.55187296867,"var":22.3625583649},"erbbands_flatness_db":{"dmean":0.0364166721702,"dmean2":0.0581371001899,"dvar":0.000958290474955,"dvar2":0.00250310590491,"max":0.430454075336,"mean":0.215967267752,"median":0.214609384537,"min":0.0327278375626,"var":0.00357670593075},"erbbands_kurtosis":{"dmean":1.81086730957,"dmean2":2.87697386742,"dvar":15.7131824493,"dvar2":37.0605621338,"max":139.800292969,"mean":2.3141682148,"median":0.543160796165,"min":-1.79633283615,"var":58.5594100952},"erbbands_skewness":{"dmean":0.457896888256,"dmean2":0.705867469311,"dvar":0.168634966016,"dvar2":0.386943668127,"max":7.35380172729,"mean":0.595927476883,"median":0.521270871162,"min":-3.1262652874,"var":1.27057802677},"erbbands_spread":{"dmean":4.54807758331,"dmean2":7.16511154175,"dvar":21.6083526611,"dvar2":50.6551513672,"max":106.831176758,"mean":20.0489387512,"median":17.8362197876,"min":0.56986618042,"var":115.082191467},"gfcc":{"cov":[[34947.171875,4667.7109375,-2459.01318359,-475.029876709,-492.863006592,-81.7487564087,-432.748291016,-465.655181885,-432.79019165,-230.136444092,-253.921981812,-201.165420532,-177.323379517],[4667.7109375,2025.03405762,-132.350845337,-372.896392822,-43.1274681091,-17.6075725555,105.667045593,-207.690078735,15.5679674149,-100.682975769,71.3852233887,-15.5274181366,-1.76832675934],[-2459.01318359,-132.350845337,569.256713867,101.106315613,-92.5130233765,100.718292236,-32.3679199219,99.4333724976,-10.8171901703,81.2840194702,42.1434669495,28.3331718445,15.4223594666],[-475.029876709,-372.896392822,101.106315613,424.776977539,167.187606812,-69.6024551392,-27.2619838715,54.7096405029,73.682220459,48.7503585815,-28.4889602661,6.18239068985,-35.7353820801],[-492.863006592,-43.1274681091,-92.5130233765,167.187606812,357.21786499,-6.63552474976,89.5838317871,-45.7473945618,89.7759094238,-30.1891784668,0.208781242371,-36.4938201904,-25.2317810059],[-81.7487564087,-17.6075725555,100.718292236,-69.6024551392,-6.63552474976,232.615859985,35.4060897827,54.126285553,-86.6402435303,-1.5675727129,8.65191936493,8.73217487335,16.0453281403],[-432.748291016,105.667045593,-32.3679199219,-27.2619838715,89.5838317871,35.4060897827,214.798629761,30.5363807678,43.2221450806,-56.595123291,14.8309392929,26.8872585297,25.9599151611],[-465.655181885,-207.690078735,99.4333724976,54.7096405029,-45.7473945618,54.126285553,30.5363807678,183.073547363,8.77278518677,32.6990356445,7.41256189346,26.1000995636,37.9045906067],[-432.79019165,15.5679674149,-10.8171901703,73.682220459,89.7759094238,-86.6402435303,43.2221450806,8.77278518677,153.254348755,49.3463592529,13.2541904449,-9.04148197174,-15.4350357056],[-230.136444092,-100.682975769,81.2840194702,48.7503585815,-30.1891784668,-1.5675727129,-56.595123291,32.6990356445,49.3463592529,113.561279297,46.4036827087,-1.18668961525,-8.49444484711],[-253.921981812,71.3852233887,42.1434669495,-28.4889602661,0.208781242371,8.65191936493,14.8309392929,7.41256189346,13.2541904449,46.4036827087,94.0715942383,52.2353134155,20.3720302582],[-201.165420532,-15.5274181366,28.3331718445,6.18239068985,-36.4938201904,8.73217487335,26.8872585297,26.1000995636,-9.04148197174,-1.18668961525,52.2353134155,99.5980300903,58.1736679077],[-177.323379517,-1.76832675934,15.4223594666,-35.7353820801,-25.2317810059,16.0453281403,25.9599151611,37.9045906067,-15.4350357056,-8.49444484711,20.3720302582,58.1736679077,93.8332824707]],"icov":[[0.000202873750823,-0.000648749992251,0.00121689343359,-0.000877405400388,0.000579305575229,-0.000513228878845,0.000314813369187,-0.000301871128613,0.000648903776892,-0.000751756306272,0.000498871784657,0.0000468262005597,0.0000167307425727],[-0.000648749992251,0.00300373136997,-0.00355631206185,0.00167650845833,0.000360071455361,-0.0000970995461103,-0.000466975383461,0.00245494465344,-0.00516628520563,0.00716200610623,-0.00657338276505,0.00382966874167,-0.00184406433254],[0.00121689343359,-0.00355631206185,0.0107163554057,-0.00967438519001,0.00868645869195,-0.00784102454782,0.00321317929775,-0.000417725008447,-0.00144114193972,0.00269473018125,-0.00625186506659,0.00799668952823,-0.00385018368252],[-0.000877405400388,0.00167650845833,-0.00967438519001,0.0211830120534,-0.0212129428983,0.0168420895934,-0.00522462837398,-0.00679365731776,0.0162695329636,-0.0279462430626,0.0324246399105,-0.0314968116581,0.0162702612579],[0.000579305575229,0.000360071455361,0.00868645869195,-0.0212129428983,0.027797004208,-0.0203122403473,0.00585639057681,0.00976300705224,-0.0261284578592,0.0392058864236,-0.0422317832708,0.0391747541726,-0.0188879705966],[-0.000513228878845,-0.0000970995461103,-0.00784102454782,0.0168420895934,-0.0203122403473,0.02344234474,-0.00881778169423,-0.00824486650527,0.0258330442011,-0.0337766222656,0.0331149585545,-0.0290259681642,0.0150280138478],[0.000314813369187,-0.000466975383461,0.00321317929775,-0.00522462837398,0.00585639057681,-0.00881778169423,0.0128175672144,-0.000549078045879,-0.0133661646396,0.0198195781559,-0.0150625826791,0.00955349486321,-0.00523052411154],[-0.000301871128613,0.00245494465344,-0.000417725008447,-0.00679365731776,0.00976300705224,-0.00824486650527,-0.000549078045879,0.0134670780972,-0.0123078376055,0.0144358780235,-0.0162333548069,0.0151612013578,-0.0108887078241],[0.000648903776892,-0.00516628520563,-0.00144114193972,0.0162695329636,-0.0261284578592,0.0258330442011,-0.0133661646396,-0.0123078376055,0.0502346493304,-0.0617187470198,0.0542673282325,-0.0426629558206,0.0221320912242],[-0.000751756306272,0.00716200610623,0.00269473018125,-0.0279462430626,0.0392058864236,-0.0337766222656,0.0198195781559,0.0144358780235,-0.0617187470198,0.102739676833,-0.093611009419,0.0727506428957,-0.0329991355538],[0.000498871784657,-0.00657338276505,-0.00625186506659,0.0324246399105,-0.0422317832708,0.0331149585545,-0.0150625826791,-0.0162333548069,0.0542673282325,-0.093611009419,0.107913710177,-0.0851072743535,0.0376881957054],[0.0000468262005597,0.00382966874167,0.00799668952823,-0.0314968116581,0.0391747541726,-0.0290259681642,0.00955349486321,0.0151612013578,-0.0426629558206,0.0727506428957,-0.0851072743535,0.0871588513255,-0.0424090437591],[0.0000167307425727,-0.00184406433254,-0.00385018368252,0.0162702612579,-0.0188879705966,0.0150280138478,-0.00523052411154,-0.0108887078241,0.0221320912242,-0.0329991355538,0.0376881957054,-0.0424090437591,0.0344432480633]],"mean":[-126.116790771,154.704711914,-70.5396957397,-4.74659061432,-31.5102920532,-0.717205703259,-16.4101066589,-12.8418283463,-13.356306076,-4.6333155632,-5.13476610184,3.386749506,-4.37225008011]},"hfc":{"dmean":2.6121430397,"dmean2":3.56165838242,"dvar":17.8033924103,"dvar2":29.4063854218,"max":93.4055633545,"mean":8.77121639252,"median":4.85117912292,"min":1.06976535617e-16,"var":109.416358948},"melbands":{"dmean":[0.00118441169616,0.000691854686011,0.000726615136955,0.000663262209855,0.000540473614819,0.000250066281296,0.0001160374959,0.0000926976135815,0.0000959000899456,0.0000553541030968,0.0000544574068044,0.0000510586869495,0.000050787381042,0.0000328695168719,0.000017656793716,0.00000844049372972,0.0000103166858025,0.0000131607057483,0.00000605491231909,0.00000141106329465,0.00000117938441235,0.00000103204820334,9.2141578989e-7,7.2762986747e-7,4.8047911605e-7,3.57713815902e-7,2.5186949415e-7,1.79088885943e-7,1.29602739207e-7,1.07130887272e-7,8.76204424571e-8,6.64487416202e-8,4.92369345295e-8,3.5324635661e-8,2.66671111859e-8,2.17314450879e-8,1.8018289083e-8,1.50701975343e-8,1.26186199267e-8,1.10726086078e-8],"dmean2":[0.00183960329741,0.00106690148823,0.00113122351468,0.00102793762926,0.000811070960481,0.000370471330825,0.000177281996002,0.000135120804771,0.000145204365253,0.0000849025454954,0.0000811330173747,0.0000761370392866,0.0000724296623957,0.0000496935463161,0.0000278638490272,0.0000134027905005,0.0000159096707648,0.0000204855368793,0.00000938135963224,0.00000221324444283,0.00000181112250175,0.00000158527302574,0.00000140744009514,0.00000114526153538,7.71675331634e-7,5.62916625313e-7,3.9846864297e-7,2.76656408005e-7,2.01672094136e-7,1.66229867204e-7,1.3805515664e-7,1.0396210115e-7,7.66842305211e-8,5.7263729758e-8,4.37956870769e-8,3.59899487989e-8,3.03639922095e-8,2.56485499506e-8,2.15471231968e-8,1.89090609837e-8],"dvar":[0.00000338695167557,0.00000114865463274,0.00000196602672986,0.00000245511432695,0.0000015071315147,3.07974914904e-7,6.27890983651e-8,6.68266579851e-8,1.37759172958e-7,3.62343257621e-8,1.65209037561e-8,1.8366238308e-8,2.51926781658e-8,1.35031594795e-8,3.42287420629e-9,3.85209364406e-10,8.053918088e-10,1.74792758045e-9,8.74999406264e-10,2.14585259284e-11,1.25273619603e-11,1.21810200815e-11,5.60053956336e-12,3.98969225712e-12,1.52722886421e-12,1.09636171669e-12,5.0118671149e-13,3.02728951932e-13,3.34867984036e-13,1.97017085263e-13,7.38319114505e-14,3.16615833486e-14,1.5774174298e-14,5.0203058331e-15,2.6689339012e-15,1.88273316615e-15,1.32703423649e-15,9.436116439e-16,7.17195660753e-16,5.59114960598e-16],"dvar2":[0.00000816200736153,0.00000249878598879,0.00000467974541607,0.00000544785052625,0.0000028610904792,5.55696942683e-7,1.21058278069e-7,1.22610558151e-7,3.09352145678e-7,7.81371554126e-8,3.51418840694e-8,3.81639466696e-8,4.66259315601e-8,2.98688895839e-8,8.58724380493e-9,9.91986826016e-10,1.91339477595e-9,4.30105817628e-9,2.13332840282e-9,4.45487848e-11,2.74361870028e-11,2.36259293379e-11,1.2374012405e-11,8.84237561644e-12,3.6159148592e-12,2.40238883474e-12,1.0543467141e-12,5.73469657178e-13,6.82968221907e-13,4.16850961301e-13,1.48357332821e-13,6.19677649038e-14,2.99670092343e-14,1.10352155406e-14,6.45422800424e-15,4.66517287041e-15,3.32805809482e-15,2.43580205851e-15,1.8613076795e-15,1.45009118306e-15],"max":[0.0266647078097,0.0250030811876,0.0318218432367,0.0444153398275,0.0326276347041,0.0130555732176,0.00856340397149,0.0071610356681,0.0114333815873,0.00566511787474,0.00215831235982,0.00403242791072,0.00573022849858,0.00534646818414,0.00212086876854,0.000401249708375,0.000738404050935,0.00109858077485,0.00152606505435,0.000177701891516,0.000116500654258,0.00014542027202,0.0000560700354981,0.0000639682766632,0.0000273651530733,0.0000285129553959,0.0000208674628084,0.0000183804513654,0.0000226212432608,0.0000230747064052,0.0000109552966023,0.0000070870687523,0.00000551615585209,0.00000185166186384,0.00000107378207304,6.27016504495e-7,5.70825022805e-7,4.65028421104e-7,4.14187979914e-7,3.6372108525e-7],"mean":[0.00282698427327,0.00141815340612,0.00133561587427,0.0011499139946,0.0010432730196,0.000561135238968,0.00024646037491,0.000180049770279,0.000147911341628,0.0000887440692168,0.0000922497638385,0.0000967220839811,0.000114762333396,0.0000627649860689,0.0000280992881017,0.0000143494344229,0.0000175305103767,0.0000202697428904,0.00000888098020368,0.00000206444292417,0.00000163306617651,0.00000141357941175,0.00000128690476231,0.00000100827639926,5.86762325838e-7,4.04103644769e-7,2.80986654388e-7,2.08292874504e-7,1.53537300207e-7,1.27370640257e-7,1.09475635668e-7,8.33947169099e-8,5.97340275021e-8,4.07021438775e-8,2.92001942626e-8,2.30905108367e-8,1.74805165898e-8,1.39419658041e-8,1.13288809445e-8,9.82640280256e-9],"median":[0.00117984064855,0.000690397631843,0.000477322377264,0.000396297837142,0.000365782878362,0.000197920031496,0.0000945980282268,0.0000324617649312,0.0000284860452666,0.0000188981430256,0.0000225083113037,0.0000196110268007,0.0000126615195768,0.0000104423706944,0.00000484576094095,0.00000371895839635,0.00000335008189722,0.00000217565775529,8.61151647769e-7,4.98516897096e-7,4.16361842781e-7,3.0282183161e-7,2.76640776065e-7,2.08773286658e-7,1.18672062399e-7,8.21445524934e-8,5.48101795061e-8,4.16666807723e-8,3.4912325475e-8,3.03689873249e-8,2.62555950314e-8,2.07695993737e-8,1.61770579155e-8,1.26638024511e-8,9.57603241147e-9,7.53498152761e-9,5.17085751994e-9,3.97227761795e-9,2.94944713097e-9,2.37379849111e-9],"min":[6.45639411485e-25,8.61006475131e-25,1.92981074561e-24,1.10080244095e-24,1.12290632351e-24,1.62359505816e-24,1.0293053147e-24,1.6900731555e-24,7.56502422535e-25,1.64019929831e-24,2.33601987761e-24,1.45808671543e-24,2.56288897699e-24,2.06487241005e-24,2.77807859624e-24,2.76588201778e-24,2.17621480202e-24,3.50909943103e-24,3.25224612307e-24,3.32705518322e-24,2.79457229726e-24,2.7962048449e-24,3.38453434979e-24,3.30123596301e-24,3.47584776058e-24,5.1300149259e-24,3.27438254615e-24,4.25090636097e-24,4.19075650581e-24,4.54118824143e-24,4.82944827139e-24,5.17692532849e-24,4.57162249515e-24,5.87677866335e-24,5.93627889155e-24,5.96558586304e-24,6.0221996492e-24,5.81219264888e-24,5.73053016241e-24,5.35734294511e-24],"var":[0.0000141286936923,0.00000460209503217,0.00000532360672878,0.00000528311693415,0.00000421841923526,0.00000131699948724,2.66530264525e-7,2.78859573655e-7,2.60338566704e-7,7.41396135595e-8,3.62542635912e-8,6.24686080641e-8,1.46966030456e-7,3.70403867578e-8,6.65140742484e-9,8.82906192601e-10,1.62116275959e-9,3.42698203148e-9,1.27891630619e-9,3.74863716457e-11,2.22900448099e-11,2.1668051034e-11,1.02954467868e-11,6.55520646445e-12,2.2772829629e-12,1.43998322381e-12,7.2758048501e-13,5.09616546011e-13,5.28137375413e-13,2.93439724559e-13,1.23435834579e-13,5.75623126638e-14,2.95260743752e-14,8.19376982713e-15,3.57436002928e-15,2.24388514497e-15,1.41645899874e-15,9.39959237832e-16,6.94345305875e-16,5.40461389276e-16]},"melbands_crest":{"dmean":3.30526995659,"dmean2":5.36214971542,"dvar":9.07266807556,"dvar2":22.7146205902,"max":38.4608345032,"mean":16.2171382904,"median":14.8064899445,"min":1.5825946331,"var":47.2303352356},"melbands_flatness_db":{"dmean":0.0459291674197,"dmean2":0.0711204409599,"dvar":0.00148900563363,"dvar2":0.00365713471547,"max":0.634547054768,"mean":0.354811489582,"median":0.35921856761,"min":0.00330605125055,"var":0.00914031919092},"melbands_kurtosis":{"dmean":6.38939714432,"dmean2":10.2190151215,"dvar":213.470703125,"dvar2":578.958435059,"max":662.094055176,"mean":11.9506998062,"median":6.83512020111,"min":-1.68779444695,"var":342.880950928},"melbands_skewness":{"dmean":0.675676941872,"dmean2":1.06394398212,"dvar":0.551229953766,"dvar2":1.35680365562,"max":23.2477874756,"mean":2.27953410149,"median":2.03053617477,"min":-2.29099106789,"var":2.41934323311},"melbands_spread":{"dmean":3.01805996895,"dmean2":4.70132684708,"dvar":29.7836456299,"dvar2":69.836479187,"max":186.590606689,"mean":11.9003257751,"median":6.92904043198,"min":0.522272646427,"var":487.025390625},"mfcc":{"cov":[[9910.58203125,2397.47607422,-836.446228027,233.927627563,-7.65483140945,323.519744873,-39.4514427185,40.6404571533,-110.594528198,51.262588501,64.2546768188,-119.627426147,-224.517303467],[2397.47607422,2511.1262207,230.656036377,-183.257064819,-41.5115814209,127.79776001,100.514953613,28.0253429413,-62.6700973511,-72.4409561157,25.0653171539,-9.15740394592,-7.46459722519],[-836.446228027,230.656036377,644.983886719,-74.6521377563,-28.8004341125,-57.7840843201,37.1868782043,-30.5586910248,-13.9642705917,-24.3729114532,-11.6578626633,41.45262146,60.840587616],[233.927627563,-183.257064819,-74.6521377563,425.369567871,149.50869751,21.6041469574,-78.8979949951,3.59797930717,32.964553833,57.5105361938,59.7908973694,11.8421497345,-28.6615867615],[-7.65483140945,-41.5115814209,-28.8004341125,149.50869751,202.352401733,76.6182250977,-7.04689407349,-16.5276737213,1.04840099812,16.7177810669,49.9219741821,17.4359664917,-11.8147220612],[323.519744873,127.79776001,-57.7840843201,21.6041469574,76.6182250977,153.24810791,47.3750267029,12.1711263657,-10.8255767822,0.373755246401,13.3599205017,0.323018908501,-4.46225404739],[-39.4514427185,100.514953613,37.1868782043,-78.8979949951,-7.04689407349,47.3750267029,162.074737549,90.8608093262,24.2219619751,-28.8638324738,-36.77917099,13.0192127228,38.7990074158],[40.6404571533,28.0253429413,-30.5586910248,3.59797930717,-16.5276737213,12.1711263657,90.8608093262,139.015197754,65.560546875,-9.1200428009,-35.2475852966,2.18940138817,21.7145824432],[-110.594528198,-62.6700973511,-13.9642705917,32.964553833,1.04840099812,-10.8255767822,24.2219619751,65.560546875,97.9739608765,39.4554862976,-10.9435014725,-4.43182182312,4.52570199966],[51.262588501,-72.4409561157,-24.3729114532,57.5105361938,16.7177810669,0.373755246401,-28.8638324738,-9.1200428009,39.4554862976,92.9163894653,56.8375320435,4.97049665451,-14.6379833221],[64.2546768188,25.0653171539,-11.6578626633,59.7908973694,49.9219741821,13.3599205017,-36.77917099,-35.2475852966,-10.9435014725,56.8375320435,118.011199951,37.5225219727,-22.2612457275],[-119.627426147,-9.15740394592,41.45262146,11.8421497345,17.4359664917,0.323018908501,13.0192127228,2.18940138817,-4.43182182312,4.97049665451,37.5225219727,69.070892334,41.404750824],[-224.517303467,-7.46459722519,60.840587616,-28.6615867615,-11.8147220612,-4.46225404739,38.7990074158,21.7145824432,4.52570199966,-14.6379833221,-22.2612457275,41.404750824,88.2420730591]],"icov":[[0.000202918599825,-0.000228878168855,0.000284401729004,-0.000209034289583,0.00019629613962,-0.000185193610378,0.0000176405283128,-0.0001235355885,0.000474690023111,-0.000515638850629,0.000429704668932,-0.000264606816927,0.000395188428229],[-0.000228878168855,0.000749941100366,-0.000557031948119,0.000356153934263,0.0000432860870205,-0.000361329119187,0.0000124626440083,-0.000134891801281,-0.000486049975734,0.00117933785077,-0.00124991103075,0.00082237290917,-0.000484556163428],[0.000284401729004,-0.000557031948119,0.00238931085914,-0.000325594941387,0.000116661642096,0.000918080389965,-0.00111966219265,0.00139723485336,0.000149100931594,-0.000580710475333,0.000892499694601,-0.00113161024638,-0.000213964027353],[-0.000209034289583,0.000356153934263,-0.000325594941387,0.00452682375908,-0.00343921105377,0.000369351007976,0.00310513167642,-0.00276003708132,0.0000151678395923,-0.00115157326218,0.0000155469024321,-0.000525854644366,0.000124062426039],[0.00019629613962,0.0000432860870205,0.000116661642096,-0.00343921105377,0.0101103587076,-0.00468256697059,-0.00149462535046,0.00331965531223,-0.00287414668128,0.0035185564775,-0.00344976736233,-0.000175408567884,0.000205843360163],[-0.000185193610378,-0.000361329119187,0.000918080389965,0.000369351007976,-0.00468256697059,0.011296082288,-0.00422578724101,0.000213642138988,0.00276181008667,-0.00219709053636,0.000439620314864,0.00115321122576,-0.000201364091481],[0.0000176405283128,0.0000124626440083,-0.00111966219265,0.00310513167642,-0.00149462535046,-0.00422578724101,0.0156322009861,-0.0104285702109,0.00159009220079,0.000161248040968,0.00141500856262,-0.00162994663697,-0.00182739330921],[-0.0001235355885,-0.000134891801281,0.00139723485336,-0.00276003708132,0.00331965531223,0.000213642138988,-0.0104285702109,0.0216565914452,-0.0138885872439,0.00682215578854,-0.00109663815238,-0.000556073558982,-0.000645952590276],[0.000474690023111,-0.000486049975734,0.000149100931594,0.0000151678395923,-0.00287414668128,0.00276181008667,0.00159009220079,-0.0138885872439,0.0278449337929,-0.0181332565844,0.00953965447843,-0.00205761985853,0.00247814320028],[-0.000515638850629,0.00117933785077,-0.000580710475333,-0.00115157326218,0.0035185564775,-0.00219709053636,0.000161248040968,0.00682215578854,-0.0181332565844,0.0304851364344,-0.0187916401774,0.00881097093225,-0.00546345068142],[0.000429704668932,-0.00124991103075,0.000892499694601,0.0000155469024321,-0.00344976736233,0.000439620314864,0.00141500856262,-0.00109663815238,0.00953965447843,-0.0187916401774,0.0293539687991,-0.0213344115764,0.0133945606649],[-0.000264606816927,0.00082237290917,-0.00113161024638,-0.000525854644366,-0.000175408567884,0.00115321122576,-0.00162994663697,-0.000556073558982,-0.00205761985853,0.00881097093225,-0.0213344115764,0.0387301668525,-0.0210938137025],[0.000395188428229,-0.000484556163428,-0.000213964027353,0.000124062426039,0.000205843360163,-0.000201364091481,-0.00182739330921,-0.000645952590276,0.00247814320028,-0.00546345068142,0.0133945606649,-0.0210938137025,0.0257079042494]],"mean":[-773.196960449,203.095001221,17.7533130646,14.6992835999,3.87469363213,13.1369514465,3.55453133583,2.97295951843,-4.39345598221,-3.75261807442,-0.78680562973,-2.24450492859,-2.35963153839]},"pitch_salience":{"dmean":0.0774101167917,"dmean2":0.124529488385,"dvar":0.00456502707675,"dvar2":0.011670072563,"max":0.888486325741,"mean":0.539073944092,"median":0.554872632027,"min":0.0676773935556,"var":0.0189217142761},"silence_rate_20dB":{"dmean":0,"dmean2":0,"dvar":0,"dvar2":0,"max":1,"mean":1,"median":1,"min":1,"var":0},"silence_rate_30dB":{"dmean":0.0188645012677,"dmean2":0.0377358496189,"dvar":0.0185099411756,"dvar2":0.0424780957401,"max":1,"mean":0.976967692375,"median":1,"min":0,"var":0.0225035697222},"silence_rate_60dB":{"dmean":0.0232178494334,"dmean2":0.0464441217482,"dvar":0.0226798243821,"dvar2":0.0555334724486,"max":1,"mean":0.093942694366,"median":0,"min":0,"var":0.0851171761751},"spectral_centroid":{"dmean":99.1225738525,"dmean2":153.156143188,"dvar":36351.7226562,"dvar2":68906.609375,"max":11743.65625,"mean":750.623840332,"median":426.816711426,"min":183.461029053,"var":2683521.25},"spectral_complexity":{"dmean":1.95211315155,"dmean2":3.03882431984,"dvar":4.21811676025,"dvar2":8.66830921173,"max":39,"mean":9.90478801727,"median":9,"min":0,"var":27.2370052338},"spectral_contrast_coeffs":{"dmean":[0.0496009625494,0.0475306995213,0.0380469411612,0.0339076407254,0.0303034093231,0.0333234034479],"dmean2":[0.0810539349914,0.0782398656011,0.0611001886427,0.0545717515051,0.0494269952178,0.0546933747828],"dvar":[0.0016737774713,0.00143401615787,0.000997561728582,0.000836741935927,0.00066664791666,0.00135554093868],"dvar2":[0.00429042242467,0.00376685499214,0.00256070378236,0.00211616535671,0.00168329058215,0.00324596790597],"max":[-0.308187693357,-0.384608983994,-0.538023114204,-0.588352441788,-0.676097750664,-0.495214700699],"mean":[-0.670158863068,-0.731204211712,-0.787896454334,-0.815687537193,-0.866196393967,-0.819584608078],"median":[-0.671854019165,-0.734986901283,-0.790949940681,-0.819222092628,-0.863823235035,-0.837451338768],"min":[-0.973280966282,-0.976129114628,-0.977073550224,-0.980680465698,-0.967897057533,-0.964945554733],"var":[0.0108216097578,0.00715719209984,0.00521505344659,0.00385660817847,0.0028859206941,0.00326687004417]},"spectral_contrast_valleys":{"dmean":[0.361604094505,0.360344290733,0.345321774483,0.416694164276,0.597874104977,0.849139511585],"dmean2":[0.604279994965,0.577659368515,0.537169098854,0.635522127151,0.941248238087,1.39052200317],"dvar":[0.11925368011,0.113359101117,0.116220600903,0.164023920894,0.295188575983,0.527727246284],"dvar2":[0.277304947376,0.251450836658,0.235620766878,0.346451699734,0.722852826118,1.43457043171],"max":[-5.2106461525,-4.33966636658,-5.39024972916,-6.07940864563,-6.07834196091,-9.19589805603],"mean":[-7.43943691254,-7.31337690353,-8.04875659943,-8.95246315002,-9.48912143707,-12.22427845],"median":[-6.77886724472,-6.7571811676,-7.47819328308,-8.46990299225,-9.0214099884,-11.7784023285],"min":[-28.2085723877,-28.0173454285,-27.8562450409,-27.8623180389,-27.5508213043,-27.3905906677],"var":[10.7707281113,10.8156089783,10.0193986893,9.22086238861,8.61964225769,6.5956568718]},"spectral_decrease":{"dmean":2.20498463932e-9,"dmean2":3.21557003247e-9,"dvar":9.08549045921e-18,"dvar2":1.83599006985e-17,"max":6.55744121879e-19,"mean":-7.60285079338e-9,"median":-5.57528245793e-9,"min":-5.28993808757e-8,"var":5.11392800095e-17},"spectral_energy":{"dmean":0.00851044431329,"dmean2":0.0123840384185,"dvar":0.000135616908665,"dvar2":0.000272184988717,"max":0.207335799932,"mean":0.0294903907925,"median":0.0215940885246,"min":9.67732411896e-21,"var":0.000770737126004},"spectral_energyband_high":{"dmean":0.0000179611906788,"dmean2":0.0000275954807876,"dvar":1.86306858829e-9,"dvar2":3.40487193995e-9,"max":0.00169650267344,"mean":0.000023011731173,"median":0.00000688355976308,"min":6.88261525568e-21,"var":3.62782892616e-9},"spectral_energyband_low":{"dmean":0.00503059895709,"dmean2":0.00766820088029,"dvar":0.0000535936233064,"dvar2":0.000122354744235,"max":0.133314967155,"mean":0.0135845048353,"median":0.00773420091718,"min":1.20610411081e-23,"var":0.000248755968641},"spectral_energyband_middle_high":{"dmean":0.00102444714867,"dmean2":0.00146459997632,"dvar":0.00000376224420506,"dvar2":0.00000740471386962,"max":0.0534430257976,"mean":0.00252060731873,"median":0.000886518391781,"min":1.14255715553e-21,"var":0.000018367634766},"spectral_energyband_middle_low":{"dmean":0.00548261357471,"dmean2":0.00804467685521,"dvar":0.0000916756835068,"dvar2":0.000176841145731,"max":0.17076523602,"mean":0.0147901196033,"median":0.00745696388185,"min":1.71060852226e-22,"var":0.00037464388879},"spectral_entropy":{"dmean":0.339390099049,"dmean2":0.534538626671,"dvar":0.0874919369817,"dvar2":0.213934704661,"max":9.82590007782,"mean":6.6744260788,"median":6.59517812729,"min":4.58951330185,"var":0.552779734135},"spectral_flux":{"dmean":0.0194043833762,"dmean2":0.0317541174591,"dvar":0.000422899902333,"dvar2":0.00108263781294,"max":0.294814437628,"mean":0.0679042935371,"median":0.0607700906694,"min":6.22733878353e-11,"var":0.00162137637381},"spectral_kurtosis":{"dmean":12.9572868347,"dmean2":21.5787010193,"dvar":277.145599365,"dvar2":749.234375,"max":164.637893677,"mean":25.5176944733,"median":19.8367424011,"min":-1.2855322361,"var":426.6043396},"spectral_rms":{"dmean":0.000726052501705,"dmean2":0.00105393899139,"dvar":5.73655142944e-7,"dvar2":0.00000115165335046,"max":0.0142224757001,"mean":0.00476069655269,"median":0.00458992365748,"min":3.07266842178e-12,"var":0.0000061068622017},"spectral_rolloff":{"dmean":169.532302856,"dmean2":288.262359619,"dvar":294607.65625,"dvar2":697130.0625,"max":19466.015625,"mean":1000.85998535,"median":387.59765625,"min":21.533203125,"var":8861574},"spectral_skewness":{"dmean":0.844508051872,"dmean2":1.3667498827,"dvar":0.787724852562,"dvar2":2.09506988525,"max":10.0778608322,"mean":3.60581421852,"median":3.42366886139,"min":-0.0998504385352,"var":2.05841946602},"spectral_spread":{"dmean":783681.875,"dmean2":1299745.5,"dvar":749804847104,"dvar2":1742865301500,"max":43695876,"mean":3493939.75,"median":2472364.75,"min":581312.3125,"var":34028658884600},"spectral_strongpeak":{"dmean":0.313462734222,"dmean2":0.52629250288,"dvar":0.294969022274,"dvar2":0.71119248867,"max":8.11741065979,"mean":0.609480261803,"median":0.322358161211,"min":0,"var":0.623922407627},"zerocrossingrate":{"dmean":0.00375585979782,"dmean2":0.00494119012728,"dvar":0.0000930150126806,"dvar2":0.000159927280038,"max":0.52880859375,"mean":0.0313151739538,"median":0.0166015625,"min":0.00146484375,"var":0.0061616031453}},"metadata":{"audio_properties":{"analysis_sample_rate":44100,"bit_rate":138748,"codec":"mp3","downmix":"mix","equal_loudness":0,"length":128.001068115,"lossless":false,"md5_encoded":"87eb8fe78f433cded98d36f852f4ea97","replay_gain":-1.01843070984,"sample_rate":44100},"tags":{"album":["The Complete Columbia Album Collection"],"albumartist":["Johnny Cash"],"albumartistsort":["Cash, Johnny"],"artist":["Johnny Cash"],"artists":["Johnny Cash"],"artistsort":["Cash, Johnny"],"asin":["B008DDC874"],"barcode":["886979104723"],"catalognumber":["88697910472"],"date":["2012-12-04"],"discnumber":["4/63"],"file_name":"06 - I’d Just Be Fool Enough (To Fall).mp3","label":["Columbia","Legacy"],"media":["CD"],"musicbrainz album release country":["US"],"musicbrainz album status":["official"],"musicbrainz album type":["album","compilation"],"musicbrainz release track id":["1a5a5eaf-cc2c-31a7-9a6a-8ae772b91848"],"musicbrainz_albumartistid":["d43d12a1-2dc9-4257-a2fd-0a3bb1081b86"],"musicbrainz_albumid":["de36c451-000c-4488-9375-b6d40b6636e5"],"musicbrainz_artistid":["d43d12a1-2dc9-4257-a2fd-0a3bb1081b86"],"musicbrainz_recordingid":["89e9d4e8-2e0c-4cd3-8f50-f6f3314bbd17"],"musicbrainz_releasegroupid":["30578604-ce5e-4d3d-a09c-6c06fc4c526b"],"originaldate":["2012"],"script":["Latn"],"title":["I’d Just Be Fool Enough (To Fall)"],"tracknumber":["6/12"]},"version":{"essentia":"2.1-beta1","essentia_build_sha":"ca57ba49d9b1854bd80e60cf9ccf267278fb7d6b","essentia_git_sha":"v2.1_beta1-28-g21ef5f4-dirty","extractor":"music 1.0"}},"rhythm":{"beats_count":268,"beats_loudness":{"dmean":0.0300723724067,"dmean2":0.0531540252268,"dvar":0.00103531510103,"dvar2":0.00294536608271,"max":0.186686053872,"mean":0.0431322641671,"median":0.0360467843711,"min":0,"var":0.00120502756909},"beats_loudness_band_ratio":{"dmean":[0.27707490325,0.179231405258,0.0979885607958,