{"lowlevel":{"average_loudness":0.818471670151,"barkbands":{"dmean":[0.000967537635006,0.00206936546601,0.000781458511483,0.000727260718122,0.00122698140331,0.00114482606295,0.00146395748015,0.001372119179,0.00261554308236,0.00186495715752,0.000980597687885,0.000885243352968,0.000792032398749,0.000255731167272,0.000111228553578,0.0000841536530061,0.0000455125882581,0.0000216057396756,0.000014837098206,0.0000138551104101,0.00000753093172534,0.00000388108446714,0.00000256187172454,0.00000185770602457,0.00000175631521415,0.00000291147989628,0.000108493368316],"dmean2":[0.00159676745534,0.00340657471679,0.00130455009639,0.00114687927999,0.00192164338659,0.00182070874143,0.00229465938173,0.00219973200001,0.00402279524133,0.00291336979717,0.00155880872626,0.00137706391979,0.00120034685824,0.000407888903283,0.000175422421307,0.000131643784698,0.0000711576940375,0.0000331074843416,0.0000228869994316,0.0000213260991586,0.0000119081205412,0.00000619574120719,0.00000413079487771,0.00000313276109409,0.00000295168547382,0.00000470100030725,0.000160235998919],"dvar":[0.00000221783761845,0.00000636902859696,0.00000104492983155,0.00000139878966365,0.00000746322575651,0.00000729625480744,0.00000796105268819,0.00000536867992196,0.0000196652999875,0.0000160085364769,0.00000397819894715,0.00000346921660821,0.0000030121132113,2.50064971397e-7,5.10487012662e-8,2.58349750482e-8,1.5005356957e-8,1.68229252751e-9,9.67430802135e-10,4.82415707381e-9,5.1578208371e-10,6.37227215439e-11,1.46744526253e-11,9.43609166498e-12,8.68012432764e-12,1.5445872012e-11,2.63003325784e-8],"dvar2":[0.00000577386981604,0.000017217167624,0.00000274996477856,0.00000321509082823,0.0000158840866789,0.0000183763841051,0.0000177588772203,0.0000127546645672,0.0000401737670472,0.0000413717607444,0.00000941059079196,0.00000808654294815,0.0000062311455622,6.07699973898e-7,1.17397895849e-7,6.25472225124e-8,3.73196442638e-8,3.70927533133e-9,2.24076845967e-9,1.16161764652e-8,9.79818670643e-10,1.39390818332e-10,3.53576196099e-11,2.4610683283e-11,2.26950853943e-11,3.72352253197e-11,5.87996176193e-8],"max":[0.0220545604825,0.0283205304295,0.0144870933145,0.0236529558897,0.0710730478168,0.0590707100928,0.0770155265927,0.044007986784,0.1262345016,0.0845385864377,0.0420151427388,0.0394388847053,0.0505404099822,0.0119341993704,0.00768073974177,0.00521357450634,0.00356440804899,0.000932723109145,0.0011114947265,0.00544890249148,0.00150026986375,0.000397391850129,0.0000986508457572,0.0000438406532339,0.0000420648721047,0.000043056847062,0.00257397745736],"mean":[0.00176580715925,0.00416962709278,0.00117664725985,0.00113734824117,0.00183408835437,0.00168384297285,0.00246798200533,0.00211655977182,0.00535454601049,0.00339228892699,0.00149316934403,0.00150348665193,0.0013054900337,0.000388715154259,0.000184486780199,0.00013509078417,0.0000741198527976,0.0000376223651983,0.0000275750426226,0.000023881195375,0.0000122419587569,0.00000612008489043,0.00000342915063811,0.00000192016636902,0.00000182754456546,0.00000380873916583,0.00022358741262],"median":[0.000639488745946,0.00293582002632,0.000698235700838,0.000605834648013,0.000736641231924,0.000521294074133,0.000983047299087,0.00107081711758,0.00242464663461,0.00104913627729,0.000580025371164,0.000426046259236,0.000374231138267,0.000159890390933,0.0000910397357075,0.0000661072845105,0.0000321929401252,0.0000179177841346,0.0000139074936669,0.0000108989361252,0.00000622814877715,0.00000351453945768,0.00000190758032659,8.47555043038e-7,7.91800403022e-7,0.00000220442097998,0.00013231941557],"min":[3.33960004376e-24,2.5172180721e-24,7.21685139293e-24,4.93717275003e-24,2.49586881388e-23,6.12406983328e-23,4.71505413158e-23,4.18071351763e-23,7.95344395229e-23,1.2359908004e-22,6.57183485615e-23,1.09201068477e-22,5.04334553926e-23,1.20496673115e-22,8.61779610094e-23,2.06441124986e-22,2.20190617154e-22,1.285350269e-22,2.402979117e-22,2.40786803513e-22,3.13401841113e-22,4.28161084689e-22,8.05413958559e-22,8.18640013118e-22,1.32826687708e-21,1.68599310852e-21,2.28277817206e-21],"var":[0.00000609064227319,0.0000160915369634,0.00000204337766263,0.0000027037945074,0.0000149915067595,0.0000115046350402,0.0000191428916878,0.000010412647498,0.0000623513915343,0.000031375875551,0.00000728126042304,0.0000097641859611,0.00000787539829616,4.07122143997e-7,9.67879358882e-8,4.28654871598e-8,2.22509903836e-8,3.61125418458e-9,1.9414969632e-9,1.31417676741e-8,1.55546708847e-9,1.31422997485e-10,2.09853939781e-11,9.52554615047e-12,8.81006205489e-12,2.07418561493e-11,5.74992569113e-8]},"barkbands_crest":{"dmean":2.26819062233,"dmean2":3.67447280884,"dvar":4.14768409729,"dvar2":10.3842182159,"max":24.8406562805,"mean":9.17090511322,"median":8.28866195679,"min":2.70812773705,"var":13.8423347473},"barkbands_flatness_db":{"dmean":0.0234832335263,"dmean2":0.0358032546937,"dvar":0.000359046622179,"dvar2":0.000835163518786,"max":0.353309363127,"mean":0.167381733656,"median":0.16493922472,"min":0.0578162409365,"var":0.00132744153962},"barkbands_kurtosis":{"dmean":2.90551447868,"dmean2":4.65354824066,"dvar":28.4218635559,"dvar2":73.8387145996,"max":229.881134033,"mean":6.16420412064,"median":4.21057987213,"min":-1.38891708851,"var":157.66456604},"barkbands_skewness":{"dmean":0.493098914623,"dmean2":0.763911068439,"dvar":0.215680465102,"dvar2":0.503987073898,"max":12.0509605408,"mean":1.24051380157,"median":1.14566600323,"min":-1.98868179321,"var":1.3723334074},"barkbands_spread":{"dmean":3.89535927773,"dmean2":5.97488880157,"dvar":20.9426307678,"dvar2":44.4400405884,"max":120.506271362,"mean":16.8089485168,"median":14.3140640259,"min":0.924487054348,"var":177.00491333},"dissonance":{"dmean":0.0302142780274,"dmean2":0.0518584959209,"dvar":0.000837609171867,"dvar2":0.00231979810633,"max":0.500000119209,"mean":0.454291790724,"median":0.46395072341,"min":0.238158419728,"var":0.00144457619172},"dynamic_complexity":2.55532741547,"erbbands":{"dmean":[0.100830286741,0.358020067215,0.770785927773,1.73105061054,2.27046966553,4.3818602562,10.4242677689,8.59066009521,14.3968734741,27.4541015625,35.5077514648,52.2064094543,54.9653511047,58.5663757324,35.9947319031,31.2986965179,29.3073177338,21.2722892761,6.13758134842,5.44144105911,4.20168209076,2.24076104164,1.27679526806,0.803226172924,0.695935666561,0.652854025364,0.428278833628,0.235156387091,0.14817789197,0.0945269912481,0.0700922012329,0.0442985966802,0.0286343544722,0.0193985924125,0.0126723796129,0.00776005163789,0.0057315248996,0.00457139872015,0.00433014100417,0.00491868099198],"dmean2":[0.16244764626,0.608857631683,1.30002343655,2.77051544189,3.65395689011,6.89630079269,16.5185832977,13.7330846786,22.5907382965,43.028339386,56.3741798401,80.8609237671,83.4935760498,92.6036224365,56.338722229,47.9830245972,44.5496063232,32.8060646057,9.47847270966,8.49122142792,6.51942300797,3.43184161186,1.93985366821,1.24327456951,1.06794214249,1.01973080635,0.644868373871,0.376164644957,0.236358880997,0.15102776885,0.113813139498,0.0744049102068,0.0483331754804,0.0326400995255,0.0212557762861,0.0129513237625,0.00931412074715,0.0069925589487,0.00654398230836,0.00706932228059],"dvar":[0.0171448662877,0.217680469155,0.94622272253,7.36190032959,12.5714139938,105.770835876,667.28314209,490.905090332,957.7421875,3062.72412109,3241.00415039,7222.88964844,8760.19824219,19962.0429688,4799.77539062,3836.78442383,3340.18676758,2291.65698242,137.470291138,100.384254456,80.2445144653,32.4894485474,5.65637397766,2.51977562904,2.76479315758,14.8847417831,2.11409020424,0.380483180285,0.0877372175455,0.0228618662804,0.0108780134469,0.00493859592825,0.00237349327654,0.00109256617725,0.00043821480358,0.000146881473484,0.0000612954827375,0.0000430248401244,0.0000424711251981,0.0000403633384849],"dvar2":[0.0411484986544,0.642910242081,2.56024098396,17.42811203,30.4794330597,224.698730469,1593.8104248,1211.33325195,2173.20361328,6993.73339844,7525.88476562,15465.0458984,18324.5449219,53119.7226562,11275.0908203,8552.53613281,7115.31103516,4928.64746094,328.132293701,226.45149231,195.839950562,78.9096450806,12.0583992004,5.70663881302,5.94853591919,38.2026863098,2.70445466042,0.811635732651,0.176456674933,0.0499510839581,0.026871772483,0.0126798655838,0.00622306065634,0.00286454358138,0.00114301382564,0.000379946490284,0.000147577360622,0.0000976349256234,0.0000991901979432,0.0000844692476676],"max":[1.72519350052,6.35889911652,15.8953609467,55.7444267273,49.0990867615,192.315811157,605.851623535,733.965576172,1001.70178223,1661.47436523,1025.28051758,2055.45288086,1962.4230957,3211.34887695,1312.07824707,1145.90014648,1307.71154785,1466.14990234,381.74395752,243.642715454,314.191345215,141.808303833,57.8179779053,37.3194351196,73.025428772,298.896514893,118.693305969,29.7933292389,14.8378925323,6.89953565598,1.35450541973,0.977762579918,0.699405670166,0.474834769964,0.296829462051,0.165156409144,0.0867288336158,0.0893827229738,0.0990630090237,0.0986654832959],"mean":[0.209348157048,0.588239848614,1.22773230076,2.86829161644,3.62705850601,6.12633037567,14.1461801529,13.3662252426,24.6528625488,44.8365783691,60.8073387146,110.05695343,118.997566223,98.1596679688,63.6719932556,57.0373573303,51.3110046387,35.64868927,11.276424408,9.16687297821,7.05660963058,3.90544676781,2.32224273682,1.52646410465,1.28020298481,1.12733840942,0.716103851795,0.391036629677,0.23848465085,0.142533123493,0.090441532433,0.047754291445,0.0291387978941,0.019964184612,0.0133697576821,0.00852065067738,0.00723996106535,0.00811108574271,0.00952386390418,0.0154385091737],"median":[0.106666237116,0.396189570427,0.803468227386,1.65185832977,2.09879374504,2.09577655792,3.41377544403,4.55279302597,11.3568248749,18.3789138794,34.708732605,54.0847854614,47.3947677612,34.6648712158,26.5745887756,17.3338356018,16.7241439819,12.413640976,5.95313167572,4.88479995728,3.47872638702,1.76780569553,1.1171233654,0.726048648357,0.645838737488,0.49991184473,0.339187532663,0.220165520906,0.138375461102,0.0833224132657,0.0496246442199,0.022417999804,0.0123261166736,0.0085314437747,0.00591703969985,0.00405722204596,0.00406154990196,0.00527637265623,0.00644062040374,0.01278684102],"min":[1.23881214565e-22,5.6180512822e-22,5.60375485068e-21,1.50479582281e-20,1.50705926038e-20,9.5853398577e-20,2.23881163227e-19,7.62274076331e-19,5.85880912632e-19,9.14657650668e-19,7.28499671535e-19,2.189608086e-18,4.25680254032e-18,2.26917210758e-18,2.79573853512e-18,4.93245152287e-18,2.88034732446e-18,5.36175826079e-18,4.44195699428e-18,8.99757687653e-18,1.1282421782e-17,1.086651537e-17,7.57882233247e-18,1.19441877787e-17,1.06505666362e-17,1.1309214162e-17,1.03293988741e-17,1.49651597364e-17,1.48892526803e-17,1.63819166393e-17,2.37525955142e-17,1.76378348895e-17,1.55086008552e-17,1.54190966042e-17,8.54061583637e-18,5.8362567707e-18,3.08115513753e-18,1.24271665443e-18,3.05285351476e-19,3.67727147967e-20],"var":[0.0576056092978,0.36519831419,1.81266355515,13.8671073914,22.644657135,196.676818848,1108.73205566,812.094299316,2039.20996094,7100.01318359,6554.07128906,22463.4316406,28510.1855469,31464.3457031,12010.9033203,11268.5341797,8765.890625,5594.18066406,292.452545166,200.970169067,129.007522583,53.1428871155,13.0123004913,5.66045045853,6.39560365677,35.3048171997,8.61002159119,0.977651894093,0.208552524447,0.0491637662053,0.0139119401574,0.00519973644987,0.00235571106896,0.00109347049147,0.000451272586361,0.000158569950145,0.0000790515186964,0.0000751284242142,0.000084828112449,0.000126839280711]},"erbbands_crest":{"dmean":3.01582884789,"dmean2":4.88866043091,"dvar":7.40462732315,"dvar2":18.4998149872,"max":29.2955474854,"mean":11.2662963867,"median":10.5194616318,"min":2.49293875694,"var":18.3554267883},"erbbands_flatness_db":{"dmean":0.025840729475,"dmean2":0.0402251891792,"dvar":0.000436039059423,"dvar2":0.00103807623964,"max":0.367096275091,"mean":0.208015188575,"median":0.20827023685,"min":0.0336371660233,"var":0.00222785351798},"erbbands_kurtosis":{"dmean":1.97764468193,"dmean2":3.04479956627,"dvar":5.91070175171,"dvar2":12.8553924561,"max":46.6254997253,"mean":3.78833913803,"median":2.48598575592,"min":-1.34893298149,"var":22.9794559479},"erbbands_skewness":{"dmean":0.451172828674,"dmean2":0.706079781055,"dvar":0.147273749113,"dvar2":0.366600602865,"max":4.14861488342,"mean":0.504524290562,"median":0.478064984083,"min":-2.71348071098,"var":0.525441408157},"erbbands_spread":{"dmean":3.15599298477,"dmean2":4.89704847336,"dvar":10.7642879486,"dvar2":25.3673591614,"max":110.213630676,"mean":12.8134393692,"median":10.7803163528,"min":1.40851759911,"var":75.6317443848},"gfcc":{"cov":[[20132.5351562,3311.24316406,-892.518310547,-1143.77441406,73.9840011597,-420.33795166,346.902099609,-438.208618164,-48.7436294556,-349.410461426,-28.7465782166,-278.494659424,81.7713470459],[3311.24316406,1168.90759277,-10.7025632858,-254.411331177,92.53515625,-181.522171021,166.789825439,-144.587524414,64.9642105103,-87.433052063,4.92349624634,-77.6605453491,39.3638458252],[-892.518310547,-10.7025632858,489.627624512,186.868499756,-87.7830123901,40.709438324,-43.8410835266,72.6808242798,11.2165632248,45.0968780518,-17.3912734985,-9.71049118042,-6.97027873993],[-1143.77441406,-254.411331177,186.868499756,293.385253906,34.1513824463,-2.17058682442,-23.7747325897,13.8486194611,9.28523921967,40.4706535339,-6.87522745132,19.8879375458,-14.4392976761],[73.9840011597,92.53515625,-87.7830123901,34.1513824463,186.817001343,2.97815775871,64.329460144,-44.7962799072,21.3050556183,-15.2951726913,14.9044237137,-4.92135953903,-7.21388578415],[-420.33795166,-181.522171021,40.709438324,-2.17058682442,2.97815775871,209.069061279,-6.34840393066,87.5357208252,-30.156791687,15.2963819504,6.84330129623,4.06207942963,2.78652143478],[346.902099609,166.789825439,-43.8410835266,-23.7747325897,64.329460144,-6.34840393066,219.145065308,13.0790805817,60.5799484253,-38.6695594788,-18.7854404449,-3.23330974579,-14.1897153854],[-438.208618164,-144.587524414,72.6808242798,13.8486194611,-44.7962799072,87.5357208252,13.0790805817,157.219985962,23.64909935,19.1127796173,-7.82502317429,-2.63097906113,20.9023532867],[-48.7436294556,64.9642105103,11.2165632248,9.28523921967,21.3050556183,-30.156791687,60.5799484253,23.64909935,90.9127655029,27.5624675751,2.73354029655,-0.988738298416,-2.06042599678],[-349.410461426,-87.433052063,45.0968780518,40.4706535339,-15.2951726913,15.2963819504,-38.6695594788,19.1127796173,27.5624675751,89.4449005127,48.5087394714,21.7931957245,4.3188958168],[-28.7465782166,4.92349624634,-17.3912734985,-6.87522745132,14.9044237137,6.84330129623,-18.7854404449,-7.82502317429,2.73354029655,48.5087394714,86.348815918,41.8767204285,10.1301040649],[-278.494659424,-77.6605453491,-9.71049118042,19.8879375458,-4.92135953903,4.06207942963,-3.23330974579,-2.63097906113,-0.988738298416,21.7931957245,41.8767204285,72.199508667,31.9497356415],[81.7713470459,39.3638458252,-6.97027873993,-14.4392976761,-7.21388578415,2.78652143478,-14.1897153854,20.9023532867,-2.06042599678,4.3188958168,10.1301040649,31.9497356415,90.7652664185]],"icov":[[0.000137001203257,-0.000604831031524,0.000488158373628,-0.000274070829619,0.000357244745828,-0.000189452737686,0.000109004526166,-0.00023405867978,0.000380492361728,-0.000227174285101,0.000271775410511,-0.000158644514158,0.00028288050089],[-0.000604831031524,0.00635593524203,-0.00497599178925,0.00501326331869,-0.0030874251388,0.00277255428955,-0.00274682743475,0.00446804892272,-0.00345596414991,0.00368643505499,-0.00559055060148,0.00667125266045,-0.00556329311803],[0.000488158373628,-0.00497599178925,0.0075655519031,-0.00680548511446,0.00505734048784,-0.00318037811667,0.00203523295932,-0.00338163226843,0.00153334252536,-0.00235498766415,0.00313475518487,-0.00275641540065,0.00358038628474],[-0.000274070829619,0.00501326331869,-0.00680548511446,0.0117308627814,-0.00694702006876,0.00455549731851,-0.00187813746743,0.00213595689274,0.00023039439111,-0.00182681973092,0.000844056659844,0.00051000044914,-0.002242783783],[0.000357244745828,-0.0030874251388,0.00505734048784,-0.00694702006876,0.0125064989552,-0.0050516682677,-0.00071609969018,0.00278054061346,-0.0033316584304,0.0037257282529,-0.0045179896988,0.00342009495944,-0.000255401915638],[-0.000189452737686,0.00277255428955,-0.00318037811667,0.00455549731851,-0.0050516682677,0.0104126818478,-0.0021202377975,-0.00441669626161,0.005966195371,-0.00305503723212,-0.0000351334856532,0.000640498299617,-0.000527521478944],[0.000109004526166,-0.00274682743475,0.00203523295932,-0.00187813746743,-0.00071609969018,-0.0021202377975,0.0097651463002,-0.00309617794119,-0.00557362893596,0.00410208990797,0.00309528457001,-0.00660725217313,0.00485700694844],[-0.00023405867978,0.00446804892272,-0.00338163226843,0.00213595689274,0.00278054061346,-0.00441669626161,-0.00309617794119,0.0164631027728,-0.00878304708749,0.00468776281923,-0.00617138808593,0.00965197291225,-0.00869670975953],[0.000380492361728,-0.00345596414991,0.00153334252536,0.00023039439111,-0.0033316584304,0.005966195371,-0.00557362893596,-0.00878304708749,0.0272794179618,-0.0175206921995,0.00967460032552,-0.00502812024206,0.00415687542409],[-0.000227174285101,0.00368643505499,-0.00235498766415,-0.00182681973092,0.0037257282529,-0.00305503723212,0.00410208990797,0.00468776281923,-0.0175206921995,0.0331153906882,-0.0215218178928,0.00824464485049,-0.00438752304763],[0.000271775410511,-0.00559055060148,0.00313475518487,0.000844056659844,-0.0045179896988,-0.0000351334856532,0.00309528457001,-0.00617138808593,0.00967460032552,-0.0215218178928,0.0356167182326,-0.023458134383,0.00962777622044],[-0.000158644514158,0.00667125266045,-0.00275641540065,0.00051000044914,0.00342009495944,0.000640498299617,-0.00660725217313,0.00965197291225,-0.00502812024206,0.00824464485049,-0.023458134383,0.0389398261905,-0.0174797121435],[0.00028288050089,-0.00556329311803,0.00358038628474,-0.002242783783,-0.000255401915638,-0.000527521478944,0.00485700694844,-0.00869670975953,0.00415687542409,-0.00438752304763,0.00962777622044,-0.0174797121435,0.0212329886854]],"mean":[-44.6857032776,121.897743225,-91.2999954224,-36.2678184509,-22.4054603577,-11.2564601898,8.69552326202,-8.81980323792,1.46822059155,-7.72232198715,-5.42669343948,-8.82602596283,-3.71622753143]},"hfc":{"dmean":70.4837036133,"dmean2":109.026031494,"dvar":5657.75732422,"dvar2":13575.7871094,"max":1093.44458008,"mean":245.080215454,"median":215.88142395,"min":1.15950843075e-16,"var":24435.7714844},"melbands":{"dmean":[0.000723230536096,0.000397564581363,0.000301704596495,0.000200597118237,0.000337178789778,0.000197717788978,0.000237374682911,0.00029054551851,0.000310461764457,0.000352211180143,0.000285406276817,0.000252112688031,0.00012811931083,0.000105189952592,0.000078965058492,0.0000673664762871,0.0000361342754331,0.0000106264305941,0.0000084435196186,0.00000641971200821,0.00000503012597619,0.00000269748670689,0.00000153084317844,0.00000101016280496,6.6262322207e-7,5.97021312387e-7,4.7035862849e-7,4.60286713633e-7,3.23398893443e-7,1.80263015181e-7,1.29013443484e-7,9.02141223946e-8,6.50584226491e-8,5.05857329358e-8,4.33489155682e-8,3.31196226e-8,2.48253524404e-8,2.05535304332e-8,1.76597687584e-8,1.59069593053e-8],"dmean2":[0.00117304665036,0.000672848895192,0.000475471635582,0.000321914674714,0.000526756048203,0.000313954922603,0.000372133246856,0.000458548514871,0.000495610584039,0.000539060682058,0.000432174128946,0.000399559939979,0.000202506329515,0.000163581804372,0.00012147196685,0.000102936581243,0.0000560370426683,0.0000168260030478,0.0000133193252623,0.0000100132401712,0.00000793054277892,0.00000422043603976,0.00000237860990637,0.00000157544980084,0.00000104894013475,9.31957060857e-7,7.35761261694e-7,7.17560794783e-7,4.93655875289e-7,2.92012686032e-7,2.08239725907e-7,1.44615697195e-7,1.05899836456e-7,8.15800831333e-8,7.04924687511e-8,5.47883765023e-8,4.20686880886e-8,3.4775165858e-8,2.97667206439e-8,2.67577693336e-8],"dvar":[8.25786230507e-7,2.32628551089e-7,2.0139583512e-7,1.48892283391e-7,6.78115952724e-7,2.30282779512e-7,2.2519839149e-7,2.83006073687e-7,2.12482461848e-7,3.65964694993e-7,2.34480395989e-7,3.7691813759e-7,5.95538303116e-8,5.28076142814e-8,2.61179771144e-8,2.38342909853e-8,6.11584960453e-9,4.28209301351e-10,2.95017926755e-10,1.28568863889e-10,1.37061959005e-10,5.34149287301e-11,1.03657742112e-11,3.69621564258e-12,1.73535068693e-12,1.74273659739e-12,2.88479938722e-12,7.7832826989e-12,1.28973329412e-12,3.32344937161e-13,1.13916959633e-13,3.47585492561e-14,1.7164219739e-14,6.8367785764e-15,4.12352537031e-15,2.5742665344e-15,1.65784327167e-15,1.21843106012e-15,9.2433571512e-16,7.29775794086e-16],"dvar2":[0.00000208163373827,6.52655387512e-7,4.75178552506e-7,3.38825088875e-7,0.00000155521433953,5.67075915114e-7,5.16445084031e-7,6.61672686419e-7,4.9830930493e-7,7.37062123335e-7,4.88580269575e-7,0.0000010067584526,1.4142133864e-7,1.21577585332e-7,5.79599515049e-8,4.98774213042e-8,1.335712696e-8,1.06899433749e-9,6.55459686527e-10,3.04897773695e-10,3.37949335183e-10,1.31862701314e-10,2.39758629617e-11,8.50257537988e-12,4.08854113759e-12,4.13358410001e-12,6.5940508262e-12,2.03268669258e-11,1.59350484197e-12,7.55093578809e-13,2.69197316348e-13,7.17656931603e-14,4.01943222087e-14,1.55719688988e-14,1.01544088486e-14,6.49145933743e-15,4.29530449904e-15,3.19490578606e-15,2.42741198541e-15,1.91216777282e-15],"max":[0.0121206454933,0.00678121112287,0.00858705397695,0.00727660302073,0.0212546624243,0.0143571859226,0.013086926192,0.0154746146873,0.00711984699592,0.017561558634,0.0103627424687,0.0140160704032,0.00451548490673,0.00493764225394,0.00381291820668,0.00538884522393,0.00237666373141,0.000568053277675,0.000582313106861,0.000259597407421,0.000416275725001,0.000215816224227,0.0000852758894325,0.0000458805807284,0.0000285459118459,0.000051379262004,0.000119455486129,0.000215862732148,0.0000944768471527,0.0000336997509294,0.0000132474251586,0.00000896810252016,0.00000726419466446,0.00000392571337215,7.94487107214e-7,6.60682019316e-7,5.71404939365e-7,4.97222629292e-7,4.3780741521e-7,3.87481776443e-7],"mean":[0.00155917892698,0.000700864591636,0.000538587395567,0.000304049201077,0.00047270313371,0.000308664370095,0.000411976739997,0.000472626590636,0.00053651467897,0.000734667759389,0.000609921757132,0.000411284825532,0.000209214296774,0.000180951363291,0.000129409716465,0.000112052584882,0.0000582732245675,0.0000173040516529,0.0000137183787956,0.000010302107512,0.00000789540081314,0.00000434875801147,0.00000253965617958,0.00000169011673279,0.00000117403942568,0.00000103828790543,7.70361509694e-7,7.5736988947e-7,5.16757154401e-7,2.81267205082e-7,2.04724557307e-7,1.40860265674e-7,9.79825927061e-8,7.29919378273e-8,5.63039321833e-8,3.72180402053e-8,2.54407517275e-8,2.06320649454e-8,1.79252275245e-8,1.63807101217e-8],"median":[0.000964233186096,0.000495213083923,0.000326427427353,0.000152332795551,0.000119216572784,0.000105795712443,0.000182923366083,0.000219808309339,0.000309635361191,0.000327343121171,0.000231612910284,0.000133358553285,0.0000828865449876,0.0000522756599821,0.0000361182392226,0.0000343152642017,0.0000200833346753,0.00000823648224468,0.00000688163800078,0.00000509053370479,0.00000357197018275,0.00000190569880942,0.00000111954557269,7.69506073084e-7,5.35153048986e-7,5.20174069152e-7,3.55375476602e-7,3.23567860505e-7,2.40658181383e-7,1.41413920574e-7,1.1574715586e-7,8.06252415941e-8,5.64931994518e-8,4.21493524527e-8,3.08439176422e-8,1.80464425625e-8,1.09528404124e-8,8.42824832148e-9,7.47267314694e-9,6.98158819645e-9],"min":[1.28194285137e-24,2.23751244979e-24,2.5875010428e-24,3.11569055329e-24,8.31325918838e-24,1.47221907966e-23,9.15603163672e-24,1.04817139657e-23,5.49046085629e-24,1.38859698381e-23,2.16365408537e-23,8.9168340219e-24,9.18695419535e-24,1.24606015231e-23,7.81676670071e-24,6.69584031946e-24,1.06679695474e-23,6.73337195475e-24,9.82439640525e-24,1.34503356027e-23,1.35696571255e-23,1.29563138274e-23,6.2306249834e-24,7.6653700935e-24,9.85777232129e-24,8.85825242222e-24,7.09343173772e-24,7.17158103216e-24,5.94793233928e-24,7.79309456267e-24,8.9665551359e-24,8.8007349959e-24,7.89203665284e-24,9.23703660764e-24,1.18864630343e-23,1.53929292476e-23,9.96597248305e-24,9.84207793358e-24,1.30066392088e-23,1.31755540501e-23],"var":[0.00000265294329438,4.63012781893e-7,4.25640166668e-7,2.47935133757e-7,0.0000012419493487,4.01178368747e-7,5.03869216573e-7,6.46784940272e-7,4.62568436888e-7,0.00000119054493553,7.73016267885e-7,5.91769492075e-7,1.27123101379e-7,1.50443881353e-7,6.38877608594e-8,6.25250109465e-8,1.42537874837e-8,8.0783940648e-10,5.54688794896e-10,2.3968671492e-10,1.96988717005e-10,7.82042555714e-11,1.96349395076e-11,7.57621309438e-12,3.60517258408e-12,3.11070028243e-12,6.7037438968e-12,1.8499240334e-11,4.85549100926e-12,8.26805258373e-13,2.15833874753e-13,7.59480504745e-14,3.1181173366e-14,1.24977822484e-14,5.31673221277e-15,2.85847869897e-15,1.67743916715e-15,1.20372900338e-15,9.14651375675e-16,7.32577832015e-16]},"melbands_crest":{"dmean":3.16013145447,"dmean2":5.06570005417,"dvar":8.60301017761,"dvar2":20.5004768372,"max":34.899936676,"mean":13.0307865143,"median":11.5398521423,"min":2.31424188614,"var":34.3186721802},"melbands_flatness_db":{"dmean":0.0285412166268,"dmean2":0.0435993373394,"dvar":0.000541696732398,"dvar2":0.00125467788894,"max":0.505286991596,"mean":0.278176516294,"median":0.277820616961,"min":0.00821366999298,"var":0.00274832756259},"melbands_kurtosis":{"dmean":2.03359794617,"dmean2":3.20773887634,"dvar":39.3552017212,"dvar2":93.6244430542,"max":310.667114258,"mean":2.79850888252,"median":0.442363381386,"min":-1.84361851215,"var":243.720016479},"melbands_skewness":{"dmean":0.475185722113,"dmean2":0.72729408741,"dvar":0.208484828472,"dvar2":0.481960684061,"max":12.7864427567,"mean":0.817321360111,"median":0.616748929024,"min":-2.25388932228,"var":1.51788890362},"melbands_spread":{"dmean":3.93169498444,"dmean2":6.08341407776,"dvar":19.7430667877,"dvar2":45.7536125183,"max":152.920166016,"mean":18.5493164062,"median":16.3250846863,"min":0.563281059265,"var":182.277389526},"mfcc":{"cov":[[7471.03222656,1945.44384766,-842.809570312,-314.194335938,-296.083618164,19.5531520844,1.44733548164,45.12449646,-59.6139945984,10.4314308167,-37.9444541931,-9.93893718719,-17.4861335754],[1945.44384766,1405.28063965,-167.431228638,-42.5628089905,-128.559432983,15.7539024353,1.3254108429,18.2106342316,40.0032501221,32.4618148804,19.9409198761,-13.3296642303,15.5280828476],[-842.809570312,-167.431228638,560.984008789,76.3394927979,51.0348777771,-42.1012878418,-10.3945198059,-19.7791080475,35.7931022644,28.6947479248,8.2503786087,11.5656890869,6.35788488388],[-314.194335938,-42.5628089905,76.3394927979,295.670074463,22.5869197845,25.7758712769,-35.1322059631,-22.3941116333,11.663479805,6.47529268265,-2.89779090881,-0.505563259125,23.0571308136],[-296.083618164,-128.559432983,51.0348777771,22.5869197845,159.571975708,22.6226501465,14.6444807053,-32.6723518372,-19.0601978302,-9.12268543243,1.2737159729,7.3408241272,3.28711366653],[19.5531520844,15.7539024353,-42.1012878418,25.7758712769,22.6226501465,113.636909485,36.2463569641,13.6831789017,-11.2020101547,0.972859144211,6.0667552948,8.63615226746,7.16533374786],[1.44733548164,1.3254108429,-10.3945198059,-35.1322059631,14.6444807053,36.2463569641,97.6464767456,58.2543449402,17.8309059143,2.94527840614,11.4254198074,9.19781208038,-1.70880484581],[45.12449646,18.2106342316,-19.7791080475,-22.3941116333,-32.6723518372,13.6831789017,58.2543449402,118.91822052,62.1955757141,24.3159618378,8.55747795105,1.29775857925,-9.45022296906],[-59.6139945984,40.0032501221,35.7931022644,11.663479805,-19.0601978302,-11.2020101547,17.8309059143,62.1955757141,111.215034485,53.9583053589,9.8728723526,-12.5194387436,-12.8003644943],[10.4314308167,32.4618148804,28.6947479248,6.47529268265,-9.12268543243,0.972859144211,2.94527840614,24.3159618378,53.9583053589,74.3209228516,31.3826465607,1.14124083519,-7.26764202118],[-37.9444541931,19.9409198761,8.2503786087,-2.89779090881,1.2737159729,6.0667552948,11.4254198074,8.55747795105,9.8728723526,31.3826465607,64.7050857544,34.5449028015,10.8706274033],[-9.93893718719,-13.3296642303,11.5656890869,-0.505563259125,7.3408241272,8.63615226746,9.19781208038,1.29775857925,-12.5194387436,1.14124083519,34.5449028015,68.5705184937,40.2686195374],[-17.4861335754,15.5280828476,6.35788488388,23.0571308136,3.28711366653,7.16533374786,-1.70880484581,-9.45022296906,-12.8003644943,-7.26764202118,10.8706274033,40.2686195374,63.8644866943]],"icov":[[0.000273287325399,-0.000347289693309,0.000280705979094,0.00011915792129,0.00012444339518,0.0000976446681307,-0.0000145981348396,-0.0000793140206952,0.000404861319112,-0.000490863516461,0.000636825046968,-0.000509748817421,0.00029711809475],[-0.000347289693309,0.00126886065118,-0.000156929789227,-0.0000380105047952,0.000494278676342,-0.000346809625626,-0.000136795351864,0.00052201555809,-0.000932996743359,0.000527869502548,-0.00120065419469,0.0012238426134,-0.000981434830464],[0.000280705979094,-0.000156929789227,0.00244188820943,-0.000421945849666,-0.000361265498213,0.00113454239909,-0.000585935544223,0.000721272546798,-0.000361518585123,-0.0012828434119,0.00107905431651,-0.00127053330652,0.000405605504056],[0.00011915792129,-0.0000380105047952,-0.000421945849666,0.00427302066237,-0.000333387724822,-0.00187058490701,0.00226494087838,0.0000729301173124,-0.00114055571612,0.000338010519044,-0.000159252551384,0.00114687741734,-0.00204657181166],[0.00012444339518,0.000494278676342,-0.000361265498213,-0.000333387724822,0.00833685323596,-0.00132247502916,-0.0031968166586,0.00405257334933,-0.000508581812028,0.0000937708027777,0.000318960985169,-0.000872095115483,0.000707962783054],[0.0000976446681307,-0.000346809625626,0.00113454239909,-0.00187058490701,-0.00132247502916,0.0119899697602,-0.0049775922671,-0.000738390372135,0.00346418027766,-0.00304710841738,0.00118561543059,-0.000711536558811,-0.000251740188105],[-0.0000145981348396,-0.000136795351864,-0.000585935544223,0.00226494087838,-0.0031968166586,-0.0049775922671,0.0195628982037,-0.0100377900526,-0.0000622828447376,0.00369202485308,-0.00331761222333,0.000346836954122,-0.000215325213503],[-0.0000793140206952,0.00052201555809,0.000721272546798,0.0000729301173124,0.00405257334933,-0.000738390372135,-0.0100377900526,0.0197278819978,-0.00991271156818,0.000877936021425,0.00124142703135,-0.00310367904603,0.00213686306961],[0.000404861319112,-0.000932996743359,-0.000361518585123,-0.00114055571612,-0.000508581812028,0.00346418027766,-0.0000622828447376,-0.00991271156818,0.0223650559783,-0.0141796339303,0.00380492093973,0.00231206393801,-0.000281965680188],[-0.000490863516461,0.000527869502548,-0.0012828434119,0.000338010519044,0.0000937708027777,-0.00304710841738,0.00369202485308,0.000877936021425,-0.0141796339303,0.0303929150105,-0.0159155763686,0.0046072290279,0.000729346589651],[0.000636825046968,-0.00120065419469,0.00107905431651,-0.000159252551384,0.000318960985169,0.00118561543059,-0.00331761222333,0.00124142703135,0.00380492093973,-0.0159155763686,0.0326330885291,-0.0188998356462,0.00567566603422],[-0.000509748817421,0.0012238426134,-0.00127053330652,0.00114687741734,-0.000872095115483,-0.000711536558811,0.000346836954122,-0.00310367904603,0.00231206393801,0.0046072290279,-0.0188998356462,0.0368099808693,-0.0200551375747],[0.00029711809475,-0.000981434830464,0.000405605504056,-0.00204657181166,0.000707962783054,-0.000251740188105,-0.000215325213503,0.00213686306961,-0.000281965680188,0.000729346589651,0.00567566603422,-0.0200551375747,0.0286846905947]],"mean":[-704.463562012,195.859741211,-15.9454784393,1.04001224041,-14.5828819275,7.31548833847,4.70504283905,7.8361992836,8.28321743011,7.70051383972,4.25382471085,2.83590769768,2.02316260338]},"pitch_salience":{"dmean":0.0649518892169,"dmean2":0.103295192122,"dvar":0.00315956352279,"dvar2":0.00727681210265,"max":0.897567033768,"mean":0.54735571146,"median":0.56016087532,"min":0.154489040375,"var":0.0133152874187},"silence_rate_20dB":{"dmean":0,"dmean2":0,"dvar":0,"dvar2":0,"max":1,"mean":1,"median":1,"min":1,"var":0},"silence_rate_30dB":{"dmean":0.0146076148376,"dmean2":0.029219770804,"dvar":0.0143944341689,"dvar2":0.0370702706277,"max":1,"mean":0.983840882778,"median":1,"min":0,"var":0.0158966574818},"silence_rate_60dB":{"dmean":0.00341880344786,"dmean2":0.00683866953477,"dvar":0.00340714212507,"dvar2":0.00834570918232,"max":1,"mean":0.0351149775088,"median":0,"min":0,"var":0.0338809527457},"spectral_centroid":{"dmean":94.6563796997,"dmean2":137.726379395,"dvar":20971.3554688,"dvar2":32763.3242188,"max":10860.6787109,"mean":804.583618164,"median":730.486816406,"min":189.089569092,"var":221106.421875},"spectral_complexity":{"dmean":2.6231546402,"dmean2":3.94622325897,"dvar":5.70806789398,"dvar2":11.3715906143,"max":53,"mean":15.7921066284,"median":16,"min":0,"var":34.6840629578},"spectral_contrast_coeffs":{"dmean":[0.0523335859179,0.0519117042422,0.0416105724871,0.0312756486237,0.0201511643827,0.0372510962188],"dmean2":[0.0857803672552,0.0855366662145,0.0678575634956,0.0512351281941,0.0329760313034,0.0604009330273],"dvar":[0.00179185532033,0.00163750431966,0.00113726244308,0.000600537576247,0.000262831250438,0.00114096852485],"dvar2":[0.00475803390145,0.0044547887519,0.00284966011532,0.00156177335884,0.000700368487742,0.00282907765359],"max":[-0.381990671158,-0.482648909092,-0.468636453152,-0.578013002872,-0.689207613468,-0.517301857471],"mean":[-0.701225578785,-0.749654114246,-0.751749753952,-0.796028673649,-0.838082492352,-0.799311220646],"median":[-0.70730483532,-0.752311348915,-0.758522868156,-0.79947912693,-0.838609218597,-0.808508515358],"min":[-0.968702435493,-0.96982729435,-0.962656259537,-0.961625158787,-0.96334028244,-0.963582098484],"var":[0.00653698155656,0.00478756753728,0.0053556766361,0.00270190881565,0.0010212835623,0.00267598312348]},"spectral_contrast_valleys":{"dmean":[0.367941588163,0.345344573259,0.334825217724,0.31186029315,0.320551216602,0.628830015659],"dmean2":[0.611169874668,0.559975445271,0.517688155174,0.454169213772,0.478449940681,1.01738882065],"dvar":[0.110230140388,0.0931624695659,0.102651499212,0.0902975946665,0.101296417415,0.302527606487],"dvar2":[0.270697623491,0.206964820623,0.188423141837,0.151749074459,0.19140535593,0.740370452404],"max":[-5.68273735046,-4.64941930771,-4.73197174072,-5.68469810486,-5.8748383522,-9.15932178497],"mean":[-7.28057765961,-6.38926315308,-6.70849323273,-7.72395038605,-8.43025398254,-11.4368562698],"median":[-6.95708847046,-6.13901805878,-6.47365140915,-7.48893356323,-8.26221466064,-11.2823371887],"min":[-27.0222702026,-26.812374115,-27.4949455261,-27.1611499786,-27.0732364655,-27.229593277],"var":[3.06286668777,2.50966382027,2.57178735733,2.07973527908,1.56720268726,1.38137888908]},"spectral_decrease":{"dmean":1.93724614128e-9,"dmean2":2.97019053797e-9,"dvar":4.92048718249e-18,"dvar2":1.13309541229e-17,"max":3.15296966313e-9,"mean":-4.91609597475e-9,"median":-3.85144094395e-9,"min":-3.66047139266e-8,"var":1.89451078208e-17},"spectral_energy":{"dmean":0.00976330786943,"dmean2":0.0145306969061,"dvar":0.000110224485979,"dvar2":0.000234583480051,"max":0.183879256248,"mean":0.0407840460539,"median":0.0376852490008,"min":1.03019868453e-20,"var":0.000637276854832},"spectral_energyband_high":{"dmean":0.0000811735299067,"dmean2":0.000119236377941,"dvar":1.34957742759e-8,"dvar2":2.63362434083e-8,"max":0.00514195300639,"mean":0.000173274820554,"median":0.000108422827907,"min":7.59171583579e-21,"var":4.38148575199e-8},"spectral_energyband_low":{"dmean":0.0029460103251,"dmean2":0.00479024043307,"dvar":0.0000106423703983,"dvar2":0.0000275531056104,"max":0.0432174578309,"mean":0.00735667115077,"median":0.00588032975793,"min":1.5222779839e-23,"var":0.0000354254589183},"spectral_energyband_middle_high":{"dmean":0.00322186807171,"dmean2":0.00468895211816,"dvar":0.0000273408604698,"dvar2":0.0000626909240964,"max":0.0941128507257,"mean":0.00821090023965,"median":0.00453339982778,"min":1.47881314272e-21,"var":0.000100191027741},"spectral_energyband_middle_low":{"dmean":0.00540755176917,"dmean2":0.00807841215283,"dvar":0.0000461266718048,"dvar2":0.000100388722785,"max":0.143650874496,"mean":0.0155867002904,"median":0.0122219547629,"min":3.29824107625e-22,"var":0.000174681772478},"spectral_entropy":{"dmean":0.198130875826,"dmean2":0.304078906775,"dvar":0.0283310227096,"dvar2":0.0638310685754,"max":9.80300617218,"mean":7.04758214951,"median":7.03236198425,"min":5.88956832886,"var":0.155156120658},"spectral_flux":{"dmean":0.021897489205,"dmean2":0.0339890234172,"dvar":0.000407153798733,"dvar2":0.000945696956478,"max":0.275502681732,"mean":0.100199282169,"median":0.0972822681069,"min":1.01498705274e-10,"var":0.00174446927849},"spectral_kurtosis":{"dmean":9.32124042511,"dmean2":14.9912509918,"dvar":77.791557312,"dvar2":202.197647095,"max":118.21030426,"mean":32.5750694275,"median":31.1946372986,"min":-1.23775827885,"var":182.712295532},"spectral_rms":{"dmean":0.000746443402022,"dmean2":0.00109032099135,"dvar":5.0295022902e-7,"dvar2":9.99608801067e-7,"max":0.0133938193321,"mean":0.00593986548483,"median":0.00606350507587,"min":3.17028694963e-12,"var":0.00000450683728559},"spectral_rolloff":{"dmean":2495.23242188,"dmean2":4842.67578125,"dvar":38436076,"dvar2":100110256,"max":22028.4667969,"mean":19124.5507812,"median":21748.5351562,"min":150.732421875,"var":43485820},"spectral_skewness":{"dmean":0.578924775124,"dmean2":0.926164567471,"dvar":0.266286015511,"dvar2":0.67891895771,"max":8.28536605835,"mean":4.18176364899,"median":4.18653011322,"min":0.0174391120672,"var":0.87156111002},"spectral_spread":{"dmean":534847,"dmean2":853301.8125,"dvar":349215752192,"dvar2":639894421504,"max":41739724,"mean":3169658.25,"median":2964149.25,"min":1166251.375,"var":1583612428290},"spectral_strongpeak":{"dmean":13.7667808533,"dmean2":25.5852375031,"dvar":688.213989258,"dvar2":1781.90209961,"max":176.647094727,"mean":12.9237604141,"median":1.34744811058,"min":0,"var":744.795043945},"zerocrossingrate":{"dmean":0.0363901928067,"dmean2":0.0463134087622,"dvar":0.000879086612258,"dvar2":0.00142151408363,"max":0.72607421875,"mean":0.348913609982,"median":0.35009765625,"min":0.0546875,"var":0.00688378885388}},"metadata":{"audio_properties":{"analysis_sample_rate":44100,"bit_rate":192000,"codec":"mp3","downmix":"mix","equal_loudness":0,"length":149.420410156,"lossless":false,"md5_encoded":"d91e36a692f5bdb8ac8e69b176581254","replay_gain":-6.33020591736,"sample_rate":44100},"tags":{"acoustid_fingerprint":["AQADtJKjStIUXCdw5QiVw0uKP3gvpFF59MePWtmR8ocmErl34hrqncBtFbYW1Dj6o3nwHXnxCbrC4NqEXwgTXUbHRLiOOx1-hIc4TUHYR8bF400e3EajMkcyORdy1MoOb6mN3_CkDK7ooY_RJxGaI7lyHNVT4xI09ng-NNt01E264T20XDoqjshz_Efzo6ePnthRnEeeEHvQH6eOJ0QePJoOZzryBy33CH-C_6glDVqiNcd1IddMXB-cHP9wPMyOiRdc9GBbIY8O3UIYH6UuRLxS6AoR3ajtYWc2wmJy7EKfIN461A_0J_BFQuQDccxR60aO6wgjItSkpcIxmtLxJjv-5DiefHjgH08W6ri24y6eHd-F8LsgPk9gTTeuPMhFY8-P1IcU89i14XGOK8o35A-uHKHFI1ke_BseNHkw_UX_gclxo1eOxswx_2iXeWj-DD_CeYTZQecxM9ERf8MPj1EywtXxfjj8L8KPB38q9Af34-fQxFwxOT-eBcl_5GuDk0d9NOmFbyauPQihJdKIqxb-oVJhcfNx4Q585fiFnCSaOoibQFsSpNHho0_04MlRH0YZ5cL1oX_hJ0giHN9xiYKqiRTCnRLOHA-VBD_SLMmhiYsV5GSOF1PUCJNEPUWepI2gWR3y40g9KD9Chg_OhfjQPBNqLVuMo0mDZ86R3BvC7HhyPMedSmg-VFaRPzmuLBFy6Rueo8mJ--h6VE1OeIc5pih_fEF7PEmP0KI86MX_oQrMDH3wLNmD7ziLSgwR5sSjSByKt3g548y0ZWh1XMdztNfR1JlwvD3yQvYs5OoVVHrgLkd-HFq-BHm0EFdalB9j-DiTIRSdC8mPPvDzwt1RHq0EjzZRMjmaM0c1JciPR0WTF2nFo6WGb18RHlquI4-PS8vRhDoePnA-_IetoTZ6eL1QZsJx8XjEIH62482hJUeN_MQf9CmaZ0K-HGoiR0asKMmFfzi2cEuRmDliKthN9PCCksFFC30IOzz64BTCh_iPPsUPrUfz4EcuXmii9egZPC-aJVuOiR1wYV-O68YT6ceH2sK1I9SVLWgOTYmG_Malo8_QPMcVXMGjMB3-C8_RL0fzExf-TCoajpWECW2eoGR4EKeG2lEQZrtx0kJUbaKE_mij4w8R01B0Zkh_XDx61OLhOMfJg1KY5UiKtD9a7cF1MD-aKynieIfqHFePsPimOMVFofmF68cXrgOd4Uyw62iCLsqRK2xwSx60jOiD_BGe0OijnAgT43kSqAu1DV8e6EOYs6h-4pNxfbAT5viFyYN_4sElgVdkhM81KJY_PB166CXOw88hSvyE2MKZw3vQ5xtx6ah3-MzRl7iIdj_2o_fxxZGERBFlhBEVxcXI7Th6NDtuCw-DMEWPOxHkyDluPBdylFIOC2fgqIMrHmWcHG_QB-kXaJIa5DtKH3_hilawa3Fx_Th4NHdxuEqOLy_mxFbwTSl-9GgmPUEeaemQ9BsOX8SfpEF-3B_0d8h5TOWRcD_CKziL88XRJ0f5BF-OT0aofIOU7EdoIz1qDWd2nDwUTdHhMTvUI26PWlmO97h49IHfqnBRDv-FfoGv4wzSWYaefriJi8V15Mtxe_iW3ejxHu16NM-c4Hiy4