{"lowlevel":{"average_loudness":0.782770216465,"barkbands":{"dmean":[0.000155863366672,0.00677442457527,0.00121699948795,0.00117751338985,0.00271475710906,0.00179216696415,0.000805715739261,0.000748868566006,0.00128630013205,0.000709720537998,0.000325267668813,0.000137610579259,0.000102123442048,0.000118827309052,0.0000474796433991,0.0000293380162475,0.0000422987650381,0.0000256827988778,0.000021253934392,0.0000200758422579,0.0000124664120449,0.0000110686942207,0.00000869510768098,0.0000083397671915,0.00000750328672439,0.00000333771981786,0.00000228182648243],"dmean2":[0.000265292386757,0.0111088110134,0.00197360059246,0.00189447519369,0.00440750364214,0.0028498894535,0.00126616377383,0.0011595323449,0.00209267647006,0.00112923630513,0.00051813502796,0.000221436392167,0.000170817511389,0.000196367662284,0.0000775295629865,0.000048351874284,0.0000712980981916,0.0000425222278864,0.0000353173418262,0.0000319426253554,0.0000198674479179,0.0000176508274308,0.0000132540735649,0.0000127182311189,0.0000111328827188,0.00000513075838171,0.00000366359154214],"dvar":[2.73664966244e-7,0.0000826462928671,0.0000047888051995,0.00000556033546673,0.0000208702222153,0.0000139845424201,0.00000285028227154,0.00000314952012559,0.00000990399894363,0.00000384867007597,7.74219188315e-7,1.53055879082e-7,9.0693816901e-8,1.32952209242e-7,1.63207971582e-8,7.46614592373e-9,1.75840373373e-8,5.73421754524e-9,4.81605599845e-9,4.38635883171e-9,4.56107684954e-9,9.58453139077e-9,5.50781109609e-9,5.71863134624e-9,3.68192210054e-9,2.22514576209e-10,3.12715096873e-11],"dvar2":[7.03993578099e-7,0.000232131380471,0.0000125190799736,0.0000145612702909,0.0000534638093086,0.0000349274487235,0.00000658912767904,0.00000752953337724,0.0000258590789599,0.00000959204680839,0.00000198123052542,3.72272324967e-7,2.60379096062e-7,3.70864711385e-7,3.74594506525e-8,2.0466284667e-8,4.99356076489e-8,1.57825255087e-8,1.22139880432e-8,9.37183486371e-9,9.42347178068e-9,1.72452985225e-8,1.14284981478e-8,1.18440439678e-8,6.37787378466e-9,4.29310004213e-10,6.35513516811e-11],"max":[0.0113139152527,0.119890093803,0.0505152344704,0.0494045875967,0.0819013565779,0.098533347249,0.0329415760934,0.0396527387202,0.0536472089589,0.0650291144848,0.0270876158029,0.0132211446762,0.00812954735011,0.00810517836362,0.00681898696348,0.00304476171732,0.00336961564608,0.00243512308225,0.00261480617337,0.00280729564838,0.0052508530207,0.00638107024133,0.00427618995309,0.00419790251181,0.00399583065882,0.000820538552944,0.000162482683663],"mean":[0.000163959921338,0.0129014067352,0.00244953483343,0.00236645969562,0.00645813392475,0.00403292942792,0.00203209300525,0.00171038322151,0.00247589522041,0.00150658655912,0.000679332588334,0.000262890971499,0.000189285026863,0.000217172942939,0.0000984348007478,0.0000581644453632,0.0000788297693362,0.0000542712805327,0.0000445394362032,0.0000430821128248,0.0000261753866653,0.0000213949751924,0.0000156279256771,0.0000170516832441,0.0000185546050488,0.000013123932149,0.000010187769476],"median":[0.0000185106109711,0.00831230636686,0.000854194513522,0.000710929743946,0.0030651895795,0.00140273605939,0.000629207177553,0.000236840220168,0.000337566190865,0.0001628176542,0.0000929402158363,0.0000346513115801,0.000030971095839,0.0000313209129672,0.0000233973696595,0.0000172549698618,0.0000123788449855,0.000016008165403,0.00000968884705799,0.00000979333526629,0.00000681659366819,0.00000599662644163,0.00000566053995499,0.00000714669340596,0.00000777055720391,0.00000680958692101,0.00000473512955068],"min":[2.20868636791e-23,4.0459909056e-23,1.49982589813e-23,5.81602138529e-24,1.09759558332e-23,2.20106392053e-23,7.1965672547e-23,5.7667896806e-23,6.26967525481e-23,6.51469545197e-23,3.57898367199e-23,8.25897104306e-23,1.60269903997e-22,6.24921851382e-23,1.30593335396e-22,1.34376952111e-22,1.70657536044e-22,3.15758174948e-22,1.28040190231e-22,3.2567389147e-22,5.82516500893e-22,4.34623988582e-22,6.02138160044e-22,9.68638392771e-22,1.15605084219e-21,1.89637779335e-21,2.61038228626e-21],"var":[2.97592606557e-7,0.000198528243345,0.0000169424420164,0.0000175878249138,0.0000730289539206,0.0000485733762616,0.0000104546597868,0.0000125095330077,0.0000265623239102,0.0000132234863486,0.00000299186535813,6.53038398468e-7,2.30615356145e-7,3.10305523499e-7,7.31047720137e-8,1.82084924916e-8,4.11649914156e-8,1.27495587421e-8,1.413142936e-8,1.07195798904e-8,1.10307851742e-8,2.03316865566e-8,1.03235837656e-8,1.05172990317e-8,9.92165993807e-9,5.77262848633e-10,1.8823816117e-10]},"barkbands_crest":{"dmean":2.52061104774,"dmean2":4.20441102982,"dvar":5.56153774261,"dvar2":14.6190357208,"max":26.4441833496,"mean":12.5977010727,"median":11.3408203125,"min":2.54779696465,"var":27.7756843567},"barkbands_flatness_db":{"dmean":0.0210207197815,"dmean2":0.0344700664282,"dvar":0.000591496296693,"dvar2":0.00158978044055,"max":0.509158074856,"mean":0.226592004299,"median":0.218611508608,"min":0.0539825074375,"var":0.00504093198106},"barkbands_kurtosis":{"dmean":7.33765792847,"dmean2":11.8672199249,"dvar":609.862487793,"dvar2":1306.36779785,"max":1136.03552246,"mean":18.0306339264,"median":6.04599809647,"min":-1.80277383327,"var":1753.3026123},"barkbands_skewness":{"dmean":0.646603167057,"dmean2":1.04057645798,"dvar":0.909488558769,"dvar2":2.10012769699,"max":26.0236816406,"mean":2.15972352028,"median":1.45119142532,"min":-5.19458866119,"var":5.58837747574},"barkbands_spread":{"dmean":1.98564469814,"dmean2":3.19691133499,"dvar":9.82773113251,"dvar2":21.1924686432,"max":87.3452529907,"mean":8.91223239899,"median":6.93566131592,"min":0.188613921404,"var":53.2932624817},"dissonance":{"dmean":0.0347767882049,"dmean2":0.0595253147185,"dvar":0.00128974032123,"dvar2":0.00372383953072,"max":0.500000059605,"mean":0.409086406231,"median":0.417953759432,"min":0.0717335417867,"var":0.00347880437039},"dynamic_complexity":5.08312034607,"erbbands":{"dmean":[0.111747562885,1.76749587059,2.05264019966,2.50789189339,5.11590528488,10.7025098801,14.3057861328,15.7775421143,11.7343606949,12.3932819366,21.9356536865,25.7141780853,18.9158649445,14.7618703842,9.90103435516,4.4792304039,4.91356992722,5.16897058487,3.10318613052,2.30413842201,1.7016711235,2.50402140617,1.28576731682,1.44863450527,0.737927436829,0.892110466957,0.546393692493,0.464283823967,0.420651376247,0.326934695244,0.23716545105,0.184251248837,0.141607135534,0.100051604211,0.0499966815114,0.0191338583827,0.00583281740546,0.00182379770558,0.000406019855291,0.00003513129559],"dmean2":[0.174954786897,2.92171263695,3.46176242828,3.99706053734,8.52484607697,17.3236351013,22.1072063446,25.5751571655,18.6612491608,19.0532951355,34.5525932312,42.2376251221,29.6405525208,23.328830719,15.7470216751,7.23587322235,8.19481754303,8.59420108795,4.96871805191,3.78340029716,2.81293010712,4.21571969986,2.14282298088,2.45559549332,1.2101483345,1.40243816376,0.850224137306,0.729673147202,0.654630243778,0.496717870235,0.371462345123,0.280394524336,0.21344384551,0.151237413287,0.0743119567633,0.0290418136865,0.0092067187652,0.00294945831411,0.000661089026835,0.0000569380463276],"dvar":[0.0274579916149,5.67341756821,8.55232524872,25.2332172394,96.6428375244,408.220977783,676.171386719,1455.01049805,667.70300293,606.500976562,2715.83911133,3634.12548828,2256.59155273,1211.15673828,640.077270508,121.188850403,212.047607422,329.01449585,64.2592163086,30.7949028015,30.8282241821,69.750038147,12.3749389648,21.9935207367,4.7756357193,10.234992981,6.39973163605,11.083688736,17.7095088959,5.97390842438,5.33553218842,3.19718027115,1.46170675755,0.763027012348,0.142748013139,0.0124686760828,0.000338494806783,0.000021085876142,8.6842823066e-7,5.15938713974e-9],"dvar2":[0.0672124251723,16.2539176941,23.5544815063,65.9424362183,268.48223877,1005.20678711,1610.11218262,3772.50024414,1593.29406738,1380.20837402,6947.10107422,9764.95996094,5429.46435547,2956.18969727,1686.29418945,300.930908203,610.44128418,928.72869873,145.55140686,84.6693115234,84.7224960327,196.922286987,34.669303894,59.0039291382,10.95084095,21.1804943085,13.1774177551,22.2959499359,32.4556999207,12.2825746536,11.7177381516,6.84180641174,2.98549556732,1.47928237915,0.230945140123,0.0225405599922,0.000646572676487,0.000044054522732,0.0000018373406192,1.05448219045e-8],"max":[2.5579969883,32.7371139526,52.117931366,105.971588135,248.257202148,464.060302734,575.457397461,1192.74108887,560.290283203,582.185546875,1100.21130371,1032.99560547,1699.28625488,1071.16467285,549.866088867,318.405456543,398.752685547,428.184295654,443.683532715,117.242080688,207.738052368,197.434692383,126.913696289,191.270263672,134.192169189,146.175674438,156.04637146,246.341552734,279.753753662,186.06552124,137.459259033,106.471260071,76.3936233521,62.2140350342,29.6433620453,7.61929607391,0.940604388714,0.18718585372,0.0257976204157,0.00133715686388],"mean":[0.252616882324,3.26818227768,3.91628170013,5.57712507248,11.3242063522,23.631734848,33.9853744507,34.5057792664,29.9947776794,31.6655902863,46.2586708069,48.6332359314,46.0198478699,36.0118713379,22.4462413788,9.05676651001,9.42335414886,9.6678943634,7.02855682373,4.8544883728,3.65021300316,4.78105020523,2.94737911224,3.33421778679,1.76030230522,1.96109008789,1.20426368713,0.920453429222,0.791164755821,0.591190516949,0.426037490368,0.348319172859,0.292036890984,0.216829106212,0.126298174262,0.0587377771735,0.0232677590102,0.00763935549185,0.00164622359443,0.000165909033967],"median":[0.159113094211,2.11975288391,2.29493188858,2.07521486282,4.77880382538,10.0112667084,13.9352855682,11.7846508026,10.871389389,10.205488205,9.9541015625,9.74025726318,8.96690750122,7.78811264038,3.96058750153,1.94012117386,1.74648857117,1.58056402206,1.66937100887,1.66400122643,1.15138745308,0.903821587563,0.956165075302,0.764951109886,0.496883690357,0.484027415514,0.314915060997,0.247007668018,0.211333990097,0.198050349951,0.15410348773,0.138261556625,0.121867477894,0.0869646295905,0.0552511960268,0.0285693705082,0.0122740129009,0.00391116691753,0.000777354522143,0.000108001564513],"min":[1.92487574065e-21,6.52056015949e-21,1.32234296335e-20,2.36447187029e-20,3.57466457144e-20,3.17028214247e-20,6.48892752886e-20,2.05542930938e-19,8.13813528951e-19,1.00931844221e-18,1.78602108166e-18,1.2505385777e-18,1.0888947681e-18,2.08377322175e-18,1.65832786634e-18,4.5433470035e-18,7.22548551638e-18,4.12576141486e-18,6.34061650072e-18,6.96565567827e-18,5.83745659618e-18,1.09451752831e-17,1.82996124668e-17,9.32980321621e-18,8.23887606534e-18,1.63312534811e-17,2.61043527138e-17,1.8615372122e-17,1.34526955551e-17,1.84408370127e-17,1.66697341334e-17,2.21629280848e-17,1.39991649822e-17,1.20077690165e-17,8.97491543646e-18,6.14891036273e-18,3.95646318607e-18,1.36166832844e-18,4.04582102611e-19,3.70214344359e-20],"var":[0.0821493268013,12.8503513336,25.8991012573,86.5855941772,319.87789917,1303.00402832,2469.9440918,4453.86376953,2383.99047852,2573.73242188,7509.84521484,8610.07714844,10838.0087891,5134.10595703,2611.16870117,396.035644531,534.895446777,693.496276855,314.742858887,82.3302078247,78.9129180908,151.643188477,30.1391887665,78.0748748779,12.4071130753,24.6945114136,14.8016881943,26.0754623413,36.0937271118,10.1596889496,8.97721385956,5.50944757462,2.84328770638,1.74815523624,0.380429953337,0.0291935391724,0.00117635773495,0.0000975067814579,0.00000488605337523,3.28485079137e-8]},"erbbands_crest":{"dmean":2.45437669754,"dmean2":4.02929401398,"dvar":5.11939048767,"dvar2":13.5128002167,"max":30.5137805939,"mean":11.7377481461,"median":11.0892028809,"min":2.06292057037,"var":19.1379566193},"erbbands_flatness_db":{"dmean":0.0195232257247,"dmean2":0.0314552858472,"dvar":0.000713900488336,"dvar2":0.00177146517672,"max":0.488220244646,"mean":0.191731929779,"median":0.189192146063,"min":0.0508154630661,"var":0.00328528112732},"erbbands_kurtosis":{"dmean":2.88024640083,"dmean2":4.71795034409,"dvar":29.2949180603,"dvar2":72.3960494995,"max":142.19921875,"mean":7.703332901,"median":3.94349360466,"min":-1.8447085619,"var":129.740447998},"erbbands_skewness":{"dmean":0.428723216057,"dmean2":0.690987765789,"dvar":0.246434152126,"dvar2":0.619232475758,"max":9.99287796021,"mean":1.48790991306,"median":1.30470252037,"min":-3.01438617706,"var":1.65940213203},"erbbands_spread":{"dmean":4.74600553513,"dmean2":7.6352930069,"dvar":57.9585838318,"dvar2":138.946975708,"max":135.969818115,"mean":20.4898071289,"median":16.3708019257,"min":1.43875813484,"var":279.736480713},"gfcc":{"cov":[[15892.3554688,-604.095031738,-2040.18652344,647.563720703,121.221855164,499.098602295,561.79473877,679.938537598,66.8774871826,64.0088272095,21.2050819397,95.3850784302,140.435272217],[-604.095031738,1094.44702148,-185.058486938,-494.929168701,-147.597610474,-179.433410645,-84.4533233643,-110.417205811,-82.8600387573,-147.688766479,-29.9828453064,-73.9301147461,5.78514719009],[-2040.18652344,-185.058486938,2875.90917969,279.499328613,-135.579864502,-358.983215332,-348.768096924,-189.187606812,90.9786834717,146.322799683,111.235855103,102.121299744,44.8259506226],[647.563720703,-494.929168701,279.499328613,581.327148438,70.2485198975,-1.58796441555,2.02078962326,39.7972946167,33.8212356567,73.1290817261,8.75975036621,14.9479560852,-16.6119403839],[121.221855164,-147.597610474,-135.579864502,70.2485198975,257.532653809,134.468200684,50.5962028503,28.037935257,5.61362695694,13.215382576,14.2642679214,20.2939147949,-2.81004095078],[499.098602295,-179.433410645,-358.983215332,-1.58796441555,134.468200684,292.825500488,155.210296631,50.6850738525,-24.8511695862,-6.38094329834,2.49618411064,4.91005182266,-6.5819478035],[561.79473877,-84.4533233643,-348.768096924,2.02078962326,50.5962028503,155.210296631,184.340744019,107.51385498,1.9298709631,-11.9779262543,-20.3643951416,-13.5186338425,-10.9923086166],[679.938537598,-110.417205811,-189.187606812,39.7972946167,28.037935257,50.6850738525,107.51385498,159.409133911,63.2322845459,6.84511566162,-28.99858284,-9.97852897644,-1.89288818836],[66.8774871826,-82.8600387573,90.9786834717,33.8212356567,5.61362695694,-24.8511695862,1.9298709631,63.2322845459,102.920158386,54.3593826294,-1.9329354763,3.30818939209,4.28124332428],[64.0088272095,-147.688766479,146.322799683,73.1290817261,13.215382576,-6.38094329834,-11.9779262543,6.84511566162,54.3593826294,100.362854004,51.8991241455,23.0442314148,0.281184136868],[21.2050819397,-29.9828453064,111.235855103,8.75975036621,14.2642679214,2.49618411064,-20.3643951416,-28.99858284,-1.9329354763,51.8991241455,98.0500564575,47.659236908,9.73135757446],[95.3850784302,-73.9301147461,102.121299744,14.9479560852,20.2939147949,4.91005182266,-13.5186338425,-9.97852897644,3.30818939209,23.0442314148,47.659236908,77.1284790039,34.5383110046],[140.435272217,5.78514719009,44.8259506226,-16.6119403839,-2.81004095078,-6.5819478035,-10.9923086166,-1.89288818836,4.28124332428,0.281184136868,9.73135757446,34.5383110046,63.4570426941]],"icov":[[0.000102594894997,-0.00010566788842,0.0000631373186479,-0.000196968496311,0.000130039188662,-0.000211412057979,0.000222035014303,-0.000630652182736,0.000341718754498,-0.000273525336524,-0.0000129725294755,-0.000150982043124,-0.000247776857577],[-0.00010566788842,0.00270064477809,0.00000832806745166,0.00184891186655,-0.000360180041753,0.00232153059915,-0.00143297610339,0.0022388624493,-0.00124655605759,0.00377170275897,-0.00241401791573,0.00308054103516,-0.00072990951594],[0.0000631373186479,0.00000832806745166,0.000580082822125,-0.00032634017407,0.000231591082411,0.00013261155982,0.000592575059272,0.00012123331544,-0.000391462002881,-0.000180753762834,-0.000195990854991,-0.000439200375695,-0.000209096659091],[-0.000196968496311,0.00184891186655,-0.00032634017407,0.00369013124146,-0.00110093143303,0.0019820544403,-0.000933493720368,0.000859815161675,0.000624834094197,0.000039891434426,0.00000658168937662,0.00152809929568,0.000609608367085],[0.000130039188662,-0.000360180041753,0.000231591082411,-0.00110093143303,0.00592650193721,-0.00381520506926,0.00225388677791,-0.00154087354895,-0.000563165463973,0.0000653587703709,-0.000287084199954,-0.00178876181599,0.000559746520594],[-0.000211412057979,0.00232153059915,0.00013261155982,0.0019820544403,-0.00381520506926,0.0113265980035,-0.00984293501824,0.00575352180749,-0.000426216516644,0.00225017848425,-0.00171203818172,0.00190134637523,-0.000599646416958],[0.000222035014303,-0.00143297610339,0.000592575059272,-0.000933493720368,0.00225388677791,-0.00984293501824,0.0216531772166,-0.015333163552,0.00724533805624,-0.0042323442176,0.00151735218242,-0.000898902304471,0.00113513809629],[-0.000630652182736,0.0022388624493,0.00012123331544,0.000859815161675,-0.00154087354895,0.00575352180749,-0.015333163552,0.0255277436227,-0.0171201918274,0.00933476630598,-0.0011097099632,0.00175188749563,0.000295300385915],[0.000341718754498,-0.00124655605759,-0.000391462002881,0.000624834094197,-0.000563165463973,-0.000426216516644,0.00724533805624,-0.0171201918274,0.0299040749669,-0.0201848801225,0.00884869974107,-0.00191760761663,-0.001768627204],[-0.000273525336524,0.00377170275897,-0.000180753762834,0.000039891434426,0.0000653587703709,0.00225017848425,-0.0042323442176,0.00933476630598,-0.0201848801225,0.0338138081133,-0.0180883836001,0.00603580148891,0.000881937739905],[-0.0000129725294755,-0.00241401791573,-0.000195990854991,0.00000658168937662,-0.000287084199954,-0.00171203818172,0.00151735218242,-0.0011097099632,0.00884869974107,-0.0180883836001,0.026247119531,-0.0146567272022,0.00386382127181],[-0.000150982043124,0.00308054103516,-0.000439200375695,0.00152809929568,-0.00178876181599,0.00190134637523,-0.000898902304471,0.00175188749563,-0.00191760761663,0.00603580148891,-0.0146567272022,0.0300734080374,-0.0132399015129],[-0.000247776857577,-0.00072990951594,-0.000209096659091,0.000609608367085,0.000559746520594,-0.000599646416958,0.00113513809629,0.000295300385915,-0.001768627204,0.000881937739905,0.00386382127181,-0.0132399015129,0.0235779881477]],"mean":[-66.1664657593,118.48336792,-55.037311554,8.62282752991,-50.28490448,1.16881322861,-28.617980957,11.3688154221,-16.8753013611,3.01365494728,-13.0358390808,1.61803293228,-6.53939151764]},"hfc":{"dmean":2.69079828262,"dmean2":4.2437376976,"dvar":14.9136400223,"dvar2":33.4500160217,"max":144.013427734,"mean":12.888297081,"median":11.7235202789,"min":1.24238041378e-16,"var":108.121391296},"melbands":{"dmean":[0.00153284822591,0.00159445777535,0.000491975632031,0.000517441774718,0.000523621274624,0.000347755150869,0.000169723265572,0.000146095160744,0.000217136039282,0.00014837794879,0.000102509460703,0.0000719443705748,0.0000425481339335,0.0000151102776726,0.0000135389745992,0.00000902797819435,0.0000105619319584,0.0000062706008066,0.0000040098698264,0.00000215148270399,0.00000217291926674,0.00000295431800623,0.00000135768118525,0.00000138701125252,0.00000130086459649,6.02654210979e-7,8.09845232652e-7,5.7236337625e-7,3.75413890197e-7,3.26547535678e-7,2.86580387865e-7,2.67294637979e-7,2.0393069633e-7,1.87465900581e-7,1.46531320411e-7,1.28585924131e-7,1.14121036177e-7,1.03828377007e-7,1.00431542194e-7,8.67929941251e-8],"dmean2":[0.00245791231282,0.00268856878392,0.000797250657342,0.000847529154271,0.000819673761725,0.000562273315154,0.000268116797088,0.000223620954785,0.00034658642835,0.000242402995354,0.000160752781085,0.000114354188554,0.0000677291536704,0.000024207185561,0.0000221314785449,0.0000151749827637,0.0000175912973646,0.000010125123481,0.00000655044277664,0.00000355645920536,0.00000358409920409,0.00000499229327033,0.00000226222118727,0.00000231513013205,0.00000221604500439,0.0000010002252111,0.00000131060096464,9.01301973499e-7,5.93422100792e-7,5.29075464328e-7,4.43301388486e-7,4.21803747486e-7,3.21956491689e-7,2.89760663463e-7,2.32868060834e-7,1.94395127551e-7,1.77398050027e-7,1.60829927154e-7,1.53643469503e-7,1.3296298107e-7],"dvar":[0.00000429750116382,0.00000453253096566,8.24948813261e-7,8.46153000111e-7,8.22468564365e-7,6.10893152952e-7,1.26904922126e-7,8.53738058026e-8,2.96535148436e-7,1.13352221831e-7,6.91385579898e-8,3.06881418055e-8,1.29343913358e-8,2.09318784528e-9,1.96215066417e-9,7.02433833322e-10,1.39447220437e-9,2.97650293302e-10,1.12293403742e-10,2.70873341118e-11,6.17101300615e-11,1.01858993462e-10,1.71761754125e-11,2.0175671897e-11,1.99254709954e-11,3.44789843378e-12,6.63861457126e-12,5.93326473022e-12,2.78681092959e-12,3.87789106382e-12,6.57748334965e-12,7.07396944841e-12,2.96519059306e-12,1.89084511937e-12,2.01011191199e-12,1.79624403459e-12,1.09390404721e-12,6.90933258957e-13,7.65715236443e-13,5.43744411476e-13],"dvar2":[0.0000113941159725,0.0000131476417664,0.00000215214640775,0.00000214570991375,0.00000202691308004,0.00000157160388881,2.95743859624e-7,1.96408933562e-7,7.78529624768e-7,3.00245261542e-7,1.67804046214e-7,7.58022551395e-8,3.41238468593e-8,5.12446529655e-9,5.11705566808e-9,2.05358641203e-9,3.93070731519e-9,7.16690040647e-10,2.80057116386e-10,7.53061987768e-11,1.67995214961e-10,2.90138829628e-10,4.91649637668e-11,5.55741147545e-11,5.28587867921e-11,8.89913923802e-12,1.5915147672e-11,1.21757378485e-11,5.98888343431e-12,8.97326570687e-12,1.46132533158e-11,1.34536548568e-11,5.67058552892e-12,4.37177594473e-12,4.82859629017e-12,3.53743705335e-12,2.48314780196e-12,1.46698961572e-12,1.52832542628e-12,1.0756476005e-12],"max":[0.0252395998687,0.033688351512,0.0169169120491,0.02205385454,0.0168402940035,0.0233093798161,0.0084686409682,0.00521224969998,0.0114237722009,0.00557529507205,0.00929721165448,0.00414894940332,0.00287796766497,0.00169666670263,0.00154117261991,0.000609724200331,0.000973092042841,0.000827445823234,0.000423872726969,0.000114998110803,0.000290595547995,0.000247102376306,0.000129743173602,0.000144436082337,0.000198531095521,0.0000926759821596,0.0000836219769553,0.000122038356494,0.0000783850919106,0.000155156070832,0.000183970041689,0.000158899812959,0.000124799640616,0.000098673364846,0.000089302608103,0.000113131194666,0.000058950692619,0.0000533323582204,0.0000529994867975,0.0000510349527758],"mean":[0.00315647642128,0.00301212957129,0.00113314075861,0.00119085714687,0.00125081383158,0.00077298854012,0.000438291928731,0.000363411876606,0.000421862496296,0.000289334828267,0.000242475070991,0.000166645972058,0.0000905513443286,0.0000310975519824,0.0000227476666623,0.000017240352463,0.0000186840552487,0.0000127037528728,0.00000803722832643,0.00000419729576606,0.00000417522051066,0.00000524302686244,0.00000276967352875,0.00000285815053758,0.00000281010557046,0.00000120260472158,0.00000160185982168,0.00000117031549962,7.59783517879e-7,6.2752900476e-7,4.9311421435e-7,4.67625028477e-7,3.6237815948e-7,3.13176684585e-7,2.40629333348e-7,2.33909744907e-7,2.02525285431e-7,2.03291094181e-7,1.97598339469e-7,1.77930374434e-7],"median":[0.0020260149613,0.00204303208739,0.000461127288872,0.000568829826079,0.000555124308448,0.00028074166039,0.000161432326422,0.00008045919094,0.0000780115515226,0.0000414366113546,0.0000320897088386,0.0000284091365756,0.0000133687481139,0.00000448003083875,0.00000323749782183,0.00000276897617368,0.0000024589462555,0.00000225599887926,0.00000192508923647,0.00000143880538417,9.76644514594e-7,7.66566245147e-7,7.37224581826e-7,7.49698642721e-7,5.59446618809e-7,3.36402223411e-7,3.2716008036e-7,2.80699111954e-7,1.902434974e-7,1.54109585537e-7,1.26025483382e-7,1.11002350422e-7,1.08919195441e-7,1.05291903196e-7,8.52689936437e-8,7.83282700922e-8,8.00296859893e-8,8.32851583255e-8,7.65410206327e-8,6.77632669976e-8],"min":[1.54331958637e-23,7.58087914625e-24,4.59284600895e-24,2.24914814815e-24,2.08409340044e-24,4.66304476875e-24,1.38501760634e-23,1.08623369859e-23,1.56454688669e-23,7.23579273212e-24,6.12146951108e-24,9.37049057356e-24,4.5740620475e-24,8.63194637231e-24,1.15911190334e-23,1.80414540062e-23,6.20421115928e-24,9.09429774886e-24,1.06152389291e-23,8.52696634077e-24,6.6544298551e-24,1.13331228632e-23,1.07004792942e-23,1.83480605743e-23,6.12419226449e-24,4.83157582925e-24,7.10471008208e-24,1.15815927491e-23,1.51916356104e-23,1.64729760679e-23,9.07117623573e-24,6.88690953046e-24,8.53349100931e-24,1.08177797553e-23,9.20586082466e-24,1.06430147215e-23,1.49661365652e-23,9.4361190677e-24,1.03150528999e-23,9.36624176872e-24],"var":[0.0000119296619232,0.000010732368537,0.00000293232733384,0.00000284816269414,0.00000293675657304,0.00000196860651158,4.75957193657e-7,3.71680357603e-7,6.8969154654e-7,3.28144011519e-7,3.15365895176e-7,1.20299887385e-7,4.87586149234e-8,1.06632391805e-8,3.93638099894e-9,1.82731862974e-9,2.94554691749e-9,1.16436282838e-9,4.11256001476e-10,5.90210519347e-11,1.52595283631e-10,2.14148601629e-10,3.8037850647e-11,4.52924538152e-11,6.96135232792e-11,6.84474915982e-12,1.7009747777e-11,1.20685440808e-11,6.01695212751e-12,6.63992255276e-12,1.21880882123e-11,1.41555604044e-11,5.29183294407e-12,2.76702901043e-12,2.84669596923e-12,3.52957073291e-12,1.64895278421e-12,1.28572640815e-12,1.49113956859e-12,1.24912059862e-12]},"melbands_crest":{"dmean":2.56436252594,"dmean2":4.23821687698,"dvar":5.84102058411,"dvar2":15.1816358566,"max":31.5244426727,"mean":14.0347623825,"median":13.115149498,"min":1.90850913525,"var":24.4586791992},"melbands_flatness_db":{"dmean":0.0240831095725,"dmean2":0.0395023562014,"dvar":0.000736457528546,"dvar2":0.00194130069576,"max":0.654323399067,"mean":0.331322878599,"median":0.326691925526,"min":0.0074534714222,"var":0.00820016581565},"melbands_kurtosis":{"dmean":9.02371501923,"dmean2":14.9748916626,"dvar":811.397216797,"dvar2":2116.72729492,"max":787.877258301,"mean":20.9686756134,"median":5.05896902084,"min":-1.61263310909,"var":2968.5769043},"melbands_skewness":{"dmean":0.65858989954,"dmean2":1.07728588581,"dvar":0.884851336479,"dvar2":2.22675800323,"max":20.2370281219,"mean":2.09330010414,"median":1.51259613037,"min":-1.31448018551,"var":4.73904657364},"melbands_spread":{"dmean":2.30401158333,"dmean2":3.74038720131,"dvar":15.461681366,"dvar2":36.5413208008,"max":193.873077393,"mean":10.3180923462,"median":7.14929294586,"min":0.29765433073,"var":110.240013123},"mfcc":{"cov":[[12533.0673828,898.034606934,-2299.5625,-424.687866211,-270.619995117,36.2698059082,445.544647217,544.837219238,360.552093506,303.615020752,89.7551727295,-71.6072616577,-41.1596412659],[898.034606934,1062.33105469,-3.92281293869,-250.637496948,-114.534599304,-181.210083008,-55.0559577942,-40.5504264832,-50.2890701294,-42.7143745422,-60.0810127258,-76.3352661133,-32.5488510132],[-2299.5625,-3.92281293869,2107.32080078,506.422241211,270.543762207,-95.2230682373,-242.980834961,-287.437042236,-142.59362793,-113.678329468,-32.0197029114,41.9185829163,86.7314529419],[-424.687866211,-250.637496948,506.422241211,462.894317627,178.890029907,-15.5318536758,-85.431640625,-74.0117416382,-14.9829378128,-9.91923999786,-1.70613074303,38.0391616821,49.8649940491],[-270.619995117,-114.534599304,270.543762207,178.890029907,266.901580811,79.7886123657,-0.87455111742,-28.0357608795,-9.54488658905,-9.80381298065,9.87352275848,30.5420131683,40.2094841003],[36.2698059082,-181.210083008,-95.2230682373,-15.5318536758,79.7886123657,179.902938843,103.792549133,35.4853477478,3.69489264488,-1.30992543697,22.6676044464,20.4196968079,0.791415989399],[445.544647217,-55.0559577942,-242.980834961,-85.431640625,-0.87455111742,103.792549133,178.806564331,101.620300293,24.8994464874,16.3801498413,23.9611988068,4.86865711212,-16.5238380432],[544.837219238,-40.5504264832,-287.437042236,-74.0117416382,-28.0357608795,35.4853477478,101.620300293,154.784332275,88.2321395874,41.5090065002,16.9301452637,-8.19631958008,-19.2011737823],[360.552093506,-50.2890701294,-142.59362793,-14.9829378128,-9.54488658905,3.69489264488,24.8994464874,88.2321395874,136.647384644,77.1861419678,10.7035551071,-3.98850274086,-1.70913982391],[303.615020752,-42.7143745422,-113.678329468,-9.91923999786,-9.80381298065,-1.30992543697,16.3801498413,41.5090065002,77.1861419678,104.255905151,43.3294906616,2.85946369171,-3.35754084587],[89.7551727295,-60.0810127258,-32.0197029114,-1.70613074303,9.87352275848,22.6676044464,23.9611988068,16.9301452637,10.7035551071,43.3294906616,83.9705200195,39.0164375305,-0.800013780594],[-71.6072616577,-76.3352661133,41.9185829163,38.0391616821,30.5420131683,20.4196968079,4.86865711212,-8.19631958008,-3.98850274086,2.85946369171,39.0164375305,72.8851547241,38.1000099182],[-41.1596412659,-32.5488510132,86.7314529419,49.8649940491,40.2094841003,0.791415989399,-16.5238380432,-19.2011737823,-1.70913982391,-3.35754084587,-0.800013780594,38.1000099182,84.5519332886]],"icov":[[0.000131262437208,-0.000193260595552,0.000130014945171,-0.00020629579376,0.0000740759351174,-0.0000831583383842,-0.000144913341501,-0.000171993364347,-0.0000542959132872,-0.000174071858055,-0.0000854102909216,0.0000798779365141,-0.000168840793776],[-0.000193260595552,0.00187260867096,-0.000287214235868,0.00151308486238,-0.000806622148957,0.00228384649381,-0.000503284099977,0.000781898328569,0.000182778792805,0.000629151647445,0.000246658979449,0.000729559280444,0.000172754749656],[0.000130014945171,-0.000287214235868,0.00100412755273,-0.000839870481286,-0.000361662387149,0.000230942954659,-0.000134464717121,0.0010630703764,-0.000552819750737,0.000755927467253,-0.000683144491632,0.000399542128434,-0.000364657433238],[-0.00020629579376,0.00151308486238,-0.000839870481286,0.00506780901924,-0.0027298303321,0.00232964660972,0.00056594517082,0.000403989048209,0.00019949208945,-0.000266241258942,0.00112053984776,-0.00101324485149,0.000294176163152],[0.0000740759351174,-0.000806622148957,-0.000361662387149,-0.0027298303321,0.00731282820925,-0.00485517177731,0.000919010315556,-0.000625757966191,-0.000157918650075,-0.00018060579896,-0.000573475088459,0.000289096642518,-0.00183434213977],[-0.0000831583383842,0.00228384649381,0.000230942954659,0.00232964660972,-0.00485517177731,0.0145041691139,-0.00825078692287,0.00420793611556,-0.00198793387972,0.00302484072745,-0.00127073633485,-0.0000193765827134,0.000820841640234],[-0.000144913341501,-0.000503284099977,-0.000134464717121,0.00056594517082,0.000919010315556,-0.00825078692287,0.0164068229496,-0.0111531745642,0.00614760583267,-0.00291572953574,0.000963982427493,-0.00171254912857,0.000642905011773],[-0.000171993364347,0.000781898328569,0.0010630703764,0.000403989048209,-0.000625757966191,0.00420793611556,-0.0111531745642,0.0228795558214,-0.0148064624518,0.00762294000015,-0.00501652667299,0.00352861336432,0.00052879814757],[-0.0000542959132872,0.000182778792805,-0.000552819750737,0.00019949208945,-0.000157918650075,-0.00198793387972,0.00614760583267,-0.0148064624518,0.0244346708059,-0.0174700561911,0.00974902417511,-0.00447111018002,0.000333190051606],[-0.000174071858055,0.000629151647445,0.000755927467253,-0.000266241258942,-0.00018060579896,0.00302484072745,-0.00291572953574,0.00762294000015,-0.0174700561911,0.0283472109586,-0.0171989481896,0.00902098882943,-0.00269722566009],[-0.0000854102909216,0.000246658979449,-0.000683144491632,0.00112053984776,-0.000573475088459,-0.00127073633485,0.000963982427493,-0.00501652667299,0.00974902417511,-0.0171989481896,0.0294057074934,-0.0185423828661,0.0075747994706],[0.0000798779365141,0.000729559280444,0.000399542128434,-0.00101324485149,0.000289096642518,-0.0000193765827134,-0.00171254912857,0.00352861336432,-0.00447111018002,0.00902098882943,-0.0185423828661,0.0315247066319,-0.0132761709392],[-0.000168840793776,0.000172754749656,-0.000364657433238,0.000294176163152,-0.00183434213977,0.000820841640234,0.000642905011773,0.00052879814757,0.000333190051606,-0.00269722566009,0.0075747994706,-0.0132761709392,0.0190759971738]],"mean":[-730.609008789,161.993591309,42.6521835327,23.4889392853,4.71334886551,-3.35639929771,1.0198700428,3.23337340355,3.51541876793,4.20967483521,0.7966979146,-1.88131904602,-0.514843821526]},"pitch_salience":{"dmean":0.0726640447974,"dmean2":0.12088060379,"dvar":0.00554681010544,"dvar2":0.0145169598982,"max":0.948318004608,"mean":0.51030766964,"median":0.512045919895,"min":0.0311523545533,"var":0.0208598151803},"silence_rate_20dB":{"dmean":0,"dmean2":0,"dvar":0,"dvar2":0,"max":1,"mean":1,"median":1,"min":1,"var":0},"silence_rate_30dB":{"dmean":0.0143719902262,"dmean2":0.028746176511,"dvar":0.0141684208065,"dvar2":0.0344929546118,"max":1,"mean":0.984788239002,"median":1,"min":0,"var":0.0149789135903},"silence_rate_60dB":{"dmean":0.0116199068725,"dmean2":0.0232415907085,"dvar":0.0114838639274,"dvar2":0.0245374273509,"max":1,"mean":0.146766543388,"median":0,"min":0,"var":0.125232368708},"spectral_centroid":{"dmean":78.4721679688,"dmean2":125.157661438,"dvar":22149.4042969,"dvar2":44489.7773438,"max":11362.3261719,"mean":603.668273926,"median":460.292266846,"min":139.89050293,"var":187577.140625},"spectral_complexity":{"dmean":1.41518235207,"dmean2":2.42385315895,"dvar":2.46076798439,"dvar2":6.32194566727,"max":32,"mean":9.80003070831,"median":10,"min":0,"var":30.5694351196},"spectral_contrast_coeffs":{"dmean":[0.0462220348418,0.0456687361002,0.036130759865,0.025591712445,0.0167738776654,0.0109602101147],"dmean2":[0.07745026052,0.0757831558585,0.0602629072964,0.0429798737168,0.0278418399394,0.0181323383003],"dvar":[0.00157547579147,0.00149764306843,0.00091839954257,0.000469926395454,0.000208916797419,0.000103809805296],"dvar2":[0.00444122869521,0.00404321029782,0.00247143977322,0.00129356980324,0.000550565426238,0.000256080325926],"max":[-0.375360071659,-0.326165854931,-0.41287869215,-0.515153765678,-0.585604667664,-0.621059417725],"mean":[-0.641126871109,-0.671121716499,-0.735526442528,-0.800588607788,-0.818253457546,-0.827529072762],"median":[-0.643126785755,-0.660452961922,-0.73252850771,-0.806635260582,-0.821442425251,-0.840128183365],"min":[-0.956329584122,-0.969541370869,-0.977237164974,-0.980539798737,-0.964708685875,-0.973062455654],"var":[0.00547821680084,0.0113277733326,0.0101427268237,0.00571778742597,0.00354313780554,0.0022653285414]},"spectral_contrast_valleys":{"dmean":[0.392268180847,0.426809161901,0.339705497026,0.241978079081,0.164192944765,0.136509746313],"dmean2":[0.648653924465,0.713845670223,0.573639810085,0.405853480101,0.267803221941,0.210213631392],"dvar":[0.130797475576,0.227604299784,0.135634437203,0.0716626569629,0.0427657626569,0.0509438738227],"dvar2":[0.322467654943,0.583600759506,0.348566710949,0.166933268309,0.0814873501658,0.092036165297],"max":[-5.10307645798,-4.49687099457,-5.11721658707,-6.23346138,-6.70875501633,-7.55241203308],"mean":[-7.13637399673,-7.04567146301,-8.18075180054,-8.93208312988,-8.95991134644,-10.9687786102],"median":[-6.71931219101,-6.85432624817,-7.93024253845,-8.65514755249,-8.67759799957,-10.6636476517],"min":[-27.2098064423,-27.487827301,-26.9824733734,-27.2750396729,-27.2719154358,-27.2032661438],"var":[1.81994760036,1.13177371025,1.52276873589,1.53892540932,1.75410401821,1.54136157036]},"spectral_decrease":{"dmean":2.5318513952e-9,"dmean2":4.08801081875e-9,"dvar":8.53698699502e-18,"dvar2":2.19757701994e-17,"max":2.8810846319e-17,"mean":-9.74412373012e-9,"median":-8.97301433156e-9,"min":-4.22935890754e-8,"var":5.19326388612e-17},"spectral_energy":{"dmean":0.00973592605442,"dmean2":0.0157182719558,"dvar":0.000125286416733,"dvar2":0.0003220201761,"max":0.161525472999,"mean":0.0379456430674,"median":0.0351075604558,"min":1.09591228731e-20,"var":0.000776787695941},"spectral_energyband_high":{"dmean":0.0000471398088848,"dmean2":0.0000674286784488,"dvar":1.0280474072e-7,"dvar2":1.6552100135e-7,"max":0.0166278369725,"mean":0.00013827465591,"median":0.0000693412439432,"min":8.24985110417e-21,"var":2.78546792742e-7},"spectral_energyband_low":{"dmean":0.0075736772269,"dmean2":0.0124304834753,"dvar":0.000097620744782,"dvar2":0.000271035882179,"max":0.1401720047,"mean":0.0165749881417,"median":0.0118213621899,"min":7.31969140261e-23,"var":0.000273785350146},"spectral_energyband_middle_high":{"dmean":0.000965186860412,"dmean2":0.00153150339611,"dvar":0.00000445053819931,"dvar2":0.0000111511344585,"max":0.0666612610221,"mean":0.00312251783907,"median":0.00104911765084,"min":1.3959627043e-21,"var":0.0000256900057138},"spectral_energyband_middle_low":{"dmean":0.00543739600107,"dmean2":0.00866412930191,"dvar":0.0000498249246448,"dvar2":0.000122542653116,"max":0.113446265459,"mean":0.019249342382,"median":0.0151659063995,"min":2.32633263414e-22,"var":0.000309705355903},"spectral_entropy":{"dmean":0.171595156193,"dmean2":0.273110002279,"dvar":0.0443775318563,"dvar2":0.101208224893,"max":9.80951786041,"mean":6.66878557205,"median":6.70540046692,"min":4.30068016052,"var":0.444222986698},"spectral_flux":{"dmean":0.0219143852592,"dmean2":0.0360864028335,"dvar":0.000555716047529,"dvar2":0.00141178967897,"max":0.256178319454,"mean":0.0698388814926,"median":0.0673604160547,"min":1.0468582945e-10,"var":0.0017977450043},"spectral_kurtosis":{"dmean":5.11801290512,"dmean2":8.66340065002,"dvar":309.895141602,"dvar2":844.817504883,"max":321.069396973,"mean":14.5122041702,"median":9.89036083221,"min":-1.22383773327,"var":404.161437988},"spectral_rms":{"dmean":0.000753410509787,"dmean2":0.00121771532577,"dvar":5.62989669106e-7,"dvar2":0.00000143926649798,"max":0.012553319335,"mean":0.00547000346705,"median":0.00585245899856,"min":3.26983600786e-12,"var":0.00000709919913788},"spectral_rolloff":{"dmean":115.067481995,"dmean2":200.879516602,"dvar":125241.3125,"dvar2":243869.78125,"max":19013.8183594,"mean":609.975219727,"median":473.73046875,"min":86.1328125,"var":461933.125},"spectral_skewness":{"dmean":0.376327902079,"dmean2":0.613976359367,"dvar":0.573151707649,"dvar2":1.48007488251,"max":15.1294250488,"mean":2.93162870407,"median":2.63443517685,"min":-0.0285232551396,"var":1.92800402641},"spectral_spread":{"dmean":489943.84375,"dmean2":783309.875,"dvar":613025251328,"dvar2":1282068709380,"max":41269704,"mean":4439169,"median":3797117,"min":246644.890625,"var":4762290880510},"spectral_strongpeak":{"dmean":0.440192371607,"dmean2":0.771501004696,"dvar":0.538503706455,"dvar2":1.40013945103,"max":9.6104593277,"mean":0.89047139883,"median":0.514198541641,"min":5.83107162555e-9,"var":1.05461156368},"zerocrossingrate":{"dmean":0.004539324902,"dmean2":0.00604304019362,"dvar":0.0000451876476291,"dvar2":0.0000487685974804,"max":0.59326171875,"mean":0.0293143801391,"median":0.025390625,"min":0.0029296875,"var":0.000420719530666}},"metadata":{"audio_properties":{"analysis_sample_rate":44100,"bit_rate":320027,"codec":"mp3","downmix":"mix","equal_loudness":0,"length":303.725708008,"lossless":false,"md5_encoded":"d0d4c354451bf54f40db8531d8658e6e","replay_gain":-14.452999115,"sample_rate":44100},"tags":{"acoustid_fingerprint":["AQADtJLGRKq04MTxC9GjWIcWzRWOF70g4w9-oPmOPgvQB82Pt2ijwce8HS90VMVz9HA-_JAvfAxOHW6IcTt-6AzOBc8FV4QPdY2K50j_4cJ1HD5CL6hKfIdP8DAt3MNxPDgPX8ONwwd_PPAHuD5-HMaDw4eO_MWP48-Lw7-BH82VCHpCET-e-XiYHX0DH72NXBL0HfmJh2WQ31GhH2HqHCUzFs8TPEdT9ejxHvlx4-GC_HhC5EOjkNB-5MPxoyfuGTl0DeGnDecZPA-eo8_RfMKPHA-DJw9emTgNfUeYF6W2Y8eP50c9HKF-qPHw41UaQUtFCz3y7LiO8JmFZHmCJ8d_Yc6ToImYpXh-8BOmHzn0H8eH_tAUL_jxB6eOPgoaxsF1HOhxGe-xqw8OkUPao-zA40R_fEfyRAgv4hueXQr-4Bn8JcePI8er4CY-KcEZQyN5pMf048SDWsd3ID4PTfmD4-IT6FGyFM2Xo0-OP4EW9HEQXQd_TN2TICm3If_RPMOP_IqhI3afoll641wc-FmPF4H4IXCcMniC9QgTK4qR5F-IHz_6zIFPfEcv5C-eC7-RB_fx5OgP90V4Q0eOC_-LHT3yINm2KPgV4lGOeVfQL2gq6sjx483xPMP_JMgf5EUvNCfuQziE9sf2BP2D2EcO5od4HuGME8dvdB6Q7AtyhcR14hKe0UF5-HiPH-GPPLiUkMg5GSrRjEek7zgPPKj148ih6Tni5MgzXbjooLEI7TouOeiPhBaP_rhO_ApaPseW5NnB6BP2Hzl05fiPntxgaMlxDzGPUycuhCGVHP2g5sePfDge5Th6D-6PnnimFNUH70EeJD_84zqaB6eJ6znmSD3OgEk9FNGPJzy-VMFz5AmqK7Ci40sCP0cYHoeOJ-TwXKiO7rhPfJlxH_3QHLmD_miuBMeo8HgaK8Vf-Av4Yz_CPE-KZJfw1DgqoVEypjj94FcInKjoHC9CHTte6A9YJnmK0FQw-Dx6XDqez-iP5JkQPUct5bhy_MJ1Bs9yPDr8AzeyLw_2y1ApRcOX6QgF78eDE02d4uHxHbmhMD9C0ciSTUqgOHuMn8jRoM-DfDO090iv43pxXcGlIz8hRj3mPmDC6Ji3iFEMXUjL4w_ODc-J6_ifoBm1Cv1y4kec48cJcbmIvA-O5hKqf6hSEc0YE8_xBDmSw89wKSmxRyQupge9B7gOnxmO3Hg4SJdkxF1CrHOOJiL64xdKNFWxR0cuJAdnNPpDVFSiVJijPLgYoBd8XnCdF8WP80IThcvRecWPYNfBH8WPHdXxzMEffMfRVEvQBzim8_AFXdIDrj2c7OgRHR-u46hF40d-VIdcHurxxA5CLlrhWzjSZxa0C5_kIPrBXhiVxUqQeCIRvmi-40Lux0FyNGOWEV4qK0X33LiO8Ej44wt8vA-OE82zjFBzHn-Oh8cvBr0UHH32oflRPceJTzq-JEcuaA8RRj8eEZ8zjLnxgDWPPEmE5OID_sZ-PMsVPFm8I0Fa5zhX5Ce-LZGSI6lufMePJ-gFM9KCfvjxHn9whIqUYAvFDvQfKDvKG0-P4zlx_Ank4-7x5MaXGjUP8TvCJ6h14cKPHpHOw3n0F