{"lowlevel":{"average_loudness":0.964916050434,"barkbands":{"dmean":[0.000286396010779,0.00711488723755,0.00383415166289,0.0024919169955,0.00203990680166,0.00142987375148,0.000803637201898,0.000469915918075,0.000548913900275,0.000397153286031,0.000297908874927,0.000257944426266,0.000230962396017,0.000225266936468,0.000204198426218,0.000184422155144,0.000183900468983,0.000182246090844,0.000139565905556,0.0000963931961451,0.0000952016780502,0.0000560752378078,0.0000268396142928,0.0000296360303764,0.00000972291036305,0.00000129086708966,5.06824981983e-8],"dmean2":[0.000447077327408,0.0114062335342,0.00591972935945,0.00419368920848,0.00348337949254,0.00222234567627,0.00120278028771,0.00070853921352,0.000787440454587,0.000586708192714,0.000477521738503,0.000418969138991,0.00037434353726,0.000371065776562,0.000340896018315,0.000312481366564,0.000299602688756,0.000298682920402,0.000228528253501,0.000150779873366,0.000139554584166,0.0000823737718747,0.0000388945809391,0.0000389400120184,0.0000136379239848,0.00000194160065803,8.62091624754e-8],"dvar":[1.67992808997e-7,0.0000964232676779,0.0000437283124484,0.0000122612009363,0.0000094817532954,0.00000969384473137,0.00000301458476315,9.398879115e-7,0.00000144508317135,7.66787195516e-7,3.5438634427e-7,1.91868849697e-7,1.58764976277e-7,2.00560307917e-7,1.22773045064e-7,1.1952202783e-7,2.81391209001e-7,1.39152106726e-7,7.4788317761e-8,4.31758522268e-8,1.24583010574e-7,4.52850485999e-8,4.48815073995e-9,2.48736196085e-8,5.15817211166e-9,8.47743750199e-12,1.52689496382e-14],"dvar2":[3.69937311007e-7,0.000260113010881,0.000107193431177,0.0000304267396132,0.0000263142737822,0.0000199926125788,0.00000611915857007,0.0000020005541046,0.00000239758264797,0.00000133248613565,8.37196466819e-7,4.55573399449e-7,3.70717344822e-7,4.95248514198e-7,2.80838008848e-7,2.79676243053e-7,4.80901178435e-7,3.12732112207e-7,1.74995562929e-7,8.2735098772e-8,2.33391432403e-7,9.15732414342e-8,7.71852004533e-9,3.95721393431e-8,1.13831513104e-8,1.50709913299e-11,4.44512929612e-14],"max":[0.00411284575239,0.108108147979,0.0719074979424,0.0416746139526,0.0476797223091,0.0892277657986,0.0370358079672,0.0178998112679,0.0447552911937,0.0288271550089,0.0113659249619,0.00480647012591,0.00448166066781,0.00693552242592,0.00571377947927,0.00964025314897,0.022066174075,0.0105379493907,0.00573951425031,0.00514647550881,0.00953600462526,0.00762106245384,0.00175623595715,0.00653492566198,0.00296945963055,0.000108816064312,0.00000359093564839],"mean":[0.0011537905084,0.0335269086063,0.0134726110846,0.00759764900431,0.00484495563433,0.0030159689486,0.00162756128702,0.000821883731987,0.000985894002952,0.00069819111377,0.000429808482295,0.000357458251528,0.000326215900714,0.000286764785415,0.000252777768765,0.000207154866075,0.000224538744078,0.000252244237345,0.000204246811336,0.000139580923133,0.000141792465001,0.0000956124786171,0.0000511807011208,0.0000488420882903,0.0000161734114954,0.00000272889678854,7.42905044149e-8],"median":[0.00126431556419,0.035033300519,0.011419407092,0.0061301952228,0.00406056083739,0.00201358320192,0.000639540026896,0.00015032463125,0.000179458525963,0.0000962457124842,0.0000477564462926,0.0000530176548637,0.0000501278955198,0.0000345293228747,0.0000340980768669,0.0000348251305695,0.0000462300085928,0.0000693548790878,0.0000525187206222,0.0000345132430084,0.0000275306192634,0.0000284152883978,0.0000181800260179,0.0000120836066344,0.0000042292958824,0.0000012521015833,4.58727917874e-8],"min":[5.65701747683e-23,4.50206799805e-23,2.35152572757e-24,5.36101785364e-24,6.99881055427e-23,7.19617093098e-23,2.71111172068e-23,1.1628138698e-23,1.75731830175e-22,7.15456640684e-23,6.9933295487e-23,1.90732329521e-22,6.20273062513e-23,1.09068640819e-22,1.47360428786e-22,5.63462771107e-23,2.67216698307e-22,2.34276795157e-22,2.39626105131e-22,2.78048099324e-22,3.95333591062e-22,4.30236710259e-22,5.75387924613e-22,1.10321659908e-21,1.21238323535e-21,1.57528096121e-21,2.83795166851e-21],"var":[6.33393767657e-7,0.000339287449606,0.000123542515212,0.0000400836433982,0.0000186098786799,0.0000236680552916,0.000007643342542,0.00000274660783361,0.00000547930085304,0.00000255380700764,8.06465607184e-7,3.68535069128e-7,3.26425578123e-7,3.38593366678e-7,2.19464183715e-7,1.89146092566e-7,5.56516965844e-7,2.54584108461e-7,1.83023558975e-7,9.76465557301e-8,2.69978386314e-7,1.23812924357e-7,1.34802489171e-8,5.89071156298e-8,7.87432963278e-9,2.82287977715e-11,1.36756747352e-14]},"barkbands_crest":{"dmean":1.62526059151,"dmean2":2.52272725105,"dvar":3.31919932365,"dvar2":7.79742288589,"max":25.7031764984,"mean":14.4934978485,"median":13.5822143555,"min":4.54558610916,"var":20.6817455292},"barkbands_flatness_db":{"dmean":0.0206800587475,"dmean2":0.0284190494567,"dvar":0.000354488001904,"dvar2":0.000728288141545,"max":0.437062174082,"mean":0.247508734465,"median":0.237950891256,"min":0.0297457762063,"var":0.00396801903844},"barkbands_kurtosis":{"dmean":5.99498319626,"dmean2":9.05479049683,"dvar":92.7679443359,"dvar2":208.480804443,"max":166.180526733,"mean":22.120136261,"median":12.7033023834,"min":-1.74719572067,"var":663.502075195},"barkbands_skewness":{"dmean":0.528047978878,"dmean2":0.788427710533,"dvar":0.386763811111,"dvar2":0.912966251373,"max":9.24139308929,"mean":3.56372666359,"median":3.16507720947,"min":-1.87305605412,"var":3.21831870079},"barkbands_spread":{"dmean":1.73294091225,"dmean2":2.42554426193,"dvar":10.8086709976,"dvar2":18.7096118927,"max":90.2256317139,"mean":8.39191913605,"median":7.34836292267,"min":0.448248922825,"var":69.9055252075},"dissonance":{"dmean":0.0240881983191,"dmean2":0.0396673679352,"dvar":0.000479632231873,"dvar2":0.001303133904,"max":0.499353468418,"mean":0.439144849777,"median":0.453212976456,"min":0.245790556073,"var":0.00231324578635},"dynamic_complexity":2.80488276482,"erbbands":{"dmean":[0.160666689277,1.88780403137,4.32597398758,5.03511095047,7.70425653458,6.37873029709,8.29083538055,13.6987113953,13.0554294586,10.1153306961,9.5232629776,12.3219366074,13.2975025177,9.93442630768,11.1156692505,10.0043954849,10.2715358734,10.5082130432,10.7707738876,9.62951087952,9.87636566162,9.66829681396,9.94830703735,7.66316556931,6.32248163223,4.38397169113,4.23884391785,3.36655688286,2.27008414268,1.22487449646,0.738796651363,0.669441640377,0.450478106737,0.166029214859,0.0368312224746,0.00974863767624,0.00200288393535,0.00020867260173,0.00000753603171688,0.00000995249956759],"dmean2":[0.25624909997,3.0300078392,7.02401208878,8.41179180145,13.4378843307,10.6450004578,13.592297554,21.6083221436,19.0423374176,15.2955942154,14.2840337753,17.7334384918,18.967218399,14.3142318726,17.5655670166,15.9538373947,16.2041244507,16.9617595673,17.471736908,16.0012321472,16.1466846466,15.2189559937,16.2857646942,12.2158880234,10.2334547043,6.90618467331,6.18035650253,5.04585504532,3.28557324409,1.7564548254,1.03021764755,0.899266600609,0.603521883488,0.228669285774,0.0524151436985,0.0145503822714,0.00309033738449,0.000321514409734,0.000011189669749,0.0000158954371727],"dvar":[0.0493311285973,6.84728813171,49.3505477905,66.7894973755,89.1520843506,159.38394165,457.640808105,963.298400879,866.614624023,324.498413086,427.924621582,727.303649902,898.191650391,445.199127197,403.547973633,283.375366211,304.409423828,430.271881104,380.971984863,261.906951904,558.069274902,658.704162598,494.26763916,210.834152222,147.71005249,88.9530029297,171.362579346,195.894195557,69.3593215942,10.5363683701,3.92536854744,10.4589252472,6.80138397217,1.36335539818,0.0213149730116,0.000739406445064,0.0000183314823516,1.88641450904e-7,1.80970349817e-10,1.54211199366e-10],"dvar2":[0.136013284326,18.365447998,134.484542847,166.163345337,254.188903809,449.626251221,1177.32702637,1973.31994629,1677.7722168,703.230529785,856.352416992,1192.11279297,1541.90673828,781.965332031,987.606323242,669.802490234,699.782775879,1035.65148926,871.072937012,649.004211426,1252.22021484,1055.34912109,1055.87927246,467.849639893,339.182312012,177.906692505,314.959503174,367.554229736,127.379875183,19.0662631989,6.74453544617,17.6317920685,10.8355503082,2.80000424385,0.0344020240009,0.00128163967747,0.0000349727124558,3.84625252536e-7,3.42347317162e-10,4.18938106428e-10],"max":[2.32115507126,28.3183059692,78.4387588501,119.352325439,84.4262924194,178.239807129,533.307678223,947.727416992,796.907653809,355.135437012,479.926696777,782.789001465,1122.98681641,592.58215332,312.66583252,183.776977539,196.652618408,416.896575928,392.942779541,205.880004883,919.186462402,1032.96838379,651.498779297,290.967346191,221.88710022,207.084793091,445.834899902,402.989593506,318.636779785,100.479507446,55.7085990906,130.974533081,107.170158386,48.1560134888,6.1122674942,1.15080285072,0.125718221068,0.0125197432935,0.000486167264171,0.000195147455088],"mean":[0.686044454575,8.16441631317,19.1930713654,18.34217453,24.0520515442,12.9102191925,15.9932107925,27.9654083252,26.3890476227,20.348197937,17.8798809052,22.5996494293,25.2946929932,18.54337883,17.2089519501,14.8890953064,15.3997097015,14.6328897476,15.0752820969,11.4945249557,11.9008989334,12.7113857269,13.7748699188,11.8635616302,9.20896434784,6.41815662384,6.08727359772,5.0857334137,3.67841172218,2.24979901314,1.36026751995,1.09354496002,0.73198568821,0.263073086739,0.0709249377251,0.0191649217159,0.0040194275789,0.000442375428975,0.0000446491976618,0.0000790447666077],"median":[0.713058114052,8.60215950012,19.2495288849,16.0010852814,25.4640331268,8.20431900024,7.67570447922,19.3201179504,12.5473060608,8.09903144836,4.25911617279,4.76477527618,4.71363735199,4.00621128082,3.24806118011,3.60040712357,3.61860322952,3.29056572914,2.90788602829,2.87172937393,2.79290914536,3.44336128235,3.90262651443,3.81828212738,2.54079723358,1.78189194202,1.19110751152,1.05204856396,1.041847229,0.806497335434,0.497358977795,0.299208939075,0.166693270206,0.0587966740131,0.0238764826208,0.00822092965245,0.00188596406952,0.000251764431596,0.0000455450790469,0.0000883643660927],"min":[2.85266057962e-21,4.40300040957e-21,4.10495729901e-21,9.65060957791e-21,1.3876255921e-19,2.73284008323e-19,3.68170671871e-19,5.90853508884e-19,5.84091203979e-19,1.65544340999e-19,1.00525181552e-18,4.21532025979e-18,2.44423433767e-18,2.45959901075e-18,2.72158013884e-18,8.48856797787e-18,3.81456779662e-18,4.97894155484e-18,8.049813183e-18,5.19607977436e-18,3.63869265478e-18,1.60698991491e-17,1.31901988867e-17,1.11349561583e-17,1.24158130768e-17,1.43793851682e-17,1.71885914444e-17,1.34695940279e-17,1.37717755133e-17,2.20490799084e-17,1.57566259988e-17,2.42676362139e-17,1.5286082653e-17,9.90256044313e-18,1.08865811173e-17,5.73585937821e-18,3.19996846559e-18,1.25185782737e-18,4.41473427352e-19,3.78166684285e-20],"var":[0.146572068334,21.926618576,139.491455078,233.959518433,240.550125122,265.828826904,1108.24145508,2150.09960938,2065.79931641,1016.79638672,1268.33776855,3034.25048828,3396.37548828,1719.24255371,907.523498535,595.030395508,681.535766602,815.566345215,790.46496582,388.931060791,866.799194336,1511.15527344,926.138366699,528.324890137,342.078765869,196.897842407,397.969909668,412.78994751,203.41255188,31.2121696472,11.2089204788,22.8762741089,16.1592597961,2.39450621605,0.062101341784,0.00234200432897,0.0000508463635924,4.11084812413e-7,8.25751966804e-10,1.44381240297e-9]},"erbbands_crest":{"dmean":1.71217536926,"dmean2":2.76278877258,"dvar":2.88111019135,"dvar2":7.20492362976,"max":23.8627529144,"mean":8.91612148285,"median":7.44861984253,"min":2.5990087986,"var":22.8614044189},"erbbands_flatness_db":{"dmean":0.0123289488256,"dmean2":0.0182954929769,"dvar":0.000146824124386,"dvar2":0.0003120645124,"max":0.334526270628,"mean":0.180717676878,"median":0.170541107655,"min":0.0622407346964,"var":0.00225090165623},"erbbands_kurtosis":{"dmean":1.09170210361,"dmean2":1.72983372211,"dvar":3.5860991478,"dvar2":8.76941680908,"max":31.9517993927,"mean":3.42835021019,"median":-0.14971768856,"min":-1.88098609447,"var":63.6449813843},"erbbands_skewness":{"dmean":0.28037416935,"dmean2":0.419139713049,"dvar":0.0915619581938,"dvar2":0.193837746978,"max":4.70723104477,"mean":0.911180853844,"median":0.451172053814,"min":-2.33398580551,"var":1.88852965832},"erbbands_spread":{"dmean":6.53780317307,"dmean2":8.50606155396,"dvar":62.4645004272,"dvar2":113.759109497,"max":166.761566162,"mean":41.1741981506,"median":37.1959228516,"min":4.41280031204,"var":657.516906738},"gfcc":{"cov":[[11038.9052734,1825.99536133,-926.901489258,1904.73364258,988.410095215,618.456054688,234.064529419,-325.856506348,-204.723464966,-892.068908691,-184.175247192,-328.783477783,-75.456489563],[1825.99536133,1390.81494141,315.195526123,148.894241333,498.364562988,200.540863037,189.138153076,-175.555175781,-32.9715385437,-317.44430542,-59.0790710449,-152.171875,-3.05765080452],[-926.901489258,315.195526123,1163.85925293,360.503356934,63.2138214111,-70.0698165894,37.3362350464,-18.6238460541,-69.1596984863,-29.7015399933,-49.6473388672,-51.6302528381,17.3144264221],[1904.73364258,148.894241333,360.503356934,1119.31311035,397.460632324,34.8049888611,-27.560087204,-90.0152816772,-108.784378052,-196.258331299,-84.4925079346,-101.30506897,-3.16462349892],[988.410095215,498.364562988,63.2138214111,397.460632324,542.532348633,135.705322266,-27.5492973328,-147.075149536,-26.2907829285,-141.994140625,-50.5158805847,-88.0453948975,20.9160423279],[618.456054688,200.540863037,-70.0698165894,34.8049888611,135.705322266,223.695892334,55.2853317261,-102.580909729,-34.0306930542,-75.4524230957,-11.1128091812,-31.1614170074,-0.7313606143],[234.064529419,189.138153076,37.3362350464,-27.560087204,-27.5492973328,55.2853317261,188.884994507,3.60985064507,-74.4093551636,-73.1767425537,5.31431102753,-7.57461118698,-17.9427375793],[-325.856506348,-175.555175781,-18.6238460541,-90.0152816772,-147.075149536,-102.580909729,3.60985064507,152.027648926,25.3567237854,13.1142416,0.283926576376,30.1570529938,-8.97254085541],[-204.723464966,-32.9715385437,-69.1596984863,-108.784378052,-26.2907829285,-34.0306930542,-74.4093551636,25.3567237854,121.596473694,43.2194137573,-17.9843902588,-0.515454053879,5.20819616318],[-892.068908691,-317.44430542,-29.7015399933,-196.258331299,-141.994140625,-75.4524230957,-73.1767425537,13.1142416,43.2194137573,196.771774292,33.1033248901,27.4746170044,8.07865524292],[-184.175247192,-59.0790710449,-49.6473388672,-84.4925079346,-50.5158805847,-11.1128091812,5.31431102753,0.283926576376,-17.9843902588,33.1033248901,76.8849716187,23.6782875061,-20.4269256592],[-328.783477783,-152.171875,-51.6302528381,-101.30506897,-88.0453948975,-31.1614170074,-7.57461118698,30.1570529938,-0.515454053879,27.4746170044,23.6782875061,73.9075775146,7.50879955292],[-75.456489563,-3.05765080452,17.3144264221,-3.16462349892,20.9160423279,-0.7313606143,-17.9427375793,-8.97254085541,5.20819616318,8.07865524292,-20.4269256592,7.50879955292,60.7676200867]],"icov":[[0.00106843549293,-0.00324243423529,0.00243203574792,-0.00343462708406,0.00301665766165,-0.00231633149087,0.00200594519265,-0.00179719855078,0.00151201768313,-0.00160730164498,0.000736358924769,-0.00100456096698,0.00000819840352051],[-0.00324243423529,0.0139138689265,-0.00857104174793,0.0124452067539,-0.0118938777596,0.0088561270386,-0.0092434938997,0.00893999356776,-0.00739636970684,0.010870039463,-0.00365104852244,0.00738196494058,-0.000395343609853],[0.00243203574792,-0.00857104174793,0.0069543691352,-0.00870877690613,0.00778317684308,-0.00515459524468,0.00511260330677,-0.00476965308189,0.00466841598973,-0.0056074555032,0.00257993070409,-0.00302791292779,-0.000195293236175],[-0.00343462708406,0.0124452067539,-0.00870877690613,0.0139346532524,-0.0117862550542,0.00913291797042,-0.00662522669882,0.00779234291986,-0.00417275633663,0.00941105838865,-0.00175267737359,0.00627829506993,0.000671029207297],[0.00301665766165,-0.0118938777596,0.00778317684308,-0.0117862550542,0.0146635109559,-0.00827909447253,0.00913398526609,-0.00475823925808,0.00581137789413,-0.00619131326675,0.00272459047846,-0.00334247318096,-0.00118253729306],[-0.00231633149087,0.0088561270386,-0.00515459524468,0.00913291797042,-0.00827909447253,0.014817006886,-0.00734150782228,0.0111400233582,-0.00393912941217,0.00867856573313,-0.000987965613604,0.00497081736103,0.000256328610703],[0.00200594519265,-0.0092434938997,0.00511260330677,-0.00662522669882,0.00913398526609,-0.00734150782228,0.0165374018252,-0.00700545497239,0.0111312130466,-0.00391352642328,0.00324695999734,-0.00297604454681,0.00186576205306],[-0.00179719855078,0.00893999356776,-0.00476965308189,0.00779234291986,-0.00475823925808,0.0111400233582,-0.00700545497239,0.0196057260036,-0.00669062044472,0.0111975930631,-0.000348393194145,0.00386512326077,0.00107131537516],[0.00151201768313,-0.00739636970684,0.00466841598973,-0.00417275633663,0.00581137789413,-0.00393912941217,0.0111312130466,-0.00669062044472,0.0193832498044,-0.00659708026797,0.00737106148154,-0.00181775214151,0.0021271451842],[-0.00160730164498,0.010870039463,-0.0056074555032,0.00941105838865,-0.00619131326675,0.00867856573313,-0.00391352642328,0.0111975930631,-0.00659708026797,0.0217017456889,-0.0056949458085,0.00944362580776,-0.00202868529595],[0.000736358924769,-0.00365104852244,0.00257993070409,-0.00175267737359,0.00272459047846,-0.000987965613604,0.00324695999734,-0.000348393194145,0.00737106148154,-0.0056949458085,0.0216704327613,-0.00714019034058,0.00815398339182],[-0.00100456096698,0.00738196494058,-0.00302791292779,0.00627829506993,-0.00334247318096,0.00497081736103,-0.00297604454681,0.00386512326077,-0.00181775214151,0.00944362580776,-0.00714019034058,0.0263094939291,-0.00553477695212],[0.00000819840352051,-0.000395343609853,-0.000195293236175,0.000671029207297,-0.00118253729306,0.000256328610703,0.00186576205306,0.00107131537516,0.0021271451842,-0.00202868529595,0.00815398339182,-0.00553477695212,0.0211684498936]],"mean":[-35.1240081787,127.907501221,-79.2184829712,49.638923645,-51.1427574158,12.7824907303,-28.6347618103,8.60925769806,-14.117688179,1.77711331844,-6.62137699127,-1.8225017786,-9.00599575043]},"hfc":{"dmean":2.65298485756,"dmean2":3.46950912476,"dvar":29.0125045776,"dvar2":41.7971076965,"max":161.009674072,"mean":17.2089004517,"median":16.9064483643,"min":1.2222788661e-16,"var":183.871185303},"melbands":{"dmean":[0.00163115665782,0.00211450364441,0.000917943834793,0.00044862186769,0.000296471669571,0.000294841040159,0.000190173159353,0.000105651750346,0.0000779317197157,0.0000818328626337,0.0000678193828207,0.0000426769220212,0.0000398535994464,0.0000306382862618,0.0000251067867794,0.0000239795681409,0.0000210867201531,0.0000199554742721,0.000015653866285,0.0000130299358716,0.0000125333508549,0.000011259447092,0.00001019506999,0.00000931040176511,0.00000690563820172,0.00000570035217606,0.00000416579587181,0.00000312923862111,0.00000281494317278,0.00000279241635326,0.00000200520139515,0.00000141652867569,0.00000109002564841,6.69718531299e-7,4.90140962484e-7,3.81179347642e-7,4.66268232913e-7,3.58697690217e-7,2.65565660129e-7,1.08500763929e-7],"dmean2":[0.00259816762991,0.00348532805219,0.00156409200281,0.000765820848756,0.000497363856994,0.000458591763163,0.000277262995951,0.000159495568369,0.000115150796773,0.000117009556561,0.0000977261734079,0.0000623805390205,0.0000633820600342,0.0000485093078169,0.0000408515770687,0.0000384317281714,0.000034634853364,0.000032782634662,0.0000263123038167,0.0000222332328121,0.0000209141835512,0.000018232538423,0.0000165529509104,0.000015170892766,0.0000113267506094,0.00000956614621828,0.00000678159449308,0.00000500825080962,0.00000435135689258,0.00000422578068537,0.0000030087437608,0.00000214501892515,0.00000167209088886,0.00000102386616163,7.20273305888e-7,5.48865841665e-7,6.35540970961e-7,5.00093449318e-7,3.77287307174e-7,1.54912711992e-7],"dvar":[0.00000514867588208,0.0000100035831565,0.00000160571914876,3.51701828549e-7,5.18415504303e-7,4.3842243258e-7,1.73792969349e-7,3.6744040699e-8,2.88372650203e-8,3.12827275195e-8,2.31418582075e-8,8.92681129017e-9,5.49153034157e-9,2.76018274903e-9,1.75795500379e-9,1.76470293933e-9,1.80605641553e-9,1.43757661331e-9,7.56132434443e-10,5.53828816141e-10,1.22577770156e-9,9.23337906134e-10,7.86563814081e-10,3.45117656675e-10,1.82917916924e-10,1.34857236489e-10,7.79730377487e-11,5.81352535556e-11,6.37173092066e-11,1.30884067473e-10,7.09283604072e-11,2.61070123853e-11,1.76170762006e-11,2.61027028985e-12,1.49873397113e-12,1.70756193473e-12,6.05458131547e-12,3.68724235172e-12,3.77936310719e-12,4.19125644564e-13],"dvar2":[0.0000140717074828,0.0000288070441457,0.0000042527781261,0.00000100798251879,0.00000139306723668,8.8783707497e-7,3.32647744017e-7,7.95798271724e-8,5.69681688489e-8,4.84027395942e-8,3.97039983113e-8,1.62889470801e-8,1.34892221837e-8,6.55402931926e-9,4.19245527183e-9,4.21652091021e-9,4.43787362414e-9,3.41240302681e-9,1.83185500102e-9,1.38764166824e-9,2.89033574852e-9,1.70737946004e-9,1.65964653132e-9,8.15152001454e-10,4.22914953058e-10,3.32407879e-10,1.76034048449e-10,1.23402801866e-10,1.22479540399e-10,2.69327504743e-10,1.39574587998e-10,5.06690210622e-11,4.02260273702e-11,5.75754071155e-12,2.91537518952e-12,2.82928498338e-12,1.08558934411e-11,5.97728940996e-12,8.13785844267e-12,8.24834016193e-13],"max":[0.0266361478716,0.0415422022343,0.0182111952454,0.0064582368359,0.0140365632251,0.0212967321277,0.0103518981487,0.00351976579987,0.00460246345028,0.00604083621874,0.00561393657699,0.00276911561377,0.00102828606032,0.000568650430068,0.000512185739353,0.000549172691535,0.00076470390195,0.000676174764521,0.000318464590237,0.000309129070956,0.00138744374271,0.0012167727109,0.00102338858414,0.000478039757581,0.000247113755904,0.000217774897465,0.000164657612913,0.000188978781807,0.0002124740422,0.000440285191871,0.00028662130353,0.000169120816281,0.000161086529261,0.0000359031473636,0.0000276871760434,0.000041020954086,0.000100597339042,0.000076676835306,0.000069612156949,0.0000280198964902],"mean":[0.00763540156186,0.0109191108495,0.00366141390987,0.00125659245532,0.000569009338506,0.000612458039541,0.000396222749259,0.000211274455069,0.000139842741191,0.000146232356201,0.000124516736832,0.0000749616374378,0.0000583890978305,0.0000434944122389,0.0000341424638464,0.00003276683492,0.0000261314744421,0.0000250539214903,0.0000176018293132,0.0000139764651976,0.0000139295379995,0.0000130410417114,0.0000128293877424,0.0000119287051348,0.0000093779171948,0.00000744413318898,0.00000535260505785,0.0000040039230953,0.00000380354981644,0.00000357367548531,0.00000274153921964,0.00000212277950595,0.00000167358325598,0.00000110212306481,8.13583881154e-7,6.23102209829e-7,7.04260116891e-7,5.47032470877e-7,3.82425355383e-7,1.6534609415e-7],"median":[0.00762464432046,0.0121520925313,0.00367025984451,0.00122104724869,0.000289050163701,0.000414681067923,0.000190683000255,0.0000771004561102,0.0000287098409899,0.000024887634936,0.0000197470180865,0.000012974593119,0.00000810706842458,0.00000735794128559,0.00000565386244489,0.00000505046955368,0.00000345697799276,0.00000307838581648,0.0000024856269647,0.00000209604695556,0.00000247928983299,0.00000243513977694,0.00000276322407444,0.00000300171450363,0.00000248894048127,0.00000154918075168,0.00000125688416119,8.29863552099e-7,6.2831793457e-7,4.91099513056e-7,5.17683815815e-7,4.89525746161e-7,4.56888244571e-7,3.7306779177e-7,2.68788483027e-7,1.83657022035e-7,1.5693962041e-7,1.12091754545e-7,6.72753444064e-8,3.52299274198e-8],"min":[2.11550911546e-23,3.19238459657e-24,4.60199206228e-24,1.61678856905e-23,1.16619666313e-23,1.32919402215e-23,8.31010847792e-24,1.35351915953e-24,1.347787947e-23,2.51287192183e-23,1.18210254445e-23,1.02536219347e-23,8.30127008034e-24,1.87710525248e-23,1.69803161819e-23,5.87788385747e-24,9.89714358021e-24,1.27380841354e-23,1.11915412634e-23,4.41345391151e-24,3.63224653479e-24,1.67877994111e-23,1.43023085358e-23,1.14016243888e-23,8.34606870229e-24,9.59040842785e-24,8.04005299107e-24,9.7538122869e-24,1.12475756312e-23,8.35838597646e-24,7.30316460887e-24,6.09204066058e-24,1.16275935951e-23,1.24752080717e-23,7.94575334732e-24,1.09898981608e-23,1.60109355025e-23,1.21648465257e-23,6.1132554969e-24,9.32552234651e-24],"var":[0.0000179999242391,0.0000319440987369,0.00000593322192799,7.55096777993e-7,0.00000115542184176,0.00000101255750451,4.37384926499e-7,1.18028097518e-7,8.28843553791e-8,1.32727635105e-7,8.56925126413e-8,3.09086871653e-8,1.21024417155e-8,5.5560671619e-9,3.469566634e-9,3.53155549249e-9,3.11716186197e-9,2.55992560483e-9,1.07771958024e-9,7.59993068478e-10,1.65011526665e-9,1.79738945949e-9,1.38863531784e-9,5.6739180021e-10,3.89291349157e-10,2.82922130168e-10,1.30759486572e-10,1.1079234058e-10,1.35616851082e-10,2.59209875786e-10,1.41535352882e-10,7.10093303602e-11,3.70041705611e-11,5.86581477835e-12,3.79067263689e-12,4.11474196729e-12,1.19736512372e-11,8.47752770761e-12,6.26990126484e-12,7.79005061412e-13]},"melbands_crest":{"dmean":1.73395967484,"dmean2":2.8813958168,"dvar":4.12334108353,"dvar2":10.528924942,"max":30.5551719666,"mean":18.5682201385,"median":17.5744419098,"min":2.33703684807,"var":21.5114498138},"melbands_flatness_db":{"dmean":0.0237008426338,"dmean2":0.0324172861874,"dvar":0.000491848099045,"dvar2":0.000975063012447,"max":0.586967885494,"mean":0.347393482924,"median":0.340509325266,"min":0.00740018766373,"var":0.00535838631913},"melbands_kurtosis":{"dmean":11.7625389099,"dmean2":17.0640010834,"dvar":230.272369385,"dvar2":497.738098145,"max":248.137176514,"mean":43.6981315613,"median":31.4980010986,"min":-1.25390684605,"var":1319.09851074},"melbands_skewness":{"dmean":0.731766521931,"dmean2":1.06512260437,"dvar":0.549051582813,"dvar2":1.2310192585,"max":12.38331604,"mean":4.85719156265,"median":4.46779060364,"min":-0.356623977423,"var":4.04003238678},"melbands_spread":{"dmean":1.33397197723,"dmean2":1.93704819679,"dvar":8.79479980469,"dvar2":17.5875263214,"max":133.592666626,"mean":6.0813832283,"median":5.2446641922,"min":0.506561875343,"var":46.4343147278},"mfcc":{"cov":[[10869.3466797,936.479736328,-640.135925293,1158.08032227,608.951782227,757.599853516,298.501220703,789.971557617,-102.549194336,-19.8428611755,-153.839508057,-77.5425720215,-675.201599121],[936.479736328,1612.64782715,237.380249023,1.47799003124,167.250152588,200.202682495,143.226760864,176.053436279,11.5853881836,26.009103775,15.8641757965,-75.8649749756,-180.001663208],[-640.135925293,237.380249023,960.676757813,390.397094727,31.7357158661,-0.707503020763,70.8455047607,7.42196512222,30.419506073,-13.6069393158,19.2257804871,-40.3599357605,-70.0625991821],[1158.08032227,1.47799003124,390.397094727,801.205810547,300.533081055,83.3184509277,61.8953475952,60.636592865,17.5035400391,-25.4092693329,-33.2270851135,-36.3913421631,-124.646560669],[608.951782227,167.250152588,31.7357158661,300.533081055,431.293151855,162.122146606,-36.4327774048,-6.93776464462,21.361913681,-4.98720359802,-22.0320339203,-41.1454200745,-79.3897399902],[757.599853516,200.202682495,-0.707503020763,83.3184509277,162.122146606,307.889801025,68.1168899536,0.189756676555,-19.7492866516,-2.76685452461,-36.4031791687,-18.6848125458,-84.5825119019],[298.501220703,143.226760864,70.8455047607,61.8953475952,-36.4327774048,68.1168899536,203.45149231,58.5111923218,-43.0683364868,-35.4644737244,-2.34846806526,-9.83087825775,-53.200138092],[789.971557617,176.053436279,7.42196512222,60.636592865,-6.93776464462,0.189756676555,58.5111923218,204.682510376,-10.8182764053,-24.5904655457,-13.0944566727,-12.4186840057,-62.9722137451],[-102.549194336,11.5853881836,30.419506073,17.5035400391,21.361913681,-19.7492866516,-43.0683364868,-10.8182764053,111.179992676,2.14128851891,-21.9422645569,-11.0044174194,-5.54620838165],[-19.8428611755,26.009103775,-13.6069393158,-25.4092693329,-4.98720359802,-2.76685452461,-35.4644737244,-24.5904655457,2.14128851891,101.878807068,-2.62326097488,-26.0692272186,17.6644287109],[-153.839508057,15.8641757965,19.2257804871,-33.2270851135,-22.0320339203,-36.4031791687,-2.34846806526,-13.0944566727,-21.9422645569,-2.62326097488,134.651977539,-24.4040279388,-49.1698303223],[-77.5425720215,-75.8649749756,-40.3599357605,-36.3913421631,-41.1454200745,-18.6848125458,-9.83087825775,-12.4186840057,-11.0044174194,-26.0692272186,-24.4040279388,188.593887329,-38.9754142761],[-675.201599121,-180.001663208,-70.0625991821,-124.646560669,-79.3897399902,-84.5825119019,-53.200138092,-62.9722137451,-5.54620838165,17.6644287109,-49.1698303223,-38.9754142761,320.805328369]],"icov":[[0.000291053875117,-0.0000809801495052,0.000451306346804,-0.000603498774581,0.000288732844638,-0.000627415487543,0.000226732459851,-0.000887513568159,0.000108591171738,-0.000177713649464,0.000029369861295,0.0000531448204129,0.000223261900828],[-0.0000809801495052,0.000999883865006,-0.000514225801453,0.000772281724494,-0.000774796120822,-0.000118670744996,-0.000713044428267,-0.000650970207062,-0.000392623944208,-0.000600176572334,-0.000210734622669,0.0000361751808668,0.000107647931145],[0.000451306346804,-0.000514225801453,0.00229098950513,-0.00205620424822,0.00125585368369,-0.000865979411174,0.00031434308039,-0.000717487826478,-0.000171995081473,-0.00000867440940056,-0.00020148542535,0.000265695125563,0.000355416559614],[-0.000603498774581,0.000772281724494,-0.00205620424822,0.00412671780214,-0.00292473705485,0.00184148468543,-0.00162610481493,0.000936567026656,-0.00024755319464,0.0000192617480934,0.000608691596426,0.0000244578532147,0.0000843131856527],[0.000288732844638,-0.000774796120822,0.00125585368369,-0.00292473705485,0.00565393269062,-0.00277985096909,0.00289612822235,0.00011599802383,0.000150086416397,0.00106982921716,0.000173637221451,0.00092353502987,0.000562653236557],[-0.000627415487543,-0.000118670744996,-0.000865979411174,0.00184148468543,-0.00277985096909,0.00698899757117,-0.0024372600019,0.00315151805989,0.00105299730785,0.000245921663009,0.00219608098269,0.000601040082984,0.000922748760786],[0.000226732459851,-0.000713044428267,0.00031434308039,-0.00162610481493,0.00289612822235,-0.0024372600019,0.00856628175825,-0.00124954129569,0.00293168681674,0.0027132385876,0.000820503628347,0.00115925818682,0.000931247195695],[-0.000887513568159,-0.000650970207062,-0.000717487826478,0.000936567026656,0.00011599802383,0.00315151805989,-0.00124954129569,0.0097414618358,0.000774790765718,0.00230419100262,0.00187083974015,0.00109467236325,0.000844847527333],[0.000108591171738,-0.000392623944208,-0.000171995081473,-0.00024755319464,0.000150086416397,0.00105299730785,0.00293168681674,0.000774790765718,0.0115002458915,0.00128886871971,0.00341086136177,0.00178387702908,0.00169489777181],[-0.000177713649464,-0.000600176572334,-0.00000867440940056,0.0000192617480934,0.00106982921716,0.000245921663009,0.0027132385876,0.00230419100262,0.00128886871971,0.0120117636397,0.00136856676545,0.00222698622383,0.000367836590158],[0.000029369861295,-0.000210734622669,-0.00020148542535,0.000608691596426,0.000173637221451,0.00219608098269,0.000820503628347,0.00187083974015,0.00341086136177,0.00136856676545,0.0107709616423,0.002875685459,0.0032452060841],[0.0000531448204129,0.0000361751808668,0.000265695125563,0.0000244578532147,0.00092353502987,0.000601040082984,0.00115925818682,0.00109467236325,0.00178387702908,0.00222698622383,0.002875685459,0.00703203119338,0.00219712941907],[0.000223261900828,0.000107647931145,0.000355416559614,0.0000843131856527,0.000562653236557,0.000922748760786,0.000931247195695,0.000844847527333,0.00169489777181,0.000367836590158,0.0032452060841,0.00219712941907,0.00523401191458]],"mean":[-690.832702637,148.519073486,34.8576469421,42.7917938232,10.6977939606,10.8922872543,3.20625853539,8.53560066223,-0.683980762959,4.06915903091,4.4040927887,2.9201157093,1.73303210735]},"pitch_salience":{"dmean":0.0543191023171,"dmean2":0.0868334919214,"dvar":0.00346121587791,"dvar2":0.0091188326478,"max":0.829649329185,"mean":0.476517349482,"median":0.498638570309,"min":0.158891111612,"var":0.0132226357237},"silence_rate_20dB":{"dmean":0,"dmean2":0,"dvar":0,"dvar2":0,"max":1,"mean":1,"median":1,"min":1,"var":0},"silence_rate_30dB":{"dmean":0.0691040605307,"dmean2":0.13826367259,"dvar":0.0643291696906,"dvar2":0.155315101147,"max":1,"mean":0.902811229229,"median":1,"min":0,"var":0.0877426117659},"silence_rate_60dB":{"dmean":0.000803535571322,"dmean2":0.00120578776114,"dvar":0.000802898139227,"dvar2":0.00120431266259,"max":1,"mean":0.0919678732753,"median":0,"min":0,"var":0.0835056081414},"spectral_centroid":{"dmean":118.570381165,"dmean2":161.008926392,"dvar":48043.4375,"dvar2":55076.7734375,"max":11193.0175781,"mean":696.502441406,"median":573.709350586,"min":143.123931885,"var":232417.90625},"spectral_complexity":{"dmean":2.57613492012,"dmean2":3.86454987526,"dvar":8.85814857483,"dvar2":17.4796447754,"max":54,"mean":13.0461845398,"median":13,"min":0,"var":55.9451446533},"spectral_contrast_coeffs":{"dmean":[0.0329496152699,0.043586820364,0.043272331357,0.0452399142087,0.0315711721778,0.0231197960675],"dmean2":[0.0561512820423,0.0721066072583,0.069371022284,0.0718335583806,0.0494921840727,0.0364285968244],"dvar":[0.000897222547792,0.00150622741785,0.00150004180614,0.00213986076415,0.00109010410961,0.00052510102978],"dvar2":[0.00256955530494,0.00402749702334,0.00357507821172,0.00494358083233,0.00244335737079,0.00132185569964],"max":[-0.470647543669,-0.386862754822,-0.514437377453,-0.507001280785,-0.510447204113,-0.587582528591],"mean":[-0.66622954607,-0.67620831728,-0.747830808163,-0.766663849354,-0.785052597523,-0.769655823708],"median":[-0.651776134968,-0.686432540417,-0.745283603668,-0.774556219578,-0.784519433975,-0.766606450081],"min":[-0.95132958889,-0.964464068413,-0.957994043827,-0.964778542519,-0.959295094013,-0.957651376724],"var":[0.00435045082122,0.00779628427699,0.00621133996174,0.00699972594157,0.00538560934365,0.00267584994435]},"spectral_contrast_valleys":{"dmean":[0.248479023576,0.349108278751,0.425854384899,0.493336737156,0.364126771688,0.236400857568],"dmean2":[0.405922919512,0.562052428722,0.647000193596,0.732698082924,0.523098886013,0.320145696402],"dvar":[0.101769275963,0.128289327025,0.190425947309,0.265548765659,0.172481536865,0.0916711986065],"dvar2":[0.180509701371,0.240582704544,0.338791549206,0.488907396793,0.283072292805,0.124613001943],"max":[-4.99345636368,-4.91104221344,-5.34032773972,-5.96225214005,-5.42523622513,-7.66750764847],"mean":[-6.43828487396,-7.02929544449,-8.02726173401,-8.58118247986,-8.26470851898,-10.6877450943],"median":[-5.91495704651,-6.77521514893,-7.83834886551,-8.48630523682,-8.06680774689,-10.5540647507],"min":[-27.5949878693,-26.9598693848,-27.2838935852,-27.1808757782,-27.3081378937,-27.3823986053],"var":[2.79258584976,1.79566180706,1.73473381996,1.56277871132,1.36064422131,0.840651273727]},"spectral_decrease":{"dmean":2.36015007538e-9,"dmean2":3.82927778375e-9,"dvar":9.03321843476e-18,"dvar2":2.49625456834e-17,"max":2.86177661926e-29,"mean":-1.83405806098e-8,"median":-2.06182555473e-8,"min":-4.70400891572e-8,"var":7.63473808752e-17},"spectral_energy":{"dmean":0.00902122724801,"dmean2":0.0146136572585,"dvar":0.000130686312332,"dvar2":0.000360138656106,"max":0.179681688547,"mean":0.0707826539874,"median":0.0795047134161,"min":1.09784242925e-20,"var":0.00114057783503},"spectral_energyband_high":{"dmean":0.000188162346603,"dmean2":0.000243970716838,"dvar":5.2242376114e-7,"dvar2":7.73977262725e-7,"max":0.0222623813897,"mean":0.000427519174991,"median":0.000160270850756,"min":7.91005193244e-21,"var":0.00000166381641975},"spectral_energyband_low":{"dmean":0.00817784015089,"dmean2":0.0133231878281,"dvar":0.000134713336593,"dvar2":0.000376205396606,"max":0.154870539904,"mean":0.0513707585633,"median":0.0563524663448,"min":8.01770140618e-23,"var":0.000654789386317},"spectral_energyband_middle_high":{"dmean":0.000781110604294,"dmean2":0.00102092872839,"dvar":0.00000222487437895,"dvar2":0.000003480367468,"max":0.0553336031735,"mean":0.00316736986861,"median":0.00262772990391,"min":1.54629369295e-21,"var":0.0000130094276756},"spectral_energyband_middle_low":{"dmean":0.0045406119898,"dmean2":0.00734388781711,"dvar":0.0000344343607139,"dvar2":0.0000826684408821,"max":0.135693311691,"mean":0.0191586818546,"median":0.0183411724865,"min":3.76840545742e-22,"var":0.000178587026312},"spectral_entropy":{"dmean":0.201640352607,"dmean2":0.278921842575,"dvar":0.0363083444536,"dvar2":0.069626301527,"max":9.80218029022,"mean":6.91002035141,"median":7.01861429214,"min":5.3384718895,"var":0.33409807086},"spectral_flux":{"dmean":0.0254808701575,"dmean2":0.0381903238595,"dvar":0.000758707814384,"dvar2":0.00164708960801,"max":0.276122272015,"mean":0.0853619128466,"median":0.079288162291,"min":1.04777977961e-10,"var":0.00218797940761},"spectral_kurtosis":{"dmean":2.13123869896,"dmean2":3.46801829338,"dvar":6.46059370041,"dvar2":16.3258857727,"max":46.9377288818,"mean":6.60688781738,"median":4.89826154709,"min":-1.20867621899,"var":30.9265155792},"spectral_rms":{"dmean":0.000531657191459,"dmean2":0.000837589846924,"dvar":3.91131834476e-7,"dvar2":9.94249717223e-7,"max":0.013240060769,"mean":0.00784978363663,"median":0.00880713202059,"min":3.27271413095e-12,"var":0.00000743711962059},"spectral_rolloff":{"dmean":92.0668258667,"dmean2":156.590133667,"dvar":193415.875,"dvar2":457564.1875,"max":18755.4199219,"mean":380.290740967,"median":215.33203125,"min":86.1328125,"var":883223.4375},"spectral_skewness":{"dmean":0.273870825768,"dmean2":0.407697558403,"dvar":0.0708783566952,"dvar2":0.155026614666,"max":5.64811754227,"mean":1.94568741322,"median":1.81279325485,"min":-0.0380111224949,"var":0.683445215225},"spectral_spread":{"dmean":408851.5,"dmean2":560444.5,"dvar":621691469824,"dvar2":715134271488,"max":41215336,"mean":4139150,"median":3871183,"min":1518278,"var":2059206393860},"spectral_strongpeak":{"dmean":0.18286781013,"dmean2":0.330785661936,"dvar":0.0758864507079,"dvar2":0.19807164371,"max":3.60160899162,"mean":0.603602707386,"median":0.587351679802,"min":0,"var":0.0945521071553},"zerocrossingrate":{"dmean":0.00418521184474,"dmean2":0.00512361666188,"dvar":0.0000599365594098,"dvar2":0.0000975465081865,"max":0.50244140625,"mean":0.0234194584191,"median":0.0205078125,"min":0.0029296875,"var":0.000630707421806}},"metadata":{"audio_properties":{"analysis_sample_rate":44100,"bit_rate":192000,"codec":"mp3","downmix":"mix","equal_loudness":0,"length":57.7828559875,"lossless":false,"md5_encoded":"2476a5202b136e5e68c0949d40692b4f","replay_gain":-11.752576828,"sample_rate":44100},"tags":{"album":["The Bootlicker"],"albumartist":["Melvins"],"albumartistsort":["Melvins"],"artist":["Melvins"],"artistsort":["Melvins"],"barcode":["689230000426"],"catalognumber":["IPC-004"],"composer":["King Buzzo"],"contentgroup":["Rock"],"date":["1999-08-23"],"discnumber":["1/1"],"file_name":"04 - We We.mp3","genre":["Rock","Grunge","Stoner Rock","Sludge Metal","Experimental","Alternative"],"label":["Ipecac Recordings"],"language":["eng"],"lyricist":["King Buzzo"],"media":["CD"],"musicbrainz album release country":["US"],"musicbrainz album status":["official"],"musicbrainz album type":["album"],"musicbrainz_albumartistid":["9ccfbc94-a4f4-42f7-b6f5-d903ab77cccb"],"musicbrainz_albumid":["0a84f9a7-e426-41f1-8a15-47b723135f94"],"musicbrainz_artistid":["9ccfbc94-a4f4-42f7-b6f5-d903ab77cccb"],"musicbrainz_recordingid":["8a988cef-c431-4f59-a22a-1721ea358e0d"],"musicip_puid":["8c43dad9-2169-d03a-fa19-47c8f64b92c2"],"script":["Latn"],"title":["We We"],"tracknumber":["4/9"]},"version":{"essentia":"2.1-beta2","essentia_build_sha":"2d9f1f26377add8aeb1075a9c2973f962c4f09fd","essentia_git_sha":"v2.1_beta2-1-ge3940c0","extractor":"music 1.0"}},"rhythm":{"beats_count":160,"beats_loudness":{"dmean":0.0128059433773,"dmean2":0.0216008499265,"dvar":0.000232088845223,"dvar2":0.000596146390308,"max":0.156706437469,"mean":0.0742332190275,"median":0.0813294351101,"min":0.000301290827338,"var":0.00103943410795},"beats_loudness_band_ratio":{"dmean":[0.0899593755603,0.048401799053,0.0534963607788,0.0226817727089,0.0099983215332,0.00818290002644],"dmean2":[0.16005538404,0.0876401513815,0.0968823805451,0.0404347144067,0.0172693263739,0.015348944813],"dvar":[0.01482736