{"lowlevel":{"average_loudness":0.0360552705824,"barkbands":{"dmean":[0.00000372303838958,0.000111864676001,0.000192675172002,0.000183271607966,0.000355349620804,0.0010846714722,0.000599576858804,0.000520283356309,0.00078124681022,0.00128972029779,0.000858755083755,0.000476363813505,0.0000855355829117,0.000100455530628,0.000212779355934,0.000128778832732,0.000412196444813,0.0000513052000315,0.000113408110337,0.0000336279626936,0.000087050080765,0.0000413579327869,0.0000153537857841,0.00000700879627402,0.0000022809742859,4.24102779562e-7,9.92993278714e-8],"dmean2":[0.00000621381514065,0.000187925543287,0.00032258417923,0.000316583464155,0.000594800512772,0.00175988790579,0.000979024800472,0.000900422164705,0.00137099809945,0.00212443014607,0.00142702762969,0.000767559919041,0.000136772898259,0.000164127181051,0.000304212066112,0.000201717019081,0.000615529541392,0.0000783909999882,0.000188857127796,0.0000535414765181,0.000122989542433,0.0000642189261271,0.0000216300832108,0.0000104623213701,0.00000350400773641,6.70288443416e-7,1.65865856161e-7],"dvar":[1.59218874196e-10,9.4796803296e-7,0.00000218309673983,0.0000128223000502,0.00000579864081374,0.0000288433675451,0.0000125144233607,0.0000120524473459,0.0000321461666317,0.0000529706776433,0.0000422107041231,0.00000697946734363,3.22547037968e-7,2.92397402291e-7,0.00000222765879698,7.2537017104e-7,0.00000572049430048,1.39660187415e-7,6.63016692215e-7,2.07024129395e-7,5.94438972712e-7,0.00000111475856102,1.27251567505e-7,2.94231607967e-8,2.63229660291e-9,3.19242132729e-11,1.72160603915e-12],"dvar2":[4.28246910156e-10,0.00000261669538304,0.00000484258953293,0.0000366593885701,0.0000162770611496,0.0000684245605953,0.0000309389324684,0.0000313386954076,0.0000874021934578,0.000138395829708,0.000112636240374,0.0000156870046339,7.62014110478e-7,7.13073802672e-7,0.0000038299449443,0.00000177529648226,0.0000119019405247,2.7553986115e-7,0.00000163347681337,4.91483206133e-7,9.78453954303e-7,0.00000266903521151,2.26592618446e-7,5.83841881507e-8,5.82498049795e-9,8.09064620855e-11,4.17041358045e-12],"max":[0.000409120228142,0.0490046590567,0.0715597867966,0.256730794907,0.085771754384,0.207720041275,0.100412935019,0.0997777953744,0.167890891433,0.258424788713,0.325425475836,0.133224546909,0.0350103750825,0.0190526116639,0.0773930996656,0.0375542193651,0.087875418365,0.0213239211589,0.0413131266832,0.0304124448448,0.0545160733163,0.0826993733644,0.0314933694899,0.0143710123375,0.0042918571271,0.000391140783904,0.0000873871758813],"mean":[0.00000456470115751,0.000158416631166,0.000409804692026,0.000284312554868,0.000445954850875,0.00143444829155,0.000700203818269,0.0005026999861,0.000734459958039,0.00212697312236,0.00178831466474,0.000773895531893,0.000129269988975,0.000135239912197,0.000321396801155,0.000192494539078,0.000559652398806,0.0000740417817724,0.000122418554383,0.0000434119938291,0.000114229573228,0.000060481888795,0.0000238545162574,0.0000107568612293,0.00000278003130916,8.0608180042e-7,3.29665823529e-7],"median":[0.00000162191918207,0.0000103096990642,0.00000937775348575,0.00000772222847445,0.0000384789709642,0.0000898467624211,0.0000625456959824,0.0000286642953142,0.0000719039380783,0.000171549079823,0.0000452821514045,0.0000261209133896,0.00000998646100925,0.00000782298957347,0.00000494393680128,0.00000122218159504,4.71047570727e-7,4.22920294341e-7,2.89313334179e-7,2.99851507179e-7,1.01890016424e-7,6.46557509754e-8,7.78315722982e-8,1.19473483551e-7,1.91548764406e-7,2.67966044021e-7,2.57587799979e-7],"min":[1.56525120143e-24,9.83164603697e-24,4.84093014187e-24,4.01067213362e-25,2.00177525222e-23,1.60237923576e-23,1.02617637681e-23,6.86275066523e-24,1.57612405156e-23,2.668952154e-23,1.65069917501e-23,3.59053669772e-23,5.500968168e-23,5.79111373329e-23,7.86723344603e-23,1.08671484063e-22,8.35310549933e-23,1.16191234378e-22,1.52056587174e-22,2.12593773041e-22,3.14770798774e-22,4.20298930876e-22,4.52664593774e-22,7.72383986426e-22,9.90114897413e-22,1.4076722779e-21,1.90569649994e-21],"var":[1.84725262864e-10,8.24723940696e-7,0.00000449931167168,0.0000129003828988,0.00000561065644433,0.0000358705074177,0.0000148514491229,0.0000115274324344,0.0000237205422309,0.0000776113956817,0.0000470972481708,0.0000113399710244,8.92474872671e-7,4.01112060899e-7,0.00000544001568414,0.00000158324246513,0.0000120960949062,2.87771342755e-7,8.75210105278e-7,2.73461665756e-7,0.00000183363135875,0.00000197433178073,3.25611893004e-7,5.51394165882e-8,3.23068105601e-9,4.32388326532e-11,1.86224017977e-12]},"barkbands_crest":{"dmean":2.55999207497,"dmean2":4.21846008301,"dvar":5.1543302536,"dvar2":13.7631168365,"max":26.2484283447,"mean":12.6922931671,"median":12.1855249405,"min":2.83450341225,"var":21.7614040375},"barkbands_flatness_db":{"dmean":0.0216355156153,"dmean2":0.0337089374661,"dvar":0.000506369629875,"dvar2":0.00117718952242,"max":0.448552012444,"mean":0.220808461308,"median":0.21730068326,"min":0.0332769118249,"var":0.00703059509397},"barkbands_kurtosis":{"dmean":4.59125995636,"dmean2":7.47346448898,"dvar":64.0819549561,"dvar2":165.474853516,"max":235.94708252,"mean":8.89049720764,"median":4.42211294174,"min":-1.94088506699,"var":185.307327271},"barkbands_skewness":{"dmean":0.605436325073,"dmean2":0.967825651169,"dvar":0.368454456329,"dvar2":0.922270894051,"max":8.54704380035,"mean":0.830082476139,"median":0.769167780876,"min":-7.63653182983,"var":4.18091726303},"barkbands_spread":{"dmean":3.16520190239,"dmean2":5.09914207458,"dvar":28.1732120514,"dvar2":75.7644882202,"max":151.682662964,"mean":11.9957561493,"median":7.77215719223,"min":0.161498188972,"var":221.533569336},"dissonance":{"dmean":0.0350426100194,"dmean2":0.0615073107183,"dvar":0.00184422766324,"dvar2":0.00514716701582,"max":0.500000059605,"mean":0.444184482098,"median":0.463114708662,"min":0.0992171466351,"var":0.00319829280488},"dynamic_complexity":11.0011119843,"erbbands":{"dmean":[0.00156177405734,0.0329623669386,0.189004406333,0.435334950686,0.68215572834,1.52788507938,4.47282505035,9.77547073364,9.88647460938,9.14646339417,11.3025016785,18.0933380127,31.2440052032,39.9516944885,28.023557663,15.1804599762,4.27975416183,4.81187343597,11.4646682739,5.2916021347,9.83885860443,21.4834213257,5.85323667526,4.68500185013,4.1141076088,1.70700562,2.10802006721,4.34106779099,1.86402833462,0.762985706329,0.393755614758,0.258788377047,0.0488616004586,0.0280222129077,0.0147415520623,0.00268227932975,0.00067855726229,0.000141496886499,0.0000196491946554,0.00000721659944247],"dmean2":[0.00267341290601,0.0550835691392,0.315116018057,0.718463897705,1.16635668278,2.61229586601,7.27674102783,15.8656616211,16.0639820099,15.2503118515,19.3816280365,31.3784732819,52.9081077576,65.1616287231,45.480556488,24.0999279022,6.56152248383,7.67108678818,16.3744926453,7.87962436676,14.6751337051,32.7283248901,8.29284191132,7.6347899437,6.58791351318,2.68063879013,2.77599406242,6.74508285522,2.90071845055,1.06538951397,0.537550270557,0.37822213769,0.0742857605219,0.0423616059124,0.0225132703781,0.0041790176183,0.00109395338222,0.000232946389588,0.0000323403510265,0.0000112433781396],"dvar":[0.000114049675176,0.0809113904834,1.8571035862,66.057510376,29.7848644257,120.036079407,701.898925781,2712.65356445,3573.06420898,4289.17333984,6149.78564453,18048.0800781,44350.8203125,44236.578125,25208.21875,5821.82519531,570.215454102,680.369018555,5985.96044922,835.284179688,3710.03515625,14727.5302734,1053.31213379,1315.3984375,847.387084961,523.847717285,983.462097168,1216.09057617,2305.2956543,373.39932251,75.4666061401,44.1317825317,0.611413836479,0.416205346584,0.169419467449,0.00127817178145,0.0000663997489028,0.00000304768786918,5.53685239879e-8,6.97127577887e-10],"dvar2":[0.000321989471558,0.221829846501,4.45820140839,173.860458374,85.7367782593,335.059661865,1797.79748535,6398.02490234,8607.93554688,11008.3525391,16466.640625,48965.9296875,121044.109375,114762.65625,61963.3242188,12404.7412109,1261.71838379,1659.90539551,10787.0527344,1651.83605957,7893.91259766,33404.1171875,1915.08154297,3092.91845703,1903.80432129,1246.12353516,1749.24694824,2749.6315918,5565.91015625,837.597473145,147.290054321,89.1609725952,1.47067940235,0.916338562965,0.364335417747,0.00319323386066,0.000171250154381,0.00000800604175311,1.38059903065e-7,1.65927283025e-9],"max":[0.392801016569,14.4565401077,63.1826095581,623.984130859,291.918884277,298.105865479,1158.25097656,2433.89819336,1649.13879395,2472.41040039,2597.43188477,4820.18945312,7395.65576172,6456.37402344,6987.09619141,2634.88745117,1265.76062012,851.213989258,3384.77050781,1326.96508789,2373.78344727,3617.76513672,1130.82739258,2044.50720215,1452.14526367,1804.19641113,2737.15600586,2455.93505859,3914.18774414,1586.63574219,781.104553223,556.436218262,54.9581222534,53.7199172974,34.1515922546,2.2309679985,0.46283018589,0.0988130792975,0.015195671469,0.00121941289399],"mean":[0.00207651290111,0.0483594611287,0.357400149107,0.874987006187,0.887531936169,1.74916744232,5.86241483688,12.4061002731,12.224360466,9.56464958191,11.1219053268,17.0412902832,41.4560928345,80.5195007324,65.2141799927,26.4985275269,7.146733284,7.08108043671,17.1390533447,8.85213851929,15.1392326355,27.904384613,9.26665592194,5.17946434021,4.97027921677,2.31541085243,3.02323174477,4.97152471542,2.71004605293,1.11975538731,0.611450076103,0.412141889334,0.0701615139842,0.0347684770823,0.0182820670307,0.00457486184314,0.00127610436175,0.000330503913574,0.0000585614252486,0.0000172020445461],"median":[0.000336483557476,0.00273575913161,0.0103426072747,0.0264336597174,0.0467485785484,0.141182631254,0.444589793682,0.749602258205,1.07739448547,0.815121531487,0.78538531065,1.93809449673,5.39073848724,5.33097648621,2.15606117249,1.37370336056,0.732013583183,0.50729906559,0.447200596333,0.193351045251,0.0733148604631,0.0352081544697,0.0294388178736,0.0179081633687,0.0178810097277,0.0146864689887,0.00648373737931,0.00315464427695,0.00234000012279,0.00223888037726,0.00228596036322,0.00226676603779,0.00214181770571,0.00189387600403,0.00150036055129,0.000985130551271,0.000511816062499,0.000186624078196,0.0000424701356678,0.00000737437994758],"min":[2.09440210064e-22,2.49463253631e-21,5.31056254049e-21,7.55367360555e-21,7.23755651782e-21,4.62459555255e-20,4.68321971664e-20,1.75427469109e-19,1.7540075376e-19,3.54936014715e-19,2.48504934195e-19,4.41510908974e-19,5.93335205818e-19,8.46715516694e-19,1.18024580322e-18,2.20619843395e-18,2.5442417145e-18,3.41330661737e-18,3.83158496977e-18,3.40195976732e-18,5.69194311872e-18,5.37406009086e-18,7.34307254917e-18,5.70563295786e-18,8.51737288834e-18,9.02713203981e-18,8.93635972093e-18,1.0437652828e-17,1.43813836365e-17,1.29684731235e-17,1.29404250833e-17,1.01211023882e-17,1.17651718321e-17,9.15428541639e-18,7.85852683916e-18,4.83255746979e-18,2.40396697866e-18,1.0509306935e-18,2.44578307827e-19,2.64149013379e-20],"var":[0.00011644767801,0.0713675245643,3.4009783268,70.6052322388,33.9121780396,104.188537598,749.113525391,3152.10375977,4588.93359375,3957.41845703,5461.11083984,13277.9228516,49726.3789062,70005.5390625,48728.6367188,10774.7861328,1632.23083496,1092.35852051,14030.5791016,2334.84814453,9149.77734375,26202.2890625,3077.66040039,1786.68920898,1461.74963379,783.755187988,2810.52807617,2149.37231445,3700.58862305,788.234191895,181.133117676,84.1945877075,1.091786623,0.522537469864,0.192353606224,0.00185190164484,0.0000839693602757,0.00000324298866872,5.89750328572e-8,1.35279076829e-9]},"erbbands_crest":{"dmean":2.80232071877,"dmean2":4.55529403687,"dvar":7.80836725235,"dvar2":19.9997653961,"max":33.9756507874,"mean":15.064037323,"median":14.270242691,"min":2.05985450745,"var":49.6051712036},"erbbands_flatness_db":{"dmean":0.0194210223854,"dmean2":0.0302506759763,"dvar":0.000505617063027,"dvar2":0.00115774211008,"max":0.535260379314,"mean":0.254377633333,"median":0.25516462326,"min":0.0244655199349,"var":0.0130031760782},"erbbands_kurtosis":{"dmean":3.12574720383,"dmean2":5.09103536606,"dvar":24.1957988739,"dvar2":60.2667808533,"max":91.1321334839,"mean":6.92413663864,"median":2.39635181427,"min":-1.69472026825,"var":130.695236206},"erbbands_skewness":{"dmean":0.51227915287,"dmean2":0.821528255939,"dvar":0.308198928833,"dvar2":0.782745659351,"max":6.50097942352,"mean":0.142835989594,"median":0.230950802565,"min":-5.4364938736,"var":2.45142602921},"erbbands_spread":{"dmean":4.02612400055,"dmean2":6.53625535965,"dvar":28.7005958557,"dvar2":72.7750473022,"max":115.164779663,"mean":20.240524292,"median":13.0693006516,"min":0.273965597153,"var":487.18560791},"gfcc":{"cov":[[15655.7578125,3461.38647461,-4695.52783203,-720.323791504,-711.218200684,-786.606567383,-154.421920776,-282.862030029,-243.145431519,-340.594848633,8.43882465363,137.2837677,549.403442383],[3461.38647461,2606.27636719,-353.30960083,-977.709655762,28.057718277,-32.2575416565,228.126419067,-136.849533081,-410.014526367,-377.13079834,-70.1934661865,-124.735023499,156.327667236],[-4695.52783203,-353.30960083,2769.11108398,433.832366943,188.443130493,405.11831665,124.336044312,145.040435791,-16.6297588348,-36.0987625122,-191.59602356,-245.140853882,-358.146728516],[-720.323791504,-977.709655762,433.832366943,1299.34936523,163.514678955,-196.484161377,-183.77557373,182.487823486,371.209686279,143.160720825,-180.676025391,-122.541244507,-204.075119019],[-711.218200684,28.057718277,188.443130493,163.514678955,352.527374268,70.9529342651,18.510181427,10.3010921478,3.9829583168,-23.6839027405,-54.1389427185,-67.5228652954,-38.4755821228],[-786.606567383,-32.2575416565,405.11831665,-196.484161377,70.9529342651,369.518615723,156.807418823,-45.0871353149,-137.073165894,-78.9920272827,-10.4551391602,-16.6191120148,-34.5562324524],[-154.421920776,228.126419067,124.336044312,-183.77557373,18.510181427,156.807418823,251.394836426,38.9467391968,-134.804168701,-144.580322266,-28.3221263885,-21.8647460938,25.4699497223],[-282.862030029,-136.849533081,145.040435791,182.487823486,10.3010921478,-45.0871353149,38.9467391968,172.097503662,99.9188156128,-13.6867771149,-71.5073242188,-40.1186561584,-37.2559013367],[-243.145431519,-410.014526367,-16.6297588348,371.209686279,3.9829583168,-137.073165894,-134.804168701,99.9188156128,273.835235596,145.999847412,-38.8333244324,-17.6886959076,-58.9254951477],[-340.594848633,-377.13079834,-36.0987625122,143.160720825,-23.6839027405,-78.9920272827,-144.580322266,-13.6867771149,145.999847412,221.915588379,94.3008651733,40.1943626404,-28.1946353912],[8.43882465363,-70.1934661865,-191.59602356,-180.676025391,-54.1389427185,-10.4551391602,-28.3221263885,-71.5073242188,-38.8333244324,94.3008651733,210.623001099,131.489532471,57.0262374878],[137.2837677,-124.735023499,-245.140853882,-122.541244507,-67.5228652954,-16.6191120148,-21.8647460938,-40.1186561584,-17.6886959076,40.1943626404,131.489532471,168.419876099,90.6379699707],[549.403442383,156.327667236,-358.146728516,-204.075119019,-38.4755821228,-34.5562324524,25.4699497223,-37.2559013367,-58.9254951477,-28.1946353912,57.0262374878,90.6379699707,148.017272949]],"icov":[[0.000933322357014,-0.00192682654597,0.00181893678382,-0.00203876150772,0.00232157553546,-0.00216220295988,0.00160209741443,-0.00122004433069,0.00137706275564,-0.000703973870259,0.000291770265903,-0.000436369824456,0.000245834060479],[-0.00192682654597,0.00496397074312,-0.00383756053634,0.00499266013503,-0.00515439035371,0.00559114478528,-0.00358054158278,0.00323466560803,-0.00295878946781,0.00275190826505,-0.000843332963996,0.00218763691373,-0.000765352917369],[0.00181893678382,-0.00383756053634,0.00424518575892,-0.00420016609132,0.00454164389521,-0.00499385502189,0.0033249813132,-0.00322718732059,0.00352051132359,-0.00193151726853,0.000811303558294,-0.000930257723667,0.00170339585748],[-0.00203876150772,0.00499266013503,-0.00420016609132,0.00692824507132,-0.00614573294297,0.0065621547401,-0.00390681903809,0.00328986439854,-0.00461340136826,0.00234083808027,0.00061532354448,0.000628191977739,0.0011060788529],[0.00232157553546,-0.00515439035371,0.00454164389521,-0.00614573294297,0.00949074979872,-0.00702331168577,0.00460429955274,-0.00325726671144,0.0034356971737,-0.00153802335262,-0.000244227005169,0.000639347417746,-0.000664926192258],[-0.00216220295988,0.00559114478528,-0.00499385502189,0.0065621547401,-0.00702331168577,0.0127647127956,-0.00846046023071,0.00669046444818,-0.00300230295397,0.00157366134226,0.00168489874341,-0.00096217385726,0.00242346501909],[0.00160209741443,-0.00358054158278,0.0033249813132,-0.00390681903809,0.00460429955274,-0.00846046023071,0.0146830910817,-0.00875433254987,0.00523363146931,0.00297225220129,-0.00304456683807,0.00258043501526,-0.00277210515924],[-0.00122004433069,0.00323466560803,-0.00322718732059,0.00328986439854,-0.00325726671144,0.00669046444818,-0.00875433254987,0.0160871446133,-0.0098621584475,0.00458520138636,0.000667502928991,0.000081201105786,0.000750639068428],[0.00137706275564,-0.00295878946781,0.00352051132359,-0.00461340136826,0.0034356971737,-0.00300230295397,0.00523363146931,-0.0098621584475,0.018893558532,-0.0116647174582,0.00679231295362,-0.00371153675951,0.00193606456742],[-0.000703973870259,0.00275190826505,-0.00193151726853,0.00234083808027,-0.00153802335262,0.00157366134226,0.00297225220129,0.00458520138636,-0.0116647174582,0.020425606519,-0.0123032750562,0.00669432710856,-0.00124157627579],[0.000291770265903,-0.000843332963996,0.000811303558294,0.00061532354448,-0.000244227005169,0.00168489874341,-0.00304456683807,0.000667502928991,0.00679231295362,-0.0123032750562,0.0194690078497,-0.0135262943804,0.00478336494416],[-0.000436369824456,0.00218763691373,-0.000930257723667,0.000628191977739,0.000639347417746,-0.00096217385726,0.00258043501526,0.000081201105786,-0.00371153675951,0.00669432710856,-0.0135262943804,0.0220535043627,-0.0110531346872],[0.000245834060479,-0.000765352917369,0.00170339585748,0.0011060788529,-0.000664926192258,0.00242346501909,-0.00277210515924,0.000750639068428,0.00193606456742,-0.00124157627579,0.00478336494416,-0.0110531346872,0.0188169945031]],"mean":[-201.261367798,106.719261169,-99.0641479492,-33.341632843,-50.4232673645,2.1530790329,-24.990530014,4.23178195953,-25.4141578674,-0.998638570309,-11.0504550934,4.65869188309,-2.53987908363]},"hfc":{"dmean":5.36327981949,"dmean2":8.03283405304,"dvar":346.90447998,"dvar2":731.479980469,"max":911.528015137,"mean":11.0748806,"median":1.96536755562,"min":1.07248221435e-16,"var":1111.17016602},"melbands":{"dmean":[0.000022376245397,0.0000801370624686,0.0000794659426901,0.0000761309202062,0.00013183154806,0.0002195747511,0.000142903605592,0.000103677572042,0.0000950967223616,0.000117426840006,0.000162780168466,0.000169972525327,0.000111396671855,0.0000592151627643,0.0000193459054572,0.00000836961044115,0.00000908524634724,0.0000176953799382,0.000012997331396,0.00000665075776851,0.000012935453924,0.0000239497858274,0.0000140280862979,0.00000186224701793,0.00000410912070947,0.00000467228346679,0.00000131949252591,0.00000121069160741,0.00000156201917889,0.00000221763957597,0.00000243053932536,0.00000130668922793,6.06177763984e-7,3.67003252677e-7,3.1140754686e-7,1.88388227684e-7,1.26539262624e-7,4.01028934505e-8,2.53839296249e-8,2.39732322882e-8],"dmean2":[0.0000378801960323,0.000134190486278,0.000130559797981,0.000130743064801,0.000215916443267,0.000356089905836,0.00023018574575,0.000175776920514,0.00016419775784,0.00020560802659,0.000275939673884,0.00027889807825,0.000183737196494,0.0000941920516198,0.000029883640309,0.0000131126225824,0.0000147810924318,0.000025789706342,0.0000184983837244,0.0000108195872599,0.0000191182116396,0.0000374884075427,0.0000195517623069,0.00000283094459519,0.00000670035569783,0.00000779154652264,0.00000197863096218,0.00000198643124349,0.00000224357268053,0.00000358624834007,0.0000037556199004,0.00000213087082557,8.07065077879e-7,5.26223686848e-7,4.23432567231e-7,2.78094660189e-7,1.95175289264e-7,6.71108395522e-8,4.39372769279e-8,3.49459661209e-8],"dvar":[3.25277653701e-8,3.52311957386e-7,0.00000152223628902,2.83509479004e-7,5.88592058648e-7,0.00000128724809656,7.16785280019e-7,5.45310172129e-7,4.72667920803e-7,7.8386841551e-7,0.00000119918445307,7.79065089773e-7,5.88366617649e-7,1.08012208955e-7,1.07296864726e-8,3.34567884508e-9,2.76056910664e-9,1.29593775711e-8,7.80332154449e-9,2.31499930337e-9,7.41783878766e-9,2.09510773175e-8,7.01139102333e-9,2.49485931914e-10,1.12022147114e-9,1.22849819206e-9,1.1481880724e-10,4.41580549904e-10,9.54953671695e-10,7.39813321715e-10,6.50812348457e-10,1.52325974057e-9,1.80706893893e-10,1.00206169751e-10,6.36247721175e-11,1.35847878086e-11,1.30096046783e-11,6.77266890573e-13,3.69702478267e-13,4.76427979099e-13],"dvar2":[9.09872426291e-8,8.75795024058e-7,0.00000408262076235,8.13645783637e-7,0.00000153252676682,0.00000301381692225,0.00000170300688751,0.00000140896656831,0.00000129316572384,0.00000212501026908,0.00000326841768583,0.00000201145712708,0.00000152312122736,2.4582695346e-7,2.1148832019e-8,6.83246526023e-9,6.9604810804e-9,2.45099993634e-8,1.21620269411e-8,6.26107210522e-9,1.4496269074e-8,4.95110654697e-8,1.08377200547e-8,5.0712678501e-10,2.66029376306e-9,3.08329495269e-9,2.42297265585e-10,1.16350418189e-9,2.28673480152e-9,1.89232651771e-9,1.55650592415e-9,3.99482669167e-9,3.40767414286e-10,2.0418794433e-10,1.35469219176e-10,3.08984018926e-11,2.47755219118e-11,1.88618001426e-12,1.13500376632e-12,1.02033594247e-12],"max":[0.00848105922341,0.0264188107103,0.0933065786958,0.0165447611362,0.0335151255131,0.049127869308,0.0229599438608,0.0233515948057,0.0239172596484,0.0321576744318,0.0395539589226,0.0245343260467,0.0389682129025,0.0167861375958,0.00572846550494,0.00430919416249,0.00177261396311,0.00422836467624,0.00554667413235,0.00199716514908,0.0042895548977,0.00492582842708,0.00361716514453,0.00100776273757,0.00181139761116,0.00161654734984,0.000553938094527,0.0015588341048,0.00212746835314,0.00200630677864,0.00200459267944,0.00295442226343,0.000911444891244,0.00083756778622,0.000710104883183,0.000235559389694,0.000309254683089,0.0000572645149077,0.00004050460484,0.000060011894675],"mean":[0.0000309901988658,0.000151291911607,0.000149842002429,0.0000875690457178,0.000176147033926,0.000285961054033,0.000176380141056,0.000105904997326,0.0000902284882613,0.000109069282189,0.000215249267058,0.000334384589223,0.000236360836425,0.000114887669042,0.0000262694429694,0.0000132960576593,0.0000121089979075,0.0000255107825069,0.0000201785478566,0.00000926405300561,0.0000197325989575,0.000029149103284,0.0000214148094528,0.00000265629341811,0.00000417339288106,0.00000495251242683,0.00000183309941804,0.00000139652479447,0.00000186628324172,0.00000242589158006,0.00000286283398054,0.00000167223868175,9.22008837279e-7,5.01661929775e-7,4.05598939324e-7,2.9707391036e-7,1.96801579477e-7,4.53269883849e-8,2.98983131586e-8,2.84379666482e-8],"median":[0.00000306777064907,0.00000536046582056,0.00000520472167409,0.0000046986315283,0.0000154654389917,0.0000173265470949,0.0000159180872288,0.00000849977004691,0.00000570295924263,0.0000105512090158,0.0000247104708251,0.0000192399566004,0.00000651155778542,0.00000367177699445,0.0000016537449028,9.48855756633e-7,7.24822768916e-7,6.08191783158e-7,3.03234799048e-7,1.24510236788e-7,4.4063465765e-8,2.74537104161e-8,2.70997908558e-8,1.87544433317e-8,1.21162715416e-8,9.16630416015e-9,1.10684172938e-8,7.57998108725e-9,4.20972101622e-9,2.22811213924e-9,1.63356239646e-9,1.30537347598e-9,1.20981646923e-9,1.24770271892e-9,1.29320987252e-9,1.34280520037e-9,1.39850286907e-9,1.46081990948e-9,1.534935401e-9,1.61220248263e-9],"min":[2.50858004519e-24,3.43551014705e-24,1.53484465645e-24,1.36146722897e-24,2.72122065763e-24,3.66643182212e-24,2.53674790153e-24,2.565767136e-24,2.2586842932e-24,2.59157846761e-24,2.77839137959e-24,3.10113922503e-24,3.06079175074e-24,4.67385965733e-24,6.88292657175e-24,5.69289281976e-24,5.68274294092e-24,4.73836915229e-24,5.08745390791e-24,4.51856331624e-24,5.11879377396e-24,4.8472745557e-24,7.3347387666e-24,4.8172473542e-24,4.07008169212e-24,5.60881484119e-24,6.6377265143e-24,4.46814682136e-24,4.77034484022e-24,5.90539262053e-24,4.83756565011e-24,7.16850999665e-24,7.98321319627e-24,6.93162295542e-24,7.21605306569e-24,5.28654583431e-24,5.93048668036e-24,7.27626839631e-24,7.02116497905e-24,6.97541262427e-24],"var":[2.88802564086e-8,5.40858650311e-7,0.00000172631769146,2.46680315286e-7,6.40605946955e-7,0.0000015836875491,9.29213399559e-7,4.9966700999e-7,3.87517303579e-7,5.73496492962e-7,0.00000136652079163,0.00000125812221086,7.77160948928e-7,2.23108571618e-7,1.86966744309e-8,1.28096262486e-8,3.59300145192e-9,2.88396897474e-8,2.11454587173e-8,4.06335409764e-9,1.85949406983e-8,3.11608623349e-8,2.28369128052e-8,4.78384831748e-10,1.38578648556e-9,1.61065050186e-9,2.2115809184e-10,4.27684748727e-10,1.44583378603e-9,1.38201239341e-9,8.4946244483e-10,1.85779713835e-9,4.51371606758e-10,2.13887671463e-10,1.16616577506e-10,2.64145059992e-11,2.52920566435e-11,6.47723953466e-13,3.07799711283e-13,5.74563237699e-13]},"melbands_crest":{"dmean":3.10303330421,"dmean2":5.14436340332,"dvar":7.99769449234,"dvar2":21.9805603027,"max":35.0047836304,"mean":15.3657464981,"median":15.0392684937,"min":1.68552303314,"var":29.6116924286},"melbands_flatness_db":{"dmean":0.0237728729844,"dmean2":0.0372259765863,"dvar":0.000628330511972,"dvar2":0.00145235692617,"max":0.530815124512,"mean":0.306767463684,"median":0.312371939421,"min":0.00385687081143,"var":0.00936384871602},"melbands_kurtosis":{"dmean":6.04354476929,"dmean2":10.0341835022,"dvar":107.70009613,"dvar2":291.631835938,"max":193.640869141,"mean":11.6972455978,"median":4.33438825607,"min":-1.91177630424,"var":324.432220459},"melbands_skewness":{"dmean":0.672933995724,"dmean2":1.09129464626,"dvar":0.477926582098,"dvar2":1.26291334629,"max":10.4996290207,"mean":1.19644832611,"median":0.975865244865,"min":-6.30778694153,"var":5.73812818527},"melbands_spread":{"dmean":3.9922606945,"dmean2":6.39963102341,"dvar":37.3890914917,"dvar2":91.7484741211,"max":165.996383667,"mean":13.8608360291,"median":10.0466518402,"min":0.529588341713,"var":258.042999268},"mfcc":{"cov":[[13434.2792969,1937.87072754,-3982.78759766,-316.671478271,-1015.20593262,-760.025146484,-546.24810791,-257.063049316,-153.987731934,-346.727752686,-487.858093262,-106.603744507,-263.861846924],[1937.87072754,3057.97265625,-171.712020874,-829.61138916,-355.424591064,-139.347686768,457.772399902,89.7392501831,-121.488250732,-109.861022949,-353.055938721,-427.982849121,-81.6511230469],[-3982.78759766,-171.712020874,2076.84863281,307.85067749,299.803222656,236.07069397,192.536224365,178.697662354,122.304824829,187.992111206,166.576721191,-77.7237243652,-8.24485206604],[-316.671478271,-829.61138916,307.85067749,986.092956543,377.19229126,-59.191696167,-275.5909729,-8.4245300293,211.939697266,156.959747314,189.109619141,149.379928589,-83.4773864746],[-1015.20593262,-355.424591064,299.803222656,377.19229126,377.126281738,118.569000244,-64.1453781128,-20.1875286102,78.7373657227,81.0207901001,115.143501282,78.4676361084,-8.08646678925],[-760.025146484,-139.347686768,236.07069397,-59.191696167,118.569000244,251.652114868,133.652954102,19.3771762848,-21.9932346344,-2.97329211235,17.3340415955,-2.54693436623,12.9105195999],[-546.24810791,457.772399902,192.536224365,-275.5909729,-64.1453781128,133.652954102,368.08581543,147.610336304,-45.8655509949,-35.7310638428,-112.212295532,-153.786346436,16.5715370178],[-257.063049316,89.7392501831,178.697662354,-8.4245300293,-20.1875286102,19.3771762848,147.610336304,219.293273926,93.6335983276,8.15828609467,-39.2646522522,-84.5770339966,-51.8009796143],[-153.987731934,-121.488250732,122.304824829,211.939697266,78.7373657227,-21.9932346344,-45.8655509949,93.6335983276,195.745407104,89.1032104492,34.6931877136,-6.25740146637,-81.9026870728],[-346.727752686,-109.861022949,187.992111206,156.959747314,81.0207901001,-2.97329211235,-35.7310638428,8.15828609467,89.1032104492,158.212783813,79.672668457,-27.8561935425,-45.4943580627],[-487.858093262,-353.055938721,166.576721191,189.109619141,115.143501282,17.3340415955,-112.212295532,-39.2646522522,34.6931877136,79.672668457,171.468093872,101.184242249,-27.6401386261],[-106.603744507,-427.982849121,-77.7237243652,149.379928589,78.4676361084,-2.54693436623,-153.786346436,-84.5770339966,-6.25740146637,-27.8561935425,101.184242249,226.72328186,71.5828552246],[-263.861846924,-81.6511230469,-8.24485206604,-83.4773864746,-8.08646678925,12.9105195999,16.5715370178,-51.8009796143,-81.9026870728,-45.4943580627,-27.6401386261,71.5828552246,190.091125488]],"icov":[[0.000467184494482,-0.000501597940456,0.000822729314677,-0.000940979458392,0.0014250142267,-0.00118122366257,0.00138604547828,-0.00080113299191,0.000673912873026,-0.000296163430903,0.0003865637118,0.0000878485734574,0.0000998036848614],[-0.000501597940456,0.00127761194017,-0.000986032187939,0.00159454485402,-0.00210889661685,0.00260809645988,-0.00260609737597,0.00175912852865,-0.00104490935337,0.000515095889568,0.000201656221179,0.000196939130547,0.000577934726607],[0.000822729314677,-0.000986032187939,0.00225094333291,-0.00196947460063,0.00249225413427,-0.00271687447093,0.00232887500897,-0.00196312344633,0.00107941578608,-0.000569826515857,-0.000691701134201,0.00102392758708,-0.000653675117064],[-0.000940979458392,0.00159454485402,-0.00196947460063,0.00520831532776,-0.00590937165543,0.00492594297975,-0.00273245410062,0.00171490735374,-0.00219806446694,-0.000151590182213,0.000306862872094,-0.00125860911794,0.00123536237516],[0.0014250142267,-0.00210889661685,0.00249225413427,-0.00590937165543,0.0119829429314,-0.00857713446021,0.00509739527479,-0.00186082918663,0.000858857121784,-0.00075616495451,-0.00102576217614,0.000834137899801,-0.001548140659],[-0.00118122366257,0.00260809645988,-0.00271687447093,0.00492594297975,-0.00857713446021,0.0140521163121,-0.00970498658717,0.00530167575926,-0.00254761264659,0.0019127529813,-0.000641273683868,-0.00158211903181,0.00236018025316],[0.00138604547828,-0.00260609737597,0.00232887500897,-0.00273245410062,0.00509739527479,-0.00970498658717,0.0159031972289,-0.0103423362598,0.00656577013433,-0.00300387013704,0.00331745948642,0.00231953128241,-0.00190423906315],[-0.00080113299191,0.00175912852865,-0.00196312344633,0.00171490735374,-0.00186082918663,0.00530167575926,-0.0103423362598,0.0157259162515,-0.0107137653977,0.00617714319378,-0.00309271016158,0.00235466263257,0.000585143745411],[0.000673912873026,-0.00104490935337,0.00107941578608,-0.00219806446694,0.000858857121784,-0.00254761264659,0.00656577013433,-0.0107137653977,0.0179072320461,-0.0105213476345,0.00797560345381,-0.00555965863168,0.00473652780056],[-0.000296163430903,0.000515095889568,-0.000569826515857,-0.000151590182213,-0.00075616495451,0.0019127529813,-0.00300387013704,0.00617714319378,-0.0105213476345,0.019490480423,-0.0131918909028,0.010633491911,-0.00428904918954],[0.0003865637118,0.000201656221179,-0.000691701134201,0.000306862872094,-0.00102576217614,-0.000641273683868,0.00331745948642,-0.00309271016158,0.00797560345381,-0.0131918909028,0.0232303943485,-0.0127427838743,0.00805142521858],[0.0000878485734574,0.000196939130547,0.00102392758708,-0.00125860911794,0.000834137899801,-0.00158211903181,0.00231953128241,0.00235466263257,-0.00555965863168,0.010633491911,-0.0127427838743,0.0175216943026,-0.00802093558013],[0.0000998036848614,0.000577934726607,-0.000653675117064,0.00123536237516,-0.001548140659,0.00236018025316,-0.00190423906315,0.000585143745411,0.00473652780056,-0.00428904918954,0.00805142521858,-0.00802093558013,0.0114663252607]],"mean":[-862.028137207,172.237609863,-2.79306340218,-14.2411870956,-10.570066452,-6.73728227615,4.4287481308,0.567368149757,-0.516451835632,-3.12416553497,-8.66519927979,-3.33258032799,1.78933882713]},"pitch_salience":{"dmean":0.0701908171177,"dmean2":0.116605557501,"dvar":0.00412141159177,"dvar2":0.0115736629814,"max":0.868353188038,"mean":0.533997118473,"median":0.543529510498,"min":0.111506514251,"var":0.0197010561824},"silence_rate_20dB":{"dmean":0.000451365369372,"dmean2":0.000902832660358,"dvar":0.00045119432616,"dvar2":0.00135356443934,"max":1,"mean":0.999774336815,"median":1,"min":0,"var":0.000225587369641},"silence_rate_30dB":{"dmean":0.0115098170936,"dmean2":0.0230222325772,"dvar":0.0113751245663,"dvar2":0.027460930869,"max":1,"mean":0.986122071743,"median":1,"min":0,"var":0.0136835696176},"silence_rate_60dB":{"dmean":0.0442338064313,"dmean2":0.0884775966406,"dvar":0.0422739237547,"dvar2":0.0914731323719,"max":1,"mean":0.47602391243,"median":0,"min":0,"var":0.249424919486},"spectral_centroid":{"dmean":124.807617188,"dmean2":199.515136719,"dvar":46859.8125,"dvar2":106942.859375,"max":11619.3027344,"mean":931.986633301,"median":785.059997559,"min":166.11151123,"var":547536.625},"spectral_complexity":{"dmean":1.62423837185,"dmean2":2.53673410416,"dvar":6.7384724617,"dvar2":14.033033371,"max":58,"mean":7.44747829437,"median":5,"min":0,"var":70.4223937988},"spectral_contrast_coeffs":{"dmean":[0.0442180708051,0.0436984263361,0.034177582711,0.0260682273656,0.0170557107776,0.0133307157084],"dmean2":[0.0747574344277,0.0726855248213,0.0561548024416,0.0425527840853,0.0281046926975,0.0215699784458],"dvar":[0.0013906735694,0.00145527499262,0.00100268493406,0.000551946053747,0.000342037208611,0.000460664741695],"dvar2":[0.00385000626557,0.00376847013831,0.0025298257824,0.00140861573163,0.000869950803462,0.00103393895552],"max":[-0.261762022972,-0.325912028551,-0.395449697971,-0.514534831047,-0.502016425133,-0.462910979986],"mean":[-0.691958189011,-0.761022686958,-0.747156381607,-0.8087708354,-0.836514472961,-0.843187689781],"median":[-0.698349356651,-0.771737575531,-0.757742404938,-0.818082392216,-0.848958492279,-0.873329758644],"min":[-0.970734238625,-0.977036416531,-0.97086840868,-0.972366273403,-0.964894235134,-0.964734435081],"var":[0.00935203954577,0.00629966054112,0.0116725433618,0.00398398982361,0.00405993033201,0.00504027260467]},"spectral_contrast_valleys":{"dmean":[0.402634650469,0.348375886679,0.300952017307,0.270096242428,0.201564073563,0.11024568975],"dmean2":[0.674645364285,0.575105905533,0.485828727484,0.43577080965,0.333766549826,0.177907660604],"dvar":[0.119406692684,0.103555642068,0.0928627178073,0.0837899893522,0.0778563842177,0.0338781699538],"dvar2":[0.304807037115,0.227316915989,0.191139087081,0.171380251646,0.162450030446,0.059322219342],"max":[-5.54824209213,-3.84280729294,-4.73006248474,-5.26870059967,-5.22339487076,-8.4866065979],"mean":[-9.43099594116,-8.03758716583,-8.33794784546,-9.50618457794,-10.060344696,-12.4238243103],"median":[-9.51065158844,-7.77560806274,-7.95562934875,-9.38105106354,-10.3374490738,-12.5662345886],"min":[-28.2656497955,-27.7263832092,-27.6300029755,-27.4163970947,-27.4531745911,-27.4063148499],"var":[2.03824281693,3.00321221352,3.64515304565,2.93736362457,2.29554820061,0.863550841808]},"spectral_decrease":{"dmean":1.32978950074e-9,"dmean2":2.08677364277e-9,"dvar":2.29046179267e-17,"dvar2":5.72852154172e-17,"max":8.45821160744e-16,"mean":-2.68950639537e-9,"median":-8.66378913056e-10,"min":-1.64141198411e-7,"var":3.79267240852e-17},"spectral_energy":{"dmean":0.00547555694357,"dmean2":0.00855273287743,"dvar":0.000373151851818,"dvar2":0.000927326793317,"max":0.636526346207,"mean":0.0111553100869,"median":0.00350718107074,"min":9.94056627097e-21,"var":0.00064543064218},"spectral_energyband_high":{"dmean":0.000141197349876,"dmean2":0.0001972491591,"dvar":0.0000024453986498,"dvar2":0.00000413586531067,"max":0.127921938896,"mean":0.000239036075072,"median":0.0000012211653484,"min":7.0856824415e-21,"var":0.0000107204705273},"spectral_energyband_low":{"dmean":0.000364171399269,"dmean2":0.000594967859797,"dvar":0.0000136259868668,"dvar2":0.0000334274081979,"max":0.253373861313,"mean":0.000744864693843,"median":0.0000368566725228,"min":2.43856800876e-23,"var":0.0000178493446583},"spectral_energyband_middle_high":{"dmean":0.00283141969703,"dmean2":0.00444151181728,"dvar":0.000124456200865,"dvar2":0.0003126206866,"max":0.333567351103,"mean":0.00612173834816,"median":0.000769185484387,"min":1.37402939239e-21,"var":0.000231770696701},"spectral_energyband_middle_low":{"dmean":0.00317278737202,"dmean2":0.00513243349269,"dvar":0.000211165242945,"dvar2":0.000551036209799,"max":0.5480235219,"mean":0.00444095954299,"median":0.000759852409828,"min":1.53064928116e-22,"var":0.000255710736383},"spectral_entropy":{"dmean":0.164130747318,"dmean2":0.256450921297,"dvar":0.0321735516191,"dvar2":0.0723350197077,"max":9.81709480286,"mean":6.7170214653,"median":6.60898399353,"min":4.66464805603,"var":0.763052761555},"spectral_flux":{"dmean":0.0134551888332,"dmean2":0.0214403886348,"dvar":0.000872045289725,"dvar2":0.00188232259825,"max":0.509601354599,"mean":0.039725586772,"median":0.0237342305481,"min":6.51113815642e-11,"var":0.00291656679474},"spectral_kurtosis":{"dmean":5.77273797989,"dmean2":9.56984138489,"dvar":66.9737625122,"dvar2":182.66444397,"max":142.083770752,"mean":25.851234436,"median":17.7938327789,"min":-1.25180029869,"var":586.627807617},"spectral_rms":{"dmean":0.000510269484948,"dmean2":0.000764407741372,"dvar":0.00000117589729598,"dvar2":0.00000259343892139,"max":0.0249198973179,"mean":0.00234441435896,"median":0.00184976751916,"min":3.11417927036e-12,"var":0.00000538695303476},"spectral_rolloff":{"dmean":258.694091797,"dmean2":447.287353516,"dvar":700478.3125,"dvar2":1939195.5,"max":21145.6054688,"mean":1283.88586426,"median":904.39453125,"min":43.06640625,"var":5050769},"spectral_skewness":{"dmean":0.409574598074,"dmean2":0.672062397003,"dvar":0.237215816975,"dvar2":0.640246450901,"max":9.92249202728,"mean":3.62831473351,"median":3.39515709877,"min":-0.0458388440311,"var":3.49430561066},"spectral_spread":{"dmean":332182.4375,"dmean2":539088.8125,"dvar":240315219968,"dvar2":469547581440,"max":42059536,"mean":3851771,"median":2479237,"min":636475.0625,"var":12481259896800},"spectral_strongpeak":{"dmean":0.538813769817,"dmean2":0.89528554678,"dvar":1.39145028591,"dvar2":3.43661546707,"max":27.0802974701,"mean":1.1298828125,"median":0.410651117563,"min":0,"var":3.7669916153},"zerocrossingrate":{"dmean":0.00666403071955,"dmean2":0.00870827957988,"dvar":0.000111904249934,"dvar2":0.000200674927328,"max":0.5546875,"mean":0.0558841004968,"median":0.04248046875,"min":0.00537109375,"var":0.00242898869328}},"metadata":{"audio_properties":{"analysis_sample_rate":44100,"bit_rate":0,"codec":"flac","downmix":"mix","equal_loudness":0,"length":205.773330688,"lossless":true,"md5_encoded":"e6709f949c7d16ecc256b274aedeed5e","replay_gain":-1.46464347839},"tags":{"acoustid_id":["7ec51328-469d-4daa-8d3c-7ed0f68ea5f9"],"album":["SYR 4: Goodbye 20th Century"],"albumartist":["Sonic Youth"],"albumartistsort":["Sonic Youth"],"artist":["Sonic Youth"],"artists":["Sonic Youth"],"artistsort":["Sonic Youth"],"asin":["B00002R0NC"],"catalognumber":["SYR 4"],"composer":["Cornelius Cardew"],"composersort":["Cardew, Cornelius"],"date":["1999-11-16"],"discnumber":["2"],"disctotal":["2"],"file_name":"07 - Treatise.flac","label":["Sonic Youth Records"],"media":["CD"],"musicbrainz_albumartistid":["5cbef01b-cc35-4f52-af7b-d0df0c4f61b9"],"musicbrainz_albumid":["4dcf808b-1a50-40b5-ba13-b84a1c42b558"],"musicbrainz_artistid":["5cbef01b-cc35-4f52-af7b-d0df0c4f61b9"],"musicbrainz_recordingid":["8ab06d5d-4afc-4acf-939e-cf3d437afe2b"],"musicbrainz_releasegroupid":["fd04b057-c78d-34f6-b1f5-d9e2c4bf8c78"],"musicbrainz_releasetrackid":["5fafa2d5-346c-362a-b642-c3e740be223d"],"musicbrainz_workid":["9a21b284-7ba0-3e62-bb49-69e9b42edc8f"],"originaldate":["1999"],"releasecountry":["US"],"releasestatus":["official"],"releasetype":["album"],"script":["Latn"],"title":["Treatise"],"totaldiscs":["2"],"totaltracks":["7"],"tracknumber":["7"],"tracktotal":["7"],"work":["Treatise"]},"version":{"essentia":"2.1-beta1","essentia_build_sha":"85931cb11b241c07ac43bfc3827c398894034a25","essentia_git_sha":"v2.1_beta1-6-g5578087","extractor":"music 1.0"}},"rhythm":{"beats_count":392,"beats_loudness":{"dmean":0.0165761243552,"dmean2":0.0298758801073,"dvar":0.00143997150008,"dvar2":0.0041646421887,"max":0.279629647732,"mea