{"lowlevel":{"average_loudness":0.97586107254,"barkbands":{"dmean":[0.000248754629865,0.00499390019104,0.00336025003344,0.00224632513709,0.00193649111316,0.00165317975916,0.000836145016365,0.000395570968976,0.00083486380754,0.000306982838083,0.000305943191051,0.000252477737376,0.000313618016662,0.000314464705298,0.000348146335455,0.000399361684686,0.000460308190668,0.000404155784054,0.000414337584516,0.000325137021719,0.000236765074078,0.000176092755282,0.000147161947098,0.0000975872681011,0.0000476503337268,0.0000195233515115,0.00000258500472228],"dmean2":[0.000405212282203,0.00803552009165,0.00621511461213,0.00391708873212,0.00324758165516,0.00265632732771,0.00137426203582,0.000643024686724,0.00127395289019,0.000496822292916,0.000490211416036,0.000407315703342,0.000496157852467,0.000511047022883,0.000566481263377,0.000651057751384,0.000775204855017,0.000677403586451,0.000687125255354,0.000533762213308,0.000368738925317,0.000268927629804,0.000225090669119,0.00014882007963,0.0000712029941496,0.0000309623901558,0.00000455514737041],"dvar":[1.98269006546e-7,0.0000613106167293,0.0000416289512941,0.0000110070996016,0.00000867377912073,0.00000735938283469,0.00000221611480811,8.56745259625e-7,0.00000395772849515,3.96648687229e-7,1.9768165771e-7,1.89283909435e-7,6.26039707186e-7,3.96060528374e-7,4.5539684379e-7,3.81920301606e-7,2.27947253961e-7,1.51089651013e-7,1.60909067404e-7,1.11827660021e-7,7.32965190764e-8,4.80385544677e-8,5.52401822063e-8,2.58234464923e-8,5.55415713421e-9,1.60702118279e-9,3.48394021965e-11],"dvar2":[4.79016421195e-7,0.000141416632687,0.000117894443974,0.0000291701726383,0.0000228046974371,0.0000170838702616,0.00000559627687835,0.00000205037008527,0.00000805199215392,9.17473983009e-7,4.80195069485e-7,4.56219055422e-7,0.00000139001519983,9.54724100666e-7,0.00000108038409508,8.60492377797e-7,6.09927155892e-7,4.09167540738e-7,4.26816086474e-7,2.89393909725e-7,1.69787597315e-7,1.05636928538e-7,1.12555362364e-7,5.60492807722e-8,1.27367263403e-8,4.03720079589e-9,9.3456346828e-11],"max":[0.00338089815341,0.0550206527114,0.0466254204512,0.0306603088975,0.0420776605606,0.0410204678774,0.0366609357297,0.0256294310093,0.0447981692851,0.0155879678205,0.00817476399243,0.0113906245679,0.0202621165663,0.0111418124288,0.0126696722582,0.0149790393189,0.0104701546952,0.00489947246388,0.00511548994109,0.00500940950587,0.00350502831861,0.00588801177219,0.00795883405954,0.00500920368358,0.00182701472659,0.000885702262167,0.0000932433031267],"mean":[0.000212157392525,0.00577339297161,0.00282054417767,0.0022538958583,0.00264606322162,0.0030610836111,0.00138456013519,0.000597905076575,0.00139206100721,0.000521383539308,0.000555777514819,0.00048295839224,0.00051130639622,0.000521076377481,0.000611633062363,0.000819998909719,0.00108008470852,0.00103550136555,0.00112814560998,0.000897281337529,0.000608099682722,0.000427908729762,0.000342058163369,0.000223808878218,0.000103789607238,0.0000248663163802,0.00000196329961],"median":[0.0000333919888362,0.00252884416841,0.00110321422108,0.00100292661227,0.00160040182527,0.00175061554182,0.000908931484446,0.000355828029569,0.000606712885201,0.000298338622088,0.000369462941308,0.00030732457526,0.000252570171142,0.000309363007545,0.000391090114135,0.000598626560532,0.000964042730629,0.000954382354394,0.00103828636929,0.000818451866508,0.000480681308545,0.00029554462526,0.000233746541198,0.000149280764163,0.0000787028257037,0.0000117231065815,2.6605715675e-7],"min":[4.07650035749e-25,2.38461548431e-24,9.62267323331e-25,1.27539284067e-24,7.7250489987e-24,8.27838049231e-24,5.40041277839e-24,7.93294619053e-24,9.37348351183e-24,1.63416891029e-23,1.66150167848e-23,2.39056061619e-23,2.40997416753e-23,3.91455027048e-23,2.84745339082e-23,5.27176179209e-23,6.95796144333e-23,1.05900297744e-22,1.06040639255e-22,1.38172269211e-22,1.9742359918e-22,2.92702610588e-22,3.86369253414e-22,6.30045761708e-22,8.19563523114e-22,1.31769730216e-21,1.98320126346e-21],"var":[1.84280068538e-7,0.0000683788966853,0.0000273517653113,0.0000102006879388,0.0000104162772914,0.0000169722407009,0.00000348010939888,0.00000126384486521,0.0000078066586866,7.55928510898e-7,4.10543179896e-7,4.57290610711e-7,0.00000110789494556,6.16851821178e-7,7.47637557197e-7,8.42647807531e-7,4.30647588701e-7,3.31977105361e-7,3.82882376471e-7,2.49034286526e-7,2.00561387942e-7,1.68148190482e-7,1.60262345617e-7,6.80504257389e-8,1.04956621172e-8,1.6506656042e-9,2.4849433275e-11]},"barkbands_crest":{"dmean":2.8095138073,"dmean2":4.55290174484,"dvar":7.52299499512,"dvar2":18.0086269379,"max":24.3822422028,"mean":7.51014614105,"median":6.53290939331,"min":2.14232826233,"var":13.9071559906},"barkbands_flatness_db":{"dmean":0.0184904430062,"dmean2":0.029123980552,"dvar":0.000338236655807,"dvar2":0.000774237560108,"max":0.284957021475,"mean":0.0843257978559,"median":0.0775365680456,"min":0.0184538159519,"var":0.000932790630031},"barkbands_kurtosis":{"dmean":1.38698101044,"dmean2":2.30863332748,"dvar":9.92972278595,"dvar2":23.9943122864,"max":130.964309692,"mean":0.154981121421,"median":-0.898032069206,"min":-1.85107040405,"var":18.7949962616},"barkbands_skewness":{"dmean":0.516850411892,"dmean2":0.801158249378,"dvar":0.302799224854,"dvar2":0.68720215559,"max":10.7056474686,"mean":0.746523678303,"median":0.623853087425,"min":-3.65686202049,"var":0.822598099709},"barkbands_spread":{"dmean":7.2946472168,"dmean2":11.5851411819,"dvar":53.0595397949,"dvar2":129.090515137,"max":98.1282043457,"mean":39.602394104,"median":39.9658355713,"min":2.15526676178,"var":161.5390625},"dissonance":{"dmean":0.00677200034261,"dmean2":0.0114804720506,"dvar":0.000048803332902,"dvar2":0.000134592308314,"max":0.500000119209,"mean":0.488124549389,"median":0.490505516529,"min":0.368822962046,"var":0.0000916491335374},"dynamic_complexity":1.56323254108,"erbbands":{"dmean":[0.151475563645,1.21255481243,3.55282282829,5.85274791718,8.20762825012,5.96410036087,8.8418712616,15.2528400421,11.8054122925,10.219461441,9.11176681519,18.6417980194,14.4784946442,9.63498306274,11.3688354492,9.29037666321,12.9606466293,14.3327131271,15.7112426758,17.6940422058,22.4657840729,25.122674942,21.9879245758,18.97397995,19.3860969543,15.6868009567,11.9157676697,7.77287864685,6.33574533463,5.87897729874,3.98212456703,2.6452767849,1.32907009125,0.660505056381,0.288941085339,0.116161808372,0.0292441472411,0.00515051325783,0.000447495578555,0.000020813975425],"dmean2":[0.242796212435,2.02472615242,6.52445411682,10.5744361877,13.7525262833,9.99590301514,14.428604126,24.4528579712,19.2215213776,16.838312149,14.5598192215,28.9712352753,22.2153511047,15.3628501892,18.2171077728,14.7924165726,20.5560798645,22.1213722229,25.4589862823,28.1500644684,37.0103263855,42.2216339111,36.8382644653,31.3031349182,31.9904594421,25.6756076813,19.0942382812,11.9647064209,9.69111537933,8.98048496246,6.10126447678,4.06895208359,2.05267763138,1.01543998718,0.427120953798,0.177649438381,0.0470929555595,0.00865332502872,0.00078675133409,0.0000336774137395],"dvar":[0.0668221116066,3.8307595253,44.8886032104,95.62474823,161.337753296,87.6231536865,174.128555298,839.598632812,574.63470459,294.49118042,491.39239502,2582.45166016,1373.18786621,218.192840576,356.224578857,238.608459473,1085.35693359,1116.44763184,867.201965332,1083.41455078,914.260742188,679.387268066,458.412994385,337.580535889,389.382202148,264.064117432,177.52482605,84.975730896,60.0827827454,75.3596801758,43.8689842224,21.0385818481,4.63569974899,1.06156921387,0.206387400627,0.0464557930827,0.0044350172393,0.000117563635285,0.0000011185245512,8.43723202415e-10],"dvar2":[0.155730709434,9.68820381165,126.840919495,268.130737305,387.413299561,231.477676392,427.161590576,1911.33959961,1412.65380859,719.530395508,1195.0838623,5600.21289062,2900.51977539,528.589172363,821.727233887,562.215209961,2546.90893555,2438.33325195,2117.39575195,2405.80981445,2232.05615234,1802.26611328,1248.91723633,891.807495117,1032.21704102,685.05682373,427.498901367,196.135391235,132.923370361,166.921218872,89.179359436,44.3514175415,10.561164856,2.47013664246,0.464609473944,0.112965889275,0.0114461928606,0.000304060406052,0.00000300212786897,2.14272644072e-9],"max":[2.21368694305,14.3671751022,48.707736969,75.7641983032,165.058517456,252.680328369,277.088012695,504.552307129,643.831237793,548.494934082,572.757629395,1337.17749023,758.354797363,317.416534424,516.130859375,425.038085938,885.369262695,834.597167969,633.798095703,761.995605469,681.615539551,471.704437256,268.03503418,245.935577393,300.828155518,206.655731201,180.611938477,125.157272339,173.202407837,355.859130859,241.970855713,155.103881836,60.2045783997,23.1817531586,10.4804782867,5.17336320877,1.44051361084,0.225061297417,0.0202983394265,0.000450183491921],"mean":[0.151991844177,1.33635222912,3.23179602623,5.58762979507,9.44686317444,8.37927436829,14.1466150284,27.4733886719,21.2904567719,16.906288147,15.0086622238,29.2379703522,25.4128704071,18.9912204742,22.2191238403,19.0698261261,22.6229667664,25.9614048004,29.619342804,35.7514801025,51.0214118958,62.387260437,58.779712677,54.1234855652,53.9828453064,43.2006263733,31.2078781128,19.2181434631,15.175198555,13.5737028122,9.08633995056,5.94204187393,2.95454216003,1.45789372921,0.588322043419,0.173758119345,0.0342329367995,0.00505279423669,0.000360255449777,0.0000494130872539],"median":[0.0460044294596,0.624615848064,1.49501824379,2.8259768486,4.17817497253,5.12679004669,8.97950172424,13.3545417786,13.5680351257,11.6984968185,9.3809595108,13.0617294312,11.1703691483,12.7947282791,13.1622896194,12.6503639221,11.9732294083,13.9890155792,20.0880832672,23.813457489,41.2552871704,56.0542449951,54.2011947632,49.7354202271,49.6044692993,39.3961639404,26.2569885254,14.5806789398,10.5766468048,8.86673164368,6.19559192657,3.9505636692,2.00877189636,1.10484910011,0.42686778307,0.0994366779923,0.0147132491693,0.00160901458003,0.0000702654797351,0.0000425835023634],"min":[9.19130618319e-23,4.91114456845e-22,9.47416545051e-22,5.1548421551e-21,8.34371267769e-21,2.77440610289e-20,3.29941537585e-20,8.2964212111e-20,6.12203738428e-20,1.76347591218e-19,2.67367004456e-19,3.07866594427e-19,4.68780779023e-19,7.76184307404e-19,7.59391920583e-19,1.17296320171e-18,1.25570690556e-18,2.37848588668e-18,2.04441596821e-18,2.96035947114e-18,3.37117810198e-18,5.19599581553e-18,6.25332950736e-18,5.64655323697e-18,6.1230560055e-18,6.95679905545e-18,8.17793518808e-18,8.40949282003e-18,9.84286943577e-18,1.04200140287e-17,9.85098407758e-18,9.0787836788e-18,1.04030559989e-17,8.42069201834e-18,5.7221811196e-18,4.31710400698e-18,2.41688691944e-18,9.66415272173e-19,2.54881178399e-19,2.67387797063e-20],"var":[0.0684503316879,3.69122886658,30.0074596405,66.9298553467,194.048583984,116.641090393,293.707000732,1971.68054199,948.209228516,487.096405029,643.431640625,4036.16650391,2837.56884766,468.993438721,859.812683105,552.278808594,1806.7088623,2060.72827148,1392.97155762,2174.91015625,1973.89025879,1340.14916992,1020.89660645,850.47857666,896.339904785,581.50793457,426.429931641,237.555343628,196.254364014,240.008834839,117.662567139,53.7756004333,10.8300600052,2.04678559303,0.381537377834,0.0577498525381,0.00396896759048,0.0000981257908279,7.94927018433e-7,9.43582101343e-10]},"erbbands_crest":{"dmean":1.55456542969,"dmean2":2.57858729362,"dvar":2.88632035255,"dvar2":7.22846412659,"max":25.7372741699,"mean":5.86967611313,"median":5.20610141754,"min":2.46902561188,"var":6.04010677338},"erbbands_flatness_db":{"dmean":0.0138419615105,"dmean2":0.0203937366605,"dvar":0.000151082786033,"dvar2":0.000308448710712,"max":0.316503942013,"mean":0.133917465806,"median":0.128982782364,"min":0.0506238788366,"var":0.000849876087159},"erbbands_kurtosis":{"dmean":0.571624577045,"dmean2":0.918647587299,"dvar":0.347233384848,"dvar2":0.888006150723,"max":23.4561424255,"mean":-0.0906881541014,"median":-0.231132864952,"min":-1.74877786636,"var":1.29790461063},"erbbands_skewness":{"dmean":0.241039484739,"dmean2":0.374391078949,"dvar":0.0464571751654,"dvar2":0.102374330163,"max":2.01405954361,"mean":-0.566110730171,"median":-0.67117524147,"min":-3.83166217804,"var":0.257995933294},"erbbands_spread":{"dmean":8.25757980347,"dmean2":12.9565410614,"dvar":61.6673774719,"dvar2":153.993988037,"max":102.323143005,"mean":43.2324905396,"median":41.7992935181,"min":3.56111454964,"var":158.632400513},"gfcc":{"cov":[[30402.1425781,1281.79736328,-2849.93994141,1323.01245117,-1710.01159668,442.28036499,-1135.91943359,274.42401123,-648.538085938,33.1326560974,-388.404602051,75.2906417847,-204.203613281],[1281.79736328,696.76953125,-394.402191162,50.8296127319,31.5150909424,-79.2928466797,27.3283348083,-3.73365473747,0.937662243843,-41.577747345,48.9305038452,-73.5573654175,63.1264266968],[-2849.93994141,-394.402191162,728.928527832,-61.2290687561,165.122772217,53.2478675842,88.776802063,9.49403381348,69.3229293823,28.5428390503,-6.6234498024,48.0760726929,-28.448720932],[1323.01245117,50.8296127319,-61.2290687561,252.655136108,-36.6597557068,42.4727630615,-43.4539299011,28.0848712921,-11.5557899475,-6.56263113022,-2.88192844391,10.5313873291,-6.6159029007],[-1710.01159668,31.5150909424,165.122772217,-36.6597557068,237.264083862,-11.9594249725,111.196846008,-5.61256837845,41.2418556213,2.52801465988,37.7117996216,-12.7915258408,16.8589382172],[442.28036499,-79.2928466797,53.2478675842,42.4727630615,-11.9594249725,154.020080566,23.2418670654,53.3523025513,1.13988256454,17.8369426727,5.57057619095,16.2330131531,-11.3208856583],[-1135.91943359,27.3283348083,88.776802063,-43.4539299011,111.196846008,23.2418670654,141.345352173,17.0425949097,36.9692611694,-9.5151758194,30.9839000702,-6.52945709229,6.95460605621],[274.42401123,-3.73365473747,9.49403381348,28.0848712921,-5.61256837845,53.3523025513,17.0425949097,91.5300979614,29.7677078247,24.6385192871,13.1408557892,12.7089290619,4.38545513153],[-648.538085938,0.937662243843,69.3229293823,-11.5557899475,41.2418556213,1.13988256454,36.9692611694,29.7677078247,86.4899673462,28.0250778198,25.2186012268,1.49536812305,20.1109447479],[33.1326560974,-41.577747345,28.5428390503,-6.56263113022,2.52801465988,17.8369426727,-9.5151758194,24.6385192871,28.0250778198,57.9833869934,21.8826465607,18.1224365234,3.31943845749],[-388.404602051,48.9305038452,-6.6234498024,-2.88192844391,37.7117996216,5.57057619095,30.9839000702,13.1408557892,25.2186012268,21.8826465607,69.8832168579,18.9891929626,25.2683353424],[75.2906417847,-73.5573654175,48.0760726929,10.5313873291,-12.7915258408,16.2330131531,-6.52945709229,12.7089290619,1.49536812305,18.1224365234,18.9891929626,53.8712120056,10.3671140671],[-204.203613281,63.1264266968,-28.448720932,-6.6159029007,16.8589382172,-11.3208856583,6.95460605621,4.38545513153,20.1109447479,3.31943845749,25.2683353424,10.3671140671,53.0255241394]],"icov":[[0.000265445065452,-0.000701087876223,0.000597493781243,-0.0006150159752,0.000610027404036,-0.000807485310361,0.000672527530696,-0.000294235243928,0.000602819665801,-0.00102201220579,0.00166982156225,-0.00166291289497,0.00103523011785],[-0.000701087876223,0.00522243836895,-0.000187833793461,0.000759710150305,-0.00209129159339,0.00331923225895,-0.0025184887927,-0.0000927638830035,-0.00113816407975,0.00371773494408,-0.00661274418235,0.00852547120303,-0.00552834244445],[0.000597493781243,-0.000187833793461,0.004491945263,-0.00115096173249,-0.00097704550717,-0.00237588840537,0.00145309080835,-0.000165548539371,-0.0011345007224,-0.00139720598236,0.00512478081509,-0.00619390280917,0.0037040701136],[-0.0006150159752,0.000759710150305,-0.00115096173249,0.00669498555362,-0.00236402382143,-0.00010984059918,0.001685532392,-0.00058102485491,-0.00275206146762,0.00541434856132,-0.00413326965645,0.00114995893091,-0.0000502770526509],[0.000610027404036,-0.00209129159339,-0.00097704550717,-0.00236402382143,0.0108644170687,-0.0000573287543375,-0.00486902566627,0.00065390043892,0.00323636899702,-0.00548248598352,0.00136044505052,0.000861913373228,-0.000563251844142],[-0.000807485310361,0.00331923225895,-0.00237588840537,-0.00010984059918,-0.0000573287543375,0.0129177169874,-0.00599499605596,-0.00422520050779,0.00211588153616,0.000104489125079,-0.00588294258341,0.00687523884699,-0.00378751638345],[0.000672527530696,-0.0025184887927,0.00145309080835,0.001685532392,-0.00486902566627,-0.00599499605596,0.0189811214805,-0.00319334072992,-0.00430167047307,0.0076429429464,-0.000911794952117,-0.00584573345259,0.00735126901418],[-0.000294235243928,-0.0000927638830035,-0.000165548539371,-0.00058102485491,0.00065390043892,-0.00422520050779,-0.00319334072992,0.0182020887733,-0.0060165557079,-0.00363200064749,0.000298496684991,-0.00127619295381,-0.00076401012484],[0.000602819665801,-0.00113816407975,-0.0011345007224,-0.00275206146762,0.00323636899702,0.00211588153616,-0.00430167047307,-0.0060165557079,0.0243328474462,-0.0133227426559,0.00164746656083,0.00473562860861,-0.00689665367827],[-0.00102201220579,0.00371773494408,-0.00139720598236,0.00541434856132,-0.00548248598352,0.000104489125079,0.0076429429464,-0.00363200064749,-0.0133227426559,0.0370111577213,-0.0157884825021,0.0000746863952372,0.00287264259532],[0.00166982156225,-0.00661274418235,0.00512478081509,-0.00413326965645,0.00136044505052,-0.00588294258341,-0.000911794952117,0.000298496684991,0.00164746656083,-0.0157884825021,0.0384224839509,-0.0217314846814,0.00124589726329],[-0.00166291289497,0.00852547120303,-0.00619390280917,0.00114995893091,0.000861913373228,0.00687523884699,-0.00584573345259,-0.00127619295381,0.00473562860861,0.0000746863952372,-0.0217314846814,0.046565245837,-0.0182160623372],[0.00103523011785,-0.00552834244445,0.0037040701136,-0.0000502770526509,-0.000563251844142,-0.00378751638345,0.00735126901418,-0.00076401012484,-0.00689665367827,0.00287264259532,0.00124589726329,-0.0182160623372,0.0352810770273]],"mean":[29.6665496826,71.7072296143,-129.708770752,57.5893440247,-61.317111969,9.81252765656,-40.0239257812,14.8341779709,-23.2544231415,1.42260503769,-12.3944120407,1.14377963543,-7.7622923851]},"hfc":{"dmean":6.77261972427,"dmean2":10.1173648834,"dvar":50.0923271179,"dvar2":99.5369262695,"max":140.662872314,"mean":34.8766212463,"median":33.7728233337,"min":1.06823632935e-16,"var":201.449508667},"melbands":{"dmean":[0.00133195100352,0.00176216405816,0.00109922804404,0.000502768729348,0.000266378716333,0.000326612265781,0.00017776999448,0.000104436418042,0.000081384263467,0.000124959246023,0.0000725263962522,0.0000393096452171,0.0000370064371964,0.0000321720144711,0.0000245901082963,0.0000346025190083,0.0000282420169242,0.0000274283465842,0.0000280169024336,0.0000263292840827,0.0000291526539513,0.0000292428394459,0.0000243301074079,0.0000196687706193,0.0000171756073541,0.0000180696279131,0.0000133405328597,0.0000111943663796,0.00000860002455738,0.00000647813885735,0.00000465057019028,0.00000387528325518,0.00000369601775674,0.00000340547921951,0.00000255116401604,0.00000213469002119,0.00000155933537371,0.00000104166110759,7.75789828822e-7,5.40657367765e-7],"dmean2":[0.00213737250306,0.00311688240618,0.00193748110905,0.0008433246403,0.000432778993854,0.000524255738128,0.000288771407213,0.000170647108462,0.000129807682242,0.000193132887944,0.000112132023787,0.0000631106231594,0.000059361129388,0.0000517290973221,0.0000397328803956,0.000054642703617,0.0000445276054961,0.0000451887644886,0.0000453749926237,0.0000423236124334,0.0000486554636154,0.0000492453182233,0.0000409859021602,0.000033063981391,0.0000285755722871,0.0000301484142256,0.0000221410136874,0.0000185528078873,0.0000139825106089,0.0000104055143311,0.00000728168197384,0.00000603111948294,0.00000583708742852,0.0000052600798881,0.00000399593818656,0.00000336144330504,0.00000243612453232,0.00000163287165833,0.00000123314475786,8.4033905523e-7],"dvar":[0.00000459427656097,0.00000974188969849,0.00000279855998997,5.76653292228e-7,1.4203054377e-7,3.45531873336e-7,1.12183045076e-7,3.1874378692e-8,3.85932352742e-8,1.02083703268e-7,3.45773223387e-8,3.63161678507e-9,3.1464044703e-9,3.21684678894e-9,2.20057483347e-9,8.29379676048e-9,4.33196856164e-9,2.52485210517e-9,2.88251289504e-9,2.27606844483e-9,1.39685918388e-9,1.00406338799e-9,5.6072502197e-10,3.67944563706e-10,2.83185530581e-10,3.21553034199e-10,1.90054527671e-10,1.37366770736e-10,8.57689266831e-11,6.23146881318e-11,3.4681781752e-11,2.34520094317e-11,2.40599970502e-11,2.67851314045e-11,1.73547322346e-11,1.39317914843e-11,7.26005757248e-12,3.1403792327e-12,1.31301566841e-12,7.39575067854e-13],"dvar2":[0.0000102231861092,0.0000268153962679,0.00000758857549954,0.00000149686707118,3.49983594106e-7,7.90382728155e-7,2.76923401543e-7,7.5445527159e-8,9.14910742722e-8,2.13554343986e-7,7.27914084564e-8,8.84918094357e-9,7.41580041819e-9,7.70255326188e-9,5.23145748943e-9,1.83521837727e-8,9.97279059334e-9,6.29577545652e-9,6.67731114845e-9,4.86388262999e-9,3.58728313721e-9,2.650770492e-9,1.5623757843e-9,9.95211357768e-10,7.59794394067e-10,8.71343663889e-10,4.97083985085e-10,3.61820906569e-10,2.14274681332e-10,1.51297446793e-10,8.47726888686e-11,5.45791155326e-11,5.68630177666e-11,6.03718672276e-11,3.72597092069e-11,3.06100735037e-11,1.56552080327e-11,7.30703345053e-12,3.17470897661e-12,1.73836108269e-12],"max":[0.0160944182426,0.0221680365503,0.0147022716701,0.0102026294917,0.00730264699087,0.00984649732709,0.00874126330018,0.00572106940672,0.0043717212975,0.00856949575245,0.00368442130275,0.00127975270152,0.00126430788077,0.00170122249983,0.00112752174027,0.00274491938762,0.00138667842839,0.000952176691499,0.00130978634115,0.00102002813946,0.000817353080492,0.000687854539137,0.000321498024277,0.000368992099538,0.000224821153097,0.000238679669565,0.000220359303057,0.000148866514792,0.000140200383612,0.000134168978548,0.000100673438283,0.000109859807708,0.000139720577863,0.000202289535082,0.000148677470861,0.000132908986416,0.0000834871170809,0.0000522882291989,0.0000247098341788,0.0000216837233893],"mean":[0.00150326476432,0.00177424831782,0.00113121944014,0.00065089261625,0.000449373357696,0.00060580013087,0.000322043750202,0.00017243095499,0.000126135448227,0.000198731839191,0.000124358950416,0.0000736332222004,0.0000712195105734,0.000061518716393,0.0000430036088801,0.0000543871137779,0.0000468975376862,0.0000466256460641,0.0000476566601719,0.0000504014024045,0.0000610286115261,0.0000647491688142,0.0000584063745919,0.0000472506508231,0.0000430878644693,0.0000442754462711,0.0000334055475832,0.0000273749719781,0.0000205191390705,0.000014728104361,0.0000100187271528,0.0000085040637714,0.0000080316031017,0.00000733753631721,0.0000054325128076,0.00000433945297118,0.00000329087515638,0.00000211826454688,0.00000161274931543,0.00000110982455226],"median":[0.000590259209275,0.000924935797229,0.000558095867746,0.000364859472029,0.00029874953907,0.000323080399539,0.000212645187275,0.000118970201584,0.0000750686886022,0.0000837223051349,0.0000540512555744,0.0000493279658258,0.0000447004713351,0.000039133712562,0.0000272681136266,0.0000239353357756,0.0000242017486016,0.0000306469919451,0.0000298269460473,0.0000333507414325,0.0000495359672641,0.0000566782982787,0.0000531264413439,0.0000427366539952,0.0000386536557926,0.0000399661075789,0.0000298103987006,0.0000243112262979,0.0000173995031219,0.0000113952000902,0.0000071178988037,0.00000579008974455,0.00000537284267921,0.00000468505504614,0.00000364785273632,0.00000287132525045,0.00000215267186832,0.00000140155680128,0.00000118151774586,8.35180912873e-7],"min":[1.00152833894e-24,5.4966186059e-25,8.76340452014e-25,1.57556289536e-24,1.63081214936e-24,1.68699640076e-24,1.29674671373e-24,1.80888093264e-24,1.99359823562e-24,1.70612331948e-24,2.38114015759e-24,2.20591837333e-24,1.92275951241e-24,3.42448423818e-24,1.59636801705e-24,2.1088174845e-24,3.53944572676e-24,1.85345413758e-24,1.80215786557e-24,3.17376807085e-24,3.19197202232e-24,4.3031743124e-24,4.76584005002e-24,3.34264189141e-24,4.27857881267e-24,3.44434696691e-24,4.58215891584e-24,3.95776407087e-24,3.57149438432e-24,4.04964940582e-24,3.86109113909e-24,4.73185276678e-24,3.91467293835e-24,5.29116895365e-24,4.83000323504e-24,5.86550110785e-24,5.08302642608e-24,6.58661266637e-24,6.37626132828e-24,6.48810484413e-24],"var":[0.00000516705176778,0.00000730038891561,0.00000231187573263,7.01017938809e-7,2.51064619761e-7,8.17342311166e-7,1.90393393495e-7,5.59110837628e-8,5.04132842138e-8,1.80594895482e-7,7.05483387264e-8,7.66095986648e-9,7.49463868743e-9,7.73038522084e-9,3.62839602808e-9,1.41678508925e-8,7.18232273655e-9,3.73859032621e-9,4.84041962068e-9,4.91561724658e-9,2.64310195952e-9,1.77399595014e-9,1.10511177986e-9,7.69661945288e-10,6.25792251352e-10,6.71357414106e-10,3.99644289883e-10,2.69571254208e-10,1.86646448297e-10,1.41060524372e-10,8.46746422978e-11,6.66631402857e-11,6.6432449819e-11,7.96216773069e-11,4.30507400562e-11,3.02377081707e-11,1.76012624614e-11,6.5330145807e-12,2.57600538123e-12,1.32698149344e-12]},"melbands_crest":{"dmean":3.9432015419,"dmean2":6.19257879257,"dvar":11.4957799911,"dvar2":25.7031936646,"max":34.2546615601,"mean":12.1268444061,"median":11.080997467,"min":1.6348733902,"var":27.0500717163},"melbands_flatness_db":{"dmean":0.0279189776629,"dmean2":0.0431700795889,"dvar":0.000794830441009,"dvar2":0.00172706565354,"max":0.412321478128,"mean":0.12432474643,"median":0.116629473865,"min":0.00303890230134,"var":0.00227523036301},"melbands_kurtosis":{"dmean":5.62804269791,"dmean2":9.16711902618,"dvar":115.484054565,"dvar2":285.932403564,"max":395.27520752,"mean":6.96130609512,"median":3.51561403275,"min":-1.90086436272,"var":197.490081787},"melbands_skewness":{"dmean":0.782564878464,"dmean2":1.21835720539,"dvar":0.79161721468,"dvar2":1.80991888046,"max":16.3723182678,"mean":2.23623967171,"median":1.98667907715,"min":-1.41274321079,"var":1.72902965546},"melbands_spread":{"dmean":12.9111871719,"dmean2":20.0682621002,"dvar":144.364883423,"dvar2":308.168579102,"max":187.343917847,"mean":45.720615387,"median":43.3004455566,"min":1.04128050804,"var":556.92199707},"mfcc":{"cov":[[9250.94042969,812.145996094,-18.6081352234,306.3230896,-77.4816970825,27.3139057159,-127.393676758,32.9056091309,-96.843536377,-41.8182830811,-134.028656006,-44.8792419434,-23.9580821991],[812.145996094,674.663146973,-248.015930176,96.818069458,-7.77672100067,-39.8944320679,40.9405670166,-19.0483074188,11.7440643311,10.6086978912,-18.7550354004,2.8816781044,2.89692878723],[-18.6081352234,-248.015930176,364.852874756,5.38259315491,52.9517402649,45.7568702698,-20.0983734131,47.2543754578,13.1304998398,13.793214798,26.7246780396,10.3482570648,7.80951881409],[306.3230896,96.818069458,5.38259315491,193.184829712,54.9143371582,3.50683093071,3.77387261391,4.7494597435,5.22512865067,-13.267493248,-4.8834028244,4.90846538544,11.8300657272],[-77.4816970825,-7.77672100067,52.9517402649,54.9143371582,98.0233001709,25.0392780304,18.488243103,11.9131212234,16.927192688,13.8871479034,14.2039251328,11.4041147232,17.8935565948],[27.3139057159,-39.8944320679,45.7568702698,3.50683093071,25.0392780304,76.847076416,35.0290145874,22.6829433441,3.61677598953,6.83999633789,10.6252593994,1.62567448616,-4.60667228699],[-127.393676758,40.9405670166,-20.0983734131,3.77387261391,18.488243103,35.0290145874,98.1973495483,45.489200592,8.44506072998,6.18290519714,19.9935741425,14.3651800156,2.23698568344],[32.9056091309,-19.0483074188,47.2543754578,4.7494597435,11.9131212234,22.6829433441,45.489200592,75.6063842773,24.6060791016,15.5903902054,16.1686229706,12.2517108917,5.80372810364],[-96.843536377,11.7440643311,13.1304998398,5.22512865067,16.927192688,3.61677598953,8.44506072998,24.6060791016,52.877872467,30.0303840637,12.1118812561,4.33159589767,5.56090354919],[-41.8182830811,10.6086978912,13.793214798,-13.267493248,13.8871479034,6.83999633789,6.18290519714,15.5903902054,30.0303840637,59.207157135,27.9871063232,8.1879863739,3.21393942833],[-134.028656006,-18.7550354004,26.7246780396,-4.8834028244,14.2039251328,10.6252593994,19.9935741425,16.1686229706,12.1118812561,27.9871063232,50.0182189941,22.7971057892,6.78167819977],[-44.8792419434,2.8816781044,10.3482570648,4.90846538544,11.4041147232,1.62567448616,14.3651800156,12.2517108917,4.33159589767,8.1879863739,22.7971057892,42.5477828979,23.2104072571],[-23.9580821991,2.89692878723,7.80951881409,11.8300657272,17.8935565948,-4.60667228699,2.23698568344,5.80372810364,5.56090354919,3.21393942833,6.78167819977,23.2104072571,45.5451087952]],"icov":[[0.000157708826009,-0.000255735620158,-0.0000912869872991,-0.000188978170627,0.000197397021111,-0.000327350746375,0.000518813321833,-0.000509155157488,0.000554795959033,-0.000228917051572,0.00033889367478,-0.0000418109193561,0.0000119619317047],[-0.000255735620158,0.00281773530878,0.00146423233673,-0.0011119338451,0.0000497912733408,0.00138833571691,-0.00225847144611,0.00147015694529,-0.00119522586465,-0.00134064897429,0.000895075558219,-0.000620149658062,0.000191747065401],[-0.0000912869872991,0.00146423233673,0.0050691398792,-0.000046809673222,-0.00234322901815,-0.00168699433561,0.00344653590582,-0.00380828930065,0.000443205179181,0.000567484064959,-0.00197004084475,-0.0000580028317927,0.000296520214761],[-0.000188978170627,-0.0011119338451,-0.000046809673222,0.00773341953754,-0.00499297259375,0.000353681272827,0.0012173729483,-0.000979471718892,-0.00112511217594,0.00412105675787,-0.00103443290573,0.0000669874352752,-5.00373516843e-7],[0.000197397021111,0.0000497912733408,-0.00234322901815,-0.00499297259375,0.017378129065,-0.00364861451089,-0.00343617796898,0.00401260051876,-0.00290507287718,-0.00318923336454,0.000157018090249,0.000678565411363,-0.00552911078557],[-0.000327350746375,0.00138833571691,-0.00168699433561,0.000353681272827,-0.00364861451089,0.0198392588645,-0.00838267523795,0.000821014342364,0.000654949166346,-0.00156675686594,0.000259066553554,0.00115587410983,0.0030870649498],[0.000518813321833,-0.00225847144611,0.00344653590582,0.0012173729483,-0.00343617796898,-0.00838267523795,0.0239401012659,-0.0152336284518,0.00428996002302,0.004315122962,-0.00595724256709,-0.0017514055362,0.00172814901453],[-0.000509155157488,0.00147015694529,-0.00380828930065,-0.000979471718892,0.00401260051876,0.000821014342364,-0.0152336284518,0.0288469530642,-0.0118162548169,-0.0012826025486,0.00147172412835,-0.00250593549572,-0.00128389056772],[0.000554795959033,-0.00119522586465,0.000443205179181,-0.00112511217594,-0.00290507287718,0.000654949166346,0.00428996002302,-0.0118162548169,0.0338784307241,-0.0153516447172,0.00315086962655,0.00200910796411,-0.00145946722478],[-0.000228917051572,-0.00134064897429,0.000567484064959,0.00412105675787,-0.00318923336454,-0.00156675686594,0.004315122962,-0.0012826025486,-0.0153516447172,0.0345550402999,-0.0184595957398,0.0038234659005,0.0000792500359239],[0.00033889367478,0.000895075558219,-0.00197004084475,-0.00103443290573,0.000157018090249,0.000259066553554,-0.00595724256709,0.00147172412835,0.00315086962655,-0.0184595957398,0.0418217740953,-0.0197843536735,0.00557040655985],[-0.0000418109193561,-0.000620149658062,-0.0000580028317927,0.0000669874352752,0.000678565411363,0.00115587410983,-0.0017514055362,-0.00250593549572,0.00200910796411,0.0038234659005,-0.0197843536735,0.0454063229263,-0.02044323273],[0.0000119619317047,0.000191747065401,0.000296520214761,-5.00373516843e-7,-0.00552911078557,0.0030870649498,0.00172814901453,-0.00128389056772,-0.00145946722478,0.0000792500359239,0.00557040655985,-0.02044323273,0.0342241749167]],"mean":[-587.234130859,86.1012954712,-6.92861223221,39.0254440308,4.16014528275,-0.798560321331,-1.29917383194,5.56133317947,-1.84250342846,1.58204185963,-3.52592754364,1.25291025639,1.29989981651]},"pitch_salience":{"dmean":0.0745238363743,"dmean2":0.119099058211,"dvar":0.00451627420262,"dvar2":0.0105247655883,"max":0.995291173458,"mean":0.637247443199,"median":0.65667706728,"min":0.126927226782,"var":0.00989212654531},"silence_rate_20dB":{"dmean":0,"dmean2":0,"dvar":0,"dvar2":0,"max":1,"mean":1,"median":1,"min":1,"var":0},"silence_rate_30dB":{"dmean":0,"dmean2":0,"dvar":0,"dvar2":0,"max":1,"mean":1,"median":1,"min":1,"var":0},"silence_rate_60dB":{"dmean":0.000276434002444,"dmean2":0.000552944431547,"dvar":0.00027634241269,"dvar2":0.000552673009224,"max":1,"mean":0.0331674963236,"median":0,"min":0,"var":0.0320660993457},"spectral_centroid":{"dmean":293.085968018,"dmean2":477.109100342,"dvar":87231.9453125,"dvar2":213774.78125,"max":11668.7548828,"mean":2430.1784668,"median":2351.48925781,"min":317.548492432,"var":1572568.75},"spectral_complexity":{"dmean":4.26150655746,"dmean2":6.73016309738,"dvar":13.0754671097,"dvar2":30.38022995,"max":60,"mean":40.6931991577,"median":42,"min":0,"var":102.05330658},"spectral_contrast_coeffs":{"dmean":[0.0624424777925,0.0475693047047,0.0360294058919,0.028825558722,0.0180314853787,0.0157926827669],"dmean2":[0.102800622582,0.0786058232188,0.0591899901628,0.047797318548,0.0305090285838,0.0258324015886],"dvar":[0.00267208809964,0.00144613836892,0.000846986309625,0.000520668923855,0.000195005326532,0.000173118940438],"dvar2":[0.00703564472497,0.00395721197128,0.00217610830441,0.00140530068893,0.000558688363526,0.00043700329843],"max":[-0.380616009235,-0.469508111477,-0.556548118591,-0.58749461174,-0.649661302567,-0.590653657913],"mean":[-0.671791732311,-0.753928005695,-0.798147082329,-0.798446893692,-0.801925301552,-0.738592207432],"median":[-0.673383831978,-0.756470918655,-0.800212621689,-0.799458503723,-0.800189971924,-0.736147224903],"min":[-0.98202842474,-0.987176120281,-0.987239718437,-0.978642344475,-0.967797100544,-0.971987605095],"var":[0.00739048002288,0.00439021969214,0.00261686416343,0.00187048991211,0.00090371601982,0.00181515270378]},"spectral_contrast_valleys":{"dmean":[0.44907745719,0.334859460592,0.294689953327,0.235159724951,0.155869230628,0.233180880547],"dmean2":[0.732314705849,0.556399047375,0.483959168196,0.382767409086,0.249146476388,0.327083140612],"dvar":[0.134477108717,0.0807732567191,0.0669738426805,0.0470924675465,0.0315050147474,0.0618548467755],"dvar2":[0.330959379673,0.197373792529,0.157870516181,0.101048633456,0.0519275330007,0.114574566483],"max":[-5.3207025528,-4.80796289444,-5.1687746048,-5.59119462967,-5.49137210846,-7.75690221786],"mean":[-7.28921127319,-6.66664981842,-7.22904586792,-7.4080991745,-6.65156364441,-9.62279891968],"median":[-6.8747177124,-6.22262001038,-6.81384181976,-6.97306489944,-6.18103885651,-9.16016769409],"min":[-28.4288291931,-27.9368896484,-27.878616333,-27.6449260712,-27.59349823,-27.3952713013],"var":[7.9439573288,8.32581329346,7.9216094017,7.77941608429,8.31022644043,6.49290990829]},"spectral_decrease":{"dmean":2.86892332113e-9,"dmean2":4.64967975233e-9,"dvar":1.31769209835e-17,"dvar2":3.36449857717e-17,"max":9.4361723947e-23,"mean":-7.12088343846e-9,"median":-6.09081851621e-9,"min":-2.7079302356e-8,"var":1.65916367031e-17},"spectral_energy":{"dmean":0.0111135700718,"dmean2":0.0179728977382,"dvar":0.000191062135855,"dvar2":0.000489000231028,"max":0.105549156666,"mean":0.0300393085927,"median":0.0262860115618,"min":9.92219219849e-21,"var":0.00024940611911},"spectral_energyband_high":{"dmean":0.000673735747114,"dmean2":0.000976418552455,"dvar":6.12697704128e-7,"dvar2":0.00000115972682124,"max":0.0178776830435,"mean":0.00216833408922,"median":0.00174081779551,"min":6.91834477294e-21,"var":0.00000244302009378},"spectral_energyband_low":{"dmean":0.0081341015175,"dmean2":0.0131978541613,"dvar":0.000168587313965,"dvar2":0.000415176240494,"max":0.086861088872,"mean":0.00980203226209,"median":0.0050377426669,"min":1.62476474166e-23,"var":0.000170245650224},"spectral_energyband_middle_high":{"dmean":0.00165808503516,"dmean2":0.00258686905727,"dvar":0.00000314213843922,"dvar2":0.00000692656340107,"max":0.0340396650136,"mean":0.00763917528093,"median":0.00699472799897,"min":1.11689052468e-21,"var":0.000013979063624},"spectral_energyband_middle_low":{"dmean":0.00515280617401,"dmean2":0.00849546026438,"dvar":0.000039171834942,"dvar2":0.0000989288309938,"max":0.0608696043491,"mean":0.0115205841139,"median":0.00887907482684,"min":1.17293519187e-22,"var":0.0000700428063283},"spectral_entropy":{"dmean":0.0866011604667,"dmean2":0.133040457964,"dvar":0.00632041972131,"dvar2":0.0144951501861,"max":9.8260974884,"mean":8.01778507233,"median":8.01021385193,"min":6.21630191803,"var":0.0945463255048},"spectral_flux":{"dmean":0.0270857997239,"dmean2":0.0428613424301,"dvar":0.000914486998226,"dvar2":0.00178238574881,"max":0.289181470871,"mean":0.106674700975,"median":0.0974295958877,"min":6.29229654492e-11,"var":0.00190748623572},"spectral_kurtosis":{"dmean":0.861914217472,"dmean2":1.4734030962,"dvar":1.01797318459,"dvar2":2.89982914925,"max":39.9985198975,"mean":2.87924194336,"median":2.66270923615,"min":-1.24964594841,"var":2.34815883636},"spectral_rms":{"dmean":0.000913181924261,"dmean2":0.00143802014645,"dvar":0.00000101136595276,"dvar2":0.00000251904657489,"max":0.0101476497948,"mean":0.00519349053502,"median":0.00506407860667,"min":3.11130006307e-12,"var":0.00000233428772844},"spectral_rolloff":{"dmean":739.381958008,"dmean2":1173.29101562,"dvar":708443.25,"dvar2":1501785.625,"max":19573.6816406,"mean":3107.31054688,"median":2971.58203125,"min":64.599609375,"var":6234272},"spectral_skewness":{"dmean":0.128922283649,"dmean2":0.212122604251,"dvar":0.014889405109,"dvar2":0.0396388024092,"max":4.58997249603,"mean":1.04664456844,"median":1.04858458042,"min":-0.0859581381083,"var":0.0725938230753},"spectral_spread":{"dmean":419093.09375,"dmean2":626540.375,"dvar":397764657152,"dvar2":817757159424,"max":42812196,"mean":4852587,"median":4243323,"min":1645988.5,"var":23697016487900},"spectral_strongpeak":{"dmean":0.378861367702,"dmean2":0.639421761036,"dvar":0.373761683702,"dvar2":0.941748976707,"max":7.68766498566,"mean":0.588017344475,"median":0.311323821545,"min":0,"var":0.528124511242},"zerocrossingrate":{"dmean":0.0124725997448,"dmean2":0.0147855933756,"dvar":0.000126594663016,"dvar2":0.000172579457285,"max":0.5234375,"mean":0.100013040006,"median":0.091796875,"min":0.005859375,"var":0.00379245402291}},"metadata":{"audio_properties":{"analysis_sample_rate":44100,"bit_rate":192000,"codec":"mp3","downmix":"mix","equal_loudness":0,"length":167.993469238,"lossless":false,"md5_encoded":"f5f7cf1416a99704caced36b3d1e8180","replay_gain":-14.1383953094,"sample_rate":44100},"tags":{"album":["Ace of Spades"],"albumartist":["Motörhead"],"albumartistsort":["Motörhead"],"artist":["Motörhead"],"artistsort":["Motörhead"],"asin":["B0000072DH"],"barcode":["5017615831221"],"catalognumber":["ESM CD 312"],"date":["1996"],"discnumber":["1/1"],"file_name":"Motorhead - 12 - The Hammer.mp3","genre":["Rock"],"label":["Essential! Records"],"language":["eng"],"media":["CD"],"musicbrainz album release country":["GB"],"musicbrainz album status":["official"],"musicbrainz album type":["album"],"musicbrainz_albumartistid":["57961a97-3796-4bf7-9f02-a985a8979ae9"],"musicbrainz_albumid":["8e64486d-2e28-4302-94c6-b8856977ef8f"],"musicbrainz_artistid":["57961a97-3796-4bf7-9f02-a985a8979ae9"],"musicbrainz_recordingid":["8ac117b2-fd61-458b-8b69-aac85195db16"],"originaldate":["1980"],"script":["Latn"],"title":["The Hammer"],"tracknumber":["12/15"]},"version":{"essentia":"2.1-beta2","essentia_build_sha":"70f2e5ece6736b2c40cc944ad0e695b16b925413","essentia_git_sha":"v2.1_beta2","extractor":"music 1.0"}},"rhythm":{"beats_count":389,"beats_loudness":{"dmean":0.00827603973448,"dmean2":0.0145675577223,"dvar":0.0000697114664945,"dvar2":0.000208993136766,"max":0.0825387388468,"mean":0.0325031764805,"median":0.0324520431459,"min":0,"var":0.000109584107122},"beats_loudness_band_ratio":{"dmean":[0.162000074983,0.107107810676,0.0657984167337,0.0447822213173,0.0577010922134,0.069298774004],"dmean2":[0.287931352854,0.189086854458,0.119027584791,0.0800644755363,0.103303641081,0.12207327038],"dvar":[0.0182937290519,0.0109214205295,0.00644014962018,0.00311532453634,0.00296626146883,0.00370397418737],"dvar2":[0.0502077899873,0.03060734272,0.0178552381694,0.0084679806605,0.00847642775625,0.0107508189976],"max":[0.94265127182,0.70988202095,0.518000364304,0.407497435808,0.676072597504,0.551417052746],"mean":[0.378242969513,0.17817476