{"lowlevel":{"average_loudness":0.874804377556,"barkbands":{"dmean":[0.0000426485530625,0.00064583925996,0.000525334500708,0.000528421602212,0.00123308424372,0.000412275170675,0.000449087034212,0.0010960646905,0.000974593160208,0.000799350033049,0.000522365793586,0.000633634801488,0.000522784190252,0.000506421201862,0.000426402693847,0.000343183870427,0.000228289733059,0.000289868883556,0.000241579618887,0.000164083990967,0.000148456427269,0.000185017648619,0.000347508961568,0.000161263742484,0.0000945013962337,0.0000114665754154,2.77540152638e-7],"dmean2":[0.0000479729096696,0.0010926873656,0.00086313119391,0.00086607405683,0.00201084953733,0.000647421518806,0.000678238342516,0.00161467061844,0.00142232340295,0.0011682579061,0.00073111767415,0.000900076527614,0.000806163065135,0.000745198631193,0.000648635439575,0.000534156395588,0.000346598157194,0.000445565878181,0.000357384269591,0.000242403737502,0.000228834498557,0.000281331012957,0.000508116092533,0.000240268389462,0.000141291864566,0.0000170215589606,4.2561293867e-7],"dvar":[3.26097993053e-9,7.43433304251e-7,6.51372090488e-7,6.75607395806e-7,0.00000297383053294,9.06144236978e-7,0.00000191809658645,0.00000772965813667,0.00000752123742132,0.00000636187041891,0.00000366482936442,0.00000324018606079,0.00000293944026453,0.00000191484900824,0.00000119064418413,6.1021592046e-7,3.45555861259e-7,3.48823959939e-7,1.78222322234e-7,1.15927520028e-7,9.82771695135e-8,2.45061329451e-7,8.0466173813e-7,1.91124215121e-7,8.02771538133e-8,1.85574855482e-9,5.55046677023e-13],"dvar2":[3.84550924437e-9,0.00000197149279302,0.00000158284444751,0.00000177083040853,0.00000728889108359,0.00000187021294096,0.00000405009177484,0.0000155028137669,0.0000144274663398,0.0000131153346956,0.00000615329417997,0.00000617067462372,0.00000600932162342,0.00000367455686501,0.00000231398416872,0.00000141186467317,6.68086556743e-7,7.8602602116e-7,3.59050858378e-7,2.26215433941e-7,2.18836404997e-7,5.35088418019e-7,0.00000174585250079,4.09387894251e-7,1.50978493707e-7,3.8500682642e-9,1.20430000607e-12],"max":[0.000945954874624,0.00916442088783,0.010096966289,0.00998820923269,0.0241439454257,0.0280251540244,0.0313310958445,0.0442588552833,0.0395072214305,0.0453316047788,0.0481935851276,0.0383829176426,0.0407582595944,0.0313750356436,0.0233092289418,0.0144320186228,0.0244144685566,0.01169173792,0.011780240573,0.0125561924651,0.00758640514687,0.0144155323505,0.0292743202299,0.00954160094261,0.0117914937437,0.00188273645472,0.0000144035411722],"mean":[0.0000998731557047,0.00103212171234,0.00104105775245,0.000865948502906,0.00223807175644,0.000748045858927,0.000698653864674,0.00173190853093,0.00160971807782,0.0012800025288,0.000887290982064,0.0010898692999,0.000796153210104,0.000792687234934,0.000698393385392,0.000585154106375,0.000417946401285,0.000501245900523,0.000473636056995,0.00028218224179,0.000236458974541,0.000267400639132,0.000565597321838,0.000219088033191,0.000132431508973,0.0000148815870489,3.19898276757e-7],"median":[0.0000503560477227,0.000696205184795,0.00049081700854,0.000459385104477,0.00143770372961,0.00033022952266,0.000205525138881,0.000308927817969,0.000259905675193,0.0002145319595,0.000134272355353,0.000272435194347,0.000210170081118,0.000194096850464,0.000250837561907,0.000240271008806,0.000197958463104,0.00025483337231,0.00023510993924,0.000131492328364,0.000104773193016,0.0000999314070214,0.00018310995074,0.000050286311307,0.0000233619048231,0.00000186487545761,5.74270444531e-8],"min":[5.28226090997e-17,7.54776434745e-17,4.49362923006e-17,3.88727176122e-17,6.69899365917e-17,2.9360008219e-17,1.15450673429e-17,1.40230192167e-17,3.79782210414e-17,5.06523386352e-17,6.2761607676e-17,1.34726373908e-16,2.10718887683e-16,1.59592706905e-16,4.89797264971e-17,5.08926676904e-17,8.95429101138e-17,1.04339411032e-16,2.36959214e-16,1.43156323731e-16,1.36070046095e-16,3.52050953909e-16,3.76403839356e-16,3.20073686674e-16,2.9129830986e-16,5.20612813283e-16,7.37882693484e-16],"var":[1.44764493726e-8,0.00000118530408599,0.00000180427252872,0.00000126347174501,0.00000665573179504,0.00000233704736274,0.00000393706613977,0.0000186116758414,0.0000187884998013,0.000015167642232,0.0000110338896775,0.00000888763679541,0.00000548541447642,0.00000493054130857,0.00000276750051853,0.00000117429476632,0.00000100883414689,6.13444910869e-7,6.19852301043e-7,2.92654021905e-7,1.63032922273e-7,3.57859846645e-7,0.00000152852408064,3.31187862912e-7,1.60015147799e-7,3.50138207317e-9,7.50040004063e-13]},"barkbands_crest":{"dmean":2.30170273781,"dmean2":3.69541740417,"dvar":4.53337526321,"dvar2":11.180680275,"max":24.2611961365,"mean":8.59100151062,"median":7.73913002014,"min":2.07562375069,"var":15.5081987381},"barkbands_flatness_db":{"dmean":0.0160796623677,"dmean2":0.0236973874271,"dvar":0.000236097461311,"dvar2":0.000472284009447,"max":0.250518769026,"mean":0.0985978990793,"median":0.0943098962307,"min":0.029820272699,"var":0.00130507582799},"barkbands_kurtosis":{"dmean":1.11298298836,"dmean2":1.71864509583,"dvar":2.2356801033,"dvar2":5.08048152924,"max":36.073928833,"mean":0.889386057854,"median":0.043993473053,"min":-1.88357198238,"var":10.7993183136},"barkbands_skewness":{"dmean":0.407216101885,"dmean2":0.609422922134,"dvar":0.156916081905,"dvar2":0.324666470289,"max":6.02064466476,"mean":0.79300558567,"median":0.750750899315,"min":-3.62777090073,"var":0.843570351601},"barkbands_spread":{"dmean":7.23969554901,"dmean2":10.4626655579,"dvar":59.9082107544,"dvar2":113.878700256,"max":135.103775024,"mean":33.410282135,"median":29.9419593811,"min":3.87275934219,"var":327.75213623},"dissonance":{"dmean":0.0142451263964,"dmean2":0.0232610721141,"dvar":0.000328560097842,"dvar2":0.000777516397648,"max":0.499997794628,"mean":0.472624778748,"median":0.482788741589,"min":0.0734637081623,"var":0.00078449602006},"dynamic_complexity":5.13597822189,"erbbands":{"dmean":[0.0202477630228,0.152831867337,0.537933826447,1.1650493145,3.27579879761,4.24283027649,4.46137189865,2.93224644661,5.02888679504,10.7437667847,26.5612449646,23.0303897858,18.473405838,26.5132751465,19.1691379547,24.6200847626,21.3741664886,25.7493476868,21.2674617767,20.4028301239,15.4824514389,10.2029781342,14.6913757324,14.4723215103,10.5824871063,7.81637620926,5.94071149826,5.98219442368,6.46522855759,8.14118099213,11.4462165833,3.37150168419,2.82260894775,1.54985916615,0.379444867373,0.0881129056215,0.0147690745071,0.0013208463788,0.0000649342327961,0.0000103359880086],"dmean2":[0.0333994813263,0.258857041597,0.890140414238,1.90127778053,5.443754673,6.80985403061,7.09537696838,4.57933616638,7.50529909134,16.0654888153,38.25548172,32.7659263611,26.7376270294,37.0470046997,25.8895072937,34.6719093323,31.3023910522,37.1420516968,32.0878410339,30.213514328,23.0993976593,15.3546390533,22.3470973969,21.3419952393,15.6112260818,11.6118917465,9.07410144806,9.23617649078,9.84757709503,11.9165668488,16.9603843689,5.01799917221,4.22091388702,2.30163669586,0.55509519577,0.129136934876,0.0220506004989,0.00199508201331,0.000095957708254,0.0000140663150887],"dvar":[0.000769979204051,0.0447722561657,0.696281909943,2.85982394218,20.7455863953,49.0414276123,104.6873703,53.1346359253,268.51171875,873.036621094,4751.22998047,4763.84033203,3120.33349609,7970.49511719,3618.20922852,5046.63964844,4722.27734375,4872.29101562,2668.63574219,3150.97460938,1271.90429688,537.769226074,958.909301758,782.567199707,335.652923584,298.680358887,165.007644653,167.555541992,295.592407227,504.936523438,842.576416016,121.99344635,53.0015029907,18.9187259674,2.24759984016,0.13918684423,0.00162915571127,0.0000108338372229,2.53197836031e-8,2.63864569083e-10],"dvar2":[0.00197871169075,0.120780289173,1.67784905434,7.38115692139,54.003238678,115.79359436,214.97076416,110.971160889,563.192260742,1868.2956543,9097.97753906,9112.76269531,6443.13085938,15137.6777344,5942.87109375,9562.90136719,9677.29589844,8617.12695312,5383.05224609,6215.68701172,2574.25366211,1145.07019043,2202.04003906,1728.40856934,640.543884277,580.940124512,362.766784668,384.713043213,657.704956055,1064.23718262,1900.49230957,265.509796143,111.218322754,37.5760269165,3.80569243431,0.290080308914,0.00322467717342,0.0000232646962104,5.14488434078e-8,4.87246187841e-10],"max":[0.33398026228,2.0818374157,9.79874610901,24.2988052368,60.2393836975,122.633537292,251.116241455,163.374801636,433.061889648,606.680969238,1260.62072754,1204.25341797,1501.1126709,1793.57666016,1721.49084473,1594.39294434,1984.38574219,1763.62768555,1245.61254883,1560.21679688,1147.69702148,570.678100586,615.344116211,678.543029785,636.404418945,747.346130371,379.092834473,288.910949707,419.770477295,713.310180664,925.018371582,332.326324463,144.088897705,148.295410156,85.2053756714,17.1420593262,1.53251993656,0.075146228075,0.00346723594703,0.000450363877462],"mean":[0.0294107776135,0.241199910641,1.10349011421,2.23334717751,5.19310665131,7.44389009476,8.1921415329,5.19444513321,8.092628479,17.8551445007,44.4901580811,39.0588684082,31.8842124939,45.6250801086,36.2740859985,45.9337425232,36.2134361267,44.8620147705,37.174747467,36.8667793274,29.2191066742,20.4725589752,26.6374607086,27.7443695068,20.5917053223,13.7641677856,9.82183933258,8.94748210907,9.36750507355,13.0768013,18.1250343323,4.87840414047,3.84596991539,2.15292072296,0.541684985161,0.113051384687,0.0195211395621,0.00180093268864,0.0000952519258135,0.0000313382006425],"median":[0.0154863633215,0.162844493985,0.567745029926,1.47281980515,3.19388127327,4.24187374115,3.32048845291,2.34355592728,3.04898738861,4.82506370544,7.75432062149,7.47479581833,7.45002937317,7.55642318726,8.22585296631,11.8625545502,10.3774833679,11.9307641983,13.8240413666,14.3274173737,12.3693399429,11.1840686798,14.3080883026,13.4225940704,10.743221283,6.62674999237,4.67680168152,3.67231702805,3.38375759125,5.04519987106,5.18710851669,1.26820600033,0.820827722549,0.403918027878,0.090406820178,0.012308257632,0.00305612012744,0.000306975241983,0.0000303199667542,0.000022797506972],"min":[2.81551845843e-15,1.50463680144e-14,4.70744862362e-14,1.01262965027e-13,1.70474487933e-13,2.31946325211e-13,2.56736933145e-13,2.28726542914e-13,1.77338598992e-13,1.95253725297e-13,4.01586912595e-13,8.31476760273e-13,1.36503070132e-12,1.96632965986e-12,3.21946158968e-12,6.05002159482e-12,9.39985329157e-12,9.20028636608e-12,4.6565581252e-12,2.05341971725e-12,3.40081261763e-12,5.12341471332e-12,5.39726553381e-12,9.96728307529e-12,1.07038570715e-11,6.60185014295e-12,8.3302609602e-12,5.22757661811e-12,1.55838328353e-11,6.83312477781e-12,1.36621547409e-11,7.63585548957e-12,4.80606006381e-12,3.75506960595e-12,1.67270028124e-12,1.18601428591e-12,1.1016762589e-12,5.90737799389e-13,1.09924513882e-13,7.72904181249e-15],"var":[0.0012875685934,0.0663746520877,1.92434203625,6.09114456177,34.9330329895,106.196395874,329.0262146,116.169548035,501.92666626,1766.70410156,12524.3652344,11807.1572266,7280.27099609,21567.171875,11867.71875,14951.2929688,9563.04101562,14682.3525391,7092.73730469,7159.14599609,3308.97753906,1366.22058105,1687.24621582,2062.72949219,988.737792969,787.303710938,273.961120605,258.35333252,441.614379883,828.32623291,1561.22045898,221.004745483,89.2828674316,35.2106132507,4.82799959183,0.25634843111,0.00320996972732,0.0000188708891073,4.41719159028e-8,8.37757752059e-10]},"erbbands_crest":{"dmean":2.44002485275,"dmean2":3.82377266884,"dvar":6.09664344788,"dvar2":13.4223690033,"max":29.6650104523,"mean":8.29623126984,"median":6.87921142578,"min":2.34276556969,"var":20.6267032623},"erbbands_flatness_db":{"dmean":0.0164091233164,"dmean2":0.0230244304985,"dvar":0.000271976226941,"dvar2":0.000462594762212,"max":0.298330634832,"mean":0.152556329966,"median":0.144738793373,"min":0.0181799326092,"var":0.00182072166353},"erbbands_kurtosis":{"dmean":0.830477237701,"dmean2":1.24168431759,"dvar":1.57935714722,"dvar2":3.22044944763,"max":25.4342041016,"mean":0.549854934216,"median":-0.109713673592,"min":-1.79366564751,"var":4.50569105148},"erbbands_skewness":{"dmean":0.32567229867,"dmean2":0.475106626749,"dvar":0.11385653913,"dvar2":0.216021209955,"max":4.34545850754,"mean":0.00178610603325,"median":-0.0934700965881,"min":-4.31225728989,"var":0.658198356628},"erbbands_spread":{"dmean":8.03553676605,"dmean2":11.8370599747,"dvar":63.7822380066,"dvar2":135.963699341,"max":158.962493896,"mean":40.3515052795,"median":39.2138633728,"min":5.26651716232,"var":356.571624756},"gfcc":{"cov":[[18818.8125,1243.40917969,-2201.12670898,198.519302368,-1395.72692871,36.3451766968,-771.352722168,-41.2169761658,-366.720367432,-375.570800781,-147.337478638,-320.482330322,-106.550315857],[1243.40917969,1174.21154785,-480.773101807,-112.18812561,-36.1306343079,-139.204452515,47.6029014587,-74.4046783447,65.2710723877,-163.633712769,43.3703842163,-125.107711792,25.9571170807],[-2201.12670898,-480.773101807,657.671569824,124.896560669,124.905471802,42.6146621704,27.0360679626,49.1788787842,17.5085792542,101.141410828,-8.29011249542,78.9271392822,-17.0347766876],[198.519302368,-112.18812561,124.896560669,334.171966553,82.3973083496,-23.532749176,-74.9089736938,-7.39353132248,-11.0669498444,29.4813194275,-19.5960102081,24.1166667938,14.2097673416],[-1395.72692871,-36.1306343079,124.905471802,82.3973083496,287.518035889,21.3364772797,59.5276412964,-2.29847455025,26.2232894897,41.2354660034,3.97631502151,24.6548576355,28.8162593842],[36.3451766968,-139.204452515,42.6146621704,-23.532749176,21.3364772797,162.602676392,49.136138916,-4.9286031723,-32.4946060181,19.3409137726,1.01581466198,7.22489833832,-5.14328479767],[-771.352722168,47.6029014587,27.0360679626,-74.9089736938,59.5276412964,49.136138916,176.954101562,21.8858222961,1.58651471138,-5.18001842499,23.5358810425,3.30288124084,2.87001419067],[-41.2169761658,-74.4046783447,49.1788787842,-7.39353132248,-2.29847455025,-4.9286031723,21.8858222961,94.6557769775,35.3689460754,13.9306631088,-10.4796295166,3.51228380203,-1.45888948441],[-366.720367432,65.2710723877,17.5085792542,-11.0669498444,26.2232894897,-32.4946060181,1.58651471138,35.3689460754,113.029624939,14.3603906631,3.02466511726,-16.2893314362,4.86247634888],[-375.570800781,-163.633712769,101.141410828,29.4813194275,41.2354660034,19.3409137726,-5.18001842499,13.9306631088,14.3603906631,95.4763031006,9.84059429169,18.1636714935,-7.47905874252],[-147.337478638,43.3703842163,-8.29011249542,-19.5960102081,3.97631502151,1.01581466198,23.5358810425,-10.4796295166,3.02466511726,9.84059429169,70.2653427124,17.6800041199,-5.42157840729],[-320.482330322,-125.107711792,78.9271392822,24.1166667938,24.6548576355,7.22489833832,3.30288124084,3.51228380203,-16.2893314362,18.1636714935,17.6800041199,74.6403884888,22.0887985229],[-106.550315857,25.9571170807,-17.0347766876,14.2097673416,28.8162593842,-5.14328479767,2.87001419067,-1.45888948441,4.86247634888,-7.47905874252,-5.42157840729,22.0887985229,60.3971099854]],"icov":[[0.000360705918865,-0.000399173586629,0.00100750161801,-0.000811922596768,0.00123552512378,-0.00112836516928,0.00117700174451,-0.00130191468634,0.000917120312806,-0.000230408710195,0.000331415678374,-0.00018481387815,0.000505104311742],[-0.000399173586629,0.00270296190865,-0.000271603552392,0.000822380883619,-0.00164860708173,0.00264991796575,-0.00224150507711,0.002823271323,-0.00219483743422,0.00258294097148,-0.00224984297529,0.00304062175564,-0.00176645582542],[0.00100750161801,-0.000271603552392,0.00560285756364,-0.00295336497948,0.00287269894034,-0.00292396615259,0.00238400325179,-0.00361810112372,0.00149681686889,-0.00121358491015,0.00159994128626,-0.00237208558246,0.00308931944892],[-0.000811922596768,0.000822380883619,-0.00295336497948,0.00603995472193,-0.00419999891892,0.00300565827638,-0.000420748139732,0.0026856304612,-0.000942330167163,0.000234433508012,-0.000367997592548,0.000400563032599,-0.00176975992508],[0.00123552512378,-0.00164860708173,0.00287269894034,-0.00419999891892,0.00950184371322,-0.00417153770104,0.00161629833747,-0.00293999980204,0.00173642660957,-0.00271028070711,0.00189398392104,-0.0011473443592,-0.000235728221014],[-0.00112836516928,0.00264991796575,-0.00292396615259,0.00300565827638,-0.00417153770104,0.0120946830139,-0.00637402851135,0.00548081379384,-0.00113261153456,0.000112104091386,-0.00128982739989,0.00262396153994,-0.00217616488226],[0.00117700174451,-0.00224150507711,0.00238400325179,-0.000420748139732,0.00161629833747,-0.00637402851135,0.0132136410102,-0.00782239995897,0.00463439896703,0.000486212200485,-0.00165683217347,-0.000333084433805,0.00134053919464],[-0.00130191468634,0.002823271323,-0.00361810112372,0.0026856304612,-0.00293999980204,0.00548081379384,-0.00782239995897,0.0197404325008,-0.00892544817179,0.000652513932437,0.00171429268084,-0.000126965416712,-0.00144480087329],[0.000917120312806,-0.00219483743422,0.00149681686889,-0.000942330167163,0.00173642660957,-0.00113261153456,0.00463439896703,-0.00892544817179,0.0158149022609,-0.00348640419543,-0.000981810735539,0.00364315509796,-0.00128111836966],[-0.000230408710195,0.00258294097148,-0.00121358491015,0.000234433508012,-0.00271028070711,0.000112104091386,0.000486212200485,0.000652513932437,-0.00348640419543,0.017111286521,-0.00456422520801,0.00126740906853,0.000907676876523],[0.000331415678374,-0.00224984297529,0.00159994128626,-0.000367997592548,0.00189398392104,-0.00128982739989,-0.00165683217347,0.00171429268084,-0.000981810735539,-0.00456422520801,0.020907510072,-0.0103732217103,0.00638046953827],[-0.00018481387815,0.00304062175564,-0.00237208558246,0.000400563032599,-0.0011473443592,0.00262396153994,-0.000333084433805,-0.000126965416712,0.00364315509796,0.00126740906853,-0.0103732217103,0.0268702115864,-0.0125071313232],[0.000505104311742,-0.00176645582542,0.00308931944892,-0.00176975992508,-0.000235728221014,-0.00217616488226,0.00134053919464,-0.00144480087329,-0.00128111836966,0.000907676876523,0.00638046953827,-0.0125071313232,0.0246860738844]],"mean":[-15.612701416,76.227684021,-134.590316772,45.5549850464,-66.7452163696,24.7579631805,-40.8162689209,6.30933094025,-20.5533695221,-6.87564373016,-13.6538801193,-5.96090126038,-13.0146274567]},"hfc":{"dmean":9.74424648285,"dmean2":12.8674173355,"dvar":232.6146698,"dvar2":424.748962402,"max":341.668731689,"mean":26.9418258667,"median":18.0307216644,"min":3.97031886534e-11,"var":765.948303223},"melbands":{"dmean":[0.000172639018274,0.000244186783675,0.000239323475398,0.000287016155198,0.000156215435709,0.0000675425690133,0.0000804621813586,0.000139848227263,0.000221688809688,0.000138911665999,0.0000964909850154,0.000113477253763,0.0000673803151585,0.0000748274178477,0.0000516452637385,0.0000536287625437,0.000051707138482,0.0000377644246328,0.0000285985388473,0.0000308622475131,0.0000168046917679,0.000010571257917,0.0000143107326949,0.0000151472140715,0.0000123578729472,0.00000889172224561,0.00000692732692187,0.00000527913198312,0.00000362996252079,0.00000389440810977,0.00000360809053745,0.00000361745924238,0.00000396786253987,0.00000506193737237,0.00000829868167784,0.00000303799174617,0.00000175615366516,0.0000015842740595,0.00000277269646176,9.03414957065e-7],"dmean2":[0.000288716400973,0.000407644489314,0.00038922711974,0.000470698199933,0.000246281240834,0.000106026447611,0.000119932781672,0.000207638338907,0.000317580852425,0.000198279856704,0.000140103060403,0.000160786396009,0.0000913916010177,0.000103674872662,0.0000734217610443,0.0000804499140941,0.0000752920750529,0.0000572235512664,0.000042509080231,0.0000474522821605,0.0000249437125603,0.0000160736599355,0.0000222814760491,0.0000232454058278,0.0000185024236998,0.0000133421654027,0.000010396860489,0.0000080826030171,0.000005626764505,0.00000602702766628,0.00000567347706237,0.00000562868763154,0.00000605879540672,0.00000752561390982,0.0000124948292068,0.00000463965261588,0.00000268524740932,0.00000240447639044,0.00000421900676884,0.00000136508697324],"dvar":[5.38010809237e-8,1.25486721458e-7,1.03708913457e-7,1.60601487664e-7,1.01103807992e-7,2.54078553752e-8,6.29637995075e-8,1.2920924064e-7,3.17694031082e-7,1.74922547558e-7,8.69959038141e-8,1.45898425785e-7,5.29063086674e-8,4.66929677145e-8,2.58981884826e-8,3.63845060747e-8,1.99562197878e-8,9.1038216965e-9,6.44349729129e-9,5.46441247806e-9,1.91428473073e-9,7.03141989078e-10,1.19033805035e-9,1.01560082566e-9,6.32336516482e-10,2.93221918968e-10,1.93226518119e-10,1.41030395695e-10,6.30466165386e-11,6.81851311524e-11,6.35475977395e-11,8.46864106618e-11,1.49303402974e-10,2.09351022629e-10,4.49169479388e-10,1.03723474254e-10,3.46732885459e-11,1.86826856069e-11,5.83647158381e-11,9.33997150454e-12],"dvar2":[1.40883841482e-7,3.12802370672e-7,2.68548063787e-7,4.13632704976e-7,2.12245439002e-7,5.28354675566e-8,1.31380502921e-7,2.74630451713e-7,5.87140505104e-7,3.32359519462e-7,1.79395769351e-7,2.83910850385e-7,8.62607834051e-8,8.3518585825e-8,4.88512128527e-8,7.69103536413e-8,3.65200669705e-8,1.90665883082e-8,1.32705109124e-8,1.21419141408e-8,3.43350370358e-9,1.45372813787e-9,2.74149991597e-9,2.30842256421e-9,1.43237244288e-9,5.3675974776e-10,3.70745378842e-10,2.96704882885e-10,1.3892516304e-10,1.56527041328e-10,1.47701836872e-10,1.97407340474e-10,3.2663391436e-10,4.58480947652e-10,1.04290864833e-9,2.29655933159e-10,7.56214049713e-11,4.00600906614e-11,1.25690000075e-10,1.86316847367e-11],"max":[0.00277777132578,0.0037501421757,0.0036556373816,0.0056124329567,0.00725460471585,0.00346063054167,0.00580646051094,0.0057412609458,0.0113723911345,0.00790989678353,0.00744618987665,0.00725468527526,0.00676597421989,0.00564441643655,0.00346622033976,0.00498783914372,0.00403077714145,0.00209902063943,0.00172764237504,0.00145391141996,0.00180885847658,0.000895660195965,0.00113161664922,0.000643137726001,0.000610984687228,0.000728122831788,0.000562304980122,0.000430881977081,0.000250654207775,0.000165279372595,0.000163708435139,0.000191986022401,0.000424461264629,0.000449910439784,0.000606109795626,0.000330078706611,0.000154015826411,0.000112120898848,0.000121870711155,0.000134854461066],"mean":[0.000272988458164,0.000488767342176,0.000455500528915,0.000489063095301,0.000291737960652,0.000120326250908,0.000129447013023,0.000225134237553,0.00037097389577,0.000230108911637,0.000156472524395,0.000187274607015,0.000118480878882,0.000129323510919,0.0000880019288161,0.0000830329736345,0.0000829509444884,0.000059784946643,0.000046296932851,0.0000522437367181,0.0000298720442515,0.0000197125100385,0.0000242735950451,0.0000251527744695,0.0000222459002543,0.0000166633199115,0.0000116798810268,0.00000857557461131,0.00000571571399632,0.00000595385017732,0.00000500001851833,0.00000499505949847,0.00000565084019399,0.00000774224099587,0.000012916308151,0.00000445406431027,0.00000227748114412,0.0000020912200398,0.00000362430569112,0.00000123673828512],"median":[0.000170030194568,0.000302553060465,0.00033347576391,0.000313211989123,0.000131742184749,0.0000533212405571,0.0000447508064099,0.000054307100072,0.0000594846933382,0.0000382080033887,0.0000329987742589,0.0000283052613668,0.0000228325916396,0.0000320659091813,0.0000244733892032,0.0000201962684514,0.0000202585561055,0.0000203902145586,0.0000162548021763,0.0000201966122404,0.0000120839231386,0.00000993099638436,0.0000118711104733,0.0000116414666991,0.00000995132904791,0.00000799159352027,0.00000551798075321,0.00000382959387935,0.00000263894708041,0.00000254987526205,0.00000191491085388,0.00000174784838691,0.00000206319873541,0.00000286087674795,0.00000354517624146,0.00000119151718536,4.47319791874e-7,4.60326987195e-7,6.08986965744e-7,2.26399578196e-7],"min":[2.55781467302e-17,2.34240046333e-17,1.95678060773e-17,1.47313091598e-17,9.44577724681e-18,5.1870242146e-18,2.62075033769e-18,2.24449875747e-18,3.59014749258e-18,5.51339701068e-18,6.86132545556e-18,7.67980123293e-18,9.48817273475e-18,1.37084052066e-17,1.90294818977e-17,2.11106021444e-17,1.66291559613e-17,8.36720321121e-18,3.05951050924e-18,2.77517296394e-18,4.22674321046e-18,5.2697319361e-18,5.02439761104e-18,4.88423599215e-18,8.3434217686e-18,9.37170653168e-18,5.35151197454e-18,4.10979682904e-18,5.76170215491e-18,3.07110158437e-18,3.14198992889e-18,1.07252263039e-17,3.99605122301e-18,3.70792064101e-18,9.60737607846e-18,4.97607744197e-18,3.95314040155e-18,2.80300242167e-18,3.82476486562e-18,2.76163470565e-18],"var":[8.94146481301e-8,2.90900914024e-7,2.02333652055e-7,3.25777222088e-7,3.16132371836e-7,5.83411257082e-8,1.28568046875e-7,2.69910430006e-7,8.74412990015e-7,4.41899800308e-7,1.98588750777e-7,3.8005819647e-7,1.66422537973e-7,1.32860137114e-7,6.11704109588e-8,6.55916210235e-8,5.6085216471e-8,2.20284270824e-8,1.33793962576e-8,1.11513962509e-8,5.52030154921e-9,1.86798776447e-9,1.99518535027e-9,1.73855208008e-9,1.61113888897e-9,1.03866304446e-9,4.69865091279e-10,3.0997981959e-10,1.02579611472e-10,1.10504348727e-10,9.60688820162e-11,1.1670199529e-10,2.1463252009e-10,3.18120724208e-10,7.9158191113e-10,1.88202578522e-10,5.87112164441e-11,3.05931495415e-11,8.82377365619e-11,1.72937584392e-11]},"melbands_crest":{"dmean":3.14493465424,"dmean2":5.12648248672,"dvar":7.73091602325,"dvar2":19.651014328,"max":30.893907547,"mean":12.8799943924,"median":11.8770065308,"min":2.88028764725,"var":28.6672267914},"melbands_flatness_db":{"dmean":0.0211487431079,"dmean2":0.0314345173538,"dvar":0.000418662151787,"dvar2":0.000853592006024,"max":0.359514832497,"mean":0.139077201486,"median":0.138462737203,"min":0.0172777120024,"var":0.00249663647264},"melbands_kurtosis":{"dmean":3.68590760231,"dmean2":5.70132732391,"dvar":71.4263687134,"dvar2":144.643630981,"max":364.82522583,"mean":9.10455703735,"median":3.82204961777,"min":-1.86126077175,"var":720.974182129},"melbands_skewness":{"dmean":0.555983901024,"dmean2":0.832909345627,"dvar":0.339386701584,"dvar2":0.691171169281,"max":17.4341030121,"mean":2.05679416656,"median":1.81700563431,"min":-1.06296873093,"var":3.56982016563},"melbands_spread":{"dmean":11.5265703201,"dmean2":17.2539386749,"dvar":254.70362854,"dvar2":525.924133301,"max":234.604797363,"mean":40.5271492004,"median":32.6574020386,"min":2.17731952667,"var":808.310546875},"mfcc":{"cov":[[12010.9755859,691.563659668,-453.389831543,-3.67269539833,-248.260528564,-150.259475708,-228.76512146,24.9053134918,-306.843322754,-36.3609466553,-91.7843017578,-222.363494873,-127.051101685],[691.563659668,1020.91589355,-283.553985596,-27.7530498505,-101.113006592,-42.1065711975,-37.2998847961,53.8574333191,-48.3807945251,28.1032218933,-6.54861974716,-26.6467437744,-54.1073532104],[-453.389831543,-283.553985596,376.193634033,38.4369659424,33.4924201965,3.0974419117,-0.281384408474,-14.4218835831,12.9070949554,-6.42347574234,18.7518692017,14.4719343185,20.3483123779],[-3.67269539833,-27.7530498505,38.4369659424,302.138397217,113.145309448,7.63586568832,-34.0094947815,-12.6608953476,16.6657829285,-16.6736106873,-28.6157417297,22.8091392517,16.7014713287],[-248.260528564,-101.113006592,33.4924201965,113.145309448,185.281890869,42.7698936462,-20.3925476074,-23.9745197296,33.1369285583,-0.474559813738,-10.3980827332,11.2078266144,15.9056777954],[-150.259475708,-42.1065711975,3.0974419117,7.63586568832,42.7698936462,138.596710205,64.3412246704,-7.80343914032,5.78674459457,-9.6223526001,-1.62124848366,0.821468830109,8.00193405151],[-228.76512146,-37.2998847961,-0.281384408474,-34.0094947815,-20.3925476074,64.3412246704,140.313705444,31.239030838,5.0025434494,-15.3927850723,7.63243293762,5.28961181641,5.87359237671],[24.9053134918,53.8574333191,-14.4218835831,-12.6608953476,-23.9745197296,-7.80343914032,31.239030838,80.8802337646,14.9590387344,3.4177980423,-2.43586182594,-3.24204206467,2.7638437748],[-306.843322754,-48.3807945251,12.9070949554,16.6657829285,33.1369285583,5.78674459457,5.0025434494,14.9590387344,99.5726776123,22.2175159454,-9.06022453308,9.20563983917,4.18663835526],[-36.3609466553,28.1032218933,-6.42347574234,-16.6736106873,-0.474559813738,-9.6223526001,-15.3927850723,3.4177980423,22.2175159454,80.8581314087,28.3960933685,-1.28792524338,-8.2322769165],[-91.7843017578,-6.54861974716,18.7518692017,-28.6157417297,-10.3980827332,-1.62124848366,7.63243293762,-2.43586182594,-9.06022453308,28.3960933685,72.3817214966,17.2614841461,-7.56251573563],[-222.363494873,-26.6467437744,14.4719343185,22.8091392517,11.2078266144,0.821468830109,5.28961181641,-3.24204206467,9.20563983917,-1.28792524338,17.2614841461,67.4266738892,12.3905448914],[-127.051101685,-54.1073532104,20.3483123779,16.7014713287,15.9056777954,8.00193405151,5.87359237671,2.7638437748,4.18663835526,-8.2322769165,-7.56251573563,12.3905448914,65.740562439]],"icov":[[0.000105417115265,1.3022473766e-8,0.0000927673027036,-0.0000679968870827,0.000108243191789,-0.0000257331212197,0.000179639682756,-0.000109373671876,0.000278707855614,-0.00000877438924363,0.0000668683642289,0.000239735178184,0.000101453515526],[1.3022473766e-8,0.00144889217336,0.000953415292315,-0.000271191791398,0.00058447686024,-0.000192624691408,0.000613238662481,-0.00104214646854,0.000653834838886,-0.000482957519125,0.000105133585748,0.00000412077361034,0.000746576813981],[0.0000927673027036,0.000953415292315,0.00357472524047,-0.000529028009623,0.000241582005401,0.0000663123792037,0.000442151038442,-0.000246767915087,0.0000944339408306,0.000360282050679,-0.00119250325952,0.000355586729711,-0.000268828123808],[-0.0000679968870827,-0.000271191791398,-0.000529028009623,0.00481477752328,-0.0029310840182,0.000325142435031,0.000486977020046,-0.00022063148208,0.000115891423775,0.000458654511021,0.00170639785938,-0.00182133808266,-0.000189082435099],[0.000108243191789,0.00058447686024,0.000241582005401,-0.0029310840182,0.00914106238633,-0.00326478248462,0.00231738714501,0.00107966479845,-0.00210282788612,-0.0000123455829453,-0.000438372982899,0.000447438418632,-0.000708970881533],[-0.0000257331212197,-0.000192624691408,0.0000663123792037,0.000325142435031,-0.00326478248462,0.0112172719091,-0.0062952414155,0.00278873951174,0.000112189081847,-0.0000966322477325,0.00042315653991,0.000724096258637,-0.000548699346837],[0.000179639682756,0.000613238662481,0.000442151038442,0.000486977020046,0.00231738714501,-0.0062952414155,0.0124891279265,-0.005191934295,-0.000257203442743,0.00259965844452,-0.00188070547301,-0.000415504095145,0.000103214850242],[-0.000109373671876,-0.00104214646854,-0.000246767915087,-0.00022063148208,0.00107966479845,0.00278873951174,-0.005191934295,0.0163630563766,-0.00337171182036,-0.000469574762974,0.000398828589823,0.00100640777964,-0.00174928095657],[0.000278707855614,0.000653834838886,0.0000944339408306,0.000115891423775,-0.00210282788612,0.000112189081847,-0.000257203442743,-0.00337171182036,0.0141630545259,-0.00538877863437,0.0045312512666,-0.00205797725357,0.00101031479426],[-0.00000877438924363,-0.000482957519125,0.000360282050679,0.000458654511021,-0.0000123455829453,-0.0000966322477325,0.00259965844452,-0.000469574762974,-0.00538877863437,0.0176686700433,-0.00843630637974,0.00250730640255,0.000272405392025],[0.0000668683642289,0.000105133585748,-0.00119250325952,0.00170639785938,-0.000438372982899,0.00042315653991,-0.00188070547301,0.000398828589823,0.0045312512666,-0.00843630637974,0.0207235645503,-0.00638768449426,0.00260006100871],[0.000239735178184,0.00000412077361034,0.000355586729711,-0.00182133808266,0.000447438418632,0.000724096258637,-0.000415504095145,0.00100640777964,-0.00205797725357,0.00250730640255,-0.00638768449426,0.0187127385288,-0.00319891027175],[0.000101453515526,0.000746576813981,-0.000268828123808,-0.000189082435099,-0.000708970881533,-0.000548699346837,0.000103214850242,-0.00174928095657,0.00101031479426,0.000272405392025,0.00260006100871,-0.00319891027175,0.0173275209963]],"mean":[-639.143798828,91.3266143799,-4.72705507278,17.117099762,3.34897470474,9.05461406708,-3.17638349533,8.96251964569,-5.65994596481,3.92579364777,0.00427883397788,-5.05619096756,-1.51736474037]},"pitch_salience":{"dmean":0.0612441152334,"dmean2":0.0976212099195,"dvar":0.00277231563814,"dvar2":0.00699950894341,"max":0.970003187656,"mean":0.605173230171,"median":0.619044005871,"min":0.139070048928,"var":0.012173098512},"silence_rate_20dB":{"dmean":0,"dmean2":0,"dvar":0,"dvar2":0,"max":1,"mean":1,"median":1,"min":1,"var":0},"silence_rate_30dB":{"dmean":0,"dmean2":0,"dvar":0,"dvar2":0,"max":1,"mean":1,"median":1,"min":1,"var":0},"silence_rate_60dB":{"dmean":0.0129302814603,"dmean2":0.0258650816977,"dvar":0.0127637246624,"dvar2":0.0290430616587,"max":1,"mean":0.0850803628564,"median":0,"min":0,"var":0.0778410360217},"spectral_centroid":{"dmean":298.621154785,"dmean2":439.331176758,"dvar":123805.34375,"dvar2":238121.78125,"max":10566.0576172,"mean":1843.09973145,"median":1724.2052002,"min":453.758270264,"var":470860.84375},"spectral_complexity":{"dmean":4.25441217422,"dmean2":6.30723524094,"dvar":23.0717010498,"dvar2":45.4998550415,"max":57,"mean":20.5691814423,"median":20,"min":0,"var":101.642845154},"spectral_contrast_coeffs":{"dmean":[0.0509409345686,0.0463278070092,0.0384446382523,0.032484497875,0.0227065235376,0.0170854572207],"dmean2":[0.0850539430976,0.0736617520452,0.059615124017,0.0504851453006,0.035799767822,0.0270398817956],"dvar":[0.00166577135678,0.00161481939722,0.0011828255374,0.000747058016714,0.000386060011806,0.000229599172599],"dvar2":[0.00455756299198,0.00376957561821,0.00240670447238,0.00171311479062,0.000857885694131,0.000531940371729],"max":[-0.315841734409,-0.43371295929,-0.479126721621,-0.544672310352,-0.572191357613,-0.636028707027],"mean":[-0.639484763145,-0.747017145157,-0.773562669754,-0.775139153004,-0.787102878094,-0.748007535934],"median":[-0.636526167393,-0.764445006847,-0.79543864727,-0.783383011818,-0.788512825966,-0.74408185482],"min":[-0.989989876747,-0.979032933712,-0.996082246304,-0.96506267786,-0.972490847111,-0.957029819489],"var":[0.00628061918542,0.00808924343437,0.00736130028963,0.00413251854479,0.00226743123494,0.00150015368126]},"spectral_contrast_valleys":{"dmean":[0.417592704296,0.344524562359,0.297404497862,0.257731825113,0.270217418671,0.341067373753],"dmean2":[0.688958823681,0.571274518967,0.4833355546,0.409795075655,0.387275934219,0.448844045401],"dvar":[0.144451647997,0.107772193849,0.0938220918179,0.0818291902542,0.107053555548,0.163477480412],"dvar2":[0.323026716709,0.234714612365,0.18835015595,0.150770485401,0.175423428416,0.255170613527],"max":[-5.979616642,-5.21846961975,-5.34298467636,-6.03113746643,-5.65092563629,-7.09433412552],"mean":[-7.72812128067,-7.14014387131,-7.4285736084,-7.61727285385,-7.48796749115,-9.95925426483],"median":[-7.45846033096,-6.85334920883,-7.15136528015,-7.32381629944,-7.26326274872,-9.83189296722],"min":[-27.2295532227,-27.444770813,-26.9202804565,-27.0455360413,-27.1962356567,-27.3143482208],"var":[1.69962394238,2.00467133522,1.97445321083,1.89686238766,1.81574904919,1.7062278986]},"spectral_decrease":{"dmean":1.13511489097e-9,"dmean2":1.57325308336e-9,"dvar":1.93022037592e-18,"dvar2":3.22991840082e-18,"max":-2.76627745798e-22,"mean":-4.467775927e-9,"median":-3.31509575346e-9,"min":-1.73432663786e-8,"var":1.24732673877e-17},"spectral_energy":{"dmean":0.00494073797017,"dmean2":0.00674639083445,"dvar":0.0000356636810466,"dvar2":0.0000590459058003,"max":0.0730548650026,"mean":0.0193061064929,"median":0.0146416379139,"min":4.64525319659e-15,"var":0.000225467287237},"spectral_energyband_high":{"dmean":0.000883471686393,"dmean2":0.00122361269314,"dvar":0.00000386418196285,"dvar2":0.00000768211066315,"max":0.0481082871556,"mean":0.00156901206356,"median":0.000615938333794,"min":2.71576825867e-15,"var":0.00000818691023596},"spectral_energyband_low":{"dmean":0.00115747621749,"dmean2":0.00188008602709,"dvar":0.00000205099581763,"dvar2":0.00000504183844896,"max":0.0150720495731,"mean":0.0026039716322,"median":0.00204880372621,"min":1.67024071059e-16,"var":0.00000497390055898},"spectral_energyband_middle_high":{"dmean":0.00253336690366,"dmean2":0.00333984172903,"dvar":0.000018047319827,"dvar2":0.0000273256955552,"max":0.0628801807761,"mean":0.00753250299022,"median":0.0036085457541,"min":1.20770635246e-15,"var":0.0000982421042863},"spectral_energyband_middle_low":{"dmean":0.00286758714356,"dmean2":0.00429323874414,"dvar":0.0000157080557983,"dvar2":0.0000313236378133,"max":0.057127084583,"mean":0.00819525588304,"median":0.00514724571258,"min":2.12504777243e-16,"var":0.0000699189695297},"spectral_entropy":{"dmean":0.141204178333,"dmean2":0.194241404533,"dvar":0.0200901106,"dvar2":0.0353697575629,"max":9.79770469666,"mean":7.85698318481,"median":7.8497710228,"min":6.79193592072,"var":0.113501630723},"spectral_flux":{"dmean":0.0196547284722,"dmean2":0.0289173778147,"dvar":0.00045656695147,"dvar2":0.00094608211657,"max":0.25082936883,"mean":0.0766757652164,"median":0.0687923282385,"min":0.00000878442642716,"var":0.00197732169181},"spectral_kurtosis":{"dmean":0.95864802599,"dmean2":1.55624198914,"dvar":1.01935434341,"dvar2":2.74012708664,"max":11.2068328857,"mean":2.57188606262,"median":2.32174444199,"min":-1.2381644249,"var":2.42318081856},"spectral_rms":{"dmean":0.000549725315068,"dmean2":0.000746795732994,"dvar":3.61940834637e-7,"dvar2":5.81729125315e-7,"max":0.00844233576208,"mean":0.00394971389323,"median":0.00377948721871,"min":2.12883866091e-9,"var":0.00000323501512867},"spectral_rolloff":{"dmean":784.237731934,"dmean2":1212.86962891,"dvar":1307381.125,"dvar2":2484766,"max":18303.2226562,"mean":2745.13671875,"median":2045.65429688,"min":64.599609375,"var":4986685.5},"spectral_skewness":{"dmean":0.165804311633,"dmean2":0.250333338976,"dvar":0.0252436902374,"dvar2":0.0550686344504,"max":2.28972125053,"mean":1.20714569092,"median":1.19448804855,"min":-0.101005487144,"var":0.0953365638852},"spectral_spread":{"dmean":509997.625,"dmean2":736156.4375,"dvar":484035624960,"dvar2":783359803392,"max":40778544,"mean":4852390.5,"median":4526018,"min":2487076.5,"var":2354882019330},"spectral_strongpeak":{"dmean":0.658745706081,"dmean2":1.03562235832,"dvar":1.32694756985,"dvar2":2.92160558701,"max":15.3836584091,"mean":1.35084676743,"median":0.402354001999,"min":0,"var":3.65427541733},"zerocrossingrate":{"dmean":0.0153567567468,"dmean2":0.0165201537311,"dvar":0.000294793688226,"dvar2":0.000303930341033,"max":0.50830078125,"mean":0.0924456119537,"median":0.07666015625,"min":0.0166015625,"var":0.00273072835989}},"metadata":{"audio_properties":{"analysis_sample_rate":44100,"bit_rate":0,"codec":"flac","downmix":"mix","equal_loudness":0,"length":132.866668701,"lossless":true,"md5_encoded":"eb6d5e08f84b8202e6e9f8deb2ab064b","replay_gain":-4.55397224426,"sample_rate":44100},"tags":{"acoustid_id":["4737425b-4c4d-4188-8b35-179251d13310"],"album":["Collected Works"],"albumartist":["Simon & Garfunkel"],"albumartistsort":["Simon & Garfunkel"],"artist":["Simon & Garfunkel"],"artistsort":["Simon & Garfunkel"],"asin":["B0000026VB"],"barcode":["0074644532227"],"bpm":["91.1"],"catalognumber":["C3K 45322"],"compilation":["1"],"date":["1990"],"discnumber":["2"],"disctotal":["3"],"file_name":"2-09 A Simple Desultory Philippic (Or How I Was Robert McNamara’d Into Submission).flac","genre":["Folk Rock"],"grouping":["Rock"],"isrc":["USRC10101344"],"label":["CBS"],"language":["eng"],"media":["CD"],"musicbrainz_albumartistid":["5d02f264-e225-41ff-83f7-d9b1f0b1874a"],"musicbrainz_albumid":["d5ab4092-cf98-4671-8bfe-b269a87bab87"],"musicbrainz_artistid":["5d02f264-e225-41ff-83f7-d9b1f0b1874a"],"musicbrainz_discid":["Mf9Wl5nID8rGUMhku.vqEscRpiQ-"],"musicbrainz_recordingid":["8b3ad6fe-cb14-4375-850b-b3f53c3b37fd"],"musicbrainz_releasegroupid":["ac8f1f79-5a29-3057-a497-112ceedb49d3"],"musicbrainz_releasetrackid":["679498ec-958e-3ae5-a21e-4e31f52ec25e"],"originaldate":["1990"],"releasecountry":["US"],"releasestatus":["official"],"releasetype":["album","compilation"],"script":["Latn"],"title":["A Simple Desultory Philippic (Or How I Was Robert McNamara’d Into Submission)"],"totaldiscs":["3"],"tracknumber":["9"],"tracktotal":["24"]},"version":{"essentia":"2.1-beta2","essentia_build_sha":"70f2e5ece6736b2c40cc944ad0e695b16b925413","essentia_git_sha":"v2.1_beta2","extractor":"music 1.0"}},"rhythm":{"beats_count":200,"beats_loudness":{"dmean":0.0135244820267,"dmean2":0.0241554826498,"dvar":0.000162344236742,"dvar2":0.0004430522