{"lowlevel":{"average_loudness":0.80584025383,"barkbands":{"dmean":[0.000378119322704,0.00793209392577,0.00110660027713,0.000672673864756,0.00100835098419,0.000500131398439,0.000403183454182,0.000865678826813,0.000822835194413,0.00055923970649,0.000165449397173,0.000149608036736,0.00020490080351,0.000313120079227,0.000323103711708,0.000189313912415,0.000204524403671,0.000200587222935,0.000176305853529,0.0000558556712349,0.0000291455362458,0.0000215188720176,0.0000125181286421,0.0000117827967188,0.0000104985883809,0.00000239840528593,0.00000165721723988],"dmean2":[0.000605582550634,0.0132474787533,0.00201456062496,0.00116308429278,0.00169355934486,0.000787103432231,0.000625623273663,0.00132631114684,0.00130898656789,0.000862476532348,0.000258501939243,0.000237641419517,0.000322973006405,0.000499304034747,0.000516281928867,0.000301599269733,0.000334267358994,0.000323484506225,0.00028106055106,0.0000903046675376,0.000045678785682,0.0000323511885654,0.0000182304429472,0.0000166416139109,0.000014578925402,0.00000310974223794,0.0000022934145818],"dvar":[3.23424814042e-7,0.000189391430467,0.00000972636098595,0.0000027349458378,0.00000459903776573,8.11273253021e-7,9.15898169751e-7,0.00000432866227129,0.00000416340208176,0.00000367796837963,2.71318384648e-7,1.64825166848e-7,2.3395270432e-7,5.56453244371e-7,3.92069352984e-7,1.56461638312e-7,1.79733419259e-7,2.39629400767e-7,1.32677385523e-7,1.29156090267e-8,4.52481252466e-9,3.64460417401e-9,1.81250625619e-9,8.35777402841e-9,3.46001538531e-9,4.26801163855e-11,1.29661462123e-10],"dvar2":[7.62666331866e-7,0.000465890625492,0.0000280507065327,0.00000759475642553,0.0000127667490233,0.00000210446683013,0.0000021356927391,0.0000105680455817,0.0000107213199954,0.00000888379599928,6.82244092332e-7,3.72311149022e-7,5.72350870698e-7,0.00000146059437611,9.81641164799e-7,3.73962677713e-7,4.73293255254e-7,6.02125055593e-7,3.08955435457e-7,3.35943965979e-8,1.09966231676e-8,7.31876781401e-9,3.42325101599e-9,1.76275172237e-8,6.56580212421e-9,7.23437629246e-11,2.76991041215e-10],"max":[0.00776698859408,0.138772070408,0.0511572137475,0.0319295153022,0.0352367013693,0.0168753713369,0.0327747799456,0.0525254383683,0.0527606122196,0.0655784755945,0.0223358571529,0.0136814378202,0.0127037027851,0.0237246286124,0.0157326310873,0.0143988830969,0.00998730957508,0.0225222092122,0.0115912500769,0.00307721365243,0.0027943465393,0.0036678861361,0.00206667161547,0.00774096464738,0.00288630858995,0.000365948624676,0.00032968033338],"mean":[0.00119868339971,0.011572053656,0.00135038630106,0.000955590454396,0.00188997783698,0.00117556215264,0.000883002532646,0.00175696646329,0.0016960875364,0.00104623124935,0.000313417636789,0.000280820502667,0.000429474079283,0.000649348541629,0.000659550889395,0.000415142771089,0.000475792970974,0.000492193736136,0.00044988229638,0.000130759624881,0.0000793352592154,0.0000610495044384,0.0000326841836795,0.0000258669824689,0.0000231882313528,0.00000636478534943,0.00000292444110528],"median":[0.000977109768428,0.00592651776969,0.000636086799204,0.000360506004654,0.000986811472103,0.000547163886949,0.000303346838336,0.00057793862652,0.000454336230177,0.000298920145724,0.0000962271660683,0.0000891637537279,0.000152987224283,0.000219532899791,0.000325830565998,0.000176597633981,0.000185518336366,0.000146831560414,0.000163967910339,0.0000463879368908,0.000023869353754,0.0000198508078029,0.00000790238300397,0.00000564349556953,0.00000388416810893,7.42082647776e-7,6.16944575427e-8],"min":[1.04405299044e-23,9.67499088297e-24,1.27108045364e-23,3.03696049945e-23,1.87245207755e-23,9.670886913e-23,3.7919420376e-23,3.53723525962e-23,7.60282115456e-23,4.94531063912e-23,1.05427486072e-22,7.85382975262e-23,6.40998331759e-23,2.01395545392e-22,1.15090893322e-22,2.2919022004e-22,1.15240385619e-22,1.62635994463e-22,3.94851742199e-22,2.82081993205e-22,6.19221327911e-22,3.3395640086e-22,6.44125704554e-22,9.37248241579e-22,1.29945803024e-21,2.03941460804e-21,2.25770486559e-21],"var":[0.00000106273762412,0.000265479931841,0.00000680202356307,0.00000374808769266,0.00000696484585205,0.00000304039144794,0.00000301233194477,0.0000153089040396,0.0000125399801618,0.00000893449214345,7.71252871345e-7,4.47811572712e-7,8.11931499811e-7,0.00000177938727575,0.00000100719887541,5.43920918972e-7,6.52302844628e-7,0.00000109439417884,6.06246885582e-7,4.7422609839e-8,1.85803354924e-8,1.34240156768e-8,5.9209317449e-9,1.4284772476e-8,7.78872522034e-9,1.76398784468e-10,2.00195526823e-10]},"barkbands_crest":{"dmean":3.22947502136,"dmean2":5.5025267601,"dvar":9.23113250732,"dvar2":27.3845405579,"max":26.8105049133,"mean":12.1173315048,"median":11.1838035583,"min":2.51148152351,"var":28.1640834808},"barkbands_flatness_db":{"dmean":0.0228002946824,"dmean2":0.0383724197745,"dvar":0.00054323207587,"dvar2":0.00158407946583,"max":0.602804005146,"mean":0.178501039743,"median":0.152222841978,"min":0.038742236793,"var":0.00973161775619},"barkbands_kurtosis":{"dmean":5.50575685501,"dmean2":9.13893890381,"dvar":340.421295166,"dvar2":848.440856934,"max":553.526855469,"mean":9.58603096008,"median":1.48488378525,"min":-1.91391813755,"var":878.199890137},"barkbands_skewness":{"dmean":0.642179131508,"dmean2":1.05236792564,"dvar":0.657821178436,"dvar2":1.657153368,"max":16.3758049011,"mean":1.601801157,"median":1.37826275826,"min":-15.0799865723,"var":4.07231140137},"barkbands_spread":{"dmean":4.3954539299,"dmean2":7.2253074646,"dvar":21.1760654449,"dvar2":55.2619514465,"max":125.966285706,"mean":19.8852787018,"median":19.288980484,"min":0.118972048163,"var":143.249221802},"dissonance":{"dmean":0.0181125625968,"dmean2":0.0306713804603,"dvar":0.000313380121952,"dvar2":0.000871707394253,"max":0.499990254641,"mean":0.460405260324,"median":0.467813372612,"min":0.220550015569,"var":0.000881710147951},"dynamic_complexity":5.59115505219,"erbbands":{"dmean":[0.318257421255,1.54474794865,1.56256687641,1.51842021942,3.39453482628,3.27284240723,3.55071902275,4.15241241455,4.78429746628,11.9736814499,17.6132946014,19.9939441681,19.6986351013,9.41507816315,5.89784193039,7.10496902466,9.44026660919,15.5658273697,17.2671394348,11.2616701126,9.05558204651,9.21702003479,10.2224254608,10.87246418,6.58276176453,2.54266881943,1.3080906868,1.08686232567,0.843294203281,0.479408144951,0.348689734936,0.254069119692,0.195061460137,0.125326260924,0.0778417661786,0.0161123499274,0.00393566396087,0.000847291899845,0.000372013804736,0.0000248141186603],"dmean2":[0.517508149147,2.62143492699,2.80452799797,2.65385913849,5.8814406395,5.42186307907,5.4913611412,6.65962362289,7.3575463295,18.7374095917,26.850315094,31.4039268494,31.2821331024,14.1956129074,9.2478055954,11.178153038,14.8735733032,24.8173389435,27.6809310913,17.9342021942,14.3593969345,14.9326305389,16.4627056122,17.3387985229,10.5191574097,4.08761787415,2.08098936081,1.68615984917,1.28366589546,0.706982791424,0.51114064455,0.369992375374,0.279151886702,0.175932705402,0.11124381423,0.0219686478376,0.00521735753864,0.00112566468306,0.000533415644895,0.0000361057573173],"dvar":[0.228315368295,10.0113716125,18.7750110626,13.7390146255,74.2890319824,43.4978790283,40.7236099243,68.8752288818,145.530715942,1182.27990723,1798.9354248,2568.08886719,5465.43994141,858.622131348,189.806472778,340.239318848,473.225891113,1545.47338867,1115.40014648,603.247924805,339.430145264,403.940826416,485.483795166,610.359069824,179.177124023,27.3081188202,9.29629707336,6.85150671005,5.33329868317,2.0511174202,1.7785128355,2.06291532516,3.12310385704,0.693927586079,0.179126515985,0.00306786596775,0.000102688973129,0.00000751365178076,0.00000989190266409,8.68327720838e-9],"dvar2":[0.531274318695,26.0801792145,53.1202735901,38.8119621277,211.542266846,116.43901825,95.6657028198,184.824798584,345.130065918,3039.5324707,4196.93457031,6531.75878906,13823.6074219,2020.6550293,445.130889893,780.207702637,1153.44287109,4126.23535156,2870.19238281,1492.24157715,816.687316895,1041.81225586,1237.44592285,1439.18359375,443.763275146,70.0160369873,23.6966304779,15.5619525909,10.3960895538,4.13838386536,3.48094463348,4.3631272316,6.94922304153,1.35606563091,0.370945215225,0.00585879711434,0.000179549548193,0.0000146570437209,0.0000218064251385,1.75451155826e-8],"max":[5.11796712875,32.1934089661,61.6957473755,54.9786682129,124.652832031,117.86706543,189.819595337,206.368499756,321.279876709,1221.04992676,1379.45153809,1465.39196777,2447.89160156,1710.06494141,442.663665771,678.58795166,649.235839844,1170.93115234,968.488220215,671.655090332,618.038513184,602.392211914,834.231811523,730.670166016,325.626312256,160.623138428,92.9130020142,129.746444702,135.268951416,82.1225509644,67.8172225952,84.2300033569,155.831802368,43.1386680603,15.8142290115,3.50628089905,0.398139059544,0.0694799721241,0.0912050455809,0.00332540413365],"mean":[0.485423833132,1.97122633457,2.0323536396,2.26002764702,4.97997331619,6.17021369934,8.24765777588,9.60593318939,11.8792324066,24.1776046753,38.5040969849,42.7972221375,38.4024581909,20.0395851135,12.438615799,14.9911165237,21.101732254,33.8370552063,36.6471977234,26.1556148529,22.8125934601,23.4688415527,27.3470458984,27.8780536652,16.5072841644,6.44188547134,3.51076126099,2.98908448219,2.392111063,1.31685209274,0.888929665089,0.583692610264,0.409422695637,0.27293291688,0.161781936884,0.0396189205348,0.0102052371949,0.00205511995591,0.000601081177592,0.0000636198674329],"median":[0.24283477664,0.977279782295,1.0842359066,1.1806230545,2.13600206375,2.83184623718,4.22072315216,3.799492836,3.89583730698,8.19187355042,13.7564926147,11.8093357086,11.3414649963,7.01251125336,5.31466293335,5.09966754913,8.40269947052,13.335817337,18.9765548706,12.9968547821,9.82499504089,9.41154289246,9.54636573792,9.01541900635,6.11282920837,2.2979092598,1.13318371773,0.861183166504,0.769020438194,0.392718106508,0.208547264338,0.135842293501,0.0798489749432,0.0481735020876,0.0243054628372,0.00596499070525,0.000885341898538,0.000124398473417,0.0000259962507698,0.0000306853253278],"min":[2.87440441344e-22,2.23492952986e-21,9.28484953652e-21,8.05881551885e-20,4.16332894683e-20,5.88810553717e-20,6.27838563529e-19,6.0543003394e-19,5.51107377053e-19,6.92070947551e-19,8.86949064701e-19,1.90148536221e-18,1.76013549837e-18,2.36766470991e-18,4.10437755526e-18,3.1327224041e-18,2.34311378253e-18,7.50601720368e-18,9.5228878507e-18,5.32244857013e-18,1.39960994508e-17,7.70655969857e-18,8.34064492329e-18,1.95837193779e-17,1.66396363396e-17,1.47910481436e-17,2.73137089673e-17,1.72106970191e-17,1.33960469181e-17,1.29298330356e-17,1.94236433857e-17,1.97126255502e-17,1.48109517635e-17,1.28012817237e-17,1.10195520551e-17,6.70954691214e-18,3.83808330066e-18,1.21584507184e-18,3.28283428198e-19,3.54942910041e-20],"var":[0.414847105742,10.5783529282,13.6800317764,14.2336235046,77.4015197754,87.1388702393,132.651092529,270.204772949,607.132080078,3303.54248047,6866.63183594,8043.87939453,13414.1396484,2846.38549805,581.298339844,1088.16699219,1749.94726562,4659.02392578,2972.14868164,1710.60437012,1441.14233398,1452.50720215,2364.59375,2768.76074219,743.672485352,112.318565369,35.9636306763,28.1155014038,21.3809833527,6.44859027863,5.28137016296,4.37208986282,4.68091344833,1.44409620762,0.356655806303,0.00896359980106,0.000451956962934,0.0000226669453696,0.0000135573136504,1.7397026042e-8]},"erbbands_crest":{"dmean":2.47073912621,"dmean2":3.99128103256,"dvar":5.45458507538,"dvar2":13.8682222366,"max":30.7730941772,"mean":9.92112541199,"median":8.95087146759,"min":2.02859449387,"var":19.174987793},"erbbands_flatness_db":{"dmean":0.0143196992576,"dmean2":0.0209466237575,"dvar":0.000211542836041,"dvar2":0.000421051459853,"max":0.343110561371,"mean":0.179615095258,"median":0.179780244827,"min":0.0141979595646,"var":0.00226085842587},"erbbands_kurtosis":{"dmean":0.993123471737,"dmean2":1.61438810825,"dvar":6.92469549179,"dvar2":19.0646724701,"max":113.212432861,"mean":0.989491224289,"median":-0.0976104736328,"min":-1.75383043289,"var":25.3841934204},"erbbands_skewness":{"dmean":0.343469709158,"dmean2":0.538602054119,"dvar":0.11661452055,"dvar2":0.296897381544,"max":8.59698677063,"mean":0.158343672752,"median":0.0208995584399,"min":-3.43074464798,"var":1.0805606842},"erbbands_spread":{"dmean":5.16186714172,"dmean2":8.17471981049,"dvar":31.2500495911,"dvar2":73.9605636597,"max":133.690734863,"mean":31.2965869904,"median":28.8988723755,"min":2.48839330673,"var":221.677474976},"gfcc":{"cov":[[29609.2402344,368.994659424,-4082.80249023,1319.12414551,-1687.16687012,504.160736084,-1356.32299805,1063.2175293,-38.2885131836,513.802856445,-278.682342529,352.701171875,-208.068572998],[368.994659424,1722.89953613,-305.071868896,-34.2223243713,380.70916748,-49.542514801,207.500930786,-18.4518966675,126.931121826,-35.9362030029,91.5027618408,-159.171707153,102.44077301],[-4082.80249023,-305.071868896,1364.99853516,-48.2586936951,264.678863525,31.2210254669,178.863525391,-134.892883301,-16.6128978729,-46.2351455688,-6.81863880157,28.6234741211,-21.7245044708],[1319.12414551,-34.2223243713,-48.2586936951,377.69909668,-76.7946090698,-35.4420661926,-78.6001281738,-2.0746576786,-24.6339435577,7.68165016174,27.8739261627,37.2627830505,21.6514778137],[-1687.16687012,380.70916748,264.678863525,-76.7946090698,505.601959229,-14.9276399612,214.726501465,-18.9595355988,69.1042098999,7.41639709473,37.0718307495,-83.3664474487,57.3349990845],[504.160736084,-49.542514801,31.2210254669,-35.4420661926,-14.9276399612,290.761566162,27.0374202728,88.838104248,79.8916702271,16.9188327789,-28.4324035645,6.39483165741,-4.87730455399],[-1356.32299805,207.500930786,178.863525391,-78.6001281738,214.726501465,27.0374202728,246.340698242,-11.4130325317,31.1259651184,-9.20635223389,33.3065223694,-45.0420341492,33.2670631409],[1063.2175293,-18.4518966675,-134.892883301,-2.0746576786,-18.9595355988,88.838104248,-11.4130325317,151.860565186,63.9496536255,36.9464416504,-15.5151395798,5.66562175751,-3.17994379997],[-38.2885131836,126.931121826,-16.6128978729,-24.6339435577,69.1042098999,79.8916702271,31.1259651184,63.9496536255,171.869155884,32.7794914246,18.2178974152,-12.1871852875,18.4726409912],[513.802856445,-35.9362030029,-46.2351455688,7.68165016174,7.41639709473,16.9188327789,-9.20635223389,36.9464416504,32.7794914246,84.1647491455,17.5198173523,7.67383241653,-6.05331945419],[-278.682342529,91.5027618408,-6.81863880157,27.8739261627,37.0718307495,-28.4324035645,33.3065223694,-15.5151395798,18.2178974152,17.5198173523,100.092842102,15.3739700317,23.7531795502],[352.701171875,-159.171707153,28.6234741211,37.2627830505,-83.3664474487,6.39483165741,-45.0420341492,5.66562175751,-12.1871852875,7.67383241653,15.3739700317,92.0426712036,6.07256412506],[-208.068572998,102.44077301,-21.7245044708,21.6514778137,57.3349990845,-4.87730455399,33.2670631409,-3.17994379997,18.4726409912,-6.05331945419,23.7531795502,6.07256412506,87.1724319458]],"icov":[[0.00023709530069,-0.000306388625177,0.000459068774944,-0.000658771547023,0.000100164063042,-0.000343774794601,0.00046132170246,-0.000922095030546,0.000592683267314,-0.00102436239831,0.000804900017101,-0.000924671534449,0.000557556224521],[-0.000306388625177,0.0013959860662,-0.00022233845084,0.000746615696698,-0.000648989866022,0.000495365529787,-0.000865893205628,0.001466408954,-0.00132136594038,0.0020801469218,-0.00167127884924,0.00221879431047,-0.00104885478504],[0.000459068774944,-0.00022233845084,0.00216126255691,-0.00144094845746,-0.000713019340765,-0.00099810922984,0.000172456566361,-0.000482327857753,0.000805333664175,-0.00139501213562,0.00195426889695,-0.00292934430763,0.00198726519011],[-0.000658771547023,0.000746615696698,-0.00144094845746,0.00494688842446,-0.0000387897016481,0.00111763714813,-0.00016443435743,0.00218513724394,-0.0011217831634,0.00260997121222,-0.00323826307431,0.00228371913545,-0.00266481772996],[0.000100164063042,-0.000648989866022,-0.000713019340765,-0.0000387897016481,0.00458034221083,0.000625674496405,-0.00194494787138,-0.000809806690086,-0.00039205304347,-0.00189289858099,0.000324391148752,0.00209930096753,-0.00171419337858],[-0.000343774794601,0.000495365529787,-0.00099810922984,0.00111763714813,0.000625674496405,0.00548235559836,-0.00177033315413,-0.000950511079282,-0.0026716676075,0.00156840274576,0.000247312418651,0.000940175435971,-0.000850680982694],[0.00046132170246,-0.000865893205628,0.000172456566361,-0.00016443435743,-0.00194494787138,-0.00177033315413,0.00884839426726,-0.00242756120861,0.00201057014056,-0.0011057255324,-0.0010943316156,0.000149473082274,-0.000297709368169],[-0.000922095030546,0.001466408954,-0.000482327857753,0.00218513724394,-0.000809806690086,-0.000950511079282,-0.00242756120861,0.0148307904601,-0.00519076548517,0.00114782981109,-0.000635147560388,0.00198352825828,-0.00142566405702],[0.000592683267314,-0.00132136594038,0.000805333664175,-0.0011217831634,-0.00039205304347,-0.0026716676075,0.00201057014056,-0.00519076548517,0.0105449296534,-0.00458012148738,0.000227721146075,-0.00148426531814,0.0000872584059834],[-0.00102436239831,0.0020801469218,-0.00139501213562,0.00260997121222,-0.00189289858099,0.00156840274576,-0.0011057255324,0.00114782981109,-0.00458012148738,0.0201989077032,-0.00709742773324,0.00336059462279,-0.0000157795766427],[0.000804900017101,-0.00167127884924,0.00195426889695,-0.00323826307431,0.000324391148752,0.000247312418651,-0.0010943316156,-0.000635147560388,0.000227721146075,-0.00709742773324,0.017248628661,-0.00779465027153,0.000673344358802],[-0.000924671534449,0.00221879431047,-0.00292934430763,0.00228371913545,0.00209930096753,0.000940175435971,0.000149473082274,0.00198352825828,-0.00148426531814,0.00336059462279,-0.00779465027153,0.0212548766285,-0.00623339600861],[0.000557556224521,-0.00104885478504,0.00198726519011,-0.00266481772996,-0.00171419337858,-0.000850680982694,-0.000297709368169,-0.00142566405702,0.0000872584059834,-0.0000157795766427,0.000673344358802,-0.00623339600861,0.0165646504611]],"mean":[-62.7775993347,122.609451294,-118.739318848,31.4967861176,-31.79022789,8.17440414429,-23.8201522827,15.084318161,-8.98188591003,3.02147746086,-9.16919803619,-5.82299566269,-6.45234584808]},"hfc":{"dmean":2.87162542343,"dmean2":4.34540081024,"dvar":17.4032821655,"dvar2":39.675693512,"max":128.369934082,"mean":15.8195466995,"median":10.6226806641,"min":1.1911317441e-16,"var":244.168487549},"melbands":{"dmean":[0.00244684587233,0.00116708129644,0.000317197467666,0.000238831547904,0.000124462501844,0.0000936567230383,0.0000735793291824,0.000141224387335,0.000148722392623,0.000121205754112,0.0000967265368672,0.0000386279680242,0.0000220042511501,0.0000160961462825,0.0000216621538129,0.0000178159934876,0.0000339222060575,0.0000276329283224,0.0000190858554561,0.0000165530109371,0.0000108632220872,0.000010278159607,0.0000120957174659,0.0000111142671813,0.00000976326555246,0.00000630951581115,0.00000330593320541,0.00000149240429437,9.34235117711e-7,7.85094755429e-7,6.74436421377e-7,5.65613163417e-7,3.88157445741e-7,2.59334768771e-7,2.29679443464e-7,1.85074426895e-7,1.60593756959e-7,1.4565409856e-7,1.36099117753e-7,1.07067528177e-7],"dmean2":[0.00403684610501,0.00202797469683,0.000551299366634,0.000409701868193,0.000193391781067,0.000148663326399,0.000113214664452,0.000220563990297,0.000227606142289,0.000191222439753,0.000153427230543,0.0000579315565119,0.0000342714665749,0.0000256097555393,0.0000340735823556,0.0000279203686659,0.0000542269626749,0.0000441834927187,0.0000300882420561,0.0000265362341452,0.0000174147662619,0.0000167732905538,0.0000198539437406,0.0000179283997568,0.0000156716196216,0.0000100962934084,0.00000534972741661,0.00000243171507464,0.00000151552910665,0.00000125406666029,0.00000105748586066,8.74951808782e-7,5.94498203554e-7,3.88737390722e-7,3.43404849446e-7,2.75822486628e-7,2.38261634422e-7,2.12611624306e-7,1.99238527898e-7,1.55131303359e-7],"dvar":[0.0000157030608534,0.0000076265196185,6.18451451828e-7,3.09090609107e-7,4.66377443331e-8,3.23168833916e-8,3.24405036167e-8,1.63104232342e-7,1.26884415863e-7,9.60180557286e-8,1.34271061825e-7,1.55666644019e-8,3.73449937641e-9,1.39312739122e-9,2.88713164487e-9,1.5767592787e-9,7.91921106469e-9,2.78581713253e-9,1.5117292973e-9,1.32661248653e-9,4.98384389314e-10,5.9782662154e-10,5.92669857635e-10,9.61950741285e-10,4.90052165514e-10,1.74196823632e-10,4.50305105704e-11,9.48876307388e-12,4.48533050978e-12,3.61601048583e-12,2.73577514809e-12,2.27027337901e-12,1.48783871508e-12,5.77560731446e-13,6.89331946559e-13,6.7272885396e-13,1.07199969387e-12,1.57171086042e-12,1.33432923998e-12,4.22922439257e-13],"dvar2":[0.0000377270225727,0.0000204909902095,0.0000017354574311,8.74528723216e-7,1.09565192474e-7,8.49908872169e-8,7.59027827257e-8,4.22886984097e-7,2.99091254874e-7,2.44987575115e-7,3.38875963735e-7,3.63234455847e-8,8.97177621084e-9,3.36539462964e-9,6.74522704358e-9,3.72105080082e-9,2.11081090384e-8,7.15345560565e-9,3.56182217054e-9,3.21788751201e-9,1.24811305735e-9,1.58449975363e-9,1.54039092592e-9,2.38935360386e-9,1.15583154159e-9,4.2210737683e-10,1.16333331857e-10,2.44450293341e-11,1.18040160979e-11,9.25703697724e-12,6.18287712695e-12,4.57554783992e-12,3.2004249511e-12,1.17832805145e-12,1.39825358323e-12,1.4443919151e-12,2.34214297262e-12,3.39402442782e-12,2.9306557181e-12,8.67299938465e-13],"max":[0.0416801013052,0.0327164754272,0.0113744121045,0.00926229078323,0.00532878283411,0.00401128781959,0.00514698121697,0.012931836769,0.0104992352426,0.00905817653984,0.0123932827264,0.00751625141129,0.00226352363825,0.00110175053123,0.00223471294157,0.00116567744408,0.00270193233155,0.0014627702767,0.00115909602027,0.00133394065779,0.000842996989377,0.000832523335703,0.000445730955107,0.00161391578149,0.000690625049174,0.000371982547222,0.000159436385729,0.0000892121825018,0.0000629307396594,0.0000838069754536,0.0000771909326431,0.0000819364067866,0.0000602353720751,0.0000452183739981,0.0000444135512225,0.0000451058695035,0.000054018200899,0.00010943916277,0.0000942166880122,0.0000321960833389],"mean":[0.00370570481755,0.00159421202261,0.000489886442665,0.000404000747949,0.000297511287499,0.000218944565859,0.000178823451279,0.000284656678559,0.000326044624671,0.000255144695984,0.000182922609383,0.0000786959863035,0.0000428330713476,0.0000313792006637,0.0000466688106826,0.0000390518871427,0.0000685947452439,0.0000567828355997,0.0000402441328333,0.0000343805659213,0.0000252028821706,0.0000237514705077,0.0000258211803157,0.0000260987162619,0.0000224204031838,0.0000144181367432,0.00000752837559048,0.00000337769506586,0.0000022106914912,0.00000184274540516,0.00000169554107288,0.00000146832712744,9.56196572588e-7,6.43194482564e-7,5.37004098078e-7,4.15714595192e-7,3.30520890657e-7,2.8651098205e-7,2.60525553131e-7,2.23554891932e-7],"median":[0.00190615735482,0.000908385613002,0.000252042431384,0.000196924607735,0.0001571453613,0.0000910718081286,0.0000579753323109,0.0000954315328272,0.000107225729153,0.0000679285731167,0.0000498550580232,0.0000239917681029,0.0000146890179167,0.0000121239609143,0.0000154278077389,0.0000152699176397,0.0000224468312808,0.0000278532170341,0.0000199874957616,0.0000148177423398,0.00000987825296761,0.00000879062099557,0.00000994392212306,0.00000714862289897,0.00000681324763718,0.00000508000539412,0.00000266596634901,0.00000113698501991,6.91341369929e-7,5.34781690931e-7,4.55938391042e-7,4.498913313e-7,3.05128168065e-7,1.74782570639e-7,1.17664818333e-7,9.60290122975e-8,7.02601212765e-8,5.58993917821e-8,4.28623820881e-8,3.68186299227e-8],"min":[3.62072995443e-24,4.56203980731e-24,1.20529813162e-23,2.43376487136e-24,1.71176773758e-23,1.55510595715e-23,7.79089995163e-24,6.78154295707e-24,7.50725239138e-24,1.2863656592e-23,8.19220848247e-24,8.26556781349e-24,1.54626550853e-23,9.72347585193e-24,4.29412213351e-24,7.39183336348e-24,1.62238474831e-23,1.74854837729e-23,9.24868887207e-24,7.94267126777e-24,1.79058062181e-23,8.39619844623e-24,4.98264150931e-24,8.22005132812e-24,1.79675203845e-23,1.13676647157e-23,1.09079694338e-23,8.92812341032e-24,1.48524301543e-23,1.61070897583e-23,8.12046631631e-24,6.73097223988e-24,7.49276259427e-24,7.38878520494e-24,1.11892291121e-23,1.17163191477e-23,1.22827402103e-23,8.81717249058e-24,1.12698751513e-23,1.12614248732e-23],"var":[0.0000247494353971,0.00000678875994709,6.89976275225e-7,3.77620636982e-7,1.63225806205e-7,1.29105032443e-7,1.355798247e-7,4.85098667014e-7,4.84342251639e-7,2.99214207189e-7,3.28197302224e-7,5.15511651145e-8,1.14091429637e-8,3.90892873625e-9,1.10303517431e-8,6.10809847146e-9,2.31553869412e-8,7.70887442769e-9,4.06969524747e-9,3.87946430536e-9,1.88843563009e-9,1.76631453908e-9,1.80830095342e-9,4.2378278664e-9,1.87826709741e-9,6.32652319421e-10,1.6109212575e-10,3.25532933942e-11,1.51988300418e-11,1.06580135342e-11,1.0609484645e-11,8.75411028389e-12,3.80421085258e-12,1.68952428003e-12,1.93186222228e-12,1.62225864252e-12,1.96057948522e-12,2.42725240948e-12,2.04639300297e-12,8.79471408893e-13]},"melbands_crest":{"dmean":4.03207540512,"dmean2":6.71717882156,"dvar":13.2412538528,"dvar2":38.8278808594,"max":38.8357963562,"mean":18.4436511993,"median":17.336555481,"min":1.7511459589,"var":61.2427330017},"melbands_flatness_db":{"dmean":0.0284990370274,"dmean2":0.0477870181203,"dvar":0.000803694070783,"dvar2":0.00227326364256,"max":0.765149831772,"mean":0.262269884348,"median":0.234759658575,"min":0.00665243761614,"var":0.0144762340933},"melbands_kurtosis":{"dmean":11.8293828964,"dmean2":19.7339076996,"dvar":1637.97180176,"dvar2":4233.86669922,"max":1944.91442871,"mean":20.7413234711,"median":6.5556511879,"min":-1.6529135704,"var":4136.94677734},"melbands_skewness":{"dmean":0.8915386796,"dmean2":1.46959090233,"dvar":1.30734944344,"dvar2":3.39079332352,"max":32.7330207825,"mean":2.87686562538,"median":2.33873224258,"min":-0.594242990017,"var":4.90192747116},"melbands_spread":{"dmean":5.6310043335,"dmean2":9.3046541214,"dvar":36.8424606323,"dvar2":93.471282959,"max":153.151931763,"mean":21.4092617035,"median":18.8690338135,"min":0.0380773246288,"var":282.271240234},"mfcc":{"cov":[[18205.6582031,242.907821655,-1987.5,202.116912842,-544.274353027,-543.587463379,-677.826721191,-37.6050567627,-131.511611938,-2.71724915504,320.439575195,-28.6492462158,-67.8060302734],[242.907821655,1746.2590332,-321.633148193,76.9831237793,207.139633179,61.7852401733,149.607925415,58.1947097778,107.572822571,217.40612793,90.5404815674,-2.26366114616,13.1696195602],[-1987.5,-321.633148193,905.202575684,51.1507949829,91.6557540894,154.869918823,48.5121383667,59.6751708984,11.3175115585,-75.6837081909,-41.6883659363,49.84167099,32.1842460632],[202.116912842,76.9831237793,51.1507949829,380.888519287,33.544418335,-18.7703514099,54.2331466675,-72.0891647339,-55.2773704529,-45.3198051453,-16.4001312256,-8.20865249634,-26.1770000458],[-544.274353027,207.139633179,91.6557540894,33.544418335,219.809783936,63.9611625671,48.0485992432,22.6487026215,56.5420532227,74.764465332,-0.680397152901,5.70017766953,19.4483261108],[-543.587463379,61.7852401733,154.869918823,-18.7703514099,63.9611625671,161.318496704,60.3181114197,51.3801002502,46.3597564697,31.0414085388,12.8155250549,13.6439428329,16.8151569366],[-677.826721191,149.607925415,48.5121383667,54.2331466675,48.0485992432,60.3181114197,197.439834595,18.6340847015,27.8852386475,35.5781288147,-7.59119176865,-1.80111181736,-6.26272726059],[-37.6050567627,58.1947097778,59.6751708984,-72.0891647339,22.6487026215,51.3801002502,18.6340847015,121.49521637,59.1252326965,30.1811408997,21.1904144287,14.340013504,16.0820999146],[-131.511611938,107.572822571,11.3175115585,-55.2773704529,56.5420532227,46.3597564697,27.8852386475,59.1252326965,128.524307251,77.3470306396,19.1681137085,-1.13474369049,11.0588970184],[-2.71724915504,217.40612793,-75.6837081909,-45.3198051453,74.764465332,31.0414085388,35.5781288147,30.1811408997,77.3470306396,143.247573853,42.6624908447,-0.0519329160452,9.10892677307],[320.439575195,90.5404815674,-41.6883659363,-16.4001312256,-0.680397152901,12.8155250549,-7.59119176865,21.1904144287,19.1681137085,42.6624908447,93.6501312256,28.7845249176,3.25870966911],[-28.6492462158,-2.26366114616,49.84167099,-8.20865249634,5.70017766953,13.6439428329,-1.80111181736,14.340013504,-1.13474369049,-0.0519329160452,28.7845249176,77.2997970581,33.3062782288],[-67.8060302734,13.1696195602,32.1842460632,-26.1770000458,19.4483261108,16.8151569366,-6.26272726059,16.0820999146,11.0588970184,9.10892677307,3.25870966911,33.3062782288,81.8195724487]],"icov":[[0.0000981374905678,0.00000752086134526,0.000196714434423,-0.000186513090739,0.000128203508211,0.0000460220289824,0.000301500433125,-0.000229544733884,-8.28586792068e-7,-1.97618504671e-7,-0.000220701374928,0.0000153500132001,-0.0000259927292063],[0.00000752086134526,0.000866584887262,0.000384576473152,-0.000291666889098,-0.000572546618059,-0.0000952036498347,-0.000362299848348,-0.000395255483454,0.000136905830004,-0.000647690903861,-0.000432127650129,0.0000961842015386,-0.000140565738548],[0.000196714434423,0.000384576473152,0.00221171136945,-0.00067733618198,-0.000617172394414,-0.0013851133408,0.000510274781846,-0.00110263505485,-0.000157222442795,0.00116351130418,0.0000849608695717,-0.000926343665924,-0.0000330038456013],[-0.000186513090739,-0.000291666889098,-0.00067733618198,0.00402680458501,-0.00127796630841,0.000484982971102,-0.00177801412065,0.00239709974267,0.000524312548805,0.00162710621953,-0.00035100086825,0.00012301580864,0.000755862798542],[0.000128203508211,-0.000572546618059,-0.000617172394414,-0.00127796630841,0.00769805815071,-0.00129489018582,0.000761626812164,0.0000702621910023,-0.000916662625968,-0.00384844187647,0.00200140918605,-0.000443498051027,-0.000833735160995],[0.0000460220289824,-0.0000952036498347,-0.0013851133408,0.000484982971102,-0.00129489018582,0.0101358899847,-0.00212584831752,-0.00186650897376,-0.00102873204742,0.0000865926704137,-0.00171133410186,0.000547444738913,-0.000842946174089],[0.000301500433125,-0.000362299848348,0.000510274781846,-0.00177801412065,0.000761626812164,-0.00212584831752,0.00774037605152,-0.00129550695419,-0.0000983252175502,-0.00177098368295,0.00145048787817,-0.00068145111436,0.00107165635563],[-0.000229544733884,-0.000395255483454,-0.00110263505485,0.00239709974267,0.0000702621910023,-0.00186650897376,-0.00129550695419,0.013643745333,-0.0048891203478,0.00166485272348,-0.00136223749723,-0.00070627394598,-0.000522752234247],[-8.28586792068e-7,0.000136905830004,-0.000157222442795,0.000524312548805,-0.000916662625968,-0.00102873204742,-0.0000983252175502,-0.0048891203478,0.0148332659155,-0.00655375840142,0.000651364098303,0.00140812445898,-0.000284780544462],[-1.97618504671e-7,-0.000647690903861,0.00116351130418,0.00162710621953,-0.00384844187647,0.0000865926704137,-0.00177098368295,0.00166485272348,-0.00655375840142,0.016497310251,-0.00581710739061,0.00176299689338,-0.000835636397824],[-0.000220701374928,-0.000432127650129,0.0000849608695717,-0.00035100086825,0.00200140918605,-0.00171133410186,0.00145048787817,-0.00136223749723,0.000651364098303,-0.00581710739061,0.0171862579882,-0.00737798493356,0.00287412758917],[0.0000153500132001,0.0000961842015386,-0.000926343665924,0.00012301580864,-0.000443498051027,0.000547444738913,-0.00068145111436,-0.00070627394598,0.00140812445898,0.00176299689338,-0.00737798493356,0.0196565166116,-0.00761377066374],[-0.0000259927292063,-0.000140565738548,-0.0000330038456013,0.000755862798542,-0.000833735160995,-0.000842946174089,0.00107165635563,-0.000522752234247,-0.000284780544462,-0.000835636397824,0.00287412758917,-0.00761377066374,0.0161504894495]],"mean":[-694.410888672,146.815887451,-14.3792762756,31.5768032074,14.9390687943,4.40479707718,2.58476161957,8.75689697266,6.70345020294,12.0376367569,10.8746261597,-1.6039648056,-2.60432934761]},"pitch_salience":{"dmean":0.0735718756914,"dmean2":0.124271206558,"dvar":0.0047070258297,"dvar2":0.0130168367177,"max":0.997254371643,"mean":0.454888731241,"median":0.46776214242,"min":0.0244395602494,"var":0.0212017334998},"silence_rate_20dB":{"dmean":0,"dmean2":0,"dvar":0,"dvar2":0,"max":1,"mean":1,"median":1,"min":1,"var":0},"silence_rate_30dB":{"dmean":0.0115411244333,"dmean2":0.02308402583,"dvar":0.0114078717306,"dvar2":0.0320898815989,"max":1,"mean":0.993229746819,"median":1,"min":0,"var":0.006724385079},"silence_rate_60dB":{"dmean":0.00461645005271,"dmean2":0.00923361070454,"dvar":0.00459523731843,"dvar2":0.0108414273709,"max":1,"mean":0.0569318346679,"median":0,"min":0,"var":0.0536848902702},"spectral_centroid":{"dmean":173.544204712,"dmean2":274.216522217,"dvar":34952.8046875,"dvar2":76621.125,"max":10283.9345703,"mean":1303.5045166,"median":1249.29992676,"min":70.5789871216,"var":402782.75},"spectral_complexity":{"dmean":2.31237983704,"dmean2":3.73530316353,"dvar":6.36788845062,"dvar2":14.7527894974,"max":53,"mean":18.2058773041,"median":17,"min":0,"var":124.637702942},"spectral_contrast_coeffs":{"dmean":[0.0434347428381,0.0416388809681,0.0342147760093,0.0270390808582,0.0201615691185,0.014797128737],"dmean2":[0.0728747993708,0.0681293532252,0.0553676895797,0.0443458221853,0.0326980128884,0.0231350325048],"dvar":[0.00129565573297,0.00116605800577,0.000782100018114,0.000512427825015,0.00029579421971,0.000202014824026],"dvar2":[0.00360173848458,0.00309949927032,0.00201065675355,0.00131463666912,0.000730904459488,0.000425717880717],"max":[-0.41126164794,-0.441369533539,-0.476248800755,-0.506334722042,-0.575616061687,-0.610174000263],"mean":[-0.720061302185,-0.722833275795,-0.733929157257,-0.757243514061,-0.766650080681,-0.7621986866],"median":[-0.725115299225,-0.724293172359,-0.729221582413,-0.752941310406,-0.759747624397,-0.756348133087],"min":[-0.988589584827,-0.984901189804,-0.990447223186,-0.993560016155,-0.962140500546,-0.956759333611],"var":[0.00512806605548,0.00634776009247,0.00590528640896,0.00454967236146,0.00340550020337,0.00270781223662]},"spectral_contrast_valleys":{"dmean":[0.335165739059,0.30432933569,0.267882764339,0.226877912879,0.193259775639,0.221792072058],"dmean2":[0.565543174744,0.507393062115,0.441214472055,0.36840185523,0.295846194029,0.295029699802],"dvar":[0.0910944864154,0.0722574070096,0.0607090629637,0.0530923493207,0.0507993213832,0.0753872394562],"dvar2":[0.226484030485,0.180521816015,0.141586735845,0.114855132997,0.0950935706496,0.117355652153],"max":[-5.09559869766,-4.93376922607,-5.59329748154,-5.95736598969,-5.78206348419,-7.80384874344],"mean":[-7.16220235825,-7.28104257584,-8.05373859406,-8.18250465393,-8.28107357025,-11.4418849945],"median":[-6.81919336319,-6.82348632812,-7.63625049591,-7.72169685364,-7.79018783569,-11.0481910706],"min":[-26.7068328857,-26.808637619,-27.4859409332,-26.9495601654,-27.2648124695,-27.277009964],"var":[2.84693431854,3.02662920952,2.7975590229,3.22942948341,3.32817530632,3.03559947014]},"spectral_decrease":{"dmean":2.55869525567e-9,"dmean2":4.16503320722e-9,"dvar":1.49223713377e-17,"dvar2":3.52605125214e-17,"max":2.46377468632e-15,"mean":-7.05244262988e-9,"median":-5.690230509e-9,"min":-4.32722941923e-8,"var":3.34592307846e-17},"spectral_energy":{"dmean":0.00980961322784,"dmean2":0.0159293841571,"dvar":0.000215275940718,"dvar2":0.000506995012984,"max":0.166162669659,"mean":0.0280522592366,"median":0.0226947963238,"min":1.09161878372e-20,"var":0.000514432031196},"spectral_energyband_high":{"dmean":0.0000774079744588,"dmean2":0.00010845518409,"dvar":4.87200821908e-8,"dvar2":9.20629048551e-8,"max":0.0122336288914,"mean":0.000274801743217,"median":0.000093985152489,"min":8.08183408122e-21,"var":2.25143836019e-7},"spectral_energyband_low":{"dmean":0.0086164092645,"dmean2":0.0142859648913,"dvar":0.000214891784708,"dvar2":0.000519298657309,"max":0.144360765815,"mean":0.0144602721557,"median":0.00844478793442,"min":5.21328195546e-23,"var":0.000323620508425},"spectral_energyband_middle_high":{"dmean":0.00111033418216,"dmean2":0.0017264764756,"dvar":0.00000340163319379,"dvar2":0.00000800948691904,"max":0.0599779449403,"mean":0.00494212843478,"median":0.00302265142091,"min":1.6591872868e-21,"var":0.0000312952179229},"spectral_energyband_middle_low":{"dmean":0.00286861602217,"dmean2":0.00463168602437,"dvar":0.0000212917457247,"dvar2":0.0000581340536883,"max":0.0704395920038,"mean":0.00899140909314,"median":0.00656859111041,"min":3.19126118764e-22,"var":0.0000778498724685},"spectral_entropy":{"dmean":0.118236832321,"dmean2":0.175729423761,"dvar":0.0179222542793,"dvar2":0.0409306883812,"max":9.77563285828,"mean":7.27656078339,"median":7.37180280685,"min":4.48814201355,"var":0.324492573738},"spectral_flux":{"dmean":0.0234580244869,"dmean2":0.0363836698234,"dvar":0.000996223534457,"dvar2":0.00209320173599,"max":0.336246579885,"mean":0.0731603950262,"median":0.0669798105955,"min":1.0448056309e-10,"var":0.00237680925056},"spectral_kurtosis":{"dmean":2.55106687546,"dmean2":4.40649557114,"dvar":10.7855920792,"dvar2":31.899312973,"max":70.4735641479,"mean":7.96132564545,"median":5.98419904709,"min":-1.21248245239,"var":41.6875610352},"spectral_rms":{"dmean":0.000835938437376,"dmean2":0.00135694188066,"dvar":9.71666963778e-7,"dvar2":0.00000228740327657,"max":0.0127322394401,"mean":0.0047985794954,"median":0.00470545049757,"min":3.26342446989e-12,"var":0.00000434182993558},"spectral_rolloff":{"dmean":331.253814697,"dmean2":577.569274902,"dvar":372647.875,"dvar2":889248.25,"max":21942.3339844,"mean":1338.28173828,"median":775.1953125,"min":43.06640625,"var":6659561},"spectral_skewness":{"dmean":0.247948184609,"dmean2":0.417900025845,"dvar":0.0723257511854,"dvar2":0.205277219415,"max":6.77934265137,"mean":1.82910633087,"median":1.67370033264,"min":0.0379545204341,"var":0.546370327473},"spectral_spread":{"dmean":304034.15625,"dmean2":433444.625,"dvar":204530794496,"dvar2":282792755200,"max":40589432,"mean":3599825,"median":3104091.5,"min":1345343.75,"var":8608230670340},"spectral_strongpeak":{"dmean":0.412971287966,"dmean2":0.720037102699,"dvar":0.78989726305,"dvar2":2.03363728523,"max":16.8607406616,"mean":0.67841309309,"median":0.237259209156,"min":1.55704527049e-9,"var":1.33290565014},"zerocrossingrate":{"dmean":0.00586474733427,"dmean2":0.00761434715241,"dvar":0.0000770701226429,"dvar2":0.000122427780298,"max":0.90283203125,"mean":0.0518093146384,"median":0.03857421875,"min":0.00146484375,"var":0.00888223201036}},"metadata":{"audio_properties":{"analysis_sample_rate":44100,"bit_rate":266833,"codec":"aac","downmix":"mix","equal_loudness":0,"length":301.789764404,"lossless":false,"md5_encoded":"340fb128fdccf191669baa84cd5417da","replay_gain":-15.7516059875,"sample_rate":44100},"tags":{"album":["Come Of Age"],"artist":["The Vaccines"],"bpm":["100"],"compilation":["0"],"composer":["Arni Arnason/Freddie Cowan/Justin Young/Peter Robertson"],"date":["2012"],"discnumber":["1/1"],"encodedby":["iTunes 10.7"],"file_name":"copy5992476565768076169.m4a","genre":["Indie Rock"],"musicbrainz_recordingid":["8b3e4a0e-637d-413c-8c32-9c7cb4d2382d"],"title":["Lonely World"],"tracknumber":["11/11"]},"version":{"essentia":"2.1-beta2","essentia_build_sha":"cead25079874084f62182a551b7393616cd33d87","essentia_git_sha":"v2.1_beta2-1-ge3940c0","extractor":"music 1.0"}},"rhythm":{"beats_count":509,"beats_loudness":{"dmean":0.0179197080433,"dmean2":0.0316124074161,"dvar":0.000227919561439,"dvar2":0.000676566327456,"max":0.134695976973,"mean":0.0588223598897,"median":0.0615307986736,"min":7.29737470451e-9,"var":0.000830889504869},"beats_loudness_band_ratio":{"dmean":[0.0873334258795,0.0394627116621,0.0513607300818,0.0233897920698,0.0256780590862,0.0101643791422],"dmean2":[0.149243459105,0.0689092278481,0.0877856761217,0.0409344621003,0.0469631031156,0.0163684561849],"dvar":[0.00713755050674,0.00303027499467,0.00370740075596,0.00126093928702,0.000837256549858,0.0006562609924],"dvar2":[0.0199318639934,0.00803836528212,0.0102127073333,0.00363313173875,0.00258798687719,0.000812736863736],"max":[0.999227404594,0.576830089092,0.476061552763,0.334760963917,0.221737489104,0.992998659611],"mean":[0.787374675274,0.0630387142301,0.0699271857738,0.0326592549682,0.0393056645989,0.0305607654154],"median":[0.815060913563,0.0383454561234,0.0480154901743,0.0211321804672,0.028097210452,0.0126632675529],"min":