{"lowlevel":{"average_loudness":0.686551868916,"barkbands":{"dmean":[0.000039110364014,0.00207005394623,0.000765121658333,0.00073040247662,0.00324535369873,0.0019959481433,0.00138356571551,0.000617983692791,0.000532457313966,0.000568671559449,0.000222875110921,0.000204863201361,0.000172732819919,0.000129233274492,0.0000481353345094,0.0000276181581285,0.0000340135484294,0.0000170274761331,0.0000242055612034,0.0000254471015069,0.0000373573566321,0.000033563166653,0.0000351921371475,0.0000294824476441,0.0000391677931475,0.0000152657630679,0.0000033012224776],"dmean2":[0.0000555122896913,0.00283489492722,0.0011535132071,0.00121306150686,0.00543809868395,0.00321411574259,0.00192761246581,0.000889525108505,0.000735394423828,0.000809778808616,0.000318538339343,0.000302519794786,0.000273997837212,0.000202116279979,0.0000747208832763,0.0000429449610237,0.0000537853156857,0.0000277894851024,0.0000370550114894,0.0000403955527872,0.0000547852687305,0.0000470757731819,0.0000491431674163,0.0000403617232223,0.0000548642165086,0.0000239609253185,0.00000556544591745],"dvar":[3.50472504351e-8,0.0000801857095212,0.00000678019205225,0.00000241278621615,0.0000308326198137,0.0000160255513038,0.00000826198447612,0.00000273856221611,0.0000024747914722,0.00000228352246268,3.61627797929e-7,2.93782136396e-7,4.63691293362e-7,1.43517780771e-7,1.57226320852e-8,6.49530962349e-9,9.50602796479e-9,1.14071498913e-8,1.62325601849e-8,2.79434750894e-8,5.18231892954e-8,4.82258712964e-8,5.16278930718e-8,3.54892151222e-8,5.26245536037e-8,3.28000981931e-9,4.23556689721e-10],"dvar2":[6.00896328251e-8,0.000165865712916,0.0000143227434819,0.00000702737906977,0.0000868054994498,0.0000454855326097,0.0000157012727868,0.00000584167992201,0.00000488151636091,0.00000458445038021,7.55930727792e-7,7.08506206593e-7,0.0000011349181932,3.21177481055e-7,3.42721584445e-8,1.37509656994e-8,2.27394494345e-8,3.20541992949e-8,3.14239052557e-8,6.89108361485e-8,1.03567884935e-7,8.77720509607e-8,9.65634399108e-8,5.83742227889e-8,8.86534579081e-8,7.0435315358e-9,1.00384212054e-9],"max":[0.0060442336835,0.180664688349,0.0815439373255,0.0394493043423,0.0985948517919,0.0896863862872,0.0792412236333,0.0678547993302,0.0699323713779,0.0401920601726,0.0239174347371,0.019131295383,0.0248529929668,0.0148907024413,0.00478099053726,0.00321821332909,0.00277777202427,0.00761659722775,0.00532810343429,0.00787871982902,0.0109968958423,0.0119735505432,0.0105272922665,0.00739335268736,0.00883037783206,0.00236190622672,0.00102263980079],"mean":[0.0000472952306154,0.00533477962017,0.00156407267787,0.00133514776826,0.0062171490863,0.00407111784443,0.00362410745583,0.00139456638135,0.00110978842713,0.00111877697054,0.000431920605479,0.000399140175432,0.000270444783382,0.000213004328543,0.0000812663711258,0.0000451411906397,0.0000581467393204,0.0000254410479101,0.0000344637592207,0.0000326406952809,0.0000598149017605,0.000053193725762,0.0000533270795131,0.0000484081465402,0.000065063853981,0.0000235808711295,0.00000420984360971],"median":[0.0000071945187301,0.000429043866461,0.000474347296404,0.00047456799075,0.00307382154278,0.0021842920687,0.00128055119421,0.000440438423539,0.000273496552836,0.000236264502746,0.000125274658785,0.00012020808208,0.000050808164815,0.0000607815418334,0.0000320209328493,0.0000154245753947,0.0000160094641615,0.00000843034649733,0.0000076160313256,0.00000423868186772,0.0000037986467305,0.00000294866549666,0.00000260735396296,0.00000247385673902,0.00000407917241319,0.00000256027715295,3.94068280229e-7],"min":[2.66175289598e-26,1.62928501326e-24,4.73225429698e-25,6.90104690395e-25,3.96234774716e-24,4.8936075121e-24,7.67362946718e-24,1.1675404088e-23,9.34399589119e-24,1.64018507909e-23,1.59964409723e-23,2.03797781466e-23,2.30267078284e-23,3.32469025711e-23,5.44018359535e-23,5.74612783577e-23,7.24637214572e-23,1.01637255547e-22,1.36229184894e-22,1.15877646391e-22,2.39618431092e-22,3.5415320903e-22,3.68454058173e-22,5.40525371799e-22,8.8757418787e-22,1.35040456076e-21,1.76437382319e-21],"var":[5.4304909014e-8,0.000207142511499,0.0000118858388305,0.00000625899338047,0.0000728722297936,0.00003410681893,0.000035346038203,0.0000092746631708,0.0000069918742156,0.00000814273153082,0.00000108767846996,7.18605178918e-7,8.51750485253e-7,3.23188629636e-7,3.53252929131e-8,1.36841391551e-8,1.88686364311e-8,8.50651638018e-9,2.72252655975e-8,3.26823688113e-8,1.25542769069e-7,1.24548364511e-7,1.07312537523e-7,9.15387019518e-8,1.13924180312e-7,5.47315126553e-9,3.82615272798e-10]},"barkbands_crest":{"dmean":2.23789906502,"dmean2":3.56280565262,"dvar":4.35470914841,"dvar2":11.4173927307,"max":25.9983673096,"mean":12.220536232,"median":11.479306221,"min":2.95918464661,"var":19.3937225342},"barkbands_flatness_db":{"dmean":0.0224716290832,"dmean2":0.033297304064,"dvar":0.000514964631293,"dvar2":0.00114584399853,"max":0.416970580816,"mean":0.207384079695,"median":0.20524187386,"min":0.0442006364465,"var":0.00372661370784},"barkbands_kurtosis":{"dmean":4.87789964676,"dmean2":7.45889186859,"dvar":64.8988647461,"dvar2":143.863769531,"max":286.372894287,"mean":11.1802711487,"median":7.60596656799,"min":-1.88160955906,"var":190.71925354},"barkbands_skewness":{"dmean":0.554727196693,"dmean2":0.835031569004,"dvar":0.342044144869,"dvar2":0.764580786228,"max":12.715221405,"mean":2.13460278511,"median":1.94869089127,"min":-2.15772819519,"var":1.73891818523},"barkbands_spread":{"dmean":2.46497821808,"dmean2":3.7514898777,"dvar":23.9077320099,"dvar2":49.7645339966,"max":123.592506409,"mean":8.71826457977,"median":6.1663646698,"min":0.493773758411,"var":109.870765686},"dissonance":{"dmean":0.0325526371598,"dmean2":0.054253809154,"dvar":0.000807008356787,"dvar2":0.00216931989416,"max":0.500000178814,"mean":0.414896816015,"median":0.421377271414,"min":0.180009350181,"var":0.00238056108356},"dynamic_complexity":4.20750331879,"erbbands":{"dmean":[0.0310343243182,0.553191661835,1.03281068802,1.40318572521,6.44894790649,14.4712152481,9.08671951294,18.0752277374,20.2711677551,24.1786117554,8.12655067444,10.7403793335,17.1933078766,13.9505796432,8.65886497498,8.68668556213,8.37718105316,7.23641109467,2.20284175873,2.76809668541,1.53352880478,1.65326738358,1.01621842384,0.963894546032,1.35977745056,1.18962156773,1.35328638554,1.56074154377,1.25103998184,0.899784207344,1.05546426773,0.734964609146,0.503323197365,0.434242397547,0.286311626434,0.0931231603026,0.0252399481833,0.00473798112944,0.000558437488507,0.0000337043238687],"dmean2":[0.0454888306558,0.752740263939,1.49211835861,2.22336792946,10.9161052704,24.2524604797,14.7609834671,28.987487793,29.9234256744,33.8792762756,11.6402635574,14.7396593094,24.2806186676,19.78216362,12.3487825394,12.7185487747,13.2397327423,11.2860794067,3.37992596626,4.32319784164,2.3452527523,2.59456324577,1.62333250046,1.51653492451,2.09398531914,1.84423315525,1.96513164043,2.31288313866,1.75462937355,1.31133961678,1.48003077507,1.01687026024,0.694609761238,0.619250059128,0.413764595985,0.14109750092,0.0407119616866,0.00767327519134,0.000942280865274,0.0000542085435882],"dvar":[0.0180809758604,5.62982368469,11.8491954803,9.22479915619,143.415420532,706.958679199,313.223571777,1401.18603516,1889.22705078,3360.75854492,377.670501709,1182.69348145,2653.58740234,1385.47070312,478.982727051,554.813964844,1135.47546387,457.494506836,35.2052650452,58.2448310852,21.3928470612,22.3770923615,21.0904121399,25.3786258698,54.7510185242,71.3517456055,79.8541488647,86.7660751343,74.1874771118,36.4003219604,51.2200622559,26.082818985,11.1197900772,8.44208335876,2.39228773117,0.1488956213,0.0078461561352,0.000445959944045,0.0000135508325911,3.1968767189e-8],"dvar2":[0.038957927376,11.6821613312,25.7934188843,22.3303623199,406.320922852,1981.61425781,919.352172852,3830.07641602,3966.15698242,6854.94238281,794.948608398,2385.39990234,5260.45019531,2650.08105469,1048.94165039,1336.46557617,2803.66088867,1049.80432129,73.804359436,127.606941223,42.9288597107,53.0857543945,57.7870025635,57.2967681885,114.143035889,182.503540039,173.774459839,169.789108276,142.868011475,76.1082839966,97.0827636719,48.4523277283,18.6299724579,14.4634313583,4.44568443298,0.298081696033,0.017912838608,0.00103341054637,0.0000320184481097,7.3441078996e-8],"max":[2.595225811,47.3479156494,64.0657730103,78.438873291,207.550216675,565.312866211,385.669311523,939.310058594,1093.42407227,1661.29785156,797.504577637,1884.92272949,1555.93603516,1383.93566895,835.619628906,867.587219238,1266.23718262,825.952026367,339.791290283,320.687683105,157.351135254,186.241775513,305.480133057,262.691955566,254.368927002,476.593231201,479.51171875,329.94744873,580.811828613,267.821350098,340.367706299,214.769104004,166.114273071,127.501487732,63.4583892822,17.3036994934,3.14296603203,0.880560517311,0.177234873176,0.0102210203186],"mean":[0.0690946802497,1.44163870811,2.41379547119,3.09471440315,11.3478164673,25.8446979523,19.3061122894,37.0153083801,46.8452224731,61.9160423279,20.5864810944,23.7288284302,37.2511062622,27.3192310333,18.2398586273,17.7016983032,13.9152526855,12.5060024261,4.16332864761,4.66656446457,2.76401495934,3.01516890526,1.73305237293,1.41454708576,1.87810277939,1.55619597435,1.97344553471,2.56090331078,1.99135184288,1.35849034786,1.58198690414,1.15006422997,0.817791581154,0.684789836407,0.476166635752,0.153397962451,0.0339606925845,0.00638841884211,0.000702176825143,0.0000694206755725],"median":[0.00744598126039,0.128622427583,0.615175902843,1.47157597542,4.9684305191,10.7853031158,12.2385034561,19.2354393005,19.9656028748,17.8518676758,9.07110118866,6.65622806549,7.7186794281,7.9701833725,7.31606006622,5.5775642395,3.44115757942,3.44126224518,1.67808115482,1.73211848736,0.945331335068,0.852017760277,0.609087049961,0.434942603111,0.328903287649,0.220765978098,0.16921967268,0.130929872394,0.10652397573,0.0906029343605,0.0711153969169,0.0511939637363,0.0420530587435,0.0381995663047,0.0307995285839,0.013942014426,0.0039495062083,0.000688252213877,0.000078045144619,0.0000326722656609],"min":[7.33134761134e-23,4.59776256876e-22,9.19593307328e-22,4.66982997281e-21,1.5165918707e-20,2.09391837871e-20,3.9003162082e-20,6.11287765146e-20,7.98091126102e-20,2.03627529606e-19,2.52361379458e-19,3.34620458871e-19,5.52517047914e-19,9.86313205206e-19,9.82543846552e-19,1.24246943082e-18,1.58316124029e-18,1.42853254268e-18,3.12841796299e-18,3.09220668411e-18,4.12615184411e-18,5.35663098176e-18,4.82156299868e-18,6.82300590009e-18,8.41641053149e-18,6.10540852073e-18,1.02538847288e-17,1.129117418e-17,1.19775926406e-17,1.0044636158e-17,1.11294645062e-17,1.01248685415e-17,9.58583050505e-18,8.80896894352e-18,6.06719939387e-18,4.37439577698e-18,2.3962171235e-18,8.86563908728e-19,2.54721765185e-19,2.66465232186e-20],"var":[0.0374933443964,14.7404546738,23.5209445953,24.9425048828,285.217071533,1698.01123047,566.324401855,3101.40429688,6332.32910156,12778.9472656,1307.56628418,3123.78125,9023.96582031,5184.80224609,1285.90979004,1413.45507812,2048.4597168,1114.9753418,101.123146057,123.584869385,51.0441551208,50.7139015198,20.2848682404,32.8440551758,83.2031173706,76.6863250732,148.821380615,232.153686523,181.086456299,75.8370132446,102.032188416,56.7031097412,26.5518836975,17.0201187134,4.97755384445,0.282971173525,0.0113593973219,0.000490430858918,0.0000121009488794,3.32669856107e-8]},"erbbands_crest":{"dmean":2.47085309029,"dmean2":3.82305860519,"dvar":5.13348007202,"dvar2":12.0309200287,"max":30.7020759583,"mean":12.0146360397,"median":10.9580831528,"min":2.08338809013,"var":25.3098163605},"erbbands_flatness_db":{"dmean":0.0205375943333,"dmean2":0.0295222774148,"dvar":0.000445049256086,"dvar2":0.000937092758249,"max":0.374887675047,"mean":0.204259395599,"median":0.203967511654,"min":0.0239203497767,"var":0.00311359087937},"erbbands_kurtosis":{"dmean":1.9492559433,"dmean2":2.98474550247,"dvar":5.99955558777,"dvar2":13.56727314,"max":63.4708137512,"mean":3.61645054817,"median":2.46833729744,"min":-1.74688005447,"var":19.8911113739},"erbbands_skewness":{"dmean":0.408009558916,"dmean2":0.609705328941,"dvar":0.12865512073,"dvar2":0.283617943525,"max":6.19762802124,"mean":1.25732934475,"median":1.21977603436,"min":-2.2048740387,"var":0.730768680573},"erbbands_spread":{"dmean":4.896276474,"dmean2":7.40335655212,"dvar":52.1581726074,"dvar2":109.870132446,"max":133.828231812,"mean":21.089471817,"median":17.1239624023,"min":2.20311784744,"var":255.454498291},"gfcc":{"cov":[[27156.9394531,906.160583496,-1413.265625,137.031509399,-1459.43457031,451.270965576,-481.071380615,235.263305664,-484.146270752,122.173217773,-442.714141846,34.3616027832,-310.566497803],[906.160583496,1868.45605469,-300.377380371,-111.732765198,299.01373291,-165.90725708,92.7780532837,-70.8744049072,119.207435608,-36.4765396118,154.533309937,-5.6238732338,115.440330505],[-1413.265625,-300.377380371,722.225585938,185.775619507,204.692306519,210.966506958,62.9228858948,87.7643585205,11.6091899872,40.4228858948,-4.9734005928,28.296541214,0.548798978329],[137.031509399,-111.732765198,185.775619507,429.582275391,119.723129272,111.616104126,147.935012817,32.6284179688,61.7811965942,26.3536567688,10.3277101517,-2.65408921242,19.4937553406],[-1459.43457031,299.01373291,204.692306519,119.723129272,368.776489258,55.2860832214,125.276222229,35.8466453552,91.5685043335,17.9835014343,58.4809303284,19.5643119812,48.7338256836],[451.270965576,-165.90725708,210.966506958,111.616104126,55.2860832214,239.12727356,77.3386764526,72.1706008911,-5.09415817261,27.4361610413,-15.6488180161,12.8527545929,-14.0344133377],[-481.071380615,92.7780532837,62.9228858948,147.935012817,125.276222229,77.3386764526,252.689620972,34.3548965454,64.7005767822,17.097782135,40.5958023071,10.6207561493,15.044757843],[235.263305664,-70.8744049072,87.7643585205,32.6284179688,35.8466453552,72.1706008911,34.3548965454,135.885650635,44.4400596619,39.6996459961,8.508020401,20.596906662,1.524127841],[-484.146270752,119.207435608,11.6091899872,61.7811965942,91.5685043335,-5.09415817261,64.7005767822,44.4400596619,156.96144104,46.4515686035,53.0627288818,10.8468151093,25.7069473267],[122.173217773,-36.4765396118,40.4228858948,26.3536567688,17.9835014343,27.4361610413,17.097782135,39.6996459961,46.4515686035,97.0420455933,34.7609786987,19.6202163696,1.97138762474],[-442.714141846,154.533309937,-4.9734005928,10.3277101517,58.4809303284,-15.6488180161,40.5958023071,8.508020401,53.0627288818,34.7609786987,113.580162048,28.6271820068,30.3668041229],[34.3616027832,-5.6238732338,28.296541214,-2.65408921242,19.5643119812,12.8527545929,10.6207561493,20.596906662,10.8468151093,19.6202163696,28.6271820068,87.8214416504,25.9854698181],[-310.566497803,115.440330505,0.548798978329,19.4937553406,48.7338256836,-14.0344133377,15.044757843,1.524127841,25.7069473267,1.97138762474,30.3668041229,25.9854698181,89.7789382935]],"icov":[[0.000134481029818,-0.0003143385984,0.000272311008302,-0.000407973682741,0.000610948365647,-0.00050971127348,0.000307693233481,-0.000404134683777,0.000326306500938,-0.000415994116338,0.000516207306646,-0.000397885858547,0.00035655364627],[-0.0003143385984,0.00164997612592,-0.000163788761711,0.00128014641814,-0.00235438975506,0.00127869495191,-0.0008172969101,0.00118466943968,-0.000903442443814,0.00136478501372,-0.00196381332353,0.00133498036303,-0.00138460460585],[0.000272311008302,-0.000163788761711,0.0031554501038,-0.00123475014698,-0.000537115614861,-0.00248294649646,0.00132026348729,-0.00116754171904,0.00118199095596,-0.00103524548467,0.000896347337402,-0.00101065938361,0.000777029723395],[-0.000407973682741,0.00128014641814,-0.00123475014698,0.00480098556727,-0.00219279597513,0.000766928133089,-0.0025028870441,0.00195050192997,-0.00195008097216,0.00103949010372,-0.00120965705719,0.002010488417,-0.00203293259256],[0.000610948365647,-0.00235438975506,-0.000537115614861,-0.00219279597513,0.00832267384976,-0.00227001588792,0.000106689702079,-0.00184253707994,-0.000170046158019,-0.00126553256996,0.00203051441349,-0.00195588474162,0.000716781010851],[-0.00050971127348,0.00127869495191,-0.00248294649646,0.000766928133089,-0.00227001588792,0.00953640136868,-0.00298796338029,-0.00121906376444,0.000725843710825,0.000447217928013,-0.000871630618349,0.00112271658145,-0.000562168366741],[0.000307693233481,-0.0008172969101,0.00132026348729,-0.0025028870441,0.000106689702079,-0.00298796338029,0.00709223095328,-0.00113296520431,-0.000369703804608,-0.0000626065011602,-0.000231890880968,-0.00115373148583,0.00147602485958],[-0.000404134683777,0.00118466943968,-0.00116754171904,0.00195050192997,-0.00184253707994,-0.00121906376444,-0.00113296520431,0.0120607633144,-0.00407301541418,-0.000905601656996,-0.000609550799709,-0.000206785436603,-0.00109078490641],[0.000326306500938,-0.000903442443814,0.00118199095596,-0.00195008097216,-0.000170046158019,0.000725843710825,-0.000369703804608,-0.00407301541418,0.0117708705366,-0.00453182542697,-0.000788882782217,0.000120778015116,0.00000446868989457],[-0.000415994116338,0.00136478501372,-0.00103524548467,0.00103949010372,-0.00126553256996,0.000447217928013,-0.0000626065011602,-0.000905601656996,-0.00453182542697,0.0162298250943,-0.00568278692663,-0.000252726895269,0.000305993453367],[0.000516207306646,-0.00196381332353,0.000896347337402,-0.00120965705719,0.00203051441349,-0.000871630618349,-0.000231890880968,-0.000609550799709,-0.000788882782217,-0.00568278692663,0.0159449279308,-0.00453336397186,-0.000351676513674],[-0.000397885858547,0.00133498036303,-0.00101065938361,0.002010488417,-0.00195588474162,0.00112271658145,-0.00115373148583,-0.000206785436603,0.000120778015116,-0.000252726895269,-0.00453336397186,0.0154929468408,-0.00506917387247],[0.00035655364627,-0.00138460460585,0.000777029723395,-0.00203293259256,0.000716781010851,-0.000562168366741,0.00147602485958,-0.00109078490641,0.00000446868989457,0.000305993453367,-0.000351676513674,-0.00506917387247,0.0154612744227]],"mean":[-79.9447631836,124.973304749,-82.4803390503,-8.49160957336,-60.111492157,0.682485699654,-43.4342346191,-1.18708968163,-28.4051856995,2.23690199852,-13.477312088,3.14519810677,-8.78200340271]},"hfc":{"dmean":3.55437326431,"dmean2":5.03838968277,"dvar":70.7429428101,"dvar2":126.798973083,"max":264.753204346,"mean":12.5845756531,"median":7.94065618515,"min":1.05382055651e-16,"var":260.67880249},"melbands":{"dmean":[0.000448797421996,0.000630569993518,0.000358915887773,0.000763609132264,0.000392829999328,0.00040915311547,0.000308741116896,0.000240945693804,0.0000607934489381,0.0000722263357602,0.0000865376932779,0.0000589638766542,0.0000330579932779,0.0000237947879214,0.0000213740750041,0.0000146798429341,0.0000142723174577,0.00000390602872358,0.00000320764388562,0.00000285459191218,0.00000186616045994,0.00000182698931894,0.00000159199555583,7.70571830344e-7,7.87846147432e-7,0.00000108622907646,9.25530059703e-7,7.69973951265e-7,8.40614916342e-7,9.15840814741e-7,9.89716227195e-7,7.53356346195e-7,6.18406488684e-7,4.68830620548e-7,5.39182508419e-7,7.60620423534e-7,3.41816132732e-7,3.01729926377e-7,4.6119745889e-7,3.57036583409e-7],"dmean2":[0.000624049804173,0.000876002362929,0.000581509666517,0.00129442149773,0.000639992416836,0.000656203250401,0.000451545318356,0.000337588018738,0.0000866610644152,0.0000995142690954,0.000122449040646,0.0000839738568175,0.0000469574370072,0.000035026241676,0.0000329509493895,0.0000228837088798,0.0000225033691095,0.0000060040297285,0.00000501814656673,0.00000445865543952,0.00000290163893624,0.00000289166609946,0.00000253935422734,0.00000127723592414,0.00000124657594824,0.00000168346207374,0.00000144912633004,0.00000121244613638,0.00000127154100937,0.00000134996821544,0.00000147720447785,0.00000107227856461,9.12218183657e-7,7.02100635408e-7,7.77981028932e-7,0.00000106630454866,4.96697680319e-7,4.24019560796e-7,6.52437279314e-7,5.11187579377e-7],"dvar":[0.00000380116784982,0.00000542196085007,4.73408562129e-7,0.00000177718129635,4.85256975935e-7,7.026072808e-7,4.0918553168e-7,3.38448529646e-7,2.4473189697e-8,4.6753985572e-8,6.58686190036e-8,2.70895412768e-8,7.5575607994e-9,3.39984151942e-9,5.29301846797e-9,2.54708876213e-9,1.76458980761e-9,1.32036395706e-10,7.47768721943e-11,5.94736412896e-11,3.55389086215e-11,3.26603327716e-11,2.06742210157e-11,6.04175737218e-11,1.77708420895e-11,3.50230643098e-11,4.1852618593e-11,2.75443678283e-11,2.99855106023e-11,3.96565592864e-11,3.62185038905e-11,2.94151647484e-11,1.78368240317e-11,9.25947599845e-12,1.1846351157e-11,3.23087077925e-11,5.29580936395e-12,3.87370040558e-12,1.10044820478e-11,5.52699813e-12],"dvar2":[0.00000790827198216,0.0000113680862341,0.0000012564522649,0.00000512362112204,0.0000013630186686,0.00000191717776943,8.45408123951e-7,7.01851035956e-7,5.17640508235e-8,9.29677028694e-8,1.30805062781e-7,5.21585974411e-8,1.5631179906e-8,7.96817545279e-9,1.28234685093e-8,6.21812201729e-9,4.17232914884e-9,2.8097224547e-10,1.58404969697e-10,1.32180447143e-10,7.46317382894e-11,7.91909454678e-11,4.76098153956e-11,1.72231728879e-10,3.96343582953e-11,6.92670781843e-11,1.04135859658e-10,7.0167094357e-11,6.58412005472e-11,8.81227035787e-11,7.30963900519e-11,5.97370208855e-11,3.62482648064e-11,1.9904156448e-11,2.2874027325e-11,6.22263907069e-11,1.00391353217e-11,6.86566558813e-12,1.92985384617e-11,9.87505303224e-12],"max":[0.0385241508484,0.0462835989892,0.0140639375895,0.0205837693065,0.0155113525689,0.0205105580389,0.0174411591142,0.01895028539,0.00593795394525,0.010305525735,0.00775348069146,0.00628261035308,0.00368241476826,0.00138534384314,0.00222673919052,0.00165255868342,0.00141718250234,0.000655756914057,0.000316642719554,0.000290458207019,0.000198047055164,0.00025974487653,0.000191005077795,0.000574951525778,0.000248037918936,0.000245692994213,0.000274818477919,0.000279948348179,0.000271898170467,0.000341897306498,0.000242816633545,0.000375003233785,0.000162568263477,0.000140743431984,0.000150448249769,0.000268769974355,0.0000841247456265,0.0000905139313545,0.000165527875652,0.000102786762],"mean":[0.00111169659067,0.00162501295563,0.000735772948246,0.00140647415537,0.000809660123195,0.000832338933833,0.00074062339263,0.00060587679036,0.000144394973177,0.000154592125909,0.000184393094969,0.000110055269033,0.0000659701254335,0.0000470608028991,0.0000378281256417,0.0000242206042458,0.000023476080969,0.00000663515265842,0.00000539328857485,0.00000478615675092,0.00000303185015582,0.00000313012310471,0.00000263214519691,0.00000105389256078,0.00000108768040263,0.0000014607913954,0.00000118142042993,9.57523639045e-7,0.0000011338877357,0.0000013769912357,0.00000154929045948,0.00000116990122478,9.06193577066e-7,6.73154829656e-7,7.83816687999e-7,0.00000112576231004,5.24667427726e-7,4.81060226321e-7,7.02037880274e-7,5.31372222667e-7],"median":[0.0000952011323534,0.000318651873386,0.000350460206391,0.000659223762341,0.000485248951009,0.000423990859417,0.000324490829371,0.000175207154825,0.0000507825279783,0.0000405468999816,0.0000359421428584,0.0000280018703052,0.0000221429727389,0.0000142877142935,0.00000986196755548,0.00000537802498002,0.000006102691259,0.00000242904661718,0.00000219818480218,0.00000168973883774,8.32371597426e-7,7.84090161687e-7,7.18215062534e-7,3.56056148121e-7,3.07198433802e-7,2.73043212928e-7,1.59178441095e-7,1.26098086639e-7,9.7192753401e-8,8.40151059833e-8,6.9402588565e-8,5.71337182009e-8,5.08228481522e-8,4.60226168286e-8,3.94979799978e-8,3.38454171356e-8,2.74411160461e-8,2.62856882927e-8,3.00013418553e-8,2.95895148383e-8],"min":[4.76138397198e-25,6.51167600797e-25,1.5499114067e-24,2.23243869367e-24,1.41912043798e-24,1.19032908179e-24,1.28018467763e-24,2.41918613019e-24,2.06197374066e-24,1.80149719457e-24,2.70280568588e-24,3.34444562187e-24,2.43724394517e-24,2.70865252569e-24,2.89512741077e-24,1.51962289503e-24,2.13481715665e-24,4.40340895117e-24,3.58698524592e-24,2.72426191364e-24,4.30021174527e-24,3.86732432353e-24,4.6014197437e-24,4.67278207334e-24,5.08258663613e-24,5.51024509336e-24,5.1819121127e-24,3.39629981576e-24,5.2391727648e-24,5.03672462968e-24,5.60338274499e-24,5.38797796394e-24,6.44406273979e-24,4.71593828688e-24,4.79303642416e-24,5.66984703727e-24,5.72447052736e-24,6.6707703199e-24,6.08244495653e-24,6.64216070145e-24],"var":[0.00000929595989874,0.0000132433842737,0.00000117752472306,0.00000401032230002,0.00000102945000435,0.00000157067734108,0.0000014506952084,0.00000123542258734,7.72531763005e-8,1.27535869865e-7,2.23923052545e-7,9.99552938197e-8,2.24077076894e-8,8.61062154911e-9,1.07960271833e-8,5.27510479742e-9,3.97271548991e-9,3.46032591469e-10,1.5766928041e-10,1.29443705754e-10,7.31542743049e-11,7.0014057052e-11,4.20286271063e-11,3.90504989456e-11,2.31315487598e-11,5.6172712315e-11,4.46797321363e-11,3.02525157703e-11,5.19838165569e-11,7.50601317212e-11,9.17672604572e-11,6.62396873463e-11,3.82380030417e-11,1.88365937431e-11,2.32847335163e-11,6.21415835456e-11,1.20408275364e-11,9.51364941687e-12,2.22217938495e-11,1.03249648414e-11]},"melbands_crest":{"dmean":2.49162864685,"dmean2":4.01991844177,"dvar":5.42598056793,"dvar2":14.5242166519,"max":37.3600349426,"mean":14.0489730835,"median":13.3783750534,"min":1.00306594372,"var":22.3915290833},"melbands_flatness_db":{"dmean":0.0248667486012,"dmean2":0.0358767025173,"dvar":0.00066816015169,"dvar2":0.0013915442396,"max":0.550955474377,"mean":0.300917625427,"median":0.301528543234,"min":1.63944648079e-7,"var":0.00606733793393},"melbands_kurtosis":{"dmean":5.41551971436,"dmean2":8.27928829193,"dvar":93.6263885498,"dvar2":209.355026245,"max":233.495056152,"mean":12.6140613556,"median":8.11540603638,"min":-1.40923607349,"var":259.83605957},"melbands_skewness":{"dmean":0.528976798058,"dmean2":0.802909135818,"dvar":0.318965762854,"dvar2":0.716945827007,"max":11.313627243,"mean":2.1495757103,"median":1.93838369846,"min":-1.28328800201,"var":1.74051761627},"melbands_spread":{"dmean":2.57804942131,"dmean2":3.81908369064,"dvar":33.8451881409,"dvar2":59.7348861694,"max":168.249572754,"mean":10.1833200455,"median":7.09369325638,"min":0.496873497963,"var":247.823776245},"mfcc":{"cov":[[11243.2841797,541.843322754,227.031616211,9.80101585388,-428.757659912,152.137115479,10.0869226456,123.69304657,91.4429931641,48.019733429,54.7992744446,109.912864685,-99.7765884399],[541.843322754,2169.29516602,-189.458969116,79.9714889526,164.228103638,-15.3298635483,22.2237300873,13.2263250351,-3.09644246101,-25.5142002106,27.2853507996,15.3695955276,91.2220458984],[227.031616211,-189.458969116,467.329284668,42.8929595947,107.449485779,101.197319031,88.4241867065,51.5504608154,42.7093658447,18.6029033661,18.0894947052,24.071472168,-9.59236335754],[9.80101585388,79.9714889526,42.8929595947,337.451507568,71.7464523315,114.076843262,56.7289962769,56.4236869812,51.508026123,52.9885864258,24.2832221985,9.08662033081,47.3771896362],[-428.757659912,164.228103638,107.449485779,71.7464523315,254.788803101,55.8868331909,40.5360336304,34.4853439331,43.7612953186,35.2810134888,13.4125185013,14.9291305542,23.009185791],[152.137115479,-15.3298635483,101.197319031,114.076843262,55.8868331909,196.104644775,97.4890975952,69.9387130737,51.6106948853,29.2600078583,38.4151153564,21.7068729401,9.13086032867],[10.0869226456,22.2237300873,88.4241867065,56.7289962769,40.5360336304,97.4890975952,177.398727417,70.0037307739,44.1581573486,17.9497795105,34.9139480591,20.2444782257,3.56693744659],[123.69304657,13.2263250351,51.5504608154,56.4236869812,34.4853439331,69.9387130737,70.0037307739,133.611526489,52.4950218201,29.6922283173,21.6708240509,19.8055534363,20.3333091736],[91.4429931641,-3.09644246101,42.7093658447,51.508026123,43.7612953186,51.6106948853,44.1581573486,52.4950218201,123.345413208,34.1365776062,34.5121955872,19.3345508575,18.4148674011],[48.019733429,-25.5142002106,18.6029033661,52.9885864258,35.2810134888,29.2600078583,17.9497795105,29.6922283173,34.1365776062,117.605949402,28.1722583771,18.2949733734,17.3950214386],[54.7992744446,27.2853507996,18.0894947052,24.2832221985,13.4125185013,38.4151153564,34.9139480591,21.6708240509,34.5121955872,28.1722583771,109.063247681,36.4319190979,25.7186527252],[109.912864685,15.3695955276,24.071472168,9.08662033081,14.9291305542,21.7068729401,20.2444782257,19.8055534363,19.3345508575,18.2949733734,36.4319190979,98.3844070435,32.2774772644],[-99.7765884399,91.2220458984,-9.59236335754,47.3771896362,23.009185791,9.13086032867,3.56693744659,20.3333091736,18.4148674011,17.3950214386,25.7186527252,32.2774772644,118.191017151]],"icov":[[0.000114183312689,-0.0000739279857953,-0.000130057582282,-3.71034701629e-7,0.000333152798703,-0.000110157343443,0.000132172805024,-0.0000917320794542,-0.000105317551061,-0.0000878921855474,0.0000222575999942,-0.000143552257214,0.000162195821758],[-0.0000739279857953,0.000599689083174,0.000414845329942,-0.0000906869245227,-0.00071116280742,0.000201915871003,-0.00026254093973,0.0000136357539304,0.00021131032554,0.000357117358362,-0.000159154500579,0.0000937271688599,-0.000403261161409],[-0.000130057582282,0.000414845329942,0.00303255626932,0.000157633374329,-0.00157496682368,-0.000682553916704,-0.00090814178111,-0.0000197113113245,0.000064010375354,0.000357407552656,0.0000932452458073,-0.000251477351412,0.000128906263853],[-3.71034701629e-7,-0.0000906869245227,0.000157633374329,0.004199443385,-0.000407698942581,-0.00220088195056,0.0000237380900217,-0.000135110283736,-0.000407006358728,-0.00112578750122,0.000402167846914,0.000755575485528,-0.00139371014666],[0.000333152798703,-0.00071116280742,-0.00157496682368,-0.000407698942581,0.00622377218679,-0.000728751299903,0.000401763390983,-0.000148922263179,-0.00129654549528,-0.00128544599283,0.000621572195087,-0.000443910859758,0.000101075056591],[-0.000110157343443,0.000201915871003,-0.000682553916704,-0.00220088195056,-0.000728751299903,0.00945181120187,-0.00297632906586,-0.00167146092281,-0.000452664797194,0.000322275591316,-0.00137439975515,-0.000277061219094,0.000764878990594],[0.000132172805024,-0.00026254093973,-0.00090814178111,0.0000237380900217,0.000401763390983,-0.00297632906586,0.00915241055191,-0.0028276797384,-0.000609606329817,0.000343818770489,-0.00121623103041,-0.000433510285802,0.00102039170451],[-0.0000917320794542,0.0000136357539304,-0.0000197113113245,-0.000135110283736,-0.000148922263179,-0.00167146092281,-0.0028276797384,0.0114212874323,-0.00265958230011,-0.00107467419002,0.000867492053658,-0.000391672481783,-0.00126609602012],[-0.000105317551061,0.00021131032554,0.000064010375354,-0.000407006358728,-0.00129654549528,-0.000452664797194,-0.000609606329817,-0.00265958230011,0.011310108006,-0.00119593751151,-0.00202816352248,-0.0000358217184839,-0.000455383589724],[-0.0000878921855474,0.000357117358362,0.000357407552656,-0.00112578750122,-0.00128544599283,0.000322275591316,0.000343818770489,-0.00107467419002,-0.00119593751151,0.010500703007,-0.00175947172102,-0.00064949458465,-0.000268577510724],[0.0000222575999942,-0.000159154500579,0.0000932452458073,0.000402167846914,0.000621572195087,-0.00137439975515,-0.00121623103041,0.000867492053658,-0.00202816352248,-0.00175947172102,0.0121741835028,-0.00311022764072,-0.00136416463647],[-0.000143552257214,0.0000937271688599,-0.000251477351412,0.000755575485528,-0.000443910859758,-0.000277061219094,-0.000433510285802,-0.000391672481783,-0.0000358217184839,-0.00064949458465,-0.00311022764072,0.0128847351298,-0.00306932418607],[0.000162195821758,-0.000403261161409,0.000128906263853,-0.00139371014666,0.000101075056591,0.000764878990594,0.00102039170451,-0.00126609602012,-0.000455383589724,-0.000268577510724,-0.00136416463647,-0.00306932418607,0.0108319828287]],"mean":[-730.471618652,173.159179688,20.5442256927,2.74476933479,-1.35964131355,-3.59466314316,-6.11486530304,-7.2550740242,-8.68023586273,-8.3778295517,-4.92416524887,-2.9949016571,-0.931832373142]},"pitch_salience":{"dmean":0.0585151910782,"dmean2":0.0925544127822,"dvar":0.00295745278709,"dvar2":0.00727504398674,"max":0.995645642281,"mean":0.544774413109,"median":0.554162323475,"min":0.0720966085792,"var":0.0142882503569},"silence_rate_20dB":{"dmean":0,"dmean2":0,"dvar":0,"dvar2":0,"max":1,"mean":1,"median":1,"min":1,"var":0},"silence_rate_30dB":{"dmean":0.0155145330355,"dmean2":0.0310321114957,"dvar":0.0152738317847,"dvar2":0.0345864519477,"max":1,"mean":0.983701527119,"median":1,"min":0,"var":0.0160328373313},"silence_rate_60dB":{"dmean":0.0111940298229,"dmean2":0.0223902575672,"dvar":0.0110687231645,"dvar2":0.0248350203037,"max":1,"mean":0.0909180194139,"median":0,"min":0,"var":0.0826519280672},"spectral_centroid":{"dmean":91.6203842163,"dmean2":137.71697998,"dvar":46762.9609375,"dvar2":89358.3359375,"max":11841.4853516,"mean":650.004333496,"median":474.742736816,"min":132.167541504,"var":1165745.875},"spectral_complexity":{"dmean":1.59721136093,"dmean2":2.55720329285,"dvar":2.62311077118,"dvar2":5.71211147308,"max":41,"mean":10.916642189,"median":11,"min":0,"var":23.2104301453},"spectral_contrast_coeffs":{"dmean":[0.0459903031588,0.0419536344707,0.0346158482134,0.0303174816072,0.0220871325582,0.0178533848375],"dmean2":[0.0758315846324,0.0671403035522,0.0541097447276,0.04875292629,0.0356260761619,0.0279249921441],"dvar":[0.00160993228201,0.00125013513025,0.000847700517625,0.000634227588307,0.000414578156779,0.000298074941384],"dvar2":[0.00433130702004,0.00329982559197,0.00197627069429,0.00158805947285,0.000960839446634,0.000667755608447],"max":[-0.222890987992,-0.35795968771,-0.432651609182,-0.529736697674,-0.495237112045,-0.590723991394],"mean":[-0.577017009258,-0.654484808445,-0.713074088097,-0.749624252319,-0.798195362091,-0.808586657047],"median":[-0.5774076581,-0.654684901237,-0.712745845318,-0.748112618923,-0.799617409706,-0.805357158184],"min":[-0.978394448757,-0.997987449169,-0.997241199017,-0.98470890522,-0.985542654991,-0.963963747025],"var":[0.0120075447485,0.00730190007016,0.00472772074863,0.00313195213675,0.00197856524028,0.00213526864536]},"spectral_contrast_valleys":{"dmean":[0.349747806787,0.296973228455,0.279779434204,0.277542293072,0.29098880291,0.352116167545],"dmean2":[0.563470840454,0.483411997557,0.449728190899,0.44626018405,0.44425830245,0.494641959667],"dvar":[0.140829667449,0.0800942480564,0.0736602246761,0.0857663676143,0.130357518792,0.183341667056],"dvar2":[0.304932028055,0.189334794879,0.169518366456,0.197143778205,0.282447427511,0.374663710594],"max":[-5.11292028427,-4.92366933823,-5.58707904816,-6.38193798065,-6.19510221481,-7.28357028961],"mean":[-7.98756694794,-7.14270925522,-8.18380737305,-9.15180492401,-9.40405368805,-11.4862556458],"median":[-7.58353614807,-6.68159914017,-7.78523015976,-8.78964614868,-9.12102603912,-11.3476648331],"min":[-28.0372066498,-27.9217681885,-27.7539176941,-27.6307792664,-27.4645709991,-27.4668464661],"var":[5.6912522316,5.77831840515,5.28061771393,4.69994592667,4.68615055084,4.34684085846]},"spectral_decrease":{"dmean":1.97510319211e-9,"dmean2":2.94145641178e-9,"dvar":1.15393101658e-17,"dvar2":2.55326617227e-17,"max":7.87011519436e-26,"mean":-7.04105307392e-9,"median":-5.1421769065e-9,"min":-5.63136666187e-8,"var":4.28702829893e-17},"spectral_energy":{"dmean":0.00769837899134,"dmean2":0.0114597883075,"dvar":0.000171143197804,"dvar2":0.000379392673494,"max":0.214287549257,"mean":0.0277160275728,"median":0.0204777885228,"min":9.96971550183e-21,"var":0.000648534158245},"spectral_energyband_high":{"dmean":0.000175304434379,"dmean2":0.000235768035054,"dvar":8.54558209085e-7,"dvar2":0.00000129776901758,"max":0.0344556570053,"mean":0.000323258718709,"median":0.0000274351841654,"min":6.95445799214e-21,"var":0.00000263009019363},"spectral_energyband_low":{"dmean":0.00279837124981,"dmean2":0.00386203336529,"dvar":0.000107529274828,"dvar2":0.000221456561121,"max":0.207568138838,"mean":0.00742765283212,"median":0.00188523216639,"min":1.67322572925e-23,"var":0.00026686541969},"spectral_energyband_middle_high":{"dmean":0.00085706578102,"dmean2":0.00121509085875,"dvar":0.00000316740124617,"dvar2":0.00000652498829368,"max":0.0529606565833,"mean":0.00240200594999,"median":0.00108701561112,"min":1.12590317848e-21,"var":0.0000148553244799},"spectral_energyband_middle_low":{"dmean":0.0056461780332,"dmean2":0.00885765720159,"dvar":0.0000681148012518,"dvar2":0.000172458268935,"max":0.175895914435,"mean":0.0182891543955,"median":0.0135141545907,"min":1.47496617732e-22,"var":0.000278048973996},"spectral_entropy":{"dmean":0.217119276524,"dmean2":0.324562013149,"dvar":0.0551037862897,"dvar2":0.124468453228,"max":9.82553672791,"mean":6.62388086319,"median":6.5334353447,"min":4.73497676849,"var":0.476721465588},"spectral_flux":{"dmean":0.0187840647995,"dmean2":0.0305327456445,"dvar":0.000787237193435,"dvar2":0.00202182470821,"max":0.396137982607,"mean":0.0593235865235,"median":0.0517547279596,"min":6.33007257722e-11,"var":0.00175921979826},"spectral_kurtosis":{"dmean":5.03611040115,"dmean2":8.14653968811,"dvar":39.4137878418,"dvar2":102.190750122,"max":89.1655883789,"mean":15.5775318146,"median":12.7315483093,"min":-1.25436520576,"var":132.0287323},"spectral_rms":{"dmean":0.000633550866041,"dmean2":0.000933327071834,"dvar":6.58774865769e-7,"dvar2":0.00000141204600368,"max":0.0144589431584,"mean":0.00465812487528,"median":0.0044697127305,"min":3.11874202678e-12,"var":0.00000534189757673},"spectral_rolloff":{"dmean":180.571044922,"dmean2":298.872314453,"dvar":449736.28125,"dvar2":950606.1875,"max":19724.4140625,"mean":888.844543457,"median":516.796875,"min":21.533203125,"var":4360696.5},"spectral_skewness":{"dmean":0.441480696201,"dmean2":0.692356348038,"dvar":0.211569041014,"dvar2":0.523929536343,"max":7.28574752808,"mean":3.09126758575,"median":3.05952167511,"min":-0.101930446923,"var":1.13166368008},"spectral_spread":{"dmean":686316.0625,"dmean2":1028686,"dvar":798963269632,"dvar2":1743803908100,"max":42541552,"mean":4259955,"median":3539869.25,"min":904247.0625,"var":16228553850900},"spectral_strongpeak":{"dmean":0.372687071562,"dmean2":0.610153257847,"dvar":0.282136172056,"dvar2":0.681127607822,"max":7.30413961411,"mean":0.950189292431,"median":0.67669481039,"min":0,"var":0.762830495834},"zerocrossingrate":{"dmean":0.00629386072978,"dmean2":0.00771127641201,"dvar":0.000137970055221,"dvar2":0.000192458683159,"max":0.52734375,"mean":0.0380207374692,"median":0.02685546875,"min":0.00341796875,"var":0.00308760185726}},"metadata":{"audio_properties":{"analysis_sample_rate":44100,"bit_rate":0,"codec":"flac","downmix":"mix","equal_loudness":0,"length":236.466659546,"lossless":true,"md5_encoded":"8e1efe29509bed8e3c1cb55c888adf39","replay_gain":-1.31605148315},"tags":{"album":["...Nothing Like the Sun"],"albumartist":["Sting"],"albumartistsort":["Sting"],"arranger":["Sting"],"artist":["Sting"],"artists":["Sting"],"artistsort":["Sting"],"asin":["B000002GKZ"],"barcode":["08283939122"],"catalognumber":["39 3912-2"],"composer":["Sting"],"composersort":["Sting"],"date":["1987"],"discnumber":["1"],"disctotal":["1"],"file_name":"06 Fragile.flac","genre":["Soft Rock"],"grouping":["Rock"],"isrc":["USAM18700043"],"label":["A&M Records"],"language":["eng"],"lyricist":["Sting"],"media":["CD"],"mixer":["Mark McKenna","Hugh Padgham","Bob Vogt"],"mood":["Mellow; Melancholic; Chill; Sad"],"musicbrainz_albumartistid":["7944ed53-2a58-4035-9b93-140a71e41c34"],"musicbrainz_albumid":["20979597-8503-33d4-8fca-764ca3ae339f"],"musicbrainz_artistid":["7944ed53-2a58-4035-9b93-140a71e41c34"],"musicbrainz_recordingid":["8b4240d4-0dd8-43c6-a049-2a9ad22fb503"],"musicbrainz_releasegroupid":["ec048bb5-1fc3-32a7-b560-c07ddd0df544"],"musicbrainz_releasetrackid":["62759a40-ee66-3efb-a64c-b518c7fa193f"],"musicbrainz_workid":["a15af465-6dd4-383c-a4c8-aa7c294e89f2"],"originaldate":["1987-10-01"],"originalyear":["1987"],"performer":["Manu Katché (drums)","Mino Cinelu (percussion)","Branford Marsalis (soprano saxophone and tenor saxophone)","Hiram Bullock (acoustic guitar and electric guitar)","Kenny Kirkland (electric piano, piano and synthesizer)"],"producer":["Neil Dorfsman","Sting"],"releasecountry":["DE"],"releasestatus":["official"],"releasetype":["album"],"replaygain_album_gain":["+2.38 dB"],"replaygain_album_peak":["0.812805"],"replaygain_track_gain":["+3.61 dB"],"replaygain_track_peak":["0.736877"],"script":["Latn"