{"lowlevel":{"average_loudness":0.773924648762,"barkbands":{"dmean":[0.00497425114736,0.0722969919443,0.00402600504458,0.000681949139107,0.00182441726793,0.000838286418002,0.00113921100274,0.00126490066759,0.000711177126504,0.000368681387044,0.000307273294311,0.000322131905705,0.000208518991712,0.000172582775122,0.000125919366837,0.00010404016939,0.000154064182425,0.000112006338895,0.0000961061377893,0.000144947247463,0.000146164980833,0.000197440749616,0.000142429955304,0.000182582691195,0.00007154042396,0.00000419913203586,0.00000100413774362],"dmean2":[0.00841989833862,0.126932561398,0.00702632358298,0.00120004429482,0.00296896719374,0.0013925395906,0.00191061699297,0.00211854791269,0.00113459001295,0.000616823381279,0.000520799017977,0.000534684862942,0.000348126282915,0.000292865937809,0.000209245932638,0.000174093511305,0.000258169340668,0.000189787897398,0.000159618473845,0.000232436781516,0.000231189565966,0.000310157425702,0.000220870846533,0.000275917205727,0.00011078712123,0.00000636004688204,0.00000150006178501],"dvar":[0.0000514944258612,0.0114914532751,0.0000323891545122,0.00000116912758585,0.00000591008711126,0.00000133726689455,0.00000603915123065,0.0000100631623354,0.00000268172175311,0.00000103176842003,7.9200106029e-7,0.00000114800820938,3.24406272512e-7,2.89901890937e-7,1.6206720943e-7,1.23545078168e-7,2.05391302188e-7,1.39921368714e-7,1.05317752741e-7,1.74228176775e-7,1.75145885351e-7,4.94778987559e-7,2.33744174238e-7,6.53020038044e-7,1.09600449605e-7,3.335610399e-10,6.27640994733e-11],"dvar2":[0.000140398813528,0.0333850868046,0.0000924589039641,0.00000335718937094,0.0000153323235281,0.00000362500236406,0.0000150660052896,0.000027140842576,0.00000638782603346,0.00000263639253717,0.00000214632291318,0.00000290532375402,8.59743181536e-7,7.83164409768e-7,4.42732215333e-7,3.43198223618e-7,5.51729272047e-7,4.19130060436e-7,3.08673776317e-7,4.44763372798e-7,4.31209116414e-7,0.00000113058388251,5.11438940975e-7,0.00000146251522892,2.49700065069e-7,6.17291384675e-10,1.12837163224e-10],"max":[0.135639414191,0.882010579109,0.0660790130496,0.0178816653788,0.0386671312153,0.0164144448936,0.0521249547601,0.0791113376617,0.045876994729,0.0265172123909,0.0259028710425,0.0265608150512,0.0130092613399,0.0137979099527,0.00914554763585,0.00894411373883,0.010936146602,0.00905774906278,0.0101461494341,0.0116575248539,0.0118230525404,0.0254049375653,0.0166996624321,0.0288210306317,0.00988359563053,0.00158166803885,0.000689891807269],"mean":[0.00590644404292,0.0908813253045,0.00463471794501,0.000788286793977,0.00323168537579,0.00140793446917,0.00170263939071,0.0018028478371,0.00118907017168,0.000583689194173,0.000458912953036,0.000481212307932,0.000349759822711,0.000283295608824,0.000226945325267,0.000199247195269,0.000314298056765,0.000226211705012,0.000240986031713,0.000354337418685,0.00040661598905,0.000551001459826,0.000406497129006,0.000440328993136,0.00017703830963,0.0000371223140974,0.0000131057504404],"median":[0.00253838137724,0.0408699437976,0.00273177912459,0.000460342562292,0.0023647248745,0.000972111709416,0.000680053373799,0.000414504698711,0.000420795520768,0.000184178090421,0.000110872839286,0.000126781407744,0.0000995168738882,0.0000734452041797,0.0000561354281672,0.0000531209734618,0.0000672551541356,0.000068901652412,0.0000715141140972,0.0000981116609182,0.00010489266424,0.00010325184121,0.0000817757390905,0.0000563973699172,0.00001774606244,0.00000306271954287,6.17081070686e-7],"min":[2.03440694702e-26,1.82726789983e-24,7.55028534541e-25,5.93757508863e-25,8.68137876322e-24,9.9777998746e-24,3.97189572513e-24,7.97554783485e-24,1.87787202528e-23,5.07222652586e-24,2.26013556061e-23,3.26557302087e-23,2.47013885327e-23,2.89531831511e-23,7.11786733535e-23,5.82888376235e-23,7.06296766506e-23,1.18462106177e-22,1.0053121576e-22,1.82369179613e-22,2.57503737971e-22,2.7889443979e-22,3.92338696412e-22,6.22697970449e-22,9.36546470917e-22,1.31445582852e-21,2.01124745221e-21],"var":[0.000072075825301,0.0145225701854,0.0000350983427779,0.00000115118177746,0.0000117003255582,0.00000254970700553,0.00000973444093688,0.000016518864868,0.00000509086430611,0.00000191387016457,0.00000135303776005,0.00000166918687228,6.38924348095e-7,5.10343966198e-7,3.73567644374e-7,2.87599220883e-7,6.32371381926e-7,3.56251860012e-7,4.45335615495e-7,7.02115016793e-7,9.02979138573e-7,0.00000206629238164,0.00000114726219635,0.00000181019834145,3.17598761512e-7,2.62396557815e-8,3.8119982726e-9]},"barkbands_crest":{"dmean":3.75999593735,"dmean2":6.41086959839,"dvar":10.2068939209,"dvar2":28.1964321136,"max":26.7878913879,"mean":16.4266757965,"median":17.2923564911,"min":3.12283921242,"var":38.7340316772},"barkbands_flatness_db":{"dmean":0.038269598037,"dmean2":0.0647575706244,"dvar":0.00112965598237,"dvar2":0.00326586607844,"max":0.637229681015,"mean":0.220088407397,"median":0.201104059815,"min":0.0465101487935,"var":0.0104853473604},"barkbands_kurtosis":{"dmean":31.6287212372,"dmean2":55.3836174011,"dvar":7497.94335938,"dvar2":21736.3671875,"max":2463.2253418,"mean":43.298614502,"median":11.6204605103,"min":-1.93460786343,"var":11033.9912109},"barkbands_skewness":{"dmean":1.58200538158,"dmean2":2.69676494598,"dvar":3.67958378792,"dvar2":10.506146431,"max":30.2659053802,"mean":4.04152870178,"median":3.06619668007,"min":-5.89336156845,"var":11.5197324753},"barkbands_spread":{"dmean":5.84532690048,"dmean2":9.86236190796,"dvar":69.9067764282,"dvar2":186.931259155,"max":112.418388367,"mean":14.921292305,"median":10.6606245041,"min":0.0274223405868,"var":268.555908203},"dissonance":{"dmean":0.0181004237384,"dmean2":0.0311060473323,"dvar":0.000376493291697,"dvar2":0.00108568463475,"max":0.5,"mean":0.470039874315,"median":0.475545138121,"min":0,"var":0.000611570954788},"dynamic_complexity":2.70864748955,"erbbands":{"dmean":[2.60044121742,15.4787368774,9.19860553741,2.38037180901,3.35756635666,7.86573123932,7.24637746811,7.39514255524,12.4639348984,29.2428569794,15.1874904633,15.0007238388,16.0365810394,8.91277694702,13.1612596512,12.0904302597,8.69318962097,9.16727733612,6.30864429474,5.70572042465,5.71534633636,7.79748296738,6.68260669708,4.02574634552,5.52301216125,6.89505672455,5.39989423752,6.92979240417,6.85796403885,5.50517177582,3.70014119148,4.2443151474,2.79531002045,1.16549408436,0.277186065912,0.0694709941745,0.00692953029647,0.00106282089837,0.000149850384332,0.0000947700900724],"dmean2":[4.5984916687,27.1373233795,16.0684719086,4.16878652573,5.76571750641,12.7827482224,11.6773328781,12.2868728638,21.0401992798,49.3255386353,24.9535331726,23.7809906006,26.5688915253,14.9442472458,22.270072937,20.0524673462,14.3890485764,15.1601829529,10.5157299042,9.43461036682,9.31961536407,13.0492782593,11.312669754,6.77329206467,9.00645828247,11.0751829147,8.56223011017,11.0098228455,10.8463964462,8.80742359161,5.70484161377,6.40296030045,4.29526281357,1.77945125103,0.425580203533,0.112129561603,0.00989789701998,0.00125761190429,0.000187801138964,0.000163337725098],"dvar":[14.7986030579,524.197875977,156.825500488,12.2475347519,24.2338886261,120.852005005,95.6932907104,120.573745728,700.231872559,4907.72998047,1087.07519531,994.958007813,1919.22912598,874.078125,1620.64807129,1535.58911133,538.369750977,800.404602051,328.353027344,441.985046387,311.245574951,508.45501709,575.523681641,222.024002075,281.909484863,426.552032471,201.293182373,494.566467285,569.96875,497.175506592,155.210632324,353.963653564,170.076080322,31.0402488708,2.12710523605,0.479514420033,0.000687519437633,0.0000139128478622,2.43411079737e-7,4.1503728454e-8],"dvar2":[43.8966140747,1517.91772461,442.27734375,35.2955245972,67.4351806641,315.697814941,247.617950439,329.067199707,1848.5994873,13252.6259766,2701.54956055,2208.8996582,5011.91992188,2345.08569336,4371.58789063,3843.65820313,1422.91589355,2088.46313477,909.373291016,1181.73046875,846.583435059,1434.78601074,1695.671875,712.372375488,729.067321777,1121.85656738,497.94241333,1275.21166992,1281.79016113,1106.14929199,343.09072876,776.916687012,401.732666016,65.2854919434,4.97352552414,1.35220348835,0.00151235540397,0.0000157755421242,3.08522999148e-7,1.15105912357e-7],"max":[34.3184051514,190.347259521,114.531394958,47.1334381104,77.2110137939,183.253738403,116.757286072,172.192306519,593.094238281,1469.3013916,774.589294434,628.604431152,1254.06164551,839.551086426,873.933349609,1086.07177734,486.296081543,803.332580566,423.460083008,581.346618652,428.414550781,654.891601563,763.023254395,511.935150146,607.620300293,681.747436523,524.377563477,642.881469727,781.06060791,1021.65820313,406.361816406,778.53692627,479.053314209,218.227233887,54.5281295776,27.1412506104,4.15994739532,1.05747079849,0.136715754867,0.00630698399618],"mean":[3.10856533051,18.0622711182,11.4048643112,3.35632252693,4.69655418396,12.408914566,12.8982000351,12.5620517731,20.0008525848,43.1894874573,25.0365810394,25.8462677002,25.7373962402,15.3097734451,20.2676811218,19.5937595367,15.896188736,16.1982135773,12.2504930496,11.4561729431,12.3467988968,16.9625835419,14.2959423065,10.2753047943,14.1859178543,16.9844284058,15.5177650452,18.8062419891,19.2499980927,15.2616214752,10.9385118484,10.3964290619,6.36165523529,2.74079203606,0.809807658195,0.240714505315,0.0637177079916,0.0155887044966,0.00226441002451,0.000254457991105],"median":[1.28677868843,7.83171081543,6.47466373444,2.46080565453,3.03931188583,8.21133613586,9.53173160553,8.32791996002,9.34782314301,12.7494392395,8.51166343689,9.85272502899,8.31724357605,5.26618719101,4.96364545822,5.60223817825,4.93574571609,4.41527509689,3.52407002449,2.90507769585,3.37650871277,4.14922571182,4.22721147537,3.2336370945,4.19350910187,4.75188064575,4.65275144577,4.04762172699,3.80035018921,3.20380568504,2.17868351936,1.53989028931,0.741422057152,0.283196985722,0.0789500772953,0.0200766343623,0.00557256722823,0.000965978542808,0.000188632504432,0.000116280440125],"min":[5.04548177459e-23,7.14534758897e-22,1.37359550627e-21,5.30163642157e-21,1.2028879047e-20,2.77990329967e-20,3.05419348273e-20,1.14077525178e-19,7.98859176225e-20,1.38622145301e-19,3.31987051842e-19,3.6879064374e-19,4.56807236259e-19,8.37703900908e-19,1.68679890603e-18,1.23019469092e-18,1.12095690903e-18,1.42277309087e-18,2.38565051156e-18,2.98214161821e-18,3.54460582318e-18,4.2196162223e-18,5.98092156085e-18,7.56108758014e-18,8.19262922448e-18,9.25912146005e-18,9.64899732534e-18,9.56937540112e-18,1.11059303906e-17,9.01624799731e-18,1.21290692631e-17,1.25443900312e-17,1.03316694849e-17,8.51354965955e-18,6.87017752888e-18,3.85065644597e-18,2.19698343513e-18,1.05195670765e-18,2.47766029263e-19,2.96651686145e-20],"var":[18.160484314,613.340209961,192.0965271,13.6798067093,31.4269123077,211.902267456,185.792984009,229.074432373,1182.16894531,7958.93896484,2081.37817383,2137.13354492,3160.58544922,1423.82324219,2523.60449219,2411.50097656,1162.68725586,1533.84375,898.574829102,983.614746094,916.378967285,1695.82580566,1443.38366699,844.921081543,1353.83239746,1654.4901123,1332.62109375,2260.43286133,2506.93237305,1731.86022949,867.930114746,988.96307373,427.188232422,85.1708602905,9.10730934143,1.36653006077,0.10836469382,0.00729069393128,0.000138229836011,2.89663830699e-7]},"erbbands_crest":{"dmean":2.46239256859,"dmean2":4.2220287323,"dvar":5.25313472748,"dvar2":14.9439697266,"max":26.0205535889,"mean":8.58175754547,"median":7.44227027893,"min":2.40675067902,"var":18.159614563},"erbbands_flatness_db":{"dmean":0.0141336228698,"dmean2":0.0232235584408,"dvar":0.000198430527234,"dvar2":0.000540764420293,"max":0.439072400331,"mean":0.154146537185,"median":0.134981304407,"min":0.0218496117741,"var":0.00401144754142},"erbbands_kurtosis":{"dmean":1.8028062582,"dmean2":3.01119041443,"dvar":41.164100647,"dvar2":111.725151062,"max":194.366226196,"mean":2.16893148422,"median":0.125637054443,"min":-1.95056605339,"var":80.7580947876},"erbbands_skewness":{"dmean":0.390398263931,"dmean2":0.638032376766,"dvar":0.202860787511,"dvar2":0.550601541996,"max":11.7077531815,"mean":0.799156606197,"median":0.746931016445,"min":-6.69649600983,"var":1.6528403759},"erbbands_spread":{"dmean":9.6918888092,"dmean2":15.9523954391,"dvar":112.118721008,"dvar2":295.349914551,"max":218.549377441,"mean":50.8756332397,"median":46.9458312988,"min":1.45265483856,"var":920.118835449},"gfcc":{"cov":[[13443.8867188,1029.5435791,-1809.87658691,541.478881836,-1362.96716309,1053.64587402,-277.388153076,368.028259277,293.282684326,-5.92212581635,17.7580699921,-63.0417022705,108.678451538],[1029.5435791,3775.82910156,1326.18383789,83.5272827148,366.752502441,-87.6549835205,282.988464355,-166.173721313,123.062049866,-34.5409927368,196.823547363,-43.6369018555,69.2468338013],[-1809.87658691,1326.18383789,2507.8371582,520.47668457,663.932067871,-260.123657227,183.85647583,-85.4351730347,-89.3884963989,121.304985046,181.516174316,41.0821342468,-6.75721311569],[541.478881836,83.5272827148,520.47668457,734.937316895,100.743553162,153.320098877,97.0267562866,74.1154785156,138.562667847,-15.2341575623,42.9188423157,-8.0169467926,40.6881446838],[-1362.96716309,366.752502441,663.932067871,100.743553162,661.068786621,-156.467102051,168.166946411,-24.2115039825,10.4343042374,51.1269874573,52.7304496765,31.9888420105,-22.2402992249],[1053.64587402,-87.6549835205,-260.123657227,153.320098877,-156.467102051,472.870513916,57.1031684875,120.607093811,134.650802612,-34.8912849426,36.2008399963,-22.919418335,47.5324783325],[-277.388153076,282.988464355,183.85647583,97.0267562866,168.166946411,57.1031684875,305.432739258,30.3035297394,86.6593856812,4.79362344742,26.9588794708,33.0098648071,12.2594480515],[368.028259277,-166.173721313,-85.4351730347,74.1154785156,-24.2115039825,120.607093811,30.3035297394,193.386352539,20.8021678925,12.9136533737,8.04678344727,-18.6548786163,37.1642456055],[293.282684326,123.062049866,-89.3884963989,138.562667847,10.4343042374,134.650802612,86.6593856812,20.8021678925,237.212280273,-33.399143219,25.6941566467,15.9560079575,11.7680397034],[-5.92212581635,-34.5409927368,121.304985046,-15.2341575623,51.1269874573,-34.8912849426,4.79362344742,12.9136533737,-33.399143219,145.287582397,-11.2219305038,5.62006139755,3.42831039429],[17.7580699921,196.823547363,181.516174316,42.9188423157,52.7304496765,36.2008399963,26.9588794708,8.04678344727,25.6941566467,-11.2219305038,158.606399536,-20.2678375244,18.196105957],[-63.0417022705,-43.6369018555,41.0821342468,-8.0169467926,31.9888420105,-22.919418335,33.0098648071,-18.6548786163,15.9560079575,5.62006139755,-20.2678375244,100.447319031,-19.2733058929],[108.678451538,69.2468338013,-6.75721311569,40.6881446838,-22.2402992249,47.5324783325,12.2594480515,37.1642456055,11.7680397034,3.42831039429,18.196105957,-19.2733058929,96.8286514282]],"icov":[[0.000168849161128,-0.000171999563463,0.000205418560654,-0.000290961557766,0.000231435784372,-0.000186093602679,0.000207864199183,-0.000215184729313,0.000142794029671,-0.00032148550963,-0.000129866035422,-0.000286766589852,0.000232228121604],[-0.000171999563463,0.00059385941131,-0.00049390172353,0.000551046337932,-0.000175914115971,0.000181039402378,-0.000495969550684,0.000550782831851,-0.000511214428116,0.000550668570213,0.0000528479722561,0.00070404674625,-0.000602710293606],[0.000205418560654,-0.00049390172353,0.00128600362223,-0.00121513870545,-0.00027507788036,0.0000389609922422,0.000276834034594,-0.0000863792956807,0.00108897697646,-0.00100467156153,-0.000939950288739,-0.000922899111174,0.000534966471605],[-0.000290961557766,0.000551046337932,-0.00121513870545,0.00289045250975,-0.000277191051282,-0.000201505259611,-0.000444364850409,-0.0000792907303548,-0.00172758835834,0.00115159177221,0.000796217704192,0.00113701145165,-0.000999075826257],[0.000231435784372,-0.000175914115971,-0.00027507788036,-0.000277191051282,0.00287840445526,0.000554107187781,-0.000873830693308,-0.000529973010998,-0.000283959670924,-0.000742329109926,-0.000457479414763,-0.000303498323774,0.000752853346057],[-0.000186093602679,0.000181039402378,0.0000389609922422,-0.000201505259611,0.000554107187781,0.00382422818802,-0.00078244874021,-0.00126819335856,-0.00140474492218,0.000461833085865,-0.000647802837193,0.000598625978455,-0.000602144282311],[0.000207864199183,-0.000495969550684,0.000276834034594,-0.000444364850409,-0.000873830693308,-0.00078244874021,0.00507908407599,-0.00100048340391,-0.000857217528392,-0.000478916364955,-0.0000802331414889,-0.00183785671834,0.0000221616919589],[-0.000215184729313,0.000550782831851,-0.0000863792956807,-0.0000792907303548,-0.000529973010998,-0.00126819335856,-0.00100048340391,0.00744897639379,0.000400484394049,-0.000465916120447,0.0000302047865262,0.00128293328453,-0.00213910825551],[0.000142794029671,-0.000511214428116,0.00108897697646,-0.00172758835834,-0.000283959670924,-0.00140474492218,-0.000857217528392,0.000400484394049,0.00704000005499,0.000143850324093,-0.00104709877633,-0.0018198674079,0.000560280692298],[-0.00032148550963,0.000550668570213,-0.00100467156153,0.00115159177221,-0.000742329109926,0.000461833085865,-0.000478916364955,-0.000465916120447,0.000143850324093,0.00852672662586,0.001214607968,0.000467962119728,-0.00119923695456],[-0.000129866035422,0.0000528479722561,-0.000939950288739,0.000796217704192,-0.000457479414763,-0.000647802837193,-0.0000802331414889,0.0000302047865262,-0.00104709877633,0.001214607968,0.00805732700974,0.00192719278857,-0.00112700171303],[-0.000286766589852,0.00070404674625,-0.000922899111174,0.00113701145165,-0.000303498323774,0.000598625978455,-0.00183785671834,0.00128293328453,-0.0018198674079,0.000467962119728,0.00192719278857,0.0124641153961,0.000976263429038],[0.000232228121604,-0.000602710293606,0.000534966471605,-0.000999075826257,0.000752853346057,-0.000602144282311,0.0000221616919589,-0.00213910825551,0.000560280692298,-0.00119923695456,-0.00112700171303,0.000976263429038,0.0126222511753]],"mean":[-9.19969081879,87.2684707642,-82.9710464478,49.2570533752,-58.0374603271,18.5892295837,-19.4921627045,11.0670986176,-8.16628170013,7.72468662262,-2.04441523552,1.34606778622,-5.54595899582]},"hfc":{"dmean":9.155834198,"dmean2":14.627456665,"dvar":226.392822266,"dvar2":479.776885986,"max":493.671447754,"mean":31.6049537659,"median":21.4128665924,"min":1.05454278444e-16,"var":1101.65307617},"melbands":{"dmean":[0.0214752797037,0.0102313654497,0.00041030489956,0.000336969678756,0.000312418909743,0.000168169441167,0.000199849906494,0.000332008523401,0.000112142959551,0.00010015450971,0.0000811193895061,0.0000367130960512,0.0000428514540545,0.0000380061610485,0.0000281772026938,0.0000187879122677,0.0000181196191988,0.0000108734257083,0.00000923944298847,0.00000748053525967,0.00000746969135434,0.00000852038556332,0.00000879394337971,0.00000510664449394,0.00000341479676536,0.00000425953612648,0.00000464761751573,0.00000514584280609,0.00000371461533177,0.00000391316370951,0.00000473889031127,0.00000441275960839,0.00000396985706175,0.00000310037489726,0.00000226308361562,0.00000248347919296,0.00000287617399408,0.00000238516736317,0.00000124549205793,9.71849772213e-7],"dmean2":[0.0377697460353,0.0178886745125,0.000713116547558,0.000561315449886,0.000497827481013,0.00027869376936,0.000336672528647,0.000559066946153,0.000181859082659,0.00015969267406,0.000134320231155,0.0000616385295871,0.0000723657722119,0.0000641577280476,0.0000465406374133,0.0000309438291879,0.0000303585220536,0.0000184525124496,0.0000154105764523,0.000012503205653,0.0000121426119222,0.0000143545021274,0.0000148747176354,0.00000868599454407,0.00000580192090638,0.00000709918231223,0.00000752930009185,0.00000835711489344,0.0000059903663896,0.00000622379729975,0.00000763099524193,0.00000700016335031,0.00000636109325569,0.00000499913539898,0.00000352040206053,0.0000038420821511,0.00000432789011029,0.00000368888549929,0.00000190698415281,0.00000150827872858],"dvar":[0.00102326925844,0.00021362726693,3.58322381544e-7,2.03505550189e-7,1.81553289735e-7,5.95881957111e-8,1.75891102572e-7,6.38782978513e-7,5.19341938343e-8,4.96086833834e-8,4.82501398835e-8,1.58665898198e-8,1.67138374252e-8,1.69413816309e-8,8.57489901307e-9,2.63238697507e-9,3.35611605173e-9,1.02252661893e-9,9.88743531494e-10,7.77600872581e-10,5.60717583475e-10,6.70541566716e-10,9.25703902421e-10,3.28579413678e-10,1.83459344938e-10,2.0597007433e-10,2.01659050569e-10,2.4813492927e-10,9.90067611228e-11,1.46638451382e-10,2.66668215287e-10,2.2810102418e-10,2.74333861183e-10,1.5529319497e-10,6.29983912259e-11,7.89586312999e-11,1.82687434624e-10,1.30799981957e-10,3.67241480281e-11,2.93699960185e-11],"dvar2":[0.00299285701476,0.000612710777204,0.0000010238466075,5.60404942007e-7,4.53520272004e-7,1.60845061714e-7,4.57911028207e-7,0.00000174250988039,1.26156592728e-7,1.13786761347e-7,1.25784666238e-7,4.16531875658e-8,4.46243362262e-8,4.45169447971e-8,2.11338040401e-8,6.79756073652e-9,9.01384300533e-9,2.87779067243e-9,2.69797273411e-9,2.17727458285e-9,1.5031531575e-9,1.95001614856e-9,2.59304400174e-9,1.02937913748e-9,5.89102822079e-10,5.94414684141e-10,5.1487558661e-10,6.61988741602e-10,2.56568932766e-10,3.62532087683e-10,7.19898696211e-10,5.35517519218e-10,6.57242815727e-10,3.61730950749e-10,1.48561135616e-10,1.70255157195e-10,4.06330830094e-10,3.15888426528e-10,8.58822388206e-11,6.29358926085e-11],"max":[0.268336504698,0.12506608665,0.00937873777002,0.00696176942438,0.00568532152101,0.00387646211311,0.00895467679948,0.0184493996203,0.00507634412497,0.00506288092583,0.00623230822384,0.0037543810904,0.00375094567426,0.00378634152003,0.0033730273135,0.00107920751907,0.00174147833604,0.000778218789492,0.000865901994985,0.000768979836721,0.000530725577846,0.000759734597523,0.001014016103,0.000485466298414,0.000493979488965,0.000438979506725,0.000490778475069,0.000492216495331,0.000391557929106,0.000411349552451,0.000509700097609,0.000411628483562,0.000763300515246,0.000485882250359,0.000304540124489,0.000331444956828,0.000568185932934,0.000437825452536,0.000212517450564,0.000231651720242],"mean":[0.0271083749831,0.0124966679141,0.000613204145338,0.000568337505683,0.000554060039576,0.000285070593236,0.000315771467285,0.000488789170049,0.000184190197615,0.000167355974554,0.000126127211843,0.0000591799871472,0.0000646528787911,0.0000573836514377,0.0000446618396381,0.0000322372106893,0.0000296046491712,0.0000193675296032,0.0000167392609001,0.0000137605647978,0.0000148079934661,0.0000174915112439,0.0000166419576999,0.00000989254112937,0.00000781073413236,0.00000987361272564,0.0000107726546048,0.0000114901031338,0.00000950753474172,0.00000953434118856,0.0000116189157779,0.0000113999885798,0.00000961969635682,0.0000079526389527,0.00000614913460595,0.00000622100924375,0.00000647810429655,0.00000502858574691,0.00000283464510176,0.0000021358828235],"median":[0.0119930598885,0.00624520378187,0.000456896348624,0.000425176694989,0.000392820511479,0.000187395096873,0.000142398974276,0.000133815701702,0.0000631334842183,0.0000591441203142,0.0000384382365155,0.0000191932176676,0.0000152882948896,0.0000155388934218,0.0000119143014672,0.00000931455815589,0.00000747998592487,0.0000053661142374,0.00000393486925532,0.00000355253382622,0.00000365366076949,0.00000383126189263,0.00000415479689764,0.00000299709972751,0.00000225890948968,0.00000272213469543,0.000002929316679,0.00000304445461552,0.00000276977289104,0.00000230272485169,0.00000218672562369,0.00000199838495973,0.00000184552993687,0.00000157336023676,0.00000116304352105,0.00000100779857348,7.85753741184e-7,5.03582214151e-7,2.83235493725e-7,1.80035968356e-7],"min":[8.39224151993e-25,1.55283699597e-24,1.28230799536e-24,1.8875487059e-24,9.72792995781e-25,2.21865827973e-24,1.12482236804e-24,1.5982635512e-24,2.44266913883e-24,2.50230150124e-24,2.04261726341e-24,2.95236242489e-24,4.35400574812e-24,3.30597287553e-24,3.54446564313e-24,2.94034531229e-24,2.25770275302e-24,3.14704047731e-24,5.22452401222e-24,2.73084850776e-24,4.03622812081e-24,4.4225502666e-24,4.58837356205e-24,4.93612159287e-24,5.34796417781e-24,3.42984888677e-24,4.92388636023e-24,5.0234228571e-24,4.64250361964e-24,6.55089304459e-24,4.88642887787e-24,4.6845798826e-24,5.34870965137e-24,3.955633752e-24,6.67841043776e-24,6.13969219799e-24,6.80537444501e-24,5.8830508964e-24,6.82870421743e-24,6.54712978364e-24],"var":[0.00129840918817,0.000258277519606,4.21147660745e-7,3.51050175595e-7,3.68938088968e-7,1.15727182504e-7,2.96131531741e-7,0.00000105553908725,1.0331051925e-7,9.91520821003e-8,7.91984149373e-8,2.49646685546e-8,2.73038036624e-8,2.30076118157e-8,1.67263252138e-8,5.26555243852e-9,5.78255754391e-9,2.40814812535e-9,2.16329265612e-9,1.54832846544e-9,1.52646928431e-9,2.14442152924e-9,2.15971973638e-9,7.73231145779e-10,6.05064942594e-10,7.85073617227e-10,7.7794459763e-10,8.458850842e-10,5.77097536425e-10,6.07185579593e-10,1.1110243836e-9,1.03474151469e-9,7.50799700189e-10,5.43285583188e-10,3.2132424499e-10,3.31878774462e-10,4.61627791548e-10,3.04593433809e-10,9.85663148323e-11,6.90962217997e-11]},"melbands_crest":{"dmean":4.602602005,"dmean2":7.92260122299,"dvar":12.4112529755,"dvar2":36.1009864807,"max":36.3345413208,"mean":20.5257396698,"median":21.1109924316,"min":1.51712441444,"var":47.3240776062},"melbands_flatness_db":{"dmean":0.044040299952,"dmean2":0.0742887035012,"dvar":0.00142031908035,"dvar2":0.00407360401005,"max":0.792180716991,"mean":0.304234415293,"median":0.281807124615,"min":0.00334559916519,"var":0.0170431993902},"melbands_kurtosis":{"dmean":36.7701377869,"dmean2":63.5083427429,"dvar":2972.58813477,"dvar2":8447.64550781,"max":1171.31494141,"mean":63.7155914307,"median":32.865650177,"min":-1.3372862339,"var":7969.28076172},"melbands_skewness":{"dmean":1.65227115154,"dmean2":2.80718207359,"dvar":2.91776990891,"dvar2":8.30078601837,"max":27.1939907074,"mean":5.12199401855,"median":4.39566230774,"min":-7.88132190704,"var":11.2351131439},"melbands_spread":{"dmean":4.75622177124,"dmean2":8.03594970703,"dvar":51.5958557129,"dvar2":139.106155396,"max":159.37727356,"mean":11.2878627777,"median":7.44300270081,"min":0.123688131571,"var":213.313766479},"mfcc":{"cov":[[8800.66113281,-651.864807129,-457.192443848,-1141.54919434,-495.834960938,133.019058228,-368.387084961,374.571105957,295.246887207,238.334182739,16.3704395294,191.158569336,40.8022537231],[-651.864807129,3445.91381836,1012.20947266,639.105834961,214.889205933,210.812255859,195.471160889,-40.0617752075,-123.542533875,-1.07427942753,67.6807022095,-12.0384340286,97.7133712769],[-457.192443848,1012.20947266,1474.29907227,694.487548828,321.238525391,187.853317261,213.237335205,25.4071559906,-16.8047866821,5.28013086319,95.2250671387,67.8150863647,35.1158676147],[-1141.54919434,639.105834961,694.487548828,879.578063965,291.497497559,142.075927734,135.6015625,7.0164475441,23.5337982178,-17.7079696655,94.5286254883,9.02729225159,36.3382606506],[-495.834960938,214.889205933,321.238525391,291.497497559,396.527862549,59.8291015625,110.69896698,13.229139328,6.41031694412,18.1649570465,38.8739471436,57.3255691528,7.81020212173],[133.019058228,210.812255859,187.853317261,142.075927734,59.8291015625,309.303283691,7.06737565994,123.072555542,66.8915710449,26.3327312469,72.2749786377,55.2845039368,20.3970031738],[-368.387084961,195.471160889,213.237335205,135.6015625,110.69896698,7.06737565994,303.741638184,-10.3012704849,47.9166679382,12.6362218857,28.0033817291,55.7535018921,13.3440160751],[374.571105957,-40.0617752075,25.4071559906,7.0164475441,13.229139328,123.072555542,-10.3012704849,296.704498291,57.2831916809,41.0951080322,42.8226509094,67.0042648315,11.4398365021],[295.246887207,-123.542533875,-16.8047866821,23.5337982178,6.41031694412,66.8915710449,47.9166679382,57.2831916809,256.716674805,-6.90923166275,49.3512687683,50.6056556702,12.9439468384],[238.334182739,-1.07427942753,5.28013086319,-17.7079696655,18.1649570465,26.3327312469,12.6362218857,41.0951080322,-6.90923166275,152.687896729,-12.9095516205,34.7661132813,23.1195411682],[16.3704395294,67.6807022095,95.2250671387,94.5286254883,38.8739471436,72.2749786377,28.0033817291,42.8226509094,49.3512687683,-12.9095516205,141.91998291,17.8657569885,8.03285503387],[191.158569336,-12.0384340286,67.8150863647,9.02729225159,57.3255691528,55.2845039368,55.7535018921,67.0042648315,50.6056556702,34.7661132813,17.8657569885,147.786361694,0.9576420784],[40.8022537231,97.7133712769,35.1158676147,36.3382606506,7.81020212173,20.3970031738,13.3440160751,11.4398365021,12.9439468384,23.1195411682,8.03285503387,0.9576420784,108.017318726]],"icov":[[0.000178415561095,-0.0000106063434941,-0.00010499120981,0.000270560296485,0.000101141449704,0.00000190941318579,0.000215471038246,-0.000102557314676,-0.000221946684178,-0.000224562274525,-0.0000886591660674,-0.000134820540552,-0.0000556684972253],[-0.0000106063434941,0.000400121934945,-0.00018432601064,-0.000120054050058,0.0000597458274569,-0.000214252737351,-0.00015501434973,0.000090857502073,0.000254231592407,0.0000578288636461,0.000027548205253,0.000110169399704,-0.000257839215919],[-0.00010499120981,-0.00018432601064,0.00136760738678,-0.000867213995662,-0.00030067525222,-0.000277670274954,-0.000487197889015,0.0000806179596111,0.000414556998294,0.000177593523404,-0.0000445693767688,-0.000265020877123,0.0000973376445472],[0.000270560296485,-0.000120054050058,-0.000867213995662,0.00265876948833,-0.000851919234265,-0.000345888664015,0.000204262469197,-0.0000630204158369,-0.000555878970772,-0.0000777519962867,-0.000639958074316,0.00057556189131,-0.000372017093468],[0.000101141449704,0.0000597458274569,-0.00030067525222,-0.000851919234265,0.00383439613506,-0.0000237971635215,-0.000504037947394,0.0000591270363657,0.000217462860746,-0.000431112683145,-0.000200654889341,-0.00120091671124,0.000167127072928],[0.00000190941318579,-0.000214252737351,-0.000277670274954,-0.000345888664015,-0.0000237971635215,0.00494615826756,0.000762279669289,-0.00141392927617,-0.000789407640696,-0.000513287552167,-0.00137976766564,-0.000800031702965,-0.000162807045854],[0.000215471038246,-0.00015501434973,-0.000487197889015,0.000204262469197,-0.000504037947394,0.000762279669289,0.00460571656004,0.000313242140692,-0.0011060932884,-0.000546838971786,-0.000477110617794,-0.0014826770639,-0.000262924120761],[-0.000102557314676,0.000090857502073,0.0000806179596111,-0.0000630204158369,0.0000591270363657,-0.00141392927617,0.000313242140692,0.00461238995194,-0.000182935051271,-0.000626604771242,-0.000615968136117,-0.00131130393129,-0.000099453056464],[-0.000221946684178,0.000254231592407,0.000414556998294,-0.000555878970772,0.000217462860746,-0.000789407640696,-0.0011060932884,-0.000182935051271,0.00524486647919,0.00100184197072,-0.00095612090081,-0.00104969704989,-0.000567075156141],[-0.000224562274525,0.0000578288636461,0.000177593523404,-0.0000777519962867,-0.000431112683145,-0.000513287552167,-0.000546838971786,-0.000626604771242,0.00100184197072,0.00792691577226,0.00123350543436,-0.00127829075791,-0.00163414503913],[-0.0000886591660674,0.000027548205253,-0.0000445693767688,-0.000639958074316,-0.000200654889341,-0.00137976766564,-0.000477110617794,-0.000615968136117,-0.00095612090081,0.00123350543436,0.00896886363626,0.000183866010047,-0.000180476767127],[-0.000134820540552,0.000110169399704,-0.000265020877123,0.00057556189131,-0.00120091671124,-0.000800031702965,-0.0014826770639,-0.00131130393129,-0.00104969704989,-0.00127829075791,0.000183866010047,0.00958868768066,0.000704445526935],[-0.0000556684972253,-0.000257839215919,0.0000973376445472,-0.000372017093468,0.000167127072928,-0.000162807045854,-0.000262924120761,-0.000099453056464,-0.000567075156141,-0.00163414503913,-0.000180476767127,0.000704445526935,0.0100921206176]],"mean":[-654.909912109,113.152748108,31.9210243225,35.3671875,0.297042459249,13.5628137589,4.74554586411,8.66787719727,3.00293493271,9.03769493103,6.81943082809,10.6471719742,4.04712486267]},"pitch_salience":{"dmean":0.102768391371,"dmean2":0.175477698445,"dvar":0.00765696819872,"dvar2":0.0214334633201,"max":0.975725769997,"mean":0.386356323957,"median":0.368814170361,"min":0.0215119477361,"var":0.0363774001598},"silence_rate_20dB":{"dmean":0.0701852887869,"dmean2":0.14039029181,"dvar":0.0652573928237,"dvar2":0.155496194959,"max":1,"mean":0.939649105072,"median":1,"min":0,"var":0.0567077323794},"silence_rate_30dB":{"dmean":0.098820887506,"dmean2":0.197669520974,"dvar":0.0890558809042,"dvar2":0.209411144257,"max":1,"mean":0.565894722939,"median":1,"min":0,"var":0.245656728745},"silence_rate_60dB":{"dmean":0.00280741159804,"dmean2":0.00561561156064,"dvar":0.00279928417876,"dvar2":0.00726777641103,"max":1,"mean":0.0266666673124,"median":0,"min":0,"var":0.0259614214301},"spectral_centroid":{"dmean":224.305709839,"dmean2":367.34262085,"dvar":75817.6015625,"dvar2":183592.734375,"max":11744.9130859,"mean":1273.12597656,"median":1004.87640381,"min":72.9582061768,"var":1445115.625},"spectral_complexity":{"dmean":2.39500284195,"dmean2":3.94861721992,"dvar":5.61246299744,"dvar2":13.4924211502,"max":58,"mean":16.3522815704,"median":14,"min":0,"var":101.677436829},"spectral_contrast_coeffs":{"dmean":[0.0557916499674,0.0490709468722,0.0360284596682,0.0259413700551,0.0184332299978,0.0131248971447],"dmean2":[0.0955397337675,0.0826786532998,0.0603384971619,0.0435754135251,0.0310135260224,0.0217493269593],"dvar":[0.00186081405263,0.0014827955747,0.00086017936701,0.000459889153717,0.000243216869421,0.000127731997054],"dvar2":[0.00538355391473,0.00411487556994,0.00231974758208,0.00121592904907,0.000638249795884,0.000323221320286],"max":[-0.304155290127,-0.459505617619,-0.438802689314,-0.543731272221,-0.469393908978,-0.446584284306],"mean":[-0.695805490017,-0.746446192265,-0.79854041338,-0.814277410507,-0.803280293941,-0.738179922104],"median":[-0.701122760773,-0.749624013901,-0.804392635822,-0.822842478752,-0.818466663361,-0.745466589928],"min":[-0.979894995689,-0.969082057476,-0.977507293224,-0.972359776497,-0.972659170628,-0.962628185749],"var":[0.00697685219347,0.00565219949931,0.00401825178415,0.00290813436732,0.0038355756551,0.00380948325619]},"spectral_contrast_valleys":{"dmean":[0.388009369373,0.325384140015,0.274941116571,0.218492686749,0.156510934234,0.139496073127],"dmean2":[0.66309183836,0.549760222435,0.46391788125,0.361057579517,0.257772386074,0.210338830948],"dvar":[0.103389210999,0.0743748992682,0.0590273477137,0.043822389096,0.0298115871847,0.0361589491367],"dvar2":[0.263903230429,0.192149654031,0.146606579423,0.0981854572892,0.0582912564278,0.054266076535],"max":[-4.58280086517,-4.86590003967,-5.07102060318,-6.08407592773,-5.55376338959,-6.9006319046],"mean":[-6.80259656906,-6.79122543335,-7.56832408905,-8.12083244324,-7.78733587265,-10.1752481461],"median":[-6.19310903549,-6.47660303116,-7.20052433014,-7.78304767609,-7.52161121368,-10.0328712463],"min":[-28.3787994385,-27.9181957245,-27.9947090149,-27.7182407379,-27.5807991028,-27.406003952],"var":[4.75843429565,3.60575056076,3.48292708397,3.19769883156,3.04817438126,3.1019282341]},"spectral_decrease":{"dmean":2.01722301085e-8,"dmean2":3.52896165623e-8,"dvar":8.54941482125e-16,"dvar2":2.48512521054e-15,"max":1.27126952288e-28,"mean":-3.03185210271e-8,"median":-1.7151300824e-8,"min":-2.45224299533e-7,"var":1.16952306011e-15},"spectral_energy":{"dmean":0.0766765624285,"dmean2":0.134105235338,"dvar":0.0123091377318,"dvar2":0.0357805974782,"max":0.931108117104,"mean":0.117295481265,"median":0.0672316923738,"min":1.00334181025e-20,"var":0.0169290788472},"spectral_energyband_high":{"dmean":0.000627222470939,"dmean2":0.000935307412874,"dvar":0.00000361707861884,"dvar2":0.00000687918281983,"max":0.067555360496,"mean":0.00223436183296,"median":0.000672560301609,"min":7.20476898473e-21,"var":0.0000163559343491},"spectral_energyband_low":{"dmean":0.0757130607963,"dmean2":0.132610470057,"dvar":0.0123104983941,"dvar2":0.0357618890703,"max":0.919046401978,"mean":0.101369678974,"median":0.0502007752657,"min":1.1391227202e-23,"var":0.0162893310189},"spectral_energyband_middle_high":{"dmean":0.00106645456981,"dmean2":0.00172908767127,"dvar":0.00000428105704486,"dvar2":0.0000104349028334,"max":0.0423175655305,"mean":0.00337606179528,"median":0.00166472431738,"min":1.2900358251e-21,"var":0.0000197393474082},"spectral_energyband_middle_low":{"dmean":0.00383838126436,"dmean2":0.00627349689603,"dvar":0.000027062409572,"dvar2":0.0000714554698789,"max":0.109903872013,"mean":0.0103922719136,"median":0.00802398100495,"min":1.6422186994e-22,"var":0.0000886104317033},"spectral_entropy":{"dmean":0.151569053531,"dmean2":0.247286781669,"dvar":0.0249729715288,"dvar2":0.0675441026688,"max":9.82032012939,"mean":7.4840669632,"median":7.6551733017,"min":4.22324466705,"var":0.426364034414},"spectral_flux":{"dmean":0.0652007237077,"dmean2":0.109186291695,"dvar":0.0059268437326,"dvar2":0.0150505173951,"max":0.760292291641,"mean":0.175860449672,"median":0.145195394754,"min":6.39150538051e-11,"var":0.0132404807955},"spectral_kurtosis":{"dmean":1.08932924271,"dmean2":1.85446584225,"dvar":2.83330750465,"dvar2":8.15165805817,"max":39.7072792053,"mean":3.74394655228,"median":2.30213427544,"min":-1.3837505579,"var":21.907125473},"spectral_rms":{"dmean":0.00297213857993,"dmean2":0.00510841421783,"dvar":0.0000112228335638,"dvar2":0.0000327477318933,"max":0.0301396455616,"mean":0.00925145763904,"median":0.00809888169169,"min":3.12868979856e-12,"var":0.0000288448500214},"spectral_rolloff":{"dmean":401.854370117,"dmean2":730.182434082,"dvar":1304330.625,"dvar2":3521365.75,"max":19724.4140625,"mean":1086.12670898,"median":279.931640625,"min":43.06640625,"var":5227986.5},"spectral_skewness":{"dmean":0.166497692466,"dmean2":0.270819246769,"dvar":0.0322958193719,"dvar2":0.0839001759887,"max":5.06025934219,"mean":1.44489228725,"median":1.33679270744,"min":-0.148978307843,"var":0.554141461849},"spectral_spread":{"dmean":353628.1875,"dmean2":555152.5625,"dvar":301190086656,"dvar2":633089490944,"max":42817004,"mean":5462954.5,"median":4983101.5,"min":1634804,"var":11500307611600},"spectral_strongpeak":{"dmean":0.451517641544,"dmean2":0.767002761364,"dvar":0.484602510929,"dvar2":1.3824006319,"max":14.411403656,"mean":0.892903208733,"median":0.551379919052,"min":0,"var":1.92960953712},"zerocrossingrate":{"dmean":0.00893519073725,"dmean2":0.0119835585356,"dvar":0.000148267543409,"dvar2":0.000249263743171,"max":0.5234375,"mean":0.0508529320359,"median":0.033203125,"min":0.001953125,"var":0.00373053061776}},"metadata":{"audio_properties":{"analysis_sample_rate":44100,"bit_rate":320000,"codec":"mp3","downmix":"mix","equal_loudness":0,"length":165.407348633,"lossless":false,"md5_encoded":"7184d586ed703365178f2d39517a7dac","replay_gain":-3.10055923462,"sample_rate":44100},"tags":{"acoustid_id":["09e8e6ba-eea3-435e-b76e-57b11181c6c8"],"album":["Alien 4"],"albumartist":["Hawkwind"],"albumartistsort":["Hawkwind"],"artist":["Hawkwind"],"artistsort":["Hawkwind"],"asin":["B0032BVETK"],"barcode":["5013929631823"],"catalognumber":["ATOMCD 1018"],"contentgroup":["Rock"],"date":["2010-02-22"],"discnumber":["1/1"],"file_name":"01 - Abducted.mp3","genre":["Rock","Space Rock","Psychedelic Rock","Progressive Rock","Psychedelic","Hard Rock"],"label":["Atomhenge"],"media":["CD"],"musicbrainz album release country":["GB"],"musicbrainz album status":["official"],"musicbrainz album type":["album"],"musicbrainz_albumartistid":["5a28f8c2-31fb-4047-ae57-c5c326989262"],"musicbrainz_albumid":["e12d12b1-dc95-437c-be6d-68ffcbe1cbfd"],"musicbrainz_artistid":["5a28f8c2-31fb-4047-ae57-c5c326989262"],"musicbrainz_recordingid":["8b95fd42-4110-4261-9df7-a594284469be"],"musicbrainz_releasegroupid":["bd306e0d-f515-3873-b12f-dd6c7248d6ce"],"originaldate":["1995"],"originalyear":["2010"],"script":["Latn"],"title":["Abducted"],"tracknumber":["1/15"]},"version":{"essentia":"2.1-beta2","essentia_build_sha":"2d9f1f26377add8aeb1075a9c2973f962c4f09fd","essentia_git_sha":"v2.1_beta2-1-ge3940c0","extractor":"music 1.0"}},"rhythm":{"beats_count":284,"beats_loudness":{"dmean":0.0663657933474,"dmean2":0.115408346057,"dvar":0.00876831077039,"dvar2":0.0248823873699,"max":0.667650640011,"mean":0.10407409817,"median":0.0740587860346,"min":0,"var":0.0109546650201},"beats_loudness_band_ratio":{"dmean":[0.1372601