{"lowlevel":{"average_loudness":0.922026515007,"barkbands":{"dmean":[0.0000871610027389,0.00225575827062,0.00129663164262,0.000921231578104,0.00180943636224,0.000912595831323,0.000788819219451,0.000633634685073,0.00114007212687,0.000519264722243,0.000392843183363,0.000420366239268,0.000317122816341,0.000434238812886,0.000477092398796,0.000425567006459,0.000427184597356,0.000266707065748,0.000213014660403,0.000147254293552,0.000161389049026,0.000142864431837,0.0000968570966506,0.000143194702105,0.0000406759427278,0.0000117417475849,0.00000316330010719],"dmean2":[0.000124827129184,0.00373451737687,0.00233360379934,0.00158276979346,0.00314389402047,0.00156324042473,0.00132538552862,0.000991462729871,0.0017203015741,0.000801756745204,0.000606993562542,0.000656122516375,0.000500349968206,0.000682982557919,0.000749370083213,0.00066691118991,0.000689540232997,0.000428229686804,0.000340981117915,0.000232020771364,0.00024706494878,0.000206714350497,0.000136351038236,0.000191238694242,0.0000541048539162,0.0000158174316311,0.00000466670735477],"dvar":[5.94374434115e-8,0.0000478380461573,0.0000159983119374,0.00000359600335287,0.0000296952293866,0.00000401173201681,0.00000326027338815,0.00000161188688708,0.00000350992581843,0.00000196036990019,7.71485531459e-7,7.87517649314e-7,5.52372227958e-7,8.48067202242e-7,0.00000102229489585,8.35036814806e-7,5.06897663399e-7,2.13589885334e-7,1.38382588943e-7,8.2267646917e-8,1.07579460007e-7,9.34001320729e-8,3.85082152832e-8,2.37566709416e-7,1.26563444169e-8,7.77901631999e-10,6.46504239032e-11],"dvar2":[1.19132202769e-7,0.000126107479446,0.0000464514741907,0.00000987178464129,0.0000840260909172,0.000011226406059,0.00000858975727169,0.00000385664861824,0.000008055068065,0.00000444188071924,0.00000169775478298,0.00000175211584974,0.000001258558882,0.00000190645266684,0.00000231183116739,0.00000190744185602,0.00000123565780541,5.12117821927e-7,3.19277177141e-7,1.90117518173e-7,2.26506472245e-7,1.87262898521e-7,7.62551763955e-8,3.9103662175e-7,2.44970426166e-8,1.59581292625e-9,1.51903337131e-10],"max":[0.00577675132081,0.0979543179274,0.0492200180888,0.0296386796981,0.0694030895829,0.0277697797865,0.0274109821767,0.022954761982,0.0336345247924,0.0467912815511,0.0209037959576,0.0293152779341,0.0188521370292,0.0195489954203,0.030713127926,0.0207516178489,0.0141898803413,0.0110052162781,0.0142944222316,0.00531779043376,0.00949870422482,0.00733446003869,0.00548017630354,0.014644340612,0.00550300674513,0.000764541036915,0.000193718122318],"mean":[0.000147561877384,0.00356083968654,0.00163424166385,0.00158638332505,0.00291621056385,0.00148624205031,0.0012417541584,0.00113548536319,0.00249855662696,0.00100381486118,0.000772945058998,0.000796963809989,0.000569695897866,0.000796421838459,0.000928595662117,0.000928190071136,0.000955903436989,0.000571609998588,0.000482292554807,0.000302823347738,0.000357843091479,0.000335799792083,0.000245181960054,0.000306468718918,0.0000864979156177,0.0000264044192591,0.0000061922473833],"median":[0.0000124427369883,0.00141568412073,0.000538837863132,0.000582293840125,0.00168854545336,0.000797042215709,0.000441763200797,0.000455737637822,0.0012306321878,0.000299275154248,0.000285153102595,0.000351377617335,0.000225091920584,0.000365284678992,0.000310439616442,0.000403108395403,0.000614398741163,0.000369946472347,0.00035604450386,0.000171255000168,0.000171488602064,0.000157693371875,0.000107362575363,0.000093765091151,0.0000293106004392,0.00000937560798775,0.00000163490835803],"min":[7.00965086389e-25,3.46209752057e-24,2.10758784757e-24,3.23775632596e-24,7.86875105664e-24,1.65491626764e-23,1.88534222251e-23,1.77491384424e-23,1.43076207251e-23,1.65475423561e-23,2.93289049785e-23,5.6518980851e-23,4.04121577277e-23,5.11962712662e-23,5.69793979406e-23,8.35061080561e-23,7.54007705142e-23,1.51556260034e-22,1.33970164941e-22,1.36810808884e-22,2.39905929872e-22,3.88926424924e-22,4.16244185823e-22,6.89853737175e-22,8.60964458032e-22,1.3924119467e-21,1.94311975836e-21],"var":[1.22317899809e-7,0.0000467399477202,0.0000125516926346,0.0000068403160185,0.0000253930320468,0.0000047587559493,0.00000530848046765,0.00000356148075298,0.0000116503088066,0.00000622380548521,0.00000285697797153,0.00000243839258474,0.000001474486794,0.00000203247873287,0.00000294902179121,0.00000301705017591,0.00000150704840962,5.13704605964e-7,2.99402728388e-7,1.71866446408e-7,3.02555520193e-7,3.01636816857e-7,1.53290159233e-7,8.03541809091e-7,2.9485432762e-8,2.31826291497e-9,1.46671064183e-10]},"barkbands_crest":{"dmean":2.14070630074,"dmean2":3.47197461128,"dvar":5.09097194672,"dvar2":13.344455719,"max":24.9567871094,"mean":8.34020042419,"median":7.56774234772,"min":2.10809707642,"var":12.3370084763},"barkbands_flatness_db":{"dmean":0.0153041090816,"dmean2":0.0223753303289,"dvar":0.000295311503578,"dvar2":0.000598586571869,"max":0.488261759281,"mean":0.111503876746,"median":0.0980596542358,"min":0.0145875057206,"var":0.00356561713852},"barkbands_kurtosis":{"dmean":1.23902869225,"dmean2":1.96537220478,"dvar":5.46991539001,"dvar2":12.5482988358,"max":59.6881866455,"mean":1.64759850502,"median":0.112054869533,"min":-1.86368012428,"var":32.2015075684},"barkbands_skewness":{"dmean":0.38847091794,"dmean2":0.597868084908,"dvar":0.215844482183,"dvar2":0.493675649166,"max":6.51251173019,"mean":0.823687434196,"median":0.751838803291,"min":-5.85500574112,"var":1.04037165642},"barkbands_spread":{"dmean":4.89359378815,"dmean2":7.30618190765,"dvar":35.2543029785,"dvar2":73.9207229614,"max":107.785148621,"mean":26.9305381775,"median":24.9185466766,"min":0.841327726841,"var":214.636779785},"dissonance":{"dmean":0.0150440856814,"dmean2":0.0249745771289,"dvar":0.000282923108898,"dvar2":0.000715240195859,"max":0.500000119209,"mean":0.469252735376,"median":0.478659629822,"min":0.260764122009,"var":0.000983793986961},"dynamic_complexity":3.13967967033,"erbbands":{"dmean":[0.062883220613,0.544253706932,1.42940092087,2.18544840813,5.25941038132,6.54387569427,5.77056741714,7.7462720871,11.2592630386,11.0232028961,18.5621833801,23.7360343933,18.9111309052,13.1268768311,12.6275253296,16.4464588165,14.7111024857,18.4918651581,20.3786296844,23.7578239441,20.0966072083,23.7234077454,15.4473199844,11.2786521912,9.72627830505,6.3527598381,5.94160079956,6.63018798828,5.20051193237,3.94983625412,2.73230290413,3.37483119965,2.01869702339,0.569457530975,0.24250715971,0.0870268046856,0.0170301012695,0.00364879332483,0.000437622627942,0.0000430969157605],"dmean2":[0.0993646755815,0.934552252293,2.56525826454,3.81321191788,9.10506820679,11.4133777618,9.85303592682,13.2276515961,18.8322601318,17.88580513,27.9969100952,35.7981414795,29.0572032928,20.1528568268,19.604391098,25.4830207825,22.934753418,28.6676864624,31.9625358582,36.1353492737,31.8885345459,38.0183486938,24.6616840363,18.172712326,15.3312034607,10.0216150284,9.04027271271,10.1425800323,7.74308395386,5.61700630188,3.87673211098,4.66917324066,2.72300839424,0.760576486588,0.317890077829,0.120299682021,0.0227927193046,0.00506925117224,0.000634475669358,0.0000672380119795],"dvar":[0.0367416292429,2.96212267876,20.1398544312,24.3116645813,220.471557617,401.599182129,186.757049561,298.143951416,626.793518066,674.852661133,1233.50732422,1772.43249512,2530.68896484,849.705383301,1203.7713623,1179.72912598,1139.34301758,1605.12145996,1631.61010742,2857.70581055,1583.65661621,1875.36950684,675.550231934,329.297607422,442.664611816,168.225982666,151.924316406,172.61088562,126.327224731,81.8198547363,32.5605163574,125.134368896,50.871219635,3.34751152992,0.394424945116,0.0587220042944,0.00147132505663,0.0000634293392068,0.00000108062783966,1.91185520748e-8],"dvar2":[0.0897149890661,8.17993736267,58.2878646851,67.8226623535,621.834838867,1143.32495117,520.337768555,825.348999023,1672.14453125,1722.20593262,2816.03833008,4151.38720703,6035.97021484,1865.35961914,2840.87207031,2560.95019531,2655.10058594,3575.06884766,3726.47753906,6126.86230469,3729.09106445,4505.27246094,1606.9420166,796.780578613,974.97064209,398.381622314,336.072052002,360.351470947,270.793579102,161.46987915,64.0544586182,226.223678589,87.2790756226,6.55825948715,0.728355705738,0.125316038728,0.00305128074251,0.000131100765429,0.00000253543771578,4.67532466075e-8],"max":[2.54440975189,23.1190795898,52.4863700867,65.2087402344,182.088241577,296.920623779,203.162002563,210.671295166,445.914276123,577.391967773,636.733520508,849.767700195,1520.31762695,863.370056152,1123.76196289,1507.71313477,926.451171875,1100.27783203,891.167236328,1733.47399902,1169.11779785,969.208984375,692.67578125,440.16583252,977.408935547,307.213989258,263.496490479,394.537628174,284.927398682,315.567199707,144.563323975,450.301635742,215.373474121,73.6228790283,30.9474067688,7.16129589081,1.02598750591,0.193465590477,0.02971913293,0.00441466318443],"mean":[0.0849849656224,0.843511760235,2.01266121864,3.63721179962,8.57452201843,10.0949697495,8.85117530823,12.6599807739,18.7311592102,18.0562114716,39.3441619873,51.1610832214,39.6604385376,26.8965644836,26.6247882843,33.5498466492,29.8413219452,36.6173171997,42.8382873535,52.2027320862,49.7808380127,55.0844573975,36.5386352539,26.2712230682,21.2313766479,13.5926980972,13.2519741058,14.5602226257,12.0919427872,9.50023937225,6.72854614258,7.23709487915,4.11993169785,1.21881365776,0.503009736538,0.181548118591,0.0391282066703,0.00836473330855,0.000917071825825,0.0000953947310336],"median":[0.0285565853119,0.315735280514,0.765100002289,1.74620366096,3.98822927475,5.18081760406,4.96206188202,6.36443328857,6.03733205795,8.07579612732,15.3593654633,26.4686031342,15.0779943466,13.2340068817,9.55485534668,16.0433444977,13.0063610077,17.4506034851,22.7352523804,17.6204833984,27.0241622925,34.6123771667,25.4632205963,18.8781890869,14.9183883667,7.79368972778,6.59669685364,7.06713867188,5.74475479126,4.26183843613,2.91254281998,2.33826684952,1.20770907402,0.421416133642,0.16239759326,0.0547632910311,0.0136752482504,0.00269538536668,0.000276640988886,0.000051472823543],"min":[1.63458505019e-22,6.3441966095e-22,3.40274517854e-21,1.43989655673e-20,1.559389097e-20,2.88510516395e-20,8.18917724468e-20,1.43339957e-19,1.53482574253e-19,4.62560174021e-19,3.06232473278e-19,4.24915442838e-19,8.00715796035e-19,1.08205491501e-18,1.38196703048e-18,2.42403582788e-18,2.3528513527e-18,3.19748547618e-18,2.09528633511e-18,4.08296763946e-18,5.2500032649e-18,5.58950176294e-18,6.89280298659e-18,7.82991548896e-18,7.19856905924e-18,7.33396694499e-18,1.11195333757e-17,1.03784837717e-17,1.29887580737e-17,1.47248091745e-17,1.24388384763e-17,1.25764838118e-17,1.14966251647e-17,8.31740611116e-18,6.18287398509e-18,4.68861811704e-18,2.6690434166e-18,8.93583880394e-19,2.53357382463e-19,2.8487166487e-20],"var":[0.0380604416132,2.64240765572,16.136636734,36.8053245544,213.191711426,330.1953125,193.495651245,364.92364502,1242.21838379,1122.70214844,3893.33862305,5140.08886719,8271.34472656,2557.48120117,4287.23291016,4108.67724609,3146.68701172,4287.28662109,3985.94091797,9689.8671875,6237.67724609,5619.16210938,1761.61657715,824.880310059,808.319335938,353.865753174,406.015563965,492.781524658,371.892303467,271.375579834,122.997367859,431.587249756,144.857437134,7.67810440063,0.984246313572,0.138836666942,0.00492295157164,0.000227043405175,0.00000281613893094,2.96146609458e-8]},"erbbands_crest":{"dmean":2.1298789978,"dmean2":3.38805818558,"dvar":4.73939943314,"dvar2":11.6247625351,"max":30.1214771271,"mean":8.70717716217,"median":7.7149310112,"min":2.34145307541,"var":18.298997879},"erbbands_flatness_db":{"dmean":0.0138962203637,"dmean2":0.0199192613363,"dvar":0.000248204421951,"dvar2":0.000466110010166,"max":0.390647560358,"mean":0.162101969123,"median":0.150841340423,"min":0.0347904711962,"var":0.0031607162673},"erbbands_kurtosis":{"dmean":0.781615018845,"dmean2":1.22342276573,"dvar":3.17446446419,"dvar2":8.40484142303,"max":101.930877686,"mean":1.12509250641,"median":-0.175535917282,"min":-1.77513003349,"var":57.2954826355},"erbbands_skewness":{"dmean":0.297043502331,"dmean2":0.450507730246,"dvar":0.093345798552,"dvar2":0.197783276439,"max":7.32588577271,"mean":0.108788460493,"median":0.00819480977952,"min":-4.59542989731,"var":0.971448600292},"erbbands_spread":{"dmean":6.15064191818,"dmean2":9.49234485626,"dvar":50.9225120544,"dvar2":116.67906189,"max":128.65145874,"mean":35.8249015808,"median":32.8652496338,"min":0.956170916557,"var":318.909820557},"gfcc":{"cov":[[17068.1230469,-1083.13220215,-871.003295898,558.330383301,-544.681884766,769.268920898,-316.484069824,645.992980957,111.012626648,350.617797852,-113.563583374,215.809082031,-216.554779053],[-1083.13220215,1644.03552246,10.9580106735,47.2693214417,391.67767334,-177.691436768,178.327804565,-50.9159431458,76.9595947266,-103.086875916,79.5130081177,-82.3535308838,-14.0971479416],[-871.003295898,10.9580106735,1571.44433594,454.38168335,133.697280884,180.998809814,117.557136536,79.8326568604,-38.3730621338,127.504997253,-52.0264816284,100.810317993,-78.7164535522],[558.330383301,47.2693214417,454.38168335,425.884979248,84.8916244507,112.927307129,-3.74280381203,60.860748291,26.0919761658,31.5305957794,-5.41435670853,10.097951889,-2.24681282043],[-544.681884766,391.67767334,133.697280884,84.8916244507,374.758514404,-3.26107096672,74.9847335815,9.2042388916,52.0980300903,0.823747873306,-0.0862735435367,13.6632556915,-1.21597528458],[769.268920898,-177.691436768,180.998809814,112.927307129,-3.26107096672,255.683776855,57.9016342163,82.5684509277,-12.1904554367,37.6073684692,10.7275314331,30.4719619751,-12.6527824402],[-316.484069824,178.327804565,117.557136536,-3.74280381203,74.9847335815,57.9016342163,221.513259888,26.723985672,-28.3025341034,-3.75131249428,9.12344169617,24.0226612091,-28.2038612366],[645.992980957,-50.9159431458,79.8326568604,60.860748291,9.2042388916,82.5684509277,26.723985672,148.454055786,57.9705543518,36.4124183655,4.09505414963,33.7376289368,-9.37636470795],[111.012626648,76.9595947266,-38.3730621338,26.0919761658,52.0980300903,-12.1904554367,-28.3025341034,57.9705543518,130.397827148,38.3586540222,6.89792966843,-7.9510641098,15.2234268188],[350.617797852,-103.086875916,127.504997253,31.5305957794,0.823747873306,37.6073684692,-3.75131249428,36.4124183655,38.3586540222,101.461708069,14.4473972321,29.4836521149,-15.2055149078],[-113.563583374,79.5130081177,-52.0264816284,-5.41435670853,-0.0862735435367,10.7275314331,9.12344169617,4.09505414963,6.89792966843,14.4473972321,95.9060440063,19.0931377411,17.566532135],[215.809082031,-82.3535308838,100.810317993,10.097951889,13.6632556915,30.4719619751,24.0226612091,33.7376289368,-7.9510641098,29.4836521149,19.0931377411,102.678222656,9.92684841156],[-216.554779053,-14.0971479416,-78.7164535522,-2.24681282043,-1.21597528458,-12.6527824402,-28.2038612366,-9.37636470795,15.2234268188,-15.2055149078,17.566532135,9.92684841156,76.5899734497]],"icov":[[0.000173485837877,-0.000185943659744,0.000421387929237,-0.000458125607111,0.000298134516925,-0.000461591727799,0.000397428811993,-0.000493862316944,0.000413836736698,-0.000801307091024,0.00071188271977,-0.000641060236376,0.000568786577787],[-0.000185943659744,0.00157694192603,-0.000623494910542,0.000323360203765,-0.00134841247927,0.00150050292723,-0.00143790815491,0.00070924370084,-0.00147752056364,0.00250983121805,-0.00253360904753,0.00170277932193,0.0000693534966558],[0.000421387929237,-0.000623494910542,0.00233628274873,-0.00239066267386,0.00070747587597,-0.00119274121244,0.00060996162938,-0.00107456755359,0.00190699892119,-0.00354180578142,0.00281757791527,-0.00251840706915,0.001912937616],[-0.000458125607111,0.000323360203765,-0.00239066267386,0.00550025841221,-0.00136888260022,-0.000198337118491,0.000249296426773,0.000442562042736,-0.00148637907114,0.00285201380029,-0.00225191377103,0.00278469664045,-0.00242278957739],[0.000298134516925,-0.00134841247927,0.00070747587597,-0.00136888260022,0.00483668455854,-0.0013124961406,-0.0000882420717971,0.000312453194056,-0.00114887894597,-0.00152860174421,0.00264703528956,-0.00282687298022,0.000831609184388],[-0.000461591727799,0.00150050292723,-0.00119274121244,-0.000198337118491,-0.0013124961406,0.008146494627,-0.00293740653433,-0.00207102159038,0.000962109188549,0.0013002352789,-0.00353261060081,0.0030195589643,-0.00178510183468],[0.000397428811993,-0.00143790815491,0.00060996162938,0.000249296426773,-0.0000882420717971,-0.00293740653433,0.007947281003,-0.00258831307292,0.00322806276381,-0.00170443579555,0.00175735924859,-0.00257292552851,0.00256667472422],[-0.000493862316944,0.00070924370084,-0.00107456755359,0.000442562042736,0.000312453194056,-0.00207102159038,-0.00258831307292,0.0144472448155,-0.00902278814465,0.0036923836451,-0.00151058891788,-0.00255625788122,0.00132536911406],[0.000413836736698,-0.00147752056364,0.00190699892119,-0.00148637907114,-0.00114887894597,0.000962109188549,0.00322806276381,-0.00902278814465,0.0176998078823,-0.0101980725303,0.00307149905711,0.00236336025409,-0.00351421581581],[-0.000801307091024,0.00250983121805,-0.00354180578142,0.00285201380029,-0.00152860174421,0.0013002352789,-0.00170443579555,0.0036923836451,-0.0101980725303,0.0223675742745,-0.008096691221,-0.0000989938343992,0.00299229822122],[0.00071188271977,-0.00253360904753,0.00281757791527,-0.00225191377103,0.00264703528956,-0.00353261060081,0.00175735924859,-0.00151058891788,0.00307149905711,-0.008096691221,0.0174450110644,-0.00586058804765,-0.0011626505293],[-0.000641060236376,0.00170277932193,-0.00251840706915,0.00278469664045,-0.00282687298022,0.0030195589643,-0.00257292552851,-0.00255625788122,0.00236336025409,-0.0000989938343992,-0.00586058804765,0.0174757428467,-0.00622252002358],[0.000568786577787,0.0000693534966558,0.001912937616,-0.00242278957739,0.000831609184388,-0.00178510183468,0.00256667472422,0.00132536911406,-0.00351421581581,0.00299229822122,-0.0011626505293,-0.00622252002358,0.0197639558464]],"mean":[4.24525308609,74.3225250244,-133.234924316,30.8424949646,-60.8233184814,8.58944416046,-38.650177002,6.30785560608,-17.2094268799,-5.60134315491,-17.405248642,-3.4521188736,-10.7860507965]},"hfc":{"dmean":6.35021924973,"dmean2":9.04706764221,"dvar":92.3897705078,"dvar2":173.468566895,"max":211.118240356,"mean":29.2365589142,"median":25.0372505188,"min":1.08726896115e-16,"var":493.672729492},"melbands":{"dmean":[0.000584924360737,0.000732336193323,0.000456892041257,0.00044225261081,0.000204543655855,0.000179752198164,0.000165020304848,0.000119575117424,0.000182608753676,0.000147196769831,0.0000951659603743,0.0000540948240086,0.0000446887461294,0.0000380864366889,0.0000532239428139,0.0000292149397865,0.0000396598916268,0.0000356185446435,0.0000394213348045,0.0000350405243807,0.0000236561791098,0.0000279707473965,0.0000208639467019,0.0000115449802252,0.000010006759112,0.00000849898606248,0.00000715970827514,0.00000391281082557,0.00000375070226255,0.00000462014395453,0.00000392266565541,0.00000327121665578,0.00000297940846394,0.00000209151016861,0.00000161487594141,0.00000194331687453,0.00000228891803999,0.00000172389820818,8.38139328607e-7,4.03401401172e-7],"dmean2":[0.000951950787567,0.00128326134291,0.000791080878116,0.000776128319558,0.000347332534147,0.000307259091642,0.000275271449937,0.000192497405806,0.000273828598438,0.000221651265747,0.000145882033394,0.0000833550002426,0.0000691906316206,0.0000595261735725,0.0000828971897135,0.0000455827321275,0.0000614996315562,0.000056068674894,0.0000618592457613,0.0000538572930964,0.0000379700031772,0.0000448023747595,0.0000335784206982,0.0000185772041732,0.0000162996220752,0.0000135274895001,0.0000114775211841,0.0000063095421865,0.00000591658999838,0.00000712646897227,0.00000609285416431,0.00000507118329551,0.00000438556162408,0.00000305548223878,0.00000239454152506,0.00000284356110569,0.00000321498123412,0.00000241547104451,0.00000115344050755,5.66761855225e-7],"dvar":[0.00000325535529555,0.00000523329117641,9.88724991657e-7,0.00000193279151972,2.49555085929e-7,1.49390515958e-7,1.36874149348e-7,7.46233652649e-8,1.17330948513e-7,6.92212722697e-8,6.38655706098e-8,1.51739012466e-8,1.12921982875e-8,8.39144398412e-9,1.24088597175e-8,5.98338223412e-9,8.03599764509e-9,5.91436588593e-9,8.21707057952e-9,6.85630352493e-9,1.99617189445e-9,2.98121327624e-9,1.06867614758e-9,5.56872437052e-10,2.61580423988e-10,2.68525868208e-10,2.31889993318e-10,5.89384166472e-11,6.05527711306e-11,9.38738670131e-11,5.88237375476e-11,4.8615250714e-11,4.47629190659e-11,2.18247642181e-11,1.03108814889e-11,2.44808340266e-11,7.47818057478e-11,4.00714565696e-11,7.9486304691e-12,1.81669208756e-12],"dvar2":[0.00000836700291984,0.0000148037543113,0.00000275466641142,0.00000553923337065,6.90169940754e-7,4.15347130911e-7,3.6326585473e-7,1.86105069133e-7,2.65319016535e-7,1.61273604249e-7,1.51369007995e-7,3.37771872694e-8,2.59393502233e-8,1.90926048305e-8,2.69743019032e-8,1.32938584585e-8,1.77063661511e-8,1.35551978531e-8,1.90066398176e-8,1.48226764196e-8,4.7260764191e-9,7.22130311104e-9,2.55410492755e-9,1.33446931283e-9,6.502410832e-10,5.96696914101e-10,5.28711074921e-10,1.44269055036e-10,1.44190909213e-10,2.06725025986e-10,1.28858049231e-10,1.11362044586e-10,9.39800529065e-11,4.58092869193e-11,2.23173181324e-11,5.1243332494e-11,1.41130190867e-10,7.38772931719e-11,1.50222976419e-11,4.00644578277e-12],"max":[0.0248615294695,0.0275250896811,0.0103965476155,0.0175029747188,0.00660819327459,0.00469868769869,0.00574787752703,0.00583972688764,0.00609185593203,0.00563225056976,0.00786731485277,0.00320384581573,0.00290167704225,0.00318165961653,0.00265649426728,0.00242225034162,0.0025101210922,0.00166332675144,0.00342736649327,0.00209985091351,0.00144114228897,0.00122932891827,0.000654180010315,0.000774157932028,0.000419877265813,0.000677145260852,0.000485532247694,0.000236240666709,0.000179696638952,0.00029120396357,0.000187778612599,0.000163315984537,0.000208781857509,0.000184394273674,0.0000813201186247,0.000145735975821,0.000379354023607,0.000208689511055,0.0000856027400005,0.0000698356743669],"mean":[0.000883548229467,0.00112044531852,0.000793802260887,0.000704884005245,0.000329154601786,0.000300217914628,0.000272301113,0.000191956089111,0.000386862753658,0.000312750227749,0.000191417799215,0.000104899001599,0.000090109591838,0.0000747816302464,0.0000972921843641,0.0000532727062819,0.0000724203055142,0.0000655679614283,0.0000742015690776,0.0000723451448721,0.000051644830819,0.0000591207717662,0.0000446566555183,0.0000236757441598,0.0000210111502383,0.0000175637778739,0.0000127409457491,0.00000792669834482,0.00000771297709434,0.0000092156287792,0.0000081009702626,0.00000696604411132,0.00000621914114163,0.00000484209749629,0.00000368594919564,0.00000414291616835,0.00000454287373941,0.00000328697205987,0.00000165279857356,7.9685247556e-7],"median":[0.000368588662241,0.000494954292662,0.000402746663895,0.000400530494517,0.00019496929599,0.000152294145664,0.0000939263118198,0.0000767759993323,0.0001377757726,0.000163791730301,0.0000645896143396,0.000047438461479,0.0000319579085044,0.0000305208122882,0.0000408886844525,0.0000195131178771,0.0000299238308799,0.0000340970145771,0.0000227384043683,0.0000229238758038,0.000030005523513,0.0000338654863299,0.0000318061393045,0.0000145526464621,0.0000144764035213,0.0000124803982544,0.00000710685344529,0.00000433615514339,0.00000379768880521,0.00000387169075111,0.00000394895323552,0.00000320885010296,0.00000274557305602,0.00000209311110666,0.00000159606520356,0.00000160059926202,0.00000129421073325,9.03143757114e-7,5.30204147253e-7,2.71672149665e-7],"min":[1.12709596378e-24,1.59945216737e-24,3.04285187046e-24,1.36526796082e-24,2.91327890298e-24,3.19770467451e-24,2.62200088842e-24,5.22485888368e-24,1.9857630719e-24,2.40923603038e-24,3.90175652432e-24,4.00048956636e-24,4.21264502935e-24,6.8922075203e-24,5.72377632977e-24,4.2558726348e-24,4.05486929843e-24,2.24308555487e-24,3.9083723063e-24,5.3100254903e-24,6.60426974002e-24,5.18417851009e-24,3.16698840302e-24,6.9551996413e-24,5.5533054603e-24,4.74810251257e-24,4.1199605783e-24,4.84351011146e-24,7.35653499341e-24,5.65103586013e-24,5.91665084894e-24,5.94302089128e-24,6.15912184209e-24,6.57063073886e-24,6.35984473841e-24,6.22381001404e-24,7.41824758203e-24,6.31745135336e-24,7.53317514959e-24,6.20371851564e-24],"var":[0.0000031928880162,0.00000445757314083,0.00000134212564262,0.00000156986129696,2.53225977076e-7,1.97549667291e-7,2.49481502124e-7,1.35348642516e-7,4.08397852425e-7,1.97102750121e-7,2.09958244568e-7,4.2969887204e-8,4.12441636399e-8,2.58196202196e-8,3.55771447857e-8,1.64141376047e-8,2.09942552232e-8,1.21351408922e-8,2.14958841838e-8,2.40601867318e-8,6.39804254021e-9,8.25624102418e-9,2.63304644754e-9,1.20346466126e-9,6.01554139834e-10,5.23609600123e-10,3.81215975453e-10,1.33066099806e-10,1.40600378562e-10,2.38624342508e-10,1.54980611677e-10,1.2495768309e-10,1.22023516291e-10,7.21632337219e-11,3.42167301437e-11,7.69924679567e-11,2.25949772781e-10,1.04440109339e-10,1.86608332953e-11,3.26507484244e-12]},"melbands_crest":{"dmean":2.81170535088,"dmean2":4.47456073761,"dvar":8.04752922058,"dvar2":19.4968223572,"max":32.0262718201,"mean":11.8583717346,"median":10.9000701904,"min":1.70975661278,"var":23.8344173431},"melbands_flatness_db":{"dmean":0.0196066368371,"dmean2":0.0284665748477,"dvar":0.000527325959411,"dvar2":0.00109272578266,"max":0.617192864418,"mean":0.157350987196,"median":0.144636124372,"min":0.00457832403481,"var":0.00540010305122},"melbands_kurtosis":{"dmean":3.25523543358,"dmean2":5.23425579071,"dvar":40.0688362122,"dvar2":97.9729232788,"max":160.496871948,"mean":6.8404955864,"median":3.32166910172,"min":-1.89810717106,"var":169.951385498},"melbands_skewness":{"dmean":0.519405901432,"dmean2":0.808347463608,"dvar":0.439238995314,"dvar2":1.06294500828,"max":9.73686313629,"mean":1.80662739277,"median":1.59854876995,"min":-3.25043010712,"var":1.84751260281},"melbands_spread":{"dmean":8.0551776886,"dmean2":12.2410945892,"dvar":125.492729187,"dvar2":262.623657227,"max":237.828689575,"mean":34.9320716858,"median":30.8800964355,"min":0.854938745499,"var":539.217285156},"mfcc":{"cov":[[10388.0839844,-453.285827637,149.108215332,185.909927368,44.6322822571,132.004119873,-151.377655029,299.619140625,120.462799072,228.24357605,138.715515137,166.433319092,14.7005348206],[-453.285827637,1459.06689453,-171.595596313,215.420074463,142.94203186,-1.55107140541,93.2490005493,72.9126434326,8.75092601776,18.5602626801,71.6998672485,6.54615259171,31.5694618225],[149.108215332,-171.595596313,1065.26147461,287.890838623,76.9601974487,192.096755981,117.527839661,84.1149673462,33.9211158752,85.9848480225,39.2335128784,38.2272186279,59.1413993835],[185.909927368,215.420074463,287.890838623,361.783538818,162.775894165,89.8395767212,40.1364479065,55.3396339417,40.1405601501,56.4118270874,13.0227136612,6.00962400436,55.1516342163],[44.6322822571,142.94203186,76.9601974487,162.775894165,269.436309814,67.4462738037,-15.0419559479,26.8516254425,44.3308563232,59.0032081604,2.22548866272,12.603053093,33.3889694214],[132.004119873,-1.55107140541,192.096755981,89.8395767212,67.4462738037,174.537582397,92.6359786987,52.5252723694,24.3347148895,26.8480758667,23.2004737854,13.1437902451,10.3121585846],[-151.377655029,93.2490005493,117.527839661,40.1364479065,-15.0419559479,92.6359786987,194.010726929,77.7659988403,-0.948481142521,-9.00415325165,27.3044548035,16.1233482361,-6.42814779282],[299.619140625,72.9126434326,84.1149673462,55.3396339417,26.8516254425,52.5252723694,77.7659988403,152.419677734,45.790271759,20.9940681458,36.870639801,19.7031745911,7.10374116898],[120.462799072,8.75092601776,33.9211158752,40.1405601501,44.3308563232,24.3347148895,-0.948481142521,45.790271759,91.3639678955,46.3610153198,10.9884824753,1.2814040184,7.58108758926],[228.24357605,18.5602626801,85.9848480225,56.4118270874,59.0032081604,26.8480758667,-9.00415325165,20.9940681458,46.3610153198,106.404312134,37.1902198792,10.4275360107,13.5539569855],[138.715515137,71.6998672485,39.2335128784,13.0227136612,2.22548866272,23.2004737854,27.3044548035,36.870639801,10.9884824753,37.1902198792,93.9615631104,33.8849639893,3.8952395916],[166.433319092,6.54615259171,38.2272186279,6.00962400436,12.603053093,13.1437902451,16.1233482361,19.7031745911,1.2814040184,10.4275360107,33.8849639893,76.6469039917,24.6487140656],[14.7005348206,31.5694618225,59.1413993835,55.1516342163,33.3889694214,10.3121585846,-6.42814779282,7.10374116898,7.58108758926,13.5539569855,3.8952395916,24.6487140656,78.7941360474]],"icov":[[0.000124859667267,0.0000466698948003,0.0000587826507399,-0.000135227455758,0.00014712336997,-0.000181275230716,0.000325190514559,-0.000372015347239,0.000153561879415,-0.000262676621787,0.0000547168092453,-0.000299398670904,0.000151351268869],[0.0000466698948003,0.000992941088043,0.000400420190999,-0.000788377888966,-0.000359960802598,0.000529217650183,-0.000618142890744,-0.000199343194254,0.000248709315201,0.0000759931208449,-0.000896185229067,0.00026530388277,-0.000180138958967],[0.0000587826507399,0.000400420190999,0.00165913451929,-0.00138330762275,0.000614350370597,-0.00106503604911,-0.000200360809686,-0.000327619927702,0.000558718165848,-0.00100816844497,0.0000600555831625,-0.000478389702039,-0.000289877323667],[-0.000135227455758,-0.000788377888966,-0.00138330762275,0.00599417556077,-0.00246458197944,-0.000225764146307,-0.00044569579768,-0.00010664392903,-0.000413410831243,-0.0000556458326173,0.000375459960196,0.00172730651684,-0.00227860570885],[0.00014712336997,-0.000359960802598,0.000614350370597,-0.00246458197944,0.00679128197953,-0.00288095534779,0.00240110536106,-0.000778951391112,-0.000377868127543,-0.00249120709486,0.00201553665102,-0.00191022676881,0.00010889465193],[-0.000181275230716,0.000529217650183,-0.00106503604911,-0.000225764146307,-0.00288095534779,0.0111785279587,-0.00545655051246,0.000803421193268,-0.00142733077519,0.000495229556691,-0.00148934742901,0.00107138161547,-0.000189952435903],[0.000325190514559,-0.000618142890744,-0.000200360809686,-0.00044569579768,0.00240110536106,-0.00545655051246,0.0108664948493,-0.00482844514772,0.00225791730918,0.000588874856476,0.000263788067969,-0.00187502778135,0.00192279194016],[-0.000372015347239,-0.000199343194254,-0.000327619927702,-0.00010664392903,-0.000778951391112,0.000803421193268,-0.00482844514772,0.0121514815837,-0.00607146974653,0.00229164445773,-0.00291001726873,0.000114888833195,-0.000496804073919],[0.000153561879415,0.000248709315201,0.000558718165848,-0.000413410831243,-0.000377868127543,-0.00142733077519,0.00225791730918,-0.00607146974653,0.0176799297333,-0.00712970690802,0.00205407221802,0.000533214479219,0.0000772419007262],[-0.000262676621787,0.0000759931208449,-0.00100816844497,-0.0000556458326173,-0.00249120709486,0.000495229556691,0.000588874856476,0.00229164445773,-0.00712970690802,0.0171034540981,-0.00692749721929,0.00180525030009,-0.000831882178318],[0.0000547168092453,-0.000896185229067,0.0000600555831625,0.000375459960196,0.00201553665102,-0.00148934742901,0.000263788067969,-0.00291001726873,0.00205407221802,-0.00692749721929,0.0174748264253,-0.00693440856412,0.00196507782675],[-0.000299398670904,0.00026530388277,-0.000478389702039,0.00172730651684,-0.00191022676881,0.00107138161547,-0.00187502778135,0.000114888833195,0.000533214479219,0.00180525030009,-0.00693440856412,0.0191425997764,-0.00640177167952],[0.000151351268869,-0.000180138958967,-0.000289877323667,-0.00227860570885,0.00010889465193,-0.000189952435903,0.00192279194016,-0.000496804073919,0.0000772419007262,-0.000831882178318,0.00196507782675,-0.00640177167952,0.016769234091]],"mean":[-626.435241699,99.9065475464,-12.850687027,17.9730739594,0.859370648861,0.543277561665,-8.67384529114,5.95926094055,-0.472262680531,0.761860609055,-2.26100492477,-0.538824260235,-7.62523651123]},"pitch_salience":{"dmean":0.0598587915301,"dmean2":0.0964257493615,"dvar":0.00346908881329,"dvar2":0.00886116083711,"max":0.986519753933,"mean":0.597078919411,"median":0.606889247894,"min":0.183781504631,"var":0.0101964278147},"silence_rate_20dB":{"dmean":0,"dmean2":0,"dvar":0,"dvar2":0,"max":1,"mean":1,"median":1,"min":1,"var":0},"silence_rate_30dB":{"dmean":0.000182431816938,"dmean2":0.000364896928659,"dvar":0.000182398536708,"dvar2":0.000547212199308,"max":1,"mean":0.999908804893,"median":1,"min":0,"var":0.0000911992683541},"silence_rate_60dB":{"dmean":0.0158715676516,"dmean2":0.0317460335791,"dvar":0.015619661659,"dvar2":0.0345696397126,"max":1,"mean":0.0833637341857,"median":0,"min":0,"var":0.0764142200351},"spectral_centroid":{"dmean":218.588439941,"dmean2":329.068115234,"dvar":79409.2578125,"dvar2":156371.25,"max":11546.8964844,"mean":1723.0411377,"median":1693.02124023,"min":185.347473145,"var":533570.625},"spectral_complexity":{"dmean":3.95110821724,"dmean2":6.01185894012,"dvar":18.5485534668,"dvar2":35.3842773438,"max":64,"mean":25.1218528748,"median":26,"min":0,"var":145.249649048},"spectral_contrast_coeffs":{"dmean":[0.048937484622,0.0463863424957,0.0381830558181,0.0311668645591,0.0225277524441,0.0163415633142],"dmean2":[0.0805317610502,0.0757496207952,0.061411421746,0.0501529574394,0.0366984270513,0.026208922267],"dvar":[0.00194235017989,0.0015900072176,0.00106278643943,0.000729888444766,0.000396196701331,0.000234488732531],"dvar2":[0.00504657393321,0.00401346338913,0.0026120475959,0.00174767791759,0.000971935747657,0.000576621154323],"max":[-0.304026216269,-0.338164567947,-0.397811502218,-0.42987960577,-0.566477537155,-0.612153232098],"mean":[-0.633862197399,-0.725087344646,-0.75269728899,-0.755280792713,-0.769378066063,-0.745344340801],"median":[-0.635758936405,-0.735783517361,-0.765500485897,-0.764230310917,-0.773969352245,-0.743999242783],"min":[-0.971037268639,-0.995468974113,-0.993636846542,-0.996380209923,-0.966294944286,-0.960543990135],"var":[0.0071458122693,0.00661551579833,0.00563804060221,0.00508651928976,0.00230263429694,0.00136271142401]},"spectral_contrast_valleys":{"dmean":[0.408330023289,0.368251383305,0.333140015602,0.295973032713,0.247740283608,0.235756486654],"dmean2":[0.657888174057,0.594080090523,0.519258975983,0.459593772888,0.367574393749,0.305089592934],"dvar":[0.172538012266,0.15316580236,0.131266176701,0.133769989014,0.115258507431,0.106503628194],"dvar2":[0.363465666771,0.321502834558,0.246038362384,0.243673786521,0.199336573482,0.162375748158],"max":[-5.21886253357,-4.32844638824,-5.36574268341,-5.81779146194,-5.40467834473,-7.49504184723],"mean":[-7.80995321274,-6.84174489975,-7.42428398132,-7.59097242355,-7.3855266571,-9.98153114319],"median":[-7.2041683197,-6.47401618958,-7.05744409561,-7.20253610611,-6.98919630051,-9.58643245697],"min":[-28.0906829834,-27.691444397,-27.5136890411,-27.544172287,-27.4063301086,-27.4006252289],"var":[2.97019457817,2.4443833828,2.41395258904,2.32928776741,2.38286209106,2.70926833153]},"spectral_decrease":{"dmean":1.74692016408e-9,"dmean2":2.86662649174e-9,"dvar":1.14506049713e-17,"dvar2":3.01901732992e-17,"max":8.04512035099e-29,"mean":-6.10172268267e-9,"median":-5.66241542543e-9,"min":-3.4220658307e-8,"var":1.85317011487e-17},"spectral_energy":{"dmean":0.00692519685254,"dmean2":0.0112942131236,"dvar":0.000171170264366,"dvar2":0.000450760649983,"max":0.137042939663,"mean":0.0256811603904,"median":0.0243392288685,"min":1.01080218774e-20,"var":0.000299690815154},"spectral_energyband_high":{"dmean":0.000514817773364,"dmean2":0.000653351831716,"dvar":0.00000117361639695,"dvar2":0.0000018069640646,"max":0.0264468379319,"mean":0.00150036695413,"median":0.000742522766814,"min":7.33037522984e-21,"var":0.0000053874950936},"spectral_energyband_low":{"dmean":0.0034115286544,"dmean2":0.0056416997686,"dvar":0.0000970596302068,"dvar2":0.000254669343121,"max":0.119449995458,"mean":0.00599906034768,"median":0.00328452512622,"min":1.84379118314e-23,"var":0.000100320037745},"spectral_energyband_middle_high":{"dmean":0.00190897157881,"dmean2":0.00291154836304,"dvar":0.0000060385082179,"dvar2":0.0000132318682518,"max":0.0412074290216,"mean":0.00770682981238,"median":0.00594391021878,"min":1.37652729205e-21,"var":0.0000382881917176},"spectral_energyband_middle_low":{"dmean":0.00423142453656,"dmean2":0.00704268272966,"dvar":0.0000825931347208,"dvar2":0.000225328913075,"max":0.115767665207,"mean":0.0113686183468,"median":0.00961231440306,"min":2.19995030137e-22,"var":0.000112976173114},"spectral_entropy":{"dmean":0.115675099194,"dmean2":0.160611763597,"dvar":0.0186709798872,"dvar2":0.0327891968191,"max":9.81753540039,"mean":7.69519901276,"median":7.78577280045,"min":4.14177656174,"var":0.279050827026},"spectral_flux":{"dmean":0.0218616630882,"dmean2":0.0332826562226,"dvar":0.000837207131553,"dvar2":0.0015946860658,"max":0.329184085131,"mean":0.0803103372455,"median":0.0726568847895,"min":6.41328101736e-11,"var":0.00233845948242},"spectral_kurtosis":{"dmean":1.3890568018,"dmean2":2.35632038116,"dvar":5.40837717056,"dvar2":15.742275238,"max":56.8743019104,"mean":4.24081897736,"median":3.34728217125,"min":-1.21339273453,"var":17.8087711334},"spectral_rms":{"dmean":0.000593425764237,"dmean2":0.000927418936044,"dvar":7.99564759291e-7,"dvar2":0.00000197517510969,"max":0.0115628903732,"mean":0.00466157821938,"median":0.00487294467166,"min":3.14030008594e-12,"var":0.00000332447666551},"spectral_rolloff":{"dmean":519.21282959,"dmean2":815.036254883,"dvar":791041.5,"dvar2":1505364.75,"max":19681.3476562,"mean":2304.44360352,"median":2002.58789062,"min":86.1328125,"var":3783502},"spectral_skewness":{"dmean":0.179397597909,"dmean2":0.290656089783,"dvar":0.0510461516678,"dvar2":0.1369099617,"max":6.49473571777,"mean":1.40691685677,"median":1.35892343521,"min":-0.187228232622,"var":0.277345865965},"spectral_spread":{"dmean":392448.09375,"dmean2":555601.875,"dvar":405223211008,"dvar2":736016596992,"max":41865068,"mean":4458179,"median":4288424,"min":1126564.875,"var":3776549486590},"spectral_strongpeak":{"dmean":0.712297081947,"dmean2":1.20524787903,"dvar":1.31383323669,"dvar2":3.19849014282,"max":12.3356142044,"mean":1.43818295002,"median":0.674599528313,"min":0,"var":2.9843814373},"zerocrossingrate":{"dmean":0.0106353824958,"dmean2":0.0118313105777,"dvar":0.000197434885195,"dvar2":0.000217878667172,"max":0.509765625,"mean":0.0812661424279,"median":0.072265625,"min":0.00439453125,"var":0.00232270848937}},"metadata":{"audio_properties":{"analysis_sample_rate":44100,"bit_rate":0,"codec":"flac","downmix":"mix","equal_loudness":0,"length":254.546661377,"lossless":true,"md5_encoded":"35fb1cd488b3a9783e42718aba0ed430","replay_gain":-16.5705299377},"tags":{"acoustid_id":["b30175f2-9477-4db3-b59b-5600dd04ee25"],"album":["Hot Fuss"],"albumartist":["The Killers"],"albumartistsort":["Killers, The"],"artist":["The Killers"],"artists":["The Killers"],"artistsort":["Killers, The"],"asin":["B00030GMO0"],"barcode":["602498635247"],"catalognumber":["0602498635247"],"date":["2004"],"discnumber":["1"],"disctotal":["1"],"file_name":"12 Glamorous Indie Rock & Roll.flac","genre":["Indie Rock"],"grouping":["Indie"],"isrc":["GBFFP0300058","USIR20400425"],"label":["Island Records"],"media":["CD"],"mood":["Feel Good; Sexy; Energetic"],"musicbrainz_albumartistid":["95e1ead9-4d31-4808-a7ac-32c3614c116b"],"musicbrainz_albumid":["f5ee7a25-0121-432b-8ac2-0cdf3e714c2a"],"musicbrainz_artistid":["95e1ead9-4d31-4808-a7ac-32c3614c116b"],"musicbrainz_recordingid":["8b9a9e35-46b9-461e-b56c-2d6be321a61e"],"musicbrainz_releasegroupid":["e8c09b4e-33ae-368b-8f70-24b4e14fb9ad"],"musicbrainz_releasetrackid":["bfaff1c3-9b7c-307e-8390-ba020ab227a1"],"originaldate":["2004-06-07"],"originalyear":["2004"],"producer":["Jeff Saltzman","The Killers"],"releasecountry":["XE"],"releasestatus":["official"],"releasetype":["album"],"replaygain_album_gain":["-11.68 dB"],"replaygain_album_peak":["0.988617"],"replaygain_track_gain":["-11.82 dB"],"replaygain_track_peak":["0.988556"],"script":["Latn"],"title":["Glamorous Indie Rock & Roll"],"totaldiscs":["1"],"totaltracks":["12"],"tracknumber":["12"],"tracktotal":["12"]},"version":{"essentia":"2.1-beta1","essentia_build_sha":"50a0fbec89d6a9cedea3d45b6611406f7e8c7b1a","essentia_git_sha":"v2.1_beta1-7-ge0e83e8-dirty","extractor":"music 1.0"}},"rhythm":{"beats_cou