{"lowlevel":{"average_loudness":0.564413130283,"barkbands":{"dmean":[0.000054505722801,0.00238799885847,0.0014391397126,0.00126740208361,0.00105852168053,0.000561897526495,0.000509645207785,0.000724537821952,0.000575651298277,0.000692343048286,0.000643294653855,0.000410135107813,0.000363400322385,0.000346979155438,0.000278384599369,0.000167343168869,0.000141260534292,0.000152845066623,0.000109950116894,0.000141680066008,0.000103974191006,0.0000673835966154,0.0000448295540991,0.0000412905756093,0.0000283314493572,0.0000103803031379,0.0000020228910671],"dmean2":[0.000082524442405,0.0038038585335,0.0024343484547,0.00212889607064,0.00177767244168,0.0009375847294,0.000821169349365,0.00107533170376,0.000901019957382,0.0010689314222,0.00101665954571,0.000641402148176,0.000565247726627,0.000540083681699,0.000443330965936,0.000268269417575,0.000227742842981,0.000239874658291,0.000171885127202,0.000216832064325,0.000162285388797,0.000107188956463,0.0000699390438967,0.0000596238787693,0.0000405070932175,0.0000162044325407,0.00000327178941006],"dvar":[4.92851803813e-8,0.0000406133221986,0.0000136745184136,0.0000125822407426,0.00000770713359088,0.00000236233154283,0.00000145198862356,0.00000269381098406,0.00000391932326238,0.00000332493686983,0.00000260144543063,0.00000136562061925,9.34421109378e-7,0.00000111069948616,7.61788896853e-7,1.85805930641e-7,1.20911707313e-7,1.08629272688e-7,6.14566744161e-8,1.02298130855e-7,7.03433258309e-8,4.4603108762e-8,2.35094415046e-8,1.82025274853e-8,1.51995784847e-8,2.4444899438e-9,2.39896741361e-10],"dvar2":[9.33959256599e-8,0.000103192047391,0.0000386883257306,0.000033879539842,0.0000210707330552,0.00000638853362034,0.00000362903324458,0.00000590827858105,0.00000991271645034,0.00000793066465121,0.00000611482118984,0.00000333929847329,0.00000218465902435,0.00000264104960479,0.00000193317805497,4.64975016712e-7,3.0259536743e-7,2.60485705894e-7,1.45309641653e-7,2.26966577088e-7,1.71089837409e-7,1.16527779426e-7,6.13200725752e-8,4.09971576687e-8,3.1173417625e-8,5.98593263845e-9,6.79025280448e-10],"max":[0.00403265701607,0.0863744467497,0.0594500266016,0.0728402584791,0.0467390269041,0.0261975340545,0.0264378916472,0.0552350059152,0.0686774849892,0.055859349668,0.0429743714631,0.0371641367674,0.0346746854484,0.0397197119892,0.0293943434954,0.0146085983142,0.0105499727651,0.00793529674411,0.00502497097477,0.0121516482905,0.0064806221053,0.00458444980904,0.00339797744527,0.006246000994,0.00460466556251,0.00227449997328,0.00106747308746],"mean":[0.0000649261128274,0.00573245668784,0.00288616772741,0.00193244870752,0.00163158285432,0.000788419507444,0.00087825069204,0.00148919422645,0.00102269626223,0.00122641248163,0.00106775213499,0.000661036348902,0.000623010389972,0.000554162543267,0.000461305229692,0.000267761701252,0.000260987348156,0.000305252149701,0.000221235866775,0.000323685875628,0.000224619463552,0.000119279153296,0.0000672011519782,0.0000647336055408,0.0000432086162618,0.0000126714257931,0.0000023704551495],"median":[0.00000471810290037,0.00196193205193,0.000889810267836,0.000482649193145,0.000567515438888,0.000252473750152,0.000301800493617,0.000484985444928,0.000171976513229,0.000223124632612,0.000262448971625,0.000163398741279,0.000144671066664,0.00012202601647,0.0000850975193316,0.0000692579487804,0.0000707431754563,0.0000792180799181,0.0000463771502837,0.0000868133574841,0.0000552708515897,0.0000267788564088,0.0000118406278489,0.00000992384048004,0.00000504272247781,9.98893597171e-7,7.76421984483e-8],"min":[1.61290647505e-9,1.54463242197e-9,2.4396179521e-10,2.64912092263e-10,4.72656247474e-10,2.64645583226e-10,9.27599247413e-11,4.84584872229e-11,6.38638933403e-11,4.8684709042e-11,3.16528608879e-11,2.12491725604e-11,1.54092988369e-11,1.86137008584e-11,1.64875630509e-11,2.90454865021e-11,1.16859620938e-11,1.44310370945e-11,8.98281275752e-12,8.38198607744e-12,9.8352402611e-12,1.27706109576e-11,7.00065222806e-12,1.42852387905e-11,7.66921422202e-12,1.16148653195e-11,2.42685697927e-11],"var":[7.02178297729e-8,0.0000743640703149,0.0000200911235879,0.0000156124569912,0.0000086806321633,0.00000267691802947,0.00000272908346233,0.0000084396388047,0.0000107202822619,0.00000822901984066,0.00000575256763113,0.00000249015283771,0.00000212981535697,0.00000219426783588,0.00000159978048941,3.45866595808e-7,2.89345877036e-7,3.10161908601e-7,1.69446650489e-7,3.91094346242e-7,2.08582093819e-7,7.26676390173e-8,2.82713479294e-8,2.96268023448e-8,2.57079388888e-8,2.44671749527e-9,1.60974469865e-10]},"barkbands_crest":{"dmean":2.22084093094,"dmean2":3.50635766983,"dvar":5.25816106796,"dvar2":13.1383304596,"max":26.4192199707,"mean":10.1885070801,"median":9.15849113464,"min":2.3136100769,"var":20.2107658386},"barkbands_flatness_db":{"dmean":0.0191743504256,"dmean2":0.0276540722698,"dvar":0.000493250787258,"dvar2":0.00105260510463,"max":0.496743232012,"mean":0.166494548321,"median":0.153885304928,"min":0.0195258464664,"var":0.00585059961304},"barkbands_kurtosis":{"dmean":2.37663507462,"dmean2":3.64788126945,"dvar":25.9577732086,"dvar2":58.6257019043,"max":167.408737183,"mean":3.6915678978,"median":1.05712723732,"min":-1.89483714104,"var":77.393951416},"barkbands_skewness":{"dmean":0.464659124613,"dmean2":0.689753770828,"dvar":0.283773213625,"dvar2":0.635804891586,"max":12.6709384918,"mean":1.3174892664,"median":1.04331016541,"min":-3.38375926018,"var":1.64955997467},"barkbands_spread":{"dmean":4.12861299515,"dmean2":6.21979284286,"dvar":26.9423389435,"dvar2":63.0419044495,"max":94.9580764771,"mean":18.7560577393,"median":16.5554180145,"min":0.678611278534,"var":147.214263916},"dissonance":{"dmean":0.0236303713173,"dmean2":0.0394662506878,"dvar":0.000607762369327,"dvar2":0.00165346160065,"max":0.500000238419,"mean":0.448701888323,"median":0.460697174072,"min":0.174663186073,"var":0.00173249142244},"dynamic_complexity":5.59015607834,"erbbands":{"dmean":[0.0458673089743,0.62940621376,1.64606559277,2.90514564514,4.48463201523,2.94091582298,3.38702607155,5.02285337448,6.7012925148,12.5472717285,13.3959789276,12.7119541168,16.0703010559,26.6673908234,19.5276908875,17.0963745117,16.2818508148,18.8021335602,14.4438724518,10.0949077606,7.42553949356,6.7805018425,8.28695774078,6.50445079803,5.06079435349,6.73613929749,4.88704395294,3.70884466171,2.64808106422,1.50720775127,1.28917634487,1.00025582314,0.625778079033,0.400759875774,0.163667827845,0.0598816089332,0.0165580958128,0.00319229974411,0.000311033945763,0.0000196858945856],"dmean2":[0.0728395581245,1.01615917683,2.74063968658,4.85154342651,7.63653564453,4.87039756775,5.61435937881,8.46179485321,10.9190368652,18.5170764923,20.590215683,20.0550384521,25.0078220367,41.2564659119,31.058216095,26.5095405579,25.4157657623,29.167263031,22.8567504883,16.0845451355,11.872584343,10.6884374619,12.9872703552,10.2860689163,7.83128738403,10.3136291504,7.59923791885,5.81784296036,4.21062088013,2.358720541,2.01792526245,1.49187028408,0.900289595127,0.572208106518,0.239073902369,0.0906294137239,0.026527248323,0.00522782839835,0.000489937490784,0.0000291788601317],"dvar":[0.020706826821,2.84452366829,17.9420146942,57.2652206421,170.50012207,55.946018219,71.4250411987,220.345550537,293.527069092,824.433410645,1297.05212402,2336.33544922,2091.85400391,4768.71777344,2489.6159668,2364.49121094,1697.40332031,3044.85302734,2062.91088867,721.829772949,311.590637207,255.556472778,344.415374756,217.40675354,123.086738586,236.298126221,151.207580566,108.464401245,69.7814865112,21.948797226,20.9713039398,11.8709878922,3.96870326996,3.03769898415,0.547164857388,0.0712233483791,0.00715487403795,0.000852195720654,0.00000192486163542,3.51707418744e-9],"dvar2":[0.0485840961337,7.51056194305,50.1133041382,153.994628906,472.261962891,152.510726929,190.176940918,603.595031738,752.785339355,1695.41394043,3168.41162109,6025.15625,4926.82373047,11201.5849609,6257.29345703,5785.68652344,3951.55322266,7376.80419922,5215.66308594,1791.36083984,765.490356445,596.429321289,824.525939941,538.676757812,285.568725586,531.474975586,361.466461182,269.226135254,181.692672729,56.398147583,55.3567123413,28.4303092957,8.49319648743,6.09511709213,1.21248590946,0.169742569327,0.0183116830885,0.00240333238617,0.00000501748490933,8.32738766832e-9],"max":[2.12960386276,22.6315498352,60.9002227783,152.127075195,209.804428101,171.200164795,180.251495361,267.599182129,403.601745605,1109.50561523,1297.09533691,2012.51806641,1287.77783203,1803.7052002,1480.19299316,1795.17919922,1469.39294434,2048.10546875,2203.47436523,797.955566406,659.46862793,740.826049805,468.343139648,346.558288574,433.714996338,561.234008789,325.67779541,310.625946045,212.048995972,101.324653625,98.8660812378,154.960006714,73.6404342651,74.3130874634,24.9721221924,11.4432201385,4.00241708755,2.07173061371,0.0704170539975,0.00189426564611],"mean":[0.0902813524008,1.52147531509,3.74099206924,5.17881536484,6.36581707001,4.70179510117,4.9436674118,6.80329084396,11.2556066513,27.4243392944,25.1728496552,23.4398555756,29.0774745941,48.3619918823,35.1210670471,30.0334186554,29.9874858856,32.1680679321,25.5740356445,18.7058982849,13.5641336441,13.9242095947,16.979019165,13.161816597,11.2319116592,15.3358478546,11.2298364639,7.65326118469,4.81635093689,2.55534720421,1.89006519318,1.47734975815,1.00012600422,0.615379452705,0.234290704131,0.0762433186173,0.0194952730089,0.00359562877566,0.000394390983274,0.00004593660924],"median":[0.0253075920045,0.547979831696,1.55733275414,1.54169464111,1.93845808506,1.58040058613,1.56516718864,2.14722466469,3.76261568069,8.98568630219,8.57346057892,4.7100944519,6.50650119781,11.0321521759,9.37364578247,8.83337211609,8.32349586487,8.69742870331,6.21777248383,4.77093648911,3.87917232513,4.05388259888,4.77512741089,2.77465009689,3.01946973801,4.08657169342,2.97580099106,1.74527382851,1.06971216202,0.591571509838,0.325501918793,0.221193030477,0.14934130013,0.0718752741814,0.026376709342,0.00747659849003,0.00122805137653,0.000151408603415,0.0000298645536532,0.0000286646500172],"min":[7.11298540068e-8,2.78220113614e-7,5.45835803223e-7,7.62104832575e-7,0.00000113796670576,0.00000165614926573,0.00000211116412174,0.00000210369739762,0.00000166541030922,0.00000161489390393,0.00000126727502447,0.00000142108899581,0.00000154731958446,0.00000151808592364,0.00000115450438898,8.16531894543e-7,7.49960690882e-7,8.69190103003e-7,9.57492943598e-7,0.00000132302864131,0.0000012297749663,6.67346284899e-7,6.49602270641e-7,5.91081345647e-7,5.53899667466e-7,3.54176592055e-7,3.04579714339e-7,4.69023007099e-7,4.4591263304e-7,3.89972228731e-7,2.0691048519e-7,2.53202813383e-7,2.22602054123e-7,5.85603778802e-8,8.84143460667e-8,5.69927820493e-8,1.43079468273e-8,1.07488107304e-8,4.18282875003e-9,3.14054365846e-10],"var":[0.0305331815034,5.04040908813,28.6312255859,88.1501922607,166.660949707,70.422958374,92.5397796631,233.144714355,478.896911621,3066.57202148,2957.62182617,6221.47167969,4855.03466797,11961.1923828,6243.31347656,4592.66015625,4105.29150391,6113.75390625,4364.85351562,1745.9732666,708.958068848,754.794250488,978.03503418,559.734558105,392.135131836,881.175598145,512.091369629,277.957885742,118.919250488,33.1648101807,23.5879135132,16.3784275055,7.20018720627,5.23260736465,0.795492470264,0.077527962625,0.00648317020386,0.0005734260194,0.00000183510474017,5.21388976438e-9]},"erbbands_crest":{"dmean":2.58503293991,"dmean2":4.03919744492,"dvar":6.19491863251,"dvar2":14.4270515442,"max":33.0550537109,"mean":9.90765762329,"median":8.70320892334,"min":2.20316052437,"var":24.9012794495},"erbbands_flatness_db":{"dmean":0.0177347362041,"dmean2":0.0243870541453,"dvar":0.000370306865079,"dvar2":0.000634951051325,"max":0.485790401697,"mean":0.198412910104,"median":0.180579811335,"min":0.0348871462047,"var":0.00603378517553},"erbbands_kurtosis":{"dmean":0.908801496029,"dmean2":1.40092349052,"dvar":2.18714809418,"dvar2":4.94529771805,"max":60.4371604919,"mean":0.683383882046,"median":0.0456863641739,"min":-1.82414591312,"var":5.5504655838},"erbbands_skewness":{"dmean":0.332563579082,"dmean2":0.500377297401,"dvar":0.100790813565,"dvar2":0.222811177373,"max":4.89758872986,"mean":0.258282750845,"median":0.236891493201,"min":-6.97541713715,"var":0.544770419598},"erbbands_spread":{"dmean":6.48827266693,"dmean2":9.63273334503,"dvar":61.9555358887,"dvar2":132.124176025,"max":141.939407349,"mean":30.7649402618,"median":28.3511772156,"min":1.24149394035,"var":303.528686523},"gfcc":{"cov":[[17992.9667969,-3381.11547852,689.450378418,3168.47436523,61.6738357544,2014.32397461,-72.3586425781,1236.39477539,192.696762085,324.791381836,-286.770874023,201.606689453,-75.9730987549],[-3381.11547852,2257.77026367,-73.9299926758,-775.732299805,388.853363037,-483.938751221,149.001647949,-372.420166016,104.766746521,-146.510375977,146.073562622,-151.400863647,66.2891311646],[689.450378418,-73.9299926758,994.747924805,411.978149414,277.136871338,339.012939453,-22.3017234802,151.156021118,138.257034302,17.0201416016,-39.9653816223,46.2122840881,-46.9750671387],[3168.47436523,-775.732299805,411.978149414,1253.22460938,197.077758789,486.522491455,8.77767181396,319.22253418,174.713058472,39.9189376831,-85.9929122925,54.3359642029,12.8622674942],[61.6738357544,388.853363037,277.136871338,197.077758789,536.22467041,153.466796875,55.7199630737,56.1211242676,167.956588745,9.99619674683,-1.56228113174,-13.1071577072,5.22770214081],[2014.32397461,-483.938751221,339.012939453,486.522491455,153.466796875,581.959960938,65.5941085815,201.783309937,89.7542953491,78.7819061279,-31.9630622864,16.6689434052,-20.4623565674],[-72.3586425781,149.001647949,-22.3017234802,8.77767181396,55.7199630737,65.5941085815,231.534469604,26.2640285492,5.59629154205,29.0512046814,30.9089679718,-12.5428495407,1.49189853668],[1236.39477539,-372.420166016,151.156021118,319.22253418,56.1211242676,201.783309937,26.2640285492,255.06968689,68.4525604248,35.8597221375,-27.6781959534,20.8128852844,-18.6109294891],[192.696762085,104.766746521,138.257034302,174.713058472,167.956588745,89.7542953491,5.59629154205,68.4525604248,210.598937988,33.1857757568,-8.18177032471,-0.951653659344,4.98335170746],[324.791381836,-146.510375977,17.0201416016,39.9189376831,9.99619674683,78.7819061279,29.0512046814,35.8597221375,33.1857757568,136.452423096,25.5374774933,-9.06920719147,-10.5173950195],[-286.770874023,146.073562622,-39.9653816223,-85.9929122925,-1.56228113174,-31.9630622864,30.9089679718,-27.6781959534,-8.18177032471,25.5374774933,105.838539124,15.1182804108,3.79803419113],[201.606689453,-151.400863647,46.2122840881,54.3359642029,-13.1071577072,16.6689434052,-12.5428495407,20.8128852844,-0.951653659344,-9.06920719147,15.1182804108,112.923988342,22.2526016235],[-75.9730987549,66.2891311646,-46.9750671387,12.8622674942,5.22770214081,-20.4623565674,1.49189853668,-18.6109294891,4.98335170746,-10.5173950195,3.79803419113,22.2526016235,92.3893280029]],"icov":[[0.000168147555087,-0.00013423866767,0.000179192444193,-0.000326218461851,0.000139585026773,-0.000430132611655,0.000280985550489,-0.000399537500925,0.000315267883707,-0.000320499850204,0.000268018047791,-0.000308963819407,0.000192835388589],[-0.00013423866767,0.00217894348316,-0.000656554300804,0.00103031087201,-0.00141159608029,0.00136692437809,-0.00157052837312,0.0018189313123,-0.00185387721285,0.00261781178415,-0.00258967420086,0.00290997186676,-0.00157307495829],[0.000179192444193,-0.000656554300804,0.00186439300887,-0.000652572780382,-0.0000927266301005,-0.00133449560963,0.00101316673681,-0.00081477407366,0.000471316074254,-0.000708467210643,0.00104738760274,-0.00167739391327,0.00144130014814],[-0.000326218461851,0.00103031087201,-0.000652572780382,0.00247015850618,-0.000795102852862,0.00042966962792,-0.000867394846864,0.000223329217988,-0.00169249786995,0.00170729740057,-0.00078656495316,0.00126712478232,-0.00147125730291],[0.000139585026773,-0.00141159608029,-0.0000927266301005,-0.000795102852862,0.00385274621658,-0.00129286304582,0.000421609001933,-0.000909306923859,-0.000741075142287,-0.0010891269194,0.00131388241425,-0.00126936426386,0.000664533930831],[-0.000430132611655,0.00136692437809,-0.00133449560963,0.00042966962792,-0.00129286304582,0.00502322986722,-0.0020838608034,0.000682063982822,-0.00115857145283,0.000600387225859,-0.00142264587339,0.00212482758798,-0.00103852152824],[0.000280985550489,-0.00157052837312,0.00101316673681,-0.000867394846864,0.000421609001933,-0.0020838608034,0.00639588898048,-0.00223772227764,0.00206368230283,-0.00245111552067,0.000469790393254,-0.00154837174341,0.000917652621865],[-0.000399537500925,0.0018189313123,-0.00081477407366,0.000223329217988,-0.000909306923859,0.000682063982822,-0.00223772227764,0.00883390009403,-0.00290857232176,0.00185570586473,-0.00146616541315,0.00162032514345,-0.0000226926840696],[0.000315267883707,-0.00185387721285,0.000471316074254,-0.00169249786995,-0.000741075142287,-0.00115857145283,0.00206368230283,-0.00290857232176,0.00915804877877,-0.00404404150322,0.00247761374339,-0.00229946151376,0.000728423998225],[-0.000320499850204,0.00261781178415,-0.000708467210643,0.00170729740057,-0.0010891269194,0.000600387225859,-0.00245111552067,0.00185570586473,-0.00404404150322,0.0125698857009,-0.00597247993574,0.00476921908557,-0.00138585455716],[0.000268018047791,-0.00258967420086,0.00104738760274,-0.00078656495316,0.00131388241425,-0.00142264587339,0.000469790393254,-0.00146616541315,0.00247761374339,-0.00597247993574,0.0150170661509,-0.0061968988739,0.0020898594521],[-0.000308963819407,0.00290997186676,-0.00167739391327,0.00126712478232,-0.00126936426386,0.00212482758798,-0.00154837174341,0.00162032514345,-0.00229946151376,0.00476921908557,-0.0061968988739,0.0146488742903,-0.00508398981765],[0.000192835388589,-0.00157307495829,0.00144130014814,-0.00147125730291,0.000664533930831,-0.00103852152824,0.000917652621865,-0.0000226926840696,0.000728423998225,-0.00138585455716,0.0020898594521,-0.00508398981765,0.0137032065541]],"mean":[-66.8317718506,116.406448364,-131.607879639,17.6431941986,-55.939956665,7.39703989029,-23.8366260529,2.15667271614,-23.8226604462,0.672796547413,-13.0046415329,-9.43518447876,-11.0493707657]},"hfc":{"dmean":4.60683584213,"dmean2":6.77767753601,"dvar":73.6168518066,"dvar2":170.206802368,"max":193.727645874,"mean":16.6344242096,"median":9.02334785461,"min":0.00000194316135094,"var":375.184265137},"melbands":{"dmean":[0.000538794207387,0.000848068157211,0.000544611772057,0.000264484609943,0.00011373990128,0.000112671368697,0.000103109981865,0.000145963116665,0.000111726410978,0.0000805422532721,0.0000829073396744,0.000109926717414,0.0000697200594004,0.0000446238373115,0.0000474384760309,0.0000338901627401,0.000039246850065,0.0000230915065913,0.0000198258530872,0.0000146185566336,0.00000849303523864,0.00000782183815318,0.00000850251490192,0.00000683803364154,0.00000573323768549,0.00000405444052376,0.00000424565541834,0.00000517365288033,0.00000357350518243,0.00000283486383523,0.00000220181686927,0.00000170606915617,0.00000112541101771,7.89793773492e-7,7.65367644817e-7,7.56747738251e-7,5.71614179989e-7,4.46283252131e-7,4.25901873768e-7,3.27605533812e-7],"dmean2":[0.000854271813296,0.00138263229746,0.000908642134164,0.000444420438726,0.000188867503311,0.000189202051843,0.000167625315953,0.000213750376133,0.000171786654391,0.000127255625557,0.000128843181301,0.000170108673046,0.000110908811621,0.0000690358137945,0.0000747254525777,0.0000527016636624,0.0000609939779679,0.0000366864842363,0.0000315451652568,0.0000235475890804,0.0000137255647132,0.0000125172537082,0.0000135508353196,0.0000107550549728,0.00000916644330573,0.00000639120844426,0.00000660913656247,0.00000798410746938,0.00000558057399758,0.00000447418096883,0.00000351630978912,0.00000273825617114,0.0000018145104832,0.00000124056543882,0.00000121769937778,0.00000118735101751,8.54851180065e-7,6.53134350159e-7,6.18369142558e-7,4.79000220821e-7],"dvar":[0.00000226756378652,0.00000460389355794,0.00000200820818463,5.31528598913e-7,7.79736666345e-8,1.06941634215e-7,6.45330331395e-8,1.13221553022e-7,1.10410724119e-7,9.48049247995e-8,5.64362423461e-8,8.09869220575e-8,2.97361637536e-8,1.21611485326e-8,2.14127293674e-8,1.06347499695e-8,1.49904515467e-8,5.88941473367e-9,4.46852865821e-9,1.5672662057e-9,4.85702089659e-10,3.81965875595e-10,4.40383035594e-10,2.46305864593e-10,1.86123241819e-10,8.67376309666e-11,9.40774541602e-11,1.59893195906e-10,8.56321333287e-11,5.18932154192e-11,4.34759242496e-11,2.85638040998e-11,1.29575543004e-11,5.99151023933e-12,7.23255830226e-12,8.41468301288e-12,3.56078231137e-12,1.90527866921e-12,2.48715457951e-12,2.61167281378e-12],"dvar2":[0.00000559194450034,0.0000124789812617,0.00000541420786249,0.00000145653200434,2.09283896879e-7,2.9220669262e-7,1.64676691838e-7,2.29115926231e-7,2.67938276011e-7,2.43132717515e-7,1.33288097004e-7,1.91741833078e-7,7.27216900032e-8,2.83236811782e-8,5.18829637031e-8,2.47206255466e-8,3.63862291408e-8,1.48015981694e-8,1.11642579625e-8,3.99922539529e-9,1.20964205319e-9,9.13663755764e-10,1.05648467752e-9,5.82198178556e-10,4.70910754835e-10,2.04574926443e-10,2.22166007813e-10,3.62300467405e-10,2.07662262386e-10,1.27222510304e-10,1.09896654277e-10,7.38445485315e-11,3.44046423295e-11,1.51957751937e-11,1.91850528519e-11,2.20617239755e-11,8.12799480499e-12,4.13635575444e-12,5.21139555121e-12,5.54146138698e-12],"max":[0.0208251085132,0.0283541809767,0.0277985222638,0.0133485449478,0.00608589500189,0.00609866110608,0.0051939105615,0.0135342907161,0.01415051613,0.0135201504454,0.00639566173777,0.00669682584703,0.00519660068676,0.00425423774868,0.00528949312866,0.00467776646838,0.00467520579696,0.00402529211715,0.00230392161757,0.00148965907283,0.000716902082786,0.00096749101067,0.000815750914626,0.000567807466723,0.000354952033376,0.000212891740375,0.000396547897253,0.000513076083735,0.000261882785708,0.000220917689148,0.000216588407056,0.000161640316946,0.0000790227859397,0.0000697190480423,0.0000545554794371,0.000136406568345,0.0000665944608045,0.0000419124917244,0.0000618638005108,0.0000780995833338],"mean":[0.00123651034664,0.00208708597347,0.000948618864641,0.000405573518947,0.000173642285517,0.000154941808432,0.000173175692908,0.000318280945066,0.000200745256734,0.000144837424159,0.000143729397678,0.00019398801669,0.000120192533359,0.0000779080073698,0.0000784113508416,0.0000581824715482,0.0000619433412794,0.0000385327984986,0.0000327891139023,0.0000228777589655,0.0000142900589708,0.0000143003853736,0.0000162509750226,0.0000134019182951,0.0000104039218058,0.00000784103940532,0.00000864586036187,0.0000108516860564,0.0000074245444921,0.00000569446547161,0.00000402257910537,0.00000291345668302,0.00000185487306226,0.00000123943459585,0.00000109260781755,0.0000010340100971,8.3437032572e-7,6.9244953238e-7,6.57600139675e-7,4.72237360327e-7],"median":[0.000405282422435,0.00100718881004,0.000307393958792,0.000137312017614,0.0000576170132263,0.0000489187659696,0.0000572644130443,0.000100660530734,0.0000588062212046,0.0000252124664257,0.000028251659387,0.0000392130677938,0.000030941584555,0.000021719301003,0.0000195173179236,0.0000136063154059,0.0000138098348543,0.00000849072057463,0.00000594108769292,0.00000569989651922,0.00000357044814336,0.00000377495075554,0.00000437789185526,0.00000338850668413,0.00000181355540008,0.0000016316696474,0.00000232200000028,0.0000025345711947,0.00000181703376256,0.00000123997529045,7.87645774381e-7,5.75071226194e-7,3.93615351868e-7,2.5504613177e-7,1.81320643833e-7,1.42080551768e-7,1.18814654115e-7,9.85199832826e-8,8.32301196851e-8,4.69577976503e-8],"min":[6.1869626089e-10,3.18363502227e-10,1.43438760869e-10,1.01152496101e-10,7.54926815505e-11,4.7469441572e-11,2.51674514562e-11,1.64848655559e-11,1.03205881341e-11,8.89345715127e-12,7.62421722977e-12,6.14636553459e-12,4.08638574367e-12,2.52610866253e-12,1.75537438318e-12,1.62062778562e-12,1.62003147442e-12,1.5955873775e-12,1.27548785336e-12,2.30607590315e-12,1.21258537066e-12,7.57002479364e-13,3.62035434184e-13,8.18256595293e-13,4.28419344271e-13,3.59925685176e-13,3.92660811635e-13,1.97794038093e-13,1.97130506363e-13,1.69130931049e-13,3.21423985518e-13,2.19065759456e-13,2.76782828428e-13,1.83362480473e-13,1.24099542491e-13,6.88120553919e-14,2.08338907107e-13,1.90122738516e-13,6.73424735572e-14,4.06210743482e-14],"var":[0.00000389599790651,0.00000787549106462,0.00000271556928055,5.74593343572e-7,1.0208896839e-7,1.16357462332e-7,1.10379723139e-7,4.3333025701e-7,2.69293337851e-7,2.57667778669e-7,1.2672590799e-7,2.01960205004e-7,6.78469334048e-8,2.78175615875e-8,4.20481640617e-8,2.35262866966e-8,2.85275323364e-8,1.16065868028e-8,9.52272039001e-9,2.7278344028e-9,1.02443320493e-9,1.01095221083e-9,1.0556099328e-9,6.61094401444e-10,4.0471240248e-10,2.30199775908e-10,2.83741169449e-10,5.25400778439e-10,2.54740339933e-10,1.49712728326e-10,9.36479227498e-11,4.84722331717e-11,1.84515857454e-11,8.68163527179e-12,8.03038538444e-12,8.90786316238e-12,5.37895292543e-12,3.39131110347e-12,4.25266028989e-12,3.97290143492e-12]},"melbands_crest":{"dmean":2.6816675663,"dmean2":4.18027734756,"dvar":7.27362918854,"dvar2":17.0957164764,"max":38.4514884949,"mean":14.3313217163,"median":13.545873642,"min":2.71662187576,"var":29.2905368805},"melbands_flatness_db":{"dmean":0.0234685037285,"dmean2":0.0335401706398,"dvar":0.0007994826301,"dvar2":0.00171353900805,"max":0.63776743412,"mean":0.235714733601,"median":0.219134822488,"min":0.0382520146668,"var":0.0091460403055},"melbands_kurtosis":{"dmean":5.43294620514,"dmean2":8.26837062836,"dvar":125.657592773,"dvar2":287.031066895,"max":367.284210205,"mean":10.4837017059,"median":4.11047458649,"min":-1.86021447182,"var":340.534698486},"melbands_skewness":{"dmean":0.621521711349,"dmean2":0.920359671116,"dvar":0.554388701916,"dvar2":1.22072613239,"max":16.5850601196,"mean":2.18909025192,"median":1.77684628963,"min":-2.43093347549,"var":2.96280550957},"melbands_spread":{"dmean":5.24695253372,"dmean2":7.81696605682,"dvar":46.9691123962,"dvar2":103.456008911,"max":182.300079346,"mean":21.5856609344,"median":17.9336547852,"min":0.599954605103,"var":230.12991333},"mfcc":{"cov":[[16251.6875,-2982.95117188,-36.5945930481,1772.91674805,724.410217285,955.680664062,547.611694336,782.140014648,782.92010498,626.65020752,330.501953125,101.047073364,-133.3177948],[-2982.95117188,2051.84057617,-87.8553466797,-415.071044922,26.0569648743,-137.372573853,-72.6893463135,-158.835601807,-150.955078125,-111.401031494,-54.8218765259,-4.90458440781,62.9432983398],[-36.5945930481,-87.8553466797,671.924316406,93.123085022,181.935012817,152.753036499,25.1982860565,101.396789551,47.5000572205,43.963432312,53.3021011353,15.8641042709,17.6782035828],[1772.91674805,-415.071044922,93.123085022,744.069641113,300.477203369,196.809417725,47.6402549744,192.298126221,206.93069458,122.958030701,62.7697525024,37.6276245117,-15.4262809753],[724.410217285,26.0569648743,181.935012817,300.477203369,552.573547363,228.416809082,11.6705389023,157.904251099,165.634628296,109.806106567,71.4012680054,50.3647918701,21.7578220367],[955.680664062,-137.372573853,152.753036499,196.809417725,228.416809082,368.819885254,116.950332642,119.384315491,145.685516357,110.972427368,86.9066162109,40.1182250977,4.41285467148],[547.611694336,-72.6893463135,25.1982860565,47.6402549744,11.6705389023,116.950332642,231.389404297,73.8976593018,36.7077522278,60.9765853882,49.0360298157,10.340880394,0.434094697237],[782.140014648,-158.835601807,101.396789551,192.298126221,157.904251099,119.384315491,73.8976593018,216.731033325,120.158729553,54.6080513,47.2191963196,28.8536319733,12.9130554199],[782.92010498,-150.955078125,47.5000572205,206.93069458,165.634628296,145.685516357,36.7077522278,120.158729553,220.963653564,97.8257904053,45.7168006897,42.4164009094,-1.38543975353],[626.65020752,-111.401031494,43.963432312,122.958030701,109.806106567,110.972427368,60.9765853882,54.6080513,97.8257904053,176.087158203,76.2118301392,17.2753658295,9.48459625244],[330.501953125,-54.8218765259,53.3021011353,62.7697525024,71.4012680054,86.9066162109,49.0360298157,47.2191963196,45.7168006897,76.2118301392,138.347000122,34.586151123,3.68548178673],[101.047073364,-4.90458440781,15.8641042709,37.6276245117,50.3647918701,40.1182250977,10.340880394,28.8536319733,42.4164009094,17.2753658295,34.586151123,108.939834595,38.2744026184],[-133.3177948,62.9432983398,17.6782035828,-15.4262809753,21.7578220367,4.41285467148,0.434094697237,12.9130554199,-1.38543975353,9.48459625244,3.68548178673,38.2744026184,117.149833679]],"icov":[[0.000122435347294,0.000123547491967,0.000103423080873,-0.000130339292809,-0.0000111642430056,-0.000120992641314,-0.0000930041496758,-0.000145766127389,-0.0000121060265883,-0.000136012793519,0.0000130134903884,0.0000173653697857,0.0000680109733366],[0.000123547491967,0.000745395140257,0.000170323677594,0.000206727563636,-0.000445437821327,8.37880975268e-7,-0.000193009022041,0.000179256152478,0.0000501456561324,0.000116698378406,-0.00000758883470553,0.0000395866627514,-0.000216269865632],[0.000103423080873,0.000170323677594,0.00187473569531,0.0000219313915295,-0.000379529141355,-0.000714570924174,0.000213075240026,-0.000780854024924,0.000524025934283,-0.0000854335739859,-0.000244800583459,0.00018218945479,-0.000109852240712],[-0.000130339292809,0.000206727563636,0.0000219313915295,0.00247383443639,-0.000771477003582,0.0000365667619917,0.000249431526754,-0.00070240983041,-0.000750984821934,-0.000211314720218,0.000158571012435,-0.0000523479648109,0.000301792490063],[-0.0000111642430056,-0.000445437821327,-0.000379529141355,-0.000771477003582,0.00359474285506,-0.00136796256993,0.00128997350112,-0.00127349491231,-0.000362177932402,-0.000783684372436,-0.0000409094209317,-0.00030439090915,-0.000138308372698],[-0.000120992641314,8.37880975268e-7,-0.000714570924174,0.0000365667619917,-0.00136796256993,0.00562142953277,-0.00207264209166,0.000645408290438,-0.00185429118574,-0.0000818305998109,-0.00107057776768,-0.000139460578794,0.0000172988748091],[-0.0000930041496758,-0.000193009022041,0.000213075240026,0.000249431526754,0.00128997350112,-0.00207264209166,0.00644870009273,-0.00238089775667,0.00134607276414,-0.00156880030409,-0.000454960681964,-0.0000756045119488,0.000257532694377],[-0.000145766127389,0.000179256152478,-0.000780854024924,-0.00070240983041,-0.00127349491231,0.000645408290438,-0.00238089775667,0.00929909572005,-0.00345311686397,0.00207796948962,-0.00112290983088,0.000465350254672,-0.00136661587749],[-0.0000121060265883,0.0000501456561324,0.000524025934283,-0.000750984821934,-0.000362177932402,-0.00185429118574,0.00134607276414,-0.00345311686397,0.0101422285661,-0.00364366639405,0.00149037898518,-0.00253412779421,0.0014900531387],[-0.000136012793519,0.000116698378406,-0.0000854335739859,-0.000211314720218,-0.000783684372436,-0.0000818305998109,-0.00156880030409,0.00207796948962,-0.00364366639405,0.010624602437,-0.00427451590076,0.00189416657668,-0.00169466680381],[0.0000130134903884,-0.00000758883470553,-0.000244800583459,0.000158571012435,-0.0000409094209317,-0.00107057776768,-0.000454960681964,-0.00112290983088,0.00149037898518,-0.00427451590076,0.0110697057098,-0.00314942607656,0.0012945010094],[0.0000173653697857,0.0000395866627514,0.00018218945479,-0.0000523479648109,-0.00030439090915,-0.000139460578794,-0.0000756045119488,0.000465350254672,-0.00253412779421,0.00189416657668,-0.00314942607656,0.0123780444264,-0.00415343558416],[0.0000680109733366,-0.000216269865632,-0.000109852240712,0.000301792490063,-0.000138308372698,0.0000172988748091,0.000257532694377,-0.00136661587749,0.0014900531387,-0.00169466680381,0.0012945010094,-0.00415343558416,0.0104317916557]],"mean":[-701.967468262,140.636749268,-9.50606822968,12.611998558,-7.9054017067,4.28717422485,6.18781471252,-0.650122225285,0.19745144248,0.623278617859,-0.717636942863,3.3390417099,-1.12365651131]},"pitch_salience":{"dmean":0.0623744167387,"dmean2":0.0994212776423,"dvar":0.00400230847299,"dvar2":0.0103852311149,"max":0.854854106903,"mean":0.510801911354,"median":0.516877949238,"min":0.0439083501697,"var":0.0132614038885},"silence_rate_20dB":{"dmean":0,"dmean2":0,"dvar":0,"dvar2":0,"max":1,"mean":1,"median":1,"min":1,"var":0},"silence_rate_30dB":{"dmean":0.000909866357688,"dmean2":0.0018198362086,"dvar":0.000909132300876,"dvar2":0.00249933218583,"max":1,"mean":0.999431371689,"median":1,"min":0,"var":0.000568090355955},"silence_rate_60dB":{"dmean":0.0226329267025,"dmean2":0.0452684275806,"dvar":0.0221244189888,"dvar2":0.0484631732106,"max":1,"mean":0.281246453524,"median":0,"min":0,"var":0.202146977186},"spectral_centroid":{"dmean":199.579299927,"dmean2":296.828063965,"dvar":51230.515625,"dvar2":113802.929688,"max":4217.02929688,"mean":1286.70800781,"median":1178.56213379,"min":144.395141602,"var":427103.125},"spectral_complexity":{"dmean":2.95581459999,"dmean2":4.46155595779,"dvar":15.2374305725,"dvar2":31.2169971466,"max":63,"mean":16.4006595612,"median":14,"min":0,"var":129.603378296},"spectral_contrast_coeffs":{"dmean":[0.0425295419991,0.0428460091352,0.0391586758196,0.0312548317015,0.0237838439643,0.0196306630969],"dmean2":[0.0701779648662,0.0684890821576,0.061551399529,0.0492166168988,0.0366446822882,0.0298416204751],"dvar":[0.00139117857907,0.00130529620219,0.0010840279283,0.00071001984179,0.000469002552563,0.000378610246116],"dvar2":[0.00374484993517,0.00325943855569,0.00255745276809,0.00166680454277,0.00105437706225,0.000839643005747],"max":[-0.313386768103,-0.369961798191,-0.410984963179,-0.504309058189,-0.576040744781,-0.553070068359],"mean":[-0.619808137417,-0.717794120312,-0.730877220631,-0.747922837734,-0.774075090885,-0.756190657616],"median":[-0.627287626266,-0.72481238842,-0.737536907196,-0.752649307251,-0.777755618095,-0.754607379436],"min":[-0.943331182003,-0.955548405647,-0.941422045231,-0.944478332996,-0.936825692654,-0.913592159748],"var":[0.00713788764551,0.00556334899738,0.00569526804611,0.00380192045122,0.00269000581466,0.00277779391035]},"spectral_contrast_valleys":{"dmean":[0.396922230721,0.371226459742,0.335986703634,0.293905377388,0.290431290865,0.309384018183],"dmean2":[0.643452525139,0.582957923412,0.532050251961,0.456224262714,0.427627921104,0.403200238943],"dvar":[0.134081557393,0.130431249738,0.113870635629,0.100236818194,0.138748794794,0.189132511616],"dvar2":[0.309789866209,0.291921526194,0.255924284458,0.211433961987,0.289664596319,0.325933396816],"max":[-5.02919054031,-4.72510910034,-5.37405824661,-5.32256889343,-5.57816457748,-7.3600063324],"mean":[-8.20869636536,-7.17232561111,-7.76985406876,-8.34878730774,-8.45713424683,-11.2671613693],"median":[-7.46114683151,-7.05754899979,-7.60242557526,-8.00675773621,-8.01711273193,-10.6581382751],"min":[-14.6840734482,-15.8358249664,-16.6711196899,-16.4543590546,-16.2126197815,-17.6858654022],"var":[3.65714097023,1.03440248966,1.23600065708,1.80592763424,2.58890891075,3.39426398277]},"spectral_decrease":{"dmean":1.57707424897e-9,"dmean2":2.43567077618e-9,"dvar":8.39127664858e-18,"dvar2":2.02610744204e-17,"max":-1.34070958342e-15,"mean":-5.67640023874e-9,"median":-4.66532767973e-9,"min":-3.46311317401e-8,"var":2.99572061514e-17},"spectral_energy":{"dmean":0.00624867528677,"dmean2":0.00960489548743,"dvar":0.000127980936668,"dvar2":0.000307036360027,"max":0.135301798582,"mean":0.0229328740388,"median":0.0190136227757,"min":5.23640286687e-9,"var":0.000481941708131},"spectral_energyband_high":{"dmean":0.000316603516694,"dmean2":0.000466474564746,"dvar":6.22401614692e-7,"dvar2":0.0000014787242435,"max":0.0213514231145,"mean":0.00072900095256,"median":0.000223161783651,"min":8.97375299069e-11,"var":0.00000175950640369},"spectral_energyband_low":{"dmean":0.00361572485417,"dmean2":0.00571261392906,"dvar":0.0000735030480428,"dvar2":0.000183139534784,"max":0.114953942597,"mean":0.00976730603725,"median":0.00530670816079,"min":2.99985258856e-9,"var":0.000157962800586},"spectral_energyband_middle_high":{"dmean":0.00183078704868,"dmean2":0.00276808557101,"dvar":0.0000107348105303,"dvar2":0.0000246791423706,"max":0.0848767012358,"mean":0.00560759846121,"median":0.00229857768863,"min":2.12643735953e-10,"var":0.0000589269693592},"spectral_energyband_middle_low":{"dmean":0.00342927523889,"dmean2":0.00554906297475,"dvar":0.0000518392807862,"dvar2":0.000136271861265,"max":0.111341379583,"mean":0.00809475686401,"median":0.00457168649882,"min":1.2551333306e-9,"var":0.000103159822174},"spectral_entropy":{"dmean":0.159212648869,"dmean2":0.230159819126,"dvar":0.0403838157654,"dvar2":0.0814851671457,"max":8.71164703369,"mean":7.20994758606,"median":7.38184547424,"min":4.53065872192,"var":0.457984983921},"spectral_flux":{"dmean":0.0184723697603,"dmean2":0.0282723587006,"dvar":0.000718845170923,"dvar2":0.00149231427349,"max":0.312114804983,"mean":0.0614660941064,"median":0.051121044904,"min":0.000106100669655,"var":0.00259541929699},"spectral_kurtosis":{"dmean":4.13562583923,"dmean2":6.88284349442,"dvar":55.8725700378,"dvar2":152.143112183,"max":131.221176147,"mean":10.1405496597,"median":4.28507518768,"min":-1.04642558098,"var":218.204666138},"spectral_rms":{"dmean":0.000549352669623,"dmean2":0.000815277104266,"dvar":6.63108266963e-7,"dvar2":0.00000147548860241,"max":0.0114892022684,"mean":0.00405890122056,"median":0.00430695666,"min":0.00000226024008043,"var":0.00000589891214986},"spectral_rolloff":{"dmean":343.736999512,"dmean2":560.708740234,"dvar":434105.65625,"dvar2":967631.4375,"max":15460.8398438,"mean":1318.7545166,"median":1055.12695312,"min":21.533203125,"var":1234116.25},"spectral_skewness":{"dmean":0.359823197126,"dmean2":0.579838693142,"dvar":0.228726640344,"dvar2":0.602592945099,"max":9.27567577362,"mean":1.95216524601,"median":1.51009261608,"min":0.0104449121282,"var":1.46706402302},"spectral_spread":{"dmean":450015.34375,"dmean2":630903.125,"dvar":424546664448,"dvar2":716799279104,"max":17611648,"mean":3642274.5,"median":3616301.5,"min":589076.1875,"var":2582920822780},"spectral_strongpeak":{"dmean":0.399029135704,"dmean2":0.672497332096,"dvar":0.672918558121,"dvar2":1.70800602436,"max":13.2303638458,"mean":0.817440092564,"median":0.428921222687,"min":0,"var":1.20676517487},"zerocrossingrate":{"dmean":0.00731569435447,"dmean2":0.00843673571944,"dvar":0.0000815045932541,"dvar2":0.000101281024399,"max":0.390625,"mean":0.0499111413956,"median":0.044921875,"min":0,"var":0.000828174117487}},"metadata":{"audio_properties":{"analysis_sample_rate":44100,"bit_rate":0,"codec":"flac","downmix":"mix","equal_loudness":0,"length":408.306671143,"lossless":true,"md5_encoded":"7aacc6900f8475fb68631fda470ea65c","replay_gain":-3.78894042969},"tags":{"album":["Crime of the Century"],"albumartist":["Supertramp"],"albumartistsort":["Supertramp"],"albumsort":["Crime of the Century (1990, Supertramp, 27781396-4850-4579-a93e-4892fa5184ed)"],"artist":["Supertramp"],"artists":["Supertramp"],"artistsort":["Supertramp"],"asin":["B000002GEV"],"catalognumber":["CD-3647"],"composer":["Roger Hodgson","Rick Davies"],"composersort":["Hodgson, Roger","Davies, Rick"],"date":["1990"],"discnumber":["1"],"disctotal":["1"],"engineer":["John Jansen","Ken Scott"],"file_name":"03 - Supertramp - Hide in Your Shell.flac","genre":["Art Rock"],"isrc":["USAM17404301","USAM19500632"],"label":["A&M Records"],"language":["eng"],"lyricist":["Roger Hodgson","Rick Davies"],"media":["CD"],"musicbrainz_albumartistid":["d2ff6b6b-fc30-48dc-8952-06f9d8fc64f8"],"musicbrainz_albumid":["27781396-4850-4579-a93e-4892fa5184ed"],"musicbrainz_artistid":["d2ff6b6b-fc30-48dc-8952-06f9d8fc64f8"],"musicbrainz_recordingid":["8ba30f3b-c8fc-4204-9ff8-5a4093c513cb"],"musicbrainz_releasegroupid":["c3749af5-0d0c-3ed1-b1c0-8b4a8f6c3436"],"musicbrainz_releasetrackid":["d152aa38-55c4-31da-ad78-4d78edd7ea65"],"musicbrainz_workid":["d63d830d-a060-4f5c-bcb5-db18f4d75385"],"originaldate":["1974-09"],"performer":["Dougie Thomson (bass guitar)","Roger Hodgson (guitar and piano)","Rick Davies (harmonica and keyboard)","Roger Hodgson (vocals)","John Helliwell (vocals)","Rick Davies (vocals)","Bob Siebenberg (drums and percussion)","John Helliwell (clarinet and saxophone)"],"producer":["Ken Scott","Supertramp"],"releasecountry":["CA"],"releasestatus":["offic