{"lowlevel":{"average_loudness":0.847183406353,"barkbands":{"dmean":[0.000297880586004,0.00970484316349,0.00357322324999,0.00155446911231,0.00176195136737,0.000772464438342,0.000601236126386,0.000666771316901,0.000387387000956,0.000303848617477,0.000236653431784,0.000317099824315,0.000271689932561,0.000307582551613,0.000353009876562,0.0000966683437582,0.0001556394418,0.000129540814669,0.000113467933261,0.0000617067707935,0.0000566373710171,0.0000572494027438,0.0000381117060897,0.0000304404511553,0.0000195153879758,0.000011180232832,0.00000411087376051],"dmean2":[0.000462183001218,0.0168492011726,0.00630215648562,0.00258168298751,0.00285327504389,0.00122652878053,0.000971180037595,0.00102008064277,0.000614234013483,0.000478430709336,0.000388049549656,0.000510976358783,0.000442202494014,0.000498898385558,0.000585102301557,0.00015796488151,0.000255774240941,0.000206941913348,0.000178018322913,0.0000985540245892,0.0000860755171743,0.0000868782735779,0.0000550327422388,0.0000427364284405,0.000027147716537,0.0000156358837557,0.0000060450474848],"dvar":[3.96091252242e-7,0.000324238790199,0.0000346417982655,0.0000121297725855,0.0000117640338431,0.00000311202256853,0.00000188457067907,0.00000171651606706,9.68731228568e-7,6.52706660276e-7,3.58110526122e-7,9.57657448453e-7,8.09366156318e-7,6.77172977248e-7,7.93282367795e-7,6.55935110672e-8,1.42309986018e-7,8.10868456824e-8,7.96008663428e-8,1.4853422492e-8,1.45767531379e-8,1.30067805415e-8,7.25130711032e-9,4.73267158796e-9,3.01944491632e-9,1.14368603477e-9,2.05753997173e-10],"dvar2":[8.89645093594e-7,0.0008863969706,0.000101401696156,0.000029643317248,0.0000278874504147,0.00000784988969826,0.00000481889128423,0.00000384831855627,0.00000228276030612,0.00000154850044964,9.05493209302e-7,0.00000242629130298,0.00000197314716388,0.00000175689103799,0.00000208215669772,1.69268759009e-7,3.81252675652e-7,2.03048728054e-7,1.95356278709e-7,3.75407616104e-8,3.41700179263e-8,2.92965740556e-8,1.44569760607e-8,8.7389038228e-9,5.86498360988e-9,2.13929318704e-9,4.55448984082e-10],"max":[0.0108533855528,0.152246192098,0.0825608968735,0.0486190989614,0.0469439662993,0.0730419382453,0.0274244211614,0.0370765328407,0.0246445368975,0.0260536763817,0.014668315649,0.0444901883602,0.0394219681621,0.0197846442461,0.0240706428885,0.0123506570235,0.0111680645496,0.00829871930182,0.0100476304069,0.00238529453054,0.00435416167602,0.00423024734482,0.0056027197279,0.0044626458548,0.00213645515032,0.00163587718271,0.000563066336326],"mean":[0.00030983024044,0.0119734583423,0.00558488769457,0.00187916529831,0.00305202673189,0.00158585689496,0.00110107113142,0.0013988474384,0.000696757808328,0.000540257256944,0.000405533763114,0.000551318400539,0.000444537232397,0.00052613671869,0.000599474704359,0.00017449769075,0.000313459604513,0.00027728578425,0.000258268235484,0.000137679293402,0.000133445661049,0.000146271093399,0.0000938221492106,0.0000758241076255,0.000044214168156,0.0000215961626964,0.00000627769486528],"median":[0.000069281537435,0.0065614390187,0.00362931750715,0.000794981955551,0.00141606340185,0.000556696671993,0.000299020612147,0.000368759850971,0.000128980856971,0.000131511478685,0.000103877013316,0.000129740001285,0.0000986875529634,0.000113830676128,0.000151863758219,0.0000565927948628,0.000105717459519,0.0000891174422577,0.0000615507524344,0.0000396800933231,0.0000393206282752,0.0000485263662995,0.0000337251076417,0.0000245534974965,0.0000126736731545,0.00000496998200106,6.7489435196e-7],"min":[2.92665300425e-25,4.08324580848e-24,1.81150902274e-24,1.81072923374e-24,6.82468812656e-24,6.49653540062e-24,7.67320427115e-24,8.55280153541e-24,1.31858352743e-23,1.10127916931e-23,1.32966323662e-23,2.94321226948e-23,3.21096617575e-23,2.54769855307e-23,2.67930011581e-23,4.71834873026e-23,5.42372795687e-23,1.09069385503e-22,1.44005624237e-22,1.65418969519e-22,2.47654008087e-22,3.37688760549e-22,4.25501171934e-22,5.34005871869e-22,8.99812260409e-22,1.20314651981e-21,2.04474099688e-21],"var":[4.68805097853e-7,0.00031722363201,0.0000443986100436,0.0000129853988255,0.0000239801629505,0.00000956680014497,0.00000432868864664,0.00000642986606181,0.00000254576684711,0.00000167292114384,7.66780885897e-7,0.00000194525250663,0.00000147232583458,0.00000137099891617,0.00000153419239268,1.34572857746e-7,3.66597987522e-7,2.4215833605e-7,2.82361810378e-7,4.63532821016e-8,4.99144476862e-8,4.98810308613e-8,2.74258535882e-8,1.97677501035e-8,9.46576061978e-9,3.13951908915e-9,3.72090247502e-10]},"barkbands_crest":{"dmean":2.73262810707,"dmean2":4.53270530701,"dvar":7.50047445297,"dvar2":19.6333656311,"max":26.3518390656,"mean":11.8427801132,"median":10.5528125763,"min":2.56283068657,"var":26.9876155853},"barkbands_flatness_db":{"dmean":0.0251417290419,"dmean2":0.0395450554788,"dvar":0.000694239512086,"dvar2":0.00160027702805,"max":0.779653728008,"mean":0.189694464207,"median":0.1621273458,"min":0.0236204266548,"var":0.0132322497666},"barkbands_kurtosis":{"dmean":8.31017112732,"dmean2":13.5976209641,"dvar":446.115875244,"dvar2":1136.40893555,"max":2007.1796875,"mean":17.0061435699,"median":3.46899700165,"min":-1.9185731411,"var":4707.97070312},"barkbands_skewness":{"dmean":0.76904708147,"dmean2":1.23991191387,"dvar":0.928055822849,"dvar2":2.31882977486,"max":31.0594120026,"mean":2.49283742905,"median":1.82058155537,"min":-2.57808423042,"var":5.3350110054},"barkbands_spread":{"dmean":4.29260587692,"dmean2":6.78191804886,"dvar":29.1795921326,"dvar2":67.8399887085,"max":130.235305786,"mean":16.7581386566,"median":14.1045646667,"min":0.0544564984739,"var":184.799514771},"dissonance":{"dmean":0.0191240720451,"dmean2":0.0322620421648,"dvar":0.0004602841218,"dvar2":0.00124852661975,"max":0.500000119209,"mean":0.454612582922,"median":0.468184381723,"min":0.0854035913944,"var":0.00216814968735},"dynamic_complexity":4.29686164856,"erbbands":{"dmean":[0.249651134014,2.34122633934,4.590072155,3.72838997841,7.07756662369,5.31592178345,6.35602140427,6.0404510498,7.40560388565,10.2091245651,15.1242618561,9.13337612152,8.32045936584,9.21724224091,8.81199741364,14.4347667694,11.2649364471,15.4023113251,20.5752372742,7.48759508133,5.43616771698,7.45631599426,7.49151563644,5.70094966888,5.33636140823,2.50258541107,2.29754638672,2.12387108803,2.08725309372,1.74802327156,1.0204706192,0.734441876411,0.48142015934,0.267534017563,0.12433758378,0.0529170557857,0.0199762377888,0.00533597031608,0.000673342845403,0.0000458489339508],"dmean2":[0.406104207039,4.15074014664,8.10950756073,6.27008295059,11.5414991379,8.71195697784,10.162361145,9.72450065613,11.7534608841,16.3530406952,23.0636196136,14.4474172592,13.1221818924,14.8750181198,14.3984041214,23.2118549347,18.2814025879,24.8295001984,34.038860321,12.0716514587,8.92936706543,12.1632947922,11.9449777603,9.11519050598,8.25643920898,3.93313646317,3.53809165955,3.25769376755,3.18418049812,2.57879710197,1.49141454697,1.05959796906,0.68801677227,0.378786593676,0.174695834517,0.0745828598738,0.02857568115,0.00772716710344,0.000988365733065,0.0000678355208947],"dvar":[0.308062046766,17.2157897949,57.7725791931,35.0756416321,329.129974365,117.918144226,184.398330688,202.355957031,236.937393188,580.467590332,1004.32769775,480.078308105,604.845458984,610.058349609,502.149230957,2197.4921875,1150.7935791,2278.84936523,1959.75793457,626.407226562,174.811431885,277.086730957,298.616485596,209.023910522,141.73248291,24.8403320312,26.2310085297,19.6614723206,15.9996461868,15.0687942505,5.56428289413,3.05257296562,1.27931785583,0.507445275784,0.130622804165,0.0232738032937,0.00398574722931,0.000337049481459,0.00000563086496186,1.43195713065e-8],"dvar2":[0.769196867943,49.2805290222,170.774337769,92.0958175659,757.947509766,289.551239014,464.821350098,502.616455078,586.716674805,1462.82666016,2243.17407227,1166.67138672,1448.27319336,1482.18261719,1285.65930176,5495.90429688,2816.3046875,5841.54589844,5209.39599609,1597.82629395,484.228088379,728.008544922,740.670410156,524.309204102,342.102600098,61.340713501,61.8766021729,47.1116065979,37.7428779602,31.3493270874,11.1189641953,5.91252756119,2.58514618874,1.02789103985,0.257161408663,0.0446015708148,0.00776721630245,0.000704416714143,0.000012407252143,3.1494963082e-8],"max":[4.925532341,35.6414527893,97.1014938354,72.9504394531,234.232147217,273.524017334,408.013153076,491.874572754,296.502716064,477.773406982,1006.11315918,741.854919434,799.887573242,933.61151123,704.835449219,2276.77612305,1595.53173828,1662.45483398,908.462341309,976.384643555,335.218811035,443.644348145,560.774108887,585.842834473,389.030639648,102.551094055,193.900543213,128.149185181,116.27923584,174.271530151,181.566360474,141.50491333,52.3795280457,28.2538814545,14.5266532898,6.32368612289,2.91772890091,0.68053072691,0.101198606193,0.00411647791043],"mean":[0.26936045289,2.91974830627,7.20964860916,5.75496912003,9.22162246704,9.74478340149,12.2248935699,12.0095777512,14.7388830185,19.7114543915,31.9116249084,17.6856327057,15.5336904526,17.0805358887,16.7724666595,25.8178138733,20.6644020081,27.9921569824,37.4977073669,14.748085022,11.3631801605,16.3414821625,16.8638458252,12.9125671387,12.6000509262,6.10581827164,5.1822218895,5.13739442825,5.25257921219,4.1870970726,2.52050304413,1.76847994328,1.13058912754,0.595798432827,0.271613508463,0.106781817973,0.0368518084288,0.00884591042995,0.00106138957199,0.0000885005210876],"median":[0.084650889039,1.78460013866,4.47733545303,3.49717664719,3.83059501648,3.8796813488,4.87155580521,3.83260059357,4.75895023346,5.61309957504,9.4171628952,4.66680908203,3.01905608177,5.07395172119,5.16322040558,6.14567518234,5.22749614716,7.37634038925,10.5390539169,5.16998767853,3.91465210915,5.91799116135,5.58057403564,4.06783819199,3.51830029488,1.97462534904,1.55822062492,1.65394413471,1.71249818802,1.48586511612,0.888566017151,0.635333299637,0.319841384888,0.157433778048,0.0775991007686,0.0287968087941,0.00761138927191,0.0012857777765,0.000144028221257,0.0000475741690025],"min":[8.94277082183e-23,7.13298178408e-22,1.78642618368e-21,5.70974988747e-21,1.70832991331e-20,2.57884913541e-20,3.68440978986e-20,6.90058106928e-20,1.49749714943e-19,2.40622083903e-19,2.97928510506e-19,3.38191837015e-19,7.91430797057e-19,7.08776170215e-19,8.33362857054e-19,1.32858648061e-18,1.73209273144e-18,1.50086628192e-18,2.47469960643e-18,3.00586784651e-18,2.94153139283e-18,4.00472627968e-18,5.63688142766e-18,6.43564549104e-18,7.17473467707e-18,7.43860198376e-18,1.04581255482e-17,9.81526228283e-18,1.01341255197e-17,1.23381598424e-17,1.13966016578e-17,1.05648037231e-17,1.07805497976e-17,8.6703185836e-18,5.01301560581e-18,4.01381947616e-18,1.99854073823e-18,9.36806962532e-19,2.6175031885e-19,2.90695565682e-20],"var":[0.310029029846,15.9254541397,68.0784988403,47.3506011963,368.186981201,368.049682617,499.078857422,619.36541748,615.390319824,1570.15856934,3441.00048828,1270.1105957,1390.31872559,1603.89538574,1097.84057617,4442.43066406,2375.83666992,4462.85400391,4570.11132812,1121.21228027,465.38760376,808.74798584,894.223266602,673.51739502,527.211364746,86.3477706909,76.3062820435,67.130569458,60.3510246277,53.9004173279,20.7894477844,11.6355772018,4.71494865417,1.55013906956,0.39828774333,0.0659271329641,0.0102265002206,0.000721268530469,0.0000102562571556,2.591242243e-8]},"erbbands_crest":{"dmean":2.51943778992,"dmean2":4.11807727814,"dvar":6.43574523926,"dvar2":16.7083206177,"max":32.5390434265,"mean":9.77793598175,"median":8.51029586792,"min":2.2034676075,"var":24.1421947479},"erbbands_flatness_db":{"dmean":0.0156530160457,"dmean2":0.022956090048,"dvar":0.000269596843282,"dvar2":0.000548348121811,"max":0.532042443752,"mean":0.169890299439,"median":0.142727717757,"min":0.0287703834474,"var":0.00754723977298},"erbbands_kurtosis":{"dmean":1.18332850933,"dmean2":1.87288701534,"dvar":12.9212675095,"dvar2":32.0387115479,"max":339.641540527,"mean":1.81045234203,"median":-0.18345952034,"min":-1.89668655396,"var":163.084671021},"erbbands_skewness":{"dmean":0.336475521326,"dmean2":0.517989337444,"dvar":0.135346591473,"dvar2":0.312889486551,"max":14.6959056854,"mean":0.466076016426,"median":0.279570579529,"min":-5.12695646286,"var":1.35654270649},"erbbands_spread":{"dmean":7.65847921371,"dmean2":11.7187690735,"dvar":84.4791717529,"dvar2":179.969421387,"max":188.850830078,"mean":40.7067184448,"median":37.7218666077,"min":0.494766443968,"var":583.315063477},"gfcc":{"cov":[[28725.9121094,-4624.03857422,-1649.0793457,2198.56103516,-1978.80053711,1383.21032715,-844.048583984,961.916381836,-101.687454224,834.27545166,-442.757202148,678.053100586,-513.859069824],[-4624.03857422,3157.54418945,-641.414978027,-930.233154297,460.136047363,-704.129455566,228.69430542,-398.106018066,51.6040878296,-400.586456299,254.14050293,-289.053405762,150.095611572],[-1649.0793457,-641.414978027,2169.4621582,458.846984863,372.511474609,329.667816162,52.1348876953,74.1857452393,17.111951828,148.264450073,-106.302444458,112.657341003,63.6472167969],[2198.56103516,-930.233154297,458.846984863,762.036499023,-50.426815033,279.918945312,-71.7162857056,129.747207642,35.3816566467,137.345214844,-72.2704925537,118.519393921,-17.9842987061],[-1978.80053711,460.136047363,372.511474609,-50.426815033,532.9453125,-8.55014038086,103.262519836,-39.0881309509,36.7173576355,-30.3497238159,20.9730319977,-23.172542572,65.101776123],[1383.21032715,-704.129455566,329.667816162,279.918945312,-8.55014038086,381.728179932,-6.17280578613,130.04536438,-6.59265518188,115.457313538,-56.9835968018,80.2743453979,-23.7937068939],[-844.048583984,228.69430542,52.1348876953,-71.7162857056,103.262519836,-6.17280578613,181.023040771,-17.6937236786,1.59456551075,-37.1749572754,28.3550548553,-24.1507911682,13.2380170822],[961.916381836,-398.106018066,74.1857452393,129.747207642,-39.0881309509,130.04536438,-17.6937236786,176.114868164,38.7380256653,64.3131408691,-33.3859710693,41.2952270508,-44.0183067322],[-101.687454224,51.6040878296,17.111951828,35.3816566467,36.7173576355,-6.59265518188,1.59456551075,38.7380256653,106.673980713,20.4731502533,0.698663175106,-11.0522508621,-6.51578092575],[834.27545166,-400.586456299,148.264450073,137.345214844,-30.3497238159,115.457313538,-37.1749572754,64.3131408691,20.4731502533,134.446487427,-19.5326938629,38.5975646973,-12.6361856461],[-442.757202148,254.14050293,-106.302444458,-72.2704925537,20.9730319977,-56.9835968018,28.3550548553,-33.3859710693,0.698663175106,-19.5326938629,102.701576233,-2.51493668556,13.7069711685],[678.053100586,-289.053405762,112.657341003,118.519393921,-23.172542572,80.2743453979,-24.1507911682,41.2952270508,-11.0522508621,38.5975646973,-2.51493668556,114.795463562,6.84646892548],[-513.859069824,150.095611572,63.6472167969,-17.9842987061,65.101776123,-23.7937068939,13.2380170822,-44.0183067322,-6.51578092575,-12.6361856461,13.7069711685,6.84646892548,106.875305176]],"icov":[[0.000129832420498,-0.000208416386158,0.000181713112397,-0.000324321939843,0.000307352253003,-0.000270393065875,0.000178526403033,-0.000308344751829,0.000368666427676,-0.000610535498708,0.000505410484038,-0.000500106369145,0.000275127764326],[-0.000208416386158,0.00174039660487,-0.000256242114119,0.0011093368521,-0.00117966369726,0.00112482276745,-0.000475187291158,0.00135678728111,-0.00176827283576,0.00284648127854,-0.00250387028791,0.0019900505431,-0.00109795469325],[0.000181713112397,-0.000256242114119,0.00097645749338,-0.000698416959494,-0.00010847660451,-0.000594149751123,0.0000274215544778,-0.000205942124012,0.00059176486684,-0.00127231341321,0.00126242858823,-0.000979804899544,0.000166604644619],[-0.000324321939843,0.0011093368521,-0.000698416959494,0.00328548206016,-0.000803046335932,-0.0000025724691568,-0.0000547724157514,0.00113419827539,-0.00230327388272,0.00186760094948,-0.00149529299233,0.00059678463731,-0.000952063594013],[0.000307352253003,-0.00117966369726,-0.00010847660451,-0.000803046335932,0.0038179163821,-0.00118094461504,-0.000455866451375,-0.000850330805406,0.000246707291808,-0.00173825537786,0.00163216528017,-0.00139210408088,-0.000128990635858],[-0.000270393065875,0.00112482276745,-0.000594149751123,-0.0000025724691568,-0.00118094461504,0.00644407281652,-0.00158014544286,-0.00141010934021,0.000731826410629,-0.000348828732967,-0.000732873915695,0.000658926786855,-0.000702249468304],[0.000178526403033,-0.000475187291158,0.0000274215544778,-0.0000547724157514,-0.000455866451375,-0.00158014544286,0.00741389719769,-0.000844547059387,0.000563554873224,0.000908702961169,-0.00104716978967,0.000356274598744,0.000413180561736],[-0.000308344751829,0.00135678728111,-0.000205942124012,0.00113419827539,-0.000850330805406,-0.00141010934021,-0.000844547059387,0.0116270352155,-0.00545379146934,0.00126481021289,-0.000689238542691,-0.000358902179869,0.001951357699],[0.000368666427676,-0.00176827283576,0.00059176486684,-0.00230327388272,0.000246707291808,0.000731826410629,0.000563554873224,-0.00545379146934,0.0142741156742,-0.00540887098759,0.00209993170574,-0.0000456010457128,0.00117687054444],[-0.000610535498708,0.00284648127854,-0.00127231341321,0.00186760094948,-0.00173825537786,-0.000348828732967,0.000908702961169,0.00126481021289,-0.00540887098759,0.0176149513572,-0.00559413339943,0.00328921386972,-0.00221188575961],[0.000505410484038,-0.00250387028791,0.00126242858823,-0.00149529299233,0.00163216528017,-0.000732873915695,-0.00104716978967,-0.000689238542691,0.00209993170574,-0.00559413339943,0.0162882357836,-0.00575775932521,0.00137794844341],[-0.000500106369145,0.0019900505431,-0.000979804899544,0.00059678463731,-0.00139210408088,0.000658926786855,0.000356274598744,-0.000358902179869,-0.0000456010457128,0.00328921386972,-0.00575775932521,0.0154606578872,-0.00357855157927],[0.000275127764326,-0.00109795469325,0.000166604644619,-0.000952063594013,-0.000128990635858,-0.000702249468304,0.000413180561736,0.001951357699,0.00117687054444,-0.00221188575961,0.00137794844341,-0.00357855157927,0.0124995615333]],"mean":[-55.8142318726,116.181556702,-96.7916412354,31.4946117401,-40.8827705383,13.0411844254,-29.5123634338,2.56128644943,-16.9828128815,0.0261639412493,-11.3014965057,-5.02102375031,-13.7843751907]},"hfc":{"dmean":3.47842717171,"dmean2":5.20194530487,"dvar":28.3551807404,"dvar2":58.9648551941,"max":118.474441528,"mean":15.8344402313,"median":11.4434890747,"min":1.09667082834e-16,"var":243.363143921},"melbands":{"dmean":[0.00247182929888,0.00260599236935,0.000761731644161,0.000434822839452,0.000214357642108,0.000136514237965,0.000117571253213,0.000114307171316,0.000121629396745,0.0000540595610801,0.0000418740601162,0.000038457372284,0.0000295883164654,0.0000367273714801,0.0000314559074468,0.0000255997820204,0.0000320118524542,0.0000335631011694,0.000019673636416,0.0000072421371442,0.00000720631078366,0.00000792347145762,0.00000932368038775,0.00000609289190834,0.00000501349768456,0.00000482008317704,0.00000337291930919,0.00000146700301684,0.00000145645935845,0.00000164175708051,0.0000012412548358,0.00000128086298901,0.00000126653083043,9.26343432184e-7,6.41081328467e-7,5.82084794587e-7,4.40773760602e-7,3.64835130995e-7,2.9212006325e-7,2.23734488713e-7],"dmean2":[0.00420914776623,0.00462239980698,0.00126266886946,0.000704603444319,0.000345058098901,0.000218195607886,0.00018744499539,0.000180488088517,0.000186070901691,0.0000858923231135,0.0000660655423417,0.0000619998972979,0.0000484849842906,0.0000595647506998,0.000050720780564,0.000041890929424,0.000051763792726,0.0000557080638828,0.0000323618769471,0.0000117213367048,0.0000119700780488,0.0000130817179524,0.0000150604528244,0.00000981109405984,0.00000810837900644,0.00000752991536501,0.0000054316983551,0.00000233397599914,0.00000227615441872,0.00000257366423284,0.00000196266614694,0.00000200662771022,0.00000194347899196,0.0000013711645579,9.65963863564e-7,8.73355361364e-7,6.44842998554e-7,5.33692173121e-7,4.23454139309e-7,3.26781929516e-7],"dvar":[0.000024726614356,0.0000188282519957,0.00000213105522562,7.91230604591e-7,1.87164133081e-7,9.83369119467e-8,6.29258849472e-8,6.5943744687e-8,7.09373608743e-8,1.77476202623e-8,1.52359884709e-8,1.07215685219e-8,5.14039610877e-9,1.36169822085e-8,1.05323003652e-8,6.37103214629e-9,9.97610882791e-9,4.90766138839e-9,4.67731275933e-9,4.52104409465e-10,3.89120624611e-10,3.54276302739e-10,4.23650642345e-10,1.93792440428e-10,1.87303964005e-10,1.48029061231e-10,4.47244151436e-11,9.22032589168e-12,1.05790324417e-11,1.30137272486e-11,6.9812328661e-12,6.01419218246e-12,7.6637264243e-12,4.22457424945e-12,2.13081679037e-12,2.23938922961e-12,1.1182874288e-12,6.54246947417e-13,7.02132200037e-13,3.42728232947e-13],"dvar2":[0.0000653028328088,0.000055144471844,0.00000514643215865,0.00000185048520507,4.77239211705e-7,2.44311564757e-7,1.57189745664e-7,1.60938512295e-7,1.59813680511e-7,4.32681517282e-8,3.6528263081e-8,2.57956340732e-8,1.31177548823e-8,3.54163134375e-8,2.53873082556e-8,1.57891300034e-8,2.56457219905e-8,1.30976971491e-8,1.21843548584e-8,1.14238052351e-9,1.10746967152e-9,9.58038204324e-10,1.09018105654e-9,4.65628563484e-10,4.76586659026e-10,3.57570473231e-10,1.16407855577e-10,2.26943047688e-11,2.57266430381e-11,3.16683380908e-11,1.7295553878e-11,1.49394854126e-11,1.74541006648e-11,8.96534582684e-12,4.72492184267e-12,4.74086221669e-12,2.28035147189e-12,1.39581781463e-12,1.48776444723e-12,7.3164299055e-13],"max":[0.0432631745934,0.0423002541065,0.0190354194492,0.0122966887429,0.0113324802369,0.011432249099,0.00452021043748,0.00572497956455,0.00733382347971,0.00486890692264,0.0039937114343,0.00418890779838,0.00202930509113,0.00499946298078,0.00457593332976,0.00339704751968,0.00273400219157,0.00137937895488,0.00263149873354,0.00108610163443,0.000604282249697,0.000547581235878,0.000346249144059,0.000638930127025,0.000576652644668,0.00037905346835,0.000152003907715,0.00005910809341,0.0000825896786409,0.000135253314511,0.0000666572595946,0.0000531653786311,0.000114108173875,0.000088750719442,0.000105145532871,0.000133598572575,0.000078747405496,0.0000324868233292,0.0000437763446826,0.0000195813299797],"mean":[0.00290164886974,0.00394140044227,0.00116006925236,0.000698342744727,0.000424449128332,0.000276577280601,0.000229897836107,0.000227029406233,0.00024991563987,0.0000992790010059,0.0000752793348511,0.000067995126301,0.0000527145821252,0.0000643340245006,0.0000543595597264,0.0000431136322732,0.0000530971410626,0.0000602490981692,0.0000331932133122,0.0000128801420942,0.0000134587226057,0.0000159997907758,0.0000187580408237,0.0000125150299937,0.0000099639819382,0.0000103497814052,0.00000709776986696,0.00000319675109495,0.00000296544408229,0.0000034497775232,0.00000277542199001,0.00000297435917673,0.00000284865404865,0.00000206618415177,0.00000144349337461,0.00000129392583403,9.84543021332e-7,8.13695805846e-7,6.28585723916e-7,4.58839110706e-7],"median":[0.00130517059006,0.00276443199255,0.000722261087503,0.000310606905259,0.000170911313035,0.0000885720583028,0.0000673031390761,0.000062195918872,0.0000720036550774,0.0000212178601942,0.0000132964214572,0.0000193211490114,0.000015613519281,0.0000160925028467,0.0000128316360133,0.0000103254460555,0.0000105492372313,0.0000157829217642,0.00000911921324587,0.00000393413665734,0.00000417792034568,0.00000538514996151,0.00000536675452167,0.00000383884889743,0.00000267786822405,0.00000213177895603,0.00000181042446457,9.24608798414e-7,8.86610166617e-7,9.5684720236e-7,8.74242346072e-7,8.81247160578e-7,8.88401189059e-7,7.20612206351e-7,4.74704734188e-7,3.99305889687e-7,3.34543898362e-7,2.23993794179e-7,1.52318250457e-7,1.16216327228e-7],"min":[2.00064828553e-24,1.25993826667e-24,1.35794220402e-24,1.8364078395e-24,1.79805598608e-24,1.57027230109e-24,2.40772260073e-24,2.21863382504e-24,2.06451209784e-24,2.1250764994e-24,3.43926394167e-24,2.87855778189e-24,2.06261094305e-24,3.16203475096e-24,3.38302013128e-24,3.78659072077e-24,2.06149253551e-24,3.43479228363e-24,2.41864635212e-24,2.3995726815e-24,3.60396311032e-24,3.33693527163e-24,3.02922350947e-24,5.40370351165e-24,4.79898759083e-24,4.9111707113e-24,4.36837445508e-24,4.23435250931e-24,4.27765545098e-24,6.22978681869e-24,5.39620814976e-24,5.56541408076e-24,5.82155287795e-24,6.72721095108e-24,5.60105205545e-24,5.63598399962e-24,6.22922278314e-24,6.22892735473e-24,6.70287616988e-24,6.58626477871e-24],"var":[0.0000241405086854,0.0000195085922314,0.00000258670456788,0.00000142638748457,5.42355962807e-7,3.10252687541e-7,1.62013535032e-7,2.04431202633e-7,2.22796259663e-7,4.63511682369e-8,3.46033708354e-8,2.85446564163e-8,1.11743192477e-8,2.56744723259e-8,2.07042560874e-8,1.20980612195e-8,1.87512920746e-8,1.16856480048e-8,7.39743644118e-9,8.9845436646e-10,8.59494864169e-10,8.9849194751e-10,1.10461917391e-9,5.63585511593e-10,5.08527830956e-10,4.76511385905e-10,1.33630675969e-10,2.66231550694e-11,2.5534617823e-11,3.76996975304e-11,2.02275852318e-11,2.00719076776e-11,2.38951688297e-11,1.38592045826e-11,6.71938936783e-12,7.17467361563e-12,3.74864332284e-12,2.28620009209e-12,2.04966772721e-12,9.0513143855e-13]},"melbands_crest":{"dmean":3.2059648037,"dmean2":5.18629264832,"dvar":8.44726657867,"dvar2":21.8685970306,"max":33.0174865723,"mean":16.9946746826,"median":16.9798660278,"min":1.00477421284,"var":37.4558944702},"melbands_flatness_db":{"dmean":0.0305516645312,"dmean2":0.0477893613279,"dvar":0.00100041436963,"dvar2":0.00228936225176,"max":0.947963058949,"mean":0.279789030552,"median":0.255818575621,"min":-3.45145423353e-7,"var":0.0186044238508},"melbands_kurtosis":{"dmean":17.0961284637,"dmean2":27.8617973328,"dvar":1190.10375977,"dvar2":2967.19262695,"max":744.357666016,"mean":34.2307434082,"median":12.0439519882,"min":-1.88722753525,"var":3765.29003906},"melbands_skewness":{"dmean":1.00061738491,"dmean2":1.60280203819,"dvar":1.48016428947,"dvar2":3.5997710228,"max":20.642660141,"mean":3.68891382217,"median":2.9612159729,"min":-1.77726948261,"var":7.67803764343},"melbands_spread":{"dmean":4.62491369247,"dmean2":7.39916610718,"dvar":36.264465332,"dvar2":89.215927124,"max":177.75479126,"mean":15.6142034531,"median":12.3467178345,"min":0.205976337194,"var":247.854522705},"mfcc":{"cov":[[17724.5527344,-2382.71655273,-1330.32568359,447.034729004,-475.164154053,177.648284912,-396.206298828,302.967468262,-21.5712604523,338.293182373,384.130981445,-30.3587398529,-39.295211792],[-2382.71655273,1786.49353027,-206.690124512,-205.171340942,28.3915996552,-179.395690918,36.8848686218,-40.375617981,-95.3017425537,-94.1840057373,-34.4669075012,15.9876241684,-18.6868782043],[-1330.32568359,-206.690124512,1139.30395508,350.763671875,211.461273193,232.832565308,105.390701294,1.80688154697,121.586845398,17.9132137299,-43.9190216064,-2.70975160599,45.7126235962],[447.034729004,-205.171340942,350.763671875,500.382171631,218.218719482,155.566452026,21.4691753387,59.8562850952,70.1406784058,64.2968292236,21.0510005951,-9.50969791412,38.4947929382],[-475.164154053,28.3915996552,211.461273193,218.218719482,321.700958252,150.373519897,51.0371360779,28.8679656982,82.7006607056,35.8134307861,0.210280835629,-5.8725733757,17.1955509186],[177.648284912,-179.395690918,232.832565308,155.566452026,150.373519897,242.587966919,92.6823654175,41.7532424927,76.5194854736,37.4238243103,19.8448829651,4.28519582748,3.27782177925],[-396.206298828,36.8848686218,105.390701294,21.4691753387,51.0371360779,92.6823654175,176.274917603,26.681432724,34.8118286133,-3.51987171173,-8.40581607819,21.2494697571,-6.6978931427],[302.967468262,-40.375617981,1.80688154697,59.8562850952,28.8679656982,41.7532424927,26.681432724,146.46194458,20.7556056976,20.520986557,49.8718299866,-10.753616333,5.66631698608],[-21.5712604523,-95.3017425537,121.586845398,70.1406784058,82.7006607056,76.5194854736,34.8118286133,20.7556056976,135.765258789,49.300239563,-4.53156423569,9.74979782104,-1.13976144791],[338.293182373,-94.1840057373,17.9132137299,64.2968292236,35.8134307861,37.4238243103,-3.51987171173,20.520986557,49.300239563,104.118919373,52.2380065918,1.64584839344,-1.75819838047],[384.130981445,-34.4669075012,-43.9190216064,21.0510005951,0.210280835629,19.8448829651,-8.40581607819,49.8718299866,-4.53156423569,52.2380065918,110.931114197,14.5475120544,-4.32165336609],[-30.3587398529,15.9876241684,-2.70975160599,-9.50969791412,-5.8725733757,4.28519582748,21.2494697571,-10.753616333,9.74979782104,1.64584839344,14.5475120544,74.4914779663,21.8104286194],[-39.295211792,-18.6868782043,45.7126235962,38.4947929382,17.1955509186,3.27782177925,-6.6978931427,5.66631698608,-1.13976144791,-1.75819838047,-4.32165336609,21.8104286194,77.0189361572]],"icov":[[0.000110420092824,0.000100135570392,0.000194251799257,-0.000219251814997,0.000285056128632,-0.000274967227597,0.000214144180063,-0.0000991042907117,0.00000921119954,-0.000109062581032,-0.0000647462511552,-0.0000362370301445,0.0000531719015271],[0.000100135570392,0.000821081106551,0.000176154600922,0.0000623485902906,-0.000435399851995,0.000579751969781,-0.000264216010692,-0.0000865680849529,0.000350939604687,0.000226052550715,-0.000173231295776,-0.000210510930629,0.000230764999287],[0.000194251799257,0.000176154600922,0.00171639409382,-0.00115577888209,0.000636054377537,-0.00121558993123,-0.00000413132920585,0.000403832877055,-0.000722885306459,0.000397765164962,0.0000296557973343,0.000369274435798,-0.000524074188434],[-0.000219251814997,0.0000623485902906,-0.00115577888209,0.00430378643796,-0.00250189821236,0.0000559097825317,0.000280754495179,-0.000944191182498,0.000901113031432,-0.00139645894524,0.000597027712502,0.0000509106866957,-0.000911201292183],[0.000285056128632,-0.000435399851995,0.000636054377537,-0.00250189821236,0.00694500328973,-0.00348846125416,0.000702039396856,0.000224666815484,-0.00207317643799,-0.00006260687951,-0.0000486396347696,0.000999242067337,-0.000762632465921],[-0.000274967227597,0.000579751969781,-0.00121558993123,0.0000559097825317,-0.00348846125416,0.0101266345009,-0.00418659346178,0.0000709808300599,-0.00142293481622,0.000632619136013,-0.00191884464584,0.000498259440064,0.000417094997829],[0.000214144180063,-0.000264216010692,-0.00000413132920585,0.000280754495179,0.000702039396856,-0.00418659346178,0.00911276880652,-0.00229586893693,0.0000263989459199,-0.0000963865240919,0.00216993456706,-0.00346305198036,0.00199073296972],[-0.0000991042907117,-0.0000865680849529,0.000403832877055,-0.000944191182498,0.000224666815484,0.0000709808300599,-0.00229586893693,0.010245048441,-0.00266562961042,0.00283780437894,-0.00622762879357,0.00421424815431,-0.00236341753043],[0.00000921119954,0.000350939604687,-0.000722885306459,0.000901113031432,-0.00207317643799,-0.00142293481622,0.0000263989459199,-0.00266562961042,0.0135103538632,-0.00760350842029,0.00580216385424,-0.00384326907806,0.00223061768338],[-0.000109062581032,0.000226052550715,0.000397765164962,-0.00139645894524,-0.00006260687951,0.000632619136013,-0.0000963865240919,0.00283780437894,-0.00760350842029,0.0187995899469,-0.0101083377376,0.00294266734272,-0.000852891476825],[-0.0000647462511552,-0.000173231295776,0.0000296557973343,0.000597027712502,-0.0000486396347696,-0.00191884464584,0.00216993456706,-0.00622762879357,0.00580216385424,-0.0101083377376,0.0183353982866,-0.00632545771077,0.00302352989092],[-0.0000362370301445,-0.000210510930629,0.000369274435798,0.0000509106866957,0.000999242067337,0.000498259440064,-0.00346305198036,0.00421424815431,-0.00384326907806,0.00294266734272,-0.00632545771077,0.0187962017953,-0.00683707743883],[0.0000531719015271,0.000230764999287,-0.000524074188434,-0.000911201292183,-0.000762632465921,0.000417094997829,0.00199073296972,-0.00236341753043,0.00223061768338,-0.000852891476825,0.00302352989092,-0.00683707743883,0.0164522696286]],"mean":[-691.995300293,137.234268188,14.4774656296,25.1295814514,12.7320814133,13.0621261597,2.67712116241,5.26803970337,-1.49084293842,3.07856726646,5.03611373901,1.61360967159,-2.24771308899]},"pitch_salience":{"dmean":0.0812602266669,"dmean2":0.135996282101,"dvar":0.00604917295277,"dvar2":0.0165045689791,"max":0.996039092541,"mean":0.471874415874,"median":0.48696398735,"min":0.0301752053201,"var":0.0217200312763},"silence_rate_20dB":{"dmean":0,"dmean2":0,"dvar":0,"dvar2":0,"max":1,"mean":1,"median":1,"min":1,"var":0},"silence_rate_30dB":{"dmean":0.0171133764088,"dmean2":0.0342289060354,"dvar":0.0168201960623,"dvar2":0.0482800751925,"max":1,"mean":0.990500152111,"median":1,"min":0,"var":0.00941032543778},"silence_rate_60dB":{"dmean":0.00956335756928,"dmean2":0.0191279184073,"dvar":0.00947198085487,"dvar2":0.0222859028727,"max":1,"mean":0.131110414863,"median":0,"min":0,"var":0.113940276206},"spectral_centroid":{"dmean":181.571182251,"dmean2":284.781005859,"dvar":50354.203125,"dvar2":113597.210938,"max":11827.875,"mean":1040.99182129,"median":921.553710938,"min":78.7261962891,"var":785502.9375},"spectral_complexity":{"dmean":2.63344669342,"dmean2":4.06757688522,"dvar":10.7936449051,"dvar2":20.8341121674,"max":57,"mean":15.8612146378,"median":13,"min":0,"var":131.99987793},"spectral_contrast_coeffs":{"dmean":[0.0477502830327,0.0436551310122,0.0343213528395,0.029658107087,0.0215549208224,0.0162156522274],"dmean2":[0.0786451399326,0.0716483592987,0.0559316426516,0.0479870997369,0.0339961946011,0.0257320124656],"dvar":[0.00165145250503,0.00137168192305,0.000803466828074,0.000659319455735,0.000399837153964,0.000253173988312],"dvar2":[0.00435248250142,0.00351510499604,0.00204728823155,0.00158320809714,0.000864487723447,0.000567127077375],"max":[-0.334310680628,-0.434016019106,-0.414538562298,-0.543617963791,-0.552011966705,-0.621204972267],"mean":[-0.646405816078,-0.726671099663,-0.789801001549,-0.779238820076,-0.785799086094,-0.773107409477],"median":[-0.649424016476,-0.729034006596,-0.797130286694,-0.781343460083,-0.788291811943,-0.764982700348],"min":[-0.984125316143,-0.996190011501,-0.998113334179,-0.988832831383,-0.989511489868,-0.966719865799],"var":[0.00548557890579,0.00560946436599,0.0039678378962,0.00381010794081,0.00315353972837,0.0028209076263]},"spectral_contrast_valleys":{"dmean":[0.415301948786,0.354303956032,0.314109742641,0.286964952946,0.237073481083,0.257502645254],"dmean2":[0.675677835941,0.579176723957,0.503927409649,0.45406037569,0.354629814625,0.351626962423],"dvar":[0.125915080309,0.105555139482,0.0926032140851,0.0917949005961,0.0812949091196,0.0945120453835],"dvar2":[0.313934057951,0.253142684698,0.205984979868,0.19251409173,0.153813004494,0.17239934206],"max":[-4.91021823883,-4.5056219101,-5.31412267685,-5.74272823334,-5.65745592117,-7.56869029999],"mean":[-7.27431821823,-7.18306589127,-7.85461902618,-8.33003807068,-8.54400920868,-11.0596179962],"median":[-6.79614162445,-6.84055995941,-7.53460454941,-7.8478140831,-7.95197582245,-10.1913757324],"min":[-28.2735385895,-28.0299549103,-27.7493515015,-27.640832901,-27.4949455261,-27.4449234009],"var":[3.70852279663,3.5518693924,3.67923474312,4.17237043381,4.98108863831,5.66986465454]},"spectral_decrease":{"dmean":3.63795704672e-9,"dmean2":6.13915318581e-9,"dvar":3.41726475932e-17,"dvar2":9.18170149062e-17,"max":1.4957497783e-28,"mean":-8.18591416873e-9,"median":-6.71426159116e-9,"min":-5.04096107079e-8,"var":4.94187145569e-17},"spectral_energy":{"dmean":0.0139140095562,"dmean2":0.0234376359731,"dvar":0.000494498934131,"dvar2":0.00132675736677,"max":0.192175716162,"mean":0.0323317945004,"median":0.0266666673124,"min":1.01420396801e-20,"var":0.000747866171878},"spectral_energyband_high":{"dmean":0.000182001502253,"dmean2":0.000246689509368,"dvar":1.30863426762e-7,"dvar2":2.38515468709e-7,"max":0.0153956916183,"mean":0.00056862202473,"median":0.000254880258581,"min":7.16814766337e-21,"var":6.94097764153e-7},"spectral_energyband_low":{"dmean":0.0122813144699,"dmean2":0.0212561246008,"dvar":0.000468360260129,"dvar2":0.00128249812406,"max":0.181899562478,"mean":0.0186796970665,"median":0.0134677160531,"min":1.72887418631e-23,"var":0.000492423365358},"spectral_energyband_middle_high":{"dmean":0.00115925364662,"dmean2":0.00182121316902,"dvar":0.00000447089860245,"dvar2":0.0000109343400254,"max":0.0528805926442,"mean":0.00407299399376,"median":0.00201298180036,"min":1.2318374288e-21,"var":0.0000283573008346},"spectral_energyband_middle_low":{"dmean":0.0038280300796,"dmean2":0.00603346433491,"dvar":0.0000531109508302,"dvar2":0.000120368706121,"max":0.096598111093,"mean":0.00992409419268,"median":0.00649072416127,"min":1.61169457864e-22,"var":0.000123982434161},"spectral_entropy":{"dmean":0.150940284133,"dmean2":0.222414284945,"dvar":0.0300243105739,"dvar2":0.059224601835,"max":9.82018184662,"mean":7.23067808151,"median":7.49586057663,"min":2.80763983727,"var":0.794909477234},"spectral_flux":{"dmean":0.0298193264753,"dmean2":0.0473598837852,"dvar":0.00150003272574,"dvar2":0.00326253497042,"max":0.380599915981,"mean":0.0846305415034,"median":0.0766574814916,"min":6.31789065508e-11,"var":0.00377770001069},"spectral_kurtosis":{"dmean":5.13404607773,"dmean2":8.69840049744,"dvar":235.700866699,"dvar2":677.873962402,"max":452.110565186,"mean":15.0217266083,"median":4.05325078964,"min":-1.30168092251,"var":1511.16650391},"spectral_rms":{"dmean":0.00104028754868,"dmean2":0.00170510646421,"dvar":0.00000185078511095,"dvar2":0.00000481478355141,"max":0.0136926444247,"mean":0.00505745923147,"median":0.00510061392561,"min":3.14557993368e-12,"var":0.00000596534982833},"spectral_rolloff":{"dmean":289.209747314,"dmean2":495.483764648,"dvar":303929.65625,"dvar2":731250.125,"max":19466.015625,"mean":963.943481445,"median":602.9296875,"min":64.599609375,"var":2720069.75},"spectral_skewness":{"dmean":0.355849802494,"dmean2":0.582545816898,"dvar":0.364750534296,"dvar2":1.0237762928,"max":18.8289585114,"mean":2.23849248886,"median":1.58915162086,"min":-0.089843198657,"var":4.38190412521},"spectral_spread":{"dmean":479477.9375,"dmean2":692798.25,"dvar":491855544320,"dvar2":896657784832,"max":43252532,"mean":4524285,"median":4359950.5,"min":233015.46875,"var":10199380262900},"spectral_strongpeak":{"dmean":0.332202315331,"dmean2":0.576959967613,"dvar":0.448724329472,"dvar2":1.17909789085,"max":12.1716651917,"mean":0.61749112606,"median":0.431149959564,"min":0,"var":0.562263906002},"zerocrossingrate":{"dmean":0.00725540332496,"dmean2":0.00894046574831,"dvar":0.0000736752845114,"dvar2":0.000100774479506,"max":0.5283203125,"mean":0.0438438169658,"median":0.03662109375,"min":0.00244140625,"var":0.00202004867606}},"metadata":{"audio_properties":{"analysis_sample_rate":44100,"bit_rate":320023,"codec":"mp3","downmix":"mix","equal_loudness":0,"length":369.057952881,"lossless":false,"md5_encoded":"79f94d62eccf123d5096c37cdde7e1a8","replay_gain":-14.7835845947,"sample_rate":44100},"tags":{"acoustid_id":["33f6228d-1b47-4bac-8d0a-fac072570a15"],"album":["The Getaway"],"albumartist":["Red Hot Chili Peppers"],"albumartistsort":["Red Hot Chili Peppers"],"artist":["Red Hot Chili Peppers"],"artistsort":["Red Hot Chili Peppers"],"asin":["B01F3REDMU"],"date":["2016-06-17"],"file_name":"13 - Dreams of a Samurai.mp3","isrc":["USWB11600628"],"label":["Warner Bros. Records"],"language":["eng"],"media":["CD"],"musicbrainz album release country":["US"],"musicbrainz album status":["official"],"musicbrainz album type":["album"],"musicbrainz_albumartistid":["8bfac288-ccc5-448d-9573-c33ea2aa5c30"],"musicbrainz_albumid":["1df7de0f-a01b-40ca-9ecb-978ad43b9351"],"musicbrainz_artistid":["8bfac288-ccc5-448d-9573-c33ea2aa5c30"],"musicbrainz_recordingid":["8bcbd2ac-742a-4f68-86aa-049456b973e5"],"musicbrainz_releasegroupid":["831f10e3-32e5-4d22-b001-2f3ab1254be0"],"musicbrainz_workid":["344cb137-124c-49ba-bdba-ddf23e53c77c"],"originaldate":["2016"],"script":["Latn"],"title":["Dreams of a Samurai"],"tracknumber":["13/13"],"work":["Dreams of a Samurai"],"writer":["Flea","Josh Klinghoffer","Anthony Kiedis","Chad Smith"]},"version":{"essentia":"2.1-beta2","essentia_build_sha":"70f2e5ece6736b2c40cc944ad0e695b16b925413","essentia_git_sha":"v2.1_beta2","extractor":"music 1.0"}},"rhythm":{"beats_count":824,"beats_loudness":{"dmean":0.0193049125373,"dmean2":0.0324401631951,"dvar":0.000291364151053,"dvar2":0.000728080805857,"max":0.131725072861,"mean":0.0434731803834,"median":0.0445547774434,"min":0,"var":0.000754128734116},"beats_loudness_band_ratio":{"dmean":[0.171093255