{"lowlevel":{"average_loudness":0.921937644482,"barkbands":{"dmean":[0.000193453655811,0.00834554713219,0.00270542083308,0.000771296967287,0.00100186292548,0.000575952464715,0.000391514506191,0.00066190387588,0.000528853561264,0.000501536356751,0.000330574752297,0.000342542363796,0.000353917916073,0.000479139882373,0.000365879241144,0.000566351576708,0.000396723800804,0.000347900408087,0.000290421186946,0.000261976150796,0.000242739813984,0.000142900666106,0.0000967844753177,0.0000776692977524,0.0000565552036278,0.000028924236176,0.0000219801968342],"dmean2":[0.000320804887451,0.0146219152957,0.00483570666984,0.0013186953729,0.00171731878072,0.000969772634562,0.000649199355394,0.00108121032827,0.000837622093968,0.000807076401543,0.00054373499006,0.000563352776226,0.000599314691499,0.000808700686321,0.000600560975727,0.000940784753766,0.000637855788227,0.000565719383303,0.000463670527097,0.000423261662945,0.000393185619032,0.000228118995437,0.000150178166223,0.00011878991063,0.0000851181539474,0.0000423508317908,0.0000331652881869],"dvar":[1.09679021421e-7,0.000383917096769,0.000032176165405,0.00000133244111566,0.0000037165843878,9.13285532533e-7,6.75618082369e-7,0.00000370261341232,0.00000150090988882,0.00000220341507884,7.89499097209e-7,6.21380991106e-7,0.0000016628814592,0.00000312228894472,6.83927112277e-7,0.00000305015669255,5.17274258982e-7,2.52299344083e-7,1.78965279929e-7,1.74990077539e-7,1.16056796173e-7,6.83487400011e-8,3.35724692491e-8,2.04752783617e-8,1.05623456648e-8,3.76939857105e-9,2.05541783593e-9],"dvar2":[2.64779345116e-7,0.00106128072366,0.0000915070195333,0.00000369836493519,0.0000101488694781,0.00000247227148975,0.00000171746660271,0.00000980146705842,0.00000358435841008,0.00000537187588634,0.00000195161646843,0.00000161529624165,0.00000479919572172,0.00000891758190846,0.00000181055747817,0.00000860808449943,0.00000133640298827,6.13310191966e-7,4.15924318986e-7,4.19924646167e-7,2.81443362837e-7,1.63261120179e-7,7.99178749844e-8,4.65800269467e-8,2.22872174049e-8,7.46349027025e-9,4.58656090885e-9],"max":[0.00788244884461,0.158115565777,0.0769142657518,0.0134397028014,0.0325937494636,0.0149423331022,0.0158139951527,0.0700666904449,0.0238761343062,0.0368719734251,0.0282522104681,0.0228772126138,0.0498748570681,0.0792085379362,0.0253934878856,0.044767037034,0.0196718294173,0.00877074617893,0.00803881511092,0.00798371061683,0.00493758264929,0.00416734348983,0.00336225144565,0.00291630625725,0.0026791326236,0.00267456076108,0.000488759891596],"mean":[0.000280526321148,0.00863648578525,0.00299694132991,0.00108839385211,0.00148336251732,0.000935693387873,0.000561011780519,0.000940254656598,0.000791132159065,0.000810243480373,0.000492088845931,0.000571042357478,0.00052706518909,0.000758008216508,0.000664216757286,0.00103999034036,0.000816881540231,0.000701065757312,0.00067237886833,0.000615259166807,0.00068551953882,0.000286766036879,0.000200188645977,0.000179576032679,0.000137259950861,0.0000572908211325,0.0000313819946314],"median":[0.000098906995845,0.00356192607433,0.00133199989796,0.000681256176904,0.00101380399428,0.000494162319228,0.000251672172453,0.000328645459376,0.000270248536253,0.000225548981689,0.000211953942198,0.000232777994825,0.000246217416134,0.000353757641278,0.000393188907765,0.000634537194856,0.000547719886526,0.000460869865492,0.0004851653066,0.000419867283199,0.000574392615817,0.000145301106386,0.0000932472466957,0.00010089432908,0.0000946427462623,0.0000278483967122,0.00000686614112055],"min":[2.07128147104e-23,3.58167147886e-24,1.61892559324e-23,9.42844976198e-24,5.33159342076e-23,2.97056018379e-23,3.02023033737e-23,9.05063650657e-23,1.20217567816e-22,2.50329751702e-23,6.45891793727e-23,7.89178405958e-23,6.78136514782e-23,7.75819078083e-23,7.24761412833e-23,2.14073953778e-22,1.37431509888e-22,1.30334084148e-22,2.87736573417e-22,3.14776125163e-22,4.66971880022e-22,6.69322805391e-22,7.28026628027e-22,9.28430770899e-22,1.33849899625e-21,1.89251431867e-21,2.43665234525e-21],"var":[2.92385124112e-7,0.000292060925858,0.0000255477989413,0.00000166861616435,0.00000355841621058,0.00000157751469487,0.00000100188196939,0.00000484080464958,0.00000273513387583,0.00000600588055022,0.00000142632325151,0.0000011433085092,0.0000021201187792,0.00000369033523384,0.00000108605468085,0.0000041278876779,9.95408413473e-7,5.78904803206e-7,4.78318099795e-7,4.20087843622e-7,3.10574336027e-7,1.53448183937e-7,8.16998451114e-8,5.4946546868e-8,2.72715254823e-8,7.92426124718e-9,2.93565460829e-9]},"barkbands_crest":{"dmean":3.07547497749,"dmean2":5.04500150681,"dvar":10.2455415726,"dvar2":25.7953357697,"max":25.4790267944,"mean":8.69370365143,"median":7.31276607513,"min":2.14866924286,"var":21.5025310516},"barkbands_flatness_db":{"dmean":0.0222227480263,"dmean2":0.035765722394,"dvar":0.000715962145478,"dvar2":0.00179442216177,"max":0.394652068615,"mean":0.0910086780787,"median":0.0770696923137,"min":0.0132101466879,"var":0.00235892995261},"barkbands_kurtosis":{"dmean":2.45917272568,"dmean2":4.24318885803,"dvar":34.8850860596,"dvar2":94.3566970825,"max":88.153793335,"mean":1.6555763483,"median":-0.375799298286,"min":-1.95471775532,"var":59.8340873718},"barkbands_skewness":{"dmean":0.625504732132,"dmean2":1.00303781033,"dvar":0.651622116566,"dvar2":1.65238618851,"max":8.27340602875,"mean":0.746027171612,"median":0.636959135532,"min":-8.51309967041,"var":1.87427020073},"barkbands_spread":{"dmean":7.89379310608,"dmean2":12.6974582672,"dvar":68.7563247681,"dvar2":170.993148804,"max":137.308670044,"mean":36.1967658997,"median":36.8255615234,"min":1.16307735443,"var":243.647750854},"dissonance":{"dmean":0.00890811905265,"dmean2":0.0152853615582,"dvar":0.000135038295412,"dvar2":0.000379144883482,"max":0.500000119209,"mean":0.486297696829,"median":0.490868389606,"min":0.29253834486,"var":0.000254210055573},"dynamic_complexity":2.85932064056,"erbbands":{"dmean":[0.197656288743,2.0288002491,3.54134678841,2.79345679283,2.24111962318,4.23910617828,4.68099832535,4.62289428711,5.04207706451,8.52937793732,15.4272079468,10.7201986313,13.3095750809,14.9786014557,10.556438446,13.4979467392,14.8622741699,21.1379013062,21.5833244324,20.7377414703,28.7586193085,21.8039417267,19.1190414429,15.6473398209,13.9539079666,12.1453542709,10.0653524399,9.57851028442,5.33091974258,3.63731980324,2.71038746834,1.89667415619,1.19129562378,0.727151095867,0.387928009033,0.145698800683,0.0501633435488,0.0183881539851,0.00348121277057,0.000220960864681],"dmean2":[0.341795355082,3.57183980942,6.32135486603,4.82082462311,3.87055468559,7.33020067215,7.917345047,7.91157960892,8.38808441162,14.0228118896,24.8570461273,16.9921512604,21.459936142,23.9978103638,17.1804542542,22.2411270142,24.6296443939,35.6766471863,35.6600074768,34.1836471558,47.2539558411,34.9523849487,31.0208282471,25.3318004608,22.2811069489,19.7111949921,16.465423584,15.6235752106,8.54316043854,5.73830938339,4.24233341217,2.92672586441,1.83942055702,1.11685848236,0.587369024754,0.216421574354,0.0738076791167,0.0278017632663,0.00528423860669,0.000334026408382],"dvar":[0.178308218718,23.7339191437,64.5931930542,20.9159088135,10.8409910202,85.9987792969,63.2105941772,61.3603210449,110.641937256,351.972839355,2121.12890625,651.268737793,1285.27697754,1978.52270508,374.349212646,1088.91870117,1951.47155762,9239.98828125,2922.32104492,3486.74365234,6129.359375,1603.10620117,800.146789551,487.218109131,485.966064453,344.470245361,203.232467651,188.382247925,94.0175857544,47.6384773254,24.2871055603,13.2365007401,4.63473320007,1.5246424675,0.605112314224,0.114965520799,0.00986755266786,0.00130881532095,0.0000514232742717,2.09398763218e-7],"dvar2":[0.489407032728,65.7544174194,181.822311401,59.3457183838,30.6543579102,232.242599487,174.039871216,164.766815186,283.860809326,877.465515137,5546.96972656,1625.96337891,3218.46337891,4891.85009766,932.995666504,2799.46386719,5078.53222656,26980.8515625,8069.66699219,9150.14550781,17892.4277344,4138.43261719,1924.01879883,1138.42224121,1110.82751465,832.25994873,486.844421387,461.489318848,225.967178345,113.472335815,58.2950019836,31.1106548309,10.5135192871,3.33731532097,1.29374217987,0.223885297775,0.0201908126473,0.00300374324434,0.000115686489153,4.61201665303e-7],"max":[3.88145470619,39.4809684753,95.5256271362,58.3452758789,38.3594703674,180.954360962,97.8231048584,151.629119873,232.093933105,520.568847656,1704.54968262,597.97479248,856.220581055,1206.94506836,475.282043457,954.22076416,1859.77526855,4570.23925781,1869.76318359,1686.56298828,2024.69067383,1156.60437012,529.858825684,556.958190918,413.405609131,306.873168945,206.498077393,230.937484741,166.828063965,102.47832489,77.6544723511,81.3362579346,63.3881187439,28.7290306091,24.2563495636,16.5224723816,4.14750528336,0.642120599747,0.0802044570446,0.0056268828921],"mean":[0.216455042362,2.02720928192,3.75994563103,4.00648403168,3.36871862411,5.4836769104,7.07125425339,7.10515737534,7.67416715622,12.8110971451,23.1106281281,16.0902423859,20.9840507507,25.2882232666,18.4642333984,23.1276302338,24.380147934,34.1905288696,39.6314659119,41.0370521545,57.223815918,48.0654411316,40.1066436768,34.5700340271,34.00548172,29.0766658783,26.4831390381,24.8103179932,11.1911039352,7.27496004105,5.57151699066,4.10860490799,2.74825549126,1.7413289547,0.865683674812,0.295803785324,0.0968532264233,0.0294214542955,0.0049733617343,0.000329002737999],"median":[0.0890422016382,0.79362988472,1.52069807053,2.55793571472,2.30517816544,3.33733081818,3.77098846436,3.78817749023,3.71202421188,5.76447963715,7.20543527603,6.65174865723,6.68790149689,8.91519927979,9.94547653198,9.97243595123,12.0155620575,17.3287849426,20.6126365662,26.2121334076,35.7687988281,33.3552856445,26.73254776,25.0913791656,23.4920692444,20.3831787109,21.1586036682,20.1147193909,6.16496562958,3.20085430145,2.68194031715,2.00907993317,1.74813938141,1.21224665642,0.557772755623,0.162774339318,0.0457328371704,0.00952588580549,0.00111420708708,0.000100957047835],"min":[9.61343007119e-23,1.43418739491e-21,1.6932637555e-20,2.65000653981e-20,4.84737435544e-20,2.92585569984e-19,1.39030811298e-19,3.15348003628e-19,3.97808423972e-19,1.07751338326e-18,2.80029071683e-18,2.49024708643e-18,5.35406196557e-19,1.83807100812e-18,2.35127433287e-18,3.47108890547e-18,3.59816245912e-18,3.103227625e-18,4.69495597489e-18,8.5783054938e-18,9.08903906404e-18,8.76751809584e-18,6.97776725679e-18,1.45638729146e-17,1.26064542197e-17,1.51645764385e-17,1.68904060685e-17,2.03051664558e-17,2.09521904397e-17,1.85504037023e-17,2.40926097594e-17,1.85330709598e-17,1.60579811309e-17,1.46753950591e-17,1.08762818915e-17,6.93785248352e-18,3.1923050508e-18,1.47604372911e-18,2.92842306166e-19,3.57071963078e-20],"var":[0.152443856001,17.479839325,48.6790466309,22.7049465179,13.3630361557,72.687461853,96.4007797241,88.2976303101,162.452835083,596.378723145,2884.7644043,956.29309082,2949.45410156,4349.14013672,798.930297852,1860.75036621,3188.88671875,10568.5537109,4657.60693359,5120.35058594,9733.88769531,3174.48266602,1873.66345215,1195.67956543,1351.75585938,871.77130127,511.864715576,463.948486328,209.211578369,114.96169281,57.989692688,33.3801612854,12.184053421,4.22236156464,1.28727972507,0.221004873514,0.0217639151961,0.00213559134863,0.0000733042834327,2.88772071144e-7]},"erbbands_crest":{"dmean":2.03721022606,"dmean2":3.35931682587,"dvar":4.836602211,"dvar2":12.6885633469,"max":33.8656806946,"mean":7.10983037949,"median":6.11326885223,"min":2.00073337555,"var":14.0225276947},"erbbands_flatness_db":{"dmean":0.0150978919119,"dmean2":0.0229085888714,"dvar":0.000265568611212,"dvar2":0.000584180059377,"max":0.341876506805,"mean":0.136382043362,"median":0.124428026378,"min":0.0180945564061,"var":0.00297142169438},"erbbands_kurtosis":{"dmean":0.9496306777,"dmean2":1.53232371807,"dvar":4.09204959869,"dvar2":10.619843483,"max":91.7994689941,"mean":0.973935604095,"median":0.0972347259521,"min":-1.79409122467,"var":11.5433702469},"erbbands_skewness":{"dmean":0.29763931036,"dmean2":0.464621931314,"dvar":0.0838466286659,"dvar2":0.193528398871,"max":5.22329521179,"mean":-0.447334676981,"median":-0.469967842102,"min":-6.18808937073,"var":0.606831014156},"erbbands_spread":{"dmean":8.121134758,"dmean2":13.1018562317,"dvar":87.4809341431,"dvar2":218.677368164,"max":132.294418335,"mean":37.0414352417,"median":35.6468238831,"min":1.15711247921,"var":295.588775635},"gfcc":{"cov":[[19718.4160156,22.1340656281,123.035224915,929.615234375,-472.188873291,472.712554932,-564.855102539,458.834014893,-275.082824707,382.16784668,-131.480194092,64.8647994995,-83.9905166626],[22.1340656281,1231.8651123,-524.345947266,11.1826686859,71.3521270752,-115.701080322,43.4975318909,-78.3019866943,45.0702209473,-53.6475715637,3.18721246719,-46.0062561035,53.2005958557],[123.035224915,-524.345947266,1121.04260254,115.369720459,99.6974563599,238.293716431,48.1447792053,166.181350708,-0.431350797415,104.954078674,32.8282394409,37.3523483276,-18.292678833],[929.615234375,11.1826686859,115.369720459,704.239379883,139.204589844,59.2653541565,-29.2018184662,61.9363594055,1.90135443211,88.70677948,-44.136756897,-18.1422901154,47.5250854492],[-472.188873291,71.3521270752,99.6974563599,139.204589844,281.072143555,29.055109024,29.169834137,-12.2659902573,31.8785610199,18.9250850677,-8.48929977417,-12.7782030106,29.1462039948],[472.712554932,-115.701080322,238.293716431,59.2653541565,29.055109024,218.669494629,44.2327613831,56.3968048096,-11.2466926575,24.0815105438,27.3911952972,17.4874382019,-9.54287242889],[-564.855102539,43.4975318909,48.1447792053,-29.2018184662,29.169834137,44.2327613831,157.659454346,11.5620365143,21.7575435638,-26.4505977631,16.3345851898,9.25025844574,-4.35354375839],[458.834014893,-78.3019866943,166.181350708,61.9363594055,-12.2659902573,56.3968048096,11.5620365143,175.819702148,11.2495851517,47.8924293518,-18.8224716187,-2.96879506111,29.6250095367],[-275.082824707,45.0702209473,-0.431350797415,1.90135443211,31.8785610199,-11.2466926575,21.7575435638,11.2495851517,90.8934936523,8.26146411896,15.4131250381,-1.24177932739,-4.36889410019],[382.16784668,-53.6475715637,104.954078674,88.70677948,18.9250850677,24.0815105438,-26.4505977631,47.8924293518,8.26146411896,111.08543396,9.49086475372,-5.46186971664,14.4822015762],[-131.480194092,3.18721246719,32.8282394409,-44.136756897,-8.48929977417,27.3911952972,16.3345851898,-18.8224716187,15.4131250381,9.49086475372,87.0234680176,38.8738937378,-18.1989097595],[64.8647994995,-46.0062561035,37.3523483276,-18.1422901154,-12.7782030106,17.4874382019,9.25025844574,-2.96879506111,-1.24177932739,-5.46186971664,38.8738937378,61.397983551,6.28466939926],[-83.9905166626,53.2005958557,-18.292678833,47.5250854492,29.1462039948,-9.54287242889,-4.35354375839,29.6250095367,-4.36889410019,14.4822015762,-18.1989097595,6.28466939926,73.0377655029]],"icov":[[0.0000916725402931,-0.0000907378416741,0.0000573349934712,-0.0000858515268192,0.000122320343507,-0.000259076972725,0.000318786274875,-0.000216824366362,0.000176005356479,-0.000270819058642,0.000379804230761,-0.000493191415444,0.00046732230112],[-0.0000907378416741,0.00129229470622,0.000450322433608,-0.00000604672413829,-0.000383615028113,0.000384886428947,-0.000700701551978,0.000267918803729,-0.000456346810097,0.000671291316394,-0.00147924572229,0.00186481175479,-0.001565445913],[0.0000573349934712,0.000450322433608,0.00170603208244,-6.10034305737e-7,-0.000677509699017,-0.00111211638432,-0.0000511835532961,-0.00119236542378,0.000319745275192,-0.000957852986176,0.000151161002577,-0.000922172854189,0.00109731440898],[-0.0000858515268192,-0.00000604672413829,-6.10034305737e-7,0.00196569552645,-0.000914535834454,-0.000270771677606,0.0000292734475806,0.0000485935051984,-0.000109263753984,-0.0010641956469,0.000892296782695,-0.0000451173837064,-0.00063123437576],[0.000122320343507,-0.000383615028113,-0.000677509699017,-0.000914535834454,0.00524428160861,-0.000874293968081,-0.00029613240622,0.00179688376375,-0.00170047010761,-0.000421619130066,0.000773797510192,0.000840699707624,-0.00200565182604],[-0.000259076972725,0.000384886428947,-0.00111211638432,-0.000270771677606,-0.000874293968081,0.00781635008752,-0.00247611734085,-0.00109831267036,0.00154235318769,0.000941790931392,-0.00345177622512,0.00137963634916,-0.0000858579296619],[0.000318786274875,-0.000700701551978,-0.0000511835532961,0.0000292734475806,-0.00029613240622,-0.00247611734085,0.00912499893457,-0.00161852582823,-0.00105781469028,0.00176829227712,0.000456048059277,-0.00195917743258,0.0017084882129],[-0.000216824366362,0.000267918803729,-0.00119236542378,0.0000485935051984,0.00179688376375,-0.00109831267036,-0.00161852582823,0.00989368092269,-0.00278825382702,-0.0019704811275,0.00201956834644,0.00159589841496,-0.00515495147556],[0.000176005356479,-0.000456346810097,0.000319745275192,-0.000109263753984,-0.00170047010761,0.00154235318769,-0.00105781469028,-0.00278825382702,0.0138608170673,-0.00134836882353,-0.00259588262998,-0.0000353355317202,0.0030866721645],[-0.000270819058642,0.000671291316394,-0.000957852986176,-0.0010641956469,-0.000421619130066,0.000941790931392,0.00176829227712,-0.0019704811275,-0.00134836882353,0.0147299356759,-0.00686895987019,0.00642402004451,-0.00441755587235],[0.000379804230761,-0.00147924572229,0.000151161002577,0.000892296782695,0.000773797510192,-0.00345177622512,0.000456048059277,0.00201956834644,-0.00259588262998,-0.00686895987019,0.0247008334845,-0.017314247787,0.00827102269977],[-0.000493191415444,0.00186481175479,-0.000922172854189,-0.0000451173837064,0.000840699707624,0.00137963634916,-0.00195917743258,0.00159589841496,-0.0000353355317202,0.00642402004451,-0.017314247787,0.0316031724215,-0.0113558638841],[0.00046732230112,-0.001565445913,0.00109731440898,-0.00063123437576,-0.00200565182604,-0.0000858579296619,0.0017084882129,-0.00515495147556,0.0030866721645,-0.00441755587235,0.00827102269977,-0.0113558638841,0.0231352858245]],"mean":[17.2497406006,57.8835334778,-121.597946167,42.1527137756,-41.6097259521,8.52987098694,-28.9047546387,9.0063085556,-20.3602218628,5.06097459793,-17.359872818,-2.1047372818,-7.16580629349]},"hfc":{"dmean":7.72975111008,"dmean2":11.5821504593,"dvar":107.659591675,"dvar2":246.082702637,"max":139.030166626,"mean":29.8106899261,"median":26.0739974976,"min":1.20414071433e-16,"var":436.414245605},"melbands":{"dmean":[0.00207835086621,0.00216140947305,0.000439695169916,0.00022809447546,0.000164753524587,0.000104596729216,0.000076966593042,0.00010649554315,0.000129076288431,0.0000653614479234,0.0000704748599674,0.000065347427153,0.0000398483789468,0.0000382906837331,0.0000344651525666,0.0000376785901608,0.0000417835617554,0.0000394667840737,0.0000273575260508,0.0000371458518202,0.0000347631721525,0.0000244734728767,0.0000226261709031,0.0000158729289979,0.0000138200603033,0.0000114540298455,0.0000109242510007,0.00000813397400634,0.00000655855956211,0.00000741769326851,0.00000540208156963,0.00000335637241733,0.00000268655571745,0.00000197723807105,0.00000173451473984,0.00000144501780142,0.0000011810993783,9.15574673854e-7,7.43305463402e-7,6.32213016161e-7],"dmean2":[0.00361426803283,0.00382767803967,0.000762296433095,0.000393971742596,0.000279699568637,0.000177865804289,0.00012738085934,0.000174898057594,0.000207145931199,0.000104234262835,0.000113749687443,0.0001047058322,0.0000650903821224,0.000062773207901,0.0000567362039874,0.0000645307736704,0.0000704384365235,0.0000655348121654,0.0000447533893748,0.0000620473801973,0.0000569212170376,0.0000396532050218,0.0000368813198293,0.0000260960732703,0.0000224796422117,0.0000185126664292,0.0000177599849849,0.0000133398989419,0.0000107665664473,0.0000123135705508,0.00000886606721906,0.00000546732462681,0.00000435821266365,0.00000314226281262,0.00000275506431535,0.00000226798852054,0.00000184258078662,0.00000144367027133,0.00000116400497063,9.84600774245e-7],"dvar":[0.0000224253890337,0.0000255785453191,5.16249087923e-7,2.00360744884e-7,8.33590831917e-8,3.09850918256e-8,2.42724524924e-8,6.12096187069e-8,1.32829086397e-7,2.38816557641e-8,3.81654139403e-8,3.67629979792e-8,7.10226943923e-9,8.40292635473e-9,1.32088917582e-8,1.9768922499e-8,3.56178020411e-8,1.06956115076e-8,3.35422467579e-9,1.99378824561e-8,9.65975033296e-9,2.47531772857e-9,1.29629185164e-9,5.84843118379e-10,3.96642774181e-10,3.015535599e-10,3.33504696082e-10,1.45857645406e-10,9.17847117754e-11,1.04499152387e-10,6.10968498016e-11,3.62039634383e-11,2.82305689242e-11,1.47936142503e-11,9.46890309217e-12,8.24546420725e-12,5.16678410126e-12,2.96020326307e-12,1.55603774223e-12,1.18276666673e-12],"dvar2":[0.0000618021076662,0.0000712840919732,0.00000147840000864,5.47035313048e-7,2.2829904367e-7,8.29051245432e-8,6.23028313385e-8,1.56448450639e-7,3.41393445069e-7,5.87744608538e-8,9.50894971652e-8,9.02019792193e-8,1.75447762985e-8,2.23262688337e-8,3.34262537649e-8,5.93126792126e-8,1.02736635199e-7,3.01334139863e-8,8.55362625174e-9,5.42736664499e-8,2.84430168307e-8,6.4786034315e-9,3.17206394485e-9,1.48955725532e-9,9.50047041037e-10,7.11530834252e-10,8.1253348494e-10,3.61248780889e-10,2.2538894362e-10,2.67645183794e-10,1.50612744498e-10,8.86554926693e-11,7.11379843921e-11,3.58185911487e-11,2.32628135505e-11,1.9863919537e-11,1.24771182969e-11,6.84086684868e-12,3.58627103708e-12,2.67777878864e-12],"max":[0.0405567139387,0.0470775514841,0.00923928432167,0.0078335031867,0.00368431815878,0.00330289872363,0.00336958817206,0.00551740219817,0.0120763741434,0.00340022565797,0.00480377394706,0.00517972977832,0.00241254479624,0.00294453673996,0.00460843881592,0.00596368126571,0.00907673500478,0.00366242812015,0.0015483261086,0.00447789859027,0.00291849020869,0.00168354064226,0.000704849837348,0.000395800918341,0.000493638101034,0.000345150911016,0.000398660544306,0.000220424175495,0.000154884866788,0.000152577486006,0.000132862187456,0.0000837570478325,0.0000920101228985,0.0000749927130528,0.000040467682993,0.000068624089181,0.0000432296474173,0.000051556588005,0.000032725816709,0.000023575985324],"mean":[0.00223865523003,0.00231056986377,0.000661657250021,0.000314583041472,0.000249437085586,0.000165740319062,0.000118277515867,0.000156785637955,0.000193242027308,0.0000955523355515,0.000108447602543,0.000108211432234,0.000062351609813,0.0000634051248198,0.0000549793367099,0.0000559790241823,0.0000632837109151,0.0000664903855068,0.0000499215129821,0.0000648233253742,0.0000650909205433,0.0000487364450237,0.0000437268172391,0.0000306072652165,0.000027596946893,0.0000252328081842,0.0000240681056312,0.0000176146713784,0.0000150132664203,0.0000184384934983,0.000012569818864,0.00000636007598587,0.00000480772769151,0.00000374714636564,0.00000330238981405,0.00000280752169601,0.00000239939959101,0.00000195961592908,0.00000165952735642,0.00000140990482578],"median":[0.000945846433751,0.0010378586594,0.000463305506855,0.000205807256862,0.000147176557221,0.0000879167491803,0.0000578658655286,0.0000640521029709,0.0000553936843062,0.0000381937461498,0.0000312007468892,0.0000345617954736,0.0000304474269797,0.0000263180027105,0.0000232280981436,0.0000262633730017,0.0000309187125822,0.0000312591655529,0.0000296619564324,0.0000389398483094,0.0000394065464207,0.0000323173298966,0.0000292541481031,0.000019375631382,0.0000192537845578,0.0000173899388756,0.0000156145979417,0.0000122929704958,0.0000114870672405,0.0000153612763825,0.0000096773947007,0.00000349395168087,0.00000202021601581,0.00000159478895512,0.00000153867040353,0.00000132537252284,0.00000116794899441,0.00000116417140816,0.0000011218075997,9.3424523584e-7],"min":[1.93807998005e-24,6.15582085363e-24,4.76866496092e-24,1.15380050286e-23,7.23581955339e-24,6.58531144031e-24,5.93514766502e-24,1.32552297904e-23,2.68554600091e-23,1.3350789245e-23,2.09056955404e-24,7.00736937954e-24,8.60306223027e-24,9.44009098236e-24,7.35156753629e-24,7.0076123487e-24,5.5462581714e-24,7.91389914397e-24,7.71134096275e-24,1.37372174926e-23,9.01254651553e-24,7.87250682341e-24,8.46766451108e-24,5.65116207787e-24,1.3024049369e-23,9.29406651792e-24,1.01114684107e-23,9.39741518511e-24,9.11866960653e-24,1.41800666499e-23,1.10894602957e-23,1.25726757808e-23,1.11891683698e-23,9.19789490724e-24,1.44117345874e-23,1.24706468779e-23,1.15392632618e-23,1.06998797599e-23,1.19949716407e-23,1.18903473854e-23],"var":[0.0000179049184226,0.0000190058417502,5.49549554307e-7,1.80931905902e-7,1.06275969358e-7,4.74098911241e-8,3.6027408612e-8,9.87953328035e-8,1.99678865442e-7,3.5108424612e-8,9.07675286044e-8,8.62141504854e-8,1.30564492551e-8,1.41823477406e-8,2.21036700054e-8,2.46307561014e-8,3.93818666566e-8,1.66628595366e-8,6.44999742505e-9,2.32085337615e-8,1.448853304e-8,4.03497768531e-9,2.57555221594e-9,1.19286847067e-9,8.56199444677e-10,7.53647255713e-10,7.82664877352e-10,3.26300819697e-10,1.94833024714e-10,2.36392738717e-10,1.39199124449e-10,7.19791101722e-11,5.60202058353e-11,3.31817906485e-11,2.12529854826e-11,1.8211834818e-11,1.2040955906e-11,6.98135689883e-12,4.07594097362e-12,2.99776241157e-12]},"melbands_crest":{"dmean":3.50813436508,"dmean2":5.74927091599,"dvar":9.68782901764,"dvar2":24.4922828674,"max":30.0020256042,"mean":12.6846284866,"median":11.9760408401,"min":1.70441877842,"var":28.3623085022},"melbands_flatness_db":{"dmean":0.0306867193431,"dmean2":0.0484516061842,"dvar":0.00124645826872,"dvar2":0.00301633309573,"max":0.545528352261,"mean":0.144984811544,"median":0.135371565819,"min":0.0035143783316,"var":0.00377458706498},"melbands_kurtosis":{"dmean":8.58982086182,"dmean2":14.8661746979,"dvar":450.431060791,"dvar2":1249.45874023,"max":293.793243408,"mean":9.4662065506,"median":3.23072433472,"min":-1.89423024654,"var":403.768463135},"melbands_skewness":{"dmean":0.941744625568,"dmean2":1.53041756153,"dvar":1.76753461361,"dvar2":4.54265880585,"max":14.5035409927,"mean":2.22009515762,"median":1.83388543129,"min":-1.78358244896,"var":3.61709594727},"melbands_spread":{"dmean":12.2711658478,"dmean2":19.2790431976,"dvar":166.982116699,"dvar2":393.932342529,"max":174.11164856,"mean":43.4063644409,"median":39.2507247925,"min":1.36613070965,"var":655.543640137},"mfcc":{"cov":[[9696.52832031,-77.7807540894,659.273132324,421.283203125,326.781707764,163.249343872,108.753295898,89.216178894,92.8484954834,159.986022949,116.850822449,136.583709717,49.655330658],[-77.7807540894,1040.95141602,-298.9559021,-59.4862823486,-18.7221069336,-40.9415283203,4.63216114044,-39.9561080933,25.7383728027,-6.21927070618,-17.3233718872,-7.64097356796,-32.3220787048],[659.273132324,-298.9559021,765.967529297,27.4763965607,92.685798645,75.7287368774,102.912841797,103.610977173,4.72150754929,79.2887649536,59.2240486145,49.9807815552,49.8553314209],[421.283203125,-59.4862823486,27.4763965607,556.300170898,168.047012329,103.132720947,28.3495693207,-34.5573234558,123.183105469,2.85287570953,29.9875526428,12.2518920898,2.53823161125],[326.781707764,-18.7221069336,92.685798645,168.047012329,257.760772705,73.9359664917,34.098449707,-12.0026674271,57.7919921875,29.2729816437,15.2189216614,13.2823791504,5.85027837753],[163.249343872,-40.9415283203,75.7287368774,103.132720947,73.9359664917,191.514648438,56.8886375427,34.941204071,-11.3939657211,23.1862754822,4.54110956192,12.9131135941,21.3620071411],[108.753295898,4.63216114044,102.912841797,28.3495693207,34.098449707,56.8886375427,123.565513611,46.8284759521,27.8307571411,16.1253929138,11.825920105,6.93638515472,2.62978577614],[89.216178894,-39.9561080933,103.610977173,-34.5573234558,-12.0026674271,34.941204071,46.8284759521,133.907455444,0.208161443472,19.8462409973,-3.33387684822,13.7413053513,22.7697544098],[92.8484954834,25.7383728027,4.72150754929,123.183105469,57.7919921875,-11.3939657211,27.8307571411,0.208161443472,145.059448242,31.8483486176,9.72277545929,-9.04377841949,-18.6378574371],[159.986022949,-6.21927070618,79.2887649536,2.85287570953,29.2729816437,23.1862754822,16.1253929138,19.8462409973,31.8483486176,78.2974014282,32.2105903625,4.30810832977,3.02637839317],[116.850822449,-17.3233718872,59.2240486145,29.9875526428,15.2189216614,4.54110956192,11.825920105,-3.33387684822,9.72277545929,32.2105903625,69.0330200195,28.0667591095,2.57892179489],[136.583709717,-7.64097356796,49.9807815552,12.2518920898,13.2823791504,12.9131135941,6.93638515472,13.7413053513,-9.04377841949,4.30810832977,28.0667591095,62.7693634033,27.9566631317],[49.655330658,-32.3220787048,49.8553314209,2.53823161125,5.85027837753,21.3620071411,2.62978577614,22.7697544098,-18.6378574371,3.02637839317,2.57892179489,27.9566631317,62.7984313965]],"icov":[[0.00011815479229,-0.0000197672907234,-0.0000766028679209,-0.0000901505482034,-0.0000653931347188,0.0000322869382217,0.00000780557184044,-0.0000282340297417,0.0000691324967192,-0.00019214124768,0.0000750700783101,-0.000218917615712,0.0000900299273781],[-0.0000197672907234,0.00115006440319,0.000538339605555,0.000168452330399,-0.0000762040508562,0.000162402066053,-0.000570343690924,0.000215803578612,-0.000121615208627,-0.000446938793175,0.000337832258083,-0.000544869399164,0.000284998619463],[-0.0000766028679209,0.000538339605555,0.00214264309034,0.0000467630343337,-0.00053121696692,0.000364287523553,-0.00133780820761,-0.000766672194004,0.000567971728742,-0.0013630471658,-0.000562654517125,-0.00040545934462,-0.000667830987368],[-0.0000901505482034,0.000168452330399,0.0000467630343337,0.0034603967797,-0.00104563904461,-0.0022138748318,0.000839695043396,0.000739308423363,-0.00340952817351,0.00300211762078,-0.00220099044964,0.000564438814763,-0.000789207231719],[-0.0000653931347188,-0.0000762040508562,-0.00053121696692,-0.00104563904461,0.0057781576179,-0.00147292460315,-0.000348849018337,0.00150458200369,-0.00126313650981,-0.00122769887093,0.00114105467219,-0.00106772570871,0.0000210519465327],[0.0000322869382217,0.000162402066053,0.000364287523553,-0.0022138748318,-0.00147292460315,0.00902602542192,-0.003813178977,-0.00109105603769,0.00445402460173,-0.00421983795241,0.00261188112199,-0.000672676018439,-0.000802061811555],[0.00000780557184044,-0.000570343690924,-0.00133780820761,0.000839695043396,-0.000348849018337,-0.003813178977,0.0126543166116,-0.00322978571057,-0.00345544773154,0.00320274592377,-0.00282733375207,0.000997901544906,0.00119116308633],[-0.0000282340297417,0.000215803578612,-0.000766672194004,0.000739308423363,0.00150458200369,-0.00109105603769,-0.00322978571057,0.0109140891582,-0.00082447938621,-0.00238289451227,0.00340632675216,-0.00205609668046,-0.00223329220898],[0.0000691324967192,-0.000121615208627,0.000567971728742,-0.00340952817351,-0.00126313650981,0.00445402460173,-0.00345544773154,-0.00082447938621,0.0129712112248,-0.00706233456731,0.00282233860344,-0.000181016148417,0.00277057988569],[-0.00019214124768,-0.000446938793175,-0.0013630471658,0.00300211762078,-0.00122769887093,-0.00421983795241,0.00320274592377,-0.00238289451227,-0.00706233456731,0.0238565206528,-0.0125935627148,0.00616380386055,-0.00231017405167],[0.0000750700783101,0.000337832258083,-0.000562654517125,-0.00220099044964,0.00114105467219,0.00261188112199,-0.00282733375207,0.00340632675216,0.00282233860344,-0.0125935627148,0.0268233995885,-0.0133231012151,0.00481289997697],[-0.000218917615712,-0.000544869399164,-0.00040545934462,0.000564438814763,-0.00106772570871,-0.000672676018439,0.000997901544906,-0.00205609668046,-0.000181016148417,0.00616380386055,-0.0133231012151,0.0276079289615,-0.0108704082668],[0.0000900299273781,0.000284998619463,-0.000667830987368,-0.000789207231719,0.0000210519465327,-0.000802061811555,0.00119116308633,-0.00223329220898,0.00277057988569,-0.00231017405167,0.00481289997697,-0.0108704082668,0.0231675580144]],"mean":[-617.378295898,89.6826477051,-15.4561414719,34.5388832092,7.75213670731,7.27819871902,4.68321657181,0.371064782143,8.23668003082,1.7831454277,-1.10385322571,3.48094201088,-2.59424948692]},"pitch_salience":{"dmean":0.0861814469099,"dmean2":0.141012579203,"dvar":0.00752220116556,"dvar2":0.0192659981549,"max":0.869594931602,"mean":0.599790036678,"median":0.621814489365,"min":0.0799431651831,"var":0.017034444958},"silence_rate_20dB":{"dmean":0,"dmean2":0,"dvar":0,"dvar2":0,"max":1,"mean":1,"median":1,"min":1,"var":0},"silence_rate_30dB":{"dmean":0.00484123593196,"dmean2":0.00968385115266,"dvar":0.00481747696176,"dvar2":0.0135769890621,"max":1,"mean":0.997152626514,"median":1,"min":0,"var":0.00283945142291},"silence_rate_60dB":{"dmean":0.0136693716049,"dmean2":0.0273426380008,"dvar":0.013480191119,"dvar2":0.0342851653695,"max":1,"mean":0.0644931644201,"median":0,"min":0,"var":0.0603307709098},"spectral_centroid":{"dmean":261.724395752,"dmean2":411.533966064,"dvar":78623.8125,"dvar2":175604.75,"max":11152.3564453,"mean":2239.93774414,"median":2251.58837891,"min":188.882369995,"var":372800.3125},"spectral_complexity":{"dmean":4.66524267197,"dmean2":7.12475061417,"dvar":19.443862915,"dvar2":38.5179252625,"max":65,"mean":32.1581726074,"median":34,"min":0,"var":186.522567749},"spectral_contrast_coeffs":{"dmean":[0.0520212650299,0.0459610968828,0.0363086201251,0.0297847855836,0.0201248843223,0.0195128284395],"dmean2":[0.0870678946376,0.0764903873205,0.0606173872948,0.0497560203075,0.0332609564066,0.03123251535],"dvar":[0.00178089307155,0.00139219500124,0.000904085231014,0.000605067180004,0.000282761146082,0.000358904857421],"dvar2":[0.00491891149431,0.00386643200181,0.0024853409268,0.00162517977878,0.000739110691939,0.000818762171548],"max":[-0.34432092309,-0.510046064854,-0.555349946022,-0.532751739025,-0.64083480835,-0.564596176147],"mean":[-0.689766764641,-0.773992240429,-0.805529773235,-0.793736457825,-0.801422476768,-0.723426282406],"median":[-0.69305062294,-0.780910849571,-0.815138399601,-0.798282802105,-0.801693618298,-0.726726651192],"min":[-0.960137367249,-0.959770202637,-0.984886825085,-0.959589779377,-0.959664106369,-0.959467530251],"var":[0.00459122098982,0.0045330110006,0.00329688680358,0.00233826739714,0.00110362737905,0.00275727268308]},"spectral_contrast_valleys":{"dmean":[0.404907047749,0.371029406786,0.316583573818,0.272438973188,0.21964764595,0.254797518253],"dmean2":[0.671388983727,0.596851050854,0.513717412949,0.429990470409,0.33680716157,0.361673057079],"dvar":[0.136271521449,0.114837422967,0.0899133533239,0.0849413648248,0.0813903138041,0.117857165635],"dvar2":[0.320521116257,0.258941590786,0.187341853976,0.167542517185,0.150026291609,0.217056497931],"max":[-5.07639312744,-4.7748799324,-4.99376010895,-5.70023488998,-5.34517765045,-7.79947280884],"mean":[-7.27968883514,-6.87461519241,-7.23470258713,-7.20229816437,-6.82679128647,-9.79002475739],"median":[-6.77721881866,-6.61255884171,-6.97777509689,-6.94838809967,-6.53384113312,-9.29092788696],"min":[-27.3595409393,-27.1927223206,-27.0636425018,-27.1719741821,-27.2926425934,-27.3108081818],"var":[2.6894659996,1.94517016411,1.78417813778,1.80966126919,1.89835727215,2.37641501427]},"spectral_decrease":{"dmean":3.16861004102e-9,"dmean2":5.49407230821e-9,"dvar":3.83023699624e-17,"dvar2":1.05418100873e-16,"max":1.04183834902e-16,"mean":-6.42696607045e-9,"median":-5.41527311881e-9,"min":-5.31221182598e-8,"var":3.63135564546e-17},"spectral_energy":{"dmean":0.0123747587204,"dmean2":0.0213783960789,"dvar":0.000555408012588,"dvar2":0.00152995425742,"max":0.203531265259,"mean":0.0269608162344,"median":0.023356212303,"min":1.0908647892e-20,"var":0.000551632372662},"spectral_energyband_high":{"dmean":0.000593684671912,"dmean2":0.000894361466635,"dvar":8.6771046881e-7,"dvar2":0.00000187603779978,"max":0.0134416110814,"mean":0.00184587796684,"median":0.00137835461646,"min":8.24457540439e-21,"var":0.00000281183542938},"spectral_energyband_low":{"dmean":0.0104379113764,"dmean2":0.0182715859264,"dvar":0.000561804044992,"dvar2":0.00154951272998,"max":0.195727646351,"mean":0.0126614943147,"median":0.00701523665339,"min":3.22820751969e-23,"var":0.000451140425866},"spectral_energyband_middle_high":{"dmean":0.0022431621328,"dmean2":0.00353452423587,"dvar":0.0000133520879899,"dvar2":0.0000347611712641,"max":0.0815197005868,"mean":0.00734776630998,"median":0.00540529424325,"min":1.33642266386e-21,"var":0.0000452180174761},"spectral_energyband_middle_low":{"dmean":0.00259666494094,"dmean2":0.00430267956108,"dvar":0.0000149969455379,"dvar2":0.0000395493443648,"max":0.0750410854816,"mean":0.00594011275098,"median":0.00479434337467,"min":3.36920069239e-22,"var":0.0000272742963716},"spectral_entropy":{"dmean":0.0956530570984,"dmean2":0.147831365466,"dvar":0.0162669103593,"dvar2":0.0375356785953,"max":9.79399013519,"mean":7.96367549896,"median":8.0104637146,"min":5.66693735123,"var":0.0827633142471},"spectral_flux":{"dmean":0.0280450712889,"dmean2":0.044923003763,"dvar":0.00171095866244,"dvar2":0.00347871193662,"max":0.370507866144,"mean":0.0947473719716,"median":0.0857232511044,"min":1.04444473903e-10,"var":0.00305161438882},"spectral_kurtosis":{"dmean":1.22116088867,"dmean2":2.11601567268,"dvar":5.91762113571,"dvar2":17.7100772858,"max":61.7677459717,"mean":4.03419113159,"median":3.50217747688,"min":-1.22438287735,"var":8.49046134949},"spectral_rms":{"dmean":0.000961081066635,"dmean2":0.00159642251674,"dvar":0.00000207469975066,"dvar2":0.00000552333403903,"max":0.0140913836658,"mean":0.00471476046368,"median":0.00477352552116,"min":3.26229733331e-12,"var":0.00000407426296078},"spectral_rolloff":{"dmean":740.859313965,"dmean2":1199.44543457,"dvar":1093122.5,"dvar2":2691846,"max":21705.46875,"mean":2732.75390625,"median":2540.91796875,"min":21.533203125,"var":5205931.5},"spectral_skewness":{"dmean":0.171789065003,"dmean2":0.284764319658,"dvar":0.0500038824975,"dvar2":0.138118475676,"max":6.23244285583,"mean":1.26244282722,"median":1.27315306664,"min":-0.0368972010911,"var":0.157062500715},"spectral_spread":{"dmean":429816.84375,"dmean2":645814.8125,"dvar":443351433216,"dvar2":857619890176,"max":41546224,"mean":4508035,"median":4406177,"min":1226416.625,"var":2847709331460},"spectral_strongpeak":{"dmean":0.539417207241,"dmean2":0.926131308079,"dvar":1.01359534264,"dvar2":2.58457040787,"max":17.6872367859,"mean":0.765098810196,"median":0.28517511487,"min":0,"var":1.47483420372},"zerocrossingrate":{"dmean":0.0131020396948,"dmean2":0.0156587939709,"dvar":0.00021035267855,"dvar2":0.000269028707407,"max":0.81201171875,"mean":0.0967519879341,"median":0.089599609375,"min":0.0048828125,"var":0.0047851940617}},"metadata":{"audio_properties":{"analysis_sample_rate":44100,"bit_rate":0,"codec":"flac","downmix":"mix","equal_loudness":0,"length":163.066665649,"lossless":true,"md5_encoded":"ccb97070123a356157562be2ccf3ebcc","replay_gain":-12.3555984497,"sample_rate":44100},"tags":{"album":["Don't Give Me Names"],"albumartist":["Guano Apes"],"albumartistsort":["Guano Apes"],"artist":["Guano Apes"],"artistsort":["Guano Apes"],"asin":["B00004STZ7"],"barcode":["743217522421"],"catalognumber":["SUPERSONIC 051"],"date":["2000-05-02"],"file_name":"13 - Guano Apes - Ain't Got Time.flac","format":["CD"],"genre":["Rock","Songs That Totaly Rule","Female Voice","Balck Metal","Guano Apes","Heavy Metal","Grunge","Power","Alternative Metal","Death Metal","Jmw","Garten Metal","Psychoalgie","Germania","Femmina","Femmine","Goa","Female Vocalist","Metal","Voci Femminili","Donna","Voce Femminile","Alternative Pop And Rock","Hard Rock","Alternative","Alternative Rock","Mimmofigliodellaportinaia","German","Xynod","Female Vocalists","Crossover","Female","Rock Tedesco","Nu Metal"],"label":["Supersonic Records"],"language":["eng"],"musicbrainz_albumartistid":["66da25f9-1534-4dd1-b88c-718bc24e1ccd"],"musicbrainz_albumid":["07090529-0fbf-4bd3-adc4-fe627343976d"],"musicbrainz_artistid":["66da25f9-1534-4dd1-b88c-718bc24e1ccd"],"musicbrainz_recordingid":["8bcda8b6-9724-4d90-abbf-c4103d1f3b85"],"musicip_puid":["0277d8c9-ad72-90b6-23e8-dccdb913e908"],"releasecountry":["DE"],"releasestatus":["official"],"releasetype":["album"],"script":["Latn"],"title":["Ain't Got Time"],"totaltracks":["15"],"tracknumber":["13"]},"version":{"essentia":"2.1-beta1","essentia_build_sha":"81dca3489dfd3c4275b86ac4d56d870715677d3f","essentia_git_sha":"v2.1_beta1-28-g21ef5f4","extractor":"music 1.0"}},"rhythm":{"beats_count":312,"beats_loudness":{"dmean":0.0138394748792,"dmean2":0.0226577240974,"dvar":0.000176204644958,"dv