{"lowlevel":{"average_loudness":0.80171084404,"barkbands":{"dmean":[0.0000385554703826,0.00306127895601,0.00195653783157,0.0011754973093,0.000963812228292,0.000237446409301,0.000267335417448,0.000243276488618,0.000209795471164,0.000112914131023,0.000251729768934,0.000307449547108,0.000372997601517,0.000467137084343,0.000448840495665,0.00030788735603,0.000379202712793,0.000183968310012,0.000208991434192,0.000194959793589,0.0000985972510534,0.000104332335468,0.00010420383478,0.0000654053510516,0.0000288759401883,0.00000522697928318,2.60405840891e-7],"dmean2":[0.0000540345536137,0.00528365466744,0.0035244373139,0.00207228912041,0.00163443491329,0.000389595457818,0.000431342137745,0.000358448596671,0.00031092975405,0.00017731502885,0.000376828334993,0.000487885234179,0.000597823760472,0.000765202741604,0.000716227397788,0.000491739308927,0.000611390103586,0.000299913343042,0.000333373522153,0.000317430094583,0.000157611939358,0.000159762465046,0.000156465175678,0.0000973230271484,0.0000386004903703,0.00000715550368113,4.00555023816e-7],"dvar":[7.52682804972e-9,0.0000654777468299,0.0000347306886397,0.00000806418574939,0.0000061065875343,2.41514015897e-7,5.73442150653e-7,6.3678510287e-7,3.74272303816e-7,6.36080343952e-8,3.14923795486e-7,3.76942466573e-7,6.73037561683e-7,7.89474768226e-7,0.00000102093360965,4.83245571559e-7,6.40132554963e-7,1.41577515933e-7,2.15391409597e-7,2.6520754659e-7,5.49025145347e-8,2.13942030314e-7,1.27029693431e-7,5.71460603283e-8,5.18817788731e-9,9.91646764703e-11,3.60091839159e-13],"dvar2":[1.31535173864e-8,0.000175387627678,0.0000982740530162,0.0000223402821575,0.0000166380923474,6.13425697793e-7,0.00000145988747136,0.00000130290675315,7.47495164433e-7,1.41552419564e-7,6.93640970439e-7,8.87502835667e-7,0.00000163222182437,0.00000199195869754,0.00000225838903134,0.00000111016345272,0.00000154076997205,3.64367252814e-7,5.25704422216e-7,7.16362023923e-7,1.40697835604e-7,4.52236122328e-7,2.27497125138e-7,1.18065933918e-7,7.21598025777e-9,1.95445631901e-10,8.03406766028e-13],"max":[0.0014263932826,0.0688713416457,0.0561926588416,0.0273451954126,0.0341241396964,0.0119935488328,0.017180390656,0.0206542070955,0.0179534554482,0.00950760766864,0.0130690447986,0.0262643061578,0.0278694126755,0.02290132083,0.0351360812783,0.0337703041732,0.0179522261024,0.00751116173342,0.0132812699303,0.0111292796209,0.00606341660023,0.0271147042513,0.0179168283939,0.0195203889161,0.00603801803663,0.000449499901151,0.0000190579121409],"mean":[0.00006210632273,0.00341842789203,0.00182738201693,0.00124602252617,0.00142231944483,0.000459996488644,0.000394144561142,0.000445141631644,0.000416494032834,0.000202088092919,0.000538322783541,0.000659369979985,0.000701493176166,0.000867041992024,0.000825950002763,0.000581416767091,0.000691336754244,0.000338406505762,0.000412151042838,0.00034367054468,0.000201892558835,0.000211947932257,0.000236225649132,0.000152769163833,0.0000700205710018,0.0000112558082037,3.63555216154e-7],"median":[0.0000245272385655,0.00123778486159,0.00047373585403,0.000398761883844,0.000639943697024,0.000231844460359,0.00011583828018,0.0000732599510229,0.000116177841846,0.0000618749472778,0.000121824152302,0.000273633981124,0.000342109298799,0.000455163739389,0.000309157883748,0.000194558451767,0.000204597876291,0.000100000361272,0.0000673976755934,0.0000587561735301,0.0000512196129421,0.0000488669029437,0.000052907049394,0.0000354707008228,0.0000152355878527,0.00000280592280433,5.21359062589e-8],"min":[1.63711735681e-23,8.24586601238e-24,3.80731764662e-24,4.03586563922e-24,5.72653000653e-23,1.49877655535e-23,3.70838936151e-23,3.91687425471e-23,9.11723277528e-23,7.72137558901e-23,4.62090168927e-23,5.56094684034e-23,5.00845011934e-23,4.35227972046e-23,1.32698003669e-22,1.99227982817e-22,2.52760651825e-22,2.7687195189e-22,3.82709923312e-22,2.03504265255e-22,3.87118885844e-22,4.48429887461e-22,5.85699459982e-22,1.05033085912e-21,1.1580617433e-21,1.81690201352e-21,2.48602509196e-21],"var":[1.27419994556e-8,0.0000516812360729,0.0000225646344916,0.00000609338212598,0.00000599629765929,5.36179641131e-7,8.21747505597e-7,0.00000164313291862,0.00000113248927391,2.17807681224e-7,0.00000122596759411,0.00000140356860356,0.00000139477322136,0.00000150654352638,0.00000274566264125,0.00000132833270072,0.0000016288382767,3.35868151069e-7,7.03923490164e-7,5.58897852443e-7,1.19738018611e-7,4.20986737026e-7,4.2146896817e-7,2.19561343329e-7,2.78300600343e-8,3.57447155208e-10,6.02944940069e-13]},"barkbands_crest":{"dmean":2.10682201385,"dmean2":3.41958522797,"dvar":5.62783336639,"dvar2":15.0057849884,"max":26.3278121948,"mean":8.82508563995,"median":7.72912883759,"min":2.2681312561,"var":18.6577339172},"barkbands_flatness_db":{"dmean":0.0200645867735,"dmean2":0.0292854644358,"dvar":0.000516780477483,"dvar2":0.00117880408652,"max":0.448857843876,"mean":0.131046697497,"median":0.110888153315,"min":0.0258220490068,"var":0.00563968298957},"barkbands_kurtosis":{"dmean":2.47054195404,"dmean2":3.86566972733,"dvar":99.6391448975,"dvar2":180.398376465,"max":718.851013184,"mean":5.51114606857,"median":-0.587222754955,"min":-1.91166186333,"var":1311.10205078},"barkbands_skewness":{"dmean":0.500459074974,"dmean2":0.756728947163,"dvar":0.470963954926,"dvar2":1.03778660297,"max":25.5727672577,"mean":0.942743659019,"median":0.43966126442,"min":-2.39855313301,"var":4.08644676208},"barkbands_spread":{"dmean":5.36666584015,"dmean2":8.22691631317,"dvar":37.781085968,"dvar2":88.1589584351,"max":104.0832901,"mean":28.5411281586,"median":28.2684345245,"min":0.338495999575,"var":189.551925659},"dissonance":{"dmean":0.0106103932485,"dmean2":0.0176681242883,"dvar":0.000159533403348,"dvar2":0.000395730923628,"max":0.500000119209,"mean":0.477496087551,"median":0.483434051275,"min":0.114830777049,"var":0.000440571631771},"dynamic_complexity":5.26764678955,"erbbands":{"dmean":[0.0484585799277,0.828029632568,2.25355005264,3.20011734962,3.82347178459,3.21199083328,2.12069892883,1.84091472626,2.56674933434,5.10859632492,5.42257165909,4.19490098953,3.59561109543,5.2664937973,9.10953617096,11.6335411072,15.9354019165,20.7447509766,21.0491447449,20.7352409363,18.2901725769,22.2118282318,9.94226932526,8.76877689362,9.77061462402,10.0316286087,4.58939313889,3.69300293922,3.72174692154,3.52759408951,3.0225880146,1.78806209564,0.879164516926,0.413460552692,0.169298782945,0.0389348119497,0.00761319743469,0.000999571289867,0.0000362777682312,0.00000911148890737],"dmean2":[0.0797277837992,1.44349932671,3.97120499611,5.71717739105,6.5384926796,5.36696147919,3.50988292694,3.03213119507,4.30623960495,7.88089752197,7.83051252365,6.0887503624,5.61037063599,8.00914573669,13.5760250092,18.5385475159,25.4186115265,33.4128646851,34.210144043,32.5032234192,29.1618652344,35.9429130554,15.9231796265,13.8319654465,15.7189292908,16.3873157501,7.50990104675,5.91165494919,5.7556886673,5.29354381561,4.54602384567,2.71490097046,1.29640209675,0.581523358822,0.232130810618,0.052517786622,0.010481457226,0.00137511733919,0.0000519466339028,0.0000137464785439],"dvar":[0.0140461353585,4.9619603157,42.0506324768,75.2326431274,112.940460205,50.4163856506,23.5037021637,15.0035276413,58.9257545471,203.626754761,367.15447998,158.717178345,65.2431716919,108.644493103,433.165466309,559.020141602,1214.32385254,1724.0255127,1827.45007324,2423.92431641,1542.09899902,2274.64819336,409.486328125,389.128631592,477.767364502,762.479980469,120.734931946,84.8546447754,178.417572021,324.223175049,104.405158997,38.8783493042,12.3674068451,1.41061592102,0.177813351154,0.0062766787596,0.000180798422662,0.00000335037293553,7.89453125094e-9,2.83697509929e-10],"dvar2":[0.0360086522996,13.3575487137,116.451713562,213.274795532,306.426269531,134.251708984,58.5583763123,39.7680931091,156.787445068,454.712249756,753.372070313,302.282043457,153.570907593,237.883789063,926.901977539,1318.98364258,2972.94262695,4361.95849609,4390.27441406,5198.80664063,3682.33520508,5491.77929688,1004.34222412,929.305603027,1205.51525879,2089.62573242,316.782165527,206.960327148,343.94152832,706.93359375,203.374725342,77.6867752075,27.4215564728,2.26372599602,0.273735821247,0.0111855240539,0.000356013420969,0.00000636033064438,1.72186496172e-8,6.62832955189e-10],"max":[1.21450316906,18.4096946716,59.9755058289,86.2609863281,163.585601807,113.628074646,126.965873718,78.6327514648,230.483428955,474.111877441,584.615783691,451.861022949,221.548278809,315.539306641,612.405761719,1026.79248047,1428.53210449,1070.00805664,1258.27294922,1886.50708008,1006.52423096,1033.03686523,471.936950684,592.39263916,626.296508789,575.917724609,245.954421997,331.463439941,776.728393555,1249.64660645,618.471801758,478.147735596,262.5519104,92.3307266235,32.4270401001,5.16616439819,0.364046156406,0.0439559035003,0.0030424783472,0.000353169656591],"mean":[0.0572325140238,0.895130336285,2.25436997414,3.25353336334,4.55044841766,5.20040035248,3.9766497612,3.50648593903,3.46054053307,9.06271362305,11.2015991211,8.48104858398,6.833796978,11.9216823578,21.4560089111,26.245059967,32.9655723572,40.7199668884,41.6311225891,39.5409660339,36.8342704773,41.1943016052,20.9941864014,19.1858673096,19.704284668,17.6503047943,9.08352184296,7.56558179855,7.4953417778,7.38065719604,6.72897148132,4.0987701416,2.03255724907,0.984945774078,0.392500042915,0.0877325460315,0.0159170180559,0.00190890929662,0.0000700544842402,0.0000248184005613],"median":[0.0189785026014,0.318700700998,0.740194380283,1.15574741364,1.73963284492,2.25775051117,1.83118140697,1.89878296852,1.26987302303,2.59705734253,1.94645535946,2.51305341721,2.92613625526,4.71064186096,7.90071058273,12.3472290039,17.933807373,22.2975234985,19.7900276184,14.7854480743,13.6230773926,13.4052782059,6.72722482681,4.30053377151,3.38305926323,2.91415715218,2.35447120667,1.84215307236,1.78806316853,1.62307775021,1.50028181076,0.947569787502,0.452899187803,0.220579564571,0.0808647796512,0.0201048422605,0.00380672211759,0.00039726117393,0.0000230021614698,0.000017498690795],"min":[4.41900088162e-22,1.25899554949e-21,4.26377234155e-21,1.15459824761e-20,3.72363430676e-20,2.23071275859e-19,2.3767145311e-19,1.64025094557e-19,5.82953520444e-19,4.30272807322e-19,1.00534363257e-18,2.30375942412e-18,1.79056664593e-18,2.62638757357e-18,2.35965822197e-18,2.34187177084e-18,2.2877350745e-18,2.81351051058e-18,4.75974820509e-18,6.31190092576e-18,1.26060489012e-17,1.36656838095e-17,1.50053971101e-17,2.69528861667e-17,9.14162045403e-18,9.34830393779e-18,1.3367802836e-17,1.67404663476e-17,1.87116493278e-17,1.10563293323e-17,1.97136595259e-17,1.54674022977e-17,2.13697081995e-17,1.23835555144e-17,8.04141564542e-18,6.84111495165e-18,3.58412934003e-18,1.20732376736e-18,3.49956723469e-19,3.79026047393e-20],"var":[0.0139902252704,3.73046278954,29.0139141083,50.4512329102,92.0481491089,67.7387008667,52.4688644409,25.6577014923,65.9754104614,467.766784668,1021.08190918,505.260955811,176.134979248,397.502319336,1631.35229492,1872.40722656,2716.77758789,3296.99829102,4629.78515625,6800.7734375,4141.22265625,5636.83496094,1166.25476074,1389.63952637,1453.58740234,1577.63024902,245.534576416,196.194595337,419.719848633,589.213195801,348.281585693,153.547348022,40.3769111633,6.46892166138,0.837806165218,0.0269988570362,0.00062084349338,0.00000961754358286,1.55537662749e-8,6.7179206642e-10]},"erbbands_crest":{"dmean":2.22597360611,"dmean2":3.56709837914,"dvar":4.68357801437,"dvar2":11.2599925995,"max":32.1228637695,"mean":9.08755779266,"median":8.19132804871,"min":2.03754401207,"var":17.0647602081},"erbbands_flatness_db":{"dmean":0.0173471085727,"dmean2":0.0233517754823,"dvar":0.000308667891659,"dvar2":0.000525651325006,"max":0.378538221121,"mean":0.173266485333,"median":0.164874106646,"min":0.0331366434693,"var":0.00268478761427},"erbbands_kurtosis":{"dmean":0.987499594688,"dmean2":1.5077881813,"dvar":1.95995295048,"dvar2":4.46710109711,"max":29.478061676,"mean":1.42990577221,"median":0.687513530254,"min":-1.88504111767,"var":7.17389583588},"erbbands_skewness":{"dmean":0.304325401783,"dmean2":0.452526330948,"dvar":0.0951481983066,"dvar2":0.201782658696,"max":3.94197821617,"mean":-0.390158236027,"median":-0.392419666052,"min":-4.909471035,"var":0.563198447227},"erbbands_spread":{"dmean":6.66059398651,"dmean2":10.128159523,"dvar":64.8301315308,"dvar2":143.168884277,"max":152.451522827,"mean":30.694272995,"median":27.6433887482,"min":2.97363495827,"var":305.114593506},"gfcc":{"cov":[[16805.6816406,-3368.97094727,-1397.0267334,1105.63476563,-1840.85351563,318.57244873,-159.004638672,818.070861816,-217.605743408,174.613128662,-475.320037842,84.7396774292,-188.422897339],[-3368.97094727,2014.80664063,20.1412067413,-455.071929932,673.269226074,-199.295394897,155.00038147,-323.10559082,142.054016113,-155.957778931,233.440856934,-138.256469727,113.305839539],[-1397.0267334,20.1412067413,843.866271973,107.449378967,159.852340698,110.902084351,5.18619966507,-11.9704084396,19.4039001465,37.5135612488,-53.1133422852,19.9204025269,-42.4155540466],[1105.63476563,-455.071929932,107.449378967,445.350006104,-103.201431274,53.2468299866,31.0436668396,123.993186951,32.155456543,24.3700122833,-36.5174789429,8.72661495209,-4.91293287277],[-1840.85351563,673.269226074,159.852340698,-103.201431274,500.719665527,-8.3446855545,67.2314147949,-75.6729125977,66.2532730103,-32.1275024414,87.9738464355,-11.7849693298,30.7405471802],[318.57244873,-199.295394897,110.902084351,53.2468299866,-8.3446855545,196.822357178,50.6230239868,23.2803840637,-14.2083482742,27.5138092041,-25.4119930267,21.4606800079,-7.79872846603],[-159.004638672,155.00038147,5.18619966507,31.0436668396,67.2314147949,50.6230239868,175.883895874,26.1821746826,12.0535955429,-9.30276679993,38.1251335144,-8.02736759186,21.1834373474],[818.070861816,-323.10559082,-11.9704084396,123.993186951,-75.6729125977,23.2803840637,26.1821746826,187.380874634,34.6475715637,26.2137966156,-34.8940925598,25.4271411896,-27.8379402161],[-217.605743408,142.054016113,19.4039001465,32.155456543,66.2532730103,-14.2083482742,12.0535955429,34.6475715637,129.504180908,8.65257072449,12.2244930267,-16.3026065826,8.55568504333],[174.613128662,-155.957778931,37.5135612488,24.3700122833,-32.1275024414,27.5138092041,-9.30276679993,26.2137966156,8.65257072449,82.4155731201,-0.718494653702,15.8570270538,-10.2957286835],[-475.320037842,233.440856934,-53.1133422852,-36.5174789429,87.9738464355,-25.4119930267,38.1251335144,-34.8940925598,12.2244930267,-0.718494653702,98.6127319336,3.80430245399,25.6865119934],[84.7396774292,-138.256469727,19.9204025269,8.72661495209,-11.7849693298,21.4606800079,-8.02736759186,25.4271411896,-16.3026065826,15.8570270538,3.80430245399,80.2900924683,12.2841129303],[-188.422897339,113.305839539,-42.4155540466,-4.91293287277,30.7405471802,-7.79872846603,21.1834373474,-27.8379402161,8.55568504333,-10.2957286835,25.6865119934,12.2841129303,74.2411880493]],"icov":[[0.000216046653804,-0.000398341013351,0.000474836677313,-0.000612118165009,0.000612601696048,-0.000593296426814,0.000403420359362,-0.000731157429982,0.000557740626391,-0.000477847468574,0.000749149825424,-0.000325645960402,0.00034593779128],[-0.000398341013351,0.00489992881194,-0.00157525087707,0.00364975258708,-0.00356192351319,0.00354486540891,-0.00352425989695,0.0046304599382,-0.00455795740709,0.0046114535071,-0.00485990382731,0.00432854983956,-0.00242851208895],[0.000474836677313,-0.00157525087707,0.00288802804425,-0.00237880507484,0.00085177650908,-0.0022193135228,0.00122747279238,-0.00121454824694,0.00160474691074,-0.00243927817792,0.00373632088304,-0.00216004787944,0.00225182925351],[-0.000612118165009,0.00364975258708,-0.00237880507484,0.00642120838165,-0.0024611398112,0.00274702697061,-0.00295710726641,0.00201833480969,-0.00409135501832,0.0037637995556,-0.00450364826247,0.00392899382859,-0.00324812205508],[0.000612601696048,-0.00356192351319,0.00085177650908,-0.0024611398112,0.00654593948275,-0.00319740315899,0.00206574006006,-0.00343050481752,0.00191010802519,-0.00210134498775,0.00164800940547,-0.00317158759572,0.00183569733053],[-0.000593296426814,0.00354486540891,-0.0022193135228,0.00274702697061,-0.00319740315899,0.010152569972,-0.00568726146594,0.00471936305985,-0.00293114036322,0.00127755024005,-0.00139584066346,0.00117136386689,-0.00141519249883],[0.000403420359362,-0.00352425989695,0.00122747279238,-0.00295710726641,0.00206574006006,-0.00568726146594,0.0112856440246,-0.00660416856408,0.00432989746332,-0.00167129409965,-0.000495992135257,-0.0000812613216112,-0.00078683719039],[-0.000731157429982,0.0046304599382,-0.00121454824694,0.00201833480969,-0.00343050481752,0.00471936305985,-0.00660416856408,0.0152633236721,-0.00812738854438,0.00303720985539,-0.00164919311646,-0.000928618304897,0.00212293607183],[0.000557740626391,-0.00455795740709,0.00160474691074,-0.00409135501832,0.00191010802519,-0.00293114036322,0.00432989746332,-0.00812738854438,0.014919555746,-0.00604812521487,0.00400348892435,-0.000245208648266,-0.000266552728135],[-0.000477847468574,0.0046114535071,-0.00243927817792,0.0037637995556,-0.00210134498775,0.00127755024005,-0.00167129409965,0.00303720985539,-0.00604812521487,0.0194701459259,-0.00816922262311,0.00231917877682,-0.000935409218073],[0.000749149825424,-0.00485990382731,0.00373632088304,-0.00450364826247,0.00164800940547,-0.00139584066346,-0.000495992135257,-0.00164919311646,0.00400348892435,-0.00816922262311,0.0226839594543,-0.00740729784593,0.00163217016961],[-0.000325645960402,0.00432854983956,-0.00216004787944,0.00392899382859,-0.00317158759572,0.00117136386689,-0.0000812613216112,-0.000928618304897,-0.000245208648266,0.00231917877682,-0.00740729784593,0.0209114272147,-0.00784280151129],[0.00034593779128,-0.00242851208895,0.00225182925351,-0.00324812205508,0.00183569733053,-0.00141519249883,-0.00078683719039,0.00212293607183,-0.000266552728135,-0.000935409218073,0.00163217016961,-0.00784280151129,0.0198712870479]],"mean":[-49.2318878174,93.256652832,-132.583969116,40.4851913452,-40.8394699097,30.9962387085,-45.0450325012,0.094505853951,-22.8053226471,-0.0512066483498,-12.1347827911,-3.61413502693,-11.6727848053]},"hfc":{"dmean":5.5089097023,"dmean2":8.10543346405,"dvar":121.763214111,"dvar2":263.030212402,"max":399.321228027,"mean":19.985584259,"median":11.9526462555,"min":1.1997125849e-16,"var":602.725402832},"melbands":{"dmean":[0.000657305936329,0.00116451189388,0.000580397201702,0.00024429691257,0.0000838401319925,0.0000417275150539,0.000043577136239,0.0000545052898815,0.000044885022362,0.0000257675292232,0.0000184096243174,0.0000205989454116,0.0000358773868356,0.0000274287831417,0.0000428751773143,0.0000375263189198,0.000040375503886,0.0000378701406589,0.0000344369655068,0.0000204301086342,0.0000228365861403,0.0000274298963632,0.0000124927073557,0.00000973297755991,0.00000727249516785,0.0000100628558357,0.00000733337856218,0.00000623329060545,0.0000032389534681,0.00000248135165748,0.00000223590063797,0.00000220917945626,0.00000220486367652,0.00000204352500077,0.00000195026404981,0.00000147625837599,0.00000110842768208,7.10500046353e-7,4.54608397149e-7,3.45073061681e-7],"dmean2":[0.00112532498315,0.00201712572016,0.00102249660995,0.000413235276937,0.000137721639476,0.0000686550629325,0.0000725003701518,0.0000824268790893,0.0000646240150672,0.0000379363555112,0.0000287212660623,0.0000313778218697,0.0000532725935045,0.0000425710713898,0.0000692952162353,0.000059774145484,0.0000654512332403,0.0000621549843345,0.0000543568203284,0.0000328078967868,0.0000363943145203,0.0000448632308689,0.0000198123925657,0.0000162417236425,0.0000115391912914,0.0000163855074788,0.0000119095475384,0.0000102805743154,0.00000538784797754,0.00000406578192269,0.00000359703017239,0.00000346303045262,0.00000340259452969,0.00000310305927087,0.00000298513919006,0.00000228252224588,0.00000171552619577,0.00000107307141661,6.76680656397e-7,4.87800775772e-7],"dvar":[0.00000287508260044,0.0000101600098787,0.00000211168753594,4.02281699508e-7,3.23843458716e-8,7.40872607707e-9,1.64197082597e-8,2.21961329316e-8,2.49456206802e-8,5.23420995435e-9,1.69955971518e-9,1.67120783878e-9,6.2473675122e-9,3.56418539127e-9,6.77976874641e-9,7.87688403392e-9,6.78648293118e-9,6.03464345161e-9,7.62401075605e-9,2.48981835149e-9,2.51801957063e-9,3.54282292392e-9,9.354821362e-10,4.36655350766e-10,3.05581560056e-10,5.94206683857e-10,3.7310948775e-10,2.94995416983e-10,5.9067660485e-11,3.86563663024e-11,3.35632389936e-11,5.23582219247e-11,1.25237861748e-10,8.41035227572e-11,4.1760338243e-11,2.75190304572e-11,1.73141327664e-11,7.70287219426e-12,2.16797586827e-12,1.01241682138e-12],"dvar2":[0.00000764646483731,0.0000272467914328,0.00000587811882724,0.00000109703705675,8.27771557965e-8,1.93607618826e-8,4.3771638758e-8,4.80980091311e-8,5.07012209994e-8,1.01745563086e-8,3.97183663736e-9,3.62477647897e-9,1.38910980496e-8,8.12011702322e-9,1.6630519184e-8,1.90322122506e-8,1.72133560739e-8,1.47070000622e-8,1.56179709165e-8,5.39508748787e-9,6.04961547523e-9,8.76944561412e-9,2.22943152828e-9,1.17954268575e-9,7.33147043075e-10,1.50898693541e-9,9.8051866626e-10,8.13147493783e-10,1.57414262181e-10,1.01311903311e-10,8.13242459485e-11,1.05287785435e-10,2.67645072771e-10,1.81267403865e-10,8.23384554982e-11,6.10870937168e-11,4.07651863654e-11,1.72389585246e-11,4.54108538966e-12,1.6584292533e-12],"max":[0.0154738472775,0.0287363287061,0.0140615198761,0.00855863001198,0.00420901877806,0.00183234352153,0.0031308948528,0.00454070279375,0.00509402807802,0.00244376272894,0.0011812975863,0.0013326149201,0.00188372039702,0.00226750713773,0.0034839855507,0.0036002593115,0.0024707657285,0.00206820783205,0.00381127232686,0.00284663960338,0.0015292679891,0.0013790987432,0.000991496955976,0.00037561476347,0.000545249902643,0.000726767233573,0.000471221515909,0.000471233099233,0.000170937273651,0.000167890801094,0.000258170533925,0.000453738000942,0.000685698993038,0.000598505546805,0.000376476033125,0.00030488873017,0.000304784509353,0.000213538456592,0.000103934558865,0.000086015315901],"mean":[0.000749133469071,0.00125248124823,0.00062411633553,0.000351311464328,0.000160706607858,0.0000805602394394,0.0000594176526647,0.0000983460849966,0.0000943820487009,0.000050164610002,0.000033520773286,0.0000452432395832,0.0000803875154816,0.000059436657466,0.0000859543506522,0.0000699232477928,0.0000754930806579,0.0000687690262566,0.0000607851834502,0.0000391563153244,0.0000421525837737,0.0000464756558358,0.0000237781277974,0.0000169315153471,0.0000144993427966,0.0000180272090802,0.0000128239089463,0.000010414544704,0.00000581004951528,0.00000456834777651,0.00000426893893746,0.00000413615862271,0.00000419099342253,0.0000041104117372,0.00000411238261222,0.00000308565768137,0.0000023079071525,0.00000151632059442,0.00000101543491837,7.59629756431e-7],"median":[0.000277569750324,0.000465865945444,0.000230548495892,0.000164625889738,0.0000806554817245,0.0000429144965892,0.000020718362066,0.000025809962608,0.0000143141605804,0.000015038541278,0.0000130464222821,0.0000178308182512,0.0000233513237617,0.0000237660460698,0.0000363578365068,0.0000360116500815,0.0000394579546992,0.0000311852891173,0.0000201483035198,0.0000149372044689,0.0000140201464092,0.0000133446255859,0.00000585640009376,0.00000490557158628,0.00000282099108517,0.00000252197651207,0.00000179815447154,0.00000176634375748,0.00000141957343658,0.00000108057668058,9.71478471001e-7,9.99371309263e-7,8.60018758431e-7,8.70765632044e-7,8.86993461791e-7,6.52036987958e-7,5.14092619142e-7,3.16370943665e-7,2.30592291928e-7,1.61786914532e-7],"min":[3.91002023673e-24,1.96576071478e-24,2.07592829564e-24,8.53275736867e-24,1.03359214263e-23,3.79355478484e-24,8.38682677868e-24,5.52862594688e-24,8.53845215555e-24,1.47358854219e-23,8.78341555472e-24,1.08571533808e-23,6.92914119902e-24,6.98644247745e-24,5.928194645e-24,4.2979532365e-24,5.36880114976e-24,5.50161337733e-24,1.09650908519e-23,1.15447679332e-23,1.45474533729e-23,1.51475193532e-23,1.35118904191e-23,1.25440953502e-23,2.42705395276e-23,9.48413387556e-24,5.63624826803e-24,5.85565336274e-24,6.28881096934e-24,1.16667305623e-23,9.20620871232e-24,1.05465741093e-23,7.57197448435e-24,5.91680467682e-24,1.2699600345e-23,8.30479707745e-24,1.0199985704e-23,1.644610431e-23,1.25837080006e-23,9.39201385449e-24],"var":[0.00000240223425862,0.00000759323620514,0.00000152856148361,3.76346804387e-7,6.42923438932e-8,1.38251223802e-8,1.80622024004e-8,5.47175211807e-8,7.46516235495e-8,1.61530824272e-8,4.71682959358e-9,6.1731779688e-9,2.44332980515e-8,1.47247138926e-8,2.18706084354e-8,1.45022607256e-8,1.22768541999e-8,1.34505349081e-8,1.97121874379e-8,6.95967683484e-9,6.14356299167e-9,7.90675791507e-9,2.30456298489e-9,8.79505135387e-10,9.79614722674e-10,1.4846234242e-9,8.18387857482e-10,5.44906841871e-10,1.07906635016e-10,7.09975134239e-11,7.43901121258e-11,1.17825887935e-10,2.27715263312e-10,1.64250432699e-10,1.32190494662e-10,8.25317175712e-11,5.36420768915e-11,2.40174009153e-11,7.6343497496e-12,4.00960037741e-12]},"melbands_crest":{"dmean":2.69080591202,"dmean2":4.34978485107,"dvar":8.1898317337,"dvar2":20.204875946,"max":35.8931999207,"mean":12.81183815,"median":11.8467655182,"min":2.64682531357,"var":28.2391834259},"melbands_flatness_db":{"dmean":0.0263644363731,"dmean2":0.0384439900517,"dvar":0.000941930920817,"dvar2":0.00212495331652,"max":0.594816863537,"mean":0.184528082609,"median":0.163173630834,"min":0.00866723060608,"var":0.0101971542463},"melbands_kurtosis":{"dmean":6.4812502861,"dmean2":10.3581075668,"dvar":400.059051514,"dvar2":880.148193359,"max":846.741394043,"mean":13.2415113449,"median":1.5574529171,"min":-1.81258165836,"var":2502.46362305},"melbands_skewness":{"dmean":0.713514268398,"dmean2":1.088509202,"dvar":1.00358855724,"dvar2":2.26670837402,"max":26.2682991028,"mean":2.12676143646,"median":1.48148751259,"min":-1.92020952702,"var":5.35264778137},"melbands_spread":{"dmean":8.95862960815,"dmean2":13.5725622177,"dvar":130.051239014,"dvar2":289.470245361,"max":243.063232422,"mean":38.0775222778,"median":37.7382850647,"min":0.347211390734,"var":538.227844238},"mfcc":{"cov":[[15386.7617188,-3353.96289063,-377.644073486,376.14163208,-1002.14221191,-525.285461426,-354.468963623,316.112884521,151.930480957,213.774795532,-150.794586182,79.9134216309,132.076263428],[-3353.96289063,2025.40539551,-293.323272705,-132.820037842,331.416534424,135.201080322,96.4780960083,-75.2733917236,-84.3974533081,-70.3824081421,11.5018692017,-31.5170688629,-6.83529949188],[-377.644073486,-293.323272705,649.192321777,68.1802139282,35.3776245117,97.9004516602,12.4024200439,6.72607326508,59.4019203186,8.10036087036,30.0761528015,-1.36150932312,-33.2937049866],[376.14163208,-132.820037842,68.1802139282,289.979858398,38.8839492798,-8.45500946045,17.1527194977,42.4102363586,40.2033958435,49.7031860352,8.93259048462,19.9332752228,29.9002742767],[-1002.14221191,331.416534424,35.3776245117,38.8839492798,276.450744629,74.6167297363,8.96963882446,0.676986336708,13.0285692215,-0.273550897837,34.6063308716,11.5774898529,-14.1000442505],[-525.285461426,135.201080322,97.9004516602,-8.45500946045,74.6167297363,185.654418945,74.5293731689,1.90814912319,13.1051330566,-7.54758024216,2.83896636963,5.51164865494,0.937164366245],[-354.468963623,96.4780960083,12.4024200439,17.1527194977,8.96963882446,74.5293731689,166.00428772,38.0454483032,0.306919038296,7.60729169846,-2.34835505486,-0.830881237984,21.0211181641],[316.112884521,-75.2733917236,6.72607326508,42.4102363586,0.676986336708,1.90814912319,38.0454483032,123.101638794,52.4388618469,21.0436859131,18.3636474609,19.6974220276,11.0955572128],[151.930480957,-84.3974533081,59.4019203186,40.2033958435,13.0285692215,13.1051330566,0.306919038296,52.4388618469,104.460845947,40.7626800537,16.3214664459,21.3296203613,6.25795221329],[213.774795532,-70.3824081421,8.10036087036,49.7031860352,-0.273550897837,-7.54758024216,7.60729169846,21.0436859131,40.7626800537,87.3533096313,30.1750679016,11.224732399,9.74070358276],[-150.794586182,11.5018692017,30.0761528015,8.93259048462,34.6063308716,2.83896636963,-2.34835505486,18.3636474609,16.3214664459,30.1750679016,87.9478683472,28.8569126129,-12.0179815292],[79.9134216309,-31.5170688629,-1.36150932312,19.9332752228,11.5774898529,5.51164865494,-0.830881237984,19.6974220276,21.3296203613,11.224732399,28.8569126129,66.1183624268,21.5123004913],[132.076263428,-6.83529949188,-33.2937049866,29.9002742767,-14.1000442505,0.937164366245,21.0211181641,11.0955572128,6.25795221329,9.74070358276,-12.0179815292,21.5123004913,78.8874969482]],"icov":[[0.00014817668125,0.000180044415174,0.000151237880345,-0.000128303174279,0.000292611104669,-0.0000608921400271,0.000325890054228,-0.000368035107385,0.000117500560009,-0.00022881005134,0.000244622293394,-0.0000820785789983,-0.0000234954186453],[0.000180044415174,0.00103331671562,0.000609943410382,0.000127366220113,-0.000634399999399,-0.000285956513835,-0.0000855404432514,-0.0000119443893709,0.000178401343874,0.000150874751853,-0.0000353516225005,0.000394962611608,-0.00023414901807],[0.000151237880345,0.000609943410382,0.00232309265994,-0.000630463764537,0.000112617621198,-0.00132393511012,0.000255495746387,0.000334423792083,-0.00115917564835,0.000700119242538,-0.000799028086476,0.000741767289583,0.000621282611974],[-0.000128303174279,0.000127366220113,-0.000630463764537,0.00466699292883,-0.00158174789976,0.000944892992266,-0.000724710465875,-0.000552062876523,0.0000342138446285,-0.0020070343744,0.000841442204546,-0.000453735003248,-0.0013352924725],[0.000292611104669,-0.000634399999399,0.000112617621198,-0.00158174789976,0.00637645181268,-0.00206334190443,0.001794243115,-0.000866456946824,-0.000286096037598,0.000066796586907,-0.00117940420751,-0.000534868158866,0.000890781753697],[-0.0000608921400271,-0.000285956513835,-0.00132393511012,0.000944892992266,-0.00206334190443,0.00883264001459,-0.00419966131449,0.00148701097351,-0.00154654693324,0.000862493528984,0.000815562205389,-0.00127674918622,0.0000850857541081],[0.000325890054228,-0.0000855404432514,0.000255495746387,-0.000724710465875,0.001794243115,-0.00419966131449,0.0100325532258,-0.00464248144999,0.00278014293872,-0.0020850726869,0.000801762449555,0.00107741076499,-0.00195508077741],[-0.000368035107385,-0.0000119443893709,0.000334423792083,-0.000552062876523,-0.000866456946824,0.00148701097351,-0.00464248144999,0.013609602116,-0.00684570288286,0.00265982910059,-0.00283870799467,-0.000486817909405,0.0000308031849272],[0.000117500560009,0.000178401343874,-0.00115917564835,0.0000342138446285,-0.000286096037598,-0.00154654693324,0.00278014293872,-0.00684570288286,0.0169128868729,-0.00723389675841,0.00275008939207,-0.00339704519138,0.000402683624998],[-0.00022881005134,0.000150874751853,0.000700119242538,-0.0020070343744,0.000066796586907,0.000862493528984,-0.0020850726869,0.00265982910059,-0.00723389675841,0.0186085514724,-0.00748924305663,0.00319208297879,-0.00209972099401],[0.000244622293394,-0.0000353516225005,-0.000799028086476,0.000841442204546,-0.00117940420751,0.000815562205389,0.000801762449555,-0.00283870799467,0.00275008939207,-0.00748924305663,0.0187018122524,-0.00895906146616,0.00489514041692],[-0.0000820785789983,0.000394962611608,0.000741767289583,-0.000453735003248,-0.000534868158866,-0.00127674918622,0.00107741076499,-0.000486817909405,-0.00339704519138,0.00319208297879,-0.00895906146616,0.022775715217,-0.00734274974093],[-0.0000234954186453,-0.00023414901807,0.000621282611974,-0.0013352924725,0.000890781753697,0.0000850857541081,-0.00195508077741,0.0000308031849272,0.000402683624998,-0.00209972099401,0.00489514041692,-0.00734274974093,0.0171138849109]],"mean":[-680.471191406,113.378669739,-14.0363330841,14.7467832565,22.8669662476,22.7216644287,2.37710571289,3.26256251335,-6.12102651596,2.31129455566,-1.29812312126,0.425162643194,-2.37310314178]},"pitch_salience":{"dmean":0.0619126707315,"dmean2":0.100721694529,"dvar":0.00420148158446,"dvar2":0.0112691381946,"max":0.855820715427,"mean":0.5387814641,"median":0.54957062006,"min":0.1220035851,"var":0.0120622254908},"silence_rate_20dB":{"dmean":0,"dmean2":0,"dvar":0,"dvar2":0,"max":1,"mean":1,"median":1,"min":1,"var":0},"silence_rate_30dB":{"dmean":0,"dmean2":0,"dvar":0,"dvar2":0,"max":1,"mean":1,"median":1,"min":1,"var":0},"silence_rate_60dB":{"dmean":0.0234670694917,"dmean2":0.0469385832548,"dvar":0.0229151118547,"dvar2":0.0532475151122,"max":1,"mean":0.217239096761,"median":0,"min":0,"var":0.170067191124},"spectral_centroid":{"dmean":224.321105957,"dmean2":341.040344238,"dvar":75242.1953125,"dvar2":168455.765625,"max":10968.6240234,"mean":1649.32421875,"median":1651.41601563,"min":111.252540588,"var":514057},"spectral_complexity":{"dmean":3.28747153282,"dmean2":4.90451383591,"dvar":20.35197258,"dvar2":38.3250007629,"max":60,"mean":18.4121494293,"median":17,"min":0,"var":166.936126709},"spectral_contrast_coeffs":{"dmean":[0.0465566553175,0.0394430793822,0.0336313471198,0.0300816483796,0.0245288461447,0.0172159466892],"dmean2":[0.0773613229394,0.0638008862734,0.053239800036,0.048154309392,0.0379675477743,0.0264395438135],"dvar":[0.00192082638387,0.00118414137978,0.000832844933029,0.000619866244961,0.000482838629978,0.000268624949967],"dvar2":[0.0050985654816,0.00306348828599,0.00203251000494,0.00147565989755,0.00108408660162,0.000613715441432],"max":[-0.359109401703,-0.460079997778,-0.463426351547,-0.564236998558,-0.582015872002,-0.602578759193],"mean":[-0.664485454559,-0.7481777668,-0.76541531086,-0.753613173962,-0.765033304691,-0.779570639133],"median":[-0.67028003931,-0.754442870617,-0.77416485548,-0.754525959492,-0.76515597105,-0.779207527637],"min":[-0.994026422501,-0.959866404533,-0.959374964237,-0.968257963657,-0.958787739277,-0.959246635437],"var":[0.00442149303854,0.0047973333858,0.00482004135847,0.00302622537129,0.00266165030189,0.00185878516641]},"spectral_contrast_valleys":{"dmean":[0.400565773249,0.356652706861,0.326880723238,0.298462063074,0.303173720837,0.343533575535],"dmean2":[0.632051885128,0.572160661221,0.514542341232,0.445024341345,0.416555017233,0.412830024958],"dvar":[0.157468929887,0.139154374599,0.118144400418,0.100180901587,0.139309257269,0.185306102037],"dvar2":[0.326165735722,0.307559430599,0.234919682145,0.166572794318,0.224552750587,0.264691233635],"max":[-5.27097558975,-4.9801363945,-5.48981189728,-5.25055074692,-5.38102293015,-6.87299728394],"mean":[-7.66976165771,-7.62158250809,-8.03530597687,-7.72849941254,-8.18198680878,-10.5726881027],"median":[-7.45067691803,-7.33898305893,-7.74679851532,-7.45701980591,-7.76848936081,-9.97920036316],"min":[-27.4878139496,-27.350435257,-27.4140872955,-26.8804187775,-27.282081604,-27.311920166],"var":[1.22183930874,1.53482818604,1.62599027157,1.55685055256,2.63990497589,3.19406247139]},"spectral_decrease":{"dmean":1.83210424609e-9,"dmean2":2.90407276005e-9,"dvar":1.40027417111e-17,"dvar2":3.45520455617e-17,"max":6.29040858793e-29,"mean":-3.95445232115e-9,"median":-2.8538158503e-9,"min":-3.1306868209e-8,"var":1.90333845358e-17},"spectral_energy":{"dmean":0.00726867979392,"dmean2":0.0114221572876,"dvar":0.000209359728615,"dvar2":0.000512863451149,"max":0.119641929865,"mean":0.0167377460748,"median":0.0120991254225,"min":1.06443265278e-20,"var":0.000319309008773},"spectral_energyband_high":{"dmean":0.000367790809833,"dmean2":0.000532036647201,"dvar":0.00000121814355225,"dvar2":0.0000023532720661,"max":0.0550674535334,"mean":0.00098959589377,"median":0.000287672679406,"min":7.75841050068e-21,"var":0.00000424029667556},"spectral_energyband_low":{"dmean":0.00499443663284,"dmean2":0.0084011470899,"dvar":0.000168180864421,"dvar2":0.000435989757534,"max":0.116151764989,"mean":0.00589752849191,"median":0.00237789354287,"min":2.25392990741e-23,"var":0.00014144006127},"spectral_energyband_middle_high":{"dmean":0.00172130763531,"dmean2":0.00264520663768,"dvar":0.00000827362055134,"dvar2":0.0000191644703591,"max":0.0508813336492,"mean":0.00604237383232,"median":0.00398539425805,"min":1.62760134664e-21,"var":0.0000425765538239},"spectral_energyband_middle_low":{"dmean":0.0023791026324,"dmean2":0.00393303763121,"dvar":0.0000260769920715,"dvar2":0.0000688320869813,"max":0.0592349283397,"mean":0.0044280719012,"median":0.00259544607252,"min":2.57354952493e-22,"var":0.0000315690813295},"spectral_entropy":{"dmean":0.147786125541,"dmean2":0.202819168568,"dvar":0.0289387851954,"dvar2":0.0535363219678,"max":9.7920665741,"mean":7.54504489899,"median":7.69659280777,"min":4.77535820007,"var":0.349085301161},"spectral_flux":{"dmean":0.0211713742465,"dmean2":0.0313854776323,"dvar":0.00112360191997,"dvar2":0.0021700814832,"max":0.308365523815,"mean":0.0635578855872,"median":0.0483459681273,"min":1.03171346466e-10,"var":0.00314234895632},"spectral_kurtosis":{"dmean":2.4508767128,"dmean2":4.04175424576,"dvar":16.4718132019,"dvar2":45.7070503235,"max":99.2053375244,"mean":6.80807828903,"median":3.82529759407,"min":-1.21853506565,"var":74.6271133423},"spectral_rms":{"dmean":0.00068383559119,"dmean2":0.00102191022597,"dvar":0.00000124755649722,"dvar2":0.00000284108705273,"max":0.0108038811013,"mean":0.00350831705146,"median":0.00343569857068,"min":3.22253139971e-12,"var":0.00000402118757847},"spectral_rolloff":{"dmean":463.010894775,"dmean2":748.145141602,"dvar":559171.6875,"dvar2":1235888.5,"max":19013.8183594,"mean":2022.24902344,"median":1808.7890625,"min":21.533203125,"var":1894376.125},"spectral_skewness":{"dmean":0.246982365847,"dmean2":0.400594115257,"dvar":0.0939634144306,"dvar2":0.248462334275,"max":8.08755397797,"mean":1.72204768658,"median":1.49190509319,"min":-0.210416689515,"var":0.682819545269},"spectral_spread":{"dmean":521731.96875,"dmean2":692491.9375,"dvar":443287535616,"dvar2":681363308544,"max":41443780,"mean":4163162.25,"median":4141802.25,"min":968293.25,"var":2717957750780},"spectral_strongpeak":{"dmean":0.571379125118,"dmean2":0.992075145245,"dvar":1.29562556744,"dvar2":3.18098092079,"max":14.1078500748,"mean":0.924944698811,"median":0.267662703991,"min":0,"var":2.20437049866},"zerocrossingrate":{"dmean":0.0100044058636,"dmean2":0.0112571306527,"dvar":0.000142146251164,"dvar2":0.000173333872226,"max":0.5146484375,"mean":0.0725633352995,"median":0.0673828125,"min":0,"var":0.00154214818031}},"metadata":{"audio_properties":{"analysis_sample_rate":44100,"bit_rate":192000,"codec":"mp3","downmix":"mix","equal_loudness":0,"length":245.368164063,"lossless":false,"md5_encoded":"be1add2aeab82947ffc9bbd8980f3701","replay_gain":-4.91663169861,"sample_rate":44100},"tags":{"acoustid_fingerprint":["AQADtFISSlHESIIVpsbRMFoyHe9xymjW4zrMeULHZMfRPDEqMXvwEDV3VI4YJD9yo1QiSWiYrTl-fKFIlIO1HVcMxwl6nHh41HrgtI0Q_iluQo-EH_1lWMmSC8el40g3a0Kbr_iHJz28H3uHE3kK6YpyofknhLaLKw-YHKE2PFEyoXvwD03GQ-cF9SbRH1bIBOcMR3ygPzDHGJUeIQd5Br_QEv9xeB3aODHO42FqXCeaiIzBeMNz7H7wZBP6xmg-XMrxLTJyocljQePx7UFODQ9-4WGoobyPxsdzPHpwtcKTBH2kFOk6wSMRPtpRbXnwxRxSTUd1Qj9y4JOCP7g043wQ_hDtIxeP6bmE8miy5ch5IfHRE98CN8FPcGKOHyEbHboe_KiloXmgIzg33AgL_QiPXi6yHdYhpOnxC_7wYx-uoWqP50ZXGk2e48eHHvmhcjxSEb9w4Mf3o46OewzyQwv64Me3C1djQUf1CulRHVeGl9iO8KAOPYZHPB9i97CizUJ7lNrRHG8MHjnM7NCJUM2RHx8SHhWPB70Ma9tRfcGVo3bQnEfu40ePq8Yb48OR8gvRD28uVHTxpBTOY7uKHj--yvgthDzESEaeymiJo3xQHY_wKMlSfHmCX4h-9EHzBcclpYTyo-uRH2d1-IeP4_ATxPShJxLO4tlxyM8Rbo2o4EcuWVCUIdTG4zqjgHuD0w12optioYnII1_iQuOPMKPwJY9Q6oLNILQDPTxCvhJ2M0ZFBTmH5GIGR1nWDY9wvriIqhvRjMee6NgRKjmRMIepXOiFnUcfNOdwRTwi5UYlaRqhxpSQX0PtB87xzELK8YYYdeiDv8GVo1EZVDIJHWGP5gyessFzoWoz-MiDT81xk4Qe9FmF8JGwxRn6o7_gE9-PZ4qM5Mh5eOTwZsIv3HCP8Dk0KTkaZaExUjm0N9Lgo9SRqykuZajETWh4_CROXEe7Vmi-I94PmVp6RF6OJsf0RHhjhNmpoVJaJP-CMwzu7Cg8NejxXEEeH9IVhKfRVKGFLzrQZReeI610QuNxXMMlPoiPPlKO5jzyC30OLbtKfAtHhGPRRJJE4egPd7twXBdyfqgORtEvmMd12D76xUI-nDGaHZWDMwgldtDCZUR-HD3s9Li248cP10H6zEIVTsF_oR_SF77RHz-a7-g7XA2aHeG_4F4OplGWIuWPPjxuDtdCND_RH4y-oOHoIX9RSoSWeMmBh8mL0Dre5niUyQsOf0F5fDsax6ikq0CuFzWaM8c1HT-ko3lytEomIicqE42TpcOPe0e4BqKD0JvxHzeajEd4Qg6ZIqbyoQ8xpdh5Ib6hLQyRf_ASMQ54XQ3cFT-mNSxCHmK2akb9IVfk4SIfhPHRtYViLTquw8tX8OlxhRV-DpUSQct65HnwHP6Gn_jxB313WDrC8zh6OG4mXNCFH-mPnjnYDzf6hUcjRhIqKiccnwjEGl0YXFmgHw36HZ0C6PORHz4rvD1mtJuCqzPGH30s-Avy4lod4dbxw0foZUXDozx-NOdQHZ2XIr0XVIeeZSzxBdoLfxk0_XiOh4eWTDlKhsh59IssNGMW_GAeCWGqXJCWa4if47SCK0eOZgstVMeNbkcT_RMeHj18tBI-TdBRrUcYMYyDM0O5Xmji4oyM6odHPMviob