{"lowlevel":{"average_loudness":0.694520115852,"barkbands":{"dmean":[0.0000337959318131,0.00259344512597,0.00347045762464,0.00172517832834,0.000748180318624,0.000196495704586,0.000238336448092,0.000373138551367,0.000605755660217,0.000559069565497,0.00027310414589,0.000256825354882,0.000490442384034,0.000364755949704,0.000465100049041,0.000380882411264,0.000371783127775,0.000303644163068,0.000295492238365,0.000255673279753,0.000184231248568,0.000163329212228,0.0000833175945445,0.0000419691823481,0.0000290581356239,0.0000236144678638,0.0000135177824632],"dmean2":[0.0000529893586645,0.00457966933027,0.00608999282122,0.00296273967251,0.00128329382278,0.0003247797722,0.000388479238609,0.000584244844504,0.00093795923749,0.00089444644982,0.000438917137217,0.000410339300288,0.000810812285636,0.000599280872848,0.000766934768762,0.000617510115262,0.000608737056609,0.000496344815474,0.000484196876641,0.000416361464886,0.000292549841106,0.00024817569647,0.000124497702927,0.0000609535964031,0.0000417360352003,0.0000337177261827,0.0000194699405256],"dvar":[4.86085438567e-9,0.0000511035723321,0.0000425410980824,0.0000153992059495,0.00000154559484145,1.62774711043e-7,2.31325103073e-7,9.35037860472e-7,0.00000193908749679,0.0000022346428068,7.6261352433e-7,3.0134589224e-7,0.00000106199536276,4.87613988298e-7,9.43429370182e-7,7.77980801558e-7,4.70825426646e-7,3.04725460865e-7,1.63342377846e-7,1.22262761693e-7,1.01885881065e-7,1.13253669554e-7,5.05509660798e-8,1.19786918162e-8,7.03916258615e-9,3.13239811867e-9,1.07267938976e-9],"dvar2":[1.10176756607e-8,0.000141978744068,0.000118782001664,0.0000404215425078,0.00000422041648562,3.99610911472e-7,5.51453979369e-7,0.00000220734909817,0.00000435188940173,0.00000580506048209,0.00000196898940885,7.13209715286e-7,0.0000029564093893,0.00000125041958654,0.00000259211151388,0.00000208549636227,0.00000119625997286,7.35462549528e-7,4.14689765194e-7,3.06188724153e-7,2.28116789458e-7,2.2694266022e-7,1.03844499222e-7,2.27254464136e-8,1.68224811858e-8,6.75772016123e-9,2.39714514905e-9],"max":[0.000825597846415,0.0708352848887,0.0608398839831,0.0681632980704,0.0310718473047,0.00954283867031,0.014412666671,0.0260123368353,0.0338602401316,0.0406663902104,0.0298821832985,0.0163425393403,0.0427635498345,0.0237186588347,0.0246466584504,0.0282422378659,0.0227941479534,0.020966341719,0.0124380709603,0.00628274260089,0.00582304643467,0.00790004152805,0.00692955357954,0.00421864679083,0.0017771119019,0.00130954768974,0.00084312009858],"mean":[0.0000480610651721,0.00277327885851,0.00388200464658,0.00198600348085,0.00118986761663,0.000307981827063,0.000407278770581,0.000677735719364,0.0011034309864,0.00103394233156,0.000426129816333,0.000493926752824,0.000862056564074,0.000688734522555,0.000831055396702,0.000737545953598,0.000764843833167,0.000665642204694,0.000712953100447,0.000642864848487,0.000418711890234,0.000394088157918,0.00020061271789,0.000104750361061,0.00006355032383,0.0000458383619844,0.0000234495655604],"median":[0.0000205019023269,0.00113642401993,0.00186725228559,0.000976999057457,0.000734089873731,0.000163481599884,0.000197273766389,0.000216070227907,0.000270041578915,0.000263132591499,0.00014410696167,0.000256692321273,0.000424952042522,0.000373895309167,0.000380788231269,0.000345316366293,0.000458175491076,0.000370714493329,0.000535274099093,0.000480415939819,0.000254866492469,0.00021553991246,0.00009002033039,0.0000486772623844,0.0000253632078966,0.0000133450776048,0.00000498307417729],"min":[1.39537632751e-13,3.19693989163e-12,1.69922788947e-12,8.68542477522e-12,2.90838989177e-12,6.40158932808e-13,3.86173867406e-13,2.66785752561e-13,5.23951487665e-13,4.23075122028e-13,3.76259245115e-13,2.69724075973e-13,4.73555981755e-13,5.93295052843e-13,9.44498711013e-13,9.80651757715e-13,8.81443735275e-13,1.23782635617e-12,1.73055699545e-12,2.06455967773e-12,3.28631523036e-12,3.48206598104e-12,5.41730982989e-12,7.65872434916e-12,1.27333308828e-11,2.07354550197e-11,3.59570012654e-11],"var":[7.33115790297e-9,0.0000395129973185,0.000039178004954,0.0000147954324348,0.00000215590284824,2.54868467664e-7,5.58162810194e-7,0.00000262268736151,0.00000670450117468,0.00000624577251074,0.00000143781824136,7.62245065289e-7,0.00000252621498475,0.00000106721233806,0.00000196274208975,0.00000168280269008,0.00000126018073843,9.07085222934e-7,4.78143306282e-7,3.7810875142e-7,2.65983715053e-7,3.36255368438e-7,1.67627817405e-7,3.49605251415e-8,1.26355050867e-8,6.44844178055e-9,1.88829507586e-9]},"barkbands_crest":{"dmean":2.47397446632,"dmean2":4.17484855652,"dvar":4.94819736481,"dvar2":13.6304044724,"max":22.9774131775,"mean":7.61082792282,"median":6.84726905823,"min":1.99347019196,"var":11.1334962845},"barkbands_flatness_db":{"dmean":0.0162605568767,"dmean2":0.0269943624735,"dvar":0.000273802288575,"dvar2":0.000735980924219,"max":0.249091133475,"mean":0.0849146097898,"median":0.0783580243587,"min":0.0165741648525,"var":0.00117428530939},"barkbands_kurtosis":{"dmean":1.07282865047,"dmean2":1.84507358074,"dvar":5.45163249969,"dvar2":15.4515657425,"max":64.0842514038,"mean":0.0673453807831,"median":-0.721600532532,"min":-1.89964008331,"var":8.65739345551},"barkbands_skewness":{"dmean":0.43772867322,"dmean2":0.72071647644,"dvar":0.223164096475,"dvar2":0.579059839249,"max":7.16323757172,"mean":0.563584029675,"median":0.483900874853,"min":-3.62950086594,"var":0.755097091198},"barkbands_spread":{"dmean":6.09697198868,"dmean2":9.86752223969,"dvar":34.1611061096,"dvar2":86.9702606201,"max":127.352409363,"mean":37.0654792786,"median":36.7313232422,"min":3.13688659668,"var":209.449172974},"dissonance":{"dmean":0.00947546120733,"dmean2":0.0161271747202,"dvar":0.0000964555874816,"dvar2":0.00026746437652,"max":0.500000059605,"mean":0.483628183603,"median":0.487416625023,"min":0.304046869278,"var":0.000201544316951},"dynamic_complexity":4.3026638031,"erbbands":{"dmean":[0.054828286171,0.68169772625,3.13530921936,5.67147636414,3.31449747086,2.51189470291,1.71206438541,1.66115498543,3.06032991409,4.18566465378,10.1733446121,15.0219688416,10.2247123718,19.3263225555,10.3141155243,11.0897731781,23.7601718903,16.5809173584,22.9714374542,20.417974472,17.6952552795,17.9925079346,16.8096504211,12.8104438782,15.9844684601,11.9057788849,9.09432697296,6.29332256317,6.09477090836,4.05562496185,2.13710618019,1.20006358624,0.584612309933,0.374170273542,0.18472391367,0.0948086902499,0.0465331450105,0.0137769160792,0.00242621079087,0.000132869885419],"dmean2":[0.0965285673738,1.20769190788,5.5202870369,9.66005897522,5.73549509048,4.26618528366,2.88744330406,2.77121663094,5.05639600754,6.61784887314,16.0306529999,22.9868125916,16.1025562286,30.9209060669,16.3786373138,17.5078220367,39.3547821045,27.0895233154,37.7735290527,33.502872467,28.5392894745,29.0974960327,27.3958053589,20.9040126801,26.090473175,19.3849220276,14.6137666702,9.79323673248,9.31816387177,6.18430900574,3.19309973717,1.7763646841,0.847032427788,0.550387024879,0.268643558025,0.137821778655,0.0673830881715,0.0199881773442,0.00353879900649,0.000192311228602],"dvar":[0.0220615640283,3.41011118889,37.7518463135,139.636199951,41.6681289673,18.1644763947,11.76841259,15.1862077713,35.7201423645,100.628364563,676.994628906,1300.64990234,639.360595703,2913.5402832,961.628662109,503.80355835,2663.41650391,903.887084961,2504.1328125,1697.83105469,1916.30053711,1153.43225098,902.532287598,404.67489624,472.913238525,287.54208374,240.428390503,138.544799805,155.926879883,91.6815032959,37.1276130676,9.90950107574,2.36767268181,1.07686269283,0.311000049114,0.0543499216437,0.0124499965459,0.00110689923167,0.0000351019007212,9.96319329261e-8],"dvar2":[0.0612078309059,9.52213191986,107.162391663,353.482421875,114.06842041,49.3865509033,30.5255451202,37.6962738037,89.9275817871,236.635467529,1631.72644043,2904.88208008,1532.03723145,7491.8125,2413.87670898,1216.76721191,7505.07470703,2280.63110352,6779.99511719,4315.79345703,5065.20361328,2834.69750977,2196.21533203,1021.37243652,1210.13952637,722.907714844,566.667114258,296.668762207,321.159057617,189.922348022,76.6602935791,19.9096755981,4.50567817688,2.48737025261,0.76811170578,0.122520275414,0.0270523671061,0.00247235270217,0.0000788257893873,2.22578151465e-7],"max":[1.43679249287,18.8641700745,62.9467506409,185.973297119,139.625656128,93.9493408203,118.67653656,97.7674102783,209.110641479,278.928344727,719.156066895,997.395507812,843.878234863,1371.60668945,1371.83032227,788.684143066,2282.69604492,967.216430664,1470.37158203,735.534851074,1594.69604492,1357.32836914,1291.69763184,803.601501465,596.027526855,289.70602417,376.438659668,212.489974976,276.637359619,250.143386841,226.268768311,87.6114501953,66.3027954102,23.4349079132,12.7589139938,6.18962621689,2.1653008461,0.489753007889,0.171903893352,0.01005849801],"mean":[0.0613675676286,0.726538479328,3.69525980949,6.66246032715,4.67482805252,4.05728387833,2.65038323402,2.53167080879,5.02073478699,8.48805713654,19.1572952271,28.038433075,19.5075836182,34.6119613647,19.0554428101,23.3623065948,42.7212753296,34.5651435852,44.7410316467,40.9301452637,38.4258041382,40.7051315308,39.5425949097,31.4207515717,39.4132766724,30.8801689148,20.8531780243,14.8561706543,14.4263944626,9.54523563385,5.19857120514,2.85419273376,1.42178785801,0.831375598907,0.380160152912,0.190341755748,0.0856107398868,0.0239760503173,0.00418992806226,0.000248132739216],"median":[0.0269691105932,0.311362326145,1.93830776215,3.15933680534,2.97456121445,2.35770344734,1.43382716179,1.34589648247,2.52608633041,3.69712281227,6.79648399353,7.130610466,6.39947605133,9.85228347778,8.35258674622,13.164264679,21.3274383545,20.1245536804,22.2950248718,18.6717987061,19.8632164001,25.2373352051,24.5671043396,22.6931190491,30.1258964539,22.4827003479,12.6225166321,9.11446380615,7.68367147446,4.68044567108,2.42225027084,1.35953426361,0.626247525215,0.34179097414,0.143876254559,0.0614789500833,0.0230226628482,0.00576356332749,0.00089754210785,0.0000772068378865],"min":[1.3058666648e-10,7.02300495536e-10,3.40178862857e-9,2.94353057484e-8,1.49984220599e-8,1.32038149303e-8,1.3842663904e-8,3.90257826055e-9,5.48949508072e-9,6.98891744477e-9,7.50605444466e-9,1.2087067347e-8,1.24220971287e-8,1.81231971652e-8,1.61771342988e-8,1.80562604868e-8,2.38409967324e-8,2.2132828903e-8,5.40263975779e-8,4.74164565389e-8,6.20895619363e-8,6.41152837488e-8,6.62964652065e-8,8.33862614513e-8,1.01168730282e-7,9.58235304438e-8,1.11427588934e-7,1.21751753568e-7,1.43386273521e-7,1.19489627082e-7,1.49161138552e-7,1.54584739676e-7,1.44595546203e-7,1.31106261847e-7,9.17233862197e-8,5.97976566041e-8,3.84772391726e-8,1.39853053582e-8,3.97315158551e-9,5.77474901231e-10],"var":[0.0171989277005,2.58793902397,32.517742157,151.836364746,41.1491165161,28.3977775574,17.1699542999,20.685464859,77.1278076172,360.486053467,1767.83312988,4902.97460938,1741.53833008,7623.8671875,1909.3548584,1422.71374512,6281.93896484,2197.37841797,5457.26806641,3769.20043945,4784.97558594,3419.79541016,2917.9753418,1108.04321289,1389.52124023,907.235046387,637.264831543,362.294342041,446.769592285,269.973846436,116.034477234,26.7010765076,6.71424531937,2.14208078384,0.493945121765,0.114193044603,0.0240176171064,0.00196935771964,0.0000607321599091,1.72288878275e-7]},"erbbands_crest":{"dmean":2.18005537987,"dmean2":3.58871984482,"dvar":4.57826089859,"dvar2":11.7725229263,"max":29.9146938324,"mean":7.82140016556,"median":6.73983573914,"min":2.1774597168,"var":15.2967386246},"erbbands_flatness_db":{"dmean":0.013440830633,"dmean2":0.0198768731207,"dvar":0.00016880822659,"dvar2":0.000321745756082,"max":0.33660954237,"mean":0.142217084765,"median":0.137021943927,"min":0.0293240509927,"var":0.00186750723515},"erbbands_kurtosis":{"dmean":0.707915425301,"dmean2":1.15095746517,"dvar":1.01830911636,"dvar2":2.64762783051,"max":33.5354042053,"mean":0.523007214069,"median":0.120913282037,"min":-1.73112142086,"var":3.31904649734},"erbbands_skewness":{"dmean":0.275882452726,"dmean2":0.43581828475,"dvar":0.0606873072684,"dvar2":0.146118104458,"max":2.3241519928,"mean":-0.346763759851,"median":-0.39955419302,"min":-4.32104825974,"var":0.42097222805},"erbbands_spread":{"dmean":6.62024688721,"dmean2":10.7237768173,"dvar":48.1747779846,"dvar2":119.681999207,"max":112.458122253,"mean":34.8614120483,"median":32.6557312012,"min":2.76750564575,"var":209.47203064},"gfcc":{"cov":[[22270.59375,1192.08618164,-351.634765625,1206.54956055,-131.651916504,388.451019287,120.106765747,23.5800151825,-84.0172805786,-17.9010009766,-182.991149902,-3.77038192749,-124.241645813],[1192.08618164,891.819519043,-267.774169922,248.475814819,-9.62645721436,30.9568786621,71.5635757446,9.97194766998,36.7420387268,-33.3098602295,87.5947418213,-55.8084983826,44.0021972656],[-351.634765625,-267.774169922,995.749450684,50.9632759094,243.229507446,68.9314422607,70.9919509888,0.00499405432492,-23.4957447052,63.4216957092,-57.5518493652,33.9629631042,-75.2822341919],[1206.54956055,248.475814819,50.9632759094,496.608856201,9.83306407928,90.9594955444,-17.3301753998,-25.6576385498,28.7566699982,-35.1719512939,-1.13303542137,-15.7244968414,37.7978248596],[-131.651916504,-9.62645721436,243.229507446,9.83306407928,337.957519531,34.9281082153,55.0871162415,20.2913455963,-5.41169595718,22.8781509399,6.33361959457,18.297372818,-5.62333917618],[388.451019287,30.9568786621,68.9314422607,90.9594955444,34.9281082153,183.446533203,65.9058761597,7.33055305481,-18.0955162048,-8.90943813324,-2.40321755409,-9.27768230438,-0.0856843143702],[120.106765747,71.5635757446,70.9919509888,-17.3301753998,55.0871162415,65.9058761597,169.489395142,45.347114563,7.19304609299,-3.15493083,-12.9998788834,-14.5208673477,-5.51656532288],[23.5800151825,9.97194766998,0.00499405432492,-25.6576385498,20.2913455963,7.33055305481,45.347114563,98.7030410767,41.9261322021,7.741106987,-13.4109096527,-7.343334198,4.01748752594],[-84.0172805786,36.7420387268,-23.4957447052,28.7566699982,-5.41169595718,-18.0955162048,7.19304609299,41.9261322021,97.9789886475,21.2436408997,-4.33147716522,-11.4941911697,6.08331680298],[-17.9010009766,-33.3098602295,63.4216957092,-35.1719512939,22.8781509399,-8.90943813324,-3.15493083,7.741106987,21.2436408997,70.545791626,20.7103366852,0.733337879181,-20.9414806366],[-182.991149902,87.5947418213,-57.5518493652,-1.13303542137,6.33361959457,-2.40321755409,-12.9998788834,-13.4109096527,-4.33147716522,20.7103366852,79.9677734375,20.2120380402,7.67564582825],[-3.77038192749,-55.8084983826,33.9629631042,-15.7244968414,18.297372818,-9.27768230438,-14.5208673477,-7.343334198,-11.4941911697,0.733337879181,20.2120380402,69.5092163086,20.4926967621],[-124.241645813,44.0021972656,-75.2822341919,37.7978248596,-5.62333917618,-0.0856843143702,-5.51656532288,4.01748752594,6.08331680298,-20.9414806366,7.67564582825,20.4926967621,72.6609573364]],"icov":[[0.0000727887745597,-0.000129081483465,0.000105711675133,-0.000195460030227,0.0000189050642803,-0.0000782579154475,-0.000012286142919,-0.000100003962871,0.000252497615293,-0.000364512816304,0.00054408313008,-0.000443189754151,0.000361122918548],[-0.000129081483465,0.00234872149304,0.000181242125109,-0.000756138935685,-0.000175230728928,0.000813072896563,-0.00136618618853,0.0000538708918612,-0.000651356880553,0.0016691875644,-0.00400940235704,0.00283592240885,-0.00102191825863],[0.000105711675133,0.000181242125109,0.00195683538914,-0.00094199180603,-0.000938881421462,-0.000175768247573,-0.000736395071726,0.000130794171127,0.00089338584803,-0.00220291013829,0.00234962371178,-0.00205833185464,0.00207505282015],[-0.000195460030227,-0.000756138935685,-0.00094199180603,0.00398471252993,-0.0000290290245175,-0.00183737406041,0.00172110693529,0.00156012934167,-0.00265255873092,0.00240300269797,-0.00066026870627,0.00143877626397,-0.00230650324374],[0.0000189050642803,-0.000175230728928,-0.000938881421462,-0.0000290290245175,0.0038894424215,-0.000111897323222,-0.000719329807907,-0.000720436568372,0.000492861494422,-0.000593865348492,-0.000625560060143,-0.000526437186636,-0.000530977034941],[-0.0000782579154475,0.000813072896563,-0.000175768247573,-0.00183737406041,-0.000111897323222,0.00802628137171,-0.00342797744088,-0.000620071485173,0.00217861891724,0.000356708362233,-0.00199673743919,0.00170061772224,-0.000425973383244],[-0.000012286142919,-0.00136618618853,-0.000736395071726,0.00172110693529,-0.000719329807907,-0.00342797744088,0.00956423766911,-0.00310162617825,-0.000336634984706,0.00109823723324,0.00150996726006,0.000542031601071,0.0000183016964002],[-0.000100003962871,0.0000538708918612,0.000130794171127,0.00156012934167,-0.000720436568372,-0.000620071485173,-0.00310162617825,0.015392110683,-0.00684641022235,0.0000625030443189,0.00164340203628,0.000299327861285,-0.00168950227089],[0.000252497615293,-0.000651356880553,0.00089338584803,-0.00265255873092,0.000492861494422,0.00217861891724,-0.000336634984706,-0.00684641022235,0.0169162172824,-0.00786390993744,0.00378423230723,-0.000255548628047,-0.000485030643176],[-0.000364512816304,0.0016691875644,-0.00220291013829,0.00240300269797,-0.000593865348492,0.000356708362233,0.00109823723324,0.0000625030443189,-0.00786390993744,0.0250851605088,-0.0123128080741,0.00458052614704,0.00276482803747],[0.00054408313008,-0.00400940235704,0.00234962371178,-0.00066026870627,-0.000625560060143,-0.00199673743919,0.00150996726006,0.00164340203628,0.00378423230723,-0.0123128080741,0.0264576971531,-0.011861323379,0.00279410113581],[-0.000443189754151,0.00283592240885,-0.00205833185464,0.00143877626397,-0.000526437186636,0.00170061772224,0.000542031601071,0.000299327861285,-0.000255548628047,0.00458052614704,-0.011861323379,0.0247127916664,-0.00974561460316],[0.000361122918548,-0.00102191825863,0.00207505282015,-0.00230650324374,-0.000530977034941,-0.000425973383244,0.0000183016964002,-0.00168950227089,-0.000485030643176,0.00276482803747,0.00279410113581,-0.00974561460316,0.0216926988214]],"mean":[-1.02080094814,55.6920280457,-129.358627319,39.8084640503,-41.5907745361,12.6795692444,-23.9547805786,4.79986190796,-22.3977336884,-1.51343142986,-19.8612442017,-8.02112388611,-18.8642959595]},"hfc":{"dmean":6.35163116455,"dmean2":9.26593017578,"dvar":85.0734710693,"dvar2":168.361846924,"max":179.396453857,"mean":27.011259079,"median":23.5667819977,"min":0.00000157799490808,"var":434.889587402},"melbands":{"dmean":[0.000618712801952,0.00139284902252,0.000873228418641,0.000199239788344,0.0000653333408991,0.0000373180009774,0.0000475331798953,0.0000492368526466,0.0000970231849351,0.0000872752571013,0.0000526147268829,0.0000831328143249,0.000036635552533,0.0000282314831566,0.0000456317939097,0.0000434028734162,0.0000339878461091,0.000037818637793,0.0000308261405735,0.0000296210127999,0.0000216445332626,0.0000189505517483,0.0000235800143855,0.0000140835682032,0.0000112130419438,0.0000119836431622,0.0000115991879284,0.00000800690668257,0.00000687388865117,0.00000449215713161,0.00000390690729546,0.00000393936397813,0.0000031327083434,0.00000215449222196,0.00000137117160648,0.0000010386941085,6.71026441523e-7,4.49589151685e-7,3.77145454422e-7,3.27167583691e-7],"dmean2":[0.00109296943992,0.00244939560071,0.00148276018444,0.000343256193446,0.000110222332296,0.0000619869388174,0.0000783619761933,0.0000773541250965,0.000152134132804,0.000133230772917,0.0000832348960103,0.000133343957714,0.0000583407963859,0.0000446822486992,0.0000746195364627,0.0000711680258974,0.0000557060520805,0.0000622128936811,0.0000503083792864,0.0000486380995426,0.0000352229071723,0.0000307494774461,0.0000389878914575,0.0000232177826547,0.0000184080581676,0.0000196967703232,0.0000190269456652,0.0000131476062961,0.0000111199933599,0.0000072671741691,0.00000614238888375,0.00000612840540271,0.00000487597162646,0.00000335565596288,0.00000211230235436,0.00000158473426382,0.00000101243347217,6.73490831105e-7,5.56792940642e-7,4.98493079704e-7],"dvar":[0.00000295764243674,0.00000835955688672,0.00000318692354995,1.14619389535e-7,1.55170418736e-8,6.80025991073e-9,8.5570066588e-9,1.44342005015e-8,5.56233281657e-8,4.33417426393e-8,1.79562178459e-8,5.52053194269e-8,1.4139398985e-8,3.47765083397e-9,9.21838072543e-9,8.11466183137e-9,4.06062206082e-9,6.48494902222e-9,4.27917568047e-9,4.31495106312e-9,2.78828338196e-9,1.72021175082e-9,1.63940605535e-9,7.42890915451e-10,3.23002125047e-10,2.92168261806e-10,2.24711027563e-10,1.46094636388e-10,1.4866781417e-10,6.26946133897e-11,5.53800928726e-11,6.23467943939e-11,4.64925910271e-11,2.86544225847e-11,1.48971893849e-11,9.36095385234e-12,3.02806542861e-12,1.40687851993e-12,9.0931878997e-13,9.0545068188e-13],"dvar2":[0.00000823137906991,0.0000234084036492,0.00000807586729934,3.15539978146e-7,4.12786000936e-8,1.69214082746e-8,2.13002131488e-8,3.29230296359e-8,1.33203812425e-7,9.69679945229e-8,4.33029718749e-8,1.42560381278e-7,3.67111852029e-8,8.31195556827e-9,2.46624587419e-8,2.11109121295e-8,1.03489306014e-8,1.70246874376e-8,1.11240581191e-8,1.14915188476e-8,7.12704650851e-9,4.1804306683e-9,4.15544265664e-9,1.88465132389e-9,8.16393286307e-10,7.27384874555e-10,5.77440206762e-10,3.73158476341e-10,3.68921226901e-10,1.46415782276e-10,1.23685645059e-10,1.34347311054e-10,9.81977832382e-11,6.40058145374e-11,3.18245152453e-11,2.07699898946e-11,6.22339853262e-12,2.79613094831e-12,1.93986862164e-12,2.22203332123e-12],"max":[0.0168960466981,0.0284511893988,0.0274156015366,0.00818014889956,0.00403906451538,0.00201650476083,0.00323049072176,0.00342190428637,0.00572613719851,0.00544672273099,0.00439438456669,0.00599460396916,0.00484901061282,0.00174123665784,0.00326702441089,0.00333159952424,0.00225649657659,0.0022664188873,0.00198184419423,0.00172647670843,0.00172613956966,0.00196526153013,0.00150144624058,0.00114260485861,0.00070144777419,0.000611629860941,0.000411806424381,0.000222440139623,0.000304775836412,0.000139274518006,0.000140175659908,0.000173845794052,0.00019518478075,0.000132601329824,0.000136607748573,0.000096688469057,0.0000606510075158,0.0000514828752785,0.0000284826364805,0.0000218510213017],"mean":[0.000660904101096,0.00164281064644,0.00109431403689,0.000320875376929,0.000104075756099,0.0000569119329157,0.000079015197116,0.0000995615773718,0.000181765994057,0.000159161689226,0.0000944144921959,0.000145985250128,0.0000605234854447,0.0000552032033738,0.000083277169324,0.000078419863712,0.0000634397365502,0.0000704382619006,0.0000567875576962,0.0000545301336388,0.0000428339590144,0.0000391583816963,0.0000474111875519,0.0000290828011202,0.0000244161656155,0.000027213456633,0.000027836595109,0.0000185118460649,0.0000142381686601,0.00000934633590077,0.00000838911546452,0.00000862823162606,0.00000679694267092,0.00000466876053906,0.00000310788095703,0.00000224663153858,0.0000015068145558,0.00000100139550341,8.3156578512e-7,6.61539615976e-7],"median":[0.000276499602478,0.000849986332469,0.000573617813643,0.000200002134079,0.0000615037206444,0.0000302420867229,0.0000391482026316,0.0000407333136536,0.0000585032466915,0.0000395219176426,0.0000258787003986,0.0000379825869459,0.0000229759025387,0.0000292784079647,0.0000422781304223,0.0000412906083511,0.0000346469314536,0.0000335262448061,0.0000263266083493,0.0000236203741224,0.000021195570298,0.0000223169499804,0.0000287680559268,0.0000152680913743,0.000016876085283,0.000019627448637,0.0000222028484131,0.0000121899774967,0.00000787059707363,0.00000556499026061,0.00000497328528581,0.00000453920938526,0.00000341509758073,0.00000209531617656,0.00000138278869599,0.00000101828459265,6.93023025633e-7,4.38696645233e-7,3.37330391176e-7,2.62890409886e-7],"min":[1.37537279742e-12,1.45830645736e-12,4.03781348635e-12,8.27239427133e-13,4.8599053384e-13,8.20487476788e-14,7.80094508413e-14,7.53394200324e-14,4.79923413022e-14,8.28027764085e-14,5.90545272188e-14,6.66644406236e-14,6.43147576754e-14,3.28349272685e-14,3.00511670398e-14,5.0118373671e-14,4.2497038874e-14,7.16697006104e-14,6.22360304026e-14,6.03612212297e-14,5.59499549555e-14,5.14861794149e-14,5.74132687464e-14,5.87034151216e-14,6.204073171e-14,5.69991509504e-14,6.00433399289e-14,4.54879833616e-14,6.36372736191e-14,6.24085405207e-14,6.64875598154e-14,7.27662694639e-14,5.05909638455e-14,6.27508638042e-14,6.83104153755e-14,9.11758461699e-14,9.17328008259e-14,7.95028173611e-14,8.16915843782e-14,9.86990640584e-14],"var":[0.00000224705127039,0.00000702132001607,0.00000349938136424,1.57522663358e-7,2.0965297054e-8,9.51559897544e-9,1.9372153659e-8,5.62356632372e-8,1.56256376727e-7,1.54869695734e-7,4.81365773908e-8,1.44626511656e-7,2.53714791398e-8,8.60129034663e-9,2.2501312813e-8,1.91204776456e-8,8.91774920575e-9,1.43938168051e-8,8.86561846158e-9,7.93196797133e-9,6.9751782128e-9,4.42242020782e-9,4.47449766128e-9,1.78087533609e-9,7.76993025475e-10,8.01937183326e-10,6.37484842692e-10,4.14216383415e-10,3.6613437282e-10,1.41446049318e-10,1.29329186249e-10,1.61541446886e-10,1.22123561264e-10,7.99481383873e-11,4.79820072563e-11,2.00791848426e-11,7.76226912608e-12,3.66321859999e-12,2.20544871428e-12,1.46553830269e-12]},"melbands_crest":{"dmean":3.47492694855,"dmean2":5.83265161514,"dvar":8.20767307281,"dvar2":22.2114543915,"max":29.2856502533,"mean":12.7288227081,"median":12.2408094406,"min":2.96929883957,"var":20.674407959},"melbands_flatness_db":{"dmean":0.0238443370908,"dmean2":0.0398021936417,"dvar":0.000581229047384,"dvar2":0.00152582291048,"max":0.366602957249,"mean":0.134745806456,"median":0.128086298704,"min":0.0305405203253,"var":0.00177562632598},"melbands_kurtosis":{"dmean":3.96062493324,"dmean2":6.78314065933,"dvar":63.5054969788,"dvar2":173.848236084,"max":186.113265991,"mean":5.00219917297,"median":2.12130999565,"min":-1.80486238003,"var":105.965072632},"melbands_skewness":{"dmean":0.66691160202,"dmean2":1.10289478302,"dvar":0.596563637257,"dvar2":1.53677356243,"max":11.3886938095,"mean":1.79802262783,"median":1.56663155556,"min":-2.62562608719,"var":1.74934446812},"melbands_spread":{"dmean":10.7736139297,"dmean2":17.7426967621,"dvar":117.372375488,"dvar2":295.872802734,"max":202.007659912,"mean":45.080657959,"median":43.8944511414,"min":1.65558600426,"var":392.716369629},"mfcc":{"cov":[[14003.6259766,1198.61474609,21.3310394287,870.940246582,152.43800354,551.302734375,164.870101929,307.513671875,204.598892212,95.9515380859,49.1164093018,-42.0429954529,-68.5378646851],[1198.61474609,735.033752441,-126.389511108,126.032608032,32.2702980042,29.9415092468,101.488426208,38.7779769897,4.59629917145,50.0529022217,43.6308288574,13.5052928925,15.8585538864],[21.3310394287,-126.389511108,580.58416748,118.109405518,77.0620269775,117.690353394,44.8317146301,9.93071937561,36.2511405945,-28.0863246918,45.0598068237,19.13189888,2.0483622551],[870.940246582,126.032608032,118.109405518,316.432281494,118.346878052,82.343421936,6.95059108734,25.4960632324,48.8284950256,-14.4575214386,2.67890882492,27.2797470093,17.445514679],[152.43800354,32.2702980042,77.0620269775,118.346878052,228.225204468,69.5906143188,36.5841026306,5.18853282928,12.5197296143,-2.52423214912,-6.6758852005,11.9685316086,35.8113441467],[551.302734375,29.9415092468,117.690353394,82.343421936,69.5906143188,172.091308594,84.2512207031,31.8665809631,22.3277072906,-12.3864345551,15.8943872452,5.03314113617,-1.1202391386],[164.870101929,101.488426208,44.8317146301,6.95059108734,36.5841026306,84.2512207031,161.20211792,45.6109237671,18.8925704956,5.30619764328,19.7341423035,-4.63932704926,2.72193980217],[307.513671875,38.7779769897,9.93071937561,25.4960632324,5.18853282928,31.8665809631,45.6109237671,96.6248779297,51.6848449707,8.93671035767,1.92427003384,-2.09951734543,-3.38045501709],[204.598892212,4.59629917145,36.2511405945,48.8284950256,12.5197296143,22.3277072906,18.8925704956,51.6848449707,110.187805176,35.2033424377,7.78752040863,-0.367064207792,-0.964485883713],[95.9515380859,50.0529022217,-28.0863246918,-14.4575214386,-2.52423214912,-12.3864345551,5.30619764328,8.93671035767,35.2033424377,94.9920806885,32.5595855713,-8.47009086609,-3.22940158844],[49.1164093018,43.6308288574,45.0598068237,2.67890882492,-6.6758852005,15.8943872452,19.7341423035,1.92427003384,7.78752040863,32.5595855713,80.9978637695,23.5503368378,-4.90361404419],[-42.0429954529,13.5052928925,19.13189888,27.2797470093,11.9685316086,5.03314113617,-4.63932704926,-2.09951734543,-0.367064207792,-8.47009086609,23.5503368378,63.2865409851,26.1957645416],[-68.5378646851,15.8585538864,2.0483622551,17.445514679,35.8113441467,-1.1202391386,2.72193980217,-3.38045501709,-0.964485883713,-3.22940158844,-4.90361404419,26.1957645416,67.1133956909]],"icov":[[0.000116525865451,-0.000144720252138,0.0000479138834635,-0.000240193490754,0.000122467550682,-0.000399434065912,0.00021797887166,-0.000250576471444,0.0000641513979645,-0.000117060328193,0.0000253963771684,0.000167093341588,0.0000526169060322],[-0.000144720252138,0.00222679949366,0.000625658954959,-0.00111944030505,0.000151005660882,0.000945304112975,-0.00185821577907,-0.0000673729518894,0.000935391813982,-0.00084351276746,-0.000885619374458,-0.000115169794299,-0.000441807380412],[0.0000479138834635,0.000625658954959,0.00252318079583,-0.000879556697328,-0.000155060988618,-0.00110678432975,-0.000290932424832,0.000362899532774,-0.000621392333414,0.0010325742187,-0.00200993823819,0.000582413631491,-0.000186369856237],[-0.000240193490754,-0.00111944030505,-0.000879556697328,0.00635383650661,-0.00247950293124,-0.00106620532461,0.00205133506097,0.000378880504286,-0.00269190431572,0.00181634176988,0.000625024724286,-0.00187287980225,0.000460995244794],[0.000122467550682,0.000151005660882,-0.000155060988618,-0.00247950293124,0.00674129743129,-0.001872648485,-0.000900577288121,0.000481507187942,0.000818671367597,-0.00149892875925,0.00132809404749,0.000542093068361,-0.00300387223251],[-0.000399434065912,0.000945304112975,-0.00110678432975,-0.00106620532461,-0.001872648485,0.0119644356892,-0.00561732286587,0.000106235391286,-0.000211668404518,0.00170537782833,-0.00117326457985,-0.000563358305953,0.00132494966965],[0.00021797887166,-0.00185821577907,-0.000290932424832,0.00205133506097,-0.000900577288121,-0.00561732286587,0.0117321973667,-0.00404736632481,-0.000144215737237,0.000810725672636,-0.0018436248647,0.00236927345395,-0.00117810559459],[-0.000250576471444,-0.0000673729518894,0.000362899532774,0.000378880504286,0.000481507187942,0.000106235391286,-0.00404736632481,0.016832171008,-0.00767155922949,0.00160530919675,0.000931218790356,-0.000742064556107,0.000731960986741],[0.0000641513979645,0.000935391813982,-0.000621392333414,-0.00269190431572,0.000818671367597,-0.000211668404518,-0.000144215737237,-0.00767155922949,0.0160024501383,-0.00700217252597,0.00170110038016,-0.000703329103999,0.0000341029954143],[-0.000117060328193,-0.00084351276746,0.0010325742187,0.00181634176988,-0.00149892875925,0.00170537782833,0.000810725672636,0.00160530919675,-0.00700217252597,0.0177948996425,-0.00902748573571,0.00565457902849,-0.00165867351461],[0.0000253963771684,-0.000885619374458,-0.00200993823819,0.000625024724286,0.00132809404749,-0.00117326457985,-0.0018436248647,0.000931218790356,0.00170110038016,-0.00902748573571,0.0216530561447,-0.01104862988,0.00501214852557],[0.000167093341588,-0.000115169794299,0.000582413631491,-0.00187287980225,0.000542093068361,-0.000563358305953,0.00236927345395,-0.000742064556107,-0.000703329103999,0.00565457902849,-0.01104862988,0.0258242357522,-0.0103902351111],[0.0000526169060322,-0.000441807380412,-0.000186369856237,0.000460995244794,-0.00300387223251,0.00132494966965,-0.00117810559459,0.000731960986741,0.0000341029954143,-0.00165867351461,0.00501214852557,-0.0103902351111,0.0209961719811]],"mean":[-633.880187988,85.9694595337,-21.5058498383,30.1657562256,3.24158477783,13.2964668274,5.7298989296,6.87731218338,0.713071346283,6.53796625137,2.42745661736,-2.09754824638,-3.01449942589]},"pitch_salience":{"dmean":0.0672435164452,"dmean2":0.113006010652,"dvar":0.0037315224763,"dvar2":0.0103012910113,"max":0.90734988451,"mean":0.575584948063,"median":0.579852104187,"min":0.197463735938,"var":0.00897455681115},"silence_rate_20dB":{"dmean":0,"dmean2":0,"dvar":0,"dvar2":0,"max":1,"mean":1,"median":1,"min":1,"var":0},"silence_rate_30dB":{"dmean":0.001215805416,"dmean2":0.00243182224222,"dvar":0.00121432729065,"dvar2":0.00329441623762,"max":1,"mean":0.999218463898,"median":1,"min":0,"var":0.000780910602771},"silence_rate_60dB":{"dmean":0.00607902742922,"dmean2":0.0121591109782,"dvar":0.00604207254946,"dvar2":0.0132271777838,"max":1,"mean":0.0879645720124,"median":0,"min":0,"var":0.0802268087864},"spectral_centroid":{"dmean":238.663635254,"dmean2":389.497680664,"dvar":48404,"dvar2":124011.148438,"max":4711.2265625,"mean":2241.16796875,"median":2280.09033203,"min":432.474853516,"var":226772.71875},"spectral_complexity":{"dmean":4.16621780396,"dmean2":6.49991321564,"dvar":18.7517032623,"dvar2":41.5399093628,"max":62,"mean":27.8120880127,"median":29,"min":0,"var":186.96572876},"spectral_contrast_coeffs":{"dmean":[0.0504217296839,0.0435509718955,0.0367438569665,0.0293386690319,0.0205660574138,0.0167181622237],"dmean2":[0.0845615267754,0.0721686035395,0.0601917766035,0.0486142002046,0.033989302814,0.0276914983988],"dvar":[0.00166542839725,0.00124570389744,0.000908936839551,0.000547093572095,0.000290049269097,0.000278594874544],"dvar2":[0.00456394953653,0.00334226060659,0.00239364709705,0.00148243887816,0.000769629434217,0.000701676588506],"max":[-0.324889600277,-0.46696138382,-0.476270109415,-0.553962111473,-0.581326246262,-0.546487510204],"mean":[-0.655096054077,-0.771106004715,-0.776715397835,-0.786313831806,-0.787306964397,-0.732725143433],"median":[-0.655699133873,-0.778889477253,-0.782436847687,-0.789651155472,-0.786983013153,-0.727338552475],"min":[-0.968883574009,-0.961412012577,-0.959822177887,-0.943098247051,-0.941784799099,-0.93339574337],"var":[0.00562375411391,0.00504759233445,0.00431761611253,0.00255492306314,0.00174515787512,0.00229240278713]},"spectral_contrast_valleys":{"dmean":[0.382890403271,0.33849093318,0.280360013247,0.23011508584,0.190722480416,0.17686355114],"dmean2":[0.636345624924,0.55799895525,0.450565248728,0.369304656982,0.305235773325,0.240558326244],"dvar":[0.109191574156,0.0803058221936,0.0534367747605,0.0409719832242,0.0492971763015,0.0641953349113],"dvar2":[0.278653144836,0.212835162878,0.129082083702,0.0934494882822,0.109131135046,0.102566562593],"max":[-5.32580709457,-5.22374820709,-5.35552310944,-5.56579065323,-5.14975547791,-7.59978961945],"mean":[-7.67234802246,-7.25879144669,-7.48718166351,-7.34614133835,-7.04048776627,-10.0043325424],"median":[-7.19607162476,-6.93547058105,-7.19962692261,-7.02915096283,-6.71254634857,-9.74388504028],"min":[-17.002122879,-16.6634349823,-16.8014278412,-16.746055603,-16.0228862762,-17.3990192413],"var":[2.84311103821,2.02794694901,1.98417687416,2.01164197922,2.0623190403,1.88877940178]},"spectral_decrease":{"dmean":2.11481232526e-9,"dmean2":3.53254980823e-9,"dvar":1.44330245222e-17,"dvar2":3.78046884751e-17,"max":-6.9068394144e-18,"mean":-5.04384312094e-9,"median":-4.07776834521e-9,"min":-3.57035290222e-8,"var":1.93508829247e-17},"spectral_energy":{"dmean":0.00840203650296,"dmean2":0.013935694471,"dvar":0.000218480825424,"dvar2":0.000565513037145,"max":0.144345402718,"mean":0.0214866362512,"median":0.0176727864891,"min":2.1162559205e-10,"var":0.000321620085742},"spectral_energyband_high":{"dmean":0.000499686226249,"dmean2":0.000719603209291,"dvar":9.29836005525e-7,"dvar2":0.00000170542216438,"max":0.019608868286,"mean":0.00153792242054,"median":0.000993323628791,"min":1.04894155861e-10,"var":0.00000340383712683},"spectral_energyband_low":{"dmean":0.00637543993071,"dmean2":0.0110486671329,"dvar":0.000171722567757,"dvar2":0.000463767384645,"max":0.114776819944,"mean":0.00801245495677,"median":0.00435489229858,"min":2.0997382652e-11,"var":0.000156118272571},"spectral_energyband_middle_high":{"dmean":0.00190239911899,"dmean2":0.00296817952767,"dvar":0.00000677273919791,"dvar2":0.0000171445954038,"max":0.0536276139319,"mean":0.0075045931153,"median":0.00600224314258,"min":1.73462841313e-11,"var":0.0000411129294662},"spectral_energyband_middle_low":{"dmean":0.00280457711779,"dmean2":0.00464723352343,"dvar":0.000023712456823,"dvar2":0.0000605338755122,"max":0.0736450478435,"mean":0.00587119860575,"median":0.00426841527224,"min":2.8054860518e-11,"var":0.0000370672642021},"spectral_entropy":{"dmean":0.0803662538528,"dmean2":0.123602963984,"dvar":0.00610533449799,"dvar2":0.0124543067068,"max":8.81654644012,"mean":7.91158628464,"median":7.91405057907,"min":6.82474327087,"var":0.0534730516374},"spectral_flux":{"dmean":0.0205288901925,"dmean2":0.0328098237514,"dvar":0.000882418185938,"dvar2":0.00186531140935,"max":0.329683750868,"mean":0.0811689868569,"median":0.0753526985645,"min":0.00000832806290418,"var":0.00214042072184},"spectral_kurtosis":{"dmean":0.932667732239,"dmean2":1.58752191067,"dvar":1.09336936474,"dvar2":3.20961380005,"max":21.294965744,"mean":3.99605369568,"median":3.63729572296,"min":-0.334763348103,"var":4.03845262527},"spectral_rms":{"dmean":0.000752875290345,"dmean2":0.0012209827546,"dvar":0.00000113424698611,"dvar2":0.00000279673145087,"max":0.0118669616058,"mean":0.00417597871274,"median":0.00415231799707,"min":4.54383098258e-7,"var":0.00000352377287527},"spectral_rolloff":{"dmean":613.867370605,"dmean2":1021.72937012,"dvar":575233,"dvar2":1358832.75,"max":18583.1542969,"mean":2854.60424805,"median":2670.1171875,"min":86.1328125,"var":3676607},"spectral_skewness":{"dmean":0.14737136662,"dmean2":0.243144661188,"dvar":0.0238735731691,"dvar2":0.0633460134268,"max":3.31703186035,"mean":1.23700845242,"median":1.22245430946,"min":-0.0314506068826,"var":0.123198911548},"spectral_spread":{"dmean":324881.1875,"dmean2":477385.21875,"dvar":142751350784,"dvar2":253941858304,"max":11721679,"mean":4252602.5,"median":4088709.75,"min":1784747.125,"var":1504445595650},"spectral_strongpeak":{"dmean":0.628180921078,"dmean2":1.09280025959,"dvar":1.16700422764,"dvar2":3.06294727325,"max":16.9500179291,"mean":0.905951440334,"median":0.345130383968,"min":0,"var":1.79943394661},"zerocrossingrate":{"dmean":0.00994817353785,"dmean2":0.0125001529232,"dvar":0.000103956699604,"dvar2":0.000145570680615,"max":0.45263671875,"mean":0.0952790826559,"median":0.08935546875,"min":0.01416015625,"var":0.00170459924266}},"metadata":{"audio_properties":{"analysis_sample_rate":44100,"bit_rate":0,"codec":"flac","downmix":"mix","equal_loudness":0,"length":267.373321533,"lossless":true,"md5_encoded":"a32cdda7319b87da3edea15a62ff8a76","replay_gain":-13.7032203674},"tags":{"acoustid_id":["cfcca47f-6e0e-4d15-9585-6c28ee21d4b4"],"album":["Cross Road: The Best of Bon Jovi"],"albumartist":["Bon Jovi"],"albumartistsort":["Bon Jovi"],"artist":["Bon Jovi"],"artists":["Bon Jovi"],"artistsort":["Bon Jovi"],"asin":["B000024F2G"],"barcode":["731452293626"],"catalognumber":["522 936-2"],"composer":["Jon Bon Jovi"],"composersort":["Bon Jovi, Jon"],"date":["1994-10-10"],"discnumber":["1"],"disctotal":["1"],"file_name":"13 In & Out of Love.flac","genre":["Rock; Hard Rock; Pop Rock"],"grouping":["Rock"],"isrc":["USPR39402230"],"label":["Mercury"],"language":["eng"],"lyricist":["Jon Bon Jovi"],"media":["CD"],"musicbrainz_albumartistid":["5dcdb5eb-cb72-4e6e-9e63-b7bace604965"],"musicbrainz_albumid":["e7c1b83b-f841-40e8-87d7-8071250e15e3"],"musicbrainz_artistid":["5dcdb5eb-cb72-4e6e-9e63-b7bace604965"],"musicbrainz_recordingid":["8bda68d1-2c9c-4b6f-8b3c-d3906585ba81"],"musicbrainz_releasegroupid":["83ec3494-9cec-3f5f-b5f8-306caf7676f9"],"musicbrainz_releasetrackid":["c32ec14a-33fb-3ac0-82eb-e14d5c67ba73"],"musicbrainz_workid":["23dcae30-1adf-45e2-a42b-7d33cf4c8642"],"originaldate":["1994-10-04"],"originalyear":["1994"],"producer":["Lance Quinn"],"releasecountry":["DE"],"releasestatus":["official"],"releasetype":["album","compilation"],"replaygain_album_gain":["-8.82 dB"],"replaygain_album_peak":["0.999969"],"replaygain_track_gain":["-8.61 dB"],"replaygain_track_peak":["0.999969"],"script":["Latn"],"title":["In & Out of Love"],"totaldiscs":["1"],"totaltracks":["15"],"tracknumber":["13"],"tracktotal":["15"],"work":["In & Out of Love"]},"version":{"essentia":"2.1-beta1","essentia_build_sha":"ed039d7e5a6e