{"lowlevel":{"average_loudness":0.776928424835,"barkbands":{"dmean":[0.00000651619029668,0.00169011962134,0.00289727794006,0.00342783518136,0.00522191310301,0.00080771377543,0.000512085272931,0.000382447789889,0.0005791450385,0.000538670632523,0.000230160483625,0.000255085382378,0.000170713377884,0.000193236439372,0.00017876275524,0.0000972284688032,0.0000992621135083,0.0000858165731188,0.0000540708133485,0.0000224729628826,0.000029732922485,0.0000347841123585,0.0000151195608851,0.00000833049580251,0.0000100304878288,0.00000501966542288,0.0000015921754084],"dmean2":[0.0000109660950329,0.00274724652991,0.00478146132082,0.00574878836051,0.00855387281626,0.00133739574812,0.000826271425467,0.000612178992014,0.000890890078153,0.000807829957921,0.000355616823072,0.000389718916267,0.000257399689872,0.000301558728097,0.000279000872979,0.000150970736286,0.000152255393914,0.000134284520755,0.0000862227025209,0.0000358229990525,0.0000470363593195,0.0000544215072296,0.0000238329193962,0.000012860006791,0.0000159641149367,0.00000797594566393,0.00000268374583356],"dvar":[2.33600666588e-10,0.00000820150489744,0.0000311454896291,0.0000328189962602,0.000149836356286,0.00000439213090431,0.00000137713493586,0.00000120588697428,0.00000231871467804,0.00000380394180866,6.86382804815e-7,5.70373742903e-7,1.94408428911e-7,2.42910772386e-7,1.72312283553e-7,7.03823559434e-8,5.70784521869e-8,5.02960908477e-8,1.47447583032e-8,2.10956674351e-9,2.76477662986e-9,6.32539487455e-9,1.40397959925e-9,9.10598541015e-10,1.08941411447e-9,1.56767515636e-10,2.61435647436e-11],"dvar2":[5.96517335527e-10,0.0000213123275898,0.0000791108541307,0.000087115317001,0.000373231770936,0.0000123564013847,0.00000314233398058,0.00000258265981756,0.00000446117292086,0.00000713457302481,0.00000127533292016,0.00000130327089209,3.59832284857e-7,5.39237532848e-7,3.86041875799e-7,1.451709295e-7,1.16437156805e-7,1.12571967747e-7,3.216572253e-8,4.74306860454e-9,6.4117648968e-9,1.3342491556e-8,3.22845949974e-9,1.86259985213e-9,2.46030551487e-9,3.85870307928e-10,7.16482081997e-11],"max":[0.000272197707091,0.0714236348867,0.171515703201,0.103214643896,0.215915635228,0.0613359026611,0.0299540702254,0.0361037179828,0.043771661818,0.0658688172698,0.0449368990958,0.0315502919257,0.0214445497841,0.0147115113214,0.0163865555078,0.0142083354294,0.0167657863349,0.0110908234492,0.00521888956428,0.00140502001159,0.00190125196241,0.0041018081829,0.0016882532509,0.0013565068366,0.00160512013827,0.000239586850512,0.000175638590008],"mean":[0.00000723951006876,0.00325384549797,0.00507336249575,0.00520449504256,0.00913582835346,0.00154699978884,0.000831954122987,0.00064974144334,0.00108007574454,0.00112337770406,0.000426962971687,0.00053120352095,0.000322438572766,0.000328112917487,0.000317963189445,0.000171138672158,0.000187291982002,0.000184571952559,0.000120746968605,0.0000496311440656,0.0000702310207998,0.0000873747703736,0.0000293838711514,0.0000164787215908,0.0000168154801941,0.00000905903561943,0.00000304413697449],"median":[0.00000225182338909,0.00145233352669,0.00260168337263,0.00298319756985,0.00602900935337,0.000917417579331,0.000340679107467,0.000172189233126,0.000389634224121,0.000243657181272,0.000124202546431,0.000120469194371,0.000107754793135,0.0000929006491788,0.000130399217596,0.0000686683924869,0.0000705823040335,0.0000652409798931,0.000063830811996,0.00002724830847,0.0000414260284742,0.0000334849100909,0.0000131341748784,0.00000698428311807,0.0000062100825744,0.00000419221396442,0.00000139563053381],"min":[1.96985667782e-23,1.27798319167e-22,2.59845792635e-24,1.45220978057e-23,3.71037003347e-23,3.97255426621e-23,3.11162776185e-23,3.28154019668e-23,9.11951605428e-23,2.25917141481e-23,1.24305344053e-22,1.03641050599e-22,5.81091287984e-23,1.14028240884e-22,1.2892794274e-22,1.67584449502e-22,1.18118882264e-22,1.80924907825e-22,1.65086777036e-22,4.73600482571e-22,5.38834255967e-22,6.75393071124e-22,4.56674632502e-22,1.09052000271e-21,1.25843423394e-21,1.52450689461e-21,2.43350821074e-21],"var":[2.54718163228e-10,0.0000220827259909,0.0000742108895793,0.0000476244422316,0.000168196973391,0.0000057202410062,0.0000033672945392,0.00000442197233497,0.00000771522991272,0.0000125506185213,0.00000273220803138,0.00000327845805259,6.62969966925e-7,6.06084142873e-7,3.72764588974e-7,1.8024586268e-7,1.83178585189e-7,1.89543925444e-7,4.88008247146e-8,6.63662902411e-9,1.03313642086e-8,3.56826532766e-8,3.2931597449e-9,2.01486360929e-9,1.87539161978e-9,2.13302334129e-10,2.83228961118e-11]},"barkbands_crest":{"dmean":2.35332608223,"dmean2":3.86301898956,"dvar":4.65717172623,"dvar2":11.7295951843,"max":25.7144088745,"mean":10.8083629608,"median":10.1050338745,"min":2.50169277191,"var":15.7220239639},"barkbands_flatness_db":{"dmean":0.0208933074027,"dmean2":0.0321348421276,"dvar":0.000395717477659,"dvar2":0.000912044080906,"max":0.412551730871,"mean":0.167195335031,"median":0.163451552391,"min":0.0147742629051,"var":0.00280266837217},"barkbands_kurtosis":{"dmean":4.64861917496,"dmean2":7.38416290283,"dvar":46.9324531555,"dvar2":114.581558228,"max":200.082000732,"mean":10.040312767,"median":6.20282649994,"min":-1.82109689713,"var":180.557846069},"barkbands_skewness":{"dmean":0.596807420254,"dmean2":0.926067650318,"dvar":0.361435234547,"dvar2":0.822325766087,"max":12.0215539932,"mean":2.12372255325,"median":2.2268269062,"min":-9.58082389832,"var":2.91774821281},"barkbands_spread":{"dmean":3.53275251389,"dmean2":5.45921993256,"dvar":21.110622406,"dvar2":44.4896202087,"max":151.615325928,"mean":13.3053665161,"median":11.1458454132,"min":0.617808461189,"var":108.357658386},"dissonance":{"dmean":0.0201463345438,"dmean2":0.0339830517769,"dvar":0.000369180808775,"dvar2":0.000991085078567,"max":0.500000119209,"mean":0.457150489092,"median":0.463017821312,"min":0.280247837305,"var":0.000910009723157},"dynamic_complexity":3.31759905815,"erbbands":{"dmean":[0.0150334024802,0.506148636341,2.89354276657,7.25464439392,19.8627758026,14.0322704315,8.40576267242,7.35354948044,6.9960103035,8.57905864716,7.47293710709,13.7831506729,20.3792228699,9.39557743073,8.47070407867,11.5307426453,7.76777458191,7.75815820694,10.6636676788,6.91214513779,5.00335597992,4.45543479919,4.40299034119,3.58929896355,1.85471236706,0.974821984768,1.01121377945,1.26384210587,1.39679956436,0.744435667992,0.388362884521,0.197478741407,0.13787920773,0.1128442958,0.0709143951535,0.0235837828368,0.0096350768581,0.00284884450957,0.000260950764641,0.0000171839546965],"dmean2":[0.0245053470135,0.822890460491,4.75317001343,12.0479545593,32.940032959,23.2982940674,13.8551492691,12.2342176437,11.2174959183,13.6316976547,11.6749105453,20.8498039246,30.0793437958,14.2765617371,12.8946409225,17.3407783508,11.7200870514,11.8744297028,16.4423885345,10.7187795639,7.74904966354,6.77608919144,6.85759496689,5.55333900452,2.9403283596,1.53103160858,1.60881233215,1.94472074509,2.19108915329,1.15507996082,0.614780426025,0.307153582573,0.213083967566,0.17941904068,0.113692827523,0.0374851599336,0.0154003063217,0.00476633943617,0.000437390059233,0.0000270814871328],"dvar":[0.000748110818677,0.726973474026,27.4197540283,170.011474609,2456.28833008,777.687927246,263.782592773,317.112426758,212.508026123,480.899993896,473.647460938,1473.82629395,5362.34082031,1113.28747559,497.219421387,1303.28540039,359.8203125,439.240081787,521.345947266,375.309906006,99.4102172852,122.756965637,124.571975708,83.2242507935,10.8357038498,4.82314300537,2.67568302155,5.82673978806,9.32900524139,3.96692824364,0.921149015427,0.47829324007,0.235721409321,0.168182730675,0.0487186312675,0.00475449487567,0.000571262091398,0.0000721144097042,7.0208403713e-7,1.00498021016e-9],"dvar2":[0.00188860134222,1.8881816864,70.7387161255,439.730438232,6075.71875,2051.62036133,712.352661133,879.929260254,507.970428467,1005.65979004,970.050231934,2902.0612793,10239.2949219,1956.5020752,967.810913086,2935.1628418,662.838684082,982.593139648,1126.88000488,804.238586426,225.990478516,238.171066284,270.549682617,168.34425354,24.9276046753,9.84358119965,6.37159204483,12.4796848297,20.3773441315,8.42852115631,2.17033672333,1.00612866879,0.471731424332,0.347126156092,0.118609696627,0.0116923972964,0.00141955621075,0.000194504609681,0.0000019237493234,2.45915332542e-9],"max":[0.41483104229,21.3759841919,133.087768555,410.180725098,832.756652832,395.320770264,454.836151123,478.099395752,481.861724854,603.632568359,956.44329834,1309.12780762,2556.97827148,2311.64892578,784.34942627,1631.06433105,874.533752441,802.189819336,1008.331604,962.145080566,303.2449646,800.37097168,404.211181641,373.270202637,125.054725647,87.7942504883,52.7417106628,101.342346191,153.799102783,105.156188965,36.9429588318,34.7535591125,28.568529129,27.5944194794,6.91170024872,1.94051921368,0.500441193581,0.167239367962,0.0325649343431,0.000829487340525],"mean":[0.0270249657333,0.997936010361,5.54905557632,12.3969841003,29.2845001221,25.8724861145,17.4395027161,13.7531967163,12.5620574951,14.2073822021,13.5058965683,26.4135456085,44.3864097595,19.4145965576,16.9192180634,25.2329864502,16.0471096039,15.4322891235,19.3440723419,13.4360923767,9.93901634216,9.30007743835,9.82007789612,8.29365921021,4.51451587677,2.36141705513,2.39725089073,3.15379476547,3.42565894127,1.64577329159,0.758241951466,0.397973179817,0.258539944887,0.193690553308,0.113926097751,0.0392177663743,0.0172304045409,0.00484781712294,0.000516494270414,0.0000535974068043],"median":[0.0166203863919,0.440906107426,2.73544025421,7.41056919098,14.7788028717,16.4078998566,9.83717823029,7.25092077255,5.88725090027,4.83115291595,4.47868251801,9.35493373871,10.4069232941,7.21950244904,6.14315986633,6.68990325928,6.28253221512,5.68180894852,7.71242046356,6.26631832123,4.97878789902,3.96940088272,3.91899728775,3.50493645668,2.59832715988,1.32275390625,1.55626320839,1.59700322151,1.33407878876,0.660243749619,0.347116410732,0.187445789576,0.099136531353,0.0711731985211,0.040604762733,0.0164635367692,0.0078801959753,0.00216455943882,0.0002467938466,0.0000450446968898],"min":[5.62875767717e-21,2.09429012531e-20,8.63519367721e-21,1.97466720715e-20,4.73622163751e-20,9.23794984982e-20,5.13760482589e-19,1.92972448115e-19,3.17286734038e-19,8.67513008643e-19,5.07836628633e-19,1.58399317719e-18,1.73985447732e-18,2.37686688743e-18,4.71339796665e-18,4.07436992418e-18,2.73130344015e-18,4.37040173539e-18,8.52423269716e-18,5.68438434228e-18,9.14879293713e-18,6.82108146439e-18,9.32832587164e-18,8.21005378408e-18,1.3862982102e-17,2.43382642033e-17,2.0087555089e-17,1.9981128377e-17,2.7580347329e-17,1.46921355403e-17,1.2443467379e-17,1.88835573115e-17,1.83070388943e-17,1.382888489e-17,9.44707674755e-18,5.85841487136e-18,2.95591792484e-18,1.371525633e-18,2.93949254772e-19,3.50833244113e-20],"var":[0.0012597189052,2.07561469078,76.5855178833,279.063934326,2635.56933594,1050.6986084,529.17388916,488.787780762,490.001800537,1378.74462891,2098.86816406,4816.50488281,18892.0234375,4937.69824219,1650.25585938,7764.45068359,1321.6138916,1305.66003418,1321.0703125,819.154052734,257.342193604,436.129577637,436.988372803,350.724090576,42.21509552,16.0832614899,8.52663230896,32.1479721069,52.6371498108,14.6179122925,2.1127872467,1.00200247765,0.552451312542,0.320809364319,0.0771042481065,0.00631910469383,0.000764169613831,0.0000763250136515,7.78763364906e-7,1.88868720663e-9]},"erbbands_crest":{"dmean":2.65824079514,"dmean2":4.24423933029,"dvar":7.09432029724,"dvar2":16.8596744537,"max":34.143497467,"mean":9.91838741302,"median":8.69283485413,"min":2.47699308395,"var":23.3562717438},"erbbands_flatness_db":{"dmean":0.0153921088204,"dmean2":0.0226758252829,"dvar":0.000255466875387,"dvar2":0.000538225867786,"max":0.374613076448,"mean":0.158567219973,"median":0.157031923532,"min":0.0436875224113,"var":0.00154113129247},"erbbands_kurtosis":{"dmean":0.940824270248,"dmean2":1.47283411026,"dvar":2.38328909874,"dvar2":5.46959257126,"max":65.0108184814,"mean":0.757486581802,"median":0.0693838596344,"min":-1.87861347198,"var":6.61099529266},"erbbands_skewness":{"dmean":0.339640676975,"dmean2":0.521758198738,"dvar":0.113322414458,"dvar2":0.251922160387,"max":5.69571495056,"mean":0.585885763168,"median":0.525055527687,"min":-5.88638830185,"var":0.621409296989},"erbbands_spread":{"dmean":6.76372718811,"dmean2":10.3777008057,"dvar":56.2150192261,"dvar2":128.593902588,"max":149.037994385,"mean":35.9916496277,"median":34.7517471313,"min":2.24893212318,"var":218.124923706},"gfcc":{"cov":[[17454.8730469,2937.47583008,-864.436035156,579.621765137,-627.008239746,93.0778656006,-398.027282715,-116.114280701,-520.684509277,-155.3931427,-514.028137207,31.958152771,-253.832946777],[2937.47583008,1650.59667969,52.324131012,28.6281929016,45.5396308899,-106.715232849,-8.71605300903,-126.975540161,-38.1656913757,-97.4076690674,-61.865486145,-60.0166130066,2.7681620121],[-864.436035156,52.324131012,723.49609375,101.468284607,35.5039520264,-21.5954093933,-16.2005004883,3.0803706646,-25.3506221771,-1.70145976543,24.2316112518,-4.78712797165,-4.57629728317],[579.621765137,28.6281929016,101.468284607,239.988098145,29.5849876404,11.804019928,-3.44310593605,20.8986473083,-6.74179315567,-13.3854722977,-11.9928455353,1.04743599892,-6.96832609177],[-627.008239746,45.5396308899,35.5039520264,29.5849876404,234.472427368,24.5642375946,61.3322029114,5.86321592331,28.1806106567,9.90062427521,20.837348938,-15.955075264,21.7936306],[93.0778656006,-106.715232849,-21.5954093933,11.804019928,24.5642375946,168.132843018,47.4551773071,26.7752437592,-7.52713680267,14.6843910217,-4.96523809433,6.62915706635,-6.83888626099],[-398.027282715,-8.71605300903,-16.2005004883,-3.44310593605,61.3322029114,47.4551773071,146.05645752,42.3935775757,31.1487255096,-4.71959495544,0.980410039425,-2.0639026165,2.49783778191],[-116.114280701,-126.975540161,3.0803706646,20.8986473083,5.86321592331,26.7752437592,42.3935775757,115.544883728,31.5183868408,0.689531266689,2.81771993637,-2.88586616516,-12.0523357391],[-520.684509277,-38.1656913757,-25.3506221771,-6.74179315567,28.1806106567,-7.52713680267,31.1487255096,31.5183868408,110.127914429,29.9310493469,8.56781387329,-13.4773988724,-1.81247484684],[-155.3931427,-97.4076690674,-1.70145976543,-13.3854722977,9.90062427521,14.6843910217,-4.71959495544,0.689531266689,29.9310493469,73.3459091187,23.5610923767,0.731210291386,-12.619011879],[-514.028137207,-61.865486145,24.2316112518,-11.9928455353,20.837348938,-4.96523809433,0.980410039425,2.81771993637,8.56781387329,23.5610923767,90.6572875977,24.1826763153,5.01832199097],[31.958152771,-60.0166130066,-4.78712797165,1.04743599892,-15.955075264,6.62915706635,-2.0639026165,-2.88586616516,-13.4773988724,0.731210291386,24.1826763153,72.1852874756,24.906703949],[-253.832946777,2.7681620121,-4.57629728317,-6.96832609177,21.7936306,-6.83888626099,2.49783778191,-12.0523357391,-1.81247484684,-12.619011879,5.01832199097,24.906703949,71.1732940674]],"icov":[[0.000503276300151,-0.00108970527072,0.000824722228572,-0.00126898323651,0.000811092904769,-0.000535805418622,0.00100623769686,-0.00128437532112,0.00210146442987,-0.00182291993406,0.00217121024616,-0.00163679278921,0.00136341375764],[-0.00108970527072,0.00314402626827,-0.00182286847848,0.00265395129099,-0.00192850315943,0.00150438433047,-0.0023959253449,0.00371998152696,-0.00465169642121,0.00491386186332,-0.00450925296172,0.00399168860167,-0.00274305278435],[0.000824722228572,-0.00182286847848,0.00288299657404,-0.00272288918495,0.00115541461855,-0.000617754820269,0.00172899768222,-0.00227079866454,0.00396174797788,-0.00318235787563,0.00302038481459,-0.00238946592435,0.0022324854508],[-0.00126898323651,0.00265395129099,-0.00272288918495,0.00801704823971,-0.00296909688041,0.000961905810982,-0.00167120201513,0.00215105130337,-0.00533349160105,0.00547826522961,-0.00451562926173,0.00309771159664,-0.00252476357855],[0.000811092904769,-0.00192850315943,0.00115541461855,-0.00296909688041,0.00708205159754,-0.00143998616841,-0.000672762631439,-0.00141974585131,0.0028332544025,-0.00383915333077,0.00169759942219,-0.0000560546759516,-0.000481051305542],[-0.000535805418622,0.00150438433047,-0.000617754820269,0.000961905810982,-0.00143998616841,0.00815073866397,-0.00356627022848,0.000404027785407,0.0000323756430589,-0.000495513726491,-0.000986397615634,0.000909375026822,-0.000832971767522],[0.00100623769686,-0.0023959253449,0.00172899768222,-0.00167120201513,-0.000672762631439,-0.00356627022848,0.0120020834729,-0.0052773039788,0.00179864023812,-0.0012811528286,0.00449884869158,-0.00423698825762,0.00316201313399],[-0.00128437532112,0.00371998152696,-0.00227079866454,0.00215105130337,-0.00141974585131,0.000404027785407,-0.0052773039788,0.0154956839979,-0.00875242706388,0.00744396261871,-0.00613938132301,0.00442670704797,-0.0013972199522],[0.00210146442987,-0.00465169642121,0.00396174797788,-0.00533349160105,0.0028332544025,0.0000323756430589,0.00179864023812,-0.00875242706388,0.0218770112842,-0.0139110665768,0.0090573662892,-0.00430744607002,0.00395788811147],[-0.00182291993406,0.00491386186332,-0.00318235787563,0.00547826522961,-0.00383915333077,-0.000495513726491,-0.0012811528286,0.00744396261871,-0.0139110665768,0.0270387958735,-0.0118799470365,0.00534859392792,-0.000521544425283],[0.00217121024616,-0.00450925296172,0.00302038481459,-0.00451562926173,0.00169759942219,-0.000986397615634,0.00449884869158,-0.00613938132301,0.0090573662892,-0.0118799470365,0.0237681120634,-0.0125591959804,0.00670228991657],[-0.00163679278921,0.00399168860167,-0.00238946592435,0.00309771159664,-0.0000560546759516,0.000909375026822,-0.00423698825762,0.00442670704797,-0.00430744607002,0.00534859392792,-0.0125591959804,0.025109179318,-0.0119028966874],[0.00136341375764,-0.00274305278435,0.0022324854508,-0.00252476357855,-0.000481051305542,-0.000832971767522,0.00316201313399,-0.0013972199522,0.00395788811147,-0.000521544425283,0.00670228991657,-0.0119028966874,0.0223365370184]],"mean":[-34.4985580444,104.52053833,-100.091644287,24.4708843231,-44.4346008301,3.95629811287,-33.074306488,-5.73993635178,-26.6737918854,-7.50758314133,-26.1242427826,-2.70829558372,-14.5852890015]},"hfc":{"dmean":3.32513594627,"dmean2":5.0322432518,"dvar":26.6168651581,"dvar2":58.2325134277,"max":87.2345809937,"mean":12.7693748474,"median":9.92978858948,"min":1.14430498344e-16,"var":123.687515259},"melbands":{"dmean":[0.000290898926323,0.00121183681767,0.00156563147902,0.00125817733351,0.000357265264029,0.000160264491569,0.000106872634206,0.0000930096502998,0.0000585792040511,0.0000943311024457,0.000100637094874,0.0000390493187297,0.0000291468622891,0.0000291241067316,0.000023002474336,0.0000172762702277,0.0000160727795446,0.0000200064259843,0.0000112833777166,0.00000866964182933,0.00000647969545753,0.00000548892194274,0.00000448503624284,0.00000406310209655,0.000003214401886,0.00000184706470918,0.00000105034871467,6.73550516694e-7,6.06732214692e-7,9.04166597593e-7,7.65026811678e-7,9.1810431968e-7,6.4100754571e-7,3.76750818987e-7,2.54990311532e-7,1.59037469416e-7,1.16535510131e-7,1.04152555025e-7,8.86588793492e-8,1.05230917313e-7],"dmean2":[0.000474498985568,0.00197424949147,0.00258862879127,0.00207964982837,0.000587571703363,0.000266029790509,0.000171752952156,0.000147512750118,0.0000904765474843,0.000142542441608,0.000148507824633,0.0000592500509811,0.0000443120843556,0.0000443593235104,0.0000350530463038,0.0000257683404925,0.0000246460640483,0.0000308572743961,0.000017675858544,0.0000132166078401,0.0000100815086626,0.00000839579388412,0.00000695973540132,0.00000635856531517,0.00000502796274304,0.00000297269298244,0.00000167722737388,0.0000010589909607,9.76642809292e-7,0.0000014510044366,0.0000011760336065,0.0000014542029021,0.00000100444731288,5.96640688855e-7,4.10400161854e-7,2.52284308999e-7,1.83178286761e-7,1.62286468708e-7,1.4071007115e-7,1.69700143715e-7],"dvar":[2.48025429528e-7,0.00000446322883363,0.00000762981107982,0.00000956762778515,3.90083414459e-7,1.52846439505e-7,4.91074167996e-8,5.36816671115e-8,3.11265289099e-8,6.5378678471e-8,1.31006132165e-7,1.90180173831e-8,7.47583595029e-9,7.3304979864e-9,3.59467855482e-9,2.39720754358e-9,2.02929673065e-9,1.91817117745e-9,8.96641372261e-10,6.05158589906e-10,1.91653637405e-10,2.12499337571e-10,1.476020417e-10,1.53917031898e-10,7.00537752807e-11,1.16655088367e-11,4.80822760079e-12,2.60372539501e-12,9.7791924298e-13,3.03955970636e-12,2.50346293175e-12,4.11923533478e-12,2.94793659969e-12,9.6556291608e-13,4.05031395792e-13,2.00909980926e-13,1.99383342952e-13,1.21821159388e-13,1.36519322323e-13,1.32148944023e-13],"dvar2":[6.47449610369e-7,0.0000114482136269,0.0000192678962776,0.0000240231383941,0.0000010357056226,4.24368579388e-7,1.16432978814e-7,1.12125022156e-7,6.04117644798e-8,1.26471093154e-7,2.47368348028e-7,3.36293943803e-8,1.39166900226e-8,1.67036642296e-8,7.19566939367e-9,4.69732652775e-9,4.45364767288e-9,4.17645251716e-9,2.02653138714e-9,1.16696308172e-9,4.42937159173e-10,4.03838767982e-10,3.14266501711e-10,3.72147646033e-10,1.41365238959e-10,2.76050432513e-11,1.14950609795e-11,5.1691702134e-12,2.42927596442e-12,7.28201613592e-12,5.24116774286e-12,9.17660131911e-12,6.60279600093e-12,2.11654999083e-12,9.92301943739e-13,4.64163375704e-13,4.15356253081e-13,2.49276836152e-13,2.84670155287e-13,2.85382096643e-13],"max":[0.0110921524465,0.0523905269802,0.0564093962312,0.054469704628,0.0136714866385,0.0106566837057,0.00709592131898,0.00790185853839,0.00766845233738,0.0083315782249,0.0127215320244,0.0096644340083,0.00414457591251,0.00354185607284,0.00240214681253,0.00220276252367,0.00163512758445,0.00173830019776,0.00112436036579,0.00129755958915,0.00047784668277,0.00120904122014,0.000388867716538,0.000777772685979,0.000363241386367,0.000161129239132,0.0000844016394694,0.0000842839872348,0.0000263190595433,0.0000541666340723,0.0000730431056581,0.00010045801173,0.000102510683064,0.0000438875686086,0.0000216778098547,0.0000188202466234,0.0000243395461439,0.0000197371155082,0.000027535661502,0.0000221969567065],"mean":[0.000547864474356,0.00240333145484,0.0026981192641,0.00204585934989,0.000754776236136,0.000301531632431,0.000191712504602,0.000154021850904,0.000103735234006,0.000179572685738,0.000216517044464,0.0000733846391086,0.0000544115755474,0.0000631323564448,0.0000452114618383,0.000032029041904,0.0000286478971248,0.0000333847383445,0.0000198811503651,0.0000155358775373,0.0000115008724606,0.0000102298754427,0.00000914955398912,0.00000811155223346,0.00000671659699947,0.00000396026098315,0.0000021281066438,0.00000142659655467,0.00000132207981096,0.00000182224789569,0.00000181449684078,0.00000213061889554,0.00000137240897402,7.3128785516e-7,4.55008802192e-7,3.00885801607e-7,2.17485180087e-7,1.83877631343e-7,1.57930330147e-7,1.66951011238e-7],"median":[0.000285754736979,0.00121733336709,0.00180393317714,0.00133273517713,0.000421504199039,0.000161894015037,0.0000884226101334,0.0000489950034535,0.0000329437825712,0.0000615155877313,0.0000484892079839,0.0000232663405768,0.0000166870722751,0.0000160308445629,0.0000169062368514,0.00000936681681196,0.00000751125162424,0.0000113873102237,0.00000845169961394,0.0000058606674429,0.00000496011807627,0.00000382357484341,0.00000346832121068,0.0000028735662454,0.000002662879524,0.00000216094395,0.00000104866808215,7.41336009469e-7,8.20519289846e-7,9.51273534611e-7,8.07075650755e-7,8.00748750862e-7,4.45909364544e-7,2.83110665578e-7,1.96965970645e-7,1.42344333653e-7,9.61858290793e-8,6.93162292009e-8,5.78270160645e-8,5.8078498455e-8],"min":[4.3373506856e-23,1.23193370454e-23,5.15069767555e-24,3.26212325325e-24,1.5466910201e-23,4.80543337328e-24,5.3718804683e-24,9.42203395624e-24,3.72205795442e-24,1.24963755763e-23,9.00566291527e-24,8.80176130394e-24,1.65101598155e-23,1.46181573982e-23,5.27278888899e-24,5.67966046693e-24,8.87826187908e-24,1.47108453991e-23,8.7890377664e-24,9.37628002374e-24,1.14479431457e-23,7.3178476769e-24,4.98388317638e-24,1.09460311836e-23,5.868140242e-24,6.41264359322e-24,1.72554471998e-23,1.47031918706e-23,8.40165026395e-24,1.82706764749e-23,9.59181023368e-24,1.71275255154e-23,1.03835252377e-23,7.70860361541e-24,6.21311858219e-24,9.72425287992e-24,1.26332981636e-23,1.16687445242e-23,1.41850696057e-23,1.07537778924e-23],"var":[5.60972921448e-7,0.0000130701837406,0.0000110843238872,0.00000987299154076,9.48921922372e-7,2.32490762642e-7,1.20291957728e-7,1.65221692328e-7,1.39477933203e-7,2.24238675628e-7,4.67034851681e-7,7.93478136529e-8,2.81458323315e-8,4.16144736448e-8,1.51665222603e-8,7.69764518793e-9,5.94977089818e-9,4.55942439359e-9,1.83584258906e-9,1.69340563794e-9,4.43253656002e-10,7.15189518719e-10,4.64544097634e-10,4.78744988097e-10,2.65370614372e-10,3.52271371795e-11,1.41794735675e-11,7.50841576413e-12,2.69563277949e-12,7.71070620548e-12,1.5142456733e-11,2.34955561951e-11,1.16526033614e-11,2.77637916997e-12,8.08324815502e-13,4.07830426331e-13,3.88570198153e-13,2.74250620044e-13,2.92044952674e-13,2.24528634075e-13]},"melbands_crest":{"dmean":3.11417651176,"dmean2":5.14851140976,"dvar":7.53278541565,"dvar2":20.3507976532,"max":34.8024902344,"mean":14.8087825775,"median":14.2714233398,"min":1.62038874626,"var":24.4597454071},"melbands_flatness_db":{"dmean":0.0247431285679,"dmean2":0.0377455614507,"dvar":0.000570462667383,"dvar2":0.00130160292611,"max":0.552805304527,"mean":0.246062517166,"median":0.246360197663,"min":0.00431450596079,"var":0.0055747916922},"melbands_kurtosis":{"dmean":9.09908676147,"dmean2":14.4100103378,"dvar":181.071975708,"dvar2":434.575256348,"max":384.4453125,"mean":20.212184906,"median":14.3840208054,"min":-1.84227740765,"var":554.662780762},"melbands_skewness":{"dmean":0.775354027748,"dmean2":1.20405626297,"dvar":0.615266740322,"dvar2":1.42772531509,"max":13.8294095993,"mean":3.1739783287,"median":3.16138601303,"min":-1.46382403374,"var":3.04202818871},"melbands_spread":{"dmean":4.27469205856,"dmean2":6.63874530792,"dvar":36.61145401,"dvar2":81.4872512817,"max":209.659576416,"mean":16.0208282471,"median":10.0712757111,"min":0.563980937004,"var":396.495117188},"mfcc":{"cov":[[8435.21777344,1121.59594727,17.1494197845,400.093475342,-105.251296997,158.637542725,-63.4821243286,44.869934082,-60.5356445312,-217.689804077,-2.2908911705,-203.22354126,-176.094451904],[1121.59594727,1419.26879883,118.005058289,173.040527344,59.7951698303,63.636264801,0.331778824329,-21.6741695404,-1.11323618889,-35.0378684998,-43.1788330078,-40.3061332703,-33.2419052124],[17.1494197845,118.005058289,543.594360352,118.838356018,50.8581542969,-0.416994452477,19.2020530701,5.28547048569,-36.2686157227,-4.74601364136,-8.81527709961,-21.0149841309,-10.7456235886],[400.093475342,173.040527344,118.838356018,256.414642334,68.186630249,6.8495554924,12.2955331802,21.6973781586,11.4371156693,6.87161064148,-9.45288562775,-14.5318813324,-13.8021345139],[-105.251296997,59.7951698303,50.8581542969,68.186630249,144.063110352,29.0807495117,28.9447040558,4.62120294571,3.13695502281,26.4233779907,-17.9810142517,4.83722448349,16.817943573],[158.637542725,63.636264801,-0.416994452477,6.8495554924,29.0807495117,131.274429321,38.3164710999,9.21691608429,27.7755870819,-6.98819303513,11.2931947708,3.89693021774,0.941747009754],[-63.4821243286,0.331778824329,19.2020530701,12.2955331802,28.9447040558,38.3164710999,120.65423584,45.6986351013,8.47433376312,15.5176391602,-3.51960682869,6.60108613968,8.70245075226],[44.869934082,-21.6741695404,5.28547048569,21.6973781586,4.62120294571,9.21691608429,45.6986351013,104.181892395,42.4837341309,4.84213638306,23.6971988678,6.02813768387,1.10272181034],[-60.5356445312,-1.11323618889,-36.2686157227,11.4371156693,3.13695502281,27.7755870819,8.47433376312,42.4837341309,102.551292419,27.3184604645,13.059969902,10.1174249649,-7.00625562668],[-217.689804077,-35.0378684998,-4.74601364136,6.87161064148,26.4233779907,-6.98819303513,15.5176391602,4.84213638306,27.3184604645,103.371292114,22.8680934906,-0.959660172462,6.10580682755],[-2.2908911705,-43.1788330078,-8.81527709961,-9.45288562775,-17.9810142517,11.2931947708,-3.51960682869,23.6971988678,13.059969902,22.8680934906,100.075889587,29.4213409424,-9.37691116333],[-203.22354126,-40.3061332703,-21.0149841309,-14.5318813324,4.83722448349,3.89693021774,6.60108613968,6.02813768387,10.1174249649,-0.959660172462,29.4213409424,86.0213546753,33.8376922607],[-176.094451904,-33.2419052124,-10.7456235886,-13.8021345139,16.817943573,0.941747009754,8.70245075226,1.10272181034,-7.00625562668,6.10580682755,-9.37691116333,33.8376922607,84.4106369019]],"icov":[[0.000170305531356,-0.0000941689577303,0.0000809275807114,-0.000278464634903,0.000215767067857,-0.000251487392234,0.00012813504145,-0.000174248300027,0.000210583559237,0.00023024341499,-0.000104363112769,0.000307622976834,0.0000977670351858],[-0.0000941689577303,0.000866233545821,-0.0000992087370832,-0.00034320942359,-0.000186905526789,-0.000254031037912,-0.00000274964213531,0.00032741992618,-0.000154160603415,0.000104098697193,0.000262440909864,-0.0000208044075407,0.00012918014545],[0.0000809275807114,-0.0000992087370832,0.00219823070802,-0.00099724472966,-0.000263010238996,-0.000082924925664,-0.000140511663631,-0.000299313280266,0.00105592259206,0.00015674190945,-0.000194169522729,0.00042835768545,0.000201280185138],[-0.000278464634903,-0.00034320942359,-0.00099724472966,0.0058530094102,-0.00266738119535,0.000993759837002,0.0000862289889483,-0.00076025177259,-0.00097062176792,-0.000184092728887,0.000163871533005,-0.000114564267278,0.000632286944892],[0.000215767067857,-0.000186905526789,-0.000263010238996,-0.00266738119535,0.0102431336418,-0.00286963372491,-0.000348218192812,-0.000694213144016,0.00167738902383,-0.00319192116149,0.00278222677298,-0.00131286110263,-0.000851494842209],[-0.000251487392234,-0.000254031037912,-0.000082924925664,0.000993759837002,-0.00286963372491,0.0113079231232,-0.00473805190995,0.00374333490618,-0.00517261587083,0.00360677368008,-0.0036121297162,0.00158610648941,-0.0013149039587],[0.00012813504145,-0.00000274964213531,-0.000140511663631,0.0000862289889483,-0.000348218192812,-0.00473805190995,0.0132020218298,-0.00770249543712,0.00417843600735,-0.00361669552512,0.00377803086303,-0.00218604132533,0.00102865882218],[-0.000174248300027,0.00032741992618,-0.000299313280266,-0.00076025177259,-0.000694213144016,0.00374333490618,-0.00770249543712,0.0174818150699,-0.00856761261821,0.0042833071202,-0.00584953185171,0.00283109373413,-0.00254037510604],[0.000210583559237,-0.000154160603415,0.00105592259206,-0.00097062176792,0.00167738902383,-0.00517261587083,0.00417843600735,-0.00856761261821,0.0166261643171,-0.0059227803722,0.00358068291098,-0.00365690328181,0.00343110132962],[0.00023024341499,0.000104098697193,0.00015674190945,-0.000184092728887,-0.00319192116149,0.00360677368008,-0.00361669552512,0.0042833071202,-0.0059227803722,0.0147804990411,-0.00631037028506,0.00468092318624,-0.00271438155323],[-0.000104363112769,0.000262440909864,-0.000194169522729,0.000163871533005,0.00278222677298,-0.0036121297162,0.00377803086303,-0.00584953185171,0.00358068291098,-0.00631037028506,0.0162999425083,-0.00798025261611,0.00482401018962],[0.000307622976834,-0.0000208044075407,0.00042835768545,-0.000114564267278,-0.00131286110263,0.00158610648941,-0.00218604132533,0.00283109373413,-0.00365690328181,0.00468092318624,-0.00798025261611,0.0187322199345,-0.00793618522584],[0.0000977670351858,0.00012918014545,0.000201280185138,0.000632286944892,-0.000851494842209,-0.0013149039587,0.00102865882218,-0.00254037510604,0.00343110132962,-0.00271438155323,0.00482401018962,-0.00793618522584,0.0165405403823]],"mean":[-680.909912109,142.766784668,3.04648756981,28.7902126312,4.92307090759,11.9110603333,-2.89771962166,3.71557235718,-0.216262236238,-5.95370054245,-2.57472634315,-9.87204170227,-9.38050365448]},"pitch_salience":{"dmean":0.0716870725155,"dmean2":0.116892404854,"dvar":0.00445706536993,"dvar2":0.0115977078676,"max":0.877168357372,"mean":0.558497548103,"median":0.570300340652,"min":0.0841946452856,"var":0.0151660945266},"silence_rate_20dB":{"dmean":0,"dmean2":0,"dvar":0,"dvar2":0,"max":1,"mean":1,"median":1,"min":1,"var":0},"silence_rate_30dB":{"dmean":0.0161548424512,"dmean2":0.0323121473193,"dvar":0.0158929042518,"dvar2":0.0405621901155,"max":1,"mean":0.985751271248,"median":1,"min":0,"var":0.0140454303473},"silence_rate_60dB":{"dmean":0.0118875261396,"dmean2":0.0237768627703,"dvar":0.0117481062189,"dvar2":0.0273297727108,"max":1,"mean":0.0736056044698,"median":0,"min":0,"var":0.0681961253285},"spectral_centroid":{"dmean":156.800109863,"dmean2":238.794845581,"dvar":39891.8945312,"dvar2":78385.2109375,"max":11001.2167969,"mean":866.979675293,"median":678.397460938,"min":139.088623047,"var":415735.71875},"spectral_complexity":{"dmean":2.44867777824,"dmean2":3.83462882042,"dvar":6.49921178818,"dvar2":14.045460701,"max":39,"mean":13.1724319458,"median":13,"min":0,"var":38.3687820435},"spectral_contrast_coeffs":{"dmean":[0.0550510175526,0.0458825230598,0.0397366881371,0.029918063432,0.0201029069722,0.0157763957977],"dmean2":[0.0910001546144,0.0748346894979,0.062935769558,0.0472449362278,0.0322016514838,0.0249703377485],"dvar":[0.00237718899734,0.00142217299435,0.00114561105147,0.000611234572716,0.000288842566079,0.000217903492739],"dvar2":[0.00624981848523,0.0037235300988,0.00266345753334,0.0014523769496,0.000662698585074,0.00048149554641],"max":[-0.221893161535,-0.430766910315,-0.416130691767,-0.550276875496,-0.556642174721,-0.580903172493],"mean":[-0.5747423172,-0.740150272846,-0.748075902462,-0.781926095486,-0.795064210892,-0.754324316978],"median":[-0.571425318718,-0.745907068253,-0.757376551628,-0.78706163168,-0.799109756947,-0.753216028214],"min":[-0.973585426807,-0.979450881481,-0.961879849434,-0.956960499287,-0.960936367512,-0.961512207985],"var":[0.00910268630832,0.00653487630188,0.0068916156888,0.00370908086188,0.0022850993555,0.00226040231064]},"spectral_contrast_valleys":{"dmean":[0.432272523642,0.390540391207,0.341925084591,0.298119962215,0.217348396778,0.22041246295],"dmean2":[0.710272014141,0.627060055733,0.539579808712,0.453459948301,0.329537779093,0.320465952158],"dvar":[0.133543506265,0.134149387479,0.105564981699,0.0859399214387,0.0636961758137,0.126274138689],"dvar2":[0.333536237478,0.302703231573,0.218448013067,0.169137507677,0.116843961179,0.244006946683],"max":[-5.30369758606,-4.83505439758,-5.2263250351,-5.93266630173,-6.26858234406,-8.06602954865],"mean":[-7.36198091507,-7.11032104492,-7.66799783707,-8.07067012787,-8.17896556854,-10.8320407867],"median":[-6.98165130615,-6.87586975098,-7.44757413864,-7.87019538879,-7.98412370682,-10.6566925049],"min":[-27.8840770721,-27.1779289246,-27.811384201,-27.0698699951,-27.2899570465,-27.1496734619],"var":[2.74834156036,2.08613777161,1.87086606026,1.62055623531,1.38055670261,1.15861785412]},"spectral_decrease":{"dmean":2.80338108283e-9,"dmean2":4.47374981505e-9,"dvar":2.17318445629e-17,"dvar2":5.28450488553e-17,"max":5.20284746835e-16,"mean":-7.84825981981e-9,"median":-6.70794708668e-9,"min":-8.38770759515e-8,"var":4.26550770637e-17},"spectral_energy":{"dmean":0.0108348457143,"dmean2":0.0172709841281,"dvar":0.000323419168126,"dvar2":0.000785336073022,"max":0.322057068348,"mean":0.030779324472,"median":0.0263095758855,"min":1.06222955739e-20,"var":0.00064350804314},"spectral_energyband_high":{"dmean":0.0000882143940544,"dmean2":0.000132732006023,"dvar":2.9892799347e-8,"dvar2":6.17937985226e-8,"max":0.00873976852745,"mean":0.000256480212556,"median":0.000149186744238,"min":7.84467073672e-21,"var":1.40289685646e-7},"spectral_energyband_low":{"dmean":0.00507089868188,"dmean2":0.00823009293526,"dvar":0.0000740344185033,"dvar2":0.00018847497995,"max":0.255499362946,"mean":0.0108380243182,"median":0.00690705375746,"min":1.52616880365e-22,"var":0.00019488754333},"spectral_energyband_middle_high":{"dmean":0.000964732491411,"dmean2":0.00143258902244,"dvar":0.00000351656899511,"dvar2":0.00000650018546366,"max":0.061468783766,"mean":0.00330213457346,"median":0.00207839021459,"min":1.52398092002e-21,"var":0.0000243182275881},"spectral_energyband_middle_low":{"dmean":0.00859232712537,"dmean2":0.0139529993758,"dvar":0.000274960853858,"dvar2":0.000677527219523,"max":0.262341380119,"mean":0.0192085485905,"median":0.0153734032065,"min":2.49042706202e-22,"var":0.000374738679966},"spectral_entropy":{"dmean":0.170183807611,"dmean2":0.256945103407,"dvar":0.0302025880665,"dvar2":0.0672569349408,"max":9.79096221924,"mean":7.22898769379,"median":7.24330472946,"min":5.22273540497,"var":0.232476115227},"spectral_flux":{"dmean":0.0257819909602,"dmean2":0.0408919416368,"dvar":0.00102959992364,"dvar2":0.0024304757826,"max":0.435009479523,"mean":0.0768392160535,"median":0.0665510371327,"min":1.03064522194e-10,"var":0.00239572138526},"spectral_kurtosis":{"dmean":1.78473985195,"dmean2":2.9755089283,"dvar":5.23165750504,"dvar2":13.868024826,"max":42.8028640747,"mean":6.43175601959,"median":5.37066316605,"min":-1.23967289925,"var":15.1352396011},"spectral_rms":{"dmean":0.000880298030097,"dmean2":0.00136827293318,"dvar":0.00000124254984257,"dvar2":0.0000028302085866,"max":0.017725745216,"mean":0.00500158080831,"median":0.00506634777412,"min":3.21919487595e-12,"var":0.00000501260501551},"spectral_rolloff":{"dmean":234.147277832,"dmean2":394.157073975,"dvar":219530.796875,"dvar2":483203.46875,"max":19896.6796875,"mean":1107.84228516,"median":538.330078125,"min":107.666015625,"var":6324128},"spectral_skewness":{"dmean":0.215339526534,"dmean2":0.34480458498,"dvar":0.0535289235413,"dvar2":0.132897421718,"max":5.30673027039,"mean":1.89870178699,"median":1.80252957344,"min":0.0238443464041,"var":0.253432005644},"spectral_spread":{"dmean":431771.8125,"dmean2":665669.5,"dvar":447622053888,"dvar2":932620795904,"max":40932908,"mean":4245818.5,"median":4103868.5,"min":1656795.5,"var":2320843407360},"spectral_strongpeak":{"dmean":0.422292113304,"dmean2":0.708669781685,"dvar":0.44809025526,"dvar2":1.10847091675,"max":9.51573181152,"mean":0.876091301441,"median":0.588235855103,"min":0,"var":1.04423093796},"zerocrossingrate":{"dmean":0.00654500769451,"dmean2":0.00811465270817,"dvar":0.0000761911869631,"dvar2":0.0000908223082661,"max":0.80322265625,"mean":0.0504164174199,"median":0.0341796875,"min":0.00439453125,"var":0.00815702881664}},"metadata":{"audio_properties":{"analysis_sample_rate":44100,"bit_rate":320000,"codec":"vorbis","downmix":"mix","equal_loudness":0,"length":304.696594238,"lossless":false,"md5_encoded":"3f759c9642e7934cd340e8a58bfc2128","replay_gain":-7.28429031372,"sample_rate":44100},"tags":{"album":["Goodbye"],"albumartist":["Cream"],"albumartistsort":["Cream"],"artist":["Cream"],"artistsort":["Cream"],"asin":["B0000067L4"],"barcode":["731453181526"],"catalognumber":["31453 1815-2"],"composer":["Chester Arthur Burnett"],"composersort":["Burnett, Chester Arthur"],"date":["1998-04-07"],"discnumber":["1"],"disctotal":["1"],"file_name":"03 Sitting on Top of the World (live).ogg","label":["Polydor"],"lyricist":["Chester Arthur Burnett"],"media":["CD"],"musicbrainz_albumartistid":["04cd0cfd-bfd1-4c36-bc38-95c35e2c045f"],"musicbrainz_albumid":["8e3a412e-5363-3148-ad3d-273d4235229d"],"musicbrainz_artistid":["04cd0cfd-bfd1-4c36-bc38-95c35e2c045f"],"musicbrainz_recordingid":["8bfd580d-ac6c-47da-b5b5-8d71fa75bddd"],"musicbrainz_releasegroupid":["40c4e2e3-e256-3b59-94b3-778d9ae2c759"],"musicbrainz_releasetrackid":["d2242ee3-6253-3040-99f6-1fc232611442"],"musicbrainz_workid":["353c2166-2956-40a1-9bf5-6d699f86f127"],"originaldate":["1969"],"performer":["Jack Bruce (bass)","Ginger Baker (drums)","Eric Clapton (guitar)","Jack Bruce (vocals)"],"producer":["Felix Pappalardi"],"releasecountry":["US"],"releasestatus":["official"],"releasetype":["album"],"script":["Latn"],"title":["Sitting on Top of the World (live)"],"titlesort":["Sitting on Top of the World"],"totaldiscs":["1"],"totaltracks":["6"],"tracknumber":["3"],"tracktotal":["6"],"work":["Sittin' on Top of the World"]},"version":{"essentia":"2.1-beta2","essentia_build_sha":"cead25079874084f62182a551b7393616cd33d87","essentia_git_sha":"v2.1_beta2-1-ge3940c0","extractor":"music 1.0"}},"rhythm":{"beats_count":829,"beats_loudness":{"dmean":0.0217900834978,"dmean2":0.0