{"lowlevel":{"average_loudness":0.947273910046,"barkbands":{"dmean":[0.0000152441143655,0.00249475846067,0.00128111580852,0.000331166491378,0.000580942665692,0.000341786508216,0.000403801852372,0.000705799669959,0.000700356264133,0.000766354380175,0.000468192592962,0.00108551990706,0.000733806984499,0.0008366786642,0.000576971273404,0.000676385418046,0.000370230758563,0.000267675262876,0.000367966742488,0.000335126213031,0.000145638419781,0.0000948050947045,0.0000808277836768,0.0000767199817346,0.0000662842867314,0.0000182889689313,0.00000132570903588],"dmean2":[0.0000255009963439,0.0041328528896,0.00229239067994,0.0005552432267,0.000883557193447,0.000543256115634,0.000637537799776,0.00113455869723,0.00109813979361,0.00116938841529,0.000753731001168,0.00167876249179,0.00118643359747,0.00135084951762,0.000934108917136,0.00110220653005,0.00061398325488,0.000446858990472,0.000591535877902,0.000546590657905,0.000251179328188,0.000157799993758,0.000131632739794,0.000123179954244,0.000100539677078,0.0000277861909126,0.00000218925720219],"dvar":[7.29594717974e-10,0.0000216289081436,0.00000503788169226,1.78379153226e-7,8.45659258175e-7,4.51099424481e-7,7.14600957963e-7,0.00000253673601947,0.00000199188548322,0.00000234289109358,0.00000116229773539,0.00000374736646336,0.00000219723074224,0.00000200345334633,0.0000010613921404,0.00000120694278394,3.50086708067e-7,1.19635842566e-7,3.23030491245e-7,3.14288257641e-7,4.47954668914e-8,3.49614559525e-8,2.07255101969e-8,3.04343288349e-8,3.47867441519e-8,2.79192535757e-9,1.05125769201e-11],"dvar2":[1.84979254136e-9,0.0000558935316803,0.0000145058556882,4.8587156698e-7,0.0000018213339672,0.0000010217995623,0.00000165218364145,0.00000656593010717,0.00000436279833593,0.00000508308175995,0.00000269297242994,0.00000855707730807,0.00000537746791451,0.00000496832535646,0.00000251005917562,0.00000274450076176,8.62055514972e-7,3.08591097564e-7,6.89419948685e-7,7.39319318654e-7,1.20365285738e-7,8.12550240425e-8,5.00039156748e-8,6.55998562138e-8,7.18228605479e-8,6.06030781114e-9,2.59086190002e-11],"max":[0.000499763293192,0.0385256260633,0.02392173931,0.00513238273561,0.0144766569138,0.0127334725112,0.0217139665037,0.0236735977232,0.0278470162302,0.0278172958642,0.0276364888996,0.0536435507238,0.0218263622373,0.0231517609209,0.0209634695202,0.0253420639783,0.0193101651967,0.00568764936179,0.0115861520171,0.0164174009115,0.00281585846096,0.0042926473543,0.00306814326905,0.00382818165235,0.00463833799586,0.00141494732816,0.000059662728745],"mean":[0.0000159404553415,0.00286510400474,0.00184971210547,0.000702439050656,0.00107519491576,0.00065116683254,0.000672011985444,0.0014149894705,0.00133640656713,0.00158538890537,0.000917294062674,0.00233268691227,0.00119497918058,0.00156786048319,0.00102417590097,0.00140526378527,0.000758965616114,0.000566362112295,0.000831577519421,0.000751674640924,0.000327902263962,0.000201348942937,0.000173691398231,0.000156363355927,0.000126378829009,0.0000340075275744,0.00000168533017586],"median":[0.00000561203069083,0.00121169839986,0.00132407061756,0.000527186319232,0.000465995224658,0.000264767411863,0.000255710212514,0.000340038794093,0.000522629416082,0.00054054427892,0.000321467494359,0.000819514854811,0.000531998812221,0.0007054512389,0.000574196106754,0.000834126141854,0.000515324180014,0.000445018173195,0.000545515678823,0.000541211396921,0.000267367926426,0.000151894957526,0.000129420892335,0.000110248191049,0.0000717113725841,0.0000206312543014,7.45990689666e-7],"min":[8.66180022163e-25,9.55065930456e-24,5.04431426045e-24,2.5673899708e-25,2.0510972026e-23,2.19972936509e-24,1.31157836371e-23,1.50411256829e-23,2.93492449681e-23,3.06126183295e-23,2.11671843923e-23,4.27630263341e-23,5.38030274176e-23,3.50564201145e-23,4.98446811674e-23,7.86317049683e-23,7.44049314401e-23,1.1475180935e-22,1.57503577061e-22,2.52956440791e-22,2.65737426338e-22,3.70106803811e-22,3.71721734613e-22,5.77722548996e-22,9.965707836e-22,1.39228865721e-21,1.94942418325e-21],"var":[7.56718909756e-10,0.0000210000889638,0.00000442133432443,4.53502195796e-7,0.00000218306422539,0.00000157002671131,0.0000022576371066,0.00000942684619076,0.00000628875932307,0.000010321577065,0.00000583515611652,0.0000157949089044,0.00000417885939896,0.00000564166293771,0.00000211928772842,0.00000351732819581,8.35442335756e-7,2.46693417694e-7,9.83155246104e-7,6.99365102719e-7,7.08683387529e-8,6.41867856643e-8,3.66256394102e-8,5.63586119995e-8,7.113946765e-8,4.23656176807e-9,1.15020467109e-11]},"barkbands_crest":{"dmean":2.44757270813,"dmean2":4.0151014328,"dvar":5.59707736969,"dvar2":13.8421497345,"max":24.2516422272,"mean":8.19893360138,"median":7.32512760162,"min":2.23345470428,"var":14.6895656586},"barkbands_flatness_db":{"dmean":0.01668702811,"dmean2":0.0268590562046,"dvar":0.000348115514498,"dvar2":0.000897415389773,"max":0.299091339111,"mean":0.0944006592035,"median":0.0878978446126,"min":0.0273754317313,"var":0.00137151114177},"barkbands_kurtosis":{"dmean":1.15229725838,"dmean2":1.8543368578,"dvar":10.4160356522,"dvar2":23.693113327,"max":80.1904067993,"mean":0.611236095428,"median":-0.426528334618,"min":-1.89184558392,"var":23.8203601837},"barkbands_skewness":{"dmean":0.39009565115,"dmean2":0.620646953583,"dvar":0.227527946234,"dvar2":0.541614830494,"max":7.82183980942,"mean":0.378317624331,"median":0.2520788908,"min":-3.93819069862,"var":0.868908524513},"barkbands_spread":{"dmean":5.96127414703,"dmean2":9.56144523621,"dvar":40.8130531311,"dvar2":97.588684082,"max":131.682952881,"mean":30.0958385468,"median":28.8776283264,"min":1.75093507767,"var":152.59173584},"dissonance":{"dmean":0.0122766997665,"dmean2":0.0206223614514,"dvar":0.000176227287739,"dvar2":0.00046653082245,"max":0.500000119209,"mean":0.479589790106,"median":0.485293269157,"min":0.303347468376,"var":0.000386454979889},"dynamic_complexity":2.35242843628,"erbbands":{"dmean":[0.0407775342464,0.674892544746,1.6333656311,1.18564021587,1.48681688309,1.74035382271,2.72500395775,3.06829285622,5.25338602066,7.99789810181,15.4071464539,13.5960035324,24.4316329956,17.4154472351,22.9003639221,41.1137924194,31.8808441162,32.6946144104,32.0394973755,34.4205665588,33.1348800659,20.0863780975,13.6862506866,15.1255979538,19.3399200439,15.2849807739,7.68354320526,4.77429819107,3.38849830627,3.0526664257,2.2511818409,1.56543958187,1.34117114544,0.813654243946,0.44720941782,0.140095829964,0.0244252253324,0.00353753147647,0.000190539038158,0.00000989089767245],"dmean2":[0.0628239139915,1.15300989151,2.95735573769,2.00379514694,2.33967423439,2.83148550987,4.09807252884,4.79041671753,8.12782859802,12.7731122971,24.5170593262,21.0181369781,37.3446540833,27.10064888,35.6669921875,63.5136070251,50.2664871216,52.7143287659,51.9175453186,55.638885498,53.6398544312,33.1712341309,22.8447723389,24.8518161774,30.3690547943,25.107257843,13.1743822098,8.1870880127,5.68248128891,4.94664144516,3.67894268036,2.54835343361,2.14997720718,1.25914359093,0.680785298347,0.210793927312,0.0371068455279,0.00551391765475,0.000310625648126,0.000015272271412],"dvar":[0.00495547894388,1.66744303703,9.76779651642,2.4156036377,7.08724117279,7.56275749207,31.7261943817,48.3780784607,154.020507812,229.888671875,1275.43054199,722.754760742,2585.27734375,1210.83068848,1641.22973633,6365.79541016,3845.41015625,3280.05957031,3050.22509766,3905.15405273,2786.32299805,965.520324707,333.518066406,362.072784424,1143.9083252,696.893127441,121.910896301,55.9558868408,43.6537475586,39.4385070801,15.3918848038,9.64096355438,11.9212198257,5.87420320511,1.55326330662,0.164414554834,0.00413337443024,0.0000732929474907,2.16516426121e-7,1.90297291813e-10],"dvar2":[0.0102700116113,4.46260166168,28.0707969666,6.68586969376,15.3508787155,18.8060417175,69.1888046265,109.190513611,344.287078857,564.95904541,3151.00463867,1472.41687012,5539.26757812,2677.09960938,3696.12280273,14605.4003906,9325.13476562,7852.33691406,7579.95166016,9003.45507812,6560.41015625,2368.12915039,849.005554199,906.020263672,2389.15820312,1630.9230957,324.004302979,147.483322144,104.207756042,89.5730438232,37.4566497803,22.3961677551,25.1843471527,12.4930896759,3.23396420479,0.352476090193,0.00902218557894,0.000172131985892,5.27737540779e-7,4.31790186939e-10],"max":[0.607190191746,10.5465955734,29.0892772675,19.7134246826,33.5668792725,51.2122573853,119.709983826,151.600021362,390.273895264,291.068634033,521.084350586,651.681335449,1056.76489258,967.885803223,897.652893066,2645.66040039,1050.16589355,1030.49951172,931.39440918,1798.86291504,1685.11450195,899.4140625,357.766265869,336.169158936,860.051330566,855.843811035,308.831420898,151.010543823,165.05368042,170.581985474,59.439201355,62.9211235046,77.5871047974,62.8391227722,30.4502792358,10.6734495163,1.79251623154,0.151253208518,0.00685820356011,0.00022924906807],"mean":[0.0503319948912,0.756138265133,2.02019476891,2.79887914658,2.58210301399,3.00877928734,4.81643438339,5.96104049683,9.50986099243,15.5279998779,30.9702510834,27.7470340729,53.2216529846,39.1622619629,47.5963249207,89.4500045776,62.0711746216,64.9158782959,64.8190078735,69.520111084,72.2951202393,45.6217765808,31.2887802124,36.0798377991,45.0436058044,35.0241279602,17.6103534698,10.8175497055,7.15888929367,6.4781794548,4.76102876663,3.32568502426,2.56267762184,1.57308256626,0.791619360447,0.24120682478,0.0473818965256,0.00644681975245,0.000266139133601,0.0000401028955821],"median":[0.0201935768127,0.322094172239,1.21538937092,2.36619377136,1.16161763668,1.4173835516,1.97496271133,2.22022151947,3.52931213379,5.74116230011,8.94914245605,12.4529056549,19.5222911835,17.5902023315,22.271604538,32.4795036316,28.9531097412,33.4932975769,34.3878173828,41.5373077393,46.0106315613,32.6167144775,24.3736915588,28.6639499664,26.8551177979,26.2061233521,14.780714035,8.88925743103,5.4894618988,4.5762257576,3.56956863403,2.47546386719,1.68160653114,0.94804006815,0.413082182407,0.131765574217,0.0297687463462,0.00399534311146,0.000130283253384,0.0000402433142881],"min":[2.13617878579e-22,8.74459255413e-22,6.45756478207e-21,5.7718272075e-21,4.57179170266e-20,4.68764771786e-20,2.52449626058e-20,3.17267321143e-20,1.70754092518e-19,3.92913660245e-19,3.01731318276e-19,6.20253472408e-19,7.98451751e-19,9.739872835e-19,1.43497896798e-18,1.79986684435e-18,2.54690213415e-18,2.66079539192e-18,1.98879344869e-18,3.10954997321e-18,3.81799728744e-18,4.18100053617e-18,6.45835325321e-18,8.17838269279e-18,9.14751328872e-18,1.11364947142e-17,1.0803327043e-17,1.1069082803e-17,1.25713569463e-17,1.14393726858e-17,1.18035315058e-17,1.11354681831e-17,1.09927770459e-17,9.12007074472e-18,7.54525203449e-18,4.344784779e-18,2.11792647527e-18,1.06389364768e-18,2.69716145697e-19,2.90539079912e-20],"var":[0.0063798930496,1.4824450016,7.39603900909,6.09441614151,15.9680986404,15.6309251785,80.0681686401,164.42918396,594.390380859,791.110229492,4084.73413086,2613.38134766,10766.2587891,5723.609375,6215.97949219,25629.1582031,9121.5546875,8116.73583984,8206.52441406,8201.07421875,8478.43066406,2675.86254883,768.145019531,940.182006836,3701.04150391,1433.41870117,200.107192993,83.6416091919,74.5484313965,79.2998733521,25.9054985046,17.0019855499,21.7010192871,11.2488384247,3.08972382545,0.265175819397,0.00624942360446,0.0000971604313236,2.40971303356e-7,4.77771266993e-10]},"erbbands_crest":{"dmean":2.46974873543,"dmean2":3.98100376129,"dvar":5.95079421997,"dvar2":14.1417121887,"max":32.4909667969,"mean":9.00582408905,"median":7.87640285492,"min":2.23396015167,"var":20.1031303406},"erbbands_flatness_db":{"dmean":0.014958832413,"dmean2":0.0223140008748,"dvar":0.000223275681492,"dvar2":0.000451880303444,"max":0.372468829155,"mean":0.160909309983,"median":0.158765569329,"min":0.049487054348,"var":0.00131287868135},"erbbands_kurtosis":{"dmean":0.801989614964,"dmean2":1.2444767952,"dvar":1.40307104588,"dvar2":3.01241183281,"max":51.0270690918,"mean":0.697513580322,"median":0.260897278786,"min":-1.82891273499,"var":4.02170419693},"erbbands_skewness":{"dmean":0.313042610884,"dmean2":0.483511477709,"dvar":0.105813153088,"dvar2":0.232984945178,"max":4.23116970062,"mean":0.0771900862455,"median":0.000503434683196,"min":-4.20915937424,"var":0.491988092661},"erbbands_spread":{"dmean":5.16457891464,"dmean2":8.06285667419,"dvar":40.5615997314,"dvar2":99.8138427734,"max":162.256271362,"mean":28.4449291229,"median":26.338312149,"min":1.76087749004,"var":152.092224121},"gfcc":{"cov":[[12552.7607422,-124.213394165,-798.059753418,460.416809082,-254.169418335,594.13494873,-352.986602783,212.272857666,-227.028015137,48.78358078,-76.0925598145,-28.0648193359,-188.643569946],[-124.213394165,636.302185059,-30.6881771088,51.3686828613,82.8668289185,-92.3516921997,77.6425170898,-38.899394989,31.5389499664,-21.5155067444,23.3714885712,-1.22829556465,41.9876556396],[-798.059753418,-30.6881771088,632.997314453,76.9253158569,2.69581747055,31.2221698761,-94.3994140625,31.0870056152,14.5749435425,-6.79084825516,14.6617059708,30.0399417877,-3.56991100311],[460.416809082,51.3686828613,76.9253158569,272.931854248,72.3546218872,33.5797157288,6.61556768417,13.1239547729,30.6648426056,14.1286077499,5.84173440933,10.2911157608,23.9425182343],[-254.169418335,82.8668289185,2.69581747055,72.3546218872,216.421279907,68.7164077759,81.3380737305,1.45374536514,9.64746189117,7.12751102448,11.0420427322,5.68583583832,9.36573028564],[594.13494873,-92.3516921997,31.2221698761,33.5797157288,68.7164077759,223.805786133,47.6121902466,55.2843055725,-9.09921550751,-6.69280338287,16.5097312927,-7.12492656708,-24.4716529846],[-352.986602783,77.6425170898,-94.3994140625,6.61556768417,81.3380737305,47.6121902466,206.639602661,43.5141563416,31.3573474884,12.4280653,4.92511940002,-3.46626996994,9.16689300537],[212.272857666,-38.899394989,31.0870056152,13.1239547729,1.45374536514,55.2843055725,43.5141563416,156.693756104,86.1657028198,17.9204044342,-16.1880970001,-13.1582984924,-3.66186070442],[-227.028015137,31.5389499664,14.5749435425,30.6648426056,9.64746189117,-9.09921550751,31.3573474884,86.1657028198,136.449111938,35.8476791382,-7.67795705795,-10.3361930847,10.8183736801],[48.78358078,-21.5155067444,-6.79084825516,14.1286077499,7.12751102448,-6.69280338287,12.4280653,17.9204044342,35.8476791382,85.149520874,40.4300193787,12.0495080948,0.652422904968],[-76.0925598145,23.3714885712,14.6617059708,5.84173440933,11.0420427322,16.5097312927,4.92511940002,-16.1880970001,-7.67795705795,40.4300193787,99.4005050659,35.6632499695,8.52376270294],[-28.0648193359,-1.22829556465,30.0399417877,10.2911157608,5.68583583832,-7.12492656708,-3.46626996994,-13.1582984924,-10.3361930847,12.0495080948,35.6632499695,62.9086990356,29.9390163422],[-188.643569946,41.9876556396,-3.56991100311,23.9425182343,9.36573028564,-24.4716529846,9.16689300537,-3.66186070442,10.8183736801,0.652422904968,8.52376270294,29.9390163422,74.6004562378]],"icov":[[0.00030668405816,-0.000482524279505,0.000711099768523,-0.00077327695908,0.000706008519046,-0.00120764854364,0.00107124645729,-0.000958943448495,0.00114182429388,-0.00104322459083,0.00099898444023,-0.000982432509772,0.000789482262917],[-0.000482524279505,0.00301216891967,-0.00117316574324,0.000898678903468,-0.00192996370606,0.00330262631178,-0.00254702335224,0.00202850881033,-0.00264666881412,0.00345178437419,-0.00326668843627,0.00274832523428,-0.00189795275219],[0.000711099768523,-0.00117316574324,0.00357075128704,-0.00224742665887,0.00143520592246,-0.00299445027485,0.0036164498888,-0.00286390958354,0.00240214914083,-0.00186272931751,0.00211527408101,-0.00352204754017,0.00244293315336],[-0.00077327695908,0.000898678903468,-0.00224742665887,0.00645564123988,-0.00302128004842,0.00219782767817,-0.00209991377778,0.00279948092066,-0.00373662193306,0.00171423063148,-0.00188222934958,0.00241023791023,-0.00337026501074],[0.000706008519046,-0.00192996370606,0.00143520592246,-0.00302128004842,0.00857816077769,-0.00516250682995,0.000274460035143,-0.000472892803373,0.00214679562487,-0.00337441032752,0.00323719554581,-0.00296507659368,0.00162077962887],[-0.00120764854364,0.00330262631178,-0.00299445027485,0.00219782767817,-0.00516250682995,0.0124854948372,-0.0053498079069,0.000132586108521,-0.00228393031284,0.00678997952491,-0.00734405079857,0.00536073977128,-0.00139403983485],[0.00107124645729,-0.00254702335224,0.0036164498888,-0.00209991377778,0.000274460035143,-0.0053498079069,0.0110218692571,-0.00525552174076,0.00377736683004,-0.00440310453996,0.0037047015503,-0.00374027481303,0.00215621152893],[-0.000958943448495,0.00202850881033,-0.00286390958354,0.00279948092066,-0.000472892803373,0.000132586108521,-0.00525552174076,0.0161443408579,-0.0116875050589,0.00273367878981,-0.00087148899911,0.00288093090057,-0.00244663679041],[0.00114182429388,-0.00264666881412,0.00240214914083,-0.00373662193306,0.00214679562487,-0.00228393031284,0.00377736683004,-0.0116875050589,0.0192075613886,-0.00926732923836,0.00496390322223,-0.00101749424357,0.000771383114625],[-0.00104322459083,0.00345178437419,-0.00186272931751,0.00171423063148,-0.00337441032752,0.00678997952491,-0.00440310453996,0.00273367878981,-0.00926732923836,0.0231789667159,-0.0127500956878,0.003145665396,-0.000558282481506],[0.00099898444023,-0.00326668843627,0.00211527408101,-0.00188222934958,0.00323719554581,-0.00734405079857,0.0037047015503,-0.00087148899911,0.00496390322223,-0.0127500956878,0.0215122047812,-0.0120358904824,0.0035205213353],[-0.000982432509772,0.00274832523428,-0.00352204754017,0.00241023791023,-0.00296507659368,0.00536073977128,-0.00374027481303,0.00288093090057,-0.00101749424357,0.003145665396,-0.0120358904824,0.0302584841847,-0.0128896823153],[0.000789482262917,-0.00189795275219,0.00244293315336,-0.00337026501074,0.00162077962887,-0.00139403983485,0.00215621152893,-0.00244663679041,0.000771383114625,-0.000558282481506,0.0035205213353,-0.0128896823153,0.0212858114392]],"mean":[25.7330303192,62.2700881958,-143.738891602,34.6221618652,-51.6403541565,23.5292549133,-32.9861717224,15.8037900925,-27.5638942719,5.9789557457,-19.5697994232,-3.9697406292,-13.4553480148]},"hfc":{"dmean":7.22781801224,"dmean2":11.5197792053,"dvar":80.1679077148,"dvar2":187.687255859,"max":105.816581726,"mean":33.5339012146,"median":33.1524276733,"min":1.11253807155e-16,"var":350.979431152},"melbands":{"dmean":[0.000539967848454,0.000881722080521,0.000193212530576,0.000119674041343,0.0000911093084142,0.0000696522401995,0.0000779349647928,0.00010849274986,0.000117462601338,0.0000949761961238,0.000127453851746,0.0000784721269156,0.0000698755175108,0.000125155696878,0.000104863771412,0.0000687484207447,0.0000655972617096,0.000063098683313,0.00004825608994,0.000047905890824,0.0000422088087362,0.0000240657645918,0.000015979847376,0.0000129739491967,0.0000134101564981,0.0000160873642017,0.0000148215567606,0.0000101430923678,0.00000570860629523,0.00000365695154869,0.00000274215130958,0.00000203550007427,0.00000197986628336,0.0000017420761651,0.0000014638144421,0.00000110797202524,0.00000101758109849,0.0000010505523278,8.48878414672e-7,6.79837796724e-7],"dmean2":[0.000850466254633,0.0015756477369,0.000328307156451,0.000189647325897,0.000136459333589,0.000109470478492,0.000121568518807,0.000173043328687,0.000185898185009,0.000147049504449,0.000195066575543,0.000121710982057,0.000110152483103,0.000191748942598,0.000161656091223,0.000110428874905,0.000105713275843,0.000102429839899,0.0000776736487751,0.0000778621615609,0.0000688610525685,0.0000399172604375,0.0000267934374278,0.0000216510688915,0.0000222420840146,0.000025455488867,0.0000237904823734,0.0000168807382579,0.00000978110165306,0.00000633808440398,0.00000468163352707,0.00000346912838722,0.00000322379310091,0.00000284704469777,0.00000241139082391,0.00000182562121154,0.00000167857490396,0.00000170391342635,0.00000135272773605,0.0000010634262253],"dvar":[9.28681004098e-7,0.00000290590332952,5.81238985831e-8,4.50146941944e-8,3.27761213725e-8,2.18496172266e-8,2.98759132988e-8,4.4320959347e-8,6.70380018164e-8,3.34032286275e-8,6.5640428204e-8,2.46076972132e-8,2.17206306274e-8,5.9414048792e-8,5.11762259237e-8,2.12949391454e-8,1.36880382584e-8,1.36079707502e-8,8.61503046679e-9,7.83458720122e-9,4.99861485537e-9,1.69780112191e-9,4.53424991997e-10,3.17397996774e-10,3.00650560003e-10,7.54163287375e-10,6.98476998462e-10,2.9981428451e-10,7.0391491247e-11,3.00693844824e-11,1.80693637136e-11,1.36448690888e-11,1.9920511421e-11,1.16979655129e-11,6.29072488545e-12,4.04728637757e-12,4.22370558667e-12,6.84040150911e-12,6.3624756505e-12,4.18483086725e-12],"dvar2":[0.00000220721790356,0.00000820371496957,1.60971808327e-7,1.00240264089e-7,7.00982099033e-8,4.97103869179e-8,6.79813823012e-8,1.11815808168e-7,1.58672733619e-7,7.12154744065e-8,1.42101498568e-7,5.32612745019e-8,4.94319145616e-8,1.32691781118e-7,1.11587610263e-7,5.22470173792e-8,3.28580043174e-8,3.37740893031e-8,1.99846805771e-8,1.73510557033e-8,1.19058549686e-8,4.21666035422e-9,1.17445275727e-9,8.07746425302e-10,7.73547781385e-10,1.58243995685e-9,1.59207214079e-9,7.12229497601e-10,1.87761292625e-10,8.20073037255e-11,4.75684977519e-11,3.38925727761e-11,4.48135903386e-11,2.82281819447e-11,1.5797961897e-11,9.74520637798e-12,9.93066739952e-12,1.48369164177e-11,1.39235645583e-11,9.15496584791e-12],"max":[0.00779052870348,0.0147013133392,0.0031989000272,0.00267345015891,0.0036041715648,0.00301253469661,0.00505527434871,0.0035010962747,0.00372837390751,0.00437527988106,0.00515134911984,0.00400141533464,0.00421522092074,0.0070883249864,0.00518888887018,0.00277744792402,0.00222754711285,0.00215545156971,0.00209014397115,0.00249504321255,0.00210390659049,0.00127464055549,0.000341371924151,0.000400220247684,0.000305593945086,0.000600624538492,0.000628838432021,0.000535871426109,0.00031015049899,0.0000799915214884,0.0000875390178408,0.000086199004727,0.000117792442325,0.000089565939561,0.0000404694255849,0.000037408022763,0.0000487281977257,0.0000608107511653,0.0000702627366991,0.0000582065840717],"mean":[0.000650667876471,0.00109890592285,0.000460137700429,0.000205305826967,0.000165665624081,0.000138030634844,0.00013796845451,0.000217714870814,0.000231521014939,0.000184947391972,0.000273044948699,0.000165988618392,0.000140301082865,0.000240489185671,0.00020661567396,0.000117438095913,0.000121736804431,0.000114745489554,0.0000836534891278,0.0000952501723077,0.0000816896426841,0.0000479432237626,0.0000317818921758,0.0000264205409621,0.0000287214024866,0.000033958171116,0.0000311148760375,0.0000213817947952,0.0000120164468171,0.0000074023828347,0.00000574492150918,0.00000395412780563,0.00000381948939321,0.00000347836430592,0.00000283997155748,0.00000223587085202,0.00000198515567718,0.00000188696947134,0.00000151364758949,0.00000126549343804],"median":[0.000283608824247,0.000655061448924,0.000414494599681,0.0000865117253852,0.0000703512487235,0.0000520412504557,0.0000521623151144,0.0000680270313751,0.0000691264795023,0.0000748238817323,0.0000968293607002,0.0000682284226059,0.0000570812226215,0.0000878521677805,0.0000652314483887,0.0000547660820303,0.0000579123807256,0.0000519644090673,0.0000441170705017,0.0000532169797225,0.0000491083555971,0.0000321117695421,0.0000228998778766,0.0000204441894311,0.000021982285034,0.0000204418211069,0.00001740944208,0.0000164487664733,0.0000100231127362,0.00000578224808123,0.00000463518244942,0.00000298901568385,0.00000255739405475,0.00000243409135692,0.00000204774823942,0.0000016263931002,0.00000143670058605,0.00000122125629787,8.51874119689e-7,7.54395500735e-7],"min":[2.74087631038e-24,3.18825865682e-24,1.6605756741e-24,4.62050268343e-24,1.2892909921e-24,6.54554082056e-25,3.16603190917e-24,3.98595362089e-24,2.59355732519e-24,3.99325334527e-24,3.97769819151e-24,3.25353729116e-24,3.99769266002e-24,4.69094993441e-24,5.43665107622e-24,4.43151764294e-24,4.21926475563e-24,2.14517884464e-24,3.76265707533e-24,4.32555114084e-24,4.19628563189e-24,3.43994748964e-24,4.85573232789e-24,5.51333821697e-24,6.23126435516e-24,5.53378036403e-24,5.97300904416e-24,5.43048218394e-24,5.74217296051e-24,6.249861751e-24,4.79385565621e-24,6.63576382837e-24,5.67179039611e-24,5.72482314819e-24,6.63171776078e-24,6.07513537138e-24,6.07172433683e-24,7.11355873486e-24,7.53368002057e-24,6.92088419192e-24],"var":[0.00000104385605937,0.00000226644124268,1.33957172466e-7,1.00190327146e-7,9.04582080352e-8,8.01039234943e-8,1.07186991727e-7,1.74004696873e-7,2.07692963272e-7,1.20089524103e-7,2.81794427792e-7,1.09805952775e-7,1.06957173784e-7,1.89519212768e-7,1.88387531352e-7,4.32546052309e-8,3.29396314669e-8,3.65410137704e-8,1.67521143624e-8,2.19624176623e-8,1.3305872848e-8,3.92195120824e-9,1.05060771194e-9,6.17569329009e-10,6.85082324203e-10,2.11595430066e-9,2.0232735487e-9,5.25386567585e-10,1.08479523975e-10,4.3933610222e-11,2.61290641901e-11,2.07828598081e-11,3.77585740452e-11,2.13846631375e-11,9.58221696434e-12,6.87734071081e-12,7.17233173894e-12,1.16555046864e-11,1.13323204987e-11,7.50023741031e-12]},"melbands_crest":{"dmean":3.17772221565,"dmean2":5.18912267685,"dvar":8.7778968811,"dvar2":21.9029121399,"max":32.8329238892,"mean":11.4582862854,"median":10.6347522736,"min":1.59124982357,"var":22.6713809967},"melbands_flatness_db":{"dmean":0.0219988748431,"dmean2":0.0353897660971,"dvar":0.000647575245239,"dvar2":0.00159971963149,"max":0.407685011625,"mean":0.127872318029,"median":0.117381334305,"min":0.00134680524934,"var":0.00243728794158},"melbands_kurtosis":{"dmean":2.82534098625,"dmean2":4.65771770477,"dvar":56.8210716248,"dvar2":143.050460815,"max":229.650680542,"mean":3.43625545502,"median":0.8851313591,"min":-1.88927149773,"var":109.165855408},"melbands_skewness":{"dmean":0.533277690411,"dmean2":0.854377508163,"dvar":0.475837945938,"dvar2":1.19587051868,"max":10.8074998856,"mean":1.22517418861,"median":0.997514009476,"min":-1.72214245796,"var":1.40644443035},"melbands_spread":{"dmean":9.61415672302,"dmean2":15.5836200714,"dvar":126.704078674,"dvar2":301.80682373,"max":222.844848633,"mean":45.0865364075,"median":44.9257736206,"min":1.55931138992,"var":404.809387207},"mfcc":{"cov":[[6141.79003906,42.5727882385,-216.605957031,-138.168579102,204.431045532,104.94291687,138.892974854,196.997360229,75.3028182983,167.233276367,31.5771980286,102.229774475,74.2609863281],[42.5727882385,594.327758789,-64.4784851074,102.993751526,-18.0685539246,13.2000770569,17.5259971619,-2.90027785301,-2.55405926704,-24.9364147186,-11.5501232147,3.98316788673,-3.10494279861],[-216.605957031,-64.4784851074,522.699951172,15.9076080322,117.79309845,-38.8052864075,-48.9487724304,11.8324012756,-20.3926639557,-17.9838161469,-5.67470693588,27.2376556396,-7.48914432526],[-138.168579102,102.993751526,15.9076080322,256.316589355,34.2856750488,32.4296951294,-6.84880399704,-11.5979404449,35.3534049988,-7.35704565048,-6.08409404755,0.703793883324,-6.87673091888],[204.431045532,-18.0685539246,117.79309845,34.2856750488,193.529174805,43.6041030884,9.93569755554,25.6062774658,3.1780693531,8.8224105835,-2.77588367462,8.4461145401,12.0484018326],[104.94291687,13.2000770569,-38.8052864075,32.4296951294,43.6041030884,146.05128479,85.5977478027,27.2995033264,-11.1017189026,9.13696861267,-1.61849725246,-4.71521425247,-1.76451098919],[138.892974854,17.5259971619,-48.9487724304,-6.84880399704,9.93569755554,85.5977478027,149.851913452,49.3525352478,-6.25208187103,15.298825264,13.8921957016,0.741416275501,12.9436683655],[196.997360229,-2.90027785301,11.8324012756,-11.5979404449,25.6062774658,27.2995033264,49.3525352478,114.43523407,61.3440818787,38.837474823,4.92570018768,18.8302230835,6.1302895546],[75.3028182983,-2.55405926704,-20.3926639557,35.3534049988,3.1780693531,-11.1017189026,-6.25208187103,61.3440818787,140.282333374,64.7382736206,16.403377533,22.5156288147,1.49548113346],[167.233276367,-24.9364147186,-17.9838161469,-7.35704565048,8.8224105835,9.13696861267,15.298825264,38.837474823,64.7382736206,100.073127747,40.1821250916,15.4946622849,10.1043195724],[31.5771980286,-11.5501232147,-5.67470693588,-6.08409404755,-2.77588367462,-1.61849725246,13.8921957016,4.92570018768,16.403377533,40.1821250916,82.3329544067,39.3702430725,11.2769937515],[102.229774475,3.98316788673,27.2376556396,0.703793883324,8.4461145401,-4.71521425247,0.741416275501,18.8302230835,22.5156288147,15.4946622849,39.3702430725,89.3887786865,23.4768657684],[74.2609863281,-3.10494279861,-7.48914432526,-6.87673091888,12.0484018326,-1.76451098919,12.9436683655,6.1302895546,1.49548113346,10.1043195724,11.2769937515,23.4768657684,73.8908081055]],"icov":[[0.000197877103346,-0.0000322883133776,0.000153937915456,0.000100346376712,-0.000276337232208,0.0000559302170586,-0.0000411292930949,-0.000220101122977,0.00017610489158,-0.000351068272721,0.000217909619096,-0.00027499490534,-0.00000486566068503],[-0.0000322883133776,0.00189695775043,0.000244464783464,-0.000887627538759,0.000193660293007,0.000260187574895,-0.000296988728223,-0.000220253597945,0.000259986787569,0.000383653474273,0.000204393727472,-0.000322453357512,0.000112796129542],[0.000153937915456,0.000244464783464,0.00272754230537,-0.000266752525931,-0.00191189651377,0.00123798055574,0.000463446311187,-0.00110778561793,0.00124919880182,-0.000170034589246,0.000394659437006,-0.00120423152111,0.000779570022132],[0.000100346376712,-0.000887627538759,-0.000266752525931,0.00523602962494,-0.000833592843264,-0.00189068564214,0.000388966087485,0.00198219087906,-0.0030456171371,0.00138314941432,-0.000173345179064,0.00011566664034,0.0000425037869718],[-0.000276337232208,0.000193660293007,-0.00191189651377,-0.000833592843264,0.00758732156828,-0.00292157405056,0.00122352945618,-0.000995673122816,0.000130653192173,-0.0000857733830344,-0.0000931689792196,0.000672114547342,-0.00161439715885],[0.0000559302170586,0.000260187574895,0.00123798055574,-0.00189068564214,-0.00292157405056,0.0128041077405,-0.00673819798976,-0.000586041947827,0.00255141267553,-0.00211500329897,0.00200871541165,-0.00103952607606,0.00217665266246],[-0.0000411292930949,-0.000296988728223,0.000463446311187,0.000388966087485,0.00122352945618,-0.00673819798976,0.0131236342713,-0.00578884640709,0.00238350592554,0.000562151952181,-0.00326773617417,0.00190030282829,-0.00229719560593],[-0.000220101122977,-0.000220253597945,-0.00110778561793,0.00198219087906,-0.000995673122816,-0.000586041947827,-0.00578884640709,0.0170814953744,-0.00766664091498,-0.00139996898361,0.00327601842582,-0.00233504618518,0.000617928570136],[0.00017610489158,0.000259986787569,0.00124919880182,-0.0030456171371,0.000130653192173,0.00255141267553,0.00238350592554,-0.00766664091498,0.0157923735678,-0.00864097755402,0.00207002647221,-0.00258612446487,0.00130301364698],[-0.000351068272721,0.000383653474273,-0.000170034589246,0.00138314941432,-0.0000857733830344,-0.00211500329897,0.000562151952181,-0.00139996898361,-0.00864097755402,0.0204630568624,-0.00969981774688,0.0040289061144,-0.00196149852127],[0.000217909619096,0.000204393727472,0.000394659437006,-0.000173345179064,-0.0000931689792196,0.00200871541165,-0.00326773617417,0.00327601842582,0.00207002647221,-0.00969981774688,0.0211461000144,-0.00939973816276,0.00122102990281],[-0.00027499490534,-0.000322453357512,-0.00120423152111,0.00011566664034,0.000672114547342,-0.00103952607606,0.00190030282829,-0.00233504618518,-0.00258612446487,0.0040289061144,-0.00939973816276,0.0175865776837,-0.00477375183254],[-0.00000486566068503,0.000112796129542,0.000779570022132,0.0000425037869718,-0.00161439715885,0.00217665266246,-0.00229719560593,0.000617928570136,0.00130301364698,-0.00196149852127,0.00122102990281,-0.00477375183254,0.0158646795899]],"mean":[-603.191162109,90.0256881714,-26.3103694916,16.5655136108,2.88393950462,7.91913604736,8.49007129669,4.85332489014,3.67476248741,7.73653793335,-1.31738090515,-0.430455863476,1.33824777603]},"pitch_salience":{"dmean":0.0705913752317,"dmean2":0.11612149328,"dvar":0.00485862605274,"dvar2":0.0123114781454,"max":0.979028999805,"mean":0.58065110445,"median":0.586635351181,"min":0.120779387653,"var":0.0111705036834},"silence_rate_20dB":{"dmean":0,"dmean2":0,"dvar":0,"dvar2":0,"max":1,"mean":1,"median":1,"min":1,"var":0},"silence_rate_30dB":{"dmean":0,"dmean2":0,"dvar":0,"dvar2":0,"max":1,"mean":1,"median":1,"min":1,"var":0},"silence_rate_60dB":{"dmean":0.00724133150652,"dmean2":0.0144846793264,"dvar":0.0071897120215,"dvar2":0.0181721448898,"max":1,"mean":0.0232525765896,"median":0,"min":0,"var":0.0227128192782},"spectral_centroid":{"dmean":222.623565674,"dmean2":354.444458008,"dvar":74104.296875,"dvar2":154498.3125,"max":11569.2480469,"mean":2135.47973633,"median":2149.98681641,"min":226.214447021,"var":538212.375},"spectral_complexity":{"dmean":4.58794021606,"dmean2":7.4192199707,"dvar":21.177274704,"dvar2":50.3721961975,"max":58,"mean":32.0735168457,"median":35,"min":0,"var":138.337463379},"spectral_contrast_coeffs":{"dmean":[0.050218898803,0.0468193106353,0.039961785078,0.0316907465458,0.0209095533937,0.0172930490226],"dmean2":[0.0830265432596,0.0765716582537,0.0639200434089,0.0517882183194,0.0339870713651,0.0279382131994],"dvar":[0.00169229810126,0.00146985566244,0.00100380252115,0.000687475083396,0.000308982649585,0.000301222753478],"dvar2":[0.00457921018824,0.00377760175616,0.00237206113525,0.00171951798256,0.000755986955483,0.000704821082763],"max":[-0.319497108459,-0.420061707497,-0.467211633921,-0.522173404694,-0.529133677483,-0.574628293514],"mean":[-0.663020014763,-0.74983471632,-0.758125185966,-0.773384869099,-0.789717257023,-0.753697812557],"median":[-0.67105358839,-0.764581918716,-0.765526175499,-0.778536319733,-0.793170332909,-0.757397532463],"min":[-0.975000083447,-0.975587904453,-0.983969092369,-0.982876956463,-0.975859344006,-0.965873479843],"var":[0.00622393283993,0.00654421420768,0.00462708715349,0.00266198511235,0.00137815973721,0.00174496648833]},"spectral_contrast_valleys":{"dmean":[0.432384908199,0.358587801456,0.315803408623,0.27801451087,0.218706488609,0.261623293161],"dmean2":[0.698483526707,0.591125845909,0.503873765469,0.437359750271,0.343886852264,0.383072018623],"dvar":[0.152158081532,0.103100828826,0.0900661796331,0.0838811770082,0.0780452415347,0.146809145808],"dvar2":[0.34453099966,0.249122425914,0.196366414428,0.169786334038,0.154921010137,0.301930546761],"max":[-5.87625360489,-5.23184871674,-5.49355173111,-5.45288801193,-5.52184343338,-7.62687540054],"mean":[-7.65686607361,-6.98028564453,-6.95421791077,-6.9831867218,-6.78460407257,-9.64737510681],"median":[-7.37767505646,-6.75924158096,-6.70892953873,-6.74172210693,-6.52549171448,-9.3180065155],"min":[-28.289396286,-28.0465888977,-27.4770526886,-27.6978244781,-27.4409408569,-27.3191242218],"var":[2.18284368515,1.98186302185,2.03639316559,2.09569191933,2.06974339485,2.04949736595]},"spectral_decrease":{"dmean":1.37069056105e-9,"dmean2":2.20086882052e-9,"dvar":2.84410481951e-18,"dvar2":7.35745225694e-18,"max":6.40015877067e-20,"mean":-5.69624525326e-9,"median":-5.93986948516e-9,"min":-1.71279808114e-8,"var":7.66121531175e-18},"spectral_energy":{"dmean":0.00559538695961,"dmean2":0.00893801357597,"dvar":0.0000444002034783,"dvar2":0.000113854570372,"max":0.0667377114296,"mean":0.0245406106114,"median":0.0257534068078,"min":1.02314212305e-20,"var":0.000136111033498},"spectral_energyband_high":{"dmean":0.000483454641653,"dmean2":0.000787121301983,"dvar":6.49113019335e-7,"dvar2":0.00000149207039613,"max":0.0112105421722,"mean":0.00134661514312,"median":0.00111847440712,"min":7.41243655492e-21,"var":0.00000131019032779},"spectral_energyband_low":{"dmean":0.00347571098246,"dmean2":0.00587430642918,"dvar":0.0000395782844862,"dvar2":0.000105633604107,"max":0.0561434514821,"mean":0.00527114933357,"median":0.00351897068322,"min":3.156066821e-23,"var":0.0000375392373826},"spectral_energyband_middle_high":{"dmean":0.00293297041208,"dmean2":0.00459994003177,"dvar":0.0000114664417197,"dvar2":0.0000262723842752,"max":0.0620459318161,"mean":0.0123605718836,"median":0.0101534249261,"min":1.35645473263e-21,"var":0.0000815932726255},"spectral_energyband_middle_low":{"dmean":0.00193810614292,"dmean2":0.00299189332873,"dvar":0.0000056148078329,"dvar2":0.0000131988826979,"max":0.0340503938496,"mean":0.00632277829573,"median":0.0048463656567,"min":2.06599831178e-22,"var":0.0000267653285846},"spectral_entropy":{"dmean":0.107167325914,"dmean2":0.159209087491,"dvar":0.0194966997951,"dvar2":0.0388834886253,"max":9.8196849823,"mean":7.8793387413,"median":7.90676116943,"min":5.88290405273,"var":0.0915739610791},"spectral_flux":{"dmean":0.0210231281817,"dmean2":0.032355401665,"dvar":0.000469673046609,"dvar2":0.0009664510726,"max":0.2103818506,"mean":0.0883913040161,"median":0.0856553912163,"min":6.46217523936e-11,"var":0.00121618877165},"spectral_kurtosis":{"dmean":1.01475560665,"dmean2":1.72773087025,"dvar":1.34438657761,"dvar2":3.75247430801,"max":28.0795345306,"mean":4.00895023346,"median":3.79141068459,"min":-1.24841237068,"var":3.08784294128},"spectral_rms":{"dmean":0.000550838769414,"dmean2":0.000858251238242,"dvar":4.00879542894e-7,"dvar2":9.65453637036e-7,"max":0.00806907471269,"mean":0.00469682738185,"median":0.00501251174137,"min":3.15941045027e-12,"var":0.00000188186925243},"spectral_rolloff":{"dmean":529.067932129,"dmean2":881.568786621,"dvar":670555.4375,"dvar2":1405615.625,"max":19444.4824219,"mean":2587.34667969,"median":2347.11914062,"min":107.666015625,"var":2773647.25},"spectral_skewness":{"dmean":0.14978595078,"dmean2":0.247516110539,"dvar":0.0256068017334,"dvar2":0.0650259777904,"max":3.54861760139,"mean":1.37536990643,"median":1.3948302269,"min":-0.0594087056816,"var":0.110708899796},"spectral_spread":{"dmean":400546.84375,"dmean2":605660.875,"dvar":561592532992,"dvar2":1049316294660,"max":41604988,"mean":4302000,"median":4102093.5,"min":1470263.375,"var":4694076293120},"spectral_strongpeak":{"dmean":0.926461935043,"dmean2":1.56859850883,"dvar":1.66214931011,"dvar2":4.10416269302,"max":13.5954666138,"mean":1.83697891235,"median":1.01133108139,"min":0,"var":3.91518712044},"zerocrossingrate":{"dmean":0.00958829093724,"dmean2":0.0116340145469,"dvar":0.000161462201504,"dvar2":0.000181559938937,"max":0.517578125,"mean":0.0875685736537,"median":0.083984375,"min":0.0068359375,"var":0.00163679406978}},"metadata":{"audio_properties":{"analysis_sample_rate":44100,"bit_rate":160025,"codec":"mp3","downmix":"mix","equal_loudness":0,"length":166.739593506,"lossless":false,"md5_encoded":"bdd84dfc27d0a2eb116ab5348c413c1f","replay_gain":-14.6865749359,"sample_rate":44100},"tags":{"album":["Black Lightning"],"albumartist":["The BellRays"],"albumartistsort":["BellRays, The"],"artist":["The BellRays"],"artistsort":["BellRays, The"],"barcode":["3298490212295"],"date":["2010"],"discnumber":["1/1"],"encoding":["Lavf56.36.100"],"file_name":"The BellRays - Black Lightning.mp3","media":["CD"],"musicbrainz album release country":["US"],"musicbrainz album status":["official"],"musicbrainz album type":["album"],"musicbrainz_albumartistid":["c754774d-d3ea-4216-9486-368c04b1bbe7"],"musicbrainz_albumid":["d93a59a4-9298-4854-9844-0b836f608697"],"musicbrainz_artistid":["c754774d-d3ea-4216-9486-368c04b1bbe7"],"musicbrainz_recordingid":["8c229043-1d05-40db-9342-9e084d315a25"],"musicbrainz_releasegroupid":["0990adcf-007e-44fd-9562-1332b50b4a30"],"originaldate":["2010"],"originalyear":["2010"],"script":["Latn"],"title":["Black Lightning"],"tracknumber":["1/10"]},"version":{"essentia":"2.1-beta2","essentia_build_sha":"70f2e5ece6736b2c40cc944ad0e695b16b925413","essentia_git_sha":"v2.1_beta2","extractor":"music 1.0"}},"rhythm":{"beats_count":482,"beats_loudness":{"dmean":0.00650044390932,"dmean2":0.0111696319655,"dvar":0.0000312683223456,"dvar2":0.0000880071893334,"max":0.0524730570614,"mean":0.0287306085229,"median":0.0294987782836,"min":1.74628603244e-10,"var":0.0000723581906641},"beats_loudness_band_ratio":{"dmean":[0.156560271978,0.10025459528,0.0981076210737,0.136435076594,0.0842659473419,0.0566730722785],"dmean2":[0.27973780036,0.18799354136,0.166795104742,0.237999603152,0.147568255663,0.102831028402],"dvar":[0.0179404970258,0.00853506755084,0.0134827299044,0.019646031782,0.0071523161605,0.00396824488416],"dvar2":[0.0505435317755,0.0258467197418,0.0341908447444,0.0528756342828,0.0212760251015,0.0106027573347],"max":[