{"lowlevel":{"average_loudness":0.860292613506,"barkbands":{"dmean":[0.000190096747247,0.00832619797438,0.00351330731064,0.00317443325184,0.00338426697999,0.000565808208194,0.000375128729502,0.000262121408014,0.000219146459131,0.000276986334939,0.000232604841585,0.000223122915486,0.0000628182024229,0.0000935174321057,0.000157191127073,0.000184865115443,0.000408745603636,0.000235974948737,0.000318786100252,0.000279376283288,0.000147879312863,0.000138930830872,0.0000692336907377,0.0000688488435117,0.0000254216975009,0.0000016546932784,2.33676189509e-8],"dmean2":[0.000300737505313,0.0137203326449,0.0059789926745,0.00550911389291,0.00559823540971,0.000944260682445,0.000610068440437,0.000440788600827,0.000364714418538,0.000442251592176,0.000370268884581,0.000364845211152,0.000104984232166,0.000155795831233,0.00025528515107,0.000306640431518,0.000667424872518,0.000378902652301,0.000508402183186,0.00041760809836,0.000236962630879,0.000220954651013,0.00010862689669,0.000109486325528,0.0000390823406633,0.00000249232562055,3.64529100239e-8],"dvar":[1.83205187909e-7,0.000283904315438,0.0000403617450502,0.0000201674738491,0.0000251125729847,9.30648639041e-7,5.05863454237e-7,1.71123431869e-7,1.72840714185e-7,4.36503199808e-7,2.77126872561e-7,1.60343589073e-7,1.21069865244e-8,2.01965022484e-8,5.03684134401e-8,1.01276846465e-7,4.60531765611e-7,1.57582732641e-7,2.2134238975e-7,1.97278410496e-7,5.97233764665e-8,8.16543916926e-8,1.94056788416e-8,1.98651353145e-8,4.24472634819e-9,3.88910882665e-11,2.21184544611e-14],"dvar2":[4.06831247801e-7,0.00073098676512,0.000110386034066,0.0000559494801564,0.0000671832676744,0.00000239195878748,0.00000114483395919,4.46333558557e-7,4.63622313873e-7,0.00000102467561192,6.21912704446e-7,3.90651848647e-7,3.23439515171e-8,5.58962547359e-8,1.30822641609e-7,2.66012335715e-7,0.00000122034089145,3.95141256604e-7,5.50457059489e-7,4.47990913699e-7,1.56575225674e-7,2.02177091069e-7,4.64717473392e-8,4.87882942934e-8,8.85921558336e-9,7.18654441512e-11,5.44582960541e-14],"max":[0.00591403897852,0.144692897797,0.0815146714449,0.0516431778669,0.0920669808984,0.0183230750263,0.0195983368903,0.00903153885156,0.0132120959461,0.0241425260901,0.0352526009083,0.00912573374808,0.00194013142027,0.00259751989506,0.00428513763472,0.00750814843923,0.0104101635516,0.00841206591576,0.00920601468533,0.00814195349813,0.00434136809781,0.00703536020592,0.00211932999082,0.00322902388871,0.00272757001221,0.00031851165113,0.00000696551160217],"mean":[0.000159531773534,0.00886096805334,0.00471194274724,0.00405566720292,0.00559019902721,0.000927358691115,0.000624941312708,0.000388686894439,0.000422403070843,0.000598486047238,0.000605624401942,0.000404624210205,0.000106377032353,0.000167096266523,0.000297314458294,0.000297960097669,0.00076954124961,0.000488119025249,0.000662168080453,0.000496118678711,0.00029038102366,0.000331970572006,0.00014843243116,0.000150036066771,0.0000541015469935,0.0000030052033253,4.94853793498e-8],"median":[0.00000922682738747,0.0034817608539,0.00218776799738,0.00221450347453,0.00340162171051,0.000586404115893,0.000297052203678,0.000214305939153,0.000186979596037,0.000175282009877,0.000158762937644,0.000186110089999,0.0000602215950494,0.0000961588375503,0.000186141143786,0.000176248766365,0.000425089470809,0.000263060617726,0.000394367438275,0.000265192327788,0.000137033013743,0.0000464753029519,0.0000157686899911,0.0000127609337142,0.0000027847659112,1.10232846851e-7,1.95091658384e-8],"min":[2.80923919364e-25,2.36005232787e-24,2.12337236263e-24,1.79340091788e-24,5.60515018785e-24,7.3759528046e-24,9.51613007388e-24,8.20923367853e-24,1.72692207112e-23,6.008110199e-24,2.15218941206e-23,1.47471961096e-23,3.64023714355e-23,2.19306991966e-23,4.13191994628e-23,4.23876484501e-23,8.63219565236e-23,9.71371259382e-23,1.1334814181e-22,1.80809090422e-22,2.63181668466e-22,2.90079300979e-22,3.40782912833e-22,5.74687012233e-22,7.79286733917e-22,1.171852698e-21,1.96321968179e-21],"var":[1.84660279956e-7,0.000257443694863,0.0000488067380502,0.000026966794394,0.0000457984970126,0.0000015819108512,0.00000118597267829,2.73515780691e-7,5.60591445264e-7,0.00000311660619445,0.00000450268407803,5.51205005195e-7,2.14369269003e-8,4.32418971741e-8,1.19552922229e-7,1.4503193313e-7,9.76472392722e-7,4.97301300584e-7,6.09135554441e-7,4.23333347044e-7,1.67619916169e-7,4.35364739815e-7,8.12240372738e-8,8.95075586982e-8,1.83720292313e-8,1.15982924653e-10,4.4958780893e-14]},"barkbands_crest":{"dmean":2.98421740532,"dmean2":4.87379741669,"dvar":7.4839630127,"dvar2":18.9780044556,"max":25.5366344452,"mean":10.2097768784,"median":9.58612251282,"min":2.36881875992,"var":16.5367870331},"barkbands_flatness_db":{"dmean":0.0247815903276,"dmean2":0.0383676700294,"dvar":0.000574496283662,"dvar2":0.00131075968966,"max":0.402675896883,"mean":0.160616979003,"median":0.154922217131,"min":0.0224416144192,"var":0.0034640985541},"barkbands_kurtosis":{"dmean":4.617852211,"dmean2":7.61512756348,"dvar":89.6516036987,"dvar2":255.220947266,"max":332.799560547,"mean":6.29454994202,"median":2.04997301102,"min":-1.95450651646,"var":238.05255127},"barkbands_skewness":{"dmean":0.723998129368,"dmean2":1.14584338665,"dvar":0.559027373791,"dvar2":1.39071965218,"max":16.1273880005,"mean":1.87511992455,"median":1.71967601776,"min":-2.36625170708,"var":2.51599383354},"barkbands_spread":{"dmean":7.17666482925,"dmean2":11.3856811523,"dvar":52.3825874329,"dvar2":120.15486908,"max":96.9070205688,"mean":26.5100307465,"median":23.9261703491,"min":0.819187998772,"var":274.495819092},"dissonance":{"dmean":0.010838710703,"dmean2":0.0183421503752,"dvar":0.000155894260388,"dvar2":0.000421222939622,"max":0.500000119209,"mean":0.479564726353,"median":0.484674930573,"min":0.0933015197515,"var":0.00033702593646},"dynamic_complexity":3.80119609833,"erbbands":{"dmean":[0.193687915802,2.07479190826,4.59134197235,6.09036207199,17.2363567352,6.20700454712,4.21315813065,4.83399486542,5.16524267197,6.45165777206,5.15815496445,4.46784973145,11.0681591034,5.91575527191,7.4039850235,9.8357334137,3.01844215393,4.28310680389,7.6159901619,7.14977741241,13.1767311096,22.561132431,13.4822740555,12.0202331543,16.7801189423,14.4520292282,6.37700128555,6.45667076111,5.28031873703,2.73419928551,2.12567806244,1.94076597691,0.810490071774,0.435904532671,0.103621974587,0.0173408910632,0.001345666009,0.0000756649169489,0.0000124767375382,0.0000164792472788],"dmean2":[0.305576682091,3.5607354641,7.75782442093,10.6169013977,28.7271957397,10.2412538528,7.11083030701,8.04264163971,8.38841533661,10.7194013596,8.64383983612,7.33575439453,17.7434444427,9.55770111084,11.8448753357,16.0136642456,4.96460056305,7.10175848007,12.4542245865,11.6672430038,21.3585147858,37.1608352661,21.7137298584,18.9091110229,26.8788547516,21.8303527832,9.7109079361,10.3931503296,8.32897472382,4.38744449615,3.33532738686,3.115254879,1.26323843002,0.677081882954,0.157644629478,0.0258006975055,0.00199029548094,0.000114075934107,0.0000189078236872,0.0000258213240159],"dvar":[0.179890438914,17.9600219727,67.7290420532,76.0441589355,561.563232422,101.41078949,45.7661972046,66.132270813,143.23576355,148.92640686,59.5590400696,55.1430053711,754.951965332,101.698829651,239.237167358,354.706878662,25.1632995605,43.3591308594,126.999832153,122.405761719,434.481964111,1476.18835449,497.650421143,319.564178467,666.233703613,574.263061523,78.5707473755,155.761138916,125.074310303,30.2345123291,19.1524105072,15.6861915588,3.10869026184,1.18337070942,0.0803739726543,0.00336875766516,0.0000399965792894,1.19600414905e-7,9.42744105004e-10,5.08364683682e-10],"dvar2":[0.41046205163,48.7703781128,184.67124939,211.66255188,1546.68029785,266.830169678,124.978919983,166.806030273,289.717376709,377.960754395,158.405014038,136.670120239,1773.80273438,247.104187012,543.057678223,848.444030762,65.7941894531,117.171966553,324.145080566,321.495330811,1105.09985352,3939.78417969,1281.203125,798.92010498,1655.62744141,1338.95751953,186.798828125,407.019927979,306.08505249,77.1816558838,45.1567497253,39.4800949097,7.36400365829,2.63696217537,0.153430238366,0.00598612893373,0.00008298397006,2.62953449237e-7,2.15162132555e-9,1.25850263544e-9],"max":[3.92561507225,38.2821960449,91.3602218628,94.5396957397,292.350372314,231.390457153,118.118522644,171.049743652,451.389678955,322.379547119,134.975921631,238.221252441,1068.44616699,426.812469482,1030.55895996,456.890136719,88.47290802,127.258453369,185.145309448,233.019638062,495.129180908,667.15435791,451.457122803,628.698486328,469.689331055,472.673950195,122.665374756,255.517929077,298.287567139,93.7125930786,78.5417404175,92.5578155518,37.3148727417,44.9482421875,13.3916797638,2.99197030067,0.260511606932,0.0114525295794,0.00140974647366,0.000204421332455],"mean":[0.177781745791,2.22745394707,6.2466006279,8.3899230957,26.028175354,10.5203018188,6.53655767441,7.46303987503,8.76307106018,10.1441926956,8.14005088806,9.60558128357,23.5803070068,14.6131000519,20.0321426392,18.6118583679,5.93934631348,8.01758003235,14.0049238205,14.1546020508,25.5852527618,40.7786598206,28.7058181763,27.5470809937,32.7207145691,25.1329612732,12.352845192,13.7428894043,12.7047243118,5.557741642,4.59836769104,4.15312719345,1.70582389832,0.88677239418,0.223650172353,0.0339191369712,0.00253621279262,0.000153904082254,0.0000330010698235,0.0000397043731937],"median":[0.0321174003184,0.976538896561,3.10685396194,5.5654001236,14.5363883972,7.08226585388,4.35554838181,4.41197395325,4.44714260101,4.68489074707,4.83002901077,4.34201908112,6.39928817749,6.34323501587,7.10977554321,8.3234872818,3.7507121563,4.62626647949,8.6106300354,8.65596580505,15.523355484,22.9996414185,16.0919799805,16.7687892914,19.0771980286,13.0485439301,7.59386587143,4.45267009735,1.78286361694,0.863972187042,0.446125864983,0.369951844215,0.136302769184,0.0490284189582,0.0106849428266,0.00129440659657,0.000141824828461,0.0000265570779447,0.0000207267039514,0.0000341661143466],"min":[9.34879689866e-23,6.7899169049e-22,1.99618553531e-21,6.45575895955e-21,1.0445728056e-20,2.21779142194e-20,3.20037568402e-20,7.33078155e-20,1.25110628209e-19,2.44688994933e-19,3.5826076379e-19,4.50020426128e-19,5.93512325867e-19,8.96772351463e-19,7.0984302641e-19,8.84947597811e-19,1.47932567159e-18,1.7580820225e-18,2.52918620017e-18,2.05430636e-18,3.86003791489e-18,5.10578804742e-18,5.58461643424e-18,5.66459032382e-18,6.41200301477e-18,9.4940754956e-18,9.1454403741e-18,9.7878338009e-18,1.13553096288e-17,1.07532147871e-17,1.13050021583e-17,9.41270573874e-18,1.04315242469e-17,7.60299089561e-18,5.84997142526e-18,4.20815646209e-18,2.18362136631e-18,9.81354981216e-19,2.5057784881e-19,2.76145620266e-20],"var":[0.177273079753,14.8853263855,77.7753143311,88.6066131592,967.310119629,154.63923645,63.7772521973,116.699920654,341.75213623,306.611907959,104.09022522,273.607788086,5691.52441406,886.146972656,3716.0402832,1332.38830566,51.8271331787,99.795715332,269.473236084,277.973297119,953.237976074,2744.9753418,1406.28833008,1009.91375732,1592.42480469,1133.73632813,198.076004028,552.218811035,678.889953613,101.286476135,83.1744689941,66.8853530884,12.5121364594,4.52177810669,0.371233910322,0.0119500737637,0.00009237001359,2.92071405283e-7,2.80226775118e-9,9.2788576822e-10]},"erbbands_crest":{"dmean":2.15972471237,"dmean2":3.53339457512,"dvar":4.65500640869,"dvar2":11.844751358,"max":32.1228485107,"mean":7.57012367249,"median":6.3447303772,"min":2.17356705666,"var":18.2416610718},"erbbands_flatness_db":{"dmean":0.0165373086929,"dmean2":0.0240779742599,"dvar":0.000294184341328,"dvar2":0.000543523638044,"max":0.446063786745,"mean":0.171230018139,"median":0.16500647366,"min":0.027329845354,"var":0.00233564362861},"erbbands_kurtosis":{"dmean":0.845157206059,"dmean2":1.37482643127,"dvar":1.78427660465,"dvar2":4.216173172,"max":34.9029769897,"mean":-0.0356622263789,"median":-0.633443415165,"min":-1.86582827568,"var":5.06731414795},"erbbands_skewness":{"dmean":0.392608702183,"dmean2":0.611811995506,"dvar":0.147136271,"dvar2":0.330165922642,"max":5.51409721375,"mean":-0.278809815645,"median":-0.364875733852,"min":-3.98144507408,"var":0.754357516766},"erbbands_spread":{"dmean":10.6175899506,"dmean2":16.9346370697,"dvar":104.833023071,"dvar2":250.282501221,"max":146.995849609,"mean":49.8934288025,"median":48.6144104004,"min":3.54232406616,"var":353.562713623},"gfcc":{"cov":[[25613.3867188,1079.54504395,-2102.41137695,2036.65600586,-1999.88623047,1217.86608887,-1181.24560547,-144.671417236,-537.214355469,-723.702636719,-196.6065979,-402.892730713,142.84362793],[1079.54504395,1947.15686035,-384.020751953,-159.814056396,504.690917969,-599.603820801,392.558563232,-268.5206604,23.4786529541,-136.210342407,41.1724243164,-209.064590454,93.5891494751],[-2102.41137695,-384.020751953,988.871704102,45.492855072,-51.3399162292,265.13092041,-127.995681763,16.7919445038,27.5248794556,40.9211425781,23.6020851135,71.8514785767,-24.090719223],[2036.65600586,-159.814056396,45.492855072,487.557983398,-166.759429932,235.276916504,-149.472595215,-39.2346954346,-60.984790802,-74.8700408936,-5.3681640625,-28.0163993835,25.8141326904],[-1999.88623047,504.690917969,-51.3399162292,-166.759429932,574.206115723,-337.014129639,320.217315674,-42.7820396423,50.3985214233,67.6585845947,27.5191345215,-12.0868644714,31.3041057587],[1217.86608887,-599.603820801,265.13092041,235.276916504,-337.014129639,534.3125,-245.126144409,67.2041625977,-14.8494243622,-35.9199867249,11.5327033997,42.2118377686,-28.5438842773],[-1181.24560547,392.558563232,-127.995681763,-149.472595215,320.217315674,-245.126144409,331.116455078,-11.61723423,61.6807556152,44.0531921387,21.8714351654,-17.042640686,21.9746952057],[-144.671417236,-268.5206604,16.7919445038,-39.2346954346,-42.7820396423,67.2041625977,-11.61723423,152.541091919,40.3201255798,60.559589386,0.416311979294,44.2294578552,-19.1935501099],[-537.214355469,23.4786529541,27.5248794556,-60.984790802,50.3985214233,-14.8494243622,61.6807556152,40.3201255798,100.319694519,43.7084007263,26.959564209,3.4590306282,-13.439291954],[-723.702636719,-136.210342407,40.9211425781,-74.8700408936,67.6585845947,-35.9199867249,44.0531921387,60.559589386,43.7084007263,135.052597046,22.4269161224,42.3949813843,-20.2947368622],[-196.6065979,41.1724243164,23.6020851135,-5.3681640625,27.5191345215,11.5327033997,21.8714351654,0.416311979294,26.959564209,22.4269161224,70.5591812134,22.6035404205,0.746188402176],[-402.892730713,-209.064590454,71.8514785767,-28.0163993835,-12.0868644714,42.2118377686,-17.042640686,44.2294578552,3.4590306282,42.3949813843,22.6035404205,100.117660522,9.86693763733],[142.84362793,93.5891494751,-24.090719223,25.8141326904,31.3041057587,-28.5438842773,21.9746952057,-19.1935501099,-13.439291954,-20.2947368622,0.746188402176,9.86693763733,60.6413574219]],"icov":[[0.000509777804837,-0.00149199704174,0.00118190841749,-0.00153551169205,0.00133855070453,-0.00137957092375,0.000764599710237,-0.00123322487343,0.00107807817403,-0.000985313788988,0.00143735390157,-0.00089338736143,0.00025410510716],[-0.00149199704174,0.00604600366205,-0.00340736331418,0.00472686719149,-0.00427434686571,0.00505906064063,-0.00270393048413,0.00469280686229,-0.00361036416143,0.00425312761217,-0.00612950325012,0.00513771595433,-0.00226658466272],[0.00118190841749,-0.00340736331418,0.00411886535585,-0.00337933958508,0.00247787614353,-0.00409406377003,0.00240379944444,-0.00207164743915,0.00180558813736,-0.00262058945373,0.00363512313925,-0.00275762192905,0.000743561016861],[-0.00153551169205,0.00472686719149,-0.00337933958508,0.00799571350217,-0.00430375523865,0.00260582170449,-0.00172719347756,0.00443939073011,-0.00224353768863,0.00303678913042,-0.00512929353863,0.00473913084716,-0.00313391536474],[0.00133855070453,-0.00427434686571,0.00247787614353,-0.00430375523865,0.0083621814847,-0.00224347296171,-0.00147186010145,-0.00284828431904,0.00333797908388,-0.0040496904403,0.00354856299236,-0.00279110926203,0.000314174831146],[-0.00137957092375,0.00505906064063,-0.00409406377003,0.00260582170449,-0.00224347296171,0.00933024007827,-0.00156477710698,0.00208713603206,-0.00378199154511,0.00499206408858,-0.00643122848123,0.00276096537709,-0.0000538900021638],[0.000764599710237,-0.00270393048413,0.00240379944444,-0.00172719347756,-0.00147186010145,-0.00156477710698,0.00960322096944,-0.00250482396223,-0.00125674740411,-0.0017012602184,0.0020444591064,-0.0011665080674,-0.000870533811394],[-0.00123322487343,0.00469280686229,-0.00207164743915,0.00443939073011,-0.00284828431904,0.00208713603206,-0.00250482396223,0.0150286909193,-0.00683441897854,-0.000436792353867,-0.000917753553949,-0.0000386397914554,-0.000576465157792],[0.00107807817403,-0.00361036416143,0.00180558813736,-0.00224353768863,0.00333797908388,-0.00378199154511,-0.00125674740411,-0.00683441897854,0.0188340228051,-0.0047413255088,-0.0020470356103,0.00131115759723,0.00189283804502],[-0.000985313788988,0.00425312761217,-0.00262058945373,0.00303678913042,-0.0040496904403,0.00499206408858,-0.0017012602184,-0.000436792353867,-0.0047413255088,0.0161658041179,-0.00597156723961,-0.000661020516418,0.00288219144568],[0.00143735390157,-0.00612950325012,0.00363512313925,-0.00512929353863,0.00354856299236,-0.00643122848123,0.0020444591064,-0.000917753553949,-0.0020470356103,-0.00597156723961,0.0252114310861,-0.0105309579521,0.00276238424703],[-0.00089338736143,0.00513771595433,-0.00275762192905,0.00473913084716,-0.00279110926203,0.00276096537709,-0.0011665080674,-0.0000386397914554,0.00131115759723,-0.000661020516418,-0.0105309579521,0.0222641974688,-0.00921039935201],[0.00025410510716,-0.00226658466272,0.000743561016861,-0.00313391536474,0.000314174831146,-0.0000538900021638,-0.000870533811394,-0.000576465157792,0.00189283804502,0.00288219144568,0.00276238424703,-0.00921039935201,0.0238135121763]],"mean":[-44.8955154419,116.21522522,-134.120727539,66.6366195679,-48.1939353943,3.16318058968,-25.5602283478,5.5075969696,-21.4456520081,-12.4829244614,-10.467338562,-11.0143623352,-1.83509385586]},"hfc":{"dmean":5.91972064972,"dmean2":8.64555549622,"dvar":50.1366271973,"dvar2":113.226081848,"max":143.576766968,"mean":21.0573501587,"median":15.973236084,"min":1.06270705709e-16,"var":356.37878418},"melbands":{"dmean":[0.00201639859006,0.00252948701382,0.00140587438364,0.000880750245415,0.000138839954161,0.000109398526547,0.0000771839695517,0.0000673050672049,0.0000401280376536,0.0000309962233587,0.0000547272502445,0.0000229864217545,0.0000308732196572,0.0000255191880569,0.0000149326588144,0.00000602735690336,0.00000900981922314,0.0000124777916426,0.0000104603286672,0.0000110942646643,0.0000176752964762,0.0000285232035822,0.0000119735168482,0.0000141734581121,0.0000100798561107,0.0000148382241605,0.00000938456196309,0.0000100316046883,0.00000460847877548,0.00000342236580764,0.00000464499316877,0.00000375281433662,0.00000230257660405,0.0000013690068954,0.00000123169695598,0.00000118293326068,0.00000133036451189,6.97709708675e-7,3.71004233557e-7,3.82689705702e-7],"dmean2":[0.0032223907765,0.00429898034781,0.00239881826565,0.00145709933713,0.000232753620367,0.000181313283974,0.000125171602122,0.000112301488116,0.0000674441980664,0.0000508666089445,0.0000878877981449,0.0000374123374058,0.0000490231941512,0.0000419050520577,0.0000243973991019,0.0000100369825304,0.0000150680898514,0.0000204207462957,0.0000172406471393,0.0000183445099537,0.0000287286111416,0.0000471474631922,0.0000195523061848,0.0000229233755817,0.0000162246251421,0.0000241892539634,0.0000143470824696,0.0000152669872477,0.00000708686593498,0.00000548173329662,0.00000762036324886,0.00000598575934418,0.00000376556045012,0.0000021920097879,0.00000196390192286,0.00000187511136573,0.00000214966007661,0.00000110751523152,5.83410212585e-7,5.98915789851e-7],"dvar":[0.0000174240067281,0.0000215336021938,0.00000338101426678,0.000001702301347,4.27670379111e-8,3.78565943038e-8,2.66598210175e-8,1.49138568162e-8,3.73015129895e-9,2.87914314612e-9,1.84797848135e-8,1.45484380099e-9,5.24542942415e-9,1.86211157605e-9,8.61261229002e-10,1.08165747192e-10,2.06528641411e-10,3.55989793199e-10,2.57295990069e-10,3.81403492122e-10,7.8065065523e-10,2.45911846442e-9,3.78079817454e-10,6.51410259067e-10,2.45338666049e-10,5.26429455583e-10,2.17244694456e-10,2.80614642634e-10,4.32712372878e-11,2.77763333167e-11,1.1790640686e-10,7.52934728454e-11,2.3209035388e-11,7.96943327303e-12,6.48142520557e-12,6.04168841692e-12,7.88833928733e-12,2.36327298876e-12,7.61517368261e-13,9.75714626282e-13],"dvar2":[0.0000424727331847,0.0000588682341913,0.00000946571435634,0.00000456653970105,1.16806369022e-7,9.15607714091e-8,5.54140804354e-8,3.82602323157e-8,9.93683002548e-9,7.38124361632e-9,4.3640646652e-8,3.59618468337e-9,1.15746132678e-8,4.73395767031e-9,2.06416395088e-9,2.85797940869e-10,5.62121293957e-10,9.15065134777e-10,6.75953903961e-10,1.02325703466e-9,1.97915750455e-9,6.57304344287e-9,9.94207494109e-10,1.59895863217e-9,6.24888862877e-10,1.3525314202e-9,5.06687081181e-10,6.60825394405e-10,1.02356491338e-10,7.23001311598e-11,3.12563058769e-10,1.88258034162e-10,6.07306496758e-11,2.02330877747e-11,1.57157065139e-11,1.45630521531e-11,2.06578556344e-11,5.8055843119e-12,1.7933031362e-12,2.18135015259e-12],"max":[0.0343956910074,0.04320512712,0.0194745045155,0.0243648812175,0.00335895619355,0.00490596843883,0.00586196826771,0.0029403436929,0.0013916301541,0.00150770961773,0.00517888879403,0.0014344031224,0.00508645176888,0.00104856526013,0.00075120665133,0.000212041690247,0.00029200638528,0.000288731185719,0.000434667832451,0.000409027124988,0.000575269397814,0.000859504041728,0.000470425206004,0.000662238395307,0.000638439087197,0.000502502720337,0.000266445567831,0.000309372437187,0.0000955807045102,0.0000882359599927,0.000227711338084,0.000226444884902,0.000120814533147,0.000046105014917,0.0000437129565398,0.0000562508284929,0.0000706123173586,0.0000329309914378,0.0000268720432359,0.0000388283879147],"mean":[0.00201901840046,0.00325486878864,0.00213868217543,0.00143588567153,0.000220775851631,0.000173703389009,0.00013347856293,0.000104743965494,0.0000623631567578,0.0000652286034892,0.000114702110295,0.0000526657058799,0.0000835475584609,0.000046100543841,0.0000273079767794,0.0000100764527815,0.0000151003941937,0.0000216465759877,0.0000196288474399,0.0000192293027794,0.000032932657632,0.0000491261307616,0.0000225032035814,0.0000279239866359,0.0000202961546165,0.0000278292245639,0.0000178811224032,0.0000163309723575,0.00000820030527393,0.00000604993010711,0.00000923748848436,0.00000875110799825,0.00000403935155191,0.00000261693685388,0.00000258796126218,0.00000236369692175,0.00000269909196504,0.0000013479784684,6.85487464125e-7,7.59176600695e-7],"median":[0.000625870830845,0.00167289096862,0.00147424952593,0.000875225290656,0.000156515277922,0.000102422542113,0.0000688129657647,0.0000494273772347,0.0000355929587386,0.0000274439044006,0.0000299466191791,0.0000228495591728,0.0000220907677431,0.000021365522116,0.0000135021400638,0.00000580392998017,0.0000078030716395,0.0000128233259602,0.000011937254385,0.0000115674210974,0.0000186286997632,0.0000265973576461,0.0000126945069496,0.0000138514169521,0.0000119050419016,0.0000160156942002,0.00000976327009994,0.00000818475018605,0.00000484770771436,0.00000328800388161,0.00000196084283743,0.00000103305092125,6.25460529591e-7,3.76345667519e-7,2.45323491299e-7,2.26044306828e-7,2.17158230953e-7,1.00916864199e-7,4.77409329847e-8,3.72598165654e-8],"min":[1.54267962296e-24,1.14519933548e-24,1.67516486768e-24,1.07650020026e-24,1.0599426015e-24,1.79133646889e-24,2.28606052762e-24,1.73632288708e-24,2.88261016036e-24,2.51419200167e-24,2.54788267321e-24,2.93343114367e-24,2.65877797825e-24,1.67548711736e-24,3.21156022745e-24,3.74173569527e-24,2.85403525179e-24,3.43495321125e-24,2.86479275074e-24,2.90010216485e-24,3.5702156408e-24,4.26129013707e-24,4.29034427864e-24,3.94514032423e-24,3.1705396576e-24,4.65803826302e-24,2.93741114415e-24,5.22618298671e-24,5.18307371039e-24,5.55507724189e-24,4.98560289315e-24,6.18253207831e-24,3.81833685018e-24,5.63740907685e-24,5.9526122566e-24,5.0674192075e-24,4.8850227333e-24,6.472202986e-24,6.40513363741e-24,5.54702533863e-24],"var":[0.0000166587469721,0.0000215532072616,0.00000498764484291,0.00000297994756693,6.20316953359e-8,7.18969275226e-8,6.45593019044e-8,2.91748651904e-8,6.82673473307e-9,1.40034730478e-8,1.35471594831e-7,1.11122036017e-8,9.13204445396e-8,6.66547705919e-9,2.29471130986e-9,1.83051893088e-10,4.27501228861e-10,7.03989588846e-10,5.96946048148e-10,5.72911773578e-10,1.79842285508e-9,4.33331859284e-9,7.79286690733e-10,2.28995977736e-9,6.12495221208e-10,1.18932308446e-9,5.23825371967e-10,5.15140652357e-10,9.52051493197e-11,5.63464795655e-11,3.49040324421e-10,3.53027301836e-10,6.47438075374e-11,2.31972583503e-11,2.73119860061e-11,2.0478077567e-11,3.11422727883e-11,8.3995397443e-12,2.15315786034e-12,3.71603355726e-12]},"melbands_crest":{"dmean":3.82769012451,"dmean2":6.35462856293,"dvar":9.80579280853,"dvar2":26.1542186737,"max":34.1268959045,"mean":16.2098121643,"median":15.9157838821,"min":1.6271096468,"var":27.2091121674},"melbands_flatness_db":{"dmean":0.032936617732,"dmean2":0.0507025867701,"dvar":0.000943423481658,"dvar2":0.00212259124964,"max":0.536339879036,"mean":0.218569651246,"median":0.215168178082,"min":0.00340602663346,"var":0.00685575138777},"melbands_kurtosis":{"dmean":13.6578617096,"dmean2":22.4603557587,"dvar":492.988952637,"dvar2":1323.89538574,"max":786.384094238,"mean":24.2724819183,"median":13.9046382904,"min":-1.80702424049,"var":1473.67236328},"melbands_skewness":{"dmean":1.09388422966,"dmean2":1.75470876694,"dvar":1.25846040249,"dvar2":3.18059754372,"max":21.223690033,"mean":3.74106097221,"median":3.49670505524,"min":-1.18356966972,"var":4.37176704407},"melbands_spread":{"dmean":9.47905063629,"dmean2":15.1029310226,"dvar":124.836715698,"dvar2":301.688140869,"max":166.176208496,"mean":26.5990314484,"median":18.3810272217,"min":0.489056587219,"var":639.003051758},"mfcc":{"cov":[[14197.5859375,-471.424682617,727.820556641,201.513427734,20.99700737,555.507995605,-264.915435791,302.161712646,-206.262573242,-213.264373779,-351.58984375,-325.623565674,-221.910415649],[-471.424682617,2373.3527832,-801.365112305,562.411987305,-116.55921936,-93.1418609619,203.70173645,-158.149154663,92.9464645386,34.1795806885,-82.3111572266,22.4085578918,-61.6911315918],[727.820556641,-801.365112305,1062.59289551,-294.022399902,148.761978149,165.892166138,-140.967880249,112.14276886,-112.830184937,-42.3392448425,29.6753120422,-44.8858222961,5.47873210907],[201.513427734,562.411987305,-294.022399902,465.642181396,1.22752404213,25.3824367523,111.673751831,-59.3021850586,50.7628669739,2.89370846748,-70.2999725342,0.202707096934,-11.476682663],[20.99700737,-116.55921936,148.761978149,1.22752404213,154.572128296,60.4598388672,5.82365894318,25.8968772888,-13.365442276,-2.17681026459,-0.307081252337,3.59596896172,16.6144580841],[555.507995605,-93.1418609619,165.892166138,25.3824367523,60.4598388672,182.12008667,24.4137229919,39.3936347961,-18.1956233978,-18.0768909454,-9.55278968811,-9.73269748688,-1.98179340363],[-264.915435791,203.70173645,-140.967880249,111.673751831,5.82365894318,24.4137229919,118.182899475,-0.37716153264,35.8993835449,17.379776001,-5.99884796143,16.7019805908,11.3029747009],[302.161712646,-158.149154663,112.14276886,-59.3021850586,25.8968772888,39.3936347961,-0.37716153264,102.390815735,7.40907001495,0.553440690041,11.332988739,-5.26372718811,4.51537132263],[-206.262573242,92.9464645386,-112.830184937,50.7628669739,-13.365442276,-18.1956233978,35.8993835449,7.40907001495,80.9825897217,36.4156570435,11.6206617355,9.87216949463,1.76453888416],[-213.264373779,34.1795806885,-42.3392448425,2.89370846748,-2.17681026459,-18.0768909454,17.379776001,0.553440690041,36.4156570435,77.9107971191,42.530128479,18.2897396088,3.29968118668],[-351.58984375,-82.3111572266,29.6753120422,-70.2999725342,-0.307081252337,-9.55278968811,-5.99884796143,11.332988739,11.6206617355,42.530128479,99.2830429077,45.5500106812,15.4069442749],[-325.623565674,22.4085578918,-44.8858222961,0.202707096934,3.59596896172,-9.73269748688,16.7019805908,-5.26372718811,9.87216949463,18.2897396088,45.5500106812,84.4284744263,49.5378913879],[-221.910415649,-61.6911315918,5.47873210907,-11.476682663,16.6144580841,-1.98179340363,11.3029747009,4.51537132263,1.76453888416,3.29968118668,15.4069442749,49.5378913879,79.2180480957]],"icov":[[0.000112757821626,0.00000332866989083,0.0000259299285972,-0.000141187236295,0.000148005463416,-0.000337864534231,0.000425947451731,-0.000396487361286,0.000207193210372,-0.000129715088406,0.000321926811012,0.0000507501645188,0.000124980608234],[0.00000332866989083,0.000745183206163,0.000218850400415,-0.000547589326743,0.000183987693163,0.000179633396328,-0.000557200051844,0.000362108752597,0.00015929339861,-0.000148619757965,0.000283275585389,-0.000529405311681,0.000798542285338],[0.0000259299285972,0.000218850400415,0.00207697786391,0.000365837942809,-0.00104221375659,-0.00143465027213,0.00163182523102,-0.000953386945184,0.00141232367605,-0.000245782604907,-0.000496559834573,0.00104550085962,-0.000421808334067],[-0.000141187236295,-0.000547589326743,0.000365837942809,0.00448398804292,-0.000913571973797,-0.000770847895183,-0.00221153581515,0.00210775900632,-0.00177104363684,-0.0000414840651501,0.002238340443,-0.000879154657014,0.000325715664076],[0.000148005463416,0.000183987693163,-0.00104221375659,-0.000913571973797,0.00876245182008,-0.00188739912119,-0.000323735468555,-0.0011775897583,0.00103842280805,-0.00125596858561,0.00105661072303,-0.000313477125019,-0.00125433516223],[-0.000337864534231,0.000179633396328,-0.00143465027213,-0.000770847895183,-0.00188739912119,0.00961863435805,-0.00453026825562,-0.000830801436678,0.000736868823878,0.00183714542072,-0.0012390636839,-0.000443052791525,0.000936307071242],[0.000425947451731,-0.000557200051844,0.00163182523102,-0.00221153581515,-0.000323735468555,-0.00453026825562,0.0165512096137,-0.00326031073928,-0.00190204649698,-0.00212232372724,0.0015245412942,-0.000400473887566,-0.00181044556666],[-0.000396487361286,0.000362108752597,-0.000953386945184,0.00210775900632,-0.0011775897583,-0.000830801436678,-0.00326031073928,0.0150246648118,-0.00498764729127,0.00165297510102,-0.00183831423055,0.00117897102609,-0.000959867902566],[0.000207193210372,0.00015929339861,0.00141232367605,-0.00177104363684,0.00103842280805,0.000736868823878,-0.00190204649698,-0.00498764729127,0.0209553614259,-0.00821985583752,0.000480938557303,0.000635258096736,0.0000913483818294],[-0.000129715088406,-0.000148619757965,-0.000245782604907,-0.0000414840651501,-0.00125596858561,0.00183714542072,-0.00212232372724,0.00165297510102,-0.00821985583752,0.0221773181111,-0.00999170355499,0.00159439258277,0.000255429506069],[0.000321926811012,0.000283275585389,-0.000496559834573,0.002238340443,0.00105661072303,-0.0012390636839,0.0015245412942,-0.00183831423055,0.000480938557303,-0.00999170355499,0.0226931329817,-0.0128652006388,0.00515268789604],[0.0000507501645188,-0.000529405311681,0.00104550085962,-0.000879154657014,-0.000313477125019,-0.000443052791525,-0.000400473887566,0.00117897102609,0.000635258096736,0.00159439258277,-0.0128652006388,0.0287533607334,-0.0159841291606],[0.000124980608234,0.000798542285338,-0.000421808334067,0.000325715664076,-0.00125433516223,0.000936307071242,-0.00181044556666,-0.000959867902566,0.0000913483818294,0.000255429506069,0.00515268789604,-0.0159841291606,0.0232518818229]],"mean":[-663.999755859,120.825340271,-12.390083313,54.4407081604,5.83269548416,4.37724256516,7.65885972977,8.6867723465,3.45462989807,0.0396835282445,-7.26296234131,0.513951361179,-2.19168162346]},"pitch_salience":{"dmean":0.0896043255925,"dmean2":0.147915199399,"dvar":0.00650368537754,"dvar2":0.0178731363267,"max":0.93263232708,"mean":0.543426930904,"median":0.558262825012,"min":0.0837157592177,"var":0.0141441822052},"silence_rate_20dB":{"dmean":0,"dmean2":0,"dvar":0,"dvar2":0,"max":1,"mean":1,"median":1,"min":1,"var":0},"silence_rate_30dB":{"dmean":0.00666734017432,"dmean2":0.0133360270411,"dvar":0.00662370957434,"dvar2":0.0190203990787,"max":1,"mean":0.996262609959,"median":1,"min":0,"var":0.00372380460612},"silence_rate_60dB":{"dmean":0.00505101541057,"dmean2":0.0101030515507,"dvar":0.00502521637827,"dvar2":0.0118196075782,"max":1,"mean":0.108080811799,"median":0,"min":0,"var":0.0963999405503},"spectral_centroid":{"dmean":353.505187988,"dmean2":555.462280273,"dvar":122098.640625,"dvar2":264136.84375,"max":11617.0039063,"mean":1753.71032715,"median":1639.55200195,"min":146.352264404,"var":1487161.875},"spectral_complexity":{"dmean":4.70027256012,"dmean2":6.91109323502,"dvar":21.8615474701,"dvar2":43.9154548645,"max":62,"mean":22.5539398193,"median":22,"min":0,"var":177.556900024},"spectral_contrast_coeffs":{"dmean":[0.0564641170204,0.0439697057009,0.0347416549921,0.0276025030762,0.0229215975851,0.0237451083958],"dmean2":[0.093981705606,0.0742305368185,0.0574346743524,0.0456411838531,0.0368389524519,0.0356627218425],"dvar":[0.00212236563675,0.00122194772121,0.000765040167607,0.000490317237563,0.000339686230291,0.000543639122043],"dvar2":[0.00568484468386,0.00337327923626,0.00206400780007,0.00132080831099,0.000860982807353,0.00105865427759],"max":[-0.317858427763,-0.45835724473,-0.46538606286,-0.57268935442,-0.605886518955,-0.510173082352],"mean":[-0.628603279591,-0.782760083675,-0.796580433846,-0.804492175579,-0.789242148399,-0.718397498131],"median":[-0.62029337883,-0.789186954498,-0.808164358139,-0.80597281456,-0.788029193878,-0.715210914612],"min":[-0.981944322586,-0.978631019592,-0.981733381748,-0.972224235535,-0.966975867748,-0.965447187424],"var":[0.00984532851726,0.00414213677868,0.00470326421782,0.00200239638798,0.00178618752398,0.00337752420455]},"spectral_contrast_valleys":{"dmean":[0.446964085102,0.394111841917,0.338968217373,0.30385389924,0.317663013935,0.380679607391],"dmean2":[0.718889594078,0.649425268173,0.546004772186,0.469446718693,0.449189484119,0.51112729311],"dvar":[0.156104624271,0.13188906014,0.102710567415,0.091048553586,0.108746878803,0.266377210617],"dvar2":[0.367404937744,0.320508420467,0.223083361983,0.186626031995,0.210674211383,0.450255841017],"max":[-5.15374517441,-5.10203742981,-5.54434394836,-6.07559585571,-5.4295592308,-7.8182220459],"mean":[-7.33752059937,-7.1391992569,-7.66405391693,-8.06081867218,-7.41544914246,-10.9515352249],"median":[-6.83337688446,-6.68179512024,-7.20393848419,-7.61283779144,-6.93397760391,-10.6279191971],"min":[-28.4206485748,-27.9132118225,-27.7354640961,-27.5990428925,-27.5133361816,-27.4217586517],"var":[5.55486440659,5.53438234329,5.3537735939,5.09593868256,5.38838624954,5.34654188156]},"spectral_decrease":{"dmean":3.72325015263e-9,"dmean2":5.90340976103e-9,"dvar":2.83086815127e-17,"dvar2":7.06183081003e-17,"max":2.24939180448e-28,"mean":-7.86997933488e-9,"median":-6.34696784019e-9,"min":-4.91587712759e-8,"var":4.40587330801e-17},"spectral_energy":{"dmean":0.0143706854433,"dmean2":0.0227164123207,"dvar":0.000411666638684,"dvar2":0.0010264540324,"max":0.187302321196,"mean":0.0316130258143,"median":0.0261916480958,"min":1.01297676802e-20,"var":0.000660486170091},"spectral_energyband_high":{"dmean":0.000462698575575,"dmean2":0.000696237431839,"dvar":4.93948562053e-7,"dvar2":0.00000113139560654,"max":0.0137199051678,"mean":0.0012156603625,"median":0.000439348572399,"min":7.02415280551e-21,"var":0.00000337489223057},"spectral_energyband_low":{"dmean":0.0112986238673,"dmean2":0.0182012896985,"dvar":0.000399601151003,"dvar2":0.00100974179804,"max":0.18175265193,"mean":0.0150518734008,"median":0.00805881805718,"min":1.40926371958e-23,"var":0.000435075809946},"spectral_energyband_middle_high":{"dmean":0.00130545755383,"dmean2":0.00196449854411,"dvar":0.00000293595462608,"dvar2":0.00000688084219291,"max":0.0395177826285,"mean":0.00438741222024,"median":0.00307035935111,"min":1.03175160708e-21,"var":0.0000191359704331},"spectral_energyband_middle_low":{"dmean":0.00619516195729,"dmean2":0.0103233465925,"dvar":0.0000656855045236,"dvar2":0.000179944807314,"max":0.110699370503,"mean":0.0124479755759,"median":0.00963356532156,"min":1.66678496395e-22,"var":0.000127799139591},"spectral_entropy":{"dmean":0.159195393324,"dmean2":0.235828697681,"dvar":0.0282759182155,"dvar2":0.0564578846097,"max":9.82828617096,"mean":7.59880542755,"median":7.60727024078,"min":5.35516548157,"var":0.220838457346},"spectral_flux":{"dmean":0.0316403210163,"dmean2":0.0487804636359,"dvar":0.00140711723361,"dvar2":0.00290774693713,"max":0.348033070564,"mean":0.0927954167128,"median":0.0848977267742,"min":6.44065842326e-11,"var":0.00330117205158},"spectral_kurtosis":{"dmean":1.89867174625,"dmean2":3.24512386322,"dvar":5.72986745834,"dvar2":16.2020282745,"max":50.6893043518,"mean":3.32882738113,"median":2.45082092285,"min":-1.27058875561,"var":9.3751745224},"spectral_rms":{"dmean":0.00111510383431,"dmean2":0.0017043921398,"dvar":0.00000164856646734,"dvar2":0.0000038868165575,"max":0.0135179134086,"mean":0.00502364244312,"median":0.00505498051643,"min":3.14367629151e-12,"var":0.0000056050753301},"spectral_rolloff":{"dmean":601.773986816,"dmean2":1005.51477051,"dvar":629084,"dvar2":1412453.75,"max":19702.8808594,"mean":1782.51977539,"median":968.994140625,"min":64.599609375,"var":5416889},"spectral_skewness":{"dmean":0.26316934824,"dmean2":0.419470191002,"dvar":0.0811462551355,"dvar2":0.198885962367,"max":5.32487249374,"mean":0.985210001469,"median":0.936827421188,"min":-0.659428834915,"var":0.217310756445},"spectral_spread":{"dmean":490077.78125,"dmean2":724636.625,"dvar":581624791040,"dvar2":1075504218110,"max":42483068,"mean":4113064.5,"median":3466555,"min":1227882.625,"var":15073837842400},"spectral_strongpeak":{"dmean":0.300400972366,"dmean2":0.517516374588,"dvar":0.362068921328,"dvar2":0.967814564705,"max":10.9365911484,"mean":0.625513672829,"median":0.436938822269,"min":0,"var":0.628589868546},"zerocrossingrate":{"dmean":0.00999588053674,"dmean2":0.0122916344553,"dvar":0.000109182947199,"dvar2":0.000159484043252,"max":0.52294921875,"mean":0.0640437081456,"median":0.0517578125,"min":0.0048828125,"var":0.00331172742881}},"metadata":{"audio_properties":{"analysis_sample_rate":44100,"bit_rate":0,"codec":"flac","downmix":"mix","equal_loudness":0,"length":229.839996338,"lossless":true,"md5_encoded":"121a034da6b89e7da2d8e271f4f1367b","replay_gain":-12.4890632629,"sample_rate":44100},"tags":{"acoustid_id":["018c8e28-66dd-41a5-b683-c508b848043c"],"album":["Having a Rave Up"],"albumartist":["The Yardbirds"],"albumartistsort":["Yardbirds, The"],"artist":["The Yardbirds"],"artistsort":["Yardbirds, The"],"asin":["B00000I15F"],"barcode":["4009910475829"],"catalognumber":["REP 4758-WY"],"date":["1999-03-30"],"discnumber":["1"],"disctotal":["1"],"file_name":"19 - Here 'tis.flac","genre":["Classic Rock"],"grouping":["Classic Rock"],"label":["Repertoire"],"media":["CD"],"musicbrainz_albumartistid":["191de76f-a224-445d-b041-54df16d65bf7"],"musicbrainz_albumid":["1986abce-8d75-4a6b-a95a-fb70da677758"],"musicbrainz_artistid":["191de76f-a224-445d-b041-54df16d65bf7"],"musicbrainz_recordingid":["8c40b838-ec36-4b17-aba5-fe2240f77e70"],"musicbrainz_releasegroupid":["22e6125d-461f-3b14-8bfa-ffa179a36785"],"musicbrainz_releasetrackid":["b58364ab-9ade-3d47-9387-43c42600d262"],"originaldate":["1965-11"],"originalyear":["1965"],"releasecountry":["DE"],"releasestatus":["official"],"releasetype":["album"],"script":["Latn"],"title":["Here 'tis"],"totaldiscs":["1"],"totaltracks":["21"],"tracknumber":["19"],"tracktotal":["21"]},"version":{"essentia":"2.1-beta2","essentia_build_sha":"2d9f1f26377add8aeb1075a9c2973f962c4f09fd","essentia_git_sha":"v2.1_beta2-1-ge3940c0","extractor":"music 1.0"}},"rhythm":{"beats_count":511,"beats_loudness":{"dmean":0.0155832218006,"dmean2":0.0280586797744,"dvar":0.00019021568005,"dvar2":0.00053556781495,"max":0.119988799095,"mean":0.0378388389945,"median":0.0387106984854,"min":0,"var":0.000480928923935},"beats_loudness_band_ratio":{"dmean":[0.145807802677,0.111902356148,0.0405174233019,0.0300405453891,0.0459969490767,0.061512630432