{"lowlevel":{"average_loudness":0.719077110291,"barkbands":{"dmean":[0.0111672393978,0.0165264774114,0.00207137642428,0.00101736770011,0.00150166510139,0.00110155215953,0.000670520006679,0.000460040319012,0.000746532459743,0.000653303402942,0.000545219343621,0.000659170094877,0.000435913883848,0.00027524473262,0.000383514765417,0.000224745992455,0.000191470608115,0.000222160058911,0.000149893050548,0.000154467503307,0.0000772219646024,0.0000372012073058,0.000014708875824,0.00000771686882217,0.0000034432425764,0.0000115645534606,0.000358971126843],"dmean2":[0.0191537570208,0.0281504075974,0.00361477816477,0.00172772991937,0.00253697740845,0.00175486982334,0.0010771950474,0.000762165349443,0.00122099835426,0.00106820219662,0.000899299571756,0.00107889401261,0.000735438603442,0.00046830897918,0.000640225480311,0.000377782707801,0.000307726324536,0.000344420666806,0.000229188808589,0.000230814228416,0.000114466172818,0.0000557599196327,0.0000218190762098,0.0000115422062663,0.00000555580663786,0.0000165971014212,0.000565289054066],"dvar":[0.000928678433411,0.00133612798527,0.0000152647862706,0.00000403011154049,0.0000104185137388,0.00000559152658752,0.0000030004191558,0.00000146189893258,0.00000397045232603,0.00000257336319009,0.00000201650391318,0.00000243570434577,7.65879804021e-7,2.61957723069e-7,7.4697936725e-7,1.57784782573e-7,1.66337656538e-7,3.58411313073e-7,1.69360973246e-7,2.37410901605e-7,2.60451429313e-8,6.20937834483e-9,9.11593911468e-10,2.04092492906e-10,4.06575571821e-11,4.41848863053e-10,3.35499038329e-7],"dvar2":[0.00240364321508,0.00364184635691,0.0000428088314948,0.0000107033474706,0.0000284042180283,0.000013557629245,0.00000735940238883,0.00000376806065105,0.0000102541471279,0.00000661618923914,0.00000493189509143,0.00000616946135779,0.0000020951940769,7.32001922188e-7,0.00000203209901883,4.18133254243e-7,3.62678662214e-7,7.42866120618e-7,3.63095466582e-7,4.97676694522e-7,5.62181412533e-8,1.38226496915e-8,1.87713489197e-9,4.49199261121e-10,9.66102753353e-11,8.9123164404e-10,8.8252926389e-7],"max":[0.353768318892,0.405147105455,0.0721123069525,0.0402405932546,0.0480469502509,0.0689593404531,0.0372006334364,0.0297900475562,0.0558103770018,0.0470439344645,0.037951849401,0.0407470874488,0.0181181449443,0.00916371680796,0.0299500171095,0.00886377505958,0.0226241182536,0.0308302175254,0.0124180689454,0.0175976324826,0.00472728861496,0.00205590692349,0.000911289302167,0.000415666931076,0.0000937494041864,0.000428121944424,0.0136705199257],"mean":[0.010896702297,0.0204374603927,0.00239092600532,0.00124084367417,0.00196950300597,0.0017779788468,0.00104029942304,0.000608020054642,0.0010629001772,0.000939372053836,0.000789471436292,0.00109255663119,0.00073297705967,0.000463693751954,0.000671049987432,0.000425037054811,0.000354612333467,0.000420561613282,0.000298723811284,0.000299580715364,0.000172168816789,0.0000800673515187,0.0000314878889185,0.0000154805038619,0.0000042637725528,0.000027143942134,0.00141418282874],"median":[0.00392505340278,0.0101624447852,0.00114062591456,0.000433488225099,0.000930015055928,0.000728334474843,0.000382545025786,0.000194814580027,0.000342806160916,0.000354350893758,0.000301407359075,0.000473010353744,0.000317675323458,0.000207575183595,0.000263247871771,0.000200089387363,0.000172402942553,0.000169460952748,0.000127191262436,0.0000996270973701,0.0000721643882571,0.0000321195839206,0.0000123785321193,0.00000559864838579,0.00000174052956936,0.0000102552994576,0.00058628176339],"min":[3.90636179568e-25,3.59657858339e-24,1.7012716277e-24,4.51448924409e-25,1.1917096081e-23,4.23019718449e-24,1.12832684317e-23,1.15809940037e-23,1.65282199971e-23,1.02565020658e-23,2.30322077667e-23,2.53552848034e-23,3.44926654018e-23,2.62661335813e-23,5.6739773552e-23,5.10670463836e-23,7.32178851044e-23,9.9013756612e-23,1.52944958149e-22,1.42155814834e-22,2.52456669008e-22,3.68103501009e-22,3.07364694917e-22,5.45299229832e-22,9.22753900633e-22,1.33558700141e-21,1.88777701329e-21],"var":[0.000712273234967,0.00111210765317,0.000014784754967,0.00000561257229492,0.00001022039487,0.0000104984119389,0.00000545446937394,0.00000219464300244,0.00000562873583476,0.00000375368449568,0.00000291084052151,0.00000456748557554,0.00000145714261635,4.55216621731e-7,0.00000139051394399,3.54651689349e-7,3.86536896713e-7,9.3729818218e-7,3.71596883042e-7,5.16499198966e-7,7.54734159614e-8,1.52914498841e-8,2.42672126838e-9,5.58340096379e-10,4.97352298234e-11,1.56167256904e-9,0.00000314160502057]},"barkbands_crest":{"dmean":2.9448826313,"dmean2":4.69666814804,"dvar":7.03194570541,"dvar2":17.4130821228,"max":25.7023525238,"mean":12.5651626587,"median":12.1234502792,"min":2.58036994934,"var":28.1164474487},"barkbands_flatness_db":{"dmean":0.0309003535658,"dmean2":0.0478368289769,"dvar":0.00098681927193,"dvar2":0.00244074012153,"max":0.490365713835,"mean":0.159208193421,"median":0.140568807721,"min":0.0316581241786,"var":0.00598699320108},"barkbands_kurtosis":{"dmean":11.6260185242,"dmean2":18.9286956787,"dvar":937.306640625,"dvar2":2452.62060547,"max":978.143493652,"mean":22.3524951935,"median":5.95595932007,"min":-1.7051179409,"var":3111.61083984},"barkbands_skewness":{"dmean":0.925785720348,"dmean2":1.46063578129,"dvar":1.36059761047,"dvar2":3.38549995422,"max":25.6952972412,"mean":3.02235269547,"median":2.30809187889,"min":-2.2059264183,"var":6.86058282852},"barkbands_spread":{"dmean":8.19988059998,"dmean2":12.660367012,"dvar":97.6084289551,"dvar2":224.964111328,"max":116.86869812,"mean":28.1472320557,"median":24.1218948364,"min":0.25116828084,"var":450.015777588},"dissonance":{"dmean":0.0178771838546,"dmean2":0.0302178356797,"dvar":0.000384667917388,"dvar2":0.00104657420889,"max":0.500000059605,"mean":0.469031214714,"median":0.479047358036,"min":0.17817260325,"var":0.00104080198798},"dynamic_complexity":5.16786813736,"erbbands":{"dmean":[0.942694783211,2.16451907158,2.46336293221,2.7900993824,3.33410477638,6.04347133636,8.21504402161,9.84477901459,8.89217090607,8.88025379181,11.4958438873,16.4182834625,16.2004394531,22.3657798767,22.938331604,22.281452179,19.3739795685,13.7454938889,16.7706756592,16.6493549347,10.7977609634,10.3322143555,13.0264463425,8.03837680817,7.07501363754,7.39519262314,4.30571746826,2.2971842289,1.42016494274,0.804382622242,0.369726449251,0.203004106879,0.109623216093,0.0453554727137,0.0224011037499,0.0268243607134,0.0239296369255,0.0246129501611,0.0189484674484,0.00838998239487],"dmean2":[1.6368445158,3.61451101303,4.27025127411,4.71044015884,5.68246984482,10.328660965,13.5414180756,15.640545845,14.4515390396,14.2410736084,18.9134140015,26.6608314514,26.7257270813,36.6361808777,37.7792625427,36.5950241089,32.437412262,23.2572879791,28.2482872009,27.8427867889,18.0341377258,16.4109859467,20.2249679565,12.4568357468,10.61195755,11.1187582016,6.37124013901,3.41128206253,2.12365221977,1.20825147629,0.546172678471,0.302433818579,0.166012793779,0.0716528296471,0.0363311097026,0.0403640717268,0.0342286527157,0.0342981182039,0.0262640453875,0.0129440026358],"dvar":[5.53473424911,15.806725502,18.798784256,27.2950763702,45.5280151367,177.631866455,353.118164062,541.947387695,475.430450439,579.357849121,1161.41589355,2120.375,1597.70617676,3450.62841797,3375.9387207,2676.43652344,1359.4552002,678.260864258,1202.26696777,1209.65783691,371.441589355,517.170166016,1364.34545898,345.701477051,483.786804199,529.339416504,94.7399749756,20.3456840515,9.27998065948,2.96124053001,0.52098274231,0.154724746943,0.0385288670659,0.0066074100323,0.00185261538718,0.00240040780045,0.00196971208788,0.00230220938101,0.00179102597758,0.000167716745636],"dvar2":[15.2885780334,42.4493370056,52.6516609192,71.4996261597,118.287948608,490.297363281,910.581970215,1328.14477539,1203.68041992,1443.05078125,2997.89208984,5354.04052734,4249.6328125,8720.73242188,8777.35351562,6809.70507812,3746.58935547,1835.0916748,3296.27075195,3204.34179688,955.51953125,1094.8770752,2838.08496094,739.218688965,966.817565918,1128.2635498,205.285949707,41.7760848999,20.2600803375,6.45217037201,1.0659815073,0.336411803961,0.0838449522853,0.0151022747159,0.00448854640126,0.00513469893485,0.00400739116594,0.00430336594582,0.00292755570263,0.000431008666055],"max":[22.2462463379,49.903087616,70.1455993652,96.6229400635,156.781600952,169.518829346,388.834472656,783.820495605,659.551940918,603.30255127,916.477172852,1671.8001709,984.902832031,1504.68273926,1770.1986084,1208.55554199,691.250183105,515.5,934.110900879,911.290771484,452.482208252,1316.22473145,1964.23242188,589.87121582,584.633789062,730.944580078,327.218963623,119.438606262,82.8006973267,49.5272750854,24.4687614441,15.6454715729,2.89320516586,1.16871249676,0.654955148697,0.755198001862,1.2101174593,1.12940442562,1.27777409554,0.330537259579],"mean":[1.02369439602,2.93757009506,3.26871585846,3.62968587875,4.33524513245,7.54222869873,11.2126874924,16.1901397705,13.8740730286,13.9363451004,16.4099960327,23.5582485199,24.8787765503,34.1410369873,37.991733551,39.1549987793,34.716632843,25.9574356079,30.8514537811,31.7711238861,22.3166427612,20.6238384247,24.8065776825,16.7140598297,14.31665802,14.1668863297,9.33601379395,5.21018838882,3.08498001099,1.69735479355,0.801282346249,0.418457508087,0.207207009196,0.0648340433836,0.026341451332,0.049113702029,0.0562085695565,0.0678031072021,0.0643032491207,0.0403412953019],"median":[0.406782627106,1.58298838139,1.95449495316,1.67238879204,1.87558114529,3.44483995438,4.28427267075,6.58239889145,5.67142868042,5.25580596924,5.31863594055,7.74086856842,9.83065319061,13.5567855835,15.7130146027,18.0943031311,16.4595184326,12.8592758179,12.998588562,13.4020643234,11.1574687958,10.5256080627,10.0566082001,7.70720243454,5.64583969116,4.66088104248,3.72804689407,2.30153751373,1.25881314278,0.6368445158,0.318584620953,0.157110840082,0.0727746635675,0.0255211144686,0.010975215584,0.0158439781517,0.0210874322802,0.0302743725479,0.0305400080979,0.0174786988646],"min":[1.41685603247e-22,6.16577470053e-22,2.49549101892e-21,5.36960982685e-21,2.04208969722e-20,2.78337099589e-20,2.8567748742e-20,5.09360308246e-20,9.7744385156e-20,2.58070993636e-19,4.07638095534e-19,3.6573281551e-19,4.26385084293e-19,7.77202101449e-19,1.54393499147e-18,1.32407369338e-18,1.8478720644e-18,2.21381697419e-18,2.27006484225e-18,2.93339586471e-18,3.30684805894e-18,5.67567330325e-18,5.74514075828e-18,7.01501519978e-18,8.6431705159e-18,8.30277328612e-18,9.49845541694e-18,1.04936074606e-17,1.24333898376e-17,1.10857678631e-17,9.44441157162e-18,1.03306355091e-17,1.00428287683e-17,8.75165525323e-18,6.78957994513e-18,4.4678113515e-18,2.54555134821e-18,9.53618684699e-19,2.52405969663e-19,2.53436749797e-20],"var":[4.06047010422,16.3954200745,19.5294685364,34.7402648926,53.1224937439,169.540863037,467.48538208,1013.80963135,788.100402832,949.627746582,1867.21508789,2923.25219727,2233.40161133,5235.19726562,5369.05712891,5041.93310547,2736.32275391,1370.2902832,2282.97119141,2438.1105957,931.087341309,1292.16760254,3387.22216797,921.23059082,1123.94519043,1128.45166016,264.044342041,62.4359207153,23.1283111572,7.08210945129,1.51133418083,0.416881322861,0.102423623204,0.0103258499876,0.00207508145832,0.00616650655866,0.00686377193779,0.00957799796015,0.0103915100917,0.00229821447283]},"erbbands_crest":{"dmean":2.29365181923,"dmean2":3.78252077103,"dvar":5.12327861786,"dvar2":13.0457258224,"max":31.7664279938,"mean":7.73889875412,"median":6.788646698,"min":2.24406790733,"var":13.131401062},"erbbands_flatness_db":{"dmean":0.0194414313883,"dmean2":0.029197063297,"dvar":0.000343492458342,"dvar2":0.000773561594542,"max":0.41715323925,"mean":0.129327431321,"median":0.123315945268,"min":0.0242309607565,"var":0.00186014396604},"erbbands_kurtosis":{"dmean":0.873105585575,"dmean2":1.38473749161,"dvar":1.88686978817,"dvar2":4.36856651306,"max":51.9020957947,"mean":0.671984672546,"median":0.202950954437,"min":-1.64609360695,"var":4.72159576416},"erbbands_skewness":{"dmean":0.333638995886,"dmean2":0.513518929482,"dvar":0.0989644154906,"dvar2":0.225931629539,"max":4.34105634689,"mean":0.0538908131421,"median":-0.0179649479687,"min":-5.74265050888,"var":0.536701500416},"erbbands_spread":{"dmean":6.61977672577,"dmean2":10.3186435699,"dvar":43.9651489258,"dvar2":100.350517273,"max":154.259674072,"mean":32.0483818054,"median":30.3448257446,"min":1.08994877338,"var":193.94430542},"gfcc":{"cov":[[26921.0546875,-1076.0847168,-3282.39770508,350.67678833,409.810974121,-1004.83135986,512.019165039,-349.19052124,166.344604492,-166.930343628,-148.568206787,80.4643783569,-201.635253906],[-1076.0847168,993.647277832,326.905853271,-383.096954346,-57.4178657532,77.8438339233,-62.9381980896,-78.9136123657,-42.6292495728,-19.6679725647,55.9395713806,-73.7633514404,90.5768661499],[-3282.39770508,326.905853271,784.317504883,46.6022758484,-136.084625244,274.663665771,-124.393821716,120.341621399,-35.6397399902,75.6653671265,28.4000053406,7.96761846542,28.7410736084],[350.67678833,-383.096954346,46.6022758484,513.708862305,68.2926177979,21.2013549805,81.2325973511,115.649841309,33.6150512695,49.0480995178,-21.207868576,77.9965438843,-52.6037864685],[409.810974121,-57.4178657532,-136.084625244,68.2926177979,234.364715576,14.2031097412,66.8735275269,-13.0155563354,48.8754692078,-3.94289445877,14.1446638107,-0.503041446209,14.0533695221],[-1004.83135986,77.8438339233,274.663665771,21.2013549805,14.2031097412,256.084136963,-39.7905807495,77.3167648315,-27.1054477692,37.3917503357,19.9827022552,13.5309391022,19.1103305817],[512.019165039,-62.9381980896,-124.393821716,81.2325973511,66.8735275269,-39.7905807495,167.752243042,5.55367803574,43.7319145203,-6.74236488342,-0.182193771005,18.943655014,-9.05871200562],[-349.19052124,-78.9136123657,120.341621399,115.649841309,-13.0155563354,77.3167648315,5.55367803574,161.164047241,44.9324531555,48.6146354675,5.76157474518,20.2336292267,3.90641546249],[166.344604492,-42.6292495728,-35.6397399902,33.6150512695,48.8754692078,-27.1054477692,43.7319145203,44.9324531555,115.724258423,44.3206367493,13.3329029083,9.75323104858,-8.93575572968],[-166.930343628,-19.6679725647,75.6653671265,49.0480995178,-3.94289445877,37.3917503357,-6.74236488342,48.6146354675,44.3206367493,78.562828064,35.1412200928,16.4593391418,2.39673113823],[-148.568206787,55.9395713806,28.4000053406,-21.207868576,14.1446638107,19.9827022552,-0.182193771005,5.76157474518,13.3329029083,35.1412200928,64.5813903809,28.0338096619,15.5429849625],[80.4643783569,-73.7633514404,7.96761846542,77.9965438843,-0.503041446209,13.5309391022,18.943655014,20.2336292267,9.75323104858,16.4593391418,28.0338096619,71.9789199829,14.5270385742],[-201.635253906,90.5768661499,28.7410736084,-52.6037864685,14.0533695221,19.1103305817,-9.05871200562,3.90641546249,-8.93575572968,2.39673113823,15.5429849625,14.5270385742,69.4803695679]],"icov":[[0.000102082783997,-0.000224543604418,0.00066380132921,-0.000223242546781,0.000151615284267,-0.000184467950021,0.000121949742606,-0.0000143749639392,0.000017545213268,-0.000337542383932,0.00034114997834,-0.000261371373199,0.000174377579242],[-0.000224543604418,0.00294723035768,-0.002849226119,0.00129774142988,0.0000881399755599,0.000461949937744,-0.00112855422776,0.00115867285058,-0.00092471804237,0.00273868185468,-0.00386208016425,0.0036336670164,-0.00279895099811],[0.00066380132921,-0.002849226119,0.00834062788635,-0.00372049817815,0.00388570013456,-0.00498397322372,0.00248027127236,0.0000893838441698,-0.00152930046897,-0.00196026428603,0.00123583024833,-0.0000703336554579,-0.000113817593956],[-0.000223242546781,0.00129774142988,-0.00372049817815,0.0080402456224,-0.00596435321495,0.00441460357979,-0.00248229433782,-0.00432984204963,0.00654473807663,-0.00698833959177,0.00793597754091,-0.00940833520144,0.00647319341078],[0.000151615284267,0.0000881399755599,0.00388570013456,-0.00596435321495,0.0120352078229,-0.00689113885164,-0.00000988785177469,0.00530292885378,-0.00980739574879,0.00887063331902,-0.00980526860803,0.0106258811429,-0.00823173485696],[-0.000184467950021,0.000461949937744,-0.00498397322372,0.00441460357979,-0.00689113885164,0.0113909458742,-0.000976442359388,-0.0055298213847,0.00846639927477,-0.00635237479582,0.00471558887511,-0.0063267708756,0.00428669760004],[0.000121949742606,-0.00112855422776,0.00248027127236,-0.00248229433782,-0.00000988785177469,-0.000976442359388,0.00922817736864,0.0000901091989363,-0.00383404782042,0.00307061313652,-0.000789336801972,-0.00106126710307,0.000187897574506],[-0.0000143749639392,0.00115867285058,0.0000893838441698,-0.00432984204963,0.00530292885378,-0.0055298213847,0.0000901091989363,0.013993518427,-0.0089759202674,0.00284783449024,-0.00407454231754,0.00655008805916,-0.00690458342433],[0.000017545213268,-0.00092471804237,-0.00152930046897,0.00654473807663,-0.00980739574879,0.00846639927477,-0.00383404782042,-0.0089759202674,0.0247303787619,-0.0192885566503,0.0120069468394,-0.01167373918,0.010104524903],[-0.000337542383932,0.00273868185468,-0.00196026428603,-0.00698833959177,0.00887063331902,-0.00635237479582,0.00307061313652,0.00284783449024,-0.0192885566503,0.0411594808102,-0.0281053930521,0.0167787000537,-0.00995790865272],[0.00034114997834,-0.00386208016425,0.00123583024833,0.00793597754091,-0.00980526860803,0.00471558887511,-0.000789336801972,-0.00407454231754,0.0120069468394,-0.0281053930521,0.0449451096356,-0.0275106728077,0.0105456132442],[-0.000261371373199,0.0036336670164,-0.0000703336554579,-0.00940833520144,0.0106258811429,-0.0063267708756,-0.00106126710307,0.00655008805916,-0.01167373918,0.0167787000537,-0.0275106728077,0.0398582331836,-0.0177646744996],[0.000174377579242,-0.00279895099811,-0.000113817593956,0.00647319341078,-0.00823173485696,0.00428669760004,0.000187897574506,-0.00690458342433,0.010104524903,-0.00995790865272,0.0105456132442,-0.0177646744996,0.027392199263]],"mean":[-22.8179321289,89.8549346924,-82.5559539795,2.46795630455,-9.98541641235,-8.06235313416,5.20377588272,-14.1225214005,-0.785486400127,-4.368891716,0.593217968941,1.78979718685,-1.75452387333]},"hfc":{"dmean":41.6462287903,"dmean2":65.8593444824,"dvar":3661.33349609,"dvar2":9896.3125,"max":1188.43054199,"mean":192.678344727,"median":120.716049194,"min":1.06684362189e-16,"var":37584.84375},"melbands":{"dmean":[0.00674446392804,0.00163540721405,0.000481520895846,0.0003119285102,0.00028516954626,0.000212897997699,0.000135743408464,0.0000948318265728,0.000101046920463,0.000109027656436,0.0000840980355861,0.0000949840759858,0.0000720687239664,0.0000760769980843,0.0000505433890794,0.0000487625511596,0.0000249637014349,0.0000276998380286,0.0000321886473102,0.0000179684084287,0.0000128514275275,0.0000115159709821,0.0000121053790281,0.000011241259017,0.00000670889812682,0.00000591001071371,0.00000567214283365,0.00000511917460244,0.00000314313433591,0.00000207309358302,0.00000125418966945,8.99131123333e-7,6.73863041811e-7,4.03005770977e-7,2.3490439105e-7,1.62082599786e-7,1.19317874692e-7,8.49658761126e-8,6.00636695935e-8,3.19182973385e-8],"dmean2":[0.0115563934669,0.00276521290652,0.000810626486782,0.000530254095793,0.00047417791211,0.000338082580129,0.000219548091991,0.000152933207573,0.000165643621585,0.000178049784154,0.00013889708498,0.000155609159265,0.000119130840176,0.000125840728288,0.0000841310757096,0.0000821732319309,0.0000424189929618,0.0000473616128147,0.0000540902765351,0.0000301343225146,0.0000215487089008,0.000018614480723,0.0000192605402844,0.0000176529392775,0.0000106535044324,0.00000910842118174,0.00000866305254021,0.00000786798500485,0.00000476513923786,0.00000315851389132,0.00000190620107787,0.0000013829890122,0.00000104231185105,6.11717098309e-7,3.55494023552e-7,2.4542026722e-7,1.81178208436e-7,1.30425775069e-7,9.31615744548e-8,5.15734690509e-8],"dvar":[0.000264338392299,0.00000730337296773,7.55518044571e-7,3.99927699846e-7,4.13386374021e-7,2.28796082524e-7,1.10728507252e-7,6.23024334345e-8,1.0425190311e-7,9.42103071111e-8,4.28707807032e-8,6.24314537845e-8,3.35436034504e-8,3.53580453805e-8,1.63851137103e-8,1.04992050609e-8,2.2453006121e-9,3.14216230812e-9,5.90583848492e-9,1.02509933875e-9,5.57110135802e-10,5.57761392628e-10,1.21942655973e-9,9.35733268648e-10,2.42543846118e-10,3.15235781922e-10,3.90955462448e-10,2.43006725853e-10,5.10750851335e-11,1.78653567634e-11,6.62817804115e-12,3.91144495265e-12,2.07992564144e-12,7.9625146537e-13,2.12376977441e-13,1.0591458537e-13,5.28795994351e-14,2.33346345312e-14,1.18273531295e-14,3.53898391e-15],"dvar2":[0.000720001116861,0.0000198917005036,0.00000197436179405,0.00000107451876374,0.00000109506004264,5.59961790714e-7,2.77634569557e-7,1.57116389232e-7,2.69954540499e-7,2.3920398462e-7,1.13582167671e-7,1.586350038e-7,8.43768930281e-8,9.13631339472e-8,4.51174066995e-8,2.83401782042e-8,6.15120576697e-9,8.62781135424e-9,1.61226001438e-8,2.69482414161e-9,1.43773093431e-9,1.19390242137e-9,2.70924971346e-9,2.07108241668e-9,5.55003154545e-10,6.90461854358e-10,7.74542596726e-10,5.63587954083e-10,1.14622880631e-10,4.04337674453e-11,1.4533408331e-11,8.83435252036e-12,4.93377561028e-12,1.77450751575e-12,4.49714565717e-13,2.23421162213e-13,1.21498419507e-13,5.20063660647e-14,2.60909966321e-14,8.40363240421e-15],"max":[0.156045809388,0.0408363118768,0.0147354584187,0.0101553164423,0.0125376414508,0.0157096274197,0.00871047191322,0.00598632683977,0.00980079080909,0.0109707005322,0.00477844150737,0.00679441494867,0.00557782314718,0.00581035204232,0.00352260936052,0.00220325565897,0.000882070045918,0.00135230727028,0.00279750395566,0.000593575299717,0.000568522897083,0.00111693539657,0.00180691457354,0.00144351483323,0.000459405797301,0.00055308669107,0.000872169039212,0.000518608780112,0.00021005848248,0.0000955921641435,0.0000688633081154,0.0000517004591529,0.0000400188509957,0.0000311465264531,0.0000143534080053,0.0000146572347148,0.00000755442442824,0.00000208495816878,0.00000147911941895,8.79080005234e-7],"mean":[0.00784406904131,0.0024302364327,0.00065648794407,0.00040921595064,0.000392811925849,0.000353059789632,0.000214650193811,0.000143961166032,0.000140240386827,0.000152487264131,0.000124945232528,0.000139519324875,0.000114603652037,0.000124436381157,0.0000816094980109,0.0000781670314609,0.0000431197258877,0.0000466036472062,0.0000536534353159,0.0000331690753228,0.0000242277510552,0.0000208838500839,0.0000222372200369,0.0000201086750167,0.000012811682609,0.0000109001503006,0.0000103334296,0.00000913094572752,0.00000626069822829,0.00000422368839281,0.00000259044441009,0.00000180998222277,0.00000131810770654,7.89531782175e-7,4.83640690163e-7,3.16278516266e-7,2.31718090049e-7,1.57360673825e-7,9.63361443951e-8,3.85918959012e-8],"median":[0.00354387937114,0.0015551710967,0.000319178740028,0.000196522451006,0.000166690821061,0.000147193088196,0.0000867542694323,0.0000529359749635,0.0000426740589319,0.0000483136900584,0.0000476147142763,0.0000519777131558,0.0000459859656985,0.0000533064085175,0.0000345510343323,0.0000323533749906,0.0000201598522835,0.0000188667017937,0.0000202660194191,0.0000144179730341,0.0000117668505482,0.0000100525967355,0.00000938035555009,0.00000762556464906,0.00000565766731597,0.0000043132281462,0.00000321039806295,0.0000028928516258,0.00000238691745835,0.00000169315330822,0.00000112358907245,7.32484409127e-7,4.71553590842e-7,2.92357412945e-7,1.92062159954e-7,1.19090884709e-7,8.26212271932e-8,5.29124726256e-8,3.13618748748e-8,1.525902249e-8],"min":[1.402155787e-24,1.05963859423e-24,1.43802568679e-24,2.53233560527e-24,8.14815069952e-25,9.47981643983e-25,1.58903703405e-24,2.01533017027e-24,3.20753368418e-24,2.20044387586e-24,1.92309379222e-24,2.79917845608e-24,3.92348924783e-24,3.21167717608e-24,3.52360027219e-24,2.4339583395e-24,2.99485560084e-24,2.29982161447e-24,4.32658218204e-24,3.74292766409e-24,3.22453521441e-24,4.5839433192e-24,3.9355694693e-24,2.5954718906e-24,4.05738931459e-24,5.8985468856e-24,5.6131125554e-24,5.10298776243e-24,4.00796402343e-24,4.72394916937e-24,5.30397374386e-24,4.84582305163e-24,5.74372504434e-24,4.76649756558e-24,4.62412316055e-24,6.47681387799e-24,5.30140560718e-24,5.98387165883e-24,5.48377999328e-24,7.30888542815e-24],"var":[0.000203741437872,0.00000841493874759,0.0000010018861758,4.20614355789e-7,4.89266369641e-7,4.31831722381e-7,1.93503154833e-7,9.87255859286e-8,1.63110001949e-7,1.25480582369e-7,5.93756652734e-8,9.206897289e-8,5.03484507419e-8,6.28123970614e-8,2.49302942734e-8,1.9377315752e-8,3.989656161e-9,5.28783061782e-9,9.93323290288e-9,2.28750640652e-9,1.21065435454e-9,1.28079991057e-9,2.6504165529e-9,2.17806728209e-9,5.42130451642e-10,6.22789764204e-10,8.36616775857e-10,4.55385562592e-10,1.30313038138e-10,4.72901509618e-11,1.66299109899e-11,8.71995531337e-12,4.39716275544e-12,1.68753878059e-12,5.63580703373e-13,2.69281802802e-13,1.30946103028e-13,6.04395277316e-14,2.47188473032e-14,4.26862380824e-15]},"melbands_crest":{"dmean":4.64994096756,"dmean2":7.47470235825,"dvar":22.3042945862,"dvar2":54.0710868835,"max":38.2991828918,"mean":20.5344219208,"median":20.1264972687,"min":1.54550909996,"var":64.8729476929},"melbands_flatness_db":{"dmean":0.0380232408643,"dmean2":0.0587686598301,"dvar":0.00133570667822,"dvar2":0.00327200721949,"max":0.641595959663,"mean":0.265584230423,"median":0.250734359026,"min":0.00403072452173,"var":0.0092970142141},"melbands_kurtosis":{"dmean":18.7474784851,"dmean2":30.6819477081,"dvar":3798.92480469,"dvar2":9262.91699219,"max":3161.00073242,"mean":34.3281364441,"median":9.55058860779,"min":-1.9066119194,"var":12674.2529297},"melbands_skewness":{"dmean":1.18142688274,"dmean2":1.88049566746,"dvar":2.41746997833,"dvar2":6.00092554092,"max":43.7921943665,"mean":3.63244628906,"median":2.81884336472,"min":-2.00712251663,"var":9.18543720245},"melbands_spread":{"dmean":6.33844614029,"dmean2":9.90203380585,"dvar":71.0805282593,"dvar2":155.322296143,"max":162.948471069,"mean":18.1541957855,"median":13.6916561127,"min":0.116636268795,"var":310.318725586},"mfcc":{"cov":[[16268.9316406,-44.8203544617,-2665.19018555,1096.72351074,-485.261352539,57.6144561768,-277.504089355,187.724761963,-23.0032215118,142.310317993,-130.98878479,98.9382705688,-179.150146484],[-44.8203544617,1430.87475586,138.166381836,-324.955963135,-23.3708057404,16.2813568115,16.8966388702,-122.983825684,-46.2846755981,-75.5039672852,-31.1878910065,-58.3204956055,16.5711631775],[-2665.19018555,138.166381836,916.387451172,-177.492843628,112.491874695,-3.98509407043,67.3537368774,-14.07629776,8.88442325592,-18.8561191559,62.2282104492,-7.79692268372,41.2331962585],[1096.72351074,-324.955963135,-177.492843628,417.333129883,-21.4585418701,30.9615859985,-2.01331162453,80.9909210205,32.5891494751,48.2175369263,19.914806366,44.7552185059,-6.32360315323],[-485.261352539,-23.3708057404,112.491874695,-21.4585418701,210.601333618,49.6962203979,39.1475791931,12.9448490143,31.28881073,18.7073535919,30.0004768372,12.5866413116,31.6243724823],[57.6144561768,16.2813568115,-3.98509407043,30.9615859985,49.6962203979,127.761787415,49.6654663086,26.9179725647,4.42669582367,4.10610485077,1.25851166248,6.47456455231,13.4473276138],[-277.504089355,16.8966388702,67.3537368774,-2.01331162453,39.1475791931,49.6654663086,107.036872864,36.8335952759,15.9907159805,-4.49850893021,-3.01392960548,-1.82096719742,17.4902801514],[187.724761963,-122.983825684,-14.07629776,80.9909210205,12.9448490143,26.9179725647,36.8335952759,99.4906692505,36.7248764038,25.8307819366,11.4727745056,15.7649841309,3.75765037537],[-23.0032215118,-46.2846755981,8.88442325592,32.5891494751,31.28881073,4.42669582367,15.9907159805,36.7248764038,83.2069396973,40.1048431396,19.5508594513,12.2720890045,7.74177455902],[142.310317993,-75.5039672852,-18.8561191559,48.2175369263,18.7073535919,4.10610485077,-4.49850893021,25.8307819366,40.1048431396,82.6871261597,42.8670349121,20.4642543793,3.78319311142],[-130.98878479,-31.1878910065,62.2282104492,19.914806366,30.0004768372,1.25851166248,-3.01392960548,11.4727745056,19.5508594513,42.8670349121,77.3287811279,35.8543243408,11.8158988953],[98.9382705688,-58.3204956055,-7.79692268372,44.7552185059,12.5866413116,6.47456455231,-1.82096719742,15.7649841309,12.2720890045,20.4642543793,35.8543243408,60.1410942078,27.0372810364],[-179.150146484,16.5711631775,41.2331962585,-6.32360315323,31.6243724823,13.4473276138,17.4902801514,3.75765037537,7.74177455902,3.78319311142,11.8158988953,27.0372810364,54.3059921265]],"icov":[[0.000152379652718,-0.00012424524175,0.00035968926386,-0.000260005675955,0.0000581799904467,-0.0000414073438151,0.00019893742865,-0.000249227858149,0.000144457168062,-0.000154603229021,0.000126612227177,-0.000229241690249,0.000243526374106],[-0.00012424524175,0.00104602251668,-0.000275682657957,0.000754471227992,0.000307752809022,-0.000430035142926,-0.000361940969015,0.00103904714342,-0.000406233448302,0.000571698823478,-0.000545611721464,0.000874841702171,-0.000758701353334],[0.00035968926386,-0.000275682657957,0.00236347154714,-0.000169819439179,-0.000273093464784,0.000347947847331,-0.000343854451785,-0.000630230002571,0.000220018657274,0.000709913962055,-0.0019342325395,0.000778492365498,-0.000363929575542],[-0.000260005675955,0.000754471227992,-0.000169819439179,0.00419961800799,0.000397580966819,-0.000825061288197,0.0000424393474532,-0.00137695146259,-0.000401122146286,-0.000381571095204,-0.000032722044125,-0.00160125177354,0.000472487998195],[0.0000581799904467,0.000307752809022,-0.000273093464784,0.000397580966819,0.00664934562519,-0.00238197762519,-0.000584938505199,0.000757734640501,-0.00203372677788,0.0000859905849211,-0.00209376611747,0.00138867611531,-0.00274658249691],[-0.0000414073438151,-0.000430035142926,0.000347947847331,-0.000825061288197,-0.00238197762519,0.0110177360475,-0.00434147240594,-0.00134150905069,0.00211652647704,-0.000817186839413,0.000701652606949,-0.00058452936355,-0.000322120147757],[0.00019893742865,-0.000361940969015,-0.000343854451785,0.0000424393474532,-0.000584938505199,-0.00434147240594,0.0151942353696,-0.00566213484854,-0.00124654627871,0.00188648817129,0.000859412248246,0.00240429677069,-0.0033911250066],[-0.000249227858149,0.00103904714342,-0.000630230002571,-0.00137695146259,0.000757734640501,-0.00134150905069,-0.00566213484854,0.0175955966115,-0.00515120616183,-0.00116407417227,0.000324064720189,-0.00176841323264,0.00130133144557],[0.000144457168062,-0.000406233448302,0.000220018657274,-0.000401122146286,-0.00203372677788,0.00211652647704,-0.00124654627871,-0.00515120616183,0.018853245303,-0.00825774203986,0.00164669193327,-0.000661999161821,-0.000336245895596],[-0.000154603229021,0.000571698823478,0.000709913962055,-0.000381571095204,0.0000859905849211,-0.000817186839413,0.00188648817129,-0.00116407417227,-0.00825774203986,0.0235259551555,-0.0125842718408,0.00323931802996,-0.000979059375823],[0.000126612227177,-0.000545611721464,-0.0019342325395,-0.000032722044125,-0.00209376611747,0.000701652606949,0.000859412248246,0.000324064720189,0.00164669193327,-0.0125842718408,0.0284757930785,-0.0160405635834,0.00522755971178],[-0.000229241690249,0.000874841702171,0.000778492365498,-0.00160125177354,0.00138867611531,-0.00058452936355,0.00240429677069,-0.00176841323264,-0.000661999161821,0.00323931802996,-0.0160405635834,0.0359984412789,-0.0176803655922],[0.000243526374106,-0.000758701353334,-0.000363929575542,0.000472487998195,-0.00274658249691,-0.000322120147757,-0.0033911250066,0.00130133144557,-0.000336245895596,-0.000979059375823,0.00522755971178,-0.0176803655922,0.0302429683506]],"mean":[-680.549926758,149.535003662,-9.50119781494,29.9418849945,1.76553738117,20.9896507263,8.14008140564,9.66287612915,2.44323372841,4.29768800735,0.770017445087,5.45621156693,3.43596148491]},"pitch_salience":{"dmean":0.0895922854543,"dmean2":0.14477019012,"dvar":0.00786972325295,"dvar2":0.019530126825,"max":0.818879187107,"mean":0.468065232038,"median":0.489989280701,"min":0.0201394725591,"var":0.0247967764735},"silence_rate_20dB":{"dmean":0.000582807173487,"dmean2":0.00116572761908,"dvar":0.000582454784308,"dvar2":0.00135864363983,"max":1,"mean":0.999514400959,"median":1,"min":0,"var":0.000485373602714},"silence_rate_30dB":{"dmean":0.105682373047,"dmean2":0.211385279894,"dvar":0.0945142135024,"dvar2":0.192928552628,"max":1,"mean":0.876554012299,"median":1,"min":0,"var":0.108212418854},"silence_rate_60dB":{"dmean":0.00427391938865,"dmean2":0.00854866951704,"dvar":0.00425641937181,"dvar2":0.00944879185408,"max":1,"mean":0.0797397047281,"median":0,"min":0,"var":0.0733712688088},"spectral_centroid":{"dmean":215.156051636,"dmean2":312.846984863,"dvar":69677.8125,"dvar2":121481.914062,"max":12024.8759766,"mean":1290.34533691,"median":1193.73876953,"min":132.394012451,"var":993533},"spectral_complexity":{"dmean":3.45857214928,"dmean2":5.15931606293,"dvar":14.1043329239,"dvar2":26.7243022919,"max":65,"mean":22.0607032776,"median":22,"min":0,"var":211.653839111},"spectral_contrast_coeffs":{"dmean":[0.0503991022706,0.0467711761594,0.037110183388,0.0288418140262,0.0218915101141,0.0286914613098],"dmean2":[0.0839978009462,0.0767732709646,0.0619183816016,0.0477266609669,0.0357326567173,0.0437807254493],"dvar":[0.00174514378887,0.00140576343983,0.000914521398954,0.000538241991308,0.000366005464457,0.000725979683921],"dvar2":[0.00467298738658,0.00371629255824,0.00250218017027,0.00140926952008,0.000940149475355,0.00164156139363],"max":[-0.388159513474,-0.439808040857,-0.560434937477,-0.591671943665,-0.644586503506,-0.453267097473],"mean":[-0.730762422085,-0.774071335793,-0.809005558491,-0.816145598888,-0.832889318466,-0.746858417988],"median":[-0.736445188522,-0.777951478958,-0.81157886982,-0.815105438232,-0.820704221725,-0.727823257446],"min":[-0.982649564743,-0.97567230463,-0.977169811726,-0.986899018288,-0.977648973465,-0.964140832424],"var":[0.00581079768017,0.00447992375121,0.00316763552837,0.0025667140726,0.00292540993541,0.00648250291124]},"spectral_contrast_valleys":{"dmean":[0.412113636732,0.382212907076,0.328769385815,0.321457326412,0.336907953024,0.470751255751],"dmean2":[0.667574465275,0.610324680805,0.525898694992,0.506865561008,0.498004436493,0.71916860342],"dvar":[0.149996876717,0.126024693251,0.0999369993806,0.120350398123,0.165403306484,0.208958998322],"dvar2":[0.32556116581,0.279283732176,0.220089569688,0.253694802523,0.359825342894,0.486419141293],"max":[-4.66744089127,-4.68646335602,-5.15491008759,-5.30996274948,-5.21715497971,-8.80455589294],"mean":[-6.95281171799,-6.92516136169,-7.17883300781,-7.65232086182,-7.8438577652,-11.0847110748],"median":[-6.60889053345,-6.57367324829,-6.73896408081,-7.09585475922,-7.17617034912,-10.7509860992],"min":[-28.1727352142,-28.0549278259,-27.6739368439,-27.6093540192,-27.4333076477,-27.4056835175],"var":[3.7317044735,3.88696908951,4.07651519775,4.4784989357,4.65489149094,2.9199757576]},"spectral_decrease":{"dmean":7.52074402754e-9,"dmean2":1.26187549299e-8,"dvar":2.77746020932e-16,"dvar2":7.23529667254e-16,"max":5.50973577873e-9,"mean":-1.03406190277e-8,"median":-6.08764416654e-9,"min":-1.58428562713e-7,"var":2.41957528952e-16},"spectral_energy":{"dmean":0.0282849147916,"dmean2":0.0474538877606,"dvar":0.00389228668064,"dvar2":0.0101763615385,"max":0.608024835587,"mean":0.0565043054521,"median":0.0391981713474,"min":1.02372656169e-20,"var":0.00406671129167},"spectral_energyband_high":{"dmean":0.000348935573129,"dmean2":0.000500222318806,"dvar":3.72074708821e-7,"dvar2":7.16663976164e-7,"max":0.016842700541,"mean":0.00123534782324,"median":0.000709048530553,"min":7.11935289296e-21,"var":0.00000233705168284},"spectral_energyband_low":{"dmean":0.0242440514266,"dmean2":0.04134786129,"dvar":0.00314291706309,"dvar2":0.0084229875356,"max":0.536992251873,"mean":0.0310470201075,"median":0.016292616725,"min":1.18044325442e-23,"var":0.00255164317787},"spectral_energyband_middle_high":{"dmean":0.00202644267119,"dmean2":0.00317417620681,"dvar":0.0000115948951134,"dvar2":0.000027183930797,"max":0.0595722720027,"mean":0.00624435953796,"median":0.00385529501364,"min":1.11994368144e-21,"var":0.0000533146812813},"spectral_energyband_middle_low":{"dmean":0.00360040343367,"dmean2":0.00584305822849,"dvar":0.0000346969100065,"dvar2":0.0000887222849997,"max":0.0811451077461,"mean":0.00789493881166,"median":0.00476709846407,"min":1.4805119326e-22,"var":0.000081652746303},"spectral_entropy":{"dmean":0.158814176917,"dmean2":0.237263351679,"dvar":0.034181624651,"dvar2":0.0804106071591,"max":9.82147026062,"mean":7.59310674667,"median":7.71252059937,"min":5.1701836586,"var":0.231514900923},"spectral_flux":{"dmean":0.0413637459278,"dmean2":0.0683511421084,"dvar":0.00491916108876,"dvar2":0.0112420599908,"max":0.727005064487,"mean":0.122256159782,"median":0.107234865427,"min":6.42647809967e-11,"var":0.00944378040731},"spectral_kurtosis":{"dmean":4.68977117538,"dmean2":7.26229190826,"dvar":81.1205062866,"dvar2":208.662979126,"max":205.439849854,"mean":17.9599685669,"median":14.6763973236,"min":-1.26358425617,"var":193.544647217},"spectral_rms":{"dmean":0.0014303131029,"dmean2":0.0022986237891,"dvar":0.00000568430868952,"dvar2":0.0000138242567118,"max":0.0243555940688,"mean":0.0065352958627,"median":0.00618402101099,"min":3.16031272332e-12,"var":0.0000124162042994},"spectral_rolloff":{"dmean":3831.19311523,"dmean2":7283.91162109,"dvar":51524548,"dvar2":116953672,"max":22028.4667969,"mean":10917.4931641,"median":5307.93457031,"min":43.06640625,"var":101554160},"spectral_skewness":{"dmean":0.374484032393,"dmean2":0.568427562714,"dvar":0.324484288692,"dvar2":0.810081005096,"max":12.317240715,"mean":2.8471353054,"median":2.56223201752,"min":-0.0940110981464,"var":1.29770314693},"spectral_spread":{"dmean":454532.3125,"dmean2":691333.1875,"dvar":372124090368,"dvar2":736403783680,"max":42193512,"mean":4492598.5,"median":4190286.25,"min":1064322.625,"var":8332084510720},"spectral_strongpeak":{"dmean":2.4565114975,"dmean2":4.67711591721,"dvar":130.025939941,"dvar2":369.267303467,"max":197.608322144,"mean":1.96913218498,"median":0.19449877739,"min":0,"var":97.7181396484},"zerocrossingrate":{"dmean":0.0408075079322,"dmean2":0.0515946894884,"dvar":0.00157252023928,"dvar2":0.00231643486768,"max":0.83203125,"mean":0.247275426984,"median":0.23974609375,"min":0.00927734375,"var":0.0137104578316}},"metadata":{"audio_properties":{"analysis_sample_rate":44100,"bit_rate":260688,"codec":"mp3","downmix":"mix","equal_loudness":0,"length":239.047592163,"lossless":false,"md5_encoded":"9024b4690989b031754c810948091417","replay_gain":-8.92506408691,"sample_rate":44100},"tags":{"acoustid_id":["672d7c64-d490-4100-b274-49323fa56e7d"],"album":["Opposites"],"albumartist":["Biffy Clyro"],"albumartistsort":["Biffy Clyro"],"artist":["Biffy Clyro"],"artistsort":["Biffy Clyro"],"asin":["B00CD8SKAE"],"barcode":["825646452477"],"catalognumber":["825646452477"],"contentgroup":["Rock"],"date":["2013-06-07"],"discnumber":["2/2"],"file_name":"2-04 Victory Over the Sun.mp3","genre":["Rock; Alternative Rock; Alternative; Indie Rock"],"isrc":["GBAHT1200526"],"label":["14th Floor Records"],"media":["CD"],"mood":["Emotional"],"musicbrainz album release country":["DE"],"musicbrainz album status":["official"],"musicbrainz album type":["album"],"musicbrainz_albumartistid":["892500b7-09a6-4049-ba92-2d192dd70563"],"musicbrainz_albumid":["fdd7e817-d0fd-4500-aff5-83b9051c161d"],"musicbrainz_artistid":["892500b7-09a6-4049-ba92-2d192dd70563"],"musicbrainz_recordingid":["8c47e757-6501-49c8-96c6-d0ce8dc235aa"],"musicbrainz_releasegroupid":["3e9d40d5-190e-4558-b01b-e5af1a56c288"],"originaldate":["2013-01-25"],"originalyear":["2013"],"script":["Latn"],"title":["Victory Over the Sun"],"tracknumber":["4/10"]},"version":{"essentia":"2.1-beta1","essentia_build_sha":"ca57ba49d9b1854bd80e60cf9ccf267278fb7d6b","essentia_git_sha":"v2.1_beta1-28-g21ef5f4-dirty","extractor":"music 1.0"}},"rhythm":{"beats_count":578,"beats_loudness":{"dmean":0.0314397960901,"dmean2":0.0555174350739,"dvar":0.00102267821785,"dvar2":0.00299960304983,"max":0.233981445432,"mean":0.06774777174,"median":0.063614949584,"min":0,"var":0.00208966806531},"beats_loudness_band_ratio":{"dmean":[0.164125874639,0.0582199767232,0.0466109924018,0.0432872958481,0.0266614928842,0.0700655728579],"dmean2":[0.281839668751,0.1023