{"lowlevel":{"average_loudness":0.0079486053437,"barkbands":{"dmean":[0.0000105194558273,0.000321090599755,0.00038708865759,0.000408699270338,0.00063371937722,0.00075515784556,0.00158557423856,0.00109857239295,0.000597916019615,0.000445253186626,0.000219499590457,0.00023879755463,0.000174392174813,0.0000996952294372,0.0000717848306522,0.00018627679674,0.000246696086833,0.000206257755053,0.000484736927319,0.000289277522825,0.000237707616179,0.000130216154503,0.0000402875957661,0.0000238792399614,0.00000525345058122,0.00000190556818325,5.2092622127e-7],"dmean2":[0.0000176122921403,0.000547819305211,0.00065133755561,0.000612567819189,0.000962342426647,0.00116669165436,0.00238168123178,0.00165948842186,0.000865793146659,0.00066484400304,0.000342167768395,0.000375484523829,0.000255155056948,0.000155308327521,0.000114114918688,0.000320690800436,0.000324705644744,0.000288510404062,0.000562407192774,0.000351693568518,0.000336383352987,0.000186345539987,0.0000584758017794,0.0000311459480145,0.00000704074636815,0.0000029426726087,8.02362421837e-7],"dvar":[6.69392896668e-9,0.0000106676343421,0.0000246171948675,0.00000429264855484,0.00000552458868697,0.000010747037777,0.0000950365574681,0.0000465647681267,0.0000223449369514,0.0000230197438214,0.00000759834074415,0.0000216481876123,0.00000342850808011,0.00000106335460259,3.01823604332e-7,0.0000355215961463,0.0000326779045281,0.00000271079306913,0.0000634826210444,0.000013688877516,0.00000406762183047,0.00000146727927586,2.47355274041e-7,7.84726026382e-8,1.10615596682e-8,2.48195286545e-9,1.28272337196e-10],"dvar2":[1.4962312278e-8,0.0000290053721983,0.0000604603301326,0.0000103163083622,0.0000138429086292,0.0000243643735303,0.000166710815392,0.000108619315142,0.0000392786532757,0.0000418969029852,0.0000149269926624,0.0000599943232373,0.00000741517669667,0.00000259879061559,7.47256706291e-7,0.0000985661608865,0.0000612053263467,0.0000055048426475,0.0000885739791556,0.0000183086958714,0.00000730544843464,0.0000025094313969,5.29081262357e-7,1.5108928153e-7,2.22573675046e-8,5.2745705581e-9,2.44136627581e-10],"max":[0.00452094897628,0.145480170846,0.18353497982,0.0545314885676,0.0646115615964,0.10826510936,0.387406110764,0.309144496918,0.244006544352,0.27698251605,0.151645317674,0.294940799475,0.0642248317599,0.0473653003573,0.0247583538294,0.361573934555,0.401611149311,0.0645197480917,0.636159002781,0.268201798201,0.118678674102,0.0588628984988,0.033749781549,0.0157522056252,0.00583183951676,0.0026295138523,0.000587439571973],"mean":[0.0000133299590743,0.000340141210472,0.000410781707615,0.000583006883971,0.00108359928709,0.00111486762762,0.00244025792927,0.00137561501469,0.000744787510484,0.000642146798782,0.000278709921986,0.000261855631834,0.000210293597775,0.000105438695755,0.0000863614332047,0.000157498696353,0.000306560308672,0.000297854247037,0.000704012520146,0.00041538127698,0.000331084040226,0.000180028335308,0.0000522558002558,0.000032776457374,0.00000678305059409,0.00000287164084511,0.00000154186170676],"median":[0.00000410493157688,0.0000400413773605,0.0000417375631514,0.0000333854695782,0.0000778144167271,0.0000584529698244,0.0000269968477369,0.000012009870261,0.00000443715407528,0.00000174989611423,0.00000207125594898,0.00000141370992424,8.92399214081e-7,0.0000016889739527,0.00000201600187211,0.00000177482752406,0.0000023095810775,0.00000279752748611,0.00000255255986303,0.00000280262975139,0.00000330346256305,0.00000237571794059,0.00000134236347549,8.87349301593e-7,8.52613084135e-7,0.00000100224178823,0.00000112584427825],"min":[2.38105880631e-25,2.12260243439e-24,1.04633623e-24,1.14421059694e-24,9.33005987444e-24,6.92215031367e-24,7.68033399601e-24,4.79844051579e-24,1.36770494937e-23,1.20390492437e-23,1.26318127386e-23,2.00120411693e-23,1.72456258815e-23,3.09549997396e-23,2.7335929943e-23,4.06499140936e-23,4.90177182804e-23,8.42789329968e-23,1.09005923221e-22,1.31715385904e-22,2.18313582584e-22,2.37712745094e-22,3.37727509396e-22,5.51409531833e-22,8.61912302809e-22,1.14656886033e-21,1.75169833044e-21],"var":[1.13795186607e-8,0.00000957855172601,0.000022665493816,0.00000643499788566,0.0000142395101648,0.0000229704910453,0.000302330852719,0.0000864471949171,0.0000417050614487,0.0000533135098522,0.0000139420581036,0.0000201437433134,0.00000547314311916,0.00000104970558823,4.53352470231e-7,0.0000247669504461,0.0000534151367901,0.00000669498695061,0.000164509692695,0.0000379094490199,0.00000890414412424,0.0000030709843486,3.34906417265e-7,1.46477205476e-7,1.59507731468e-8,2.88494206302e-9,1.75226430588e-10]},"barkbands_crest":{"dmean":3.19331240654,"dmean2":5.27287244797,"dvar":7.30466842651,"dvar2":18.6573581696,"max":26.1908321381,"mean":11.0689048767,"median":10.2310142517,"min":2.78130221367,"var":19.7610206604},"barkbands_flatness_db":{"dmean":0.0267852731049,"dmean2":0.0413442738354,"dvar":0.000549659889657,"dvar2":0.00124159757979,"max":0.413857519627,"mean":0.145495772362,"median":0.135962545872,"min":0.023332407698,"var":0.00390717061237},"barkbands_kurtosis":{"dmean":7.5285282135,"dmean2":11.9469690323,"dvar":151.043060303,"dvar2":387.109466553,"max":223.82321167,"mean":12.0635309219,"median":6.26003456116,"min":-1.90491628647,"var":336.058135986},"barkbands_skewness":{"dmean":0.916508972645,"dmean2":1.386469841,"dvar":0.855758011341,"dvar2":1.85401415825,"max":13.3082962036,"mean":2.14592885971,"median":2.25559687614,"min":-7.45465040207,"var":4.30346727371},"barkbands_spread":{"dmean":8.50524425507,"dmean2":13.6585607529,"dvar":102.681495667,"dvar2":241.542999268,"max":92.7106781006,"mean":22.6046676636,"median":17.6157665253,"min":0.47543361783,"var":329.769073486},"dissonance":{"dmean":0.0227735918015,"dmean2":0.0365815982223,"dvar":0.000723199394997,"dvar2":0.00180145248305,"max":0.500000059605,"mean":0.45483610034,"median":0.475446432829,"min":0.146379888058,"var":0.00272152177058},"dynamic_complexity":11.0594568253,"erbbands":{"dmean":[0.00582175888121,0.0883612558246,0.406953185797,0.862952649593,1.92697131634,2.26315045357,3.40442490578,6.82807636261,20.8991928101,24.8851337433,17.7328243256,13.6792163849,12.3843898773,10.8322057724,9.00763225555,7.91229438782,7.52888774872,5.10550355911,4.51252222061,3.62047600746,13.0492868423,12.31245327,10.7081317902,24.8739089966,18.2713699341,12.2271614075,10.746922493,8.41912555695,5.13674974442,2.34548354149,1.12256622314,0.666879236698,0.28693947196,0.0801320225,0.030845284462,0.0126173077151,0.00285731791519,0.000572366523556,0.0000878330756677,0.0000135679501909],"dmean2":[0.00983841251582,0.152143850923,0.681437015533,1.3443185091,2.8320775032,3.44421315193,5.249376297,10.4801158905,31.212184906,37.4394874573,26.3676662445,19.19323349,18.4832000732,13.6977787018,13.308552742,12.4117584229,10.9933176041,7.89874744415,6.97315168381,5.18487739563,21.8504371643,15.603597641,14.24518013,28.8483600616,22.0967979431,14.5434598923,14.8456745148,11.801156044,7.39775705338,3.36750769615,1.61673355103,0.862502932549,0.370999693871,0.105986848474,0.0403048843145,0.0179973840714,0.00394613947719,0.0008489729953,0.000133720095619,0.0000175706009031],"dvar":[0.0022192990873,0.948908746243,27.6450996399,33.5638160706,62.6830978394,111.316741943,245.943756104,961.936035156,18195.2753906,18433.0292969,13723.1455078,11885.2070313,11969.8085938,13500.0039063,11818.9863281,18437.1484375,7020.10742188,3117.31567383,1618.42321777,1244.28552246,209768.53125,78888.4765625,7439.84472656,199841.453125,58465.734375,20551.9316406,11312.1289063,4926.8125,2643.33789063,533.170776367,197.843078613,53.8167533875,13.7630910873,1.91635763645,0.467618107796,0.108768828213,0.00570762297139,0.000237988162553,0.00000324517714034,2.47650220331e-8],"dvar2":[0.00570454634726,2.56321191788,70.5512542725,89.5814971924,141.630554199,276.74331665,529.615234375,2167.12255859,32749.1054688,39597.9101563,25947.1328125,21114.578125,23059.5644531,23020.1855469,25185.5097656,52802.8828125,15532.4121094,8007.34179688,3945.15893555,2231.73706055,563587.9375,149265.296875,12561.6308594,331949,59344.9023438,24217.8320313,19807.5996094,8691.05175781,4674.08740234,1066.25219727,430.301940918,101.146652222,26.8371219635,3.77770590782,0.971800267696,0.245744854212,0.0128980698064,0.000513023987878,0.00000625666234555,4.4532097121e-8],"max":[2.79937267303,41.3084793091,221.400436401,208.819778442,173.414581299,349.920013428,640.20690918,1292.79052734,6337.140625,4862.80322266,7272.76464844,4677.46679688,5243.06152344,5427.76513672,5292.65527344,8533.82714844,3176.54125977,2900.89233398,1614.46630859,2682.58398438,29363.0917969,20138.3222656,3823.52929688,34238.0664063,18823.203125,11460.7714844,5858.25097656,3878.31835938,2425.21850586,1489.56054688,929.050598145,336.438690186,224.129501343,80.4755401611,40.4662208557,20.2386684418,4.66653776169,0.967435538769,0.0902311354876,0.00936921685934],"mean":[0.00706249615178,0.0895107015967,0.4197935462,1.21653342247,2.8792514801,3.6003344059,5.5025100708,10.7656469345,31.2369880676,35.897518158,23.7375850677,17.7020072937,17.58294487,17.0877838135,12.8890066147,9.41569805145,9.70275115967,6.06398057938,5.37953281403,4.71415710449,12.391409874,15.7298326492,16.4703845978,33.864402771,29.0617694855,18.3305873871,15.3122968674,11.2416296005,7.11707401276,2.94288372993,1.44903206825,0.908796191216,0.38706946373,0.104281440377,0.0389223434031,0.015425466001,0.0045578982681,0.00117521779612,0.00023132552451,0.0000364604966308],"median":[0.00103830080479,0.00997875258327,0.0463536791503,0.106357067823,0.179015472531,0.243082880974,0.438067436218,0.536163747311,0.458353877068,0.43621045351,0.271284997463,0.121993631124,0.073259472847,0.0648369044065,0.0904201865196,0.0566585920751,0.04553527385,0.0727759972215,0.123094826937,0.0975033044815,0.111332580447,0.144487038255,0.15975625813,0.142080366611,0.144962757826,0.133034840226,0.131712526083,0.127672791481,0.0895883068442,0.0592884942889,0.0363853238523,0.0218200050294,0.0137445647269,0.00940391793847,0.00628224853426,0.00383004406467,0.00189799547661,0.000688067055307,0.000160785406479,0.0000182783442142],"min":[4.77582986898e-23,4.35976790371e-22,1.55838151589e-21,5.08652261028e-21,5.50871591805e-21,3.29763338324e-20,3.76765647122e-20,5.63103977477e-20,1.0404509743e-19,1.76716798114e-19,1.681970446e-19,2.51009120102e-19,4.56563631568e-19,4.59666747938e-19,6.59980527386e-19,1.14158575953e-18,1.42938009261e-18,1.90848868687e-18,2.05202995895e-18,2.38781979271e-18,3.08440058066e-18,4.60184066693e-18,4.88488326098e-18,5.75172098005e-18,5.74678602051e-18,6.45587832882e-18,9.08853448386e-18,9.14919660127e-18,7.71046895414e-18,1.09887983071e-17,1.02425904047e-17,9.99080489806e-18,8.37882013574e-18,7.99937419079e-18,6.11700517932e-18,3.80672612441e-18,2.20073263126e-18,8.51635948869e-19,2.33803556566e-19,2.63368297053e-20],"var":[0.00348373572342,0.790866374969,23.5801696777,34.6388015747,114.050445557,220.321212769,599.112060547,2545.22851563,50460.1679688,43783.1640625,26869.1601563,22494.5507813,26809.8574219,32778.0976563,20849.3886719,18201.0585938,11528.6796875,3341.85180664,2141.4309082,2780.18408203,170204.296875,125964.085938,23448.7167969,421732.8125,203498.34375,67696.5625,25383.6992188,9502.65039063,5308.86376953,819.015625,265.503967285,100.388587952,24.2679634094,2.8771071434,0.615373671055,0.115287862718,0.00640314491466,0.000268128496828,0.00000434189905718,4.56581936703e-8]},"erbbands_crest":{"dmean":3.3106148243,"dmean2":5.47373914719,"dvar":10.3770990372,"dvar2":26.1972484589,"max":31.714635849,"mean":10.2525005341,"median":9.12839126587,"min":2.17154693604,"var":33.1239395142},"erbbands_flatness_db":{"dmean":0.0232759173959,"dmean2":0.0335815548897,"dvar":0.000558850530069,"dvar2":0.00106873339973,"max":0.430709838867,"mean":0.149081230164,"median":0.144115447998,"min":0.0324768088758,"var":0.00568741234019},"erbbands_kurtosis":{"dmean":3.14029169083,"dmean2":4.82054328918,"dvar":32.1274108887,"dvar2":70.9284133911,"max":108.963554382,"mean":3.38224291801,"median":0.160917371511,"min":-1.89964687824,"var":73.6924209595},"erbbands_skewness":{"dmean":0.695476174355,"dmean2":1.01971876621,"dvar":0.58143979311,"dvar2":1.12393927574,"max":8.87619686127,"mean":0.566606283188,"median":0.516865253448,"min":-6.73248910904,"var":2.7173101902},"erbbands_spread":{"dmean":12.7460165024,"dmean2":19.8969688416,"dvar":184.053253174,"dvar2":433.548278809,"max":132.463378906,"mean":47.6356086731,"median":42.4397659302,"min":1.00545585155,"var":861.026977539},"gfcc":{"cov":[[41320.0039063,3800.01904297,-5175.02148438,957.498840332,-3050.44335938,-1173.52319336,-1066.8581543,-172.794082642,-439.085266113,26.8520641327,-484.875244141,-150.615188599,-540.518981934],[3800.01904297,1511.80090332,-459.958648682,-622.457702637,-328.920379639,-330.870697021,-211.150543213,-61.4884986877,-23.130607605,9.17473125458,-30.744808197,-46.3781318665,-95.1121368408],[-5175.02148438,-459.958648682,1557.90112305,27.8189430237,467.030090332,262.539916992,3.70347166061,0.44273224473,-15.9702835083,34.3906440735,47.4763679504,46.0155792236,68.107925415],[957.498840332,-622.457702637,27.8189430237,913.927734375,54.5396728516,9.17727088928,40.5875549316,18.3296794891,0.621130466461,-0.197675600648,-22.2049064636,21.4244537354,11.9291133881],[-3050.44335938,-328.920379639,467.030090332,54.5396728516,591.560180664,174.452896118,75.515625,70.5561599731,7.24165344238,-0.95102751255,-2.77836108208,19.25806427,31.8977375031],[-1173.52319336,-330.870697021,262.539916992,9.17727088928,174.452896118,386.670196533,138.173843384,4.19461107254,-9.93732643127,-8.55086898804,11.4082250595,-1.52167201042,22.7250499725],[-1066.8581543,-211.150543213,3.70347166061,40.5875549316,75.515625,138.173843384,261.137145996,72.3887939453,-21.0874843597,-10.1074075699,16.919380188,-5.73765516281,9.92088794708],[-172.794082642,-61.4884986877,0.44273224473,18.3296794891,70.5561599731,4.19461107254,72.3887939453,145.667755127,35.41588974,-7.19565582275,-1.54465150833,-1.4623581171,-6.32049036026],[-439.085266113,-23.130607605,-15.9702835083,0.621130466461,7.24165344238,-9.93732643127,-21.0874843597,35.41588974,144.037628174,36.7013397217,-11.1518392563,-10.8397493362,3.50594687462],[26.8520641327,9.17473125458,34.3906440735,-0.197675600648,-0.95102751255,-8.55086898804,-10.1074075699,-7.19565582275,36.7013397217,95.2983093262,15.382194519,-22.0251312256,2.76072406769],[-484.875244141,-30.744808197,47.4763679504,-22.2049064636,-2.77836108208,11.4082250595,16.919380188,-1.54465150833,-11.1518392563,15.382194519,107.168083191,34.8511657715,1.29281926155],[-150.615188599,-46.3781318665,46.0155792236,21.4244537354,19.25806427,-1.52167201042,-5.73765516281,-1.4623581171,-10.8397493362,-22.0251312256,34.8511657715,95.3690643311,30.1889133453],[-540.518981934,-95.1121368408,68.107925415,11.9291133881,31.8977375031,22.7250499725,9.92088794708,-6.32049036026,3.50594687462,2.76072406769,1.29281926155,30.1889133453,81.2300872803]],"icov":[[0.000485384720378,-0.00117628416047,0.00115495687351,-0.00140857102815,0.00158202950843,-0.00193167070393,0.0023846772965,-0.00237215473317,0.00274209608324,-0.00230078306049,0.00200578616932,-0.00157361826859,0.00104709714651],[-0.00117628416047,0.00434440281242,-0.00262807752006,0.00438250880688,-0.00357950152829,0.00544158322737,-0.00527064502239,0.00577724026516,-0.00617410941049,0.00514911254868,-0.00430164672434,0.00361866946332,-0.00138882535975],[0.00115495687351,-0.00262807752006,0.00373277068138,-0.00324776722118,0.00314211333171,-0.00501321116462,0.00622142571956,-0.00566326174885,0.00684038223699,-0.00593469990417,0.00449715973809,-0.00388627522625,0.00220261630602],[-0.00140857102815,0.00438250880688,-0.00324776722118,0.00584644451737,-0.00450225919485,0.00617535971105,-0.00683294376358,0.00690324790776,-0.00763383647427,0.00619404949248,-0.00500698760152,0.00396424951032,-0.00223951553926],[0.00158202950843,-0.00357950152829,0.00314211333171,-0.00450225919485,0.00779790664092,-0.00686859665439,0.00781223690137,-0.00896606594324,0.00911174993962,-0.00767628708854,0.00718464376405,-0.0055309003219,0.00337901501916],[-0.00193167070393,0.00544158322737,-0.00501321116462,0.00617535971105,-0.00686859665439,0.0121852634475,-0.0116396918893,0.0110603990033,-0.0113352891058,0.00977611914277,-0.00788609776646,0.00674447230995,-0.00383930723183],[0.0023846772965,-0.00527064502239,0.00622142571956,-0.00683294376358,0.00781223690137,-0.0116396918893,0.0183093789965,-0.0152077684179,0.0154037382454,-0.011626499705,0.00883258879185,-0.00669124629349,0.00432934472337],[-0.00237215473317,0.00577724026516,-0.00566326174885,0.00690324790776,-0.00896606594324,0.0110603990033,-0.0152077684179,0.0217410773039,-0.0167321301997,0.0129693802446,-0.00982664432377,0.00749227544293,-0.00365665229037],[0.00274209608324,-0.00617410941049,0.00684038223699,-0.00763383647427,0.00911174993962,-0.0113352891058,0.0154037382454,-0.0167321301997,0.0247439611703,-0.0170721225441,0.0127220312133,-0.00913396012038,0.00551713258028],[-0.00230078306049,0.00514911254868,-0.00593469990417,0.00619404949248,-0.00767628708854,0.00977611914277,-0.011626499705,0.0129693802446,-0.0170721225441,0.0252736900002,-0.013686446473,0.0127032194287,-0.0071312719956],[0.00200578616932,-0.00430164672434,0.00449715973809,-0.00500698760152,0.00718464376405,-0.00788609776646,0.00883258879185,-0.00982664432377,0.0127220312133,-0.013686446473,0.0210041031241,-0.0128233246505,0.00716378213838],[-0.00157361826859,0.00361866946332,-0.00388627522625,0.00396424951032,-0.0055309003219,0.00674447230995,-0.00669124629349,0.00749227544293,-0.00913396012038,0.0127032194287,-0.0128233246505,0.0213102139533,-0.00962578319013],[0.00104709714651,-0.00138882535975,0.00220261630602,-0.00223951553926,0.00337901501916,-0.00383930723183,0.00432934472337,-0.00365665229037,0.00551713258028,-0.0071312719956,0.00716378213838,-0.00962578319013,0.0185357350856]],"mean":[-184.067276001,62.5245018005,-74.8587722778,32.6125335693,-55.0279808044,-15.0762481689,-30.6119670868,-2.24284863472,-16.1977767944,2.8093893528,-15.1570110321,-0.755384922028,-12.5098981857]},"hfc":{"dmean":7.53156328201,"dmean2":8.64728546143,"dvar":4677.44140625,"dvar2":6258.54199219,"max":4198.11181641,"mean":14.2974328995,"median":0.675332307816,"min":1.0891910642e-16,"var":14545.7460938},"melbands":{"dmean":[0.0000680773591739,0.000180015340447,0.0001863577927,0.000146618287545,0.000110913882963,0.00016401403991,0.000313347351039,0.000276191771263,0.000133864406962,0.0000853722012835,0.0000657475320622,0.000048732610594,0.0000297315236821,0.0000317958911182,0.0000138170235005,0.0000179952894541,0.00000913408257475,0.00000802682643553,0.000005006684205,0.00000530023316969,0.0000192928455363,0.0000139571720865,0.0000104491755337,0.0000105046929093,0.0000226411029871,0.000014593686501,0.0000133887770062,0.00000685201848682,0.00000747472768126,0.00000630784188616,0.0000046646091505,0.00000328739838551,0.00000210014900404,0.0000010405701687,7.04126648543e-7,4.81196707369e-7,3.7888835891e-7,2.35359507883e-7,1.07462874155e-7,5.27811856443e-8],"dmean2":[0.000115623435704,0.000302232219838,0.000278515362879,0.000221909474931,0.000171717547346,0.000250870216405,0.000469443039037,0.000413790781749,0.000201856601052,0.000118477961223,0.000100101104181,0.0000645944382995,0.0000457007772638,0.0000513603117724,0.0000204238367587,0.0000266019105766,0.0000146563088492,0.0000124789712572,0.0000079155088315,0.00000801358419267,0.0000325221481035,0.0000189522088476,0.0000145202420754,0.0000148012795762,0.0000271362569038,0.0000168798087543,0.0000182617077371,0.00000984912185231,0.00000996763719741,0.00000903948330233,0.00000679301683704,0.00000482216137243,0.00000310565997097,0.00000151331380494,0.00000104710375126,6.34806781363e-7,5.01752481341e-7,3.06598934685e-7,1.49021744278e-7,6.80183731561e-8],"dvar":[3.5336697124e-7,0.00000488857949676,0.00000100927604763,3.20182977021e-7,2.26904504075e-7,5.69816904772e-7,0.00000393560458178,0.00000232003753808,7.16701890724e-7,5.17044838944e-7,3.70704896113e-7,3.19184522368e-7,1.37756458685e-7,4.77802984733e-7,1.91285352003e-8,4.52921504746e-8,1.16858229759e-8,6.40888542236e-9,1.41848910395e-9,5.26808552337e-9,5.02140721892e-7,1.30315413571e-7,1.10834692535e-8,7.8233233225e-9,1.91359589508e-7,3.67072203744e-8,4.79986006496e-8,5.47195000422e-9,7.12346848175e-9,3.19254311876e-9,1.60683377715e-9,1.18561260809e-9,4.13327816418e-10,1.14099112103e-10,8.3838463949e-11,2.20196187672e-11,1.90321473859e-11,1.13666185839e-11,2.7501254312e-12,1.08760591679e-12],"dvar2":[9.34123988827e-7,0.000012454283933,0.00000251020992437,7.83894392953e-7,4.95067581596e-7,0.00000121260268315,0.00000716678732715,0.00000530948136657,0.00000133796356749,8.42723864025e-7,7.16813531199e-7,5.50979279978e-7,2.64890587687e-7,0.00000136934318107,4.07557578797e-8,1.04311794757e-7,2.96865181326e-8,1.57607225049e-8,3.31546790022e-9,1.18624008394e-8,0.00000134537083341,2.37132539382e-7,2.17330491381e-8,1.59400883604e-8,3.36566785109e-7,3.83544396243e-8,6.22825737651e-8,1.00659356406e-8,1.38421265561e-8,6.079611925e-9,2.9165594384e-9,1.95109595147e-9,9.241367116e-10,2.27302246469e-10,1.88086352049e-10,3.80936740485e-11,3.65660626778e-11,2.34302664076e-11,5.80713385365e-12,2.14927511552e-12],"max":[0.0261817872524,0.0881364643574,0.030656196177,0.0165452212095,0.0194995775819,0.033913102001,0.0811407640576,0.0494935885072,0.0488523356616,0.0373882986605,0.0302746109664,0.0288137365133,0.0196639820933,0.0426196418703,0.00668012723327,0.00797827728093,0.00576460082084,0.00353539804928,0.00171392923221,0.00520274695009,0.04538256675,0.0256256535649,0.00538006331772,0.00436182692647,0.0328352190554,0.0153083121404,0.0163271967322,0.00463381921872,0.00492758722976,0.00364800915122,0.0016257049283,0.00186899746768,0.00115599005949,0.000706740596797,0.000599018647335,0.000246310897637,0.000200561975362,0.000222853632295,0.0000948792658164,0.0000671675297781],"mean":[0.0000793937870185,0.000186847624718,0.000271078577498,0.00023376585159,0.000186956080142,0.000252559926594,0.000485475873575,0.000385229272069,0.00017439131625,0.000107135419967,0.0000902133979253,0.0000749938335503,0.0000417030678364,0.0000342942585121,0.0000179606449819,0.0000214552092075,0.0000095562372735,0.00000896733490663,0.00000629896339888,0.00000614750160821,0.0000176985849976,0.000017265065253,0.0000141133969009,0.000014967732568,0.0000294372675853,0.0000238991560764,0.0000182199983101,0.0000102322792372,0.00000998406994768,0.00000833167177916,0.00000588109332966,0.000004438103133,0.00000253839948527,0.00000124791381495,8.64867956807e-7,6.46008743388e-7,5.03314822708e-7,3.08207631861e-7,1.37442995651e-7,6.82661962514e-8],"median":[0.0000104540322354,0.0000209544195968,0.0000219370631385,0.000014552149878,0.0000144092300616,0.0000109974662337,0.00000654872201267,0.00000407102834288,0.00000168139774814,6.08006644143e-7,3.30063414822e-7,2.38029343791e-7,3.06170591102e-7,1.8465817675e-7,1.06587194182e-7,8.79344668192e-8,1.28039147285e-7,1.95360087218e-7,1.35188415129e-7,1.1672928224e-7,1.15928514788e-7,1.33497650268e-7,1.33170061645e-7,1.25669231466e-7,1.01459150414e-7,9.68084350461e-8,9.80002141659e-8,7.83838132179e-8,7.15222370218e-8,7.50954143314e-8,6.90283741278e-8,4.98680243766e-8,3.75534767727e-8,2.80581442524e-8,2.06446593154e-8,1.56774042637e-8,1.19299237156e-8,9.64938351444e-9,8.51388559653e-9,7.72199815202e-9],"min":[5.52672696147e-25,8.25590022449e-25,1.5683710477e-24,8.51198961927e-25,1.59760721893e-24,1.33124774263e-24,1.42899786398e-24,1.96495706274e-24,1.58907302583e-24,1.38168159246e-24,1.86377441037e-24,1.6455833726e-24,1.75673111313e-24,2.28869571748e-24,2.20477314451e-24,1.80564798343e-24,2.40223508706e-24,2.82363984946e-24,1.85194445502e-24,1.81009321463e-24,3.06190581955e-24,3.16059054386e-24,4.36029454726e-24,3.63797366496e-24,3.24179647709e-24,4.01847796158e-24,4.08495211462e-24,3.60627526164e-24,4.49767664605e-24,4.5747704446e-24,4.23538512823e-24,2.56296825751e-24,4.06603010252e-24,5.34390193858e-24,4.84869371647e-24,5.10259175425e-24,5.39696624509e-24,4.82491784321e-24,6.10309378515e-24,6.02270215359e-24],"var":[4.14762638457e-7,0.0000042967144509,0.00000131451383822,7.02052375345e-7,6.14954160483e-7,0.00000159290289048,0.0000117386744023,0.00000490257389174,0.00000136693859076,0.0000010009118796,8.07082187748e-7,7.15498799764e-7,2.70597695362e-7,3.96445358319e-7,3.13755990078e-8,6.99233169144e-8,1.04552784208e-8,7.60744978123e-9,2.53632892466e-9,7.6659310011e-9,4.06336368997e-7,2.08990684314e-7,2.54449368242e-8,1.89025879394e-8,3.67034374449e-7,1.36422755759e-7,1.16014952312e-7,1.58355568658e-8,1.37079965157e-8,6.25468299376e-9,2.70349387321e-9,2.4457165182e-9,5.89497506365e-10,1.68624988972e-10,1.05775298243e-10,4.46064574167e-11,3.39213934719e-11,1.82811231431e-11,3.91933230662e-12,1.60339948783e-12]},"melbands_crest":{"dmean":3.957665205,"dmean2":6.54938364029,"dvar":10.9836206436,"dvar2":29.8486213684,"max":33.5799446106,"mean":14.7421121597,"median":14.3749198914,"min":1.52346587181,"var":31.546459198},"melbands_flatness_db":{"dmean":0.0324004068971,"dmean2":0.0495978929102,"dvar":0.000891572155524,"dvar2":0.00196125800721,"max":0.491177707911,"mean":0.221600741148,"median":0.222686618567,"min":0.00264898198657,"var":0.00692021520808},"melbands_kurtosis":{"dmean":15.0574932098,"dmean2":24.737285614,"dvar":527.820983887,"dvar2":1434.3236084,"max":499.304840088,"mean":28.0825786591,"median":18.9618988037,"min":-1.94810080528,"var":1224.53820801},"melbands_skewness":{"dmean":1.13663303852,"dmean2":1.78116703033,"dvar":1.24532532692,"dvar2":2.97663283348,"max":15.9200296402,"mean":3.47644805908,"median":3.33212661743,"min":-5.54741001129,"var":5.78348350525},"melbands_spread":{"dmean":11.4778642654,"dmean2":17.9718151093,"dvar":437.22555542,"dvar2":908.769470215,"max":250.521194458,"mean":26.8980121613,"median":11.6904306412,"min":0.506754457951,"var":1475.60656738},"mfcc":{"cov":[[12446.4980469,1908.71411133,-1492.64709473,417.74005127,-1384.45349121,-547.464233398,-665.327514648,-206.948608398,-239.299926758,-113.552322388,76.1263198853,84.6295547485,-97.8558120728],[1908.71411133,2150.97827148,-61.5377349854,-393.252319336,-136.462402344,-310.210235596,-208.309036255,-206.196060181,-107.951438904,-85.9664382935,19.7286720276,-31.3098640442,6.09187412262],[-1492.64709473,-61.5377349854,891.196289063,107.748252869,215.384979248,139.345565796,54.2184906006,-22.8547954559,-15.4457178116,-1.3264977932,-39.8247871399,27.8888282776,-7.1665725708],[417.74005127,-393.252319336,107.748252869,715.694824219,119.191795349,18.4935131073,-3.62175822258,21.6497001648,31.2370929718,-18.1414012909,1.95770859718,26.656955719,-14.489818573],[-1384.45349121,-136.462402344,215.384979248,119.191795349,459.786682129,126.517997742,52.2615776062,35.5744438171,46.2496986389,22.6864185333,-15.5423974991,-3.80362224579,4.01912593842],[-547.464233398,-310.210235596,139.345565796,18.4935131073,126.517997742,282.83026123,122.912376404,44.9995803833,40.6182479858,34.0169219971,-9.06436061859,-7.61122274399,-12.3218460083],[-665.327514648,-208.309036255,54.2184906006,-3.62175822258,52.2615776062,122.912376404,299.214569092,107.535354614,19.6296634674,34.2155761719,9.28085231781,-17.9652442932,-3.17424869537],[-206.948608398,-206.196060181,-22.8547954559,21.6497001648,35.5744438171,44.9995803833,107.535354614,193.298217773,45.590637207,-0.280306398869,16.3383655548,-1.42396557331,8.91950798035],[-239.299926758,-107.951438904,-15.4457178116,31.2370929718,46.2496986389,40.6182479858,19.6296634674,45.590637207,157.536407471,54.1960868835,-8.36100769043,10.5053949356,6.55771970749],[-113.552322388,-85.9664382935,-1.3264977932,-18.1414012909,22.6864185333,34.0169219971,34.2155761719,-0.280306398869,54.1960868835,125.039764404,36.9558525085,-0.392078906298,-5.8416261673],[76.1263198853,19.7286720276,-39.8247871399,1.95770859718,-15.5423974991,-9.06436061859,9.28085231781,16.3383655548,-8.36100769043,36.9558525085,117.113739014,16.4337024689,-24.2392864227],[84.6295547485,-31.3098640442,27.8888282776,26.656955719,-3.80362224579,-7.61122274399,-17.9652442932,-1.42396557331,10.5053949356,-0.392078906298,16.4337024689,97.7904052734,13.9734592438],[-97.8558120728,6.09187412262,-7.1665725708,-14.489818573,4.01912593842,-12.3218460083,-3.17424869537,8.91950798035,6.55771970749,-5.8416261673,-24.2392864227,13.9734592438,98.5392913818]],"icov":[[0.000345703738276,-0.000447205879027,0.000492017890792,-0.000667211832479,0.000977278803475,-0.000636959739495,0.000658907927573,-0.000598584651016,0.000659690762404,-0.000707274011802,0.000565913273022,-0.000524902017787,0.000392334593926],[-0.000447205879027,0.00129389378708,-0.00073465029709,0.0012627717806,-0.0013759318972,0.00152377760969,-0.000860074826051,0.00143392966129,-0.00103992212098,0.00151624402497,-0.00120811164379,0.000998572213575,-0.000582368578762],[0.000492017890792,-0.00073465029709,0.00212381733581,-0.0011216851417,0.000869664421771,-0.00148111383896,0.000790185236838,-0.000637198216282,0.00142656383105,-0.0011716322042,0.00139972462784,-0.00140909990296,0.000765736796893],[-0.000667211832479,0.0012627717806,-0.0011216851417,0.00303503312171,-0.00231463718228,0.00173284031916,-0.00123018037993,0.00143939408008,-0.00175125047099,0.00216524419375,-0.00151218287647,0.000833621888887,-0.000480050046463],[0.000977278803475,-0.0013759318972,0.000869664421771,-0.00231463718228,0.00562224211171,-0.0028214158956,0.00201410683803,-0.00209554401226,0.00144533673301,-0.00230239587836,0.00174860132392,-0.00113884557504,0.000809847668279],[-0.000636959739495,0.00152377760969,-0.00148111383896,0.00173284031916,-0.0028214158956,0.00701972842216,-0.0029766166117,0.00170898775104,-0.00211184774525,0.00132992176805,-0.000971208442934,0.00130522658583,-0.0000419849820901],[0.000658907927573,-0.000860074826051,0.000790185236838,-0.00123018037993,0.00201410683803,-0.0029766166117,0.00646198447794,-0.00395025778562,0.00229315343313,-0.00285518844612,0.00135243067052,-0.00035246583866,0.000756241788622],[-0.000598584651016,0.00143392966129,-0.000637198216282,0.00143939408008,-0.00209554401226,0.00170898775104,-0.00395025778562,0.00934952683747,-0.00402261922136,0.00435162615031,-0.0034605038818,0.00150695396587,-0.00173139199615],[0.000659690762404,-0.00103992212098,0.00142656383105,-0.00175125047099,0.00144533673301,-0.00211184774525,0.00229315343313,-0.00402261922136,0.0106939356774,-0.00646864064038,0.0040276683867,-0.00256468751468,0.000939889519941],[-0.000707274011802,0.00151624402497,-0.0011716322042,0.00216524419375,-0.00230239587836,0.00132992176805,-0.00285518844612,0.00435162615031,-0.00646864064038,0.0141781009734,-0.00638606538996,0.00242383242585,-0.00143219274469],[0.000565913273022,-0.00120811164379,0.00139972462784,-0.00151218287647,0.00174860132392,-0.000971208442934,0.00135243067052,-0.0034605038818,0.0040276683867,-0.00638606538996,0.0130370305851,-0.00386352930218,0.00378833059222],[-0.000524902017787,0.000998572213575,-0.00140909990296,0.000833621888887,-0.00113884557504,0.00130522658583,-0.00035246583866,0.00150695396587,-0.00256468751468,0.00242383242585,-0.00386352930218,0.0125401038677,-0.00291525945067],[0.000392334593926,-0.000582368578762,0.000765736796893,-0.000480050046463,0.000809847668279,-0.0000419849820901,0.000756241788622,-0.00173139199615,0.000939889519941,-0.00143219274469,0.00378833059222,-0.00291525945067,0.0118995793164]],"mean":[-819.808227539,103.623306274,23.1878681183,42.8993110657,-4.05912590027,-0.679678678513,-10.0934829712,-5.04280567169,-2.8564286232,-2.1614587307,0.0613121688366,0.152602881193,-2.03567695618]},"pitch_salience":{"dmean":0.0922402068973,"dmean2":0.15384607017,"dvar":0.00659529911354,"dvar2":0.0177156608552,"max":0.948040962219,"mean":0.613104462624,"median":0.631285250187,"min":0.075004465878,"var":0.0170482099056},"silence_rate_20dB":{"dmean":0.00246262084693,"dmean2":0.00492610828951,"dvar":0.00245625781827,"dvar2":0.00525419181213,"max":1,"mean":0.995075643063,"median":1,"min":0,"var":0.00490062590688},"silence_rate_30dB":{"dmean":0.010202286765,"dmean2":0.0204081628472,"dvar":0.0100978622213,"dvar2":0.0231596790254,"max":1,"mean":0.978016197681,"median":1,"min":0,"var":0.0214982256293},"silence_rate_60dB":{"dmean":0.0664907619357,"dmean2":0.133004918694,"dvar":0.0620716251433,"dvar2":0.128691419959,"max":1,"mean":0.643334507942,"median":1,"min":0,"var":0.229444593191},"spectral_centroid":{"dmean":382.762237549,"dmean2":581.390686035,"dvar":276466.90625,"dvar2":518458.6875,"max":11742.6982422,"mean":1728.66845703,"median":1064.93530273,"min":149.457336426,"var":4248886},"spectral_complexity":{"dmean":1.72348284721,"dmean2":2.47712874413,"dvar":7.66269254684,"dvar2":12.7754621506,"max":61,"mean":5.20524072647,"median":3,"min":0,"var":52.6447982788},"spectral_contrast_coeffs":{"dmean":[0.05131258443,0.0512827262282,0.0346670337021,0.0280086062849,0.0231055822223,0.0224470682442],"dmean2":[0.0830828249454,0.0810454115272,0.0549165382981,0.0437383912504,0.0338937677443,0.0316302031279],"dvar":[0.00179202319123,0.0019999765791,0.000997862196527,0.000686381477863,0.000563095090911,0.00066732428968],"dvar2":[0.00440730992705,0.0045185550116,0.0021584185306,0.0014976215316,0.00106562615838,0.00117341743317],"max":[-0.287356823683,-0.249500378966,-0.363045573235,-0.511351585388,-0.398553371429,-0.465974777937],"mean":[-0.683124244213,-0.747487425804,-0.832079946995,-0.836950063705,-0.831037282944,-0.777003407478],"median":[-0.697882771492,-0.770414948463,-0.854433178902,-0.851849794388,-0.850276231766,-0.800025582314],"min":[-0.98397809267,-0.982517659664,-0.983247876167,-0.970648169518,-0.967667996883,-0.966522395611],"var":[0.0132774114609,0.0154630932957,0.00654309196398,0.00428566616029,0.00459948927164,0.00669721979648]},"spectral_contrast_valleys":{"dmean":[0.42425006628,0.424547225237,0.354676127434,0.308181285858,0.273733317852,0.155374974012],"dmean2":[0.722352087498,0.671519339085,0.543849945068,0.457385212183,0.391571581364,0.225403383374],"dvar":[0.164606690407,0.193519279361,0.157258838415,0.135006442666,0.147433638573,0.0913856178522],"dvar2":[0.369565039873,0.372640550137,0.270927786827,0.225540369749,0.234062954783,0.133824646473],"max":[-5.24819421768,-4.62785053253,-4.18657016754,-4.77062940598,-3.75587558746,-6.91250228882],"mean":[-9.35192203522,-8.73903656006,-9.79479312897,-10.1191577911,-9.53252220154,-11.9056634903],"median":[-8.76741790771,-8.25181007385,-9.39639472961,-9.70933055878,-9.1548538208,-11.5533618927],"min":[-28.542842865,-28.3700466156,-27.9253749847,-27.7085094452,-27.5450992584,-27.4264831543],"var":[12.5583133698,13.9760971069,12.5179100037,11.8778047562,12.7394351959,9.2060546875]},"spectral_decrease":{"dmean":1.30211452731e-9,"dmean2":1.73180558782e-9,"dvar":3.11583087968e-17,"dvar2":4.82204640303e-17,"max":2.27770357066e-15,"mean":-2.88362023149e-9,"median":-2.58218391114e-10,"min":-2.84773818748e-7,"var":1.38370044949e-16},"spectral_energy":{"dmean":0.0055462308228,"dmean2":0.00719034532085,"dvar":0.000683290301822,"dvar2":0.000998701667413,"max":1.45558476448,"mean":0.0121802408248,"median":0.00108612177428,"min":9.94167052477e-21,"var":0.00289188604802},"spectral_energyband_high":{"dmean":0.00048304561642,"dmean2":0.000647805863991,"dvar":0.0000179995386134,"dvar2":0.0000255614195339,"max":0.27366605401,"mean":0.00076843140414,"median":0.0000145057438203,"min":6.94758932344e-21,"var":0.0000483048097522},"spectral_energyband_low":{"dmean":0.00076426169835,"dmean2":0.0012863939628,"dvar":0.0000594313933107,"dvar2":0.000146698803292,"max":0.272151529789,"mean":0.000983557896689,"median":0.000128435262013,"min":9.90923208472e-24,"var":0.000060286194639},"spectral_energyband_middle_high":{"dmean":0.00179693161044,"dmean2":0.0021240497008,"dvar":0.000355328607839,"dvar2":0.000547768431716,"max":1.113322258,"mean":0.00325020262972,"median":0.0000463447504444,"min":1.15105292242e-21,"var":0.00118282146286},"spectral_energyband_middle_low":{"dmean":0.00364018906839,"dmean2":0.00516624376178,"dvar":0.000166215191712,"dvar2":0.000320986728184,"max":0.397193521261,"mean":0.00747333932668,"median":0.000413076864788,"min":1.29224036947e-22,"var":0.000656107731629},"spectral_entropy":{"dmean":0.199884563684,"dmean2":0.291646152735,"dvar":0.0422588214278,"dvar2":0.0792889893055,"max":9.82727622986,"mean":7.5661149025,"median":7.61620187759,"min":4.45912504196,"var":0.581608593464},"spectral_flux":{"dmean":0.01408022549,"dmean2":0.0214700829238,"dvar":0.000796362175606,"dvar2":0.00172634550836,"max":0.903890728951,"mean":0.0414842143655,"median":0.0213782545179,"min":6.23638848896e-11,"var":0.00398758519441},"spectral_kurtosis":{"dmean":1.36916875839,"dmean2":2.13543748856,"dvar":3.26502990723,"dvar2":8.39784812927,"max":36.374786377,"mean":4.68858909607,"median":3.59092569351,"min":-1.26883399487,"var":14.4655771255},"spectral_rms":{"dmean":0.000512515369337,"dmean2":0.000675594026688,"dvar":9.17026227398e-7,"dvar2":0.00000136562312036,"max":0.0376839824021,"mean":0.00199830299243,"median":0.00102938350756,"min":3.11435230903e-12,"var":0.00000788997476775},"spectral_rolloff":{"dmean":659.767944336,"dmean2":1138.82067871,"dvar":1335741.375,"dvar2":2909165.5,"max":21963.8671875,"mean":2085.17822266,"median":559.86328125,"min":64.599609375,"var":13665424},"spectral_skewness":{"dmean":0.244819253683,"dmean2":0.352861970663,"dvar":0.0736694708467,"dvar2":0.145476713777,"max":5.08815479279,"mean":1.45303571224,"median":1.39657318592,"min":-0.562455296516,"var":0.554910361767},"spectral_spread":{"dmean":593239.6875,"dmean2":860615.4375,"dvar":894183931904,"dvar2":1817734938620,"max":51174136,"mean":6591976,"median":5231951.5,"min":1176710.625,"var":46849431961600},"spectral_strongpeak":{"dmean":0.352454066277,"dmean2":0.531247019768,"dvar":1.52183115482,"dvar2":2.61847162247,"max":75.2674560547,"mean":0.627048492432,"median":0.130961194634,"min":0,"var":3.35822463036},"zerocrossingrate":{"dmean":0.0150273814797,"dmean2":0.0179177913815,"dvar":0.000315950572258,"dvar2":0.000432761094999,"max":0.52978515625,"mean":0.0908367112279,"median":0.06591796875,"min":0.00634765625,"var":0.00856125634164}},"metadata":{"audio_properties":{"analysis_sample_rate":44100,"bit_rate":0,"codec":"flac","downmix":"mix","equal_loudness":0,"length":132,"lossless":true,"md5_encoded":"08ba1d5b53d5d651dfdfcdd7ec2820df","replay_gain":5.79388999939,"sample_rate":44100},"tags":{"acoustid_id":["e9aee6ff-da6f-4871-86a8-0c91ba2bab70"],"album":["Bookends"],"albumartist":["Simon & Garfunkel"],"albumartistsort":["Simon & Garfunkel"],"artist":["Simon & Garfunkel"],"artistsort":["Simon & Garfunkel"],"asin":["B00005ML9E"],"barcode":["5099749508323"],"catalognumber":["495083 2"],"date":["2001-08-20"],"discnumber":["1"],"disctotal":["1"],"file_name":"05 Voices of Old People.flac","genre":["Folk Rock"],"grouping":["Folk"],"isrc":["USSM16801385"],"label":["Legacy"],"language":["eng"],"media":["CD"],"mood":["Mellow; Melancholy; Calm; Happy"],"musicbrainz_albumartistid":["5d02f264-e225-41ff-83f7-d9b1f0b1874a"],"musicbrainz_albumid":["0455cc23-9081-3ef1-b047-d2cd1cc797dd"],"musicbrainz_artistid":["5d02f264-e225-41ff-83f7-d9b1f0b1874a"],"musicbrainz_recordingid":["8c87cbd9-8154-4d66-9aac-a5effe719f2a"],"musicbrainz_releasegroupid":["f4a26672-dcd8-342d-ad09-2b612d91c9fb"],"musicbrainz_releasetrackid":["e7947e9a-290a-354b-a257-6dd72d029f15"],"originaldate":["1968-04-03"],"originalyear":["1968"],"producer":["Bob Johnston","Paul Simon","Roy Halee","Art Garfunkel"],"releasecountry":["GB"],"releasestatus":["official"],"releasetype":["album"],"script":["Latn"],"title":["Voices of Old People"],"totaldiscs":["1"],"totaltracks":["14"],"tracknumber":["5"],"tracktotal":["14"]},"version":{"essentia":"2.1-beta2","essentia_build_sha":"2d9f1f26377add8aeb1075a9c2973f962c4f09fd","essentia_git_sha":"v2.1_beta2-1-ge3940c0","extractor":"music 1.0"}},"rhythm":{"beats_count":248,"beats_loudness":{"dmean":0.0323786772788,"dmean2":0.0622356049716,"dvar":0.0185195915401,"dvar2":0.0559130571783,"max":1.30257129669,"mean":0.022313721478,"median":0.