{"lowlevel":{"average_loudness":0.909451365471,"barkbands":{"dmean":[0.000216359971091,0.00463931402192,0.00293415039778,0.00132715934888,0.00162244774401,0.0010973259341,0.000692471861839,0.000405904487707,0.000533901795279,0.000390904722735,0.000310505012749,0.000451265048468,0.000433913461166,0.000562937115319,0.00033088537748,0.000234042279772,0.000155774367158,0.000136231450597,0.000132114262669,0.00011424778495,0.000171801075339,0.000147991260746,0.0000854863465065,0.0000671568705002,0.0000629781206953,0.0000174912747752,0.00000846594230097],"dmean2":[0.000354048592271,0.00767973437905,0.00480994302779,0.00224203849211,0.00254757748917,0.00171789340675,0.00108472269494,0.00061171874404,0.000787038763519,0.00059390271781,0.000471957202535,0.000670356152114,0.000676321855281,0.000879126077052,0.000519018096384,0.000384688260965,0.000249789300142,0.000215436331928,0.000207436096389,0.000180665578227,0.000258540065261,0.000215939347981,0.00012380447879,0.000101758239907,0.00009562743071,0.0000254729184235,0.0000132261593535],"dvar":[3.49044029235e-7,0.000160188865266,0.0000478059155284,0.00000865409947437,0.0000103132879303,0.00000957617521635,0.00000543491114513,0.00000191613344214,0.000002058548489,0.00000127273074213,5.35524122824e-7,0.00000142875489928,0.00000100302008832,0.00000117599438454,4.01744301826e-7,2.48611968345e-7,1.40407777849e-7,2.0679243562e-7,1.31687443172e-7,8.16034457785e-8,4.23273007755e-7,3.41487520927e-7,6.88287045136e-8,5.79338639284e-8,5.52774075402e-8,1.58164958908e-9,6.8591055058e-10],"dvar2":[8.93025799087e-7,0.000426180835348,0.000127878156491,0.0000241880879912,0.0000272137694992,0.0000230256591749,0.0000128423471324,0.00000358126249012,0.00000440646408606,0.00000287502257379,0.00000116436399367,0.00000335825075126,0.00000244248417403,0.00000294057349493,9.80306708698e-7,6.68278232752e-7,3.45325844364e-7,5.40023847861e-7,2.95931783967e-7,1.83868692716e-7,9.8310397334e-7,6.70091594657e-7,1.2139015837e-7,1.39601212368e-7,1.36563542696e-7,3.38356254126e-9,1.67177327537e-9],"max":[0.0108011784032,0.167965888977,0.113270707428,0.0693843439221,0.0702311918139,0.0629256144166,0.0740349665284,0.0495608001947,0.0418558344245,0.027549482882,0.0247792769223,0.0378643535078,0.0261966250837,0.016378948465,0.0105249825865,0.0131733622402,0.0088700177148,0.0204469524324,0.0158405993134,0.00715395156294,0.0132581088692,0.0159408934414,0.00771851046011,0.00392743060365,0.00378916761838,0.00100346235558,0.000335876073223],"mean":[0.000336510478519,0.0127705866471,0.00632531149313,0.00246308534406,0.00448122015223,0.00198060786352,0.00129299482796,0.000756435736548,0.00117038388271,0.000774333486333,0.000604155356996,0.000766423647292,0.000702700112015,0.000885055575054,0.000553958641831,0.000372810231056,0.000266330171144,0.000202810435439,0.000210343569051,0.000167656617123,0.000209772581002,0.000227421056479,0.000132354631205,0.0000852657904034,0.0000761747796787,0.0000249634194915,0.00000857393661136],"median":[0.000101903984614,0.0111913084984,0.00365416426212,0.00105384248309,0.00309628387913,0.000631014816463,0.000443493656348,0.000193305430003,0.000435324502178,0.000193590094568,0.000290251860861,0.000296672049444,0.000303989334498,0.000445274636149,0.000256881525274,0.000165694131283,0.0000952729387791,0.0000727742153686,0.0000708358202246,0.0000444629404228,0.0000318328966387,0.0000191179133253,0.0000189915299416,0.0000118067437143,0.00000693557740306,0.00000255943155025,5.95656274527e-7],"min":[2.44692366291e-24,4.28885412039e-24,4.48158743346e-24,1.30984042425e-23,3.27609137664e-23,1.77766728434e-23,7.76225720102e-24,6.6950325259e-24,4.36498700746e-23,3.76258883887e-23,2.96414043375e-23,7.61820520438e-23,3.33770109779e-23,2.84649602923e-23,7.63582015285e-23,1.27502856048e-22,1.05859706118e-22,1.12946605298e-22,1.42714189515e-22,2.57182816733e-22,4.01297934863e-22,4.28337183686e-22,4.64157779671e-22,7.35152276055e-22,9.70040116558e-22,1.35085854075e-21,2.095951272e-21],"var":[3.79180704613e-7,0.000220979869482,0.0000683503894834,0.0000133644443849,0.0000248445012403,0.0000178601967491,0.00000987534713204,0.00000631588318356,0.00000518416345585,0.00000330074703925,0.00000160236641022,0.00000250619723374,0.00000175698642124,0.00000176566697974,7.50844094455e-7,3.46712198507e-7,2.61730207285e-7,2.14152578337e-7,2.5397505965e-7,1.4845399221e-7,5.28015789314e-7,9.86834379546e-7,1.93870960175e-7,6.92083332865e-8,6.22524396476e-8,3.70589781085e-9,6.55023701945e-10]},"barkbands_crest":{"dmean":1.7633035183,"dmean2":2.75496077538,"dvar":4.07371664047,"dvar2":10.5315723419,"max":26.2072906494,"mean":11.5784826279,"median":10.7992801666,"min":2.4005048275,"var":20.5573253632},"barkbands_flatness_db":{"dmean":0.0209904685616,"dmean2":0.0300098601729,"dvar":0.000597683421802,"dvar2":0.00113588012755,"max":0.448295205832,"mean":0.178453296423,"median":0.166140645742,"min":0.0175234414637,"var":0.00622932147235},"barkbands_kurtosis":{"dmean":2.66537594795,"dmean2":4.10009336472,"dvar":19.3697490692,"dvar2":45.7735290527,"max":95.4511947632,"mean":5.06849765778,"median":2.65987563133,"min":-1.92687594891,"var":56.1783981323},"barkbands_skewness":{"dmean":0.470722228289,"dmean2":0.694425344467,"dvar":0.308912783861,"dvar2":0.70330286026,"max":9.25807285309,"mean":1.85087382793,"median":1.74404001236,"min":-1.96532690525,"var":1.5298166275},"barkbands_spread":{"dmean":4.39622449875,"dmean2":6.4938788414,"dvar":41.9204597473,"dvar2":82.4365386963,"max":92.1768798828,"mean":17.71808815,"median":14.7336444855,"min":0.777241230011,"var":148.935928345},"dissonance":{"dmean":0.0181350335479,"dmean2":0.0298862978816,"dvar":0.00042785302503,"dvar2":0.0011401148513,"max":0.5,"mean":0.451673775911,"median":0.462599277496,"min":0,"var":0.00156770495232},"dynamic_complexity":3.45047235489,"erbbands":{"dmean":[0.109936252236,1.15557587147,3.08289384842,4.26918363571,3.63217449188,7.1533241272,7.5177025795,9.29481315613,9.55531978607,9.31479549408,10.0571584702,9.05568408966,13.7898626328,10.6670846939,12.4980401993,16.237405777,19.1886997223,27.1779613495,15.7455177307,22.7959861755,9.01152133942,9.15112781525,7.56749153137,6.25975227356,6.0181312561,5.43627691269,6.93508338928,5.71262836456,5.46156406403,4.7042388916,2.01496577263,1.81779408455,0.864499390125,0.684464514256,0.455459952354,0.122996941209,0.0269863214344,0.00667794561014,0.0012827249011,0.000110013046651],"dmean2":[0.18248437345,1.92869925499,5.07460641861,7.13470697403,6.04789924622,10.965511322,11.6460838318,14.5868377686,15.0394639969,13.987452507,15.0145778656,13.511475563,20.743938446,16.3940410614,18.3871707916,24.0511016846,29.2110233307,42.116355896,24.6990604401,35.94739151,14.5488586426,14.6978683472,11.9367580414,9.93218898773,9.23610019684,8.51292800903,10.7625837326,8.41805934906,8.19123840332,6.54435110092,2.92392158508,2.7809753418,1.29173266888,1.0276209116,0.710755765438,0.182603955269,0.0398241765797,0.0101631637663,0.00198304536752,0.000172730797203],"dvar":[0.0916442349553,10.1239080429,55.3627738953,82.2009048462,72.6803817749,218.321853638,452.501037598,778.471252441,1034.86401367,762.909729004,1109.36291504,596.146972656,1359.90246582,831.048095703,979.498596191,1932.43347168,1826.22167969,3068.83007812,1145.06213379,2607.54321289,357.632385254,474.05770874,777.837280273,290.172698975,260.913116455,194.922897339,719.927429199,403.562408447,489.145996094,285.012176514,33.8261375427,53.7640724182,6.21971416473,5.76424312592,3.23879957199,0.111906267703,0.00391954556108,0.000214119398152,0.0000136139424285,1.49471631516e-7],"dvar2":[0.247224524617,27.1053104401,147.592132568,230.57611084,196.919708252,571.027099609,1058.38867188,1846.2902832,2508.15991211,1816.17248535,2200.66894531,1262.54748535,3125.40600586,1938.55847168,1936.61425781,4476.74023438,4320.33789062,7647.88427734,2828.23095703,6724.40869141,921.291320801,1180.94287109,2046.61804199,688.732849121,533.446655273,435.626495361,1735.92529297,889.858337402,1033.35742188,493.991485596,63.0286483765,131.114486694,13.943318367,14.0016288757,8.25456142426,0.257249295712,0.00858881510794,0.000496584572829,0.00003302776895,3.70070722511e-7],"max":[4.58139276505,43.787940979,109.314445496,119.232688904,237.206298828,339.060760498,583.79083252,642.13861084,905.228149414,867.661560059,1103.80810547,675.04486084,1316.32165527,714.598754883,1242.92370605,1553.79101562,1097.41149902,915.456359863,640.793395996,1246.03088379,352.987731934,590.997253418,1435.19604492,779.356079102,602.852294922,363.870330811,429.455596924,725.544494629,559.571289062,403.804962158,203.042648315,119.728637695,46.9893569946,39.3993186951,30.2705974579,7.48619031906,1.63334107399,0.253028899431,0.0468294210732,0.00472584320232],"mean":[0.277729213238,3.13571214676,7.28957891464,8.69564247131,8.2433347702,20.1170768738,15.9427204132,17.2872085571,17.734380722,18.253818512,20.5009555817,19.6774463654,29.6560630798,22.2729148865,25.5897369385,29.1570606232,34.8037071228,43.7184944153,26.8231143951,37.1680259705,16.3756370544,16.1074352264,11.9382514954,10.0215768814,10.3490810394,7.85581111908,8.31155204773,7.78113269806,7.93720436096,7.29099273682,3.09886169434,2.13309335709,1.20003283024,0.885732650757,0.505702793598,0.165508568287,0.0371017418802,0.00819645263255,0.00136325100902,0.000136330636451],"median":[0.216441854835,2.49935436249,5.22142791748,4.4519071579,4.31345176697,13.1149501801,7.06591033936,5.72259473801,5.88511371613,6.55501413345,5.15013885498,7.61108541489,10.8134460449,10.0483045578,12.039899826,12.3367738724,17.1501598358,21.3984642029,14.4514293671,16.0158100128,7.87974071503,6.17498731613,4.67960262299,3.67298460007,3.35018444061,2.15950727463,1.55482232571,1.04145443439,0.688892841339,0.678773522377,0.494640499353,0.269437491894,0.181809127331,0.0948126167059,0.038556009531,0.0165301114321,0.00348148518242,0.000739326816984,0.000115081646072,0.0000541063782293],"min":[1.42612609474e-22,1.54438982449e-21,7.35461953816e-21,2.77502907328e-20,8.25428282124e-20,1.02728200045e-19,6.53317199811e-20,2.32513387455e-19,1.8455043116e-19,2.32652276249e-19,2.43218241954e-19,1.3242991001e-18,1.48190523433e-18,1.11291299116e-18,1.59748749151e-18,3.46737672568e-18,1.66230412354e-18,1.57183672411e-18,2.87630634037e-18,5.52644040817e-18,7.34349358411e-18,6.49856870664e-18,7.48962661984e-18,9.73085181004e-18,7.55611126158e-18,1.17506068359e-17,1.59573016698e-17,1.47788852799e-17,1.44195927634e-17,1.4883201027e-17,1.1327835652e-17,1.55963796075e-17,1.10345207155e-17,1.04771490479e-17,7.81058345086e-18,4.55508221485e-18,2.50701258988e-18,1.11549162332e-18,2.81347907772e-19,3.05448751959e-20],"var":[0.114672414958,14.0442667007,77.8763885498,127.31678009,135.606658936,572.606445312,932.75592041,1467.38549805,1712.2310791,1502.29187012,3353.74243164,1526.79675293,3492.13647461,1948.81103516,3182.52392578,3546.25048828,3379.30151367,4811.68017578,1766.26391602,4271.15917969,594.62512207,893.837341309,768.901794434,416.977996826,732.260864258,321.397674561,752.416931152,760.198730469,1231.87902832,831.489013672,97.0507736206,57.74659729,10.4780006409,7.45262527466,3.17047262192,0.191958621144,0.00834247563034,0.000317878031638,0.0000137574461405,1.30600341208e-7]},"erbbands_crest":{"dmean":2.29966688156,"dmean2":3.5918366909,"dvar":5.33498573303,"dvar2":12.9734649658,"max":31.4391841888,"mean":9.01633548737,"median":8.05872535706,"min":2.48460531235,"var":17.6348667145},"erbbands_flatness_db":{"dmean":0.0193510074168,"dmean2":0.0269300658256,"dvar":0.000401538301958,"dvar2":0.000788920500781,"max":0.438401341438,"mean":0.181721270084,"median":0.160055950284,"min":0.0463677048683,"var":0.00596857257187},"erbbands_kurtosis":{"dmean":0.691383063793,"dmean2":1.03497123718,"dvar":1.06545817852,"dvar2":2.36187076569,"max":32.5022544861,"mean":0.154632866383,"median":-0.315050572157,"min":-1.88956284523,"var":3.46866774559},"erbbands_skewness":{"dmean":0.313146054745,"dmean2":0.458265900612,"dvar":0.0899961218238,"dvar2":0.198799148202,"max":3.47193217278,"mean":-0.0779307335615,"median":-0.0388857349753,"min":-4.82002592087,"var":0.509288012981},"erbbands_spread":{"dmean":6.63086891174,"dmean2":9.93222236633,"dvar":59.7247123718,"dvar2":135.326049805,"max":131.461547852,"mean":35.3342094421,"median":33.337928772,"min":3.2317636013,"var":237.638702393},"gfcc":{"cov":[[19037.6816406,-3310.87182617,1423.24084473,1897.19458008,-1258.20483398,1265.19055176,-146.077606201,1366.93139648,56.9901733398,303.378417969,-458.885406494,233.472640991,-686.422180176],[-3310.87182617,2374.7722168,-698.622680664,-487.888977051,610.909912109,-454.748809814,215.21812439,-372.125244141,80.0236358643,-186.818878174,209.660461426,-195.661880493,191.69367981],[1423.24084473,-698.622680664,1230.08178711,300.744537354,34.411075592,532.37878418,18.0190734863,413.157226562,22.5118083954,153.782150269,-101.558418274,140.939804077,-61.7299194336],[1897.19458008,-487.888977051,300.744537354,618.974304199,-52.617275238,280.732543945,116.701148987,239.133651733,96.2772216797,40.9524002075,-35.9178276062,46.7496948242,-70.5938262939],[-1258.20483398,610.909912109,34.411075592,-52.617275238,543.769714355,30.2659893036,133.909088135,13.8712310791,33.8411254883,11.6247119904,56.9851379395,-28.6057815552,92.1748657227],[1265.19055176,-454.748809814,532.37878418,280.732543945,30.2659893036,508.747406006,123.680953979,326.393493652,91.1902618408,91.0863189697,-47.5734367371,75.0974884033,-35.2878761292],[-146.077606201,215.21812439,18.0190734863,116.701148987,133.909088135,123.680953979,290.219726562,129.823242188,109.881523132,-4.00327587128,19.8815002441,-3.64186382294,13.4721841812],[1366.93139648,-372.125244141,413.157226562,239.133651733,13.8712310791,326.393493652,129.823242188,442.742675781,116.577629089,79.0721969604,-52.6627960205,47.6121864319,-48.7895584106],[56.9901733398,80.0236358643,22.5118083954,96.2772216797,33.8411254883,91.1902618408,109.881523132,116.577629089,184.774230957,34.7809638977,16.8974723816,-5.82801294327,9.61173820496],[303.378417969,-186.818878174,153.782150269,40.9524002075,11.6247119904,91.0863189697,-4.00327587128,79.0721969604,34.7809638977,120.295845032,17.7105808258,21.6299495697,-17.3508052826],[-458.885406494,209.660461426,-101.558418274,-35.9178276062,56.9851379395,-47.5734367371,19.8815002441,-52.6627960205,16.8974723816,17.7105808258,129.583282471,4.77096509933,7.84566879272],[233.472640991,-195.661880493,140.939804077,46.7496948242,-28.6057815552,75.0974884033,-3.64186382294,47.6121864319,-5.82801294327,21.6299495697,4.77096509933,100.225646973,16.9889945984],[-686.422180176,191.69367981,-61.7299194336,-70.5938262939,92.1748657227,-35.2878761292,13.4721841812,-48.7895584106,9.61173820496,-17.3508052826,7.84566879272,16.9889945984,118.696533203]],"icov":[[0.000138573595905,-0.000123094345327,0.000136871953146,-0.000347752968082,0.000245841045398,-0.000164923796547,0.00024782071705,-0.000338482292136,0.000273173616733,-0.000294829864288,0.000345458247466,-0.000235062034335,0.000402917590691],[-0.000123094345327,0.00171261280775,-0.000395012873923,0.000995541922748,-0.00136466242839,0.000803644012194,-0.00101226591505,0.000755436485633,-0.00131918431725,0.00228603929281,-0.00203305482864,0.00204443582334,-0.00108422199264],[0.000136871953146,-0.000395012873923,0.00225166650489,-0.000524983333889,-0.0000807892429293,-0.00166454655118,0.00104766164441,-0.00108390068635,0.0010580358794,-0.00165080407169,0.00166095444001,-0.00209125620313,0.00115423602983],[-0.000347752968082,0.000995541922748,-0.000524983333889,0.00364800379612,-0.000939796795137,-0.000116630719276,-0.00139850168489,0.000831683340948,-0.0018557648873,0.0020398942288,-0.00137666286901,0.000695564900525,-0.0000866234768182],[0.000245841045398,-0.00136466242839,-0.0000807892429293,-0.000939796795137,0.00415586261079,-0.000785998359788,-0.000351356575266,-0.00102080090437,0.00199043075554,-0.00237688375637,0.000413266388932,0.000410575477872,-0.00141070829704],[-0.000164923796547,0.000803644012194,-0.00166454655118,-0.000116630719276,-0.000785998359788,0.00610085856169,-0.00178337539546,-0.00107334507629,-0.00109855469782,0.000211817488889,-0.000634964555502,0.0000621067665634,-0.000848316180054],[0.00024782071705,-0.00101226591505,0.00104766164441,-0.00139850168489,-0.000351356575266,-0.00178337539546,0.00698944181204,-0.00195364560932,-0.00128985242918,0.000552365730982,0.000649564084597,-0.00139667640906,0.0012695301557],[-0.000338482292136,0.000755436485633,-0.00108390068635,0.000831683340948,-0.00102080090437,-0.00107334507629,-0.00195364560932,0.00664707878605,-0.00295634404756,0.00041467740084,0.00030752067687,0.000337792502251,0.000412409834098],[0.000273173616733,-0.00131918431725,0.0010580358794,-0.0018557648873,0.00199043075554,-0.00109855469782,-0.00128985242918,-0.00295634404756,0.0104122674093,-0.00431025819853,0.000424904224928,0.000664343941025,-0.00138068839442],[-0.000294829864288,0.00228603929281,-0.00165080407169,0.0020398942288,-0.00237688375637,0.000211817488889,0.000552365730982,0.00041467740084,-0.00431025819853,0.015495675616,-0.00588209135458,0.0022491409909,-0.000344689004123],[0.000345458247466,-0.00203305482864,0.00166095444001,-0.00137666286901,0.000413266388932,-0.000634964555502,0.000649564084597,0.00030752067687,0.000424904224928,-0.00588209135458,0.0134915336967,-0.00601257896051,0.00394374271855],[-0.000235062034335,0.00204443582334,-0.00209125620313,0.000695564900525,0.000410575477872,0.0000621067665634,-0.00139667640906,0.000337792502251,0.000664343941025,0.0022491409909,-0.00601257896051,0.0180604774505,-0.00725060375407],[0.000402917590691,-0.00108422199264,0.00115423602983,-0.0000866234768182,-0.00141070829704,-0.000848316180054,0.0012695301557,0.000412409834098,-0.00138068839442,-0.000344689004123,0.00394374271855,-0.00725060375407,0.0147619284689]],"mean":[-31.2388076782,123.006706238,-118.141937256,22.2662811279,-35.2795791626,11.9307804108,-31.911403656,-5.84854078293,-21.5271625519,-0.644102752209,-11.2681121826,-4.51390314102,-6.17005634308]},"hfc":{"dmean":7.33783006668,"dmean2":10.6711959839,"dvar":221.541656494,"dvar2":478.595001221,"max":231.990600586,"mean":19.8567047119,"median":13.3880662918,"min":1.13442090304e-16,"var":499.395721436},"melbands":{"dmean":[0.00113601074554,0.00158348644618,0.000695596914738,0.000339098158292,0.000288498878945,0.000207655175473,0.000145347745274,0.0000963128622971,0.0000849110874697,0.0000634308598819,0.0000717009825166,0.0000465690682177,0.0000452145650343,0.0000418150375481,0.0000548293610336,0.0000491908322147,0.0000493463667226,0.0000294421570288,0.0000261108507402,0.0000249403965427,0.00000967470623436,0.0000102790254459,0.00000727953238311,0.00000734466766517,0.00000508272933075,0.00000550068307348,0.00000388236503568,0.00000372149338546,0.00000376352113562,0.00000497059863847,0.00000296238522424,0.00000321194534081,0.00000319633841173,0.00000249235336014,0.00000116928208627,0.0000011325023479,0.00000107633889002,5.44123054169e-7,6.94544041835e-7,5.27535462425e-7],"dmean2":[0.00186615320854,0.00260405498557,0.00115744420327,0.000540706038009,0.000443259632448,0.000324940658174,0.000228663877351,0.000143591110827,0.000127545645228,0.000093680464488,0.000107697342173,0.0000715354035492,0.000067682361987,0.0000623239684501,0.0000808682234492,0.0000769488833612,0.0000766324665165,0.0000465076773253,0.0000414328533225,0.0000396586001443,0.000015810248442,0.0000166213321791,0.0000116143337436,0.0000117675854199,0.00000815613475424,0.00000863673358253,0.00000600723387834,0.00000599226359554,0.00000594212178839,0.00000762980835134,0.00000442840109827,0.00000495530230182,0.00000461058152723,0.00000353848304258,0.00000174585341028,0.00000171634962953,0.00000168776512055,8.20270656732e-7,0.00000105073843315,8.02660281352e-7],"dvar":[0.00000965127310337,0.0000148108620124,0.00000211370479519,4.10154427755e-7,4.95942799716e-7,3.61039695917e-7,2.37496536215e-7,7.81337590183e-8,7.77270301455e-8,3.01445020057e-8,3.56258240686e-8,1.67016462882e-8,1.14180016553e-8,1.74773528983e-8,1.81979018521e-8,1.09928137704e-8,9.93361570778e-9,5.10381914509e-9,2.54929299892e-9,3.1114706367e-9,5.31493238309e-10,6.3235139347e-10,4.49621978538e-10,6.74393318967e-10,2.0665261169e-10,2.29055913126e-10,1.01968010424e-10,9.94013968358e-11,1.56313462174e-10,4.72380912164e-10,1.25544241669e-10,1.81341872074e-10,1.66341926344e-10,7.73428890377e-11,1.1516766707e-11,1.52596719982e-11,2.09321639882e-11,2.30211748102e-12,4.99512193761e-12,3.53788526253e-12],"dvar2":[0.0000256463099504,0.0000389612650906,0.00000582227403356,0.00000109792438252,0.00000120393963243,8.62979220528e-7,5.65415064102e-7,1.75125563828e-7,1.62777283208e-7,6.542147446e-8,8.21618257874e-8,3.80216036433e-8,2.39186732642e-8,3.97165536015e-8,4.23072812339e-8,2.79728968877e-8,2.47922553598e-8,1.28078143646e-8,6.43022080027e-9,8.06645328311e-9,1.39451483694e-9,1.60677993133e-9,1.10015596633e-9,1.78579939725e-9,4.92838159172e-10,5.15506082266e-10,2.15940487713e-10,2.30282931613e-10,3.74316522223e-10,1.09984543695e-9,2.75503092562e-10,4.08203804092e-10,3.27224081165e-10,1.34687191955e-10,2.22056643906e-11,3.55434050248e-11,5.2085381147e-11,5.11833067249e-12,1.16764852995e-11,8.76030845087e-12],"max":[0.0421896651387,0.0459819771349,0.0269866846502,0.0124692525715,0.0190030224621,0.0128924455494,0.0148455277085,0.00866040121764,0.00989943370223,0.00526231015101,0.00634760316461,0.00328633445315,0.00376564543694,0.00492994859815,0.00458164094016,0.00266251619905,0.00168886315078,0.00143751606811,0.000877470651176,0.00148055376485,0.000518661981914,0.000677734962665,0.000822205038276,0.000991856562905,0.000706291466486,0.000536622654181,0.000314450415317,0.000237689760979,0.00034753640648,0.000335588061716,0.000514390703756,0.000353194482159,0.000411491084378,0.0002077260433,0.000119789234304,0.000100445904536,0.0000791622587712,0.0000384384547942,0.0000444634461019,0.0000312864212901],"mean":[0.00309176649898,0.00416657142341,0.00152358948253,0.000933420087676,0.000696746341418,0.000384495098842,0.000272225297522,0.000188756515854,0.000171346138814,0.000135013804538,0.000153808228788,0.0000943595805438,0.0000905260458239,0.0000693469119142,0.0000956967051025,0.0000782738643466,0.0000779156689532,0.0000445813893748,0.0000431784865214,0.0000395924907934,0.0000154496010509,0.0000172620948433,0.0000114694485092,0.0000103823849713,0.00000763686057326,0.0000087608505055,0.00000630063186691,0.00000487357419843,0.00000465903485747,0.00000559587988391,0.00000417166984334,0.00000440605799668,0.00000458457088826,0.00000379603602596,0.00000176697881216,0.00000145476974467,0.00000118017749173,7.65181823681e-7,8.99439669411e-7,6.71156271892e-7],"median":[0.00288351345807,0.0035102320835,0.000828776392154,0.000649865483865,0.00038127816515,0.000131165026687,0.0000980673503364,0.0000607846086496,0.0000387532054447,0.0000499491907249,0.0000541698173038,0.0000384944723919,0.0000426877377322,0.0000228269800573,0.0000366729509551,0.0000347691602656,0.0000377574215236,0.000018430979253,0.0000200223985303,0.0000150806099555,0.00000616578017798,0.00000598347469349,0.00000430248837802,0.00000363098024536,0.00000260336355495,0.00000290843377115,0.00000159282944878,0.00000126788017951,9.87654857454e-7,7.07421804691e-7,5.11357598043e-7,3.71478506622e-7,3.35139020535e-7,3.71008525235e-7,2.98233828744e-7,1.80532651939e-7,1.44703165006e-7,1.23656860751e-7,1.04709357629e-7,6.45234692342e-8],"min":[1.57624792245e-24,2.64991768978e-24,5.84275075377e-24,7.20090772517e-24,3.49729373315e-24,4.63280299709e-24,2.69960074123e-24,3.45399591907e-24,2.39488369228e-24,8.15393374021e-24,6.7920813499e-24,4.55977459322e-24,4.40784787148e-24,7.56538828465e-24,5.87972900313e-24,2.0063456362e-24,3.00112132579e-24,3.51191093129e-24,5.61018390929e-24,8.59286068104e-24,8.01141181819e-24,5.44841259789e-24,9.63395118324e-24,4.9939565357e-24,7.63580595336e-24,5.79155407545e-24,6.23270323745e-24,7.01024241096e-24,1.07515446272e-23,7.3394585214e-24,8.61795197985e-24,9.02293265821e-24,6.23278725114e-24,9.09979768709e-24,6.13323852693e-24,5.75596619343e-24,1.00592158421e-23,6.16887610718e-24,9.99104958237e-24,8.5534839001e-24],"var":[0.0000127500024973,0.0000217912147491,0.00000352058577846,0.00000100613533505,0.00000107740459043,6.7489020239e-7,4.11754996321e-7,1.86068689345e-7,2.12058552052e-7,7.53794680008e-8,9.4160824915e-8,3.80614437745e-8,3.60595748816e-8,3.2484127388e-8,3.47016637647e-8,1.72370686613e-8,1.52663126585e-8,7.18742221295e-9,4.35372671248e-9,4.98112084912e-9,7.77000075391e-10,1.21502108374e-9,6.15651862823e-10,6.31060426137e-10,2.79595707697e-10,5.02227204269e-10,2.96687091561e-10,1.36892538971e-10,1.78342243751e-10,5.12117237506e-10,2.81780293543e-10,4.02831767943e-10,4.42951286761e-10,2.08829509241e-10,3.34783346878e-11,2.34195458165e-11,1.99007182261e-11,4.23047317663e-12,7.12306429118e-12,4.49155643234e-12]},"melbands_crest":{"dmean":1.88815438747,"dmean2":2.97931480408,"dvar":4.78144311905,"dvar2":11.9201869965,"max":36.0552711487,"mean":15.0181188583,"median":14.5818843842,"min":1.00014197826,"var":21.9905414581},"melbands_flatness_db":{"dmean":0.0255991481245,"dmean2":0.0362157598138,"dvar":0.000967047992162,"dvar2":0.00180633144919,"max":0.563263177872,"mean":0.265196055174,"median":0.260540932417,"min":-3.27888187712e-7,"var":0.00862445123494},"melbands_kurtosis":{"dmean":6.26263618469,"dmean2":9.69222545624,"dvar":120.757278442,"dvar2":299.644470215,"max":189.886581421,"mean":15.117067337,"median":9.5965423584,"min":-1.84270060062,"var":304.945983887},"melbands_skewness":{"dmean":0.609130322933,"dmean2":0.910191357136,"dvar":0.590522110462,"dvar2":1.38523352146,"max":11.404343605,"mean":3.03395271301,"median":2.8430390358,"min":-0.639228522778,"var":2.72802424431},"melbands_spread":{"dmean":4.92917585373,"dmean2":7.10220098495,"dvar":58.0882606506,"dvar2":110.600944519,"max":177.317550659,"mean":17.9905757904,"median":13.6555423737,"min":0.952550053596,"var":256.517974854},"mfcc":{"cov":[[11981.3046875,-1563.43212891,932.306762695,766.719299316,-47.4710426331,219.935699463,26.7615375519,692.924438477,637.697937012,330.634674072,308.529876709,446.888061523,218.137039185],[-1563.43212891,1952.36242676,-487.954986572,-86.9030303955,146.67477417,-68.604598999,101.46635437,-101.615394592,-110.423538208,11.2762041092,-34.8146858215,-91.4397277832,-61.3780441284],[932.306762695,-487.954986572,847.017700195,51.5936775208,102.382499695,154.333450317,65.9970016479,207.344787598,204.446136475,84.4585418701,49.2742233276,78.836517334,118.421058655],[766.719299316,-86.9030303955,51.5936775208,364.281829834,62.0008888245,84.1787643433,65.1828613281,136.760971069,115.741226196,74.3975372314,58.9498405457,70.0901641846,34.324005127],[-47.4710426331,146.67477417,102.382499695,62.0008888245,282.932220459,69.7139968872,89.6851577759,46.1161575317,57.4014892578,57.3469581604,12.922911644,2.13680362701,27.4409713745],[219.935699463,-68.604598999,154.333450317,84.1787643433,69.7139968872,226.404052734,83.1630554199,97.7247924805,85.6848297119,49.7531547546,39.0856781006,24.4757061005,31.8032455444],[26.7615375519,101.46635437,65.9970016479,65.1828613281,89.6851577759,83.1630554199,202.847442627,129.967880249,95.4313430786,72.5827484131,50.2295036316,32.4830551147,23.6585845947],[692.924438477,-101.615394592,207.344787598,136.760971069,46.1161575317,97.7247924805,129.967880249,315.136230469,226.633499146,117.102745056,79.3225097656,85.4428710938,58.2384223938],[637.697937012,-110.423538208,204.446136475,115.741226196,57.4014892578,85.6848297119,95.4313430786,226.633499146,312.778106689,140.222259521,61.9958839417,67.4058151245,54.3731079102],[330.634674072,11.2762041092,84.4585418701,74.3975372314,57.3469581604,49.7531547546,72.5827484131,117.102745056,140.222259521,190.509613037,81.6831436157,63.7918968201,46.9510650635],[308.529876709,-34.8146858215,49.2742233276,58.9498405457,12.922911644,39.0856781006,50.2295036316,79.3225097656,61.9958839417,81.6831436157,129.96395874,71.7325592041,23.0280952454],[446.888061523,-91.4397277832,78.836517334,70.0901641846,2.13680362701,24.4757061005,32.4830551147,85.4428710938,67.4058151245,63.7918968201,71.7325592041,127.761871338,55.825958252],[218.137039185,-61.3780441284,118.421058655,34.324005127,27.4409713745,31.8032455444,23.6585845947,58.2384223938,54.3731079102,46.9510650635,23.0280952454,55.825958252,110.90372467]],"icov":[[0.000122186247609,0.000048718713515,-0.0000613826341578,-0.000173915934283,0.0000316425175697,0.0000331495211867,0.00014755257871,-0.000112562382128,-0.0000605843415542,-0.0000110810151455,-0.0000457036803709,-0.000189465397852,0.0000555562073714],[0.000048718713515,0.000728656188585,0.000415085203713,0.000117332565424,-0.000420548138209,0.000131321401568,-0.000370971800294,-0.0000742321790312,0.000113235219033,-0.000239631874138,0.0000482324285258,0.000215545645915,-0.0000601612227911],[-0.0000613826341578,0.000415085203713,0.00208581332117,0.000643773528282,-0.000737353519071,-0.000751433079131,0.000248020282015,-0.0006876817788,-0.000498333538417,0.000297341292026,0.0000275802449323,0.0000935092975851,-0.00130420050118],[-0.000173915934283,0.000117332565424,0.000643773528282,0.00399513402954,-0.000786663440522,-0.000895058212336,0.000062651844928,-0.000913333729841,-0.000249261938734,-0.000010467586435,-0.0000920248276088,-0.000936588854529,0.000017898153601],[0.0000316425175697,-0.000420548138209,-0.000737353519071,-0.000786663440522,0.00493819266558,-0.000522914051544,-0.00167080166284,0.000966446008533,-0.000147256694618,-0.00094022898702,0.000504707568325,0.000753681990318,-0.000501110684127],[0.0000331495211867,0.000131321401568,-0.000751433079131,-0.000895058212336,-0.000522914051544,0.00626168306917,-0.00156735314522,-0.000258388608927,-0.000210843718378,0.000216044514673,-0.000952297006734,0.00103509949986,-0.000420739699621],[0.00014755257871,-0.000370971800294,0.000248020282015,0.000062651844928,-0.00167080166284,-0.00156735314522,0.00880303047597,-0.00323504093103,0.000203316478292,-0.00053579849191,-0.00115605187602,-0.0000316066616506,0.000287111935904],[-0.000112562382128,-0.0000742321790312,-0.0006876817788,-0.000913333729841,0.000966446008533,-0.000258388608927,-0.00323504093103,0.00920165795833,-0.00446860259399,0.000332252617227,-0.000781216309406,-0.00129422452301,-0.000245795497904],[-0.0000605843415542,0.000113235219033,-0.000498333538417,-0.000249261938734,-0.000147256694618,-0.000210843718378,0.000203316478292,-0.00446860259399,0.00830990634859,-0.00366242718883,0.00132567179389,0.000314773293212,0.000233846629271],[-0.0000110810151455,-0.000239631874138,0.000297341292026,-0.000010467586435,-0.00094022898702,0.000216044514673,-0.00053579849191,0.000332252617227,-0.00366242718883,0.0105920052156,-0.00442710286006,-0.000490114209242,-0.00183714693412],[-0.0000457036803709,0.0000482324285258,0.0000275802449323,-0.0000920248276088,0.000504707568325,-0.000952297006734,-0.00115605187602,-0.000781216309406,0.00132567179389,-0.00442710286006,0.014202461578,-0.006273239851,0.00235372409225],[-0.000189465397852,0.000215545645915,0.0000935092975851,-0.000936588854529,0.000753681990318,0.00103509949986,-0.0000316066616506,-0.00129422452301,0.000314773293212,-0.000490114209242,-0.006273239851,0.0158765539527,-0.00575105659664],[0.0000555562073714,-0.0000601612227911,-0.00130420050118,0.000017898153601,-0.000501110684127,-0.000420739699621,0.000287111935904,-0.000245795497904,0.000233846629271,-0.00183714693412,0.00235372409225,-0.00575105659664,0.0136430989951]],"mean":[-670.166137695,149.666976929,-8.41339683533,17.8892688751,12.3364810944,15.1510400772,4.81362819672,-1.13919913769,-4.96472549438,1.56391382217,-2.69691157341,-5.63955259323,-3.23362517357]},"pitch_salience":{"dmean":0.0505144558847,"dmean2":0.0807986184955,"dvar":0.00299110030755,"dvar2":0.00776483537629,"max":0.996098279953,"mean":0.482840538025,"median":0.488230735064,"min":0.104828797281,"var":0.0151385562494},"silence_rate_20dB":{"dmean":0,"dmean2":0,"dvar":0,"dvar2":0,"max":1,"mean":1,"median":1,"min":1,"var":0},"silence_rate_30dB":{"dmean":0.0235896296799,"dmean2":0.0471845082939,"dvar":0.0230331588537,"dvar2":0.0609830580652,"max":1,"mean":0.984312415123,"median":1,"min":0,"var":0.0154414828867},"silence_rate_60dB":{"dmean":0.00778902880847,"dmean2":0.0155797908083,"dvar":0.007728359662,"dvar2":0.0173401776701,"max":1,"mean":0.0597463287413,"median":0,"min":0,"var":0.0561767034233},"spectral_centroid":{"dmean":208.541809082,"dmean2":303.283996582,"dvar":101394.898438,"dvar2":190767.953125,"max":10952.6826172,"mean":1039.72094727,"median":874.157348633,"min":218.916656494,"var":392265.59375},"spectral_complexity":{"dmean":3.29587173462,"dmean2":5.01046085358,"dvar":23.0019226074,"dvar2":42.0508575439,"max":64,"mean":17.9626159668,"median":17,"min":0,"var":95.0413284302},"spectral_contrast_coeffs":{"dmean":[0.0388664156199,0.0375112183392,0.0336648970842,0.0339315906167,0.0247972290963,0.0195688344538],"dmean2":[0.0630254298449,0.0599942728877,0.0521652773023,0.0529107451439,0.039063885808,0.0299036838114],"dvar":[0.00134983588941,0.00121526548173,0.000952175701968,0.000925314845517,0.000492148217745,0.000381165737053],"dvar2":[0.00339714763686,0.003064266406,0.00224964786321,0.00221164198592,0.00115877413191,0.000805810152087],"max":[-0.234893098474,-0.414462089539,-0.500271439552,-0.428150117397,-0.581753373146,-0.559895277023],"mean":[-0.601074934006,-0.698891937733,-0.722213089466,-0.723076820374,-0.777475953102,-0.766218483448],"median":[-0.634021222591,-0.705144047737,-0.726997375488,-0.729855060577,-0.784791946411,-0.76695972681],"min":[-0.972362577915,-0.999197781086,-0.998086750507,-0.986350655556,-0.987191438675,-0.964985191822],"var":[0.0119091728702,0.0069989641197,0.0052319439128,0.00476474920288,0.00242338166572,0.00231371028349]},"spectral_contrast_valleys":{"dmean":[0.352630883455,0.318763017654,0.319996416569,0.319637537003,0.367997974157,0.459957718849],"dmean2":[0.566762268543,0.5009354949,0.493556499481,0.483644962311,0.524943172932,0.597900629044],"dvar":[0.155351758003,0.12707516551,0.150415211916,0.149808719754,0.208698749542,0.284953385592],"dvar2":[0.336262196302,0.270947575569,0.304319798946,0.293661445379,0.411623239517,0.534157216549],"max":[-4.928378582,-4.74437856674,-5.10007715225,-5.56167888641,-5.44101667404,-7.50665998459],"mean":[-7.35356426239,-7.2800488472,-7.87106609344,-7.9686126709,-8.26694583893,-11.0967760086],"median":[-6.6164150238,-6.90497922897,-7.4808473587,-7.65085411072,-7.85767030716,-10.5205430984],"min":[-27.2292785645,-27.7267990112,-27.4372272491,-27.3871021271,-27.3070907593,-27.2591667175],"var":[3.45017457008,2.31611895561,2.41164565086,2.30687499046,2.69965314865,3.85615229607]},"spectral_decrease":{"dmean":2.58479970761e-9,"dmean2":4.11551726032e-9,"dvar":2.37176537508e-17,"dvar2":5.95421214702e-17,"max":2.34069131468e-25,"mean":-9.55089429766e-9,"median":-9.7529770926e-9,"min":-6.0243309008e-8,"var":4.96427713151e-17},"spectral_energy":{"dmean":0.0102306222543,"dmean2":0.0162124168128,"dvar":0.000354451389285,"dvar2":0.000886382185854,"max":0.231652140617,"mean":0.0378483533859,"median":0.0383525490761,"min":1.04124146493e-20,"var":0.000759622314945},"spectral_energyband_high":{"dmean":0.000565560301766,"dmean2":0.000811502570286,"dvar":0.0000031781682992,"dvar2":0.00000666899268253,"max":0.0273981187493,"mean":0.000845349801239,"median":0.000142543765833,"min":7.36890940636e-21,"var":0.00000616487022853},"spectral_energyband_low":{"dmean":0.00734127033502,"dmean2":0.0119541818276,"dvar":0.000295779143926,"dvar2":0.000755599525291,"max":0.201909691095,"mean":0.0208299271762,"median":0.0198753345758,"min":3.85369943352e-23,"var":0.00046498485608},"spectral_energyband_middle_high":{"dmean":0.00200153305195,"dmean2":0.00297699170187,"dvar":0.0000119480764624,"dvar2":0.0000274623052974,"max":0.0657750442624,"mean":0.00536140194163,"median":0.00362136540934,"min":1.30609920407e-21,"var":0.0000321032857755},"spectral_energyband_middle_low":{"dmean":0.0037675157655,"dmean2":0.00597282592207,"dvar":0.0000403810190619,"dvar2":0.0000995909358608,"max":0.106414332986,"mean":0.0122703332454,"median":0.00869040191174,"min":2.11079324186e-22,"var":0.000131359221996},"spectral_entropy":{"dmean":0.200925856829,"dmean2":0.283990114927,"dvar":0.0571412071586,"dvar2":0.111583344638,"max":9.80696392059,"mean":7.15257978439,"median":7.26263427734,"min":4.43152046204,"var":0.513942778111},"spectral_flux":{"dmean":0.0242567844689,"dmean2":0.0368115082383,"dvar":0.00135508854873,"dvar2":0.00288454606198,"max":0.39650541544,"mean":0.0697734206915,"median":0.0546903088689,"min":6.73966160658e-11,"var":0.00328946416266},"spectral_kurtosis":{"dmean":4.33105754852,"dmean2":7.36849021912,"dvar":44.470287323,"dvar2":134.440795898,"max":113.954689026,"mean":10.1537275314,"median":5.92622613907,"min":-1.22154951096,"var":157.008102417},"spectral_rms":{"dmean":0.000707938103005,"dmean2":0.00108657102101,"dvar":0.0000012290054201,"dvar2":0.00000290654929813,"max":0.0150333652273,"mean":0.00558529933915,"median":0.00611695367843,"min":3.18723281274e-12,"var":0.0000057296565501},"spectral_rolloff":{"dmean":333.938354492,"dmean2":541.560302734,"dvar":494258.9375,"dvar2":973145.75,"max":19315.2832031,"mean":1072.48669434,"median":753.662109375,"min":43.06640625,"var":1836187.375},"spectral_skewness":{"dmean":0.41383689642,"dmean2":0.684031307697,"dvar":0.248041778803,"dvar2":0.713795483112,"max":8.63831329346,"mean":2.05981779099,"median":1.8398463726,"min":-0.0160713009536,"var":0.943598389626},"spectral_spread":{"dmean":599490.3125,"dmean2":845160.1875,"dvar":765875978240,"dvar2":1345727102980,"max":41599748,"mean":3772697,"median":3656492.5,"min":686449,"var":3344648634370},"spectral_strongpeak":{"dmean":0.332361251116,"dmean2":0.577625453472,"dvar":0.549150407314,"dvar2":1.44303059578,"max":11.3290109634,"mean":0.701201915741,"median":0.466386914253,"min":0,"var":0.747237861156},"zerocrossingrate":{"dmean":0.00832316558808,"dmean2":0.00935184117407,"dvar":0.000147145387018,"dvar2":0.000186832228792,"max":0.521484375,"mean":0.0440995432436,"median":0.03564453125,"min":0,"var":0.00132342195138}},"metadata":{"audio_properties":{"analysis_sample_rate":44100,"bit_rate":0,"codec":"flac","downmix":"mix","equal_loudness":0,"length":208.666671753,"lossless":true,"md5_encoded":"41df77e6ba173d48b92262178f129e1e","replay_gain":-11.101474762},"tags":{"acoustid_id":["86a64cc1-d0a7-478b-91fb-1bc491adc259"],"album":["The Greatest Hits"],"albumartist":["INXS"],"albumartistsort":["INXS"],"artist":["INXS"],"artists":["INXS"],"artistsort":["INXS"],"asin":["B00000713A"],"barcode":["731452623027"],"catalognumber":["526 230-2"],"composer":["Andrew Farriss"],"composersort":["Farriss, Andrew"],"date":["1994-11-01"],"discnumber":["1"],"disctotal":["1"],"file_name":"12 Beautiful Girl.flac","genre":["New Wave"],"grouping":["Rock"],"isrc":["GBAMX9200009"],"label":["Mercury"],"language":["eng"],"lyricist":["Andrew Farriss"],"media":["CD"],"mood":["Upbeat; Mellow; Retro; Sexy"],"musicbrainz_albumartistid":["481bf5f9-2e7c-4c44-b08a-05b32bc7c00d"],"musicbrainz_albumid":["ac18ae83-f841-447a-bde3-fce3b478d777"],"musicbrainz_artistid":["481bf5f9-2e7c-4c44-b08a-05b32bc7c00d"],"musicbrainz_recordingid":["8c8fa617-91ce-4872-a4ec-1d58d628af9a"],"musicbrainz_releasegroupid":["7590fa97-46f3-3345-98f7-c00681f66545"],"musicbrainz_releasetrackid":["4d16dc01-ef6f-36b4-8cef-56ca0a917c93"],"musicbrainz_workid":["835ab047-7853-3649-8324-cc5c5996442f"],"originaldate":["1994-11-01"],"originalyear":["1994"],"releasecountry":["XW"],"releasestatus":["official"],"releasetype":["album","compilation"],"replaygain_album_gain":["-7.94 dB"],"replaygain_album_peak":["0.987915"],"replaygain_track_gain":["-6.57 dB"],"replaygain_track_peak":["0.971039"],"script":["Latn"],"title":["Beautiful Girl"],"totaldiscs":["1"],"totaltracks":["18"],"tracknumber":["12"],"tracktotal":["18"],"work":["Beautiful Girl"]},"version":{"essentia":"2.1-beta1","essentia_build_sha":"ed039d7e5a6e3dec64cf0be7c36ef885fb432