{"lowlevel":{"average_loudness":0.0744844377041,"barkbands":{"dmean":[0.0000502527982462,0.000716985960025,0.000992479966953,0.000785328738857,0.00136932055466,0.00151587661821,0.000657806696836,0.000606193265412,0.000631350441836,0.000118821262731,0.000130319778691,0.00012499395234,0.000111356130219,0.0000548545140191,0.0000255934864981,0.0000116496685223,0.0000130719172375,0.0000122278306662,0.0000089395143732,0.0000047513053687,0.00000161261493759,0.00000136323694733,0.00000215002705772,0.00000204867637876,0.00000100205420495,0.00000309001188725,0.0000816298270365],"dmean2":[0.0000828656557132,0.00120672839694,0.00158834073227,0.00134321290534,0.00212596356869,0.00218885974027,0.000990324071608,0.000916220305953,0.000957218115218,0.000186934354133,0.000202297829674,0.000189863392734,0.000170748840901,0.0000836993931443,0.0000389779524994,0.000018127997464,0.000019294258891,0.0000185059852811,0.0000131349997901,0.00000714821089787,0.00000257847227658,0.00000222267726713,0.00000353008294951,0.00000340545261679,0.00000163131676345,0.00000505994057676,0.000115998431284],"dvar":[1.0047290111e-8,0.00000139076178129,0.00000292606569019,0.0000021042797016,0.0000321550323861,0.000054558597185,0.0000152242728291,0.000019917555619,0.00001004753085,4.61309298316e-7,3.9354355863e-7,2.84480023538e-7,3.4774541291e-7,7.94174255248e-8,1.67174434296e-8,1.38039690789e-9,2.05532346698e-9,1.42496781042e-9,7.25490667541e-10,2.21595436445e-10,3.02254991869e-11,3.32650122725e-11,1.84674803227e-10,2.29001401175e-10,1.32255673427e-11,4.55058907223e-10,1.09075791954e-7],"dvar2":[2.37792736613e-8,0.00000375907029593,0.00000714554926162,0.00000571828741158,0.0000754078937462,0.00011508888565,0.0000322159030475,0.0000374285009457,0.0000234171693592,9.83550535238e-7,8.42576241666e-7,7.02178056144e-7,7.90845319898e-7,1.6953480042e-7,3.22929949448e-8,3.17321635634e-9,4.241166085e-9,3.19060466936e-9,1.46316680993e-9,4.90816165488e-10,6.97365498681e-11,8.3043107113e-11,4.85333329081e-10,6.23220086649e-10,3.1054755989e-11,1.21445886681e-9,2.31174141163e-7],"max":[0.0016321351286,0.0220223218203,0.0245250090957,0.0397395119071,0.172957897186,0.173157244921,0.160301357508,0.256324917078,0.142048060894,0.0303781107068,0.0248368997127,0.0139872897416,0.0229137912393,0.00987682957202,0.00752087123692,0.0012244497193,0.00260849879123,0.0009656092152,0.000830114760902,0.000367396278307,0.000159729388542,0.000193850821233,0.000434799003415,0.000648487592116,0.0000982045239653,0.000684228667524,0.0180733408779],"mean":[0.0000508112316311,0.00096580554964,0.00129548064433,0.000988907762803,0.00187732279301,0.00270514329895,0.00114744144958,0.000772834173404,0.000936527154408,0.00015935250849,0.000195985514438,0.000210417507333,0.000175841705641,0.0000923512561712,0.0000422425291617,0.0000216096468648,0.0000262668090727,0.0000225822768698,0.0000143807819768,0.00000705112188371,0.00000186375314115,0.00000150265520915,0.00000229654165196,0.00000199107921617,0.00000106723553017,0.00000333242633133,0.000183020703844],"median":[0.0000145738486026,0.000416593073169,0.000515238614753,0.000453259621281,0.000224139672355,0.0000403326666856,0.0000208670480788,0.0000226649317483,0.0000213324710785,0.0000154443769134,0.0000101315436041,0.00000848747458804,0.00000713056579116,0.00000389237447962,0.00000343166175298,0.0000022652966436,0.00000217799947677,0.00000210410598811,0.00000199272017198,9.01387238628e-7,3.82313146474e-7,2.84607295953e-7,4.88385808239e-7,3.82664325116e-7,1.92416536038e-7,7.29632631646e-7,0.0000170683233591],"min":[9.94550517132e-23,1.15617710411e-23,2.94857463037e-23,2.36744809608e-23,6.23575234262e-23,1.42140996871e-22,4.12852815993e-23,8.53029943586e-23,6.13729745294e-23,6.32830592164e-23,9.9407492867e-23,6.99434307719e-23,8.68396827802e-23,4.85215026829e-23,1.15283148191e-22,9.00760445973e-23,1.7729194461e-22,1.58614545651e-22,3.0638327622e-22,4.37290060763e-22,5.50765316464e-22,5.62005309564e-22,5.43598773886e-22,9.23123870086e-22,9.46749711461e-22,2.03060945621e-21,2.10870532268e-21],"var":[1.13622729003e-8,0.0000020443953872,0.00000434321191278,0.00000265306744041,0.0000435381589341,0.000129867257783,0.0000356155687768,0.0000316958212352,0.0000211270544241,8.04243370567e-7,8.97946790701e-7,7.45010424907e-7,7.29058285742e-7,2.20749441837e-7,4.50684893849e-8,3.81731535271e-9,7.43305061945e-9,4.57855930946e-9,1.55951507264e-9,4.44948161649e-10,3.63486393762e-11,3.21981052931e-11,1.37724359695e-10,1.55559384818e-10,1.46531935891e-11,3.25589000205e-10,4.85179498355e-7]},"barkbands_crest":{"dmean":3.04527497292,"dmean2":5.04470396042,"dvar":6.45943498611,"dvar2":17.3995304108,"max":26.6818885803,"mean":11.8803081512,"median":11.4541530609,"min":2.93275547028,"var":13.9069452286},"barkbands_flatness_db":{"dmean":0.0348342396319,"dmean2":0.0547664314508,"dvar":0.000828036281746,"dvar2":0.00202434347011,"max":0.404771983624,"mean":0.188860610127,"median":0.188908472657,"min":0.023853154853,"var":0.00318346591666},"barkbands_kurtosis":{"dmean":16.7333221436,"dmean2":26.7927360535,"dvar":580.42175293,"dvar2":1366.27697754,"max":683.437988281,"mean":32.0665969849,"median":22.3139896393,"min":-1.84785318375,"var":1179.32727051},"barkbands_skewness":{"dmean":1.16428637505,"dmean2":1.82306981087,"dvar":1.26619410515,"dvar2":2.92182397842,"max":24.8454837799,"mean":4.21475791931,"median":3.99314522743,"min":-2.45239520073,"var":4.78687286377},"barkbands_spread":{"dmean":6.5187163353,"dmean2":10.0678052902,"dvar":86.111907959,"dvar2":188.93927002,"max":121.919769287,"mean":16.0290412903,"median":9.60066795349,"min":0.656779646873,"var":317.2734375},"dissonance":{"dmean":0.0223251320422,"dmean2":0.0373406000435,"dvar":0.000467201316496,"dvar2":0.00124587863684,"max":0.500000119209,"mean":0.45773434639,"median":0.465541899204,"min":0.230844378471,"var":0.00102848396637},"dynamic_complexity":7.76234769821,"erbbands":{"dmean":[0.00885569676757,0.205069422722,0.988486349583,2.03287577629,2.89232468605,5.54374313354,9.52466678619,12.2333145142,10.3793506622,10.2906007767,13.2991266251,13.9520673752,5.45599317551,4.47900009155,4.06819820404,4.99820423126,5.11399412155,2.58697271347,2.06541585922,0.802394509315,0.64134567976,0.706063628197,0.658358573914,0.572016954422,0.35972237587,0.218871235847,0.085830539465,0.0544304288924,0.0456874482334,0.0576203726232,0.0638359487057,0.0483966991305,0.0303560402244,0.0128387641162,0.00648304866627,0.0066882125102,0.00670943409204,0.00276367552578,0.00237231701612,0.00300311669707],"dmean2":[0.0146654155105,0.344518899918,1.60232293606,3.42472505569,4.55970478058,8.646900177,14.1318349838,17.5764331818,14.7769765854,15.4428329468,20.1062641144,21.3493251801,8.20158481598,6.88420820236,6.36433124542,7.5719203949,7.74245214462,3.83452701569,3.14638566971,1.20643246174,0.971668720245,1.04844069481,0.981393575668,0.832944273949,0.542596399784,0.329423308372,0.132432028651,0.0881294384599,0.0743537545204,0.093599230051,0.106011457741,0.0801580101252,0.0506671704352,0.0210421010852,0.0104989334941,0.0109220454469,0.0110278073698,0.00443346332759,0.003320281161,0.0041031781584],"dvar":[0.000194162901607,0.112538054585,2.75883245468,12.0911331177,101.167366028,712.870483398,2454.36181641,4368.05371094,2987.04614258,5000.41210938,11796.3525391,5805.22753906,759.640197754,626.535400391,302.699462891,458.035552979,818.079162598,116.212081909,111.862815857,11.5328578949,3.62463092804,6.29499816895,4.23028898239,2.91293263435,1.18054628372,0.457644760609,0.0792791098356,0.040163256228,0.0352634564042,0.101869411767,0.189898341894,0.109021365643,0.053672015667,0.00321097346023,0.000459849165054,0.00158780673519,0.00232586101629,0.000305228226352,0.0000627670888207,0.000069827590778],"dvar2":[0.000510644516908,0.302687466145,6.79792308807,33.7524261475,231.248153687,1672.09606934,5492.84667969,9536.35058594,5554.12695312,11311.6601562,21875.0332031,14256.2900391,1587.13049316,1459.8503418,712.701538086,1121.29772949,1832.25708008,245.592666626,229.124694824,22.507226944,8.42865085602,12.8369655609,9.18506622314,5.96999883652,2.57165956497,1.01600170135,0.174660801888,0.0946890562773,0.0867933854461,0.267784774303,0.505105912685,0.291688859463,0.146748289466,0.00794958509505,0.00102105992846,0.00420585460961,0.006279904861,0.000804931391031,0.000130211643409,0.000131831649924],"max":[0.244438976049,5.98820734024,22.6359882355,71.6401519775,422.98651123,917.683898926,1622.80981445,2152.59863281,2861.9909668,3932.79931641,6544.56103516,3647.2487793,919.429138184,1218.45874023,642.915161133,593.113952637,1156.64550781,383.692993164,504.348846436,192.423965454,49.0848693848,148.677581787,46.2437210083,57.7526741028,34.1718711853,16.9025821686,7.40371274948,5.78977203369,7.6059718132,11.4944448471,13.0312337875,11.9402542114,10.595495224,1.75122356415,0.659520089626,1.66161501408,1.43330609798,0.701722800732,0.246592134237,0.342666238546],"mean":[0.0123647758737,0.278184831142,1.35635483265,2.69690203667,4.13527202606,7.12998247147,15.2286672592,20.808385849,20.5204296112,13.971493721,19.1715831757,20.4111728668,8.50601577759,6.74219274521,7.62407398224,8.90276050568,8.55072784424,4.94885778427,3.63078260422,1.51532936096,1.30871844292,1.49119842052,1.29766309261,0.958788633347,0.600507318974,0.329862982035,0.111017227173,0.0609975233674,0.0499634295702,0.064370803535,0.0663244277239,0.0489312820137,0.0286645498127,0.0132588958368,0.00715768290684,0.00686207925901,0.00710457982495,0.00345401535742,0.00497106881812,0.00845947209746],"median":[0.00645836815238,0.119366146624,0.579710006714,1.40534162521,1.23803162575,0.70064163208,0.491982638836,0.312082737684,0.278803646564,0.493965893984,0.503634393215,0.466108471155,0.464772254229,0.560207843781,0.401036560535,0.364132523537,0.364521235228,0.248964086175,0.207105666399,0.14990220964,0.136252596974,0.124217763543,0.115885019302,0.120302133262,0.0785947144032,0.0435421727598,0.0223224423826,0.012320196256,0.00940029136837,0.0128796193749,0.013982642442,0.00975197460502,0.00540965003893,0.00244541559368,0.00130536209326,0.0013325830223,0.00157130567823,0.000836929539219,0.000858913874254,0.00171107589267],"min":[7.92764668607e-22,2.32206561609e-21,2.47493101667e-20,7.56606273548e-20,6.28316312032e-20,1.79442397007e-19,7.07060494227e-19,1.47444375501e-18,6.42819373109e-19,9.98524458998e-19,1.95624347799e-18,1.38411356417e-18,1.54782966799e-18,2.39430054602e-18,3.73938328279e-18,3.24832420343e-18,4.13881887442e-18,2.7385032202e-18,5.39300955792e-18,4.24394774002e-18,8.09928023799e-18,7.78455869443e-18,6.32024221506e-18,1.41068903677e-17,1.52620464388e-17,2.32535673768e-17,2.07613085872e-17,2.21794121401e-17,1.88891887571e-17,1.77826378188e-17,1.74517060168e-17,1.88565713712e-17,1.56895929364e-17,1.01368328819e-17,7.42599492404e-18,6.58214372701e-18,3.14569487085e-18,1.48018138993e-18,3.13409066423e-19,2.98795311777e-20],"var":[0.000279235624475,0.170079022646,4.40471410751,15.5259647369,151.368911743,902.925964355,4806.67675781,8870.41992188,10202.0097656,6598.77050781,19454.34375,10735.4560547,1544.65209961,1335.58203125,1013.67816162,1252.60998535,1744.20739746,457.347137451,312.298248291,37.7560310364,12.4919204712,23.269777298,14.4602146149,7.36176156998,2.68926358223,0.892078280449,0.111836969852,0.0452369041741,0.0357056632638,0.0807328894734,0.135916531086,0.077327542007,0.0360064357519,0.00295195169747,0.000594385957811,0.00119267590344,0.00161266000941,0.000231181445997,0.00015555601567,0.000444471341325]},"erbbands_crest":{"dmean":3.06009745598,"dmean2":5.03403329849,"dvar":7.27912664413,"dvar2":19.2945327759,"max":29.417137146,"mean":9.71178340912,"median":8.94521141052,"min":2.04615354538,"var":18.1095581055},"erbbands_flatness_db":{"dmean":0.0244593229145,"dmean2":0.0367450453341,"dvar":0.000459053466329,"dvar2":0.00102972413879,"max":0.351228654385,"mean":0.138959720731,"median":0.132104128599,"min":0.0306815523654,"var":0.00293260021135},"erbbands_kurtosis":{"dmean":1.88376176357,"dmean2":2.99862194061,"dvar":10.4775829315,"dvar2":26.1529407501,"max":137.963668823,"mean":2.14197802544,"median":0.679689645767,"min":-1.73467683792,"var":22.3043022156},"erbbands_skewness":{"dmean":0.491190463305,"dmean2":0.756961762905,"dvar":0.213312923908,"dvar2":0.502052783966,"max":9.29404830933,"mean":0.923786759377,"median":0.847002804279,"min":-3.43252229691,"var":1.04547190666},"erbbands_spread":{"dmean":9.02469348907,"dmean2":13.4348201752,"dvar":103.286727905,"dvar2":206.484237671,"max":149.132232666,"mean":36.4485054016,"median":33.6331748962,"min":1.78391468525,"var":463.258605957},"gfcc":{"cov":[[17005.8359375,3346.59179688,-1260.97937012,-1484.36401367,270.215789795,-1194.07714844,96.9862823486,-515.575439453,-44.5194358826,-383.429595947,374.410522461,-163.109390259,102.61554718],[3346.59179688,1334.1875,-79.34765625,-392.428100586,125.671913147,-302.631500244,51.3623085022,-171.70552063,33.3198928833,-130.244796753,97.7233047485,-56.9223136902,20.6930599213],[-1260.97937012,-79.34765625,600.069824219,312.551818848,-88.4636688232,194.348968506,-7.82105350494,91.7585144043,-28.2117710114,29.6911373138,-93.9051589966,-12.6480321884,-13.0986633301],[-1484.36401367,-392.428100586,312.551818848,443.341674805,75.6714324951,193.127166748,-6.31712818146,76.3975524902,-32.3117408752,17.7561092377,-84.1677627563,7.57670021057,-26.0673503876],[270.215789795,125.671913147,-88.4636688232,75.6714324951,344.81036377,67.1068878174,57.6463623047,-39.229221344,6.06102705002,-91.251625061,-2.49463772774,-24.2272205353,-25.9865226746],[-1194.07714844,-302.631500244,194.348968506,193.127166748,67.1068878174,326.37802124,41.4158859253,77.6772842407,-18.9664077759,18.2207107544,-89.8622970581,-7.0950922966,-12.5726423264],[96.9862823486,51.3623085022,-7.82105350494,-6.31712818146,57.6463623047,41.4158859253,130.910598755,31.6528816223,9.92142868042,-42.125541687,-7.91705226898,-19.2166652679,-16.1906986237],[-515.575439453,-171.70552063,91.7585144043,76.3975524902,-39.229221344,77.6772842407,31.6528816223,111.390731812,20.0707530975,23.2933177948,-24.2598743439,5.9230556488,-5.97737216949],[-44.5194358826,33.3198928833,-28.2117710114,-32.3117408752,6.06102705002,-18.9664077759,9.92142868042,20.0707530975,73.3125457764,28.0266304016,15.006360054,2.57026553154,-6.43811368942],[-383.429595947,-130.244796753,29.6911373138,17.7561092377,-91.251625061,18.2207107544,-42.125541687,23.2933177948,28.0266304016,114.425674438,26.8758068085,19.4967880249,9.94846534729],[374.410522461,97.7233047485,-93.9051589966,-84.1677627563,-2.49463772774,-89.8622970581,-7.91705226898,-24.2598743439,15.006360054,26.8758068085,90.8944320679,31.2022628784,4.11361169815],[-163.109390259,-56.9223136902,-12.6480321884,7.57670021057,-24.2272205353,-7.0950922966,-19.2166652679,5.9230556488,2.57026553154,19.4967880249,31.2022628784,62.9923934937,28.6032810211],[102.61554718,20.6930599213,-13.0986633301,-26.0673503876,-25.9865226746,-12.5726423264,-16.1906986237,-5.97737216949,-6.43811368942,9.94846534729,4.11361169815,28.6032810211,62.3310966492]],"icov":[[0.00017470138846,-0.000501428148709,0.000440230884124,-0.000105366831122,0.0000691768873367,0.000108256237581,0.0000614231321379,-0.000410508131608,0.000610468909144,-0.000131336506456,0.0000475801571156,0.000217948123463,-0.0000645685722702],[-0.000501428148709,0.00419839518145,-0.00408660946414,0.00335420318879,-0.00228841020726,0.0016408325173,-0.00111891468987,0.0033560784068,-0.00289476080798,0.00146642769687,-0.00142831949051,0.000972736976109,-0.00150140759069],[0.000440230884124,-0.00408660946414,0.00779435737059,-0.00653674919158,0.00516568822786,-0.00373206869699,0.00169856939465,-0.00305838696659,0.00105863658246,0.00137154967524,-0.000958870339673,0.00215517869219,0.0000496722532262],[-0.000105366831122,0.00335420318879,-0.00653674919158,0.0111610237509,-0.00770643353462,0.00444978289306,-0.00119722296949,-0.000477333669551,0.00409631291404,-0.00573357753456,0.00738663459197,-0.00628205575049,0.00341528886929],[0.0000691768873367,-0.00228841020726,0.00516568822786,-0.00770643353462,0.011276435107,-0.00711587164551,0.00137649138924,0.00274376058951,-0.00650599878281,0.0105000082403,-0.00971294473857,0.0066786473617,-0.00237652682699],[0.000108256237581,0.0016408325173,-0.00373206869699,0.00444978289306,-0.00711587164551,0.0111411288381,-0.00396268256009,-0.00218130392022,0.00607099523768,-0.00935129262507,0.0117918103933,-0.00641987100244,0.00268317363225],[0.0000614231321379,-0.00111891468987,0.00169856939465,-0.00119722296949,0.00137649138924,-0.00396268256009,0.012879723683,-0.00515146739781,-0.00264774891548,0.00743633834645,-0.00607690913603,0.00527668651193,-0.000728039129172],[-0.000410508131608,0.0033560784068,-0.00305838696659,-0.000477333669551,0.00274376058951,-0.00218130392022,-0.00515146739781,0.0196567829698,-0.0094302110374,0.00285954913124,-0.0019860630855,-0.00013911719725,-0.00126537680626],[0.000610468909144,-0.00289476080798,0.00105863658246,0.00409631291404,-0.00650599878281,0.00607099523768,-0.00264774891548,-0.0094302110374,0.0272947754711,-0.0159380976111,0.011194399558,-0.00800949241966,0.00711142318323],[-0.000131336506456,0.00146642769687,0.00137154967524,-0.00573357753456,0.0105000082403,-0.00935129262507,0.00743633834645,0.00285954913124,-0.0159380976111,0.030290581286,-0.0231000352651,0.0137066692114,-0.00892922282219],[0.0000475801571156,-0.00142831949051,-0.000958870339673,0.00738663459197,-0.00971294473857,0.0117918103933,-0.00607690913603,-0.0019860630855,0.011194399558,-0.0231000352651,0.0421205461025,-0.0269820764661,0.0142888659611],[0.000217948123463,0.000972736976109,0.00215517869219,-0.00628205575049,0.0066786473617,-0.00641987100244,0.00527668651193,-0.00013911719725,-0.00800949241966,0.0137066692114,-0.0269820764661,0.0404093898833,-0.0197871103883],[-0.0000645685722702,-0.00150140759069,0.0000496722532262,0.00341528886929,-0.00237652682699,0.00268317363225,-0.000728039129172,-0.00126537680626,0.00711142318323,-0.00892922282219,0.0142888659611,-0.0197871103883,0.0276236459613]],"mean":[-163.985748291,96.1293029785,-51.1247558594,-3.47017335892,-15.1034889221,-8.04816055298,-12.7962217331,-9.95216846466,-12.1016750336,-20.457151413,-5.4627122879,-12.1320362091,-14.8087368011]},"hfc":{"dmean":40.9254951477,"dmean2":60.7400817871,"dvar":5198.54492188,"dvar2":10972.9414062,"max":1876.49230957,"mean":96.0172576904,"median":37.0487937927,"min":1.15313397843e-16,"var":27710.3828125},"melbands":{"dmean":[0.000135747264721,0.000429752195487,0.000352845498128,0.000294022145681,0.000306183530483,0.000278517924016,0.000146903374116,0.000114221562399,0.000116159848403,0.000084045175754,0.0000270272284979,0.000018280268705,0.0000151748317876,0.0000160688905453,0.000011226487004,0.00000991504839476,0.0000049118680181,0.00000406523713536,0.00000171668602889,8.5379747361e-7,8.02118677257e-7,7.90517276528e-7,6.45405293653e-7,6.25613495231e-7,4.87687998429e-7,2.95228574032e-7,2.37476072584e-7,1.26448185256e-7,5.91811257777e-8,3.79450781907e-8,2.92897386345e-8,2.42560798114e-8,2.91062143276e-8,3.3836528246e-8,3.82279594646e-8,3.37414185481e-8,2.83862195971e-8,2.35466703913e-8,1.57229127495e-8,8.9512859347e-9],"dmean2":[0.000227026466746,0.000696113391314,0.000582577078603,0.00045505608432,0.000458454102045,0.000399541226216,0.000211005317396,0.000171578794834,0.000176994799403,0.000128527186462,0.0000410348184232,0.0000285647020064,0.0000240167719312,0.0000245617648034,0.0000174823617272,0.0000152149541464,0.00000743078362575,0.00000631579223409,0.00000259508669842,0.00000131812021209,0.00000122782739709,0.00000118894456591,9.74864633463e-7,9.46413422298e-7,7.19290824236e-7,4.52435330089e-7,3.60279642564e-7,1.92224419493e-7,9.18673279671e-8,6.09388379758e-8,4.77736179505e-8,3.96846502326e-8,4.74339110212e-8,5.49671952399e-8,6.3816592899e-8,5.57937092083e-8,4.72675907304e-8,3.95683166232e-8,2.59746144593e-8,1.4661051928e-8],"dvar":[4.87173394959e-8,4.83524786432e-7,4.29480792263e-7,0.00000175363993549,0.00000199712553695,0.00000200406839213,5.90950037349e-7,5.47984370769e-7,6.88797172188e-7,1.97476737185e-7,1.93854923225e-8,1.08175211011e-8,4.63888438773e-9,4.88696150214e-9,3.55146800857e-9,2.88355095357e-9,5.02419716941e-10,5.22864751495e-10,1.00465587238e-10,9.34899813815e-12,5.57616973429e-12,8.55261347854e-12,4.33723456456e-12,3.7912164727e-12,2.26809109688e-12,8.30895682119e-13,5.83983761956e-13,1.58533830594e-13,4.0230886927e-14,1.79592922971e-14,1.15792038162e-14,9.07572678984e-15,1.96691130045e-14,3.77159580151e-14,7.67187013787e-14,4.10994819449e-14,4.56948017022e-14,4.28792879025e-14,9.36718066259e-15,1.06359449615e-15],"dvar2":[1.3042546243e-7,0.00000120069626064,0.00000110858877633,0.00000407191100749,0.0000045370652515,0.00000426281349064,0.00000112688019271,0.0000011814612435,0.00000134878189328,4.85317400489e-7,4.0596756179e-8,2.54022367585e-8,1.05671214001e-8,1.178717568e-8,8.57487947314e-9,6.23236706687e-9,1.11511899714e-9,1.09308351259e-9,1.91669180527e-10,2.10012354729e-11,1.3508300381e-11,1.77233262788e-11,9.59086542823e-12,8.43774095732e-12,4.65984412515e-12,1.85826527777e-12,1.31284252133e-12,3.55541740797e-13,8.82447394779e-14,4.20685520111e-14,2.71644990844e-14,2.18317795482e-14,5.07498638383e-14,9.9130651062e-14,2.06343311036e-13,1.0548288317e-13,1.25272825425e-13,1.19434600014e-13,2.4398125054e-14,2.48291106642e-15],"max":[0.00422738585621,0.0095141408965,0.0228695385158,0.0437363013625,0.0430324487388,0.0419729277492,0.0368382818997,0.0362323224545,0.0443153642118,0.0196824278682,0.00458385050297,0.00519608706236,0.00230478774756,0.00204519578256,0.00231149257161,0.0028320827987,0.000772920087911,0.00109568051994,0.000662941485643,0.0000958115342655,0.0000587038994126,0.000177585505298,0.0000733645356377,0.000046780663979,0.0000507292425027,0.0000283048411802,0.0000212619797821,0.00000879841900314,0.00000589987530475,0.0000038393691284,0.00000321307038575,0.0000035481341456,0.00000505424532093,0.00000660555724608,0.0000088253245849,0.00000635907144897,0.00000938633911574,0.0000106586230686,0.00000407186644225,8.97681900369e-7],"mean":[0.000190109058167,0.00061267305864,0.000502728740685,0.00039895408554,0.00048161437735,0.000495828280691,0.000289008166874,0.000150973603013,0.000167001926457,0.000123145175166,0.0000395171227865,0.0000257760639215,0.0000250475004577,0.0000265398975898,0.0000198107991309,0.0000159553765116,0.00000854460722621,0.00000655698431729,0.00000280046356238,0.00000145186447753,0.00000154027372901,0.00000157105239396,0.00000128428098378,0.00000108563756385,7.55973587729e-7,4.62385031597e-7,3.64875660352e-7,1.79279794565e-7,7.37395637884e-8,4.32105480286e-8,3.16699484415e-8,2.58851606816e-8,3.22520286034e-8,3.73255524266e-8,3.88650178706e-8,3.56443550231e-8,2.73318754296e-8,2.1500310865e-8,1.53099790623e-8,9.49503498049e-9],"median":[0.0000907161011128,0.000274122401606,0.000271380180493,0.0000676357230986,0.0000202952705877,0.00000706764740244,0.00000424442032454,0.00000540344444744,0.00000409672384194,0.00000278046991298,0.00000219378375732,0.00000221063032768,0.00000134998253998,9.63186721492e-7,7.8018166505e-7,7.14999430329e-7,3.7543489384e-7,3.14477347274e-7,2.2664771393e-7,1.62270154647e-7,1.46112313359e-7,1.26666023448e-7,1.0140079354e-7,1.00236569267e-7,9.23783218809e-8,6.13352426626e-8,4.10482599023e-8,2.43131381694e-8,1.44552467773e-8,9.05851660349e-9,6.05776007134e-9,4.61660354389e-9,6.03267791277e-9,7.53359419292e-9,7.99309063382e-9,8.00319188698e-9,5.0705639687e-9,3.84308807e-9,3.2093148139e-9,1.67833114073e-9],"min":[9.98031791861e-24,9.59494043375e-24,1.21476951119e-23,6.25096378969e-24,2.29031753661e-23,2.97808244584e-23,1.03590255845e-23,1.30492353311e-23,1.75196982481e-23,7.42841915454e-24,7.86170652876e-24,9.29560716327e-24,1.43192516903e-23,7.50295467717e-24,8.37981932726e-24,9.40605557861e-24,4.25007174613e-24,8.18149417366e-24,8.09397084508e-24,5.46015558132e-24,1.14602667307e-23,9.71024902113e-24,4.71294732076e-24,7.0282426391e-24,1.17431270078e-23,1.38581688021e-23,1.10048620633e-23,1.63169393808e-23,1.19371378811e-23,1.27878794023e-23,1.30372257127e-23,9.80424574229e-24,1.20348611812e-23,8.37694156267e-24,9.98810870891e-24,9.14971917176e-24,1.24378444637e-23,1.04769240023e-23,1.09562761202e-23,7.42457109104e-24],"var":[7.16295218695e-8,8.0745098785e-7,6.06162188888e-7,0.00000222655626203,0.00000383659698855,0.00000458175009044,0.00000194894482775,7.98992346063e-7,0.00000118779371405,3.76152968329e-7,3.70164379149e-8,2.13994031384e-8,1.26130252909e-8,1.22088419374e-8,8.07543720782e-9,6.24357987533e-9,1.651027981e-9,1.23713084221e-9,2.30824692693e-10,2.22956722529e-11,1.81109016673e-11,2.90290950999e-11,1.58032493341e-11,1.15306271475e-11,5.08609343877e-12,1.62395194948e-12,1.24976287999e-12,2.7642970378e-13,5.55237991272e-14,2.06816900709e-14,1.30637129125e-14,9.79332463242e-15,1.70138832493e-14,2.94866094161e-14,5.33802704459e-14,3.18994132595e-14,3.04730131645e-14,2.72397613499e-14,7.13166505018e-15,1.18691243476e-15]},"melbands_crest":{"dmean":3.96460723877,"dmean2":6.60681343079,"dvar":10.4243211746,"dvar2":28.3532810211,"max":39.6274108887,"mean":17.6105880737,"median":17.5520458221,"min":1.6214543581,"var":26.0829277039},"melbands_flatness_db":{"dmean":0.0417481325567,"dmean2":0.0654611736536,"dvar":0.00118909031153,"dvar2":0.00281948363408,"max":0.531178236008,"mean":0.315256148577,"median":0.319646865129,"min":0.0052761095576,"var":0.00552507909015},"melbands_kurtosis":{"dmean":22.1092796326,"dmean2":35.3992881775,"dvar":1028.01464844,"dvar2":2445.1784668,"max":667.985107422,"mean":42.5125389099,"median":27.6066551208,"min":-1.77382290363,"var":2308.3112793},"melbands_skewness":{"dmean":1.19975304604,"dmean2":1.89561712742,"dvar":1.41553354263,"dvar2":3.2725045681,"max":24.2519817352,"mean":4.2821559906,"median":4.14266490936,"min":-1.34202075005,"var":5.79157066345},"melbands_spread":{"dmean":3.44680476189,"dmean2":5.49038362503,"dvar":42.7010383606,"dvar2":97.6696777344,"max":156.474090576,"mean":8.81998729706,"median":4.78949642181,"min":0.400343328714,"var":255.034164429},"mfcc":{"cov":[[11739.8193359,3009.4128418,-1708.63818359,-203.494522095,-490.546020508,-493.02722168,-319.910125732,-260.30178833,-556.482177734,-272.366546631,80.8064346313,-67.6423873901,70.0281677246],[3009.4128418,1658.45275879,-304.030731201,-49.3262062073,-72.5376663208,-122.063217163,-82.394821167,-37.8325767517,-168.603622437,-67.2321624756,21.9657993317,-22.4178276062,26.5871715546],[-1708.63818359,-304.030731201,752.139099121,118.975830078,29.7816047668,76.8918838501,49.4130325317,4.82410669327,126.763244629,48.9873847961,-15.113702774,9.55129909515,-21.1206283569],[-203.494522095,-49.3262062073,118.975830078,238.973342896,102.845336914,29.7965507507,29.9525661469,30.7683048248,1.14926743507,10.6681814194,-17.0426673889,-9.02901744843,5.65707540512],[-490.546020508,-72.5376663208,29.7816047668,102.845336914,241.122802734,135.364135742,62.9521751404,64.8933639526,44.0413360596,-0.730331301689,-11.9796819687,11.8914756775,-4.50345087051],[-493.02722168,-122.063217163,76.8918838501,29.7965507507,135.364135742,186.641281128,91.3871917725,54.3666763306,68.2971191406,16.77161026,-12.5302562714,1.1495680809,-16.3287849426],[-319.910125732,-82.394821167,49.4130325317,29.9525661469,62.9521751404,91.3871917725,127.803291321,84.5618209839,40.717086792,29.2734107971,-11.3287649155,-15.0030632019,-14.9738731384],[-260.30178833,-37.8325767517,4.82410669327,30.7683048248,64.8933639526,54.3666763306,84.5618209839,133.448043823,56.3704872131,30.0764904022,-17.4948253632,-9.38574504852,-13.1833171844],[-556.482177734,-168.603622437,126.763244629,1.14926743507,44.0413360596,68.2971191406,40.717086792,56.3704872131,126.00125885,34.6240158081,-6.75095176697,3.51848936081,-10.3092088699],[-272.366546631,-67.2321624756,48.9873847961,10.6681814194,-0.730331301689,16.77161026,29.2734107971,30.0764904022,34.6240158081,85.4336853027,16.0066051483,-4.63553667068,-11.9817781448],[80.8064346313,21.9657993317,-15.113702774,-17.0426673889,-11.9796819687,-12.5302562714,-11.3287649155,-17.4948253632,-6.75095176697,16.0066051483,67.7869110107,28.8084640503,0.3927115798],[-67.6423873901,-22.4178276062,9.55129909515,-9.02901744843,11.8914756775,1.1495680809,-15.0030632019,-9.38574504852,3.51848936081,-4.63553667068,28.8084640503,71.1805496216,31.767616272],[70.0281677246,26.5871715546,-21.1206283569,5.65707540512,-4.50345087051,-16.3287849426,-14.9738731384,-13.1833171844,-10.3092088699,-11.9817781448,0.3927115798,31.767616272,63.0548057556]],"icov":[[0.000298455852317,-0.000437848706497,0.000585558882449,-0.000455669563962,0.000641211983748,-0.0000943606210058,-0.000172560816281,0.000387267587939,-0.000241940768319,0.000422427809099,-0.000110414344817,-0.000107721294626,0.000247198244324],[-0.000437848706497,0.00139822834171,-0.000815477047581,0.000810902565718,-0.000939933117479,0.0000605974601058,0.00079276895849,-0.00124882895034,0.00131998630241,-0.000312348565785,-0.000404565769713,0.000849088828545,-0.000842273468152],[0.000585558882449,-0.000815477047581,0.00328799244016,-0.00237989192829,0.00205581495538,-0.000253362435615,-0.00145529396832,0.00267759151757,-0.00301324087195,0.000498881621752,0.000722724827938,-0.00161242985632,0.00171382981353],[-0.000455669563962,0.000810902565718,-0.00237989192829,0.00749235460535,-0.00499697215855,0.00199791789055,0.000170443294337,-0.00167597015388,0.00300719100051,-0.00181381590664,0.000445084500825,0.00238338764757,-0.00251118908636],[0.000641211983748,-0.000939933117479,0.00205581495538,-0.00499697215855,0.011695722118,-0.00767982378602,0.00193324172869,-0.00221262848936,-0.000657800061163,0.00290356692858,-0.00057147780899,-0.0024609095417,0.00135172915179],[-0.0000943606210058,0.0000605974601058,-0.000253362435615,0.00199791789055,-0.00767982378602,0.0159155167639,-0.00987049750984,0.00537315383554,-0.00482509657741,-0.000300217710901,0.00219624559395,-0.00178391521331,0.00220670201816],[-0.000172560816281,0.00079276895849,-0.00145529396832,0.000170443294337,0.00193324172869,-0.00987049750984,0.0218872372061,-0.0129012493417,0.00515426136553,-0.0018066202756,-0.00258761993609,0.00483420817181,-0.00248309480958],[0.000387267587939,-0.00124882895034,0.00267759151757,-0.00167597015388,-0.00221262848936,0.00537315383554,-0.0129012493417,0.019950363785,-0.00832691136748,-0.00199491973035,0.00490991398692,-0.0037065630313,0.0035809094552],[-0.000241940768319,0.00131998630241,-0.00301324087195,0.00300719100051,-0.000657800061163,-0.00482509657741,0.00515426136553,-0.00832691136748,0.0173219814897,-0.00344397011213,-0.000172243468114,0.000868652481586,-0.00163935497403],[0.000422427809099,-0.000312348565785,0.000498881621752,-0.00181381590664,0.00290356692858,-0.000300217710901,-0.0018066202756,-0.00199491973035,-0.00344397011213,0.0170061793178,-0.00651729060337,0.00246602389961,0.00074255571235],[-0.000110414344817,-0.000404565769713,0.000722724827938,0.000445084500825,-0.00057147780899,0.00219624559395,-0.00258761993609,0.00490991398692,-0.000172243468114,-0.00651729060337,0.0233978293836,-0.012909354642,0.00652689300478],[-0.000107721294626,0.000849088828545,-0.00161242985632,0.00238338764757,-0.0024609095417,-0.00178391521331,0.00483420817181,-0.0037065630313,0.000868652481586,0.00246602389961,-0.012909354642,0.027475412935,-0.0144083527848],[0.000247198244324,-0.000842273468152,0.00171382981353,-0.00251118908636,0.00135172915179,0.00220670201816,-0.00248309480958,0.0035809094552,-0.00163935497403,0.00074255571235,0.00652689300478,-0.0144083527848,0.024657683447]],"mean":[-836.815551758,162.875457764,21.3547706604,21.9616699219,16.3216114044,6.19363927841,8.71240711212,12.47590065,-7.03224945068,5.78246450424,-3.40638113022,-1.97794127464,-3.53746986389]},"pitch_salience":{"dmean":0.0935091301799,"dmean2":0.152879446745,"dvar":0.00615392159671,"dvar2":0.0156992822886,"max":0.966767549515,"mean":0.549330353737,"median":0.56173324585,"min":0.0222244523466,"var":0.015383454971},"silence_rate_20dB":{"dmean":0.000240847788518,"dmean2":0.000481753580971,"dvar":0.000240762587055,"dvar2":0.000722289609257,"max":1,"mean":0.999879598618,"median":1,"min":0,"var":0.000120388096548},"silence_rate_30dB":{"dmean":0.0139691717923,"dmean2":0.0279417075217,"dvar":0.0137758105993,"dvar2":0.0310164820403,"max":1,"mean":0.965924143791,"median":1,"min":0,"var":0.0329135209322},"silence_rate_60dB":{"dmean":0.0932080894709,"dmean2":0.186438634992,"dvar":0.0845163166523,"dvar2":0.171429872513,"max":1,"mean":0.370860934258,"median":0,"min":0,"var":0.233336344361},"spectral_centroid":{"dmean":151.590530396,"dmean2":230.83656311,"dvar":52324.9765625,"dvar2":98369.9921875,"max":10448.9003906,"mean":578.70324707,"median":419.157806396,"min":132.875366211,"var":316610.375},"spectral_complexity":{"dmean":1.37162816525,"dmean2":2.11754798889,"dvar":2.85704255104,"dvar2":5.59160089493,"max":32,"mean":5.17543649673,"median":3,"min":0,"var":29.7637481689},"spectral_contrast_coeffs":{"dmean":[0.0540558025241,0.0414229780436,0.0341032780707,0.0281791407615,0.0262756869197,0.0189828313887],"dmean2":[0.0879640206695,0.067720413208,0.0548605546355,0.0453753136098,0.0406087338924,0.0299635566771],"dvar":[0.00187562266365,0.00120783806778,0.000798857945483,0.000536165724043,0.000505460659042,0.000397513533244],"dvar2":[0.00489735556766,0.00304701854475,0.00204570987262,0.00136326544452,0.00117575388867,0.000956479110755],"max":[-0.289474695921,-0.414144784212,-0.528872311115,-0.584760248661,-0.623489618301,-0.613318443298],"mean":[-0.666700720787,-0.811025857925,-0.833295345306,-0.846277296543,-0.84704041481,-0.847491919994],"median":[-0.668218314648,-0.827902674675,-0.842109143734,-0.85325139761,-0.856176555157,-0.853775680065],"min":[-0.956524252892,-0.98278683424,-0.964944243431,-0.97905176878,-0.96585392952,-0.961585760117],"var":[0.00715334480628,0.00617844006047,0.00360103067942,0.00293027004227,0.00291787786409,0.000828470627312]},"spectral_contrast_valleys":{"dmean":[0.479409277439,0.452886879444,0.424539506435,0.423973798752,0.409092277288,0.498839229345],"dmean2":[0.742014229298,0.674585461617,0.618423581123,0.614139676094,0.600589632988,0.773327827454],"dvar":[0.160101428628,0.165197342634,0.149489954114,0.15119408071,0.146423026919,0.230463922024],"dvar2":[0.344579488039,0.304700255394,0.270155459642,0.279064625502,0.275824815035,0.505980730057],"max":[-5.6279668808,-3.87884068489,-4.88711738586,-5.72657632828,-6.38324737549,-8.77092075348],"mean":[-8.07083129883,-7.94833135605,-8.61545658112,-9.29654502869,-9.52122783661,-12.0021800995],"median":[-7.77730369568,-7.81787919998,-8.46448326111,-9.18678855896,-9.46825027466,-12.0561151505],"min":[-27.3662834167,-27.0887317657,-26.9365005493,-27.4318695068,-27.1441135406,-27.1245574951],"var":[2.0145406723,2.45526504517,2.16456532478,1.76974093914,1.32504010201,1.01215732098]},"spectral_decrease":{"dmean":9.33953692162e-10,"dmean2":1.38707556552e-9,"dvar":7.17443854642e-18,"dvar2":1.44720244337e-17,"max":4.22596935223e-9,"mean":-1.9172758936e-9,"median":-2.43504549857e-10,"min":-7.52608499965e-8,"var":2.98634766619e-17},"spectral_energy":{"dmean":0.00640106853098,"dmean2":0.00935989897698,"dvar":0.000209118486964,"dvar2":0.000416154420236,"max":0.341079860926,"mean":0.0159452743828,"median":0.00521441409364,"min":1.06557374197e-20,"var":0.00107953709085},"spectral_energyband_high":{"dmean":0.0000483179101138,"dmean2":0.0000685015329509,"dvar":2.49340779135e-8,"dvar2":5.20809528837e-8,"max":0.00476418808103,"mean":0.000104272570752,"median":0.0000150909427248,"min":7.56801194136e-21,"var":7.00290740951e-8},"spectral_energyband_low":{"dmean":0.00179855432361,"dmean2":0.00290732248686,"dvar":0.00000782075949246,"dvar2":0.0000196830278583,"max":0.0342371352017,"mean":0.00284329266287,"median":0.00157557579223,"min":9.44573023343e-23,"var":0.0000133891398946},"spectral_energyband_middle_high":{"dmean":0.00034827136551,"dmean2":0.000503289978951,"dvar":0.00000166884626651,"dvar2":0.0000031535821563,"max":0.0483707413077,"mean":0.000933682895266,"median":0.0000823710070108,"min":1.41841088363e-21,"var":0.00000980498589342},"spectral_energyband_middle_low":{"dmean":0.00364776677452,"dmean2":0.00532191572711,"dvar":0.000134700341732,"dvar2":0.000268948060693,"max":0.294175624847,"mean":0.00848208554089,"median":0.0012540834723,"min":4.31839372696e-22,"var":0.000575305137318},"spectral_entropy":{"dmean":0.305093169212,"dmean2":0.466664224863,"dvar":0.0701372995973,"dvar2":0.163581341505,"max":9.80939483643,"mean":7.04706287384,"median":7.03281879425,"min":4.7403383255,"var":0.328644067049},"spectral_flux":{"dmean":0.0183805003762,"dmean2":0.0291059091687,"dvar":0.00063193961978,"dvar2":0.00148923974484,"max":0.492545187473,"mean":0.0539009422064,"median":0.0395241416991,"min":1.03226628634e-10,"var":0.0026242674794},"spectral_kurtosis":{"dmean":5.96784591675,"dmean2":9.15487766266,"dvar":43.549331665,"dvar2":108.095710754,"max":106.426017761,"mean":19.5924568176,"median":17.0744590759,"min":-1.15228307247,"var":151.921081543},"spectral_rms":{"dmean":0.000704947742634,"dmean2":0.000995763461106,"dvar":7.87380940892e-7,"dvar2":0.00000148430069657,"max":0.0182417333126,"mean":0.00290488870814,"median":0.00225548958406,"min":3.22425831693e-12,"var":0.00000711801521902},"spectral_rolloff":{"dmean":1982.19128418,"dmean2":3851.99511719,"dvar":33461120,"dvar2":85850680,"max":22050,"mean":19043.3730469,"median":21899.2675781,"min":21.533203125,"var":49111736},"spectral_skewness":{"dmean":0.49188709259,"dmean2":0.741983532906,"dvar":0.210167765617,"dvar2":0.506993532181,"max":8.18368911743,"mean":3.2883040905,"median":3.2154481411,"min":0.0832603275776,"var":0.994686722755},"spectral_spread":{"dmean":721838.4375,"dmean2":1063333,"dvar":529562140672,"dvar2":942145667072,"max":39528564,"mean":4909752.5,"median":4635297,"min":1389626.75,"var":3199896649730},"spectral_strongpeak":{"dmean":4.00550889969,"dmean2":7.40256786346,"dvar":102.403953552,"dvar2":280.85723877,"max":122.272621155,"mean":3.64267134666,"median":0.205677911639,"min":0,"var":103.674613953},"zerocrossingrate":{"dmean":0.0408880263567,"dmean2":0.0522076934576,"dvar":0.00131802493706,"dvar2":0.00203624507412,"max":0.689453125,"mean":0.37433770299,"median":0.39892578125,"min":0,"var":0.015286388807}},"metadata":{"audio_properties":{"analysis_sample_rate":44100,"bit_rate":192000,"codec":"mp3","downmix":"mix","equal_loudness":0,"length":192.809799194,"lossless":false,"md5_encoded":"7ced0de549f3824b3d2154853e0da57b","replay_gain":-2.56940460205,"sample_rate":44100},"tags":{"acoustid_fingerprint":["AQADtJIy6pqCowkTxkcyL0IuvWiS8Sjz4GJGHGHqok7kQ09wXGSOKzyu6BMqcQ7CcCSuVBRO_MOlI8xOGtqZ40HMKDlqk0azLFGIH_-Fc-uQuoSeH_nS4j-O5hK6TVIkPNqDS6yQZ4d-PAlzhGiOZ8StmLiIH19UB880ozlyiDkR_vhINB8qL1GW4FKH8olgRka6R4e2C0cN_1CdiC26u_iPh4O-HGV-NCd2SHJ4qNnxB9Ge6DiPXTUe5WByJajxvdiWp0d-ImlQ-UTzRcbzHTWjBr1WfDjiJSnUTD9-aPkRXhFOIg--5VAzPeinzISWNhryhsHjEr-DK0-LR0fHG0mUSDryB83RJ0H_Cc3xrF0QMdF2JGVu_Gjyobtw3viJSxnxXShvGU3yC6cYRgifSUfTJsV1lPnRPMejXPiSh6glD2I3VJWERqM4lI2KKzuOx6uhpVOK8hOuPNAJecmLmJdQMiOaZUxn_Ljzo9miD2U-xF5yJKeO54WX6DgzNsWvoFv4wuHiDD2epxRmEkkZIc52-GGk41fAx9FwHq6MIznS9-B0rLxQbbzw5fDp4Cl-Y_uYgPmhiWOwJYuG_vgx_Siv4cuPL8edGaZl8DF2WXDadPgzHR-jY6MaG-yPY3qCJhTiNHyQ_MHzJnhiGX5ynMGD_USiLcmP_Jh-o1FzPMd9fMjTvIEmRSeafoNeHfnR7EHDHs-RJz80JnrQnIivHA-P6xPSZQweZgV0nnCj49fxbDr-x8h1PMpxLfHgHT8uHpcyD2FqaJ8sPJGIMBPKLCueMit-NI0-ov7xDzlTIfmJZx9-5UVXKUvQXNlwHXnCHVr6KdBk5KTQSyKm5MnwHFfGEH4qCfsFPRcaJ4fRS8bDRInRRO7Q4nuR_-jzodliCvWFJqsC-aiGnhfOF8eXose1Qzz6-Gjq5Gh5PCd0Em6TI0424zea-kepq0JzNug1T7gaVH_QqNMQkztUSUd-nNXRt_B7_McTMciX7NBEmrjI4Dny6VRx48kiCemR83gXFv-QH7pkPOOInMG_o1GFPsQXlchzopwLPUTo43XhiIky4R4uo1ckCelr6HB25FmT4JcKt6iub7i-YHoO6oKxq-iFHxOrHc0yNahzuMZdI9HXIIyKWcmDNsoJR_zSwTf644ebR0e-Q1_R44mWo2LwF9eGhqhOfCpCSUmG4IWW94j44ZlesNEXbNNxpfhRNHEnFsmUuEwQMsslnErxHv3xBk2HWyueJH4xDzzQXOiHOFP0BKqU6EXzIPyOH-PL4HmKhjt6XD6uXMSvopGWwzlKrcdz4182_PgnNJdSlHLxSEfyI7SEJkxz_MUXdCfcoKLwLMvRvOFQJ0JSKkeco1nOoGSW43jQTEfYV9ClDpciyPpRkmjq4DzODdcPM0YeJXh1fCT84MeTII-g8UaY9_g9PIkenCKFZszCEpGgM0dGRUyPKdGPWj_uoB_hD-FT7Uhe7DF4