{"lowlevel":{"average_loudness":0.83364802599,"barkbands":{"dmean":[0.0000264155569312,0.00106302602217,0.0016662911512,0.00163253315259,0.00121871661395,0.000915282696951,0.0013076546602,0.000617918325588,0.000742375676055,0.000508168013766,0.00044139768579,0.000441272044554,0.000531195895746,0.000446597317932,0.000594830897171,0.000441400305135,0.000252863130299,0.000240888868575,0.000231632264331,0.000150273292093,0.000152411943418,0.000133125096909,0.00026927140425,0.000127297651488,0.000259608059423,0.000078258170106,0.0000154017925524],"dmean2":[0.000045173237595,0.00187070027459,0.00292051793076,0.00282909604721,0.00197339407168,0.00150326243602,0.00208587083034,0.00099984719418,0.00124143436551,0.000837248924654,0.000727378879674,0.000725080550183,0.000865732959937,0.000732520886231,0.000971903093159,0.0006972932606,0.000406475621276,0.000390788220102,0.000377729535103,0.000239896806306,0.000242451002123,0.000206157914363,0.000425171718234,0.000187364654266,0.000386667408748,0.000112433146569,0.0000209888548852],"dvar":[8.18739476216e-9,0.00000604489605394,0.0000173871085281,0.00000976295996225,0.00000482828045278,0.0000035414013837,0.00000990569697024,0.00000200377689907,0.00000214459237213,0.00000103688364561,9.86088934951e-7,7.75774424255e-7,0.00000116908699965,8.22287859137e-7,9.457919532e-7,5.13284760473e-7,1.57051857741e-7,1.08115159492e-7,8.33826376834e-8,3.54885827392e-8,3.77800972728e-8,2.83746377505e-8,1.40098961765e-7,4.80030095673e-8,1.31024862071e-7,2.59556678373e-8,6.54733822714e-10],"dvar2":[2.14855475633e-8,0.0000167050820892,0.0000466795754619,0.0000263484216703,0.000012269412764,0.00000913761687116,0.0000240468143602,0.00000483997337142,0.00000565968593946,0.00000272755391961,0.00000262888897851,0.00000212257896237,0.00000300014698951,0.00000215464979192,0.00000251184701483,0.0000011949838381,4.14746040178e-7,2.76257594578e-7,2.20588603383e-7,8.85013093921e-8,9.55247259071e-8,6.68507453838e-8,3.46635147253e-7,1.01394697083e-7,2.95465326872e-7,5.80937040695e-8,1.32774513606e-9],"max":[0.00233587576076,0.0375557802618,0.0397172383964,0.0324895195663,0.0358528457582,0.0312040708959,0.0799699649215,0.0268618315458,0.0261410940439,0.0196310505271,0.0235478505492,0.0205924641341,0.0289699304849,0.0160092562437,0.0207956805825,0.018947718665,0.00816486589611,0.00544130057096,0.00554292183369,0.00443097576499,0.00496633863077,0.00317110633478,0.00496088620275,0.0043380567804,0.00604942487553,0.00517976051196,0.000554411672056],"mean":[0.0000249301519943,0.00111595005728,0.00139539828524,0.00169657287188,0.00172625028063,0.00113359000534,0.00190403475426,0.000850858283229,0.0011218553409,0.000759037618991,0.000707618484739,0.000717804010492,0.00095263554249,0.00080354482634,0.0011332022259,0.000896677665878,0.000566312519368,0.000593362434302,0.000604007276706,0.000391383422539,0.000394826114643,0.000360919337254,0.000546428083908,0.000314156612149,0.000545250892173,0.000159076080308,0.00002717843563],"median":[0.00000483989242639,0.000588060705923,0.000372018344933,0.000609517446719,0.000828293792438,0.00029970012838,0.000500786118209,0.000228085322306,0.000286194233922,0.00024839604157,0.000243633752689,0.000278168008663,0.000350724993041,0.000271929282462,0.000579271698371,0.000455275672721,0.000337806646712,0.000404401216656,0.00048412612523,0.000315480487188,0.000326745677739,0.000281774729956,0.000416745402617,0.000189124213648,0.000371233356418,0.0000837611514726,0.0000109217962745],"min":[6.43990347066e-25,1.06584140753e-24,1.44114888572e-24,1.61701852201e-24,2.19551211469e-24,7.52578273405e-24,9.53399698452e-24,3.36932156166e-24,8.35020075571e-24,2.28363478034e-23,1.95718504733e-23,2.22284799888e-23,2.95185944717e-23,3.81385249147e-23,6.17814214626e-23,4.00642448249e-23,7.46251561613e-23,1.22833001437e-22,1.40986154992e-22,1.80755712938e-22,2.64840068659e-22,3.03580888875e-22,4.28039057373e-22,4.57633332005e-22,7.15101628033e-22,1.3684907558e-21,2.08384325423e-21],"var":[6.91524304486e-9,0.00000414024862039,0.0000123512772916,0.00000863192053657,0.00000633167746855,0.00000510896961714,0.0000214268657146,0.00000368956284547,0.00000509200572196,0.00000194293420464,0.00000213125690607,0.00000153315158968,0.00000262537128037,0.00000188882938801,0.00000249130926022,0.00000152542259002,4.87473073463e-7,3.72019627548e-7,2.76414425571e-7,1.13383180178e-7,1.04393201639e-7,9.50492520246e-8,2.45932113785e-7,1.68719907379e-7,3.7495422589e-7,6.21638065468e-8,1.58020174723e-9]},"barkbands_crest":{"dmean":2.20779919624,"dmean2":3.6735804081,"dvar":4.25243663788,"dvar2":10.8221940994,"max":24.7158412933,"mean":7.0000333786,"median":6.01833438873,"min":1.99926912785,"var":13.4291124344},"barkbands_flatness_db":{"dmean":0.0161477290094,"dmean2":0.0258914157748,"dvar":0.000228828634135,"dvar2":0.000586399051826,"max":0.335357069969,"mean":0.0704523324966,"median":0.0626863539219,"min":0.0154860056937,"var":0.00146636215504},"barkbands_kurtosis":{"dmean":1.3211761713,"dmean2":2.21440148354,"dvar":10.743768692,"dvar2":28.2289905548,"max":129.841827393,"mean":1.10731565952,"median":-0.543092012405,"min":-1.95323455334,"var":80.6282424927},"barkbands_skewness":{"dmean":0.503630638123,"dmean2":0.783514618874,"dvar":0.288799792528,"dvar2":0.694735407829,"max":4.59599065781,"mean":0.362491667271,"median":0.425846368074,"min":-9.23585700989,"var":1.57242453098},"barkbands_spread":{"dmean":8.57969856262,"dmean2":13.3864746094,"dvar":72.3941955566,"dvar2":175.587219238,"max":154.15687561,"mean":40.9795951843,"median":39.4597320557,"min":1.33631634712,"var":297.492584229},"dissonance":{"dmean":0.0102225886658,"dmean2":0.0174365248531,"dvar":0.000103767291876,"dvar2":0.000284369947622,"max":0.500000059605,"mean":0.483448147774,"median":0.486791819334,"min":0.348264396191,"var":0.000177969428478},"dynamic_complexity":3.57011628151,"erbbands":{"dmean":[0.0130069497973,0.317593842745,1.7356762886,3.70429396629,5.56372833252,3.81424498558,3.5862224102,8.97466087341,15.7401542664,19.346698761,13.7865285873,16.1942501068,17.8774299622,14.8675518036,14.6129102707,19.1908683777,22.596326828,24.6136951447,17.7265148163,35.9636154175,20.2927436829,12.7620210648,11.989367485,11.7047472,11.3987207413,6.61872673035,5.96000480652,6.51553869247,4.93464422226,8.18354415894,5.57910823822,2.70554852486,2.24378323555,2.02990794182,2.56403756142,0.499963223934,0.122725710273,0.0240001119673,0.00289985747077,0.0000872724558576],"dmean2":[0.0222546327859,0.56015008688,3.06042218208,6.34319400787,9.53903388977,6.1705737114,5.75452852249,14.8472013474,25.7391471863,29.8870239258,22.5649814606,26.9389419556,29.2864990234,24.2429790497,24.0875072479,31.372543335,36.4738540649,40.5107650757,28.3986930847,58.2380638123,32.2374725342,20.368309021,19.5176963806,19.1558876038,18.6002960205,10.5959119797,9.595287323,10.400560379,7.75139808655,12.8864307404,8.68012619019,4.08867931366,3.28850841522,2.97697949409,3.94616603851,0.730991661549,0.176597416401,0.0332072116435,0.00394404446706,0.00011639486911],"dvar":[0.000664520484861,0.558087587357,18.5685596466,47.5310630798,146.400222778,45.3340454102,50.5200805664,360.500152588,1293.98657227,3197.53979492,904.582702637,1179.46130371,1391.75634766,967.645324707,954.814697266,1557.36035156,2190.38818359,2555.38623047,1106.86535645,3851.45043945,1074.4642334,455.965881348,292.912475586,228.519302368,211.175216675,71.937171936,57.2083396912,78.1501312256,39.7062492371,123.094276428,56.3216285706,22.3926639557,15.017203331,11.138209343,12.9766263962,1.11445534229,0.0547574050725,0.0017321431078,0.0000225382282224,1.77669630119e-8],"dvar2":[0.00179665687028,1.54291927814,50.3685874939,126.076850891,404.694641113,110.85760498,124.218727112,927.35369873,3350.96850586,6861.72460938,2335.05517578,3072.91430664,3717.24169922,2499.30004883,2590.09863281,4230.81982422,5398.30810547,6792.48291016,2896.67797852,10003.2226562,2711.09741211,1184.20141602,757.536560059,596.477661133,550.897399902,180.625701904,145.758575439,197.163040161,96.6083145142,304.888061523,134.266662598,48.9180412292,31.4281787872,23.6931533813,30.6378860474,2.53796195984,0.120707578957,0.00365225155838,0.0000453150933026,3.45317339168e-8],"max":[0.388964414597,10.6289825439,38.1512031555,60.9924468994,119.158119202,178.21635437,153.087219238,332.167633057,932.382385254,1520.03039551,623.610595703,713.514831543,601.010070801,714.647277832,727.621704102,1018.534729,1384.62756348,955.00213623,727.707092285,1391.69616699,564.215209961,556.99420166,255.396987915,293.902679443,284.259307861,213.675369263,249.694610596,172.901611328,128.021224976,173.638153076,107.742759705,114.14415741,93.4377746582,74.318649292,54.7321853638,31.3166790009,6.36978816986,0.976602435112,0.116159319878,0.00316565996036],"mean":[0.0161298029125,0.318900167942,1.49982595444,3.8439438343,6.29845380783,5.60317611694,4.95162725449,10.7057514191,21.1109733582,30.4147891998,19.7614173889,24.886756897,27.9021854401,24.9558563232,25.6476325989,33.5788421631,43.6231613159,47.9558410645,38.562084198,71.1157913208,46.3128547668,32.3252944946,30.8131256104,30.9961643219,30.0748825073,18.0568695068,15.9694490433,15.4350690842,13.1678161621,17.5315380096,12.5072021484,6.5384850502,5.41210126877,4.67841291428,4.72952270508,1.03721237183,0.243465766311,0.0449101366103,0.00515248579904,0.00017890187155],"median":[0.0101189715788,0.158355385065,0.527234315872,1.54674446583,2.67925047874,2.86034035683,1.93066060543,2.65802192688,5.84462738037,6.88865327835,5.80300188065,7.04020166397,8.55469512939,9.25823020935,10.4123706818,14.1642227173,16.6540088654,17.7981281281,17.5574092865,35.2676239014,25.8979053497,19.9532318115,20.7755050659,24.3207645416,24.3640441895,14.5318889618,13.1096801758,12.0809402466,10.41822052,13.7803907394,9.67780399323,4.06348085403,3.21482133865,2.92105841637,3.23759102821,0.592138111591,0.129114404321,0.0198714826256,0.00222550868057,0.000101984063804],"min":[7.15325058685e-23,5.78005327231e-22,2.50125644356e-21,5.18984102308e-21,1.31628709654e-20,1.2143728713e-20,4.61862628121e-20,6.31960882735e-20,8.40304026842e-20,2.08316015167e-19,1.71533929965e-19,1.93062791747e-19,3.58343998839e-19,4.69353136308e-19,1.25896971949e-18,1.04368045543e-18,2.05857667991e-18,2.32902193362e-18,2.41603905931e-18,2.50894467699e-18,2.60747760438e-18,4.52840936241e-18,6.85261607089e-18,6.7253435803e-18,8.10115959234e-18,9.60590617851e-18,9.10178343573e-18,1.20674823577e-17,1.0110952882e-17,1.2603029692e-17,1.2419166467e-17,9.4743596457e-18,9.58987541824e-18,8.72614996623e-18,5.16787002034e-18,4.50179689415e-18,2.61971636193e-18,1.04688071383e-18,2.62269452232e-19,3.11285351286e-20],"var":[0.000549784512259,0.374499440193,12.8217954636,40.3077697754,118.773979187,77.4336166382,81.5339584351,488.420654297,2074.26806641,8548.86230469,1634.39501953,2703.0378418,2707.47387695,2089.31347656,2150.4206543,3129.40771484,5264.37939453,6432.73730469,3306.75708008,10421.3740234,3425.88110352,1564.05773926,1022.56549072,764.273132324,656.279663086,240.992126465,179.248001099,181.687637329,125.582588196,232.720336914,124.466293335,66.1363525391,54.3444061279,39.766658783,26.7437705994,2.70753860474,0.124781601131,0.00413183355704,0.0000552682140551,4.77326835835e-8]},"erbbands_crest":{"dmean":2.28242659569,"dmean2":3.75316143036,"dvar":4.84680461884,"dvar2":12.0695228577,"max":30.2895069122,"mean":7.19820833206,"median":6.34002304077,"min":2.15736603737,"var":11.6663732529},"erbbands_flatness_db":{"dmean":0.016334746033,"dmean2":0.0234619788826,"dvar":0.000231762518524,"dvar2":0.000454827677459,"max":0.246259644628,"mean":0.121090188622,"median":0.117444358766,"min":0.0199233517051,"var":0.00107904977631},"erbbands_kurtosis":{"dmean":0.67948615551,"dmean2":1.06561779976,"dvar":0.645500659943,"dvar2":1.51682841778,"max":16.7609500885,"mean":0.186822339892,"median":-0.0905895233154,"min":-1.83799874783,"var":1.57410275936},"erbbands_skewness":{"dmean":0.293004006147,"dmean2":0.457583069801,"dvar":0.0707937553525,"dvar2":0.169792622328,"max":3.55993294716,"mean":-0.055930685252,"median":-0.110294565558,"min":-3.53523659706,"var":0.359749674797},"erbbands_spread":{"dmean":9.16878509521,"dmean2":13.9099330902,"dvar":86.5848617554,"dvar2":190.796829224,"max":139.551849365,"mean":43.5151672363,"median":40.8467826843,"min":6.61810541153,"var":356.039306641},"gfcc":{"cov":[[32437.8085938,2687.86621094,-2469.3137207,3.81686115265,-1357.45861816,86.1258163452,-1258.65625,207.746444702,-699.197143555,189.587768555,-621.595458984,-44.2351722717,-434.160675049],[2687.86621094,941.428161621,-256.892730713,75.8916473389,-187.59362793,-30.8736667633,-72.2388458252,-6.24245548248,-52.14793396,-18.8971691132,-59.3364524841,-46.1014556885,-57.3842468262],[-2469.3137207,-256.892730713,890.533447266,80.5577316284,111.941009521,-81.3556594849,35.5471687317,-72.7932281494,-23.0779037476,-49.9587135315,0.504271566868,-3.75990056992,26.8073577881],[3.81686115265,75.8916473389,80.5577316284,359.987731934,58.0311698914,34.4007148743,-43.8049583435,-54.7621955872,-45.3292808533,-24.9848670959,-13.9399576187,6.56454610825,19.3891124725],[-1357.45861816,-187.59362793,111.941009521,58.0311698914,308.043151855,68.5598602295,76.5523910522,-10.4163761139,25.1307849884,-14.3164615631,2.36735987663,7.54022836685,25.488193512],[86.1258163452,-30.8736667633,-81.3556594849,34.4007148743,68.5598602295,187.736526489,86.0869979858,37.4964904785,-20.8387756348,-4.38558149338,-10.2068767548,-9.42227554321,-4.78329086304],[-1258.65625,-72.2388458252,35.5471687317,-43.8049583435,76.5523910522,86.0869979858,212.94090271,41.9059295654,23.8086338043,-9.33473968506,17.1014270782,-17.5765419006,-1.88811933994],[207.746444702,-6.24245548248,-72.7932281494,-54.7621955872,-10.4163761139,37.4964904785,41.9059295654,119.043014526,67.5645217896,29.2226810455,-1.00474441051,-13.8762378693,-16.5786762238],[-699.197143555,-52.14793396,-23.0779037476,-45.3292808533,25.1307849884,-20.8387756348,23.8086338043,67.5645217896,145.805282593,45.8282012939,27.8888664246,-8.41790294647,0.0951203629375],[189.587768555,-18.8971691132,-49.9587135315,-24.9848670959,-14.3164615631,-4.38558149338,-9.33473968506,29.2226810455,45.8282012939,79.5656967163,33.1531982422,6.09084558487,-12.245010376],[-621.595458984,-59.3364524841,0.504271566868,-13.9399576187,2.36735987663,-10.2068767548,17.1014270782,-1.00474441051,27.8888664246,33.1531982422,85.4950332642,32.5477600098,7.37552309036],[-44.2351722717,-46.1014556885,-3.75990056992,6.56454610825,7.54022836685,-9.42227554321,-17.5765419006,-13.8762378693,-8.41790294647,6.09084558487,32.5477600098,67.5704040527,36.3547935486],[-434.160675049,-57.3842468262,26.8073577881,19.3891124725,25.488193512,-4.78329086304,-1.88811933994,-16.5786762238,0.0951203629375,-12.245010376,7.37552309036,36.3547935486,67.5412216187]],"icov":[[0.000138112227432,-0.000186909324839,0.00018733314937,0.000045671738917,0.000161078627571,-0.000165282544913,0.00060827890411,-0.000488366174977,0.000692471046932,-0.000618912104983,0.000937410688493,-0.000645452819299,0.000598043669015],[-0.000186909324839,0.00174925348256,0.000185057273484,-0.000627500878181,0.000504501047544,0.000652864458971,-0.000978541211225,0.000725053891074,-0.000789805781096,0.0011574694654,-0.000604396103881,0.00112159422133,0.0000711317188689],[0.00018733314937,0.000185057273484,0.00178965658415,-0.000399909564294,-0.000112923691631,0.00101427617483,0.000218807617784,-0.000373714603484,0.00126740522683,-0.000315807585139,0.00124999624677,-0.00030488325865,0.000763299758546],[0.000045671738917,-0.000627500878181,-0.000399909564294,0.00367699144408,-0.00068366661435,-0.00162416289095,0.00156866246834,0.000992938643321,0.000270720309345,-0.000014847840248,-0.0000598004626227,0.000177122783498,-0.000797714688815],[0.000161078627571,0.000504501047544,-0.000112923691631,-0.00068366661435,0.00512754591182,-0.00195655087009,-0.000501339498442,0.00140212138649,-0.00151122733951,-0.000176720117452,0.00235792039894,-0.00184486538637,0.00066735537257],[-0.000165282544913,0.000652864458971,0.00101427617483,-0.00162416289095,-0.00195655087009,0.00994937866926,-0.00414868351072,-0.00343622709624,0.00340875308029,-0.000357911572792,-0.000450145220384,0.00145821867045,-0.000765986624174],[0.00060827890411,-0.000978541211225,0.000218807617784,0.00156866246834,-0.000501339498442,-0.00414868351072,0.0106152705848,-0.00398855889216,0.00272846105509,-0.000128834697534,0.000194306077901,0.000492559629492,0.00144107453525],[-0.000488366174977,0.000725053891074,-0.000373714603484,0.000992938643321,0.00140212138649,-0.00343622709624,-0.00398855889216,0.0182532276958,-0.010652220808,0.000151233383804,0.00112004240509,-0.000292823562631,0.00101423391607],[0.000692471046932,-0.000789805781096,0.00126740522683,0.000270720309345,-0.00151122733951,0.00340875308029,0.00272846105509,-0.010652220808,0.0178828183562,-0.0077842832543,0.000663929444272,0.00246908213012,-0.00136520364322],[-0.000618912104983,0.0011574694654,-0.000315807585139,-0.000014847840248,-0.000176720117452,-0.000357911572792,-0.000128834697534,0.000151233383804,-0.0077842832543,0.0231710597873,-0.0109086744487,0.00158545968588,0.00175910047255],[0.000937410688493,-0.000604396103881,0.00124999624677,-0.0000598004626227,0.00235792039894,-0.000450145220384,0.000194306077901,0.00112004240509,0.000663929444272,-0.0109086744487,0.0274598821998,-0.0163496080786,0.00821503438056],[-0.000645452819299,0.00112159422133,-0.00030488325865,0.000177122783498,-0.00184486538637,0.00145821867045,0.000492559629492,-0.000292823562631,0.00246908213012,0.00158545968588,-0.0163496080786,0.0334948636591,-0.0183441974223],[0.000598043669015,0.0000711317188689,0.000763299758546,-0.000797714688815,0.00066735537257,-0.000765986624174,0.00144107453525,0.00101423391607,-0.00136520364322,0.00175910047255,0.00821503438056,-0.0183441974223,0.0279173981398]],"mean":[15.516289711,24.251329422,-113.211425781,29.6504936218,-56.3031845093,18.9306049347,-41.9461174011,9.98599815369,-26.8575248718,5.18460607529,-21.5033473969,0.31037324667,-16.981098175]},"hfc":{"dmean":8.47659111023,"dmean2":11.72539711,"dvar":89.9038238525,"dvar2":171.563705444,"max":172.155838013,"mean":37.8288116455,"median":35.8396873474,"min":1.10390627642e-16,"var":611.29107666},"melbands":{"dmean":[0.000201696777367,0.000740184448659,0.000719264557119,0.000313897558954,0.000130824497319,0.00020265042258,0.000246837269515,0.000187534882571,0.000116870520287,0.000104083912447,0.0000897088102647,0.0000608449190622,0.0000589654009673,0.000047517776693,0.0000507774020662,0.0000528249511262,0.0000483334479213,0.0000289013350994,0.0000451485102531,0.0000400132048526,0.0000249114018516,0.0000153817727551,0.0000137630513564,0.0000115061020551,0.0000105551771412,0.000010161078535,0.00000720877733329,0.0000042499123083,0.00000406191065849,0.00000405342643717,0.00000408872301705,0.0000032491464026,0.00000263447282123,0.00000686814837536,0.00000430766840509,0.00000181137306754,0.00000180916879344,0.00000171992530795,0.000001688149041,0.00000174551485088],"dmean2":[0.000351665978087,0.0013025343651,0.0012339168461,0.000520043598954,0.000208536366699,0.000333234958816,0.000399310374632,0.000289578194497,0.000193558924366,0.000173968059244,0.000147172177094,0.000099245007732,0.0000971799890976,0.0000785416486906,0.0000827748735901,0.0000860563013703,0.0000796414315118,0.0000465777411591,0.0000738839953556,0.0000635345859337,0.0000401909019274,0.0000247416191996,0.0000224424602493,0.0000188453486771,0.0000173434309545,0.0000167494927155,0.0000119041360449,0.00000684757196723,0.00000658554699839,0.00000656708971292,0.00000661655940348,0.00000522508344147,0.00000412255531046,0.0000110268974822,0.00000681960000293,0.00000279862024399,0.00000278485731542,0.00000259663192992,0.00000251900291914,0.00000262435924014],"dvar":[1.97974131311e-7,0.00000328164219354,0.00000176244441263,3.41894093481e-7,5.56362600435e-8,1.76673026431e-7,3.07724235427e-7,2.78365348549e-7,6.35549639583e-8,4.52105908266e-8,3.495522094e-8,1.63079345583e-8,1.86114856859e-8,8.23837442709e-9,1.06168158709e-8,1.24033707749e-8,9.68922897471e-9,3.38194894312e-9,5.89569637555e-9,4.48455317326e-9,1.72176239932e-9,7.3994810279e-10,4.24729279525e-10,2.47814824217e-10,1.99539468282e-10,1.8404701374e-10,7.9827554289e-11,3.04981734311e-11,2.90347502985e-11,2.73472511997e-11,3.22223393801e-11,1.72528102915e-11,1.21305005971e-11,9.90025145198e-11,3.40434486157e-11,9.00288611022e-12,1.0264461156e-11,8.69557724437e-12,8.65130363181e-12,9.4263164982e-12],"dvar2":[5.42843679341e-7,0.00000893464311957,0.00000470766144645,9.10550568278e-7,1.31065846176e-7,4.54146743323e-7,7.89236366927e-7,5.9418090359e-7,1.65335208635e-7,1.19661820008e-7,9.31312627017e-8,4.23539887606e-8,5.06680564172e-8,2.23390266285e-8,2.70328737173e-8,3.26996243416e-8,2.54329748373e-8,8.69485994315e-9,1.56900430426e-8,1.06290958257e-8,4.48036274747e-9,1.95403582204e-9,1.10804032616e-9,6.32365049213e-10,5.27449750543e-10,4.88738216564e-10,2.05079161986e-10,7.65623120458e-11,7.60012400236e-11,7.01550831317e-11,8.23715540221e-11,4.41897698988e-11,2.87965831736e-11,2.50264781121e-10,8.35671809529e-11,2.04894677613e-11,2.32925623234e-11,1.91365256974e-11,1.84667819231e-11,2.11431479963e-11],"max":[0.00704947020859,0.0154528310522,0.0113695766777,0.00630838796496,0.00553641887382,0.00711621716619,0.0143798300996,0.0139301242307,0.0045916181989,0.00400357460603,0.00305606541224,0.00278394832276,0.00344392517582,0.00173057406209,0.00219688634388,0.00294635095634,0.00210980139673,0.00141263124533,0.00177411187906,0.00197226554155,0.000789939367678,0.000730814237613,0.000381130579626,0.000271904660622,0.000286447873805,0.00023216122645,0.000168359329109,0.00011402360542,0.000153546890942,0.000128307336126,0.000134313639137,0.0000774385334807,0.0000581030726607,0.000154057735926,0.0000697700088494,0.0000575925732846,0.0000764538272051,0.0000723685152479,0.0000726688303985,0.0000682841491653],"mean":[0.000229820550885,0.000668640481308,0.000767931342125,0.000425230158726,0.00018974088016,0.00024540303275,0.000344841275364,0.000295762671158,0.000159578747116,0.000158631795784,0.000136169954203,0.000097089803603,0.0000957561933319,0.0000766299344832,0.0000908978618099,0.0000966829102254,0.0000868342249305,0.0000546608789591,0.0000867758935783,0.0000792796126916,0.0000502297225466,0.0000335950426233,0.0000297460283036,0.0000267128107225,0.0000245914307015,0.0000234933377214,0.0000177875645022,0.0000102682488432,0.00000970750261331,0.00000949724926613,0.00000873245880939,0.00000767923938838,0.00000636209279037,0.0000124139160107,0.0000086428854047,0.00000405045238949,0.00000396129144065,0.00000379519838134,0.0000037488180169,0.00000373025841327],"median":[0.000130503001856,0.000291773176286,0.000369116954971,0.000216899745283,0.0000832310324768,0.0000593460754317,0.0000966969673755,0.0000708608931745,0.000041762010369,0.0000428447165177,0.0000404712773161,0.0000343185929523,0.0000346810375049,0.0000311893309117,0.0000348338544427,0.0000349542606273,0.0000301906184177,0.000019968880224,0.0000429039355367,0.0000412972731283,0.0000251463716268,0.0000193647902051,0.0000165963811014,0.0000186891193152,0.0000183749798452,0.0000174942906597,0.0000145963285831,0.00000779514994065,0.00000749313221604,0.0000077373779277,0.00000658539192955,0.00000593585309616,0.000004749924301,0.00000915055716177,0.00000654619907436,0.00000260338538283,0.00000231740546042,0.0000022144772629,0.00000208015057979,0.00000223096139962],"min":[6.72282843432e-25,8.34613161394e-25,1.57915595957e-24,5.34809088859e-25,1.44606999726e-24,1.40767081219e-24,1.52891261965e-24,2.41734433719e-24,1.1461451797e-24,1.18909185207e-24,1.17046862103e-24,2.13310177861e-24,3.35679129504e-24,2.91615863972e-24,3.0170462581e-24,4.79711207403e-24,3.84596670338e-24,3.06568150506e-24,4.35417180334e-24,2.50112649292e-24,2.76871955046e-24,4.19132488009e-24,4.08217137993e-24,4.80819517531e-24,5.25976242886e-24,5.18342475349e-24,4.17997080508e-24,5.39523114553e-24,4.96533942308e-24,4.72024980616e-24,5.28424906579e-24,5.13216220529e-24,5.63100470959e-24,6.43785479889e-24,6.81146524006e-24,6.07516968683e-24,4.35329537887e-24,6.08378444235e-24,7.02316553031e-24,6.65919220839e-24],"var":[1.43802111552e-7,0.00000224955215344,0.00000151111123614,3.81115086157e-7,9.84026371498e-8,2.50908129829e-7,5.53985444185e-7,7.50538163174e-7,1.15096412401e-7,1.03006719598e-7,6.69627056027e-8,3.37724124222e-8,3.86251031159e-8,1.60552104944e-8,2.32411387913e-8,2.86608745625e-8,2.25673471022e-8,8.85726247901e-9,1.50643089114e-8,1.2705164032e-8,4.63191751621e-9,2.11688844232e-9,1.28372656949e-9,7.42124639519e-10,5.55595736085e-10,4.91559348781e-10,2.27625029936e-10,9.26123483458e-11,7.98361932119e-11,6.44973796593e-11,6.80346473603e-11,4.66653347908e-11,3.4785906794e-11,1.4559865813e-10,6.21384194099e-11,2.25636401924e-11,2.79001023673e-11,2.76153128143e-11,2.98649924235e-11,2.90031956784e-11]},"melbands_crest":{"dmean":3.61067581177,"dmean2":6.03746175766,"dvar":11.3272094727,"dvar2":29.810338974,"max":32.3586349487,"mean":10.6876821518,"median":9.87782382965,"min":1.53968894482,"var":23.1001796722},"melbands_flatness_db":{"dmean":0.0253347679973,"dmean2":0.040197327733,"dvar":0.000672716123518,"dvar2":0.00168529734947,"max":0.4017572999,"mean":0.102018512785,"median":0.096328265965,"min":0.0037794499658,"var":0.00167533755302},"melbands_kurtosis":{"dmean":4.22131347656,"dmean2":6.92657470703,"dvar":57.9831886292,"dvar2":148.679580688,"max":147.165588379,"mean":5.2222700119,"median":2.32287502289,"min":-1.73070442677,"var":91.1182785034},"melbands_skewness":{"dmean":0.713878393173,"dmean2":1.11227703094,"dvar":0.641511678696,"dvar2":1.54164898396,"max":11.3857660294,"mean":1.72437703609,"median":1.54777896404,"min":-1.28244948387,"var":1.80843830109},"melbands_spread":{"dmean":15.2178049088,"dmean2":23.6351928711,"dvar":289.212738037,"dvar2":652.07800293,"max":254.511764526,"mean":52.5980033875,"median":48.4664115906,"min":2.28994750977,"var":736.773193359},"mfcc":{"cov":[[13250.4980469,1377.83764648,-444.18359375,-145.577606201,21.8387355804,-127.242591858,-213.445800781,-41.9166984558,-46.1046295166,6.6505484581,26.8499164581,-74.1982955933,13.0650653839],[1377.83764648,629.89453125,-3.51506185532,1.41105043888,-70.1595840454,-28.7781581879,-28.9828586578,9.37736129761,-5.93203735352,11.8223009109,19.0000572205,-20.7797412872,-13.5268974304],[-444.18359375,-3.51506185532,568.194458008,146.97227478,27.6796512604,-21.7497882843,5.08693265915,-47.2583045959,-30.845117569,-55.2365646362,-59.5850639343,-15.7579011917,-21.9661979675],[-145.577606201,1.41105043888,146.97227478,287.926269531,103.87688446,63.2850036621,-10.6506156921,-18.2897033691,-20.907333374,-41.7471122742,-50.6995620728,-15.7868089676,12.0422887802],[21.8387355804,-70.1595840454,27.6796512604,103.87688446,212.375274658,56.8760452271,-4.77040624619,-1.47517228127,12.2637271881,-15.508605957,-27.0171470642,-15.6034193039,11.1796751022],[-127.242591858,-28.7781581879,-21.7497882843,63.2850036621,56.8760452271,163.607894897,93.9788131714,37.8978919983,6.93665647507,-8.36702919006,-12.5718736649,-20.7158298492,-3.29570364952],[-213.445800781,-28.9828586578,5.08693265915,-10.6506156921,-4.77040624619,93.9788131714,166.425064087,60.7629432678,13.5172719955,1.74914991856,3.65991353989,-10.8601388931,-19.5698509216],[-41.9166984558,9.37736129761,-47.2583045959,-18.2897033691,-1.47517228127,37.8978919983,60.7629432678,96.5367050171,45.6100196838,23.3479003906,13.5668783188,-0.706732869148,-1.65938186646],[-46.1046295166,-5.93203735352,-30.845117569,-20.907333374,12.2637271881,6.93665647507,13.5172719955,45.6100196838,93.592956543,51.7472572327,16.6634273529,-3.7813744545,2.70917463303],[6.6505484581,11.8223009109,-55.2365646362,-41.7471122742,-15.508605957,-8.36702919006,1.74914991856,23.3479003906,51.7472572327,96.6042938232,58.1921081543,16.5807609558,2.42668533325],[26.8499164581,19.0000572205,-59.5850639343,-50.6995620728,-27.0171470642,-12.5718736649,3.65991353989,13.5668783188,16.6634273529,58.1921081543,96.3511581421,43.15102005,6.34236335754],[-74.1982955933,-20.7797412872,-15.7579011917,-15.7868089676,-15.6034193039,-20.7158298492,-10.8601388931,-0.706732869148,-3.7813744545,16.5807609558,43.15102005,73.7601699829,28.1737709045],[13.0650653839,-13.5268974304,-21.9661979675,12.0422887802,11.1796751022,-3.29570364952,-19.5698509216,-1.65938186646,2.70917463303,2.42668533325,6.34236335754,28.1737709045,68.425743103]],"icov":[[0.000106491272163,-0.00024398995447,0.0000801362621132,0.0000764076030464,-0.000141211246955,0.0000406010076404,0.0000484298652736,0.0000390399472963,0.0000610124188825,0.0000180447332241,0.0000177048896148,0.0000684586339048,-0.0000493474290124],[-0.00024398995447,0.0023358236067,-0.000210271959077,-0.00052813621005,0.00102113292087,0.000012595739463,0.000457400950836,-0.000779285270255,0.000236775435042,-0.000027324178518,-0.000919579877518,0.00104166439269,0.000127416031319],[0.0000801362621132,-0.000210271959077,0.00246913009323,-0.00135611591395,-0.0000419400639657,0.00139106099959,-0.00125274725724,0.00123549485579,-0.000439431692939,0.00049277866492,0.000802126480266,-0.000452467764262,0.000831840909086],[0.0000764076030464,-0.00052813621005,-0.00135611591395,0.00593457464129,-0.00196580216289,-0.00281757954508,0.00177352095488,-0.00015592687123,0.000896105833817,-0.0000109489819806,0.00157283211593,-0.000586350797676,-0.000849298259709],[-0.000141211246955,0.00102113292087,-0.0000419400639657,-0.00196580216289,0.00689050275832,-0.00221839221194,0.00135196524207,0.000296539452393,-0.00192391721066,0.000830598291941,-0.000144153891597,0.000752837629989,-0.000527361466084],[0.0000406010076404,0.000012595739463,0.00139106099959,-0.00281757954508,-0.00221839221194,0.0127077931538,-0.00720677617937,-0.000615477620158,0.000702127465047,0.000103065736766,-0.000470535713248,0.00251270551234,-0.00118681718595],[0.0000484298652736,0.000457400950836,-0.00125274725724,0.00177352095488,0.00135196524207,-0.00720677617937,0.0128204636276,-0.00610356358811,0.00124957889784,0.000615045544691,-0.000825656810775,-0.000116015529784,0.00237055495381],[0.0000390399472963,-0.000779285270255,0.00123549485579,-0.00015592687123,0.000296539452393,-0.000615477620158,-0.00610356358811,0.0189492721111,-0.00873987190425,0.00137291138526,-0.000362928665709,-0.00121856748592,-0.000268908130238],[0.0000610124188825,0.000236775435042,-0.000439431692939,0.000896105833817,-0.00192391721066,0.000702127465047,0.00124957889784,-0.00873987190425,0.0211117397994,-0.0117377741262,0.00329373381101,0.00249127321877,-0.00152068736497],[0.0000180447332241,-0.000027324178518,0.00049277866492,-0.0000109489819806,0.000830598291941,0.000103065736766,0.000615045544691,0.00137291138526,-0.0117377741262,0.0243610683829,-0.013275006786,0.00202280422673,0.00022809067741],[0.0000177048896148,-0.000919579877518,0.000802126480266,0.00157283211593,-0.000144153891597,-0.000470535713248,-0.000825656810775,-0.000362928665709,0.00329373381101,-0.013275006786,0.0246424842626,-0.012305861339,0.00267459754832],[0.0000684586339048,0.00104166439269,-0.000452467764262,-0.000586350797676,0.000752837629989,0.00251270551234,-0.000116015529784,-0.00121856748592,0.00249127321877,0.00202280422673,-0.012305861339,0.024921996519,-0.00920510478318],[-0.0000493474290124,0.000127416031319,0.000831840909086,-0.000849298259709,-0.000527361466084,-0.00118681718595,0.00237055495381,-0.000268908130238,-0.00152068736497,0.00022809067741,0.00267459754832,-0.00920510478318,0.0193603038788]],"mean":[-617.206420898,65.7944793701,-3.46314692497,14.1935596466,4.84169960022,7.13804912567,-2.16728067398,3.02240490913,-2.07883143425,1.33623349667,0.535352826118,-4.32700920105,2.33965301514]},"pitch_salience":{"dmean":0.0662995576859,"dmean2":0.110144026577,"dvar":0.00363056338392,"dvar2":0.00986522249877,"max":0.917973816395,"mean":0.639213860035,"median":0.649728655815,"min":0.198872774839,"var":0.00764425145462},"silence_rate_20dB":{"dmean":0,"dmean2":0,"dvar":0,"dvar2":0,"max":1,"mean":1,"median":1,"min":1,"var":0},"silence_rate_30dB":{"dmean":0,"dmean2":0,"dvar":0,"dvar2":0,"max":1,"mean":1,"median":1,"min":1,"var":0},"silence_rate_60dB":{"dmean":0.016337916255,"dmean2":0.0326790884137,"dvar":0.0160704348236,"dvar2":0.0373899191618,"max":1,"mean":0.0961251109838,"median":0,"min":0,"var":0.0868908539414},"spectral_centroid":{"dmean":345.212799072,"dmean2":535.222045898,"dvar":141846.171875,"dvar2":319917.5,"max":11602.2587891,"mean":2275.27294922,"median":2218.24682617,"min":253.013824463,"var":764971.4375},"spectral_complexity":{"dmean":4.21757316589,"dmean2":6.19368314743,"dvar":16.360212326,"dvar2":31.2097702026,"max":57,"mean":26.3037147522,"median":28,"min":0,"var":168.220001221},"spectral_contrast_coeffs":{"dmean":[0.0560104809701,0.0523892380297,0.0398734882474,0.0323372893035,0.0203805360943,0.0172238051891],"dmean2":[0.0909932404757,0.0860098227859,0.0660820901394,0.053572319448,0.0339559465647,0.0278740487993],"dvar":[0.00250871083699,0.00187282077968,0.00100574025419,0.000656991556752,0.000285170273855,0.000245453935349],"dvar2":[0.00639393134043,0.004879869055,0.00270868674852,0.00174785102718,0.000787399709225,0.000588291848544],"max":[-0.344451725483,-0.415063410997,-0.571351051331,-0.564182817936,-0.658520460129,-0.622209489346],"mean":[-0.652100622654,-0.753108263016,-0.794340670109,-0.772044539452,-0.793349027634,-0.76698499918],"median":[-0.650358259678,-0.761880457401,-0.798753678799,-0.771047472954,-0.791204690933,-0.763999283314],"min":[-0.979605317116,-0.986290812492,-0.974540412426,-0.971276342869,-0.96681779623,-0.964689612389],"var":[0.00731245335191,0.00721079297364,0.00343819102272,0.00294266804121,0.00155459425878,0.0018272427842]},"spectral_contrast_valleys":{"dmean":[0.518040776253,0.491478383541,0.375580459833,0.274294674397,0.189926177263,0.228685870767],"dmean2":[0.812765061855,0.764254033566,0.578597724438,0.42075574398,0.290313601494,0.319224894047],"dvar":[0.2419706285,0.22660304606,0.135279715061,0.0851508527994,0.0621426552534,0.0795331671834],"dvar2":[0.512561261654,0.482485592365,0.275498241186,0.146555289626,0.0959433764219,0.13374131918],"max":[-5.68422698975,-4.67838859558,-5.14840745926,-5.51655197144,-5.67899942398,-7.43632507324],"mean":[-8.02272891998,-7.22482776642,-7.41017007828,-7.51978206635,-7.19939422607,-9.28202152252],"median":[-7.57855463028,-6.83637809753,-7.03230953217,-7.11105203629,-6.76749038696,-8.92108726501],"min":[-28.0716323853,-27.8630924225,-27.9488945007,-27.5874233246,-27.4923763275,-27.3898200989],"var":[5.18087434769,4.86489248276,4.60994100571,4.4575047493,4.05493307114,3.34161424637]},"spectral_decrease":{"dmean":1.91959692586e-9,"dmean2":3.00188207625e-9,"dvar":7.16261399956e-18,"dvar2":1.78382227016e-17,"max":3.92756948604e-16,"mean":-4.77228478957e-9,"median":-3.79292153241e-9,"min":-2.38237802819e-8,"var":1.45261998007e-17},"spectral_energy":{"dmean":0.00768015068024,"dmean2":0.0117538878694,"dvar":0.000106582097942,"dvar2":0.000260799570242,"max":0.0968475118279,"mean":0.0214428827167,"median":0.0179813932627,"min":9.94444448788e-21,"var":0.000253813894233},"spectral_energyband_high":{"dmean":0.000813100719824,"dmean2":0.00115074869245,"dvar":9.74637373474e-7,"dvar2":0.00000205749665838,"max":0.0149890193716,"mean":0.00250813760795,"median":0.00206455239095,"min":6.91002934596e-21,"var":0.00000395879260395},"spectral_energyband_low":{"dmean":0.00324120977893,"dmean2":0.00556678790599,"dvar":0.000050109851145,"dvar2":0.000134884336148,"max":0.0594825670123,"mean":0.00334033579566,"median":0.00176399527118,"min":1.09915263697e-23,"var":0.0000365168380085},"spectral_energyband_middle_high":{"dmean":0.00185778317973,"dmean2":0.0028478957247,"dvar":0.00000529768885826,"dvar2":0.0000127091316244,"max":0.0510186143219,"mean":0.00779485283419,"median":0.00566768692806,"min":1.18461391785e-21,"var":0.0000497663058923},"spectral_energyband_middle_low":{"dmean":0.00479873549193,"dmean2":0.0076619698666,"dvar":0.0000546992487216,"dvar2":0.000138996038004,"max":0.0845480412245,"mean":0.00875699613243,"median":0.00568172289059,"min":1.61716990441e-22,"var":0.000095919946034},"spectral_entropy":{"dmean":0.106093563139,"dmean2":0.164121046662,"dvar":0.0100015662611,"dvar2":0.0223506018519,"max":9.82011795044,"mean":8.1549539566,"median":8.13174915314,"min":5.99052095413,"var":0.0681703239679},"spectral_flux":{"dmean":0.0230183843523,"dmean2":0.0357722789049,"dvar":0.000768927158788,"dvar2":0.00168687535916,"max":0.258335351944,"mean":0.086859986186,"median":0.0836992189288,"min":6.2807148371e-11,"var":0.0020195748657},"spectral_kurtosis":{"dmean":0.579516470432,"dmean2":0.892839252949,"dvar":0.364214390516,"dvar2":0.857348322868,"max":21.2790317535,"mean":2.51314902306,"median":2.3611125946,"min":-1.27494204044,"var":1.81406128407},"spectral_rms":{"dmean":0.000757191737648,"dmean2":0.00110552471597,"dvar":8.02208660389e-7,"dvar2":0.0000018624467657,"max":0.00972035899758,"mean":0.00417559361085,"median":0.00418841512874,"min":3.11478685726e-12,"var":0.00000348414755535},"spectral_rolloff":{"dmean":1281.53710938,"dmean2":2078.91577148,"dvar":2464468.25,"dvar2":5770842.5,"max":19530.6152344,"mean":4381.74658203,"median":3509.91210938,"min":86.1328125,"var":10581027},"spectral_skewness":{"dmean":0.116153344512,"dmean2":0.178952395916,"dvar":0.0131477797404,"dvar2":0.0289751291275,"max":3.73732280731,"mean":1.28807830811,"median":1.2841553688,"min":-0.0583919510245,"var":0.0878583043814},"spectral_spread":{"dmean":626407.9375,"dmean2":903651.5625,"dvar":613538725888,"dvar2":1127700365310,"max":41981964,"mean":6464955,"median":6046856.5,"min":2219062.5,"var":8663054942210},"spectral_strongpeak":{"dmean":0.729247748852,"dmean2":1.2451467514,"dvar":1.15366661549,"dvar2":2.93465781212,"max":18.0705108643,"mean":1.07590091228,"median":0.531026244164,"min":0,"var":1.72089707851},"zerocrossingrate":{"dmean":0.0188619662076,"dmean2":0.0232253950089,"dvar":0.000361117708962,"dvar2":0.000498417241033,"max":0.7666015625,"mean":0.149176850915,"median":0.1298828125,"min":0.01220703125,"var":0.00890210364014}},"metadata":{"audio_properties":{"analysis_sample_rate":44100,"bit_rate":240929,"codec":"mp3","downmix":"mix","equal_loudness":0,"length":233.064483643,"lossless":false,"md5_encoded":"289ba0e32c47992f5d0da97cc4cd8577","replay_gain":-11.6745834351,"sample_rate":44100},"tags":{"acoustid_id":["9783662b-cfc8-47c4-88ff-dd039df76202"],"album":["Futuristic Dragon"],"albumartist":["T. Rex"],"albumartistsort":["T. Rex"],"artist":["T. Rex"],"artistsort":["T. Rex"],"asin":["B000P9G7O4"],"barcode":["5013428540060"],"bpm":["133"],"composer":["Marc Bolan"],"date":["1976"],"discnumber":["1/1"],"encodedby":["Audio Hijack Pro v2.9.9"],"file_name":"09 Sensation Boulevard.mp3","genre":["Mainstream Rock"],"initialkey":["10A"],"language":["eng"],"musicbrainz album release country":["US"],"musicbrainz album type":["album"],"musicbrainz_albumartistid":["c842d29f-a297-48cd-bb71-4f77fd672b16"],"musicbrainz_albumid":["b6e4795e-a8cf-42f4-9899-80e6c785e160"],"musicbrainz_artistid":["c842d29f-a297-48cd-bb71-4f77fd672b16"],"musicbrainz_recordingid":["8ceb7a5d-07b0-45fc-92f9-b186e1ceea35"],"musicbrainz_releasegroupid":["10ca8120-b636-3dca-889e-173b051318d0"],"musicip_puid":["a1302886-34bb-7c8d-97d9-358c0ef88365"],"originaldate":["1976"],"originalyear":["1976"],"script":["Latn"],"title":["Sensation Boulevard"],"tracknumber":["9/13"]},"version":{"essentia":"2.1-beta2","essentia_build_sha":"cead25079874084f62182a551b7393616cd33d87","essentia_git_sha":"v2.1_beta2-1-ge3940c0","extractor":"music 1.0"}},"rhythm":{"beats_count":514,"beats_loudness":{"dmean":0.0101493550465,"dmean2":0.0175744593143,"dvar":0.0000917929210118,"dvar2":0.000268399133347,"max":0.0820873081684,"mean":0.0284435320646,"median":0.029317792505,"min":0,"var":0.000191504237591},"beats_loudness_band_ratio":{"dmean":[0.152785122395,0.0974802747369,0.105994693935,0.0882757902145,0.0846607759595,0.0897041335702],"dmean2":[0.273460179567,0.172708