{"lowlevel":{"average_loudness":0.919172227383,"barkbands":{"dmean":[0.00326666096225,0.00808750651777,0.00201784656383,0.000644573010504,0.00117805693299,0.00106107839383,0.00207526888698,0.000830906908959,0.00144478294533,0.0010068215197,0.000395135488361,0.000796315434854,0.000465541816084,0.000329033122398,0.00014467422443,0.000134775866172,0.000069532157795,0.0000626496403129,0.0000483447620354,0.0000316223704431,0.0000284397174255,0.0000337214296451,0.0000157989506988,0.00000279264850178,0.00000253232883551,0.00000708165498509,0.000103890284663],"dmean2":[0.00523201841861,0.0137773826718,0.00350108579732,0.00109802593943,0.00193959951866,0.00167650345247,0.00322590768337,0.00138824689202,0.00242107990198,0.0016510176938,0.000672497553751,0.00136366009247,0.00076970673399,0.000546806375496,0.000244095761445,0.000225187468459,0.000113624184451,0.0000998821706162,0.000075872601883,0.0000496891589137,0.0000444938887085,0.0000483157964482,0.000022199950763,0.0000046672012104,0.00000422350694862,0.00000979038577498,0.00015398854157],"dvar":[0.0000409440799558,0.000196667242562,0.0000127133089336,0.00000121287064303,0.00000286604267785,0.00000240856275013,0.0000159104201884,0.00000218921377382,0.00000735601815904,0.00000244221087087,2.9922153999e-7,0.0000013062887092,3.9815904529e-7,2.73441457921e-7,4.8873481262e-8,3.25857847372e-8,1.53079540155e-8,1.56105421922e-8,6.77722900022e-9,3.42723494029e-9,2.38986386236e-9,4.39235003924e-9,2.33197927635e-9,2.21909244452e-11,1.93233797019e-11,3.32563504513e-10,1.9018912667e-8],"dvar2":[0.0000866308473633,0.000527144700754,0.0000348232933902,0.00000342604198522,0.000008024512681,0.00000606471166975,0.0000368394976249,0.00000614441341895,0.0000221415448323,0.00000653123879601,8.04320052339e-7,0.00000329638783114,0.00000107614880562,6.72517387557e-7,1.24072570884e-7,8.4078330076e-8,3.52782656421e-8,3.56494744835e-8,1.5176427226e-8,8.20357293208e-9,5.17435561065e-9,8.93446561179e-9,4.5746437749e-9,5.9118938911e-11,5.1826581221e-11,6.53041232201e-10,3.90547043594e-8],"max":[0.0772409066558,0.14355891943,0.0402663648129,0.0145330065861,0.0234944671392,0.0169769916683,0.0516838952899,0.0156446918845,0.0329583622515,0.0180116835982,0.00515148276463,0.0230021681637,0.00691238371655,0.00762643525377,0.00252502644435,0.00245311157778,0.00156741624232,0.00175713817589,0.0010777101852,0.000795402971562,0.000637066958006,0.000863158027641,0.000956312229391,0.0000404106431233,0.0000385596540582,0.000363902479876,0.00193869683426],"mean":[0.00453788414598,0.0110881701112,0.00242656143382,0.000815374427475,0.0023029409349,0.00209354166873,0.00433092704043,0.00130113377236,0.00246756686829,0.00172820023727,0.000690826564096,0.00146310718264,0.000842254958116,0.000667968124617,0.000285417539999,0.000272633973509,0.000136379763717,0.000127862440422,0.000108140695374,0.000069534915383,0.0000685082923155,0.0000693426845828,0.000025459607059,0.00000281023039861,0.000002475340807,0.0000108525246105,0.000343624706147],"median":[0.00155170250218,0.00631901342422,0.00115493428893,0.000420278054662,0.00156108755618,0.00117408926599,0.00095611391589,0.000433066452388,0.000817720603663,0.00101400492713,0.000498166889884,0.00108067388646,0.00059034943115,0.000399999058573,0.000204074123758,0.000209582532989,0.0000842689478304,0.0000764262367738,0.0000632512746961,0.000038867980038,0.0000347898458131,0.0000298023169307,0.00000912817085919,8.95144410151e-7,7.67464825913e-7,0.0000044443936531,0.000304812070681],"min":[2.06621193531e-23,2.21211901726e-23,1.41062119142e-23,4.33359752207e-24,3.07540074473e-23,6.59431676086e-23,5.23592731215e-23,1.69220824698e-23,4.61729691048e-23,3.40001258961e-23,7.03108884924e-23,8.13736781897e-23,6.79451703683e-23,1.25549068467e-22,7.99481686687e-23,9.91456857097e-23,1.16772151548e-22,1.71766724964e-22,2.87908002358e-22,2.73066133474e-22,3.01787839592e-22,3.65915895055e-22,4.92046297211e-22,9.01924438638e-22,8.68927888964e-22,1.95478712474e-21,2.37078647339e-21],"var":[0.0000650761940051,0.000244153750828,0.0000161881071108,0.00000146101490373,0.00000687105648467,0.00000697943278283,0.0000544884278497,0.00000445605155619,0.0000150299456436,0.00000495890526508,5.66928008539e-7,0.00000308121116177,8.38105052026e-7,6.9277524517e-7,1.00958473581e-7,8.19560312948e-8,3.2876137368e-8,3.28763540836e-8,1.90199873629e-8,9.09232511503e-9,8.74430750031e-9,1.31364776834e-8,3.89274168455e-9,2.47476969473e-11,2.07994801937e-11,5.54760126725e-10,1.0151727281e-7]},"barkbands_crest":{"dmean":2.75665736198,"dmean2":4.5843834877,"dvar":6.04131269455,"dvar2":16.5939445496,"max":24.0324726105,"mean":9.48699474335,"median":8.67399406433,"min":2.91242432594,"var":13.2307262421},"barkbands_flatness_db":{"dmean":0.0219805259258,"dmean2":0.0350593067706,"dvar":0.000396825140342,"dvar2":0.000956054660492,"max":0.298025488853,"mean":0.137364447117,"median":0.133727476001,"min":0.05286520347,"var":0.0014034017222},"barkbands_kurtosis":{"dmean":2.62038612366,"dmean2":4.37318086624,"dvar":14.4886264801,"dvar2":36.8815765381,"max":63.0760803223,"mean":4.78424453735,"median":3.58289384842,"min":-0.918017864227,"var":24.685459137},"barkbands_skewness":{"dmean":0.498051047325,"dmean2":0.814971029758,"dvar":0.243847638369,"dvar2":0.597561717033,"max":6.20613861084,"mean":1.5456404686,"median":1.49183869362,"min":-2.31614351273,"var":0.923445105553},"barkbands_spread":{"dmean":4.18879890442,"dmean2":6.59404993057,"dvar":21.1593112946,"dvar2":52.6675338745,"max":93.0919952393,"mean":19.6183776855,"median":18.7992706299,"min":1.95423090458,"var":80.0329055786},"dissonance":{"dmean":0.0210014190525,"dmean2":0.0363268814981,"dvar":0.000471282372018,"dvar2":0.00134198821615,"max":0.499999940395,"mean":0.464512199163,"median":0.470662981272,"min":0.241846963763,"var":0.000752472726163},"dynamic_complexity":5.70189428329,"erbbands":{"dmean":[0.296356856823,1.71349453926,2.75981783867,1.90155982971,3.01080489159,3.91317796707,7.96528863907,8.77945613861,18.7357006073,40.651966095,16.6150455475,37.1638946533,26.3408241272,24.9033184052,15.4678287506,34.5548057556,21.409160614,15.1337003708,10.3343849182,8.37750530243,5.26500844955,3.68764138222,3.43475413322,2.8402068615,2.11138749123,1.47226941586,1.26945054531,1.18050098419,1.26864874363,0.641416549683,0.421748399734,0.12282871455,0.0421793684363,0.0284515079111,0.0179700460285,0.0103153521195,0.0138064604253,0.0123022338375,0.00353755382821,0.00422859378159],"dmean2":[0.505098998547,2.86710214615,4.64068603516,3.20122599602,4.933116436,6.48246002197,12.8338346481,14.0735454559,29.8169155121,64.587097168,27.8824710846,62.7869224548,43.861946106,41.6243591309,25.6770553589,59.8983268738,35.409778595,24.9423160553,16.9382743835,14.0652627945,8.82086086273,5.97541952133,5.47569990158,4.58882331848,3.35223960876,2.33279204369,1.99723994732,1.7640093565,1.82038474083,0.942802011967,0.59206455946,0.190837323666,0.0700415074825,0.0475545302033,0.0298605524004,0.01691111736,0.0197500437498,0.0169463977218,0.00481234304607,0.00647164322436],"dvar":[0.347586244345,8.87072944641,22.0467243195,14.1289205551,21.8020324707,36.140499115,206.936355591,180.283584595,2275.36303711,7260.77636719,1020.43743896,5661.01611328,1969.18823242,1430.47839355,546.059265137,2390.54272461,936.648498535,477.044708252,271.125213623,149.80065918,56.5924377441,46.5127258301,49.6749992371,30.4570560455,12.5151224136,8.51476955414,5.09023094177,4.03377819061,6.67611694336,1.8329615593,1.6995742321,0.116374149919,0.00546517595649,0.0024773592595,0.0009567666566,0.000293923949357,0.00166513817385,0.00067430845229,0.0000328484420606,0.000028594989999],"dvar2":[0.970098614693,23.6251945496,57.8645019531,39.0552558899,58.483039856,100.198684692,581.579040527,469.945953369,5709.12353516,15980.5869141,2899.14941406,17202.6542969,5153.90966797,3999.29125977,1282.16662598,6635.21679688,2557.95385742,1194.92114258,679.596496582,396.406158447,143.544387817,106.033752441,113.461791992,70.604385376,28.4959487915,20.6176204681,12.0829229355,8.52360153198,13.7638149261,3.63495898247,3.38635277748,0.265012055635,0.0146789876744,0.00664830999449,0.00256458367221,0.000781530339736,0.0035094358027,0.00105422071647,0.0000520099129062,0.0000682223762851],"max":[6.07642650604,27.9080905914,52.8674926758,59.6400680542,83.3349914551,83.8017120361,201.634887695,154.827209473,892.358886719,1137.65905762,573.237792969,942.385742188,649.939453125,506.278411865,484.289672852,584.713806152,365.030761719,377.670562744,194.784622192,167.688598633,79.4404220581,95.1046447754,101.338439941,75.7784042358,48.1319313049,51.3981704712,26.0464820862,24.3199005127,38.6356964111,22.5655918121,25.4747276306,5.59265470505,0.633130252361,0.434277951717,0.272517591715,0.15199868381,0.806089639664,0.420254945755,0.0942560732365,0.0715176910162],"mean":[0.366026699543,2.2845249176,3.60424542427,2.74469518661,5.24891233444,6.98471498489,13.29210186,18.1053352356,42.3876724243,70.4396820068,33.5233268738,60.9960708618,46.4850540161,45.268825531,33.0898780823,63.2068061829,43.3369598389,34.3741493225,20.9504566193,17.6694355011,12.1247215271,7.89948320389,7.02025270462,6.09883594513,4.88545036316,3.30121707916,2.9549934864,2.7989282608,2.57877278328,1.24920427799,0.635110974312,0.148927122355,0.0422555282712,0.027654491365,0.017843561247,0.0110179195181,0.019965397194,0.0273921247572,0.012633100152,0.0190161559731],"median":[0.179378628731,1.13654124737,1.77518725395,1.53658258915,3.36541438103,4.63558864594,7.22838449478,9.91136837006,10.1191854477,14.7197389603,12.4603538513,19.8925266266,29.7144203186,31.7404403687,27.0730190277,48.2092971802,32.4621124268,23.3888092041,14.2848701477,12.9348459244,9.4335899353,5.21727800369,4.19027042389,3.58758687973,2.89509773254,1.98454558849,1.56645357609,1.4467291832,1.07945823669,0.578061878681,0.215614780784,0.0525690317154,0.013592146337,0.00845373608172,0.00577365979552,0.0040781875141,0.00790169090033,0.0136150075123,0.00941803399473,0.0195241179317],"min":[6.54519836815e-22,3.77654842047e-21,1.04530450501e-20,2.53258485913e-20,1.19490407698e-20,1.12266878516e-19,2.97102441417e-19,5.4672745571e-19,5.55566242447e-19,6.91412615181e-19,4.64669743077e-19,8.97266385084e-19,1.8383876115e-18,2.36487194137e-18,2.68354058402e-18,2.75247926383e-18,3.4990037696e-18,5.22067723064e-18,5.77546892184e-18,5.23056989718e-18,4.70444373652e-18,6.41462683167e-18,8.27594285577e-18,1.1087787011e-17,8.721312614e-18,1.42694958782e-17,1.42662946892e-17,1.00687981037e-17,1.40348445907e-17,1.21793122135e-17,1.60794299242e-17,1.40170767512e-17,1.60818849962e-17,9.1976164456e-18,7.87251446332e-18,6.07972538989e-18,3.16682912871e-18,1.46409014208e-18,3.11677260413e-19,3.37455568721e-20],"var":[0.342748790979,11.6648483276,32.3865966797,16.5200824738,46.2925834656,70.3992538452,370.615631104,552.196899414,8132.30224609,17915.0019531,3448.16333008,10090.0761719,3632.59375,2673.78564453,1365.8605957,4953.296875,2080.51708984,1425.57067871,567.479248047,350.570617676,159.316375732,105.995880127,103.886283875,66.635925293,37.7176208496,21.2664775848,15.9357872009,15.0575218201,18.9383716583,4.84188508987,2.64327478409,0.135148599744,0.00590981449932,0.00264366273768,0.00104355358053,0.000342589250067,0.00223603309132,0.00208384776488,0.000191275394172,0.000216891421587]},"erbbands_crest":{"dmean":2.3954334259,"dmean2":4.00227689743,"dvar":4.73936080933,"dvar2":12.5928268433,"max":23.3587875366,"mean":8.74294185638,"median":8.1222114563,"min":2.73239564896,"var":10.7395048141},"erbbands_flatness_db":{"dmean":0.0203200019896,"dmean2":0.0320072062314,"dvar":0.00031169471913,"dvar2":0.000715325295459,"max":0.273831248283,"mean":0.167127937078,"median":0.164297193289,"min":0.0455025546253,"var":0.00155739020556},"erbbands_kurtosis":{"dmean":0.850018620491,"dmean2":1.37780499458,"dvar":0.643143892288,"dvar2":1.61770641804,"max":10.3032932281,"mean":0.984462440014,"median":0.730521202087,"min":-1.48762691021,"var":1.78921639919},"erbbands_skewness":{"dmean":0.304419338703,"dmean2":0.495578885078,"dvar":0.0578040741384,"dvar2":0.1449303478,"max":2.82555389404,"mean":0.369509905577,"median":0.351322770119,"min":-1.39638948441,"var":0.381297379732},"erbbands_spread":{"dmean":4.19746446609,"dmean2":6.60769510269,"dvar":15.0538682938,"dvar2":34.9955825806,"max":68.0766906738,"mean":22.297750473,"median":21.4867115021,"min":7.57041072845,"var":53.1310119629},"gfcc":{"cov":[[41249.2226562,5139.49072266,497.289550781,746.032226562,1717.93408203,405.561340332,2092.25756836,-278.302764893,541.553894043,-214.526687622,718.029602051,-442.928070068,-330.919372559],[5139.49072266,1548.12109375,21.2246360779,-182.378143311,211.397109985,-204.02281189,200.277038574,-184.007156372,75.3726882935,-108.749130249,55.4458961487,-112.643104553,30.2394428253],[497.289550781,21.2246360779,728.487304688,200.463500977,199.860122681,356.371643066,65.0649261475,184.246871948,-126.049278259,-71.9466323853,63.282459259,-137.73677063,5.44047498703],[746.032226562,-182.378143311,200.463500977,283.887329102,188.903259277,180.511245728,166.828720093,41.4448356628,2.41505861282,-16.2419300079,39.4907569885,1.0961151123,-55.7919120789],[1717.93408203,211.397109985,199.860122681,188.903259277,330.984954834,174.506225586,228.090881348,-10.8315677643,-0.924685776234,-57.573764801,60.5973014832,-43.3874816895,-19.9089183807],[405.561340332,-204.02281189,356.371643066,180.511245728,174.506225586,329.833465576,91.5589141846,111.094306946,-74.9562835693,-33.6183319092,42.1005516052,-45.0425758362,-7.28046751022],[2092.25756836,200.277038574,65.0649261475,166.828720093,228.090881348,91.5589141846,339.848693848,-23.5135421753,89.6351013184,-17.8840484619,63.3083152771,4.12863206863,-63.380317688],[-278.302764893,-184.007156372,184.246871948,41.4448356628,-10.8315677643,111.094306946,-23.5135421753,187.272796631,-19.7298030853,46.1730422974,35.6395378113,-55.9353866577,15.8927659988],[541.553894043,75.3726882935,-126.049278259,2.41505861282,-0.924685776234,-74.9562835693,89.6351013184,-19.7298030853,113.829498291,45.7399673462,16.5933380127,34.0364608765,-34.7544136047],[-214.526687622,-108.749130249,-71.9466323853,-16.2419300079,-57.573764801,-33.6183319092,-17.8840484619,46.1730422974,45.7399673462,85.0850830078,27.9775009155,15.8986186981,0.558955907822],[718.029602051,55.4458961487,63.282459259,39.4907569885,60.5973014832,42.1005516052,63.3083152771,35.6395378113,16.5933380127,27.9775009155,68.0345535278,-6.76406621933,-2.38036417961],[-442.928070068,-112.643104553,-137.73677063,1.0961151123,-43.3874816895,-45.0425758362,4.12863206863,-55.9353866577,34.0364608765,15.8986186981,-6.76406621933,88.459312439,-6.22342586517],[-330.919372559,30.2394428253,5.44047498703,-55.7919120789,-19.9089183807,-7.28046751022,-63.380317688,15.8927659988,-34.7544136047,0.558955907822,-2.38036417961,-6.22342586517,61.7067146301]],"icov":[[0.000105244158476,-0.000545047339983,0.000504823459778,-0.000667362066451,0.000514631916303,-0.000689147505909,-0.000140922609717,-0.0000870928924996,0.000102199635876,0.0000233604914683,-0.000590191804804,0.000407185929362,0.000221666356083],[-0.000545047339983,0.00560923945159,-0.00384812080301,0.00567539595068,-0.00358228199184,0.00571750570089,-0.000133669600473,0.00342167564668,-0.00439121294767,0.00384786445647,-0.000970704539213,0.00231714872643,-0.004012695048],[0.000504823459778,-0.00384812080301,0.00849771965295,-0.00671812333167,0.00497332168743,-0.008041289635,0.000705302110873,-0.00296824472025,0.000895852106623,0.00471979007125,-0.00631403597072,0.00575160887092,0.000712709850632],[-0.000667362066451,0.00567539595068,-0.00671812333167,0.0189213231206,-0.0119185056537,0.00690551521257,-0.0016820889432,-0.00171250384301,0.00255700713024,-0.00301317963749,0.00642698258162,-0.00954737886786,0.00777502637357],[0.000514631916303,-0.00358228199184,0.00497332168743,-0.0119185056537,0.0194495618343,-0.0101073021069,-0.00424293987453,0.00628712074831,-0.00443261023611,0.00725613394752,-0.0115341506898,0.0133415805176,-0.00925546139479],[-0.000689147505909,0.00571750570089,-0.008041289635,0.00690551521257,-0.0101073021069,0.019001128152,-0.00194907619152,-0.00361778098159,0.00634760595858,-0.00137145083863,0.00531095825136,-0.00794967450202,0.00135626632255],[-0.000140922609717,-0.000133669600473,0.000705302110873,-0.0016820889432,-0.00424293987453,-0.00194907619152,0.012158466503,-0.000460171228042,-0.00996287725866,0.00579776521772,-0.00412794714794,-0.00101538165472,0.00280913431197],[-0.0000870928924996,0.00342167564668,-0.00296824472025,-0.00171250384301,0.00628712074831,-0.00361778098159,-0.000460171228042,0.0216170586646,-0.00974074099213,-0.00314055918716,-0.00741356192157,0.0171622224152,-0.0118818990886],[0.000102199635876,-0.00439121294767,0.000895852106623,0.00255700713024,-0.00443261023611,0.00634760595858,-0.00996287725866,-0.00974074099213,0.0415230430663,-0.0251001082361,0.0136982360855,-0.0174408443272,0.0189107470214],[0.0000233604914683,0.00384786445647,0.00471979007125,-0.00301317963749,0.00725613394752,-0.00137145083863,0.00579776521772,-0.00314055918716,-0.0251001082361,0.0482590384781,-0.0283769890666,0.0110824229196,-0.0105086388066],[-0.000590191804804,-0.000970704539213,-0.00631403597072,0.00642698258162,-0.0115341506898,0.00531095825136,-0.00412794714794,-0.00741356192157,0.0136982360855,-0.0283769890666,0.045345261693,-0.017818974331,0.00617723166943],[0.000407185929362,0.00231714872643,0.00575160887092,-0.00954737886786,0.0133415805176,-0.00794967450202,-0.00101538165472,0.0171622224152,-0.0174408443272,0.0110824229196,-0.017818974331,0.0409471057355,-0.0166688207537],[0.000221666356083,-0.004012695048,0.000712709850632,0.00777502637357,-0.00925546139479,0.00135626632255,0.00280913431197,-0.0118818990886,0.0189107470214,-0.0105086388066,0.00617723166943,-0.0166688207537,0.038750436157]],"mean":[-59.635471344,105.084197998,-105.207206726,-15.1062555313,-24.5853767395,-16.8666820526,3.66258525848,-22.1040821075,3.02198052406,-3.42260313034,-6.07641792297,2.65496945381,-5.47990608215]},"hfc":{"dmean":21.612985611,"dmean2":35.1268005371,"dvar":646.53515625,"dvar2":1599.03076172,"max":396.912231445,"mean":129.916809082,"median":148.155532837,"min":1.149054456e-16,"var":6643.82910156},"melbands":{"dmean":[0.00244003976695,0.00168617651798,0.000323137646774,0.000250841461821,0.000249476142926,0.000205927761272,0.000304373708786,0.000381711724913,0.000164802258951,0.000220302143134,0.000135683323606,0.000111092929728,0.0000529458884557,0.0000831367360661,0.0000682207246427,0.0000418976342189,0.0000304286477331,0.0000212957038457,0.0000114460053737,0.0000113142086775,0.00000623943469691,0.00000457059331893,0.00000320534240927,0.00000319250102621,0.00000250265225077,0.00000191456820176,0.000001300132908,0.00000101299133348,8.46154193823e-7,8.24695121082e-7,7.93499964402e-7,8.61115495354e-7,4.88718626457e-7,3.23210883835e-7,2.53290806995e-7,1.98268537588e-7,3.66114214501e-8,2.96756770268e-8,2.61454857764e-8,2.32345271911e-8],"dmean2":[0.00412000995129,0.00283781602047,0.000541852321476,0.000409222149756,0.000402648496674,0.000324485095916,0.000481751660118,0.000612368283328,0.000274853169685,0.000375113129849,0.000224371542572,0.000185871118447,0.0000885800109245,0.000140587828355,0.000118517855299,0.0000697688374203,0.0000506226242578,0.0000349615474988,0.0000193678206415,0.0000188883077499,0.0000104695327536,0.00000750079834688,0.00000526241956322,0.00000509739720655,0.00000409991980632,0.00000306208744405,0.00000203175250135,0.0000016481159264,0.00000138148220685,0.00000128777355712,0.00000121110588225,0.00000127068949496,7.29866371785e-7,4.85703196773e-7,3.5542748833e-7,3.07521190734e-7,6.09375021554e-8,4.9830497062e-8,4.38245315593e-8,3.8837281835e-8],"dvar":[0.0000199620735657,0.0000081771368059,3.45482987996e-7,1.24940726209e-7,2.01456387572e-7,1.00153684457e-7,4.67110425006e-7,6.39586346551e-7,1.02702486515e-7,2.06004699521e-7,5.25049195232e-8,2.91369364191e-8,6.04784888836e-9,1.68441527393e-8,8.44084002694e-9,3.40240147167e-9,2.17164841665e-9,1.27568744457e-9,3.14183568051e-10,2.35383684766e-10,8.09344674613e-11,6.87594078896e-11,3.90330545663e-11,4.3568898489e-11,2.33252965554e-11,1.00843248682e-11,5.77156898662e-12,4.08429453452e-12,2.38429718677e-12,1.92579025643e-12,2.17456564908e-12,3.33625922028e-12,9.15426046598e-13,6.09175849955e-13,5.10409097799e-13,6.25855649857e-13,3.85355564123e-15,2.74936836162e-15,2.11568056741e-15,1.64830811591e-15],"dvar2":[0.0000536669613211,0.000020840059733,9.46194120388e-7,3.24180177813e-7,5.83396683851e-7,2.58905856754e-7,0.00000118589980502,0.0000014423067114,2.96062637517e-7,6.32745923212e-7,1.36521791205e-7,8.15285332578e-8,1.58398130168e-8,3.75203299541e-8,2.37533086533e-8,9.18896159163e-9,5.39269340294e-9,3.28556448714e-9,8.09386335732e-10,6.13121942106e-10,2.21852036741e-10,1.62319990782e-10,9.43646966123e-11,9.91718374088e-11,5.68042418658e-11,2.3123442397e-11,1.3668439644e-11,1.06410852352e-11,5.98060706861e-12,4.46356319961e-12,5.27414917295e-12,7.12703507322e-12,1.97167239133e-12,1.2188369888e-12,9.46002607846e-13,1.46517628759e-12,1.02186690031e-14,7.39124083796e-15,5.68158699612e-15,4.42259618684e-15],"max":[0.0477544218302,0.0335883945227,0.00928364321589,0.00609225779772,0.00657260790467,0.00399175938219,0.0122138597071,0.010594278574,0.00543866306543,0.00581495137885,0.0031582347583,0.00224745296873,0.00121074763592,0.00310821877792,0.000884369248524,0.000589394418057,0.000861323322169,0.000466279394459,0.000218103508814,0.0002159410069,0.000106412066089,0.000105257262476,0.0000837669940665,0.0000910325397854,0.0000690657034284,0.0000393159352825,0.0000334524702339,0.0000351753296854,0.0000172301970451,0.0000185942117241,0.0000183912252396,0.0000247927728196,0.0000128058063638,0.0000142261969813,0.0000143010456668,0.0000133195353555,5.55395729407e-7,4.49306128303e-7,3.9877207314e-7,3.55030039145e-7],"mean":[0.00349751766771,0.00238262163475,0.000533038983122,0.000464139971882,0.000432891276432,0.000451181374956,0.00067701167427,0.000650259375107,0.000305305002257,0.000356519449269,0.000227792130318,0.000193517509615,0.000101244128018,0.000154780398589,0.000135273861815,0.0000786189557402,0.0000637211633148,0.000037924546632,0.0000223854240176,0.0000216537464439,0.0000127557614178,0.00000866308892,0.00000611965970165,0.00000616184979663,0.00000478017318528,0.000004039378382,0.0000026650509426,0.00000206765048461,0.00000180400127192,0.00000176663149887,0.00000163254037489,0.00000168807628143,9.15704106319e-7,5.93623212808e-7,3.83004618243e-7,2.36593422187e-7,3.77423852171e-8,2.80998868618e-8,2.4997421022e-8,2.24992255937e-8],"median":[0.00208128127269,0.00129272846971,0.000344829401001,0.000317262340104,0.000238044041907,0.000227015581913,0.000157920789206,0.000140906864544,0.000101132027339,0.000124754107674,0.000141259588418,0.000128607207444,0.0000784727526479,0.00011068751337,0.000107303065306,0.0000545509865333,0.0000394556773244,0.0000239041291934,0.0000162662654475,0.0000155953184731,0.00000938557604968,0.00000534363425686,0.00000361974343832,0.00000350009645445,0.00000275953993878,0.0000023522511583,0.00000142482997489,0.00000122692858895,9.52758739459e-7,9.0115383955e-7,7.79678202889e-7,6.60513364892e-7,4.33957268342e-7,2.50648014344e-7,1.24722134842e-7,6.8505443096e-8,1.25833565789e-8,7.99435806442e-9,7.26175031218e-9,6.70326461005e-9],"min":[8.73097050402e-24,6.81228092224e-24,3.72611269947e-24,3.3950711649e-24,1.00169975841e-23,1.27471236925e-23,8.59985708841e-24,6.27414762283e-24,3.59519176592e-24,5.94394425297e-24,9.36505216647e-24,8.96844603549e-24,8.88576946832e-24,9.87640442701e-24,4.6471464605e-24,7.98706757065e-24,1.01356004546e-23,1.11247389442e-23,6.54045247051e-24,7.00212108794e-24,4.90337361011e-24,7.38374596148e-24,5.99505376216e-24,8.31187868179e-24,8.58994347341e-24,7.37422598807e-24,5.88894132078e-24,1.05192479675e-23,8.364309533e-24,7.87000061232e-24,5.62566017696e-24,8.32574448992e-24,6.11639240229e-24,6.91062190041e-24,8.58505884669e-24,9.69670901255e-24,7.33191622228e-24,1.06333440757e-23,1.09282210709e-23,7.03896483652e-24],"var":[0.0000238297561737,0.0000121183429656,4.68504168794e-7,3.11845894885e-7,3.59741449074e-7,3.90184965227e-7,0.00000162372816703,0.00000153530231728,3.3548127476e-7,3.45698907722e-7,9.56444310418e-8,5.40511848612e-8,1.24695125336e-8,4.19155412601e-8,1.92872953164e-8,7.17006987117e-9,5.77615066888e-9,2.28967245164e-9,6.25404061871e-10,5.38639410852e-10,1.97899183152e-10,1.37818770285e-10,7.95731744385e-11,8.470693591e-11,4.39991723611e-11,2.74590281069e-11,1.36890247401e-11,8.8612008356e-12,6.20296218903e-12,6.04988715375e-12,5.74406234383e-12,8.79397943354e-12,2.30748514914e-12,1.37734951482e-12,9.02785279259e-13,6.2550279626e-13,4.34318473045e-15,2.87798226785e-15,2.23287181083e-15,1.75876661206e-15]},"melbands_crest":{"dmean":3.82571268082,"dmean2":6.51368951797,"dvar":12.719209671,"dvar2":33.6861114502,"max":34.3623275757,"mean":13.7515764236,"median":13.0632209778,"min":1.68644154072,"var":30.7850532532},"melbands_flatness_db":{"dmean":0.0287526044995,"dmean2":0.0463277585804,"dvar":0.00069642852759,"dvar2":0.00162463926245,"max":0.459556490183,"mean":0.236333861947,"median":0.235127702355,"min":0.0041990163736,"var":0.00374315492809},"melbands_kurtosis":{"dmean":3.45313119888,"dmean2":5.78734254837,"dvar":24.3855304718,"dvar2":64.0447387695,"max":47.5915603638,"mean":5.04685926437,"median":3.29292011261,"min":-1.33797264099,"var":34.4513168335},"melbands_skewness":{"dmean":0.596094608307,"dmean2":0.972446978092,"dvar":0.368761539459,"dvar2":0.92760437727,"max":6.45765924454,"mean":1.77599048615,"median":1.66570520401,"min":-0.356515318155,"var":1.02525281906},"melbands_spread":{"dmean":4.76383924484,"dmean2":7.798350811,"dvar":34.1645851135,"dvar2":71.4457550049,"max":142.673660278,"mean":20.4873180389,"median":17.3883342743,"min":2.06118512154,"var":382.133575439},"mfcc":{"cov":[[21359.1054688,3788.11523438,-932.264709473,2186.97119141,-481.206176758,1768.82800293,921.684997559,1157.03112793,-14.302895546,958.643249512,837.389038086,36.1008529663,350.660797119],[3788.11523438,1756.04846191,-95.6403808594,338.119445801,-63.9863853455,223.043930054,150.555419922,119.986442566,12.9769487381,136.864227295,111.85018158,-48.7468566895,8.32389163971],[-932.264709473,-95.6403808594,415.488433838,-124.117019653,142.769805908,-72.2211532593,79.1698226929,-0.228883042932,-6.9392209053,9.9994058609,-59.803527832,-36.067073822,-65.3695831299],[2186.97119141,338.119445801,-124.117019653,436.000701904,-52.8341178894,299.860870361,150.909118652,205.521011353,-11.5161504745,144.545349121,109.801254272,-20.9770565033,38.3239517212],[-481.206176758,-63.9863853455,142.769805908,-52.8341178894,179.307876587,6.96202039719,83.3875961304,1.29805159569,-2.52204966545,-7.49094772339,-54.0609436035,-27.0143966675,-37.188419342],[1768.82800293,223.043930054,-72.2211532593,299.860870361,6.96202039719,398.955596924,187.206970215,233.939346313,-12.1573638916,96.0637359619,52.9149894714,-26.3763828278,44.2637443542],[921.684997559,150.555419922,79.1698226929,150.909118652,83.3875961304,187.206970215,231.224853516,141.670684814,10.7080030441,83.6291122437,30.7969112396,-33.863368988,-7.91407585144],[1157.03112793,119.986442566,-0.228883042932,205.521011353,1.29805159569,233.939346313,141.670684814,198.872238159,1.95113313198,91.1630554199,41.1061248779,-19.6265563965,22.143989563],[-14.302895546,12.9769487381,-6.9392209053,-11.5161504745,-2.52204966545,-12.1573638916,10.7080030441,1.95113313198,49.3641052246,8.98198032379,12.2390947342,3.30395698547,0.493020743132],[958.643249512,136.864227295,9.9994058609,144.545349121,-7.49094772339,96.0637359619,83.6291122437,91.1630554199,8.98198032379,125.180610657,71.8622207642,-1.89675879478,6.65976858139],[837.389038086,111.85018158,-59.803527832,109.801254272,-54.0609436035,52.9149894714,30.7969112396,41.1061248779,12.2390947342,71.8622207642,96.0714569092,25.1758098602,23.6299724579],[36.1008529663,-48.7468566895,-36.067073822,-20.9770565033,-27.0143966675,-26.3763828278,-33.863368988,-19.6265563965,3.30395698547,-1.89675879478,25.1758098602,51.0103416443,27.8554058075],[350.660797119,8.32389163971,-65.3695831299,38.3239517212,-37.188419342,44.2637443542,-7.91407585144,22.143989563,0.493020743132,6.65976858139,23.6299724579,27.8554058075,54.8220252991]],"icov":[[0.000194080363144,-0.000272435805527,0.000183446740266,-0.000188782127225,0.00011726354569,-0.000199580463232,-0.00020685470372,-0.000143928016769,0.00029788367101,-0.000402706908062,-0.000337251258316,-0.000325177476043,-0.000223533716053],[-0.000272435805527,0.00111325841863,-0.000290837109787,-0.000170838276972,0.000179218608537,-0.0000019610590698,-0.0000391929097532,0.00102955300827,-0.000673567701597,0.000288678973448,0.000245140137849,0.00121724535711,0.000294668396236],[0.000183446740266,-0.000290837109787,0.00502629391849,0.00172038725577,-0.00182921707164,0.0018352397019,-0.00173871405423,-0.00281191989779,0.00233352230862,-0.00245719705708,0.0007183883572,0.0000308761336782,0.00177579862066],[-0.000188782127225,-0.000170838276972,0.00172038725577,0.00925967749208,0.0000574102377868,-0.00213513150811,0.0000614836608293,-0.00320229539648,0.00332104018889,-0.00269834138453,-0.00472964020446,0.00489912554622,-0.000275740749203],[0.00011726354569,0.000179218608537,-0.00182921707164,0.0000574102377868,0.0131205236539,-0.0022771905642,-0.00664483802393,0.00538478046656,-0.000259730499238,-0.00312020257115,0.00861222855747,-0.00386967672966,0.00324150640517],[-0.000199580463232,-0.0000019610590698,0.0018352397019,-0.00213513150811,-0.0022771905642,0.0128220506012,-0.00264904438518,-0.0106253493577,0.00300543452613,0.00362440664321,-0.000277105136774,0.00284796091728,-0.0048250653781],[-0.00020685470372,-0.0000391929097532,-0.00173871405423,0.0000614836608293,-0.00664483802393,-0.00264904438518,0.0145942214876,-0.00485967611894,-0.0032589067705,0.000541593646631,-0.00555016985163,0.00417922111228,0.0011462738039],[-0.000143928016769,0.00102955300827,-0.00281191989779,-0.00320229539648,0.00538478046656,-0.0106253493577,-0.00485967611894,0.0265941657126,-0.0042885937728,-0.00818805582821,0.00838654860854,-0.00117769115604,-0.0015450877836],[0.00029788367101,-0.000673567701597,0.00233352230862,0.00332104018889,-0.000259730499238,0.00300543452613,-0.0032589067705,-0.0042885937728,0.0247052721679,-0.00113535637502,-0.005473297555,0.00144772080239,-0.00114389834926],[-0.000402706908062,0.000288678973448,-0.00245719705708,-0.00269834138453,-0.00312020257115,0.00362440664321,0.000541593646631,-0.00818805582821,-0.00113535637502,0.0261839851737,-0.0164935588837,0.00314676458947,0.00217068521306],[-0.000337251258316,0.000245140137849,0.0007183883572,-0.00472964020446,0.00861222855747,-0.000277105136774,-0.00555016985163,0.00838654860854,-0.005473297555,-0.0164935588837,0.039250664413,-0.0179550740868,0.00241763633676],[-0.000325177476043,0.00121724535711,0.0000308761336782,0.00489912554622,-0.00386967672966,0.00284796091728,0.00417922111228,-0.00117769115604,0.00144772080239,0.00314676458947,-0.0179550740868,0.0450744330883,-0.0208969861269],[-0.000223533716053,0.000294668396236,0.00177579862066,-0.000275740749203,0.00324150640517,-0.0048250653781,0.0011462738039,-0.0015450877836,-0.00114389834926,0.00217068521306,0.00241763633676,-0.0208969861269,0.0381427630782]],"mean":[-704.327026367,166.079086304,-21.9943790436,15.4184331894,-14.1853885651,17.4318389893,-5.88629961014,3.54004001617,2.12234973907,-1.2592343092,4.59729290009,1.49399328232,4.93247365952]},"pitch_salience":{"dmean":0.0703724101186,"dmean2":0.118673220277,"dvar":0.00483760097995,"dvar2":0.0132457902655,"max":0.826159775257,"mean":0.599711000919,"median":0.606793820858,"min":0.12152377516,"var":0.011088215746},"silence_rate_20dB":{"dmean":0,"dmean2":0,"dvar":0,"dvar2":0,"max":1,"mean":1,"median":1,"min":1,"var":0},"silence_rate_30dB":{"dmean":0.0335305705667,"dmean2":0.0671273469925,"dvar":0.0324061028659,"dvar2":0.0803906917572,"max":1,"mean":0.967487692833,"median":1,"min":0,"var":0.0314549989998},"silence_rate_60dB":{"dmean":0.00197238661349,"dmean2":0.00394866755232,"dvar":0.00196848530322,"dvar2":0.00393309118226,"max":1,"mean":0.212807878852,"median":0,"min":0,"var":0.167521700263},"spectral_centroid":{"dmean":144.085723877,"dmean2":219.755844116,"dvar":80148.6484375,"dvar2":100067.132812,"max":11020.8222656,"mean":1019.19317627,"median":898.948730469,"min":239.678894043,"var":434966.59375},"spectral_complexity":{"dmean":2.3865878582,"dmean2":3.72161889076,"dvar":8.00047874451,"dvar2":16.4456386566,"max":50,"mean":18.4551715851,"median":21,"min":0,"var":122.801437378},"spectral_contrast_coeffs":{"dmean":[0.0491439364851,0.0455372594297,0.0381321236491,0.0263286028057,0.0171825680882,0.0473175570369],"dmean2":[0.0837517753243,0.0748288184404,0.0657095760107,0.0448801331222,0.0289517305791,0.0764209851623],"dvar":[0.00159100687597,0.00133612030186,0.000824297894724,0.000397830241127,0.000200455455342,0.00162799528334],"dvar2":[0.00441008899361,0.00373166264035,0.00251151947305,0.00117092730943,0.000535893603228,0.00447761593387],"max":[-0.50578546524,-0.523550570011,-0.621870398521,-0.713965117931,-0.763334512711,-0.493275076151],"mean":[-0.69946205616,-0.765560865402,-0.799351394176,-0.811648845673,-0.833251416683,-0.72389626503],"median":[-0.698680758476,-0.771828591824,-0.800292253494,-0.809839487076,-0.827577352524,-0.715628623962],"min":[-0.961722075939,-0.978974282742,-0.986300110817,-0.985887050629,-0.971461176872,-0.967154622078],"var":[0.00497380271554,0.00554719334468,0.00328192510642,0.0015074966941,0.00102132104803,0.00681941304356]},"spectral_contrast_valleys":{"dmean":[0.41943192482,0.346845090389,0.302933335304,0.253342717886,0.256471067667,0.71424138546],"dmean2":[0.682933092117,0.565074622631,0.495270937681,0.392075181007,0.377403885126,1.13649213314],"dvar":[0.252484321594,0.241417959332,0.246334597468,0.230634137988,0.278645902872,0.490396231413],"dvar2":[0.436736553907,0.333139032125,0.322239398956,0.246188119054,0.320164203644,1.04371345043],"max":[-5.00364494324,-4.86806869507,-5.3094496727,-5.79381847382,-6.10890674591,-9.22357177734],"mean":[-7.70693635941,-6.75399780273,-7.10039424896,-7.68414449692,-8.27724647522,-11.733294487],"median":[-6.61384773254,-6.17758655548,-6.30179786682,-6.92857408524,-7.56165361404,-11.2773084641],"min":[-27.3057994843,-27.0912532806,-27.4180698395,-27.1995372772,-26.9561462402,-27.340171814],"var":[7.20450544357,4.3679022789,4.45855379105,4.10159778595,3.75903224945,3.03845357895]},"spectral_decrease":{"dmean":3.23943027958e-9,"dmean2":5.25853049993e-9,"dvar":2.45279119024e-17,"dvar2":6.03636044627e-17,"max":2.76400680121e-10,"mean":-8.34520008652e-9,"median":-7.30288407524e-9,"min":-5.29024148932e-8,"var":5.92584845469e-17},"spectral_energy":{"dmean":0.0123402401805,"dmean2":0.0199499819428,"dvar":0.000350317830453,"dvar2":0.00085979688447,"max":0.217956364155,"mean":0.043280556798,"median":0.0429531820118,"min":1.06850199365e-20,"var":0.00115273427218},"spectral_energyband_high":{"dmean":0.000109973989311,"dmean2":0.000146857550135,"dvar":3.68433354936e-8,"dvar2":5.40706679431e-8,"max":0.00314526027068,"mean":0.000353745010216,"median":0.000244876748184,"min":7.88728669414e-21,"var":1.8726720441e-7},"spectral_energyband_low":{"dmean":0.010329388082,"dmean2":0.0172451734543,"dvar":0.000304008164676,"dvar2":0.000787523342296,"max":0.180717542768,"mean":0.0169861242175,"median":0.0120474630967,"min":5.61266014367e-23,"var":0.000437221024185},"spectral_energyband_middle_high":{"dmean":0.00168859795667,"dmean2":0.00278003606945,"dvar":0.00000467523250336,"dvar2":0.0000115043749247,"max":0.0286274328828,"mean":0.00616594403982,"median":0.00568895461038,"min":1.47723420922e-21,"var":0.0000250989651249},"spectral_energyband_middle_low":{"dmean":0.00429545436054,"dmean2":0.00692663528025,"dvar":0.0000315673278237,"dvar2":0.0000806529278634,"max":0.068246267736,"mean":0.013749239035,"median":0.00845830328763,"min":3.13402724638e-22,"var":0.000194477048353},"spectral_entropy":{"dmean":0.145990014076,"dmean2":0.228509530425,"dvar":0.0247390884906,"dvar2":0.0513921454549,"max":9.79770755768,"mean":7.47063779831,"median":7.49458932877,"min":5.70646715164,"var":0.170055910945},"spectral_flux":{"dmean":0.0190542694181,"dmean2":0.0313972793519,"dvar":0.000644748099148,"dvar2":0.00143079296686,"max":0.334491193295,"mean":0.0984337106347,"median":0.107686638832,"min":1.0336836942e-10,"var":0.00381579319946},"spectral_kurtosis":{"dmean":4.25896263123,"dmean2":6.63519906998,"dvar":33.3234329224,"dvar2":83.9535293579,"max":70.4682159424,"mean":18.026512146,"median":16.5104732513,"min":-1.24092042446,"var":77.1922225952},"spectral_rms":{"dmean":0.000783956376836,"dmean2":0.00125246250536,"dvar":9.95058485387e-7,"dvar2":0.00000234677804656,"max":0.0145821934566,"mean":0.00564997829497,"median":0.00647344905883,"min":3.22868533124e-12,"var":0.0000103027114164},"spectral_rolloff":{"dmean":4207.44628906,"dmean2":8129.08935547,"dvar":55321928,"dvar2":141379744,"max":22050,"mean":9162.34472656,"median":2045.65429688,"min":86.1328125,"var":89763944},"spectral_skewness":{"dmean":0.325904577971,"dmean2":0.501519143581,"dvar":0.170101776719,"dvar2":0.406509578228,"max":6.45662307739,"mean":2.86049747467,"median":2.80999994278,"min":-0.0074373409152,"var":0.615767657757},"spectral_spread":{"dmean":487322.71875,"dmean2":738127.5,"dvar":1787898494980,"dvar2":2093372407810,"max":41105644,"mean":3749343.25,"median":3537761.75,"min":1886808.5,"var":3794704007170},"spectral_strongpeak":{"dmean":0.970615684986,"dmean2":1.73983824253,"dvar":15.237326622,"dvar2":39.7670135498,"max":43.2721290588,"mean":1.42061579227,"median":0.26198771596,"min":0,"var":22.8846473694},"zerocrossingrate":{"dmean":0.0293869227171,"dmean2":0.0374164171517,"dvar":0.000965269806329,"dvar2":0.0016838767333,"max":0.7880859375,"mean":0.228746056557,"median":0.224609375,"min":0.03369140625,"var":0.0126584731042}},"metadata":{"audio_properties":{"analysis_sample_rate":44100,"bit_rate":320000,"codec":"mp3","downmix":"mix","equal_loudness":0,"length":23.5373916626,"lossless":false,"md5_encoded":"3856fb4f9b32aa63e1f46f5a4ed3e397","replay_gain":-0.503904342651,"sample_rate":44100},"tags":{"album":["Shine On"],"artist":["Jet"],"date":["2006-09-29"],"file_name":"01 - Jet - L'esprit d'escalier.mp3","musicbrainz_albumid":["748eeed9-7a78-4eda-a356-19ee6b3070e0"],"musicbrainz_artistid":["4efa55ba-93cf-497f-baf3-2ca9da7e193e"],"musicbrainz_recordingid":["8d25edd1-6b04-4655-ab77-d06efc632c00"],"title":["L'esprit d'escalier"],"tracknumber":["01/14"]},"version":{"essentia":"2.1-beta1","essentia_build_sha":"ca57ba49d9b1854bd80e60cf9ccf267278fb7d6b","essentia_git_sha":"v2.1_beta1-28-g21ef5f4-dirty","extractor":"music 1.0"}},"rhythm":{"beats_count":56,"beats_loudness":{"dmean":0.0228738095611,"dmean2":0.0410882048309,"dvar":0.000556337996386,"dvar2":0.00164239783771,"max":0.146037325263,"mean":0.0548496581614,"median":0.0566459596157,"min":6.20861584366e-10,"var":0.00137754820753},"beats_loudness_band_ratio":{"dmean":[0.172672301531,0.113225281239,0.119875065982,0.0620723813772,0.0380431562662,0.0811683759093],"dmean2":[0.31404826045,0.202491819859,0.204996585846,0.106171377003,0.0667639896274,0.121725223958],"dvar":[0.022430928424,0.0115580745041,0.0155621888116,0.00296860281378,0.00355685153045,0.0162832271308],"dvar2":[0.0563169009984,0.0406573712826,0.0355561822653,0.00971984490752,0.011169209145,0.0247778669],"max":[0.809509694576,0.540174007416,0.541463911533,0.29574456811,0.329899191856,0.884006857872],"mean":[0.405068427324,0.147274747491,0.177925616503,0.118708349764,0.0471470616758,0.150559186935],"median":[0.423534691334,0.106940209866,0.120775267482,0.101869449019,0.0318764559925,0.112262219191],"min":[0.00507157342508,0.0075188614428,0.0118658421561,0.0147553859279,0.000968349399045,0.0067682643421],"var":[0.0621266849339,0.0176291856915,0.0250881649554,0.00360420299694,0.00310762575828,0.0192680768669]},"beats_position":[0.406