{"lowlevel":{"average_loudness":0.931908071041,"barkbands":{"dmean":[0.0000300786196021,0.000394627160858,0.00128654798027,0.000647754175588,0.00148018822074,0.00111621024553,0.000674201990478,0.000513845821843,0.000499880756252,0.00125130300876,0.000674007926136,0.000754534790758,0.000400868768338,0.000295418751193,0.000374511582777,0.000358512683306,0.000244106107857,0.000284640293103,0.000308606366161,0.000246031675488,0.000108575106424,0.0000787311946624,0.0000715582864359,0.0000648577042739,0.0000105735607576,5.09333972332e-7,4.06486790894e-8],"dmean2":[0.0000485658674734,0.000665278930683,0.00198645005003,0.00108501676004,0.00238999933936,0.00175816356204,0.00102814473212,0.000832766352687,0.000803789414931,0.00199274625629,0.00105764390901,0.00119709875435,0.000650939415209,0.00047001321218,0.000608350674156,0.000570077332668,0.00039406149881,0.000445671990747,0.000482761184685,0.000388321524952,0.000166515557794,0.000112993642688,0.000102764679468,0.0000899206279428,0.0000156711557793,7.08722893705e-7,6.1465200929e-8],"dvar":[1.47042333865e-9,4.98195333876e-7,0.00000827352960187,0.00000160035938279,0.00000507392451254,0.00000400215958507,0.0000021503735752,0.00000118683169603,0.00000104971934434,0.00000466625851914,0.00000260470324065,0.00000388021180697,9.55633481681e-7,3.5111409602e-7,9.30501357743e-7,4.50842577493e-7,2.05170394452e-7,2.60656236151e-7,2.18133436647e-7,1.44398569546e-7,3.59575373921e-8,4.37357208227e-8,5.56860868528e-8,7.38619547747e-8,2.9858286954e-9,2.41197383247e-12,1.82566144141e-14],"dvar2":[3.57376817028e-9,0.00000135621621666,0.0000175111963472,0.00000407840934713,0.0000126709364849,0.00000975832699623,0.00000503363980897,0.0000029210136745,0.00000257722604147,0.0000115538887258,0.00000576665343033,0.000010058085536,0.00000239286259784,8.06947696219e-7,0.0000025349356747,0.00000106128959487,5.63592493563e-7,6.16670376985e-7,5.28857128756e-7,3.52117780267e-7,8.5002810124e-8,9.43933500253e-8,1.17325043902e-7,1.37509502451e-7,7.18893611307e-9,5.03482151804e-12,3.9713061805e-14],"max":[0.000576449325308,0.00786420702934,0.0277902521193,0.0203844159842,0.0307087525725,0.0332842506468,0.0296748820692,0.0242011491209,0.0247005876154,0.0382906533778,0.0407069288194,0.0442470833659,0.0366425178945,0.0146504594013,0.0226244404912,0.0199389774352,0.00897755660117,0.0184816587716,0.00829551089555,0.00686473399401,0.00332980952226,0.00578173343092,0.00785260368139,0.00970234256238,0.00261210068129,0.0000425721518695,0.00000409764334108],"mean":[0.0000626269029453,0.000830908829812,0.00207618740387,0.000989433727227,0.00279940571636,0.0021012860816,0.0011650363449,0.000838872336317,0.000833937257994,0.00217226380482,0.00119230756536,0.00144654756878,0.000681134290062,0.000522678601556,0.000645617546979,0.000646605098154,0.000468677491881,0.000591378367972,0.000703414320014,0.000577078200877,0.000213593739318,0.000135127425892,0.000126582555822,0.000109495580546,0.0000174729830178,7.88832039689e-7,5.06489179486e-8],"median":[0.000039383136027,0.000426114303991,0.000596192432567,0.000477304973174,0.00167598726694,0.000930940499529,0.000386011728551,0.000325200206134,0.000310263596475,0.000709073210601,0.000299779349007,0.000298942846712,0.000231396377785,0.000202859984711,0.000287181232125,0.000326184730511,0.000250968907494,0.000325843750034,0.000403888901928,0.000344196974766,0.000113348418381,0.0000517913067597,0.000049747632147,0.0000342881539837,0.00000543370242667,2.13214690348e-7,7.12943659664e-9],"min":[6.26104306547e-25,2.29633031332e-24,1.17682930512e-24,1.82535984252e-24,9.67766512144e-24,1.39146275771e-23,7.41856233753e-24,8.47722077208e-24,1.59382246152e-23,2.09076980638e-23,1.29927465794e-23,2.04584906877e-23,3.18213804283e-23,4.17436634278e-23,5.52042021574e-23,5.3477549719e-23,5.94966846436e-23,1.18214164039e-22,1.35121914484e-22,1.73373893374e-22,2.84869537343e-22,2.88468535363e-22,4.06522819385e-22,5.96517936302e-22,9.07735099713e-22,1.33863773479e-21,2.02360002949e-21],"var":[4.23754054069e-9,0.0000011359210248,0.0000163131026056,0.00000281844404526,0.0000117274612421,0.0000111588451546,0.0000063255315581,0.00000285949909085,0.00000242356759372,0.0000119640626508,0.00000788347915659,0.0000128152114485,0.00000229964166465,8.9644623813e-7,0.00000171875205979,9.87456132862e-7,4.39832234633e-7,7.24174640254e-7,7.40518316888e-7,4.67568469276e-7,7.95410883825e-8,7.65361249933e-8,1.05323024968e-7,1.55668374191e-7,5.19485521266e-9,4.59460334362e-12,2.49162381672e-14]},"barkbands_crest":{"dmean":2.54256701469,"dmean2":4.09325218201,"dvar":5.28632068634,"dvar2":12.8021249771,"max":24.6385250092,"mean":9.07359313965,"median":8.17774295807,"min":2.51517343521,"var":15.8630657196},"barkbands_flatness_db":{"dmean":0.01581290178,"dmean2":0.0235517993569,"dvar":0.000224030314712,"dvar2":0.000478114525322,"max":0.296641260386,"mean":0.129080012441,"median":0.124654099345,"min":0.0350495539606,"var":0.0013176567154},"barkbands_kurtosis":{"dmean":1.34592580795,"dmean2":2.1011197567,"dvar":5.29916667938,"dvar2":11.8233394623,"max":57.9048538208,"mean":1.19650793076,"median":0.0919111818075,"min":-1.92226314545,"var":13.3843803406},"barkbands_skewness":{"dmean":0.39957857132,"dmean2":0.606838285923,"dvar":0.164781197906,"dvar2":0.353379011154,"max":6.78373193741,"mean":0.856019258499,"median":0.700689613819,"min":-3.17584514618,"var":0.91148597002},"barkbands_spread":{"dmean":4.96850538254,"dmean2":7.60593891144,"dvar":30.9383773804,"dvar2":67.2602615356,"max":123.960662842,"mean":24.4570770264,"median":23.3933334351,"min":2.31039595604,"var":125.677078247},"dissonance":{"dmean":0.0152062196285,"dmean2":0.025756277144,"dvar":0.000214717059862,"dvar2":0.000590890529566,"max":0.499970883131,"mean":0.471630185843,"median":0.476720273495,"min":0.354308217764,"var":0.000412698980654},"dynamic_complexity":2.84321856499,"erbbands":{"dmean":[0.0074305110611,0.121698990464,1.20913374424,1.532371521,4.67231369019,4.31612443924,7.70118618011,10.0508956909,9.06945228577,9.53322601318,11.4635400772,11.8233013153,29.5648345947,33.9994888306,24.1287574768,34.1887245178,19.3095912933,13.5733280182,18.3198375702,17.233215332,17.5095252991,10.8777112961,12.8392705917,16.9724082947,14.2734651566,11.9767408371,6.75336885452,2.68867349625,2.95334911346,2.09486556053,2.09326100349,1.90947926044,0.733570158482,0.201775670052,0.030083777383,0.00480809854344,0.000570192816667,0.0000789498299127,0.000010602079783,0.00000570155179958],"dmean2":[0.011957350187,0.202832832932,1.87956881523,2.42489957809,7.87803173065,6.94533061981,12.2862653732,15.6325416565,14.0193338394,14.8550729752,18.6383705139,18.7704772949,47.0999450684,53.6864891052,37.5731697083,54.1382217407,31.3262805939,21.558511734,29.2404155731,27.8523750305,27.7276744843,17.3987998962,19.9205703735,26.7059421539,22.0291843414,18.9358081818,10.3913459778,3.99358773232,4.29731893539,3.02612543106,2.99671173096,2.63875555992,1.04131567478,0.294524759054,0.0417389236391,0.00642901612446,0.000796631677076,0.000112400688522,0.0000150698870129,0.00000801574969955],"dvar":[0.0000919511439861,0.0616325549781,7.78900957108,6.11390542984,110.770561218,43.8620834351,154.355422974,373.935791016,426.205505371,549.969909668,757.137634277,680.312988281,3988.7746582,4713.90917969,2665.36352539,9551.54882813,2034.50488281,822.083129883,2017.83398438,1612.10388184,1138.1965332,350.743865967,676.367553711,744.122802734,544.938964844,366.734466553,130.104187012,29.7924137115,62.4258804321,45.2454338074,45.2260704041,58.3373374939,10.8245573044,1.02938985825,0.00912447832525,0.000204130294151,0.00000256337420979,4.48375132578e-8,7.96119614677e-10,3.54949090953e-11],"dvar2":[0.000227678843657,0.155906319618,16.3245639801,14.4660129547,286.592071533,102.978279114,382.684783936,904.846740723,1027.96020508,1117.98583984,1871.84179688,1676.93737793,9849.6875,11744.0810547,5834.81933594,24976.9394531,4913.07275391,1908.02893066,5275.07080078,4357.40429688,2660.48095703,934.732910156,1508.39990234,1825.81726074,1266.72766113,917.484558105,308.258666992,68.2661972046,135.583251953,98.1739349365,95.0993804932,106.665351868,22.4159355164,2.10985255241,0.0177453290671,0.000399968907004,0.0000052649816098,9.15417359693e-8,1.72106728868e-9,6.61695628845e-11],"max":[0.164206087589,2.7258617878,28.2145423889,34.7078285217,178.589553833,119.746612549,237.937347412,332.749664307,479.218475342,726.034179688,657.024047852,584.398010254,1534.55529785,1184.5032959,1614.56542969,2275.45849609,1684.23681641,762.898803711,1284.2109375,1663.89611816,992.807067871,367.20489502,1298.59436035,602.990844727,457.393493652,337.243652344,194.042419434,126.121559143,198.792648315,194.516723633,236.631729126,324.789001465,100.72782135,47.3915519714,3.59297180176,0.426272839308,0.044725805521,0.00642276462168,0.000722664699424,0.0000958255768637],"mean":[0.01774536632,0.23904260993,2.0110912323,2.85729837418,7.11581945419,8.14238834381,14.4049453735,18.0671081543,16.4278774261,17.3447265625,19.3278884888,21.193572998,52.0322608948,63.2296676636,46.8409614563,66.7069244385,36.2062568665,26.7885475159,33.58203125,33.0377731323,34.8131027222,24.2103214264,28.4057788849,37.4737129211,34.4292831421,28.1665973663,14.7252941132,5.73049592972,5.06814861298,3.59886598587,3.70721578598,3.222032547,1.23092782497,0.348186820745,0.0503666065633,0.00767303723842,0.000951828609686,0.000130803367938,0.000025102046493,0.0000283921617665],"median":[0.0101380692795,0.104568980634,0.592765569687,1.5451259613,3.08259344101,4.89101982117,7.10274982452,7.68019771576,6.77026557922,6.77092838287,7.33531570435,9.46597480774,16.4476795197,23.2041816711,20.288690567,15.3883705139,14.3485393524,11.8792572021,16.2580490112,17.5238418579,18.5030670166,14.1266231537,16.4296302795,21.9849300385,19.1886634827,16.4188270569,8.17850971222,3.1365249157,1.95181202888,1.28318011761,1.45413088799,1.02995228767,0.382484823465,0.110787913203,0.0158111490309,0.00211298651993,0.000308473943733,0.0000425170801464,0.0000167444595718,0.0000286625763692],"min":[3.24486226667e-23,7.14551672075e-22,1.53774784286e-21,5.0689034209e-21,1.54882671143e-20,4.13500576567e-20,5.10118050923e-20,1.46196457225e-19,1.30790774078e-19,2.51020209492e-19,3.52938037493e-19,4.50938596608e-19,5.87824166686e-19,7.85842106344e-19,8.28483680512e-19,1.28816867812e-18,1.51644136907e-18,2.63810334617e-18,1.75604757178e-18,3.41340277712e-18,3.57845115871e-18,4.05237022861e-18,6.37123748623e-18,7.12803205969e-18,8.30208755339e-18,7.896122198e-18,9.08737560382e-18,1.21543098523e-17,1.07924736062e-17,1.15974030602e-17,9.532218448e-18,1.19613310969e-17,9.95453220102e-18,8.61110899535e-18,5.75466450226e-18,4.42785811433e-18,2.40128195039e-18,1.01685540176e-18,2.56919118783e-19,2.44581151261e-20],"var":[0.000425724982051,0.125726759434,16.2574939728,11.9868335724,170.984146118,109.862960815,475.969970703,901.53704834,1010.44165039,2074.0559082,1886.25256348,1479.22436523,10205.4414063,12089.2050781,7275.66259766,29187.8046875,5060.25732422,2252.56835938,4232.05078125,3168.84765625,2720.04199219,923.226745605,1759.19873047,2204.61743164,2007.81079102,1166.11657715,335.483276367,61.4351387024,106.157112122,82.0345993042,85.9260101318,125.675811768,19.5202255249,2.1839568615,0.0214863251895,0.000440102274297,0.00000542306952411,8.49489651955e-8,1.37892353091e-9,2.23294646662e-10]},"erbbands_crest":{"dmean":2.78997373581,"dmean2":4.53365135193,"dvar":6.92109870911,"dvar2":16.7734889984,"max":30.4955272675,"mean":9.38961982727,"median":8.2356338501,"min":2.65304636955,"var":21.5237865448},"erbbands_flatness_db":{"dmean":0.0141054037958,"dmean2":0.0204532947391,"dvar":0.000165930119692,"dvar2":0.000325130502461,"max":0.340739309788,"mean":0.19001083076,"median":0.188357651234,"min":0.0322934314609,"var":0.00146996148396},"erbbands_kurtosis":{"dmean":0.737471222878,"dmean2":1.18279671669,"dvar":0.930621683598,"dvar2":2.23088955879,"max":13.2964887619,"mean":0.0493346005678,"median":-0.366651117802,"min":-1.77558624744,"var":2.18062710762},"erbbands_skewness":{"dmean":0.340854912996,"dmean2":0.526993751526,"dvar":0.0912331491709,"dvar2":0.206831842661,"max":3.63593673706,"mean":0.110278993845,"median":0.104718461633,"min":-3.37447214127,"var":0.449717193842},"erbbands_spread":{"dmean":6.73244285583,"dmean2":10.2093038559,"dvar":46.3366508484,"dvar2":98.8919448853,"max":133.697189331,"mean":35.448928833,"median":33.4466094971,"min":5.47879981995,"var":243.500869751},"gfcc":{"cov":[[21587.1132813,1125.58837891,-2804.26611328,931.46496582,-1397.6583252,247.786071777,-662.533752441,-82.708694458,-571.024230957,-338.97177124,179.97984314,-259.119262695,33.7833023071],[1125.58837891,949.215087891,-183.530761719,-25.216217041,132.45111084,-46.1399269104,133.531555176,-72.7823562622,41.4550628662,-63.6022949219,6.39344072342,-77.4658355713,39.9001083374],[-2804.26611328,-183.530761719,817.216247559,64.3685836792,135.873184204,31.0467891693,-11.0387115479,43.6082725525,113.60093689,31.8094272614,-66.8257980347,47.8460121155,-21.1315250397],[931.46496582,-25.216217041,64.3685836792,303.620483398,-56.6956863403,-7.81966304779,-102.386650085,20.1212844849,21.8470001221,-20.3934688568,-6.92263936996,-5.581179142,1.76230037212],[-1397.6583252,132.45111084,135.873184204,-56.6956863403,287.455352783,5.06956768036,122.866569519,13.2475805283,50.7830238342,28.1263237,-18.1161155701,1.55916631222,3.14584207535],[247.786071777,-46.1399269104,31.0467891693,-7.81966304779,5.06956768036,224.525772095,56.947353363,-2.88665270805,-12.0100154877,2.00054550171,5.3235669136,-12.5415773392,1.67971014977],[-662.533752441,133.531555176,-11.0387115479,-102.386650085,122.866569519,56.947353363,217.536331177,-9.466796875,-11.3845062256,22.1485099792,12.8367843628,-9.31726551056,-9.50702857971],[-82.708694458,-72.7823562622,43.6082725525,20.1212844849,13.2475805283,-2.88665270805,-9.466796875,136.534255981,60.6311035156,8.35327720642,13.3181705475,8.88271045685,2.03444862366],[-571.024230957,41.4550628662,113.60093689,21.8470001221,50.7830238342,-12.0100154877,-11.3845062256,60.6311035156,153.938262939,25.2734394073,-2.81017446518,10.1523332596,6.7723493576],[-338.97177124,-63.6022949219,31.8094272614,-20.3934688568,28.1263237,2.00054550171,22.1485099792,8.35327720642,25.2734394073,105.992706299,13.2691726685,18.0568733215,-12.6694335938],[179.97984314,6.39344072342,-66.8257980347,-6.92263936996,-18.1161155701,5.3235669136,12.8367843628,13.3181705475,-2.81017446518,13.2691726685,129.888931274,10.307302475,32.0547332764],[-259.119262695,-77.4658355713,47.8460121155,-5.581179142,1.55916631222,-12.5415773392,-9.31726551056,8.88271045685,10.1523332596,18.0568733215,10.307302475,75.3672866821,10.2897825241],[33.7833023071,39.9001083374,-21.1315250397,1.76230037212,3.14584207535,1.67971014977,-9.50702857971,2.03444862366,6.7723493576,-12.6694335938,32.0547332764,10.2897825241,76.7009048462]],"icov":[[0.000445205252618,-0.000916749006137,0.00122927711345,-0.00118630228098,0.00118487235159,-0.00117792363744,0.00111496879254,-0.00101474393159,0.00121652276721,-0.000328366440954,0.000144849269418,-0.000433291483205,0.000624987063929],[-0.000916749006137,0.00367940310389,-0.00208349153399,0.00213039549999,-0.00296454830095,0.00305313011631,-0.00349685386755,0.00340610346757,-0.00390458386391,0.00183717953041,-0.000341476988979,0.00226741842926,-0.00211551855318],[0.00122927711345,-0.00208349153399,0.00516546936706,-0.0036844110582,0.00231995852664,-0.00354728498496,0.00318531855009,-0.00247910409234,0.00217164726928,-0.000668042514008,0.00104179955088,-0.0019702964928,0.00202011875808],[-0.00118630228098,0.00213039549999,-0.0036844110582,0.00731003889814,-0.0028883558698,0.00276147318073,-0.000911840004846,0.00215570162982,-0.00328574352898,0.00115771626588,-0.000591885240283,0.0015762927942,-0.0013637309894],[0.00118487235159,-0.00296454830095,0.00231995852664,-0.0028883558698,0.00909728556871,-0.00248167500831,-0.000245105067734,-0.00310901692137,0.00227272906341,-0.00179467571434,0.00145149696618,-0.00106789136771,0.000498662644532],[-0.00117792363744,0.00305313011631,-0.00354728498496,0.00276147318073,-0.00248167500831,0.00838591810316,-0.00527098495513,0.00300734466873,-0.00331264128909,0.00111501151696,-0.000416813505581,0.00257936585695,-0.00262030982412],[0.00111496879254,-0.00349685386755,0.00318531855009,-0.000911840004846,-0.000245105067734,-0.00527098495513,0.0118763688952,-0.00328199798241,0.0049565853551,-0.00210759160109,-0.000916007673368,-0.0014098136453,0.00369728682563],[-0.00101474393159,0.00340610346757,-0.00247910409234,0.00215570162982,-0.00310901692137,0.00300734466873,-0.00328199798241,0.0123923616484,-0.00741561781615,0.00202174438164,-0.00158841838129,0.00134784425609,-0.00125957559794],[0.00121652276721,-0.00390458386391,0.00217164726928,-0.00328574352898,0.00227272906341,-0.00331264128909,0.0049565853551,-0.00741561781615,0.013896019198,-0.00370170548558,0.00073257018812,-0.00179355719592,0.00105559814256],[-0.000328366440954,0.00183717953041,-0.000668042514008,0.00115771626588,-0.00179467571434,0.00111501151696,-0.00210759160109,0.00202174438164,-0.00370170548558,0.0122697250918,-0.00194155727513,-0.00146560696885,0.00207418715581],[0.000144849269418,-0.000341476988979,0.00104179955088,-0.000591885240283,0.00145149696618,-0.000416813505581,-0.000916007673368,-0.00158841838129,0.00073257018812,-0.00194155727513,0.00978499744087,-0.00100271764677,-0.00404755352065],[-0.000433291483205,0.00226741842926,-0.0019702964928,0.0015762927942,-0.00106789136771,0.00257936585695,-0.0014098136453,0.00134784425609,-0.00179355719592,-0.00146560696885,-0.00100271764677,0.0168318226933,-0.00371364201419],[0.000624987063929,-0.00211551855318,0.00202011875808,-0.0013637309894,0.000498662644532,-0.00262030982412,0.00369728682563,-0.00125957559794,0.00105559814256,0.00207418715581,-0.00404755352065,-0.00371364201419,0.0174185410142]],"mean":[-26.1196460724,108.368354797,-157.438827515,46.1597328186,-68.5709915161,9.06852912903,-33.895904541,-0.519551813602,-21.9902076721,-15.1906147003,-3.47585058212,-11.7050352097,0.232445299625]},"hfc":{"dmean":5.10484027863,"dmean2":6.85357618332,"dvar":35.6933708191,"dvar2":67.5553131104,"max":117.934417725,"mean":23.7853775024,"median":21.7657413483,"min":1.08282289844e-16,"var":258.5440979},"melbands":{"dmean":[0.0000798061882961,0.000460335810203,0.000364748673746,0.000309142225888,0.000262045825366,0.000218850807869,0.000139525101986,0.000102430327388,0.0000955166906351,0.000074108102126,0.000150899359141,0.00014340801863,0.0000895948978723,0.0000846447655931,0.0000693193578627,0.0000339490325132,0.0000274446138064,0.0000305128905893,0.0000247638145083,0.0000266337010544,0.000021971305614,0.0000134709234771,0.0000126801041915,0.0000140926676977,0.0000153475102707,0.0000121143884826,0.00000932060356718,0.00000823776190373,0.00000585765883443,0.00000206147501558,0.00000160519175552,0.00000180978031494,0.00000147220930558,0.00000115844386528,0.00000113856538064,0.0000013884763348,0.00000116290436836,5.85030818456e-7,3.38217944318e-7,1.19397711273e-7],"dmean2":[0.000132369750645,0.000723551900592,0.000588346505538,0.000510075362399,0.000416130642407,0.000340987317031,0.00021542912873,0.000161410309374,0.000155978632392,0.000117082956422,0.000240334789851,0.000226410353207,0.000139509138535,0.000133721638122,0.000110828856123,0.0000548920106667,0.0000437187518401,0.0000488368204969,0.0000405412283726,0.0000421509757871,0.0000352666793333,0.0000219195007958,0.0000200586237042,0.0000223405895667,0.0000245159535552,0.0000191001636267,0.0000146949105329,0.0000131640408654,0.00000917635225051,0.00000322387427332,0.00000244821831075,0.0000027200551358,0.00000217493834498,0.0000017099591787,0.00000165704886967,0.00000200954559659,0.00000165365668181,8.63572495291e-7,5.06893911734e-7,1.7918725348e-7],"dvar":[1.34433486565e-8,0.00000109417783278,4.17078183546e-7,2.89689552346e-7,1.57817694912e-7,1.65119118378e-7,9.19594000948e-8,5.16547231655e-8,4.95236669451e-8,2.41465301087e-8,1.01124783214e-7,8.39667606556e-8,4.41695569009e-8,4.48225421223e-8,2.60656953799e-8,8.79938255594e-9,3.7389034091e-9,4.92774931971e-9,4.14040490782e-9,2.73556799435e-9,1.96252769591e-9,6.758072435e-10,6.48836206985e-10,5.78335879187e-10,6.35581698383e-10,4.02370387009e-10,2.20071336154e-10,1.84002965642e-10,1.10697534472e-10,1.31905163875e-11,1.38836329586e-11,2.30704674115e-11,2.01351955942e-11,1.83444613666e-11,1.2950276268e-11,2.26200915637e-11,2.55418325379e-11,7.06132548267e-12,3.56783678122e-12,4.1528577994e-13],"dvar2":[3.60101459762e-8,0.00000233074320022,0.00000102990543382,7.45827264836e-7,3.89804625911e-7,3.989559616e-7,2.24120100256e-7,1.08748828609e-7,1.23108307548e-7,5.84721249197e-8,2.48990090768e-7,2.0990839289e-7,9.75363789735e-8,1.15412888135e-7,6.52383462807e-8,2.1515548454e-8,8.47915959667e-9,1.26763808339e-8,1.14193996481e-8,6.71396183094e-9,4.7458112995e-9,1.84025716887e-9,1.49442136443e-9,1.43037925948e-9,1.57703583525e-9,9.81590919658e-10,5.27884180812e-10,4.69231320466e-10,2.70318212259e-10,3.15276693641e-11,3.36940579604e-11,5.29634600066e-11,4.44746357797e-11,4.1611027124e-11,2.79689899713e-11,4.63759586289e-11,4.93180704608e-11,1.52888448429e-11,7.74237965406e-12,9.8537020557e-13],"max":[0.00148034538142,0.0103497756645,0.0102682914585,0.00773181812838,0.00724890269339,0.00653728656471,0.00650537759066,0.00651978095993,0.00581743521616,0.00350081035867,0.00755055202171,0.00471602240577,0.00508313020691,0.00449690315872,0.00390768004581,0.00479247793555,0.00172326562461,0.00185068347491,0.00158404011745,0.00159607524984,0.00111259391997,0.000564298126847,0.000933517876547,0.000720301584806,0.000550855707843,0.000356762757292,0.000279856118141,0.000276937178569,0.000193201878574,0.0000557454986847,0.00010502198711,0.0000925818094402,0.000143526442116,0.000152824781253,0.000111118941277,0.00015582391643,0.000226107265917,0.000101009143691,0.000092402282462,0.0000331505289068],"mean":[0.00018644357624,0.000804285693448,0.000655281881336,0.000541849993169,0.000499306188431,0.000400340853957,0.000248391268542,0.000183551062946,0.000156678404892,0.000128417406813,0.000261480658082,0.000257841020357,0.000163297198014,0.00016202867846,0.000127952444018,0.0000577315950068,0.0000493733823532,0.0000526803705725,0.0000439799550804,0.0000463363103336,0.0000408135492762,0.0000260106935457,0.0000233880036831,0.0000283013505396,0.0000305666435452,0.0000263961719611,0.0000213956500374,0.0000177259425982,0.000011489134522,0.00000401816396334,0.00000299965154227,0.00000297970632346,0.00000232117213272,0.00000189189177036,0.00000197215649678,0.00000231725698541,0.00000183895872397,9.21437845136e-7,5.48160755898e-7,1.91672185679e-7],"median":[0.000107198255137,0.000273143814411,0.000374268973246,0.000311618554406,0.000263090943918,0.000171318650246,0.0000949449749896,0.0000733923661755,0.0000546891460544,0.0000512155274919,0.0000737222435419,0.0000844734313432,0.0000480733542645,0.0000385694947909,0.000037978792534,0.0000218728036998,0.0000183768515853,0.0000230089535762,0.000020928637241,0.0000239461787714,0.0000202247283596,0.0000138112445711,0.0000116389264804,0.0000152277007146,0.0000171031369973,0.0000136755543281,0.0000126546638057,0.00000990885291685,0.00000578699928155,0.00000213075554711,0.00000149600168697,0.00000114747695079,7.52611867938e-7,6.57469399812e-7,7.95617779659e-7,7.66047776324e-7,5.37417975011e-7,2.68206264309e-7,1.56328383127e-7,6.11301800291e-8],"min":[7.98033237485e-25,1.6014355609e-24,9.62020607082e-25,1.80700087989e-24,1.9504228922e-24,3.75155306923e-24,1.934849003e-24,2.75014029842e-24,2.82547651487e-24,2.74187382499e-24,2.75531345102e-24,3.02689952524e-24,2.65965459993e-24,2.09469647987e-24,3.28619909086e-24,3.99359334432e-24,4.05390412711e-24,1.86429131148e-24,4.43094019676e-24,4.24140729238e-24,3.59679552014e-24,3.39672422292e-24,4.16016842421e-24,4.32007250185e-24,4.88517577232e-24,4.53058950074e-24,3.18357696456e-24,5.54531942693e-24,4.39282007124e-24,5.6311900919e-24,5.97600789889e-24,5.28506869227e-24,5.05872359375e-24,6.46696731617e-24,4.83405245806e-24,6.05016634601e-24,6.07779264934e-24,6.46743589955e-24,6.41482282147e-24,6.35949093429e-24],"var":[4.48789343466e-8,0.00000226186102736,7.6457428122e-7,5.12173983225e-7,4.90543527576e-7,4.21906179326e-7,2.26823800631e-7,1.86556675885e-7,1.20254355807e-7,5.3980883763e-8,2.61572381532e-7,2.136995505e-7,1.31705562012e-7,1.45490133718e-7,7.4765623026e-8,1.83531820852e-8,9.68639124466e-9,1.03152117958e-8,7.26832860565e-9,5.35952837666e-9,4.4046823966e-9,1.41504863382e-9,1.36573607978e-9,1.55516177713e-9,1.63504532136e-9,1.31515698332e-9,6.88037182783e-10,5.14598641477e-10,2.50675730173e-10,2.82329090662e-11,2.27349701565e-11,3.58857908667e-11,3.14100759291e-11,2.96598197391e-11,2.30694005565e-11,4.5335308424e-11,4.93227715614e-11,1.14424095199e-11,6.38154242991e-12,6.73665496217e-13]},"melbands_crest":{"dmean":3.25028896332,"dmean2":5.29806518555,"dvar":9.44289398193,"dvar2":22.6531162262,"max":31.4090747833,"mean":12.3458204269,"median":11.1935892105,"min":1.45865929127,"var":28.8271102905},"melbands_flatness_db":{"dmean":0.0202142335474,"dmean2":0.0301389396191,"dvar":0.000401255791076,"dvar2":0.0008436680655,"max":0.388793855906,"mean":0.161294832826,"median":0.155006110668,"min":0.00259726331569,"var":0.00273067108355},"melbands_kurtosis":{"dmean":3.41745090485,"dmean2":5.28001070023,"dvar":39.1697044373,"dvar2":88.8412094116,"max":143.064163208,"mean":6.02244472504,"median":2.57020568848,"min":-1.82068693638,"var":99.45677948},"melbands_skewness":{"dmean":0.535883724689,"dmean2":0.814122200012,"dvar":0.329124599695,"dvar2":0.711990118027,"max":10.4457187653,"mean":1.79863512516,"median":1.555965662,"min":-1.19939661026,"var":1.72309780121},"melbands_spread":{"dmean":8.21324157715,"dmean2":12.5227546692,"dvar":109.994529724,"dvar2":222.186294556,"max":259.951446533,"mean":33.147354126,"median":29.987783432,"min":1.74582707882,"var":463.833953857},"mfcc":{"cov":[[9365.03417969,396.887451172,-578.282714844,202.552459717,-267.309814453,-66.2725219727,82.6719970703,18.6319503784,-398.614532471,8.86989212036,-255.707336426,-99.6069030762,-81.7348556519],[396.887451172,1086.47351074,-212.866287231,72.7877960205,-28.959728241,84.818649292,81.9722518921,23.3092002869,60.0695304871,19.2775039673,3.58104085922,-20.2520637512,-14.3064861298],[-578.282714844,-212.866287231,538.850646973,35.898311615,120.908668518,14.6056432724,-85.3066482544,25.0841751099,43.3148422241,-14.2050895691,-0.709420859814,42.4311790466,-13.2051677704],[202.552459717,72.7877960205,35.898311615,270.86819458,56.576915741,-32.5014762878,-51.9034996033,-6.90497159958,13.3527507782,-17.6658325195,-16.4932746887,25.0808486938,3.76295828819],[-267.309814453,-28.959728241,120.908668518,56.576915741,193.984725952,-22.8253688812,-39.1657066345,23.8321037292,54.1973495483,20.1023712158,-6.58703708649,21.3367481232,11.2370376587],[-66.2725219727,84.818649292,14.6056432724,-32.5014762878,-22.8253688812,209.783889771,59.0939598083,3.07607150078,23.7557754517,-3.4300301075,28.613363266,-30.0585746765,-0.726497173309],[82.6719970703,81.9722518921,-85.3066482544,-51.9034996033,-39.1657066345,59.0939598083,186.026031494,17.2419929504,-22.3646125793,26.9853744507,-2.62202644348,-13.5279312134,5.2406411171],[18.6319503784,23.3092002869,25.0841751099,-6.90497159958,23.8321037292,3.07607150078,17.2419929504,104.633430481,28.9275569916,12.4884138107,1.473279953,10.0271368027,-4.26399993896],[-398.614532471,60.0695304871,43.3148422241,13.3527507782,54.1973495483,23.7557754517,-22.3646125793,28.9275569916,128.138183594,18.6681175232,30.6325244904,11.2363862991,11.7549295425],[8.86989212036,19.2775039673,-14.2050895691,-17.6658325195,20.1023712158,-3.4300301075,26.9853744507,12.4884138107,18.6681175232,91.0969314575,8.49486446381,12.4292516708,10.3142843246],[-255.707336426,3.58104085922,-0.709420859814,-16.4932746887,-6.58703708649,28.613363266,-2.62202644348,1.473279953,30.6325244904,8.49486446381,98.2366256714,21.9941368103,12.7081136703],[-99.6069030762,-20.2520637512,42.4311790466,25.0808486938,21.3367481232,-30.0585746765,-13.5279312134,10.0271368027,11.2363862991,12.4292516708,21.9941368103,92.1930465698,36.3747749329],[-81.7348556519,-14.3064861298,-13.2051677704,3.76295828819,11.2370376587,-0.726497173309,5.2406411171,-4.26399993896,11.7549295425,10.3142843246,12.7081136703,36.3747749329,77.4848022461]],"icov":[[0.000147564758663,-0.0000373763250536,0.000119089971122,-0.000149716521264,0.000103869038867,-0.0000723767152522,0.000108373227704,-0.000200876602321,0.000441938638687,-0.000169600418303,0.000262515997747,0.0000147974697029,0.0000477281610074],[-0.0000373763250536,0.00117218610831,0.000491441576742,-0.000425377977081,0.0000664305844111,-0.000434614252299,-0.0003596151073,-0.0000665362022119,-0.000843719521072,-0.0000340699443768,0.00016642792616,-0.000225249736104,0.000499343499541],[0.000119089971122,0.000491441576742,0.0028565286193,-0.000086918254965,-0.00130922009703,-0.00110577547457,0.00093080510851,-0.000474997388665,0.00000472102192361,0.000351758266333,0.00073020166019,-0.00171172083355,0.00143406144343],[-0.000149716521264,-0.000425377977081,-0.000086918254965,0.00465926434845,-0.00131296634208,0.00028472111444,0.000759012124036,0.000729157589376,-0.00045534747187,0.00117740605492,0.000568867311813,-0.00135602592491,0.00015994613932],[0.000103869038867,0.0000664305844111,-0.00130922009703,-0.00131296634208,0.00766396056861,0.000684606027789,0.000504203722812,-0.00093036389444,-0.00217998959124,-0.00176977715455,0.00127431494184,0.000312956253765,-0.0010174671188],[-0.0000723767152522,-0.000434614252299,-0.00110577547457,0.00028472111444,0.000684606027789,0.0066583994776,-0.00231468840502,0.000420350464992,-0.00145763054024,0.000945983920246,-0.00222781696357,0.00290876696818,-0.0011209534714],[0.000108373227704,-0.0003596151073,0.00093080510851,0.000759012124036,0.000504203722812,-0.00231468840502,0.00778571516275,-0.00183130649384,0.00228348607197,-0.00236742920242,0.000965990417171,-0.000028599282814,-0.000728779763449],[-0.000200876602321,-0.0000665362022119,-0.000474997388665,0.000729157589376,-0.00093036389444,0.000420350464992,-0.00183130649384,0.0113921081647,-0.00317303603515,-0.000042745614337,0.000349635345628,-0.00177211873233,0.00181071984116],[0.000441938638687,-0.000843719521072,0.00000472102192361,-0.00045534747187,-0.00217998959124,-0.00145763054024,0.00228348607197,-0.00317303603515,0.0128512643278,-0.00215189042501,-0.00236312276684,0.000973434944171,-0.00142583216075],[-0.000169600418303,-0.0000340699443768,0.000351758266333,0.00117740605492,-0.00176977715455,0.000945983920246,-0.00236742920242,-0.000042745614337,-0.00215189042501,0.013174938038,-0.000786589109339,-0.00148104340769,-0.000362165970728],[0.000262515997747,0.00016642792616,0.00073020166019,0.000568867311813,0.00127431494184,-0.00222781696357,0.000965990417171,0.000349635345628,-0.00236312276684,-0.000786589109339,0.0133747160435,-0.00400405097753,0.000301999942167],[0.0000147974697029,-0.000225249736104,-0.00171172083355,-0.00135602592491,0.000312956253765,0.00290876696818,-0.000028599282814,-0.00177211873233,0.000973434944171,-0.00148104340769,-0.00400405097753,0.017104446888,-0.00768895447254],[0.0000477281610074,0.000499343499541,0.00143406144343,0.00015994613932,-0.0010174671188,-0.0011209534714,-0.000728779763449,0.00181071984116,-0.00142583216075,-0.000362165970728,0.000301999942167,-0.00768895447254,0.0173954293132]],"mean":[-637.090942383,113.439201355,-21.7258815765,25.9343585968,-5.22666072845,0.864294171333,0.702750921249,4.45445775986,-9.02286338806,2.93066382408,-14.1834869385,-2.88433361053,-2.70497918129]},"pitch_salience":{"dmean":0.0665224269032,"dmean2":0.108352325857,"dvar":0.00379217416048,"dvar2":0.00947299133986,"max":0.988461136818,"mean":0.574680566788,"median":0.584774672985,"min":0.0986247435212,"var":0.0107490895316},"silence_rate_20dB":{"dmean":0,"dmean2":0,"dvar":0,"dvar2":0,"max":1,"mean":1,"median":1,"min":1,"var":0},"silence_rate_30dB":{"dmean":0,"dmean2":0,"dvar":0,"dvar2":0,"max":1,"mean":1,"median":1,"min":1,"var":0},"silence_rate_60dB":{"dmean":0.00714174797758,"dmean2":0.0142857143655,"dvar":0.00709100114182,"dvar2":0.0171865243465,"max":1,"mean":0.0495187826455,"median":0,"min":0,"var":0.0470672249794},"spectral_centroid":{"dmean":258.924316406,"dmean2":395.638824463,"dvar":78946.2265625,"dvar2":167594.671875,"max":11750.6162109,"mean":1789.43066406,"median":1704.75,"min":259.717224121,"var":1149851.125},"spectral_complexity":{"dmean":3.76028561592,"dmean2":5.52795028687,"dvar":16.0953845978,"dvar2":27.428894043,"max":55,"mean":23.3377838135,"median":22,"min":0,"var":122.850738525},"spectral_contrast_coeffs":{"dmean":[0.0478852801025,0.0471116490662,0.0399085283279,0.0311373770237,0.0218853224069,0.0163438227028],"dmean2":[0.078402787447,0.0778244510293,0.0642789080739,0.0505432449281,0.0349876657128,0.0254402607679],"dvar":[0.00186627311632,0.00152661849279,0.00102906487882,0.00063242734177,0.000336130993674,0.000205577205634],"dvar2":[0.00486236345023,0.003996161744,0.00258836662397,0.00160512584262,0.000797687971499,0.000453205720987],"max":[-0.304147303104,-0.399421274662,-0.461572408676,-0.548763692379,-0.567049503326,-0.627490103245],"mean":[-0.610898971558,-0.716960072517,-0.736821651459,-0.764471828938,-0.777257621288,-0.737485587597],"median":[-0.607466578484,-0.722215771675,-0.743773341179,-0.76684063673,-0.777809619904,-0.734033823013],"min":[-0.974930405617,-0.979666113853,-0.988565683365,-0.971444249153,-0.974069297314,-0.963666856289],"var":[0.00904261227697,0.00659587932751,0.00635279016569,0.00331917800941,0.00252589746378,0.0019406832289]},"spectral_contrast_valleys":{"dmean":[0.372442781925,0.333573192358,0.289191961288,0.247463360429,0.209751218557,0.247955814004],"dmean2":[0.616686224937,0.539222240448,0.459501236677,0.381190299988,0.302403926849,0.307524085045],"dvar":[0.125895112753,0.0938328281045,0.0772584751248,0.0655328035355,0.0633610859513,0.0837174728513],"dvar2":[0.291025608778,0.196635961533,0.150772169232,0.114199377596,0.0977370962501,0.129109874368],"max":[-5.84727287292,-5.15625619888,-5.36965417862,-6.06617355347,-5.62845277786,-7.68073749542],"mean":[-7.96012020111,-7.08313465118,-7.38153171539,-7.71296596527,-7.38571453094,-10.5843343735],"median":[-7.58170890808,-6.77342033386,-7.06564617157,-7.38451576233,-7.03682804108,-10.2468996048],"min":[-28.2643203735,-27.9833946228,-27.9754695892,-27.7669372559,-27.4142456055,-27.4395160675],"var":[4.58140468597,4.88782310486,4.80569458008,4.65630865097,4.873067379,3.84144902229]},"spectral_decrease":{"dmean":1.13957987491e-9,"dmean2":1.66714053673e-9,"dvar":1.4222340793e-18,"dvar2":2.80029361196e-18,"max":4.56491367002e-18,"mean":-5.24373922062e-9,"median":-5.24859977702e-9,"min":-1.42894123201e-8,"var":7.59931738651e-18},"spectral_energy":{"dmean":0.00454503903165,"dmean2":0.00658160541207,"dvar":0.000022202179025,"dvar2":0.000043106625526,"max":0.0607264041901,"mean":0.0219484977424,"median":0.0221605710685,"min":1.00896946569e-20,"var":0.00013048449182},"spectral_energyband_high":{"dmean":0.000368986860849,"dmean2":0.000511190330144,"dvar":4.55062377114e-7,"dvar2":8.66006928391e-7,"max":0.0154407694936,"mean":0.000873349839821,"median":0.000516586587764,"min":6.95798724224e-21,"var":0.00000134142271691},"spectral_energyband_low":{"dmean":0.00161100644618,"dmean2":0.00249687209725,"dvar":0.0000111719264169,"dvar2":0.0000235086736211,"max":0.0337753146887,"mean":0.00330647593364,"median":0.00162347115111,"min":1.09491771609e-23,"var":0.0000239315340878},"spectral_energyband_middle_high":{"dmean":0.00237754778937,"dmean2":0.00350642390549,"dvar":0.00000838385494717,"dvar2":0.000019071443603,"max":0.0515547096729,"mean":0.00904412195086,"median":0.00708892010152,"min":1.22114678581e-21,"var":0.0000642152590444},"spectral_energyband_middle_low":{"dmean":0.00335022690706,"dmean2":0.00523731298745,"dvar":0.0000145664462252,"dvar2":0.0000334036703862,"max":0.0502451322973,"mean":0.00953238736838,"median":0.00812611915171,"min":1.63494628538e-22,"var":0.0000482777832076},"spectral_entropy":{"dmean":0.10944879055,"dmean2":0.155827477574,"dvar":0.0122302379459,"dvar2":0.022611733526,"max":9.8216753006,"mean":7.61635637283,"median":7.61129617691,"min":6.41157007217,"var":0.131256610155},"spectral_flux":{"dmean":0.0177825111896,"dmean2":0.0286131221801,"dvar":0.000319336133543,"dvar2":0.000775239779614,"max":0.187348335981,"mean":0.0763647705317,"median":0.0771430879831,"min":6.25506799135e-11,"var":0.00114997965284},"spectral_kurtosis":{"dmean":1.5561299324,"dmean2":2.69040632248,"dvar":3.10794401169,"dvar2":8.92353630066,"max":32.3312568665,"mean":3.39151358604,"median":2.92026495934,"min":-1.28883576393,"var":6.71130657196},"spectral_rms":{"dmean":0.000478954607388,"dmean2":0.00068337074481,"dvar":2.34852535641e-7,"dvar2":4.25093332979e-7,"max":0.00769709516317,"mean":0.00439300248399,"median":0.00464973878115,"min":3.13745188683e-12,"var":0.00000211460587707},"spectral_rolloff":{"dmean":510.397369385,"dmean2":838.032531738,"dvar":682873.875,"dvar2":1388467.5,"max":19466.015625,"mean":2174.37060547,"median":1787.25585938,"min":107.666015625,"var":4666909},"spectral_skewness":{"dmean":0.196048259735,"dmean2":0.326288670301,"dvar":0.0348954759538,"dvar2":0.092245683074,"max":3.81856250763,"mean":1.13622617722,"median":1.09556388855,"min":-0.183431103826,"var":0.147062018514},"spectral_spread":{"dmean":322819.625,"dmean2":474055.34375,"dvar":510613782528,"dvar2":1037529120770,"max":47583704,"mean":3963708.5,"median":3435006.5,"min":1413857.125,"var":13637718638600},"spectral_strongpeak":{"dmean":0.743278205395,"dmean2":1.24405276775,"dvar":1.19209265709,"dvar2":3.03265047073,"max":14.8026809692,"mean":1.44257962704,"median":0.875433683395,"min":0,"var":2.41361117363},"zerocrossingrate":{"dmean":0.00934572238475,"dmean2":0.010690478608,"dvar":0.000151308762725,"dvar2":0.000171854131622,"max":0.56640625,"mean":0.0735706165433,"median":0.06640625,"min":0.0078125,"var":0.00290595204569}},"metadata":{"audio_properties":{"analysis_sample_rate":44100,"bit_rate":222102,"codec":"mp3","downmix":"mix","equal_loudness":0,"length":149.551025391,"lossless":false,"md5_encoded":"6aaeecbb43b41b1d877e104509e70fff","replay_gain":-16.9780464172,"sample_rate":44100},"tags":{"acoustid_fingerprint":["AQADtEoSJYqSSFpwXEXPFPeP7-hH-ErRH-GjI_lhHuXxwM-NWemDz8XRXCp6Hg9p_HiOLlKO5sUdnHTwUReafniQ5nkgX0bM4_gOv7iO8IVO4dFaXGfQQHsPzaLQrEpmtHsSNMkzKfjxo08hRkdYhfrwMAt-omo0w5-I88UPL-9Qiblw4kcyq0i9D40aBTEP1cWTKPMQ60GPKQ9jPDuS8USY45KMZ8GPSUn64X_gywlCJ-GgC8_RI3wWB8-p4eSHPEczZtC64zeeLmjiHNqzB5EshvD8odWHS1kj48xRfjAv4vFRZcbFLDqSUzry5MGl40EbkTqaMDZeNriD5kfIBzrySLg7NC9KZg6eHf-IO8mRUD_OI6-j4miqHCeaJzke4_C047iDcEfCHEZNHSyzHN8-_ByachUu9kMo54N0_MGlFzl7DP3RjFK-4YmS4srwBXmIOQ_EJLqGJz3-QajMZIdOB2QvcPqIPOKxbcpq1FrwI-Shw9ODUE2W45KKMId2Hfmf4iSuLMePM8b0HE0VQs_xK93QOBkVUEmkh2iPMwdLpmhOJ0iiLjKRX_hyV7CYC7mgZ-bwGGFyEf-Qbvly6FEO50VpJcitG5eJE-d19JkTPLiuYzva7EqG_srxGqG3HKp0I88V8AoO5omCJl6wVkYpZZzgpkH1CBfeHm22GE7SI9l_5B9-vE6IJ2pRMghzqDzy41PRZzjEpSg5PA-eCt-OHluUbFWRjjTEI9KaBWf44D_CJTmeRKiepMB14UXzHJceaJEeLriWjEIu-MczXMeF88IfPOnyonmPUD-UK0GuzEeT-riuFY3S4xsr5IeeHLkz9Dg8MiO-p5ga8Zi4RcV15NmJJOKBL8qJmTy6T0V94yripo_xRIGUfNih5TGeUcfFNpCbGU16hLqQ58STUDL0psMtBvGPZkkSVih5DRFf4T-k6ZjCHaEVXDYumWge_EOj6rjUBE8iCpcuJZgu_PBJJJOeBnG0AM30KcV0NCm6E9cRxsmI6UtqdGkOJjHxH7ouRDqaH-fxGPmhX0oQ5sVkhTt6gTs6IvmO50G-oTqa8cbPEFf4o7zQXMGTJVLQCPXxH82XoR37IEfyK8WUbkFHRRY-xRGmqMxRmcSZKEEuaM2Dxk2Hb0fbDhRuvniaOMguCa88giGXpKiTHE2xDw-SMUeoNCPONFyI47KGHz7ijApU8UJkHU_B_Hiaw1aUF_V19Gh4zUAdZEmVQnUv5A_6BOa0FpdyfEeu4sugRTny42aOL8EVxeiPhlwanCyO-PkgKvc2ROdxPcRlNKNxZUSYD3-i48LUXYiU7cGeoQ_CPMfDoz20pOmRJyto8cFrgble-B-yEN-J51CF8MaLZswyicMXSUe-RIYuKcgzGpceNJKOUs5xZ09QJHuG-OLxZupRfVXgca8wNRvxRS_-okeznEuC68VbfEnQ5AqS7UZ-_A0u3IZPE0944cTp41SaCsmyJQolNBpiPApKK0VzXElePJzR7OiPfAvUsIglmDzO_LiOL5Tgy4ghV9WRRgz-I7-GZHkclCKeE328YUokEc_y4F_QpD2SbWKO2Hlw56kwtTe843iSE66YI5lu_ESuH6eL0IQ4DtWq412IH0_moM-DJtehZ8Vj4eiTJ8iJK0PT469wJ8ORE1qep