{"lowlevel":{"average_loudness":0.944465637207,"barkbands":{"dmean":[0.00159791810438,0.0175941865891,0.00569856446236,0.00344547652639,0.00300398212858,0.00222678272985,0.000761634029914,0.000397999596316,0.000673253030982,0.000291842152365,0.000287267117528,0.000378030672437,0.000260600645561,0.000260731671005,0.000154279536218,0.000143822224345,0.000178190108272,0.0000520115609106,0.0000633629169897,0.0000736241127015,0.0000944285420701,0.000117013478302,0.00010867355013,0.000181062583579,0.000177131776582,0.000108661966806,0.0000224515806622],"dmean2":[0.00198344304226,0.0237044040114,0.0102905891836,0.00625616591424,0.00496797077358,0.0035447422415,0.00121540564578,0.000588516937569,0.00101771007758,0.000460498151369,0.000446729391115,0.00059309595963,0.00042108760681,0.000412989320466,0.000247533433139,0.000230932695558,0.000288066337816,0.0000835360842757,0.000100519871921,0.000118752454,0.000146652717376,0.000183377938811,0.000163981283549,0.000272602512268,0.000263785914285,0.000158513561473,0.0000362383980246],"dvar":[0.0000163094664458,0.00183750025462,0.000270598451607,0.0000715398200555,0.0000398885640607,0.0000174200977199,0.00000252617337537,0.00000119057153825,0.00000373717352886,8.2213045971e-7,9.34252625484e-7,0.00000198059024115,5.76779484618e-7,4.97835912938e-7,1.14304128829e-7,1.05938703143e-7,2.04230346412e-7,1.47764334102e-8,3.88944627616e-8,4.79301256462e-8,9.84721779673e-8,6.88539287808e-8,6.83899017417e-8,1.95882421394e-7,2.8636216598e-7,9.69429478914e-8,8.16702971917e-9],"dvar2":[0.0000269433585345,0.0031714765355,0.000773027539253,0.000205390839255,0.000105322600575,0.0000407927545893,0.00000576032198296,0.00000228496514865,0.00000790752346802,0.00000182948815564,0.0000019372114366,0.0000047797757361,0.00000145212425195,0.00000118788307191,2.74522108157e-7,2.4779453156e-7,5.18105593983e-7,3.77690874132e-8,9.9363582251e-8,1.17046631942e-7,2.3019629225e-7,1.69011826756e-7,1.43718992263e-7,3.91345253092e-7,5.45157206489e-7,2.10014505342e-7,1.99746512664e-8],"max":[0.0501792058349,0.420086324215,0.17164683342,0.083413824439,0.0605228170753,0.078485429287,0.0318202599883,0.02869553864,0.037791505456,0.0254440773278,0.0312056485564,0.0481843873858,0.0189676415175,0.0249874778092,0.00815857481211,0.00849091541022,0.011271818541,0.00338973081671,0.0100516024977,0.00765770766884,0.0077001331374,0.004650848452,0.00717373238876,0.0109406569973,0.0123015521094,0.00781924277544,0.00272694556043],"mean":[0.00234199385159,0.0315883569419,0.00633903499693,0.00386115955189,0.00489176670089,0.00483372621238,0.00140491733328,0.000715088564903,0.00114900572225,0.000446491467301,0.000464222131995,0.000660284480546,0.000401845347369,0.000405144208344,0.000257794628851,0.000241676680162,0.000306423025904,0.0000880703228177,0.000102830214018,0.000121969831525,0.000149620143929,0.000226328076678,0.000201580973226,0.000398873002268,0.000333642819896,0.000130764063215,0.0000199496025743],"median":[0.000267222727416,0.00900984369218,0.00299844658002,0.00127645139582,0.00157309568021,0.00195839884691,0.000443703436758,0.00014727760572,0.000303170963889,0.000126993647427,0.0001904405799,0.000112920984975,0.0000854907993926,0.000157125410624,0.000109383283416,0.0000769004764152,0.0000790662961663,0.0000295931549772,0.0000334405594913,0.0000323187159665,0.0000454882138001,0.000090353867563,0.0000875679252204,0.000174097294803,0.00011803353118,0.0000287500843115,5.53288202809e-7],"min":[2.60796508076e-24,4.95793556905e-24,6.90708385925e-24,2.35467123154e-23,2.39459989957e-23,3.0505692967e-23,8.0685084661e-23,2.6504265445e-23,5.0672054262e-23,9.42023235571e-23,4.57734079008e-23,5.34714912672e-23,1.07366430447e-22,6.91557878679e-23,1.8126914148e-22,1.19629266907e-22,1.31481807345e-22,1.73627565798e-22,1.8251867191e-22,3.59700832325e-22,4.06600695734e-22,5.15236434931e-22,4.41473977056e-22,8.26683617561e-22,1.25067840595e-21,1.66217248792e-21,2.22898558285e-21],"var":[0.0000358555080311,0.00431649014354,0.000173411346623,0.0000528835007572,0.0000592877877352,0.00005729089753,0.00000851436470839,0.00000360625085705,0.0000087280286607,0.00000186927604773,0.00000195947814063,0.00000568171208215,0.00000109773202439,7.82619622441e-7,2.27053490676e-7,2.26886285759e-7,4.78032688989e-7,2.74851732485e-8,5.62446658137e-8,8.46961114576e-8,1.69316265897e-7,1.37274440704e-7,1.54223798177e-7,5.53721292817e-7,7.15262444828e-7,1.31120756919e-7,8.15719491953e-9]},"barkbands_crest":{"dmean":2.78706455231,"dmean2":4.3721203804,"dvar":8.2645406723,"dvar2":18.8321475983,"max":26.3304138184,"mean":12.4710798264,"median":11.174946785,"min":2.25988674164,"var":27.2010116577},"barkbands_flatness_db":{"dmean":0.0277992449701,"dmean2":0.0386050194502,"dvar":0.000862498185597,"dvar2":0.00156625872478,"max":0.526235640049,"mean":0.179688021541,"median":0.162242993712,"min":0.0260361842811,"var":0.00702410610393},"barkbands_kurtosis":{"dmean":11.6672039032,"dmean2":16.3001365662,"dvar":833.502319336,"dvar2":1532.05554199,"max":670.400817871,"mean":19.4833564758,"median":7.19947338104,"min":-1.92278599739,"var":1710.50341797},"barkbands_skewness":{"dmean":0.906956374645,"dmean2":1.26340067387,"dvar":1.62715423107,"dvar2":2.87133145332,"max":22.8358440399,"mean":3.01090741158,"median":2.46933484077,"min":-3.09413099289,"var":5.85891723633},"barkbands_spread":{"dmean":5.97930717468,"dmean2":8.87991809845,"dvar":79.6744384766,"dvar2":165.615341187,"max":137.51348877,"mean":18.1530303955,"median":13.5459022522,"min":0.207826584578,"var":276.260803223},"dissonance":{"dmean":0.0221221875399,"dmean2":0.0368433669209,"dvar":0.000482192001073,"dvar2":0.00131117389537,"max":0.5,"mean":0.449544727802,"median":0.456888467073,"min":0.19094415009,"var":0.00125544751063},"dynamic_complexity":3.23944973946,"erbbands":{"dmean":[0.744950830936,3.99288749695,7.08466005325,9.00123023987,10.5065670013,10.2740926743,13.8988008499,18.6409511566,13.1326560974,7.73497009277,9.72145748138,13.9130945206,11.9888830185,7.89484071732,10.2153921127,13.8939599991,13.1548700333,10.9862442017,9.51654338837,8.03244781494,7.8453168869,10.2016458511,3.49673867226,2.33801054955,3.90097665787,3.05691456795,3.42782497406,3.91199469566,4.34236288071,3.68010163307,3.10815310478,3.4071097374,3.45830130577,2.45647668839,0.99725407362,0.529068768024,0.184620261192,0.0399087332189,0.00395772187039,0.000118826312246],"dmean2":[0.846532762051,5.66249895096,12.4585409164,16.2874927521,18.7582359314,16.2828235626,21.994468689,29.0892314911,21.0025100708,11.7882289886,14.3300876617,20.9801712036,18.378452301,12.5073814392,15.9752445221,21.7776985168,21.1188411713,17.6954059601,14.7770633698,12.9178915024,12.4897108078,16.3901176453,5.57223749161,3.73501157761,6.28520154953,4.93466091156,5.38689756393,6.06247282028,6.85068559647,5.65903043747,4.70902442932,5.15951633453,5.23020029068,3.67620420456,1.46939003468,0.77593511343,0.270581096411,0.060131598264,0.00652516400442,0.000185966491699],"dvar":[2.81915044785,108.715408325,444.109985352,496.737457275,839.605834961,400.306671143,566.142272949,1576.5369873,935.317077637,232.529159546,774.54699707,1740.42456055,1276.9552002,590.209472656,777.96887207,2723.08862305,1497.58166504,665.614074707,628.940551758,280.31539917,321.039215088,672.280334473,64.8476486206,93.3713607788,103.039131165,90.7103042603,148.215759277,147.651397705,94.5290527344,67.6166687012,65.2616424561,53.9168014526,85.3810195923,57.5832519531,9.3323469162,2.15928387642,0.282780140638,0.0159340538085,0.000320971303154,2.01236574071e-7],"dvar2":[3.57367563248,234.525924683,1229.65075684,1414.11010742,2307.56445313,966.047729492,1370.44299316,3641.03173828,2199.88671875,497.468444824,1551.41516113,3545.54858398,2811.84863281,1421.34521484,1587.12304688,6624.96191406,3705.11035156,1597.29064941,1525.03479004,672.523864746,705.781677246,1680.28796387,163.550842285,250.45135498,257.927642822,225.501846313,355.161315918,345.705688477,232.598495483,160.499710083,138.572601318,109.952430725,172.964263916,112.441261292,18.5266056061,4.75621128082,0.614018619061,0.0346232950687,0.000806667027064,5.12887424975e-7],"max":[19.6792793274,97.2109680176,203.875762939,203.890274048,303.147338867,288.06539917,435.011474609,915.280090332,685.353088379,453.170806885,650.721801758,1134.09057617,882.029052734,998.315490723,998.551391602,1726.00402832,953.181274414,600.630493164,885.538024902,537.12322998,566.915222168,657.85534668,260.683074951,631.237182617,243.095626831,344.089355469,351.280273438,289.752624512,172.48588562,158.2059021,250.627746582,136.842208862,227.045028687,167.630752563,74.8582992554,38.327671051,11.9750165939,3.40800285339,0.60275965929,0.0130304023623],"mean":[1.29638564587,5.48843002319,7.91982793808,10.4566869736,11.2890043259,18.7902622223,30.2789916992,41.9079322815,26.2863998413,15.7570791245,18.0738296509,23.8289318085,20.0002326965,13.8666982651,17.8453712463,24.9840888977,22.7696399689,18.136554718,15.628200531,14.3747262955,14.4791173935,18.1899776459,6.75513982773,4.01292705536,6.7809419632,5.16317558289,5.4213013649,6.65188407898,8.39450645447,6.37219285965,5.88960313797,7.55309677124,6.95556020737,4.73708724976,1.71585488319,0.677650511265,0.219049751759,0.0423995517194,0.00345535529777,0.000159405259183],"median":[0.295830488205,1.79708075523,3.86006116867,5.07739114761,3.92944025993,5.73319244385,14.2730703354,13.5165243149,6.32197999954,8.28646564484,4.52015972137,6.87349700928,5.84160661697,6.17229223251,7.06056451797,4.72306394577,4.77903032303,7.56340789795,6.0851187706,6.5857424736,4.55084180832,4.78399610519,2.27557468414,1.29949140549,2.20335936546,1.52793109417,1.43558752537,2.23818135262,3.16692233086,2.64017772675,2.56070542336,3.6664545536,2.50595641136,1.64200043678,0.514797091484,0.154709935188,0.0510038733482,0.00505674118176,0.000176616798854,0.0000611768700765],"min":[7.46868198405e-23,1.61420055623e-21,6.92352111411e-21,4.87086596172e-20,1.0425254528e-19,6.4594120444e-20,1.1941490808e-19,1.92726504054e-19,6.7336079418e-19,9.61627343993e-19,5.28016061567e-19,1.21764191493e-18,2.31581020487e-18,2.55243866078e-18,1.83896581075e-18,3.20573970472e-18,5.27635517127e-18,2.9143930445e-18,6.43835574831e-18,9.19381720505e-18,6.26804463686e-18,7.70323195096e-18,9.2765824156e-18,9.00194769888e-18,1.22855586001e-17,1.68141731033e-17,1.39513837213e-17,1.67644181894e-17,1.79815367058e-17,1.66753490354e-17,1.27247427017e-17,1.4724714876e-17,1.43257160357e-17,1.25547421965e-17,1.02319404543e-17,6.71621605583e-18,2.99529420354e-18,1.43259999654e-18,2.6593282837e-19,3.28302653685e-20],"var":[8.28183841705,153.480636597,304.668701172,346.191772461,599.393554688,1002.13763428,1925.15490723,5272.3203125,3143.71948242,688.06640625,2034.61828613,4194.93261719,2820.94042969,1093.10876465,1809.81958008,7851.05712891,4010.40722656,1145.42407227,998.829711914,610.725219727,807.393493652,1753.37683105,143.016891479,108.5807724,206.210769653,137.562484741,246.778274536,257.237365723,196.775177002,122.933059692,140.968582153,152.436080933,229.078140259,142.580459595,21.4818000793,3.03166484833,0.374718517065,0.0203085374087,0.000297569989925,1.86945882774e-7]},"erbbands_crest":{"dmean":2.60201334953,"dmean2":4.10352993011,"dvar":5.97480964661,"dvar2":13.9266080856,"max":30.8309898376,"mean":9.86573886871,"median":8.82070732117,"min":2.17655134201,"var":20.6957778931},"erbbands_flatness_db":{"dmean":0.0187774691731,"dmean2":0.0262655206025,"dvar":0.000347659050021,"dvar2":0.000665168161504,"max":0.412432342768,"mean":0.145244419575,"median":0.130766391754,"min":0.0344287604094,"var":0.00368476379663},"erbbands_kurtosis":{"dmean":1.08615028858,"dmean2":1.71012341976,"dvar":2.30842137337,"dvar2":5.27308988571,"max":32.0673522949,"mean":0.881875157356,"median":0.113698154688,"min":-1.86502099037,"var":6.57915878296},"erbbands_skewness":{"dmean":0.391523092985,"dmean2":0.599301993847,"dvar":0.14596554637,"dvar2":0.316344380379,"max":5.14636135101,"mean":0.786403596401,"median":0.771727859974,"min":-3.00616431236,"var":0.636412203312},"erbbands_spread":{"dmean":10.8831310272,"dmean2":16.2044525146,"dvar":140.126190186,"dvar2":307.935974121,"max":185.173919678,"mean":49.7675132751,"median":46.8440895081,"min":1.77759933472,"var":601.982116699},"gfcc":{"cov":[[14981.28125,-3221.83691406,271.725158691,1445.95861816,-833.412353516,1305.8059082,-445.828491211,342.867767334,-170.054992676,427.305358887,-278.880004883,253.911682129,-318.105255127],[-3221.83691406,2841.328125,-179.769256592,-514.792358398,823.225402832,-496.445861816,393.188293457,-132.36831665,245.747619629,-193.082077026,268.956115723,-140.810058594,151.424041748],[271.725158691,-179.769256592,876.848693848,300.046813965,113.974807739,278.798828125,124.551315308,77.8279800415,39.2722549438,74.806060791,-19.1776714325,12.5672578812,-48.8797187805],[1445.95861816,-514.792358398,300.046813965,678.559753418,7.46030759811,285.70614624,33.2556114197,104.969467163,21.4538154602,57.5943222046,-19.1274261475,-0.228737846017,2.95392775536],[-833.412353516,823.225402832,113.974807739,7.46030759811,630.869934082,-100.13697052,264.749450684,33.8597869873,124.488891602,-16.3529148102,120.994644165,-21.3551769257,50.432182312],[1305.8059082,-496.445861816,278.798828125,285.70614624,-100.13697052,500.227996826,69.2370529175,42.0279655457,-7.47535514832,86.1156768799,-28.409330368,3.25310206413,-80.7169952393],[-445.828491211,393.188293457,124.551315308,33.2556114197,264.749450684,69.2370529175,346.820068359,38.4277763367,80.3015213013,31.2492656708,68.8566131592,-8.33106613159,-14.8448896408],[342.867767334,-132.36831665,77.8279800415,104.969467163,33.8597869873,42.0279655457,38.4277763367,174.705627441,43.2913513184,39.3711662292,21.92811203,23.5858783722,14.2309141159],[-170.054992676,245.747619629,39.2722549438,21.4538154602,124.488891602,-7.47535514832,80.3015213013,43.2913513184,145.022399902,36.3598403931,62.9595603943,12.5200281143,34.2561645508],[427.305358887,-193.082077026,74.806060791,57.5943222046,-16.3529148102,86.1156768799,31.2492656708,39.3711662292,36.3598403931,126.943908691,33.328666687,38.805683136,-5.96770048141],[-278.880004883,268.956115723,-19.1776714325,-19.1274261475,120.994644165,-28.409330368,68.8566131592,21.92811203,62.9595603943,33.328666687,133.960281372,27.3262081146,44.6883392334],[253.911682129,-140.810058594,12.5672578812,-0.228737846017,-21.3551769257,3.25310206413,-8.33106613159,23.5858783722,12.5200281143,38.805683136,27.3262081146,108.392921448,20.3357048035],[-318.105255127,151.424041748,-48.8797187805,2.95392775536,50.432182312,-80.7169952393,-14.8448896408,14.2309141159,34.2561645508,-5.96770048141,44.6883392334,20.3357048035,110.869613647]],"icov":[[0.000136498783831,-0.0000399655436922,0.000143115132232,-0.00024095021945,-0.0000321616353176,-0.000242206602707,0.000256113038631,-0.000168278347701,0.0000773385399953,-0.000301586493151,0.000219243054744,-0.000352705392288,0.000346120301401],[-0.0000399655436922,0.00142173527274,-0.000189087324543,0.000790293270256,-0.00076808250742,0.000475947425002,-0.000796581152827,0.000958835880738,-0.00136336579453,0.00183197984006,-0.00168300594669,0.00160287797917,-0.00079048553016],[0.000143115132232,-0.000189087324543,0.0017971592024,-0.000698373303749,-0.000438316172222,-0.000902834930457,0.000242284091655,-0.00046104946523,0.0000809665434645,-0.000890759169124,0.00109376222827,-0.000838598934934,0.000753500149585],[-0.00024095021945,0.000790293270256,-0.000698373303749,0.00314115080982,-0.000599474762566,-0.000657696160488,-0.000506915268488,-0.000205126067158,-0.000759627961088,0.00129877007566,-0.000648796791211,0.00177947361954,-0.00217023352161],[-0.0000321616353176,-0.00076808250742,-0.000438316172222,-0.000599474762566,0.00372878089547,0.000822021102067,-0.00171671295539,-0.000369729794329,-0.000321318511851,0.000247425079579,-0.00080574885942,-0.0000527218035131,-0.0000535538347322],[-0.000242206602707,0.000475947425002,-0.000902834930457,-0.000657696160488,0.000822021102067,0.00447254488245,-0.00165496976115,0.000803351111244,-0.000345735257724,-0.000323936605128,-0.00115505780559,0.00124436663464,0.00115876784548],[0.000256113038631,-0.000796581152827,0.000242284091655,-0.000506915268488,-0.00171671295539,-0.00165496976115,0.00606845412403,-0.00116624869406,-0.000127265913761,-0.00178788078483,0.000255624006968,-0.00111587159336,0.00252609374002],[-0.000168278347701,0.000958835880738,-0.00046104946523,-0.000205126067158,-0.000369729794329,0.000803351111244,-0.00116624869406,0.00792472809553,-0.00233849789947,0.00042876083171,-0.00124789192341,0.000446379679488,-0.00124375114683],[0.0000773385399953,-0.00136336579453,0.0000809665434645,-0.000759627961088,-0.000321318511851,-0.000345735257724,-0.000127265913761,-0.00233849789947,0.0120690669864,-0.00412988942116,-0.000555972626898,-0.00106461811811,-0.00121451821178],[-0.000301586493151,0.00183197984006,-0.000890759169124,0.00129877007566,0.000247425079579,-0.000323936605128,-0.00178788078483,0.00042876083171,-0.00412988942116,0.0148889636621,-0.00531520927325,-0.000468555372208,-0.000131714856252],[0.000219243054744,-0.00168300594669,0.00109376222827,-0.000648796791211,-0.00080574885942,-0.00115505780559,0.000255624006968,-0.00124789192341,-0.000555972626898,-0.00531520927325,0.0151037853211,-0.004068443086,-0.00230881175958],[-0.000352705392288,0.00160287797917,-0.000838598934934,0.00177947361954,-0.0000527218035131,0.00124436663464,-0.00111587159336,0.000446379679488,-0.00106461811811,-0.000468555372208,-0.004068443086,0.0139805013314,-0.00351578230038],[0.000346120301401,-0.00079048553016,0.000753500149585,-0.00217023352161,-0.0000535538347322,0.00115876784548,0.00252609374002,-0.00124375114683,-0.00121451821178,-0.000131714856252,-0.00230881175958,-0.00351578230038,0.0147918509319]],"mean":[-7.68628692627,94.5668716431,-79.1591262817,25.0431919098,-52.8604660034,23.200712204,-46.1221809387,8.26449584961,-19.4443950653,4.41896629333,-13.1924514771,4.55834531784,-4.40641498566]},"hfc":{"dmean":8.52589035034,"dmean2":12.1139001846,"dvar":240.417098999,"dvar2":462.387176514,"max":244.494934082,"mean":26.0285835266,"median":18.8571243286,"min":1.14667826388e-16,"var":774.432250977},"melbands":{"dmean":[0.00532884849235,0.00406902050599,0.00159936724231,0.000696725095622,0.000481483933982,0.000419266027166,0.000184452350368,0.000084932493337,0.0000877666243468,0.0000884547262103,0.0000613103838987,0.0000335524491675,0.0000414009155065,0.0000279640589724,0.0000498959307151,0.000023989336114,0.0000214898846025,0.0000186327088159,0.0000121991824926,0.00000955513132794,0.00000975670081971,0.0000119797441585,0.00000609092739978,0.00000223939605348,0.00000194520589503,0.00000262157368525,0.00000322356299876,0.00000200087947633,0.00000204832872441,0.00000253114694715,0.00000233808304984,0.0000027259120543,0.00000228712815442,0.00000206457320928,0.00000183735107839,0.00000212260101762,0.0000022432075184,0.00000250880975727,0.00000268582834906,0.0000020151096578],"dmean2":[0.00675085512921,0.00650278525427,0.00287540396675,0.0011815718608,0.00075716804713,0.000658736738842,0.000295366800856,0.000126930695842,0.000129239706439,0.000133728433866,0.000094077520771,0.000053255003877,0.0000643290331936,0.0000439572431787,0.0000788185134297,0.0000391914254578,0.0000343721767422,0.0000291884571197,0.0000196123364731,0.0000152757565957,0.0000156419391715,0.0000193723317352,0.00000978543175734,0.00000363882600141,0.00000316367504638,0.00000417552701037,0.00000530959869138,0.00000325505675391,0.00000326804183715,0.00000401456463806,0.00000365547612091,0.00000436179198005,0.00000359279715667,0.00000320718595503,0.00000281830398308,0.00000325809583046,0.00000343682472703,0.00000385106477552,0.00000409429821957,0.00000302849434775],"dvar":[0.000155734829605,0.000126236467622,0.0000153445780597,0.00000263696870206,6.0381790945e-7,7.17890145552e-7,1.68127385791e-7,3.03535792057e-8,6.52886029684e-8,6.66716601927e-8,3.39049108788e-8,1.04545501145e-8,1.63806301856e-8,6.22316198573e-9,4.60439650851e-8,4.05314359853e-9,2.91443202904e-9,3.20128501485e-9,8.98197627386e-10,4.97967556079e-10,6.02380978432e-10,1.07903197488e-9,2.76803968635e-10,2.65294314294e-11,8.46697781332e-11,5.00470151432e-11,9.81226211394e-11,4.10389500161e-11,5.39208018513e-11,8.05661995451e-11,4.80109008105e-11,3.67656634304e-11,2.67011586452e-11,2.07610768854e-11,2.34969405044e-11,2.53623875374e-11,2.15193158432e-11,3.79515828486e-11,6.32497387798e-11,4.09858640082e-11],"dvar2":[0.000218791654333,0.000316504738294,0.0000432219312643,0.00000711965640221,0.00000147492107772,0.00000167203506862,3.99007035412e-7,6.17411686221e-8,1.37073683959e-7,1.38270905836e-7,7.47841752968e-8,2.49248497397e-8,3.27312186243e-8,1.48307846004e-8,1.09816326699e-7,1.02633102017e-8,6.83602596752e-9,7.72258612614e-9,2.16663620378e-9,1.20897047928e-9,1.32523514385e-9,2.73990719002e-9,6.91116441853e-10,6.88127124726e-11,2.30977265092e-10,1.22123297586e-10,2.46334036502e-10,1.05141027829e-10,1.34331698542e-10,1.91038684871e-10,1.12954728904e-10,9.16240625037e-11,6.62934915296e-11,4.87753067102e-11,5.15861277306e-11,5.39767223973e-11,4.61112259487e-11,7.91243320863e-11,1.34987493405e-10,8.09429676063e-11],"max":[0.133208632469,0.110761135817,0.0331218317151,0.0149970510975,0.0141794141382,0.0185596235096,0.00925740785897,0.00402930518612,0.00679358234629,0.00675592338666,0.0044156932272,0.00380855379626,0.00447505153716,0.00167222542223,0.00756281241775,0.00173551868647,0.00124394055456,0.00212874542922,0.000845262606163,0.000502890034113,0.000829168886412,0.000907133508008,0.000564054644201,0.000152230175445,0.000620213977527,0.000197618253878,0.000382290076232,0.000205936405109,0.000183040043339,0.000270404852927,0.000166617362993,0.000108361251478,0.000106480620161,0.000101286168501,0.000151182888658,0.000131099994178,0.0000840023712954,0.000148698687553,0.000178583941306,0.00013818856678],"mean":[0.00991412531585,0.00520026125014,0.00190982909407,0.000970065593719,0.00108731538057,0.000941644597333,0.000364561215974,0.000167140853591,0.000157448288519,0.000148424471263,0.0000995157315629,0.0000564153669984,0.000067963708716,0.0000468738580821,0.0000861272710608,0.0000370293237211,0.0000330693837896,0.0000275069269264,0.0000200585200218,0.0000162311189342,0.0000163692766364,0.0000202685314434,0.0000103131442302,0.00000374498290512,0.00000298143527289,0.00000438021015725,0.00000531351315658,0.00000298422537526,0.00000313236637339,0.00000368138239537,0.00000389473052564,0.00000510633435624,0.00000384759414374,0.00000336026641889,0.00000309646998176,0.00000415540580434,0.00000474474472867,0.00000475204706163,0.00000498941426486,0.00000366445897271],"median":[0.00257331551984,0.00249076355249,0.000916684803087,0.000366141495761,0.000498367880937,0.000326574139763,0.0000915821219678,0.0000697943396517,0.0000383335282095,0.0000390288514609,0.0000268641979346,0.000023118855097,0.0000268164985755,0.0000115957245725,0.0000110571108962,0.0000111516610559,0.0000128335623231,0.00000938634002523,0.00000824799917609,0.00000618254534857,0.00000454462769994,0.00000483601615997,0.00000279495588984,0.00000131966282879,8.28935640129e-7,0.00000144439843552,0.00000147331275002,7.58954001867e-7,7.12900146027e-7,0.00000103783099803,0.00000122455969631,0.00000173809723947,0.00000149812467498,0.00000133545972858,0.00000113597604923,0.00000181216785222,0.00000220318111133,0.00000161995592407,0.00000150113760355,0.00000122290555282],"min":[1.18203756203e-24,4.00691010527e-24,1.04692681072e-23,4.46146516949e-24,4.84816557409e-24,4.5769555893e-24,1.35914407305e-23,9.95961189757e-24,3.18956796871e-24,6.95725935712e-24,1.1836766375e-23,1.03553550147e-23,5.31653753707e-24,7.01514597035e-24,1.11864657323e-23,8.6008258096e-24,5.06021217427e-24,8.39109530504e-24,1.36021771274e-23,1.11308541939e-23,6.21602119589e-24,6.31491437669e-24,7.52561470667e-24,6.51024461986e-24,7.15050187991e-24,7.83829550368e-24,1.14179790531e-23,9.54589300697e-24,9.25774736184e-24,7.14405136429e-24,1.02735225287e-23,8.97344425818e-24,1.22277084847e-23,7.70518942542e-24,6.42113173656e-24,7.11124185038e-24,9.75558564621e-24,9.66250715915e-24,1.01837927562e-23,1.04880603517e-23],"var":[0.000439285417087,0.000120986573165,0.0000111147983262,0.00000275301408692,0.00000217066303776,0.00000241590487349,5.56180395961e-7,9.61295540947e-8,1.63630389238e-7,1.5303706391e-7,7.53942899223e-8,2.0040623383e-8,3.67151606895e-8,1.34958968445e-8,1.43427300259e-7,6.70535804659e-9,4.71741667951e-9,4.57336435389e-9,1.67800151551e-9,1.03954400643e-9,1.37490130392e-9,2.72901146126e-9,5.3488691254e-10,4.52639453696e-11,8.62971985538e-11,8.49416995075e-11,1.86786502931e-10,5.46810929869e-11,8.73063912832e-11,1.26951463231e-10,8.31516730471e-11,7.69751207219e-11,4.33629000762e-11,3.79730240307e-11,4.62001201185e-11,5.77405692703e-11,5.93372365132e-11,1.00478930731e-10,1.47568846032e-10,9.87249795803e-11]},"melbands_crest":{"dmean":3.28742146492,"dmean2":4.80686092377,"dvar":9.56643009186,"dvar2":18.5150928497,"max":36.4735107422,"mean":16.9512176514,"median":15.1310024261,"min":2.28833985329,"var":50.5646934509},"melbands_flatness_db":{"dmean":0.0324090719223,"dmean2":0.0445590540767,"dvar":0.00125867628958,"dvar2":0.00221087853424,"max":0.672772586346,"mean":0.269853830338,"median":0.251515477896,"min":0.00747210532427,"var":0.0110216801986},"melbands_kurtosis":{"dmean":22.6527500153,"dmean2":32.4816513062,"dvar":2131.56738281,"dvar2":3995.11450195,"max":829.596618652,"mean":44.3860054016,"median":22.1728000641,"min":-1.82883179188,"var":4917.47216797},"melbands_skewness":{"dmean":1.12097477913,"dmean2":1.58771657944,"dvar":1.89593267441,"dvar2":3.537099123,"max":20.8360996246,"mean":4.35301780701,"median":3.7804954052,"min":-0.972436785698,"var":7.96985769272},"melbands_spread":{"dmean":5.10689544678,"dmean2":7.65554761887,"dvar":117.961555481,"dvar2":232.132781982,"max":252.630249023,"mean":14.5174970627,"median":9.48870372772,"min":0.220653548837,"var":351.410736084},"mfcc":{"cov":[[10408.890625,-2894.39160156,765.180114746,-19.9695644379,-12.4052886963,569.582885742,93.3652114868,113.078559875,156.810562134,-26.1811408997,192.29083252,203.528213501,-107.768882751],[-2894.39160156,2690.97387695,-495.739227295,109.461776733,205.380004883,-79.8943023682,99.6564102173,97.325592041,-43.3933029175,118.40372467,40.973110199,-36.6402816772,132.147659302],[765.180114746,-495.739227295,741.346374512,81.172744751,51.3858222961,194.662597656,85.7716064453,52.7315979004,84.1351089478,45.4570846558,26.8791027069,56.2235031128,-10.0746183395],[-19.9695644379,109.461776733,81.172744751,413.942382813,157.531219482,57.6565284729,114.612106323,72.960723877,93.7514190674,67.2534484863,-5.11274623871,37.9883270264,89.9989089966],[-12.4052886963,205.380004883,51.3858222961,157.531219482,285.149841309,43.7490921021,63.2274589539,47.0513687134,43.7744560242,64.7718353271,-14.7546367645,28.222902298,43.28881073],[569.582885742,-79.8943023682,194.662597656,57.6565284729,43.7490921021,366.058654785,143.331222534,91.3213195801,33.1306762695,82.7613296509,91.0684127808,10.5940732956,9.99976444244],[93.3652114868,99.6564102173,85.7716064453,114.612106323,63.2274589539,143.331222534,225.214645386,98.724105835,53.1552848816,72.3125,64.5759277344,34.3691253662,38.6807785034],[113.078559875,97.325592041,52.7315979004,72.960723877,47.0513687134,91.3213195801,98.724105835,152.590911865,51.8869438171,39.7558784485,53.9758834839,31.5132713318,36.4709815979],[156.810562134,-43.3933029175,84.1351089478,93.7514190674,43.7744560242,33.1306762695,53.1552848816,51.8869438171,125.43245697,40.005317688,18.487493515,37.1476364136,37.8330459595],[-26.1811408997,118.40372467,45.4570846558,67.2534484863,64.7718353271,82.7613296509,72.3125,39.7558784485,40.005317688,131.314041138,49.8404998779,14.4577350616,27.9427032471],[192.29083252,40.973110199,26.8791027069,-5.11274623871,-14.7546367645,91.0684127808,64.5759277344,53.9758834839,18.487493515,49.8404998779,127.534210205,39.5936050415,17.5541114807],[203.528213501,-36.6402816772,56.2235031128,37.9883270264,28.222902298,10.5940732956,34.3691253662,31.5132713318,37.1476364136,14.4577350616,39.5936050415,99.6933364868,43.2681465149],[-107.768882751,132.147659302,-10.0746183395,89.9989089966,43.28881073,9.99976444244,38.6807785034,36.4709815979,37.8330459595,27.9427032471,17.5541114807,43.2681465149,114.201972961]],"icov":[[0.000161973570357,0.000169882492628,0.0000267018822342,0.000013171662431,-0.000122139244922,-0.000205057367566,0.0000724193378119,-0.0000620807550149,-0.0000609589624219,0.000114185553684,-0.000166910525877,-0.000210642552702,0.000105515689938],[0.000169882492628,0.000715479254723,0.000328957947204,0.000070394067734,-0.000495660235174,0.0000308999551635,-0.000113064525067,-0.000381004734663,0.0003223826061,-0.00024723567185,-0.000383472593967,0.000256371858995,-0.000433399138274],[0.0000267018822342,0.000328957947204,0.00199629832059,-0.0000919315207284,-0.000184887627256,-0.000979975680821,-0.0000589847186347,-0.0000385953826481,-0.000739391369279,-0.000205457166885,0.000575181387831,-0.00105746160261,0.000688750180416],[0.000013171662431,0.000070394067734,-0.0000919315207284,0.00413790671155,-0.00137037027162,0.0000636742115603,-0.00124356441665,-0.000211232894799,-0.00149671221152,-0.000354663439794,0.00117704411969,0.000397017865907,-0.0020842901431],[-0.000122139244922,-0.000495660235174,-0.000184887627256,-0.00137037027162,0.00549469003454,-0.000271476572379,-0.00000601735655437,-0.000604859960731,0.000203316885745,-0.00213039666414,0.00267414795235,-0.00160232617054,0.000308048271108],[-0.000205057367566,0.0000308999551635,-0.000979975680821,0.0000636742115603,-0.000271476572379,0.00529816141352,-0.00192636670545,-0.00101500714663,0.000935432093684,-0.00122973101679,-0.00223004375584,0.00229713064618,-0.000286832480924],[0.0000724193378119,-0.000113064525067,-0.0000589847186347,-0.00124356441665,-0.00000601735655437,-0.00192636670545,0.00841707643121,-0.00271480227821,-0.000349647481926,-0.00127813557629,-0.00105544598773,-0.000914055039175,0.000298127532005],[-0.0000620807550149,-0.000381004734663,-0.0000385953826481,-0.000211232894799,-0.000604859960731,-0.00101500714663,-0.00271480227821,0.0111383451149,-0.00267293513753,0.00146915309597,-0.00251855910756,-0.000071855072747,-0.000833685626276],[-0.0000609589624219,0.0003223826061,-0.000739391369279,-0.00149671221152,0.000203316885745,0.000935432093684,-0.000349647481926,-0.00267293513753,0.0123840840533,-0.00250830943696,0.000711553264409,-0.00189400522504,-0.00138389656786],[0.000114185553684,-0.00024723567185,-0.000205457166885,-0.000354663439794,-0.00213039666414,-0.00122973101679,-0.00127813557629,0.00146915309597,-0.00250830943696,0.012599083595,-0.00443176273257,0.00181965832599,-0.000725812162273],[-0.000166910525877,-0.000383472593967,0.000575181387831,0.00117704411969,0.00267414795235,-0.00223004375584,-0.00105544598773,-0.00251855910756,0.000711553264409,-0.00443176273257,0.0149805396795,-0.00570490024984,0.000460183800897],[-0.000210642552702,0.000256371858995,-0.00105746160261,0.000397017865907,-0.00160232617054,0.00229713064618,-0.000914055039175,-0.000071855072747,-0.00189400522504,0.00181965832599,-0.00570490024984,0.0165947992355,-0.00539103895426],[0.000105515689938,-0.000433399138274,0.000688750180416,-0.0020842901431,0.000308048271108,-0.000286832480924,0.000298127532005,-0.000833685626276,-0.00138389656786,-0.000725812162273,0.000460183800897,-0.00539103895426,0.0137422652915]],"mean":[-659.637939453,127.934120178,32.6822280884,10.0972566605,19.5760650635,8.73296165466,-2.25568699837,0.937578737736,0.891865074635,-0.523576259613,-3.44015955925,-0.590177178383,1.1155166626]},"pitch_salience":{"dmean":0.079811654985,"dmean2":0.126058787107,"dvar":0.00766065577045,"dvar2":0.0172655880451,"max":0.908737182617,"mean":0.483699709177,"median":0.498472243547,"min":0.0376053750515,"var":0.0221710130572},"silence_rate_20dB":{"dmean":0.0155916279182,"dmean2":0.0311865862459,"dvar":0.0153493164107,"dvar2":0.0366242267191,"max":1,"mean":0.987293124199,"median":1,"min":0,"var":0.0125445686281},"silence_rate_30dB":{"dmean":0.0630072653294,"dmean2":0.126027986407,"dvar":0.0590352788568,"dvar2":0.113982111216,"max":1,"mean":0.851147890091,"median":1,"min":0,"var":0.126701548696},"silence_rate_60dB":{"dmean":0.0113199483603,"dmean2":0.0226423162967,"dvar":0.0111930584535,"dvar2":0.0268319025636,"max":1,"mean":0.0509343296289,"median":0,"min":0,"var":0.0483398027718},"spectral_centroid":{"dmean":203.68850708,"dmean2":306.623291016,"dvar":106287.484375,"dvar2":195630.515625,"max":10937.9101563,"mean":851.658813477,"median":672.155395508,"min":119.722305298,"var":394792.75},"spectral_complexity":{"dmean":2.80862879753,"dmean2":4.43768024445,"dvar":13.1091871262,"dvar2":25.6196861267,"max":57,"mean":14.7683925629,"median":13,"min":0,"var":68.4765548706},"spectral_contrast_coeffs":{"dmean":[0.0487913414836,0.0501869916916,0.0367214456201,0.0306226499379,0.0223498754203,0.0169062390924],"dmean2":[0.0784927904606,0.0816719084978,0.0582577995956,0.0488115102053,0.0350879281759,0.0270657446235],"dvar":[0.00185048847925,0.00175081018824,0.000950334419031,0.000603926484473,0.000377864664188,0.000239533314016],"dvar2":[0.00468503963202,0.00435709953308,0.00227930513211,0.0014459680533,0.00086549250409,0.000595535268076],"max":[-0.257175296545,-0.25476026535,-0.480916142464,-0.508325576782,-0.605046868324,-0.666062772274],"mean":[-0.645131289959,-0.672448039055,-0.766995549202,-0.776364564896,-0.788753807545,-0.804541170597],"median":[-0.657338142395,-0.674062728882,-0.776538789272,-0.782688736916,-0.793137729168,-0.803428411484],"min":[-0.956313073635,-0.964073777199,-0.978002011776,-0.963816463947,-0.960209190845,-0.960420012474],"var":[0.00909797009081,0.00813676975667,0.00415620487183,0.00295823533088,0.00207227584906,0.0012276499765]},"spectral_contrast_valleys":{"dmean":[0.365553826094,0.385992616415,0.344026327133,0.299006819725,0.3084436059,0.344350367785],"dmean2":[0.592055618763,0.630716443062,0.555989027023,0.472684085369,0.429162025452,0.443262934685],"dvar":[0.165100514889,0.150534331799,0.136643007398,0.113635934889,0.150047123432,0.220598131418],"dvar2":[0.302484303713,0.335315048695,0.279734492302,0.207958340645,0.238718345761,0.340895950794],"max":[-4.64543247223,-4.59550666809,-5.10233211517,-5.83965349197,-5.75052881241,-7.13129091263],"mean":[-6.94335842133,-6.98266649246,-7.61518764496,-8.03574085236,-8.33821868896,-9.97817993164],"median":[-6.45281791687,-6.91059446335,-7.46138334274,-7.86750030518,-8.10652923584,-9.35321807861],"min":[-27.7503528595,-27.1555271149,-27.3716239929,-27.2714290619,-27.3573150635,-27.2407417297],"var":[2.10713577271,1.09544706345,1.27649581432,1.4710508585,1.77076423168,3.0721616745]},"spectral_decrease":{"dmean":6.15841999618e-9,"dmean2":8.23888512969e-9,"dvar":1.31501018028e-16,"dvar2":2.16515412073e-16,"max":1.25708085256e-18,"mean":-1.58235451408e-8,"median":-9.37516642097e-9,"min":-1.24298566107e-7,"var":3.99277672929e-16},"spectral_energy":{"dmean":0.0236444380134,"dmean2":0.0316446907818,"dvar":0.00189783039968,"dvar2":0.0031294550281,"max":0.472832858562,"mean":0.0620826669037,"median":0.037848867476,"min":1.06028309801e-20,"var":0.00577448308468},"spectral_energyband_high":{"dmean":0.000671625137329,"dmean2":0.000956761767156,"dvar":0.00000259672083303,"dvar2":0.00000483736039314,"max":0.0280361883342,"mean":0.00151242839638,"median":0.000765086791944,"min":7.62927823665e-21,"var":0.00000725417021386},"spectral_energyband_low":{"dmean":0.0208721961826,"dmean2":0.0283475741744,"dvar":0.00211725081317,"dvar2":0.00372200016864,"max":0.458990871906,"mean":0.0421895198524,"median":0.0165162812918,"min":2.80180989885e-23,"var":0.00560492137447},"spectral_energyband_middle_high":{"dmean":0.00123623898253,"dmean2":0.00189626426436,"dvar":0.00000562281684324,"dvar2":0.0000128324227262,"max":0.0623743347824,"mean":0.00339011708274,"median":0.00160234549548,"min":1.5981198097e-21,"var":0.0000254606802628},"spectral_energyband_middle_low":{"dmean":0.0079412246123,"dmean2":0.0135037899017,"dvar":0.000213481107494,"dvar2":0.000595653720666,"max":0.138187110424,"mean":0.0169587042183,"median":0.0129067674279,"min":3.42876284618e-22,"var":0.000259827676928},"spectral_entropy":{"dmean":0.223413988948,"dmean2":0.328186005354,"dvar":0.0614488907158,"dvar2":0.118361763656,"max":9.80174255371,"mean":7.36528301239,"median":7.47480297089,"min":5.18794202805,"var":0.442545115948},"spectral_flux":{"dmean":0.0419866256416,"dmean2":0.0606817789376,"dvar":0.00379320443608,"dvar2":0.00624376814812,"max":0.654970109463,"mean":0.107408612967,"median":0.0801971033216,"min":1.02970049154e-10,"var":0.00882485415787},"spectral_kurtosis":{"dmean":2.89997363091,"dmean2":4.67157459259,"dvar":34.289981842,"dvar2":96.6932449341,"max":163.378234863,"mean":7.50699329376,"median":2.53983473778,"min":-1.25640583038,"var":198.360305786},"spectral_rms":{"dmean":0.00124811264686,"dmean2":0.00165988330264,"dvar":0.0000032210880363,"dvar2":0.00000486838507641,"max":0.0214779041708,"mean":0.00674154516309,"median":0.00607665395364,"min":3.21624389447e-12,"var":0.0000151201566041},"spectral_rolloff":{"dmean":422.659729004,"dmean2":717.538452148,"dvar":1423552.375,"dvar2":3208343,"max":19487.5488281,"mean":945.574584961,"median":409.130859375,"min":21.533203125,"var":2941824.5},"spectral_skewness":{"dmean":0.31532740593,"dmean2":0.484586626291,"dvar":0.175295650959,"dvar2":0.448882579803,"max":10.7053060532,"mean":1.94717526436,"median":1.58335924149,"min":-0.0592864826322,"var":1.28492188454},"spectral_spread":{"dmean":877196.8125,"dmean2":1227516.375,"dvar":1210403520510,"dvar2":2137866633220,"max":40442324,"mean":6317978.5,"median":6839457,"min":587749.125,"var":6997275574270},"spectral_strongpeak":{"dmean":0.446732074022,"dmean2":0.750147342682,"dvar":0.581541538239,"dvar2":1.4687666893,"max":11.7707681656,"mean":0.896256506443,"median":0.571714580059,"min":0,"var":1.00303959846},"zerocrossingrate":{"dmean":0.0127703482285,"dmean2":0.0144013501704,"dvar":0.000297268619761,"dvar2":0.000344211235642,"max":0.5341796875,"mean":0.0543927066028,"median":0.044921875,"min":0.001953125,"var":0.00210057292134}},"metadata":{"audio_properties":{"analysis_sample_rate":44100,"bit_rate":192023,"codec":"mp3","downmix":"mix","equal_loudness":0,"length":217.417144775,"lossless":false,"md5_encoded":"a6771ef108f04137d06d42acd8f36c78","replay_gain":-5.75273513794,"sample_rate":44100},"tags":{"acoustid_fingerprint":["AQADtLm0KJMSJbgd6AsTwg--4sd1OJJj4cdVNJTRv2jGQLsx6S8s1miuH-cUPGeH8im2Jg-01MGdEY36IpRiWcaZ4zrqHM1nnPlxY0dFR5LQiNVxWrg4aBlD9EfPDE2ozMFZNE4WdKWwo-Fy5DV-7Dx6BYdYtceNKVF2lFLIIMed4yEP8zniCv9wNGN2tE7wC5cRLfmFJ8uRw2eOmdmhLA9yhcab6OiP_rh0nEWjiUf_IRSbQPyOMP_wfMOl4wkOnxTuWMGfC3lSQac-hAmr4yfSEn2NC-EXIczpoWgs4miOWvnwoLGO72iYDQ-0jCHCTe_wo1mXCbUkH8eHM4xo_BPhEf_xvejHo5l6JJOTI4xanLpgpz4O-CEeof3h8xS-wYEZi0PnBbdA8Ue-dCiVqdBSZUHO43jU5nCT6IhzifiugUfzo9SiH5dSND_ChSH-oM-O5vjhR0HOLEdJ6VCeAzH3wcyOzzhFB9EeJHtCCp2jHs0ZPLHx5Qp--MVf4c3xn-i1otmP_wjDF9rwH2GOHj_8Hlc-9DsMx0kt4QcT3YhJJYUepEyT4xtKSkTjZImR69B6_AgfimBkPQijKfigPROafcgDP3hLxGIELfmNHi2H5sRpITw2RyN-mIF7tDIuUSU2eR-SS2EQ_mgeXA4uHUfCJ0OOszveH2E4HuVDQQ_SUmlxBafgxFGK72jGo8dvhFcE5wq2ZEo--Kgt4k2K_RDJBZeFJmkUG9Mz6FKw6_A-vMePZ7h-9GjOoytjNB_-BO0C88d0TM_Q_NCXo7mOPUd6HD7qpEekjioahYmaQWeO8Gja6LjSNEHOC3qE9MQ1pRt-FWGeGWUenB_0Is2X4tl0wHaxYxtuvEeYHEo53Tg-_ah4XA20tMxQMgt-NM-NH40iCdcheIw04pKhU2i2BjNp-FHgkQ364Y-hdRGaH8qhfZjC8XgyoxGP8cd24oV9KKLUoqd8-IlCWFpQnng0SfjxK3B_XD0u8ajeonnxTbLw4dkF60TMI1cyNM-HSh0aFb2hOgdOHXuLUKyORp7xI0yYHSV748whXiHyDHS048rxWvCP459whknQKPJQ7UJyHzkT5WCyS4O7oW80HE3ScOij4-jfITbeHD7aD98h1g8eLz1uRDuDSzaeKEf-wOEPHd-Rf4GzKCPy6fjFQeGR1sfHHE-OLc_xZmhO9EHE6kKvQ9ORK9FxonmOckdtJIsaJUSY-OjT4Mrq4VHwFz18heiRJ6kDVUe4b_hRPBnaoXHwED8sbTmuJYs2vAjlDF2O6oJ5hOyy4brg42oUdEeYbOFxfVA7fAh3B44kP-gj_GjG3KgdB1-FRr1QPciPhonGoc9xBY5IyBOz4mLwHXqMK0XZHI3DY__gXDkeJqrRZNNRskX-IVeCSHZ-mPcwPRe-E3usot-Iph4u4uaHME-UDsnQVEU5Fs36oOaKKwp-oznhOEf-wT5KSoGuD02cJeh0OD6epRlu4zyc4zfGH9fRH82VGm-MoVqkI4weSoguHv3RiN7xHD20jFkq5