{"lowlevel":{"average_loudness":0.887988805771,"barkbands":{"dmean":[0.0000233197097259,0.0017673416296,0.00213604932651,0.00161495024804,0.00184228923172,0.000742719101254,0.00123364583123,0.00126299192198,0.000506712880451,0.000223027542233,0.000251895748079,0.00024488728377,0.000153076456627,0.000329805683577,0.000400572753279,0.000379952631192,0.00024620158365,0.000207395423786,0.000146262347698,0.0000957976735663,0.0000759074828238,0.000073127077485,0.0000591948373767,0.0000582793327339,0.0000366161693819,0.0000262000430666,0.0000122246538012],"dmean2":[0.0000393609225284,0.00301736826077,0.0036795407068,0.0027505592443,0.00300331274047,0.00117134640459,0.00193240528461,0.00196905550547,0.000792406382971,0.000359326368198,0.000410534092225,0.000403012352763,0.000242120644543,0.00054241361795,0.000631290546153,0.000611187540926,0.00040641479427,0.000337142526405,0.000238726555835,0.000156773865456,0.000121195094835,0.000109942680865,0.0000867177368491,0.0000809300399851,0.0000510094141646,0.0000397496150981,0.0000184463933692],"dvar":[1.9852672839e-9,0.00000968879066932,0.0000168848910107,0.00000899426049727,0.0000118645839393,0.00000197038366423,0.00000662168486087,0.0000112677398647,0.00000311136477649,4.42999208872e-7,9.29240911773e-7,5.50129414023e-7,2.78451523172e-7,9.12582208912e-7,0.00000174880312898,9.25821780129e-7,2.03438105473e-7,1.77709523541e-7,5.22693994753e-8,2.2397003363e-8,2.71840416843e-8,1.4107351376e-7,5.3726441962e-8,1.26902278907e-7,2.75633684765e-8,2.98120239606e-9,4.72187178246e-10],"dvar2":[5.38617905832e-9,0.0000281626125798,0.0000478672409372,0.0000239926121139,0.0000333282150677,0.00000488004570798,0.0000155946163432,0.000028346426916,0.0000078038619904,0.00000110480209514,0.00000247002503784,0.00000152701568368,6.62596903567e-7,0.00000240958524955,0.00000432017986896,0.00000231391322814,5.32904948614e-7,4.66556457468e-7,1.38716458764e-7,5.91791859961e-8,5.87318673695e-8,3.10890698074e-7,1.04549997104e-7,2.36509890783e-7,4.44513652553e-8,6.0484315334e-9,1.0500414982e-9],"max":[0.000705479818862,0.0468949899077,0.0474861562252,0.0367547236383,0.0490677691996,0.027721375227,0.0468277260661,0.0526785776019,0.0399751216173,0.0143112177029,0.0305164288729,0.0223232954741,0.0237716604024,0.0226519126445,0.0368101783097,0.0355295576155,0.00974902976304,0.0106497369707,0.00373232970014,0.00276498566382,0.00787612237036,0.0225285813212,0.00768987368792,0.0146121643484,0.00854863133281,0.00143065187149,0.000409395550378],"mean":[0.0000367581378669,0.00497935479507,0.0037144694943,0.00214039138518,0.00380281661637,0.00137597008143,0.00207443954423,0.00203426741064,0.000900767976418,0.00036252188147,0.000407896848628,0.000411709625041,0.000267859635642,0.000577384606004,0.000714513415005,0.000813068181742,0.00053911813302,0.000481167895487,0.000386176980101,0.000246793322731,0.000196205219254,0.00015741516836,0.000130520274979,0.000124119003885,0.0000913869735086,0.0000608430818829,0.0000231143403653],"median":[0.0000109054217319,0.00289970962331,0.0023059793748,0.00101281329989,0.0022349988576,0.000762477982789,0.000761541072279,0.000248868716881,0.000168870989,0.000132036089781,0.000119280484796,0.000166785321198,0.0000991085107671,0.000196216336917,0.000203147006687,0.000346159329638,0.000236256135395,0.000192866980797,0.000178683869308,0.00012243555102,0.000117586394481,0.0000608268928772,0.0000449276740255,0.0000409182684962,0.0000292431159323,0.0000167044727277,0.00000553315567231],"min":[4.88909069178e-25,2.38398873432e-24,2.13161063428e-24,1.21983307129e-24,6.96970600449e-24,8.17298315335e-24,1.31534541119e-23,1.03250564451e-23,2.19121735871e-23,1.82129050354e-23,1.42487085927e-23,3.03253341205e-23,3.21573973086e-23,3.88632198739e-23,4.19189672536e-23,6.83948526387e-23,1.02200003673e-22,1.06658879013e-22,1.2804643801e-22,1.76648524412e-22,2.93530548507e-22,2.88222587466e-22,4.63909686071e-22,5.69850802634e-22,8.95196426993e-22,1.4329086577e-21,1.97679000787e-21],"var":[4.55022419743e-9,0.0000391228386434,0.0000207183693419,0.0000102640560726,0.0000253254420386,0.00000389754359276,0.0000158136008395,0.0000267748528131,0.00000928714507609,9.2227321602e-7,0.000001952463208,0.00000102741194041,6.14064049387e-7,0.00000184614964382,0.00000402244950237,0.00000301538284475,5.31749208221e-7,5.65713719425e-7,2.04045576879e-7,8.62441993377e-8,8.20166832227e-8,2.3498087387e-7,1.22170021655e-7,2.64547679762e-7,8.10905973481e-8,9.81064118832e-9,1.19602006077e-9]},"barkbands_crest":{"dmean":2.06886363029,"dmean2":3.34915924072,"dvar":4.37730026245,"dvar2":11.5391521454,"max":26.857673645,"mean":10.0368022919,"median":9.27025032043,"min":2.4773349762,"var":19.0323200226},"barkbands_flatness_db":{"dmean":0.0174810104072,"dmean2":0.0264547746629,"dvar":0.000378250930225,"dvar2":0.000805796473287,"max":0.498310685158,"mean":0.152584671974,"median":0.127688169479,"min":0.0241254623979,"var":0.00759348738939},"barkbands_kurtosis":{"dmean":3.43488883972,"dmean2":5.2916893959,"dvar":605.963684082,"dvar2":874.787475586,"max":2446.20996094,"mean":6.10510635376,"median":1.3047144413,"min":-1.89653038979,"var":1162.46789551},"barkbands_skewness":{"dmean":0.51495552063,"dmean2":0.789045095444,"dvar":0.490189671516,"dvar2":0.995110273361,"max":13.9711256027,"mean":1.45476317406,"median":1.23002886772,"min":-44.6349029541,"var":2.84457778931},"barkbands_spread":{"dmean":4.29321050644,"dmean2":6.6333990097,"dvar":32.4418182373,"dvar2":68.739074707,"max":127.943183899,"mean":22.0106048584,"median":20.3357009888,"min":0.137266471982,"var":220.373275757},"dissonance":{"dmean":0.0176010672003,"dmean2":0.0290492679924,"dvar":0.000544949318282,"dvar2":0.00147671613377,"max":0.5,"mean":0.456811726093,"median":0.474036335945,"min":0.19717130065,"var":0.00209968117997},"dynamic_complexity":4.63940525055,"erbbands":{"dmean":[0.0275533962995,0.49275135994,2.1430182457,3.94066262245,6.42433643341,6.03430080414,5.57518148422,6.45871782303,14.1629314423,23.7832870483,23.276927948,11.38555336,8.44364547729,7.50871419907,11.0334157944,8.96977043152,6.14732933044,13.0270318985,17.7412147522,22.338098526,19.1437549591,11.6278972626,10.6212339401,8.4179725647,6.27494239807,4.69074440002,2.97150158882,3.06943154335,2.70977139473,2.13948607445,1.68091440201,1.25057005882,0.992172181606,0.545611858368,0.22042787075,0.115932561457,0.051756169647,0.0113386865705,0.00200991076417,0.000142888035043],"dmean2":[0.0460713729262,0.843876838684,3.70568871498,6.74984741211,10.755487442,9.90855026245,8.5910987854,10.3331918716,22.1886730194,37.1843299866,36.136505127,17.8712463379,13.1180229187,12.0984420776,18.2736988068,14.8384532928,9.82463550568,21.2669391632,27.9359760284,34.9189605713,30.9340019226,19.070898056,17.1917552948,13.6294956207,10.2966165543,7.66729307175,4.82433128357,4.88735437393,4.11143684387,3.22009325027,2.46766161919,1.77351903915,1.3862143755,0.779231667519,0.306697368622,0.172217577696,0.0798671618104,0.0170940365642,0.00303666829132,0.000218374625547],"dvar":[0.00256568309851,0.753299117088,16.4212360382,61.7221870422,149.060775757,144.453674316,131.093490601,151.796630859,1068.35241699,2604.46313477,4182.39941406,1551.19177246,726.798950195,646.518676758,1953.89306641,776.729858398,301.127380371,1663.85241699,3269.1496582,4733.44580078,2486.29418945,446.115234375,486.823120117,203.907302856,100.171524048,52.2692527771,38.6125221252,52.0312652588,151.107406616,127.857048035,42.7210731506,44.5887413025,38.0024375916,5.74105978012,1.05151605606,0.0977059528232,0.0106625650078,0.000399354757974,0.000012363143469,6.86382151116e-8],"dvar2":[0.00705120386556,2.19734144211,46.7768478394,166.669372559,417.02947998,382.26272583,297.513671875,384.212127686,2429.609375,6369.79394531,10428.4023438,3987.36352539,1716.2545166,1593.19628906,5600.37207031,2271.47607422,723.290466309,4175.51660156,7486.51171875,12203.7939453,6365.19091797,1155.06286621,1225.93457031,532.876464844,270.393615723,137.712142944,92.5141677856,110.3826828,329.380187988,272.615875244,84.3401260376,84.4678878784,72.0042114258,9.80323982239,1.74032056332,0.188578113914,0.0233261063695,0.000871444121003,0.0000276792452496,1.57075675133e-7],"max":[0.825957477093,12.9173183441,54.1990089417,92.5052566528,197.492645264,256.764648438,292.657531738,306.331115723,739.34564209,998.341308594,1243.2857666,935.979187012,777.327453613,938.510559082,1437.68164062,1058.83105469,595.649047852,1373.34057617,1684.55493164,2128.90405273,2146.04980469,572.124389648,620.49005127,334.79083252,255.358520508,109.261192322,305.228271484,248.671539307,682.190551758,575.712036133,224.164276123,308.926574707,231.6849823,114.963676453,58.6790733337,11.6560325623,2.59743523598,0.381614089012,0.0743150636554,0.00401864526793],"mean":[0.0640554055572,1.37838363647,4.50292205811,5.91226768494,11.5034246445,11.1806764603,10.7906541824,11.9251384735,25.0579891205,39.656036377,38.4626235962,20.6424045563,14.871008873,13.1758718491,19.0607681274,16.1279125214,12.2161436081,24.6696243286,33.0373573303,44.5455284119,44.6427650452,29.3256397247,25.9548072815,22.7529296875,17.3059558868,12.1338272095,7.74948549271,7.52855873108,5.78416442871,4.46411705017,3.68356776237,2.68740844727,2.05252981186,1.24990773201,0.533687531948,0.265952527523,0.106557816267,0.0253744777292,0.0038584631402,0.000262144778389],"median":[0.0390330702066,0.794810175896,2.89566755295,3.26745462418,5.80673599243,6.22296619415,5.250623703,6.56993055344,10.4289455414,11.0966205597,6.59282112122,4.77415561676,4.91003322601,4.95887708664,6.05595731735,6.92414331436,5.39460849762,9.31738090515,10.0749511719,16.9595127106,21.1825332642,13.8200893402,10.7477817535,9.48850631714,8.44572639465,6.23355102539,4.73547792435,4.34380149841,2.35021066666,1.57812523842,1.2620408535,0.902783930302,0.671303033829,0.392584621906,0.16871252656,0.0789616256952,0.0281669124961,0.00603207293898,0.000899276928976,0.0000968089589151],"min":[1.16650124232e-22,6.05072874073e-22,2.77550296538e-21,9.42499929701e-21,3.41061009905e-20,2.30220035669e-20,6.07924500475e-20,7.30389236398e-20,1.08312942263e-19,2.0320901499e-19,3.47053914055e-19,4.30526027987e-19,5.23464707042e-19,5.996334624e-19,9.57628339321e-19,1.60481858649e-18,1.63982218167e-18,2.72032737381e-18,3.16943536802e-18,3.78481493716e-18,3.57012393149e-18,5.28298667824e-18,6.20891818027e-18,7.35779140099e-18,8.46450860257e-18,7.5163329731e-18,1.17775538987e-17,1.26113941423e-17,7.73959481069e-18,1.0719249924e-17,1.38074997896e-17,1.15013996512e-17,1.01615449027e-17,7.39881046039e-18,7.74273230675e-18,4.52940073837e-18,2.78241286225e-18,9.9802649627e-19,2.37133397971e-19,2.68082160257e-20],"var":[0.00673789111897,3.00480508804,26.7293167114,68.3055877686,281.951721191,271.539306641,310.101348877,300.951568604,2589.68383789,6266.43798828,9858.68945312,4286.25244141,1919.39855957,1362.01416016,4266.71533203,1507.04650879,746.890258789,3587.83422852,7089.39257812,11825.0556641,8358.61914062,1516.3638916,1700.96130371,800.484680176,397.053527832,201.000305176,111.560646057,143.962966919,269.165679932,226.072631836,95.3420257568,94.7376327515,76.9836273193,15.9445705414,2.86310458183,0.275013059378,0.0299639552832,0.0013971182052,0.0000333428833983,1.36026969244e-7]},"erbbands_crest":{"dmean":2.68199491501,"dmean2":4.30114078522,"dvar":8.03279972076,"dvar2":20.6530284882,"max":32.5250167847,"mean":10.876162529,"median":9.10687828064,"min":2.51110291481,"var":37.9213027954},"erbbands_flatness_db":{"dmean":0.0168797522783,"dmean2":0.0247748605907,"dvar":0.000356930802809,"dvar2":0.000723787990864,"max":0.420557051897,"mean":0.169437468052,"median":0.141374230385,"min":0.0397761836648,"var":0.00590497115627},"erbbands_kurtosis":{"dmean":1.35857963562,"dmean2":2.13662791252,"dvar":7.74825048447,"dvar2":19.8496303558,"max":86.3820419312,"mean":1.40880811214,"median":0.0693100690842,"min":-1.85384905338,"var":15.8328485489},"erbbands_skewness":{"dmean":0.363871365786,"dmean2":0.550806522369,"dvar":0.157624080777,"dvar2":0.35454583168,"max":7.90524530411,"mean":0.163893818855,"median":0.0287751704454,"min":-3.70415091515,"var":1.11537957191},"erbbands_spread":{"dmean":7.20524692535,"dmean2":11.0423259735,"dvar":75.6860580444,"dvar2":176.411575317,"max":150.869094849,"mean":35.1453819275,"median":34.1932449341,"min":1.95884084702,"var":370.287475586},"gfcc":{"cov":[[26369.703125,-2789.19116211,2068.56811523,903.294799805,-1099.03430176,1593.57080078,-1073.87194824,1442.52001953,27.5370025635,614.203308105,-313.581726074,53.409576416,-1089.71606445],[-2789.19116211,2113.27319336,5.50614929199,-294.813964844,64.8676605225,-88.1073989868,230.565536499,-109.212310791,151.065048218,-33.0841331482,214.739807129,17.2361526489,141.938644409],[2068.56811523,5.50614929199,1973.20275879,-129.272125244,-118.515960693,531.24597168,-140.47038269,315.170135498,221.759429932,197.718795776,149.505905151,140.805267334,-167.995910645],[903.294799805,-294.813964844,-129.272125244,560.288391113,-21.5809860229,-41.8798141479,-61.5661392212,-40.8088111877,-75.3157196045,-36.6256866455,-67.8078918457,-21.4757328033,28.1524295807],[-1099.03430176,64.8676605225,-118.515960693,-21.5809860229,271.585601807,-45.9651794434,69.8681030273,-44.2892913818,0.512261927128,-33.4917869568,-6.25616455078,6.56811761856,67.1766662598],[1593.57080078,-88.1073989868,531.24597168,-41.8798141479,-45.9651794434,502.947418213,46.142791748,216.670852661,116.592933655,102.894416809,63.1609153748,30.7043151855,-114.383033752],[-1073.87194824,230.565536499,-140.47038269,-61.5661392212,69.8681030273,46.142791748,227.336303711,16.0839519501,35.7709846497,-4.85134410858,44.3428764343,-3.89732432365,28.0822677612],[1442.52001953,-109.212310791,315.170135498,-40.8088111877,-44.2892913818,216.670852661,16.0839519501,286.839019775,118.652412415,76.7266921997,41.8089027405,23.771697998,-97.8322982788],[27.5370025635,151.065048218,221.759429932,-75.3157196045,0.512261927128,116.592933655,35.7709846497,118.652412415,169.492263794,75.3267593384,66.9376449585,13.6772851944,-28.5230331421],[614.203308105,-33.0841331482,197.718795776,-36.6256866455,-33.4917869568,102.894416809,-4.85134410858,76.7266921997,75.3267593384,122.289985657,46.9751777649,5.11385774612,-53.6812019348],[-313.581726074,214.739807129,149.505905151,-67.8078918457,-6.25616455078,63.1609153748,44.3428764343,41.8089027405,66.9376449585,46.9751777649,118.514373779,46.9924926758,0.415150046349],[53.409576416,17.2361526489,140.805267334,-21.4757328033,6.56811761856,30.7043151855,-3.89732432365,23.771697998,13.6772851944,5.11385774612,46.9924926758,84.6494140625,29.0200824738],[-1089.71606445,141.938644409,-167.995910645,28.1524295807,67.1766662598,-114.383033752,28.0822677612,-97.8322982788,-28.5230331421,-53.6812019348,0.415150046349,29.0200824738,129.534729004]],"icov":[[0.000175835491973,-0.000105773964606,0.000124521000544,-0.000249319244176,0.000205122327316,-0.000342508952599,0.000631228438579,-0.00067082530586,0.000525672221556,-0.000668448104989,0.000837262487039,-0.000809360004496,0.000775865686592],[-0.000105773964606,0.000923974963371,-0.000217825639993,0.00041600575787,0.0000726310900063,0.000352292612661,-0.000796657754108,0.000781354028732,-0.00101373821963,0.00129199377261,-0.00222100131214,0.00172329158522,-0.0013056966709],[0.000124521000544,-0.000217825639993,0.00112444907427,-0.000152600870933,0.0000825934985187,-0.00100086291786,0.00134696159512,-0.000469628925202,-0.000126098311739,-0.000856035389006,0.000671949470416,-0.00213904585689,0.00129891990218],[-0.000249319244176,0.00041600575787,-0.000152600870933,0.0024979498703,-0.0000201910424948,0.000243948423304,-0.000496707390994,0.000716309703421,-0.000199759640964,0.00104782520793,-0.00111247622408,0.0020908229053,-0.00249408464879],[0.000205122327316,0.0000726310900063,0.0000825934985187,-0.0000201910424948,0.00489887036383,-0.000362723803846,-0.000623688101768,-0.000496517401189,-0.00020857049094,-0.00030356872594,0.00175255467184,-0.00089273287449,-0.00132046255749],[-0.000342508952599,0.000352292612661,-0.00100086291786,0.000243948423304,-0.000362723803846,0.00475859921426,-0.00287226471119,0.000079584417108,-0.00128549535293,0.000715873728041,-0.00160004384816,0.000984715530649,0.000252562458627],[0.000631228438579,-0.000796657754108,0.00134696159512,-0.000496707390994,-0.000623688101768,-0.00287226471119,0.00935513153672,-0.00339383049868,0.00192576402333,-0.00171362049878,0.000257970241364,-0.0008709365502,0.0011420120718],[-0.00067082530586,0.000781354028732,-0.000469628925202,0.000716309703421,-0.000496517401189,0.000079584417108,-0.00339383049868,0.0107772117481,-0.00684200786054,0.00332336081192,-0.0020145745948,-0.000590884301346,0.00194835290313],[0.000525672221556,-0.00101373821963,-0.000126098311739,-0.000199759640964,-0.00020857049094,-0.00128549535293,0.00192576402333,-0.00684200786054,0.0151306996122,-0.00695407018065,-0.00061946635833,0.00119341700338,-0.00101455801632],[-0.000668448104989,0.00129199377261,-0.000856035389006,0.00104782520793,-0.00030356872594,0.000715873728041,-0.00171362049878,0.00332336081192,-0.00695407018065,0.018247615546,-0.00883989781141,0.00548622664064,0.000124144920846],[0.000837262487039,-0.00222100131214,0.000671949470416,-0.00111247622408,0.00175255467184,-0.00160004384816,0.000257970241364,-0.0020145745948,-0.00061946635833,-0.00883989781141,0.0248446129262,-0.0157887600362,0.00634899968281],[-0.000809360004496,0.00172329158522,-0.00213904585689,0.0020908229053,-0.00089273287449,0.000984715530649,-0.0008709365502,-0.000590884301346,0.00119341700338,0.00548622664064,-0.0157887600362,0.0292174331844,-0.0148093225434],[0.000775865686592,-0.0013056966709,0.00129891990218,-0.00249408464879,-0.00132046255749,0.000252562458627,0.0011420120718,0.00194835290313,-0.00101455801632,0.000124144920846,0.00634899968281,-0.0148093225434,0.0231615304947]],"mean":[-32.7626914978,89.0377883911,-107.724655151,27.3496398926,-40.9851646423,-2.35778474808,-36.6001663208,1.66655921936,-18.8721523285,-0.31225413084,-16.6535282135,-3.18130588531,-11.5469141006]},"hfc":{"dmean":4.69747781754,"dmean2":7.09368944168,"dvar":78.8571624756,"dvar2":149.969650269,"max":251.296707153,"mean":21.7979545593,"median":17.4316577911,"min":1.09157162382e-16,"var":466.277069092},"melbands":{"dmean":[0.000369168497855,0.000933248491492,0.000727500009816,0.000434216490248,0.000205788877793,0.000147504033521,0.000227277501835,0.000277937331703,0.00016904406948,0.0000702216639183,0.0000421014301537,0.0000301360560115,0.0000348594476236,0.0000315657634928,0.0000170717594301,0.0000159932678798,0.000027263411539,0.000031367981137,0.0000290721527563,0.0000298093764286,0.0000242269379669,0.0000146792099258,0.0000102734029497,0.0000115704933705,0.00000736718175176,0.00000579605011808,0.00000432092247138,0.00000318772413266,0.00000184589657692,0.00000234643425756,0.00000181229688678,0.00000169812381046,0.00000148139940848,0.00000123246661587,0.00000109510438051,8.16653368929e-7,8.58335965859e-7,8.03154136975e-7,5.55718941087e-7,4.64774444708e-7],"dmean2":[0.00062635645736,0.00160816370044,0.00124222587328,0.000721525168046,0.000318410980981,0.000233763770666,0.000355904223397,0.000435089954408,0.000262603076408,0.000109600077849,0.0000652404050925,0.0000485227392346,0.0000572534481762,0.0000521468864463,0.0000278493844235,0.0000251977435255,0.0000447810925834,0.0000496466745972,0.0000455655135738,0.0000470138111268,0.0000394135058741,0.0000243338763539,0.0000167320959008,0.0000189094389498,0.0000120219592645,0.00000961310433922,0.00000712957444193,0.00000525700079379,0.00000305579828819,0.0000038136074636,0.00000289938157039,0.00000262891830971,0.00000224065274779,0.00000190439516246,0.00000165775941241,0.00000120967797557,0.00000123604559121,0.00000114725685307,8.07867706953e-7,6.7949821414e-7],"dvar":[4.31720991401e-7,0.00000290081220555,0.00000172649436081,7.56285544412e-7,1.50770929963e-7,7.79937536777e-8,2.47352488714e-7,3.64070530168e-7,2.17590482521e-7,6.13237745029e-8,1.84727113606e-8,1.0967384334e-8,1.85826429799e-8,9.91675186413e-9,2.08107509003e-9,3.7010927656e-9,6.73482913882e-9,9.5642729292e-9,9.45607503411e-9,6.5840475294e-9,3.60745078254e-9,7.37523930816e-10,4.65352451018e-10,6.6741473459e-10,1.59382188003e-10,8.02714145154e-11,5.39542299727e-11,2.40289212139e-11,1.3108370292e-11,2.51693024061e-11,1.92088428497e-11,4.38885386367e-11,8.27219612254e-11,2.93804564011e-11,1.79684305629e-11,8.70251787299e-12,2.66607361188e-11,2.8409880351e-11,7.20383995512e-12,3.98558660034e-12],"dvar2":[0.0000012369698652,0.0000083148597696,0.0000047021753744,0.00000217652996071,3.48575696307e-7,1.94071816395e-7,5.70633744701e-7,9.03774946437e-7,5.46346825558e-7,1.56241185323e-7,4.32675122397e-8,2.70634359367e-8,5.14960802889e-8,2.74236331421e-8,4.91038409933e-9,8.80257999825e-9,1.71680856198e-8,2.22738094635e-8,2.30962537984e-8,1.63196087755e-8,9.11021391659e-9,1.92008786648e-9,1.20967735828e-9,1.75780778822e-9,4.15503659257e-10,2.2231946839e-10,1.44378550782e-10,6.40033442911e-11,3.34289609882e-11,5.63569572953e-11,4.20718564154e-11,9.61209445371e-11,1.93792856762e-10,6.16405260168e-11,3.76858891316e-11,1.64247712653e-11,5.3941975886e-11,5.67494211345e-11,1.32787877916e-11,7.50987466658e-12],"max":[0.0103251598775,0.0225715711713,0.014743055217,0.0127141410485,0.00897537264973,0.00622457871214,0.0104127209634,0.0107127940282,0.0089803552255,0.00640355190262,0.00399872940034,0.00354128982872,0.00483342586085,0.00275318836793,0.00152389798313,0.00254141562618,0.00233613490127,0.0024820882827,0.00380123895593,0.00318677397445,0.00274027464911,0.000735801178962,0.000637871562503,0.000791729253251,0.000302722735796,0.000139444528031,0.000201529779588,0.0000742093543522,0.000165210323757,0.000270391843515,0.000168025289895,0.000316813529935,0.000574072182644,0.00018598481256,0.00014734925935,0.0000991665147012,0.000254030193901,0.000200764625333,0.0000910293092602,0.000114585316624],"mean":[0.000982207013294,0.00228688004427,0.0012136362493,0.000840207969304,0.000405954109738,0.000270559074124,0.000400419288781,0.000459945353214,0.000277907587588,0.00012432281801,0.0000717437796993,0.0000502859074913,0.0000589997471252,0.0000526614094269,0.000030080698707,0.0000288217197522,0.0000485046366521,0.0000535487888556,0.0000535127837793,0.0000590100935369,0.0000515040374012,0.0000318230850098,0.0000224133855227,0.0000246013205469,0.0000177772162715,0.0000139779540405,0.0000106675242932,0.00000725029849491,0.00000424760901296,0.0000052554546528,0.00000400649651056,0.00000335724348588,0.00000278840775536,0.00000237142671722,0.00000223619031203,0.00000171823171513,0.00000163089896432,0.00000149776099079,0.00000120591982977,0.0000010035860214],"median":[0.000608805683441,0.0015505538322,0.000744940247387,0.000451352301752,0.000213753024582,0.000144860168803,0.000166947313119,0.000108057705802,0.0000426283513661,0.0000252675999945,0.0000217249034904,0.0000177419569809,0.0000189706261153,0.0000194036419998,0.000012386401977,0.0000107563464553,0.0000173336666194,0.0000146402289829,0.0000159397059178,0.0000236536761804,0.00002333514567,0.0000138262676046,0.00000917196575756,0.00000931796057557,0.00000730822921469,0.00000687438659952,0.00000506650940224,0.00000373911689167,0.00000252614427154,0.00000303937213175,0.0000021461041797,0.00000133622711473,8.87038368091e-7,8.25002871352e-7,7.66110019867e-7,5.69271946915e-7,5.14069711244e-7,4.48569778655e-7,4.03673112714e-7,2.97348435652e-7],"min":[1.78504273937e-24,1.70928112968e-24,2.74502414102e-24,2.01332074433e-24,2.05323395069e-24,1.93639517037e-24,1.68608151932e-24,1.6645700713e-24,3.79194748074e-24,3.0212039495e-24,1.86246884558e-24,1.99707928158e-24,2.5591588482e-24,3.32989547691e-24,4.45636202829e-24,2.61257991706e-24,4.65407699798e-24,4.0261058521e-24,3.64754451989e-24,5.63370261389e-24,3.30702068002e-24,4.22319998826e-24,4.39646736963e-24,4.79243649544e-24,4.90231535321e-24,5.31632099475e-24,4.45424078132e-24,3.39215474613e-24,4.86589443407e-24,5.27224299724e-24,5.58006914423e-24,3.93404144573e-24,5.80712697858e-24,5.64069507695e-24,6.62834695813e-24,6.49238559783e-24,6.31082571062e-24,7.01791723871e-24,5.87104482786e-24,5.00872322299e-24],"var":[0.00000148024969349,0.00000645399541099,0.00000225174949264,0.00000139111807584,3.70862579757e-7,1.58697062602e-7,5.97665973601e-7,8.82339293184e-7,5.17672049227e-7,1.77699064352e-7,4.95221570418e-8,2.33386803217e-8,4.02081639095e-8,1.8478383268e-8,4.96510477177e-9,8.52629522541e-9,1.37644979858e-8,1.99271212864e-8,2.36813590959e-8,1.72280074651e-8,1.13410330016e-8,1.8826427084e-9,1.28908117514e-9,1.80809223149e-9,5.14599030055e-10,2.71056344037e-10,1.71495775914e-10,7.61757532053e-11,3.40395836518e-11,6.47660397535e-11,4.66758819095e-11,8.25875756671e-11,1.13621764775e-10,5.64472531217e-11,3.60397892085e-11,2.03609212823e-11,4.96245683435e-11,5.17721525373e-11,1.67433289455e-11,1.04081023314e-11]},"melbands_crest":{"dmean":2.58204030991,"dmean2":4.22283792496,"dvar":6.27710437775,"dvar2":16.8845863342,"max":34.2282066345,"mean":13.7659835815,"median":13.2238082886,"min":1.68103766441,"var":25.6205196381},"melbands_flatness_db":{"dmean":0.0207635983825,"dmean2":0.0311261396855,"dvar":0.000554586295038,"dvar2":0.00122042687144,"max":0.628190338612,"mean":0.224592193961,"median":0.189509212971,"min":0.00319155398756,"var":0.0111342938617},"melbands_kurtosis":{"dmean":6.26632452011,"dmean2":10.0415916443,"dvar":160.789474487,"dvar2":411.360992432,"max":290.737609863,"mean":12.7404823303,"median":6.27285003662,"min":-1.80799651146,"var":371.409729004},"melbands_skewness":{"dmean":0.667156100273,"dmean2":1.04637312889,"dvar":0.636907041073,"dvar2":1.57861626148,"max":13.2860622406,"mean":2.41952347755,"median":2.19901800156,"min":-2.29661822319,"var":3.08310556412},"melbands_spread":{"dmean":6.12901353836,"dmean2":9.41196918488,"dvar":82.374671936,"dvar2":169.876220703,"max":233.114883423,"mean":25.3512096405,"median":21.4194335938,"min":0.592383742332,"var":454.164916992},"mfcc":{"cov":[[17349.5566406,-1476.45251465,387.346954346,619.248413086,268.366363525,142.424636841,-228.682327271,357.681427002,62.4435157776,432.639373779,773.144897461,400.551849365,-195.207351685],[-1476.45251465,2071.87255859,429.32723999,-246.810546875,-32.6043624878,51.7964859009,54.9616317749,138.513168335,-0.345486670732,107.205551147,177.155670166,70.6759567261,186.885971069],[387.346954346,429.32723999,1283.02502441,-87.824798584,157.299285889,166.554748535,-69.2739334106,155.942108154,-31.3078384399,95.3909072876,177.06829834,65.2810287476,147.698059082],[619.248413086,-246.810546875,-87.824798584,405.35647583,49.4881019592,-27.8966197968,-21.9673633575,-45.7304077148,2.52288079262,-69.1898040771,-98.6790847778,-7.10525512695,-39.8968658447],[268.366363525,-32.6043624878,157.299285889,49.4881019592,196.751922607,40.3025894165,-28.8191986084,19.3802890778,7.33934402466,7.92512178421,-9.12324810028,-13.6403627396,17.7537460327],[142.424636841,51.7964859009,166.554748535,-27.8966197968,40.3025894165,188.353118896,55.7015762329,43.348400116,20.2697639465,44.6015472412,48.1712112427,24.2734889984,10.4473590851],[-228.682327271,54.9616317749,-69.2739334106,-21.9673633575,-28.8191986084,55.7015762329,144.396072388,48.685382843,30.6441230774,12.6629867554,14.5238695145,18.2026119232,-8.95219326019],[357.681427002,138.513168335,155.942108154,-45.7304077148,19.3802890778,43.348400116,48.685382843,170.745178223,49.7365837097,61.7914772034,97.335609436,42.8058891296,40.5407028198],[62.4435157776,-0.345486670732,-31.3078384399,2.52288079262,7.33934402466,20.2697639465,30.6441230774,49.7365837097,100.041412354,50.8480491638,31.8337478638,22.4041862488,5.32812786102],[432.639373779,107.205551147,95.3909072876,-69.1898040771,7.92512178421,44.6015472412,12.6629867554,61.7914772034,50.8480491638,141.747970581,134.933776855,48.0059738159,19.0333271027],[773.144897461,177.155670166,177.06829834,-98.6790847778,-9.12324810028,48.1712112427,14.5238695145,97.335609436,31.8337478638,134.933776855,245.52935791,103.639923096,37.9137535095],[400.551849365,70.6759567261,65.2810287476,-7.10525512695,-13.6403627396,24.2734889984,18.2026119232,42.8058891296,22.4041862488,48.0059738159,103.639923096,121.996124268,47.7800979614],[-195.207351685,186.885971069,147.698059082,-39.8968658447,17.7537460327,10.4473590851,-8.95219326019,40.5407028198,5.32812786102,19.0333271027,37.9137535095,47.7800979614,115.882545471]],"icov":[[0.000103383623355,0.0000692994362907,0.0000284828674921,-0.000189022495761,-0.0000856120168464,-0.0000526754520251,0.000253175647231,-0.000263699505012,0.000212463390199,-0.000141888987855,-0.000282404129393,-0.000203285046155,0.000280436885078],[0.0000692994362907,0.000685113016516,-0.000098520773463,0.0000237531148741,0.000129241350805,0.0000805541349109,-0.000205795120564,-0.000221021560719,0.000331132410793,-0.000262798101176,-0.000424229161581,0.000232809819863,-0.00074930395931],[0.0000284828674921,-0.000098520773463,0.00142877059989,-0.000105628423626,-0.000613903917838,-0.0011821242515,0.00119399884716,-0.00108447670937,0.0010854335269,-0.0000124834032249,-0.000623642059509,0.00026135504595,-0.000929853878915],[-0.000189022495761,0.0000237531148741,-0.000105628423626,0.00364944874309,-0.000821143330541,0.000377107877284,-0.0000756140434532,0.000506803684402,-0.00112738227472,0.00118255789857,0.00187991629355,-0.00165231514256,0.000866846705321],[-0.0000856120168464,0.000129241350805,-0.000613903917838,-0.000821143330541,0.00677644181997,-0.0014045938151,0.00130368233658,-0.000545575632714,-0.000733123044483,-0.000606269692071,0.000888619804755,0.0016530577559,-0.0013119049836],[-0.0000526754520251,0.0000805541349109,-0.0011821242515,0.000377107877284,-0.0014045938151,0.00805594120175,-0.00403109937906,0.000905260851141,-0.000311868381687,-0.00159450911451,0.000447882921435,-0.000657115597278,0.000679298362229],[0.000253175647231,-0.000205795120564,0.00119399884716,-0.0000756140434532,0.00130368233658,-0.00403109937906,0.0117041319609,-0.00436560949311,-0.000635605189018,0.000654264295008,0.000637683202513,-0.00226514507085,0.00245275208727],[-0.000263699505012,-0.000221021560719,-0.00108447670937,0.000506803684402,-0.000545575632714,0.000905260851141,-0.00436560949311,0.0116201946512,-0.00480300374329,0.00144499365706,-0.00317005277611,0.00201736064628,-0.00274271331728],[0.000212463390199,0.000331132410793,0.0010854335269,-0.00112738227472,-0.000733123044483,-0.000311868381687,-0.000635605189018,-0.00480300374329,0.0165050942451,-0.00788179691881,0.00296688033268,-0.0023689866066,0.000365683546988],[-0.000141888987855,-0.000262798101176,-0.0000124834032249,0.00118255789857,-0.000606269692071,-0.00159450911451,0.000654264295008,0.00144499365706,-0.00788179691881,0.0196760520339,-0.0101041896269,0.00274736550637,-0.000306771922624],[-0.000282404129393,-0.000424229161581,-0.000623642059509,0.00187991629355,0.000888619804755,0.000447882921435,0.000637683202513,-0.00317005277611,0.00296688033268,-0.0101041896269,0.0160084534436,-0.00846872292459,0.00240969983861],[-0.000203285046155,0.000232809819863,0.00026135504595,-0.00165231514256,0.0016530577559,-0.000657115597278,-0.00226514507085,0.00201736064628,-0.0023689866066,0.00274736550637,-0.00846872292459,0.0179983042181,-0.00768718402833],[0.000280436885078,-0.00074930395931,-0.000929853878915,0.000866846705321,-0.0013119049836,0.000679298362229,0.00245275208727,-0.00274271331728,0.000365683546988,-0.000306771922624,0.00240969983861,-0.00768718402833,0.0154973063618]],"mean":[-675.592163086,121.792739868,-0.826629817486,28.5456638336,12.9023246765,1.57245397568,-3.74482774734,-1.41289019585,-0.37927660346,-0.114604696631,-3.68216013908,-1.75591850281,1.95276212692]},"pitch_salience":{"dmean":0.0605439841747,"dmean2":0.0986556112766,"dvar":0.00339022628032,"dvar2":0.00899826921523,"max":0.913138926029,"mean":0.533676445484,"median":0.53585767746,"min":0.0772947445512,"var":0.0151713630185},"silence_rate_20dB":{"dmean":0,"dmean2":0,"dvar":0,"dvar2":0,"max":1,"mean":1,"median":1,"min":1,"var":0},"silence_rate_30dB":{"dmean":0,"dmean2":0,"dvar":0,"dvar2":0,"max":1,"mean":1,"median":1,"min":1,"var":0},"silence_rate_60dB":{"dmean":0.00442435313016,"dmean2":0.00884955748916,"dvar":0.00440477812663,"dvar2":0.00992553308606,"max":1,"mean":0.149067133665,"median":0,"min":0,"var":0.126846119761},"spectral_centroid":{"dmean":184.300888062,"dmean2":278.714904785,"dvar":67183.1015625,"dvar2":131699.09375,"max":11813.7587891,"mean":1410.17272949,"median":1403.98217773,"min":154.164993286,"var":943810.0625},"spectral_complexity":{"dmean":2.95989227295,"dmean2":4.64447879791,"dvar":11.2934761047,"dvar2":25.6315879822,"max":58,"mean":20.9965381622,"median":18,"min":0,"var":217.815719604},"spectral_contrast_coeffs":{"dmean":[0.0448021739721,0.0476146675646,0.0348888598382,0.029062949121,0.0193378813565,0.0161876752973],"dmean2":[0.0747913941741,0.0769465789199,0.0567736551166,0.0468238592148,0.031371768564,0.025712415576],"dvar":[0.00161559088156,0.00158489809837,0.000853061908856,0.000580301915761,0.000252440659096,0.000278936437098],"dvar2":[0.00441706273705,0.00400568032637,0.00220928690396,0.00143344688695,0.000641629099846,0.000655802665278],"max":[-0.245978161693,-0.323119401932,-0.461105704308,-0.541457653046,-0.56588280201,-0.549928069115],"mean":[-0.61975467205,-0.702990412712,-0.78453618288,-0.772392570972,-0.794839680195,-0.758851587772],"median":[-0.625606417656,-0.707963705063,-0.799534797668,-0.778491377831,-0.793792724609,-0.758911848068],"min":[-0.97788631916,-0.992390215397,-0.989993095398,-0.989169001579,-0.968099355698,-0.964526832104],"var":[0.00677477614954,0.00808947347105,0.0046127801761,0.00303461728618,0.00157123187091,0.0033479644917]},"spectral_contrast_valleys":{"dmean":[0.365125596523,0.313609600067,0.27533993125,0.246373817325,0.216029018164,0.208296969533],"dmean2":[0.605518162251,0.513568997383,0.45036008954,0.390374958515,0.319441884756,0.279411256313],"dvar":[0.123222023249,0.0928544104099,0.0739496797323,0.0737801119685,0.0859488844872,0.092810600996],"dvar2":[0.30032324791,0.209436520934,0.15908716619,0.141455188394,0.149811312556,0.140891373158],"max":[-5.50488948822,-4.90539073944,-5.77292251587,-5.93927669525,-5.74252176285,-6.93358659744],"mean":[-7.70072507858,-7.2119474411,-7.79616594315,-8.03640556335,-7.87531805038,-10.7476673126],"median":[-6.98568964005,-6.68490505219,-7.33804607391,-7.46405220032,-7.20432138443,-9.86832237244],"min":[-27.9722766876,-27.9424533844,-27.6900310516,-27.6503887177,-27.4492111206,-27.404088974],"var":[4.63010692596,3.6786916256,3.19202232361,3.45151758194,3.94999790192,4.96196556091]},"spectral_decrease":{"dmean":1.70691472068e-9,"dmean2":2.85717693949e-9,"dvar":5.08064754706e-18,"dvar2":1.41577123445e-17,"max":9.30779624145e-16,"mean":-6.64385080285e-9,"median":-6.88814516536e-9,"min":-2.36517063712e-8,"var":1.87089990412e-17},"spectral_energy":{"dmean":0.00668747909367,"dmean2":0.0111794089898,"dvar":0.0000756564695621,"dvar2":0.000211255202885,"max":0.0916420817375,"mean":0.0270525757223,"median":0.028027029708,"min":1.03013002208e-20,"var":0.000303685606923},"spectral_energyband_high":{"dmean":0.000279064668575,"dmean2":0.00038717436837,"dvar":0.0000010750806041,"dvar2":0.00000177400499979,"max":0.0341587103903,"mean":0.00088269187836,"median":0.00050583248958,"min":7.43900730872e-21,"var":0.00000327534098687},"spectral_energyband_low":{"dmean":0.00386846857145,"dmean2":0.00657232291996,"dvar":0.0000493082698085,"dvar2":0.000137769442517,"max":0.0748535096645,"mean":0.00980226695538,"median":0.00743261165917,"min":2.05898581165e-23,"var":0.000099665907328},"spectral_energyband_middle_high":{"dmean":0.00136431818828,"dmean2":0.00213359552436,"dvar":0.00000585695215705,"dvar2":0.0000146485645018,"max":0.0487840473652,"mean":0.00503703067079,"median":0.00319824111648,"min":1.16195460148e-21,"var":0.0000375261770387},"spectral_energyband_middle_low":{"dmean":0.00467127002776,"dmean2":0.00754985725507,"dvar":0.0000365081359632,"dvar2":0.0000974188878899,"max":0.0697620660067,"mean":0.0124592613429,"median":0.0101856067777,"min":2.1376320569e-22,"var":0.0001196305966},"spectral_entropy":{"dmean":0.143521696329,"dmean2":0.208771705627,"dvar":0.0368848741055,"dvar2":0.072361305356,"max":9.82129096985,"mean":7.3695731163,"median":7.63834190369,"min":4.79367208481,"var":0.53899782896},"spectral_flux":{"dmean":0.0174128822982,"dmean2":0.0278929956257,"dvar":0.000439452676801,"dvar2":0.00101051549427,"max":0.248536467552,"mean":0.0713777169585,"median":0.070627219975,"min":6.40027336685e-11,"var":0.00207082228735},"spectral_kurtosis":{"dmean":2.35194849968,"dmean2":3.81093788147,"dvar":16.6821479797,"dvar2":41.7227973938,"max":100.645561218,"mean":7.84169101715,"median":4.88432359695,"min":-1.24601769447,"var":83.9391326904},"spectral_rms":{"dmean":0.00057859759545,"dmean2":0.000954289163928,"dvar":4.74110322557e-7,"dvar2":0.00000130560863454,"max":0.00945552252233,"mean":0.00469000684097,"median":0.00522909592837,"min":3.1701811315e-12,"var":0.00000439658970208},"spectral_rolloff":{"dmean":359.476287842,"dmean2":588.82208252,"dvar":487776.3125,"dvar2":964050.875,"max":21727.0019531,"mean":1704.28942871,"median":1528.85742188,"min":86.1328125,"var":3974705.25},"spectral_skewness":{"dmean":0.257377564907,"dmean2":0.402418911457,"dvar":0.114289924502,"dvar2":0.2682749331,"max":7.92394733429,"mean":1.83938539028,"median":1.60662710667,"min":-0.0715537071228,"var":1.08058023453},"spectral_spread":{"dmean":411980.5,"dmean2":581832.4375,"dvar":378033766400,"dvar2":636391718912,"max":42217812,"mean":4343375.5,"median":4322808.5,"min":839520.5625,"var":7730234916860},"spectral_strongpeak":{"dmean":0.568117499352,"dmean2":0.980999112129,"dvar":1.18053865433,"dvar2":3.25511908531,"max":17.3926486969,"mean":0.966099500656,"median":0.49456936121,"min":1.28435276303e-10,"var":1.63520908356},"zerocrossingrate":{"dmean":0.00836347788572,"dmean2":0.00984274689108,"dvar":0.000131322507514,"dvar2":0.000138028088259,"max":0.89013671875,"mean":0.0659803301096,"median":0.064453125,"min":0.0029296875,"var":0.00292968051508}},"metadata":{"audio_properties":{"analysis_sample_rate":44100,"bit_rate":0,"codec":"flac","downmix":"mix","equal_loudness":0,"length":241.399993896,"lossless":true,"md5_encoded":"b0565abdc46bbe2321bb2d1f74802807","replay_gain":-14.7846832275},"tags":{"album":["Showbiz"],"albumartist":["Muse"],"albumartistsort":["Muse"],"artist":["Muse"],"artistsort":["Muse"],"barcode":["5050466888624"],"date":["2003"],"discnumber":["1"],"disctotal":["1"],"engineer":["Mark Thomas","Boris Aldridge"],"file_name":"03. Fillip.flac","musicbrainz_albumartistid":["9c9f1380-2516-4fc9-a3e6-f9f61941d090"],"musicbrainz_albumid":["5a828a1b-f59f-49b2-abf0-3a55241610f6"],"musicbrainz_artistid":["9c9f1380-2516-4fc9-a3e6-f9f61941d090"],"musicbrainz_recordingid":["8d5b40df-d9a8-4352-a93b-2d666c867222"],"originaldate":["1999"],"producer":["Dennis Smith","Safta Jaffery"],"title":["Fillip"],"totaldiscs":["1"],"totaltracks":["12"],"tracknumber":["3"],"tracktotal":["12"]},"version":{"essentia":"2.1-beta1","essentia_build_sha":"50a0fbec89d6a9cedea3d45b6611406f7e8c7b1a","essentia_git_sha":"v2.1_beta1-7-ge0e83e8-dirty","extractor":"music 1.0"}},"rhythm":{"beats_count":511,"beats_loudness":{"dmean":0.00976583082229,"dmean2":0.0173155646771,"dvar":0.0000840576394694,"dvar2":0.00023446783598,"max":0.0754065290093,"mean":0.0280627105385,"median":0.0290449373424,"min":1.68095171116e-9,"var":0.000282576831523},"beats_loudness_band_ratio":{"dmean":[0.190866783261,0.106487371027,0.121709875762,0.0531542859972,0.0737701952457,0.0439505800605],"dmean2":[0.32289609313,0.186460837722,0.208059310913,0.0900411307812,0.125629216433,0.0760773271322],"dvar":[0.028423782438,0.0106691336259,0.0176740810275,0.00570546323434,0.0103552034125,0.00632572546601],"dvar2":[0.0715271383524,0.0285659693182,0.0485037900507,0.015012784861,0.0244852490723,0.0153869716451],"max":[0.967237591743,0.757873356342,0.880803227425,0.573899269104,0.868323504925,0.994005322456],"mean":[0.442298978567,0.17