{"lowlevel":{"average_loudness":0.949720084667,"barkbands":{"dmean":[0.00238776137121,0.00772163271904,0.002777680289,0.00292093097232,0.00260922149755,0.00171649688855,0.0013019409962,0.000497388711665,0.00130102504045,0.00137594249099,0.000762013602071,0.000735999899916,0.00056429032702,0.000675832852721,0.000760860741138,0.000631467904896,0.000256703613559,0.000182206669706,0.00020915553614,0.000127854247694,0.0000937291915761,0.0000571159616811,0.0000413323796238,0.0000133664461828,0.00000253643884207,0.0000378567165171,0.000310894392896],"dmean2":[0.0039725182578,0.0131858997047,0.00466823251918,0.00487256236374,0.00429117819294,0.00277186557651,0.00214907806367,0.000818230560981,0.00215777778067,0.00230624363758,0.00127215357497,0.00122811389156,0.000947824853938,0.00113205960952,0.00126496038865,0.00105195888318,0.000415503804106,0.000289765099296,0.000320944003761,0.000188930542208,0.000128870859044,0.000081299978774,0.0000556248451176,0.0000189255060832,0.00000427542227044,0.0000493573679705,0.000416832277551],"dvar":[0.0000257617411989,0.000133257984999,0.0000175526238309,0.0000163707372849,0.000012983774468,0.0000113594005597,0.00000392315041609,8.63545665197e-7,0.00000401554007112,0.00000317562125929,0.0000011651928844,7.75523403718e-7,4.48131345365e-7,6.54881603168e-7,9.03934335383e-7,5.2695395425e-7,1.31966601202e-7,7.31325826564e-8,1.02032849725e-7,6.02151786211e-8,3.15533874584e-8,8.32602342626e-9,5.683365778e-9,6.75971612019e-10,1.61057365361e-11,5.59505197728e-9,1.88156917602e-7],"dvar2":[0.0000642569211777,0.000366580439731,0.0000472836036352,0.0000432074884884,0.0000310516406898,0.0000256667608483,0.0000101627456388,0.00000203910099117,0.00000999525309453,0.00000832456407807,0.00000283827193925,0.00000203211516236,0.00000117690217394,0.00000174795616203,0.00000226899055633,0.00000139424901135,3.32485882382e-7,1.78345061386e-7,2.36366929585e-7,1.24985689354e-7,5.62840298812e-8,1.72456022796e-8,1.08377884445e-8,1.26239108056e-9,4.10211309365e-11,9.97857707574e-9,3.1832362879e-7],"max":[0.0651608705521,0.135560676455,0.0568055287004,0.0716050043702,0.063870370388,0.0817675590515,0.075516924262,0.0257641039789,0.0348068103194,0.0261867940426,0.0201579537243,0.0196443405002,0.0117489807308,0.0159984771162,0.022095259279,0.0111633054912,0.00633845059201,0.00490818172693,0.00917390082031,0.00729214120656,0.00816887430847,0.0022253440693,0.0018739241641,0.000549155927729,0.000049568941904,0.00143118132837,0.0106422640383],"mean":[0.002130480716,0.0108712324873,0.00381073402241,0.00449553597718,0.00472787534818,0.0027166728396,0.00213181925938,0.000743472366594,0.00213913992047,0.00211309944279,0.00116981600877,0.00131105084438,0.00103164906614,0.00129064300563,0.00152941315901,0.00132357259281,0.000501189031638,0.000374343595468,0.000459931412479,0.000280334235867,0.000208004537853,0.000122150479001,0.0000847147748573,0.0000238881220866,0.00000244195075538,0.0000784226795076,0.00112759356853],"median":[0.000592330237851,0.00666695088148,0.00168397743255,0.00214965874329,0.00296403793618,0.00153289479204,0.0013535823673,0.000414208014263,0.00126942573115,0.00149787007831,0.000795108440798,0.00104291387834,0.000806408352219,0.00103256502189,0.0012659158092,0.00113949668594,0.000331025308697,0.000225966810831,0.000280213833321,0.000152448992594,0.000140412303153,0.0000808056138339,0.0000558442334295,0.0000150268206198,9.37451204663e-7,0.0000512766782776,0.000731402891688],"min":[9.54803774721e-26,1.68309291978e-24,8.92485673731e-25,4.35754290181e-25,8.68236010618e-24,7.22265030944e-24,1.24364284584e-23,4.19186958855e-24,1.43514656142e-23,1.44205919176e-23,1.0242816118e-23,2.30108327916e-23,2.24055666403e-23,3.65711182495e-23,3.50836074167e-23,4.95915641019e-23,6.85379015198e-23,1.01073623897e-22,1.32559101041e-22,1.35808539016e-22,2.07352442347e-22,3.4256084123e-22,3.76105958467e-22,5.20185836603e-22,8.82279504935e-22,1.21492233248e-21,1.92261836153e-21],"var":[0.0000222881662921,0.000169275939697,0.0000334161122737,0.0000387460895581,0.0000326039189531,0.0000226570682571,0.00000708698962626,0.00000140057034059,0.00000728038367015,0.00000469150336357,0.00000188146657365,0.00000131615547616,8.03729221843e-7,0.00000122341918996,0.00000169025668129,9.59674594014e-7,2.65001858679e-7,1.87598914181e-7,2.90701393624e-7,1.68034105741e-7,8.32213160606e-8,2.11212842771e-8,1.18987939501e-8,1.22692545013e-9,1.65898145915e-11,1.17947189793e-8,0.00000142655278523]},"barkbands_crest":{"dmean":2.51482439041,"dmean2":4.18265962601,"dvar":5.30974197388,"dvar2":14.056347847,"max":22.5643444061,"mean":7.89653682709,"median":7.10005950928,"min":2.11753702164,"var":12.2917852402},"barkbands_flatness_db":{"dmean":0.0194359980524,"dmean2":0.0299592968076,"dvar":0.000306226429529,"dvar2":0.000731141655706,"max":0.339351147413,"mean":0.0993953496218,"median":0.093828573823,"min":0.0123903322965,"var":0.00127269385848},"barkbands_kurtosis":{"dmean":1.93849265575,"dmean2":3.06489014626,"dvar":10.1862850189,"dvar2":22.6277389526,"max":92.7465591431,"mean":2.97192072868,"median":1.43851184845,"min":-1.57496535778,"var":28.2618732452},"barkbands_skewness":{"dmean":0.438450276852,"dmean2":0.696655631065,"dvar":0.193297505379,"dvar2":0.467701822519,"max":8.12994670868,"mean":1.3805860281,"median":1.19507646561,"min":-2.26076579094,"var":0.87908166647},"barkbands_spread":{"dmean":6.38605356216,"dmean2":9.4950428009,"dvar":34.3590888977,"dvar2":72.768989563,"max":91.4841003418,"mean":31.9852848053,"median":29.4890613556,"min":1.32898020744,"var":196.178543091},"dissonance":{"dmean":0.0130580468103,"dmean2":0.0225267577916,"dvar":0.000172588086571,"dvar2":0.000486899953103,"max":0.500000119209,"mean":0.480223894119,"median":0.484286785126,"min":0.273553431034,"var":0.00025172077585},"dynamic_complexity":1.87497651577,"erbbands":{"dmean":[0.29475274682,1.56591260433,3.17736315727,5.83986473083,10.9059410095,8.40605735779,7.24317312241,18.2237968445,20.1583652496,13.4442195892,11.4122867584,28.9012832642,38.4133300781,30.8159751892,36.1183280945,25.8803157806,25.5698051453,33.5696640015,31.0540714264,40.2087516785,29.6673660278,14.1188058853,10.4370422363,10.3869218826,9.23336029053,6.19474744797,4.34720134735,3.3164730072,2.34547996521,1.54304015636,1.09878158569,0.486975878477,0.117898881435,0.0301255658269,0.0180759299546,0.0219165757298,0.0813581570983,0.0702067837119,0.0333489589393,0.00646377727389],"dmean2":[0.512088119984,2.64622879028,5.3073964119,9.76552391052,17.5243930817,14.2599515915,11.9904327393,29.450969696,33.010559082,22.0528869629,18.7272758484,48.0743522644,64.2977828979,51.0199928284,60.2985496521,43.0207939148,42.7844734192,56.4531898499,51.8118400574,66.8767852783,49.171672821,22.564163208,16.4946365356,16.1899394989,13.9213352203,9.1779499054,6.1163611412,4.65940189362,3.41419649124,2.12157678604,1.47878408432,0.667563199997,0.171626806259,0.0500324480236,0.030347969383,0.032436825335,0.106995843351,0.0873088389635,0.0417991057038,0.00900640431792],"dvar":[0.291446596384,4.71342420578,22.1609554291,61.0816688538,306.342987061,114.282966614,119.590644836,1479.86376953,1103.42492676,499.882049561,408.030059814,2284.09594727,2349.25341797,2123.60498047,2291.45874023,954.34979248,968.468933105,1790.43212891,1371.88098145,2724.67089844,1206.20141602,413.800842285,241.701660156,258.999298096,205.3828125,146.774749756,75.9859313965,35.0626716614,14.5643262863,6.49530029297,4.03527593613,0.854715406895,0.0579181797802,0.00210568564944,0.000800956389867,0.00168229744304,0.0278944764286,0.0133834360167,0.00231613125652,0.0000894983240869],"dvar2":[0.81389850378,12.6370477676,60.56798172,162.142333984,677.047058105,311.075744629,297.257873535,3342.72827148,2757.03662109,1211.9822998,1013.58215332,5847.81689453,6219.88134766,5262.18847656,5786.12304688,2522.41943359,2550.16650391,4735.62890625,3531.70410156,6937.64306641,3301.9453125,1040.10839844,589.192932129,612.928588867,470.233917236,309.96206665,130.950180054,67.5078582764,31.2980690002,12.6552066803,7.68734025955,1.57448554039,0.110675372183,0.0053108013235,0.00203893776052,0.00329679320566,0.0496916696429,0.0228849872947,0.00379797699861,0.000159514660481],"max":[5.63430309296,27.3091182709,55.4089279175,114.768264771,375.489349365,152.099182129,264.727050781,968.003662109,1376.41052246,476.618835449,615.681396484,876.654296875,814.47467041,924.071960449,1007.34527588,806.199035645,598.788269043,925.932373047,713.871887207,1782.41125488,605.52935791,344.033843994,303.863525391,322.986938477,407.382202148,342.63949585,502.961212158,177.108596802,94.9067840576,58.9428215027,42.9394645691,18.0702934265,5.79173278809,0.562062382698,0.353723526001,0.814496994019,3.16454863548,2.31368780136,1.2535725832,0.234847977757],"mean":[0.341609716415,2.31682801247,4.65247297287,9.51960372925,19.6214847565,13.5569581985,11.9791603088,28.2673587799,32.522644043,22.1516132355,19.0760688782,46.6875076294,65.3349838257,51.4516220093,61.4698257446,49.7616767883,49.785533905,66.5133209229,66.5231399536,85.1376571655,63.8544502258,30.204454422,22.1123485565,22.5120887756,20.3756427765,13.5858535767,9.56482315063,7.26071214676,4.84359169006,3.26323699951,2.22427201271,0.943237066269,0.184250473976,0.0328194126487,0.0184061788023,0.0345154926181,0.167649760842,0.170257136226,0.0998809933662,0.0241254232824],"median":[0.190153002739,1.35849523544,2.27818155289,5.25959825516,8.77788543701,9.10785484314,8.46542549133,14.9271354675,20.058801651,12.4717512131,12.2356414795,27.0243186951,47.6278610229,37.5565948486,45.6584625244,40.6109237671,40.0896987915,52.756690979,56.5258483887,71.9984893799,54.9539413452,20.6338787079,13.4686164856,13.5029373169,12.0586795807,7.43104887009,6.13457393646,4.9199757576,3.21830630302,2.14783668518,1.4596414566,0.616296291351,0.105309888721,0.0160911679268,0.00798902101815,0.0212901588529,0.108032375574,0.118563778698,0.0619860328734,0.0150166032836],"min":[1.10632819465e-22,2.64361501458e-22,1.03912070389e-21,3.03067768304e-21,1.27750145388e-20,3.29234912084e-20,3.86651133989e-20,5.53585519696e-20,1.13285292946e-19,1.86045753987e-19,2.11552113745e-19,4.39268629128e-19,5.9045222289e-19,7.72558826478e-19,8.80517632041e-19,1.11604893626e-18,1.25604377486e-18,2.12480096655e-18,1.85637796264e-18,3.33964597703e-18,3.07409018792e-18,4.51692602755e-18,5.12361792552e-18,6.68602230911e-18,5.95276309203e-18,6.61015619846e-18,7.42502877709e-18,9.13690966045e-18,1.16045962228e-17,1.04170535493e-17,1.08168489645e-17,1.11918148992e-17,8.71017628142e-18,8.84157144018e-18,6.30771084237e-18,4.20153405411e-18,2.24519152123e-18,9.34036321071e-19,2.37408978362e-19,2.68486024729e-20],"var":[0.239276379347,8.06003665924,40.9348297119,135.369216919,956.038513184,204.854598999,197.541320801,2879.12939453,1932.21362305,970.070373535,627.063598633,3838.24511719,3974.70605469,3216.26513672,3841.87158203,1646.94165039,1775.88500977,3308.51977539,2705.0222168,4821.27636719,2207.26806641,880.822570801,620.758605957,712.42565918,597.387695312,400.122497559,201.831130981,90.8683929443,34.0747489929,15.7754993439,8.41782855988,1.6672617197,0.0952478051186,0.00231732311659,0.000836384075228,0.00274859671481,0.0567389652133,0.040708757937,0.0139101501554,0.000684906670358]},"erbbands_crest":{"dmean":1.78491425514,"dmean2":2.97880148888,"dvar":3.27858233452,"dvar2":8.21410942078,"max":26.5499248505,"mean":6.36698913574,"median":5.78911161423,"min":2.43986463547,"var":6.2312836647},"erbbands_flatness_db":{"dmean":0.0163043718785,"dmean2":0.0240197069943,"dvar":0.000197937886696,"dvar2":0.00043268079753,"max":0.276672780514,"mean":0.135827317834,"median":0.132468223572,"min":0.0553586259484,"var":0.000966189254541},"erbbands_kurtosis":{"dmean":0.562860071659,"dmean2":0.915663897991,"dvar":0.300306260586,"dvar2":0.765304148197,"max":13.25573349,"mean":0.133816897869,"median":0.0422290638089,"min":-1.5867433548,"var":0.629982233047},"erbbands_skewness":{"dmean":0.277406841516,"dmean2":0.438699424267,"dvar":0.052859287709,"dvar2":0.129711583257,"max":2.56298589706,"mean":-0.12900917232,"median":-0.153360188007,"min":-2.1950044632,"var":0.223324671388},"erbbands_spread":{"dmean":5.34999227524,"dmean2":8.3009147644,"dvar":23.3284339905,"dvar2":54.1926727295,"max":95.5188522339,"mean":30.0984477997,"median":28.0522727966,"min":6.48462963104,"var":115.103218079},"gfcc":{"cov":[[23752.2636719,1210.61877441,-1562.79125977,185.869293213,-74.0071411133,-366.02822876,147.873825073,-538.36505127,46.9760818481,-260.411437988,-199.805740356,92.9242401123,-252.317596436],[1210.61877441,791.321350098,-116.921539307,-186.761352539,88.9772415161,-8.8851184845,-19.5030975342,-22.5639038086,26.5304412842,-14.2025289536,12.144068718,-49.5011138916,63.4685211182],[-1562.79125977,-116.921539307,382.832214355,123.918670654,-14.6992111206,106.362426758,-46.4662208557,59.5015792847,-37.5193328857,14.334145546,3.94542121887,17.5339946747,10.9251451492],[185.869293213,-186.761352539,123.918670654,256.624481201,68.7696990967,-24.7517051697,62.1337776184,-26.8237991333,-19.8419628143,-28.4026947021,0.390024453402,28.4224338531,-39.8778495789],[-74.0071411133,88.9772415161,-14.6992111206,68.7696990967,176.614196777,-29.1531467438,70.4518356323,-18.9179496765,-10.2060432434,-28.5589599609,20.342672348,-28.5639476776,14.8773984909],[-366.02822876,-8.8851184845,106.362426758,-24.7517051697,-29.1531467438,177.667861938,-49.8165206909,52.5448074341,-12.8347034454,20.9838657379,-17.3746471405,10.7570075989,8.70237922668],[147.873825073,-19.5030975342,-46.4662208557,62.1337776184,70.4518356323,-49.8165206909,131.277755737,-17.4583721161,38.4275932312,-12.7935276031,15.3124265671,12.3565216064,-20.0984745026],[-538.36505127,-22.5639038086,59.5015792847,-26.8237991333,-18.9179496765,52.5448074341,-17.4583721161,109.342529297,12.68891716,46.4459762573,24.1024341583,-6.49397993088,35.4972648621],[46.9760818481,26.5304412842,-37.5193328857,-19.8419628143,-10.2060432434,-12.8347034454,38.4275932312,12.68891716,89.5626983643,39.1256446838,18.0858325958,23.8333530426,-14.1487569809],[-260.411437988,-14.2025289536,14.334145546,-28.4026947021,-28.5589599609,20.9838657379,-12.7935276031,46.4459762573,39.1256446838,74.2188949585,38.7985458374,14.4278106689,18.845249176],[-199.805740356,12.144068718,3.94542121887,0.390024453402,20.342672348,-17.3746471405,15.3124265671,24.1024341583,18.0858325958,38.7985458374,60.3533325195,20.7108459473,23.787115097],[92.9242401123,-49.5011138916,17.5339946747,28.4224338531,-28.5639476776,10.7570075989,12.3565216064,-6.49397993088,23.8333530426,14.4278106689,20.7108459473,66.7479324341,2.37637734413],[-252.317596436,63.4685211182,10.9251451492,-39.8778495789,14.8773984909,8.70237922668,-20.0984745026,35.4972648621,-14.1487569809,18.845249176,23.787115097,2.37637734413,70.7963638306]],"icov":[[0.000112971494673,-0.000333884381689,0.00072075863136,-0.000803810195066,0.000498418696225,-0.000202000315767,0.000068925866799,0.0000241315592575,0.000188951424207,-0.0000252907229878,0.000116373150377,-0.00011728816753,0.0000748515376472],[-0.000333884381689,0.00316683389246,-0.00225439574569,0.00372147210874,-0.00253515248187,-0.0000559118670935,0.000708123901859,0.00149633397814,-0.00330299744383,0.0024673147127,-0.00195764191449,0.00209577078931,-0.00232398835942],[0.00072075863136,-0.00225439574569,0.00971415452659,-0.00931925140321,0.00500061316416,-0.00434456486255,0.00209849863313,-0.00105341617018,0.000707470462658,0.00153199606575,-0.00188823114149,0.00113595323637,-0.00122153107077],[-0.000803810195066,0.00372147210874,-0.00931925140321,0.0181691031903,-0.0119455801323,0.0066276313737,-0.00242798030376,-0.0026035902556,0.00541521282867,-0.00497522670776,0.00660202465951,-0.010596755892,0.00832710135728],[0.000498418696225,-0.00253515248187,0.00500061316416,-0.0119455801323,0.0214478895068,-0.00796524621546,-0.00576938362792,0.00698878616095,-0.00590115459636,0.0120431184769,-0.016730889678,0.0185139775276,-0.0115064000711],[-0.000202000315767,-0.0000559118670935,-0.00434456486255,0.0066276313737,-0.00796524621546,0.0138829797506,0.0015164403012,-0.00799486320466,0.00765263894573,-0.0102712167427,0.0149538526312,-0.0135769052431,0.00783509202302],[0.000068925866799,0.000708123901859,0.00209849863313,-0.00242798030376,-0.00576938362792,0.0015164403012,0.0170068889856,-0.00253721419722,-0.00850353762507,0.0067523107864,-0.00278953113593,-0.00284628733061,0.00258159218356],[0.0000241315592575,0.00149633397814,-0.00105341617018,-0.0026035902556,0.00698878616095,-0.00799486320466,-0.00253721419722,0.0228862892836,-0.00841134414077,0.000374055933207,-0.0111605720595,0.0163145009428,-0.0138191338629],[0.000188951424207,-0.00330299744383,0.000707470462658,0.00541521282867,-0.00590115459636,0.00765263894573,-0.00850353762507,-0.00841134414077,0.0354559421539,-0.0271699186414,0.0180990882218,-0.0212377794087,0.0176283698529],[-0.0000252907229878,0.0024673147127,0.00153199606575,-0.00497522670776,0.0120431184769,-0.0102712167427,0.0067523107864,0.000374055933207,-0.0271699186414,0.0534462854266,-0.0374249443412,0.0193867273629,-0.0126127619296],[0.000116373150377,-0.00195764191449,-0.00188823114149,0.00660202465951,-0.016730889678,0.0149538526312,-0.00278953113593,-0.0111605720595,0.0180990882218,-0.0374249443412,0.0588391833007,-0.0309654958546,0.00751071237028],[-0.00011728816753,0.00209577078931,0.00113595323637,-0.010596755892,0.0185139775276,-0.0135769052431,-0.00284628733061,0.0163145009428,-0.0212377794087,0.0193867273629,-0.0309654958546,0.0468590892851,-0.0202245023102],[0.0000748515376472,-0.00232398835942,-0.00122153107077,0.00832710135728,-0.0115064000711,0.00783509202302,0.00258159218356,-0.0138191338629,0.0176283698529,-0.0126127619296,0.00751071237028,-0.0202245023102,0.0355066359043]],"mean":[38.411693573,87.8808441162,-103.952194214,-1.34610116482,-9.37875747681,-15.7322683334,2.04784679413,-24.4084625244,3.74063158035,-10.9340696335,-11.356959343,2.29338359833,-11.086022377]},"hfc":{"dmean":23.0786094666,"dmean2":34.7231941223,"dvar":1158.32055664,"dvar2":2707.62768555,"max":610.160827637,"mean":91.5952072144,"median":73.4875335693,"min":1.08218524145e-16,"var":4439.72753906},"melbands":{"dmean":[0.00239252834581,0.00172081892379,0.00117085163947,0.000647862732876,0.000268737319857,0.000384612561902,0.000283970352029,0.000135026319185,0.000105716964754,0.000197640008992,0.000202752475161,0.000143465746078,0.000116424525913,0.000092913993285,0.0000586198766541,0.000058589863329,0.0000684346887283,0.0000525738141732,0.0000589502888033,0.0000510701611347,0.0000346771557815,0.0000167777125171,0.0000109267975859,0.00000923273546505,0.00000931146132643,0.00000876437752595,0.0000054468464441,0.00000426642191087,0.00000295568997899,0.00000249849426837,0.00000188580338545,0.00000160546699135,9.33278158755e-7,9.20187460451e-7,7.30879548883e-7,4.43618745294e-7,2.68629747779e-7,9.7787314246e-8,3.1876165707e-8,2.33301236108e-8],"dmean2":[0.0040927012451,0.00285888416693,0.00192260451149,0.00105717545375,0.000451048836112,0.00061994016869,0.000467113801278,0.000220465182792,0.000174264510861,0.00032884333632,0.000339622085448,0.000238664826611,0.000193843312445,0.000155678542797,0.0000986898230622,0.0000979665273917,0.000115673785331,0.0000886516645551,0.0000981773700914,0.0000848484123708,0.000057998142438,0.0000273884525086,0.0000174993001565,0.0000148392136907,0.0000148822964547,0.0000137438028105,0.00000828693282529,0.00000651709478916,0.00000431413582191,0.00000365711798622,0.0000027573855732,0.00000244562352236,0.00000135173161198,0.00000131982699259,0.00000101924047158,6.21609160589e-7,3.86514955153e-7,1.45029886767e-7,5.24874721464e-8,3.93443038149e-8],"dvar":[0.0000157581816893,0.00000553418067284,0.00000239883229369,8.38797461711e-7,1.29107633029e-7,5.96487495841e-7,2.02765477297e-7,5.29832249185e-8,3.4712492436e-8,1.03286986075e-7,6.55139302808e-8,4.34918092651e-8,2.50674894176e-8,1.25735857281e-8,5.40090017154e-9,5.07132869032e-9,7.62364038565e-9,3.93098753548e-9,6.03698069312e-9,3.7909626549e-9,1.69635883118e-9,6.45218434236e-10,2.68870703479e-10,1.99519331612e-10,2.19603973894e-10,2.02400055049e-10,8.35203642358e-11,7.81990999732e-11,3.81090436985e-11,2.47370821743e-11,1.02801907612e-11,7.2754879378e-12,2.18794752281e-12,2.59055060389e-12,1.82816847598e-12,6.4129815824e-13,2.68973780965e-13,4.43478228045e-14,2.51383878042e-15,1.3683253986e-15],"dvar2":[0.0000434977009718,0.0000149358766066,0.00000603485295869,0.00000197215058506,3.30794563297e-7,0.00000134805111429,5.15839133186e-7,1.26086902696e-7,8.72169678701e-8,2.61995381834e-7,1.73212654886e-7,1.08814212751e-7,6.27792502428e-8,3.28566436281e-8,1.44795073709e-8,1.34013644626e-8,2.0204026896e-8,1.02596686702e-8,1.49080090495e-8,9.82574199782e-9,4.72967665033e-9,1.66549529723e-9,6.78820666344e-10,4.90592566571e-10,5.4258264548e-10,5.00099406331e-10,1.90433391278e-10,1.71447439579e-10,6.84208245616e-11,4.90791365881e-11,2.12060109056e-11,1.70330537869e-11,4.61360203513e-12,5.39998558022e-12,3.66680514077e-12,1.21295367413e-12,5.22252542861e-13,8.72121656576e-14,6.06811438798e-15,3.48605875036e-15],"max":[0.0448137819767,0.0317430011928,0.0281607322395,0.0158879049122,0.0071915872395,0.0191000308841,0.0180715899915,0.00601363228634,0.00564801739529,0.005597257521,0.00393076846376,0.0039060714189,0.00306853163056,0.00263324566185,0.00153391144704,0.00143111613579,0.00205193390138,0.00122629886027,0.0022180324886,0.00174997968134,0.000698609335814,0.000484182790387,0.000267338356934,0.000272003904684,0.00029960332904,0.00046596568427,0.000200062306249,0.000291963602649,0.000387164298445,0.000172048123204,0.0000772004059399,0.0000676682611811,0.0000315647484967,0.0000443712779088,0.0000301482868963,0.0000194989770534,0.0000111516073957,0.00000538781569048,8.59463114011e-7,4.55328233784e-7],"mean":[0.00319038680755,0.00271681742743,0.00210171495564,0.00119734799955,0.00045391349704,0.000616777979303,0.000469756691018,0.000214447907638,0.000164680575836,0.000315050594509,0.000336162484018,0.000219641253352,0.000186467223102,0.000164726996445,0.000105057340988,0.000110041350126,0.00012470218644,0.000101174096926,0.000115719536552,0.000104563318018,0.000067124463385,0.0000314923672704,0.0000213245239138,0.0000178563204827,0.0000180715596798,0.0000173865391844,0.0000111065510282,0.00000844965234137,0.00000603358648732,0.00000507172762809,0.00000382309508495,0.00000296937855637,0.00000189557465546,0.0000017850960603,0.00000140251688663,8.48687818689e-7,4.67666239956e-7,1.39638572705e-7,3.41367112355e-8,2.2332010019e-8],"median":[0.00194934918545,0.00155455083586,0.00113226426765,0.000717266579159,0.000328852707753,0.000343759660609,0.000303652690491,0.000115577611723,0.0000999893964035,0.000178962858627,0.000240426350501,0.000152819673531,0.000130588450702,0.000129582811496,0.0000828955307952,0.0000860751024447,0.000096133480838,0.0000831993966131,0.0000948528322624,0.0000888306094566,0.0000561141096114,0.0000207446901186,0.0000122056808323,0.0000107324194687,0.0000105019335024,0.0000104523505797,0.00000577952869207,0.00000453222492069,0.00000373479565496,0.00000335883078151,0.00000249610297942,0.00000189582988241,0.000001248560352,0.00000114075737656,8.98531538951e-7,5.54902271688e-7,2.84665929939e-7,6.95167159392e-8,1.58519135596e-8,8.445907973e-9],"min":[8.25361450002e-25,7.7663809714e-25,8.51725230758e-25,1.10709893148e-24,1.63548851681e-24,1.36105376725e-24,1.78877996791e-24,2.1392345805e-24,1.66386068813e-24,2.32287666607e-24,2.72001015057e-24,2.72163816227e-24,1.88455971193e-24,2.73553591926e-24,2.91912810938e-24,2.20388153447e-24,3.44526204556e-24,2.54542872414e-24,2.91417209074e-24,3.28545953376e-24,2.90231708906e-24,2.87322784318e-24,3.08984766725e-24,4.36937551957e-24,4.57112156848e-24,4.33409056014e-24,4.24480570516e-24,3.71840316184e-24,4.69916355416e-24,5.16288636539e-24,4.61008695846e-24,4.79921320505e-24,5.59925069157e-24,4.74367108643e-24,5.27984643307e-24,5.71691915635e-24,6.20960499572e-24,5.4087309222e-24,6.03953644531e-24,6.92499967926e-24],"var":[0.0000158120965352,0.0000112674943011,0.00000689476019033,0.00000227477244152,2.25078721883e-7,0.00000118664138427,3.62064810133e-7,1.00864554042e-7,5.18872766975e-8,1.75780328959e-7,1.08706814217e-7,6.34278407574e-8,4.11055793847e-8,2.16237250328e-8,8.45078318434e-9,9.34726518409e-9,1.3185643688e-8,6.94343116336e-9,1.08395212806e-8,6.65345689654e-9,2.79193623776e-9,1.14450615651e-9,6.08635031263e-10,4.59862425917e-10,5.09122854986e-10,4.45713382868e-10,2.28535440572e-10,1.8268250801e-10,9.30532387255e-11,5.49706807851e-11,2.51676145202e-11,1.4148872178e-11,5.21768002068e-12,5.20901160747e-12,3.53253103852e-12,1.25916551491e-12,4.73963208091e-13,6.81722338086e-14,2.97606296567e-15,1.4059090975e-15]},"melbands_crest":{"dmean":3.96027421951,"dmean2":6.60010671616,"dvar":13.4825220108,"dvar2":36.9689292908,"max":33.5890045166,"mean":12.8516263962,"median":12.2662372589,"min":1.00022053719,"var":25.5208187103},"melbands_flatness_db":{"dmean":0.0274370294064,"dmean2":0.0420494042337,"dvar":0.000573085970245,"dvar2":0.00138595094904,"max":0.497998744249,"mean":0.197643235326,"median":0.193468272686,"min":0,"var":0.00304876011796},"melbands_kurtosis":{"dmean":3.81648874283,"dmean2":6.12441444397,"dvar":34.5934867859,"dvar2":80.4538269043,"max":136.379318237,"mean":6.24252033234,"median":2.85023093224,"min":-1.7071723938,"var":96.2704238892},"melbands_skewness":{"dmean":0.614285469055,"dmean2":0.987427175045,"dvar":0.350737601519,"dvar2":0.876277327538,"max":9.85571670532,"mean":2.0104944706,"median":1.72695481777,"min":-0.317838639021,"var":1.47377026081},"melbands_spread":{"dmean":6.66389131546,"dmean2":10.5323734283,"dvar":41.0312080383,"dvar2":100.192092896,"max":157.608154297,"mean":27.6076717377,"median":25.9783439636,"min":1.06718325615,"var":288.925079346},"mfcc":{"cov":[[8207.54882812,1101.28234863,-535.434570312,574.611328125,-217.205627441,399.113006592,-184.913864136,240.286621094,-166.298324585,145.758972168,-178.740692139,31.2542324066,-96.2016525269],[1101.28234863,1106.49645996,-179.542205811,-65.7436141968,49.0726699829,29.5968322754,-7.84108638763,-25.2428436279,46.2553672791,9.36526203156,12.224407196,-49.8607749939,41.4402236938],[-535.434570312,-179.542205811,362.531677246,-67.721282959,64.5183181763,-0.860818982124,3.52616024017,4.68089962006,8.75435447693,-15.6971530914,-11.7405433655,20.9713954926,-4.93986320496],[574.611328125,-65.7436141968,-67.721282959,363.895843506,-19.9211235046,71.1636657715,22.7635173798,65.5888061523,-46.6737442017,9.34748840332,-23.8742809296,18.5279026031,-17.7774200439],[-217.205627441,49.0726699829,64.5183181763,-19.9211235046,133.325805664,-4.35079860687,65.5511322021,-20.8779029846,31.0956993103,-31.497133255,16.3078899384,-17.8462333679,10.0425300598],[399.113006592,29.5968322754,-0.860818982124,71.1636657715,-4.35079860687,137.328155518,-12.7776403427,63.8276786804,-29.5175685883,23.7732524872,-36.5987243652,18.1343212128,-26.4015808105],[-184.913864136,-7.84108638763,3.52616024017,22.7635173798,65.5511322021,-12.7776403427,111.735671997,-4.35877752304,31.4355220795,-29.289648056,19.5376491547,-19.9744987488,11.3631343842],[240.286621094,-25.2428436279,4.68089962006,65.5888061523,-20.8779029846,63.8276786804,-4.35877752304,87.0425491333,-9.67317771912,24.5185565948,-24.5240535736,21.9386425018,-18.6508102417],[-166.298324585,46.2553672791,8.75435447693,-46.6737442017,31.0956993103,-29.5175685883,31.4355220795,-9.67317771912,64.4718856812,2.2616121769,28.001619339,-9.63499450684,17.6267204285],[145.758972168,9.36526203156,-15.6971530914,9.34748840332,-31.497133255,23.7732524872,-29.289648056,24.5185565948,2.2616121769,64.987159729,12.1910762787,23.4949893951,-4.66532897949],[-178.740692139,12.224407196,-11.7405433655,-23.8742809296,16.3078899384,-36.5987243652,19.5376491547,-24.5240535736,28.001619339,12.1910762787,66.2126083374,10.8072862625,23.6528816223],[31.2542324066,-49.8607749939,20.9713954926,18.5279026031,-17.8462333679,18.1343212128,-19.9744987488,21.9386425018,-9.63499450684,23.4949893951,10.8072862625,58.3262863159,12.8794145584],[-96.2016525269,41.4402236938,-4.93986320496,-17.7774200439,10.0425300598,-26.4015808105,11.3631343842,-18.6508102417,17.6267204285,-4.66532897949,23.6528816223,12.8794145584,55.8246192932]],"icov":[[0.000208385696169,-0.00021340206149,0.000144166289829,-0.000238059394178,0.00010993459,-0.000219138426473,0.000134461894049,-0.000089206834673,0.000103427890281,-0.000152064007125,0.000271831639111,-0.0000906056084204,0.000134243091452],[-0.00021340206149,0.00145999726374,0.000561501539778,0.000441173528088,-0.00100897438824,-0.000598491751589,0.000788239762187,0.000113156194857,-0.000797920045443,-0.000179291164386,-0.000187540455954,0.00143139949068,-0.00149937300012],[0.000144166289829,0.000561501539778,0.00411262596026,0.000673232774716,-0.0028889735695,0.00017308126553,0.00118501286488,-0.000701375771314,-0.00059037306346,0.000352066039341,0.00182997563388,-0.00224555516616,0.000494514068123],[-0.000238059394178,0.000441173528088,0.000673232774716,0.00423273723572,-0.00026993258507,-0.00029388218536,-0.00195014954079,-0.00223260209896,0.00294866459444,0.00000141501300277,-0.000476702407468,-0.000227899858146,-0.000445994432084],[0.00010993459,-0.00100897438824,-0.0028889735695,-0.00026993258507,0.0150779774413,-0.00377536984161,-0.00645788013935,0.00374475354329,-0.00342470221221,0.00410751905292,-0.00236114370637,0.000365386920748,0.00100523629226],[-0.000219138426473,-0.000598491751589,0.00017308126553,-0.00029388218536,-0.00377536984161,0.0151520008221,-0.000619930622634,-0.00723449327052,0.00470226118341,-0.00416544033214,0.00461768731475,-0.00264303851873,0.00236307037994],[0.000134461894049,0.000788239762187,0.00118501286488,-0.00195014954079,-0.00645788013935,-0.000619930622634,0.0182279776782,-0.00434762099758,-0.00528011983261,0.00635191518813,-0.00504726311192,0.00482233660296,-0.00193988054525],[-0.000089206834673,0.000113156194857,-0.000701375771314,-0.00223260209896,0.00374475354329,-0.00723449327052,-0.00434762099758,0.0253455042839,-0.00681910291314,-0.00469396915287,0.00804351083934,-0.00824118684977,0.00450108293444],[0.000103427890281,-0.000797920045443,-0.00059037306346,0.00294866459444,-0.00342470221221,0.00470226118341,-0.00528011983261,-0.00681910291314,0.0294483341277,-0.00643056863919,-0.00660873111337,0.00662833591923,-0.00527107762173],[-0.000152064007125,-0.000179291164386,0.000352066039341,0.00000141501300277,0.00410751905292,-0.00416544033214,0.00635191518813,-0.00469396915287,-0.00643056863919,0.0283759385347,-0.0104543883353,-0.00522658601403,0.00436979252845],[0.000271831639111,-0.000187540455954,0.00182997563388,-0.000476702407468,-0.00236114370637,0.00461768731475,-0.00504726311192,0.00804351083934,-0.00660873111337,-0.0104543883353,0.0308962464333,-0.00973575934768,-0.00269044004381],[-0.0000906056084204,0.00143139949068,-0.00224555516616,-0.000227899858146,0.000365386920748,-0.00264303851873,0.00482233660296,-0.00824118684977,0.00662833591923,-0.00522658601403,-0.00973575934768,0.0327462665737,-0.0125002758577],[0.000134243091452,-0.00149937300012,0.000494514068123,-0.000445994432084,0.00100523629226,0.00236307037994,-0.00193988054525,0.00450108293444,-0.00527107762173,0.00436979252845,-0.00269044004381,-0.0125002758577,0.0280481949449]],"mean":[-614.739013672,151.902908325,-32.2875175476,30.5008411407,-4.17149305344,26.4193439484,-8.76950836182,12.9241886139,-2.75312948227,10.4414768219,-9.19327926636,-0.770474910736,-1.11082112789]},"pitch_salience":{"dmean":0.0732417479157,"dmean2":0.12104319036,"dvar":0.00438345037401,"dvar2":0.0119167994708,"max":0.996095180511,"mean":0.623815238476,"median":0.637598156929,"min":0.159688487649,"var":0.00912393257022},"silence_rate_20dB":{"dmean":0,"dmean2":0,"dvar":0,"dvar2":0,"max":1,"mean":1,"median":1,"min":1,"var":0},"silence_rate_30dB":{"dmean":0.0119773289189,"dmean2":0.0239572189748,"dvar":0.0118338726461,"dvar2":0.0304420944303,"max":1,"mean":0.989841759205,"median":1,"min":0,"var":0.010055065155},"silence_rate_60dB":{"dmean":0.000641642604023,"dmean2":0.00128342246171,"dvar":0.000641230901238,"dvar2":0.00170958274975,"max":1,"mean":0.0376390069723,"median":0,"min":0,"var":0.0362223125994},"spectral_centroid":{"dmean":216.7237854,"dmean2":315.74017334,"dvar":68171.0234375,"dvar2":127762.960938,"max":11579.671875,"mean":1436.22705078,"median":1269.61938477,"min":240.807525635,"var":1282513.625},"spectral_complexity":{"dmean":3.91017007828,"dmean2":5.80598926544,"dvar":11.7532396317,"dvar2":22.8282413483,"max":60,"mean":31.3862266541,"median":31,"min":0,"var":110.913063049},"spectral_contrast_coeffs":{"dmean":[0.057125069201,0.0515417121351,0.038006298244,0.026990570128,0.0194126665592,0.0429859571159],"dmean2":[0.0948538035154,0.0865172967315,0.0644836574793,0.0458110198379,0.0326162353158,0.0670414045453],"dvar":[0.00201418926008,0.00160258531105,0.000904583896045,0.000454483932117,0.000238171691308,0.00125305668917],"dvar2":[0.00552651146427,0.00441989256069,0.00259359972551,0.00128068577033,0.000666302337777,0.00314232939854],"max":[-0.365381628275,-0.477765083313,-0.553876757622,-0.636425495148,-0.706476032734,-0.430255442858],"mean":[-0.669429600239,-0.758358836174,-0.797578573227,-0.809781253338,-0.805007576942,-0.677480340004],"median":[-0.668252944946,-0.760904788971,-0.798754572868,-0.809282958508,-0.803528368473,-0.667211413383],"min":[-0.980498969555,-0.99536383152,-0.996534705162,-0.98656719923,-0.987630784512,-0.965035498142],"var":[0.00710802571848,0.00407290365547,0.00222000363283,0.00126473908313,0.000967242231127,0.00539340870455]},"spectral_contrast_valleys":{"dmean":[0.404716789722,0.351854979992,0.281373977661,0.226126462221,0.228599384427,0.557166814804],"dmean2":[0.671672821045,0.581889092922,0.46477752924,0.367911964655,0.318182140589,0.883794605732],"dvar":[0.13133738935,0.109415151179,0.0848041921854,0.0702829584479,0.0867933258414,0.247091799974],"dvar2":[0.312488138676,0.233624815941,0.164109230042,0.123017966747,0.134858027101,0.606213867664],"max":[-5.05741405487,-4.66325473785,-5.07583618164,-5.42366981506,-5.5137887001,-9.14661598206],"mean":[-6.82390594482,-6.46451282501,-6.50109672546,-6.7114200592,-7.27066326141,-11.1673116684],"median":[-6.46461009979,-6.11637783051,-6.12662601471,-6.32240581512,-6.91259860992,-10.876033783],"min":[-27.9505634308,-28.13438797,-27.6657810211,-27.6619434357,-27.5314311981,-27.4376964569],"var":[5.80008220673,5.7563123703,5.69218254089,5.58694076538,5.42909669876,3.78572058678]},"spectral_decrease":{"dmean":3.50709616903e-9,"dmean2":5.77272762925e-9,"dvar":1.63760188415e-17,"dvar2":4.41292750427e-17,"max":6.0484785781e-25,"mean":-1.0703802289e-8,"median":-9.90130466505e-9,"min":-4.38872724828e-8,"var":3.35995967171e-17},"spectral_energy":{"dmean":0.014287439175,"dmean2":0.0233038291335,"dvar":0.000257183477515,"dvar2":0.000689357111696,"max":0.171539962292,"mean":0.048706587404,"median":0.0456480458379,"min":1.00326943195e-20,"var":0.00058624666417},"spectral_energyband_high":{"dmean":0.000474754808238,"dmean2":0.000579023966566,"dvar":4.36993758512e-7,"dvar2":6.75864271216e-7,"max":0.0163395497948,"mean":0.00150468747597,"median":0.00105534517206,"min":7.00251120806e-21,"var":0.00000229994930123},"spectral_energyband_low":{"dmean":0.0107433181256,"dmean2":0.0180387813598,"dvar":0.00021758620278,"dvar2":0.000596682366449,"max":0.15949960053,"mean":0.0179196298122,"median":0.0121572576463,"min":8.88699614702e-24,"var":0.000330948678311},"spectral_energyband_middle_high":{"dmean":0.00295527372509,"dmean2":0.00460038194433,"dvar":0.00000876938247529,"dvar2":0.0000208331493923,"max":0.0411444157362,"mean":0.0110002337024,"median":0.0108831459656,"min":1.20056339793e-21,"var":0.0000349077163264},"spectral_energyband_middle_low":{"dmean":0.00606096861884,"dmean2":0.0097587723285,"dvar":0.0000466882302135,"dvar2":0.000113997863082,"max":0.124851480126,"mean":0.0174652598798,"median":0.0151289626956,"min":1.56487385376e-22,"var":0.000146419479279},"spectral_entropy":{"dmean":0.113434709609,"dmean2":0.159147575498,"dvar":0.0119233513251,"dvar2":0.0228834282607,"max":9.82493114471,"mean":7.71575260162,"median":7.73428821564,"min":5.95421504974,"var":0.111882790923},"spectral_flux":{"dmean":0.026069002226,"dmean2":0.0409562960267,"dvar":0.000750575854909,"dvar2":0.00155967078172,"max":0.314528405666,"mean":0.124743014574,"median":0.122486203909,"min":6.40413208575e-11,"var":0.00200727162883},"spectral_kurtosis":{"dmean":2.71344304085,"dmean2":3.96321082115,"dvar":12.0971765518,"dvar2":28.7187004089,"max":76.4308700562,"mean":14.9242181778,"median":13.4292144775,"min":-1.2615749836,"var":42.860534668},"spectral_rms":{"dmean":0.00095903192414,"dmean2":0.00154092826415,"dvar":9.03069349079e-7,"dvar2":0.00000237859103436,"max":0.0129366172478,"mean":0.00660690711811,"median":0.00667343102396,"min":3.12857704153e-12,"var":0.0000038674015741},"spectral_rolloff":{"dmean":1511.07080078,"dmean2":2707.3269043,"dvar":14367514,"dvar2":36786228,"max":22006.9335938,"mean":3400.00585938,"median":1808.7890625,"min":64.599609375,"var":26072972},"spectral_skewness":{"dmean":0.222017928958,"dmean2":0.313499838114,"dvar":0.0490196086466,"dvar2":0.102413780987,"max":5.93582248688,"mean":2.49335765839,"median":2.41893291473,"min":-0.0778379142284,"var":0.341938227415},"spectral_spread":{"dmean":391243.71875,"dmean2":570731.3125,"dvar":723690782720,"dvar2":1455660335100,"max":42208716,"mean":4134554.75,"median":3723119,"min":1090309.875,"var":15693245317100},"spectral_strongpeak":{"dmean":0.437828868628,"dmean2":0.754023432732,"dvar":1.38912081718,"dvar2":4.01052570343,"max":56.5302085876,"mean":0.597944676876,"median":0.339055091143,"min":0,"var":1.00380337238},"zerocrossingrate":{"dmean":0.020389540121,"dmean2":0.0251219402999,"dvar":0.000341639533872,"dvar2":0.000514341285452,"max":0.5302734375,"mean":0.156690657139,"median":0.14111328125,"min":0.02001953125,"var":0.00501172011718}},"metadata":{"audio_properties":{"analysis_sample_rate":44100,"bit_rate":192000,"codec":"mp3","downmix":"mix","equal_loudness":0,"length":217.12979126,"lossless":false,"md5_encoded":"e5fd7b0e28c484fbc35729549c580c64","replay_gain":-1.79447174072,"sample_rate":44100},"tags":{"acoustid_id":["71cf57c2-ff3f-448e-9495-ad6816ac43ac"],"album":["The Essential"],"albumartist":["Motörhead"],"artist":["Motörhead"],"date":["2007"],"discnumber":["1/2"],"file_name":"1-15 - Motörhead - Live to Win.mp3","musicbrainz_albumartistid":["57961a97-3796-4bf7-9f02-a985a8979ae9"],"musicbrainz_albumid":["b4f619f1-6c35-48a8-8bd7-d821eacd29a3"],"musicbrainz_artistid":["57961a97-3796-4bf7-9f02-a985a8979ae9"],"musicbrainz_recordingid":["8dba3696-c912-4276-aba6-78c16dd7e455"],"musicbrainz_releasegroupid":["1257ccfc-0b75-3bfd-8671-4eaf00a9f25f"],"replaygain_album_gain":["-0.20 dB"],"replaygain_album_peak":["0.477078"],"replaygain_track_gain":["-2.21 dB"],"replaygain_track_peak":["0.436108"],"title":["Live to Win"],"tracknumber":["15/20"]},"version":{"essentia":"2.1-beta1","essentia_build_sha":"e76a03f03bb3900de42a1fa0d9be1e72f12def64","essentia_git_sha":"v2.1_beta1-28-g21ef5f4-dirty","extractor":"music 1.0"}},"rhythm":{"beats_count":369,"beats_loudness":{"dmean":0.0151327513158,"dmean2":0.0260197054595,"dvar":0.000166189827723,"dvar2":0.000459410366602,"max":0.110364422202,"mean":0.0510060973465,"median":0.0501468963921,"min":0,"var":0.000355012947693},"beats_loudness_band_ratio":{"dmean":[0.160782456398,0.0691825523973,0.0665699467063,0.0580763667822,0.0528847798705,0.050358466804],"dmean2":[0.273390114307,0.121052570641,0.113095194101,0.0989160165191,0.0933629348874,0.0874051302671],"dvar":[0.0153368283063,0.0062662390992,0.00396811496466,0.00233840546571,0.00288444664329,0.00242602429353],"dvar2":[0.0471412613988,0.0189963951707,0.011437873356,0.0069101206027,0.00822359789163,0.00657249288633],"max":[0.8898203969,0.741217315197,0.477817386389,0.379849255085,0.567395865917,0.504327178001],"mean":[0.414950996637,0.116608180106,0.111982658505,0.135043397546,0.12902781367