{"lowlevel":{"average_loudness":0.860418856144,"barkbands":{"dmean":[0.000529233308043,0.00351794506423,0.00230841618031,0.00120017281733,0.00224206852727,0.000885783461854,0.00098594056908,0.000554606376681,0.00056356692221,0.000569754745811,0.000529003038537,0.000708899868187,0.000593632867094,0.000678088457789,0.000468947284389,0.000323581072735,0.000173418869963,0.000132864923216,0.0000623174855718,0.0000533503443876,0.0000253259659075,0.0000172223371919,0.00000657600685372,0.00000244539796768,0.00000233141304307,0.00000507539698447,0.000417852395913],"dmean2":[0.000914202595595,0.00594048760831,0.00388195482083,0.00201490521431,0.00375456758775,0.00141683733091,0.00155479204841,0.000864198955242,0.000890961557161,0.000896111596376,0.000832103251014,0.0011134025408,0.000947892724071,0.00107173784636,0.000747498532292,0.000510049576405,0.000269225536613,0.000195995497052,0.0000888816430233,0.0000723847842892,0.0000335435433954,0.0000229378492804,0.0000091934853117,0.00000389577144233,0.00000382251892006,0.00000742813472243,0.0005900132237],"dvar":[8.4532382516e-7,0.0000472152460134,0.0000321470652125,0.00000444174793301,0.0000125928108901,0.00000218371360461,0.0000026937086659,0.00000187500506854,0.00000145684543895,0.00000115393788747,0.00000165423080034,0.00000133468620334,0.00000125008750729,9.59237468123e-7,4.79560299027e-7,2.37893956978e-7,8.29225470511e-8,7.16731989314e-8,1.90185360793e-8,1.43091716254e-8,2.65362842811e-9,1.47527845495e-9,1.81323636661e-10,1.8606777577e-11,1.64071256581e-11,6.24988602538e-11,4.90606737458e-7],"dvar2":[0.00000240096414927,0.000126307408209,0.0000878716091393,0.0000119025544336,0.0000349387628376,0.00000531365412826,0.00000638790334051,0.00000356743294105,0.00000301453064822,0.0000026887223612,0.00000387865748053,0.00000307974028146,0.00000311933490593,0.00000225526969189,0.00000121900052363,5.90061290495e-7,1.96175648171e-7,1.64669472724e-7,3.99930470962e-8,2.70023399196e-8,4.87786300241e-9,2.66044763997e-9,3.53934603847e-10,4.37633991546e-11,3.9533529228e-11,1.29561514295e-10,0.00000105363471903],"max":[0.0188599210232,0.116862088442,0.0696348547935,0.0299613401294,0.0454245023429,0.0325583443046,0.028132725507,0.0533870905638,0.0282274689525,0.0206764470786,0.0327217914164,0.0199778154492,0.0226137172431,0.0156957600266,0.0123350480571,0.00615702429786,0.00621844921261,0.00422947620973,0.00379965850152,0.00340613164008,0.000841113738716,0.00116385926958,0.000391177251004,0.0000903707259567,0.0000762961572036,0.0001205165172,0.0148775465786],"mean":[0.000830624019727,0.00603831280023,0.0026296377182,0.00175497005694,0.0042500779964,0.00167139421683,0.00189814146142,0.000956268690061,0.000988789252006,0.00100278295577,0.000909281661734,0.00145436043385,0.0011396688642,0.00165230571292,0.00108759838622,0.000722276454326,0.000364938023267,0.000236855819821,0.000102802157926,0.0000887342976057,0.0000445816149295,0.0000290061343549,0.0000105867848106,0.00000314864496431,0.0000025301030746,0.00000793961316958,0.00111290998757],"median":[0.000534160644747,0.00393225904554,0.00108927651308,0.000933481846005,0.00210428331047,0.000917893834412,0.00104634521995,0.000430452870205,0.000372803508071,0.000474597967695,0.000399072567234,0.000748141203076,0.000648123095743,0.00106013868935,0.000672031892464,0.000478656787891,0.000210584024899,0.0000596938807575,0.0000115279290185,0.000006430992471,0.00000477950470668,0.00000313356895276,0.00000174536228315,0.0000012604184576,0.00000101452337731,0.00000263121364696,0.000429810432252],"min":[1.12038198834e-23,4.20543799612e-24,5.68564279361e-24,1.0000603674e-24,1.14712879064e-23,1.26476443881e-23,2.05059880028e-23,3.19197513832e-23,3.05901831254e-23,1.39532139194e-23,3.86382367438e-23,3.37501106317e-23,3.24697704498e-23,5.5347894749e-23,5.73031022799e-23,9.02063454862e-23,1.0621295172e-22,8.63249226406e-23,1.69996066709e-22,2.03060016659e-22,2.6608810972e-22,3.1732360315e-22,4.68630330702e-22,7.00560737983e-22,9.1750546388e-22,1.42594769858e-21,2.21792002267e-21],"var":[0.00000102361150311,0.0000520665889781,0.0000274167796306,0.00000572338967686,0.000031325762393,0.00000493743345942,0.00000603645366937,0.00000454768087366,0.00000382189818993,0.00000250975108429,0.00000335022991749,0.00000404352931582,0.00000272047395811,0.00000382123062082,0.00000157555155056,6.82206575675e-7,2.11262403127e-7,1.53989319074e-7,4.21458032918e-8,3.31711724755e-8,7.1645329669e-9,3.58080565199e-9,4.07995720542e-10,2.57721847335e-11,1.87035612692e-11,1.45549863828e-10,0.00000227284249377]},"barkbands_crest":{"dmean":2.06514453888,"dmean2":3.43627715111,"dvar":3.70154905319,"dvar2":10.5286941528,"max":22.9823760986,"mean":8.87921333313,"median":7.66563034058,"min":2.33170318604,"var":17.8242816925},"barkbands_flatness_db":{"dmean":0.0248801484704,"dmean2":0.0385597422719,"dvar":0.000498198787682,"dvar2":0.00128515111282,"max":0.380849808455,"mean":0.151951268315,"median":0.144732311368,"min":0.0474759228528,"var":0.00332428421825},"barkbands_kurtosis":{"dmean":2.97228217125,"dmean2":4.82135915756,"dvar":37.1209144592,"dvar2":97.8391189575,"max":183.830062866,"mean":6.98423719406,"median":1.91078591347,"min":-1.72425222397,"var":153.105758667},"barkbands_skewness":{"dmean":0.437066137791,"dmean2":0.70871090889,"dvar":0.230564445257,"dvar2":0.625417172909,"max":11.6411962509,"mean":1.81668901443,"median":1.37371730804,"min":-2.12203621864,"var":1.84393370152},"barkbands_spread":{"dmean":5.47196626663,"dmean2":8.51113414764,"dvar":35.7938804626,"dvar2":88.4016189575,"max":105.178947449,"mean":27.7900257111,"median":26.6215629578,"min":1.00855231285,"var":217.263809204},"dissonance":{"dmean":0.0207200981677,"dmean2":0.0350670851767,"dvar":0.000491323648021,"dvar2":0.00139017112087,"max":0.500000059605,"mean":0.461701542139,"median":0.470015347004,"min":0.186891138554,"var":0.000983436708339},"dynamic_complexity":2.68611049652,"erbbands":{"dmean":[0.101671934128,0.834590137005,2.70290756226,2.94637513161,6.83808803558,7.7819442749,8.34496116638,7.05050134659,7.327293396,22.7374458313,9.72508335114,13.1774702072,14.5212373734,18.4254951477,20.9152050018,29.2122440338,28.3170967102,31.0024452209,27.1963367462,22.7219982147,14.1296730042,8.86706733704,7.71547269821,4.51580047607,2.48704648018,2.5307867527,1.34283304214,0.82121694088,0.668700218201,0.369845718145,0.166840910912,0.0649393796921,0.036399550736,0.0252521410584,0.0171120427549,0.0109916273504,0.00965347513556,0.0138475392014,0.0142441401258,0.0104186553508],"dmean2":[0.171652048826,1.40889430046,4.52258014679,4.87981414795,11.6180305481,12.8895740509,13.7401914597,11.3421669006,11.8100862503,35.3787612915,15.2168645859,20.7552566528,22.9565124512,29.4948863983,33.1195869446,46.1284179688,44.8579597473,48.9502410889,42.6405067444,36.4228096008,21.9391784668,13.3435707092,11.3714408875,6.50140714645,3.37708568573,3.49945521355,1.76970171928,1.10685491562,0.885854125023,0.500888943672,0.234271198511,0.0986788719893,0.059299621731,0.0414883121848,0.0279778223485,0.0178203061223,0.0139815127477,0.0173854660243,0.0175389703363,0.0139679368585],"dvar":[0.0202089492232,3.59158563614,46.7995605469,29.1125869751,126.309020996,211.789642334,230.30078125,137.144866943,151.41305542,1564.54467773,632.635192871,830.60559082,732.837341309,1459.08898926,1899.03234863,2426.21118164,3132.06469727,2346.77880859,1515.00097656,1275.07336426,502.171478271,202.417785645,223.650131226,97.4664077759,34.9373931885,32.8948898315,7.79429769516,3.00020909309,2.2574660778,0.674588084221,0.106277622283,0.0123609378934,0.00443460326642,0.00201603514142,0.000852841360029,0.000322336592944,0.000213128805626,0.000624760752544,0.000702572520822,0.000258742074948],"dvar2":[0.0593174695969,9.48142719269,125.377799988,78.0136184692,359.742523193,577.614624023,631.860900879,337.515136719,354.05065918,3649.38574219,1217.86975098,1711.49621582,1616.68908691,3470.43408203,4499.77441406,5550.51367188,7699.58935547,5661.17236328,3719.63720703,3256.62841797,1183.21069336,451.231018066,509.489532471,214.452346802,67.1923599243,64.6385650635,13.9486351013,5.59108400345,4.18808794022,1.21857738495,0.205038651824,0.0267066825181,0.0107503132895,0.00487121986225,0.00205031153746,0.000766459503211,0.000425987731433,0.000966621912085,0.00110285601113,0.000463918724563],"max":[1.90615177155,32.3952827454,85.4328308105,67.875328064,160.218338013,217.120529175,371.918548584,205.333618164,332.453308105,683.757507324,1240.65771484,796.370422363,537.918029785,832.511535645,1120.80273438,1002.95196533,1233.97351074,939.137023926,634.180114746,754.36340332,358.60848999,248.563552856,181.31854248,171.986679077,181.788116455,149.428451538,66.3274078369,35.4245262146,43.6690483093,24.9552955627,9.0672082901,2.21849012375,1.38920128345,0.876810133457,0.532622814178,0.299002766609,0.203878104687,0.352768689394,0.331175684929,0.259092181921],"mean":[0.216808512807,1.15130472183,3.11804485321,4.42280197144,10.6739492416,13.9934129715,15.1262559891,13.4523200989,14.6018323898,41.9978523254,18.4805431366,23.4550304413,26.6317405701,34.4712753296,42.0568809509,62.2437400818,58.3403930664,76.7407150269,69.7306289673,51.9212646484,34.2053146362,20.641160965,14.6880397797,7.73810911179,4.28771400452,4.18874692917,2.35922312737,1.43882524967,1.11806476116,0.617529213428,0.265768378973,0.09522177279,0.0420223809779,0.0273100733757,0.0188045352697,0.0129320509732,0.0155519414693,0.0255729407072,0.0300183147192,0.0375206880271],"median":[0.151636511087,0.619429588318,1.27811384201,2.54721689224,5.47549247742,5.1971039772,7.50814390182,7.07665634155,9.35600185394,18.5867805481,9.75413990021,9.38785362244,12.9980831146,17.5695896149,24.197101593,35.3864860535,35.3202514648,49.3202209473,48.031124115,35.822769165,22.7641067505,11.747168541,5.04796123505,1.23145210743,0.412500917912,0.305194914341,0.222198560834,0.179727762938,0.118254467845,0.0690936595201,0.046300239861,0.0305145457387,0.0175915695727,0.0108976755291,0.00764336902648,0.00585211534053,0.00511159840971,0.00404014904052,0.00589971244335,0.0173363797367],"min":[3.21388193187e-22,7.76578908907e-22,4.27892897224e-21,4.88271669724e-21,2.50553185257e-20,3.38452224424e-20,8.93141416315e-20,8.31940713861e-20,1.39226995275e-19,4.17335547446e-19,5.76354480312e-19,7.48508756963e-19,5.95282699173e-19,1.73340536367e-18,1.58704816199e-18,2.12373576471e-18,1.90526288928e-18,2.22571451974e-18,3.24727864713e-18,3.94203343388e-18,6.42381019083e-18,5.42293571171e-18,4.11790650777e-18,7.7962715719e-18,7.24769779737e-18,1.15907219224e-17,9.2172470959e-18,1.27301963034e-17,1.11601371905e-17,1.28432809922e-17,1.35853108053e-17,1.32192056293e-17,1.24470978747e-17,9.17053041644e-18,7.61598590303e-18,5.25193059573e-18,2.5988155758e-18,1.13344299358e-18,2.77596643694e-19,3.11648050598e-20],"var":[0.0457122176886,3.33915829659,40.5145187378,34.3149490356,226.321762085,505.177154541,417.374267578,344.41305542,318.630981445,3676.84521484,1474.84765625,2262.80322266,1647.72436523,3195.01098633,4140.61035156,7218.19140625,6924.33007812,8659.65722656,5911.84472656,3403.24804688,1555.14050293,618.411621094,502.51852417,210.856430054,76.247756958,73.999420166,20.9547080994,7.78523683548,5.31444406509,1.63186597824,0.248586595058,0.0232869591564,0.00513809174299,0.00225439458154,0.000992412795313,0.000410466978792,0.000537150946911,0.00199673394673,0.00238521210849,0.0017926376313]},"erbbands_crest":{"dmean":1.99716544151,"dmean2":3.24967122078,"dvar":3.74301457405,"dvar2":9.2865447998,"max":26.8890171051,"mean":8.41299438477,"median":7.52102088928,"min":2.95561623573,"var":11.791270256},"erbbands_flatness_db":{"dmean":0.0243812538683,"dmean2":0.0374244973063,"dvar":0.000446239515441,"dvar2":0.00112101144623,"max":0.326158165932,"mean":0.177971288562,"median":0.174556851387,"min":0.0651394426823,"var":0.0018769740127},"erbbands_kurtosis":{"dmean":0.755802810192,"dmean2":1.21480309963,"dvar":0.79988104105,"dvar2":2.00665807724,"max":14.2027416229,"mean":0.480542868376,"median":0.184390664101,"min":-1.55439710617,"var":1.81164371967},"erbbands_skewness":{"dmean":0.288893431425,"dmean2":0.444137662649,"dvar":0.065222941339,"dvar2":0.153804525733,"max":2.32880783081,"mean":-0.294242143631,"median":-0.309463381767,"min":-2.71068334579,"var":0.390791028738},"erbbands_spread":{"dmean":3.95061159134,"dmean2":6.35288619995,"dvar":13.0645446777,"dvar2":31.5203666687,"max":56.92212677,"mean":22.2329750061,"median":21.5503177643,"min":4.15222120285,"var":48.9860420227},"gfcc":{"cov":[[10008.2060547,-894.196838379,-2171.22509766,614.149291992,156.681243896,-623.269958496,-20.2352256775,-543.836730957,-43.8675231934,-118.28653717,-255.951187134,146.878158569,-216.616149902],[-894.196838379,806.999206543,156.984817505,-298.80871582,166.008453369,89.8994064331,-79.6736526489,27.4969177246,80.7364044189,-8.9193353653,57.1731872559,-22.5938835144,100.724433899],[-2171.22509766,156.984817505,1046.11474609,-38.9869613647,-204.781890869,271.990570068,54.674407959,233.057723999,-49.9100112915,53.3703575134,55.2677383423,-56.4869918823,38.533996582],[614.149291992,-298.80871582,-38.9869613647,345.758605957,-40.4347000122,-67.4949798584,100.210494995,-41.6377830505,-20.0431537628,8.0310087204,-26.5164146423,32.1605834961,-61.668586731],[156.681243896,166.008453369,-204.781890869,-40.4347000122,205.091506958,-26.4753990173,-37.2299423218,-52.5919418335,47.4956359863,-11.5434408188,8.6917848587,19.374797821,20.9611759186],[-623.269958496,89.8994064331,271.990570068,-67.4949798584,-26.4753990173,211.918228149,-64.7563095093,104.568031311,-23.2204170227,39.2666625977,23.7755241394,-7.19812726974,42.7160835266],[-20.2352256775,-79.6736526489,54.674407959,100.210494995,-37.2299423218,-64.7563095093,215.320602417,-6.62341403961,18.175409317,-18.644109726,4.32375574112,-0.0589964464307,-43.5821800232],[-543.836730957,27.4969177246,233.057723999,-41.6377830505,-52.5919418335,104.568031311,-6.62341403961,149.643447876,9.64846515656,35.4890785217,25.4656410217,-10.9610033035,25.5070838928],[-43.8675231934,80.7364044189,-49.9100112915,-20.0431537628,47.4956359863,-23.2204170227,18.175409317,9.64846515656,85.2555007935,27.9472732544,16.7527866364,1.88706362247,-4.89104938507],[-118.28653717,-8.9193353653,53.3703575134,8.0310087204,-11.5434408188,39.2666625977,-18.644109726,35.4890785217,27.9472732544,72.6261291504,33.977722168,6.66685056686,-2.70901155472],[-255.951187134,57.1731872559,55.2677383423,-26.5164146423,8.6917848587,23.7755241394,4.32375574112,25.4656410217,16.7527866364,33.977722168,60.7955207825,16.582572937,11.1656990051],[146.878158569,-22.5938835144,-56.4869918823,32.1605834961,19.374797821,-7.19812726974,-0.0589964464307,-10.9610033035,1.88706362247,6.66685056686,16.582572937,52.614654541,13.8719959259],[-216.616149902,100.724433899,38.533996582,-61.668586731,20.9611759186,42.7160835266,-43.5821800232,25.5070838928,-4.89104938507,-2.70901155472,11.1656990051,13.8719959259,68.0367736816]],"icov":[[0.000244260882027,-0.000133047811687,0.000561564462259,-0.000313602708047,0.000278322841041,-0.0000249421573244,0.0000163595468621,-0.0000698517615092,0.000347280409187,-0.000266515591647,0.000583662244026,-0.000312167656375,0.000321140716551],[-0.000133047811687,0.00334835750982,-0.00138206593692,0.00170723721385,-0.00206071231514,-0.00048240707838,0.00032470523729,0.00179709808435,-0.00339286681265,0.00228970311582,-0.00229182769544,0.00161091436166,-0.00268350122496],[0.000561564462259,-0.00138206593692,0.00408796826378,-0.0016909398837,0.00271293823607,-0.0022232986521,-0.00111940084025,-0.00202368642204,0.00216678739525,-0.000643980281893,-0.0000949492823565,0.00145385763608,0.000436974572949],[-0.000313602708047,0.00170723721385,-0.0016909398837,0.00657634623349,-0.00184088863898,0.00104815058876,-0.00204070005566,0.000996562186629,0.000982202589512,-0.00315009732731,0.00340366293676,-0.00441156094894,0.00190692034084],[0.000278322841041,-0.00206071231514,0.00271293823607,-0.00184088863898,0.010578491725,-0.00254421122372,0.00116157415323,0.00202970462851,-0.00459985807538,0.00351009843871,-0.00192968023475,-0.000949562294409,-0.000627447734587],[-0.0000249421573244,-0.00048240707838,-0.0022232986521,0.00104815058876,-0.00254421122372,0.0123663861305,0.00169178599026,-0.00500464811921,0.00584365660325,-0.00628529069945,0.00287964683957,-0.0015935980482,-0.00115411926527],[0.0000163595468621,0.00032470523729,-0.00111940084025,-0.00204070005566,0.00116157415323,0.00169178599026,0.00836614239961,-0.000306776404614,-0.00448837131262,0.00658382195979,-0.00435379613191,-0.00023281823087,0.00311121135019],[-0.0000698517615092,0.00179709808435,-0.00202368642204,0.000996562186629,0.00202970462851,-0.00500464811921,-0.000306776404614,0.0155281713232,-0.00678906682879,0.000246809708187,-0.00252004549839,0.00227614771575,-0.00486345030367],[0.000347280409187,-0.00339286681265,0.00216678739525,0.000982202589512,-0.00459985807538,0.00584365660325,-0.00448837131262,-0.00678906682879,0.026867961511,-0.0161231942475,0.00594224408269,-0.00142595020588,0.00381514104083],[-0.000266515591647,0.00228970311582,-0.000643980281893,-0.00315009732731,0.00351009843871,-0.00628529069945,0.00658382195979,0.000246809708187,-0.0161231942475,0.0349472388625,-0.0189355909824,0.00215207017027,0.0031619714573],[0.000583662244026,-0.00229182769544,-0.0000949492823565,0.00340366293676,-0.00192968023475,0.00287964683957,-0.00435379613191,-0.00252004549839,0.00594224408269,-0.0189355909824,0.0354751758277,-0.01373910252,0.00198502209969],[-0.000312167656375,0.00161091436166,0.00145385763608,-0.00441156094894,-0.000949562294409,-0.0015935980482,-0.00023281823087,0.00227614771575,-0.00142595020588,0.00215207017027,-0.01373910252,0.0327995941043,-0.0123597662896],[0.000321140716551,-0.00268350122496,0.000436974572949,0.00190692034084,-0.000627447734587,-0.00115411926527,0.00311121135019,-0.00486345030367,0.00381514104083,0.0031619714573,0.00198502209969,-0.0123597662896,0.0285026859492]],"mean":[-18.9013118744,121.967056274,-91.0743637085,-24.771654129,0.773137927055,-9.93458366394,-10.388127327,-20.1938076019,2.88803386688,-8.54828262329,-3.3677842617,-5.89287233353,-2.40589761734]},"hfc":{"dmean":103.645301819,"dmean2":157.742980957,"dvar":23631.5039062,"dvar2":51800.5546875,"max":2169.33007812,"mean":348.175048828,"median":280.351074219,"min":1.15598067088e-16,"var":69566.828125},"melbands":{"dmean":[0.000905903929379,0.00130417873152,0.000594534096308,0.000499808811583,0.000302162807202,0.000157103670062,0.000129653868498,0.000220780741074,0.0000785425218055,0.000082567872596,0.000075028729043,0.0000773985375417,0.0000778273679316,0.0000807444157545,0.0000685330451233,0.0000584734370932,0.0000646725675324,0.0000511544967594,0.0000318058082485,0.0000290726984531,0.0000166059362527,0.0000102593339761,0.0000088929946287,0.00000607021047472,0.0000037374149997,0.00000211082578971,0.00000200815452445,0.00000164633468103,9.24217431475e-7,6.52300002457e-7,4.52579456578e-7,4.08290077303e-7,3.05829274794e-7,1.76303117883e-7,1.08149691869e-7,5.66835112181e-8,3.38609957851e-8,2.5860407149e-8,2.26902265865e-8,2.07941663888e-8],"dmean2":[0.00153857795522,0.00217861193232,0.000983530539088,0.000834859849419,0.000501162139699,0.000251263874816,0.000208394732908,0.000340989034157,0.000122980345623,0.000130396394525,0.00011859319784,0.000123879770399,0.000122913712403,0.000127031700686,0.000109728927782,0.0000923668048927,0.00010230189946,0.0000803446455393,0.0000509966812388,0.0000465390330646,0.0000260367942246,0.0000158637212735,0.0000135021455208,0.00000911150891625,0.00000556837585464,0.00000303439855998,0.00000287219791062,0.00000233229457081,0.00000125746635149,9.12631378469e-7,6.3573497755e-7,5.61185686365e-7,4.21872840661e-7,2.46658061087e-7,1.55062622298e-7,8.47471639531e-8,5.32401998043e-8,4.22266381861e-8,3.7337013481e-8,3.41648984659e-8],"dvar":[0.00000222623157242,0.0000102739586509,9.93602611743e-7,6.41910162358e-7,3.04249482497e-7,6.60821157794e-8,4.59803111141e-8,1.55278769398e-7,3.63200634013e-8,3.07077741013e-8,1.91650961767e-8,2.5997616504e-8,3.68799000228e-8,1.69853784371e-8,1.31804780423e-8,1.15840101955e-8,1.06620294815e-8,5.40759437229e-9,2.37030572947e-9,1.95792471125e-9,7.71246289055e-10,2.87467466498e-10,2.69981509371e-10,1.55459367601e-10,7.19610204758e-11,2.83466323331e-11,2.16819704552e-11,1.39364917176e-11,3.99245306953e-12,1.89981494078e-12,9.75103895198e-13,8.81974018558e-13,4.83303664017e-13,1.6631811759e-13,5.12737333873e-14,1.03006423107e-14,3.42366333885e-15,2.2768408676e-15,1.6916163811e-15,1.34960819393e-15],"dvar2":[0.00000617747173237,0.000027077843697,0.00000266379265668,0.00000173485852883,8.51936249546e-7,1.60814678907e-7,1.06733146765e-7,3.51039744828e-7,7.17724830679e-8,6.44247108994e-8,4.23351167456e-8,6.21896276698e-8,8.65938076799e-8,3.90553438478e-8,3.28459037746e-8,2.90996311492e-8,2.52596024097e-8,1.32756783344e-8,6.08445471784e-9,5.03494801407e-9,1.8428374382e-9,6.84974299503e-10,6.53758935876e-10,3.55570850541e-10,1.66255412215e-10,6.10393124933e-11,4.54440859943e-11,2.86399497867e-11,7.3807990969e-12,3.96958030682e-12,1.94187547986e-12,1.71826572068e-12,9.2937062126e-13,3.16909232146e-13,1.05468510715e-13,2.17354397149e-14,7.82497083487e-15,5.55122862554e-15,4.10047675678e-15,3.25843346886e-15],"max":[0.0247147716582,0.0412979647517,0.0116803925484,0.0106350602582,0.0128131872043,0.00425479654223,0.00546349398792,0.00693990010768,0.00834661349654,0.00437267264351,0.00270659127273,0.00358544499613,0.00505240773782,0.00210064044222,0.00177775509655,0.00192898185924,0.00190559856128,0.00112602498848,0.00104776991066,0.000518522283528,0.000464380369522,0.000335113611072,0.000221447713557,0.000148242776049,0.000148992985487,0.000160910640261,0.000119330041343,0.000090073190222,0.0000546848932572,0.0000229865418078,0.0000244147413468,0.0000247528641921,0.0000211119477171,0.0000135886339194,0.00000715105989002,0.00000164619200405,0.00000119134290344,9.92545210465e-7,8.26757457162e-7,7.08405025307e-7],"mean":[0.00174917466938,0.00164175615646,0.000980540993623,0.000898097117897,0.00057569675846,0.000305944267893,0.000261780398432,0.000411668734159,0.000139930285513,0.000143432189361,0.000132730507175,0.000139744355693,0.00013977191702,0.000162374068168,0.000140211705002,0.000113754576887,0.000150222083903,0.000121521123219,0.0000720610842109,0.000060638794821,0.0000358193610737,0.0000216073021875,0.0000167295620486,0.0000102671046989,0.00000592670130573,0.00000326822373609,0.00000315402394335,0.00000262233902504,0.00000155843827088,0.00000105928995708,7.5963356494e-7,6.61118690459e-7,4.90468039516e-7,2.83192662209e-7,1.66335325957e-7,8.54451442933e-8,4.60016877923e-8,2.94237754161e-8,2.42581226217e-8,2.23832081758e-8],"median":[0.00122842541896,0.000762747658882,0.000584633788094,0.000432122789789,0.000267900264589,0.000164076060173,0.000166119920323,0.000184655946214,0.0000634009629721,0.0000525787982042,0.0000603902444709,0.0000686757703079,0.0000673651957186,0.0000821717985673,0.0000812914659036,0.0000712984183338,0.0000862190499902,0.0000783628929639,0.0000470633094665,0.0000388726766687,0.000020689351004,0.0000117816862257,0.00000691885634296,0.0000022718031687,7.65213769682e-7,3.06650662196e-7,2.16791192997e-7,1.99261634748e-7,1.49221762058e-7,1.03820994468e-7,1.06355095397e-7,7.25813151803e-8,4.46075176797e-8,3.53985214474e-8,2.67965241108e-8,2.15622293354e-8,1.67690075159e-8,1.21664394115e-8,9.5354257823e-9,8.82725625928e-9],"min":[5.25123444804e-24,1.97983675435e-24,9.9844339976e-25,3.36212083932e-24,2.50783220505e-24,1.82922388045e-24,2.68800251377e-24,5.72170754204e-24,4.14823059213e-24,4.49246069775e-24,2.3715438619e-24,6.24902950275e-24,5.02354197509e-24,4.52708577503e-24,6.13366569511e-24,3.31163334695e-24,3.53435836278e-24,4.98430916126e-24,3.53597986637e-24,5.4867579432e-24,7.21301516234e-24,5.97790471494e-24,5.11467789218e-24,3.36114462395e-24,6.25878495113e-24,5.30232739115e-24,5.22281691722e-24,7.2438280693e-24,4.61697213644e-24,6.45827643558e-24,7.00522762219e-24,5.631390857e-24,5.36866507125e-24,7.62473271283e-24,6.54153399881e-24,7.58970492206e-24,7.54505460596e-24,8.32935668401e-24,8.91059176556e-24,7.18121617925e-24],"var":[0.0000032148864193,0.00000925387394091,0.00000142518115354,0.00000151208814714,6.46667956516e-7,1.67326732026e-7,1.00192991681e-7,3.74375872525e-7,8.52572981103e-8,8.03936544003e-8,4.25029753615e-8,5.57352883845e-8,7.33420932875e-8,5.21435339351e-8,3.24513145245e-8,2.51403147189e-8,3.96662009905e-8,2.01266843192e-8,6.72763844634e-9,4.93230079002e-9,2.12318451709e-9,7.44608985581e-10,5.76095671168e-10,3.13610304392e-10,1.38161898589e-10,4.89141123439e-11,4.26407312237e-11,2.95091624747e-11,9.88322531453e-12,4.24340554014e-12,2.30216800484e-12,1.89781393725e-12,1.08003102989e-12,3.56881923102e-13,1.06022470263e-13,2.10754197839e-14,5.39104537785e-15,2.58892634537e-15,1.8532852187e-15,1.51286871231e-15]},"melbands_crest":{"dmean":3.07913517952,"dmean2":5.06331014633,"dvar":7.95075464249,"dvar2":21.8115501404,"max":34.3053970337,"mean":13.5527563095,"median":12.0708942413,"min":1.74278557301,"var":34.9480514526},"melbands_flatness_db":{"dmean":0.0334299355745,"dmean2":0.0520148798823,"dvar":0.000841513974592,"dvar2":0.00215635029599,"max":0.560026586056,"mean":0.270246207714,"median":0.260531902313,"min":0.00467528728768,"var":0.00617225654423},"melbands_kurtosis":{"dmean":3.0704190731,"dmean2":5.09462118149,"dvar":31.7713413239,"dvar2":85.675567627,"max":173.775848389,"mean":5.69900798798,"median":2.11475896835,"min":-1.69784963131,"var":96.3940734863},"melbands_skewness":{"dmean":0.492698967457,"dmean2":0.802996873856,"dvar":0.259513795376,"dvar2":0.697441995144,"max":9.11259937286,"mean":1.87562406063,"median":1.60471367836,"min":-0.677159905434,"var":1.37939095497},"melbands_spread":{"dmean":4.71249866486,"dmean2":7.44654464722,"dvar":28.69439888,"dvar2":68.4134521484,"max":142.752288818,"mean":21.8753967285,"median":22.4706001282,"min":0.750871539116,"var":168.787399292},"mfcc":{"cov":[[8576.23242188,-1299.01074219,-2249.34130859,902.911560059,-369.738067627,266.578186035,-467.512969971,-57.0666542053,-267.476654053,-134.388870239,-175.111465454,-148.914520264,-125.922576904],[-1299.01074219,1017.41497803,123.835716248,-339.649353027,255.527832031,-28.80311203,4.78415727615,-31.7410793304,95.2710494995,-50.8135566711,19.1184120178,57.7971839905,7.83058547974],[-2249.34130859,123.835716248,1118.49035645,-163.435943604,4.51169872284,-76.7880859375,224.383880615,56.0666847229,71.0724029541,101.921737671,55.0104064941,14.0836315155,49.3254394531],[902.911560059,-339.649353027,-163.435943604,388.795684814,-161.980239868,64.0621337891,-19.5710296631,43.7010002136,-58.8860816956,38.9581184387,-9.19737529755,-39.0057449341,-4.62033176422],[-369.738067627,255.527832031,4.51169872284,-161.980239868,252.910552979,5.29365253448,-18.390707016,-42.7332115173,38.8660240173,-48.0748062134,8.08143234253,34.5000228882,-1.36771833897],[266.578186035,-28.80311203,-76.7880859375,64.0621337891,5.29365253448,95.9098815918,-4.79586553574,2.20313477516,-20.018579483,-3.24125599861,-5.60011768341,-3.39828968048,-5.47998952866],[-467.512969971,4.78415727615,224.383880615,-19.5710296631,-18.390707016,-4.79586553574,112.109031677,38.6707878113,13.1368970871,22.4926967621,9.29605007172,-4.10934591293,14.6368656158],[-57.0666542053,-31.7410793304,56.0666847229,43.7010002136,-42.7332115173,2.20313477516,38.6707878113,70.0362701416,16.8788566589,17.6413841248,-1.40219557285,-5.4911775589,2.65995883942],[-267.476654053,95.2710494995,71.0724029541,-58.8860816956,38.8660240173,-20.018579483,13.1368970871,16.8788566589,63.0832366943,15.4699296951,8.68770980835,8.53916168213,3.26102972031],[-134.388870239,-50.8135566711,101.921737671,38.9581184387,-48.0748062134,-3.24125599861,22.4926967621,17.6413841248,15.4699296951,68.1637496948,29.2166843414,-2.16430044174,9.87636756897],[-175.111465454,19.1184120178,55.0104064941,-9.19737529755,8.08143234253,-5.60011768341,9.29605007172,-1.40219557285,8.68770980835,29.2166843414,54.0208473206,32.9002418518,14.3289775848],[-148.914520264,57.7971839905,14.0836315155,-39.0057449341,34.5000228882,-3.39828968048,-4.10934591293,-5.4911775589,8.53916168213,-2.16430044174,32.9002418518,59.5032157898,30.4910030365],[-125.922576904,7.83058547974,49.3254394531,-4.62033176422,-1.36771833897,-5.47998952866,14.6368656158,2.65995883942,3.26102972031,9.87636756897,14.3289775848,30.4910030365,51.3158111572]],"icov":[[0.00038523224066,0.000282534980215,0.000594010343775,-0.000285648129648,0.000126290717162,-0.000305014051264,0.000317038968205,0.00006137847231,-0.0000761087576393,0.000138490184327,0.000205599382753,0.000212781436858,-0.0000229673623835],[0.000282534980215,0.00183339603245,0.000376932497602,0.000690316723194,-0.000598345999606,-0.000626137014478,0.00042107279296,-0.00012704054825,-0.00141671625897,0.000899464008398,-0.000341811333783,0.000113961374154,-0.000138304952998],[0.000594010343775,0.000376932497602,0.00284676952288,0.0000523871967744,-0.000167877355125,0.00051867228467,-0.00296068866737,0.000488842779305,0.0000326838380715,-0.00242857355624,0.00088017154485,-0.0000102240837805,-0.000235835672356],[-0.000285648129648,0.000690316723194,0.0000523871967744,0.00621117046103,0.00107893021777,-0.00249054376036,0.00178786355536,-0.00401705363765,0.00319780828431,-0.00223973346874,-0.00161741499323,0.00300927972421,-0.00194492214359],[0.000126290717162,-0.000598345999606,-0.000167877355125,0.00107893021777,0.00859403423965,-0.00312482472509,0.000505373638589,0.00397678604349,-0.00600463571027,0.00677060708404,-0.00312032666989,-0.000519185094163,0.00046306947479],[-0.000305014051264,-0.000626137014478,0.00051867228467,-0.00249054376036,-0.00312482472509,0.0143081555143,-0.00296671385877,-0.000588782248087,0.0048291683197,-0.00400177435949,0.00372072053142,-0.00377593166195,0.00261363759637],[0.000317038968205,0.00042107279296,-0.00296068866737,0.00178786355536,0.000505373638589,-0.00296671385877,0.0204286593944,-0.00973115582019,0.00191157415975,0.00347541132942,-0.00564204109833,0.00841550901532,-0.00612055603415],[0.00006137847231,-0.00012704054825,0.000488842779305,-0.00401705363765,0.00397678604349,-0.000588782248087,-0.00973115582019,0.0263914484531,-0.011725592427,0.000543801637832,0.00504126260057,-0.00595815386623,0.00356221524999],[-0.0000761087576393,-0.00141671625897,0.0000326838380715,0.00319780828431,-0.00600463571027,0.0048291683197,0.00191157415975,-0.011725592427,0.0317352674901,-0.0147542404011,0.00586025509983,-0.00315411807969,0.00176482426468],[0.000138490184327,0.000899464008398,-0.00242857355624,-0.00223973346874,0.00677060708404,-0.00400177435949,0.00347541132942,0.000543801637832,-0.0147542404011,0.041648644954,-0.0292059164494,0.0192610900849,-0.00929868407547],[0.000205599382753,-0.000341811333783,0.00088017154485,-0.00161741499323,-0.00312032666989,0.00372072053142,-0.00564204109833,0.00504126260057,0.00586025509983,-0.0292059164494,0.0538212917745,-0.0368125103414,0.0133205838501],[0.000212781436858,0.000113961374154,-0.0000102240837805,0.00300927972421,-0.000519185094163,-0.00377593166195,0.00841550901532,-0.00595815386623,-0.00315411807969,0.0192610900849,-0.0368125103414,0.0549791008234,-0.0276181325316],[-0.0000229673623835,-0.000138304952998,-0.000235835672356,-0.00194492214359,0.00046306947479,0.00261363759637,-0.00612055603415,0.00356221524999,0.00176482426468,-0.00929868407547,0.0133205838501,-0.0276181325316,0.0357242748141]],"mean":[-688.232299805,194.556335449,-24.486333847,9.3491973877,15.1133537292,18.5712604523,-3.39852833748,2.11480116844,2.38859605789,-0.0578424334526,1.09559988976,2.86620283127,1.4444270134]},"pitch_salience":{"dmean":0.0559337511659,"dmean2":0.0904373005033,"dvar":0.00231022853404,"dvar2":0.00606904318556,"max":0.842617511749,"mean":0.551832675934,"median":0.557963609695,"min":0.213632702827,"var":0.00891753658652},"silence_rate_20dB":{"dmean":0,"dmean2":0,"dvar":0,"dvar2":0,"max":1,"mean":1,"median":1,"min":1,"var":0},"silence_rate_30dB":{"dmean":0.043861631304,"dmean2":0.0877431035042,"dvar":0.0419372431934,"dvar2":0.0922550261021,"max":1,"mean":0.951627492905,"median":1,"min":0,"var":0.0460316129029},"silence_rate_60dB":{"dmean":0.00226090895012,"dmean2":0.00452284049243,"dvar":0.0022555354517,"dvar2":0.00540734315291,"max":1,"mean":0.0113019887358,"median":0,"min":0,"var":0.0111743109301},"spectral_centroid":{"dmean":141.177536011,"dmean2":215.263534546,"dvar":32686.9433594,"dvar2":58836.4921875,"max":11474.4697266,"mean":946.507873535,"median":928.055236816,"min":199.438140869,"var":381012.15625},"spectral_complexity":{"dmean":3.03866147995,"dmean2":4.39348697662,"dvar":9.78760623932,"dvar2":17.2992744446,"max":53,"mean":21.1950721741,"median":21,"min":0,"var":128.264022827},"spectral_contrast_coeffs":{"dmean":[0.0493729859591,0.0456576570868,0.0349630489945,0.0298645999283,0.0327932052314,0.0344413481653],"dmean2":[0.0825129374862,0.0762409046292,0.0570509508252,0.0474253967404,0.052604213357,0.0533349774778],"dvar":[0.00157453573775,0.00133828574326,0.000790384423453,0.000574646983296,0.000841013272293,0.00110448687337],"dvar2":[0.00455998117104,0.00363984005526,0.00205061212182,0.00143190403469,0.00209447555244,0.00244793016464],"max":[-0.390798509121,-0.502862930298,-0.577481150627,-0.566777706146,-0.589929878712,-0.54163146019],"mean":[-0.675487220287,-0.753033578396,-0.786115586758,-0.780853807926,-0.799158930779,-0.800637066364],"median":[-0.681206583977,-0.75803565979,-0.793168962002,-0.785291433334,-0.795032858849,-0.831316649914],"min":[-0.972353875637,-0.971570014954,-0.969029486179,-0.965913236141,-0.97435760498,-0.964926064014],"var":[0.00619051512331,0.00386835401878,0.00283441925421,0.00279676634818,0.00515477824956,0.00689877616242]},"spectral_contrast_valleys":{"dmean":[0.358029574156,0.322824835777,0.286215603352,0.282093852758,0.469906896353,0.647569000721],"dmean2":[0.590990364552,0.527006626129,0.455538898706,0.428838402033,0.686977744102,1.0276132822],"dvar":[0.122351065278,0.102618403733,0.0890090987086,0.0951520055532,0.202696293592,0.299798965454],"dvar2":[0.261418610811,0.199831709266,0.161912038922,0.175037518144,0.468921691179,0.781541407108],"max":[-5.12007856369,-4.90019083023,-5.20008230209,-5.41307687759,-5.95528697968,-8.89173126221],"mean":[-6.82395219803,-6.49621963501,-6.90959787369,-7.26054763794,-8.28941631317,-11.2341051102],"median":[-6.73091125488,-6.37119102478,-6.71846723557,-6.85359573364,-8.33731365204,-11.1433496475],"min":[-27.8219394684,-27.6930408478,-27.7570877075,-27.5554904938,-27.523399353,-27.3282108307],"var":[1.34861755371,1.41914975643,1.55961966515,2.2132730484,2.24635052681,1.28368532658]},"spectral_decrease":{"dmean":2.1923443061e-9,"dmean2":3.60100993468e-9,"dvar":1.05711953477e-17,"dvar2":2.87409892619e-17,"max":8.87651374626e-9,"mean":-3.59023766272e-9,"median":-2.64225796798e-9,"min":-4.18856274109e-8,"var":2.26682676103e-17},"spectral_energy":{"dmean":0.011237628758,"dmean2":0.0167652927339,"dvar":0.000298999104416,"dvar2":0.000638705561869,"max":0.274772822857,"mean":0.0451309420168,"median":0.0398184321821,"min":1.05314834211e-20,"var":0.000954399292823},"spectral_energyband_high":{"dmean":0.000264918548055,"dmean2":0.000333401549142,"dvar":2.00741865797e-7,"dvar2":3.25201341411e-7,"max":0.00598426628858,"mean":0.000600685423706,"median":0.000165992649272,"min":7.47731611084e-21,"var":7.72455280185e-7},"spectral_energyband_low":{"dmean":0.00568848103285,"dmean2":0.00945152062923,"dvar":0.000137209077366,"dvar2":0.000357632117812,"max":0.162289440632,"mean":0.0100544318557,"median":0.00658872723579,"min":3.08243769955e-23,"var":0.000149509505718},"spectral_energyband_middle_high":{"dmean":0.00215284107253,"dmean2":0.00310185621493,"dvar":0.0000093032795121,"dvar2":0.0000190638766071,"max":0.0593307204545,"mean":0.00860446505249,"median":0.00771534629166,"min":1.2993435255e-21,"var":0.000057885710703},"spectral_energyband_middle_low":{"dmean":0.00406987033784,"dmean2":0.00645724032074,"dvar":0.0000289752970275,"dvar2":0.0000736604924896,"max":0.0733624845743,"mean":0.0117604006082,"median":0.00989208370447,"min":2.24912776398e-22,"var":0.000100011959148},"spectral_entropy":{"dmean":0.203188732266,"dmean2":0.307184815407,"dvar":0.038601577282,"dvar2":0.0930268913507,"max":9.81639385223,"mean":7.19215679169,"median":7.17532253265,"min":5.71264028549,"var":0.193175286055},"spectral_flux":{"dmean":0.0203170850873,"dmean2":0.0311602652073,"dvar":0.000584641296882,"dvar2":0.00124094553757,"max":0.36578270793,"mean":0.0989781916142,"median":0.0907112210989,"min":6.39957462023e-11,"var":0.00309349433519},"spectral_kurtosis":{"dmean":10.7729654312,"dmean2":17.1634998322,"dvar":161.256790161,"dvar2":429.2449646,"max":166.909011841,"mean":32.9977340698,"median":28.4337730408,"min":-1.25125861168,"var":275.52041626},"spectral_rms":{"dmean":0.000730864878278,"dmean2":0.00108363397885,"dvar":7.90577814769e-7,"dvar2":0.00000162092510436,"max":0.0163728743792,"mean":0.00626674946398,"median":0.00623275619,"min":3.20540447483e-12,"var":0.00000475802698929},"spectral_rolloff":{"dmean":1272.31054688,"dmean2":2469.76342773,"dvar":19491836,"dvar2":53884608,"max":22028.4667969,"mean":20268.3300781,"median":21899.2675781,"min":107.666015625,"var":27402036},"spectral_skewness":{"dmean":0.669917404652,"dmean2":1.04419016838,"dvar":0.548271894455,"dvar2":1.43459200859,"max":11.2027330399,"mean":4.09854412079,"median":3.97755861282,"min":-0.0529537163675,"var":1.36072254181},"spectral_spread":{"dmean":592230.25,"dmean2":937290.8125,"dvar":667859746816,"dvar2":1389289406460,"max":41533296,"mean":3361686,"median":3277037.5,"min":1324346,"var":4217776898050},"spectral_strongpeak":{"dmean":18.4007587433,"dmean2":33.0884170532,"dvar":886.927185059,"dvar2":2279.53198242,"max":258.696777344,"mean":22.6047420502,"median":1.1062476635,"min":0,"var":1213.7935791},"zerocrossingrate":{"dmean":0.0357157364488,"dmean2":0.0466696172953,"dvar":0.000909148948267,"dvar2":0.00151961483061,"max":0.81298828125,"mean":0.406510710716,"median":0.400390625,"min":0.07470703125,"var":0.013429524377}},"metadata":{"audio_properties":{"analysis_sample_rate":44100,"bit_rate":247617,"codec":"mp3","downmix":"mix","equal_loudness":0,"length":102.688415527,"lossless":false,"md5_encoded":"6d6e9cf16c91cec055035d2331f82deb","replay_gain":-4.12866783142,"sample_rate":44100},"tags":{"album":["The World Needs a Hero"],"albumartist":["Megadeth"],"albumartistsort":["Megadeth"],"artist":["Megadeth"],"artistsort":["Megadeth"],"asin":["B00005EBQE"],"barcode":["060768450325"],"catalognumber":["0607684503-2"],"date":["2001"],"discnumber":["1/1"],"encoding":["LAME v3.97"],"file_name":"10. Megadeth - Silent Scorn.mp3","genre":["Thrash Metal"],"isrc":["GBAJE0100025"],"label":["Sanctuary Records"],"musicbrainz album release country":["US"],"musicbrainz album status":["official"],"musicbrainz album type":["album"],"musicbrainz_albumartistid":["a9044915-8be3-4c7e-b11f-9e2d2ea0a91e"],"musicbrainz_albumid":["771f1527-4c83-4f68-b85e-676cb1235536"],"musicbrainz_artistid":["a9044915-8be3-4c7e-b11f-9e2d2ea0a91e"],"musicbrainz_recordingid":["8dbfcb6c-7c6a-455a-89d9-beabb88affdb"],"musicip_puid":["ad92d483-28cf-a01d-9afa-21daaa920a86"],"replaygain_track_gain":["-5.50 dB"],"title":["Silent Scorn"],"tracknumber":["10/12"]},"version":{"essentia":"2.1-beta1","essentia_build_sha":"ca57ba49d9b1854bd80e60cf9ccf267278fb7d6b","essentia_git_sha":"v2.1_beta1-28-g21ef5f4-dirty","extractor":"music 1.0"}},"rhythm":{"beats_count":259,"beats_loudness":{"dmean":0.0234840065241,"dmean2":0.0402759201825,"dvar":0.000602529675234,"dvar2":0.00149052904453,"max":0.191243097186,"mean":0.0571106560528,"median":0.0494541488588,"min":0.00266047962941,"var":0.00127536361106},"beats_loudness_band_ratio":{"dmean":[0.105273678899,0.0559048615396,0.0551628805697,0.051940921694,0.0329688824713,0.0861888676882],"dmean2":[0.177120536566,0.0980616360903,0.0932658091187,0.0895884484053,0.0553693287075,0.142455503345],"dvar":[0.00850617047399,0.0026