{"lowlevel":{"average_loudness":0.811079323292,"barkbands":{"dmean":[0.000140046104207,0.00426691165194,0.00193299527746,0.000825030379929,0.00112971267663,0.000652291928418,0.000607166788541,0.000284257228486,0.000471553415991,0.000456654117443,0.000370478635887,0.000203390460229,0.000225177049288,0.000317666417686,0.000298199767713,0.000233328901231,0.000306698697386,0.000271827389952,0.000263130525127,0.000187921526958,0.000128411673359,0.0000760961338528,0.0000727147780708,0.0000465575321869,0.0000443324788648,0.0000245616902248,0.00000466552137368],"dmean2":[0.00021320131782,0.00691853510216,0.00330737535842,0.00136400037445,0.00187358504627,0.00107687851414,0.00100470404141,0.000471429608297,0.000755665416364,0.000731641077437,0.000591858173721,0.00031990383286,0.000357514363714,0.000512511702254,0.000489155179821,0.000380428769859,0.000500977563206,0.000444824370788,0.000431383115938,0.000307483685901,0.000209100253414,0.000126680606627,0.000124992089695,0.0000743731434341,0.0000625582615612,0.000034091535781,0.00000636750473859],"dvar":[9.36678432595e-8,0.0000706706341589,0.00000988472038443,0.00000214444889934,0.00000859537885844,0.00000275933962257,0.00000144723503581,3.17126136906e-7,9.49657248839e-7,0.00000116833984976,5.71250552639e-7,2.89638677486e-7,3.03336122442e-7,4.74876969747e-7,3.81163147267e-7,1.89467513678e-7,2.99310954688e-7,2.01583205239e-7,1.43933220897e-7,8.04362443318e-8,3.20112505392e-8,2.11398969441e-8,2.79278431492e-8,7.9607627157e-9,1.41146951904e-8,5.46394973711e-9,1.52466858583e-10],"dvar2":[2.08252657785e-7,0.000184709017049,0.0000276837381534,0.00000579031939196,0.0000218566856347,0.00000725383597455,0.00000396551104132,8.13321264559e-7,0.00000244088801082,0.0000034441693515,0.00000136533401474,6.25745371963e-7,7.07006222456e-7,0.00000116552519103,9.37611673635e-7,4.48955034926e-7,7.64158016864e-7,5.14444025157e-7,3.78972174531e-7,2.07582928624e-7,8.34493150137e-8,5.60851454168e-8,7.73306965129e-8,2.07049080103e-8,2.92247808176e-8,1.1622388385e-8,3.0014143948e-10],"max":[0.00273111369461,0.0932712703943,0.0426940657198,0.0410352051258,0.0566754415631,0.0274127218872,0.02040572837,0.0114601012319,0.0235024746507,0.0272398032248,0.0156846717,0.0148313920945,0.0158123057336,0.0166022609919,0.0124673712999,0.00899661984295,0.0106182610616,0.0109475245699,0.00650877831504,0.00514931883663,0.00278838980012,0.00293496437371,0.00243399571627,0.00132263824344,0.00392692768946,0.00243708956987,0.000227467040531],"mean":[0.000168698927155,0.00602893624455,0.00270590279251,0.00134211534169,0.0017222983297,0.00114296213724,0.00110048661008,0.000479928188724,0.000866724236403,0.000846215814818,0.000670200330205,0.000359417666914,0.000375657662516,0.000519999128301,0.000554177095182,0.000479894370073,0.000683436635882,0.000644360785373,0.000668870459776,0.000515085470397,0.000363515864592,0.000193155676243,0.000154295368702,0.000113849884656,0.00011224035552,0.0000551417542738,0.0000118171974464],"median":[0.000010786437997,0.00188881508075,0.00154113722965,0.00075095979264,0.000782862014603,0.000452876236523,0.000404060294386,0.000202717172215,0.000384315266274,0.000327613175614,0.000184714910574,0.000135116715683,0.000138153423904,0.00019602078828,0.000227067546803,0.000247925927397,0.00037535771844,0.000362358638085,0.00049085408682,0.000367099419236,0.000300973508274,0.000118009156722,0.0000620097198407,0.0000475140768685,0.0000274020603683,0.00000740301720725,0.00000106304855763],"min":[1.62602918709e-25,1.49008902742e-24,3.90828710932e-25,5.86198347846e-26,2.39395559743e-24,3.89761066583e-24,3.88598443381e-24,2.54539105604e-24,9.0290770958e-24,7.63295422119e-24,9.76919270797e-24,1.43485783833e-23,1.95581069386e-23,1.48368391074e-23,2.41272145452e-23,2.6428597907e-23,4.52662934011e-23,4.23383383326e-23,1.06765154354e-22,1.07245564334e-22,1.93704871008e-22,2.61022890645e-22,3.02430540348e-22,4.9337910611e-22,7.45592704985e-22,1.20710561706e-21,1.80769054153e-21],"var":[1.34679766006e-7,0.000100426274003,0.0000132274590214,0.00000423266556027,0.0000108562644527,0.00000433246123066,0.00000376815319214,6.70810493375e-7,0.0000022983490453,0.00000314519661515,0.00000161414857303,7.56717611239e-7,6.07261597452e-7,9.10826486233e-7,8.70710778145e-7,5.97394716806e-7,9.59084331953e-7,6.65370521347e-7,5.2290226904e-7,3.40520443842e-7,1.33047265649e-7,5.77384078326e-8,5.08094473162e-8,2.29733423396e-8,4.01618152068e-8,1.40317082398e-8,4.86759743623e-10]},"barkbands_crest":{"dmean":2.24523830414,"dmean2":3.63253474236,"dvar":6.95432806015,"dvar2":17.287109375,"max":26.9225978851,"mean":9.87714290619,"median":7.37939167023,"min":2.22287726402,"var":37.19581604},"barkbands_flatness_db":{"dmean":0.0210645608604,"dmean2":0.0284149032086,"dvar":0.00103494222276,"dvar2":0.00143138167914,"max":1,"mean":0.152328595519,"median":0.0806784555316,"min":0.0182460136712,"var":0.042156342417},"barkbands_kurtosis":{"dmean":9.00844192505,"dmean2":13.9394044876,"dvar":97129.6640625,"dvar2":242159.453125,"max":19382.3671875,"mean":22.8676662445,"median":0.457074761391,"min":-1.7789914608,"var":54059.71875},"barkbands_skewness":{"dmean":0.544913828373,"dmean2":0.852138876915,"dvar":2.89082169533,"dvar2":6.94337415695,"max":103.500648499,"mean":1.76875507832,"median":0.832604825497,"min":-2.23440790176,"var":17.2541389465},"barkbands_spread":{"dmean":5.41158819199,"dmean2":8.47833824158,"dvar":38.185760498,"dvar2":85.3794021606,"max":106.176078796,"mean":29.5201435089,"median":31.4717712402,"min":0.00306496140547,"var":245.008453369},"dissonance":{"dmean":0.00980916805565,"dmean2":0.0163782853633,"dvar":0.00015704066027,"dvar2":0.000425453326898,"max":0.500000059605,"mean":0.479047745466,"median":0.486704736948,"min":0,"var":0.000752187625039},"dynamic_complexity":3.00784373283,"erbbands":{"dmean":[0.0904633700848,1.08340811729,2.38151693344,2.20470142365,3.33420348167,4.43500518799,4.27990627289,5.35162687302,7.85501527786,8.14064502716,6.60828495026,11.5807800293,11.1643743515,14.3304643631,11.897559166,8.55803775787,10.3506917953,11.2323637009,19.1617774963,10.5702781677,13.8497648239,14.9355754852,13.7337942123,12.7801628113,11.549785614,9.81764984131,5.47112798691,4.81830453873,2.88013863564,2.2097902298,2.05748224258,1.37002253532,0.63395267725,0.489426404238,0.353717684746,0.155783846974,0.0352814458311,0.00655819894746,0.000738574715797,0.0000423000456067],"dmean2":[0.148258551955,1.77170240879,4.02299499512,3.72507333755,5.5238904953,7.47355175018,7.27052593231,8.74005317688,13.0309505463,13.3547458649,10.8723068237,18.6098575592,17.794008255,23.0499610901,18.8379955292,13.3915710449,16.3473815918,17.9774494171,31.3652477264,16.8908176422,22.8372497559,24.1914234161,22.2865276337,21.031703949,19.0193557739,16.0262126923,8.96435260773,7.85899877548,4.81295251846,3.72456455231,3.53140711784,2.29297828674,0.976975083351,0.717993855476,0.503795027733,0.219794332981,0.0494196712971,0.00915397237986,0.00102406088263,0.0000575687045057],"dvar":[0.0432876385748,4.48331880569,15.2702960968,13.5108976364,51.8382034302,151.763427734,142.07598877,166.35760498,259.348205566,296.979553223,165.200515747,674.738037109,497.878540039,1384.00915527,598.34979248,479.621856689,632.747741699,648.292236328,1618.5324707,466.788238525,673.075195313,734.636291504,531.692443848,324.861206055,301.657287598,265.950012207,61.0869064331,49.7711868286,31.7418403625,18.6673622131,23.5319862366,8.89965629578,1.30684936047,1.28718185425,1.07068324089,0.229828432202,0.00945535581559,0.000311573239742,0.00000382930011256,9.73380309688e-9],"dvar2":[0.11225502193,11.8750104904,42.7911911011,38.2636680603,134.976959229,415.1434021,396.294769287,426.501403809,713.567443848,762.563415527,414.858398438,1740.64831543,1231.12072754,4211.40917969,1382.89611816,1017.34838867,1481.72485352,1597.54492188,4041.74975586,1098.44018555,1618.75439453,1801.29016113,1317.09387207,850.819396973,812.103515625,663.34173584,161.702667236,126.345603943,84.3229217529,49.7582740784,65.7476348877,24.229549408,3.08532214165,2.82112360001,2.21307325363,0.492375671864,0.0197786856443,0.000640834565274,0.00000760000739319,1.86134414548e-8],"max":[1.79352414608,25.316160202,45.2885055542,85.1109237671,115.513519287,266.287384033,215.96421814,238.399841309,337.062408447,390.420593262,271.940734863,693.21105957,567.585021973,976.237915039,531.724060059,741.405822754,752.555541992,874.395019531,799.137023926,631.819274902,651.496643066,581.108032227,626.027282715,319.760009766,270.156921387,350.973358154,139.092178345,107.00340271,156.615219116,67.3041763306,77.6949234009,44.2000236511,26.5515270233,34.5884971619,34.4614562988,16.2014522552,3.06242012978,0.388057202101,0.0321904718876,0.00153371703345],"mean":[0.106038235128,1.55220448971,3.58648586273,3.76275730133,4.97333431244,6.22751951218,6.9619550705,9.61075592041,13.5164737701,15.2363176346,12.5709571838,21.2245311737,21.1158638,28.8019523621,23.0797576904,16.6087589264,18.6200618744,20.1382904053,35.8776397705,22.973859787,31.3511714935,36.0384597778,35.2163085938,34.3267402649,31.5722827911,26.4334449768,15.7879076004,12.8021621704,7.34494161606,5.36765003204,4.25092697144,2.92121458054,1.6931232214,1.24081289768,0.809949219227,0.336376368999,0.081633515656,0.0151748051867,0.00188291177619,0.000136782051413],"median":[0.0287874154747,0.504743874073,2.03172111511,2.65626907349,2.7863676548,2.6182847023,2.75382971764,4.04412603378,5.29858160019,6.05263137817,6.00019454956,9.29945087433,10.9130163193,10.486989975,8.10119152069,7.34147405624,7.74073648453,9.2388010025,14.5772972107,11.2214670181,17.7308044434,21.2957782745,20.9560108185,26.5409965515,22.1230430603,18.2818222046,13.2973546982,9.90380382538,4.58022499084,2.65679383278,1.68627488613,1.16633558273,0.697304189205,0.371839433908,0.152546465397,0.0483910627663,0.0111172534525,0.0017047629226,0.00019072748546,0.0000534775608685],"min":[5.22669732402e-23,3.58552149873e-22,7.96468149676e-22,2.98951211897e-21,5.74504561958e-21,1.2222730116e-20,2.61530469753e-20,4.86613132206e-20,5.0443948833e-20,1.03789143192e-19,1.369326289e-19,2.13471004745e-19,3.76206085287e-19,3.51208351134e-19,5.38276875175e-19,9.11538455975e-19,9.22856458104e-19,1.02294138311e-18,1.41561477324e-18,1.9335793496e-18,2.19705374549e-18,3.18478970135e-18,3.10199781422e-18,5.0275822564e-18,5.88349953702e-18,5.63617005233e-18,8.03071110111e-18,9.06418559535e-18,8.63622798902e-18,8.62916055786e-18,9.13615609891e-18,9.27879925964e-18,8.61661801823e-18,7.5173272442e-18,5.54887437356e-18,3.83384937669e-18,2.0970957927e-18,8.58362271418e-19,2.16457876388e-19,2.56037166536e-20],"var":[0.0448896922171,6.57927513123,22.1894187927,21.156244278,71.7637481689,162.030227661,185.733505249,293.501800537,535.472351074,918.978393555,394.84866333,1582.18432617,1254.77099609,3510.70507813,1680.72998047,1411.9317627,1324.34973145,1150.65637207,3808.19506836,1274.0065918,2185.81054688,2556.25146484,1921.9251709,1263.22387695,1208.09082031,1009.51275635,254.807128906,181.751831055,84.6624526978,50.805103302,39.3591384888,18.2819480896,4.84973239899,3.78575873375,2.8067035675,0.565485656261,0.02611788176,0.000893799471669,0.0000121410357679,3.76288582515e-8]},"erbbands_crest":{"dmean":1.6467512846,"dmean2":2.65433073044,"dvar":3.74185991287,"dvar2":8.6613111496,"max":35.7713623047,"mean":8.24936389923,"median":5.77128410339,"min":2.1476559639,"var":54.2019996643},"erbbands_flatness_db":{"dmean":0.0122716492042,"dmean2":0.0175096336752,"dvar":0.000259088876192,"dvar2":0.000437385227997,"max":0.396831214428,"mean":0.145233497024,"median":0.125753507018,"min":0.0426088497043,"var":0.00474840309471},"erbbands_kurtosis":{"dmean":0.838791489601,"dmean2":1.3254326582,"dvar":31.0621471405,"dvar2":62.0094490051,"max":319.840209961,"mean":15.3526706696,"median":-0.261884689331,"min":-1.61782979965,"var":4464.93164063},"erbbands_skewness":{"dmean":0.272476613522,"dmean2":0.402820616961,"dvar":0.190246939659,"dvar2":0.333677232265,"max":16.6352119446,"mean":0.696552693844,"median":-0.279526233673,"min":-2.13506340981,"var":13.0159482956},"erbbands_spread":{"dmean":6.23220777512,"dmean2":9.89436149597,"dvar":60.7930831909,"dvar2":138.696090698,"max":111.370063782,"mean":38.5465698242,"median":38.6539115906,"min":2.44378209114,"var":287.37902832},"gfcc":{"cov":[[205048.15625,10452.5039063,-20321.625,7581.86230469,-8147.67382813,1958.37780762,-4619.69335938,2555.91699219,-4032.1940918,148.130905151,-3104.42285156,-309.992126465,-1747.60571289],[10452.5039063,2732.72973633,-1147.04199219,468.250671387,-333.074859619,-359.197052002,-83.5694885254,-107.797538757,-144.484970093,-30.6320724487,-81.8359985352,-132.009597778,9.51084518433],[-20321.625,-1147.04199219,2509.53051758,-777.366210938,938.08416748,-150.273498535,466.941131592,-205.554473877,393.768035889,-0.861019611359,295.787841797,47.5730857849,157.94581604],[7581.86230469,468.250671387,-777.366210938,595.472351074,-199.750427246,171.120223999,-44.6113166809,128.902954102,-99.7824478149,-18.7853126526,-137.08152771,-32.1247711182,-22.8575191498],[-8147.67382813,-333.074859619,938.08416748,-199.750427246,563.053039551,2.9814658165,279.707702637,-71.9422454834,180.913803101,-12.393119812,109.58530426,2.12250065804,97.871055603],[1958.37780762,-359.197052002,-150.273498535,171.120223999,2.9814658165,266.272216797,5.89408254623,105.418144226,-29.4992313385,-8.93207931519,-34.8888397217,26.6675033569,-22.6230831146],[-4619.69335938,-83.5694885254,466.941131592,-44.6113166809,279.707702637,5.89408254623,270.126647949,-21.896774292,115.780761719,-29.4821376801,60.3632392883,-1.50615954399,73.1087112427],[2555.91699219,-107.797538757,-205.554473877,128.902954102,-71.9422454834,105.418144226,-21.896774292,131.473815918,-25.4493236542,10.9162149429,-53.6354598999,4.96436786652,-28.3899707794],[-4032.1940918,-144.484970093,393.768035889,-99.7824478149,180.913803101,-29.4992313385,115.780761719,-25.4493236542,153.423370361,14.7129793167,67.0634307861,-9.64055538177,35.8649482727],[148.130905151,-30.6320724487,-0.861019611359,-18.7853126526,-12.393119812,-8.93207931519,-29.4821376801,10.9162149429,14.7129793167,72.0099716187,10.2143774033,-0.86452716589,-14.4133138657],[-3104.42285156,-81.8359985352,295.787841797,-137.08152771,109.58530426,-34.8888397217,60.3632392883,-53.6354598999,67.0634307861,10.2143774033,105.103874207,27.3063240051,24.5312461853],[-309.992126465,-132.009597778,47.5730857849,-32.1247711182,2.12250065804,26.6675033569,-1.50615954399,4.96436786652,-9.64055538177,-0.86452716589,27.3063240051,58.4169006348,16.254201889],[-1747.60571289,9.51084518433,157.94581604,-22.8575191498,97.871055603,-22.6230831146,73.1087112427,-28.3899707794,35.8649482727,-14.4133138657,24.5312461853,16.254201889,68.2739028931]],"icov":[[0.000117111201689,-0.000328639755026,0.000246166455327,-0.000252177385846,0.000150454754476,-0.000441071839305,0.000595938938204,-0.000778865010943,0.0006579454639,-0.000255665654549,0.000772588013206,-0.000586185487919,0.000528080912773],[-0.000328639755026,0.00201834738255,-0.000111841982289,-0.00041211800999,-0.000899069942534,0.00342920213006,-0.00200231792405,0.00243803020567,-0.000965612533037,0.000943343271501,-0.00374841899611,0.00295284437016,-0.0016393349506],[0.000246166455327,-0.000111841982289,0.00281084002927,0.000342385086697,-0.00215001637116,0.000452534441138,0.000555081001949,-0.00129008339718,0.000380582758226,-0.000179558905074,0.000977676128969,-0.00198068888858,0.00191229674965],[-0.000252177385846,-0.00041211800999,0.000342385086697,0.00626461300999,0.0000329768736265,-0.00323689077049,-0.00234483601525,0.0007266169996,-0.00263687944971,0.00017268769443,0.00198083044961,0.00175710930489,-0.00310753122903],[0.000150454754476,-0.000899069942534,-0.00215001637116,0.0000329768736265,0.00839656218886,-0.00413811998442,-0.00216433987953,0.000416824041167,0.000121371034766,-0.00161507725716,0.00144658866338,0.00230226898566,-0.00342803099193],[-0.000441071839305,0.00342920213006,0.000452534441138,-0.00323689077049,-0.00413811998442,0.0139581551775,-0.00262477202341,-0.00103049166501,-0.000332390685799,0.00305486912839,-0.00638782512397,-0.000605179928243,0.00229969597422],[0.000595938938204,-0.00200231792405,0.000555081001949,-0.00234483601525,-0.00216433987953,-0.00262477202341,0.0138567024842,-0.00684944121167,0.00104912684765,0.0024934434332,0.00112289167009,-0.000567544775549,-0.00228233844973],[-0.000778865010943,0.00243803020567,-0.00129008339718,0.0007266169996,0.000416824041167,-0.00103049166501,-0.00684944121167,0.0225407928228,-0.00822573434561,-0.00197865534574,0.00378420832567,-0.00248205079697,0.00185462692752],[0.0006579454639,-0.000965612533037,0.000380582758226,-0.00263687944971,0.000121371034766,-0.000332390685799,0.00104912684765,-0.00822573434561,0.0215387213975,-0.00462330132723,-0.00560633465648,0.00696035241708,-0.00154853914864],[-0.000255665654549,0.000943343271501,-0.000179558905074,0.00017268769443,-0.00161507725716,0.00305486912839,0.0024934434332,-0.00197865534574,-0.00462330132723,0.0183103755116,-0.00540862418711,0.00153011397924,0.00150546059012],[0.000772588013206,-0.00374841899611,0.000977676128969,0.00198083044961,0.00144658866338,-0.00638782512397,0.00112289167009,0.00378420832567,-0.00560633465648,-0.00540862418711,0.0343145318329,-0.02116564475,0.00939309224486],[-0.000586185487919,0.00295284437016,-0.00198068888858,0.00175710930489,0.00230226898566,-0.000605179928243,-0.000567544775549,-0.00248205079697,0.00696035241708,0.00153011397924,-0.02116564475,0.040126092732,-0.0194520372897],[0.000528080912773,-0.0016393349506,0.00191229674965,-0.00310753122903,-0.00342803099193,0.00229969597422,-0.00228233844973,0.00185462692752,-0.00154853914864,0.00150546059012,0.00939309224486,-0.0194520372897,0.0342068001628]],"mean":[-188.429962158,66.4399185181,-94.6110305786,33.7665672302,-39.1097488403,3.47473859787,-22.1497650146,9.95223522186,-18.7386283875,1.35233712196,-13.7329454422,-2.60700249672,-8.47821903229]},"hfc":{"dmean":4.21577119827,"dmean2":6.59866857529,"dvar":41.9469070435,"dvar2":100.303833008,"max":103.890312195,"mean":23.3018836975,"median":22.2777748108,"min":1.06150360856e-16,"var":403.210296631},"melbands":{"dmean":[0.00100018398371,0.00130480143707,0.000386217143387,0.000282213324681,0.0001529334113,0.000122420664411,0.000122415076476,0.0000808846671134,0.0000605629938946,0.0000702018442098,0.0000573739089305,0.0000610632050666,0.0000505742391397,0.000021544214178,0.0000256382700172,0.0000199329497264,0.0000243154663622,0.0000351966591552,0.000017700573153,0.0000141814289236,0.0000190196878975,0.0000174252127181,0.0000154219269461,0.0000157409704116,0.0000111714316517,0.0000113944161058,0.00000782366259955,0.00000690447859597,0.00000398288648285,0.0000040599697968,0.00000268428584604,0.00000182354654044,0.00000151453434682,0.00000127100508962,0.00000130949160848,0.00000121852417578,7.41228234347e-7,4.75636767305e-7,4.45733491006e-7,4.37602977854e-7],"dmean2":[0.00162804243155,0.00214899331331,0.000646987580694,0.000472709507449,0.000260479573626,0.000200413778657,0.000202582843485,0.000133135632495,0.0000987310049823,0.000113019559649,0.0000913370386115,0.0000977753516054,0.0000802895447123,0.0000341572995239,0.0000403031917813,0.0000317448684655,0.0000390988861909,0.0000577307837375,0.0000284767647827,0.0000227781511057,0.0000312707852572,0.0000284810703306,0.0000248346732405,0.0000257818392129,0.0000184582058864,0.0000188059548236,0.0000130464932226,0.0000112395700853,0.00000657198188492,0.00000666276309857,0.00000438253073298,0.00000308383482661,0.00000253092844105,0.00000215734780795,0.000002262674343,0.00000212024974644,0.00000122619030662,7.53473727855e-7,6.81519679802e-7,6.58119176933e-7],"dvar":[0.00000431002081314,0.00000492122990181,3.8118363932e-7,5.74981754653e-7,1.77090754505e-7,8.77832917467e-8,6.0183005246e-8,2.76093246043e-8,1.32853719137e-8,2.33147794404e-8,1.320222065e-8,2.57060541742e-8,1.09710311946e-8,3.22680060449e-9,3.92526411375e-9,2.69693778421e-9,3.08474357169e-9,5.58239587889e-9,1.31506472378e-9,8.99714636127e-10,1.31310273765e-9,1.06684761025e-9,8.77128369936e-10,7.61547103156e-10,2.57751653354e-10,3.11245446083e-10,1.29987853814e-10,1.40389339043e-10,3.72214759015e-11,3.61433140361e-11,1.70419286322e-11,1.28319403714e-11,7.30956094264e-12,6.67016225239e-12,9.46106387678e-12,8.70850613843e-12,2.32366014451e-12,7.25306262533e-13,7.51454508428e-13,1.16324940132e-12],"dvar2":[0.0000112614325189,0.000013233624486,0.00000105699677988,0.00000149779339154,4.99886539274e-7,2.25978027402e-7,1.65319391954e-7,7.14888912512e-8,3.37329737476e-8,6.03855383474e-8,3.26313198684e-8,7.84651490449e-8,2.5998243558e-8,7.16343828699e-9,8.83742057312e-9,6.08117423084e-9,7.45177253236e-9,1.40701139628e-8,3.14515857802e-9,2.11268047501e-9,3.21821724825e-9,2.60897858873e-9,2.19353180064e-9,1.96681693154e-9,6.74334976747e-10,8.15156442346e-10,3.45966560955e-10,3.49434647884e-10,1.00376332246e-10,9.52578918523e-11,4.3043100334e-11,3.46745444857e-11,1.94406470089e-11,1.82015496425e-11,2.66579952557e-11,2.45622289868e-11,6.14689982942e-12,1.81386156095e-12,1.69216463758e-12,2.63160695492e-12],"max":[0.0200287681073,0.0278812348843,0.0146870380268,0.0143690695986,0.00703093130141,0.00527871819213,0.00455148937181,0.00346283568069,0.00193748390302,0.00379379233345,0.00297336652875,0.0043298471719,0.00225576525554,0.00154484598897,0.00172888929956,0.00195900537074,0.00198954669759,0.00158239214215,0.00076216517482,0.000724201963749,0.000946479325648,0.000805075804237,0.000713623478077,0.000674815441016,0.000299170205835,0.000307378562866,0.0001620301191,0.00023543361749,0.000143061261042,0.00011586247274,0.0000625739849056,0.0000904298358364,0.0000516286199854,0.0000399405544158,0.0000595632009208,0.0000402016448788,0.0000296880662063,0.0000205383257708,0.0000162046617334,0.0000346933302353],"mean":[0.00134627020452,0.00205924827605,0.0007083909004,0.000413229892729,0.000254867307376,0.000219247391215,0.000214962958125,0.000150592648424,0.000112465822895,0.000126992381411,0.000104637329059,0.000118241994642,0.0000925475978875,0.0000388090702472,0.0000463977630716,0.0000333370298904,0.0000388888438465,0.0000620880891802,0.0000345872686012,0.0000281806278508,0.0000391247886,0.0000377627548005,0.0000330946859322,0.0000336026278092,0.0000264785103354,0.0000261128079728,0.0000196895180125,0.0000166501249623,0.00000960095076152,0.00000967616051639,0.00000634478192296,0.00000405917216995,0.00000358605711881,0.00000273796035799,0.00000249138270192,0.00000225326198233,0.00000155087911935,0.00000116274350148,0.00000109223208256,0.00000102491605958],"median":[0.000417127652327,0.00106146675535,0.000518330489285,0.000208993340493,0.00010989074508,0.0000910112648853,0.0000799515546532,0.0000604915730946,0.0000510730133101,0.0000555529150006,0.0000502929833601,0.0000404717866331,0.0000270969885605,0.0000150744353959,0.000018431666831,0.000013164617485,0.0000155477118824,0.0000230464374908,0.0000147882474266,0.0000135267091537,0.0000209177906072,0.0000214711271838,0.0000158814273163,0.0000171168321685,0.0000200652957574,0.0000180621736945,0.0000125997403302,0.0000109196971607,0.00000730718875275,0.00000755833207222,0.00000455013878309,0.00000244989450948,0.00000197876352104,0.00000116559965591,9.30194744342e-7,8.39870892833e-7,5.8916486978e-7,4.79317463942e-7,3.7936587205e-7,2.72814531854e-7],"min":[5.2567334002e-25,8.84023957231e-25,5.42403255579e-25,5.47919069636e-25,8.07659904327e-25,1.20973249626e-24,6.65464718628e-25,7.4063971163e-25,7.00187663967e-25,1.18393970289e-24,1.52705909235e-24,7.32927363686e-25,1.64319411013e-24,1.67795349098e-24,1.94507421805e-24,1.6687873217e-24,1.51227623342e-24,2.07533980541e-24,2.07463436654e-24,2.39403882225e-24,2.2598228167e-24,2.36299517348e-24,2.81343100327e-24,2.46902517889e-24,3.13449561676e-24,2.97576102541e-24,3.23302710484e-24,2.7769810935e-24,4.11686666583e-24,4.0051075581e-24,3.76550407434e-24,4.35836538791e-24,3.83150846071e-24,3.87670821843e-24,4.52274546233e-24,4.61027036862e-24,4.98289788911e-24,5.44488560078e-24,4.90865187843e-24,5.25214676568e-24],"var":[0.00000536502830073,0.00000796016956883,7.26209179902e-7,6.43657983801e-7,2.29270185059e-7,1.51123217051e-7,1.32499422989e-7,8.12966263197e-8,3.26957732e-8,5.4096762625e-8,3.35298118159e-8,6.46354152423e-8,3.05921439292e-8,7.62179208635e-9,9.4941539075e-9,5.27156451824e-9,5.19827070278e-9,1.24719408134e-8,3.10560910322e-9,2.38571895572e-9,3.7533167685e-9,3.33488503479e-9,2.60366661564e-9,2.09257478012e-9,8.17002354658e-10,9.03312369349e-10,5.0891763026e-10,4.5361775447e-10,1.14961221098e-10,1.07443116903e-10,5.05296672559e-11,2.8628160606e-11,2.11806440442e-11,1.51481865246e-11,1.46230891979e-11,1.21400155553e-11,5.32201062733e-12,2.33489247901e-12,2.4481426001e-12,2.95796720451e-12]},"melbands_crest":{"dmean":2.88743185997,"dmean2":4.79559993744,"dvar":9.0656042099,"dvar2":24.0153541565,"max":40,"mean":13.6939620972,"median":12.7426290512,"min":1.40729892254,"var":71.8211517334},"melbands_flatness_db":{"dmean":0.0268970914185,"dmean2":0.0365326739848,"dvar":0.00152125256136,"dvar2":0.00225773453712,"max":1,"mean":0.198630407453,"median":0.135182827711,"min":0.00255110953003,"var":0.0456194840372},"melbands_kurtosis":{"dmean":39138020,"dmean2":67383048,"dvar":104929263677000000,"dvar2":233381616557000000,"max":19021467648,"mean":779806464,"median":4.52461481094,"min":-1.54136836529,"var":12696038775700000000},"melbands_skewness":{"dmean":132.494369507,"dmean2":234.161453247,"dvar":3655974.5,"dvar2":7351100.5,"max":121896.335938,"mean":5313.70068359,"median":1.97057533264,"min":-0.468893229961,"var":588172224},"melbands_spread":{"dmean":8.57189941406,"dmean2":13.7341518402,"dvar":78.806892395,"dvar2":202.561767578,"max":175.667999268,"mean":43.9971923828,"median":36.6376571655,"min":3.92335195443e-8,"var":1552.44628906},"mfcc":{"cov":[[48816.0039063,6060.58837891,-1493.74707031,2501.64526367,134.235717773,307.719604492,513.25201416,760.135620117,433.953735352,416.7472229,-51.2276229858,-153.618621826,-200.762252808],[6060.58837891,2935.35058594,98.8772354126,836.930480957,90.2347259521,50.2303543091,124.34854126,-1.95417439938,87.1869506836,28.7234325409,-15.4860124588,-10.9272727966,-34.06199646],[-1493.74707031,98.8772354126,433.906829834,-23.7802753448,70.0719528198,-25.7924575806,-16.9216938019,-23.5401096344,-33.8199768066,-2.96613574028,12.9095258713,18.7872695923,23.809551239],[2501.64526367,836.930480957,-23.7802753448,468.46194458,50.911190033,76.6874389648,99.0623550415,52.7327575684,125.150695801,44.0632362366,15.4742956161,-16.0981063843,-17.908788681],[134.235717773,90.2347259521,70.0719528198,50.911190033,158.739868164,54.2645568848,47.3424720764,34.6567459106,28.2907352448,31.7034416199,9.81590270996,7.20670938492,9.4292640686],[307.719604492,50.2303543091,-25.7924575806,76.6874389648,54.2645568848,109.964904785,66.6174240112,46.3280639648,37.5600776672,22.1078796387,14.2994604111,2.65839099884,-1.94969952106],[513.25201416,124.34854126,-16.9216938019,99.0623550415,47.3424720764,66.6174240112,132.397293091,74.8780822754,62.1829986572,11.4395561218,8.22528171539,-3.92460083961,-3.05495047569],[760.135620117,-1.95417439938,-23.5401096344,52.7327575684,34.6567459106,46.3280639648,74.8780822754,128.387359619,51.862285614,26.8254241943,-0.315837740898,3.54743814468,1.38001799583],[433.953735352,87.1869506836,-33.8199768066,125.150695801,28.2907352448,37.5600776672,62.1829986572,51.862285614,117.811943054,40.5715904236,18.3659534454,-11.0466918945,-7.75019168854],[416.7472229,28.7234325409,-2.96613574028,44.0632362366,31.7034416199,22.1078796387,11.4395561218,26.8254241943,40.5715904236,75.5291290283,27.5634269714,3.58823609352,-1.49394547939],[-51.2276229858,-15.4860124588,12.9095258713,15.4742956161,9.81590270996,14.2994604111,8.22528171539,-0.315837740898,18.3659534454,27.5634269714,53.4640197754,20.584690094,2.91292762756],[-153.618621826,-10.9272727966,18.7872695923,-16.0981063843,7.20670938492,2.65839099884,-3.92460083961,3.54743814468,-11.0466918945,3.58823609352,20.584690094,43.7557640076,20.015039444],[-200.762252808,-34.06199646,23.809551239,-17.908788681,9.4292640686,-1.94969952106,-3.05495047569,1.38001799583,-7.75019168854,-1.49394547939,2.91292762756,20.015039444,41.754234314]],"icov":[[0.0000445382211183,-0.0000631369111943,0.00017080163525,-0.000153564556967,-0.0000314154203807,0.000114998088975,0.0000544246613572,-0.000307211332256,0.000252747966442,-0.000163406613865,-0.0000667264466756,0.000146710939589,0.00000137675522183],[-0.0000631369111943,0.00100203801412,-0.000403881596867,-0.00179040117655,-0.000149295228766,0.000582345935982,-0.000683687569108,0.000974685011897,0.000883420289028,-0.000122918776469,0.000979193020612,-0.00109707005322,0.000572068500333],[0.00017080163525,-0.000403881596867,0.00352136837319,-0.000410690438002,-0.00189368915744,0.00169172754977,0.000248233322054,-0.00112373544835,0.00170493277255,-0.000135601410875,-0.00162811554037,0.000881616666447,-0.00112784071825],[-0.000153564556967,-0.00179040117655,-0.000410690438002,0.00819296855479,0.00058525201166,-0.00308843026869,0.0000677809221088,0.000808892189525,-0.00657643098384,0.000857483071741,-0.000793776183855,0.00105745578185,-0.000390372704715],[-0.0000314154203807,-0.000149295228766,-0.00189368915744,0.00058525201166,0.00961237307638,-0.00397830829024,-0.00171506358311,0.000440157018602,-0.000611761177424,-0.00339995883405,0.002169824671,-0.000911630573682,-0.00138810079079],[0.000114998088975,0.000582345935982,0.00169172754977,-0.00308843026869,-0.00397830829024,0.016759082675,-0.00575678888708,-0.0016747622285,0.00322767836042,-0.00162975280546,-0.00223793205805,-0.000511114369147,0.000995714217424],[0.0000544246613572,-0.000683687569108,0.000248233322054,0.0000677809221088,-0.00171506358311,-0.00575678888708,0.0178014226258,-0.00761771062389,-0.00474130362272,0.00614820886403,-0.00390096544288,0.00322564644739,-0.00066997052636],[-0.000307211332256,0.000974685011897,-0.00112373544835,0.000808892189525,0.000440157018602,-0.0016747622285,-0.00761771062389,0.0166753828526,-0.0040841777809,-0.0039092740044,0.00762973865494,-0.00673499004915,0.000817840511445],[0.000252747966442,0.000883420289028,0.00170493277255,-0.00657643098384,-0.000611761177424,0.00322767836042,-0.00474130362272,-0.0040841777809,0.0212077386677,-0.00648092897609,-0.00425254832953,0.00593942822888,-0.000625844637398],[-0.000163406613865,-0.000122918776469,-0.000135601410875,0.000857483071741,-0.00339995883405,-0.00162975280546,0.00614820886403,-0.0039092740044,-0.00648092897609,0.0235509965569,-0.0114709008485,0.00325946393423,-0.000292608805466],[-0.0000667264466756,0.000979193020612,-0.00162811554037,-0.000793776183855,0.002169824671,-0.00223793205805,-0.00390096544288,0.00762973865494,-0.00425254832953,-0.0114709008485,0.0352198146284,-0.0202009361237,0.00596038904041],[0.000146710939589,-0.00109707005322,0.000881616666447,0.00105745578185,-0.000911630573682,-0.000511114369147,0.00322564644739,-0.00673499004915,0.00593942822888,0.00325946393423,-0.0202009361237,0.0428723804653,-0.0175207816064],[0.00000137675522183,0.000572068500333,-0.00112784071825,-0.000390372704715,-0.00138810079079,0.000995714217424,-0.00066997052636,0.000817840511445,-0.000625844637398,-0.000292608805466,0.00596038904041,-0.0175207816064,0.0330387726426]],"mean":[-714.925476074,88.6242446899,-3.62992167473,30.8645839691,2.66565275192,1.72463560104,4.61933946609,4.13200426102,3.87432813644,3.1660015583,-0.00277523929253,-0.849057257175,-1.67535364628]},"pitch_salience":{"dmean":0.0652656108141,"dmean2":0.105507820845,"dvar":0.00543501414359,"dvar2":0.0137006267905,"max":0.842917501926,"mean":0.55506670475,"median":0.588153958321,"min":0.0000161359475896,"var":0.0360230840743},"silence_rate_20dB":{"dmean":0,"dmean2":0,"dvar":0,"dvar2":0,"max":1,"mean":1,"median":1,"min":1,"var":0},"silence_rate_30dB":{"dmean":0,"dmean2":0,"dvar":0,"dvar2":0,"max":1,"mean":1,"median":1,"min":1,"var":0},"silence_rate_60dB":{"dmean":0.000789473706391,"dmean2":0.00157915509772,"dvar":0.000788799312431,"dvar2":0.0021030723583,"max":1,"mean":0.201026186347,"median":0,"min":0,"var":0.160611614585},"spectral_centroid":{"dmean":294.422668457,"dmean2":465.256835938,"dvar":159544.484375,"dvar2":386473.21875,"max":11998.3496094,"mean":3326.42382813,"median":2227.64355469,"min":100.865905762,"var":10708499},"spectral_complexity":{"dmean":3.39342093468,"dmean2":5.24569034576,"dvar":15.5500812531,"dvar2":34.7153358459,"max":61,"mean":24.1860275269,"median":28,"min":0,"var":301.102844238},"spectral_contrast_coeffs":{"dmean":[0.0443086735904,0.0383753925562,0.032619073987,0.0235853493214,0.0171925760806,0.0157065298408],"dmean2":[0.0738725960255,0.0642775148153,0.0537634752691,0.0387878790498,0.0280551817268,0.0239414405078],"dvar":[0.00164863921236,0.0012226793915,0.00087216013344,0.000472280662507,0.000250664685154,0.000350992922904],"dvar2":[0.00450323428959,0.00341751240194,0.00236195395701,0.00125855533406,0.000641065882519,0.000660194607917],"max":[-0.374494284391,-0.52453738451,-0.558772981167,-0.611669540405,-0.652692079544,-0.589090287685],"mean":[-0.705041885376,-0.796903729439,-0.806961774826,-0.827577412128,-0.82358700037,-0.775729298592],"median":[-0.671466350555,-0.784089148045,-0.79343020916,-0.814779222012,-0.802049517632,-0.744057774544],"min":[-0.984433531761,-0.983635127544,-0.983159601688,-0.993999898434,-0.987381160259,-0.965793192387],"var":[0.0165454335511,0.00861131493002,0.00748992851004,0.00547669036314,0.00523639051244,0.00918618403375]},"spectral_contrast_valleys":{"dmean":[0.396427094936,0.346191823483,0.315569669008,0.26918938756,0.217821866274,0.22873583436],"dmean2":[0.666619479656,0.568473577499,0.493198215961,0.411289393902,0.308297604322,0.310198694468],"dvar":[0.120301760733,0.114968903363,0.104587756097,0.102730304003,0.112468160689,0.14239127934],"dvar2":[0.298262506723,0.258687287569,0.206454783678,0.185964584351,0.173412516713,0.218300700188],"max":[-5.48555469513,-4.62773799896,-5.3332901001,-5.73241233826,-5.64887857437,-7.9983124733],"mean":[-10.5783195496,-10.2214574814,-10.6869974136,-10.9275255203,-10.5202350616,-13.0344495773],"median":[-7.10325431824,-6.6298122406,-7.08504724503,-7.31285476685,-6.68263196945,-9.7362203598],"min":[-28.4180221558,-28.300031662,-28.0284252167,-27.8073253632,-27.6097240448,-27.4362106323],"var":[57.0496635437,61.1082839966,58.1129608154,56.9535751343,59.9436836243,44.5320472717]},"spectral_decrease":{"dmean":1.80631587465e-9,"dmean2":2.91666757413e-9,"dvar":7.60900863457e-18,"dvar2":1.9660913527e-17,"max":1.11050889411e-18,"mean":-5.50207568395e-9,"median":-5.33906296951e-9,"min":-3.04955953823e-8,"var":1.94344695256e-17},"spectral_energy":{"dmean":0.00698672281578,"dmean2":0.0112672438845,"dvar":0.000112849367724,"dvar2":0.000291837233817,"max":0.118214651942,"mean":0.0228796601295,"median":0.0228714253753,"min":9.85552014865e-21,"var":0.000317997008096},"spectral_energyband_high":{"dmean":0.000347980851075,"dmean2":0.000536313280463,"dvar":3.31832353595e-7,"dvar2":7.99126326001e-7,"max":0.00932839047164,"mean":0.00124304788187,"median":0.000956362346187,"min":6.73591146209e-21,"var":0.00000161269588261},"spectral_energyband_low":{"dmean":0.00565917883068,"dmean2":0.00914643518627,"dvar":0.0000967678424786,"dvar2":0.000248276453931,"max":0.108754813671,"mean":0.0095539893955,"median":0.0053265360184,"min":7.33188624557e-24,"var":0.00015858997358},"spectral_energyband_middle_high":{"dmean":0.0013083225349,"dmean2":0.00205695419572,"dvar":0.00000367529605683,"dvar2":0.00000928503322939,"max":0.0387824587524,"mean":0.00599645962939,"median":0.00496941199526,"min":1.12522816598e-21,"var":0.0000364902334695},"spectral_energyband_middle_low":{"dmean":0.00247429637238,"dmean2":0.00402452237904,"dvar":0.00002429455526,"dvar2":0.0000617198529653,"max":0.0741737857461,"mean":0.00686830747873,"median":0.00540935760364,"min":1.3748152998e-22,"var":0.0000517440603289},"spectral_entropy":{"dmean":0.119665324688,"dmean2":0.159183532,"dvar":0.051111664623,"dvar2":0.0731130242348,"max":9.83274459839,"mean":8.06904029846,"median":7.96270656586,"min":4.46661663055,"var":0.97692155838},"spectral_flux":{"dmean":0.0174356736243,"dmean2":0.0271832570434,"dvar":0.000535397906788,"dvar2":0.00118738715537,"max":0.260483890772,"mean":0.0721132606268,"median":0.0776844546199,"min":6.2535407408e-11,"var":0.00259747379459},"spectral_kurtosis":{"dmean":1.58663487434,"dmean2":2.66185450554,"dvar":20.3840847015,"dvar2":50.5885276794,"max":104.661972046,"mean":4.64308452606,"median":2.92660689354,"min":-1.34688961506,"var":100.054252625},"spectral_rms":{"dmean":0.000601879553869,"dmean2":0.000954518036451,"dvar":6.39696168037e-7,"dvar2":0.00000162270589499,"max":0.0107392445207,"mean":0.00408389233053,"median":0.00472372584045,"min":3.10082927217e-12,"var":0.0000056432263591},"spectral_rolloff":{"dmean":505.023651123,"dmean2":832.98059082,"dvar":471352.03125,"dvar2":1095520.75,"max":20004.3457031,"mean":4127.96142578,"median":2497.8515625,"min":21.533203125,"var":33305674},"spectral_skewness":{"dmean":0.192164376378,"dmean2":0.301621794701,"dvar":0.157354876399,"dvar2":0.32632881403,"max":8.56113910675,"mean":1.20646774769,"median":1.16823852062,"min":-0.109997965395,"var":1.08312606812},"spectral_spread":{"dmean":523577.46875,"dmean2":816154.125,"dvar":1011191709700,"dvar2":2357875965950,"max":52648144,"mean":10753014,"median":4461491.5,"min":875766.8125,"var":200886542402000},"spectral_strongpeak":{"dmean":0.373017162085,"dmean2":0.658475875854,"dvar":0.679707407951,"dvar2":1.8495708704,"max":10.1380567551,"mean":0.552595019341,"median":0.300318598747,"min":0,"var":0.753190457821},"zerocrossingrate":{"dmean":0.0105349896476,"dmean2":0.0128946341574,"dvar":0.000128143175971,"dvar2":0.000171062391018,"max":0.53662109375,"mean":0.127261474729,"median":0.083984375,"min":0,"var":0.021907845512}},"metadata":{"audio_properties":{"analysis_sample_rate":44100,"bit_rate":0,"codec":"flac","downmix":"mix","equal_loudness":0,"length":176.466659546,"lossless":true,"md5_encoded":"6061fa9fdc876d9813b8644be1a008a7","replay_gain":-15.5948047638,"sample_rate":44100},"tags":{"album":["Risk"],"albumartist":["Megadeth"],"albumartistsort":["Megadeth"],"artist":["Megadeth"],"artistsort":["Megadeth"],"asin":["B00001ZTFZ"],"barcode":["4988006773592"],"catalognumber":["TOCP-65272"],"date":["1999-08-18"],"discnumber":["1"],"disctotal":["1"],"file_name":"12 - Time_ The End.flac","genre":["Metal"],"grouping":["Metal"],"label":["東芝EMI 株式会社"],"media":["CD"],"mood":["Angry"],"musicbrainz_albumartistid":["a9044915-8be3-4c7e-b11f-9e2d2ea0a91e"],"musicbrainz_albumid":["1d78017f-eeca-45ab-9bf2-681b67dfd464"],"musicbrainz_artistid":["a9044915-8be3-4c7e-b11f-9e2d2ea0a91e"],"musicbrainz_recordingid":["8dd5db63-6191-4150-adf3-b8eafa164860"],"musicbrainz_releasegroupid":["49e5d092-0e76-3d60-a994-160a50bd2b7e"],"musicbrainz_releasetrackid":["29f25de6-50f6-35d5-9a35-84e87d316e08"],"originaldate":["1999-08-18"],"originalyear":["1999"],"releasecountry":["JP"],"releasestatus":["official"],"releasetype":["album"],"script":["Latn"],"title":["Time: The End"],"totaldiscs":["1"],"totaltracks":["13"],"tracknumber":["12"],"tracktotal":["13"]},"version":{"essentia":"2.1-beta2","essentia_build_sha":"2d9f1f26377add8aeb1075a9c2973f962c4f09fd","essentia_git_sha":"v2.1_beta2-1-ge3940c0","extractor":"music 1.0"}},"rhythm":{"beats_count":435,"beats_loudness":{"dmean":0.0117762759328,"dmean2":0.0209777411073,"dvar":0.000114531387226,"dvar2":0.000378073658794,"max":0.0805012881756,"mean":0.0274928491563,"median":0.0292565170676,"min":0,"var":0.000337398232659},"beats_loudness_band_ratio":{"dmean":[0.195110723376,0.137858957052,0.0722617432475,0.0506195910275,0.0488990135491,0.0503999218345],"dmean2":[0.346308410168,0.249407336116,0.126255273819,0.0890114232898,0.086019732058,0.0903933048248],"dvar":[0.0302319265902,0.0192253757268,0.0062594502233,0.00397835532203,0.00313959922642,0.00499342055991],"dvar2":[0.0832140371203,0.0478290095925,0