{"lowlevel":{"average_loudness":0.908171474934,"barkbands":{"dmean":[0.0000601618376095,0.00246668956243,0.00243500550278,0.0029564362485,0.00387460435741,0.000578400038648,0.000312142277835,0.000247078132816,0.000249767355854,0.000176595654921,0.0000900061641005,0.000114886170195,0.000174620756297,0.000209858844755,0.000228445278481,0.000186419681995,0.000202234179596,0.000112451671157,0.000116052971862,0.0000955835203058,0.0000762332856539,0.0000578909312026,0.0000394319285988,0.0000359144796676,0.0000242161422648,0.0000083542390712,0.00000117863214655],"dmean2":[0.000100049313914,0.00398015836254,0.00421203160658,0.00481745228171,0.00605620117858,0.000928810972255,0.000504801922943,0.0003839386045,0.00039041947457,0.000269106589258,0.000139814059366,0.000182230563951,0.000278478284599,0.000334465003107,0.000358961406164,0.000298030558042,0.00031661245157,0.00017752176791,0.000182276606211,0.000149991581566,0.000120650038298,0.000089146400569,0.0000578217295697,0.0000490233069286,0.0000327567795466,0.0000113510832307,0.00000164502750977],"dvar":[1.48082657248e-8,0.0000196258642973,0.0000172551990545,0.0000246095369221,0.0000683311518515,0.00000126022632685,4.94293601605e-7,0.00000116994442578,0.0000011831334632,4.15722382741e-7,6.90311807716e-8,9.34930355356e-8,2.75321440313e-7,5.39517372999e-7,1.76239254301e-7,1.08998378323e-7,1.54299684141e-7,3.83992144748e-8,4.06901463634e-8,3.25420046465e-8,2.8205446867e-8,1.79591648219e-8,1.04929771538e-8,1.23375638594e-8,3.34852345851e-9,2.75070327627e-10,4.88609500082e-12],"dvar2":[3.6308129836e-8,0.0000456951056549,0.0000470792801934,0.000065703963628,0.000146508449689,0.00000301427212435,0.00000121698121802,0.00000262459161604,0.0000027084508929,7.50498543312e-7,1.47628867353e-7,2.15572470097e-7,6.0728035578e-7,0.00000144126636314,4.06667510333e-7,2.70897572818e-7,3.4745843891e-7,9.2574964583e-8,9.53327230491e-8,7.72848238739e-8,6.97950071071e-8,4.25286224015e-8,2.32547652246e-8,2.50976963656e-8,6.49613562942e-9,5.48680101353e-10,1.00139670861e-11],"max":[0.00119406078011,0.0496514514089,0.0526324100792,0.0643664374948,0.122772008181,0.0214297324419,0.0212569348514,0.0515649840236,0.097294472158,0.0574522987008,0.0149769159034,0.0151014020666,0.031747084111,0.0625154748559,0.0105066467077,0.00633722869679,0.0104560423642,0.00497103994712,0.00561383413151,0.00507457042113,0.00413516210392,0.00290169008076,0.00365998968482,0.00443024002016,0.00229569175281,0.000390894390875,0.0000379326447728],"mean":[0.0000598053520662,0.00317920790985,0.00303286127746,0.00469136750326,0.00582920433953,0.000914658419788,0.00049415207468,0.000379988807254,0.000408834661357,0.000320301216561,0.0001675637468,0.000195208893274,0.000291932985419,0.000379407167202,0.000449576473329,0.000339604652254,0.000417728966568,0.000222222122829,0.000248544209171,0.000205392221687,0.000151540909428,0.000113042966404,0.0000820237182779,0.00007293051749,0.0000510222489538,0.0000163592849276,0.00000206641288969],"median":[0.0000150849173224,0.00145192036871,0.0017126458697,0.00267561012879,0.0023407486733,0.000427029212005,0.000189926460735,0.000105260500277,0.000116706403787,0.000107987914816,0.0000525868781551,0.0000836115432321,0.000104451690277,0.000150107356603,0.000197316810954,0.00017205090262,0.000194146763533,0.000127480714582,0.000137478811666,0.00010180001118,0.0000738254966564,0.0000500259775436,0.0000447881720902,0.0000362599057553,0.0000272997349384,0.00000594182802161,6.54613472761e-7],"min":[3.91030580438e-24,1.28116414705e-23,6.53092776394e-24,5.65299933492e-24,2.84354916043e-23,2.12001792885e-23,5.82475391774e-23,2.39298084145e-23,2.88521553127e-23,1.02321633403e-22,4.89579131575e-23,5.45073035011e-23,5.08009730666e-23,8.69034290523e-23,1.16450624465e-22,1.54858785193e-22,1.67679428355e-22,1.96387452469e-22,2.60306630187e-22,2.72096680219e-22,3.90934826924e-22,5.19937793491e-22,5.53809688469e-22,6.58504934916e-22,1.32714666936e-21,1.65600902301e-21,2.24926261502e-21],"var":[1.35275017854e-8,0.0000220354395424,0.0000168041478901,0.0000372948670702,0.000104741418909,0.00000207137691177,8.99452686554e-7,0.00000175569221028,0.00000177848266958,0.00000103639467852,2.35507556567e-7,1.7551465703e-7,5.15699127845e-7,7.46023260945e-7,4.93854599881e-7,2.35362236367e-7,4.70756759796e-7,8.13539813294e-8,1.14007136176e-7,8.71333369901e-8,4.67642387036e-8,3.13876640234e-8,1.83988682068e-8,2.5058859876e-8,7.92809728978e-9,6.83378409416e-10,1.03860106279e-11]},"barkbands_crest":{"dmean":2.49268817902,"dmean2":4.10540390015,"dvar":5.02635002136,"dvar2":13.0444574356,"max":23.1326160431,"mean":9.87561511993,"median":9.46469688416,"min":2.48149085045,"var":11.9762296677},"barkbands_flatness_db":{"dmean":0.0213154181838,"dmean2":0.0336532667279,"dvar":0.000416706665419,"dvar2":0.000995870912448,"max":0.303379267454,"mean":0.123203188181,"median":0.11971192807,"min":0.0238569881767,"var":0.00139297463465},"barkbands_kurtosis":{"dmean":3.48467826843,"dmean2":5.51952981949,"dvar":26.8620471954,"dvar2":61.6649589539,"max":105.264381409,"mean":5.20694923401,"median":2.50700688362,"min":-1.93252539635,"var":71.7725219727},"barkbands_skewness":{"dmean":0.628646910191,"dmean2":0.967476963997,"dvar":0.392616808414,"dvar2":0.866808831692,"max":9.07961273193,"mean":1.92411530018,"median":1.83672356606,"min":-4.1023888588,"var":1.76328766346},"barkbands_spread":{"dmean":6.27632236481,"dmean2":9.84057712555,"dvar":47.9121246338,"dvar2":100.643592834,"max":134.030960083,"mean":24.6427612305,"median":22.3867969513,"min":1.79366517067,"var":194.626434326},"dissonance":{"dmean":0.0105883693323,"dmean2":0.0177070144564,"dvar":0.000107654203021,"dvar2":0.000287372939056,"max":0.500000059605,"mean":0.47788053751,"median":0.481742858887,"min":0.317014724016,"var":0.000268992094789},"dynamic_complexity":3.28860664368,"erbbands":{"dmean":[0.056384857744,0.633583545685,2.24884939194,6.13921928406,16.9039058685,9.87093448639,6.50722980499,4.29498958588,4.76121234894,4.20691585541,5.60306453705,5.44366407394,6.03690767288,4.10901355743,3.33909106255,5.27702617645,7.34101963043,10.3763284683,9.98415374756,12.5129041672,9.23277187347,9.06489086151,6.46058225632,4.91777229309,6.16023445129,4.41874074936,3.39634442329,2.75221300125,2.21323108673,1.49080014229,1.07248747349,0.882841467857,0.543799459934,0.356757849455,0.132362112403,0.0452786833048,0.0141976475716,0.00253536738455,0.000220509085921,0.0000153879755089],"dmean2":[0.0908954590559,1.0378241539,3.84939789772,10.0033607483,26.6816616058,16.3610210419,10.839430809,6.88032388687,7.75875282288,6.4104218483,8.66553878784,8.49225521088,9.26571655273,6.27351808548,5.16154241562,8.4113035202,11.6394901276,16.3104858398,15.6857280731,19.8715400696,14.5136375427,14.1907587051,10.1680736542,7.68904304504,9.69362545013,6.89766025543,5.39078760147,4.37788009644,3.43590712547,2.25113010406,1.55799138546,1.23868668079,0.751929581165,0.495129704475,0.1797298491,0.0616483353078,0.0196924153715,0.0035255709663,0.000303527107462,0.0000210570269701],"dvar":[0.0114467311651,1.27778613567,15.0177097321,77.6150588989,1440.58654785,399.079833984,147.998306274,84.5628890991,117.433364868,129.449783325,703.358703613,486.100860596,531.514831543,131.439682007,76.5141220093,196.067642212,425.243865967,1394.85852051,443.879608154,538.386962891,276.3934021,258.763336182,125.199134827,80.9824676514,127.687934875,75.7113571167,50.3787384033,42.5854301453,26.9344005585,11.6404428482,8.89834880829,9.91617393494,1.84369015694,0.731500566006,0.0940501019359,0.00990945845842,0.00075059547089,0.0000234849412664,1.64951586612e-7,4.93551643999e-10],"dvar2":[0.0278889779001,2.99818658829,39.7126350403,202.678314209,3116.4921875,1038.90600586,397.675048828,193.714370728,297.137451172,290.628936768,1522.52990723,1188.93395996,1003.59613037,276.305541992,176.035476685,469.528961182,967.619873047,3589.40527344,1003.72967529,1315.59069824,659.671508789,598.409790039,306.058929443,190.150588989,296.179107666,177.655349731,126.122444153,104.963386536,64.643737793,26.4785804749,19.9244251251,20.7834892273,3.68469786644,1.43886744976,0.180965021253,0.019226199016,0.00154455995653,0.0000488657424285,3.33798311658e-7,8.60534699054e-10],"max":[1.01839530468,12.9202136993,48.6394271851,138.039306641,471.743591309,329.358215332,234.197265625,182.567321777,246.281509399,402.899291992,1373.27648926,1843.48205566,2218.64892578,478.153839111,418.434844971,774.624633789,1124.21472168,3492.75048828,609.393310547,488.808563232,312.682434082,371.916290283,308.851379395,316.118286133,388.068237305,306.302154541,102.053184509,185.388778687,115.419410706,80.1916351318,107.859359741,139.166824341,49.707649231,27.2515048981,12.4243717194,3.80145120621,0.678579747677,0.117430016398,0.00671881809831,0.00028598040808],"mean":[0.0696968436241,0.811789512634,2.91712379456,10.7969102859,23.1307830811,14.7146186829,9.97255039215,6.70670604706,7.03811407089,7.30000257492,8.94769573212,9.1689491272,11.6158914566,7.95841646194,6.84373044968,9.52511024475,13.4724340439,20.2879314423,20.3050193787,24.7780132294,19.4334449768,19.5884571075,13.9151439667,10.6660661697,13.3044929504,9.82413482666,6.96867465973,5.34484004974,4.28783035278,3.05832386017,2.16228199005,1.71923673153,1.1172734499,0.74902677536,0.270206391811,0.0898208841681,0.0269641559571,0.00442867539823,0.000411323911976,0.0000395501447201],"median":[0.0324547365308,0.378750473261,1.79948747158,7.26228189468,8.91816902161,6.54754209518,4.94251251221,2.81075906754,2.84528303146,2.54288554192,2.54352855682,2.86800575256,3.80059885979,2.75559520721,2.85654902458,4.31241941452,5.47472763062,8.74221611023,9.51709747314,12.4335374832,10.5942144394,10.1668291092,8.0387134552,6.39602518082,7.0518245697,4.73909044266,3.14248251915,2.73228788376,1.86126828194,1.52093994617,1.15926253796,0.798934042454,0.595484137535,0.415490627289,0.134919404984,0.0339850634336,0.00991316698492,0.00141778646503,0.000140245523653,0.0000291900669254],"min":[3.72661678159e-22,3.01609781695e-21,6.94362386482e-21,1.968815389e-20,3.54055920393e-20,5.80972177308e-20,8.60236947029e-20,1.83251421556e-19,5.48339682423e-19,6.51345485574e-19,4.06580984561e-19,5.79829569463e-19,1.91555653161e-18,2.35186493982e-18,2.48286925575e-18,2.21701361367e-18,1.96980303619e-18,4.91042122162e-18,4.16059523123e-18,6.15460922356e-18,1.07071557162e-17,8.2351661603e-18,9.46441776192e-18,1.24785985668e-17,1.23713736255e-17,1.25006619553e-17,1.63418331212e-17,1.60278386694e-17,2.00818756669e-17,1.7056510553e-17,1.41920287594e-17,1.20648610224e-17,1.27677337596e-17,1.25909007427e-17,8.51448685518e-18,5.12332138127e-18,3.2809178079e-18,1.22357238633e-18,3.16243866081e-19,3.45132289482e-20],"var":[0.0115784378722,1.41864728928,14.443488121,142.564376831,1960.22583008,549.079467773,228.521591187,136.614059448,173.017059326,283.495361328,1151.20861816,732.158752441,1749.92712402,442.660919189,239.947433472,366.35635376,896.194152832,2202.94726563,1196.92956543,1264.41845703,688.028930664,748.527648926,294.019714355,182.479125977,377.501037598,216.168258667,92.7548522949,64.2531585693,46.0226020813,21.3648738861,15.1240110397,18.8020744324,3.97664475441,1.64570701122,0.228012114763,0.0254695340991,0.00170299725141,0.0000482647992612,3.67655673017e-7,1.30279242949e-9]},"erbbands_crest":{"dmean":2.24554204941,"dmean2":3.67494869232,"dvar":4.84670591354,"dvar2":12.2016305923,"max":28.776638031,"mean":7.81641340256,"median":6.92382717133,"min":2.37510633469,"var":13.1019697189},"erbbands_flatness_db":{"dmean":0.0129359606653,"dmean2":0.0190495401621,"dvar":0.000158035109052,"dvar2":0.000327362329699,"max":0.302188038826,"mean":0.130311414599,"median":0.124287046492,"min":0.0449415259063,"var":0.00115215301048},"erbbands_kurtosis":{"dmean":0.642657220364,"dmean2":1.02109253407,"dvar":0.860445261002,"dvar2":1.84231317043,"max":32.0754394531,"mean":-0.235688984394,"median":-0.712689578533,"min":-1.8542201519,"var":2.5271923542},"erbbands_skewness":{"dmean":0.319254398346,"dmean2":0.488598376513,"dvar":0.0887152701616,"dvar2":0.192517444491,"max":3.58060979843,"mean":-0.142330363393,"median":-0.151226684451,"min":-3.27698135376,"var":0.473061382771},"erbbands_spread":{"dmean":9.24357891083,"dmean2":14.1729536057,"dvar":85.9804077148,"dvar2":187.994995117,"max":182.970504761,"mean":53.3114471436,"median":52.999797821,"min":3.4525039196,"var":464.392364502},"gfcc":{"cov":[[11232.9609375,1591.17236328,313.258026123,816.590515137,-223.985015869,131.733428955,-633.759399414,-377.853637695,-208.158416748,-64.299079895,-195.268539429,-178.209091187,-35.0168151855],[1591.17236328,807.753356934,-18.671792984,177.939117432,91.5467147827,-35.4411010742,-59.1471099854,-93.1583938599,5.40232849121,-65.525428772,2.59372258186,-82.7238235474,20.0426464081],[313.258026123,-18.671792984,812.130615234,272.550994873,28.9229831696,77.6807861328,-117.269737244,-38.9493675232,-34.9340744019,38.4846725464,-23.5587558746,21.5609531403,-15.5150222778],[816.590515137,177.939117432,272.550994873,375.748809814,57.8381538391,53.243888855,-110.628135681,-84.028503418,-6.00263023376,-6.13964509964,-12.8475379944,-24.5950870514,28.3956108093],[-223.985015869,91.5467147827,28.9229831696,57.8381538391,270.172698975,26.057970047,9.90953159332,14.143696785,28.9196987152,-6.86663389206,-20.768327713,20.3479537964,21.1986904144],[131.733428955,-35.4411010742,77.6807861328,53.243888855,26.057970047,181.145706177,-3.49138045311,15.8331890106,5.66172885895,-1.15883219242,17.2966270447,-1.66046535969,-0.211377263069],[-633.759399414,-59.1471099854,-117.269737244,-110.628135681,9.90953159332,-3.49138045311,200.373535156,58.3539352417,-0.359941780567,14.8989067078,13.5168151855,10.1926498413,-6.82401371002],[-377.853637695,-93.1583938599,-38.9493675232,-84.028503418,14.143696785,15.8331890106,58.3539352417,102.156356812,38.3271942139,9.99532699585,9.28193473816,17.2613525391,-3.76390314102],[-208.158416748,5.40232849121,-34.9340744019,-6.00263023376,28.9196987152,5.66172885895,-0.359941780567,38.3271942139,90.520324707,23.9281291962,6.34033250809,3.03901290894,10.7062749863],[-64.299079895,-65.525428772,38.4846725464,-6.13964509964,-6.86663389206,-1.15883219242,14.8989067078,9.99532699585,23.9281291962,84.5173492432,18.8197555542,9.5010137558,-3.42286682129],[-195.268539429,2.59372258186,-23.5587558746,-12.8475379944,-20.768327713,17.2966270447,13.5168151855,9.28193473816,6.34033250809,18.8197555542,80.3882598877,13.6631250381,-10.7998189926],[-178.209091187,-82.7238235474,21.5609531403,-24.5950870514,20.3479537964,-1.66046535969,10.1926498413,17.2613525391,3.03901290894,9.5010137558,13.6631250381,70.5228118896,14.2566757202],[-35.0168151855,20.0426464081,-15.5150222778,28.3956108093,21.1986904144,-0.211377263069,-6.82401371002,-3.76390314102,10.7062749863,-3.42286682129,-10.7998189926,14.2566757202,57.2300415039]],"icov":[[0.000303434120724,-0.000807094329502,0.000347039604094,-0.000514735002071,0.000631651259027,-0.000586442125496,0.00083984027151,-0.000598848215304,0.00105187704321,-0.00109930662438,0.00146604003385,-0.00100082205608,0.000905852532014],[-0.000807094329502,0.00417277170345,-0.00095367821632,0.000880653678905,-0.00249785766937,0.00230032578111,-0.00245885411277,0.00302818301134,-0.00368421827443,0.00456661358476,-0.00536779221147,0.00505746947601,-0.00312145403586],[0.000347039604094,-0.00095367821632,0.00255157076754,-0.00230002403259,0.000846433627885,-0.00118508085143,0.00176157429814,-0.00183867756277,0.00258170813322,-0.00280834524892,0.00293400115333,-0.00275582377799,0.00273971213028],[-0.000514735002071,0.000880653678905,-0.00230002403259,0.00662842998281,-0.00191506999545,-0.0000919106823858,-0.000542622990906,0.00445490097627,-0.0029002064839,0.00219581229612,-0.00329679995775,0.00365448417142,-0.00445701275021],[0.000631651259027,-0.00249785766937,0.000846433627885,-0.00191506999545,0.0060876486823,-0.00200085295364,0.00111454585567,-0.0021046793554,0.00104068650398,-0.00227743177675,0.00516498507932,-0.00485852640122,0.00202716933563],[-0.000586442125496,0.00230032578111,-0.00118508085143,-0.0000919106823858,-0.00200085295364,0.00783999171108,-0.00175524898805,-0.000331289193127,-0.00205817376263,0.00341535406187,-0.00530874356627,0.00375505071133,-0.00224901293404],[0.00083984027151,-0.00245885411277,0.00176157429814,-0.000542622990906,0.00111454585567,-0.00175524898805,0.00960776209831,-0.00579131254926,0.0058667268604,-0.00516349263489,0.00378185417503,-0.00260354718193,0.00242309132591],[-0.000598848215304,0.00302818301134,-0.00183867756277,0.00445490097627,-0.0021046793554,-0.000331289193127,-0.00579131254926,0.0206591300666,-0.0110373580828,0.00527032883838,-0.00404964899644,0.00137071125209,-0.00141486129723],[0.00105187704321,-0.00368421827443,0.00258170813322,-0.0029002064839,0.00104068650398,-0.00205817376263,0.0058667268604,-0.0110373580828,0.0212558563799,-0.00995380152017,0.00517426850274,-0.00268373731524,0.000726521306206],[-0.00109930662438,0.00456661358476,-0.00280834524892,0.00219581229612,-0.00227743177675,0.00341535406187,-0.00516349263489,0.00527032883838,-0.00995380152017,0.0204191748053,-0.00959314778447,0.00462381308898,-0.00341440690681],[0.00146604003385,-0.00536779221147,0.00293400115333,-0.00329679995775,0.00516498507932,-0.00530874356627,0.00378185417503,-0.00404964899644,0.00517426850274,-0.00959314778447,0.0237942989916,-0.0112097291276,0.00920081138611],[-0.00100082205608,0.00505746947601,-0.00275582377799,0.00365448417142,-0.00485852640122,0.00375505071133,-0.00260354718193,0.00137071125209,-0.00268373731524,0.00462381308898,-0.0112097291276,0.0251078139991,-0.0109420754015],[0.000905852532014,-0.00312145403586,0.00273971213028,-0.00445701275021,0.00202716933563,-0.00224901293404,0.00242309132591,-0.00141486129723,0.000726521306206,-0.00341440690681,0.00920081138611,-0.0109420754015,0.0256335474551]],"mean":[-14.8169975281,75.851272583,-107.609710693,48.8422737122,-44.2608184814,13.3412208557,-43.538356781,3.77210521698,-28.2129249573,-2.26106309891,-21.5834465027,-6.42367744446,-12.4354801178]},"hfc":{"dmean":3.95952153206,"dmean2":5.52701044083,"dvar":45.2548561096,"dvar2":82.5805587769,"max":156.104492188,"mean":13.5533723831,"median":10.2657299042,"min":1.12239343224e-16,"var":142.776306152},"melbands":{"dmean":[0.00060706154909,0.00102035352029,0.00139634148218,0.000971316709183,0.000250499491813,0.0000977960808086,0.000068939429184,0.0000465362572868,0.0000457263595308,0.0000349914735125,0.0000303615106532,0.000017389686036,0.0000118370253404,0.0000125582810142,0.0000149118350237,0.0000177070724021,0.000020886580387,0.000016454830984,0.0000153896071424,0.0000170841612999,0.0000118097077575,0.0000107921723611,0.00000876760077517,0.00000496729535371,0.00000425032840212,0.00000509224719281,0.00000397885742132,0.00000301617069454,0.00000236703363043,0.00000197022518478,0.00000164223149568,0.00000139322446557,0.00000106660741039,8.18639364297e-7,6.30366685073e-7,6.67774486374e-7,5.28044722614e-7,3.82716280001e-7,3.90941920614e-7,2.92466665996e-7],"dmean2":[0.000975038914476,0.00170093157794,0.00224649906158,0.00153429154307,0.00041795722791,0.000156622249051,0.000111444263894,0.0000707321451046,0.0000700821765349,0.0000544449831068,0.0000466681703983,0.000026714451451,0.000018201124476,0.0000200562790269,0.0000239002201852,0.000027765701816,0.0000328805508616,0.000026056988645,0.0000241525085585,0.0000273193509202,0.0000186499237316,0.0000168607057276,0.0000141451837408,0.00000783617815614,0.00000674835382597,0.0000080821400843,0.00000627477311355,0.0000047843491302,0.00000380763617613,0.00000316378918797,0.0000026374520985,0.00000218566538024,0.00000167029520526,0.0000012487762433,9.35201455832e-7,9.90106059362e-7,7.48096965708e-7,5.44772547073e-7,5.55305120997e-7,4.17256075025e-7],"dvar":[0.00000124807218072,0.00000297165752272,0.00000545043531019,0.00000433477725892,2.10046366078e-7,4.07325799756e-8,2.34454446968e-8,1.87639965787e-8,4.38233414002e-8,2.50928628986e-8,1.3327363213e-8,2.42145792306e-9,1.05397923722e-9,1.01857566825e-9,1.48098278085e-9,3.68470276513e-9,4.80298156802e-9,1.29445920649e-9,7.45053130302e-10,9.69890057156e-10,5.37416167123e-10,4.19628803927e-10,2.25208754423e-10,8.49819728477e-11,6.23939788724e-11,8.40886110742e-11,5.60212987111e-11,3.53559681532e-11,2.40331417961e-11,1.88620213198e-11,1.52590665797e-11,1.01644604192e-11,6.06547711363e-12,3.52807778652e-12,2.85602509524e-12,5.11498525826e-12,3.57890756961e-12,8.83214237423e-13,9.67956075536e-13,4.73097743706e-13],"dvar2":[0.00000295184463539,0.00000736800575396,0.0000131924707603,0.00000955141695158,5.65024436128e-7,9.30484134187e-8,5.8491515631e-8,4.23778239167e-8,9.12795883323e-8,6.0805199098e-8,2.54836045599e-8,5.14601383728e-9,2.26494667466e-9,2.5469850673e-9,3.2459177568e-9,8.18635559341e-9,1.21001066944e-8,2.93909208082e-9,1.69936509309e-9,2.42114084337e-9,1.25668275786e-9,9.47443457022e-10,5.68207370044e-10,2.07709072164e-10,1.4922375835e-10,1.978583547e-10,1.29535271398e-10,8.475310731e-11,6.12995279536e-11,4.73402393675e-11,3.79884873558e-11,2.46701877676e-11,1.46800575168e-11,8.13453731457e-12,6.66378627626e-12,1.10314136298e-11,7.57409239494e-12,1.8415926336e-12,1.95707903008e-12,9.7016904059e-13],"max":[0.0113709550351,0.0211672373116,0.026309736073,0.0307762306184,0.00715171964839,0.0040845903568,0.00326372962445,0.00711304135621,0.0132334660739,0.014788816683,0.0110325617716,0.00183576007839,0.00147037417628,0.00138942548074,0.00209913030267,0.00417435541749,0.00621337024495,0.0012526732171,0.000763469317462,0.000588280672673,0.000541573797818,0.000510184967425,0.00034127116669,0.000316128367558,0.000274436344625,0.00025766598992,0.000248898868449,0.000228461052757,0.0000874449469848,0.000109750275442,0.000108566928247,0.0000595385572524,0.0000629633577773,0.0000465293269372,0.0000592566684645,0.000111264744191,0.0000822320216685,0.0000322061605402,0.0000405586069974,0.00002342096559],"mean":[0.000780976552051,0.00140422594268,0.00229238718748,0.00142397859599,0.000388652464608,0.000154305045726,0.000106334606244,0.0000776020169724,0.0000723362245481,0.000058018576965,0.0000571987075091,0.0000317589037877,0.0000229747238336,0.0000219225730689,0.0000263932870439,0.0000309119459416,0.000038571877667,0.0000308695525746,0.0000307029622491,0.0000315790020977,0.000022841615646,0.0000216577791434,0.0000171862229763,0.00000946003456193,0.00000827211260912,0.0000101462492239,0.00000819395791041,0.00000610823190073,0.0000045342062549,0.00000358379793397,0.00000293601965495,0.00000251535720963,0.00000199184569283,0.00000158242016823,0.00000119147034638,0.00000123378026728,9.71096255853e-7,7.53644712859e-7,7.59792271765e-7,5.92259425503e-7],"median":[0.000345267704688,0.00088227953529,0.00146258086897,0.000577011145651,0.000194266249309,0.0000673066970194,0.0000425739963248,0.0000259581829596,0.0000190593564184,0.0000174782253453,0.0000179819071491,0.0000101438963611,0.00000806780735729,0.0000099202597994,0.0000105855606307,0.0000118639336506,0.000014874363842,0.0000131555934786,0.000014235699382,0.000015071846974,0.0000108951508082,0.0000101947098301,0.0000091720448836,0.00000509908477397,0.00000476204604638,0.00000536295237907,0.00000411417886426,0.00000270508439826,0.00000198621273739,0.00000153975440753,0.00000142666544889,0.00000101352407,8.96380470294e-7,7.74014324634e-7,6.28634097666e-7,6.04689603279e-7,4.20275767965e-7,3.89947359736e-7,3.9984846012e-7,3.27092067209e-7],"min":[4.70360996865e-24,4.22600557207e-24,3.43256848474e-24,5.20993955181e-24,2.71120863224e-24,3.99389626691e-24,1.13216149603e-23,7.00623973073e-24,2.68973958549e-24,4.07450601851e-24,9.41888324579e-24,1.09429427932e-23,7.03660535355e-24,7.11435469551e-24,4.53994933538e-24,5.37139650214e-24,9.79621198283e-24,5.11733635343e-24,9.59995048936e-24,8.05458223122e-24,1.32203755491e-23,9.01288099256e-24,6.04518784484e-24,1.03118477581e-23,9.09142471745e-24,7.48744646063e-24,8.48307254228e-24,7.61344726872e-24,1.08530812809e-23,7.39951055781e-24,1.05494723843e-23,1.07066324092e-23,1.15358056844e-23,9.44205445715e-24,8.38497058897e-24,7.40657559607e-24,7.17398232475e-24,8.58676909713e-24,8.93787846427e-24,8.90959227879e-24],"var":[0.00000136461881084,0.000003187451739,0.00000814522081782,0.00000626083328825,3.26824874719e-7,6.74452849125e-8,3.7829355648e-8,3.6150893834e-8,7.87947556091e-8,3.54339810826e-8,4.34718998576e-8,7.91533327771e-9,3.74796593761e-9,1.74757619487e-9,3.47547945978e-9,6.62582611e-9,8.14281442274e-9,3.08765102375e-9,2.12172590608e-9,2.22653628867e-9,1.28460242443e-9,1.16741227796e-9,5.39026101531e-10,1.71803390958e-10,1.27164639929e-10,2.20101908921e-10,1.67502872683e-10,9.09960370943e-11,4.2648790749e-11,2.96775347353e-11,2.18264503693e-11,1.68723975763e-11,1.01332024369e-11,6.03889984893e-12,4.46010806412e-12,8.67968370788e-12,6.75112396542e-12,1.78703395397e-12,2.01415858818e-12,1.01277395758e-12]},"melbands_crest":{"dmean":3.30800700188,"dmean2":5.48397064209,"dvar":7.94698524475,"dvar2":21.2303848267,"max":31.8255596161,"mean":14.9899463654,"median":14.6236143112,"min":2.02573370934,"var":21.6029415131},"melbands_flatness_db":{"dmean":0.0270510278642,"dmean2":0.0421767197549,"dvar":0.000685370410793,"dvar2":0.00155049259774,"max":0.408919364214,"mean":0.192601785064,"median":0.191145092249,"min":0.00490372348577,"var":0.00281235598959},"melbands_kurtosis":{"dmean":11.4219808578,"dmean2":17.9336566925,"dvar":283.128631592,"dvar2":647.400268555,"max":417.187805176,"mean":23.4326438904,"median":14.8116016388,"min":-1.81908035278,"var":847.385864258},"melbands_skewness":{"dmean":0.947544455528,"dmean2":1.46373307705,"dvar":0.91765075922,"dvar2":2.07836985588,"max":16.4913311005,"mean":3.75110936165,"median":3.58206105232,"min":-1.9628329277,"var":4.26298332214},"melbands_spread":{"dmean":7.57091808319,"dmean2":11.8110933304,"dvar":94.0760726929,"dvar2":207.59803772,"max":216.532150269,"mean":22.9826469421,"median":17.7604370117,"min":1.1321130991,"var":349.728057861},"mfcc":{"cov":[[6688.68115234,811.726257324,370.005859375,371.743011475,274.868408203,267.240661621,-141.974578857,-192.608062744,-96.1459960938,-77.1116790771,-130.336242676,-72.561882019,-72.5328598022],[811.726257324,613.133422852,-88.7183074951,122.936798096,76.8389358521,13.4923210144,11.3316030502,-2.974599123,13.8218460083,-10.3684949875,-11.430721283,-0.111470259726,6.58596277237],[370.005859375,-88.7183074951,732.311767578,148.328536987,145.97883606,96.1308822632,-7.41573143005,-52.3603096008,-48.6630744934,-16.0369148254,-18.3554229736,10.4713840485,-4.11858320236],[371.743011475,122.936798096,148.328536987,297.979003906,119.779472351,66.9494171143,-14.6463899612,-47.1770820618,20.8787021637,-30.0858154297,-42.8026351929,3.04302716255,8.94604492188],[274.868408203,76.8389358521,145.97883606,119.779472351,315.496063232,91.6421279907,-34.2503509521,6.69834947586,18.7798614502,-7.12459516525,-27.9957714081,-8.40373134613,15.5566596985],[267.240661621,13.4923210144,96.1308822632,66.9494171143,91.6421279907,136.663116455,30.3821048737,-4.45042276382,9.38251686096,-3.91483855247,-3.82822608948,-4.33159160614,2.48499059677],[-141.974578857,11.3316030502,-7.41573143005,-14.6463899612,-34.2503509521,30.3821048737,121.742599487,38.0503807068,-4.12865924835,6.20247030258,17.5272712708,8.83160591125,1.21580040455],[-192.608062744,-2.974599123,-52.3603096008,-47.1770820618,6.69834947586,-4.45042276382,38.0503807068,103.212234497,23.6411705017,4.55568599701,16.242647171,-5.12384986877,2.8494951725],[-96.1459960938,13.8218460083,-48.6630744934,20.8787021637,18.7798614502,9.38251686096,-4.12865924835,23.6411705017,104.470748901,16.6433753967,-5.77384233475,0.523635149002,2.41290450096],[-77.1116790771,-10.3684949875,-16.0369148254,-30.0858154297,-7.12459516525,-3.91483855247,6.20247030258,4.55568599701,16.6433753967,82.7390441895,24.4422054291,-0.937979698181,1.23423552513],[-130.336242676,-11.430721283,-18.3554229736,-42.8026351929,-27.9957714081,-3.82822608948,17.5272712708,16.242647171,-5.77384233475,24.4422054291,81.6494522095,15.6383581161,3.10823225975],[-72.561882019,-0.111470259726,10.4713840485,3.04302716255,-8.40373134613,-4.33159160614,8.83160591125,-5.12384986877,0.523635149002,-0.937979698181,15.6383581161,71.4779510498,23.4533843994],[-72.5328598022,6.58596277237,-4.11858320236,8.94604492188,15.5566596985,2.48499059677,1.21580040455,2.8494951725,2.41290450096,1.23423552513,3.10823225975,23.4533843994,61.0139007568]],"icov":[[0.000234191713389,-0.00033395763603,-0.0000738994276617,0.00000760803231969,0.0000995844893623,-0.000541761168279,0.000396937713958,0.000122968325741,0.000248800759437,-0.00000454784958492,0.00021221980569,0.0000563012508792,0.000249170698225],[-0.00033395763603,0.00243785022758,0.00060663925251,-0.000994444359094,-0.000685074075591,0.00117279740516,-0.00108669500332,-0.0000802897920948,-0.000180308212293,0.0000210160815186,-0.000504091323819,-0.0000641993392492,-0.000264020782197],[-0.0000738994276617,0.00060663925251,0.00192798278295,-0.000809184857644,-0.000669747241773,-0.000468621146865,-0.000212293845834,0.000344102096278,0.00100443139672,-0.000183843032573,-0.0000908362708287,-0.000512256578077,0.00043899929733],[0.00000760803231969,-0.000994444359094,-0.000809184857644,0.00568313058466,-0.00105885567609,-0.00104208220728,-0.000393268303014,0.00249373889528,-0.00182854826562,0.00153113040142,0.00130908773281,-0.000155448360601,-0.00053331773961],[0.0000995844893623,-0.000685074075591,-0.000669747241773,-0.00105885567609,0.00552341202274,-0.00360002648085,0.00312346871942,-0.00250158831477,0.000295376812574,-0.000676539668348,0.00113625428639,0.000188530000742,-0.00103305955417],[-0.000541761168279,0.00117279740516,-0.000468621146865,-0.00104208220728,-0.00360002648085,0.0130298892036,-0.00574508681893,0.00203140662052,-0.00208573555574,0.000764758617152,-0.00176807760727,0.0014039989328,-0.000625259766821],[0.000396937713958,-0.00108669500332,-0.000212293845834,-0.000393268303014,0.00312346871942,-0.00574508681893,0.012972002849,-0.00543975504115,0.0023787599057,-0.00118658086285,0.000172705782461,-0.00182063190732,0.000686642073561],[0.000122968325741,-0.0000802897920948,0.000344102096278,0.00249373889528,-0.00250158831477,0.00203140662052,-0.00543975504115,0.0148050384596,-0.00395902525634,0.00206480361521,-0.00229051313363,0.00238309218548,-0.000900066806935],[0.000248800759437,-0.000180308212293,0.00100443139672,-0.00182854826562,0.000295376812574,-0.00208573555574,0.0023787599057,-0.00395902525634,0.0124301034957,-0.00342686893418,0.00204886053689,-0.00132721394766,0.000781824521255],[-0.00000454784958492,0.0000210160815186,-0.000183843032573,0.00153113040142,-0.000676539668348,0.000764758617152,-0.00118658086285,0.00206480361521,-0.00342686893418,0.0146078784019,-0.00450092134997,0.00166516413447,-0.000746787525713],[0.00021221980569,-0.000504091323819,-0.0000908362708287,0.00130908773281,0.00113625428639,-0.00176807760727,0.000172705782461,-0.00229051313363,0.00204886053689,-0.00450092134997,0.016101360321,-0.00379461678676,0.000642854487523],[0.0000563012508792,-0.0000641993392492,-0.000512256578077,-0.000155448360601,0.000188530000742,0.0014039989328,-0.00182063190732,0.00238309218548,-0.00132721394766,0.00166516413447,-0.00379461678676,0.0176948513836,-0.00670787971467],[0.000249170698225,-0.000264020782197,0.00043899929733,-0.00053331773961,-0.00103305955417,-0.000625259766821,0.000686642073561,-0.000900066806935,0.000781824521255,-0.000746787525713,0.000642854487523,-0.00670787971467,0.019669374451]],"mean":[-655.707092285,102.325996399,2.73080348969,35.6165733337,19.3671836853,10.0795269012,1.54339826107,0.19797898829,-0.338268905878,0.273337900639,-3.83749604225,-6.49314880371,-5.28403568268]},"pitch_salience":{"dmean":0.0745057314634,"dmean2":0.124136380851,"dvar":0.00437422841787,"dvar2":0.0119999786839,"max":0.860497713089,"mean":0.568815648556,"median":0.575779855251,"min":0.19961963594,"var":0.00886775553226},"silence_rate_20dB":{"dmean":0,"dmean2":0,"dvar":0,"dvar2":0,"max":1,"mean":1,"median":1,"min":1,"var":0},"silence_rate_30dB":{"dmean":0.00778443133458,"dmean2":0.0155697949231,"dvar":0.00772423483431,"dvar2":0.0208382159472,"max":1,"mean":0.994910478592,"median":1,"min":0,"var":0.00506258150563},"silence_rate_60dB":{"dmean":0.0256287418306,"dmean2":0.0512605533004,"dvar":0.0249789189547,"dvar2":0.0550972037017,"max":1,"mean":0.0928088128567,"median":0,"min":0,"var":0.0841916427016},"spectral_centroid":{"dmean":284.484344482,"dmean2":444.654968262,"dvar":84992.21875,"dvar2":181354.34375,"max":10978.8115234,"mean":1407.85253906,"median":1307.4017334,"min":236.639953613,"var":412853.9375},"spectral_complexity":{"dmean":3.62251496315,"dmean2":5.29217338562,"dvar":21.6252288818,"dvar2":36.0423736572,"max":56,"mean":16.1741809845,"median":15,"min":0,"var":101.823066711},"spectral_contrast_coeffs":{"dmean":[0.0549427717924,0.0449745506048,0.0344725623727,0.0292283687741,0.0199603661895,0.0170822311193],"dmean2":[0.0893640071154,0.074161477387,0.0563034303486,0.0467784069479,0.0323123708367,0.0274000372738],"dvar":[0.0021959298756,0.00130769168027,0.000785617623478,0.00057274568826,0.000265745358774,0.000328739261022],"dvar2":[0.00549903465435,0.00347560807131,0.00198411964811,0.00138186698314,0.000645932217594,0.000814764644019],"max":[-0.273332536221,-0.383137881756,-0.442217230797,-0.491223186255,-0.597073018551,-0.595263063908],"mean":[-0.618994235992,-0.749490976334,-0.788941323757,-0.777992486954,-0.790823698044,-0.771894454956],"median":[-0.621514678001,-0.754792094231,-0.798180103302,-0.782355904579,-0.795137345791,-0.773566007614],"min":[-0.971943020821,-0.976730585098,-0.964798092842,-0.956550478935,-0.9614610672,-0.961578428745],"var":[0.00812365300953,0.00460835034028,0.00373235181905,0.00310122244991,0.00143173034303,0.00139578187373]},"spectral_contrast_valleys":{"dmean":[0.44046869874,0.372477412224,0.318567484617,0.288385987282,0.217583045363,0.213577419519],"dmean2":[0.694577097893,0.592631578445,0.499500215054,0.43262425065,0.325913310051,0.280280917883],"dvar":[0.154619693756,0.113490954041,0.0877122953534,0.0786427184939,0.0667163878679,0.06598508358],"dvar2":[0.32720720768,0.235741391778,0.176063582301,0.147227555513,0.114993616939,0.0997008681297],"max":[-5.28905200958,-5.00732707977,-5.76282930374,-5.7918305397,-5.68589687347,-7.93833732605],"mean":[-7.26123142242,-7.312251091,-7.82866954803,-7.81923913956,-7.5327167511,-10.0493364334],"median":[-6.95474672318,-7.17198228836,-7.70458984375,-7.67757463455,-7.44002819061,-9.91187381744],"min":[-27.6988201141,-27.499250412,-27.1930446625,-27.2825889587,-27.2938575745,-27.3910732269],"var":[2.12417626381,1.33083307743,1.02667963505,1.07733678818,0.983043789864,1.05450809002]},"spectral_decrease":{"dmean":2.52430543135e-9,"dmean2":3.83289489037e-9,"dvar":1.48262182089e-17,"dvar2":3.05734590165e-17,"max":-2.23737824469e-29,"mean":-5.69312552656e-9,"median":-4.38880931597e-9,"min":-4.42803944622e-8,"var":2.82378913959e-17},"spectral_energy":{"dmean":0.00980239454657,"dmean2":0.0148267168552,"dvar":0.0002242665214,"dvar2":0.000458406255348,"max":0.173004686832,"mean":0.0227164868265,"median":0.0176377464086,"min":1.02648856946e-20,"var":0.000437515001977},"spectral_energyband_high":{"dmean":0.000228906807024,"dmean2":0.00032634078525,"dvar":2.31964619957e-7,"dvar2":4.86778219511e-7,"max":0.00865804776549,"mean":0.000586682057474,"median":0.000346786022419,"min":7.39996503004e-21,"var":5.49237370251e-7},"spectral_energyband_low":{"dmean":0.00478040706366,"dmean2":0.00764503423125,"dvar":0.0000530652505404,"dvar2":0.000121432938613,"max":0.0888030305505,"mean":0.00850651971996,"median":0.00606239587069,"min":3.74924509888e-23,"var":0.0000802703507361},"spectral_energyband_middle_high":{"dmean":0.000934224866796,"dmean2":0.00136931508314,"dvar":0.00000221477648665,"dvar2":0.00000475104616271,"max":0.0748573765159,"mean":0.00307142781094,"median":0.00209372164682,"min":1.54788938817e-21,"var":0.0000101303985502},"spectral_energyband_middle_low":{"dmean":0.00665075331926,"dmean2":0.0103179849684,"dvar":0.000156557187438,"dvar2":0.000333413336193,"max":0.153850093484,"mean":0.0128653328866,"median":0.00816866569221,"min":2.32298862121e-22,"var":0.000266561459284},"spectral_entropy":{"dmean":0.129417479038,"dmean2":0.200718536973,"dvar":0.0150428088382,"dvar2":0.0342129170895,"max":9.80430316925,"mean":7.6869134903,"median":7.70089387894,"min":6.26188611984,"var":0.0772543698549},"spectral_flux":{"dmean":0.0262345857918,"dmean2":0.0412914827466,"dvar":0.00106031598989,"dvar2":0.00246185623109,"max":0.363944083452,"mean":0.0750809088349,"median":0.0635449290276,"min":1.01315775214e-10,"var":0.00225773476996},"spectral_kurtosis":{"dmean":0.865120708942,"dmean2":1.44880795479,"dvar":0.822836756706,"dvar2":2.32691764832,"max":17.2731208801,"mean":3.44517683983,"median":3.0886991024,"min":-1.2489361763,"var":3.07380008698},"spectral_rms":{"dmean":0.000912532326765,"dmean2":0.00135318585671,"dvar":0.00000127389819227,"dvar2":0.00000245825162892,"max":0.0129917301238,"mean":0.00425285799429,"median":0.00414819922298,"min":3.16457320418e-12,"var":0.00000407566403737},"spectral_rolloff":{"dmean":513.77746582,"dmean2":863.669433594,"dvar":653035.25,"dvar2":1366681.75,"max":18669.2871094,"mean":1412.53649902,"median":1033.59375,"min":86.1328125,"var":2421105.25},"spectral_skewness":{"dmean":0.141883552074,"dmean2":0.229145914316,"dvar":0.018828002736,"dvar2":0.0485346652567,"max":2.77668190002,"mean":1.35880255699,"median":1.34538829327,"min":0.00287978351116,"var":0.0846788659692},"spectral_spread":{"dmean":450812.8125,"dmean2":654076.6875,"dvar":391777746944,"dvar2":656749953024,"max":41400308,"mean":5000826.5,"median":4838918,"min":1883710.375,"var":1933096386560},"spectral_strongpeak":{"dmean":0.337863743305,"dmean2":0.567755162716,"dvar":0.337016612291,"dvar2":0.839429557323,"max":10.6264104843,"mean":0.599890232086,"median":0.382454812527,"min":0,"var":0.537774026394},"zerocrossingrate":{"dmean":0.0101821552962,"dmean2":0.0123970042914,"dvar":0.000118115749501,"dvar2":0.00014588367776,"max":0.50439453125,"mean":0.0629196614027,"median":0.056640625,"min":0.009765625,"var":0.00113634066656}},"metadata":{"audio_properties":{"analysis_sample_rate":44100,"bit_rate":320022,"codec":"mp3","downmix":"mix","equal_loudness":0,"length":387.761627197,"lossless":false,"md5_encoded":"8ccd1b0fc122ba71fdc32f0df99118e2","replay_gain":-11.8638191223,"sample_rate":44100},"tags":{"album":["Preservation Act 2"],"albumartist":["The Kinks"],"albumartistsort":["Kinks, The"],"artist":["The Kinks"],"artistsort":["Kinks, The"],"asin":["B000009DI4"],"barcode":["634677972225"],"catalognumber":["63467-79722-2"],"contentgroup":["Rock"],"date":["1974"],"discnumber":["1/1"],"file_name":"23. The Kinks ~ Slum Kids (take 1).mp3","genre":["Rock"],"initialkey":["D m"],"isrc":["USKO10403179"],"label":["Velvel"],"media":["CD"],"mood":["Unknown"],"musicbrainz album release country":["US"],"musicbrainz album status":["official"],"musicbrainz album type":["album"],"musicbrainz_albumartistid":["17b53d9f-5c63-4a09-a593-dde4608e0db9"],"musicbrainz_albumid":["895abd03-6d7d-4fde-8016-05dcee7fc4b7"],"musicbrainz_artistid":["17b53d9f-5c63-4a09-a593-dde4608e0db9"],"musicbrainz_recordingid":["8de041bb-2ad6-42c5-bd9e-eb884d70a007"],"musicbrainz_releasegroupid":["7ff726de-2dcd-3615-8a08-8e13a641a859"],"originaldate":["1974-05-08"],"originalyear":["1974"],"script":["Latn"],"title":["Slum Kids (take 1)"],"tracknumber":["23/23"]},"version":{"essentia":"2.1-beta2","essentia_build_sha":"2d9f1f26377add8aeb1075a9c2973f962c4f09fd","essentia_git_sha":"v2.1_beta2-1-ge3940c0","extractor":"music 1.0"}},"rhythm":{"beats_count":619,"beats_loudness":{"dmean":0.0318019911647,"dmean2":0.0591834075749,"dvar":0.000653463881463,"dvar2":0.00214184611104,"max":0.158354282379,"mean":0.0489639900625,"median":0.0445155575871,"min":3.1073468798e-10,"var":0.000903531908989},"beats_loudness_band_ratio":{"dmean":[0.17116959393,0.187788233161,0.0530732236803,0.0368261635303,0.0500662848353,0.0347606092