{"lowlevel":{"average_loudness":0.904193282127,"barkbands":{"dmean":[0.00622137635946,0.00863737147301,0.00209231558256,0.00130430259742,0.00172651687171,0.0012805032311,0.000836910854559,0.000714743917342,0.00089894112898,0.00100596062839,0.000437867362052,0.000482008559629,0.000406587554608,0.000269381096587,0.000347980007064,0.000205831805943,0.00015792697377,0.00016530904395,0.000131557055283,0.000100036195363,0.000127222025185,0.000100035147625,0.0000962904887274,0.0000547400486539,0.00000241283919422,0.0000768501340644,0.000319942540955],"dmean2":[0.0104982312769,0.0147604122758,0.00354926753789,0.00214934721589,0.00270609860308,0.00201609614305,0.00135391880758,0.00114222313277,0.00139440852217,0.00160123920068,0.000706057529896,0.000773281208239,0.000663037237246,0.00044371173135,0.000549675663933,0.000333624193445,0.000246289127972,0.000264847680228,0.000201413931791,0.000150639883941,0.000189319602214,0.000148062361404,0.00014648240176,0.0000832028090372,0.00000398299380322,0.000108500396891,0.0004279371351],"dvar":[0.000170735846041,0.000313015683787,0.0000157492650033,0.0000106299112304,0.0000152516749949,0.0000123657637232,0.00000378959884983,0.00000467734662379,0.00000381679274142,0.00000517638136444,9.19679223443e-7,8.42561860281e-7,7.03654791323e-7,3.11159567445e-7,5.58583963084e-7,1.98270356577e-7,9.48582510318e-8,9.69314086774e-8,6.29994971746e-8,3.57395535389e-8,5.93180651265e-8,4.16252028401e-8,3.42249606433e-8,1.22135634939e-8,1.8273150354e-11,1.89117983496e-8,3.01767641986e-7],"dvar2":[0.000439851981355,0.000855410413351,0.000042658935854,0.0000270466498478,0.0000347042368958,0.0000297580991173,0.0000092921718533,0.0000103647007563,0.00000870928943186,0.0000125425403894,0.0000023267814413,0.00000209873587664,0.00000183065833426,8.27675251003e-7,0.00000136516371185,4.83020414777e-7,2.32034551573e-7,2.36233276496e-7,1.45015363273e-7,8.01549546736e-8,1.32658655616e-7,9.59397112865e-8,8.04749760164e-8,2.94320763317e-8,4.45933324988e-11,4.15735428305e-8,6.78991455061e-7],"max":[0.217422008514,0.216103315353,0.0886437743902,0.134076297283,0.083374120295,0.0841509699821,0.0419684313238,0.099938750267,0.0454748906195,0.0516410768032,0.0241444800049,0.0230422969908,0.0194125194103,0.0146456751972,0.0213794503361,0.0114954756573,0.00651981960982,0.0102888457477,0.00742951454595,0.00535416183993,0.00587508222088,0.00393859297037,0.0029286800418,0.0014791166177,0.000071290472988,0.00221870676614,0.020612956956],"mean":[0.00716724991798,0.0101097375154,0.00256176921539,0.00163000531029,0.00287416344509,0.00187114696018,0.00134175003041,0.00105503539089,0.00140421872493,0.00152657856233,0.000671329500619,0.000810601981357,0.000627843837719,0.000404761463869,0.000562112196349,0.000290777912596,0.000260122964391,0.000277355313301,0.000217791864998,0.000162911994266,0.000213323641219,0.000157299116836,0.000130227868794,0.0000696878123563,0.00000246870604315,0.000122766403365,0.000842845940497],"median":[0.00298159196973,0.00497599923983,0.00113393063657,0.000593248347286,0.00125697173644,0.000605849083513,0.000398862583097,0.000294872530503,0.000491399667226,0.000440553005319,0.000225951720495,0.000347172142938,0.000222182861762,0.000161911055329,0.000212735569221,0.000112762587378,0.000107094820123,0.000118395619211,0.0000991103734123,0.0000792339997133,0.000112877300126,0.0000774658983573,0.0000531659752596,0.0000227117707254,9.20759816836e-7,0.0000474357293569,0.000515269581228],"min":[4.11223674257e-25,7.50840886147e-24,3.75876917436e-24,1.92675765669e-24,4.35039749834e-24,5.6516144896e-24,9.92618864988e-24,2.30721856596e-23,2.37981680398e-23,2.2137969244e-23,1.08473730833e-23,3.29743669056e-23,3.66324821616e-23,3.59324312171e-23,7.92962981928e-23,4.16880361122e-23,8.40505987855e-23,9.99354995589e-23,1.47799123801e-22,2.42265015253e-22,2.35943702426e-22,3.6766108257e-22,3.43250192065e-22,5.95508648727e-22,9.15185379781e-22,1.42707043066e-21,2.08536291587e-21],"var":[0.000161800810019,0.000267944735242,0.0000192685474758,0.0000127551884361,0.0000288852243102,0.0000201876828214,0.00000838597406982,0.00000860487489263,0.00000780807113188,0.00000931287922867,0.00000172389604813,0.00000167321934441,0.00000129325519538,4.61510410332e-7,0.00000106675645384,2.62416619989e-7,1.73881673504e-7,1.78747256996e-7,1.10545379073e-7,6.04938819038e-8,9.50459764226e-8,5.68405731372e-8,4.0390681022e-8,1.33327926477e-8,1.94899929529e-11,3.04232727899e-8,9.9817748378e-7]},"barkbands_crest":{"dmean":2.87026286125,"dmean2":4.66215085983,"dvar":5.81157588959,"dvar2":14.9255504608,"max":25.3090209961,"mean":9.97578907013,"median":9.29855728149,"min":2.08164048195,"var":17.1161231995},"barkbands_flatness_db":{"dmean":0.0265437941998,"dmean2":0.0405152887106,"dvar":0.000755805522203,"dvar2":0.00166591978632,"max":0.489403784275,"mean":0.122784458101,"median":0.106677055359,"min":0.0184815227985,"var":0.00377873471007},"barkbands_kurtosis":{"dmean":7.37052726746,"dmean2":11.5138149261,"dvar":355.406982422,"dvar2":784.615966797,"max":441.367553711,"mean":12.5163326263,"median":3.78076076508,"min":-1.86956870556,"var":948.09753418},"barkbands_skewness":{"dmean":0.740914046764,"dmean2":1.1516879797,"dvar":0.84815633297,"dvar2":1.89524042606,"max":17.6801986694,"mean":2.42955636978,"median":1.88113474846,"min":-2.20626449585,"var":3.76004600525},"barkbands_spread":{"dmean":8.79574394226,"dmean2":13.4069080353,"dvar":98.9336700439,"dvar2":211.578689575,"max":133.063583374,"mean":30.7076931,"median":28.952583313,"min":0.318273425102,"var":334.250579834},"dissonance":{"dmean":0.0189512036741,"dmean2":0.0318303145468,"dvar":0.000375228002667,"dvar2":0.00101381132845,"max":0.500000119209,"mean":0.469244837761,"median":0.476106315851,"min":0.0808957442641,"var":0.000670841371175},"dynamic_complexity":3.98875355721,"erbbands":{"dmean":[0.479923039675,1.20031118393,2.24055838585,3.53356289864,4.75624656677,5.64370727539,8.84249591827,11.0651111603,12.9720010757,13.5540704727,15.198805809,21.5710430145,22.8063182831,29.7454605103,17.0099811554,19.9337558746,19.0100879669,13.8853750229,18.3551483154,12.0661649704,10.1317577362,8.38392734528,9.1692533493,6.87547159195,6.44336652756,4.81708145142,5.05723047256,4.58003950119,3.92134475708,3.20289611816,2.76332354546,1.48957741261,0.725071191788,0.0595758482814,0.0191822331399,0.0938202887774,0.176892191172,0.10044696182,0.0290268678218,0.00667258771136],"dmean2":[0.825778663158,2.0500292778,3.8132185936,5.80447912216,7.77836847305,8.68429946899,13.6594762802,17.6354827881,20.7379150391,21.7666530609,24.5041046143,33.600440979,36.3529167175,46.9174156189,26.9824256897,32.0491256714,30.7826862335,22.6479663849,29.0942764282,18.9472103119,16.0411586761,12.9150085449,14.6372308731,10.6271514893,9.73260211945,7.22929048538,7.62974643707,6.78365945816,5.86408519745,4.83219432831,4.21440172195,2.24783563614,1.13748753071,0.095998711884,0.0310421157628,0.140489548445,0.250090897083,0.135000705719,0.0378852412105,0.00904585048556],"dvar":[1.09762918949,4.94488668442,15.5342826843,70.4036026001,148.315872192,190.709411621,566.873840332,1132.82189941,1066.48413086,1819.3692627,1254.83215332,2496.97607422,3818.10571289,4307.03027344,1144.90625,1513.58398438,1550.29675293,827.666564941,1780.87731934,485.946685791,422.202301025,260.651733398,299.968383789,166.092849731,143.453796387,85.4191741943,91.2270812988,78.7708129883,71.153137207,38.6841964722,28.2798461914,8.30983257294,2.53266072273,0.0129943471402,0.000979996984825,0.0332376435399,0.101469278336,0.0282505564392,0.0019253725186,0.000116300449008],"dvar2":[3.00932383537,13.5316667557,42.9292488098,177.311508179,392.509918213,381.940216064,1315.34375,2801.91381836,2518.42456055,4289.50878906,3069.49462891,5813.85644531,9231.85449219,10633.3818359,2886.27514648,3777.06713867,4036.75830078,2189.62475586,4369.11816406,1167.57519531,1002.97436523,608.217529297,723.346923828,386.5496521,322.649536133,189.455780029,200.049926758,176.329574585,168.780776978,89.3324432373,66.4192047119,19.70744133,6.34697294235,0.0321575291455,0.0023262295872,0.0784737616777,0.224876314402,0.0576105304062,0.00360377365723,0.000233279846725],"max":[11.733039856,28.7055912018,67.7475509644,340.67098999,324.509185791,385.951904297,746.246887207,1025.78063965,761.114746094,1625.39245605,849.601989746,1357.15112305,1689.25488281,1962.93469238,1044.56054688,1173.43225098,975.217163086,846.285339355,1288.60827637,441.872253418,364.200012207,325.354858398,514.394897461,351.541748047,234.639953613,252.728347778,348.127655029,149.773391724,167.225906372,156.002410889,82.2292098999,41.1174087524,28.2002983093,2.57999062538,0.503470957279,2.90848112106,5.5717010498,2.77823328972,0.740075826645,0.335570275784],"mean":[0.526903450489,1.41848146915,2.83462166786,4.74521255493,6.81129169464,9.11499118805,13.2149248123,16.291765213,21.2644786835,20.5221290588,23.7748279572,34.1600952148,34.0989685059,48.1520309448,30.3531837463,34.6925430298,30.8891334534,22.8923244476,29.6910305023,20.2417201996,15.8447132111,14.4468793869,15.5873451233,12.1721286774,10.5045843124,7.8255944252,8.52415561676,7.73103475571,6.02479743958,4.63992881775,3.66225218773,1.9647320509,0.859363257885,0.071590654552,0.0228191930801,0.128330513835,0.278504490852,0.193815782666,0.0689084380865,0.0219026952982],"median":[0.224059641361,0.705672025681,1.41150081158,1.94264936447,2.83253145218,3.58064079285,4.15803670883,4.94777774811,5.76102018356,6.40769720078,8.35981082916,12.0730514526,12.2268276215,14.4576129913,13.0865240097,14.7343826294,11.6767292023,9.62273025513,11.2139110565,8.78902053833,6.62318325043,6.33089160919,6.81533336639,5.77376174927,4.81034088135,3.81334447861,4.37255477905,4.18559169769,2.90188336372,2.03061676025,1.43713212013,0.688866138458,0.266699314117,0.031759865582,0.0114348623902,0.0428312160075,0.102960899472,0.098117262125,0.0432005822659,0.0142111964524],"min":[1.62111774304e-22,1.04308495082e-21,4.64656107522e-21,6.0985704157e-21,6.66421534016e-21,1.50150988013e-20,7.84786572184e-20,4.38667352834e-20,1.09975355574e-19,2.14664755616e-19,4.83224955181e-19,5.66603261661e-19,6.00208559721e-19,7.55385884877e-19,7.23872681683e-19,1.235575294e-18,1.72300346407e-18,2.0706429703e-18,4.05339800052e-18,3.88097716491e-18,2.93974840502e-18,5.54727171113e-18,5.37790813507e-18,7.48347735917e-18,1.00004671948e-17,1.11169740789e-17,1.03598705535e-17,1.2299357627e-17,1.20990541873e-17,1.13409290939e-17,1.0775252533e-17,1.01717672007e-17,1.06743340167e-17,8.52616333671e-18,6.67757969019e-18,4.04323774105e-18,2.52901331942e-18,1.15493366288e-18,2.63839311788e-19,2.9559677237e-20],"var":[0.886510670185,4.69154930115,18.7398586273,91.6183242798,194.087081909,399.061950684,998.546813965,1716.70507812,2811.75195312,3358.57666016,2399.20214844,4966.79833984,5600.00390625,8931.67675781,2371.40039062,3194.84423828,2924.10180664,1348.33691406,3352.89379883,893.663085938,640.394104004,497.927703857,550.017456055,319.300384521,253.529571533,142.634780884,160.521987915,119.380989075,89.7986526489,50.2089729309,33.0117797852,9.62041282654,2.41858053207,0.0129736177623,0.00115199910942,0.0412805490196,0.161757454276,0.0598622299731,0.00588931748644,0.000573779747356]},"erbbands_crest":{"dmean":2.72610664368,"dmean2":4.36974334717,"dvar":7.17237234116,"dvar2":16.847530365,"max":31.1038608551,"mean":8.13689041138,"median":7.01697921753,"min":2.24313569069,"var":18.1250953674},"erbbands_flatness_db":{"dmean":0.0189641024917,"dmean2":0.0279384739697,"dvar":0.000348000758095,"dvar2":0.000687951629516,"max":0.32393887639,"mean":0.111143626273,"median":0.106647878885,"min":0.0368666388094,"var":0.00129233894404},"erbbands_kurtosis":{"dmean":0.994853973389,"dmean2":1.54947757721,"dvar":2.20467376709,"dvar2":5.02411985397,"max":33.000617981,"mean":0.63061106205,"median":0.0991197824478,"min":-1.74988889694,"var":4.25799369812},"erbbands_skewness":{"dmean":0.382113963366,"dmean2":0.57456856966,"dvar":0.144235283136,"dvar2":0.306751519442,"max":5.21103954315,"mean":0.352812230587,"median":0.324626684189,"min":-3.09685492516,"var":0.505507707596},"erbbands_spread":{"dmean":9.35721874237,"dmean2":13.9674730301,"dvar":100.077987671,"dvar2":220.671829224,"max":153.589736938,"mean":39.7205924988,"median":36.3693962097,"min":2.8471300602,"var":382.200958252},"gfcc":{"cov":[[15573.4599609,9.34295940399,-948.269287109,-319.293579102,-258.100769043,-111.552009583,213.978485107,-264.171936035,166.357772827,-102.958175659,6.77931308746,125.322502136,-153.679504395],[9.34295940399,889.147277832,2.18541407585,-190.858657837,115.767379761,-73.1083679199,43.9910583496,-33.3394889832,5.88589954376,-41.6825447083,31.7964477539,-71.7229003906,74.9852523804],[-948.269287109,2.18541407585,491.205841064,284.114776611,16.919342041,94.7310180664,-46.0771713257,80.7655181885,-24.2251262665,44.2887458801,-27.2199172974,4.19856834412,-12.4934282303],[-319.293579102,-190.858657837,284.114776611,443.345733643,120.967727661,57.982624054,-12.1353769302,56.6464538574,-5.39711523056,17.4345245361,-16.5363826752,25.4650268555,-31.7353687286],[-258.100769043,115.767379761,16.919342041,120.967727661,211.651580811,56.1364173889,48.3700408936,3.82529950142,6.13724136353,-20.240070343,7.5875582695,-11.7080907822,24.3465671539],[-111.552009583,-73.1083679199,94.7310180664,57.982624054,56.1364173889,203.660797119,38.2742385864,55.1359405518,-18.3232707977,13.8437185287,-11.4490756989,13.0875682831,4.01328992844],[213.978485107,43.9910583496,-46.0771713257,-12.1353769302,48.3700408936,38.2742385864,156.862243652,27.8895511627,33.8534164429,-19.2424526215,5.72255992889,8.8085308075,3.81987404823],[-264.171936035,-33.3394889832,80.7655181885,56.6464538574,3.82529950142,55.1359405518,27.8895511627,123.514060974,28.6272068024,28.323507309,-0.0928905904293,-4.42091178894,7.39568424225],[166.357772827,5.88589954376,-24.2251262665,-5.39711523056,6.13724136353,-18.3232707977,33.8534164429,28.6272068024,92.6235733032,41.1633224487,11.0438156128,-0.686731517315,-9.90297222137],[-102.958175659,-41.6825447083,44.2887458801,17.4345245361,-20.240070343,13.8437185287,-19.2424526215,28.323507309,41.1633224487,89.6605300903,41.1818656921,7.89420843124,-1.03039968014],[6.77931308746,31.7964477539,-27.2199172974,-16.5363826752,7.5875582695,-11.4490756989,5.72255992889,-0.0928905904293,11.0438156128,41.1818656921,77.3977661133,30.9669189453,15.6535253525],[125.322502136,-71.7229003906,4.19856834412,25.4650268555,-11.7080907822,13.0875682831,8.8085308075,-4.42091178894,-0.686731517315,7.89420843124,30.9669189453,71.4653091431,23.0170764923],[-153.679504395,74.9852523804,-12.4934282303,-31.7353687286,24.3465671539,4.01328992844,3.81987404823,7.39568424225,-9.90297222137,-1.03039968014,15.6535253525,23.0170764923,77.0636825562]],"icov":[[0.000094515591627,-0.000162472904776,0.000356570031727,-0.000312845950248,0.000405073951697,-0.00024944357574,-0.0000422908742621,0.00020039845549,-0.000227870201343,0.0000544102404092,0.000099836717709,-0.000210829472053,0.000157563525136],[-0.000162472904776,0.00300028920174,-0.00284941727296,0.00288603431545,-0.00275421096012,0.00158100109547,-0.000326657289406,0.00033092754893,-0.000950861081947,0.00264119193889,-0.00334235816263,0.0036220671609,-0.00223437906243],[0.000356570031727,-0.00284941727296,0.00757376616821,-0.00615032156929,0.00484814401716,-0.00313531793654,0.000565922295209,-0.000581146334298,0.00153581099585,-0.00395379774272,0.00404706737027,-0.00202422915027,0.00076509360224],[-0.000312845950248,0.00288603431545,-0.00615032156929,0.0105094844475,-0.00996529683471,0.00511567248031,0.000267131981673,-0.00344051024877,0.00301763997413,-0.00185669527855,0.00226317998022,-0.00494211167097,0.00447690859437],[0.000405073951697,-0.00275421096012,0.00484814401716,-0.00996529683471,0.0168518517166,-0.00818993058056,-0.000871327647474,0.00552717549726,-0.00723607838154,0.00767353363335,-0.00734495185316,0.00910876318812,-0.00727067934349],[-0.00024944357574,0.00158100109547,-0.00313531793654,0.00511567248031,-0.00818993058056,0.01153800264,-0.00275461608544,-0.00521584227681,0.00832961965352,-0.00796723179519,0.00688603054732,-0.00624045170844,0.0036152433604],[-0.0000422908742621,-0.000326657289406,0.000565922295209,0.000267131981673,-0.000871327647474,-0.00275461608544,0.010298284702,-0.00202929810621,-0.00594841502607,0.00686827674508,-0.00322691700421,-0.00110720272642,0.000851882097777],[0.00020039845549,0.00033092754893,-0.000581146334298,-0.00344051024877,0.00552717549726,-0.00521584227681,-0.00202929810621,0.0148944929242,-0.00742577947676,0.00301902578212,-0.00465592555702,0.00801050011069,-0.00659747142345],[-0.000227870201343,-0.000950861081947,0.00153581099585,0.00301763997413,-0.00723607838154,0.00832961965352,-0.00594841502607,-0.00742577947676,0.027309820056,-0.0219627190381,0.0142039274797,-0.010271194391,0.00822060089558],[0.0000544102404092,0.00264119193889,-0.00395379774272,-0.00185669527855,0.00767353363335,-0.00796723179519,0.00686827674508,0.00301902578212,-0.0219627190381,0.0397021435201,-0.0279416311532,0.015514517203,-0.00775621039793],[0.000099836717709,-0.00334235816263,0.00404706737027,0.00226317998022,-0.00734495185316,0.00688603054732,-0.00322691700421,-0.00465592555702,0.0142039274797,-0.0279416311532,0.0385801307857,-0.0230321902782,0.00810229405761],[-0.000210829472053,0.0036220671609,-0.00202422915027,-0.00494211167097,0.00910876318812,-0.00624045170844,-0.00110720272642,0.00801050011069,-0.010271194391,0.015514517203,-0.0230321902782,0.0367863513529,-0.0169960185885],[0.000157563525136,-0.00223437906243,0.00076509360224,0.00447690859437,-0.00727067934349,0.0036152433604,0.000851882097777,-0.00659747142345,0.00822060089558,-0.00775621039793,0.00810229405761,-0.0169960185885,0.0245151296258]],"mean":[7.33836555481,67.0472717285,-80.8179397583,7.01590394974,-22.4734420776,-8.06437301636,2.6103348732,-16.3258781433,0.867094397545,-8.40435504913,-7.28053855896,4.26634693146,-12.2769927979]},"hfc":{"dmean":42.2394485474,"dmean2":64.0814819336,"dvar":2686.86230469,"dvar2":5987.21972656,"max":778.303710938,"mean":145.257080078,"median":124.832183838,"min":1.09502705503e-16,"var":14065.5341797},"melbands":{"dmean":[0.00344520807266,0.00122230127454,0.000617623270955,0.000347756198607,0.000305886060232,0.000250809651334,0.000185852230061,0.000149087791215,0.000133807829116,0.00013244553702,0.000117064773804,0.000129075837322,0.0000595451165282,0.0000546649316675,0.0000504346826347,0.000035128887248,0.0000273349432973,0.0000289301333396,0.0000217947981582,0.0000161876014317,0.0000114145213956,0.00000928603367356,0.00000903189538803,0.00000839467156766,0.00000567453298572,0.00000529653925696,0.00000401926718041,0.00000316603541251,0.00000301585600937,0.00000359897967428,0.00000242731221078,0.00000241243196797,0.00000187372404525,0.00000178682410024,0.0000016546932784,0.0000012626157968,8.23476511869e-7,6.28556165339e-7,1.5981630952e-7,2.20358788994e-8],"dmean2":[0.0058837630786,0.00207896344364,0.00100939080585,0.000553423538804,0.000467335106805,0.000397898198571,0.000297250953736,0.000238801309024,0.000215374180698,0.000206069002161,0.0001868782565,0.000204039897653,0.0000953028356889,0.0000876937483554,0.0000820319619379,0.0000574128243898,0.0000450445804745,0.0000463019387098,0.0000344707223121,0.0000262475568888,0.0000181416926353,0.0000145295971379,0.0000145075791806,0.0000135304007927,0.00000891394665814,0.00000817503314465,0.00000615247517999,0.00000486493308927,0.00000459762168248,0.0000055785449149,0.00000364821835319,0.0000037029037685,0.0000028147157991,0.00000276734317595,0.00000254083624895,0.00000196299583877,0.00000125171914078,9.9080466498e-7,2.63706624537e-7,3.64366989913e-8],"dvar":[0.000055167474784,0.00000402279374612,0.00000189952640994,6.55923543036e-7,6.39888355636e-7,5.21545928223e-7,2.01251054932e-7,2.40751546698e-7,8.72342127423e-8,9.04987587091e-8,9.94137039356e-8,8.35541271726e-8,1.61504303264e-8,1.10310036661e-8,1.01338475389e-8,5.06506570019e-9,3.41767991685e-9,4.15964862555e-9,1.87482718239e-9,1.278253281e-9,5.02009545045e-10,3.357279732e-10,2.98608970883e-10,2.6688701249e-10,1.14211501367e-10,1.04260981793e-10,5.40905202573e-11,3.87573514948e-11,3.12854360474e-11,5.33818822479e-11,1.94938822029e-11,2.86115749148e-11,1.40437462007e-11,1.20026887734e-11,9.97132671571e-12,6.28850704149e-12,2.54553561389e-12,1.85534790656e-12,1.69600485457e-13,1.54509344551e-15],"dvar2":[0.000149399915244,0.0000109784623419,0.00000483663916384,0.00000156611713464,0.0000014404462263,0.00000126827194435,4.76791427673e-7,5.50599338567e-7,2.14606075133e-7,2.09468637991e-7,2.40349152136e-7,2.06130792435e-7,4.10586480371e-8,2.76003113697e-8,2.63238941756e-8,1.29339721155e-8,9.18131259908e-9,1.02391286561e-8,4.55515936082e-9,3.15057291367e-9,1.20329435305e-9,8.15537637422e-10,7.30217941669e-10,6.68262722936e-10,2.73749078961e-10,2.45886172534e-10,1.23450305534e-10,8.73010760905e-11,6.8380509588e-11,1.24694268799e-10,4.40092511045e-11,6.99915334024e-11,3.17542277195e-11,2.85955009671e-11,2.31689806229e-11,1.53701582711e-11,6.01483706592e-12,4.64539951645e-12,4.49386106669e-13,3.77445123428e-15],"max":[0.0832255780697,0.0298252813518,0.0502990521491,0.0205652043223,0.020256806165,0.020045787096,0.00972269009799,0.0214658528566,0.00643073441461,0.00887868925929,0.00858173705637,0.00862545333803,0.00364598515444,0.00264679547399,0.00245932629332,0.00157733645756,0.00167728343513,0.0018915894907,0.00094760209322,0.00106522452552,0.00037509642425,0.000346924498444,0.000374346825993,0.000553582853172,0.000323932763422,0.000216622269363,0.000106548242911,0.000210240672459,0.000239189394051,0.000159747447469,0.000069687681389,0.000115089052997,0.000115409056889,0.000063227082137,0.0000534265600436,0.0000428924795415,0.0000220691144932,0.0000208943401958,0.0000109183565655,6.72807232149e-7],"mean":[0.0041053337045,0.00161171332002,0.000885040732101,0.000556694809347,0.00047665569582,0.000379815115593,0.000306368980091,0.000222379618208,0.000205563395866,0.000206670389161,0.000169327817275,0.000202293638722,0.0000979711549007,0.0000924321648199,0.0000825864335638,0.0000549980177311,0.0000408172418247,0.0000452947642771,0.0000355452611984,0.0000228575663641,0.0000172389190993,0.0000148582766997,0.0000144222367453,0.000013541928638,0.00000936231572268,0.00000814669056126,0.00000620189075562,0.0000048981087275,0.00000502958300785,0.00000550733739146,0.00000406825529353,0.00000354877283826,0.00000275062143373,0.00000246209901889,0.00000218207833313,0.0000015763743022,0.00000107615824163,7.31688089672e-7,1.71501255863e-7,2.22842668762e-8],"median":[0.00205197604373,0.00086183444364,0.000399728072807,0.000250026700087,0.00015087830252,0.000114325834147,0.0000871772208484,0.0000663961836835,0.0000716363865649,0.000071902104537,0.0000564662623219,0.0000556266822969,0.0000379699995392,0.0000402698788093,0.0000316173536703,0.0000198963898583,0.0000155068810272,0.0000171504361788,0.0000141594900924,0.00000907222238311,0.00000685383656673,0.0000059491594584,0.00000611572295384,0.00000565183336221,0.00000428085604653,0.00000349560764334,0.00000273502678283,0.00000231455396715,0.00000253500979852,0.00000264542973127,0.00000226419501814,0.00000169446559539,0.00000124708662952,0.0000010421154002,8.68983192959e-7,5.62867796816e-7,3.62019221711e-7,2.19156916614e-7,5.56651933437e-8,8.13236411545e-9],"min":[2.45954445132e-24,2.00950265755e-24,1.10566014779e-24,7.75716165261e-25,2.79734159347e-24,8.5225189402e-25,1.47146145765e-24,2.62326898232e-24,3.82533759628e-24,3.34087326527e-24,2.53963671016e-24,2.69404223008e-24,1.90792537752e-24,4.31553655165e-24,2.9901754863e-24,3.87717601294e-24,3.28099359496e-24,4.39220554859e-24,5.357618652e-24,4.96973653376e-24,2.4262841034e-24,5.32172508638e-24,4.4034144732e-24,3.82626411341e-24,5.424115682e-24,5.77056958651e-24,5.96611084998e-24,7.23879592559e-24,5.09439903932e-24,6.82101440132e-24,6.03783723892e-24,7.42077509237e-24,5.65927077912e-24,3.82614696757e-24,5.44035753918e-24,6.78017586112e-24,5.02326429606e-24,6.80996009346e-24,7.76683653858e-24,6.22686763891e-24],"var":[0.0000463268952444,0.00000480027347294,0.00000250027460424,0.00000107865446353,0.00000123254824302,8.96291055597e-7,5.22888910837e-7,4.46255739917e-7,1.69645559822e-7,1.81285699341e-7,1.44639273003e-7,1.69933315419e-7,3.1408390555e-8,2.1172338549e-8,1.95490503785e-8,9.62233492885e-9,5.04944841495e-9,7.82123432685e-9,3.46621376046e-9,1.69687608409e-9,7.85115028545e-10,5.97772220612e-10,4.9518728007e-10,4.69723426821e-10,2.01633834629e-10,1.68460606575e-10,8.70053543101e-11,6.25785465114e-11,5.68535531154e-11,7.65256816249e-11,3.01992979235e-11,3.33536497032e-11,1.9277364427e-11,1.45055998463e-11,1.18315756498e-11,6.64635447373e-12,2.97221557262e-12,1.77078198025e-12,1.34772211837e-13,1.63344533466e-15]},"melbands_crest":{"dmean":4.67339801788,"dmean2":7.69205379486,"dvar":16.9614944458,"dvar2":42.9493713379,"max":38.429561615,"mean":17.2598896027,"median":16.0124206543,"min":1.50307035446,"var":54.2500648499},"melbands_flatness_db":{"dmean":0.033693742007,"dmean2":0.0513257309794,"dvar":0.00113438698463,"dvar2":0.00241283490323,"max":0.648246109486,"mean":0.219281464815,"median":0.204496860504,"min":0.00234690541402,"var":0.00588485738263},"melbands_kurtosis":{"dmean":15.8878450394,"dmean2":25.4210968018,"dvar":1850.17468262,"dvar2":4480.93505859,"max":1510.51123047,"mean":27.1364536285,"median":8.37520313263,"min":-1.77336013317,"var":4742.79931641},"melbands_skewness":{"dmean":1.07881343365,"dmean2":1.69183421135,"dvar":1.75861954689,"dvar2":4.22531461716,"max":29.210269928,"mean":3.30793762207,"median":2.52888679504,"min":-1.28376913071,"var":7.86002111435},"melbands_spread":{"dmean":6.46346139908,"dmean2":10.2686471939,"dvar":77.1063842773,"dvar2":183.518203735,"max":196.118087769,"mean":20.3635559082,"median":18.3703308105,"min":0.156681522727,"var":286.752838135},"mfcc":{"cov":[[9954.51953125,262.744995117,-816.333251953,-143.55796814,-562.724914551,177.673248291,-324.459838867,199.008132935,-249.565032959,236.539657593,-218.272064209,196.054794312,-212.706176758],[262.744995117,1030.56774902,-109.317276001,-111.373672485,-20.9367542267,-44.8621635437,42.8654670715,-53.5520172119,53.4788131714,-73.1312026978,63.1032218933,-56.4417457581,19.0938835144],[-816.333251953,-109.317276001,483.486450195,141.275985718,112.094680786,20.1067352295,31.7266769409,2.67593598366,37.3422088623,2.23773193359,28.2415409088,19.7814159393,17.0401725769],[-143.55796814,-111.373672485,141.275985718,354.466156006,123.394882202,46.3976783752,11.4367418289,40.2943611145,8.75346851349,12.5483932495,6.21155405045,19.083065033,4.15763664246],[-562.724914551,-20.9367542267,112.094680786,123.394882202,220.265640259,51.8653335571,58.6681480408,-1.3472366333,38.1243553162,-16.2782402039,25.9735603333,-15.5616321564,28.0436401367],[177.673248291,-44.8621635437,20.1067352295,46.3976783752,51.8653335571,147.144332886,44.8706855774,53.4673271179,0.419528633356,22.2415676117,-21.3048343658,13.7892599106,-4.79188537598],[-324.459838867,42.8654670715,31.7266769409,11.4367418289,58.6681480408,44.8706855774,133.504577637,46.9510765076,39.2876205444,-14.6008205414,17.8442115784,-18.1967849731,23.1531391144],[199.008132935,-53.5520172119,2.67593598366,40.2943611145,-1.3472366333,53.4673271179,46.9510765076,123.93787384,33.463634491,29.7799186707,-19.5844631195,9.26933956146,-15.1485309601],[-249.565032959,53.4788131714,37.3422088623,8.75346851349,38.1243553162,0.419528633356,39.2876205444,33.463634491,104.217330933,18.2355480194,24.887752533,-13.3787117004,9.60179901123],[236.539657593,-73.1312026978,2.23773193359,12.5483932495,-16.2782402039,22.2415676117,-14.6008205414,29.7799186707,18.2355480194,102.384185791,22.5282402039,21.5521316528,-13.019982338],[-218.272064209,63.1032218933,28.2415409088,6.21155405045,25.9735603333,-21.3048343658,17.8442115784,-19.5844631195,24.887752533,22.5282402039,89.09740448,17.4636878967,17.7352581024],[196.054794312,-56.4417457581,19.7814159393,19.083065033,-15.5616321564,13.7892599106,-18.1967849731,9.26933956146,-13.3787117004,21.5521316528,17.4636878967,78.177520752,17.3365650177],[-212.706176758,19.0938835144,17.0401725769,4.15763664246,28.0436401367,-4.79188537598,23.1531391144,-15.1485309601,9.60179901123,-13.019982338,17.7352581024,17.3365650177,69.0937576294]],"icov":[[0.000183599055163,-0.00014510571782,0.000216972315684,-0.0000580289488425,0.000177465029992,-0.000177389287273,0.000232921156567,-0.000211787672015,0.000250979152042,-0.000356745964382,0.0003570325498,-0.0004577881773,0.00026759452885],[-0.00014510571782,0.00139757490251,0.0000981762277661,0.000143535638927,0.000367589760572,-0.000322321662679,-0.000148716848344,0.000497261120472,-0.00102907116525,0.0015446448233,-0.00170837098267,0.00119707139675,-0.000306240282953],[0.000216972315684,0.0000981762277661,0.00289792544208,-0.000808280019555,-0.000501341244671,-0.0000713132467354,-0.000223793365876,0.000463252479676,-0.000673078582622,-0.000155451052706,0.000251259130891,-0.00149247888476,0.000724090030417],[-0.0000580289488425,0.000143535638927,-0.000808280019555,0.00424883700907,-0.00261038541794,0.000161713905982,0.00117297447287,-0.0020295153372,0.000906070054043,0.0000476836103189,-0.000358076707926,-0.000403645826736,0.0000343171304849],[0.000177465029992,0.000367589760572,-0.000501341244671,-0.00261038541794,0.00916942674667,-0.00387861067429,-0.00100947928149,0.00228722742759,-0.00231260526925,0.00182125077117,-0.00234630447812,0.00261637079529,-0.00181511032861],[-0.000177389287273,-0.000322321662679,-0.0000713132467354,0.000161713905982,-0.00387861067429,0.0119378278032,-0.00447370531037,-0.00188239885028,0.00226327520795,-0.00366301415488,0.0049366299063,-0.00358012015931,0.00166579324286],[0.000232921156567,-0.000148716848344,-0.000223793365876,0.00117297447287,-0.00100947928149,-0.00447370531037,0.0157208982855,-0.00761563330889,-0.000632776704151,0.00409162789583,-0.00583956856281,0.00542825181037,-0.00509965093806],[-0.000211787672015,0.000497261120472,0.000463252479676,-0.0020295153372,0.00228722742759,-0.00188239885028,-0.00761563330889,0.0170392915606,-0.00595125230029,-0.00294267153367,0.00564034376293,-0.0041616782546,0.00431630853564],[0.000250979152042,-0.00102907116525,-0.000673078582622,0.000906070054043,-0.00231260526925,0.00226327520795,-0.000632776704151,-0.00595125230029,0.0155720487237,-0.00379886291921,-0.00204445747659,0.00286643230356,-0.00190295930952],[-0.000356745964382,0.0015446448233,-0.000155451052706,0.0000476836103189,0.00182125077117,-0.00366301415488,0.00409162789583,-0.00294267153367,-0.00379886291921,0.0167252775282,-0.00832644756883,0.000692810106557,0.00114390044473],[0.0003570325498,-0.00170837098267,0.000251259130891,-0.000358076707926,-0.00234630447812,0.0049366299063,-0.00583956856281,0.00564034376293,-0.00204445747659,-0.00832644756883,0.0216312147677,-0.0086574703455,0.00135392171796],[-0.0004577881773,0.00119707139675,-0.00149247888476,-0.000403645826736,0.00261637079529,-0.00358012015931,0.00542825181037,-0.0041616782546,0.00286643230356,0.000692810106557,-0.0086574703455,0.0224325042218,-0.0090635670349],[0.00026759452885,-0.000306240282953,0.000724090030417,0.0000343171304849,-0.00181511032861,0.00166579324286,-0.00509965093806,0.00431630853564,-0.00190295930952,0.00114390044473,0.00135392171796,-0.0090635670349,0.0211149696261]],"mean":[-655.871887207,129.287719727,-2.04780006409,31.0079650879,-5.88430023193,23.2253456116,-2.87966537476,16.2283992767,-2.73563885689,8.92257213593,-3.33696460724,7.18908023834,-4.81060409546]},"pitch_salience":{"dmean":0.0818820595741,"dmean2":0.133698150516,"dvar":0.00526973279193,"dvar2":0.0137566784397,"max":0.963891625404,"mean":0.527416050434,"median":0.546431422234,"min":0.0757823139429,"var":0.0160359758884},"silence_rate_20dB":{"dmean":0,"dmean2":0,"dvar":0,"dvar2":0,"max":1,"mean":1,"median":1,"min":1,"var":0},"silence_rate_30dB":{"dmean":0.0654056295753,"dmean2":0.130822256207,"dvar":0.0611240416765,"dvar2":0.144298136234,"max":1,"mean":0.947461307049,"median":1,"min":0,"var":0.0497709773481},"silence_rate_60dB":{"dmean":0.0134510295466,"dmean2":0.026904322207,"dvar":0.0132718672976,"dvar2":0.0307196602225,"max":1,"mean":0.0504371225834,"median":0,"min":0,"var":0.0478963553905},"spectral_centroid":{"dmean":293.559783936,"dmean2":435.025756836,"dvar":127051.671875,"dvar2":241215.359375,"max":11459.6699219,"mean":1317.04870605,"median":1202.33618164,"min":118.183578491,"var":560035.3125},"spectral_complexity":{"dmean":4.57587242126,"dmean2":6.45569181442,"dvar":33.7563323975,"dvar2":57.0692901611,"max":63,"mean":18.9792366028,"median":17,"min":0,"var":161.032730103},"spectral_contrast_coeffs":{"dmean":[0.0549256019294,0.0492370948195,0.0401307679713,0.0303964801133,0.0200804006308,0.0315834470093],"dmean2":[0.089911416173,0.0811890289187,0.0656533762813,0.0498119480908,0.0326456353068,0.0482902787626],"dvar":[0.00186545401812,0.00150948343799,0.000989486812614,0.000600443221629,0.000277414888842,0.000814296945464],"dvar2":[0.00483859470114,0.00408731866628,0.00257178209722,0.00155515095685,0.00069262686884,0.00183121790178],"max":[-0.363565444946,-0.460491985083,-0.502877533436,-0.581172764301,-0.672867953777,-0.521819412708],"mean":[-0.699407339096,-0.775578200817,-0.791434466839,-0.808518946171,-0.822675406933,-0.706473052502],"median":[-0.706578969955,-0.781898319721,-0.793726861477,-0.808889985085,-0.821946620941,-0.696788549423],"min":[-0.985988557339,-0.979418754578,-0.979357242584,-0.979567110538,-0.966029584408,-0.964002966881],"var":[0.00701973354444,0.00454040803015,0.00391482794657,0.00235851458274,0.00107386871241,0.00325518636964]},"spectral_contrast_valleys":{"dmean":[0.426069945097,0.399589508772,0.361890465021,0.369102120399,0.348225235939,0.48373696208],"dmean2":[0.692337632179,0.639872968197,0.556286036968,0.547386705875,0.475795596838,0.697709262371],"dvar":[0.137701794505,0.128243505955,0.121971227229,0.159037768841,0.167768627405,0.22134552896],"dvar2":[0.311339348555,0.285801231861,0.242093011737,0.301979631186,0.292198866606,0.44310426712],"max":[-4.91023206711,-4.51703691483,-5.17167329788,-5.50067186356,-5.43994760513,-8.65544319153],"mean":[-6.96166706085,-6.73877334595,-7.13478088379,-7.60728597641,-7.59229946136,-10.7448072433],"median":[-6.72937202454,-6.4886007309,-6.85733604431,-7.3690328598,-7.36166858673,-10.5398921967],"min":[-28.3804512024,-27.7550525665,-27.6631011963,-27.6116390228,-27.4708480835,-27.3636856079],"var":[2.04826831818,2.1446390152,2.21115517616,2.09765815735,1.98101663589,1.61149835587]},"spectral_decrease":{"dmean":4.59584859058e-9,"dmean2":7.49733874983e-9,"dvar":6.54769901641e-17,"dvar2":1.69231319805e-16,"max":2.09501327397e-9,"mean":-7.76347519604e-9,"median":-5.61714319502e-9,"min":-8.410790997e-8,"var":7.15386888069e-17},"spectral_energy":{"dmean":0.0186903383583,"dmean2":0.0298166163266,"dvar":0.00104721798562,"dvar2":0.00266169128008,"max":0.339645802975,"mean":0.0424764491618,"median":0.0346838384867,"min":9.94695187911e-21,"var":0.00138625619002},"spectral_energyband_high":{"dmean":0.000647151377052,"dmean2":0.000851663062349,"dvar":0.00000118470052257,"dvar2":0.00000245581190939,"max":0.018450954929,"mean":0.0013343738392,"median":0.000799027387984,"min":7.23427687594e-21,"var":0.00000244872944677},"spectral_energyband_low":{"dmean":0.013545463793,"dmean2":0.0227897241712,"dvar":0.000711477652658,"dvar2":0.00188798375893,"max":0.301206320524,"mean":0.0186176057905,"median":0.0112552102655,"min":1.6023948552e-23,"var":0.000665077706799},"spectral_energyband_middle_high":{"dmean":0.00215273723006,"dmean2":0.00320117757656,"dvar":0.0000118184862004,"dvar2":0.0000271497519861,"max":0.058186929673,"mean":0.00555219268426,"median":0.00313548091799,"min":1.17128471815e-21,"var":0.0000422359298682},"spectral_energyband_middle_low":{"dmean":0.00453244335949,"dmean2":0.00691801868379,"dvar":0.0000575715530431,"dvar2":0.000133163644932,"max":0.138907685876,"mean":0.0105366231874,"median":0.00629701046273,"min":1.63744224128e-22,"var":0.00015289869043},"spectral_entropy":{"dmean":0.18096023798,"dmean2":0.257735222578,"dvar":0.0438810177147,"dvar2":0.0826813057065,"max":9.81583309174,"mean":7.7579741478,"median":7.80596160889,"min":5.70565652847,"var":0.137464433908},"spectral_flux":{"dmean":0.0333861038089,"dmean2":0.0536210127175,"dvar":0.00214221724309,"dvar2":0.00473623210564,"max":0.515871167183,"mean":0.11243981123,"median":0.102369964123,"min":6.56835696944e-11,"var":0.00428394507617},"spectral_kurtosis":{"dmean":2.33502483368,"dmean2":3.34725236893,"dvar":9.76914310455,"dvar2":20.0024032593,"max":65.9144897461,"mean":10.5468177795,"median":9.76504325867,"min":-1.22952127457,"var":24.8434085846},"spectral_rms":{"dmean":0.00123710278422,"dmean2":0.00188828841783,"dvar":0.00000272554802905,"dvar2":0.00000633267609373,"max":0.0182033441961,"mean":0.00586253916845,"median":0.00581703428179,"min":3.11517955529e-12,"var":0.00000707090794094},"spectral_rolloff":{"dmean":4824.81933594,"dmean2":9027.63378906,"dvar":53348932,"dvar2":126846920,"max":22050,"mean":11497.6748047,"median":15374.7070312,"min":21.533203125,"var":93219056},"spectral_skewness":{"dmean":0.266017377377,"dmean2":0.37510702014,"dvar":0.103184103966,"dvar2":0.19796949625,"max":5.89346313477,"mean":2.19471216202,"median":2.15529179573,"min":-0.0627727434039,"var":0.303975343704},"spectral_spread":{"dmean":502773.8125,"dmean2":727272.875,"dvar":387530031104,"dvar2":715278581760,"max":42146236,"mean":5149107.5,"median":4937718,"min":1915438.625,"var":3554514042880},"spectral_strongpeak":{"dmean":1.8633825779,"dmean2":3.46675801277,"dvar":65.4920043945,"dvar2":174.835449219,"max":118.006446838,"mean":1.51822042465,"median":0.188657581806,"min":0,"var":50.8747520447},"zerocrossingrate":{"dmean":0.0376520864666,"dmean2":0.0485031530261,"dvar":0.00116478931159,"dvar2":0.00182452693116,"max":0.77978515625,"mean":0.249103799462,"median":0.25146484375,"min":0.00537109375,"var":0.00922410190105}},"metadata":{"audio_properties":{"analysis_sample_rate":44100,"bit_rate":210234,"codec":"mp3","downmix":"mix","equal_loudness":0,"length":276.193725586,"lossless":false,"md5_encoded":"ec15c897797df2d046b4c0016ed66de6","replay_gain":0.923860549927,"sample_rate":44100},"tags":{"album":["Chicago XXX"],"albumartist":["Chicago"],"albumartistsort":["Chicago"],"artist":["Chicago"],"date":["2006"],"file_name":"10 - Chicago - Come to Me, Do.mp3","genre":["Pop Rock","Jazz Fusion","Jazz","Pop","Easy Listening","Soft Rock","Rock","Progressive Rock","Funk","Classic Rock"],"musicbrainz_albumid":["a3a36855-9169-4534-a7eb-d7cb88aaec2d"],"musicbrainz_artistid":["3f5be744-e867-42fb-8913-5fd69e4099b5"],"musicbrainz_recordingid":["8e10dbe2-17e9-4bd1-a93c-55d7a33e59e7"],"title":["Come to Me, Do"],"tracknumber":["10/13"]},"version":{"essentia":"2.1-beta1","essentia_build_sha":"ca57ba49d9b1854bd80e60cf9ccf267278fb7d6b","essentia_git_sha":"v2.1_beta1-28-g21ef5f4-dirty","extractor":"music 1.0"}},"rhythm":{"beats_count":491,"beats_loudness":{"dmean":0.0248245298862,"dmean2":0.0440551005304,"dvar":0.000618797552306,"dvar2":0.00182607828174,"max":0.270117342472,"mean":0.0604441389441,"median":0.0590272396803,"min":7.34686811388e-10,"var":0.000835932150949},"beats_loudness_band_ratio":{"dmean":[0.212783098221,0.0764375478029,0.0686979219317,0.0633775889874,0.0535812079906,0.0813675075769],"dmean2":[0.385798066854,0.136864036322,0.121627151966,0.115097768605,0.103203125298,0.14840221405],"dvar":[0.0241926629096,0.00710253510624,0.0052719428204,0.00303296255879,0.00129217107315,0.00383755285293],"dvar2":[0.0818367600441,0.0189122650772,0.0149835078046,0.00885438639671,0.00392331276089,0.0119520071894],"max":[0.95272320509,0.600030481815,0.482744336128,0.44654288888,0.319006681442,0.766709566116],"mean":[0.496141821146,0.0940813049674,0.0895692035556,0.0868523269892,0.0562499910593,0.187531530857],"median":[0.498523890972,0.0662309974432,0.0677213147283,0.0713435262442,0.0512655302882,0.185945004225],"min":[0.0152233336121,0.002908598