{"lowlevel":{"average_loudness":0.919640779495,"barkbands":{"dmean":[0.000243949907599,0.00426793470979,0.00177209649701,0.00110758270603,0.00195977697149,0.00119122082833,0.000881741347257,0.000664627994411,0.00132527214009,0.000515488150995,0.000358662102371,0.000202222698135,0.000269636249868,0.000218451474211,0.000299192528473,0.000193029642105,0.000132725719595,0.00017708602536,0.000107362160634,0.000118158342957,0.000106523097202,0.000102239231637,0.0000982544806902,0.000048151196097,0.0000443181452283,0.0000234035505855,0.00000290714115181],"dmean2":[0.000402903096983,0.00713805388659,0.00275769014843,0.00169127108529,0.0031524724327,0.00182310957462,0.00152840325609,0.0010263598524,0.00201598112471,0.000803032075055,0.000582492677495,0.00032543821726,0.000434954505181,0.000346221990185,0.000482535921037,0.000309407856548,0.000213025065023,0.000280977925286,0.000172013620613,0.000186906865565,0.000164789511473,0.000156417459948,0.000146825477714,0.0000709467713023,0.0000651681693853,0.0000372358808818,0.00000467135259896],"dvar":[4.14472197008e-7,0.000118873387692,0.0000117512981888,0.00000553469453735,0.0000147739228851,0.00000709097957952,0.0000106810821308,0.00000311207804771,0.0000141856125992,0.00000112418558729,7.07313347448e-7,1.61032232882e-7,5.10839356593e-7,3.57579864385e-7,3.97753950665e-7,2.04806852366e-7,1.02297654792e-7,1.5579671242e-7,5.12275057929e-8,8.72623999726e-8,6.32056327277e-8,7.13903318683e-8,5.98191647327e-8,1.49157894924e-8,1.24218830777e-8,4.79197082015e-9,3.10687447991e-10],"dvar2":[9.83054292192e-7,0.000306704925606,0.0000294219062198,0.0000138876876008,0.0000393598675146,0.000016566586055,0.0000308258386212,0.00000715970054443,0.0000327421366819,0.00000272223292086,0.00000179618564289,3.87616353237e-7,0.00000123083634662,8.40269990476e-7,9.6719713838e-7,5.00865382946e-7,2.44826566131e-7,3.68583101817e-7,1.26117669197e-7,2.23300361313e-7,1.45666945173e-7,1.63462132718e-7,1.32087336624e-7,3.21381286028e-8,2.72963269765e-8,1.1807655298e-8,7.42653549768e-10],"max":[0.00667662918568,0.110472381115,0.0731279626489,0.0816357582808,0.0775474458933,0.0584137514234,0.0503905490041,0.0588145293295,0.0662974640727,0.0282824710011,0.0204965565354,0.0112702548504,0.0218705795705,0.0283572003245,0.0120813557878,0.0111647807062,0.00894426833838,0.00992366299033,0.0041023013182,0.00983373261988,0.00539351906627,0.00534526538104,0.00643198844045,0.00333793065511,0.00289167487063,0.00160194362979,0.000982575817034],"mean":[0.000233402082813,0.00505281379446,0.00392923085019,0.00245658983476,0.00367189152166,0.00227965577506,0.00112801371142,0.00104079837911,0.00232366099954,0.00102220941335,0.00057272327831,0.000343794701621,0.00044065140537,0.000351938477252,0.000519491208252,0.000348541507265,0.000251530116657,0.000337495672284,0.000221561596845,0.000227170850849,0.000207679375308,0.000189748374396,0.000189897604287,0.0000910244416445,0.000080014600826,0.0000271213248197,0.00000316192949867],"median":[0.0000276090995612,0.00193093647249,0.00259580090642,0.00172383198515,0.00220713717863,0.000965761719272,0.000434699992184,0.00035653024679,0.000426963466452,0.000484694144689,0.000233982631471,0.000165421894053,0.000151056563482,0.000120272365166,0.000205957039725,0.000138353527291,0.0000866611662786,0.000125337261125,0.000114460774057,0.0000987914972939,0.0000712134860805,0.0000439993455075,0.0000439773175458,0.0000236140622292,0.000019671395421,0.00000349042375092,1.33748940812e-7],"min":[5.41944406018e-11,8.95645276694e-12,3.84295358394e-14,1.05362604492e-13,3.86823955029e-13,2.8612916615e-13,2.40835536193e-13,1.45357494487e-13,3.32865571044e-13,3.65132403479e-13,4.76600313035e-13,6.62968649163e-13,3.29849401915e-13,7.73188316757e-13,9.01894065073e-13,8.78238508393e-13,9.16186289161e-13,1.56215025724e-12,1.66990846064e-12,2.72897915203e-12,2.14641759227e-12,6.10909369966e-12,6.31636713419e-12,6.22917082499e-12,4.82559348383e-12,1.8859083132e-12,1.35946198743e-10],"var":[4.06019381671e-7,0.000102419144241,0.0000227031541726,0.00000866227946972,0.0000250349930866,0.0000158816328621,0.00000859608280734,0.00000586667783864,0.0000352675269824,0.00000316903310704,0.00000133698188165,3.50778066149e-7,0.00000108082383576,6.14018460965e-7,8.60678937897e-7,3.92577533148e-7,2.42670381567e-7,3.75006464992e-7,9.3049898453e-8,1.31910042001e-7,1.2899391777e-7,1.35662631351e-7,1.50620692807e-7,3.36066925399e-8,2.80758793991e-8,5.69486413582e-9,3.0896693537e-10]},"barkbands_crest":{"dmean":2.40924310684,"dmean2":3.89007520676,"dvar":6.76591014862,"dvar2":16.9264793396,"max":25.6359672546,"mean":8.99942207336,"median":8.11770629883,"min":2.1170899868,"var":14.7366333008},"barkbands_flatness_db":{"dmean":0.0191071871668,"dmean2":0.0283181965351,"dvar":0.000424181605922,"dvar2":0.000924583873712,"max":0.370041280985,"mean":0.132047921419,"median":0.121975652874,"min":0.0161977596581,"var":0.00306608877145},"barkbands_kurtosis":{"dmean":2.85766720772,"dmean2":4.38868904114,"dvar":37.6602554321,"dvar2":86.9799041748,"max":271.697143555,"mean":4.61845779419,"median":1.9503827095,"min":-1.99537026882,"var":93.5006713867},"barkbands_skewness":{"dmean":0.489865839481,"dmean2":0.73907405138,"dvar":0.383547127247,"dvar2":0.875580489635,"max":14.1036148071,"mean":1.64861941338,"median":1.44295525551,"min":-1.94130218029,"var":1.35402691364},"barkbands_spread":{"dmean":4.92508220673,"dmean2":7.46838712692,"dvar":41.8028373718,"dvar2":96.8058242798,"max":167.80821228,"mean":21.8245258331,"median":19.1080665588,"min":0.751232147217,"var":213.393264771},"dissonance":{"dmean":0.0179649218917,"dmean2":0.0297314506024,"dvar":0.000306030386128,"dvar2":0.000796040869318,"max":0.500000059605,"mean":0.4601136446,"median":0.466580092907,"min":0.277620017529,"var":0.000816910644062},"dynamic_complexity":4.42491006851,"erbbands":{"dmean":[0.148950025439,0.878151237965,1.89742517471,3.02050065994,4.57228565216,7.67067623138,8.24178504944,11.5119791031,12.0875091553,11.7830734253,16.4190196991,34.6155891418,16.5641899109,14.9922914505,13.455783844,8.13200950623,11.7907953262,10.7655591965,15.6536417007,11.182062149,8.22787570953,6.86256074905,10.3229646683,5.44203996658,5.59695005417,5.26544189453,4.69615745544,4.08426856995,3.55607104301,3.40181875229,2.81581330299,1.24833774567,0.729221761227,0.56045550108,0.289222180843,0.137783259153,0.0332965366542,0.00531437667087,0.000417932169512,0.0000406291801482],"dmean2":[0.249653801322,1.49045526981,3.0437233448,4.59978485107,7.30991506577,12.4108333588,12.6966485977,17.6048698425,20.7134895325,19.7515735626,24.8716773987,52.0193023682,24.9422950745,23.8579559326,21.8314151764,13.0905456543,18.8000354767,16.9728336334,25.1191082001,17.6809425354,13.0906028748,10.8840103149,16.2521953583,8.73673725128,8.88206958771,8.31200122833,7.34466981888,6.2881231308,5.43460464478,5.13917922974,4.22893476486,1.82684874535,1.08339834213,0.835398674011,0.434249490499,0.215611532331,0.0542597733438,0.00860785786062,0.000662056962028,0.0000640963407932],"dvar":[0.159356579185,4.99968242645,13.8909130096,41.7274742126,98.2470779419,232.531463623,272.404327393,876.299133301,1973.38806152,1461.22485352,1890.08825684,10232.9355469,1499.01220703,681.381713867,1399.5826416,243.604660034,1065.67749023,748.927978516,1297.63452148,511.627258301,467.477050781,290.496002197,524.457946777,147.043502808,152.013641357,182.859054565,125.758117676,104.653091431,90.1009368896,71.374458313,52.3737945557,11.2720546722,3.13141822815,1.8636674881,0.638922452927,0.207501590252,0.00845518615097,0.000245701288804,0.00000337466121891,1.47989155153e-7],"dvar2":[0.401751071215,13.3771686554,36.2436752319,101.373405457,266.616943359,615.434936523,641.735412598,2033.20251465,5706.09912109,3948.17700195,4409.17871094,23384.3847656,3564.35351563,1683.95629883,3510.22998047,587.44329834,2532.87695313,1719.92297363,3037.79443359,1278.83154297,1146.48974609,686.996459961,1238.76367188,365.311065674,375.136230469,466.824066162,299.271362305,245.166595459,206.537002563,158.983566284,118.420288086,23.824968338,6.86345386505,4.10512828827,1.47097110748,0.512877762318,0.0208424944431,0.000596215715632,0.00000763718981034,3.7515772533e-7],"max":[3.60028290749,25.1188468933,67.7712402344,257.572631836,196.464035034,317.544799805,529.284667969,716.957458496,687.418884277,871.529724121,951.974975586,1986.00976563,987.47064209,676.670593262,944.053039551,413.789428711,1171.03515625,1062.23962402,766.826416016,483.870849609,734.044250488,578.651184082,528.355285645,307.481628418,212.784545898,446.068145752,278.052246094,296.423675537,178.308334351,150.768661499,183.113433838,83.5129165649,57.8726501465,29.13630867,23.3937530518,13.4838094711,2.02907204628,0.293288230896,0.078121073544,0.0245623718947],"mean":[0.143526285887,1.15667188168,4.18652200699,7.04562282562,8.65627098083,13.5087280273,15.8754682541,20.7222518921,16.3425445557,16.955701828,28.4137458801,61.2624969482,35.3084487915,29.0018348694,22.6544876099,15.14112854,20.1855869293,20.0202713013,26.5694580078,23.3924560547,16.8633918762,13.991522789,19.9633159637,11.4597234726,11.5344104767,10.3117361069,9.14747047424,7.74734067917,6.43491744995,6.4889793396,5.28398132324,2.35337328911,1.40510964394,1.02558386326,0.478785783052,0.174881204963,0.0369768552482,0.00578129058704,0.000498199195135,0.000065144362452],"median":[0.0348963066936,0.548104047775,2.97338867188,5.38308906555,5.83858203888,7.38259887695,7.35661077499,7.52447032928,7.19575119019,6.68174648285,9.67350959778,12.3427810669,13.7816429138,15.8280410767,9.7431640625,7.88983106613,7.76106452942,8.3018245697,10.382686615,10.7960853577,7.10882568359,5.44010448456,7.53101682663,5.89983940125,6.01892805099,4.41596603394,3.50190877914,2.32246208191,1.54010879993,1.44700086117,1.21824240685,0.557534098625,0.372607648373,0.259027510881,0.09866784513,0.0267920903862,0.00406603794545,0.000418910349254,0.0000412278677686,0.0000334030846716],"min":[4.4340722205e-9,1.10420872446e-9,2.15683984561e-10,5.32165367328e-10,7.58235918497e-10,8.61089199944e-10,6.3783578419e-10,1.91753213308e-9,1.74843917122e-9,2.6948390186e-9,5.35509858679e-9,8.53611403784e-9,1.37541009693e-8,1.62128337422e-8,2.40270967566e-8,3.28084297507e-8,2.60653010287e-8,5.47958443065e-8,5.11607076703e-8,6.09957595543e-8,6.01901604114e-8,6.28733189956e-8,7.98169565996e-8,7.75903430394e-8,1.1778007547e-7,1.34649297934e-7,1.00992842533e-7,9.47643883364e-8,2.37790970914e-7,2.35123010839e-7,1.61035472956e-7,1.57879938456e-7,8.7848754049e-8,6.91546873099e-8,1.71950915728e-8,1.00910346745e-8,3.21670490244e-9,4.20788293098e-9,6.44637720981e-9,3.28062976784e-9],"var":[0.135373651981,4.22432184219,23.2153930664,68.7822875977,124.982971191,403.138122559,776.240905762,1850.77392578,1450.59912109,1728.53210449,3920.21459961,25567.9101563,4599.00830078,1628.80175781,2685.85961914,608.555847168,2174.35400391,1573.73474121,2707.90454102,1503.44055176,923.617919922,627.950317383,1276.67895508,265.412414551,265.901397705,271.272247314,231.736694336,200.211975098,160.680343628,170.768356323,119.019828796,25.1464138031,7.34119176865,4.25316953659,1.22351515293,0.240647166967,0.0108350655064,0.000314664153848,0.00000423703477281,1.20312762419e-7]},"erbbands_crest":{"dmean":2.39564871788,"dmean2":3.76903510094,"dvar":5.70579051971,"dvar2":13.1823835373,"max":30.5588588715,"mean":8.66720581055,"median":7.39498329163,"min":2.32316493988,"var":20.9368877411},"erbbands_flatness_db":{"dmean":0.0188949871808,"dmean2":0.0255383122712,"dvar":0.000444593490101,"dvar2":0.00074695982039,"max":0.354070544243,"mean":0.151825711131,"median":0.145948320627,"min":0.00873136986047,"var":0.00216616434045},"erbbands_kurtosis":{"dmean":0.721661329269,"dmean2":1.13323116302,"dvar":1.18451106548,"dvar2":2.69270133972,"max":26.4519710541,"mean":0.228101626039,"median":-0.264417260885,"min":-1.84236741066,"var":3.14454674721},"erbbands_skewness":{"dmean":0.313912123442,"dmean2":0.479251891375,"dvar":0.0931270048022,"dvar2":0.210240110755,"max":4.54906225204,"mean":0.36494165659,"median":0.332221388817,"min":-3.38345551491,"var":0.455191582441},"erbbands_spread":{"dmean":7.96032762527,"dmean2":11.7463521957,"dvar":89.7595062256,"dvar2":180.092605591,"max":165.173355103,"mean":41.0372200012,"median":38.1214027405,"min":5.39667654037,"var":369.583282471},"gfcc":{"cov":[[13766.8623047,-598.198791504,-17.9923152924,324.961791992,-510.802185059,271.988464355,-475.972930908,423.943237305,-361.608764648,282.640991211,-279.160736084,202.441192627,-245.35899353],[-598.198791504,1808.61120605,-199.269760132,-117.593971252,423.161529541,-158.929840088,252.112426758,-126.293136597,94.5243148804,-211.46232605,101.996620178,-199.213134766,60.4673995972],[-17.9923152924,-199.269760132,928.350219727,151.736282349,104.79598999,199.120803833,73.029800415,81.9399642944,-13.6802091599,77.0319519043,-47.0666656494,50.3930168152,-80.8652420044],[324.961791992,-117.593971252,151.736282349,315.279174805,20.6622486115,80.3653945923,-4.06588602066,14.1304244995,22.9462547302,15.6774377823,-4.75803089142,19.1554679871,-5.08555650711],[-510.802185059,423.161529541,104.79598999,20.6622486115,410.489379883,-18.0555667877,139.262466431,-14.2432537079,61.4945259094,-14.2424459457,36.0175209045,-17.2763137817,15.865228653],[271.988464355,-158.929840088,199.120803833,80.3653945923,-18.0555667877,219.25050354,44.9421043396,77.2112579346,-31.780921936,40.6766242981,-20.0230789185,-8.28082466125,-24.7842025757],[-475.972930908,252.112426758,73.029800415,-4.06588602066,139.262466431,44.9421043396,214.148208618,-3.53987050056,30.0148715973,-23.4876422882,23.3483047485,-42.6497650146,-7.54672288895],[423.943237305,-126.293136597,81.9399642944,14.1304244995,-14.2432537079,77.2112579346,-3.53987050056,139.276626587,-4.75714969635,45.2025527954,-20.6154403687,2.50082683563,-14.4342107773],[-361.608764648,94.5243148804,-13.6802091599,22.9462547302,61.4945259094,-31.780921936,30.0148715973,-4.75714969635,107.638084412,5.51891088486,12.8764772415,-4.5008225441,1.75888812542],[282.640991211,-211.46232605,77.0319519043,15.6774377823,-14.2424459457,40.6766242981,-23.4876422882,45.2025527954,5.51891088486,110.897232056,5.17638111115,29.7523822784,-23.9352893829],[-279.160736084,101.996620178,-47.0666656494,-4.75803089142,36.0175209045,-20.0230789185,23.3483047485,-20.6154403687,12.8764772415,5.17638111115,78.6441345215,5.37053155899,11.9008951187],[202.441192627,-199.213134766,50.3930168152,19.1554679871,-17.2763137817,-8.28082466125,-42.6497650146,2.50082683563,-4.5008225441,29.7523822784,5.37053155899,108.054664612,15.3092670441],[-245.35899353,60.4673995972,-80.8652420044,-5.08555650711,15.865228653,-24.7842025757,-7.54672288895,-14.4342107773,1.75888812542,-23.9352893829,11.9008951187,15.3092670441,80.6114273071]],"icov":[[0.000145074285683,-0.000228762815823,0.000165689634741,-0.00025520453346,0.0001215395896,-0.0000465118173452,0.000168801256223,-0.000361913349479,0.000536467938218,-0.000440758449258,0.000579998479225,-0.000599412771408,0.000561687105801],[-0.000228762815823,0.00178193405736,-0.0003401687718,0.000697561830748,-0.0011859096121,0.000551788310986,-0.000594109646045,0.000636844662949,-0.00120817846619,0.00247003650293,-0.0022196196951,0.00292141991667,-0.00133606849704],[0.000165689634741,-0.0003401687718,0.00194428453688,-0.000722637749277,-0.000402794568799,-0.00118931580801,-0.000136737216963,-0.000437251233961,0.000879846338648,-0.000907407840714,0.00168753869366,-0.00201500486583,0.00213173101656],[-0.00025520453346,0.000697561830748,-0.000722637749277,0.00448095565662,-0.000643003731966,-0.00172834924888,0.000609184033237,0.00128113327082,-0.00261634355411,0.00167592498474,-0.0015190342674,0.000966688385233,-0.00126527086832],[0.0001215395896,-0.0011859096121,-0.000402794568799,-0.000643003731966,0.00446240883321,0.000727530568838,-0.00179749948438,-0.000510083511472,-0.000357048993465,-0.00174764206167,0.000570743111894,-0.00154590327293,-0.000401111668907],[-0.0000465118173452,0.000551788310986,-0.00118931580801,-0.00172834924888,0.000727530568838,0.00911220815033,-0.0029039462097,-0.00317171611823,0.00270429439843,-0.00127473927569,-0.0000586858368479,0.00230210507289,-0.000905011605937],[0.000168801256223,-0.000594109646045,-0.000136737216963,0.000609184033237,-0.00179749948438,-0.0029039462097,0.00819328147918,0.000147135389852,-0.00108315353282,0.00119725463446,-0.00116788607556,0.000731630425435,0.00152762234211],[-0.000361913349479,0.000636844662949,-0.000437251233961,0.00128113327082,-0.000510083511472,-0.00317171611823,0.000147135389852,0.0111417472363,-0.00215733679943,-0.00200340105221,0.000633065414149,0.00199310667813,-0.00182279176079],[0.000536467938218,-0.00120817846619,0.000879846338648,-0.00261634355411,-0.000357048993465,0.00270429439843,-0.00108315353282,-0.00215733679943,0.0138429393992,-0.00403254712,0.00225329422392,-0.00214986340143,0.00224694004282],[-0.000440758449258,0.00247003650293,-0.000907407840714,0.00167592498474,-0.00174764206167,-0.00127473927569,0.00119725463446,-0.00200340105221,-0.00403254712,0.0172010269016,-0.0063983220607,0.000821824127343,0.00169038423337],[0.000579998479225,-0.0022196196951,0.00168753869366,-0.0015190342674,0.000570743111894,-0.0000586858368479,-0.00116788607556,0.000633065414149,0.00225329422392,-0.0063983220607,0.0190496873111,-0.0053400574252,0.00115380960051],[-0.000599412771408,0.00292141991667,-0.00201500486583,0.000966688385233,-0.00154590327293,0.00230210507289,0.000731630425435,0.00199310667813,-0.00214986340143,0.000821824127343,-0.0053400574252,0.0176176317036,-0.00680532539263],[0.000561687105801,-0.00133606849704,0.00213173101656,-0.00126527086832,-0.000401111668907,-0.000905011605937,0.00152762234211,-0.00182279176079,0.00224694004282,0.00169038423337,0.00115380960051,-0.00680532539263,0.0183679237962]],"mean":[-18.9978694916,101.907966614,-116.696456909,35.5242347717,-60.8089752197,14.1544313431,-35.188117981,5.81557369232,-23.4929695129,-2.95724081993,-17.5772857666,-5.75523233414,-7.64434051514]},"hfc":{"dmean":5.69866991043,"dmean2":8.17234420776,"dvar":113.25528717,"dvar2":247.826751709,"max":173.790176392,"mean":18.9067897797,"median":13.3306732178,"min":0.00000591481011725,"var":340.891540527},"melbands":{"dmean":[0.00124416663311,0.00101341644768,0.000543235859368,0.000433094537584,0.000299647916108,0.000244701339398,0.000184987016837,0.000126846774947,0.000141591663123,0.000224759380217,0.0000804018200142,0.0000631942530163,0.0000436192203779,0.0000283976969513,0.0000188772901311,0.0000307124682877,0.0000209096378967,0.0000258983254753,0.0000183835054486,0.0000172556501639,0.00000891593754204,0.00000726750249669,0.0000108882068162,0.0000072776720117,0.00000456790894532,0.0000043136669774,0.0000045925462473,0.00000355431689059,0.00000321391689795,0.00000278113429886,0.00000253461666944,0.00000222692574425,0.00000197725285034,0.0000020233323994,0.00000189672164197,0.0000010967066828,7.18833348401e-7,5.3777660014e-7,5.22406480741e-7,4.84025520109e-7],"dmean2":[0.00207826774567,0.00166088959668,0.000824496441055,0.000701875658706,0.000463836651761,0.000375274539692,0.000317645521136,0.000210873506148,0.000213943378185,0.000337476783898,0.000120975986647,0.000100326644315,0.0000707757644705,0.0000456960478914,0.0000301584459521,0.0000495102904097,0.0000330242801283,0.0000415320100728,0.000029829385312,0.0000277437084151,0.000014310457118,0.0000117048357424,0.000017301115804,0.0000115017355711,0.00000748007505535,0.00000692057528795,0.00000730877445676,0.00000567164579479,0.00000505354637426,0.00000442609052698,0.00000395679398935,0.00000349219658347,0.00000302412991005,0.00000311840199174,0.00000289260970021,0.00000164765151567,0.00000107042023956,8.18796877411e-7,7.93021342815e-7,7.35880178127e-7],"dvar":[0.0000105988647192,0.00000463149581265,0.00000117001036415,7.67425945014e-7,3.34461304874e-7,3.63428085848e-7,4.55742053873e-7,1.61016501465e-7,1.68610910123e-7,4.42956377356e-7,3.5785486574e-8,1.31693189687e-8,1.35708289051e-8,3.33714367251e-9,1.55752089004e-9,7.7319137759e-9,3.52353013433e-9,3.89433951753e-9,1.5014093302e-9,1.39971623181e-9,6.98237356822e-10,3.6658881486e-10,6.7143185456e-10,2.57980942164e-10,1.07118973414e-10,7.87397091973e-11,1.12678984199e-10,9.2265181606e-11,6.31163177278e-11,4.54422575957e-11,4.2799506994e-11,3.64844925105e-11,2.60726457785e-11,2.50638294841e-11,2.36984529223e-11,9.75318697333e-12,3.82179314237e-12,1.70299755201e-12,1.68329087648e-12,1.40636330706e-12],"dvar2":[0.0000269858974207,0.0000123224208437,0.00000286720000986,0.00000208495998777,8.0938497149e-7,8.56349231526e-7,0.00000131732178943,4.22188207949e-7,4.02288179657e-7,9.98572886601e-7,8.50389199059e-8,3.2274019901e-8,3.38527179622e-8,8.27086399369e-9,3.53371776285e-9,1.86803106317e-8,8.14568590357e-9,9.08330299865e-9,3.74978004203e-9,3.50160944684e-9,1.75356018595e-9,8.59172510914e-10,1.57229762543e-9,6.14280903921e-10,2.72109973443e-10,1.92729152082e-10,2.86783458092e-10,2.41839687165e-10,1.55127966028e-10,1.11220699317e-10,1.04197525608e-10,8.88100079588e-11,5.77719018457e-11,5.87803278274e-11,5.53333316666e-11,2.17486775117e-11,8.38052197083e-12,3.88353195088e-12,3.80464887026e-12,3.18147851813e-12],"max":[0.0302256941795,0.0355244837701,0.0376020558178,0.0152136115357,0.0155968619511,0.0140496911481,0.0102968038991,0.0116956438869,0.00768115278333,0.0128393638879,0.00496320892125,0.00316680129617,0.00298892357387,0.00148916663602,0.00114659615792,0.00253133894876,0.00256271264516,0.00131723913364,0.000833896221593,0.000922770879697,0.000897466554306,0.000768423255067,0.000868634029757,0.000416134658735,0.000291998439934,0.00013388771913,0.000201727103558,0.000366683932953,0.000243133225013,0.000133375709993,0.000197759727598,0.000149927189341,0.000106975967356,0.000100970552012,0.00012266349222,0.000110939115984,0.0000515639076184,0.0000388261178159,0.0000371147070837,0.0000220003021241],"mean":[0.00132961000782,0.0019929248374,0.00126382999588,0.00079510366777,0.000585157598834,0.00044487247942,0.000250341196079,0.000184244010597,0.00023747542582,0.000394033937482,0.000165347169968,0.000117303294246,0.0000716217400623,0.0000485480268253,0.0000319736755046,0.0000495036656503,0.0000348151879734,0.0000415351751144,0.0000326430272253,0.0000320924409607,0.0000170917610376,0.0000135910950121,0.0000201117418328,0.0000133465518957,0.00000871715565154,0.00000845813610795,0.00000833283684187,0.00000642064333078,0.00000585438829148,0.00000499480620419,0.00000439600444224,0.00000371698388335,0.00000346992942468,0.00000362796163245,0.00000333456546286,0.00000197846225092,0.00000124781729482,9.77888589659e-7,9.46521254264e-7,8.36363938106e-7],"median":[0.000436162896222,0.00143447588198,0.00100266211666,0.000494130246807,0.000296322425129,0.000173304550117,0.000105886967503,0.0000719766831025,0.0000728681261535,0.0000717551229172,0.0000634956959402,0.0000579770639888,0.0000304994391627,0.0000237673957599,0.0000147640439536,0.0000157626291184,0.0000129428799482,0.000014366076357,0.0000137402203109,0.0000128655929075,0.0000063447669163,0.00000480435483041,0.00000694735172146,0.00000529093813384,0.00000405740775022,0.00000432666229244,0.00000370877478417,0.00000252869040196,0.00000223762390306,0.00000159640728725,0.0000012178822999,8.69636210155e-7,7.24019685094e-7,7.83203290666e-7,7.65532263358e-7,4.26895610417e-7,2.84829553721e-7,2.46655190494e-7,2.51509163718e-7,2.02505361813e-7],"min":[3.94722622643e-11,1.47143107703e-13,1.19048881538e-13,9.41456792082e-14,2.25294602581e-14,5.78592891914e-14,3.36561019939e-14,2.86451194524e-14,5.58476672568e-14,5.57845463616e-14,6.81268125138e-14,5.24496556755e-14,8.89940315993e-14,8.61820787261e-14,8.45746609139e-14,6.69099311005e-14,6.36540380952e-14,8.16306386636e-14,6.76210254241e-14,8.03741025557e-14,6.74241410858e-14,5.0185062269e-14,4.99551436458e-14,7.25850382946e-14,5.53737963685e-14,8.5671399174e-14,7.53688493452e-14,9.10795283594e-14,7.3158689664e-14,3.34768054477e-14,5.63349111013e-14,1.24135768396e-13,1.05713946982e-13,1.10176028457e-13,7.54235812261e-14,9.04653752625e-14,9.26879490585e-14,6.39868881621e-14,6.79293386406e-14,5.03277161699e-14],"var":[0.00000901319981494,0.00000574216119276,0.00000195331176656,0.00000112875238756,8.87552971562e-7,7.48479919821e-7,3.48859543919e-7,2.08646994793e-7,3.39331108989e-7,0.00000112438533506,1.07630661716e-7,3.18396544685e-8,2.60023309551e-8,6.61205845631e-9,3.19103987678e-9,1.60631916657e-8,6.46328590648e-9,7.94042076535e-9,3.18197579396e-9,2.88547430394e-9,1.27894594915e-9,7.27727433869e-10,1.69494485114e-9,5.12099196381e-10,1.77657485945e-10,1.40512948499e-10,1.82424200745e-10,1.20321169694e-10,1.02303145122e-10,8.22432677516e-11,7.1781018629e-11,5.67151603459e-11,5.06278213797e-11,5.75435081529e-11,4.81861286983e-11,2.00687730323e-11,7.66774057442e-12,3.70576963213e-12,3.53625657402e-12,2.98414613333e-12]},"melbands_crest":{"dmean":2.95279836655,"dmean2":4.71705198288,"dvar":9.527135849,"dvar2":23.8542346954,"max":38.8751182556,"mean":13.3355808258,"median":12.6045742035,"min":3.17034459114,"var":22.6881504059},"melbands_flatness_db":{"dmean":0.023142773658,"dmean2":0.0341976471245,"dvar":0.000674969051033,"dvar2":0.00146289065015,"max":0.512864232063,"mean":0.20031902194,"median":0.187291011214,"min":0.0301363952458,"var":0.00556547613814},"melbands_kurtosis":{"dmean":7.82942152023,"dmean2":12.2438459396,"dvar":384.337097168,"dvar2":938.309387207,"max":537.732055664,"mean":14.6956443787,"median":8.08588218689,"min":-1.70844268799,"var":662.530944824},"melbands_skewness":{"dmean":0.721723973751,"dmean2":1.09295725822,"dvar":1.00159692764,"dvar2":2.2657289505,"max":18.8486175537,"mean":2.74244713783,"median":2.50019311905,"min":-0.694173872471,"var":2.89525651932},"melbands_spread":{"dmean":5.57309579849,"dmean2":8.50063800812,"dvar":62.891242981,"dvar2":146.901016235,"max":186.152679443,"mean":21.4029121399,"median":18.8237953186,"min":0.486382514238,"var":225.668243408},"mfcc":{"cov":[[11189.4277344,-355.331359863,-9.62773513794,80.6504516602,-130.80090332,-116.210708618,-122.25717926,-6.68150568008,-75.4199752808,3.38494825363,-28.1644382477,-24.5178375244,-65.2632675171],[-355.331359863,1821.29321289,-352.328826904,139.768051147,109.840141296,36.6458358765,145.424957275,67.7133636475,20.3617248535,59.5664978027,9.55491352081,-33.514377594,-26.0650749207],[-9.62773513794,-352.328826904,767.914978027,21.8864593506,59.3122291565,105.1820755,72.6199035645,67.3353881836,34.0363311768,28.9952964783,54.2027626038,7.26880407333,7.95367097855],[80.6504516602,139.768051147,21.8864593506,245.472457886,97.7397766113,70.0723571777,5.57407331467,33.1309432983,17.8609542847,6.37482452393,-0.0373514704406,16.1665534973,34.6349945068],[-130.80090332,109.840141296,59.3122291565,97.7397766113,206.162460327,51.052822113,36.7249298096,24.6357536316,36.4056282043,18.9678058624,12.5219726563,15.6533498764,30.0997676849],[-116.210708618,36.6458358765,105.1820755,70.0723571777,51.052822113,158.758087158,68.7905731201,37.9801101685,27.0593910217,17.4197101593,21.5404396057,17.7706222534,10.5728616714],[-122.25717926,145.424957275,72.6199035645,5.57407331467,36.7249298096,68.7905731201,199.212783813,48.1497917175,32.247013092,42.8144035339,31.4145126343,9.60489654541,-21.4090881348],[-6.68150568008,67.7133636475,67.3353881836,33.1309432983,24.6357536316,37.9801101685,48.1497917175,100.943023682,31.9683036804,16.2119197845,6.6850605011,-2.78125762939,-0.063673838973],[-75.4199752808,20.3617248535,34.0363311768,17.8609542847,36.4056282043,27.0593910217,32.247013092,31.9683036804,98.6204528809,32.8440704346,14.3622655869,4.44873285294,-1.50444328785],[3.38494825363,59.5664978027,28.9952964783,6.37482452393,18.9678058624,17.4197101593,42.8144035339,16.2119197845,32.8440704346,85.5225524902,39.1061401367,12.9668483734,-13.0221185684],[-28.1644382477,9.55491352081,54.2027626038,-0.0373514704406,12.5219726563,21.5404396057,31.4145126343,6.6850605011,14.3622655869,39.1061401367,80.526184082,32.9566307068,-1.95062398911],[-24.5178375244,-33.514377594,7.26880407333,16.1665534973,15.6533498764,17.7706222534,9.60489654541,-2.78125762939,4.44873285294,12.9668483734,32.9566307068,73.628944397,28.1477680206],[-65.2632675171,-26.0650749207,7.95367097855,34.6349945068,30.0997676849,10.5728616714,-21.4090881348,-0.063673838973,-1.50444328785,-13.0221185684,-1.95062398911,28.1477680206,79.2890396118]],"icov":[[0.0000936000942602,0.0000221184654947,-0.00000248961850957,-0.0000977137024165,0.0000545538205188,0.000075194540841,0.0000302583284792,-0.000044442309445,0.000069762194471,-0.0000645437103231,0.0000219482553803,-0.0000136218850457,0.000100743724033],[0.0000221184654947,0.000771847320721,0.000478055560961,-0.000392813410144,-0.000279615051113,0.000066382206569,-0.000538749038242,-0.000404090824304,0.000283644010779,-0.00034513650462,-0.000280705105979,0.000642202037852,0.0000608839800407],[-0.00000248961850957,0.000478055560961,0.00185186066665,0.000062955012254,-0.000437265407527,-0.000803897739388,-0.000340369238984,-0.000952905858867,0.000200440525077,-0.0000590928866586,-0.00121211679652,0.000952513888478,-0.000251504301559],[-0.0000977137024165,-0.000392813410144,0.000062955012254,0.0061708255671,-0.00215689581819,-0.00230753351934,0.00128348323051,-0.00113038835116,0.000210229525692,-0.000231780461036,0.00082608073717,-0.000640158366878,-0.00122575752903],[0.0000545538205188,-0.000279615051113,-0.000437265407527,-0.00215689581819,0.00692320941016,-0.00023698482255,-0.000721476040781,0.000529878481757,-0.00169101695064,-0.000375002884539,-0.00000358094075636,0.0000240249155468,-0.00195424607955],[0.000075194540841,0.000066382206569,-0.000803897739388,-0.00230753351934,-0.00023698482255,0.00957989599556,-0.00258841924369,-0.000911331444513,-0.000743006879929,0.000665256578941,-0.000680988188833,-0.000973544549197,-0.000290764204692],[0.0000302583284792,-0.000538749038242,-0.000340369238984,0.00128348323051,-0.000721476040781,-0.00258841924369,0.0077851805836,-0.00207319576293,-0.000178715272341,-0.00167381414212,-0.000391032168409,-0.00114388659131,0.00215894239955],[-0.000044442309445,-0.000404090824304,-0.000952905858867,-0.00113038835116,0.000529878481757,-0.000911331444513,-0.00207319576293,0.0133898183703,-0.00314427865669,-0.000115789072879,0.000630142458249,0.00122567894869,-0.000707016559318],[0.000069762194471,0.000283644010779,0.000200440525077,0.000210229525692,-0.00169101695064,-0.000743006879929,-0.000178715272341,-0.00314427865669,0.0133259277791,-0.00432524178177,0.000248867378104,0.000311023351969,0.000167164180311],[-0.0000645437103231,-0.00034513650462,-0.0000590928866586,-0.000231780461036,-0.000375002884539,0.000665256578941,-0.00167381414212,-0.000115789072879,-0.00432524178177,0.0181830786169,-0.0071038804017,-0.000715441710781,0.00252566090785],[0.0000219482553803,-0.000280705105979,-0.00121211679652,0.00082608073717,-0.00000358094075636,-0.000680988188833,-0.000391032168409,0.000630142458249,0.000248867378104,-0.0071038804017,0.0205888189375,-0.0087314909324,0.00211783894338],[-0.0000136218850457,0.000642202037852,0.000952513888478,-0.000640158366878,0.0000240249155468,-0.000973544549197,-0.00114388659131,0.00122567894869,0.000311023351969,-0.000715441710781,-0.0087314909324,0.0212965551764,-0.00768992258236],[0.000100743724033,0.0000608839800407,-0.000251504301559,-0.00122575752903,-0.00195424607955,-0.000290764204692,0.00215894239955,-0.000707016559318,0.000167164180311,0.00252566090785,0.00211783894338,-0.00768992258236,0.0178387202322]],"mean":[-657.167053223,124.813163757,3.51969885826,23.2779922485,0.741324901581,6.33935308456,-0.261526197195,3.44768810272,0.301874279976,2.8964984417,-3.54021883011,-6.62355518341,-3.17078232765]},"pitch_salience":{"dmean":0.0660901814699,"dmean2":0.105619966984,"dvar":0.00440445216373,"dvar2":0.011039769277,"max":0.881384313107,"mean":0.562758088112,"median":0.568743228912,"min":0.0585082136095,"var":0.0113249476999},"silence_rate_20dB":{"dmean":0,"dmean2":0,"dvar":0,"dvar2":0,"max":1,"mean":1,"median":1,"min":1,"var":0},"silence_rate_30dB":{"dmean":0.00229135458358,"dmean2":0.00458311289549,"dvar":0.00228643859737,"dvar2":0.00632609194145,"max":1,"mean":0.998413801193,"median":1,"min":0,"var":0.00158370914869},"silence_rate_60dB":{"dmean":0.0148056754842,"dmean2":0.0296139605343,"dvar":0.0145873874426,"dvar2":0.0313770622015,"max":1,"mean":0.10971096158,"median":0,"min":0,"var":0.0976668968797},"spectral_centroid":{"dmean":207.70199585,"dmean2":309.498809814,"dvar":67164.7890625,"dvar2":143775.015625,"max":11120.1855469,"mean":1234.90856934,"median":1173.46972656,"min":176.845550537,"var":375275.65625},"spectral_complexity":{"dmean":3.3332157135,"dmean2":5.00916624069,"dvar":21.5736255646,"dvar2":40.7053985596,"max":61,"mean":18.0884742737,"median":17,"min":0,"var":109.55934906},"spectral_contrast_coeffs":{"dmean":[0.0467428565025,0.0423723571002,0.0386740751565,0.0311122369021,0.0218923483044,0.0178475957364],"dmean2":[0.0760937035084,0.0676377341151,0.0611715093255,0.0502156838775,0.0345686711371,0.028225986287],"dvar":[0.00172706542071,0.00130238791462,0.00104750832543,0.000733815948479,0.000402903271606,0.000339994265232],"dvar2":[0.00440404564142,0.00326958415098,0.00248326244764,0.00174315541517,0.000898127444088,0.000776419066824],"max":[-0.337651759386,-0.432833731174,-0.427133589983,-0.475208818913,-0.491405308247,-0.578634798527],"mean":[-0.640243649483,-0.71582865715,-0.732826530933,-0.767305254936,-0.78730070591,-0.759485006332],"median":[-0.640433073044,-0.72455728054,-0.738048553467,-0.775768518448,-0.792917490005,-0.757044553757],"min":[-0.954796433449,-0.96022683382,-0.969412922859,-0.961792707443,-0.95886772871,-0.95905315876],"var":[0.0063605424948,0.00634196260944,0.00577462464571,0.00397170335054,0.00258341617882,0.00157272815704]},"spectral_contrast_valleys":{"dmean":[0.431096583605,0.340015023947,0.309089332819,0.298432588577,0.269434809685,0.355069428682],"dmean2":[0.674008369446,0.546949565411,0.494964718819,0.474623799324,0.401664346457,0.45057502389],"dvar":[0.204375371337,0.138579919934,0.108862161636,0.137454360723,0.145122081041,0.243130624294],"dvar2":[0.41407597065,0.304984152317,0.227933004498,0.282262355089,0.272714495659,0.38262912631],"max":[-4.88973093033,-4.27901029587,-5.27772378922,-5.56887197495,-5.4870262146,-7.71715116501],"mean":[-7.24520921707,-7.00257635117,-7.56034564972,-7.9529914856,-7.85905408859,-10.3944749832],"median":[-6.85138988495,-6.78569698334,-7.32218170166,-7.75325965881,-7.65136909485,-10.1010217667],"min":[-27.1440410614,-26.9819393158,-27.0372905731,-27.1066322327,-27.3111209869,-27.3191337585],"var":[1.81249189377,1.34344315529,1.29030251503,1.28696715832,1.37586796284,2.04556083679]},"spectral_decrease":{"dmean":2.57702525985e-9,"dmean2":4.08872224966e-9,"dvar":1.90169567288e-17,"dvar2":4.85282513188e-17,"max":6.35405629971e-16,"mean":-6.84299061859e-9,"median":-6.00379213012e-9,"min":-5.92746900452e-8,"var":3.0029895475e-17},"spectral_energy":{"dmean":0.0101189240813,"dmean2":0.0159759204835,"dvar":0.000290862983093,"dvar2":0.00073925597826,"max":0.226477965713,"mean":0.027541866526,"median":0.0242536850274,"min":9.22515730473e-10,"var":0.000475006003398},"spectral_energyband_high":{"dmean":0.000396421150072,"dmean2":0.000564390502404,"dvar":8.63340233082e-7,"dvar2":0.00000179529604338,"max":0.0185231473297,"mean":0.000894483993761,"median":0.000297471124213,"min":1.5267345721e-10,"var":0.00000227626151172},"spectral_energyband_low":{"dmean":0.00605262443423,"dmean2":0.00974554289132,"dvar":0.000177554073161,"dvar2":0.000446523539722,"max":0.19062961638,"mean":0.0106146698818,"median":0.00740537978709,"min":2.59353732934e-10,"var":0.000197141154786},"spectral_energyband_middle_high":{"dmean":0.00140711676795,"dmean2":0.00215752748773,"dvar":0.00000526667736267,"dvar2":0.0000125219066831,"max":0.0362004339695,"mean":0.00433270120993,"median":0.00305961351842,"min":1.96406068492e-11,"var":0.0000192828229046},"spectral_energyband_middle_low":{"dmean":0.0050522829406,"dmean2":0.0079497564584,"dvar":0.0000883708926267,"dvar2":0.000237027546973,"max":0.126434072852,"mean":0.0132916746661,"median":0.0103215025738,"min":3.85103017184e-12,"var":0.00015614478616},"spectral_entropy":{"dmean":0.159790411592,"dmean2":0.220837637782,"dvar":0.0356350950897,"dvar2":0.061451792717,"max":9.81056308746,"mean":7.54161882401,"median":7.62987995148,"min":5.5918302536,"var":0.248433738947},"spectral_flux":{"dmean":0.0267166271806,"dmean2":0.0428827628493,"dvar":0.0015315990895,"dvar2":0.00346889859065,"max":0.468090027571,"mean":0.0754062533379,"median":0.0626217499375,"min":0.0000434049834439,"var":0.00286221527494},"spectral_kurtosis":{"dmean":1.65893900394,"dmean2":2.72430372238,"dvar":6.47380971909,"dvar2":17.0821361542,"max":45.3364677429,"mean":4.46061229706,"median":3.3318734169,"min":-1.23671627045,"var":16.2613735199},"spectral_rms":{"dmean":0.000838792475406,"dmean2":0.00127535278443,"dvar":0.00000147559364905,"dvar2":0.00000348987828147,"max":0.0148645257577,"mean":0.00470790732652,"median":0.00486437417567,"min":9.48691365465e-7,"var":0.00000470573559141},"spectral_rolloff":{"dmean":450.526824951,"dmean2":738.136352539,"dvar":776315.4375,"dvar2":1732417.25,"max":21124.0722656,"mean":1403.37438965,"median":925.927734375,"min":64.599609375,"var":2562132},"spectral_skewness":{"dmean":0.213816598058,"dmean2":0.335090249777,"dvar":0.0668329522014,"dvar2":0.158801853657,"max":5.04963207245,"mean":1.52914953232,"median":1.43590319157,"min":-0.0475695133209,"var":0.307642281055},"spectral_spread":{"dmean":602005.125,"dmean2":853045.4375,"dvar":750295973888,"dvar2":1359851683840,"max":42103424,"mean":4661322.5,"median":4567841.5,"min":1318131.875,"var":2793484058620},"spectral_strongpeak":{"dmean":0.462478131056,"dmean2":0.778169512749,"dvar":0.570958077908,"dvar2":1.38803839684,"max":10.3218698502,"mean":0.846386253834,"median":0.391234755516,"min":0,"var":1.22601652145},"zerocrossingrate":{"dmean":0.00924274604768,"dmean2":0.0110801886767,"dvar":0.000138784991577,"dvar2":0.000173653112142,"max":0.62939453125,"mean":0.0600634142756,"median":0.052734375,"min":0.00390625,"var":0.00167692825198}},"metadata":{"audio_properties":{"analysis_sample_rate":44100,"bit_rate":0,"codec":"flac","downmix":"mix","equal_loudness":0,"length":263.466674805,"lossless":true,"md5_encoded":"ff5a293dc0c717f15edeabcc4622abe1","replay_gain":-11.9374732971,"sample_rate":44100},"tags":{"acoustid_id":["14c80d18-8548-4bd0-9034-752e210f1923"],"album":["Some Things Never Change"],"albumartist":["Supertramp"],"albumartistsort":["Supertramp"],"artist":["Supertramp"],"artistsort":["Supertramp"],"barcode":["724385618321"],"catalognumber":["856183 2"],"date":["1997"],"discnumber":["1"],"disctotal":["1"],"file_name":"0d1885484bd09034752e210f1923.flac","label":["EMI"],"media":["HDCD"],"musicbrainz_albumartistid":["d2ff6b6b-fc30-48dc-8952-06f9d8fc64f8"],"musicbrainz_albumid":["e82babc1-66c2-4973-a62a-8ec70ffe2b28"],"musicbrainz_artistid":["d2ff6b6b-fc30-48dc-8952-06f9d8fc64f8"],"musicbrainz_recordingid":["8e5d6c17-084c-4908-a253-bb8c96f1e018"],"musicbrainz_releasegroupid":["e6cc181c-42a0-35c1-a412-35b8d96e92b7"],"musicbrainz_releasetrackid":["b52db993-2c29-4f7d-947f-79d8fdba366c"],"originaldate":["1997-04-21"],"originalyear":["1997"],"releasecountry":["XE"],"releasestatus":["official"],"releasetype":["album"],"script":["Latn"],"title":["Give Me A Chance"],"totaldiscs":["1"],"totaltracks":["12"],"tracknumber":["10"],"tracktotal":["12"]},"version":{"essentia":"2.1-beta2","essentia_build_sha":"2d9f1f26377add8aeb1075a9c2973f962c4f09fd","essentia_git_sha":"v2.1_beta2-1-ge3940c0","extractor":"music 1.0"}},"rhythm":{"beats_count":349,"beats_loudness":{"dmean":0.0158873815089,"dmean2":0.0286518968642,"dvar":0.000207835255424,"dvar2":0.000644568179268,"max":0.127647086978,"mean":0.0443817786872,"median":0.0447441227734,"min":1.52473887738e-7,"var":0.000454965484096},"beats_loudness_band_ratio":{"dmean":[0.322000712156,0.129936307669,0.104841955006,0.0523442998528,0.086069