{"lowlevel":{"average_loudness":0.778231203556,"barkbands":{"dmean":[0.00333596789278,0.0073242909275,0.00151421315968,0.00111781468149,0.00158895028289,0.00159244099632,0.00227464223281,0.000690289714839,0.00105035805609,0.000679816876072,0.000615703000221,0.000685339095071,0.000408920430345,0.000360762438504,0.000286365655484,0.000163705568411,0.000123711652122,0.0000817967229523,0.0000861184526002,0.0000867760827532,0.0000685354316374,0.0000379097255063,0.0000221150421567,0.00000871437350725,0.00000215350564758,0.0000253896996583,0.000294264958939],"dmean2":[0.00555432587862,0.0122625203803,0.00258980086073,0.00186616042629,0.00260723265819,0.00248757889494,0.00353563460521,0.00113218359184,0.00168976071291,0.00112333055586,0.000989602645859,0.00114016071893,0.00067910325015,0.000602207554039,0.000474983768072,0.000273357291007,0.000204061099794,0.000131481268909,0.000133445922984,0.00013057810429,0.0000995975424303,0.0000553982208658,0.0000308883863909,0.0000121114626381,0.0000035790203583,0.0000331194059981,0.00044397986494],"dvar":[0.0000184749660548,0.0000792242281022,0.0000044863986659,0.00000363737967746,0.00000906717195903,0.0000134723941301,0.0000415700596932,0.00000255870281762,0.00000525401492268,0.00000182922519798,0.00000264940081252,0.00000149034883634,3.37380441806e-7,2.1323501187e-7,1.33896421062e-7,4.2605869055e-8,2.65450523784e-8,1.77821295466e-8,3.67539207957e-8,6.43902140496e-8,3.34159189208e-8,5.23991205981e-9,1.26014809698e-9,1.8424807513e-10,1.23325655244e-11,1.63780455864e-9,9.39228925745e-8],"dvar2":[0.0000481175848108,0.000207541583222,0.0000121670882436,0.00000913728217711,0.0000220504298341,0.0000287450329779,0.0000913418189157,0.00000635868127574,0.0000129423087856,0.00000456621091871,0.00000628634825262,0.00000390908235204,8.49128468872e-7,5.66087464904e-7,3.44492519844e-7,1.14403022167e-7,6.47765716622e-8,4.27443183071e-8,7.22177517787e-8,1.28410420075e-7,6.39915285205e-8,1.22239827149e-8,2.50674503377e-9,3.44037576205e-10,3.13716171096e-11,2.87159118706e-9,1.94198008785e-7],"max":[0.0630604475737,0.112029321492,0.0409830547869,0.0473299175501,0.0705473870039,0.0936982408166,0.145895808935,0.0459470972419,0.0502303428948,0.0333927609026,0.0440804734826,0.0315088182688,0.0160931944847,0.010540583171,0.00737509503961,0.00395025499165,0.00736838392913,0.00361066055484,0.00702641345561,0.00864716526121,0.00562676554546,0.00122418696992,0.000518607965205,0.000215241205296,0.0000590309500694,0.000665357860271,0.00751294428483],"mean":[0.00509351911023,0.0110728731379,0.00182143668644,0.00150937668514,0.00249424390495,0.0025702835992,0.00390170770697,0.00102324062027,0.00162801868282,0.00104022934102,0.00100313965231,0.00120791513473,0.000771974620875,0.000728317361791,0.00060722179478,0.000357034878107,0.00025531440042,0.000157889749971,0.000178286718437,0.000178696893272,0.000129964129883,0.0000724347992218,0.0000437796043116,0.0000163487311511,0.00000227340433412,0.0000530512988917,0.00118336884771],"median":[0.00370834185742,0.00778200430796,0.00104319234379,0.000766986748204,0.00142292072996,0.000938663259149,0.00075278186705,0.000394321512431,0.000608222268056,0.000579298939556,0.000389723398257,0.000744922377635,0.000544481677935,0.000536236912012,0.000438037153799,0.00026875390904,0.000192328443518,0.0000951342663029,0.0000935412826948,0.0000867682028911,0.0000610565257375,0.0000369252957171,0.0000159486517077,0.00000600194016442,0.00000104102900877,0.0000174748747668,0.00106036127545],"min":[1.17241462256e-23,2.5838036123e-23,4.31871171679e-24,1.95393367822e-23,5.05406521233e-23,2.71135847637e-23,5.92278029817e-23,7.63552606551e-23,7.92355117269e-23,1.53790137412e-22,4.8862625071e-23,2.66047631689e-23,1.11031919974e-22,1.37513614531e-22,1.16101708131e-22,9.44919743488e-23,2.08208021952e-22,3.16660000735e-22,3.42145711067e-22,3.0490314597e-22,4.6058167755e-22,6.54596223794e-22,7.37388854493e-22,8.01608897449e-22,9.94243530333e-22,1.68623686023e-21,2.73281390265e-21],"var":[0.0000289623640128,0.000121946752188,0.00000554766256755,0.00000566906419408,0.00001409201559,0.0000333915231749,0.000115691975225,0.0000046116520025,0.00000997671304503,0.00000259748640019,0.00000705827142156,0.00000270356281362,6.77366756463e-7,4.89871865739e-7,3.46254324768e-7,9.57097512355e-8,6.09984383004e-8,3.78612128316e-8,9.7969639512e-8,1.66195604834e-7,8.38204954334e-8,9.52462997361e-9,3.69581942827e-9,5.72965119794e-10,1.33146844244e-11,5.7800062514e-9,4.79652726426e-7]},"barkbands_crest":{"dmean":3.03887104988,"dmean2":5.02976226807,"dvar":6.6855597496,"dvar2":17.6220417023,"max":24.9016304016,"mean":9.98068332672,"median":9.4301776886,"min":2.33546376228,"var":15.6900224686},"barkbands_flatness_db":{"dmean":0.0223808921874,"dmean2":0.0348197594285,"dvar":0.00034531019628,"dvar2":0.000822585250717,"max":0.288938492537,"mean":0.119496896863,"median":0.116772025824,"min":0.0284948404878,"var":0.00136248045601},"barkbands_kurtosis":{"dmean":2.64043927193,"dmean2":4.29047107697,"dvar":12.1402816772,"dvar2":31.0975570679,"max":66.3496017456,"mean":4.53939008713,"median":3.25736236572,"min":-1.94031262398,"var":23.8661785126},"barkbands_skewness":{"dmean":0.510039508343,"dmean2":0.821312487125,"dvar":0.23227801919,"dvar2":0.591012597084,"max":7.60994005203,"mean":1.86246085167,"median":1.78067302704,"min":-1.9636644125,"var":0.675072312355},"barkbands_spread":{"dmean":8.62909889221,"dmean2":13.7099914551,"dvar":70.1829528809,"dvar2":170.270782471,"max":141.073928833,"mean":36.6911773682,"median":33.6731719971,"min":3.63548445702,"var":319.409118652},"dissonance":{"dmean":0.0156387127936,"dmean2":0.026698352769,"dvar":0.000242900408921,"dvar2":0.000686398299877,"max":0.500000059605,"mean":0.47467392683,"median":0.480955660343,"min":0.336856395006,"var":0.000464237062261},"dynamic_complexity":3.60662078857,"erbbands":{"dmean":[0.337762922049,1.32354080677,1.90878593922,2.42029833794,4.88940906525,5.82750463486,6.61162090302,15.9978475571,36.0080070496,17.676618576,17.6061439514,23.0491313934,19.9854373932,20.2340869904,25.0203666687,26.4156589508,17.9436817169,16.464307785,16.106918335,11.610663414,8.09751796722,5.92464399338,4.24990081787,4.34233951569,4.5052113533,4.14528751373,3.09058952332,2.42378902435,1.45697486401,0.959776520729,0.570085525513,0.262137383223,0.103915698826,0.0271135363728,0.0154858399183,0.0281669367105,0.0522962473333,0.0497421547771,0.0192125830799,0.00592096569017],"dmean2":[0.563413441181,2.24790930748,3.2702524662,4.02934980392,8.08664321899,9.66208839417,10.8698091507,24.9432277679,55.6431274414,28.1196422577,28.7474002838,37.0262527466,33.0465736389,33.2531471252,40.2553901672,43.9091835022,29.7396259308,27.4411125183,26.7959213257,19.1394939423,13.3438444138,9.6923532486,6.7721786499,6.77319526672,6.93243026733,6.24039125443,4.48443031311,3.55638957024,2.14441514015,1.37976837158,0.79614251852,0.365016430616,0.148106843233,0.0437506474555,0.0255147777498,0.039736200124,0.0687298476696,0.0657415017486,0.0249660313129,0.00892274267972],"dvar":[0.181975439191,3.00373888016,6.20246934891,14.0317163467,96.0862503052,169.169464111,147.549438477,1553.67211914,11526.0107422,2016.73901367,1726.89550781,3051.30615234,1645.03393555,1823.80444336,4189.69921875,2421.7644043,687.842468262,450.524139404,489.658111572,215.725265503,97.3508758545,56.8867225647,48.7054214478,84.0197067261,119.843833923,159.817337036,80.2946548462,36.329372406,8.15366458893,2.89640808105,0.852728009224,0.177242457867,0.0246527604759,0.00163275387604,0.00061469670618,0.00181940582115,0.00734602659941,0.00719563802704,0.00130562530831,0.0000380116471206],"dvar2":[0.473405241966,8.14910697937,17.0824565887,34.7949829102,235.737457275,419.885131836,359.77911377,3349.77832031,25390.5175781,4635.27294922,4298.80957031,7345.94091797,4061.85522461,4580.13183594,9850.62792969,6290.33154297,1728.59765625,1169.50073242,1271.79638672,556.765380859,252.354934692,139.590744019,118.425773621,190.053009033,248.267868042,330.506317139,152.386505127,74.6660079956,19.0601024628,6.4769153595,1.69208538532,0.343840032816,0.047082439065,0.00409077480435,0.00156365206931,0.00346326013096,0.0128633379936,0.0149002997205,0.00228064972907,0.0000777808818384],"max":[5.56799697876,22.485874176,44.6447257996,86.7452163696,212.412307739,337.749755859,415.510223389,872.633544922,2521.40649414,1571.24145508,1161.29870605,1337.17822266,1015.43737793,1181.54003906,2074.75708008,1481.48657227,585.25769043,594.062805176,546.754272461,367.573150635,301.206542969,198.363769531,169.623931885,267.079467773,461.998443604,422.529388428,288.921508789,166.388381958,62.2486190796,24.7026596069,16.4189720154,6.81580448151,2.48564195633,0.669384598732,0.414846986532,0.785943984985,1.28650975227,1.19805324078,0.896058619022,0.174804359674],"mean":[0.511159062386,1.73384773731,2.47438192368,3.63417935371,6.9395737648,8.65817070007,10.2961416245,26.7766056061,61.9340057373,30.1049346924,28.0672416687,35.6705474854,32.5433959961,33.7217750549,45.3866729736,48.9795303345,36.7727279663,35.978477478,35.797794342,26.8875236511,19.392539978,13.4553108215,8.56049060822,8.87269973755,9.48915290833,8.50531291962,6.00449419022,4.45618867874,2.76551985741,1.82569754124,1.12492728233,0.491923689842,0.190288737416,0.0361922085285,0.0178823079914,0.0511700436473,0.107850067317,0.108410358429,0.0573286861181,0.0308652333915],"median":[0.320845425129,1.14926242828,1.59865498543,2.19754934311,3.70404005051,4.47071075439,5.82201290131,8.42671585083,11.189956665,9.93189048767,10.1527891159,13.6235713959,18.6236610413,18.3662662506,20.376663208,30.5109214783,26.7913837433,27.2778015137,25.6767539978,20.3289356232,15.0129241943,10.3173799515,5.39915084839,5.02341556549,4.93634605408,4.05777359009,2.8149433136,2.18209910393,1.44076371193,0.77547621727,0.409906089306,0.171375647187,0.0768022090197,0.0206485446543,0.00957914255559,0.0207866933197,0.033946339041,0.0498013012111,0.0367095842957,0.0291032344103],"min":[8.61804260419e-22,5.70005676856e-21,6.61781083091e-21,3.07689926743e-20,1.75472459979e-19,1.36676978392e-19,1.93435514161e-19,1.68985606218e-19,4.23459139671e-19,1.93249429543e-18,1.27552873798e-18,1.36947722361e-18,3.92402777989e-18,4.30291413716e-18,1.84696071816e-18,1.12942858267e-18,5.04935365012e-18,7.88145628574e-18,4.5906377463e-18,6.1049659791e-18,5.74863021969e-18,1.43156906067e-17,1.70103108614e-17,1.56576588016e-17,1.58942440373e-17,1.76355287099e-17,1.52968343466e-17,2.3942127408e-17,2.05150999322e-17,2.29558865811e-17,1.97086865161e-17,1.20567629242e-17,1.52187253357e-17,1.1400458801e-17,7.98689782561e-18,5.83500814157e-18,3.43210202204e-18,1.23651921048e-18,3.93734843799e-19,4.15740265011e-20],"var":[0.302381157875,3.62110376358,7.47467136383,22.9246292114,137.302963257,244.349899292,243.047348022,3972.2409668,31697.5898438,4582.05712891,3171.06396484,5393.8046875,2524.22412109,3143.73413086,12624.2470703,4359.51953125,1398.65917969,1043.04101562,1215.7467041,571.38079834,267.925170898,134.505828857,100.091636658,195.815567017,290.640655518,394.80859375,218.940338135,75.2823562622,14.5522413254,5.92534255981,2.50593447685,0.525287032127,0.0741255581379,0.00218179472722,0.0006843302981,0.00534129375592,0.0247451663017,0.0185956433415,0.00501119205728,0.000220557878492]},"erbbands_crest":{"dmean":2.39984107018,"dmean2":3.91622424126,"dvar":6.15305376053,"dvar2":14.6947956085,"max":31.0931968689,"mean":8.29163169861,"median":6.71179294586,"min":2.47312855721,"var":21.5443267822},"erbbands_flatness_db":{"dmean":0.0178223159164,"dmean2":0.0261178184301,"dvar":0.000242544221692,"dvar2":0.000510257144924,"max":0.298301517963,"mean":0.134103626013,"median":0.130797207355,"min":0.0339957587421,"var":0.00146030460019},"erbbands_kurtosis":{"dmean":0.890789330006,"dmean2":1.42418766022,"dvar":1.23505425453,"dvar2":2.91852831841,"max":25.0721645355,"mean":0.853718519211,"median":0.368141293526,"min":-1.46119976044,"var":3.34974694252},"erbbands_skewness":{"dmean":0.312178403139,"dmean2":0.478803396225,"dvar":0.0758935660124,"dvar2":0.173765823245,"max":4.11716651917,"mean":0.110734932125,"median":-0.00620683142915,"min":-3.77061390877,"var":0.627040863037},"erbbands_spread":{"dmean":5.46303987503,"dmean2":8.57866382599,"dvar":22.9657783508,"dvar2":53.4108505249,"max":95.7444534302,"mean":28.075750351,"median":26.8589725494,"min":4.81460762024,"var":112.720733643},"gfcc":{"cov":[[21987.3867188,2228.8972168,-1067.93078613,-294.895599365,328.091461182,-677.713134766,579.608825684,-689.335083008,258.524993896,-135.941101074,-13.9653120041,19.7145385742,-54.9660644531],[2228.8972168,1163.18054199,-231.344802856,-286.896362305,243.455856323,-190.87097168,69.6286087036,-75.8073959351,69.6731414795,-19.6142215729,67.906463623,-122.296730042,126.815437317],[-1067.93078613,-231.344802856,232.760116577,99.763885498,-53.7246513367,126.453407288,-87.8279418945,56.8478889465,-12.4154958725,15.6899433136,-15.0669002533,22.7017726898,-30.3049430847],[-294.895599365,-286.896362305,99.763885498,221.313354492,21.5377445221,27.7059288025,38.4550361633,-18.2759780884,-30.3786735535,-5.72644615173,-19.4378108978,38.1544075012,-39.9264717102],[328.091461182,243.455856323,-53.7246513367,21.5377445221,236.288253784,29.9213867188,51.4347724915,-62.6651763916,-0.953449070454,-39.0213508606,1.27882349491,-26.1622905731,51.1227531433],[-677.713134766,-190.87097168,126.453407288,27.7059288025,29.9213867188,228.155105591,-59.8921051025,33.7708930969,-24.7637176514,-13.8739719391,-27.6084957123,19.8251876831,-2.30298542976],[579.608825684,69.6286087036,-87.8279418945,38.4550361633,51.4347724915,-59.8921051025,154.125701904,-26.3111553192,11.9757146835,-6.86273622513,7.93377733231,9.16620349884,1.25790643692],[-689.335083008,-75.8073959351,56.8478889465,-18.2759780884,-62.6651763916,33.7708930969,-26.3111553192,138.561508179,28.5960960388,44.0241241455,20.1936225891,-14.6191101074,5.79290628433],[258.524993896,69.6731414795,-12.4154958725,-30.3786735535,-0.953449070454,-24.7637176514,11.9757146835,28.5960960388,125.188774109,46.9606437683,11.483830452,11.392165184,-13.4746370316],[-135.941101074,-19.6142215729,15.6899433136,-5.72644615173,-39.0213508606,-13.8739719391,-6.86273622513,44.0241241455,46.9606437683,72.2413101196,38.181350708,7.17658281326,2.04614973068],[-13.9653120041,67.906463623,-15.0669002533,-19.4378108978,1.27882349491,-27.6084957123,7.93377733231,20.1936225891,11.483830452,38.181350708,66.0701828003,15.8697414398,20.8539524078],[19.7145385742,-122.296730042,22.7017726898,38.1544075012,-26.1622905731,19.8251876831,9.16620349884,-14.6191101074,11.392165184,7.17658281326,15.8697414398,71.8292388916,-4.58253717422],[-54.9660644531,126.815437317,-30.3049430847,-39.9264717102,51.1227531433,-2.30298542976,1.25790643692,5.79290628433,-13.4746370316,2.04614973068,20.8539524078,-4.58253717422,76.0850067139]],"icov":[[0.000110276370833,-0.00055808131583,0.000853876932524,-0.000797457410954,0.000587715592701,-0.000492833205499,0.000163224191056,0.000145908794366,-0.0000521865367773,-0.000177277921466,0.000393133639591,-0.000505348551087,0.000365196901839],[-0.00055808131583,0.00762377493083,-0.00873578991741,0.0108317984268,-0.0070116519928,0.00635056756437,-0.00358429178596,0.00224827835336,-0.00230666459538,0.00379163445905,-0.00654004933313,0.00790314283222,-0.00435595074669],[0.000853876932524,-0.00873578991741,0.0249284245074,-0.0212016161531,0.0122749172151,-0.013667116873,0.0104183768854,-0.00323457224295,-0.00126346421894,-0.00154768209904,0.00365116191097,-0.00567431049421,0.0038686171174],[-0.000797457410954,0.0108317984268,-0.0212016161531,0.0309187658131,-0.0196625906974,0.0157454386353,-0.00998136401176,-0.000311950047035,0.00770229427144,-0.00628461502492,0.00293617905118,-0.00237071490847,0.00361268501729],[0.000587715592701,-0.0070116519928,0.0122749172151,-0.0196625906974,0.024231268093,-0.0151874283329,0.00156536581926,0.007862476632,-0.0113663570955,0.0122189074755,-0.00972735136747,0.0109959412366,-0.00969645008445],[-0.000492833205499,0.00635056756437,-0.013667116873,0.0157454386353,-0.0151874283329,0.0177159048617,-0.00221499311738,-0.00453067058697,0.00634092092514,-0.00414842460304,0.00629005767405,-0.00600099842995,0.00214959145524],[0.000163224191056,-0.00358429178596,0.0104183768854,-0.00998136401176,0.00156536581926,-0.00221499311738,0.0140476077795,-0.00377510883845,0.000212959581404,-0.000597802107222,0.00244209775701,-0.00584165332839,0.00297286058776],[0.000145908794366,0.00224827835336,-0.00323457224295,-0.000311950047035,0.007862476632,-0.00453067058697,-0.00377510883845,0.0189258232713,-0.00988914165646,0.00472196377814,-0.0125655140728,0.0167019218206,-0.00932094175369],[-0.0000521865367773,-0.00230666459538,-0.00126346421894,0.00770229427144,-0.0113663570955,0.00634092092514,0.000212959581404,-0.00988914165646,0.0251225270331,-0.0240879934281,0.0202322304249,-0.0206749159843,0.0142305167392],[-0.000177277921466,0.00379163445905,-0.00154768209904,-0.00628461502492,0.0122189074755,-0.00414842460304,-0.000597802107222,0.00472196377814,-0.0240879934281,0.0495773740113,-0.0350839942694,0.0227112360299,-0.0136627648026],[0.000393133639591,-0.00654004933313,0.00365116191097,0.00293617905118,-0.00972735136747,0.00629005767405,0.00244209775701,-0.0125655140728,0.0202322304249,-0.0350839942694,0.0513000227511,-0.0324831940234,0.0103319566697],[-0.000505348551087,0.00790314283222,-0.00567431049421,-0.00237071490847,0.0109959412366,-0.00600099842995,-0.00584165332839,0.0167019218206,-0.0206749159843,0.0227112360299,-0.0324831940234,0.0473943501711,-0.0183014646173],[0.000365196901839,-0.00435595074669,0.0038686171174,0.00361268501729,-0.00969645008445,0.00214959145524,0.00297286058776,-0.00932094175369,0.0142305167392,-0.0136627648026,0.0103319566697,-0.0183014646173,0.0302983280271]],"mean":[8.90807437897,87.1969680786,-92.9381637573,-6.97943592072,-9.28377437592,-12.639878273,3.82989740372,-19.8881835938,3.67681193352,-2.8286960125,-2.92120361328,0.60941028595,-6.34597396851]},"hfc":{"dmean":35.8963737488,"dmean2":55.8840827942,"dvar":1565.57568359,"dvar2":3626.19750977,"max":763.06640625,"mean":161.703186035,"median":152.797866821,"min":1.22170870705e-16,"var":5261.79199219},"melbands":{"dmean":[0.00250320066698,0.00119743915275,0.000479288573842,0.000372170907212,0.000229471901548,0.000367654662114,0.000514607527293,0.000174492262886,0.000160733179655,0.000143900164403,0.000103373582533,0.0000861813532538,0.0000828565243864,0.0000819389169919,0.0000614518285147,0.0000375494091713,0.0000335158110829,0.0000299038456433,0.0000218255154323,0.000013326239241,0.0000105545504994,0.00000757240468374,0.00000446205467597,0.00000380321830562,0.00000378426193492,0.00000367226675735,0.00000342965654454,0.00000281193092633,0.00000204945285986,0.00000187387547612,0.00000136415894758,9.18400644423e-7,6.45542627353e-7,5.45357920601e-7,3.88895415426e-7,2.17950557158e-7,1.44615881936e-7,8.49950794191e-8,3.87963581261e-8,1.95347418241e-8],"dmean2":[0.00416990648955,0.00203747255728,0.000794870837126,0.000611921888776,0.000379030330805,0.000569292053115,0.000792856910266,0.000280034408206,0.000261795852566,0.000230909907259,0.000171498715645,0.000142139411764,0.000132970773848,0.000135382128065,0.000102925434476,0.0000625190368737,0.0000560120097362,0.0000500348687638,0.0000362552891602,0.0000222790331463,0.000017530790501,0.0000125472788568,0.00000725050995243,0.00000614041800873,0.00000599204076934,0.00000577759919906,0.00000537287678526,0.00000434536968896,0.00000306787205773,0.00000278508537122,0.00000206347112908,0.00000139270434829,9.62750391409e-7,8.02178931281e-7,5.59660634281e-7,3.10020823235e-7,2.0778470855e-7,1.22999622931e-7,5.92135620536e-8,3.24811395558e-8],"dvar":[0.00000912458199309,0.00000219445519178,5.88139698721e-7,5.80589698984e-7,1.54500625626e-7,7.4067878586e-7,0.00000213999305743,1.79277819257e-7,1.45238530536e-7,1.08012109479e-7,4.32906013259e-8,3.17152029083e-8,4.66067966443e-8,2.44439242181e-8,9.99116789302e-9,2.8145008546e-9,1.9455899114e-9,1.81635095853e-9,8.9444396334e-10,3.08609804378e-10,1.72930572639e-10,9.41729194626e-11,5.0677798763e-11,3.97563509891e-11,6.94012347591e-11,6.88813311944e-11,7.98347984943e-11,8.30824228859e-11,4.12548536999e-11,2.65986069975e-11,1.01623813531e-11,3.19633035317e-12,1.53284795881e-12,8.81709202177e-13,4.18850040372e-13,1.28853701255e-13,5.70244941761e-14,1.77776443875e-14,2.96004176099e-15,1.03873227921e-15],"dvar2":[0.0000235422648984,0.00000596705785938,0.00000147822345298,0.00000140719612318,3.850053929e-7,0.00000159796661592,0.00000471251132694,4.16635884903e-7,3.64776440165e-7,2.62408633489e-7,1.06534713495e-7,7.97480552706e-8,1.0991128363e-7,6.32763388353e-8,2.58178047829e-8,7.22257764707e-9,5.06511943499e-9,4.7235988454e-9,2.24324403497e-9,8.39843472544e-10,4.45924103198e-10,2.33722541321e-10,1.3057650794e-10,9.50851758441e-11,1.65555000264e-10,1.43032446998e-10,1.69517358484e-10,1.82502943313e-10,8.52620404834e-11,5.35393118728e-11,2.27244785489e-11,7.69250288468e-12,3.63002943676e-12,2.00315718873e-12,8.82438002878e-13,2.66905096115e-13,1.16535999058e-13,3.52689204881e-14,6.78985549222e-15,2.64569343471e-15],"max":[0.0370762944221,0.0192530769855,0.0157552231103,0.0191586464643,0.0107196932659,0.0207160934806,0.0339712835848,0.0145494705066,0.00840725190938,0.00820256676525,0.00505444779992,0.00437047099695,0.00655147852376,0.00386615353636,0.00299340346828,0.00112044299021,0.00123580708168,0.00119566754438,0.000767125340644,0.000336303724907,0.000514659390319,0.000291917735012,0.000145791127579,0.000209295772947,0.000244040449616,0.000324032793287,0.000333513889927,0.000281048793113,0.000230629433645,0.000182668620255,0.0000735637440812,0.0000365761334251,0.0000219429039134,0.0000139273406603,0.0000111889439722,0.00000539837583347,0.00000393816253563,0.0000022405558866,0.00000104151297364,5.45779016647e-7],"mean":[0.00403191801161,0.00166019971948,0.00074612145545,0.000567861832678,0.000366765714716,0.000617311976384,0.000892384792678,0.000282112421701,0.000247124960879,0.0002190713858,0.000161924239364,0.000135815236717,0.00014210792142,0.00014125162852,0.000108371023089,0.000071017886512,0.000066415166657,0.000059413996496,0.000044856358727,0.0000274189878837,0.0000222548624151,0.0000155869274749,0.00000827482563182,0.00000717600596545,0.00000709442929292,0.00000701142926118,0.00000680975335854,0.00000527680549567,0.00000373247826246,0.00000324704683408,0.00000236143637267,0.00000164528660207,0.00000114661111184,9.76483988779e-7,7.29453688564e-7,3.94558696826e-7,2.57388762748e-7,1.50781986008e-7,5.99231881893e-8,2.00358609703e-8],"median":[0.00291252881289,0.0011589693604,0.000458877737401,0.000311375159072,0.000210929152672,0.00019386895292,0.000164259865414,0.000101076890132,0.0000824143789941,0.0000847099436214,0.0000900309532881,0.0000727494843886,0.0000598647602601,0.0000790506528574,0.0000720839889254,0.0000497449509567,0.0000492261824547,0.0000416004404542,0.0000324299762724,0.0000201644816116,0.0000169108443515,0.000011727132005,0.0000052608193073,0.00000433934837929,0.00000387807540392,0.00000359465184374,0.00000337627761837,0.00000236648611462,0.00000170283783518,0.00000142817248161,0.00000115187594929,8.62233605403e-7,5.24711879279e-7,3.67778170585e-7,2.59664261648e-7,1.36093348146e-7,8.77638228758e-8,5.80945389572e-8,2.93365438608e-8,8.59026361155e-9],"min":[8.35478088212e-24,4.40875663925e-24,9.83179907599e-24,1.27498973275e-23,6.07842531579e-24,4.18147003523e-24,7.85895182648e-24,2.17251252001e-23,9.59201928182e-24,9.75575288473e-24,1.94812908191e-23,1.78218177753e-23,7.03631505274e-24,1.79276450434e-24,5.15653642954e-24,1.51172113172e-23,1.45609760266e-23,6.36889218413e-24,1.00052561784e-23,6.94813302531e-24,5.9950297019e-24,1.21645940902e-23,2.17133822167e-23,1.08134662639e-23,1.27852493401e-23,1.25522845153e-23,9.22509640897e-24,1.22998734803e-23,6.81980428869e-24,1.36427466661e-23,1.40354069148e-23,1.37543547069e-23,8.28566167847e-24,1.42490556915e-23,1.27726717418e-23,8.38801401434e-24,7.07047194107e-24,1.00401396076e-23,1.10330275531e-23,9.66727109015e-24],"var":[0.0000151609610839,0.00000278388097286,9.3458027095e-7,8.46493890094e-7,2.70951829862e-7,0.00000193684923033,0.00000600579733145,3.8435945271e-7,2.71732233159e-7,1.88175761195e-7,6.5705719976e-8,5.15581923821e-8,1.31941774839e-7,4.88053650827e-8,1.60657176451e-8,5.3852784454e-9,4.08669631469e-9,3.98536137425e-9,2.10967998626e-9,6.30093199838e-10,4.16339157594e-10,2.09101347348e-10,8.9612151033e-11,8.33383015375e-11,1.45252448958e-10,1.57964974434e-10,1.82494089285e-10,1.85958207166e-10,1.00801346437e-10,5.70561931035e-11,1.80360639618e-11,5.32127944139e-12,2.60063455146e-12,1.85154777795e-12,1.1080627518e-12,3.43404991943e-13,1.51974624291e-13,4.95433772132e-14,6.33369648639e-15,1.11218422354e-15]},"melbands_crest":{"dmean":4.61345481873,"dmean2":7.70039081573,"dvar":14.7258586884,"dvar2":38.2349205017,"max":38.0987854004,"mean":16.904838562,"median":15.9307613373,"min":2.03927755356,"var":43.9191970825},"melbands_flatness_db":{"dmean":0.0300113782287,"dmean2":0.0469343736768,"dvar":0.000605683191679,"dvar2":0.00144453358371,"max":0.44368070364,"mean":0.223621308804,"median":0.221697628498,"min":0.0055662705563,"var":0.0026833738666},"melbands_kurtosis":{"dmean":4.65449953079,"dmean2":7.68073558807,"dvar":37.0252494812,"dvar2":97.5683898926,"max":93.7182388306,"mean":7.49290800095,"median":4.99547958374,"min":-1.58029150963,"var":70.3016357422},"melbands_skewness":{"dmean":0.705519378185,"dmean2":1.1451613903,"dvar":0.416880428791,"dvar2":1.09792459011,"max":8.55816459656,"mean":2.22466826439,"median":2.02145576477,"min":-0.908092200756,"var":1.43212080002},"melbands_spread":{"dmean":6.77330827713,"dmean2":10.8890981674,"dvar":104.243278503,"dvar2":255.211990356,"max":215.814163208,"mean":22.4665222168,"median":19.4556846619,"min":1.7078640461,"var":281.992340088},"mfcc":{"cov":[[9214.48828125,1669.90588379,-314.051574707,516.139953613,-281.962677002,339.268249512,-122.896110535,177.334640503,-125.941101074,187.800582886,-65.7515792847,106.467269897,-29.2122383118],[1669.90588379,1483.15039062,-294.963287354,19.4075107574,91.6106796265,-6.5274977684,45.7990341187,-85.9122695923,89.5650177002,-1.96101307869,56.7667388916,-11.2540102005,62.2138710022],[-314.051574707,-294.963287354,264.544433594,-70.1707839966,29.6458568573,-8.4981212616,-42.8655014038,23.6336269379,-29.2426548004,21.1819477081,-1.69632387161,21.4820747375,-9.72507381439],[516.139953613,19.4075107574,-70.1707839966,261.005523682,-62.699546814,41.4467887878,23.0856933594,12.87068367,-20.093132019,1.77102148533,1.28671383858,-0.669235229492,-12.2013511658],[-281.962677002,91.6106796265,29.6458568573,-62.699546814,194.245483398,58.6786384583,25.0476779938,0.814502894878,26.9703578949,-16.9467067719,-1.91170871258,-10.5948200226,0.078206807375],[339.268249512,-6.5274977684,-8.4981212616,41.4467887878,58.6786384583,192.13130188,18.4504108429,60.7558784485,-16.8579349518,-1.27026808262,-50.9128761292,-0.0708860680461,-21.3055381775],[-122.896110535,45.7990341187,-42.8655014038,23.0856933594,25.0476779938,18.4504108429,135.607955933,1.86676442623,15.027141571,-34.3155288696,-13.9887447357,-34.0195503235,17.53997612],[177.334640503,-85.9122695923,23.6336269379,12.87068367,0.814502894878,60.7558784485,1.86676442623,88.2013473511,-2.37909650803,19.6660919189,-21.2729282379,9.17022609711,-14.5193052292],[-125.941101074,89.5650177002,-29.2426548004,-20.093132019,26.9703578949,-16.8579349518,15.027141571,-2.37909650803,78.4883880615,9.53870677948,25.0298709869,-2.17823338509,7.00919294357],[187.800582886,-1.96101307869,21.1819477081,1.77102148533,-16.9467067719,-1.27026808262,-34.3155288696,19.6660919189,9.53870677948,74.400177002,25.7146072388,27.3375434875,-2.83495664597],[-65.7515792847,56.7667388916,-1.69632387161,1.28671383858,-1.91170871258,-50.9128761292,-13.9887447357,-21.2729282379,25.0298709869,25.7146072388,73.4191055298,24.5395774841,15.2697839737],[106.467269897,-11.2540102005,21.4820747375,-0.669235229492,-10.5948200226,-0.0708860680461,-34.0195503235,9.17022609711,-2.17823338509,27.3375434875,24.5395774841,56.0613822937,14.0498981476],[-29.2122383118,62.2138710022,-9.72507381439,-12.2013511658,0.078206807375,-21.3055381775,17.53997612,-14.5193052292,7.00919294357,-2.83495664597,15.2697839737,14.0498981476,52.8723297119]],"icov":[[0.000244043214479,-0.000395749812014,-0.000127388164401,-0.000293473218335,0.000434006826254,-0.00027900384157,0.000141139287734,-0.000398030504584,0.000404723599786,-0.000385366030969,0.000300274026813,-0.000227983968216,0.000139701063745],[-0.000395749812014,0.00168942660093,0.00135268399026,0.000457939429907,-0.00134283641819,0.000292360753519,-0.0000205186988751,0.00134131510276,-0.00102972215973,0.0000952516493271,-0.000731051259208,0.000619078928139,-0.00116890517529],[-0.000127388164401,0.00135268399026,0.00635354919359,0.00123381812591,-0.00232299114577,0.00128566741478,0.000701332464814,-0.000824361341074,0.0020652920939,-0.00130531482864,-0.000206897413591,-0.000930153240915,-0.000183077267138],[-0.000293473218335,0.000457939429907,0.00123381812591,0.0055887256749,0.0015289967414,-0.00157236773521,-0.00143146445043,0.00040225777775,0.00102239474654,0.000653344555758,-0.00283449795097,0.000199122936465,0.00143033184577],[0.000434006826254,-0.00134283641819,-0.00232299114577,0.0015289967414,0.00923433247954,-0.00479467073455,-0.000688046508003,0.000553612830117,-0.00188942265231,0.00177339452785,-0.00215192162432,0.000816276005935,0.000930140609853],[-0.00027900384157,0.000292360753519,0.00128566741478,-0.00157236773521,-0.00479467073455,0.0110336560756,-0.00104677700438,-0.00439928285778,0.00120657833759,-0.000804665498435,0.00628761155531,-0.00351556809619,0.00188307231292],[0.000141139287734,-0.0000205186988751,0.000701332464814,-0.00143146445043,-0.000688046508003,-0.00104677700438,0.0117871183902,-0.00245637679473,-0.00155194837134,0.00285886367783,-0.000582569802646,0.00729912891984,-0.00651717791334],[-0.000398030504584,0.00134131510276,-0.000824361341074,0.00040225777775,0.000553612830117,-0.00439928285778,-0.00245637679473,0.0193834267557,-0.00355556234717,-0.00450547039509,0.00417000381276,-0.00360708939843,0.00249118288048],[0.000404723599786,-0.00102972215973,0.0020652920939,0.00102239474654,-0.00188942265231,0.00120657833759,-0.00155194837134,-0.00355556234717,0.0188309941441,-0.00311322929338,-0.00545982317999,0.002057896927,0.000445188459707],[-0.000385366030969,0.0000952516493271,-0.00130531482864,0.000653344555758,0.00177339452785,-0.000804665498435,0.00285886367783,-0.00450547039509,-0.00311322929338,0.0222433879972,-0.00749124027789,-0.00410824129358,0.001933734864],[0.000300274026813,-0.000731051259208,-0.000206897413591,-0.00283449795097,-0.00215192162432,0.00628761155531,-0.000582569802646,0.00417000381276,-0.00545982317999,-0.00749124027789,0.0281483810395,-0.0108041586354,-0.000727058562916],[-0.000227983968216,0.000619078928139,-0.000930153240915,0.000199122936465,0.000816276005935,-0.00351556809619,0.00729912891984,-0.00360708939843,0.002057896927,-0.00410824129358,-0.0108041586354,0.0337826758623,-0.0121593317017],[0.000139701063745,-0.00116890517529,-0.000183077267138,0.00143033184577,0.000930140609853,0.00188307231292,-0.00651717791334,0.00249118288048,0.000445188459707,0.001933734864,-0.000727058562916,-0.0121593317017,0.0277518350631]],"mean":[-648.219665527,154.960540771,-23.2749481201,24.9425449371,-2.29644918442,23.5599784851,-0.844744205475,6.49391841888,-0.0363756455481,8.45919418335,-0.714964032173,5.61141586304,3.10466170311]},"pitch_salience":{"dmean":0.0778178274632,"dmean2":0.128064587712,"dvar":0.00432484643534,"dvar2":0.0114163728431,"max":0.941209256649,"mean":0.550060331821,"median":0.556074261665,"min":0.11130899936,"var":0.0123478472233},"silence_rate_20dB":{"dmean":0,"dmean2":0,"dvar":0,"dvar2":0,"max":1,"mean":1,"median":1,"min":1,"var":0},"silence_rate_30dB":{"dmean":0.0170137863606,"dmean2":0.0340309031308,"dvar":0.0167247094214,"dvar2":0.0397193916142,"max":1,"mean":0.982401251793,"median":1,"min":0,"var":0.0172892641276},"silence_rate_60dB":{"dmean":0.000391121546272,"dmean2":0.000782319577411,"dvar":0.000391003937693,"dvar2":0.000781662296504,"max":1,"mean":0.0367618314922,"median":0,"min":0,"var":0.0354102030396},"spectral_centroid":{"dmean":194.271713257,"dmean2":292.691040039,"dvar":44656.078125,"dvar2":79840.28125,"max":11594.6064453,"mean":1242.70495605,"median":1114.57519531,"min":257.486846924,"var":377071.96875},"spectral_complexity":{"dmean":3.44851851463,"dmean2":5.40719747543,"dvar":10.0332527161,"dvar2":21.1238040924,"max":56,"mean":24.3774929047,"median":24,"min":0,"var":61.7457084656},"spectral_contrast_coeffs":{"dmean":[0.0516715310514,0.050173830241,0.0379159115255,0.0255435891449,0.019094241783,0.0338663198054],"dmean2":[0.0860789716244,0.0831647515297,0.0638123378158,0.0436176396906,0.0320247523487,0.05228799209],"dvar":[0.00168309092987,0.00160642317496,0.000914745905902,0.000391307403333,0.000234442748479,0.000900842773262],"dvar2":[0.00462587689981,0.00438277423382,0.00253447866999,0.00113025482278,0.000640810059849,0.00215290952474],"max":[-0.379441201687,-0.416755914688,-0.573360860348,-0.678123354912,-0.663238227367,-0.486925303936],"mean":[-0.720937848091,-0.762521326542,-0.805337548256,-0.817800045013,-0.814896225929,-0.722917079926],"median":[-0.72449016571,-0.775384068489,-0.810986340046,-0.817896008492,-0.815147161484,-0.716268658638],"min":[-0.960578739643,-0.965801298618,-0.963183581829,-0.96949160099,-0.961001396179,-0.96008682251],"var":[0.00539629766718,0.00632050493732,0.0028211150784,0.00119796930812,0.000938402779866,0.00414369348437]},"spectral_contrast_valleys":{"dmean":[0.384315788746,0.339211553335,0.280551373959,0.212974920869,0.225128114223,0.445181339979],"dmean2":[0.645132422447,0.562535643578,0.465279519558,0.350098788738,0.333982944489,0.675718903542],"dvar":[0.106812946498,0.0852187797427,0.0613558441401,0.0414361916482,0.0677313804626,0.161157295108],"dvar2":[0.269133269787,0.203822940588,0.138278260827,0.0832832157612,0.118325971067,0.387301206589],"max":[-5.23438024521,-4.70298337936,-5.268014431,-5.72022533417,-5.73143100739,-8.98625469208],"mean":[-6.81341600418,-6.47694301605,-6.75939273834,-7.01629257202,-7.5710310936,-10.9994106293],"median":[-6.53338479996,-6.2294011116,-6.49611282349,-6.75989627838,-7.31351089478,-10.783659935],"min":[-27.4003391266,-27.4497699738,-27.4093379974,-27.1088256836,-27.4104499817,-27.2633495331],"var":[2.33427405357,2.38070440292,2.33513641357,2.25568437576,1.97230160236,1.38456177711]},"spectral_decrease":{"dmean":3.34754335363e-9,"dmean2":5.37768629627e-9,"dvar":1.16185482782e-17,"dvar2":2.89055518817e-17,"max":5.3910489406e-9,"mean":-7.95182852897e-9,"median":-6.77794931292e-9,"min":-5.01737247305e-8,"var":3.36782715196e-17},"spectral_energy":{"dmean":0.013177244924,"dmean2":0.0209363568574,"dvar":0.000178870483069,"dvar2":0.000439973198809,"max":0.207509770989,"mean":0.0446788966656,"median":0.0406071655452,"min":1.10422827974e-20,"var":0.000587496499065},"spectral_energyband_high":{"dmean":0.000314978387905,"dmean2":0.000407773972256,"dvar":2.62680430296e-7,"dvar2":4.55642634734e-7,"max":0.0118743572384,"mean":0.00100626703352,"median":0.000716909242328,"min":8.09739299311e-21,"var":0.00000106113577658},"spectral_energyband_low":{"dmean":0.00948095135391,"dmean2":0.0157155338675,"dvar":0.000114399423182,"dvar2":0.000292817712761,"max":0.129072383046,"mean":0.0173298381269,"median":0.0142450015992,"min":3.81009467367e-23,"var":0.000201984643354},"spectral_energyband_middle_high":{"dmean":0.00180796731729,"dmean2":0.00280929147266,"dvar":0.00000671356701787,"dvar2":0.0000160939853231,"max":0.0499300993979,"mean":0.00625738268718,"median":0.00495582539588,"min":1.65879217477e-21,"var":0.0000250841385423},"spectral_energyband_middle_low":{"dmean":0.00527789629996,"dmean2":0.00829497352242,"dvar":0.0000649493376841,"dvar2":0.000149169049109,"max":0.166952461004,"mean":0.0134115833789,"median":0.00789212621748,"min":3.56913692084e-22,"var":0.000236224208493},"spectral_entropy":{"dmean":0.12655711174,"dmean2":0.184451654553,"dvar":0.0137670580298,"dvar2":0.0273220799863,"max":9.79575634003,"mean":7.67586278915,"median":7.67987728119,"min":6.20194864273,"var":0.104358993471},"spectral_flux":{"dmean":0.0236367080361,"dmean2":0.0384612940252,"dvar":0.000490094127599,"dvar2":0.00122657301836,"max":0.301779806614,"mean":0.114820472896,"median":0.112487725914,"min":1.05082269275e-10,"var":0.00160843250342},"spectral_kurtosis":{"dmean":3.70669579506,"dmean2":5.29430055618,"dvar":18.8184833527,"dvar2":40.5559463501,"max":64.5269317627,"mean":18.2990036011,"median":16.4216938019,"min":-1.15722560883,"var":73.1561203003},"spectral_rms":{"dmean":0.000942226150073,"dmean2":0.00148397684097,"dvar":7.09514836217e-7,"dvar2":0.00000172561999534,"max":0.0142284417525,"mean":0.00630024028942,"median":0.00629418343306,"min":3.28221868087e-12,"var":0.00000389574915971},"spectral_rolloff":{"dmean":5345.92529297,"dmean2":10163.8798828,"dvar":58901784,"dvar2":137330816,"max":22050,"mean":12554.1591797,"median":19659.8144531,"min":21.533203125,"var":89450312},"spectral_skewness":{"dmean":0.297323405743,"dmean2":0.422912627459,"dvar":0.104821003973,"dvar2":0.21191726625,"max":6.14638376236,"mean":2.90641260147,"median":2.78774881363,"min":-0.0370001420379,"var":0.559279441833},"spectral_spread":{"dmean":424469.6875,"dmean2":603324.5625,"dvar":224098140160,"dvar2":347872428032,"max":39743320,"mean":4324592.5,"median":4114628,"min":1834911.5,"var":1894879330300},"spectral_strongpeak":{"dmean":2.33164072037,"dmean2":4.33296585083,"dvar":111.170379639,"dvar2":299.804260254,"max":125.807197571,"mean":1.89880514145,"median":0.198893934488,"min":0,"var":83.3691864014},"zerocrossingrate":{"dmean":0.0368892252445,"dmean2":0.0486369393766,"dvar":0.00103428727016,"dvar2":0.00183096632827,"max":0.7724609375,"mean":0.27078127861,"median":0.2587890625,"min":0.0693359375,"var":0.00663897488266}},"metadata":{"audio_properties":{"analysis_sample_rate":44100,"bit_rate":320000,"codec":"mp3","downmix":"mix","equal_loudness":0,"length":237.45413208,"lossless":false,"md5_encoded":"0162bd32be95c00bba65ab7598fc91f3","replay_gain":-6.82992935181,"sample_rate":44100},"tags":{"album":["Cross Purposes"],"albumartist":["Black Sabbath"],"albumartistsort":["Black Sabbath","Black Sabbath"],"artist":["Black Sabbath"],"artistsort":["Black Sabbath"],"asin":["B000008DHS"],"barcode":["077771322228"],"catalognumber":["0777 7 13222 2 8"],"composer":["Geezer Butler/Tony Iommi/Tony Martin"],"date":["1994"],"discnumber":["1/1"],"file_name":"07. Black Sabbath - Back to Eden.mp3","genre":["Heavy Metal"],"label":["I.R.S. Records"],"language":["eng"],"media":["CD"],"musicbrainz album release country":["XE"],"musicbrainz album status":["official"],"musicbrainz album type":["album"],"musicbrainz_albumartistid":["5182c1d9-c7d2-4dad-afa0-ccfeada921a8"],"musicbrainz_albumid":["5d2e8936-8c36-3ccd-8e8f-916e3b771d49"],"musicbrainz_artistid":["5182c1d9-c7d2-4dad-afa0-ccfeada921a8"],"musicbrainz_recordingid":["8e6f37a1-171f-41a7-8161-6832b3369dec"],"script":["Latn"],"title":["Back to Eden"],"tracknumber":["7/10"]},"version":{"essentia":"2.1-beta1","essentia_build_sha":"ca57ba49d9b1854bd80e60cf9ccf267278fb7d6b","essentia_git_sha":"v2.1_beta1-28-g21ef5f4-dirty","extractor":"music 1.0"}},"rhythm":{"beats_count":654,"beats_loudness":{"dmean":0.0184295941144,"dmean2":0.0314522385597,"dvar":0.000261301902356,"dvar2":0.000748027581722,"max":0.153026923537,"mean":0.0482427999377,"median":0.0445367619395,"min":4.64625538044e-9,"var":0.000512261525728},"beats_loudness_band_ratio":{"dmean":[0.197356149554,0.0871795862913,0.111027695239,0.0657959878445,0.0248714443296,0.0936828628182],"dmean2":[0.341276288033,0.153645247221,0.190422296524,0.113475047052,0.0437907166779,0.162478893995],"dvar":[0.0205368362367,0.0101022040471,0.0180880408734,0.00655788509175,0.000618540914729,0.00629121717066],"dvar