{"lowlevel":{"average_loudness":0.834946036339,"barkbands":{"dmean":[0.000661808415316,0.00844742450863,0.00212818477303,0.00081321108155,0.00119399814866,0.000901293475181,0.000954613322392,0.000625903136097,0.000892898184247,0.000719730684068,0.000910632952582,0.000801629095804,0.000612199131865,0.000403256708523,0.00044277269626,0.000340172526194,0.000253131176578,0.000183178141015,0.000215292398934,0.000168459228007,0.000113658083137,0.000142478689668,0.0000961584373727,0.0000780944683356,0.0000431764710811,0.0000309315219056,0.0000123058707686],"dmean2":[0.000970438297372,0.0132925845683,0.00378636759706,0.00141451624222,0.00187993235886,0.00146585842595,0.00158288993407,0.00100848567672,0.00140680139884,0.00117430661339,0.00145820772741,0.00132749730255,0.00100083183497,0.000655489217024,0.000756476365495,0.000583494023886,0.000424996833317,0.000305615278194,0.000355209311238,0.000288608396659,0.000190453007235,0.000225831361604,0.000150676714838,0.000118692107208,0.0000634444950265,0.0000455018525827,0.0000180417846423],"dvar":[0.00000179286644197,0.000318182341289,0.0000255336599366,0.00000266860047304,0.00000724952224118,0.00000561940396437,0.0000123818126667,0.00000409654785472,0.00000545910825167,0.00000377213655156,0.00000582005895922,0.00000428353314419,0.00000278570587398,0.00000105816729956,9.3837059012e-7,6.99900056134e-7,3.14803997981e-7,1.21024399391e-7,2.39798737312e-7,1.17212906048e-7,6.6226924389e-8,1.11488070331e-7,5.35447917116e-8,4.52019079944e-8,1.43629517169e-8,5.71308333974e-9,6.8594674385e-10],"dvar2":[0.00000367988559447,0.000741076597478,0.0000716746435501,0.00000723078483134,0.0000177480487764,0.0000146590809891,0.0000338683639711,0.0000110423688966,0.0000123058171084,0.00000968004769675,0.0000155526231538,0.0000120640015666,0.00000703061050444,0.00000273387331617,0.00000250298239735,0.00000191712410924,8.25753033951e-7,3.09633207962e-7,6.14289206169e-7,3.12372748112e-7,1.72124970277e-7,2.80933790009e-7,1.32401822839e-7,1.12337779967e-7,3.49268880484e-8,1.3943573407e-8,1.61696744883e-9],"max":[0.0184387471527,0.195459604263,0.0490672662854,0.0389170795679,0.104098305106,0.0685634613037,0.114647015929,0.0752492547035,0.0766264423728,0.0563425831497,0.0592804700136,0.0568630620837,0.0375504232943,0.0347213000059,0.0165664162487,0.0128966709599,0.00849686749279,0.00851482991129,0.0101300207898,0.00469913287088,0.00383628462441,0.00833507627249,0.00425550946966,0.00656838854775,0.00393135519698,0.00201940047555,0.000550277123693],"mean":[0.000742862815969,0.00956937856972,0.00198398879729,0.00088871945627,0.00190661335364,0.0013049710542,0.00126891490072,0.000884300854523,0.00128419825342,0.000946197716985,0.00132765411399,0.00111594120972,0.000839472049847,0.000579065759666,0.000565907510463,0.000408698746469,0.000354773335857,0.000296832906315,0.000295565987471,0.000233475569985,0.000156152338604,0.000216889398871,0.000142693679663,0.000116595954751,0.0000659942306811,0.0000432735687355,0.0000181991126738],"median":[0.000110291257442,0.00311129027978,0.000651426613331,0.000360869627912,0.000786462740507,0.000470637489343,0.000301711610518,0.000223328272114,0.000338112586178,0.000266586721409,0.00031188968569,0.000341236562235,0.000239218265051,0.000199010770302,0.00021192029817,0.000144034536788,0.000137873910717,0.000131222710479,0.000128715124447,0.0000982392230071,0.0000635077958577,0.000081027734268,0.0000458965405414,0.0000367361644749,0.0000255603154073,0.0000163870736287,0.00000793950130173],"min":[1.14343849933e-24,6.92884458732e-24,7.03147933539e-24,1.73544310996e-24,8.87610355564e-24,1.44854094627e-23,2.13280078873e-23,1.45497142483e-23,1.91044835191e-23,4.09762406066e-23,5.85178912759e-23,3.82142397844e-23,5.2973442357e-23,7.15193666012e-23,7.37854358158e-23,8.58016238705e-23,9.4055803688e-23,1.27397502096e-22,1.59438166924e-22,1.90045667124e-22,3.19249029604e-22,4.46839392415e-22,4.64454088448e-22,6.77645199588e-22,9.07236893031e-22,1.44575146469e-21,2.18397936427e-21],"var":[0.00000231464969147,0.000327017594827,0.0000175281184056,0.00000300531087305,0.0000144568266478,0.00000807639389677,0.000014164204913,0.00000621824074187,0.0000101752111732,0.00000574047862756,0.0000102860267361,0.00000718429282642,0.00000477317371406,0.00000173775629264,0.00000118197056054,7.32146872906e-7,4.1729140321e-7,2.375355308e-7,2.62606107526e-7,1.44324360463e-7,7.40202423799e-8,1.49672246152e-7,7.36840135573e-8,6.12339192685e-8,1.90538944622e-8,7.31253546604e-9,9.67442459476e-10]},"barkbands_crest":{"dmean":3.38080716133,"dmean2":5.49604177475,"dvar":9.9111738205,"dvar2":23.708152771,"max":26.5431880951,"mean":10.4583902359,"median":9.46054649353,"min":2.00380134583,"var":22.7657585144},"barkbands_flatness_db":{"dmean":0.0242322962731,"dmean2":0.0381274558604,"dvar":0.000619841564912,"dvar2":0.0014211673988,"max":0.339896142483,"mean":0.100841075182,"median":0.0959420800209,"min":0.00859854184091,"var":0.00192248483654},"barkbands_kurtosis":{"dmean":3.24258422852,"dmean2":5.24704551697,"dvar":68.1131439209,"dvar2":163.926391602,"max":294.347961426,"mean":3.65575885773,"median":1.10797691345,"min":-1.97592377663,"var":153.67149353},"barkbands_skewness":{"dmean":0.652458846569,"dmean2":1.00620830059,"dvar":0.579723834991,"dvar2":1.27978157997,"max":13.9216756821,"mean":1.24068760872,"median":1.096809268,"min":-15.7438440323,"var":1.97107481956},"barkbands_spread":{"dmean":7.14516735077,"dmean2":11.4029283524,"dvar":62.7110023499,"dvar2":156.45489502,"max":164.474578857,"mean":25.9314136505,"median":23.798286438,"min":0.91190558672,"var":178.875473022},"dissonance":{"dmean":0.0181700009853,"dmean2":0.0308569092304,"dvar":0.000382774218451,"dvar2":0.00105287705082,"max":0.500000119209,"mean":0.47034534812,"median":0.477923482656,"min":0.261416077614,"var":0.000709282525349},"dynamic_complexity":4.24526023865,"erbbands":{"dmean":[0.360785394907,1.55006313324,2.53688311577,2.65514922142,2.74350309372,4.94778203964,5.06514835358,8.22547054291,10.9427547455,16.1743049622,13.2991485596,20.8649272919,23.0788116455,27.959564209,31.866394043,32.5571098328,27.5893135071,24.4293479919,20.9345340729,18.8814487457,16.4211921692,12.5993041992,10.6039857864,9.78295230865,10.6565608978,7.78853559494,5.79800748825,4.16900873184,4.92932462692,4.57101726532,2.47561120987,1.65071952343,1.26027154922,0.50367051363,0.320382297039,0.154358372092,0.053302384913,0.0138518270105,0.00201827893034,0.000125128222862],"dmean2":[0.565689623356,2.54215145111,4.50115728378,4.65394926071,4.42643260956,7.85957336426,8.06059169769,13.5504846573,18.0209140778,26.7470741272,21.4026679993,32.739025116,37.6314544678,44.7828598022,51.1631660461,53.8075675964,44.7496299744,40.0193748474,35.2137985229,32.1675033569,28.0079269409,21.0767230988,17.6938152313,16.0958099365,17.9570579529,13.3109378815,9.9368429184,6.87002658844,7.92242193222,7.20823764801,3.89399695396,2.54074263573,1.93680512905,0.742633163929,0.47758769989,0.23027934134,0.0793702304363,0.0204110052437,0.00297411973588,0.00018080661539],"dvar":[0.585413217545,11.8757324219,38.4266014099,31.1977615356,29.8276290894,175.378036499,147.006835938,536.750854492,1116.47827148,4053.83642578,1273.90539551,3733.66430664,3970.25097656,6682.27636719,7674.98388672,6992.72021484,5180.31005859,3537.09326172,2289.76025391,1869.82080078,1495.85571289,710.462402344,412.037384033,501.618713379,507.29083252,257.995666504,162.265365601,107.554374695,132.294708252,117.010673523,34.0676460266,16.8975448608,13.6533632278,1.7833262682,0.850223481655,0.183411180973,0.0153507282957,0.000907032343093,0.0000185972876352,6.61793819745e-8],"dvar2":[1.36166858673,29.6731910706,107.368141174,86.4432754517,75.9415359497,429.015075684,342.55859375,1420.08300781,2973.32592773,11119.9023438,3297.72192383,8384.92285156,9820.52832031,17787.2460938,19766.8027344,19598.2109375,13109.5683594,9258.6796875,6001.43457031,5090.37597656,4072.03051758,1833.69152832,1048.53222656,1293.8034668,1317.91711426,684.043640137,430.444061279,279.911376953,336.035125732,287.109863281,84.2885513306,40.5143203735,34.8961257935,4.19697475433,2.13040876389,0.459735989571,0.0371235869825,0.00213875714689,0.0000437599519501,1.55948598035e-7],"max":[8.6436252594,38.9258079529,66.233543396,68.2464828491,178.486404419,563.956542969,574.177368164,722.395080566,840.027160645,2060.70288086,1041.67175293,1865.44067383,2188.55566406,3220.4543457,3105.99853516,2218.80566406,1783.17675781,1500.60974121,1035.87963867,867.805603027,677.018920898,489.751220703,481.049957275,429.276763916,403.628967285,256.181854248,172.383560181,172.825363159,232.814254761,244.446090698,104.088035583,101.173439026,126.306289673,37.9297904968,31.954076767,14.6968660355,3.34879827499,0.872875392437,0.0952415540814,0.00420032069087],"mean":[0.391002804041,1.69100284576,2.37066745758,2.82606983185,3.96366047859,7.43566083908,8.12405109406,11.3099298477,15.2538442612,22.3953018188,19.5876522064,30.1881904602,31.1710357666,41.5817375183,48.214302063,47.9076576233,41.1847763062,36.2317504883,28.682762146,24.9337997437,21.5692481995,18.9957046509,16.8961963654,14.6186285019,14.9327068329,10.7932462692,7.52029895782,5.92691898346,7.45654392242,6.85158729553,3.67541360855,2.51852083206,1.81934452057,0.804177343845,0.455755680799,0.209979385138,0.0747443437576,0.0193860884756,0.0029772312846,0.00020829278219],"median":[0.108566522598,0.557811617851,0.844063401222,1.20313549042,1.89728808403,2.57225656509,3.08037662506,3.94090914726,4.42140197754,4.981092453,6.3019657135,7.87017297745,9.47670650482,10.4822273254,12.7309570313,15.5431880951,13.2089653015,13.5429382324,12.2751455307,10.2212438583,8.24673366547,7.83633708954,7.30480527878,6.5592751503,6.71283721924,4.44488620758,3.03670477867,2.28911828995,2.82442426682,2.32011938095,1.19652318954,0.815018355846,0.547406554222,0.302904129028,0.171655327082,0.0762385129929,0.0289623886347,0.00780752021819,0.00128854089417,0.00010879553156],"min":[2.65129132538e-22,1.75813846465e-21,6.99888825391e-21,1.23297191428e-20,1.7260488652e-20,3.5696743459e-20,1.00063754357e-19,8.54795003327e-20,3.2338998279e-19,3.27687651362e-19,3.91129845254e-19,3.38387956368e-19,7.77966261238e-19,9.23475189202e-19,2.04669236925e-18,1.98170223609e-18,1.92112283675e-18,2.81279334499e-18,3.18731777209e-18,5.85978344168e-18,5.68224277168e-18,6.11751017309e-18,7.57259118092e-18,7.33638727546e-18,7.55544207246e-18,9.97324468084e-18,9.93078301845e-18,1.30003079966e-17,1.47924212634e-17,1.26228373589e-17,1.18719823559e-17,1.17132166178e-17,1.28094517867e-17,1.06140052531e-17,7.32431457442e-18,5.04106984988e-18,2.71575554656e-18,1.08765161904e-18,2.8427444693e-19,2.96385146579e-20],"var":[0.596327841282,10.7700424194,26.076965332,25.6031703949,51.5092506409,330.418182373,352.814147949,660.527832031,1520.31286621,5095.77148438,1975.43139648,6987.88476563,6572.26708984,12133.0234375,13697.6142578,12552.1943359,9807.66308594,5875.27148438,2922.17553711,2117.51000977,1623.21911621,1093.09692383,770.045837402,621.04699707,576.135437012,315.573852539,169.228271484,120.237556458,175.176223755,162.721374512,47.0085983276,25.1971435547,16.8799057007,2.64612627029,1.00254130363,0.210461363196,0.0203368943185,0.00126250390895,0.0000259467451542,9.66003099734e-8]},"erbbands_crest":{"dmean":3.15154480934,"dmean2":5.17705583572,"dvar":9.59199523926,"dvar2":23.7327041626,"max":32.2578964233,"mean":9.21844673157,"median":7.87202167511,"min":2.29408502579,"var":26.8455410004},"erbbands_flatness_db":{"dmean":0.0191466305405,"dmean2":0.0290697198361,"dvar":0.00040238595102,"dvar2":0.000865082431119,"max":0.343039989471,"mean":0.129371285439,"median":0.120941497386,"min":0.0130249802023,"var":0.0017853906611},"erbbands_kurtosis":{"dmean":1.25103926659,"dmean2":2.03311347961,"dvar":5.22849988937,"dvar2":13.1973543167,"max":75.5820617676,"mean":1.15431392193,"median":0.329246640205,"min":-1.69842302799,"var":8.50612163544},"erbbands_skewness":{"dmean":0.385192602873,"dmean2":0.608697354794,"dvar":0.1504419595,"dvar2":0.357996404171,"max":6.83970069885,"mean":0.324550896883,"median":0.248647242785,"min":-3.46089911461,"var":0.520909368992},"erbbands_spread":{"dmean":8.03149700165,"dmean2":12.6369752884,"dvar":68.0247955322,"dvar2":164.802383423,"max":135.979095459,"mean":33.6830024719,"median":32.2432098389,"min":1.82463157177,"var":242.356048584},"gfcc":{"cov":[[14081.96875,886.97442627,-572.635742188,454.646057129,-335.488433838,114.425445557,-248.121398926,134.267532349,-174.278533936,72.5896377563,-117.24382782,127.960494995,-147.704681396],[886.97442627,877.523071289,45.5765762329,0.178484201431,69.1075820923,8.04178142548,77.5334320068,42.1854782104,4.42139720917,13.157160759,57.5286140442,18.5500926971,8.3540019989],[-572.635742188,45.5765762329,550.95690918,118.774810791,92.1950683594,28.2340812683,-0.637035548687,-1.88297951221,-9.04143333435,1.86855816841,-8.96907138824,-5.99956941605,-0.208596125245],[454.646057129,0.178484201431,118.774810791,414.197814941,149.305343628,48.7915878296,12.3714551926,-6.90761184692,28.7131710052,1.38667547703,-29.5172977448,-26.1177062988,8.70356559753],[-335.488433838,69.1075820923,92.1950683594,149.305343628,255.384536743,87.4064483643,83.9272384644,28.5956516266,41.6961212158,25.9847316742,-4.46137189865,-9.47148323059,20.2517356873],[114.425445557,8.04178142548,28.2340812683,48.7915878296,87.4064483643,154.715957642,87.6797332764,22.040927887,13.7645044327,9.38172245026,-4.7097234726,-1.90306711197,-0.965077340603],[-248.121398926,77.5334320068,-0.637035548687,12.3714551926,83.9272384644,87.6797332764,162.80140686,57.809173584,20.3937988281,11.6317634583,13.1836032867,3.86666560173,1.86248862743],[134.267532349,42.1854782104,-1.88297951221,-6.90761184692,28.5956516266,22.040927887,57.809173584,108.766181946,52.5021400452,19.773601532,3.78105115891,4.30254077911,1.41169500351],[-174.278533936,4.42139720917,-9.04143333435,28.7131710052,41.6961212158,13.7645044327,20.3937988281,52.5021400452,111.744148254,39.6043663025,8.18304920197,-3.09316301346,11.6753587723],[72.5896377563,13.157160759,1.86855816841,1.38667547703,25.9847316742,9.38172245026,11.6317634583,19.773601532,39.6043663025,82.803314209,39.1134529114,10.9547681808,0.284343540668],[-117.24382782,57.5286140442,-8.96907138824,-29.5172977448,-4.46137189865,-4.7097234726,13.1836032867,3.78105115891,8.18304920197,39.1134529114,87.8485488892,43.8598213196,9.1521654129],[127.960494995,18.5500926971,-5.99956941605,-26.1177062988,-9.47148323059,-1.90306711197,3.86666560173,4.30254077911,-3.09316301346,10.9547681808,43.8598213196,78.1167755127,30.8972587585],[-147.704681396,8.3540019989,-0.208596125245,8.70356559753,20.2517356873,-0.965077340603,1.86248862743,1.41169500351,11.6753587723,0.284343540668,9.1521654129,30.8972587585,71.3981933594]],"icov":[[0.000180221279152,-0.00028862192994,0.000280481326627,-0.000443923461717,0.000427023798693,-0.000555508944672,0.000682575977407,-0.000681727658957,0.000652688497212,-0.000726413796656,0.00087227061158,-0.000866580929141,0.000487938232254],[-0.00028862192994,0.00175032601692,-0.000538853462785,0.000749406928662,-0.00103470706381,0.00128108263016,-0.00157832563855,0.0007027425454,-0.000798547989689,0.00154020439368,-0.00247908127494,0.00169041217305,-0.000846018490847],[0.000280481326627,-0.000538853462785,0.00247517810203,-0.0010796423303,-0.0000158006223501,-0.00105087459087,0.00163338112179,-0.00137172441464,0.00160584994592,-0.00121267209761,0.00139465171378,-0.00146143801976,0.00095281744143],[-0.000443923461717,0.000749406928662,-0.0010796423303,0.00444748299196,-0.00295592751354,0.00105151731987,-0.00102367857471,0.00233534327708,-0.0023389311973,0.00217177090235,-0.00163449498359,0.00255346810445,-0.00123984506354],[0.000427023798693,-0.00103470706381,-0.0000158006223501,-0.00295592751354,0.00832656305283,-0.00316557683982,-0.000849837553687,-0.00105682795402,0.000486099452246,-0.00346216978505,0.0028352770023,-0.00112653931137,-0.000938390323427],[-0.000555508944672,0.00128108263016,-0.00105087459087,0.00105151731987,-0.00316557683982,0.012335145846,-0.00752127869055,0.00333880935796,-0.002177124843,0.00144698307849,-0.000929272035137,0.00135349552147,-0.000351886556018],[0.000682575977407,-0.00157832563855,0.00163338112179,-0.00102367857471,-0.000849837553687,-0.00752127869055,0.0149720963091,-0.00813308823854,0.00401486782357,-0.00130260095466,0.000562220811844,-0.00226157950237,0.00189122371376],[-0.000681727658957,0.0007027425454,-0.00137172441464,0.00233534327708,-0.00105682795402,0.00333880935796,-0.00813308823854,0.0179797671735,-0.00935975462198,0.00187292159535,-0.000449521932751,0.000735352688935,-0.000317189114867],[0.000652688497212,-0.000798547989689,0.00160584994592,-0.0023389311973,0.000486099452246,-0.002177124843,0.00401486782357,-0.00935975462198,0.0173245295882,-0.00828149542212,0.00293985777535,-0.000498870154843,-0.00131445075385],[-0.000726413796656,0.00154020439368,-0.00121267209761,0.00217177090235,-0.00346216978505,0.00144698307849,-0.00130260095466,0.00187292159535,-0.00828149542212,0.022618336603,-0.0131139168516,0.00495761958882,-0.000152962922584],[0.00087227061158,-0.00247908127494,0.00139465171378,-0.00163449498359,0.0028352770023,-0.000929272035137,0.000562220811844,-0.000449521932751,0.00293985777535,-0.0131139168516,0.0267860069871,-0.015806933865,0.00445365393534],[-0.000866580929141,0.00169041217305,-0.00146143801976,0.00255346810445,-0.00112653931137,0.00135349552147,-0.00226157950237,0.000735352688935,-0.000498870154843,0.00495761958882,-0.015806933865,0.0272958669811,-0.0116479024291],[0.000487938232254,-0.000846018490847,0.00095281744143,-0.00123984506354,-0.000938390323427,-0.000351886556018,0.00189122371376,-0.000317189114867,-0.00131445075385,-0.000152962922584,0.00445365393534,-0.0116479024291,0.0201718825847]],"mean":[1.49494314194,64.7490921021,-106.356636047,19.664981842,-44.7148704529,19.0137634277,-25.0634841919,7.06111764908,-18.2668457031,4.12365436554,-10.8239936829,4.90348911285,-11.1268796921]},"hfc":{"dmean":9.81911659241,"dmean2":15.0002002716,"dvar":348.46762085,"dvar2":864.332763672,"max":252.738433838,"mean":20.4812889099,"median":12.779419899,"min":1.12440050328e-16,"var":553.019226074},"melbands":{"dmean":[0.00268697249703,0.00151236378588,0.000443079828983,0.000271155819064,0.000186166798812,0.000182543852134,0.00017921323888,0.000167583973962,0.000112105306471,0.00013803919137,0.000114267975732,0.00010895178275,0.000106841514935,0.000087715096015,0.0000773795472924,0.0000644975953037,0.0000453133943665,0.0000316852456308,0.0000339276921295,0.0000253520356637,0.0000194095573534,0.0000145594513015,0.0000114915947051,0.0000085254869191,0.00000810394794826,0.00000903169438971,0.00000637488756183,0.0000052871337175,0.00000409628137277,0.00000263495553554,0.00000252734412243,0.00000280201675196,0.00000303919409816,0.00000239301198235,0.00000156944997798,0.00000105015135432,0.00000103315801425,0.00000103919785488,5.4053458598e-7,4.11577502746e-7],"dmean2":[0.00418277271092,0.00256057153456,0.000767355028074,0.000427927589044,0.00029619273846,0.000299557577819,0.000295119330985,0.000275382422842,0.000180121118319,0.000217141292524,0.000186818069778,0.000175367225893,0.000171058578417,0.00014354873565,0.000127925857669,0.000106060506369,0.000074199429946,0.0000529364842805,0.0000578925319132,0.0000431478911196,0.0000333896132361,0.0000244689072133,0.0000191533090401,0.0000143124807437,0.0000134362344397,0.0000152105785673,0.0000108405311039,0.00000915893633646,0.00000709876849214,0.00000442989812655,0.00000422781658926,0.00000457841315438,0.00000487962461193,0.00000382026428269,0.00000251788856076,0.00000166600659668,0.00000161217042205,0.0000016455178411,8.12362998204e-7,6.21122296707e-7],"dvar":[0.0000318357888318,0.0000125086135085,7.968551472e-7,3.69756889995e-7,1.89043760201e-7,2.53076308354e-7,3.23774344224e-7,4.02933267196e-7,9.45702396393e-8,1.68039704818e-7,1.00541384995e-7,1.02930023615e-7,8.40222256215e-8,4.1105998605e-8,7.17019403851e-8,3.0687552055e-8,1.43024800892e-8,5.77528469492e-9,5.51153878092e-9,4.09528144729e-9,2.24680563043e-9,1.008603423e-9,4.97850372039e-10,3.00543229192e-10,3.6092889788e-10,4.069536097e-10,1.49115914061e-10,1.21872706371e-10,8.27461363317e-11,3.23211561681e-11,4.53201122463e-11,4.44553768797e-11,4.78152101246e-11,3.34492919474e-11,1.37502231823e-11,6.14286226053e-12,7.20722006381e-12,1.00127805353e-11,2.06124657273e-12,1.26427676921e-12],"dvar2":[0.0000733486594982,0.0000337003584718,0.00000218242780647,9.10096275675e-7,4.48659505992e-7,6.65941570333e-7,8.70141150244e-7,0.00000110155644961,2.39961849502e-7,3.72264025827e-7,2.49700548238e-7,2.74213419971e-7,2.22683283368e-7,1.07252958514e-7,2.01762674124e-7,7.73351160888e-8,3.7445385459e-8,1.50428736134e-8,1.49524126414e-8,1.11729603347e-8,6.17048012685e-9,2.61983079675e-9,1.30530941611e-9,7.69864616501e-10,9.3919405586e-10,1.04585784477e-9,3.96179450357e-10,3.25845656013e-10,2.22489984769e-10,8.28099047667e-11,1.20539481174e-10,1.14782613969e-10,1.19245849306e-10,8.21474555046e-11,3.45589112882e-11,1.48440582742e-11,1.75392738527e-11,2.61735962764e-11,4.92889366474e-12,3.04096353133e-12],"max":[0.0638239234686,0.0403254926205,0.014506438747,0.0184544734657,0.016021059826,0.0157021358609,0.0165515262634,0.019253289327,0.0105495592579,0.0136157572269,0.0108638554811,0.012329342775,0.00766048487276,0.00621338607743,0.0107071297243,0.00474523101002,0.00348906591535,0.00160266668536,0.00150691310409,0.00116607360542,0.00105627044104,0.00071498088073,0.000532143400051,0.000427586113801,0.000374442053726,0.000440761301434,0.000231835161685,0.000213261169847,0.000114892041893,0.0000893649557838,0.000123901249026,0.000138742107083,0.000149328363477,0.000140665768413,0.0000707133367541,0.0000522860391357,0.0000638541823719,0.000109711530968,0.0000412105400756,0.0000358451616194],"mean":[0.00303524942137,0.00156846095342,0.000519282533787,0.0004128991568,0.000302433531033,0.000254894519458,0.000248700089287,0.000234105231357,0.000160440496984,0.000197094253963,0.000148215141962,0.000156239417265,0.000158518712851,0.000126657905639,0.000111485125672,0.0000864819230628,0.0000643650419079,0.0000416146576754,0.000043134423322,0.0000303708930005,0.0000242925652856,0.0000205755040952,0.0000171582669282,0.0000129063982968,0.0000114903741633,0.0000116499650176,0.00000909079244593,0.00000677379057379,0.00000501034855915,0.00000356057216777,0.00000340307860824,0.0000040694017116,0.0000045123538257,0.00000347690843228,0.0000022247072593,0.00000155182328854,0.00000153517567014,0.00000142453075114,8.31170154925e-7,6.36982804281e-7],"median":[0.000946246203966,0.000610833289102,0.000244131719228,0.000172942993231,0.000117831194075,0.0000893691831152,0.000069346606324,0.0000503951159772,0.0000475130073028,0.0000482781833853,0.0000412905355915,0.0000350648260792,0.0000382994257961,0.00003927585567,0.0000320148101309,0.0000243031026912,0.0000207395896723,0.0000162866599567,0.0000157901777129,0.0000104437422124,0.00000859114061313,0.00000791985075921,0.00000692709818395,0.00000559715499548,0.00000496417715112,0.00000490956563226,0.00000404092770623,0.00000256874000115,0.00000186809552361,0.0000014567474409,0.00000119066510251,0.00000153756082,0.0000015981792103,0.00000110726682578,6.84761005232e-7,5.16152624641e-7,4.88379384933e-7,4.05680538051e-7,2.75940550409e-7,2.41209761498e-7],"min":[2.50943517041e-24,3.31306079076e-24,3.53234518975e-24,1.82704701878e-24,3.70340021072e-24,1.86418205425e-24,4.7391426304e-24,3.26083800162e-24,2.66968516355e-24,2.55235945884e-24,4.3437304404e-24,3.16323105853e-24,7.74044440813e-24,4.7629267867e-24,5.56710145424e-24,4.87840261259e-24,4.87671997228e-24,4.78097907965e-24,5.56116093719e-24,5.06831101476e-24,6.31496723037e-24,6.31501732304e-24,5.23813541271e-24,4.42348940551e-24,4.7939203428e-24,5.48785169884e-24,5.75027337871e-24,5.49300651043e-24,5.49753141658e-24,6.47731677682e-24,6.32820826066e-24,5.59427889572e-24,8.84509737776e-24,5.98923472969e-24,4.83017481228e-24,8.81692952142e-24,6.36505950342e-24,9.06363078117e-24,9.38221777977e-24,8.25787405308e-24],"var":[0.0000333664211212,0.0000095728537417,7.73816054789e-7,6.68087807298e-7,4.35413340938e-7,3.24632480897e-7,4.20592954242e-7,5.41729832548e-7,1.48878314121e-7,3.17810759043e-7,1.61454593695e-7,1.83378958241e-7,1.45482374592e-7,7.50755262402e-8,1.21767186556e-7,4.89601923448e-8,2.34718715575e-8,7.40822470036e-9,7.00964042366e-9,4.58283455629e-9,2.36588704183e-9,1.47466017175e-9,8.2219225872e-10,5.20199217036e-10,4.20534357337e-10,4.21296331155e-10,2.0135917933e-10,1.39365241569e-10,8.17637485495e-11,3.75398045982e-11,4.65673402616e-11,5.52865635217e-11,6.62108909366e-11,4.55395894605e-11,1.81317391656e-11,8.76534175104e-12,1.02889502474e-11,1.14326690476e-11,3.01952061445e-12,1.74474931031e-12]},"melbands_crest":{"dmean":4.48080921173,"dmean2":7.10411739349,"dvar":16.2061157227,"dvar2":37.8070907593,"max":37.6676673889,"mean":15.2015829086,"median":14.1669692993,"min":1.74562227726,"var":40.9394721985},"melbands_flatness_db":{"dmean":0.0312361158431,"dmean2":0.0482628382742,"dvar":0.00102872319985,"dvar2":0.00228598853573,"max":0.454937130213,"mean":0.174400866032,"median":0.172765672207,"min":0.00406008306891,"var":0.00346128898673},"melbands_kurtosis":{"dmean":7.73942899704,"dmean2":12.4496269226,"dvar":362.006164551,"dvar2":950.192504883,"max":596.813781738,"mean":10.490281105,"median":4.86239480972,"min":-1.86470460892,"var":397.949249268},"melbands_skewness":{"dmean":0.907337963581,"dmean2":1.39298963547,"dvar":1.15707933903,"dvar2":2.65370774269,"max":21.6227073669,"mean":2.26479077339,"median":1.97435641289,"min":-2.25142073631,"var":3.02000546455},"melbands_spread":{"dmean":9.14981174469,"dmean2":14.4954051971,"dvar":129.393661499,"dvar2":292.430175781,"max":228.011306763,"mean":28.2434272766,"median":24.5280399323,"min":0.596571207047,"var":375.587127686},"mfcc":{"cov":[[8877.4296875,526.169677734,-237.032974243,332.353363037,11.1024570465,62.2817077637,-23.065164566,116.457923889,-30.93932724,24.6089935303,23.9598770142,-5.32044553757,47.8121643066],[526.169677734,885.252746582,39.7270889282,-11.8401699066,-6.38940477371,-20.287147522,80.395111084,37.2360420227,3.1650955677,-12.7029628754,51.6598854065,46.8410606384,21.3445796967],[-237.032974243,39.7270889282,381.566802979,79.0893173218,70.4713287354,26.6002464294,7.36420488358,-6.87405347824,-10.1981716156,-9.30852413177,-17.3764610291,16.8084011078,-4.27632522583],[332.353363037,-11.8401699066,79.0893173218,299.952728271,134.032333374,78.7418670654,24.0289402008,10.4129695892,37.3722763062,34.0560798645,-20.0645942688,19.9400367737,14.1890926361],[11.1024570465,-6.38940477371,70.4713287354,134.032333374,178.060272217,82.7804260254,14.3328466415,12.1415061951,41.7629547119,41.1763839722,-10.8898458481,8.31912136078,5.43889188766],[62.2817077637,-20.287147522,26.6002464294,78.7418670654,82.7804260254,170.792556763,72.6175994873,29.6605911255,35.2972335815,27.9003295898,3.78466105461,7.5949306488,1.13338589668],[-23.065164566,80.395111084,7.36420488358,24.0289402008,14.3328466415,72.6175994873,141.491638184,51.3079605103,28.1187477112,6.45875120163,22.1596832275,24.1659317017,-0.374688386917],[116.457923889,37.2360420227,-6.87405347824,10.4129695892,12.1415061951,29.6605911255,51.3079605103,104.288803101,51.6730117798,14.537361145,13.9157743454,11.7613353729,8.36632537842],[-30.93932724,3.1650955677,-10.1981716156,37.3722763062,41.7629547119,35.2972335815,28.1187477112,51.6730117798,107.092788696,59.5251960754,8.98034572601,5.05831480026,2.08551907539],[24.6089935303,-12.7029628754,-9.30852413177,34.0560798645,41.1763839722,27.9003295898,6.45875120163,14.537361145,59.5251960754,101.849327087,26.5669670105,-0.592585206032,1.80873084068],[23.9598770142,51.6598854065,-17.3764610291,-20.0645942688,-10.8898458481,3.78466105461,22.1596832275,13.9157743454,8.98034572601,26.5669670105,83.4241790771,38.6300544739,8.76767921448],[-5.32044553757,46.8410606384,16.8084011078,19.9400367737,8.31912136078,7.5949306488,24.1659317017,11.7613353729,5.05831480026,-0.592585206032,38.6300544739,86.8969421387,35.5207710266],[47.8121643066,21.3445796967,-4.27632522583,14.1890926361,5.43889188766,1.13338589668,-0.374688386917,8.36632537842,2.08551907539,1.80873084068,8.76767921448,35.5207710266,78.1753921509]],"icov":[[0.000138212184538,-0.000103978250991,0.000121813471196,-0.000260473228991,0.000145807716763,-0.000113650567073,0.000212230414036,-0.0002928681497,0.000261664070422,-0.0000916023273021,-0.0000312378506351,0.0000823339723866,-0.0000171055744431],[-0.000103978250991,0.00136720342562,-0.000243576680077,0.000238432330661,-0.00036129108048,0.000734981207643,-0.00106152275112,0.00010764261242,-0.000200138660148,0.000383545469958,-0.00065997330239,-0.0000865898255142,-0.000258600339293],[0.000121813471196,-0.000243576680077,0.00312218884937,-0.000581359316129,-0.000972237845417,-0.0000310313189402,0.000156166293891,-0.000263068563072,0.000929323374294,0.000104199440102,0.00070910458453,-0.000881912594195,0.000659290002659],[-0.000260473228991,0.000238432330661,-0.000581359316129,0.00587023235857,-0.00351442885585,-0.000339284102665,-0.000783033319749,0.000827877724078,-0.000644998333883,-0.00059120147489,0.00186469452456,-0.00157686974853,-0.000307747541228],[0.000145807716763,-0.00036129108048,-0.000972237845417,-0.00351442885585,0.0112524712458,-0.00403669290245,0.00211036810651,-0.000161936142831,-0.00119880982675,-0.00222194567323,0.00140892725904,-0.000725124322344,0.000152117805555],[-0.000113650567073,0.000734981207643,-0.0000310313189402,-0.000339284102665,-0.00403669290245,0.0104814535007,-0.00547261768952,0.000233754471992,-0.000256660423474,-0.000447674334282,-0.000329823116772,0.000951925583649,-0.000371977599571],[0.000212230414036,-0.00106152275112,0.000156166293891,-0.000783033319749,0.00211036810651,-0.00547261768952,0.0125719578937,-0.00446802889928,-0.000123200501548,0.000894625030924,-0.00110855221283,-0.00213405583054,0.0018582129851],[-0.0002928681497,0.00010764261242,-0.000263068563072,0.000827877724078,-0.000161936142831,0.000233754471992,-0.00446802889928,0.016051273793,-0.00871328357607,0.00335119781084,-0.00170506618451,0.000872501346748,-0.00179656723049],[0.000261664070422,-0.000200138660148,0.000929323374294,-0.000644998333883,-0.00119880982675,-0.000256660423474,-0.000123200501548,-0.00871328357607,0.0202706716955,-0.0107421679422,0.00337923294865,-0.00181788799819,0.00123632058967],[-0.0000916023273021,0.000383545469958,0.000104199440102,-0.00059120147489,-0.00222194567323,-0.000447674334282,0.000894625030924,0.00335119781084,-0.0107421679422,0.0190513450652,-0.00821039639413,0.00441763969138,-0.0013696126407],[-0.0000312378506351,-0.00065997330239,0.00070910458453,0.00186469452456,0.00140892725904,-0.000329823116772,-0.00110855221283,-0.00170506618451,0.00337923294865,-0.00821039639413,0.0204543378204,-0.0100952563807,0.00237635150552],[0.0000823339723866,-0.0000865898255142,-0.000881912594195,-0.00157686974853,-0.000725124322344,0.000951925583649,-0.00213405583054,0.000872501346748,-0.00181788799819,0.00441763969138,-0.0100952563807,0.02048172988,-0.00808353535831],[-0.0000171055744431,-0.000258600339293,0.000659290002659,-0.000307747541228,0.000152117805555,-0.000371977599571,0.0018582129851,-0.00179656723049,0.00123632058967,-0.0013696126407,0.00237635150552,-0.00808353535831,0.0165658518672]],"mean":[-645.840942383,107.2448349,-1.83632290363,13.1887350082,3.98459172249,12.4930448532,4.95891571045,8.56633090973,-0.485951781273,3.10933995247,2.99927425385,0.450437188148,3.43797254562]},"pitch_salience":{"dmean":0.0872285366058,"dmean2":0.141131937504,"dvar":0.00647849775851,"dvar2":0.015810796991,"max":0.931107282639,"mean":0.536020159721,"median":0.543719172478,"min":0.0652458518744,"var":0.0151535198092},"silence_rate_20dB":{"dmean":0,"dmean2":0,"dvar":0,"dvar2":0,"max":1,"mean":1,"median":1,"min":1,"var":0},"silence_rate_30dB":{"dmean":0.0369704738259,"dmean2":0.0739472806454,"dvar":0.0356066785753,"dvar2":0.0929640755057,"max":1,"mean":0.97501283884,"median":1,"min":0,"var":0.0243618953973},"silence_rate_60dB":{"dmean":0.0429610610008,"dmean2":0.0859294757247,"dvar":0.0411076545715,"dvar2":0.0917249321938,"max":1,"mean":0.100547663867,"median":0,"min":0,"var":0.0904459729791},"spectral_centroid":{"dmean":274.752197266,"dmean2":440.440856934,"dvar":100083.632813,"dvar2":220610.328125,"max":11413.2050781,"mean":1554.9375,"median":1475.68212891,"min":252.76159668,"var":431860.5625},"spectral_complexity":{"dmean":5.26983308792,"dmean2":7.86391639709,"dvar":46.335018158,"dvar2":89.9849014282,"max":68,"mean":19.2705802917,"median":17,"min":0,"var":148.31010437},"spectral_contrast_coeffs":{"dmean":[0.0510462485254,0.0505148842931,0.0427847541869,0.033442992717,0.0240129195154,0.0179834403098],"dmean2":[0.0832044705749,0.0821518972516,0.0695481002331,0.0543471686542,0.038566749543,0.0294040292501],"dvar":[0.00192584039178,0.00176500971429,0.00125026004389,0.000782809278462,0.000477016088553,0.000323906861013],"dvar2":[0.00500504206866,0.00460710423067,0.00314480229281,0.00198484235443,0.00119030976202,0.000809756747913],"max":[-0.289176911116,-0.374085456133,-0.361057400703,-0.499491542578,-0.601582944393,-0.64544570446],"mean":[-0.716373443604,-0.748848676682,-0.767017543316,-0.780670702457,-0.803014934063,-0.772757768631],"median":[-0.728224039078,-0.757969737053,-0.776343762875,-0.789128363132,-0.807197630405,-0.769172310829],"min":[-0.971537232399,-0.978078126907,-0.966514408588,-0.964728593826,-0.968544721603,-0.962656915188],"var":[0.00715475575998,0.00656529841945,0.0054988428019,0.00367762544192,0.00176246592309,0.00116784626152]},"spectral_contrast_valleys":{"dmean":[0.512889683247,0.429949492216,0.395626068115,0.382466971874,0.384481400251,0.317305982113],"dmean2":[0.748875439167,0.665256500244,0.602564454079,0.570455551147,0.566791117191,0.419424980879],"dvar":[0.27360534668,0.180191785097,0.173328191042,0.199732646346,0.273594409227,0.162578493357],"dvar2":[0.479473799467,0.354578435421,0.308613061905,0.378960549831,0.577398955822,0.303058296442],"max":[-4.9447350502,-4.8169298172,-4.95333242416,-5.04063177109,-5.22200584412,-7.46581459045],"mean":[-7.28242206573,-7.00975131989,-7.26874256134,-7.59433507919,-7.605717659,-9.97463417053],"median":[-6.95565509796,-6.81713867188,-7.10618877411,-7.40696620941,-7.43420314789,-9.87219619751],"min":[-27.7113304138,-27.7288208008,-27.6194877625,-27.7594223022,-27.4357128143,-27.3810386658],"var":[2.18793988228,1.76950478554,1.70545423031,1.67868196964,1.80437529087,1.50074326992]},"spectral_decrease":{"dmean":3.81159193097e-9,"dmean2":5.76909009453e-9,"dvar":4.08757222306e-17,"dvar2":8.971390489e-17,"max":6.51530437369e-16,"mean":-6.80937839448e-9,"median":-4.29088231613e-9,"min":-6.47862208325e-8,"var":5.98827610639e-17},"spectral_energy":{"dmean":0.0151089429855,"dmean2":0.0228317212313,"dvar":0.000630587222986,"dvar2":0.00138247781433,"max":0.256000697613,"mean":0.0275579690933,"median":0.0175037570298,"min":1.03484487079e-20,"var":0.000944283267017},"spectral_energyband_high":{"dmean":0.000557559193112,"dmean2":0.000850437849294,"dvar":0.00000162766889389,"dvar2":0.00000406457911595,"max":0.0240761823952,"mean":0.000872922129929,"median":0.000360402802471,"min":7.39529113646e-21,"var":0.00000218904142457},"spectral_energyband_low":{"dmean":0.0104307373986,"dmean2":0.0162686277181,"dvar":0.000453660613857,"dvar2":0.00102886918467,"max":0.214154660702,"mean":0.0127602424473,"median":0.00510283140466,"min":3.54042067995e-23,"var":0.000494413950946},"spectral_energyband_middle_high":{"dmean":0.003292969428,"dmean2":0.00521895568818,"dvar":0.0000333313182637,"dvar2":0.000085181396571,"max":0.101831167936,"mean":0.00662434427068,"median":0.00349628296681,"min":1.43431482435e-21,"var":0.0000761545161367},"spectral_energyband_middle_low":{"dmean":0.00393059942871,"dmean2":0.00613532401621,"dvar":0.0000417985065724,"dvar2":0.000104245940747,"max":0.139496147633,"mean":0.00793660618365,"median":0.00477256579325,"min":2.32247693447e-22,"var":0.000090224777523},"spectral_entropy":{"dmean":0.153918236494,"dmean2":0.235091984272,"dvar":0.0306524932384,"dvar2":0.0665423199534,"max":9.81870174408,"mean":7.81972169876,"median":7.83781051636,"min":5.85575819016,"var":0.129718080163},"spectral_flux":{"dmean":0.0358990207314,"dmean2":0.0564356856048,"dvar":0.0023425903637,"dvar2":0.00514843454584,"max":0.448108136654,"mean":0.0910083353519,"median":0.0719531327486,"min":6.55674195493e-11,"var":0.00436720624566},"spectral_kurtosis":{"dmean":0.916938602924,"dmean2":1.48299562931,"dvar":1.09487771988,"dvar2":2.80454969406,"max":20.5253391266,"mean":4.30719470978,"median":4.00492477417,"min":-1.23162412643,"var":3.48405051231},"spectral_rms":{"dmean":0.00123832921963,"dmean2":0.00177798699588,"dvar":0.00000265919197773,"dvar2":0.00000533156071469,"max":0.015803694725,"mean":0.00451505836099,"median":0.00413241283968,"min":3.17742793882e-12,"var":0.00000649992898616},"spectral_rolloff":{"dmean":559.627929688,"dmean2":926.57824707,"dvar":971532.3125,"dvar2":2240089,"max":21748.5351563,"mean":1678.1907959,"median":1248.92578125,"min":64.599609375,"var":4120813},"spectral_skewness":{"dmean":0.179251104593,"dmean2":0.288414984941,"dvar":0.0405839793384,"dvar2":0.0992546752095,"max":3.48949861526,"mean":1.60250592232,"median":1.55958390236,"min":-0.0195706039667,"var":0.138152971864},"spectral_spread":{"dmean":468943.09375,"dmean2":709497,"dvar":414425513984,"dvar2":849271324672,"max":41413452,"mean":5127722.5,"median":4888353.5,"min":2313059.25,"var":2684596518910},"spectral_strongpeak":{"dmean":0.584603369236,"dmean2":1.00326693058,"dvar":0.945393383503,"dvar2":2.41079521179,"max":10.7883396149,"mean":0.824020028114,"median":0.294501185417,"min":0,"var":1.47844696045},"zerocrossingrate":{"dmean":0.0124817388132,"dmean2":0.0145525280386,"dvar":0.000235840911046,"dvar2":0.000282063643681,"max":0.8994140625,"mean":0.0730149298906,"median":0.06103515625,"min":0.0048828125,"var":0.00427630962804}},"metadata":{"audio_properties":{"analysis_sample_rate":44100,"bit_rate":0,"codec":"flac","downmix":"mix","equal_loudness":0,"length":271.320007324,"lossless":true,"md5_encoded":"72a6c02d4e3d785b08d04a39aba95264","replay_gain":-10.7208633423,"sample_rate":44100},"tags":{"acoustid_id":["9c9a7685-7f86-4413-b222-8cda858ca203"],"album":["The Columbia Masters"],"albumartist":["Earth, Wind & Fire"],"albumartistsort":["Earth, Wind & Fire"],"artist":["Earth, Wind & Fire"],"artistsort":["Earth, Wind & Fire"],"asin":["B005L12SH6"],"barcode":["886978946928"],"catalognumber":["88697894692"],"date":["2012"],"discnumber":["13"],"discsubtitle":["Electric Universe"],"disctotal":["16"],"file_name":"1308. Earth, Wind & Fire ~ Electric Nation.flac","genre":["Funk","Soul","Disco"],"grouping":["R&B"],"label":["Legacy"],"media":["CD"],"mood":["Funky"],"musicbrainz_albumartistid":["535afeda-2538-435d-9dd1-5e10be586774"],"musicbrainz_albumid":["728bbd58-e625-4d6a-8544-28c829c363c2"],"musicbrainz_artistid":["535afeda-2538-435d-9dd1-5e10be586774"],"musicbrainz_recordingid":["8e8e05b7-7c8d-4bc5-a6ad-a845d2e8e115"],"musicbrainz_releasegroupid":["93ded9dc-3e27-40a1-83e5-92e36a48f808"],"musicbrainz_releasetrackid":["c6ac5650-db5e-49f6-8dab-cbedf4fa567a"],"originaldate":["2012-06-12"],"originalyear":["2012"],"releasestatus":["official"],"releasetype":["album","compilation"],"script":["Latn"],"title":["Electric Nation"],"totaldiscs":["16"],"totaltracks":["8"],"tracknumber":["8"],"tracktotal":["8"],"website":["http://www.earthwindandfire.com/"]},"version":{"essentia":"2.1-beta2","essentia_build_sha":"2d9f1f26377add8aeb1075a9c2973f962c4f09fd","essentia_git_sha":"v2.1_beta2-1-ge3940c0","extractor":"music 1.0"}},"rhythm":{"beats_count":614,"beats_loudness":{"dmean":0.0307440645993,"dmean2":0.0539630316198,"dvar":0.000713837740477,"dvar2":0.00224372022785,"max":0.174708798528,"mean":0.0657690390944,"median":0.0614212974906,"min":2.83921353095e-9,"var":0.0010730617214},"beats_loudness_ban