{"lowlevel":{"average_loudness":0.929141521454,"barkbands":{"dmean":[0.0000987953535514,0.00234595336951,0.00120228691958,0.00167670601513,0.000994998496026,0.000274311343674,0.000259148539044,0.000429044739576,0.000546994211618,0.00149232824333,0.000525079783984,0.000331299524987,0.000208008132176,0.000143545956234,0.000149437255459,0.000269353477051,0.000325262255501,0.000691983150318,0.000252592843026,0.000105124803667,0.0000724942001398,0.0000736774745747,0.0000640822399873,0.0000585881207371,0.0000302750831906,0.0000110976943688,7.08276900241e-7],"dmean2":[0.000159240677021,0.00400116341189,0.0019978438504,0.00262856855989,0.00163097085897,0.000443506374722,0.000406773615396,0.000696752860676,0.000866221264005,0.0022069835104,0.000862460583448,0.000541341200005,0.000345620326698,0.000226263015065,0.000239511107793,0.000425936625106,0.000519192486536,0.00109648890793,0.000377407413907,0.00016185559798,0.000110756642243,0.00011094877118,0.0000888493450475,0.0000783342256909,0.0000406134604418,0.000014793669834,9.92259742816e-7],"dvar":[2.95392421634e-8,0.0000133912235469,0.00000274861395155,0.00000504299805471,0.00000192140873878,2.62756515212e-7,1.70385249021e-7,3.50704965513e-7,6.79400216086e-7,0.00000661438889438,0.00000153237442646,5.69028486552e-7,3.21593347508e-7,7.59421112662e-8,1.65312869171e-7,5.54229472982e-7,5.78481035518e-7,0.00000332525087288,7.43108216739e-7,6.43480717599e-8,2.27187086921e-8,3.56648257593e-8,1.6476862541e-8,1.70992588977e-8,4.75130113031e-9,7.08149427986e-10,4.07444607567e-12],"dvar2":[7.57640279403e-8,0.0000390825734939,0.00000746376417737,0.0000118104444482,0.00000511682446813,6.07629488059e-7,4.06342280712e-7,8.38972255224e-7,0.0000016525978026,0.0000121729863167,0.00000420922424382,0.00000143317492984,8.5404320771e-7,1.73587991981e-7,4.09862906281e-7,0.00000132240097628,0.00000138553480156,0.00000807160904515,0.00000148630658714,1.45231197735e-7,5.2656648819e-8,8.48399395181e-8,3.25248485922e-8,3.21415747351e-8,9.14540709829e-9,1.38080868961e-9,8.98156549134e-12],"max":[0.00395664013922,0.0688455328345,0.0204718671739,0.0241841934621,0.0150699289516,0.00972347985953,0.0116042364389,0.0111606512219,0.0217468254268,0.038997925818,0.0321014374495,0.0174496099353,0.0145037844777,0.0053329509683,0.00849650148302,0.0202474761754,0.0136755304411,0.0426111444831,0.034149158746,0.00485801836476,0.00197812868282,0.00499225920066,0.0017797726905,0.00238458625972,0.000994483591057,0.000403228856158,0.0000421815057052],"mean":[0.000176210654899,0.00382822402753,0.00168172072154,0.00231705023907,0.0018375372747,0.000464510725578,0.000468430662295,0.000906511559151,0.00115806155372,0.00411375565454,0.000937863602303,0.000604359025601,0.000292951939628,0.000277544459095,0.000185668308404,0.000356890639523,0.00045326363761,0.000942124112044,0.000383856706321,0.000141877055285,0.000110936292913,0.000106246901851,0.000113952199172,0.000102498219348,0.0000551104567421,0.0000180837978405,0.00000106486561435],"median":[0.0000617128534941,0.00249028252438,0.00110013899393,0.00124952197075,0.001027390128,0.000247428863076,0.000228596065426,0.000495468499139,0.000662378501147,0.00115468504373,0.000409650063375,0.000254735059571,0.000119513293612,0.000129787789774,0.0000638432684354,0.000121482647955,0.000179340553586,0.000165098565049,0.0000849637144711,0.0000331726878358,0.0000392553592974,0.0000350388691004,0.0000417527262471,0.0000314153512591,0.0000153071960085,0.00000370463067156,2.34977491687e-7],"min":[4.40741123697e-25,2.56874942466e-24,3.19467071547e-25,6.45066501253e-25,1.26985069838e-23,1.02975977747e-23,6.90506674191e-24,7.93335245389e-24,9.55577506753e-24,1.06494005506e-23,1.08381844315e-23,2.13551589019e-23,3.15785595753e-23,2.48527157202e-23,4.18825218798e-23,5.96975160083e-23,6.68362969928e-23,8.15625756667e-23,1.12778723076e-22,1.28283083659e-22,1.58637201737e-22,3.21044502268e-22,3.85954198982e-22,5.11079074852e-22,7.67766688885e-22,1.24548469722e-21,1.93561273079e-21],"var":[7.8129680503e-8,0.0000190530590771,0.00000356130999535,0.00000882561835169,0.00000486253202325,4.82900418319e-7,5.07145159645e-7,0.00000124086432152,0.00000205846845347,0.0000429673273175,0.00000273381965599,0.00000134050469569,4.54461741128e-7,1.6542574599e-7,1.78232454573e-7,7.53808876652e-7,9.29439181618e-7,0.0000055618074839,0.00000196637347472,9.79113394806e-8,3.6079807586e-8,4.62104665644e-8,3.59206211442e-8,3.66217527414e-8,1.04633821607e-8,1.46062806294e-9,6.49992776616e-12]},"barkbands_crest":{"dmean":2.51529955864,"dmean2":4.02207756042,"dvar":4.85908937454,"dvar2":12.288611412,"max":25.1081523895,"mean":9.5807390213,"median":8.46118164062,"min":2.31294369698,"var":17.9899616241},"barkbands_flatness_db":{"dmean":0.0187040101737,"dmean2":0.0267922244966,"dvar":0.000286307535134,"dvar2":0.000573849596549,"max":0.26350364089,"mean":0.122655056417,"median":0.119738265872,"min":0.018473809585,"var":0.00205277930945},"barkbands_kurtosis":{"dmean":1.68714046478,"dmean2":2.73395419121,"dvar":6.17693328857,"dvar2":15.9331026077,"max":32.4373893738,"mean":1.82403290272,"median":0.940025091171,"min":-1.80506312847,"var":11.430970192},"barkbands_skewness":{"dmean":0.470664590597,"dmean2":0.739750623703,"dvar":0.208498463035,"dvar2":0.511257886887,"max":5.01100301743,"mean":0.831938743591,"median":0.860203623772,"min":-2.29936003685,"var":1.00446414948},"barkbands_spread":{"dmean":5.44504404068,"dmean2":8.0372838974,"dvar":34.0978431702,"dvar2":70.6192626953,"max":96.783706665,"mean":22.6530189514,"median":19.8294334412,"min":2.1131708622,"var":134.097976685},"dissonance":{"dmean":0.024443462491,"dmean2":0.0414711497724,"dvar":0.000628016481642,"dvar2":0.00171022152063,"max":0.499992638826,"mean":0.461048275232,"median":0.471011072397,"min":0.275491893291,"var":0.00109374744352},"dynamic_complexity":2.67494177818,"erbbands":{"dmean":[0.0565685816109,0.580923318863,1.4241284132,3.67666459084,3.9261610508,3.66374135017,2.99942874908,2.38614916801,3.73694968224,4.60595846176,10.0558290482,12.3221416473,40.0674514771,26.9284973145,18.4353961945,10.3540201187,9.62048435211,7.27610349655,5.63085031509,11.7407855988,14.2398204803,22.7879505157,38.6479034424,17.7755451202,10.2758846283,4.43792724609,2.88818502426,2.8775138855,2.75304460526,2.07979559898,1.81414186954,1.35359477997,0.913918435574,0.44447106123,0.170637205243,0.0566347129643,0.0197131168097,0.00298200338148,0.000116866009193,0.0000104572200144],"dmean2":[0.0968137905002,0.987142682076,2.38374972343,5.69336175919,6.52842712402,5.87482452393,4.86038160324,3.85570931435,5.86391878128,7.34208440781,16.0930366516,19.8025875092,59.7560081482,42.1942024231,30.1418762207,16.8403759003,15.7825479507,11.6310272217,8.80043315887,18.7568855286,22.0885162354,36.2310943604,61.1544189453,26.983253479,15.7130098343,6.70758867264,4.42040538788,4.35382604599,4.18509578705,2.98903632164,2.51252841949,1.84392428398,1.23367083073,0.603894948959,0.230603381991,0.0759645476937,0.0265776738524,0.00405876291916,0.000159505492775,0.0000142961389429],"dvar":[0.00872776191682,0.87986189127,4.37882757187,22.2169570923,33.0281639099,31.6833553314,21.5594005585,24.7619667053,34.5068130493,35.2691841125,204.066802979,418.844299316,4340.23876953,2388.92236328,1602.49499512,419.88583374,694.964416504,156.25793457,143.752182007,1137.69287109,1508.48034668,2855.2253418,9334.77929688,3219.71728516,553.565795898,110.183700562,38.0803833008,44.8751869202,60.6037025452,19.2329216003,13.2037734985,8.3831577301,4.36109972,1.04392707348,0.152829632163,0.0179616529495,0.00227383966558,0.0000625601387583,1.06952306567e-7,2.3331842014e-10],"dvar2":[0.0256604868919,2.54149532318,12.1292066574,49.6618614197,90.9890365601,77.7380142212,54.2324409485,58.8211631775,82.1746520996,83.0510559082,467.274169922,1070.24938965,8239.45996094,5851.75927734,4185.71679688,1035.51818848,1857.35949707,388.067962646,325.730743408,2854.67211914,3284.83789062,6819.06494141,22545.5761719,6604.69921875,1249.91809082,235.829071045,91.2970962524,104.632957458,148.133514404,41.3063354492,25.8742980957,15.6927423477,8.38891792297,2.02584028244,0.306914925575,0.0347026884556,0.00455194478855,0.000131491702632,2.33323206089e-7,4.80606832109e-10],"max":[1.7359161377,15.7955207825,24.4583187103,49.3145599365,63.0304031372,74.8862686157,109.699546814,117.50112915,157.013717651,144.2578125,306.066833496,674.946960449,941.493041992,1061.68896484,1434.07507324,324.284576416,659.63470459,202.023376465,209.618606567,617.102294922,1387.12060547,970.737426758,2038.82946777,2167.0949707,553.215393066,249.023880005,101.96421051,112.066162109,258.287384033,82.2160949707,54.0740737915,42.7410926819,40.0191917419,16.4030189514,5.71235704422,2.11975884438,0.657691061497,0.127858430147,0.00691278465092,0.00040048113442],"mean":[0.0993005931377,0.87746399641,2.0356631279,5.61833524704,5.37297677994,6.81769704819,6.03701972961,3.9399869442,6.64899492264,9.81910514832,22.94789505,26.6923713684,109.775718689,68.6227416992,37.1099395752,19.7825870514,14.6697692871,14.1706094742,9.62483024597,14.772644043,20.3795833588,32.2648239136,53.0340461731,27.2154884338,14.8490896225,6.37395381927,4.46337032318,4.12131214142,3.9027466774,3.26502084732,3.21488833427,2.39862465858,1.59848225117,0.807814776897,0.293954759836,0.0944731682539,0.0315496176481,0.00446881493554,0.000190829930943,0.0000333813441102],"median":[0.0566080734134,0.528881549835,1.38516283035,3.37198734283,3.39011859894,3.01770973206,2.36892414093,2.21201324463,3.37572169304,6.43628692627,11.7836999893,17.1548805237,39.283821106,29.072303772,21.7063159943,10.5066776276,6.68929290771,7.86936330795,4.92407512665,4.78491973877,8.18990898132,11.0561685562,9.87630462646,5.36805438995,3.77290773392,1.59436917305,1.64268875122,1.33035314083,1.26539063454,1.13657879829,1.17472195625,0.792544841766,0.4697894454,0.22465518117,0.0773279219866,0.0211714990437,0.00627808552235,0.000776101835072,0.0000535165017936,0.0000294462297461],"min":[7.35713894532e-23,6.36084573979e-22,1.30686963719e-21,3.71413627e-21,1.37082132102e-20,1.91218114358e-20,6.59567841809e-20,8.20459446959e-20,6.95575401614e-20,1.93750825071e-19,2.12037552442e-19,2.59413766264e-19,5.49047490533e-19,4.08422650496e-19,8.06705100658e-19,1.28486398818e-18,1.78825715766e-18,1.28302371811e-18,2.05484320022e-18,2.93209843192e-18,4.11868447113e-18,4.70544462506e-18,4.69280282376e-18,6.09751349537e-18,7.10465345404e-18,6.47461190174e-18,6.36970596133e-18,9.85526060135e-18,1.00426236275e-17,1.14510044995e-17,1.01088055212e-17,8.61163260068e-18,9.03995582085e-18,6.85376957425e-18,6.37157952541e-18,4.31187994782e-18,2.19815699763e-18,9.75490891059e-19,2.39299447953e-19,2.4338734546e-20],"var":[0.01502886042,1.16770970821,5.1914396286,43.3388175964,39.299621582,89.671913147,78.8283691406,37.1224937439,87.1808853149,108.167549133,821.071716309,1015.43212891,24788.1699219,8962.328125,3583.62280273,895.934997559,984.518310547,324.048675537,237.076202393,1218.25463867,2410.09375,4780.76611328,15938.9492188,8068.22070312,1168.51806641,193.277862549,57.7230033875,62.622505188,70.4937896729,33.0993423462,28.7970428467,18.4499530792,9.07385253906,2.26242423058,0.315521836281,0.037472397089,0.00453607179224,0.000109755812446,1.76354220116e-7,5.77952741221e-10]},"erbbands_crest":{"dmean":2.71458005905,"dmean2":4.20382213593,"dvar":6.70368766785,"dvar2":15.2284946442,"max":31.2900276184,"mean":11.0965385437,"median":9.80354309082,"min":2.35012817383,"var":31.3876495361},"erbbands_flatness_db":{"dmean":0.0183260478079,"dmean2":0.0260555036366,"dvar":0.000286961585516,"dvar2":0.000552040874027,"max":0.322304606438,"mean":0.161779746413,"median":0.155195504427,"min":0.0284028779715,"var":0.00263351551257},"erbbands_kurtosis":{"dmean":1.76344692707,"dmean2":2.65103435516,"dvar":8.57502174377,"dvar2":18.3370704651,"max":51.4322776794,"mean":2.39190888405,"median":0.741245031357,"min":-1.51443481445,"var":21.296421051},"erbbands_skewness":{"dmean":0.462494492531,"dmean2":0.685224533081,"dvar":0.191688209772,"dvar2":0.425368905067,"max":4.29149007797,"mean":0.506035447121,"median":0.504150629044,"min":-3.21163606644,"var":0.821038484573},"erbbands_spread":{"dmean":6.88242959976,"dmean2":10.4122896194,"dvar":48.1037368774,"dvar2":110.645713806,"max":121.292961121,"mean":29.3046703339,"median":28.4269866943,"min":1.76453316212,"var":234.546920776},"gfcc":{"cov":[[42206.6601562,2404.51171875,-4384.13183594,1316.46740723,-1831.9765625,736.231384277,-1175.5345459,790.332946777,-879.784118652,-357.394165039,-685.304870605,28.2925415039,-503.989532471],[2404.51171875,1089.3137207,-304.738800049,-74.3576049805,2.12339687347,87.1759338379,99.9245529175,49.3419837952,29.3004951477,-184.67225647,-26.9005661011,-82.7242889404,28.0032043457],[-4384.13183594,-304.738800049,878.47845459,-82.3781585693,130.408660889,20.0650691986,85.4593353271,-55.6395530701,112.301078796,129.337341309,72.5486679077,15.3454236984,13.4115724564],[1316.46740723,-74.3576049805,-82.3781585693,242.019958496,-14.9664859772,-12.5489416122,-53.2606468201,26.4287834167,-43.9549560547,14.9862375259,15.3555259705,42.1020011902,-34.3344917297],[-1831.9765625,2.12339687347,130.408660889,-14.9664859772,251.583724976,-7.67306089401,115.030479431,-29.9504680634,44.7627563477,-32.969367981,24.8451652527,-14.9614524841,47.3491172791],[736.231384277,87.1759338379,20.0650691986,-12.5489416122,-7.67306089401,183.610275269,68.024307251,48.800151825,16.7014427185,8.61279773712,-39.9163322449,-25.9121284485,3.33059954643],[-1175.5345459,99.9245529175,85.4593353271,-53.2606468201,115.030479431,68.024307251,190.518615723,33.36170578,50.2392501831,-37.5621147156,11.6015415192,-30.3087501526,38.5591926575],[790.332946777,49.3419837952,-55.6395530701,26.4287834167,-29.9504680634,48.800151825,33.36170578,96.7980728149,20.6736183167,-0.978870689869,-8.33567047119,3.71976518631,-8.80354976654],[-879.784118652,29.3004951477,112.301078796,-43.9549560547,44.7627563477,16.7014427185,50.2392501831,20.6736183167,99.6672058105,37.5572471619,14.342376709,-13.409034729,11.7416248322],[-357.394165039,-184.67225647,129.337341309,14.9862375259,-32.969367981,8.61279773712,-37.5621147156,-0.978870689869,37.5572471619,120.765625,34.9747810364,12.6753616333,-26.4028129578],[-685.304870605,-26.9005661011,72.5486679077,15.3555259705,24.8451652527,-39.9163322449,11.6015415192,-8.33567047119,14.342376709,34.9747810364,83.5215988159,37.1237716675,1.02447342873],[28.2925415039,-82.7242889404,15.3454236984,42.1020011902,-14.9614524841,-25.9121284485,-30.3087501526,3.71976518631,-13.409034729,12.6753616333,37.1237716675,81.9093322754,23.1140556335],[-503.989532471,28.0032043457,13.4115724564,-34.3344917297,47.3491172791,3.33059954643,38.5591926575,-8.80354976654,11.7416248322,-26.4028129578,1.02447342873,23.1140556335,77.376159668]],"icov":[[0.000513965031132,-0.00120565190446,0.00144141516648,-0.00137507740874,0.000656320306007,-0.00161689601373,0.00190740381368,-0.00223867874593,0.00232768431306,-0.00194718979765,0.00225571217015,-0.0010683593573,0.00065840408206],[-0.00120565190446,0.00507249590009,-0.00299993506633,0.00301220524125,-0.000451030122349,0.00159932952374,-0.00288609415293,0.00543736480176,-0.00861437711865,0.0103251598775,-0.00971982069314,0.0057125473395,-0.00231551076286],[0.00144141516648,-0.00299993506633,0.00601747538894,-0.00337871117517,0.00136668724008,-0.00506939738989,0.00443946151063,-0.00463173771277,0.00503368861973,-0.00655316887423,0.00600033206865,-0.004065384157,0.00270968815312],[-0.00137507740874,0.00301220524125,-0.00337871117517,0.0101492023095,-0.00420316774398,0.00440488522872,-0.00417913636193,0.00333910970949,-0.00300364918076,0.00315441004932,-0.00523670669645,-0.00127280503511,0.00186916231178],[0.000656320306007,-0.000451030122349,0.00136668724008,-0.00420316774398,0.00953473709524,-0.00223979144357,-0.000868455972522,0.00120613654144,-0.00158605107572,0.00277375010774,-0.000645321793854,0.00212346366607,-0.00227064290084],[-0.00161689601373,0.00159932952374,-0.00506939738989,0.00440488522872,-0.00223979144357,0.0168416183442,-0.0128004094586,0.00406724493951,-0.0020955267828,-0.00409471010789,0.00387015216984,-0.0000706548453309,-0.00189924822189],[0.00190740381368,-0.00288609415293,0.00443946151063,-0.00417913636193,-0.000868455972522,-0.0128004094586,0.0243096500635,-0.0143702784553,0.00448789633811,0.00356722972356,-0.00393188232556,0.00600142497569,-0.0030269396957],[-0.00223867874593,0.00543736480176,-0.00463173771277,0.00333910970949,0.00120613654144,0.00406724493951,-0.0143702784553,0.0291165970266,-0.0180143956095,0.0103928362951,-0.00731047941372,-0.00156442646403,0.00213992409408],[0.00232768431306,-0.00861437711865,0.00503368861973,-0.00300364918076,-0.00158605107572,-0.0020955267828,0.00448789633811,-0.0180143956095,0.0351600460708,-0.0254658013582,0.0164877939969,-0.00519769033417,0.000157682952704],[-0.00194718979765,0.0103251598775,-0.00655316887423,0.00315441004932,0.00277375010774,-0.00409471010789,0.00356722972356,0.0103928362951,-0.0254658013582,0.0416812412441,-0.0289404224604,0.0137236528099,-0.00162981136236],[0.00225571217015,-0.00971982069314,0.00600033206865,-0.00523670669645,-0.000645321793854,0.00387015216984,-0.00393188232556,-0.00731047941372,0.0164877939969,-0.0289404224604,0.0454637408257,-0.0255345385522,0.0108510646969],[-0.0010683593573,0.0057125473395,-0.004065384157,-0.00127280503511,0.00212346366607,-0.0000706548453309,0.00600142497569,-0.00156442646403,-0.00519769033417,0.0137236528099,-0.0255345385522,0.0361981652677,-0.0183549486101],[0.00065840408206,-0.00231551076286,0.00270968815312,0.00186916231178,-0.00227064290084,-0.00189924822189,-0.0030269396957,0.00213992409408,0.000157682952704,-0.00162981136236,0.0108510646969,-0.0183549486101,0.0263925939798]],"mean":[-35.2576751709,92.1540985107,-113.065353394,26.5468902588,-56.5447044373,24.1810626984,-26.822303772,22.1153030396,-22.3305835724,-14.0970430374,-18.7637138367,1.07087016106,-11.840672493]},"hfc":{"dmean":7.21606588364,"dmean2":10.2277297974,"dvar":125.587989807,"dvar2":263.148468018,"max":152.567626953,"mean":19.2489814758,"median":13.6731386185,"min":1.05399426443e-16,"var":323.581176758},"melbands":{"dmean":[0.000568280811422,0.000744418241084,0.000621868821327,0.000246552255703,0.000119533331599,0.000053536008636,0.0000543845671928,0.0000629419082543,0.0000816033279989,0.0000822494912427,0.000215570384171,0.000131511274958,0.0000624346357654,0.0000389175474993,0.0000285927253572,0.0000196795153897,0.0000140417096191,0.00000982037818176,0.0000122075980471,0.0000192350253201,0.0000161891475727,0.0000220972215175,0.0000375753370463,0.0000281132652162,0.0000139996927828,0.00000892657226359,0.00000596501558903,0.00000230017235481,0.00000188618230368,0.00000180366919267,0.00000180010681561,0.00000178409106866,0.00000125657709305,0.00000118170623864,0.00000107982702957,0.00000101994601209,8.20786510758e-7,7.12986604867e-7,4.88552302613e-7,3.57776031024e-7],"dmean2":[0.000962405581959,0.00125306460541,0.000971924688201,0.000404389109462,0.000192660358152,0.0000860101135913,0.0000855410544318,0.000101127596281,0.000128263505758,0.000132944129291,0.000320242135786,0.000202283874387,0.000102628990135,0.0000629945498076,0.0000465536031697,0.0000325666260323,0.0000224314499064,0.0000154631725309,0.0000195307693502,0.000031119419873,0.0000252182762779,0.0000354731746484,0.0000598571095907,0.0000448453247373,0.0000210820453503,0.0000136461558213,0.00000936586639,0.00000348749449586,0.00000294491451314,0.00000287233342533,0.00000275548131867,0.00000280947506326,0.00000188313617855,0.00000174175033862,0.00000153248254264,0.00000144960722537,0.00000115138686851,9.91494289337e-7,6.74563693792e-7,5.0104699767e-7],"dvar":[7.70442682096e-7,0.0000012910948044,6.39537859115e-7,1.20055716479e-7,3.28351354995e-8,1.09875735177e-8,7.41481676059e-9,6.54552412271e-9,1.39694744661e-8,1.82486132871e-8,1.2879806377e-7,5.17193896599e-8,1.67369211823e-8,8.63889848546e-9,5.36284616715e-9,2.04569383655e-9,5.71600877741e-10,5.2260412664e-10,1.04724218186e-9,3.22191207047e-9,2.34098895824e-9,2.87379164909e-9,1.37476812156e-8,5.24645393796e-9,2.74049583027e-9,5.97045135553e-10,2.11539591399e-10,3.06155968632e-11,2.0613261098e-11,1.25221803413e-11,2.25634302908e-11,3.50441273222e-11,7.25694504489e-12,6.38024659147e-12,4.7915907353e-12,4.45247224506e-12,3.14114120999e-12,2.69746898429e-12,1.26789735395e-12,7.14342268063e-13],"dvar2":[0.00000225801909437,0.00000364683478438,0.00000150636446961,3.24045771549e-7,8.26407458021e-8,2.58117509588e-8,1.78394667927e-8,1.54573278621e-8,3.03375777833e-8,4.67229064327e-8,2.41575150994e-7,1.14384185679e-7,4.43459136079e-8,2.20892086844e-8,1.34409328112e-8,5.47375877957e-9,1.39859024362e-9,1.17496767871e-9,2.54895260454e-9,8.35943492206e-9,4.91826446236e-9,6.85038603621e-9,3.4329950438e-8,1.2223470236e-8,5.5304720803e-9,1.24391807965e-9,5.02139274605e-10,6.61137741775e-11,5.18461523713e-11,3.04043387689e-11,5.41646137664e-11,8.9012935911e-11,1.61384326042e-11,1.42123483121e-11,9.85537866593e-12,8.98875331806e-12,6.16853139748e-12,5.42659753938e-12,2.48916078721e-12,1.48159999894e-12],"max":[0.0176596064121,0.0163914784789,0.00914149079472,0.003924169112,0.00310467416421,0.00228998623788,0.00205037090927,0.00148238474503,0.00225641857833,0.0041779121384,0.00518182618544,0.0039176447317,0.00369262672029,0.00228129443713,0.00155791291036,0.000797514570877,0.000352237839252,0.000482942297822,0.000517760345247,0.00143406400457,0.0019036848098,0.00114677578676,0.00326466327533,0.00169576785993,0.00212513655424,0.000700148404576,0.000294976925943,0.000139904004754,0.0000940071113291,0.0000569210824324,0.000102520403743,0.000212066472159,0.0000407658444601,0.0000396024370275,0.0000326486442646,0.000032985368307,0.0000285104524664,0.0000316470213875,0.0000202397168323,0.0000153729652084],"mean":[0.000982415280305,0.00113223853987,0.000957109383307,0.00040791061474,0.000251364690484,0.0000903005638975,0.0000975558141363,0.000132161032525,0.000189401820535,0.000165141987964,0.000591614283621,0.000340742437402,0.00011902674305,0.0000771953637013,0.0000413346060668,0.0000278529623756,0.0000270925502264,0.0000160922372743,0.0000150780979311,0.0000236863415921,0.0000225341154874,0.0000302940916299,0.0000470844388474,0.000039968497731,0.0000202303926926,0.0000135964473884,0.00000738517064747,0.00000326074177792,0.00000260336810243,0.0000028368178846,0.00000229007923735,0.00000232780075748,0.00000188273781987,0.00000179812900569,0.00000182339067578,0.00000177123786216,0.00000137936945066,0.00000120652396163,8.45296426633e-7,6.31052444078e-7],"median":[0.000656384974718,0.000765381380916,0.000605351000559,0.000254683021922,0.0000966192164924,0.0000509891542606,0.0000486966637254,0.0000788826000644,0.0000935610296438,0.0000956140138442,0.000196715787752,0.000122169556562,0.0000623973901384,0.000035257977288,0.000015487517885,0.0000120863423945,0.0000127976745716,0.00000742589782021,0.00000495273343404,0.0000075717944128,0.0000084278453869,0.0000112928846647,0.00000920192360354,0.00000738135486245,0.00000395699680666,0.00000306804076899,0.00000191847630049,8.10152130271e-7,8.28430529509e-7,0.00000110837981993,5.65374193684e-7,7.09179971636e-7,6.27813506071e-7,6.24656081527e-7,6.66999426358e-7,5.77957393944e-7,4.39189136614e-7,3.50992849008e-7,2.38408460973e-7,1.69225799596e-7],"min":[1.08904732878e-24,1.07261752549e-24,7.64561228327e-25,1.41765946758e-24,2.40419442033e-24,2.04555261484e-24,1.02011557819e-24,2.26962993547e-24,1.19879661614e-24,1.37678355509e-24,2.56862360134e-24,1.33273405519e-24,2.04916540057e-24,2.23301042061e-24,2.49155287698e-24,2.38839688906e-24,1.9332416989e-24,2.71697698039e-24,3.60364086064e-24,3.5152785785e-24,4.5646288488e-24,4.12718259989e-24,4.00970937819e-24,4.0204197427e-24,4.58993077347e-24,4.21743104846e-24,4.19622725619e-24,3.65315134878e-24,3.9990096633e-24,3.61646931668e-24,5.05934324399e-24,4.29045156372e-24,4.0290277929e-24,5.21267098269e-24,5.16302796593e-24,6.01122817173e-24,4.18571213475e-24,5.11236534644e-24,5.98370008158e-24,5.42298445547e-24],"var":[0.00000121109030715,0.00000158187833676,0.00000115533407552,2.02601185606e-7,1.40587019359e-7,1.75388770174e-8,2.01264480637e-8,2.23868674709e-8,6.30380867506e-8,4.53520350163e-8,7.64538071962e-7,2.60256570073e-7,3.51166171697e-8,2.13103952262e-8,9.19719056469e-9,2.58924637286e-9,1.36160360764e-9,8.83645101535e-10,1.17331888649e-9,3.35556515907e-9,3.96852062323e-9,4.78055328657e-9,1.7759839821e-8,1.04728137273e-8,6.80231382333e-9,1.71607572597e-9,2.63082916563e-10,5.24099548482e-11,2.6511492654e-11,2.0161369102e-11,2.8065657437e-11,3.42751001192e-11,1.17420361628e-11,1.03579150465e-11,9.5231583036e-12,9.55098760497e-12,6.41165983153e-12,5.26806072723e-12,2.58482146277e-12,1.43418328429e-12]},"melbands_crest":{"dmean":3.09947299957,"dmean2":5.09249448776,"dvar":7.40284538269,"dvar2":19.650554657,"max":29.8793697357,"mean":12.2567129135,"median":11.7893257141,"min":1.59702062607,"var":19.900390625},"melbands_flatness_db":{"dmean":0.0250240303576,"dmean2":0.0367413833737,"dvar":0.000563598237932,"dvar2":0.00118911208119,"max":0.360084354877,"mean":0.186148867011,"median":0.186528623104,"min":0.00345050706528,"var":0.00422337045893},"melbands_kurtosis":{"dmean":3.70526504517,"dmean2":6.12296962738,"dvar":40.8120155334,"dvar2":104.810920715,"max":158.453918457,"mean":5.47726011276,"median":3.07173895836,"min":-1.81773281097,"var":71.7373733521},"melbands_skewness":{"dmean":0.629097938538,"dmean2":0.990735948086,"dvar":0.394052922726,"dvar2":0.982151389122,"max":9.97642421722,"mean":1.60034322739,"median":1.49540185928,"min":-1.87712347507,"var":1.55387449265},"melbands_spread":{"dmean":7.77756595612,"dmean2":12.1904001236,"dvar":83.665473938,"dvar2":191.922286987,"max":163.714691162,"mean":29.4997253418,"median":22.9685707092,"min":2.47246313095,"var":530.280944824},"mfcc":{"cov":[[12588.6894531,1118.5300293,-468.826416016,402.985900879,109.316986084,-111.364013672,28.1662025452,311.140258789,-51.5735244751,-78.2619018555,-24.4788227081,-38.6103286743,-143.086639404],[1118.5300293,1309.97399902,-19.4268875122,-51.6237373352,11.1355953217,32.298286438,74.6867218018,223.709579468,89.0275421143,58.9244308472,-28.3604335785,-41.7337417603,-81.5797119141],[-468.826416016,-19.4268875122,456.640991211,-36.959564209,13.193898201,29.8351421356,-11.6594409943,-35.8264656067,14.9651870728,28.8879852295,29.80210495,85.7632293701,71.9247283936],[402.985900879,-51.6237373352,-36.959564209,199.824951172,40.3347854614,-27.445142746,5.10100317001,17.4137516022,-47.3687858582,-43.9961929321,12.0680599213,12.0491981506,13.5118637085],[109.316986084,11.1355953217,13.193898201,40.3347854614,87.2107086182,31.2469024658,2.73109126091,4.96663570404,4.70530653,-1.79790186882,-2.10267567635,3.45148038864,2.83229780197],[-111.364013672,32.298286438,29.8351421356,-27.445142746,31.2469024658,110.738197327,49.3013305664,17.8352584839,40.0073776245,34.281337738,-0.276794850826,-16.6951732635,-8.64035797119],[28.1662025452,74.6867218018,-11.6594409943,5.10100317001,2.73109126091,49.3013305664,111.629989624,71.6639022827,23.5286579132,25.5818061829,-2.12816214561,-26.9278011322,-14.3576555252],[311.140258789,223.709579468,-35.8264656067,17.4137516022,4.96663570404,17.8352584839,71.6639022827,142.871749878,56.3061294556,12.7184505463,-7.49586820602,-22.7323989868,-20.8082752228],[-51.5735244751,89.0275421143,14.9651870728,-47.3687858582,4.70530653,40.0073776245,23.5286579132,56.3061294556,100.645767212,54.7996330261,-7.07257795334,-15.2134141922,-11.0192308426],[-78.2619018555,58.9244308472,28.8879852295,-43.9961929321,-1.79790186882,34.281337738,25.5818061829,12.7184505463,54.7996330261,94.7440261841,26.527589798,-5.1596121788,-7.77564334869],[-24.4788227081,-28.3604335785,29.80210495,12.0680599213,-2.10267567635,-0.276794850826,-2.12816214561,-7.49586820602,-7.07257795334,26.527589798,70.2394714355,48.2674789429,10.0156641006],[-38.6103286743,-41.7337417603,85.7632293701,12.0491981506,3.45148038864,-16.6951732635,-26.9278011322,-22.7323989868,-15.2134141922,-5.1596121788,48.2674789429,99.1521759033,53.4548683167],[-143.086639404,-81.5797119141,71.9247283936,13.5118637085,2.83229780197,-8.64035797119,-14.3576555252,-20.8082752228,-11.0192308426,-7.77564334869,10.0156641006,53.4548683167,78.0762023926]],"icov":[[0.000100092998764,-0.0000626109831501,0.0000757347370381,-0.000182276344276,-0.0000463089236291,0.00000880892457644,0.000127855528262,-0.000189712824067,0.000159116854775,-0.000134162022732,0.000167026635609,-0.000195763015654,0.000177096371772],[-0.0000626109831501,0.00134335365146,-0.000191831233678,0.000527203141246,-0.000112307548989,-0.000401140190661,0.00114558194764,-0.00299851829186,0.00165941705927,-0.00172417704016,0.00166983949021,-0.00121292320546,0.00142428174149],[0.0000757347370381,-0.000191831233678,0.00306784012355,0.000227921584155,-0.00024797799415,-0.000738794740755,-0.000237118947553,0.000698198797181,-0.000213765451917,-0.00077957380563,0.000858519691974,-0.00251370342448,-0.00135444034822],[-0.000182276344276,0.000527203141246,0.000227921584155,0.00848568044603,-0.00458638416603,0.00209514517337,-0.000740341143683,-0.00272638862953,0.00307814031839,0.00225606979802,-0.00354838650674,0.00216145580634,-0.00229174504057],[-0.0000463089236291,-0.000112307548989,-0.00024797799415,-0.00458638416603,0.0162325892597,-0.0069111995399,0.0029741381295,-0.000368820794392,-0.00011237502622,-0.000858360901475,0.00325318286195,-0.00256639486179,0.00115330179688],[0.00000880892457644,-0.000401140190661,-0.000738794740755,0.00209514517337,-0.0069111995399,0.0175642389804,-0.00963456649333,0.00597316352651,-0.00731559982523,0.00218655448407,-0.00379154714756,0.00339785334654,-0.000725011981558],[0.000127855528262,0.00114558194764,-0.000237118947553,-0.000740341143683,0.0029741381295,-0.00963456649333,0.0220450460911,-0.0150640038773,0.0105723496526,-0.00817329902202,0.00309246894903,0.00131186482031,0.000026205809263],[-0.000189712824067,-0.00299851829186,0.000698198797181,-0.00272638862953,-0.000368820794392,0.00597316352651,-0.0150640038773,0.0255281589925,-0.018233101815,0.0112043814734,-0.00686874939129,0.00323741021566,-0.00173712975811],[0.000159116854775,0.00165941705927,-0.000213765451917,0.00307814031839,-0.00011237502622,-0.00731559982523,0.0105723496526,-0.018233101815,0.0312009360641,-0.0187553483993,0.0123637439683,-0.00569041538984,0.0028146118857],[-0.000134162022732,-0.00172417704016,-0.00077957380563,0.00225606979802,-0.000858360901475,0.00218655448407,-0.00817329902202,0.0112043814734,-0.0187553483993,0.029354153201,-0.0199753250927,0.0114013124257,-0.00493058236316],[0.000167026635609,0.00166983949021,0.000858519691974,-0.00354838650674,0.00325318286195,-0.00379154714756,0.00309246894903,-0.00686874939129,0.0123637439683,-0.0199753250927,0.0398137122393,-0.026484536007,0.0128554515541],[-0.000195763015654,-0.00121292320546,-0.00251370342448,0.00216145580634,-0.00256639486179,0.00339785334654,0.00131186482031,0.00323741021566,-0.00569041538984,0.0114013124257,-0.026484536007,0.0360667482018,-0.0190746430308],[0.000177096371772,0.00142428174149,-0.00135444034822,-0.00229174504057,0.00115330179688,-0.000725011981558,0.000026205809263,-0.00173712975811,0.0028146118857,-0.00493058236316,0.0128554515541,-0.0190746430308,0.027001414448]],"mean":[-657.72454834,118.965881348,2.98482036591,10.5287361145,2.51291298866,-0.933248758316,6.65299797058,25.6168308258,5.40093898773,1.07706046104,-2.48155617714,-1.73965394497,-6.91554498672]},"pitch_salience":{"dmean":0.0649309456348,"dmean2":0.105967931449,"dvar":0.0031958965119,"dvar2":0.00832892395556,"max":0.817975580692,"mean":0.541838765144,"median":0.538310527802,"min":0.18809401989,"var":0.0110040614381},"silence_rate_20dB":{"dmean":0,"dmean2":0,"dvar":0,"dvar2":0,"max":1,"mean":1,"median":1,"min":1,"var":0},"silence_rate_30dB":{"dmean":0,"dmean2":0,"dvar":0,"dvar2":0,"max":1,"mean":1,"median":1,"min":1,"var":0},"silence_rate_60dB":{"dmean":0.00566358305514,"dmean2":0.0113293053582,"dvar":0.00563179049641,"dvar2":0.0142232142389,"max":1,"mean":0.0636089071631,"median":0,"min":0,"var":0.0595635659993},"spectral_centroid":{"dmean":272.532196045,"dmean2":404.204681396,"dvar":112718.109375,"dvar2":227319.015625,"max":11974.6992188,"mean":1575.19909668,"median":1138.13500977,"min":271.279754639,"var":2855428.75},"spectral_complexity":{"dmean":4.59618663788,"dmean2":6.39388227463,"dvar":26.1400051117,"dvar2":46.5346565247,"max":54,"mean":18.1581726074,"median":16,"min":0,"var":96.0159759521},"spectral_contrast_coeffs":{"dmean":[0.0523852407932,0.0415002629161,0.0389246717095,0.0282581709325,0.0249954517931,0.0184857137501],"dmean2":[0.0861126109958,0.0686488971114,0.0630875527859,0.0460830777884,0.0394172556698,0.0301023237407],"dvar":[0.00185111677274,0.00106390495785,0.000996017944999,0.000542885158211,0.000524016155396,0.000450404011644],"dvar2":[0.00484312092885,0.00284297089092,0.00254190945998,0.00140266225208,0.00122859294061,0.00103734876029],"max":[-0.395606577396,-0.545589029789,-0.504744291306,-0.617391526699,-0.523806035519,-0.624382734299],"mean":[-0.670767247677,-0.769696712494,-0.732333600521,-0.805013775826,-0.784156262875,-0.800558328629],"median":[-0.669289708138,-0.77269077301,-0.732823252678,-0.805310487747,-0.787460446358,-0.801738500595],"min":[-0.984245657921,-0.979767143726,-0.975391328335,-0.972014725208,-0.969981610775,-0.964840054512],"var":[0.00783023703843,0.00452808011323,0.00621218420565,0.00250087818131,0.00332623277791,0.00178771256469]},"spectral_contrast_valleys":{"dmean":[0.410721451044,0.347182035446,0.312674701214,0.325397014618,0.351888149977,0.24225769937],"dmean2":[0.672739505768,0.560358166695,0.502711713314,0.486079841852,0.475997686386,0.294995188713],"dvar":[0.152821078897,0.124109223485,0.110586889088,0.135072559118,0.169742718339,0.108293913305],"dvar2":[0.335923403502,0.264169275761,0.231264680624,0.258774727583,0.301160603762,0.162067234516],"max":[-5.30067062378,-5.02874708176,-5.58003950119,-6.00848150253,-5.69797897339,-7.92818069458],"mean":[-7.69241571426,-7.3851776123,-7.54302978516,-8.28182125092,-8.23694896698,-10.4190855026],"median":[-7.01116895676,-6.73809909821,-6.8935918808,-7.67716503143,-7.68697977066,-9.97114372253],"min":[-28.5904884338,-28.5440731049,-27.8202972412,-27.7161941528,-27.4958648682,-27.4803504944],"var":[11.6090488434,11.8841133118,11.5930204391,11.0486707687,11.2230730057,8.88839149475]},"spectral_decrease":{"dmean":1.46810064106e-9,"dmean2":2.22067497724e-9,"dvar":2.58856411967e-18,"dvar2":5.90667755138e-18,"max":1.82381641651e-28,"mean":-5.37601385631e-9,"median":-5.23366949778e-9,"min":-2.61265356016e-8,"var":8.7691708027e-18},"spectral_energy":{"dmean":0.00603431509808,"dmean2":0.00902377255261,"dvar":0.000044459822675,"dvar2":0.0000987735766103,"max":0.0998963713646,"mean":0.0220362972468,"median":0.0213216356933,"min":1.0175223032e-20,"var":0.000151585394633},"spectral_energyband_high":{"dmean":0.000305019377265,"dmean2":0.00040637361235,"dvar":3.64045803281e-7,"dvar2":6.71249097195e-7,"max":0.00955405831337,"mean":0.000550321885385,"median":0.000208155688597,"min":7.14190406597e-21,"var":8.21174580778e-7},"spectral_energyband_low":{"dmean":0.00357463536784,"dmean2":0.00580915994942,"dvar":0.0000218731765926,"dvar2":0.0000606739340583,"max":0.0880644097924,"mean":0.00709422584623,"median":0.00569654256105,"min":1.45097537103e-23,"var":0.0000399081582145},"spectral_energyband_middle_high":{"dmean":0.00302737718448,"dmean2":0.00462157372385,"dvar":0.0000178947539098,"dvar2":0.0000390064305975,"max":0.0508639141917,"mean":0.0083175143227,"median":0.00501261884347,"min":1.0714941418e-21,"var":0.000069093912316},"spectral_energyband_middle_low":{"dmean":0.0026896065101,"dmean2":0.00410283403471,"dvar":0.00000960337092692,"dvar2":0.0000228246899496,"max":0.0381081476808,"mean":0.0078643867746,"median":0.00689074443653,"min":1.26742394135e-22,"var":0.0000304992463498},"spectral_entropy":{"dmean":0.152934208512,"dmean2":0.207818165421,"dvar":0.0217834468931,"dvar2":0.0388416014612,"max":9.8198928833,"mean":7.62524271011,"median":7.59821510315,"min":6.32243728638,"var":0.292108297348},"spectral_flux":{"dmean":0.019698234275,"dmean2":0.0300530288368,"dvar":0.000362522987416,"dvar2":0.000790573656559,"max":0.266243755817,"mean":0.0702834948897,"median":0.0665117204189,"min":6.28624444166e-11,"var":0.00118380435742},"spectral_kurtosis":{"dmean":1.39339029789,"dmean2":2.28913521767,"dvar":2.42481255531,"dvar2":6.88983345032,"max":19.9779167175,"mean":4.78311109543,"median":4.03755950928,"min":-1.26839137077,"var":8.972905159},"spectral_rms":{"dmean":0.000622901599854,"dmean2":0.000909055117518,"dvar":3.99128339268e-7,"dvar2":8.08577112821e-7,"max":0.00987217668444,"mean":0.00436893897131,"median":0.0045608766377,"min":3.15072165406e-12,"var":0.00000241115117205},"spectral_rolloff":{"dmean":407.309326172,"dmean2":683.835876465,"dvar":463469.1875,"dvar2":1008785.875,"max":19552.1484375,"mean":1877.83581543,"median":947.4609375,"min":64.599609375,"var":8966642},"spectral_skewness":{"dmean":0.212636962533,"dmean2":0.327707797289,"dvar":0.050018876791,"dvar2":0.116673901677,"max":3.44989204407,"mean":1.6773506403,"median":1.61218106747,"min":-0.115541413426,"var":0.274104952812},"spectral_spread":{"dmean":501498.59375,"dmean2":771875.125,"dvar":648002404352,"dvar2":1403779416060,"max":46324440,"mean":5570458.5,"median":4538744,"min":2118359,"var":36214962913300},"spectral_strongpeak":{"dmean":0.790614366531,"dmean2":1.32500326633,"dvar":2.42691993713,"dvar2":5.90464735031,"max":24.0228538513,"mean":1.48371076584,"median":0.448989272118,"min":0,"var":4.95822477341},"zerocrossingrate":{"dmean":0.00915879942477,"dmean2":0.0109382010996,"dvar":0.000136141767143,"dvar2":0.000231133235502,"max":0.529296875,"mean":0.0705398693681,"median":0.052734375,"min":0.01123046875,"var":0.00597108108923}},"metadata":{"audio_properties":{"analysis_sample_rate":44100,"bit_rate":0,"codec":"flac","downmix":"mix","equal_loudness":0,"length":122.973335266,"lossless":true,"md5_encoded":"4177f141098132d471d4064cdc6ff43a","replay_gain":-6.83583259583,"sample_rate":44100},"tags":{"album":["Surfer Girl"],"albumartist":["The Beach Boys"],"albumartistsort":["Beach Boys, The"],"artist":["The Beach Boys"],"artistsort":["Beach Boys, The"],"catalognumber":["T 1981","T-1981"],"date":["1963-09-23"],"discnumber":["1"],"disctotal":["1"],"file_name":"01-05 The Rocking Surfer.flac","genre":["Pop"],"label":["Capitol Records","Capitol Records"],"media":["12\" Vinyl"],"musicbrainz_albumartistid":["ebfc1398-8d96-47e3-82c3-f782abcdb13d"],"musicbrainz_albumid":["64a283a3-8eb7-4488-a99a-f52ffaaced83"],"musicbrainz_artistid":["ebfc1398-8d96-47e3-82c3-f782abcdb13d"],"musicbrainz_recordingid":["8e9a1285-f980-4f1c-bc09-4908c882b877"],"musicbrainz_releasegroupid":["09f10c6c-e9b4-383c-9744-3df6e3d2770e"],"originaldate":["1963-09-23"],"performer":["The Beach Boys"],"releasecountry":["US"],"releasestatus":["official"],"releasetype":["album"],"script":["Latn"],"title":["The Rocking Surfer"],"totaldiscs":["1"],"totaltracks":["12"],"tracknumber":["5"],"tracktotal":["12"]},"version":{"essentia":"2.1-beta1","essentia_build_sha":"ca57ba49d9b1854bd80e60cf9ccf267278fb7d6b","essentia_git_sha":"v2.1_beta1-28-g21ef5f4-dirty","extractor":"music 1.0"}},"rhythm":{"beats_count":310,"beats_loudness":{"dmean":0.008614577353,"dmean2":0.0154728768393,"dvar":0.0000476413006254,"dvar2":0.000160113049787,"max":0.0544519536197,"mean":0.0282551739365,"median":0.0285008251667,"min":0,"var":0.00011505704606},"beats_loudness_band_ratio":{"dmean":[0.232094332576,0.0652904137969,0.072700984776,0.130170419812,0.0973407551646,0.0533441342413],"dmean2":[0.434036105871,0.115902148187,0.127922788262,0.232327133417,0.184509798884,0.100796252489],"dvar":[0.0300644319504,0.00400440162048,0.00501365354285,0.0202121790498,0.00749341025949,0.00193627539556],"dvar2":[0.098864659667,0.0112089877948,0.0135065428913,0.0578737072647,0.0218421407044,0.00614679