{"lowlevel":{"average_loudness":0.919537186623,"barkbands":{"dmean":[0.000126948987599,0.00276940618642,0.00229271454737,0.00269279116765,0.00325106666423,0.00133120955434,0.000540690962225,0.000586434034631,0.000831531942822,0.000713726796675,0.000354054558557,0.000266870978521,0.00020740988839,0.000203096977202,0.000105661267298,0.000133390916744,0.000189224607311,0.00010500758799,0.000156427879119,0.000172413419932,0.000130885411636,0.000149805564433,0.00010709361959,0.0000389704327972,0.00000367674419977,1.46775576582e-7,5.63713076218e-9],"dmean2":[0.000206813725526,0.00409578206018,0.00381539599039,0.00463866954669,0.00511982990429,0.00208795932122,0.000862619373947,0.000933084986173,0.00125960924197,0.00109864794649,0.000550557684619,0.000394500297261,0.000298949569697,0.000312785763526,0.000162320342497,0.000216574422666,0.000269736192422,0.000155216359417,0.000242795533268,0.000259856402408,0.000197834058781,0.000208846569876,0.000151164233102,0.0000554234793526,0.00000542204270459,2.10256459354e-7,9.28118470966e-9],"dvar":[5.75398537705e-8,0.0000185769258678,0.000015594301658,0.0000280509611912,0.0000317453559546,0.0000071703143476,0.00000134082461045,0.0000016947453787,0.00000885292411112,0.00000420891183239,0.00000157554029556,0.00000297782139569,0.00000171914655311,9.96713993118e-7,2.62192060063e-7,4.35595666204e-7,1.8106953803e-7,2.38140785314e-7,4.69866506592e-7,8.25145434646e-7,5.23931589669e-7,5.17273633704e-7,2.1448481391e-7,4.04533615495e-8,1.90421137192e-10,3.21908407049e-13,1.53286112509e-15],"dvar2":[1.5017381827e-7,0.0000435581532656,0.000041151753976,0.0000761251794756,0.0000743746059015,0.000015739351511,0.00000326264603245,0.00000409864969697,0.0000167814505403,0.0000097838064903,0.00000322128335029,0.00000565383516005,0.00000352911615664,0.0000025353572255,5.91114257986e-7,9.43992461089e-7,3.53796849595e-7,4.75567162539e-7,9.87374164652e-7,0.00000190273794942,9.87026737675e-7,9.8039936347e-7,3.95741892589e-7,7.95890429117e-8,4.28880875258e-10,6.74303061304e-13,3.67065835802e-15],"max":[0.0023613574449,0.0484026074409,0.0399760380387,0.0577573664486,0.0772143676877,0.0362566560507,0.0423285625875,0.039502967149,0.149965763092,0.0561791174114,0.0633149594069,0.0986128821969,0.052906114608,0.0417888090014,0.0159339327365,0.0286716464907,0.00865611154586,0.0237900149077,0.0271784644574,0.0270823854953,0.038088414818,0.0217532888055,0.0123641565442,0.00588536355644,0.000387401640182,0.0000159296523634,0.00000103358024717],"mean":[0.000190878825379,0.00590771948919,0.0032367084641,0.00341534474865,0.00550540955737,0.00240623136051,0.00096296571428,0.000989028252661,0.00135007733479,0.00114046409726,0.000521947804373,0.00034533572034,0.000290635449346,0.000296120037092,0.000135507783853,0.000203063143999,0.000326098990627,0.000156175592565,0.000225871641305,0.000260808708845,0.000175604611286,0.00021179599571,0.000167029604199,0.0000573513934796,0.00000533418187842,2.12865984395e-7,5.83684967026e-9],"median":[0.0000554554753762,0.00396277802065,0.00148382631596,0.0011539561674,0.0026727898512,0.000760135881137,0.000400594959501,0.0003246506094,0.000345864216797,0.000225663025049,0.0000912810428417,0.0000575190097152,0.0000413084271713,0.0000393282243749,0.0000180883253051,0.0000212793311221,0.0000388875123463,0.0000180891511263,0.0000257555366261,0.0000199327168957,0.0000174923861778,0.0000124595999296,0.00000952791742748,0.00000364460311175,4.50876399327e-7,1.2239414815e-8,4.19688284126e-10],"min":[2.05791204377e-25,3.79105015147e-24,1.05469480294e-24,8.79212201532e-25,8.02138065345e-24,2.55523998444e-24,5.73210236219e-24,9.38646658461e-24,9.19958543616e-24,1.13052255862e-23,1.57222155667e-23,1.63622783725e-23,2.70115250952e-23,3.04168514519e-23,3.61604435731e-23,4.24350400578e-23,5.51557219216e-23,9.74948144053e-23,1.34463802541e-22,1.72952035806e-22,2.50661903164e-22,2.77676817205e-22,3.69485787263e-22,5.06154411858e-22,8.55536893056e-22,1.20507967079e-21,1.91396790217e-21],"var":[8.04635718055e-8,0.0000372006106772,0.0000209970294236,0.0000354463591066,0.0000540386172361,0.00001836231786,0.00000343489818988,0.00000382635744245,0.0000245246774284,0.00000843623183755,0.00000397900112148,0.00000537880168849,0.00000276927039522,0.00000138200937272,4.43987147491e-7,7.91455079252e-7,6.06397122738e-7,4.03284133199e-7,7.64865092151e-7,0.00000162695050676,9.86172153716e-7,0.00000106557729396,4.95714687077e-7,8.47548022875e-8,3.62563645773e-10,6.24452746456e-13,2.06295636633e-15]},"barkbands_crest":{"dmean":2.3979446888,"dmean2":3.89501953125,"dvar":4.59309244156,"dvar2":11.5577106476,"max":23.5794334412,"mean":10.5632829666,"median":9.97117519379,"min":2.97815585136,"var":12.695898056},"barkbands_flatness_db":{"dmean":0.0271454118192,"dmean2":0.0395127758384,"dvar":0.000688312167767,"dvar2":0.00143881305121,"max":0.451629221439,"mean":0.219640821218,"median":0.212025821209,"min":0.0576412342489,"var":0.00459757307544},"barkbands_kurtosis":{"dmean":4.38915491104,"dmean2":7.06272029877,"dvar":54.2691993713,"dvar2":138.992797852,"max":140.601959229,"mean":7.33471250534,"median":4.44379806519,"min":-1.94065535069,"var":94.3800506592},"barkbands_skewness":{"dmean":0.618313014507,"dmean2":0.952546417713,"dvar":0.439582079649,"dvar2":1.01353752613,"max":9.70130729675,"mean":1.81660354137,"median":1.79197359085,"min":-5.33482217789,"var":1.679931283},"barkbands_spread":{"dmean":4.81119441986,"dmean2":7.18682575226,"dvar":54.797088623,"dvar2":107.554016113,"max":102.460105896,"mean":14.6770095825,"median":10.6801567078,"min":0.45944532752,"var":185.154830933},"dissonance":{"dmean":0.0287239905447,"dmean2":0.047224059701,"dvar":0.000695170427207,"dvar2":0.00179107126314,"max":0.499998539686,"mean":0.432852268219,"median":0.441118806601,"min":0.221440136433,"var":0.00194039009511},"dynamic_complexity":3.5674021244,"erbbands":{"dmean":[0.0871109217405,0.622362732887,2.12309575081,6.58435726166,9.30816936493,9.96826553345,14.3845977783,8.3815536499,8.94006824493,7.9094543457,13.0326738358,17.8395633698,19.4030170441,18.7961444855,11.0075550079,9.81539440155,8.02071857452,8.92541885376,6.79602479935,5.38187932968,7.62720394135,10.5019712448,5.2429265976,6.27604341507,8.4714384079,8.0274181366,4.76566362381,5.26254367828,5.43770122528,4.68243217468,2.60944890976,1.27896690369,0.390170902014,0.076682753861,0.0113312536851,0.00158667005599,0.000128288331325,0.0000136696071422,0.00000668213488098,0.0000117251283882],"dmean2":[0.123688809574,0.93952703476,3.45248818398,11.3529071808,15.1915082932,15.6648550034,22.856502533,13.1993274689,14.3652153015,12.5337839127,20.8434562683,26.9615898132,30.2997493744,28.4846801758,16.239938736,14.7048301697,11.8120746613,13.4748601913,10.6689729691,8.28689670563,11.8543739319,15.1118927002,7.84727716446,9.83563041687,12.6226263046,12.1647691727,7.2961807251,7.85274791718,7.71972465515,6.33301305771,3.6726975441,1.84655833244,0.552691459656,0.109191805124,0.0163026414812,0.0022217836231,0.000179287962965,0.0000197178724193,0.00000947576154431,0.0000171396040969],"dvar":[0.018482496962,1.10020124912,13.0115528107,167.576583862,292.497192383,326.082763672,689.95880127,265.458068848,398.597839355,214.735824585,980.387268066,4945.515625,4428.23632813,2942.84960938,2453.38037109,3427.38110352,1978.05932617,2581.38208008,985.002624512,781.887329102,910.491516113,533.361999512,520.833435059,668.319946289,1547.57543945,2636.46240234,708.31060791,913.29284668,789.461425781,377.999725342,137.569885254,47.9756698608,2.89033675194,0.0762837529182,0.00212944741361,0.0000375059717044,3.58398409617e-7,5.88292525805e-9,1.77229245168e-10,2.56501986318e-10],"dvar2":[0.0358843617141,2.75758767128,32.8013153076,457.843078613,741.271789551,762.625305176,1648.45605469,589.902526855,995.089599609,507.546142578,2248.86328125,9427.578125,10723.5957031,5893.58544922,3722.39257813,7703.17382813,3960.82348633,6374.33984375,2432.94262695,1740.30883789,2167.99414063,1040.50463867,1007.46655273,1463.80004883,3090.81469727,6250.95068359,1541.36132813,1757.72998047,1575.54394531,655.997131348,249.367553711,89.9418869019,5.84574460983,0.157038673759,0.00482571544126,0.0000802144859335,7.72408554894e-7,1.23902239579e-8,3.43487099874e-10,5.48169176717e-10],"max":[1.39279460907,12.6570920944,52.250202179,131.130722046,184.466842651,264.964813232,286.240203857,195.788955688,741.436401367,300.045776367,1460.57788086,3339.94042969,2792.31640625,2020.60668945,3537.85888672,2054.10351563,1626.55627441,2445.86621094,1142.61584473,1387.33447266,1159.18786621,452.665344238,1367.97888184,980.504882813,1775.4029541,1848.74707031,1311.90881348,1385.45507813,901.871765137,582.499389648,349.937438965,198.993286133,58.9188270569,6.87911939621,1.09237885475,0.176673278213,0.0168466474861,0.00216275407001,0.000326522043906,0.000220483721932],"mean":[0.187982872128,1.26190578938,3.4206943512,8.82290267944,13.907708168,16.6018314362,26.5731334686,14.6552705765,15.3686704636,15.9107637405,23.0228900909,28.8073787689,30.054933548,32.1112709045,17.5785675049,13.5515022278,12.3943662643,13.1015110016,10.593287468,7.80721330643,13.2434511185,18.6514797211,8.55804157257,9.78513145447,13.0148649216,12.5296754837,7.15298318863,7.27194070816,7.49465942383,7.02838420868,4.12019443512,1.95558059216,0.57929867506,0.116985619068,0.0165961645544,0.0024561015889,0.000202121140319,0.0000219154208025,0.0000176489302248,0.0000335931836162],"median":[0.0803695470095,0.943765580654,2.08161473274,3.28828406334,6.61300086975,7.4978351593,10.8451271057,5.14377355576,4.92038345337,8.48841381073,9.22016811371,7.21328163147,9.20227718353,7.34790611267,4.49493455887,2.67316198349,2.01017642021,1.8057346344,1.93950355053,1.13352155685,1.77112543583,2.42832684517,1.349137187,1.30026364326,1.49146068096,0.958508610725,0.768310189247,0.670078456402,0.477956324816,0.328268676996,0.254571944475,0.11098126322,0.0450545847416,0.0108185419813,0.00136712798849,0.000193900981685,0.0000226403844863,0.00000339440998687,0.0000135542632052,0.0000290795160254],"min":[1.10601239785e-22,3.88191888137e-22,2.1039187419e-21,2.08786000774e-21,8.7653978833e-21,1.88898131233e-20,1.56404570379e-20,3.93309582491e-20,1.54870247278e-19,2.13072148593e-19,3.31437881464e-19,2.63809636684e-19,3.69052756597e-19,6.87177450445e-19,8.83378022599e-19,9.63344364149e-19,1.65572607312e-18,1.32650777573e-18,2.30627880947e-18,3.47933134668e-18,3.53284166051e-18,4.18932238672e-18,5.18158053899e-18,5.89571699467e-18,6.85595374466e-18,7.9749773258e-18,8.72097264277e-18,9.28149669562e-18,1.04921541042e-17,9.36532483325e-18,9.60642564794e-18,1.02553736539e-17,9.46491158874e-18,7.98815927604e-18,6.15221743082e-18,4.39213631957e-18,2.16204394645e-18,1.01621123486e-18,2.50723872038e-19,2.58156219088e-20],"var":[0.0514637641609,1.80498492718,18.9698467255,196.821990967,376.031005859,541.371032715,1377.6505127,626.076049805,990.561584473,528.951721191,2625.34179688,13072.6064453,5973.60351563,7462.76416016,7056.18798828,4884.58789063,3612.16357422,3490.74682617,1616.32922363,1295.30285645,2062.31274414,1887.02746582,983.429626465,1367.09765625,2710.35913086,4634.26416016,1440.35949707,1727.0423584,1553.0456543,843.059631348,325.167297363,105.24697876,6.18624734879,0.170117497444,0.00401178374887,0.0000761182964197,6.86521957505e-7,1.10127817976e-8,4.88556639588e-10,7.26208537749e-10]},"erbbands_crest":{"dmean":2.61643266678,"dmean2":4.25429391861,"dvar":6.42909479141,"dvar2":16.061958313,"max":30.5035438538,"mean":9.62092685699,"median":8.8312253952,"min":2.32178139687,"var":15.2967376709},"erbbands_flatness_db":{"dmean":0.0194660145789,"dmean2":0.0272470414639,"dvar":0.000309708499117,"dvar2":0.000626020308118,"max":0.389959186316,"mean":0.209970504045,"median":0.207776546478,"min":0.0263109523803,"var":0.00192370568402},"erbbands_kurtosis":{"dmean":1.61908733845,"dmean2":2.51760721207,"dvar":6.78720235825,"dvar2":14.6130504608,"max":59.2391891479,"mean":1.61974143982,"median":0.520789086819,"min":-1.90639936924,"var":16.3801937103},"erbbands_skewness":{"dmean":0.457751631737,"dmean2":0.679688751698,"dvar":0.239431515336,"dvar2":0.472067415714,"max":5.3750038147,"mean":0.722348809242,"median":0.76962429285,"min":-5.86855697632,"var":0.996124267578},"erbbands_spread":{"dmean":8.93349170685,"dmean2":13.570933342,"dvar":116.336029053,"dvar2":266.604309082,"max":143.419006348,"mean":34.8939208984,"median":31.881811142,"min":1.547270298,"var":392.439727783},"gfcc":{"cov":[[30475.9980469,2100.39282227,-3685.88500977,1585.01806641,-1841.35144043,422.966339111,-728.926574707,183.618713379,-177.385940552,-454.192932129,-34.1606559753,-341.43862915,180.639266968],[2100.39282227,1973.59204102,-54.8485488892,-245.809814453,398.271331787,-288.504943848,70.2164382935,-158.269470215,134.373794556,-142.797958374,65.3971328735,-85.4259872437,88.8576431274],[-3685.88500977,-54.8485488892,1444.64147949,43.2856178284,244.023513794,192.347549438,124.997039795,-84.3415679932,30.9845733643,67.9799957275,-3.92474007607,16.345949173,-5.64864492416],[1585.01806641,-245.809814453,43.2856178284,508.794006348,-160.915542603,120.926582336,-27.9843635559,8.3777141571,-13.3203077316,-6.03403759003,-17.8016033173,-28.071313858,6.14163208008],[-1841.35144043,398.271331787,244.023513794,-160.915542603,608.596252441,-144.787200928,48.0422592163,-39.3325042725,68.0993881226,19.0353164673,4.82012414932,-14.6311435699,21.9830055237],[422.966339111,-288.504943848,192.347549438,120.926582336,-144.787200928,354.57611084,48.3567237854,35.3393173218,-34.8584671021,8.48390769958,-1.93087661266,-4.77591228485,-41.6620750427],[-728.926574707,70.2164382935,124.997039795,-27.9843635559,48.0422592163,48.3567237854,277.189941406,26.2440433502,-22.6445178986,-12.0958824158,30.9185085297,20.9363651276,-15.8510046005],[183.618713379,-158.269470215,-84.3415679932,8.3777141571,-39.3325042725,35.3393173218,26.2440433502,168.268615723,9.4947309494,14.5641069412,5.75545501709,17.4931488037,9.7317276001],[-177.385940552,134.373794556,30.9845733643,-13.3203077316,68.0993881226,-34.8584671021,-22.6445178986,9.4947309494,176.739151001,25.2202453613,1.59521341324,2.00630092621,19.4628791809],[-454.192932129,-142.797958374,67.9799957275,-6.03403759003,19.0353164673,8.48390769958,-12.0958824158,14.5641069412,25.2202453613,123.752113342,13.165263176,4.19237470627,-4.233689785],[-34.1606559753,65.3971328735,-3.92474007607,-17.8016033173,4.82012414932,-1.93087661266,30.9185085297,5.75545501709,1.59521341324,13.165263176,114.187133789,15.2362947464,-22.2373771667],[-341.43862915,-85.4259872437,16.345949173,-28.071313858,-14.6311435699,-4.77591228485,20.9363651276,17.4931488037,2.00630092621,4.19237470627,15.2362947464,90.5519561768,22.8429279327],[180.639266968,88.8576431274,-5.64864492416,6.14163208008,21.9830055237,-41.6620750427,-15.8510046005,9.7317276001,19.4628791809,-4.233689785,-22.2373771667,22.8429279327,117.589187622]],"icov":[[0.000190684455447,-0.00048245707876,0.000442189804744,-0.000590328883845,0.000357743236236,-0.000516513886396,0.000419326184783,-0.000286757654976,0.000293785065878,-0.000149608327774,0.00013466643577,-0.0000141156151585,-0.0000717063958291],[-0.00048245707876,0.00222174986266,-0.00106418086216,0.00180791830644,-0.00122800120153,0.00162611238193,-0.00143479031976,0.0014836898772,-0.00146320706699,0.00158959056716,-0.00127426849212,0.00133555848151,-0.000794794817921],[0.000442189804744,-0.00106418086216,0.00200596777722,-0.00147154321894,0.000306777947117,-0.00191459257621,0.000621245009825,0.0000493055667903,0.000520419271197,-0.00079165736679,0.000428429542808,-0.000323507236317,-0.00032871493022],[-0.000590328883845,0.00180791830644,-0.00147154321894,0.00429090345278,-0.000649143825285,0.00109644222539,-0.00121856061742,0.00110636616591,-0.00120912713464,0.000962414080277,-0.000676844560076,0.0013583424734,-0.000657206168398],[0.000357743236236,-0.00122800120153,0.000306777947117,-0.000649143825285,0.00315918028355,-0.0000439998366346,0.000457564427052,-0.000683051475789,0.00017144632875,-0.000769061094616,0.000502272567246,0.000442656804807,-0.000108019557956],[-0.000516513886396,0.00162611238193,-0.00191459257621,0.00109644222539,-0.0000439998366346,0.00570676987991,-0.00175541697536,-0.0000105787421489,-0.000650361645967,0.00071562739322,-0.000356278935215,0.000728865852579,0.00113426952157],[0.000419326184783,-0.00143479031976,0.000621245009825,-0.00121856061742,0.000457564427052,-0.00175541697536,0.00536800036207,-0.00177500862628,0.00151076924521,0.0000633364543319,-0.000363709812518,-0.00131471420173,0.0006353968638],[-0.000286757654976,0.0014836898772,0.0000493055667903,0.00110636616591,-0.000683051475789,-0.0000105787421489,-0.00177500862628,0.00794141367078,-0.00157819897868,0.0000553202080482,-0.000905350432731,-0.0000421194272349,-0.00140844937414],[0.000293785065878,-0.00146320706699,0.000520419271197,-0.00120912713464,0.00017144632875,-0.000650361645967,0.00151076924521,-0.00157819897868,0.00729475263506,-0.00213286816142,0.000641259772237,-0.000920354912523,-0.00016981214867],[-0.000149608327774,0.00158959056716,-0.00079165736679,0.000962414080277,-0.000769061094616,0.00071562739322,0.0000633364543319,0.0000553202080482,-0.00213286816142,0.0105276843533,-0.00229640537873,0.00136919517536,-0.000626572000328],[0.00013466643577,-0.00127426849212,0.000428429542808,-0.000676844560076,0.000502272567246,-0.000356278935215,-0.000363709812518,-0.000905350432731,0.000641259772237,-0.00229640537873,0.0108353244141,-0.00317174382508,0.00309414672665],[-0.0000141156151585,0.00133555848151,-0.000323507236317,0.0013583424734,0.000442656804807,0.000728865852579,-0.00131471420173,-0.0000421194272349,-0.000920354912523,0.00136919517536,-0.00317174382508,0.014735404402,-0.00433297175914],[-0.0000717063958291,-0.000794794817921,-0.00032871493022,-0.000657206168398,-0.000108019557956,0.00113426952157,0.0006353968638,-0.00140844937414,-0.00016981214867,-0.000626572000328,0.00309414672665,-0.00433297175914,0.0112901609391]],"mean":[-93.5187988281,153.573608398,-118.458312988,52.3516807556,-69.2174835205,8.14680290222,-21.7327270508,-5.53942394257,-5.50631904602,-20.8003978729,-1.84534299374,-12.9419584274,3.64256930351]},"hfc":{"dmean":5.86832523346,"dmean2":7.98077011108,"dvar":133.640213013,"dvar2":220.04145813,"max":260.801330566,"mean":15.5062036514,"median":8.47923374176,"min":1.02994984456e-16,"var":538.219848633},"melbands":{"dmean":[0.000755106273573,0.000935594085604,0.00114178180229,0.000700661446899,0.000490170379635,0.000206519383937,0.000125682432554,0.000100844990811,0.000119536249258,0.000109877080831,0.000102169266029,0.0000835953542264,0.0000430064756074,0.0000302847238345,0.0000274412414001,0.000014863967408,0.0000182706880878,0.0000130683793031,0.00000800893758424,0.00000880634888745,0.00000918327805266,0.0000138126906677,0.00000482214818476,0.00000561775368624,0.00000551133462068,0.00000628307725492,0.00000697698760632,0.00000540465089216,0.00000262559433395,0.00000375918307327,0.00000310290624839,0.00000326425538333,0.00000304010404761,0.00000258727777691,0.00000163946310749,0.00000120863126085,6.62530339923e-7,3.15448289712e-7,1.3340508076e-7,4.17541876629e-8],"dmean2":[0.00109770183917,0.00149102718569,0.0019456242444,0.00110583449714,0.000780820148066,0.000323601649143,0.000200640264666,0.00015971781977,0.000187357698451,0.000167525431607,0.000159485207405,0.000127141654957,0.0000648556160741,0.000044505304686,0.0000419570678787,0.0000213233888644,0.0000279453979601,0.0000206681725103,0.0000123387089843,0.0000140887395901,0.0000144281748362,0.0000194908716367,0.00000727574524717,0.00000840833945404,0.00000881157120602,0.00000951154743234,0.0000104722721517,0.00000840006759972,0.00000414697251472,0.00000576132651986,0.00000468873668069,0.00000475218621432,0.00000432427623309,0.00000365573350791,0.00000231870967582,0.00000178652055638,9.67981804934e-7,4.64042102521e-7,1.89191652566e-7,6.15849913288e-8],"dvar":[0.00000128130477606,0.00000239381597567,0.00000487344732392,0.0000016330118342,8.08283743936e-7,1.62867621611e-7,7.43287529303e-8,4.17838066369e-8,1.12593710355e-7,1.73092033151e-7,1.13363284981e-7,5.52742065452e-8,2.392144971e-8,4.03515549863e-8,4.1209183621e-8,8.24005130795e-9,1.00743529075e-8,3.87869025786e-9,1.59137358846e-9,2.49741249903e-9,1.62604807397e-9,1.01144381759e-9,1.80397904948e-10,1.00620844989e-9,6.22104756598e-10,1.07582609488e-9,9.1588886475e-10,1.81677950462e-9,1.8280245373e-10,7.71534836019e-10,3.46096123982e-10,3.22151166854e-10,2.4220300765e-10,1.1619077922e-10,5.34973662591e-11,4.21002573081e-11,1.35688552408e-11,2.10389778516e-12,2.23409141122e-13,2.65233019196e-14],"dvar2":[0.0000027015582873,0.0000057724182625,0.0000131727401822,0.00000378172853743,0.00000193157347894,3.56751087338e-7,1.82333707244e-7,9.93199975596e-8,2.25884136285e-7,3.4290630424e-7,2.73079450608e-7,1.10272594611e-7,4.29300008875e-8,7.55276090558e-8,8.70366818617e-8,1.37805367117e-8,2.54365186692e-8,9.92641080444e-9,3.64831320709e-9,4.85471529643e-9,3.87985377159e-9,1.85099313654e-9,4.45761538792e-10,1.96262694985e-9,1.35700461978e-9,2.18904916416e-9,1.89963023089e-9,4.56670523619e-9,4.05955935534e-10,1.64467595098e-9,7.81090636615e-10,6.84883927349e-10,4.70827876686e-10,2.20517062943e-10,1.00193624231e-10,8.66165819624e-11,2.67777067881e-11,4.64796994296e-12,4.32862323459e-13,6.04425906027e-14],"max":[0.0115994717926,0.0242730211467,0.0228918846697,0.0176517870277,0.0104137249291,0.00513525400311,0.0100147565827,0.0053688804619,0.0201996341348,0.0178850386292,0.0134891010821,0.00862350314856,0.00769893312827,0.0113103445619,0.0075136590749,0.00585715705529,0.0048554064706,0.0025714142248,0.00145312235691,0.00280197244138,0.0018477991689,0.000672527239658,0.000436209695181,0.0018370236503,0.000995177542791,0.00169783760794,0.000801162270363,0.00161648634821,0.00051804195391,0.00163702480495,0.000846483162604,0.000584926805459,0.000680125551298,0.000349701294908,0.000229656681768,0.000201860355446,0.000104744030978,0.0000472866959171,0.0000152718657773,0.00000441149904873],"mean":[0.00164756190497,0.00176310655661,0.00162265042309,0.00115445721895,0.000901666644495,0.000365308689652,0.000217692460865,0.000191815197468,0.000211493039387,0.000172196625499,0.000157156900968,0.000141548705869,0.0000652886883472,0.0000400463759433,0.0000376965399482,0.00002160996155,0.0000257809260802,0.0000197352801479,0.0000103973397927,0.0000127255789266,0.0000159263981914,0.0000238974680542,0.00000710947279003,0.00000792310311226,0.00000769749294705,0.00000900750183064,0.00000998757968773,0.00000801013175078,0.0000040739423639,0.00000454670635008,0.00000403539934268,0.00000420751712227,0.00000421993854616,0.0000037959907786,0.00000249215008807,0.00000174586068624,9.60381839832e-7,4.42954927848e-7,1.94361049921e-7,5.97825220439e-8],"median":[0.000918506353628,0.00127350434195,0.000775626976974,0.000520891335327,0.000381017598556,0.000123694349895,0.0000728338272893,0.000087193082436,0.0000734239438316,0.0000426587976108,0.0000446467311122,0.0000296113648801,0.0000132736631713,0.00000677992193232,0.00000547361878489,0.00000315761940328,0.00000312736233354,0.00000333935963681,0.00000115296870717,0.00000129207819555,0.00000216704870581,0.00000241874863605,0.0000012881149587,7.83964992479e-7,9.18976809317e-7,9.30615101424e-7,8.73949829838e-7,4.60459631313e-7,4.01599834277e-7,4.11371047448e-7,3.20351944083e-7,2.664626777e-7,1.75903693389e-7,1.6473441633e-7,1.51418419136e-7,9.24150924675e-8,5.11387447943e-8,3.20982458391e-8,1.6769291733e-8,4.52933068829e-9],"min":[1.46329950829e-24,6.98810460738e-25,6.9996298652e-25,1.15426522082e-24,6.82915800966e-25,9.34767139136e-25,2.21580536427e-24,2.79127190045e-24,2.4549603806e-24,1.39485704869e-24,2.07647576511e-24,2.23049434875e-24,2.69863852814e-24,2.04236857501e-24,2.62500329302e-24,3.09011016071e-24,2.1956728451e-24,2.63564502663e-24,2.9977085163e-24,3.13127272553e-24,3.32810949582e-24,3.62056429364e-24,3.18028978117e-24,2.74132398894e-24,4.27880916005e-24,4.03957249662e-24,3.38217486682e-24,4.32617867969e-24,3.98272757422e-24,5.31405656952e-24,4.32419114464e-24,5.26036590745e-24,5.15602761425e-24,4.7743222769e-24,5.03457419485e-24,5.27142731506e-24,4.82750727913e-24,6.03839575244e-24,6.19163908303e-24,6.12419384222e-24],"var":[0.00000316268824463,0.00000373526540898,0.00000563178264201,0.00000278010247712,0.00000150222433604,4.06621666116e-7,1.92005487065e-7,1.01091089277e-7,3.57734364798e-7,4.1376659965e-7,1.61296142664e-7,1.42372897471e-7,6.69178490398e-8,7.6658224657e-8,5.812945858e-8,1.69750169476e-8,1.28249970643e-8,6.04627237166e-9,2.79806844361e-9,3.66301278198e-9,3.93858368142e-9,3.5687504063e-9,3.46318834721e-10,1.64057467611e-9,1.06100017661e-9,1.61087787554e-9,1.71657388304e-9,2.73689160224e-9,4.85522899663e-10,9.98749527525e-10,5.56148627151e-10,5.87848936195e-10,4.26381874252e-10,2.44606612743e-10,1.21654131213e-10,8.12278092011e-11,2.78942927784e-11,3.89061092371e-12,4.946388351e-13,4.97928724619e-14]},"melbands_crest":{"dmean":2.96800541878,"dmean2":4.87989282608,"dvar":7.53939247131,"dvar2":19.3793640137,"max":33.2210235596,"mean":13.8720426559,"median":13.5573625565,"min":1.50831651688,"var":21.9362945557},"melbands_flatness_db":{"dmean":0.0337284840643,"dmean2":0.046561062336,"dvar":0.0011048411252,"dvar2":0.00212873052806,"max":0.569864213467,"mean":0.27669480443,"median":0.271019548178,"min":0.00372169422917,"var":0.00956228841096},"melbands_kurtosis":{"dmean":8.4842376709,"dmean2":13.5534963608,"dvar":206.860794067,"dvar2":520.958984375,"max":262.248077393,"mean":16.208940506,"median":10.4825296402,"min":-1.92304491997,"var":383.764923096},"melbands_skewness":{"dmean":0.769189059734,"dmean2":1.19235956669,"dvar":0.710253536701,"dvar2":1.6423355341,"max":11.7679567337,"mean":2.70849704742,"median":2.54985284805,"min":-2.33773708344,"var":2.43853998184},"melbands_spread":{"dmean":6.15228366852,"dmean2":9.3323097229,"dvar":146.459854126,"dvar2":293.465423584,"max":215.117477417,"mean":17.9735965729,"median":10.4138860703,"min":0.454171270132,"var":629.862731934},"mfcc":{"cov":[[11620.9072266,186.811660767,-745.788269043,381.442993164,-452.579498291,-57.7153816223,-222.325027466,290.433227539,-120.734016418,185.172042847,-140.554855347,-119.13923645,-71.2183456421],[186.811660767,2505.85766602,-135.314102173,163.152008057,252.03175354,-27.4625530243,29.0696487427,-38.3101272583,76.0532150269,-64.7854690552,-12.9561700821,73.4699325562,-17.2912025452],[-745.788269043,-135.314102173,1040.44311523,51.0303840637,39.6475563049,250.64855957,67.3744277954,65.8152999878,5.68414115906,8.86039352417,16.6583156586,2.41971135139,-4.99306535721],[381.442993164,163.152008057,51.0303840637,362.189483643,70.3255081177,29.5322265625,13.687412262,-8.79368972778,37.622467041,8.72393035889,-47.6466522217,17.7516098022,1.88226044178],[-452.579498291,252.03175354,39.6475563049,70.3255081177,328.028167725,39.3465461731,-25.2890510559,-54.7965736389,32.317691803,8.01153564453,-13.9866571426,23.1234016418,14.5773677826],[-57.7153816223,-27.4625530243,250.64855957,29.5322265625,39.3465461731,235.850204468,55.3565177917,31.4984741211,2.58717536926,13.8247842789,20.937046051,-4.65895271301,-21.9063529968],[-222.325027466,29.0696487427,67.3744277954,13.687412262,-25.2890510559,55.3565177917,235.875732422,62.2961845398,-9.50277996063,1.07669019699,33.0339622498,-25.333234787,-13.0645875931],[290.433227539,-38.3101272583,65.8152999878,-8.79368972778,-54.7965736389,31.4984741211,62.2961845398,184.171890259,-0.271113693714,20.733253479,20.0817699432,-30.3811702728,14.0435667038],[-120.734016418,76.0532150269,5.68414115906,37.622467041,32.317691803,2.58717536926,-9.50277996063,-0.271113693714,170.386199951,9.15514564514,-45.8124580383,23.2398395538,12.5833826065],[185.172042847,-64.7854690552,8.86039352417,8.72393035889,8.01153564453,13.8247842789,1.07669019699,20.733253479,9.15514564514,119.635414124,27.4866580963,-7.32050418854,16.809337616],[-140.554855347,-12.9561700821,16.6583156586,-47.6466522217,-13.9866571426,20.937046051,33.0339622498,20.0817699432,-45.8124580383,27.4866580963,145.80355835,17.9888057709,-13.8145637512],[-119.13923645,73.4699325562,2.41971135139,17.7516098022,23.1234016418,-4.65895271301,-25.333234787,-30.3811702728,23.2398395538,-7.32050418854,17.9888057709,111.107833862,9.04931259155],[-71.2183456421,-17.2912025452,-4.99306535721,1.88226044178,14.5773677826,-21.9063529968,-13.0645875931,14.0435667038,12.5833826065,16.809337616,-13.8145637512,9.04931259155,119.876426697]],"icov":[[0.00012460949074,-0.0000290300449706,0.000114633738121,-0.00016621137911,0.000195914501091,-0.00011406748672,0.000201147864573,-0.000238781052758,0.000156383102876,-0.000231860787608,0.000173254738911,0.0000263590845861,0.000116526498459],[-0.0000290300449706,0.000474756408948,0.0000465605444333,-0.000112848734716,-0.000403526559239,0.00011923522834,-0.000165152188856,-0.0000282814653474,-0.000173916152562,0.00034474444692,-0.000128293948364,-0.000211285674595,0.0000821980793262],[0.000114633738121,0.0000465605444333,0.00142812903505,-0.000244437047513,0.000113831963972,-0.00146597414277,0.000156436915859,-0.000498535519,0.000155813904712,-0.0000545580151083,0.000200088208658,-0.000150855150423,-0.0000424010177085],[-0.00016621137911,-0.000112848734716,-0.000244437047513,0.00340915541165,-0.000700992473867,-0.0000788016695878,-0.00064184051007,0.00031138813938,-0.00032086041756,-0.00029265586636,0.00106089701876,-0.000688325497322,0.0000346152446582],[0.000195914501091,-0.000403526559239,0.000113831963972,-0.000700992473867,0.00413290550932,-0.00100321567152,0.000645059626549,0.000817083462607,-0.000121320976177,-0.000764338066801,0.000248564494541,0.0000294994370051,-0.000491059327032],[-0.00011406748672,0.00011923522834,-0.00146597414277,-0.0000788016695878,-0.00100321567152,0.00643197353929,-0.00109718088061,-0.000280378240859,-0.000282225664705,-0.000243819158641,-0.000636505836155,0.0000525273717358,0.00108675810043],[0.000201147864573,-0.000165152188856,0.000156436915859,-0.00064184051007,0.000645059626549,-0.00109718088061,0.00549261365086,-0.00167342438363,0.0000987182575045,0.000184607808478,-0.000951369234826,0.00115191121586,0.000395139592001],[-0.000238781052758,-0.0000282814653474,-0.000498535519,0.00031138813938,0.000817083462607,-0.000280378240859,-0.00167342438363,0.00739322323352,-0.000851120450534,-0.000277645449387,-0.00115540088154,0.00165098335128,-0.0015001896536],[0.000156383102876,-0.000173916152562,0.000155813904712,-0.00032086041756,-0.000121320976177,-0.000282225664705,0.0000987182575045,-0.000851120450534,0.00729676382616,-0.00151083490346,0.00296670338139,-0.00197968655266,0.000090236440883],[-0.000231860787608,0.00034474444692,-0.0000545580151083,-0.00029265586636,-0.000764338066801,-0.000243819158641,0.000184607808478,-0.000277645449387,-0.00151083490346,0.0101893385872,-0.00304223014973,0.00130506569985,-0.00170394708402],[0.000173254738911,-0.000128293948364,0.000200088208658,0.00106089701876,0.000248564494541,-0.000636505836155,-0.000951369234826,-0.00115540088154,0.00296670338139,-0.00304223014973,0.00984605401754,-0.00304697034881,0.00144107674714],[0.0000263590845861,-0.000211285674595,-0.000150855150423,-0.000688325497322,0.0000294994370051,0.0000525273717358,0.00115191121586,0.00165098335128,-0.00197968655266,0.00130506569985,-0.00304697034881,0.0110856452957,-0.00123531976715],[0.000116526498459,0.0000821980793262,-0.0000424010177085,0.0000346152446582,-0.000491059327032,0.00108675810043,0.000395139592001,-0.0015001896536,0.000090236440883,-0.00170394708402,0.00144107674714,-0.00123531976715,0.00938660185784]],"mean":[-710.090332031,153.31427002,16.2995624542,35.3100852966,-8.01854705811,9.04646968842,-5.39176559448,12.6501626968,-1.95931386948,3.41381502151,-6.04355859756,-1.03218257427,-4.57734060287]},"pitch_salience":{"dmean":0.0709365233779,"dmean2":0.115030422807,"dvar":0.00410328200087,"dvar2":0.0106105161831,"max":0.93311303854,"mean":0.549368917942,"median":0.547978878021,"min":0.170665770769,"var":0.0107386615127},"silence_rate_20dB":{"dmean":0,"dmean2":0,"dvar":0,"dvar2":0,"max":1,"mean":1,"median":1,"min":1,"var":0},"silence_rate_30dB":{"dmean":0.00228180270642,"dmean2":0.00456425594166,"dvar":0.00227628927678,"dvar2":0.00568375410512,"max":1,"mean":0.996292591095,"median":1,"min":0,"var":0.0036933014635},"silence_rate_60dB":{"dmean":0.0288077574223,"dmean2":0.0576237328351,"dvar":0.0279761999846,"dvar2":0.0642911791801,"max":1,"mean":0.0956794545054,"median":0,"min":0,"var":0.0865263268352},"spectral_centroid":{"dmean":252.95539856,"dmean2":376.545074463,"dvar":154979.8125,"dvar2":293870.03125,"max":11704.9306641,"mean":1108.75219727,"median":705.140930176,"min":130.062408447,"var":2372723.25},"spectral_complexity":{"dmean":2.63063311577,"dmean2":3.87419772148,"dvar":8.02157592773,"dvar2":15.8193273544,"max":55,"mean":11.6147155762,"median":10,"min":0,"var":48.2602615356},"spectral_contrast_coeffs":{"dmean":[0.0558525659144,0.0489460602403,0.0424879230559,0.0330384597182,0.0272812973708,0.0263799987733],"dmean2":[0.0895651057363,0.0795076191425,0.0670350193977,0.0504715330899,0.0411087572575,0.0395767986774],"dvar":[0.00239421380684,0.00173145043664,0.00129189877771,0.000805969408248,0.000633967400063,0.000672882189974],"dvar2":[0.00583323091269,0.00433542393148,0.00302858394571,0.00178562023211,0.00127778784372,0.00143327692058],"max":[-0.302538484335,-0.358678787947,-0.422874867916,-0.493968009949,-0.469268590212,-0.499616503716],"mean":[-0.637967765331,-0.712235510349,-0.750280439854,-0.779557228088,-0.787266492844,-0.72789978981],"median":[-0.639991521835,-0.71299546957,-0.756376504898,-0.788227975368,-0.80035007,-0.72863227129],"min":[-0.997866034508,-0.990649282932,-0.976162612438,-0.971785843372,-0.97030299902,-0.96537822485],"var":[0.00899480842054,0.00672221183777,0.00624477677047,0.0050265872851,0.00500928377733,0.00362142152153]},"spectral_contrast_valleys":{"dmean":[0.45911321044,0.478550583124,0.467506378889,0.414983540773,0.393913924694,0.398789018393],"dmean2":[0.688097119331,0.725790083408,0.690022468567,0.595506310463,0.528674304485,0.48056319356],"dvar":[0.205947339535,0.218517258763,0.212715566158,0.180519729853,0.16638673842,0.165157288313],"dvar2":[0.387865006924,0.429400712252,0.40293610096,0.332110643387,0.311938583851,0.24422699213],"max":[-5.2209687233,-4.91247558594,-5.24671077728,-5.82615566254,-5.70093727112,-7.8932929039],"mean":[-7.42014932632,-7.34351348877,-8.15092372894,-9.00662517548,-8.81676197052,-11.7174463272],"median":[-6.8295712471,-6.85676050186,-7.73360157013,-8.56778907776,-8.37899208069,-11.3645467758],"min":[-28.225189209,-28.3713989258,-28.0401554108,-27.6235675812,-27.4762420654,-27.4914684296],"var":[8.54958629608,8.46729660034,7.88989830017,7.38288545609,7.54865455627,6.07324123383]},"spectral_decrease":{"dmean":2.55511456437e-9,"dmean2":3.80226339303e-9,"dvar":1.29188555217e-17,"dvar2":2.88138407128e-17,"max":1.96236420559e-28,"mean":-7.1742580765e-9,"median":-6.36050945246e-9,"min":-4.70671714936e-8,"var":3.14530332491e-17},"spectral_energy":{"dmean":0.0100376820192,"dmean2":0.0148684773594,"dvar":0.000194176231162,"dvar2":0.000430212210631,"max":0.189856335521,"mean":0.028483742848,"median":0.0251699201763,"min":9.68880124996e-21,"var":0.000494480773341},"spectral_energyband_high":{"dmean":0.000433264998719,"dmean2":0.000600146653596,"dvar":0.00000302342709801,"dvar2":0.00000537973119208,"max":0.0471220016479,"mean":0.000738013186492,"median":0.0000737361333449,"min":6.84218114868e-21,"var":0.00000776931028668},"spectral_energyband_low":{"dmean":0.00506323156878,"dmean2":0.00775670818985,"dvar":0.0000582395623496,"dvar2":0.000134602189064,"max":0.0837101265788,"mean":0.0113233346492,"median":0.00808554328978,"min":1.44142116106e-23,"var":0.000122157303849},"spectral_energyband_middle_high":{"dmean":0.00159736897331,"dmean2":0.00229389825836,"dvar":0.0000121081611724,"dvar2":0.0000226953034144,"max":0.110439114273,"mean":0.00366976833902,"median":0.00132617831696,"min":1.13879788622e-21,"var":0.0000494259656989},"spectral_energyband_middle_low":{"dmean":0.00692584551871,"dmean2":0.0108375428244,"dvar":0.00011761168571,"dvar2":0.000281465851003,"max":0.171646207571,"mean":0.01486721728,"median":0.0103094987571,"min":1.75318378708e-22,"var":0.000224145784159},"spectral_entropy":{"dmean":0.246439278126,"dmean2":0.352695524693,"dvar":0.0613042972982,"dvar2":0.124162875116,"max":9.82636070251,"mean":7.01085615158,"median":7.04606056213,"min":4.78120231628,"var":0.49479034543},"spectral_flux":{"dmean":0.0292040724307,"dmean2":0.0446656756103,"dvar":0.00119697232731,"dvar2":0.00273106642999,"max":0.320342808962,"mean":0.0793977454305,"median":0.0694688558578,"min":6.3648544768e-11,"var":0.00268175592646},"spectral_kurtosis":{"dmean":3.8442504406,"dmean2":6.31808996201,"dvar":26.6292953491,"dvar2":67.1527175903,"max":116.96194458,"mean":6.82194852829,"median":4.39199256897,"min":-1.31994402409,"var":67.0159759521},"spectral_rms":{"dmean":0.000905025517568,"dmean2":0.00130182970315,"dvar":0.00000126581642235,"dvar2":0.0000025789790925,"max":0.0136097650975,"mean":0.00478342082351,"median":0.00495540304109,"min":3.07449009827e-12,"var":0.00000490786169394},"spectral_rolloff":{"dmean":358.711669922,"dmean2":611.945129395,"dvar":748840.9375,"dvar2":1551129.875,"max":19853.6132813,"mean":1285.69873047,"median":559.86328125,"min":86.1328125,"var":7335564.5},"spectral_skewness":{"dmean":0.43687710166,"dmean2":0.671702563763,"dvar":0.203060731292,"dvar2":0.460705518723,"max":9.01412582397,"mean":1.75311672688,"median":1.60026288033,"min":-0.767574965954,"var":1.02476036549},"spectral_spread":{"dmean":515381.65625,"dmean2":769287.9375,"dvar":629353218048,"dvar2":1558492217340,"max":42637032,"mean":4257930.5,"median":3382490.75,"min":804882.5,"var":26076029911000},"spectral_strongpeak":{"dmean":0.46805241704,"dmean2":0.793591141701,"dvar":1.2333906889,"dvar2":3.01610326767,"max":22.4670448303,"mean":0.812939405441,"median":0.403923630714,"min":0,"var":1.79510390759},"zerocrossingrate":{"dmean":0.00881037116051,"dmean2":0.00995164643973,"dvar":0.000192347550183,"dvar2":0.000233950398979,"max":0.53173828125,"mean":0.0480561926961,"median":0.03076171875,"min":0.00244140625,"var":0.00504389824346}},"metadata":{"audio_properties":{"analysis_sample_rate":44100,"bit_rate":0,"codec":"flac","downmix":"mix","equal_loudness":0,"length":162.800003052,"lossless":true,"md5_encoded":"c74c93d59e936c417e01b232ac9ad48a","replay_gain":-12.305021286,"sample_rate":44100},"tags":{"acoustid_id":["7443b6fc-da98-4142-8db6-35c6a6360b9e"],"album":["Soul Revolution, Part II"],"albumartist":["The Wailers"],"albumartistsort":["Wailers, The"],"artist":["The Wailers"],"artistsort":["Wailers, The"],"asin":["B00005NVJP"],"barcode":["5014438340626"],"bpm":["110"],"catalognumber":["0602498667514"],"date":["2004"],"discnumber":["1"],"disctotal":["1"],"file_name":"12 - Brain Washing.flac","genre":["Jamaica - Reggae"],"label":["JAD","Universal"],"media":["CD"],"musicbrainz_albumartistid":["c296e10c-110a-4103-9e77-47bfebb7fb2e"],"musicbrainz_albumid":["f145f7c9-d8af-4b23-ab04-1d0bf4183665"],"musicbrainz_artistid":["c296e10c-110a-4103-9e77-47bfebb7fb2e"],"musicbrainz_recordingid":["8ed26dc2-951a-470e-b4ba-9db9abac1b6d"],"musicbrainz_releasegroupid":["e664129e-53ba-3866-839c-129465368b70"],"musicbrainz_releasetrackid":["71ca4f34-ee85-3784-bd35-682410715c0d"],"musicip_puid":["18ffd98f-6c30-1673-0c43-b09f6d086604"],"originaldate":["1971"],"originalyear":["1971"],"releasecountry":["GB"],"releasestatus":["official"],"releasetype":["album"],"script":["Latn"],"title":["Brain Washing"],"totaldiscs":["1"],"totaltracks":["14"],"tracknumber":["12"],"tracktotal":["14"]},"version":{"essentia":"2.1-beta2","essentia_build_sha":"2d9f1f26377add8aeb1075a9c2973f962c4f09fd","essentia_git_sha":"v2.1_beta2-1-ge3940c0","extractor":"music 1.0"}},"rhythm":{"beats_count":295,"beats_loudness":{"dmean":0.017750909552,"dmean2":0.0295650269836,"dvar":0.000193601343199,"dvar2":0.00056318519637,"max":0.0947010815144,"