{"lowlevel":{"average_loudness":0.94674962759,"barkbands":{"dmean":[0.00257600611076,0.00467328447849,0.00122965080664,0.00107289396692,0.000753917556722,0.00197446648963,0.000963521539234,0.000707269704435,0.00111101113725,0.00124168663751,0.000786832766607,0.00108656380326,0.00125308311544,0.000932266062591,0.000472144864034,0.000386506115319,0.000321203668136,0.000151173517224,0.000106390354631,0.000108793072286,0.0000902159808902,0.0000874919933267,0.0000542246161785,0.00000686817884343,0.00000199502210307,0.0000239523305936,0.00028927589301],"dmean2":[0.00439015729353,0.0080727506429,0.00212111580186,0.00178199913353,0.00127239443827,0.00325351441279,0.00160716904793,0.0012104336638,0.00186646438669,0.00213418598287,0.00134627951775,0.001860868535,0.00215660315007,0.00160132220481,0.000807701377198,0.000658662989736,0.000531306490302,0.000238139487919,0.00017019729421,0.000166463272762,0.000129225198179,0.000117022565973,0.0000692655157764,0.00000952591290115,0.00000332806530423,0.0000299220409943,0.000440695177531],"dvar":[0.0000172947766259,0.0000392038637074,0.00000398956990466,0.00000317233570968,0.0000018678018705,0.0000191242743313,0.00000352132451553,0.00000128967735691,0.00000282699738818,0.00000403187368647,0.00000131466572384,0.00000174228159722,0.00000188635510767,0.0000011671224911,3.54710238071e-7,2.0236232956e-7,1.8833361537e-7,4.94206950918e-8,3.25893445563e-8,1.11328304797e-7,5.11855162699e-8,2.55210856892e-8,1.11515969792e-8,1.47562323471e-10,1.05991760507e-11,2.02625582979e-9,8.97614640394e-8],"dvar2":[0.0000437737144239,0.00010411706171,0.0000107010064312,0.00000759821932661,0.00000480898097521,0.0000497896035085,0.00000919196918403,0.00000386548390452,0.00000749796754462,0.0000112357893158,0.00000368474320567,0.00000477596677229,0.00000528704504177,0.00000332288072968,9.52795232934e-7,5.75462422603e-7,5.18840465702e-7,1.24478987118e-7,8.12194969058e-8,2.67242171503e-7,1.1727928495e-7,4.52973303311e-8,1.87151663056e-8,2.65936161981e-10,2.71995013318e-11,3.23762816556e-9,2.08925499123e-7],"max":[0.0385442376137,0.0624110177159,0.030100107193,0.0399992726743,0.0324668549001,0.112654112279,0.0469833575189,0.0330208837986,0.0357153899968,0.0616768747568,0.0372872240841,0.0277178343385,0.0366426184773,0.0187238100916,0.0214729886502,0.0066526257433,0.00748123880476,0.00371876941063,0.00371068576351,0.0160538312048,0.0116554228589,0.00238290894777,0.00159968365915,0.000166352256201,0.0000519430286658,0.000677144911606,0.00736482720822],"mean":[0.00232382770628,0.00478183384985,0.00135263684206,0.00144569051918,0.00118477304932,0.00302957650274,0.00150612404104,0.0010864721844,0.00199645850807,0.00204221555032,0.00136471330188,0.00201048376039,0.00239133206196,0.00187908567023,0.000948625733145,0.000860815111082,0.000659509387333,0.000321344094118,0.0002282030473,0.000240768131334,0.000204420590308,0.000166394456755,0.0000959518220043,0.0000107678597487,0.00000200261911232,0.0000452598651464,0.00110492913518],"median":[0.000693064532243,0.00258313724771,0.000696548842825,0.000632125651464,0.000701798242517,0.00134321162477,0.000811710779089,0.000705902813934,0.00132306711748,0.00137087912299,0.000988996704109,0.00162910064682,0.00203904602677,0.00155063369311,0.000732804764993,0.000715248403139,0.000457573652966,0.000179812239367,0.000111688328616,0.0000931927497732,0.0000905165798031,0.0000747938174754,0.0000337710189342,0.00000416962302552,7.87471321928e-7,0.0000179329526873,0.00100893585477],"min":[3.73649613044e-25,1.6767581695e-24,4.39105371306e-25,1.47885150661e-24,1.11843768286e-23,3.26733782105e-24,1.0717812146e-23,4.05890944955e-24,1.03020635163e-23,9.62235729451e-24,4.53545203936e-24,1.73641317221e-23,1.80525737896e-23,2.56448803749e-23,5.18105288541e-23,4.55614504419e-23,8.39654775384e-23,9.2505029366e-23,1.16439807604e-22,1.54224061397e-22,2.40959494631e-22,3.21420757365e-22,3.36052397974e-22,4.97819547347e-22,8.12781591248e-22,1.20277210749e-21,1.9308715884e-21],"var":[0.0000162870510394,0.0000363480794476,0.00000407404377256,0.00000760910097597,0.00000323583321915,0.0000359291370842,0.00000679663435221,0.00000183037741408,0.00000567793813389,0.00000651768505122,0.00000237781409851,0.00000298713598568,0.00000329721501657,0.00000220062702283,7.56869155794e-7,4.57091687167e-7,4.06146199339e-7,1.3936532639e-7,1.01769465743e-7,3.09948262611e-7,1.6641716627e-7,6.10566175396e-8,2.66958863904e-8,3.2152097651e-10,1.1149746057e-11,5.3125708277e-9,4.69667980951e-7]},"barkbands_crest":{"dmean":2.37711262703,"dmean2":4.03103733063,"dvar":4.93481969833,"dvar2":13.1610546112,"max":25.0675067902,"mean":6.58760690689,"median":5.52969455719,"min":2.11827874184,"var":12.619184494},"barkbands_flatness_db":{"dmean":0.0187000818551,"dmean2":0.0290593970567,"dvar":0.000295926874969,"dvar2":0.000724138517398,"max":0.297716647387,"mean":0.093441106379,"median":0.089230209589,"min":0.0285571683198,"var":0.00111602665856},"barkbands_kurtosis":{"dmean":1.42186462879,"dmean2":2.38404297829,"dvar":14.3526878357,"dvar2":39.3574333191,"max":130.811782837,"mean":1.89349484444,"median":1.00259876251,"min":-1.79461658001,"var":27.6507511139},"barkbands_skewness":{"dmean":0.384169489145,"dmean2":0.640062272549,"dvar":0.179667502642,"dvar2":0.48399195075,"max":10.2528238297,"mean":0.985898196697,"median":0.876871824265,"min":-2.18035292625,"var":0.71093994379},"barkbands_spread":{"dmean":6.40602636337,"dmean2":10.2164402008,"dvar":32.8885383606,"dvar2":84.010269165,"max":120.788215637,"mean":34.75025177,"median":33.6263008118,"min":2.05935549736,"var":120.691207886},"dissonance":{"dmean":0.0118084950373,"dmean2":0.0205197408795,"dvar":0.000129397390992,"dvar2":0.00036994391121,"max":0.5,"mean":0.483368724585,"median":0.486560791731,"min":0.292660683393,"var":0.000171822175616},"dynamic_complexity":2.76268529892,"erbbands":{"dmean":[0.24243234098,0.711948394775,1.42630791664,2.43906521797,2.68661975861,2.84029984474,8.05569076538,19.2230548859,15.5580883026,10.9540939331,19.124994278,24.0707645416,30.4750175476,37.4236297607,33.9969139099,39.3118476868,57.6764183044,43.1142501831,32.5952415466,19.8900489807,20.2682800293,15.6343240738,8.49547386169,6.64841985703,4.65116596222,5.06376981735,4.6078619957,3.12004733086,3.26172947884,2.81665301323,1.20278847218,0.281315535307,0.0638441219926,0.0228536743671,0.0142167452723,0.0120789697394,0.0450346544385,0.0764936208725,0.0193457975984,0.00580114265904],"dmean2":[0.422285795212,1.23421776295,2.44904494286,4.10002470016,4.50083971024,4.81397390366,13.4079971313,31.9851608276,25.4397449493,18.7038631439,32.3339271545,40.1004867554,52.5321426392,63.6124763489,58.1475219727,67.0081634521,99.5012435913,74.5889816284,55.9705810547,33.9698562622,34.6915397644,25.5893993378,13.1971473694,10.5310506821,7.28171491623,7.76620054245,6.8497672081,4.40419864655,4.39381694794,3.63140749931,1.53931713104,0.358564645052,0.0950875207782,0.0379365831614,0.0236427690834,0.0183601342142,0.0540205873549,0.0934116765857,0.0241269487888,0.00911746080965],"dvar":[0.14953148365,0.837009012699,5.77090120316,14.1468553543,22.9384212494,34.5955619812,313.654815674,2101.13208008,1124.97216797,304.938049316,851.584838867,1631.39892578,2063.98657227,4966.78564453,2140.60107422,2345.64257812,4030.59448242,2419.08007812,1551.51928711,706.830810547,547.70916748,398.754211426,144.26260376,109.16947937,90.4368591309,257.565093994,189.254180908,37.8895645142,35.5764541626,29.477897644,5.34673261642,0.258132725954,0.0114134745672,0.00135539670009,0.000527406693436,0.00031228188891,0.00709408801049,0.0202909801155,0.00115361553617,0.0000299284220091],"dvar2":[0.399282723665,2.27745938301,15.4946994781,35.1700019836,53.7001609802,87.3182067871,816.693481445,5473.14746094,2843.93334961,857.159729004,2397.61694336,4217.08740234,6035.48388672,13009.1542969,6072.84667969,6412.35009766,11357.5615234,6913.50683594,4339.31396484,1984.82214355,1542.78674316,1048.5435791,352.829681396,270.260253906,233.976669312,632.162780762,432.802978516,87.1900405884,66.5503311157,49.6406021118,9.04029273987,0.420795232058,0.0227512940764,0.00347294402309,0.0013528119307,0.00067795207724,0.0109263313934,0.0315677560866,0.00210882467218,0.0000757021771278],"max":[3.94726777077,10.9656219482,33.9673156738,80.3208770752,197.530273438,146.198944092,617.493408203,1351.34448242,834.248657227,384.020843506,691.15826416,1094.90563965,877.659057617,3527.27416992,1041.64697266,1162.82824707,1515.86401367,758.156555176,913.505615234,550.455932617,378.441589355,301.784637451,194.495193481,175.645462036,283.38583374,820.288513184,771.224243164,194.905654907,100.95866394,89.0634231567,31.8576450348,6.98727607727,1.53308534622,0.58764564991,0.366349935532,0.249877646565,1.27912569046,2.50432181358,1.81788039207,0.0981474369764],"mean":[0.215816900134,0.779936432838,1.63428938389,3.39178133011,3.80289173126,4.31039094925,12.3733654022,28.0792694092,24.5427417755,18.3440189362,31.8543624878,43.1329841614,52.9519920349,65.6637039185,67.0668106079,83.1614456177,114.53049469,94.2031402588,71.4024353027,44.9863090515,47.9902420044,35.2392845154,19.2324810028,14.8002624512,10.3332862854,11.1720209122,10.1355609894,6.72654724121,6.20792865753,5.01312112808,2.17238926888,0.495420634747,0.0866429582238,0.0243048593402,0.0148331895471,0.0169874634594,0.0861293897033,0.157551348209,0.0596625618637,0.030004594475],"median":[0.0826886743307,0.474162578583,0.890115499496,1.74900484085,1.92029571533,2.37898015976,6.31301498413,11.6236515045,12.0261096954,11.6300106049,20.6924438477,28.0778751373,37.0994415283,44.0813903809,52.3661155701,70.0404205322,98.4086303711,80.4351348877,58.006362915,34.5636291504,40.1798248291,26.1121559143,11.9272880554,7.64294910431,4.93768644333,4.46240854263,4.07329845428,3.15821123123,2.819211483,1.90842080116,0.797451615334,0.192687213421,0.0341788232327,0.0107828136533,0.00631619989872,0.00825610943139,0.0340217426419,0.0722360312939,0.0349906459451,0.0299373250455],"min":[8.68384458463e-23,2.95452314646e-22,9.9428220345e-22,3.59357873469e-21,1.51899457189e-20,2.79491792026e-20,4.81630176809e-20,4.53217427497e-20,1.12435791382e-19,2.35092665852e-19,1.84511902638e-19,3.86145177335e-19,4.07084737554e-19,5.14183430376e-19,4.57698264875e-19,8.70345068265e-19,1.28545087282e-18,1.64274750591e-18,2.2274910969e-18,3.47127460752e-18,4.54641418921e-18,4.8660711059e-18,5.24571391983e-18,4.94236569611e-18,7.56381396744e-18,7.22905728226e-18,9.56858130773e-18,9.44065865318e-18,9.35886951575e-18,1.21814471666e-17,8.89086065134e-18,1.03247848606e-17,1.04176714532e-17,8.14114633033e-18,4.75145241073e-18,4.04259543531e-18,2.28820987617e-18,9.15241536782e-19,2.66523125135e-19,2.65464569827e-20],"var":[0.122539930046,0.829478442669,5.68721199036,31.828004837,46.0018920898,58.3347740173,623.555236816,3706.49853516,2252.82275391,528.94732666,1375.6739502,3271.79516602,3166.33081055,9681.90332031,3957.74316406,4302.09082031,7107.69580078,4737.09179688,3362.19116211,1572.23327637,1316.81018066,981.678588867,423.054412842,351.911865234,269.497161865,686.76550293,583.327819824,112.36945343,82.8403320312,69.4255142212,12.9629106522,0.645215809345,0.0207975693047,0.00146065256558,0.000562716450077,0.000558709027246,0.0191642791033,0.0551620051265,0.00588598288596,0.00022502905631]},"erbbands_crest":{"dmean":1.97944056988,"dmean2":3.39056324959,"dvar":3.27478957176,"dvar2":9.17693710327,"max":24.9893894196,"mean":7.04760980606,"median":6.59766197205,"min":2.34302425385,"var":5.81666231155},"erbbands_flatness_db":{"dmean":0.0174394641072,"dmean2":0.0259724594653,"dvar":0.000213047504076,"dvar2":0.000452361273346,"max":0.291090190411,"mean":0.156196251512,"median":0.154920935631,"min":0.0443667732179,"var":0.00115855108015},"erbbands_kurtosis":{"dmean":0.722466289997,"dmean2":1.1926202774,"dvar":0.550696611404,"dvar2":1.50613903999,"max":12.5540237427,"mean":0.807222485542,"median":0.597788214684,"min":-1.69956123829,"var":1.31439340115},"erbbands_skewness":{"dmean":0.282184928656,"dmean2":0.45156109333,"dvar":0.0559610202909,"dvar2":0.138449311256,"max":2.05939078331,"mean":-0.0413916260004,"median":-0.0201232116669,"min":-2.64958834648,"var":0.210937738419},"erbbands_spread":{"dmean":4.29445552826,"dmean2":6.7156829834,"dvar":20.2238311768,"dvar2":49.1678161621,"max":101.38860321,"mean":22.744884491,"median":20.6544494629,"min":4.23541355133,"var":111.247550964},"gfcc":{"cov":[[34120.515625,2132.23583984,-3311.00463867,-966.573181152,-525.788513184,-512.164672852,273.044311523,-925.117797852,300.634246826,-289.478302002,-215.125717163,150.953674316,-372.443847656],[2132.23583984,854.430480957,-271.982147217,-305.609588623,121.206192017,-74.4642181396,-4.53279542923,-62.1006546021,33.7723312378,-3.24852728844,37.2737197876,-64.1452331543,103.365409851],[-3311.00463867,-271.982147217,511.570983887,177.203155518,15.433347702,158.294128418,-70.4256439209,121.498947144,-32.4937057495,36.9893226624,9.52103614807,17.8608322144,10.8092765808],[-966.573181152,-305.609588623,177.203155518,362.565643311,20.4265365601,-24.2543716431,80.2126083374,30.1715393066,-39.6181755066,-18.4928798676,-23.5401744843,27.492603302,-58.7136001587],[-525.788513184,121.206192017,15.433347702,20.4265365601,127.730728149,10.7673892975,33.3323402405,24.947183609,-9.03410339355,0.756114304066,16.2761230469,-35.0802230835,33.099609375],[-512.164672852,-74.4642181396,158.294128418,-24.2543716431,10.7673892975,228.331207275,-40.4067687988,59.683303833,27.5046195984,21.7528762817,-6.35650682449,25.2615776062,-5.36816453934],[273.044311523,-4.53279542923,-70.4256439209,80.2126083374,33.3323402405,-40.4067687988,148.460205078,-32.5985527039,33.8076477051,-20.1953144073,-16.6471366882,16.3010044098,-32.4352874756],[-925.117797852,-62.1006546021,121.498947144,30.1715393066,24.947183609,59.683303833,-32.5985527039,130.130172729,-18.5453872681,36.7216453552,20.6626262665,-26.9457626343,46.8930969238],[300.634246826,33.7723312378,-32.4937057495,-39.6181755066,-9.03410339355,27.5046195984,33.8076477051,-18.5453872681,109.647132874,23.3202438354,7.74775600433,47.2476234436,-29.848865509],[-289.478302002,-3.24852728844,36.9893226624,-18.4928798676,0.756114304066,21.7528762817,-20.1953144073,36.7216453552,23.3202438354,65.807762146,40.0652618408,3.54582023621,30.7375793457],[-215.125717163,37.2737197876,9.52103614807,-23.5401744843,16.2761230469,-6.35650682449,-16.6471366882,20.6626262665,7.74775600433,40.0652618408,56.5564117432,11.2302083969,33.4526634216],[150.953674316,-64.1452331543,17.8608322144,27.492603302,-35.0802230835,25.2615776062,16.3010044098,-26.9457626343,47.2476234436,3.54582023621,11.2302083969,85.8179931641,-18.6560897827],[-372.443847656,103.365409851,10.8092765808,-58.7136001587,33.099609375,-5.36816453934,-32.4352874756,46.8930969238,-29.848865509,30.7375793457,33.4526634216,-18.6560897827,101.418159485]],"icov":[[0.000220833549974,-0.000723546487279,0.00174726825207,-0.000906491128262,0.0012301732786,-0.000956999429036,0.000393597176298,-0.0000704128833604,0.000458143505966,-0.000455749774119,0.000298802828183,-0.000449173850939,0.00063547375612],[-0.000723546487279,0.00521851191297,-0.00532728433609,0.00440283073112,-0.00641825934872,0.00352239701897,-0.000899675127584,0.0018251137808,-0.00356223341078,0.00332122459076,-0.00191140559036,0.00303439283744,-0.00457593798637],[0.00174726825207,-0.00532728433609,0.0183932911605,-0.00996164046228,0.00926278252155,-0.0100927548483,0.00577312335372,-0.001623032731,0.00322963856161,-0.00386822293513,0.00208753580227,-0.00357714877464,0.00393453985453],[-0.000906491128262,0.00440283073112,-0.00996164046228,0.0145901599899,-0.01186164096,0.00957110244781,-0.00586239993572,-0.00461104558781,0.00743228057399,-0.00559008773416,0.00690186209977,-0.00912019982934,0.00625442247838],[0.0012301732786,-0.00641825934872,0.00926278252155,-0.01186164096,0.0278029590845,-0.0121047906578,-0.00236645131372,0.00310258357786,-0.00549724651501,0.0109471129254,-0.015129010193,0.0145178232342,-0.00597608787939],[-0.000956999429036,0.00352239701897,-0.0100927548483,0.00957110244781,-0.0121047906578,0.0149428537115,-0.000810760247987,-0.00561639014632,0.00199810299091,-0.00568502629176,0.00983454566449,-0.00888291094452,0.00402444507927],[0.000393597176298,-0.000899675127584,0.00577312335372,-0.00586239993572,-0.00236645131372,-0.000810760247987,0.0142473978922,0.000923329323996,-0.00518743181601,0.000615146476775,0.00368796638213,-0.00148324132897,0.00000974569229584],[-0.0000704128833604,0.0018251137808,-0.001623032731,-0.00461104558781,0.00310258357786,-0.00561639014632,0.000923329323996,0.0196894146502,-0.00769873056561,0.00346054881811,-0.00845245365053,0.0147036230192,-0.012555513531],[0.000458143505966,-0.00356223341078,0.00322963856161,0.00743228057399,-0.00549724651501,0.00199810299091,-0.00518743181601,-0.00769873056561,0.0327101461589,-0.0254120770842,0.0162692889571,-0.0254522319883,0.0203526765108],[-0.000455749774119,0.00332122459076,-0.00386822293513,-0.00559008773416,0.0109471129254,-0.00568502629176,0.000615146476775,0.00346054881811,-0.0254120770842,0.0545751415193,-0.039175145328,0.0256112869829,-0.0195461958647],[0.000298802828183,-0.00191140559036,0.00208753580227,0.00690186209977,-0.015129010193,0.00983454566449,0.00368796638213,-0.00845245365053,0.0162692889571,-0.039175145328,0.0581919141114,-0.0299610905349,0.00931989215314],[-0.000449173850939,0.00303439283744,-0.00357714877464,-0.00912019982934,0.0145178232342,-0.00888291094452,-0.00148324132897,0.0147036230192,-0.0254522319883,0.0256112869829,-0.0299610905349,0.0445031858981,-0.0193061977625],[0.00063547375612,-0.00457593798637,0.00393453985453,0.00625442247838,-0.00597608787939,0.00402444507927,0.00000974569229584,-0.012555513531,0.0203526765108,-0.0195461958647,0.00931989215314,-0.0193061977625,0.0333195626736]],"mean":[9.48012065887,84.5902099609,-115.906471252,-14.002038002,-11.1702632904,-13.9096899033,8.23669719696,-28.6969146729,9.27636623383,-7.00503778458,-6.44831037521,5.67233991623,-11.2074842453]},"hfc":{"dmean":21.1712684631,"dmean2":32.8133354187,"dvar":355.069885254,"dvar2":858.25769043,"max":425.662261963,"mean":132.124664307,"median":133.458068848,"min":1.0779309523e-16,"var":3181.86401367},"melbands":{"dmean":[0.00176023482345,0.000764736731071,0.000424479483627,0.000171856358065,0.000240468943957,0.000412654568208,0.000222853268497,0.000118873576866,0.00017431123706,0.000155887464643,0.000158615832333,0.000161630727234,0.000110107415821,0.000124451209558,0.000136146365548,0.000109577915282,0.0000895194825716,0.0000640395955998,0.0000323206731991,0.0000280870244751,0.0000256891980825,0.0000195337179321,0.0000115760658446,0.00000713054851076,0.00000584665758652,0.00000380245614906,0.00000371673922928,0.00000370054453924,0.00000344413729181,0.00000211192946153,0.00000190137336631,0.00000194473136617,0.0000019175995476,0.00000154924646267,8.19864226287e-7,3.162371911e-7,1.23510744743e-7,5.20660705661e-8,2.19461853135e-8,1.82801507265e-8],"dmean2":[0.00304652471095,0.0013121018419,0.000705260783434,0.000288945768261,0.000401957164286,0.000682141282596,0.000364994659321,0.000203054340091,0.000293590186629,0.000260704982793,0.000273301673587,0.000275628903182,0.000187885627383,0.000213213730603,0.000236029431107,0.000188464022358,0.000155225963681,0.000110275104817,0.0000553461395612,0.0000482222421851,0.0000442051277787,0.0000325471446558,0.0000185072258319,0.0000113223895823,0.00000948599517869,0.00000617211753706,0.00000594895709582,0.00000581051472182,0.00000529425233253,0.00000315103488902,0.00000278843231172,0.00000273568753073,0.00000266819506578,0.00000206102663469,0.00000110232565476,4.18299691773e-7,1.70597800775e-7,7.87073730635e-8,3.65749635023e-8,3.05335987605e-8],"dvar":[0.00000685644545229,0.00000136369055781,4.27738740427e-7,9.4457789146e-8,2.47456711122e-7,8.96642916359e-7,2.10000948186e-7,3.56171057092e-8,6.55203749034e-8,7.00613753679e-8,5.45274900787e-8,9.22820291294e-8,2.46434250784e-8,2.49078606629e-8,2.46904843237e-8,1.40886315947e-8,1.08414885958e-8,6.13131456717e-9,1.80575965292e-9,1.25964583209e-9,9.91551063478e-10,6.82643219729e-10,2.54639642705e-10,1.24471669083e-10,8.7939627802e-11,4.85894345592e-11,8.1643247718e-11,1.57801591238e-10,1.19455584313e-10,3.18270999833e-11,1.24925382539e-11,1.22500221772e-11,1.37118207413e-11,9.50043429343e-12,2.56743563042e-12,3.433414848e-13,5.38462334345e-14,9.05199292665e-15,1.20303750685e-15,8.99846616186e-16],"dvar2":[0.0000181641553354,0.00000369879626305,0.00000103869899704,2.35024330664e-7,6.48820901006e-7,0.00000232915294873,5.3119669019e-7,1.03373160698e-7,1.79422002589e-7,1.82440331287e-7,1.59618494422e-7,2.45492572049e-7,7.04379630179e-8,6.84849510435e-8,6.93263686458e-8,4.01273396733e-8,3.08209209265e-8,1.73408629678e-8,4.88591522796e-9,3.57637697235e-9,2.82668155549e-9,1.87661042261e-9,6.27078555748e-10,3.21651871804e-10,2.23023377544e-10,1.27597821198e-10,2.13845566255e-10,3.98221705611e-10,2.84116480342e-10,8.07648878332e-11,2.96746655026e-11,2.44297134605e-11,2.60880657355e-11,1.70866550075e-11,4.67915983737e-12,6.1773242771e-13,9.8430757902e-14,1.84713728417e-14,3.05531750921e-15,2.30954311563e-15],"max":[0.0274304654449,0.0142774228007,0.0154106505215,0.00795140396804,0.016152843833,0.0273170806468,0.0111839678138,0.00410617003217,0.00474026426673,0.00708163622767,0.00425081001595,0.0142536889762,0.00379652134143,0.00370210595429,0.00432729208842,0.00160375528503,0.00176561845001,0.00135247735307,0.00136447953992,0.000645292515401,0.000478505971842,0.000406882551033,0.00023273556144,0.000170535509824,0.000155046131113,0.000154065171955,0.000265899376245,0.000656306568999,0.000637758057564,0.000189281665371,0.000112414636533,0.0000574244040763,0.0000604251035838,0.0000529358112544,0.0000213363982766,0.00000857975919644,0.00000328549504047,0.00000141702537348,5.41699080259e-7,4.78854246921e-7],"mean":[0.00172333524097,0.000915440730751,0.00061928620562,0.000265337410383,0.000383332720958,0.000625772925559,0.00035673979437,0.000195211468963,0.000283826782834,0.0002738283074,0.000266017392278,0.000269569223747,0.000206239128602,0.000221390771912,0.000259184278548,0.000214993851841,0.000173875319888,0.000125981998281,0.0000645841064397,0.0000584330337006,0.0000553906429559,0.0000395792594645,0.0000224324921874,0.0000143573597597,0.0000118724456115,0.0000075716311585,0.00000743557575333,0.00000740629911888,0.00000701558792571,0.00000440528174295,0.00000371659871234,0.00000349218930751,0.00000328719420395,0.00000260610136138,0.00000141506848195,5.5126577081e-7,1.91690205043e-7,6.40630233306e-8,2.24367511237e-8,1.81695192225e-8],"median":[0.000823285023216,0.000564280897379,0.000328678113874,0.000149294719449,0.00020711493562,0.000274315243587,0.00017994211521,0.000124354381114,0.00018224742962,0.000175429493538,0.000183642390766,0.000177532754606,0.000155174173415,0.000172577958438,0.000219315901631,0.000184207907296,0.000142859120388,0.0000997046663542,0.0000480496237287,0.000045964596211,0.0000444234174211,0.0000279099858744,0.0000140582396853,0.00000746961040932,0.00000589742376178,0.00000354012036041,0.00000314354792863,0.00000270984742201,0.00000259927332991,0.00000195601069208,0.00000172210047822,0.00000157043541549,0.00000132294826471,9.19945932765e-7,4.9505450761e-7,2.17588535634e-7,6.61074039954e-8,2.08710417837e-8,9.08363251284e-9,7.01266333891e-9],"min":[6.35980943688e-25,7.02811168819e-25,1.25497357057e-24,1.19353087099e-24,1.81081738895e-24,7.40159196731e-25,2.00408397199e-24,2.38132376497e-24,1.34334098031e-24,1.50028564626e-24,1.77148498143e-24,2.28671252116e-24,1.00659114962e-24,2.58784932489e-24,1.8575524672e-24,2.60540049396e-24,2.92972231412e-24,2.8109419499e-24,4.10002014677e-24,3.00845477398e-24,4.75981867473e-24,4.04272517922e-24,3.43506680722e-24,3.90331136917e-24,3.03879633655e-24,4.89311447404e-24,4.30666344418e-24,3.54246390858e-24,5.1048175253e-24,5.21116228621e-24,4.58707154712e-24,4.08479868117e-24,5.62837583062e-24,5.03301461684e-24,5.12898349027e-24,5.78089459247e-24,5.41145485891e-24,6.2796377003e-24,4.39786325901e-24,5.78659174593e-24],"var":[0.00000596612699155,0.00000135382447297,9.7941324384e-7,1.72617887984e-7,4.9316491868e-7,0.00000164079881415,4.36546599758e-7,5.79010759338e-8,1.10415392385e-7,1.3851021663e-7,8.256289874e-8,1.70664335997e-7,4.39509264538e-8,4.0605527829e-8,4.09071709839e-8,2.52560639069e-8,1.90320541549e-8,1.16932215022e-8,3.74481601284e-9,2.61016563918e-9,2.07028616472e-9,1.44355227771e-9,5.76114489448e-10,3.12487535847e-10,2.48158965599e-10,1.28226998464e-10,2.06722292062e-10,3.61698671014e-10,3.28932825422e-10,8.16065687248e-11,3.0248966526e-11,2.66227907775e-11,2.84868014594e-11,2.06445433665e-11,5.74496353267e-12,7.84623613911e-13,1.13611045213e-13,1.49304464733e-14,1.30563776072e-15,9.41269280164e-16]},"melbands_crest":{"dmean":4.96532869339,"dmean2":8.33584308624,"dvar":23.7325668335,"dvar2":61.1550750732,"max":33.0158119202,"mean":11.2118778229,"median":9.60443592072,"min":1.5334341526,"var":35.5418167114},"melbands_flatness_db":{"dmean":0.0272187981755,"dmean2":0.042182020843,"dvar":0.000578662671614,"dvar2":0.00138620380312,"max":0.441395103931,"mean":0.180330038071,"median":0.17901968956,"min":0.00273167178966,"var":0.00278159300797},"melbands_kurtosis":{"dmean":2.81081175804,"dmean2":4.7768702507,"dvar":96.5793609619,"dvar2":270.463409424,"max":211.554870605,"mean":3.10057330132,"median":0.40332865715,"min":-1.6474571228,"var":193.672317505},"melbands_skewness":{"dmean":0.580401957035,"dmean2":0.966397225857,"dvar":0.413018941879,"dvar2":1.12052226067,"max":13.3861789703,"mean":1.19604790211,"median":0.940992534161,"min":-1.15497362614,"var":1.68754887581},"melbands_spread":{"dmean":6.91085481644,"dmean2":11.2367601395,"dvar":40.1732444763,"dvar2":103.465911865,"max":182.897949219,"mean":34.9483146667,"median":33.0567932129,"min":1.06989705563,"var":313.519958496},"mfcc":{"cov":[[12169.4824219,2112.02832031,-1396.92822266,172.958770752,-742.317260742,496.50881958,-513.112976074,244.446746826,-263.998687744,77.9920272827,-92.8356933594,40.0536766052,-26.1924095154],[2112.02832031,1423.89611816,-430.188751221,-155.519546509,-1.09317743778,59.4650878906,-45.8785629272,-82.2521209717,44.535358429,-23.2533817291,19.2298126221,-7.31399059296,60.3347053528],[-1396.92822266,-430.188751221,453.347869873,-42.3754653931,152.246917725,-9.9565448761,43.5127487183,28.6597709656,19.3434429169,-4.69953918457,23.6181907654,10.3724517822,-2.25351166725],[172.958770752,-155.519546509,-42.3754653931,358.698272705,-86.9434280396,6.04435586929,39.1434631348,39.7102241516,-31.5841159821,17.6643447876,-34.7349357605,-10.9244670868,-29.4252300262],[-742.317260742,-1.09317743778,152.246917725,-86.9434280396,199.936599731,-51.00730896,86.2667617798,-40.2638511658,52.7013969421,-19.2616672516,32.3697662354,-1.98101568222,13.8984527588],[496.50881958,59.4650878906,-9.9565448761,6.04435586929,-51.00730896,182.863235474,-61.2395439148,101.775726318,-27.579044342,30.490524292,-5.8414721489,29.3343009949,-1.77804911137],[-513.112976074,-45.8785629272,43.5127487183,39.1434631348,86.2667617798,-61.2395439148,157.417816162,-39.9287071228,58.1734542847,-12.6925296783,2.16637372971,-16.9655227661,2.34358692169],[244.446746826,-82.2521209717,28.6597709656,39.7102241516,-40.2638511658,101.775726318,-39.9287071228,132.295303345,-13.8500471115,31.4507770538,-7.78847408295,18.7797737122,-10.5748090744],[-263.998687744,44.535358429,19.3434429169,-31.5841159821,52.7013969421,-27.579044342,58.1734542847,-13.8500471115,81.4303741455,7.18685626984,14.4963474274,-2.06739211082,13.8322458267],[77.9920272827,-23.2533817291,-4.69953918457,17.6643447876,-19.2616672516,30.490524292,-12.6925296783,31.4507770538,7.18685626984,53.2807159424,16.7145614624,16.4688434601,-0.0839077755809],[-92.8356933594,19.2298126221,23.6181907654,-34.7349357605,32.3697662354,-5.8414721489,2.16637372971,-7.78847408295,14.4963474274,16.7145614624,55.3491325378,15.9739332199,14.4734888077],[40.0536766052,-7.31399059296,10.3724517822,-10.9244670868,-1.98101568222,29.3343009949,-16.9655227661,18.7797737122,-2.06739211082,16.4688434601,15.9739332199,46.0502357483,11.4915237427],[-26.1924095154,60.3347053528,-2.25351166725,-29.4252300262,13.8984527588,-1.77804911137,2.34358692169,-10.5748090744,13.8322458267,-0.0839077755809,14.4734888077,11.4915237427,44.5588226318]],"icov":[[0.000193417145056,-0.000234661711147,0.000279893545667,-0.0000364818661183,0.000270594027825,-0.0000889291841304,0.000105325889308,-0.000322020146996,0.000318373233313,0.0000116555229397,-0.0000757169545977,-0.0000498656372656,0.000190232676687],[-0.000234661711147,0.00176627398469,0.00139082642272,0.000155055138748,-0.00165008055046,-0.00132669275627,0.00078216654947,0.00137648603413,-0.00149211136159,0.000760331109632,-0.000246185052674,0.000770952203311,-0.00126378494315],[0.000279893545667,0.00139082642272,0.00578045658767,-0.0000293702960334,-0.00431252969429,-0.00116324354894,0.00144477630965,-0.00120605109259,0.00000465469838673,0.00100622524042,-0.000588322931435,0.000183608281077,-0.000365073792636],[-0.0000364818661183,0.000155055138748,-0.0000293702960334,0.00436776736751,0.0021695329342,0.00078221806325,-0.00341891939752,-0.00135958008468,0.00241594505496,-0.00170652638189,0.00103877019137,0.000165361896507,0.000729878025595],[0.000270594027825,-0.00165008055046,-0.00431252969429,0.0021695329342,0.0140301464126,0.00108098878991,-0.00590596999973,-0.00033134027035,-0.000625078449957,0.00281009590253,-0.00444735819474,-0.000977562391199,0.0014029055601],[-0.0000889291841304,-0.00132669275627,-0.00116324354894,0.00078221806325,0.00108098878991,0.0125694675371,-0.000178212445462,-0.00848891865462,0.00307789770886,-0.00247613643296,0.00191429024562,-0.00383217120543,-0.000232614882407],[0.000105325889308,0.00078216654947,0.00144477630965,-0.00341891939752,-0.00590596999973,-0.000178212445462,0.0145050249994,0.00232586613856,-0.00835705734789,0.00164243928157,0.00152839464135,0.00162736675702,0.000123468838865],[-0.000322020146996,0.00137648603413,-0.00120605109259,-0.00135958008468,-0.00033134027035,-0.00848891865462,0.00232586613856,0.017611855641,-0.00365824857727,-0.003755382495,0.00218676892109,-0.000396102346713,0.00133043725509],[0.000318373233313,-0.00149211136159,0.00000465469838673,0.00241594505496,-0.000625078449957,0.00307789770886,-0.00835705734789,-0.00365824857727,0.0231840703636,-0.00714604090899,-0.000177531444933,0.00107437546831,-0.00373749318533],[0.0000116555229397,0.000760331109632,0.00100622524042,-0.00170652638189,0.00281009590253,-0.00247613643296,0.00164243928157,-0.003755382495,-0.00714604090899,0.0307357050478,-0.0110325245187,-0.00494105415419,0.00308238249272],[-0.0000757169545977,-0.000246185052674,-0.000588322931435,0.00103877019137,-0.00444735819474,0.00191429024562,0.00152839464135,0.00218676892109,-0.000177531444933,-0.0110325245187,0.0283475928009,-0.00603940524161,-0.00476871384308],[-0.0000498656372656,0.000770952203311,0.000183608281077,0.000165361896507,-0.000977562391199,-0.00383217120543,0.00162736675702,-0.000396102346713,0.00107437546831,-0.00494105415419,-0.00603940524161,0.0307709444314,-0.00729913497344],[0.000190232676687,-0.00126378494315,-0.000365073792636,0.000729878025595,0.0014029055601,-0.000232614882407,0.000123468838865,0.00133043725509,-0.00373749318533,0.00308238249272,-0.00476871384308,-0.00729913497344,0.0291885957122]],"mean":[-636.356750488,152.340576172,-43.4794960022,18.0154151917,-12.7770242691,30.1809101105,-10.6799249649,11.7364664078,-2.07192993164,4.03476428986,0.869817078114,5.24054908752,2.73532295227]},"pitch_salience":{"dmean":0.0781897902489,"dmean2":0.130742326379,"dvar":0.00569626223296,"dvar2":0.0150715885684,"max":0.982332229614,"mean":0.651652395725,"median":0.679713726044,"min":0.0845781490207,"var":0.0112307844684},"silence_rate_20dB":{"dmean":0,"dmean2":0,"dvar":0,"dvar2":0,"max":1,"mean":1,"median":1,"min":1,"var":0},"silence_rate_30dB":{"dmean":0.00175989943091,"dmean2":0.00352024147287,"dvar":0.00175670208409,"dvar2":0.00401041889563,"max":1,"mean":0.998114645481,"median":1,"min":0,"var":0.00188189803157},"silence_rate_60dB":{"dmean":0.0005028283922,"dmean2":0.00100578321144,"dvar":0.000502561160829,"dvar2":0.00125615985598,"max":1,"mean":0.0589492209256,"median":0,"min":0,"var":0.0554746650159},"spectral_centroid":{"dmean":188.692733765,"dmean2":283.717193604,"dvar":43097.1015625,"dvar2":86236.1796875,"max":11583.3232422,"mean":1613.32324219,"median":1348.01782227,"min":285.790252686,"var":1746744.125},"spectral_complexity":{"dmean":3.28397226334,"dmean2":5.08926343918,"dvar":8.29348373413,"dvar2":18.1933746338,"max":62,"mean":30.0737800598,"median":30,"min":0,"var":105.579376221},"spectral_contrast_coeffs":{"dmean":[0.05425715819,0.0487073361874,0.0355677045882,0.027899838984,0.0197653714567,0.0475729331374],"dmean2":[0.0901896208525,0.0824418589473,0.0611044317484,0.0481064133346,0.0336713269353,0.0715433955193],"dvar":[0.00176038290374,0.00149472767953,0.000795714790002,0.000473704043543,0.000249383272603,0.0014625081094],"dvar2":[0.00486259441823,0.00431231642142,0.00229544448666,0.00137660244945,0.000706498685759,0.00346239632927],"max":[-0.45175203681,-0.496764391661,-0.588914871216,-0.65605533123,-0.662853837013,-0.405439853668],"mean":[-0.717654287815,-0.779132902622,-0.811839401722,-0.80400365591,-0.801582217216,-0.67102342844],"median":[-0.720317006111,-0.782376766205,-0.811319112778,-0.801388263702,-0.799538135529,-0.663425922394],"min":[-0.982742071152,-0.980444610119,-0.983393669128,-0.973167598248,-0.971367478371,-0.964571118355],"var":[0.00582274096087,0.00390956783667,0.0021144982893,0.00145274691749,0.00131838524248,0.0074579208158]},"spectral_contrast_valleys":{"dmean":[0.440953165293,0.329541623592,0.264007657766,0.212617740035,0.219718337059,0.585156142712],"dmean2":[0.722330510616,0.56305962801,0.447050303221,0.358425557613,0.317920595407,0.93012881279],"dvar":[0.130220010877,0.0860504731536,0.0573175624013,0.0429846607149,0.0673683062196,0.25394910574],"dvar2":[0.325390398502,0.20999866724,0.128093108535,0.08709192276,0.111587285995,0.625011563301],"max":[-5.56712245941,-4.48998212814,-4.93935871124,-5.38782930374,-5.50762176514,-9.10602664948],"mean":[-7.42000579834,-6.54514932632,-6.62398815155,-6.8652677536,-7.62657165527,-11.5234174728],"median":[-6.92754077911,-6.01558923721,-6.04877376556,-6.29555082321,-7.12358427048,-11.1401195526],"min":[-28.22057724,-28.0136051178,-27.9963588715,-27.6468925476,-27.5304088593,-27.4225349426],"var":[7.89834737778,8.83639812469,8.88468837738,8.58167171478,7.85330915451,5.32931947708]},"spectral_decrease":{"dmean":2.59138044356e-9,"dmean2":4.24875468141e-9,"dvar":7.58158428854e-18,"dvar2":1.96167917131e-17,"max":1.56815879726e-10,"mean":-6.67578348157e-9,"median":-6.04340577581e-9,"min":-3.71669450772e-8,"var":1.88720131788e-17},"spectral_energy":{"dmean":0.0101989973336,"dmean2":0.0166339371353,"dvar":0.000113861533464,"dvar2":0.000293264631182,"max":0.157370895147,"mean":0.0371799580753,"median":0.0360072702169,"min":1.01328607218e-20,"var":0.000377990800189},"spectral_energyband_high":{"dmean":0.000413246132666,"dmean2":0.000499109039083,"dvar":4.59776430262e-7,"dvar2":7.82551694556e-7,"max":0.028425578028,"mean":0.00123732420616,"median":0.000757925445214,"min":7.0834101182e-21,"var":0.00000204716479857},"spectral_energyband_low":{"dmean":0.00715842749923,"dmean2":0.0121904918924,"dvar":0.0000846357215778,"dvar2":0.000222617803956,"max":0.0929077640176,"mean":0.00852008257061,"median":0.00529563426971,"min":5.90689500613e-24,"var":0.0000857734048623},"spectral_energyband_middle_high":{"dmean":0.00293302489445,"dmean2":0.00486903265119,"dvar":0.0000102979311123,"dvar2":0.0000277620001725,"max":0.109074272215,"mean":0.012578648515,"median":0.0117283696309,"min":9.93319616441e-22,"var":0.0000532042176928},"spectral_energyband_middle_low":{"dmean":0.00386630790308,"dmean2":0.00629918044433,"dvar":0.0000296528542094,"dvar2":0.0000750908293412,"max":0.132352039218,"mean":0.0107812890783,"median":0.00789041444659,"min":1.65152435507e-22,"var":0.0000962599588092},"spectral_entropy":{"dmean":0.103932231665,"dmean2":0.142331376672,"dvar":0.00915705598891,"dvar2":0.0164536815137,"max":9.83583831787,"mean":7.75172281265,"median":7.73209667206,"min":6.71455860138,"var":0.128350868821},"spectral_flux":{"dmean":0.0201741196215,"dmean2":0.0333896018565,"dvar":0.000423110177508,"dvar2":0.0010026920354,"max":0.295315265656,"mean":0.117799296975,"median":0.120952241123,"min":6.18133391694e-11,"var":0.00175506027881},"spectral_kurtosis":{"dmean":3.8827009201,"dmean2":5.28152894974,"dvar":22.9139251709,"dvar2":46.8881988525,"max":94.3758163452,"mean":19.0058040619,"median":16.9673156738,"min":-1.25892102718,"var":102.496887207},"spectral_rms":{"dmean":0.000786252261605,"dmean2":0.00126720173284,"dvar":5.56546297048e-7,"dvar2":0.00000141547775456,"max":0.0123908268288,"mean":0.00571491010487,"median":0.0059269759804,"min":3.14415615939e-12,"var":0.00000361293405149},"spectral_rolloff":{"dmean":5653.88720703,"dmean2":10657.5615234,"dvar":54067648,"dvar2":121836176,"max":21942.3339844,"mean":10554.3759766,"median":5534.03320312,"min":86.1328125,"var":76291304},"spectral_skewness":{"dmean":0.304179310799,"dmean2":0.393882155418,"dvar":0.109972022474,"dvar2":0.197839856148,"max":7.84545373917,"mean":2.82845926285,"median":2.7257130146,"min":-0.0838679298759,"var":0.796822309494},"spectral_spread":{"dmean":375217.5,"dmean2":541123,"dvar":296831680512,"dvar2":533832105984,"max":42653044,"mean":4269893,"median":3551689.25,"min":1672797,"var":23798199877600},"spectral_strongpeak":{"dmean":1.42205643654,"dmean2":2.6311173439,"dvar":43.1166038513,"dvar2":113.581520081,"max":103.920982361,"mean":1.48668241501,"median":0.243414700031,"min":0,"var":53.6558036804},"zerocrossingrate":{"dmean":0.0274833906442,"dmean2":0.03596528247,"dvar":0.000488985038828,"dvar2":0.000850977841765,"max":0.5361328125,"mean":0.254154503345,"median":0.2490234375,"min":0.0595703125,"var":0.00417611189187}},"metadata":{"audio_properties":{"analysis_sample_rate":44100,"bit_rate":192000,"codec":"mp3","downmix":"mix","equal_loudness":0,"length":184.711837769,"lossless":false,"md5_encoded":"e2a29183af025c93d36e3c56e3a7c6d7","replay_gain":-9.92308616638,"sample_rate":44100},"tags":{"album":["Iron Fist"],"albumartist":["Motörhead"],"albumartistsort":["Motörhead"],"artist":["Motörhead"],"artistsort":["Motörhead"],"asin":["B000110PG2"],"composer":["\"Fast\" Eddie Clarke/\"Philthy Animal\" Taylor/Lemmy"],"date":["1982"],"discnumber":["1/1"],"file_name":"02. Motörhead - Heart of Stone.mp3","genre":["Heavy Metal"],"label":["Bronze Records Ltd."],"musicbrainz album release country":["GB"],"musicbrainz album status":["official"],"musicbrainz album type":["album"],"musicbrainz_albumartistid":["57961a97-3796-4bf7-9f02-a985a8979ae9"],"musicbrainz_albumid":["99c3b030-dd36-47e2-9b30-43816bb50c5d"],"musicbrainz_artistid":["57961a97-3796-4bf7-9f02-a985a8979ae9"],"musicbrainz_recordingid":["8f74067b-bdda-44c5-959b-2e14e36b9901"],"musicip_puid":["ede064ce-f096-5547-704d-687a2d262d70"],"title":["Heart of Stone"],"tracknumber":["2/12"]},"version":{"essentia":"2.1-beta1","essentia_build_sha":"ca57ba49d9b1854bd80e60cf9ccf267278fb7d6b","essentia_git_sha":"v2.1_beta1-28-g21ef5f4-dirty","extractor":"music 1.0"}},"rhythm":{"beats_count":406,"beats_loudness":{"dmean":0.011129935272,"dmean2":0.0192100442946,"dvar":0.000113926413178,"dvar2":0.000333260570187,"max":0.0910931676626,"mean":0.0393546819687,"median":0.0394093468785,"min":0,"var":0.000279015453998},"beats_loudness_band_ratio":{"dmean":[0.126373484731,0.0641667246819,0.0701747983694,0.0765473842621,0.0386106111109,0.0638738200068],"dmean2":[0.221237227321,0.109824754298,0.12682081759,0.134155631065,0.0652933046222,0.109001614153],"dvar":[0.0111691588536,0.00472011649981,0.0050336997956,0.00415074126795,0.00108374794945,0.00443647103384],"dvar2":[0.0343448184431,0.0132912276313,0.0150394747034,0.013169169426,0.00317226885818,0.0113149