{"lowlevel":{"average_loudness":0.840578258038,"barkbands":{"dmean":[0.000163299133419,0.00323434569873,0.00216028164141,0.00233894842677,0.00161206931807,0.000537735933904,0.000516626692843,0.0006366938469,0.00127334345598,0.000473051768495,0.000428129569627,0.000261182198301,0.000366822467186,0.000347717141267,0.000362310616765,0.000377613090677,0.000279932486592,0.000290029653115,0.000132358138217,0.000120877019071,0.0000615258104517,0.000068914538133,0.000082424361608,0.0000723822231521,0.0000411325199821,0.0000307523041556,0.0000237298227148],"dmean2":[0.000226814794587,0.00554054044187,0.00378876179457,0.00401959754527,0.0026973686181,0.000830854056403,0.000813200778794,0.000989331747405,0.00191556219943,0.000710625492502,0.000678427284583,0.000419827061705,0.000600470753852,0.000565888767596,0.000595905876253,0.00063448533183,0.000461273244582,0.000484571821289,0.000212847531657,0.000188855148735,0.0000911829192773,0.0000978038297035,0.00010946970724,0.0000896790952538,0.0000502818656969,0.000036992092646,0.0000299380280921],"dvar":[1.37601745109e-7,0.0000877537750057,0.0000211186088563,0.0000292775166599,0.0000113857468023,0.00000123601239466,0.00000115302589165,0.00000566349081055,0.0000125953965835,8.34152785956e-7,7.65662264257e-7,2.5313326546e-7,5.09801736825e-7,5.21504830431e-7,4.46590888714e-7,5.34614741809e-7,2.20713019417e-7,3.13459167955e-7,5.52612249294e-8,6.97850097708e-8,2.35869830334e-8,6.11313240029e-8,3.26496120806e-7,1.85939285302e-7,2.71936233531e-8,3.75296815847e-9,2.24054241826e-9],"dvar2":[2.70588571993e-7,0.000234184160945,0.0000599753802817,0.0000792965292931,0.0000310871764668,0.00000300993042401,0.00000277348112832,0.000013683369616,0.0000291693486361,0.0000018289382524,0.00000198613361135,6.19998672846e-7,0.00000136172991461,0.00000131954709559,0.00000115594650651,0.00000143359977756,5.61351725992e-7,8.82122094481e-7,1.37677801604e-7,1.62562969308e-7,5.27447276966e-8,1.23724774426e-7,5.073256375e-7,2.80366265315e-7,4.34370051039e-8,6.02588912102e-9,3.88597953815e-9],"max":[0.00430988427252,0.083516150713,0.047696493566,0.0697857663035,0.0486867949367,0.0306834857911,0.0448060296476,0.112463064492,0.0667645409703,0.0267241075635,0.0287947822362,0.0213204659522,0.0243623573333,0.0162170492113,0.020046485588,0.0171151962131,0.0108260288835,0.0153000028804,0.00953528285027,0.00939283333719,0.00349856144749,0.0160557925701,0.0534471161664,0.0215212870389,0.00748437596485,0.0017032668693,0.000752514286432],"mean":[0.000192436142243,0.00288896192797,0.00399749493226,0.00369441066869,0.00360784539953,0.000983873964287,0.000896918179933,0.000970641791355,0.00209115538746,0.000933200877625,0.000825785566121,0.00047615240328,0.000656324438751,0.00060089409817,0.000659549317788,0.000699369469658,0.000535482191481,0.000593128730543,0.000268647097982,0.000279742263956,0.00011250301759,0.000131835637148,0.000179079928785,0.000138558141771,0.0000709503074177,0.00004777268623,0.0000307870104734],"median":[0.00000846040711622,0.000670335371979,0.00288830976933,0.00212780572474,0.00248831044883,0.000414852489484,0.000377777207177,0.0000949282766669,0.00033240011544,0.000402453326387,0.000416022376157,0.00025907845702,0.000350569142029,0.00025019882014,0.000331139890477,0.000362291175406,0.00032086065039,0.00032181001734,0.000146828984725,0.000116503841127,0.0000376303069061,0.0000312805132126,0.0000330848633894,0.0000232170659729,0.0000153239780047,0.0000100757333712,0.00000279033474726],"min":[9.85123205233e-10,1.51250012514e-9,1.56318860633e-10,1.39941155886e-10,1.1025785146e-10,1.34449257283e-10,8.36431618412e-11,1.1853963644e-10,1.24523891198e-10,3.8619876741e-10,3.74982489504e-10,1.5999046532e-10,1.41881562055e-10,1.26382876386e-10,3.80975057057e-10,1.54464024904e-10,7.25913218425e-11,6.37503216883e-10,5.68619908103e-11,2.20339246848e-10,1.71416034145e-10,2.52999482475e-10,2.0606893969e-10,3.52266660286e-10,3.52248397117e-10,8.50120585039e-10,1.26748356255e-9],"var":[2.05485250149e-7,0.0000639776553726,0.000021971469323,0.0000289055442408,0.0000160889539984,0.00000293077596325,0.0000025414681204,0.0000126519153127,0.0000287173897959,0.00000256651219388,0.00000175245668288,4.85303530695e-7,9.85349174698e-7,0.00000107784251213,9.3556604952e-7,0.00000102871911167,5.02860132201e-7,6.9441875894e-7,1.54597600499e-7,3.345066375e-7,4.54571065234e-8,1.7176422773e-7,0.00000125559188291,5.60910962122e-7,7.13356556048e-8,9.48481826413e-9,4.16107681644e-9]},"barkbands_crest":{"dmean":2.3226993084,"dmean2":3.79988980293,"dvar":5.94339752197,"dvar2":15.6967525482,"max":25.4537086487,"mean":8.82690811157,"median":7.97314882278,"min":2.58200025558,"var":13.4207515717},"barkbands_flatness_db":{"dmean":0.0197444818914,"dmean2":0.0274547748268,"dvar":0.00037298706593,"dvar2":0.000769088917878,"max":0.398829966784,"mean":0.131181851029,"median":0.119106583297,"min":0.0221288576722,"var":0.00330227869563},"barkbands_kurtosis":{"dmean":2.29634547234,"dmean2":3.65646791458,"dvar":20.3503913879,"dvar2":47.4681892395,"max":125.225448608,"mean":3.92403864861,"median":0.678354978561,"min":-1.91035938263,"var":86.4321746826},"barkbands_skewness":{"dmean":0.469974786043,"dmean2":0.735625684261,"dvar":0.29150518775,"dvar2":0.691818833351,"max":10.3748826981,"mean":1.35508155823,"median":1.11516690254,"min":-6.27188539505,"var":1.59142744541},"barkbands_spread":{"dmean":5.04722833633,"dmean2":7.64255046844,"dvar":33.4632644653,"dvar2":76.7301864624,"max":106.971168518,"mean":22.9737548828,"median":22.0945472717,"min":0.725348889828,"var":152.553222656},"dissonance":{"dmean":0.0160041041672,"dmean2":0.0266886074096,"dvar":0.000272285047686,"dvar2":0.000709647254553,"max":0.499999970198,"mean":0.468008369207,"median":0.475099384785,"min":0.248551607132,"var":0.000706275750417},"dynamic_complexity":2.43238353729,"erbbands":{"dmean":[0.0917547866702,0.760454535484,2.12247228622,5.48382902145,7.74263763428,3.73797154427,4.62534236908,4.65114831924,7.49724340439,7.99126911163,17.2638626099,26.381696701,17.9111766815,16.701675415,11.5792102814,9.78707408905,15.5393104553,14.1659755707,21.2207698822,12.8105630875,22.0872001648,15.7729101181,14.9865369797,10.641040802,5.17623662949,5.67111825943,3.06502318382,2.21657419205,2.41989374161,2.6477432251,2.33622145653,1.74332153797,1.06608617306,0.546104490757,0.25151219964,0.115965746343,0.0578320585191,0.0258023310453,0.00399501156062,0.00017672656395],"dmean2":[0.148831948638,1.35898602009,3.82165980339,9.29013061523,13.4067745209,6.24366044998,7.10411596298,7.06576299667,11.7637462616,12.5104207993,26.3459205627,39.4590072632,27.2776012421,25.4496421814,18.6549358368,15.7188663483,25.1564884186,23.0069885254,34.4495277405,20.8988723755,36.9547348022,25.8326663971,24.8611755371,17.4724388123,8.10548782349,8.93565273285,4.70617341995,3.22528958321,3.44882178307,3.67063689232,3.16146492958,2.19314289093,1.33130800724,0.672524034977,0.312084436417,0.143682286143,0.0709050968289,0.0320033170283,0.00505546480417,0.000223135881242],"dvar":[0.0623273178935,5.27229738235,27.0388946533,106.616142273,431.314422607,39.197517395,102.662612915,88.0461425781,202.485336304,604.719909668,3121.94702148,5088.44335938,2857.01147461,1009.28894043,675.277038574,331.923461914,948.800842285,588.16204834,1903.2076416,476.572753906,2097.15771484,647.84954834,899.563842773,316.640258789,130.576919556,164.018066406,55.827167511,31.0851478577,54.2883491516,268.79019165,288.3465271,94.7562942505,47.6795005798,6.89438009262,0.881752252579,0.0869010910392,0.0132475290447,0.00254220375791,0.000062966842961,1.24482525621e-7],"dvar2":[0.15668515861,14.6252155304,77.7385177612,289.378051758,1187.89489746,102.792617798,246.9402771,200.157348633,512.951293945,1420.04333496,7508.88574219,10991.9365234,6852.66992188,2399.14941406,1780.14953613,826.026245117,2498.99023438,1509.69506836,4839.36914062,1215.58898926,5576.46484375,1643.59204102,2515.30664062,853.592590332,313.365905762,404.108978271,129.919570923,68.0397796631,110.496078491,480.523681641,493.044342041,136.795684814,78.128616333,10.763379097,1.5459138155,0.154767230153,0.0222926437855,0.00435110507533,0.000108497231849,2.24395435566e-7],"max":[1.8647236824,22.0194225311,49.4748001099,134.150878906,267.931213379,99.2999572754,357.012969971,381.849029541,350.550018311,1150.55480957,2321.37011719,1742.38879395,1552.90673828,953.6875,878.223937988,833.99609375,1253.93676758,491.535949707,849.62890625,767.738830566,1208.13720703,628.131591797,929.669799805,455.96875,662.360839844,495.858978271,174.033218384,159.32723999,408.119689941,1239.29089355,1427.34472656,723.456176758,338.043884277,114.792358398,55.040927887,11.9211730957,3.61525678635,0.928413748741,0.137701883912,0.0069612422958],"mean":[0.0820047855377,0.677394926548,3.19613671303,11.4391717911,12.3805522919,8.8295841217,9.73748493195,9.05905628204,13.5093803406,13.0569238663,27.4120826721,44.5179519653,32.4175758362,38.173324585,24.0249328613,19.5510997772,29.7779388428,28.0302467346,40.1540756226,27.8895187378,42.3046226501,31.9601516724,31.6244029999,23.5078620911,12.0238056183,12.9687662125,5.99669599533,4.13519525528,4.56549263,5.40446615219,4.94461870193,3.47019720078,1.92986190319,0.943754315376,0.42799988389,0.190757706761,0.0867117494345,0.0350425168872,0.00521867023781,0.000249286764301],"median":[0.0155744086951,0.200470358133,2.19338226318,7.55930280685,8.22903347015,6.4313120842,4.21476078033,3.82518482208,6.58679485321,3.57638144493,3.68024873734,9.10185146332,13.6895341873,20.5075912476,13.5468425751,11.6161851883,16.9384117126,15.6663551331,17.7657203674,16.8181686401,21.6628074646,20.8097763062,17.8909645081,14.5255661011,5.57733011246,5.68306827545,2.4838681221,1.14962601662,1.15312933922,1.07813441753,0.933019042015,0.537912011147,0.336762309074,0.18904837966,0.0954364836216,0.0461728647351,0.0168119519949,0.00423992332071,0.000487698824145,0.0000562256245757],"min":[1.08287821377e-7,9.75738032594e-8,1.22111828205e-7,4.95299957493e-7,4.46622323125e-7,5.85489203786e-7,7.58534156375e-7,0.00000100222814581,0.00000105191520561,0.0000022937497306,0.00000310259451908,0.00000332574404638,0.00000676102763464,0.0000115158509288,0.0000131054630401,0.00000775620446802,0.00000631528246231,0.00000566885273656,0.000020654502805,0.000010353766811,0.00000806849038781,0.00000482677432956,0.000024871666028,0.0000188340291061,0.00000609811377217,0.0000101570358311,0.00000700243799656,0.00000746026307752,0.00000917793840927,0.00000823187292553,0.00000463608284917,0.00000552903020434,0.00000635724882159,0.00000437708240497,0.00000253617713497,0.00000293296784548,0.00000175195702923,6.95325809374e-7,1.93204769516e-7,1.54707144873e-8],"var":[0.0520770810544,3.45310401917,20.3586120605,158.884719849,342.803649902,79.3642272949,328.692047119,302.141723633,446.859344482,1318.81982422,6813.65332031,12149.3193359,5583.31152344,3288.71020508,1605.61181641,674.287902832,1881.95800781,1393.79553223,4358.58105469,1194.23999023,3979.26025391,1531.69592285,2020.33178711,810.768249512,586.681152344,678.991699219,103.87146759,68.2981414795,151.903839111,919.517089844,938.379577637,331.191101074,123.493110657,18.0374259949,2.07185482979,0.224400758743,0.0300155151635,0.00504998257384,0.000117534145829,2.24747850552e-7]},"erbbands_crest":{"dmean":2.62467455864,"dmean2":4.23403787613,"dvar":6.31739377975,"dvar2":15.2849464417,"max":31.6619796753,"mean":9.25822067261,"median":8.17971420288,"min":2.35810399055,"var":19.1838932037},"erbbands_flatness_db":{"dmean":0.0203383751214,"dmean2":0.0256340354681,"dvar":0.000399199314415,"dvar2":0.000628902693279,"max":0.367278128862,"mean":0.160362139344,"median":0.15654233098,"min":0.0395235419273,"var":0.00241663912311},"erbbands_kurtosis":{"dmean":0.983909547329,"dmean2":1.54093515873,"dvar":4.51689291,"dvar2":10.7594537735,"max":80.2736968994,"mean":0.652661204338,"median":-0.146943092346,"min":-1.88383066654,"var":12.681479454},"erbbands_skewness":{"dmean":0.36084201932,"dmean2":0.553515195847,"dvar":0.129625201225,"dvar2":0.286480814219,"max":7.17377853394,"mean":0.086151830852,"median":-0.0635699629784,"min":-5.50574159622,"var":0.911900520325},"erbbands_spread":{"dmean":7.41533660889,"dmean2":11.2969551086,"dvar":70.9204864502,"dvar2":152.151077271,"max":163.901351929,"mean":36.228099823,"median":32.7686843872,"min":2.93283987045,"var":301.797424316},"gfcc":{"cov":[[4649.85595703,-1235.68334961,-20.8903827667,-27.4249839783,-70.2154769897,373.56918335,36.9030723572,113.467124939,-124.259086609,140.271057129,-152.213165283,43.0149650574,-39.5102310181],[-1235.68334961,1675.34008789,-234.431045532,91.2462692261,375.066101074,-138.093170166,123.303436279,-2.50286698341,98.6740722656,-117.712593079,79.1044387817,-73.2367324829,63.5390625],[-20.8903827667,-234.431045532,1396.89941406,252.970352173,75.9484329224,137.680923462,-36.3745422363,-22.2700405121,53.7408370972,46.5068511963,-66.7835006714,47.824016571,-29.8937969208],[-27.4249839783,91.2462692261,252.970352173,446.473236084,-46.4032516479,85.1878509521,-26.6112766266,-37.8648262024,29.5625286102,-18.5860061646,12.1408424377,-7.77835226059,21.6250743866],[-70.2154769897,375.066101074,75.9484329224,-46.4032516479,502.354705811,-11.195731163,87.7014541626,19.4110813141,-4.23696756363,-26.4375019073,-10.8571739197,32.943447113,45.0784873962],[373.56918335,-138.093170166,137.680923462,85.1878509521,-11.195731163,223.505630493,43.1770629883,30.8969459534,-0.56677210331,15.575302124,-16.1203346252,13.7562437057,13.9132070541],[36.9030723572,123.303436279,-36.3745422363,-26.6112766266,87.7014541626,43.1770629883,199.697235107,77.8534011841,19.3587760925,4.97462797165,-10.3589267731,-11.4371528625,3.57829189301],[113.467124939,-2.50286698341,-22.2700405121,-37.8648262024,19.4110813141,30.8969459534,77.8534011841,141.065155029,46.2905807495,17.022321701,7.38636302948,-2.49103045464,-9.37511348724],[-124.259086609,98.6740722656,53.7408370972,29.5625286102,-4.23696756363,-0.56677210331,19.3587760925,46.2905807495,136.089050293,43.441822052,29.1852836609,-2.13384604454,-15.1729650497],[140.271057129,-117.712593079,46.5068511963,-18.5860061646,-26.4375019073,15.575302124,4.97462797165,17.022321701,43.441822052,108.708633423,26.9210662842,0.0414120480418,-19.4769954681],[-152.213165283,79.1044387817,-66.7835006714,12.1408424377,-10.8571739197,-16.1203346252,-10.3589267731,7.38636302948,29.1852836609,26.9210662842,102.007293701,21.5200099945,-9.23001480103],[43.0149650574,-73.2367324829,47.824016571,-7.77835226059,32.943447113,13.7562437057,-11.4371528625,-2.49103045464,-2.13384604454,0.0414120480418,21.5200099945,88.8231430054,28.5252037048],[-39.5102310181,63.5390625,-29.8937969208,21.6250743866,45.0784873962,13.9132070541,3.57829189301,-9.37511348724,-15.1729650497,-19.4769954681,-9.23001480103,28.5252037048,85.2863311768]],"icov":[[0.000345282402122,0.000177898007678,0.000152027554577,-0.000123599907965,-0.000161046671565,-0.000437317066826,0.00010447796376,-0.000273080571787,0.000288765848381,-0.000474212545669,0.000548687763512,-0.000203572984901,0.00030465630698],[0.000177898007678,0.00141808274202,0.000149262137711,-0.000258230196778,-0.000979756354354,0.000321787054418,-0.000620463280939,0.000511313090101,-0.00125432119239,0.00153454171959,-0.00137771887239,0.00183419394307,-0.000943956256378],[0.000152027554577,0.000149262137711,0.00111647008453,-0.000696810486261,-0.000434411223978,-0.000527236610651,0.000323477579514,0.0000324748252751,-0.000300528452499,-0.000712238252163,0.00141974620055,-0.00103702733759,0.00111724133603],[-0.000123599907965,-0.000258230196778,-0.000696810486261,0.00332244555466,0.000565679976717,-0.00114944286179,0.000136721107992,0.00115317560267,-0.00102903496008,0.00139219092671,-0.00150727981236,0.00132494664285,-0.00141340622213],[-0.000161046671565,-0.000979756354354,-0.000434411223978,0.000565679976717,0.00315349036828,0.000280294480035,-0.000883867614903,-0.000123519639601,0.000757399946451,-0.000360358506441,0.000649043591693,-0.00171192467678,-0.000634121824987],[-0.000437317066826,0.000321787054418,-0.000527236610651,-0.00114944286179,0.000280294480035,0.0066978991963,-0.00164610822685,-0.000805277377367,0.000280660460703,-0.0000618391131866,-0.00030592631083,-0.00013773801038,-0.00154718069825],[0.00010447796376,-0.000620463280939,0.000323477579514,0.000136721107992,-0.000883867614903,-0.00164610822685,0.00778528768569,-0.00394669082016,0.000681437144522,-0.00123710220214,0.00169384467881,0.000188578502275,0.000523550319485],[-0.000273080571787,0.000511313090101,0.0000324748252751,0.00115317560267,-0.000123519639601,-0.000805277377367,-0.00394669082016,0.0113282026723,-0.00436453614384,0.0017340912018,-0.00169436691795,0.000941376958508,-0.0000596455101913],[0.000288765848381,-0.00125432119239,-0.000300528452499,-0.00102903496008,0.000757399946451,0.000280660460703,0.000681437144522,-0.00436453614384,0.0121555058286,-0.00561254937202,0.000395650335122,-0.00184378423728,0.00180965126492],[-0.000474212545669,0.00153454171959,-0.000712238252163,0.00139219092671,-0.000360358506441,-0.0000618391131866,-0.00123710220214,0.0017340912018,-0.00561254937202,0.015315358527,-0.00612119911239,0.00366693967953,-0.000912330520805],[0.000548687763512,-0.00137771887239,0.00141974620055,-0.00150727981236,0.000649043591693,-0.00030592631083,0.00169384467881,-0.00169436691795,0.000395650335122,-0.00612119911239,0.0167052242905,-0.00787274539471,0.00472348509356],[-0.000203572984901,0.00183419394307,-0.00103702733759,0.00132494664285,-0.00171192467678,-0.00013773801038,0.000188578502275,0.000941376958508,-0.00184378423728,0.00366693967953,-0.00787274539471,0.0185833312571,-0.00769542343915],[0.00030465630698,-0.000943956256378,0.00111724133603,-0.00141340622213,-0.000634121824987,-0.00154718069825,0.000523550319485,-0.0000596455101913,0.00180965126492,-0.000912330520805,0.00472348509356,-0.00769542343915,0.0170772653073]],"mean":[5.6029586792,84.7881774902,-116.560203552,21.6448497772,-38.9031486511,4.75762701035,-37.5128746033,2.65653586388,-26.4401416779,-12.3650875092,-21.1642627716,-3.55219388008,-15.9367132187]},"hfc":{"dmean":6.08237266541,"dmean2":8.24802303314,"dvar":106.757469177,"dvar2":162.508712769,"max":632.00994873,"mean":22.2967357635,"median":17.3717422485,"min":0.0000588012735534,"var":518.918212891},"melbands":{"dmean":[0.000860877335072,0.00106856483035,0.00100486131851,0.000414742680732,0.000152651395183,0.000104127182567,0.000108316773549,0.000101535915746,0.000148213977809,0.000178095317096,0.0000921901882975,0.0000706975552021,0.0000494814485137,0.0000236046198552,0.0000355944139301,0.0000427666782343,0.0000256999101111,0.0000375805175281,0.000026513425837,0.0000199442292796,0.0000286521826638,0.0000189707188838,0.0000105606250145,0.0000177063157025,0.00000869222185429,0.00000372392719328,0.00000478980155094,0.00000394542348658,0.00000222006201511,0.00000150303446844,0.00000128921954001,0.00000133696778448,0.00000165138158081,0.00000158870966516,0.00000154512758854,0.00000122116648527,0.00000106705022063,8.3298584741e-7,5.9908569483e-7,4.43845976861e-7],"dmean2":[0.0014359356137,0.00190406816546,0.00171294528991,0.000709010229912,0.000233636208577,0.000158247174113,0.000170620129211,0.00015845168673,0.000225359501201,0.000266597955488,0.000140208794619,0.000107125029899,0.0000792944483692,0.0000380376477551,0.0000572191929678,0.000070272028097,0.0000417823684984,0.0000612741423538,0.0000436743721366,0.0000331256451318,0.0000479122209072,0.0000313312229991,0.000017365140593,0.0000298255145026,0.0000143035549627,0.0000059275807871,0.000007629866559,0.00000631780312688,0.00000350598202203,0.00000227012333198,0.00000190480466244,0.00000195508005163,0.00000241801512857,0.00000225798180509,0.00000217305046135,0.00000153016742388,0.00000141378495755,0.00000107895255042,7.96384711066e-7,5.65131813346e-7],"dvar":[0.00000585917587159,0.00000797624761617,0.0000045744527597,8.99976271285e-7,9.97766136379e-8,4.1700968012e-8,4.28250146456e-8,1.17198496241e-7,2.33482552403e-7,2.44647907266e-7,7.20188779724e-8,1.77783334721e-8,1.29469999166e-8,2.87864443393e-9,4.62225946407e-9,7.69276997659e-9,2.25003971011e-9,7.09784275799e-9,2.47955278532e-9,1.2129878213e-9,3.83183307306e-9,9.95334925591e-10,3.36921684996e-10,1.47786405336e-9,2.37066644093e-10,5.72463916548e-11,1.53018570037e-10,9.34459662427e-11,2.74792636562e-11,1.51431107237e-11,1.0659156717e-11,1.27915039672e-11,5.88845083804e-11,1.27970148367e-10,1.35393488088e-10,4.87901663515e-11,4.10258181593e-11,3.09113949715e-11,1.93172144947e-11,4.62556598926e-12],"dvar2":[0.0000152808079292,0.0000225181429414,0.0000124200068967,0.00000246578588303,2.31197191169e-7,9.65804574093e-8,1.08244051944e-7,2.81229461052e-7,5.64445258533e-7,5.31166335804e-7,1.72798465314e-7,4.18454604301e-8,3.42817507715e-8,7.10811320914e-9,1.15038965021e-8,2.1142639639e-8,5.75960168447e-9,1.81133934518e-8,6.62841692645e-9,3.19914228442e-9,1.02103401289e-8,2.52867193851e-9,8.85210738044e-10,4.20791890221e-9,6.37389030445e-10,1.30664257192e-10,3.66753655223e-10,2.45885228845e-10,6.65489677254e-11,3.454365613e-11,2.39976389454e-11,2.86511821213e-11,1.27465302202e-10,2.21052051663e-10,2.48526088598e-10,6.4618782547e-11,7.24466528434e-11,5.33579222473e-11,3.90264764949e-11,7.88843990129e-12],"max":[0.0201811250299,0.0263483524323,0.0278625711799,0.0134741868824,0.0113685913384,0.00740707851946,0.00566744012758,0.0163621269166,0.0152738755569,0.0123231587932,0.00778389675543,0.00383453862742,0.00424995692447,0.00249034329318,0.00173722044565,0.00229117251001,0.00107115425635,0.0017962459242,0.00174004165456,0.000678841839544,0.0016091237776,0.000656348944176,0.000403200887376,0.00112399773207,0.000444407400209,0.000446924183052,0.000528766424395,0.000451174331829,0.00012817728566,0.0000851747390698,0.000100538694824,0.000165012941579,0.000451538857305,0.000965940707829,0.000948125205468,0.000715884030797,0.000333848816808,0.000283039640635,0.000320731458487,0.000120770913782],"mean":[0.000781910435762,0.00148372270633,0.00192631047685,0.00082553352695,0.000336657714797,0.000202517592697,0.00019375111151,0.000160081282957,0.000232540609431,0.0002967606124,0.000161290823598,0.000158404058311,0.0000970306355157,0.0000434133908129,0.0000634492826066,0.0000722428085282,0.0000468669277325,0.0000653854949633,0.0000472261453979,0.0000376745811081,0.0000504762065248,0.0000343618230545,0.000021994650524,0.0000333459502144,0.0000177273159352,0.00000751321249481,0.0000101024434116,0.00000831078796182,0.00000405500895795,0.00000255457030107,0.00000227599707614,0.00000238311395151,0.00000288363435175,0.00000316462319461,0.00000301247905554,0.00000241965813075,0.00000197623080567,0.00000145120191064,9.75857460617e-7,7.36301956294e-7],"median":[0.000177857276867,0.000936185067985,0.00129206245765,0.000572490738705,0.000153649685672,0.0000890387309482,0.0000939582605497,0.0000278289080597,0.0000241732159338,0.0000523179696756,0.0000648588465992,0.0000826797186164,0.0000501557296957,0.0000250086904998,0.0000305196954287,0.0000350768386852,0.0000223931328946,0.0000236202249653,0.00002465984835,0.0000206189943128,0.0000229388660955,0.000020291779947,0.000013331392438,0.000015887831978,0.0000104833743535,0.00000352573124474,0.00000364536981579,0.00000359918294635,0.00000163452432389,7.57633472404e-7,5.4735824051e-7,6.11316636423e-7,5.82209111144e-7,5.66448591144e-7,5.87959561926e-7,3.44659582652e-7,3.09211202421e-7,2.37976337303e-7,1.66182047678e-7,1.48071990225e-7],"min":[7.29764415563e-10,7.2704037235e-11,7.42733374803e-11,3.95696947431e-11,2.88092865536e-11,1.89762597996e-11,1.72486989969e-11,2.20443698018e-11,2.43732742322e-11,1.86815025255e-11,2.9831314502e-11,4.35159859535e-11,5.16548089025e-11,2.29396727308e-11,1.75391923207e-11,1.32353650609e-11,8.4880167131e-12,2.74710237197e-11,2.32849208665e-11,9.98403269781e-12,7.94428064999e-12,5.20943010951e-12,4.77307386323e-12,3.93765853257e-11,1.24468022694e-11,2.34669662175e-12,7.87594989227e-12,5.99629460668e-12,4.39849111994e-12,3.91570673455e-12,4.89479116961e-12,5.82627262408e-12,3.77673153168e-12,5.14422792558e-12,3.02103155859e-12,2.24996757336e-12,3.63613414552e-12,3.5025992523e-12,5.85629982008e-12,3.22553225449e-12],"var":[0.00000455852932646,0.00000572914814256,0.00000504892113895,9.31702459184e-7,3.69813903944e-7,1.30016402977e-7,9.30726073989e-8,2.65879094741e-7,5.19035381785e-7,5.82612244671e-7,1.40745598287e-7,6.0053253037e-8,2.96253279686e-8,5.07542319284e-9,9.91126469785e-9,1.35909852261e-8,5.00544361515e-9,1.51131036574e-8,4.73629713227e-9,2.62192201284e-9,6.80877354498e-9,2.10838813075e-9,7.98149102366e-10,2.91331692104e-9,5.42313527419e-10,2.12033307578e-10,6.51223130976e-10,3.26314281152e-10,4.87323827125e-11,2.62911220572e-11,2.30397454587e-11,3.12885724274e-11,1.38102099201e-10,4.20691065317e-10,3.84870468828e-10,1.94364260797e-10,1.11863400487e-10,7.68132224493e-11,3.5099867457e-11,1.06644901243e-11]},"melbands_crest":{"dmean":2.85595321655,"dmean2":4.65824222565,"dvar":8.30609607697,"dvar2":21.2422180176,"max":34.3920707703,"mean":13.7118244171,"median":13.4714622498,"min":2.64225053787,"var":19.8193454742},"melbands_flatness_db":{"dmean":0.0230997242033,"dmean2":0.0339853428304,"dvar":0.000587110640481,"dvar2":0.00132901850156,"max":0.531905174255,"mean":0.203092098236,"median":0.190425172448,"min":0.0221187304705,"var":0.00568977836519},"melbands_kurtosis":{"dmean":5.7131690979,"dmean2":9.24837589264,"dvar":125.310165405,"dvar2":312.286315918,"max":313.563751221,"mean":11.5873365402,"median":4.5234503746,"min":-1.91835737228,"var":410.800201416},"melbands_skewness":{"dmean":0.67780393362,"dmean2":1.06924915314,"dvar":0.673804998398,"dvar2":1.6486287117,"max":12.0412893295,"mean":2.3647210598,"median":1.99398493767,"min":-2.75497674942,"var":2.75490999222},"melbands_spread":{"dmean":6.92340898514,"dmean2":10.8041000366,"dvar":87.6301956177,"dvar2":191.862594604,"max":270.6875,"mean":26.9210090637,"median":24.2408313751,"min":0.587576031685,"var":411.445983887},"mfcc":{"cov":[[4875.40625,-1134.69421387,-401.881774902,-342.369781494,-133.274703979,113.444526672,90.8258209229,6.56293869019,117.585411072,23.8393497467,54.5098190308,-59.8223953247,-38.0608062744],[-1134.69421387,1480.32995605,-372.970825195,191.121520996,208.50012207,-20.7646274567,102.098312378,93.2579574585,61.3891906738,44.6263771057,2.88757133484,-4.45831346512,14.5681409836],[-401.881774902,-372.970825195,1267.22546387,191.214050293,110.717170715,158.938598633,-51.1700782776,-4.22838878632,22.4620876312,-6.88430070877,46.8523330688,46.5961875916,6.2246556282],[-342.369781494,191.121520996,191.214050293,324.388763428,111.203483582,64.2187042236,13.8472824097,22.4851284027,14.392575264,1.49095976353,-3.8391854763,6.59894275665,-6.12022542953],[-133.274703979,208.50012207,110.717170715,111.203483582,284.569152832,77.7034912109,39.9815864563,29.149394989,32.2471237183,-19.6044139862,-15.9639282227,-11.7376966476,14.6992549896],[113.444526672,-20.7646274567,158.938598633,64.2187042236,77.7034912109,178.237075806,52.2056427002,20.5168952942,42.2232551575,-7.65523481369,-0.554813563824,-15.3785429001,-0.547973752022],[90.8258209229,102.098312378,-51.1700782776,13.8472824097,39.9815864563,52.2056427002,167.611053467,66.0539550781,55.6074829102,10.6013460159,10.3460702896,-10.9718151093,-14.0989131927],[6.56293869019,93.2579574585,-4.22838878632,22.4851284027,29.149394989,20.5168952942,66.0539550781,142.215209961,47.8464241028,26.3268489838,13.9189414978,-1.60246098042,-1.1430324316],[117.585411072,61.3891906738,22.4620876312,14.392575264,32.2471237183,42.2232551575,55.6074829102,47.8464241028,148.882049561,25.5911064148,23.0730686188,-6.49607610703,-11.6468305588],[23.8393497467,44.6263771057,-6.88430070877,1.49095976353,-19.6044139862,-7.65523481369,10.6013460159,26.3268489838,25.5911064148,122.587417603,39.6068916321,26.5037479401,11.8244180679],[54.5098190308,2.88757133484,46.8523330688,-3.8391854763,-15.9639282227,-0.554813563824,10.3460702896,13.9189414978,23.0730686188,39.6068916321,126.582771301,48.927482605,4.12769556046],[-59.8223953247,-4.45831346512,46.5961875916,6.59894275665,-11.7376966476,-15.3785429001,-10.9718151093,-1.60246098042,-6.49607610703,26.5037479401,48.927482605,108.353172302,33.4526062012],[-38.0608062744,14.5681409836,6.2246556282,-6.12022542953,14.6992549896,-0.547973752022,-14.0989131927,-1.1430324316,-11.6468305588,11.8244180679,4.12769556046,33.4526062012,98.4071578979]],"icov":[[0.000322078412864,0.000321273168083,0.000225996031077,0.000124457015772,-0.000121876575577,-0.000273560493952,-0.0000837582410895,-0.000014267102415,-0.000235210114624,-0.00010825721256,-0.000205473595997,0.000122323486721,0.0000271755761787],[0.000321273168083,0.00133261817973,0.000623177329544,-0.000519500346854,-0.000823690090328,0.000155038273078,-0.000329513044562,-0.000253142468864,-0.000395216513425,-0.00037829723442,-0.000323535379721,0.000139202937135,-0.000106069892354],[0.000225996031077,0.000623177329544,0.00135123019572,-0.000567213457543,-0.000471838109661,-0.000976908137091,0.000551708508283,-0.000157127520652,-0.000275137543213,-0.0000495621861774,-0.000528624572325,-0.000337178993504,0.000126850092784],[0.000124457015772,-0.000519500346854,-0.000567213457543,0.00438057584688,-0.000880377949215,-0.000992101617157,0.000275334605249,-0.000258273095824,0.000247777090408,-0.000234293416725,0.000406874198234,-0.000553738267627,0.000824438000564],[-0.000121876575577,-0.000823690090328,-0.000471838109661,-0.000880377949215,0.00521684344858,-0.00128763378598,-0.000331124843797,-0.000206677752431,-0.000323718762957,0.00105773331597,0.000569033785723,0.000298608414596,-0.00107715348713],[-0.000273560493952,0.000155038273078,-0.000976908137091,-0.000992101617157,-0.00128763378598,0.00862295832485,-0.00236838310957,0.000461151968921,-0.00113083375618,0.000412103807321,0.0000916052958928,0.00123311532661,-0.000828661082778],[-0.0000837582410895,-0.000329513044562,0.000551708508283,0.000275334605249,-0.000331124843797,-0.00236838310957,0.0089524583891,-0.00307050929405,-0.00140928826295,0.0001847785461,-0.000383794977097,-0.000137965093018,0.00115585047752],[-0.000014267102415,-0.000253142468864,-0.000157127520652,-0.000258273095824,-0.000206677752431,0.000461151968921,-0.00307050929405,0.00942748505622,-0.00156427838374,-0.00133142480627,-0.00017814480816,0.000377722200938,-0.000417226430727],[-0.000235210114624,-0.000395216513425,-0.000275137543213,0.000247777090408,-0.000323718762957,-0.00113083375618,-0.00140928826295,-0.00156427838374,0.00897832680494,-0.00124758633319,-0.00106676563155,0.000656430784147,0.000856448605191],[-0.00010825721256,-0.00037829723442,-0.0000495621861774,-0.000234293416725,0.00105773331597,0.000412103807321,0.0001847785461,-0.00133142480627,-0.00124758633319,0.0100700287148,-0.00211952836253,-0.00113178789616,-0.00102600338869],[-0.000205473595997,-0.000323535379721,-0.000528624572325,0.000406874198234,0.000569033785723,0.0000916052958928,-0.000383794977097,-0.00017814480816,-0.00106676563155,-0.00211952836253,0.0109857954085,-0.00475877989084,0.00117095047608],[0.000122323486721,0.000139202937135,-0.000337178993504,-0.000553738267627,0.000298608414596,0.00123311532661,-0.000137965093018,0.000377722200938,0.000656430784147,-0.00113178789616,-0.00475877989084,0.013440287672,-0.00419513368979],[0.0000271755761787,-0.000106069892354,0.000126850092784,0.000824438000564,-0.00107715348713,-0.000828661082778,0.00115585047752,-0.000417226430727,0.000856448605191,-0.00102600338869,0.00117095047608,-0.00419513368979,0.0121499896049]],"mean":[-644.780090332,125.437553406,-14.4336681366,21.542350769,13.1331958771,3.58346033096,0.376310050488,9.51580810547,-4.9035820961,-0.850492060184,-9.37495613098,-7.54291248322,-6.33900642395]},"pitch_salience":{"dmean":0.0600721165538,"dmean2":0.0995391085744,"dvar":0.0034362222068,"dvar2":0.00941739790142,"max":0.827815592289,"mean":0.542046666145,"median":0.545001268387,"min":0.17487628758,"var":0.00850101932883},"silence_rate_20dB":{"dmean":0,"dmean2":0,"dvar":0,"dvar2":0,"max":1,"mean":1,"median":1,"min":1,"var":0},"silence_rate_30dB":{"dmean":0.00194536754861,"dmean2":0.00389105058275,"dvar":0.00194159906823,"dvar2":0.00517299119383,"max":1,"mean":0.998703181744,"median":1,"min":0,"var":0.0012952046236},"silence_rate_60dB":{"dmean":0.00729512842372,"dmean2":0.0145103763789,"dvar":0.007242097985,"dvar2":0.0165722947568,"max":1,"mean":0.0172637384385,"median":0,"min":0,"var":0.0169716477394},"spectral_centroid":{"dmean":215.562896729,"dmean2":333.780181885,"dvar":57176.6054688,"dvar2":126177.492188,"max":11005.8134766,"mean":1367.93273926,"median":1337.89941406,"min":164.092208862,"var":411343.0625},"spectral_complexity":{"dmean":3.31377148628,"dmean2":5.05333995819,"dvar":13.9201984406,"dvar2":27.445104599,"max":61,"mean":21.0554389954,"median":21,"min":0,"var":106.361320496},"spectral_contrast_coeffs":{"dmean":[0.0444327443838,0.0490325205028,0.0388669632375,0.0314979180694,0.023675063625,0.0175801888108],"dmean2":[0.0709203705192,0.0793196409941,0.0621847473085,0.0516526736319,0.0383402965963,0.0269381236285],"dvar":[0.00181529542897,0.00165269523859,0.00101061747409,0.000642440165393,0.000403305893997,0.00031083720387],"dvar2":[0.00430155359209,0.00434945896268,0.00254271458834,0.00168745242991,0.00099903694354,0.000713272602297],"max":[-0.299125164747,-0.331147074699,-0.433687776327,-0.566509604454,-0.562789559364,-0.612772703171],"mean":[-0.57919895649,-0.705443024635,-0.739270210266,-0.764044940472,-0.762565970421,-0.778615653515],"median":[-0.58293235302,-0.715883076191,-0.744990646839,-0.764934539795,-0.762786269188,-0.778191685677],"min":[-0.977045893669,-0.958351373672,-0.940372645855,-0.957343101501,-0.960726439953,-0.958683907986],"var":[0.0076254485175,0.00679340446368,0.00437180604786,0.00237808958627,0.00200453284197,0.00135896133725]},"spectral_contrast_valleys":{"dmean":[0.405533224344,0.365883648396,0.303929060698,0.296195060015,0.248963430524,0.327861726284],"dmean2":[0.631088256836,0.587675988674,0.485839962959,0.458788633347,0.354523181915,0.346584379673],"dvar":[0.193106859922,0.128453105688,0.0961714610457,0.112620398402,0.103433065116,0.153579294682],"dvar2":[0.371592402458,0.273332417011,0.199209198356,0.226199805737,0.174984842539,0.206766471267],"max":[-5.1397485733,-5.2235159874,-5.22421121597,-5.60266017914,-5.57325363159,-7.03822469711],"mean":[-7.52789974213,-7.19413614273,-7.3587884903,-7.55425071716,-7.54250907898,-10.3066215515],"median":[-7.27046394348,-7.13488483429,-7.16314888,-7.34850358963,-7.38231563568,-10.1628465652],"min":[-26.7079334259,-27.3704109192,-27.9496707916,-27.537317276,-27.2358436584,-27.2365379333],"var":[1.15118944645,0.611642241478,0.770837187767,0.938690423965,0.81484657526,1.22757816315]},"spectral_decrease":{"dmean":2.47288034494e-9,"dmean2":3.98400867851e-9,"dvar":1.68982659387e-17,"dvar2":4.34860825594e-17,"max":-1.89516231586e-15,"mean":-6.5024292617e-9,"median":-5.3649675813e-9,"min":-3.98781807576e-8,"var":2.5006116595e-17},"spectral_energy":{"dmean":0.00975204538554,"dmean2":0.0155779998749,"dvar":0.000252435391303,"dvar2":0.00064411945641,"max":0.155775666237,"mean":0.0265640746802,"median":0.0220513008535,"min":1.24862484796e-8,"var":0.000396767776692},"spectral_energyband_high":{"dmean":0.000356070144335,"dmean2":0.000436333997641,"dvar":0.00000123265715501,"dvar2":0.00000161056698289,"max":0.0869139805436,"mean":0.000839160580654,"median":0.000300385931041,"min":3.41035755191e-9,"var":0.00000561458091397},"spectral_energyband_low":{"dmean":0.00575117627159,"dmean2":0.00958383921534,"dvar":0.000165080200532,"dvar2":0.000433579582023,"max":0.116403125226,"mean":0.00960912462324,"median":0.00620146747679,"min":2.77872302945e-9,"var":0.000162039883435},"spectral_energyband_middle_high":{"dmean":0.00156404043082,"dmean2":0.00241974135861,"dvar":0.00000443604540123,"dvar2":0.0000101402220025,"max":0.0544244199991,"mean":0.00633686641231,"median":0.00504692085087,"min":4.44501946362e-9,"var":0.0000293081775453},"spectral_energyband_middle_low":{"dmean":0.00509052351117,"dmean2":0.00815897062421,"dvar":0.0000809206539998,"dvar2":0.000208062148886,"max":0.120302863419,"mean":0.0123508209363,"median":0.00989638082683,"min":1.28314969761e-9,"var":0.000127478284412},"spectral_entropy":{"dmean":0.152124375105,"dmean2":0.201103761792,"dvar":0.0319613851607,"dvar2":0.0516503527761,"max":9.80452060699,"mean":7.45221805573,"median":7.53150653839,"min":4.8829240799,"var":0.275309473276},"spectral_flux":{"dmean":0.0257585942745,"dmean2":0.0382383577526,"dvar":0.00120754027739,"dvar2":0.00231908843853,"max":0.338049203157,"mean":0.0782993659377,"median":0.0640925914049,"min":0.000111741879664,"var":0.00259222788736},"spectral_kurtosis":{"dmean":1.97402799129,"dmean2":3.21320009232,"dvar":7.03171682358,"dvar2":19.5746841431,"max":50.961643219,"mean":6.6156463623,"median":5.65489053726,"min":-1.31821656227,"var":19.1977176666},"spectral_rms":{"dmean":0.000819487846456,"dmean2":0.00126322987489,"dvar":0.0000012565697034,"dvar2":0.00000304705554299,"max":0.0123278647661,"mean":0.00477240188047,"median":0.00463826116174,"min":0.00000349023002855,"var":0.00000314031854032},"spectral_rolloff":{"dmean":441.808410645,"dmean2":738.286315918,"dvar":562391.625,"dvar2":1266920.75,"max":14061.1816406,"mean":1642.44335938,"median":1421.19140625,"min":107.666015625,"var":1877762.5},"spectral_skewness":{"dmean":0.235533639789,"dmean2":0.365504086018,"dvar":0.0678998753428,"dvar2":0.170966610312,"max":5.85022592545,"mean":1.75955617428,"median":1.681381464,"min":-0.309255838394,"var":0.314852625132},"spectral_spread":{"dmean":557714.9375,"dmean2":650364.125,"dvar":463431565312,"dvar2":617593962496,"max":39009092,"mean":4268891.5,"median":4022325.5,"min":1345961.625,"var":3034944372740},"spectral_strongpeak":{"dmean":0.542981922626,"dmean2":0.925431728363,"dvar":0.938648462296,"dvar2":2.42911338806,"max":25.3617725372,"mean":1.01181221008,"median":0.592409908772,"min":0,"var":1.36596274376},"zerocrossingrate":{"dmean":0.0102219264954,"dmean2":0.0113616827875,"dvar":0.000139738142025,"dvar2":0.000141936252476,"max":0.40087890625,"mean":0.0666942819953,"median":0.060546875,"min":0.00537109375,"var":0.00150691275485}},"metadata":{"audio_properties":{"analysis_sample_rate":44100,"bit_rate":0,"codec":"flac","downmix":"mix","equal_loudness":0,"length":286.453338623,"lossless":true,"md5_encoded":"2ba78a521ad2cce982a132786cc6e074","replay_gain":-12.3186130524},"tags":{"album":["Boy"],"albumartist":["U2"],"albumartistsort":["U2"],"albumsort":["Boy (2008, U2, 5fe99277-fb1d-4566-9860-e80b60a72496)"],"artist":["U2"],"artists":["U2"],"artistsort":["U2"],"asin":["B0013LPS6Q"],"barcode":["602517646469"],"catalognumber":["1764646"],"date":["2008"],"discnumber":["1"],"disctotal":["1"],"engineer":["Paul Thomas"],"file_name":"03 - U2 - An Cat Dubh.flac","genre":["Rock, Album Rock"],"isrc":["GBAAN8000019"],"label":["Universal Island Records"],"language":["eng"],"media":["CD"],"musicbrainz_albumartistid":["a3cb23fc-acd3-4ce0-8f36-1e5aa6a18432"],"musicbrainz_albumid":["5fe99277-fb1d-4566-9860-e80b60a72496"],"musicbrainz_artistid":["a3cb23fc-acd3-4ce0-8f36-1e5aa6a18432"],"musicbrainz_recordingid":["8f7d932d-5f59-43ba-b4ad-f22de79d2985"],"musicbrainz_releasegroupid":["53b0d89e-f856-3015-a3a6-a70e1e935fd6"],"musicbrainz_releasetrackid":["86e53e6b-94d0-35fe-aeda-f9f9c63ab244"],"musicbrainz_workid":["d96b4b13-2536-3e29-a393-58e37e857c99"],"originaldate":["1980-10-20"],"releasecountry":["GB"],"releasestatus":["official"],"releasetype":["album"],"replaygain_album_gain":["-7.13 dB"],"replaygain_album_peak":["1.00000000"],"replaygain_track_gain":["-7.42 dB"],"replaygain_track_peak":["1.00000000"],"script":["Latn"],"title":["An Cat Dubh"],"totaldiscs":["1"],"totaltracks":["12"],"tracknumber":["3"],"tracktotal":["12"],"work":["An Cat Dubh"],"writer":["Larry Mullen, Jr.","Adam Clayton","Bono","The Edge"]},"version":{"essentia":"2.1-beta1","essentia_build_sha":"5a55991247aa8bc5301991e5ebe36927b56abb96","essentia_git_sha":"v2.1_b