{"lowlevel":{"average_loudness":0.919261157513,"barkbands":{"dmean":[0.000154836568981,0.00181431579404,0.00168753741309,0.000723561446648,0.000974864524323,0.000380420038709,0.000377598917112,0.000241229688982,0.000466264231363,0.000558951811399,0.000376975949621,0.000409613508964,0.000400758493925,0.000561509397812,0.000462396739749,0.000534436316229,0.000738962495234,0.000684437865857,0.000299429550068,0.00012939433509,0.000087106222054,0.0000780017871875,0.0000550248332729,0.000045524800953,0.0000521037582075,0.0000363827166439,0.00000497482915307],"dmean2":[0.000229306679103,0.00332205276936,0.00297748181038,0.00122839875985,0.00159823009744,0.00061674695462,0.000610124261584,0.000399198528612,0.000759195478167,0.000900786486454,0.000617731478997,0.000661102531012,0.00064485007897,0.000902695930563,0.000752793159336,0.000876236706972,0.00122288835701,0.00111318880226,0.00048819030053,0.000212424522033,0.000140834614285,0.000118149189802,0.0000835923638078,0.0000636032709735,0.0000723744815332,0.0000504140807607,0.00000715988471711],"dvar":[1.18692987883e-7,0.0000158720959007,0.0000145741496453,0.00000132826528443,0.00000571807368033,6.30174952221e-7,7.53360268391e-7,6.87884551098e-7,0.00000250997709372,0.00000262751541413,6.24664380666e-7,5.91118521243e-7,7.17351099411e-7,0.00000106800632693,7.82989388881e-7,6.0613530195e-7,9.95188315756e-7,0.00000143430725075,1.84880775578e-7,2.62490438274e-8,2.00369587589e-8,2.64981814269e-8,1.58745105949e-8,1.87971433974e-8,1.77246484157e-8,7.10902225975e-9,1.11313860907e-10],"dvar2":[2.71843845212e-7,0.0000473340842291,0.000041195020458,0.00000363524600289,0.000014204105355,0.00000166802078638,0.00000181410985078,0.0000015921746126,0.00000656011707179,0.00000668579104968,0.00000162586206898,0.00000144931493651,0.00000181623340723,0.00000269218139692,0.0000019959097699,0.00000153196424435,0.00000254713177128,0.00000350837535734,4.61566372678e-7,6.68632651468e-8,4.93610912145e-8,6.24412166417e-8,3.68363757275e-8,3.59882257328e-8,3.68442698573e-8,1.43839073985e-8,2.30733959716e-10],"max":[0.00355244404636,0.0340894684196,0.037854604423,0.0153595805168,0.024558365345,0.0221925601363,0.0279934480786,0.0461669228971,0.0415576919913,0.045493029058,0.0163590498269,0.0170971434563,0.0179695431143,0.0199943184853,0.0211692228913,0.0191908758134,0.0182242039591,0.0228347647935,0.0109342038631,0.00270826462656,0.00294086220674,0.00505853956565,0.00580278085545,0.00390465627424,0.00324354530312,0.00186419172678,0.000177222653292],"mean":[0.000194729698705,0.00193708285224,0.00192130950745,0.000949122651946,0.00116289441939,0.000633768853731,0.000564147077966,0.00032078375807,0.000665487488732,0.000849035626743,0.000590530049521,0.000706644379534,0.000660653749947,0.00098712136969,0.000825032126158,0.0010649911128,0.00154798047151,0.00149079109542,0.000733851164114,0.000327570567606,0.000209459234611,0.000185692624655,0.000126349652419,0.0000976998344413,0.000107315841888,0.0000701649696566,0.00000856720362208],"median":[0.0000285983387585,0.000773116131313,0.00108653854113,0.000540542241652,0.00049583503278,0.000361178448657,0.000251043558819,0.000126897182781,0.000264412083197,0.000235479325056,0.000236360894633,0.000386527855881,0.000318847654853,0.000486163364258,0.000470175320515,0.000711113389116,0.00110139907338,0.000786668097135,0.000501550617628,0.000269973272225,0.000142360775499,0.0000967911037151,0.0000614748569205,0.000038772373955,0.0000408866872021,0.0000223978622671,0.00000170747387074],"min":[1.2772414869e-25,3.14857362848e-24,1.73418132694e-24,7.41608975163e-25,5.77432338113e-24,4.61745294717e-24,5.41961444168e-24,6.15011344498e-24,1.38995208907e-23,1.48056538581e-23,1.1557784927e-23,7.61504471205e-24,2.98828367952e-23,2.95027478339e-23,4.44175547977e-23,4.86596606264e-23,6.44187601736e-23,8.65829748199e-23,1.53234009407e-22,1.54109455685e-22,2.57965972596e-22,2.85725470358e-22,3.7968733649e-22,5.15635283005e-22,8.02582086749e-22,1.26163935686e-21,1.92623909424e-21],"var":[1.74664933184e-7,0.0000118305515571,0.0000104712316897,0.0000015561163309,0.00000539889742868,9.85688416222e-7,0.0000012856031617,0.00000104318337435,0.00000305219714392,0.00000474204762213,0.00000112207897018,0.00000128338876948,0.00000131073136345,0.00000222424318963,0.00000137818449275,0.00000158373779868,0.0000025236502097,0.00000458570775663,6.0551462866e-7,7.16428019132e-8,4.82188760031e-8,7.38666940947e-8,3.70812962558e-8,4.49354651266e-8,3.9329350443e-8,1.59167878877e-8,2.56934779008e-10]},"barkbands_crest":{"dmean":2.22474002838,"dmean2":3.74350047112,"dvar":4.30298137665,"dvar2":11.5105237961,"max":26.2883071899,"mean":7.04378271103,"median":6.16328239441,"min":2.02297973633,"var":11.8472194672},"barkbands_flatness_db":{"dmean":0.0154496245086,"dmean2":0.0245387088507,"dvar":0.000251115183346,"dvar2":0.000619720842224,"max":0.490039676428,"mean":0.0849606320262,"median":0.0775158330798,"min":0.0144665278494,"var":0.00185900519136},"barkbands_kurtosis":{"dmean":2.69621801376,"dmean2":4.93025588989,"dvar":1084.71154785,"dvar2":3839.17895508,"max":1605.52575684,"mean":2.50201177597,"median":-0.872872531414,"min":-1.92473757267,"var":1675.08862305},"barkbands_skewness":{"dmean":0.461361736059,"dmean2":0.750623583794,"dvar":0.511413753033,"dvar2":1.52797877789,"max":29.2320461273,"mean":0.247284948826,"median":0.0483750142157,"min":-4.089864254,"var":2.30782318115},"barkbands_spread":{"dmean":5.84284353256,"dmean2":9.10414791107,"dvar":35.033367157,"dvar2":75.647315979,"max":128.74887085,"mean":35.5972366333,"median":35.3026542664,"min":0.0930079594254,"var":183.75491333},"dissonance":{"dmean":0.00785851292312,"dmean2":0.0134357139468,"dvar":0.0000926858119783,"dvar2":0.00024749035947,"max":0.500000178814,"mean":0.488098949194,"median":0.491027384996,"min":0.264048606157,"var":0.000156893656822},"dynamic_complexity":2.40760731697,"erbbands":{"dmean":[0.0431010127068,0.46103939414,1.85503530502,2.09800696373,3.6428334713,2.62159109116,2.39441084862,3.32550477982,5.22539567947,4.7893819809,5.822286129,9.3955411911,14.6963338852,19.222322464,10.9389276505,16.3649921417,17.4811630249,22.9072093964,27.3055934906,16.1679439545,34.6945648193,39.6153488159,41.457649231,15.5121641159,12.9449586868,5.83861494064,3.70132899284,3.55465269089,2.93742132187,2.33086419106,1.43940556049,0.850538790226,0.886108338833,0.606044411659,0.3980050385,0.189327389002,0.0632486864924,0.0110894907266,0.00082171097165,0.0000271370863629],"dmean2":[0.076819062233,0.837599396706,3.28070449829,3.58524227142,6.06401205063,4.33556556702,3.93151760101,5.4726023674,8.44255256653,7.883497715,9.39294624329,15.2852897644,23.4224452972,31.2142009735,17.6688289642,26.3891849518,28.1610641479,36.2789535522,43.8455963135,26.3152141571,56.3241386414,65.5268554688,67.0223388672,25.1199588776,21.181268692,9.56728649139,6.07229995728,5.6285572052,4.49561834335,3.571215868,2.17431282997,1.2244553566,1.25956392288,0.861377537251,0.561507046223,0.265232771635,0.0897054746747,0.0154605060816,0.00118342787027,0.0000401835350203],"dvar":[0.00611605541781,1.21917450428,18.4503135681,15.0100278854,81.74634552,33.4659690857,14.8820400238,67.0175552368,175.75680542,102.780357361,390.170501709,908.098632813,2450.80688477,2419.03588867,480.609283447,937.539245605,1340.16894531,1842.65661621,2884.7746582,652.560424805,2533.79296875,2496.44238281,5576.921875,420.457244873,342.58996582,52.4534645081,35.9545631409,33.9225616455,38.8500900269,23.6781215668,12.2704305649,4.52784824371,8.67744922638,3.28681874275,0.847875475883,0.188298672438,0.0224160384387,0.000559112173505,0.00000297601991406,2.33145680539e-9],"dvar2":[0.0185023956001,3.51225686073,52.1563720703,41.705745697,204.225753784,88.0991134644,37.3396530151,178.492050171,423.571960449,254.861450195,929.357971191,2287.01757813,6476.98095703,6173.95849609,1252.20458984,2290.39575195,3389.02441406,4492.10693359,7261.83056641,1674.66296387,6277.99609375,6456.07714844,13594.8779297,1050.06994629,871.946411133,131.536331177,91.5225219727,82.6752624512,93.231338501,55.7526473999,28.6616821289,9.23744773865,16.9414138794,6.80758857727,1.82277262211,0.380137354136,0.0477114133537,0.00114724808373,0.0000062230419644,5.13571007943e-9],"max":[0.616586446762,9.24019813538,36.1075744629,53.5065040588,87.0820083618,69.5609741211,89.2032470703,216.101165771,388.789733887,218.830368042,1098.80456543,960.652282715,1144.95410156,1691.84936523,679.668395996,711.967346191,895.952636719,1090.13879395,1335.06518555,659.533874512,1327.9642334,899.143798828,1544.55358887,421.260192871,500.278320313,139.36151123,146.249237061,108.800003052,172.631500244,141.975021362,171.337509155,79.4048995972,91.7493209839,43.9370956421,22.3807907104,10.0367279053,3.01482105255,0.320749491453,0.026462322101,0.000786569842603],"mean":[0.047788746655,0.471548885107,2.07423377037,2.92687773705,4.13130044937,3.31740570068,3.79295921326,5.24741840363,8.08796691895,6.98691511154,8.22902297974,13.6710577011,22.1892852783,31.7382297516,19.9711990356,29.5345649719,31.9667224884,43.1377029419,52.2676429749,36.3642082214,76.3601074219,91.8653488159,92.8098449707,41.5337638855,31.9187011719,15.4844713211,9.02698135376,8.34977054596,6.75695180893,5.29413080215,3.26705098152,1.95559692383,1.75477182865,1.22980368137,0.768658399582,0.359408855438,0.117419682443,0.0208747014403,0.00141759379767,0.0000620733117103],"median":[0.0139541495591,0.203776985407,1.1315574646,1.8061696291,1.69106888771,1.60533964634,2.20392608643,2.85659790039,3.74695372581,3.23406910896,3.61388492584,5.86987352371,7.84539365768,9.47959804535,10.5158596039,16.7029647827,16.5277671814,22.8801307678,28.3710422516,26.423789978,51.3373451233,68.7858352661,48.2208328247,30.1337738037,23.1570320129,13.0209178925,6.62313508987,5.23854827881,3.55809879303,2.56443142891,1.5774692297,0.876482248306,0.639443159103,0.477999746799,0.265415906906,0.115355953574,0.0372185371816,0.00593820307404,0.000278139224974,0.000035918699723],"min":[5.94961419073e-23,7.22192944834e-22,1.81221802253e-21,2.898011928e-21,1.12521669531e-20,2.50997568654e-20,2.21117462327e-20,6.15798096683e-20,1.1237249914e-19,9.56562000114e-20,2.93726355446e-19,2.67773899769e-19,5.23966030192e-19,7.24399905926e-19,8.27297762007e-19,1.03795667579e-18,1.61118849759e-18,1.69688854495e-18,1.80305397125e-18,3.29196025548e-18,4.19389131884e-18,4.25911905963e-18,5.20479619006e-18,6.31018659394e-18,7.47301600596e-18,7.59662325926e-18,1.0509189889e-17,9.20214029637e-18,9.36160996512e-18,1.0277563601e-17,1.02676109639e-17,1.23553842243e-17,8.00131227496e-18,8.60087015373e-18,6.28272088888e-18,3.66614140263e-18,2.32457935334e-18,9.08605480318e-19,2.52705383195e-19,2.91710509831e-20],"var":[0.00651940656826,0.842755377293,12.9758653641,14.3269920349,75.7669677734,31.0272216797,27.625831604,90.679107666,300.996520996,157.055130005,525.116638184,1130.64160156,3451.71142578,4901.25732422,964.009094238,2070.78808594,2633.2734375,3717.37231445,6104.01708984,1364.02490234,7670.58105469,7168.23681641,18301.4023438,1523.72521973,1040.93505859,146.440475464,77.8444137573,86.3842086792,98.8088378906,62.8018875122,26.2511730194,11.2982616425,19.078956604,6.83668756485,1.8452848196,0.418777912855,0.0465982630849,0.00131125946064,0.00000690757678967,5.26940713286e-9]},"erbbands_crest":{"dmean":2.47832584381,"dmean2":4.13344955444,"dvar":5.68243122101,"dvar2":14.6207304001,"max":28.5738182068,"mean":8.85958099365,"median":7.8535027504,"min":2.19229841232,"var":16.7810173035},"erbbands_flatness_db":{"dmean":0.0158982649446,"dmean2":0.023817550391,"dvar":0.000243080125074,"dvar2":0.000495108950417,"max":0.353254318237,"mean":0.15589377284,"median":0.152274385095,"min":0.0334297195077,"var":0.00165248382837},"erbbands_kurtosis":{"dmean":1.12046015263,"dmean2":1.83350157738,"dvar":2.00831890106,"dvar2":5.45287656784,"max":31.0471897125,"mean":1.63760435581,"median":1.11518311501,"min":-1.71992540359,"var":5.33263015747},"erbbands_skewness":{"dmean":0.321510851383,"dmean2":0.502238512039,"dvar":0.0925669670105,"dvar2":0.220799207687,"max":4.96489286423,"mean":-0.62926030159,"median":-0.694606721401,"min":-4.10516023636,"var":0.71134096384},"erbbands_spread":{"dmean":5.81313896179,"dmean2":9.18917942047,"dvar":42.2158088684,"dvar2":95.6480712891,"max":155.785476685,"mean":26.6940364838,"median":23.9027805328,"min":3.31350183487,"var":159.48425293},"gfcc":{"cov":[[23859.6933594,292.437072754,-2534.03027344,425.629638672,-593.423461914,251.457565308,-710.115844727,291.300720215,-552.344665527,50.9313049316,-457.977172852,108.09261322,-337.03793335],[292.437072754,986.074279785,-361.247558594,130.221740723,130.370895386,-122.313552856,22.4512844086,17.0034427643,21.6055431366,-43.4774856567,71.4924850464,-50.1324386597,25.8444671631],[-2534.03027344,-361.247558594,815.517028809,4.56760597229,18.59724617,48.9971008301,41.696685791,-42.0991477966,66.5839385986,47.5505409241,0.770030319691,4.61445999146,19.2100696564],[425.629638672,130.221740723,4.56760597229,340.19744873,59.9400634766,-10.7253704071,-23.3704147339,-5.43161869049,29.1704959869,15.1318178177,18.2571468353,-17.1873588562,25.1729602814],[-593.423461914,130.370895386,18.59724617,59.9400634766,301.898620605,-23.1688938141,63.9685134888,16.4629058838,12.5204458237,0.540363192558,27.145532608,-13.2367324829,23.2734375],[251.457565308,-122.313552856,48.9971008301,-10.7253704071,-23.1688938141,214.330154419,66.3241195679,4.06942510605,6.20819711685,11.4574155807,-6.03881788254,10.2359828949,2.3961520195],[-710.115844727,22.4512844086,41.696685791,-23.3704147339,63.9685134888,66.3241195679,161.298721313,28.4207439423,20.383184433,-13.7155418396,23.4878959656,9.37806034088,18.299287796],[291.300720215,17.0034427643,-42.0991477966,-5.43161869049,16.4629058838,4.06942510605,28.4207439423,102.923805237,24.2896003723,3.10061359406,2.33134055138,12.5314588547,-1.42354619503],[-552.344665527,21.6055431366,66.5839385986,29.1704959869,12.5204458237,6.20819711685,20.383184433,24.2896003723,108.241584778,36.4094810486,18.3347148895,-12.2743473053,13.2169847488],[50.9313049316,-43.4774856567,47.5505409241,15.1318178177,0.540363192558,11.4574155807,-13.7155418396,3.10061359406,36.4094810486,84.9637527466,17.8392715454,2.0864584446,-2.59005022049],[-457.977172852,71.4924850464,0.770030319691,18.2571468353,27.145532608,-6.03881788254,23.4878959656,2.33134055138,18.3347148895,17.8392715454,81.4788894653,20.7938518524,8.10156154633],[108.09261322,-50.1324386597,4.61445999146,-17.1873588562,-13.2367324829,10.2359828949,9.37806034088,12.5314588547,-12.2743473053,2.0864584446,20.7938518524,68.8284606934,13.7109241486],[-337.03793335,25.8444671631,19.2100696564,25.1729602814,23.2734375,2.3961520195,18.299287796,-1.42354619503,13.2169847488,-2.59005022049,8.10156154633,13.7109241486,64.463684082]],"icov":[[0.000172907108208,-0.0000721830947441,0.000448755046818,-0.000357849872671,0.000110175227746,-0.000438987655798,0.000522021669894,-0.000529677316081,0.000645340420306,-0.000617588462774,0.000994370901026,-0.000618938880507,0.000605172070209],[-0.0000721830947441,0.00176232575905,0.000556106911972,-0.000267772731604,-0.000365989253623,0.00090725015616,-0.000552726385649,0.000255848048255,-0.000693312846124,0.00111360382289,-0.00200362759642,0.0017260358436,-0.000812545011286],[0.000448755046818,0.000556106911972,0.00291191600263,-0.0010729538044,0.0000477019020764,-0.00094672141131,0.000777576526161,-0.000332193973009,0.000514936167747,-0.00182452483568,0.00248963199556,-0.00152158888523,0.00129629229195],[-0.000357849872671,-0.000267772731604,-0.0010729538044,0.00423027481884,-0.000848006864544,0.000410220935009,0.000195793400053,0.00110026728362,-0.00186476460658,0.00107723043766,-0.00255392375402,0.00194936071057,-0.00250418833457],[0.000110175227746,-0.000365989253623,0.0000477019020764,-0.000848006864544,0.00432671094313,0.000583239656407,-0.0016345824115,-0.00094500236446,0.00136176357046,-0.00108779186849,-0.00000315601687362,0.000884152716026,-0.000611488998402],[-0.000438987655798,0.00090725015616,-0.00094672141131,0.000410220935009,0.000583239656407,0.00740273902193,-0.00485297665,0.00186394108459,-0.00142290745862,0.000195467131562,-0.00157323596068,0.00134217913728,-0.00139209337067],[0.000522021669894,-0.000552726385649,0.000777576526161,0.000195793400053,-0.0016345824115,-0.00485297665,0.0117999138311,-0.0038314468693,0.000605402514338,0.00138298992533,0.000253048085142,-0.00179056124762,0.000259482098045],[-0.000529677316081,0.000255848048255,-0.000332193973009,0.00110026728362,-0.00094500236446,0.00186394108459,-0.0038314468693,0.013865666464,-0.00599594693631,0.00187648914289,-0.000846737821121,-0.00207959394902,0.000316624849802],[0.000645340420306,-0.000693312846124,0.000514936167747,-0.00186476460658,0.00136176357046,-0.00142290745862,0.000605402514338,-0.00599594693631,0.0167734287679,-0.00778878852725,0.00149298936594,0.00243429094553,-0.000973642687313],[-0.000617588462774,0.00111360382289,-0.00182452483568,0.00107723043766,-0.00108779186849,0.000195467131562,0.00138298992533,0.00187648914289,-0.00778878852725,0.0185128543526,-0.00745331076905,0.00183102826122,-0.000630050140899],[0.000994370901026,-0.00200362759642,0.00248963199556,-0.00255392375402,-0.00000315601687362,-0.00157323596068,0.000253048085142,-0.000846737821121,0.00149298936594,-0.00745331076905,0.0236402750015,-0.0111215403304,0.00501554645598],[-0.000618938880507,0.0017260358436,-0.00152158888523,0.00194936071057,0.000884152716026,0.00134217913728,-0.00179056124762,-0.00207959394902,0.00243429094553,0.00183102826122,-0.0111215403304,0.0232970807701,-0.00812546815723],[0.000605172070209,-0.000812545011286,0.00129629229195,-0.00250418833457,-0.000611488998402,-0.00139209337067,0.000259482098045,0.000316624849802,-0.000973642687313,-0.000630050140899,0.00501554645598,-0.00812546815723,0.0210720486939]],"mean":[4.05345821381,59.4188308716,-132.778793335,36.0217628479,-36.0456237793,12.4312171936,-38.8066711426,14.7174806595,-27.2361011505,1.08627712727,-20.5839519501,4.91905641556,-16.2676506042]},"hfc":{"dmean":6.37123441696,"dmean2":9.47703361511,"dvar":53.4787712097,"dvar2":113.481407166,"max":106.127365112,"mean":28.2380485535,"median":26.8293514252,"min":1.07409918701e-16,"var":292.078216553},"melbands":{"dmean":[0.000432061409811,0.000851589022204,0.000395529263187,0.000241063986323,0.0000797283501015,0.0000746404984966,0.0000785056399764,0.0000517409062013,0.0000506527758262,0.0000642484883429,0.0000768839381635,0.0000813317892607,0.000041243420128,0.0000382975413231,0.0000534424689249,0.0000388062799175,0.0000477344619867,0.0000499112466059,0.0000352436400135,0.0000238565335167,0.0000463993928861,0.0000480630042148,0.0000456927773484,0.000027342033718,0.0000137343413371,0.0000137347515192,0.00000657122063785,0.00000390661898564,0.000002678348892,0.00000233339937949,0.00000218188642975,0.00000188935052847,0.00000148014783008,0.00000132915045015,9.29014561279e-7,7.10399774562e-7,5.17298985869e-7,6.62909258153e-7,5.86979183481e-7,5.29832789198e-7],"dmean2":[0.000785746669862,0.00151376833674,0.000671373505611,0.000397708150558,0.000132139481138,0.000122085912153,0.000126652957988,0.0000854357058415,0.0000821028734208,0.000104591810668,0.000122862678836,0.000131886336021,0.000066892891482,0.0000614364398643,0.0000870435469551,0.00006213720917,0.0000759476970416,0.0000807627075119,0.0000574293553655,0.0000391531648347,0.000075628166087,0.0000799034096417,0.0000741272233427,0.0000444321558462,0.0000223970109801,0.0000225280746236,0.0000108938902486,0.00000644676583761,0.00000444681609224,0.00000381738482247,0.0000034816293919,0.00000294335291073,0.00000232542424783,0.00000206826098292,0.0000014346729813,0.00000108263691345,7.58505166232e-7,9.68602194007e-7,8.52449659305e-7,7.76231217969e-7],"dvar":[7.1436846838e-7,0.00000405321725339,4.77485912143e-7,3.67642996935e-7,1.62780384727e-8,3.12103480837e-8,3.68857442368e-8,1.47058614175e-8,2.58802774766e-8,4.53677237999e-8,6.53911911286e-8,4.51303279192e-8,6.52434994919e-9,6.03325345239e-9,1.12417160025e-8,6.73355593506e-9,8.23623658164e-9,1.04140980284e-8,4.52708626142e-9,1.0125853489e-9,4.76575801045e-9,4.18378354183e-9,6.62885035752e-9,2.01618277629e-9,3.6109332191e-10,4.80665951486e-10,7.27563079228e-11,2.39351836961e-11,1.70429659968e-11,1.53494994493e-11,1.28242434033e-11,1.38708081479e-11,1.28215632555e-11,7.05139332341e-12,5.12088114968e-12,2.78841272988e-12,1.75112214226e-12,5.07771515806e-12,3.36616563616e-12,2.70193025939e-12],"dvar2":[0.00000219397679757,0.0000114877711894,0.00000128438830416,9.2187718792e-7,4.26549746635e-8,8.34524271909e-8,8.97167780067e-8,3.47680746415e-8,6.25872402793e-8,1.14768177184e-7,1.71887165834e-7,1.14621983016e-7,1.6689314819e-8,1.437115138e-8,2.91881292469e-8,1.63939617437e-8,2.04371435331e-8,2.62092161307e-8,1.18855139064e-8,2.61183608075e-9,1.18304983587e-8,1.0762483349e-8,1.61713344937e-8,4.85800555339e-9,9.06861141736e-10,1.20841991968e-9,1.91017326956e-10,6.09109845895e-11,4.43232082981e-11,3.86790877105e-11,3.17179234266e-11,3.372730914e-11,3.20464696446e-11,1.65562979992e-11,1.22325439708e-11,6.55116152298e-12,3.58500295422e-12,1.0142805866e-11,6.77407782645e-12,5.95539676601e-12],"max":[0.00682560959831,0.015914035961,0.00884083751589,0.00560678914189,0.00233873701654,0.00526276929304,0.00613488676026,0.00415678415447,0.00730939954519,0.00598950870335,0.00598055124283,0.00751707982272,0.00163533724844,0.00222940719686,0.00249197380617,0.00156587304082,0.0022205314599,0.00256020529196,0.00159660249483,0.000620436388999,0.00159763731062,0.00122797256336,0.00157475145534,0.00083721691044,0.00041701857117,0.000617453595623,0.00016037739988,0.0000853394230944,0.0000884277251316,0.000113350361062,0.0000711075699655,0.0000968086751527,0.000128460218548,0.0000815486782813,0.000107353902422,0.0000733150009182,0.0000362236387446,0.0000775641237851,0.0000452863969258,0.0000374066039512],"mean":[0.000481765484437,0.000948302913457,0.00054837949574,0.000283849425614,0.000125913778902,0.000122102617752,0.000122197860037,0.0000745586658013,0.0000699462689226,0.000091872709163,0.000113014903036,0.000131184628117,0.0000697532304912,0.0000657570853946,0.0000878662031027,0.0000638440033072,0.0000830632707221,0.0000870702642715,0.0000618279955233,0.0000487049219373,0.0000949511595536,0.0000961465557339,0.0000982752098935,0.0000573399120185,0.0000308841299557,0.0000291802916763,0.000015141624317,0.00000894429740583,0.00000563348248761,0.00000504951140101,0.00000469352880828,0.00000397755229642,0.00000320251979247,0.0000027927528663,0.00000192484094441,0.00000148787535181,0.00000107806204142,0.00000124281700664,0.00000112485111003,0.00000101794933016],"median":[0.000175491877599,0.000508399680257,0.00032927756547,0.000122582001495,0.0000775359367253,0.0000682393583702,0.00005674467684,0.0000332081544911,0.0000291670457955,0.0000368096698367,0.0000370110537915,0.0000366165149899,0.0000320721555909,0.0000358835241059,0.0000443534845544,0.0000295245808957,0.0000406128710893,0.0000421643089794,0.0000354585899913,0.0000347004606738,0.0000599106533627,0.0000689853259246,0.0000495230233355,0.0000332059426,0.0000213926941797,0.0000190352020581,0.0000116524797704,0.00000725337940821,0.00000402437308367,0.00000336582547789,0.00000279050277641,0.00000207239213523,0.00000146272304846,0.00000134116226036,9.07414175799e-7,6.82825032072e-7,4.60020544324e-7,4.3188774157e-7,4.15236002027e-7,3.83198226928e-7],"min":[8.57932580006e-25,1.0333904309e-24,9.12795193559e-25,1.34447279849e-24,7.83230558421e-25,1.41141878896e-24,1.81103117025e-24,9.45232956766e-25,2.27837090873e-24,1.65003787291e-24,2.24665751705e-24,2.02164164916e-24,1.96782792479e-24,1.61799749839e-24,2.36332945329e-24,3.09768460591e-24,2.92067052967e-24,2.61575725157e-24,3.54468297431e-24,4.23638540386e-24,3.89587398855e-24,3.38642643267e-24,3.38556972972e-24,4.55783005109e-24,4.45034223073e-24,5.07929077527e-24,4.99352226778e-24,3.92747220654e-24,4.797526226e-24,3.89609131973e-24,4.47126439965e-24,4.74542235764e-24,4.34573217494e-24,4.62534589495e-24,4.88897650416e-24,5.70222464984e-24,6.70393403235e-24,4.87723154857e-24,6.20002822433e-24,6.43903848468e-24],"var":[6.17749492449e-7,0.00000281383836409,4.6954608024e-7,3.37085452884e-7,2.59280223958e-8,4.36399254511e-8,6.15094890577e-8,2.40585720235e-8,3.3330412208e-8,5.80366297243e-8,9.40099624813e-8,9.1068493191e-8,1.29930226578e-8,1.22797016999e-8,2.25300276213e-8,1.2975909236e-8,1.59110165043e-8,2.18131361862e-8,7.55797469054e-9,2.59047183704e-9,1.35223947595e-8,9.5657792798e-9,2.18961258014e-8,5.42671196868e-9,1.02774211364e-9,1.22903831556e-9,1.99186944716e-10,5.66548266634e-11,3.34441953298e-11,3.11434385225e-11,3.10110583046e-11,3.36522129607e-11,2.92410123892e-11,1.75790753482e-11,9.87020968429e-12,5.74907873044e-12,4.16536380041e-12,1.0804732109e-11,6.89991770317e-12,5.03393464066e-12]},"melbands_crest":{"dmean":3.55297470093,"dmean2":6.01639175415,"dvar":10.4626569748,"dvar2":29.6589641571,"max":36.6300430298,"mean":11.307097435,"median":10.4577474594,"min":1.00186538696,"var":23.7316093445},"melbands_flatness_db":{"dmean":0.021623538807,"dmean2":0.0352224521339,"dvar":0.000507097865921,"dvar2":0.00131380127277,"max":0.636936724186,"mean":0.130117341876,"median":0.12238907069,"min":-1.29429722051e-7,"var":0.00317232497036},"melbands_kurtosis":{"dmean":3.21743011475,"dmean2":5.33662700653,"dvar":131.159469604,"dvar2":321.565612793,"max":392.30291748,"mean":3.89982295036,"median":0.156145557761,"min":-1.90096509457,"var":442.61227417},"melbands_skewness":{"dmean":0.593642532825,"dmean2":0.962949931622,"dvar":0.506327748299,"dvar2":1.2970136404,"max":16.2678909302,"mean":1.28299438953,"median":1.02130115032,"min":-3.10485911369,"var":1.74439811707},"melbands_spread":{"dmean":11.1857013702,"dmean2":18.0911655426,"dvar":142.631729126,"dvar2":355.365112305,"max":203.228683472,"mean":54.657371521,"median":54.9361305237,"min":0.237432450056,"var":544.351379395},"mfcc":{"cov":[[8825.46972656,466.475494385,-753.155334473,46.2255744934,85.4095535278,-8.18276882172,-34.7565498352,73.8517379761,3.12445402145,-14.69465065,-51.5418815613,-36.6603927612,-15.6021881104],[466.475494385,839.09765625,-341.128723145,142.824142456,50.066192627,-76.4879684448,29.1849498749,30.1922531128,-27.2568454742,2.75498056412,11.0266122818,7.77004814148,-6.49438762665],[-753.155334473,-341.128723145,596.398925781,-39.9711303711,-19.3250102997,72.7917098999,-39.5903396606,-36.7752227783,26.6170578003,0.462665617466,19.6957492828,10.6251544952,7.76134157181],[46.2255744934,142.824142456,-39.9711303711,348.932769775,125.045936584,-13.9969882965,-2.32106995583,-27.8079147339,10.9828605652,5.41422653198,-18.6737556458,24.6290664673,40.8572120667],[85.4095535278,50.066192627,-19.3250102997,125.045936584,167.346542358,24.7425556183,12.3744268417,-15.8020734787,15.4215755463,27.4756832123,-13.9409828186,14.1692409515,17.5130748749],[-8.18276882172,-76.4879684448,72.7917098999,-13.9969882965,24.7425556183,159.208633423,52.8592376709,7.44181251526,21.4627418518,20.4717445374,-2.76225852966,5.83706235886,3.77371430397],[-34.7565498352,29.1849498749,-39.5903396606,-2.32106995583,12.3744268417,52.8592376709,127.240699768,55.6828765869,8.33684921265,3.63769030571,-4.59809732437,2.60260248184,3.31596398354],[73.8517379761,30.1922531128,-36.7752227783,-27.8079147339,-15.8020734787,7.44181251526,55.6828765869,116.682701111,21.8978233337,0.111850313842,8.55904769897,-0.853547155857,-1.91030108929],[3.12445402145,-27.2568454742,26.6170578003,10.9828605652,15.4215755463,21.4627418518,8.33684921265,21.8978233337,85.6882400513,36.9317321777,-0.190381526947,0.319524824619,2.59729814529],[-14.69465065,2.75498056412,0.462665617466,5.41422653198,27.4756832123,20.4717445374,3.63769030571,0.111850313842,36.9317321777,86.705116272,15.0469446182,6.01276445389,1.58425593376],[-51.5418815613,11.0266122818,19.6957492828,-18.6737556458,-13.9409828186,-2.76225852966,-4.59809732437,8.55904769897,-0.190381526947,15.0469446182,81.9820022583,24.477268219,2.61739206314],[-36.6603927612,7.77004814148,10.6251544952,24.6290664673,14.1692409515,5.83706235886,2.60260248184,-0.853547155857,0.319524824619,6.01276445389,24.477268219,65.1500167847,31.7407073975],[-15.6021881104,-6.49438762665,7.76134157181,40.8572120667,17.5130748749,3.77371430397,3.31596398354,-1.91030108929,2.59729814529,1.58425593376,2.61739206314,31.7407073975,64.8460159302]],"icov":[[0.000132450877572,-0.000018960723537,0.0001809229434,0.0000244784987444,-0.0000737967638997,-0.000141994416481,0.000213510589674,-0.000111660949187,-0.0000484570191475,0.0000818832486402,0.000025065643058,0.0000489096601086,-0.0000181335435627],[-0.000018960723537,0.00175369391218,0.000829151482321,-0.000696564267855,-0.0000744022181607,0.000465435354272,-0.000273689918686,-0.000294849451166,0.000454876892036,-0.000196901964955,-0.000509098754264,-0.000202789407922,0.000615431112237],[0.0001809229434,0.000829151482321,0.00266471435316,-0.000131572742248,0.0000948006709223,-0.00119989796076,0.00107196741737,0.000245074945269,-0.000717553251889,0.000649043533485,-0.00074802414747,-0.0000998079995043,-0.0000209073423321],[0.0000244784987444,-0.000696564267855,-0.000131572742248,0.00463438220322,-0.00306918937713,0.000662278442178,-0.0000373227303498,0.000884335546289,-0.000941474281717,0.000911572366022,0.000600491883233,-0.000349153153365,-0.00198766286485],[-0.0000737967638997,-0.0000744022181607,0.0000948006709223,-0.00306918937713,0.00929721724242,-0.00120438542217,-0.000689240754582,0.000932559662033,-0.0000749689497752,-0.00259755877778,0.00144837680273,-0.00109765271191,0.0000644061074127],[-0.000141994416481,0.000465435354272,-0.00119989796076,0.000662278442178,-0.00120438542217,0.00908953696489,-0.00464483443648,0.00137661211193,-0.000980128184892,-0.00125538301654,0.00040462706238,-0.000663627753966,0.000191588711459],[0.000213510589674,-0.000273689918686,0.00107196741737,-0.0000373227303498,-0.000689240754582,-0.00464483443648,0.0129004456103,-0.00597131764516,0.00105712295044,0.000219195862883,0.00102422526106,-0.000234015082242,-0.000434453249909],[-0.000111660949187,-0.000294849451166,0.000245074945269,0.000884335546289,0.000932559662033,0.00137661211193,-0.00597131764516,0.0128017766401,-0.00417396845296,0.00161074299831,-0.00175101018976,0.000332997209625,-0.000256899365922],[-0.0000484570191475,0.000454876892036,-0.000717553251889,-0.000941474281717,-0.0000749689497752,-0.000980128184892,0.00105712295044,-0.00417396845296,0.016419345513,-0.0070292041637,0.00150458456483,0.000484687043354,-0.000170653976966],[0.0000818832486402,-0.000196901964955,0.000649043533485,0.000911572366022,-0.00259755877778,-0.00125538301654,0.000219195862883,0.00161074299831,-0.0070292041637,0.0161991007626,-0.00353770470247,0.000113141402835,0.000131969398353],[0.000025065643058,-0.000509098754264,-0.00074802414747,0.000600491883233,0.00144837680273,0.00040462706238,0.00102422526106,-0.00175101018976,0.00150458456483,-0.00353770470247,0.0157834552228,-0.00701639708132,0.00197102339007],[0.0000489096601086,-0.000202789407922,-0.0000998079995043,-0.000349153153365,-0.00109765271191,-0.000663627753966,-0.000234015082242,0.000332997209625,0.000484687043354,0.000113141402835,-0.00701639708132,0.0237344671041,-0.0107762422413],[-0.0000181335435627,0.000615431112237,-0.0000209073423321,-0.00198766286485,0.0000644061074127,0.000191588711459,-0.000434453249909,-0.000256899365922,-0.000170653976966,0.000131969398353,0.00197102339007,-0.0107762422413,0.0219181738794]],"mean":[-626.26385498,93.9524612427,-29.4780693054,27.4204616547,15.5537986755,4.25246477127,2.80713319778,9.52066707611,1.00324261189,-3.16119456291,1.28250849247,-0.862890541553,-1.56550765038]},"pitch_salience":{"dmean":0.0694009363651,"dmean2":0.11752538383,"dvar":0.00405062641948,"dvar2":0.0113424994051,"max":0.996017932892,"mean":0.618016958237,"median":0.631455898285,"min":0.0627670064569,"var":0.0100961308926},"silence_rate_20dB":{"dmean":0,"dmean2":0,"dvar":0,"dvar2":0,"max":1,"mean":1,"median":1,"min":1,"var":0},"silence_rate_30dB":{"dmean":0,"dmean2":0,"dvar":0,"dvar2":0,"max":1,"mean":1,"median":1,"min":1,"var":0},"silence_rate_60dB":{"dmean":0.00793036725372,"dmean2":0.015862269327,"dvar":0.007866689004,"dvar2":0.017348671332,"max":1,"mean":0.0499951653183,"median":0,"min":0,"var":0.047497227788},"spectral_centroid":{"dmean":197.200485229,"dmean2":307.746673584,"dvar":52945.8945313,"dvar2":107645.351563,"max":11860.7363281,"mean":2316.23510742,"median":2283.36499023,"min":97.3442382813,"var":1125497.5},"spectral_complexity":{"dmean":4.23210811615,"dmean2":6.34277963638,"dvar":15.5235795975,"dvar2":30.7877597809,"max":57,"mean":29.649936676,"median":31,"min":0,"var":124.926651001},"spectral_contrast_coeffs":{"dmean":[0.0505485497415,0.0450412705541,0.0365902148187,0.0301904827356,0.0219856668264,0.0163281280547],"dmean2":[0.083333902061,0.0742215588689,0.0606528185308,0.0491510294378,0.0361653082073,0.0259582269937],"dvar":[0.00178576237522,0.0013276663376,0.000881875748746,0.000580795749556,0.000338308484061,0.000209075340535],"dvar2":[0.00452108541504,0.00359157868661,0.00235188356601,0.00151966197882,0.000851892109495,0.000486444565468],"max":[-0.368952214718,-0.340913802385,-0.535370469093,-0.558817327023,-0.553723931313,-0.589305698872],"mean":[-0.675865232944,-0.780923902988,-0.801123023033,-0.784723758698,-0.76487582922,-0.759019255638],"median":[-0.678928971291,-0.786475837231,-0.807452082634,-0.78718405962,-0.766594469547,-0.756812810898],"min":[-0.98205769062,-0.989220142365,-0.990196287632,-0.985361158848,-0.988408267498,-0.96485722065],"var":[0.00570777337998,0.00398953771219,0.00321775185876,0.00275466009043,0.00279272091575,0.0015956829302]},"spectral_contrast_valleys":{"dmean":[0.417926251888,0.366226196289,0.304300665855,0.257689446211,0.199480265379,0.237768933177],"dmean2":[0.704162716866,0.58657002449,0.479286283255,0.39046266675,0.296066373587,0.309054106474],"dvar":[0.135797485709,0.102983191609,0.073448382318,0.058815009892,0.0497607700527,0.0903227478266],"dvar2":[0.341268539429,0.234343856573,0.150021344423,0.106240995228,0.0810105055571,0.145654216409],"max":[-5.55211162567,-5.14464998245,-5.51393890381,-5.596596241,-5.67619943619,-7.62868833542],"mean":[-7.70989131927,-7.18197822571,-7.3182220459,-7.31280517578,-7.13011169434,-10.0426492691],"median":[-7.35767126083,-6.84043312073,-6.94360923767,-6.90217399597,-6.68434476852,-9.70503139496],"min":[-28.0098705292,-28.1854228973,-27.8802833557,-27.6770133972,-27.468870163,-27.4474697113],"var":[5.34738302231,5.58981990814,5.59285736084,5.68649339676,5.75185346603,4.50643539429]},"spectral_decrease":{"dmean":1.57282509239e-9,"dmean2":2.63159605218e-9,"dvar":5.97867452471e-18,"dvar2":1.62152198935e-17,"max":5.51531013735e-28,"mean":-4.33928715182e-9,"median":-4.00346156226e-9,"min":-2.24012914884e-8,"var":7.92865272995e-18},"spectral_energy":{"dmean":0.00637341383845,"dmean2":0.0105645451695,"dvar":0.0000921475730138,"dvar2":0.000247425748967,"max":0.0905553922057,"mean":0.0189387816936,"median":0.0176423285156,"min":9.86531706903e-21,"var":0.000137239869218},"spectral_energyband_high":{"dmean":0.000309930997901,"dmean2":0.000419762334786,"dvar":2.9129805057e-7,"dvar2":5.66031133076e-7,"max":0.0133503479883,"mean":0.000944041181356,"median":0.000576648511924,"min":7.35990008471e-21,"var":0.00000105957701635},"spectral_energyband_low":{"dmean":0.00350080383942,"dmean2":0.00627585547045,"dvar":0.0000588013936067,"dvar2":0.000171165171196,"max":0.0597573108971,"mean":0.00458231335506,"median":0.00268488260917,"min":1.46298956484e-23,"var":0.0000439149371232},"spectral_energyband_middle_high":{"dmean":0.00235290080309,"dmean2":0.00364911556244,"dvar":0.00000774093314249,"dvar2":0.000018131260731,"max":0.0508108772337,"mean":0.0095676202327,"median":0.00856406986713,"min":1.13373837218e-21,"var":0.0000433875284216},"spectral_energyband_middle_low":{"dmean":0.00230848556384,"dmean2":0.00375110190362,"dvar":0.0000157995491463,"dvar2":0.0000390624154534,"max":0.0485915727913,"mean":0.00446824124083,"median":0.00315880053677,"min":1.53910082135e-22,"var":0.0000206417244044},"spectral_entropy":{"dmean":0.100962750614,"dmean2":0.146957159042,"dvar":0.0120990751311,"dvar2":0.0238009709865,"max":9.82270050049,"mean":7.85652303696,"median":7.86582040787,"min":5.88940286636,"var":0.139978200197},"spectral_flux":{"dmean":0.0189254973084,"dmean2":0.0291905645281,"dvar":0.00052608596161,"dvar2":0.00104858889244,"max":0.251387566328,"mean":0.0818796977401,"median":0.0785027295351,"min":6.42849246058e-11,"var":0.00138068210799},"spectral_kurtosis":{"dmean":1.30637657642,"dmean2":2.18036031723,"dvar":2.06711673737,"dvar2":5.76887226105,"max":28.364358902,"mean":5.50132226944,"median":5.09843254089,"min":-1.28364062309,"var":7.51815891266},"spectral_rms":{"dmean":0.000656685268041,"dmean2":0.00105354830157,"dvar":6.93788365425e-7,"dvar2":0.00000178034429155,"max":0.00939929392189,"mean":0.00406491337344,"median":0.00414873799309,"min":3.10236992346e-12,"var":0.0000019533390514},"spectral_rolloff":{"dmean":442.490478516,"dmean2":722.934692383,"dvar":625073.25,"dvar2":1275512.25,"max":19422.9492188,"mean":3007.1484375,"median":2734.71679688,"min":43.06640625,"var":5081640.5},"spectral_skewness":{"dmean":0.170171275735,"dmean2":0.274685382843,"dvar":0.0266678184271,"dvar2":0.0665599778295,"max":4.41048145294,"mean":1.53600347042,"median":1.54968869686,"min":-0.109486594796,"var":0.140201345086},"spectral_spread":{"dmean":427195.40625,"dmean2":598938.6875,"dvar":422490963968,"dvar2":773855379456,"max":43400872,"mean":4433539,"median":3854689.25,"min":1543724.375,"var":17225351168000},"spectral_strongpeak":{"dmean":0.986222803593,"dmean2":1.70196700096,"dvar":2.26050853729,"dvar2":5.82594299316,"max":16.1892356873,"mean":1.33273017406,"median":0.337833374739,"min":0,"var":4.23290061951},"zerocrossingrate":{"dmean":0.0102061172947,"dmean2":0.0119910612702,"dvar":0.000160191048053,"dvar2":0.000174483109731,"max":0.5361328125,"mean":0.102552235126,"median":0.09326171875,"min":0.00244140625,"var":0.00333161838353}},"metadata":{"audio_properties":{"analysis_sample_rate":44100,"bit_rate":320000,"codec":"mp3","downmix":"mix","equal_loudness":0,"length":240.091430664,"lossless":false,"md5_encoded":"416b74183a06b38fb6197b3befc3f6ff","replay_gain":-13.2872257233,"sample_rate":44100},"tags":{"acoustid_fingerprint":["AQADtNGyJEoURYkiPEmMH4cdXOrxsEXzI5KIHz8Kt8ezw_kRUsOlHZegI8zRLxVOPPpwnUUtHs2m5fiQ_9CD9MMl5rhyNDnCZ4G-BUeYZ-jDHONRIlLUDL2GJk2PD_OL6Yc5IWxEHPOM5jlKvjjaI01-9AzUSWj6BWF_vAt-1GjSkrgY5G_RhQ-aMNrxoyeaHQ_xDDdzNJp4HPXG4zuKJryh6yhOKhocDkGbo9fhCtW7CLWC1LmE-tBxDk11dBeeQesEVxlClM-HpjvOFP_QvJieiCXOA6fw5Gg-fHrg3MGjw6t0TCfyG7p80EdeNPnRC49xPZLR3Oia_ODFCWnMHY-Nk-iTHw2_ySilE5GS73iCRs9Rq7iiL8h_HNN3NA9xQcuymND04Bv-BdXhwQf9-PAjHbUPnWIU5FuC73jRhjOaNDmi8xB_40SOMD8mOcsEWT_uI7RynMeTB4-F8kX4C2KaHN10xF-KR0dDVCouesibQsuHUDleJcWuFs2PnsT_oNGH6Ulk5BIFJrmCSjz2QT8uNGtWaJvl4FeRN0c7VmjGnnh2DH2MZNmPXDM4_egZwz76I1-gL9GRv0KPbcJtvMcesbg3CnkW5kjmRTga8qh8_BHuI2PLQ_OQ7niSwVK2C97zoKomJB_ygckXfCOsw9HRP_jRH5eyI7qREM6io8uk4zH2yEOYNIdGHd9xlUaDZH9wBWSf4QkuJiKY5oa34_uKmzlOMNt-5BH4Qz_KBmaGp3rgmKifQw9Ckh3uCnaM_viOifN2XJKMO5OMV0H-oNSh47kQpvpRShOeDxfuY0o5Cz3awNaCXBJxiJ9RecGN5_ieIyv1oXke9Cm-CGHG4NDyBmzP4j16XYLtHT30F5H5oJ2RbsIpQo8ToWtiIvZ-nNrgKsiVQ18dBj9cVTjiTDlC2Wi-Yyck1DhCRcePE80vhF_wET-aOCd6ZnijCJeEQ_tgdkeNXjxSXBzcXeiHN8el4EfYFc2YFfqxCz6hX8J1bMsY6NpwXcIfNC_64BMeHd0Jf0HP44d6NDURfg6eg-FgP_CNSmVV5Mflo_yK5jvkQN3Rz0PzJcIfvOgOhz40L8qKHyGVo_nxKkVZZIqP7ob6BDgFphxc9Oh1XIiOczT2Bx2JfMTVcUELLfMJzsQZQ8tzdD8qwe-GNjmOusngGjr07UIPRh98gfnxDxV12D7CH71XOIItnC6OG95fXIl4XBgp4kIjRT1-YTf6DM3x4_zw48hGHeJzxPfQbgKl7ah8fGiqhOiL3UX44MuHNjou5DqJph_6ZMZ_POGOp9yROsczQz_MJcJFBnrwH1N-lA1ChnQRRgeT_NKhmfJwRR1yDQ23oHqQ55gyJdBEJXpwYofjLMMP2cczhPLho8_A6MrRiML5IA-0Kjma-kU-48RNOD9-ZD80O0TqFj0-XcSP0-jKIE2TQGRQ_kF-CX3R_LgsHBePK83R5AnOwy5CHV9SiCIuPNnRfEMoHj86H9eCpzHOEH5xuAnxSYejE90RNrugNowQ2sfRRMyDLMsdHOrWGdE3lDzs_uhxHVd0hFxIwu0PZS_ugD8aTSWeiXhOBcozEU1q1Apf5CKlYA_xLhSoLAryUVCsZEkmOGqOHM-54BKa_wh