{"lowlevel":{"average_loudness":0.93874078989,"barkbands":{"dmean":[0.0000347431450791,0.00212295749225,0.00136883778032,0.00178465154022,0.00204259878956,0.000692575704306,0.000474427070003,0.000524569768459,0.000647676177323,0.000149566345499,0.000115882365208,0.0000921660321183,0.000152377077029,0.00014573187218,0.000233190134168,0.00019311295182,0.000389399996493,0.000375526229618,0.000575824524276,0.000519318680745,0.0005537312245,0.000199549700483,0.0000530313773197,0.0000462722455268,0.0000190264363482,0.00000894893310033,0.00000347266586687],"dmean2":[0.0000535186372872,0.00360199180432,0.00217710458674,0.00309399468824,0.00360121414997,0.00115525268484,0.000802735623438,0.000820837682113,0.00102229230106,0.000235342333326,0.000178711910849,0.00014365169045,0.000230760066188,0.000228683886235,0.000362137390766,0.000303605978843,0.000612878706306,0.000586208945606,0.000924609601498,0.000816618441604,0.000872234755661,0.000305248482618,0.0000832539153635,0.000071768205089,0.0000292866661766,0.000014365205061,0.00000562500463275],"dvar":[7.67641505917e-9,0.0000106113830043,0.00000380264395972,0.00000617758132648,0.0000118395237223,0.00000184775308298,0.00000113518058242,0.00000113239718758,0.00000318065804095,7.9032744793e-8,7.91777381437e-8,6.82189096324e-8,2.4581780167e-7,1.67551064578e-7,1.87182195077e-7,1.25471061097e-7,3.6083656596e-7,2.44647424097e-7,5.61429033041e-7,5.81400399824e-7,0.00000125073961499,1.24033036286e-7,1.60339048705e-8,1.13989235828e-8,2.23386842357e-9,1.0309527676e-9,1.5083775895e-10],"dvar2":[1.71870730981e-8,0.0000299981438729,0.00000944021849136,0.0000166922491189,0.0000329792273988,0.00000445093928647,0.00000289018953481,0.00000263951801571,0.00000776392698754,1.75659536694e-7,1.70299315982e-7,1.59606713623e-7,5.10804284204e-7,3.50266020632e-7,4.22268470857e-7,2.73078967439e-7,8.27888470667e-7,5.9204739955e-7,0.00000139270161981,0.00000148144658851,0.00000304754394165,2.96433853464e-7,3.74405644266e-8,2.82930230355e-8,5.32720356716e-9,2.5763957634e-9,3.66095764814e-10],"max":[0.00173606781755,0.0405910536647,0.0242722872645,0.0264134593308,0.0255471765995,0.0404589772224,0.0290371254086,0.0238021537662,0.0412267632782,0.00607647933066,0.00894741527736,0.0072956844233,0.0156438667327,0.011162403971,0.00816938932985,0.00823175068945,0.0109468922019,0.00761384749785,0.014306047,0.00881085917354,0.0123719433323,0.0048546534963,0.0030496402178,0.00167348131072,0.000661547936033,0.000835100247059,0.000206332551898],"mean":[0.0000379218326998,0.00316901411861,0.00254346383736,0.00248634745367,0.00240472867154,0.000854309007991,0.000589949078858,0.000812975107692,0.000994295231067,0.00025415912387,0.000187216297491,0.000145005367813,0.000241501897108,0.000229542332818,0.000388083222788,0.000369331624825,0.000710218504537,0.000736229529139,0.00117308832705,0.000953640090302,0.000756475958042,0.000332898780471,0.0000816486644908,0.0000616432298557,0.0000219715857384,0.00000836046638142,0.00000298434588331],"median":[0.00000829828422866,0.00189813552424,0.00147937261499,0.0010883155046,0.00124995945953,0.000353337731212,0.000283258414129,0.000356637930963,0.000454960158095,0.000129922351334,0.000089344146545,0.000065744141466,0.0000790871708887,0.0000982305064099,0.000165848003235,0.000197749279323,0.00039276847383,0.000523622031324,0.000901201623492,0.000680076598655,0.000380259298254,0.000183110969374,0.0000343159153999,0.0000238444936258,0.00000640511370875,0.00000106770448838,2.5403841164e-7],"min":[3.78576074049e-25,2.80347478979e-24,5.50435683835e-25,8.18356858201e-25,1.01270247477e-23,7.14414760532e-24,1.06772252524e-23,6.50092186168e-24,1.25007979306e-23,1.68864575114e-23,2.46715064817e-23,2.49484645014e-23,1.52841121966e-23,3.43134172714e-23,4.63247648756e-23,4.71706572688e-23,9.17184845564e-23,1.29066315253e-22,1.37624383224e-22,1.42911089197e-22,2.68398954679e-22,2.90760548635e-22,4.14773951044e-22,6.01709070199e-22,9.11627957887e-22,1.31771335706e-21,1.90760733562e-21],"var":[9.10284736477e-9,0.0000151027143147,0.00000862410161062,0.0000114650274554,0.0000105756744233,0.00000257849183072,0.00000128386591314,0.00000189392267202,0.00000424779636887,1.69516297888e-7,1.41957784194e-7,1.07958207707e-7,5.21265178577e-7,3.37673753847e-7,4.26116997687e-7,2.95481640933e-7,9.09745438094e-7,5.84255190006e-7,0.00000123578638522,9.38191703881e-7,0.00000142976921325,1.93999994735e-7,2.21493277053e-8,1.32111752649e-8,2.41838327142e-9,8.83213446823e-10,1.31701954897e-10]},"barkbands_crest":{"dmean":2.51078462601,"dmean2":4.1704416275,"dvar":4.92326593399,"dvar2":12.9929599762,"max":25.292634964,"mean":8.64158630371,"median":8.00252532959,"min":2.68151378632,"var":11.9360132217},"barkbands_flatness_db":{"dmean":0.0187050867826,"dmean2":0.0284645818174,"dvar":0.000301186606521,"dvar2":0.000670780777,"max":0.414790779352,"mean":0.12652978301,"median":0.117078669369,"min":0.0442936308682,"var":0.00231901742518},"barkbands_kurtosis":{"dmean":2.03619027138,"dmean2":3.21025490761,"dvar":14.6426324844,"dvar2":32.0763778687,"max":304.710357666,"mean":2.44692420959,"median":-0.604550123215,"min":-1.92607462406,"var":278.604248047},"barkbands_skewness":{"dmean":0.6307259202,"dmean2":0.968262910843,"dvar":0.390701502562,"dvar2":0.912685513496,"max":14.0855932236,"mean":0.997216641903,"median":0.827200353146,"min":-4.23075532913,"var":1.93648135662},"barkbands_spread":{"dmean":8.34720611572,"dmean2":13.0138807297,"dvar":69.7996902466,"dvar2":166.226638794,"max":114.942718506,"mean":37.0603713989,"median":38.9251708984,"min":0.579222381115,"var":229.929595947},"dissonance":{"dmean":0.00996174570173,"dmean2":0.0166829489172,"dvar":0.000151974716573,"dvar2":0.000403683807235,"max":0.500000119209,"mean":0.481277406216,"median":0.487157702446,"min":0.299873024225,"var":0.000399764860049},"dynamic_complexity":2.07933402061,"erbbands":{"dmean":[0.0362962521613,0.57126802206,1.64842605591,3.20791769028,7.67094373703,6.32983207703,6.042324543,5.46277856827,5.408639431,11.0089998245,10.7588424683,15.262257576,7.47018480301,4.21679878235,3.58279824257,4.16901540756,6.40003442764,7.10957860947,11.3049898148,8.47376441956,10.0766162872,21.9186859131,19.006565094,25.654586792,28.6301498413,25.3873100281,21.2970504761,19.6284370422,8.10770511627,4.04676485062,1.33645927906,1.01626372337,0.723542034626,0.303389549255,0.0815916657448,0.036413423717,0.016766872257,0.00468846131116,0.000597839767579,0.0000322567211697],"dmean2":[0.0612900033593,0.96365571022,2.62592363358,5.45712375641,13.4312944412,11.2129631042,10.3333358765,9.00649356842,9.26106548309,17.770690918,17.1620254517,23.9242248535,11.9102067947,6.45384693146,5.54575920105,6.42642498016,9.59889793396,10.9654216766,17.6297111511,13.1187810898,15.7419395447,34.229095459,29.8079166412,40.359703064,45.9333229065,39.8417892456,33.1281738281,31.2366828918,12.4446907043,6.23881292343,2.07539892197,1.61145877838,1.10730361938,0.466542869806,0.126399815083,0.0570918284357,0.0272202361375,0.00770443258807,0.0009674198227,0.0000514820094395],"dvar":[0.00392533699051,0.781072199345,6.10360765457,16.8991527557,173.133590698,104.602005005,147.895187378,143.587463379,133.43548584,563.328918457,648.468383789,1891.24865723,223.27293396,92.6501083374,68.0684890747,140.102935791,417.328979492,508.359863281,447.970703125,299.371398926,253.327072144,1191.59509277,678.438476563,1103.75585938,1531.36193848,1388.18188477,1516.6171875,1811.37414551,208.210266113,58.2092971802,10.5171480179,6.25723600388,2.73416638374,0.555250942707,0.0467696525156,0.0128419892862,0.00430505210534,0.000293702294584,0.00000433747072748,9.90310322635e-9],"dvar2":[0.0104339709505,2.18029928207,15.0941200256,44.7089881897,477.621673584,293.422088623,387.526550293,326.974487305,338.344268799,1377.2208252,1498.1907959,4401.48535156,536.01940918,179.088531494,156.111999512,324.711242676,824.81652832,1041.05554199,1026.38879395,660.726318359,606.73651123,2694.26513672,1679.49621582,2617.5300293,3934.66601563,3530.53295898,3739.46411133,4434.55664063,497.962127686,137.837478638,25.083240509,16.2634372711,6.42136383057,1.33240354061,0.11058781296,0.0314300842583,0.01092582196,0.000726292666513,0.0000104537994048,2.407586841e-8],"max":[1.2668248415,8.6244392395,26.9899120331,54.3256759644,104.394203186,111.134429932,203.261581421,490.978210449,246.641937256,678.088195801,640.520141602,916.719299316,352.499847412,220.536956787,429.4453125,294.258575439,864.754211426,658.319458008,442.888793945,516.643310547,256.042053223,657.899536133,383.352783203,548.196899414,777.487548828,479.395721436,496.724517822,478.343383789,209.779647827,124.498764038,87.9892501831,56.1324577332,21.179983139,10.2766332626,3.46062493324,2.43473362923,1.78723287582,0.330239087343,0.0313986986876,0.00162322400138],"mean":[0.0486450269818,0.857060730457,3.07589960098,5.58969640732,8.95231819153,7.73152637482,6.71675491333,6.94090223312,6.86290979385,15.8470954895,17.3211841583,23.634349823,13.0328092575,7.48589229584,6.40383768082,7.28513908386,10.9951257706,11.9187202454,20.3091468811,16.9707889557,21.5638198853,41.0952949524,39.1453666687,53.0073127747,57.6673164368,46.9482040405,34.0572395325,24.7751274109,13.205072403,6.53127908707,2.06786227226,1.36817276478,0.95815038681,0.361063182354,0.0926025956869,0.0372235327959,0.0149321099743,0.00406596763059,0.00052815687377,0.0000490648635605],"median":[0.0267580524087,0.510255098343,1.94605195522,3.61726903915,4.56651115417,3.69930243492,2.93813753128,2.88459539413,3.49939012527,7.06835842133,7.92400550842,10.5201501846,6.98240280151,3.66780662537,3.55573797226,3.47282671928,4.10807275772,5.18662643433,9.37660312653,9.37622642517,13.1391744614,23.1990509033,28.2871170044,41.228729248,43.6944122314,33.6085281372,19.8418807983,11.2459373474,7.26786804199,3.33290839195,0.862239360809,0.563339591026,0.348025262356,0.115476712584,0.0232094340026,0.0067123635672,0.00140874553472,0.000365113693988,0.0000567133320146,0.0000290602984023],"min":[1.2032557234e-22,6.76811203218e-22,1.49630429683e-21,6.08536581816e-21,9.01057696336e-21,3.962723108e-20,5.01355720232e-20,7.9165165428e-20,1.26483605854e-19,1.76580416711e-19,1.91246238498e-19,3.10473402429e-19,5.04335483292e-19,9.18771219854e-19,1.07706836009e-18,1.07121264513e-18,1.01787696981e-18,1.88283905685e-18,2.5515930754e-18,2.87871322916e-18,3.86850617641e-18,5.10480783839e-18,6.51952656823e-18,7.00192754813e-18,7.44659503002e-18,8.17832644451e-18,9.5174946331e-18,1.08810836749e-17,9.94158765162e-18,1.07170388702e-17,1.09882333427e-17,9.43397586101e-18,1.03815195245e-17,9.0402651864e-18,6.68839797183e-18,4.35217563777e-18,2.20897755402e-18,8.98987541143e-19,2.47375677563e-19,2.7291541535e-20],"var":[0.00509620830417,1.09878504276,12.3994903564,40.8779678345,156.625152588,114.975822449,143.606399536,220.667312622,158.219085693,754.372558594,1156.50671387,2658.24487305,428.641143799,219.507202148,132.662063599,244.561706543,938.158203125,1066.65942383,1105.85180664,611.615905762,669.961853027,3083.70581055,1599.84936523,2575.98632813,3148.41064453,2248.14086914,2005.73400879,1906.72143555,312.254882813,88.5041122437,14.3042602539,6.6213145256,3.44253706932,0.605330407619,0.0500752925873,0.0121707925573,0.00349606992677,0.000247879215749,0.00000384477652915,9.09710262675e-9]},"erbbands_crest":{"dmean":2.16634941101,"dmean2":3.51160168648,"dvar":4.28474187851,"dvar2":10.571767807,"max":27.0600166321,"mean":7.88223314285,"median":7.08035182953,"min":2.65056753159,"var":11.1501541138},"erbbands_flatness_db":{"dmean":0.0150049300864,"dmean2":0.0223777275532,"dvar":0.000197423418285,"dvar2":0.000428375205956,"max":0.321666032076,"mean":0.167109817266,"median":0.161635220051,"min":0.0369104333222,"var":0.00123514689039},"erbbands_kurtosis":{"dmean":1.34887385368,"dmean2":2.15727758408,"dvar":3.61508893967,"dvar2":8.7210893631,"max":41.8136138916,"mean":0.697360277176,"median":0.0640896260738,"min":-1.80688393116,"var":6.46031999588},"erbbands_skewness":{"dmean":0.452867746353,"dmean2":0.700235545635,"dvar":0.207973241806,"dvar2":0.493064552546,"max":4.53667640686,"mean":-0.776723384857,"median":-0.900216698647,"min":-4.29555654526,"var":0.825298249722},"erbbands_spread":{"dmean":11.0821466446,"dmean2":17.7100925446,"dvar":130.394470215,"dvar2":328.722717285,"max":153.426956177,"mean":43.824886322,"median":41.0497665405,"min":3.77451109886,"var":331.594177246},"gfcc":{"cov":[[27808.4101563,681.92755127,-3101.33984375,1390.25073242,-1358.79675293,-0.524621903896,-592.498718262,158.8878479,-507.437835693,-37.4070472717,-474.434051514,-218.598602295,-244.025421143],[681.92755127,1084.89477539,-328.236602783,-9.6701002121,119.710983276,-112.872886658,55.2489509583,-0.755354404449,102.814414978,-84.7452316284,48.7428016663,-43.6215248108,-21.8649291992],[-3101.33984375,-328.236602783,993.986633301,57.7761230469,94.8970947266,33.5864677429,25.6331291199,3.34870195389,-30.1501216888,59.9865760803,9.23423576355,31.4014644623,28.6098575592],[1390.25073242,-9.6701002121,57.7761230469,467.316314697,-12.036190033,58.6001663208,-5.19556665421,63.7281112671,-20.1253147125,8.98359489441,-49.2688331604,-43.7148208618,31.7095279694],[-1358.79675293,119.710983276,94.8970947266,-12.036190033,336.390045166,9.29205131531,50.1205635071,49.1797218323,57.9379043579,0.802595555782,2.00631022453,3.01422286034,19.5408287048],[-0.524621903896,-112.872886658,33.5864677429,58.6001663208,9.29205131531,186.45249939,61.5166320801,32.8285179138,-0.433060079813,5.02545499802,6.63248682022,-10.8010187149,8.86497020721],[-592.498718262,55.2489509583,25.6331291199,-5.19556665421,50.1205635071,61.5166320801,145.518264771,31.8957557678,23.0916213989,-6.32307386398,23.2928791046,-0.208244860172,-3.93663024902],[158.8878479,-0.755354404449,3.34870195389,63.7281112671,49.1797218323,32.8285179138,31.8957557678,107.685028076,35.2874603271,7.59970808029,-11.6485366821,-3.73884439468,14.3281593323],[-507.437835693,102.814414978,-30.1501216888,-20.1253147125,57.9379043579,-0.433060079813,23.0916213989,35.2874603271,106.363182068,12.8354845047,21.7943229675,-2.36324810982,12.7720546722],[-37.4070472717,-84.7452316284,59.9865760803,8.98359489441,0.802595555782,5.02545499802,-6.32307386398,7.59970808029,12.8354845047,69.8989334106,10.2717227936,2.19946789742,2.05991482735],[-474.434051514,48.7428016663,9.23423576355,-49.2688331604,2.00631022453,6.63248682022,23.2928791046,-11.6485366821,21.7943229675,10.2717227936,76.3170394897,26.5358505249,-6.623295784],[-218.598602295,-43.6215248108,31.4014644623,-43.7148208618,3.01422286034,-10.8010187149,-0.208244860172,-3.73884439468,-2.36324810982,2.19946789742,26.5358505249,60.9650001526,9.10226726532],[-244.025421143,-21.8649291992,28.6098575592,31.7095279694,19.5408287048,8.86497020721,-3.93663024902,14.3281593323,12.7720546722,2.05991482735,-6.623295784,9.10226726532,63.8520889282]],"icov":[[0.00024065967591,-0.000342433369951,0.000689599313773,-0.000595077115577,0.000661648286041,-0.000383669597795,0.000685156090185,-0.000710353488103,0.00104038463905,-0.00100431474857,0.00116629060358,-0.000873022421729,0.000911160837859],[-0.000342433369951,0.00216001761146,-0.000577192462515,0.00047058679047,-0.00148327252828,0.00186582689639,-0.00159427162725,0.00133519561496,-0.00260339281522,0.0033783854451,-0.00335861556232,0.00283424695954,-0.00108778383583],[0.000689599313773,-0.000577192462515,0.00325589650311,-0.00195345981047,0.00134546402842,-0.000864262809046,0.00155599403661,-0.00171509373467,0.00338671170175,-0.00353683787398,0.00294790696353,-0.00270006828941,0.00226544914767],[-0.000595077115577,0.00047058679047,-0.00195345981047,0.004402437713,-0.00126540707424,0.00012990416144,-0.00118262425531,-0.000072796625318,-0.00132124475203,0.00180040311534,-0.00203886278905,0.00375961791724,-0.00365268113092],[0.000661648286041,-0.00148327252828,0.00134546402842,-0.00126540707424,0.00568292336538,-0.00121404463425,0.00117701489944,-0.0030410962645,0.00154379475862,-0.00286315171979,0.00436010491103,-0.00298492820002,0.00189199426677],[-0.000383669597795,0.00186582689639,-0.000864262809046,0.00012990416144,-0.00121404463425,0.00855601206422,-0.00434581097215,-0.000030531147786,-0.00120984110981,0.00261043012142,-0.00447280192748,0.00423461012542,-0.00249188113958],[0.000685156090185,-0.00159427162725,0.00155599403661,-0.00118262425531,0.00117701489944,-0.00434581097215,0.0117779383436,-0.0043404721655,0.00274252891541,-0.00159911811352,0.000945992360357,-0.00220586499199,0.00382153270766],[-0.000710353488103,0.00133519561496,-0.00171509373467,-0.000072796625318,-0.0030410962645,-0.000030531147786,-0.0043404721655,0.015982221812,-0.00786320492625,0.00209280243143,0.000372533279005,0.000234518724028,-0.00286143878475],[0.00104038463905,-0.00260339281522,0.00338671170175,-0.00132124475203,0.00154379475862,-0.00120984110981,0.00274252891541,-0.00786320492625,0.019479740411,-0.0078339446336,0.000749334052671,-0.000938814948313,0.000420176191255],[-0.00100431474857,0.0033783854451,-0.00353683787398,0.00180040311534,-0.00286315171979,0.00261043012142,-0.00159911811352,0.00209280243143,-0.0078339446336,0.0228558182716,-0.00936579611152,0.0060596447438,-0.00305080506951],[0.00116629060358,-0.00335861556232,0.00294790696353,-0.00203886278905,0.00436010491103,-0.00447280192748,0.000945992360357,0.000372533279005,0.000749334052671,-0.00936579611152,0.0277821533382,-0.0150192622095,0.00743529805914],[-0.000873022421729,0.00283424695954,-0.00270006828941,0.00375961791724,-0.00298492820002,0.00423461012542,-0.00220586499199,0.000234518724028,-0.000938814948313,0.0060596447438,-0.0150192622095,0.0278310347348,-0.00841924082488],[0.000911160837859,-0.00108778383583,0.00226544914767,-0.00365268113092,0.00189199426677,-0.00249188113958,0.00382153270766,-0.00286143878475,0.000420176191255,-0.00305080506951,0.00743529805914,-0.00841924082488,0.0222002658993]],"mean":[-22.7239341736,87.7619552612,-131.979690552,67.4907302856,-55.8400344849,-6.12202978134,-21.6242237091,7.19066858292,-18.0002727509,-4.44585323334,-17.3220844269,-11.8045120239,-12.1291980743]},"hfc":{"dmean":8.61285877228,"dmean2":12.6874885559,"dvar":150.8878479,"dvar2":365.503234863,"max":135.000076294,"mean":24.7009830475,"median":21.8987388611,"min":1.03203698668e-16,"var":322.039459229},"melbands":{"dmean":[0.00045566787594,0.000818545173388,0.000695012684446,0.00050155853387,0.000213399063796,0.000122676414321,0.0000853202218423,0.000119739088404,0.0000940943646128,0.0000954851857387,0.00003554842624,0.000016595584384,0.0000135060981847,0.0000093667067631,0.0000161724819918,0.0000129345762616,0.0000143320439747,0.0000171767969732,0.0000169151862792,0.0000148154913404,0.0000128471547214,0.0000256014445768,0.0000181009145308,0.0000189262391359,0.000023166065148,0.0000235979787249,0.0000198413599719,0.0000176791218109,0.0000129266445583,0.0000163227523444,0.00000935277057579,0.00000422132279709,0.0000045541187319,0.00000157293209213,7.92375544734e-7,6.07501931427e-7,6.68908910484e-7,5.96699067046e-7,3.71752207684e-7,2.15750503685e-7],"dmean2":[0.000781085982453,0.00131899875123,0.00119880016427,0.000890874653123,0.000365409097867,0.000202916067792,0.000145196812809,0.000191954299225,0.000150840365677,0.000148934224853,0.0000570338343096,0.0000256389666902,0.000021086390916,0.0000145016811075,0.0000246465770033,0.0000197836561711,0.0000224250397878,0.0000270481777989,0.0000262575322267,0.0000229491015489,0.0000203208892344,0.0000403795202146,0.0000285673904727,0.0000299460461974,0.0000368697728845,0.0000381347344955,0.000032123123674,0.0000279332707578,0.0000203524450626,0.0000259499465756,0.0000150855594256,0.00000655123722026,0.00000714240741218,0.00000248488549914,0.00000124772793697,9.80002369033e-7,0.00000106955383217,9.21254923014e-7,5.7839793044e-7,3.37753334634e-7],"dvar":[4.92715571454e-7,0.0000014741646055,8.4983190618e-7,7.52453900077e-7,1.50637731622e-7,6.51360423376e-8,3.33895116e-8,6.27192378033e-8,6.17800992586e-8,7.27979667658e-8,5.34157740262e-9,1.4712410179e-9,1.02769825983e-9,4.23977020159e-10,3.74724251628e-9,1.94111282603e-9,2.17138462766e-9,1.13355924647e-9,1.14277443064e-9,1.05855635368e-9,4.91333529418e-10,1.66212932307e-9,7.46605277602e-10,6.53461063038e-10,9.62066315502e-10,1.03809483232e-9,8.30283730657e-10,6.88878842858e-10,5.00991026442e-10,1.18469101196e-9,4.29130286861e-10,5.46158569759e-11,7.03386168754e-11,1.1698457307e-11,4.01766900998e-12,2.55006107376e-12,2.57938917621e-12,1.89264250973e-12,8.06193490872e-13,3.0488610768e-13],"dvar2":[0.00000140778615787,0.0000037732797864,0.00000230133218793,0.00000211711835618,3.90952919815e-7,1.49345055434e-7,8.54361843494e-8,1.51596395881e-7,1.45420145259e-7,1.69397978311e-7,1.27867805233e-8,2.87747714545e-9,2.37856156993e-9,9.11805575488e-10,8.13804135191e-9,4.49744952391e-9,4.58238513801e-9,2.59324650642e-9,2.50183695982e-9,2.22408869099e-9,1.19095566742e-9,3.88689702646e-9,1.74849668078e-9,1.60056912168e-9,2.2980866099e-9,2.62279087337e-9,2.18980122924e-9,1.74443626211e-9,1.24905230603e-9,2.94531532496e-9,1.06845943204e-9,1.31484781396e-10,1.7132974206e-10,2.78027999928e-11,9.60691248775e-12,6.61947796923e-12,6.7043311007e-12,4.47140545076e-12,1.94367590599e-12,7.42454112513e-13],"max":[0.0114220166579,0.0129701830447,0.00880116596818,0.00660738814622,0.00585698522627,0.00974243786186,0.00376705010422,0.0064133843407,0.00539462501183,0.00619205599651,0.00169709231704,0.00082813348854,0.00126003217883,0.000647736596875,0.00221082963981,0.00135062995832,0.00125469197519,0.000685462029651,0.000893273856491,0.000876229838468,0.000423397723353,0.000625897722784,0.000447293336038,0.000393142341636,0.000525506970007,0.000572007207666,0.000486032309709,0.000341512582963,0.000300917075947,0.000502006325405,0.000270140299108,0.000134923961014,0.000105007464299,0.0000753060157876,0.0000585742636758,0.0000486158314743,0.0000318195452564,0.0000186005090654,0.0000165502951859,0.00000920975435292],"mean":[0.0006522249314,0.00149075745139,0.00112109619658,0.000606192043051,0.00025373706012,0.000156046444317,0.000108639287646,0.000175491310074,0.000144988647662,0.000147788698087,0.0000588836337556,0.0000275277616311,0.0000224466166401,0.000016031524865,0.0000262373887381,0.0000206433887797,0.0000217471242649,0.0000296705966321,0.0000278633433481,0.000026610769055,0.000024141263566,0.0000448749742645,0.0000332493946189,0.000035854158341,0.0000435389883933,0.0000446606936748,0.0000360400445061,0.000030249102565,0.0000210167509067,0.0000206883523788,0.00001130099281,0.00000681195751895,0.0000069533111855,0.00000238421375798,0.00000118416210171,8.24346841455e-7,8.56084170664e-7,7.70412498241e-7,4.53665506939e-7,2.45041803737e-7],"median":[0.000401387922466,0.000994244590402,0.000751445069909,0.000341029634001,0.000125549660879,0.0000668846187182,0.0000544117938261,0.0000757030138629,0.0000624219246674,0.0000646500120638,0.0000290401840175,0.0000122347237266,0.0000116060955406,0.00000852542962093,0.00000929627276491,0.00000696171900927,0.00000816551255411,0.0000127127532323,0.0000121481971291,0.0000122549599837,0.0000128717292682,0.0000235000698012,0.0000208269793802,0.0000251059027505,0.0000323824024235,0.0000328548921971,0.0000263463170995,0.0000204553925869,0.0000125068336274,0.00000973748137767,0.0000048822048484,0.0000037642114421,0.00000362883451999,0.00000107979667519,4.61434979115e-7,3.31655996888e-7,3.41225018019e-7,2.72931231393e-7,1.4900848555e-7,7.31046583269e-8],"min":[1.88058306411e-24,1.34957524944e-24,9.62716974047e-25,1.46725337776e-24,2.00192840957e-24,1.46435401811e-24,2.51441978525e-24,1.82503364853e-24,1.27254140432e-24,1.81688155994e-24,2.1337764519e-24,3.20032290386e-24,2.82167775518e-24,2.69768657025e-24,3.19124410092e-24,2.02524516577e-24,3.05524467807e-24,3.62998289842e-24,4.08273226003e-24,2.96328834564e-24,3.69653041552e-24,3.87261915793e-24,5.00270855302e-24,6.27091763185e-24,5.15041131904e-24,4.30298893009e-24,5.02520568274e-24,4.63921761954e-24,3.90236197507e-24,3.94613862771e-24,4.83894812884e-24,5.12320508414e-24,4.67702575058e-24,5.32343652011e-24,5.6087722427e-24,4.9594710868e-24,5.62986993318e-24,6.13254472376e-24,6.55712465131e-24,6.93195585473e-24],"var":[6.63592288674e-7,0.00000272763827525,0.00000143388194829,6.50362835586e-7,1.56087764935e-7,1.00535153535e-7,4.00132371681e-8,8.90568401246e-8,1.01366751437e-7,1.03751446545e-7,9.88290338455e-9,3.38801187105e-9,1.71260983173e-9,8.29177781991e-10,6.77316069897e-9,3.76696229765e-9,4.18562962068e-9,2.67742117366e-9,2.38633401928e-9,2.34113817221e-9,1.14843112797e-9,3.99417166008e-9,1.63817603926e-9,1.47203427225e-9,2.00965377672e-9,2.0408539303e-9,1.36201194767e-9,1.05834407904e-9,7.0338607161e-10,1.25618360158e-9,4.30033869625e-10,8.30622862158e-11,9.87664464103e-11,1.59065573213e-11,5.24485619866e-12,2.76753164656e-12,2.65404191679e-12,2.34310162418e-12,8.98003785048e-13,3.12243910198e-13]},"melbands_crest":{"dmean":3.78658151627,"dmean2":6.25303649902,"dvar":10.8563995361,"dvar2":28.4199333191,"max":32.0068740845,"mean":14.8687763214,"median":14.276807785,"min":1.46873450279,"var":32.9458580017},"melbands_flatness_db":{"dmean":0.02880317159,"dmean2":0.0436557456851,"dvar":0.000703242374584,"dvar2":0.00157208798919,"max":0.540229260921,"mean":0.171986699104,"median":0.16479152441,"min":0.00287346262485,"var":0.00468994863331},"melbands_kurtosis":{"dmean":7.21843194962,"dmean2":11.3933649063,"dvar":145.81803894,"dvar2":326.876373291,"max":626.226318359,"mean":12.8846511841,"median":5.28021907806,"min":-1.8575398922,"var":1105.57678223},"melbands_skewness":{"dmean":0.876599311829,"dmean2":1.36868488789,"dvar":0.779296875,"dvar2":1.83294081688,"max":19.3682136536,"mean":2.70137381554,"median":2.37252998352,"min":-1.91568672657,"var":3.23585534096},"melbands_spread":{"dmean":16.1017932892,"dmean2":25.3034687042,"dvar":346.954467773,"dvar2":853.779418945,"max":174.230560303,"mean":42.4995117188,"median":37.104133606,"min":0.366558611393,"var":812.195556641},"mfcc":{"cov":[[9384.64648438,145.051849365,-326.236022949,605.582092285,-184.721496582,-50.1637115479,-48.3948554993,-38.31457901,17.0046958923,14.6939239502,-50.7430992126,-39.1301460266,-136.269882202],[145.051849365,1118.86694336,-306.861358643,84.7652282715,19.3947563171,-53.3375892639,-43.386844635,76.7063446045,-35.6714706421,25.9136924744,52.7327270508,-8.38515281677,41.6035766602],[-326.236022949,-306.861358643,648.952209473,96.3324432373,4.98544836044,47.9616622925,55.2752532959,-48.6712226868,13.9014816284,-12.1414556503,-30.3620071411,22.7277793884,-7.25805616379],[605.582092285,84.7652282715,96.3324432373,363.128631592,95.1170196533,9.85923194885,30.7650604248,2.63307142258,76.6386871338,20.079750061,-24.1364498138,5.70494747162,11.2429590225],[-184.721496582,19.3947563171,4.98544836044,95.1170196533,204.972000122,17.7930850983,16.4785003662,11.6569013596,68.2059631348,24.5014591217,-18.1377849579,7.53956604004,20.2135429382],[-50.1637115479,-53.3375892639,47.9616622925,9.85923194885,17.7930850983,113.963562012,55.6597442627,16.3548545837,13.1237869263,13.9016494751,13.5308208466,2.81121730804,-9.10296821594],[-48.3948554993,-43.386844635,55.2752532959,30.7650604248,16.4785003662,55.6597442627,127.302391052,38.052406311,36.1298828125,1.69445848465,12.5187702179,15.7048072815,-9.2528181076],[-38.31457901,76.7063446045,-48.6712226868,2.63307142258,11.6569013596,16.3548545837,38.052406311,114.182777405,24.8954792023,16.4692440033,16.1195735931,13.8355770111,15.2179670334],[17.0046958923,-35.6714706421,13.9014816284,76.6386871338,68.2059631348,13.1237869263,36.1298828125,24.8954792023,132.752792358,33.6910629272,-11.2491970062,8.35976982117,1.56671881676],[14.6939239502,25.9136924744,-12.1414556503,20.079750061,24.5014591217,13.9016494751,1.69445848465,16.4692440033,33.6910629272,83.3634796143,23.706659317,-1.5084747076,4.50652694702],[-50.7430992126,52.7327270508,-30.3620071411,-24.1364498138,-18.1377849579,13.5308208466,12.5187702179,16.1195735931,-11.2491970062,23.706659317,81.7574768066,21.4782867432,-5.49271535873],[-39.1301460266,-8.38515281677,22.7277793884,5.70494747162,7.53956604004,2.81121730804,15.7048072815,13.8355770111,8.35976982117,-1.5084747076,21.4782867432,59.4160881042,17.8389930725],[-136.269882202,41.6035766602,-7.25805616379,11.2429590225,20.2135429382,-9.10296821594,-9.2528181076,15.2179670334,1.56671881676,4.50652694702,-5.49271535873,17.8389930725,60.7990226746]],"icov":[[0.000147191924043,0.0000301332802337,0.000151139713125,-0.000377485266654,0.000264414207777,-0.00001049882394,0.000072840906796,-0.00000831149645819,0.0000876287085703,-0.000109773631266,0.000182383912033,-0.000169789447682,0.000392990157707],[0.0000301332802337,0.00124811963178,0.00052431965014,-0.000670065521263,-0.0000510470672452,0.000421478907811,0.00020119464898,-0.000717356975656,0.000644601357635,-0.0000572968747292,-0.0008324716473,0.000535406288691,-0.00055443943711],[0.000151139713125,0.00052431965014,0.0022406890057,-0.00107214716263,0.000530728895683,-0.000497637141962,-0.000641721300781,0.00080929743126,0.000536630512215,-0.000338077050401,0.000906680710614,-0.00115297466982,0.000325971399434],[-0.000377485266654,-0.000670065521263,-0.00107214716263,0.00475951610133,-0.00172920047771,0.000164288154338,-0.00072630145587,0.000588410475757,-0.00179008033592,0.0000302035241475,0.000380476092687,0.000312101823511,-0.0010672993958],[0.000264414207777,-0.0000510470672452,0.000530728895683,-0.00172920047771,0.00715429615229,-0.00115837005433,0.000278022693237,0.000401723693358,-0.0023507962469,-0.00101476430427,0.00166934612207,-0.000871118623763,-0.00105733866803],[-0.00001049882394,0.000421478907811,-0.000497637141962,0.000164288154338,-0.00115837005433,0.0121185481548,-0.00494536804035,-0.00052407477051,0.00115668214858,-0.00179657712579,-0.00142864335794,0.00130777026061,0.000766941753682],[0.000072840906796,0.00020119464898,-0.000641721300781,-0.00072630145587,0.000278022693237,-0.00494536804035,0.012861344032,-0.00368273723871,-0.00259698461741,0.00248897704296,-0.00135704281274,-0.0017543269787,0.00240410957485],[-0.00000831149645819,-0.000717356975656,0.00080929743126,0.000588410475757,0.000401723693358,-0.00052407477051,-0.00368273723871,0.0119430422783,-0.00165216531605,-0.00116954057012,-0.000489895348437,-0.00105376134161,-0.00290759140626],[0.0000876287085703,0.000644601357635,0.000536630512215,-0.00179008033592,-0.0023507962469,0.00115668214858,-0.00259698461741,-0.00165216531605,0.012409617193,-0.0049007833004,0.00317283044569,-0.00221928581595,0.00210471916944],[-0.000109773631266,-0.0000572968747292,-0.000338077050401,0.0000302035241475,-0.00101476430427,-0.00179657712579,0.00248897704296,-0.00116954057012,-0.0049007833004,0.0169826839119,-0.00713881105185,0.00434579560533,-0.00256539345719],[0.000182383912033,-0.0008324716473,0.000906680710614,0.000380476092687,0.00166934612207,-0.00142864335794,-0.00135704281274,-0.000489895348437,0.00317283044569,-0.00713881105185,0.0195249952376,-0.00926731899381,0.00509392935783],[-0.000169789447682,0.000535406288691,-0.00115297466982,0.000312101823511,-0.000871118623763,0.00130777026061,-0.0017543269787,-0.00105376134161,-0.00221928581595,0.00434579560533,-0.00926731899381,0.0243497081101,-0.00870667211711],[0.000392990157707,-0.00055443943711,0.000325971399434,-0.0010672993958,-0.00105733866803,0.000766941753682,0.00240410957485,-0.00290759140626,0.00210471916944,-0.00256539345719,0.00509392935783,-0.00870667211711,0.0226548481733]],"mean":[-640.777893066,97.1032867432,-12.3196029663,61.2060813904,-6.35633611679,1.38695144653,1.28901076317,4.24067878723,4.17422533035,5.94478034973,2.44104290009,-3.26328158379,-5.79053115845]},"pitch_salience":{"dmean":0.0821824297309,"dmean2":0.135442912579,"dvar":0.00576117960736,"dvar2":0.01536934264,"max":0.991875350475,"mean":0.563271164894,"median":0.572683811188,"min":0.0934786051512,"var":0.0163277555257},"silence_rate_20dB":{"dmean":0,"dmean2":0,"dvar":0,"dvar2":0,"max":1,"mean":1,"median":1,"min":1,"var":0},"silence_rate_30dB":{"dmean":0,"dmean2":0,"dvar":0,"dvar2":0,"max":1,"mean":1,"median":1,"min":1,"var":0},"silence_rate_60dB":{"dmean":0.012740785256,"dmean2":0.0254854373634,"dvar":0.012578333728,"dvar2":0.0284789260477,"max":1,"mean":0.0486806184053,"median":0,"min":0,"var":0.0463123731315},"spectral_centroid":{"dmean":415.191497803,"dmean2":642.161987305,"dvar":198658.703125,"dvar2":459709.25,"max":11756.6914063,"mean":2455.18017578,"median":2435.60595703,"min":133.868438721,"var":1659671.5},"spectral_complexity":{"dmean":4.99651145935,"dmean2":7.36104345322,"dvar":23.7993469238,"dvar2":47.0128669739,"max":55,"mean":25.3703365326,"median":26,"min":0,"var":148.37651062},"spectral_contrast_coeffs":{"dmean":[0.0594633333385,0.0475119575858,0.0397333838046,0.0329960733652,0.0253760144114,0.0207801815122],"dmean2":[0.0990951284766,0.0780349075794,0.0638791322708,0.051054213196,0.0399887673557,0.0325918607414],"dvar":[0.00257392833009,0.00159603822976,0.00102434656583,0.000763974210713,0.000487356679514,0.000329675822286],"dvar2":[0.00706574739888,0.00407125335187,0.00257569551468,0.00169424409978,0.00112086976878,0.000753463769797],"max":[-0.31682240963,-0.416596025229,-0.475170761347,-0.521823167801,-0.564931511879,-0.562394917011],"mean":[-0.636658549309,-0.763999342918,-0.765982210636,-0.770284056664,-0.764771878719,-0.684678554535],"median":[-0.639475882053,-0.775604844093,-0.771168470383,-0.774188399315,-0.76398563385,-0.676466822624],"min":[-0.980587899685,-0.992389202118,-0.997949779034,-0.987627387047,-0.977137207985,-0.967932343483],"var":[0.00740279955789,0.00637965695933,0.00473249610513,0.00432213395834,0.00245799357072,0.00260362401605]},"spectral_contrast_valleys":{"dmean":[0.416692882776,0.413123458624,0.330383062363,0.281689971685,0.259431391954,0.351085990667],"dmean2":[0.696471869946,0.685779035091,0.538601875305,0.442831158638,0.381078600883,0.459615200758],"dvar":[0.136684864759,0.162433817983,0.100460804999,0.0851914584637,0.0836682841182,0.143261820078],"dvar2":[0.321470946074,0.365268439054,0.213953629136,0.17274621129,0.151645928621,0.266867995262],"max":[-5.76851034164,-4.79064321518,-6.15188741684,-6.38627052307,-5.3632349968,-8.17984390259],"mean":[-7.58354520798,-7.1830868721,-8.03829097748,-8.2571811676,-7.2022857666,-10.6327543259],"median":[-7.09540700912,-6.73526668549,-7.59634971619,-7.83157539368,-6.70101213455,-10.2059783936],"min":[-28.1787014008,-28.1791400909,-27.8212852478,-27.7623615265,-27.4768466949,-27.3910083771],"var":[6.84431886673,7.19220781326,6.67054224014,6.51546382904,7.27661561966,5.52926826477]},"spectral_decrease":{"dmean":1.36304212361e-9,"dmean2":2.18594564672e-9,"dvar":2.2299525796e-18,"dvar2":5.37097594795e-18,"max":1.91689986073e-28,"mean":-4.85040674292e-9,"median":-4.78746731147e-9,"min":-1.53070693898e-8,"var":6.14373882954e-18},"spectral_energy":{"dmean":0.00543465046212,"dmean2":0.00860668253154,"dvar":0.0000342415114574,"dvar2":0.0000818210974103,"max":0.0586151964962,"mean":0.0205469783396,"median":0.0204682424664,"min":1.01430978897e-20,"var":0.000104164035292},"spectral_energyband_high":{"dmean":0.00105472444557,"dmean2":0.00158452382311,"dvar":0.00000352874303644,"dvar2":0.00000833462036098,"max":0.0219294466078,"mean":0.00175672885962,"median":0.00103520764969,"min":7.10967633382e-21,"var":0.00000508581388203},"spectral_energyband_low":{"dmean":0.00321236532182,"dmean2":0.00512368045747,"dvar":0.0000178582486114,"dvar2":0.0000471253697469,"max":0.0547112822533,"mean":0.00688506476581,"median":0.00569203030318,"min":1.65627941928e-23,"var":0.0000373704133381},"spectral_energyband_middle_high":{"dmean":0.00151208182797,"dmean2":0.00225289561786,"dvar":0.00000295609265777,"dvar2":0.00000648104605716,"max":0.0272594112903,"mean":0.00482718553394,"median":0.00434783799574,"min":1.24234904454e-21,"var":0.0000124559455799},"spectral_energyband_middle_low":{"dmean":0.00440281303599,"dmean2":0.00738172233105,"dvar":0.0000353699397238,"dvar2":0.0000933857518248,"max":0.0492212921381,"mean":0.00829360447824,"median":0.00645400676876,"min":1.14691085993e-22,"var":0.000047853369324},"spectral_entropy":{"dmean":0.115724138916,"dmean2":0.169522732496,"dvar":0.013644028455,"dvar2":0.0269212275743,"max":9.81944274902,"mean":7.67545127869,"median":7.71577644348,"min":5.70648813248,"var":0.171852245927},"spectral_flux":{"dmean":0.0202314872295,"dmean2":0.0309029407799,"dvar":0.00041528212023,"dvar2":0.000864994013682,"max":0.209222495556,"mean":0.0807192921638,"median":0.0776888355613,"min":6.42835437659e-11,"var":0.00128126097843},"spectral_kurtosis":{"dmean":1.39068853855,"dmean2":2.4147362709,"dvar":2.24137473106,"dvar2":6.6248831749,"max":32.4490737915,"mean":2.90951561928,"median":2.46924209595,"min":-1.25467634201,"var":4.88734531403},"spectral_rms":{"dmean":0.000593120814301,"dmean2":0.000922245031688,"dvar":3.75988236101e-7,"dvar2":8.56341557665e-7,"max":0.00756211299449,"mean":0.00427414430305,"median":0.00446867058054,"min":3.14574408189e-12,"var":0.00000177752781383},"spectral_rolloff":{"dmean":802.38848877,"dmean2":1310.91113281,"dvar":936885.5,"dvar2":1986743.5,"max":20262.7441406,"mean":2880.85131836,"median":2950.04882813,"min":107.666015625,"var":6051024},"spectral_skewness":{"dmean":0.199672520161,"dmean2":0.328815609217,"dvar":0.0351753570139,"dvar2":0.0885030254722,"max":4.39938688278,"mean":0.727556467056,"median":0.670580327511,"min":-0.120961979032,"var":0.145780578256},"spectral_spread":{"dmean":387674.96875,"dmean2":593731.75,"dvar":341026963456,"dvar2":633341476864,"max":42364116,"mean":4093157.75,"median":3466078,"min":1585537.25,"var":21066328047600},"spectral_strongpeak":{"dmean":0.473186403513,"dmean2":0.837900042534,"dvar":1.1912664175,"dvar2":3.23672127724,"max":15.5632705688,"mean":0.683052241802,"median":0.370732963085,"min":0,"var":1.20707476139},"zerocrossingrate":{"dmean":0.0140737276524,"dmean2":0.0166805237532,"dvar":0.000205485135666,"dvar2":0.000309723895043,"max":0.52734375,"mean":0.0876063480973,"median":0.080078125,"min":0.00439453125,"var":0.00376382516697}},"metadata":{"audio_properties":{"analysis_sample_rate":44100,"bit_rate":0,"codec":"flac","downmix":"mix","equal_loudness":0,"length":153.080001831,"lossless":true,"md5_encoded":"03d0a463aa77bd295e156b692203a5c7","replay_gain":-16.7975769043,"sample_rate":44100},"tags":{"acoustid_id":["f8ede4b4-0da8-4351-8a9b-d9019e2f0ff4"],"album":["For Your Love"],"albumartist":["The Yardbirds"],"albumartistsort":["Yardbirds, The"],"artist":["The Yardbirds"],"artistsort":["Yardbirds, The"],"asin":["B00000I15D"],"barcode":["4009910475720"],"catalognumber":["REP 4757-WY"],"date":["1999-03-30"],"discnumber":["1"],"disctotal":["1"],"file_name":"02 - I'm Not Talking.flac","genre":["Classic Rock"],"grouping":["Classic Rock"],"label":["Repertoire"],"media":["CD"],"musicbrainz_albumartistid":["191de76f-a224-445d-b041-54df16d65bf7"],"musicbrainz_albumid":["6781bd33-06c2-4c5a-b4f4-b98b74e9eb40"],"musicbrainz_artistid":["191de76f-a224-445d-b041-54df16d65bf7"],"musicbrainz_recordingid":["8fb3adcb-76d5-401d-bfb8-d14462340387"],"musicbrainz_releasegroupid":["88280af5-cd28-49d4-979b-9dacce95f9b4"],"musicbrainz_releasetrackid":["66367112-0686-324a-a6e3-deb0a87de2c7"],"originaldate":["1965-07"],"originalyear":["1965"],"releasecountry":["DE"],"releasestatus":["official"],"releasetype":["album"],"script":["Latn"],"title":["I'm Not Talking"],"totaldiscs":["1"],"totaltracks":["24"],"tracknumber":["2"],"tracktotal":["24"]},"version":{"essentia":"2.1-beta2","essentia_build_sha":"2d9f1f26377add8aeb1075a9c2973f962c4f09fd","essentia_git_sha":"v2.1_beta2-1-ge3940c0","extractor":"music 1.0"}},"rhythm":{"beats_count":300,"beats_loudness":{"dmean":0.00639845989645,"dmean2":0.0110053019598,"dvar":0.0000299926959997,"dvar2":0.0000883619577507,"max":0.0449903048575,"mean":0.0240406189114,"median":0.024629868567,"min":0,"var":0.0000749470636947},"beats_loudness_band_ratio":{"dmean":[0.176329195499,0.0997120589018,0.0909328386188,0.045862801373,0.0629668086767,0.145326673985],"dmean2":[0.301156699657,0.176210641861,0.162091985345,0.0795991197228