{"lowlevel":{"average_loudness":0.346163094044,"barkbands":{"dmean":[0.0000101056730273,0.0012096427381,0.000965659506619,0.000673591974191,0.00111409102101,0.000472240499221,0.000236180523643,0.000364379142411,0.000751800602302,0.000423355289968,0.000140107847983,0.00018484890461,0.000179381968337,0.000188791091205,0.000148979932419,0.0000679233417031,0.00013061548816,0.0000566304806853,0.000126868457301,0.0000530017459823,0.0000283936951746,0.0000304023378703,0.0000427551894973,0.0000259417702182,0.000019032315322,0.00000293908010462,3.08286416839e-7],"dmean2":[0.0000164672292158,0.00197680923156,0.00165287393611,0.00114254269283,0.00172527099494,0.000724051962607,0.000333991134539,0.000508976285346,0.00100389088038,0.000556362676434,0.0001930387225,0.000268758914899,0.000258176471107,0.000268681440502,0.000200488953851,0.000109057873487,0.00020502031839,0.0000818926055217,0.000198513240321,0.0000812314465293,0.0000459253533336,0.0000470459708595,0.0000643274615868,0.0000374691189791,0.00003019554606,0.00000408291498388,5.25246719008e-7],"dvar":[1.03695541043e-9,0.0000122974270198,0.00000717705916031,0.00000181365180651,0.00000319320906783,7.86328598679e-7,5.41076872196e-7,0.00000232959405366,0.00000837072639115,0.00000500657597513,5.84023268857e-7,0.00000135032655635,4.56675365967e-7,6.76450156334e-7,4.34044494568e-7,6.40819450837e-8,1.15724489547e-7,3.89865668637e-8,9.91818254192e-8,2.28161152194e-8,9.5220373808e-9,1.952561135e-8,5.36895328196e-8,2.9910690813e-8,2.15424798e-8,3.02110420014e-10,8.75739476595e-13],"dvar2":[2.20391616068e-9,0.0000333469324687,0.0000209826921491,0.00000534421133125,0.00000775507123763,0.00000182276221494,9.17279180612e-7,0.00000380317214876,0.0000157963077072,0.0000099214621514,0.00000105267224626,0.00000285109331344,8.60989246121e-7,0.00000118088200907,6.95004587214e-7,1.67142331975e-7,2.78623247141e-7,6.59602505948e-8,2.24070419108e-7,5.1623956665e-8,2.4430542922e-8,4.54306707809e-8,1.200256321e-7,6.34889829598e-8,5.16104066151e-8,4.72670902418e-10,2.37803960551e-12],"max":[0.000548854004592,0.051087718457,0.0392973609269,0.0351820997894,0.0355907976627,0.0411518700421,0.0299261007458,0.0591387450695,0.0985790789127,0.10415609926,0.0348743759096,0.0606413558125,0.0263455435634,0.0453969575465,0.0341846011579,0.00731009524316,0.0147339655086,0.0132644763216,0.00654910318553,0.0045368745923,0.00184194452595,0.00428965874016,0.0101357912645,0.00671827467158,0.00533707113937,0.000853967037983,0.0000356793607352],"mean":[0.0000128816927827,0.00220536766574,0.0019926445093,0.00129686610308,0.0030913236551,0.00119330326561,0.000525381416082,0.000830237288028,0.00196612928994,0.00139045435935,0.000376852229238,0.000517632463016,0.000389030494262,0.000447442987934,0.000292655400699,0.00011379794887,0.000298486906104,0.000137316106702,0.000281268468825,0.000117049981782,0.0000394170892832,0.0000381116260542,0.0000629594214843,0.000039070382627,0.0000276595292235,0.00000543910391571,7.78404512403e-7],"median":[0.0000053213375395,0.00104761403054,0.000779685331509,0.000658758799545,0.00211942871101,0.000655278505292,0.000177825015271,0.000103604652395,0.000148468941916,0.0000815463936306,0.0000229116085393,0.0000168276565091,0.0000325144428643,0.0000599322738708,0.0000314378848998,0.0000193247942661,0.0000898832076928,0.0000128378342197,0.000065191386966,0.0000206052754947,0.00000751406832933,0.00000181316499948,0.00000151566291606,7.23301411654e-7,4.65622065349e-7,2.89506090212e-7,6.61803937874e-7],"min":[1.10691347521e-25,2.11561628221e-24,1.53309064887e-25,1.9949799255e-24,1.03470033443e-23,7.98824849543e-24,6.90337384641e-24,2.44249598386e-24,1.25799175239e-23,9.2938913908e-24,1.58846104726e-23,2.56393646594e-23,2.68567726737e-23,1.87340486375e-23,4.6320123218e-23,5.96074722691e-23,6.9056328285e-23,1.02323381519e-22,1.36936471271e-22,1.48357347021e-22,2.29453283064e-22,3.28441165038e-22,3.50101871857e-22,5.9413146167e-22,8.28433045991e-22,1.24308635811e-21,1.89488074992e-21],"var":[1.17012965983e-9,0.000013018703612,0.0000125319402287,0.00000349452102455,0.0000130011949295,0.00000483790472572,0.00000233070159084,0.0000105330600491,0.000053634033975,0.0000506956384925,0.00000357920680472,0.0000112026173156,0.00000224557879847,0.00000449298113381,0.00000175436218797,1.31709370521e-7,5.93475590449e-7,2.64656108584e-7,3.138077318e-7,8.00161359393e-8,1.15586269445e-8,3.30346345834e-8,1.17765566188e-7,5.67110696181e-8,3.65476751085e-8,1.12582498879e-9,1.21505919475e-12]},"barkbands_crest":{"dmean":1.94245123863,"dmean2":3.08912801743,"dvar":3.38571572304,"dvar2":8.35064125061,"max":26.8438472748,"mean":10.9853115082,"median":9.98802661896,"min":3.24217557907,"var":19.3745288849},"barkbands_flatness_db":{"dmean":0.0189477913082,"dmean2":0.02854411304,"dvar":0.000390404282371,"dvar2":0.000917031487916,"max":0.402937620878,"mean":0.186253786087,"median":0.182329118252,"min":0.0430539920926,"var":0.00324144912884},"barkbands_kurtosis":{"dmean":3.61157655716,"dmean2":5.6120839119,"dvar":62.3641662598,"dvar2":142.723312378,"max":352.060211182,"mean":10.480755806,"median":4.25945949554,"min":-1.92346608639,"var":391.51348877},"barkbands_skewness":{"dmean":0.462400913239,"dmean2":0.702184259892,"dvar":0.309827178717,"dvar2":0.709500432014,"max":18.5531578064,"mean":2.05658578873,"median":1.82871818542,"min":-2.10291051865,"var":3.25971984863},"barkbands_spread":{"dmean":3.69827389717,"dmean2":5.55043268204,"dvar":32.7282943726,"dvar2":63.2547569275,"max":99.8798751831,"mean":15.5289449692,"median":11.925992012,"min":0.573865234852,"var":183.631072998},"dissonance":{"dmean":0.0196399558336,"dmean2":0.0325178056955,"dvar":0.00037381608854,"dvar2":0.000982358236797,"max":0.499701738358,"mean":0.454244792461,"median":0.462572753429,"min":0.213369727135,"var":0.00115053507034},"dynamic_complexity":7.7688703537,"erbbands":{"dmean":[0.022619465366,0.318629443645,1.01315009594,1.61561751366,4.1311621666,2.83295106888,3.60121655464,3.84311199188,3.61170220375,5.19947624207,8.98230934143,19.4631843567,13.7038259506,7.45137262344,6.22376060486,8.76802349091,8.67212295532,8.73421478271,8.18149185181,6.44820070267,3.1973118782,5.2099108696,3.97916412354,6.67834758759,3.39349651337,2.93938779831,1.23264694214,1.07549226284,1.00690245628,1.34671187401,1.22728848457,0.588943660259,0.441038131714,0.3097615242,0.0780800208449,0.0205759312958,0.00430493941531,0.000677626463585,0.0000349300207745,0.00000552776373297],"dmean2":[0.0365062355995,0.526954829693,1.74600732327,2.74742817879,6.55025243759,4.43262910843,5.51411676407,5.75067710876,5.10954046249,7.38414859772,12.1872110367,25.8392162323,18.5163917542,8.40531730652,7.83005666733,12.5674648285,12.5019159317,11.7155532837,11.3829374313,9.93428993225,4.78245544434,8.06953239441,5.92270326614,10.4994373322,5.26692771912,4.50430822372,1.93788325787,1.76661145687,1.58809065819,1.9850935936,1.86925268173,0.876722097397,0.650069355965,0.485173434019,0.118990950286,0.0290614981204,0.00602937676013,0.00107656943146,0.0000564955407754,0.00000858722978592],"dvar":[0.00488652708009,0.864739000797,8.37588500977,13.5352869034,52.1657447815,26.1404037476,43.6499481201,68.3883972168,99.9987487793,393.388549805,1439.40515137,5979.93652344,5794.72070312,1327.04907227,1144.60595703,3120.92529297,938.53503418,1824.59851074,984.436401367,986.964050293,135.385803223,158.090576172,130.995162964,298.216522217,84.9351348877,62.970741272,14.7588968277,17.9886360168,21.4656333923,45.1585769653,50.0480880737,13.0822944641,10.5974645615,5.94223976135,0.200041428208,0.0148675171658,0.000676729658153,0.00000618929834673,1.818205142e-8,1.08429119849e-10],"dvar2":[0.0126547059044,2.39663624763,24.5318565369,39.4115066528,138.961242676,65.2297363281,98.5181884766,144.36831665,186.085662842,690.012512207,2417.44238281,11238.9316406,12589.5859375,1266.48071289,1923.39746094,6791.03662109,1835.66918945,2931.26416016,1608.03381348,1999.1340332,253.831893921,374.361206055,234.081542969,686.354370117,179.848388672,135.351547241,36.3295249939,46.8797187805,50.7017211914,91.951385498,124.290046692,30.0114841461,22.100730896,13.7594842911,0.393417060375,0.0233178082854,0.00125441537239,0.0000132111990752,4.47273471593e-8,2.61963561954e-10],"max":[1.0817258358,13.4147005081,44.3571128845,75.0315093994,133.89012146,99.4874725342,178.940109253,403.663604736,366.83102417,840.085754395,1630.5916748,2967.61328125,3693.57788086,3879.78076172,1661.49108887,3013.72827148,1127.53979492,2619.23754883,1595.54748535,2477.2043457,533.946166992,528.667419434,675.564941406,446.823913574,311.543151855,322.318359375,84.0435333252,108.544342041,137.669128418,233.305664062,277.859771729,152.750778198,145.059860229,82.3313064575,13.8393239975,5.97617959976,1.12407982349,0.0837411880493,0.00449081556872,0.000189844198758],"mean":[0.0459388531744,0.569774389267,1.83083605766,3.96355175972,9.40277481079,8.0240688324,8.86521816254,9.64029026031,8.89858341217,12.3690357208,21.6516857147,52.1280174255,47.6965484619,23.5814189911,17.2095108032,25.5251426697,20.6168174744,22.6542930603,17.8808097839,12.8460464478,7.97282171249,12.884929657,10.461894989,14.254981041,8.26930427551,6.70442724228,2.2126789093,1.34209799767,1.21221411228,1.89007902145,1.72618055344,0.890901327133,0.643918216228,0.429748654366,0.125628292561,0.0378218889236,0.00761489197612,0.00142787804361,0.0000993752473732,0.0000246843119385],"median":[0.0166695863008,0.292463719845,0.932153701782,1.81886100769,5.68890285492,5.06950998306,4.59375572205,5.06427955627,3.92090845108,2.58577275276,3.02113986015,4.37355232239,3.03920841217,1.70211982727,1.18227958679,1.29741621017,2.09390211105,2.85741615295,2.50985383987,2.26126146317,1.53587722778,3.63745546341,2.30566644669,3.46978163719,1.72811174393,1.19110953808,0.473858714104,0.194840341806,0.0663871020079,0.051964379847,0.0421215295792,0.0191834643483,0.0103557929397,0.0059287045151,0.00299685052596,0.00140257109888,0.00059732014779,0.000866980641149,0.0000678480282659,0.0000180517308763],"min":[5.77024362919e-23,4.13926424131e-22,6.49786065539e-22,5.763803394e-21,1.47684681162e-20,2.73733225557e-20,3.27546978959e-20,8.04362641485e-20,1.14151945583e-19,9.23088327169e-20,1.59832904439e-19,3.48477026601e-19,3.07108018107e-19,4.64904248781e-19,1.06575862976e-18,1.32686884007e-18,1.51552454276e-18,1.79099926139e-18,1.79545549014e-18,2.56687378965e-18,3.28188684998e-18,4.50135187098e-18,5.67665309869e-18,5.84941555988e-18,8.40446108037e-18,7.85279695906e-18,9.50612503558e-18,8.40240222782e-18,9.9626609049e-18,9.09518418881e-18,9.42194617336e-18,1.02255264959e-17,9.93399661513e-18,7.29319686696e-18,5.79856628609e-18,4.03494070592e-18,2.17039226678e-18,9.47609941332e-19,2.33304301367e-19,2.68989797109e-20],"var":[0.00631762389094,0.847122013569,8.91844177246,37.2082481384,152.624038696,102.893264771,189.986160278,377.347229004,429.082519531,1985.98400879,5748.65039062,38629.65625,56389.2695312,19297.40625,5757.39794922,25761.9648438,5355.46289062,11920.1464844,4728.73828125,3310.1328125,671.278442383,1049.26318359,980.498779297,886.943847656,325.064147949,241.907943726,27.2690143585,20.1563682556,32.151802063,99.0838928223,93.7609176636,25.349111557,18.5829143524,9.8522310257,0.563892602921,0.0558527447283,0.00215113209561,0.0000160417530424,3.56837333015e-8,6.01148131274e-10]},"erbbands_crest":{"dmean":2.1456091404,"dmean2":3.30614519119,"dvar":4.23605728149,"dvar2":9.98066902161,"max":32.1405830383,"mean":9.72978305817,"median":8.5118188858,"min":2.1510951519,"var":24.0418739319},"erbbands_flatness_db":{"dmean":0.0152071882039,"dmean2":0.0224300641567,"dvar":0.00024734067847,"dvar2":0.00053788308287,"max":0.355857849121,"mean":0.178325176239,"median":0.181215047836,"min":0.0295664984733,"var":0.00272899144329},"erbbands_kurtosis":{"dmean":0.988382875919,"dmean2":1.5489205122,"dvar":2.64414429665,"dvar2":5.99289751053,"max":33.5865631104,"mean":1.00676846504,"median":-0.188776016235,"min":-1.91454493999,"var":11.6810054779},"erbbands_skewness":{"dmean":0.324253469706,"dmean2":0.481676161289,"dvar":0.105510883033,"dvar2":0.219571962953,"max":4.70788002014,"mean":0.527772545815,"median":0.413912683725,"min":-3.05248951912,"var":1.01721251011},"erbbands_spread":{"dmean":6.8341588974,"dmean2":10.4432249069,"dvar":80.2279129028,"dvar2":168.757156372,"max":181.098495483,"mean":38.3927993774,"median":35.1399040222,"min":2.89436936378,"var":528.220397949},"gfcc":{"cov":[[40181.6757812,3857.81591797,-5240.67431641,383.217132568,-1471.75537109,-63.3297042847,-828.217468262,-1.23544466496,-776.559875488,-334.602111816,-298.415863037,-412.10144043,-378.002471924],[3857.81591797,1600.29064941,-545.622558594,-277.050842285,227.812744141,-380.497589111,99.2543334961,-53.1374053955,-61.3890686035,-102.596862793,-9.84732818604,-106.8332901,-24.3515472412],[-5240.67431641,-545.622558594,1871.44934082,273.98059082,-27.4269714355,130.527099609,-93.5837402344,-27.2210655212,230.301773071,72.1132583618,4.82194519043,118.522262573,66.4907913208],[383.217132568,-277.050842285,273.98059082,480.671234131,-57.1895141602,46.0336875916,-99.507850647,8.10654449463,45.8575134277,72.0510101318,20.8911495209,17.9054145813,-5.78790330887],[-1471.75537109,227.812744141,-27.4269714355,-57.1895141602,410.681976318,-147.86491394,118.631126404,17.7478160858,12.5599813461,30.129524231,33.3222351074,-25.387594223,10.8626260757],[-63.3297042847,-380.497589111,130.527099609,46.0336875916,-147.86491394,297.542907715,-37.8716087341,10.7479009628,9.22863006592,13.3362798691,-8.93524074554,38.6515846252,16.0945568085],[-828.217468262,99.2543334961,-93.5837402344,-99.507850647,118.631126404,-37.8716087341,212.509887695,30.4602718353,-27.0567207336,-3.18687152863,15.3081979752,-18.5252990723,12.353925705],[-1.23544466496,-53.1374053955,-27.2210655212,8.10654449463,17.7478160858,10.7479009628,30.4602718353,97.5234146118,25.1859111786,10.8059921265,-1.91424810886,1.01679563522,1.5606033802],[-776.559875488,-61.3890686035,230.301773071,45.8575134277,12.5599813461,9.22863006592,-27.0567207336,25.1859111786,144.300964355,34.1105155945,5.09123373032,21.5597324371,16.7112941742],[-334.602111816,-102.596862793,72.1132583618,72.0510101318,30.129524231,13.3362798691,-3.18687152863,10.8059921265,34.1105155945,103.629234314,39.9625854492,3.52349042892,-5.34999322891],[-298.415863037,-9.84732818604,4.82194519043,20.8911495209,33.3222351074,-8.93524074554,15.3081979752,-1.91424810886,5.09123373032,39.9625854492,109.451644897,29.6121807098,-12.5998926163],[-412.10144043,-106.8332901,118.522262573,17.9054145813,-25.387594223,38.6515846252,-18.5252990723,1.01679563522,21.5597324371,3.52349042892,29.6121807098,90.3603363037,22.0379447937],[-378.002471924,-24.3515472412,66.4907913208,-5.78790330887,10.8626260757,16.0945568085,12.353925705,1.5606033802,16.7112941742,-5.34999322891,-12.5998926163,22.0379447937,72.6749038696]],"icov":[[0.000258631946053,-0.000914624484722,0.000596507219598,-0.000721679534763,0.000864636851475,-0.000676255847793,0.000863818102516,-0.000726297846995,0.000610992894508,-0.000414097041357,0.000489347847179,-0.000185724711628,0.000294988974929],[-0.000914624484722,0.00435709580779,-0.00192522874568,0.00284739839844,-0.00323343160562,0.00347207649611,-0.00309432693757,0.00311787379906,-0.00250144326128,0.00228980672546,-0.00201481557451,0.00132460799068,-0.0011428949656],[0.000596507219598,-0.00192522874568,0.00220414856449,-0.00196700822562,0.00186165026389,-0.0016171108,0.00187015067786,-0.000933867704589,0.000207362507354,-0.00087325257482,0.00140798080247,-0.00105136970524,0.000517230422702],[-0.000721679534763,0.00284739839844,-0.00196700822562,0.0048695593141,-0.00225498527288,0.00219577923417,-0.00122910982464,0.00151603214908,-0.00143035617657,-0.000314232136589,-0.00166668149177,0.000957540760282,-0.000858515501022],[0.000864636851475,-0.00323343160562,0.00186165026389,-0.00225498527288,0.00666167121381,-0.000751558865886,0.00128314166795,-0.0027267888654,0.00178719044197,-0.00262084719725,0.00100808613934,-0.0000754480497562,0.000135874346597],[-0.000676255847793,0.00347207649611,-0.0016171108,0.00219577923417,-0.000751558865886,0.00737671647221,-0.0024509052746,0.00162158720195,-0.00132643443067,0.000613630516455,-0.000976438401267,-0.000176466463017,-0.00160471000709],[0.000863818102516,-0.00309432693757,0.00187015067786,-0.00122910982464,0.00128314166795,-0.0024509052746,0.00988442171365,-0.00492000859231,0.00376683590002,-0.00133308989462,0.000162550728419,0.000850224518217,-0.000770322571043],[-0.000726297846995,0.00311787379906,-0.000933867704589,0.00151603214908,-0.0027267888654,0.00162158720195,-0.00492000859231,0.0146252838895,-0.00513550033793,0.000990492175333,-0.0001193477583,-0.000129618798383,0.0000853415695019],[0.000610992894508,-0.00250144326128,0.000207362507354,-0.00143035617657,0.00178719044197,-0.00132643443067,0.00376683590002,-0.00513550033793,0.0119598032907,-0.00388254784048,0.00153878424317,-0.00125787931029,-0.000854977464769],[-0.000414097041357,0.00228980672546,-0.00087325257482,-0.000314232136589,-0.00262084719725,0.000613630516455,-0.00133308989462,0.000990492175333,-0.00388254784048,0.0154582299292,-0.00608459440991,0.00308800721541,-0.000112051042379],[0.000489347847179,-0.00201481557451,0.00140798080247,-0.00166668149177,0.00100808613934,-0.000976438401267,0.000162550728419,-0.0001193477583,0.00153878424317,-0.00608459440991,0.0146539593115,-0.006918722298,0.00432659080252],[-0.000185724711628,0.00132460799068,-0.00105136970524,0.000957540760282,-0.0000754480497562,-0.000176466463017,0.000850224518217,-0.000129618798383,-0.00125787931029,0.00308800721541,-0.006918722298,0.0169703681022,-0.00540443463251],[0.000294988974929,-0.0011428949656,0.000517230422702,-0.000858515501022,0.000135874346597,-0.00160471000709,-0.000770322571043,0.0000853415695019,-0.000854977464769,-0.000112051042379,0.00432659080252,-0.00540443463251,0.01741117239]],"mean":[-123.125587463,120.774665833,-98.4462203979,28.3657093048,-36.1175689697,-10.0190200806,-29.1238136292,4.32504272461,-22.6569023132,-4.65869092941,-14.4086894989,-7.01706886292,-13.2040586472]},"hfc":{"dmean":2.77704954147,"dmean2":4.0362663269,"dvar":33.1455459595,"dvar2":68.8022384644,"max":136.286209106,"mean":11.9676704407,"median":5.32018852234,"min":1.04489395421e-16,"var":303.328369141},"melbands":{"dmean":[0.000274093006738,0.000483559153508,0.000340867438354,0.000251251738518,0.000126495229779,0.0000889646398718,0.0000531304940523,0.0000607326510362,0.0000883134562173,0.000115610040666,0.0000679050426697,0.0000326016051986,0.0000201897692023,0.0000219029716391,0.0000229002398555,0.0000154997396749,0.0000189637739823,0.0000144813084262,0.00000929176621867,0.00000700982627677,0.000004633280696,0.00000554601820113,0.00000717709099263,0.00000251888945968,0.00000620728360445,0.00000377466585633,0.00000184999373687,0.00000197614872377,7.8927615732e-7,7.44487692828e-7,6.12382848431e-7,5.29309033936e-7,6.86020030116e-7,8.23312632292e-7,8.12827579466e-7,4.76687688433e-7,3.53470511527e-7,2.93161718901e-7,3.79330089118e-7,2.29861058187e-7],"dmean2":[0.000445669546025,0.000826731033158,0.00057089474285,0.000397974101361,0.000189884289284,0.000133407636895,0.00007446447853,0.0000870801741257,0.000120447293739,0.000152565466124,0.0000910112430574,0.0000368912187696,0.0000256231651292,0.0000295797344734,0.0000321741899825,0.0000218546065298,0.0000254399747064,0.0000204893403861,0.000012940772649,0.0000113311016321,0.00000676396439303,0.00000851831828186,0.000011011578863,0.0000037647660065,0.0000098154951047,0.0000059170492932,0.00000278112156593,0.00000304541936202,0.00000124820155634,0.00000120735910514,0.00000101859950519,8.61504418026e-7,0.00000106280197087,0.00000120783556667,0.00000125845974708,7.37626237424e-7,5.26965209247e-7,4.30322927514e-7,6.1182635136e-7,3.68090525171e-7],"dvar":[6.59953172999e-7,0.00000203459535442,4.36414865135e-7,1.79632806407e-7,5.0782276162e-8,3.20174358137e-8,2.06387653634e-8,5.32090744798e-8,1.22340296116e-7,2.05718251323e-7,1.50007664956e-7,2.91012671738e-8,1.2150228379e-8,1.93155642592e-8,9.47995193457e-9,4.36395630743e-9,9.36414679131e-9,2.62581600907e-9,1.72987246749e-9,9.41415390088e-10,3.73318903568e-10,2.72934397305e-10,3.33444244438e-10,5.83119455499e-11,2.67675270837e-10,9.65844071388e-11,3.43152485593e-11,2.95976888831e-11,6.92778300004e-12,6.02466427441e-12,7.00483941685e-12,6.37614830726e-12,1.20552378843e-11,1.89442992543e-11,2.48337132108e-11,7.84405179699e-12,6.60532999824e-12,4.54906425029e-12,1.19763721509e-11,3.03724254948e-12],"dvar2":[0.00000174504896222,0.00000584679992244,0.00000127328689814,4.67174373853e-7,1.11815353421e-7,7.02501949945e-8,3.76691389192e-8,9.25304490806e-8,2.24970492013e-7,3.62165252454e-7,3.25533306977e-7,2.94931581379e-8,1.968052743e-8,3.63148977556e-8,1.77325993889e-8,7.91158250024e-9,1.56925619166e-8,4.44064474081e-9,3.101092938e-9,2.1981512166e-9,6.5392358195e-10,6.55312304421e-10,6.7279937177e-10,1.15953364965e-10,6.1794835915e-10,2.17022899651e-10,7.07428005065e-11,6.32700350445e-11,1.67936897028e-11,1.55352206793e-11,1.84005796711e-11,1.53231750205e-11,2.87407597721e-11,3.84846425561e-11,6.19681320146e-11,1.86714688849e-11,1.59775873088e-11,9.51500683799e-12,2.80435518557e-11,6.86924519003e-12],"max":[0.0117312874645,0.0221570543945,0.0155233349651,0.0075389998965,0.00497258407995,0.00851252675056,0.00490149715915,0.00848504714668,0.0126620093361,0.016380617395,0.0188468918204,0.0169656351209,0.00502733374014,0.00741979992017,0.00412047142163,0.00363727868535,0.00594786414877,0.00226476043463,0.00222401507199,0.00215523154475,0.000884390028659,0.000811565900221,0.000974267779384,0.000330510229105,0.000425485050073,0.000276779319393,0.000282567256363,0.000228294258704,0.0000693361726007,0.0000533704769623,0.0000739942843211,0.0000771680133766,0.000123078745673,0.000174180357135,0.000222795977606,0.0000964361825027,0.000133684035973,0.0000865166002768,0.00013661540288,0.0000579716688662],"mean":[0.000535981846042,0.000939416349865,0.000859656545799,0.000652185000945,0.000337549485266,0.000226019474212,0.000128590399981,0.000146435602801,0.000216906541027,0.000304630637402,0.000228764358326,0.0000953787966864,0.0000558473548153,0.0000606885005254,0.0000546237861272,0.0000338908939739,0.0000459115653939,0.0000295881654893,0.000018241644284,0.000012617280845,0.0000102261865322,0.0000134327219712,0.0000150735259012,0.00000588242710364,0.000012538145711,0.0000082997021309,0.00000418957688453,0.00000429865804108,0.00000130917339902,0.00000106194795535,6.79126344494e-7,5.94970629209e-7,8.76541321304e-7,0.00000114151691832,0.00000109631901068,6.86426233187e-7,4.93412528613e-7,4.14946185856e-7,4.95359472552e-7,3.16851782145e-7],"median":[0.000232213293202,0.000543710077181,0.000493990781251,0.000442115473561,0.000171866282471,0.000120987810078,0.0000540432956768,0.0000243842423515,0.0000248029209615,0.0000235562183661,0.0000123390200315,0.00000617733940089,0.00000341656641467,0.00000229722559197,0.00000441060137746,0.00000328534861183,0.00000492534900332,0.00000436653590441,0.00000228097997024,0.0000022661542971,0.00000139997473525,0.00000331454475599,0.00000329410954691,6.05756781624e-7,0.00000261268496615,0.00000158218506385,6.66175992592e-7,7.30309011487e-7,2.25438199664e-7,2.1245108428e-7,5.92856892467e-8,3.1645374321e-8,2.96251627674e-8,2.56906300677e-8,2.43106441644e-8,1.5847181345e-8,8.66078764261e-9,6.32189900429e-9,6.18403017683e-9,4.22657020493e-9],"min":[8.39555670788e-25,6.91215258638e-25,1.27992711454e-24,2.27326796475e-24,1.03367895678e-24,1.79045550847e-24,1.36759312833e-24,1.1387675553e-24,1.09261879792e-24,1.62351163612e-24,1.50458602288e-24,1.60919588145e-24,2.79804072144e-24,3.01468361969e-24,3.08974905963e-24,2.53477180496e-24,2.5141963404e-24,1.6038525321e-24,3.22816791888e-24,3.40707999446e-24,3.26291053643e-24,3.59403371811e-24,3.3823598547e-24,4.6933070508e-24,4.3504527186e-24,4.79272758511e-24,4.60964637965e-24,5.19886473356e-24,4.48321169806e-24,5.14090317855e-24,4.67931186948e-24,3.98163973503e-24,4.32356794452e-24,4.67422016677e-24,4.25210266853e-24,4.41050278286e-24,5.71983754727e-24,5.7651268407e-24,5.53682812814e-24,6.15650400717e-24],"var":[7.80667789968e-7,0.00000205594892577,0.00000124339658214,6.00019177455e-7,2.54611535411e-7,1.85031751698e-7,9.64336663856e-8,2.93052266898e-7,5.31911723556e-7,0.00000132093441607,0.00000143584793477,3.88273377894e-7,8.01920592153e-8,1.4103643764e-7,5.54549686171e-8,1.86693949189e-8,5.93374238633e-8,1.21571410716e-8,5.9773905825e-9,2.65647748243e-9,1.6468618691e-9,1.75519687673e-9,1.57238144727e-9,3.07651404352e-10,7.67980790073e-10,3.03475300445e-10,1.40346026467e-10,1.0584545046e-10,1.41739770962e-11,7.56894893983e-12,7.47476039398e-12,8.45064556526e-12,2.06337412434e-11,4.00325432526e-11,4.23883497747e-11,1.46588938904e-11,1.00522966687e-11,7.82631858626e-12,1.54150754661e-11,5.5133332795e-12]},"melbands_crest":{"dmean":2.28594398499,"dmean2":3.64235162735,"dvar":4.66837310791,"dvar2":11.6357164383,"max":39.7493972778,"mean":13.6163835526,"median":12.9468688965,"min":1.68574917316,"var":25.119348526},"melbands_flatness_db":{"dmean":0.0240636970848,"dmean2":0.0358621329069,"dvar":0.000666641048156,"dvar2":0.00153581693303,"max":0.510168790817,"mean":0.270162522793,"median":0.265854567289,"min":0.00271666864865,"var":0.00673069711775},"melbands_kurtosis":{"dmean":7.03285980225,"dmean2":11.0264844894,"dvar":211.381393433,"dvar2":482.63571167,"max":558.719299316,"mean":20.3206787109,"median":11.7052555084,"min":-1.70781815052,"var":936.406005859},"melbands_skewness":{"dmean":0.595711410046,"dmean2":0.916306495667,"dvar":0.560282766819,"dvar2":1.29484462738,"max":22.4654064178,"mean":2.98312330246,"median":2.74313020706,"min":-1.61864352226,"var":4.25674581528},"melbands_spread":{"dmean":4.26582622528,"dmean2":6.55991172791,"dvar":53.3269577026,"dvar2":115.253067017,"max":208.456863403,"mean":17.4789218903,"median":11.7502985001,"min":0.54176223278,"var":440.279602051},"mfcc":{"cov":[[19775.2070312,2960.73071289,-2488.07177734,204.581329346,-695.144042969,-307.514434814,-102.622062683,-38.7728652954,-509.51361084,209.370742798,-212.407043457,-237.932983398,-190.16595459],[2960.73071289,2578.70019531,-673.915405273,279.333618164,-64.216796875,-251.298797607,55.6868629456,-54.1875076294,-47.6101989746,43.5718841553,-97.0437393188,-29.7142944336,-75.5182495117],[-2488.07177734,-673.915405273,1569.13317871,57.4649734497,212.17086792,170.070922852,-174.510925293,20.8762969971,82.0093917847,-73.5352096558,20.8319416046,29.420249939,78.5812149048],[204.581329346,279.333618164,57.4649734497,436.684997559,95.5211257935,-24.7350120544,5.08332157135,-52.8153076172,-0.229197636247,32.2049255371,40.5616149902,2.73381376266,1.82659864426],[-695.144042969,-64.216796875,212.17086792,95.5211257935,224.701217651,39.544178009,-42.4574966431,-11.1248655319,22.1965007782,14.3315658569,24.4424228668,-0.214204758406,15.3397550583],[-307.514434814,-251.298797607,170.070922852,-24.7350120544,39.544178009,138.106307983,11.4234313965,0.672203838825,12.9412088394,-11.5335969925,17.7786884308,4.00441884995,13.9955463409],[-102.622062683,55.6868629456,-174.510925293,5.08332157135,-42.4574966431,11.4234313965,183.729370117,6.57070302963,1.71210074425,2.61948609352,21.3166351318,11.0231380463,-17.3122386932],[-38.7728652954,-54.1875076294,20.8762969971,-52.8153076172,-11.1248655319,0.672203838825,6.57070302963,108.675247192,23.7303676605,-11.787229538,-11.3193979263,-3.92766094208,8.91179180145],[-509.51361084,-47.6101989746,82.0093917847,-0.229197636247,22.1965007782,12.9412088394,1.71210074425,23.7303676605,129.911422729,10.6954813004,-7.15325927734,-4.32622861862,-12.4541025162],[209.370742798,43.5718841553,-73.5352096558,32.2049255371,14.3315658569,-11.5335969925,2.61948609352,-11.787229538,10.6954813004,118.839698792,14.6303091049,-20.3848667145,5.65589523315],[-212.407043457,-97.0437393188,20.8319416046,40.5616149902,24.4424228668,17.7786884308,21.3166351318,-11.3193979263,-7.15325927734,14.6303091049,112.618644714,24.873922348,-2.30787038803],[-237.932983398,-29.7142944336,29.420249939,2.73381376266,-0.214204758406,4.00441884995,11.0231380463,-3.92766094208,-4.32622861862,-20.3848667145,24.873922348,106.785835266,29.2174701691],[-190.16595459,-75.5182495117,78.5812149048,1.82659864426,15.3397550583,13.9955463409,-17.3122386932,8.91179180145,-12.4541025162,5.65589523315,-2.30787038803,29.2174701691,96.769569397]],"icov":[[0.000097235024441,-0.0000833643425722,0.000114542657684,-0.0000960239849519,0.000261592300376,-0.000254782033153,0.000270729273325,-0.000148096354678,0.000312542455504,-0.000149687970406,0.0000670664667268,0.0000767643286963,0.000119671094581],[-0.0000833643425722,0.000639695557766,0.0000509106721438,-0.000290044117719,-0.000270606920822,0.000915777403861,-0.000344540108927,0.000207215736737,-0.000172957355971,0.0000908896909095,0.000504505180288,-0.000157323869644,0.000161212476087],[0.000114542657684,0.0000509106721438,0.00118333275896,-0.000353977200575,-0.000190119128092,-0.0011334111914,0.00117716693785,-0.000295957084745,-0.000162841955898,0.000492745602969,0.0000501411777805,0.0000236279811361,-0.00031319714617],[-0.0000960239849519,-0.000290044117719,-0.000353977200575,0.00323052564636,-0.00145389512181,0.000959886529017,-0.000750836683437,0.0013500979403,-0.000426218000939,-0.000173334032297,-0.00113507034257,0.000151937885676,-0.000473267253255],[0.000261592300376,-0.000270606920822,-0.000190119128092,-0.00145389512181,0.00680046901107,-0.00206709024496,0.00186311034486,-0.000321962404996,0.000186152930837,-0.0010365578346,-0.000668289489113,0.000449033861514,0.00000166515314959],[-0.000254782033153,0.000915777403861,-0.0011334111914,0.000959886529017,-0.00206709024496,0.0111258085817,-0.00279286876321,0.00132819463033,-0.00113226484973,0.00102927873377,-0.000825876311865,0.00055667955894,-0.00118080084212],[0.000270729273325,-0.000344540108927,0.00117716693785,-0.000750836683437,0.00186311034486,-0.00279286876321,0.00775961671025,-0.00125977257267,0.000332502328092,-0.000274599558907,-0.00106949871406,-0.00064440513961,0.00116211827844],[-0.000148096354678,0.000207215736737,-0.000295957084745,0.0013500979403,-0.000321962404996,0.00132819463033,-0.00125977257267,0.0109347254038,-0.00264547090046,0.00140369229484,0.0000647747583571,0.000948004890233,-0.00199511181563],[0.000312542455504,-0.000172957355971,-0.000162841955898,-0.000426218000939,0.000186152930837,-0.00113226484973,0.000332502328092,-0.00264547090046,0.010022116825,-0.00216924701817,0.00151011918206,-0.000470031664008,0.00265140715055],[-0.000149687970406,0.0000908896909095,0.000492745602969,-0.000173334032297,-0.0010365578346,0.00102927873377,-0.000274599558907,0.00140369229484,-0.00216924701817,0.0104025807232,-0.00211047916673,0.00268154009245,-0.00253017805517],[0.0000670664667268,0.000504505180288,0.0000501411777805,-0.00113507034257,-0.000668289489113,-0.000825876311865,-0.00106949871406,0.0000647747583571,0.00151011918206,-0.00211047916673,0.0114265205339,-0.00312136858702,0.00206693937071],[0.0000767643286963,-0.000157323869644,0.0000236279811361,0.000151937885676,0.000449033861514,0.00055667955894,-0.00064440513961,0.000948004890233,-0.000470031664008,0.00268154009245,-0.00312136858702,0.0119445631281,-0.0042463215068],[0.000119671094581,0.000161212476087,-0.00031319714617,-0.000473267253255,0.00000166515314959,-0.00118080084212,0.00116211827844,-0.00199511181563,0.00265140715055,-0.00253017805517,0.00206693937071,-0.0042463215068,0.0133407162502]],"mean":[-758.119934082,152.398727417,-0.0564678534865,39.9117736816,9.92912387848,-1.91481995583,1.85605859756,1.68919217587,-3.97665071487,6.29779291153,-2.16788172722,-4.40248775482,-6.04355859756]},"pitch_salience":{"dmean":0.0546995662153,"dmean2":0.0876974537969,"dvar":0.00265159551054,"dvar2":0.00689616380259,"max":0.81426101923,"mean":0.536426723003,"median":0.547119915485,"min":0.0135412756354,"var":0.0148400478065},"silence_rate_20dB":{"dmean":0,"dmean2":0,"dvar":0,"dvar2":0,"max":1,"mean":1,"median":1,"min":1,"var":0},"silence_rate_30dB":{"dmean":0.00179024320096,"dmean2":0.00358102051541,"dvar":0.00178695830982,"dvar2":0.00416516372934,"max":1,"mean":0.997315049171,"median":1,"min":0,"var":0.00267792795785},"silence_rate_60dB":{"dmean":0.00805609393865,"dmean2":0.0161145925522,"dvar":0.0079911435023,"dvar2":0.0188388414681,"max":1,"mean":0.189886629581,"median":0,"min":0,"var":0.153844639659},"spectral_centroid":{"dmean":188.003997803,"dmean2":286.3465271,"dvar":92694.8984375,"dvar2":189460.6875,"max":11732.5126953,"mean":1215.89428711,"median":933.161743164,"min":168.703781128,"var":2185360.75},"spectral_complexity":{"dmean":1.63508880138,"dmean2":2.67860341072,"dvar":4.72214794159,"dvar2":11.5502977371,"max":44,"mean":10.9864263535,"median":11,"min":0,"var":53.2456665039},"spectral_contrast_coeffs":{"dmean":[0.0412589050829,0.0372711531818,0.0318794734776,0.0284001994878,0.0231536719948,0.0159813500941],"dmean2":[0.067769870162,0.060281958431,0.0509228780866,0.0449972525239,0.0366398952901,0.0250146016479],"dvar":[0.00118284497876,0.00096893281443,0.000722629134543,0.000582449953072,0.000443071388872,0.00022579015058],"dvar2":[0.00323118735105,0.00246922648512,0.00178935297299,0.00141922081821,0.00101270526648,0.000522335467394],"max":[-0.315085291862,-0.414541095495,-0.346273750067,-0.486344844103,-0.530209064484,-0.602333724499],"mean":[-0.653768837452,-0.733198046684,-0.74701577425,-0.762586951256,-0.766261339188,-0.786308169365],"median":[-0.647880733013,-0.732871055603,-0.760928869247,-0.764820933342,-0.764825940132,-0.782524228096],"min":[-0.985821723938,-0.980568408966,-0.976229846478,-0.984464764595,-0.97124761343,-0.96515083313],"var":[0.00997338630259,0.00776214012876,0.00937343761325,0.00638722768053,0.00575899006799,0.00290221674368]},"spectral_contrast_valleys":{"dmean":[0.365142017603,0.300390899181,0.303057163954,0.29549947381,0.288596481085,0.332045465708],"dmean2":[0.597347915173,0.494615584612,0.48716750741,0.46431350708,0.43678483367,0.482090502977],"dvar":[0.153824225068,0.115159086883,0.121858544648,0.119678422809,0.149990588427,0.258114606142],"dvar2":[0.326993912458,0.236438632011,0.257370054722,0.236486703157,0.284859478474,0.522921144962],"max":[-5.19890022278,-5.2887263298,-5.39463186264,-6.42379045486,-5.85219240189,-7.3836145401],"mean":[-7.95573997498,-7.89904880524,-8.90136051178,-9.44781112671,-9.30896472931,-12.0436162949],"median":[-7.22921037674,-7.14413356781,-8.18440914154,-8.78153038025,-8.67610454559,-11.8191680908],"min":[-28.4312477112,-27.9684123993,-27.7942256927,-27.7488918304,-27.5466709137,-27.3991603851],"var":[8.791847229,9.03770160675,8.57442760468,8.13199424744,8.01399230957,6.13384246826]},"spectral_decrease":{"dmean":1.0281899776e-9,"dmean2":1.61032442936e-9,"dvar":3.73477175087e-18,"dvar2":9.71911742587e-18,"max":2.06410891788e-28,"mean":-4.39931291396e-9,"median":-3.2117535298e-9,"min":-3.07958245571e-8,"var":1.99300731352e-17},"spectral_energy":{"dmean":0.00406651943922,"dmean2":0.00635172147304,"dvar":0.0000566337075725,"dvar2":0.000146486447193,"max":0.127875596285,"mean":0.0176894553006,"median":0.0127842444927,"min":9.84835501971e-21,"var":0.00032774914871},"spectral_energyband_high":{"dmean":0.000151122323587,"dmean2":0.000226368676522,"dvar":3.32333485176e-7,"dvar2":6.75347109791e-7,"max":0.0165128726512,"mean":0.000258769781794,"median":0.0000282492164843,"min":7.09200261837e-21,"var":8.60780119183e-7},"spectral_energyband_low":{"dmean":0.00208934349939,"dmean2":0.00347751495428,"dvar":0.000036011224438,"dvar2":0.000099593642517,"max":0.0946205109358,"mean":0.00482433103025,"median":0.00285786390305,"min":1.29991592297e-23,"var":0.0000466514720756},"spectral_energyband_middle_high":{"dmean":0.000932059483603,"dmean2":0.00125977455173,"dvar":0.00000793242543295,"dvar2":0.0000143767165355,"max":0.121682263911,"mean":0.00393959367648,"median":0.00082239927724,"min":1.17090929609e-21,"var":0.0000894960976439},"spectral_energyband_middle_low":{"dmean":0.0025436244905,"dmean2":0.00384064018726,"dvar":0.0000179736362043,"dvar2":0.0000397239818994,"max":0.101605929434,"mean":0.00968155357987,"median":0.00642681028694,"min":1.77803732321e-22,"var":0.000129814638058},"spectral_entropy":{"dmean":0.191563501954,"dmean2":0.279725134373,"dvar":0.0451892316341,"dvar2":0.0951148569584,"max":9.82721710205,"mean":6.99603939056,"median":6.90359592438,"min":5.35604000092,"var":0.433502525091},"spectral_flux":{"dmean":0.0135241048411,"dmean2":0.0211929809302,"dvar":0.000408442574553,"dvar2":0.00085441081319,"max":0.308420956135,"mean":0.0472988002002,"median":0.0410364493728,"min":6.36346531024e-11,"var":0.0014280959731},"spectral_kurtosis":{"dmean":2.79528832436,"dmean2":4.58667469025,"dvar":9.48017120361,"dvar2":25.3683109283,"max":45.5397605896,"mean":7.817445755,"median":6.91577863693,"min":-1.27427899837,"var":30.765296936},"spectral_rms":{"dmean":0.000424423167715,"dmean2":0.000654372619465,"dvar":3.95934392827e-7,"dvar2":9.90323201222e-7,"max":0.0111694531515,"mean":0.00356078660116,"median":0.0035316334106,"min":3.09970191875e-12,"var":0.00000457892065242},"spectral_rolloff":{"dmean":297.580627441,"dmean2":499.582702637,"dvar":594315.1875,"dvar2":1217828.75,"max":19702.8808594,"mean":1311.03405762,"median":581.396484375,"min":21.533203125,"var":7131720.5},"spectral_skewness":{"dmean":0.305174529552,"dmean2":0.482552498579,"dvar":0.0941270068288,"dvar2":0.223949566483,"max":5.3880033493,"mean":1.87938845158,"median":1.83449482918,"min":-0.0773992240429,"var":0.614977121353},"spectral_spread":{"dmean":475718.625,"dmean2":708947.125,"dvar":900814471168,"dvar2":1561159532540,"max":42612188,"mean":4397848.5,"median":3018274,"min":1393335.75,"var":28175595733000},"spectral_strongpeak":{"dmean":0.343672215939,"dmean2":0.563664913177,"dvar":0.502829253674,"dvar2":1.16464316845,"max":14.5897665024,"mean":0.957419037819,"median":0.334420323372,"min":0,"var":3.03851342201},"zerocrossingrate":{"dmean":0.00698570720851,"dmean2":0.00844969879836,"dvar":0.000186808290891,"dvar2":0.000246948853601,"max":0.53076171875,"mean":0.0489026345313,"median":0.03564453125,"min":0,"var":0.004671277944}},"metadata":{"audio_properties":{"analysis_sample_rate":44100,"bit_rate":0,"codec":"flac","downmix":"mix","equal_loudness":0,"length":155.626663208,"lossless":true,"md5_encoded":"fbf9162f08a1669a6ce0afbf05a0f7d3","replay_gain":-7.2028503418,"sample_rate":44100},"tags":{"album":["The Unforgettable Fire"],"albumartist":["U2"],"albumartistsort":["U2"],"artist":["U2"],"artistsort":["U2"],"barcode":["075679023124"],"catalognumber":["90231-2"],"date":["1984-10"],"discnumber":["1"],"disctotal":["1"],"file_name":"01-05 Promenade.flac","isrc":["GBAAN8490005"],"label":["Island Records"],"media":["CD"],"musicbrainz_albumartistid":["a3cb23fc-acd3-4ce0-8f36-1e5aa6a18432"],"musicbrainz_albumid":["b8416a9b-f13a-4435-aac3-8b25e48273ca"],"musicbrainz_artistid":["a3cb23fc-acd3-4ce0-8f36-1e5aa6a18432"],"musicbrainz_recordingid":["8fbbdf08-55ad-4bc8-bff1-12fdb240bc2c"],"musicbrainz_releasegroupid":["c84d00f4-afd3-3184-be62-6ae5f135aa38"],"originaldate":["1984-10"],"performer":["Daniel Lanois (additional vocal)","Brian Eno (additional vocal)"],"releasecountry":["US"],"releasestatus":["official"],"releasetype":["album"],"replaygain_album_gain":["-3.42 dB"],"replaygain_album_peak":["1.00000000"],"replaygain_track_gain":["-1.84 dB"],"replaygain_track_peak":["0.72259521"],"script":["Latn"],"title":["Promenade"],"totaldiscs":["1"],"totaltracks":["10"],"tracknumber":["5"],"tracktotal":["10"]},"version":{"essentia":"2.1-beta1","essentia_build_sha":"ca57ba49d9b1854bd80e60cf9ccf267278fb7d6b","essentia_git_sha":"v2.1_beta1-28-g21ef5f4-dirty","extractor":"music 1.0"}},"rhythm":{"beats_count":340,"beats_loudness":{"dmean":0.00958131346852,"dmean2":0.0147105138749,"dvar":0.000125870181364,"dvar2":0.000300273735775,"max":0.0922775939107,"mean":0.020056148991,"median":0.0154630504549,"min":0,"var":0.000316993595334},"beats_loudness_band_ratio":{"d