{"lowlevel":{"average_loudness":0.935813367367,"barkbands":{"dmean":[0.000141275799251,0.00385484914295,0.00136550248135,0.000761691771913,0.00149993365631,0.000989678432234,0.000753412139602,0.000532219477464,0.000886412628461,0.000450682913652,0.000333861680701,0.000465096061816,0.000436346657807,0.000376633892301,0.000262691697571,0.000428093189839,0.000411020446336,0.00027148303343,0.000208052311791,0.000205181757337,0.000176858913619,0.000153604225488,0.0000934056879487,0.0000778024696046,0.0000530153483851,0.0000293438079098,0.0000130213284137],"dmean2":[0.000232697828324,0.00654471339658,0.00227347854525,0.0012467087945,0.00249051791616,0.00157710455824,0.00123994087335,0.000842511188239,0.00137801270466,0.000692926521879,0.00053185748402,0.000720153737348,0.000681498495396,0.000582423643209,0.000424500351073,0.000678326352499,0.000650613103062,0.000427307590144,0.000334900047164,0.000327847781591,0.000276442908216,0.000230932986597,0.000131396387587,0.000113766247523,0.0000765697041061,0.0000436417431047,0.0000198357756744],"dvar":[1.43187108392e-7,0.000178495974978,0.0000113214910016,0.00000290724619845,0.0000127459952637,0.0000031997633414,0.00000265270023192,0.00000189480465451,0.00000260743399849,8.65042068199e-7,3.79038397114e-7,0.00000188426417935,8.16259102976e-7,6.99052804976e-7,1.70129041521e-7,4.23729716204e-7,7.28348368284e-7,2.0004593182e-7,1.30279047994e-7,2.51946744356e-7,1.44753030895e-7,1.18167619689e-7,4.83125575101e-8,4.58640876388e-8,2.01944736489e-8,3.48764062075e-9,7.49835027403e-10],"dvar2":[3.70279934714e-7,0.000472922663903,0.0000279355481325,0.00000724011442799,0.0000340298392985,0.00000764346077631,0.00000695649032423,0.00000476939067084,0.000006005918749,0.00000196314363166,8.74051750088e-7,0.00000427164786743,0.00000183984411706,0.00000159712908498,4.29601072938e-7,0.00000104789319266,0.0000017007612314,4.82671168811e-7,3.19210187172e-7,6.10891390807e-7,3.31577439283e-7,2.55372697211e-7,9.60065378308e-8,8.48917025564e-8,4.52349766533e-8,8.5993736576e-9,1.98973970633e-9],"max":[0.00713728740811,0.117682226002,0.0399318002164,0.0249539911747,0.0439571477473,0.0355530232191,0.0292914975435,0.0391128957272,0.0350789912045,0.0251346640289,0.0181537531316,0.0386744476855,0.0258430279791,0.0234585739672,0.0102753341198,0.015348425135,0.0268257036805,0.0117778070271,0.00816078670323,0.0207702592015,0.0114559968933,0.010661881417,0.0121447304264,0.0109492065385,0.00512092094868,0.00120078388136,0.000582674576435],"mean":[0.000137207578518,0.00356719852425,0.00168973964173,0.000904396641999,0.00233703386039,0.00198508729227,0.0012205762323,0.00100623408798,0.00188185682055,0.00090989965247,0.000633834570181,0.000848534225952,0.00089510763064,0.000700039614458,0.000564898422454,0.000966008170508,0.000875026569702,0.000611884577665,0.000469509366667,0.000442171847681,0.000407609215472,0.000331115646986,0.000203152012546,0.000176172281499,0.000126120183268,0.0000609241433267,0.0000233617283811],"median":[0.0000372925460397,0.00113497197162,0.000875211961102,0.000365830899682,0.000802142953034,0.000932938826736,0.000489442842081,0.000368268898455,0.00101213471498,0.000428685452789,0.000299714447465,0.000302070606267,0.000421446340624,0.000338899320923,0.000369175046217,0.00061123695923,0.000481191353174,0.000385624589399,0.000312857388053,0.000252247002209,0.000231770100072,0.000119630916743,0.000080823978351,0.000083638682554,0.0000753876229282,0.0000360002195521,0.0000116780656754],"min":[4.7263332648e-23,1.75228600026e-23,3.16887772488e-24,3.33604543653e-23,3.43178632915e-23,6.32562063912e-23,4.30356882174e-23,5.4850729363e-23,2.92803900328e-23,5.60243461307e-23,1.93799483829e-22,5.53737756976e-23,5.39957240486e-23,8.87952689643e-23,1.82748375584e-22,1.09106644982e-22,1.16355658234e-22,3.33760637138e-22,2.26828256894e-22,3.81092796322e-22,4.42924016996e-22,5.35982795163e-22,5.46780975669e-22,8.12217751338e-22,1.23229272145e-21,1.83680847039e-21,2.14643332122e-21],"var":[1.30247784114e-7,0.000131488515763,0.000010292834304,0.00000308332323584,0.0000203984091058,0.0000085292285803,0.00000427081022281,0.00000434189041698,0.00000740227278584,0.00000230804516832,0.00000105315700694,0.00000352429378836,0.00000200083604796,0.00000141285522659,4.74652097182e-7,0.00000133676360292,0.00000199286182578,6.38217954929e-7,3.06987033127e-7,4.39692314558e-7,3.35733432166e-7,3.12870241714e-7,1.42524626767e-7,1.39057448223e-7,4.55003323907e-8,5.80697934183e-9,9.9174257695e-10]},"barkbands_crest":{"dmean":2.26198863983,"dmean2":3.5595433712,"dvar":6.43876218796,"dvar2":15.296544075,"max":26.5316619873,"mean":8.14684867859,"median":6.90872716904,"min":2.04439043999,"var":18.3080978394},"barkbands_flatness_db":{"dmean":0.0184043664485,"dmean2":0.0267138723284,"dvar":0.000562506436836,"dvar2":0.00131557288114,"max":0.49519982934,"mean":0.0897636041045,"median":0.0757834091783,"min":0.0115499515086,"var":0.00259660882875},"barkbands_kurtosis":{"dmean":2.49485969543,"dmean2":4.04997158051,"dvar":91.2433395386,"dvar2":222.634353638,"max":300.260345459,"mean":2.27488875389,"median":-0.220225334167,"min":-1.95351624489,"var":156.733642578},"barkbands_skewness":{"dmean":0.490756958723,"dmean2":0.732425332069,"dvar":0.607043921947,"dvar2":1.36147022247,"max":12.235080719,"mean":0.850658833981,"median":0.616724550724,"min":-15.7786684036,"var":1.80703473091},"barkbands_spread":{"dmean":5.95888519287,"dmean2":8.89654541016,"dvar":54.620677948,"dvar2":123.041969299,"max":117.286941528,"mean":31.0624828339,"median":29.0362262726,"min":0.493716448545,"var":217.008895874},"dissonance":{"dmean":0.0123981134966,"dmean2":0.020388904959,"dvar":0.000194137581275,"dvar2":0.000495329441037,"max":0.5,"mean":0.473859161139,"median":0.479924470186,"min":0.259110093117,"var":0.000531156663783},"dynamic_complexity":2.75302696228,"erbbands":{"dmean":[0.0709320306778,1.0110193491,2.0034661293,1.70363485813,4.43371248245,4.95375871658,5.85684728622,9.31412124634,9.69386196136,12.938416481,10.9439172745,17.6390075684,21.461605072,11.9439182281,12.80671978,18.5443401337,18.8366737366,19.7862968445,13.7759828568,14.1720380783,22.99858284,23.3815860748,15.1660928726,11.4760007858,9.82163906097,9.61336326599,8.3284406662,6.47944736481,6.07126283646,3.21837949753,2.69797897339,1.84264874458,1.22415947914,0.714287340641,0.327647179365,0.148416519165,0.0512582696974,0.0125800445676,0.00249895569868,0.000110026230686],"dmean2":[0.112086139619,1.78594064713,3.44179081917,2.75312066078,7.5399312973,8.14057636261,9.17547512054,14.8202095032,16.1367034912,20.7096920013,17.1781902313,27.4454460144,33.3240470886,18.6202106476,19.7308387756,28.6967430115,29.3437080383,30.6362781525,22.0061721802,22.6253414154,36.1949653625,36.9384498596,24.0475330353,18.2336883545,15.9097061157,15.2483139038,13.2459669113,9.965259552,9.04289913177,4.7028632164,3.85790300369,2.72781014442,1.8083255291,1.03698980808,0.475420176983,0.217706263065,0.0796461477876,0.0195244457573,0.00385609269142,0.000168511134689],"dvar":[0.0522921457887,13.1750879288,35.703163147,9.50939941406,180.596481323,118.344863892,115.701728821,335.446472168,440.859405518,850.688964844,772.824645996,1278.29370117,1811.30859375,522.885986328,578.321960449,3310.76074219,1618.20690918,2136.38012695,506.929718018,432.893157959,1346.13793945,2723.4440918,609.188964844,371.344543457,395.897979736,575.889038086,282.282287598,220.882003784,187.060714722,50.9809188843,41.9337387085,20.8336982727,14.5200910568,4.25616264343,0.490622848272,0.0739363208413,0.0123510966077,0.000753536878619,0.0000278663392237,5.21360696837e-8],"dvar2":[0.118062384427,36.2214393616,94.3949432373,23.6939659119,495.987121582,291.77935791,257.572570801,800.031188965,1174.15820312,2113.29125977,1950.99072266,2937.47094727,4161.31542969,1241.71679688,1270.99157715,7661.82275391,3756.31518555,4974.45703125,1226.25158691,1101.0892334,3222.29858398,6220.60107422,1510.73168945,873.575317383,1011.65100098,1348.72888184,648.591125488,496.625366211,396.887634277,98.8368682861,86.808807373,41.5468139648,28.5835113525,9.19170951843,1.04914999008,0.170258834958,0.0316440351307,0.0020044350531,0.0000745165452827,1.37362633268e-7],"max":[2.06968188286,31.796169281,49.6029472351,59.5049934387,159.323303223,212.005767822,313.757110596,406.738372803,537.944030762,658.750244141,1032.7857666,1111.83178711,966.558837891,707.562805176,530.876708984,1487.78161621,1274.43310547,1294.32971191,697.631530762,362.177185059,902.041259766,1806.40136719,617.627258301,477.641601562,578.362548828,1149.62097168,469.365661621,405.869232178,398.335388184,315.317474365,363.975250244,203.567153931,161.718765259,78.7510223389,29.5090007782,6.98475694656,2.02315092087,0.501132428646,0.118071705103,0.00506331445649],"mean":[0.0738145187497,0.888860702515,2.15580654144,2.45911669731,5.12257099152,8.15731525421,10.7065563202,17.8673591614,17.0344600677,22.6767501831,23.0062351227,37.5150413513,43.2607841492,25.5553073883,28.2474079132,37.0057411194,40.025138855,38.0067138672,30.2328224182,34.4036026001,53.7610969543,54.8031845093,36.3623352051,27.5152606964,22.2214336395,21.2580451965,18.0325927734,14.980047226,12.976193428,7.17111682892,5.76562452316,4.07005834579,2.7572414875,1.63027954102,0.746794342995,0.334080457687,0.0957716852427,0.0225737243891,0.00442537944764,0.000222902410314],"median":[0.018409665674,0.300107300282,1.03475594521,1.32007217407,1.48583590984,2.45921611786,4.98964977264,7.25474643707,8.11365699768,9.07181072235,11.2897319794,19.1445960999,20.6257705688,13.0226716995,14.6766271591,16.0479888916,20.4717674255,17.4630203247,19.9679336548,24.0037784576,33.7310638428,32.646396637,24.1398983002,18.9375534058,14.764708519,12.3838481903,10.2514696121,8.14997196198,4.59465646744,2.7198536396,2.4278678894,1.85413110256,1.33369708061,0.895632565022,0.462994486094,0.207228302956,0.0544816628098,0.0118834711611,0.002224013675,0.000127285442431],"min":[7.8423664046e-22,3.34525531817e-21,4.71184977858e-21,5.48553288891e-20,1.59022900749e-19,7.70207513888e-20,2.01662536211e-19,6.46393362042e-19,7.88601529169e-19,6.3485620875e-19,1.20573992329e-18,5.74890422327e-19,1.02516515479e-18,5.3608148613e-18,5.30911772738e-18,2.20002994133e-18,2.50012238217e-18,3.04179271411e-18,6.40768678633e-18,1.19978337501e-17,5.50496679947e-18,7.2084480773e-18,1.43531155663e-17,1.28684347274e-17,1.43662545031e-17,1.87921191122e-17,2.10576212262e-17,1.36857297045e-17,1.76478288856e-17,1.85684180417e-17,1.49663971986e-17,2.01480468072e-17,1.26304408031e-17,1.13802052837e-17,8.98930589758e-18,7.18171442708e-18,3.50963758997e-18,1.26543785829e-18,3.48559175975e-19,2.78874540805e-20],"var":[0.052219197154,8.72301864624,26.32188797,12.6470336914,152.851989746,331.638916016,355.65032959,818.011779785,690.993164062,1606.95007324,1611.0802002,3874.21044922,4672.42089844,1403.49255371,1712.09057617,5771.93701172,3625.3449707,4395.90332031,1333.45214844,1313.29699707,4302.36181641,8010.91308594,1763.62463379,1044.03100586,691.347290039,1025.84472656,667.782531738,530.081054688,496.868133545,160.204528809,116.46471405,58.0555763245,40.9416046143,10.8975429535,1.13641858101,0.160915002227,0.0163869634271,0.000913881929591,0.0000359447149094,7.10057008746e-8]},"erbbands_crest":{"dmean":2.18984484673,"dmean2":3.45114707947,"dvar":5.92287254333,"dvar2":13.7666959763,"max":33.100025177,"mean":8.3042049408,"median":7.11782026291,"min":2.11946344376,"var":18.9437503815},"erbbands_flatness_db":{"dmean":0.0154288662598,"dmean2":0.0218612384051,"dvar":0.000366272812244,"dvar2":0.000702225835994,"max":0.337343871593,"mean":0.140257999301,"median":0.135484844446,"min":0.0251530967653,"var":0.0017188541824},"erbbands_kurtosis":{"dmean":0.838768422604,"dmean2":1.30008196831,"dvar":5.54972362518,"dvar2":13.1298055649,"max":83.7712097168,"mean":0.425450414419,"median":-0.263510227203,"min":-1.90171813965,"var":8.81627178192},"erbbands_skewness":{"dmean":0.303083151579,"dmean2":0.446792423725,"dvar":0.148852467537,"dvar2":0.298855513334,"max":6.11286020279,"mean":-0.000782657880336,"median":-0.00564233167097,"min":-6.84366178513,"var":0.706160306931},"erbbands_spread":{"dmean":7.20811891556,"dmean2":11.0052642822,"dvar":92.6912918091,"dvar2":208.921127319,"max":167.363800049,"mean":38.321811676,"median":34.390712738,"min":2.14926791191,"var":360.456237793},"gfcc":{"cov":[[9629.71289062,-322.043884277,-575.709533691,-469.675262451,-378.148101807,237.478988647,-141.517852783,24.0968704224,-114.378700256,42.3882141113,-96.6916656494,116.920036316,-93.3194885254],[-322.043884277,1414.56054688,-606.664733887,-47.9376449585,-42.870426178,-313.762664795,70.2224121094,-83.2582550049,38.7879447937,-69.0729446411,55.0165100098,-48.3706665039,131.934127808],[-575.709533691,-606.664733887,1119.06567383,235.580856323,85.21144104,185.086120605,-38.8493690491,4.71318387985,-23.6186275482,58.4486656189,-30.9866695404,11.684299469,-84.1361160278],[-469.675262451,-47.9376449585,235.580856323,479.769897461,33.4562149048,21.476726532,25.8855037689,-44.5436935425,27.854227066,17.8322944641,16.8588848114,-36.6085777283,6.80469799042],[-378.148101807,-42.870426178,85.21144104,33.4562149048,302.018890381,22.0384597778,38.7288970947,53.1158180237,3.68969702721,23.0701999664,-10.7491912842,6.51705694199,3.23429751396],[237.478988647,-313.762664795,185.086120605,21.476726532,22.0384597778,288.89175415,54.9022407532,23.7206020355,1.15248191357,-0.645327866077,-6.30747842789,11.1738939285,-62.9219894409],[-141.517852783,70.2224121094,-38.8493690491,25.8855037689,38.7288970947,54.9022407532,149.337295532,31.0803279877,17.0339622498,-2.23707151413,17.838558197,-0.642870545387,-4.81593942642],[24.0968704224,-83.2582550049,4.71318387985,-44.5436935425,53.1158180237,23.7206020355,31.0803279877,124.722885132,28.5225086212,13.8404121399,-3.63081502914,12.0036306381,-11.2645797729],[-114.378700256,38.7879447937,-23.6186275482,27.854227066,3.68969702721,1.15248191357,17.0339622498,28.5225086212,81.2303237915,25.7563323975,2.58683991432,-8.2912607193,6.47375679016],[42.3882141113,-69.0729446411,58.4486656189,17.8322944641,23.0701999664,-0.645327866077,-2.23707151413,13.8404121399,25.7563323975,84.6589889526,20.2601318359,2.92514061928,-2.17724967003],[-96.6916656494,55.0165100098,-30.9866695404,16.8588848114,-10.7491912842,-6.30747842789,17.838558197,-3.63081502914,2.58683991432,20.2601318359,73.950378418,23.108165741,5.42961454391],[116.920036316,-48.3706665039,11.684299469,-36.6085777283,6.51705694199,11.1738939285,-0.642870545387,12.0036306381,-8.2912607193,2.92514061928,23.108165741,67.8969955444,15.4657697678],[-93.3194885254,131.934127808,-84.1361160278,6.80469799042,3.23429751396,-62.9219894409,-4.81593942642,-11.2645797729,6.47375679016,-2.17724967003,5.42961454391,15.4657697678,83.4782333374]],"icov":[[0.000144172765431,-0.0000477587309433,0.000141375785461,-0.0000103514194052,0.000203856863664,-0.000226623902563,0.000152696185978,-0.00010443807696,0.000333126226906,-0.000439064577222,0.000480421003886,-0.000425461941632,0.000206274286029],[-0.0000477587309433,0.00155957473908,0.000254368002061,0.00030145861092,-0.00027287111152,0.00133485649712,-0.00109358504415,0.00107734673657,-0.00119895092212,0.00159374985378,-0.00157274329104,0.00151856895536,-0.00123192474712],[0.000141375785461,0.000254368002061,0.00160109612625,-0.000773223408032,-0.0000305164448946,-0.000624966225587,0.000567304028664,-0.0000247175430559,0.000878612918314,-0.00128359079827,0.00124717142899,-0.00113324588165,0.00101949146483],[-0.0000103514194052,0.00030145861092,-0.000773223408032,0.00301585393026,-0.000414020236349,0.000248963711783,-0.000789151177742,0.00150672835298,-0.00161137781106,0.000811828125734,-0.00184749776963,0.00241737137549,-0.00133323657792],[0.000203856863664,-0.00027287111152,-0.0000305164448946,-0.000414020236349,0.00427617458627,-0.000433582637925,-0.000637762830593,-0.00195715902373,0.00167369714472,-0.00205271714367,0.00206417660229,-0.00111715565436,-0.000241860936512],[-0.000226623902563,0.00133485649712,-0.000624966225587,0.000248963711783,-0.000433582637925,0.00648051872849,-0.00310772890225,0.00114097213373,-0.00195709010586,0.00237755267881,-0.00100253545679,-0.00016824240447,0.00217313086614],[0.000152696185978,-0.00109358504415,0.000567304028664,-0.000789151177742,-0.000637762830593,-0.00310772890225,0.00965762976557,-0.00262619741261,0.000159915871336,-0.0000594188277319,-0.0013947004918,-0.0000555394835828,0.000507248623762],[-0.00010443807696,0.00107734673657,-0.0000247175430559,0.00150672835298,-0.00195715902373,0.00114097213373,-0.00262619741261,0.0118919564411,-0.00521413888782,0.000813210965134,0.000021089826987,-0.00128923112061,0.00108489650302],[0.000333126226906,-0.00119895092212,0.000878612918314,-0.00161137781106,0.00167369714472,-0.00195709010586,0.000159915871336,-0.00521413888782,0.0182383470237,-0.00737158022821,0.00319924205542,0.000278883060673,-0.000816603773274],[-0.000439064577222,0.00159374985378,-0.00128359079827,0.000811828125734,-0.00205271714367,0.00237755267881,-0.0000594188277319,0.000813210965134,-0.00737158022821,0.018578896299,-0.00840660557151,0.0037081562914,-0.00147562124766],[0.000480421003886,-0.00157274329104,0.00124717142899,-0.00184749776963,0.00206417660229,-0.00100253545679,-0.0013947004918,0.000021089826987,0.00319924205542,-0.00840660557151,0.0221195053309,-0.0108069181442,0.00361316464841],[-0.000425461941632,0.00151856895536,-0.00113324588165,0.00241737137549,-0.00111715565436,-0.00016824240447,-0.0000555394835828,-0.00128923112061,0.000278883060673,0.0037081562914,-0.0108069181442,0.0238024983555,-0.00810741633177],[0.000206274286029,-0.00123192474712,0.00101949146483,-0.00133323657792,-0.000241860936512,0.00217313086614,0.000507248623762,0.00108489650302,-0.000816603773274,-0.00147562124766,0.00361316464841,-0.00810741633177,0.0184078812599]],"mean":[25.3753948212,58.5488166809,-119.216491699,28.9663467407,-50.0183181763,6.94658374786,-32.1049728394,10.1164903641,-20.2959842682,3.34679055214,-16.8307418823,0.562427580357,-9.69902801514]},"hfc":{"dmean":6.47471618652,"dmean2":9.47258281708,"dvar":107.301750183,"dvar2":231.419631958,"max":206.827697754,"mean":28.7591285706,"median":24.8649406433,"min":1.2092718811e-16,"var":408.031799316},"melbands":{"dmean":[0.000865100533701,0.00119014491793,0.000370475667296,0.000350837886799,0.00020086056611,0.000201296497835,0.000151210508193,0.000137113791425,0.0000902967221919,0.000122941492009,0.000106696868897,0.0000492465878779,0.0000432740198448,0.0000552312631044,0.0000501065223943,0.000042262057832,0.0000377027427021,0.0000244928069151,0.000020816709366,0.0000228125190915,0.0000330898255925,0.000025723622457,0.0000206854783755,0.0000121573611978,0.0000100469724202,0.00000831524630485,0.00000766459652368,0.00000679540244164,0.00000579025299885,0.00000466183200842,0.0000038974499148,0.00000385803377867,0.0000028794404443,0.00000173588693997,0.00000177961169356,0.00000131416913973,0.00000112182817702,8.68584550062e-7,9.851021332e-7,4.89087199185e-7],"dmean2":[0.00141854654066,0.00208405614831,0.00060394621687,0.000589797564317,0.000315031065838,0.000321432424244,0.000249582604738,0.00021838779503,0.000141375334351,0.000190839884453,0.000166088502738,0.0000767058299971,0.0000677032803651,0.0000841782748466,0.0000782870265539,0.0000663922983222,0.000058542133047,0.0000392606780224,0.0000338348036166,0.0000373650618712,0.0000522550471942,0.000040659611841,0.0000327960915456,0.0000192383795365,0.0000161213738465,0.000013465793927,0.0000125010665215,0.0000108347021524,0.00000933922819968,0.00000737239224691,0.00000602609998168,0.0000058392442952,0.00000446151125288,0.00000256188968706,0.00000260313322542,0.00000195786219592,0.0000016985242155,0.00000129799934712,0.0000014540836446,7.27640326659e-7],"dvar":[0.00000839843869471,0.0000155812849698,6.45186730708e-7,8.86125064881e-7,1.28861032067e-7,1.49295317442e-7,1.00947872284e-7,9.47640828031e-8,4.60142572933e-8,5.60756419077e-8,4.46380212793e-8,9.15360587328e-9,6.7958039196e-9,3.02064719904e-8,1.32214204029e-8,9.85712755863e-9,8.12912848147e-9,1.80493087143e-9,1.15080800445e-9,1.40229128309e-9,3.17310933085e-9,3.12676928793e-9,1.35321276407e-9,4.18030193794e-10,3.03560815373e-10,2.29425478615e-10,4.40424252623e-10,2.66833805052e-10,1.43416722942e-10,1.18117834957e-10,7.39173028341e-11,7.46106440519e-11,4.8061096769e-11,1.58986868809e-11,1.73081653176e-11,1.07811233899e-11,8.31261448564e-12,6.39117838513e-12,1.15699698086e-11,1.63540188336e-12],"dvar2":[0.000021070594812,0.0000423111087002,0.00000166933818946,0.00000239547193814,2.84612923451e-7,3.59333455435e-7,2.68668287617e-7,2.34487487205e-7,1.12272871888e-7,1.30818563093e-7,1.03210567204e-7,2.15602664611e-8,1.53752122145e-8,6.61534400592e-8,3.32258629498e-8,2.28604388752e-8,1.89371327508e-8,4.33998925686e-9,2.90009727344e-9,3.91196230964e-9,7.57886731151e-9,7.22663484609e-9,3.21984217067e-9,1.01293151644e-9,7.16978088011e-10,5.76267755736e-10,1.14248466243e-9,5.95308469187e-10,3.42752604077e-10,2.81950851555e-10,1.6596066188e-10,1.64097069266e-10,1.1111459669e-10,3.22511704842e-11,3.67834269988e-11,2.26857387042e-11,1.74249451673e-11,1.24807733592e-11,2.52810220674e-11,3.63577093779e-12],"max":[0.025011587888,0.0337935686111,0.00893469620496,0.0128072323278,0.00967800896615,0.00816714391112,0.00697891227901,0.0070837829262,0.00740806525573,0.00648262444884,0.00467891339213,0.00310633075424,0.00239432556555,0.00574368145317,0.00264734681696,0.00311115710065,0.00274363625795,0.00118218234275,0.00088081107242,0.000748121761717,0.00145782763138,0.00176766922232,0.00103486073203,0.000507865042891,0.000480871996842,0.000378449185519,0.00109534047078,0.000799950677902,0.000354712508852,0.000373200251488,0.000216658241698,0.000252334779361,0.000234976731008,0.0001769020746,0.000240690191276,0.000111358829599,0.000132750617922,0.000101499252196,0.000134049594635,0.0000532487974851],"mean":[0.000842287903652,0.00119703949895,0.000508714001626,0.000482742994791,0.000383681996027,0.000393087888369,0.000271160359262,0.000250130193308,0.000186522651347,0.000257003353909,0.000210524682188,0.0000989069085335,0.0000888184222276,0.000105144245026,0.0000952144328039,0.0000828830015962,0.0000656278789393,0.000046894820116,0.0000445871155534,0.0000461231866211,0.0000693712863722,0.000054376971093,0.0000450876686955,0.0000265729613602,0.0000219454013859,0.0000165929086506,0.0000153338696691,0.000013805859453,0.0000110919027065,0.00000999839357974,0.00000817790260044,0.00000775508033257,0.00000557670864509,0.00000349911510966,0.00000352585288965,0.00000276863170257,0.00000232708998738,0.00000185635155958,0.00000200080307877,0.00000111180270324],"median":[0.000248911965173,0.00052900519222,0.000243430258706,0.000144158635521,0.000170680941665,0.000167147751199,0.000124582424178,0.000105531049485,0.0000896355631994,0.000134179426823,0.0000936804499361,0.0000445030527771,0.0000432110791735,0.0000373284274247,0.0000435689580627,0.0000373705042875,0.000027217580282,0.0000278201423498,0.0000276491809927,0.0000284507787001,0.000037051991967,0.0000304010827676,0.0000248893938988,0.0000170964485733,0.0000142693806993,0.0000106203469841,0.0000086895079221,0.00000759693921282,0.00000588002376389,0.0000058836876633,0.00000399836835641,0.00000264382242676,0.00000196319797396,0.00000121103994388,0.00000145639148741,0.00000117438310099,0.00000105108381376,8.97297923075e-7,8.97582197013e-7,6.53541405882e-7],"min":[9.37575385351e-24,3.21195367183e-24,1.39727461154e-23,8.21003200576e-24,5.89506051483e-24,1.44350012509e-23,1.08223109724e-23,7.63475440177e-24,8.91558841053e-24,3.70357494341e-24,4.9085414379e-24,2.03343523802e-23,2.47172462147e-23,5.66601632872e-24,5.22341645151e-24,5.63803424912e-24,5.4590452596e-24,1.01691207322e-23,1.43459278106e-23,1.26886541111e-23,5.63304943706e-24,6.05089919779e-24,1.21264739647e-23,1.56446658065e-23,9.1611150564e-24,1.09469454734e-23,1.0720058033e-23,1.25894248755e-23,1.45037457456e-23,1.02873946477e-23,7.17560264505e-24,9.93303201823e-24,1.05437050222e-23,1.03736360773e-23,7.9250410154e-24,1.04325726644e-23,1.25179998315e-23,8.06393496612e-24,1.09421389439e-23,8.43398251701e-24],"var":[0.00000699424754202,0.0000106616289486,6.72607313845e-7,0.00000118956313599,4.36991683728e-7,3.7398606878e-7,1.7204538949e-7,1.99618682473e-7,1.01875379244e-7,1.58128386829e-7,1.15558187019e-7,2.61148063174e-8,1.98231422388e-8,5.97136136093e-8,2.48538878367e-8,2.0902827913e-8,1.55126649304e-8,4.14462375531e-9,3.17121351401e-9,3.30389005043e-9,9.37948829716e-9,8.65666116567e-9,4.78868988907e-9,1.15716958238e-9,8.20667256374e-10,4.09522443734e-10,5.98758376213e-10,5.16092446556e-10,3.08642139624e-10,2.28526142454e-10,1.78814268947e-10,1.86295368021e-10,1.11965291205e-10,4.33177348158e-11,4.51864066997e-11,2.78454082708e-11,2.04558817801e-11,1.71185426945e-11,2.95635148306e-11,3.793760011e-12]},"melbands_crest":{"dmean":2.75589203835,"dmean2":4.34964609146,"dvar":8.16644668579,"dvar2":18.1884841919,"max":33.9424629211,"mean":11.4658632278,"median":9.85642719269,"min":1.84706771374,"var":30.504032135},"melbands_flatness_db":{"dmean":0.0231063943356,"dmean2":0.0331123322248,"dvar":0.000899549690075,"dvar2":0.00200398243032,"max":0.644667327404,"mean":0.144379034638,"median":0.128938317299,"min":0.004636046011,"var":0.00422751437873},"melbands_kurtosis":{"dmean":7.40830039978,"dmean2":11.7439804077,"dvar":630.73034668,"dvar2":1467.66870117,"max":573.255004883,"mean":10.5872478485,"median":2.32855606079,"min":-1.94960820675,"var":1109.62585449},"melbands_skewness":{"dmean":0.684934437275,"dmean2":1.03384566307,"dvar":1.29837036133,"dvar2":2.88096904755,"max":18.4435901642,"mean":2.00823664665,"median":1.44677901268,"min":-1.88848316669,"var":4.01040792465},"melbands_spread":{"dmean":8.95161056519,"dmean2":13.0012807846,"dvar":142.249969482,"dvar2":272.961395264,"max":295.051147461,"mean":39.4283103943,"median":37.1079864502,"min":0.348084509373,"var":549.546813965},"mfcc":{"cov":[[7087.81787109,216.447113037,-565.733093262,-581.223266602,-325.804046631,-72.8246231079,-153.195388794,4.60961866379,-85.6963348389,-50.381439209,-44.6528396606,-71.6742019653,-79.9118652344],[216.447113037,1161.80175781,-483.392333984,37.3930244446,-142.744262695,-173.285705566,-47.1750450134,-66.7037963867,23.0027008057,-70.5067443848,-63.3706665039,29.318529129,-14.0658349991],[-565.733093262,-483.392333984,891.472595215,104.383857727,141.121948242,176.678405762,27.9623241425,25.0122680664,-37.2547492981,64.254989624,28.9364280701,-40.4057197571,18.1524009705],[-581.223266602,37.3930244446,104.383857727,442.294769287,75.2835235596,21.2812519073,14.524564743,-56.5561523438,32.9539756775,-4.43364953995,-17.334394455,28.5944442749,31.0706977844],[-325.804046631,-142.744262695,141.121948242,75.2835235596,228.673492432,59.3139076233,40.9764480591,14.4780015945,31.951757431,22.6686000824,5.2179017067,7.62695360184,22.7109298706],[-72.8246231079,-173.285705566,176.678405762,21.2812519073,59.3139076233,197.616043091,60.1593551636,39.2103500366,0.861127436161,25.3603878021,26.2324295044,-6.40539646149,-8.55760097504],[-153.195388794,-47.1750450134,27.9623241425,14.524564743,40.9764480591,60.1593551636,131.478515625,57.1549491882,11.1763916016,8.62214756012,25.0387077332,17.8947277069,-0.307829678059],[4.60961866379,-66.7037963867,25.0122680664,-56.5561523438,14.4780015945,39.2103500366,57.1549491882,129.935623169,21.0597610474,6.67617797852,28.7677135468,7.48496723175,-5.72612667084],[-85.6963348389,23.0027008057,-37.2547492981,32.9539756775,31.951757431,0.861127436161,11.1763916016,21.0597610474,97.7410964966,26.1663780212,5.03738498688,16.0559272766,1.45467507839],[-50.381439209,-70.5067443848,64.254989624,-4.43364953995,22.6686000824,25.3603878021,8.62214756012,6.67617797852,26.1663780212,77.9533004761,28.7558403015,-3.98606967926,2.67529463768],[-44.6528396606,-63.3706665039,28.9364280701,-17.334394455,5.2179017067,26.2324295044,25.0387077332,28.7677135468,5.03738498688,28.7558403015,87.1303634644,23.6244850159,-2.31178951263],[-71.6742019653,29.318529129,-40.4057197571,28.5944442749,7.62695360184,-6.40539646149,17.8947277069,7.48496723175,16.0559272766,-3.98606967926,23.6244850159,77.4012908936,25.7091903687],[-79.9118652344,-14.0658349991,18.1524009705,31.0706977844,22.7109298706,-8.55760097504,-0.307829678059,-5.72612667084,1.45467507839,2.67529463768,-2.31178951263,25.7091903687,79.8598175049]],"icov":[[0.000172722997377,0.00000504117360833,0.000095348652394,0.000174063912709,0.000123589517898,-0.000125906037283,0.000168740109075,-0.0000243950598815,0.0000676399358781,-0.0000136406233651,0.0000760036127758,0.0000384728809877,0.0000236300948018],[0.00000504117360833,0.00126316200476,0.000478439120343,-0.00022254983196,0.000445065175882,0.000449360202765,-0.00013575713092,0.000284945854219,-0.000305421912344,0.000352045230102,0.000489353551529,-0.000295554287732,0.000249936623732],[0.000095348652394,0.000478439120343,0.00193303578999,-0.000435047986684,-0.000481809518533,-0.00104531645775,0.000586055975873,-0.000416932191001,0.0012077515712,-0.00104970857501,0.0000527129304828,0.000725631776731,-0.00031198511715],[0.000174063912709,-0.00022254983196,-0.000435047986684,0.00316720362753,-0.000419878779212,-0.000363290630048,-0.000548609765247,0.0018518762663,-0.00133809319232,0.00087899126811,0.000376282900106,-0.000811903737485,-0.000520039873663],[0.000123589517898,0.000445065175882,-0.000481809518533,-0.000419878779212,0.00603175908327,-0.000712984590791,-0.00120530067943,0.000321956817061,-0.00193089433014,-0.000108258653199,0.000655642012134,0.0000565898735658,-0.00125880667474],[-0.000125906037283,0.000449360202765,-0.00104531645775,-0.000363290630048,-0.000712984590791,0.00777657330036,-0.00268845399842,-0.000638669065665,0.000241006171564,-0.000661191879772,-0.000658005767036,0.000425806938438,0.0011736638844],[0.000168740109075,-0.00013575713092,0.000586055975873,-0.000548609765247,-0.00120530067943,-0.00268845399842,0.0115411691368,-0.0044263699092,0.00108506728429,-0.000423030811362,-0.000694500049576,-0.00185461749788,0.000578315753955],[-0.0000243950598815,0.000284945854219,-0.000416932191001,0.0018518762663,0.000321956817061,-0.000638669065665,-0.0044263699092,0.0118069741875,-0.00360401254147,0.00243322574534,-0.00247139064595,0.000445477082394,-0.000161246207426],[0.0000676399358781,-0.000305421912344,0.0012077515712,-0.00133809319232,-0.00193089433014,0.000241006171564,0.00108506728429,-0.00360401254147,0.0146683920175,-0.00658748112619,0.00223931623623,-0.00297116325237,0.00155549671035],[-0.0000136406233651,0.000352045230102,-0.00104970857501,0.00087899126811,-0.000108258653199,-0.000661191879772,-0.000423030811362,0.00243322574534,-0.00658748112619,0.019081139937,-0.00670382194221,0.0038139836397,-0.00186337123159],[0.0000760036127758,0.000489353551529,0.0000527129304828,0.000376282900106,0.000655642012134,-0.000658005767036,-0.000694500049576,-0.00247139064595,0.00223931623623,-0.00670382194221,0.0170888490975,-0.00677791051567,0.00242749974132],[0.0000384728809877,-0.000295554287732,0.000725631776731,-0.000811903737485,0.0000565898735658,0.000425806938438,-0.00185461749788,0.000445477082394,-0.00297116325237,0.0038139836397,-0.00677791051567,0.0191125273705,-0.00623101694509],[0.0000236300948018,0.000249936623732,-0.00031198511715,-0.000520039873663,-0.00125880667474,0.0011736638844,0.000578315753955,-0.000161246207426,0.00155549671035,-0.00186337123159,0.00242749974132,-0.00623101694509,0.0154475793242]],"mean":[-618.264953613,95.8722610474,-10.2482690811,24.4776515961,2.41315078735,2.20771956444,-0.209824591875,2.80417966843,4.21500492096,-0.0288475975394,0.0767211318016,3.91971421242,-1.9384008646]},"pitch_salience":{"dmean":0.0672399699688,"dmean2":0.106046065688,"dvar":0.00520968670025,"dvar2":0.0130106033757,"max":0.975445091724,"mean":0.594320118427,"median":0.615949809551,"min":0.144273892045,"var":0.0143583556637},"silence_rate_20dB":{"dmean":0,"dmean2":0,"dvar":0,"dvar2":0,"max":1,"mean":1,"median":1,"min":1,"var":0},"silence_rate_30dB":{"dmean":0.000180115268449,"dmean2":0.00036026298767,"dvar":0.000180072514922,"dvar2":0.000540223438293,"max":1,"mean":0.999909937382,"median":1,"min":0,"var":0.0000900388404261},"silence_rate_60dB":{"dmean":0.00756484130397,"dmean2":0.0151310460642,"dvar":0.00750776054338,"dvar2":0.0185046661645,"max":1,"mean":0.0464655570686,"median":0,"min":0,"var":0.0443068295717},"spectral_centroid":{"dmean":241.181594849,"dmean2":346.06930542,"dvar":81203.8046875,"dvar2":155766.828125,"max":10595.7089844,"mean":1891.53259277,"median":1905.58117676,"min":129.001693726,"var":421627.46875},"spectral_complexity":{"dmean":4.09834289551,"dmean2":6.03926849365,"dvar":20.1130905151,"dvar2":37.0509567261,"max":64,"mean":25.4326877594,"median":27,"min":0,"var":166.595581055},"spectral_contrast_coeffs":{"dmean":[0.0490789376199,0.0468327924609,0.0388448052108,0.030477790162,0.0223361644894,0.0178957451135],"dmean2":[0.0795199424028,0.0750607177615,0.0617531314492,0.0492261685431,0.035352986306,0.0277916099876],"dvar":[0.00173455406912,0.00163378065918,0.00111901084892,0.000701561919414,0.000398577598389,0.000351662485627],"dvar2":[0.00436513219029,0.00388813810423,0.00258871936239,0.00166169391014,0.000895370903891,0.000736268179026],"max":[-0.295781582594,-0.329516947269,-0.397293567657,-0.491344064474,-0.53294801712,-0.529983818531],"mean":[-0.669480323792,-0.728358626366,-0.755808532238,-0.778248548508,-0.778842866421,-0.741486012936],"median":[-0.681155979633,-0.741400837898,-0.761580348015,-0.781938672066,-0.786440491676,-0.745091915131],"min":[-0.972203195095,-0.989367961884,-0.987962305546,-0.958149433136,-0.961391270161,-0.958685219288],"var":[0.00610798131675,0.00746199302375,0.00571238435805,0.00304087786935,0.00238331547007,0.00205021188594]},"spectral_contrast_valleys":{"dmean":[0.404372900724,0.401289135218,0.342440724373,0.299737393856,0.238311320543,0.259333729744],"dmean2":[0.656296312809,0.634986162186,0.530499517918,0.455331087112,0.363018631935,0.347788482904],"dvar":[0.134373188019,0.155711308122,0.128199890256,0.115272127092,0.0918988510966,0.145433187485],"dvar2":[0.300327509642,0.333779931068,0.249878466129,0.218835294247,0.173156052828,0.265343338251],"max":[-5.40341663361,-4.37206268311,-5.09321403503,-5.6854262352,-5.43552017212,-7.1287484169],"mean":[-7.42561435699,-6.85240030289,-7.26606607437,-7.42011785507,-7.10375881195,-9.76873207092],"median":[-7.29747724533,-6.59092998505,-6.92913770676,-7.11412143707,-6.88053560257,-9.50650119781],"min":[-27.5589256287,-27.0296459198,-27.3643188477,-27.3149929047,-27.1912269592,-27.218957901],"var":[1.00984895229,1.33105504513,1.40258264542,1.29143404961,1.04618811607,1.347184062]},"spectral_decrease":{"dmean":2.17342588371e-9,"dmean2":3.50682061168e-9,"dvar":2.05203856163e-17,"dvar2":5.22862718079e-17,"max":1.42063955632e-16,"mean":-5.66117730472e-9,"median":-4.86395723698e-9,"min":-4.01287394425e-8,"var":2.16927685508e-17},"spectral_energy":{"dmean":0.00858981534839,"dmean2":0.0137877361849,"dvar":0.000302256405121,"dvar2":0.00076905079186,"max":0.153479978442,"mean":0.0239751674235,"median":0.0210204385221,"min":1.07816231614e-20,"var":0.000338555750204},"spectral_energyband_high":{"dmean":0.000531572441105,"dmean2":0.000749580794945,"dvar":0.0000011353777154,"dvar2":0.00000216467606151,"max":0.0320299640298,"mean":0.00156201887876,"median":0.00091486715246,"min":7.60479320584e-21,"var":0.00000404505499318},"spectral_energyband_low":{"dmean":0.00519262161106,"dmean2":0.00869229622185,"dvar":0.000270207063295,"dvar2":0.000696251634508,"max":0.144930511713,"mean":0.00576877593994,"median":0.00257564894855,"min":5.66167932923e-23,"var":0.000212919170735},"spectral_energyband_middle_high":{"dmean":0.00179982173722,"dmean2":0.00272333971225,"dvar":0.00000681446090312,"dvar2":0.0000147742857735,"max":0.0475499667227,"mean":0.00739563116804,"median":0.00645945128053,"min":1.5684972118e-21,"var":0.0000335584118147},"spectral_energyband_middle_low":{"dmean":0.0037309511099,"dmean2":0.00592468492687,"dvar":0.0000521398651472,"dvar2":0.000137929513585,"max":0.0714394822717,"mean":0.00973879080266,"median":0.00774693721905,"min":2.66210439958e-22,"var":0.0000791733255028},"spectral_entropy":{"dmean":0.122098751366,"dmean2":0.171492666006,"dvar":0.0243933517486,"dvar2":0.0488151945174,"max":9.79132843018,"mean":7.81803750992,"median":7.86900854111,"min":4.73789978027,"var":0.142805248499},"spectral_flux":{"dmean":0.0255421493202,"dmean2":0.038162112236,"dvar":0.0012726392597,"dvar2":0.00260399654508,"max":0.331700384617,"mean":0.0820874422789,"median":0.0712309852242,"min":1.03834593701e-10,"var":0.0026819028426},"spectral_kurtosis":{"dmean":0.958379149437,"dmean2":1.5809841156,"dvar":1.48847019672,"dvar2":4.04927158356,"max":38.8813514709,"mean":3.90521240234,"median":3.60914230347,"min":-1.16024148464,"var":4.38790512085},"spectral_rms":{"dmean":0.000711457338184,"dmean2":0.00108780129813,"dvar":0.00000136883568302,"dvar2":0.00000324273855767,"max":0.0122366892174,"mean":0.00452744634822,"median":0.00452854763716,"min":3.24324790114e-12,"var":0.00000289250965579},"spectral_rolloff":{"dmean":564.593688965,"dmean2":856.294311523,"dvar":807464.3125,"dvar2":1569756,"max":21339.4042969,"mean":2456.48925781,"median":2304.05273438,"min":86.1328125,"var":3172560.5},"spectral_skewness":{"dmean":0.154414981604,"dmean2":0.238631024957,"dvar":0.028865467757,"dvar2":0.0668652951717,"max":5.17363357544,"mean":1.38341009617,"median":1.39577615261,"min":-0.265802770853,"var":0.146305367351},"spectral_spread":{"dmean":453383.375,"dmean2":658341.5625,"dvar":379736424448,"dvar2":711203749888,"max":39164772,"mean":4882586,"median":4709721,"min":1697806,"var":2577689214980},"spectral_strongpeak":{"dmean":0.695060372353,"dmean2":1.17990601063,"dvar":1.31740105152,"dvar2":3.09274840355,"max":16.3416500092,"mean":1.4273352623,"median":0.914887309074,"min":0,"var":2.78151655197},"zerocrossingrate":{"dmean":0.0115715265274,"dmean2":0.0124858478084,"dvar":0.000185190554475,"dvar2":0.000185837008758,"max":0.89208984375,"mean":0.0888796299696,"median":0.08447265625,"min":0.00390625,"var":0.00233412464149}},"metadata":{"audio_properties":{"analysis_sample_rate":44100,"bit_rate":0,"codec":"flac","downmix":"mix","equal_loudness":0,"length":257.813323975,"lossless":true,"md5_encoded":"96b721f1b9e613dc88b595bccd6d484b","replay_gain":-17.4351387024,"sample_rate":44100},"tags":{"acoustid_id":["cadb0828-0c1a-429a-ad0d-a5b233275d7c"],"album":["La Futura"],"album artist":["ZZ Top"],"albumartist":["ZZ Top"],"albumartistsort":["ZZ Top"],"artist":["ZZ Top"],"artistsort":["ZZ Top"],"asin":["B008PE9GSA"],"barcode":["602537141135"],"catalognumber":["B0017380-02"],"date":["2012-09-11"],"disc":["1"],"discnumber":["1"],"disctotal":["1"],"encoder":["reference libFLAC 1.2.1 20070917"],"engineer":["Ryan Castle","Cameron Barton"],"ensemble":["ZZ Top"],"file_name":"07. ZZ Top - Flyin’ High.flac","genre":["Classic Rock"],"label":["American Recordings"],"media":["CD"],"mixer":["Dave Sardy"],"musicbrainz_albumartistid":["a81259a0-a2f5-464b-866e-71220f2739f1"],"musicbrainz_albumid":["7fc5f47e-08f4-4a4b-889e-9b5e94387198"],"musicbrainz_artistid":["a81259a0-a2f5-464b-866e-71220f2739f1"],"musicbrainz_recordingid":["8fe0bed1-b41c-41d0-8a05-8fe76a7c5775"],"originaldate":["2012-09-07"],"performer":["Dusty Hill","Frank Beard","Billy Gibbons"],"producer":["Rick Rubin","Billy Gibbons"],"releasecountry":["US"],"releasestatus":["official"],"releasetype":["album"],"replaygain_album_gain":["-11.9700002670288 dB"],"replaygain_track_gain":["-11.8299999237061 dB"],"replaygain_track_peak":["1"],"script":["Latn"],"title":["Flyin’ High"],"totaldiscs":["1"],"totaltracks":["10"],"tracknumber":["7"],"tracktotal":["10"]},"version":{"essentia":"2.1-beta1","essentia_build_sha":"ca57ba49d9b1854bd80e60cf9ccf267278fb7d6b","essentia_git_sha":"v2.1_beta1-28-g21ef5f4-dirty","extractor":"music 1.0"}},"rhythm":{"beats_count":505,"beats_loudness":{"dmean":0.01909519732,"dmean2":0.0338332876563,"dv