{"lowlevel":{"average_loudness":0.970497906208,"barkbands":{"dmean":[0.00018056933186,0.00596405286342,0.00363455340266,0.000985831953585,0.00103435025085,0.00148822343908,0.000884171342477,0.000422379845986,0.000939362391364,0.000472868705401,0.000350722722942,0.000358203949872,0.000335784367053,0.000454578432254,0.000341913750162,0.000425796897616,0.00050456932513,0.00041243591113,0.000423200952355,0.000375117175281,0.000196610795683,0.000142535034684,0.00011076163355,0.0000753850254114,0.0000484606462123,0.0000178903846972,0.00000131127899294],"dmean2":[0.000307199516101,0.00962408818305,0.00638978369534,0.00172168412246,0.00172427261714,0.0023881138768,0.00137489812914,0.000687572639436,0.00146267306991,0.000744926393963,0.000572417629883,0.000579059589654,0.000544796406757,0.000745955796447,0.0005676652072,0.000710260705091,0.000846210634336,0.000689108448569,0.000702449062373,0.000618249177933,0.00031250299071,0.000215858468437,0.000165526595083,0.000112860783702,0.0000708240186214,0.0000279783434962,0.00000224071868615],"dvar":[1.31712425855e-7,0.0000899957522051,0.0000338436839229,0.00000278145876109,0.00000239800237978,0.00000892414027476,0.00000165266874319,3.92542347072e-7,0.00000336660173161,8.73012027114e-7,2.59164636418e-7,3.54412009074e-7,3.51401553189e-7,5.85667521591e-7,3.42221142091e-7,2.85893378305e-7,3.6635486822e-7,2.90184772211e-7,2.24162619133e-7,1.75322597329e-7,5.37543591861e-8,4.13224974238e-8,5.10475963722e-8,4.62089104758e-8,2.13326227794e-8,2.22473395262e-9,3.42723106839e-11],"dvar2":[3.39500303426e-7,0.000210201149457,0.0000969429747784,0.00000768856352806,0.00000615167709839,0.000022476328013,0.0000036066071516,9.39682138323e-7,0.00000702439683664,0.0000018413276166,6.52279368296e-7,8.26554696687e-7,8.56501571889e-7,0.00000141749001159,8.35373725749e-7,7.41663711779e-7,9.50128026034e-7,7.18542594313e-7,5.82382540415e-7,4.32443414411e-7,1.27562444163e-7,9.30977606117e-8,1.09918957492e-7,9.47622780245e-8,4.53928095112e-8,5.68896663111e-9,9.50819076251e-11],"max":[0.00451728701591,0.0809508934617,0.0616974271834,0.015640001744,0.0275947339833,0.0470138713717,0.0335014387965,0.0139694660902,0.0359979718924,0.0250278543681,0.0101721063256,0.0180592667311,0.011491115205,0.0189536958933,0.012523252517,0.0113273225725,0.0135873248801,0.0132012749091,0.00996712129563,0.0115136019886,0.00357483141124,0.003767170012,0.00697393110022,0.00519684096798,0.00391837442294,0.00114011706319,0.000270506454399],"mean":[0.000152592678205,0.00780509086326,0.00463672121987,0.00102564005647,0.00170863978565,0.00258886255324,0.00180606963113,0.000740691262763,0.00159461668227,0.000799428089522,0.000621540704742,0.000636163400486,0.00058375793742,0.000775145483203,0.000606148852967,0.000849299074616,0.00113116169814,0.000993729103357,0.00110222899821,0.00101615593303,0.000526575837284,0.000359332276275,0.000264953414444,0.000181094044819,0.000108405925857,0.0000236591095018,0.00000121657762975],"median":[0.0000378201584681,0.00388855324127,0.00292878737673,0.000473571330076,0.000993088586256,0.00132483989,0.00119690853171,0.000475902692415,0.000790289836004,0.000388334679883,0.000447239290224,0.000417549919803,0.000346081797034,0.00051457103109,0.000449069426395,0.000699257245287,0.00096841249615,0.000816067331471,0.000948517699726,0.00092265533749,0.000425639154855,0.000231313577387,0.000143207027577,0.000101149198599,0.0000690511224093,0.00000983483187156,2.13038447328e-7],"min":[3.50765374481e-25,2.84281764971e-24,1.09603989045e-24,1.77039891717e-24,9.6550965998e-24,5.30455395106e-24,1.02282663675e-23,2.95528397125e-24,1.37624263317e-23,1.3002356483e-23,1.37055873258e-23,1.98691532158e-23,2.58402607107e-23,2.41646286402e-23,4.11841874966e-23,6.04976986452e-23,7.71311589979e-23,9.44759320734e-23,1.15141632855e-22,1.91888988934e-22,2.50240058217e-22,3.28446238991e-22,4.14997154504e-22,5.316993688e-22,8.55294151089e-22,1.22044309664e-21,2.01476095033e-21],"var":[1.09089128841e-7,0.000109298525786,0.0000315267170663,0.00000237109384216,0.00000464802587885,0.0000166945264937,0.00000526614257979,7.91306547399e-7,0.00000699193788023,0.00000196449809664,4.86638725761e-7,6.8637024242e-7,6.69487747018e-7,9.69348548097e-7,4.97010034906e-7,5.07831373397e-7,7.79241247528e-7,7.76504691657e-7,6.19023182935e-7,4.2691843305e-7,1.64030595329e-7,1.35129113232e-7,1.30831210754e-7,8.82389130652e-8,3.71784842912e-8,2.41349362717e-9,2.4416944161e-11]},"barkbands_crest":{"dmean":2.82765865326,"dmean2":4.48499822617,"dvar":7.82229614258,"dvar2":18.273475647,"max":23.5329799652,"mean":8.00738239288,"median":7.08673286438,"min":2.18067789078,"var":14.8475093842},"barkbands_flatness_db":{"dmean":0.0181846860796,"dmean2":0.0279809664935,"dvar":0.000317561149132,"dvar2":0.000744766090065,"max":0.272025167942,"mean":0.0883729159832,"median":0.0848662406206,"min":0.0175108667463,"var":0.00079780863598},"barkbands_kurtosis":{"dmean":1.15896880627,"dmean2":1.91903078556,"dvar":4.08825540543,"dvar2":10.3370819092,"max":27.574798584,"mean":0.00473522907123,"median":-0.733612537384,"min":-1.93013060093,"var":4.71498441696},"barkbands_skewness":{"dmean":0.469272106886,"dmean2":0.723847210407,"dvar":0.257640719414,"dvar2":0.588765323162,"max":4.97168970108,"mean":0.771899104118,"median":0.686605811119,"min":-2.40747284889,"var":0.615410685539},"barkbands_spread":{"dmean":6.60768795013,"dmean2":10.3220129013,"dvar":47.7948989868,"dvar2":112.982032776,"max":104.901229858,"mean":38.6806221008,"median":38.2982635498,"min":6.60584545135,"var":144.123321533},"dissonance":{"dmean":0.00825891271234,"dmean2":0.0139806605875,"dvar":0.0000637344637653,"dvar2":0.000174002183485,"max":0.500000059605,"mean":0.485393941402,"median":0.487604260445,"min":0.322461813688,"var":0.000114077214675},"dynamic_complexity":2.21673059464,"erbbands":{"dmean":[0.165619120002,1.46099197865,4.21242237091,3.21615099907,4.03558015823,3.05513906479,5.43779850006,15.8424825668,14.2132501602,9.64601612091,9.82668590546,20.893239975,17.1607646942,12.673491478,13.5442991257,13.3623867035,13.9630336761,15.5086021423,21.7972068787,15.9197130203,24.9384765625,29.0458965302,22.9215297699,17.9587135315,21.3587760925,17.7476768494,10.817440033,6.06101799011,5.42757844925,4.46868038177,2.90112328529,1.92647385597,1.10187578201,0.675740420818,0.300459086895,0.11444658041,0.0249504074454,0.00319115049206,0.000227949203691,0.0000152521242853],"dmean2":[0.26484772563,2.44564795494,7.34527111053,5.79021549225,6.77736282349,5.16737174988,8.64842891693,25.4247970581,22.1267433167,15.5567464828,15.798576355,32.3170318604,26.2584476471,20.1858291626,22.2740421295,21.4544754028,22.4424591064,25.0496368408,35.9745826721,25.957611084,41.7804679871,48.7969360352,38.2662239075,29.8167915344,35.4390602112,29.3819179535,17.3060188293,9.37609481812,8.34422397614,6.66065645218,4.36592721939,2.90338730812,1.66465449333,1.01533222198,0.439961373806,0.173319533467,0.0404378026724,0.00521665485576,0.000388870277675,0.000024358410883],"dvar":[0.092984251678,5.36694908142,43.34740448,34.2415733337,35.3143348694,25.1837005615,87.1060409546,1208.05432129,472.011291504,245.251220703,265.086151123,2152.34155273,1254.5703125,317.674530029,452.366149902,572.339782715,551.850585938,1000.75616455,917.645202637,686.48840332,1000.87054443,1349.02124023,1105.02563477,416.999267578,543.70526123,406.220184326,143.802841187,70.1691055298,56.9657402039,57.0592460632,38.4472198486,22.5128211975,13.2500963211,4.20802688599,0.847755730152,0.0887476503849,0.00491936411709,0.000131642591441,7.22582399248e-7,6.12430384184e-10],"dvar2":[0.21474699676,13.5499658585,123.388885498,97.819190979,89.5271606445,63.3661651611,199.845932007,3053.74487305,1037.14819336,547.29083252,628.168212891,4561.69726562,2525.41186523,773.858825684,1134.1907959,1363.01062012,1300.56408691,2289.28076172,2338.08422852,1575.31640625,2627.29492188,3443.00292969,2672.76806641,1079.55822754,1429.02075195,1023.81445312,351.743530273,166.210617065,130.995803833,122.871734619,84.2106552124,46.6225891113,28.4163150787,9.19709873199,1.82838439941,0.218727469444,0.0129659213126,0.00035822603968,0.00000191486333279,1.50996026793e-9],"max":[3.33143568039,20.5078048706,74.9211273193,52.4356994629,88.6360855103,106.12247467,198.240142822,570.09185791,592.11730957,384.753234863,346.631530762,1099.69567871,787.012939453,343.984161377,593.039916992,851.553466797,460.974456787,962.421325684,776.290771484,630.414367676,752.249145508,921.123413086,894.854614258,418.85824585,409.761749268,628.78326416,167.292633057,207.783462524,115.496139526,202.625854492,197.179779053,147.056549072,110.410575867,49.490852356,28.8246059418,7.42277050018,1.69153141975,0.476725459099,0.0293042380363,0.000514032493811],"mean":[0.181408643723,1.91339218616,5.70126247406,3.76979613304,5.47307634354,4.87061405182,9.48486995697,26.9375782013,29.3211193085,18.7683334351,18.5178165436,34.7074661255,30.6885356903,25.2906551361,24.6904087067,25.3915729523,26.753408432,29.8442687988,41.8956108093,32.6675567627,54.0937232971,67.4556732178,57.4608840942,50.1031761169,57.5251579285,48.0890693665,29.3945884705,16.1088733673,13.2868871689,10.862953186,6.88390254974,4.49258232117,2.54177975655,1.50533163548,0.620016992092,0.171709656715,0.0310546904802,0.00381997134537,0.000237720189034,0.0000495057975058],"median":[0.0679706782103,1.02064597607,3.74564695358,2.40827608109,2.88589859009,2.82483100891,5.40745925903,12.5649967194,18.1316356659,13.3735313416,12.9723367691,15.9512405396,14.2726345062,17.6036968231,16.9621429443,17.1503982544,16.6189193726,20.0789642334,32.1149101257,25.59623909,45.8745765686,57.8235244751,47.4053001404,43.384185791,50.5774230957,43.9462966919,26.1290283203,11.3620767593,8.76378822327,5.98211765289,3.68675756454,2.3885781765,1.48161995411,0.951164841652,0.370830416679,0.0811551213264,0.0117879295722,0.00130820344202,0.0000674776092637,0.0000467994977953],"min":[9.17205734601e-23,9.76709058298e-22,1.77251375702e-21,7.17013564334e-21,1.64004049919e-20,4.3889831717e-20,3.53836006672e-20,7.49176252943e-20,1.25180512046e-19,1.58459138387e-19,2.05778418918e-19,3.61445047256e-19,3.74684228057e-19,7.19408956604e-19,8.22885528921e-19,1.23259072296e-18,1.55717184583e-18,1.32764928498e-18,1.36107834187e-18,3.94656638364e-18,4.15771953783e-18,4.47443789539e-18,4.92599620537e-18,6.27570267497e-18,7.8270550984e-18,7.93928613673e-18,1.01857217376e-17,9.57286114022e-18,1.04459726106e-17,1.24570538206e-17,1.19162067401e-17,1.16121707157e-17,8.5990412574e-18,8.89424382004e-18,6.01319483963e-18,3.82801775338e-18,2.29133641209e-18,9.68238998629e-19,2.67638319697e-19,2.71498060757e-20],"var":[0.0979818552732,6.0123052597,42.6637420654,24.9737281799,49.4606246948,43.1721191406,183.257003784,2167.2265625,1490.32446289,509.477661133,462.262390137,4133.92333984,3040.48852539,759.151977539,827.331176758,1054.93847656,1228.63977051,1798.02905273,1625.63452148,1245.16088867,1816.83728027,2859.93920898,2852.68530273,1304.45471191,1504.37634277,921.989685059,380.307647705,227.275375366,171.355178833,184.944274902,90.4008483887,48.2182731628,21.2738189697,6.91917943954,1.44031155109,0.112925045192,0.00466279964894,0.000107649808342,6.03210423833e-7,9.43420896959e-10]},"erbbands_crest":{"dmean":1.67994391918,"dmean2":2.75718927383,"dvar":3.16095638275,"dvar2":7.62419128418,"max":24.748336792,"mean":6.05394172668,"median":5.32348537445,"min":2.45154261589,"var":6.74814128876},"erbbands_flatness_db":{"dmean":0.0126013485715,"dmean2":0.0188133232296,"dvar":0.00012788681488,"dvar2":0.000271520228125,"max":0.247566074133,"mean":0.136705681682,"median":0.135724440217,"min":0.0609476231039,"var":0.000531537807547},"erbbands_kurtosis":{"dmean":0.578290939331,"dmean2":0.932895362377,"dvar":0.757866919041,"dvar2":1.80094003677,"max":21.3958835602,"mean":-0.0472865253687,"median":-0.260190844536,"min":-1.68195402622,"var":1.58627653122},"erbbands_skewness":{"dmean":0.246631607413,"dmean2":0.38799226284,"dvar":0.0475982613862,"dvar2":0.11527595669,"max":1.85929822922,"mean":-0.492716342211,"median":-0.586337924004,"min":-3.37421274185,"var":0.284598857164},"erbbands_spread":{"dmean":6.68008565903,"dmean2":10.6164369583,"dvar":46.5039100647,"dvar2":113.498718262,"max":109.746795654,"mean":40.156337738,"median":38.6509857178,"min":10.7758760452,"var":130.601638794},"gfcc":{"cov":[[28935.3164062,1759.22265625,-2197.64550781,838.005859375,-1244.16833496,286.558746338,-699.444152832,205.927963257,-435.391448975,50.3718910217,-237.990142822,62.4794845581,-121.9088974],[1759.22265625,637.720703125,-300.761444092,29.2670917511,23.0068435669,-22.0073852539,20.8903827667,51.7418022156,14.7261657715,-13.3212995529,53.5133743286,-53.2398071289,67.7453384399],[-2197.64550781,-300.761444092,540.666503906,-40.8153877258,95.2375106812,9.82538795471,40.2385940552,-52.0030670166,33.2481002808,8.13972187042,-14.5012331009,43.5941047668,-14.1262493134],[838.005859375,29.2670917511,-40.8153877258,248.900939941,-4.34935855865,39.9537734985,-13.8402318954,15.855553627,12.465719223,-7.20458936691,8.26226711273,-8.70095348358,-3.82146120071],[-1244.16833496,23.0068435669,95.2375106812,-4.34935855865,187.083374023,-0.179228782654,73.0402069092,17.366186142,31.3875675201,9.20969200134,28.1087684631,-15.0530738831,22.7450256348],[286.558746338,-22.0073852539,9.82538795471,39.9537734985,-0.179228782654,99.5087890625,33.1327285767,22.9923152924,5.11743116379,9.29002285004,4.38063144684,-1.02536737919,-12.8169593811],[-699.444152832,20.8903827667,40.2385940552,-13.8402318954,73.0402069092,33.1327285767,115.898834229,31.4437122345,32.6215744019,-3.82572436333,24.0916404724,-9.48784828186,5.64381122589],[205.927963257,51.7418022156,-52.0030670166,15.855553627,17.366186142,22.9923152924,31.4437122345,93.1469802856,28.0275402069,21.4558773041,15.4302215576,-7.23089075089,11.6348590851],[-435.391448975,14.7261657715,33.2481002808,12.465719223,31.3875675201,5.11743116379,32.6215744019,28.0275402069,80.6158676147,23.6790790558,25.6398925781,-4.72767353058,13.5280399323],[50.3718910217,-13.3212995529,8.13972187042,-7.20458936691,9.20969200134,9.29002285004,-3.82572436333,21.4558773041,23.6790790558,63.4261436462,21.7041454315,12.5709676743,-0.264585733414],[-237.990142822,53.5133743286,-14.5012331009,8.26226711273,28.1087684631,4.38063144684,24.0916404724,15.4302215576,25.6398925781,21.7041454315,69.3751068115,10.09171772,22.5628395081],[62.4794845581,-53.2398071289,43.5941047668,-8.70095348358,-15.0530738831,-1.02536737919,-9.48784828186,-7.23089075089,-4.72767353058,12.5709676743,10.09171772,54.0085487366,7.16914653778],[-121.9088974,67.7453384399,-14.1262493134,-3.82146120071,22.7450256348,-12.8169593811,5.64381122589,11.6348590851,13.5280399323,-0.264585733414,22.5628395081,7.16914653778,57.9729423523]],"icov":[[0.000140841002576,-0.000459641334601,0.00023289922683,-0.000349180510966,0.000518259883393,-0.000428494124208,0.000319992017467,-0.000186880337424,0.000382275698939,-0.00043664718396,0.000675134651829,-0.000725108373445,0.000311023526592],[-0.000459641334601,0.00428170384839,0.000558629340958,0.00103986065369,-0.00194333982654,0.00179102865513,-0.00136933464091,0.000435763387941,-0.00121944397688,0.0018702421803,-0.00347756687552,0.00434520095587,-0.00345188146457],[0.00023289922683,0.000558629340958,0.00393011095002,-0.000260541855823,-0.00117725960445,-0.00123988639098,0.000138903298648,0.00168662134092,-0.00146909139585,-0.000363604631275,0.00237704231404,-0.00358529645018,0.000472567480756],[-0.000349180510966,0.00103986065369,-0.000260541855823,0.0057863262482,-0.00211626430973,-0.00169517821632,0.00197580759414,-0.000219176537939,-0.0027464190498,0.00360190495849,-0.00284995744005,0.00169002439361,0.000233178740018],[0.000518259883393,-0.00194333982654,-0.00117725960445,-0.00211626430973,0.0113648613915,0.000703533471096,-0.00450409715995,-0.000778573856223,0.00303913792595,-0.00454852543771,0.00111330824438,0.00178268866148,-0.00215789675713],[-0.000428494124208,0.00179102865513,-0.00123988639098,-0.00169517821632,0.000703533471096,0.015516821295,-0.00701681524515,-0.00157679524273,0.00153369107284,-0.00204555387609,-0.00199555256404,0.00291351694614,0.000795348605607],[0.000319992017467,-0.00136933464091,0.000138903298648,0.00197580759414,-0.00450409715995,-0.00701681524515,0.0186895895749,-0.00451833568513,-0.00412080995739,0.00701477192342,-0.00297365058213,-0.00221480475739,0.00416512554511],[-0.000186880337424,0.000435763387941,0.00168662134092,-0.000219176537939,-0.000778573856223,-0.00157679524273,-0.00451833568513,0.0164539925754,-0.00361617119052,-0.00495110591874,0.00149412767496,0.00141213973984,-0.00334606831893],[0.000382275698939,-0.00121944397688,-0.00146909139585,-0.0027464190498,0.00303913792595,0.00153369107284,-0.00412080995739,-0.00361617119052,0.0209445375949,-0.00831490382552,-0.00152558495756,0.00318763940595,-0.00276233348995],[-0.00043664718396,0.0018702421803,-0.000363604631275,0.00360190495849,-0.00454852543771,-0.00204555387609,0.00701477192342,-0.00495110591874,-0.00831490382552,0.0269817132503,-0.00922779832035,-0.00343128596433,0.00476737553254],[0.000675134651829,-0.00347756687552,0.00237704231404,-0.00284995744005,0.00111330824438,-0.00199555256404,-0.00297365058213,0.00149412767496,-0.00152558495756,-0.00922779832035,0.0266850441694,-0.00908281188458,-0.00396213401109],[-0.000725108373445,0.00434520095587,-0.00358529645018,0.00169002439361,0.00178268866148,0.00291351694614,-0.00221480475739,0.00141213973984,0.00318763940595,-0.00343128596433,-0.00908281188458,0.031066481024,-0.00855406280607],[0.000311023526592,-0.00345188146457,0.000472567480756,0.000233178740018,-0.00215789675713,0.000795348605607,0.00416512554511,-0.00334606831893,-0.00276233348995,0.00476737553254,-0.00396213401109,-0.00855406280607,0.0266224890947]],"mean":[25.6503601074,75.4483566284,-133.00718689,55.3980865479,-58.0736312866,14.7632713318,-35.4605484009,19.6766414642,-20.685880661,6.82027244568,-10.5921068192,-0.788316786289,-7.95588445663]},"hfc":{"dmean":6.05253124237,"dmean2":9.07323169708,"dvar":49.7387313843,"dvar2":103.752555847,"max":160.356796265,"mean":34.8417625427,"median":34.8983001709,"min":1.08263641885e-16,"var":243.444335938},"melbands":{"dmean":[0.00154463702347,0.00203821342438,0.000583324115723,0.000257451814832,0.000165680743521,0.000329582864651,0.000200911483262,0.000102134428744,0.0000932495313464,0.000138268049341,0.0000876868434716,0.0000543115165783,0.0000434093199146,0.0000404301426897,0.0000426750375482,0.000031613803003,0.0000321848201565,0.0000423473429692,0.0000267268806056,0.0000225424391829,0.0000334818396368,0.0000338186800946,0.0000244865059358,0.0000213773491851,0.0000161211519298,0.0000194855128939,0.0000161224052135,0.0000125955439216,0.00000847246610647,0.00000518634078617,0.00000365079063158,0.00000337293499797,0.00000288623164124,0.00000268934309133,0.00000196093242266,0.00000138035784403,0.00000122111168821,8.47969374718e-7,7.34233992716e-7,5.83216717587e-7],"dmean2":[0.00245955702849,0.00350751774386,0.0010288991034,0.000432999251643,0.000264453410637,0.000528440752532,0.000313706346788,0.000163512828294,0.000148515289766,0.00021351617761,0.00013489984849,0.0000864675675984,0.0000711421744199,0.0000660336954752,0.0000684220285621,0.0000515146020916,0.0000521786023455,0.0000700895907357,0.0000443197859568,0.0000373998846044,0.0000563268476981,0.000056965098338,0.0000412181034335,0.0000358840406989,0.0000269653737632,0.0000327178058797,0.0000269239208137,0.000021000396373,0.0000137748538691,0.0000084167404566,0.00000574683144805,0.00000524302731719,0.00000445183968623,0.00000407726292906,0.0000030346868698,0.00000211583733289,0.00000190180458048,0.00000129340207877,0.00000114667147955,8.89518446456e-7],"dvar":[0.00000673272461427,0.000009804972251,9.36756350711e-7,1.50644140717e-7,7.25355491227e-8,4.79477648696e-7,8.64439613224e-8,2.43041071712e-8,2.98918472197e-8,8.73855299233e-8,3.23081579268e-8,6.23908924524e-9,4.30396562834e-9,4.37403491205e-9,5.67742386437e-9,3.88683885078e-9,4.63542537688e-9,3.77288156272e-9,2.57111709701e-9,9.80040160137e-10,1.83008075361e-9,1.79750891949e-9,9.3763175002e-10,8.87533602167e-10,3.64134777886e-10,4.91572837991e-10,3.62758795225e-10,1.96860056034e-10,8.9379580126e-11,4.04379134344e-11,2.8755007056e-11,2.29281055947e-11,1.78762109282e-11,2.37648685453e-11,1.63726688457e-11,1.09003153725e-11,8.98041276759e-12,7.79259642925e-12,4.90884589921e-12,2.94196394676e-12],"dvar2":[0.0000151440635818,0.0000271744611382,0.00000265259632215,3.86272347441e-7,1.67977432852e-7,0.00000121513050999,1.9256503947e-7,5.47596599176e-8,6.79849279095e-8,1.84923663937e-7,6.54005702927e-8,1.48902010721e-8,1.08554418787e-8,1.06686055545e-8,1.29965656015e-8,9.49697653851e-9,1.0652757787e-8,9.56593293466e-9,6.22894757996e-9,2.40895214887e-9,4.83203477231e-9,4.63754590285e-9,2.40165776155e-9,2.24581553354e-9,9.44462064112e-10,1.29206956245e-9,9.09022135342e-10,5.14337961111e-10,2.28647378808e-10,1.00982833207e-10,6.87358989171e-11,5.54135869135e-11,4.05212079169e-11,5.31453873964e-11,3.8001490843e-11,2.38326077623e-11,1.89355944119e-11,1.68332188466e-11,1.13376408956e-11,6.47300399045e-12],"max":[0.0259097255766,0.0334401465952,0.00817232951522,0.00735864788294,0.00541044492275,0.0111071337014,0.00785289052874,0.00342459604144,0.00360775832087,0.00698528299108,0.00410939380527,0.00141614617314,0.00151700642891,0.00128620164469,0.00179851124994,0.00128299219068,0.00218476518057,0.0017379069468,0.00102646811865,0.000690473185387,0.00100094929803,0.000927699089516,0.000681149249431,0.000619725964498,0.000389837514376,0.000381655292585,0.000488941092044,0.000346031913068,0.000119492491649,0.0000981346238405,0.000117173847684,0.0000676451963955,0.0000895713747013,0.000122431156342,0.000114781600132,0.000116166578664,0.0000758684327593,0.0000839106505737,0.0000633404852124,0.0000374652554456],"mean":[0.00190280121751,0.00288840709254,0.000752336403821,0.00038931472227,0.000301778985886,0.000584331748541,0.000419121817686,0.000189399317605,0.000160870607942,0.000228324031923,0.00015183762298,0.000103134807432,0.0000785882803029,0.0000703365803929,0.0000725701756892,0.0000533429010829,0.0000558480751351,0.0000741469630157,0.0000455853478343,0.0000441830852651,0.0000666532941977,0.0000709717642167,0.0000561984415981,0.000047319681471,0.0000388006774301,0.0000453991633549,0.0000379126468033,0.0000304241639242,0.0000202901574085,0.0000121314787975,0.00000840892244014,0.00000749990658733,0.00000658278258925,0.00000592393780607,0.0000041766047616,0.00000305542585011,0.00000260364799942,0.00000177342087682,0.00000154935980845,0.00000119239996366],"median":[0.000852660392411,0.00194622203708,0.000510252313688,0.000218710236368,0.000182075717021,0.000298637984088,0.000271919270745,0.000130178552354,0.000103657017462,0.000102452751889,0.0000692938192515,0.0000691135210218,0.0000559631771466,0.0000468950238428,0.0000398972224502,0.0000291607175313,0.0000352997049049,0.0000530114666617,0.0000318593702104,0.0000353558425559,0.0000545815419173,0.0000597406360612,0.0000472866013297,0.0000373218717868,0.0000329060349031,0.0000381064528483,0.0000327713642037,0.0000273452678812,0.0000176507601282,0.00000982704659691,0.00000519526338394,0.00000485302325615,0.00000410642223869,0.00000310157702188,0.00000224416999117,0.00000158937814376,0.00000137116444421,0.00000100499778455,9.5325606253e-7,7.34934985758e-7],"min":[1.32401586028e-24,1.40145517991e-24,2.50232713922e-24,2.00415181403e-24,1.82091401967e-24,1.32720502771e-24,2.32973364227e-24,1.74099925453e-24,1.84319697366e-24,2.41603127822e-24,2.01540649256e-24,2.38445790934e-24,2.43139454156e-24,2.41852979792e-24,2.9063237136e-24,2.57483706426e-24,2.05942177563e-24,1.77195277594e-24,3.62677933428e-24,4.06581119361e-24,3.85638163948e-24,3.94584201601e-24,4.59587523483e-24,3.75481934781e-24,4.44634231151e-24,4.6347187458e-24,4.49599400574e-24,4.34180206992e-24,5.80714709453e-24,5.52010033265e-24,4.42479457588e-24,5.05681849466e-24,5.10306704295e-24,6.00766843689e-24,5.97935424685e-24,6.28543977226e-24,5.36666530886e-24,5.6332442857e-24,6.96583506402e-24,7.30428005819e-24],"var":[0.00000792235096014,0.0000101093537523,7.59856732202e-7,2.5406816917e-7,1.61036652457e-7,8.78132823345e-7,2.72889081998e-7,5.30578780911e-8,4.9211653419e-8,1.76139948849e-7,7.67011130165e-8,1.47816070495e-8,7.89664778011e-9,7.84365195017e-9,1.14637677129e-8,6.86906842517e-9,7.64139507226e-9,6.40759578729e-9,3.73794595276e-9,1.74144432208e-9,3.12312642414e-9,3.45171957683e-9,2.16127626906e-9,2.03131222953e-9,9.23663812102e-10,1.16356935198e-9,7.86375631279e-10,3.95866922576e-10,2.01097291597e-10,9.4908400583e-11,8.77147660061e-11,5.84916629021e-11,5.18850969133e-11,6.60611079728e-11,3.41585232322e-11,2.19751751518e-11,1.7665761215e-11,1.20516296595e-11,7.00313982152e-12,4.83942703619e-12]},"melbands_crest":{"dmean":3.84103941917,"dmean2":6.13771486282,"dvar":10.6616334915,"dvar2":25.1293373108,"max":31.7291851044,"mean":13.8115415573,"median":13.4321022034,"min":1.59273934364,"var":28.350774765},"melbands_flatness_db":{"dmean":0.026370184496,"dmean2":0.0400908626616,"dvar":0.000699007243384,"dvar2":0.0015344650019,"max":0.354638278484,"mean":0.132341444492,"median":0.128120392561,"min":0.00266246660613,"var":0.00197611702606},"melbands_kurtosis":{"dmean":4.80346918106,"dmean2":7.77146100998,"dvar":72.369430542,"dvar2":172.720916748,"max":150.872421265,"mean":6.32024908066,"median":3.68799567223,"min":-1.83631181717,"var":84.7224884033},"melbands_skewness":{"dmean":0.715766489506,"dmean2":1.11230885983,"dvar":0.690721809864,"dvar2":1.56085205078,"max":11.4762935638,"mean":2.19267630577,"median":2.00038456917,"min":-0.379119157791,"var":1.36538398266},"melbands_spread":{"dmean":11.7862768173,"dmean2":18.3143348694,"dvar":179.009368896,"dvar2":388.973693848,"max":209.56539917,"mean":43.270816803,"median":40.3122634888,"min":3.53619456291,"var":494.180267334},"mfcc":{"cov":[[11338.7900391,1309.36254883,-206.06401062,366.40335083,-92.4755706787,-7.9492020607,-20.9180831909,35.9107322693,-50.7083625793,-11.4690923691,-56.0560836792,-6.88563203812,26.1325759888],[1309.36254883,665.369628906,-193.161819458,52.9216461182,8.96007442474,-52.9015731812,51.8803215027,-5.68432235718,37.1607055664,17.8693561554,5.9290599823,20.3868103027,24.0300159454],[-206.06401062,-193.161819458,290.756347656,10.4970750809,15.0022993088,57.0783195496,-39.2010574341,12.7562150955,-19.0795021057,-7.17129850388,-0.611909210682,-12.4341983795,-6.31808662415],[366.40335083,52.9216461182,10.4970750809,174.246688843,57.5749778748,15.1360712051,10.7689933777,14.1779518127,17.3208179474,3.53884887695,2.82323026657,10.9854860306,14.1064167023],[-92.4755706787,8.96007442474,15.0022993088,57.5749778748,89.6496047974,15.3000545502,15.0879535675,-1.27699303627,18.2686672211,9.18904876709,5.13838148117,8.44528102875,13.0342941284],[-7.9492020607,-52.9015731812,57.0783195496,15.1360712051,15.3000545502,87.0394668579,17.6744232178,16.6219844818,-5.97327327728,8.80405712128,7.77340841293,1.7518683672,-4.45236778259],[-20.9180831909,51.8803215027,-39.2010574341,10.7689933777,15.0879535675,17.6744232178,90.5560684204,32.3315391541,17.2584342957,11.8634681702,12.6330156326,16.4665927887,7.23782539368],[35.9107322693,-5.68432235718,12.7562150955,14.1779518127,-1.27699303627,16.6219844818,32.3315391541,66.1570587158,22.1393928528,14.8523159027,7.54400444031,8.9040517807,3.45536661148],[-50.7083625793,37.1607055664,-19.0795021057,17.3208179474,18.2686672211,-5.97327327728,17.2584342957,22.1393928528,59.2101364136,30.2865848541,11.6750650406,7.20101690292,6.0607085228],[-11.4690923691,17.8693561554,-7.17129850388,3.53884887695,9.18904876709,8.80405712128,11.8634681702,14.8523159027,30.2865848541,60.9229240417,28.3977031708,12.4696617126,2.92858552933],[-56.0560836792,5.9290599823,-0.611909210682,2.82323026657,5.13838148117,7.77340841293,12.6330156326,7.54400444031,11.6750650406,28.3977031708,50.2442893982,24.5003738403,9.83915138245],[-6.88563203812,20.3868103027,-12.4341983795,10.9854860306,8.44528102875,1.7518683672,16.4665927887,8.9040517807,7.20101690292,12.4696617126,24.5003738403,48.0495262146,25.1889724731],[26.1325759888,24.0300159454,-6.31808662415,14.1064167023,13.0342941284,-4.45236778259,7.23782539368,3.45536661148,6.0607085228,2.92858552933,9.83915138245,25.1889724731,48.5822944641]],"icov":[[0.000138802628499,-0.000304478482576,-0.0000241362249653,-0.000317100231769,0.000305434630718,-0.000140003379784,0.000203593808692,-0.00019262819842,0.000335812743288,-0.000136868606205,0.000154001652845,0.0000622075167485,-0.0000436179834651],[-0.000304478482576,0.00271323602647,0.00108294363599,-0.0000673524991726,-0.000271824304946,0.00093047413975,-0.00135692325421,0.00114048318937,-0.00132375978865,-0.00008631314995,-0.0000824954840937,-0.000109388623969,-0.000494852196425],[-0.0000241362249653,0.00108294363599,0.00534909125417,-0.0000640552170807,-0.00124697876163,-0.00278659304604,0.00292787211947,-0.00211359071545,0.000849206524435,0.00066998321563,-0.000961713958532,0.00112161866855,-0.00054821028607],[-0.000317100231769,-0.0000673524991726,-0.0000640552170807,0.00863594375551,-0.00569632602856,-0.000584679364692,0.000882958120201,-0.00183284259401,-0.00129540078342,0.00161643850151,-0.000213823615923,-0.000935744435992,-0.000245841074502],[0.000305434630718,-0.000271824304946,-0.00124697876163,-0.00569632602856,0.0177789069712,-0.00239627738483,-0.00301305251196,0.00546992663294,-0.00467500183731,-0.000935458811,0.00140134152025,-0.0000268728290393,-0.00309801357798],[-0.000140003379784,0.00093047413975,-0.00278659304604,-0.000584679364692,-0.00239627738483,0.0165041610599,-0.00429920433089,-0.0021232557483,0.00464685400948,-0.00329510192387,-0.000906583853066,0.000228437274927,0.0020534992218],[0.000203593808692,-0.00135692325421,0.00292787211947,0.000882958120201,-0.00301305251196,-0.00429920433089,0.0178701262921,-0.0085344100371,-0.000126113242004,0.00175627984572,-0.00167957495432,-0.00261813797988,0.00065259123221],[-0.00019262819842,0.00114048318937,-0.00211359071545,-0.00183284259401,0.00546992663294,-0.0021232557483,-0.0085344100371,0.0243080835789,-0.00894864276052,-0.00128559244331,0.00196109479293,-0.00223621260375,-0.000366623542504],[0.000335812743288,-0.00132375978865,0.000849206524435,-0.00129540078342,-0.00467500183731,0.00464685400948,-0.000126113242004,-0.00894864276052,0.0302928369492,-0.0132021140307,0.0012630202109,0.00232329871505,-0.00114752643276],[-0.000136868606205,-0.00008631314995,0.00066998321563,0.00161643850151,-0.000935458811,-0.00329510192387,0.00175627984572,-0.00128559244331,-0.0132021140307,0.0300802756101,-0.0142419682816,0.00000875671867107,0.00222640973516],[0.000154001652845,-0.0000824954840937,-0.000961713958532,-0.000213823615923,0.00140134152025,-0.000906583853066,-0.00167957495432,0.00196109479293,0.0012630202109,-0.0142419682816,0.0351110845804,-0.0150266932324,0.000927784771193],[0.0000622075167485,-0.000109388623969,0.00112161866855,-0.000935744435992,-0.0000268728290393,0.000228437274927,-0.00261813797988,-0.00223621260375,0.00232329871505,0.00000875671867107,-0.0150266932324,0.038472443819,-0.0161788277328],[-0.0000436179834651,-0.000494852196425,-0.00054821028607,-0.000245841074502,-0.00309801357798,0.0020534992218,0.00065259123221,-0.000366623542504,-0.00114752643276,0.00222640973516,0.000927784771193,-0.0161788277328,0.0300096217543]],"mean":[-593.008422852,90.7230606079,-10.6085882187,35.8684120178,4.30813312531,0.792219877243,3.20530986786,5.32606887817,2.22751688957,5.57701396942,0.804592549801,3.37229013443,4.4333615303]},"pitch_salience":{"dmean":0.0798305422068,"dmean2":0.12592586875,"dvar":0.00526376347989,"dvar2":0.0124229062349,"max":0.938469827175,"mean":0.579710304737,"median":0.589783787727,"min":0.153939992189,"var":0.0117985820398},"silence_rate_20dB":{"dmean":0,"dmean2":0,"dvar":0,"dvar2":0,"max":1,"mean":1,"median":1,"min":1,"var":0},"silence_rate_30dB":{"dmean":0,"dmean2":0,"dvar":0,"dvar2":0,"max":1,"mean":1,"median":1,"min":1,"var":0},"silence_rate_60dB":{"dmean":0.00142308243085,"dmean2":0.00284656998701,"dvar":0.00142105179839,"dvar2":0.00340775540099,"max":1,"mean":0.0616106987,"median":0,"min":0,"var":0.0578147470951},"spectral_centroid":{"dmean":249.056091309,"dmean2":396.847320557,"dvar":69633.6015625,"dvar2":166567.953125,"max":11946.0029297,"mean":2383.20361328,"median":2350.29516602,"min":727.119628906,"var":1125633.875},"spectral_complexity":{"dmean":4.11526966095,"dmean2":6.46399068832,"dvar":13.0563678741,"dvar2":30.4433059692,"max":63,"mean":38.9608726501,"median":42,"min":0,"var":152.691085815},"spectral_contrast_coeffs":{"dmean":[0.0527779348195,0.0462968498468,0.0374803207815,0.0290338005871,0.0186724662781,0.0159870833158],"dmean2":[0.0884136259556,0.0763964504004,0.0618100911379,0.0484542548656,0.0316187180579,0.0262973736972],"dvar":[0.00188703485765,0.0013096787734,0.000871969386935,0.000504785799421,0.000206535609323,0.000170595871168],"dvar2":[0.0052425134927,0.0035251902882,0.00227698870003,0.0013732498046,0.000588437600527,0.000429458537837],"max":[-0.347179502249,-0.48957040906,-0.548922896385,-0.638148605824,-0.700864315033,-0.642171978951],"mean":[-0.679672658443,-0.752442538738,-0.787396132946,-0.794930160046,-0.800174415112,-0.740133106709],"median":[-0.677303850651,-0.753688097,-0.789464712143,-0.794830679893,-0.798111081123,-0.73404276371],"min":[-0.979089021683,-0.982640743256,-0.979111015797,-0.975936114788,-0.967269897461,-0.964927911758],"var":[0.00547706661746,0.0046326899901,0.00304589909501,0.00175362254959,0.00105461326893,0.00156404799782]},"spectral_contrast_valleys":{"dmean":[0.422502726316,0.326035678387,0.299037754536,0.236854299903,0.163081035018,0.18854726851],"dmean2":[0.687197983265,0.540624141693,0.488092571497,0.38190510869,0.261177510023,0.259325146675],"dvar":[0.128636777401,0.0863223075867,0.0791711881757,0.0568386614323,0.0371950864792,0.0492099747062],"dvar2":[0.305936127901,0.193990036845,0.172670006752,0.111328758299,0.0588784515858,0.0752513036132],"max":[-5.30132913589,-5.01265954971,-5.16670751572,-5.92884349823,-5.4101190567,-7.35749197006],"mean":[-7.31793642044,-6.6539888382,-7.20660972595,-7.32211256027,-6.6482424736,-9.71450328827],"median":[-6.89629650116,-6.20057964325,-6.76480293274,-6.86957216263,-6.20306873322,-9.37283420563],"min":[-28.388753891,-27.9915599823,-27.7073478699,-27.5980644226,-27.570476532,-27.4042778015],"var":[6.1495513916,6.3989443779,6.07150173187,5.95331573486,6.13849306107,4.79219913483]},"spectral_decrease":{"dmean":2.47707632184e-9,"dmean2":3.9905243554e-9,"dvar":1.04619173441e-17,"dvar2":2.56210989107e-17,"max":1.53149226954e-28,"mean":-7.81051046062e-9,"median":-7.39803418526e-9,"min":-3.29452944925e-8,"var":1.80073199255e-17},"spectral_energy":{"dmean":0.00952311977744,"dmean2":0.0153384832665,"dvar":0.000149525047163,"dvar2":0.000367035565432,"max":0.126606673002,"mean":0.0326388664544,"median":0.0315445140004,"min":9.84350421934e-21,"var":0.000272879377007},"spectral_energyband_high":{"dmean":0.000568951538298,"dmean2":0.000822761794552,"dvar":6.71187365242e-7,"dvar2":0.00000129919158098,"max":0.0195150263608,"mean":0.00194957107306,"median":0.00152168807108,"min":7.18094553685e-21,"var":0.00000241546013058},"spectral_energyband_low":{"dmean":0.00844487454742,"dmean2":0.013638112694,"dvar":0.000156899986905,"dvar2":0.000378749915399,"max":0.113143496215,"mean":0.0130487997085,"median":0.00849246792495,"min":1.11953798605e-23,"var":0.00020268264052},"spectral_energyband_middle_high":{"dmean":0.00179999717511,"dmean2":0.00280471355654,"dvar":0.00000339308508046,"dvar2":0.00000795690630184,"max":0.0349270738661,"mean":0.00853439886123,"median":0.00842614099383,"min":1.2358057147e-21,"var":0.0000188976537174},"spectral_energyband_middle_low":{"dmean":0.00337637751363,"dmean2":0.00544138439,"dvar":0.0000159695227921,"dvar2":0.0000409706117352,"max":0.0551942698658,"mean":0.00970365386456,"median":0.00846077129245,"min":1.92961536843e-22,"var":0.0000447889942734},"spectral_entropy":{"dmean":0.0743883401155,"dmean2":0.110864132643,"dvar":0.00484031112865,"dvar2":0.00969804637134,"max":9.82593631744,"mean":7.9813451767,"median":7.9484462738,"min":7.1380572319,"var":0.0632882043719},"spectral_flux":{"dmean":0.0240561515093,"dmean2":0.0382701419294,"dvar":0.00075126014417,"dvar2":0.00170595699456,"max":0.281405031681,"mean":0.102044835687,"median":0.0980223044753,"min":6.51517659267e-11,"var":0.00184476259165},"spectral_kurtosis":{"dmean":0.850874125957,"dmean2":1.44750416279,"dvar":0.863205134869,"dvar2":2.29932284355,"max":41.6605682373,"mean":3.15543937683,"median":3.0467402935,"min":-1.24787569046,"var":1.99533498287},"spectral_rms":{"dmean":0.000760205555707,"dmean2":0.00120411638636,"dvar":7.5663200505e-7,"dvar2":0.00000179838730219,"max":0.011113896966,"mean":0.00537123996764,"median":0.00554753374308,"min":3.09893842358e-12,"var":0.00000299269777315},"spectral_rolloff":{"dmean":691.431396484,"dmean2":1090.90673828,"dvar":734091,"dvar2":1512840.625,"max":19422.9492188,"mean":2809.81762695,"median":2670.1171875,"min":86.1328125,"var":4694480},"spectral_skewness":{"dmean":0.131383657455,"dmean2":0.217008456588,"dvar":0.0149236600846,"dvar2":0.0380356945097,"max":4.52989196777,"mean":1.09918034077,"median":1.10250473022,"min":-0.0996399596334,"var":0.0618637017906},"spectral_spread":{"dmean":353020,"dmean2":535199.75,"dvar":389525143552,"dvar2":765372661760,"max":42189456,"mean":4505803,"median":4015134.5,"min":2053715.25,"var":15918896775200},"spectral_strongpeak":{"dmean":0.426886260509,"dmean2":0.738672018051,"dvar":0.684540271759,"dvar2":1.72863280773,"max":11.2105293274,"mean":0.643553674221,"median":0.361976742744,"min":0,"var":0.831646442413},"zerocrossingrate":{"dmean":0.0118224928156,"dmean2":0.0137991923839,"dvar":0.00015781444381,"dvar2":0.000221334033995,"max":0.52197265625,"mean":0.0909365490079,"median":0.08203125,"min":0.021484375,"var":0.00289618619718}},"metadata":{"audio_properties":{"analysis_sample_rate":44100,"bit_rate":185111,"codec":"mp3","downmix":"mix","equal_loudness":0,"length":163.160812378,"lossless":false,"md5_encoded":"6c4f85ac0f112e4990d91a203fde18f0","replay_gain":-13.9192771912,"sample_rate":44100},"tags":{"acoustid_id":["6a613a21-190f-45df-963e-b7f8b19b2c16"],"album":["Ace of Spades"],"albumartist":["Motörhead"],"albumartistsort":["Motörhead"],"artist":["Motörhead"],"artistsort":["Motörhead"],"asin":["B001G5SDRU"],"barcode":["0602517855687"],"catalognumber":["0602517855687"],"composer":["Eddie Clarke","Phil Taylor","Lemmy Kilmister"],"date":["2008-11-17"],"discnumber":["1/2"],"file_name":"07 - Fire, Fire.mp3","label":["Sanctuary Records"],"media":["CD"],"musicbrainz album release country":["XE"],"musicbrainz album status":["official"],"musicbrainz album type":["album"],"musicbrainz_albumartistid":["57961a97-3796-4bf7-9f02-a985a8979ae9"],"musicbrainz_albumid":["ffa73cb8-0e82-3e79-b9f5-339a8242e730"],"musicbrainz_artistid":["57961a97-3796-4bf7-9f02-a985a8979ae9"],"musicbrainz_recordingid":["901fb476-ecf9-4c78-9afb-03e6540f6d34"],"musicbrainz_releasegroupid":["51d51de2-0312-4798-8529-bed2ae2581c6"],"musicbrainz_workid":["500d201d-37c3-422a-895a-0ef554c86bba"],"originaldate":["1980"],"script":["Latn"],"title":["Fire, Fire"],"tracknumber":["7/12"],"work":["Fire, Fire"]},"version":{"essentia":"2.1-beta2","essentia_build_sha":"70f2e5ece6736b2c40cc944ad0e695b16b925413","essentia_git_sha":"v2.1_beta2","extractor":"music 1.0"}},"rhythm":{"beats_count":352,"beats_loudness":{"dmean":0.00774206034839,"dmean2":0.0131807588041,"dvar":0.0000614906748524,"dvar2":0.000161562653375,"max":0.0915031060576,"mean":0.0311577152461,"median":0.0321981087327,"min":0,"var":0.000156238282216},"beats_loudness_band_ratio":{"dmean":[0.140093356371,0.0960869565606,0.0817398950458,0.0481913797557,0.0567632727325,0.0678579732776],"dmean2":[0.24766291678,0.162524700165,0.143743604422,0.0843174681067,0.0975508093834,0.118131041527],"dvar":[0.0115564772859,0.0100744105875,0.00801925547421,0