{"lowlevel":{"average_loudness":0.110953517258,"barkbands":{"dmean":[0.0000391685534851,0.000692196656018,0.000531489611603,0.000262198329438,0.000229255063459,0.000301356776617,0.000157896603923,0.000569205440115,0.0005215688725,0.000487782584969,0.000424605299486,0.000526063668076,0.000284395471681,0.000157299800776,0.00028303306317,0.000110900386062,0.000156462716404,0.0000487922516186,0.0000291522501357,0.0000603552507528,0.0000206607437576,0.00000544080830878,0.00000163004858678,0.00000112550242193,4.21946424467e-7,9.49338598843e-8,5.50234258156e-9],"dmean2":[0.0000618458361714,0.00117308611516,0.000970261462498,0.000434752611909,0.000358859659173,0.000449723418569,0.000235134764807,0.000836680759676,0.000741219206247,0.00072159798583,0.000620653969236,0.000754360109568,0.000418611482019,0.000230452104006,0.000416514114477,0.000163518619956,0.000236377600231,0.0000723482298781,0.0000421128643211,0.0000852752637002,0.0000289287363557,0.0000073300366239,0.00000197208146346,0.00000132536797537,4.91704554406e-7,1.16304050835e-7,8.44264302913e-9],"dvar":[1.24941932356e-8,0.00000120792162761,0.00000210700250136,4.07702174243e-7,3.14808403346e-7,0.00000282186942968,7.51197376303e-7,0.0000110874179882,0.0000071001068136,0.00000946751879383,0.0000098444725154,0.0000111035633381,0.00000381693098461,9.39904396091e-7,0.00000428858947998,4.90417221499e-7,8.73252020028e-7,4.70858552148e-8,2.55086813894e-8,1.82196671972e-7,1.49329277832e-8,5.99609417673e-10,3.87336690499e-11,1.89184917732e-11,2.77730746387e-12,1.54249185581e-13,3.22313003559e-16],"dvar2":[2.95793434191e-8,0.0000032395148537,0.00000618224930804,0.00000105843957954,6.78962635448e-7,0.0000056212788877,0.00000152203710968,0.0000228508633882,0.000012945405615,0.0000203707841138,0.0000173935022758,0.0000194493350136,0.0000082500409917,0.00000177490244369,0.00000934961644816,0.00000103973559362,0.0000019938074729,9.51630809709e-8,5.0864120027e-8,3.78654164024e-7,3.06438074915e-8,1.18170662144e-9,5.74082968663e-11,2.64448931503e-11,3.99806012949e-12,2.33693002016e-13,6.84212621303e-16],"max":[0.00145636335947,0.0185257010162,0.0260397680104,0.0143933705986,0.0202337969095,0.0742586106062,0.0440577976406,0.104346416891,0.0879812911153,0.119926728308,0.156471639872,0.132646203041,0.0666622593999,0.0477558560669,0.0869718715549,0.0346648916602,0.0413449555635,0.00880140811205,0.0127342101187,0.0171566735953,0.00491132028401,0.000989857711829,0.000159660572535,0.000115391390864,0.0000518672422913,0.0000160195613716,6.96885820162e-7],"mean":[0.0000738422459108,0.00258751376532,0.00107200210914,0.000470338913146,0.000488378165755,0.000596067402512,0.000323063635733,0.000982968602329,0.000906656496227,0.000897070684005,0.000720670504961,0.000899610167835,0.00046828421182,0.000246687442996,0.000408272986533,0.000172372834641,0.000255329330685,0.0000896491037565,0.0000497340297443,0.00010768170614,0.0000400121170969,0.00000993904541247,0.00000297447286357,0.00000207496509574,8.29113162126e-7,2.01845850256e-7,1.075009326e-8],"median":[0.0000387617910746,0.00243745232001,0.00056923867669,0.000166394063854,0.000168691651197,0.0000891665767995,0.000089277549705,0.000041611630877,0.0000611849536654,0.0000537689120392,0.000016541871446,0.000019918763428,0.0000174195192812,0.0000126369277496,0.0000233420905715,0.0000142053031595,0.000026511199394,0.0000108500798888,0.00000737622485758,0.00000455834469903,0.00000275277352557,0.000001111596589,4.6973912049e-7,3.06407997641e-7,1.32290750798e-7,5.40894404821e-8,6.28269924974e-9],"min":[7.34573272661e-25,5.18556966629e-24,6.22788921378e-25,1.38079865989e-24,7.86594665612e-24,8.94898641468e-24,4.08618155434e-24,1.53446288721e-23,2.39915052259e-23,1.50590549135e-23,1.6392487012e-23,3.68985744113e-23,1.83205088183e-23,4.95373125597e-23,4.90282795502e-23,5.94048990995e-23,6.54429477532e-23,6.53276730868e-23,1.13001838183e-22,1.99656820227e-22,2.92829610883e-22,3.02572661529e-22,4.16143893203e-22,5.3815954639e-22,8.8879405713e-22,1.31784250305e-21,1.91854667805e-21],"var":[1.60052771037e-8,0.00000383959832106,0.00000237413269133,7.42108056784e-7,0.00000111880774512,0.00000900027498574,0.00000164530649727,0.0000287943275907,0.0000204644547921,0.0000233651589951,0.0000265105736617,0.0000284443758574,0.00000885909867065,0.00000262949129137,0.00000728071790945,0.0000010249547131,0.00000149730510657,1.0700730968e-7,6.49740456993e-8,4.79031768919e-7,4.69675072168e-8,1.55365742494e-9,1.0604117584e-10,5.35392112588e-11,8.15740877624e-12,4.09561978516e-13,5.13481854658e-16]},"barkbands_crest":{"dmean":2.28841280937,"dmean2":3.74729728699,"dvar":4.88299846649,"dvar2":12.1967735291,"max":25.7729682922,"mean":13.0440731049,"median":12.8448925018,"min":2.85856175423,"var":18.7869167328},"barkbands_flatness_db":{"dmean":0.0189740303904,"dmean2":0.0282543376088,"dvar":0.000474001601106,"dvar2":0.00100383663084,"max":0.429727584124,"mean":0.211588561535,"median":0.211077228189,"min":0.0256829001009,"var":0.00327254016884},"barkbands_kurtosis":{"dmean":4.59980583191,"dmean2":7.18137264252,"dvar":90.5409927368,"dvar2":203.875427246,"max":234.943756104,"mean":10.8904495239,"median":4.05600166321,"min":-1.90857088566,"var":377.660430908},"barkbands_skewness":{"dmean":0.570676207542,"dmean2":0.864125728607,"dvar":0.501092374325,"dvar2":1.08079528809,"max":11.9492893219,"mean":2.16185450554,"median":1.91165399551,"min":-4.81169843674,"var":3.71869087219},"barkbands_spread":{"dmean":3.15950059891,"dmean2":4.74593925476,"dvar":17.9183559418,"dvar2":39.3502845764,"max":103.623893738,"mean":13.3935098648,"median":11.2564811707,"min":0.447646349669,"var":91.6176300049},"dissonance":{"dmean":0.0227520484477,"dmean2":0.038329936564,"dvar":0.000683017831761,"dvar2":0.00185175728984,"max":0.499999910593,"mean":0.450199067593,"median":0.461572825909,"min":0.168882086873,"var":0.0016253326321},"dynamic_complexity":6.88049650192,"erbbands":{"dmean":[0.0224772822112,0.159143835306,0.513466954231,0.798970043659,0.659181892872,0.839441239834,1.77535629272,2.60371446609,2.48217105865,3.45645308495,15.7226028442,11.0459623337,7.57271814346,18.9026222229,15.8923406601,23.2175350189,13.611166954,8.45038700104,13.29646492,8.21120357513,7.64856624603,7.84861803055,3.04661941528,1.26536798477,2.05787467957,2.95986628532,1.25424730778,0.658878803253,0.211302548647,0.0684775114059,0.0465091876686,0.0289647784084,0.0158969461918,0.00631137657911,0.00227792165242,0.000664197839797,0.00012968791998,0.0000193777832465,0.00000232118281929,0.00000403484273193],"dmean2":[0.0380656756461,0.26952958107,0.930370330811,1.39315891266,1.04383146763,1.31155061722,2.7725417614,3.78167724609,3.63411474228,5.1707816124,22.5855445862,15.7604780197,10.525888443,27.3841190338,23.1588230133,32.6314430237,19.8177986145,12.148639679,19.7912464142,11.8146724701,11.1160078049,11.9275588989,4.44904756546,1.83134531975,2.84142756462,4.17924165726,1.77516281605,0.920017242432,0.272272109985,0.0837028473616,0.0578382387757,0.0351969935,0.0190266780555,0.00753903435543,0.00271994550712,0.000800761627033,0.000161252362886,0.0000253079124377,0.00000328276382788,0.00000588391321799],"dvar":[0.0017666144995,0.0699239373207,1.88890361786,4.23025178909,2.37700510025,4.46168804169,87.3180160522,307.946563721,162.59437561,620.945495605,7247.78515625,3227.99414062,1695.74816895,14741.4951172,16056.7714844,23622.296875,8993.75,2293.24682617,7508.19970703,3788.48852539,2249.55078125,2723.14013672,178.639404297,19.0636253357,137.711380005,558.780517578,66.7769165039,14.1734600067,0.756842553616,0.0603717081249,0.034090552479,0.0126772858202,0.00371152651496,0.000622906489298,0.0000811826248537,0.00000718378805686,2.74355898e-7,5.60110269276e-9,2.91166188382e-11,9.92933027466e-11],"dvar2":[0.00469460245222,0.19398085773,5.58615350723,11.7400560379,5.49809455872,9.66225624084,214.210357666,576.832519531,312.565765381,1251.16137695,14631.8681641,6060.66748047,3072.52563477,31587.5117188,28819.8242188,38491.6835938,19535.1152344,4380.15771484,16381.6191406,8051.08691406,4792.97460938,6468.86767578,378.250274658,41.4508590698,232.961608887,1276.19726562,130.802383423,28.7826538086,1.20661103725,0.093642026186,0.0540921241045,0.0182152446359,0.00528584420681,0.00092548574321,0.00011751508282,0.0000107603873403,4.13379808606e-7,9.44403755199e-9,5.48434943293e-11,1.83831574962e-10],"max":[0.699288666248,4.63691473007,24.698923111,37.3236846924,39.4676094055,78.1906738281,558.84588623,860.449584961,528.666931152,1625.70239258,2861.63037109,1888.21435547,1611.4654541,5413.19628906,7733.38427734,6560.26220703,3403.67993164,2426.28833008,3221.52587891,3053.484375,2043.64111328,2695.09545898,644.478088379,185.939758301,765.29699707,1061.43286133,351.962554932,218.393264771,32.5402336121,6.25217580795,4.76220655441,2.5941195488,1.70630145073,0.793178379536,0.262780696154,0.0922069400549,0.0205383356661,0.00321320653893,0.000140287185786,0.000228071046877],"mean":[0.0837987437844,0.547959923744,1.20967268944,1.47077643871,1.34018838406,1.75002813339,3.35316038132,4.90903902054,5.16583442688,6.35425662994,30.5188713074,19.7815647125,15.3783664703,36.3475494385,30.8526439667,43.0608406067,23.6501998901,14.3741550446,19.6335926056,12.7604475021,12.5039930344,13.0388183594,6.21730470657,2.66013550758,3.8383538723,5.02954959869,2.35998773575,1.27873980999,0.422867834568,0.132878273726,0.0828183814883,0.0521688051522,0.0298142079264,0.0122327655554,0.00450220424682,0.00131951004732,0.000291149422992,0.0000471165512863,0.00000780514164944,0.000013937777112],"median":[0.0718804448843,0.478601962328,0.792787134647,0.722673535347,0.478103458881,0.5605250597,0.922061264515,0.741003751755,1.25563383102,1.50408577919,1.16186082363,1.75507724285,1.06411111355,2.08766269684,1.16586995125,1.02913355827,0.989044308662,0.801021933556,1.27632844448,1.07432723045,0.978776633739,1.32175946236,0.80427646637,0.545409083366,0.298769444227,0.22007843852,0.147032335401,0.0895078033209,0.0453794375062,0.0197585970163,0.013027401641,0.00786642357707,0.00452297180891,0.00193954096176,0.000748017337173,0.000258073851001,0.0000987218372757,0.0000234200360865,0.00000413915859099,0.00000730787314751],"min":[2.2835046814e-22,1.1013335313e-21,1.2110494672e-21,5.95444711866e-21,1.06827136859e-20,2.7591950269e-20,1.00584199597e-19,9.37952051919e-20,8.96265121726e-20,1.57251984605e-19,3.56967647848e-19,4.23421864845e-19,4.83742977039e-19,6.39194047279e-19,9.64952093067e-19,1.48179863143e-18,1.43796384922e-18,2.64829669286e-18,2.44396509038e-18,3.53424331806e-18,3.37696092164e-18,4.29980021575e-18,4.8223471659e-18,6.95286912036e-18,9.32348603787e-18,1.09984349612e-17,1.09146605903e-17,9.42447321014e-18,8.19624317657e-18,1.27607771707e-17,1.14147954954e-17,1.22014500482e-17,1.10026668173e-17,7.09217129859e-18,6.38313606575e-18,4.48066449745e-18,2.40518644968e-18,1.09084856871e-18,2.33063048972e-19,2.85910196591e-20],"var":[0.00494295498356,0.213579595089,2.05995941162,5.64669370651,6.40537405014,15.6106977463,144.216094971,951.030151367,489.173126221,1122.03930664,23419.2265625,8370.85253906,6614.46679688,40716.7734375,44450.3085938,64070.3984375,20803.8828125,6283.78759766,12686.125,7081.54638672,4638.31591797,4125.87353516,448.042816162,56.3405532837,494.464202881,1139.25476074,173.772644043,45.4958381653,2.81322741508,0.183999300003,0.0855982974172,0.0344876423478,0.0106174033135,0.0017667907523,0.000237700791331,0.0000198919406103,7.24886547232e-7,1.26662058619e-8,1.24425650339e-10,4.79106532225e-10]},"erbbands_crest":{"dmean":2.4218518734,"dmean2":3.69507408142,"dvar":7.40744972229,"dvar2":15.9559869766,"max":34.2362098694,"mean":10.6965332031,"median":9.09802627563,"min":2.08144259453,"var":33.4550476074},"erbbands_flatness_db":{"dmean":0.0153953619301,"dmean2":0.0217158775777,"dvar":0.000421530217864,"dvar2":0.000701648998074,"max":0.472130864859,"mean":0.197583019733,"median":0.182124197483,"min":0.0249739419669,"var":0.00403784727678},"erbbands_kurtosis":{"dmean":1.12882423401,"dmean2":1.74192774296,"dvar":6.3556842804,"dvar2":13.7746019363,"max":86.9267883301,"mean":0.939226984978,"median":-0.128966093063,"min":-1.8609187603,"var":14.5007181168},"erbbands_skewness":{"dmean":0.345995873213,"dmean2":0.510330677032,"dvar":0.169071897864,"dvar2":0.352155834436,"max":5.81746101379,"mean":0.189031615853,"median":0.203414529562,"min":-6.52512454987,"var":0.830357253551},"erbbands_spread":{"dmean":5.54533195496,"dmean2":8.35702133179,"dvar":43.7689666748,"dvar2":92.6501312256,"max":127.378189087,"mean":32.4820365906,"median":32.6005783081,"min":0.601883113384,"var":272.476074219},"gfcc":{"cov":[[12913.5136719,1015.51464844,-2176.75170898,83.0941085815,-411.216430664,15.5246362686,-35.0277366638,-105.388572693,-21.8063964844,-24.0762214661,21.8330631256,-104.665481567,219.45223999],[1015.51464844,739.474121094,-65.9532470703,-206.579940796,139.321716309,-62.2733268738,114.796638489,-23.8018913269,53.253742218,-52.492805481,49.4306182861,-6.93925523758,22.0749320984],[-2176.75170898,-65.9532470703,1185.15258789,304.783203125,29.5423469543,168.293792725,-53.2432746887,62.0375556946,-4.2936205864,-27.6441287994,-21.866230011,-3.97737264633,-104.917358398],[83.0941085815,-206.579940796,304.783203125,559.89276123,18.7089519501,-16.9873085022,-53.1843452454,63.4337997437,14.4239768982,35.3223495483,-62.6831321716,-15.7102861404,3.51777076721],[-411.216430664,139.321716309,29.5423469543,18.7089519501,317.799346924,57.0136451721,65.4503555298,-6.35995769501,36.6300544739,-13.0918579102,23.3379878998,-19.3562431335,-6.12090682983],[15.5246362686,-62.2733268738,168.293792725,-16.9873085022,57.0136451721,299.058380127,12.5819578171,-14.950009346,-51.034942627,-29.8677101135,26.8602581024,-13.1060199738,-46.8585929871],[-35.0277366638,114.796638489,-53.2432746887,-53.1843452454,65.4503555298,12.5819578171,212.165145874,38.2085266113,32.822353363,-16.3369369507,-1.09556269646,-19.2125034332,25.3929042816],[-105.388572693,-23.8018913269,62.0375556946,63.4337997437,-6.35995769501,-14.950009346,38.2085266113,135.814727783,67.2518234253,-4.48575973511,-29.6779613495,-15.3957805634,-13.8202781677],[-21.8063964844,53.253742218,-4.2936205864,14.4239768982,36.6300544739,-51.034942627,32.822353363,67.2518234253,135.013061523,39.9501571655,-21.5757884979,-27.5310993195,4.88119792938],[-24.0762214661,-52.492805481,-27.6441287994,35.3223495483,-13.0918579102,-29.8677101135,-16.3369369507,-4.48575973511,39.9501571655,90.6503143311,20.1342430115,-2.03796482086,4.93975114822],[21.8330631256,49.4306182861,-21.866230011,-62.6831321716,23.3379878998,26.8602581024,-1.09556269646,-29.6779613495,-21.5757884979,20.1342430115,93.5272445679,38.7343254089,-5.23754024506],[-104.665481567,-6.93925523758,-3.97737264633,-15.7102861404,-19.3562431335,-13.1060199738,-19.2125034332,-15.3957805634,-27.5310993195,-2.03796482086,38.7343254089,84.3953094482,27.4477176666],[219.45223999,22.0749320984,-104.917358398,3.51777076721,-6.12090682983,-46.8585929871,25.3929042816,-13.8202781677,4.88119792938,4.93975114822,-5.23754024506,27.4477176666,86.2928695679]],"icov":[[0.000429342966527,-0.00114809779916,0.00117775681429,-0.00120781862643,0.00125583331101,-0.00124374299776,0.000541887537111,0.000053205905715,-0.000319685408613,0.000420559197664,-0.000432875822298,0.000701964658219,-0.000309755239869],[-0.00114809779916,0.00529586430639,-0.00338822766207,0.00374695751816,-0.00387163343839,0.00422699609771,-0.00208025425673,0.000858679239172,-0.000763736374211,0.00126430403907,-0.000869565526955,-0.000906181754544,0.000269394717179],[0.00117775681429,-0.00338822766207,0.00452774297446,-0.00414134562016,0.00360404653475,-0.00412808544934,0.00153203657828,0.000172931031557,-0.0013042971259,0.00152234989218,-0.000807064818218,0.000917713041417,0.000782009970862],[-0.00120781862643,0.00374695751816,-0.00414134562016,0.00643827207386,-0.00453229434788,0.00402207672596,-0.000828164687846,-0.0019210545579,0.00256342091598,-0.00325761293061,0.00286710774526,-0.00147013284732,-0.000702816294506],[0.00125583331101,-0.00387163343839,0.00360404653475,-0.00453229434788,0.00807240791619,-0.00458367215469,0.000587462680414,0.00191335577983,-0.00357007980347,0.00317805842496,-0.00317997927777,0.00270676380023,-0.000453448068583],[-0.00124374299776,0.00422699609771,-0.00412808544934,0.00402207672596,-0.00458367215469,0.00854656752199,-0.00219678948633,-0.0000517534645041,0.00231343042105,0.000108086896944,-0.0008281924529,-0.000310670904582,0.00176410609856],[0.000541887537111,-0.00208025425673,0.00153203657828,-0.000828164687846,0.000587462680414,-0.00219678948633,0.00738319335505,-0.00284515204839,0.0000276030150417,0.00084334355779,-0.00130358524621,0.00326976482756,-0.00389796309173],[0.000053205905715,0.000858679239172,0.000172931031557,-0.0019210545579,0.00191335577983,-0.0000517534645041,-0.00284515204839,0.0142018664628,-0.00924125406891,0.00556199718267,0.0000374843912141,-0.0020402171649,0.00400850968435],[-0.000319685408613,-0.000763736374211,-0.0013042971259,0.00256342091598,-0.00357007980347,0.00231343042105,0.0000276030150417,-0.00924125406891,0.0183172076941,-0.0111557887867,0.00493831653148,0.00186068657786,-0.00185671821237],[0.000420559197664,0.00126430403907,0.00152234989218,-0.00325761293061,0.00317805842496,0.000108086896944,0.00084334355779,0.00556199718267,-0.0111557887867,0.0219951085746,-0.0107699204236,0.00424005137756,-0.00111289834604],[-0.000432875822298,-0.000869565526955,-0.000807064818218,0.00286710774526,-0.00317997927777,-0.0008281924529,-0.00130358524621,0.0000374843912141,0.00493831653148,-0.0107699204236,0.0228296536952,-0.0121891768649,0.00553939072415],[0.000701964658219,-0.000906181754544,0.000917713041417,-0.00147013284732,0.00270676380023,-0.000310670904582,0.00326976482756,-0.0020402171649,0.00186068657786,0.00424005137756,-0.0121891768649,0.0229226257652,-0.0100222108886],[-0.000309755239869,0.000269394717179,0.000782009970862,-0.000702816294506,-0.000453448068583,0.00176410609856,-0.00389796309173,0.00400850968435,-0.00185671821237,-0.00111289834604,0.00553939072415,-0.0100222108886,0.0196942780167]],"mean":[-138.954437256,144.529067993,-121.225669861,35.5707740784,-33.0493392944,7.08380651474,-17.5381126404,10.6094274521,-11.8018188477,-1.21354734898,-8.71896076202,-2.61759614944,-3.38111019135]},"hfc":{"dmean":2.87770628929,"dmean2":3.84318590164,"dvar":91.80834198,"dvar2":163.861236572,"max":250.201965332,"mean":8.46638298035,"median":1.63000202179,"min":1.0934599779e-16,"var":425.770446777},"melbands":{"dmean":[0.000191468905541,0.000236099862377,0.000132055545691,0.0000487914621772,0.000055852051446,0.0000569541771256,0.0000370039088011,0.0000479333975818,0.000136010770802,0.0000633428717265,0.0000399286909669,0.0000789864789112,0.0000539829670743,0.0000606593057455,0.0000492043072882,0.0000202149331017,0.0000160249528562,0.0000198829293367,0.000020707368094,0.00000630410477243,0.0000104188411569,0.00000951962101681,0.00000489603326059,0.00000203941476684,9.71842041508e-7,0.0000013940638155,0.00000199962119041,0.00000225349003813,9.2012658115e-7,4.85822226892e-7,3.81857063303e-7,1.45203387092e-7,5.54752368487e-8,3.29422711332e-8,2.87922183873e-8,2.29498695603e-8,1.6832238714e-8,1.27586794463e-8,7.53429585387e-9,4.79102402196e-9],"dmean2":[0.000325022963807,0.000417854549596,0.000227337295655,0.0000759955510148,0.00008669183444,0.0000838847990963,0.0000545400653209,0.0000704789417796,0.00019623604021,0.0000898395228432,0.0000564261281397,0.000114715861855,0.0000796361709945,0.0000833814483485,0.0000720984971849,0.0000297350616165,0.0000232372185565,0.0000295706795441,0.0000301094805764,0.00000956255189521,0.0000151009753608,0.0000146507773024,0.00000732450280339,0.00000309402821586,0.00000144887781062,0.00000198113366423,0.00000276488572126,0.00000331845421897,0.00000129995953557,6.93864876666e-7,5.50402546651e-7,1.9821320052e-7,7.29469533667e-8,4.21715178334e-8,3.76012039283e-8,2.99891702582e-8,2.13721698117e-8,1.61145070621e-8,9.42139521953e-9,5.94906346407e-9],"dvar":[1.00840459538e-7,3.28366439817e-7,1.02331597418e-7,1.60710840191e-8,6.40321573542e-8,1.26166000314e-7,3.67844386062e-8,1.05979452769e-7,4.81330346247e-7,1.09963458783e-7,4.73583376959e-8,2.66432522267e-7,1.68657351196e-7,1.52248233576e-7,8.94912517424e-8,2.44311610942e-8,9.10858943826e-9,1.7432016719e-8,3.4501145052e-8,1.23135068808e-9,4.67467886622e-9,4.77625583528e-9,7.04709790522e-10,8.2277643032e-11,1.22538316299e-11,9.56563231402e-11,1.99411626101e-10,3.85785070556e-10,3.70725151966e-11,8.73522348205e-12,4.94196263773e-12,4.08702179088e-13,3.86950196819e-14,1.5750907997e-14,1.41963941687e-14,7.96677007947e-15,4.46290944942e-15,2.47438589156e-15,8.86328764441e-16,3.52728606736e-16],"dvar2":[2.69490726623e-7,9.59812268775e-7,2.77618511291e-7,3.34410508174e-8,1.49957671169e-7,2.36469489323e-7,7.19057737797e-8,2.1244409254e-7,9.78539787866e-7,2.02874062438e-7,8.86389841526e-8,5.71779139591e-7,3.08774389168e-7,2.42155209662e-7,1.88019001257e-7,5.42026441508e-8,1.74231846728e-8,3.84897305139e-8,7.65286998217e-8,2.73302314113e-9,9.69231894743e-9,1.11813740489e-8,1.59601376559e-9,1.90010951417e-10,2.84417021185e-11,1.73770275946e-10,3.53001627929e-10,9.41045685821e-10,7.27121626798e-11,1.88267023499e-11,9.60953365492e-12,7.30537483805e-13,6.73155717908e-14,2.64143040258e-14,2.52780211856e-14,1.29509431811e-14,7.0005252917e-15,3.87712348595e-15,1.39175655338e-15,5.58255645673e-16],"max":[0.00578484265134,0.00994842033833,0.0055920467712,0.00581186311319,0.0151343559846,0.0174896623939,0.00794510543346,0.017688035965,0.022035241127,0.011603792198,0.00779988151044,0.0224889125675,0.0208905804902,0.0162155516446,0.0131934713572,0.00668239453807,0.00454572401941,0.00572502892464,0.0085228914395,0.00145152490586,0.00329388934188,0.00374624994583,0.00136868481059,0.000447875267128,0.000117592178867,0.000909891212359,0.000914837699383,0.000823881884571,0.000263191323029,0.000135849579237,0.000122903365991,0.0000240277749981,0.00000475529986943,0.00000308640596813,0.00000321086463373,0.00000213044154407,0.00000158600016675,0.00000145049364164,7.5886259765e-7,6.3162343622e-7],"mean":[0.000734747212846,0.000670435896609,0.000258118816419,0.000109217398858,0.00010864574142,0.000110692693852,0.0000769329926698,0.0000820932764327,0.000266858784016,0.000109089618491,0.0000760421899031,0.000149707324454,0.0000956329677138,0.000111118461064,0.0000879618964973,0.000032306972571,0.0000260844153672,0.0000284265279333,0.0000279311934719,0.0000101235318652,0.0000160060080816,0.0000145728918142,0.00000881557843968,0.00000379137259188,0.00000178114248683,0.00000230210275731,0.00000343416968462,0.00000343666624758,0.00000157882868734,8.48021443289e-7,6.97812822636e-7,2.64156369667e-7,1.01131909958e-7,5.89559832065e-8,4.8381746609e-8,3.90651351267e-8,2.95770643532e-8,2.32031442948e-8,1.36281217422e-8,9.13800857205e-9],"median":[0.000711743137799,0.000551004952285,0.000131801818497,0.0000359779805876,0.0000366210442735,0.0000163209006132,0.000018868029656,0.0000139592548294,0.00000998587347567,0.00000902977990336,0.00000452517861049,0.00000798469591246,0.00000284900193037,0.00000266867073151,0.00000265040625891,0.00000134684114528,0.00000117939862321,0.00000193373853108,0.00000132740660774,0.00000124364942167,0.00000103958086584,0.00000134081687975,9.85646238405e-7,4.74644622273e-7,3.77293872589e-7,2.44296813889e-7,1.33881030706e-7,1.45595720369e-7,9.26105130361e-8,6.49291962418e-8,4.42575469606e-8,2.59521364399e-8,1.45144856134e-8,8.66689653378e-9,7.27758875385e-9,6.14413142586e-9,4.30907398652e-9,3.50877904509e-9,1.96735339131e-9,1.48454915028e-9],"min":[1.96068676144e-24,1.02826046843e-24,1.43835257103e-24,2.10470337767e-24,2.83394138681e-24,1.7699498581e-24,1.60182249717e-24,2.21943313835e-24,1.76286963426e-24,2.65842555464e-24,2.13081329312e-24,2.14922767323e-24,3.34108783543e-24,3.21921592532e-24,3.73108488975e-24,3.43923041508e-24,4.67421937791e-24,3.77680214023e-24,3.94602424288e-24,3.79472072126e-24,3.01193049513e-24,3.89672398618e-24,5.35502763836e-24,3.6840104041e-24,4.86979456239e-24,4.86612123158e-24,4.90243644336e-24,7.19165596447e-24,6.79586788225e-24,5.48509384112e-24,5.39670789314e-24,3.9557465591e-24,6.41632441821e-24,6.19889699779e-24,5.66588616667e-24,5.71793165932e-24,5.99079706871e-24,7.29477743973e-24,5.49133649189e-24,5.88171653818e-24],"var":[3.00558497202e-7,4.22637157271e-7,1.51882545651e-7,6.8543300813e-8,1.14182867605e-7,4.2245025611e-7,1.03246023286e-7,1.97763384335e-7,0.00000167338976098,2.77711080798e-7,1.68029842484e-7,7.2956618169e-7,4.44249366183e-7,4.25352311595e-7,2.15892399069e-7,4.8843403988e-8,2.45628157813e-8,2.85715167081e-8,5.1675971946e-8,2.11928052885e-9,9.28028232039e-9,6.71483757486e-9,1.5166465861e-9,1.54831703014e-10,2.68735502601e-11,2.60022475773e-10,6.23396056998e-10,6.25232754459e-10,8.67261956694e-11,2.04027610778e-11,1.59302449704e-11,1.24978857558e-12,1.08874497959e-13,4.15289886356e-14,3.14605790421e-14,1.93897107165e-14,1.13471642225e-14,6.51000258271e-15,2.34904979108e-15,9.62411222527e-16]},"melbands_crest":{"dmean":2.56072163582,"dmean2":4.2451300621,"dvar":6.95243310928,"dvar2":17.7784938812,"max":32.9113121033,"mean":16.4172039032,"median":16.6296730042,"min":1.66746520996,"var":22.0916671753},"melbands_flatness_db":{"dmean":0.0219337791204,"dmean2":0.0320073217154,"dvar":0.000639313075226,"dvar2":0.00136038556229,"max":0.560333430767,"mean":0.294713407755,"median":0.295941889286,"min":0.00430674431846,"var":0.00524837756529},"melbands_kurtosis":{"dmean":8.7383146286,"dmean2":13.7909784317,"dvar":301.813720703,"dvar2":715.679138184,"max":423.067565918,"mean":23.1380500793,"median":11.9369277954,"min":-1.90879786015,"var":1092.56884766},"melbands_skewness":{"dmean":0.698172211647,"dmean2":1.06800830364,"dvar":0.730633676052,"dvar2":1.59345138073,"max":15.8194255829,"mean":3.19318795204,"median":3.06441307068,"min":-4.17500543594,"var":5.1021938324},"melbands_spread":{"dmean":3.84075689316,"dmean2":5.80397510529,"dvar":33.2498207092,"dvar2":70.4077377319,"max":158.695068359,"mean":14.5831804276,"median":11.2495174408,"min":0.459776312113,"var":187.514297485},"mfcc":{"cov":[[7662.66894531,668.561096191,-1485.98596191,167.064163208,-409.966339111,8.60430240631,-136.551605225,-79.4033203125,104.8855896,-74.1112747192,-167.842025757,150.185241699,56.5982627869],[668.561096191,1214.2199707,-210.970947266,-89.1825027466,5.9614071846,-14.5101976395,56.0469055176,56.5500183105,29.4218463898,-32.4848823547,22.8786144257,59.9590492249,24.6461238861],[-1485.98596191,-210.970947266,997.864868164,111.840614319,163.496154785,63.6351966858,35.9807739258,84.1766738892,-44.7772827148,56.4213371277,60.187702179,-77.86769104,-61.7580909729],[167.064163208,-89.1825027466,111.840614319,472.898864746,65.3945617676,-35.3915939331,-31.4580307007,-17.3260364532,100.790779114,27.8591327667,-5.87122869492,18.9174575806,-5.07993507385],[-409.966339111,5.9614071846,163.496154785,65.3945617676,272.300537109,79.9405288696,25.0386581421,35.0365638733,-25.427740097,28.9437446594,28.1252365112,-7.87778520584,2.12471461296],[8.60430240631,-14.5101976395,63.6351966858,-35.3915939331,79.9405288696,181.89251709,90.1089553833,12.9715871811,-24.326789856,7.46232700348,5.22371482849,-16.2551879883,-8.07760810852],[-136.551605225,56.0469055176,35.9807739258,-31.4580307007,25.0386581421,90.1089553833,156.923294067,65.7552032471,-20.6591072083,0.194002658129,3.57107996941,-13.9687309265,-2.7233774662],[-79.4033203125,56.5500183105,84.1766738892,-17.3260364532,35.0365638733,12.9715871811,65.7552032471,135.726119995,39.2169952393,8.52121639252,16.7639751434,-0.333468168974,-7.19739723206],[104.8855896,29.4218463898,-44.7772827148,100.790779114,-25.427740097,-24.326789856,-20.6591072083,39.2169952393,159.098358154,56.4376525879,6.01104259491,12.7944011688,-7.57657146454],[-74.1112747192,-32.4848823547,56.4213371277,27.8591327667,28.9437446594,7.46232700348,0.194002658129,8.52121639252,56.4376525879,122.692703247,47.141166687,-24.6084518433,-17.4363365173],[-167.842025757,22.8786144257,60.187702179,-5.87122869492,28.1252365112,5.22371482849,3.57107996941,16.7639751434,6.01104259491,47.141166687,92.3389053345,31.1931152344,-12.4328193665],[150.185241699,59.9590492249,-77.86769104,18.9174575806,-7.87778520584,-16.2551879883,-13.9687309265,-0.333468168974,12.7944011688,-24.6084518433,31.1931152344,107.993003845,42.6181221008],[56.5982627869,24.6461238861,-61.7580909729,-5.07993507385,2.12471461296,-8.07760810852,-2.7233774662,-7.19739723206,-7.57657146454,-17.4363365173,-12.4328193665,42.6181221008,79.441116333]],"icov":[[0.000296967686154,-0.000171837484231,0.000479908048874,-0.000497732660733,0.00065522553632,-0.000902942207176,0.00100463454146,-0.000984549173154,0.000928411900532,-0.000782844144851,0.000773733190726,-0.000481823866721,0.000315194629366],[-0.000171837484231,0.00104814884253,-0.000102161575342,0.000542368390597,-0.000699092634022,0.000924237712752,-0.00117576983757,0.000596696627326,-0.00105359277222,0.000974710099399,-0.000862211571075,0.0000995432055788,-0.000195955493837],[0.000479908048874,-0.000102161575342,0.00228194217198,-0.00143500347622,0.00083721143892,-0.00191912159789,0.00229715113528,-0.00308466958813,0.00266899331473,-0.00145807000808,0.000192743813386,0.000354305375367,0.000728378479835],[-0.000497732660733,0.000542368390597,-0.00143500347622,0.00424156384543,-0.00275727035478,0.00316852121614,-0.00331325805746,0.00430273730308,-0.00500860670581,0.00211917515844,-0.000436615431681,-0.000377265649149,0.000135668218718],[0.00065522553632,-0.000699092634022,0.00083721143892,-0.00275727035478,0.00745944073424,-0.00551662500948,0.00495846522972,-0.00548406178132,0.00532768573612,-0.00373194133863,0.00119027204346,-0.000677313597407,-0.00062405859353],[-0.000902942207176,0.000924237712752,-0.00191912159789,0.00316852121614,-0.00551662500948,0.0133149828762,-0.0105503154919,0.00756777217612,-0.00538746314123,0.00337389810011,-0.00212558778003,0.000982917612419,0.000259357970208],[0.00100463454146,-0.00117576983757,0.00229715113528,-0.00331325805746,0.00495846522972,-0.0105503154919,0.0178779195994,-0.0122392727062,0.0084942271933,-0.00494243158028,0.00317439390346,-0.00051706348313,0.0000211108854273],[-0.000984549173154,0.000596696627326,-0.00308466958813,0.00430273730308,-0.00548406178132,0.00756777217612,-0.0122392727062,0.0191326346248,-0.0116304913536,0.00714775407687,-0.00512393331155,0.00209412234835,-0.000842318113428],[0.000928411900532,-0.00105359277222,0.00266899331473,-0.00500860670581,0.00532768573612,-0.00538746314123,0.0084942271933,-0.0116304913536,0.0183848701417,-0.0120230875909,0.00768238073215,-0.00572477607056,0.00335523555987],[-0.000782844144851,0.000974710099399,-0.00145807000808,0.00211917515844,-0.00373194133863,0.00337389810011,-0.00494243158028,0.00714775407687,-0.0120230875909,0.0213190093637,-0.0153084741905,0.0113264918327,-0.00476125953719],[0.000773733190726,-0.000862211571075,0.000192743813386,-0.000436615431681,0.00119027204346,-0.00212558778003,0.00317439390346,-0.00512393331155,0.00768238073215,-0.0153084741905,0.0268984474242,-0.0161243956536,0.00946749746799],[-0.000481823866721,0.0000995432055788,0.000354305375367,-0.000377265649149,-0.000677313597407,0.000982917612419,-0.00051706348313,0.00209412234835,-0.00572477607056,0.0113264918327,-0.0161243956536,0.022890560329,-0.0120099205524],[0.000315194629366,-0.000195955493837,0.000728378479835,0.000135668218718,-0.00062405859353,0.000259357970208,0.0000211108854273,-0.000842318113428,0.00335523555987,-0.00476125953719,0.00946749746799,-0.0120099205524,0.0201662406325]],"mean":[-776.622680664,166.307098389,-13.7599515915,37.0972137451,8.92590045929,7.07567596436,6.87884664536,10.0303678513,9.39543819427,4.11696243286,0.817507445812,6.95498037338,0.13372066617]},"pitch_salience":{"dmean":0.0581016726792,"dmean2":0.0948443189263,"dvar":0.00337257073261,"dvar2":0.00843885354698,"max":0.91925996542,"mean":0.458442658186,"median":0.446647822857,"min":0.110979095101,"var":0.0133589338511},"silence_rate_20dB":{"dmean":0,"dmean2":0,"dvar":0,"dvar2":0,"max":1,"mean":1,"median":1,"min":1,"var":0},"silence_rate_30dB":{"dmean":0.00477180024609,"dmean2":0.00954433530569,"dvar":0.00474914349616,"dvar2":0.0114549202845,"max":1,"mean":0.994689881802,"median":1,"min":0,"var":0.0052815512754},"silence_rate_60dB":{"dmean":0.0424844138324,"dmean2":0.0849753692746,"dvar":0.0406787209213,"dvar2":0.0891388654709,"max":1,"mean":0.213175311685,"median":0,"min":0,"var":0.167732328176},"spectral_centroid":{"dmean":158.979873657,"dmean2":234.940124512,"dvar":47704.3320312,"dvar2":94436.421875,"max":11702.6347656,"mean":1017.89715576,"median":875.617797852,"min":158.117172241,"var":602876},"spectral_complexity":{"dmean":1.65396749973,"dmean2":2.49476599693,"dvar":4.46584415436,"dvar2":7.8267250061,"max":46,"mean":7.79921483994,"median":7,"min":0,"var":32.4865646362},"spectral_contrast_coeffs":{"dmean":[0.0387516878545,0.0386036224663,0.0346901454031,0.0288309752941,0.0194892119616,0.0150513583794],"dmean2":[0.0653617158532,0.0616836883128,0.0529071912169,0.0444252863526,0.030012788251,0.0231951028109],"dvar":[0.0010970152216,0.00128844566643,0.00110509828664,0.000699615571648,0.000327409507008,0.000242237161729],"dvar2":[0.0030115575064,0.0029397518374,0.0022345110774,0.00145739421714,0.000656676769722,0.000472555984743],"max":[-0.413963258266,-0.317051589489,-0.331633329391,-0.3835080266,-0.520917475224,-0.512814164162],"mean":[-0.719687044621,-0.722803652287,-0.75261682272,-0.768647491932,-0.794579684734,-0.771750867367],"median":[-0.724618434906,-0.737941265106,-0.772139549255,-0.780843019485,-0.809140086174,-0.783929884434],"min":[-0.978766977787,-0.97885799408,-0.972469329834,-0.970617830753,-0.965501844883,-0.964667797089],"var":[0.00409641303122,0.00814207177609,0.00790413469076,0.00527341477573,0.00322500173934,0.00276831188239]},"spectral_contrast_valleys":{"dmean":[0.325924485922,0.328534632921,0.331004470587,0.299027085304,0.204083055258,0.204236775637],"dmean2":[0.536109149456,0.529699981213,0.514243006706,0.453007370234,0.287082403898,0.267103761435],"dvar":[0.104730606079,0.102757781744,0.112371645868,0.0986375585198,0.061178162694,0.092289827764],"dvar2":[0.228477686644,0.231601729989,0.237726539373,0.191742002964,0.0955162122846,0.131517931819],"max":[-6.08477878571,-5.37175750732,-4.96487903595,-5.38031339645,-5.81562900543,-9.20544815063],"mean":[-7.71408700943,-8.00484371185,-8.54361438751,-9.11367225647,-8.9592628479,-12.2390594482],"median":[-7.41952514648,-7.84684419632,-8.40411567688,-9.05300521851,-8.94865036011,-12.2566995621],"min":[-28.4706058502,-27.7594833374,-27.6527748108,-27.6227989197,-27.5133972168,-27.4325008392],"var":[2.30226063728,2.23136258125,2.29993700981,2.1962146759,2.13832139969,1.57890439034]},"spectral_decrease":{"dmean":8.46237413477e-10,"dmean2":1.25964605413e-9,"dvar":3.94450753109e-18,"dvar2":7.5089942267e-18,"max":1.28066517211e-28,"mean":-2.94213964303e-9,"median":-1.67419367259e-9,"min":-4.45957546447e-8,"var":1.84495554964e-17},"spectral_energy":{"dmean":0.00343081797473,"dmean2":0.00506558315828,"dvar":0.0000681949604768,"dvar2":0.000128280895296,"max":0.187448263168,"mean":0.011872202158,"median":0.00651725335047,"min":1.00739499525e-20,"var":0.000322614534525},"spectral_energyband_high":{"dmean":0.0000575785925321,"dmean2":0.0000782925635576,"dvar":1.33438419425e-7,"dvar2":2.98976544855e-7,"max":0.0167504809797,"mean":0.000111750727228,"median":0.00000880555853655,"min":7.10061127442e-21,"var":3.3297683899e-7},"spectral_energyband_low":{"dmean":0.00112174020614,"dmean2":0.00195734528825,"dvar":0.00000550257391296,"dvar2":0.000015421263015,"max":0.0395655706525,"mean":0.00398964993656,"median":0.00369490962476,"min":2.24156987697e-23,"var":0.0000103366592157},"spectral_energyband_middle_high":{"dmean":0.00168714136817,"dmean2":0.00231934618205,"dvar":0.0000472917527077,"dvar2":0.0000894355471246,"max":0.167846277356,"mean":0.00415976345539,"median":0.000396348244976,"min":1.30320003296e-21,"var":0.000172045154613},"spectral_energyband_middle_low":{"dmean":0.0014976960374,"dmean2":0.00218573189341,"dvar":0.0000185632361536,"dvar2":0.0000369291010429,"max":0.108545690775,"mean":0.00390700437129,"median":0.00126764876768,"min":1.74946907263e-22,"var":0.0000783846480772},"spectral_entropy":{"dmean":0.145899429917,"dmean2":0.212186768651,"dvar":0.0276857465506,"dvar2":0.0536789409816,"max":9.81580924988,"mean":7.07573699951,"median":7.10105228424,"min":5.10464906693,"var":0.215284407139},"spectral_flux":{"dmean":0.0151085099205,"dmean2":0.0238420367241,"dvar":0.000676990894135,"dvar2":0.00148909166455,"max":0.396769165993,"mean":0.0384901612997,"median":0.0244166664779,"min":6.42645936466e-11,"var":0.00176310585812},"spectral_kurtosis":{"dmean":3.22255849838,"dmean2":5.60517072678,"dvar":17.2043857574,"dvar2":50.6078338623,"max":69.1672821045,"mean":7.85416889191,"median":6.27295875549,"min":-1.25487947464,"var":39.1570968628},"spectral_rms":{"dmean":0.000413451052736,"dmean2":0.00062039407203,"dvar":4.68168821044e-7,"dvar2":8.75671389622e-7,"max":0.0135231781751,"mean":0.00286042760126,"median":0.00252156611532,"min":3.13500289097e-12,"var":0.00000340061546922},"spectral_rolloff":{"dmean":205.716552734,"dmean2":345.665283203,"dvar":177725.359375,"dvar2":388371.375,"max":19293.75,"mean":814.424499512,"median":538.330078125,"min":64.599609375,"var":1642081.125},"spectral_skewness":{"dmean":0.307824462652,"dmean2":0.514562726021,"dvar":0.109168119729,"dvar2":0.306867748499,"max":6.56330633163,"mean":1.81254076958,"median":1.77654242516,"min":-0.375867307186,"var":0.464090406895},"spectral_spread":{"dmean":291114.625,"dmean2":452356.40625,"dvar":275324174336,"dvar2":572094611456,"max":42203156,"mean":3192166.25,"median":2984633.5,"min":955130.375,"var":5229698351100},"spectral_strongpeak":{"dmean":0.355635195971,"dmean2":0.562659442425,"dvar":0.969394207001,"dvar2":2.00216722488,"max":17.6847553253,"mean":0.80456507206,"median":0.142459198833,"min":0,"var":3.3451731205},"zerocrossingrate":{"dmean":0.00503922207281,"dmean2":0.0059047001414,"dvar":0.0000494037594763,"dvar2":0.0000744971621316,"max":0.5234375,"mean":0.0328879617155,"median":0.02783203125,"min":0.001953125,"var":0.00120125839021}},"metadata":{"audio_properties":{"analysis_sample_rate":44100,"bit_rate":192000,"codec":"mp3","downmix":"mix","equal_loudness":0,"length":301.688171387,"lossless":false,"md5_encoded":"9d32b0d3dada7fe20d9cf2ea99470c11","replay_gain":-8.69851875305,"sample_rate":44100},"tags":{"album":["25 YearsThe Chain"],"albumartist":["Fleetwood Mac"],"artist":["Fleetwood Mac"],"date":["1992"],"file_name":"266083.mp3","genre":["Rock"],"musicbrainz_recordingid":["90209264-72dc-41c2-a84b-b6e3f5558f78"],"title":["Love That Burns"],"tracknumber":["9"]},"version":{"essentia":"2.1-beta2","essentia_build_sha":"70f2e5ece6736b2c40cc944ad0e695b16b925413","essentia_git_sha":"v2.1_beta2","extractor":"music 1.0"}},"rhythm":{"beats_count":686,"beats_loudness":{"dmean":0.0144944339991,"dmean2":0.0260272268206,"dvar":0.000605314911809,"dvar2":0.00161060900427,"max":0.159006550908,"mean":0.0168190393597,"median":0.00846107210964,"min":1.87339123977e-14,"var":0.000593525008298},"beats_loudness_band_ratio":{"dmean":[0.23293183744,0.0859664827585,0.118162482977,0.123852491379,0.0706381127238,0.0259072072804],"dmean2":[0.391653358936,0.152740195394,0.208154931664,0.223391085863,0.124048121274,0.0474732220173],"dvar":[0.0489549897611,0.0130316056311,0.0273477118462,0.0353280380368,0.00961018819362,0.00178221054375],"dvar2":[0.113895796239,0.0369175747037,0.0759008750319,0.0957165434957,0.0276234671474,0.00530696799979],"max":[0.990534424782,0.802920341492,0.889101922512,0.924263060093,0.796128928661,0.349954724312],"mean":[0.582174420357,0.0925771668553,0.131805509329,0.118913933635,0.0684625133872,0.0191199239343],"median":[0.645854592323,0.0573876202106,0.0752757638693,0.0440291129053,0.0343209281564,0.00494426628575],"min":[0,0,0,0,0,0],"var":[0.0879937633872,0.0116630056873,0