{"lowlevel":{"average_loudness":0.738076627254,"barkbands":{"dmean":[0.0000635377000435,0.00152969022747,0.000886201509275,0.00093888270203,0.00139335368294,0.00131206645165,0.00179215020034,0.00149163452443,0.00068141479278,0.000416104798205,0.000292403332423,0.000526264309883,0.000446134072263,0.000265467067948,0.000153172557475,0.0000652796661598,0.000105944083771,0.0000530548968527,0.0000774554573582,0.0000901528546819,0.0000597551115789,0.0000588725561101,0.000049833979574,0.0000584982844885,0.0000327927155013,0.0000151651429405,0.00000596634890826],"dmean2":[0.0000935284260777,0.00247925100848,0.00147363776341,0.00158377469052,0.00221312185749,0.00197225110605,0.00278283469379,0.00219321763143,0.000977480318397,0.000583144719712,0.000429439329309,0.000750132021494,0.000656600459479,0.00040203271783,0.000231928905123,0.0000997003953671,0.000161019634106,0.0000831627912703,0.000120618329674,0.00013872164709,0.0000888474023668,0.0000850481010275,0.0000695478083799,0.0000855927064549,0.0000468325597467,0.0000220309411816,0.0000100709821709],"dvar":[3.18634292285e-8,0.0000157920749189,0.00000452251515526,0.00000337107030646,0.00000686372686687,0.0000112716124931,0.0000252770296356,0.0000206458644243,0.000005999610039,0.00000205768628803,0.00000131095737288,0.00000373226362171,0.00000276046148429,0.00000102722640349,3.40527662956e-7,4.99836616541e-8,5.93689328809e-8,2.23906457819e-8,7.90736223166e-8,1.11597174168e-7,5.73734340037e-8,8.55318589288e-8,5.3559354285e-8,6.23646556619e-8,1.7591547774e-8,4.160457312e-9,2.73158917707e-9],"dvar2":[6.54549197066e-8,0.000039337999624,0.0000113628120744,0.00000916440967558,0.0000158720049512,0.0000240876270254,0.0000565720620216,0.000043436546548,0.00001219663136,0.00000383936867365,0.00000283464737549,0.00000706370929038,0.00000543538453712,0.0000022932167667,7.5051298154e-7,1.05518687121e-7,1.27699365748e-7,5.31099573209e-8,1.86033318528e-7,2.61339891949e-7,1.21587291346e-7,1.72657678377e-7,9.71849729581e-8,1.29323396436e-7,3.50693127871e-8,8.74322925171e-9,7.76535991065e-9],"max":[0.00601031025872,0.0714044943452,0.0439973771572,0.0415429845452,0.078811250627,0.0813309028745,0.100743100047,0.0854394435883,0.0550616085529,0.0522168129683,0.0472272373736,0.0518792904913,0.0537202768028,0.0307768750936,0.0195536911488,0.00840327050537,0.0104114469141,0.00603804737329,0.00985115580261,0.00770393200219,0.00578787643462,0.00830179732293,0.012243391946,0.0081349760294,0.00374624878168,0.00228393729776,0.00208142772317],"mean":[0.000122530429508,0.00299123977311,0.00117970700376,0.00139858445618,0.00283806258813,0.00266724452376,0.00278094550595,0.00248975260183,0.00108815426938,0.000860399391968,0.000507803633809,0.000881461950485,0.000651041511446,0.000353878305759,0.000243567672442,0.000109837383206,0.000189599042642,0.0000905415072339,0.000119949610962,0.00013005976507,0.0000836012986838,0.0000810954006738,0.000069852307206,0.000077953642176,0.0000435799483967,0.0000196828405024,0.00000541522922504],"median":[0.0000101128352981,0.000449865241535,0.000407244922826,0.000565005175304,0.00141199096106,0.000964959908742,0.000656997202896,0.000505376257934,0.000159318151418,0.000169798731804,0.0000833828526083,0.000123080157209,0.0000794726074673,0.0000541599220014,0.0000490502643515,0.0000310666146106,0.0000583911023568,0.0000326162589772,0.0000291385404125,0.0000217946035264,0.0000109722295747,0.00000754024722482,0.0000057270653997,0.00000616892339167,0.00000196930113816,0.00000105191088551,1.83451206226e-7],"min":[2.33937048542e-23,1.01841106671e-23,1.36168594066e-24,1.43562019351e-23,6.2977050605e-23,1.52793206555e-23,7.75084238372e-24,5.50568997383e-23,6.1943485047e-23,5.7083754772e-23,6.46876165919e-23,9.52359459131e-23,1.34762055072e-22,8.42649165162e-23,1.54683935751e-22,2.12026626226e-22,2.42990413876e-22,1.23579478424e-22,3.1187723173e-22,4.0074537882e-22,4.36184241857e-22,4.71903409261e-22,5.62203572397e-22,5.88395874909e-22,1.26459507353e-21,1.94068001984e-21,2.60493432449e-21],"var":[9.27400378714e-8,0.000040663209802,0.00000579557763558,0.00000595310530116,0.0000191333856492,0.00002955781747,0.0000444304750999,0.0000447595230071,0.0000123156505651,0.0000071834474511,0.00000329326690007,0.0000106876595964,0.00000543731493963,0.00000146704701365,6.20146124675e-7,9.87496946436e-8,1.38466120347e-7,4.17017922416e-8,1.3527638032e-7,1.77311903826e-7,9.49190024357e-8,1.45341886082e-7,1.22108914979e-7,1.09883217192e-7,3.07636334185e-8,6.8122503194e-9,1.69430913743e-9]},"barkbands_crest":{"dmean":2.50802183151,"dmean2":3.9673178196,"dvar":5.89241886139,"dvar2":14.3359298706,"max":26.6396827698,"mean":10.9757757187,"median":9.99744510651,"min":2.24096846581,"var":20.6086616516},"barkbands_flatness_db":{"dmean":0.0237170252949,"dmean2":0.0346034392715,"dvar":0.000702985795215,"dvar2":0.00138891243841,"max":0.564513325691,"mean":0.187163293362,"median":0.176123857498,"min":0.0215522814542,"var":0.005059432704},"barkbands_kurtosis":{"dmean":4.3413143158,"dmean2":6.74825334549,"dvar":82.2439804077,"dvar2":198.647903442,"max":347.104797363,"mean":8.80757427216,"median":3.81968164444,"min":-1.99201381207,"var":475.225891113},"barkbands_skewness":{"dmean":0.599473178387,"dmean2":0.883523225784,"dvar":0.478015929461,"dvar2":1.01964592934,"max":11.8855209351,"mean":1.49785459042,"median":1.53495240211,"min":-16.9522819519,"var":3.7807841301},"barkbands_spread":{"dmean":4.66004514694,"dmean2":6.93727684021,"dvar":77.392288208,"dvar2":149.618133545,"max":152.269973755,"mean":14.3054704666,"median":10.0707454681,"min":0.356808334589,"var":234.451156616},"dissonance":{"dmean":0.0292186439037,"dmean2":0.0475653298199,"dvar":0.00093379226746,"dvar2":0.00237879040651,"max":0.500000059605,"mean":0.432629168034,"median":0.445967137814,"min":0.128089010715,"var":0.0027612533886},"dynamic_complexity":4.87004041672,"erbbands":{"dmean":[0.0312115959823,0.399242341518,1.05387878418,1.95518529415,4.02142858505,4.82226419449,6.88286828995,12.5749845505,22.781583786,28.8333950043,30.0631446838,17.0828990936,13.8988733292,10.8252391815,11.6604633331,23.7542743683,20.0394439697,15.1483201981,9.30193138123,4.82911062241,3.88666129112,5.08188390732,3.05559206009,3.11219477654,4.31966638565,4.12535572052,2.93367648125,2.22571825981,2.23843693733,1.5230588913,1.45582532883,1.26689827442,0.952392876148,0.497087359428,0.170902833343,0.0700541734695,0.0277449060231,0.00771067431197,0.00104209326673,0.0000495453750773],"dmean2":[0.0489522218704,0.652221500874,1.74709868431,3.29789662361,6.57288742065,7.58529996872,10.7758636475,18.8360595703,34.4018478394,43.7555351257,43.1752471924,24.1872158051,19.1554222107,15.2161645889,16.7003574371,33.4083328247,28.8975849152,22.4481143951,13.9511909485,6.92646884918,5.79309225082,7.60540723801,4.66043376923,4.76119709015,6.69148397446,6.3278875351,4.43864917755,3.29241490364,3.25557470322,2.15761995316,2.02225184441,1.80601871014,1.42371106148,0.718439757824,0.244355529547,0.102742344141,0.0409928150475,0.0121081918478,0.0017664124025,0.0000834590173326],"dvar":[0.00605911994353,1.10571694374,7.30372142792,13.3478565216,57.4833679199,113.483512878,221.978317261,1313.45849609,3742.47143555,7814.69873047,9155.14746094,3967.93066406,2605.96728516,1224.50598145,2172.62939453,7664.11621094,5822.53662109,2973.84350586,1346.33557129,229.842651367,150.649658203,152.717376709,61.6142845154,121.916419983,240.674942017,239.237380981,132.555679321,111.536209106,124.574020386,51.3089294434,49.5280723572,34.5452079773,17.1696624756,4.40955209732,0.502424001694,0.0927932783961,0.0154238054529,0.00215616635978,0.0000940485188039,1.56465731038e-7],"dvar2":[0.0142619749531,2.78053116798,18.1479949951,37.3077850342,145.399902344,253.791870117,510.604553223,2822.30078125,8010.91943359,16479.0332031,18845.2109375,8174.47509766,4779.671875,2329.35620117,4674.32470703,14356.5419922,11176.3251953,6767.68505859,2979.30029297,458.595458984,324.810943604,341.806060791,143.362045288,279.197509766,560.743835449,562.438842773,287.309753418,239.051132202,250.720565796,100.889259338,87.8109283447,66.7645874023,37.614200592,9.07663917542,1.00978183746,0.199723497033,0.0331914871931,0.00584660517052,0.000267432740657,4.41585797262e-7],"max":[2.03695082664,19.3972358704,52.4174003601,82.2863082886,188.878433228,336.236755371,429.738952637,988.885559082,1109.08764648,2217.82983398,2323.93969727,1532.66149902,1937.2713623,1209.89135742,1925.3137207,2688.62548828,2970.33349609,1831.33337402,1251.11816406,681.06640625,524.38848877,303.903778076,342.060211182,331.043395996,626.237915039,414.893280029,270.263641357,335.868865967,323.485565186,305.015472412,415.108520508,245.133102417,142.910095215,64.8153305054,30.7844181061,11.7508106232,4.62155389786,1.91372489929,0.34899097681,0.0140511021018],"mean":[0.066459864378,0.724684000015,1.50737369061,3.22065925598,7.24124097824,9.16272354126,13.3204097748,23.656835556,38.8462142944,45.5706596375,52.0415039062,29.660572052,29.8789863586,23.4013538361,20.5811195374,41.3501243591,31.4994850159,22.3514766693,14.2296495438,9.16704177856,7.28741836548,9.3703956604,5.83605766296,5.19706249237,6.55686950684,5.9979596138,4.27520561218,3.02832746506,3.03784918785,2.15177989006,2.02100729942,1.70942986012,1.23636686802,0.639944791794,0.226229742169,0.0923829302192,0.0342493392527,0.00861417595297,0.000941223523114,0.000064975793066],"median":[0.0096398666501,0.112127229571,0.501623034477,1.59425997734,3.05997180939,4.17573547363,5.87785482407,7.58016490936,11.6800727844,9.385679245,12.7394037247,5.69103050232,5.99933576584,5.09015846252,4.26062870026,6.17803955078,4.63078784943,3.91309928894,3.11677861214,2.21721053123,2.25068855286,3.04968166351,2.24977016449,1.61154794693,1.42463994026,1.06998598576,0.608225941658,0.374126315117,0.280058324337,0.229378223419,0.139874577522,0.134156301618,0.0848130881786,0.0283207036555,0.0105640236288,0.00466010998935,0.00162780587561,0.00040919840103,0.0000473454674648,0.0000287351031147],"min":[7.19858017529e-22,8.50974172067e-22,1.74057137795e-21,2.29284029107e-20,2.02920199709e-19,1.86824014622e-19,7.69753986267e-20,1.245670413e-19,1.07954514564e-19,4.06666830399e-19,1.60635962397e-18,1.10207103148e-18,1.72156406641e-18,1.80445211328e-18,2.72664145022e-18,4.61022248807e-18,5.72988051675e-18,5.58958530818e-18,6.40654072759e-18,9.86757401195e-18,1.13182602092e-17,1.46469003414e-17,9.34566275009e-18,1.08119851425e-17,1.60390949431e-17,2.02973098944e-17,1.83513344161e-17,1.69803437622e-17,1.78205607412e-17,1.44721369303e-17,1.66670606857e-17,1.23603605429e-17,1.08113399416e-17,1.30661573636e-17,9.11935109758e-18,7.06405625675e-18,3.76196035043e-18,1.74318449967e-18,3.20050577109e-19,3.60591325778e-20],"var":[0.019841702655,2.58133769035,9.42551803589,23.8516864777,145.777740479,281.758972168,537.879882812,3044.42675781,7044.75830078,15711.5419922,21475.8886719,8040.41015625,10593.1601562,6031.18212891,4058.34887695,22581.2363281,11938.1103516,4484.72021484,2243.73046875,554.069641113,346.877502441,324.873901367,136.29864502,213.973953247,410.042602539,375.369567871,226.03729248,167.577835083,208.835021973,96.482170105,116.715133667,69.9487686157,26.4039592743,7.36140871048,0.82209444046,0.14830738306,0.0236702617258,0.00177183083724,0.0000577138926019,9.84591679298e-8]},"erbbands_crest":{"dmean":2.83866262436,"dmean2":4.3943362236,"dvar":8.06614589691,"dvar2":19.0035152435,"max":31.9567146301,"mean":11.1374959946,"median":9.9575881958,"min":2.21582341194,"var":26.7413959503},"erbbands_flatness_db":{"dmean":0.0218242350966,"dmean2":0.0309567619115,"dvar":0.000624265929218,"dvar2":0.0011790500721,"max":0.494289398193,"mean":0.202064454556,"median":0.195927023888,"min":0.0311622880399,"var":0.00417672097683},"erbbands_kurtosis":{"dmean":1.76031982899,"dmean2":2.68706274033,"dvar":9.20885944366,"dvar2":20.3420162201,"max":113.439903259,"mean":2.47899103165,"median":0.726033449173,"min":-1.7904856205,"var":28.6130180359},"erbbands_skewness":{"dmean":0.45457303524,"dmean2":0.661803662777,"dvar":0.269276976585,"dvar2":0.535048604012,"max":7.57928133011,"mean":0.758711695671,"median":0.698662638664,"min":-3.71425080299,"var":1.07030534744},"erbbands_spread":{"dmean":7.06071710587,"dmean2":10.6259441376,"dvar":112.280563354,"dvar2":245.921615601,"max":158.034362793,"mean":27.4884643555,"median":24.960357666,"min":1.25801229477,"var":323.56729126},"gfcc":{"cov":[[24159.3261719,445.258422852,-1280.48156738,486.693237305,-588.438476562,637.790649414,-419.952178955,583.452148438,-467.195648193,225.261932373,-318.892944336,46.817905426,-469.594268799],[445.258422852,3360.13964844,-104.552497864,-451.519561768,434.864501953,-214.701873779,343.550170898,-103.689971924,174.427993774,-233.116210938,30.0667114258,-163.402877808,137.945251465],[-1280.48156738,-104.552497864,1196.80236816,52.4075737,13.6200122833,-12.9658555984,-61.5811767578,40.3145103455,-64.3767852783,-56.1375007629,-102.350013733,-50.3595504761,-56.2445449829],[486.693237305,-451.519561768,52.4075737,647.154907227,79.4487457275,59.7326698303,-26.7551441193,21.6274871826,53.796836853,101.73625946,-8.16012859344,15.2540750504,50.4429359436],[-588.438476562,434.864501953,13.6200122833,79.4487457275,520.428588867,93.6573410034,180.499176025,25.8845272064,122.748764038,32.3183135986,22.2210521698,-16.7034645081,68.7281646729],[637.790649414,-214.701873779,-12.9658555984,59.7326698303,93.6573410034,348.966094971,113.834312439,83.0997772217,0.66703337431,40.5980110168,45.8260650635,45.5122489929,9.50372982025],[-419.952178955,343.550170898,-61.5811767578,-26.7551441193,180.499176025,113.834312439,365.771759033,69.0677261353,57.2182159424,-15.568069458,55.6118049622,4.05580186844,69.1595077515],[583.452148438,-103.689971924,40.3145103455,21.6274871826,25.8845272064,83.0997772217,69.0677261353,201.386535645,18.3542842865,34.8125038147,22.2081890106,11.5582141876,-3.28137421608],[-467.195648193,174.427993774,-64.3767852783,53.796836853,122.748764038,0.66703337431,57.2182159424,18.3542842865,181.524719238,50.0435943604,28.5198459625,4.52707862854,41.7218894958],[225.261932373,-233.116210938,-56.1375007629,101.73625946,32.3183135986,40.5980110168,-15.568069458,34.8125038147,50.0435943604,166.742980957,41.0185279846,20.8616161346,9.32185649872],[-318.892944336,30.0667114258,-102.350013733,-8.16012859344,22.2210521698,45.8260650635,55.6118049622,22.2081890106,28.5198459625,41.0185279846,138.422470093,42.324344635,28.1431407928],[46.817905426,-163.402877808,-50.3595504761,15.2540750504,-16.7034645081,45.5122489929,4.05580186844,11.5582141876,4.52707862854,20.8616161346,42.324344635,121.917816162,29.1417598724],[-469.594268799,137.945251465,-56.2445449829,50.4429359436,68.7281646729,9.50372982025,69.1595077515,-3.28137421608,41.7218894958,9.32185649872,28.1431407928,29.1417598724,138.253448486]],"icov":[[0.000103224490886,-0.000166212877957,0.000173775188159,-0.000185236960533,0.000144289719174,-0.000263149500825,0.000168234022567,-0.000381933408789,0.000356086209649,-0.000279070314718,0.000452770851552,-0.000231322876061,0.000375825853553],[-0.000166212877957,0.000818714557681,-0.000262809160631,0.000622318126261,-0.000589780393057,0.000739406328648,-0.000518955814186,0.000774354208261,-0.000950044486672,0.00109049340244,-0.00101670820732,0.000998933333904,-0.000985505525023],[0.000173775188159,-0.000262809160631,0.0012394906953,-0.000419668591348,0.0000639084755676,-0.000419605406933,0.00042509654304,-0.000980891869403,0.000856647151522,-0.000173980399268,0.0012462293962,-0.000241229659878,0.000821363297291],[-0.000185236960533,0.000622318126261,-0.000419668591348,0.00239241425879,-0.000616878387518,0.000338911311701,-0.000101417332189,0.000765418517403,-0.00107481563464,-0.0001839970937,-0.000447854632512,0.000780263158958,-0.00167800940108],[0.000144289719174,-0.000589780393057,0.0000639084755676,-0.000616878387518,0.00329035357572,-0.00114818965085,-0.000650147616398,-0.00025966213434,-0.000772066297941,-0.00102207926102,0.00105824007187,-0.0000243170634349,0.000183552954695],[-0.000263149500825,0.000739406328648,-0.000419605406933,0.000338911311701,-0.00114818965085,0.0047730342485,-0.00157397170551,0.0000426107508247,-0.000133930792799,0.000485855707666,-0.00173482310493,-0.000381936726626,-0.000453576882137],[0.000168234022567,-0.000518955814186,0.00042509654304,-0.000101417332189,-0.000650147616398,-0.00157397170551,0.0048267673701,-0.00187085045036,0.000289508956484,0.000624532229267,-0.000323966261931,0.000134325760882,-0.000820211775135],[-0.000381933408789,0.000774354208261,-0.000980891869403,0.000765418517403,-0.00025966213434,0.0000426107508247,-0.00187085045036,0.00755146984011,-0.0018651606515,0.000050960938097,-0.00190900219604,0.000879603845533,-0.000744353746995],[0.000356086209649,-0.000950044486672,0.000856647151522,-0.00107481563464,-0.000772066297941,-0.000133930792799,0.000289508956484,-0.0018651606515,0.00917376019061,-0.00321308011189,0.00125683343504,-0.00116661877837,0.000540261913557],[-0.000279070314718,0.00109049340244,-0.000173980399268,-0.0001839970937,-0.00102207926102,0.000485855707666,0.000624532229267,0.000050960938097,-0.00321308011189,0.00986403040588,-0.00366569263861,0.00113116484135,-0.00106380402576],[0.000452770851552,-0.00101670820732,0.0012462293962,-0.000447854632512,0.00105824007187,-0.00173482310493,-0.000323966261931,-0.00190900219604,0.00125683343504,-0.00366569263861,0.0119883576408,-0.00384229118936,0.00117006595246],[-0.000231322876061,0.000998933333904,-0.000241229659878,0.000780263158958,-0.0000243170634349,-0.000381936726626,0.000134325760882,0.000879603845533,-0.00116661877837,0.00113116484135,-0.00384229118936,0.0115143917501,-0.00354234664701],[0.000375825853553,-0.000985505525023,0.000821363297291,-0.00167800940108,0.000183552954695,-0.000453576882137,-0.000820211775135,-0.000744353746995,0.000540261913557,-0.00106380402576,0.00117006595246,-0.00354234664701,0.0111890705302]],"mean":[-80.5958633423,117.062110901,-107.051231384,12.5355463028,-61.3529319763,-2.72052884102,-38.5106048584,-0.162340074778,-20.3740844727,-0.880022287369,-8.35386562347,-4.66287183762,-12.7013883591]},"hfc":{"dmean":4.70984649658,"dmean2":6.73517227173,"dvar":80.0791168213,"dvar2":161.352035522,"max":190.093139648,"mean":14.428855896,"median":9.04020309448,"min":1.22306872433e-16,"var":285.911315918},"melbands":{"dmean":[0.000347652065102,0.000548503303435,0.000389642431401,0.000306370377075,0.00023319660977,0.000280537031358,0.000359096855391,0.000317920697853,0.000226785865379,0.000103762031358,0.0000688631116645,0.0000446815829491,0.0000379239936592,0.000060852329625,0.0000526916774106,0.0000405138780479,0.0000293888551823,0.0000160578529176,0.00000909441678232,0.0000053313187891,0.00000507786035087,0.00000580006508244,0.00000459336479253,0.00000223201823246,0.00000263606330009,0.00000332059494212,0.00000322911614603,0.00000281698203253,0.00000219905996346,0.00000128411772948,0.00000136441349241,0.00000134692527354,0.00000108848587388,8.22448555482e-7,8.61103558236e-7,8.54969982811e-7,7.78947594426e-7,6.87218914663e-7,6.19480999831e-7,3.62290933253e-7],"dmean2":[0.000553762190975,0.000899668317288,0.000650130677968,0.000486794364406,0.000365361658623,0.000419050309574,0.000545669929124,0.000477727298858,0.000324723572703,0.000146950522321,0.0000954684655881,0.000063397368649,0.0000555012811674,0.000086081243353,0.0000756563676987,0.0000595621604589,0.0000442719065177,0.0000244036127697,0.0000133782741614,0.00000809638095234,0.0000076802489275,0.00000875887235452,0.00000701581848261,0.00000348484309143,0.0000040963873289,0.00000517877060702,0.00000504458012074,0.00000440405665358,0.00000338929157806,0.00000194409267351,0.00000204828165806,0.00000198056022782,0.00000160171248353,0.00000119230469409,0.00000122088192711,0.00000120338859233,0.00000114611498248,0.00000104180753624,9.23354491533e-7,5.29734336396e-7],"dvar":[7.82666347732e-7,0.0000018891983018,4.80700521166e-7,3.79592137278e-7,2.37182987917e-7,5.91580828768e-7,8.96684070995e-7,8.80813217918e-7,5.29541750893e-7,1.54980881462e-7,6.53225953329e-8,2.28380869771e-8,2.61791281986e-8,5.22873904174e-8,3.71483430683e-8,2.2247821363e-8,1.23570282895e-8,4.39783320871e-9,1.06432418434e-9,2.99464397724e-10,2.447627101e-10,2.03635511231e-10,1.43664330432e-10,4.15034985546e-11,9.69602800827e-11,1.49688247908e-10,1.401148364e-10,1.25151208841e-10,8.11461592365e-11,2.73557617531e-11,4.97008406652e-11,4.48618087123e-11,3.3962822138e-11,1.45730857937e-11,1.83952766214e-11,1.83082559529e-11,1.32738880651e-11,8.68946407884e-12,8.14097053659e-12,2.38332335638e-12],"dvar2":[0.00000189323827726,0.00000471012390335,0.00000130131138576,8.49998741614e-7,5.55127371626e-7,0.00000126503732645,0.0000019643377982,0.00000186125691926,0.00000110110374862,3.13871282742e-7,1.20280503779e-7,4.38466258856e-8,5.74705651957e-8,9.91253230609e-8,7.32232052769e-8,4.56701201301e-8,2.82244272398e-8,9.75850777962e-9,2.13161954754e-9,6.28789853518e-10,5.12869469116e-10,4.52543502671e-10,3.42774031381e-10,9.44964176353e-11,2.25737206705e-10,3.56617235742e-10,3.26700305697e-10,3.02763203397e-10,1.84815662774e-10,5.92592988569e-11,1.08801426202e-10,8.98415092321e-11,7.3639747078e-11,2.99673688642e-11,3.34745425823e-11,3.54047867412e-11,2.70912528522e-11,1.94551701138e-11,1.75136589259e-11,5.02463175234e-12],"max":[0.0162243358791,0.0216626562178,0.0142151461914,0.0223755091429,0.015058549121,0.0195779390633,0.0162286646664,0.0207003448159,0.0168890058994,0.00910383090377,0.00968085881323,0.00458162138239,0.00725953839719,0.00735560338944,0.00493282591924,0.00465328618884,0.00396141782403,0.00207992899232,0.00117414619308,0.00080616743071,0.000829295022413,0.00047763629118,0.000527820084244,0.000226444433792,0.00030263478402,0.000472338026157,0.000369454384781,0.000328004854964,0.000231667872868,0.000134221889311,0.000267449475359,0.00021022609144,0.000263564201305,0.000153287342982,0.000271496392088,0.000232957172557,0.000169738967088,0.0000975171788014,0.000115541275591,0.0000424843019573],"mean":[0.000733845809009,0.000888618524186,0.000674119160976,0.000606216257438,0.000448811857495,0.000537943909876,0.000605139008258,0.000503740098793,0.000380462995963,0.000173917549546,0.000142962046084,0.0000907537469175,0.0000640559082967,0.000105128769064,0.0000831717916299,0.0000585300476814,0.0000400340177293,0.0000224879167945,0.0000150156965901,0.00000965780145634,0.00000872219698067,0.0000100711895357,0.00000786854707258,0.00000386125657315,0.00000409457106798,0.00000483750773128,0.00000458221393274,0.00000387993623008,0.00000304395780404,0.0000017475315417,0.00000176153969278,0.00000178329469236,0.00000143607303471,0.00000111592521534,0.0000011581543049,0.00000113003420665,0.00000101533521502,8.69188966135e-7,7.813822549e-7,4.53901208175e-7],"median":[0.000113047273771,0.00025062012719,0.000352965056663,0.000274176010862,0.000211192265851,0.000172973988811,0.000174755376065,0.000100244003988,0.0000860165455379,0.0000280471685983,0.000026886445994,0.0000184185937542,0.0000121098564705,0.0000153077071445,0.0000119117676149,0.00000784660005593,0.00000594748780713,0.00000444373654318,0.00000321500237987,0.00000242010378315,0.00000240722238232,0.0000029780044315,0.00000242481337409,0.00000140168788221,0.00000112569819066,9.92758714347e-7,8.22784954835e-7,6.14443422364e-7,3.77343894797e-7,2.20187359901e-7,1.81979459057e-7,1.52157383582e-7,1.21305049561e-7,1.15675192092e-7,7.48359951785e-8,6.95628301628e-8,8.01135158213e-8,6.21986657734e-8,3.37697976249e-8,1.65936260288e-8],"min":[5.45525872725e-24,7.56886301973e-25,8.94119562438e-24,1.64841053175e-23,2.87515009999e-24,2.70732132291e-24,1.64559461387e-24,5.10146171101e-24,1.45032424524e-23,6.97287880305e-24,8.92051958005e-24,7.31811273416e-24,9.72117316694e-24,8.2149245211e-24,1.32203771268e-23,1.34220076076e-23,9.64671179724e-24,9.64456215127e-24,1.13547991832e-23,1.34037328558e-23,1.3679509162e-23,1.50862185499e-23,1.01621929558e-23,6.28221845875e-24,8.82455149549e-24,1.26989298132e-23,1.10692078696e-23,1.43227684322e-23,1.19093052907e-23,9.65041549919e-24,9.9292573188e-24,1.04467918823e-23,7.93600618198e-24,7.91019859746e-24,8.50971789707e-24,1.1195513178e-23,5.99964651035e-24,6.81799858608e-24,8.77562397556e-24,1.20563181978e-23],"var":[0.00000238856137003,0.00000303731712847,9.38270147799e-7,0.00000112838301902,5.45152659015e-7,0.00000145108492688,0.00000166280915437,0.00000177588469796,0.00000118088803447,3.24038552435e-7,2.57543490534e-7,9.86314176998e-8,4.89185616459e-8,1.56129601692e-7,8.26624599881e-8,3.97428614463e-8,1.74456111779e-8,6.70637323452e-9,2.23659313292e-9,5.92631277385e-10,6.05520078523e-10,4.13897083273e-10,2.77491252199e-10,8.10216616021e-11,1.56319027167e-10,2.49629539262e-10,2.17471610164e-10,1.79328732419e-10,1.26982355186e-10,4.3184268661e-11,6.93215623793e-11,7.50387321724e-11,5.08325326276e-11,2.6770712383e-11,4.20374464405e-11,3.73659610198e-11,2.4676640939e-11,1.28944693464e-11,1.24255848666e-11,3.83563580203e-12]},"melbands_crest":{"dmean":3.16776776314,"dmean2":5.09688901901,"dvar":8.917552948,"dvar2":22.5577507019,"max":33.0301742554,"mean":13.9290809631,"median":13.0885066986,"min":1.62946009636,"var":26.2746162415},"melbands_flatness_db":{"dmean":0.0282742399722,"dmean2":0.0399697236717,"dvar":0.00106437760405,"dvar2":0.00200519873761,"max":0.739603340626,"mean":0.2593922019,"median":0.250357627869,"min":0.00281561771408,"var":0.008191017434},"melbands_kurtosis":{"dmean":6.02587175369,"dmean2":9.35626316071,"dvar":115.200317383,"dvar2":269.667510986,"max":381.502929688,"mean":11.6741342545,"median":6.94027233124,"min":-1.84091806412,"var":330.111938477},"melbands_skewness":{"dmean":0.657457113266,"dmean2":0.978280246258,"dvar":0.565864682198,"dvar2":1.26039457321,"max":16.9292945862,"mean":2.14335131645,"median":1.99699068069,"min":-1.80564892292,"var":2.35761737823},"melbands_spread":{"dmean":6.42293119431,"dmean2":9.32565689087,"dvar":210.302886963,"dvar2":381.978240967,"max":272.539978027,"mean":18.9302787781,"median":11.5414924622,"min":0.55191552639,"var":708.24230957},"mfcc":{"cov":[[13390.8808594,263.170135498,-1020.0199585,241.213409424,91.8710327148,286.532684326,364.495727539,358.647155762,137.594009399,218.089126587,236.170440674,187.165435791,-6.33441066742],[263.170135498,2975.14697266,-72.7340087891,-129.522827148,64.7180404663,-35.8325233459,115.374954224,142.202285767,136.772994995,-10.4182338715,46.8080749512,13.5959653854,-16.8214797974],[-1020.0199585,-72.7340087891,992.04498291,43.9238243103,25.8988571167,-95.8524627686,-32.9292449951,-42.5415840149,-35.2052192688,-56.8568229675,-20.5361194611,-70.3796463013,-67.22631073],[241.213409424,-129.522827148,43.9238243103,504.376434326,121.42048645,68.032951355,-31.9621047974,-41.375995636,74.5329666138,68.2105636597,-0.0603127889335,-24.7618465424,30.4439544678],[91.8710327148,64.7180404663,25.8988571167,121.42048645,297.019683838,81.6568832397,-7.40799665451,-4.06095170975,43.696472168,55.6070480347,21.3685417175,-19.072052002,27.3690414429],[286.532684326,-35.8325233459,-95.8524627686,68.032951355,81.6568832397,286.074951172,71.2796707153,49.5090942383,67.9846420288,39.9268493652,16.464132309,32.831905365,35.4200935364],[364.495727539,115.374954224,-32.9292449951,-31.9621047974,-7.40799665451,71.2796707153,296.795959473,109.853607178,76.3739929199,25.8561038971,44.0074539185,46.4240226746,38.5129165649],[358.647155762,142.202285767,-42.5415840149,-41.375995636,-4.06095170975,49.5090942383,109.853607178,202.459228516,63.7287559509,8.00912570953,28.0162696838,33.7090072632,23.5954475403],[137.594009399,136.772994995,-35.2052192688,74.5329666138,43.696472168,67.9846420288,76.3739929199,63.7287559509,192.719467163,56.9647331238,24.483171463,11.6945743561,23.2197360992],[218.089126587,-10.4182338715,-56.8568229675,68.2105636597,55.6070480347,39.9268493652,25.8561038971,8.00912570953,56.9647331238,154.22076416,46.8751754761,21.9242134094,26.697227478],[236.170440674,46.8080749512,-20.5361194611,-0.0603127889335,21.3685417175,16.464132309,44.0074539185,28.0162696838,24.483171463,46.8751754761,128.058532715,30.8930034637,10.8554649353],[187.165435791,13.5959653854,-70.3796463013,-24.7618465424,-19.072052002,32.831905365,46.4240226746,33.7090072632,11.6945743561,21.9242134094,30.8930034637,129.195236206,41.1384239197],[-6.33441066742,-16.8214797974,-67.22631073,30.4439544678,27.3690414429,35.4200935364,38.5129165649,23.5954475403,23.2197360992,26.697227478,10.8554649353,41.1384239197,133.670516968]],"icov":[[0.0000914292177185,-0.00000114808608487,0.0000917052748264,-0.0000771123450249,-0.0000158707243827,-0.0000143886754813,-0.0000682370737195,-0.000133146808366,0.0000746830264688,-0.0000497997934872,-0.0000904133630684,-0.0000579273619223,0.000140240706969],[-0.00000114808608487,0.000372773152776,0.0000348648209183,0.000112415167678,-0.000167014630279,0.000163448217791,-0.0000496128122904,-0.000159319359227,-0.00029186354368,0.000137304305099,-0.0000688430154696,-0.0000181697450898,0.000106549799966],[0.0000917052748264,0.0000348648209183,0.00122135737911,-0.00023214596149,-0.000257757375948,0.000358498626156,-0.000224637071369,-0.0000817628897494,0.000105888095277,0.000340605649399,-0.000145973681356,0.000245583272772,0.000562645611353],[-0.0000771123450249,0.000112415167678,-0.00023214596149,0.0026367183309,-0.000621824525297,-0.000321635918226,0.000392819318222,0.0007051951834,-0.00103698822204,-0.000593061558902,0.000275407655863,0.000462662050268,-0.000598067475948],[-0.0000158707243827,-0.000167014630279,-0.000257757375948,-0.000621824525297,0.00440594460815,-0.00117012206465,0.000451143627288,0.000152738895849,-0.0000969623142737,-0.000989916501567,-0.000537702231668,0.00109923293348,-0.000838860520162],[-0.0000143886754813,0.000163448217791,0.000358498626156,-0.000321635918226,-0.00117012206465,0.0045947288163,-0.000694174086675,-0.000496243534144,-0.000820813642349,0.0000077535651144,0.00033056596294,-0.000813569815364,-0.0000523192284163],[-0.0000682370737195,-0.0000496128122904,-0.000224637071369,0.000392819318222,0.000451143627288,-0.000694174086675,0.00485836248845,-0.00163257599343,-0.00111982005183,-0.0000133341882247,-0.00078925024718,-0.000463823991595,-0.000827921729069],[-0.000133146808366,-0.000159319359227,-0.0000817628897494,0.0007051951834,0.000152738895849,-0.000496243534144,-0.00163257599343,0.00715127773583,-0.00172290520277,0.000756953435484,-0.000449521729024,-0.000511315301992,-0.000577863305807],[0.0000746830264688,-0.00029186354368,0.000105888095277,-0.00103698822204,-0.0000969623142737,-0.000820813642349,-0.00111982005183,-0.00172290520277,0.00764449499547,-0.00200881413184,0.0000289866165986,0.000453132437542,0.0000518446322531],[-0.0000497997934872,0.000137304305099,0.000340605649399,-0.000593061558902,-0.000989916501567,0.0000077535651144,-0.0000133341882247,0.000756953435484,-0.00200881413184,0.00900966394693,-0.00258285040036,-0.000743355776649,-0.000619822996669],[-0.0000904133630684,-0.0000688430154696,-0.000145973681356,0.000275407655863,-0.000537702231668,0.00033056596294,-0.00078925024718,-0.000449521729024,0.0000289866165986,-0.00258285040036,0.00970126129687,-0.00166765390895,0.000416374707129],[-0.0000579273619223,-0.0000181697450898,0.000245583272772,0.000462662050268,0.00109923293348,-0.000813569815364,-0.000463823991595,-0.000511315301992,0.000453132437542,-0.000743355776649,-0.00166765390895,0.0100484453142,-0.00265981326811],[0.000140240706969,0.000106549799966,0.000562645611353,-0.000598067475948,-0.000838860520162,-0.0000523192284163,-0.000827921729069,-0.000577863305807,0.0000518446322531,-0.000619822996669,0.000416374707129,-0.00265981326811,0.0093460381031]],"mean":[-720.100341797,149.402023315,7.5078291893,14.7995500565,-2.03239297867,-5.48196411133,-6.89236068726,-5.03493070602,-9.97441864014,-0.782958567142,-2.92590236664,3.55492138863,-1.7559595108]},"pitch_salience":{"dmean":0.0708488896489,"dmean2":0.1129713431,"dvar":0.0043224580586,"dvar2":0.0107605289668,"max":0.888574421406,"mean":0.576999425888,"median":0.5900349617,"min":0.113632619381,"var":0.0141157871112},"silence_rate_20dB":{"dmean":0,"dmean2":0,"dvar":0,"dvar2":0,"max":1,"mean":1,"median":1,"min":1,"var":0},"silence_rate_30dB":{"dmean":0.000147677768837,"dmean2":0.000295377336442,"dvar":0.00014764671505,"dvar2":0.000442941818619,"max":1,"mean":0.999926149845,"median":1,"min":0,"var":0.0000738256712793},"silence_rate_60dB":{"dmean":0.0254005752504,"dmean2":0.0508049018681,"dvar":0.0247525814921,"dvar2":0.0551651008427,"max":1,"mean":0.169226229191,"median":0,"min":0,"var":0.1405954808},"spectral_centroid":{"dmean":204.519241333,"dmean2":290.817169189,"dvar":143183.875,"dvar2":241153.15625,"max":10992.3115234,"mean":946.921020508,"median":713.909179688,"min":135.028533936,"var":612738.0625},"spectral_complexity":{"dmean":2.2364320755,"dmean2":3.43597698212,"dvar":7.13070344925,"dvar2":14.6009263992,"max":52,"mean":12.4889249802,"median":12,"min":0,"var":54.1139526367},"spectral_contrast_coeffs":{"dmean":[0.047419089824,0.0468363054097,0.03735723719,0.0315927155316,0.0250685326755,0.0208010207862],"dmean2":[0.0781250447035,0.0731298774481,0.0573035739362,0.0475721880794,0.0380921214819,0.0321206785738],"dvar":[0.00160148146097,0.00183099741116,0.00121138803661,0.000862600631081,0.000556990504265,0.000420627999119],"dvar2":[0.00421672407538,0.00397347053513,0.00242116791196,0.00168877420947,0.00116764614359,0.000926006061491],"max":[-0.243497297168,-0.34753382206,-0.373732447624,-0.488586574793,-0.547388255596,-0.587686955929],"mean":[-0.612296044827,-0.688684344292,-0.752068579197,-0.767159759998,-0.778908729553,-0.776127755642],"median":[-0.62447142601,-0.69822627306,-0.76433134079,-0.777410387993,-0.782033801079,-0.782864511013],"min":[-0.957244277,-0.97350782156,-0.963722705841,-0.968507349491,-0.956749141216,-0.958638072014],"var":[0.0135404076427,0.0086247548461,0.00739735644311,0.0057805753313,0.00349369761534,0.00305411755107]},"spectral_contrast_valleys":{"dmean":[0.386062413454,0.331175029278,0.310310006142,0.298632264137,0.303338646889,0.406893759966],"dmean2":[0.643884897232,0.536568820477,0.494249522686,0.458005070686,0.435463696718,0.556409299374],"dvar":[0.113863192499,0.0854906663299,0.086770363152,0.0960936099291,0.128050014377,0.260890990496],"dvar2":[0.289532840252,0.204136267304,0.184271588922,0.192988857627,0.230318054557,0.466505944729],"max":[-5.53665304184,-4.75304698944,-5.16801738739,-5.91969633102,-5.6344127655,-7.24215507507],"mean":[-8.07354354858,-7.07592916489,-8.08088207245,-8.70878696442,-8.82807064056,-11.4742746353],"median":[-7.54741001129,-6.71775531769,-7.6441245079,-8.28413772583,-8.44153022766,-11.2651500702],"min":[-27.3796253204,-26.685546875,-27.1876754761,-27.0125694275,-27.4406261444,-27.2578678131],"var":[3.61742806435,2.83063530922,2.79739332199,2.59731888771,2.67501521111,3.12518239021]},"spectral_decrease":{"dmean":1.55126811396e-9,"dmean2":2.33720331977e-9,"dvar":5.16368490003e-18,"dvar2":1.08601742034e-17,"max":4.29488611771e-16,"mean":-5.50227330365e-9,"median":-4.39254232987e-9,"min":-2.85507351094e-8,"var":2.3812728236e-17},"spectral_energy":{"dmean":0.00613365974277,"dmean2":0.00924871768802,"dvar":0.0000792596620158,"dvar2":0.000166720754351,"max":0.113384522498,"mean":0.0220754817128,"median":0.0177717134356,"min":1.07878633667e-20,"var":0.000375743373297},"spectral_energyband_high":{"dmean":0.000289026793325,"dmean2":0.000401883153245,"dvar":0.00000109906352463,"dvar2":0.00000205314040613,"max":0.0236526299268,"mean":0.000447492930107,"median":0.0000667964268359,"min":7.97732013394e-21,"var":0.0000023385825898},"spectral_energyband_low":{"dmean":0.00242932839319,"dmean2":0.00392133882269,"dvar":0.0000284195866698,"dvar2":0.0000698616277077,"max":0.0859771892428,"mean":0.00495063280687,"median":0.00186240021139,"min":2.416494734e-23,"var":0.000067720124207},"spectral_energyband_middle_high":{"dmean":0.00148167880252,"dmean2":0.00205724220723,"dvar":0.00000989872114587,"dvar2":0.0000176340417966,"max":0.064236164093,"mean":0.00380160333589,"median":0.00152310065459,"min":1.60040334114e-21,"var":0.0000441704833065},"spectral_energyband_middle_low":{"dmean":0.00475620711222,"dmean2":0.0071492260322,"dvar":0.0000584527115279,"dvar2":0.000122401092085,"max":0.109098538756,"mean":0.0137249175459,"median":0.00943922810256,"min":2.27547975718e-22,"var":0.000204253534321},"spectral_entropy":{"dmean":0.211959958076,"dmean2":0.297914147377,"dvar":0.0676370412111,"dvar2":0.120339907706,"max":9.80620670319,"mean":6.95703601837,"median":6.98990011215,"min":4.16230106354,"var":0.474073022604},"spectral_flux":{"dmean":0.0218766424805,"dmean2":0.0347085855901,"dvar":0.000721744028851,"dvar2":0.00170317327138,"max":0.335793465376,"mean":0.0666747242212,"median":0.0583866275847,"min":1.03864639112e-10,"var":0.00232018018141},"spectral_kurtosis":{"dmean":4.12252426147,"dmean2":6.73602437973,"dvar":49.2824783325,"dvar2":128.905929565,"max":282.100036621,"mean":11.5174722672,"median":7.13539361954,"min":-1.41576433182,"var":314.114624023},"spectral_rms":{"dmean":0.000606276618782,"dmean2":0.000895558565389,"dvar":5.71855366616e-7,"dvar2":0.00000111327494778,"max":0.0105175590143,"mean":0.00409110495821,"median":0.00416392367333,"min":3.24418638654e-12,"var":0.00000479975233247},"spectral_rolloff":{"dmean":418.769744873,"dmean2":666.182983398,"dvar":1227573.625,"dvar2":2373591.5,"max":21425.5371094,"mean":1472.32373047,"median":624.462890625,"min":86.1328125,"var":7959128.5},"spectral_skewness":{"dmean":0.389179468155,"dmean2":0.60225379467,"dvar":0.212823852897,"dvar2":0.492138504982,"max":13.7806406021,"mean":2.3314230442,"median":2.06903386116,"min":-0.0444833561778,"var":1.56077265739},"spectral_spread":{"dmean":588393,"dmean2":859552.25,"dvar":699807563776,"dvar2":1227686412290,"max":40816516,"mean":3833069.5,"median":3294779.5,"min":398851.53125,"var":4564802076670},"spectral_strongpeak":{"dmean":0.496168196201,"dmean2":0.780035555363,"dvar":0.649548947811,"dvar2":1.40961956978,"max":12.8536291122,"mean":1.09278297424,"median":0.511711061001,"min":0,"var":2.01179146767},"zerocrossingrate":{"dmean":0.0104633448645,"dmean2":0.0113363675773,"dvar":0.000362405815395,"dvar2":0.000339924852597,"max":0.9013671875,"mean":0.0563097819686,"median":0.03369140625,"min":0.0029296875,"var":0.00985170807689}},"metadata":{"audio_properties":{"analysis_sample_rate":44100,"bit_rate":0,"codec":"flac","downmix":"mix","equal_loudness":0,"length":314.466674805,"lossless":true,"md5_encoded":"d15fa5e063cab634e8e836212bc65b70","replay_gain":-13.0261287689},"tags":{"acoustid_id":["30847288-719b-459d-a43c-d7bd15827b55"],"album":["The Last Ship"],"album artist":["Sting"],"albumartist":["Sting"],"albumartist_credit":["Sting"],"albumartistsort":["Sting"],"artist":["Sting"],"artist_credit":["Sting"],"artistsort":["Sting"],"asin":["B00D6DVSAE"],"barcode":["602537443222"],"bpm":["0"],"catalognumber":["3744322"],"compilation":["0"],"date":["2013-9-23"],"disc":["1"],"discc":["2"],"discnumber":["1"],"disctotal":["2"],"file_name":"01-08. Ballad of the Great Eastern.flac","genre":["Folk Rock"],"isrc":["USUM71309044"],"label":["A&M Records"],"language":["eng"],"media":["CD"],"musicbrainz_albumartistid":["7944ed53-2a58-4035-9b93-140a71e41c34"],"musicbrainz_albumid":["e1be8588-27e7-46ca-92c9-0a554b7416c3"],"musicbrainz_albumstatus":["Official"],"musicbrainz_albumtype":["album"],"musicbrainz_artistid":["7944ed53-2a58-4035-9b93-140a71e41c34"],"musicbrainz_discid":["lF10t0eyG8yD9kOji87Yh1jb05w-"],"musicbrainz_recordingid":["903a7f5f-d53e-406f-9ab4-00b25e1470f8"],"musicbrainz_releasegroupid":["2062ef8c-214f-40e1-a1dc-4c329a1e09cb"],"originaldate":["2013-9-23"],"publisher":["A&M Records"],"releasecountry":["GB"],"releasestatus":["official"],"releasetype":["album"],"replaygain_album_gain":["-6.92 dB"],"replaygain_album_peak":["0.994385"],"replaygain_reference_loudness":["89.0 dB"],"replaygain_track_gain":["-7.42 dB"],"replaygain_track_peak":["0.954376"],"script":["Latn"],"title":["Ballad of the Great Eastern"],"totaldis