{"lowlevel":{"average_loudness":0.741649627686,"barkbands":{"dmean":[0.0000398169504479,0.00120700732805,0.000968302309047,0.000945772277191,0.000574444537051,0.000414440932218,0.00025791634107,0.000224687013542,0.000190497274161,0.000124181664432,0.000225680312724,0.0000930344758672,0.000203689894988,0.000199231610168,0.000206613811315,0.000282845227048,0.000201387461857,0.000248489930527,0.0000987927269307,0.000118487492728,0.0000523272137798,0.0000167639082065,0.000010370329619,0.00000951025776885,0.00000413800080423,0.00000126648149035,9.3390589484e-8],"dmean2":[0.0000657215059618,0.00206916523166,0.00171652575955,0.00164397864137,0.000930064648855,0.000621015497018,0.000389885535697,0.000350931368303,0.000287069589831,0.000191814280697,0.000302662519971,0.000136645321618,0.000271436438197,0.000295093312161,0.000306309986627,0.000388485117583,0.000267130701104,0.00034849497024,0.000141169744893,0.000167476959177,0.0000748002566979,0.0000248798878602,0.0000148808139784,0.0000138592813528,0.00000582101620239,0.00000170397493093,1.26652167864e-7],"dvar":[9.15654752021e-9,0.00000856392307469,0.00000469058522867,0.00000429634928878,0.00000103126649265,6.69725579883e-7,0.00000107152561668,0.00000123380380046,4.01441525355e-7,2.41344480401e-7,9.4654996019e-7,1.38275396466e-7,4.64879860829e-7,4.01238821723e-7,5.07276013195e-7,7.04683998265e-7,4.02191432158e-7,5.82920279157e-7,9.15762754516e-8,1.47517724258e-7,2.35990071928e-8,1.84572412909e-9,6.0036342564e-10,4.32639785108e-10,3.5272176846e-10,1.01559843868e-10,8.91645969298e-14],"dvar2":[2.40141400099e-8,0.0000233942446357,0.0000135738382596,0.0000117971903819,0.0000026657073704,0.0000014510130768,0.0000020263839815,0.00000256449811786,7.78268258728e-7,5.90583510984e-7,0.00000132304444378,3.25707844695e-7,5.53876191134e-7,7.78892569997e-7,9.55494215304e-7,0.00000138836162478,7.10611118393e-7,0.00000101937905583,1.89697800579e-7,2.65774019681e-7,4.77469548343e-8,4.14767686863e-9,1.1542978795e-9,8.83230599769e-10,6.20912710136e-10,1.41267095244e-10,1.25588843253e-13],"max":[0.00129481055774,0.0368153639138,0.0386640429497,0.02355401963,0.0105830375105,0.0149995237589,0.0314161106944,0.0301090739667,0.0128407087177,0.00971689913422,0.029900085181,0.00967085082084,0.0280748531222,0.0137620791793,0.0125441662967,0.0151333855465,0.0119319800287,0.0161671377718,0.0049411226064,0.00744585879147,0.003240540158,0.00103141972795,0.000640030775685,0.000348367291735,0.000938631652389,0.000540526001714,0.0000129766149257],"mean":[0.0000539202228538,0.00160412630066,0.00109393463936,0.000988957821392,0.00100506038871,0.000926242035348,0.000456803216366,0.000346837099642,0.000407302024541,0.000196902852622,0.000439116178313,0.000149130632053,0.00038752090768,0.000313434371492,0.000363516883226,0.000519861991052,0.000426198908826,0.000513528124429,0.000214086438064,0.00024319057411,0.000100650489912,0.0000303671276924,0.0000193720425159,0.0000155789421115,0.00000748408774598,0.00000237923404711,1.70916365505e-7],"median":[0.0000135396867336,0.000640774378553,0.000429131265264,0.000261849461822,0.000521409965586,0.000377557473257,0.000148157196236,0.000108946042019,0.0000925794156501,0.0000497468390677,0.0000503101473441,0.0000455403605883,0.0000743573909858,0.0000607723231951,0.0000512591504958,0.0000555032602279,0.000026548621463,0.0000378124714189,0.0000210933212657,0.0000154263398144,0.00000853065739648,0.00000517492753715,0.00000540370365343,0.00000401219176638,0.0000016774154119,3.34307031835e-7,3.3742548311e-8],"min":[4.78698955475e-11,2.47300041556e-10,1.70839800639e-11,7.76510869493e-11,4.30236315324e-12,7.12927709489e-13,3.31560430153e-12,3.13657346623e-12,3.93730881232e-12,5.64997874875e-12,1.78237095222e-11,7.13388419518e-12,2.45020345159e-12,6.51474837618e-12,4.59113866716e-12,8.0211124201e-12,1.07665092119e-11,7.39563011526e-12,1.49434475211e-11,1.98390939093e-11,2.3752217207e-11,1.9731985143e-11,1.2000119648e-11,1.36333704742e-11,1.62798923647e-11,1.51863539105e-11,6.60357463156e-11],"var":[1.35497879583e-8,0.00000924994219531,0.00000400567159886,0.00000390024251828,0.00000180654978976,0.00000229416446018,0.00000289029139822,0.00000164747120834,0.00000160036699981,3.20180419067e-7,0.00000401091574531,2.2138080169e-7,0.00000191910316971,9.56342660174e-7,0.00000153754490384,0.00000208057781492,0.00000172886484506,0.00000205640981221,3.31992112024e-7,4.37074049842e-7,8.33563049696e-8,5.25974552801e-9,2.16467355152e-9,1.09788711455e-9,1.347427947e-9,4.0088674047e-10,4.37156224848e-13]},"barkbands_crest":{"dmean":2.61188817024,"dmean2":4.33519077301,"dvar":5.75072431564,"dvar2":14.4982023239,"max":26.0314502716,"mean":9.4122428894,"median":8.67290019989,"min":3.2519261837,"var":13.8643636703},"barkbands_flatness_db":{"dmean":0.0225982218981,"dmean2":0.0354153737426,"dvar":0.000485695549287,"dvar2":0.00118807470426,"max":0.424931645393,"mean":0.143210291862,"median":0.136608928442,"min":0.027349434793,"var":0.00196514301933},"barkbands_kurtosis":{"dmean":3.61043381691,"dmean2":5.92716932297,"dvar":86.7389984131,"dvar2":227.977996826,"max":259.077575684,"mean":4.06320619583,"median":1.71314668655,"min":-1.95740234852,"var":94.6373672485},"barkbands_skewness":{"dmean":0.658994019032,"dmean2":1.01369321346,"dvar":0.57636654377,"dvar2":1.28307378292,"max":12.1675310135,"mean":1.36967408657,"median":1.39942824841,"min":-5.03277015686,"var":1.82825732231},"barkbands_spread":{"dmean":5.61302518845,"dmean2":8.75850391388,"dvar":35.9059295654,"dvar2":80.9716339111,"max":149.420761108,"mean":22.2162380219,"median":17.7503051758,"min":0.433218061924,"var":353.768188477},"dissonance":{"dmean":0.0182255785912,"dmean2":0.0304002650082,"dvar":0.000370365509298,"dvar2":0.000978417461738,"max":0.499750882387,"mean":0.464907109737,"median":0.471495985985,"min":0.242193222046,"var":0.00080508395331},"dynamic_complexity":7.86876630783,"erbbands":{"dmean":[0.030649766326,0.30693846941,1.05620789528,1.9464892149,2.81241679192,1.96064352989,1.9284876585,4.49720430374,2.56849551201,5.57900047302,3.49860143661,4.96080112457,4.22972488403,4.00893211365,9.39171028137,3.52246046066,8.40415477753,10.4347200394,9.78644371033,11.108247757,11.4031019211,11.3482217789,13.9660081863,6.05176830292,4.79157781601,5.20986652374,3.21758270264,1.27686226368,0.647120416164,0.39230209589,0.286272734404,0.231892094016,0.140082702041,0.0546689406037,0.0256023555994,0.00901978742331,0.00169738929253,0.000187141078641,0.000017474498236,0.00000454039991382],"dmean2":[0.048844024539,0.53644579649,1.87132811546,3.37911391258,4.81023836136,3.08196234703,3.0040397644,6.53397321701,3.91992902756,8.2835187912,5.11579322815,6.99295663834,6.22136831284,5.94286680222,12.0719566345,5.10433864594,11.3477916718,14.4929332733,13.9981975555,15.6936264038,15.3161182404,14.3206329346,18.8244895935,7.97676134109,6.53439378738,7.07839441299,4.21140050888,1.76429390907,0.950478553772,0.569006979465,0.420499265194,0.331390857697,0.204656347632,0.0753872916102,0.0364347212017,0.0129388477653,0.00214223889634,0.000244206865318,0.0000227780856221,0.0000063835364017],"dvar":[0.0042981216684,0.645988702774,6.87272548676,14.5411548615,37.8686180115,12.3793125153,14.2998342514,85.4046936035,48.2313766479,756.512329102,176.46635437,249.340179443,222.929962158,556.481079102,1574.43774414,185.360214233,993.167541504,1118.39526367,1315.26782227,1096.90527344,1110.99072266,1351.9979248,2127.55834961,347.935455322,234.045135498,289.062072754,90.7576675415,12.5622329712,3.19249987602,0.771915614605,0.480334490538,0.295317739248,0.08964689821,0.0243051219732,0.0282999612391,0.00607223622501,0.000130742235342,6.20843820798e-7,2.93103030735e-9,5.0190355344e-11],"dvar2":[0.010462523438,1.83475339413,19.8962936401,40.1647758484,102.233634949,30.2666397095,34.5992050171,174.709960938,88.1553192139,1369.91308594,334.25,504.252929688,433.266571045,1347.95263672,1965.72021484,452.386291504,1288.61535645,1931.87780762,2403.49902344,2088.92456055,1997.2989502,2218.203125,3472.58984375,547.347900391,444.119628906,463.440612793,156.107040405,24.2897396088,7.11507415771,1.59990537167,0.92224240303,0.580236434937,0.192909225821,0.0425687469542,0.0439895018935,0.00954356323928,0.000215870313696,6.95992582678e-7,4.0467984519e-9,9.89810941543e-11],"max":[1.15199065208,10.174495697,44.7703857422,38.1846733093,58.3013153076,52.0091018677,72.8907165527,194.348617554,182.962387085,691.978149414,397.578826904,397.746337891,374.471466064,737.209899902,1265.7097168,422.896850586,1262.36303711,975.707946777,646.444030762,598.116943359,779.065429688,816.513000488,1165.20812988,370.849395752,309.57800293,381.582458496,176.810195923,72.5337295532,35.8912658691,24.6928520203,19.1854724884,9.515666008,5.60984754562,6.39559984207,8.6017370224,3.86399245262,0.65481197834,0.0388851538301,0.00235268683173,0.00017156364629],"mean":[0.0473096296191,0.358993202448,1.19369268417,2.25566959381,3.37027549744,3.53495550156,4.0785446167,9.9631061554,5.24405288696,10.0173959732,6.26925849915,10.4975414276,7.91620063782,7.2581653595,18.3742637634,6.66317367554,16.2521018982,18.9530773163,20.232049942,21.2990016937,24.8377246857,26.4630737305,30.9726657867,14.4352006912,11.1507101059,10.9017047882,6.53397989273,2.62400603294,1.21585273743,0.714857935905,0.531423926353,0.379249125719,0.231416553259,0.0984604805708,0.0464925989509,0.0164119433612,0.00317595130764,0.000363064609701,0.0000366103558918,0.0000147117489178],"median":[0.0170693974942,0.143741801381,0.490648001432,0.902068257332,1.22110283375,1.68968296051,2.27013516426,3.41996860504,2.5236518383,2.63069677353,2.6297762394,2.55012011528,2.19053769112,1.61056935787,2.21666002274,2.44252562523,3.78846001625,4.66899108887,3.60866522789,3.43161511421,2.83278846741,1.70740127563,2.30558443069,1.31573557854,1.04879820347,0.634978652,0.402393937111,0.290525197983,0.189855992794,0.16366404295,0.151612371206,0.0900383517146,0.0678303167224,0.0242722034454,0.0090637197718,0.00253571174107,0.000476784887724,0.0000530965080543,0.0000110278288048,0.00000960043234954],"min":[6.1807470253e-9,6.32016465829e-8,4.26604316317e-8,2.5745148946e-7,8.63208100554e-8,1.58735691258e-8,1.98358591774e-8,9.24254184298e-9,4.135414855e-8,6.98258375564e-8,5.98525815576e-8,8.8951502164e-8,1.59054280857e-7,2.93471714485e-7,5.25329824086e-7,3.30786917857e-7,1.34195090595e-7,4.18615826447e-7,2.49510122785e-7,4.32457909483e-7,5.55316717055e-7,6.96619963492e-7,5.24085351117e-7,5.69027861275e-7,5.82700295126e-7,9.14494592053e-7,0.00000112958605314,0.00000109316749786,6.66261769311e-7,6.51889308756e-7,2.48275796366e-7,2.3350278866e-7,2.66559908368e-7,2.17386570966e-7,1.01416304688e-7,6.70519000323e-8,2.13301500906e-8,1.34490685255e-8,7.58825002833e-9,1.35845412697e-9],"var":[0.0075736544095,0.546182990074,5.36467123032,14.4099988937,36.6623039246,25.8020706177,32.3392066956,322.385070801,119.640319824,1933.05419922,305.742980957,1043.67773438,476.613494873,1059.46801758,5802.09375,307.769927979,3047.10302734,3182.5859375,4657.51708984,3032.13354492,4374.80175781,6691.63330078,8289.45117188,1460.80004883,888.564819336,891.743225098,364.8722229,50.1886024475,8.94766044617,2.73035526276,1.65199708939,0.785318076611,0.222515553236,0.099626109004,0.105462104082,0.0209065228701,0.000563033681829,0.00000352564529749,1.55195980511e-8,2.83343237761e-10]},"erbbands_crest":{"dmean":2.40558314323,"dmean2":3.75841283798,"dvar":5.89366912842,"dvar2":13.3541908264,"max":31.6985797882,"mean":9.2251739502,"median":8.11951255798,"min":2.4050154686,"var":19.419801712},"erbbands_flatness_db":{"dmean":0.0178839918226,"dmean2":0.0248784087598,"dvar":0.000361168029485,"dvar2":0.000591057294514,"max":0.458070874214,"mean":0.171295389533,"median":0.163872182369,"min":0.0250870194286,"var":0.0032842673827},"erbbands_kurtosis":{"dmean":1.11422586441,"dmean2":1.72267234325,"dvar":9.02125167847,"dvar2":22.9009609222,"max":92.1653747559,"mean":0.733697891235,"median":-0.109758377075,"min":-1.84797990322,"var":12.0019388199},"erbbands_skewness":{"dmean":0.413281261921,"dmean2":0.600037276745,"dvar":0.240115568042,"dvar2":0.49931126833,"max":8.27095508575,"mean":-0.00723318802193,"median":0.0651385337114,"min":-3.21248745918,"var":0.949160158634},"erbbands_spread":{"dmean":7.96315097809,"dmean2":12.1129922867,"dvar":84.5050048828,"dvar2":195.741958618,"max":121.014877319,"mean":34.0118408203,"median":32.2736167908,"min":2.23245048523,"var":248.159545898},"gfcc":{"cov":[[24013.34375,1784.87145996,-2246.16210938,1258.50219727,-680.120849609,217.569061279,-901.129211426,365.240203857,-289.86907959,165.202209473,-265.151641846,-7.33587551117,24.1242637634],[1784.87145996,1047.64233398,10.6583757401,-155.543899536,-43.5802650452,111.98727417,-158.961898804,-27.5768508911,-1.30688774586,-6.45764780045,37.3205299377,-70.9193115234,-30.1559562683],[-2246.16210938,10.6583757401,1290.63134766,-31.9989929199,-51.0805358887,343.257598877,-114.931236267,-84.4297485352,-16.3328742981,6.84028482437,-33.9894638062,-37.3712615967,-66.4550323486],[1258.50219727,-155.543899536,-31.9989929199,438.732025146,2.55721354485,-30.7601547241,-42.0661888123,59.6858558655,-38.9695777893,-6.20657396317,-50.1703147888,-9.16086387634,39.6649589539],[-680.120849609,-43.5802650452,-51.0805358887,2.55721354485,265.207611084,5.50249147415,9.50298595428,-7.46412181854,23.3654022217,-22.1263179779,12.4937639236,-12.7041225433,20.6567268372],[217.569061279,111.98727417,343.257598877,-30.7601547241,5.50249147415,328.397491455,-38.9415435791,-62.624130249,-51.0994567871,9.28209495544,-19.0205860138,-29.495300293,-41.2759971619],[-901.129211426,-158.961898804,-114.931236267,-42.0661888123,9.50298595428,-38.9415435791,238.843383789,36.1000328064,0.135430723429,-11.6553468704,32.7322692871,8.23730182648,10.8576574326],[365.240203857,-27.5768508911,-84.4297485352,59.6858558655,-7.46412181854,-62.624130249,36.1000328064,133.34664917,39.5930557251,7.58994626999,7.84257936478,12.277926445,24.4257965088],[-289.86907959,-1.30688774586,-16.3328742981,-38.9695777893,23.3654022217,-51.0994567871,0.135430723429,39.5930557251,114.977119446,36.3086929321,16.8664512634,8.24452114105,11.7125272751],[165.202209473,-6.45764780045,6.84028482437,-6.20657396317,-22.1263179779,9.28209495544,-11.6553468704,7.58994626999,36.3086929321,81.09324646,33.1472320557,16.2438678741,-1.4978787899],[-265.151641846,37.3205299377,-33.9894638062,-50.1703147888,12.4937639236,-19.0205860138,32.7322692871,7.84257936478,16.8664512634,33.1472320557,95.7160339355,37.839225769,5.19326162338],[-7.33587551117,-70.9193115234,-37.3712615967,-9.16086387634,-12.7041225433,-29.495300293,8.23730182648,12.277926445,8.24452114105,16.2438678741,37.839225769,93.4607620239,30.4197483063],[24.1242637634,-30.1559562683,-66.4550323486,39.6649589539,20.6567268372,-41.2759971619,10.8576574326,24.4257965088,11.7125272751,-1.4978787899,5.19326162338,30.4197483063,79.3216018677]],"icov":[[0.000219661291339,-0.000328385765897,0.000611978059169,-0.000548201205675,0.000461133924546,-0.000673133588862,0.00067568779923,-0.000633336952887,0.000353186973371,-0.000502958311699,0.000560899963602,-0.000434070476331,0.00029546013684],[-0.000328385765897,0.00204828497954,-0.000609982409514,0.00140244758222,-0.0000705851562088,0.00020306307124,0.000482116098283,0.000513236853294,-0.000754802196752,0.0019314349629,-0.00285594863817,0.0026120019611,-0.00110054016113],[0.000611978059169,-0.000609982409514,0.00292862486094,-0.00153599004261,0.00175269762985,-0.00328515446745,0.0024841746781,-0.00155199598521,0.000143475728692,-0.000598198152147,0.00103208876681,-0.000861934793647,0.0010061012581],[-0.000548201205675,0.00140244758222,-0.00153599004261,0.0047474661842,-0.00135243590921,0.00188371376134,-0.0005018444499,-0.00052598741604,0.00141586735845,0.000158273178386,-0.000396346440539,0.00219150958583,-0.00241841794923],[0.000461133924546,-0.0000705851562088,0.00175269762985,-0.00135243590921,0.0058008232154,-0.00262817181647,0.00204128935002,-0.000469556020107,-0.00165786640719,0.00215850886889,-0.00157321651932,0.00115444487892,-0.0010896245949],[-0.000673133588862,0.00020306307124,-0.00328515446745,0.00188371376134,-0.00262817181647,0.00770073244348,-0.00285846693441,0.00258912728168,0.00191998202354,-0.00162983220071,0.000397576251999,0.000841638655402,0.000210198268178],[0.00067568779923,0.000482116098283,0.0024841746781,-0.0005018444499,0.00204128935002,-0.00285846693441,0.00851120613515,-0.00393822509795,0.00153463531751,0.000838738749735,-0.0021212680731,0.0011385709513,-0.000169903389178],[-0.000633336952887,0.000513236853294,-0.00155199598521,-0.00052598741604,-0.000469556020107,0.00258912728168,-0.00393822509795,0.0127182751894,-0.00542537774891,0.00228803255595,-0.00183969084173,0.000504194234964,-0.00178584293462],[0.000353186973371,-0.000754802196752,0.000143475728692,0.00141586735845,-0.00165786640719,0.00191998202354,0.00153463531751,-0.00542537774891,0.0155529668555,-0.0087878042832,0.00301797012798,-0.00024333341571,-0.000657506752759],[-0.000502958311699,0.0019314349629,-0.000598198152147,0.000158273178386,0.00215850886889,-0.00162983220071,0.000838738749735,0.00228803255595,-0.0087878042832,0.0219617821276,-0.0100788194686,0.00171326566488,-0.000207503646379],[0.000560899963602,-0.00285594863817,0.00103208876681,-0.000396346440539,-0.00157321651932,0.000397576251999,-0.0021212680731,-0.00183969084173,0.00301797012798,-0.0100788194686,0.0209234431386,-0.0093220481649,0.00284913182259],[-0.000434070476331,0.0026120019611,-0.000861934793647,0.00219150958583,0.00115444487892,0.000841638655402,0.0011385709513,0.000504194234964,-0.00024333341571,0.00171326566488,-0.0093220481649,0.0186623241752,-0.00734512647614],[0.00029546013684,-0.00110054016113,0.0010061012581,-0.00241841794923,-0.0010896245949,0.000210198268178,-0.000169903389178,-0.00178584293462,-0.000657506752759,-0.000207503646379,0.00284913182259,-0.00734512647614,0.0178406871855]],"mean":[-115.756759644,108.422431946,-123.505104065,37.0027999878,-48.3424072266,10.0175762177,-38.1473617554,4.40586185455,-17.8858661652,0.0548708513379,-7.65548849106,-5.28846883774,-7.73091840744]},"hfc":{"dmean":2.85600042343,"dmean2":3.49291038513,"dvar":33.8223190308,"dvar2":42.0452575684,"max":87.4818725586,"mean":10.471868515,"median":3.6510591507,"min":0.00000524048300576,"var":289.458618164},"melbands":{"dmean":[0.000293028424494,0.000484152202262,0.000378807017114,0.000155277535669,0.0000681572419126,0.0000912751711439,0.0000437569469796,0.0000601543433731,0.0000277336312138,0.0000313579730573,0.0000210428570426,0.0000155376765179,0.0000312255433528,0.0000133469329739,0.00000960485795076,0.0000260389479081,0.0000198120796995,0.0000165736546478,0.0000152141828949,0.0000234183444263,0.0000121913717521,0.0000134872916533,0.0000123540667119,0.0000111694271254,0.00000487623674417,0.00000347300647263,0.00000437980224888,0.00000358094166586,0.00000236330356529,0.00000125963128994,6.28691225302e-7,4.14383663383e-7,2.70810403435e-7,2.13179092157e-7,1.72474429405e-7,1.59482311801e-7,1.39230252216e-7,1.13182977657e-7,6.59491092847e-8,4.13493914664e-8],"dmean2":[0.000496523047332,0.000855892722029,0.00065177551005,0.000255391059909,0.000104801001726,0.00013389288506,0.0000669353976264,0.0000894095355761,0.0000395859096898,0.0000451580744993,0.0000313929958793,0.0000237610565819,0.0000397320400225,0.0000188422618521,0.0000142134513226,0.0000345177104464,0.0000283152021439,0.000023493927074,0.0000222608759941,0.0000326105691784,0.0000169794511748,0.0000171833307832,0.0000173602002178,0.000015403586076,0.00000661768081045,0.00000503170849697,0.00000613120164417,0.0000048318734116,0.00000310532914227,0.0000017541140096,9.20089064493e-7,6.18628632765e-7,3.95252328644e-7,3.20409952792e-7,2.58672457676e-7,2.35871752352e-7,2.01584569481e-7,1.70238593e-7,9.25578902411e-8,5.74866803049e-8],"dvar":[4.34132289229e-7,0.00000161345019478,6.11855341504e-7,8.37406730625e-8,1.43927660901e-8,3.36917516108e-8,1.83797759234e-8,8.56481889855e-8,9.21313603186e-9,1.03918580407e-8,5.64104629674e-9,8.92801388375e-9,1.76959940035e-8,2.59584331808e-9,3.18080517481e-9,8.43475778112e-9,3.88039422816e-9,3.81611853228e-9,2.67754995953e-9,5.35298605442e-9,1.38020228579e-9,2.10102912845e-9,1.49086187839e-9,1.22694732152e-9,2.60965526966e-10,1.6349135934e-10,2.40625436243e-10,1.4570473994e-10,5.24053543616e-11,1.59855566284e-11,3.48097592417e-12,1.47308196457e-12,4.90063881402e-13,2.50409285321e-13,1.97192048389e-13,1.54304222394e-13,1.12215514387e-13,6.09236443304e-14,2.64656884326e-14,1.7156635406e-14],"dvar2":[0.00000112071666081,0.00000466170149593,0.00000167056737155,2.20688946229e-7,3.36616885477e-8,7.01241091861e-8,3.32301368644e-8,1.57537982659e-7,1.67993050582e-8,2.07016448428e-8,1.10052775781e-8,2.20036699972e-8,2.26008154414e-8,4.11734069061e-9,6.63627108821e-9,1.18018528283e-8,6.82970657806e-9,7.36455829653e-9,4.99460650616e-9,1.05750519452e-8,2.52205101248e-9,3.37011951679e-9,2.70076427888e-9,2.08781236744e-9,4.39072861402e-10,3.51390472275e-10,5.09866981968e-10,2.35349101319e-10,9.05515384897e-11,3.19502202473e-11,7.23369064301e-12,3.28348719741e-12,1.1697693595e-12,5.43860366898e-13,4.19416807057e-13,2.88643105728e-13,2.24877462571e-13,1.36967436633e-13,5.10864645671e-14,3.00514956886e-14],"max":[0.00901229400188,0.019424084574,0.00813185237348,0.00316647440195,0.00194057240151,0.00375335896388,0.00336813414469,0.00685624126345,0.00304907094687,0.00229306844994,0.00184630136937,0.002886362141,0.00411649420857,0.00153457780834,0.00212580990046,0.00376640749164,0.00163552083541,0.0010488203261,0.00130758737214,0.00133844651282,0.000808266981039,0.0010162317194,0.000714175985195,0.000734289700631,0.00037033049739,0.000335862627253,0.000271140219411,0.000294157041935,0.000149096405949,0.0000931342292461,0.0000334897958965,0.0000271082735708,0.0000240826047957,0.00000984971575235,0.0000122587016449,0.00000894273762242,0.00000652280596114,0.00000400933822675,0.00000436609343524,0.00000524813094671],"mean":[0.00042779778596,0.000578330946155,0.000454600551166,0.000240358349402,0.000152800275828,0.000202756127692,0.0000856324768392,0.000104907034256,0.0000483235889988,0.0000661854501232,0.0000375578383682,0.0000253928919847,0.0000618710546405,0.0000244359034696,0.0000163105924003,0.0000476598979731,0.0000322143132507,0.0000309200659103,0.0000251072506217,0.0000406997860409,0.0000241319394263,0.0000296656944556,0.0000250378288911,0.0000235578754655,0.0000104538848973,0.0000074474169196,0.00000873038243299,0.00000686577868692,0.00000465336916022,0.00000243273325395,0.00000120650918234,7.2369573445e-7,4.65796802018e-7,3.66760190218e-7,3.01512244505e-7,2.74781342569e-7,2.15026304318e-7,1.7989887624e-7,1.10315497182e-7,7.20832247225e-8],"median":[0.000170304527273,0.000261852401309,0.000178454443812,0.000119127238577,0.0000859345309436,0.0000749423998059,0.0000386073843401,0.0000282262735709,0.0000184019572771,0.0000148904618982,0.00000969714801613,0.00000547744457435,0.00000658644648865,0.00000654889163343,0.0000052781310842,0.00000824029666546,0.00000683075177221,0.00000464246022602,0.00000420173637394,0.00000437463904746,0.00000253338862422,0.00000155754435127,0.00000200753038371,0.00000172559521161,9.50211244799e-7,7.52067194298e-7,6.69474161441e-7,3.40374469943e-7,2.44366304969e-7,1.96717522272e-7,1.47759564584e-7,1.09059790532e-7,8.40504554844e-8,8.75046168858e-8,8.38913791767e-8,7.18935737609e-8,4.7642718215e-8,5.43717924018e-8,2.80576735179e-8,1.62012607774e-8],"min":[6.44892333979e-11,1.08394626608e-10,3.66443091149e-11,2.71582756284e-12,1.00447157102e-12,2.06629770802e-13,6.75179909811e-13,7.77625468358e-13,3.79464851468e-13,5.47550611622e-13,7.12722144757e-13,6.63267672122e-13,2.17243649285e-12,9.46556960417e-13,4.96361198671e-13,2.81064478332e-13,5.88446500728e-13,3.8925736549e-13,4.72999081309e-13,6.32532058415e-13,5.88265710016e-13,4.5994908186e-13,7.28013190097e-13,2.95331928401e-13,4.25558134738e-13,4.40764856254e-13,4.21687017986e-13,6.40600419932e-13,6.0789085354e-13,5.67078393791e-13,5.63610139462e-13,3.73994292566e-13,3.53635767588e-13,3.4956206766e-13,1.16551204994e-13,1.63552466926e-13,1.30116241132e-13,1.85619057559e-13,1.66990593987e-13,1.996318963e-13],"var":[6.04780439062e-7,0.00000125203894186,6.03988837611e-7,1.17649769038e-7,3.92122245785e-8,1.23706755062e-7,4.70993306578e-8,1.97556900616e-7,1.84273130088e-8,4.3644902803e-8,1.17387823906e-8,1.52286077082e-8,7.81349882573e-8,6.9612093867e-9,4.25423518635e-9,2.7007279968e-8,1.03733244217e-8,1.22447394446e-8,6.86211443224e-9,1.40296068096e-8,4.71065941809e-9,1.02051158635e-8,4.95740426487e-9,4.63729543654e-9,9.04540664592e-10,4.74906669545e-10,6.30349550335e-10,4.03350741696e-10,2.02258390591e-10,5.8240003098e-11,1.05877927953e-11,3.65747753264e-12,1.30029255592e-12,7.7236155839e-13,5.94099856116e-13,4.44811939018e-13,2.64799873652e-13,1.28296150288e-13,8.04487702041e-14,7.07112184561e-14]},"melbands_crest":{"dmean":3.90259671211,"dmean2":6.45196294785,"dvar":11.6843166351,"dvar2":30.9503746033,"max":33.7801933289,"mean":13.8940486908,"median":12.8558502197,"min":3.49480175972,"var":29.6271705627},"melbands_flatness_db":{"dmean":0.0298269279301,"dmean2":0.0458225011826,"dvar":0.000779647554737,"dvar2":0.00191042537335,"max":0.493062883615,"mean":0.210487395525,"median":0.211701840162,"min":0.0648605376482,"var":0.00323956296779},"melbands_kurtosis":{"dmean":7.88300275803,"dmean2":12.8227901459,"dvar":212.155181885,"dvar2":543.061279297,"max":272.752166748,"mean":11.636218071,"median":6.75147914886,"min":-1.80994343758,"var":280.706481934},"melbands_skewness":{"dmean":0.843019783497,"dmean2":1.31442141533,"dvar":0.884375214577,"dvar2":2.06452703476,"max":13.0207538605,"mean":2.43990659714,"median":2.29223394394,"min":-3.21496009827,"var":2.59069871902},"melbands_spread":{"dmean":8.24289321899,"dmean2":12.6559114456,"dvar":120.724784851,"dvar2":254.353256226,"max":140.017547607,"mean":25.7186813354,"median":17.1516666412,"min":0.657362401485,"var":482.860473633},"mfcc":{"cov":[[17869.8769531,1569.88964844,-1505.39306641,909.910644531,150.811035156,39.7166175842,-213.225158691,23.7293815613,36.1234169006,114.517578125,-218.491378784,167.604278564,-98.2666778564],[1569.88964844,1390.0435791,105.909156799,-228.559005737,140.354187012,68.0287399292,-32.699924469,-19.0176448822,-81.7206954956,69.7039108276,57.2425613403,-23.3187885284,-24.8897132874],[-1505.39306641,105.909156799,1128.29968262,-213.793395996,138.040267944,207.048873901,21.8037261963,-24.86510849,-52.9826774597,34.9588890076,16.4569530487,-54.0787086487,-50.8413963318],[909.910644531,-228.559005737,-213.793395996,409.796386719,0.488878011703,-108.037155151,-13.5080280304,16.1650905609,60.0740127563,-3.63000392914,-64.6438140869,29.9479560852,33.2663536072],[150.811035156,140.354187012,138.040267944,0.488878011703,287.976226807,73.8163604736,-25.2308387756,-19.6809673309,-1.89711236954,11.4135341644,-22.8675098419,-4.32858037949,-27.1201953888],[39.7166175842,68.0287399292,207.048873901,-108.037155151,73.8163604736,228.290100098,48.4620475769,-17.4705295563,-31.9244937897,8.47460079193,-0.957269787788,-20.6204452515,-53.956413269],[-213.225158691,-32.699924469,21.8037261963,-13.5080280304,-25.2308387756,48.4620475769,151.84916687,40.2808532715,-17.7549953461,17.168170929,-3.05190086365,-19.245880127,-13.7943658829],[23.7293815613,-19.0176448822,-24.86510849,16.1650905609,-19.6809673309,-17.4705295563,40.2808532715,81.4108581543,20.9622154236,-5.28467416763,2.75369524956,-4.43143224716,9.45630645752],[36.1234169006,-81.7206954956,-52.9826774597,60.0740127563,-1.89711236954,-31.9244937897,-17.7549953461,20.9622154236,90.1732177734,21.3405151367,-19.349603653,3.57643246651,9.85464382172],[114.517578125,69.7039108276,34.9588890076,-3.63000392914,11.4135341644,8.47460079193,17.168170929,-5.28467416763,21.3405151367,100.419792175,16.5718135834,-12.7360572815,-16.9549388885],[-218.491378784,57.2425613403,16.4569530487,-64.6438140869,-22.8675098419,-0.957269787788,-3.05190086365,2.75369524956,-19.349603653,16.5718135834,100.709014893,21.9604701996,3.13564229012],[167.604278564,-23.3187885284,-54.0787086487,29.9479560852,-4.32858037949,-20.6204452515,-19.245880127,-4.43143224716,3.57643246651,-12.7360572815,21.9604701996,78.7994537354,33.0710296631],[-98.2666778564,-24.8897132874,-50.8413963318,33.2663536072,-27.1201953888,-53.956413269,-13.7943658829,9.45630645752,9.85464382172,-16.9549388885,3.13564229012,33.0710296631,100.158935547]],"icov":[[0.000109924156277,-0.000165735793416,0.000144431702211,-0.000301311083604,0.0000823321897769,-0.000291240576189,0.000283146800939,-0.000265390030108,0.000207258912269,-0.000212013881537,0.000279715633951,-0.000292706856271,0.000201113245566],[-0.000165735793416,0.00120405631606,-0.000100572455267,0.000923841784243,-0.000599813181907,0.000425829581218,0.000111070381536,-0.00013781322923,0.000781813811045,-0.00068389257649,-0.000403364683734,0.000558840634767,-0.000490577600431],[0.000144431702211,-0.000100572455267,0.00137957523111,1.00413949156e-7,-0.000301509629935,-0.00118751556147,0.000653348222841,-0.000533480546437,0.000739525654353,-0.000776375585701,0.00033244091901,0.000175730281626,-0.0000366733511328],[-0.000301311083604,0.000923841784243,1.00413949156e-7,0.00466908048838,-0.000844362948555,0.00213268655352,-0.000958049902692,0.000372145615984,-0.00119945465121,-0.000231533980696,0.00159523624461,-0.000741520314477,-0.000589857867453],[0.0000823321897769,-0.000599813181907,-0.000301509629935,-0.000844362948555,0.00456242170185,-0.00159822893329,0.00129814434331,-0.000171131017851,-0.0000440032199549,-0.000398087548092,0.0013125333935,-0.000867151364218,0.000810626486782],[-0.000291240576189,0.000425829581218,-0.00118751556147,0.00213268655352,-0.00159822893329,0.00820615887642,-0.00354093848728,0.00249830447137,-0.000556310871616,0.00122082687449,-0.000107014879177,-0.000171496052644,0.00209474260919],[0.000283146800939,0.000111070381536,0.000653348222841,-0.000958049902692,0.00129814434331,-0.00354093848728,0.0113248191774,-0.00745609868318,0.00521866930649,-0.00427244370803,0.00233004242182,0.0000110045402835,0.000349589943653],[-0.000265390030108,-0.00013781322923,-0.000533480546437,0.000372145615984,-0.000171131017851,0.00249830447137,-0.00745609868318,0.0189693942666,-0.00751678785309,0.00499893305823,-0.00373920239508,0.00268059433438,-0.00138958566822],[0.000207258912269,0.000781813811045,0.000739525654353,-0.00119945465121,-0.0000440032199549,-0.000556310871616,0.00521866930649,-0.00751678785309,0.0183129161596,-0.00722448341548,0.00454463250935,-0.00167017779313,-0.000327366113197],[-0.000212013881537,-0.00068389257649,-0.000776375585701,-0.000231533980696,-0.000398087548092,0.00122082687449,-0.00427244370803,0.00499893305823,-0.00722448341548,0.0147962849587,-0.00493742059916,0.00293228798546,0.00119625497609],[0.000279715633951,-0.000403364683734,0.00033244091901,0.00159523624461,0.0013125333935,-0.000107014879177,0.00233004242182,-0.00373920239508,0.00454463250935,-0.00493742059916,0.0152565659955,-0.00642668735236,0.0011462016264],[-0.000292706856271,0.000558840634767,0.000175730281626,-0.000741520314477,-0.000867151364218,-0.000171496052644,0.0000110045402835,0.00268059433438,-0.00167017779313,0.00293228798546,-0.00642668735236,0.0186726786196,-0.00569511251524],[0.000201113245566,-0.000490577600431,-0.0000366733511328,-0.000589857867453,0.000810626486782,0.00209474260919,0.000349589943653,-0.00138958566822,-0.000327366113197,0.00119625497609,0.0011462016264,-0.00569511251524,0.0138433957472]],"mean":[-746.773803711,127.363967896,-6.52272891998,26.8169670105,11.2904930115,4.76470184326,-1.48700606823,0.289146274328,-4.4169511795,3.32646226883,-0.574871897697,1.72438728809,-2.57583498955]},"pitch_salience":{"dmean":0.0828677639365,"dmean2":0.134533718228,"dvar":0.00531221274287,"dvar2":0.0136227728799,"max":0.894118487835,"mean":0.576017200947,"median":0.58965742588,"min":0.0750831887126,"var":0.0118647636846},"silence_rate_20dB":{"dmean":0,"dmean2":0,"dvar":0,"dvar2":0,"max":1,"mean":1,"median":1,"min":1,"var":0},"silence_rate_30dB":{"dmean":0,"dmean2":0,"dvar":0,"dvar2":0,"max":1,"mean":1,"median":1,"min":1,"var":0},"silence_rate_60dB":{"dmean":0.0423183068633,"dmean2":0.084675565362,"dvar":0.0405273735523,"dvar2":0.0913124382496,"max":1,"mean":0.304367810488,"median":0,"min":0,"var":0.211734682322},"spectral_centroid":{"dmean":258.811401367,"dmean2":378.245513916,"dvar":128332.65625,"dvar2":208532.546875,"max":10969.4404297,"mean":1331.94921875,"median":1006.30023193,"min":268.719360352,"var":691018.0625},"spectral_complexity":{"dmean":2.20607185364,"dmean2":3.19650244713,"dvar":7.59506797791,"dvar2":13.5283002853,"max":52,"mean":11.0234479904,"median":10,"min":0,"var":74.058265686},"spectral_contrast_coeffs":{"dmean":[0.0525261424482,0.0408373139799,0.0332274734974,0.0317770093679,0.026043029502,0.0196509286761],"dmean2":[0.0865020379424,0.0660681650043,0.0517375618219,0.0473669879138,0.0389518663287,0.0289488248527],"dvar":[0.00191356881987,0.00137823796831,0.000894929049537,0.000799128087237,0.000721670803614,0.00036763609387],"dvar2":[0.00518735731021,0.00315763917752,0.0019218128873,0.00164250470698,0.0013206662843,0.000660929421429],"max":[-0.357858747244,-0.387466132641,-0.459522843361,-0.510470569134,-0.530937671661,-0.561946749687],"mean":[-0.704608261585,-0.754091024399,-0.780289232731,-0.775977134705,-0.791071772575,-0.785655796528],"median":[-0.704247057438,-0.760524809361,-0.792392909527,-0.786173224449,-0.809540808201,-0.7963078022],"min":[-0.964017212391,-0.949744224548,-0.967506885529,-0.961308240891,-0.964177548885,-0.959896564484],"var":[0.00585211627185,0.00599190220237,0.00543483905494,0.0047151860781,0.00511134322733,0.00290129077621]},"spectral_contrast_valleys":{"dmean":[0.394717305899,0.324399679899,0.303528875113,0.2949834764,0.340597718954,0.345626831055],"dmean2":[0.649738073349,0.515258312225,0.470523625612,0.4267834723,0.460564523935,0.450625926256],"dvar":[0.158905014396,0.136237099767,0.125817537308,0.134048432112,0.169384226203,0.149635329843],"dvar2":[0.314580053091,0.230872198939,0.194541200995,0.193689256907,0.249164298177,0.232377320528],"max":[-5.71733665466,-5.72099351883,-5.76878166199,-5.90518426895,-5.6400847435,-8.43442153931],"mean":[-7.98414325714,-7.70062160492,-8.47081565857,-8.61041641235,-8.68434143066,-11.391456604],"median":[-7.43229866028,-7.17129039764,-7.96001338959,-8.12823677063,-8.38162899017,-11.1097774506],"min":[-27.439496994,-27.4240379333,-26.9045333862,-27.3369178772,-27.2022094727,-27.2591915131],"var":[2.75225162506,2.65456295013,2.44735360146,2.65423822403,2.55378842354,2.05971121788]},"spectral_decrease":{"dmean":9.02802776981e-10,"dmean2":1.37406908074e-9,"dvar":2.14201190676e-18,"dvar2":5.141064819e-18,"max":1.66748938876e-15,"mean":-2.61665156209e-9,"median":-1.90045357229e-9,"min":-1.96089047222e-8,"var":7.26362019698e-18},"spectral_energy":{"dmean":0.00359907886013,"dmean2":0.00538594881073,"dvar":0.0000328134265146,"dvar2":0.0000758900860092,"max":0.0758795887232,"mean":0.0108256619424,"median":0.00764396972954,"min":4.7114001589e-9,"var":0.000129849038785},"spectral_energyband_high":{"dmean":0.000132830420625,"dmean2":0.000177614943823,"dvar":1.08839877555e-7,"dvar2":1.87358494941e-7,"max":0.00697543192655,"mean":0.000288864248432,"median":0.0000361471611541,"min":1.83252191199e-10,"var":4.62597995465e-7},"spectral_energyband_low":{"dmean":0.00209823460318,"dmean2":0.00358271342702,"dvar":0.0000216679218283,"dvar2":0.0000602619220444,"max":0.0651836693287,"mean":0.00316002988257,"median":0.00184489693493,"min":9.50362566421e-10,"var":0.000023667131245},"spectral_energyband_middle_high":{"dmean":0.00106609845534,"dmean2":0.0013385709608,"dvar":0.00000562762534173,"dvar2":0.00000709595769877,"max":0.0417805537581,"mean":0.00361174345016,"median":0.000876265752595,"min":1.4743975485e-10,"var":0.0000432239212387},"spectral_energyband_middle_low":{"dmean":0.00182976480573,"dmean2":0.00288950325921,"dvar":0.0000102095627881,"dvar2":0.0000251841920544,"max":0.0345886945724,"mean":0.0042284890078,"median":0.00291835074313,"min":1.48499532115e-10,"var":0.0000221074624278},"spectral_entropy":{"dmean":0.177886232734,"dmean2":0.265051543713,"dvar":0.0302529670298,"dvar2":0.059820394963,"max":9.79260063171,"mean":7.38679885864,"median":7.40008592606,"min":4.94265317917,"var":0.165712803602},"spectral_flux":{"dmean":0.0161177739501,"dmean2":0.0243772324175,"dvar":0.000387727690395,"dvar2":0.000797953514848,"max":0.225664064288,"mean":0.0527949593961,"median":0.0455762408674,"min":0.0000569442163396,"var":0.00166336866096},"spectral_kurtosis":{"dmean":2.17884230614,"dmean2":3.57204270363,"dvar":6.22426223755,"dvar2":18.8127155304,"max":41.2503242493,"mean":5.76280498505,"median":5.16208362579,"min":-1.19129824638,"var":13.8035202026},"spectral_rms":{"dmean":0.000489854603074,"dmean2":0.000717198825441,"dvar":3.83459223485e-7,"dvar2":8.15506609797e-7,"max":0.00860400311649,"mean":0.00272793415934,"median":0.00273084803484,"min":0.00000214394208342,"var":0.00000312001543534},"spectral_rolloff":{"dmean":479.595794678,"dmean2":801.148803711,"dvar":977110.6875,"dvar2":2284001.75,"max":21662.4023438,"mean":1771.89929199,"median":1055.12695312,"min":64.599609375,"var":7927140.5},"spectral_skewness":{"dmean":0.279830932617,"dmean2":0.435561209917,"dvar":0.0762679800391,"dvar2":0.189153209329,"max":5.07807159424,"mean":1.64216244221,"median":1.70628190041,"min":0.0226760301739,"var":0.315334409475},"spectral_spread":{"dmean":542088.9375,"dmean2":762954.5625,"dvar":819152027648,"dvar2":1047664328700,"max":40922296,"mean":3937298.25,"median":3531480.75,"min":1323665.25,"var":3208659337220},"spectral_strongpeak":{"dmean":0.49643138051,"dmean2":0.835365414619,"dvar":1.28923654556,"dvar2":3.04588294029,"max":11.1964864731,"mean":0.819030761719,"median":0.20383015275,"min":0,"var":2.71061134338},"zerocrossingrate":{"dmean":0.00911450851709,"dmean2":0.0106087131426,"dvar":0.0001350739185,"dvar2":0.000148292529047,"max":0.630859375,"mean":0.0585634410381,"median":0.04443359375,"min":0.01025390625,"var":0.00420878827572}},"metadata":{"audio_properties":{"analysis_sample_rate":44100,"bit_rate":0,"codec":"flac","downmix":"mix","equal_loudness":0,"length":50.4666671753,"lossless":true,"md5_encoded":"9ccac489157020a495fdbe29634e7d7c","replay_gain":-11.2033863068,"sample_rate":44100},"tags":{"album":["Let It Be"],"album artist":["Beatles"],"albumartist":["The Beatles"],"albumartistsort":["Beatles, The"],"artist":["The Beatles"],"artistsort":["Beatles, The"],"catalognumber":["PCS 7096"],"composer":["The Beatles"],"date":["1970-11-06"],"discnumber":["1"],"disctotal":["1"],"file_name":"01-05 Dig It.flac","genre":["Classic Rock; Rock; Pop"],"label":["Apple Records"],"media":["12\" Vinyl"],"musicbrainz_albumartistid":["b10bbbfc-cf9e-42e0-be17-e2c3e1d2600d"],"musicbrainz_albumid":["23f4c1d1-fd0e-3d56-ad43-4672e462e9fb"],"musicbrainz_artistid":["b10bbbfc-cf9e-42e0-be17-e2c3e1d2600d"],"musicbrainz_recordingid":["906836d9-b363-405d-a52c-e780a6cb5f24"],"musicbrainz_releasegroupid":["bff544a7-56e0-3ed6-9e0f-3b676cca9111"],"originaldate":["1970-05-08"],"producer":["Phil Spector"],"releasecountry":["GB"],"releasestatus":["official"],"releasetype":["album"],"script":["Latn"],"title":["Dig It"],"totaldiscs":["1"],"totaltracks":["12"],"tracknumber":["5"],"tracktotal":["12"]},"version":{"essentia":"2.1-beta1","essentia_build_sha":"ca57ba49d9b1854bd80e60cf9ccf267278fb7d6b","essentia_git_sha":"v2.1_beta1-28-g21ef5f4-dirty","extractor":"music 1.0"}},"rhythm":{"beats_count":110,"beats_loudness":{"dmean":0.00841897167265,"dmean2":0.0147818857804,"dvar":0.0000628033012617,"dvar2":0.000192867708392,"max":0.051567401737,"mean":0.0145119223744,"median":0.0128075294197,"min":1.31810153903e-8,"var":0.000151355983689},"beats_loudness_band_ratio":{"dmean":[0.215123996139,0.147698476911,0.111742921174,0.107040368021,0.168187856674,0.0625938624144],"dmean2":[0.400338113308,0.259330391884,0.204616487026,0.193430051208,0.30227