{"lowlevel":{"average_loudness":0.723838508129,"barkbands":{"dmean":[0.0000692407702445,0.0021489020437,0.00253864214756,0.00263678096235,0.00297737913206,0.00140948069748,0.000726541737095,0.000775719527155,0.000755769026,0.000317873171298,0.000145744488691,0.000131781664095,0.000137818424264,0.000167064368725,0.000202316994546,0.000118327909149,0.000170315630385,0.000153871224029,0.0000895723132999,0.0000841976579977,0.00012926357158,0.000304767221678,0.000191109269508,0.000115307957458,0.000059612943005,0.0000383119186154,0.000019637063815],"dmean2":[0.000111615481728,0.00372908287682,0.00440948829055,0.00461992388591,0.00504968548194,0.00236091949046,0.0011761408532,0.00124510284513,0.00119321013335,0.000492692633998,0.000231642508879,0.000211716120248,0.00021812763589,0.000256685947534,0.000324046559399,0.000185943426914,0.000267229013843,0.000245512317633,0.000140982097946,0.000130662039737,0.000199268004508,0.000453827175079,0.000282409106148,0.000165804187418,0.0000838027408463,0.0000521283509443,0.0000289447270916],"dvar":[2.17120241786e-8,0.0000182993662747,0.0000202240971703,0.0000453131578979,0.0000206813019759,0.00000899156293599,0.000001900353368,0.00000427486702392,0.00000564753054277,7.43676423554e-7,1.46422721059e-7,8.72544703157e-8,1.43098418448e-7,1.42349108501e-7,1.34324082524e-7,6.90441339657e-8,9.59663637445e-8,7.59445484277e-8,3.88110699134e-8,3.07157108637e-8,9.9359773742e-8,7.89059981798e-7,3.67251601574e-7,1.76767017024e-7,3.30016014516e-8,7.87134890601e-9,2.11916550974e-9],"dvar2":[4.95214855789e-8,0.0000499653760926,0.0000573364413867,0.000125577207655,0.000056472774304,0.0000246928557317,0.00000473289355796,0.0000109568745756,0.0000145297099152,0.00000184277166682,3.5937759435e-7,2.13713306607e-7,3.38146634249e-7,3.35181681521e-7,3.40414914035e-7,1.61060711434e-7,2.25384951591e-7,1.89329739442e-7,9.59493249297e-8,7.10554175498e-8,2.25228930617e-7,0.00000175406330527,8.07330650332e-7,3.65015353054e-7,7.05994835926e-8,1.47231160597e-8,4.75278039147e-9],"max":[0.00212107226253,0.0885768979788,0.0682278126478,0.109241738915,0.0895831212401,0.0462807193398,0.0441656820476,0.0751745551825,0.060218334198,0.0250109899789,0.0116774439812,0.00831303186715,0.0122096957639,0.00951823499054,0.0103742834181,0.0115717398003,0.0106452191249,0.00499744713306,0.00716048292816,0.00540158431977,0.0101736970246,0.0300174616277,0.0172872319818,0.0134862288833,0.00806558039039,0.00203369301744,0.000735112349503],"mean":[0.0000747415251681,0.00286662834696,0.00404110504314,0.00280859228224,0.00544341886416,0.0022658710368,0.00153142283671,0.00127134774812,0.0013701908756,0.000593135424424,0.000232663922361,0.000241529924097,0.000230451507377,0.000325453554979,0.000386060506571,0.000227144904784,0.000352983304765,0.000304628396407,0.000168199840118,0.000157564296387,0.000228596516536,0.000565458845813,0.00029414909659,0.000175705456058,0.0000959923636401,0.0000638352430542,0.0000255209833995],"median":[0.00002250362013,0.00180107378401,0.00283044809476,0.00121415161993,0.00396286230534,0.00125389313325,0.000773559324443,0.000413506291807,0.000383747479646,0.000226379750529,0.0000815371313365,0.0000941265316214,0.0000873621029314,0.000113891699584,0.000198080291739,0.000107437357656,0.000161911884788,0.000144913050462,0.0000690944143571,0.0000640466023469,0.0000784339863458,0.000148885883391,0.0000572567878407,0.0000267636751232,0.0000160924228112,0.00000701658154867,8.16339365883e-7],"min":[4.3230780619e-25,1.82947592151e-24,1.16014617887e-24,1.52705110513e-24,3.12325001013e-24,1.20000495383e-23,8.67034338801e-24,8.47600592629e-24,1.50479240862e-23,1.06693184996e-23,1.59433963873e-23,2.49524040728e-23,2.56553627586e-23,2.63049202943e-23,4.77057952634e-23,6.30335961547e-23,7.33679832465e-23,8.55480397994e-23,8.74723176718e-23,1.65374679712e-22,2.83233023307e-22,2.45227724378e-22,4.10080872368e-22,5.9257565126e-22,9.36490834135e-22,1.38369666191e-21,1.99736148079e-21],"var":[2.48859084451e-8,0.0000158927559823,0.00002275938823,0.0000346773413185,0.0000315760044032,0.000010292402294,0.00000644425199425,0.00000779947549745,0.0000121047414723,0.00000153756832333,2.86860029064e-7,1.90228291785e-7,2.56724035808e-7,3.64727753777e-7,3.14546525715e-7,1.65295205079e-7,2.88046066999e-7,1.75569667249e-7,8.5829974239e-8,7.18833632618e-8,2.00360560143e-7,0.00000154353836024,5.93738150201e-7,3.01407226289e-7,5.95851297192e-8,2.01874978956e-8,3.13313908151e-9]},"barkbands_crest":{"dmean":2.14944243431,"dmean2":3.6318655014,"dvar":3.64066505432,"dvar2":10.2593765259,"max":23.6497535706,"mean":8.66506195068,"median":8.20717906952,"min":2.52815246582,"var":8.87457084656},"barkbands_flatness_db":{"dmean":0.0187582205981,"dmean2":0.0288244206458,"dvar":0.000298593076877,"dvar2":0.000689918117132,"max":0.372372955084,"mean":0.125537186861,"median":0.115618288517,"min":0.0226469673216,"var":0.00272992881946},"barkbands_kurtosis":{"dmean":2.52824187279,"dmean2":4.11889696121,"dvar":11.799366951,"dvar2":30.9725189209,"max":88.5157852173,"mean":4.83109855652,"median":3.06283640862,"min":-1.92780375481,"var":39.1150894165},"barkbands_skewness":{"dmean":0.462165474892,"dmean2":0.743317782879,"dvar":0.20632994175,"dvar2":0.51271802187,"max":8.35085964203,"mean":1.85465168953,"median":1.79861664772,"min":-2.16191291809,"var":0.944532454014},"barkbands_spread":{"dmean":6.25183486938,"dmean2":9.60332870483,"dvar":58.73670578,"dvar2":122.925682068,"max":104.495079041,"mean":24.1735916138,"median":21.4729804993,"min":1.37894773483,"var":222.315872192},"dissonance":{"dmean":0.0166753511876,"dmean2":0.0280323084444,"dvar":0.000239841421717,"dvar2":0.000641115766484,"max":0.500000119209,"mean":0.46656191349,"median":0.47262018919,"min":0.24791251123,"var":0.000666277657729},"dynamic_complexity":3.74964976311,"erbbands":{"dmean":[0.0462916381657,0.568870663643,2.57168412209,5.5964012146,10.4218616486,10.6077852249,10.3066701889,11.4854822159,10.6806383133,11.7418041229,16.2524776459,17.8313617706,12.2900075912,7.30272579193,5.7348856926,5.13944196701,6.16038227081,7.62746238708,8.54154491425,10.021273613,6.68723917007,8.39137268066,9.17234706879,4.34948205948,4.50903749466,4.07292032242,4.16438102722,6.67062473297,11.6634902954,7.86415910721,5.2397069931,2.95803332329,1.71623027325,0.861468732357,0.339455336332,0.147407963872,0.0767695680261,0.0259050130844,0.00363779813051,0.00009797472012],"dmean2":[0.0789541974664,0.998899102211,4.47382307053,9.77658939362,18.0386180878,18.0304908752,17.2779369354,19.4132709503,17.4504852295,19.0422325134,25.8501262665,28.2392272949,19.0183162689,11.2804689407,9.04950714111,8.18886089325,9.67607021332,11.5434732437,13.4594335556,16.1458358765,10.369020462,13.1270933151,14.5842666626,6.81043338776,7.0598950386,6.3531088829,6.33856964111,10.180683136,17.495765686,11.6779651642,7.73723173141,4.32539510727,2.48497843742,1.23708844185,0.481616050005,0.204517662525,0.106688186526,0.036786261946,0.00537180481479,0.000145630488987],"dvar":[0.00943140126765,1.27124774456,21.9344558716,143.319458008,530.643127441,247.519195557,321.235656738,707.957885742,402.254272461,858.958251953,1831.70581055,3379.29638672,1293.54516602,402.620635986,185.207397461,137.561340332,279.276855469,284.49130249,353.87600708,313.695251465,259.924316406,228.125061035,264.143188477,108.752006531,87.0125427246,77.0441589355,91.7105026245,321.401092529,1117.87231445,608.985290527,284.716033936,143.356155396,32.8240203857,8.36536693573,0.881987214088,0.118949890137,0.0336356461048,0.00385316112079,0.0000708361985744,4.65222846913e-8],"dvar2":[0.0251808427274,3.52666115761,61.8998336792,397.492584229,1415.59619141,698.30255127,879.523254395,1948.25439453,1039.34289551,2235.97485352,4575.45458984,8781.65625,3151.90795898,942.256286621,462.535064697,341.216369629,669.368347168,649.799926758,876.621154785,795.159179688,591.01739502,541.371337891,659.583374023,271.812988281,206.501373291,176.215545654,204.488449097,706.076171875,2503.57910156,1391.46594238,621.230285645,306.55456543,69.3898162842,18.4797973633,1.85595476627,0.232334703207,0.0650426521897,0.00803896039724,0.000159178278409,1.05411487539e-7],"max":[2.09839081764,21.1020526886,70.1153335571,209.646896362,396.904205322,362.983917236,396.802947998,476.362365723,706.276489258,913.929382324,1212.12512207,1657.89587402,1157.86791992,784.15234375,395.341674805,371.181671143,627.510681152,524.220397949,494.025421143,582.806030273,738.317810059,444.344146729,319.567504883,498.79095459,230.021774292,355.482788086,276.802215576,608.881652832,1215.2520752,666.86340332,532.509399414,407.295257568,214.578933716,145.805496216,33.5359153748,9.6887960434,4.36647510529,1.25484478474,0.118218377233,0.00299961003475],"mean":[0.065020903945,0.759673178196,4.21998977661,7.16730976105,13.9684314728,19.4096221924,17.0356025696,18.2722320557,22.6068973541,22.4437637329,28.1444950104,33.2484092712,23.0862998962,13.8595485687,10.603635788,10.1168298721,11.1404943466,15.6074676514,17.2316493988,19.8449954987,14.5948553085,18.4534664154,19.0771484375,8.80641937256,8.80319499969,7.75014448166,7.4077501297,12.2360153198,21.5599384308,13.2045478821,7.98279190063,4.37764072418,2.60663247108,1.30841827393,0.564480483532,0.249551072717,0.123438023031,0.0377138406038,0.00466631026939,0.000145968675497],"median":[0.0395558103919,0.488906919956,2.99199056625,4.03096580505,8.47722434998,13.7403888702,10.2173080444,10.1962223053,11.7676181793,10.6865911484,9.6276473999,10.1853971481,7.69878196716,5.59957504272,4.61471939087,4.45323467255,4.78971385956,5.92569065094,7.92217445374,10.427447319,7.07632827759,9.72833633423,9.68739700317,4.32492828369,3.46613955498,3.22923088074,2.7645816803,3.7970867157,5.68806743622,3.10148763657,1.47694444656,0.664228260517,0.388971418142,0.205140054226,0.0963222384453,0.0354185812175,0.0116126015782,0.00239389482886,0.000152426946443,0.000041492494347],"min":[1.39085164294e-22,5.59782867513e-22,2.81456321747e-21,8.58093256773e-21,6.57199924214e-21,1.19983517203e-20,3.36837348149e-20,1.08085099241e-19,7.90133648609e-20,1.68154716217e-19,2.63196876795e-19,3.43429389557e-19,4.6311231708e-19,8.80538931942e-19,1.03641377715e-18,1.20868034357e-18,1.69435189221e-18,1.37375023186e-18,1.85727855553e-18,3.23299385834e-18,4.43059029189e-18,4.66762923617e-18,5.16642824453e-18,3.66674359012e-18,6.60836783397e-18,8.42626059823e-18,9.2818217776e-18,1.04313588108e-17,8.90134268406e-18,9.65824106869e-18,1.24782660402e-17,1.0754199132e-17,8.71837198693e-18,9.784765788e-18,6.29256102945e-18,4.06552901779e-18,2.25287437476e-18,9.72378520607e-19,2.46654014177e-19,2.67493634176e-20],"var":[0.00878796167672,1.06921577454,24.2270889282,123.215324402,474.25491333,414.066558838,457.700531006,742.104614258,1333.44238281,1877.13427734,3251.62646484,7044.18457031,2773.05322266,932.24798584,366.201843262,288.617828369,496.478851318,782.942565918,803.172058105,777.742980957,670.030273438,641.884643555,640.782104492,247.474227905,206.743270874,176.972244263,181.354644775,666.921630859,2223.32299805,1013.92828369,456.831604004,220.691223145,56.7433586121,13.6042251587,1.72299706936,0.295813024044,0.0810437276959,0.00723025947809,0.000101662386442,6.71568045618e-8]},"erbbands_crest":{"dmean":2.06096220016,"dmean2":3.34891724586,"dvar":4.2039065361,"dvar2":10.691280365,"max":28.1855297089,"mean":7.52908706665,"median":6.62144231796,"min":2.34804463387,"var":12.1356258392},"erbbands_flatness_db":{"dmean":0.0143209006637,"dmean2":0.0202553961426,"dvar":0.000200563561521,"dvar2":0.00038439076161,"max":0.338328838348,"mean":0.134752124548,"median":0.130804389715,"min":0.038955245167,"var":0.00172049831599},"erbbands_kurtosis":{"dmean":0.654012799263,"dmean2":1.03644454479,"dvar":1.07230687141,"dvar2":2.57966828346,"max":28.3957176208,"mean":-0.154695004225,"median":-0.678596138954,"min":-1.80034148693,"var":3.15639066696},"erbbands_skewness":{"dmean":0.320678502321,"dmean2":0.496433496475,"dvar":0.101004764438,"dvar2":0.224495604634,"max":4.90506649017,"mean":0.368119627237,"median":0.344680577517,"min":-4.24345874786,"var":0.541337966919},"erbbands_spread":{"dmean":8.82989501953,"dmean2":13.5195646286,"dvar":85.4579238892,"dvar2":194.009811401,"max":145.128616333,"mean":51.5360908508,"median":49.2823562622,"min":3.26565265656,"var":349.26550293},"gfcc":{"cov":[[13251.7998047,-1520.15112305,393.60067749,-243.791030884,-499.537139893,434.235046387,-200.047012329,203.416915894,-26.403339386,68.4372787476,-235.411560059,160.619003296,-102.436347961],[-1520.15112305,1591.52075195,-467.063598633,128.386306763,142.740447998,-235.288986206,92.3505783081,-126.154907227,116.221794128,-136.404266357,75.9363479614,-92.9329681396,92.5079956055],[393.60067749,-467.063598633,865.376037598,-105.734855652,35.4783554077,135.294555664,-34.5576057434,46.5389900208,-5.23450994492,74.7552032471,10.0465164185,49.7166900635,-10.3082380295],[-243.791030884,128.386306763,-105.734855652,391.056335449,-83.8043289185,60.7588005066,-20.9218959808,-40.7090568542,6.30537557602,-4.08367300034,46.2884712219,-33.526008606,18.9561195374],[-499.537139893,142.740447998,35.4783554077,-83.8043289185,272.419555664,-63.3851852417,21.2005214691,-7.56408309937,13.2561473846,-2.16231226921,-4.65000391006,12.6816654205,7.97973489761],[434.235046387,-235.288986206,135.294555664,60.7588005066,-63.3851852417,232.649139404,-1.69648754597,18.3215103149,-25.6394271851,30.6761684418,21.0599727631,5.18314695358,-5.83669757843],[-200.047012329,92.3505783081,-34.5576057434,-20.9218959808,21.2005214691,-1.69648754597,144.770935059,3.61131024361,4.82169818878,-23.9250106812,-5.37103748322,2.53297686577,4.52002286911],[203.416915894,-126.154907227,46.5389900208,-40.7090568542,-7.56408309937,18.3215103149,3.61131024361,117.089630127,16.1076622009,2.93479800224,-15.4256486893,9.61976909637,-0.5764310956],[-26.403339386,116.221794128,-5.23450994492,6.30537557602,13.2561473846,-25.6394271851,4.82169818878,16.1076622009,94.5420837402,7.5935959816,2.91711473465,-8.03404712677,9.6763753891],[68.4372787476,-136.404266357,74.7552032471,-4.08367300034,-2.16231226921,30.6761684418,-23.9250106812,2.93479800224,7.5935959816,95.9519424438,20.3553676605,4.25809812546,-20.6679039001],[-235.411560059,75.9363479614,10.0465164185,46.2884712219,-4.65000391006,21.0599727631,-5.37103748322,-15.4256486893,2.91711473465,20.3553676605,78.5120849609,3.17949986458,3.00255560875],[160.619003296,-92.9329681396,49.7166900635,-33.526008606,12.6816654205,5.18314695358,2.53297686577,9.61976909637,-8.03404712677,4.25809812546,3.17949986458,68.5799407959,11.4859342575],[-102.436347961,92.5079956055,-10.3082380295,18.9561195374,7.97973489761,-5.83669757843,4.52002286911,-0.5764310956,9.6763753891,-20.6679039001,3.00255560875,11.4859342575,63.7288894653]],"icov":[[0.000102499456261,0.0000148444360093,0.00000910079870664,0.000065007894591,0.000163756572874,-0.000186787554412,0.000138567134854,-0.0000272232082352,-0.000117892908747,0.0000248530068347,0.000320887076668,-0.000265287613729,0.000136311995448],[0.0000148444360093,0.00161110295448,0.000415632966906,-0.0000814705927041,-0.00060872110771,0.000836614228319,-0.000584374996834,0.00112476723734,-0.00156619085465,0.00163852295373,-0.00198036246002,0.00177428289317,-0.00147615175229],[0.00000910079870664,0.000415632966906,0.00160090648569,0.000403484737035,-0.000431110005593,-0.000733003835194,0.0002084531734,0.0000518096931046,-0.000542856869288,-0.000302474800264,-0.000496905995533,-0.000252009893302,-0.000424073019531],[0.000065007894591,-0.0000814705927041,0.000403484737035,0.00354808056727,0.00087787717348,-0.00121262785979,0.000609129259828,0.000892453885172,-0.000514680577908,0.000265731097898,-0.00133219070267,0.00111293024383,-0.00099696230609],[0.000163756572874,-0.00060872110771,-0.000431110005593,0.00087787717348,0.0048036496155,0.000458720925963,-0.000137766168336,0.0000454043365608,0.0000524771348864,-0.000798978086095,0.00103302090429,-0.00141766224988,0.000206436860026],[-0.000186787554412,0.000836614228319,-0.000733003835194,-0.00121262785979,0.000458720925963,0.00675633503124,-0.00132561079226,-0.000504438299686,0.00124284008052,-0.000508739729412,-0.00246778479777,0.00151523866225,-0.00113224016968],[0.000138567134854,-0.000584374996834,0.0002084531734,0.000609129259828,-0.000137766168336,-0.00132561079226,0.00790314748883,-0.000525772571564,-0.000287418195512,0.00141037628055,0.00104446755722,-0.0013921627542,0.000956823525485],[-0.0000272232082352,0.00112476723734,0.0000518096931046,0.000892453885172,0.0000454043365608,-0.000504438299686,-0.000525772571564,0.0106361461803,-0.00337208854035,0.00130563986022,0.000304599147057,0.000216064494452,-0.000969778571744],[-0.000117892908747,-0.00156619085465,-0.000542856869288,-0.000514680577908,0.0000524771348864,0.00124284008052,-0.000287418195512,-0.00337208854035,0.0138441864401,-0.00370616442524,0.000987377483398,0.000687522871885,-0.00122804427519],[0.0000248530068347,0.00163852295373,-0.000302474800264,0.000265731097898,-0.000798978086095,-0.000508739729412,0.00141037628055,0.00130563986022,-0.00370616442524,0.0154901100323,-0.00521777197719,0.000773752399255,0.00319145433605],[0.000320887076668,-0.00198036246002,-0.000496905995533,-0.00133219070267,0.00103302090429,-0.00246778479777,0.00104446755722,0.000304599147057,0.000987377483398,-0.00521777197719,0.0187630113214,-0.00446986500174,0.00135915377177],[-0.000265287613729,0.00177428289317,-0.000252009893302,0.00111293024383,-0.00141766224988,0.00151523866225,-0.0013921627542,0.000216064494452,0.000687522871885,0.000773752399255,-0.00446986500174,0.0197747219354,-0.00616364693269],[0.000136311995448,-0.00147615175229,-0.000424073019531,-0.00099696230609,0.000206436860026,-0.00113224016968,0.000956823525485,-0.000969778571744,-0.00122804427519,0.00319145433605,0.00135915377177,-0.00616364693269,0.0203434340656]],"mean":[-4.57599020004,92.0021896362,-101.346626282,40.5552444458,-60.0061836243,4.07266283035,-39.0879058838,-2.21677947044,-15.4688663483,-2.12497425079,-23.6655902863,1.11831271648,-14.8917827606]},"hfc":{"dmean":7.27684116364,"dmean2":10.1066045761,"dvar":204.636581421,"dvar2":409.816223145,"max":281.681915283,"mean":21.6977748871,"median":13.1850147247,"min":1.10069158786e-16,"var":632.126037598},"melbands":{"dmean":[0.000492279650643,0.00111092126463,0.00112288363744,0.000754308770411,0.000358363497071,0.000257115607383,0.000160788811627,0.000139377953019,0.000132437082357,0.000110060012958,0.0000613535084995,0.000031398543797,0.0000206278182304,0.0000161139741977,0.0000129762956931,0.000013371301975,0.0000156553287525,0.0000145653884829,0.000013946875697,0.0000108850799734,0.00000881414780451,0.00000950002231548,0.0000113649693958,0.00000618131343799,0.00000365066603081,0.00000361782349501,0.00000317500234814,0.00000284524958261,0.00000266054303211,0.0000029102368444,0.0000046431428018,0.00000703556270309,0.0000062402596086,0.00000411971404901,0.00000333141815645,0.00000236505570683,0.00000172927775566,0.00000131939316361,9.85771066553e-7,6.67245558361e-7],"dmean2":[0.000842616602313,0.00193574570585,0.00195641326718,0.00128088833299,0.000600411905907,0.000432602013461,0.000261440989561,0.00022523253574,0.000210101017728,0.000174651693669,0.0000948978122324,0.0000486864119011,0.0000326749650412,0.0000258339314314,0.0000204343486985,0.0000210895013879,0.0000237127624132,0.0000230243385886,0.0000224106661335,0.000017357593606,0.0000137549286592,0.000015073569557,0.0000182136900548,0.00000988435294857,0.00000580553751206,0.0000057407805798,0.00000499099860463,0.00000448738728664,0.0000041332514229,0.00000452938002127,0.00000718927594789,0.0000106738307295,0.00000953716335061,0.00000621906292508,0.00000499642465002,0.00000356411965186,0.00000256744078797,0.00000195216830434,0.00000145055582834,9.83306676972e-7],"dvar":[9.90432795334e-7,0.00000420906326326,0.00000659088709654,0.00000150445259806,3.23703574168e-7,3.32944125603e-7,9.00835814832e-8,1.28621806539e-7,1.23148112152e-7,1.29386819481e-7,3.28191056553e-8,7.94836019224e-9,2.6072346504e-9,1.25657306782e-9,1.04817110547e-9,1.48267620403e-9,1.20651844071e-9,1.10426778832e-9,6.7645145041e-10,3.61321639275e-10,5.03789621131e-10,3.33245514517e-10,4.13592521342e-10,1.23460131007e-10,9.70803160083e-11,5.86132531399e-11,4.62496430043e-11,3.6383739771e-11,3.91259594168e-11,4.79469138004e-11,1.63801416875e-10,3.95007831999e-10,3.82185172398e-10,1.59874391503e-10,1.03476803515e-10,9.19842604863e-11,5.00159878791e-11,2.06276176695e-11,9.78654657313e-12,5.38732470093e-12],"dvar2":[0.00000266366851065,0.0000118065045172,0.0000180191836989,0.00000408113828598,8.86262512267e-7,9.14385452688e-7,2.2982069936e-7,3.38057674298e-7,3.09137561771e-7,3.36189486916e-7,7.9768696537e-8,1.86737807439e-8,6.51476161906e-9,3.08279290984e-9,2.52142062784e-9,3.47813888801e-9,2.73390932115e-9,2.73476552515e-9,1.71445180275e-9,8.75748085161e-10,1.1463843208e-9,8.04559641132e-10,1.0206696599e-9,3.02903868654e-10,2.4775081986e-10,1.44418407788e-10,1.09892386857e-10,8.44238151609e-11,9.00357635669e-11,1.11096187805e-10,3.64967361888e-10,8.79808392806e-10,9.04634644971e-10,3.69674291179e-10,2.28741692254e-10,2.10024483915e-10,1.09228230627e-10,4.529832065e-11,2.18080067893e-11,1.21826090882e-11],"max":[0.0222598798573,0.0274375900626,0.0397419780493,0.0250350832939,0.0124477334321,0.00991341657937,0.0102858664468,0.0112525112927,0.008171569556,0.00899469759315,0.00563214812428,0.00326855317689,0.00179388420656,0.00100094440859,0.0010598936351,0.00130222865846,0.000928013119847,0.000771807797719,0.000995471840724,0.000464672833914,0.00105821224861,0.000572500284761,0.000677619071212,0.000210841273656,0.000525884272065,0.000221796071855,0.00020381664217,0.000223895855015,0.00026101549156,0.000213337058085,0.000409930536989,0.000612865260337,0.00069192959927,0.000328230264131,0.00033014555811,0.000315057201078,0.000232110338402,0.000161271207617,0.000132605448016,0.000117516392493],"mean":[0.000682940357365,0.00178768916521,0.00142927817069,0.00132784130983,0.000633474090137,0.000414464564528,0.000341574457707,0.000256892672041,0.00023270631209,0.000200099457288,0.000110982102342,0.0000566050221096,0.0000348760549969,0.0000299893617921,0.0000232004567806,0.0000228019380302,0.0000305064513668,0.0000270881264441,0.0000269061401923,0.0000211353453778,0.0000171450301423,0.0000188371104741,0.0000221948430408,0.0000120244985737,0.00000643317207505,0.00000646857733955,0.00000574050318392,0.0000049594009397,0.00000435497395301,0.000004830216767,0.00000790479225543,0.0000125511533042,0.0000105304643512,0.00000624478252575,0.00000487336046717,0.00000326486224367,0.00000245426349466,0.00000192223501472,0.00000141571979384,9.85142492027e-7],"median":[0.000428196566645,0.00130801880732,0.000819785054773,0.000915630254894,0.000422722368967,0.000229164550547,0.000175547320396,0.000116969400551,0.0000787778117228,0.0000579507031944,0.0000343403298757,0.0000207403882087,0.0000138297655212,0.0000121774282889,0.0000101470868685,0.00000887124588189,0.0000104528280644,0.0000111174558697,0.0000137491897476,0.0000107112100522,0.00000698913117958,0.00000885949793883,0.0000108458134491,0.00000560495118407,0.0000027870453323,0.00000255770419244,0.00000206260665436,0.00000201579814529,0.00000161924765507,0.00000164640800904,0.00000223181996262,0.00000319381751979,0.00000258847467194,0.00000131292358674,9.11802544579e-7,4.48766769523e-7,3.56183221584e-7,2.72638544629e-7,1.9937306206e-7,1.49145961359e-7],"min":[1.38159077484e-24,1.78914876039e-24,1.4594553891e-24,8.32256833871e-25,7.61837981875e-25,2.35543157512e-24,1.35834925625e-24,2.29517660424e-24,2.07901865824e-24,2.01792256442e-24,2.19369793183e-24,3.02355889652e-24,2.74034698471e-24,2.32047872613e-24,2.35226173479e-24,2.62400755334e-24,1.36146722897e-24,1.89020736437e-24,4.25374310479e-24,3.33476866515e-24,4.61863939397e-24,3.63263071005e-24,4.20930578114e-24,3.61348702803e-24,2.6444313594e-24,4.36103844309e-24,4.86442518064e-24,4.89413249904e-24,4.27509875278e-24,4.56379226181e-24,3.79888551241e-24,4.71057284943e-24,4.74054128079e-24,4.84803067887e-24,5.40966414465e-24,6.66792568747e-24,6.3214579779e-24,4.96171776266e-24,6.13271787873e-24,7.30328372687e-24],"var":[9.04312173589e-7,0.00000426046472057,0.00000539250004294,0.00000216491503124,5.10022573508e-7,3.68955539898e-7,3.12896418109e-7,2.68115627478e-7,2.28376237033e-7,2.7337327424e-7,6.91552131116e-8,1.76041208277e-8,5.06819075596e-9,2.89381651974e-9,1.86561011084e-9,2.59590859919e-9,3.37972272391e-9,2.33265118332e-9,1.57004786949e-9,9.36633104409e-10,1.23794396956e-9,8.54633641634e-10,9.57108614585e-10,2.90019508409e-10,2.01978461734e-10,1.21948298681e-10,1.07098177549e-10,7.67348129482e-11,6.7286794192e-11,9.01897723171e-11,3.17824960794e-10,7.87299614391e-10,6.22580043075e-10,2.50571341454e-10,1.61776800289e-10,1.27453478327e-10,7.37219174596e-11,3.30090191292e-11,1.59967560032e-11,8.19919045852e-12]},"melbands_crest":{"dmean":2.99685955048,"dmean2":5.09330606461,"dvar":7.21677684784,"dvar2":20.461473465,"max":32.2834396362,"mean":12.8741846085,"median":12.281993866,"min":1.50960099697,"var":17.1152858734},"melbands_flatness_db":{"dmean":0.0232840739191,"dmean2":0.0363169461489,"dvar":0.000470396713354,"dvar2":0.001112648868,"max":0.492548912764,"mean":0.196889743209,"median":0.190309032798,"min":0.00353801413439,"var":0.00421568797901},"melbands_kurtosis":{"dmean":6.63615512848,"dmean2":10.9689788818,"dvar":81.7057342529,"dvar2":217.491760254,"max":268.777679443,"mean":16.5865402222,"median":12.8322238922,"min":-1.73188257217,"var":219.508071899},"melbands_skewness":{"dmean":0.654486775398,"dmean2":1.05984151363,"dvar":0.431623697281,"dvar2":1.11728072166,"max":13.517747879,"mean":3.15743517876,"median":3.03352832794,"min":-0.486300498247,"var":1.6506806612},"melbands_spread":{"dmean":6.53988409042,"dmean2":10.3754758835,"dvar":95.9505081177,"dvar2":215.033660889,"max":204.548721313,"mean":21.5109424591,"median":16.9917373657,"min":1.18063652515,"var":317.525421143},"mfcc":{"cov":[[8625.38964844,-970.772094727,464.671600342,-436.601867676,-117.987785339,43.2031707764,-83.2823181152,157.211227417,129.522979736,-1.30256175995,121.928916931,-76.8057556152,-57.8601913452],[-970.772094727,1235.29040527,-304.42300415,159.166641235,30.0962657928,-46.3704338074,-55.8200263977,11.3456077576,24.0609264374,-14.0785989761,-19.0477752686,-15.5158758163,16.4768123627],[464.671600342,-304.42300415,685.27545166,-78.4259185791,63.749671936,62.981803894,35.2879753113,-2.47979235649,-18.9660320282,39.3237876892,10.1995706558,6.1681842804,34.6167182922],[-436.601867676,159.166641235,-78.4259185791,272.717376709,6.15294790268,27.6979942322,-26.0463943481,-12.3483800888,-10.4566917419,-4.87604618073,-13.9079761505,10.1411733627,14.3239688873],[-117.987785339,30.0962657928,63.749671936,6.15294790268,199.084960938,7.47976779938,-3.88406777382,-18.9572601318,0.492088794708,11.970911026,-14.6043186188,18.1833591461,12.6536169052],[43.2031707764,-46.3704338074,62.981803894,27.6979942322,7.47976779938,165.999679565,37.1195602417,-9.94308280945,-29.6826915741,10.0287656784,7.09340381622,1.43332087994,4.41311883926],[-83.2823181152,-55.8200263977,35.2879753113,-26.0463943481,-3.88406777382,37.1195602417,119.988471985,23.0702571869,-10.3329353333,0.503555178642,0.350262999535,-3.25466227531,-3.71450567245],[157.211227417,11.3456077576,-2.47979235649,-12.3483800888,-18.9572601318,-9.94308280945,23.0702571869,102.514312744,36.0015411377,-12.4014959335,0.594298958778,-7.90278339386,-6.35790777206],[129.522979736,24.0609264374,-18.9660320282,-10.4566917419,0.492088794708,-29.6826915741,-10.3329353333,36.0015411377,95.0941925049,4.06827020645,1.27879309654,-10.9968175888,-2.92233657837],[-1.30256175995,-14.0785989761,39.3237876892,-4.87604618073,11.970911026,10.0287656784,0.503555178642,-12.4014959335,4.06827020645,89.1112594604,16.6064758301,-2.75857067108,-4.13824987411],[121.928916931,-19.0477752686,10.1995706558,-13.9079761505,-14.6043186188,7.09340381622,0.350262999535,0.594298958778,1.27879309654,16.6064758301,73.9133834839,12.1792678833,-3.85023784637],[-76.8057556152,-15.5158758163,6.1681842804,10.1411733627,18.1833591461,1.43332087994,-3.25466227531,-7.90278339386,-10.9968175888,-2.75857067108,12.1792678833,70.9269866943,20.8267230988],[-57.8601913452,16.4768123627,34.6167182922,14.3239688873,12.6536169052,4.41311883926,-3.71450567245,-6.35790777206,-2.92233657837,-4.13824987411,-3.85023784637,20.8267230988,61.6490325928]],"icov":[[0.000153166605742,0.0000936412325245,-0.000058104396885,0.000180480972631,0.0000428426355938,-0.000121595461678,0.000282298860839,-0.000222125439905,-0.00012930239609,0.0000784626827226,-0.000204426498385,0.000152099295519,0.0000384171689802],[0.0000936412325245,0.0010685910238,0.00038903389941,-0.000350226211594,-0.000282812106889,0.0000858062849147,0.000403218058636,-0.000387849227991,-0.0000874094621395,-0.0000180510487553,-0.000174797169166,0.000561368244234,-0.000504503666889],[-0.000058104396885,0.00038903389941,0.00193846365437,0.000324989843648,-0.000646184547804,-0.00046509571257,-0.000180451766937,-0.000267119554337,0.000377633841708,-0.000730006489903,-0.0000671575471642,0.000385322899092,-0.00136045680847],[0.000180480972631,-0.000350226211594,0.000324989843648,0.00458575552329,0.0000936149153858,-0.00131686206441,0.00129105336964,-0.000206739496207,0.000143004159327,-0.00000833111153042,0.000602650747169,-0.000410966749769,-0.000670765759423],[0.0000428426355938,-0.000282812106889,-0.000646184547804,0.0000936149153858,0.00571645190939,-0.000218045024667,0.0000447940146842,0.00104111956898,-0.00078504672274,-0.000659231620375,0.00155279412866,-0.00173267291393,0.0000101066261777],[-0.000121595461678,0.0000858062849147,-0.00046509571257,-0.00131686206441,-0.000218045024667,0.00746105285361,-0.00245006731711,0.000554189493414,0.00183463213034,-0.000524852075614,-0.00071489228867,0.000442890421255,-0.000292273005471],[0.000282298860839,0.000403218058636,-0.000180451766937,0.00129105336964,0.0000447940146842,-0.00245006731711,0.0105970874429,-0.00336839538068,0.00134878547397,-0.0000842196823214,0.0000605082641414,0.00047637350508,0.000316973950248],[-0.000222125439905,-0.000387849227991,-0.000267119554337,-0.000206739496207,0.00104111956898,0.000554189493414,-0.00336839538068,0.013114830479,-0.0049189873971,0.00193422753364,0.0000656974661979,-0.000226579999435,0.000966746825725],[-0.00012930239609,-0.0000874094621395,0.000377633841708,0.000143004159327,-0.00078504672274,0.00183463213034,0.00134878547397,-0.0049189873971,0.0136463539675,-0.00150264508557,-0.000376568670617,0.00183314166497,-0.000836290884763],[0.0000784626827226,-0.0000180510487553,-0.000730006489903,-0.00000833111153042,-0.000659231620375,-0.000524852075614,-0.0000842196823214,0.00193422753364,-0.00150264508557,0.0126803098246,-0.00305931339972,0.000996612361632,0.00110979133751],[-0.000204426498385,-0.000174797169166,-0.0000671575471642,0.000602650747169,0.00155279412866,-0.00071489228867,0.0000605082641414,0.0000656974661979,-0.000376568670617,-0.00305931339972,0.0157699510455,-0.00407891348004,0.00163507950492],[0.000152099295519,0.000561368244234,0.000385322899092,-0.000410966749769,-0.00173267291393,0.000442890421255,0.00047637350508,-0.000226579999435,0.00183314166497,0.000996612361632,-0.00407891348004,0.0175816863775,-0.00583941768855],[0.0000384171689802,-0.000504503666889,-0.00136045680847,-0.000670765759423,0.0000101066261777,-0.000292273005471,0.000316973950248,0.000966746825725,-0.000836290884763,0.00110979133751,0.00163507950492,-0.00583941768855,0.0195588450879]],"mean":[-648.381286621,119.039733887,13.8183708191,33.5115203857,1.96880853176,9.96257400513,-16.3890514374,3.1851952076,0.129936546087,-3.14689612389,0.790167093277,-4.2699213028,-4.60432386398]},"pitch_salience":{"dmean":0.0639582797885,"dmean2":0.107632510364,"dvar":0.00321375741623,"dvar2":0.00905474089086,"max":0.855543375015,"mean":0.61967921257,"median":0.628724217415,"min":0.162025034428,"var":0.00748565187678},"silence_rate_20dB":{"dmean":0,"dmean2":0,"dvar":0,"dvar2":0,"max":1,"mean":1,"median":1,"min":1,"var":0},"silence_rate_30dB":{"dmean":0.00795094110072,"dmean2":0.0159025546163,"dvar":0.00788611546159,"dvar2":0.0208965986967,"max":1,"mean":0.994629085064,"median":1,"min":0,"var":0.00534330075607},"silence_rate_60dB":{"dmean":0.00532882194966,"dmean2":0.0106580946594,"dvar":0.00530233513564,"dvar2":0.0124844210222,"max":1,"mean":0.110166624188,"median":0,"min":0,"var":0.0979815348983},"spectral_centroid":{"dmean":241.388320923,"dmean2":379.942474365,"dvar":80371.7890625,"dvar2":181645.421875,"max":11797.8769531,"mean":1226.21850586,"median":1091.50830078,"min":190.531814575,"var":680990.9375},"spectral_complexity":{"dmean":2.9931063652,"dmean2":4.57359170914,"dvar":12.281876564,"dvar2":24.633398056,"max":61,"mean":17.3594264984,"median":16,"min":0,"var":97.116897583},"spectral_contrast_coeffs":{"dmean":[0.0522964186966,0.0438722595572,0.0347881354392,0.0278007220477,0.0211007837206,0.0208915937692],"dmean2":[0.0880686640739,0.0729942619801,0.0569550059736,0.0451020151377,0.0342718400061,0.0318121947348],"dvar":[0.00188743765466,0.00126652803738,0.000814153754618,0.000495636835694,0.000300642364891,0.000403449375881],"dvar2":[0.00512490794063,0.00349947158247,0.00211204122752,0.00126281171106,0.00076798570808,0.000857628881931],"max":[-0.294868409634,-0.425013870001,-0.494779706001,-0.545825183392,-0.605096876621,-0.523960709572],"mean":[-0.61846768856,-0.735410511494,-0.773708820343,-0.780968725681,-0.786489725113,-0.728300213814],"median":[-0.6207280159,-0.73835337162,-0.775861024857,-0.784872293472,-0.787973165512,-0.727977991104],"min":[-0.983500778675,-0.981935858727,-0.985340356827,-0.983796715736,-0.989447236061,-0.978857398033],"var":[0.00526324706152,0.00441035162657,0.00377608276904,0.00290856091306,0.00171033130027,0.00238675740547]},"spectral_contrast_valleys":{"dmean":[0.409008711576,0.328533560038,0.303944408894,0.255399495363,0.245419681072,0.321669310331],"dmean2":[0.673724830151,0.538245499134,0.481483817101,0.39313107729,0.357315808535,0.415877580643],"dvar":[0.121877677739,0.076054148376,0.0659995153546,0.0507955178618,0.0652371942997,0.147300437093],"dvar2":[0.310195088387,0.194371148944,0.15637178719,0.10796251893,0.119943574071,0.249652132392],"max":[-5.10551166534,-4.48899412155,-5.42979431152,-5.97859859467,-5.67936849594,-7.09285402298],"mean":[-7.13190412521,-6.64582538605,-7.60978269577,-7.98006343842,-7.81667566299,-10.3170757294],"median":[-6.7916469574,-6.43940162659,-7.43971061707,-7.79756736755,-7.66426849365,-10.0863294601],"min":[-28.219335556,-27.9360561371,-27.7234554291,-27.6012992859,-27.4553222656,-27.4437141418],"var":[2.28776812553,2.15655684471,2.1074681282,1.98987591267,2.08384370804,2.81113648415]},"spectral_decrease":{"dmean":2.48964426852e-9,"dmean2":4.09776967913e-9,"dvar":1.71712421583e-17,"dvar2":4.43203041334e-17,"max":1.50610779065e-28,"mean":-6.45811315536e-9,"median":-5.46646816701e-9,"min":-5.85076200821e-8,"var":2.87657782105e-17},"spectral_energy":{"dmean":0.00981828849763,"dmean2":0.0160179622471,"dvar":0.000261871755356,"dvar2":0.000669487053528,"max":0.229866161942,"mean":0.0263423994184,"median":0.0222769770771,"min":9.840985519e-21,"var":0.000472469022498},"spectral_energyband_high":{"dmean":0.000747255806345,"dmean2":0.00103170168586,"dvar":0.00000359764294444,"dvar2":0.0000073035062087,"max":0.0445802398026,"mean":0.00153048033826,"median":0.00046699953964,"min":7.13214753527e-21,"var":0.00000821932644612},"spectral_energyband_low":{"dmean":0.00483283121139,"dmean2":0.00825522467494,"dvar":0.000071047921665,"dvar2":0.000192285689991,"max":0.122793279588,"mean":0.00828567799181,"median":0.00626143859699,"min":1.40920408169e-23,"var":0.0000769691250753},"spectral_energyband_middle_high":{"dmean":0.000862730201334,"dmean2":0.00127039523795,"dvar":0.00000186147656223,"dvar2":0.00000413583620684,"max":0.0291487276554,"mean":0.00300291040912,"median":0.00201890431345,"min":1.19068085143e-21,"var":0.00000980232653092},"spectral_energyband_middle_low":{"dmean":0.00668038940057,"dmean2":0.011092659086,"dvar":0.000151612854097,"dvar2":0.000398759584641,"max":0.188710868359,"mean":0.0149368420243,"median":0.0116437552497,"min":1.64581540026e-22,"var":0.000218351226067},"spectral_entropy":{"dmean":0.152107298374,"dmean2":0.221828177571,"dvar":0.0243505574763,"dvar2":0.0484509393573,"max":9.83494758606,"mean":7.60980319977,"median":7.67858600616,"min":5.24518680573,"var":0.215435355902},"spectral_flux":{"dmean":0.0225083176047,"dmean2":0.0341367051005,"dvar":0.000829324126244,"dvar2":0.00160837476142,"max":0.382977128029,"mean":0.0784685611725,"median":0.0684235841036,"min":6.48191361696e-11,"var":0.00260037975386},"spectral_kurtosis":{"dmean":1.43484687805,"dmean2":2.34081268311,"dvar":5.46991825104,"dvar2":14.664185524,"max":71.8163528442,"mean":3.57008814812,"median":2.63832998276,"min":-1.32727229595,"var":16.2664451599},"spectral_rms":{"dmean":0.000802422408015,"dmean2":0.00127897271886,"dvar":0.00000105424555841,"dvar2":0.00000260536080532,"max":0.0149753019214,"mean":0.00462867179886,"median":0.00466193491593,"min":3.09854182243e-12,"var":0.00000427527356806},"spectral_rolloff":{"dmean":553.132751465,"dmean2":930.615112305,"dvar":995431.1875,"dvar2":2178143.75,"max":19616.7480469,"mean":1460.99719238,"median":775.1953125,"min":129.19921875,"var":3164949.75},"spectral_skewness":{"dmean":0.215920984745,"dmean2":0.330306351185,"dvar":0.0605070143938,"dvar2":0.136982873082,"max":6.79397821426,"mean":1.37696230412,"median":1.29942715168,"min":-0.181399479508,"var":0.312576889992},"spectral_spread":{"dmean":569026.3125,"dmean2":763884.1875,"dvar":478245322752,"dvar2":851002785792,"max":42380716,"mean":5252686,"median":4933161.5,"min":1081226.125,"var":7326844583940},"spectral_strongpeak":{"dmean":0.354530513287,"dmean2":0.612106025219,"dvar":0.356677412987,"dvar2":0.926988124847,"max":12.6681137085,"mean":0.597696006298,"median":0.379700660706,"min":0,"var":0.531214237213},"zerocrossingrate":{"dmean":0.0120117599145,"dmean2":0.0139707420021,"dvar":0.000184564720257,"dvar2":0.000227941229241,"max":0.5341796875,"mean":0.0670114085078,"median":0.05908203125,"min":0.005859375,"var":0.00193045544438}},"metadata":{"audio_properties":{"analysis_sample_rate":44100,"bit_rate":197833,"codec":"mp3","downmix":"mix","equal_loudness":0,"length":549.01550293,"lossless":false,"md5_encoded":"955ba83e245d3ce378e0aa3fa387bdaa","replay_gain":-7.09712028503,"sample_rate":44100},"tags":{"acoustid_id":["dd720fe0-24b2-47fc-8c59-0352669bdf8e"],"album":["Spirit of the Age: An Anthology 1976–1984"],"albumartist":["Hawkwind"],"albumartistsort":["Hawkwind"],"artist":["Hawkwind"],"artistsort":["Hawkwind"],"contentgroup":["Rock"],"date":["2008-11-24"],"discnumber":["1/3"],"file_name":"109 - Damnation Alley.mp3","genre":["Rock","Space Rock","Psychedelic Rock","Progressive Rock"],"label":["Atomhenge"],"media":["Digital Media"],"musicbrainz album release country":["GB"],"musicbrainz album status":["official"],"musicbrainz album type":["album","compilation"],"musicbrainz_albumartistid":["5a28f8c2-31fb-4047-ae57-c5c326989262"],"musicbrainz_albumid":["4f92fed1-70a6-3b83-bfb6-d8b42d7bfd59"],"musicbrainz_artistid":["5a28f8c2-31fb-4047-ae57-c5c326989262"],"musicbrainz_recordingid":["90788294-a9be-4d2a-a036-bbe849d0b73b"],"musicbrainz_releasegroupid":["98166538-4343-31e6-ab73-002365134edb"],"originaldate":["2008-11-17"],"script":["Latn"],"title":["Damnation Alley"],"tracknumber":["9/13"]},"version":{"essentia":"2.1-beta2","essentia_build_sha":"2d9f1f26377add8aeb1075a9c2973f962c4f09fd","essentia_git_sha":"v2.1_beta2-1-ge3940c0","extractor":"music 1.0"}},"rhythm":{"beats_count":1323,"beats_loudness":{"dmean":0.013807810843,"dmean2":0.0249599069357,"dvar":0.000236705556745,"dvar2":0.000740889576264,"max":0.161924421787,"mean":0.0334987826645,"median":0.0297318790108,"min":0,"var":0.00050830678083},"beats_loudness_band_ratio":{"dmean":[0.14950735867,0.133929550648,0.102666519582,0