{"lowlevel":{"average_loudness":0.91328394413,"barkbands":{"dmean":[0.00150462042075,0.00856720190495,0.00318151246756,0.00338917365298,0.00308650569059,0.00128185143694,0.000754652020987,0.00120041007176,0.000694023736287,0.000645066145808,0.000500731286593,0.000438705814304,0.000302168045891,0.000501798524056,0.000407436076785,0.000143036668305,0.000201225324417,0.000161970208865,0.000139578740345,0.0000530056568095,0.0000370963971363,0.0000482977775391,0.0000436083173554,0.0000551294288016,0.0000385362181987,0.0000489904741698,0.00000729384737497],"dmean2":[0.00195182370953,0.0133766466752,0.00542671466246,0.00597390020266,0.00524548068643,0.00206066435203,0.0012354151113,0.00180604972411,0.00105020368937,0.00099064130336,0.000763525953516,0.000678007956594,0.000471710547572,0.000781114154961,0.000638919998892,0.000227881071623,0.000322136940667,0.00025300620473,0.000211179067264,0.0000811315330793,0.0000544262911717,0.0000712916225893,0.000064802072302,0.0000823665614007,0.0000563249559491,0.0000736418151064,0.0000108302665467],"dvar":[0.00000846117654874,0.000239396322286,0.000029709752198,0.0000489313169965,0.0000408348532801,0.00000622220886726,0.00000321698780681,0.0000050089852266,0.00000251636265602,0.00000223438360081,9.65137246567e-7,8.9411372528e-7,4.18423553583e-7,0.00000112294310384,0.00000105460117084,8.770237514e-8,1.96696575472e-7,1.08571171609e-7,8.54491588598e-8,1.42491458632e-8,7.80356668173e-9,8.95044660609e-9,1.00539194747e-8,1.45878358282e-8,1.11026468019e-8,7.60420704182e-9,2.19847362537e-10],"dvar2":[0.0000154925201059,0.000548061565496,0.0000796462481958,0.000132127912366,0.00011014121992,0.0000156713431352,0.00000777783589001,0.0000108978083517,0.00000530459647052,0.00000481336701341,0.00000199981536753,0.00000181567793334,9.00415045635e-7,0.00000258262252828,0.00000233502191804,2.1394329508e-7,4.67578956886e-7,2.62352727987e-7,1.89619655089e-7,3.2662754279e-8,1.81335515492e-8,1.97036094107e-8,2.27588277113e-8,3.24658913087e-8,2.39762041332e-8,1.66761218168e-8,4.84732587402e-10],"max":[0.0365751124918,0.160836622119,0.0832086578012,0.0890411585569,0.0939882919192,0.0569659471512,0.046058293432,0.0514533482492,0.0447198003531,0.0446610078216,0.0278857685626,0.0271656122059,0.0167824737728,0.022611733526,0.0462467260659,0.00772056449205,0.0160113032907,0.00714306533337,0.0107336575165,0.00358782941476,0.00206753914244,0.0020325279329,0.00296174688265,0.00586712080985,0.00597986672074,0.00100026559085,0.000440849136794],"mean":[0.00295394728892,0.0132454233244,0.00436685467139,0.0035132272169,0.00447833957151,0.00230056373402,0.0010644858703,0.00219365907833,0.0012480042642,0.00106474431232,0.000865381094627,0.00078036339255,0.000526397605427,0.00082820141688,0.000685176462866,0.000247768330155,0.00033892141073,0.000285787507892,0.00026291172253,0.0000940909885685,0.0000617264740868,0.000085088868218,0.0000688426225679,0.0000686278144713,0.0000468588987133,0.0000483686199004,0.00000713919052941],"median":[0.00116420863196,0.00575546966866,0.00214921915904,0.00093280285364,0.00235094153322,0.00084281648742,0.000363644037861,0.000754549051635,0.000344865577063,0.000353723298758,0.000296895421343,0.000245989038376,0.000179780879989,0.000225340583711,0.000172950298293,0.0000962764097494,0.000141311538755,0.000100340046629,0.0000950442845351,0.0000366163440049,0.0000208254223253,0.0000234275939874,0.0000182032617886,0.0000126388831632,0.00000678493688611,0.00000490780348628,5.04499666931e-7],"min":[3.07843265273e-24,1.04491332214e-23,4.96649983747e-24,3.84736732592e-24,1.7751227346e-23,9.49167223037e-24,1.38106415102e-23,1.89471893877e-23,1.45301583865e-23,2.44881657409e-23,1.28698436281e-23,5.26216829685e-23,4.70643693059e-23,4.99830095048e-23,4.78866116492e-23,6.01950916019e-23,1.08448936935e-22,1.41113508697e-22,1.86656632322e-22,1.71289318966e-22,3.01344108488e-22,3.57125737895e-22,4.70077846287e-22,6.6229010411e-22,1.0292502743e-21,1.43520864793e-21,2.08419363468e-21],"var":[0.0000208713590837,0.000373729853891,0.0000372966242139,0.0000441592019342,0.0000429358369729,0.0000146575748659,0.00000479828759126,0.0000140075271702,0.00000802356771601,0.00000552565461476,0.00000284717202703,0.00000276929199572,0.00000106184984361,0.0000026143766263,0.00000255705435848,1.80795808546e-7,3.72083945877e-7,2.31210435686e-7,2.39583442863e-7,3.23792335166e-8,1.54269379493e-8,2.24260254811e-8,1.88261157774e-8,2.47710634227e-8,1.98062544143e-8,9.64521440494e-9,2.6666016617e-10]},"barkbands_crest":{"dmean":2.62479734421,"dmean2":4.29175853729,"dvar":5.97420310974,"dvar2":15.2811908722,"max":26.674785614,"mean":10.968214035,"median":10.2734375,"min":2.41671252251,"var":17.1068191528},"barkbands_flatness_db":{"dmean":0.0295688398182,"dmean2":0.0410925000906,"dvar":0.00102153385524,"dvar2":0.00198388006538,"max":0.614472806454,"mean":0.181136578321,"median":0.15510353446,"min":0.022862168029,"var":0.00996580626816},"barkbands_kurtosis":{"dmean":5.81274461746,"dmean2":9.11274337769,"dvar":405.1796875,"dvar2":848.177124023,"max":1973.74304199,"mean":10.0607938766,"median":3.80763697624,"min":-1.88504683971,"var":1329.69104004},"barkbands_skewness":{"dmean":0.68994551897,"dmean2":1.04911983013,"dvar":0.677360475063,"dvar2":1.59187829494,"max":29.6705970764,"mean":2.07973623276,"median":1.82814383507,"min":-2.3215045929,"var":2.47614431381},"barkbands_spread":{"dmean":4.57429933548,"dmean2":7.01939916611,"dvar":37.7019004822,"dvar2":87.5215530396,"max":111.073684692,"mean":15.3111534119,"median":14.1122074127,"min":0.108112081885,"var":115.462554932},"dissonance":{"dmean":0.02394990623,"dmean2":0.0392207577825,"dvar":0.000538341351785,"dvar2":0.00135552813299,"max":0.499999970198,"mean":0.445032089949,"median":0.457103729248,"min":0.0782269537449,"var":0.00256351032294},"dynamic_complexity":3.89453411102,"erbbands":{"dmean":[0.419257760048,1.42475819588,3.03142809868,8.13484954834,11.4445362091,9.96349620819,11.0095491409,10.432138443,10.5514440536,19.7236423492,20.001115799,15.1535520554,21.5977859497,13.8119764328,20.7498970032,18.2936058044,13.7868623734,22.3430709839,23.7617969513,11.1598072052,7.57835388184,10.7458047867,8.92885112762,8.35497188568,5.06505727768,2.30179476738,1.67388927937,1.40541851521,1.67148685455,1.72970151901,1.11766886711,1.4229542017,0.687230587006,0.466013222933,0.281228780746,0.221535146236,0.0928213521838,0.0108135277405,0.00129983469378,0.0000913685726118],"dmean2":[0.62498819828,2.41604661942,5.1027302742,14.2694311142,19.9018650055,16.9759407043,18.020860672,16.7491855621,17.5054225922,29.7232189178,30.4432315826,22.9061584473,32.9246101379,21.2309074402,32.0709381104,27.8946590424,21.2314109802,34.5919418335,37.0719947815,17.4086494446,11.9884328842,17.2218341827,13.8869695663,13.0064649582,7.39331483841,3.48916888237,2.50093626976,2.05767464638,2.47325515747,2.54721856117,1.66598665714,2.16972374916,1.01683521271,0.688170611858,0.415810197592,0.336729496717,0.139470025897,0.0161159932613,0.00192209938541,0.000129163308884],"dvar":[0.629366695881,6.81015586853,24.4742584229,262.032012939,621.358093262,394.955291748,469.93838501,456.340423584,695.44140625,1333.05944824,1699.23120117,1205.21142578,2360.9543457,1177.23071289,1681.01525879,1903.96142578,813.911071777,2163.12841797,3525.27612305,576.114440918,271.604278564,620.760192871,308.070922852,309.475830078,147.294677734,24.9450302124,13.9996004105,11.3831634521,11.2105922699,12.7481451035,7.67336273193,8.61549186707,3.54875445366,1.91346693039,0.488379657269,0.177830934525,0.0293893609196,0.000453802233096,0.00000740970699553,2.36165362821e-8],"dvar2":[1.29278123379,17.6865463257,64.4164581299,711.462341309,1659.6796875,1064.59411621,1220.30041504,1134.21813965,1806.63989258,2826.77026367,3913.06591797,2604.35424805,4977.45068359,2560.89916992,3709.97705078,3713.00463867,1725.42541504,4900.48583984,7929.03759766,1240.48803711,647.427185059,1480.96264648,744.697387695,753.060058594,284.462127686,58.3334197998,32.6801261902,26.1446266174,25.3320960999,27.2261886597,18.2099399567,19.821264267,7.80747747421,4.27016115189,1.07312726974,0.400189012289,0.0655944049358,0.00102113198955,0.0000164469201991,5.07682145212e-8],"max":[8.13281154633,24.4362068176,67.4868240356,185.541168213,467.865570068,358.710876465,436.60369873,440.711090088,637.197570801,613.472106934,949.329589844,1081.90002441,1364.68664551,1545.28039551,1393.91320801,1398.50488281,758.79083252,1254.40905762,2769.28491211,960.984680176,522.663269043,1032.20422363,310.446044922,405.392425537,607.438110352,135.010986328,77.1859512329,75.4229660034,64.6384735107,117.262542725,109.313613892,96.328086853,109.917053223,83.8269424438,34.0103607178,5.73636198044,1.99253821373,0.55139708519,0.0857103988528,0.00370633276179],"mean":[0.647016167641,1.9266461134,4.62777996063,9.31569480896,12.922999382,14.7535190582,17.5903339386,19.3184165955,15.423166275,36.1044273376,37.5057411194,28.8654022217,36.8490715027,25.5374355316,36.101398468,34.7334442139,26.7632141113,40.1212081909,42.99451828,20.9936084747,14.3571596146,18.7692127228,16.8937702179,15.4535446167,10.2398452759,4.30267477036,2.85639286041,2.33249974251,2.89740943909,2.99385666847,1.72517299652,1.76234817505,0.869907081127,0.564341425896,0.324584692717,0.222785845399,0.0893019661307,0.0106611419469,0.00128893274814,0.000123243298731],"median":[0.230361551046,0.793786406517,2.41720533371,3.61850428581,4.88590764999,7.32323408127,7.59407663345,6.90736484528,5.97731113434,12.904258728,13.5528354645,9.25961494446,13.2458457947,8.75134086609,12.689043045,11.7640895844,10.8134870529,13.097360611,12.0357570648,8.88370132446,6.79489612579,8.21389961243,7.05629348755,5.75470542908,3.38881874084,1.81656813622,1.04465520382,0.823440909386,0.798165678978,0.80694437027,0.445877969265,0.344915211201,0.141799986362,0.0715100765228,0.0477394089103,0.0265313312411,0.00763572240248,0.000885271350853,0.000113262969535,0.0000570290030737],"min":[3.840032513e-22,8.59977132345e-22,6.32292619319e-21,2.27486995382e-20,1.98642415784e-20,4.17812352445e-20,6.81448255351e-20,7.50953980402e-20,1.58649803518e-19,4.26970262877e-19,3.95151752489e-19,3.07559607022e-19,7.92843776639e-19,5.71069002993e-19,1.20848792068e-18,2.67846004069e-18,2.14081828513e-18,3.4360631832e-18,2.74952953777e-18,2.37345373343e-18,4.5448231073e-18,7.44074355436e-18,7.88204027526e-18,8.64775640521e-18,6.75656344457e-18,9.17534047171e-18,1.00091410107e-17,1.08647534753e-17,1.51359229021e-17,1.01023865996e-17,1.37334580258e-17,1.3417723186e-17,1.08173932493e-17,8.93226600408e-18,7.38719519023e-18,4.57445933429e-18,2.53647717689e-18,1.06654290038e-18,2.77982962889e-19,2.79639941366e-20],"var":[1.12806749344,7.99801540375,35.7894515991,239.177597046,531.004516602,488.38381958,839.624755859,1094.85461426,850.085144043,3612.07226562,4581.62939453,4024.22436523,6043.60546875,3742.65527344,4735.19433594,5996.48095703,2277.62573242,5461.85107422,9000.62207031,1312.59533691,572.419433594,1174.11743164,686.125732422,670.751708984,520.516418457,57.3798332214,29.4682769775,21.1202602386,26.5316562653,32.1527061462,12.3318977356,13.3703460693,6.15921211243,3.21610999107,0.812843084335,0.222112670541,0.0353339314461,0.000554231810383,0.00000883993470779,3.31833085454e-8]},"erbbands_crest":{"dmean":2.59574341774,"dmean2":4.1140203476,"dvar":6.14575242996,"dvar2":14.4500761032,"max":32.8312644958,"mean":9.49081993103,"median":8.46194839478,"min":2.33112096786,"var":18.5676879883},"erbbands_flatness_db":{"dmean":0.0285939481109,"dmean2":0.0354596152902,"dvar":0.000644896004815,"dvar2":0.00119375949726,"max":0.535661458969,"mean":0.169641792774,"median":0.159939691424,"min":0.0381130762398,"var":0.00476286094636},"erbbands_kurtosis":{"dmean":1.22905302048,"dmean2":1.74025654793,"dvar":10.7395963669,"dvar2":14.3461837769,"max":346.6875,"mean":1.72884249687,"median":0.212237238884,"min":-1.77650308609,"var":145.047149658},"erbbands_skewness":{"dmean":0.382568746805,"dmean2":0.577760696411,"dvar":0.135509133339,"dvar2":0.309534698725,"max":13.6895494461,"mean":0.585456669331,"median":0.491212248802,"min":-2.3075466156,"var":0.927210986614},"erbbands_spread":{"dmean":8.41385269165,"dmean2":12.3580541611,"dvar":102.713302612,"dvar2":226.665222168,"max":189.603027344,"mean":33.2863388062,"median":30.2325706482,"min":0.524697601795,"var":349.557220459},"gfcc":{"cov":[[18422.8300781,-3300.3815918,-2592.95727539,121.879219055,-1243.39782715,763.997131348,-521.393371582,701.325561523,9.39962291718,809.497192383,-101.676727295,287.816467285,-594.526428223],[-3300.3815918,2290.84790039,2.55746674538,-118.939628601,480.203826904,-392.921081543,234.929550171,-247.77734375,53.6011047363,-356.34588623,124.527366638,-187.228668213,161.388275146],[-2592.95727539,2.55746674538,1515.63024902,42.4644813538,158.262420654,60.0464515686,44.7008285522,-54.2045707703,-75.1477279663,-92.0800857544,-114.065811157,17.9988651276,67.1726303101],[121.879219055,-118.939628601,42.4644813538,279.792144775,-5.91405963898,13.7560987473,-12.2791957855,9.10816192627,20.7713260651,3.68942666054,0.102655529976,-1.26853430271,3.93183374405],[-1243.39782715,480.203826904,158.262420654,-5.91405963898,368.778930664,-63.6475906372,92.4373321533,-33.7171897888,-16.970035553,-64.0001525879,23.977399826,-37.5523681641,68.7102508545],[763.997131348,-392.921081543,60.0464515686,13.7560987473,-63.6475906372,243.239471436,24.9037780762,66.4441375732,0.0858599245548,67.1797027588,-29.7768955231,29.0607700348,-41.9008140564],[-521.393371582,234.929550171,44.7008285522,-12.2791957855,92.4373321533,24.9037780762,179.17805481,16.5079040527,11.0540657043,-44.8971366882,8.39286518097,-25.5759067535,4.37454223633],[701.325561523,-247.77734375,-54.2045707703,9.10816192627,-33.7171897888,66.4441375732,16.5079040527,148.494949341,31.4523506165,61.5054016113,-3.46920347214,20.1128177643,-33.0534172058],[9.39962291718,53.6011047363,-75.1477279663,20.7713260651,-16.970035553,0.0858599245548,11.0540657043,31.4523506165,129.260726929,35.8754386902,22.9400463104,-2.40924048424,-4.01876831055],[809.497192383,-356.34588623,-92.0800857544,3.68942666054,-64.0001525879,67.1797027588,-44.8971366882,61.5054016113,35.8754386902,160.32623291,15.7771558762,36.123085022,-17.3303871155],[-101.676727295,124.527366638,-114.065811157,0.102655529976,23.977399826,-29.7768955231,8.39286518097,-3.46920347214,22.9400463104,15.7771558762,96.2628173828,16.8466262817,5.71848297119],[287.816467285,-187.228668213,17.9988651276,-1.26853430271,-37.5523681641,29.0607700348,-25.5759067535,20.1128177643,-2.40924048424,36.123085022,16.8466262817,88.9527511597,11.770567894],[-594.526428223,161.388275146,67.1726303101,3.93183374405,68.7102508545,-41.9008140564,4.37454223633,-33.0534172058,-4.01876831055,-17.3303871155,5.71848297119,11.770567894,115.09047699]],"icov":[[0.000172048516106,-0.00012165113003,0.000275917962426,-0.000150742343976,0.000208295197808,-0.000320485269185,0.000317514728522,-0.000453880114947,0.000384033861337,-0.000481928815134,0.0005066517042,-0.000437575450633,0.000480419374071],[-0.00012165113003,0.00203139404766,-0.000130454835016,0.000866930524353,-0.00116839725524,0.0013898704201,-0.00130967993755,0.00157980481163,-0.00187329319306,0.00296310475096,-0.00239533768035,0.00242128572427,-0.00147125695366],[0.000275917962426,-0.000130454835016,0.00129851570819,-0.00036388260196,-0.000117389594379,-0.000772374856751,0.000418953044573,-0.000410934590036,0.000665375380777,-0.00036333760363,0.00183022255078,-0.00126967590768,0.000525182753336],[-0.000150742343976,0.000866930524353,-0.00036388260196,0.00413097674027,-0.000548083917238,0.000369802524801,-0.000152169901412,0.000606529472861,-0.00165655673482,0.00177293049637,-0.00153570715338,0.00159123551566,-0.00115860253572],[0.000208295197808,-0.00116839725524,-0.000117389594379,-0.000548083917238,0.00491262832657,-0.000356945121894,-0.000779728405178,-0.00144782161806,0.00201039551757,-0.00182625697926,0.000135588357807,0.0000613103693468,-0.000865173060447],[-0.000320485269185,0.0013898704201,-0.000772374856751,0.000369802524801,-0.000356945121894,0.00758613506332,-0.00337059772573,0.000613868294749,-0.000905857072212,-0.000124340513139,-0.000142201475683,0.000436512957094,0.0000251007641054],[0.000317514728522,-0.00130967993755,0.000418953044573,-0.000152169901412,-0.000779728405178,-0.00337059772573,0.00936458911747,-0.00331353279762,0.000431298831245,0.00077155494364,0.000474108470371,-0.000220428424655,0.00129843235482],[-0.000453880114947,0.00157980481163,-0.000410934590036,0.000606529472861,-0.00144782161806,0.000613868294749,-0.00331353279762,0.0117491930723,-0.00355251831934,0.0000762056806707,-0.00101107347291,0.000511283113156,0.000132666624268],[0.000384033861337,-0.00187329319306,0.000665375380777,-0.00165655673482,0.00201039551757,-0.000905857072212,0.000431298831245,-0.00355251831934,0.0115555096418,-0.00527645461261,0.000905853114091,-0.00117245013826,0.00139611726627],[-0.000481928815134,0.00296310475096,-0.00036333760363,0.00177293049637,-0.00182625697926,-0.000124340513139,0.00077155494364,0.0000762056806707,-0.00527645461261,0.0153502020985,-0.00593202747405,0.00255205575377,-0.00329458084889],[0.0005066517042,-0.00239533768035,0.00183022255078,-0.00153570715338,0.000135588357807,-0.000142201475683,0.000474108470371,-0.00101107347291,0.000905853114091,-0.00593202747405,0.0179894007742,-0.00805286224931,0.00358741427772],[-0.000437575450633,0.00242128572427,-0.00126967590768,0.00159123551566,0.0000613103693468,0.000436512957094,-0.000220428424655,0.000511283113156,-0.00117245013826,0.00255205575377,-0.00805286224931,0.0189741738141,-0.00588854169473],[0.000480419374071,-0.00147125695366,0.000525182753336,-0.00115860253572,-0.000865173060447,0.0000251007641054,0.00129843235482,0.000132666624268,0.00139611726627,-0.00329458084889,0.00358741427772,-0.00588854169473,0.0134577378631]],"mean":[-30.2889537811,122.242477417,-96.2928390503,22.0652809143,-37.7773475647,12.3236751556,-29.8561973572,7.17414808273,-17.7869262695,-0.807285249233,-11.8036355972,1.67358851433,-12.5653524399]},"hfc":{"dmean":5.67147636414,"dmean2":8.03534412384,"dvar":58.4995498657,"dvar2":111.139846802,"max":132.294631958,"mean":18.745672226,"median":15.3610248566,"min":1.10397026711e-16,"var":275.23828125},"melbands":{"dmean":[0.00291379564442,0.00153688085265,0.00150394206867,0.000733062799554,0.000393286230974,0.000234508595895,0.000157393093104,0.000238056585658,0.000159430142958,0.0000955699651968,0.000108876578452,0.0000563893663639,0.000063306571974,0.0000524489842064,0.0000435779838881,0.0000287530237983,0.0000487680954393,0.000041176990635,0.0000273671848845,0.0000110228502308,0.00000893380365596,0.0000124672778838,0.00000963615548244,0.00000796985113993,0.00000735757748771,0.00000466190749648,0.00000262096045844,0.0000014550320202,0.00000111767928956,0.00000103979925825,7.9983692558e-7,9.38430957831e-7,0.00000106445713755,0.00000100497527455,6.62429954446e-7,6.9136814318e-7,9.5460495686e-7,4.77764558582e-7,4.33072273154e-7,3.89189068528e-7],"dmean2":[0.00441608810797,0.00256387749687,0.00261672888882,0.00126209435984,0.000644389830995,0.000377079442842,0.000259151158389,0.000356160628144,0.000243958609644,0.000145047190017,0.000165952267707,0.0000873962417245,0.0000977564268396,0.0000810873752926,0.0000663800310576,0.0000448970240541,0.0000756963636377,0.0000642959639663,0.0000427012892033,0.0000174553697434,0.000014272523913,0.0000200805334316,0.0000153160563059,0.000012571876141,0.0000116018954941,0.0000070045348366,0.00000387521822631,0.00000226211341214,0.0000017159845811,0.00000158118052695,0.00000118612831557,0.0000014096394807,0.00000159562307545,0.00000148905769493,9.97569941319e-7,0.00000105850938326,0.00000145928368056,7.14968109605e-7,6.46104126645e-7,5.7919982055e-7],"dvar":[0.0000292446966341,0.00000608222626397,0.00000854170320963,0.00000246198646892,5.28646410203e-7,2.16275509501e-7,1.46788067923e-7,1.94253331642e-7,1.20618807387e-7,4.68622900485e-8,6.07011472198e-8,2.08397388235e-8,1.47135175155e-8,1.11067102182e-8,9.15583608929e-9,3.95506916107e-9,1.10974980316e-8,1.00201642539e-8,4.64733673766e-9,4.5143702665e-10,4.19005302676e-10,9.39565980573e-10,3.68074681845e-10,2.99556018879e-10,2.49615911274e-10,1.21911661322e-10,4.40714895134e-11,1.03709393504e-11,6.21984278318e-12,5.96066468753e-12,3.81108122491e-12,3.78516879299e-12,4.92438598579e-12,4.64605003775e-12,2.71299432572e-12,2.64433028425e-12,3.88639858143e-12,1.8260031074e-12,1.82661156166e-12,1.61751384856e-12],"dvar2":[0.0000630320646451,0.0000153680593939,0.0000229796241911,0.00000667412905386,0.00000136637311243,5.39773679975e-7,3.72318652353e-7,4.1038762788e-7,2.73767057024e-7,1.01029677069e-7,1.27802749716e-7,4.6212679905e-8,3.19692432527e-8,2.33723262966e-8,1.83385928665e-8,8.45715941722e-9,2.50703351412e-8,2.27881695736e-8,9.77205871777e-9,1.07503339564e-9,9.98063631741e-10,2.2611132966e-9,9.07499964065e-10,7.40289163303e-10,6.15388406899e-10,2.47740772341e-10,8.31492236175e-11,2.51083997344e-11,1.47005411316e-11,1.46208010976e-11,8.74041724414e-12,8.77050689019e-12,1.11679467757e-11,9.94414359884e-12,6.47519147676e-12,6.38699770156e-12,9.02316762974e-12,4.2383128257e-12,3.83388069555e-12,3.8693475507e-12],"max":[0.0559869334102,0.0268049854785,0.0309235882014,0.0230526849627,0.0125982733443,0.0100432867184,0.00947817973793,0.00777911720797,0.00786448922008,0.00731952115893,0.00670652138069,0.00681114895269,0.00372746237554,0.00292125274427,0.00369167746976,0.00228140107356,0.00287044560537,0.00401019025594,0.00287102069706,0.000447587633971,0.000580268271733,0.00133684149478,0.000420417898567,0.000485101452796,0.000386185391108,0.000482816132717,0.000281998887658,0.0000795316955191,0.0000548499992874,0.0000482009418192,0.0000439919895143,0.0000413166853832,0.0000540993423783,0.0000863508830662,0.0000540638357052,0.0000559484178666,0.0000727132210159,0.000073197792517,0.000083712664491,0.0000854690442793],"mean":[0.00462536653504,0.00244874553755,0.00175254419446,0.000976697308943,0.000653620576486,0.000433013978181,0.000227642056416,0.000437152659288,0.000296268204693,0.000174894492375,0.000180277711479,0.0000974115391728,0.00010945804388,0.0000937484874157,0.0000804556766525,0.0000500408059452,0.0000806785174063,0.0000702560428181,0.0000453234315501,0.0000192926381715,0.0000155489578901,0.0000201130333153,0.0000165434539667,0.0000139633903018,0.0000125566084535,0.00000866295886226,0.00000490349748361,0.00000238207280745,0.00000179343123818,0.00000160783770298,0.00000124121106637,0.0000015435058458,0.00000182140604466,0.00000163212757798,9.71860231402e-7,9.59884232543e-7,0.00000111267229386,5.9729967461e-7,5.32235219453e-7,4.5063436005e-7],"median":[0.001958059147,0.00126440473832,0.000734521192499,0.000491974293254,0.000306725676637,0.00015903590247,0.0000813635633676,0.000149355822941,0.0000960771722021,0.0000503147530253,0.0000606926041655,0.0000280845542875,0.0000381630088668,0.0000310951836582,0.0000278261613857,0.000015611121853,0.0000219138455577,0.0000173777571035,0.000012992270058,0.00000802390604804,0.00000641119459033,0.00000763075149735,0.00000679286677041,0.00000471030034532,0.00000425193320552,0.00000262410731011,0.00000151807262228,9.29200666633e-7,6.33921445115e-7,4.94131882078e-7,4.05390778724e-7,4.1043134047e-7,4.36454115516e-7,4.30572583809e-7,2.46523200076e-7,1.96314715595e-7,1.9518486738e-7,9.62047721487e-8,6.18940987351e-8,5.52874013238e-8],"min":[3.62568715636e-24,2.55246043304e-24,4.21552200507e-24,4.92388281036e-24,2.05272178275e-24,1.52877624532e-24,2.89872244713e-24,4.69164886518e-24,3.09506894036e-24,1.70949806643e-24,4.14248413487e-24,2.07480081619e-24,2.36275634584e-24,4.97760384357e-24,7.12350153771e-24,4.14777739154e-24,5.85107363075e-24,4.59646569721e-24,3.39077147853e-24,2.41297799208e-24,5.93557167775e-24,7.10321597953e-24,6.28744742326e-24,6.49017954831e-24,6.15989729236e-24,4.80419170622e-24,3.95689040742e-24,5.51810885329e-24,5.20732132246e-24,6.57417864079e-24,5.33935691647e-24,9.05349155196e-24,7.10884292437e-24,5.09851570996e-24,6.14994896748e-24,7.63703815409e-24,8.53404952284e-24,6.79124831278e-24,7.9523237698e-24,7.18161455401e-24],"var":[0.000050115508202,0.00000900503800949,0.00000767510300648,0.00000227395366892,9.56020130616e-7,5.12464907843e-7,1.93941247062e-7,5.52984204205e-7,3.37242994419e-7,1.601721209e-7,1.53371559009e-7,6.50599147889e-8,4.21490540248e-8,3.23384128365e-8,2.96088682461e-8,1.00430819217e-8,2.64866084621e-8,2.44096671764e-8,1.04857704741e-8,9.97299132166e-10,8.07511557621e-10,1.62550528593e-9,6.96900370745e-10,6.09588324263e-10,4.87091367241e-10,3.69823477397e-10,1.52020729338e-10,1.91005180422e-11,1.1741919069e-11,1.14552360653e-11,6.5038894409e-12,8.10031035303e-12,1.21391794186e-11,1.08280259759e-11,4.09965724563e-12,4.28090158808e-12,5.65926472351e-12,2.87243839825e-12,3.36972789082e-12,2.21396729075e-12]},"melbands_crest":{"dmean":3.82832145691,"dmean2":5.9945230484,"dvar":13.0687742233,"dvar2":30.0234298706,"max":37.459312439,"mean":16.9942512512,"median":15.7362346649,"min":1.53528726101,"var":43.5868339539},"melbands_flatness_db":{"dmean":0.0343086794019,"dmean2":0.0492768324912,"dvar":0.00140094431117,"dvar2":0.00280251912773,"max":0.768797755241,"mean":0.280088454485,"median":0.252112746239,"min":0.000905138731468,"var":0.0140655459836},"melbands_kurtosis":{"dmean":11.9390048981,"dmean2":18.8832683563,"dvar":1071.64172363,"dvar2":2840.22021484,"max":1346.80517578,"mean":21.5832862854,"median":10.3810710907,"min":-1.64064013958,"var":2865.92993164},"melbands_skewness":{"dmean":0.896176874638,"dmean2":1.37493383884,"dvar":1.20751285553,"dvar2":2.90076589584,"max":30.4029979706,"mean":3.00262713432,"median":2.66843080521,"min":-1.37920331955,"var":4.47996139526},"melbands_spread":{"dmean":4.8508143425,"dmean2":7.5110912323,"dvar":46.0860328674,"dvar2":104.457901001,"max":175.76234436,"mean":15.0971479416,"median":12.5893154144,"min":0.253664553165,"var":157.411437988},"mfcc":{"cov":[[13956.5458984,-1590.43371582,-1904.88842773,-585.303771973,-513.155151367,-236.167938232,-425.46182251,-41.1282844543,-224.814590454,327.193359375,455.623291016,254.994873047,189.603271484],[-1590.43371582,1532.77294922,-154.326919556,150.379455566,101.868843079,-16.1745681763,79.3511657715,26.7746582031,20.7130718231,-57.2375793457,-57.5196304321,-19.4030761719,-22.4504261017],[-1904.88842773,-154.326919556,1134.07495117,90.1334075928,111.338516235,124.787216187,75.0359725952,52.744392395,81.9593963623,-55.9524688721,-90.6292648315,-60.3707427979,-51.1160583496],[-585.303771973,150.379455566,90.1334075928,280.673614502,78.896270752,5.73046350479,12.9556856155,1.26592242718,15.4111251831,-13.2155504227,-40.203956604,-17.0060253143,16.4636039734],[-513.155151367,101.868843079,111.338516235,78.896270752,208.374862671,15.1782407761,48.7739028931,-14.2491197586,31.5192375183,-21.2779655457,-30.3392677307,-1.96040725708,-9.10209369659],[-236.167938232,-16.1745681763,124.787216187,5.73046350479,15.1782407761,148.33354187,38.9509124756,23.7231636047,18.9487800598,8.82293891907,-8.53073692322,-5.79139900208,-6.75314998627],[-425.46182251,79.3511657715,75.0359725952,12.9556856155,48.7739028931,38.9509124756,169.885101318,25.3216915131,42.26720047,-20.2881450653,-27.1630172729,5.94466257095,-21.7852210999],[-41.1282844543,26.7746582031,52.744392395,1.26592242718,-14.2491197586,23.7231636047,25.3216915131,133.487213135,14.9565849304,14.4736499786,27.4909381866,-4.31322383881,-6.83729410172],[-224.814590454,20.7130718231,81.9593963623,15.4111251831,31.5192375183,18.9487800598,42.26720047,14.9565849304,124.764381409,24.1514644623,-20.1893177032,10.2946815491,-11.9467554092],[327.193359375,-57.2375793457,-55.9524688721,-13.2155504227,-21.2779655457,8.82293891907,-20.2881450653,14.4736499786,24.1514644623,108.9634552,59.523109436,7.83651590347,5.76830339432],[455.623291016,-57.5196304321,-90.6292648315,-40.203956604,-30.3392677307,-8.53073692322,-27.1630172729,27.4909381866,-20.1893177032,59.523109436,117.101287842,29.2211475372,1.9194766283],[254.994873047,-19.4030761719,-60.3707427979,-17.0060253143,-1.96040725708,-5.79139900208,5.94466257095,-4.31322383881,10.2946815491,7.83651590347,29.2211475372,86.1030654907,33.7400856018],[189.603271484,-22.4504261017,-51.1160583496,16.4636039734,-9.10209369659,-6.75314998627,-21.7852210999,-6.83729410172,-11.9467554092,5.76830339432,1.9194766283,33.7400856018,106.180213928]],"icov":[[0.00013282475993,0.000127189996419,0.000192062201677,0.0000956365765887,0.0000529960889253,0.0000177661204361,0.000130141663249,-0.0000616676188656,0.0000441412303189,-0.000120354874525,-0.000102484540548,-0.000165331221069,-0.0000383605220122],[0.000127189996419,0.000891070871148,0.000416301598307,-0.000272468430921,-0.000199998379685,0.0000631373623037,-0.0000952874252107,-0.000341034668963,-0.0000599827289989,0.000222712013056,0.0000662610691506,-0.0000398051561206,0.000141907075886],[0.000192062201677,0.000416301598307,0.00150999380276,-0.000110952430987,-0.00035545710125,-0.000773700070567,0.000245586386882,-0.000572836841457,-0.000584181514569,0.000512823986355,0.00018328956503,0.000330361654051,0.000221132242586],[0.0000956365765887,-0.000272468430921,-0.000110952430987,0.00453044986352,-0.00139371783007,0.000199228699785,0.000361250829883,-0.000358851946658,0.000104815953819,-0.000668703520205,0.00101724208798,0.000582686567213,-0.00119547662325],[0.0000529960889253,-0.000199998379685,-0.00035545710125,-0.00139371783007,0.00626862747595,-0.0000587514223298,-0.00119183037896,0.00123662722763,-0.000932799361181,0.000679406686686,-0.000428570288932,-0.000347554800101,0.000253114529187],[0.0000177661204361,0.0000631373623037,-0.000773700070567,0.000199228699785,-0.0000587514223298,0.00806797854602,-0.00155243312474,-0.000880870327819,0.000388221757021,-0.00175455934368,0.000822959525976,-0.0000440811127191,-0.000150748091983],[0.000130141663249,-0.0000952874252107,0.000245586386882,0.000361250829883,-0.00119183037896,-0.00155243312474,0.00804018415511,-0.00156177720055,-0.00171496125404,0.00115267233923,0.00110711005982,-0.0017699257005,0.00144465209451],[-0.0000616676188656,-0.000341034668963,-0.000572836841457,-0.000358851946658,0.00123662722763,-0.000880870327819,-0.00156177720055,0.00924144219607,-0.00135311344638,0.000749761296902,-0.00381839601323,0.00177623494528,-0.000545848160982],[0.0000441412303189,-0.0000599827289989,-0.000584181514569,0.000104815953819,-0.000932799361181,0.000388221757021,-0.00171496125404,-0.00135311344638,0.0119137959555,-0.0060945507139,0.00517147686332,-0.00385471084155,0.00191970181186],[-0.000120354874525,0.000222712013056,0.000512823986355,-0.000668703520205,0.000679406686686,-0.00175455934368,0.00115267233923,0.000749761296902,-0.0060945507139,0.0165796857327,-0.00946185924113,0.00359145877883,-0.00171261490323],[-0.000102484540548,0.0000662610691506,0.00018328956503,0.00101724208798,-0.000428570288932,0.000822959525976,0.00110711005982,-0.00381839601323,0.00517147686332,-0.00946185924113,0.0178530178964,-0.00655863573775,0.00298162992112],[-0.000165331221069,-0.0000398051561206,0.000330361654051,0.000582686567213,-0.000347554800101,-0.0000440811127191,-0.0017699257005,0.00177623494528,-0.00385471084155,0.00359145877883,-0.00655863573775,0.017330320552,-0.00594303430989],[-0.0000383605220122,0.000141907075886,0.000221132242586,-0.00119547662325,0.000253114529187,-0.000150748091983,0.00144465209451,-0.000545848160982,0.00191970181186,-0.00171261490323,0.00298162992112,-0.00594303430989,0.012225240469]],"mean":[-677.389160156,154.579574585,6.6573472023,22.1785411835,12.8512887955,9.991106987,2.37905716896,10.6133422852,-2.4954252243,3.89961838722,3.45657372475,-1.14292037487,-2.0219745636]},"pitch_salience":{"dmean":0.0799992382526,"dmean2":0.129022404552,"dvar":0.00575088802725,"dvar2":0.0143649475649,"max":0.985466182232,"mean":0.509911060333,"median":0.51867544651,"min":0.0614651404321,"var":0.0149811832234},"silence_rate_20dB":{"dmean":0,"dmean2":0,"dvar":0,"dvar2":0,"max":1,"mean":1,"median":1,"min":1,"var":0},"silence_rate_30dB":{"dmean":0.0628795474768,"dmean2":0.125768750906,"dvar":0.058932967484,"dvar2":0.134565040469,"max":1,"mean":0.94542658329,"median":1,"min":0,"var":0.0516021065414},"silence_rate_60dB":{"dmean":0.0247520953417,"dmean2":0.0495079942048,"dvar":0.024137288332,"dvar2":0.0570423193276,"max":1,"mean":0.0603382028639,"median":0,"min":0,"var":0.0566953271627},"spectral_centroid":{"dmean":203.313705444,"dmean2":312.027648926,"dvar":63564.6875,"dvar2":147481.671875,"max":11565.2490234,"mean":893.92364502,"median":841.799499512,"min":112.659545898,"var":320785.90625},"spectral_complexity":{"dmean":3.15950489044,"dmean2":4.7392373085,"dvar":13.8755121231,"dvar2":26.7924518585,"max":56,"mean":16.7606449127,"median":17,"min":0,"var":100.149650574},"spectral_contrast_coeffs":{"dmean":[0.0580131523311,0.0476427599788,0.0421276167035,0.0335982106626,0.025552239269,0.0211977437139],"dmean2":[0.0937047600746,0.0759087577462,0.0660385340452,0.05161896348,0.0390782989562,0.0318860858679],"dvar":[0.00276820897125,0.0016140753869,0.0012821854325,0.000825661292765,0.000514668703545,0.000413335335907],"dvar2":[0.00708428770304,0.00383448135108,0.00288768718019,0.00174954091199,0.00106626271736,0.000874389661476],"max":[-0.222051486373,-0.357832819223,-0.471680253744,-0.506344139576,-0.509520828724,-0.624965071678],"mean":[-0.655244290829,-0.718794763088,-0.755161881447,-0.771667599678,-0.781181871891,-0.782638192177],"median":[-0.659486293793,-0.726865470409,-0.760130524635,-0.779037892818,-0.784228563309,-0.785883069038],"min":[-0.967031896114,-0.987197101116,-0.991342186928,-0.976415812969,-0.976600348949,-0.962558150291],"var":[0.00782313477248,0.00621911277995,0.0049217985943,0.00445258105174,0.00314931990579,0.00204165629111]},"spectral_contrast_valleys":{"dmean":[0.431903839111,0.407878339291,0.409227341413,0.373065680265,0.387428820133,0.567693650723],"dmean2":[0.682428896427,0.637502074242,0.618682563305,0.54253911972,0.511236906052,0.64958357811],"dvar":[0.175148427486,0.154301553965,0.163928389549,0.157970294356,0.165740221739,0.316729366779],"dvar2":[0.364749550819,0.329136669636,0.337294608355,0.289518117905,0.30142390728,0.589139103889],"max":[-4.91244697571,-4.49929332733,-5.12996292114,-5.56204748154,-5.63990354538,-7.74277925491],"mean":[-6.87504434586,-6.9107875824,-7.58509922028,-8.01226902008,-8.31367397308,-10.9422006607],"median":[-6.66748332977,-6.60142993927,-7.28315496445,-7.62343740463,-7.90412139893,-10.5643930435],"min":[-27.6354808807,-27.6915931702,-27.6519546509,-27.4983692169,-27.5749664307,-27.4200248718],"var":[1.51519012451,1.95881485939,2.17257452011,2.40306806564,2.51200914383,3.01984262466]},"spectral_decrease":{"dmean":4.17551770937e-9,"dmean2":6.24189588905e-9,"dvar":3.72199247216e-17,"dvar2":7.87468730136e-17,"max":1.28176535959e-28,"mean":-1.06062856275e-8,"median":-8.77361738816e-9,"min":-5.52772618789e-8,"var":8.10856500949e-17},"spectral_energy":{"dmean":0.0161079671234,"dmean2":0.023977894336,"dvar":0.00054454698693,"dvar2":0.00115002540406,"max":0.210503071547,"mean":0.0417308211327,"median":0.0349590629339,"min":1.01927876953e-20,"var":0.00121467281133},"spectral_energyband_high":{"dmean":0.000263904919848,"dmean2":0.000373876100639,"dvar":2.31080235835e-7,"dvar2":4.75228858932e-7,"max":0.0117413587868,"mean":0.000427009887062,"median":0.000156269728905,"min":7.34890924544e-21,"var":5.04550087044e-7},"spectral_energyband_low":{"dmean":0.0117340032011,"dmean2":0.0176313128322,"dvar":0.000355538417352,"dvar2":0.000725139165297,"max":0.193779438734,"mean":0.0222275238484,"median":0.0127831026912,"min":4.0745849046e-23,"var":0.000715853064321},"spectral_energyband_middle_high":{"dmean":0.0018831458874,"dmean2":0.00277459435165,"dvar":0.00000789015302871,"dvar2":0.0000167180278368,"max":0.0500188171864,"mean":0.00566896656528,"median":0.00345299369656,"min":1.27776362328e-21,"var":0.0000412181107095},"spectral_energyband_middle_low":{"dmean":0.00778536032885,"dmean2":0.0128945624456,"dvar":0.000176108122105,"dvar2":0.000455369037809,"max":0.147071897984,"mean":0.0153995631263,"median":0.0120319332927,"min":1.72273615427e-22,"var":0.00023005186813},"spectral_entropy":{"dmean":0.264718145132,"dmean2":0.35425850749,"dvar":0.0765956267715,"dvar2":0.149614170194,"max":9.8208065033,"mean":7.13926553726,"median":7.30706787109,"min":3.20835804939,"var":0.641412317753},"spectral_flux":{"dmean":0.0383326150477,"dmean2":0.0582527928054,"dvar":0.00213740952313,"dvar2":0.00430284673348,"max":0.387441307306,"mean":0.0979136377573,"median":0.0852026343346,"min":6.51534728946e-11,"var":0.004509027116},"spectral_kurtosis":{"dmean":4.83725404739,"dmean2":7.52028942108,"dvar":103.525802612,"dvar2":229.666320801,"max":386.856323242,"mean":13.0855665207,"median":6.42042207718,"min":-1.22762799263,"var":762.098510742},"spectral_rms":{"dmean":0.00114334386308,"dmean2":0.00167897623032,"dvar":0.0000020444688289,"dvar2":0.00000411570954384,"max":0.0143306963146,"mean":0.00578347407281,"median":0.00584006868303,"min":3.15343996575e-12,"var":0.00000726445023247},"spectral_rolloff":{"dmean":274.583831787,"dmean2":460.2940979,"dvar":343361.90625,"dvar2":789405.625,"max":19121.484375,"mean":784.390686035,"median":538.330078125,"min":43.06640625,"var":845690.0625},"spectral_skewness":{"dmean":0.414514303207,"dmean2":0.632723391056,"dvar":0.37920331955,"dvar2":0.818910896778,"max":16.8924999237,"mean":2.35111117363,"median":1.96951198578,"min":-0.0680016055703,"var":2.58878087997},"spectral_spread":{"dmean":914064.5625,"dmean2":1186865.75,"dvar":1106153963520,"dvar2":2104289656830,"max":41714452,"mean":4092994.25,"median":3736670,"min":242490.328125,"var":4994059730940},"spectral_strongpeak":{"dmean":0.429309308529,"dmean2":0.735799252987,"dvar":0.719296813011,"dvar2":1.68236362934,"max":14.3981723785,"mean":0.73072218895,"median":0.343677341938,"min":0,"var":1.18195796013},"zerocrossingrate":{"dmean":0.00870757550001,"dmean2":0.010469969362,"dvar":0.00013588143338,"dvar2":0.000184246368008,"max":0.51953125,"mean":0.0382168106735,"median":0.03466796875,"min":0.00146484375,"var":0.000782054034062}},"metadata":{"audio_properties":{"analysis_sample_rate":44100,"bit_rate":320028,"codec":"mp3","downmix":"mix","equal_loudness":0,"length":302.053863525,"lossless":false,"md5_encoded":"b513147d72e973b0f20bf3a274067dcf","replay_gain":-14.3317489624,"sample_rate":44100},"tags":{"acoustid_id":["2e737845-5bbb-4dc4-a029-7478eabb754c"],"album":["The Getaway"],"albumartist":["Red Hot Chili Peppers"],"albumartistsort":["Red Hot Chili Peppers"],"artist":["Red Hot Chili Peppers"],"artistsort":["Red Hot Chili Peppers"],"asin":["B01F3REDMU"],"conductor":["Daniele Luppi"],"date":["2016-06-17"],"file_name":"02 - Dark Necessities.mp3","isrc":["USWB11600478"],"label":["Warner Bros. Records"],"language":["eng"],"media":["CD"],"musicbrainz album release country":["US"],"musicbrainz album status":["official"],"musicbrainz album type":["album"],"musicbrainz_albumartistid":["8bfac288-ccc5-448d-9573-c33ea2aa5c30"],"musicbrainz_albumid":["1df7de0f-a01b-40ca-9ecb-978ad43b9351"],"musicbrainz_artistid":["8bfac288-ccc5-448d-9573-c33ea2aa5c30"],"musicbrainz_recordingid":["90874003-71e7-44e9-8f7f-4ccd9f03d5c0"],"musicbrainz_releasegroupid":["831f10e3-32e5-4d22-b001-2f3ab1254be0"],"musicbrainz_workid":["13188af4-3f95-48d7-bf90-6c0024e95461"],"originaldate":["2016"],"script":["Latn"],"title":["Dark Necessities"],"tracknumber":["2/13"],"work":["Dark Necessities"],"writer":["Flea","Josh Klinghoffer","Anthony Kiedis","Chad Smith","Brian Burton"]},"version":{"essentia":"2.1-beta2","essentia_build_sha":"70f2e5ece6736b2c40cc944ad0e695b16b925413","essentia_git_sha":"v2.1_beta2","extractor":"music 1.0"}},"rhythm":{"beats_count":519,"beats_loudness":{"dmean":0.0306694600731,"dmean2":0.0509419739246,"dvar":0.000846140726935,"dvar2":0.00235941563733,"max":0.161086112261,"mean":0.0528091751039,"median":0.0488948486745,"min":1.88378805888e-7,"var":0.00148551084567},"beats_loudness_band_ratio":{