{"lowlevel":{"average_loudness":0.970869719982,"barkbands":{"dmean":[0.0000346965352946,0.00104922719765,0.00196032226086,0.00179259479046,0.00143341149669,0.000743903510738,0.000638858764432,0.00032234142418,0.000987232197076,0.000588487018831,0.000373234128347,0.000507087272126,0.000323184765875,0.000309147115331,0.000311843323288,0.000602068554144,0.000936585478485,0.00052953872364,0.000524900620803,0.000293811084703,0.000207943419809,0.000159124057973,0.0000880892475834,0.0000579045154154,0.0000343561623595,0.0000174929991772,0.00000296770281238],"dmean2":[0.0000540803266631,0.00175167177804,0.00325745088048,0.00304580829106,0.00239288201556,0.00119272642769,0.00105752923992,0.000524681527168,0.00157780642621,0.000893004762474,0.000592458120082,0.000812988320831,0.000516172032803,0.00049813388614,0.00050148711307,0.000988549203612,0.00151883426588,0.000845417438541,0.000825931550935,0.000472781277495,0.000336584664183,0.000268546922598,0.000139082767419,0.0000851934601087,0.0000489227568323,0.0000245854462264,0.00000443561884822],"dvar":[5.06139796741e-9,0.00000305333037431,0.00000788180386735,0.00000486899443786,0.00000399108739657,0.00000208590267903,0.000001118720661,5.07819208906e-7,0.0000030388837331,0.00000285876421913,7.01358771948e-7,9.12767291084e-7,3.56657096745e-7,3.41999111697e-7,3.7399721009e-7,5.45279306152e-7,0.00000107104108338,4.29847460737e-7,4.85222926727e-7,1.20263777603e-7,8.28762694027e-8,1.09565441164e-7,4.14743510646e-8,2.81512004818e-8,1.5791014718e-8,4.21523438376e-9,1.70004912925e-10],"dvar2":[1.18530625315e-8,0.00000768566496845,0.0000212811974052,0.0000135794934977,0.0000104506361822,0.00000495343101647,0.00000308288713313,0.00000132850698265,0.00000731956242817,0.00000598756378167,0.00000156198245804,0.00000216663738684,8.45720592224e-7,8.51372419675e-7,8.40284087644e-7,0.00000141707391776,0.00000265841822511,0.00000102083981801,0.00000113539692848,2.85884055984e-7,2.11663049754e-7,2.93958549946e-7,9.26182508465e-8,5.95597207109e-8,3.12213224163e-8,8.67919425218e-9,3.38130856647e-10],"max":[0.000901870371308,0.0170998126268,0.0384357497096,0.031489521265,0.0317477174103,0.0312080923468,0.0164670348167,0.0196399055421,0.0351416245103,0.0382783189416,0.0208377409726,0.0195208489895,0.0121928723529,0.0127400737256,0.0269924290478,0.0126483058557,0.0154454447329,0.0163640696555,0.0147979576141,0.00749352015555,0.00631986465305,0.00794140994549,0.0050067291595,0.00559849198908,0.00364890345372,0.00254038046114,0.000583341927268],"mean":[0.0000487920442538,0.00148103805259,0.00350005319342,0.00297204125673,0.00240720342845,0.00121487583965,0.00102585623972,0.000490300764795,0.00164795212913,0.000988690648228,0.000579301093239,0.000874757592101,0.00055752665503,0.000517619831953,0.0005712590646,0.00128292606678,0.00214847992174,0.00120672292542,0.00120034825522,0.000734199478757,0.00051039311802,0.000284730980638,0.000153904242325,0.000114710892376,0.0000678323485772,0.0000351262278855,0.00000448972741651],"median":[0.0000157283011504,0.000862410233822,0.00222767400555,0.00223785894923,0.00178888463415,0.000656932068523,0.000590911717154,0.000280236097751,0.00100347376429,0.000262375484454,0.000291794363875,0.000455822679214,0.000311931536999,0.000303783483105,0.000390063447412,0.00109795969911,0.00176671543159,0.000945058185607,0.00089811172802,0.000616741774138,0.000422429700848,0.00016028076061,0.0000657988275634,0.0000428642124461,0.0000217151136894,0.00000837578409119,3.04529010009e-7],"min":[3.50910179761e-25,2.96125387337e-24,9.22677648549e-25,1.69440814339e-25,3.30993414056e-24,7.94491084388e-24,9.67828989928e-24,7.68136582608e-24,1.12730416389e-23,1.79658243335e-23,1.35437099126e-23,1.73809360371e-23,3.80040840838e-23,3.37045838911e-23,4.19928424997e-23,4.14931716914e-23,6.09095850119e-23,9.97877175124e-23,1.16998321125e-22,1.66007068479e-22,2.09728971021e-22,2.89626128788e-22,4.3968845035e-22,5.75814742539e-22,9.04498775762e-22,1.27719190738e-21,2.02727448047e-21],"var":[7.67831220827e-9,0.00000362515311281,0.000016183945263,0.00000822747369966,0.00000616989473201,0.00000378797221856,0.00000182070868959,6.65703510094e-7,0.00000540308383279,0.00000703142177372,0.00000123112954498,0.00000184731629815,7.03273713043e-7,5.88955344938e-7,6.64237347792e-7,0.00000106893344309,0.00000303661568068,0.00000113661837986,0.00000130988348701,3.48990226939e-7,1.77201499696e-7,2.11798280247e-7,9.29578689579e-8,7.47624611108e-8,4.02733419946e-8,1.01297983335e-8,3.37704281206e-10]},"barkbands_crest":{"dmean":1.95842087269,"dmean2":3.22800016403,"dvar":3.44937539101,"dvar2":8.63683128357,"max":25.4654426575,"mean":7.02806282043,"median":6.26296472549,"min":2.32632422447,"var":9.69885635376},"barkbands_flatness_db":{"dmean":0.0152520462871,"dmean2":0.0233927629888,"dvar":0.000225879994105,"dvar2":0.000501084374264,"max":0.36726757884,"mean":0.102393306792,"median":0.0940500572324,"min":0.0240279417485,"var":0.00147624372039},"barkbands_kurtosis":{"dmean":0.740541636944,"dmean2":1.1620413065,"dvar":4.79898834229,"dvar2":9.99736881256,"max":118.369392395,"mean":-0.379990845919,"median":-1.09150445461,"min":-1.86516010761,"var":14.2396659851},"barkbands_skewness":{"dmean":0.374244630337,"dmean2":0.575318753719,"dvar":0.125921070576,"dvar2":0.270539849997,"max":8.45345020294,"mean":0.432368397713,"median":0.406889468431,"min":-4.48201990128,"var":0.662892580032},"barkbands_spread":{"dmean":5.14305496216,"dmean2":7.97386741638,"dvar":23.0704708099,"dvar2":51.7568130493,"max":109.572013855,"mean":35.9225349426,"median":36.4499893188,"min":0.815011262894,"var":100.028381348},"dissonance":{"dmean":0.00953510124236,"dmean2":0.0161692481488,"dvar":0.000098235461337,"dvar2":0.000273407815257,"max":0.5,"mean":0.483800500631,"median":0.48676943779,"min":0.275916039944,"var":0.000154435605509},"dynamic_complexity":1.43245589733,"erbbands":{"dmean":[0.0253333672881,0.27270334959,1.72130477428,4.16586256027,6.09312820435,4.6035027504,4.64586830139,6.58547496796,9.0938835144,7.53710651398,9.54124927521,20.897397995,18.1947345734,16.1103172302,13.7746334076,19.9789085388,13.611123085,13.5675020218,15.1053419113,18.3547534943,36.4950027466,49.3096923828,29.0181732178,28.585609436,18.8341464996,12.8460979462,9.41796779633,8.2489900589,5.82591962814,3.67270517349,2.39022898674,1.43524384499,0.89196395874,0.481444031,0.204595506191,0.0915001183748,0.0301536768675,0.00634803855792,0.000486198812723,0.0000154315421241],"dmean2":[0.0415647141635,0.45849519968,2.87674236298,6.99251651764,10.3587684631,7.68306493759,7.48556280136,10.718629837,14.9849777222,12.4743442535,15.4653205872,33.3638381958,27.7790641785,24.7537097931,21.8127765656,31.9822406769,21.7573127747,21.9004173279,23.9083976746,29.8861694336,59.6735305786,80.1744384766,46.4626808167,45.2788658142,29.7076702118,20.7638130188,15.360326767,13.6304330826,9.92088127136,6.038438797,3.72941303253,2.17063307762,1.29795408249,0.69359588623,0.290097683668,0.129414126277,0.0424833260477,0.00910374801606,0.00072205660399,0.0000233545852097],"dvar":[0.00295713590458,0.190325215459,6.38381958008,25.421957016,66.9092712402,49.5561294556,77.4801864624,171.859344482,236.677230835,210.538879395,340.668243408,1486.78991699,2291.38549805,1418.52844238,1032.78881836,1391.51794434,620.409667969,690.167114258,1052.8425293,811.05670166,1719.92260742,3338.859375,1305.46679688,1577.5760498,752.105285645,272.466400146,159.128707886,154.301391602,168.857315063,62.929069519,31.9619007111,16.6489887238,7.2065076828,3.14496517181,0.592698812485,0.132718190551,0.0109937181696,0.000599436694756,0.00000406743583881,1.47089740388e-9],"dvar2":[0.00734041398391,0.498711794615,17.1752605438,68.7515945435,183.344390869,126.952980042,176.338394165,425.193634033,617.950744629,528.538574219,876.086425781,3437.76171875,5120.27392578,2991.74584961,2367.90966797,3398.30737305,1486.06323242,1795.76708984,2364.16796875,1984.60119629,4589.78710938,8158.44873047,3178.14794922,3773.26782227,1673.39404297,672.428771973,394.886474609,400.752807617,459.793701172,155.757781982,69.8347015381,37.5706748962,14.8833274841,6.21616601944,1.21787023544,0.280309647322,0.0215731821954,0.00121984246653,0.00000805492800282,3.01074876141e-9],"max":[0.533070921898,3.97521018982,29.4876098633,62.3116378784,107.738296509,119.541519165,259.762329102,357.164337158,395.709472656,381.617553711,557.722412109,1084.23657227,1176.16394043,1020.55847168,1154.1854248,779.630371094,485.74710083,718.515258789,1589.06347656,1045.78381348,757.600341797,982.333740234,860.327758789,1065.42578125,570.957214355,395.854766846,322.364471436,228.721633911,324.358978271,199.15196228,153.231918335,155.26902771,75.2722320557,48.1836471558,25.7781581879,15.2679166794,3.93482732773,0.864207863808,0.0878908410668,0.00144908577204],"mean":[0.0291874501854,0.424576401711,3.21103239059,7.77233839035,9.75494098663,7.51847553253,7.32723140717,10.6712818146,14.6389102936,12.9564428329,16.5570583344,34.8284378052,30.3389110565,29.2640113831,25.7799491882,35.8470993042,25.8662204742,24.3321933746,28.4642734528,40.1058616638,87.1586914062,119.289497375,75.4197387695,66.3487091064,49.0501708984,33.5472564697,24.9003639221,18.159702301,10.7638473511,6.40195226669,4.21718072891,2.7588660717,1.71711695194,0.920643270016,0.397903203964,0.182994917035,0.0575488135219,0.0109438411891,0.000743878306821,0.0000510195495735],"median":[0.0103126429021,0.288051366806,2.1259393692,6.38505458832,7.17692708969,4.97342777252,4.09913539886,5.91861057281,8.6202287674,7.77657318115,10.7400579453,21.4923934937,11.2269306183,12.9284648895,14.1518259048,19.6305484772,16.023223877,16.6007003784,18.0404090881,32.9052658081,79.128692627,96.8837661743,61.6062927246,51.747215271,36.356628418,28.3862571716,20.1830253601,14.3123912811,6.34980821609,3.03027820587,1.81000328064,1.10411000252,0.585901737213,0.282517641783,0.12895642221,0.0507159531116,0.0123475203291,0.00162792415358,0.000065977088525,0.0000407246334362],"min":[9.78468861827e-23,5.1195295603e-22,1.14666609848e-21,5.15842633516e-21,4.04976439965e-21,9.8846330288e-21,3.22221680648e-20,5.75174222825e-20,1.43526512078e-19,2.87136776192e-19,1.49372455961e-19,1.91257289114e-19,6.13198500663e-19,5.07859737991e-19,7.16491283788e-19,1.36028145674e-18,1.47122240351e-18,1.78747650595e-18,1.96275463019e-18,2.35161451089e-18,2.84788813684e-18,4.75448899076e-18,5.0924129505e-18,5.4386116115e-18,6.79341558163e-18,8.55424694569e-18,8.95102563319e-18,9.09757225924e-18,8.36785172082e-18,1.08878053446e-17,1.21126844695e-17,1.04968781327e-17,9.67606432935e-18,8.82618505361e-18,6.93244809898e-18,4.04753039484e-18,2.2983631046e-18,9.88785131069e-19,2.400142354e-19,2.66950150664e-20],"var":[0.00304386555217,0.230607643723,12.4273958206,47.2953681946,99.2099151611,80.2066040039,150.480926514,272.251190186,368.191223145,350.994171143,515.940124512,2659.50146484,4446.63037109,3584.20043945,1891.53027344,2832.9128418,1234.99780273,952.066040039,2211.97070312,1446.92749023,3743.75488281,9469.31054688,3889.5690918,3668.48413086,2598.42285156,739.667053223,456.646820068,268.309692383,313.968383789,124.451339722,72.3198547363,38.4904556274,19.9386463165,8.46481609344,1.24208605289,0.287200063467,0.0286941323429,0.00123840745073,0.00000847857791086,3.39166095209e-9]},"erbbands_crest":{"dmean":2.23740363121,"dmean2":3.64687728882,"dvar":4.51288223267,"dvar2":10.8042621613,"max":32.4886550903,"mean":8.23022651672,"median":7.4197640419,"min":2.5140235424,"var":12.1521549225},"erbbands_flatness_db":{"dmean":0.0149453394115,"dmean2":0.021687971428,"dvar":0.000235614948906,"dvar2":0.000447427271865,"max":0.396508961916,"mean":0.168338909745,"median":0.16044741869,"min":0.0374399088323,"var":0.00221286946908},"erbbands_kurtosis":{"dmean":0.799045026302,"dmean2":1.2830927372,"dvar":1.25030112267,"dvar2":2.38035106659,"max":64.7584152222,"mean":0.470767855644,"median":0.183368682861,"min":-1.82729911804,"var":3.24128818512},"erbbands_skewness":{"dmean":0.29575496912,"dmean2":0.465354174376,"dvar":0.072088547051,"dvar2":0.160030394793,"max":2.50444674492,"mean":-0.712074875832,"median":-0.754974246025,"min":-4.17679691315,"var":0.337963938713},"erbbands_spread":{"dmean":6.19231319427,"dmean2":9.72239685059,"dvar":31.471824646,"dvar2":71.8747406006,"max":98.6984329224,"mean":34.2490959167,"median":32.9334793091,"min":1.39312767982,"var":130.863601685},"gfcc":{"cov":[[22985.2695312,813.374572754,-1840.51196289,597.58215332,-922.658203125,464.327423096,-881.519714355,186.203414917,-645.202209473,-133.35093689,-554.609741211,56.3500823975,-376.772644043],[813.374572754,1295.97839355,-670.562011719,335.82333374,169.760223389,-246.208877563,242.047042847,-115.814697266,119.439918518,-83.3276443481,104.606643677,-173.306549072,115.567611694],[-1840.51196289,-670.562011719,1014.82531738,-245.42276001,91.0672225952,258.411956787,-160.035644531,48.1811904907,-53.4525642395,61.5196037292,-57.5421981812,112.995285034,-103.250556946],[597.58215332,335.82333374,-245.42276001,337.210449219,26.8167762756,-59.0723838806,84.9014892578,-12.7327985764,64.4145278931,-24.3940925598,48.6142349243,-68.1745223999,27.7977046967],[-922.658203125,169.760223389,91.0672225952,26.8167762756,280.549255371,29.5895576477,121.052490234,-14.0927963257,34.4946899414,4.4658036232,30.3625106812,-6.92655038834,19.3412055969],[464.327423096,-246.208877563,258.411956787,-59.0723838806,29.5895576477,316.521911621,-62.1812171936,30.4012050629,-56.9190063477,4.34449195862,-47.299621582,58.9361953735,-62.1649360657],[-881.519714355,242.047042847,-160.035644531,84.9014892578,121.052490234,-62.1812171936,230.636688232,-2.06450676918,75.1120910645,-22.2056922913,51.6596946716,-40.2203445435,56.6592178345],[186.203414917,-115.814697266,48.1811904907,-12.7327985764,-14.0927963257,30.4012050629,-2.06450676918,128.933029175,14.5019454956,23.3347358704,-24.0733242035,6.99570608139,-6.01489686966],[-645.202209473,119.439918518,-53.4525642395,64.4145278931,34.4946899414,-56.9190063477,75.1120910645,14.5019454956,134.403686523,21.5224208832,37.9859237671,-41.912525177,26.2126693726],[-133.35093689,-83.3276443481,61.5196037292,-24.3940925598,4.4658036232,4.34449195862,-22.2056922913,23.3347358704,21.5224208832,88.2477035522,23.6986904144,19.0414981842,-23.3777427673],[-554.609741211,104.606643677,-57.5421981812,48.6142349243,30.3625106812,-47.299621582,51.6596946716,-24.0733242035,37.9859237671,23.6986904144,106.074966431,-1.12900650501,25.2265834808],[56.3500823975,-173.306549072,112.995285034,-68.1745223999,-6.92655038834,58.9361953735,-40.2203445435,6.99570608139,-41.912525177,19.0414981842,-1.12900650501,94.5060424805,-5.63326215744],[-376.772644043,115.567611694,-103.250556946,27.7977046967,19.3412055969,-62.1649360657,56.6592178345,-6.01489686966,26.2126693726,-23.3777427673,25.2265834808,-5.63326215744,86.1717758179]],"icov":[[0.000193492203834,-0.000313046504743,0.000486291479319,-0.000353018374881,0.000211792415939,-0.000361058337148,0.000691275752615,-0.000481333234347,0.000486403732793,-0.000117165240226,0.000751395360567,-0.000663610757329,0.000723175762687],[-0.000313046504743,0.00261832075194,0.000162149430253,-0.000143801502418,-0.00179163785651,0.00086759700207,-0.000887223926838,0.00171045726165,-0.00102279987186,0.000906412024051,-0.00175784283783,0.00275800121017,-0.0016568741994],[0.000486291479319,0.000162149430253,0.00352436094545,-0.000310631410684,-0.00128590816166,-0.00151433330029,0.00310560991056,-0.00118544953875,0.000201026661671,0.000260215165326,0.00154755450785,-0.00195291638374,0.00273201940581],[-0.000353018374881,-0.000143801502418,-0.000310631410684,0.00526899192482,-0.000315652170684,0.0000598667793383,-0.00119377358351,0.000239987115492,-0.00201999233104,0.00130169966724,-0.00295260525309,0.00230820896104,-0.000523977330886],[0.000211792415939,-0.00179163785651,-0.00128590816166,-0.000315652170684,0.00705889798701,-0.00134683051147,-0.00328707578592,0.000116470451758,0.00129035452846,-0.00211002980359,0.00130520632956,-0.00113442155998,0.0000821531793918],[-0.000361058337148,0.00086759700207,-0.00151433330029,0.0000598667793383,-0.00134683051147,0.00575684895739,-0.00119657861069,0.0000982423443929,-0.000332339113811,0.00159823778085,-0.000596891797613,-0.000943070859648,0.00132071459666],[0.000691275752615,-0.000887223926838,0.00310560991056,-0.00119377358351,-0.00328707578592,-0.00119657861069,0.0119499852881,-0.00310768280178,-0.00139981706161,0.00275557627901,0.000205230462598,-0.00189997721463,0.00110803800635],[-0.000481333234347,0.00171045726165,-0.00118544953875,0.000239987115492,0.000116470451758,0.0000982423443929,-0.00310768280178,0.0112621365115,-0.00246497034095,-0.00319179682992,0.00156375137158,0.00216786074452,-0.00345428171568],[0.000486403732793,-0.00102279987186,0.000201026661671,-0.00201999233104,0.00129035452846,-0.000332339113811,-0.00139981706161,-0.00246497034095,0.0142717259005,-0.00534112611786,0.000578361970838,0.00337048759684,-0.001129420707],[-0.000117165240226,0.000906412024051,0.000260215165326,0.00130169966724,-0.00211002980359,0.00159823778085,0.00275557627901,-0.00319179682992,-0.00534112611786,0.0192320179194,-0.00663475366309,-0.00332846376114,0.00632286770269],[0.000751395360567,-0.00175784283783,0.00154755450785,-0.00295260525309,0.00130520632956,-0.000596891797613,0.000205230462598,0.00156375137158,0.000578361970838,-0.00663475366309,0.0180975813419,-0.00539848580956,0.0000734212080715],[-0.000663610757329,0.00275800121017,-0.00195291638374,0.00230820896104,-0.00113442155998,-0.000943070859648,-0.00189997721463,0.00216786074452,0.00337048759684,-0.00332846376114,-0.00539848580956,0.0212143231183,-0.00767110846937],[0.000723175762687,-0.0016568741994,0.00273201940581,-0.000523977330886,0.0000821531793918,0.00132071459666,0.00110803800635,-0.00345428171568,-0.001129420707,0.00632286770269,0.0000734212080715,-0.00767110846937,0.0219319052994]],"mean":[13.7607383728,81.2176742554,-146.294342041,49.2861747742,-50.5681991577,-1.0521645546,-33.6571578979,8.72156715393,-25.7974967957,-6.87122631073,-22.932302475,-3.47852921486,-13.1522426605]},"hfc":{"dmean":7.09357261658,"dmean2":11.0723381042,"dvar":64.7757797241,"dvar2":157.284423828,"max":197.678833008,"mean":34.8638725281,"median":34.8353843689,"min":1.07588232371e-16,"var":228.171920776},"melbands":{"dmean":[0.000251863297308,0.000687949126586,0.000756837660447,0.000365199666703,0.00015941116726,0.00014680896129,0.000135995273013,0.0000784102958278,0.000102195896034,0.000133626133902,0.0000952202390181,0.0000708116422174,0.0000489510130137,0.0000599437953497,0.0000460194896732,0.0000256532130152,0.0000274277244898,0.0000269587999355,0.0000236144805967,0.000034212389437,0.0000497977380292,0.0000587484246353,0.000039529044443,0.0000260506585619,0.000027117337595,0.0000178620866791,0.0000125747710626,0.00000914369047678,0.00000737115442462,0.00000538316498933,0.000005172550118,0.00000373604370907,0.00000277186063613,0.00000193476284949,0.00000150459118231,0.00000112138161512,8.62992351358e-7,6.67778181196e-7,5.52205108306e-7,3.92266599647e-7],"dmean2":[0.000415789545514,0.00114562653471,0.00126410031226,0.000612842559349,0.000258548243437,0.000237705258769,0.000224222254474,0.000129160282086,0.000165841178386,0.000212856277358,0.00014563059085,0.000108708438347,0.0000776871092967,0.0000966815714492,0.0000734551940695,0.0000413771849708,0.0000446242302132,0.0000429547690146,0.0000381602912967,0.0000558606880077,0.000081693782704,0.000095687166322,0.0000632280498394,0.0000416907460021,0.000043031086534,0.0000283881945506,0.0000199969581445,0.0000149316783791,0.0000120991489894,0.00000867670405569,0.00000860866475705,0.00000635361175227,0.00000468994221592,0.00000316453997584,0.00000237900258071,0.00000173902731149,0.00000132131742703,9.95079517452e-7,8.18445016648e-7,5.75334070163e-7],"dvar":[2.17961030557e-7,0.00000100804754766,7.86255327512e-7,2.54296395497e-7,7.41823811268e-8,8.16651422042e-8,5.08315665115e-8,2.18236220206e-8,3.28195000066e-8,6.66036257257e-8,6.33515711002e-8,3.10296854877e-8,1.18310508057e-8,1.56536295037e-8,6.67439392643e-9,2.32361685448e-9,3.04264569095e-9,3.42535133591e-9,1.86236803756e-9,2.38597586133e-9,3.04348191094e-9,4.69351579824e-9,2.70575606365e-9,1.21165599776e-9,1.6022139171e-9,6.7377098345e-10,2.56545618083e-10,1.54794274621e-10,9.4412526408e-11,5.75305254824e-11,6.74192507377e-11,6.59861054686e-11,4.11570118264e-11,1.79847352288e-11,1.3116023892e-11,8.60893301091e-12,6.80667848474e-12,3.82434101748e-12,3.7650746236e-12,2.23991376662e-12],"dvar2":[5.3735777783e-7,0.00000269761039817,0.00000215302156903,6.73066324453e-7,1.74017685595e-7,2.01562002644e-7,1.35507221444e-7,5.36972528664e-8,8.20554291181e-8,1.53769107669e-7,1.4138775839e-7,6.44462971877e-8,2.64836845787e-8,3.67872416973e-8,1.60997792875e-8,5.74667824438e-9,7.92671883687e-9,7.99182497957e-9,4.25058477305e-9,6.09342132307e-9,8.08209499326e-9,1.18801910531e-8,6.64084920388e-9,2.94756130614e-9,3.84380705043e-9,1.60768443003e-9,5.89479298707e-10,3.80571962832e-10,2.36432401435e-10,1.45209164137e-10,1.75708739225e-10,1.8095470955e-10,1.11441245121e-10,4.35652972031e-11,2.93620336378e-11,1.9528208911e-11,1.61368973739e-11,7.99616102498e-12,8.01535313816e-12,4.49704466374e-12],"max":[0.00477502634749,0.0115919681266,0.0124490056187,0.00727721909061,0.00709750223905,0.00723496964201,0.00528997927904,0.00402047671378,0.0044373604469,0.00702213402838,0.00588728999719,0.00466758478433,0.00302973249927,0.00271501578391,0.00179699319415,0.00124927959405,0.00160099810455,0.00230772676878,0.00113696989138,0.00109835132025,0.000878909020685,0.00132078409661,0.000934071780648,0.000971334578935,0.00112313614227,0.000653622555546,0.000430581800174,0.000313036289299,0.000235511397477,0.000151177926455,0.000152315449668,0.000195293236175,0.000149569488713,0.0000914692282095,0.0000935128773563,0.0000819051347207,0.000107630708953,0.0000615919489064,0.0000672147725709,0.0000422951015935],"mean":[0.000330002658302,0.00131598871667,0.00146117701661,0.000618949765339,0.000264229311142,0.000241222121986,0.000222012517042,0.000131573411636,0.0001680690184,0.000220492525841,0.000154745823238,0.000124903875985,0.0000827799667604,0.0000990757544059,0.0000828370975796,0.0000447782222182,0.0000451235391665,0.0000458284885099,0.0000442183627456,0.0000687068604748,0.000109600012365,0.000129353065859,0.000088507818873,0.0000556910417799,0.0000548300122318,0.0000390543827962,0.0000289330619125,0.0000208522087632,0.0000172221225512,0.0000118717634905,0.00000995136724669,0.00000630553040537,0.00000461267745777,0.00000313296118293,0.00000248954279414,0.00000198450834432,0.00000156964745202,0.00000124251528177,9.76010596787e-7,7.11936138487e-7],"median":[0.000167731457623,0.000931181944907,0.00125726009719,0.000465024262667,0.000162643264048,0.000136054237373,0.000132354762172,0.0000781997805461,0.0000999505718937,0.000133025430841,0.0000508299890498,0.0000493305269629,0.0000437711714767,0.0000486317512696,0.0000444620418421,0.0000279948217212,0.0000285593851004,0.0000250732300628,0.0000309828174068,0.0000556095765205,0.0000966193620116,0.000103538011899,0.0000640375947114,0.0000426544793299,0.0000383052683901,0.0000265583003056,0.0000208698293136,0.0000168197329913,0.0000130637145048,0.00000929966881813,0.00000700657483321,0.00000356236296284,0.00000213609564526,0.00000139199175919,0.00000104913976884,7.58836392833e-7,6.04100137025e-7,4.10418749652e-7,2.85364990305e-7,2.08826662629e-7],"min":[1.86888682069e-24,4.36054501059e-25,8.65233487684e-25,3.48368223405e-25,1.06541847947e-24,1.20593817391e-24,2.4760065979e-24,2.36277054534e-24,9.73580772003e-25,1.53568558217e-24,2.96015400405e-24,1.97227926966e-24,1.97360278104e-24,2.03973732946e-24,3.45186796678e-24,3.25713331359e-24,2.9982835959e-24,2.73397062201e-24,3.49942286873e-24,2.82414195943e-24,3.59215465143e-24,3.25029428398e-24,4.4309484798e-24,4.45048422569e-24,3.79571744701e-24,4.7408911406e-24,4.33972578801e-24,4.77604041596e-24,3.29370727174e-24,5.36820122104e-24,5.14625954409e-24,2.89160790784e-24,5.79303673952e-24,4.98846843039e-24,5.66665885592e-24,6.1135248929e-24,5.85074112588e-24,6.55806418464e-24,6.74775131133e-24,7.25415583627e-24],"var":[2.43556627311e-7,0.00000189133720596,0.00000147460377775,3.98239166088e-7,1.35695856329e-7,1.3217272965e-7,8.10750222513e-8,3.69662913613e-8,5.78270338281e-8,1.14860320366e-7,1.27333464661e-7,8.03348640943e-8,2.23985008319e-8,2.94759274766e-8,1.503593694e-8,4.04257516351e-9,4.02004340927e-9,7.28499705005e-9,3.32537797298e-9,4.09077616226e-9,6.54772991382e-9,1.22359455901e-8,7.86259057861e-9,2.79685030691e-9,3.50997542142e-9,1.85407944553e-9,8.83758732861e-10,3.64200586356e-10,2.71416555897e-10,1.14196783974e-10,1.13847833938e-10,1.17514151188e-10,7.3979052051e-11,3.53215894033e-11,2.70257011215e-11,1.91488699897e-11,1.39232340934e-11,1.03288202644e-11,9.0352534482e-12,5.60251454604e-12]},"melbands_crest":{"dmean":3.07245540619,"dmean2":5.14323282242,"dvar":7.42377710342,"dvar2":19.5027599335,"max":33.3776931763,"mean":11.9116830826,"median":11.3854904175,"min":1.67034995556,"var":19.0821475983},"melbands_flatness_db":{"dmean":0.0207440443337,"dmean2":0.0323271714151,"dvar":0.000372365611838,"dvar2":0.000864272122271,"max":0.494741737843,"mean":0.140730038285,"median":0.138135701418,"min":0.00307136331685,"var":0.00191908597481},"melbands_kurtosis":{"dmean":2.43210172653,"dmean2":3.81762123108,"dvar":23.6738014221,"dvar2":50.7720146179,"max":223.494613647,"mean":3.32114744186,"median":1.62539553642,"min":-1.83869886398,"var":78.7248306274},"melbands_skewness":{"dmean":0.508168518543,"dmean2":0.785184800625,"dvar":0.230019912124,"dvar2":0.520103514194,"max":10.9491071701,"mean":1.65400218964,"median":1.56178569794,"min":-2.80185413361,"var":1.02775990963},"melbands_spread":{"dmean":10.2812871933,"dmean2":16.2173519135,"dvar":84.0453796387,"dvar2":194.180206299,"max":170.959030151,"mean":48.7668991089,"median":46.8942642212,"min":0.585742652416,"var":404.582550049},"mfcc":{"cov":[[8217.26855469,660.159423828,-34.1323852539,25.4472694397,116.1848526,152.002090454,-87.3994445801,152.553512573,-59.2620658875,-106.118919373,-95.779548645,-44.6520881653,-86.1426239014],[660.159423828,949.527832031,-410.709259033,330.680480957,-19.0214118958,38.1396102905,61.3392295837,-5.59158658981,60.3595809937,-0.688680052757,-7.87802886963,53.1958389282,1.97267973423],[-34.1323852539,-410.709259033,606.19342041,-278.010772705,154.490188599,32.1246643066,-44.6150588989,22.7646656036,-60.8622093201,-0.0353891737759,-18.69830513,-32.4263191223,8.55425834656],[25.4472694397,330.680480957,-278.010772705,436.641937256,-65.8912963867,-23.8601722717,23.1103096008,-17.059299469,52.4473266602,21.1543979645,34.7546005249,55.5531387329,11.9048957825],[116.1848526,-19.0214118958,154.490188599,-65.8912963867,188.67401123,67.7489471436,28.6377639771,21.4562969208,3.20287418365,-0.72289866209,-5.00186920166,16.6982517242,19.3228759766],[152.002090454,38.1396102905,32.1246643066,-23.8601722717,67.7489471436,181.479705811,48.4212608337,45.4041213989,-3.29984760284,-10.9000749588,17.4707527161,-6.43648958206,5.69560050964],[-87.3994445801,61.3392295837,-44.6150588989,23.1103096008,28.6377639771,48.4212608337,122.890014648,45.2741165161,16.6835842133,-6.37661409378,-2.04897928238,9.85134506226,9.25316429138],[152.553512573,-5.59158658981,22.7646656036,-17.059299469,21.4562969208,45.4041213989,45.2741165161,99.6003875732,36.1802902222,7.01226043701,-6.35901784897,-5.08980846405,-4.14009523392],[-59.2620658875,60.3595809937,-60.8622093201,52.4473266602,3.20287418365,-3.29984760284,16.6835842133,36.1802902222,98.4378814697,35.5299530029,8.4014749527,4.48005914688,-6.67502307892],[-106.118919373,-0.688680052757,-0.0353891737759,21.1543979645,-0.72289866209,-10.9000749588,-6.37661409378,7.01226043701,35.5299530029,96.180519104,27.0583496094,9.96580314636,-0.596197485924],[-95.779548645,-7.87802886963,-18.69830513,34.7546005249,-5.00186920166,17.4707527161,-2.04897928238,-6.35901784897,8.4014749527,27.0583496094,81.1469421387,31.273223877,10.2084064484],[-44.6520881653,53.1958389282,-32.4263191223,55.5531387329,16.6982517242,-6.43648958206,9.85134506226,-5.08980846405,4.48005914688,9.96580314636,31.273223877,90.3913192749,35.9886207581],[-86.1426239014,1.97267973423,8.55425834656,11.9048957825,19.3228759766,5.69560050964,9.25316429138,-4.14009523392,-6.67502307892,-0.596197485924,10.2084064484,35.9886207581,69.5187988281]],"icov":[[0.000154143548571,-0.000146487713209,0.0000201728853426,0.00000740649738873,-0.000136741116876,-0.0000274769881798,0.000357725220965,-0.000464057258796,0.000273113197181,0.000105691091449,0.0000492984472658,0.0000135841873998,0.000169276216184],[-0.000146487713209,0.00203061662614,0.00105181080289,-0.000899300503079,-0.000618700112682,-0.000620371254627,-0.000350584130501,0.000723933277186,-0.000389976048609,-0.000204025389394,0.00111445970833,-0.000617593643256,0.000214882762521],[0.0000201728853426,0.00105181080289,0.00392359821126,0.000817284977529,-0.00306221097708,0.000286157417577,0.00159766478464,-0.00155807880219,0.00198268727399,-0.000773587264121,0.000182802643394,0.000659618875943,-0.000289922929369],[0.00000740649738873,-0.000899300503079,0.000817284977529,0.00400286633521,0.000624299806077,0.000286220019916,-0.000221247202717,0.000543502217624,-0.00108791969251,-0.000103109457996,-0.000958029530011,-0.00118229642976,-0.000239117944147],[-0.000136741116876,-0.000618700112682,-0.00306221097708,0.000624299806077,0.0096446191892,-0.00299288495444,-0.00218609906733,0.00222497363575,-0.00286915758625,0.0000116901392175,0.00168762402609,-0.00289391516708,-0.000919121783227],[-0.0000274769881798,-0.000620371254627,0.000286157417577,0.000286220019916,-0.00299288495444,0.00872035231441,-0.00154229300097,-0.00364632229321,0.00216108234599,0.00109923619311,-0.00415599253029,0.00288849603385,-0.000663219892886],[0.000357725220965,-0.000350584130501,0.00159766478464,-0.000221247202717,-0.00218609906733,-0.00154229300097,0.0124962059781,-0.00599028402939,0.00122081220616,0.000899330654647,0.000726429920178,-0.000423905876232,-0.000753817672376],[-0.000464057258796,0.000723933277186,-0.00155807880219,0.000543502217624,0.00222497363575,-0.00364632229321,-0.00599028402939,0.0181219112128,-0.00777712929994,-0.000433995533967,0.00245833909139,-0.00118699506857,0.000562964647543],[0.000273113197181,-0.000389976048609,0.00198268727399,-0.00108791969251,-0.00286915758625,0.00216108234599,0.00122081220616,-0.00777712929994,0.0170062799007,-0.00475813634694,-0.000858425046317,0.00130718736909,0.00132804689929],[0.000105691091449,-0.000204025389394,-0.000773587264121,-0.000103109457996,0.0000116901392175,0.00109923619311,0.000899330654647,-0.000433995533967,-0.00475813634694,0.0137499691918,-0.00442278245464,0.0000427512168244,0.000299125618767],[0.0000492984472658,0.00111445970833,0.000182802643394,-0.000958029530011,0.00168762402609,-0.00415599253029,0.000726429920178,0.00245833909139,-0.000858425046317,-0.00442278245464,0.0181536749005,-0.00655454443768,0.000699219293892],[0.0000135841873998,-0.000617593643256,0.000659618875943,-0.00118229642976,-0.00289391516708,0.00288849603385,-0.000423905876232,-0.00118699506857,0.00130718736909,0.0000427512168244,-0.00655454443768,0.0183887556195,-0.00772204389796],[0.000169276216184,0.000214882762521,-0.000289922929369,-0.000239117944147,-0.000919121783227,-0.000663219892886,-0.000753817672376,0.000562964647543,0.00132804689929,0.000299125618767,0.000699219293892,-0.00772204389796,0.019133515656]],"mean":[-607.650634766,101.780982971,-30.6419277191,42.6633834839,0.512518823147,-0.681712806225,-1.75404155254,6.97648763657,3.12813425064,-4.39105176926,-6.34222221375,2.17067575455,-4.45249462128]},"pitch_salience":{"dmean":0.0629829987884,"dmean2":0.102705739439,"dvar":0.00284519954585,"dvar2":0.00723702833056,"max":0.962383151054,"mean":0.588544845581,"median":0.592897355556,"min":0.104384288192,"var":0.0085710613057},"silence_rate_20dB":{"dmean":0,"dmean2":0,"dvar":0,"dvar2":0,"max":1,"mean":1,"median":1,"min":1,"var":0},"silence_rate_30dB":{"dmean":0,"dmean2":0,"dvar":0,"dvar2":0,"max":1,"mean":1,"median":1,"min":1,"var":0},"silence_rate_60dB":{"dmean":0.00307219661772,"dmean2":0.0061452514492,"dvar":0.00306285382248,"dvar2":0.00638717832044,"max":1,"mean":0.0376989655197,"median":0,"min":0,"var":0.0362759195268},"spectral_centroid":{"dmean":227.477325439,"dmean2":351.74420166,"dvar":54968.828125,"dvar2":118343.453125,"max":11909.8046875,"mean":2317.79492188,"median":2255.04492188,"min":186.49760437,"var":1144584.375},"spectral_complexity":{"dmean":4.50942611694,"dmean2":6.97905015945,"dvar":16.4243927002,"dvar2":36.8803100586,"max":58,"mean":32.8658180237,"median":35,"min":0,"var":121.259078979},"spectral_contrast_coeffs":{"dmean":[0.0531990602612,0.0485777892172,0.0400928221643,0.0309935901314,0.0240015480667,0.0209764093161],"dmean2":[0.0880087539554,0.0807786509395,0.0657785236835,0.0506504774094,0.0389266759157,0.0325851179659],"dvar":[0.00180872611236,0.00148457509931,0.00107689586002,0.000598566897679,0.000424833910074,0.000396952324081],"dvar2":[0.00493138749152,0.0040706442669,0.00276102405041,0.00154023210052,0.00106605701149,0.000907993526198],"max":[-0.309898793697,-0.411558657885,-0.424692183733,-0.546928107738,-0.4923171103,-0.51854133606],"mean":[-0.613249599934,-0.755700707436,-0.770867288113,-0.780117630959,-0.756493330002,-0.707827031612],"median":[-0.609961748123,-0.761478304863,-0.779544472694,-0.7830555439,-0.758983016014,-0.710248231888],"min":[-0.977534234524,-0.994875192642,-0.979312837124,-0.975141704082,-0.968644380569,-0.964896976948],"var":[0.00766440108418,0.00509275868535,0.00486078066751,0.00259448867291,0.00250523607247,0.00418925564736]},"spectral_contrast_valleys":{"dmean":[0.422150909901,0.349760532379,0.31262332201,0.262946337461,0.231625750661,0.280106365681],"dmean2":[0.68412566185,0.568619608879,0.49164891243,0.405970454216,0.360362142324,0.390154391527],"dvar":[0.13419175148,0.0987564995885,0.0861415416002,0.0698939487338,0.0756992325187,0.14545622468],"dvar2":[0.312872290611,0.218619391322,0.182076066732,0.131564721465,0.14674641192,0.282330065966],"max":[-5.76424455643,-5.14397859573,-5.67705440521,-5.62701749802,-5.59374332428,-7.50229310989],"mean":[-7.63157939911,-6.85921907425,-7.26633119583,-7.38153791428,-6.89220714569,-10.2886285782],"median":[-7.20055198669,-6.45467662811,-6.8504076004,-6.93276596069,-6.4720621109,-9.82093811035],"min":[-28.0574035645,-28.1312503815,-27.8328495026,-27.8422546387,-27.5485801697,-27.3610496521],"var":[5.6881608963,5.81256484985,5.60150671005,5.56619930267,5.69042778015,4.83011484146]},"spectral_decrease":{"dmean":1.41529998832e-9,"dmean2":2.29660046536e-9,"dvar":2.01347424342e-18,"dvar2":5.14131462754e-18,"max":1.62785196134e-28,"mean":-6.2155325331e-9,"median":-6.36015640154e-9,"min":-1.70518408282e-8,"var":6.203989011e-18},"spectral_energy":{"dmean":0.0057042366825,"dmean2":0.00926978699863,"dvar":0.0000320646067848,"dvar2":0.000082041908172,"max":0.0691093355417,"mean":0.026621080935,"median":0.0272726528347,"min":9.9759605539e-21,"var":0.000102323196188},"spectral_energyband_high":{"dmean":0.000558851868846,"dmean2":0.000889826507773,"dvar":8.35532489418e-7,"dvar2":0.00000200184467758,"max":0.0222610384226,"mean":0.00154218927491,"median":0.00120193255134,"min":7.01150679722e-21,"var":0.00000194134713638},"spectral_energyband_low":{"dmean":0.00308538926765,"dmean2":0.00505756447092,"dvar":0.0000163926542882,"dvar2":0.0000420656215283,"max":0.0494808740914,"mean":0.00651468941942,"median":0.00522670662031,"min":1.78964029962e-23,"var":0.0000332834606525},"spectral_energyband_middle_high":{"dmean":0.00232259789482,"dmean2":0.00360720860772,"dvar":0.00000609747894487,"dvar2":0.0000143264587678,"max":0.0451844483614,"mean":0.0102089922875,"median":0.00988894328475,"min":9.43672118946e-22,"var":0.0000271745084319},"spectral_energyband_middle_low":{"dmean":0.00355835282244,"dmean2":0.0057366983965,"dvar":0.0000146083257277,"dvar2":0.0000375850941055,"max":0.0488791614771,"mean":0.0099743232131,"median":0.00912435539067,"min":1.46157649408e-22,"var":0.0000370403722627},"spectral_entropy":{"dmean":0.117433026433,"dmean2":0.17402073741,"dvar":0.0168319623917,"dvar2":0.0353096686304,"max":9.8303194046,"mean":7.74642848969,"median":7.76867628098,"min":5.17315626144,"var":0.152578651905},"spectral_flux":{"dmean":0.0163413453847,"dmean2":0.0259194392711,"dvar":0.00022267687018,"dvar2":0.000522061425727,"max":0.216255545616,"mean":0.0902744531631,"median":0.0915484875441,"min":6.29041818634e-11,"var":0.000821330817416},"spectral_kurtosis":{"dmean":1.51649296284,"dmean2":2.62450289726,"dvar":2.98583579063,"dvar2":9.10586738586,"max":26.9490833282,"mean":3.94157862663,"median":3.63252162933,"min":-1.27917397022,"var":4.51247501373},"spectral_rms":{"dmean":0.000537442276254,"dmean2":0.000862496497575,"dvar":2.57925847791e-7,"dvar2":6.39392567336e-7,"max":0.00821119640023,"mean":0.00494016474113,"median":0.00515824276954,"min":3.1197186761e-12,"var":0.00000156668886575},"spectral_rolloff":{"dmean":438.301452637,"dmean2":706.756958008,"dvar":484727.65625,"dvar2":1033495.4375,"max":19896.6796875,"mean":3018.64916992,"median":2691.65039062,"min":21.533203125,"var":4275288},"spectral_skewness":{"dmean":0.196917876601,"dmean2":0.329043865204,"dvar":0.0383241511881,"dvar2":0.110084474087,"max":3.38089561462,"mean":1.09336197376,"median":1.10785412788,"min":-0.279269635677,"var":0.147150859237},"spectral_spread":{"dmean":382207.09375,"dmean2":555711.875,"dvar":459209211904,"dvar2":834346876928,"max":42833496,"mean":4081656.75,"median":3501322.25,"min":1491934.625,"var":17309844373500},"spectral_strongpeak":{"dmean":0.922503292561,"dmean2":1.62484574318,"dvar":2.75892090797,"dvar2":6.8404417038,"max":13.8784418106,"mean":1.24959635735,"median":0.470912724733,"min":0,"var":3.82750535011},"zerocrossingrate":{"dmean":0.00924754608423,"dmean2":0.011180344969,"dvar":0.000117080671771,"dvar2":0.000171240084455,"max":0.52392578125,"mean":0.0940673649311,"median":0.08544921875,"min":0.0048828125,"var":0.00285649229772}},"metadata":{"audio_properties":{"analysis_sample_rate":44100,"bit_rate":192030,"codec":"mp3","downmix":"mix","equal_loudness":0,"length":166.269393921,"lossless":false,"md5_encoded":"10133b9eb0ffcd9ba5d3c0b0a82743f8","replay_gain":-9.31344604492,"sample_rate":44100},"tags":{"acoustid_fingerprint":["AQADtEkiblSySMhx4hfu40d8lOkhjthuaBd95Jsxwc9RPcN3vJNxKRKPXk8MH2YQcjmE_MH5Ez_RPNfRl0YOPeibAj1zvIygY85RLqj-4-iLzRM0T_iRX7j0BFWk0LiWzYBblCXy59DJCjyPMNmWo_OFiy_CXGAOPegZoGdy_BouP-iEbYWtmUTsGj-e7Gh-_MPYC6fxFM0TBeeJcTlSZT-UIz5-nHEoPCea8DgTErEv1CLEZxVcoc-CH9_xHT3-HHfxwY5QHfnxBz2aLyYu4we1jkSunPhn6MpShOzQcBRxziiXBc5nPJOUF66CkETy6NhnPFEa414sPB4qBY21IIf-4E6uQM5xpQryZEdz1MeJpxJx5UnwaApCqjke6MF9bJMePNGHUCJJPCxx6egPJu2H90JZhMyOUx_ubDBOHf8DJu-ha8fRazneg7uKvtCyRKdQTkeY0MeNW_CjDFdN4kumI5yXBVoiIuB1vHXwJsfjo5J39CGSHfFTWD1GpVeKsjq-Iw8SND56Oniyqnj0o2IPo8-RP5ikloaVGBzVEZs__IRvCM8-iJOqSEYrKqgS-YVxZoef6IGP43lh9UjXdagjYp3R_OiVJ8jJYL-giMqRFh-uH5unJ3DroEcOXQ_yKHlwPYnQswjzI7my4JGOP0ezo9NujDv-J0j4LAiD3jlOZRK4pNoWXNFwozkJ5qRyZL-I5Nrx9MQ94eGQh_ChG_eRMw9-5MZ_-MejhwF7xG0qPEe_gIl9nMmRcxe0bGGLvhVCKyN6PMF7PDwaRVRuTD--H8mRnziNV3lSPNPQVoFRD_qL_hGeX7hilB6OBOFDC5u1NAl64UqaHI9F8JjSi4hDTxE0K4fG9MOf4zNq7fiR63CUJZ9xPQimfKiFM0f7oJl1fPrwRDqYVRc-ES2PtT006R_sBKHFGCeePLiHUpKCNxmcKDr6SyFy5kiO45EcPFP04Ep3XCaaD8kuhA-P_3hIlI0efFkQ-dB-IcwZ4-Gxv5j14aky9BkJ9xF68ciTHXov9AcVKkrQ41Ny6A_-oGGUEeWCesOOyS9yBd0OvkP14LyEJ1-x68cr5CgPLXyMqJOU4skO5we3aDouJWOOXx-mWDr640i-MEcezgl-JfgH1xmSXDJy5WiWB1WKX3iiObjEQ8HxsMGudng0yeiiFn4i-EyN_JB0lLqI59DDjGAS0yhT5HiP_hqmROEj7DQe9Dn8Cx9zmM_AWEEvIQx36EfsoJPCB-eDc8EHjx0Y9ciT5YEmH-mr4JmME9tvpNtRbceZicGPZs-LVhry40eYSWGHasM-ND_6BTiqNAr84jx--MQ5-MceGj_hike5JCtqOB5KcQ8uacd1_NByI3yI98T3oD-uBT0JnETiVJcQan_QdEtxRVZwoTl6KdhzXAjD2yDjQcdxHjmPS-Bzw9OOH6nCDz10JcdT_Ah9eN3xnzB3VAlDC2-MHX5-_NfwpHjQjMIkOi1yDpXZY8oXXNAY9fglVJR0fMqRHy-FHk1enA_yQ-UR5vhyNCd-4Iyw60QjhKYyQn-FXkf84crhHz9qIuuhZ0feKRGuF_YoHbkW6JyQSzqqX3h4wj_BfDKRm0JyYx-eC8923EcFf1g