{"lowlevel":{"average_loudness":0.924278914928,"barkbands":{"dmean":[0.0000667417334625,0.00456865178421,0.00285294582136,0.00284354202449,0.00156372308265,0.000659875629935,0.000652289716527,0.000317904370604,0.000261026463704,0.000416038063122,0.000599125516601,0.000283139204839,0.000413026486058,0.000436914298916,0.000372778624296,0.000425539707066,0.000515599909704,0.000351564318407,0.00033674275619,0.000233660946833,0.000218442219193,0.000215374850086,0.000135919952299,0.0000830556236906,0.0000987127205008,0.0000249294789683,0.00000233979517361],"dmean2":[0.0000862741217134,0.00672039622441,0.00482991524041,0.00490710185841,0.00260054925457,0.00110356358346,0.00108542712405,0.000516048166901,0.000416306924308,0.00064851262141,0.000950570625719,0.000450529361842,0.000655642827041,0.000696775794495,0.000607949041296,0.000682531506754,0.000844694906846,0.000576884660404,0.000557467457838,0.000391112931538,0.000360086065484,0.000339873455232,0.000210777448956,0.000118912837934,0.000144421966979,0.0000361355450877,0.00000324621441905],"dvar":[8.86958062551e-9,0.0000647608103463,0.0000185022072401,0.0000154485351231,0.00000452228323411,0.00000203958461498,0.00000382129246645,0.00000145692354181,2.88685328087e-7,0.00000105869764866,0.00000270275268122,5.60496573598e-7,8.31621946418e-7,0.00000129829788875,5.1932426004e-7,7.10430242634e-7,4.81934819163e-7,2.3396250981e-7,1.92032047153e-7,1.2095206614e-7,1.7275316111e-7,2.08163811521e-7,8.04771360663e-8,2.6862613467e-8,9.57120818157e-8,3.82162035351e-9,2.28398602115e-11],"dvar2":[1.49323984289e-8,0.000125448175822,0.0000521854126418,0.0000425373764301,0.0000114849763122,0.00000497556084156,0.00000965722756519,0.00000362419586963,6.53604104173e-7,0.00000242173950937,0.00000643124258204,0.000001316205271,0.00000198230941351,0.00000314310955218,0.00000127666305616,0.00000168381370713,0.00000119209198601,5.83829432799e-7,5.06161825342e-7,3.14246847211e-7,4.43645575388e-7,5.18469619237e-7,1.9638912363e-7,5.74121159502e-8,2.34710896052e-7,9.04937813573e-9,4.52985080002e-11],"max":[0.00091216218425,0.126807525754,0.0852228105068,0.070258975029,0.0421793907881,0.0377169586718,0.0720566362143,0.0276693757623,0.0176925566047,0.0230990089476,0.0349977724254,0.0161953624338,0.0207952465862,0.0240001194179,0.0235025696456,0.0205250848085,0.0144759621471,0.0103868516162,0.00949499756098,0.00583454500884,0.00853555183858,0.00765745481476,0.00457810796797,0.00382202281617,0.00808399170637,0.00156074401457,0.0000649539433653],"mean":[0.000128802261315,0.00746441213414,0.0047994684428,0.00353308091871,0.00254041841254,0.00104127335362,0.000802488764748,0.0004168341693,0.000442004064098,0.000751218118239,0.00100837415084,0.000465208227979,0.000702510646079,0.000709374202415,0.000662545557134,0.00078677322017,0.00111279916018,0.000762607145589,0.000781121721957,0.000445472629508,0.000399250246119,0.00037450552918,0.000238032138441,0.00015244804672,0.000134440328111,0.0000358089455403,0.00000347194122696],"median":[0.0000549391988898,0.0026532614138,0.00386206270196,0.00222141505219,0.00176824419759,0.000523653987329,0.000317937810905,0.000135927271913,0.000260775996139,0.000291165197268,0.00018493537209,0.000122027850011,0.000273166166153,0.000214438012335,0.000421879522037,0.000436737667769,0.00086085771909,0.000596734229475,0.000640713260509,0.000325095694279,0.000211278907955,0.000136813076097,0.000084225073806,0.0000577793798584,0.0000383076330763,0.00000811497011455,7.96851509222e-7],"min":[4.15932089177e-26,8.84762922684e-25,7.88606103149e-25,5.56254617694e-25,7.00525286574e-24,6.1693569179e-24,5.52889968161e-24,5.03445231584e-24,1.07363661545e-23,8.82827965213e-24,8.63356748147e-24,1.92527215272e-23,2.08099581977e-23,2.67852482331e-23,3.80502450686e-23,4.93327199062e-23,5.73959417421e-23,6.4237063419e-23,1.29870284423e-22,1.80033179457e-22,2.42851119973e-22,3.01919762379e-22,3.59777345522e-22,5.26777381622e-22,7.6500761947e-22,1.35934027222e-21,1.86675438766e-21],"var":[2.73864948497e-8,0.000121558012324,0.0000240146891883,0.0000168942206074,0.00000699883003108,0.00000341154827765,0.00000385231351174,0.00000160872730248,5.10492327521e-7,0.00000288408682536,0.00000679751838106,0.00000116348337542,0.00000195423854166,0.00000231226022152,8.52750247304e-7,0.00000157574368131,0.00000117756474083,4.76147192785e-7,3.95161094957e-7,1.74132367192e-7,2.69761585514e-7,3.34592272111e-7,1.44045174011e-7,5.44688880666e-8,9.6317954501e-8,5.06468289529e-9,4.1899511638e-11]},"barkbands_crest":{"dmean":2.6074590683,"dmean2":4.08630084991,"dvar":5.86866617203,"dvar2":12.5712366104,"max":23.0521659851,"mean":8.85368442535,"median":7.95608854294,"min":2.18092918396,"var":14.5704021454},"barkbands_flatness_db":{"dmean":0.0183800216764,"dmean2":0.0279844086617,"dvar":0.000316103774821,"dvar2":0.000623340660241,"max":0.268562465906,"mean":0.101269476116,"median":0.0970984175801,"min":0.0188450925052,"var":0.00123682024423},"barkbands_kurtosis":{"dmean":1.41724538803,"dmean2":2.20428705215,"dvar":5.02600193024,"dvar2":11.3089914322,"max":39.761554718,"mean":0.784952580929,"median":-0.403479099274,"min":-1.85725879669,"var":10.9002981186},"barkbands_skewness":{"dmean":0.467759400606,"dmean2":0.702337622643,"dvar":0.194160848856,"dvar2":0.407832890749,"max":5.93786907196,"mean":1.0335214138,"median":0.930976510048,"min":-2.20220947266,"var":0.946881949902},"barkbands_spread":{"dmean":6.74743032455,"dmean2":10.5627098083,"dvar":43.4158630371,"dvar2":93.9998397827,"max":82.6446762085,"mean":35.6802177429,"median":35.0873184204,"min":3.98383045197,"var":146.933181763},"dissonance":{"dmean":0.00863822828978,"dmean2":0.0146910129115,"dvar":0.000114759313874,"dvar2":0.000320449500578,"max":0.500000119209,"mean":0.485620677471,"median":0.488232672215,"min":0,"var":0.000141108001117},"dynamic_complexity":3.29233336449,"erbbands":{"dmean":[0.136829182506,1.07732093334,2.90159893036,5.98989915848,9.06625461578,3.89057636261,3.32439637184,6.6692905426,9.05036449432,9.25663566589,4.37817049026,5.90974712372,10.3401613235,14.4766798019,23.4191360474,11.8761758804,17.4318790436,21.4834785461,17.2360591888,19.3971691132,22.5931777954,27.8014011383,19.4463310242,16.800195694,14.9890527725,11.0808086395,9.23930358887,8.42095851898,7.68396377563,6.67315006256,3.39271640778,1.93608283997,1.38005888462,1.31405925751,0.575149178505,0.174595370889,0.0347258523107,0.00543743371964,0.000419923162553,0.0000243054128077],"dmean2":[0.18237747252,1.67258286476,4.90439081192,10.3871068954,15.3294477463,6.48673772812,5.54611110687,11.0951805115,15.3109960556,15.1298522949,7.13513326645,9.47152328491,16.3510456085,22.0744552612,36.3866043091,18.758808136,27.7244510651,34.3641204834,27.4740600586,31.3201370239,36.0574493408,45.5077285767,31.8679256439,27.4569625854,24.7739467621,18.5242767334,15.5088891983,13.7025909424,12.2690591812,10.4415531158,5.21184158325,2.9248445034,1.94149267673,1.90854656696,0.864899277687,0.260649293661,0.0495456457138,0.00765367457643,0.000577932689339,0.0000334494725394],"dvar":[0.0553447566926,3.59937143326,19.962562561,69.1550216675,163.068099976,28.9500083923,28.1746673584,246.695068359,689.519104004,1074.67883301,216.922088623,117.722267151,653.27520752,1500.75073242,4524.69042969,862.836975098,1499.78173828,3090.11279297,1350.69909668,1222.15612793,1639.03271484,1483.94470215,706.464111328,466.380310059,406.586975098,263.752105713,290.87008667,287.09552002,275.603759766,205.321166992,48.0286750793,16.4971008301,7.87117099762,16.9940681458,3.14416122437,0.245147481561,0.0057928902097,0.00013114111789,7.25261827483e-7,1.32168354039e-9],"dvar2":[0.0886552035809,7.71968841553,54.950630188,196.442092896,414.089599609,75.7980728149,73.6590423584,578.916442871,1786.8704834,2626.48608398,535.734130859,284.4637146,1546.68225098,3253.27294922,10409.3564453,2046.51330566,3640.82592773,7579.79443359,3154.6652832,2982.09521484,3839.36694336,3632.98632812,1770.52770996,1201.77355957,1051.05200195,682.151367188,767.482299805,721.911315918,699.776855469,511.086608887,115.163619995,38.5649719238,16.1601715088,40.8945808411,7.93125295639,0.613655686378,0.0126303434372,0.0002655487624,0.00000142341434639,2.44403874916e-9],"max":[3.65688490868,29.325056076,91.6694793701,149.079833984,133.711517334,179.309631348,154.617706299,476.707366943,950.899963379,746.013122559,357.234436035,319.036956787,801.132202148,932.949462891,1515.83422852,677.759765625,920.425048828,1346.79211426,936.148376465,877.396179199,1065.40063477,938.277038574,497.338409424,444.364959717,371.208953857,235.454818726,201.666168213,449.156951904,274.36340332,205.477325439,116.84488678,70.2080459595,83.9814300537,106.64427948,47.1529083252,13.1800441742,1.64340353012,0.197346270084,0.0114613994956,0.000442482269136],"mean":[0.229863479733,1.66299855709,5.12982749939,8.91395187378,11.9048929214,6.90383052826,5.7726483345,9.99536800385,11.458899498,12.0768327713,6.78802967072,10.3632040024,18.8059558868,27.1602706909,41.2456245422,22.1398029327,32.4508247375,38.9232292175,31.1766204834,38.1918029785,47.6150588989,62.1382331848,45.1937675476,40.549041748,34.4570007324,21.9114933014,15.355881691,15.8527240753,13.3376483917,11.0492229462,6.05869960785,3.47857165337,2.43141889572,1.82526171207,0.751503705978,0.234794154763,0.0516381561756,0.00849266070873,0.000648730085231,0.0000622093284619],"median":[0.0563087277114,0.719077110291,3.9896607399,6.78953313828,7.19196987152,5.27676916122,3.74843716621,4.72385120392,4.8478975296,4.0343952179,3.41393494606,6.46567249298,8.51050567627,8.59984970093,8.16456413269,6.42992019653,13.3500328064,12.1506175995,17.17943573,24.4216270447,31.1742134094,48.2297935486,36.2598876953,33.2691040039,27.637676239,16.3557319641,8.73903465271,7.57997512817,5.2430562973,3.73402118683,2.13126182556,1.29561972618,0.898156285286,0.553174316883,0.19270196557,0.0538586303592,0.0117525020614,0.00190685514826,0.000164737051819,0.000046541019401],"min":[5.92128398681e-23,3.02058702872e-22,9.62373953659e-22,7.16382192882e-21,8.6247101323e-21,1.52637134274e-20,2.86457783694e-20,5.1785180191e-20,9.50891935509e-20,1.24637816941e-19,2.51422115872e-19,2.87194575438e-19,4.51075598397e-19,4.85538837848e-19,8.57306737257e-19,9.41393679029e-19,1.34017889991e-18,2.0025912349e-18,2.67365453492e-18,2.15948713117e-18,3.22897996442e-18,3.93739377782e-18,4.37612044855e-18,6.55058265074e-18,7.75647591263e-18,7.62126662407e-18,8.47776334471e-18,1.00583863813e-17,1.03191931197e-17,8.08537615907e-18,1.03018297715e-17,1.0540282781e-17,9.67561103437e-18,8.02199758054e-18,6.56221777324e-18,3.92303557675e-18,2.34543588531e-18,9.39618652832e-19,2.48501418677e-19,2.47457671841e-20],"var":[0.126218378544,5.84555530548,27.5400695801,78.5562896729,203.114578247,47.7615242004,45.554851532,408.032623291,680.190673828,1180.45727539,241.809188843,212.323028564,1450.25427246,4676.55322266,11055.5195312,2046.74780273,3862.81933594,6139.19238281,2407.33691406,2402.05883789,4168.28759766,3691.34790039,1528.76818848,1070.92150879,818.1015625,395.742889404,356.299682617,497.223999023,413.428192139,324.366821289,97.0250701904,29.3980293274,15.126950264,17.9866504669,2.9764752388,0.25687110424,0.00961746275425,0.000260689936113,0.00000138895882174,3.20562154599e-9]},"erbbands_crest":{"dmean":2.09504508972,"dmean2":3.44420862198,"dvar":4.77701282501,"dvar2":11.860329628,"max":29.2542896271,"mean":7.20418739319,"median":6.06628322601,"min":2.39914083481,"var":13.4604072571},"erbbands_flatness_db":{"dmean":0.0145582603291,"dmean2":0.0207331646234,"dvar":0.000182212592335,"dvar2":0.000345957814716,"max":0.281911790371,"mean":0.137628182769,"median":0.13294236362,"min":0.0327663943172,"var":0.00131836452056},"erbbands_kurtosis":{"dmean":0.742633342743,"dmean2":1.19779396057,"dvar":0.630326509476,"dvar2":1.56900906563,"max":14.3102416992,"mean":0.414681553841,"median":0.152640581131,"min":-1.65719163418,"var":1.72116470337},"erbbands_skewness":{"dmean":0.272002071142,"dmean2":0.429539173841,"dvar":0.0573414303362,"dvar2":0.13620364666,"max":2.1173517704,"mean":-0.627493977547,"median":-0.679583191872,"min":-3.10182666779,"var":0.255782961845},"erbbands_spread":{"dmean":7.85943937302,"dmean2":12.3452596664,"dvar":49.3351325989,"dvar2":117.516021729,"max":110.22782135,"mean":41.1799926758,"median":40.3077468872,"min":7.97671508789,"var":248.578216553},"gfcc":{"cov":[[30387.8769531,858.234802246,-1740.1920166,1128.12548828,-1084.35717773,370.409057617,-980.949584961,250.746261597,-546.74798584,77.6423492432,-409.059173584,77.7504959106,-324.522521973],[858.234802246,1052.11206055,-561.574951172,142.960662842,177.375640869,-40.4772949219,148.09475708,-56.0460319519,64.1502380371,-88.8916015625,150.572006226,-91.9221954346,84.5306091309],[-1740.1920166,-561.574951172,821.36907959,-53.3536262512,77.9975891113,0.258447527885,-34.2046966553,96.9993515015,23.533864975,102.849136353,-67.6873703003,85.1344528198,-25.1292953491],[1128.12548828,142.960662842,-53.3536262512,284.601501465,-41.2928276062,37.1613616943,-12.391295433,7.92052030563,42.193397522,-27.0240898132,-2.11773586273,-31.7298488617,10.7879276276],[-1084.35717773,177.375640869,77.9975891113,-41.2928276062,262.113464355,24.6212749481,97.2689971924,36.2878684998,22.913974762,19.5939445496,44.6838302612,5.00342607498,33.4238967896],[370.409057617,-40.4772949219,0.258447527885,37.1613616943,24.6212749481,198.140991211,52.0812492371,34.7854270935,-24.1615371704,-2.65113377571,11.3429374695,5.06024551392,7.55390119553],[-980.949584961,148.09475708,-34.2046966553,-12.391295433,97.2689971924,52.0812492371,162.856323242,6.10794878006,32.6754226685,-29.6418151855,49.3371315002,-7.57114744186,35.9979438782],[250.746261597,-56.0460319519,96.9993515015,7.92052030563,36.2878684998,34.7854270935,6.10794878006,136.053314209,25.2442798615,35.4298362732,-22.7267856598,19.142490387,6.68524599075],[-546.74798584,64.1502380371,23.533864975,42.193397522,22.913974762,-24.1615371704,32.6754226685,25.2442798615,102.951042175,18.3651885986,26.535610199,-16.5898227692,16.2987213135],[77.6423492432,-88.8916015625,102.849136353,-27.0240898132,19.5939445496,-2.65113377571,-29.6418151855,35.4298362732,18.3651885986,85.7845306396,8.98840522766,26.1631298065,-17.1931858063],[-409.059173584,150.572006226,-67.6873703003,-2.11773586273,44.6838302612,11.3429374695,49.3371315002,-22.7267856598,26.535610199,8.98840522766,92.7799224854,5.2864279747,27.3335762024],[77.7504959106,-91.9221954346,85.1344528198,-31.7298488617,5.00342607498,5.06024551392,-7.57114744186,19.142490387,-16.5898227692,26.1631298065,5.2864279747,71.28540802,12.052283287],[-324.522521973,84.5306091309,-25.1292953491,10.7879276276,33.4238967896,7.55390119553,35.9979438782,6.68524599075,16.2987213135,-17.1931858063,27.3335762024,12.052283287,61.5608253479]],"icov":[[0.000146433929331,-0.000448358536232,0.00022064348741,-0.000409300031606,0.000477607216453,-0.000404948019423,0.000551137956791,-0.000380756071536,0.000588659197092,-0.000601372041274,0.000725741789211,-0.000820621382445,0.000573443365283],[-0.000448358536232,0.00500687910244,0.00137939397246,-0.000648233399261,-0.00413383170962,0.00325507321395,-0.00240001827478,0.000420792406658,-0.00116803240962,0.00277352333069,-0.00553468568251,0.00427001388744,-0.00265388493426],[0.00022064348741,0.00137939397246,0.00341527559794,-0.00163657031953,-0.00156455556862,0.000340784579748,0.000428061466664,-0.000884341134224,0.000083518694737,-0.00171168474481,0.00146251125261,-0.00252159824595,0.000947489403188],[-0.000409300031606,-0.000648233399261,-0.00163657031953,0.00685553345829,0.000411327579059,-0.00169840408489,0.000841279921588,0.00126608065329,-0.00517361238599,0.00357082951814,-0.000420785276219,0.00225639948621,-0.00166920071933],[0.000477607216453,-0.00413383170962,-0.00156455556862,0.000411327579059,0.00969391129911,-0.00207879277878,-0.00136969261803,-0.00205609272234,0.00350978737697,-0.00525297736749,0.0030738604255,-0.00141172425356,0.0000145675021486],[-0.000404948019423,0.00325507321395,0.000340784579748,-0.00169840408489,-0.00207879277878,0.00957501213998,-0.00562802422792,-0.00186001381371,0.00368520407937,0.00041529268492,-0.00520806247368,0.00429196050391,-0.00210839230567],[0.000551137956791,-0.00240001827478,0.000428061466664,0.000841279921588,-0.00136969261803,-0.00562802422792,0.0157263595611,-0.00171704485547,-0.00353421666659,0.00573863694444,-0.000780566886533,-0.00448495429009,0.00241594319232],[-0.000380756071536,0.000420792406658,-0.000884341134224,0.00126608065329,-0.00205609272234,-0.00186001381371,-0.00171704485547,0.0129440110177,-0.00548352953047,-0.00329668098129,0.00541856745258,-0.000599047751166,-0.00398241402581],[0.000588659197092,-0.00116803240962,0.000083518694737,-0.00517361238599,0.00350978737697,0.00368520407937,-0.00353421666659,-0.00548352953047,0.0217207185924,-0.00969704147428,-0.00195760000497,0.00524812703952,-0.00266521517187],[-0.000601372041274,0.00277352333069,-0.00171168474481,0.00357082951814,-0.00525297736749,0.00041529268492,0.00573863694444,-0.00329668098129,-0.00969704147428,0.0288769230247,-0.0119131579995,-0.00364730367437,0.00813633389771],[0.000725741789211,-0.00553468568251,0.00146251125261,-0.000420785276219,0.0030738604255,-0.00520806247368,-0.000780566886533,0.00541856745258,-0.00195760000497,-0.0119131579995,0.0278765670955,-0.00897519290447,-0.00249472167343],[-0.000820621382445,0.00427001388744,-0.00252159824595,0.00225639948621,-0.00141172425356,0.00429196050391,-0.00448495429009,-0.000599047751166,0.00524812703952,-0.00364730367437,-0.00897519290447,0.0293222758919,-0.012850208208],[0.000573443365283,-0.00265388493426,0.000947489403188,-0.00166920071933,0.0000145675021486,-0.00210839230567,0.00241594319232,-0.00398241402581,-0.00266521517187,0.00813633389771,-0.00249472167343,-0.012850208208,0.0294624697417]],"mean":[5.08436250687,76.5521240234,-124.811462402,57.2388305664,-42.5085372925,15.7148218155,-35.5318641663,9.99053955078,-24.4538764954,-4.56484985352,-17.3267478943,-1.72798335552,-10.4878969193]},"hfc":{"dmean":8.62911701202,"dmean2":12.8511009216,"dvar":160.211929321,"dvar2":354.868438721,"max":168.358398438,"mean":29.0174655914,"median":25.5549812317,"min":1.07280130754e-16,"var":439.120849609},"melbands":{"dmean":[0.00125102500897,0.00133228651248,0.00116306834389,0.000424657191616,0.000121530167235,0.000143680837937,0.000136744725751,0.0000968539097812,0.0000342309722328,0.0000383262959076,0.0000534332029929,0.000058862631704,0.0000835682731122,0.0000370528359781,0.0000361421225534,0.0000400452772737,0.0000439055183961,0.0000293650973617,0.0000289142863039,0.0000298616341752,0.0000297296483041,0.0000332392046403,0.0000225946205319,0.0000182572312042,0.0000147796090459,0.0000148288800119,0.00000910961443878,0.00000740829364076,0.00000629037822364,0.00000550198001292,0.00000512011274623,0.00000457084206573,0.00000446390595243,0.00000360007356903,0.00000211671954276,0.0000015022678781,0.00000113553369374,9.30464580051e-7,0.00000113414102998,0.00000115722696137],"dmean2":[0.00176768901292,0.002180688316,0.00199527363293,0.000708897598088,0.00020153047808,0.000239834771492,0.000229696772294,0.000156917594722,0.0000555506994715,0.0000609016678936,0.0000842052613734,0.0000892860552995,0.000132406887133,0.00005705744843,0.0000571425589442,0.0000636853364995,0.0000701712924638,0.0000466946294182,0.000047153687774,0.0000480259732285,0.0000480035196233,0.0000545244110981,0.0000373480033886,0.0000299975545204,0.0000243351205427,0.000024868246328,0.0000151220265252,0.0000125182768898,0.0000106767911348,0.00000919257854548,0.00000834583352116,0.00000745282204662,0.00000714214002073,0.00000573913121116,0.0000033037938465,0.00000234829963119,0.0000017468405531,0.00000135917844091,0.00000163076231274,0.00000173317346253],"dvar":[0.00000493524157719,0.00000398740348828,0.00000245479850491,3.20287284694e-7,3.43769102074e-8,1.1014828516e-7,1.60395600801e-7,1.18756616985e-7,1.08741922134e-8,5.44125100532e-9,1.72597207637e-8,2.50704523808e-8,5.69619551527e-8,9.53740730836e-9,8.39328784252e-9,7.26304349996e-9,1.45210039548e-8,4.48665993247e-9,2.92857715856e-9,4.27629931465e-9,2.95032553943e-9,2.28928387358e-9,1.09285458461e-9,6.87507162311e-10,3.7568556599e-10,3.79697689956e-10,1.6628411148e-10,1.23327820178e-10,1.30746372062e-10,1.10063298753e-10,1.10072062576e-10,9.72377109387e-11,9.2556545761e-11,6.0403300417e-11,1.92322789638e-11,9.35749741582e-12,5.94765686354e-12,3.5217705488e-12,8.72084002235e-12,1.5557216973e-11],"dvar2":[0.0000087722310127,0.0000101554751382,0.0000068270205702,8.14022314444e-7,9.02380818957e-8,2.6433016842e-7,4.1366268988e-7,2.8886211112e-7,2.71177942324e-8,1.24533015011e-8,4.05540028225e-8,5.41022942002e-8,1.36579387799e-7,2.12624460261e-8,1.95768059541e-8,1.71935354842e-8,3.554870176e-8,1.04185371441e-8,7.28853111198e-9,1.02740216334e-8,7.00892188732e-9,5.60116575343e-9,2.79773249012e-9,1.71233827118e-9,9.77790515222e-10,1.01120811724e-9,4.28419938414e-10,3.21523641045e-10,3.49156453749e-10,2.88755352962e-10,2.73070094314e-10,2.5018059846e-10,2.3337268229e-10,1.51727533315e-10,4.67570253349e-11,2.26623060595e-11,1.40136851776e-11,7.53926521907e-12,1.91437733721e-11,3.85473528097e-11],"max":[0.036204803735,0.0354302823544,0.024509107694,0.0116147305816,0.00433207070455,0.00920277833939,0.0152199221775,0.00773271685466,0.00291774957441,0.0025445271749,0.00411432888359,0.00368916010484,0.00525525165722,0.00230767414905,0.00233108433895,0.00196845945902,0.00294904760085,0.00187035289127,0.00181272323243,0.00182705500629,0.00170410703868,0.0010869379621,0.000683149904944,0.000756649591494,0.000440168078057,0.000432298926171,0.000172482439666,0.000165038072737,0.000144884790643,0.000154793990077,0.000391186506022,0.000169273771462,0.000215164327528,0.000113444868475,0.0000779236870585,0.0000429997598985,0.0000524625320395,0.0000762064737501,0.0000693308393238,0.000110697641503],"mean":[0.00206372910179,0.00250994577073,0.0017322411295,0.000673094764352,0.000221238820814,0.000217211520066,0.000172543383087,0.000126932907733,0.0000537093510502,0.0000657234122627,0.000093798218586,0.00010430317343,0.000144587902469,0.0000637270495645,0.0000626989058219,0.000069652844104,0.00007353888941,0.0000472244209959,0.0000513288141519,0.0000520712237631,0.0000565411137359,0.0000679404038237,0.0000469025981147,0.0000371038004232,0.0000320585313602,0.0000305504509015,0.0000186864035641,0.0000130718826767,0.00000941295729717,0.00000910021208256,0.00000923846619116,0.0000075731245488,0.00000708283141648,0.00000571369992031,0.0000036291021388,0.00000254753513218,0.00000194121980712,0.00000161379512065,0.00000173764897227,0.00000149832169427],"median":[0.000597883888986,0.0019247304881,0.00132222776301,0.00048208370572,0.000150394858792,0.000103368787677,0.0000725370482542,0.0000407985680795,0.0000291663236567,0.0000398039701395,0.0000405002210755,0.0000320897379424,0.0000266079332505,0.0000149795250763,0.0000198824964173,0.000029077178624,0.0000197851622943,0.0000224448231165,0.0000342322018696,0.0000272060187854,0.0000372334761778,0.0000518239576195,0.0000355280208169,0.0000282169312413,0.0000254720180237,0.0000242097994487,0.0000140674292197,0.00000931003614824,0.00000512495262228,0.00000486025146529,0.00000416031252826,0.00000304578225041,0.00000230615569308,0.00000195166194317,0.0000012620112102,9.17055899663e-7,6.94390450917e-7,6.00670318818e-7,5.73659860947e-7,4.19822981712e-7],"min":[6.70612529073e-25,3.18607730851e-25,1.60181352388e-24,9.08285966017e-25,1.17691233273e-24,1.1328574094e-24,1.53968323342e-24,1.24623733047e-24,2.09249476908e-24,1.2423247776e-24,1.99145135067e-24,1.280479613e-24,1.91784688112e-24,2.5387616662e-24,2.6382869218e-24,2.90787382528e-24,2.78356788485e-24,3.01265821932e-24,2.88977991991e-24,3.31271921399e-24,3.22894297471e-24,3.27662330555e-24,4.12402991728e-24,3.39307298022e-24,4.75309718539e-24,3.78575413378e-24,3.08943884008e-24,4.62782844022e-24,4.52665032381e-24,5.19065426926e-24,4.09057984832e-24,5.06568371351e-24,4.6465118219e-24,3.37097659184e-24,4.78515846473e-24,5.37494874279e-24,6.11772044963e-24,5.45999583699e-24,6.03052765377e-24,5.80927583569e-24],"var":[0.00000998269115371,0.0000065367175921,0.00000284473890133,4.74873417033e-7,5.74567842193e-8,1.7589904644e-7,1.58847342391e-7,1.34862915502e-7,1.23960681719e-8,9.8829300299e-9,3.85573351025e-8,7.85315563689e-8,1.41756387961e-7,2.2103687769e-8,1.89543882811e-8,1.59251651866e-8,2.67397020082e-8,7.56787255085e-9,4.59794424756e-9,7.90335796808e-9,6.41401687318e-9,5.06866104644e-9,2.20529949857e-9,1.30664823406e-9,7.81160136576e-10,6.90419388327e-10,2.88774393287e-10,1.63883698279e-10,1.48336731787e-10,1.44694506377e-10,1.98490474057e-10,1.3708112423e-10,1.38370051528e-10,8.93676452285e-11,3.71116089248e-11,1.60854142506e-11,1.00559751498e-11,6.63476868931e-12,1.22431283861e-11,1.47949309054e-11]},"melbands_crest":{"dmean":3.36377573013,"dmean2":5.33966732025,"dvar":7.95635843277,"dvar2":18.8403129578,"max":31.0685157776,"mean":14.6049375534,"median":14.4523792267,"min":1.000254035,"var":23.2224693298},"melbands_flatness_db":{"dmean":0.0259750150144,"dmean2":0.03958119452,"dvar":0.000654970412143,"dvar2":0.00127568026073,"max":0.345692366362,"mean":0.158704951406,"median":0.154524236917,"min":2.41602776896e-7,"var":0.00278894975781},"melbands_kurtosis":{"dmean":5.44936418533,"dmean2":8.3577375412,"dvar":60.2579841614,"dvar2":133.765487671,"max":130.187606812,"mean":9.90593910217,"median":5.89995288849,"min":-1.63698375225,"var":159.858047485},"melbands_skewness":{"dmean":0.716481983662,"dmean2":1.07882940769,"dvar":0.461872339249,"dvar2":0.966597855091,"max":10.3980512619,"mean":2.6814186573,"median":2.50583362579,"min":-0.535192728043,"var":2.28320288658},"melbands_spread":{"dmean":9.96642398834,"dmean2":15.5683135986,"dvar":97.6878128052,"dvar2":211.554595947,"max":165.988693237,"mean":36.8771133423,"median":34.5131111145,"min":2.48230266571,"var":449.517272949},"mfcc":{"cov":[[11933.4628906,854.389587402,50.3379821777,431.774505615,85.7525863647,117.971611023,-91.0059967041,76.2829055786,-50.8920211792,-82.8531570435,-26.6224460602,-40.8960418701,-17.0872039795],[854.389587402,920.347351074,-395.485717773,183.677429199,72.8547744751,34.4241371155,110.08039856,38.4178009033,-0.414814949036,6.78162336349,19.5492210388,43.6683158875,14.1786499023],[50.3379821777,-395.485717773,462.594848633,19.4536399841,48.9968643188,-13.5522136688,-58.7081565857,-0.0939544290304,35.7102813721,6.92809200287,12.4111337662,-17.2070121765,5.07713413239],[431.774505615,183.677429199,19.4536399841,234.294692993,52.8151473999,-0.246969163418,-30.7164707184,13.7620620728,22.4192619324,22.4131832123,3.53715181351,8.01766109467,-1.86879730225],[85.7525863647,72.8547744751,48.9968643188,52.8151473999,145.640975952,14.4959211349,36.6108131409,12.557062149,40.4672241211,16.7401123047,24.7935180664,10.6224145889,17.4114837646],[117.971611023,34.4241371155,-13.5522136688,-0.246969163418,14.4959211349,122.422721863,62.9412078857,29.6397686005,-11.8555316925,0.427929282188,7.58986759186,6.66894054413,-6.25957727432],[-91.0059967041,110.08039856,-58.7081565857,-30.7164707184,36.6108131409,62.9412078857,140.445007324,56.7795639038,18.730676651,-0.393504619598,11.7621889114,10.3951215744,7.44671154022],[76.2829055786,38.4178009033,-0.0939544290304,13.7620620728,12.557062149,29.6397686005,56.7795639038,89.1390991211,43.2203559875,13.0657262802,1.86624729633,0.862982749939,3.35070252419],[-50.8920211792,-0.414814949036,35.7102813721,22.4192619324,40.4672241211,-11.8555316925,18.730676651,43.2203559875,83.5373764038,37.0980987549,11.8916950226,-1.36958765984,7.94906282425],[-82.8531570435,6.78162336349,6.92809200287,22.4131832123,16.7401123047,0.427929282188,-0.393504619598,13.0657262802,37.0980987549,58.8481254578,27.1579093933,8.58982849121,2.62421011925],[-26.6224460602,19.5492210388,12.4111337662,3.53715181351,24.7935180664,7.58986759186,11.7621889114,1.86624729633,11.8916950226,27.1579093933,56.0326271057,26.8084754944,11.5491275787],[-40.8960418701,43.6683158875,-17.2070121765,8.01766109467,10.6224145889,6.66894054413,10.3951215744,0.862982749939,-1.36958765984,8.58982849121,26.8084754944,53.6848487854,25.5526390076],[-17.0872039795,14.1786499023,5.07713413239,-1.86879730225,17.4114837646,-6.25957727432,7.44671154022,3.35070252419,7.94906282425,2.62421011925,11.5491275787,25.5526390076,49.1641311646]],"icov":[[0.000105125764094,-0.000172947140527,-0.000124711426906,-0.0000325202745444,0.00000673222484693,-0.000170199768036,0.000287922332063,-0.000197071873117,0.0000590945674048,0.000220452988287,-0.0000938296579989,0.000192344654351,-0.0000554266043764],[-0.000172947140527,0.00334029854275,0.0028074264992,-0.00266951555386,-0.0010136901401,0.000873756187502,-0.00225933920592,0.000202726223506,0.000319786951877,0.000613490468822,-0.000971736561041,-0.000536736857612,-0.000193396845134],[-0.000124711426906,0.0028074264992,0.00507431663573,-0.00196701800451,-0.00190056534484,-0.0000533691454621,0.00042685054359,-0.000470992003102,-0.00108783121686,0.00193538120948,-0.00230403617024,0.00100916344672,-0.000728724466171],[-0.0000325202745444,-0.00266951555386,-0.00196701800451,0.0080686416477,-0.00209628581069,-0.000986237544566,0.00468835886568,-0.00226390082389,0.000246198120294,-0.00267687509768,0.00273271929473,-0.00176619668491,0.00170849834103],[0.00000673222484693,-0.0010136901401,-0.00190056534484,-0.00209628581069,0.0117026334628,-0.00118168606423,-0.00374644505791,0.00477737607434,-0.00629433942959,0.00215423176996,-0.0033294102177,0.00146459206007,-0.00271819531918],[-0.000170199768036,0.000873756187502,-0.0000533691454621,-0.000986237544566,-0.00118168606423,0.0131092136726,-0.00628176005557,-0.00319778709672,0.00686856079847,-0.00337319611572,0.000204031239264,-0.00152170250658,0.00272633275017],[0.000287922332063,-0.00225933920592,0.00042685054359,0.00468835886568,-0.00374644505791,-0.00628176005557,0.0179296582937,-0.00872213114053,-0.00114322081208,0.00361188058741,-0.00197679596022,0.000244327704422,-0.000379074830562],[-0.000197071873117,0.000202726223506,-0.000470992003102,-0.00226390082389,0.00477737607434,-0.00319778709672,-0.00872213114053,0.0238460786641,-0.0134011358023,0.00160209171008,0.00194239325356,-0.00065096054459,-0.000604223867413],[0.0000590945674048,0.000319786951877,-0.00108783121686,0.000246198120294,-0.00629433942959,0.00686856079847,-0.00114322081208,-0.0134011358023,0.0307017862797,-0.0163222420961,0.00301810842939,0.00316694262438,-0.00220759329386],[0.000220452988287,0.000613490468822,0.00193538120948,-0.00267687509768,0.00215423176996,-0.00337319611572,0.00361188058741,0.00160209171008,-0.0163222420961,0.034440971911,-0.0157839227468,0.00111187621951,0.00168002897408],[-0.0000938296579989,-0.000971736561041,-0.00230403617024,0.00273271929473,-0.0033294102177,0.000204031239264,-0.00197679596022,0.00194239325356,0.00301810842939,-0.0157839227468,0.033920250833,-0.0147333936766,0.00200544157997],[0.000192344654351,-0.000536736857612,0.00100916344672,-0.00176619668491,0.00146459206007,-0.00152170250658,0.000244327704422,-0.00065096054459,0.00316694262438,0.00111187621951,-0.0147333936766,0.0343555100262,-0.0156211405993],[-0.0000554266043764,-0.000193396845134,-0.000728724466171,0.00170849834103,-0.00271819531918,0.00272633275017,-0.000379074830562,-0.000604223867413,-0.00220759329386,0.00168002897408,0.00200544157997,-0.0156211405993,0.0298402197659]],"mean":[-618.39855957,94.1709747314,-11.603729248,40.0769004822,15.6345853806,9.43483448029,4.10019731522,9.76509380341,1.88815104961,-1.24138796329,-0.725468337536,-3.69837141037,-2.35964941978]},"pitch_salience":{"dmean":0.0717657655478,"dmean2":0.114836610854,"dvar":0.00383064360358,"dvar2":0.00926730874926,"max":0.996096789837,"mean":0.575576901436,"median":0.577154517174,"min":0.197900846601,"var":0.0102625051513},"silence_rate_20dB":{"dmean":0,"dmean2":0,"dvar":0,"dvar2":0,"max":1,"mean":1,"median":1,"min":1,"var":0},"silence_rate_30dB":{"dmean":0.00151196972001,"dmean2":0.00302419345826,"dvar":0.00150953175034,"dvar2":0.00368668604642,"max":1,"mean":0.998824119568,"median":1,"min":0,"var":0.00117431476247},"silence_rate_60dB":{"dmean":0.00319193606265,"dmean2":0.0063844085671,"dvar":0.00318150105886,"dvar2":0.00751961115748,"max":1,"mean":0.0673609972,"median":0,"min":0,"var":0.0628250166774},"spectral_centroid":{"dmean":278.761322021,"dmean2":456.79598999,"dvar":69751.90625,"dvar2":169625.875,"max":11723.1962891,"mean":2153.65795898,"median":2034.29846191,"min":538.85546875,"var":1330379.75},"spectral_complexity":{"dmean":4.94027709961,"dmean2":7.65843391418,"dvar":22.1512393951,"dvar2":48.7631263733,"max":62,"mean":30.7785987854,"median":33,"min":0,"var":149.763870239},"spectral_contrast_coeffs":{"dmean":[0.0572646968067,0.0464605912566,0.036130104214,0.0277911499143,0.021362060681,0.0179009847343],"dmean2":[0.09334089607,0.0774386450648,0.0594847798347,0.0462490171194,0.0356325246394,0.0289872027934],"dvar":[0.00221632304601,0.00144530565012,0.000833057332784,0.000505808449816,0.000307769922074,0.00025513174478],"dvar2":[0.00585524179041,0.00391768850386,0.00220620003529,0.0013699940173,0.000837832281832,0.000655753188767],"max":[-0.354698807001,-0.407483518124,-0.522805929184,-0.585869848728,-0.64629805088,-0.611426949501],"mean":[-0.653093695641,-0.763348281384,-0.785258352757,-0.798012912273,-0.788384258747,-0.739695131779],"median":[-0.650218129158,-0.766707062721,-0.795765995979,-0.802567720413,-0.787187814713,-0.736480474472],"min":[-0.980999410152,-0.999049842358,-0.997397422791,-0.985050022602,-0.986030876637,-0.965525507927],"var":[0.00748579856008,0.00484954239801,0.00420866534114,0.00220167054795,0.00150250887964,0.00195320276543]},"spectral_contrast_valleys":{"dmean":[0.409818708897,0.357470244169,0.299666553736,0.253050684929,0.234844639897,0.317024379969],"dmean2":[0.660576939583,0.595977306366,0.486924111843,0.409019678831,0.377237230539,0.42786026001],"dvar":[0.124913610518,0.0970180481672,0.0720935612917,0.0589701384306,0.0704956948757,0.143608987331],"dvar2":[0.293892800808,0.240373492241,0.164723530412,0.131501078606,0.159730374813,0.281131863594],"max":[-5.09517908096,-4.53472900391,-5.54826974869,-5.66642808914,-5.41319227219,-7.73818063736],"mean":[-7.27044200897,-7.26236486435,-7.55316114426,-7.45987701416,-7.05935573578,-10.0214128494],"median":[-6.77463626862,-6.82099723816,-7.12226629257,-7.02980136871,-6.60826778412,-9.62616920471],"min":[-28.3017272949,-28.1521701813,-27.8337726593,-27.7278804779,-27.5346927643,-27.4106616974],"var":[7.24242115021,6.97560930252,6.64197397232,6.73152780533,6.97917795181,5.79730892181]},"spectral_decrease":{"dmean":2.2731785343e-9,"dmean2":3.46794770678e-9,"dvar":7.77694284253e-18,"dvar2":1.72742972821e-17,"max":1.87277102792e-28,"mean":-7.43533457026e-9,"median":-6.64229471425e-9,"min":-4.2933184119e-8,"var":2.41379690354e-17},"spectral_energy":{"dmean":0.00905008334666,"dmean2":0.0137664088979,"dvar":0.000119392105262,"dvar2":0.000265727838269,"max":0.164943024516,"mean":0.0306946374476,"median":0.0279882047325,"min":9.84194921673e-21,"var":0.000387464067899},"spectral_energyband_high":{"dmean":0.000751822604798,"dmean2":0.00111096457113,"dvar":0.00000199170131054,"dvar2":0.00000454680093753,"max":0.0171579346061,"mean":0.001525006257,"median":0.000743711716495,"min":7.0158163759e-21,"var":0.00000382819052902},"spectral_energyband_low":{"dmean":0.00631707441062,"dmean2":0.00935494992882,"dvar":0.0000806010575616,"dvar2":0.000168104452314,"max":0.139411449432,"mean":0.0140625545755,"median":0.00995741877705,"min":9.60985858233e-24,"var":0.000194983338588},"spectral_energyband_middle_high":{"dmean":0.00211577769369,"dmean2":0.00331633957103,"dvar":0.00000733431579647,"dvar2":0.0000173931093741,"max":0.0427891984582,"mean":0.00788984354585,"median":0.00566953141242,"min":1.13848244283e-21,"var":0.0000423320052505},"spectral_energyband_middle_low":{"dmean":0.00459804339334,"dmean2":0.00762086967006,"dvar":0.0000347353270627,"dvar2":0.0000878549544723,"max":0.0919005572796,"mean":0.00902434624732,"median":0.00716478191316,"min":1.40594299382e-22,"var":0.0000582245411351},"spectral_entropy":{"dmean":0.104737900198,"dmean2":0.161624222994,"dvar":0.011908357963,"dvar2":0.0245104189962,"max":9.82860088348,"mean":7.93170118332,"median":7.90503025055,"min":6.80467748642,"var":0.0998950377107},"spectral_flux":{"dmean":0.0245047435164,"dmean2":0.0384027138352,"dvar":0.000640991434921,"dvar2":0.0014043104602,"max":0.302025139332,"mean":0.0924251377583,"median":0.0892991647124,"min":6.28031515681e-11,"var":0.00200974754989},"spectral_kurtosis":{"dmean":1.07118904591,"dmean2":1.81161367893,"dvar":1.41870522499,"dvar2":4.07100629807,"max":22.7375221252,"mean":3.37430095673,"median":3.08158826828,"min":-1.2816067934,"var":3.24008798599},"spectral_rms":{"dmean":0.00075531040784,"dmean2":0.00113330059685,"dvar":6.18848730483e-7,"dvar2":0.00000130182809244,"max":0.0126854255795,"mean":0.00509826932102,"median":0.00522547308356,"min":3.09869339389e-12,"var":0.00000395364804717},"spectral_rolloff":{"dmean":643.125427246,"dmean2":1026.29650879,"dvar":573162.125,"dvar2":1200091.875,"max":19616.7480469,"mean":2438.6640625,"median":2304.05273438,"min":86.1328125,"var":5467071},"spectral_skewness":{"dmean":0.164907664061,"dmean2":0.274319529533,"dvar":0.0253372974694,"dvar2":0.0689850375056,"max":3.64576601982,"mean":1.15999758244,"median":1.14962077141,"min":-0.111315272748,"var":0.0990136265755},"spectral_spread":{"dmean":490577.15625,"dmean2":677363.5625,"dvar":463143665664,"dvar2":885727232000,"max":47389124,"mean":4739405.5,"median":4099426.25,"min":1885255.875,"var":20272228859900},"spectral_strongpeak":{"dmean":0.424654275179,"dmean2":0.749475896358,"dvar":0.807142734528,"dvar2":2.07382845879,"max":10.285574913,"mean":0.607313275337,"median":0.329072505236,"min":0,"var":0.923680663109},"zerocrossingrate":{"dmean":0.0112922368571,"dmean2":0.0131898699328,"dvar":0.000121343960927,"dvar2":0.000155749090482,"max":0.52978515625,"mean":0.0823152139783,"median":0.0732421875,"min":0.00830078125,"var":0.00344248418696}},"metadata":{"audio_properties":{"analysis_sample_rate":44100,"bit_rate":0,"codec":"flac","downmix":"mix","equal_loudness":0,"length":276.42666626,"lossless":true,"md5_encoded":"5611ee4ffdaae9cc2b942857ea48507d","replay_gain":-9.01270675659},"tags":{"album":["The Last in Line"],"albumartist":["Dio"],"albumartistsort":["Dio"],"artist":["Dio"],"artistsort":["Dio"],"date":["1984-08-29"],"discnumber":["1"],"disctotal":["1"],"file_name":"1 - We Rock.flac","musicbrainz_albumartistid":["c55193fb-f5d2-4839-a263-4c044fca1456"],"musicbrainz_albumid":["fd086ea8-cf74-4450-8e07-6a7d60f39c5a"],"musicbrainz_artistid":["c55193fb-f5d2-4839-a263-4c044fca1456"],"musicbrainz_recordingid":["912c1757-b694-4d42-a1cb-4d2f6c3dbf6d"],"musicbrainz_releasegroupid":["798601d4-f28e-3835-b10c-1a00ecf773b8"],"producer":["Ronnie James Dio"],"releasecountry":["US"],"releasetype":["album"],"replaygain_album_gain":["-2.59 dB"],"replaygain_album_peak":["0.97802734"],"replaygain_reference_loudness":["89.0 dB"],"replaygain_track_gain":["-3.23 dB"],"replaygain_track_peak":["0.93872070"],"title":["We Rock"],"totaldiscs":["1"],"totaltracks":["9"],"tracknumber":["1"],"tracktotal":["9"]},"version":{"essentia":"2.1-beta1","essentia_build_sha":"0a826ad6289770054bb7564d59068f1232327ff9","essentia_git_sha":"v2.1_beta1-5-gf9dded9","extractor":"music 1.0"}},"rhythm":{"beats_count":705,"beats_loudness":{"dmean":0.0176057387143,"dmean2":0.0295404847711,"dvar":0.000253569916822,"dvar2":0.000732850050554,"max":0.164193063974,"mean":0.0430888459086,"median":0.0434690192342,"min":0,"var":0.000474040978588},"beats_loudness_band_ratio":{"dmean":[0.246057897806,0.0798870772123,0.0619888901711,0.0678285062313,0.065970800817,0.114519126713],"dmean2":[0.454929322004,0.147280052304,0.11577039957,0.117183819413,0.115131311119,0.222641810775],"dvar":[0.0238549541682,0.0034443999175,0.00614381767809,0.00698317307979,0.00326450448483,0.0050458596088],"dvar2":[0.07387217