{"lowlevel":{"average_loudness":0.977636635303,"barkbands":{"dmean":[0.00326435128227,0.0117141269147,0.00369933736511,0.00180668500252,0.00308158202097,0.00377715029754,0.00240106577985,0.000886323628947,0.000866995484103,0.000900529907085,0.000534901453648,0.000982723082416,0.00133438815828,0.000902680098079,0.000593400967773,0.000307017035084,0.000192937644897,0.000081342892372,0.0000568102659599,0.0000339987673215,0.0000287424081762,0.0000141639047797,0.0000110025994218,0.00000780865775596,0.00000628808174952,0.0000597397265665,0.000589054368902],"dmean2":[0.00571287563071,0.0203346703202,0.00642595207319,0.00312192714773,0.00526480656117,0.00613737525418,0.00387817597948,0.00142657628749,0.00138200807851,0.00149432139006,0.000880696461536,0.00165454950184,0.0022075267043,0.00149557355326,0.00100112787914,0.000520674686413,0.000325917848386,0.000135723385029,0.0000932924740482,0.000054131160141,0.0000443566023023,0.0000215137606574,0.0000165330147865,0.0000117824565677,0.00000959428780334,0.0000875135447131,0.000949204491917],"dvar":[0.000024185035727,0.000390619505197,0.0000169117265614,0.00000569932217331,0.0000140652527989,0.0000450650331913,0.000018856870156,0.00000304828722619,0.00000447686534244,0.00000184788541446,8.53759672736e-7,0.00000112333304969,0.0000020204449811,0.00000124961388792,4.3853813736e-7,1.29184243747e-7,6.42325659328e-8,1.01651940199e-8,8.98119267845e-9,2.78969092271e-9,2.09639150484e-9,6.78126166331e-10,2.56282051136e-10,1.75902389876e-10,8.5826026841e-11,1.73883751842e-8,3.23449256712e-7],"dvar2":[0.0000667804342811,0.00108350394294,0.0000477965004393,0.0000155484249262,0.0000378623517463,0.000108743348392,0.0000429257706855,0.00000665356537866,0.0000107308560473,0.00000476677678307,0.00000220106198867,0.0000029484690458,0.00000521695847056,0.00000305982098325,0.00000116563262509,3.50922164216e-7,1.7185817569e-7,2.70631996813e-8,2.28449277273e-8,5.93959903483e-9,4.57857929348e-9,1.34227873261e-9,5.57084656183e-10,3.40836692203e-10,1.85484724802e-10,3.57542333518e-8,8.0594912788e-7],"max":[0.0620357766747,0.359017789364,0.0398702099919,0.0254971645772,0.0449866205454,0.095915094018,0.0759126842022,0.0345760956407,0.0359189026058,0.0204131603241,0.0157214608043,0.0134686017409,0.0274540316314,0.0274114273489,0.00987692736089,0.00477928947657,0.0055407746695,0.00157580699306,0.00261712563224,0.0012318380177,0.000866105896421,0.000819203443825,0.000221966169192,0.000420472468249,0.000170041967067,0.00236552394927,0.00918748695403],"mean":[0.00328701338731,0.0128865363076,0.00421343697235,0.00196880148724,0.00437326030806,0.00561346393079,0.00357131031342,0.00131460442208,0.00121627887711,0.00138279423118,0.000814707600512,0.00179573777132,0.00253480882384,0.00191354413982,0.00120770756621,0.000623858941253,0.000427217775723,0.000170542407432,0.000123131205328,0.0000807008182164,0.000067350709287,0.000028798580388,0.0000192157640413,0.0000125422475321,0.00000943282520893,0.0000979737596936,0.00233424524777],"median":[0.00138106534723,0.00792423263192,0.00285103335045,0.00110179639887,0.00307377660647,0.00342979002744,0.00197884277441,0.00064670946449,0.000495247950312,0.000782687915489,0.000511846621521,0.00147866166662,0.00213428097777,0.00141954864375,0.000984272337519,0.000496711523738,0.000307464040816,0.000136113987537,0.0000962327176239,0.00006341093831,0.0000450910483778,0.0000197305398615,0.0000118142124848,0.00000674180409987,0.00000513365603183,0.0000402628684242,0.00217094528489],"min":[5.08667076625e-25,5.60077674299e-24,1.29893018211e-24,2.91389579221e-24,1.3016438439e-23,8.4102512144e-24,6.32267282369e-24,9.65931621678e-24,2.10117929934e-23,3.19059400064e-23,2.51587495752e-23,3.42699510355e-23,3.81148117559e-23,3.55525315824e-23,4.11393581091e-23,7.41122577334e-23,8.52074980129e-23,5.89006718307e-23,1.2106446364e-22,2.01948669416e-22,2.54936191362e-22,3.43907281645e-22,4.23187853107e-22,6.18275351157e-22,9.53106642937e-22,1.36448854258e-21,1.86718171046e-21],"var":[0.0000235099050769,0.000303602981148,0.000018852751964,0.00000602473664912,0.0000175056648004,0.0000620606660959,0.0000365746491298,0.00000677729667586,0.0000069707170951,0.00000290930802294,0.00000114567797027,0.00000187360717518,0.00000389863225791,0.00000482642963107,8.94381798844e-7,2.73714334753e-7,2.2939455846e-7,1.89419004926e-8,1.52041330637e-8,7.11151981747e-9,6.13202377764e-9,1.46748546648e-9,4.80458561825e-10,3.87071735775e-10,1.5418426258e-10,3.39553842821e-8,0.00000160867818977]},"barkbands_crest":{"dmean":2.93309783936,"dmean2":4.94405126572,"dvar":7.44640922546,"dvar2":20.3463745117,"max":21.8641014099,"mean":7.95006895065,"median":7.17172384262,"min":2.70838236809,"var":11.0125646591},"barkbands_flatness_db":{"dmean":0.0213352032006,"dmean2":0.0342958159745,"dvar":0.000357620941941,"dvar2":0.00091872329358,"max":0.349167346954,"mean":0.115773543715,"median":0.109925888479,"min":0.0250892527401,"var":0.00108286587056},"barkbands_kurtosis":{"dmean":2.54995369911,"dmean2":4.26923561096,"dvar":29.7249679565,"dvar2":84.2321853638,"max":211.272689819,"mean":3.89166998863,"median":2.50939750671,"min":-1.51719021797,"var":34.8839492798},"barkbands_skewness":{"dmean":0.491234272718,"dmean2":0.804504811764,"dvar":0.246197000146,"dvar2":0.653656125069,"max":12.7937345505,"mean":1.6874229908,"median":1.59317374229,"min":-2.24574828148,"var":0.695433080196},"barkbands_spread":{"dmean":8.51327323914,"dmean2":13.4817380905,"dvar":55.2493858337,"dvar2":132.384368896,"max":117.008796692,"mean":37.5529136658,"median":36.4668998718,"min":1.81155872345,"var":205.838790894},"dissonance":{"dmean":0.0167967155576,"dmean2":0.0287854541093,"dvar":0.000224138188059,"dvar2":0.000612581381574,"max":0.500000059605,"mean":0.472463458776,"median":0.477300643921,"min":0.320581525564,"var":0.000405645841965},"dynamic_complexity":1.14815366268,"erbbands":{"dmean":[0.456612616777,2.31252551079,4.51440000534,4.37160921097,8.75670528412,10.5906362534,19.4566383362,36.8056030273,34.369228363,28.5282936096,13.4624643326,19.3629608154,21.0370979309,31.9986152649,24.9803256989,34.9941329956,56.5618209839,39.1727600098,37.9852561951,26.4414520264,11.3938083649,10.7675065994,4.92608356476,3.19281578064,2.34348583221,1.6559419632,1.31614816189,0.909640550613,0.518570303917,0.427812874317,0.294960558414,0.190217852592,0.12234313786,0.0777727290988,0.0416198149323,0.0673523172736,0.11687567085,0.112827375531,0.0355141349137,0.0129917114973],"dmean2":[0.804076254368,4.0258808136,7.82147789001,7.50846004486,15.1347417831,18.3384418488,32.4204025269,59.3311729431,54.3529205322,46.8098373413,21.3007297516,31.0818767548,33.8897666931,52.3179321289,41.3582382202,58.4434661865,93.4784622192,65.8422775269,62.7335968018,44.4697532654,19.2874794006,18.3288936615,8.31076049805,5.35210609436,3.76224899292,2.63678121567,2.05327129364,1.41289782524,0.78786700964,0.647699594498,0.445877552032,0.28828150034,0.185137048364,0.118174411356,0.063419289887,0.0991956293583,0.17093193531,0.159260690212,0.0519195608795,0.0212655942887],"dvar":[0.677706778049,13.0515508652,25.090965271,27.3359851837,121.322036743,218.219726562,651.320739746,5723.26171875,5024.37792969,1697.98657227,810.444335938,2496.01049805,1514.20983887,2477.06323242,1052.03833008,1313.0859375,4103.97802734,1630.46398926,2671.65551758,828.584350586,195.17565918,203.935012817,38.3521194458,23.6116828918,18.0247478485,6.97118091583,4.44179964066,2.0271525383,1.01774859428,0.413259536028,0.201718911529,0.101434230804,0.0424492247403,0.0137123893946,0.00369589193724,0.0182148199528,0.069477699697,0.0648686140776,0.00388117879629,0.000137290990097],"dvar2":[1.86753857136,36.363735199,69.765838623,75.9961853027,324.698516846,605.433410645,1586.1171875,13956.6347656,10753.1542969,4292.1640625,1864.86828613,5846.36132812,3861.38500977,6176.69824219,2601.69824219,3499.92041016,10257.1162109,4362.98095703,6180.84667969,2225.69677734,514.056335449,553.33026123,102.59513092,63.7918434143,42.0793762207,15.0696601868,9.90974235535,4.50430345535,1.97180211544,0.91501224041,0.442945927382,0.207015618682,0.084629625082,0.0298147816211,0.00788691546768,0.0349286198616,0.136848479509,0.122741796076,0.00731656420976,0.000366196152754],"max":[13.1364107132,67.7229232788,48.0264091492,53.078453064,124.67791748,251.085647583,659.740661621,1168.55944824,1316.43249512,644.545288086,716.208129883,1105.24316406,510.206451416,951.835144043,591.652587891,463.16204834,1439.6652832,494.956878662,1984.16381836,413.641418457,264.79019165,296.979797363,93.7657699585,86.7470169067,128.827087402,62.1403770447,37.1206626892,34.2604904175,32.73279953,11.4331388474,6.86901760101,8.01281261444,7.06935214996,2.66776537895,1.29414272308,3.10670518875,5.49587535858,4.90532922745,1.50529193878,0.180911839008],"mean":[0.454493790865,2.53424263,5.30623912811,5.64172506332,10.5071105957,13.9462156296,28.6899642944,51.8416442871,52.7940330505,44.615901947,21.8292808533,27.6842327118,33.054473877,49.9950294495,46.2363052368,74.0695800781,112.637695312,87.861000061,86.4827194214,57.9982566833,27.6760959625,24.3175964355,11.3418874741,7.07678318024,5.305372715,3.95731925964,3.11376714706,2.08476471901,1.0886027813,0.81706827879,0.490996748209,0.298787146807,0.197337135673,0.119159020483,0.0618405230343,0.111091934144,0.19241937995,0.227480828762,0.109760038555,0.0644715204835],"median":[0.215112939477,1.61739146709,3.66433978081,3.8086540699,6.46583223343,9.38299751282,19.6768264771,28.2644939423,26.1838665009,29.1627616882,12.1623067856,11.6122703552,17.1311531067,30.7980270386,36.2471046448,63.8720664978,94.6918106079,75.8050613403,63.2847061157,48.6156272888,21.9486427307,17.6621837616,9.51273155212,5.58287477493,4.16434526443,3.06130719185,2.11507797241,1.49842083454,0.784034788609,0.543447911739,0.2890163064,0.156960725784,0.107537426054,0.0646283105016,0.0342870354652,0.050649061799,0.0784717425704,0.126650393009,0.0850692614913,0.0631046742201],"min":[2.10427207585e-22,8.39561462605e-22,1.21591783708e-21,1.41837128155e-20,1.79746153237e-20,2.55869678618e-20,5.66507567204e-20,1.00952359593e-19,1.06579029527e-19,1.17431923507e-19,2.59635631614e-19,5.53633379849e-19,8.70402557318e-19,1.14157572996e-18,8.92405871804e-19,1.58351320564e-18,2.0434223175e-18,2.13939512089e-18,2.74561469872e-18,3.38044872869e-18,4.34800912903e-18,4.85648284183e-18,3.60494575373e-18,7.96053309794e-18,8.09116311464e-18,1.09009087127e-17,9.95194726161e-18,9.41741322361e-18,1.24923256291e-17,1.28128233748e-17,1.19148088049e-17,1.14921650068e-17,1.06305629274e-17,1.00138302976e-17,6.1348491195e-18,4.45390106873e-18,2.60555999292e-18,9.80918746841e-19,2.50191891506e-19,2.56591232143e-20],"var":[0.534906804562,10.3743085861,27.6002922058,32.227684021,137.063705444,232.036178589,948.230407715,7435.17480469,10426.0263672,2761.97363281,1487.69384766,3827.15136719,2241.68286133,4005.43920898,1747.7043457,2433.42602539,8053.703125,3698.12402344,12620.265625,1733.85766602,589.572631836,733.956481934,72.2052154541,39.1548957825,33.5698623657,17.0750274658,12.5805778503,5.07284021378,2.25484323502,0.804307222366,0.351815193892,0.204158574343,0.0915466845036,0.0253362189978,0.00681476294994,0.0389839857817,0.141681835055,0.144875049591,0.0124969268218,0.000738466857001]},"erbbands_crest":{"dmean":2.28699111938,"dmean2":3.86387133598,"dvar":4.35037708282,"dvar2":11.1579637527,"max":29.1756858826,"mean":8.07220172882,"median":7.30111074448,"min":2.69461417198,"var":9.82560253143},"erbbands_flatness_db":{"dmean":0.0170848723501,"dmean2":0.0261831674725,"dvar":0.000196883222088,"dvar2":0.000444604404038,"max":0.255674242973,"mean":0.142128199339,"median":0.141691967845,"min":0.0413354150951,"var":0.000812681508251},"erbbands_kurtosis":{"dmean":0.858094394207,"dmean2":1.41605556011,"dvar":0.67509496212,"dvar2":1.7616121769,"max":15.7126646042,"mean":0.515134334564,"median":0.260258793831,"min":-1.49136292934,"var":1.60594582558},"erbbands_skewness":{"dmean":0.323497653008,"dmean2":0.517480373383,"dvar":0.0718081966043,"dvar2":0.186093494296,"max":1.92778778076,"mean":-0.176047503948,"median":-0.224141463637,"min":-3.19175982475,"var":0.309992402792},"erbbands_spread":{"dmean":4.73743534088,"dmean2":7.65096998215,"dvar":15.5293102264,"dvar2":38.7311553955,"max":75.5592498779,"mean":24.095867157,"median":23.4667549133,"min":5.49528598785,"var":44.8742752075},"gfcc":{"cov":[[13920.3945312,737.843811035,-951.635070801,-182.906814575,37.5854110718,-179.246551514,3.30850696564,-229.263153076,-21.5323696136,17.8566055298,-66.6803665161,24.7308578491,-93.1835403442],[737.843811035,548.464355469,-30.4970054626,-96.0994644165,64.595916748,-42.7559547424,-17.6371078491,-23.017282486,37.603603363,-34.3854408264,42.2937278748,-36.5544090271,36.7086906433],[-951.635070801,-30.4970054626,267.878814697,63.5570373535,-49.8057441711,93.9554443359,-62.9908790588,34.754322052,-40.6341056824,3.53231072426,5.38009166718,14.4748353958,-17.5287246704],[-182.906814575,-96.0994644165,63.5570373535,131.999237061,38.4751281738,12.6385135651,20.0888137817,2.29718971252,-21.656709671,-0.737485229969,-7.8351984024,3.66935634613,-5.88444948196],[37.5854110718,64.595916748,-49.8057441711,38.4751281738,133.174194336,-4.33087491989,44.63621521,-23.4061946869,11.2990083694,-12.3250799179,6.18321084976,-7.02964162827,13.5453538895],[-179.246551514,-42.7559547424,93.9554443359,12.6385135651,-4.33087491989,134.915466309,-16.3475914001,25.98487854,-18.5888671875,4.44669723511,-2.14884352684,13.0522432327,-8.19889354706],[3.30850696564,-17.6371078491,-62.9908790588,20.0888137817,44.63621521,-16.3475914001,124.59577179,20.6208438873,31.2450180054,7.95705223083,-10.4060344696,-3.67389941216,7.58391857147],[-229.263153076,-23.017282486,34.754322052,2.29718971252,-23.4061946869,25.98487854,20.6208438873,79.6207580566,31.6359767914,11.5731983185,-4.43998575211,-6.84753608704,0.435036092997],[-21.5323696136,37.603603363,-40.6341056824,-21.656709671,11.2990083694,-18.5888671875,31.2450180054,31.6359767914,74.3850097656,29.8492298126,8.48763275146,-5.98502922058,7.83367919922],[17.8566055298,-34.3854408264,3.53231072426,-0.737485229969,-12.3250799179,4.44669723511,7.95705223083,11.5731983185,29.8492298126,60.264213562,27.9200935364,15.9489946365,-1.20031774044],[-66.6803665161,42.2937278748,5.38009166718,-7.8351984024,6.18321084976,-2.14884352684,-10.4060344696,-4.43998575211,8.48763275146,27.9200935364,59.1550674438,24.852098465,16.760061264],[24.7308578491,-36.5544090271,14.4748353958,3.66935634613,-7.02964162827,13.0522432327,-3.67389941216,-6.84753608704,-5.98502922058,15.9489946365,24.852098465,54.1416130066,17.8735408783],[-93.1835403442,36.7086906433,-17.5287246704,-5.88444948196,13.5453538895,-8.19889354706,7.58391857147,0.435036092997,7.83367919922,-1.20031774044,16.760061264,17.8735408783,51.1096534729]],"icov":[[0.000232934718952,-0.000954821996856,0.00175775494426,-0.00109611742664,0.000657945754938,-0.000545539718587,0.000505726318806,-0.000377062737243,0.00102758873254,-0.00128312490415,0.00135941477492,-0.00144732592162,0.00112612440716],[-0.000954821996856,0.00768980430439,-0.00916714034975,0.00784005969763,-0.00472440803424,0.00306710926816,-0.00220838119276,0.00317335128784,-0.00692075816914,0.00908829178661,-0.00977491214871,0.0095809660852,-0.00633140048012],[0.00175775494426,-0.00916714034975,0.0224993489683,-0.0145985633135,0.00856816302985,-0.00852867495269,0.00716564664617,-0.00681608496234,0.0106937019154,-0.0108734266832,0.0101761231199,-0.0129727786407,0.0104856789112],[-0.00109611742664,0.00784005969763,-0.0145985633135,0.0212439056486,-0.0113487336785,0.00660863472149,-0.0047943238169,0.000715277274139,-0.000731955049559,0.00428484473377,-0.00569423707202,0.00828432664275,-0.00623417692259],[0.000657945754938,-0.00472440803424,0.00856816302985,-0.0113487336785,0.0178560316563,-0.00653513055295,-0.00235135457478,0.00578926224262,-0.00303637143224,0.00214499630965,-0.000614916847553,-0.00193655129988,0.00213836343028],[-0.000545539718587,0.00306710926816,-0.00852867495269,0.00660863472149,-0.00653513055295,0.0136945042759,-0.000578447943553,-0.00428118463606,0.00232325564139,-0.0000689005464665,-0.000407869898481,0.000443783239461,-0.00168974127155],[0.000505726318806,-0.00220838119276,0.00716564664617,-0.0047943238169,-0.00235135457478,-0.000578447943553,0.0142095768824,-0.00617839070037,0.00139429175761,-0.00557765318081,0.00728845922276,-0.00553375622258,0.00208866782486],[-0.000377062737243,0.00317335128784,-0.00681608496234,0.000715277274139,0.00578926224262,-0.00428118463606,-0.00617839070037,0.0261218473315,-0.0171497929841,0.00827480386943,-0.0054816310294,0.00863960850984,-0.00514950742945],[0.00102758873254,-0.00692075816914,0.0106937019154,-0.000731955049559,-0.00303637143224,0.00232325564139,0.00139429175761,-0.0171497929841,0.0389163531363,-0.02620536834,0.0128135215491,-0.00575633486733,0.00277496012859],[-0.00128312490415,0.00908829178661,-0.0108734266832,0.00428484473377,0.00214499630965,-0.0000689005464665,-0.00557765318081,0.00827480386943,-0.02620536834,0.0466793887317,-0.0279940739274,0.0064694895409,0.00010519514035],[0.00135941477492,-0.00977491214871,0.0101761231199,-0.00569423707202,-0.000614916847553,-0.000407869898481,0.00728845922276,-0.0054816310294,0.0128135215491,-0.0279940739274,0.0444121323526,-0.0209683589637,0.00154395599384],[-0.00144732592162,0.0095809660852,-0.0129727786407,0.00828432664275,-0.00193655129988,0.000443783239461,-0.00553375622258,0.00863960850984,-0.00575633486733,0.0064694895409,-0.0209683589637,0.0420483574271,-0.018477993086],[0.00112612440716,-0.00633140048012,0.0104856789112,-0.00623417692259,0.00213836343028,-0.00168974127155,0.00208866782486,-0.00514950742945,0.00277496012859,0.00010519514035,0.00154395599384,-0.018477993086,0.0334736965597]],"mean":[45.6642532349,91.9381408691,-84.9215927124,-22.8828639984,0.903236150742,-12.4086523056,-11.907538414,-22.1100234985,-3.26272082329,1.45350933075,-0.190012857318,0.917318284512,-5.80966091156]},"hfc":{"dmean":62.653881073,"dmean2":102.336013794,"dvar":3600.29882812,"dvar2":9724.66210938,"max":736.277648926,"mean":279.097961426,"median":270.112701416,"min":1.11710238799e-16,"var":8591.82617188},"melbands":{"dmean":[0.00363625888713,0.00250010099262,0.000853413541336,0.0006839298876,0.00061814422952,0.000788167235442,0.000517256616149,0.000289347110083,0.000100161109003,0.000132612054585,0.0001102381284,0.00013677989773,0.000072814822488,0.0001168360468,0.000140526113682,0.000109849883302,0.0000758147871238,0.0000746912046452,0.0000484514712298,0.0000284736997855,0.0000128549245346,0.0000126371287479,0.00000736313040761,0.00000382049665859,0.00000278704737866,0.00000220207903112,0.00000143940314956,0.00000116482817702,8.86440375325e-7,8.61646867634e-7,5.19508660091e-7,3.14346493724e-7,2.7432895422e-7,2.40133857687e-7,1.83115616892e-7,1.41736947512e-7,1.09661961289e-7,8.88759217332e-8,7.88576315358e-8,6.28327185836e-8],"dmean2":[0.00635939650238,0.00429993355647,0.00145129417069,0.00118371937424,0.00102620013058,0.00126410089433,0.000824513321277,0.000471518404083,0.000159393966896,0.000212705606828,0.000178450267413,0.000224480667384,0.000120350108773,0.000198584792088,0.000235966348555,0.000180848845048,0.000127878171043,0.000123394827824,0.0000822141737444,0.0000476979657833,0.0000218474087887,0.0000214572464756,0.0000125811702674,0.00000642760824121,0.0000047137968977,0.00000360137323696,0.00000230431942327,0.00000188526212241,0.00000142749274801,0.00000135659229272,8.36609672206e-7,4.88275361477e-7,4.19918819716e-7,3.71950392264e-7,2.82123352235e-7,2.17214491727e-7,1.68059727912e-7,1.35911449206e-7,1.20383148783e-7,9.69848130694e-8],"dvar":[0.0000411501823692,0.00000891017043614,9.84579628494e-7,7.61278272421e-7,6.17863975094e-7,0.00000235496690948,9.96108042273e-7,1.87556963738e-7,4.96646599402e-8,1.18635504975e-7,4.10985734334e-8,4.39109228978e-8,1.14992833034e-8,1.8770464294e-8,2.24619611799e-8,1.43853062795e-8,6.45811892852e-9,1.19199139448e-8,2.92220270204e-9,1.1063748806e-9,2.77093292755e-10,3.01934283131e-10,7.68311178567e-11,2.59021172566e-11,1.87404172042e-11,1.44249603581e-11,6.86849188636e-12,3.16388647052e-12,1.89157500427e-12,2.49337096109e-12,6.78573299981e-13,4.26246250752e-13,2.19971081823e-13,1.25312873142e-13,8.57989758884e-14,4.90263754073e-14,3.67970627926e-14,2.44563924505e-14,1.85507093356e-14,9.01606771826e-15],"dvar2":[0.000114007511002,0.0000245777064265,0.00000269576594292,0.00000209700760934,0.00000151975075369,0.00000569460689803,0.0000022019876269,4.55323117876e-7,1.17799345389e-7,2.82022767806e-7,1.05039454468e-7,1.10301058953e-7,2.90203860942e-8,4.9254982315e-8,5.92526454568e-8,3.77991327127e-8,1.71277090288e-8,2.72906817145e-8,7.92601628774e-9,3.01233527011e-9,7.27867488504e-10,8.15719713998e-10,2.12408826639e-10,7.01953078996e-11,5.1229499809e-11,3.50299303453e-11,1.58890661045e-11,7.25186317246e-12,4.33737247507e-12,5.79785221569e-12,1.59824866015e-12,8.60361152981e-13,4.64273910115e-13,2.87458641959e-13,1.9567691651e-13,1.04865111549e-13,7.66476929127e-14,5.43954258806e-14,3.89726465889e-14,2.01784999842e-14],"max":[0.111967623234,0.0472002886236,0.0094521054998,0.0110219968483,0.0175039060414,0.0225527323782,0.017971418798,0.00662331935018,0.00692917546257,0.00681736087427,0.00260385498405,0.00363549753092,0.00186378695071,0.00179410516284,0.00225687446073,0.0020747219678,0.00108222663403,0.00415580067784,0.000732989807148,0.000429767474998,0.000360222999007,0.000421744625783,0.000112333800644,0.0000896171695786,0.0000767016172176,0.000118259325973,0.0000894885451999,0.0000388717380702,0.0000253862162936,0.0000279655378108,0.0000227403852477,0.0000227265136346,0.0000106355191747,0.00000483886378788,0.00000529647877556,0.00000472676356367,0.0000055666478147,0.00000525528503204,0.00000543779151485,0.00000162547416949],"mean":[0.0039407168515,0.00306325871497,0.00114881410263,0.000880684237927,0.000941215606872,0.00114439439494,0.000793118029833,0.000452237232821,0.00015527252981,0.000183046853635,0.000167000514921,0.000207326113014,0.000128195912112,0.000198185734916,0.000251798599493,0.000218428191147,0.000156003283337,0.000153158413013,0.0000930425376282,0.0000569789735891,0.000026853656891,0.0000269696320174,0.0000148227518366,0.00000751396419219,0.00000551900711798,0.00000446978992841,0.00000299265366266,0.00000252996437666,0.00000193072560251,0.00000173290231942,0.00000106461766336,6.15605983967e-7,5.01083889048e-7,4.35621814177e-7,2.91544779429e-7,2.17702833538e-7,1.67573404042e-7,1.39685184308e-7,1.23007197317e-7,9.26510708155e-8],"median":[0.00224294909276,0.0021793411579,0.000790001417045,0.000585288042203,0.000666903739329,0.000647719483823,0.000413147470681,0.000284338049823,0.0000852868543006,0.0000712313703843,0.0000834733145894,0.00012267944112,0.0000939577148529,0.000157522794325,0.000207366902032,0.000184533550055,0.000131278473418,0.000102442121715,0.0000760785769671,0.0000445618425147,0.0000199500536837,0.0000185758181033,0.0000120983722809,0.00000571717328057,0.00000415524209529,0.00000339964208251,0.00000221968389269,0.00000191460139831,0.00000136169933285,9.66471361608e-7,7.93798449195e-7,4.26000070775e-7,3.23522954204e-7,2.82665581608e-7,1.66514325883e-7,1.16548477536e-7,8.60940545522e-8,7.62714478242e-8,6.6012660227e-8,5.005837167e-8],"min":[2.58400500849e-24,7.78265911618e-25,2.7343758993e-24,2.27974766823e-24,2.19740794466e-24,2.21001315307e-24,1.52885177876e-24,1.27803108736e-24,2.09162899424e-24,3.17068323028e-24,3.98204718168e-24,4.55986531222e-24,3.16689393692e-24,4.07563685062e-24,5.14208962535e-24,3.95413531071e-24,3.89961121709e-24,3.7219372587e-24,3.78329052117e-24,4.07539664247e-24,3.44374072731e-24,4.64015912503e-24,3.33973533341e-24,2.64533539399e-24,5.31721990175e-24,4.36239962258e-24,4.97448942072e-24,6.21638643849e-24,5.97719789557e-24,5.27384162386e-24,5.0085394184e-24,6.53002175719e-24,4.39166793989e-24,6.9568057621e-24,5.32736701957e-24,6.80195394413e-24,6.35246257806e-24,6.49607155041e-24,6.45574340321e-24,7.16936433301e-24],"var":[0.0000321253173752,0.00000899131282495,0.00000123245615669,8.53377514431e-7,8.98863106613e-7,0.00000316783848575,0.00000199564419745,3.50759336243e-7,7.94463730358e-8,1.80651895221e-7,6.014300169e-8,7.0871216451e-8,1.76687215969e-8,2.83478627239e-8,3.97668209473e-8,2.71588778133e-8,1.41859990421e-8,5.65762761084e-8,5.20719645181e-9,2.26210139509e-9,7.57147344821e-10,1.22407006753e-9,1.33447919382e-10,4.60661821189e-11,2.82065412693e-11,2.43610999429e-11,1.31016794636e-11,7.08422209783e-12,4.56303614685e-12,6.09547221725e-12,1.32956167777e-12,8.85414571522e-13,4.14774253355e-13,2.28444108248e-13,1.35402919346e-13,8.81697465689e-14,7.32967560344e-14,4.71044779788e-14,3.44014808231e-14,1.53331716762e-14]},"melbands_crest":{"dmean":4.5916390419,"dmean2":7.82218408585,"dvar":14.5746650696,"dvar2":39.3992919922,"max":31.4655723572,"mean":13.0484476089,"median":12.1969995499,"min":1.78575253487,"var":24.3382549286},"melbands_flatness_db":{"dmean":0.0302706230432,"dmean2":0.048610702157,"dvar":0.000654177798424,"dvar2":0.00165208033286,"max":0.506129562855,"mean":0.226994141936,"median":0.221012055874,"min":0.00320444162935,"var":0.00248764757998},"melbands_kurtosis":{"dmean":3.46864247322,"dmean2":5.89047765732,"dvar":29.9923286438,"dvar2":83.7058029175,"max":158.821899414,"mean":4.20925760269,"median":2.67368531227,"min":-1.79701590538,"var":35.1535491943},"melbands_skewness":{"dmean":0.652219057083,"dmean2":1.07657778263,"dvar":0.378489494324,"dvar2":1.00166523457,"max":9.13142108917,"mean":1.78328406811,"median":1.66388094425,"min":-0.431893229485,"var":0.743426859379},"melbands_spread":{"dmean":6.36091041565,"dmean2":10.355884552,"dvar":34.1723823547,"dvar2":86.4316253662,"max":196.436126709,"mean":23.1846847534,"median":21.4822502136,"min":0.700654685497,"var":210.803359985},"mfcc":{"cov":[[3988.47900391,481.012054443,-298.547637939,147.417007446,-48.3314437866,107.680984497,12.1552753448,14.1774711609,28.0969467163,70.7262649536,5.32746267319,-10.300239563,-8.97766590118],[481.012054443,717.089538574,-57.90417099,-15.9692964554,65.6305923462,-4.21908187866,-12.7969093323,-16.8368854523,5.05632066727,-12.0017299652,13.9782180786,25.8701896667,0.873447358608],[-298.547637939,-57.90417099,295.479248047,-61.9814453125,45.5968971252,-2.16378617287,2.1039814949,7.40565252304,-36.6214561462,-22.2893009186,3.80160665512,-2.87500596046,12.1359367371],[147.417007446,-15.9692964554,-61.9814453125,155.376968384,-1.39500415325,9.93871974945,20.2897434235,-2.33730888367,10.2968673706,3.32745599747,-3.18338227272,-0.318985462189,-10.4119386673],[-48.3314437866,65.6305923462,45.5968971252,-1.39500415325,109.264778137,30.9682216644,9.5968208313,1.35588514805,-18.3171348572,-19.6828727722,-5.96550321579,3.55831360817,6.03945350647],[107.680984497,-4.21908187866,-2.16378617287,9.93871974945,30.9682216644,87.0073242188,33.6952400208,6.77524471283,-4.18132734299,-10.4737939835,-5.46264600754,2.70032048225,12.8589744568],[12.1552753448,-12.7969093323,2.1039814949,20.2897434235,9.5968208313,33.6952400208,64.6715316772,23.5219192505,3.47693324089,-2.16299700737,-6.60772562027,-2.55213165283,2.90078687668],[14.1774711609,-16.8368854523,7.40565252304,-2.33730888367,1.35588514805,6.77524471283,23.5219192505,54.4915733337,27.1715908051,10.4016914368,0.377249360085,-9.38258361816,-5.9879283905],[28.0969467163,5.05632066727,-36.6214561462,10.2968673706,-18.3171348572,-4.18132734299,3.47693324089,27.1715908051,65.4322738647,35.7407341003,11.9603538513,0.796919941902,-11.7318191528],[70.7262649536,-12.0017299652,-22.2893009186,3.32745599747,-19.6828727722,-10.4737939835,-2.16299700737,10.4016914368,35.7407341003,59.7829666138,26.8156032562,3.98581051826,-5.85277318954],[5.32746267319,13.9782180786,3.80160665512,-3.18338227272,-5.96550321579,-5.46264600754,-6.60772562027,0.377249360085,11.9603538513,26.8156032562,46.0934677124,22.3314571381,3.15300369263],[-10.300239563,25.8701896667,-2.87500596046,-0.318985462189,3.55831360817,2.70032048225,-2.55213165283,-9.38258361816,0.796919941902,3.98581051826,22.3314571381,45.8207168579,20.1089954376],[-8.97766590118,0.873447358608,12.1359367371,-10.4119386673,6.03945350647,12.8589744568,2.90078687668,-5.9879283905,-11.7318191528,-5.85277318954,3.15300369263,20.1089954376,44.312210083]],"icov":[[0.000346870016074,-0.00029743349296,0.000184263510164,-0.000319980405038,0.000402757577831,-0.000730947882403,0.000440180592705,-0.000489861471578,0.000665547093377,-0.000814314058516,0.000297581922496,0.0000987289604382,0.0000153726014105],[-0.00029743349296,0.00190115789883,0.000421421602368,0.000691619061399,-0.00173048209399,0.00119576300494,-0.000568334246054,0.00108754076064,-0.00137922551949,0.00162773334887,-0.00103644805495,-0.000552912708372,0.000196873865207],[0.000184263510164,0.000421421602368,0.00471002794802,0.00144196930341,-0.0018885495374,0.000827509385999,-0.000383991806302,-0.00156029267237,0.00232637487352,0.000759921385907,-0.00217620725743,0.00114430079702,-0.000738708127756],[-0.000319980405038,0.000691619061399,0.00144196930341,0.00805383175611,-0.00123298144899,0.000988561427221,-0.00372090796009,0.00275969831273,-0.00189758720808,0.00131661526393,-0.000434650661191,-0.000625334505457,0.00190289935563],[0.000402757577831,-0.00173048209399,-0.0018885495374,-0.00123298144899,0.0132272951305,-0.00556099973619,0.0018342906842,-0.00274297245778,0.00351153803058,-0.000232813501498,0.0018449309282,-0.00168281816877,0.00119477778208],[-0.000730947882403,0.00119576300494,0.000827509385999,0.000988561427221,-0.00556099973619,0.0186991486698,-0.00964188948274,0.00310598663054,-0.00347795593552,0.00446419557557,-0.00227178563364,0.00145146041177,-0.0046117012389],[0.000440180592705,-0.000568334246054,-0.000383991806302,-0.00372090796009,0.0018342906842,-0.00964188948274,0.0258108377457,-0.0127407507971,0.00517055392265,-0.00352867343463,0.00472676195204,-0.00254552601837,0.000189623533515],[-0.000489861471578,0.00108754076064,-0.00156029267237,0.00275969831273,-0.00274297245778,0.00310598663054,-0.0127407507971,0.0331360064447,-0.0170960258693,0.00489679025486,-0.00413345359266,0.0077958595939,-0.00138380844146],[0.000665547093377,-0.00137922551949,0.00232637487352,-0.00189758720808,0.00351153803058,-0.00347795593552,0.00517055392265,-0.0170960258693,0.0345828384161,-0.0184677168727,0.00551260169595,-0.00667162239552,0.00631308509037],[-0.000814314058516,0.00162773334887,0.000759921385907,0.00131661526393,-0.000232813501498,0.00446419557557,-0.00352867343463,0.00489679025486,-0.0184677168727,0.0377817377448,-0.0213325507939,0.00804383866489,-0.00249844160862],[0.000297581922496,-0.00103644805495,-0.00217620725743,-0.000434650661191,0.0018449309282,-0.00227178563364,0.00472676195204,-0.00413345359266,0.00551260169595,-0.0213325507939,0.0442556887865,-0.0224278178066,0.00578510388732],[0.0000987289604382,-0.000552912708372,0.00114430079702,-0.000625334505457,-0.00168281816877,0.00145146041177,-0.00254552601837,0.0077958595939,-0.00667162239552,0.00804383866489,-0.0224278178066,0.0417289547622,-0.0174459498376],[0.0000153726014105,0.000196873865207,-0.000738708127756,0.00190289935563,0.00119477778208,-0.0046117012389,0.000189623533515,-0.00138380844146,0.00631308509037,-0.00249844160862,0.00578510388732,-0.0174459498376,0.0330386310816]],"mean":[-622.355651855,170.300323486,-23.4523429871,12.1463708878,14.4295005798,19.4069461823,0.872529029846,-5.28729963303,-3.93575739861,-0.600504279137,1.76095342636,5.52183532715,4.12901830673]},"pitch_salience":{"dmean":0.0808947086334,"dmean2":0.13801535964,"dvar":0.00518794311211,"dvar2":0.0145645458251,"max":0.920701265335,"mean":0.61754566431,"median":0.630611360073,"min":0.190421432257,"var":0.00882778316736},"silence_rate_20dB":{"dmean":0,"dmean2":0,"dvar":0,"dvar2":0,"max":1,"mean":1,"median":1,"min":1,"var":0},"silence_rate_30dB":{"dmean":0.0550711341202,"dmean2":0.11016754806,"dvar":0.0520383045077,"dvar2":0.116391919553,"max":1,"mean":0.949070870876,"median":1,"min":0,"var":0.0483353361487},"silence_rate_60dB":{"dmean":0.000458926107967,"dmean2":0.000918062869459,"dvar":0.00045871551265,"dvar2":0.000917220022529,"max":1,"mean":0.013994035311,"median":0,"min":0,"var":0.013798202388},"spectral_centroid":{"dmean":164.906616211,"dmean2":264.292022705,"dvar":33258.4570312,"dvar2":73112.671875,"max":11630.4628906,"mean":1061.61108398,"median":954.913024902,"min":266.151885986,"var":873218.375},"spectral_complexity":{"dmean":3.01560354233,"dmean2":5.00459051132,"dvar":6.22463035583,"dvar2":16.1670665741,"max":43,"mean":26.4792385101,"median":27,"min":0,"var":35.9811592102},"spectral_contrast_coeffs":{"dmean":[0.0575276203454,0.0568905323744,0.0398418046534,0.0292936023325,0.0213765315711,0.0212220028043],"dmean2":[0.0971990600228,0.0945783704519,0.0669752731919,0.0500947572291,0.0359396338463,0.0334248691797],"dvar":[0.00210662512109,0.00187871151138,0.000959054334089,0.000502479088027,0.000310641305987,0.000318775360938],"dvar2":[0.00600864365697,0.00508708693087,0.002613842953,0.0014488104498,0.00086016417481,0.000777420063969],"max":[-0.384974479675,-0.456708788872,-0.609974563122,-0.656249165535,-0.673042476177,-0.616404652596],"mean":[-0.686175763607,-0.71989262104,-0.79278844595,-0.794134557247,-0.803509712219,-0.77216142416],"median":[-0.687449932098,-0.723911464214,-0.795746564865,-0.795652031898,-0.803040623665,-0.772467553616],"min":[-0.976576566696,-0.974988102913,-0.972541868687,-0.968931078911,-0.967624843121,-0.964197635651],"var":[0.00451521063223,0.00503227766603,0.00229684100486,0.00126977975015,0.000892126525287,0.00200959783979]},"spectral_contrast_valleys":{"dmean":[0.423106968403,0.345929026604,0.285128951073,0.2248069942,0.216820165515,0.372212231159],"dmean2":[0.709045827389,0.569626688957,0.4726151824,0.373780727386,0.342250883579,0.563957452774],"dvar":[0.126505464315,0.0936005860567,0.0743139833212,0.0581296980381,0.0761775895953,0.11638841778],"dvar2":[0.317286938429,0.223578572273,0.165919050574,0.125446200371,0.164074838161,0.250782221556],"max":[-5.14545059204,-4.64419937134,-5.42711687088,-5.55702209473,-6.11461877823,-8.9347114563],"mean":[-6.56547451019,-6.19636583328,-6.60333871841,-6.56868124008,-7.58526992798,-10.6356048584],"median":[-6.35652208328,-5.99466896057,-6.38131427765,-6.31243133545,-7.32725143433,-10.5194196701],"min":[-28.390422821,-27.8116073608,-27.8066921234,-27.5445137024,-27.4912528992,-27.3794498444],"var":[3.82172751427,3.8425052166,3.69061160088,3.72458148003,3.42394328117,2.52750372887]},"spectral_decrease":{"dmean":5.05933739348e-9,"dmean2":8.33912761067e-9,"dvar":3.91191810388e-17,"dvar2":1.04772238251e-16,"max":3.00632940764e-9,"mean":-9.65177004986e-9,"median":-8.25050605613e-9,"min":-1.12085409398e-7,"var":4.64267592679e-17},"spectral_energy":{"dmean":0.0196779891849,"dmean2":0.0317116454244,"dvar":0.000524831877556,"dvar2":0.00139069114812,"max":0.460194706917,"mean":0.0617430284619,"median":0.0578577406704,"min":1.00167193939e-20,"var":0.000754076405428},"spectral_energyband_high":{"dmean":0.000375758681912,"dmean2":0.000556774612051,"dvar":2.52444777971e-7,"dvar2":4.87964200602e-7,"max":0.0104522472247,"mean":0.00138040818274,"median":0.00121347955428,"min":7.2032155977e-21,"var":0.0000010172649354},"spectral_energyband_low":{"dmean":0.0154353035614,"dmean2":0.026474237442,"dvar":0.000514701823704,"dvar2":0.00141030235682,"max":0.420122295618,"mean":0.0203103665262,"median":0.0146307358518,"min":3.18923842206e-23,"var":0.000451163825346},"spectral_energyband_middle_high":{"dmean":0.00284746964462,"dmean2":0.0045821564272,"dvar":0.00000745325360185,"dvar2":0.0000186257420864,"max":0.0429999157786,"mean":0.010930092074,"median":0.0103438543156,"min":1.11844683996e-21,"var":0.0000318649035762},"spectral_energyband_middle_low":{"dmean":0.00782272685319,"dmean2":0.0124747306108,"dvar":0.0000785882584751,"dvar2":0.000183725554962,"max":0.113648064435,"mean":0.0182873290032,"median":0.0149902515113,"min":1.99194699198e-22,"var":0.000161350268172},"spectral_entropy":{"dmean":0.138042151928,"dmean2":0.214606896043,"dvar":0.016367148608,"dvar2":0.0380824282765,"max":9.8176574707,"mean":7.50653553009,"median":7.51982688904,"min":5.94494962692,"var":0.110915623605},"spectral_flux":{"dmean":0.0298196449876,"dmean2":0.0473207421601,"dvar":0.000977026415057,"dvar2":0.00206547626294,"max":0.646055936813,"mean":0.154028907418,"median":0.150205299258,"min":6.35775529445e-11,"var":0.00221966160461},"spectral_kurtosis":{"dmean":4.52580547333,"dmean2":6.8305850029,"dvar":17.9591732025,"dvar2":41.342212677,"max":62.2720336914,"mean":23.9496879578,"median":23.4822807312,"min":-1.23993659019,"var":61.9575996399},"spectral_rms":{"dmean":0.00117166189011,"dmean2":0.00185958412476,"dvar":0.00000122248980006,"dvar2":0.00000315365014103,"max":0.0211889222264,"mean":0.00756314583123,"median":0.0075130937621,"min":3.12608511126e-12,"var":0.0000030359219636},"spectral_rolloff":{"dmean":5372.01025391,"dmean2":10321.3134766,"dvar":62872452,"dvar2":150003024,"max":21985.4003906,"mean":16705.5410156,"median":20650.3417969,"min":86.1328125,"var":60003704},"spectral_skewness":{"dmean":0.337879031897,"dmean2":0.512356519699,"dvar":0.0997146368027,"dvar2":0.233085900545,"max":6.4934425354,"mean":3.65036678314,"median":3.61941194534,"min":-0.052141238004,"var":0.436190992594},"spectral_spread":{"dmean":475731.21875,"dmean2":710500.5625,"dvar":431455764480,"dvar2":859403649024,"max":42034884,"mean":4378358,"median":3940601.75,"min":2290371.75,"var":10989823066100},"spectral_strongpeak":{"dmean":1.8391084671,"dmean2":3.41885375977,"dvar":60.2972373962,"dvar2":164.518859863,"max":126.37436676,"mean":2.41118431091,"median":0.32018366456,"min":0,"var":145.043716431},"zerocrossingrate":{"dmean":0.0350238159299,"dmean2":0.0470364913344,"dvar":0.000780768052209,"dvar2":0.00144146755338,"max":0.63623046875,"mean":0.301873087883,"median":0.29931640625,"min":0.125,"var":0.00415669009089}},"metadata":{"audio_properties":{"analysis_sample_rate":44100,"bit_rate":320000,"codec":"mp3","downmix":"mix","equal_loudness":0,"length":101.172241211,"lossless":false,"md5_encoded":"03516c67451e0f7a7972c92867714821","replay_gain":1.50079917908,"sample_rate":44100},"tags":{"acoustid_id":["a2702d50-b4af-4627-8883-6e56171ccd21"],"album":["Barely Legal"],"albumartist":["The Hives"],"artist":["The Hives"],"date":["1997"],"discnumber":["1/1"],"file_name":"09 - The Hives - What’s That Spell_… Go to Hell!.mp3","musicbrainz_albumartistid":["487bfd74-71bf-46dd-b89c-80b7a0f06f2f"],"musicbrainz_albumid":["81e118c6-f751-30d5-878b-16d10c9a4411"],"musicbrainz_artistid":["487bfd74-71bf-46dd-b89c-80b7a0f06f2f"],"musicbrainz_recordingid":["91345039-546d-4e38-b2bc-9bfafacd2356"],"musicbrainz_releasegroupid":["99dd78c1-74a5-3a3a-b6c4-f9935d43c1e0"],"replaygain_album_gain":["-0.17 dB"],"replaygain_album_peak":["0.321453"],"replaygain_track_gain":["+0.01 dB"],"replaygain_track_peak":["0.297554"],"title":["What’s That Spell?… Go to Hell!"],"tracknumber":["9/14"]},"version":{"essentia":"2.1-beta1","essentia_build_sha":"e76a03f03bb3900de42a1fa0d9be1e72f12def64","essentia_git_sha":"v2.1_beta1-28-g21ef5f4-dirty","extractor":"music 1.0"}},"rhythm":{"beats_count":266,"beats_loudness":{"dmean":0.0184536520392,"dmean2":0.0309666097164,"dvar":0.000201843620744,"dvar2":0.000581050815526,"max":0.127384677529,"mean":0.0630170553923,"median":0.0629867389798,"min":0,"var":0.000362933438737},"beats_loudness_band_ratio":{"dmean":[0.148042172194,0.0889096036553,0.0809494629502,0.0581544190645,0.0291446465999,0.0941973030567],"dmean2":[0.256815761328,0.154372245073,0.145387902856,0.102361351252,0.0504510998726,0.163868352771],"dvar":[0.0128624467179,0.00644224695861,0.00906617101282,0.0025636840146,0.00106658646837,0.00485146231949],"dvar2":[0.0399976074696,0.0183494277298,0.0273871589452,0.00789892021567,0.0026556039229,0.0137221990153],"max":[0.727350652218,0.499497830868,0.550454854965,0.379405766726,0.343909651041,0.606644690037],"mean":[0.328008323908,0.174918159842,0.105718940496,0.12116760760