{"lowlevel":{"average_loudness":0.951380729675,"barkbands":{"dmean":[0.0104065611959,0.0229097064584,0.00388813111931,0.00210631242953,0.00300103379413,0.00100554770324,0.000720506592188,0.000643768929876,0.000898051483091,0.00159940810408,0.00141067220829,0.00212440569885,0.00104639702477,0.000517497770488,0.000406352424761,0.000265460344963,0.00014917954104,0.000120129341667,0.0000748760794522,0.000050315669796,0.0000388371154258,0.0000182700550795,0.0000108541462396,0.00000542817178939,0.00000471061366625,0.00000725673635316,0.000192122868611],"dmean2":[0.0173960216343,0.0375572890043,0.00639226101339,0.00350439827889,0.00498037412763,0.00161684036721,0.0011700373143,0.0010593959596,0.00146963738371,0.00261278729886,0.00232915603556,0.00354537367821,0.00176391098648,0.000876728328876,0.000692455272656,0.000449726154329,0.000253984093433,0.000201804039534,0.000118856594781,0.0000788977631601,0.000058372712374,0.0000278940642602,0.0000164955745277,0.00000882469612407,0.00000788016586739,0.0000111940235001,0.000305006018607],"dvar":[0.000214920466533,0.000768868660089,0.000026114490538,0.00000783611812949,0.0000321959305438,0.00000312113388645,0.00000232710112869,0.00000136931885208,0.00000216379044105,0.00000701175713402,0.00000713088820703,0.00000669832297717,0.00000161762864082,4.1232360104e-7,2.39463645357e-7,1.03688222453e-7,3.83981593188e-8,3.3649140363e-8,1.4363166656e-8,1.06761257612e-8,5.30241628383e-9,9.59349932828e-10,2.07428185739e-10,5.75708300476e-11,5.06182040727e-11,7.91361837171e-11,4.30654338857e-8],"dvar2":[0.000582034874242,0.00211716932245,0.0000708388688508,0.0000203391246032,0.0000845352915348,0.00000730913961888,0.00000550149206902,0.0000034848658288,0.00000516857380717,0.0000186905654118,0.000018721089873,0.0000176315388671,0.00000449850540463,0.00000110953897092,6.70750068821e-7,2.83095431541e-7,1.03369352189e-7,9.03526711227e-8,3.31391518671e-8,2.25707026402e-8,1.02917727673e-8,2.11067563427e-9,4.59616317228e-10,1.43116032914e-10,1.27321916898e-10,1.79575687653e-10,1.0481802093e-7],"max":[0.173124030232,0.288426280022,0.09232416749,0.0443963557482,0.0735105425119,0.0418019481003,0.03599851951,0.0211684368551,0.0336350947618,0.0710326582193,0.0948669984937,0.0509149283171,0.0228631161153,0.00906084291637,0.00695690419525,0.00508172577247,0.00361238489859,0.00249235006049,0.00341353705153,0.00358979962766,0.00206371652894,0.000702181481756,0.000252773490502,0.0000926278007682,0.0000883582033566,0.000103046018921,0.00410157255828],"mean":[0.018808927387,0.0375797338784,0.0062293917872,0.00324909738265,0.00431775674224,0.00150982779451,0.00102406763472,0.000942467479035,0.00147655780893,0.00254141842015,0.00232157087885,0.00393308652565,0.00187106011435,0.000935819989536,0.000817627063952,0.000518684217241,0.000296587793855,0.00022951689607,0.00016909223632,0.000104221035144,0.0000853455348988,0.0000303268770949,0.0000153112705448,0.00000618154626864,0.00000477119374409,0.0000102152862382,0.000709724263288],"median":[0.0141476802528,0.0296793617308,0.00373421725817,0.00179402215872,0.00204963283613,0.000765649136156,0.000462612777483,0.000502690672874,0.000854816986248,0.00147853465751,0.00148831913248,0.00314764701761,0.00147725932766,0.000738634495065,0.000626803725027,0.000388654181734,0.000220515503315,0.000138271047035,0.000101016907138,0.0000547393647139,0.00004323021858,0.0000159852461366,0.00000817355976324,0.00000306961214847,0.00000205046535484,0.00000600531711825,0.000640676298644],"min":[3.89015790243e-24,9.17686624209e-24,2.79111136725e-23,1.07258498498e-23,3.15620566052e-23,1.50879840206e-23,3.01975638974e-23,3.37605078184e-23,6.56809060675e-23,1.78302617424e-23,1.15007920932e-23,6.18395636667e-23,6.42158146617e-23,4.75237545655e-23,8.93144719686e-23,1.88761641384e-22,9.34160942918e-23,4.09313493723e-22,2.29270090629e-22,3.43602465791e-22,5.61520229527e-22,4.57282042777e-22,7.49531657879e-22,8.63742864006e-22,1.02402485966e-21,1.53788163367e-21,2.69509357814e-21],"var":[0.000338221201673,0.00116028112825,0.0000525140858372,0.0000174068318302,0.000042097610276,0.00000523249082107,0.00000352704660145,0.00000191801746041,0.00000433814284406,0.0000109996390165,0.000011212069694,0.000011996995454,0.00000278141510535,6.98945711974e-7,5.34299545052e-7,2.22475051714e-7,7.52178834773e-8,6.51915783578e-8,4.60617428644e-8,3.28813811734e-8,1.84683557336e-8,2.05941086406e-9,3.77690295705e-10,7.11807487952e-11,5.5481216843e-11,1.3949616462e-10,2.44536977334e-7]},"barkbands_crest":{"dmean":3.05792975426,"dmean2":4.99341630936,"dvar":6.72113704681,"dvar2":18.2018566132,"max":25.1471557617,"mean":11.6858863831,"median":11.4281387329,"min":2.69435119629,"var":16.0436000824},"barkbands_flatness_db":{"dmean":0.0288564544171,"dmean2":0.0462180376053,"dvar":0.000604938541073,"dvar2":0.00158713269047,"max":0.45386454463,"mean":0.167019173503,"median":0.162474885583,"min":0.0232590753585,"var":0.00233543594368},"barkbands_kurtosis":{"dmean":5.5952630043,"dmean2":9.06538105011,"dvar":193.85987854,"dvar2":479.969024658,"max":598.601257324,"mean":9.34075546265,"median":4.48348331451,"min":-1.91683506966,"var":373.048950195},"barkbands_skewness":{"dmean":0.727224349976,"dmean2":1.17396485806,"dvar":0.55560451746,"dvar2":1.36456906796,"max":17.2043380737,"mean":2.29566216469,"median":2.00845766068,"min":-1.95265853405,"var":2.30942249298},"barkbands_spread":{"dmean":5.22461700439,"dmean2":8.43845272064,"dvar":26.4313564301,"dvar2":64.204246521,"max":138.158081055,"mean":21.1238079071,"median":20.3410720825,"min":0.254993259907,"var":146.68170166},"dissonance":{"dmean":0.0177815388888,"dmean2":0.0305182840675,"dvar":0.000410307344282,"dvar2":0.00107740145177,"max":0.500000059605,"mean":0.473730772734,"median":0.481562197208,"min":0,"var":0.000720024574548},"dynamic_complexity":2.05037379265,"erbbands":{"dmean":[1.20643305779,3.412348032,4.3359746933,6.07076787949,7.48429012299,11.1599760056,10.0495662689,8.65565109253,9.55870437622,10.7923240662,16.460269928,18.9252357483,31.8593597412,56.5591087341,66.6332092285,85.0639801025,51.3345489502,24.5784759521,21.6795539856,17.5211734772,12.0227804184,8.08403015137,6.88268136978,4.7796664238,3.1831805706,2.43605494499,1.80788719654,1.25357365608,0.700594544411,0.465293526649,0.284596472979,0.144351199269,0.078670822084,0.0528013259172,0.0335076823831,0.0194010995328,0.0142611283809,0.0114510338753,0.00749768642709,0.00608141068369],"dmean2":[1.99837112427,5.55326795578,7.11142063141,9.90975475311,12.6907739639,18.6396808624,15.8274917603,14.1331758499,15.5786056519,17.4114131927,27.2661304474,31.0614891052,51.7537994385,92.5600509644,110.587257385,141.795318604,85.9480133057,41.7221832275,36.6678237915,29.6142864227,20.4923343658,13.6972541809,11.612455368,7.77228116989,5.01499080658,3.78840947151,2.72778987885,1.88156974316,1.06661915779,0.711172580719,0.433685868979,0.227009564638,0.131298497319,0.0883822366595,0.0559894070029,0.0322463922203,0.0217376146466,0.0162561926991,0.0102006420493,0.00947664026171],"dvar":[2.32256436348,19.4849300385,31.8096580505,58.3347396851,170.774398804,539.061462402,448.907501221,286.857086182,396.480804443,528.460021973,986.712524414,950.433410645,2678.37915039,9691.25488281,15120.3886719,11715.0175781,3956.54003906,936.914672852,653.091186523,464.964630127,231.335144043,108.099662781,112.652816772,49.2754554749,30.0642166138,23.9522361755,13.4461898804,5.51348781586,1.66106784344,0.441859871149,0.142479658127,0.0375619530678,0.0138811646029,0.00643218308687,0.0025265540462,0.000793596904259,0.000315015320666,0.00028641166864,0.000280414504232,0.000035703429603],"dvar2":[6.47316837311,52.8248291016,87.0759811401,149.034957886,463.852203369,1410.28356934,1010.95678711,693.513244629,957.189880371,1278.82641602,2534.88427734,2342.2043457,6636.68945312,25632.9492188,39798.9414062,31092.8769531,10934.8886719,2503.12768555,1817.91223145,1286.79382324,625.970947266,288.960723877,305.056762695,118.798751831,65.7191009521,51.174949646,26.905412674,11.0978240967,3.63570261002,1.01323664188,0.312374919653,0.0883287936449,0.0349119268358,0.0161877200007,0.00635199341923,0.00199181376956,0.000696050410625,0.000514144543558,0.000405316415709,0.0000857481572893],"max":[16.5015830994,61.3125610352,97.1998901367,140.887084961,207.022903442,312.77835083,525.659851074,377.794647217,464.185058594,925.442321777,642.934204102,752.804931641,793.042358398,2719.26367188,4324.27246094,1974.65246582,1232.31811523,449.517974854,399.549560547,327.754974365,206.803161621,206.042312622,153.281738281,178.089324951,193.440933228,173.304992676,97.8055343628,73.4211730957,29.8349018097,12.3829479218,6.85957622528,2.3943104744,1.47143769264,0.998875916004,0.622430384159,0.343835562468,0.214202925563,0.497842043638,0.617564082146,0.107720807195],"mean":[1.95220899582,5.18526411057,7.41482114792,10.5478134155,10.6179151535,14.5298490524,15.0473451614,12.8401737213,13.9037380219,16.498878479,25.1911220551,31.5343742371,52.8944816589,96.0479888916,122.386367798,159.207977295,98.9204864502,50.2636604309,46.2777709961,38.1938705444,24.6783027649,17.0571269989,13.3227710724,10.5267429352,7.18619251251,5.05837488174,3.9950158596,2.54894661903,1.17748737335,0.709883391857,0.40178245306,0.182698741555,0.0812516361475,0.0531445518136,0.0343696661294,0.0210858192295,0.020346827805,0.0217364151031,0.0238342452794,0.0300830639899],"median":[1.53339910507,3.59629869461,4.90645503998,6.53583526611,5.93521690369,5.89995718002,6.6946811676,6.32985115051,6.77939844131,8.27723121643,13.2627925873,19.116065979,31.428068161,57.8413887024,88.6965332031,126.742996216,79.7321929932,41.5795707703,37.9387435913,29.8225250244,18.8487968445,13.102481842,8.43486022949,6.47473669052,4.18699932098,2.68516755104,2.01700520515,1.27744340897,0.609819054604,0.395293414593,0.214087754488,0.0875574052334,0.036884970963,0.0224865600467,0.0151335876435,0.0104416357353,0.011448469013,0.0129570951685,0.0163670983166,0.028928373009],"min":[3.62651676982e-22,1.97394899789e-21,1.90340963635e-20,5.26528926535e-20,6.25076801334e-20,1.17395243217e-19,1.33042398479e-19,9.79734560246e-20,2.98860432864e-19,5.2186013175e-19,1.27023126654e-18,1.33271059635e-18,6.29511329523e-19,5.66241266746e-19,1.03606491373e-18,2.27782524397e-18,2.8279692141e-18,2.22632415185e-18,3.65917240597e-18,7.73706198366e-18,7.96547715646e-18,5.86873643104e-18,2.03029727728e-17,1.48450249873e-17,1.28019318877e-17,1.49226856663e-17,2.58702341306e-17,1.7287042481e-17,1.91485446207e-17,2.0224868725e-17,1.99248536256e-17,1.91514761488e-17,1.38174615257e-17,1.09974373814e-17,7.71809804093e-18,6.07717436488e-18,2.67307240657e-18,1.05243212971e-18,3.52065206851e-19,4.04813564548e-20],"var":[3.37501430511,27.6282653809,62.8991966248,152.969985962,224.247497559,621.621948242,759.234680176,449.457641602,577.949829102,795.075195312,1441.06518555,1799.02709961,4545.22363281,15878.9277344,24234.3183594,20747.7539062,7262.05859375,1769.70385742,1442.47631836,1129.00476074,474.864379883,232.819229126,205.762557983,145.046707153,99.420753479,72.9932250977,44.5414237976,16.9609165192,3.56171917915,0.797757446766,0.264356642962,0.0582154840231,0.0152063593268,0.00700266798958,0.0027898370754,0.000902244471945,0.000593301607296,0.000887053494807,0.00133661204018,0.000261929351836]},"erbbands_crest":{"dmean":2.76335406303,"dmean2":4.60800743103,"dvar":5.84359645844,"dvar2":15.492682457,"max":28.9365444183,"mean":9.16068935394,"median":8.49771022797,"min":2.34569954872,"var":12.0534210205},"erbbands_flatness_db":{"dmean":0.0242896359414,"dmean2":0.0380480848253,"dvar":0.000437771115685,"dvar2":0.00107660610229,"max":0.400810778141,"mean":0.166294336319,"median":0.162860125303,"min":0.0341349057853,"var":0.00169238157105},"erbbands_kurtosis":{"dmean":1.25395584106,"dmean2":2.02112698555,"dvar":1.85578632355,"dvar2":4.74381065369,"max":23.3100738525,"mean":1.85837125778,"median":1.45131874084,"min":-1.62269198895,"var":4.47333669662},"erbbands_skewness":{"dmean":0.336318343878,"dmean2":0.530887842178,"dvar":0.0932388231158,"dvar2":0.227779939771,"max":2.7150220871,"mean":-0.449305474758,"median":-0.46046859026,"min":-3.02926564217,"var":0.305710703135},"erbbands_spread":{"dmean":5.43562412262,"dmean2":8.56547737122,"dvar":29.5686264038,"dvar2":65.6042556763,"max":120.300514221,"mean":21.6255264282,"median":19.3826198578,"min":2.27408623695,"var":130.891159058},"gfcc":{"cov":[[9581.28125,944.300476074,-395.152557373,117.026489258,112.58039093,-225.474533081,232.946395874,-125.465560913,-47.0205841064,-90.5376434326,56.3864974976,-15.1858434677,39.3306388855],[944.300476074,794.800964355,-49.0992660522,-312.482513428,134.317077637,-23.5680980682,48.40102005,-56.4952354431,45.9325942993,-63.593662262,38.034866333,-53.2712211609,56.4962539673],[-395.152557373,-49.0992660522,295.479156494,49.928352356,-69.8377075195,126.370246887,-105.205566406,71.3650360107,-15.5950174332,33.7611083984,-6.04566478729,-7.33224964142,-9.98588657379],[117.026489258,-312.482513428,49.928352356,423.313323975,61.1876373291,-83.9946975708,92.0105895996,-29.3213863373,1.49555897713,18.62200737,-20.6555023193,40.5262832642,-50.6248817444],[112.58039093,134.317077637,-69.8377075195,61.1876373291,251.351531982,-11.328915596,99.6218643188,-30.8125400543,26.8336219788,-24.9727802277,11.7724647522,-13.1025543213,27.9044952393],[-225.474533081,-23.5680980682,126.370246887,-83.9946975708,-11.328915596,224.186203003,-56.7495918274,83.4607391357,-24.3416404724,8.04234027863,1.94190919399,-14.5033626556,15.5151138306],[232.946395874,48.40102005,-105.205566406,92.0105895996,99.6218643188,-56.7495918274,212.34765625,-34.2559242249,44.4224281311,-24.8998451233,-6.73640298843,15.4400997162,-21.3938789368],[-125.465560913,-56.4952354431,71.3650360107,-29.3213863373,-30.8125400543,83.4607391357,-34.2559242249,119.587600708,10.6639404297,30.2142047882,3.97948145866,-19.0212478638,8.91979885101],[-47.0205841064,45.9325942993,-15.5950174332,1.49555897713,26.8336219788,-24.3416404724,44.4224281311,10.6639404297,92.8723297119,19.5587387085,9.53489112854,8.53069782257,-22.1146030426],[-90.5376434326,-63.593662262,33.7611083984,18.62200737,-24.9727802277,8.04234027863,-24.8998451233,30.2142047882,19.5587387085,65.9825744629,27.0062503815,6.08140850067,6.89045381546],[56.3864974976,38.034866333,-6.04566478729,-20.6555023193,11.7724647522,1.94190919399,-6.73640298843,3.97948145866,9.53489112854,27.0062503815,47.7555503845,18.0772857666,17.4555225372],[-15.1858434677,-53.2712211609,-7.33224964142,40.5262832642,-13.1025543213,-14.5033626556,15.4400997162,-19.0212478638,8.53069782257,6.08140850067,18.0772857666,57.2542724609,9.77582168579],[39.3306388855,56.4962539673,-9.98588657379,-50.6248817444,27.9044952393,15.5151138306,-21.3938789368,8.91979885101,-22.1146030426,6.89045381546,17.4555225372,9.77582168579,82.5105209351]],"icov":[[0.000187996512977,-0.000698008865584,0.000772735511418,-0.000836930877995,0.000464329204988,-0.000393979455112,0.000243852715357,-0.000337248697178,0.000344139582012,-0.000257251202129,0.000139889438287,-0.00016279357078,0.0000884902910911],[-0.000698008865584,0.00719738611951,-0.00642716092989,0.00693587772548,-0.00300211552531,0.00378816830926,-0.00337002566084,0.00393771287054,-0.00396326743066,0.00641012191772,-0.00691731180996,0.00586486188695,-0.00294327666052],[0.000772735511418,-0.00642716092989,0.0130041576922,-0.009242429398,0.00453318003565,-0.00760376267135,0.00598975503817,-0.00368125131354,0.0013887330424,-0.00506204552948,0.00522609008476,-0.00292457523756,0.00181908684317],[-0.000836930877995,0.00693587772548,-0.009242429398,0.0133870113641,-0.00738085713238,0.00754518900067,-0.0052133789286,0.00186399475206,0.00189830653835,-0.00105002545752,0.00102264445741,-0.00319167342968,0.00302734225988],[0.000464329204988,-0.00300211552531,0.00453318003565,-0.00738085713238,0.0111741237342,-0.00514437910169,-0.000568657298572,0.00206029671244,-0.00475037563592,0.00510011985898,-0.00628298195079,0.00852172262967,-0.00670709740371],[-0.000393979455112,0.00378816830926,-0.00760376267135,0.00754518900067,-0.00514437910169,0.0121740968898,-0.00261733075604,-0.00399112002924,0.00326062389649,0.00171108031645,-0.000888358743396,-0.00228456035256,0.00169619079679],[0.000243852715357,-0.00337002566084,0.00598975503817,-0.0052133789286,-0.000568657298572,-0.00261733075604,0.0107027608901,-0.00223611248657,-0.00182056007907,-0.000358989083907,0.00415032124147,-0.00448329281062,0.0026139607653],[-0.000337248697178,0.00393771287054,-0.00368125131354,0.00186399475206,0.00206029671244,-0.00399112002924,-0.00223611248657,0.0182182472199,-0.00774523150176,0.000973628717475,-0.00562316086143,0.0118707502261,-0.00670692091808],[0.000344139582012,-0.00396326743066,0.0013887330424,0.00189830653835,-0.00475037563592,0.00326062389649,-0.00182056007907,-0.00774523150176,0.0234798192978,-0.0148603478447,0.00973959639668,-0.0142176831141,0.0123992664739],[-0.000257251202129,0.00641012191772,-0.00506204552948,-0.00105002545752,0.00510011985898,0.00171108031645,-0.000358989083907,0.000973628717475,-0.0148603478447,0.0413811244071,-0.0303681977093,0.0172677524388,-0.0108282454312],[0.000139889438287,-0.00691731180996,0.00522609008476,0.00102264445741,-0.00628298195079,-0.000888358743396,0.00415032124147,-0.00562316086143,0.00973959639668,-0.0303681977093,0.0529933087528,-0.0272687915713,0.00707183685154],[-0.00016279357078,0.00586486188695,-0.00292457523756,-0.00319167342968,0.00852172262967,-0.00228456035256,-0.00448329281062,0.0118707502261,-0.0142176831141,0.0172677524388,-0.0272687915713,0.0428650788963,-0.0157110001892],[0.0000884902910911,-0.00294327666052,0.00181908684317,0.00302734225988,-0.00670709740371,0.00169619079679,0.0026139607653,-0.00670692091808,0.0123992664739,-0.0108282454312,0.00707183685154,-0.0157110001892,0.0241154488176]],"mean":[22.5765419006,114.109695435,-98.8337783813,-8.26641654968,4.14296579361,2.7972445488,10.3293266296,-14.7980298996,-3.98825645447,-9.45968055725,-0.562554895878,-0.977175295353,-1.50571191311]},"hfc":{"dmean":74.0071258545,"dmean2":113.849243164,"dvar":6031.58154297,"dvar2":13874.9570312,"max":1226.72363281,"mean":283.119415283,"median":257.353271484,"min":1.18311682718e-16,"var":27267.7792969},"melbands":{"dmean":[0.00837220810354,0.00272964523174,0.000988726853393,0.000673421018291,0.000383788748877,0.000188046658877,0.00014616351109,0.000115836061013,0.000150072708493,0.000120407064969,0.000165971956449,0.000238336113398,0.000199430971406,0.0002498535614,0.000173041946255,0.0000875635596458,0.0000490287493449,0.0000388487060263,0.0000306010188069,0.0000221155096369,0.0000137788829306,0.00000922706567508,0.00000700632108419,0.00000621387789579,0.0000041076477828,0.00000273160458164,0.00000221302798309,0.00000156917269578,0.00000126622489915,0.00000100242107237,7.07394917754e-7,4.285390105e-7,3.15488421165e-7,2.48762972888e-7,1.81020865853e-7,1.21913444673e-7,7.64828200772e-8,5.58674067008e-8,4.85724491739e-8,4.31480238205e-8],"dmean2":[0.0138090765104,0.00443197274581,0.00162018055562,0.00114064302761,0.000605367415119,0.000305950030452,0.000237856278545,0.000186568577192,0.00024847019813,0.000197560832021,0.000269781972747,0.00039073775406,0.000330583949108,0.000417956791352,0.000289299758151,0.000148317412823,0.0000833471567603,0.0000659627548885,0.0000520601643075,0.0000375537420041,0.0000235464904108,0.0000156356018124,0.000011835447367,0.0000105614199128,0.00000668840311846,0.00000437503877038,0.0000035938178371,0.00000245018395617,0.00000196003020392,0.0000015054861251,0.00000109653728941,6.65790878429e-7,4.88412354116e-7,3.8388859025e-7,2.79414166471e-7,1.87923191675e-7,1.23192009482e-7,9.35647435085e-8,8.13591753968e-8,7.22182704749e-8],"dvar":[0.00010758145072,0.0000110079727165,0.00000145945057284,0.00000186191289231,6.26590292541e-7,1.22139240943e-7,9.21318985547e-8,5.34369384297e-8,7.98159192072e-8,3.72036907947e-8,7.09704721658e-8,1.78089095471e-7,1.41280409593e-7,8.85397994921e-8,5.23188568025e-8,1.16427862906e-8,3.86834253518e-9,2.123826226e-9,1.44101564015e-9,7.66800900553e-10,3.33046590306e-10,1.38237948866e-10,9.15612377583e-11,1.00910842182e-10,3.79518361182e-11,2.45524139214e-11,1.83770984541e-11,1.08823765971e-11,7.66237680944e-12,4.06042300477e-12,1.80887954355e-12,6.79376043269e-13,2.64025129884e-13,1.20450944683e-13,6.0965257365e-14,2.81218157214e-14,1.12124673492e-14,7.04513682296e-15,5.45452837967e-15,4.28968316489e-15],"dvar2":[0.000298998522339,0.0000299827734125,0.00000384103304896,0.00000503201590618,0.00000144751925291,2.93621866376e-7,2.20250214511e-7,1.30173546609e-7,2.052280621e-7,9.1357627241e-8,1.77248551836e-7,4.72319811706e-7,3.72415570382e-7,2.40524315132e-7,1.3581409064e-7,3.21300035466e-8,1.03210222591e-8,5.87984683165e-9,4.0513050692e-9,2.07980699329e-9,9.08992436877e-10,3.71000369315e-10,2.46567516404e-10,2.76770911745e-10,9.35708038829e-11,5.95071700249e-11,4.27066819408e-11,2.35504810098e-11,1.70143621414e-11,8.43239193749e-12,4.06927573235e-12,1.53514874424e-12,6.16619006289e-13,2.79902620179e-13,1.38012187399e-13,6.32131676105e-14,2.74102860228e-14,1.77254840986e-14,1.37298230104e-14,1.0795466253e-14],"max":[0.110312648118,0.047077678144,0.0201745219529,0.0189259480685,0.0160848144442,0.00772800669074,0.00671903090551,0.00843425095081,0.00585791142657,0.00406031310558,0.0037656435743,0.0118986722082,0.0142869651318,0.0051851705648,0.00626768125221,0.00194043747615,0.000961924088188,0.000747079437133,0.00065662804991,0.000468739250209,0.000238124106545,0.000206207274459,0.000175585577381,0.000130260930746,0.000154105378897,0.00018883033772,0.000143499521073,0.000120933036669,0.000072415714385,0.0000569381918467,0.0000435914298578,0.0000206619406526,0.00000943808845477,0.00000637990433461,0.00000511999860464,0.00000239238943323,0.00000133880348585,0.00000104690059288,9.21293349165e-7,8.15086934836e-7],"mean":[0.0147280562669,0.00480132456869,0.00177504052408,0.000911544309929,0.000576136400923,0.000283398578176,0.000213431078009,0.000177275098395,0.000225524403504,0.000197233006475,0.00026583057479,0.000385227001971,0.00035116210347,0.000460183800897,0.000322004925692,0.000156034060637,0.0000879132712726,0.0000759182512411,0.0000600188759563,0.0000432101733168,0.000025200912205,0.0000180230908882,0.0000131915821839,0.0000109798047561,0.00000839286349219,0.00000567965571463,0.00000437909420725,0.00000300664623865,0.00000255831537288,0.00000205777337214,0.00000127044154397,6.83857763306e-7,4.79887148686e-7,3.56596359552e-7,2.47693748179e-7,1.61770799423e-7,8.89080595812e-8,5.61037794e-8,4.83509339233e-8,4.33289883972e-8],"median":[0.0121584646404,0.00358191784471,0.00118694105186,0.000423678022344,0.000253232225077,0.000142590579344,0.000102433579741,0.0000894296535989,0.000114312795631,0.000117715586384,0.000152896449436,0.000223314855248,0.000241348869167,0.000365423795301,0.000253112637438,0.000122612837004,0.0000682604804751,0.0000612432413618,0.0000455919689557,0.0000320489416481,0.0000183592601388,0.0000134113324748,0.0000090141002147,0.00000643229304842,0.00000498604458699,0.00000329771091856,0.00000237481162912,0.00000153459382091,0.00000124659982248,0.00000101805892427,6.17425712335e-7,3.47623370089e-7,2.51855453826e-7,1.96560307586e-7,1.31283997007e-7,7.34650171808e-8,4.18677856828e-8,2.44118147918e-8,2.00663059502e-8,1.8223035525e-8],"min":[2.84049011561e-24,8.10679141252e-24,8.11694641895e-24,8.12022176943e-24,3.905643242e-24,2.14765784003e-24,5.2049839276e-24,4.8688712007e-24,1.26055783803e-23,7.98577857193e-24,2.93987219296e-24,2.27618813061e-24,2.60244285721e-24,5.16867305456e-24,7.26401186442e-24,6.50068717556e-24,3.75185599182e-24,5.19051187986e-24,8.66622868953e-24,1.30487430819e-23,8.26907035591e-24,3.4663928682e-24,1.63922030221e-23,1.92488987073e-23,1.10717251248e-23,8.66808882355e-24,9.26320627931e-24,1.01421235455e-23,1.77423400391e-23,1.23201101291e-23,8.90790096101e-24,1.03316828767e-23,9.91896268399e-24,1.2530343138e-23,1.20275476517e-23,1.1708717684e-23,1.06098991296e-23,9.0607609052e-24,8.80663567547e-24,1.02770353263e-23],"var":[0.000161206655321,0.0000193472642422,0.00000349019956047,0.00000206799063562,0.00000103746026525,1.96354932314e-7,1.37825793445e-7,8.34225275526e-8,1.27470315192e-7,6.93946162755e-8,1.19178608315e-7,2.81645498035e-7,2.23855565196e-7,1.64028236327e-7,9.20901968016e-8,1.98558272047e-8,6.59456089735e-9,4.1193950473e-9,3.03699021487e-9,1.65351721204e-9,5.74023772959e-10,2.83922940714e-10,1.75745237807e-10,1.63436333911e-10,1.01072449021e-10,6.35137845095e-11,4.91620598397e-11,2.9608648866e-11,2.00817123347e-11,1.24840806096e-11,4.35567337406e-12,1.3832650303e-12,4.50514354555e-13,2.01374371822e-13,1.03617770831e-13,4.9347058693e-14,1.50086377788e-14,7.65522035004e-15,5.91428812256e-15,4.67679373893e-15]},"melbands_crest":{"dmean":4.68331766129,"dmean2":7.74958992004,"dvar":15.9833936691,"dvar2":42.7902145386,"max":37.9939842224,"mean":21.048784256,"median":21.3366184235,"min":2.25083422661,"var":49.8797111511},"melbands_flatness_db":{"dmean":0.0363268889487,"dmean2":0.0582733117044,"dvar":0.000920022896025,"dvar2":0.00241496693343,"max":0.614171147346,"mean":0.284869879484,"median":0.281736433506,"min":0.0100085614249,"var":0.0038116783835},"melbands_kurtosis":{"dmean":8.57762432098,"dmean2":13.7576713562,"dvar":374.311004639,"dvar2":820.4765625,"max":697.56048584,"mean":13.5644340515,"median":5.95444631577,"min":-1.80245423317,"var":906.69354248},"melbands_skewness":{"dmean":0.937409698963,"dmean2":1.51148796082,"dvar":0.885603368282,"dvar2":2.11008572578,"max":22.8446388245,"mean":2.8480360508,"median":2.48464202881,"min":-1.35779047012,"var":3.74072694778},"melbands_spread":{"dmean":5.59604406357,"dmean2":9.25630092621,"dvar":32.3877334595,"dvar2":80.8300552368,"max":249.810791016,"mean":17.9189510345,"median":16.2929267883,"min":0.275026470423,"var":207.829208374},"mfcc":{"cov":[[6088.10839844,753.418823242,-474.436248779,370.003234863,-176.145126343,107.272590637,36.7408943176,50.3989830017,-46.9806938171,-32.2919273376,-58.8652763367,3.12656164169,41.191570282],[753.418823242,1144.99584961,-188.30380249,-254.933792114,46.7647781372,10.7915210724,28.2166042328,4.5402431488,36.832572937,-17.478017807,2.84428262711,-12.5043182373,13.6033630371],[-474.436248779,-188.30380249,439.214874268,-133.716842651,66.4978866577,-43.5714759827,-23.3232707977,-19.1463108063,-16.6370563507,17.4052429199,14.2229099274,15.9301214218,-12.2121734619],[370.003234863,-254.933792114,-133.716842651,517.370544434,-68.3604202271,86.9421539307,-4.53498077393,31.9089870453,-16.6709289551,16.3182926178,-9.6807384491,-2.03336501122,14.8455886841],[-176.145126343,46.7647781372,66.4978866577,-68.3604202271,192.374176025,7.0310049057,39.2332267761,-17.1705226898,27.424489975,0.300268352032,4.62300777435,1.98294138908,9.47294712067],[107.272590637,10.7915210724,-43.5714759827,86.9421539307,7.0310049057,123.746398926,34.6551094055,48.1837425232,0.683436214924,5.65917253494,-6.70524501801,1.16926622391,4.45280599594],[36.7408943176,28.2166042328,-23.3232707977,-4.53498077393,39.2332267761,34.6551094055,112.375617981,22.0200901031,34.6316490173,-6.60580253601,-3.35676074028,-5.31582069397,0.117171026766],[50.3989830017,4.5402431488,-19.1463108063,31.9089870453,-17.1705226898,48.1837425232,22.0200901031,97.7022857666,19.9292106628,21.7568225861,3.90803813934,5.49794006348,-3.97042489052],[-46.9806938171,36.832572937,-16.6370563507,-16.6709289551,27.424489975,0.683436214924,34.6316490173,19.9292106628,68.2131347656,22.2428760529,13.6117668152,-1.01237750053,0.675229787827],[-32.2919273376,-17.478017807,17.4052429199,16.3182926178,0.300268352032,5.65917253494,-6.60580253601,21.7568225861,22.2428760529,57.426235199,24.6047992706,13.1366453171,4.90733098984],[-58.8652763367,2.84428262711,14.2229099274,-9.6807384491,4.62300777435,-6.70524501801,-3.35676074028,3.90803813934,13.6117668152,24.6047992706,53.821811676,28.3001461029,7.66160106659],[3.12656164169,-12.5043182373,15.9301214218,-2.03336501122,1.98294138908,1.16926622391,-5.31582069397,5.49794006348,-1.01237750053,13.1366453171,28.3001461029,51.4232063293,17.045797348],[41.191570282,13.6033630371,-12.2121734619,14.8455886841,9.47294712067,4.45280599594,0.117171026766,-3.97042489052,0.675229787827,4.90733098984,7.66160106659,17.045797348,42.5483283997]],"icov":[[0.000213796796743,-0.000186540157301,0.0000729440289433,-0.000204048497835,0.000138593357406,0.0000626512919553,-0.000147034690599,-0.0000229796096392,0.000201180999284,-0.0000563928188058,0.000276955892332,-0.000225871408475,-0.0000504314011778],[-0.000186540157301,0.00137436285149,0.000669533677865,0.00101750029717,-0.00033891631756,-0.000524106784724,0.000344469211996,-0.0000427283957833,-0.000430907064583,0.000225099836825,-0.000541052315384,0.000631408009212,-0.000470945349662],[0.0000729440289433,0.000669533677865,0.00336461281404,0.000987264094874,-0.00126365141477,0.000473415420856,0.000226382238907,-0.00014505838044,0.00167771440465,-0.00161739392206,0.0000569373187318,-0.000676268420648,0.00097478996031],[-0.000204048497835,0.00101750029717,0.000987264094874,0.00329740322195,0.000401270401198,-0.00206517474726,0.000488091929583,0.000244540715357,0.000276913226116,-0.0010385675123,-0.0000960769248195,0.000807736301795,-0.00103755050804],[0.000138593357406,-0.00033891631756,-0.00126365141477,0.000401270401198,0.00708959391341,-0.00156459864229,-0.00180952984374,0.00239211507142,-0.00270145735703,0.000327326997649,0.000319463113556,-0.000104806582385,-0.00172541546635],[0.0000626512919553,-0.000524106784724,0.000473415420856,-0.00206517474726,-0.00156459864229,0.0131755108014,-0.00354119413532,-0.00581902917475,0.00401627039537,-0.00118680112064,0.00149927474558,-0.000601167383138,-0.000556402490474],[-0.000147034690599,0.000344469211996,0.000226382238907,0.000488091929583,-0.00180952984374,-0.00354119413532,0.0135172531009,-0.00130165694281,-0.00745930010453,0.00508338026702,-0.000122687866678,0.000367802800611,-0.0000515053870913],[-0.0000229796096392,-0.0000427283957833,-0.00014505838044,0.000244540715357,0.00239211507142,-0.00581902917475,-0.00130165694281,0.0156936720014,-0.00374677218497,-0.00460437173024,0.00193694245536,-0.00259705330245,0.00273556099273],[0.000201180999284,-0.000430907064583,0.00167771440465,0.000276913226116,-0.00270145735703,0.00401627039537,-0.00745930010453,-0.00374677218497,0.0253668371588,-0.00955184176564,-0.00378664326854,0.00406202301383,-0.000066414293542],[-0.0000563928188058,0.000225099836825,-0.00161739392206,-0.0010385675123,0.000327326997649,-0.00118680112064,0.00508338026702,-0.00460437173024,-0.00955184176564,0.0287474710494,-0.00985107012093,0.000080897778389,-0.00193412345834],[0.000276955892332,-0.000541052315384,0.0000569373187318,-0.0000960769248195,0.000319463113556,0.00149927474558,-0.000122687866678,0.00193694245536,-0.00378664326854,-0.00985107012093,0.0328673273325,-0.0167046412826,0.00187793676741],[-0.000225871408475,0.000631408009212,-0.000676268420648,0.000807736301795,-0.000104806582385,-0.000601167383138,0.000367802800611,-0.00259705330245,0.00406202301383,0.000080897778389,-0.0167046412826,0.0330635122955,-0.0109280319884],[-0.0000504314011778,-0.000470945349662,0.00097478996031,-0.00103755050804,-0.00172541546635,-0.000556402490474,-0.0000515053870913,0.00273556099273,-0.000066414293542,-0.00193412345834,0.00187793676741,-0.0109280319884,0.0293056424707]],"mean":[-639.962646484,179.459472656,-30.4534111023,18.8172035217,7.00569057465,29.1233043671,16.8102073669,15.5291719437,4.96526765823,2.79612231255,1.44129598141,4.14469718933,4.40518140793]},"pitch_salience":{"dmean":0.084999114275,"dmean2":0.138547867537,"dvar":0.00527006294578,"dvar2":0.0143384933472,"max":0.924538731575,"mean":0.47302082181,"median":0.478425115347,"min":0.0691951140761,"var":0.0150221465155},"silence_rate_20dB":{"dmean":0,"dmean2":0,"dvar":0,"dvar2":0,"max":1,"mean":1,"median":1,"min":1,"var":0},"silence_rate_30dB":{"dmean":0.174739897251,"dmean2":0.349518895149,"dvar":0.144205868244,"dvar2":0.302763819695,"max":1,"mean":0.519798636436,"median":1,"min":0,"var":0.249608010054},"silence_rate_60dB":{"dmean":0.0064884214662,"dmean2":0.0129782948643,"dvar":0.00644632196054,"dvar2":0.0134811494499,"max":1,"mean":0.0252796411514,"median":0,"min":0,"var":0.0246405825019},"spectral_centroid":{"dmean":157.850326538,"dmean2":238.541030884,"dvar":38293.9882812,"dvar2":65310.40625,"max":11513.3408203,"mean":1070.32543945,"median":1010.67358398,"min":118.756362915,"var":190191.828125},"spectral_complexity":{"dmean":3.44154834747,"dmean2":5.38532114029,"dvar":9.83937931061,"dvar2":20.8591346741,"max":60,"mean":25.4805374146,"median":26,"min":0,"var":76.3151702881},"spectral_contrast_coeffs":{"dmean":[0.0544509962201,0.0487554222345,0.0405893698335,0.0288271866739,0.0237658079714,0.044788569212],"dmean2":[0.0903075709939,0.0811818242073,0.0680795460939,0.0485205091536,0.0399197153747,0.0704288184643],"dvar":[0.00189212884288,0.00143463094719,0.000972907815594,0.000489608675707,0.000510358484462,0.00166289368644],"dvar2":[0.00527545437217,0.00400026096031,0.00265833758749,0.00137391674798,0.00139267963823,0.00401847437024],"max":[-0.367541700602,-0.538503527641,-0.582978069782,-0.613210856915,-0.663672208786,-0.440667003393],"mean":[-0.704318583012,-0.781713306904,-0.784534871578,-0.797585427761,-0.810472548008,-0.757854342461],"median":[-0.707821369171,-0.786088228226,-0.785819888115,-0.797899007797,-0.807655334473,-0.766223549843],"min":[-0.950136184692,-0.981854021549,-0.976148188114,-0.963048815727,-0.967245340347,-0.957960724831],"var":[0.00509314239025,0.0035918650683,0.00255915825255,0.00131284387317,0.00114779802971,0.00550463655964]},"spectral_contrast_valleys":{"dmean":[0.371455252171,0.384524196386,0.285431325436,0.254378527403,0.295021682978,0.686576902866],"dmean2":[0.610558509827,0.617789387703,0.45491501689,0.402094632387,0.452240645885,1.11759972572],"dvar":[0.113906726241,0.115347884595,0.079732991755,0.0782543793321,0.126902714372,0.34848856926],"dvar2":[0.248731791973,0.243935763836,0.145942568779,0.137108936906,0.26256519556,0.885372519493],"max":[-4.89272212982,-4.59702110291,-4.83083772659,-5.38951826096,-5.75616979599,-8.78605365753],"mean":[-6.29180955887,-6.4502453804,-6.22666931152,-6.72676086426,-7.53325653076,-10.8950929642],"median":[-6.0866894722,-6.2775182724,-6.0188627243,-6.51344156265,-7.35736036301,-10.7837142944],"min":[-27.6835613251,-27.1086997986,-26.9381809235,-27.1761665344,-27.420999527,-27.3264064789],"var":[1.334171772,1.17410814762,1.16311919689,1.04850530624,1.08445906639,1.03839540482]},"spectral_decrease":{"dmean":8.3845019816e-9,"dmean2":1.37575950632e-8,"dvar":9.08153190367e-17,"dvar2":2.50548269452e-16,"max":1.20235255086e-9,"mean":-1.99423642044e-8,"median":-1.86497359778e-8,"min":-9.56257721896e-8,"var":1.51734530791e-16},"spectral_energy":{"dmean":0.0325040966272,"dmean2":0.0529409721494,"dvar":0.00130416941829,"dvar2":0.00356805557385,"max":0.412233144045,"mean":0.100946880877,"median":0.0980908200145,"min":1.03554393534e-20,"var":0.00265882117674},"spectral_energyband_high":{"dmean":0.000157804446644,"dmean2":0.000226271877182,"dvar":5.15871434459e-8,"dvar2":8.44128749122e-8,"max":0.0076729352586,"mean":0.000505531614181,"median":0.00039658555761,"min":7.6418668916e-21,"var":2.69703008371e-7},"spectral_energyband_low":{"dmean":0.0290481857955,"dmean2":0.0479561462998,"dvar":0.00117366551422,"dvar2":0.00323866331019,"max":0.351220697165,"mean":0.0607040859759,"median":0.0527748204768,"min":4.7216288139e-23,"var":0.00199239328504},"spectral_energyband_middle_high":{"dmean":0.00408601388335,"dmean2":0.00664487760514,"dvar":0.0000223803999688,"dvar2":0.0000586759124417,"max":0.11883277446,"mean":0.0134574053809,"median":0.0124444402754,"min":1.32937446304e-21,"var":0.0000813499500509},"spectral_energyband_middle_low":{"dmean":0.00549987982959,"dmean2":0.00887387059629,"dvar":0.00005340554344,"dvar2":0.000137433817144,"max":0.0930007770658,"mean":0.0130637874827,"median":0.0106458850205,"min":1.91802908433e-22,"var":0.000105852086563},"spectral_entropy":{"dmean":0.152501389384,"dmean2":0.234072983265,"dvar":0.0220622047782,"dvar2":0.0500570386648,"max":9.80108070374,"mean":7.47566747665,"median":7.51391887665,"min":5.52101325989,"var":0.0959443300962},"spectral_flux":{"dmean":0.0387624427676,"dmean2":0.06213388592,"dvar":0.00158129225019,"dvar2":0.00363591872156,"max":0.504077970982,"mean":0.157944783568,"median":0.152115285397,"min":1.01761682414e-10,"var":0.00369474338368},"spectral_kurtosis":{"dmean":7.58198738098,"dmean2":12.0503053665,"dvar":110.069816589,"dvar2":291.910766602,"max":221.429138184,"mean":25.1062736511,"median":21.7935295105,"min":-1.21648550034,"var":212.661804199},"spectral_rms":{"dmean":0.00155541603453,"dmean2":0.00248470669612,"dvar":0.00000232237971431,"dvar2":0.0000061500963966,"max":0.0200543925166,"mean":0.00949718337506,"median":0.00978255458176,"min":3.17850086529e-12,"var":0.0000082882697825},"spectral_rolloff":{"dmean":5102.3359375,"dmean2":9875.03125,"dvar":65813384,"dvar2":155525552,"max":22050,"mean":7701.30175781,"median":1571.92382812,"min":43.06640625,"var":87113296},"spectral_skewness":{"dmean":0.493219345808,"dmean2":0.756725311279,"dvar":0.344545096159,"dvar2":0.873260736465,"max":11.5226640701,"mean":3.38348460197,"median":3.22313547134,"min":-0.0726169198751,"var":1.07665789127},"spectral_spread":{"dmean":489989.03125,"dmean2":775845.75,"dvar":297601171456,"dvar2":587945148416,"max":40710236,"mean":3358114,"median":3257959.75,"min":826396.8125,"var":920861802496},"spectral_strongpeak":{"dmean":1.95748829842,"dmean2":3.73067736626,"dvar":154.364105225,"dvar2":440.474334717,"max":176.727905273,"mean":1.54873812199,"median":0.311182439327,"min":0,"var":109.969474792},"zerocrossingrate":{"dmean":0.0341693647206,"dmean2":0.045909255743,"dvar":0.0008813055465,"dvar2":0.00154072977602,"max":0.5927734375,"mean":0.211272418499,"median":0.20458984375,"min":0.00927734375,"var":0.00585460616276}},"metadata":{"audio_properties":{"analysis_sample_rate":44100,"bit_rate":320000,"codec":"mp3","downmix":"mix","equal_loudness":0,"length":207.542861938,"lossless":false,"md5_encoded":"7e0ed66e6e752b9e1b8266b2f0486054","replay_gain":2.36743736267,"sample_rate":44100},"tags":{"acoustid_id":["a92a347f-a9ac-41eb-8c13-c8be5910e75a"],"album":["California Crossing"],"albumartist":["Fu Manchu"],"artist":["Fu Manchu"],"date":["2001"],"discnumber":["1/1"],"file_name":"04 - Fu Manchu - Thinkin’ Out Loud.mp3","musicbrainz_albumartistid":["f96de591-5dae-41da-855b-eb387d88d7d4"],"musicbrainz_albumid":["aaa7673a-2950-4170-8b7f-395e3e690dc6"],"musicbrainz_artistid":["f96de591-5dae-41da-855b-eb387d88d7d4"],"musicbrainz_recordingid":["914d9e05-ba15-4e99-806e-fc32637f15f6"],"musicbrainz_releasegroupid":["50dd7ce5-da44-30e2-9cf4-794c24cf606c"],"replaygain_album_gain":["+0.35 dB"],"replaygain_album_peak":["0.302702"],"replaygain_track_gain":["+0.19 dB"],"replaygain_track_peak":["0.296271"],"title":["Thinkin’ Out Loud"],"tracknumber":["4/11"]},"version":{"essentia":"2.1-beta1","essentia_build_sha":"e76a03f03bb3900de42a1fa0d9be1e72f12def64","essentia_git_sha":"v2.1_beta1-28-g21ef5f4-dirty","extractor":"music 1.0"}},"rhythm":{"beats_count":442,"beats_loudness":{"dmean":0.0387487672269,"dmean2":0.0688359513879,"dvar":0.00109204032924,"dvar2":0.00299208424985,"max":0.322421193123,"mean":0.101278342307,"median":0.0974037125707,"min":3.35418248731e-9,"var":0.0018663641531},"beats_loudness_band_ratio":{"dmean":[0.166476160288,0.0691602900624,0.0437207594514,0.0775230377913,0.0185031350702,0.0661666691303],"dmean2":[0.28888130188,0.125096201897,0.0764349773526,0.13343809545,0.0331775508821,0.113878466189],"dvar":[0.0158688630909,0.00536635145545,0.00261211185716,0.00535816885531,0.000292295677355,0.0034281918779],"dvar2":[0.0460099279881,0.0154274255037,0.00735285505652,0.0143855586648,0.000721359974705,0.0106328474358],"max":[0.922634422779,0.503269672394,0.427528977394,0.649517476559,0.250599712133,0.442582368851],"mean":[0.587764918