{"lowlevel":{"average_loudness":0.832313358784,"barkbands":{"dmean":[0.000324838183587,0.00866143684834,0.00280052935705,0.00347750843503,0.00171402131673,0.000417977396864,0.000670675362926,0.000218368702917,0.000481043534819,0.000258164538536,0.000122683632071,0.000195696469746,0.000271806580713,0.000316039600875,0.0004412154085,0.000176338944584,0.000468573853141,0.000207973003853,0.000182271396625,0.0000690108208801,0.0000569722142245,0.0000494571140734,0.0000318859274557,0.0000208587007364,0.0000559736326977,0.000014899335838,0.00000741763824408],"dmean2":[0.000508931232616,0.0153733128682,0.00525348028168,0.00602794950828,0.0028965359088,0.000650932313874,0.000968535547145,0.000323122600093,0.000690417131409,0.000391448673327,0.000192582636373,0.000292640790576,0.000416921538999,0.00048136303667,0.000661478727125,0.000275466998573,0.000754616572522,0.000334809679771,0.000291587726679,0.000108137675852,0.0000920968741411,0.0000742430202081,0.0000455153458461,0.0000294212131848,0.0000816564934212,0.0000212779377762,0.0000113414125735],"dvar":[0.00000128363012664,0.00115542567801,0.000128737621708,0.000177183435881,0.0000385258317692,9.04364128473e-7,0.00000290744014819,4.38592451246e-7,0.0000024668295282,3.96184987039e-7,2.16844327383e-7,2.76562701629e-7,3.98474668373e-7,7.60023851853e-7,0.00000335348795488,1.8689743797e-7,0.00000616776969764,2.71441479072e-7,3.27142657852e-7,1.96166407562e-8,2.83104366616e-8,1.28146222522e-8,6.86877665856e-9,3.3125218124e-9,2.55589949205e-8,2.65942423638e-9,5.17346721018e-10],"dvar2":[0.00000296560824609,0.00319595378824,0.000373099435819,0.000461330055259,0.000104337028461,0.00000215007685256,0.00000597545886194,8.2575036231e-7,0.00000523714106748,8.74937938988e-7,4.54784611748e-7,5.73850854835e-7,8.76591343513e-7,0.00000156140288254,0.00000720819934941,4.32135095707e-7,0.0000162871383509,6.60320381485e-7,8.11003133094e-7,4.83567710319e-8,8.11462470551e-8,2.9272547053e-8,1.45629988069e-8,5.95619864541e-9,5.70010776357e-8,6.12525052901e-9,1.20808518744e-9],"max":[0.0146321011707,0.268173068762,0.119558617473,0.377723366022,0.133954569697,0.0286832395941,0.0448800548911,0.0277244821191,0.0494581982493,0.0217047706246,0.0236720051616,0.0196775123477,0.0160159897059,0.033036224544,0.098295070231,0.0141128106043,0.0966596081853,0.0132774077356,0.0265921596438,0.00387302367017,0.00591723341495,0.00230982457288,0.00273978710175,0.0020226566121,0.00355791579932,0.00307956058532,0.000518780550919],"mean":[0.000279127940303,0.00655493699014,0.0022434219718,0.00299784168601,0.00216097990051,0.000870659132488,0.0014476950746,0.000385662802728,0.000885861809365,0.000469539809274,0.000198514608201,0.000319863465847,0.000451183819678,0.000522514281329,0.000715925591066,0.000308333430439,0.000682872894686,0.000343708234141,0.000312972842949,0.000133177221869,0.0000956485673669,0.0000838899795781,0.0000515221399837,0.0000361161983164,0.0000722602853784,0.0000174298511411,0.00000678692549627],"median":[0.0000105396093204,0.000671416870318,0.000337388395565,0.000450662191724,0.000533620885108,0.000414393667597,0.000407010724302,0.000122163910419,0.00023461409728,0.000113365786092,0.0000567843635508,0.000119372729387,0.000139843366924,0.000199001675355,0.000230438803555,0.000143993995152,0.000228811462875,0.000133251785883,0.000108756001282,0.000051610844821,0.0000217670931306,0.0000210459947994,0.000013726634279,0.0000055680038713,0.0000156300284289,0.00000225388998842,3.87862343132e-7],"min":[2.71044731798e-11,4.04043118407e-11,2.6556735977e-11,2.60894483101e-11,6.23228552099e-11,5.6751318922e-11,4.97860468129e-11,4.19608028879e-11,4.51418659397e-11,3.02255998008e-11,1.78019977232e-11,1.00884777962e-11,2.44463845868e-12,3.73179324898e-13,2.56239257243e-12,4.56026969659e-12,2.62878672823e-12,3.91104195471e-13,1.71124713792e-12,6.1573115313e-13,1.35278691461e-12,5.6719245186e-13,7.38152919864e-13,7.06352185943e-13,5.02275033631e-13,4.79167812199e-13,9.93882276826e-13],"var":[0.00000120586105368,0.000746822217479,0.0000768561512814,0.000133133100462,0.0000332087947754,0.0000024271246275,0.0000108805270429,0.00000127097837321,0.00000619281945546,0.00000109009977223,4.3862593202e-7,5.78660660722e-7,8.4287341906e-7,0.0000015520541865,0.00000661885178488,3.40332604765e-7,0.00000530959641765,4.5281558414e-7,5.32429965006e-7,4.4473630112e-8,5.16317513188e-8,2.53912570969e-8,1.19344338856e-8,7.78304976023e-9,3.38448948867e-8,3.35353655956e-9,5.17524412214e-10]},"barkbands_crest":{"dmean":2.7750351429,"dmean2":4.36330032349,"dvar":8.60549354553,"dvar2":20.6609954834,"max":25.8810043335,"mean":9.24088096619,"median":8.22283554077,"min":2.60410618782,"var":17.7818660736},"barkbands_flatness_db":{"dmean":0.0243065264076,"dmean2":0.0363321378827,"dvar":0.00075547414599,"dvar2":0.00180895219091,"max":0.472935557365,"mean":0.126369997859,"median":0.117943063378,"min":0.0194565039128,"var":0.00234632240608},"barkbands_kurtosis":{"dmean":4.42649030685,"dmean2":7.45520496368,"dvar":237.595169067,"dvar2":588.444946289,"max":543.172058105,"mean":3.43829321861,"median":0.369805574417,"min":-1.83734977245,"var":203.607437134},"barkbands_skewness":{"dmean":0.731311261654,"dmean2":1.11141622066,"dvar":1.32025301456,"dvar2":2.96553134918,"max":13.1470022202,"mean":0.9949670434,"median":0.87789607048,"min":-19.8726711273,"var":2.54173731804},"barkbands_spread":{"dmean":6.09066390991,"dmean2":9.3409910202,"dvar":47.1367225647,"dvar2":110.781822205,"max":95.1972351074,"mean":23.5213565826,"median":22.5241680145,"min":0.281741529703,"var":122.385536194},"dissonance":{"dmean":0.0140381325036,"dmean2":0.0235872715712,"dvar":0.000315454322845,"dvar2":0.000839700049255,"max":0.500000059605,"mean":0.470928013325,"median":0.476453125477,"min":0,"var":0.000584103283472},"dynamic_complexity":5.17285203934,"erbbands":{"dmean":[0.228219226003,2.00913929939,3.6368086338,6.92774820328,11.4627275467,3.44624114037,2.39008998871,3.63832426071,10.1489944458,5.02941179276,6.19627523422,12.9985542297,5.88962984085,8.18643665314,4.85059547424,9.54903411865,13.250828743,15.0421504974,22.4781341553,15.7637414932,9.13332843781,22.8927097321,13.5069303513,10.3952493668,6.21610069275,3.17935180664,2.92980456352,1.73841738701,1.91098928452,1.01561510563,0.991731524467,0.480731904507,0.355600953102,0.269813090563,0.674875676632,0.101543754339,0.0277282781899,0.0057317991741,0.000820316723548,0.000134574016556],"dmean2":[0.391006708145,3.68501138687,6.74370908737,12.1951208115,19.6307544708,5.58373117447,3.66382479668,5.64985942841,14.6866531372,7.67248106003,8.97047901154,18.4186630249,8.89344978333,12.3937520981,7.63719463348,14.1905937195,20.0810890198,22.5839424133,33.0922470093,24.3014888763,14.3459587097,36.8646965027,21.8050613403,16.7628383636,9.90263080597,4.97433948517,4.80345869064,2.72497844696,2.89153647423,1.43746936321,1.44250738621,0.669938743114,0.498293250799,0.374291360378,1.01775300503,0.142441079021,0.0405192300677,0.0085678473115,0.00124092842452,0.000210877187783],"dvar":[0.741450548172,67.301574707,216.96534729,509.782928467,2265.74414062,93.5146331787,29.1229610443,86.0641555786,688.513427734,169.188537598,366.195129395,2055.82202148,257.979156494,460.216827393,215.578079224,631.749328613,869.034423828,1461.64013672,10012.4482422,2187.76879883,952.521972656,14128.8740234,2047.88757324,1075.18603516,193.417053223,40.3561019897,90.6180877686,22.5010738373,17.9573116302,7.02849721909,6.4789018631,1.6620965004,1.00184178352,0.5624589324,4.2779006958,0.0985170155764,0.00862013548613,0.000370202120394,0.00000851149980008,1.45601347867e-7],"dvar2":[1.96290111542,190.850402832,626.213745117,1341.68737793,5974.99121094,249.921234131,71.3771972656,198.689697266,1365.00964355,409.269989014,762.990478516,4193.75097656,554.213012695,1061.02392578,458.561523438,1287.91809082,1905.21875,2717.37036133,20891.7011719,5086.19580078,2412.84057617,37396.859375,5168.83105469,2668.91088867,489.27432251,98.5605392456,273.220489502,57.8010444641,40.500667572,14.5562295914,13.7481985092,3.14488244057,1.81255280972,1.06739318371,10.0658130646,0.216864407063,0.0200912207365,0.00084351375699,0.0000192829429579,3.59647060577e-7],"max":[6.95777988434,67.0195083618,151.2371521,535.934692383,1300.96582031,216.033889771,219.222427368,355.978302002,801.733337402,507.588348389,775.476806641,1566.12646484,442.827087402,947.994506836,635.203491211,1002.38769531,619.147521973,1482.15881348,5217.55810547,1613.19702148,1392.25744629,4487.953125,1966.78930664,1654.16784668,289.337341309,128.911865234,401.020507812,101.603759766,64.0413894653,93.0547790527,62.2017097473,42.7662353516,40.2181167603,33.8397483826,39.6638031006,17.1743869781,4.74501037598,0.752361059189,0.0885602384806,0.00640426715836],"mean":[0.174812093377,1.48380458355,2.95526957512,6.0608549118,10.881814003,5.9282412529,4.91375923157,7.65699911118,20.9688625336,11.3360624313,12.0672388077,24.21144104,11.8242921829,14.5728578568,8.76359367371,16.5031471252,23.4376125336,27.0654182434,36.1277046204,28.4786949158,17.3587722778,34.829914093,23.2041130066,17.9673576355,11.8980770111,6.55459690094,5.18134689331,2.93588280678,3.18585085869,1.80536711216,1.52595603466,0.810302913189,0.614527404308,0.458530634642,0.758620798588,0.128693714738,0.029748858884,0.00567566696554,0.000780252390541,0.000129710242618],"median":[0.011874477379,0.170157074928,0.506126046181,1.19755446911,2.11597323418,1.51526284218,2.49935150146,3.29510474205,5.17822933197,4.7940325737,3.957208395,5.68753242493,4.39472150803,3.19786572456,3.39521479607,7.23650932312,8.34647846222,11.8427562714,12.6624860764,11.6461381912,8.56587600708,12.2722854614,9.51062488556,6.27049350739,4.68443393707,2.6903192997,1.23987519741,0.674602866173,0.831433475018,0.471800625324,0.416257441044,0.15761987865,0.0942943617702,0.106171183288,0.130060628057,0.0207598935813,0.00376243074425,0.000451699219411,0.0000518935339642,0.0000264355094259],"min":[1.47446210796e-9,8.19496115412e-9,2.73949929408e-8,6.55113581161e-8,1.29311075625e-7,2.22943128847e-7,3.46968903386e-7,4.97060170801e-7,6.62179729716e-7,8.23557854801e-7,9.54866436587e-7,0.00000102484966646,0.00000100369811662,8.74309534993e-7,6.47087631478e-7,3.72018860162e-7,1.35343498187e-7,2.63651500632e-8,7.45961585835e-8,1.97946675939e-7,2.42299108777e-7,1.41810190257e-7,3.12182812934e-8,5.38294600005e-8,8.93545220038e-8,2.75537459515e-8,3.83538925064e-8,5.02178139072e-8,1.50398271614e-8,2.4929256881e-8,2.06106207656e-8,1.79123560429e-8,1.11559970151e-8,5.97139981906e-9,3.39047101505e-9,2.33240782244e-9,8.75569283743e-10,3.61144225636e-10,1.57990523442e-10,1.31659396926e-11],"var":[0.532766759396,40.3881149292,128.32673645,378.051422119,1701.75976562,165.536437988,77.2428894043,232.132003784,2477.12768555,505.22076416,1035.94055176,5268.17773438,765.484985352,1086.77514648,476.654724121,1352.85217285,1969.22424316,3824.2512207,18470.0371094,4200.23583984,1120.32019043,12276.8886719,2495.66162109,1830.47192383,394.45223999,104.346290588,170.738616943,36.3350219727,34.5780258179,12.9931306839,10.7863578796,3.5231025219,2.45003557205,1.37584102154,4.56770467758,0.144151702523,0.00954501610249,0.000391410576412,0.00000890661522135,1.3018288314e-7]},"erbbands_crest":{"dmean":2.86133313179,"dmean2":4.53105926514,"dvar":7.61530590057,"dvar2":17.7313098907,"max":32.2796783447,"mean":9.76164150238,"median":8.55395793915,"min":2.41029024124,"var":21.4458274841},"erbbands_flatness_db":{"dmean":0.0240991301835,"dmean2":0.032305765897,"dvar":0.000783822499216,"dvar2":0.00135620858055,"max":0.570139944553,"mean":0.172712773085,"median":0.167847380042,"min":0.0422077067196,"var":0.00323555269279},"erbbands_kurtosis":{"dmean":1.20690691471,"dmean2":1.90239882469,"dvar":15.9840888977,"dvar2":36.3289451599,"max":160.547332764,"mean":0.91909468174,"median":-0.0260700248182,"min":-1.71884548664,"var":20.91755867},"erbbands_skewness":{"dmean":0.3787715137,"dmean2":0.573978960514,"dvar":0.166935577989,"dvar2":0.367793619633,"max":4.38908052444,"mean":-0.213006913662,"median":-0.197369635105,"min":-8.14357376099,"var":0.66153806448},"erbbands_spread":{"dmean":8.45892810822,"dmean2":12.4656772614,"dvar":117.368766785,"dvar2":249.287033081,"max":124.917892456,"mean":32.2469406128,"median":29.8575534821,"min":0.331853330135,"var":311.004272461},"gfcc":{"cov":[[11553.0546875,-876.324951172,896.908752441,852.100341797,-1387.16882324,-41.8049964905,-132.361679077,-17.7677764893,-380.85647583,121.205558777,-470.807006836,-227.621307373,-149.227386475],[-876.324951172,1523.31384277,-213.881484985,4.97005844116,286.140289307,-266.406982422,215.046966553,-117.319519043,97.7130279541,54.0736045837,127.637931824,-72.3369369507,61.2805786133],[896.908752441,-213.881484985,1045.43591309,144.513442993,-24.2665748596,212.904449463,-36.0471878052,7.36964988708,-46.3203887939,61.6375770569,-61.2484703064,28.4870624542,-42.4592590332],[852.100341797,4.97005844116,144.513442993,462.803771973,-0.070824816823,3.55896759033,62.3241195679,18.1795940399,-9.62540912628,9.14888381958,-24.9616966248,-40.4534263611,20.3567962646],[-1387.16882324,286.140289307,-24.2665748596,-0.070824816823,520.961791992,44.1215705872,139.626464844,28.7616825104,82.8700485229,6.9764175415,59.5284996033,23.3602256775,18.7108840942],[-41.8049964905,-266.406982422,212.904449463,3.55896759033,44.1215705872,310.942382812,-13.1827354431,48.9383354187,4.4702963829,-7.52100419998,2.59784030914,29.2446594238,-11.2247667313],[-132.361679077,215.046966553,-36.0471878052,62.3241195679,139.626464844,-13.1827354431,222.02015686,30.6835403442,29.8025875092,-1.60742902756,13.7556066513,-3.94940161705,12.5633592606],[-17.7677764893,-117.319519043,7.36964988708,18.1795940399,28.7616825104,48.9383354187,30.6835403442,171.248474121,48.4828491211,-3.120626688,-3.62526655197,8.83779811859,2.06791567802],[-380.85647583,97.7130279541,-46.3203887939,-9.62540912628,82.8700485229,4.4702963829,29.8025875092,48.4828491211,136.720916748,31.4198913574,37.2399368286,7.87609529495,12.4448690414],[121.205558777,54.0736045837,61.6375770569,9.14888381958,6.9764175415,-7.52100419998,-1.60742902756,-3.120626688,31.4198913574,125.621650696,41.9906616211,-2.16547012329,-0.895735621452],[-470.807006836,127.637931824,-61.2484703064,-24.9616966248,59.5284996033,2.59784030914,13.7556066513,-3.62526655197,37.2399368286,41.9906616211,128.492294312,38.5424423218,15.3969230652],[-227.621307373,-72.3369369507,28.4870624542,-40.4534263611,23.3602256775,29.2446594238,-3.94940161705,8.83779811859,7.87609529495,-2.16547012329,38.5424423218,96.959274292,18.7050857544],[-149.227386475,61.2805786133,-42.4592590332,20.3567962646,18.7108840942,-11.2247667313,12.5633592606,2.06791567802,12.4448690414,-0.895735621452,15.3969230652,18.7050857544,68.7283706665]],"icov":[[0.000208008190384,-0.0000316762016155,-0.0000478417714476,-0.0003175692691,0.000519886263646,-0.0000334583928634,-0.000167750142282,-0.0000763704301789,0.000240530833253,-0.000413910398493,0.00053624965949,-0.000064528096118,0.000278831575997],[-0.0000316762016155,0.00135789113119,-0.00021036437829,0.000282918888843,-0.000498804321978,0.00101693440229,-0.000937840959523,0.000952848698944,-0.00064684957033,0.000295982870739,-0.00144917273428,0.00164484861307,-0.00105065433308],[-0.0000478417714476,-0.00021036437829,0.00146625121124,-0.000458842463559,-0.000109694199637,-0.0010549944127,0.0003321247641,0.0000360949379683,0.000419870280894,-0.00111889035907,0.00118965818547,-0.00124267570209,0.000902268337086],[-0.0003175692691,0.000282918888843,-0.000458842463559,0.00314525864087,-0.000720974989235,0.000341630191542,-0.000697130511981,-0.00002707904423,-0.000208649624255,0.000675229297485,-0.00111956766341,0.00181507924572,-0.00197312608361],[0.000519886263646,-0.000498804321978,-0.000109694199637,-0.000720974989235,0.00406714016572,-0.000809442950413,-0.00167040945962,-0.000202139650355,-0.000426069978857,-0.000713226094376,0.000992235611193,-0.000743222713936,0.000839159300085],[-0.0000334583928634,0.00101693440229,-0.0010549944127,0.000341630191542,-0.000809442950413,0.00495177926496,-0.000204618336284,-0.000469133578008,-0.000411474116845,0.00108658871613,-0.00167653581593,0.000663682527374,-0.000368085806258],[-0.000167750142282,-0.000937840959523,0.0003321247641,-0.000697130511981,-0.00167040945962,-0.000204618336284,0.00673108967021,-0.0014580754796,0.000162154377904,0.000398181815399,0.000396659947,-0.000816554762423,0.000227632612223],[-0.0000763704301789,0.000952848698944,0.0000360949379683,-0.00002707904423,-0.000202139650355,-0.000469133578008,-0.0014580754796,0.00786109361798,-0.0033374382183,0.000649598427117,-0.0000157322283485,0.000301158812363,-0.000442327582277],[0.000240530833253,-0.00064684957033,0.000419870280894,-0.000208649624255,-0.000426069978857,-0.000411474116845,0.000162154377904,-0.0033374382183,0.0107670044526,-0.00283671030775,-0.000271899916697,-0.000365378276911,-0.000286466121906],[-0.000413910398493,0.000295982870739,-0.00111889035907,0.000675229297485,-0.000713226094376,0.00108658871613,0.000398181815399,0.000649598427117,-0.00283671030775,0.0114498324692,-0.00551653606817,0.00244409264997,-0.00054100388661],[0.00053624965949,-0.00144917273428,0.00118965818547,-0.00111956766341,0.000992235611193,-0.00167653581593,0.000396659947,-0.0000157322283485,-0.000271899916697,-0.00551653606817,0.0147613445297,-0.00658800080419,0.00137045502197],[-0.000064528096118,0.00164484861307,-0.00124267570209,0.00181507924572,-0.000743222713936,0.000663682527374,-0.000816554762423,0.000301158812363,-0.000365378276911,0.00244409264997,-0.00658800080419,0.016152119264,-0.00528315268457],[0.000278831575997,-0.00105065433308,0.000902268337086,-0.00197312608361,0.000839159300085,-0.000368085806258,0.000227632612223,-0.000442327582277,-0.000286466121906,-0.00054100388661,0.00137045502197,-0.00528315268457,0.0180928688496]],"mean":[-48.0385055542,92.0713119507,-129.310928345,24.6420326233,-36.4940338135,6.72852373123,-42.0283279419,9.37269306183,-21.4491729736,3.68000292778,-14.5648450851,-2.58040070534,-13.2224845886]},"hfc":{"dmean":5.5135717392,"dmean2":8.21285915375,"dvar":124.855964661,"dvar2":288.751434326,"max":269.519134521,"mean":14.8550825119,"median":9.32271003723,"min":2.64303963604e-7,"var":304.109130859},"melbands":{"dmean":[0.00225519225933,0.00219429726712,0.00146123301238,0.000517361040693,0.0000770087717683,0.0000856821061461,0.000148529536091,0.0000483797812194,0.0000611159848631,0.0000745359793655,0.0000284420748358,0.0000346257656929,0.0000171008359757,0.0000205394062505,0.000028002408726,0.0000256272669503,0.0000310045215883,0.00003463930625,0.0000287189795927,0.0000157040940394,0.0000124668540593,0.0000246752551902,0.0000224075447477,0.0000106233092083,0.00000928984445636,0.00000628100406175,0.0000033316716781,0.00000209732343137,0.00000194924677999,0.00000158936666139,0.00000105079300283,0.00000124320297346,8.02532952093e-7,5.44591671314e-7,6.55180940612e-7,3.66216085013e-7,2.8888655379e-7,2.58716795543e-7,2.54035739999e-7,1.94860405145e-7],"dmean2":[0.00393298268318,0.00404101703316,0.00255750655197,0.00086885644123,0.000118649346405,0.00013335281983,0.000213515828364,0.0000739375464036,0.0000881407322595,0.000105873623397,0.0000432812812505,0.0000524628812855,0.0000270141972578,0.0000310922550852,0.0000422480588895,0.0000384213926736,0.0000471052298963,0.0000511828111485,0.0000433421118942,0.0000246405343205,0.0000197933786694,0.0000397901567339,0.0000364335828635,0.0000172077234311,0.0000150825226228,0.0000100731494967,0.00000533769571121,0.00000332836066264,0.00000319722971653,0.00000261807963398,0.00000168512224263,0.00000192872016669,0.00000118518289582,7.94480399691e-7,9.76914520834e-7,5.14358418968e-7,4.18118645484e-7,3.76847765438e-7,3.59385921911e-7,2.78438790247e-7],"dvar":[0.0000750025792513,0.0000801971327746,0.0000266787537839,0.00000367963752979,2.73871876288e-8,4.2889780616e-8,1.4278039373e-7,1.44537475322e-8,3.14602210949e-8,6.93187800493e-8,6.46994680054e-9,8.22627654884e-9,3.96410637649e-9,2.82295875564e-9,3.59416341134e-9,4.03720390452e-9,5.78380632277e-9,2.12602095928e-8,1.16184377674e-8,1.85587156754e-9,2.8942588326e-9,1.9565137066e-8,1.44815768266e-8,1.09717046559e-9,9.8665497994e-10,3.24640980764e-10,5.5908517399e-11,1.92730432308e-11,4.02218813811e-11,2.25257625053e-11,1.02524863599e-11,8.14669599142e-12,3.26927872794e-12,2.37975112706e-12,2.84242377899e-12,8.76256478401e-13,6.4535020123e-13,5.93207340888e-13,4.95636843199e-13,3.27105530162e-13],"dvar2":[0.000203833973501,0.000229028548347,0.0000697313298588,0.00000972759244178,6.91252211027e-8,9.79887886388e-8,2.84391916239e-7,3.48418289775e-8,7.03997642404e-8,1.43171803302e-7,1.37757352192e-8,1.8814370506e-8,8.1345312708e-9,5.74152370092e-9,7.8366664269e-9,8.49527115321e-9,1.12804539043e-8,4.47164225648e-8,2.53657024274e-8,4.29193391938e-9,7.36348049202e-9,5.2387466809e-8,3.72731570053e-8,2.62410027041e-9,2.43976772119e-9,8.18546119774e-10,1.4370700463e-10,4.76015130091e-11,1.19610835125e-10,6.16161496825e-11,2.73830021158e-11,1.95002243519e-11,6.93240213498e-12,5.41053660208e-12,6.20435560567e-12,1.77346494695e-12,1.26013912846e-12,1.18366221772e-12,8.93594822703e-13,6.54594163162e-13],"max":[0.0683760419488,0.0826907008886,0.137890577316,0.0472257696092,0.00610017077997,0.00701145548373,0.0103212362155,0.00445409677923,0.006103284657,0.00941872131079,0.00224624271505,0.00400171801448,0.00297632347792,0.00224935822189,0.00156357116066,0.00216836668551,0.00257858610712,0.00697176717222,0.00545966718346,0.001545110601,0.00245021888986,0.00681744841859,0.00603003567085,0.00105935707688,0.00160859618336,0.000518832239322,0.000236477761064,0.000080986370449,0.000281668850221,0.000195836240891,0.0000707111612428,0.0000523997441633,0.0000334165633831,0.0000631510047242,0.000038430076529,0.0000215300897253,0.0000282943547063,0.0000329075774061,0.0000279285868601,0.0000280136191577],"mean":[0.00170991802588,0.00174431467894,0.00128520117141,0.000628145295195,0.000167582547874,0.000177631271072,0.000315093842801,0.000104922102764,0.00011573714437,0.00013768345525,0.0000532510930498,0.0000598792394157,0.0000286348604277,0.0000341927261616,0.0000482852519781,0.0000442599230155,0.000051542694564,0.0000534345781489,0.0000489400772494,0.000027039053748,0.0000199882724701,0.0000359083023795,0.0000321053885273,0.0000163522727235,0.0000145116200656,0.0000106504185169,0.00000601127885602,0.00000385161138183,0.00000326354029312,0.00000245123692366,0.00000154206441039,0.00000193935511561,0.0000013393437257,8.87154271823e-7,9.66247171164e-7,5.72673172883e-7,4.65565364038e-7,4.24042610803e-7,4.26452544389e-7,3.26795316141e-7],"median":[0.000153611414135,0.000279398926068,0.000262305198703,0.00013464030053,0.0000893974865903,0.0000759012546041,0.0000807729447843,0.0000443786775577,0.0000330531802319,0.0000337127930834,0.0000175256009243,0.0000116420633276,0.00000900610757526,0.0000141931050166,0.0000214809952013,0.0000151996628119,0.0000190646242118,0.0000181800460268,0.0000162490505318,0.0000121584953376,0.00000857423492562,0.0000117043437058,0.0000111566550913,0.00000523836251887,0.00000460736237073,0.00000369677763956,0.00000250142579716,0.00000142751162002,7.80569905601e-7,5.32726687652e-7,2.78785705632e-7,4.56554886341e-7,3.42528238662e-7,1.95929544589e-7,2.5200998266e-7,1.27271533756e-7,6.83115857214e-8,5.44685292425e-8,7.28338420686e-8,6.57491199263e-8],"min":[1.34965892629e-11,1.33466866031e-11,1.30507896157e-11,1.2611429262e-11,1.19770669077e-11,1.11968585445e-11,1.02183643491e-11,9.06562498681e-12,7.78998220097e-12,6.38948746343e-12,4.95890785032e-12,3.58495568301e-12,2.33631712067e-12,1.31234541463e-12,5.8400100077e-13,1.65213478206e-13,2.99821270784e-14,9.04829867716e-14,2.21677331439e-13,3.04919013216e-13,2.78986279608e-13,1.67071868493e-13,5.32588059212e-14,1.33925006095e-14,4.42777020289e-14,7.31984256736e-14,4.8783290504e-14,9.46597604446e-15,1.53523586666e-14,3.95128604857e-14,2.44157382571e-14,4.58052124469e-15,1.60431851858e-14,1.14505200298e-14,7.6374648454e-15,2.01578984489e-14,6.42184889928e-15,8.1735104931e-15,4.5554245055e-15,5.92385917135e-15],"var":[0.000050783615734,0.0000478498695884,0.0000200000449695,0.0000031909091831,7.29933589128e-8,1.23527684082e-7,5.35203071195e-7,4.10730613964e-8,8.45447374331e-8,1.72603932924e-7,1.89977491516e-8,1.96907290473e-8,8.3356237468e-9,6.21885609675e-9,7.28137639072e-9,9.95069715515e-9,1.40171749763e-8,3.78846429783e-8,2.43484841178e-8,3.27151572499e-9,2.84306889142e-9,1.62386690761e-8,1.31291164607e-8,1.66922808909e-9,1.5547658716e-9,5.18553811002e-10,9.85455397839e-11,4.30075142166e-11,7.45348782694e-11,3.70641052572e-11,1.37041289774e-11,1.42945082854e-11,6.41356976208e-12,3.74910302456e-12,4.50879568056e-12,1.6309719417e-12,1.31409542536e-12,1.26364565513e-12,1.23637742839e-12,8.14613621784e-13]},"melbands_crest":{"dmean":3.49199128151,"dmean2":5.38795757294,"dvar":12.8984861374,"dvar2":28.0035800934,"max":37.3913841248,"mean":13.0720968246,"median":11.8264665604,"min":3.2137606144,"var":31.5558109283},"melbands_flatness_db":{"dmean":0.0283733904362,"dmean2":0.0423120968044,"dvar":0.00114575296175,"dvar2":0.00267557986081,"max":0.484819084406,"mean":0.193491593003,"median":0.184695154428,"min":0.0263995658606,"var":0.00429408531636},"melbands_kurtosis":{"dmean":10.2911863327,"dmean2":17.0802974701,"dvar":732.517150879,"dvar2":1851.56005859,"max":385.078430176,"mean":10.5226278305,"median":3.32036018372,"min":-1.90112626553,"var":659.492126465},"melbands_skewness":{"dmean":0.958020985126,"dmean2":1.45232391357,"dvar":2.24867630005,"dvar2":4.9304227829,"max":13.0770950317,"mean":2.04822611809,"median":1.74508488178,"min":-12.0676631927,"var":4.15311288834},"melbands_spread":{"dmean":8.55889606476,"dmean2":13.0965337753,"dvar":97.2162780762,"dvar2":218.62562561,"max":125.290679932,"mean":30.4398498535,"median":27.1187438965,"min":0.705515623093,"var":351.048034668},"mfcc":{"cov":[[10341.9580078,-672.640197754,906.067993164,609.448852539,-822.323303223,-123.953308105,-201.40057373,-174.902053833,-60.7856063843,61.1526069641,-31.0682544708,-314.002044678,-197.365585327],[-672.640197754,1388.5526123,-259.112365723,175.504821777,22.1017036438,-10.2875289917,57.1825447083,-109.269775391,-15.9257192612,35.8798294067,36.4931221008,29.2244434357,51.6960067749],[906.067993164,-259.112365723,893.449707031,28.5604934692,46.8827552795,119.45778656,14.1469144821,10.6862373352,-10.1922893524,18.5676174164,-28.7772121429,-5.99842309952,5.60676145554],[609.448852539,175.504821777,28.5604934692,492.749145508,-22.4823608398,13.8781414032,59.6027259827,-36.3247413635,47.77501297,35.5019721985,2.12481570244,-2.66842579842,8.33708000183],[-822.323303223,22.1017036438,46.8827552795,-22.4823608398,304.281463623,94.368347168,50.9879302979,57.8479156494,41.1412162781,21.0078372955,9.91220569611,51.913066864,15.1815767288],[-123.953308105,-10.2875289917,119.45778656,13.8781414032,94.368347168,203.420776367,67.8787460327,23.7961044312,18.6972904205,4.20370578766,10.5609331131,21.4919281006,2.75381875038],[-201.40057373,57.1825447083,14.1469144821,59.6027259827,50.9879302979,67.8787460327,169.391647339,52.5203208923,34.4238586426,17.7550601959,4.5295958519,27.1203212738,9.36585044861],[-174.902053833,-109.269775391,10.6862373352,-36.3247413635,57.8479156494,23.7961044312,52.5203208923,172.032775879,65.4885787964,-3.00485730171,11.1983690262,8.02652359009,-4.92326641083],[-60.7856063843,-15.9257192612,-10.1922893524,47.77501297,41.1412162781,18.6972904205,34.4238586426,65.4885787964,126.473861694,47.9713172913,7.77614402771,7.24843168259,-4.77247238159],[61.1526069641,35.8798294067,18.5676174164,35.5019721985,21.0078372955,4.20370578766,17.7550601959,-3.00485730171,47.9713172913,105.152359009,30.6546344757,9.59432888031,-4.76241636276],[-31.0682544708,36.4931221008,-28.7772121429,2.12481570244,9.91220569611,10.5609331131,4.5295958519,11.1983690262,7.77614402771,30.6546344757,94.03956604,36.8047790527,-0.568868875504],[-314.002044678,29.2244434357,-5.99842309952,-2.66842579842,51.913066864,21.4919281006,27.1203212738,8.02652359009,7.24843168259,9.59432888031,36.8047790527,106.241485596,34.8355636597],[-197.365585327,51.6960067749,5.60676145554,8.33708000183,15.1815767288,2.75381875038,9.36585044861,-4.92326641083,-4.77247238159,-4.76241636276,-0.568868875504,34.8355636597,96.1958084106]],"icov":[[0.000176983769052,0.0000627903937129,-0.000173597189132,-0.00022441110923,0.00043216382619,-0.0000377859760192,0.000130077518406,-0.0000166749123309,0.0000509542842337,-0.00012843447621,-0.00011546452879,0.000241986446781,0.000186157689313],[0.0000627903937129,0.000919696933124,0.000204847572604,-0.000319228740409,-0.0000428379025834,0.0000414660862589,-0.000358044315362,0.000639647478238,0.000118921438116,-0.000176910456503,-0.000378876808099,0.000253290607361,-0.000373346963897],[-0.000173597189132,0.000204847572604,0.00153703440446,0.0000212835984712,-0.000438206712715,-0.000861017557327,0.000106694482383,-0.000186666860827,0.00058566784719,-0.000627811939921,0.000728837796487,-0.000209699341212,-0.000405598664656],[-0.00022441110923,-0.000319228740409,0.0000212835984712,0.00276625948027,-0.000247916905209,0.000159735151101,-0.00117890594993,0.00114780617878,-0.00152159726713,0.000265619135462,-0.0000507535442011,0.0000246685867751,-0.000393351307139],[0.00043216382619,-0.0000428379025834,-0.000438206712715,-0.000247916905209,0.00556237110868,-0.00191067543346,0.000486193835968,-0.0012667888077,-0.000241382411332,-0.00118686398491,0.000737519469112,-0.00138307141606,0.000455879169749],[-0.0000377859760192,0.0000414660862589,-0.000861017557327,0.000159735151101,-0.00191067543346,0.0071273362264,-0.00262011308223,0.000955485214945,-0.000820352579467,0.00143811188173,-0.00137217191514,0.00023153978691,0.000276573962765],[0.000130077518406,-0.000358044315362,0.000106694482383,-0.00117890594993,0.000486193835968,-0.00262011308223,0.00873429235071,-0.00308525166474,0.000568870920688,-0.00169635063503,0.00161510764156,-0.00173112517223,0.000125919657876],[-0.0000166749123309,0.000639647478238,-0.000186666860827,0.00114780617878,-0.0012667888077,0.000955485214945,-0.00308525166474,0.0100857680663,-0.00582548230886,0.00375882652588,-0.00257892021909,0.00120640918612,-0.000032468666177],[0.0000509542842337,0.000118921438116,0.00058566784719,-0.00152159726713,-0.000241382411332,-0.000820352579467,0.000568870920688,-0.00582548230886,0.0141519540921,-0.00688777770847,0.00227314187214,-0.000580889813136,0.000431330990978],[-0.00012843447621,-0.000176910456503,-0.000627811939921,0.000265619135462,-0.00118686398491,0.00143811188173,-0.00169635063503,0.00375882652588,-0.00688777770847,0.0148297315463,-0.00517834583297,0.000873702403624,0.000394259142922],[-0.00011546452879,-0.000378876808099,0.000728837796487,-0.0000507535442011,0.000737519469112,-0.00137217191514,0.00161510764156,-0.00257892021909,0.00227314187214,-0.00517834583297,0.0151192825288,-0.00597017351538,0.00167008477729],[0.000241986446781,0.000253290607361,-0.000209699341212,0.0000246685867751,-0.00138307141606,0.00023153978691,-0.00173112517223,0.00120640918612,-0.000580889813136,0.000873702403624,-0.00597017351538,0.01452009473,-0.00446667056531],[0.000186157689313,-0.000373346963897,-0.000405598664656,-0.000393351307139,0.000455879169749,0.000276573962765,0.000125919657876,-0.000032468666177,0.000431330990978,0.000394259142922,0.00167008477729,-0.00446667056531,0.012610306032]],"mean":[-691.357788086,128.956375122,-25.9691066742,23.8958015442,15.881193161,3.18862080574,-3.14426183701,1.04303920269,-2.77993273735,1.35335409641,4.43815612793,-0.367795288563,-0.354892700911]},"pitch_salience":{"dmean":0.0738443285227,"dmean2":0.115084119141,"dvar":0.00562152359635,"dvar2":0.0138563616201,"max":0.987869381905,"mean":0.558785557747,"median":0.569362223148,"min":0.0636897310615,"var":0.0132567742839},"silence_rate_20dB":{"dmean":0.000219973604544,"dmean2":0.000439995608758,"dvar":0.000219925219426,"dvar2":0.000659799785353,"max":1,"mean":0.99989002943,"median":1,"min":0,"var":0.000109962609713},"silence_rate_30dB":{"dmean":0.0609326884151,"dmean2":0.121878780425,"dvar":0.0572198964655,"dvar2":0.123084180057,"max":1,"mean":0.946662247181,"median":1,"min":0,"var":0.0504928193986},"silence_rate_60dB":{"dmean":0.0337659493089,"dmean2":0.0675393268466,"dvar":0.0326258093119,"dvar2":0.0711176842451,"max":1,"mean":0.193775430322,"median":0,"min":0,"var":0.15622651577},"spectral_centroid":{"dmean":244.064743042,"dmean2":375.632354736,"dvar":72824.578125,"dvar2":170556.75,"max":3855.95654297,"mean":1520.80834961,"median":1488.26708984,"min":203.630874634,"var":370610.09375},"spectral_complexity":{"dmean":2.85118794441,"dmean2":4.3095369339,"dvar":10.7672300339,"dvar2":20.2328643799,"max":52,"mean":16.2401847839,"median":15,"min":0,"var":105.291702271},"spectral_contrast_coeffs":{"dmean":[0.0509180352092,0.0408702418208,0.0361996516585,0.0309667363763,0.0246719531715,0.018422909081],"dmean2":[0.0825687348843,0.0653757452965,0.0567482933402,0.0490568242967,0.0389199368656,0.0283726658672],"dvar":[0.0024000662379,0.0011804489186,0.000852869357914,0.000689321605023,0.000666065490805,0.000368844281184],"dvar2":[0.00568794971332,0.00301000708714,0.00205188780092,0.00164844642859,0.00140041520353,0.000829043739941],"max":[-0.270813584328,-0.407859951258,-0.467051804066,-0.503196001053,-0.320809751749,-0.599362552166],"mean":[-0.665305793285,-0.742493033409,-0.76727616787,-0.76621979475,-0.767312586308,-0.764510273933],"median":[-0.675181984901,-0.747557044029,-0.7692938447,-0.767234683037,-0.778777956963,-0.767768621445],"min":[-0.997630894184,-0.989851713181,-0.968825817108,-0.972822904587,-0.937986314297,-0.970354914665],"var":[0.00952472444624,0.00572890182957,0.00416535278782,0.00335801951587,0.00288388039917,0.00251995492727]},"spectral_contrast_valleys":{"dmean":[0.439776718616,0.324509859085,0.320750832558,0.271671414375,0.257106810808,0.385247260332],"dmean2":[0.692585885525,0.524581074715,0.507183253765,0.418810486794,0.362963318825,0.458032906055],"dvar":[0.183017045259,0.0851172432303,0.0986529663205,0.0878014117479,0.104375720024,0.266800820827],"dvar2":[0.385056376457,0.212000966072,0.229310914874,0.191701903939,0.198208510876,0.43058821559],"max":[-4.77731990814,-5.15827894211,-5.51299619675,-5.57013559341,-5.83356332779,-8.10263729095],"mean":[-7.83723306656,-7.23819065094,-7.85002565384,-7.80185556412,-7.96841049194,-11.070646286],"median":[-7.65906572342,-6.94096136093,-7.67536783218,-7.65443992615,-7.6631937027,-10.8293914795],"min":[-13.744761467,-13.9289798737,-14.5382299423,-16.3051624298,-16.6115074158,-17.3415584564],"var":[1.42828583717,1.27808332443,0.828034281731,0.685387790203,1.49408912659,1.91664242744]},"spectral_decrease":{"dmean":4.40739134078e-9,"dmean2":7.54485274257e-9,"dvar":1.70332542046e-16,"dvar2":4.58807307281e-16,"max":-1.14207463982e-16,"mean":-5.64406166248e-9,"median":-2.61374122346e-9,"min":-1.42707548889e-7,"var":1.28981981748e-16},"spectral_energy":{"dmean":0.0170639324933,"dmean2":0.0290989428759,"dvar":0.00248652882874,"dvar2":0.00668592052534,"max":0.550852119923,"mean":0.0226493980736,"median":0.0108072208241,"min":4.55018633883e-10,"var":0.00191707815975},"spectral_energyband_high":{"dmean":0.000218048022361,"dmean2":0.000304905348457,"dvar":2.32556530477e-7,"dvar2":4.54571761566e-7,"max":0.0102965682745,"mean":0.00042310092249,"median":0.000151903441292,"min":5.29101762403e-12,"var":5.41339943538e-7},"spectral_energyband_low":{"dmean":0.0122080193833,"dmean2":0.0214335229248,"dvar":0.00199214159511,"dvar2":0.00544881820679,"max":0.363796502352,"mean":0.01024270989,"median":0.00169310858473,"min":9.36203267687e-11,"var":0.00133872020524},"spectral_energyband_middle_high":{"dmean":0.00145319115836,"dmean2":0.00217805732973,"dvar":0.0000119070118672,"dvar2":0.000028493710488,"max":0.102487839758,"mean":0.00434287497774,"median":0.00274092843756,"min":6.81570702654e-11,"var":0.0000317596204695},"spectral_energyband_middle_low":{"dmean":0.00571036571637,"dmean2":0.00946760177612,"dvar":0.000355392869096,"dvar2":0.000917462108191,"max":0.516694664955,"mean":0.00888467114419,"median":0.00425714533776,"min":2.9212551822e-10,"var":0.000322890933603},"spectral_entropy":{"dmean":0.157644718885,"dmean2":0.22544631362,"dvar":0.0322479270399,"dvar2":0.0648102909327,"max":8.6398229599,"mean":7.48392486572,"median":7.53921890259,"min":5.24218559265,"var":0.140984520316},"spectral_flux":{"dmean":0.0339598581195,"dmean2":0.0546982139349,"dvar":0.0049720085226,"dvar2":0.00963670294732,"max":0.596855223179,"mean":0.0751389861107,"median":0.0488841049373,"min":0.000308985385345,"var":0.00781226158142},"spectral_kurtosis":{"dmean":2.48040246964,"dmean2":3.98436546326,"dvar":16.9419155121,"dvar2":41.9054069519,"max":167.888168335,"mean":7.57132005692,"median":5.86257266998,"min":-0.767584562302,"var":45.6514511108},"spectral_rms":{"dmean":0.00110288825817,"dmean2":0.001724039088,"dvar":0.00000555357064513,"dvar2":0.0000135391246658,"max":0.0231822505593,"mean":0.00373067636974,"median":0.00324709550478,"min":6.66273649585e-7,"var":0.00000817902855488},"spectral_rolloff":{"dmean":457.900299072,"dmean2":757.873535156,"dvar":518314.21875,"dvar2":1139682.125,"max":12424.6582031,"mean":1709.62927246,"median":1679.58984375,"min":21.533203125,"var":1129863},"spectral_skewness":{"dmean":0.267117321491,"dmean2":0.415528267622,"dvar":0.0966574028134,"dvar2":0.251247525215,"max":9.76071453094,"mean":1.81538450718,"median":1.73181843758,"min":-0.0934685096145,"var":0.391355454922},"spectral_spread":{"dmean":634619.1875,"dmean2":836822.8125,"dvar":700560113664,"dvar2":1141851815940,"max":28482786,"mean":3836840.75,"median":3592882.25,"min":254697.265625,"var":2356663025660},"spectral_strongpeak":{"dmean":0.595464169979,"dmean2":0.995915472507,"dvar":1.40859377384,"dvar2":3.50020051003,"max":20.7087669373,"mean":0.976911306381,"median":0.460157036781,"min":0,"var":2.31920313835},"zerocrossingrate":{"dmean":0.0102580413222,"dmean2":0.0123765952885,"dvar":0.000117955372843,"dvar2":0.000169224760612,"max":0.2646484375,"mean":0.0669099390507,"median":0.064453125,"min":0.00048828125,"var":0.000754211621825}},"metadata":{"audio_properties":{"analysis_sample_rate":44100,"bit_rate":0,"codec":"flac","downmix":"mix","equal_loudness":0,"length":211.093338013,"lossless":true,"md5_encoded":"0a02a8b8502df90ae598f0dfdcbb0602","replay_gain":-7.91965866089},"tags":{"acoustid_id":["592305ed-3a2d-42cd-aac4-e4ac82f7435b"],"album":["The Wall"],"albumartist":["Pink Floyd"],"albumartistsort":["Pink Floyd"],"arranger":["Michael Kamen","Bob Ezrin"],"artist":["Pink Floyd"],"artists":["Pink Floyd"],"artistsort":["Pink Floyd"],"asin":["B00004UPWW"],"barcode":["9399700047370"],"catalognumber":["4891012","489101 2"],"composer":["Roger Waters","David Gilmour"],"composersort":["Waters, Roger","Gilmour, David"],"date":["1994"],"discnumber":["1"],"disctotal":["2"],"engineer":["Rick Hart","Patrice Quef","James Guthrie","Brian Christian","Nick Griffiths"],"file_name":"1-09 Young Lust.flac","genre":["Progressive Rock"],"grouping":["Classic Rock"],"isrc":["GBDJQ7900013","USSM17900271"],"label":["Columbia"],"language":["eng"],"lyricist":["Roger Waters"],"media":["CD"],"mood":["Sexy; Chill; Funky; Upbeat"],"musicbrainz_albumartistid":["83d91898-7763-47d7-b03b-b92132375c47"],"musicbrainz_albumid":["c1adac5d-a176-49e2-946e-aff7b70a592f"],"musicbrainz_artistid":["83d91898-7763-47d7-b03b-b92132375c47"],"musicbrainz_recordingid":["919dd9f4-cd78-4359-8e89-195abd9b79cf"],"musicbrainz_releasegroupid":["f2026101-945b-3d05-9ef4-aa718fc3feef"],"musicbrainz_releasetrackid":["ff94e116-1398-3149-9c29-872435001207"],"musicbrainz_workid":["d7bf11f9-fd4b-3688-96b2-93d5ebf30ca4"],"originaldate":["1979-11-30"],"originalyear":["1994"],"performer":["Bruce Johnston (background vocals)","John Joyce (background vocals)","Stan Farber (background vocals)","Jim Haas (background vocals)","Toni Tennille (background vocals)","Joe Chemay (background vocals)"],"producer":["Roger Waters",