{"lowlevel":{"average_loudness":0.933839559555,"barkbands":{"dmean":[0.00227576005273,0.00527258170769,0.00125474971719,0.00115806853864,0.0023011281155,0.00305382884108,0.00136594229843,0.000759279297199,0.00112700916361,0.00069220084697,0.000393271911889,0.000245178525802,0.000148868639371,0.000278174877167,0.000304090091959,0.000175556328031,0.0000333867501467,0.0000270496457233,0.000026197742045,0.0000230887744692,0.0000141349564728,0.00000747576041249,0.00000322264304486,0.00000258603722614,0.00000222078642764,0.00000243281670009,0.0000138641953527],"dmean2":[0.00330761983059,0.00756238400936,0.00203506089747,0.00196437351406,0.00358923105523,0.00478866836056,0.00212544435635,0.00121480901726,0.00174996454734,0.00108206621371,0.000629855145235,0.000394445669372,0.000240620182012,0.000441832409706,0.000480914284708,0.000272378703812,0.0000502941802552,0.0000412576118833,0.0000404357924708,0.0000340152619174,0.0000207658958971,0.0000114173963084,0.00000500319947605,0.00000406320032198,0.00000352858796759,0.00000379919242732,0.0000193467694771],"dvar":[0.0000161283333,0.0000641598307993,0.00000356478653885,0.00000384291661248,0.0000154609479068,0.0000472739993711,0.0000118248754006,0.00000343502279065,0.00000564195261177,0.00000376533739654,9.9964427136e-7,3.4688034134e-7,8.76028281027e-8,2.75772265468e-7,3.25599984308e-7,1.97348683173e-7,6.85079237783e-9,3.70101793656e-9,2.49340303959e-9,2.82250867123e-9,2.349674455e-9,4.89269125215e-10,2.73829015018e-11,1.86438572913e-11,1.64013004567e-11,1.63847234391e-11,4.55855880821e-10],"dvar2":[0.0000330364164256,0.00012379339023,0.00000877756156115,0.0000103400734588,0.000034745404264,0.000114894442959,0.0000284789985017,0.000007997819921,0.0000123991649161,0.00000853759866004,0.00000257416650129,8.48311344726e-7,2.16033996026e-7,6.68453708386e-7,7.76207571107e-7,4.52322069577e-7,1.31812667448e-8,8.68363603246e-9,5.73941250082e-9,5.38883382362e-9,4.38930047864e-9,9.93872761867e-10,5.93374793745e-11,4.08354496051e-11,3.58236877662e-11,3.56757505482e-11,8.72970362664e-10],"max":[0.063508503139,0.187757447362,0.0440297871828,0.039113715291,0.0718698948622,0.147512793541,0.0929636508226,0.06230840832,0.0534162446856,0.0784618332982,0.0384985730052,0.0155427865684,0.00972080603242,0.0121475569904,0.0170007571578,0.0142997754738,0.00309465057217,0.00206475402229,0.00140850374009,0.00294101401232,0.0017198305577,0.00118715572171,0.0000809816847323,0.0000791696002125,0.0000757410816732,0.0000737757436582,0.000528316944838],"mean":[0.00416589714587,0.0115872528404,0.00181788241025,0.00154776044656,0.00409542908892,0.00511009991169,0.00232186331414,0.00123605271801,0.00197521387599,0.00103572639637,0.000630741240457,0.000423057877924,0.000262610410573,0.000474280735943,0.000561869936064,0.000305182562442,0.0000575708982069,0.0000451086452813,0.0000526530784555,0.0000485614800709,0.0000245621795329,0.0000121694720292,0.00000460222554466,0.00000314519093081,0.00000239272799263,0.0000031072429465,0.000037929003156],"median":[0.00146018411033,0.0046216067858,0.000946014304645,0.000753267726395,0.00183220789768,0.00145144434646,0.000755386718083,0.000458658236312,0.000652092567179,0.00028624443803,0.000262097659288,0.000180072369403,0.000136548696901,0.000198201509193,0.000248009775532,0.000103727681562,0.0000277464769169,0.0000267820432782,0.000030667262763,0.0000238294032897,0.0000108545300463,0.0000062211461227,0.00000224351902034,0.00000125613883029,6.0721401951e-7,0.00000131285241878,0.0000245178362093],"min":[1.50325428762e-23,7.77393865331e-24,3.81421662967e-24,4.86649672937e-25,3.63620543324e-23,1.4237891732e-23,1.4652714239e-23,3.42063656911e-23,5.11370435894e-23,2.15000694948e-23,3.71217526277e-23,9.04817589163e-23,6.0483101563e-23,1.02064818158e-22,1.38836565824e-22,1.69002051481e-22,1.39193093088e-22,1.63127965989e-22,2.15297634814e-22,2.61455363126e-22,2.82873959067e-22,5.53482027203e-22,6.70803591973e-22,8.24879865013e-22,9.85228049255e-22,1.75824044859e-21,2.44963257813e-21],"var":[0.0000380294004572,0.000359336059773,0.00000678534752296,0.00000557591420147,0.0000394281669287,0.00012225638784,0.0000275112361123,0.00000719160198059,0.0000143093620864,0.00000661976127958,0.00000156363353199,6.82174288613e-7,2.01068218075e-7,6.0368921595e-7,8.21459707367e-7,5.32049853064e-7,1.75569407901e-8,4.78364770018e-9,6.72194211404e-9,9.45235711924e-9,5.55418155912e-9,8.30813917663e-10,4.85171382236e-11,3.05316535942e-11,2.59941061731e-11,2.73612053153e-11,1.90153937041e-9]},"barkbands_crest":{"dmean":2.67019033432,"dmean2":4.26939821243,"dvar":5.41197824478,"dvar2":13.5164470673,"max":25.7503662109,"mean":10.9818439484,"median":10.2414245605,"min":3.00700831413,"var":17.7789382935},"barkbands_flatness_db":{"dmean":0.025590274483,"dmean2":0.039694879204,"dvar":0.000465536053525,"dvar2":0.00113079475705,"max":0.350879669189,"mean":0.173308283091,"median":0.170949608088,"min":0.0354049317539,"var":0.00199740985408},"barkbands_kurtosis":{"dmean":3.29262042046,"dmean2":5.13522911072,"dvar":23.1082782745,"dvar2":54.0348854065,"max":92.748008728,"mean":6.45617485046,"median":3.9723405838,"min":-1.85746860504,"var":73.2481155396},"barkbands_skewness":{"dmean":0.523347437382,"dmean2":0.803370177746,"dvar":0.256255030632,"dvar2":0.594334840775,"max":7.81762695312,"mean":1.71828317642,"median":1.57431292534,"min":-2.79922175407,"var":1.55485546589},"barkbands_spread":{"dmean":3.25043392181,"dmean2":5.0311293602,"dvar":15.5489168167,"dvar2":38.8790512085,"max":128.490890503,"mean":12.9532346725,"median":11.3887653351,"min":0.983321905136,"var":81.3935089111},"dissonance":{"dmean":0.0252494812012,"dmean2":0.0427686907351,"dvar":0.00051907566376,"dvar2":0.00145620945841,"max":0.500000059605,"mean":0.453694075346,"median":0.460779577494,"min":0.241118937731,"var":0.00106557109393},"dynamic_complexity":3.33983325958,"erbbands":{"dmean":[0.257871061563,0.890107512474,1.30548369884,2.69720697403,6.34320688248,7.49807405472,12.4372844696,29.7928352356,24.8987922668,16.4583625793,18.6673316956,26.1780700684,24.6831951141,15.1888837814,14.5470552444,9.33333396912,6.5551776886,12.3040132523,15.0776691437,12.871919632,6.83844041824,1.76428043842,1.49874985218,1.30289101601,1.25050997734,1.11083567142,0.711248755455,0.452495247126,0.285113215446,0.148762851954,0.086528301239,0.0596692115068,0.0400672927499,0.025137161836,0.0156493671238,0.00885843206197,0.00466871540993,0.00255087553523,0.00122186879162,0.00025615922641],"dmean2":[0.374090850353,1.26087355614,2.07766652107,4.39759588242,10.489730835,11.6772031784,19.2125282288,47.0061035156,38.6540489197,25.544549942,29.5695419312,40.908706665,38.1086730957,24.1576213837,22.9443569183,15.0623311996,10.4359359741,19.5636024475,23.6762332916,20.0246868134,10.3332090378,2.6132349968,2.25829029083,2.00255346298,1.90253400803,1.61484646797,1.03945863247,0.667860269547,0.436492711306,0.227522566915,0.13394318521,0.0932766124606,0.0631024986506,0.0399167500436,0.0248584803194,0.0140220727772,0.00726516032591,0.00382397556677,0.00169714458752,0.000353376963176],"dvar":[0.157535210252,2.1204726696,3.68812823296,17.8392047882,122.111534119,219.065963745,814.714782715,5362.27197266,3301.78295898,2389.26269531,2047.4510498,3689.69555664,3911.5324707,1848.33654785,1112.77600098,525.35345459,174.037979126,563.98449707,992.297729492,565.186157227,395.617401123,17.0473823547,12.2369174957,4.23023414612,8.27345466614,8.24391365051,4.95843172073,2.51138496399,0.700057983398,0.14246378839,0.0191678367555,0.0094822216779,0.00466464133933,0.00209308648482,0.000814078317489,0.000249029661063,0.0000578351355216,0.0000363077742804,0.00000873967746884,1.6447670248e-7],"dvar2":[0.344446390867,3.66280007362,8.55253314972,43.7640838623,310.705352783,485.195770264,1849.03759766,13299.5283203,7653.2578125,5556.02148438,4896.30957031,8257.54980469,8794.61816406,4311.56396484,2659.19824219,1293.82128906,424.447998047,1382.16125488,2431.26049805,1329.09179688,802.654785156,35.3277626038,28.3921031952,9.8168554306,19.5919647217,15.650472641,9.52057361603,4.64525699615,1.34882187843,0.313700020313,0.0412478074431,0.0207830611616,0.0101953279227,0.00456901360303,0.00177799444646,0.00054327736143,0.000125847305753,0.0000732018452254,0.0000145164494825,3.16933096656e-7],"max":[8.51626968384,37.3758010864,44.218547821,68.9933700562,228.275543213,272.183837891,613.250427246,1722.81396484,1417.22399902,2005.375,1655.73449707,1629.74597168,1729.06542969,1644.63037109,722.876159668,626.762390137,435.182952881,614.564147949,879.386169434,577.725280762,769.409851074,142.280960083,119.769493103,44.8663215637,95.3514556885,177.563415527,81.739730835,60.3359336853,37.1142082214,22.0360069275,2.37184667587,1.73451030254,1.26162815094,0.856155097485,0.533855021,0.295495301485,0.136908605695,0.322036772966,0.0982738360763,0.0123334415257],"mean":[0.528218626976,1.89246964455,2.11439228058,4.1194524765,10.0794353485,12.6025953293,19.372379303,49.6847572327,42.6716308594,27.8216915131,33.2776565552,46.8328361511,38.7583885193,24.8388614655,25.2159690857,17.0096359253,13.0260734558,22.3673801422,28.3717021942,25.6369380951,12.8091030121,3.35934948921,2.53616094589,2.57209014893,2.61815834045,2.3197593689,1.32017505169,0.800888359547,0.47538793087,0.228290438652,0.122690536082,0.0763636082411,0.0468298979104,0.0274416077882,0.016922255978,0.0100314980373,0.0061038127169,0.0042959228158,0.00284094945528,0.000775703811087],"median":[0.220351785421,0.64711022377,1.16474473476,2.13754892349,4.63091850281,4.81364059448,6.80242586136,12.6177558899,12.7932424545,10.4669561386,13.184844017,16.2130260468,10.8853807449,10.8040790558,10.4404792786,7.68971967697,7.35689926147,10.2792291641,12.2619066238,11.6156549454,4.69488048553,1.76747202873,1.46168255806,1.68411612511,1.40941941738,1.09770786762,0.594728827477,0.371940463781,0.240586474538,0.118551045656,0.0596847571433,0.0332903787494,0.0171755924821,0.00740138161927,0.00433635804802,0.00319901923649,0.00270421034656,0.00233449251391,0.00163678429089,0.000531555910129],"min":[2.85682404864e-22,1.60348608334e-21,4.34907534222e-21,4.75484337949e-21,2.86514684673e-20,1.4376109533e-19,1.66205788221e-19,1.35955676898e-19,2.30717733441e-19,3.60444882498e-19,1.07783277837e-18,1.01501699285e-18,9.47777858997e-19,1.28589310426e-18,1.61698682689e-18,2.87628214534e-18,3.03495875468e-18,5.10576488636e-18,3.82930856872e-18,1.03013541426e-17,9.70613896206e-18,1.0059319441e-17,9.4849707186e-18,6.18355310037e-18,1.19194856841e-17,1.28596260811e-17,1.27581591441e-17,1.1275799374e-17,1.74679319917e-17,1.9290617854e-17,1.85458244304e-17,1.98653809939e-17,1.58546866061e-17,8.01055519113e-18,7.04905616353e-18,5.54887975024e-18,3.42680992728e-18,1.39193807238e-18,3.17165112639e-19,3.83320342618e-20],"var":[0.641438543797,12.2935466766,8.19838905334,32.8281936646,271.451202393,530.886352539,1530.77905273,14410.2568359,7860.71679688,4951.47363281,4370.05810547,9115.44628906,8345.65917969,3032.52563477,2374.98779297,1042.43261719,432.480957031,1266.83581543,2224.17602539,1630.24023438,1149.97705078,38.4855003357,16.293302536,8.87814044952,22.0944347382,26.5460262299,11.2891130447,6.0582408905,1.31648254395,0.203719332814,0.034318882972,0.0157057475299,0.00759773747995,0.00332504836842,0.00129158468917,0.000399597396608,0.0000977970266831,0.0000663136015646,0.00002755695823,7.14056000106e-7]},"erbbands_crest":{"dmean":2.90233254433,"dmean2":4.75836324692,"dvar":7.16102457047,"dvar2":18.0634899139,"max":31.1042118073,"mean":9.74515247345,"median":8.56120586395,"min":2.74344086647,"var":20.6834621429},"erbbands_flatness_db":{"dmean":0.0245426762849,"dmean2":0.0376728102565,"dvar":0.000433240580605,"dvar2":0.0010415391298,"max":0.359839767218,"mean":0.181168079376,"median":0.179967790842,"min":0.0493740513921,"var":0.00200458243489},"erbbands_kurtosis":{"dmean":1.01422321796,"dmean2":1.61603474617,"dvar":2.05385828018,"dvar2":4.77259588242,"max":50.8695068359,"mean":0.665368020535,"median":0.113959312439,"min":-1.79786741734,"var":4.38727760315},"erbbands_skewness":{"dmean":0.36505189538,"dmean2":0.568290352821,"dvar":0.102010317147,"dvar2":0.242080643773,"max":5.58487844467,"mean":0.453700184822,"median":0.440427660942,"min":-2.80636572838,"var":0.575591802597},"erbbands_spread":{"dmean":5.06972789764,"dmean2":7.79442214966,"dvar":20.4730510712,"dvar2":46.2889137268,"max":124.263961792,"mean":25.5253372192,"median":23.8827171326,"min":2.50584697723,"var":133.278198242},"gfcc":{"cov":[[21821.8144531,4420.64208984,-849.991943359,-479.837097168,372.28918457,-537.859558105,176.549972534,-435.794219971,156.287002563,-15.3781137466,-1.95380723476,-325.990203857,278.424804688],[4420.64208984,1706.85974121,-219.588851929,-157.903289795,190.641311646,-254.204147339,152.804077148,-235.995040894,107.761932373,-69.5347824097,29.5841884613,-86.7870788574,44.5442466736],[-849.991943359,-219.588851929,412.822143555,202.241104126,-70.9440841675,206.470336914,-91.8436889648,147.4818573,-73.7685317993,50.9034194946,1.16308104992,59.4550247192,-16.3180675507],[-479.837097168,-157.903289795,202.241104126,240.869400024,75.188079834,102.079772949,34.5735588074,22.5938911438,-37.4253044128,-4.96300983429,-2.72892403603,42.3911933899,-35.1293449402],[372.28918457,190.641311646,-70.9440841675,75.188079834,229.870941162,44.2585716248,87.6288299561,-71.8652114868,18.123342514,-36.4855232239,12.3936500549,-8.22191810608,4.54524993896],[-537.859558105,-254.204147339,206.470336914,102.079772949,44.2585716248,288.032318115,-44.094165802,119.278144836,-59.0611534119,16.4848442078,-12.5128679276,49.2105712891,-14.0856838226],[176.549972534,152.804077148,-91.8436889648,34.5735588074,87.6288299561,-44.094165802,201.638641357,-32.6141357422,61.3688163757,-26.7290935516,1.01669991016,-5.27669525146,-11.3534679413],[-435.794219971,-235.995040894,147.4818573,22.5938911438,-71.8652114868,119.278144836,-32.6141357422,238.910400391,27.9332332611,50.2031173706,1.58129608631,8.35247325897,6.21845674515],[156.287002563,107.761932373,-73.7685317993,-37.4253044128,18.123342514,-59.0611534119,61.3688163757,27.9332332611,143.856567383,35.1894721985,1.28810489178,-8.25158309937,-1.22982883453],[-15.3781137466,-69.5347824097,50.9034194946,-4.96300983429,-36.4855232239,16.4848442078,-26.7290935516,50.2031173706,35.1894721985,116.48474884,54.4526748657,1.35235488415,43.7723770142],[-1.95380723476,29.5841884613,1.16308104992,-2.72892403603,12.3936500549,-12.5128679276,1.01669991016,1.58129608631,1.28810489178,54.4526748657,89.1998138428,37.124332428,29.6028709412],[-325.990203857,-86.7870788574,59.4550247192,42.3911933899,-8.22191810608,49.2105712891,-5.27669525146,8.35247325897,-8.25158309937,1.35235488415,37.124332428,93.4494171143,6.703353405],[278.424804688,44.5442466736,-16.3180675507,-35.1293449402,4.54524993896,-14.0856838226,-11.3534679413,6.21845674515,-1.22982883453,43.7723770142,29.6028709412,6.703353405,97.1156845093]],"icov":[[0.000307307898765,-0.0014984535519,0.003675238695,-0.00349247269332,0.00221928791143,-0.00158868310973,0.00115979567636,-0.00101826619357,0.000876137346495,-0.00147571472917,0.000954713847023,-0.000124257450807,-0.000579222571105],[-0.0014984535519,0.00889379531145,-0.021994959563,0.0214183945209,-0.0140230441466,0.00990248192102,-0.00695828022435,0.00621421122923,-0.00509068183601,0.00852974038571,-0.00530780758709,0.00125035247765,0.00277229491621],[0.003675238695,-0.021994959563,0.0708176642656,-0.0716312378645,0.0509028621018,-0.0376453399658,0.0222880300134,-0.013059316203,0.00418856739998,-0.0102517567575,-0.000545398565009,0.00834196805954,-0.0145963029936],[-0.00349247269332,0.0214183945209,-0.0716312378645,0.0853054299951,-0.0654362440109,0.0475487560034,-0.0252431742847,0.00517604593188,0.0119590759277,-0.0112918252125,0.0217554084957,-0.0274011977017,0.0261872895062],[0.00221928791143,-0.0140230441466,0.0509028621018,-0.0654362440109,0.0668094307184,-0.0497739389539,0.0162076186389,0.00789659935981,-0.0257104560733,0.0326796546578,-0.0410475470126,0.0399807840586,-0.0293070916086],[-0.00158868310973,0.00990248192102,-0.0376453399658,0.0475487560034,-0.0497739389539,0.0444193258882,-0.0126063572243,-0.0095434486866,0.0241241659969,-0.029249606654,0.0364035069942,-0.0351958982646,0.0236181672662],[0.00115979567636,-0.00695828022435,0.0222880300134,-0.0252431742847,0.0162076186389,-0.0126063572243,0.01498649735,-0.00296490010805,-0.0045572980307,0.00272845639847,-0.00482953852043,0.00596535298973,-0.00639185635373],[-0.00101826619357,0.00621421122923,-0.013059316203,0.00517604593188,0.00789659935981,-0.0095434486866,-0.00296490010805,0.0195509344339,-0.0213121958077,0.0257228855044,-0.0253834240139,0.0204710587859,-0.00914465822279],[0.000876137346495,-0.00509068183601,0.00418856739998,0.0119590759277,-0.0257104560733,0.0241241659969,-0.0045572980307,-0.0213121958077,0.0445061586797,-0.0521125793457,0.0498259365559,-0.039767563343,0.0219959467649],[-0.00147571472917,0.00852974038571,-0.0102517567575,-0.0112918252125,0.0326796546578,-0.029249606654,0.00272845639847,0.0257228855044,-0.0521125793457,0.0839445069432,-0.075909242034,0.0571791082621,-0.0318924374878],[0.000954713847023,-0.00530780758709,-0.000545398565009,0.0217554084957,-0.0410475470126,0.0364035069942,-0.00482953852043,-0.0253834240139,0.0498259365559,-0.075909242034,0.0875251367688,-0.0632065683603,0.0282655581832],[-0.000124257450807,0.00125035247765,0.00834196805954,-0.0274011977017,0.0399807840586,-0.0351958982646,0.00596535298973,0.0204710587859,-0.039767563343,0.0571791082621,-0.0632065683603,0.0618606358767,-0.0275955796242],[-0.000579222571105,0.00277229491621,-0.0145963029936,0.0261872895062,-0.0293070916086,0.0236181672662,-0.00639185635373,-0.00914465822279,0.0219959467649,-0.0318924374878,0.0282655581832,-0.0275955796242,0.0302836894989]],"mean":[-49.2325592041,129.326522827,-98.1782989502,-1.73496842384,-25.1655025482,-10.5181455612,-10.8809566498,-11.0137796402,-3.02629947662,1.66992652416,-8.74473190308,-4.25257587433,-3.37525010109]},"hfc":{"dmean":4.00621175766,"dmean2":5.65554046631,"dvar":28.8440246582,"dvar2":58.7819061279,"max":134.887634277,"mean":14.0663948059,"median":10.6747846603,"min":1.19373835564e-16,"var":140.291824341},"melbands":{"dmean":[0.00186731980648,0.000774334941525,0.000536449195351,0.000470576545922,0.000427029124694,0.000649982597679,0.000357375975,0.000168251310242,0.000170904342667,0.0001583887788,0.000123262987472,0.0000643596140435,0.000052855721151,0.0000302735734294,0.0000186751640285,0.0000155375182658,0.0000259302214545,0.0000264729642367,0.0000212555951293,0.0000159493101819,0.00000644469082545,0.00000192684842659,0.00000160602053256,0.00000122275343983,0.00000112383611395,0.00000107439541353,9.32597629344e-7,7.85699228345e-7,5.18412207384e-7,3.52862343789e-7,2.54433672353e-7,1.84187271657e-7,1.21576135825e-7,7.19320070175e-8,5.2771511605e-8,4.04872615434e-8,3.52646125634e-8,2.93847044475e-8,2.34308270564e-8,2.04855776786e-8],"dmean2":[0.00266016973183,0.00115203950554,0.000885312852915,0.000747170997784,0.000652867020108,0.0010182276601,0.000553439254873,0.000262627494521,0.000268077885266,0.000248571974225,0.000190502469195,0.000102835758298,0.0000838773485157,0.0000482770738017,0.0000301457785099,0.0000250158882409,0.0000413886627939,0.0000418428389821,0.0000333658281306,0.0000249372187682,0.00000975917555479,0.00000293273751595,0.00000247794378083,0.00000187087925951,0.00000176628702775,0.00000168374253917,0.00000143834893152,0.00000115661782729,7.84381597896e-7,5.33383797574e-7,3.86511061379e-7,2.84293207642e-7,1.88661914535e-7,1.11744689946e-7,8.21908727744e-8,6.3439571818e-8,5.54653780682e-8,4.62822242753e-8,3.7172803502e-8,3.25443139104e-8],"dvar":[0.00000798165365268,0.00000128335091176,6.77898071899e-7,5.85879149639e-7,8.73837677773e-7,0.00000232099455388,6.84226904468e-7,2.18701984522e-7,1.40574599072e-7,1.2580613884e-7,1.00160441718e-7,4.03568556351e-8,1.71576370889e-8,6.02906657932e-9,1.5684330501e-9,7.14701242632e-10,2.71203592916e-9,3.23425353166e-9,1.42421463512e-9,1.32143351816e-9,4.18152706905e-10,2.21742242623e-11,1.6811886952e-11,5.7615271061e-12,3.29280678245e-12,6.39355669102e-12,3.68589620631e-12,5.82481068587e-12,2.1049191036e-12,2.18990515825e-12,7.24642242912e-13,2.36105107904e-13,4.36908674387e-13,1.5786180143e-14,7.34639637263e-15,4.311782678e-15,3.33932088016e-15,2.44041627049e-15,1.78009521931e-15,1.39532372676e-15],"dvar2":[0.0000160385097843,0.00000246271065407,0.00000177454035111,0.00000137316897053,0.00000195062511921,0.00000573052147956,0.00000160431147833,5.03375588323e-7,3.28289900153e-7,2.87985699288e-7,2.26657618896e-7,9.28194268113e-8,4.28258388752e-8,1.45200260704e-8,3.90800503069e-9,1.72671699161e-9,6.67453736725e-9,8.03209143641e-9,3.4328113685e-9,3.17585313603e-9,8.18076939524e-10,4.60405914782e-11,4.04610858706e-11,1.29085058614e-11,7.81456409998e-12,1.53305233092e-11,8.8383935587e-12,1.08289514508e-11,4.09806043267e-12,4.58623156813e-12,1.53403743701e-12,4.89372485677e-13,1.0119648175e-12,3.57614701469e-14,1.59746686907e-14,9.38528429777e-15,7.35503780276e-15,5.36148011635e-15,3.8791275659e-15,3.04758219257e-15],"max":[0.0641162768006,0.0241947304457,0.0146410213783,0.0114098964259,0.0203611403704,0.0341566689312,0.0197211224586,0.0179057754576,0.01213829685,0.0104150492698,0.00831615831703,0.00852097850293,0.00402377359569,0.00235884636641,0.00119927490596,0.000853696197737,0.00135160738137,0.00160522211809,0.000824717222713,0.00110894104,0.000793637183961,0.000156711583259,0.000134879548568,0.0000653959068586,0.0000398057309212,0.0000844749301905,0.0000535881335963,0.000164646320627,0.0000459809816675,0.0000561598062632,0.0000285813348455,0.0000168786264112,0.0000455524277641,0.00000238642883232,0.00000167535722539,0.00000114286558528,0.00000102666547264,8.97902964425e-7,7.89700550285e-7,6.98665473919e-7],"mean":[0.00419196253642,0.00155253510457,0.000884980952833,0.00081916997442,0.000687900232151,0.00109699147288,0.000620480801445,0.000279879604932,0.0003007115738,0.000279284402495,0.000186250152183,0.0000977780218818,0.0000868048082339,0.0000534000100743,0.0000332513736794,0.0000275277598121,0.0000435285910498,0.0000454479741165,0.0000394499038521,0.0000292354998237,0.0000111451245175,0.00000332861986863,0.00000242947680817,0.00000207107814276,0.00000206371760214,0.00000202089427148,0.00000177679999069,0.00000149065135702,9.06698005565e-7,5.60979287911e-7,4.25801687243e-7,2.90520034696e-7,1.8088964282e-7,1.03955230202e-7,7.30046281205e-8,5.47292131614e-8,4.29978754823e-8,3.42637633821e-8,2.60227519533e-8,2.2082376816e-8],"median":[0.00184209528379,0.000794540566858,0.000493129424285,0.000376688316464,0.000227332639042,0.00029182882281,0.000187322730199,0.000105060171336,0.000116397030069,0.0000950935427682,0.0000448216669611,0.0000388313164876,0.000035155495425,0.0000216059179365,0.0000161737771123,0.0000148767967403,0.0000176727808139,0.0000178812188096,0.0000180800052476,0.0000111037834358,0.00000366566086996,0.00000163297079325,0.00000125003839457,0.00000125589554045,0.00000131806541503,0.00000104621051378,8.7341697963e-7,6.54160487557e-7,3.98624479203e-7,2.31097956771e-7,1.96105702344e-7,1.42380073953e-7,8.91048657081e-8,5.16628837488e-8,3.46123982808e-8,2.56711665259e-8,1.744244571e-8,1.26593420191e-8,7.73792496744e-9,5.59527535415e-9],"min":[3.11944257297e-24,2.54859738119e-24,9.27244857367e-25,6.25599277796e-24,8.69376072398e-24,3.3168485064e-24,3.06126999766e-24,4.31082192445e-24,1.13014666639e-23,6.34847015301e-24,4.64340883753e-24,4.04038502335e-24,4.47404868422e-24,1.22730174996e-23,5.61108242186e-24,7.16825046142e-24,9.46094767583e-24,5.1710230712e-24,1.11023242504e-23,9.79682492776e-24,1.08147229193e-23,9.57388021417e-24,9.61589494598e-24,6.66590225925e-24,4.53107543906e-24,7.93514790131e-24,8.23646989014e-24,8.66650636857e-24,7.42738653562e-24,7.51306550739e-24,6.84542727975e-24,9.40488806447e-24,1.16140188766e-23,9.52795588771e-24,9.10484955233e-24,1.1372852265e-23,1.27118884313e-23,1.06879403501e-23,7.91058750589e-24,6.28205555897e-24],"var":[0.0000401467259508,0.00000535935896551,0.00000128059468807,0.0000014400419559,0.00000186600493635,0.00000619518641543,0.00000165473522884,4.52142614904e-7,3.15785825933e-7,3.12027282234e-7,2.08361754517e-7,6.26367295808e-8,2.99461930808e-8,1.19371996732e-8,3.42061068359e-9,1.72939118581e-9,5.75501957201e-9,6.42684749863e-9,3.55920315442e-9,3.69527386468e-9,1.14178622113e-9,5.05965512543e-11,1.98913160249e-11,8.87903726238e-12,6.26325684025e-12,1.55027726767e-11,9.44367153921e-12,1.66360623194e-11,4.59847741482e-12,4.19361073645e-12,1.55965941117e-12,4.60666552647e-13,4.44766890418e-13,2.68874075023e-14,1.28040541155e-14,7.28020074781e-15,5.41650549418e-15,3.96594632542e-15,2.84373863162e-15,2.2128117413e-15]},"melbands_crest":{"dmean":3.84979557991,"dmean2":6.13714265823,"dvar":11.4283256531,"dvar2":28.9189243317,"max":34.9896202087,"mean":15.9729852676,"median":15.0688047409,"min":1.81189978123,"var":41.3626022339},"melbands_flatness_db":{"dmean":0.030340095982,"dmean2":0.0468637831509,"dvar":0.000648907735012,"dvar2":0.00157480943017,"max":0.495184481144,"mean":0.28108856082,"median":0.283309310675,"min":0.00413844455034,"var":0.0044052475132},"melbands_kurtosis":{"dmean":5.11340713501,"dmean2":8.0080242157,"dvar":59.2318267822,"dvar2":141.89151001,"max":155.130081177,"mean":10.5961198807,"median":5.96063518524,"min":-1.54192471504,"var":215.663742065},"melbands_skewness":{"dmean":0.627684235573,"dmean2":0.967138290405,"dvar":0.36986348033,"dvar2":0.862051665783,"max":10.2628211975,"mean":2.28819227219,"median":2.02730870247,"min":-0.697538614273,"var":2.10132956505},"melbands_spread":{"dmean":3.78242325783,"dmean2":5.90891075134,"dvar":20.6521129608,"dvar2":50.7686080933,"max":204.131134033,"mean":15.6538448334,"median":11.6537017822,"min":0.862470030785,"var":393.727905273},"mfcc":{"cov":[[8607.78613281,2347.72119141,-488.818908691,178.831985474,-93.778503418,113.969177246,-73.4924163818,-167.174407959,86.5699691772,252.932510376,-25.4074382782,-85.742515564,72.0247879028],[2347.72119141,1531.73242188,-245.250854492,112.038963318,-60.5774154663,54.8265991211,-52.1032447815,-68.947593689,-5.46209192276,102.203613281,-3.06236314774,-75.544052124,33.5554924011],[-488.818908691,-245.250854492,464.042449951,-8.36053276062,104.044075012,-24.7422828674,50.9940223694,45.5329322815,15.8781032562,-31.1390838623,49.5225028992,32.6907043457,-14.3034963608],[178.831985474,112.038963318,-8.36053276062,213.374389648,-7.99183082581,54.609249115,31.0244274139,12.8133010864,-5.16837739944,13.9084644318,-0.0101813860238,-2.23952078819,-4.06206703186],[-93.778503418,-60.5774154663,104.044075012,-7.99183082581,198.21862793,71.6993637085,57.8156166077,45.2088623047,8.86962032318,-31.7648086548,7.50524377823,36.7847557068,13.2334270477],[113.969177246,54.8265991211,-24.7422828674,54.609249115,71.6993637085,195.752258301,69.9073791504,32.7932014465,2.07871317863,-45.7161216736,-16.6291656494,26.7177181244,7.2185587883],[-73.4924163818,-52.1032447815,50.9940223694,31.0244274139,57.8156166077,69.9073791504,144.683059692,46.2997398376,0.440428614616,-13.9256353378,-12.1645917892,10.133482933,19.6281585693],[-167.174407959,-68.947593689,45.5329322815,12.8133010864,45.2088623047,32.7932014465,46.2997398376,163.082382202,46.9118080139,-35.1376800537,19.9538650513,56.3313446045,-6.46295785904],[86.5699691772,-5.46209192276,15.8781032562,-5.16837739944,8.86962032318,2.07871317863,0.440428614616,46.9118080139,109.371986389,49.719039917,16.3161277771,23.2662010193,4.95328330994],[252.932510376,102.203613281,-31.1390838623,13.9084644318,-31.7648086548,-45.7161216736,-13.9256353378,-35.1376800537,49.719039917,134.428955078,31.4845046997,-27.6817798615,9.05134773254],[-25.4074382782,-3.06236314774,49.5225028992,-0.0101813860238,7.50524377823,-16.6291656494,-12.1645917892,19.9538650513,16.3161277771,31.4845046997,83.3689651489,25.7625141144,-6.40704250336],[-85.742515564,-75.544052124,32.6907043457,-2.23952078819,36.7847557068,26.7177181244,10.133482933,56.3313446045,23.2662010193,-27.6817798615,25.7625141144,109.52936554,28.2180709839],[72.0247879028,33.5554924011,-14.3034963608,-4.06206703186,13.2334270477,7.2185587883,19.6281585693,-6.46295785904,4.95328330994,9.05134773254,-6.40704250336,28.2180709839,79.1481552124]],"icov":[[0.000210255690035,-0.000310743227601,0.0000532450285391,-0.00000666168807584,-0.0000267863251793,-0.0000203391155082,-0.0000595239253016,0.000179952709004,-0.000196808949113,-0.000111750065116,0.000107444429887,-0.000171248131664,0.000080327183241],[-0.000310743227601,0.0012917232234,0.000206231299671,-0.000328601483488,0.0000120027816592,-0.000438282266259,0.000615514058154,-0.000424322934123,0.00051612732932,-0.0003760442778,-0.00036554489634,0.000915242533665,-0.000738972215913],[0.0000532450285391,0.000206231299671,0.00325722876005,-0.000475475389976,-0.00163468322717,0.0016262709396,-0.00144520122558,0.000805375981145,-0.00130300980527,0.00178400601726,-0.00227057328448,0.000179075446795,0.000607389549259],[-0.00000666168807584,-0.000328601483488,-0.000475475389976,0.00572907598689,0.00110700889491,-0.00201438600197,-0.000557377643418,-0.000995635287836,0.00163713272195,-0.00208681542426,0.000608739734162,-0.000507732329424,0.000775518652517],[-0.0000267863251793,0.0000120027816592,-0.00163468322717,0.00110700889491,0.00754181714728,-0.00268201320432,-0.000980207347311,-0.000823674548883,0.000370894995285,-0.000127224819153,-0.0000477329631394,-0.000759710383136,-0.000801532296464],[-0.0000203391155082,-0.000438282266259,0.0016262709396,-0.00201438600197,-0.00268201320432,0.00922435242683,-0.00395426899195,0.00175203930121,-0.00268202740699,0.00427398597822,-0.000505220843479,-0.0012745258864,0.00121824385133],[-0.0000595239253016,0.000615514058154,-0.00144520122558,-0.000557377643418,-0.000980207347311,-0.00395426899195,0.0116618564352,-0.00433126837015,0.00299155758694,-0.00316447229125,0.00257785175927,0.00212405133061,-0.00359169044532],[0.000179952709004,-0.000424322934123,0.000805375981145,-0.000995635287836,-0.000823674548883,0.00175203930121,-0.00433126837015,0.0120297893882,-0.00700873602182,0.0057769054547,-0.00305456924252,-0.0034288817551,0.00289812823758],[-0.000196808949113,0.00051612732932,-0.00130300980527,0.00163713272195,0.000370894995285,-0.00268202740699,0.00299155758694,-0.00700873602182,0.0175958871841,-0.0108789373189,0.00387487839907,-0.00296608242206,0.000191290077055],[-0.000111750065116,-0.0003760442778,0.00178400601726,-0.00208681542426,-0.000127224819153,0.00427398597822,-0.00316447229125,0.0057769054547,-0.0108789373189,0.0184512399137,-0.00869704503566,0.00508480658755,-0.00258173746988],[0.000107444429887,-0.00036554489634,-0.00227057328448,0.000608739734162,-0.0000477329631394,-0.000505220843479,0.00257785175927,-0.00305456924252,0.00387487839907,-0.00869704503566,0.019146008417,-0.0064149312675,0.0034324801527],[-0.000171248131664,0.000915242533665,0.000179075446795,-0.000507732329424,-0.000759710383136,-0.0012745258864,0.00212405133061,-0.0034288817551,-0.00296608242206,0.00508480658755,-0.0064149312675,0.017133211717,-0.00781289115548],[0.000080327183241,-0.000738972215913,0.000607389549259,0.000775518652517,-0.000801532296464,0.00121824385133,-0.00359169044532,0.00289812823758,0.000191290077055,-0.00258173746988,0.0034324801527,-0.00781289115548,0.0175211690366]],"mean":[-698.920288086,183.564605713,-12.7377538681,23.5296897888,-0.766552329063,12.594745636,-2.53720831871,-2.69280385971,2.96330022812,10.4903583527,-0.737893283367,-3.64840888977,2.67751264572]},"pitch_salience":{"dmean":0.0770502462983,"dmean2":0.123882010579,"dvar":0.00435620499775,"dvar2":0.0109260901809,"max":0.836924850941,"mean":0.542510688305,"median":0.547182500362,"min":0.122953079641,"var":0.0148731311783},"silence_rate_20dB":{"dmean":0,"dmean2":0,"dvar":0,"dvar2":0,"max":1,"mean":1,"median":1,"min":1,"var":0},"silence_rate_30dB":{"dmean":0.0222024861723,"dmean2":0.044411547482,"dvar":0.0217093024403,"dvar2":0.048066906631,"max":1,"mean":0.9615213871,"median":1,"min":0,"var":0.0369976609945},"silence_rate_60dB":{"dmean":0.00503256358206,"dmean2":0.0100666172802,"dvar":0.00500742346048,"dvar2":0.0117416111752,"max":1,"mean":0.0458783470094,"median":0,"min":0,"var":0.0437741987407},"spectral_centroid":{"dmean":134.621337891,"dmean2":202.080917358,"dvar":30674.5546875,"dvar2":52557.6484375,"max":10749.4355469,"mean":810.524597168,"median":673.787414551,"min":165.420578003,"var":363056.03125},"spectral_complexity":{"dmean":2.43635296822,"dmean2":3.79067349434,"dvar":4.68808984756,"dvar2":10.4447650909,"max":34,"mean":15.3722066879,"median":16,"min":0,"var":31.7985343933},"spectral_contrast_coeffs":{"dmean":[0.0545354560018,0.0497388541698,0.039351709187,0.0290450006723,0.021982524544,0.0429091528058],"dmean2":[0.0889468640089,0.0808852165937,0.0648023188114,0.0472494959831,0.0350437164307,0.0687904059887],"dvar":[0.00183247006498,0.00161183893215,0.00101415312383,0.000543054717127,0.000332103605615,0.00156732462347],"dvar2":[0.00472579849884,0.00424209237099,0.00269572949037,0.00140820990782,0.000814522732981,0.00408107368276],"max":[-0.335996627808,-0.325604379177,-0.521589159966,-0.586368978024,-0.644819259644,-0.422922462225],"mean":[-0.684271335602,-0.739064514637,-0.778551578522,-0.797565996647,-0.82471549511,-0.773239850998],"median":[-0.692413985729,-0.745587229729,-0.782804429531,-0.799403965473,-0.824085950851,-0.78370565176],"min":[-0.957058370113,-0.975622713566,-0.979881584644,-0.973852097988,-0.96479934454,-0.960857629776],"var":[0.00793160591274,0.00671840831637,0.00408662576228,0.00241433572955,0.0015038739657,0.00397358322516]},"spectral_contrast_valleys":{"dmean":[0.389759510756,0.327994197607,0.287639439106,0.247274577618,0.278974741697,0.740095615387],"dmean2":[0.6215082407,0.531749725342,0.455836772919,0.37613388896,0.405778706074,1.16944515705],"dvar":[0.111805848777,0.0964149683714,0.0823524966836,0.0710194781423,0.0945955067873,0.437999367714],"dvar2":[0.245900779963,0.201739326119,0.153468102217,0.114210799336,0.158395364881,1.16241466999],"max":[-4.69038295746,-4.6318693161,-5.41496944427,-5.83920812607,-6.43930101395,-8.86549377441],"mean":[-7.07350206375,-6.54756546021,-7.23434209824,-7.65528821945,-8.30680847168,-11.5044488907],"median":[-6.72042226791,-6.28243350983,-6.94577217102,-7.39974927902,-8.08162879944,-11.3501901627],"min":[-27.1282901764,-27.3099956512,-27.590883255,-27.2567005157,-27.273859024,-27.2200546265],"var":[3.54268574715,2.83727502823,2.51565074921,2.31954813004,1.70484483242,1.63427293301]},"spectral_decrease":{"dmean":3.01284330817e-9,"dmean2":4.27891144739e-9,"dvar":1.20773241527e-17,"dvar2":2.44928708773e-17,"max":8.23714725786e-18,"mean":-9.69592583999e-9,"median":-7.89480836261e-9,"min":-8.07205111641e-8,"var":6.65088549648e-17},"spectral_energy":{"dmean":0.0116543080658,"dmean2":0.0165317114443,"dvar":0.000180219314643,"dvar2":0.000365805579349,"max":0.309529274702,"mean":0.0378705896437,"median":0.0310304332525,"min":1.04646417346e-20,"var":0.000992883229628},"spectral_energyband_high":{"dmean":0.0000460086703242,"dmean2":0.0000655797848594,"dvar":9.46839140425e-9,"dvar2":1.58307713605e-8,"max":0.00323761231266,"mean":0.0000961282057688,"median":0.0000552849560336,"min":7.80589906889e-21,"var":2.86128152283e-8},"spectral_energyband_low":{"dmean":0.0069651985541,"dmean2":0.0098999524489,"dvar":0.0000937861696002,"dvar2":0.000182068411959,"max":0.221848621964,"mean":0.0171805918217,"median":0.00957024563104,"min":2.23575960086e-23,"var":0.000510701211169},"spectral_energyband_middle_high":{"dmean":0.00127648469061,"dmean2":0.00185407453682,"dvar":0.00000525593623024,"dvar2":0.0000112303405331,"max":0.0864943936467,"mean":0.00354568962939,"median":0.00225283997133,"min":1.36211443728e-21,"var":0.0000167963553395},"spectral_energyband_middle_low":{"dmean":0.00664348946884,"dmean2":0.0101581588387,"dvar":0.0000861626904225,"dvar2":0.000202659372007,"max":0.149506464601,"mean":0.0168009549379,"median":0.0115574579686,"min":2.4327296492e-22,"var":0.000285100017209},"spectral_entropy":{"dmean":0.195578455925,"dmean2":0.298017770052,"dvar":0.0297647714615,"dvar2":0.0703660696745,"max":9.80331611633,"mean":7.18178033829,"median":7.1650352478,"min":5.68989562988,"var":0.179245322943},"spectral_flux":{"dmean":0.0230070836842,"dmean2":0.0379356443882,"dvar":0.000540222390555,"dvar2":0.00141666980926,"max":0.277960062027,"mean":0.088001601398,"median":0.085405997932,"min":1.02296830728e-10,"var":0.00157909211703},"spectral_kurtosis":{"dmean":3.30956506729,"dmean2":5.31354999542,"dvar":11.5068244934,"dvar2":29.7662258148,"max":53.9928894043,"mean":13.4347810745,"median":12.8369235992,"min":-1.20751345158,"var":31.6880073547},"spectral_rms":{"dmean":0.000909288413823,"dmean2":0.00128262210637,"dvar":7.78167020599e-7,"dvar2":0.00000150664448029,"max":0.0173775646836,"mean":0.00554811768234,"median":0.00550214434043,"min":3.19521622702e-12,"var":0.00000616526494923},"spectral_rolloff":{"dmean":215.703369141,"dmean2":362.954467773,"dvar":168853.46875,"dvar2":444084.46875,"max":19056.8847656,"mean":1065.89624023,"median":624.462890625,"min":43.06640625,"var":6704686},"spectral_skewness":{"dmean":0.275543928146,"dmean2":0.4274097085,"dvar":0.0641597211361,"dvar2":0.151013404131,"max":5.80606031418,"mean":2.51876783371,"median":2.53043150902,"min":0.012280867435,"var":0.30463334918},"spectral_spread":{"dmean":516019.5,"dmean2":811242.0625,"dvar":522194288640,"dvar2":812796674048,"max":45961924,"mean":3194323.75,"median":2874060.5,"min":1252489.75,"var":2379049336830},"spectral_strongpeak":{"dmean":0.409560531378,"dmean2":0.674967169762,"dvar":0.374234259129,"dvar2":0.888213276863,"max":6.56093978882,"mean":0.691638529301,"median":0.310636729002,"min":0,"var":0.80334687233},"zerocrossingrate":{"dmean":0.00457564927638,"dmean2":0.00563211273402,"dvar":0.0000346967863152,"dvar2":0.0000527634583705,"max":0.525390625,"mean":0.0370340049267,"median":0.02490234375,"min":0.00244140625,"var":0.00506158964708}},"metadata":{"audio_properties":{"analysis_sample_rate":44100,"bit_rate":138213,"codec":"mp3","downmix":"mix","equal_loudness":0,"length":156.866378784,"lossless":false,"md5_encoded":"a302d832432bc96d471bef67c5a78aca","replay_gain":-1.78611564636,"sample_rate":44100},"tags":{"album":["The Complete Columbia Album Collection"],"albumartist":["Johnny Cash"],"albumartistsort":["Cash, Johnny"],"artist":["The Carter Family with special guest Johnny Cash"],"artists":["The Carter Family","Johnny Cash"],"artistsort":["Carter Family, The with special guest Cash, Johnny"],"asin":["B008DDC874"],"barcode":["886979104723"],"catalognumber":["88697910472"],"date":["2012-12-04"],"discnumber":["11/63"],"file_name":"11 - The Carter Family with special guest Johnny Cash - Gathering Flowers From the Hillside.mp3","label":["Columbia","Legacy"],"media":["CD"],"musicbrainz album release country":["US"],"musicbrainz album status":["official"],"musicbrainz album type":["album","compilation"],"musicbrainz release track id":["6417901e-0b3f-3207-bc98-e88ddc25e305"],"musicbrainz_albumartistid":["d43d12a1-2dc9-4257-a2fd-0a3bb1081b86"],"musicbrainz_albumid":["de36c451-000c-4488-9375-b6d40b6636e5"],"musicbrainz_artistid":["a71b3907-9377-4e5b-a0bd-b5d163fe50ea","d43d12a1-2dc9-4257-a2fd-0a3bb1081b86"],"musicbrainz_recordingid":["91d4ded3-8bda-4f0f-8bc9-68b88566538b"],"musicbrainz_releasegroupid":["30578604-ce5e-4d3d-a09c-6c06fc4c526b"],"originaldate":["2012"],"script":["Latn"],"title":["Gathering Flowers From the Hillside"],"tracknumber":["11/12"]},"version":{"essentia":"2.1-beta1","essentia_build_sha":"ca57ba49d9b1854bd80e60cf9ccf267278fb7d6b","essentia_git_sha":"v2.1_beta1-28-g21ef5f4-dirty","extractor":"music 1.0"}},"rhythm":{"beats_count":284,"beats_loudness":{"dmean":0.0350151658058,"dmean2":0.0632505193353,"dvar":0.00140365655534,"dvar2":0.00409643677995,"max":0.304657638073,"mean":0.0514789521694,"median":0.0424055382609,"min":7.10862035902e-10,"var":0.00152530905325},"beats_loudness_band