{"lowlevel":{"average_loudness":0.884765267372,"barkbands":{"dmean":[0.00136487348936,0.0280987415463,0.0074541089125,0.00107842579018,0.0013822048204,0.000439236464445,0.000447290454758,0.000465054181404,0.00111227098387,0.00103720731568,0.000191876344616,0.000208568570088,0.000254470010987,0.000282456690911,0.000177170251845,0.000169184655533,0.000209832054679,0.000215718449908,0.000158362963703,0.000110003587906,0.0000607811089139,0.0000509282763232,0.0000345293847204,0.0000794936277089,0.000276562088402,0.000378514931072,0.000103540696728],"dmean2":[0.0023200341966,0.0454912930727,0.011586856097,0.00183890154585,0.00211411924101,0.000703470141161,0.00077423354378,0.000702054705471,0.00173169572372,0.00137720175553,0.000281601824099,0.000326712150127,0.000392708258005,0.000446544348961,0.000290894735372,0.00027891038917,0.000333243806381,0.000360367092071,0.000276944105281,0.000190213017049,0.000104365622974,0.0000836724648252,0.0000534250721103,0.000118907402793,0.000406698789448,0.000561719294637,0.000155375266331],"dvar":[0.0000515989777341,0.0109199881554,0.000333765929099,0.00000905024171516,0.0000126207305584,0.00000283481335828,0.00000550590266357,0.00000729383646103,0.0000272779489023,0.00002945740016,6.13298084318e-7,4.21558780772e-7,6.87728061166e-7,7.19255410786e-7,2.95835974384e-7,3.47943341694e-7,4.83455892208e-7,0.00000101254522633,6.59104557599e-7,2.80327668634e-7,7.47945350099e-8,2.93124102768e-8,6.09904793336e-9,3.4913107072e-8,5.46201590623e-7,0.00000113001578939,8.30825470644e-8],"dvar2":[0.000133669993374,0.0283905360848,0.000821317080408,0.0000251381334238,0.0000296307516692,0.00000532679496246,0.0000139631511047,0.0000123519266708,0.0000584677691222,0.0000464308541268,0.00000116591729693,9.95355435407e-7,0.00000156132239226,0.00000177331173745,7.85375448231e-7,9.21489004213e-7,0.00000125372423554,0.00000275619458989,0.00000181350947059,7.65547497394e-7,2.02219794687e-7,7.72032535679e-8,1.44975649263e-8,7.20208461757e-8,0.00000107352013856,0.00000220450669985,1.73659003622e-7],"max":[0.0794817730784,0.947794556618,0.237244278193,0.0447811633348,0.069859072566,0.0789224132895,0.0658397674561,0.117979243398,0.158262178302,0.240849375725,0.0340792946517,0.0215936861932,0.0272535309196,0.0199514254928,0.00851194281131,0.0151812601835,0.0152510209009,0.0245540942997,0.0130822015926,0.0151172699407,0.00486958120018,0.00278589548543,0.000949764507823,0.00235808570869,0.00835126359016,0.00970589090139,0.00362911238335],"mean":[0.000948531494942,0.0341232046485,0.0141667490825,0.0013339422876,0.0016549595166,0.000613698910456,0.000435345689766,0.000571145908907,0.00176671950612,0.00220182701014,0.000331951188855,0.000315922807204,0.000309576513246,0.000343789055478,0.000198782334337,0.000170341780176,0.00022557596094,0.000208600205951,0.000119745811389,0.0000936897995416,0.0000542506859347,0.0000597473190282,0.0000403614940296,0.0000929854577407,0.000291464501061,0.000365854270058,0.0000983068384812],"median":[0.00000325130849888,0.000539081403986,0.00135910697281,0.000329794420395,0.000359742902219,0.000117587987916,0.0000447343554697,0.0000398645825044,0.0000502139810123,0.0000351380949724,0.0000269782376563,0.0000344555155607,0.0000413758862123,0.0000415585745941,0.000033993870602,0.000016633362975,0.0000193656087504,0.0000137366678246,0.00000645846375846,0.00000739481856726,0.00000735164303478,0.0000100381412267,0.00000669774635753,0.00000891159925231,0.0000141097480082,0.0000036522933442,0.00000152535994857],"min":[2.48586329299e-9,3.91675101241e-8,1.8648338429e-9,2.36140751397e-9,5.58857138344e-9,2.67438737822e-9,2.12494866147e-9,1.48950451972e-9,1.76811676411e-10,6.97439536679e-11,5.42431585759e-11,1.17839297348e-11,4.75331579652e-11,2.57146335475e-11,2.46052310471e-11,4.38714675699e-10,4.30044194699e-10,3.37738809142e-10,2.15032242012e-10,5.05828434694e-10,2.12132048039e-10,3.54952400805e-10,1.76302680788e-10,6.48152420624e-10,1.05175035348e-9,2.9551242009e-10,1.0241856252e-9],"var":[0.0000371981768694,0.00870683416724,0.00055014831014,0.00000796861058916,0.0000125775168272,0.00000471511111755,0.00000486503722641,0.0000154344488692,0.0000768758327467,0.000149213039549,0.00000151690323946,8.92612774805e-7,9.74682052401e-7,8.09993935036e-7,2.59493305066e-7,2.77473930055e-7,4.2163290459e-7,7.47468163809e-7,4.26384985985e-7,1.90171121517e-7,5.21582101953e-8,2.69703246403e-8,7.24477766667e-9,4.80993094243e-8,7.32447119844e-7,0.00000139648579989,9.54687209287e-8]},"barkbands_crest":{"dmean":3.53808736801,"dmean2":5.52904605865,"dvar":13.6493234634,"dvar2":28.8906822205,"max":26.5418243408,"mean":14.7412595749,"median":14.0664596558,"min":2.87016630173,"var":31.6996192932},"barkbands_flatness_db":{"dmean":0.052438698709,"dmean2":0.0678343251348,"dvar":0.00284978793934,"dvar2":0.00440102443099,"max":0.625943958759,"mean":0.232207581401,"median":0.222033500671,"min":0.0260048918426,"var":0.0123405223712},"barkbands_kurtosis":{"dmean":34.7602653503,"dmean2":54.3426971436,"dvar":7099.85986328,"dvar2":17922.4824219,"max":1364.3494873,"mean":44.553565979,"median":10.21849823,"min":-1.9688488245,"var":8304.2109375},"barkbands_skewness":{"dmean":2.03324699402,"dmean2":2.90630316734,"dvar":6.8130774498,"dvar2":14.4985990524,"max":29.1602268219,"mean":3.79196214676,"median":2.8025097847,"min":-9.08849334717,"var":15.8322305679},"barkbands_spread":{"dmean":10.4540214539,"dmean2":16.4493808746,"dvar":265.434906006,"dvar2":642.756652832,"max":128.738098145,"mean":16.3222084045,"median":9.17044639587,"min":0.0827263891697,"var":385.011810303},"dissonance":{"dmean":0.0317517332733,"dmean2":0.0515630580485,"dvar":0.00104854255915,"dvar2":0.00273440266028,"max":0.500000238419,"mean":0.435274481773,"median":0.448426961899,"min":0.181416794658,"var":0.00243340060115},"dynamic_complexity":4.73413133621,"erbbands":{"dmean":[0.733756184578,6.63135671616,10.7503395081,4.77451515198,3.47779130936,5.77455282211,3.16655564308,4.28758382797,7.65546798706,4.38444042206,13.490904808,27.5784721375,34.8325576782,20.4689826965,8.26212882996,9.18039226532,10.0384531021,16.9496746063,9.01977825165,9.64013671875,9.24612045288,10.2811908722,12.0874853134,8.34889125824,7.99434089661,5.23415088654,2.95228838921,2.25382804871,1.86295545101,1.2786937952,0.959316968918,1.23242843151,1.71004748344,2.51346921921,2.31272125244,1.54797577858,0.740079879761,0.133742406964,0.0180180333555,0.00110802997369],"dmean2":[1.21262156963,10.7831192017,16.5858840942,7.76665687561,5.52749919891,9.0216999054,4.91768789291,6.98537921906,13.0575037003,7.31979227066,20.3227539062,41.6118240356,46.8123435974,25.281961441,11.7691888809,14.0083713531,15.2302350998,26.7284603119,14.3571329117,15.6118307114,15.0678548813,16.6338005066,20.0419998169,14.2657337189,14.0213136673,8.998087883,5.07965230942,3.84479284286,3.06839942932,2.01263356209,1.49050605297,1.86243438721,2.54874777794,3.72131967545,3.4261610508,2.31429982185,1.09740626812,0.199122950435,0.0270097255707,0.00165719841607],"dvar":[11.193655014,548.917419434,715.289672852,172.292449951,61.8935890198,258.13168335,46.4404296875,285.892364502,1813.37768555,370.774078369,5302.05419922,16293.8955078,28331.3476562,22824.6464844,827.770080566,762.78338623,819.644165039,2580.60302734,544.019287109,892.578979492,1065.33752441,1400.44677734,3086.70947266,1555.83178711,1845.44799805,590.889831543,187.006469727,90.8040924072,42.4901847839,9.74318504333,4.88142490387,8.25735282898,17.2439460754,45.078453064,39.0415229797,19.26704216,4.36269235611,0.14166021347,0.00248424895108,0.00000911373717827],"dvar2":[28.7386817932,1483.1784668,1777.83508301,484.407043457,151.414642334,605.052307129,105.566589355,565.110717773,4174.21875,984.890258789,9091.1328125,34681.203125,46266.078125,30999.7421875,1553.02319336,1720.04284668,1720.6763916,6338.41894531,1397.62731934,2345.55102539,2805.30786133,3675.49902344,8392.03027344,4243.77490234,5095.22802734,1615.46594238,505.665496826,245.595230103,112.052505493,24.0271167755,11.5264263153,17.6068439484,35.3210754395,91.4012298584,76.9736709595,37.8433532715,8.64093875885,0.286853432655,0.00515689933673,0.0000196607197722],"max":[30.7289943695,217.115127563,347.200286865,220.214263916,213.978942871,273.730377197,155.41456604,717.061157227,1629.25830078,494.264648438,3129.71606445,4200.69677734,7505.47216797,10110.7207031,920.232788086,1057.5402832,1502.04650879,1094.56481934,383.226043701,546.224731445,840.079833984,824.530212402,1548.78417969,684.207580566,777.126525879,591.0546875,214.539581299,149.273010254,93.4773406982,49.5944061279,23.7700748444,29.3165588379,54.2287750244,72.8822937012,72.7769927979,41.7619094849,22.6185626984,3.94381356239,0.546564817429,0.0396843738854],"mean":[0.665951490402,8.58534240723,20.1619052887,7.5920586586,4.98714971542,5.88318681717,3.93628525734,5.8392291069,7.72993803024,5.10920095444,17.8862705231,46.5140228271,67.6029129028,38.3409233093,14.8554668427,15.3892297745,13.9286222458,20.6418094635,11.1181869507,10.6412153244,9.92915725708,10.887670517,12.1110496521,7.13746261597,6.01964616776,4.49092531204,2.57661271095,2.11719346046,2.11904382706,1.64858186245,1.10881698132,1.43271303177,1.96031939983,2.63982772827,2.41871237755,1.51396250725,0.706216335297,0.127451002598,0.0172195211053,0.00107695092447],"median":[0.00919701717794,0.182602182031,1.91140580177,1.66000795364,1.76030290127,1.05284404755,0.962734818459,1.04085993767,0.932167053223,0.882075190544,1.42715620995,1.76352930069,1.80766129494,1.64829015732,2.09383583069,2.26737451553,2.63957309723,2.75697660446,2.37770318985,1.78312373161,1.09175157547,1.09201169014,0.905445933342,0.456561326981,0.340632468462,0.365347802639,0.303928017616,0.321674704552,0.323024868965,0.360716551542,0.173234313726,0.138097003102,0.162778437138,0.140113353729,0.0918679386377,0.0225270166993,0.00556843820959,0.00169139821082,0.000289698975394,0.0000861640510266],"min":[0.00000193660775949,0.00000605141531196,0.00000819559954834,0.0000076687656474,0.0000100606712294,0.0000206904205697,0.0000260173128481,0.0000186424967978,0.00002153648893,0.000044249358325,0.0000333526440954,0.0000053208996178,0.00000189540855899,0.00000290523394142,0.0000013425594716,5.74305545342e-7,0.00000183956183264,0.00000197642816602,0.00000128117017084,0.00000656461588733,0.0000359231198672,0.0000330916445819,0.0000193415071408,0.00000718819637768,0.0000281711218122,0.000016922771465,0.00000746620253267,0.00000874239412951,0.00000731358841222,0.0000159998307936,0.00000507992035637,0.00000972065026872,0.0000119660662676,0.00000913770236366,0.00000759046497478,0.00000238607412939,5.08228026774e-7,4.48229201311e-7,1.55009090008e-7,1.17323057935e-8],"var":[8.30791187286,430.150421143,1059.25170898,156.080505371,76.7415924072,243.44367981,59.9920578003,471.544158936,1933.95300293,354.007293701,11657.7880859,51706.6953125,112816.257812,96261.1015625,2518.87866211,2008.51647949,1533.57409668,2856.93920898,588.112121582,773.590209961,861.104064941,1147.79040527,2320.04956055,1048.54943848,1177.36340332,402.432739258,131.914596558,64.0718078613,38.7248420715,11.5974397659,5.75624608994,11.2313222885,23.5022220612,58.9027290344,51.396232605,23.8075332642,5.3013458252,0.167649105191,0.00288031902164,0.0000101847463156]},"erbbands_crest":{"dmean":3.70796251297,"dmean2":5.78075838089,"dvar":12.8587713242,"dvar2":28.1893634796,"max":33.8138389587,"mean":13.0471563339,"median":11.8029098511,"min":2.06798934937,"var":39.7348403931},"erbbands_flatness_db":{"dmean":0.0343392491341,"dmean2":0.0458965972066,"dvar":0.00112963130232,"dvar2":0.00204254547134,"max":0.43333080411,"mean":0.179560527205,"median":0.170165002346,"min":0.0184310209006,"var":0.00495634321123},"erbbands_kurtosis":{"dmean":4.53997993469,"dmean2":6.86779928207,"dvar":112.067047119,"dvar2":231.408157349,"max":219.770309448,"mean":5.31291341782,"median":0.712294578552,"min":-1.90637588501,"var":223.495422363},"erbbands_skewness":{"dmean":0.845254063606,"dmean2":1.23851156235,"dvar":0.962651729584,"dvar2":1.97683548927,"max":12.4280176163,"mean":0.979738533497,"median":0.64059150219,"min":-4.98074913025,"var":2.9544005394},"erbbands_spread":{"dmean":16.1839885712,"dmean2":24.7259101868,"dvar":384.484130859,"dvar2":910.357666016,"max":217.302841187,"mean":42.0801506042,"median":37.2989883423,"min":0.734798371792,"var":942.477172852},"gfcc":{"cov":[[13272.4658203,-1949.47912598,-1259.93505859,-178.687164307,-57.0256347656,406.771575928,15.9766235352,874.054321289,-80.0313949585,120.624549866,-44.9876976013,74.705581665,60.1652908325],[-1949.47912598,3733.34863281,257.374542236,546.76751709,861.232055664,119.105651855,526.830566406,-316.622955322,206.318939209,-134.15814209,62.1179656982,-221.948257446,-45.133682251],[-1259.93505859,257.374542236,2613.84619141,807.570373535,527.965881348,450.609313965,168.725646973,-2.67872977257,97.1875839233,66.7907943726,-66.4145126343,-99.1957931519,-163.186187744],[-178.687164307,546.76751709,807.570373535,1027.21520996,381.566864014,174.47517395,199.878067017,-9.18817615509,103.371582031,-0.12794034183,-25.3863735199,-72.5913162231,-0.0889005064964],[-57.0256347656,861.232055664,527.965881348,381.566864014,1020.62194824,274.805847168,208.787628174,-7.32307100296,95.7911453247,77.4817657471,70.2923965454,-63.1096000671,-138.591918945],[406.771575928,119.105651855,450.609313965,174.47517395,274.805847168,535.819580078,248.218963623,55.5881385803,15.2768630981,51.2134933472,75.8781814575,-30.100730896,-59.9133453369],[15.9766235352,526.830566406,168.725646973,199.878067017,208.787628174,248.218963623,439.154327393,93.8583526611,57.0795211792,8.946641922,53.6599731445,-22.6610546112,-10.2604923248],[874.054321289,-316.622955322,-2.67872977257,-9.18817615509,-7.32307100296,55.5881385803,93.8583526611,342.281463623,97.3380050659,-3.23495554924,-25.4735622406,20.6856212616,19.7829647064],[-80.0313949585,206.318939209,97.1875839233,103.371582031,95.7911453247,15.2768630981,57.0795211792,97.3380050659,229.152145386,62.8944702148,-24.9593524933,-27.0789833069,-4.35249853134],[120.624549866,-134.15814209,66.7907943726,-0.12794034183,77.4817657471,51.2134933472,8.946641922,-3.23495554924,62.8944702148,192.873168945,81.837677002,3.55179595947,-43.0703086853],[-44.9876976013,62.1179656982,-66.4145126343,-25.3863735199,70.2923965454,75.8781814575,53.6599731445,-25.4735622406,-24.9593524933,81.837677002,193.166687012,53.448425293,-24.7991752625],[74.705581665,-221.948257446,-99.1957931519,-72.5913162231,-63.1096000671,-30.100730896,-22.6610546112,20.6856212616,-27.0789833069,3.55179595947,53.448425293,139.851699829,43.6392097473],[60.1652908325,-45.133682251,-163.186187744,-0.0889005064964,-138.591918945,-59.9133453369,-10.2604923248,19.7829647064,-4.35249853134,-43.0703086853,-24.7991752625,43.6392097473,136.266738892]],"icov":[[0.000118474541523,8.82411768544e-7,0.000108388267108,-0.0000779811671237,-0.0000199745391001,-0.000175610548467,0.000124926853459,-0.000370483641746,0.000255945371464,-0.000224741539569,0.000182775314897,-0.0000179401431524,0.0000195465308934],[8.82411768544e-7,0.000760770344641,-0.00000492936396768,0.0000664882536512,-0.000516266212799,0.000418464333052,-0.000907817680854,0.00110123422928,-0.00110140827019,0.00128727161791,-0.000831327575725,0.000987677718513,-0.000419491087086],[0.000108388267108,-0.00000492936396768,0.000750243198127,-0.000535761064384,-0.0000331874543917,-0.000629819405731,0.000281505897874,-0.000306854810333,0.000245906441705,-0.000393723516027,0.000735287379939,-0.000320365768857,0.000723509932868],[-0.0000779811671237,0.0000664882536512,-0.000535761064384,0.00168601062614,-0.000435827299953,0.000318994541885,-0.000609577109572,0.00060744502116,-0.000689278764185,0.000518081709743,-0.00036634854041,0.000682471436448,-0.00116464099847],[-0.0000199745391001,-0.000516266212799,-0.0000331874543917,-0.000435827299953,0.0018709191354,-0.000599205610342,0.00033998163417,-0.000496018968988,0.000232889098697,-0.000767179066315,0.000250184297329,-0.000739359413274,0.0015820566332],[-0.000175610548467,0.000418464333052,-0.000629819405731,0.000318994541885,-0.000599205610342,0.00375534943305,-0.00210847496055,0.000715298636351,-0.000325353496009,0.000693600508384,-0.00161565316375,0.00117254653014,-0.000219492882024],[0.000124926853459,-0.000907817680854,0.000281505897874,-0.000609577109572,0.00033998163417,-0.00210847496055,0.00492975860834,-0.00244229892269,0.00104147661477,-0.00100657052826,0.0000771589693613,-0.000579318206292,0.0000400614371756],[-0.000370483641746,0.00110123422928,-0.000306854810333,0.00060744502116,-0.000496018968988,0.000715298636351,-0.00244229892269,0.00661534862593,-0.00421069515869,0.00298085948452,-0.000981920398772,0.000281278451439,-0.000634140276816],[0.000255945371464,-0.00110140827019,0.000245906441705,-0.000689278764185,0.000232889098697,-0.000325353496009,0.00104147661477,-0.00421069515869,0.0088574513793,-0.0053782905452,0.00318735977635,-0.000593186414335,-0.0000472254250781],[-0.000224741539569,0.00128727161791,-0.000393723516027,0.000518081709743,-0.000767179066315,0.000693600508384,-0.00100657052826,0.00298085948452,-0.0053782905452,0.0108171710745,-0.00558830238879,0.0019614638295,0.000672633643262],[0.000182775314897,-0.000831327575725,0.000735287379939,-0.00036634854041,0.000250184297329,-0.00161565316375,0.0000771589693613,-0.000981920398772,0.00318735977635,-0.00558830238879,0.0105407070369,-0.0050872405991,0.00209968304262],[-0.0000179401431524,0.000987677718513,-0.000320365768857,0.000682471436448,-0.000739359413274,0.00117254653014,-0.000579318206292,0.000281278451439,-0.000593186414335,0.0019614638295,-0.0050872405991,0.0118144396693,-0.00447740592062],[0.0000195465308934,-0.000419491087086,0.000723509932868,-0.00116464099847,0.0015820566332,-0.000219492882024,0.0000400614371756,-0.000634140276816,-0.0000472254250781,0.000672633643262,0.00209968304262,-0.00447740592062,0.0116913774982]],"mean":[-80.7774505615,77.1499023438,-72.7504272461,13.6391000748,-33.5780563354,19.4345970154,-31.5893630981,5.21847677231,-20.8455619812,-0.0762853845954,-19.6508827209,-3.07412314415,-11.7635402679]},"hfc":{"dmean":16.9035358429,"dmean2":24.7076435089,"dvar":1294.12097168,"dvar2":2767.32617188,"max":368.890045166,"mean":24.3234596252,"median":9.38259220123,"min":0.000061233076849,"var":1793.56445312},"melbands":{"dmean":[0.00721322419122,0.00682892557234,0.000827092211694,0.000317077996442,0.000153542190674,0.0000992605419015,0.000107214291347,0.0000531529331056,0.000118379801279,0.000179894428584,0.000175992725417,0.0000881477826624,0.0000275847341982,0.0000235331699514,0.0000218088680413,0.0000258636700892,0.0000335364893544,0.0000140888287206,0.000012637533473,0.0000137935548992,0.0000113001069622,0.000011298674508,0.0000109676166176,0.0000113204005174,0.00000625846359981,0.00000623302867098,0.00000489217927679,0.00000319707669405,0.00000194782865037,0.00000147752632529,0.00000133325943352,0.00000115048760563,8.70215444593e-7,6.77711852859e-7,5.35873255103e-7,6.21972617409e-7,8.15122291442e-7,0.00000105991523469,0.00000166914810507,0.0000022931192234],"dmean2":[0.0117729241028,0.0106705296785,0.00132670800667,0.000492754392326,0.000237067899434,0.000160447540111,0.000183374868357,0.0000859452702571,0.000178892805707,0.000273514626315,0.000236900828895,0.000108228960016,0.0000401141369366,0.0000365248015441,0.0000334334799845,0.0000398113552365,0.0000532884914719,0.0000225270123337,0.0000209501595236,0.0000223810238822,0.0000184893360711,0.000018403514332,0.0000178887366928,0.0000190361151908,0.0000107766036308,0.0000109887314466,0.00000858557814354,0.00000547544414076,0.00000336781386068,0.00000254163751379,0.00000228530075219,0.00000192012976186,0.00000139720043535,0.00000106215702544,8.42396843836e-7,9.64600417319e-7,0.00000123303243527,0.00000159451383297,0.00000250851962846,0.00000341906252288],"dvar":[0.0008597256965,0.000367454515072,0.00000438545930592,7.46310377053e-7,1.18108935965e-7,1.77856506411e-7,3.42622854532e-7,6.47219522421e-8,3.3691679846e-7,7.48180752908e-7,7.19362788004e-7,4.31822940072e-7,1.01568877753e-8,5.02446484418e-9,3.92641386071e-9,8.2561992798e-9,1.09544782134e-8,1.28554045187e-9,1.78157888442e-9,1.83796922126e-9,1.62442725937e-9,1.67355596048e-9,1.64231683808e-9,3.1019775637e-9,9.15358011611e-10,1.15041332016e-9,7.15768000425e-10,2.04771727352e-10,8.10448236299e-11,4.87827070406e-11,3.1757305119e-11,1.90685332108e-11,5.93906694657e-12,2.48750130737e-12,1.62901376416e-12,2.15148602059e-12,3.69800500985e-12,6.4152242546e-12,1.90527212063e-11,3.92246964076e-11],"dvar2":[0.00220442214049,0.000957104028203,0.000012211397916,0.00000182898986623,2.57664368064e-7,3.34512918698e-7,8.07295293725e-7,1.46940266177e-7,6.19201273366e-7,0.00000157273132118,0.00000116403532502,5.79633365305e-7,1.92154345768e-8,1.1828453772e-8,8.57687609823e-9,1.8669524593e-8,2.73438320875e-8,3.24326987489e-9,4.78240425039e-9,4.74068873046e-9,4.2994274807e-9,4.39174607791e-9,4.35374891694e-9,8.45619130274e-9,2.51182519229e-9,3.17545301165e-9,1.98050509326e-9,5.58213752999e-10,2.19679760494e-10,1.32217251037e-10,8.69314897844e-11,5.12354048077e-11,1.47708286574e-11,6.1093421988e-12,3.96652112197e-12,4.95079801807e-12,7.87118460688e-12,1.34525637158e-11,3.96024393834e-11,8.1141288133e-11],"max":[0.266629904509,0.197527885437,0.0345225036144,0.0181990806013,0.00461652269587,0.0200597159564,0.0212929323316,0.00836794637144,0.0222823675722,0.0296679120511,0.0375931784511,0.0431136265397,0.00325869349763,0.00158902222756,0.00200247694738,0.00230438588187,0.00245700636879,0.000572126358747,0.000753314467147,0.000759708171245,0.00107244390529,0.000929368427023,0.000866328249685,0.00127996038646,0.000534496444743,0.000634686672129,0.000799661094788,0.00028993882006,0.000144691686728,0.000143268553074,0.0000875523546711,0.0000785186348367,0.0000385610219382,0.0000229805573326,0.0000150216410475,0.0000194552994799,0.0000226433949138,0.0000397460462409,0.0000485082055093,0.000076072239608],"mean":[0.00782737135887,0.0113488556817,0.00136075809132,0.00038212389336,0.000174045169842,0.000133820896735,0.000107521678729,0.0000617269906797,0.000158985771122,0.000296305952361,0.00033844661084,0.00016445874644,0.0000482458672195,0.0000363793660654,0.0000336504817824,0.0000312521588057,0.0000402947844123,0.000017008089344,0.0000137769466164,0.0000145686635733,0.0000116833352877,0.0000116191322377,0.0000115973916763,0.0000102651501948,0.00000516610862178,0.00000453510619991,0.00000383894121114,0.0000027541284453,0.00000167211726421,0.00000127999919641,0.00000123247377815,0.00000122414940051,0.00000110678945475,8.35849164105e-7,5.99381394295e-7,6.90950173521e-7,9.36010735586e-7,0.00000121686923649,0.00000180936569905,0.00000233624700741],"median":[0.000123670572066,0.000955968920607,0.000404928636272,0.0000896196434041,0.0000351761336788,0.0000222259131988,0.0000125004326037,0.00000802713657322,0.0000102380199678,0.00000873776662047,0.00000658725275571,0.00000483225994685,0.00000428793782703,0.00000449038725492,0.00000527336942469,0.00000417294813815,0.00000440022631665,0.00000343808505932,0.00000231702165365,0.00000173527723746,0.00000108146218736,0.0000010325538824,8.48331183079e-7,5.70343502204e-7,2.72178709793e-7,1.85376222817e-7,2.28906131383e-7,2.26537224535e-7,1.5668788933e-7,1.6298199057e-7,1.67888288161e-7,1.51447011376e-7,1.98232356752e-7,1.71817333694e-7,9.12924562613e-8,6.70934525715e-8,7.87126808177e-8,1.04303722992e-7,1.11724929752e-7,9.0726040014e-8],"min":[1.6487794241e-8,5.58502666337e-9,1.3966143797e-9,1.06450637194e-9,1.06559383539e-9,4.50664061624e-10,3.56812718261e-10,3.58425317204e-10,2.10449269122e-10,2.22335257843e-11,8.44601992511e-12,1.1670077231e-11,6.00563999573e-12,1.61891127674e-12,2.07485808049e-12,5.19456439668e-12,3.24904816593e-12,1.72209956798e-12,1.94001520577e-12,1.9283023095e-11,3.768533402e-11,2.30854918515e-11,1.2768403522e-11,1.85939562358e-11,3.28927445177e-12,1.02333098592e-11,1.72978922852e-11,5.75784211976e-12,3.67286062675e-12,5.15246005584e-12,5.0956999037e-12,2.18471920242e-12,9.72287875212e-12,7.56314021827e-12,2.74253037814e-12,2.73559950734e-12,6.95507020032e-12,6.7783339705e-12,1.07916921926e-11,6.6006861435e-12],"var":[0.000665115716401,0.00039030177868,0.00000431451053373,6.944320603e-7,1.4124327663e-7,2.86317259679e-7,3.51172275259e-7,8.57466062598e-8,7.48755041968e-7,0.00000233052969634,0.00000292840582006,0.00000192017932932,2.89511987717e-8,1.06903890185e-8,8.62688587233e-9,1.1014187784e-8,1.18938956462e-8,1.46503320586e-9,1.44020961823e-9,1.61277724509e-9,1.30025246126e-9,1.35686373248e-9,1.57245949595e-9,2.12726636306e-9,6.10459183203e-10,7.32335525555e-10,4.57863302827e-10,1.41872819048e-10,5.83197379278e-11,3.35079256009e-11,2.18418928777e-11,1.57870262002e-11,7.34601702385e-12,2.90455094872e-12,1.80283620064e-12,2.63396227572e-12,5.04067057192e-12,8.73044084942e-12,2.49458544099e-11,4.94423148256e-11]},"melbands_crest":{"dmean":4.01454353333,"dmean2":6.14794683456,"dvar":17.7623138428,"dvar2":37.9762268066,"max":37.26953125,"mean":19.5166797638,"median":19.9322357178,"min":2.89714884758,"var":46.5018196106},"melbands_flatness_db":{"dmean":0.0645196884871,"dmean2":0.080857232213,"dvar":0.00453306920826,"dvar2":0.00645928177983,"max":0.79549407959,"mean":0.322527140379,"median":0.316177129745,"min":0.0197381414473,"var":0.0215615592897},"melbands_kurtosis":{"dmean":47.0517044067,"dmean2":70.1188735962,"dvar":8754.11816406,"dvar2":20083.3984375,"max":2652.69628906,"mean":73.1948852539,"median":25.8231163025,"min":-1.95123124123,"var":14445.0878906},"melbands_skewness":{"dmean":2.04006409645,"dmean2":2.9818007946,"dvar":5.50671434402,"dvar2":11.140414238,"max":40.128238678,"mean":4.85102367401,"median":3.89297676086,"min":-2.44075703621,"var":16.0808448792},"melbands_spread":{"dmean":12.2987976074,"dmean2":19.5218448639,"dvar":725.965881348,"dvar2":1741.15661621,"max":329.179901123,"mean":16.9118556976,"median":6.8903875351,"min":0.218137934804,"var":829.657226562},"mfcc":{"cov":[[13156.0048828,-1458.81030273,-1691.29284668,-634.633666992,-165.946563721,-621.586669922,180.458007812,183.465042114,350.012359619,28.5671100616,95.0016098022,-12.4725866318,-35.1519165039],[-1458.81030273,2772.92626953,4.79325294495,471.360351562,370.040405273,569.053771973,235.619537354,159.928894043,62.0821838379,73.0180892944,162.268951416,97.1599884033,83.2299880981],[-1691.29284668,4.79325294495,1879.29870605,508.330749512,305.535858154,425.396057129,182.9324646,155.693511963,95.9682846069,173.010925293,57.3085975647,17.2636909485,31.4840164185],[-634.633666992,471.360351562,508.330749512,938.842895508,344.009399414,326.387908936,103.832099915,117.110282898,144.794464111,93.6702041626,28.3770637512,52.0821914673,81.4713973999],[-165.946563721,370.040405273,305.535858154,344.009399414,674.286315918,312.371032715,163.546447754,97.542678833,72.9224014282,109.294967651,100.086723328,103.410049438,60.0601158142],[-621.586669922,569.053771973,425.396057129,326.387908936,312.371032715,634.288879395,290.089782715,107.025161743,24.3320941925,99.0217895508,131.307998657,82.4642333984,90.1942596436],[180.458007812,235.619537354,182.9324646,103.832099915,163.546447754,290.089782715,451.925384521,170.238952637,20.3998889923,59.6314849854,92.529800415,79.4136657715,52.5118904114],[183.465042114,159.928894043,155.693511963,117.110282898,97.542678833,107.025161743,170.238952637,288.330749512,144.280029297,50.118938446,52.5077018738,23.766002655,15.4297943115],[350.012359619,62.0821838379,95.9682846069,144.794464111,72.9224014282,24.3320941925,20.3998889923,144.280029297,276.805511475,109.293045044,27.0022583008,-1.44414830208,10.8690385818],[28.5671100616,73.0180892944,173.010925293,93.6702041626,109.294967651,99.0217895508,59.6314849854,50.118938446,109.293045044,201.011764526,94.4929885864,39.1788825989,30.4029941559],[95.0016098022,162.268951416,57.3085975647,28.3770637512,100.086723328,131.307998657,92.529800415,52.5077018738,27.0022583008,94.4929885864,197.520614624,89.6268615723,48.7573623657],[-12.4725866318,97.1599884033,17.2636909485,52.0821914673,103.410049438,82.4642333984,79.4136657715,23.766002655,-1.44414830208,39.1788825989,89.6268615723,184.86328125,100.370231628],[-35.1519165039,83.2299880981,31.4840164185,81.4713973999,60.0601158142,90.1942596436,52.5118904114,15.4297943115,10.8690385818,30.4029941559,48.7573623657,100.370231628,172.364654541]],"icov":[[0.00010790739907,0.0000647988199489,0.000106109779153,0.0000141622422234,-0.0000418138879468,0.0000717354996596,-0.000137231589179,0.00000377177480004,-0.000183845826541,0.0000360035774065,-0.000119623946375,0.0000673335598549,-0.0000169840477611],[0.0000647988199489,0.000529346580151,0.000213440987864,-0.000152919150423,-0.0000735305584385,-0.000395277573261,0.0000172154013853,-0.000172937085154,-0.0000654570685583,0.0000872698001331,-0.000235792322201,0.0000417895862483,0.0000646978078294],[0.000106109779153,0.000213440987864,0.000875626981724,-0.000278974417597,-0.0000774992367951,-0.000405842089094,-0.0000230310033658,-0.000351034861524,0.0000976091760094,-0.000536139181349,0.000110635250167,0.000160234238137,0.000132119763293],[0.0000141622422234,-0.000152919150423,-0.000278974417597,0.00174429279286,-0.000494334206451,-0.000453718967037,0.000224036703003,-0.0000143983179441,-0.000720156065654,0.000106095001684,0.000590507406741,-0.0000665068146191,-0.000455695146229],[-0.0000418138879468,-0.0000735305584385,-0.0000774992367951,-0.000494334206451,0.00229508848861,-0.0006527674268,-6.57946486626e-7,-0.000101880264992,0.0000237347394432,-0.00047484235256,0.0000153513246914,-0.000952535076067,0.000458560680272],[0.0000717354996596,-0.000395277573261,-0.000405842089094,-0.000453718967037,-0.0006527674268,0.00381655129604,-0.00175193068571,0.00049655843759,0.000250819284702,-0.0000203763502213,-0.00121644930914,0.000837171741296,-0.00094189849915],[-0.000137231589179,0.0000172154013853,-0.0000230310033658,0.000224036703003,-6.57946486626e-7,-0.00175193068571,0.00440302956849,-0.00253728404641,0.00142370292451,-0.000637837976683,0.000306027708575,-0.000947637774516,0.000152694468852],[0.00000377177480004,-0.000172937085154,-0.000351034861524,-0.0000143983179441,-0.000101880264992,0.00049655843759,-0.00253728404641,0.00691371690482,-0.00387062807567,0.00178468157537,-0.00115088711027,0.000189564903849,0.000229406839935],[-0.000183845826541,-0.0000654570685583,0.0000976091760094,-0.000720156065654,0.0000237347394432,0.000250819284702,0.00142370292451,-0.00387062807567,0.00756476446986,-0.003984245006,0.00111954333261,0.000494108709972,-0.000288750510663],[0.0000360035774065,0.0000872698001331,-0.000536139181349,0.000106095001684,-0.00047484235256,-0.0000203763502213,-0.000637837976683,0.00178468157537,-0.003984245006,0.00932245329022,-0.00385751901194,0.000295202189591,-0.000250171113294],[-0.000119623946375,-0.000235792322201,0.000110635250167,0.000590507406741,0.0000153513246914,-0.00121644930914,0.000306027708575,-0.00115088711027,0.00111954333261,-0.00385751901194,0.00930198282003,-0.00340783922002,0.000394089642214],[0.0000673335598549,0.0000417895862483,0.000160234238137,-0.0000665068146191,-0.000952535076067,0.000837171741296,-0.000947637774516,0.000189564903849,0.000494108709972,0.000295202189591,-0.00340783922002,0.0101860491559,-0.00488942163065],[-0.0000169840477611,0.0000646978078294,0.000132119763293,-0.000455695146229,0.000458560680272,-0.00094189849915,0.000152694468852,0.000229406839935,-0.000288750510663,-0.000250171113294,0.000394089642214,-0.00488942163065,0.00902227498591]],"mean":[-748.373840332,127.499946594,20.2946739197,14.3035955429,20.8801021576,15.2369480133,4.96271371841,5.34691762924,6.235247612,-0.374399930239,4.21624422073,-2.81994080544,-3.52770328522]},"pitch_salience":{"dmean":0.10685057193,"dmean2":0.159141838551,"dvar":0.0113276708871,"dvar2":0.0217754710466,"max":0.852711737156,"mean":0.394399940968,"median":0.380883276463,"min":0.0247669741511,"var":0.032321728766},"silence_rate_20dB":{"dmean":0.0282198898494,"dmean2":0.0564461499453,"dvar":0.027421394363,"dvar2":0.0548352003098,"max":1,"mean":0.971783280373,"median":1,"min":0,"var":0.0274185556918},"silence_rate_30dB":{"dmean":0.0968506634235,"dmean2":0.193723186851,"dvar":0.0874742642045,"dvar2":0.162727400661,"max":1,"mean":0.79130923748,"median":1,"min":0,"var":0.165154591203},"silence_rate_60dB":{"dmean":0.120555371046,"dmean2":0.241137951612,"dvar":0.10601747781,"dvar2":0.220012202859,"max":1,"mean":0.2019187361,"median":0,"min":0,"var":0.161151558161},"spectral_centroid":{"dmean":385.347625732,"dmean2":561.848144531,"dvar":440327.875,"dvar2":956249.125,"max":8473.38085938,"mean":924.94543457,"median":685.076171875,"min":92.3700485229,"var":742207.625},"spectral_complexity":{"dmean":3.27328133583,"dmean2":4.7999548912,"dvar":34.4253387451,"dvar2":69.1073226929,"max":57,"mean":9.02054214478,"median":7,"min":0,"var":64.8072128296},"spectral_contrast_coeffs":{"dmean":[0.0735345557332,0.0514493510127,0.0464203506708,0.0383003354073,0.0291217509657,0.0247251167893],"dmean2":[0.107029370964,0.0801845192909,0.0693108811975,0.0589035749435,0.0425900258124,0.0365197844803],"dvar":[0.00424900604412,0.002213640837,0.00185245648026,0.00120160798542,0.000774937856477,0.000558912404813],"dvar2":[0.00843155756593,0.00517748994753,0.00365767278709,0.00254056346603,0.00152540882118,0.00113262108061],"max":[-0.247876867652,-0.302844762802,-0.272995591164,-0.514334976673,-0.582218170166,-0.610219836235],"mean":[-0.595101416111,-0.706095695496,-0.718749463558,-0.757531583309,-0.785976707935,-0.804716348648],"median":[-0.597072422504,-0.718690991402,-0.73246973753,-0.753835916519,-0.788818478584,-0.808851778507],"min":[-0.927323877811,-0.938664317131,-0.959721207619,-0.962020456791,-0.956013858318,-0.92223751545],"var":[0.0138717833906,0.00884204637259,0.012050434947,0.00536174094304,0.00401645759121,0.00230055185966]},"spectral_contrast_valleys":{"dmean":[0.672341287136,0.562080144882,0.52843952179,0.552035868168,0.505327403545,0.580103754997],"dmean2":[0.956196010113,0.841298818588,0.776126623154,0.784516453743,0.664193511009,0.695869922638],"dvar":[0.40849378705,0.375215947628,0.335599482059,0.390329301357,0.421177595854,0.450334638357],"dvar2":[0.712929844856,0.731685459614,0.647782683372,0.737285733223,0.751563251019,0.678324282169],"max":[-4.98651218414,-4.3980345726,-5.44407892227,-5.39638900757,-5.0946893692,-7.70446825027],"mean":[-8.13618564606,-8.23511314392,-8.75512695312,-8.9342956543,-9.13734149933,-10.9052963257],"median":[-8.12317276001,-8.15096569061,-8.71321678162,-8.90459823608,-9.09388542175,-10.7295408249],"min":[-13.283074379,-12.565612793,-13.3632583618,-14.1821556091,-13.7499694824,-15.0991020203],"var":[1.90366756916,1.22942602634,1.47338855267,1.62480854988,1.67922508717,2.21453642845]},"spectral_decrease":{"dmean":9.94586013547e-9,"dmean2":1.51414081273e-8,"dvar":8.55931346003e-16,"dvar2":2.09264127125e-15,"max":6.18251450035e-10,"mean":-1.56146064967e-8,"median":-4.65832572516e-9,"min":-2.60754802639e-7,"var":8.45554715943e-16},"spectral_energy":{"dmean":0.0383409783244,"dmean2":0.0582679994404,"dvar":0.0123496456072,"dvar2":0.0301901213825,"max":0.990909695625,"mean":0.0611392892897,"median":0.0203010514379,"min":1.18145656813e-7,"var":0.012255590409},"spectral_energyband_high":{"dmean":0.000980642158538,"dmean2":0.00145427405369,"dvar":0.00000620922173766,"dvar2":0.0000125991264213,"max":0.0255753938109,"mean":0.001043715165,"median":0.0000978358730208,"min":3.72139608018e-9,"var":0.00000773343526816},"spectral_energyband_low":{"dmean":0.0345375686884,"dmean2":0.0531539693475,"dvar":0.0123388525099,"dvar2":0.0303168296814,"max":0.980537414551,"mean":0.0499456189573,"median":0.0043956656009,"min":7.06317564436e-8,"var":0.011691654101},"spectral_energyband_middle_high":{"dmean":0.00232037785463,"dmean2":0.00333628244698,"dvar":0.000044083375542,"dvar2":0.0000880009611137,"max":0.255601972342,"mean":0.00405879551545,"median":0.000780253321864,"min":2.63323474137e-9,"var":0.000150291118189},"spectral_energyband_middle_low":{"dmean":0.00451117753983,"dmean2":0.00690195010975,"dvar":0.0000919799058465,"dvar2":0.000195406115381,"max":0.191820546985,"mean":0.00742388656363,"median":0.0033691492863,"min":1.63334874514e-8,"var":0.00020928675076},"spectral_entropy":{"dmean":0.441566556692,"dmean2":0.560451388359,"dvar":0.215590715408,"dvar2":0.348126769066,"max":9.20756435394,"mean":6.95850944519,"median":6.99803352356,"min":3.67290234566,"var":0.917245388031},"spectral_flux":{"dmean":0.0687506273389,"dmean2":0.106271475554,"dvar":0.00995705183595,"dvar2":0.0202049370855,"max":0.890024006367,"mean":0.106429830194,"median":0.064633846283,"min":0.000617023615632,"var":0.016929840669},"spectral_kurtosis":{"dmean":4.45805215836,"dmean2":6.0781288147,"dvar":56.3093910217,"dvar2":97.0872879028,"max":133.792495728,"mean":9.4286108017,"median":5.41598272324,"min":-1.39599049091,"var":176.345840454},"spectral_rms":{"dmean":0.00201777275652,"dmean2":0.00275469501503,"dvar":0.0000118010893857,"dvar2":0.0000227599284699,"max":0.0310924611986,"mean":0.00588711211458,"median":0.00445038219914,"min":0.0000107361101982,"var":0.000024990122256},"spectral_rolloff":{"dmean":1346.9708252,"dmean2":2374.25585938,"dvar":9826976,"dvar2":20120214,"max":17786.4257812,"mean":1812.12316895,"median":387.59765625,"min":43.06640625,"var":12571974},"spectral_skewness":{"dmean":0.514345645905,"dmean2":0.687425017357,"dvar":0.36798915267,"dvar2":0.636134982109,"max":10.0219230652,"mean":2.24413132668,"median":1.99990439415,"min":-0.394394487143,"var":1.51160943508},"spectral_spread":{"dmean":1772527.625,"dmean2":2391152.75,"dvar":5364445609980,"dvar2":10233645629400,"max":23996340,"mean":6341834.5,"median":5345842,"min":666515.875,"var":14398724767700},"spectral_strongpeak":{"dmean":0.564442873001,"dmean2":0.924799323082,"dvar":1.11675691605,"dvar2":2.76003479958,"max":18.3579006195,"mean":1.06967926025,"median":0.763404250145,"min":0,"var":2.04170441628},"zerocrossingrate":{"dmean":0.0326203741133,"dmean2":0.0365847125649,"dvar":0.00239915074781,"dvar2":0.00291974842548,"max":0.5458984375,"mean":0.0676617845893,"median":0.03759765625,"min":0.0029296875,"var":0.00713115558028}},"metadata":{"audio_properties":{"analysis_sample_rate":44100,"bit_rate":0,"codec":"flac","downmix":"mix","equal_loudness":0,"length":205.693328857,"lossless":true,"md5_encoded":"ad5c9827fc079fc959f728b6cdf8780e","replay_gain":-8.19735717773,"sample_rate":44100},"tags":{"album":["Confrontation"],"albumartist":["Bob Marley & The Wailers"],"albumartistsort":["Marley, Bob & The Wailers"],"artist":["Bob Marley & The Wailers"],"artistsort":["Marley, Bob & The Wailers"],"asin":["B0007WZWB8"],"barcode":["4988005389473"],"catalognumber":["UICY-9551"],"date":["2005-05-11"],"discnumber":["1"],"disctotal":["1"],"file_name":"01-08 Stiff Necked Fools.flac","genre":["Reggae"],"isrc":["USIR28300010"],"label":["UNIVERSAL MUSIC JAPAN"],"media":["CD"],"musicbrainz_albumartistid":["c296e10c-110a-4103-9e77-47bfebb7fb2e"],"musicbrainz_albumid":["17731b81-2775-4be7-a57e-9199f39dc1f0"],"musicbrainz_artistid":["c296e10c-110a-4103-9e77-47bfebb7fb2e"],"musicbrainz_recordingid":["91ec909e-0b18-453c-bf05-f3ad01d9cb96"],"musicbrainz_releasegroupid":["e20b6b85-f911-31f2-933b-391f2d10dcb3"],"originaldate":["1983-03-23"],"releasecountry":["JP"],"releasestatus":["official"],"releasetype":["album"],"script":["Latn"],"title":["Stiff Necked Fools"],"totaldiscs":["1"],"totaltracks":["11"],"tracknumber":["8"],"tracktotal":["11"]},"version":{"essentia":"2.1-beta1","essentia_build_sha":"ca57ba49d9b1854bd80e60cf9ccf267278fb7d6b","essentia_git_sha":"v2.1_beta1-28-g21ef5f4-dirty","extractor":"music 1.0"}},"rhythm":{"beats_count":486,"beats_loudness":{"dmean":0.116461895406,"dmean2":0.208338171244,"dvar":0.00895453244448,"dvar2":0.025577571243,"max":0.595682621002,"mean":0.110820822418,"median":0.077349588275,"min":0.0000290261123155,"var":0.0102281197906},"beats_loudness_band_ratio":{"dmean":[0.42333778739,0.0472863763571,0.101523801684,0.14027