{"lowlevel":{"average_loudness":0.889400482178,"barkbands":{"dmean":[0.00141826667823,0.0091557726264,0.00350573309697,0.00146434269845,0.00114334805403,0.000457219808595,0.000377956894226,0.000530122430064,0.0004806802026,0.000355725758709,0.000174059037818,0.000221254711505,0.00056313740788,0.000452971551567,0.000598644721322,0.000366205378668,0.000321790226735,0.000342971383361,0.000331599119818,0.000244397990173,0.000157586095156,0.000119438213005,0.0000545200637134,0.0000352344977728,0.0000176987778104,0.0000042171154746,4.74481907986e-7],"dmean2":[0.00232095178217,0.0150342779234,0.0060299015604,0.00251502357423,0.0019572977908,0.000740798015613,0.000602555752266,0.000830818433315,0.000733175082132,0.000573312456254,0.000278479332337,0.000369841553038,0.000931564252824,0.000769928738009,0.00101056497078,0.000619447615463,0.000535687198862,0.000568241230212,0.000542137480807,0.000379473727662,0.00023547380988,0.000175041437615,0.0000762873169151,0.0000474930129712,0.0000241110028583,0.00000574529121877,6.73490717418e-7],"dvar":[0.00000632408182355,0.000185686600162,0.0000281334741885,0.00000569030544284,0.00000540359724255,9.27658902583e-7,5.58547014862e-7,0.00000130783121222,0.00000138287975915,5.87111856021e-7,1.46622141983e-7,3.78091243647e-7,0.00000162951948823,0.00000146326647155,0.00000129344641664,3.90716138554e-7,2.64748138079e-7,2.59516184542e-7,2.90843445327e-7,2.20305949483e-7,8.54324042621e-8,5.30054400372e-8,1.2734390431e-8,1.27437420616e-8,2.4329513959e-9,1.2322505516e-10,2.46446222804e-12],"dvar2":[0.0000160512354341,0.000488841847982,0.0000780757618486,0.0000157013455464,0.0000150832893269,0.00000228814860748,0.00000134473611979,0.00000320511321661,0.00000302054286294,0.00000140085194289,3.44185394852e-7,9.73434907792e-7,0.00000427048234997,0.0000042397064135,0.00000354306462214,0.00000110126313757,6.99648467162e-7,6.95849280419e-7,7.73798433329e-7,5.26327880834e-7,1.84496670386e-7,1.088290702e-7,2.44931452897e-8,2.0988146332e-8,4.52344339763e-9,2.42422554253e-10,5.50018407555e-12],"max":[0.0272095575929,0.199729204178,0.0631376504898,0.0473348945379,0.0648551434278,0.0291364323348,0.0144185153767,0.0283963643014,0.0294116139412,0.0172279402614,0.0078257555142,0.0284652933478,0.0246896613389,0.0336932726204,0.0320855788887,0.0208404082805,0.0104835666716,0.00993961561471,0.00926320441067,0.0139996837825,0.00430852314457,0.00469552353024,0.00246946769767,0.00643408857286,0.00326228188351,0.000655992946122,0.0000695762646501],"mean":[0.00156685116235,0.0143891526386,0.00474810041487,0.00187330064364,0.00166277354583,0.000710424501449,0.000570448755752,0.000850101059768,0.000798487570137,0.000594589626417,0.000292496581096,0.000323068787111,0.000890037452336,0.000665452564135,0.000992186949588,0.000631057540886,0.000554129597731,0.000640511629172,0.00065420276951,0.000462739582872,0.000305357098114,0.000224449599045,0.00011158833513,0.0000708272127667,0.0000329048270942,0.00000916535645956,8.55657106058e-7],"median":[0.000566216069274,0.0104338470846,0.00304737710394,0.00114864064381,0.00086263299454,0.000301134597976,0.000223136303248,0.000239241882809,0.000177814799827,0.00022641607211,0.0000893463729881,0.000147393991938,0.000249195029028,0.000219997920794,0.000456362613477,0.000345270818798,0.000350586837158,0.000429724983405,0.000360952573828,0.000232980033616,0.000158271926921,0.0000863147943164,0.0000373151706299,0.0000179964499694,0.00000736039964977,0.00000198550765163,1.28853841375e-7],"min":[1.47684720826e-24,6.08528564465e-24,2.63933650124e-24,6.12951273687e-24,1.25503494395e-23,3.08701530161e-23,2.05978382334e-23,2.38458231271e-23,3.63353624348e-23,5.0296143108e-23,4.13161765478e-23,4.70859714729e-23,4.5899243837e-23,5.4948731131e-23,8.90953579635e-23,1.11508922076e-22,1.16379828932e-22,1.1128759926e-22,1.03053084167e-22,1.95864279917e-22,3.34994844734e-22,3.83442390129e-22,6.6354198219e-22,7.17994134848e-22,9.79460201239e-22,1.55603315901e-21,2.31056929999e-21],"var":[0.00000709272580934,0.00024199107429,0.0000309195384034,0.0000062367071223,0.00000712795326763,0.0000014310842289,9.9519604646e-7,0.00000268930875791,0.0000033954081573,0.00000129938086957,3.87241755107e-7,4.72971578347e-7,0.00000325532596435,0.00000247831599154,0.00000235077777688,7.08615914391e-7,4.43749286205e-7,4.91477749165e-7,6.72197927543e-7,4.58600027287e-7,1.90874871464e-7,1.41243617691e-7,4.42015348767e-8,3.48193793798e-8,6.30601260099e-9,4.45329856325e-10,6.60070349073e-12]},"barkbands_crest":{"dmean":3.12765026093,"dmean2":5.18159008026,"dvar":7.21555233002,"dvar2":19.5423355103,"max":26.4808330536,"mean":11.4744386673,"median":11.0287380219,"min":2.36556482315,"var":20.5580444336},"barkbands_flatness_db":{"dmean":0.0225891787559,"dmean2":0.0351431965828,"dvar":0.000502193055581,"dvar2":0.00108501396608,"max":0.453452318907,"mean":0.143515020609,"median":0.133363679051,"min":0.0204784926027,"var":0.00329835037701},"barkbands_kurtosis":{"dmean":3.43346905708,"dmean2":5.45798826218,"dvar":45.9672012329,"dvar2":106.530174255,"max":222.29598999,"mean":4.83543157578,"median":0.709571957588,"min":-1.91330194473,"var":133.730224609},"barkbands_skewness":{"dmean":0.639111936092,"dmean2":0.991658508778,"dvar":0.404577493668,"dvar2":0.931769371033,"max":11.4093532562,"mean":1.71302342415,"median":1.38964867592,"min":-7.29419612885,"var":2.3773522377},"barkbands_spread":{"dmean":6.36830806732,"dmean2":9.98093795776,"dvar":37.6702041626,"dvar2":83.3819046021,"max":104.971061707,"mean":28.0312480927,"median":28.4522361755,"min":0.37333676219,"var":200.226776123},"dissonance":{"dmean":0.0108552873135,"dmean2":0.0183484274894,"dvar":0.000114134738396,"dvar2":0.000315790704917,"max":0.500000059605,"mean":0.480642676353,"median":0.484372496605,"min":0.337138265371,"var":0.000218689834583},"dynamic_complexity":3.77466154099,"erbbands":{"dmean":[0.419908702374,1.5943801403,3.7278072834,4.28096723557,4.39630222321,3.59918880463,3.69327640533,3.84440088272,6.28950977325,4.65663290024,12.9411392212,11.8995027542,6.58165645599,12.072886467,6.9868888855,10.4836797714,26.1294937134,16.8463478088,37.2752494812,16.2303543091,21.7687950134,16.5740222931,16.8794956207,19.200838089,12.9768610001,11.4264802933,7.29441165924,6.05334281921,4.40429401398,2.74438643456,1.44039726257,1.0064022541,0.516298592091,0.241627290845,0.104065448046,0.0288588572294,0.00646439567208,0.000853339384776,0.0000895075645531,0.0000174870801857],"dmean2":[0.700190603733,2.60812807083,6.35725164413,7.33675003052,7.56266641617,6.23075771332,6.1723985672,6.31381797791,9.93143081665,7.16782617569,20.5166454315,18.0150871277,10.5047769547,19.5408344269,11.2239332199,17.3054084778,42.9611625671,28.3377132416,63.4562683105,27.0333499908,36.8762283325,27.0903053284,27.7353305817,31.6881313324,20.6846942902,17.7202224731,11.1933794022,9.12491798401,6.52818441391,3.96602892876,2.01659488678,1.37909698486,0.708082795143,0.330923885107,0.143096387386,0.0393625982106,0.00885019637644,0.00116148719098,0.000124832396978,0.0000266011611529],"dvar":[0.464371860027,5.16671228409,29.1909656525,43.0560188293,65.1510848999,77.7488021851,70.0230789185,76.8417510986,169.427276611,97.2034301758,697.283569336,968.958129883,261.091949463,654.02142334,201.124404907,763.351379395,3552.93945312,1476.47729492,5418.03369141,781.96661377,1482.18786621,716.29473877,671.503112793,955.700134277,505.735931396,492.956573486,187.877258301,135.71762085,74.0191116333,30.2428340912,9.19421195984,9.91710948944,1.97226476669,0.42855066061,0.0814860165119,0.00603624107316,0.000378206226742,0.00000589193132328,6.90020698357e-8,5.98391058926e-10],"dvar2":[1.23013091087,13.8297367096,80.6218490601,118.50642395,186.483016968,217.904327393,189.815673828,192.331924438,391.655914307,208.370498657,1809.45336914,2079.64233398,649.187744141,1577.3170166,487.2890625,1940.11767578,9137.20996094,4152.15234375,14993.7675781,2174.64428711,4180.1328125,1880.43896484,1770.49584961,2611.96728516,1245.20068359,1169.15234375,415.659942627,297.454193115,156.749710083,61.7328071594,17.7762813568,17.619550705,3.30358672142,0.793165266514,0.145688861609,0.0120275905356,0.000761762436014,0.0000116895898827,1.4763713807e-7,1.32206634529e-9],"max":[9.01143264771,31.924949646,64.9197463989,146.071731567,175.903244019,260.371551514,376.621063232,222.895568848,249.70223999,197.313613892,654.768615723,819.523071289,537.518981934,653.752746582,312.401977539,1437.63598633,1229.14099121,753.42791748,1894.79064941,604.985839844,1356.24743652,568.360778809,635.843505859,630.563903809,633.459106445,708.578430176,466.429870605,188.951766968,180.498931885,111.29460144,82.0143737793,166.423980713,64.2355728149,35.9796562195,17.5168209076,5.17770719528,1.09589469433,0.0980026572943,0.00922710448503,0.000548679265194],"mean":[0.575668931007,2.60232162476,5.54016685486,6.02625083923,6.06507015228,4.72582101822,5.79207992554,5.50709629059,9.36760234833,8.712931633,21.3414783478,20.1523113251,12.2187995911,20.8794250488,12.5758256912,16.8363990784,42.1911582947,29.0576076508,61.6314697266,32.296131134,37.7609024048,31.6977462769,33.1313514709,39.3319282532,26.6442012787,22.0018291473,14.3486366272,11.3816394806,8.28142642975,5.03487586975,2.96991324425,1.94749391079,1.00225698948,0.433693796396,0.200209513307,0.060716573149,0.0137682734057,0.0017220970476,0.000178413232788,0.00004762746903],"median":[0.341489493847,1.93760764599,3.80272698402,4.10639667511,3.38664913177,2.30625247955,2.18573856354,2.42786121368,3.54752254486,3.32430791855,7.28219795227,4.92985916138,4.95494699478,8.05422496796,5.73955821991,8.08268356323,12.1463127136,13.1266937256,25.43268013,17.7849369049,21.117149353,21.8125572205,23.3862266541,20.5686302185,16.7494468689,11.0503997803,7.40859508514,5.77697753906,3.34470272064,1.75467133522,0.988696396351,0.533364593983,0.231967300177,0.090522184968,0.0436419025064,0.014888625592,0.00242389226332,0.000297001970466,0.0000435763577116,0.0000397748517571],"min":[2.4831311715e-22,1.55973234868e-21,4.88730859977e-21,1.48360432793e-20,5.0983561398e-20,3.3412086763e-20,7.07414747249e-20,3.06953387031e-19,3.09930048164e-19,4.18196823409e-19,6.09090049656e-19,6.65179409235e-19,1.14365391786e-18,1.60688591763e-18,1.2929183492e-18,2.9034620595e-18,2.2101260943e-18,2.70804808441e-18,4.03884210328e-18,5.42884922591e-18,4.4794762525e-18,7.66612545586e-18,6.43036973309e-18,8.02616574365e-18,6.49109512981e-18,9.98291607656e-18,1.07243883699e-17,1.43997503549e-17,1.37259827946e-17,1.71217866838e-17,1.88290626527e-17,1.56671449089e-17,1.28575300054e-17,7.79247812161e-18,7.72669410186e-18,4.92747272277e-18,2.91474521664e-18,1.06590162861e-18,3.17547709521e-19,3.41278177127e-20],"var":[0.554945349693,7.02100896835,35.5669975281,46.9671897888,83.4290542603,79.7157287598,122.500953674,97.639251709,280.519775391,250.316192627,1347.12414551,2356.16625977,627.554870605,1424.78930664,456.540618896,1037.55419922,7471.23046875,2663.9543457,10048.0107422,1911.53417969,2551.73608398,1282.48010254,1246.81213379,2439.91137695,1033.94091797,1029.24316406,437.283111572,277.429260254,189.051940918,78.1189117432,31.366809845,25.1703586578,6.0166144371,1.12652754784,0.23579390347,0.0179668143392,0.00134898640681,0.0000222449398279,2.1807596795e-7,1.45159517739e-9]},"erbbands_crest":{"dmean":2.50134253502,"dmean2":4.1579580307,"dvar":5.90763664246,"dvar2":15.1416988373,"max":34.0298347473,"mean":8.25529766083,"median":7.15082883835,"min":2.6080622673,"var":17.7250919342},"erbbands_flatness_db":{"dmean":0.0154710188508,"dmean2":0.0228598043323,"dvar":0.000236743857386,"dvar2":0.000458397902548,"max":0.425452649593,"mean":0.160276100039,"median":0.156883940101,"min":0.0458019599319,"var":0.00155149144121},"erbbands_kurtosis":{"dmean":1.24293315411,"dmean2":1.81147134304,"dvar":24.9782772064,"dvar2":30.660861969,"max":216.095687866,"mean":0.997472822666,"median":-0.0561548471451,"min":-1.88298022747,"var":84.3145523071},"erbbands_skewness":{"dmean":0.339765995741,"dmean2":0.526225805283,"dvar":0.111678779125,"dvar2":0.256145983934,"max":5.92807388306,"mean":-0.53219628334,"median":-0.541764140129,"min":-6.8258471489,"var":0.445578038692},"erbbands_spread":{"dmean":7.84141874313,"dmean2":12.4591159821,"dvar":51.7569465637,"dvar2":129.348831177,"max":105.916816711,"mean":39.2569847107,"median":36.7752151489,"min":0.346611052752,"var":275.488800049},"gfcc":{"cov":[[17184.7148438,-822.963928223,-666.465270996,1015.57531738,-1125.0201416,974.577453613,-53.9435005188,767.726806641,-229.786865234,112.654754639,70.7128601074,233.855895996,-217.816574097],[-822.963928223,1233.46386719,-183.559860229,-3.57746553421,332.332000732,-258.926879883,177.142456055,-210.480133057,90.2061386108,-130.083557129,49.1837844849,-104.543258667,60.6726531982],[-666.465270996,-183.559860229,548.617980957,93.7534332275,12.573682785,80.2923660278,-66.6882705688,55.4533233643,10.5944013596,18.6833286285,13.8592042923,16.1909217834,16.1136932373],[1015.57531738,-3.57746553421,93.7534332275,426.676391602,11.4863500595,33.1329345703,39.1050758362,-7.49983787537,-2.87950921059,-39.4194869995,26.4455032349,18.159614563,55.8567504883],[-1125.0201416,332.332000732,12.573682785,11.4863500595,303.54598999,-89.0894241333,27.1139163971,-108.256851196,30.3656272888,-16.4781894684,6.40905284882,-42.201915741,31.5311813354],[974.577453613,-258.926879883,80.2923660278,33.1329345703,-89.0894241333,264.605407715,1.39116573334,130.562423706,1.25921452045,34.5133094788,25.2105045319,9.04854679108,-29.1893634796],[-53.9435005188,177.142456055,-66.6882705688,39.1050758362,27.1139163971,1.39116573334,184.383880615,4.48730182648,26.0995025635,-34.0469245911,5.32850217819,-17.9673957825,22.3183193207],[767.726806641,-210.480133057,55.4533233643,-7.49983787537,-108.256851196,130.562423706,4.48730182648,197.917724609,27.9034805298,32.3882446289,9.68902683258,15.9486503601,-32.8045578003],[-229.786865234,90.2061386108,10.5944013596,-2.87950921059,30.3656272888,1.25921452045,26.0995025635,27.9034805298,97.419342041,18.0781726837,21.9316139221,-20.1452503204,3.90956330299],[112.654754639,-130.083557129,18.6833286285,-39.4194869995,-16.4781894684,34.5133094788,-34.0469245911,32.3882446289,18.0781726837,93.6528091431,20.8522586823,4.88488054276,-19.8430423737],[70.7128601074,49.1837844849,13.8592042923,26.4455032349,6.40905284882,25.2105045319,5.32850217819,9.68902683258,21.9316139221,20.8522586823,82.7917709351,17.3043327332,4.85884237289],[233.855895996,-104.543258667,16.1909217834,18.159614563,-42.201915741,9.04854679108,-17.9673957825,15.9486503601,-20.1452503204,4.88488054276,17.3043327332,75.247253418,22.710773468],[-217.816574097,60.6726531982,16.1136932373,55.8567504883,31.5311813354,-29.1893634796,22.3183193207,-32.8045578003,3.90956330299,-19.8430423737,4.85884237289,22.710773468,75.9275360107]],"icov":[[0.000300269341096,-0.000721768301446,0.000584531459026,-0.00106862396933,0.000921417784411,-0.00100800849032,0.000577941595111,-0.000758574868087,0.00082016660599,-0.00107542076148,0.000925124331843,-0.00101815746166,0.000754511798732],[-0.000721768301446,0.00419698376209,-0.00105335842818,0.00293631386012,-0.00358739076182,0.00373916560784,-0.00249759550206,0.0023682792671,-0.00316800246947,0.00543004833162,-0.00498506845906,0.00462986435741,-0.00215989653952],[0.000584531459026,-0.00105335842818,0.00340395886451,-0.00248224730603,0.00112305802759,-0.00231400039047,0.0020639654249,-0.00206336937845,0.00123907322995,-0.00172005023342,0.00149206642527,-0.00167415279429,0.000660092802718],[-0.00106862396933,0.00293631386012,-0.00248224730603,0.00677416473627,-0.0033707828261,0.00325445784256,-0.00258885812946,0.00294545735233,-0.00281136645935,0.00535995746031,-0.00468890182674,0.00413411390036,-0.00457510072738],[0.000921417784411,-0.00358739076182,0.00112305802759,-0.0033707828261,0.00854355935007,-0.00331615074538,0.0019973188173,-0.000299027975416,0.00189307029359,-0.00499990629032,0.00357141182758,-0.00187969929539,0.00114177132491],[-0.00100800849032,0.00373916560784,-0.00231400039047,0.00325445784256,-0.00331615074538,0.0104642529041,-0.00302508147433,-0.000932900875341,-0.00154208985623,0.00397485867143,-0.00632310006768,0.00581869017333,-0.00211419793777],[0.000577941595111,-0.00249759550206,0.0020639654249,-0.00258885812946,0.0019973188173,-0.00302508147433,0.00877293944359,-0.00281968340278,0.000722511555068,-0.000790968537331,0.00225510261953,-0.000949495588429,-0.000773355888668],[-0.000758574868087,0.0023682792671,-0.00206336937845,0.00294545735233,-0.000299027975416,-0.000932900875341,-0.00281968340278,0.0125152394176,-0.00666144676507,0.00265442486852,-0.00130008207634,-0.0000623885498499,0.00134258635808],[0.00082016660599,-0.00316800246947,0.00123907322995,-0.00281136645935,0.00189307029359,-0.00154208985623,0.000722511555068,-0.00666144676507,0.0179075822234,-0.00705908704549,-0.000383991195122,0.00196926738136,-0.00111121870577],[-0.00107542076148,0.00543004833162,-0.00172005023342,0.00535995746031,-0.00499990629032,0.00397485867143,-0.000790968537331,0.00265442486852,-0.00705908704549,0.0215486977249,-0.00937871076167,0.00508205220103,-0.000943326158449],[0.000925124331843,-0.00498506845906,0.00149206642527,-0.00468890182674,0.00357141182758,-0.00632310006768,0.00225510261953,-0.00130008207634,-0.000383991195122,-0.00937871076167,0.0217046998441,-0.011149905622,0.00414651166648],[-0.00101815746166,0.00462986435741,-0.00167415279429,0.00413411390036,-0.00187969929539,0.00581869017333,-0.000949495588429,-0.0000623885498499,0.00196926738136,0.00508205220103,-0.011149905622,0.0266884490848,-0.0120793711394],[0.000754511798732,-0.00215989653952,0.000660092802718,-0.00457510072738,0.00114177132491,-0.00211419793777,-0.000773355888668,0.00134258635808,-0.00111121870577,-0.000943326158449,0.00414651166648,-0.0120793711394,0.0229653920978]],"mean":[-17.9666957855,104.707496643,-131.832107544,59.9780082703,-34.4462242126,15.2639865875,-23.3412590027,8.62711334229,-12.5963811874,3.70153474808,-12.4922742844,-5.24474525452,-9.03241729736]},"hfc":{"dmean":6.10405731201,"dmean2":8.8028678894,"dvar":73.3046646118,"dvar2":148.25038147,"max":134.811203003,"mean":22.1984386444,"median":18.1441898346,"min":1.14091116065e-16,"var":354.094177246},"melbands":{"dmean":[0.00303086661734,0.00179151759949,0.000727410370018,0.000282078020973,0.000129416483105,0.0000873938406585,0.0000908251968212,0.0000629329806543,0.000109300010081,0.0000677210919093,0.0000336804696417,0.0000523343405803,0.0000255267095781,0.0000244546808972,0.0000459507064079,0.0000487008328491,0.0000341686754837,0.0000632470619166,0.0000327979687427,0.0000210455273191,0.0000272524994216,0.0000174926753971,0.0000226324318646,0.0000155211018864,0.0000173029038706,0.0000116528972285,0.00000958016516961,0.00000778544745117,0.00000533388538315,0.00000415905515183,0.0000034601121115,0.00000286142949335,0.00000216714374801,0.00000130529008402,8.97766142316e-7,8.36849608277e-7,5.74227158268e-7,4.09522840528e-7,2.69335316716e-7,1.93186352249e-7],"dmean2":[0.00500004505739,0.00296434992924,0.00124074378982,0.000485621683765,0.000216900923988,0.000142162665725,0.000143165787449,0.0000963087222772,0.000172938773176,0.00010276811372,0.0000540422224731,0.0000847818228067,0.000040681403334,0.0000410562206525,0.0000750560720917,0.0000811152640381,0.0000577450628043,0.000107931802631,0.0000548717398487,0.0000355928677891,0.0000463204232801,0.0000289384388452,0.0000377112264687,0.0000259272856056,0.0000287806378765,0.0000190330829355,0.0000153832843353,0.0000122094243125,0.000008391436495,0.00000639210429654,0.00000535068829777,0.00000437009657617,0.000003267272632,0.00000192361790141,0.00000131532658543,0.00000120300842354,8.13097472019e-7,5.82319501063e-7,3.80943589562e-7,2.71772307769e-7],"dvar":[0.0000222945782298,0.00000587312615608,0.00000121333960124,3.37007605822e-7,8.21132957185e-8,3.70128567795e-8,3.3550904277e-8,1.99375094212e-8,4.60015989745e-8,3.05346254947e-8,7.04875224855e-9,1.27008306094e-8,3.085576461e-9,4.79697082056e-9,1.21052492474e-8,1.07610222955e-8,6.83354306474e-9,1.72990812786e-8,3.44149286846e-9,1.18789500458e-9,2.4792385922e-9,9.47446121558e-10,1.22570287253e-9,6.92893853405e-10,8.21909984516e-10,3.55737578284e-10,4.31927577038e-10,2.4825663747e-10,1.14359084702e-10,6.01739630346e-11,4.49832775196e-11,3.52608289789e-11,1.75350220455e-11,7.37036126575e-12,3.69595977087e-12,4.99331045262e-12,4.14294119844e-12,1.29924120507e-12,6.44828157884e-13,2.55684037311e-13],"dvar2":[0.0000587318318139,0.0000156084770424,0.00000333959610543,9.46219245179e-7,2.24060570986e-7,8.89558222639e-8,7.74799389092e-8,4.27666684288e-8,1.18453137077e-7,6.6338571969e-8,1.73894978417e-8,3.04194571754e-8,7.23288717808e-9,1.25361259151e-8,3.07744265626e-8,2.88527957082e-8,1.9361072745e-8,4.86590145954e-8,9.44155864602e-9,3.32844529716e-9,6.92593093987e-9,2.51498710746e-9,3.30539706717e-9,1.88162774251e-9,2.27917928974e-9,9.24973375671e-10,1.11016185134e-9,5.97950411407e-10,2.63091326502e-10,1.35192648743e-10,1.01684632936e-10,8.04050159786e-11,3.71012422173e-11,1.54442049427e-11,8.03591915233e-12,9.93897065343e-12,7.83832027063e-12,2.43458074881e-12,1.24470453475e-12,5.00641412007e-13],"max":[0.0660311281681,0.0283922851086,0.0220323242247,0.0177536252886,0.0114511735737,0.00439674267545,0.00338088534772,0.0034877192229,0.00502339936793,0.00441376492381,0.00269313063473,0.00287703727372,0.0010638826061,0.00329084368423,0.00261937500909,0.0021926080808,0.00192610104568,0.00275597930886,0.00148073001765,0.000758348032832,0.00201322184876,0.00075590191409,0.000839130138047,0.000479516398627,0.000584175402764,0.000269430951448,0.000811234640423,0.000446109625045,0.000523302587681,0.000124929603771,0.000122768455185,0.000149184837937,0.0000931201429921,0.0000435996335,0.0000411820692534,0.000117127026897,0.000090273519163,0.0000438402203145,0.0000468280122732,0.0000237648782786],"mean":[0.00450053112581,0.0030718697235,0.00107859808486,0.000390043423977,0.00019778519345,0.000129456937429,0.000137672221172,0.000114217269584,0.000182650604984,0.000112749585242,0.0000587141985307,0.0000875561745488,0.0000442549135187,0.0000358398137905,0.0000722862241673,0.0000786748278188,0.0000517889893672,0.000101354838989,0.0000574753939873,0.0000371382848243,0.0000440680632892,0.0000291174474114,0.0000379850607715,0.0000269731790468,0.0000329983995471,0.0000223535753321,0.0000167635389516,0.0000138949799293,0.0000094150636869,0.00000749647551856,0.0000061161749727,0.00000503459887113,0.00000365538016922,0.00000234828462453,0.00000172466343429,0.00000150949790623,0.00000105936089767,7.68260917994e-7,4.64820885782e-7,3.28106068537e-7],"median":[0.00304006761871,0.0023612328805,0.000765942852013,0.000199577407329,0.0000809011762612,0.0000552890560357,0.0000526566291228,0.0000358318211511,0.0000614213640802,0.0000243624344876,0.0000216254775296,0.0000314401549986,0.0000154100307554,0.000016759187929,0.0000207377161132,0.0000267861032626,0.000018941493181,0.0000378471158911,0.0000308266171487,0.0000203471117857,0.0000236187588598,0.0000176602989086,0.0000253914186032,0.0000155542929861,0.0000159116279974,0.0000127749772219,0.00000877513775777,0.00000637058292341,0.00000431986063631,0.00000388852049582,0.00000291264859698,0.00000192665606846,0.00000131259059799,7.52596520215e-7,5.45976376998e-7,4.46841255552e-7,2.63132989176e-7,1.69303547182e-7,1.00542848713e-7,6.42017852215e-8],"min":[2.32997030055e-24,2.99625464565e-24,2.8764868248e-24,2.68845157284e-24,2.40133381348e-24,7.0727052063e-24,4.45527221695e-24,5.91440377865e-24,4.42876057408e-24,5.3261860948e-24,5.62725801472e-24,6.15619043496e-24,4.96359643491e-24,4.8158731585e-24,7.49049067487e-24,3.58080452073e-24,4.6388129339e-24,5.36040806416e-24,7.56568726294e-24,6.42308337844e-24,3.57705979801e-24,7.73377301146e-24,5.52447338308e-24,5.97457177761e-24,6.26807299943e-24,3.73286929312e-24,6.00846834185e-24,6.02281772172e-24,5.43058513029e-24,6.97271077567e-24,7.57968007767e-24,7.88256874426e-24,6.65168383029e-24,9.23616649406e-24,9.56819252704e-24,1.12888164905e-23,8.51248837657e-24,7.74569269973e-24,7.3251138747e-24,5.95241661909e-24],"var":[0.0000276928203675,0.00000839854783408,0.00000137301788072,4.35772363971e-7,1.27136544847e-7,5.21270955289e-8,5.75199052832e-8,5.04903852061e-8,9.52454684011e-8,7.31214626626e-8,1.64449645013e-8,2.70760303067e-8,8.15098921692e-9,5.84003068127e-9,2.36040023083e-8,2.05709422829e-8,1.15814158264e-8,3.18974358038e-8,6.56533583054e-9,2.40954345365e-9,3.83300724494e-9,1.43526823759e-9,1.90334903394e-9,1.18090115464e-9,1.94241334128e-9,7.71013364265e-10,6.67438326829e-10,4.82944462199e-10,2.3307708541e-10,1.18297441287e-10,8.77894770768e-11,7.96004373527e-11,3.91736955374e-11,1.85410489045e-11,1.05990502833e-11,1.26375420545e-11,9.29264477867e-12,3.64113253437e-12,1.44843707341e-12,6.42502381593e-13]},"melbands_crest":{"dmean":4.15717077255,"dmean2":6.88775348663,"dvar":12.5598649979,"dvar2":33.4876937866,"max":35.5422554016,"mean":17.5610256195,"median":17.2410011292,"min":1.9810116291,"var":32.9856033325},"melbands_flatness_db":{"dmean":0.029548952356,"dmean2":0.0456443876028,"dvar":0.000785896205343,"dvar2":0.00169024872594,"max":0.561604321003,"mean":0.216719016433,"median":0.207179516554,"min":0.00388477509841,"var":0.00561720412225},"melbands_kurtosis":{"dmean":9.96078681946,"dmean2":15.9149904251,"dvar":252.440261841,"dvar2":633.858703613,"max":300.08102417,"mean":19.8067874908,"median":9.08681774139,"min":-1.92767989635,"var":870.551879883},"melbands_skewness":{"dmean":0.940873324871,"dmean2":1.47195923328,"dvar":0.832433283329,"dvar2":2.01798248291,"max":14.098657608,"mean":3.43727993965,"median":2.97332668304,"min":-4.8708024025,"var":4.86213827133},"melbands_spread":{"dmean":8.53354549408,"dmean2":13.5702629089,"dvar":84.7801513672,"dvar2":204.205718994,"max":171.98449707,"mean":26.6687984467,"median":24.1905937195,"min":0.437950432301,"var":326.982757568},"mfcc":{"cov":[[12011.9384766,-447.220672607,-138.536834717,179.462799072,-284.976470947,41.7708015442,96.4546890259,432.439788818,-38.7452774048,242.383605957,138.684524536,221.231292725,119.133293152],[-447.220672607,1162.93469238,-323.334259033,180.53868103,58.3885040283,39.8851890564,33.5059204102,-27.9319972992,26.2482395172,-35.0009422302,31.6357383728,-20.4715423584,-49.2910957336],[-138.536834717,-323.334259033,525.12109375,-11.7597446442,62.798866272,8.44758319855,-4.58574581146,41.5544776917,-7.81751585007,22.7982063293,5.22389554977,4.11028242111,24.3726806641],[179.462799072,180.53868103,-11.7597446442,395.184112549,63.8030090332,63.3137779236,38.4813766479,-4.35170984268,48.4785690308,-80.0030899048,-42.7456474304,23.2567424774,-5.3076634407],[-284.976470947,58.3885040283,62.798866272,63.8030090332,200.410369873,39.5650863647,-14.5236625671,-22.9517650604,-21.6738319397,-4.34018802643,5.82863473892,-16.9048671722,-4.16841983795],[41.7708015442,39.8851890564,8.44758319855,63.3137779236,39.5650863647,114.655311584,44.9737625122,2.84460139275,8.20499134064,-5.83509922028,-2.68727397919,3.50353312492,0.201201975346],[96.4546890259,33.5059204102,-4.58574581146,38.4813766479,-14.5236625671,44.9737625122,100.46787262,36.8231277466,20.07305336,3.87928652763,3.6469745636,3.78354072571,-0.507299721241],[432.439788818,-27.9319972992,41.5544776917,-4.35170984268,-22.9517650604,2.84460139275,36.8231277466,127.623130798,30.410238266,33.9388542175,18.8210353851,12.8008975983,11.876996994],[-38.7452774048,26.2482395172,-7.81751585007,48.4785690308,-21.6738319397,8.20499134064,20.07305336,30.410238266,93.9948730469,9.32309627533,-6.11992025375,3.4557955265,-4.54148483276],[242.383605957,-35.0009422302,22.7982063293,-80.0030899048,-4.34018802643,-5.83509922028,3.87928652763,33.9388542175,9.32309627533,136.545379639,60.3698806763,-6.02219390869,9.03548717499],[138.684524536,31.6357383728,5.22389554977,-42.7456474304,5.82863473892,-2.68727397919,3.6469745636,18.8210353851,-6.11992025375,60.3698806763,91.8749694824,18.9984664917,1.44349563122],[221.231292725,-20.4715423584,4.11028242111,23.2567424774,-16.9048671722,3.50353312492,3.78354072571,12.8008975983,3.4557955265,-6.02219390869,18.9984664917,79.4707107544,23.7684383392],[119.133293152,-49.2910957336,24.3726806641,-5.3076634407,-4.16841983795,0.201201975346,-0.507299721241,11.876996994,-4.54148483276,9.03548717499,1.44349563122,23.7684383392,61.3249092102]],"icov":[[0.000117502830108,0.0000651184018352,0.0000991220658761,-0.000186601449968,0.000168535276316,-0.0000907241192181,0.000110325665446,-0.000413708941778,0.000322669016896,-0.000245262781391,-0.00000320399976772,-0.000189986938494,-0.0000049389218475],[0.0000651184018352,0.00128281896468,0.000825745053589,-0.00061301124515,-0.000289171235636,-0.0000609147027717,-0.000136222894071,-0.000224388117203,0.00000725035670257,0.000216813568841,-0.00103935820516,0.00042186153587,0.000375778035959],[0.0000991220658761,0.000825745053589,0.00267207203433,-0.00033681106288,-0.000894203491043,-0.00011247558723,0.000187746816664,-0.00119761249516,0.000337322009727,-0.000211908642086,-0.000294971832773,0.0000570257761865,-0.000405847851653],[-0.000186601449968,-0.00061301124515,-0.00033681106288,0.00431709410623,-0.00155210716184,-0.000814209866803,-0.000993732712232,0.000780854839832,-0.00256490008906,0.00209246529266,0.00119635090232,-0.00130078569055,0.0000927615838009],[0.000168535276316,-0.000289171235636,-0.000894203491043,-0.00155210716184,0.00718491198495,-0.00269182771444,0.00231431098655,-0.0000479590635223,0.00218875822611,-0.000567991111893,-0.00127838074695,0.00173104018904,-0.000208188808756],[-0.0000907241192181,-0.0000609147027717,-0.00011247558723,-0.000814209866803,-0.00269182771444,0.0125387841836,-0.00602178229019,0.00145901937503,-0.000429547508247,-0.000293549179332,0.000569895550143,-0.000674016657285,-0.00019571762823],[0.000110325665446,-0.000136222894071,0.000187746816664,-0.000993732712232,0.00231431098655,-0.00602178229019,0.0148889878765,-0.00417183106765,-0.00022034997528,-0.0000300393021462,-0.000809378514532,0.000759983609896,0.0003363674914],[-0.000413708941778,-0.000224388117203,-0.00119761249516,0.000780854839832,-0.0000479590635223,0.00145901937503,-0.00417183106765,0.0121538769454,-0.00381339178421,-0.00082217232557,-0.000791404629126,-0.000229828117881,-0.0012831062777],[0.000322669016896,0.00000725035670257,0.000337322009727,-0.00256490008906,0.00218875822611,-0.000429547508247,-0.00022034997528,-0.00381339178421,0.0145375877619,-0.00326821301132,0.0022322810255,-0.00100757274777,0.00180595309939],[-0.000245262781391,0.000216813568841,-0.000211908642086,0.00209246529266,-0.000567991111893,-0.000293549179332,-0.0000300393021462,-0.00082217232557,-0.00326821301132,0.0135762738064,-0.00847557745874,0.00414105271921,-0.00261043570936],[-0.00000320399976772,-0.00103935820516,-0.000294971832773,0.00119635090232,-0.00127838074695,0.000569895550143,-0.000809378514532,-0.000791404629126,0.0022322810255,-0.00847557745874,0.0192276630551,-0.00699434895068,0.00312179257162],[-0.000189986938494,0.00042186153587,0.0000570257761865,-0.00130078569055,0.00173104018904,-0.000674016657285,0.000759983609896,-0.000229828117881,-0.00100757274777,0.00414105271921,-0.00699434895068,0.0180528573692,-0.00677349371836],[-0.0000049389218475,0.000375778035959,-0.000405847851653,0.0000927615838009,-0.000208188808756,-0.00019571762823,0.0003363674914,-0.0012831062777,0.00180595309939,-0.00261043570936,0.00312179257162,-0.00677349371836,0.0200954861939]],"mean":[-646.780700684,117.532676697,-18.7425804138,46.7802429199,12.6536531448,18.050825119,5.01793956757,8.40799045563,5.88606643677,9.29115200043,6.13854217529,2.12160754204,-2.40048217773]},"pitch_salience":{"dmean":0.0825670361519,"dmean2":0.1377261132,"dvar":0.00529987737536,"dvar2":0.0145670045167,"max":0.98749101162,"mean":0.487845361233,"median":0.48878544569,"min":0.0476183816791,"var":0.0114889806136},"silence_rate_20dB":{"dmean":0,"dmean2":0,"dvar":0,"dvar2":0,"max":1,"mean":1,"median":1,"min":1,"var":0},"silence_rate_30dB":{"dmean":0.0151349529624,"dmean2":0.0302724521607,"dvar":0.0149056985974,"dvar2":0.0394460633397,"max":1,"mean":0.98974275589,"median":1,"min":0,"var":0.0101530849934},"silence_rate_60dB":{"dmean":0.00891280546784,"dmean2":0.017827110365,"dvar":0.00883050449193,"dvar2":0.0202026274055,"max":1,"mean":0.0732301995158,"median":0,"min":0,"var":0.0678752139211},"spectral_centroid":{"dmean":276.037719727,"dmean2":424.712585449,"dvar":69119.703125,"dvar2":148175.625,"max":11798.3115234,"mean":1839.15270996,"median":1887.96264648,"min":205.628585815,"var":442777.5},"spectral_complexity":{"dmean":4.3265786171,"dmean2":6.35317850113,"dvar":23.3774776459,"dvar2":42.5815849304,"max":61,"mean":22.7389431,"median":23,"min":0,"var":164.279022217},"spectral_contrast_coeffs":{"dmean":[0.0517486669123,0.0459224246442,0.0362376198173,0.0319226235151,0.0226430781186,0.0175281055272],"dmean2":[0.0876425653696,0.0763886272907,0.0597988180816,0.0529004298151,0.037355940789,0.0282128825784],"dvar":[0.00174064398743,0.00134171685204,0.00082358851796,0.000651325332001,0.00034795011743,0.000270779564744],"dvar2":[0.00509879970923,0.00358143588528,0.0022013054695,0.00172139261849,0.000887470145244,0.000637907069176],"max":[-0.265392810106,-0.461867660284,-0.541401088238,-0.552012443542,-0.591530203819,-0.50012254715],"mean":[-0.700632095337,-0.755339562893,-0.786679446697,-0.769638240337,-0.782247185707,-0.707139372826],"median":[-0.703542470932,-0.757650613785,-0.794206023216,-0.775927603245,-0.785611629486,-0.708662211895],"min":[-0.999729990959,-0.999632656574,-0.999040901661,-0.996510446072,-0.982892453671,-0.967199027538],"var":[0.00449095247313,0.00409030402079,0.00396016705781,0.00308520719409,0.00198365165852,0.00283604231663]},"spectral_contrast_valleys":{"dmean":[0.39054453373,0.337176352739,0.303067177534,0.276338785887,0.259414792061,0.317298918962],"dmean2":[0.637979626656,0.560249209404,0.496414095163,0.428363084793,0.369585424662,0.388660132885],"dvar":[0.109784319997,0.0809823051095,0.0731188803911,0.0792972445488,0.0882288217545,0.164573520422],"dvar2":[0.26583018899,0.203015938401,0.166475772858,0.152820289135,0.144236713648,0.28156709671],"max":[-5.05341625214,-4.91692495346,-5.8124423027,-5.72204446793,-5.44474411011,-7.64269399643],"mean":[-6.89929676056,-7.09808444977,-7.61015844345,-7.54882717133,-7.26742982864,-10.7247343063],"median":[-6.55800819397,-6.86910533905,-7.35312652588,-7.3064365387,-6.96362829208,-10.3953638077],"min":[-27.7143363953,-27.5598468781,-27.7086849213,-27.5481452942,-27.4317970276,-27.3960132599],"var":[1.96523046494,1.61379730701,1.67578244209,1.6441924572,1.94929432869,2.46911597252]},"spectral_decrease":{"dmean":3.4562275264e-9,"dmean2":5.39808686639e-9,"dvar":2.06097078876e-17,"dvar2":4.8567552324e-17,"max":1.05439199629e-28,"mean":-8.64063576245e-9,"median":-7.66086749593e-9,"min":-6.64095907155e-8,"var":4.06790947816e-17},"spectral_energy":{"dmean":0.0133848087862,"dmean2":0.0208521392196,"dvar":0.00030578696169,"dvar2":0.000715451256838,"max":0.25345620513,"mean":0.0346252135932,"median":0.0307820886374,"min":1.06904668886e-20,"var":0.00062882527709},"spectral_energyband_high":{"dmean":0.000424960133387,"dmean2":0.000583454151638,"dvar":6.00782357196e-7,"dvar2":0.00000110210794446,"max":0.0145976580679,"mean":0.00098096311558,"median":0.000470491882879,"min":7.62183522673e-21,"var":0.00000199779333343},"spectral_energyband_low":{"dmean":0.0116717191413,"dmean2":0.018498538062,"dvar":0.000260017608525,"dvar2":0.000633976946119,"max":0.244683355093,"mean":0.0216134916991,"median":0.0170802846551,"min":2.2258010208e-23,"var":0.000418066192651},"spectral_energyband_middle_high":{"dmean":0.00184824923053,"dmean2":0.0029204422608,"dvar":0.00000635202923149,"dvar2":0.0000162085943884,"max":0.0543561391532,"mean":0.00643497612327,"median":0.00498702703044,"min":1.35441717433e-21,"var":0.0000375634226657},"spectral_energyband_middle_low":{"dmean":0.00300672021694,"dmean2":0.00491517176852,"dvar":0.0000217085544136,"dvar2":0.0000572693970753,"max":0.0717419683933,"mean":0.0065639289096,"median":0.00515205459669,"min":2.40861145764e-22,"var":0.0000369539884559},"spectral_entropy":{"dmean":0.119534365833,"dmean2":0.170906543732,"dvar":0.0176102370024,"dvar2":0.0317007414997,"max":9.80555438995,"mean":7.67724514008,"median":7.71390295029,"min":4.88714742661,"var":0.11272252351},"spectral_flux":{"dmean":0.0263469088823,"dmean2":0.0404215566814,"dvar":0.000873123994097,"dvar2":0.00178386131302,"max":0.35430559516,"mean":0.0939361453056,"median":0.0888458415866,"min":6.55743376266e-11,"var":0.00256090052426},"spectral_kurtosis":{"dmean":1.54336047173,"dmean2":2.6767783165,"dvar":3.24416780472,"dvar2":9.36800003052,"max":36.3525505066,"mean":3.89337396622,"median":3.16816830635,"min":-1.31194353104,"var":7.99529027939},"spectral_rms":{"dmean":0.00102243025322,"dmean2":0.00156160641927,"dvar":0.00000120740219245,"dvar2":0.00000267056793746,"max":0.0157249588519,"mean":0.00535958306864,"median":0.00548008270562,"min":3.22950824069e-12,"var":0.00000505555453856},"spectral_rolloff":{"dmean":524.485229492,"dmean2":866.917480469,"dvar":432681.375,"dvar2":946516.3125,"max":19401.4160156,"mean":1463.34619141,"median":1485.79101562,"min":43.06640625,"var":1473736.75},"spectral_skewness":{"dmean":0.196825951338,"dmean2":0.327502340078,"dvar":0.0374751500785,"dvar2":0.0988100543618,"max":4.33895254135,"mean":1.1394919157,"median":1.0933150053,"min":-0.240165323019,"var":0.1847781986},"spectral_spread":{"dmean":311881.09375,"dmean2":458279.8125,"dvar":157280305152,"dvar2":268705611776,"max":44013380,"mean":3615424.5,"median":3440476.5,"min":1383073.5,"var":1581369786370},"spectral_strongpeak":{"dmean":0.322649091482,"dmean2":0.578698813915,"dvar":0.630626559258,"dvar2":1.75389552116,"max":9.18796443939,"mean":0.424570739269,"median":0.252051830292,"min":0,"var":0.521952033043},"zerocrossingrate":{"dmean":0.00863662082702,"dmean2":0.0105827525258,"dvar":0.0000773510182626,"dvar2":0.000101211335277,"max":0.51806640625,"mean":0.0551193319261,"median":0.05322265625,"min":0.00244140625,"var":0.00088193215197}},"metadata":{"audio_properties":{"analysis_sample_rate":44100,"bit_rate":0,"codec":"flac","downmix":"mix","equal_loudness":0,"length":276.133331299,"lossless":true,"md5_encoded":"e160497cb77222a8949c62bc4b72ef9f","replay_gain":-8.25283813477,"sample_rate":44100},"tags":{"album":["Achtung Baby"],"albumartist":["U2"],"albumartistsort":["U2"],"artist":["U2"],"artistsort":["U2"],"asin":["B00000E5ES"],"barcode":["731451049026"],"catalognumber":["314-510 490-2"],"date":["1991"],"discnumber":["1"],"disctotal":["1"],"file_name":"01-01 Zoo Station.flac","genre":["Rock"],"label":["Island Records"],"media":["CD"],"musicbrainz_albumartistid":["a3cb23fc-acd3-4ce0-8f36-1e5aa6a18432"],"musicbrainz_albumid":["9b746946-202a-39b5-9964-9c578ad1c373"],"musicbrainz_artistid":["a3cb23fc-acd3-4ce0-8f36-1e5aa6a18432"],"musicbrainz_recordingid":["92084e71-26a8-4da4-8242-b707253a3796"],"musicbrainz_releasegroupid":["744c7a1b-ac79-35c4-bd92-7e2c6a24c8d8"],"originaldate":["1991-11-18"],"performer":["Adam Clayton (bass guitar)","Bono (guitar)","The Edge (guitar and keyboard)","Bono (vocal)","The Edge (vocal)","Larry Mullen, Jr. (drums and percussion)"],"releasecountry":["US"],"releasestatus":["official"],"releasetype":["album"],"replaygain_album_gain":["-3.02 dB"],"replaygain_album_peak":["1.00000000"],"replaygain_track_gain":["-3.02 dB"],"replaygain_track_peak":["1.00000000"],"script":["Latn"],"title":["Zoo Station"],"totaldiscs":["1"],"totaltracks":["12"],"tracknumber":["1"],"tracktotal":["12"]},"version":{"essentia":"2.1-beta1","essentia_build_sha":"ca57ba49d9b1854bd80e60cf9ccf267278fb7d6b","essentia_git_sha":"v2.1_beta1-28-g21ef5f4-dirty","extractor":"music 1.0"}},"rhythm":{"beats_count":592,"beats_loudness":{"dmean":0.0215143952519,"dmean2":0.0377559550107,"dvar":0.000359467230737,"dvar2":0.00107246858533,"max":0.148816689849,"mean":0.0475023761392,"median":0.0468473955989,"min":1.30202271187e-9,"var":0.0007332