{"lowlevel":{"average_loudness":0.908520042896,"barkbands":{"dmean":[0.000198684909265,0.00675044162199,0.00262381345965,0.00133793626446,0.00302418530919,0.000903858337551,0.00105304364115,0.000748849008232,0.000984027981758,0.000926366250496,0.000921840721276,0.000749519327655,0.000434271962149,0.000583591230679,0.000458632071968,0.000278325460386,0.000215867927182,0.000197974586627,0.000129708801978,0.0000871818847372,0.0000621462459094,0.0000414086789533,0.0000325416440319,0.0000360558078683,0.0000433404020441,0.0000235787410929,0.00000135254470024],"dmean2":[0.000255224469583,0.0102414172143,0.00434520840645,0.00224169925787,0.00504268147051,0.00147685408592,0.00163686810993,0.00119431165513,0.00150464498438,0.00144751160406,0.00142974581104,0.00118626875337,0.000676522322465,0.000924100109842,0.000734869448934,0.000450708379503,0.00034934215364,0.000319642625982,0.000207358476473,0.000136865128297,0.0000986488375929,0.0000630325012025,0.0000495886961289,0.0000542840716662,0.0000645369509584,0.0000353229261236,0.00000214372812479],"dvar":[2.34542895328e-7,0.000222294140258,0.000026500036256,0.00000809591801954,0.0000291847809422,0.0000035855648548,0.00000413566067436,0.00000200898011826,0.00000415419299316,0.00000371987357539,0.0000037182280721,0.00000228466683438,9.70899804997e-7,0.00000170626765339,9.33351373078e-7,3.07668301502e-7,1.37807944611e-7,1.02899377907e-7,3.39187451459e-8,1.64515459034e-8,9.0604093117e-9,3.59396734595e-9,2.45345543881e-9,3.84299880807e-9,6.40898001336e-9,2.11990180965e-9,7.52727741249e-12],"dvar2":[3.7255020402e-7,0.000440384756075,0.0000653848182992,0.0000210372345464,0.0000779621841502,0.00000937508866627,0.00000917581110116,0.00000462322350359,0.00000885519966687,0.00000804338378657,0.00000884641758603,0.00000529200633537,0.00000214684814637,0.0000040809463826,0.00000223469260163,7.77691127496e-7,3.51787690533e-7,2.71878008107e-7,8.38358928945e-8,3.9400735119e-8,2.22643308234e-8,8.49752090915e-9,5.8408691217e-9,8.66028493363e-9,1.29287869299e-8,5.04301711501e-9,1.8412762634e-11],"max":[0.00615484453738,0.139350131154,0.117931112647,0.0489302650094,0.086114615202,0.045168183744,0.0404106266797,0.0518526956439,0.0436896756291,0.0467426739633,0.050708014518,0.0372027419508,0.0329262986779,0.0352924279869,0.0271576251835,0.0242482218891,0.0109441243112,0.0153574990109,0.00419061165303,0.00444600451738,0.00319258659147,0.00087983882986,0.00118685350753,0.00170558458194,0.00260066660121,0.000926532491576,0.0000530348625034],"mean":[0.000281240674667,0.00994956400245,0.00437331898138,0.00195825006813,0.0046977228485,0.00164719612803,0.00209720688872,0.00127297686413,0.00180373550393,0.00163851387333,0.00200411165133,0.00146628078073,0.00086314039072,0.00103128002957,0.000802482943982,0.000543787435163,0.000425268954132,0.000446572405053,0.000282784225419,0.000192620500457,0.000125335267512,0.0000771556733525,0.000058671561419,0.0000559831714781,0.0000638342971797,0.0000312674019369,0.00000203682157007],"median":[0.00000817635373096,0.00243466394022,0.00212760665454,0.000802078633569,0.00294634397142,0.000839207612444,0.000795473577455,0.000559488660656,0.000658352219034,0.000553782330826,0.000522413349245,0.000528567994479,0.000302501430269,0.000330492388457,0.000428192783147,0.000318781472743,0.000288607203402,0.000292665266898,0.000201137328986,0.000139804877108,0.0000851918230182,0.0000493369952892,0.0000341217455571,0.0000262736666627,0.0000278948573396,0.0000108350086521,9.67078904068e-7],"min":[2.85830338371e-25,1.88661686396e-24,1.21613163732e-24,3.35512995397e-25,4.16871218224e-24,3.26817894399e-24,9.48255063172e-24,5.9018640457e-24,1.92513299766e-23,8.93246451188e-24,8.47524625324e-24,2.2993238038e-23,1.51845500618e-23,2.89270182126e-23,3.63310394771e-23,2.71987470315e-23,6.51431490547e-23,7.5260359584e-23,1.17230965672e-22,1.73173434352e-22,2.71476521952e-22,2.79029391803e-22,4.19318118024e-22,5.66215075251e-22,8.82460652642e-22,1.28470691191e-21,1.85471785962e-21],"var":[5.21962078892e-7,0.000395533395931,0.0000527548399987,0.00000959184944804,0.0000344698346453,0.00000611032101006,0.0000147721029862,0.00000477392586617,0.0000110534665509,0.0000097912052297,0.0000157782742463,0.00000676842591929,0.0000036941619328,0.00000366691324416,0.00000188227318176,5.66565461213e-7,2.23770527441e-7,3.55279297537e-7,8.29362249988e-8,3.86586798129e-8,1.75962000526e-8,6.75377842541e-9,4.69803573822e-9,7.71480745954e-9,1.37200331096e-8,2.96829361091e-9,8.74677240359e-12]},"barkbands_crest":{"dmean":2.75543045998,"dmean2":4.47130060196,"dvar":7.7237496376,"dvar2":17.0070571899,"max":25.7835788727,"mean":9.8196554184,"median":8.64955711365,"min":2.60190272331,"var":19.183889389},"barkbands_flatness_db":{"dmean":0.0193656720221,"dmean2":0.02928994596,"dvar":0.000326358509483,"dvar2":0.000686295737978,"max":0.406488895416,"mean":0.123161241412,"median":0.119804292917,"min":0.0174546521157,"var":0.00114594795741},"barkbands_kurtosis":{"dmean":2.22127532959,"dmean2":3.40468597412,"dvar":20.4987564087,"dvar2":45.8350334167,"max":125.079803467,"mean":2.94961094856,"median":1.16646003723,"min":-1.8164730072,"var":38.2689590454},"barkbands_skewness":{"dmean":0.478016406298,"dmean2":0.704339623451,"dvar":0.279351204634,"dvar2":0.545795321465,"max":10.2288684845,"mean":1.28357231617,"median":1.15839493275,"min":-5.82741594315,"var":1.30105423927},"barkbands_spread":{"dmean":4.30604219437,"dmean2":6.67304563522,"dvar":20.416135788,"dvar2":43.8151245117,"max":108.93196106,"mean":19.7274188995,"median":19.0952625275,"min":2.11327075958,"var":62.1293067932},"dissonance":{"dmean":0.0181977152824,"dmean2":0.0307385474443,"dvar":0.000325995613821,"dvar2":0.000898274825886,"max":0.500000059605,"mean":0.464609026909,"median":0.470524907112,"min":0.0630544349551,"var":0.000642407452688},"dynamic_complexity":1.99843335152,"erbbands":{"dmean":[0.233436718583,1.48192977905,2.7336037159,3.92857098579,7.90887641907,11.4554538727,7.37661409378,7.23159122467,9.67542171478,19.3158626556,17.3641052246,20.0024242401,34.8875274658,27.6093215942,26.824338913,32.3420829773,18.4451789856,26.882598877,26.6101608276,17.7047252655,14.6945466995,9.83881568909,10.3446102142,8.48317241669,5.54886245728,4.14608860016,3.00460028648,2.0233039856,1.51716518402,1.20449030399,0.899025082588,0.708181679249,0.665724873543,0.539817333221,0.279766857624,0.124209582806,0.0416909120977,0.00542710768059,0.000193374347873,0.0000162468404596],"dmean2":[0.335701137781,2.3738451004,4.48935461044,6.55093383789,13.0483093262,19.3300590515,12.1563186646,11.9876899719,15.2658348083,29.8272151947,27.1544189453,30.3276329041,53.7386169434,42.5031585693,41.1396102905,51.3213920593,28.1047077179,41.7410125732,42.8064880371,28.2711372375,23.8918800354,15.7958021164,16.5449981689,13.6602087021,8.89235782623,6.49713754654,4.76551294327,3.19417333603,2.32599067688,1.84464800358,1.37222898006,1.07332086563,1.01195788383,0.809481084347,0.421693086624,0.183670550585,0.0645850300789,0.00854940246791,0.000299412815366,0.0000228218559641],"dvar":[0.311072587967,10.1245775223,22.5170993805,71.9266281128,186.708877563,447.107635498,184.981216431,266.141448975,426.191101074,1346.20922852,1189.63867188,2067.15551758,5317.94384766,3440.38671875,2695.89086914,4644.74023438,1752.05029297,3475.59448242,3855.40185547,1274.09899902,931.237243652,270.476196289,262.456237793,193.851409912,65.2720413208,38.1155319214,20.2979278564,10.3616762161,5.12001085281,3.30266427994,1.9213116169,1.41271352768,1.46882665157,1.14720451832,0.260772049427,0.0461078882217,0.00926271360368,0.000133300578455,1.48326350313e-7,4.21430890185e-10],"dvar2":[0.522458314896,23.4315052032,55.0074729919,185.062332153,479.344207764,1224.96325684,487.461303711,703.228942871,969.358398438,2949.00561523,2648.9921875,4318.56689453,11880.6962891,7680.69970703,6153.65527344,10957.2646484,3781.13427734,7965.83105469,9355.84863281,3046.71533203,2438.35351563,674.280456543,671.304138184,490.571655273,160.572662354,91.0697402954,48.8700942993,25.8337268829,12.1847105026,7.9621758461,4.56252622604,3.23884272575,3.3420214653,2.32005786896,0.559507787228,0.102811068296,0.023191999644,0.000333981239237,3.59725873977e-7,7.81605502542e-10],"max":[4.72698307037,31.8328418732,90.64087677,140.035247803,282.091217041,404.397277832,304.012573242,333.568481445,725.6796875,799.019958496,1406.75109863,1016.32659912,1911.74365234,1619.94067383,1769.90136719,1433.67163086,1511.47387695,1577.64819336,2181.56689453,1568.40136719,1610.42077637,390.564666748,713.862915039,449.085845947,187.516998291,230.343643188,169.133224487,72.8199081421,42.3483314514,28.6522674561,34.0389823914,38.7611732483,35.2020454407,40.4884872437,16.4985942841,4.31398820877,1.96108114719,0.229969024658,0.00692562293261,0.00025780883152],"mean":[0.33063852787,2.07217645645,4.76976680756,6.57086515427,11.381023407,16.688615799,13.477935791,12.6877307892,18.91015625,37.4786300659,31.5715408325,38.9547348022,62.1051635742,63.9667167664,60.4077529907,65.9903945923,41.7291030884,52.3047218323,49.4969749451,35.3733673096,30.4212322235,21.9639072418,24.9472408295,19.2431926727,12.3805274963,9.27635383606,6.47774457932,3.93632292747,2.85204148293,2.17939543724,1.60259354115,1.14365518093,0.992807269096,0.781115114689,0.400913864374,0.178678706288,0.0500114224851,0.00670512532815,0.000317925208947,0.0000563728135603],"median":[0.0313107296824,0.637356519699,2.54741334915,2.93346738815,6.7430896759,9.50526428223,8.07355690002,5.81977319717,9.55284118652,14.8088626862,14.3556585312,15.6221199036,25.2341995239,22.8594017029,23.3840713501,24.39894104,17.4928455353,20.1831016541,22.0208816528,21.8549194336,19.2377281189,15.6799020767,17.0282554626,13.0801048279,9.07166194916,6.81695079803,4.53699445724,2.61909151077,1.83466720581,1.32100534439,0.914600610733,0.573144972324,0.44799631834,0.340768039227,0.165646284819,0.0670003890991,0.0154887903482,0.00234106648713,0.000165226549143,0.0000467811260023],"min":[9.57188802484e-23,2.23067472969e-22,1.99940277514e-21,3.21672082139e-21,1.08774791772e-20,1.91269005352e-20,2.4069337007e-20,4.12528800906e-20,8.07010394927e-20,1.39486109602e-19,2.35417721983e-19,5.23050858242e-19,4.28759661337e-19,7.06280204415e-19,7.06406039266e-19,1.29529783763e-18,1.02201535442e-18,1.92582349738e-18,1.91574719675e-18,2.27345359443e-18,3.60200223152e-18,4.59052938564e-18,4.8459325667e-18,6.55344345489e-18,8.13504173741e-18,7.34843846981e-18,8.58817210415e-18,1.15347433017e-17,1.10123249781e-17,1.12834565849e-17,1.21126058873e-17,1.02907381066e-17,9.42462044829e-18,8.16419240938e-18,5.89457300389e-18,4.06114289259e-18,2.31824749255e-18,8.62981144561e-19,2.47742066875e-19,2.54580181591e-20],"var":[0.595992028713,14.8822631836,48.5351257324,97.2975921631,221.672424316,534.646484375,294.825042725,424.243041992,1140.83007813,4389.93945313,3108.24487305,5641.30175781,11657.6298828,15022.7792969,10636.5039063,13665.8964844,7106.78857422,8358.703125,8574.12011719,2776.11547852,1485.03991699,504.244781494,943.223022461,518.77911377,149.263473511,89.2278671265,44.1198120117,17.704252243,9.35961818695,5.91330718994,3.71262860298,2.74176359177,2.84821128845,2.37215471268,0.507430493832,0.0850006565452,0.00997285265476,0.000143468656461,1.81345669148e-7,1.28485178053e-9]},"erbbands_crest":{"dmean":2.60764074326,"dmean2":4.1514339447,"dvar":6.75916624069,"dvar2":16.1724586487,"max":30.6010704041,"mean":9.59248733521,"median":8.43065834045,"min":2.49477934837,"var":22.9096508026},"erbbands_flatness_db":{"dmean":0.0167814921588,"dmean2":0.0234699957073,"dvar":0.000229353492614,"dvar2":0.000434263376519,"max":0.290775120258,"mean":0.151703193784,"median":0.150187462568,"min":0.0371018201113,"var":0.00126815098338},"erbbands_kurtosis":{"dmean":0.687912046909,"dmean2":1.08714139462,"dvar":0.784635603428,"dvar2":1.91380155087,"max":28.1526794434,"mean":0.523928940296,"median":0.00253060064279,"min":-1.67749655247,"var":3.10852146149},"erbbands_skewness":{"dmean":0.298804014921,"dmean2":0.463243216276,"dvar":0.072517156601,"dvar2":0.171749308705,"max":3.01662063599,"mean":0.232316166162,"median":0.194227233529,"min":-2.33964920044,"var":0.304789304733},"erbbands_spread":{"dmean":5.84461736679,"dmean2":8.77637386322,"dvar":36.798286438,"dvar2":77.9290771484,"max":152.26965332,"mean":32.5153503418,"median":30.7729988098,"min":3.8999376297,"var":220.43057251},"gfcc":{"cov":[[14988.3681641,922.41217041,-1334.24133301,329.246704102,-622.727172852,278.857269287,-418.656463623,213.901901245,-382.61227417,78.7723312378,-284.103607178,19.4890022278,-163.710403442],[922.41217041,557.601745605,-136.821548462,76.4334335327,100.008972168,-58.3823623657,61.580871582,8.54458427429,49.0838394165,-14.1560316086,51.6619758606,-11.1359386444,32.9478569031],[-1334.24133301,-136.821548462,586.842163086,132.230895996,110.810508728,78.9698028564,14.0492515564,75.4765014648,72.3520507813,54.3138847351,27.3855056763,47.4998779297,18.5522499084],[329.246704102,76.4334335327,132.230895996,235.959350586,70.2810440063,10.0354061127,-13.3804397583,38.6624832153,58.9622077942,20.5252075195,14.183588028,24.1625556946,27.2200756073],[-622.727172852,100.008972168,110.810508728,70.2810440063,215.395584106,44.2059440613,85.2601394653,20.0478382111,42.3255958557,21.5150222778,45.0458259583,16.3255004883,34.2402458191],[278.857269287,-58.3823623657,78.9698028564,10.0354061127,44.2059440613,195.969940186,76.8815002441,45.2352027893,-31.6926383972,21.8357810974,9.79062652588,13.5161600113,1.42660689354],[-418.656463623,61.580871582,14.0492515564,-13.3804397583,85.2601394653,76.8815002441,188.352355957,38.2596282959,1.68256294727,-3.9858622551,34.1984367371,8.5327167511,20.4312858582],[213.901901245,8.54458427429,75.4765014648,38.6624832153,20.0478382111,45.2352027893,38.2596282959,121.10987854,50.4632453918,25.1063919067,1.37020552158,16.0240745544,13.5048999786],[-382.61227417,49.0838394165,72.3520507813,58.9622077942,42.3255958557,-31.6926383972,1.68256294727,50.4632453918,146.536315918,40.6907997131,21.9335384369,3.07554244995,14.9648294449],[78.7723312378,-14.1560316086,54.3138847351,20.5252075195,21.5150222778,21.8357810974,-3.9858622551,25.1063919067,40.6907997131,94.3727264404,31.4028224945,5.97244167328,-2.786267519],[-284.103607178,51.6619758606,27.3855056763,14.183588028,45.0458259583,9.79062652588,34.1984367371,1.37020552158,21.9335384369,31.4028224945,95.1331939697,34.6051368713,11.3225765228],[19.4890022278,-11.1359386444,47.4998779297,24.1625556946,16.3255004883,13.5161600113,8.5327167511,16.0240745544,3.07554244995,5.97244167328,34.6051368713,77.1957855225,25.7657222748],[-163.710403442,32.9478569031,18.5522499084,27.2200756073,34.2402458191,1.42660689354,20.4312858582,13.5048999786,14.9648294449,-2.786267519,11.3225765228,25.7657222748,72.6829986572]],"icov":[[0.00064971431857,-0.00168346124701,0.00159612298012,-0.00164203415625,0.0015285135014,-0.00197995221242,0.00168529839721,-0.00184713059571,0.00201470637694,-0.00216832896695,0.00239173974842,-0.00214373576455,0.00151176284999],[-0.00168346124701,0.00716807646677,-0.00311001599766,0.00314873480238,-0.00508672837168,0.00610639993101,-0.00488071236759,0.00410413369536,-0.00540005043149,0.00641193334013,-0.00783278420568,0.00676747737452,-0.00436190888286],[0.00159612298012,-0.00311001599766,0.0066602723673,-0.00511573255062,0.00243017892353,-0.00529192760587,0.00450240913779,-0.00535323889926,0.00431217066944,-0.00547863449901,0.00565214036033,-0.00595267349854,0.00404062448069],[-0.00164203415625,0.00314873480238,-0.00511573255062,0.0104321017861,-0.00508215324953,0.00430861534551,-0.00237685232423,0.00401515327394,-0.00634511467069,0.00561091722921,-0.00532105378807,0.00425846129656,-0.00465443357825],[0.0015285135014,-0.00508672837168,0.00243017892353,-0.00508215324953,0.0118196187541,-0.00564399175346,0.000982015160844,-0.00231350120157,0.00353704649024,-0.00577780837193,0.00456574233249,-0.00445406930521,0.00164609448984],[-0.00197995221242,0.00610639993101,-0.00529192760587,0.00430861534551,-0.00564399175346,0.014545741491,-0.00810904614627,0.00276495190337,-0.00230055884458,0.00434850156307,-0.00710184499621,0.00650120619684,-0.00390944676474],[0.00168529839721,-0.00488071236759,0.00450240913779,-0.00237685232423,0.000982015160844,-0.00810904614627,0.0137248756364,-0.00752061372623,0.00531421322376,-0.00300993188284,0.00327875255607,-0.00427664071321,0.00278090476058],[-0.00184713059571,0.00410413369536,-0.00535323889926,0.00401515327394,-0.00231350120157,0.00276495190337,-0.00752061372623,0.0186840128154,-0.0105322822928,0.00419201795012,-0.00308072031476,0.00312493485399,-0.00477876840159],[0.00201470637694,-0.00540005043149,0.00431217066944,-0.00634511467069,0.00353704649024,-0.00230055884458,0.00531421322376,-0.0105322822928,0.01803108491,-0.0101698171347,0.00584986573085,-0.00448317686096,0.00367906061001],[-0.00216832896695,0.00641193334013,-0.00547863449901,0.00561091722921,-0.00577780837193,0.00434850156307,-0.00300993188284,0.00419201795012,-0.0101698171347,0.0226936470717,-0.0139393815771,0.00921745225787,-0.00392191531137],[0.00239173974842,-0.00783278420568,0.00565214036033,-0.00532105378807,0.00456574233249,-0.00710184499621,0.00327875255607,-0.00308072031476,0.00584986573085,-0.0139393815771,0.0269540119916,-0.016588350758,0.00706990249455],[-0.00214373576455,0.00676747737452,-0.00595267349854,0.00425846129656,-0.00445406930521,0.00650120619684,-0.00427664071321,0.00312493485399,-0.00448317686096,0.00921745225787,-0.016588350758,0.0270367488265,-0.0111033255234],[0.00151176284999,-0.00436190888286,0.00404062448069,-0.00465443357825,0.00164609448984,-0.00390944676474,0.00278090476058,-0.00477876840159,0.00367906061001,-0.00392191531137,0.00706990249455,-0.0111033255234,0.0211868491024]],"mean":[21.9509105682,94.9354782104,-119.074264526,22.936258316,-47.0881690979,14.3572530746,-36.1669540405,11.0927476883,-28.8325977325,0.844871461391,-19.2314014435,-1.00186395645,-11.9929065704]},"hfc":{"dmean":5.47814273834,"dmean2":7.8809132576,"dvar":37.8679046631,"dvar2":79.0562133789,"max":103.381156921,"mean":23.691318512,"median":21.3469772339,"min":1.06689417917e-16,"var":200.497406006},"melbands":{"dmean":[0.0019640524406,0.00148830877151,0.000710065593012,0.000758996466175,0.000282198685454,0.000163333432283,0.000168565748027,0.000194539214135,0.000138547693496,0.000138904215419,0.000175809589564,0.000110344743007,0.000110142704216,0.0000828647316666,0.0000649714856991,0.0000419521456934,0.0000548234856979,0.0000485695636598,0.0000292326367344,0.0000212458853639,0.0000176255744009,0.0000109353350126,0.0000114173089969,0.0000111769359137,0.00000719097897672,0.00000464333015771,0.00000342176736012,0.00000303469391838,0.00000215110821955,0.00000171739804955,0.00000111262204427,9.29162467855e-7,7.90403873907e-7,6.66328901389e-7,5.50071774796e-7,4.76074347944e-7,4.37108980123e-7,4.74734889622e-7,4.90192519464e-7,4.6216544547e-7],"dmean2":[0.00291545316577,0.00239655119367,0.00116452539805,0.00127809867263,0.000463488744572,0.000269143813057,0.000263830064796,0.000301561842207,0.000214711384615,0.00021154199203,0.000270613236353,0.000170106257428,0.000170728046214,0.000129076463054,0.000100667100924,0.0000644458996248,0.0000856991318869,0.0000781149283284,0.0000462361967948,0.0000343841929862,0.0000288539522444,0.0000176688608917,0.000018510982045,0.0000182676958502,0.0000116455721582,0.00000743967120798,0.00000545135526409,0.00000483128678752,0.00000343604347108,0.00000276301875601,0.00000177192657702,0.00000145351884839,0.00000122424614801,0.00000104059233763,8.54079189594e-7,7.3169337611e-7,6.73830129472e-7,7.33386059437e-7,7.5176444625e-7,7.01323074281e-7],"dvar":[0.0000204698244488,0.00000620066430201,0.00000176529169948,0.00000198110296878,2.5429429229e-7,1.26764447828e-7,1.11125245894e-7,1.21531201103e-7,7.87927234569e-8,8.92657041618e-8,1.3261715992e-7,5.34500479432e-8,4.60008990899e-8,2.86268146965e-8,1.94532301379e-8,9.80027259345e-9,1.58453961063e-8,1.42788758595e-8,4.81285056253e-9,1.58411028739e-9,1.29181776387e-9,3.55742574287e-10,4.06386924112e-10,4.35429775569e-10,1.51312157248e-10,4.96069609002e-11,2.85533662686e-11,2.20779297622e-11,1.12748256911e-11,8.36562936979e-12,3.10750145234e-12,1.99009168519e-12,1.53786022545e-12,1.05422625924e-12,7.65529512611e-13,5.59655620458e-13,5.99674118956e-13,8.19222348378e-13,8.79862968508e-13,9.76489939256e-13],"dvar2":[0.000037629117287,0.000014692559489,0.00000449377648692,0.00000532609692527,6.69419705446e-7,3.32189529217e-7,2.49194783919e-7,2.66771763791e-7,1.69466190414e-7,1.89837166431e-7,2.94881232321e-7,1.17599178395e-7,1.09209409516e-7,6.37566017758e-8,4.33396465382e-8,2.18312017353e-8,3.64945336173e-8,3.44401449581e-8,1.09625171163e-8,3.84485554505e-9,3.37252092919e-9,8.89718632102e-10,1.02487396347e-9,1.19087895101e-9,3.78593656425e-10,1.21716095536e-10,6.78333847426e-11,5.37349574559e-11,2.72843588001e-11,2.11672762651e-11,7.74809036375e-12,4.82264445392e-12,3.7044577475e-12,2.60427378447e-12,1.87798865001e-12,1.29970871305e-12,1.40530501732e-12,1.93617084171e-12,1.93563784792e-12,1.99530799869e-12],"max":[0.0414728149772,0.0335706695914,0.0209821425378,0.0213017631322,0.0112633779645,0.00740396697074,0.00959465932101,0.00758592085913,0.01017790474,0.00604480411857,0.00934475194663,0.00612637028098,0.00648434180766,0.00515102781355,0.00376281165518,0.00421405676752,0.00354470638558,0.00445920228958,0.0027916142717,0.00112834840547,0.00179211434443,0.00059095711913,0.000496445281897,0.00105514354073,0.000404038815759,0.000159949384397,0.00019027639064,0.000156300826347,0.0000973732821876,0.0000930349269765,0.0000320136423397,0.0000336501325364,0.0000251849869528,0.0000196556993615,0.0000238809734583,0.0000237820349867,0.0000222748440137,0.000028428132282,0.0000373776783817,0.0000420347350882],"mean":[0.00284151080996,0.00260906340554,0.00124309165403,0.00107600132469,0.000526483694557,0.000290435971692,0.000340313359629,0.000375788513338,0.000243981572567,0.000263195339357,0.000306038476992,0.000243772228714,0.000243193295319,0.000158206938067,0.000132361063152,0.0000861214357428,0.0000979347314569,0.0000833578960737,0.0000520932335348,0.0000420899996243,0.0000334323849529,0.0000218082859647,0.0000227377513511,0.0000236175055761,0.0000147176988321,0.0000094268561952,0.00000724456185708,0.00000602044838161,0.0000042521432988,0.00000315124907502,0.00000197696795112,0.00000166680138136,0.00000134436254484,0.00000115282534807,9.43196482694e-7,7.80356685937e-7,6.62910736082e-7,6.8466204084e-7,6.91999275659e-7,6.50651429623e-7],"median":[0.000505900301505,0.00131251011044,0.000729560502805,0.000650451751426,0.000326199980918,0.000135581096401,0.000157565926202,0.000162168929819,0.0000966020597843,0.0000991530105239,0.000115653223475,0.0000779663096182,0.0000741327457945,0.0000589559604123,0.0000456221932836,0.0000310828181682,0.000033448155591,0.0000315517900162,0.0000277742437902,0.000025906101655,0.0000203201379918,0.0000148490707943,0.0000149037468873,0.0000144310961332,0.00000931562317419,0.00000652454400552,0.00000495100857734,0.00000414964961237,0.00000280183303403,0.00000205781543627,0.00000121381083318,0.00000104238881704,7.90331796452e-7,6.75313231113e-7,5.30406168764e-7,4.09321557981e-7,3.0887102298e-7,2.96902129548e-7,3.01563659377e-7,2.72946067525e-7],"min":[1.4857873689e-24,9.28975125155e-25,7.1734622682e-25,1.12099678708e-24,8.70529012333e-25,8.84546873404e-25,1.28578775942e-24,1.30420864764e-24,1.7971521487e-24,2.61186580072e-24,2.030115593e-24,2.80141645447e-24,2.10265569197e-24,2.45562755971e-24,2.93944305263e-24,1.80604754148e-24,2.42903269201e-24,2.54463887716e-24,3.08263984516e-24,1.88379964445e-24,3.46240557075e-24,3.91228505639e-24,4.83745323743e-24,3.95688961856e-24,4.7306355544e-24,4.52993869049e-24,3.94356220799e-24,4.46956716542e-24,4.25773710755e-24,5.00800102083e-24,5.32198067731e-24,5.27187499363e-24,4.24025082229e-24,5.33276913905e-24,5.80013096564e-24,5.00705478218e-24,5.52775228343e-24,5.99900595529e-24,5.80051829635e-24,6.49628493728e-24],"var":[0.0000377990945708,0.0000123158197312,0.00000247285606747,0.00000209683730645,4.26711210366e-7,2.13564788965e-7,3.54423008275e-7,3.75622022375e-7,2.13250203274e-7,2.45883370553e-7,2.97258225146e-7,2.33400243133e-7,2.02972145757e-7,7.86918121776e-8,6.61462422613e-8,3.54182496665e-8,3.45416140135e-8,3.09105239182e-8,1.01500718941e-8,3.43361250543e-9,1.92435090085e-9,6.17063677932e-10,7.57650608918e-10,1.29665689297e-9,3.48615969425e-10,1.01421405996e-10,7.19498974289e-11,4.43396708238e-11,2.24054143294e-11,1.33870926497e-11,5.10547333576e-12,3.43785872166e-12,2.65533406894e-12,1.77083044409e-12,1.34804613219e-12,1.08159152207e-12,1.07206615547e-12,1.44809240554e-12,1.61247816315e-12,1.90834891292e-12]},"melbands_crest":{"dmean":3.42404389381,"dmean2":5.41115903854,"dvar":9.9952173233,"dvar2":21.2656059265,"max":34.6723175049,"mean":13.4731626511,"median":12.2458095551,"min":1.55398416519,"var":31.9381580353},"melbands_flatness_db":{"dmean":0.0244936794043,"dmean2":0.0366069898009,"dvar":0.0005641131429,"dvar2":0.00110495113768,"max":0.42082297802,"mean":0.190916314721,"median":0.185091167688,"min":0.00343278050423,"var":0.00264653586783},"melbands_kurtosis":{"dmean":5.181828022,"dmean2":7.90032148361,"dvar":121.391189575,"dvar2":266.532592773,"max":347.93182373,"mean":9.20122718811,"median":4.50662708282,"min":-1.60660541058,"var":251.123672485},"melbands_skewness":{"dmean":0.640543520451,"dmean2":0.94775724411,"dvar":0.526186943054,"dvar2":1.0144033432,"max":16.0107421875,"mean":2.15870070457,"median":1.90068554878,"min":-1.30985581875,"var":2.51282095909},"melbands_spread":{"dmean":5.46752786636,"dmean2":8.46530818939,"dvar":30.8765945435,"dvar2":66.2720413208,"max":162.884735107,"mean":23.6399688721,"median":21.9501838684,"min":1.13958275318,"var":226.050888062},"mfcc":{"cov":[[4598.15478516,471.413269043,-83.9290084839,45.0103569031,-46.6812057495,21.4592094421,40.0806388855,28.7407970428,30.9646339417,24.6953239441,9.57648086548,-42.110206604,-63.7998733521],[471.413269043,581.089355469,-119.962379456,99.8214111328,30.9831676483,9.65257263184,50.3388023376,28.712802887,13.8937501907,11.8397274017,17.776260376,15.4373464584,26.57213974],[-83.9290084839,-119.962379456,372.802642822,52.0932350159,98.8072052002,20.294593811,-6.88873672485,29.1412410736,35.7828483582,12.404917717,18.2666664124,39.1626663208,39.6718597412],[45.0103569031,99.8214111328,52.0932350159,235.904907227,94.2649841309,3.62260651588,-33.6440353394,12.0300350189,31.0989742279,13.3606128693,3.31075882912,27.3006534576,33.7392349243],[-46.6812057495,30.9831676483,98.8072052002,94.2649841309,173.76802063,32.8636856079,-11.982254982,8.3343000412,29.1368045807,19.2272720337,16.3061962128,24.3468666077,30.2050075531],[21.4592094421,9.65257263184,20.294593811,3.62260651588,32.8636856079,123.180107117,78.1081542969,21.7152481079,3.33590912819,12.3995876312,15.4289064407,1.79037570953,0.705812752247],[40.0806388855,50.3388023376,-6.88873672485,-33.6440353394,-11.982254982,78.1081542969,191.189712524,59.2698936462,8.69184017181,3.04582047462,13.8469772339,-5.16397094727,1.48741912842],[28.7407970428,28.712802887,29.1412410736,12.0300350189,8.3343000412,21.7152481079,59.2698936462,117.461219788,38.7660827637,4.69962739944,7.27825117111,6.28022146225,7.3888463974],[30.9646339417,13.8937501907,35.7828483582,31.0989742279,29.1368045807,3.33590912819,8.69184017181,38.7660827637,104.689674377,44.6730651855,8.1293888092,5.78116941452,3.44287157059],[24.6953239441,11.8397274017,12.404917717,13.3606128693,19.2272720337,12.3995876312,3.04582047462,4.69962739944,44.6730651855,92.3197784424,32.1471290588,9.8944683075,1.79119098186],[9.57648086548,17.776260376,18.2666664124,3.31075882912,16.3061962128,15.4289064407,13.8469772339,7.27825117111,8.1293888092,32.1471290588,81.8291091919,34.0188102722,7.16512918472],[-42.110206604,15.4373464584,39.1626663208,27.3006534576,24.3468666077,1.79037570953,-5.16397094727,6.28022146225,5.78116941452,9.8944683075,34.0188102722,83.2078170776,46.0626182556],[-63.7998733521,26.57213974,39.6718597412,33.7392349243,30.2050075531,0.705812752247,1.48741912842,7.3888463974,3.44287157059,1.79119098186,7.16512918472,46.0626182556,93.4198684692]],"icov":[[0.00024511985248,-0.000231000725762,-0.0000709328378434,-0.0000074665149441,0.000140186704812,-0.0000786299642641,0.0000521555739397,-0.00000309070742333,-0.0000531626392331,-0.0000257458996202,-0.0000172142063093,0.0000776644446887,0.000186087083421],[-0.000231000725762,0.00247043697163,0.00110982556362,-0.00103691546246,-0.000547320931219,0.000496065127663,-0.000864761241246,-0.000273451616522,0.0000450047336926,-0.0000130283879116,-0.000430079438956,-0.0000958927485044,-0.000669785018545],[-0.0000709328378434,0.00110982556362,0.00384773151018,-0.000244408613071,-0.00189330091234,-0.00000275948650597,-0.0000456201669294,-0.000722831115127,-0.000618645572104,0.00033279764466,-0.000301120919175,-0.000792052363977,-0.000809712102637],[-0.0000074665149441,-0.00103691546246,-0.000244408613071,0.00630798796192,-0.00264822226018,-0.000243340458837,0.00142567593139,-0.000507572258357,-0.000848668918479,0.0000252415211435,0.000865359848831,-0.000795944477431,-0.000652144080959],[0.000140186704812,-0.000547320931219,-0.00189330091234,-0.00264822226018,0.00947336852551,-0.00290778023191,0.0013267158065,0.000569969066419,-0.001281262259,-0.0000770631377236,-0.000872070784681,0.000356980657671,-0.00115579471458],[-0.0000786299642641,0.000496065127663,-0.00000275948650597,-0.000243340458837,-0.00290778023191,0.0125158028677,-0.00550208799541,0.000150083462358,0.00146779231727,-0.00142013980076,-0.000632568495348,0.0000551151533728,0.000810065248515],[0.0000521555739397,-0.000864761241246,-0.0000456201669294,0.00142567593139,0.0013267158065,-0.00550208799541,0.00925035681576,-0.00360762467608,-0.000112881461973,0.000509614299517,-0.000935459218454,0.00119201187044,-0.000984875950962],[-0.00000309070742333,-0.000273451616522,-0.000722831115127,-0.000507572258357,0.000569969066419,0.000150083462358,-0.00360762467608,0.0121091967449,-0.00474059209228,0.00210019364022,-0.000561072316486,-0.00034856502316,-0.000170448314748],[-0.0000531626392331,0.0000450047336926,-0.000618645572104,-0.000848668918479,-0.001281262259,0.00146779231727,-0.000112881461973,-0.00474059209228,0.0151244970039,-0.0074962573126,0.00205652229488,-0.000240836336161,0.000847382994834],[-0.0000257458996202,-0.0000130283879116,0.00033279764466,0.0000252415211435,-0.0000770631377236,-0.00142013980076,0.000509614299517,0.00210019364022,-0.0074962573126,0.0165658444166,-0.00623170286417,0.00106650264934,-0.000392160494812],[-0.0000172142063093,-0.000430079438956,-0.000301120919175,0.000865359848831,-0.000872070784681,-0.000632568495348,-0.000935459218454,-0.000561072316486,0.00205652229488,-0.00623170286417,0.018317528069,-0.00839819479734,0.00305160996504],[0.0000776644446887,-0.0000958927485044,-0.000792052363977,-0.000795944477431,0.000356980657671,0.0000551151533728,0.00119201187044,-0.00034856502316,-0.000240836336161,0.00106650264934,-0.00839819479734,0.0211082734168,-0.00917843915522],[0.000186087083421,-0.000669785018545,-0.000809712102637,-0.000652144080959,-0.00115579471458,0.000810065248515,-0.000984875950962,-0.000170448314748,0.000847382994834,-0.000392160494812,0.00305160996504,-0.00917843915522,0.0162659380585]],"mean":[-616.712646484,130.443252563,-10.8286075592,17.557100296,7.73454189301,3.77099514008,5.10944318771,4.16198015213,1.18009543419,-0.326520383358,-1.91927349567,-3.13895249367,-1.78176522255]},"pitch_salience":{"dmean":0.0717710256577,"dmean2":0.1148609519,"dvar":0.00457181362435,"dvar2":0.010546175763,"max":0.92764955759,"mean":0.540410637856,"median":0.548896670341,"min":0.112005740404,"var":0.0132583510131},"silence_rate_20dB":{"dmean":0,"dmean2":0,"dvar":0,"dvar2":0,"max":1,"mean":1,"median":1,"min":1,"var":0},"silence_rate_30dB":{"dmean":0.0358370505273,"dmean2":0.0716793462634,"dvar":0.0345505103469,"dvar2":0.0895003452897,"max":1,"mean":0.974550247192,"median":1,"min":0,"var":0.0247984677553},"silence_rate_60dB":{"dmean":0.000877642072737,"dmean2":0.00175541255157,"dvar":0.000877037353348,"dvar2":0.00175288843457,"max":1,"mean":0.0152844814584,"median":0,"min":0,"var":0.015049980022},"spectral_centroid":{"dmean":190.512069702,"dmean2":299.886871338,"dvar":43281.4492188,"dvar2":100829.164063,"max":11738.6464844,"mean":1332.71508789,"median":1231.97558594,"min":256.498474121,"var":1007028.75},"spectral_complexity":{"dmean":3.42660713196,"dmean2":5.34113502502,"dvar":10.9187803268,"dvar2":23.3779602051,"max":51,"mean":23.086807251,"median":23,"min":0,"var":63.7990150452},"spectral_contrast_coeffs":{"dmean":[0.0528107620776,0.0451451204717,0.0403689183295,0.0302671045065,0.0215577147901,0.0186065826565],"dmean2":[0.0867823958397,0.0748516470194,0.0646772831678,0.0488833673298,0.0345247387886,0.0290768146515],"dvar":[0.00188747851644,0.00134377088398,0.00114406424109,0.000611722003669,0.000317220954457,0.000263814552454],"dvar2":[0.00498418975621,0.0035384434741,0.00277557619847,0.00151350244414,0.000744440127164,0.000630073016509],"max":[-0.307941734791,-0.43510389328,-0.445861876011,-0.555679380894,-0.607271790504,-0.645657658577],"mean":[-0.626851081848,-0.724870860577,-0.73222643137,-0.760824322701,-0.776021122932,-0.776577353477],"median":[-0.629678368568,-0.730104923248,-0.741079330444,-0.765461325645,-0.779149413109,-0.776283740997],"min":[-0.987369060516,-0.988115847111,-0.994602203369,-0.980248808861,-0.969094455242,-0.964682996273],"var":[0.00741272931919,0.00541713787243,0.00592783978209,0.00307834288105,0.00175608240534,0.0012350481702]},"spectral_contrast_valleys":{"dmean":[0.417453676462,0.349202096462,0.314195394516,0.258607000113,0.232532292604,0.343870669603],"dmean2":[0.6806614995,0.566115319729,0.503686964512,0.410324841738,0.351654857397,0.459878802299],"dvar":[0.157357081771,0.117818795145,0.0999555438757,0.0798011720181,0.0763281285763,0.131008341908],"dvar2":[0.351712971926,0.263438612223,0.221846655011,0.170873790979,0.149829849601,0.230612322688],"max":[-5.00056648254,-4.67078351974,-5.12881946564,-5.59206819534,-5.80485343933,-8.00722408295],"mean":[-7.14512825012,-6.74327659607,-7.1059885025,-7.43354463577,-7.5086979866,-10.1344251633],"median":[-6.93443965912,-6.53856706619,-6.92055416107,-7.26578140259,-7.28640222549,-10.0005817413],"min":[-28.2306251526,-27.9993801117,-27.8381004333,-27.6839771271,-27.5055999756,-27.3866539001],"var":[4.46363115311,4.40243148804,4.21764087677,4.0512342453,4.01600790024,3.23959684372]},"spectral_decrease":{"dmean":3.04104985638e-9,"dmean2":4.33979119308e-9,"dvar":1.59432114752e-17,"dvar2":2.87382595659e-17,"max":3.70297562958e-15,"mean":-9.54989154422e-9,"median":-7.5812218725e-9,"min":-4.37098179873e-8,"var":4.83462748927e-17},"spectral_energy":{"dmean":0.0117915645242,"dmean2":0.0167861748487,"dvar":0.000231386497035,"dvar2":0.000417067931267,"max":0.168245002627,"mean":0.0381924659014,"median":0.0308804884553,"min":1.01068319975e-20,"var":0.000722740078345},"spectral_energyband_high":{"dmean":0.000234042032389,"dmean2":0.000342395738699,"dvar":9.74294991352e-8,"dvar2":2.16045577872e-7,"max":0.00521594472229,"mean":0.000520930567291,"median":0.00037094153231,"min":6.95705424067e-21,"var":2.33525113913e-7},"spectral_energyband_low":{"dmean":0.00845747441053,"dmean2":0.0124248228967,"dvar":0.000231500423979,"dvar2":0.000425938953413,"max":0.148635610938,"mean":0.0157803986222,"median":0.00662478525192,"min":1.55000376259e-23,"var":0.000541143526789},"spectral_energyband_middle_high":{"dmean":0.00245777470991,"dmean2":0.0037144718226,"dvar":0.00000940456538956,"dvar2":0.0000213919665839,"max":0.0589370429516,"mean":0.00915017724037,"median":0.00635577831417,"min":1.15296426297e-21,"var":0.0000643929088255},"spectral_energyband_middle_low":{"dmean":0.00561288418248,"dmean2":0.00873740576208,"dvar":0.0000621621220489,"dvar2":0.000145643789438,"max":0.119354963303,"mean":0.0142988357693,"median":0.0114549165592,"min":1.40718674348e-22,"var":0.000121947115986},"spectral_entropy":{"dmean":0.141508385539,"dmean2":0.20633944869,"dvar":0.0176642704755,"dvar2":0.0359101444483,"max":9.82392311096,"mean":7.59530925751,"median":7.58443784714,"min":6.50068759918,"var":0.115638330579},"spectral_flux":{"dmean":0.0314827561378,"dmean2":0.0495310388505,"dvar":0.00111191207543,"dvar2":0.00264688394964,"max":0.37488719821,"mean":0.0972554311156,"median":0.0868345350027,"min":6.27582569246e-11,"var":0.0025684486609},"spectral_kurtosis":{"dmean":1.326125741,"dmean2":2.16838741302,"dvar":1.4551666975,"dvar2":3.80840849876,"max":18.724697113,"mean":5.2082157135,"median":5.02549743652,"min":-1.27028477192,"var":4.05501270294},"spectral_rms":{"dmean":0.000881305953953,"dmean2":0.00124238186982,"dvar":9.3820415259e-7,"dvar2":0.00000158044883847,"max":0.0128117706627,"mean":0.00574394548312,"median":0.00548883434385,"min":3.14011533789e-12,"var":0.00000426798078479},"spectral_rolloff":{"dmean":319.194549561,"dmean2":524.136535645,"dvar":300922.4375,"dvar2":602457,"max":21705.46875,"mean":1386.44921875,"median":1162.79296875,"min":64.599609375,"var":3750040.25},"spectral_skewness":{"dmean":0.173010185361,"dmean2":0.28225710988,"dvar":0.0229093395174,"dvar2":0.0576896481216,"max":3.16447353363,"mean":1.70912897587,"median":1.71525716782,"min":-0.064424328506,"var":0.100448720157},"spectral_spread":{"dmean":600793.125,"dmean2":846142.75,"dvar":531525795840,"dvar2":1024226820100,"max":42430836,"mean":4633205,"median":4055905.5,"min":2247830.75,"var":13799772913700},"spectral_strongpeak":{"dmean":0.684523522854,"dmean2":1.16675722599,"dvar":1.07480430603,"dvar2":2.58117175102,"max":16.914648056,"mean":1.30603206158,"median":0.600748717785,"min":0,"var":2.34303450584},"zerocrossingrate":{"dmean":0.00816047098488,"dmean2":0.0099991587922,"dvar":0.0000970013497863,"dvar2":0.000135335256346,"max":0.84033203125,"mean":0.0559610165656,"median":0.05029296875,"min":0.005859375,"var":0.0024846859742}},"metadata":{"audio_properties":{"analysis_sample_rate":44100,"bit_rate":977878,"codec":"alac","downmix":"mix","equal_loudness":0,"length":317.466674805,"lossless":true,"md5_encoded":"3cadc236e38a63f2738016000990a5a0","replay_gain":-10.842300415,"sample_rate":44100},"tags":{"album":["Left Hand Luke: The Alternate Tanx"],"albumartistsort":["T. Rex"],"artist":["T. Rex"],"artistsort":["T. Rex"],"barcode":["740155171629"],"compilation":["0"],"date":["2002"],"discnumber":["1/1"],"file_name":"11 T. Rex - Left Hand Luke.m4a","genre":["Rock"],"musicbrainz_albumartistid":["c842d29f-a297-48cd-bb71-4f77fd672b16"],"musicbrainz_albumid":["b6317ed9-aa02-4852-a29a-5197f339ee50"],"musicbrainz_artistid":["c842d29f-a297-48cd-bb71-4f77fd672b16"],"musicbrainz_recordingid":["9231a5e3-3dda-4248-af52-cf35736f36c9"],"musicbrainz_releasegroupid":["ac34971f-6cc1-356e-982d-e997b3ff567d"],"script":["Latn"],"title":["Left Hand Luke"],"tracknumber":["11/23"]},"version":{"essentia":"2.1-beta2","essentia_build_sha":"2d9f1f26377add8aeb1075a9c2973f962c4f09fd","essentia_git_sha":"v2.1_beta2-1-ge3940c0","extractor":"music 1.0"}},"rhythm":{"beats_count":892,"beats_loudness":{"dmean":0.0419589392841,"dmean2":0.0741429030895,"dvar":0.000700525881257,"dvar2":0.00229536718689,"max":0.152806326747,"mean":0.0659024044871,"median":0.0686978325248,"min":0,"var":0.00101780542172},"beats_loudness_band_ratio":{"dmean":[0.363441437483,0.158826753497,0.148395955563,0.112937271595,0.0526111796498,0.0186875667423],"dmean2":[0.669017374516,0.286368072033,0.266798317432,0.198651462793,0.0954602733254,0.0340134426951],"dvar":[0.0538607463241,0.0177424587309,0.0165559314191,0.0133436657488,0.00327651901171,0.000323624961311],"dvar2":[0.13559050858,0.0520574040711,0.0468502938747,0.0352366603911,0.0089420620352,0.000912176736165],"max":[0.968458294868,0.668106257915,0.735516190529,0.827824950218,0.524881362915,0.192306622863],"mean":[0.547786235809,0.153427362442,0.146766766906,0.122931346297,0.057471614331,0.0200185254216],"median":[0.59890711