{"lowlevel":{"average_loudness":0.0628392845392,"barkbands":{"dmean":[0.00143561093137,0.00167295895517,0.00134086236358,0.000771397841163,0.00202372157946,0.000939309422392,0.000614699732978,0.000298662547721,0.000223628536332,0.000209234320209,0.000119112322864,0.000136214817758,0.0000858401253936,0.000103104495793,0.000146856837091,0.0000807249962236,0.0000615459648543,0.0000601848187216,0.0000716156209819,0.0000438183014921,0.000029146349334,0.0000183248175745,0.0000125279666463,0.00000269777638096,0.00000102627393517,0.00000516946647622,0.0000376702919311],"dmean2":[0.00254524266347,0.00279790791683,0.00225675781257,0.00128624250647,0.00328062032349,0.00145257054828,0.000980961835012,0.000467598089017,0.000367806904251,0.000337716570357,0.000198061388801,0.000223663329962,0.000140011019539,0.000168482234585,0.000241349291173,0.000128907864564,0.0000940097888815,0.0000915734926821,0.000101702367829,0.0000642542290734,0.0000424199570261,0.0000252856334555,0.0000187835357792,0.00000434092407886,0.00000171878173205,0.00000799366171123,0.0000568676405237],"dvar":[0.0000121075190691,0.0000211109709198,0.0000126276308947,0.00000473255840916,0.0000264597565547,0.00001258989505,0.00000450025527243,0.0000017124363012,4.84870383843e-7,4.61071039126e-7,1.39426219903e-7,1.70870777083e-7,7.08263030447e-8,1.45906071225e-7,2.5783339197e-7,6.70030715355e-8,3.81626072965e-8,5.87591699741e-8,2.01466406224e-7,4.42141079304e-8,2.22390248439e-8,6.12844264225e-9,3.59335317057e-9,1.52335172254e-10,8.31366399334e-12,6.51093845505e-10,1.02076667119e-8],"dvar2":[0.0000346647066181,0.000057147568441,0.0000338808749802,0.0000116826313388,0.0000702596153133,0.0000288231694867,0.0000106075840449,0.00000349470951733,0.00000127952125695,0.00000111639508305,3.75660221152e-7,4.46603905857e-7,1.79084537422e-7,3.82017759648e-7,6.97385985404e-7,1.64296508842e-7,8.23204970857e-8,1.21862342439e-7,3.98372662858e-7,8.60266169411e-8,3.99965536246e-8,9.40440969543e-9,8.22218559904e-9,3.72684161309e-10,2.14454599912e-11,1.54660939611e-9,2.16922675378e-8],"max":[0.120651260018,0.0912124663591,0.0887270495296,0.0754338726401,0.13611254096,0.172844707966,0.110941849649,0.101634278893,0.0248261764646,0.0289870947599,0.0121853407472,0.00870181806386,0.012163637206,0.0160333067179,0.0135396691039,0.00771286152303,0.0136526757851,0.0119505990297,0.0211396589875,0.00964541919529,0.00911605078727,0.00312104891054,0.00168440316338,0.000399118755013,0.000051791426813,0.000753117492422,0.00323507841676],"mean":[0.00178001413587,0.0028998167254,0.00196214066818,0.00123745657038,0.00355446990579,0.0016891816631,0.00106609996874,0.000481758936075,0.000374537805328,0.000325400353177,0.000191848710529,0.000227528507821,0.000153054570546,0.000181697629159,0.000275365746347,0.000151815256686,0.000124525220599,0.000118968702736,0.000133629480843,0.0000898279977264,0.0000644322790322,0.0000423080309702,0.0000189760448848,0.00000312527095048,0.00000105611968593,0.00000692893445375,0.00013105943799],"median":[0.000510691083036,0.000577973201871,0.000236488645896,0.0000967279775068,0.000683468475472,0.00020923257398,0.0000750763574615,0.0000313420787279,0.0000215204254346,0.0000169384147739,0.00000898395956028,0.00000829575037642,0.00000718598676031,0.0000065671692937,0.00000656514839648,0.00000292340837404,0.00000355533211405,0.00000302923126583,0.00000141391069519,8.84705286808e-7,7.66710911648e-7,5.50301820113e-7,3.3034487501e-7,1.8185546935e-7,1.43754306237e-7,2.93443747523e-7,0.00000629269834462],"min":[2.52586359319e-24,5.31933996543e-24,9.87542821164e-25,1.17872326154e-24,6.94468964746e-24,1.07534426265e-23,1.41026320634e-23,1.4420544586e-23,2.69729024653e-23,2.64086113271e-23,2.1067885737e-23,1.21913995838e-23,2.29411321974e-23,3.94679038459e-23,5.10682864729e-23,5.23512835383e-23,7.13078950807e-23,1.05516273945e-22,1.47830425802e-22,1.98308511789e-22,3.31872394431e-22,3.28173230009e-22,4.29216769907e-22,6.31434712259e-22,7.89289389221e-22,1.32227365466e-21,2.03999803695e-21],"var":[0.000012925158444,0.0000390698878618,0.0000251776145888,0.000012794264876,0.0000548549433006,0.0000293191460514,0.0000105116641862,0.00000513094755661,0.00000106065135697,0.00000100187367025,2.63531802602e-7,3.49601606331e-7,1.54149887521e-7,3.07680750211e-7,6.20332912149e-7,1.60918219194e-7,1.16499023761e-7,1.76208871494e-7,4.85855139232e-7,1.22969112226e-7,6.93697472798e-8,2.42227926606e-8,5.73847280805e-9,1.64104577149e-10,9.09093460233e-12,7.67855001804e-10,6.98461519733e-8]},"barkbands_crest":{"dmean":3.02610659599,"dmean2":5.15728855133,"dvar":6.90953922272,"dvar2":20.1758441925,"max":26.5312709808,"mean":11.8569803238,"median":11.1891613007,"min":2.85907316208,"var":20.3385791779},"barkbands_flatness_db":{"dmean":0.0327828638256,"dmean2":0.0533339828253,"dvar":0.000988608459011,"dvar2":0.00282323244028,"max":0.527350664139,"mean":0.201095819473,"median":0.188797146082,"min":0.0404409430921,"var":0.00684479251504},"barkbands_kurtosis":{"dmean":8.75068855286,"dmean2":14.587843895,"dvar":217.312423706,"dvar2":616.124023438,"max":264.741882324,"mean":17.8029613495,"median":11.1401824951,"min":-1.87074494362,"var":495.152862549},"barkbands_skewness":{"dmean":0.767553269863,"dmean2":1.258051157,"dvar":0.703636586666,"dvar2":1.96614038944,"max":12.9555597305,"mean":2.68728423119,"median":2.44431781769,"min":-2.06675052643,"var":2.20355534554},"barkbands_spread":{"dmean":3.73272609711,"dmean2":5.90041303635,"dvar":36.7128181458,"dvar2":95.6742858887,"max":129.607330322,"mean":12.7672128677,"median":8.75239086151,"min":0.312556296587,"var":145.217529297},"dissonance":{"dmean":0.024986512959,"dmean2":0.0414922311902,"dvar":0.000632997427601,"dvar2":0.0017186361365,"max":0.500000178814,"mean":0.449661195278,"median":0.460040986538,"min":0.122728228569,"var":0.00154312874656},"dynamic_complexity":9.85757541656,"erbbands":{"dmean":[0.0684784427285,0.33519089222,1.2054361105,2.31680488586,4.45479297638,8.19127845764,6.97048902512,8.89506053925,6.90979671478,9.62924671173,6.05114555359,5.61204624176,5.09273529053,6.31790542603,4.67199850082,5.92328977585,3.95464229584,4.55068063736,6.8856716156,5.98128604889,3.78462696075,3.14387750626,3.10847449303,3.47298359871,3.34053206444,1.97745740414,1.49726748466,0.949162125587,0.695464611053,0.532170712948,0.320467203856,0.108220770955,0.0244848337024,0.0116963014007,0.00728590181097,0.00473339669406,0.00994538329542,0.00905558932573,0.0031015528366,0.000956140458584],"dmean2":[0.113706290722,0.564305663109,2.00354743004,3.82084488869,7.37072277069,13.5076904297,10.7947797775,13.7436618805,10.4633588791,16.0085163116,9.32059574127,9.24047374725,7.94644975662,10.5772247314,7.76322174072,9.75850105286,6.40875816345,7.41009998322,11.4147539139,9.70387554169,5.97419500351,4.78183078766,4.67227697372,5.00449800491,4.79793977737,2.80396032333,2.21660161018,1.3508452177,0.977035462856,0.730643153191,0.491854727268,0.167628183961,0.0404303632677,0.0195915028453,0.0121815307066,0.0078397616744,0.0153119871393,0.0126909986138,0.00436822324991,0.0014863993274],"dvar":[0.0471470244229,0.750180780888,10.5350065231,37.7077789307,145.220214844,508.147735596,396.100250244,1439.99206543,676.773681641,882.491699219,963.780273438,282.438018799,428.922851562,342.812438965,237.254074097,330.797698975,140.108886719,246.593032837,562.627075195,459.70892334,128.852828979,95.1871185303,143.253234863,384.930175781,504.266143799,80.3188934326,63.393157959,21.5198173523,9.35817718506,5.16726541519,2.62312626839,0.298087567091,0.00834584888071,0.0010667782044,0.000414695969084,0.000179136113729,0.00256623071618,0.00141779053956,0.000149004510604,0.00000455201052318],"dvar2":[0.125698238611,2.05643892288,27.7654781342,91.4781417847,384.650817871,1418.26843262,919.036193848,3309.39135742,1408.74645996,2378.29956055,1735.08764648,720.937255859,985.584960938,957.292175293,635.864807129,866.42010498,353.500366211,601.742675781,1559.59716797,1177.22143555,300.337799072,188.835876465,278.313751221,761.871032715,1092.68798828,142.234771729,127.869239807,39.6434745789,14.9906549454,9.48611545563,6.3430762291,0.710405409336,0.0212712660432,0.00275342073292,0.00106883503031,0.000458699505543,0.00613369327039,0.00271515664645,0.000247301766649,0.0000104883110907],"max":[5.49700021744,15.9830713272,79.5918121338,214.185699463,267.233581543,635.256225586,634.626464844,2193.80419922,1371.20776367,1281.21801758,2760.60253906,709.663391113,921.795898438,437.804016113,569.569335938,412.821472168,583.104492188,687.093078613,859.480102539,675.13079834,364.059265137,612.844482422,678.614257812,832.561889648,1123.23730469,414.91973877,554.42755127,259.760772705,127.183547974,81.2546310425,43.4321632385,17.2859325409,3.68698263168,0.585681140423,0.366361856461,0.336790859699,1.76952779293,1.03339016438,0.58475625515,0.0707555562258],"mean":[0.125129848719,0.524668991566,1.86642205715,4.03649902344,7.10997390747,12.97793293,12.2137622833,15.7090988159,13.3259553909,15.5273504257,10.3433084488,9.49564743042,8.79829597473,10.0108118057,8.41660118103,9.9853849411,7.59912872314,8.78195858002,13.1081562042,11.8758487701,8.02501964569,6.87517738342,6.55788612366,6.86654090881,6.17534971237,4.23290109634,3.275151968,2.0869820118,1.57821452618,1.0407834053,0.460325568914,0.136935800314,0.0261583663523,0.0121465455741,0.00762806739658,0.00536901503801,0.0134098157287,0.0191453322768,0.00998370721936,0.004431291949],"median":[0.0254906881601,0.0831619948149,0.245157569647,0.413355410099,0.817275047302,2.64997220039,1.95316100121,1.93063902855,1.09503793716,1.19186878204,0.661103129387,0.548748850822,0.46144682169,0.533250391483,0.393716514111,0.395366489887,0.354938477278,0.338913738728,0.40849635005,0.2643892169,0.182966813445,0.191142275929,0.175340801477,0.104873001575,0.0633776560426,0.0418856479228,0.0345021486282,0.0273199751973,0.0206556096673,0.0141424108297,0.00871632993221,0.00485309632495,0.00257356651127,0.00162489339709,0.00107833591755,0.000735607638489,0.000572325778194,0.000403271871619,0.000304369663354,0.000670444103889],"min":[2.27875687471e-22,1.19080484775e-21,1.46369033838e-21,7.69586466038e-21,1.8794753592e-20,1.75887678797e-20,3.99735709563e-20,1.00076995709e-19,1.58747540078e-19,3.37592958251e-19,4.10609586789e-19,6.75925312573e-19,5.39086633295e-19,1.22043530386e-18,1.16228461019e-18,8.51346332257e-19,1.06689972542e-18,1.85832287106e-18,2.86039490091e-18,1.83624397294e-18,4.33183774805e-18,4.91874886244e-18,5.91680306926e-18,7.19708096132e-18,9.24032791653e-18,1.11160517725e-17,1.06393219429e-17,1.40742580925e-17,1.18893953349e-17,1.2400187635e-17,1.17850291299e-17,1.10812067892e-17,9.82369208045e-18,7.3954521071e-18,6.17865453679e-18,4.61157616915e-18,2.41518416815e-18,9.20722435521e-19,2.67478311947e-19,2.59483020022e-20],"var":[0.0832183212042,1.33604609966,22.3689498901,117.080238342,283.742401123,857.119873047,983.682678223,3332.95361328,2046.62487793,1770.87902832,3095.99291992,696.56427002,1088.22875977,582.674255371,481.411529541,660.260803223,351.20489502,637.244018555,1289.09619141,1134.7322998,393.148193359,344.992645264,478.99206543,995.274230957,1111.40380859,255.35559082,175.006591797,66.1160583496,34.0784683228,16.0637798309,3.54868578911,0.34860509634,0.00828407425433,0.00117446854711,0.000459198723547,0.000207531571505,0.00298688746989,0.00398448714986,0.000707421801053,0.0000549412288819]},"erbbands_crest":{"dmean":2.80700874329,"dmean2":4.52836942673,"dvar":6.58295345306,"dvar2":17.2410869598,"max":31.3182201385,"mean":10.304224968,"median":9.09605979919,"min":2.36394381523,"var":25.4812488556},"erbbands_flatness_db":{"dmean":0.0255031809211,"dmean2":0.0403677113354,"dvar":0.000567032664549,"dvar2":0.00150135264266,"max":0.370891749859,"mean":0.16127692163,"median":0.155891209841,"min":0.0245635900646,"var":0.00207431428134},"erbbands_kurtosis":{"dmean":2.56022453308,"dmean2":4.05090808868,"dvar":32.4290275574,"dvar2":91.8911743164,"max":152.919143677,"mean":3.55984020233,"median":0.6713078022,"min":-1.78317248821,"var":63.8404197693},"erbbands_skewness":{"dmean":0.476269930601,"dmean2":0.729434430599,"dvar":0.247354730964,"dvar2":0.61334592104,"max":9.13530445099,"mean":1.10424792767,"median":0.933666586876,"min":-3.75052404404,"var":1.54631698132},"erbbands_spread":{"dmean":6.54819250107,"dmean2":10.3026771545,"dvar":45.0261993408,"dvar2":107.134239197,"max":125.107582092,"mean":29.1992416382,"median":28.4918441772,"min":0.978766083717,"var":228.15296936},"gfcc":{"cov":[[29429.9394531,417.749145508,-3024.03271484,464.304840088,-98.2378387451,-981.765136719,1144.20739746,-1073.48120117,715.340087891,-120.765098572,-554.929870605,146.980438232,-728.393188477],[417.749145508,846.565673828,176.071456909,-242.785491943,58.2923240662,-56.6862640381,6.48262643814,-66.904296875,6.28751850128,-30.2767944336,49.5433311462,-75.8006668091,68.6782226562],[-3024.03271484,176.071456909,1077.95397949,119.606018066,-175.788864136,294.302581787,-138.725616455,232.535736084,-107.751068115,85.7853469849,61.8751602173,-46.9972038269,135.04335022],[464.304840088,-242.785491943,119.606018066,468.312194824,50.5220489502,37.6873893738,128.767440796,28.1448345184,34.4237556458,19.965549469,-39.7781028748,59.5599708557,-31.5296058655],[-98.2378387451,58.2923240662,-175.788864136,50.5220489502,264.945770264,-15.9557676315,57.9286613464,-38.620967865,7.25245141983,-45.803855896,24.4929656982,13.9522409439,7.571808815],[-981.765136719,-56.6862640381,294.302581787,37.6873893738,-15.9557676315,273.754150391,-43.4376792908,114.673332214,-58.242641449,42.729057312,13.0869693756,-4.48045158386,44.6397285461],[1144.20739746,6.48262643814,-138.725616455,128.767440796,57.9286613464,-43.4376792908,236.084976196,-46.1932373047,82.3778152466,-6.62405633926,-32.5561408997,26.045009613,-47.6970825195],[-1073.48120117,-66.904296875,232.535736084,28.1448345184,-38.620967865,114.673332214,-46.1932373047,184.341552734,-17.9405384064,40.7451057434,36.8518104553,-6.51928853989,40.4231529236],[715.340087891,6.28751850128,-107.751068115,34.4237556458,7.25245141983,-58.242641449,82.3778152466,-17.9405384064,118.908737183,29.1374931335,-7.22155094147,23.8003826141,-37.4908218384],[-120.765098572,-30.2767944336,85.7853469849,19.965549469,-45.803855896,42.729057312,-6.62405633926,40.7451057434,29.1374931335,86.5176010132,29.6115093231,7.81878566742,15.5566530228],[-554.929870605,49.5433311462,61.8751602173,-39.7781028748,24.4929656982,13.0869693756,-32.5561408997,36.8518104553,-7.22155094147,29.6115093231,87.9156265259,25.3678569794,33.8709907532],[146.980438232,-75.8006668091,-46.9972038269,59.5599708557,13.9522409439,-4.48045158386,26.045009613,-6.51928853989,23.8003826141,7.81878566742,25.3678569794,79.3304748535,9.49452877045],[-728.393188477,68.6782226562,135.04335022,-31.5296058655,7.571808815,44.6397285461,-47.6970825195,40.4231529236,-37.4908218384,15.5566530228,33.8709907532,9.49452877045,96.4578552246]],"icov":[[0.0000948277811403,-0.000282037479337,0.000394712405978,-0.000314490695018,0.000408812426031,-0.000161737087183,-0.0000849743810249,0.00011664028716,-0.0000264113514277,-0.000120684097055,0.000159212489962,-0.0000706516148057,0.000173594118678],[-0.000282037479337,0.00349326385185,-0.00243136193603,0.00230767391622,-0.00190620438661,0.000893979740795,-0.000857567531057,0.00162265193649,-0.00194277393166,0.00205555465072,-0.00237319106236,0.00291046220809,-0.00236663641408],[0.000394712405978,-0.00243136193603,0.00507059553638,-0.00401340937242,0.00468919891864,-0.00314044975676,0.000646137050353,-0.000556672457606,-0.000299548613839,0.000912318413612,-0.00230143032968,0.00265130517073,-0.00177739432547],[-0.000314490695018,0.00230767391622,-0.00401340937242,0.00696098711342,-0.00507258530706,0.00281669595279,-0.00218561384827,-0.00117860164028,0.00218013557605,-0.00345704331994,0.00534176593646,-0.00545904226601,0.00245064892806],[0.000408812426031,-0.00190620438661,0.00468919891864,-0.00507258530706,0.0104698445648,-0.00431553134695,-0.000528770848177,0.00205228221603,-0.00330623611808,0.00716097885743,-0.00807491037995,0.0055974284187,-0.00388041976839],[-0.000161737087183,0.000893979740795,-0.00314044975676,0.00281669595279,-0.00431553134695,0.00881633441895,-0.000933769275434,-0.00365944276564,0.00558089418337,-0.00640139076859,0.00616388488561,-0.00484887324274,0.0023044697009],[-0.0000849743810249,-0.000857567531057,0.000646137050353,-0.00218561384827,-0.000528770848177,-0.000933769275434,0.00799772981554,0.000208049284993,-0.00409950409085,0.00116552831605,0.000799524597824,-0.000427589489846,0.000671094225254],[0.00011664028716,0.00162265193649,-0.000556672457606,-0.00117860164028,0.00205228221603,-0.00365944276564,0.000208049284993,0.0115645006299,-0.00477862916887,0.00309337954968,-0.00687836576253,0.00596537441015,-0.00361959845759],[-0.0000264113514277,-0.00194277393166,-0.000299548613839,0.00218013557605,-0.00330623611808,0.00558089418337,-0.00409950409085,-0.00477862916887,0.021859722212,-0.0145805617794,0.00921178795397,-0.0108741195872,0.00865157786757],[-0.000120684097055,0.00205555465072,0.000912318413612,-0.00345704331994,0.00716097885743,-0.00640139076859,0.00116552831605,0.00309337954968,-0.0145805617794,0.0288024246693,-0.0169556830078,0.0115609299392,-0.00859818514436],[0.000159212489962,-0.00237319106236,-0.00230143032968,0.00534176593646,-0.00807491037995,0.00616388488561,0.000799524597824,-0.00687836576253,0.00921178795397,-0.0169556830078,0.0319500006735,-0.0190097745508,0.0058863228187],[-0.0000706516148057,0.00291046220809,0.00265130517073,-0.00545904226601,0.0055974284187,-0.00484887324274,-0.000427589489846,0.00596537441015,-0.0108741195872,0.0115609299392,-0.0190097745508,0.0301238875836,-0.0113898003474],[0.000173594118678,-0.00236663641408,-0.00177739432547,0.00245064892806,-0.00388041976839,0.0023044697009,0.000671094225254,-0.00361959845759,0.00865157786757,-0.00859818514436,0.0058863228187,-0.0113898003474,0.0215429738164]],"mean":[-151.759994507,115.396232605,-67.5064315796,4.59239912033,-20.3957538605,-21.0066833496,-14.2008008957,-19.1873474121,-6.83083295822,-8.78798103333,-4.63336658478,-1.6143014431,-2.02647280693]},"hfc":{"dmean":14.2061796188,"dmean2":23.3484630585,"dvar":691.788757324,"dvar2":1866.62927246,"max":535.268859863,"mean":54.0175666809,"median":15.4221315384,"min":1.09263908386e-16,"var":6190.53222656},"melbands":{"dmean":[0.000545791641343,0.000524787581526,0.000398423580918,0.000467201636638,0.000263513065875,0.000187108205864,0.000111361427116,0.0000942106198636,0.0000474452135677,0.0000351505623257,0.0000258375894191,0.0000271288899967,0.0000164439952641,0.0000157060003403,0.0000107183259388,0.00000882875065145,0.0000093648532129,0.0000112228253784,0.0000109501579573,0.00000674414241075,0.00000447899628853,0.00000363246999768,0.00000314539897772,0.00000321475658893,0.00000301393674818,0.00000281063216789,0.00000205567971534,0.00000130204614379,0.00000107945322725,7.40259281429e-7,5.58635122161e-7,4.48112785989e-7,3.48397605876e-7,3.03549342107e-7,2.11316717014e-7,1.18924717185e-7,4.68899230555e-8,1.80466077637e-8,1.10254454455e-8,9.42203826071e-9],"dmean2":[0.000912075629458,0.0008735327865,0.000664449413307,0.000766666664276,0.000413650035625,0.000288739160169,0.000170645173057,0.000156379799591,0.0000734218920115,0.0000582422653679,0.0000403595950047,0.0000454326618637,0.0000274716876447,0.0000256273851846,0.0000175141703949,0.0000143528422996,0.0000153479268192,0.0000185922981473,0.0000179221951839,0.0000108062486106,0.00000718932960808,0.00000562909963264,0.00000481411916553,0.00000492019944431,0.0000044612934289,0.00000407892594012,0.00000303004617308,0.00000192239804164,0.00000161554180522,0.0000011100988786,8.01039789167e-7,6.49354319648e-7,4.85234636471e-7,4.33964515878e-7,3.32390783342e-7,1.84287273441e-7,7.50062199018e-8,2.99945099869e-8,1.84935160519e-8,1.57913007115e-8],"dvar":[0.00000258998875324,0.00000182396297532,0.00000101063096736,0.00000167342795976,4.51035162996e-7,5.90593344896e-7,1.69500651737e-7,8.48921146712e-8,5.67797293627e-8,1.14844631582e-8,1.09920961222e-8,6.40337072255e-9,2.70138778014e-9,2.28835839167e-9,1.00357766541e-9,8.36548053051e-10,1.11183862117e-9,1.63177926726e-9,1.61108171248e-9,5.25461507639e-10,1.82555054407e-10,1.15917914156e-10,1.41743700111e-10,1.81465037441e-10,3.15051568167e-10,3.59195284627e-10,1.60242083491e-10,2.97922901626e-11,3.43331335584e-11,1.43138435132e-11,6.37484813201e-12,3.7160643486e-12,2.45939033028e-12,1.79366927127e-12,1.1960495528e-12,3.86340319545e-13,6.08755531878e-14,5.83960861573e-15,9.55745284991e-16,7.04906694996e-16],"dvar2":[0.00000689013768351,0.00000479081973026,0.0000026037596399,0.00000440873782281,0.00000109740813059,0.00000134921060635,3.68482545809e-7,2.29149407005e-7,9.9389119157e-8,3.02693727861e-8,2.5193401143e-8,1.79348500495e-8,7.31108507068e-9,5.91931925698e-9,2.58480969961e-9,2.1531378902e-9,2.72226730047e-9,4.60671634173e-9,4.38600711306e-9,1.30830946077e-9,4.29859231543e-10,2.53242232739e-10,2.90840379558e-10,3.98945432245e-10,6.6554095568e-10,7.70195074384e-10,3.50339701694e-10,5.829964983e-11,7.31868662895e-11,2.7226726082e-11,1.19715400787e-11,6.37908259202e-12,4.43743999878e-12,3.69507072509e-12,2.97846643182e-12,9.34415630809e-13,1.48948548265e-13,1.50994109116e-14,2.46371581753e-15,1.81935773752e-15],"max":[0.0368799269199,0.0331231467426,0.031125202775,0.0382598005235,0.0179404634982,0.0424948632717,0.0232084654272,0.0113128013909,0.0212100390345,0.00461610220373,0.00479857018217,0.00187044218183,0.00184837635607,0.0011743423529,0.000785906566307,0.0015789050376,0.00138977181632,0.00184677424841,0.00101076846477,0.000809695746284,0.000369933608454,0.000514802639373,0.000889759103302,0.000626060354989,0.000774450658355,0.000987976090983,0.000560112006497,0.000257860287093,0.000425309961429,0.000238812252064,0.000146626654896,0.0000810063647805,0.0000652516173432,0.0000477614084957,0.0000292259410344,0.0000155779453053,0.00000911610459298,0.00000357534486284,5.38057122412e-7,4.76665036331e-7],"mean":[0.001051577623,0.000887486559805,0.000730675063096,0.000766443088651,0.000467456702609,0.000338935293257,0.000211607446545,0.000153711225721,0.0000787906974438,0.0000573812867515,0.0000430382715422,0.0000409874046454,0.0000274748799711,0.0000270193850156,0.0000192003190023,0.0000157511149155,0.0000163195072673,0.000019928023903,0.0000201174043468,0.0000122352284961,0.00000875642399478,0.00000724349047232,0.00000595641586187,0.00000598799124418,0.00000550509957975,0.00000495092035635,0.00000356469604412,0.00000264776167569,0.00000218929358198,0.00000149590607634,0.00000111485292109,9.46759257658e-7,7.00044665791e-7,5.22239076872e-7,2.8560432952e-7,1.53448624474e-7,5.2358977598e-8,1.74798540087e-8,1.11168674266e-8,9.61844026648e-9],"median":[0.000254326325376,0.000135039997986,0.000082593796833,0.00013014387514,0.0000875589757925,0.0000404131642426,0.000016994539692,0.0000117780327855,0.00000451880032415,0.00000321485640598,0.00000217514684664,0.0000021110677153,0.00000126655208987,0.00000105020615138,8.43410134621e-7,7.29101600427e-7,5.74267346565e-7,6.32542310086e-7,4.61059897816e-7,2.29670405361e-7,1.99310250082e-7,1.94521049934e-7,1.6052510432e-7,1.41555005939e-7,7.37322665145e-8,5.02619244003e-8,3.30772671475e-8,2.60629029469e-8,2.20379785532e-8,1.78597368006e-8,1.41889948679e-8,1.1537672151e-8,9.37771105214e-9,6.79448319829e-9,5.05346697821e-9,3.85385590107e-9,2.40305775279e-9,1.64865066044e-9,1.44365119858e-9,1.2830749796e-9],"min":[1.87940016718e-24,8.8666102063e-25,1.28974340383e-24,1.35505063437e-24,1.50341052152e-24,2.51062339215e-24,2.70270589497e-24,4.6843700456e-24,4.06070489697e-24,4.17914881202e-24,2.65632383197e-24,4.28900400396e-24,3.70592496004e-24,3.36357431553e-24,1.63737626096e-24,2.56940891237e-24,3.06509833964e-24,4.07661622143e-24,3.03829560709e-24,2.27796858967e-24,5.07285012041e-24,4.97901827117e-24,4.99883366825e-24,4.75978830359e-24,5.94216103289e-24,5.13428384669e-24,6.06931909993e-24,5.90856541909e-24,4.68601284844e-24,5.85476944409e-24,5.87646469671e-24,5.64831862874e-24,6.06683497694e-24,6.53116915537e-24,6.0675339077e-24,6.25388296947e-24,7.45542501877e-24,6.01251677602e-24,6.57102871919e-24,5.44285743939e-24],"var":[0.00000488644855068,0.00000416347666032,0.0000029605025702,0.00000317822536999,0.0000011065575336,0.00000140517579439,4.66645701636e-7,1.8130630508e-7,1.82182432695e-7,2.57500385459e-8,2.72839031368e-8,1.02043777872e-8,5.1812802937e-9,4.9084016851e-9,2.22013563089e-9,1.78166381648e-9,2.56090970652e-9,3.21611914877e-9,3.63413410476e-9,1.17947762668e-9,4.94596086309e-10,3.68770902703e-10,4.03586219999e-10,4.61558319342e-10,7.17549297757e-10,7.84321829705e-10,3.46304734888e-10,8.5656898241e-11,8.30303395483e-11,4.02009328604e-11,1.89790457655e-11,1.24819538386e-11,7.77420228887e-12,4.32731758412e-12,1.46609948574e-12,4.60175409063e-13,6.14378136581e-14,5.15671540706e-15,1.0243165196e-15,7.66507060206e-16]},"melbands_crest":{"dmean":3.5888710022,"dmean2":6.02385807037,"dvar":9.94033145905,"dvar2":28.0668334961,"max":39.2908744812,"mean":17.2875385284,"median":15.7159509659,"min":1.00015175343,"var":52.4713897705},"melbands_flatness_db":{"dmean":0.0368726104498,"dmean2":0.0583298690617,"dvar":0.0011193046812,"dvar2":0.00303766294383,"max":0.654103398323,"mean":0.31231918931,"median":0.303475439548,"min":-7.07546291778e-7,"var":0.00868472177535},"melbands_kurtosis":{"dmean":10.4120740891,"dmean2":16.80169487,"dvar":453.481018066,"dvar2":1057.91711426,"max":1060.37390137,"mean":22.3195667267,"median":12.888800621,"min":-1.87878775597,"var":1385.08312988},"melbands_skewness":{"dmean":0.790413796902,"dmean2":1.28340697289,"dvar":0.708038449287,"dvar2":1.89059960842,"max":20.4158992767,"mean":2.99470591545,"median":2.68438792229,"min":-1.81030166149,"var":2.96054363251},"melbands_spread":{"dmean":3.20568919182,"dmean2":4.97936630249,"dvar":33.4131126404,"dvar2":68.5288772583,"max":169.877975464,"mean":10.3393783569,"median":6.76921844482,"min":0.103565476835,"var":177.564743042},"mfcc":{"cov":[[20756.3300781,1427.05627441,-3461.71044922,1194.71496582,-1495.65014648,675.062316895,-814.573181152,230.225463867,-121.038009644,272.341583252,-99.0274353027,-121.879318237,109.198997498],[1427.05627441,1487.47631836,54.0258522034,-118.863319397,27.191198349,-41.5573043823,-32.7232055664,-95.1075439453,-23.1775512695,-36.9000740051,3.43707370758,-25.1980495453,-11.8414859772],[-3461.71044922,54.0258522034,1259.14294434,-108.955039978,221.654708862,-73.253578186,180.47492981,-38.5374717712,78.7593994141,8.95847320557,29.5387706757,29.1141242981,-2.05433487892],[1194.71496582,-118.863319397,-108.955039978,464.363494873,-90.5613250732,109.281929016,-29.4856910706,89.3528137207,27.5548934937,38.1844062805,6.60054731369,-7.55462503433,21.386428833],[-1495.65014648,27.191198349,221.654708862,-90.5613250732,299.426483154,-40.4886016846,105.185554504,-9.88181591034,0.690498650074,-48.4346237183,3.74137926102,14.1141281128,-9.87568759918],[675.062316895,-41.5573043823,-73.253578186,109.281929016,-40.4886016846,179.854309082,16.056060791,47.2040100098,19.9770851135,25.6447372437,-16.8151321411,-6.22619390488,13.3340129852],[-814.573181152,-32.7232055664,180.47492981,-29.4856910706,105.185554504,16.056060791,151.170471191,28.1773662567,27.2596225739,-11.3729610443,3.13955640793,5.88726520538,-1.86658227444],[230.225463867,-95.1075439453,-38.5374717712,89.3528137207,-9.88181591034,47.2040100098,28.1773662567,109.982444763,23.906124115,16.7262306213,5.39910507202,5.65843343735,5.98237037659],[-121.038009644,-23.1775512695,78.7593994141,27.5548934937,0.690498650074,19.9770851135,27.2596225739,23.906124115,82.2827911377,28.6341018677,7.85024642944,-0.0791634917259,7.63630771637],[272.341583252,-36.9000740051,8.95847320557,38.1844062805,-48.4346237183,25.6447372437,-11.3729610443,16.7262306213,28.6341018677,82.3776931763,19.0304965973,6.8045258522,11.5315513611],[-99.0274353027,3.43707370758,29.5387706757,6.60054731369,3.74137926102,-16.8151321411,3.13955640793,5.39910507202,7.85024642944,19.0304965973,63.6811218262,21.3862342834,7.4507188797],[-121.879318237,-25.1980495453,29.1141242981,-7.55462503433,14.1141281128,-6.22619390488,5.88726520538,5.65843343735,-0.0791634917259,6.8045258522,21.3862342834,60.5382881165,24.5839881897],[109.198997498,-11.8414859772,-2.05433487892,21.386428833,-9.87568759918,13.3340129852,-1.86658227444,5.98237037659,7.63630771637,11.5315513611,7.4507188797,24.5839881897,57.2941169739]],"icov":[[0.000231446087128,-0.000298905972159,0.000464854820166,-0.000305291236145,0.000565460009966,-0.000347838329617,0.00019207924197,-0.000144877907587,0.000089758032118,-0.000369866465917,0.000209329795325,-0.0000840367792989,-0.000101152923889],[-0.000298905972159,0.00111428042874,-0.000634330150206,0.000501451257151,-0.000776064000092,0.000337631179718,-0.0000593077929807,0.000678944052197,-0.000150679392391,0.000756927358452,-0.000579829094931,0.000492232909892,0.000036831588659],[0.000464854820166,-0.000634330150206,0.00208072899841,-0.000683169579133,0.000699726107996,-0.000253565260209,-0.000754489738028,0.000478615809698,-0.000693491951097,-0.00123947276734,0.000400141609134,-0.000555616104975,-0.0000541346344107],[-0.000305291236145,0.000501451257151,-0.000683169579133,0.00346034183167,-0.000427244405728,-0.000856876198668,0.000761607778259,-0.00181749940384,-0.000361483485904,0.000563152425457,-0.00101938506123,0.00102768221404,-0.000663847604301],[0.000565460009966,-0.000776064000092,0.000699726107996,-0.000427244405728,0.00677255168557,-0.000266407267191,-0.00261181686074,-0.000153858607518,0.000434179033618,0.00151068472769,0.000201704766368,-0.00125784147531,0.000258356158156],[-0.000347838329617,0.000337631179718,-0.000253565260209,-0.000856876198668,-0.000266407267191,0.0084051322192,-0.00225260294974,-0.00119396229275,-0.000482430361444,-0.00142657407559,0.00257214019075,0.000393688387703,-0.00105925183743],[0.00019207924197,-0.0000593077929807,-0.000754489738028,0.000761607778259,-0.00261181686074,-0.00225260294974,0.0118446713313,-0.003392633982,-0.0020651477389,0.00134085013997,-0.000431519147241,0.000346225104295,0.0000374236005882],[-0.000144877907587,0.000678944052197,0.000478615809698,-0.00181749940384,-0.000153858607518,-0.00119396229275,-0.003392633982,0.0136207081378,-0.0022903860081,-0.000414860929595,-0.000766792916693,-0.00158793863375,0.00100049527828],[0.000089758032118,-0.000150679392391,-0.000693491951097,-0.000361483485904,0.000434179033618,-0.000482430361444,-0.0020651477389,-0.0022903860081,0.0164663866162,-0.0051052342169,-0.000355618132744,0.00210508913733,-0.00175733328797],[-0.000369866465917,0.000756927358452,-0.00123947276734,0.000563152425457,0.00151068472769,-0.00142657407559,0.00134085013997,-0.000414860929595,-0.0051052342169,0.0183175355196,-0.00527217006311,-0.00016556182527,-0.000963538594078],[0.000209329795325,-0.000579829094931,0.000400141609134,-0.00101938506123,0.000201704766368,0.00257214019075,-0.000431519147241,-0.000766792916693,-0.000355618132744,-0.00527217006311,0.0205407459289,-0.00676422566175,0.000717969262041],[-0.0000840367792989,0.000492232909892,-0.000555616104975,0.00102768221404,-0.00125784147531,0.000393688387703,0.000346225104295,-0.00158793863375,0.00210508913733,-0.00016556182527,-0.00676422566175,0.0238123312593,-0.00985807366669],[-0.000101152923889,0.000036831588659,-0.0000541346344107,-0.000663847604301,0.000258356158156,-0.00105925183743,0.0000374236005882,0.00100049527828,-0.00175733328797,-0.000963538594078,0.000717969262041,-0.00985807366669,0.0226525887847]],"mean":[-808.744506836,165.545288086,13.4280519485,34.6734428406,7.68931102753,11.2333240509,-3.61255550385,0.855396747589,-3.45064091682,-2.28389811516,-1.88223624229,-2.11219477654,-0.593916237354]},"pitch_salience":{"dmean":0.0741057172418,"dmean2":0.126772895455,"dvar":0.00406205607578,"dvar2":0.0122318631038,"max":0.996097028255,"mean":0.531084239483,"median":0.554479002953,"min":0.0298396870494,"var":0.0195220708847},"silence_rate_20dB":{"dmean":0,"dmean2":0,"dvar":0,"dvar2":0,"max":1,"mean":1,"median":1,"min":1,"var":0},"silence_rate_30dB":{"dmean":0.0147857842967,"dmean2":0.0295742023736,"dvar":0.0145668284968,"dvar2":0.0338670238853,"max":1,"mean":0.978535830975,"median":1,"min":0,"var":0.0210017580539},"silence_rate_60dB":{"dmean":0.0338469743729,"dmean2":0.067699983716,"dvar":0.032707169652,"dvar2":0.0755830928683,"max":1,"mean":0.376113295555,"median":0,"min":0,"var":0.234654828906},"spectral_centroid":{"dmean":137.104553223,"dmean2":206.804000854,"dvar":47934.421875,"dvar2":87212.5859375,"max":11586.515625,"mean":695.054077148,"median":491.157470703,"min":146.170394897,"var":560955.125},"spectral_complexity":{"dmean":1.73011493683,"dmean2":2.72688412666,"dvar":6.77352428436,"dvar2":13.3203983307,"max":60,"mean":9.90167427063,"median":4,"min":0,"var":141.939422607},"spectral_contrast_coeffs":{"dmean":[0.0496806278825,0.0429176688194,0.0333492569625,0.0281537957489,0.0249556545168,0.0332359299064],"dmean2":[0.0829270705581,0.0699937790632,0.0549037642777,0.0464110821486,0.0403077118099,0.0524890646338],"dvar":[0.00160737440456,0.00116219895426,0.000714324007276,0.000528947042767,0.000459894043161,0.00122081569862],"dvar2":[0.00453843083233,0.00306893675588,0.00192264805082,0.0013854947174,0.00117756274994,0.0029050221201],"max":[-0.372391134501,-0.427823632956,-0.585055053234,-0.618541538715,-0.642631053925,-0.37838613987],"mean":[-0.672355473042,-0.770367801189,-0.834572315216,-0.847692191601,-0.846617937088,-0.792070448399],"median":[-0.673780918121,-0.77297437191,-0.836104154587,-0.842147946358,-0.837230503559,-0.82778263092],"min":[-0.974015235901,-0.9964453578,-0.998856127262,-0.989654541016,-0.9881772995,-0.965317368507],"var":[0.00910314358771,0.00444591604173,0.00306509830989,0.00318711716682,0.00347150699235,0.00891988165677]},"spectral_contrast_valleys":{"dmean":[0.370403677225,0.357805967331,0.355848282576,0.367244571447,0.400954455137,0.631667554379],"dmean2":[0.623314857483,0.583912849426,0.579720973969,0.593778908253,0.633279919624,1.03355360031],"dvar":[0.10446908325,0.0943379625678,0.111843131483,0.153760656714,0.186116337776,0.302153736353],"dvar2":[0.266561418772,0.234741955996,0.281600475311,0.390505731106,0.458496391773,0.780641913414],"max":[-5.01080417633,-4.55580329895,-5.35742282867,-5.62218523026,-5.10947561264,-9.07832336426],"mean":[-7.89136886597,-7.69216680527,-8.4960231781,-9.00024032593,-9.28366088867,-12.2521915436],"median":[-7.66949748993,-7.54947471619,-8.4810295105,-9.0464630127,-9.41719722748,-12.0995750427],"min":[-28.2274169922,-27.7924537659,-27.8671321869,-27.5496330261,-27.4897918701,-27.4012508392],"var":[3.39210057259,3.64751982689,3.56052851677,3.7236533165,3.9406607151,2.44470643997]},"spectral_decrease":{"dmean":1.36651712168e-9,"dmean2":2.2148485268e-9,"dvar":8.81722172449e-18,"dvar2":2.2491121919e-17,"max":9.68275681856e-10,"mean":-3.82032272483e-9,"median":-1.02534780666e-9,"min":-6.11783690374e-8,"var":4.02773397755e-17},"spectral_energy":{"dmean":0.00537007115781,"dmean2":0.00865648128092,"dvar":0.000135549678816,"dvar2":0.000340386934113,"max":0.260066390038,"mean":0.0193183608353,"median":0.00563964061439,"min":1.02601277905e-20,"var":0.000883451313712},"spectral_energyband_high":{"dmean":0.000092288471933,"dmean2":0.000125220918562,"dvar":1.38685976481e-7,"dvar2":2.25892435424e-7,"max":0.0186528712511,"mean":0.000269592797849,"median":0.00000705110051058,"min":7.22077218309e-21,"var":6.02363456892e-7},"spectral_energyband_low":{"dmean":0.00302109401673,"dmean2":0.00500592123717,"dvar":0.0000557565799681,"dvar2":0.000144155841554,"max":0.151881963015,"mean":0.0067725921981,"median":0.00173112656921,"min":1.34551097889e-23,"var":0.000171812076587},"spectral_energyband_middle_high":{"dmean":0.000570915581193,"dmean2":0.00085030432092,"dvar":0.00000242654255089,"dvar2":0.00000502231296196,"max":0.0490020811558,"mean":0.00188330037054,"median":0.0000887288406375,"min":1.26186483224e-21,"var":0.0000154564240802},"spectral_energyband_middle_low":{"dmean":0.00320459739305,"dmean2":0.00502466643229,"dvar":0.0000563166322536,"dvar2":0.000141363285366,"max":0.186494648457,"mean":0.00849983282387,"median":0.00163280079141,"min":1.77289357146e-22,"var":0.00023449632863},"spectral_entropy":{"dmean":0.280690580606,"dmean2":0.443954348564,"dvar":0.0864929035306,"dvar2":0.229457169771,"max":9.82417488098,"mean":7.02114009857,"median":7.09210395813,"min":4.9331202507,"var":0.371493846178},"spectral_flux":{"dmean":0.0116128874943,"dmean2":0.019031284377,"dvar":0.000249158678344,"dvar2":0.000615453987848,"max":0.399283885956,"mean":0.0552414692938,"median":0.0355337336659,"min":6.4484056983e-11,"var":0.00264789955691},"spectral_kurtosis":{"dmean":6.02351665497,"dmean2":9.80097579956,"dvar":72.9110107422,"dvar2":196.215621948,"max":131.399765015,"mean":18.59724617,"median":14.6450395584,"min":-1.25725436211,"var":147.744644165},"spectral_rms":{"dmean":0.000481254566694,"dmean2":0.000779816415161,"dvar":4.0578126459e-7,"dvar2":0.00000101484363313,"max":0.0159286931157,"mean":0.00331331184134,"median":0.00234565325081,"min":3.16383941615e-12,"var":0.00000786910004535},"spectral_rolloff":{"dmean":4587.32421875,"dmean2":8951.77148438,"dvar":64841496,"dvar2":169385360,"max":22050,"mean":9291.296875,"median":1981.0546875,"min":21.533203125,"var":101983648},"spectral_skewness":{"dmean":0.482279479504,"dmean2":0.766494393349,"dvar":0.347507089376,"dvar2":0.91105723381,"max":9.74194526672,"mean":3.009141922,"median":2.82381534576,"min":-0.0722097381949,"var":1.16844427586},"spectral_spread":{"dmean":583611.875,"dmean2":931501.875,"dvar":474730496000,"dvar2":1130910842880,"max":43101872,"mean":3920725.25,"median":3671630.5,"min":1295711.75,"var":5154827927550},"spectral_strongpeak":{"dmean":0.963528096676,"dmean2":1.80998146534,"dvar":23.0745887756,"dvar2":67.8095016479,"max":71.301902771,"mean":0.833469986916,"median":0.125052839518,"min":0,"var":16.8611030579},"zerocrossingrate":{"dmean":0.0367463938892,"dmean2":0.0478514321148,"dvar":0.00102804694325,"dvar2":0.00167212018277,"max":0.85986328125,"mean":0.232578337193,"median":0.2275390625,"min":0,"var":0.0100801950321}},"metadata":{"audio_properties":{"analysis_sample_rate":44100,"bit_rate":110180,"codec":"mp3","downmix":"mix","equal_loudness":0,"length":260.67590332,"lossless":false,"md5_encoded":"0d50bb465078a444d1224c3f4837e7f7","replay_gain":-1.26040077209},"tags":{"album":["...And Then There Were Three..."],"albumartist":["Genesis"],"artist":["Genesis"],"composer":["Mike Rutherford"],"date":["2001","1978"],"file_name":"09 - Genesis - Say It's Alright Joe.mp3","genre":["Progressive Rock"],"label":["Virgin"],"musicbrainz album artist":["usicBra"],"musicbrainz album artist sortname":["usicBra"],"musicbrainz album status":["usicBrai"],"musicbrainz album type":["usicB"],"musicbrainz non-album":["u"],"musicbrainz_albumartistid":["usicBrainz Album Artist Id"],"musicbrainz_albumid":["usicBrainz Album Id"],"musicbrainz_artistid":["usicBrainz Artist Id"],"musicbrainz_recordingid":["92346eca-808e-47b3-bc79-5e57f698924f"],"musicip_puid":[""],"originaldate":["1978"],"title":["Say It's Alright Joe"],"tracknumber":["9/11"]},"version":{"essentia":"2.1-beta1","essentia_build_sha":"ab033649a6180e58ab3ffa3648ee50b8e9460706","essentia_git_sha":"v2.1_beta1-8-g0ed32f5-dirty","extractor":"music 1.0"}},"rhythm":{"beats_count":496,"beats_loudness":{"dmean":0.009017967619,"dmean2":0.0158790629357,"dvar":0.000264009548118,"dvar2":0.000787863216829,"max":0.152889847755,"mean":0.02040255256,"median":0.0063188103959,"min":9.50724610149e-10,"var":0.000960467907134},"beats_loudness_band_ratio":{"dmean":[0.165968522429,0.151821181178,0.0648366585374,0.0240064691752,0.027662338689,0.0793130025268],"dmean2":[0.279966235161,0.260910511017,0.113853648305,0.041173543781,0.0509426556528,0.137755155563],"dvar":[0.019837288186,0.0183653626591,0.00843890756369,0.000828130228911,0.00365499313921,0.00478710001335],"dvar2":[0.0516549162567,0.0505390390754,0.02