{"lowlevel":{"average_loudness":0.801809072495,"barkbands":{"dmean":[0.000203386734938,0.00322915799916,0.00423301011324,0.00187394779641,0.0020376087632,0.00111597205978,0.000797882385086,0.000485677039251,0.000670470122714,0.000248633819865,0.000138802686706,0.000189539248822,0.000145909798448,0.000225822688662,0.000192531282664,0.000182628573384,0.000165474339155,0.0000777529858169,0.0000875754849403,0.0000728365848772,0.0000399321361328,0.0000325679429807,0.0000390801724279,0.0000547415511392,0.0000247795378527,0.0000237455460592,0.000011841041669],"dmean2":[0.000290606723865,0.00544245773926,0.00708082737401,0.00323937297799,0.00336481141858,0.0017563997535,0.00125460396521,0.000762716343161,0.00104613346048,0.000373990711523,0.000220136818825,0.000306531204842,0.000224544317462,0.000359741563443,0.000299623323372,0.0002966967877,0.000267734925728,0.000127229563077,0.000140828327858,0.000110548819066,0.0000609930357314,0.0000475271735922,0.0000568698633288,0.0000762909548939,0.0000360629601346,0.0000375930394512,0.000019532873921],"dvar":[4.1371256998e-7,0.000073895076639,0.0000565177870158,0.0000100755578387,0.0000159224000527,0.00000674997545502,0.00000513231179866,0.00000268012672677,0.00000586888609178,7.49189496219e-7,2.57865735875e-7,4.88616706207e-7,1.55749376063e-7,2.78143204469e-7,2.30527732015e-7,8.94932767892e-8,7.77379227657e-8,2.37742767695e-8,3.39532064686e-8,3.25199174256e-8,1.77351058284e-8,1.99885210606e-8,3.38358923102e-8,7.64389014307e-8,6.86093404312e-9,6.14179507252e-9,1.82167569918e-9],"dvar2":[8.21309583898e-7,0.000199255882762,0.000158811992151,0.0000296000253002,0.0000428968851338,0.0000166044483194,0.0000116127457659,0.00000647413571642,0.0000141652972161,0.00000160047432018,5.434525292e-7,0.00000123951201658,3.39155860729e-7,6.46287219297e-7,5.43372664197e-7,2.24142738148e-7,1.96643412664e-7,6.14948660882e-8,8.02028168323e-8,6.86184833398e-8,3.86025575949e-8,4.25448796193e-8,6.30862189155e-8,1.33718771167e-7,1.27913200032e-8,1.49485757106e-8,4.53295267988e-9],"max":[0.0105754854158,0.128766685724,0.123435609043,0.0503598712385,0.0641955286264,0.0604299753904,0.0793827474117,0.0306086651981,0.0658243373036,0.0365677662194,0.0173127558082,0.0277085080743,0.0112169273198,0.0179658532143,0.0204347930849,0.0061799553223,0.00615811208263,0.00434904685244,0.00890665873885,0.0048884851858,0.00359013536945,0.00569413974881,0.00834255386144,0.0120596829802,0.00339985126629,0.00156549364328,0.000850439537317],"mean":[0.000249195203651,0.00450955284759,0.00815740693361,0.00293759955093,0.00372444489039,0.00210687308572,0.00159382575657,0.00069916783832,0.00108097319026,0.00044596218504,0.000224598057684,0.00033079989953,0.000287847215077,0.000460810755612,0.00045219407184,0.000454075809103,0.000398322095862,0.000190239225049,0.000227432625252,0.000145532612805,0.0000653871102259,0.0000456368798041,0.0000587708709645,0.0000808139957371,0.0000350929403794,0.0000228078351938,0.00000956186249823],"median":[0.0000204151911021,0.00169312953949,0.00399351865053,0.00147900171578,0.00216823886149,0.000850689946674,0.000569220399484,0.000165184901562,0.000226274947636,0.00014992809156,0.0000874811448739,0.00015912107483,0.000132890389068,0.000258300744463,0.000221694383072,0.000329577858793,0.000289745570626,0.000136619288241,0.000176956949872,0.0000648132554488,0.0000210854159377,0.00000459882494397,0.00000499344878335,0.00000760898910812,0.00000496220036439,0.00000157228441822,2.00814440632e-7],"min":[2.9911312899e-25,2.20967847883e-24,1.2561746113e-24,1.2505184786e-24,7.931968003e-24,1.15500312131e-23,1.9265846595e-23,1.6222793565e-23,2.31252176228e-23,1.98000821326e-23,1.23594656108e-23,4.65152116753e-23,3.26407670951e-23,3.43984817206e-23,4.02287254791e-23,5.13204158845e-23,5.74044109527e-23,8.63582819906e-23,1.49315175622e-22,1.91667754471e-22,2.73741751818e-22,2.8875850801e-22,4.55710833802e-22,5.20126867673e-22,9.91997965191e-22,1.43770361933e-21,2.1323094546e-21],"var":[5.86844976169e-7,0.0000730597603251,0.000118500116514,0.0000159514002007,0.0000234456656472,0.0000148815061038,0.0000122046585602,0.00000379975358555,0.00000896422534424,0.00000146510171817,4.2621979901e-7,6.28373356903e-7,3.41563691109e-7,6.81882909248e-7,0.00000122072424347,2.85659979227e-7,2.38429606725e-7,7.00533817621e-8,8.61047197986e-8,8.53905817166e-8,3.31086340566e-8,3.50138691374e-8,6.80938541109e-8,1.62188015906e-7,1.40461766662e-8,6.04100103274e-9,1.58740642853e-9]},"barkbands_crest":{"dmean":2.37034583092,"dmean2":3.90257930756,"dvar":4.68387699127,"dvar2":12.697511673,"max":25.5855770111,"mean":10.614235878,"median":9.98190975189,"min":2.62980628014,"var":15.9240245819},"barkbands_flatness_db":{"dmean":0.022373829037,"dmean2":0.0335620008409,"dvar":0.000506028183736,"dvar2":0.00108242023271,"max":0.472960531712,"mean":0.165358588099,"median":0.152535691857,"min":0.028834214434,"var":0.00400985730812},"barkbands_kurtosis":{"dmean":4.61673259735,"dmean2":7.45600748062,"dvar":82.5929412842,"dvar2":215.219848633,"max":232.500762939,"mean":9.10445404053,"median":3.96863293648,"min":-1.92640531063,"var":214.518814087},"barkbands_skewness":{"dmean":0.587240457535,"dmean2":0.918264448643,"dvar":0.471245080233,"dvar2":1.12694990635,"max":12.5787296295,"mean":2.20503044128,"median":1.98091173172,"min":-4.73032665253,"var":2.0937974453},"barkbands_spread":{"dmean":4.51490592957,"dmean2":6.93596887589,"dvar":49.7030029297,"dvar2":98.1746749878,"max":98.8491363525,"mean":17.1075439453,"median":15.451713562,"min":0.516055345535,"var":157.955596924},"dissonance":{"dmean":0.0147816967219,"dmean2":0.0240284781903,"dvar":0.000271902390523,"dvar2":0.000678588170558,"max":0.5,"mean":0.462661057711,"median":0.47389921546,"min":0.221451103687,"var":0.00121126521844},"dynamic_complexity":5.08960294724,"erbbands":{"dmean":[0.0771418511868,0.832564115524,4.06574249268,5.96160030365,5.41096258163,8.072473526,7.94097709656,8.93281173706,11.6942596436,8.84238243103,11.691734314,15.5864391327,8.49636363983,6.75735235214,5.63794803619,7.4220290184,6.50130653381,9.14172363281,11.813331604,8.33130264282,11.1124267578,7.37023305893,4.14556837082,4.64464044571,4.19401359558,3.32684922218,1.98776078224,1.34564495087,1.17225849628,1.01205360889,1.21150922775,1.19262421131,0.857533574104,0.323365747929,0.164353772998,0.0992667526007,0.0433967225254,0.0119587862864,0.00180859607644,0.000121174467495],"dmean2":[0.126473784447,1.42867612839,6.85237693787,10.1727247238,9.08031177521,13.4863233566,12.2182807922,14.2057704926,18.4474258423,13.692735672,18.0139541626,24.2797794342,12.9051828384,10.3176412582,8.91345882416,11.7851448059,9.895154953,14.2743406296,18.4952373505,12.900346756,18.0387649536,11.8556756973,6.75868368149,7.55516958237,6.61253881454,5.02688074112,3.04534649849,2.04004859924,1.73532688618,1.47082495689,1.75023591518,1.69643855095,1.19297897816,0.468783766031,0.241007223725,0.151526853442,0.0702541023493,0.0201773568988,0.00301728839986,0.000194625972654],"dvar":[0.0657419711351,4.4344086647,60.4664421082,90.6904907227,98.1012115479,271.564239502,334.521484375,501.613067627,1161.22961426,698.877075195,1618.28100586,3236.89453125,1001.14068604,600.961425781,414.220489502,744.504394531,311.129089355,466.884460449,805.374633789,377.788818359,294.343109131,175.480697632,67.3767700195,110.7605896,72.2593917847,74.7238922119,40.4285888672,21.7436504364,27.2779979706,17.8955802917,35.6185684204,36.9125862122,19.9733943939,1.71078193188,0.264048218727,0.104337058961,0.0218211729079,0.00189878919628,0.0000437890339526,1.66817230252e-7],"dvar2":[0.167638704181,12.4749526978,169.43057251,260.612884521,271.820953369,741.048034668,764.049987793,1257.94311523,2552.59570312,1625.28894043,3826.11035156,7619.73974609,2217.72851562,1250.37841797,965.23260498,1868.88256836,678.252990723,1103.12780762,1903.9206543,876.040710449,748.741821289,433.948669434,170.981048584,270.179229736,162.76914978,157.256286621,92.5636978149,44.4179039001,61.2512550354,32.6628112793,68.4828186035,70.8982315063,34.4349899292,3.04757475853,0.529554188251,0.242442116141,0.054233469069,0.00497176870704,0.000110612032586,3.95758974037e-7],"max":[3.36764526367,29.8163909912,119.204582214,129.664810181,160.266159058,263.592712402,489.66784668,554.364807129,1230.7232666,675.398193359,894.696350098,1701.01708984,1369.73181152,1209.05126953,551.66003418,1093.49291992,568.921264648,669.784362793,1255.01708984,815.606018066,338.228851318,342.376739502,268.174957275,461.227264404,299.00012207,233.084014893,152.415817261,139.231460571,207.519058228,146.926055908,269.7840271,232.814941406,208.293258667,58.5120162964,22.5825958252,7.63796424866,2.05672860146,0.735711634159,0.140417784452,0.00754087418318],"mean":[0.0964801609516,1.25229299068,8.13185405731,10.78860569,9.24503135681,13.8911371231,15.9194755554,16.328578949,23.7631034851,15.8002300262,19.2224674225,25.5015125275,14.8021717072,12.8758792877,10.2183218002,13.4665403366,13.8381261826,19.5065841675,27.6088905334,20.7884788513,29.4626502991,20.4303703308,11.2522172928,11.8320407867,10.4852180481,6.79574775696,3.36905574799,2.1271944046,1.62740695477,1.51477766037,1.79496908188,1.71467518806,1.25239050388,0.471439629793,0.221680700779,0.108915887773,0.0389760062099,0.00952531583607,0.00145904661622,0.000128041094285],"median":[0.0261800475419,0.552972197533,3.95521402359,6.8992357254,6.10326385498,7.36904525757,6.73387813568,6.41274929047,9.00808334351,5.54058170319,4.93278408051,5.56139135361,4.30710029602,5.41218948364,4.92782497406,6.54448413849,6.68584775925,11.4381017685,14.3616466522,12.2350597382,22.7878475189,15.9117774963,8.17291069031,9.00377559662,7.42883110046,3.01302242279,1.19878339767,0.593672513962,0.188574895263,0.132544383407,0.148215442896,0.158896774054,0.121384620667,0.065977409482,0.0294348709285,0.0101384203881,0.0020616191905,0.000299759383779,0.0000478200199723,0.0000322783380398],"min":[6.4170180636e-23,5.96225565518e-22,1.91156188903e-21,3.55661531276e-21,1.99246322255e-20,3.16763257957e-20,5.00922452074e-20,1.251494023e-19,2.07339980819e-19,3.96591201851e-19,3.95615619867e-19,5.51390738112e-19,6.68571935421e-19,9.24337938581e-19,7.36096343185e-19,2.10261122623e-18,2.16767601244e-18,1.71650378901e-18,3.52689671345e-18,3.54893735446e-18,3.94114173318e-18,4.78019900497e-18,6.43704425345e-18,8.53434498015e-18,7.24246670717e-18,8.7404271036e-18,9.34801111585e-18,9.90354726961e-18,9.69554112405e-18,1.22447182117e-17,1.19003033657e-17,1.17574426564e-17,9.31411490871e-18,7.54253557336e-18,6.74490805614e-18,4.93106889048e-18,2.69189035191e-18,1.08627870602e-18,2.680563044e-19,3.0170915242e-20],"var":[0.0603031367064,4.32440233231,120.547492981,155.135955811,121.260070801,379.848022461,940.858398438,928.151977539,2811.38305664,1282.90771484,2628.11401367,5048.56982422,1916.90783691,1060.58422852,642.36920166,1001.86621094,738.094848633,1027.1739502,4480.11132812,1047.41931152,1096.26135254,607.144897461,240.779098511,261.129058838,190.776275635,195.528549194,71.1465911865,41.5843276978,43.8425674438,38.3049964905,68.0682296753,69.0350494385,43.454284668,3.67473316193,0.462486863136,0.121189236641,0.0197150502354,0.00148131779861,0.0000369498229702,1.62986921737e-7]},"erbbands_crest":{"dmean":2.00643515587,"dmean2":3.28121089935,"dvar":4.19960260391,"dvar2":10.6419935226,"max":32.905921936,"mean":7.87176084518,"median":6.83992004395,"min":2.45927357674,"var":14.5613288879},"erbbands_flatness_db":{"dmean":0.017735812813,"dmean2":0.024459188804,"dvar":0.000359130295692,"dvar2":0.000676498224493,"max":0.501368939877,"mean":0.162408545613,"median":0.159854084253,"min":0.0301574449986,"var":0.00224284385331},"erbbands_kurtosis":{"dmean":0.870815098286,"dmean2":1.35443007946,"dvar":2.79853725433,"dvar2":5.93811607361,"max":53.6829071045,"mean":0.531961798668,"median":-0.482887029648,"min":-1.90203285217,"var":10.7934741974},"erbbands_skewness":{"dmean":0.32314658165,"dmean2":0.487542212009,"dvar":0.132586762309,"dvar2":0.257907450199,"max":6.10071563721,"mean":0.23346541822,"median":0.0993357747793,"min":-5.01571941376,"var":0.997659385204},"erbbands_spread":{"dmean":7.53514432907,"dmean2":11.633313179,"dvar":105.609321594,"dvar2":237.490005493,"max":191.274597168,"mean":40.6617469788,"median":39.8586578369,"min":1.6161724329,"var":295.998718262},"gfcc":{"cov":[[19852.2070312,-498.865478516,-1681.66052246,712.649963379,-510.417205811,344.181976318,-381.741699219,383.914672852,-224.709564209,68.2618713379,-64.2634811401,103.280303955,-250.733901978],[-498.865478516,1456.08654785,-368.643768311,-151.141433716,325.94329834,-259.319061279,43.1196861267,-46.8587608337,-19.2170467377,-96.7693786621,81.4348831177,-143.146453857,113.526023865],[-1681.66052246,-368.643768311,1225.98852539,-89.9801483154,-148.749099731,216.436767578,10.7983427048,-38.2344894409,24.3452854156,52.9848480225,-66.2275695801,12.5050258636,-14.9814167023],[712.649963379,-151.141433716,-89.9801483154,402.645355225,-20.2391223907,76.1321563721,-7.48710632324,-7.39784288406,20.1373519897,2.38132619858,15.454665184,10.9138813019,30.512140274],[-510.417205811,325.94329834,-148.749099731,-20.2391223907,441.399108887,-100.972312927,68.8337554932,15.922545433,22.3083229065,-2.56284713745,13.3747472763,23.9782772064,17.3910427094],[344.181976318,-259.319061279,216.436767578,76.1321563721,-100.972312927,264.805328369,49.8727798462,33.537727356,24.5087184906,28.4894313812,-31.7755298615,12.2247982025,-24.8500652313],[-381.741699219,43.1196861267,10.7983427048,-7.48710632324,68.8337554932,49.8727798462,187.107177734,19.0173244476,26.0407943726,6.57483816147,-12.8190927505,5.93746757507,0.945286273956],[383.914672852,-46.8587608337,-38.2344894409,-7.39784288406,15.922545433,33.537727356,19.0173244476,133.297775269,15.6644563675,18.3632621765,10.6309175491,-1.24816179276,-6.93566942215],[-224.709564209,-19.2170467377,24.3452854156,20.1373519897,22.3083229065,24.5087184906,26.0407943726,15.6644563675,100.429855347,21.656124115,8.6177072525,8.07116985321,-11.6741313934],[68.2618713379,-96.7693786621,52.9848480225,2.38132619858,-2.56284713745,28.4894313812,6.57483816147,18.3632621765,21.656124115,81.0747375488,6.76606941223,15.6995973587,-6.0429444313],[-64.2634811401,81.4348831177,-66.2275695801,15.454665184,13.3747472763,-31.7755298615,-12.8190927505,10.6309175491,8.6177072525,6.76606941223,78.6875305176,-0.399448096752,15.5387420654],[103.280303955,-143.146453857,12.5050258636,10.9138813019,23.9782772064,12.2247982025,5.93746757507,-1.24816179276,8.07116985321,15.6995973587,-0.399448096752,111.280982971,-13.4488105774],[-250.733901978,113.526023865,-14.9814167023,30.512140274,17.3910427094,-24.8500652313,0.945286273956,-6.93566942215,-11.6741313934,-6.0429444313,15.5387420654,-13.4488105774,82.7621688843]],"icov":[[0.0000907195935724,-0.0000863089589984,0.00014094854123,-0.000166112295119,0.000123235629871,-0.000166047495441,0.000205139309401,-0.000268647796474,0.000262369692791,-0.00019094174786,0.00021718275093,-0.000167940452229,0.000334378972184],[-0.0000863089589984,0.00158012658358,0.0000816607789602,0.000777277222369,-0.00101903616451,0.000461029849248,-0.000471108680358,0.000859164749272,-0.000472670362797,0.00128081219736,-0.00133870879654,0.00187579949852,-0.00168778980151],[0.00014094854123,0.0000816607789602,0.0013653858332,0.000326025765389,0.000188064499525,-0.00123003206681,0.000495532411151,0.000265873706667,0.0000968858148553,-0.000666702864692,0.000703554425854,-0.0000659565266687,-0.000128089624923],[-0.000166112295119,0.000777277222369,0.000326025765389,0.0036656211596,-0.000645021151286,-0.00121221248992,0.0000744774370105,0.00141281704418,-0.00129831454251,0.000952819536906,-0.00134231941774,0.000667400192469,-0.00272582890466],[0.000123235629871,-0.00101903616451,0.000188064499525,-0.000645021151286,0.00363553245552,0.000992208253592,-0.000844412308652,-0.00118178653065,-0.000119113152323,-0.000936039548833,0.00115848053247,-0.00199476745911,0.000860801897943],[-0.000166047495441,0.000461029849248,-0.00123003206681,-0.00121221248992,0.000992208253592,0.00706184050068,-0.00235415808856,-0.00124281598255,-0.000854508660268,-0.000321688217809,0.00105552526657,0.000313916039886,0.000632231880445],[0.000205139309401,-0.000471108680358,0.000495532411151,0.0000744774370105,-0.000844412308652,-0.00235415808856,0.0071212137118,-0.000922401319258,-0.000684788683429,-0.000443023571279,0.00162556639407,-0.000679356453475,0.0000973594942479],[-0.000268647796474,0.000859164749272,0.000265873706667,0.00141281704418,-0.00118178653065,-0.00124281598255,-0.000922401319258,0.00970884039998,-0.00145644310396,-0.000527689408045,-0.00246214447543,0.0017540352419,-0.00126249808818],[0.000262369692791,-0.000472670362797,0.0000968858148553,-0.00129831454251,-0.000119113152323,-0.000854508660268,-0.000684788683429,-0.00145644310396,0.0124886371195,-0.00301280803978,-0.000943702238146,-0.000692756962962,0.00319987954572],[-0.00019094174786,0.00128081219736,-0.000666702864692,0.000952819536906,-0.000936039548833,-0.000321688217809,-0.000443023571279,-0.000527689408045,-0.00301280803978,0.0156297087669,-0.00291958567686,-0.000117413263069,-0.00150108442176],[0.00021718275093,-0.00133870879654,0.000703554425854,-0.00134231941774,0.00115848053247,0.00105552526657,0.00162556639407,-0.00246214447543,-0.000943702238146,-0.00291958567686,0.0164526253939,-0.00190580880735,-0.00077986944234],[-0.000167940452229,0.00187579949852,-0.0000659565266687,0.000667400192469,-0.00199476745911,0.000313916039886,-0.000679356453475,0.0017540352419,-0.000692756962962,-0.000117413263069,-0.00190580880735,0.0119504574686,-0.000478194153402],[0.000334378972184,-0.00168778980151,-0.000128089624923,-0.00272582890466,0.000860801897943,0.000632231880445,0.0000973594942479,-0.00126249808818,0.00319987954572,-0.00150108442176,-0.00077986944234,-0.000478194153402,0.0167052708566]],"mean":[-52.6822967529,118.949249268,-104.176940918,30.097776413,-34.6460037231,2.27615118027,-43.2177200317,7.37363052368,-24.5824623108,-1.79256808758,-13.8465366364,-12.4497852325,-8.8199672699]},"hfc":{"dmean":4.31647825241,"dmean2":6.39833641052,"dvar":68.8822555542,"dvar2":148.879211426,"max":177.410476685,"mean":14.4726514816,"median":10.6531391144,"min":1.1264399998e-16,"var":236.307296753},"melbands":{"dmean":[0.000763256335631,0.00174425076693,0.000951915280893,0.000511993770488,0.000262007903075,0.000201656614081,0.000172798128915,0.00009579462494,0.000102455582237,0.0000956486910582,0.000042898911488,0.0000290705575026,0.0000190508326341,0.000020555969968,0.0000172885484062,0.0000152583206727,0.0000184582277143,0.0000219394478336,0.0000122877972899,0.0000109523261926,0.0000150043206304,0.00000944669409364,0.00000598737688051,0.00000328478768097,0.00000428370640293,0.00000316834643854,0.00000341074928656,0.00000203676245292,0.00000134754782266,9.54330744207e-7,8.09050277439e-7,6.47930050945e-7,6.7622596589e-7,5.67658389627e-7,7.05534375811e-7,7.55210180614e-7,7.4435172337e-7,6.85427608005e-7,4.24958813028e-7,2.34902927332e-7],"dmean2":[0.0012590844417,0.00295348232612,0.00162586162332,0.000855790218338,0.000411069398979,0.00031987807597,0.000272201694315,0.000149141516886,0.000156667709234,0.000150750012835,0.0000654419563944,0.0000444028446509,0.0000300561951008,0.0000332318086294,0.0000271352328127,0.0000236693904299,0.0000290762436634,0.0000346037959389,0.0000190191840375,0.0000174156793946,0.0000244952861976,0.0000152505253936,0.0000097647698567,0.00000539211941941,0.00000703286150383,0.00000505059870193,0.00000529323096998,0.00000309194570036,0.00000208373990063,0.00000149671052441,0.00000123730035284,9.70060796135e-7,0.00000100074896636,8.41566702547e-7,0.00000103257275441,0.00000108243773411,0.00000108532810827,9.68164840742e-7,6.2537804979e-7,3.48727070332e-7],"dvar":[0.00000500729947817,0.0000121802368085,0.00000228796170632,0.000001074163265,3.0646717164e-7,2.36340653714e-7,2.41435685666e-7,8.32445934407e-8,1.23010181596e-7,1.28618125927e-7,2.54609240358e-8,1.10466329417e-8,4.63819649354e-9,5.30762944706e-9,3.71218300543e-9,1.76310976929e-9,1.88551529945e-9,2.80589240731e-9,9.9933705755e-10,4.73882100227e-10,5.43517952867e-10,2.60070909253e-10,1.40686129413e-10,4.09661679579e-11,9.68278096591e-11,3.90354693014e-11,6.54425610924e-11,2.98060777448e-11,1.74571832684e-11,1.05114987894e-11,9.69344483154e-12,7.53890092714e-12,1.1017149866e-11,5.83325401871e-12,1.25170394882e-11,1.41857272457e-11,1.51545963278e-11,1.35040685231e-11,4.45344108813e-12,7.9378615226e-13],"dvar2":[0.0000130805392473,0.0000343436149706,0.0000065664480644,0.00000292535810331,7.2489649483e-7,5.8700925365e-7,5.36072832347e-7,1.96834506028e-7,2.87388814968e-7,3.1223387964e-7,5.67902169735e-8,2.34765096252e-8,1.00083701327e-8,1.3863407311e-8,7.92253018744e-9,4.00708799475e-9,4.49649339984e-9,6.71612143677e-9,2.18101670058e-9,1.15351894703e-9,1.39480593742e-9,6.49771791927e-10,3.58603230444e-10,1.0387713606e-10,2.38863262503e-10,9.11156913808e-11,1.47106174464e-10,6.29159571663e-11,4.02387741183e-11,2.35937502174e-11,2.08220853753e-11,1.64272848796e-11,2.51473286639e-11,1.08182005021e-11,2.49469351427e-11,2.68598806391e-11,2.98357970274e-11,2.40766070275e-11,8.20270674301e-12,1.55978073339e-12],"max":[0.0337314121425,0.0509349554777,0.019964877516,0.0163427554071,0.012797549367,0.0112999994308,0.0184079147875,0.00681307399645,0.00950807426125,0.0114591373131,0.0068671493791,0.00469441991299,0.0019106460968,0.00266345590353,0.00381932663731,0.00143210403621,0.00133153714705,0.00188221386634,0.000985196442343,0.000651558162645,0.00044562263065,0.000350657181116,0.00034805884934,0.000149168059579,0.000428471714258,0.000246518466156,0.000258755113464,0.000134795714985,0.000105419770989,0.000093598231615,0.000102959202195,0.0000970235851128,0.000130684740725,0.000103251295513,0.000156417227117,0.000171320934896,0.000160328345373,0.000172506959643,0.0000928836889216,0.0000369014051103],"mean":[0.00106326979585,0.00337774888612,0.0017882763641,0.000901862164028,0.000545655901078,0.000375652161893,0.000352581089828,0.000160701805726,0.000170955696376,0.000151208107127,0.0000713302579243,0.0000538452441106,0.0000327837951772,0.0000360827543773,0.0000324918000842,0.0000298522118101,0.0000369253502868,0.0000470016748295,0.0000285272508336,0.0000265498110821,0.0000373695438611,0.0000231620306295,0.0000134108440761,0.0000078763878264,0.00000994598576654,0.00000765701406635,0.00000713266854291,0.00000379811444873,0.00000216756302507,0.00000150969549395,0.00000115653529065,8.76825595242e-7,9.02097610833e-7,8.27281212423e-7,0.00000100868601294,0.0000010839208926,0.00000103505055904,9.75631792244e-7,5.91697983054e-7,3.31949195242e-7],"median":[0.000359004567144,0.00183247262612,0.00122196925804,0.000517327687703,0.000258076557657,0.000148259670823,0.000134864792926,0.0000523597627762,0.000041945164412,0.0000317035446642,0.0000200536451302,0.0000220358779188,0.0000144730847751,0.0000175920504262,0.0000143198203659,0.0000143688703247,0.000020834573661,0.0000235968327615,0.0000145689818964,0.0000172938671312,0.0000280051481241,0.0000169667673617,0.00000861718399392,0.00000568926770939,0.00000728190207155,0.00000563466528547,0.00000397390704165,0.00000139006237987,7.47489821151e-7,5.13970235261e-7,2.4762692874e-7,9.88243229472e-8,7.45002353142e-8,6.87931986931e-8,8.03229411872e-8,8.79841053347e-8,9.52493195427e-8,8.51505177479e-8,6.74353373142e-8,4.73094772246e-8],"min":[6.70548680644e-25,1.46353330694e-24,6.3554253424e-25,1.92995155728e-24,1.55786194133e-24,2.36059881127e-24,3.9786629684e-24,4.46658251018e-24,3.23260841691e-24,3.23104706396e-24,2.42701261645e-24,3.12843400957e-24,1.98635866188e-24,4.73476721339e-24,3.86444892553e-24,2.84062954678e-24,2.35039844533e-24,4.99936378278e-24,3.46323939673e-24,2.95316489364e-24,5.0655022755e-24,3.86169974528e-24,5.31684085409e-24,4.22616413311e-24,6.31963925908e-24,5.06743104042e-24,5.88357824992e-24,5.27951984466e-24,5.35377926597e-24,5.53813842611e-24,5.43050348318e-24,4.6310584312e-24,5.50865632749e-24,6.31397602664e-24,5.46249692049e-24,5.45519877382e-24,6.31854510901e-24,5.09677429951e-24,6.75023543432e-24,5.45377566875e-24],"var":[0.00000498594272358,0.0000195418124349,0.00000375952322429,0.00000142849808071,8.66037908054e-7,4.72889126968e-7,5.87878503211e-7,1.37384958521e-7,2.08334526519e-7,1.87810840657e-7,4.62625067144e-8,1.87042434874e-8,7.88644083372e-9,6.31844443433e-9,7.00293822931e-9,3.52166362738e-9,3.9936893792e-9,1.20812906346e-8,3.63059138309e-9,1.25435095644e-9,1.84925652569e-9,8.01933797145e-10,4.11319700522e-10,1.15377894738e-10,2.0628856956e-10,9.88540638236e-11,1.49058473897e-10,7.68036467758e-11,3.02041829048e-11,1.80346362844e-11,1.64200007757e-11,1.21062933983e-11,1.73600075287e-11,1.2249822684e-11,2.22856177956e-11,2.82980305855e-11,2.65239583769e-11,2.80229346672e-11,9.08237200725e-12,1.52570783698e-12]},"melbands_crest":{"dmean":3.05909562111,"dmean2":5.04649591446,"dvar":7.67858552933,"dvar2":21.0833320618,"max":32.5749740601,"mean":15.8322505951,"median":15.1926136017,"min":1.60507619381,"var":28.3191604614},"melbands_flatness_db":{"dmean":0.0272735785693,"dmean2":0.0409104861319,"dvar":0.000754672451876,"dvar2":0.0015791883925,"max":0.63548129797,"mean":0.256420522928,"median":0.242387413979,"min":0.00460930354893,"var":0.00658170506358},"melbands_kurtosis":{"dmean":10.3108482361,"dmean2":16.6864051819,"dvar":428.149261475,"dvar2":1084.7947998,"max":443.811096191,"mean":22.8204860687,"median":13.3331871033,"min":-1.88455677032,"var":1009.31207275},"melbands_skewness":{"dmean":0.784233689308,"dmean2":1.23636269569,"dvar":0.877082407475,"dvar2":2.15169239044,"max":17.9819431305,"mean":3.45370697975,"median":3.17861104012,"min":-2.85812759399,"var":3.43834662437},"melbands_spread":{"dmean":4.93873548508,"dmean2":7.53722572327,"dvar":83.3120880127,"dvar2":160.200820923,"max":230.361251831,"mean":16.259267807,"median":12.7562379837,"min":0.474487572908,"var":289.134368896},"mfcc":{"cov":[[14577.4150391,270.938995361,-1595.88977051,225.171234131,50.1671524048,-210.121765137,-8.42625808716,182.185653687,-165.44480896,40.6788101196,48.5575904846,177.304290771,-79.553276062],[270.938995361,1643.4609375,-487.45211792,95.7781448364,161.812698364,-154.878112793,114.992210388,-82.1254577637,-13.5853252411,13.5838937759,-47.7186660767,-52.0648574829,-5.89717721939],[-1595.88977051,-487.45211792,1294.58776855,-197.933273315,-80.4859390259,172.507125854,-31.1608467102,-26.1408004761,32.9318466187,75.9241638184,-34.0348548889,-26.0597705841,8.35939311981],[225.171234131,95.7781448364,-197.933273315,289.510131836,90.8137969971,10.5297403336,14.0795593262,-1.40211248398,4.15781593323,-28.1872787476,-17.0713691711,5.38305950165,9.27230739594],[50.1671524048,161.812698364,-80.4859390259,90.8137969971,220.572143555,0.981246948242,10.8574352264,2.45113396645,2.84340071678,5.99955940247,5.49359941483,-9.3843832016,23.06092453],[-210.121765137,-154.878112793,172.507125854,10.5297403336,0.981246948242,224.036483765,14.20429039,47.9803466797,46.0853462219,-10.2167396545,45.3669433594,-18.5081443787,23.0333328247],[-8.42625808716,114.992210388,-31.1608467102,14.0795593262,10.8574352264,14.20429039,142.051635742,15.8292484283,44.6653633118,11.3816995621,6.23942470551,12.6480808258,-9.02038192749],[182.185653687,-82.1254577637,-26.1408004761,-1.40211248398,2.45113396645,47.9803466797,15.8292484283,134.283950806,25.4396286011,0.896368026733,41.4944190979,3.3878030777,16.6575279236],[-165.44480896,-13.5853252411,32.9318466187,4.15781593323,2.84340071678,46.0853462219,44.6653633118,25.4396286011,117.372383118,15.7618589401,28.268611908,4.84694433212,4.73848152161],[40.6788101196,13.5838937759,75.9241638184,-28.1872787476,5.99955940247,-10.2167396545,11.3816995621,0.896368026733,15.7618589401,117.27444458,0.806566298008,8.34251976013,4.31597852707],[48.5575904846,-47.7186660767,-34.0348548889,-17.0713691711,5.49359941483,45.3669433594,6.23942470551,41.4944190979,28.268611908,0.806566298008,108.715995789,12.9701118469,10.8941841125],[177.304290771,-52.0648574829,-26.0597705841,5.38305950165,-9.3843832016,-18.5081443787,12.6480808258,3.3878030777,4.84694433212,8.34251976013,12.9701118469,82.8303527832,1.03222179413],[-79.553276062,-5.89717721939,8.35939311981,9.27230739594,23.06092453,23.0333328247,-9.02038192749,16.6575279236,4.73848152161,4.31597852707,10.8941841125,1.03222179413,86.442489624]],"icov":[[0.0000859743813635,0.00000541930648978,0.000111654335342,-0.00000585113366469,0.00000304515856442,-0.0000395974129788,0.0000305198991555,-0.000124987462186,0.000131594206323,-0.000120391174278,0.0000352960269083,-0.000155550093041,0.000102537567727],[0.00000541930648978,0.00088303576922,0.000290652795229,0.0000594836674281,-0.000487312412588,0.000362202292308,-0.000796850188635,0.00051454862114,0.0000611259529251,-0.000206118056667,0.000117057570606,0.000757919158787,-0.000134935646201],[0.000111654335342,0.000290652795229,0.00137011776678,0.000782363291364,-0.0000750387334847,-0.00111647602171,0.000111203931738,0.000395207025576,-0.0000210543585126,-0.000883551198058,0.000948629982304,-0.0000265928101726,0.0000851600125316],[-0.00000585113366469,0.0000594836674281,0.000782363291364,0.00477816723287,-0.00179923232645,-0.00111518858466,-0.000072308939707,0.000269046955509,-0.000408601074014,0.000739082868677,0.00168453739025,-0.000780656351708,-0.0000892433672561],[0.00000304515856442,-0.000487312412588,-0.0000750387334847,-0.00179923232645,0.00579913984984,0.0000867967391969,0.00000783636551205,-0.000116095456178,0.000182638337719,-0.000636648270302,-0.000801101559773,0.000655067386106,-0.00126229471061],[-0.0000395974129788,0.000362202292308,-0.00111647602171,-0.00111518858466,0.0000867967391969,0.00708456896245,-0.000806197989732,-0.00123592605814,-0.00146012799814,0.00123106990941,-0.0025570935104,0.00217729248106,-0.00122616521548],[0.0000305198991555,-0.000796850188635,0.000111203931738,-0.000072308939707,0.00000783636551205,-0.000806197989732,0.00917183142155,-0.00108169368468,-0.00312275998294,-0.000459428265458,0.000786460528616,-0.00197449233383,0.00146757031325],[-0.000124987462186,0.00051454862114,0.000395207025576,0.000269046955509,-0.000116095456178,-0.00123592605814,-0.00108169368468,0.00962577294558,-0.000803051749244,-0.000146382648381,-0.00236630160362,0.00062985450495,-0.00141244719271],[0.000131594206323,0.0000611259529251,-0.0000210543585126,-0.000408601074014,0.000182638337719,-0.00146012799814,-0.00312275998294,-0.000803051749244,0.0113327456638,-0.00145927467383,-0.0019287308678,-0.000233852202655,0.0000378702497983],[-0.000120391174278,-0.000206118056667,-0.000883551198058,0.000739082868677,-0.000636648270302,0.00123106990941,-0.000459428265458,-0.000146382648381,-0.00145927467383,0.00980626791716,-0.000127086750581,-0.000792670529336,-0.000680753728375],[0.0000352960269083,0.000117057570606,0.000948629982304,0.00168453739025,-0.000801101559773,-0.0025570935104,0.000786460528616,-0.00236630160362,-0.0019287308678,-0.000127086750581,0.0125666074455,-0.00233751512133,-0.000242591282586],[-0.000155550093041,0.000757919158787,-0.0000265928101726,-0.000780656351708,0.000655067386106,0.00217729248106,-0.00197449233383,0.00062985450495,-0.000233852202655,-0.000792670529336,-0.00233751512133,0.0142319649458,-0.000910424743779],[0.000102537567727,-0.000134935646201,0.0000851600125316,-0.0000892433672561,-0.00126229471061,-0.00122616521548,0.00146757031325,-0.00141244719271,0.0000378702497983,-0.000680753728375,-0.000242591282586,-0.000910424743779,0.0128170372918]],"mean":[-696.331542969,149.789932251,-2.30608320236,30.6543369293,22.8352813721,-1.27805233002,3.71190214157,-4.01870059967,-1.65257167816,6.67613983154,-7.19220590591,-1.99961864948,-2.05491685867]},"pitch_salience":{"dmean":0.0718371123075,"dmean2":0.117337904871,"dvar":0.00413519330323,"dvar2":0.0110277216882,"max":0.980091691017,"mean":0.571071386337,"median":0.585262000561,"min":0.122027300298,"var":0.0137726208195},"silence_rate_20dB":{"dmean":0,"dmean2":0,"dvar":0,"dvar2":0,"max":1,"mean":1,"median":1,"min":1,"var":0},"silence_rate_30dB":{"dmean":0.0167239625007,"dmean2":0.0334510318935,"dvar":0.016443695873,"dvar2":0.0423698313534,"max":1,"mean":0.986343383789,"median":1,"min":0,"var":0.0134690739214},"silence_rate_60dB":{"dmean":0.0111493077129,"dmean2":0.0223006866872,"dvar":0.0110237430781,"dvar2":0.0242224279791,"max":1,"mean":0.125232249498,"median":0,"min":0,"var":0.10955106467},"spectral_centroid":{"dmean":194.633102417,"dmean2":295.129516602,"dvar":91325.71875,"dvar2":161937.359375,"max":11661.7753906,"mean":1031.9152832,"median":957.716064453,"min":125.650741577,"var":583603.125},"spectral_complexity":{"dmean":2.58812594414,"dmean2":4.0784239769,"dvar":7.25882959366,"dvar2":16.5320854187,"max":55,"mean":19.0293579102,"median":21,"min":0,"var":147.314956665},"spectral_contrast_coeffs":{"dmean":[0.0465897656977,0.040070284158,0.0320495255291,0.0261171404272,0.0212130323052,0.0177088826895],"dmean2":[0.0771993324161,0.0648643299937,0.0514219477773,0.042078755796,0.0336430706084,0.0275635328144],"dvar":[0.0015155026922,0.00121536292136,0.000736529764254,0.0004745387414,0.000361783109838,0.000275298429187],"dvar2":[0.00408743973821,0.00302477111109,0.00179286452476,0.00115983525757,0.000821381574497,0.000615012249909],"max":[-0.251974910498,-0.372324407101,-0.481559127569,-0.475284039974,-0.592510938644,-0.649951815605],"mean":[-0.610912799835,-0.724229931831,-0.793043851852,-0.79152828455,-0.787270843983,-0.79787260294],"median":[-0.608915328979,-0.732407867908,-0.800252914429,-0.795773983002,-0.782072067261,-0.795476913452],"min":[-0.972121179104,-0.973254024982,-0.97399687767,-0.970651328564,-0.967740118504,-0.962638437748],"var":[0.00764738023281,0.00558449747041,0.00323964795098,0.0023562212009,0.00191912963055,0.0017552630743]},"spectral_contrast_valleys":{"dmean":[0.394663363695,0.328856915236,0.295201897621,0.259905457497,0.25935870409,0.364820122719],"dmean2":[0.645318865776,0.520847499371,0.463172137737,0.399358481169,0.378865659237,0.472491383553],"dvar":[0.136953502893,0.111152134836,0.0949103012681,0.085722759366,0.110484078526,0.200731292367],"dvar2":[0.321850001812,0.238953828812,0.192030325532,0.160873353481,0.187253892422,0.341998398304],"max":[-4.91761541367,-4.40727090836,-4.92714214325,-5.56456375122,-5.75273942947,-7.35740327835],"mean":[-7.35713148117,-7.13608598709,-7.83341884613,-7.99970960617,-8.10564041138,-11.0442371368],"median":[-7.04570484161,-6.77554750443,-7.25776052475,-7.26418113708,-7.41621112823,-10.7902040482],"min":[-28.0705280304,-27.7452049255,-27.8458023071,-27.6010875702,-27.391336441,-27.3610591888],"var":[2.49137473106,2.63377046585,2.91174578667,3.19286584854,3.18184828758,2.78808760643]},"spectral_decrease":{"dmean":2.60109489503e-9,"dmean2":4.26599688907e-9,"dvar":2.08785151169e-17,"dvar2":5.52344129942e-17,"max":1.48408899471e-28,"mean":-7.3346342333e-9,"median":-5.79195935657e-9,"min":-5.94926881092e-8,"var":4.61950295824e-17},"spectral_energy":{"dmean":0.0100910905749,"dmean2":0.0165182724595,"dvar":0.000311971380142,"dvar2":0.000822952191811,"max":0.228393137455,"mean":0.0289952494204,"median":0.0229900851846,"min":9.96739309533e-21,"var":0.000708975014277},"spectral_energyband_high":{"dmean":0.000220345988055,"dmean2":0.000310176110361,"dvar":4.82004224978e-7,"dvar2":8.4291315261e-7,"max":0.0218270942569,"mean":0.000369695859263,"median":0.0000765127770137,"min":7.17365439212e-21,"var":0.00000117113336273},"spectral_energyband_low":{"dmean":0.00735887512565,"dmean2":0.0122995115817,"dvar":0.000208520359593,"dvar2":0.000561759923585,"max":0.18338522315,"mean":0.0148721029982,"median":0.00956681743264,"min":1.53856291288e-23,"var":0.000321873259963},"spectral_energyband_middle_high":{"dmean":0.000901975028683,"dmean2":0.00134271080606,"dvar":0.00000366842209587,"dvar2":0.00000802504109743,"max":0.0439486093819,"mean":0.00350926816463,"median":0.00271051004529,"min":1.19093621517e-21,"var":0.0000172249838215},"spectral_energyband_middle_low":{"dmean":0.00462207291275,"dmean2":0.00754101714119,"dvar":0.0000681885576341,"dvar2":0.000179164329893,"max":0.111587151885,"mean":0.0122596519068,"median":0.00851798057556,"min":2.02755478484e-22,"var":0.000163084754604},"spectral_entropy":{"dmean":0.166661322117,"dmean2":0.237300515175,"dvar":0.0441095270216,"dvar2":0.0788866952062,"max":9.82218074799,"mean":7.29869508743,"median":7.44007587433,"min":4.62359237671,"var":0.348676919937},"spectral_flux":{"dmean":0.0218444969505,"dmean2":0.0339965932071,"dvar":0.000947362976149,"dvar2":0.00192074419465,"max":0.350930958986,"mean":0.0724269524217,"median":0.0617104023695,"min":6.59622911847e-11,"var":0.00276197167113},"spectral_kurtosis":{"dmean":2.68179297447,"dmean2":4.35934829712,"dvar":15.1753044128,"dvar2":37.7422981262,"max":131.744216919,"mean":8.06109714508,"median":6.33737134933,"min":-1.24462819099,"var":80.1859817505},"spectral_rms":{"dmean":0.000801500864327,"dmean2":0.00128068239428,"dvar":0.00000117851800496,"dvar2":0.0000030283868,"max":0.0149272428825,"mean":0.00471130525693,"median":0.00473596341908,"min":3.11837881906e-12,"var":0.00000609182507105},"spectral_rolloff":{"dmean":346.786987305,"dmean2":574.478759766,"dvar":615299.375,"dvar2":1264006.25,"max":19293.75,"mean":1002.90307617,"median":559.86328125,"min":21.533203125,"var":2137182.75},"spectral_skewness":{"dmean":0.305138498545,"dmean2":0.46616217494,"dvar":0.120092757046,"dvar2":0.261097669601,"max":9.74715900421,"mean":1.91262960434,"median":1.77216887474,"min":-0.195790410042,"var":0.777433276176},"spectral_spread":{"dmean":610345.875,"dmean2":847255.25,"dvar":891950071808,"dvar2":1606151307260,"max":41160892,"mean":3918233.75,"median":3440667.5,"min":751248.25,"var":5870078394370},"spectral_strongpeak":{"dmean":0.271392434835,"dmean2":0.461024671793,"dvar":0.214442849159,"dvar2":0.527341127396,"max":10.3207550049,"mean":0.573211729527,"median":0.399278700352,"min":0,"var":0.537207424641},"zerocrossingrate":{"dmean":0.00827279035002,"dmean2":0.00991571135819,"dvar":0.000170197206899,"dvar2":0.000182002040674,"max":0.517578125,"mean":0.0416813641787,"median":0.03515625,"min":0,"var":0.00144625804387}},"metadata":{"audio_properties":{"analysis_sample_rate":44100,"bit_rate":0,"codec":"flac","downmix":"mix","equal_loudness":0,"length":249.906661987,"lossless":true,"md5_encoded":"ee292398cd92126a726aa2a0f37dc7eb","replay_gain":-10.250295639,"sample_rate":44100},"tags":{"album":["Ecstasy"],"albumartist":["Lou Reed"],"albumartistsort":["Reed, Lou"],"artist":["Lou Reed"],"artistsort":["Reed, Lou"],"asin":["B00004S4P9"],"date":["2000-04-03"],"discnumber":["01"],"disctotal":["01"],"file_name":"05_modern_dance.flac","genre":["Rock"],"label":["WEA International"],"language":["English"],"media":["CD"],"musicbrainz_albumartistid":["9d1ebcfe-4c15-4d18-95d3-d919898638a1"],"musicbrainz_albumid":["1d0ae2fd-9a8c-4843-b134-0c7903e73e00"],"musicbrainz_artistid":["9d1ebcfe-4c15-4d18-95d3-d919898638a1"],"musicbrainz_discid":["O4ZM5KDiGQCsFGzS5xXzFh6qSjo-","f_fMHhbIwOcr5SBP95cuAml2egI-","oJE8Eg4ojZgVIfXPGM7mV9jT68Q-"],"musicbrainz_recordingid":["9240d518-a78d-412b-922f-b2db811602d2"],"musicbrainz_releasegroupid":["001c2db4-68d0-34ba-80e0-992628859eba"],"musicip_puid":["046d73db-390a-f388-5a96-c9c286077e21"],"releasecountry":["United Kingdom"],"script":["Latin"],"title":["Modern Dance"],"tracknumber":["05"],"tracktotal":["14"]},"version":{"essentia":"2.1-beta2","essentia_build_sha":"70f2e5ece6736b2c40cc944ad0e695b16b925413","essentia_git_sha":"v2.1_beta2","extractor":"music 1.0"}},"rhythm":{"beats_count":680,"beats_loudness":{"dmean":0.0178120806813,"dmean2":0.0303107853979,"dvar":0.000358510558726,"dvar2":0.000975381757598,"max":0.147656589746,"mean":0.0369701832533,"median":0.0328418835998,"min":7.92883481093e-10,"var":0.00080093118595},"beats_loudness_band_ratio":{"dmean":[0.209772780538,0.150844484568,0.107765838504,0.0479053668678,0.0387968160212,0.0425584428012],"dmean2":[0.356534332037,0.261470198631,0.19028608501,0.0864216387272,0.0673155710101,0.