{"lowlevel":{"average_loudness":0.429065495729,"barkbands":{"dmean":[0.00385153433308,0.0103551987559,0.00471989065409,0.00226591550745,0.00228981417604,0.00133132468909,0.00127589341719,0.00075517402729,0.000906044326257,0.000456249865238,0.000322213716572,0.000267113384325,0.000168906146428,0.0000953390990617,0.000069809218985,0.0000785511147114,0.0000668653519824,0.0000647659471724,0.0000632838418824,0.0000514846869919,0.0000722749100532,0.000108140498924,0.000255507038673,0.000271341035841,0.00000863423883857,0.000343296240317,0.000158379451022],"dmean2":[0.00637399405241,0.0176709201187,0.00798699259758,0.00373911927454,0.00376005796716,0.0021179264877,0.00195991504006,0.00122953334358,0.00139410689007,0.000739300507121,0.000518121407367,0.000431342486991,0.000268509757007,0.000150716470671,0.000111027133244,0.000123184116092,0.000101909950899,0.0000961094701779,0.0000935114439926,0.0000715058267815,0.0000969959364738,0.000142715260154,0.000333045434672,0.000352033734089,0.0000135904319905,0.000435326714069,0.0001940268412],"dvar":[0.0000865689798957,0.000519450521097,0.000105533727037,0.0000195800403162,0.0000232601578318,0.0000114730764835,0.0000130249527501,0.00000292730965157,0.00000472588953926,0.00000292693675874,6.11133145867e-7,3.81927691251e-7,1.71344822775e-7,4.56896458445e-8,2.97931137538e-8,6.26609306664e-8,4.61957192499e-8,3.61046090802e-8,2.48623717169e-8,1.46412419966e-8,1.71513825364e-8,3.83077463084e-8,2.39982057337e-7,2.84475873968e-7,4.12883172096e-10,4.01983157872e-7,6.59980727846e-8],"dvar2":[0.000219329551328,0.00133788015228,0.000273505196674,0.0000500211717736,0.0000600435632805,0.0000259155785898,0.000028208583899,0.00000683254802425,0.00000960899524216,0.0000074535805652,0.00000144212640407,9.27438918552e-7,4.08711088085e-7,1.11030033167e-7,7.30433100671e-8,1.60111326863e-7,1.02727490514e-7,8.30454354173e-8,6.12760189256e-8,2.86831092211e-8,3.26775833059e-8,7.09676299948e-8,4.34356138612e-7,4.97277142131e-7,9.8388142078e-10,6.77295588503e-7,1.03115958439e-7],"max":[0.175154596567,0.444105446339,0.196680337191,0.0976960510015,0.146312698722,0.11858727783,0.159321904182,0.0581909678876,0.139660388231,0.139491692185,0.0210925322026,0.0141617329791,0.011091966182,0.00437107216567,0.00546541344374,0.0120740868151,0.00977313984185,0.00657666567713,0.0062532518059,0.0080506997183,0.00344622693956,0.00368768605404,0.00756583502516,0.00765199260786,0.000481753668282,0.00856961496174,0.00580578902736],"mean":[0.00362712377682,0.0102757299319,0.00508039584383,0.00266278977506,0.0029620276764,0.00165043806192,0.00219589401968,0.00102018634789,0.00144229026046,0.00058403366711,0.000438329705503,0.000369198882254,0.000217042543227,0.000138173083542,0.0000985306978691,0.000129668595036,0.000115727940283,0.000118257397844,0.000107665175165,0.0000853860037751,0.000119767551951,0.000169211751199,0.000360059319064,0.000357250712113,0.00000878673290572,0.000465330405859,0.00031901159673],"median":[0.000968844513409,0.00396722601727,0.00187537248712,0.00102086621337,0.00122506241314,0.000458504975541,0.000576951075345,0.000350863439962,0.000472955318401,0.00021496725094,0.000136496077175,0.000125003891299,0.0000686972343829,0.0000487409924972,0.0000323919157381,0.0000279093110294,0.0000239136297751,0.0000269532138191,0.0000292511504085,0.0000247243151534,0.0000317970334436,0.0000389690758311,0.0000529972676304,0.0000314094650093,0.00000167709572452,0.0000576003876631,0.000127064005937],"min":[4.14513665363e-14,2.70052721369e-14,2.25098857502e-15,5.75436173761e-16,3.11128055251e-15,1.68810718713e-14,6.77219654934e-15,1.28882542727e-14,5.82028660836e-14,2.85158656128e-14,3.03096645547e-14,1.65619860898e-14,7.73131779002e-15,6.49053632563e-14,4.09560115043e-14,9.61454088002e-14,6.1604530071e-14,3.50774198913e-14,8.14824892129e-14,1.55251340755e-13,1.06229125973e-13,2.82854496119e-13,3.27608762601e-13,5.01375579508e-13,6.78858716203e-13,8.75251856668e-13,1.00169211033e-12],"var":[0.0000739832030376,0.000434652436525,0.0000982490018941,0.0000231189333135,0.000028626565836,0.0000185866592801,0.000053723972087,0.0000049728923841,0.0000119844817164,0.00000281144002656,9.96877361104e-7,5.32484648375e-7,2.27978560474e-7,7.32211304921e-8,4.4062510085e-8,1.41830881262e-7,1.33679236569e-7,1.1524770116e-7,6.48208882126e-8,3.3176551284e-8,4.46155752343e-8,8.76468817523e-8,4.67507561552e-7,5.3154451507e-7,4.57517496111e-10,7.85663928582e-7,2.37041746232e-7]},"barkbands_crest":{"dmean":3.21182084084,"dmean2":5.33991765976,"dvar":7.39956235886,"dvar2":19.0431365967,"max":25.7176628113,"mean":10.2892274857,"median":9.52540206909,"min":2.43638300896,"var":16.8451862335},"barkbands_flatness_db":{"dmean":0.0341809727252,"dmean2":0.0509349219501,"dvar":0.000961939629633,"dvar2":0.00213396246545,"max":0.503811478615,"mean":0.146085545421,"median":0.139078378677,"min":0.0226792283356,"var":0.00377463153563},"barkbands_kurtosis":{"dmean":8.46543598175,"dmean2":13.485294342,"dvar":278.522735596,"dvar2":677.106323242,"max":539.48034668,"mean":12.1076993942,"median":7.00643062592,"min":-1.9426882267,"var":423.927429199},"barkbands_skewness":{"dmean":0.9458309412,"dmean2":1.46602189541,"dvar":0.93987673521,"dvar2":2.20892691612,"max":18.0755290985,"mean":2.51129984856,"median":2.25220870972,"min":-3.6213965416,"var":2.42933607101},"barkbands_spread":{"dmean":11.5038032532,"dmean2":16.170331955,"dvar":206.886917114,"dvar2":391.016845703,"max":143.375015259,"mean":27.9362297058,"median":17.3407726288,"min":0.290297359228,"var":679.225585938},"dissonance":{"dmean":0.0271490495652,"dmean2":0.0454691164196,"dvar":0.000724193349015,"dvar2":0.00194125121925,"max":0.500000059605,"mean":0.456599980593,"median":0.466817617416,"min":0.209130778909,"var":0.00138668320142},"dynamic_complexity":4.47222185135,"erbbands":{"dmean":[0.459294468164,1.85831046104,5.11593151093,6.13266992569,7.66685056686,7.71544408798,11.1139802933,10.1731262207,12.522108078,22.7139263153,17.1853733063,18.7839450836,15.9774494171,15.1056127548,12.1579751968,10.257390976,7.75392580032,5.02034091949,3.79535722733,4.12391662598,3.66863656044,3.74636316299,3.42079114914,3.07775592804,3.11733388901,2.63484096527,2.7776620388,3.06315779686,3.52985978127,5.30350828171,7.96286439896,7.29408550262,3.34124946594,0.30224186182,0.0478038564324,0.610245525837,0.868537306786,0.201739132404,0.0196999292821,0.00350563600659],"dmean2":[0.803208172321,3.14525914192,8.60370159149,10.1459283829,12.6730165482,12.8252792358,17.9212398529,16.3203735352,19.5854682922,34.8173141479,27.6592845917,29.1533088684,24.7346038818,24.2858257294,19.4321689606,16.3019618988,12.1932811737,7.80562400818,5.9994559288,6.52072238922,5.66319990158,5.61869096756,5.09448766708,4.5531539917,4.53849458694,3.65627932549,3.77013516426,4.14541053772,4.6758313179,6.99005460739,10.4853954315,9.57427120209,4.39245271683,0.409174144268,0.0665095448494,0.801781713963,1.12013053894,0.25665268302,0.0242590215057,0.00442895712331],"dvar":[1.36774492264,14.3496417999,115.702171326,133.830932617,246.596801758,314.957611084,844.162475586,898.724914551,1416.86010742,5246.87060547,1357.859375,2608.78442383,1185.64929199,3785.25317383,889.749633789,590.069091797,343.826538086,133.380630493,79.6067962646,188.961105347,102.057792664,171.363967896,96.3029098511,74.5057983398,44.9668731689,49.043926239,30.5474357605,29.3400535583,40.8658485413,96.5197677612,240.976852417,212.836669922,44.0798110962,0.359530419111,0.00626974040642,1.37846767902,2.6810297966,0.131391167641,0.00106384616811,0.0000409188469348],"dvar2":[3.66960501671,36.4643516541,298.607391357,346.46282959,631.04510498,811.179870605,2104.22363281,2111.19287109,3076.18505859,11391.3310547,3183.38085938,5376.26123047,2683.54443359,9648.94628906,2118.04125977,1417.0579834,811.324401855,308.808441162,191.725540161,480.731567383,241.293548584,383.048675537,225.899902344,182.884597778,99.4186477661,93.6005477905,61.5953865051,56.2108383179,77.054473877,179.114456177,441.9190979,389.311126709,77.436126709,0.665489435196,0.0116201164201,2.45518136024,4.65268993378,0.231229454279,0.00177205121145,0.0000653529132251],"max":[18.3664188385,80.7618789673,225.324356079,196.023986816,353.50289917,508.262054443,1210.5324707,1093.16784668,1685.92175293,3883.98852539,1195.77087402,3846.85986328,1137.55810547,5173.68652344,964.988891602,663.925109863,436.0859375,270.92276001,315.303161621,777.667480469,357.043365479,614.754943848,359.229217529,340.386657715,246.986206055,517.185302734,180.577301025,101.710968018,145.735122681,143.366958618,250.914199829,206.262680054,97.6764221191,9.28467559814,1.11039721966,19.3290061951,21.6001262665,5.97674226761,0.56980663538,0.150136426091],"mean":[0.396284610033,1.96059608459,5.61829376221,7.55079603195,9.54145431519,9.05619621277,14.4894857407,12.2668571472,19.0514011383,39.5759658813,25.2891902924,29.4191913605,24.3498897552,20.6719417572,17.6144714355,14.6474113464,10.4290742874,7.33161497116,5.830971241,6.50151157379,6.50637578964,6.85912275314,6.41214179993,5.54851770401,5.26064395905,4.36371326447,4.56456899643,4.94728422165,5.56341409683,7.87804937363,10.9910182953,9.60074901581,4.32021141052,0.384103834629,0.0617852061987,0.782084167004,1.15523719788,0.294417113066,0.0351611450315,0.00901366677135],"median":[0.116439767182,0.814139962196,2.28699207306,3.29966449738,3.75974178314,3.42624425888,4.04483604431,3.47472381592,5.71309375763,9.85178565979,9.64631080627,9.88985061646,8.65092086792,7.53977012634,6.17441129684,5.21250867844,3.60446882248,2.60088133812,2.07528209686,1.7268242836,1.45030021667,1.36179947853,1.53762793541,1.3842113018,1.44820284843,1.24625706673,1.21551895142,1.32329797745,1.35365724564,1.4499065876,1.53857922554,0.986664891243,0.308806091547,0.0532546564937,0.0175013653934,0.0610187724233,0.133254796267,0.0605936683714,0.0122283212841,0.00463486928493],"min":[1.43836234156e-12,3.83834197065e-12,3.72882584185e-12,1.77128927845e-12,8.11283418917e-12,1.09623221958e-11,3.90547282014e-11,1.69480221524e-10,9.81461162342e-11,2.08388084566e-10,3.54945267622e-10,1.36664990436e-9,1.06358510887e-9,8.65667815209e-10,1.43140055364e-9,6.24932328108e-10,4.68786509611e-10,2.70214473019e-9,1.84144333115e-9,3.33951089004e-9,5.05716002408e-9,3.51070794657e-9,2.08816497427e-9,2.92261859158e-9,5.59334578654e-9,6.80914613582e-9,4.99134067411e-9,4.86890838758e-9,1.05486783752e-8,6.67049482317e-9,1.03691730757e-8,9.13769682143e-9,1.02873967123e-8,6.39505381983e-9,5.77804426527e-9,3.47667805656e-9,1.58392343685e-9,6.21790841038e-10,1.48147660806e-10,1.24025520756e-11],"var":[0.984799087048,13.3011713028,109.600341797,152.759048462,285.876586914,330.596710205,1720.34973145,1145.40185547,3616.60229492,23393.7675781,2265.26953125,6019.75244141,2388.88818359,3667.76171875,1448.7310791,834.806213379,469.176818848,221.377563477,127.295166016,323.204925537,306.338348389,509.401855469,296.775726318,235.15411377,135.297622681,104.122886658,72.9798049927,72.1333389282,93.7604446411,204.05305481,451.714385986,381.090148926,81.2788009644,0.630270004272,0.011473393999,2.49814677238,5.02496147156,0.268458247185,0.00300327362493,0.000154210443725]},"erbbands_crest":{"dmean":2.58127474785,"dmean2":4.1229596138,"dvar":6.37758827209,"dvar2":15.0262451172,"max":31.5695915222,"mean":8.09838485718,"median":6.87344264984,"min":2.14439535141,"var":19.4512233734},"erbbands_flatness_db":{"dmean":0.0266189929098,"dmean2":0.037450235337,"dvar":0.000696190400049,"dvar2":0.00133587024175,"max":0.342305719852,"mean":0.116097547114,"median":0.105574898422,"min":0.0283937454224,"var":0.00289066485129},"erbbands_kurtosis":{"dmean":1.83073055744,"dmean2":2.81246066093,"dvar":10.9855327606,"dvar2":26.2203044891,"max":169.894805908,"mean":1.57065951824,"median":0.430808186531,"min":-1.83735239506,"var":18.5466766357},"erbbands_skewness":{"dmean":0.530574142933,"dmean2":0.781323552132,"dvar":0.240593701601,"dvar2":0.533627867699,"max":10.8445978165,"mean":0.621684968472,"median":0.609020113945,"min":-2.84909176826,"var":0.945054531097},"erbbands_spread":{"dmean":15.3966150284,"dmean2":21.7442131042,"dvar":278.71887207,"dvar2":510.083374023,"max":165.761306763,"mean":49.1147193909,"median":40.5488586426,"min":1.39994084835,"var":1020.04089355},"gfcc":{"cov":[[13401.6992188,-1939.95996094,-331.70300293,744.965026855,-392.272949219,250.055282593,-109.468490601,318.305725098,27.6013889313,58.2391242981,-126.03956604,243.055206299,-370.138122559],[-1939.95996094,2300.15161133,-247.104324341,-655.760253906,382.694580078,-243.199783325,171.029281616,-215.853607178,59.2501678467,-91.0529251099,95.8060913086,-236.508148193,242.227493286],[-331.70300293,-247.104324341,479.72857666,151.518035889,-174.298233032,217.31060791,-85.4336929321,78.3395080566,-81.570098877,42.8710479736,-11.9690570831,55.3570098877,-48.6957626343],[744.965026855,-655.760253906,151.518035889,528.537109375,53.6646614075,80.1538543701,-27.5798816681,70.6788253784,-24.8486289978,21.93633461,-39.8982009888,89.7077178955,-65.3022994995],[-392.272949219,382.694580078,-174.298233032,53.6646614075,338.289154053,-86.5969543457,92.9593658447,-52.9473495483,35.9929771423,-31.4670715332,12.3131723404,-43.6444473267,70.0561752319],[250.055282593,-243.199783325,217.31060791,80.1538543701,-86.5969543457,270.517700195,-14.5873737335,85.0745620728,-54.2903327942,27.8572292328,-6.49486303329,37.2740020752,-33.5470085144],[-109.468490601,171.029281616,-85.4336929321,-27.5798816681,92.9593658447,-14.5873737335,159.520324707,-2.18510580063,56.4781913757,-17.5380992889,-2.11640810966,-21.3795204163,2.00542807579],[318.305725098,-215.853607178,78.3395080566,70.6788253784,-52.9473495483,85.0745620728,-2.18510580063,156.36151123,25.6796531677,54.5715293884,3.68660759926,16.7832183838,-12.0206689835],[27.6013889313,59.2501678467,-81.570098877,-24.8486289978,35.9929771423,-54.2903327942,56.4781913757,25.6796531677,115.177955627,33.8424835205,20.0000896454,-3.79992747307,-2.78087306023],[58.2391242981,-91.0529251099,42.8710479736,21.93633461,-31.4670715332,27.8572292328,-17.5380992889,54.5715293884,33.8424835205,84.3933029175,41.4912490845,24.0708179474,1.93015491962],[-126.03956604,95.8060913086,-11.9690570831,-39.8982009888,12.3131723404,-6.49486303329,-2.11640810966,3.68660759926,20.0000896454,41.4912490845,69.515953064,23.2654914856,26.8791179657],[243.055206299,-236.508148193,55.3570098877,89.7077178955,-43.6444473267,37.2740020752,-21.3795204163,16.7832183838,-3.79992747307,24.0708179474,23.2654914856,88.7678756714,-5.83077955246],[-370.138122559,242.227493286,-48.6957626343,-65.3022994995,70.0561752319,-33.5470085144,2.00542807579,-12.0206689835,-2.78087306023,1.93015491962,26.8791179657,-5.83077955246,93.775138855]],"icov":[[0.00013019425387,-0.000160731942742,0.00055160629563,-0.000303320033709,0.000298432831187,-0.000246428826358,0.000177970985533,-0.000273668760201,0.000123177087517,-0.000142037344631,0.000325960019836,-0.000483722338686,0.000537360319868],[-0.000160731942742,0.0022636402864,-0.00236811279319,0.00204862654209,-0.00193328142632,0.000883444736246,-0.00105900433846,0.0014056309592,-0.00110086612403,0.00210394104943,-0.00341452937573,0.00410486105829,-0.0031635100022],[0.00055160629563,-0.00236811279319,0.0081537719816,-0.00384038966149,0.00426372746006,-0.00409177597612,0.00192120531574,-0.00160742935259,0.00250799022615,-0.00344694498926,0.00372651452199,-0.00412892084569,0.00377824227326],[-0.000303320033709,0.00204862654209,-0.00384038966149,0.00703572621569,-0.00595521740615,0.00206261221319,-0.000191593571799,-0.000590651412494,0.000646697240882,-0.000531010038685,0.00187962502241,-0.0024187527597,0.000872409262229],[0.000298432831187,-0.00193328142632,0.00426372746006,-0.00595521740615,0.00995422806591,-0.00187357864343,-0.0017731616972,0.00105034199078,-0.000676168478094,0.000673602335155,-0.0012798862299,0.00235916068777,-0.00321575137787],[-0.000246428826358,0.000883444736246,-0.00409177597612,0.00206261221319,-0.00187357864343,0.00852771382779,-0.0027218866162,-0.00276150996797,0.00405003642663,-0.000750405190047,-0.000733296270482,-0.000536197796464,0.00052388291806],[0.000177970985533,-0.00105900433846,0.00192120531574,-0.000191593571799,-0.0017731616972,-0.0027218866162,0.0111807724461,-0.00146243756171,-0.00528726587072,0.00329089188017,0.00150380819105,-0.00236077094451,0.00342418719083],[-0.000273668760201,0.0014056309592,-0.00160742935259,-0.000590651412494,0.00105034199078,-0.00276150996797,-0.00146243756171,0.0130523787811,-0.00438944064081,-0.00450025591999,0.000065858126618,0.00558821111917,-0.00573417078704],[0.000123177087517,-0.00110086612403,0.00250799022615,0.000646697240882,-0.000676168478094,0.00405003642663,-0.00528726587072,-0.00438944064081,0.0194330532104,-0.0106710968539,0.00303201470524,-0.00462470343336,0.00622618896887],[-0.000142037344631,0.00210394104943,-0.00344694498926,-0.000531010038685,0.000673602335155,-0.000750405190047,0.00329089188017,-0.00450025591999,-0.0106710968539,0.0330995805562,-0.0213303007185,0.00686396937817,-0.00403084978461],[0.000325960019836,-0.00341452937573,0.00372651452199,0.00187962502241,-0.0012798862299,-0.000733296270482,0.00150380819105,0.000065858126618,0.00303201470524,-0.0213303007185,0.0386695712805,-0.0182531718165,0.00233068806119],[-0.000483722338686,0.00410486105829,-0.00412892084569,-0.0024187527597,0.00235916068777,-0.000536197796464,-0.00236077094451,0.00558821111917,-0.00462470343336,0.00686396937817,-0.0182531718165,0.0303284153342,-0.010688977316],[0.000537360319868,-0.0031635100022,0.00377824227326,0.000872409262229,-0.00321575137787,0.00052388291806,0.00342418719083,-0.00573417078704,0.00622618896887,-0.00403084978461,0.00233068806119,-0.010688977316,0.0242423135787]],"mean":[-18.1201953888,74.9323654175,-54.3888511658,3.27052474022,-39.5870018005,1.39642572403,-5.01301860809,-7.60063362122,-3.2488155365,-8.84348106384,-10.4810762405,1.29855680466,-18.4598827362]},"hfc":{"dmean":37.557308197,"dmean2":50.3852043152,"dvar":3493.27490234,"dvar2":6192.49462891,"max":1446.5769043,"mean":93.9845352173,"median":63.1997871399,"min":5.08350339601e-8,"var":10410.21875},"melbands":{"dmean":[0.00350838946179,0.00249625393189,0.00110159569886,0.000527390628122,0.000368703651475,0.000231412806897,0.000209475037991,0.000223450668273,0.000144371311762,0.000122144425404,0.0000807311298558,0.0000631621733191,0.0000425024445576,0.0000326913541357,0.0000228461976803,0.0000143390125231,0.00000933157298277,0.00000676702211422,0.0000051114143389,0.00000628739644526,0.00000405551281801,0.00000407019706472,0.0000040128738874,0.00000299152384287,0.00000263486481344,0.0000023814341148,0.00000203561398848,0.00000176117532646,0.0000016239029037,0.00000188710441762,0.0000018223920506,0.00000191951039596,0.0000023701943519,0.0000033124069887,0.00000454158907814,0.00000493027437187,0.00000447855109087,0.0000028090212254,9.40227721458e-7,4.08739495583e-8],"dmean2":[0.00601094588637,0.00415571872145,0.00178969069384,0.00086554948939,0.000593897188082,0.0003695267078,0.000325121509377,0.000343877443811,0.000232874357607,0.000189504338778,0.000125561913592,0.000102187732409,0.0000683081598254,0.0000525169161847,0.0000367708489648,0.0000226754909818,0.0000147575774463,0.0000108694994196,0.00000812374400994,0.0000099563249023,0.00000629822352494,0.00000627802910458,0.00000609624294157,0.0000045077622417,0.00000401327997679,0.00000358626766683,0.00000293576908916,0.00000252129689216,0.00000226733391173,0.00000261716513705,0.00000254396718447,0.00000261656805378,0.00000324485631609,0.0000044980470193,0.00000613062684351,0.00000661408421365,0.00000600884959567,0.00000375710556,0.00000131461888486,6.47640803209e-8],"dvar":[0.0000690174856572,0.0000242348378379,0.00000418903391619,0.00000127367957248,8.09651112377e-7,4.11736863271e-7,3.26496007119e-7,4.54522961491e-7,9.71456728394e-8,9.65508348827e-8,3.06534388983e-8,7.25135933521e-8,1.08067697013e-8,6.03894978468e-9,2.92807089686e-9,1.37114364307e-9,4.57187260272e-10,2.60045429634e-10,1.65274655073e-10,5.47313250276e-10,1.07719798359e-10,2.4040225366e-10,1.1373496589e-10,8.64109270249e-11,5.93126520121e-11,3.30348214062e-11,2.04952877586e-11,2.11469886741e-11,1.13609226193e-11,1.26329823338e-11,1.07533218441e-11,1.23003022698e-11,1.96055931906e-11,3.92726684506e-11,7.86093343197e-11,1.0082353008e-10,8.3356911651e-11,3.20663218201e-11,3.95602517758e-12,6.26714171959e-15],"dvar2":[0.000180061659194,0.0000617066762061,0.0000105637354864,0.00000325094947584,0.00000205462947633,9.45934743868e-7,7.07423680524e-7,9.89459636003e-7,2.25099853424e-7,2.02675479954e-7,6.96508664078e-8,1.85429897215e-7,2.55213521427e-8,1.456739529e-8,7.21811010962e-9,3.28505089797e-9,1.08850883862e-9,6.48383846613e-10,4.06333106051e-10,1.4371633883e-9,2.56547533217e-10,5.51555134898e-10,2.68753796995e-10,2.02932601279e-10,1.52450010948e-10,8.07394984204e-11,4.24955695633e-11,4.11117043186e-11,2.37541323417e-11,2.55597175369e-11,2.1577389181e-11,2.415961875e-11,3.84036101531e-11,7.66283841935e-11,1.49019754869e-10,1.92353258321e-10,1.58406732176e-10,5.82293657736e-11,7.77331324309e-12,1.4411532067e-14],"max":[0.145688533783,0.0920052006841,0.0361504629254,0.0368683561683,0.0367667376995,0.0222171396017,0.0235034506768,0.0351497121155,0.00998197961599,0.0215211585164,0.00573815312237,0.0229549221694,0.00307361292653,0.00191112025641,0.00113953475375,0.0013575310586,0.000559817766771,0.000458796595922,0.000440790492576,0.00134538498241,0.000324597000144,0.000650400121231,0.000316684134305,0.000335664430168,0.000305648369249,0.000200587513973,0.000232722057262,0.000326071953168,0.000122680474306,0.0000797660686658,0.0000658343415125,0.000070148947998,0.0000818113330752,0.000102804639027,0.000139622818097,0.000164209923241,0.000146444654092,0.0000839563945192,0.0000329880058416,0.00000137510119202],"mean":[0.00335349910893,0.00285130366683,0.00143569754437,0.000654687115457,0.000484257965581,0.000282692431938,0.000338449637638,0.000383378355764,0.000205943026231,0.000190143924556,0.000120275915833,0.0000829113487271,0.0000597288744757,0.0000456573870906,0.0000300731117022,0.000018670270947,0.0000130958587761,0.00000994590936898,0.00000718899673302,0.00000990049557004,0.00000680781022311,0.00000693778520144,0.00000672123815093,0.00000528180271431,0.00000439318455392,0.00000388759917769,0.00000332772947331,0.00000275654042525,0.00000262863500211,0.00000293543780572,0.00000283081453745,0.00000294256756206,0.0000035336900055,0.00000473261752632,0.00000620959644948,0.00000648360128253,0.00000572652561459,0.00000356319128514,0.0000011403424196,4.25740971366e-8],"median":[0.00123690650798,0.00131528638303,0.000652979710139,0.000273652432952,0.000146476872033,0.0000792266873759,0.000101004581666,0.000101993544376,0.0000757281741244,0.0000610617207712,0.0000406353210565,0.0000289692579827,0.0000200654649234,0.0000148939579958,0.0000106509050966,0.00000565932350582,0.00000456552970718,0.00000336742186846,0.00000227783561968,0.00000211753558688,0.00000150137589117,0.00000120665936265,0.00000160752847478,0.00000117582987968,0.00000106901404706,0.00000106636525743,9.17075738016e-7,7.74185991759e-7,6.94293248671e-7,7.54076893372e-7,7.42672511933e-7,7.3185066185e-7,7.4652280091e-7,8.11417294244e-7,8.86916723175e-7,7.7543865018e-7,5.01641466144e-7,2.27875091241e-7,8.57100630469e-8,1.1765994401e-8],"min":[1.2162813752e-14,2.99247592309e-15,4.75789417901e-16,7.70420193604e-16,1.13576022095e-15,3.6779923928e-15,1.46709886349e-15,2.42796700375e-15,3.24224857506e-15,9.15995489908e-15,5.22241636465e-15,3.40465676654e-15,4.7091012696e-15,1.99431895728e-15,1.80811528097e-15,6.51393906246e-16,6.09245049158e-15,2.98157482082e-15,4.08207920116e-15,5.13246697136e-15,6.3009590865e-15,3.23194124288e-15,3.10136709066e-15,1.41224850384e-15,2.28583085179e-15,3.49694989999e-15,4.41791717684e-15,4.79235020876e-15,4.72722057489e-15,7.11537268907e-16,3.59380155301e-15,5.73926189302e-15,5.7428787237e-15,2.91258970474e-15,5.07334491868e-15,7.86871246329e-15,4.43992478687e-15,6.51588056785e-15,7.74097396562e-15,4.52751858153e-15],"var":[0.0000543083660887,0.0000239882920141,0.00000519602644999,0.00000140268787163,0.00000157000818035,5.6548253724e-7,0.0000010030885278,0.00000196104110728,1.67939958828e-7,2.24817128469e-7,6.12571326997e-8,6.78503155882e-8,1.78791861316e-8,8.5522531279e-9,3.65090246923e-9,1.91256188664e-9,7.15851322663e-10,3.97927163442e-10,2.52815657298e-10,1.00444108586e-9,3.00152958044e-10,6.33937236039e-10,2.99037239415e-10,2.62455834843e-10,1.55487317466e-10,8.26164067713e-11,5.46210611463e-11,4.17795242846e-11,2.5883401325e-11,2.7940065192e-11,2.4315736924e-11,2.66206015564e-11,4.08234106242e-11,7.6431104501e-11,1.43548756215e-10,1.72940453624e-10,1.41508207929e-10,5.67608633706e-11,6.3233173038e-12,7.46607196369e-15]},"melbands_crest":{"dmean":4.83329629898,"dmean2":8.07735157013,"dvar":17.5394001007,"dvar2":45.9553909302,"max":38.7136268616,"mean":16.6255722046,"median":15.6252412796,"min":2.99901127815,"var":38.1740036011},"melbands_flatness_db":{"dmean":0.0446354486048,"dmean2":0.0656767338514,"dvar":0.00146366003901,"dvar2":0.003207371803,"max":0.632240414619,"mean":0.254590183496,"median":0.25068205595,"min":0.0159451924264,"var":0.00646321754903},"melbands_kurtosis":{"dmean":19.8951683044,"dmean2":32.6007156372,"dvar":1804.8885498,"dvar2":4695.32958984,"max":1718.74145508,"mean":28.4002342224,"median":15.478351593,"min":-1.87578213215,"var":2163.48022461},"melbands_skewness":{"dmean":1.37251842022,"dmean2":2.14256334305,"dvar":2.35858011246,"dvar2":5.79219961166,"max":29.0740203857,"mean":3.69131851196,"median":3.25138616562,"min":-2.36283373833,"var":5.65650320053},"melbands_spread":{"dmean":7.08639097214,"dmean2":10.8757553101,"dvar":137.717132568,"dvar2":301.224822998,"max":262.855407715,"mean":15.6007900238,"median":11.0338535309,"min":0.131724312901,"var":281.147033691},"mfcc":{"cov":[[12495.4042969,-1792.30297852,-261.905212402,472.81338501,-327.704589844,246.136230469,-425.881744385,529.341003418,-317.410583496,402.152648926,-283.235473633,365.593292236,-220.230010986],[-1792.30297852,2376.66552734,-440.979003906,-292.001220703,-3.43999791145,-97.4623794556,124.665107727,-243.719421387,162.039611816,-186.587814331,151.848815918,-183.343170166,139.386611938],[-261.905212402,-440.979003906,716.10748291,-122.557327271,13.2671442032,36.7068023682,35.5832901001,53.8441467285,-74.7995758057,55.2068824768,-43.7539520264,53.5043563843,-66.0106277466],[472.81338501,-292.001220703,-122.557327271,410.595336914,91.0752639771,62.1932525635,-22.8326816559,55.5150642395,8.40101146698,13.9709224701,-9.15445995331,6.88933563232,2.13570833206],[-327.704589844,-3.43999791145,13.2671442032,91.0752639771,184.991668701,34.6413116455,57.312625885,-15.3621196747,25.1154556274,-26.8720283508,6.08576440811,-18.0696220398,15.6421880722],[246.136230469,-97.4623794556,36.7068023682,62.1932525635,34.6413116455,141.268310547,39.5496444702,62.4098396301,-16.8997955322,18.7038269043,-27.852689743,7.99194431305,-12.8593654633],[-425.881744385,124.665107727,35.5832901001,-22.8326816559,57.312625885,39.5496444702,126.833023071,10.1525068283,38.6211242676,-25.9239997864,14.8754739761,-26.0108394623,12.9078483582],[529.341003418,-243.719421387,53.8441467285,55.5150642395,-15.3621196747,62.4098396301,10.1525068283,132.363113403,2.1932952404,59.1860160828,-25.6825695038,36.6941680908,-26.3212089539],[-317.410583496,162.039611816,-74.7995758057,8.40101146698,25.1154556274,-16.8997955322,38.6211242676,2.1932952404,102.746139526,8.48651885986,42.9441184998,-19.5546627045,23.2973480225],[402.152648926,-186.587814331,55.2068824768,13.9709224701,-26.8720283508,18.7038269043,-25.9239997864,59.1860160828,8.48651885986,97.0868682861,15.916059494,47.5704345703,-15.127245903],[-283.235473633,151.848815918,-43.7539520264,-9.15445995331,6.08576440811,-27.852689743,14.8754739761,-25.6825695038,42.9441184998,15.916059494,82.8398513794,15.5692138672,31.7179050446],[365.593292236,-183.343170166,53.5043563843,6.88933563232,-18.0696220398,7.99194431305,-26.0108394623,36.6941680908,-19.5546627045,47.5704345703,15.5692138672,82.5336914062,8.99035835266],[-220.230010986,139.386611938,-66.0106277466,2.13570833206,15.6421880722,-12.8593654633,12.9078483582,-26.3212089539,23.2973480225,-15.127245903,31.7179050446,8.99035835266,67.537689209]],"icov":[[0.000147326165461,-0.0000286139147647,0.000182321266038,-0.0000889942239155,0.0000618246413069,0.00000381721338272,0.000093218703114,-0.000219130699406,0.000263063295279,-0.000386642554076,0.00048894219799,-0.000523025577422,0.00026632056688],[-0.0000286139147647,0.00093741127057,0.000234883409576,0.000679924909491,0.000246601266554,-0.000604120432399,0.0000882648309926,0.000349853449734,-0.000529818295036,0.00103840837255,-0.00163503817748,0.00166856055148,-0.000911455892492],[0.000182321266038,0.000234883409576,0.00246094493195,0.00076946162153,-0.000648788467515,0.000332743220497,-0.00147874001414,0.00000618724698143,0.001682971837,-0.00174607988447,0.00111118122004,-0.00157878559548,0.00170605606399],[-0.0000889942239155,0.000679924909491,0.00076946162153,0.00429835822433,-0.00236643943936,-0.00152833643369,0.00244362908415,-0.00204877089709,-0.000297221471556,0.00145719782449,-0.00224822387099,0.00196564756334,-0.000862619897816],[0.0000618246413069,0.000246601266554,-0.000648788467515,-0.00236643943936,0.00874171033502,-0.00167029642034,-0.00328845856711,0.00334235979244,-0.00221484177746,0.00111948745325,0.000884792360011,-0.000829666678328,-0.000568523886614],[0.00000381721338272,-0.000604120432399,0.000332743220497,-0.00152833643369,-0.00167029642034,0.0127362972125,-0.00539020635188,-0.00394689105451,0.00476174708456,-0.00410752277821,0.00377193768509,-0.00016497875913,-0.000375403411454],[0.000093218703114,0.0000882648309926,-0.00147874001414,0.00244362908415,-0.00328845856711,-0.00539020635188,0.0172844715416,-0.00585771771148,-0.00442912895232,0.00761478114873,-0.00617206189781,0.00430166209117,-0.00169237807859],[-0.000219130699406,0.000349853449734,0.00000618724698143,-0.00204877089709,0.00334235979244,-0.00394689105451,-0.00585771771148,0.0202842541039,-0.00585156353191,-0.00731013529003,0.00860426574945,-0.00700273504481,0.00340597634204],[0.000263063295279,-0.000529818295036,0.001682971837,-0.000297221471556,-0.00221484177746,0.00476174708456,-0.00442912895232,-0.00585156353191,0.0211663208902,-0.00725088268518,-0.00622478825971,0.00759239820763,-0.00342157180421],[-0.000386642554076,0.00103840837255,-0.00174607988447,0.00145719782449,0.00111948745325,-0.00410752277821,0.00761478114873,-0.00731013529003,-0.00725088268518,0.0277078896761,-0.0113640129566,-0.00467555224895,0.00416437210515],[0.00048894219799,-0.00163503817748,0.00111118122004,-0.00224822387099,0.000884792360011,0.00377193768509,-0.00617206189781,0.00860426574945,-0.00622478825971,-0.0113640129566,0.0305918958038,-0.0127622038126,-0.00189402967226],[-0.000523025577422,0.00166856055148,-0.00157878559548,0.00196564756334,-0.000829666678328,-0.00016497875913,0.00430166209117,-0.00700273504481,0.00759239820763,-0.00467555224895,-0.0127622038126,0.0315122008324,-0.0120124267414],[0.00026632056688,-0.000911455892492,0.00170605606399,-0.000862619897816,-0.000568523886614,-0.000375403411454,-0.00169237807859,0.00340597634204,-0.00342157180421,0.00416437210515,-0.00189402967226,-0.0120124267414,0.0255634486675]],"mean":[-690.498779297,136.573135376,31.4423980713,19.6464653015,-6.49686384201,16.4540672302,-2.60385298729,18.3321037292,-3.95950889587,11.7309484482,-2.94549822807,7.66583251953,-4.09551429749]},"pitch_salience":{"dmean":0.0953797474504,"dmean2":0.157950699329,"dvar":0.00716543802992,"dvar2":0.0187523309141,"max":0.901186645031,"mean":0.563467144966,"median":0.583595395088,"min":0.0688626095653,"var":0.0154619589448},"silence_rate_20dB":{"dmean":0.000273691402981,"dmean2":0.000547420291696,"dvar":0.000273604178801,"dvar2":0.00082078151172,"max":1,"mean":0.999863147736,"median":1,"min":0,"var":0.000136808521347},"silence_rate_30dB":{"dmean":0.0737598389387,"dmean2":0.147529765964,"dvar":0.0683135762811,"dvar2":0.152709394693,"max":1,"mean":0.928776681423,"median":1,"min":0,"var":0.0661452040076},"silence_rate_60dB":{"dmean":0.0202531646937,"dmean2":0.0405091010034,"dvar":0.0198439080268,"dvar2":0.0477697402239,"max":1,"mean":0.0805966034532,"median":0,"min":0,"var":0.0741039738059},"spectral_centroid":{"dmean":276.596374512,"dmean2":388.472351074,"dvar":118408.773438,"dvar2":218294.546875,"max":5115.87304688,"mean":968.53515625,"median":718.537231445,"min":118.239395142,"var":480960.3125},"spectral_complexity":{"dmean":3.40595269203,"dmean2":4.73217439651,"dvar":13.621594429,"dvar2":21.9536552429,"max":54,"mean":13.0057468414,"median":12,"min":0,"var":80.6839904785},"spectral_contrast_coeffs":{"dmean":[0.0585452131927,0.0494903363287,0.0367599353194,0.0295904912055,0.0237209498882,0.0334067679942],"dmean2":[0.0969712808728,0.0818303972483,0.0602116920054,0.0489851348102,0.0366494059563,0.0503490045667],"dvar":[0.00214193831198,0.00153410586063,0.000812750135083,0.000579799117986,0.000399927288527,0.000949032430071],"dvar2":[0.00566657166928,0.00406270148233,0.00217776093632,0.00152407784481,0.00092298258096,0.00212695240043],"max":[-0.38841933012,-0.392610698938,-0.544898152351,-0.639276146889,-0.664165914059,-0.462874740362],"mean":[-0.688436686993,-0.778480172157,-0.80958378315,-0.831016242504,-0.844545245171,-0.75662112236],"median":[-0.690268754959,-0.787444829941,-0.814704656601,-0.832586348057,-0.840931952,-0.752318263054],"min":[-0.937075376511,-0.968634784222,-0.967216730118,-0.986032545567,-0.972111344337,-0.933393061161],"var":[0.00610190303996,0.00483041070402,0.00284739513882,0.00176234240644,0.00176742055919,0.00405338266864]},"spectral_contrast_valleys":{"dmean":[0.512776315212,0.470364153385,0.418534338474,0.414087831974,0.442193984985,0.668967843056],"dmean2":[0.808806598186,0.736935138702,0.640977501869,0.620659470558,0.609524190426,0.89927059412],"dvar":[0.173970416188,0.155193701386,0.139095395803,0.144463166595,0.188993275166,0.338026940823],"dvar2":[0.394847035408,0.365833103657,0.294561713934,0.304178476334,0.392199456692,0.690699696541],"max":[-4.47230100632,-4.26540088654,-4.72395133972,-5.6453499794,-5.6787481308,-7.91957521439],"mean":[-6.92718553543,-6.63279104233,-7.24944162369,-8.13751220703,-8.17956256866,-10.6010732651],"median":[-6.73650312424,-6.45901632309,-7.07755231857,-7.98387050629,-7.96006011963,-10.4366226196],"min":[-18.2832431793,-17.974609375,-18.0672111511,-18.5433177948,-17.5859489441,-18.6926956177],"var":[1.2228320837,1.11086642742,1.16959166527,1.16384732723,1.41727912426,1.85146415234]},"spectral_decrease":{"dmean":5.46381162536e-9,"dmean2":8.70084271298e-9,"dvar":8.89741936642e-17,"dvar2":2.11937556335e-16,"max":8.7067397736e-10,"mean":-7.84693465761e-9,"median":-4.53409665369e-9,"min":-1.35146976277e-7,"var":1.0789252234e-16},"spectral_energy":{"dmean":0.0226788874716,"dmean2":0.0350730083883,"dvar":0.00142300827429,"dvar2":0.00330469873734,"max":0.526624798775,"mean":0.0381407290697,"median":0.0242383722216,"min":4.71295658749e-12,"var":0.00196230015717},"spectral_energyband_high":{"dmean":0.00115417945199,"dmean2":0.00140700931661,"dvar":0.00000389414026358,"dvar2":0.0000062259000515,"max":0.0251008123159,"mean":0.00178387667984,"median":0.000435375521192,"min":3.79653860433e-12,"var":0.00000892129264685},"spectral_energyband_low":{"dmean":0.0165112242103,"dmean2":0.0273573417217,"dvar":0.00104226067197,"dvar2":0.00258499570191,"max":0.495401710272,"mean":0.019136922434,"median":0.00950665026903,"min":4.89856060175e-14,"var":0.000992197426967},"spectral_energyband_middle_high":{"dmean":0.00116146460641,"dmean2":0.00168569199741,"dvar":0.00000742119982533,"dvar2":0.000016279558622,"max":0.149205520749,"mean":0.00227114791051,"median":0.0010285442695,"min":5.18193560978e-13,"var":0.0000144497353176},"spectral_energyband_middle_low":{"dmean":0.00641249585897,"dmean2":0.00977708492428,"dvar":0.000123499063193,"dvar2":0.000277612882201,"max":0.21542955935,"mean":0.0120857227594,"median":0.00680516473949,"min":1.06201844736e-13,"var":0.000293957593385},"spectral_entropy":{"dmean":0.29461991787,"dmean2":0.40386351943,"dvar":0.0818825438619,"dvar2":0.158185496926,"max":8.88210582733,"mean":7.56933546066,"median":7.6588973999,"min":4.36304712296,"var":0.376932293177},"spectral_flux":{"dmean":0.0403005369008,"dmean2":0.0623963847756,"dvar":0.00261439662427,"dvar2":0.0053476667963,"max":0.622813284397,"mean":0.112029410899,"median":0.0941408500075,"min":0.00011299255857,"var":0.00559630803764},"spectral_kurtosis":{"dmean":5.5862903595,"dmean2":8.23776531219,"dvar":78.2524719238,"dvar2":186.980743408,"max":146.339614868,"mean":11.6457490921,"median":7.46276283264,"min":0.27428650856,"var":150.793640137},"spectral_rms":{"dmean":0.00155643827748,"dmean2":0.00229145144112,"dvar":0.0000035059019865,"dvar2":0.00000731906993678,"max":0.0226667225361,"mean":0.00530696893111,"median":0.00486283795908,"min":6.78085996242e-8,"var":0.00000904650369193},"spectral_rolloff":{"dmean":3884.41845703,"dmean2":7069.13916016,"dvar":41704896,"dvar2":94736896,"max":22028.4667969,"mean":7748.20703125,"median":1313.52539062,"min":21.533203125,"var":80554816},"spectral_skewness":{"dmean":0.545035660267,"dmean2":0.743280589581,"dvar":0.42962038517,"dvar2":0.923113226891,"max":9.84389591217,"mean":2.36572647095,"median":2.08236980438,"min":0.520100593567,"var":1.39906787872},"spectral_spread":{"dmean":1066076.75,"dmean2":1406639.375,"dvar":1157296685060,"dvar2":1891348512770,"max":12138780,"mean":6108141,"median":5810872,"min":1055918.125,"var":5794706751490},"spectral_strongpeak":{"dmean":1.00249683857,"dmean2":1.86120772362,"dvar":23.157075882,"dvar2":64.180015564,"max":111.061630249,"mean":0.942957341671,"median":0.236709445715,"min":0,"var":17.7182502747},"zerocrossingrate":{"dmean":0.041947286576,"dmean2":0.0517204925418,"dvar":0.00133069325238,"dvar2":0.00196019955911,"max":0.71435546875,"mean":0.216932982206,"median":0.19775390625,"min":0.0009765625,"var":0.0115749314427}},"metadata":{"audio_properties":{"analysis_sample_rate":44100,"bit_rate":204623,"codec":"mp3","downmix":"mix","equal_loudness":0,"length":339.357788086,"lossless":false,"md5_encoded":"f9f115c74c5ca71233e042dc55a45ece","replay_gain":0.891283035278,"sample_rate":44100},"tags":{"album":["Outlandos d'Amour"],"artist":["The Police"],"date":["1978-11"],"file_name":"10 - The Police - Masoko Tanga.mp3","musicbrainz_albumid":["545cee74-510f-41c6-b180-661e2f745839"],"musicbrainz_artistid":["9e0e2b01-41db-4008-bd8b-988977d6019a"],"musicbrainz_recordingid":["9285904d-89a4-4e06-a631-052e9b3e1a93"],"title":["Masoko Tanga"],"tracknumber":["10/10"]},"version":{"essentia":"2.1-beta1","essentia_build_sha":"ca57ba49d9b1854bd80e60cf9ccf267278fb7d6b","essentia_git_sha":"v2.1_beta1-28-g21ef5f4-dirty","extractor":"music 1.0"}},"rhythm":{"beats_count":812,"beats_loudness":{"dmean":0.0324220843613,"dmean2":0.0573623403907,"dvar":0.000939961522818,"dvar2":0.0026791493874,"max":0.234494909644,"mean":0.0621114559472,"median":0.0572464130819,"min":5.59287627766e-7,"var":0.00149530661292},"beats_loudness_band_ratio":{"dmean":[0.265027374029,0.0890654176474,0.0997775495052,0.0500314198434,0.0184967983514,0.127058371902],"dmean2":[0.51056021452,0.159521609545,0.187176331878,0.0955181419849,0.0345973148942,0.228372186422],"dvar":[0.0292344279587,0.00743931578472,0.0067435130477,0.00139979319647,0.00182711787056,0.00971347186714],"dvar2":[0.0921179577708,0.0210665743798,0.0201350897551,0.00422585569322,0.00518808560446,0.0288463104516],"max":[0.971577346325,0.658299028873,0.762751460075,0.347553163767,0.435749053955,0.905028522015],"mean":[0.496511548758,0.110399655998,0.104328505695,0.048317220062,0.0187812447548,0.239306300879],"median":[0.486740231514,0.0836091637611,0.0821810215712,0.0431898869574,0.0124057643116,0.227828532457],"min":[0.0224724970758,0.0033891343046,0.00127027335111,0.000246866315138,0.000165432909853,0.0087535828352],"var":[0.04294887