{"lowlevel":{"average_loudness":0.765240907669,"barkbands":{"dmean":[0.0000148877188622,0.00128598220181,0.00058935378911,0.000394367380068,0.00175592536107,0.00123173207976,0.00057693204144,0.00103386677802,0.00129691790789,0.000624361913651,0.000446574529633,0.000336397701176,0.000201913237106,0.00053270580247,0.000234008199186,0.000202096882276,0.00017824259703,0.000122140452731,0.0000842736917548,0.0000670968438499,0.0000457712631032,0.0000275811180472,0.0000198163743335,0.0000155053894559,0.0000117341651276,0.0000053074418247,0.00000145949297803],"dmean2":[0.0000266238512268,0.00204025628045,0.0010442037601,0.00066426146077,0.00288642151281,0.00203319871798,0.000906162895262,0.00157616543584,0.00204699416645,0.0009555403376,0.000705920974724,0.000509463716298,0.00031488519744,0.000827092444524,0.000370486319298,0.0003161727509,0.000277184619335,0.000189877624507,0.000129784544697,0.000102457554021,0.0000714680645615,0.0000400899734814,0.000029605034797,0.0000226015563385,0.0000163352342497,0.00000757291354603,0.00000218787386075],"dvar":[7.66789465256e-10,0.0000111699782792,0.00000173258501945,6.72847079386e-7,0.0000212798186112,0.00000620618448011,0.00000269273027698,0.0000061752525653,0.0000171813790075,0.00000192491052076,0.00000158554053087,9.64803689385e-7,2.56300893398e-7,0.000002116634505,4.86614055717e-7,1.22738399e-7,1.438228594e-7,4.99865677739e-8,2.70822138049e-8,1.25105685811e-8,4.98939289884e-9,3.9589900247e-9,1.54901114158e-9,1.02172137417e-9,6.88445411789e-10,1.74746189741e-10,1.27290252991e-11],"dvar2":[2.18704632182e-9,0.0000244160983129,0.00000521275842402,0.00000189320383015,0.0000551360135432,0.0000173796161107,0.00000613131896898,0.0000149088191392,0.0000425082871516,0.00000440459325546,0.00000394316930397,0.00000195296115635,5.81244194109e-7,0.00000538630956726,0.00000124941391277,2.91349522286e-7,3.39678877026e-7,1.09889377597e-7,6.30398346857e-8,2.79835479233e-8,1.16568728004e-8,7.39723748922e-9,3.28442006925e-9,2.16221041072e-9,1.3365828444e-9,3.49845236114e-10,2.83369543108e-11],"max":[0.000336191791575,0.0336797870696,0.0138211287558,0.00901574268937,0.0593705549836,0.0674233213067,0.0449892804027,0.0891145095229,0.111960165203,0.0358852520585,0.0280448291451,0.0399733483791,0.013111342676,0.0369334556162,0.020736258477,0.00635321810842,0.0113707222044,0.00585819315165,0.00354534015059,0.00253555504605,0.00105882657226,0.00182510889135,0.00108788674697,0.00118640018627,0.00057288527023,0.000310753792292,0.0000540011751582],"mean":[0.0000155793786689,0.00174499885179,0.000728799961507,0.000603283464443,0.00253553665243,0.00234668306075,0.00123028713278,0.00199719890952,0.00223137135617,0.00114951073192,0.000768569880165,0.000733751920052,0.00034811347723,0.00103542243596,0.000417739327531,0.000459945236798,0.000380774028599,0.000290216645226,0.000190823935554,0.000162283875397,0.000107753403427,0.0000553665377083,0.0000416119619331,0.0000325623113895,0.0000219210724026,0.00000804778755992,0.00000205975220524],"median":[0.00000781204653322,0.000448546983534,0.00041851689457,0.000254125945503,0.00115364277735,0.00106076407246,0.000325898552546,0.000910967006348,0.000787999131717,0.000468083482701,0.000178446731297,0.000185607277672,0.000114384878543,0.0002722729987,0.00012576339941,0.000231506593991,0.000126207247376,0.0001226044551,0.0000728638624423,0.0000810830169939,0.0000648531931802,0.0000281948705378,0.000023251724997,0.0000167168655025,0.00000899893893802,0.0000020157151539,5.7748081872e-7],"min":[1.48314330436e-24,3.51095293861e-23,3.5364975169e-23,4.82778582592e-23,4.52615160594e-23,6.4915957114e-23,1.15070143124e-22,9.26337462222e-23,1.1806728445e-22,3.00281039532e-23,1.48654526702e-22,1.17767353223e-22,1.9517413391e-22,1.10540857216e-22,2.40301168118e-22,1.12975180996e-22,2.68364042851e-22,1.7191179964e-22,2.44721111593e-22,3.09735644766e-22,3.27977642992e-22,5.97153720326e-22,4.60643877654e-22,8.52733344508e-22,1.40630185611e-21,1.69311673707e-21,2.44967397755e-21],"var":[6.52724596595e-10,0.0000160071667779,0.00000135738173412,9.31147837946e-7,0.0000209358368011,0.0000127872144731,0.00000804234605312,0.0000119524793263,0.0000295931185974,0.00000420906962972,0.00000311492453875,0.00000287182092507,5.05325715494e-7,0.00000519427885592,9.3326644901e-7,3.88292193065e-7,4.5776593538e-7,1.85225545124e-7,8.56381419112e-8,4.88374496399e-8,1.45743586089e-8,8.81915074302e-9,3.27777227582e-9,2.16293827293e-9,1.38461753174e-9,3.04801600626e-10,1.76874296459e-11]},"barkbands_crest":{"dmean":2.29783034325,"dmean2":3.77611422539,"dvar":4.98842668533,"dvar2":13.4906263351,"max":24.055847168,"mean":9.04873847961,"median":8.35274600983,"min":2.71082377434,"var":12.2681903839},"barkbands_flatness_db":{"dmean":0.0159802138805,"dmean2":0.0245590806007,"dvar":0.000244367285632,"dvar2":0.000535848434083,"max":0.417600095272,"mean":0.133364707232,"median":0.120270259678,"min":0.033376481384,"var":0.00298997736536},"barkbands_kurtosis":{"dmean":1.55658614635,"dmean2":2.47127056122,"dvar":6.28098201752,"dvar2":15.0529899597,"max":71.3181686401,"mean":2.64924407005,"median":1.29984664917,"min":-1.81628787518,"var":23.313035965},"barkbands_skewness":{"dmean":0.371909290552,"dmean2":0.578118562698,"dvar":0.155032157898,"dvar2":0.370248168707,"max":6.76918411255,"mean":1.17604553699,"median":1.06912481785,"min":-2.94935250282,"var":0.858314275742},"barkbands_spread":{"dmean":3.59112334251,"dmean2":5.53418684006,"dvar":23.2281742096,"dvar2":51.4175415039,"max":103.171882629,"mean":17.6324977875,"median":16.4608688354,"min":1.5919226408,"var":81.1550521851},"dissonance":{"dmean":0.0198065638542,"dmean2":0.0335830189288,"dvar":0.000353030132828,"dvar2":0.000976317329332,"max":0.500000119209,"mean":0.457774311304,"median":0.46447840333,"min":0.209198504686,"var":0.000994713976979},"dynamic_complexity":3.65639042854,"erbbands":{"dmean":[0.028451198712,0.318129181862,0.606120228767,1.07133424282,3.90446782112,6.55416107178,8.89344978333,8.21139335632,5.82145643234,11.7181997299,31.2131118774,30.8519077301,10.8836574554,25.0759811401,13.7150039673,15.458155632,9.06087875366,16.7373504639,23.0010643005,10.4059324265,11.5686912537,6.6194190979,6.58706188202,3.00466346741,5.52007865906,2.88869810104,2.06916284561,1.82260835171,0.998506486416,0.817927658558,0.522943019867,0.394476890564,0.223730683327,0.139011636376,0.0823342874646,0.0309453401715,0.00832703057677,0.00208035227843,0.000227273878409,0.0000157436243171],"dmean2":[0.045891046524,0.501149594784,1.04150462151,1.80635237694,6.4583272934,10.9135494232,14.5622396469,13.6020956039,9.36516475677,18.0578689575,48.0555915833,48.7447509766,16.7975997925,38.436870575,21.2646999359,23.2583560944,14.0997238159,26.3214550018,35.2915153503,16.4660377502,17.9855213165,10.1943950653,10.2137918472,4.50706577301,8.47130489349,4.37200641632,3.14767479897,2.89410591125,1.459430933,1.21369433403,0.782341003418,0.590053617954,0.329214781523,0.196744039655,0.117424808443,0.0442967824638,0.0119776884094,0.00306320772506,0.000338014302542,0.0000229436373047],"dvar":[0.00559421721846,0.673359513283,1.96707081795,5.25614547729,100.313392639,325.847381592,282.795776367,289.406646729,184.256561279,1584.05688477,4825.09423828,8531.47070312,504.787139893,2750.27685547,1402.72045898,1829.64013672,532.211425781,2264.58496094,3502.43457031,638.279174805,440.619384766,190.011230469,128.119430542,26.4470920563,115.491020203,24.1170005798,11.5520925522,9.19088172913,5.28875827789,3.83931040764,1.01488268375,0.70481210947,0.210001438856,0.0958472117782,0.0360835380852,0.00620111543685,0.000418394862209,0.0000250349075941,3.07750241291e-7,9.40583166908e-10],"dvar2":[0.0131832007319,1.43596243858,5.50363302231,15.1783761978,255.670455933,868.157653809,786.832946777,770.863647461,469.861450195,3249.33764648,12118.6298828,21187.1191406,1128.62194824,6223.38378906,3485.35107422,3620.79345703,1226.78808594,6234.24609375,8478.03710938,1590.42895508,1064.71875,425.556915283,281.365905762,55.7954063416,268.139190674,52.3502922058,25.8820018768,23.3057403564,10.2698173523,7.94802570343,2.12070155144,1.60233986378,0.432762563229,0.19350643456,0.0724333301187,0.0128990709782,0.000838761101477,0.0000543420901522,6.78772039464e-7,1.9521031458e-9],"max":[0.753133118153,8.44618415833,16.6830749512,26.433757782,138.163497925,271.38394165,393.114013672,409.998596191,387.244171143,1487.29064941,2027.91333008,2218.50170898,682.430908203,1184.32995605,861.695129395,1581.55871582,521.401306152,1695.27941895,1410.80773926,662.639526367,425.057769775,530.295227051,251.978149414,113.159484863,219.92098999,130.207244873,92.1949234009,62.0220947266,68.1885757446,74.7193832397,20.4645519257,32.7881202698,11.4791078568,6.68832302094,3.51242876053,1.76411795616,0.479758769274,0.0993842408061,0.00857580173761,0.00049259577645],"mean":[0.0402071736753,0.429950505495,0.848480641842,1.71622300148,5.0241112709,9.20830440521,15.8276128769,16.520734787,13.5941858292,24.6343975067,59.7575950623,56.2373466492,22.6463527679,48.3131332397,27.2941589355,35.3869743347,18.0669364929,34.8413658142,46.1046981812,21.9415340424,27.406162262,16.046667099,16.606098175,8.08411979675,12.5292005539,7.52383995056,5.09216356277,3.95286655426,2.05975008011,1.65274381638,1.04261887074,0.803653717041,0.460167706013,0.270976245403,0.141856759787,0.0470550209284,0.0126247564331,0.00303391623311,0.000329578615492,0.0000374527699023],"median":[0.00811504852027,0.121466346085,0.488910228014,0.795131266117,1.80867934227,3.80786180496,7.96076583862,6.29755687714,4.91139507294,7.94889211655,30.26445961,21.2572097778,12.8889951706,22.0233974457,10.0686883926,9.906042099,6.97747468948,12.7238912582,13.4953212738,9.27582073212,13.7786426544,6.79848241806,7.63377094269,3.69743847847,4.93208503723,3.84612441063,2.75740981102,2.44394731522,1.09524273872,0.859155535698,0.55990421772,0.420680940151,0.224213153124,0.118312090635,0.0538614653051,0.0128730293363,0.00310381106101,0.000876342644915,0.0000990610860754,0.000023697515644],"min":[3.98549745418e-22,1.01310771136e-20,3.77892292966e-20,1.32911768566e-19,5.47101199175e-20,1.32471850652e-19,5.63779990833e-19,5.85828490061e-19,8.63883236717e-19,2.32110933067e-18,2.74329714544e-18,2.85379399962e-18,9.66962658943e-19,3.71525401073e-18,5.45605230113e-18,5.0739043707e-18,7.87523092445e-18,7.46881310127e-18,9.43991915371e-18,1.12962447972e-17,7.39103082673e-18,1.40302636645e-17,1.10816493309e-17,1.14194889182e-17,1.08765987016e-17,1.69402817507e-17,1.31694449251e-17,1.24418560312e-17,2.44749508365e-17,1.58118866268e-17,1.39868515716e-17,1.93674563154e-17,1.26422124104e-17,1.36627837143e-17,1.09688607728e-17,5.95105661842e-18,3.27840400602e-18,1.60761445696e-18,3.20511523506e-19,3.35883860934e-20],"var":[0.00831753760576,0.96291577816,1.86952292919,6.79114627838,98.8946304321,305.581817627,523.302368164,755.738891602,556.797241211,4679.64306641,9387.16992188,15736.7695312,1293.63818359,6850.26074219,2777.79370117,6127.90185547,1159.24560547,4672.48876953,9088.62402344,1450.53271484,1420.24987793,653.913024902,530.904968262,114.647163391,367.24041748,104.932014465,40.622051239,20.3125648499,11.2766828537,7.76513338089,2.14131045341,1.28810846806,0.473270326853,0.196649461985,0.0648769810796,0.0103124752641,0.000738072616514,0.0000363708350051,4.35502215623e-7,1.86716464512e-9]},"erbbands_crest":{"dmean":2.33634877205,"dmean2":3.74032211304,"dvar":5.448179245,"dvar2":13.093460083,"max":30.1283016205,"mean":9.9023475647,"median":8.9365901947,"min":2.85584878922,"var":19.1860542297},"erbbands_flatness_db":{"dmean":0.015498874709,"dmean2":0.022399187088,"dvar":0.000276964128716,"dvar2":0.000497635395732,"max":0.442721068859,"mean":0.180944874883,"median":0.168998301029,"min":0.0555552020669,"var":0.00373788736761},"erbbands_kurtosis":{"dmean":0.761855721474,"dmean2":1.22229015827,"dvar":1.53815531731,"dvar2":3.88176345825,"max":27.901266098,"mean":0.652433037758,"median":0.0160789489746,"min":-1.84421157837,"var":6.35943174362},"erbbands_skewness":{"dmean":0.299387484789,"dmean2":0.459525108337,"dvar":0.0920266285539,"dvar2":0.212273940444,"max":4.58679008484,"mean":0.537261664867,"median":0.523944497108,"min":-3.0024189949,"var":0.460811883211},"erbbands_spread":{"dmean":5.18482017517,"dmean2":8.02261638641,"dvar":40.2576599121,"dvar2":87.3130111694,"max":125.341629028,"mean":30.247674942,"median":27.5862312317,"min":2.26882266998,"var":219.962600708},"gfcc":{"cov":[[8466.31445312,-496.139526367,550.293212891,342.977935791,-61.8450737,726.395629883,-541.351867676,-139.945159912,-370.824249268,-16.8710956573,-320.753448486,118.055015564,-44.1488800049],[-496.139526367,888.331665039,68.5757827759,-90.502166748,61.2033042908,-164.546417236,77.0331344604,-2.14361310005,35.4487228394,-51.7956962585,42.4721832275,-55.7000312805,42.59740448],[550.293212891,68.5757827759,1753.92590332,426.761322021,-140.995727539,320.861877441,-184.216400146,-41.2954864502,-127.520866394,-40.8802452087,-272.318389893,26.5936851501,-68.9423751831],[342.977935791,-90.502166748,426.761322021,403.669891357,12.2061414719,148.276626587,-38.0657730103,-33.1062011719,-42.4889945984,-31.511089325,-63.6420783997,-6.5464849472,-9.69479942322],[-61.8450737,61.2033042908,-140.995727539,12.2061414719,228.167205811,22.8095684052,28.7889308929,40.9390563965,8.9664440155,13.8343877792,18.3924064636,-1.61974954605,4.12984228134],[726.395629883,-164.546417236,320.861877441,148.276626587,22.8095684052,277.570861816,-40.1547622681,-13.7959861755,-48.537525177,-5.8566570282,-86.3106384277,3.64260745049,-26.0269603729],[-541.351867676,77.0331344604,-184.216400146,-38.0657730103,28.7889308929,-40.1547622681,175.717727661,58.9563941956,43.8379554749,5.86573123932,62.7828979492,-29.1240177155,-2.76101255417],[-139.945159912,-2.14361310005,-41.2954864502,-33.1062011719,40.9390563965,-13.7959861755,58.9563941956,113.173248291,47.0165061951,9.13060569763,10.7295722961,-5.76827716827,-9.41214370728],[-370.824249268,35.4487228394,-127.520866394,-42.4889945984,8.9664440155,-48.537525177,43.8379554749,47.0165061951,97.9293441772,24.9873180389,33.2629432678,-9.63751792908,5.27440214157],[-16.8710956573,-51.7956962585,-40.8802452087,-31.511089325,13.8343877792,-5.8566570282,5.86573123932,9.13060569763,24.9873180389,81.1424789429,35.1838874817,7.4653339386,-6.21852779388],[-320.753448486,42.4721832275,-272.318389893,-63.6420783997,18.3924064636,-86.3106384277,62.7828979492,10.7295722961,33.2629432678,35.1838874817,134.428955078,22.9644298553,12.9305648804],[118.055015564,-55.7000312805,26.5936851501,-6.5464849472,-1.61974954605,3.64260745049,-29.1240177155,-5.76827716827,-9.63751792908,7.4653339386,22.9644298553,79.7787094116,27.3876819611],[-44.1488800049,42.59740448,-68.9423751831,-9.69479942322,4.12984228134,-26.0269603729,-2.76101255417,-9.41214370728,5.27440214157,-6.21852779388,12.9305648804,27.3876819611,67.969909668]],"icov":[[0.000272072473308,-0.000333845207933,0.000431372958701,-0.000316960911732,0.000501543981954,-0.000824069895316,0.000825601397082,-0.000733965949621,0.00100363406818,-0.000644172891043,0.000542777590454,-0.000611226074398,0.000370367954019],[-0.000333845207933,0.00277128466405,-0.00184050982352,0.00167230714578,-0.00229181814939,0.00225169444457,-0.00157513644081,0.00232086260803,-0.00231008091941,0.00325160566717,-0.00296623678878,0.00386885926127,-0.00284095411189],[0.000431372958701,-0.00184050982352,0.00276988232508,-0.00229109846987,0.00255057564937,-0.00218195933849,0.00169775087852,-0.00252515380271,0.00282362569124,-0.00315891113132,0.00433544628322,-0.00407095253468,0.00295264087617],[-0.000316960911732,0.00167230714578,-0.00229109846987,0.00516602071002,-0.0023627190385,0.000150272637256,-0.00120006641373,0.00276772561483,-0.00227638659999,0.00371665810235,-0.00352987484075,0.00383931910619,-0.00266415043734],[0.000501543981954,-0.00229181814939,0.00255057564937,-0.0023627190385,0.00760966865346,-0.00327682332136,0.00206213211641,-0.00495512085035,0.00384214008227,-0.00405283272266,0.00274858367629,-0.00325813842937,0.00181362649892],[-0.000824069895316,0.00225169444457,-0.00218195933849,0.000150272637256,-0.00327682332136,0.00926043186337,-0.00381745537743,0.00332131562755,-0.0022115202155,0.00149872887414,0.000847985269502,0.00141188444104,-0.000509714067448],[0.000825601397082,-0.00157513644081,0.00169775087852,-0.00120006641373,0.00206213211641,-0.00381745537743,0.0128123704344,-0.00717284949496,0.00271533033811,-0.000591356132645,-0.00382784265094,0.00274682696909,0.000370997964637],[-0.000733965949621,0.00232086260803,-0.00252515380271,0.00276772561483,-0.00495512085035,0.00332131562755,-0.00717284949496,0.0176250841469,-0.00972605962306,0.00386617984623,-0.000286587805022,0.000527364201844,0.000574851641431],[0.00100363406818,-0.00231008091941,0.00282362569124,-0.00227638659999,0.00384214008227,-0.0022115202155,0.00271533033811,-0.00972605962306,0.0205897167325,-0.00796465855092,0.00253286329098,-0.00126341322903,0.000022984277166],[-0.000644172891043,0.00325160566717,-0.00315891113132,0.00371665810235,-0.00405283272266,0.00149872887414,-0.000591356132645,0.00386617984623,-0.00796465855092,0.0206991825253,-0.00987219531089,0.00491376919672,-0.00138878042344],[0.000542777590454,-0.00296623678878,0.00433544628322,-0.00352987484075,0.00274858367629,0.000847985269502,-0.00382784265094,-0.000286587805022,0.00253286329098,-0.00987219531089,0.022409260273,-0.0133146643639,0.00607015984133],[-0.000611226074398,0.00386885926127,-0.00407095253468,0.00383931910619,-0.00325813842937,0.00141188444104,0.00274682696909,0.000527364201844,-0.00126341322903,0.00491376919672,-0.0133146643639,0.0264213941991,-0.0130456574261],[0.000370367954019,-0.00284095411189,0.00295264087617,-0.00266415043734,0.00181362649892,-0.000509714067448,0.000370997964637,0.000574851641431,0.000022984277166,-0.00138878042344,0.00607015984133,-0.0130456574261,0.0231105685234]],"mean":[-23.9873180389,98.4822235107,-134.3777771,18.0010967255,-62.3320770264,3.12919569016,-32.8191490173,7.26021909714,-18.9303913116,0.46251437068,-16.8909816742,-5.32995891571,-5.77810239792]},"hfc":{"dmean":3.89821839333,"dmean2":5.45259666443,"dvar":35.9198112488,"dvar2":67.4635620117,"max":110.157913208,"mean":16.2487926483,"median":11.6439447403,"min":1.15864723648e-16,"var":231.852890015},"melbands":{"dmean":[0.000324971508235,0.000329002126819,0.000214565807255,0.000443408935098,0.000266192801064,0.000194788750377,0.0000980240438366,0.000131526830955,0.000284066074528,0.000170026585693,0.000053537034546,0.000105031394924,0.000058135643485,0.0000365695923392,0.0000282880355371,0.0000225289386435,0.0000350700538547,0.0000463922515337,0.0000140346328408,0.0000150324021888,0.0000164674365806,0.00000788242232375,0.00000787581666373,0.00000663517948851,0.00000211341694012,0.00000382019834433,0.00000363960725736,0.00000200620161195,0.00000149806339778,0.00000117494232654,0.00000110394614694,6.10931238043e-7,5.50979507352e-7,4.68274720333e-7,3.40470677429e-7,2.54305660974e-7,2.5316785468e-7,1.66568867144e-7,1.42955315141e-7,1.20194968645e-7],"dmean2":[0.000516349973623,0.000528745702468,0.000357919983799,0.000737598107662,0.000436227710452,0.000323223153828,0.000156564143253,0.000203905496164,0.000439535157057,0.000268702191534,0.0000831030192785,0.000161007308634,0.0000910164526431,0.0000559869113204,0.0000425806756539,0.0000357628632628,0.0000549645119463,0.0000712683104211,0.0000222231701628,0.0000236246996792,0.0000258291092905,0.0000122896990433,0.0000123177051137,0.0000103209722511,0.000003219551445,0.00000592559172219,0.00000561865499549,0.00000308829771711,0.00000231774652093,0.00000182868825505,0.00000178096593118,9.15085593078e-7,8.10399512829e-7,7.20876528248e-7,5.24337224306e-7,3.89922462318e-7,3.85662502822e-7,2.5168992579e-7,2.10579997884e-7,1.74490580207e-7],"dvar":[7.2281153507e-7,6.08989466855e-7,1.74395708541e-7,0.00000161361197115,2.23031989321e-7,1.60987866593e-7,5.3584926718e-8,1.60806678196e-7,4.29415905501e-7,2.51390360972e-7,1.43165639344e-8,5.04658217437e-8,2.79205618625e-8,1.00365165068e-8,7.85723930363e-9,3.73509090323e-9,9.29695787022e-9,1.59995323656e-8,2.1016117735e-9,8.58260240655e-10,9.84113679436e-10,2.44951947614e-10,3.26151078367e-10,1.4149427463e-10,1.46541199314e-11,5.42967407147e-11,4.60928170631e-11,1.53075503662e-11,7.03820769027e-12,3.30385523627e-12,3.89018461541e-12,2.00125094448e-12,1.78594465605e-12,1.16777258436e-12,4.21394798396e-13,2.52096249691e-13,3.24469157055e-13,1.20098429899e-13,9.33367762961e-14,7.29567231281e-14],"dvar2":[0.00000161662717346,0.00000141022701428,4.80825917748e-7,0.00000423617666456,6.17454929852e-7,4.39514536765e-7,1.35447010052e-7,3.36931066158e-7,0.00000108833671675,6.22035770448e-7,3.21410240645e-8,1.14096252446e-7,7.1360631182e-8,2.07536938746e-8,1.43070186809e-8,9.54666656838e-9,2.52058978134e-8,3.8461823948e-8,5.46770051457e-9,2.01395478072e-9,2.42243003434e-9,5.81234227415e-10,7.27499338549e-10,3.10562242589e-10,3.23698914895e-11,1.2787421122e-10,1.09578526808e-10,3.36746602825e-11,1.65068601149e-11,7.44032873506e-12,1.02332873078e-11,4.24960761025e-12,3.27603894533e-12,2.67537901555e-12,9.24515455511e-13,5.54663519975e-13,7.63231220845e-13,2.60379906655e-13,2.03177576217e-13,1.52460807651e-13],"max":[0.00877838395536,0.00932729244232,0.0041099563241,0.0150465900078,0.0106864040717,0.0103598954156,0.00553984893486,0.0143556855619,0.0148393372074,0.0120373982936,0.00328743853606,0.00486747780815,0.00322431325912,0.00439959159121,0.00483867200091,0.00198959652334,0.0029273009859,0.00333994184621,0.00130022014491,0.000606932619121,0.000612816365901,0.000447649275884,0.000563653651625,0.000265205861069,0.0000846089242259,0.000163305056049,0.000152116350364,0.00011748556426,0.0000835870814626,0.0000282362270809,0.0000542904090253,0.0000366417843907,0.0000520277535543,0.000035974317143,0.0000125740443764,0.0000127359244289,0.0000238892807829,0.00000869589166541,0.00000558720830668,0.00000665332891003],"mean":[0.00044562498806,0.000501204398461,0.000339893973432,0.000579459243454,0.000494200736284,0.000385100051062,0.000224362287554,0.000272989127552,0.000530233548488,0.000304944056552,0.000102628087916,0.000197334869881,0.000105338956928,0.0000807867036201,0.0000599601989961,0.0000407200168411,0.0000700774398865,0.0000898842336028,0.0000252932968579,0.0000305855683109,0.000035360619222,0.0000172696436493,0.0000152626162162,0.0000156292244355,0.00000478553647554,0.00000823934078653,0.0000079238352555,0.00000459427428723,0.00000332358695232,0.00000255825261775,0.00000217092338062,0.00000116086755497,0.00000100460567865,8.77008801581e-7,6.1423219222e-7,4.94434800657e-7,4.84345321183e-7,3.2886146073e-7,2.6420678978e-7,2.18444355937e-7],"median":[0.000101864279713,0.000245478149736,0.000165423407452,0.000202236493351,0.000271110853646,0.000154573048349,0.0000754538632464,0.000101652563899,0.000271473021712,0.000109645618068,0.0000520649373357,0.0000834128732095,0.0000262765879597,0.0000229290726566,0.0000186546658369,0.0000139849144034,0.000022637348593,0.0000223146616918,0.0000080127720139,0.0000135663158289,0.0000153457458509,0.00000620418040853,0.00000533268166691,0.00000610437245996,0.00000206574532058,0.00000294102983389,0.00000347835543835,0.00000220208153223,0.00000158341242695,0.00000151920551161,0.00000129616375943,5.96621021032e-7,4.56898902712e-7,4.56546814576e-7,3.13969195531e-7,2.59890327925e-7,2.44535698357e-7,1.58162436037e-7,1.16108189729e-7,8.98559591178e-8],"min":[7.05632687618e-24,1.81280046693e-23,1.95528089487e-23,3.94626247887e-24,1.80927662527e-23,1.25381347172e-23,1.53302984249e-23,2.30926092685e-23,2.42086470787e-23,1.60057416423e-23,3.56434414908e-24,1.29586646329e-23,1.82801759379e-23,1.69234235334e-23,1.20783708044e-23,2.07221958442e-23,1.17990998445e-23,1.26985890253e-23,1.91134228908e-23,1.02233383534e-23,8.55780843558e-24,1.66980743717e-23,9.1406362273e-24,1.0127919316e-23,8.8744477366e-24,9.13253699238e-24,8.08860501321e-24,1.15911529544e-23,7.07945943337e-24,8.40074307391e-24,6.65043506348e-24,1.40273873548e-23,1.13431216752e-23,7.56536619655e-24,7.25045371204e-24,9.68222079317e-24,1.27271197577e-23,6.99724434983e-24,1.07273439523e-23,1.23814590528e-23],"var":[0.00000105924470972,8.10806909612e-7,2.26302248052e-7,0.00000146813567881,4.33764625996e-7,3.84647080409e-7,1.59185816528e-7,4.42449305638e-7,7.92364858171e-7,4.68114166097e-7,3.31621237137e-8,1.22866637753e-7,5.42403881809e-8,3.14113677291e-8,2.02287449014e-8,7.59124230143e-9,1.95099492117e-8,4.14052294673e-8,3.49202600169e-9,2.35652497516e-9,2.83879941776e-9,8.2260498413e-10,9.02532326652e-10,6.31856622579e-10,4.71051149475e-11,1.72317701774e-10,1.35971955917e-10,5.16359247027e-11,2.11741891382e-11,9.01885077037e-12,7.00129624415e-12,3.65244336512e-12,3.94267604675e-12,2.04456135182e-12,7.98490288646e-13,4.88002650442e-13,5.26134854e-13,2.51313130462e-13,1.80036568336e-13,1.39702567006e-13]},"melbands_crest":{"dmean":2.77942800522,"dmean2":4.56450080872,"dvar":7.44273757935,"dvar2":20.0949325562,"max":30.6548976898,"mean":11.7443008423,"median":10.8166799545,"min":1.96276950836,"var":19.9820404053},"melbands_flatness_db":{"dmean":0.0180801041424,"dmean2":0.027549687773,"dvar":0.000331768009346,"dvar2":0.000740789226256,"max":0.472305506468,"mean":0.188622400165,"median":0.177703052759,"min":0.00640551839024,"var":0.00360301556066},"melbands_kurtosis":{"dmean":3.14608263969,"dmean2":4.9746594429,"dvar":32.2621078491,"dvar2":75.0414886475,"max":189.530288696,"mean":7.0632443428,"median":3.6937494278,"min":-1.74525153637,"var":135.386764526},"melbands_skewness":{"dmean":0.450389415026,"dmean2":0.705330193043,"dvar":0.266006439924,"dvar2":0.613886296749,"max":10.5084047318,"mean":1.76792573929,"median":1.52270793915,"min":-0.879346728325,"var":1.45237576962},"melbands_spread":{"dmean":4.89929866791,"dmean2":7.501912117,"dvar":43.115146637,"dvar2":91.2843780518,"max":205.57875061,"mean":22.5913696289,"median":20.5006275177,"min":1.19513869286,"var":173.919296265},"mfcc":{"cov":[[6964.84277344,-245.619796753,-36.0483512878,-97.2134857178,269.832305908,471.876068115,38.2910194397,-37.5922622681,-96.1004562378,-120.913536072,-219.38432312,-173.287811279,-163.151596069],[-245.619796753,842.679626465,113.025802612,27.9868564606,7.54916810989,-74.1619949341,-20.5962982178,-12.0778045654,10.5157146454,19.0071964264,-28.8839645386,-48.1796379089,1.14377820492],[-36.0483512878,113.025802612,1469.4777832,251.184417725,145.429733276,258.609832764,-38.3362007141,52.0612297058,62.9920349121,-57.9321556091,-63.9205665588,-101.25164032,-105.94519043],[-97.2134857178,27.9868564606,251.184417725,258.099121094,66.1028289795,58.3724212646,24.5421333313,17.3512573242,20.5017967224,-10.3690652847,-11.8915214539,-5.12709188461,-18.0618991852],[269.832305908,7.54916810989,145.429733276,66.1028289795,209.27432251,101.273155212,7.44815540314,27.2198505402,16.2645072937,0.746000647545,-16.4270210266,-25.557352066,-31.8690032959],[471.876068115,-74.1619949341,258.609832764,58.3724212646,101.273155212,234.03704834,41.4843711853,10.4950313568,8.40048503876,-10.5365924835,-26.514831543,-40.9368362427,-51.7129859924],[38.2910194397,-20.5962982178,-38.3362007141,24.5421333313,7.44815540314,41.4843711853,118.8306427,37.5782470703,2.54767251015,22.0135993958,15.6247777939,14.9794521332,7.4208407402],[-37.5922622681,-12.0778045654,52.0612297058,17.3512573242,27.2198505402,10.4950313568,37.5782470703,92.3984680176,38.6090087891,7.93310642242,7.09738349915,4.52121257782,-1.6694971323],[-96.1004562378,10.5157146454,62.9920349121,20.5017967224,16.2645072937,8.40048503876,2.54767251015,38.6090087891,90.3468551636,35.0603523254,-1.51884353161,-6.92676687241,-12.6476097107],[-120.913536072,19.0071964264,-57.9321556091,-10.3690652847,0.746000647545,-10.5365924835,22.0135993958,7.93310642242,35.0603523254,97.7043228149,37.2613563538,1.08091723919,2.62943816185],[-219.38432312,-28.8839645386,-63.9205665588,-11.8915214539,-16.4270210266,-26.514831543,15.6247777939,7.09738349915,-1.51884353161,37.2613563538,77.9190368652,38.8725624084,20.0606384277],[-173.287811279,-48.1796379089,-101.25164032,-5.12709188461,-25.557352066,-40.9368362427,14.9794521332,4.52121257782,-6.92676687241,1.08091723919,38.8725624084,91.116027832,49.2470741272],[-163.151596069,1.14377820492,-105.94519043,-18.0618991852,-31.8690032959,-51.7129859924,7.4208407402,-1.6694971323,-12.6476097107,2.62943816185,20.0606384277,49.2470741272,91.183052063]],"icov":[[0.000198572335648,0.0000230206933338,0.0000880567458807,0.000119494652608,-0.000118533978821,-0.000393715803511,0.0000250135053648,-0.0000460586816189,0.00022102103685,0.00000999792791845,0.000444768171292,0.0000430803665949,0.000122648227261],[0.0000230206933338,0.00138431275263,-0.000210431069718,-0.0000673526083119,-0.00030264549423,0.000926620676182,-0.000315817451337,0.000359201192623,0.00005442624024,-0.000460679613752,0.000557265069801,0.000865277368575,-0.000351088441676],[0.0000880567458807,-0.000210431069718,0.00121792580467,-0.000830460863654,0.000186649165698,-0.00145479978528,0.00107738457154,-0.000783513532951,-0.000304065149976,0.000616785197053,-0.000192955645616,0.000547991367057,0.000235465035075],[0.000119494652608,-0.0000673526083119,-0.000830460863654,0.00526835955679,-0.001370207523,0.000248266325798,-0.00179257348645,0.000953054230195,-0.000904490530957,0.000715162837878,0.000527933880221,-0.000967329717241,0.00037878024159],[-0.000118533978821,-0.00030264549423,0.000186649165698,-0.001370207523,0.00695041706786,-0.00289744581096,0.00184633384924,-0.00258527114056,0.000618661812041,-0.00103065441363,0.000272691308055,-0.000064516934799,0.000415916729253],[-0.000393715803511,0.000926620676182,-0.00145479978528,0.000248266325798,-0.00289744581096,0.00948098301888,-0.00453956751153,0.00261467671953,-0.000817781256046,0.000571471522562,0.000042249514081,0.00124268431682,0.00161402812228],[0.0000250135053648,-0.000315817451337,0.00107738457154,-0.00179257348645,0.00184633384924,-0.00453956751153,0.0136433336884,-0.00704355817288,0.00371886603534,-0.0039052660577,0.000378949363949,-0.00192611233797,-0.00063775543822],[-0.0000460586816189,0.000359201192623,-0.000783513532951,0.000953054230195,-0.00258527114056,0.00261467671953,-0.00704355817288,0.0178546253592,-0.00860184337944,0.00407432252541,-0.00271504442208,0.000686106272042,-0.000412905181292],[0.00022102103685,0.00005442624024,-0.000304065149976,-0.000904490530957,0.000618661812041,-0.000817781256046,0.00371886603534,-0.00860184337944,0.0190290398896,-0.00919877644628,0.00549091212451,-0.00221023638733,0.00204501766711],[0.00000999792791845,-0.000460679613752,0.000616785197053,0.000715162837878,-0.00103065441363,0.000571471522562,-0.0039052660577,0.00407432252541,-0.00919877644628,0.018665349111,-0.0104795768857,0.00497658224776,-0.000958153104875],[0.000444768171292,0.000557265069801,-0.000192955645616,0.000527933880221,0.000272691308055,0.000042249514081,0.000378949363949,-0.00271504442208,0.00549091212451,-0.0104795768857,0.0238387454301,-0.00936004705727,0.00158239016309],[0.0000430803665949,0.000865277368575,0.000547991367057,-0.000967329717241,-0.000064516934799,0.00124268431682,-0.00192611233797,0.000686106272042,-0.00221023638733,0.00497658224776,-0.00936004705727,0.0212567821145,-0.00850855186582],[0.000122648227261,-0.000351088441676,0.000235465035075,0.00037878024159,0.000415916729253,0.00161402812228,-0.00063775543822,-0.000412905181292,0.00204501766711,-0.000958153104875,0.00158239016309,-0.00850855186582,0.0172030385584]],"mean":[-661.893188477,128.73866272,-14.6509447098,15.0907173157,-7.84685611725,-3.18140649796,-5.40456151962,-1.33183729649,2.70048809052,4.34872436523,-3.43359804153,-0.240914106369,-3.93337154388]},"pitch_salience":{"dmean":0.0592948868871,"dmean2":0.0979682952166,"dvar":0.00312297558412,"dvar2":0.00846528168768,"max":0.860553741455,"mean":0.586638391018,"median":0.590641736984,"min":0.209456712008,"var":0.00793487206101},"silence_rate_20dB":{"dmean":0,"dmean2":0,"dvar":0,"dvar2":0,"max":1,"mean":1,"median":1,"min":1,"var":0},"silence_rate_30dB":{"dmean":0.000286861730274,"dmean2":0.00057380576618,"dvar":0.000286807655357,"dvar2":0.000860492233187,"max":1,"mean":0.999856591225,"median":1,"min":0,"var":0.000143373996252},"silence_rate_60dB":{"dmean":0.0249569714069,"dmean2":0.0499211028218,"dvar":0.0243360903114,"dvar2":0.0543188117445,"max":1,"mean":0.11056933552,"median":0,"min":0,"var":0.0983433946967},"spectral_centroid":{"dmean":181.480545044,"dmean2":279.827270508,"dvar":49900.8359375,"dvar2":98714.6875,"max":11017.9150391,"mean":1264.98376465,"median":1192.61193848,"min":239.092834473,"var":286992.8125},"spectral_complexity":{"dmean":2.76247859001,"dmean2":4.12422895432,"dvar":10.8024244308,"dvar2":18.3793849945,"max":51,"mean":16.6880817413,"median":16,"min":0,"var":78.8630599976},"spectral_contrast_coeffs":{"dmean":[0.0500240437686,0.0453960560262,0.0379423573613,0.0299928728491,0.0197819471359,0.0144068589434],"dmean2":[0.0831593871117,0.073503382504,0.0606544166803,0.0475462339818,0.0317823812366,0.0232157949358],"dvar":[0.00184904562775,0.00150336802471,0.00103060237598,0.000640270474833,0.000287409056909,0.000145933372551],"dvar2":[0.00483115296811,0.00370617164299,0.00240349420346,0.00149681046605,0.000653586117551,0.000358065473847],"max":[-0.335797578096,-0.364308297634,-0.396933674812,-0.482019692659,-0.537178575993,-0.605040132999],"mean":[-0.656920850277,-0.684910297394,-0.724267840385,-0.757492780685,-0.779537677765,-0.751389145851],"median":[-0.660592079163,-0.692194461823,-0.728165149689,-0.76133108139,-0.783837199211,-0.752395153046],"min":[-0.955434978008,-0.959728240967,-0.960066974163,-0.961947202682,-0.960253417492,-0.958773970604],"var":[0.00633473414928,0.00690487818792,0.00530245527625,0.00411592144519,0.00220841518603,0.00115704652853]},"spectral_contrast_valleys":{"dmean":[0.42679810524,0.352877050638,0.325391948223,0.291444569826,0.217418834567,0.241132766008],"dmean2":[0.695386528969,0.566757023335,0.511333107948,0.44805175066,0.321333646774,0.322431504726],"dvar":[0.158861786127,0.126330241561,0.108088411391,0.0987996533513,0.0730564668775,0.110872410238],"dvar2":[0.349631011486,0.25925797224,0.205460801721,0.184581488371,0.11634721607,0.177525654435],"max":[-5.30252695084,-4.46566295624,-5.26102113724,-5.92543792725,-5.97964286804,-8.30962181091],"mean":[-7.75925683975,-6.88156938553,-7.47088718414,-7.96153068542,-7.82043647766,-10.6815643311],"median":[-7.57631206512,-6.71197509766,-7.32033252716,-7.83213758469,-7.73310899734,-10.4573869705],"min":[-27.6182346344,-27.3704414368,-27.1017780304,-27.2389316559,-27.29088974,-27.1799755096],"var":[1.59177863598,1.03180873394,1.00047576427,0.950435221195,0.84372150898,1.45344078541]},"spectral_decrease":{"dmean":1.45217904368e-9,"dmean2":2.20613682878e-9,"dvar":5.48369171411e-18,"dvar2":1.17943134051e-17,"max":2.58312176755e-17,"mean":-4.81327688817e-9,"median":-3.634463841e-9,"min":-3.24207078961e-8,"var":1.76658250271e-17},"spectral_energy":{"dmean":0.00577778415754,"dmean2":0.00872865784913,"dvar":0.0000858444982441,"dvar2":0.000183081589057,"max":0.131018385291,"mean":0.0196402519941,"median":0.0148732224479,"min":1.09103377962e-20,"var":0.000291745673167},"spectral_energyband_high":{"dmean":0.000128571831738,"dmean2":0.000181330542546,"dvar":4.95936447464e-8,"dvar2":9.30906907115e-8,"max":0.00399198289961,"mean":0.000350124028046,"median":0.000210823040106,"min":7.79151711222e-21,"var":1.59616789119e-7},"spectral_energyband_low":{"dmean":0.00163886032533,"dmean2":0.00257307128049,"dvar":0.0000156786991283,"dvar2":0.0000335980366799,"max":0.0430972911417,"mean":0.00285078631714,"median":0.00121997413225,"min":1.08921874825e-22,"var":0.0000258986983681},"spectral_energyband_middle_high":{"dmean":0.00166888674721,"dmean2":0.00238562957384,"dvar":0.00000874144916452,"dvar2":0.0000179916369234,"max":0.0611953996122,"mean":0.00577268423513,"median":0.00334126641974,"min":1.78285836144e-21,"var":0.0000474798107462},"spectral_energyband_middle_low":{"dmean":0.00425338326022,"dmean2":0.00673989392817,"dvar":0.0000537484156666,"dvar2":0.000134645684739,"max":0.118416368961,"mean":0.0111119262874,"median":0.00834278110415,"min":4.89621199949e-22,"var":0.000115897979413},"spectral_entropy":{"dmean":0.127851054072,"dmean2":0.18907545507,"dvar":0.0184596087784,"dvar2":0.0354041978717,"max":9.80467796326,"mean":7.40059947968,"median":7.47297239304,"min":5.36177110672,"var":0.191457509995},"spectral_flux":{"dmean":0.0197094772011,"dmean2":0.0314170196652,"dvar":0.000650714151561,"dvar2":0.00148877722677,"max":0.275637924671,"mean":0.0619043447077,"median":0.0523885115981,"min":1.04452564653e-10,"var":0.00176214240491},"spectral_kurtosis":{"dmean":1.82106268406,"dmean2":3.14250183105,"dvar":7.19257879257,"dvar2":21.4888782501,"max":64.3182830811,"mean":5.66147089005,"median":4.29632091522,"min":-1.16846573353,"var":30.6953926086},"spectral_rms":{"dmean":0.000586003239732,"dmean2":0.000864110479597,"dvar":6.27739041192e-7,"dvar2":0.00000120422748751,"max":0.0113058751449,"mean":0.00397813646123,"median":0.0038092599716,"min":3.26254995242e-12,"var":0.00000333558227794},"spectral_rolloff":{"dmean":289.169250488,"dmean2":483.845947266,"dvar":322046.71875,"dvar2":669364.1875,"max":21059.4726562,"mean":1421.94677734,"median":1205.859375,"min":107.666015625,"var":1186097.125},"spectral_skewness":{"dmean":0.208142012358,"dmean2":0.346433371305,"dvar":0.0537653639913,"dvar2":0.151757985353,"max":6.67218255997,"mean":1.6392800808,"median":1.56386888027,"min":0.00925109162927,"var":0.370872467756},"spectral_spread":{"dmean":375845.21875,"dmean2":562794.1875,"dvar":332799737856,"dvar2":559072411648,"max":40136420,"mean":4002153.5,"median":3961634.5,"min":1173607.125,"var":1879172710400},"spectral_strongpeak":{"dmean":0.547376692295,"dmean2":0.914441227913,"dvar":0.658346891403,"dvar2":1.59562790394,"max":11.5811719894,"mean":1.23509025574,"median":0.851652264595,"min":0,"var":1.55768203735},"zerocrossingrate":{"dmean":0.00699883792549,"dmean2":0.00843260530382,"dvar":0.0000962290214375,"dvar2":0.00011299608741,"max":0.67578125,"mean":0.0564668923616,"median":0.0537109375,"min":0.00537109375,"var":0.000823655922431}},"metadata":{"audio_properties":{"analysis_sample_rate":44100,"bit_rate":0,"codec":"flac","downmix":"mix","equal_loudness":0,"length":161.880004883,"lossless":true,"md5_encoded":"e72569ac850e420d61e413e93c524a36","replay_gain":-15.9743003845,"sample_rate":44100},"tags":{"album":["Rubber Factory"],"albumartist":["The Black Keys"],"albumartistsort":["Black Keys, The"],"artist":["The Black Keys"],"artistsort":["Black Keys, The"],"asin":["B0002O06N0"],"barcode":["045778037926"],"catalognumber":["80379"],"date":["2004-09-07"],"discnumber":["1"],"disctotal":["1"],"file_name":"01-10 Act Nice and Gentle.flac","label":["Fat Possum Records"],"media":["CD"],"musicbrainz_albumartistid":["d15721d8-56b4-453d-b506-fc915b14cba2"],"musicbrainz_albumid":["d8318a0e-474a-4ab3-9303-cde152591b83"],"musicbrainz_artistid":["d15721d8-56b4-453d-b506-fc915b14cba2"],"musicbrainz_recordingid":["929eb461-026d-4e40-9879-2f5dd199aef7"],"musicbrainz_releasegroupid":["dc7f0c9d-fd57-33a2-bfd9-b345315c2258"],"originaldate":["2004-09-07"],"releasecountry":["US"],"releasestatus":["official"],"releasetype":["album"],"script":["Latn"],"title":["Act Nice and Gentle"],"totaldiscs":["1"],"totaltracks":["13"],"tracknumber":["10"],"tracktotal":["13"]},"version":{"essentia":"2.1-beta1","essentia_build_sha":"ca57ba49d9b1854bd80e60cf9ccf267278fb7d6b","essentia_git_sha":"v2.1_beta1-28-g21ef5f4-dirty","extractor":"music 1.0"}},"rhythm":{"beats_count":399,"beats_loudness":{"dmean":0.0207879915833,"dmean2":0.0386807024479,"dvar":0.000305835332256,"dvar2":0.000854337005876,"max":0.127790808678,"mean":0.0314226895571,"median":0.0296774227172,"min":0.000242944021011,"var":0.000439561001258},"beats_loudness_band_ratio":{"dmean":[0.220588862896,0.162085160613,0.178791180253,0.105012051761,0.0841615125537,0.0312384460121],"dmean2":[0.388384461403,0.2836320400