{"lowlevel":{"average_loudness":0.427740305662,"barkbands":{"dmean":[0.00000762560966905,0.00213537388481,0.00103118049446,0.000657757918816,0.000860487052705,0.0010584742995,0.00108152686153,0.00066900550155,0.000978391617537,0.000807314529084,0.000419819320086,0.000405155675253,0.000483355979668,0.000454375258414,0.000208117082366,0.000176697896677,0.000142886667163,0.000124599333503,0.0000606509202044,0.0000426051519753,0.0000163457953022,0.0000144962286868,0.0000157939557539,0.0000224393570534,0.00000579217658014,0.00000142440012496,1.62653961411e-7],"dmean2":[0.0000122412302517,0.00343017163686,0.00182657549158,0.00114115804899,0.00136080232915,0.00166400545277,0.00163780129515,0.00100267969538,0.00145919306669,0.00129200681113,0.000678263779264,0.000658987672068,0.000808476877864,0.000741770956665,0.000318026257446,0.000282288267044,0.000226309595746,0.000194308842765,0.0000926275606616,0.0000637908451608,0.0000255149152508,0.0000217028791667,0.0000235003917624,0.0000327315465256,0.00000860916497913,0.00000221328559746,2.60780467443e-7],"dvar":[1.02404651425e-9,0.0000685009072185,0.0000195768898266,0.00000478536821902,0.00000693610900271,0.0000147830160131,0.00000876783997228,0.00000443854469268,0.00000804788305686,0.0000096692419902,0.00000225719873015,0.00000198109000848,0.00000211404312722,0.00000257784449786,8.94318702649e-7,0.00000106095899355,4.12742224398e-7,2.99027817618e-7,6.12131998423e-8,3.18183701609e-8,6.73543310015e-9,4.95818053281e-9,1.66872364815e-8,3.89343632889e-8,1.25240418036e-9,7.30791746562e-11,1.06045044707e-12],"dvar2":[2.36442221357e-9,0.000165100296726,0.000055003190937,0.0000136465159812,0.0000174630858965,0.0000370438538084,0.0000200131398742,0.00000972047382675,0.0000180738188647,0.0000219950343308,0.00000479244590679,0.00000504349463881,0.00000520687808603,0.00000618620515525,0.00000196878681891,0.00000272477814178,0.0000010407152331,7.4373139114e-7,1.35407503876e-7,6.75818085938e-8,1.65287854514e-8,1.07541371364e-8,2.77188654252e-8,8.41684766328e-8,2.22485962986e-9,1.79325040928e-10,2.62739070951e-12],"max":[0.000558141560759,0.102959021926,0.0605535656214,0.0325047075748,0.0433265902102,0.182259708643,0.124752238393,0.0556488782167,0.0728725492954,0.158855065703,0.0746800005436,0.0480946674943,0.0465285107493,0.041272867471,0.0363821312785,0.0431449599564,0.0233669802547,0.0177943073213,0.00942970626056,0.0065651726909,0.00381572148763,0.00235847011209,0.00915484689176,0.0112168304622,0.00214364333078,0.000214497791603,0.0000319277860399],"mean":[0.00000917047782423,0.00388364051469,0.00129910372198,0.00079241336789,0.0013589594746,0.00173294555862,0.00186349952128,0.00107825628947,0.00162613904104,0.00103953760117,0.000568798568565,0.000619506346993,0.000621164334007,0.000562764238566,0.000309213559376,0.000237975778873,0.000205117408768,0.00019353555399,0.000109745938971,0.0000677700154483,0.0000213675211853,0.0000193845262402,0.0000225509666052,0.0000281427601294,0.00000729115026843,0.00000137379038279,1.97356570197e-7],"median":[8.36562776385e-7,0.0000742140400689,0.000178518836037,0.000133950918098,0.000432698696386,0.000692683912348,0.000596319907345,0.000168780781678,0.000307179463562,0.000155245186761,0.000106371808215,0.000137779716169,0.000146662176121,0.0000780399132054,0.0000483081894345,0.0000334077303705,0.0000399637174269,0.0000225533458433,0.0000137304959935,0.00000856114274939,0.00000237090807786,0.00000165330732216,0.00000113056887585,0.00000115822672342,4.34070614119e-7,8.83280648623e-8,5.6062646081e-8],"min":[5.46488075953e-25,1.04122875007e-24,7.21256265201e-25,9.61978600239e-25,5.87494101187e-24,6.40721859678e-24,6.03358409535e-24,9.07463854624e-24,1.13370537571e-23,1.37235165564e-23,6.63209404743e-24,1.9975048326e-23,2.5629022693e-23,2.32009482697e-23,4.7130043554e-23,3.65902717923e-23,5.53286402321e-23,8.75263388666e-23,1.16838579947e-22,1.84275963706e-22,1.99685825064e-22,2.74472855483e-22,3.87759794309e-22,5.06902832598e-22,8.80148848428e-22,1.20679764576e-21,1.96267684451e-21],"var":[1.09028175377e-9,0.0000785598094808,0.0000145599969983,0.00000404970614909,0.00000943402574194,0.0000174655397132,0.0000151353906404,0.00000995824211714,0.0000179474973265,0.0000193056839635,0.00000366488256986,0.00000317386297866,0.00000269279894383,0.00000330182729158,0.00000189878892343,0.0000012621943597,5.89608816881e-7,5.03017872688e-7,1.49202250554e-7,5.81318992943e-8,7.43351113996e-9,8.70261462893e-9,4.38712568496e-8,5.33364250543e-8,2.58050447677e-9,6.63680777002e-11,9.41630020485e-13]},"barkbands_crest":{"dmean":2.30315113068,"dmean2":3.65106081963,"dvar":5.26556539536,"dvar2":13.1863975525,"max":24.7674064636,"mean":10.322388649,"median":9.52867031097,"min":2.20873808861,"var":16.0726585388},"barkbands_flatness_db":{"dmean":0.0194104798138,"dmean2":0.02804370597,"dvar":0.000450500898296,"dvar2":0.000927644432522,"max":0.412622183561,"mean":0.186325132847,"median":0.186241358519,"min":0.0107815051451,"var":0.00244555156678},"barkbands_kurtosis":{"dmean":2.32080173492,"dmean2":3.62045145035,"dvar":20.7421321869,"dvar2":50.8511123657,"max":119.971961975,"mean":3.35980463028,"median":1.74582910538,"min":-1.92815196514,"var":35.0701599121},"barkbands_skewness":{"dmean":0.48372387886,"dmean2":0.721882939339,"dvar":0.277691632509,"dvar2":0.614297688007,"max":9.19149780273,"mean":1.22533404827,"median":1.13999402523,"min":-3.0252263546,"var":1.30909633636},"barkbands_spread":{"dmean":3.23026537895,"dmean2":4.8316822052,"dvar":17.6562690735,"dvar2":36.1967773438,"max":106.720451355,"mean":13.0763940811,"median":11.3463726044,"min":0.481988698244,"var":70.4709625244},"dissonance":{"dmean":0.0252596139908,"dmean2":0.0424574427307,"dvar":0.000658322591335,"dvar2":0.00180857407395,"max":0.499999910593,"mean":0.44341892004,"median":0.451153725386,"min":0,"var":0.0014517956879},"dynamic_complexity":5.88547039032,"erbbands":{"dmean":[0.036590334028,0.565228641033,1.26675784588,1.71789157391,2.89715051651,2.52613687515,3.9444129467,10.2133798599,14.8974933624,14.8003520966,14.8905353546,19.8272972107,25.8963928223,18.0946559906,13.9548664093,17.0366668701,19.404712677,24.1817398071,12.6667938232,10.741651535,8.31793022156,7.5026884079,7.35787439346,3.38652849197,2.79429244995,1.90465283394,0.916416168213,0.50380975008,0.561067044735,0.396784871817,0.46653264761,0.445005059242,0.361874103546,0.101480916142,0.0280199516565,0.00899057555944,0.00196035741828,0.000329744187184,0.0000330455914082,0.00000871405336511],"dmean2":[0.0584952048957,0.909037053585,2.18590927124,3.03431892395,4.73811244965,3.99874281883,6.22917747498,16.1572437286,22.6206684113,22.1128978729,22.8533668518,29.9117889404,41.6946640015,28.6736850739,22.105096817,27.8644046783,31.8760757446,39.498134613,19.6958694458,16.2775764465,13.3244285583,11.7483100891,11.3094148636,4.93952274323,4.27937841415,2.79891610146,1.38908231258,0.777108073235,0.851065337658,0.595689892769,0.699002563953,0.660546243191,0.521465599537,0.150396540761,0.0422019548714,0.0139953456819,0.00301352445967,0.000522457645275,0.0000520496323588,0.0000131972710733],"dvar":[0.0206234455109,4.81501626968,27.8415260315,41.9652633667,91.9970474243,53.3448486328,123.313941956,1777.92871094,2164.42602539,1375.96704102,1876.5411377,3377.02978516,10036.5419922,3434.39428711,4557.51269531,3408.20288086,3460.9699707,5633.00390625,2277.29882812,2698.37988281,2980.83325195,1113.74438477,937.516296387,162.425247192,141.755828857,65.5028152466,18.0749988556,4.65348243713,7.8848862648,4.14142227173,16.5148048401,28.2933750153,5.07489681244,0.403234183788,0.0260478127748,0.00289920461364,0.000133403911605,0.00000388773014492,3.97685724352e-8,3.72030545259e-10],"dvar2":[0.0476645641029,11.811085701,75.3894119263,120.54750824,243.328765869,134.167266846,308.447296143,4437.99169922,4643.65136719,3156.74414062,4331.53271484,7837.37255859,23925.6835938,8101.19482422,9683.55957031,8614.47167969,8716.78808594,13899.6992188,4947.70800781,6204.86279297,8008.234375,2728.68261719,2244.53540039,314.42288208,295.813781738,141.91835022,42.2678527832,11.154135704,17.110906601,8.11754703522,26.166431427,62.7448577881,9.10466098785,0.667975008488,0.0544258840382,0.00703849224374,0.00031695200596,0.00000952543723542,1.00102454326e-7,8.58354221034e-10],"max":[1.65741240978,28.4664230347,71.0472488403,95.1281204224,174.300933838,116.647956848,282.679992676,2034.19140625,2534.26953125,753.872009277,1554.46594238,1609.62548828,5072.11328125,1436.27502441,3631.69116211,2136.94189453,2217.88793945,1382.95495605,1446.25500488,1723.37133789,2852.23730469,1208.06884766,898.514953613,725.657531738,422.566680908,277.916564941,175.653945923,74.4019851685,100.278160095,77.8147277832,291.731445312,355.449859619,105.190170288,39.2351760864,7.36873340607,1.29529905319,0.298557728529,0.0552667491138,0.00680321687832,0.000300728512229],"mean":[0.0635291412473,1.02300488949,1.81237876415,2.13588857651,4.2202129364,4.11647701263,6.78032684326,15.7430286407,25.2129249573,26.6246910095,29.5350971222,33.2577400208,35.8462219238,25.822763443,19.964887619,26.8461837769,27.051109314,31.5310287476,18.429473877,16.5085659027,12.9499511719,11.4867334366,11.8027362823,6.561398983,4.94075965881,3.07255220413,1.29691779613,0.700218737125,0.756851553917,0.534399449825,0.692146420479,0.57047355175,0.465954214334,0.13456146419,0.0337638445199,0.00901800580323,0.00194292992819,0.000330659502652,0.0000457350543002,0.0000231262092711],"median":[0.000866313232109,0.0281213708222,0.201256707311,0.518121004105,0.764073967934,1.5008251667,2.591319561,5.73220920563,8.6596698761,6.30945396423,5.75307750702,7.1023273468,6.66302490234,4.32249355316,4.42014217377,6.02889347076,7.2443022728,6.08716106415,3.49888563156,2.51357316971,2.21252346039,2.25088596344,1.70941233635,0.875894427299,0.697704195976,0.396768450737,0.148505523801,0.0844316408038,0.0629765987396,0.0435724407434,0.0319324731827,0.0204171519727,0.0187258832157,0.0082556642592,0.0020358543843,0.000479107373394,0.000146525344462,0.0000451841297036,0.0000164713273989,0.0000124189609778],"min":[5.51174527014e-23,2.70893698893e-22,2.52005258817e-21,4.10950477289e-21,1.22972409946e-20,2.13371626749e-20,3.85684786701e-20,6.77312093794e-20,1.09660018815e-19,1.44450459897e-19,2.75957378515e-19,3.37500831011e-19,4.43925552579e-19,4.80526950516e-19,5.24327094529e-19,1.03753284912e-18,1.34697956531e-18,1.19160516438e-18,1.64868232001e-18,2.44066774167e-18,3.59791306417e-18,4.15742506153e-18,4.2194243164e-18,6.31680817474e-18,6.26144456275e-18,7.53921692475e-18,9.00484779411e-18,9.58585035738e-18,9.95862757223e-18,1.2124072265e-17,9.89268804252e-18,1.07468719662e-17,9.53802277436e-18,7.52711858111e-18,6.17047413412e-18,3.96278904981e-18,2.30878764827e-18,8.83142069329e-19,2.5593753974e-19,2.78643091792e-20],"var":[0.0236048847437,5.4056968689,22.6266994476,30.1333770752,113.272735596,77.5804901123,200.809204102,2009.44189453,3416.60791016,3158.83642578,7380.97705078,6964.21875,19882.1347656,6401.20605469,6000.21630859,5586.36523438,4398.52294922,7276.25292969,3889.10205078,5138.43896484,3356.12011719,1747.50854492,1592.05688477,521.571105957,293.220123291,119.387306213,23.5456981659,6.46628713608,13.4160270691,8.26721382141,50.8407669067,43.6163253784,9.0782699585,0.864134132862,0.0428424961865,0.00281117972918,0.000128999250592,0.00000347261925526,3.63148338067e-8,8.71689331827e-10]},"erbbands_crest":{"dmean":2.71813964844,"dmean2":4.40340137482,"dvar":7.0068488121,"dvar2":18.3035068512,"max":28.7290592194,"mean":9.98774909973,"median":9.21600532532,"min":2.694865942,"var":17.6638393402},"erbbands_flatness_db":{"dmean":0.0179429128766,"dmean2":0.0260835625231,"dvar":0.000362648221198,"dvar2":0.000731469073799,"max":0.463017135859,"mean":0.220606252551,"median":0.219864040613,"min":0.0568699873984,"var":0.00275074294768},"erbbands_kurtosis":{"dmean":1.06373953819,"dmean2":1.68366408348,"dvar":2.38005232811,"dvar2":5.76721811295,"max":26.6173782349,"mean":0.693459630013,"median":0.121416330338,"min":-1.86461853981,"var":4.34721374512},"erbbands_skewness":{"dmean":0.409308552742,"dmean2":0.628787577152,"dvar":0.152614355087,"dvar2":0.352780461311,"max":3.72316765785,"mean":0.380837738514,"median":0.332634091377,"min":-4.11676883698,"var":0.536752045155},"erbbands_spread":{"dmean":5.13304042816,"dmean2":7.81673336029,"dvar":38.8566169739,"dvar2":86.7650909424,"max":126.480651855,"mean":23.5399589539,"median":21.9764595032,"min":1.90115761757,"var":136.886688232},"gfcc":{"cov":[[40344.0507812,4209.97119141,-4242.26611328,1755.8314209,-1134.30810547,694.852050781,-728.640930176,849.711486816,-86.9740142822,-201.091995239,73.9281387329,-565.292114258,-32.4100761414],[4209.97119141,1556.28833008,-394.46383667,99.9683074951,278.059356689,-27.8315105438,59.2243766785,88.2334289551,116.607170105,-113.02407074,65.8862228394,-97.1726989746,40.0505828857],[-4242.26611328,-394.46383667,1138.36462402,301.116790771,306.179443359,176.821136475,169.499938965,-5.42372703552,68.4395751953,111.913658142,18.2436523438,54.5890731812,76.0685272217],[1755.8314209,99.9683074951,301.116790771,935.899169922,264.930358887,306.205413818,147.688613892,179.478851318,140.472381592,66.8711166382,95.5596160889,-73.011680603,93.9857254028],[-1134.30810547,278.059356689,306.179443359,264.930358887,531.67175293,103.492408752,204.980010986,143.055618286,189.305038452,24.3153762817,50.0254554749,-6.68973445892,81.5911636353],[694.852050781,-27.8315105438,176.821136475,306.205413818,103.492408752,351.624237061,136.703964233,79.2073516846,56.1012954712,81.0542144775,42.7221984863,-28.3675041199,55.9516410828],[-728.640930176,59.2243766785,169.499938965,147.688613892,204.980010986,136.703964233,272.106933594,124.480117798,109.405845642,27.2927436829,53.981338501,-3.76562023163,58.6762924194],[849.711486816,88.2334289551,-5.42372703552,179.478851318,143.055618286,79.2073516846,124.480117798,278.528808594,175.436386108,25.9295349121,21.9681930542,-6.77820777893,61.8550643921],[-86.9740142822,116.607170105,68.4395751953,140.472381592,189.305038452,56.1012954712,109.405845642,175.436386108,252.558441162,54.2090339661,35.1008338928,-4.52899932861,68.4601287842],[-201.091995239,-113.02407074,111.913658142,66.8711166382,24.3153762817,81.0542144775,27.2927436829,25.9295349121,54.2090339661,156.754684448,54.0905265808,15.4997329712,20.8276386261],[73.9281387329,65.8862228394,18.2436523438,95.5596160889,50.0254554749,42.7221984863,53.981338501,21.9681930542,35.1008338928,54.0905265808,120.63217926,13.0964889526,23.178144455],[-565.292114258,-97.1726989746,54.5890731812,-73.011680603,-6.68973445892,-28.3675041199,-3.76562023163,-6.77820777893,-4.52899932861,15.4997329712,13.0964889526,93.0266647339,19.3462238312],[-32.4100761414,40.0505828857,76.0685272217,93.9857254028,81.5911636353,55.9516410828,58.6762924194,61.8550643921,68.4601287842,20.8276386261,23.178144455,19.3462238312,103.180809021]],"icov":[[0.000318452803185,-0.000877007609233,0.00087234552484,-0.000837600615341,0.000891516334377,-0.000836259336211,0.000876264006365,-0.00125231361017,0.00075585936429,-0.000602897780482,0.000648402841762,-0.000372935523046,0.000105671497295],[-0.000877007609233,0.00346659729257,-0.00194107857533,0.0023770199623,-0.0032573279459,0.00228855293244,-0.0021679662168,0.00361193087883,-0.00226685823873,0.00243188953027,-0.00259531196207,0.00193496223073,-0.000719533127267],[0.00087234552484,-0.00194107857533,0.00403507472947,-0.00273353140801,0.00142874417361,-0.0023495843634,0.00179924292024,-0.00241753133014,0.002097803168,-0.00235411361791,0.00260741985403,-0.0018195968587,-0.000048258651077],[-0.000837600615341,0.0023770199623,-0.00273353140801,0.00433971267194,-0.00284271640703,0.000831140379887,-0.00130094366614,0.00222846888937,-0.00180790177546,0.0022401555907,-0.00334629253484,0.00276774680242,-0.000942290411331],[0.000891516334377,-0.0032573279459,0.00142874417361,-0.00284271640703,0.00681301997975,-0.00191031291615,0.000656307383906,-0.00340310693718,0.000300086248899,-0.00134038296528,0.00206624018028,-0.00147983396892,0.000280551961623],[-0.000836259336211,0.00228855293244,-0.0023495843634,0.000831140379887,-0.00191031291615,0.00762993842363,-0.00463467463851,0.00325003033504,-0.000929766043555,-0.000912087096367,-0.000720355659723,0.00210849544965,-0.00154797814321],[0.000876264006365,-0.0021679662168,0.00179924292024,-0.00130094366614,0.000656307383906,-0.00463467463851,0.010041619651,-0.00564686534926,0.00188117253128,0.000136923947139,-0.00122527137864,-0.0000753447384341,-0.000342083920259],[-0.00125231361017,0.00361193087883,-0.00241753133014,0.00222846888937,-0.00340310693718,0.00325003033504,-0.00564686534926,0.0129475612193,-0.0075184488669,0.00248984713107,-0.000944720290136,0.000358990539098,-0.00103412463795],[0.00075585936429,-0.00226685823873,0.002097803168,-0.00180790177546,0.000300086248899,-0.000929766043555,0.00188117253128,-0.0075184488669,0.0113882413134,-0.00427686655894,0.00161124859005,0.000338626210578,-0.00219636037946],[-0.000602897780482,0.00243188953027,-0.00235411361791,0.0022401555907,-0.00134038296528,-0.000912087096367,0.000136923947139,0.00248984713107,-0.00427686655894,0.0118600353599,-0.00619270838797,0.000454843335319,0.000295203848509],[0.000648402841762,-0.00259531196207,0.00260741985403,-0.00334629253484,0.00206624018028,-0.000720355659723,-0.00122527137864,-0.000944720290136,0.00161124859005,-0.00619270838797,0.0144213158637,-0.00404867576435,0.000057262754126],[-0.000372935523046,0.00193496223073,-0.0018195968587,0.00276774680242,-0.00147983396892,0.00210849544965,-0.0000753447384341,0.000358990539098,0.000338626210578,0.000454843335319,-0.00404867576435,0.0157623998821,-0.00455581350252],[0.000105671497295,-0.000719533127267,-0.000048258651077,-0.000942290411331,0.000280551961623,-0.00154797814321,-0.000342083920259,-0.00103412463795,-0.00219636037946,0.000295203848509,0.000057262754126,-0.00455581350252,0.0145691828802]],"mean":[-129.653533936,131.420318604,-133.459060669,-1.9749481678,-54.5997581482,-1.24998545647,-37.6789932251,0.471891462803,-17.9865093231,-4.32182502747,-2.9453625679,-8.74095344543,-9.4760389328]},"hfc":{"dmean":3.98317074776,"dmean2":5.80720186234,"dvar":74.7494888306,"dvar2":150.434967041,"max":183.829666138,"mean":11.393699646,"median":4.47604656219,"min":1.08040144301e-16,"var":328.740325928},"melbands":{"dmean":[0.000477519759443,0.000698023301084,0.000325599336065,0.000202710172744,0.000125720980577,0.000230593621382,0.000225759504247,0.000155466288561,0.000136987117003,0.000128390383907,0.000132643530378,0.0000773283900344,0.0000502940783917,0.0000402258701797,0.0000458102513221,0.0000520528265042,0.0000477333887829,0.000024444581868,0.0000176422327058,0.0000135994778248,0.00000967565938481,0.00000875565910974,0.00000755465771363,0.00000553313338969,0.00000278327274827,0.00000248032392847,0.00000200029899133,0.00000116372268621,6.56284328215e-7,4.10650699223e-7,2.72938251555e-7,3.59533828487e-7,2.43846756121e-7,2.26478647392e-7,2.83598836859e-7,3.08096247181e-7,2.61076564811e-7,2.65526523435e-7,1.83552245403e-7,6.27382092944e-8],"dmean2":[0.000764988944866,0.00116609991528,0.000566093542147,0.000320220889989,0.000201483315323,0.000360708188964,0.000340604543453,0.000231290789088,0.000211096397834,0.000194338470465,0.000213864608668,0.000123449441162,0.0000801787100499,0.0000663083046675,0.0000747578305891,0.0000868034985615,0.0000781809649197,0.0000385758467019,0.0000261552304437,0.0000209800618904,0.0000156305559358,0.00001420935223,0.000011679666386,0.00000834430102259,0.00000412964072893,0.00000385934708902,0.00000301415957438,0.00000175904563093,0.0000010096424603,6.56206054828e-7,4.19642475435e-7,5.50028062207e-7,3.66072498537e-7,3.50697575868e-7,4.2465259753e-7,4.67395750547e-7,3.78773734155e-7,3.91761119545e-7,2.81281444359e-7,9.41078681649e-8],"dvar":[0.00000340492124451,0.00000773002284404,0.00000121637890516,4.07290940529e-7,1.28211368633e-7,7.32976843665e-7,4.0599110207e-7,1.67377422144e-7,1.56201423351e-7,1.57196794248e-7,2.63748319185e-7,7.1941492763e-8,3.96637034328e-8,1.94950988686e-8,3.66956882658e-8,2.32732713101e-8,2.48565950045e-8,1.01414601161e-8,7.15934644901e-9,5.58455814925e-9,4.21084012103e-9,1.96583216372e-9,1.28098942564e-9,5.18027787333e-10,1.27475141554e-10,1.40159231443e-10,8.07847261308e-11,2.42318821259e-11,8.80269641901e-12,6.36073225341e-12,1.33707075359e-12,4.02620384948e-12,1.67305546587e-12,1.59011248179e-12,6.99198815166e-12,1.68620499508e-11,7.83852063119e-12,2.95734725771e-12,1.26403813631e-12,1.7361828121e-13],"dvar2":[0.0000080279642134,0.0000197425724764,0.00000345888429365,0.00000103453362499,3.24992953438e-7,0.00000175634397692,8.78032949458e-7,3.80797303023e-7,3.64988608226e-7,3.72163839302e-7,6.19844740868e-7,1.71304591845e-7,8.15995946368e-8,4.89940035209e-8,9.30250863007e-8,5.95570064377e-8,6.17318463014e-8,2.23054215098e-8,1.47712340137e-8,1.29412809358e-8,1.14053495537e-8,5.17313702986e-9,3.05646730148e-9,1.19180587621e-9,2.47495385297e-10,3.23995247298e-10,1.62247215663e-10,5.5738372251e-11,2.05525423069e-11,1.68432542219e-11,3.15273003017e-12,8.85012636093e-12,3.67528880593e-12,3.40173483999e-12,1.1931558172e-11,3.55847816491e-11,1.64032606942e-11,5.22356203431e-12,2.46397910755e-12,3.07963967912e-13],"max":[0.0226331483573,0.0384802296758,0.0151012931019,0.0113839032128,0.00870516616851,0.0415542386472,0.0326690934598,0.0097348401323,0.0132826603949,0.0118799060583,0.0265727862716,0.0073150251992,0.010603277944,0.00553324492648,0.00672196410596,0.00300194951706,0.00308875413612,0.00343635445461,0.00406333059072,0.0034421805758,0.00323440111242,0.00179676094558,0.00136204168666,0.000825011578854,0.000652843737043,0.000481380993733,0.000356562784873,0.000146703314385,0.0000951881665969,0.000132543122163,0.0000323815984302,0.0000877094134921,0.0000615567405475,0.0000491924693051,0.000181289782631,0.000273484940408,0.000158237598953,0.0000857043705764,0.0000538684544154,0.0000257051033259],"mean":[0.00087385927327,0.00116185692605,0.000436460511992,0.000317432219163,0.000216133339563,0.000369255663827,0.000390290981159,0.000273063051281,0.000272096483968,0.000204370662686,0.000178781425348,0.000105273764348,0.0000696898277965,0.0000609836824879,0.0000672169262543,0.0000640161815681,0.0000597479847784,0.0000312236006721,0.0000261028562818,0.0000181968171091,0.0000142786984725,0.0000120643207993,0.0000113467631309,0.00000868579718372,0.00000499346151628,0.0000040552149585,0.0000031214772207,0.00000174025922206,8.90155604338e-7,5.01914428241e-7,3.62933690212e-7,4.79439904666e-7,2.99280372928e-7,2.93818345654e-7,3.92898016344e-7,4.13627844864e-7,3.10602104037e-7,3.45404259861e-7,2.234710621e-7,8.0977137884e-8],"median":[0.0000138275809149,0.0000836241379147,0.0000975626899162,0.0000891976887942,0.0000885033441591,0.000141770025948,0.000135947164381,0.0000558809661015,0.0000444582619821,0.0000425775178883,0.0000305163557641,0.0000162741343956,0.0000144620480569,0.0000148961225932,0.0000147331793414,0.0000146378988575,0.0000096956591733,0.0000052081454669,0.00000383156248063,0.00000239502605837,0.00000240073359237,0.00000212516761167,0.00000186157308235,9.6325152299e-7,5.73102681756e-7,4.61224630044e-7,4.08337996305e-7,1.88540013824e-7,9.53587147023e-8,5.27896091285e-8,3.87579106587e-8,3.39390169302e-8,2.54948346878e-8,2.04327186282e-8,1.83916277763e-8,1.35995961159e-8,9.53617629307e-9,1.31944934978e-8,1.10150395471e-8,4.80721862317e-9],"min":[1.15487688385e-24,1.15066308472e-24,9.80033259777e-25,1.43921242941e-24,1.23504073182e-24,1.09343487452e-24,1.46605776045e-24,1.43732478387e-24,2.14035141033e-24,1.54426109186e-24,1.94847322248e-24,2.2966888506e-24,1.41450382675e-24,2.52589002003e-24,2.28031288707e-24,2.41208657926e-24,2.20602348904e-24,1.80862810272e-24,2.49786731409e-24,3.2397138843e-24,3.77718355447e-24,3.08127846845e-24,3.44834491398e-24,3.02346916359e-24,4.34974195493e-24,4.63267954036e-24,4.60496251802e-24,3.97063354768e-24,4.49673750714e-24,5.21188843267e-24,5.03967063073e-24,4.8283332165e-24,5.15195551426e-24,5.4048737868e-24,5.15110393891e-24,5.45957813514e-24,5.207105569e-24,6.08331822555e-24,6.55905972711e-24,5.47686010542e-24],"var":[0.00000399377086069,0.00000741885787647,9.92151285573e-7,5.55164660909e-7,1.93289011463e-7,9.19610954497e-7,6.90155445682e-7,3.77533837082e-7,7.06296077624e-7,2.74773697129e-7,5.31939804205e-7,1.23499958704e-7,5.97925478019e-8,2.98015230271e-8,4.74325645428e-8,2.76799791976e-8,3.05357801267e-8,1.38491156321e-8,1.57690056568e-8,7.54408002734e-9,4.46136994015e-9,2.4355195638e-9,1.92004279143e-9,9.97754101562e-10,3.59981988662e-10,2.6890908944e-10,1.42209799492e-10,4.08583063216e-11,1.12391684501e-11,5.47674709403e-12,2.04467519305e-12,6.418218821e-12,2.87445761638e-12,2.7181258546e-12,1.54572309813e-11,3.43346392984e-11,1.1237079843e-11,5.27319247295e-12,2.1275247189e-12,3.55412368373e-13]},"melbands_crest":{"dmean":2.54448056221,"dmean2":3.99048876762,"dvar":6.32956027985,"dvar2":15.0989084244,"max":32.2377433777,"mean":12.6711015701,"median":12.1186981201,"min":1.00013959408,"var":23.140460968},"melbands_flatness_db":{"dmean":0.0228189975023,"dmean2":0.0322708636522,"dvar":0.000709432701115,"dvar2":0.0014243919868,"max":0.546904563904,"mean":0.251116663218,"median":0.254608422518,"min":1.07858276976e-7,"var":0.00527710979804},"melbands_kurtosis":{"dmean":4.08636617661,"dmean2":6.2768535614,"dvar":73.5462722778,"dvar2":179.478591919,"max":269.443634033,"mean":7.05406522751,"median":3.64105176926,"min":-1.79208064079,"var":125.975662231},"melbands_skewness":{"dmean":0.561064839363,"dmean2":0.836768567562,"dvar":0.41654536128,"dvar2":0.923295676708,"max":13.2972698212,"mean":1.82756614685,"median":1.64547300339,"min":-2.08835935593,"var":1.67408227921},"melbands_spread":{"dmean":4.8008980751,"dmean2":7.21570825577,"dvar":41.5471572876,"dvar2":92.629486084,"max":165.721557617,"mean":19.1565132141,"median":14.3585510254,"min":0.49280962348,"var":452.45803833},"mfcc":{"cov":[[15092.7382812,1932.46032715,-725.816589355,1058.65441895,484.96875,135.742599487,421.460296631,461.379425049,418.357727051,577.822265625,312.685668945,197.913574219,109.007659912],[1932.46032715,1985.13818359,-354.803100586,83.0723724365,162.694168091,-72.0350265503,36.1188354492,83.3283233643,46.0218544006,1.2203220129,35.3585700989,15.1502971649,14.1859178543],[-725.816589355,-354.803100586,624.566772461,124.343261719,75.6311950684,172.386398315,79.9404373169,-37.0186538696,38.4164772034,1.81693398952,10.2166690826,22.8484764099,14.1171197891],[1058.65441895,83.0723724365,124.343261719,584.840942383,306.715606689,142.267074585,154.454605103,123.987113953,140.792495728,131.190261841,70.57421875,55.0653457642,49.5997657776],[484.96875,162.694168091,75.6311950684,306.715606689,357.14175415,130.059768677,91.5500946045,93.5823135376,167.462768555,104.423828125,66.4703369141,53.7819404602,49.2240715027],[135.742599487,-72.0350265503,172.386398315,142.267074585,130.059768677,267.00189209,147.0418396,29.6589031219,53.6920051575,57.7230262756,38.72082901,22.2463760376,13.9194917679],[421.460296631,36.1188354492,79.9404373169,154.454605103,91.5500946045,147.0418396,251.842254639,85.6645812988,72.7368545532,66.7762527466,54.4084472656,30.2008857727,22.8017597198],[461.379425049,83.3283233643,-37.0186538696,123.987113953,93.5823135376,29.6589031219,85.6645812988,193.78604126,134.821212769,69.0439300537,45.732460022,29.0820007324,36.1704711914],[418.357727051,46.0218544006,38.4164772034,140.792495728,167.462768555,53.6920051575,72.7368545532,134.821212769,299.996276855,124.605079651,80.7676391602,60.4702529907,51.5959396362],[577.822265625,1.2203220129,1.81693398952,131.190261841,104.423828125,57.7230262756,66.7762527466,69.0439300537,124.605079651,172.3881073,78.8404083252,44.822769165,41.49010849],[312.685668945,35.3585700989,10.2166690826,70.57421875,66.4703369141,38.72082901,54.4084472656,45.732460022,80.7676391602,78.8404083252,131.557495117,55.1813545227,34.7444229126],[197.913574219,15.1502971649,22.8484764099,55.0653457642,53.7819404602,22.2463760376,30.2008857727,29.0820007324,60.4702529907,44.822769165,55.1813545227,99.6136779785,45.2022857666],[109.007659912,14.1859178543,14.1171197891,49.5997657776,49.2240715027,13.9194917679,22.8017597198,36.1704711914,51.5959396362,41.49010849,34.7444229126,45.2022857666,95.8169555664]],"icov":[[0.000103260492324,-0.0000844412570586,0.000107114217826,-0.000194534906768,0.000146251302795,-0.00003648465281,-0.0000274243484455,-0.0000293815173791,-0.00000153793314439,-0.000245738658123,-0.00000520374260304,-0.0000834716047393,0.0000762312556617],[-0.0000844412570586,0.000694279908203,0.000283745059278,0.000205618111067,-0.000630971684586,0.000262575864326,-0.000224087765673,-0.00000303807587443,0.0000571261334699,0.000520436209626,-0.000145553858601,0.0000688903455739,-0.0000503273950017],[0.000107114217826,0.000283745059278,0.00250862818211,-0.000684712431394,0.000245996314334,-0.00134547636844,-0.000185548880836,0.0010306739714,-0.000714535242878,0.00074275751831,0.0000310988725687,-0.000336761091603,-0.000244135400862],[-0.000194534906768,0.000205618111067,-0.000684712431394,0.00407206080854,-0.00317239994183,0.000532201665919,-0.000953916227445,-0.000984134851024,0.00101625476964,-0.000821031804662,0.000322140025673,-0.00000775157968746,0.0000299296843878],[0.000146251302795,-0.000630971684586,0.000245996314334,-0.00317239994183,0.00747000006959,-0.00243086577393,0.00125897361431,0.00021902951994,-0.00243995897472,-0.000261220528046,-0.000129528430989,-0.000474108557682,-0.000636102980934],[-0.00003648465281,0.000262575864326,-0.00134547636844,0.000532201665919,-0.00243086577393,0.00755799049512,-0.00368956685998,0.000684478029143,0.000760669761803,-0.000904436048586,-0.0000827249896247,0.000330939132255,0.000551745353732],[-0.0000274243484455,-0.000224087765673,-0.000185548880836,-0.000953916227445,0.00125897361431,-0.00368956685998,0.00745734572411,-0.00237192376517,0.000176727087819,-0.000260738626821,-0.00104288454168,-0.000221500129555,0.0000958731907303],[-0.0000293815173791,-0.00000303807587443,0.0010306739714,-0.000984134851024,0.00021902951994,0.000684478029143,-0.00237192376517,0.00941238366067,-0.00358134065755,0.000378404889489,-0.0000540567671123,0.000719325151294,-0.00136428058613],[-0.00000153793314439,0.0000571261334699,-0.000714535242878,0.00101625476964,-0.00243995897472,0.000760669761803,0.000176727087819,-0.00358134065755,0.00731697212905,-0.00290793552995,-0.000638777390122,-0.00108295853715,0.000086986226961],[-0.000245738658123,0.000520436209626,0.00074275751831,-0.000821031804662,-0.000261220528046,-0.000904436048586,-0.000260738626821,0.000378404889489,-0.00290793552995,0.0117877610028,-0.00377298612148,0.000281517714029,-0.00160018738825],[-0.00000520374260304,-0.000145553858601,0.0000310988725687,0.000322140025673,-0.000129528430989,-0.0000827249896247,-0.00104288454168,-0.0000540567671123,-0.000638777390122,-0.00377298612148,0.0126403188333,-0.00452816858888,-0.000266339571681],[-0.0000834716047393,0.0000688903455739,-0.000336761091603,-0.00000775157968746,-0.000474108557682,0.000330939132255,-0.000221500129555,0.000719325151294,-0.00108295853715,0.000281517714029,-0.00452816858888,0.0157106202096,-0.00519331498072],[0.0000762312556617,-0.0000503273950017,-0.000244135400862,0.0000299296843878,-0.000636102980934,0.000551745353732,0.0000958731907303,-0.00136428058613,0.000086986226961,-0.00160018738825,-0.000266339571681,-0.00519331498072,0.014309217222]],"mean":[-749.532897949,164.487716675,-20.4419975281,0.125801339746,-1.25065374374,-8.86699676514,-4.62879228592,-4.75912094116,-9.83786964417,-1.13977539539,0.59843981266,0.764549553394,-2.55084371567]},"pitch_salience":{"dmean":0.0616436488926,"dmean2":0.0978593975306,"dvar":0.00375294825062,"dvar2":0.00926851853728,"max":0.996097564697,"mean":0.544859707355,"median":0.54842543602,"min":0.119429275393,"var":0.013985783793},"silence_rate_20dB":{"dmean":0,"dmean2":0,"dvar":0,"dvar2":0,"max":1,"mean":1,"median":1,"min":1,"var":0},"silence_rate_30dB":{"dmean":0.00922057311982,"dmean2":0.0184438042343,"dvar":0.00913492683321,"dvar2":0.0255942177027,"max":1,"mean":0.99380582571,"median":1,"min":0,"var":0.00615567294881},"silence_rate_60dB":{"dmean":0.0489842966199,"dmean2":0.09798271209,"dvar":0.0465868115425,"dvar2":0.102503806353,"max":1,"mean":0.289830029011,"median":0,"min":0,"var":0.205833405256},"spectral_centroid":{"dmean":169.411087036,"dmean2":252.624481201,"dvar":87697,"dvar2":190425.484375,"max":11837.2148438,"mean":1156.98327637,"median":813.150024414,"min":137.208007812,"var":2687575.75},"spectral_complexity":{"dmean":2.31407570839,"dmean2":3.36541795731,"dvar":9.20053386688,"dvar2":16.4220981598,"max":51,"mean":12.6051568985,"median":11,"min":0,"var":75.0566101074},"spectral_contrast_coeffs":{"dmean":[0.0415781289339,0.0419237874448,0.0368568487465,0.0319716334343,0.0223193988204,0.0139770489186],"dmean2":[0.0661682859063,0.0668116658926,0.0590507090092,0.0511522330344,0.0349236652255,0.0217611826956],"dvar":[0.00139723496977,0.00136220245622,0.00105009996332,0.000738426519092,0.000405712926295,0.000183618525625],"dvar2":[0.00346209923737,0.00330598675646,0.00266312854365,0.00185172155034,0.000930402311496,0.000427395949373],"max":[-0.298824250698,-0.344535291195,-0.488551795483,-0.54478007555,-0.570951402187,-0.643892467022],"mean":[-0.618165612221,-0.710392057896,-0.749082028866,-0.754627466202,-0.78070640564,-0.804840147495],"median":[-0.626262903214,-0.709111690521,-0.748171150684,-0.755596935749,-0.780197024345,-0.800827026367],"min":[-0.97782510519,-0.999154388905,-0.997440695763,-0.986251235008,-0.98895072937,-0.965194284916],"var":[0.0132275335491,0.00650918995962,0.00463326973841,0.00414722179994,0.00293144839816,0.00185500399675]},"spectral_contrast_valleys":{"dmean":[0.407393932343,0.339111119509,0.35644942522,0.323787599802,0.251650631428,0.263493537903],"dmean2":[0.661141097546,0.537371814251,0.544728755951,0.493281662464,0.362963914871,0.350746929646],"dvar":[0.181850239635,0.151950716972,0.154103845358,0.13156978786,0.1207344383,0.164359584451],"dvar2":[0.406102657318,0.310058772564,0.291321694851,0.248385608196,0.207968726754,0.293144524097],"max":[-5.21426153183,-4.5345659256,-5.1033873558,-5.71067476273,-5.53546524048,-7.63080787659],"mean":[-9.16094875336,-7.60141563416,-8.36571311951,-8.90557861328,-9.39420890808,-12.199804306],"median":[-8.59366035461,-6.96434116364,-7.8125910759,-8.24941635132,-8.83295249939,-11.8565235138],"min":[-28.2642612457,-27.9855861664,-27.8686542511,-27.8306922913,-27.5931377411,-27.3836212158],"var":[11.6527328491,11.5775489807,10.8861513138,10.6057796478,10.18430233,7.35081338882]},"spectral_decrease":{"dmean":1.69905967073e-9,"dmean2":2.5986346408e-9,"dvar":1.50663404689e-17,"dvar2":3.50778181026e-17,"max":1.69329131356e-24,"mean":-4.56945548066e-9,"median":-2.48186493579e-9,"min":-5.24256620338e-8,"var":3.43236543771e-17},"spectral_energy":{"dmean":0.00671538896859,"dmean2":0.0102551430464,"dvar":0.000227602940868,"dvar2":0.00052743172273,"max":0.205322727561,"mean":0.0182795394212,"median":0.00986170955002,"min":1.00156102933e-20,"var":0.000547070580069},"spectral_energyband_high":{"dmean":0.0000805733143352,"dmean2":0.000116296811029,"dvar":1.29444842401e-7,"dvar2":2.34140500766e-7,"max":0.0142000410706,"mean":0.000125717604533,"median":0.0000125221868075,"min":7.00754214639e-21,"var":3.07328974714e-7},"spectral_energyband_low":{"dmean":0.00308543560095,"dmean2":0.00495802750811,"dvar":0.00013713419321,"dvar2":0.000328666792484,"max":0.158147215843,"mean":0.00557503243908,"median":0.00064383156132,"min":1.4985652984e-23,"var":0.000151408981765},"spectral_energyband_middle_high":{"dmean":0.00198192009702,"dmean2":0.0029480708763,"dvar":0.0000249089607678,"dvar2":0.0000530009019712,"max":0.171411514282,"mean":0.00434487126768,"median":0.00128649640828,"min":1.10732200793e-21,"var":0.0000814322411316},"spectral_energyband_middle_low":{"dmean":0.00368671305478,"dmean2":0.00580042041838,"dvar":0.0000582653810852,"dvar2":0.000137999275466,"max":0.191155940294,"mean":0.00890200398862,"median":0.00406505074352,"min":1.23457728787e-22,"var":0.000148503575474},"spectral_entropy":{"dmean":0.159466668963,"dmean2":0.23442453146,"dvar":0.0314901731908,"dvar2":0.0641930997372,"max":9.82677745819,"mean":7.03105020523,"median":6.98169612885,"min":5.2764210701,"var":0.403802990913},"spectral_flux":{"dmean":0.0192916020751,"dmean2":0.0298877302557,"dvar":0.00106844969559,"dvar2":0.0022812213283,"max":0.430251181126,"mean":0.0578031055629,"median":0.0398980043828,"min":6.38058078595e-11,"var":0.00327904708683},"spectral_kurtosis":{"dmean":4.30786657333,"dmean2":7.34117937088,"dvar":30.705997467,"dvar2":84.7257919312,"max":180.701660156,"mean":12.1947011948,"median":9.88417625427,"min":-1.2811819315,"var":98.4930953979},"spectral_rms":{"dmean":0.000602277636062,"dmean2":0.000883461616468,"dvar":0.0000010463917306,"dvar2":0.00000226976203521,"max":0.0141532626003,"mean":0.00346166570671,"median":0.00310180266388,"min":3.12591228943e-12,"var":0.00000585055386182},"spectral_rolloff":{"dmean":278.603820801,"dmean2":460.623352051,"dvar":296460.71875,"dvar2":607807.6875,"max":20370.4101562,"mean":1520.75708008,"median":947.4609375,"min":86.1328125,"var":8539474},"spectral_skewness":{"dmean":0.375524312258,"dmean2":0.6230905056,"dvar":0.157135412097,"dvar2":0.413355976343,"max":10.7594947815,"mean":2.38563394547,"median":2.30977725983,"min":-0.24115870893,"var":0.849501311779},"spectral_spread":{"dmean":424636.21875,"dmean2":646959.8125,"dvar":1028185653250,"dvar2":2174084186110,"max":48015336,"mean":3800406,"median":2660433.5,"min":583101.4375,"var":36430436892700},"spectral_strongpeak":{"dmean":0.417629212141,"dmean2":0.703455984592,"dvar":0.652572512627,"dvar2":1.58555233479,"max":13.1787490845,"mean":0.814262628555,"median":0.385689973831,"min":0,"var":1.35257101059},"zerocrossingrate":{"dmean":0.00619268091395,"dmean2":0.00763808377087,"dvar":0.000100496472442,"dvar2":0.000159502509632,"max":0.5244140625,"mean":0.0514517761767,"median":0.0361328125,"min":0.00341796875,"var":0.00595758063719}},"metadata":{"audio_properties":{"analysis_sample_rate":44100,"bit_rate":0,"codec":"flac","downmix":"mix","equal_loudness":0,"length":161.160003662,"lossless":true,"md5_encoded":"10d66b294e6c05365a8ae2503c482f36","replay_gain":-6.97466278076,"sample_rate":44100},"tags":{"album":["Surf's Up"],"albumartist":["The Beach Boys"],"albumartistsort":["Beach Boys, The"],"artist":["The Beach Boys"],"artistsort":["Beach Boys, The"],"asin":["B00005LXOK"],"barcode":["5099746783525"],"catalognumber":["467835 2"],"date":["1991"],"discnumber":["1"],"disctotal":["1"],"engineer":["Stephen W. Desper"],"file_name":"01-01 Don't Go Near the Water.flac","genre":["Pop"],"isrc":["USBR10000035"],"label":["Epic"],"media":["CD"],"mixer":["Stephen W. Desper"],"musicbrainz_albumartistid":["ebfc1398-8d96-47e3-82c3-f782abcdb13d"],"musicbrainz_albumid":["30f4bea8-27a1-3f55-b436-a804e45fa701"],"musicbrainz_artistid":["ebfc1398-8d96-47e3-82c3-f782abcdb13d"],"musicbrainz_recordingid":["92c21068-91b2-47c3-beb4-a3bab3cfe2a9"],"musicbrainz_releasegroupid":["a42b6a80-b542-344c-921d-15a07fdb580e"],"originaldate":["1971-08-30"],"performer":["The Beach Boys"],"producer":["The Beach Boys"],"releasecountry":["XE"],"releasestatus":["official"],"releasetype":["album"],"script":["Latn"],"title":["Don't Go Near the Water"],"totaldiscs":["1"],"totaltracks":["10"],"tracknumber":["1"],"tracktotal":["10"]},"version":{"essentia":"2.1-beta1","essentia_build_sha":"ca57ba49d9b1854bd80e60cf9ccf267278fb7d6b","essentia_git_sha":"v2.1_beta1-28-g21ef5f4-dirty","extractor":"music 1.0"}},"rhythm":{"beats_count":328,"beats_loudness":{"dmean":0.0139973247424,"dmean2":0.0252480097115,"dvar":0.000337194680469,"dvar2":0.00105157250073,"max":0.146843582392,"mean":0.0284196287394,"median":0.0160382762551,"min":0,"var":0.000946996791754},"beats_loudness_band_ratio":{"dmean":[0.179529935122,0.145635932684,0.155449062586,0.126425430179,