{"lowlevel":{"average_loudness":0.860020458698,"barkbands":{"dmean":[0.000077836739365,0.000988371670246,0.00154513143934,0.00118337234017,0.000872997625265,0.000406686449423,0.00066045607673,0.00165576313157,0.00129119912162,0.000571069831494,0.000300345302094,0.000490307633299,0.000592975702602,0.00119681027718,0.0007602624828,0.000494493404403,0.000253566715401,0.000241227127844,0.000123164267279,0.0000538399508514,0.0000319316532114,0.0000177889887709,0.0000127652410811,0.0000160199288075,0.0000183567117347,0.0000128509436763,0.0000027797830171],"dmean2":[0.000128637009766,0.00172426411882,0.00253036501817,0.0019021051703,0.00148615834769,0.0006831450155,0.00111915986054,0.00267863017507,0.00210107094608,0.000926474574953,0.000476036657346,0.0008001816459,0.000954673276283,0.00189521349967,0.00123055372387,0.000785833515693,0.00039058123366,0.000381044083042,0.000197859553737,0.0000850024225656,0.0000491847749799,0.0000264085683739,0.0000186320357898,0.0000220948895731,0.0000251857909461,0.0000175675741048,0.00000396768336941],"dvar":[4.30325073353e-8,0.00000965233357419,0.0000166553691088,0.00000552688652533,0.00000508338644067,5.52731194148e-7,0.00000224209929911,0.0000135011823659,0.0000201928723982,0.00000247214597948,4.51164567039e-7,0.00000115051125249,8.88376689545e-7,0.00000425934604209,0.00000197324607143,8.04318233349e-7,1.80454463816e-7,1.35326772011e-7,6.30776355592e-8,1.21649774698e-8,5.30829336043e-9,1.70771041752e-9,7.95241483775e-10,1.01940855757e-9,3.14730663753e-9,2.5342676846e-9,1.22318405404e-10],"dvar2":[1.07437664099e-7,0.0000279884843621,0.0000463554861199,0.0000147590426423,0.0000135367517942,0.00000150211576511,0.00000586748274145,0.0000361428174074,0.0000552151141164,0.00000644327701593,9.61927980825e-7,0.0000027929161206,0.00000223337451644,0.000010355055565,0.00000539768552699,0.00000200791851057,4.20763740294e-7,3.3494058016e-7,1.6454303875e-7,2.99823881278e-8,1.29283845851e-8,3.77661102391e-9,1.63296609568e-9,1.83697046463e-9,6.17038153905e-9,5.4642050884e-9,2.76261041821e-10],"max":[0.00260509969667,0.036223910749,0.0627344399691,0.0384237244725,0.0375582128763,0.00898291077465,0.0255967210978,0.054565474391,0.099590882659,0.0351097397506,0.0206581335515,0.0225131362677,0.012212770991,0.0305186118931,0.0197611488402,0.0116643179208,0.00793348811567,0.00604701414704,0.00525246188045,0.00144962675404,0.00109500670806,0.000809764314909,0.000975762028247,0.000893941498362,0.00119744590484,0.00119235413149,0.000230424266192],"mean":[0.0000814417071524,0.00117472896818,0.00262587890029,0.00206843600608,0.00133457861375,0.000569277559407,0.000783355324529,0.00215720129199,0.00190237152856,0.000923517160118,0.000520407687873,0.000808874610811,0.000960344972555,0.00214328221045,0.00131180102471,0.000927094486542,0.000478669942822,0.000506529817358,0.000222400281928,0.000108330481453,0.0000645166073809,0.0000384678387491,0.0000313761374855,0.000040245908167,0.0000370443958673,0.0000217729939322,0.00000494954883834],"median":[0.000011028994777,0.000216149288462,0.000291529140668,0.000484420044813,0.000409467553254,0.000232903083088,0.000253688223893,0.000555594742764,0.000444027915364,0.000249140750384,0.000149528350448,0.000308279530145,0.000523573020473,0.000676848867442,0.000400452699978,0.000329701870214,0.000241966845351,0.00031572120497,0.000115231414384,0.0000222369217227,0.00000737916616345,0.00000602322597842,0.00000625803295407,0.0000123647150758,0.00000394633298129,0.00000179855987881,7.29833459445e-7],"min":[6.40254342599e-13,2.07029315566e-12,6.47318223329e-12,4.88533475826e-12,2.03893607727e-12,1.10439164324e-12,8.87004987689e-13,1.0316359312e-12,5.91703986155e-13,7.89530550313e-13,3.0989417304e-13,1.42396814826e-12,3.04857267902e-13,8.7396534237e-14,3.94007255208e-13,1.19950205909e-13,4.78329236029e-13,2.1654507072e-13,2.15253921458e-13,8.06145840186e-13,1.95777544025e-13,2.06875057991e-13,1.44777500535e-13,2.20814726638e-13,2.93688982638e-13,8.93562499926e-14,9.33599172363e-14],"var":[5.19022478329e-8,0.00000874993020261,0.0000261868171947,0.0000115328948596,0.00000792285391071,7.37777156701e-7,0.0000022274418825,0.0000183838001249,0.0000372800859623,0.00000450630705018,0.00000106840116132,0.00000244897933044,0.00000170730436366,0.0000104234404716,0.00000402026307711,0.00000204259595193,4.7145380222e-7,3.8432187921e-7,9.91659518945e-8,2.87206951555e-8,1.2926412829e-8,4.69640104583e-9,3.08122438675e-9,4.41528502648e-9,7.2494064085e-9,3.94445720531e-9,1.77606096496e-10]},"barkbands_crest":{"dmean":2.68529868126,"dmean2":4.45551872253,"dvar":5.64814758301,"dvar2":14.8280220032,"max":25.9368228912,"mean":8.90879631042,"median":7.91556215286,"min":2.76537060738,"var":16.9881820679},"barkbands_flatness_db":{"dmean":0.0204347837716,"dmean2":0.0317431949079,"dvar":0.000412138411775,"dvar2":0.000980304437689,"max":0.553441464901,"mean":0.141053572297,"median":0.128275513649,"min":0.0275497995317,"var":0.00512820063159},"barkbands_kurtosis":{"dmean":2.13992404938,"dmean2":3.3456158638,"dvar":39.3008155823,"dvar2":90.2648239136,"max":181.017532349,"mean":2.38862967491,"median":-0.00153708457947,"min":-1.88463652134,"var":94.9988479614},"barkbands_skewness":{"dmean":0.49482357502,"dmean2":0.765690386295,"dvar":0.291331112385,"dvar2":0.712498605251,"max":11.7240638733,"mean":0.467447698116,"median":0.291348129511,"min":-2.64247536659,"var":1.77934277058},"barkbands_spread":{"dmean":4.18566942215,"dmean2":6.60852527618,"dvar":21.7261829376,"dvar2":51.7969436646,"max":96.5202789307,"mean":18.5427398682,"median":18.0647602081,"min":0.165293812752,"var":78.2882232666},"dissonance":{"dmean":0.016964321956,"dmean2":0.0291563365608,"dvar":0.000383069709642,"dvar2":0.00108237343375,"max":0.499999791384,"mean":0.471216261387,"median":0.481319397688,"min":0.232823565602,"var":0.000978713273071},"dynamic_complexity":5.78116893768,"erbbands":{"dmean":[0.0259534139186,0.248649641871,1.36318743229,3.18615674973,3.44201636314,2.53027844429,3.34545040131,3.48443675041,8.06784152985,14.7606096268,42.1564598083,32.4744224548,11.6402254105,17.976026535,12.1069946289,21.404914856,24.2916965485,48.4963264465,58.1642799377,21.8807983398,25.2209758759,12.6019144058,13.9620218277,8.98232364655,3.59685516357,2.48181962967,1.51914322376,1.05588722229,0.686973690987,0.468938052654,0.346511781216,0.350440353155,0.26324570179,0.211636736989,0.135221347213,0.0680851191282,0.0211533419788,0.00408869469538,0.00042859572568,0.0000308662711177],"dmean2":[0.0450352579355,0.437507480383,2.25483894348,5.03396463394,5.82815933228,4.22048139572,5.60660028458,5.83681488037,13.6981248856,23.6397972107,68.5943756104,52.383430481,18.9356250763,28.6595840454,19.1967964172,35.2268943787,38.7182846069,76.0133132935,92.8708114624,34.0803718567,38.6567077637,18.8352870941,21.8382148743,14.1932697296,5.6605386734,3.97333478928,2.35989427567,1.64632260799,1.02903747559,0.708076179028,0.506489038467,0.508452355862,0.358186751604,0.296737194061,0.188713014126,0.0943308547139,0.0293877609074,0.00588678382337,0.000618259364273,0.0000438277020294],"dvar":[0.00828565005213,0.573690295219,13.4851465225,38.4739685059,89.5683364868,33.0545196533,63.3459625244,41.6345939636,362.209747314,822.199035645,9295.23144531,14881.1201172,640.65045166,2619.38208008,561.613525391,2511.04150391,1423.50012207,6582.31201172,11738.3847656,1217.07910156,2334.20385742,372.215118408,465.654205322,304.043487549,37.4477767944,28.8599586487,11.2148284912,6.44537115097,2.64025306702,1.16782283783,0.680777430534,0.485473453999,0.291628628969,0.393843948841,0.188284546137,0.0636852011085,0.00725295394659,0.00029253854882,0.00000265712310465,1.02733901386e-8],"dvar2":[0.0234337653965,1.68457257748,37.6052742004,102.351882935,256.422180176,84.7047424316,166.540115356,112.777885437,958.187744141,2068.37353516,25167.9433594,40698.7773438,1589.2824707,6581.64257812,1309.64001465,6109.05859375,3510.91723633,15879.9335938,30575.6308594,3127.58154297,5423.53662109,847.739379883,1118.11987305,780.998718262,96.8410873413,73.1687240601,25.5942211151,16.1897125244,6.01916027069,2.56578779221,1.42806005478,0.982348322868,0.521948099136,0.792440116405,0.375457197428,0.137503713369,0.0155544001609,0.000669397413731,0.00000593892173129,2.28850502992e-8],"max":[1.01674234867,8.7927312851,56.0080528259,85.8336029053,179.058517456,106.719345093,128.24597168,84.3569641113,392.886566162,398.809112549,1495.94628906,2841.05395508,550.909851074,1228.71789551,485.854797363,1085.73181152,569.780334473,1189.55383301,1518.94030762,466.495788574,704.618103027,315.908599854,427.559936523,368.207641602,77.8153381348,79.0371551514,48.7473335266,36.8839073181,33.3853302002,18.7995967865,31.812915802,19.5636024475,13.3505125046,13.6381454468,8.9319562912,5.39818334579,2.12505102158,0.374886900187,0.0304070934653,0.00210330518894],"mean":[0.0280433464795,0.316322505474,2.29101395607,6.1346540451,5.26624917984,3.91445875168,4.54838514328,4.80522251129,10.0199890137,18.9342861176,58.131275177,48.1787490845,20.5566482544,31.0604934692,23.8428649902,36.0713729858,44.0591888428,88.4910888672,106.780990601,49.2209472656,47.6044120789,27.2576637268,30.4037818909,17.584980011,7.92662668228,4.94977664948,3.21874761581,2.09936642647,1.42009270191,1.09240174294,0.841928899288,0.871200025082,0.635987102985,0.444945603609,0.250839948654,0.115248069167,0.0353518873453,0.00689786905423,0.000778753834311,0.0000728973391233],"median":[0.00451526232064,0.0785581544042,0.362117290497,1.69729542732,1.25218093395,1.39536976814,1.95257091522,1.7451813221,3.32164621353,7.93134212494,17.1227073669,12.7608270645,8.37360286713,9.92275333405,9.57520866394,15.8662090302,28.1500530243,37.7167625427,29.2943115234,20.8150997162,17.5487308502,14.8111610413,18.3178157806,11.0334234238,3.37434768677,1.14793395996,0.489663332701,0.246291622519,0.223413959146,0.17030800879,0.17512306571,0.28143081069,0.187468022108,0.0654479339719,0.0166214928031,0.00748741207644,0.00302451942116,0.000931964721531,0.000126158556668,0.0000341697486874],"min":[2.19033680082e-11,6.85326406735e-10,5.89629944869e-9,1.41770541973e-8,1.1690512558e-8,5.46673373236e-9,5.4275712813e-9,9.56302237398e-9,8.86061624072e-9,2.16650022367e-8,1.9523017869e-8,1.28154571399e-8,2.33012755757e-8,1.75814580672e-8,3.06253085114e-8,4.99149521715e-8,1.71015557271e-8,3.38347350137e-9,1.73992855679e-8,1.2051041054e-8,1.03079393909e-8,2.801626664e-8,1.32834836464e-8,8.70490257654e-9,1.71787384318e-8,3.42225803251e-8,1.44943577141e-8,1.02661408263e-8,8.92142004716e-9,4.95970819969e-9,3.83455667219e-9,3.43650863321e-9,4.71311878414e-9,2.00484562285e-9,2.45680853439e-9,7.01954050442e-10,1.76179862366e-10,4.72228506299e-11,1.12578748407e-11,1.75014191507e-12],"var":[0.00750537775457,0.520937561989,19.937122345,92.4800033569,123.688583374,58.0695381165,70.9978179932,54.2135734558,365.241485596,1010.22436523,13542.2099609,26729.2929688,1489.03344727,5293.94775391,1662.59741211,5132.20263672,2899.84057617,15189.8330078,27527.1757812,4311.99121094,5816.52832031,1266.93640137,1461.27685547,515.020690918,110.695747375,59.6288146973,30.9083938599,14.0914096832,6.76525783539,3.74839663506,2.32918190956,1.97183167934,1.17540514469,0.945415258408,0.38528701663,0.103981807828,0.0110221933573,0.000394322501961,0.00000402114892495,1.72472205406e-8]},"erbbands_crest":{"dmean":3.23300790787,"dmean2":5.3725271225,"dvar":8.44762325287,"dvar2":22.6449928284,"max":31.2157821655,"mean":10.6660766602,"median":9.52639293671,"min":2.32765841484,"var":23.1511058807},"erbbands_flatness_db":{"dmean":0.0207665674388,"dmean2":0.0315246284008,"dvar":0.000386052299291,"dvar2":0.000925887725316,"max":0.419655829668,"mean":0.207906574011,"median":0.203466251493,"min":0.0375459678471,"var":0.00459010247141},"erbbands_kurtosis":{"dmean":1.37136650085,"dmean2":2.17312216759,"dvar":3.33153390884,"dvar2":8.25845336914,"max":37.5927429199,"mean":1.42097437382,"median":0.741170406342,"min":-1.91134560108,"var":7.5769610405},"erbbands_skewness":{"dmean":0.39367544651,"dmean2":0.621701717377,"dvar":0.137524217367,"dvar2":0.332545638084,"max":5.05665159225,"mean":-0.183436334133,"median":-0.251846969128,"min":-3.23278665543,"var":0.804584085941},"erbbands_spread":{"dmean":5.32672548294,"dmean2":8.42833995819,"dvar":31.2856636047,"dvar2":77.4718704224,"max":126.064582825,"mean":22.9688053131,"median":18.9177818298,"min":1.62184333801,"var":244.390853882},"gfcc":{"cov":[[19959.5898438,-128.369796753,-318.095428467,-10.3190536499,-65.3264160156,933.813049316,93.8277664185,446.065734863,-180.808441162,165.497772217,-430.129577637,-410.802429199,-565.610778809],[-128.369796753,2011.91674805,458.411651611,-22.7728099823,247.126998901,-43.617980957,191.019210815,-24.9399223328,-70.4906539917,-225.69152832,72.067024231,-256.120452881,-216.241317749],[-318.095428467,458.411651611,1389.11804199,622.224060059,-11.568980217,102.599601746,382.326202393,-83.3273773193,-300.967529297,18.3750705719,-194.136779785,-54.3272361755,-12.5957365036],[-10.3190536499,-22.7728099823,622.224060059,686.446899414,-11.3018388748,8.57814311981,272.73916626,-32.1882858276,-272.5987854,14.9183206558,-191.911499023,-19.1386413574,95.7973556519],[-65.3264160156,247.126998901,-11.568980217,-11.3018388748,249.736404419,85.1696853638,9.31248760223,15.4889450073,46.5729675293,-4.67515325546,44.627658844,-18.9348964691,-5.22712230682],[933.813049316,-43.617980957,102.599601746,8.57814311981,85.1696853638,337.990936279,122.632545471,-3.93476653099,8.63910484314,9.23765850067,-36.2058563232,-12.944486618,-33.441947937],[93.8277664185,191.019210815,382.326202393,272.73916626,9.31248760223,122.632545471,378.443634033,-14.6101541519,-190.420272827,-50.9634933472,-126.985671997,-39.0731506348,10.4854049683],[446.065734863,-24.9399223328,-83.3273773193,-32.1882858276,15.4889450073,-3.93476653099,-14.6101541519,111.256820679,40.3029022217,9.07586669922,19.9382686615,-19.1645030975,-23.50639534],[-180.808441162,-70.4906539917,-300.967529297,-272.5987854,46.5729675293,8.63910484314,-190.420272827,40.3029022217,317.185424805,75.2729949951,135.555374146,24.5605239868,-12.4642324448],[165.497772217,-225.69152832,18.3750705719,14.9183206558,-4.67515325546,9.23765850067,-50.9634933472,9.07586669922,75.2729949951,171.13192749,37.0140686035,49.7583351135,38.2720756531],[-430.129577637,72.067024231,-194.136779785,-191.911499023,44.627658844,-36.2058563232,-126.985671997,19.9382686615,135.555374146,37.0140686035,178.750213623,45.0340919495,-10.3479394913],[-410.802429199,-256.120452881,-54.3272361755,-19.1386413574,-18.9348964691,-12.944486618,-39.0731506348,-19.1645030975,24.5605239868,49.7583351135,45.0340919495,130.266647339,76.1566085815],[-565.610778809,-216.241317749,-12.5957365036,95.7973556519,-5.22712230682,-33.441947937,10.4854049683,-23.50639534,-12.4642324448,38.2720756531,-10.3479394913,76.1566085815,145.174484253]],"icov":[[0.0000968939712038,-0.000096056923212,0.000132262677653,-0.0000659690485918,0.000157298360136,-0.000365516869351,0.000202583600185,-0.000396712130168,0.000200644106371,-0.000341135310009,0.00036944745807,-0.000056778153521,0.000295309931971],[-0.000096056923212,0.00156565208454,-0.00077950040577,0.000486171571538,-0.00141988613177,0.00131389894523,-0.00109932560008,0.0012199273333,-0.000284203561023,0.00154574296903,-0.00216083810665,0.00233926996589,0.000284785841359],[0.000132262677653,-0.00077950040577,0.00204966403544,-0.00154890294652,0.000764391792472,-0.000927462766413,-0.000111008717795,0.000126909551909,0.000388710846892,-0.00162334716879,0.00118552811909,-0.00129515456501,0.00162183877546],[-0.0000659690485918,0.000486171571538,-0.00154890294652,0.00466811982915,-0.00111703341827,0.00110128242522,-0.00101444672327,-0.000455749832327,0.0016340095317,-0.000678831362166,0.00110317580402,0.00170558283571,-0.00303152715787],[0.000157298360136,-0.00141988613177,0.000764391792472,-0.00111703341827,0.00660017179325,-0.00311402906664,0.00122487545013,-0.00170449912548,-0.0000501430513395,-0.000743538141251,-0.000482187169837,-0.000150342806592,-0.00130662776064],[-0.000365516869351,0.00131389894523,-0.000927462766413,0.00110128242522,-0.00311402906664,0.00650803465396,-0.00338257476687,0.00259316014126,-0.00191934092436,0.00116265099496,-0.000606395420618,0.000224829112994,0.00114460219629],[0.000202583600185,-0.00109932560008,-0.000111008717795,-0.00101444672327,0.00122487545013,-0.00338257476687,0.0067995027639,-0.00238661863841,0.00230226502754,-0.000244577648118,0.00225626840256,-0.000724910467397,-0.000997804920189],[-0.000396712130168,0.0012199273333,0.000126909551909,-0.000455749832327,-0.00170449912548,0.00259316014126,-0.00238661863841,0.0128276115283,-0.00216231751256,0.00100615224801,-0.00313852680847,0.00266555417329,0.00129569915589],[0.000200644106371,-0.000284203561023,0.000388710846892,0.0016340095317,-0.0000501430513395,-0.00191934092436,0.00230226502754,-0.00216231751256,0.00795757677406,-0.00323149026372,-0.00152796960901,0.00150232203305,-0.00100835214835],[-0.000341135310009,0.00154574296903,-0.00162334716879,-0.000678831362166,-0.000743538141251,0.00116265099496,-0.000244577648118,0.00100615224801,-0.00323149026372,0.0108337048441,-0.00369493663311,0.000011516689483,-0.00170086044818],[0.00036944745807,-0.00216083810665,0.00118552811909,0.00110317580402,-0.000482187169837,-0.000606395420618,0.00225626840256,-0.00313852680847,-0.00152796960901,-0.00369493663311,0.0158153716475,-0.00774868112057,0.00280253891833],[-0.000056778153521,0.00233926996589,-0.00129515456501,0.00170558283571,-0.000150342806592,0.000224829112994,-0.000724910467397,0.00266555417329,0.00150232203305,0.000011516689483,-0.00774868112057,0.0189361609519,-0.00780434720218],[0.000295309931971,0.000284785841359,0.00162183877546,-0.00303152715787,-0.00130662776064,0.00114460219629,-0.000997804920189,0.00129569915589,-0.00100835214835,-0.00170086044818,0.00280253891833,-0.00780434720218,0.0157582871616]],"mean":[-59.1837234497,86.3525238037,-142.967575073,1.90396940708,-38.3167266846,5.71627140045,-46.4467468262,10.6566305161,-17.3002071381,-4.12084674835,-13.3772144318,-9.00106430054,-18.2649211884]},"hfc":{"dmean":5.98488092422,"dmean2":8.38380432129,"dvar":46.0154647827,"dvar2":98.0792312622,"max":99.6514129639,"mean":21.1535930634,"median":17.2185497284,"min":2.64686015328e-8,"var":355.019348145},"melbands":{"dmean":[0.000246745155891,0.000572482298594,0.000539361790288,0.000204691430554,0.000113876449177,0.0000796639214968,0.000125362566905,0.000195400949451,0.00035813645809,0.000176195244421,0.0000581143867748,0.0000786611853982,0.0000404763122788,0.0000534427490493,0.0000547073650523,0.0000667886561132,0.000102151258034,0.00011136795365,0.0000441059346485,0.0000330504772137,0.000031063289498,0.0000130228536364,0.0000162650012498,0.0000119954429465,0.00000789390014688,0.00000330072293764,0.0000023886479994,0.00000161457273862,0.00000104852665572,9.0773392003e-7,5.50451545678e-7,4.31854687122e-7,3.3672259292e-7,2.57980559581e-7,2.1514139803e-7,2.22980332865e-7,2.41850500515e-7,1.99987724159e-7,1.85568580946e-7,1.90659250165e-7],"dmean2":[0.000429902545875,0.000956131552812,0.000859467487317,0.000343236606568,0.000191050959984,0.000133455556352,0.000212996616028,0.000313051132252,0.000582041451707,0.000285485351924,0.0000946624277276,0.00012642974616,0.0000645366453682,0.0000864389367052,0.0000885845147423,0.000106475461507,0.000159487157362,0.000178161688382,0.0000710060121492,0.0000535349026904,0.0000482041614305,0.0000201023231057,0.0000253028520092,0.0000191319268197,0.0000126949098558,0.00000526969688508,0.00000378961135539,0.00000260895126303,0.00000166667302892,0.0000014225488485,8.73610645158e-7,6.59883141907e-7,5.29798455773e-7,3.97572847533e-7,3.28015801188e-7,3.28602567379e-7,3.68276459994e-7,2.86670882588e-7,2.54470478467e-7,2.76910270713e-7],"dvar":[6.66792288939e-7,0.00000239208884523,0.00000110884161586,2.95726181321e-7,6.68426949346e-8,2.0781364185e-8,8.61234852323e-8,1.52916300067e-7,6.70915937917e-7,4.430967806e-7,1.95137843662e-8,5.14070599422e-8,6.77111255953e-9,1.35067699247e-8,9.72028946222e-9,1.19897292095e-8,3.1319721927e-8,4.41298908527e-8,6.0271947433e-9,3.58237461917e-9,3.91245569276e-9,4.23562601659e-10,7.57195695034e-10,3.67771202381e-10,2.8964561305e-10,3.14663989309e-11,2.16280968829e-11,1.2748281597e-11,5.25103788576e-12,4.8599830757e-12,1.65847663294e-12,9.30394216531e-13,8.50027025764e-13,3.54099697697e-13,3.07970689966e-13,2.07675646428e-13,2.51735644049e-13,1.53983434076e-13,1.91077039716e-13,3.73346481768e-13],"dvar2":[0.00000190238256437,0.00000676093350194,0.00000300877718473,8.0779915379e-7,1.74631935579e-7,5.6391375125e-8,2.2731460092e-7,3.90444682807e-7,0.00000183192821623,0.00000120882975807,4.85568705244e-8,1.31290761374e-7,1.58591060284e-8,3.27187059668e-8,2.40866562251e-8,3.00647364782e-8,7.59683587148e-8,1.13606162699e-7,1.62333275711e-8,9.68512825494e-9,9.02107721856e-9,9.8596208975e-10,1.83368298323e-9,9.18440545838e-10,7.5019701562e-10,8.12136816131e-11,5.45879001723e-11,3.21652045276e-11,1.22158281754e-11,1.22855944168e-11,4.20294571715e-12,2.10747586916e-12,2.12223728174e-12,7.99928157567e-13,6.9645428747e-13,4.27928986734e-13,5.8708013494e-13,3.0254284863e-13,3.69970059363e-13,8.00533684481e-13],"max":[0.00878062471747,0.022396594286,0.0170521456748,0.00993257854134,0.00410310318694,0.00182392611168,0.00594285130501,0.00619394844398,0.0113039137796,0.0155121451244,0.00324624637142,0.00555276824161,0.00149791326839,0.00276768556796,0.00200724205934,0.00148717791308,0.00270863552578,0.00321218837053,0.00130461878143,0.000772971194237,0.00108274247032,0.000296537706163,0.000690532440785,0.00032723962795,0.000374490686227,0.0000858574057929,0.0000713754343451,0.0000521459369338,0.0000311236362904,0.0000323737258441,0.0000169132290466,0.0000189571856026,0.0000258908039541,0.0000121338098324,0.0000215735144593,0.0000122334849948,0.0000123083145809,0.0000106854695332,0.00000833023477753,0.0000146752126966],"mean":[0.000289892370347,0.000952057191171,0.0010358330328,0.000320896186167,0.000161961419508,0.000111249137262,0.000153265165864,0.000252412253758,0.000502197770402,0.000260777509538,0.0000965496656136,0.000130396249006,0.0000738369853934,0.0000882070016814,0.0000887980204425,0.000108331652882,0.000173519045347,0.000191819606698,0.0000806392054074,0.0000614462333033,0.0000527881311427,0.0000251235596807,0.0000311764742946,0.0000237827116507,0.0000135778363983,0.00000641872156848,0.00000466516848974,0.00000288235719381,0.0000020738400508,0.00000165553376519,0.00000103791796846,8.32200328205e-7,6.63341893414e-7,5.83721828207e-7,4.71617426001e-7,5.01440695189e-7,5.50641232167e-7,4.59020668586e-7,3.92301075181e-7,3.71342309791e-7],"median":[0.0000517506268807,0.000212407772779,0.000292795826681,0.0000901957100723,0.0000717336515663,0.0000397023541154,0.0000477986359328,0.0000915792261367,0.000147653161548,0.0000633006566204,0.0000334072319674,0.000036970282963,0.000025091740099,0.0000316295008815,0.0000425409489253,0.0000544747636013,0.0000635972537566,0.0000486428180011,0.0000279849209619,0.0000232101610891,0.0000184619675565,0.0000129067520902,0.0000159583996719,0.0000143248289532,0.00000758877877161,0.00000284984707832,0.00000103425475118,6.18524779838e-7,2.94750321927e-7,1.59474410566e-7,1.25759015646e-7,1.28498086838e-7,1.0264038508e-7,8.29961237514e-8,7.63162120165e-8,1.47293320651e-7,1.7862046775e-7,1.44371057331e-7,7.56915099487e-8,4.88427573941e-8],"min":[4.08550173943e-13,2.39009875259e-12,2.4167935448e-12,5.99322512191e-13,1.80479817289e-13,2.1193727925e-13,1.49357888795e-13,2.44977486647e-13,1.43969824127e-13,8.0223635623e-14,1.20731983438e-13,7.60106021636e-14,6.65798050915e-14,1.77379080391e-13,7.28011401163e-14,1.92434094918e-14,3.90200677284e-15,2.43826277392e-14,3.08141844831e-14,8.54733916701e-15,1.19371277525e-14,3.15241878283e-14,1.87603652367e-14,8.22079017815e-15,6.5909590272e-15,8.23554379803e-15,2.00393155303e-14,2.45356425471e-14,1.32063930714e-14,5.27760437281e-15,5.05813220694e-15,5.08654550364e-15,3.84980074417e-15,2.43383397745e-15,2.17412351143e-15,1.75680753074e-15,2.13433964445e-15,3.64516478389e-15,2.03229313837e-15,1.71288770775e-15],"var":[6.18500962446e-7,0.00000330165289597,0.00000239990072259,4.61839960053e-7,8.29289987792e-8,2.81231784527e-8,8.59395683506e-8,1.89272668649e-7,0.0000010444258578,8.0454668705e-7,4.23885495593e-8,1.00031499528e-7,1.82252719583e-8,2.81749752418e-8,1.96240339534e-8,2.33585435438e-8,6.71032722721e-8,9.72525455722e-8,1.41971456813e-8,8.40649327927e-9,8.2342461738e-9,1.16831011532e-9,1.97590033224e-9,9.57449564076e-10,3.94749344323e-10,7.67880967145e-11,5.35783535593e-11,2.31503757137e-11,1.34690947631e-11,9.51386712467e-12,3.54910892342e-12,2.36924737641e-12,1.6028024177e-12,1.12512787715e-12,8.43216664027e-13,7.17782875238e-13,8.07495509261e-13,5.80309238163e-13,5.97492921025e-13,7.46893649359e-13]},"melbands_crest":{"dmean":3.53862261772,"dmean2":5.84813117981,"dvar":9.60265731812,"dvar2":25.8099479675,"max":37.9152374268,"mean":12.3604307175,"median":11.4657783508,"min":2.49715614319,"var":30.5210533142},"melbands_flatness_db":{"dmean":0.0223670862615,"dmean2":0.0347913578153,"dvar":0.000524460338056,"dvar2":0.00118763605133,"max":0.695176243782,"mean":0.19668982923,"median":0.190407022834,"min":0.0113730775192,"var":0.00741224037483},"melbands_kurtosis":{"dmean":3.88961577415,"dmean2":6.31003427505,"dvar":165.568069458,"dvar2":422.453430176,"max":389.834289551,"mean":5.65869283676,"median":0.534352064133,"min":-1.79689908028,"var":305.631072998},"melbands_skewness":{"dmean":0.592629134655,"dmean2":0.924167871475,"dvar":0.476825505495,"dvar2":1.24081659317,"max":14.1946802139,"mean":1.1740193367,"median":0.819399058819,"min":-2.90280938148,"var":2.84110641479},"melbands_spread":{"dmean":6.87221717834,"dmean2":10.8958787918,"dvar":45.2738800049,"dvar2":113.289154053,"max":122.010620117,"mean":29.6881694794,"median":28.8581466675,"min":0.268084585667,"var":214.465713501},"mfcc":{"cov":[[15939.1503906,951.879089355,-502.799041748,-272.128631592,60.0168876648,437.18572998,455.30847168,153.98236084,272.727478027,394.894775391,188.523147583,172.890792847,-226.678649902],[951.879089355,1691.90759277,-25.0357875824,-111.667488098,199.909133911,-123.155548096,87.7603912354,123.628929138,-153.870315552,42.0621490479,153.724090576,93.3894271851,-93.3379516602],[-502.799041748,-25.0357875824,1299.42651367,635.985290527,-198.869567871,306.054260254,376.437591553,-0.00955876894295,136.58946228,-83.0367736816,-137.169784546,0.261448532343,72.6252670288],[-272.128631592,-111.667488098,635.985290527,801.285095215,-177.641235352,122.334159851,336.473388672,-41.1704826355,136.860733032,-77.6162872314,-225.647537231,-61.6902160645,66.0233306885],[60.0168876648,199.909133911,-198.869567871,-177.641235352,318.772399902,-37.9794540405,-144.630065918,-5.15324831009,-56.3227767944,90.2703857422,104.947052002,16.440656662,-9.21836566925],[437.18572998,-123.155548096,306.054260254,122.334159851,-37.9794540405,342.212280273,208.575927734,41.5916404724,124.489730835,-11.4601755142,-51.5197219849,14.8269844055,-0.485088557005],[455.30847168,87.7603912354,376.437591553,336.473388672,-144.630065918,208.575927734,430.69921875,88.0772628784,115.110557556,-66.7754364014,-135.350799561,22.4252185822,4.64235877991],[153.98236084,123.628929138,-0.00955876894295,-41.1704826355,-5.15324831009,41.5916404724,88.0772628784,141.234512329,26.4978256226,-19.3211860657,9.20674037933,25.7489700317,-47.6763648987],[272.727478027,-153.870315552,136.58946228,136.860733032,-56.3227767944,124.489730835,115.110557556,26.4978256226,151.869674683,15.7058677673,-64.5865783691,-5.19826364517,6.69829702377],[394.894775391,42.0621490479,-83.0367736816,-77.6162872314,90.2703857422,-11.4601755142,-66.7754364014,-19.3211860657,15.7058677673,143.160079956,79.518989563,6.35999584198,-0.574222147465],[188.523147583,153.724090576,-137.169784546,-225.647537231,104.947052002,-51.5197219849,-135.350799561,9.20674037933,-64.5865783691,79.518989563,177.204330444,50.4886054993,-17.4898223877],[172.890792847,93.3894271851,0.261448532343,-61.6902160645,16.440656662,14.8269844055,22.4252185822,25.7489700317,-5.19826364517,6.35999584198,50.4886054993,86.9614028931,23.3769302368],[-226.678649902,-93.3379516602,72.6252670288,66.0233306885,-9.21836566925,-0.485088557005,4.64235877991,-47.6763648987,6.69829702377,-0.574222147465,-17.4898223877,23.3769302368,118.726387024]],"icov":[[0.0000846990951686,-0.0000517073531228,0.000082223174104,0.0000143562301673,0.0000738906310289,-0.000105720188003,-0.000123615071061,0.000131472872454,-0.000105724095192,-0.00022510800045,-0.0000275269612757,-0.000120172888273,0.000150198407937],[-0.0000517073531228,0.00101371330675,-0.000203787683859,-0.0000456057896372,-0.000681185629219,0.000689106876962,-0.000796606764197,-0.000434073590441,0.00100962282158,-0.000116755232739,-0.000378360447939,-0.000558997562621,0.00065180537058],[0.000082223174104,-0.000203787683859,0.00180917966645,-0.00134387344588,0.000625806802418,-0.00146414153278,-0.0000412990630139,0.000100330886198,0.000186029428733,0.000246551819146,-0.00113733916078,-0.0000162925553013,-0.000451708532637],[0.0000143562301673,-0.0000456057896372,-0.00134387344588,0.00405795685947,-0.000439213676145,0.00177410594188,-0.00246995245107,0.0019138379721,-0.00183329603169,0.00013620207028,0.00161882233806,0.00186370173469,-0.0006291497848],[0.0000738906310289,-0.000681185629219,0.000625806802418,-0.000439213676145,0.00539712700993,-0.00186709011905,0.00195324514061,-0.000946587941144,0.00159966817591,-0.00288778916001,0.000131801265525,-0.000259502179688,-0.000611779512838],[-0.000105720188003,0.000689106876962,-0.00146414153278,0.00177410594188,-0.00186709011905,0.00716091878712,-0.00358358677477,0.00133402273059,-0.00424184743315,0.0016665343428,-0.00137731002178,0.000621924875304,0.000731083739083],[-0.000123615071061,-0.000796606764197,-0.0000412990630139,-0.00246995245107,0.00195324514061,-0.00358358677477,0.00903795938939,-0.00440430548042,0.00128721364308,-0.00130084692501,0.0047765863128,-0.0040285717696,-0.0000305229950754],[0.000131472872454,-0.000434073590441,0.000100330886198,0.0019138379721,-0.000946587941144,0.00133402273059,-0.00440430548042,0.013533170335,-0.0047680507414,0.0035086539574,-0.00281913415529,-0.0014675334096,0.00448236288503],[-0.000105724095192,0.00100962282158,0.000186029428733,-0.00183329603169,0.00159966817591,-0.00424184743315,0.00128721364308,-0.0047680507414,0.01656572707,-0.00748295290396,0.00631983252242,-0.00284935953096,0.000160648472956],[-0.00022510800045,-0.000116755232739,0.000246551819146,0.00013620207028,-0.00288778916001,0.0016665343428,-0.00130084692501,0.0035086539574,-0.00748295290396,0.0154789173976,-0.00932565424591,0.00439774338156,-0.00124837539624],[-0.0000275269612757,-0.000378360447939,-0.00113733916078,0.00161882233806,0.000131801265525,-0.00137731002178,0.0047765863128,-0.00281913415529,0.00631983252242,-0.00932565424591,0.0200562160462,-0.00986484903842,0.00262648425996],[-0.000120172888273,-0.000558997562621,-0.0000162925553013,0.00186370173469,-0.000259502179688,0.000621924875304,-0.0040285717696,-0.0014675334096,-0.00284935953096,0.00439774338156,-0.00986484903842,0.0224174261093,-0.00782985053957],[0.000150198407937,0.00065180537058,-0.000451708532637,-0.0006291497848,-0.000611779512838,0.000731083739083,-0.0000305229950754,0.00448236288503,0.000160648472956,-0.00124837539624,0.00262648425996,-0.00782985053957,0.013518226333]],"mean":[-696.788574219,128.155227661,-37.2433547974,-0.686398863792,18.540397644,-7.99619102478,-6.88176679611,2.59587359428,-5.28449392319,5.10504293442,5.1751408577,-1.16551172733,-8.89214897156]},"pitch_salience":{"dmean":0.069998845458,"dmean2":0.114380538464,"dvar":0.00361728994176,"dvar2":0.00935463793576,"max":0.890929162502,"mean":0.590525388718,"median":0.609893977642,"min":0.0433614403009,"var":0.0148749481887},"silence_rate_20dB":{"dmean":0,"dmean2":0,"dvar":0,"dvar2":0,"max":1,"mean":1,"median":1,"min":1,"var":0},"silence_rate_30dB":{"dmean":0,"dmean2":0,"dvar":0,"dvar2":0,"max":1,"mean":1,"median":1,"min":1,"var":0},"silence_rate_60dB":{"dmean":0.0319606624544,"dmean2":0.0639409795403,"dvar":0.0309395771474,"dvar2":0.0666161924601,"max":1,"mean":0.239324122667,"median":0,"min":0,"var":0.182041987777},"spectral_centroid":{"dmean":210.824584961,"dmean2":319.111602783,"dvar":43634.7148438,"dvar2":102320.234375,"max":3912.64624023,"mean":1521.64221191,"median":1499.82128906,"min":117.24836731,"var":324782.40625},"spectral_complexity":{"dmean":3.36754775047,"dmean2":4.98555183411,"dvar":12.7241916656,"dvar2":26.7944583893,"max":56,"mean":19.9195079803,"median":21,"min":0,"var":163.527175903},"spectral_contrast_coeffs":{"dmean":[0.0519557967782,0.0554712116718,0.0402912721038,0.0337787978351,0.0261877123266,0.0159939434379],"dmean2":[0.084336578846,0.0909960716963,0.0647129938006,0.0545827336609,0.040128365159,0.0253778286278],"dvar":[0.00182047579437,0.00212912634015,0.00103043555282,0.000712539476808,0.000511913211085,0.000251249352004],"dvar2":[0.00465614302084,0.00547276204452,0.00251071155071,0.00175841385499,0.00113558967132,0.000637041928712],"max":[-0.325253367424,-0.374916732311,-0.410893946886,-0.540056049824,-0.500742912292,-0.688487410545],"mean":[-0.626975774765,-0.737007319927,-0.774782180786,-0.772982895374,-0.736717820168,-0.811426460743],"median":[-0.628130674362,-0.751736044884,-0.784994959831,-0.774640738964,-0.750894188881,-0.809911131859],"min":[-0.941057145596,-0.940594553947,-0.933109998703,-0.938508212566,-0.94694340229,-0.92183983326],"var":[0.0102599579841,0.00902519002557,0.00563645502552,0.00345866987482,0.00695790303871,0.00144270190503]},"spectral_contrast_valleys":{"dmean":[0.428076922894,0.372312813997,0.338353067636,0.291720986366,0.282606720924,0.239134386182],"dmean2":[0.688270568848,0.60559886694,0.531415879726,0.439520567656,0.405720293522,0.314169555902],"dvar":[0.127054482698,0.0929465740919,0.0865720510483,0.0778087228537,0.0949847772717,0.0839337781072],"dvar2":[0.316715419292,0.239618971944,0.196709096432,0.170290470123,0.18340498209,0.140829116106],"max":[-5.51635789871,-4.9952545166,-5.21772432327,-5.38255977631,-6.02685022354,-8.24086380005],"mean":[-8.5853471756,-7.22466039658,-7.61882686615,-7.43351078033,-8.23368930817,-10.8572692871],"median":[-8.01017856598,-6.80492258072,-7.19231557846,-7.00405979156,-8.03389072418,-10.6874704361],"min":[-15.9713287354,-16.9257888794,-17.2279891968,-17.3612823486,-16.7592926025,-19.1658496857],"var":[2.88600325584,2.14975738525,2.0921151638,2.40609049797,2.13776659966,2.21096873283]},"spectral_decrease":{"dmean":1.71431047136e-9,"dmean2":2.63739408091e-9,"dvar":6.28319527696e-18,"dvar2":1.59967896179e-17,"max":-6.30006107606e-18,"mean":-5.28015053902e-9,"median":-4.43558167973e-9,"min":-2.84013381702e-8,"var":2.22489085464e-17},"spectral_energy":{"dmean":0.00691933790222,"dmean2":0.0105691701174,"dvar":0.0000973412024905,"dvar2":0.000245665753027,"max":0.109970755875,"mean":0.0218471717089,"median":0.0185319017619,"min":2.61786634037e-11,"var":0.000369448564015},"spectral_energyband_high":{"dmean":0.000107867446786,"dmean2":0.000144466102938,"dvar":5.63709328105e-8,"dvar2":1.01827595245e-7,"max":0.00478803738952,"mean":0.000282357359538,"median":0.0000446826015832,"min":1.6908299847e-12,"var":2.26181825269e-7},"spectral_energyband_low":{"dmean":0.00273603992537,"dmean2":0.00443397648633,"dvar":0.0000440759322373,"dvar2":0.000121926663269,"max":0.0918069705367,"mean":0.00517908437178,"median":0.00149185420014,"min":1.17828420632e-11,"var":0.0000712735927664},"spectral_energyband_middle_high":{"dmean":0.00269868574105,"dmean2":0.00392303103581,"dvar":0.0000109012080429,"dvar2":0.0000239945038629,"max":0.0451446287334,"mean":0.00879359524697,"median":0.00647114031017,"min":4.60086092488e-12,"var":0.0000737636000849},"spectral_energyband_middle_low":{"dmean":0.00412704935297,"dmean2":0.00659557152539,"dvar":0.0000461403469671,"dvar2":0.000120637392683,"max":0.102500699461,"mean":0.00897765997797,"median":0.00601771660149,"min":1.07629885907e-11,"var":0.000112946261652},"spectral_entropy":{"dmean":0.134756699204,"dmean2":0.204727381468,"dvar":0.0221865214407,"dvar2":0.0475358851254,"max":8.56166362762,"mean":7.39150905609,"median":7.43829250336,"min":3.97147488594,"var":0.299724191427},"spectral_flux":{"dmean":0.0176093503833,"dmean2":0.0275872834027,"dvar":0.000413129862864,"dvar2":0.000970152905211,"max":0.264311134815,"mean":0.079250253737,"median":0.0826752334833,"min":0.0000202295213967,"var":0.00219844211824},"spectral_kurtosis":{"dmean":3.02382516861,"dmean2":5.10965251923,"dvar":25.5243587494,"dvar2":65.9593505859,"max":238.10055542,"mean":11.7439374924,"median":8.63429450989,"min":0.675755500793,"var":212.389328003},"spectral_rms":{"dmean":0.000678319716826,"dmean2":0.000998987699859,"dvar":6.02873171829e-7,"dvar2":0.00000139164944812,"max":0.0103580178693,"mean":0.00399070465937,"median":0.00425204681233,"min":1.59812884704e-7,"var":0.00000538856329513},"spectral_rolloff":{"dmean":302.710754395,"dmean2":489.426727295,"dvar":257916.0625,"dvar2":666684.4375,"max":10551.2695312,"mean":1799.96533203,"median":1765.72265625,"min":43.06640625,"var":1169219.75},"spectral_skewness":{"dmean":0.275225102901,"dmean2":0.457038909197,"dvar":0.10159150511,"dvar2":0.266952246428,"max":12.649189949,"mean":2.2538793087,"median":2.1173889637,"min":0.371395856142,"var":0.976474225521},"spectral_spread":{"dmean":387638.09375,"dmean2":568941.9375,"dvar":230839681024,"dvar2":487375405056,"max":11890964,"mean":3211536.75,"median":2937980.75,"min":423596.6875,"var":1808419258370},"spectral_strongpeak":{"dmean":0.674959778786,"dmean2":1.12825703621,"dvar":0.895955741405,"dvar2":2.33567500114,"max":9.48911762238,"mean":1.09039056301,"median":0.623291254044,"min":0,"var":1.55917620659},"zerocrossingrate":{"dmean":0.00683383690193,"dmean2":0.00813221652061,"dvar":0.0000717526854714,"dvar2":0.0000709707528586,"max":0.38330078125,"mean":0.0662412419915,"median":0.06396484375,"min":0.00390625,"var":0.00106614036486}},"metadata":{"audio_properties":{"analysis_sample_rate":44100,"bit_rate":0,"codec":"flac","downmix":"mix","equal_loudness":0,"length":75.5466690063,"lossless":true,"md5_encoded":"ca05de3ae40d6cb112a24ba698d8c3c5","replay_gain":-14.2338542938,"sample_rate":44100},"tags":{"acoustid_id":["3a098850-cce9-45cd-89a2-9cfb25b7025f"],"album":["Tres cabrones"],"album artist":["Los Melvins"],"albumartist":["Los Melvins"],"albumartistsort":["Melvins"],"artist":["Los Melvins"],"artistsort":["Melvins"],"asin":["B00EEPFNLS"],"barcode":["689230015024"],"catalognumber":["IPC-150"],"date":["2013-11-05"],"disc":["1"],"discnumber":["1"],"disctotal":["1"],"ensemble":["Los Melvins"],"file_name":"07. Los Melvins - 99 Bottles of Beer.flac","genre":["Grunge"],"label":["Ipecac Recordings"],"media":["CD"],"musicbrainz_albumartistid":["9ccfbc94-a4f4-42f7-b6f5-d903ab77cccb"],"musicbrainz_albumid":["4cb3a239-609e-48ba-8329-262ad6e863f8"],"musicbrainz_artistid":["9ccfbc94-a4f4-42f7-b6f5-d903ab77cccb"],"musicbrainz_recordingid":["92d4576b-22b3-4661-b18c-58fb71b8f045"],"originaldate":["2013-11-05"],"releasecountry":["US"],"releasestatus":["official"],"releasetype":["album"],"replaygain_album_gain":["-9.060000 dB"],"replaygain_track_gain":["-8.650000 dB"],"replaygain_track_peak":["0.988617"],"script":["Latn"],"title":["99 Bottles of Beer"],"totaldiscs":["1"],"totaltracks":["12"],"tracknumber":["7"],"tracktotal":["12"],"year":["2013"]},"version":{"essentia":"2.1-beta1","essentia_build_sha":"ca57ba49d9b1854bd80e60cf9ccf267278fb7d6b","essentia_git_sha":"v2.1_beta1-28-g21ef5f4-dirty","extractor":"music 1.0"}},"rhythm":{"beats_count":190,"beats_loudness":{"dmean":0.00845518801361,"dmean2":0.0147568536922,"dvar":0.000080456964497,"dvar2":0.000185932643944,"max":0.0873564779758,"mean":0.0290417186916,"median":0.0286124572158,"min":2.23629086804e-7,"var":0.00039324403042},"beats_loudness_band_ratio":{"dmean":[0.13203805685,0.062859