{"lowlevel":{"average_loudness":0.28150126338,"barkbands":{"dmean":[0.00000515156398251,0.00163102510851,0.000847395334858,0.00110305973794,0.00304185249843,0.000693494279403,0.000675172370393,0.000255986495176,0.000333953765221,0.000339653459378,0.000182092539035,0.000426343991421,0.000198521724087,0.000146034377394,0.0000479374248243,0.000111672205094,0.0000937788136071,0.0000636850527371,0.0000374014125555,0.0000169276336237,0.0000212598788494,0.0000188951180462,0.0000143685774674,0.0000149125999087,0.0000109637921923,0.00000402263549404,2.57415763372e-7],"dmean2":[0.00000789457135397,0.00261334422976,0.00137393758632,0.00181922828779,0.00488444929942,0.00104686105624,0.000944874482229,0.000385583058232,0.000500872905832,0.000473429623526,0.000256854167674,0.000573994242586,0.000267612718744,0.000209648438613,0.0000714815469109,0.000161758827744,0.000132255008793,0.0000938966841204,0.0000560686967219,0.0000254390488408,0.0000314853059535,0.0000269438751275,0.0000208615747397,0.0000214980173041,0.0000171405972651,0.00000646835633233,4.50248421657e-7],"dvar":[1.98125182926e-10,0.0000186312554433,0.00000845168051455,0.00000506534206579,0.0000450075713161,0.00000335354275194,0.00000398195197704,0.000001385588007,0.00000197818280867,0.00000259514490608,8.39596282276e-7,0.00000514514340466,0.00000190512707832,0.00000112371640171,5.89345958701e-8,2.38282424903e-7,1.53094987354e-7,4.75055195182e-8,1.55448471872e-8,3.63157703909e-9,6.03460659221e-9,3.67228381037e-9,3.37669003869e-9,5.06545294598e-9,2.04268313375e-9,2.90085233612e-10,2.76934855256e-12],"dvar2":[4.80088413468e-10,0.0000509579367645,0.0000211715105252,0.0000136825283334,0.000115480230306,0.00000702295074007,0.00000908312176762,0.00000326851409227,0.00000443859062216,0.00000474442094855,0.00000178792413408,0.00000844797796162,0.00000290315028906,0.00000187745661151,1.2131816618e-7,4.78942865811e-7,2.87602603066e-7,9.73800240445e-8,3.37228058811e-8,7.94269006121e-9,1.34602027302e-8,7.13870518254e-9,6.45149444978e-9,1.02901456245e-8,4.81579354172e-9,7.37522931615e-10,7.81575672237e-12],"max":[0.000519129040185,0.122245103121,0.0790890976787,0.0635477155447,0.143497750163,0.0624113380909,0.134483724833,0.049722880125,0.0331861190498,0.0786841213703,0.0478171221912,0.0924110487103,0.115043774247,0.0695961117744,0.00931210070848,0.022954357788,0.0240962654352,0.00941423512995,0.00378328072838,0.0020766525995,0.00243158801459,0.00308299809694,0.00354679697193,0.00461456691846,0.0023383658845,0.000449639192084,0.0000526345866092],"mean":[0.000012135351426,0.00435026362538,0.00162823672872,0.00213405513205,0.00574678741395,0.00144138897303,0.00144686351996,0.000435719732195,0.00058106041979,0.000641438586172,0.000337050558301,0.00130046939012,0.000399521406507,0.000330603361363,0.0000845400427352,0.000267011113465,0.000213454768527,0.000128229949041,0.0000685076156515,0.0000271198368864,0.0000366071326425,0.0000343298233929,0.0000199935711862,0.0000205986307265,0.0000126215290948,0.00000358851775673,1.85424894994e-7],"median":[0.0000015742737105,0.000926145527046,0.000443955737865,0.000857010891195,0.00246338150464,0.000442750111688,0.000444574194262,0.0000548954194528,0.0000920288512134,0.0000522001282661,0.0000287482871499,0.0000351496055373,0.0000229819124797,0.0000194033509615,0.00000839473523229,0.0000193932191905,0.0000186104061868,0.0000217942251766,0.0000132049726744,0.00000507208505951,0.00000496661414218,0.00000409404810853,0.000001643388714,0.00000122108428968,7.83281961958e-7,1.19953995181e-7,1.55979462679e-9],"min":[2.13129262473e-25,3.46548252271e-24,1.24255620967e-24,7.03300558403e-25,5.2914766094e-24,6.27945823444e-24,5.4969448985e-24,9.67809031747e-24,1.65155682459e-23,4.11084568497e-24,4.78776052242e-24,1.36403327517e-23,3.07015639743e-23,3.50517279698e-23,3.0886867401e-23,5.34841887724e-23,8.24688569399e-23,7.68072590211e-23,8.50627073269e-23,1.53400503234e-22,1.67181625569e-22,2.84685385654e-22,3.54222830738e-22,5.72869981578e-22,8.2314492638e-22,1.17846014646e-21,1.87414065009e-21],"var":[8.81436701405e-10,0.0000582502834732,0.0000146975016833,0.000014400739019,0.000087406282546,0.0000109953298306,0.0000106611905721,0.00000275063916888,0.00000438166580352,0.00000913037001737,0.0000024039386517,0.0000459706789115,0.00000636637514617,0.00000561592196391,1.35779600896e-7,0.00000110385860808,7.17162151886e-7,1.35381327482e-7,3.7259660246e-8,6.41919406519e-9,1.1620317153e-8,9.9668406861e-9,9.2123855211e-9,1.3942373478e-8,3.87359921916e-9,2.54011117695e-10,1.76119557306e-12]},"barkbands_crest":{"dmean":2.25726032257,"dmean2":3.67236924171,"dvar":4.75617933273,"dvar2":12.6746377945,"max":26.2751255035,"mean":12.2876930237,"median":11.6064405441,"min":3.21967172623,"var":18.5862522125},"barkbands_flatness_db":{"dmean":0.0244377143681,"dmean2":0.0353433415294,"dvar":0.00060973316431,"dvar2":0.00119990482926,"max":0.484219193459,"mean":0.228107273579,"median":0.226825222373,"min":0.0467015504837,"var":0.0043297004886},"barkbands_kurtosis":{"dmean":4.36511182785,"dmean2":6.94484853745,"dvar":48.5544624329,"dvar2":124.795715332,"max":193.776809692,"mean":10.9572563171,"median":7.77972221375,"min":-1.89173269272,"var":160.861587524},"barkbands_skewness":{"dmean":0.548660755157,"dmean2":0.835385560989,"dvar":0.351042807102,"dvar2":0.840760588646,"max":11.5655555725,"mean":2.21562695503,"median":2.19655823708,"min":-4.15852832794,"var":2.37697839737},"barkbands_spread":{"dmean":3.00366020203,"dmean2":4.53324508667,"dvar":28.1466407776,"dvar2":55.4446487427,"max":109.082824707,"mean":10.4299602509,"median":7.07746696472,"min":0.475992888212,"var":109.674430847},"dissonance":{"dmean":0.0239036045969,"dmean2":0.0395458042622,"dvar":0.000682565674651,"dvar2":0.00180392235052,"max":0.5,"mean":0.437389880419,"median":0.447269588709,"min":0.156875818968,"var":0.00192541186698},"dynamic_complexity":5.6906247139,"erbbands":{"dmean":[0.0279233846813,0.433166503906,1.02982211113,1.85255300999,10.0259151459,9.394572258,3.66140723228,7.05851984024,11.7748403549,4.37882328033,6.08655405045,6.14006233215,10.3674888611,7.89192771912,6.96318340302,16.4402923584,11.5563726425,6.42504119873,3.963773489,3.56321930885,5.62880945206,4.89630031586,3.53429436684,1.90264880657,1.70190238953,0.742855370045,0.82785141468,0.839150488377,0.736228942871,0.445022284985,0.427038908005,0.305195778608,0.263802200556,0.148813277483,0.0631347820163,0.022647999227,0.00635935971513,0.00112298456952,0.0000307256486849,0.00000744876570025],"dmean2":[0.0426924005151,0.702872753143,1.65559697151,2.96315097809,16.339679718,15.0888080597,5.36666250229,10.6613407135,16.7401237488,6.14836502075,9.10950279236,9.10138320923,15.2612524033,10.7041435242,9.31972980499,22.2144565582,15.3652944565,8.76846790314,5.84295845032,5.1577000618,7.94705533981,6.93372917175,5.12414693832,2.79297471046,2.53848099709,1.08691513538,1.25581395626,1.21288347244,1.05985915661,0.656788825989,0.622936189175,0.44145873189,0.388288140297,0.230495676398,0.0997059047222,0.0363858379424,0.0102341324091,0.00186357763596,0.0000512538281328,0.0000112872176032],"dvar":[0.00515369186178,1.33525085449,10.7422542572,13.6781768799,562.023864746,438.954681396,93.27394104,360.394042969,1238.6484375,242.886474609,709.148620605,810.661560059,1842.5925293,1331.62341309,753.026245117,8431.91894531,5212.67919922,2835.39135742,388.406707764,274.714294434,712.184692383,394.829772949,130.671463013,40.3237876892,32.8682975769,6.96735191345,9.84925079346,8.68324184418,5.59363651276,2.28847670555,3.64491963387,1.81679737568,1.99127316475,0.457288652658,0.0629175677896,0.00911916885525,0.00076146365609,0.0000320403451042,4.19750634251e-8,1.87087276227e-10],"dvar2":[0.013587968424,3.63165926933,26.0537910461,35.5635948181,1423.50634766,1180.47290039,186.31930542,746.293701172,2992.72705078,415.34185791,1609.18505859,1835.18798828,3910.07910156,2462.66015625,1278.67858887,13662.71875,7814.38525391,4279.37792969,964.662475586,549.577941895,1473.88342285,730.184204102,253.130752563,88.0779190063,72.2665100098,13.6655406952,23.1146411896,18.1472225189,11.4178924561,5.00870895386,7.12059020996,3.41619706154,4.55555105209,1.00777029991,0.150089204311,0.0232415832579,0.00190225825645,0.0000864323665155,1.18499393409e-7,4.47250070312e-10],"max":[1.59022879601,32.6750907898,91.5440597534,98.4163894653,578.867248535,533.85333252,432.985839844,782.547424316,2412.40576172,909.990600586,1037.56213379,889.339538574,1835.14331055,1492.86645508,1123.35546875,4638.23828125,5209.06445312,3956.38037109,1103.1159668,798.116516113,1507.88391113,812.40802002,463.846130371,259.587921143,159.734115601,100.200408936,94.0908660889,119.086761475,103.587272644,69.3345718384,122.206680298,78.0193710327,87.0072631836,36.5512619019,12.8035049438,2.7236571312,0.740973234177,0.147018924356,0.0103720519692,0.000331432936946],"mean":[0.0671945735812,1.14924490452,2.28372716904,4.23151493073,16.5614089966,18.9024734497,9.37304782867,14.9394330978,25.8213787079,9.6301984787,11.4007778168,10.9480133057,20.2955493927,15.6799144745,16.1065349579,49.8613128662,29.2720870972,16.7773914337,7.75991821289,8.86054229736,14.7597408295,12.7343978882,7.97204446793,4.0445189476,2.93162298203,1.27051508427,1.37803399563,1.51269996166,1.31492161751,0.701740026474,0.581149935722,0.407767862082,0.359766811132,0.18699374795,0.0656887665391,0.0207231529057,0.00568009959534,0.000918621139135,0.0000340907645295,0.0000255577015196],"median":[0.0135777303949,0.25019210577,0.689350783825,1.99426138401,5.7514333725,7.26496267319,3.30939984322,5.36275100708,8.35376739502,3.1078441143,1.53013586998,1.81450092793,2.24835824966,1.52832055092,1.63179564476,1.5253944397,1.37734246254,0.944625616074,0.795558750629,0.779217422009,0.960545182228,1.13162994385,1.26379609108,0.871542215347,0.600459992886,0.24421878159,0.218882158399,0.177138730884,0.159332722425,0.0885910540819,0.0440975129604,0.0223700683564,0.0195482522249,0.0112825622782,0.00369680253789,0.000878757913597,0.000191439612536,0.0000172288309841,0.00000951557285589,0.0000158165348694],"min":[1.17766772621e-22,5.01599314421e-22,2.1087655033e-21,5.34904663381e-21,1.68246145524e-20,1.95679687475e-20,3.03007276682e-20,2.45007924758e-20,1.15568027093e-19,1.97779892588e-19,3.40216620058e-19,3.83135894267e-19,3.5844589715e-19,5.10331560456e-19,7.78335442285e-19,7.33789388155e-19,1.69112578442e-18,2.05718370776e-18,1.97588426125e-18,3.28233869739e-18,3.10318130288e-18,5.77683914653e-18,5.4289948097e-18,6.38852183872e-18,5.86120247002e-18,7.41665770929e-18,6.24566154308e-18,9.50938330001e-18,9.81258221764e-18,1.07120071305e-17,1.04913782088e-17,1.07792883472e-17,8.03375926167e-18,6.6808726962e-18,6.6469024564e-18,4.12541069029e-18,2.34943323562e-18,1.00774845341e-18,2.20479796548e-19,2.69804844662e-20],"var":[0.0182841867208,4.12692451477,21.6028957367,42.6450004578,1051.36083984,1017.57318115,424.846466064,1156.46618652,3409.68408203,766.596130371,1639.50524902,1732.2623291,6009.25439453,4345.34521484,3155.28222656,71382.4296875,22081.7382812,17105.6523438,1162.62255859,1410.12524414,3804.40869141,2171.71704102,500.394622803,115.414924622,63.0723075867,14.1733388901,17.1467971802,19.3721542358,15.3534173965,4.97512149811,9.51973342896,5.05622959137,4.70303630829,1.05357301235,0.0907409116626,0.00830992870033,0.000688782311045,0.0000235254228755,2.70112341383e-8,8.29280366599e-10]},"erbbands_crest":{"dmean":2.45159983635,"dmean2":3.79769873619,"dvar":5.43440151215,"dvar2":12.4498052597,"max":34.3538780212,"mean":11.7221221924,"median":10.5247440338,"min":2.08311462402,"var":29.1098041534},"erbbands_flatness_db":{"dmean":0.020929755643,"dmean2":0.0283081289381,"dvar":0.000455194502138,"dvar2":0.000813064572867,"max":0.424607396126,"mean":0.205697312951,"median":0.208033502102,"min":0.039396751672,"var":0.00310511467978},"erbbands_kurtosis":{"dmean":1.4623374939,"dmean2":2.2146589756,"dvar":7.30761384964,"dvar2":14.328871727,"max":133.00239563,"mean":2.4026787281,"median":1.02750396729,"min":-1.84092402458,"var":28.7289905548},"erbbands_skewness":{"dmean":0.373097807169,"dmean2":0.557861149311,"dvar":0.144385710359,"dvar2":0.306490153074,"max":9.94171619415,"mean":0.868465423584,"median":0.951223194599,"min":-3.98479342461,"var":1.18949770927},"erbbands_spread":{"dmean":7.03584289551,"dmean2":10.1651029587,"dvar":88.604019165,"dvar2":174.017044067,"max":131.140472412,"mean":31.4891624451,"median":27.4160785675,"min":0.924948036671,"var":388.664550781},"gfcc":{"cov":[[26917.7519531,1096.58093262,-2799.84716797,844.139648438,-1002.24517822,458.003723145,-819.33203125,26.3383159637,-537.082092285,-102.129226685,-278.381378174,-22.1098442078,-181.248977661],[1096.58093262,1910.76074219,-192.118179321,-190.525741577,291.655029297,-214.699508667,213.787872314,-36.6935539246,227.362792969,-182.606613159,188.184707642,-80.803314209,111.626403809],[-2799.84716797,-192.118179321,1007.1315918,126.350021362,152.420608521,108.291244507,136.780532837,77.9051055908,45.6909599304,115.917259216,63.6486434937,67.2207794189,31.942199707],[844.139648438,-190.525741577,126.350021362,578.26965332,78.6659240723,35.2430458069,-42.6151123047,28.8764743805,49.1075363159,67.6925582886,18.0899906158,15.1660022736,64.8128738403],[-1002.24517822,291.655029297,152.420608521,78.6659240723,438.001617432,9.25807762146,112.656173706,28.1921463013,150.438308716,13.1565532684,60.0892982483,-4.78414440155,64.2853927612],[458.003723145,-214.699508667,108.291244507,35.2430458069,9.25807762146,325.481506348,102.399147034,-1.90053236485,-59.9272422791,85.2177734375,29.467300415,10.7722330093,-16.1889190674],[-819.33203125,213.787872314,136.780532837,-42.6151123047,112.656173706,102.399147034,312.469787598,42.8088188171,42.1804656982,6.90647649765,89.3969421387,0.0346586741507,17.07396698],[26.3383159637,-36.6935539246,77.9051055908,28.8764743805,28.1921463013,-1.90053236485,42.8088188171,203.127410889,73.9248352051,-3.58240699768,-25.6653499603,20.6317939758,10.4126596451],[-537.082092285,227.362792969,45.6909599304,49.1075363159,150.438308716,-59.9272422791,42.1804656982,73.9248352051,210.272735596,1.05672585964,20.0269699097,-10.621846199,49.4632377625],[-102.129226685,-182.606613159,115.917259216,67.6925582886,13.1565532684,85.2177734375,6.90647649765,-3.58240699768,1.05672585964,140.125869751,32.8108062744,13.046087265,-19.5323944092],[-278.381378174,188.184707642,63.6486434937,18.0899906158,60.0892982483,29.467300415,89.3969421387,-25.6653499603,20.0269699097,32.8108062744,144.912841797,12.6165685654,15.1394910812],[-22.1098442078,-80.803314209,67.2207794189,15.1660022736,-4.78414440155,10.7722330093,0.0346586741507,20.6317939758,-10.621846199,13.046087265,12.6165685654,93.8202209473,10.5600252151],[-181.248977661,111.626403809,31.942199707,64.8128738403,64.2853927612,-16.1889190674,17.07396698,10.4126596451,49.4632377625,-19.5323944092,15.1394910812,10.5600252151,102.217353821]],"icov":[[0.000151711748913,-0.000380336452508,0.000402005884098,-0.000426465558121,0.0002360251965,-0.000554085709155,0.00040704649291,-0.000399773474783,0.000423020508606,-0.000237948537688,0.000349244393874,-0.000347203487763,0.000299654668197],[-0.000380336452508,0.00204414129257,-0.000853934558108,0.00137345609255,-0.000888442969881,0.00178379914723,-0.0013563450193,0.00127629155759,-0.00178435654379,0.00176558608655,-0.0022742759902,0.00152297038585,-0.0011925722938],[0.000402005884098,-0.000853934558108,0.00237694964744,-0.00120336026885,0.000266039627604,-0.00138559751213,0.000594166223891,-0.00137080100831,0.00123504444491,-0.0014373838203,0.000783798575867,-0.00149568996858,0.000485353200929],[-0.000426465558121,0.00137345609255,-0.00120336026885,0.00343917426653,-0.000963160477113,0.0014563202858,-0.000529056356754,0.000837405212224,-0.00140724389348,-0.0000161039679369,-0.00158706307411,0.00131986429915,-0.00244465842843],[0.0002360251965,-0.000888442969881,0.000266039627604,-0.000963160477113,0.00399151491001,-0.00120769394562,1.47746945345e-7,-0.0000505180250912,-0.00148936954793,-0.000478764908621,0.000572775432374,-0.0005500933039,-0.000178917194717],[-0.000554085709155,0.00178379914723,-0.00138559751213,0.0014563202858,-0.00120769394562,0.00690437341109,-0.00347033469006,0.00134588754736,0.00023012085876,-0.00161934469361,-0.00112026266288,0.00158977252431,-0.00154441792984],[0.00040704649291,-0.0013563450193,0.000594166223891,-0.000529056356754,1.47746945345e-7,-0.00347033469006,0.00667270086706,-0.0024916313123,0.00100200867746,0.000582467124332,-0.00184007920325,-0.000286621536361,0.000870839518029],[-0.000399773474783,0.00127629155759,-0.00137080100831,0.000837405212224,-0.0000505180250912,0.00134588754736,-0.0024916313123,0.00799841154367,-0.00433884328231,0.00146037223749,0.0011263351189,-0.000903005944565,-0.0000538053682249],[0.000423020508606,-0.00178435654379,0.00123504444491,-0.00140724389348,-0.00148936954793,0.00023012085876,0.00100200867746,-0.00433884328231,0.0105392299592,-0.00315143330954,0.00132653361652,0.000377050222596,-0.00148480257485],[-0.000237948537688,0.00176558608655,-0.0014373838203,-0.0000161039679369,-0.000478764908621,-0.00161934469361,0.000582467124332,0.00146037223749,-0.00315143330954,0.0128717850894,-0.00447419565171,0.000510508136358,0.00250247819349],[0.000349244393874,-0.0022742759902,0.000783798575867,-0.00158706307411,0.000572775432374,-0.00112026266288,-0.00184007920325,0.0011263351189,0.00132653361652,-0.00447419565171,0.0127690546215,-0.00326819648035,0.000468770886073],[-0.000347203487763,0.00152297038585,-0.00149568996858,0.00131986429915,-0.0005500933039,0.00158977252431,-0.000286621536361,-0.000903005944565,0.000377050222596,0.000510508136358,-0.00326819648035,0.0134729035199,-0.00290342536755],[0.000299654668197,-0.0011925722938,0.000485353200929,-0.00244465842843,-0.000178917194717,-0.00154441792984,0.000870839518029,-0.0000538053682249,-0.00148480257485,0.00250247819349,0.000468770886073,-0.00290342536755,0.0141703281552]],"mean":[-120.966331482,140.975341797,-99.9796981812,32.8006477356,-53.2788352966,-0.505324721336,-39.1342468262,-2.55868673325,-23.6410980225,-9.97147846222,-9.59745979309,-1.07365465164,-6.8696641922]},"hfc":{"dmean":2.75829577446,"dmean2":3.74908161163,"dvar":29.9037590027,"dvar2":52.7085151672,"max":179.448104858,"mean":10.2442159653,"median":4.07862615585,"min":1.06126590994e-16,"var":246.387298584},"melbands":{"dmean":[0.000369885587133,0.000551977660507,0.000553928024601,0.000766451412346,0.000168706654222,0.000157198257511,0.000159425952006,0.0000464806580567,0.000051317303587,0.0000408718078688,0.0000547884883417,0.0000361574893759,0.0000245680566877,0.0000332377530867,0.0000502543698531,0.00001857843381,0.0000116675437312,0.00000788345460023,0.00000395125380237,0.00000610216102359,0.00000706120499672,0.00000558568672204,0.00000485834289066,0.0000024230910185,0.00000153136943482,0.00000165278061104,7.95288372046e-7,4.73274241131e-7,5.31443618002e-7,5.23767312188e-7,5.07763900259e-7,4.7009376658e-7,3.22739765579e-7,2.36707876411e-7,2.61518152911e-7,2.17778890033e-7,1.83608349857e-7,1.87213913705e-7,1.75224172949e-7,1.14363395198e-7],"dmean2":[0.000587960064877,0.000891655974556,0.00089661689708,0.00124507595319,0.000251838559052,0.000236536361626,0.000226171527174,0.0000666841733619,0.0000764747237554,0.0000608684313192,0.0000803076400189,0.0000490814018121,0.0000337643759849,0.0000438232018496,0.0000678699507262,0.0000251947003562,0.0000163641689142,0.0000117387617138,0.00000581474387218,0.0000088849092208,0.00000992590503301,0.00000793493109086,0.00000709539654054,0.00000356930490852,0.00000232046932069,0.0000025163706141,0.00000122473545616,7.06568073383e-7,8.22653248633e-7,7.87617238984e-7,7.37252833005e-7,6.90340186793e-7,4.77170658542e-7,3.60657793408e-7,3.87081058761e-7,3.21180067431e-7,2.70849767503e-7,2.80618309034e-7,2.68192991371e-7,1.79205841278e-7],"dvar":[9.34254785534e-7,0.00000242032342612,0.00000134075196456,0.0000030065127703,1.38149573559e-7,1.64840031402e-7,2.17174616068e-7,3.34500107613e-8,4.83693156639e-8,3.31155582955e-8,5.28714778625e-8,2.93996613721e-8,1.13997753459e-8,3.02486995452e-8,8.32171451748e-8,2.76849601022e-8,9.23448162382e-9,1.74067693592e-9,3.61093016599e-10,6.6547439781e-10,1.21117249563e-9,5.57118573496e-10,2.82305900878e-10,5.82554629536e-11,3.22432323896e-11,3.50516282666e-11,8.70346503201e-12,2.93595074467e-12,3.89009527715e-12,3.70324647683e-12,3.24384377866e-12,2.42036447308e-12,1.28468687511e-12,6.68003955102e-13,1.36319124391e-12,1.08041104275e-12,7.14495791091e-13,9.49127820608e-13,9.53350137549e-13,2.47951155051e-13],"dvar2":[0.00000262476078206,0.00000595869960307,0.00000349385368281,0.00000778767662268,3.08342521294e-7,3.54606584096e-7,5.21305196344e-7,6.55015881534e-8,1.0621772617e-7,7.44597556945e-8,1.0986207144e-7,5.26638146425e-8,2.17392805979e-8,4.68834997491e-8,1.38284548257e-7,4.80199489061e-8,1.400598304e-8,4.361216277e-9,7.04820701802e-10,1.35625533026e-9,2.48569653749e-9,1.05271069639e-9,5.66354518838e-10,1.18208179356e-10,7.27884627572e-11,7.7875636495e-11,2.05043794443e-11,5.91325556229e-12,9.27832290165e-12,8.70467239955e-12,6.77959468079e-12,5.33881706205e-12,2.76762965844e-12,1.54430537368e-12,2.71567447349e-12,2.21268186065e-12,1.4300481372e-12,2.20180449394e-12,2.11034575232e-12,5.85938253212e-13],"max":[0.0256239492446,0.0363255664706,0.0325416252017,0.0350544191897,0.0120935551822,0.0152994440868,0.0314962789416,0.00802253931761,0.00689353700727,0.00577018177137,0.00933705363423,0.00802534259856,0.00606306968257,0.00899356231093,0.013728431426,0.0154564538971,0.00675063952804,0.00247091194615,0.00090039963834,0.00107253482565,0.00162402924616,0.000985185732134,0.000716912152711,0.000280470529106,0.000247678603046,0.000183914642548,0.0000991863780655,0.0000686743951519,0.0000492696490255,0.0000580778505537,0.0000672331807436,0.0000730924293748,0.0000657764685457,0.0000263255442405,0.0000704224512447,0.0000644983083475,0.0000447156526207,0.0000527722622792,0.0000726382495486,0.0000246635845542],"mean":[0.000934712064918,0.00139773474075,0.00112188374624,0.00138696166687,0.000434732326539,0.000342964194715,0.000350205547875,0.0000916808057809,0.000095796516689,0.0000702604666003,0.00010577878129,0.0000684133774485,0.0000485783166368,0.0000940524842008,0.000143468452734,0.0000414364585595,0.0000277669969364,0.0000140291094795,0.00000799369809101,0.0000144896484926,0.0000174395518115,0.0000137443585118,0.00000993481353362,0.00000492485196446,0.00000299854082186,0.00000269074712378,0.00000124914049593,7.28532256744e-7,8.14450572761e-7,8.84024416337e-7,8.76497722402e-7,8.28570762224e-7,5.00848273077e-7,3.45270279922e-7,3.49093795649e-7,2.77687291828e-7,2.3700546592e-7,2.51045406685e-7,2.31917582028e-7,1.33014054882e-7],"median":[0.000205844698939,0.000394459930249,0.000490192091092,0.000573471363168,0.000148405655636,0.00012624169176,0.000117163064715,0.0000196152122953,0.0000111116351036,0.0000112486486614,0.0000110728524305,0.00000596900099481,0.00000483285339214,0.00000370408133676,0.00000361373395208,0.00000213068710764,0.00000150009884692,0.00000128105261865,6.8239819484e-7,0.00000125564440623,9.19553201584e-7,9.2376677685e-7,0.00000141021610034,8.58330110987e-7,5.97790005941e-7,4.70595637125e-7,2.29793585049e-7,1.1605425243e-7,1.31554287464e-7,9.90542261547e-8,9.41105042784e-8,8.83469795099e-8,6.73535751616e-8,3.81350915291e-8,2.56690260159e-8,1.44860772266e-8,1.13342286667e-8,1.22502417099e-8,1.21610082005e-8,7.33725702418e-9],"min":[1.38934675666e-24,1.06783978942e-24,9.59125586168e-25,1.06050772173e-24,1.09273446465e-24,6.38153910355e-25,1.48651716385e-24,2.52854236761e-24,2.29400435694e-24,1.86868684445e-24,1.50631816421e-24,1.61540155436e-24,1.14431620569e-24,1.12295720504e-24,2.8704096376e-24,2.91305269712e-24,3.05570557005e-24,3.00516463236e-24,2.61797473957e-24,3.19361995275e-24,2.80480224548e-24,4.60714569058e-24,3.12664526746e-24,3.62539606669e-24,3.69378991274e-24,3.03179716817e-24,5.08356876796e-24,4.54427150428e-24,3.95022571606e-24,2.56469310188e-24,4.64499444795e-24,5.19016951423e-24,4.89438887883e-24,4.96935078078e-24,5.67447922851e-24,4.76883890475e-24,5.85841279818e-24,4.39726688016e-24,5.1426576052e-24,4.75348214951e-24],"var":[0.00000276124637821,0.00000629705027677,0.00000344379850503,0.00000548214484297,6.52104290566e-7,5.45751390746e-7,6.05451759839e-7,9.04696193516e-8,1.21681623e-7,7.08228569124e-8,1.74792177177e-7,9.5595851235e-8,3.81572569097e-8,2.34628316775e-7,6.95829442066e-7,1.04569430448e-7,4.94758864988e-8,5.19963405665e-9,1.16118192839e-9,3.33208949321e-9,5.9653686435e-9,2.99701197193e-9,1.02319563933e-9,1.78552561625e-10,8.42389630273e-11,6.21591944583e-11,1.43413224005e-11,5.66016981549e-12,6.00827634173e-12,7.37986147886e-12,6.88242648636e-12,6.48480054377e-12,2.37992958674e-12,1.46067533069e-12,3.42403904709e-12,2.61655931297e-12,1.78012292407e-12,2.10766647191e-12,2.27066152339e-12,4.70570793703e-13]},"melbands_crest":{"dmean":2.55581092834,"dmean2":4.16037464142,"dvar":5.99745798111,"dvar2":15.8923711777,"max":35.7769927979,"mean":14.9744615555,"median":14.5755205154,"min":1.48712670803,"var":23.3382759094},"melbands_flatness_db":{"dmean":0.026384357363,"dmean2":0.0381982624531,"dvar":0.000784703763202,"dvar2":0.00154190603644,"max":0.622993409634,"mean":0.304558694363,"median":0.302944332361,"min":0.00172900839243,"var":0.00755318393931},"melbands_kurtosis":{"dmean":8.12637901306,"dmean2":12.7100830078,"dvar":186.952804565,"dvar2":463.252746582,"max":317.246551514,"mean":21.5884494781,"median":15.2896270752,"min":-1.82090628147,"var":621.929931641},"melbands_skewness":{"dmean":0.674168348312,"dmean2":1.01706838608,"dvar":0.562343537807,"dvar2":1.27014529705,"max":13.9933815002,"mean":3.01849389076,"median":2.90772414207,"min":-2.9405579567,"var":3.31020760536},"melbands_spread":{"dmean":3.1367688179,"dmean2":4.74918365479,"dvar":33.5740890503,"dvar2":70.7962341309,"max":155.745330811,"mean":12.3296251297,"median":6.86374998093,"min":0.581027030945,"var":336.515075684},"mfcc":{"cov":[[12465.4365234,-46.7099304199,-938.157165527,224.301086426,-162.91545105,304.432525635,-143.022262573,112.082984924,-56.6977615356,-166.475769043,109.578155518,28.9403820038,-111.74936676],[-46.7099304199,2111.52172852,-127.786140442,23.2268562317,100.500160217,-87.4559326172,38.7765274048,172.618408203,36.4418525696,-0.321905255318,113.00504303,-28.0177955627,7.23403692245],[-938.157165527,-127.786140442,700.888427734,86.7342529297,47.219833374,76.2713394165,132.531158447,-22.5330162048,12.2727079391,20.6134643555,-27.8031711578,74.9626541138,56.8822593689],[224.301086426,23.2268562317,86.7342529297,471.285003662,182.984558105,28.0286064148,-10.9334812164,9.7068195343,78.6728515625,-1.97540891171,-4.1424908638,64.5004425049,50.7834739685],[-162.91545105,100.500160217,47.219833374,182.984558105,336.2784729,39.9548377991,-26.0819702148,1.03569805622,87.9850616455,21.0060253143,8.33220863342,48.9173927307,22.7414112091],[304.432525635,-87.4559326172,76.2713394165,28.0286064148,39.9548377991,281.643951416,133.646102905,-22.3955020905,-10.5051488876,36.0783233643,12.9010248184,71.376625061,26.7955226898],[-143.022262573,38.7765274048,132.531158447,-10.9334812164,-26.0819702148,133.646102905,253.824066162,42.8719940186,-20.0164260864,58.5918502808,9.66388320923,45.852645874,41.2662849426],[112.082984924,172.618408203,-22.5330162048,9.7068195343,1.03569805622,-22.3955020905,42.8719940186,186.5128479,62.6740684509,42.3361587524,43.2479896545,-17.0620689392,16.5296077728],[-56.6977615356,36.4418525696,12.2727079391,78.6728515625,87.9850616455,-10.5051488876,-20.0164260864,62.6740684509,171.907714844,30.2901744843,23.9071826935,-1.87246787548,6.21468305588],[-166.475769043,-0.321905255318,20.6134643555,-1.97540891171,21.0060253143,36.0783233643,58.5918502808,42.3361587524,30.2901744843,192.508895874,43.8344116211,-11.1098070145,3.89814686775],[109.578155518,113.00504303,-27.8031711578,-4.1424908638,8.33220863342,12.9010248184,9.66388320923,43.2479896545,23.9071826935,43.8344116211,118.575309753,21.0976867676,2.9405977726],[28.9403820038,-28.0177955627,74.9626541138,64.5004425049,48.9173927307,71.376625061,45.852645874,-17.0620689392,-1.87246787548,-11.1098070145,21.0976867676,123.345695496,39.968711853],[-111.74936676,7.23403692245,56.8822593689,50.7834739685,22.7414112091,26.7955226898,41.2662849426,16.5296077728,6.21468305588,3.89814686775,2.9405977726,39.968711853,100.721359253]],"icov":[[0.000105367740616,0.00000929995985643,0.00013734435197,-0.000115960538096,0.000102749931102,-0.000222696064156,0.000101500641904,-0.000142659409903,0.0000591601856286,0.000107697087515,-0.0000663199243718,-0.0000323708009091,0.000121974240756],[0.00000929995985643,0.000571561395191,0.0000959788667387,-0.0000112321577035,-0.000312371936161,0.000226784322876,-0.000286023918306,-0.000410876586102,0.000199883827008,0.000273082288913,-0.00054381164955,0.00023274339037,0.0000161552306963],[0.00013734435197,0.0000959788667387,0.00194499152713,-0.000305152905639,0.0000248685410043,-0.0000305028443108,-0.000871420663316,0.000212597835343,-0.000227704193094,0.0000450407424069,0.000375318049919,-0.000667953689117,-0.000208038341952],[-0.000115960538096,-0.0000112321577035,-0.000305152905639,0.00309843267314,-0.00132499274332,0.000262868386926,0.000203176299692,0.0000179313738045,-0.000763857737184,-0.0000435325819126,0.000550706754439,-0.000900478626136,-0.000984622165561],[0.000102749931102,-0.000312371936161,0.0000248685410043,-0.00132499274332,0.00470448145643,-0.000963753205724,0.00117437297013,0.000365796062397,-0.00173849344719,-0.000619939353783,0.000517825479619,-0.0013075391762,0.000078464850958],[-0.000222696064156,0.000226784322876,-0.0000305028443108,0.000262868386926,-0.000963753205724,0.00620244862512,-0.00330690690316,0.0015148667153,-0.000179242182639,-0.000570917851292,-0.000332742667524,-0.0017970482586,0.0000510862882948],[0.000101500641904,-0.000286023918306,-0.000871420663316,0.000203176299692,0.00117437297013,-0.00330690690316,0.00761087052524,-0.00237814080901,0.00116558780428,-0.00161588238552,0.00113415240776,-0.00134090404026,-0.00110088661313],[-0.000142659409903,-0.000410876586102,0.000212597835343,0.0000179313738045,0.000365796062397,0.0015148667153,-0.00237814080901,0.00843500066549,-0.00299034104683,-0.00057328841649,-0.00192301720381,0.00155057874508,-0.00150588795077],[0.0000591601856286,0.000199883827008,-0.000227704193094,-0.000763857737184,-0.00173849344719,-0.000179242182639,0.00116558780428,-0.00299034104683,0.00846780370921,-0.000518584332895,-0.000825589697342,0.000646793225314,0.000283457571641],[0.000107697087515,0.000273082288913,0.0000450407424069,-0.0000435325819126,-0.000619939353783,-0.000570917851292,-0.00161588238552,-0.00057328841649,-0.000518584332895,0.00690396130085,-0.0027414385695,0.00217131711543,0.000127572173369],[-0.0000663199243718,-0.00054381164955,0.000375318049919,0.000550706754439,0.000517825479619,-0.000332742667524,0.00113415240776,-0.00192301720381,-0.000825589697342,-0.0027414385695,0.0115626603365,-0.00375919183716,0.000609578972217],[-0.0000323708009091,0.00023274339037,-0.000667953689117,-0.000900478626136,-0.0013075391762,-0.0017970482586,-0.00134090404026,0.00155057874508,0.000646793225314,0.00217131711543,-0.00375919183716,0.0132778892294,-0.00343635864556],[0.000121974240756,0.0000161552306963,-0.000208038341952,-0.000984622165561,0.000078464850958,0.0000510862882948,-0.00110088661313,-0.00150588795077,0.000283457571641,0.000127572173369,0.000609578972217,-0.00343635864556,0.0126667600125]],"mean":[-755.777709961,162.929931641,13.9528274536,31.6345462799,8.11426258087,1.15488505363,-3.02892136574,3.25518584251,-6.35781097412,-13.5110397339,-2.25807619095,-3.67169332504,-3.56584382057]},"pitch_salience":{"dmean":0.0601728111506,"dmean2":0.0975008457899,"dvar":0.0032537705265,"dvar2":0.00841535814106,"max":0.949896395206,"mean":0.53311675787,"median":0.534998774529,"min":0.0866147056222,"var":0.016025390476},"silence_rate_20dB":{"dmean":0,"dmean2":0,"dvar":0,"dvar2":0,"max":1,"mean":1,"median":1,"min":1,"var":0},"silence_rate_30dB":{"dmean":0.00820472743362,"dmean2":0.0164110586047,"dvar":0.00813788082451,"dvar2":0.0184876471758,"max":1,"mean":0.98788946867,"median":1,"min":0,"var":0.0119634028524},"silence_rate_60dB":{"dmean":0.0306700523943,"dmean2":0.0613460987806,"dvar":0.029733074829,"dvar2":0.064422391355,"max":1,"mean":0.196894228458,"median":0,"min":0,"var":0.158142030239},"spectral_centroid":{"dmean":134.989822388,"dmean2":203.049880981,"dvar":50857.7890625,"dvar2":95344.2890625,"max":11647.9580078,"mean":811.479919434,"median":524.433166504,"min":145.278945923,"var":1662253.375},"spectral_complexity":{"dmean":1.56163311005,"dmean2":2.46302628517,"dvar":3.62543988228,"dvar2":7.61667823792,"max":44,"mean":8.92235565186,"median":8,"min":0,"var":30.4991340637},"spectral_contrast_coeffs":{"dmean":[0.0442701466382,0.0400103069842,0.0325929746032,0.0283960606903,0.02580601722,0.0211941171438],"dmean2":[0.0737660527229,0.0628685727715,0.0517027229071,0.0449141263962,0.040061622858,0.030962690711],"dvar":[0.00148831191473,0.00117984274402,0.000803766830359,0.000630806141999,0.000551508215722,0.000363384053344],"dvar2":[0.00402972754091,0.00287155550905,0.00190575211309,0.00143253791612,0.00118974968791,0.000716522685252],"max":[-0.230213165283,-0.328498452902,-0.427205562592,-0.458323091269,-0.490771502256,-0.535881340504],"mean":[-0.605139672756,-0.692815721035,-0.773186326027,-0.770065665245,-0.763758420944,-0.773361802101],"median":[-0.609323680401,-0.694499790668,-0.788655996323,-0.781572401524,-0.773375093937,-0.774018883705],"min":[-0.98131364584,-0.984507501125,-0.979947805405,-0.97515553236,-0.970169305801,-0.965532541275],"var":[0.0106463087723,0.00703119067475,0.00626686541364,0.00555603438988,0.00486943311989,0.00315324729308]},"spectral_contrast_valleys":{"dmean":[0.358281552792,0.296710520983,0.273935288191,0.266746133566,0.296294271946,0.420827716589],"dmean2":[0.590954244137,0.484135210514,0.4414704144,0.422202825546,0.431579142809,0.545266568661],"dvar":[0.130715459585,0.0731895938516,0.0678346827626,0.0707587152719,0.10220926255,0.197112172842],"dvar2":[0.294863253832,0.164552807808,0.143079981208,0.139404565096,0.177236005664,0.325101643801],"max":[-5.03817796707,-5.20238924026,-5.41884899139,-6.0399017334,-6.23813295364,-7.64198160172],"mean":[-7.87006950378,-7.73510980606,-8.53236579895,-9.3057050705,-9.48182106018,-12.0513362885],"median":[-7.43838834763,-7.29732704163,-8.13899803162,-8.8991355896,-9.00863647461,-11.9042186737],"min":[-28.2190933228,-28.1410808563,-28.1120147705,-27.5726528168,-27.4739093781,-27.4030170441],"var":[6.77900123596,6.39075565338,5.9855132103,5.78825187683,5.97391939163,4.85388612747]},"spectral_decrease":{"dmean":1.62784485891e-9,"dmean2":2.47325671054e-9,"dvar":8.37296866008e-18,"dvar2":1.9494976133e-17,"max":7.25659637375e-20,"mean":-5.50395551357e-9,"median":-3.42599770775e-9,"min":-6.92256350021e-8,"var":3.8295209887e-17},"spectral_energy":{"dmean":0.00633852230385,"dmean2":0.00959458760917,"dvar":0.000125829843455,"dvar2":0.000290537805995,"max":0.267947584391,"mean":0.0217024032027,"median":0.0134203098714,"min":9.87848491197e-21,"var":0.00059811869869},"spectral_energyband_high":{"dmean":0.0000809241682873,"dmean2":0.000110041866719,"dvar":6.73548683494e-8,"dvar2":1.22928156543e-7,"max":0.013319151476,"mean":0.000140477801324,"median":0.0000186990200746,"min":6.80298781261e-21,"var":1.92576550262e-7},"spectral_energyband_low":{"dmean":0.00241928431205,"dmean2":0.0038748071529,"dvar":0.0000369676163245,"dvar2":0.0000947725056903,"max":0.135138005018,"mean":0.00663369707763,"median":0.00226756627671,"min":1.33689772221e-23,"var":0.000110211891297},"spectral_energyband_middle_high":{"dmean":0.00114685017616,"dmean2":0.00151514809113,"dvar":0.0000120167578643,"dvar2":0.0000202090541279,"max":0.121778875589,"mean":0.00370349176228,"median":0.000462518946733,"min":1.14745773618e-21,"var":0.0000912302348297},"spectral_energyband_middle_low":{"dmean":0.00453343335539,"dmean2":0.00703665148467,"dvar":0.0000709376618033,"dvar2":0.000175989072886,"max":0.179275423288,"mean":0.0119394417852,"median":0.00699501857162,"min":1.64835553237e-22,"var":0.000213060076931},"spectral_entropy":{"dmean":0.216930106282,"dmean2":0.309585750103,"dvar":0.054456487298,"dvar2":0.107574820518,"max":9.82304477692,"mean":6.77619361877,"median":6.72514533997,"min":4.68121194839,"var":0.4547290802},"spectral_flux":{"dmean":0.017597541213,"dmean2":0.0278622563928,"dvar":0.000520773406606,"dvar2":0.00126122753136,"max":0.379343897104,"mean":0.0514509379864,"median":0.0403619930148,"min":6.31306326659e-11,"var":0.001797806588},"spectral_kurtosis":{"dmean":4.5538482666,"dmean2":7.6178817749,"dvar":28.2830638885,"dvar2":74.4978179932,"max":81.9975814819,"mean":11.2048711777,"median":8.15427970886,"min":-1.26387369633,"var":103.441436768},"spectral_rms":{"dmean":0.000588742550462,"dmean2":0.000871350523084,"dvar":5.81677454647e-7,"dvar2":0.00000124032158055,"max":0.0161682479084,"mean":0.00392508879304,"median":0.0036184231285,"min":3.10443966541e-12,"var":0.00000576681031816},"spectral_rolloff":{"dmean":188.044876099,"dmean2":318.927612305,"dvar":339007.09375,"dvar2":720798.8125,"max":19552.1484375,"mean":941.238769531,"median":409.130859375,"min":21.533203125,"var":5303250.5},"spectral_skewness":{"dmean":0.414806753397,"dmean2":0.668192207813,"dvar":0.173062667251,"dvar2":0.414208084345,"max":7.45124101639,"mean":2.34537386894,"median":2.17115139961,"min":-0.0810518711805,"var":1.06550109386},"spectral_spread":{"dmean":637153.1875,"dmean2":907107.0625,"dvar":768742588416,"dvar2":1423273885700,"max":42471144,"mean":3974964.25,"median":3089815,"min":1101710.125,"var":20908192301100},"spectral_strongpeak":{"dmean":0.362680375576,"dmean2":0.59635746479,"dvar":0.810115754604,"dvar2":1.87843477726,"max":18.0742149353,"mean":0.914434731007,"median":0.393239051104,"min":0,"var":3.02655363083},"zerocrossingrate":{"dmean":0.00610914360732,"dmean2":0.00734773371369,"dvar":0.000108219937829,"dvar2":0.000150676380144,"max":0.5263671875,"mean":0.0364332981408,"median":0.0244140625,"min":0.0009765625,"var":0.00359980738722}},"metadata":{"audio_properties":{"analysis_sample_rate":44100,"bit_rate":128000,"codec":"mp3","downmix":"mix","equal_loudness":0,"length":237.714279175,"lossless":false,"md5_encoded":"9568cab2b63c607a882f5533677c9af2","replay_gain":-7.10711479187,"sample_rate":44100},"tags":{"album":["WORKS VOLUME 2 (WHITE)"],"artist":["Emerson, Lake & Palmer"],"asin":["B0000033P5"],"barcode":["738348002522"],"bpm":["99"],"composer":["Greg Lake, Peter Sinfield"],"date":["1977"],"file_name":"06 Watching Over YOU 2.mp3","genre":["Rock/Pop"],"initialkey":["E"],"language":["eng"],"length":["237000"],"mood":["sad, very depressed"],"musicbrainz_albumid":["97a08e9e-1c0c-4051-8edc-7ced55635bcb"],"musicbrainz_recordingid":["92e3f0de-9e3a-44f6-8442-2d9cce6068e3"],"musicbrainz_releasegroupid":["2b92d1fc-81d0-35de-9ad0-56bd6fd7c9ce"],"title":["Watching Over YOU"],"tracknumber":["06"]},"version":{"essentia":"2.1-beta2","essentia_build_sha":"cead25079874084f62182a551b7393616cd33d87","essentia_git_sha":"v2.1_beta2-1-ge3940c0","extractor":"music 1.0"}},"rhythm":{"beats_count":449,"beats_loudness":{"dmean":0.0214798618108,"dmean2":0.0374406166375,"dvar":0.000617504061665,"dvar2":0.00156279769726,"max":0.178850963712,"mean":0.0295465309173,"median":0.0198101215065,"min":0,"var":0.000909917231183},"beats_loudness_band_ratio":{"dmean":[0.262360095978,0.197232678533,0.131005048752,0.0925501957536,0.0350378826261,0.0133013213053],"dmean2":[0.449627995491,0.336166769266,0.230136200786,0.164878979325,0.0612121708691,0.0241759605706],"dvar":[0.0387293212116,0.0267695076764,0.0203134659678,0.0234149098396,0.00384086952545,0.001160346088],"dvar2":[0.1082239151,0.0814555734396,0.0533794872463,0.0641809776425,0.0105762248859,0.00336316251196],"max":[0.97582679987,0.955312907696,0.88468337059,0.793344020844,0.417406052351,0.421936869621],"mean":[