{"lowlevel":{"average_loudness":0.789594888687,"barkbands":{"dmean":[0.000485097145429,0.00979330204427,0.00394345493987,0.00283097778447,0.00110152573325,0.000607515336014,0.000668330816552,0.00068624940468,0.00109470181633,0.000282318127574,0.00040299189277,0.000288838578854,0.000460198207293,0.000336888595484,0.000430653512012,0.000286170106847,0.000248509575613,0.000209506732062,0.000152331325808,0.000103264937934,0.0000809995399322,0.0000681636738591,0.0000693546535331,0.0000845237154863,0.0000651118461974,0.0000423490273533,0.0000277130347968],"dmean2":[0.000780729285907,0.0146645642817,0.00706999469548,0.00506947841495,0.00187224417459,0.000975473143626,0.00103063799907,0.00106056232471,0.00174868491013,0.000428754807217,0.000644211017061,0.000470436410978,0.000750953855459,0.000561805674806,0.000713053043,0.000465848395834,0.000418609910412,0.00034943385981,0.000251271558227,0.000169559280039,0.000130564745632,0.000101755475043,0.0000994182555587,0.000114943541121,0.0000907577850739,0.0000567358438275,0.0000389948072552],"dvar":[0.0000016294990246,0.000642356404569,0.000147577506141,0.000109234977572,0.00000808909408079,0.00000138975576647,0.00000237332642428,0.00000238068196268,0.00000706874971002,3.25721288164e-7,0.00000244530178861,7.48410968754e-7,0.00000188183935279,9.90674493551e-7,0.00000105835715658,4.90842467116e-7,4.00449465587e-7,1.67278400909e-7,7.74572797013e-8,4.06427638211e-8,2.92964692505e-8,2.2805306088e-8,3.85105920486e-8,6.28183940421e-8,2.99500051426e-8,1.38823059714e-8,8.45354453105e-9],"dvar2":[0.00000388141097574,0.00133803626522,0.000411637302022,0.000308489339659,0.0000223208262469,0.00000366259132534,0.0000060626684899,0.0000058166888266,0.0000174950673681,7.52368691792e-7,0.0000060879551711,0.00000209997506317,0.00000513956047143,0.00000279768323708,0.00000274325429928,0.0000011855588582,0.00000111708982331,4.50421595133e-7,2.03986004976e-7,1.06934834321e-7,7.48038431198e-8,5.08764195217e-8,7.40970449442e-8,1.08806375465e-7,6.36643662233e-8,2.43057467486e-8,1.63641491469e-8],"max":[0.0141966948286,0.262568235397,0.123614281416,0.119651421905,0.0462547428906,0.0243815891445,0.0370921231806,0.0247289352119,0.0433029271662,0.0127754677087,0.0438603945076,0.0320921614766,0.0273558534682,0.0335003435612,0.0228841882199,0.0182166639715,0.0168498065323,0.00895077455789,0.00483063887805,0.00324921519496,0.00268998229876,0.00362666905858,0.00445980904624,0.00793774332851,0.00601039128378,0.00237842812203,0.00219051470049],"mean":[0.000545131799299,0.0121553419158,0.00386503408663,0.00293752597645,0.0017854210455,0.00115520996042,0.00115372531582,0.00106570217758,0.00170575466473,0.000468332378659,0.000533610524144,0.000422663113568,0.000637961609755,0.000457723304862,0.000638794852421,0.000458326714579,0.000402340869186,0.000358586345101,0.000275261641946,0.000184544856893,0.00014210306108,0.000120712276839,0.00011318342149,0.000131098000566,0.0000904986009118,0.000054379383073,0.0000325580476783],"median":[0.0000157878403115,0.00317770196125,0.000751100014895,0.000526821124367,0.000949526787736,0.000680934230331,0.000427859340562,0.000351084920112,0.000423900783062,0.000163355944096,0.000120508186228,0.000141955984873,0.000143467492308,0.000141966651427,0.000168623024365,0.000122575162095,0.000149245752255,0.00012680303189,0.000108345484477,0.00007587793516,0.0000516786640219,0.0000422999037255,0.0000246346407948,0.0000220077781705,0.0000117780027722,0.00000369049462279,4.7042561846e-7],"min":[3.33639805735e-24,8.18969359391e-24,5.77405540508e-23,1.75640637854e-23,1.7652346787e-23,3.2489517216e-23,9.04921466367e-23,3.61956109923e-23,5.18206168073e-23,1.06499301918e-22,3.38891836538e-23,1.44279605095e-22,9.88370833236e-23,1.19951437701e-22,1.3357453542e-22,2.07469812228e-22,1.57740323685e-22,1.87265418371e-22,2.08934922566e-22,3.15253985545e-22,4.53838822698e-22,3.92565358239e-22,4.95983685005e-22,1.0438034832e-21,1.21223480328e-21,1.69723648426e-21,2.72404126451e-21],"var":[0.0000021030298285,0.000918292149436,0.0000991000051727,0.0000732575208531,0.00000849927255331,0.00000228096814681,0.00000417832234234,0.00000410944767282,0.0000122261199067,7.540999718e-7,0.00000337497021974,0.00000123065194657,0.0000029921100122,0.00000127707698994,0.0000017348000938,9.10046196623e-7,5.76929380713e-7,3.29104580032e-7,1.65711895761e-7,7.91215271079e-8,4.95024430336e-8,4.67203769006e-8,8.34683930862e-8,1.43691451626e-7,5.35645021671e-8,2.55521310777e-8,1.34849891253e-8]},"barkbands_crest":{"dmean":2.65574645996,"dmean2":4.12193155289,"dvar":8.00401973724,"dvar2":16.517288208,"max":26.7357883453,"mean":10.8227262497,"median":9.41808509827,"min":2.26508617401,"var":28.8655738831},"barkbands_flatness_db":{"dmean":0.0287429764867,"dmean2":0.0415317714214,"dvar":0.000941995182075,"dvar2":0.00208231131546,"max":0.444806158543,"mean":0.153253600001,"median":0.134420543909,"min":0.015772966668,"var":0.00615776982158},"barkbands_kurtosis":{"dmean":6.46313047409,"dmean2":10.0970983505,"dvar":281.661804199,"dvar2":653.800720215,"max":503.156951904,"mean":8.54363822937,"median":1.59334421158,"min":-1.95599961281,"var":528.703857422},"barkbands_skewness":{"dmean":0.765630781651,"dmean2":1.12499344349,"dvar":1.13136732578,"dvar2":2.2497689724,"max":20.7610473633,"mean":1.65175914764,"median":1.33555865288,"min":-13.3015642166,"var":4.93238830566},"barkbands_spread":{"dmean":6.35354089737,"dmean2":9.41393280029,"dvar":61.4334030151,"dvar2":125.074165344,"max":152.078094482,"mean":20.9523601532,"median":19.0245685577,"min":0.330279350281,"var":210.334457397},"dissonance":{"dmean":0.0206040926278,"dmean2":0.0346056967974,"dvar":0.000471475737868,"dvar2":0.00127655337565,"max":0.500000119209,"mean":0.45945841074,"median":0.468065232038,"min":0.130337432027,"var":0.00107522588223},"dynamic_complexity":5.9020113945,"erbbands":{"dmean":[0.32716307044,2.20060586929,4.67034053802,7.43044900894,6.06151580811,3.31167984009,5.17035865784,4.61339569092,7.00310087204,11.7537403107,18.3610286713,25.5876903534,12.646697998,10.4744691849,13.9963178635,12.777173996,18.65026474,18.2963695526,19.325553894,19.8706989288,15.4006147385,10.4645051956,10.379732132,8.25404930115,6.81128501892,5.29834938049,3.7673406601,2.8817179203,2.57421994209,2.04528260231,2.00261044502,1.75614547729,1.42721271515,0.884422540665,0.389762490988,0.170938804746,0.0738082528114,0.0281005464494,0.00488429982215,0.000265751994448],"dmean2":[0.490308344364,3.5259077549,8.27046108246,13.1898479462,10.7276010513,5.67005443573,8.33288669586,7.44287586212,10.9804191589,18.1736392975,28.3881797791,40.5281105042,19.7104988098,16.3406162262,22.7310161591,20.8342552185,30.5991458893,30.569108963,32.1074104309,32.4657440186,25.3805522919,17.4786872864,17.1749172211,13.7678060532,11.1538877487,8.70424747467,6.17514228821,4.56220293045,3.90244221687,2.9923582077,2.86622810364,2.43436455727,1.95009887218,1.24361693859,0.551186680794,0.23236580193,0.100362703204,0.0390314608812,0.00696849450469,0.000377515301807],"dvar":[0.74815094471,35.3765983582,205.935806274,582.854431152,471.388092041,47.2850875854,84.0696563721,107.745864868,322.570404053,902.592102051,1805.76318359,4463.36083984,1143.53723145,693.941589355,2498.07568359,1565.31494141,3381.4519043,3388.34448242,2710.73144531,2234.09863281,1422.41113281,526.44128418,371.486236572,228.734466553,160.843719482,110.214744568,73.2291870117,38.2591285706,33.1038131714,27.3763828278,33.7811203003,32.8503913879,15.8933506012,6.18879556656,0.954460382462,0.194227337837,0.0434780232608,0.00817838683724,0.000252947735135,8.05849651897e-7],"dvar2":[1.54174757004,82.379524231,569.051452637,1613.10180664,1341.83520508,130.76473999,221.75428772,285.221679688,838.333679199,2231.18798828,4275.79052734,10609.6708984,2911.04248047,1662.21228027,6536.99853516,4547.98095703,9511.93554688,9599.73046875,7261.70947266,5526.08496094,3408.140625,1415.81396484,980.890686035,604.638244629,417.206573486,291.899047852,195.357284546,92.6595993042,76.4868774414,58.7126579285,65.085067749,58.6060562134,27.7394142151,13.5870819092,1.92151999474,0.353711426258,0.0785445943475,0.01433046069,0.000488440040499,0.00000166132360846],"max":[9.05071735382,62.1971549988,146.167419434,248.156188965,269.339019775,121.196556091,153.855285645,258.418762207,599.369567871,700.006591797,866.616577148,1263.75427246,866.216491699,750.118103027,1631.5604248,1476.97460938,1247.97351074,2090.45263672,1330.91003418,1100.21911621,1235.54382324,493.980194092,402.650787354,231.841522217,287.261535645,179.452407837,146.230392456,124.517715454,121.750022888,133.622894287,140.437530518,156.237091064,119.580497742,87.5550918579,29.2680263519,10.6955041885,5.17480707169,1.18483912945,0.4035192132,0.0296782888472],"mean":[0.383143723011,2.57582473755,4.72179794312,7.90949773788,7.26082611084,5.26394987106,9.58143234253,8.4235162735,12.680934906,19.4310112,30.6987361908,40.2353210449,21.4709186554,17.5006809235,20.4564228058,20.131652832,27.6780891418,27.3868923187,29.0941123962,32.3908081055,26.5396003723,18.886806488,19.694272995,15.5339956284,13.0515232086,9.67082691193,6.3390712738,4.95735359192,4.48889970779,3.55219101906,3.20584368706,2.77259421349,2.13694834709,1.22181236744,0.536712527275,0.2261646837,0.0937514305115,0.0342884622514,0.0057431361638,0.000329226953909],"median":[0.0604835487902,0.729722440243,1.16924452782,1.93518781662,2.24974584579,2.95186567307,5.39198875427,4.69898986816,4.58294820786,8.49418544769,10.3304872513,9.47407054901,7.42403268814,7.00768136978,6.9763712883,6.92600154877,6.87217140198,9.03684902191,7.80274581909,8.97735309601,8.43566799164,7.99152946472,7.55441379547,6.32349157333,5.61963272095,4.1268787384,2.40493750572,1.76505625248,1.55380773544,1.01646494865,0.673882424831,0.521828711033,0.326394110918,0.164811089635,0.0633974298835,0.0222373511642,0.00567075097933,0.000926078413613,0.00010495067545,0.0000354214898834],"min":[1.67044729803e-22,2.95449083472e-21,4.22037985217e-20,9.60965315159e-20,5.39966087845e-20,3.72174665476e-20,1.89737525685e-19,2.37276603614e-19,8.33295803725e-19,1.41700433327e-18,1.00066509903e-18,1.03275339954e-18,2.57676521541e-18,3.04007755511e-18,3.50562659118e-18,4.34452214915e-18,3.90797427216e-18,7.10519608452e-18,5.11224088337e-18,9.60624697693e-18,1.12191523913e-17,7.85260009008e-18,8.72751150551e-18,9.8939006893e-18,1.37809754161e-17,1.28868378417e-17,1.89000777627e-17,1.76613433625e-17,1.25592999617e-17,1.3998994583e-17,1.46167595342e-17,2.0472222198e-17,1.79235893952e-17,1.35172760271e-17,8.78386814783e-18,7.15125350103e-18,2.51465656592e-18,1.41268334855e-18,3.45342916808e-19,4.1594699554e-20],"var":[0.986051499844,43.8285255432,146.162567139,411.388183594,339.211120605,56.7007522583,160.451004028,151.213851929,617.545532227,1365.37756348,3379.92602539,7699.22900391,1865.10534668,1196.32104492,3197.04052734,2565.46142578,5445.70068359,4697.69482422,4406.29003906,4124.80029297,2925.18994141,949.117553711,876.077148438,488.498748779,360.780029297,220.03364563,102.148712158,68.5303649902,63.3496894836,55.2609519958,71.4404067993,72.9226226807,35.8886756897,10.6590480804,1.71262586117,0.356220781803,0.0790193900466,0.0141655011103,0.000406487728469,0.0000012119717212]},"erbbands_crest":{"dmean":2.89272618294,"dmean2":4.71825265884,"dvar":7.88218259811,"dvar2":19.3055534363,"max":32.1763191223,"mean":9.3357334137,"median":7.97162532806,"min":2.32133746147,"var":23.5146827698},"erbbands_flatness_db":{"dmean":0.0231492761523,"dmean2":0.0319744199514,"dvar":0.000618212041445,"dvar2":0.0010722699808,"max":0.424075871706,"mean":0.160763546824,"median":0.153680101037,"min":0.0318817868829,"var":0.00397802097723},"erbbands_kurtosis":{"dmean":0.838190853596,"dmean2":1.34593379498,"dvar":1.84489095211,"dvar2":4.30226659775,"max":43.5660552979,"mean":0.189799740911,"median":-0.303624868393,"min":-1.7863868475,"var":4.32625627518},"erbbands_skewness":{"dmean":0.370247751474,"dmean2":0.576093554497,"dvar":0.125693917274,"dvar2":0.29828158021,"max":5.85010480881,"mean":0.195537641644,"median":0.166038066149,"min":-2.2798576355,"var":0.468155503273},"erbbands_spread":{"dmean":8.87477016449,"dmean2":13.2367649078,"dvar":96.979095459,"dvar2":199.908752441,"max":143.794570923,"mean":37.4453544617,"median":34.3998222351,"min":2.88915395737,"var":351.290283203},"gfcc":{"cov":[[28513.2597656,1070.55639648,237.701843262,1761.71813965,-1058.34240723,1095.55773926,-887.266418457,555.399414062,-545.740844727,104.515182495,-776.560241699,-271.264282227,-417.171173096],[1070.55639648,3424.02636719,-129.247421265,19.6969852448,200.442733765,-131.392272949,69.2449951172,-14.1635198593,24.5315303802,-169.729187012,210.991500854,-121.412559509,91.6822738647],[237.701843262,-129.247421265,1344.51525879,237.542861938,331.782196045,220.107833862,182.029815674,90.9624557495,52.2755470276,63.2112083435,11.5879459381,35.5568084717,-8.26463508606],[1761.71813965,19.6969852448,237.542861938,710.035827637,154.762130737,295.296173096,102.992485046,113.442718506,72.3100891113,41.0808982849,-50.809299469,-2.4677131176,4.91581869125],[-1058.34240723,200.442733765,331.782196045,154.762130737,475.718048096,114.174552917,226.845123291,66.8834609985,108.480613708,20.9328041077,82.5284805298,14.0777482986,54.1112556458],[1095.55773926,-131.392272949,220.107833862,295.296173096,114.174552917,362.938659668,130.750320435,82.9637374878,41.4246444702,55.2735023499,1.39733278751,16.578868866,-10.8813924789],[-887.266418457,69.2449951172,182.029815674,102.992485046,226.845123291,130.750320435,306.432983398,48.0570297241,98.7669296265,28.0993366241,63.2796669006,29.766160965,31.9824333191],[555.399414062,-14.1635198593,90.9624557495,113.442718506,66.8834609985,82.9637374878,48.0570297241,171.171768188,59.2218589783,27.6834259033,17.5753746033,5.5245757103,13.6621398926],[-545.740844727,24.5315303802,52.2755470276,72.3100891113,108.480613708,41.4246444702,98.7669296265,59.2218589783,154.967041016,60.1702842712,36.7036781311,6.33216524124,21.0507850647],[104.515182495,-169.729187012,63.2112083435,41.0808982849,20.9328041077,55.2735023499,28.0993366241,27.6834259033,60.1702842712,123.681777954,29.9972610474,25.7108707428,-9.69167995453],[-776.560241699,210.991500854,11.5879459381,-50.809299469,82.5284805298,1.39733278751,63.2796669006,17.5753746033,36.7036781311,29.9972610474,143.28578186,34.6333770752,27.5501327515],[-271.264282227,-121.412559509,35.5568084717,-2.4677131176,14.0777482986,16.578868866,29.766160965,5.5245757103,6.33216524124,25.7108707428,34.6333770752,90.8662567139,24.7507534027],[-417.171173096,91.6822738647,-8.26463508606,4.91581869125,54.1112556458,-10.8813924789,31.9824333191,13.6621398926,21.0507850647,-9.69167995453,27.5501327515,24.7507534027,91.5623931885]],"icov":[[0.000102803969639,-0.000114036527521,-0.00000458817021354,-0.000129577209009,0.000157129281433,-0.000264524220256,0.000207943856367,-0.000397472264012,0.000428617058787,-0.000373114307877,0.000489676371217,-0.0000252701920544,0.000172952364665],[-0.000114036527521,0.00055253598839,0.00000859600640979,-0.0000395431452489,-0.000191112456378,0.000445650628535,-0.000222772316192,0.00054162699962,-0.000552125857212,0.00105539592914,-0.0015006797621,0.000812466139905,-0.000436460919445],[-0.00000458817021354,0.00000859600640979,0.00101039977744,-0.0000194328258658,-0.000756409135647,-0.000217637556489,-0.000100520956039,-0.000216545668081,0.000403005920816,-0.000374493189156,0.00036851115874,-0.000368789100321,0.000407826912124],[-0.000129577209009,-0.0000395431452489,-0.0000194328258658,0.00270177656785,-0.00068837084109,-0.00152492860798,0.000105483224615,-0.000103186204797,-0.00113442423753,0.000279846717604,0.00108209147584,-0.000292184966384,-0.000449621060397],[0.000157129281433,-0.000191112456378,-0.000756409135647,-0.00068837084109,0.00456084124744,-0.000277254031971,-0.00167683488689,-0.000585360452533,-0.00044662610162,0.000209641919355,-0.000825977302156,0.000999633455649,-0.00107611448038],[-0.000264524220256,0.000445650628535,-0.000217637556489,-0.00152492860798,-0.000277254031971,0.00611720886081,-0.00245013576932,-0.0000988405154203,0.000431011489127,-0.000487693178002,-0.00155203056056,0.000163503806107,0.000444260367658],[0.000207943856367,-0.000222772316192,-0.000100520956039,0.000105483224615,-0.00167683488689,-0.00245013576932,0.00692752888426,-0.000211754042539,-0.00202224683017,0.000655718147755,0.000101054902188,-0.00135975237936,0.000338866142556],[-0.000397472264012,0.00054162699962,-0.000216545668081,-0.000103186204797,-0.000585360452533,-0.0000988405154203,-0.000211754042539,0.00923862028867,-0.0042010708712,0.00186358846258,-0.00282103894278,0.000471987412311,-0.0014532902278],[0.000428617058787,-0.000552125857212,0.000403005920816,-0.00113442423753,-0.00044662610162,0.000431011489127,-0.00202224683017,-0.0042010708712,0.0139657417312,-0.00740822870284,0.00205778935924,0.00183424993884,-0.000858603685629],[-0.000373114307877,0.00105539592914,-0.000374493189156,0.000279846717604,0.000209641919355,-0.000487693178002,0.000655718147755,0.00186358846258,-0.00740822870284,0.01501391083,-0.00518931588158,-0.00210010167211,0.00192696251906],[0.000489676371217,-0.0015006797621,0.00036851115874,0.00108209147584,-0.000825977302156,-0.00155203056056,0.000101054902188,-0.00282103894278,0.00205778935924,-0.00518931588158,0.0145746031776,-0.00438672304153,0.000176249974174],[-0.0000252701920544,0.000812466139905,-0.000368789100321,-0.000292184966384,0.000999633455649,0.000163503806107,-0.00135975237936,0.000471987412311,0.00183424993884,-0.00210010167211,-0.00438672304153,0.0158049315214,-0.0047094640322],[0.000172952364665,-0.000436460919445,0.000407826912124,-0.000449621060397,-0.00107611448038,0.000444260367658,0.000338866142556,-0.0014532902278,-0.000858603685629,0.00192696251906,0.000176249974174,-0.0047094640322,0.0146161047742]],"mean":[-47.3789901733,90.7156524658,-115.775627136,22.6878185272,-46.7168731689,7.08619260788,-32.3937034607,9.62745475769,-16.9028110504,0.626740157604,-11.4286689758,-3.69118666649,-10.1860189438]},"hfc":{"dmean":6.59322595596,"dmean2":9.67596244812,"dvar":108.968559265,"dvar2":236.224563599,"max":204.453201294,"mean":19.2555713654,"median":11.2495126724,"min":1.21585451824e-16,"var":448.10848999},"melbands":{"dmean":[0.00278244982474,0.0025052356068,0.0012589750113,0.000296218728181,0.000164282522746,0.000105161190731,0.000115116323286,0.000122598823509,0.000165534613188,0.000154459601617,0.000061704282416,0.0000416152979597,0.0000580817577429,0.000033674921724,0.0000393516274926,0.0000437815433543,0.0000329306421918,0.0000319237078656,0.0000270285363513,0.000023301323381,0.0000202085630008,0.0000120484173749,0.0000110729661174,0.0000126596623886,0.0000066626125772,0.00000644293277219,0.00000400773069487,0.00000359873047273,0.00000277498998003,0.00000174190927282,0.00000185284102372,0.00000153488792876,0.00000128983538161,0.0000012095385955,0.00000118380069125,0.00000117841739211,0.00000109374639123,0.0000010199667031,9.41599694215e-7,7.19676677363e-7],"dmean2":[0.00410451879725,0.00428994465619,0.00223823590204,0.000514699204359,0.000267197174253,0.000169666440343,0.000179386828677,0.00019058646285,0.000256736588199,0.000245902861934,0.0000958216478466,0.0000649265857646,0.0000933779738261,0.0000551689226995,0.0000646076514386,0.000071431750257,0.0000550445765839,0.0000531133700861,0.0000441881129518,0.0000379568482458,0.0000334233482135,0.0000203825547942,0.0000180960159923,0.0000212075447052,0.0000111675944936,0.0000106953639261,0.00000652186281513,0.00000597623466092,0.00000463114429294,0.00000280935910268,0.00000297770770885,0.00000236089817918,0.00000196906785277,0.00000183031818324,0.00000175942909664,0.00000167135510765,0.00000156176304245,0.00000144013279169,0.00000133040111905,0.00000103785498595],"dvar":[0.0000531043624505,0.0000503148949065,0.0000172622549144,7.4084488233e-7,8.38567402184e-8,5.14693248022e-8,7.73841648538e-8,8.79298198697e-8,1.44417938941e-7,1.54732774149e-7,2.84000662987e-8,1.03762660686e-8,4.79547601628e-8,1.13517240052e-8,1.65737841229e-8,1.68430425163e-8,1.01592547708e-8,7.25983717587e-9,4.03914945935e-9,3.19156590045e-9,2.8318667411e-9,9.3151086844e-10,6.43168296399e-10,6.47707054657e-10,1.72372019436e-10,1.5094854533e-10,6.24083701384e-11,5.35001001833e-11,3.81167666874e-11,1.39500858781e-11,1.67250536337e-11,1.26456414784e-11,7.76306709888e-12,1.11087259183e-11,1.11956294929e-11,1.60233458446e-11,1.39668120819e-11,9.11819578175e-12,6.94341069016e-12,4.3800258559e-12],"dvar2":[0.000107566695078,0.00013432954438,0.0000481964671053,0.00000207982793654,2.2571430236e-7,1.35957648695e-7,2.00975890152e-7,2.19724881845e-7,3.3802444932e-7,3.76417659709e-7,7.22260082853e-8,2.48503759792e-8,1.21037501799e-7,3.13142116681e-8,4.49124257784e-8,4.47626327116e-8,2.87094401585e-8,1.94377332008e-8,1.00424308869e-8,8.20055401363e-9,6.91970791777e-9,2.6096773631e-9,1.58369484193e-9,1.76549386222e-9,4.59925209029e-10,3.95366878125e-10,1.5869421055e-10,1.42133874115e-10,1.02055017215e-10,3.54962483018e-11,4.12110380543e-11,2.9962834297e-11,1.73593570074e-11,2.53632739811e-11,2.26222096611e-11,3.15504844473e-11,2.62465500722e-11,1.69743195194e-11,1.36240671522e-11,1.02523892154e-11],"max":[0.0794168114662,0.0694832801819,0.0444956384599,0.0123648438603,0.00434864265844,0.00534033263102,0.00854843854904,0.00667411647737,0.00870806910098,0.00747878942639,0.00421518366784,0.0027086995542,0.00613005366176,0.00424087094143,0.00393720064312,0.00313813146204,0.00354750524275,0.00196274975315,0.00105075561441,0.00120497704484,0.0017399872886,0.000790013698861,0.000705162063241,0.000433832552517,0.000214236526517,0.000253960839473,0.000123732839711,0.000138405550388,0.0000951531546889,0.0000506340074935,0.0000904609623831,0.0000703475161572,0.0000558582578378,0.0000880822408362,0.0000748832753743,0.0000999913681881,0.000123742400319,0.0000927119035623,0.0000755576184019,0.0000719617892173],"mean":[0.00340899219736,0.00285324361175,0.00137672934216,0.000414531939896,0.000311225274345,0.000192425330169,0.000207386896363,0.000204189054784,0.000269247160759,0.000240892390138,0.000100502569694,0.0000669639193802,0.000079642602941,0.0000492931321787,0.0000560121407034,0.0000625616739853,0.0000466764795419,0.0000445861769549,0.0000403157209803,0.0000375384188374,0.0000313101554639,0.0000193415307876,0.0000179236612894,0.0000203893905564,0.0000111440303954,0.0000112838106361,0.00000737131085771,0.0000058875848481,0.00000422523226007,0.00000278885295302,0.00000301361137645,0.00000252996755989,0.0000022422418624,0.00000190578543879,0.00000182635290003,0.0000017869531348,0.00000165729863966,0.00000151942560933,0.00000130430157697,9.4901565717e-7],"median":[0.000765626726206,0.000846080482006,0.00040579403867,0.000185036507901,0.000188418795005,0.000108139283839,0.0000768107856857,0.0000923482366488,0.0000793079452706,0.0000579800434934,0.0000321296029142,0.0000251643214142,0.0000213511848415,0.0000166237350641,0.0000138258747029,0.000016221882106,0.0000140306729008,0.0000102012327261,0.0000110100008897,0.00000986099894362,0.00000896568599273,0.00000763494972489,0.00000530897250428,0.0000066298002821,0.00000407019842896,0.00000450679362984,0.00000288815158456,0.00000231891863223,0.00000143877252867,9.85067572401e-7,0.00000101698969956,8.56835697505e-7,7.39708696074e-7,4.59141716647e-7,3.74896728772e-7,3.18526446108e-7,2.96410718192e-7,2.40614923541e-7,1.71966163975e-7,1.20055602792e-7],"min":[2.13115033394e-24,1.69049515664e-23,1.46347203217e-23,3.24843474161e-24,5.25631747329e-24,5.26708779122e-24,1.54597489217e-23,1.41129030324e-23,8.22768276852e-24,6.79266116267e-24,1.30022618196e-23,1.22315715365e-23,8.68080841678e-24,1.74957547419e-23,8.78867567924e-24,8.41424285058e-24,1.43646963893e-23,6.75123649881e-24,1.18433044542e-23,1.44746273119e-23,1.29213885885e-23,8.2095752553e-24,6.37201922876e-24,9.4345673783e-24,7.11751250571e-24,1.07574744946e-23,8.44626981447e-24,8.56248164758e-24,1.46378631436e-23,8.40440654395e-24,1.02408266108e-23,6.94375958045e-24,8.01770613935e-24,7.3340911118e-24,8.07914026007e-24,1.05464360586e-23,1.27479030871e-23,1.27717116981e-23,1.21490921846e-23,1.10716564939e-23],"var":[0.0000746917867218,0.0000456731759186,0.0000119009291666,6.32664693967e-7,1.52075685378e-7,7.42461665482e-8,1.4715529062e-7,1.30768640361e-7,2.68645806045e-7,2.63426784386e-7,4.51408261881e-8,1.77671193313e-8,6.50613500852e-8,1.76362124904e-8,2.57869867681e-8,2.66702890883e-8,1.38464280042e-8,1.14848690558e-8,6.7106955548e-9,5.70695757318e-9,5.02733410457e-9,1.32358313198e-9,1.13340736796e-9,1.21803633846e-9,3.04779840254e-10,2.93398388918e-10,1.33240862787e-10,9.28392571153e-11,5.04403463442e-11,2.14738660881e-11,2.75735632244e-11,2.20578711546e-11,1.58645058895e-11,1.93621750577e-11,2.22377272846e-11,3.14258515044e-11,2.85513505199e-11,1.95369675299e-11,1.35352579839e-11,6.53603690268e-12]},"melbands_crest":{"dmean":3.38304066658,"dmean2":5.27026844025,"dvar":13.0182247162,"dvar2":28.6294555664,"max":39.3516921997,"mean":15.1770572662,"median":13.7102508545,"min":1.00388133526,"var":43.8694076538},"melbands_flatness_db":{"dmean":0.0330468453467,"dmean2":0.0470562614501,"dvar":0.00136436824687,"dvar2":0.00285481358878,"max":0.593229353428,"mean":0.219297975302,"median":0.195460945368,"min":4.832063496e-7,"var":0.00943931471556},"melbands_kurtosis":{"dmean":12.6976327896,"dmean2":19.6816520691,"dvar":894.139892578,"dvar2":2041.64196777,"max":861.07635498,"mean":18.5558605194,"median":6.33498668671,"min":-1.67996156216,"var":1364.28491211},"melbands_skewness":{"dmean":0.970779955387,"dmean2":1.43225252628,"dvar":1.74638652802,"dvar2":3.44003129005,"max":23.9116477966,"mean":2.85647988319,"median":2.22295570374,"min":-1.70480918884,"var":5.20767259598},"melbands_spread":{"dmean":6.76702260971,"dmean2":10.2122659683,"dvar":73.8627853394,"dvar2":156.236282349,"max":206.952346802,"mean":23.3994407654,"median":19.2905197144,"min":0.395852118731,"var":463.541656494},"mfcc":{"cov":[[18207.953125,-70.3851928711,518.825622559,898.564208984,300.08303833,438.545196533,154.673858643,257.299285889,347.612243652,451.874267578,-5.56018590927,-42.7508964539,-211.988464355],[-70.3851928711,2537.59936523,52.2943267822,95.2208404541,189.360183716,-98.775428772,159.136672974,76.2013778687,-82.2439422607,28.0097351074,15.8735933304,-28.5496311188,10.7579708099],[518.825622559,52.2943267822,797.116638184,172.351821899,183.855957031,184.111282349,146.769729614,85.3401031494,99.0357894897,60.1469078064,35.7238578796,66.374961853,27.2766838074],[898.564208984,95.2208404541,172.351821899,427.835021973,189.344390869,169.285720825,106.090103149,113.681442261,125.150871277,73.3518753052,26.3317642212,42.8802719116,40.3697052002],[300.08303833,189.360183716,183.855957031,189.344390869,305.776275635,110.411445618,121.643119812,91.1362686157,77.3011932373,77.7469787598,32.2564811707,25.5561504364,32.7499046326],[438.545196533,-98.775428772,184.111282349,169.285720825,110.411445618,306.132232666,127.698936462,92.4022750854,93.3760986328,56.8266906738,52.6089134216,52.6536140442,39.748260498],[154.673858643,159.136672974,146.769729614,106.090103149,121.643119812,127.698936462,207.021240234,110.507522583,50.7357368469,51.0630531311,32.0321388245,36.807510376,37.7522392273],[257.299285889,76.2013778687,85.3401031494,113.681442261,91.1362686157,92.4022750854,110.507522583,163.652313232,77.8539962769,46.6866340637,28.5290699005,31.8983345032,27.0790596008],[347.612243652,-82.2439422607,99.0357894897,125.150871277,77.3011932373,93.3760986328,50.7357368469,77.8539962769,156.632385254,66.7429656982,19.7076129913,32.2808876038,31.590467453],[451.874267578,28.0097351074,60.1469078064,73.3518753052,77.7469787598,56.8266906738,51.0630531311,46.6866340637,66.7429656982,137.011978149,42.5742759705,21.4639091492,21.3010196686],[-5.56018590927,15.8735933304,35.7238578796,26.3317642212,32.2564811707,52.6089134216,32.0321388245,28.5290699005,19.7076129913,42.5742759705,108.315872192,49.6927070618,11.5249853134],[-42.7508964539,-28.5496311188,66.374961853,42.8802719116,25.5561504364,52.6536140442,36.807510376,31.8983345032,32.2808876038,21.4639091492,49.6927070618,100.641151428,51.6137619019],[-211.988464355,10.7579708099,27.2766838074,40.3697052002,32.7499046326,39.748260498,37.7522392273,27.0790596008,31.590467453,21.3010196686,11.5249853134,51.6137619019,105.85042572]],"icov":[[0.0000714289053576,5.20317485098e-7,-0.0000173511270987,-0.000141760931001,0.0000614559612586,-0.0000501923350384,0.0000428919775004,-0.0000323278654832,0.0000168966980709,-0.000252670870395,0.000131249660626,-0.0000328313726641,0.000241864196141],[5.20317485098e-7,0.000486057571834,-0.0000119256847029,-0.000158807422849,-0.000232830730965,0.000424337253207,-0.000438337825472,-0.000136918897624,0.000470850733109,-0.0000414350397477,-0.000176133660716,0.000261348119238,-0.000121104960272],[-0.0000173511270987,-0.0000119256847029,0.00168576918077,0.00000941978214541,-0.000625632004812,-0.000483918644022,-0.000642098952085,0.000413461966673,-0.000465828488814,0.000149136525579,0.000348936766386,-0.000954327057116,0.000563345092814],[-0.000141760931001,-0.000158807422849,0.00000941978214541,0.0044335895218,-0.00171841203701,-0.00119175354484,0.000466512370622,-0.000761673261877,-0.00160447752569,0.000448700156994,0.000468078447739,-0.000488286837935,-0.000377752585337],[0.0000614559612586,-0.000232830730965,-0.000625632004812,-0.00171841203701,0.0059074210003,0.0000417375667894,-0.00150660553481,-0.00028639959055,-0.000229511497309,-0.00154978269711,-0.000357452838216,0.000971426081378,-0.000323858839693],[-0.0000501923350384,0.000424337253207,-0.000483918644022,-0.00119175354484,0.0000417375667894,0.00611743470654,-0.00264768535271,0.0000580244377488,-0.00115343637299,0.000533611455467,-0.00182139175013,0.000109063003038,-0.000563065928873],[0.0000428919775004,-0.000438337825472,-0.000642098952085,0.000466512370622,-0.00150660553481,-0.00264768535271,0.0105805592611,-0.005041629076,0.00182039488573,-0.00110443111043,0.00051749200793,-0.000441713142209,-0.00106747611426],[-0.0000323278654832,-0.000136918897624,0.000413461966673,-0.000761673261877,-0.00028639959055,0.0000580244377488,-0.005041629076,0.0119918957353,-0.00394323654473,0.000493458239362,-0.000810258032288,-0.000539967964869,0.000359306315659],[0.0000168966980709,0.000470850733109,-0.000465828488814,-0.00160447752569,-0.000229511497309,-0.00115343637299,0.00182039488573,-0.00394323654473,0.0122171286494,-0.00391858303919,0.0014455022756,-0.000912380637601,-0.000988462939858],[-0.000252670870395,-0.0000414350397477,0.000149136525579,0.000448700156994,-0.00154978269711,0.000533611455467,-0.00110443111043,0.000493458239362,-0.00391858303919,0.0120107801631,-0.00437337392941,0.00171750318259,-0.00177342363168],[0.000131249660626,-0.000176133660716,0.000348936766386,0.000468078447739,-0.000357452838216,-0.00182139175013,0.00051749200793,-0.000810258032288,0.0014455022756,-0.00437337392941,0.0148314181715,-0.00799280963838,0.00356080546044],[-0.0000328313726641,0.000261348119238,-0.000954327057116,-0.000488286837935,0.000971426081378,0.000109063003038,-0.000441713142209,-0.000539967964869,-0.000912380637601,0.00171750318259,-0.00799280963838,0.0189035125077,-0.00812662485987],[0.000241864196141,-0.000121104960272,0.000563345092814,-0.000377752585337,-0.000323858839693,-0.000563065928873,-0.00106747611426,0.000359306315659,-0.000988462939858,-0.00177342363168,0.00356080546044,-0.00812662485987,0.0147701362148]],"mean":[-684.621948242,124.568725586,-4.87210178375,18.4533252716,7.19069671631,-0.253838449717,-0.560665905476,3.37539505959,-0.376854151487,4.26314973831,2.73296689987,0.182576537132,-0.712118983269]},"pitch_salience":{"dmean":0.0733365193009,"dmean2":0.114909112453,"dvar":0.00543751288205,"dvar2":0.0121621703729,"max":0.996074974537,"mean":0.50719243288,"median":0.524146199226,"min":0.0511338748038,"var":0.0190783385187},"silence_rate_20dB":{"dmean":0,"dmean2":0,"dvar":0,"dvar2":0,"max":1,"mean":1,"median":1,"min":1,"var":0},"silence_rate_30dB":{"dmean":0.062861867249,"dmean2":0.125736743212,"dvar":0.0589061193168,"dvar2":0.127929478884,"max":1,"mean":0.929287731647,"median":1,"min":0,"var":0.0657155439258},"silence_rate_60dB":{"dmean":0.0239867661148,"dmean2":0.047978490591,"dvar":0.0234121866524,"dvar2":0.0518778115511,"max":1,"mean":0.135221749544,"median":0,"min":0,"var":0.116939887404},"spectral_centroid":{"dmean":258.283874512,"dmean2":399.776275635,"dvar":89947.4609375,"dvar2":201227.15625,"max":10770.4287109,"mean":1371.74450684,"median":1302.85131836,"min":144.369506836,"var":516173.5},"spectral_complexity":{"dmean":3.20492148399,"dmean2":5.08427238464,"dvar":15.7139520645,"dvar2":35.3289833069,"max":58,"mean":16.8576450348,"median":15,"min":0,"var":117.308242798},"spectral_contrast_coeffs":{"dmean":[0.0475021414459,0.0456269048154,0.0435252301395,0.0375884920359,0.0276421513408,0.0194521266967],"dmean2":[0.0767777040601,0.0732927620411,0.068516291678,0.0592921413481,0.0429154150188,0.0294276680797],"dvar":[0.00202378677204,0.00141880416777,0.0013315116521,0.00101231271401,0.000621944549493,0.000344241852872],"dvar2":[0.00508774118498,0.00356219988316,0.00315910554491,0.00232259114273,0.00129835936241,0.000739438924938],"max":[-0.31849822402,-0.46794590354,-0.481253296137,-0.53835940361,-0.588422000408,-0.602540075779],"mean":[-0.657446265221,-0.734179079533,-0.745228528976,-0.75385850668,-0.768564403057,-0.780621826649],"median":[-0.657344937325,-0.735270917416,-0.746658265591,-0.754713833332,-0.769137680531,-0.780643999577],"min":[-0.96175134182,-0.996355950832,-0.998012125492,-0.988834738731,-0.989448130131,-0.960115373135],"var":[0.00969780329615,0.00491757038981,0.00558158988133,0.00454946886748,0.00292221643031,0.00211760541424]},"spectral_contrast_valleys":{"dmean":[0.459057718515,0.378806889057,0.39226219058,0.379896253347,0.355593711138,0.435247451067],"dmean2":[0.68033772707,0.613386690617,0.631057322025,0.590578854084,0.515391647816,0.543325960636],"dvar":[0.302355349064,0.158965274692,0.173468902707,0.173023015261,0.181492105126,0.285425782204],"dvar2":[0.531180024147,0.34805944562,0.388951033354,0.363975614309,0.357005625963,0.50266045332],"max":[-4.88900852203,-4.89417457581,-5.32138442993,-5.60656690598,-5.5494222641,-7.3243522644],"mean":[-7.80518913269,-7.15462589264,-7.89670610428,-8.31980419159,-8.24496459961,-10.7851877213],"median":[-7.06163215637,-6.72610998154,-7.53298902512,-7.92350435257,-7.70896148682,-10.2353277206],"min":[-27.6380977631,-27.4360771179,-26.956199646,-27.0997028351,-27.1796894073,-27.179069519],"var":[4.64882946014,3.14964342117,2.67415452003,2.64643597603,3.02590918541,3.77322387695]},"spectral_decrease":{"dmean":4.30373825466e-9,"dmean2":6.66709887298e-9,"dvar":8.37193600781e-17,"dvar2":1.94631680606e-16,"max":2.49784150442e-15,"mean":-7.98704480331e-9,"median":-4.16955581173e-9,"min":-7.06355010038e-8,"var":1.2556126566e-16},"spectral_energy":{"dmean":0.0166188552976,"dmean2":0.0257015936077,"dvar":0.00121317629237,"dvar2":0.00282216421328,"max":0.268263846636,"mean":0.0318915471435,"median":0.0168849863112,"min":1.07422375705e-20,"var":0.00186647498049},"spectral_energyband_high":{"dmean":0.000428046041634,"dmean2":0.000594645156525,"dvar":8.75142688983e-7,"dvar2":0.00000168368057984,"max":0.0228376053274,"mean":0.000761133618653,"median":0.000228471573791,"min":7.93581246929e-21,"var":0.00000203555146072},"spectral_energyband_low":{"dmean":0.0136803202331,"dmean2":0.0211366023868,"dvar":0.0010659978725,"dvar2":0.00242831953801,"max":0.266019374132,"mean":0.0182752273977,"median":0.00612747715786,"min":8.4596768211e-23,"var":0.00144190888386},"spectral_energyband_middle_high":{"dmean":0.00169264397118,"dmean2":0.00268313288689,"dvar":0.00000875169098435,"dvar2":0.0000221847803914,"max":0.0543490126729,"mean":0.00465562101454,"median":0.00239138817415,"min":1.50097748359e-21,"var":0.0000336154189426},"spectral_energyband_middle_low":{"dmean":0.00525965029374,"dmean2":0.00890586338937,"dvar":0.000172335188836,"dvar2":0.000473984575365,"max":0.154935628176,"mean":0.00998418498784,"median":0.00614785263315,"min":2.90478653924e-22,"var":0.000177087931661},"spectral_entropy":{"dmean":0.211606904864,"dmean2":0.310735791922,"dvar":0.0537847019732,"dvar2":0.117634505033,"max":9.81138706207,"mean":7.4324593544,"median":7.52642774582,"min":5.27428913116,"var":0.363930135965},"spectral_flux":{"dmean":0.0355466604233,"dmean2":0.0552858859301,"dvar":0.00343328109011,"dvar2":0.00702194217592,"max":0.460436314344,"mean":0.0870681628585,"median":0.0621776208282,"min":1.0364476638e-10,"var":0.00699062598869},"spectral_kurtosis":{"dmean":2.72696757317,"dmean2":4.43733263016,"dvar":26.5997810364,"dvar2":71.01927948,"max":112.139312744,"mean":7.09323215485,"median":4.48959064484,"min":-1.20592319965,"var":77.2780456543},"spectral_rms":{"dmean":0.00108952133451,"dmean2":0.00158678367734,"dvar":0.00000341999634657,"dvar2":0.00000717359534974,"max":0.0161777883768,"mean":0.00465033203363,"median":0.00405871355906,"min":3.2373186163e-12,"var":0.00000948809611145},"spectral_rolloff":{"dmean":500.993591309,"dmean2":805.892150879,"dvar":771047.125,"dvar2":1516368.5,"max":19143.0175781,"mean":1706.37963867,"median":1033.59375,"min":43.06640625,"var":6381237.5},"spectral_skewness":{"dmean":0.284863173962,"dmean2":0.450381278992,"dvar":0.140510424972,"dvar2":0.360503643751,"max":8.40406513214,"mean":1.80478274822,"median":1.59088754654,"min":0.066304884851,"var":0.625098884106},"spectral_spread":{"dmean":734832.1875,"dmean2":966600.9375,"dvar":891133886464,"dvar2":1526813294590,"max":40743444,"mean":4548926,"median":3965906.5,"min":713218.0625,"var":6031553855490},"spectral_strongpeak":{"dmean":0.448261409998,"dmean2":0.773923635483,"dvar":0.68434637785,"dvar2":1.77081370354,"max":8.46006011963,"mean":0.724181711674,"median":0.424571365118,"min":0,"var":0.920254826546},"zerocrossingrate":{"dmean":0.0122199049219,"dmean2":0.0133933257312,"dvar":0.000220188463572,"dvar2":0.000253368663834,"max":0.8115234375,"mean":0.0699078589678,"median":0.05078125,"min":0.001953125,"var":0.00875655189157}},"metadata":{"audio_properties":{"analysis_sample_rate":44100,"bit_rate":320037,"codec":"mp3","downmix":"mix","equal_loudness":0,"length":224.574691772,"lossless":false,"md5_encoded":"1d6f3990383709edc3adb8c39fb4be4e","replay_gain":-13.0354194641,"sample_rate":44100},"tags":{"album":["[non-album tracks]"],"albumartist":["Two Door Cinema Club"],"artist":["Two Door Cinema Club"],"artistsort":["Two Door Cinema Club"],"bpm":["118"],"contentgroup":["7"],"date":["2016"],"discnumber":["1/1"],"encoding":["LAME 64bits version 3.99.5 (http://lame.sf.net)"],"file_name":"10 Je viens de là.mp3","initialkey":["10B"],"isrc":["GBAYE1600980"],"language":["eng"],"length":["224533"],"musicbrainz_artistid":["6f1de078-6684-4792-820d-2ffad64c15ed"],"musicbrainz_recordingid":["931573d2-da08-41a0-b625-9ad38879fa5b"],"title":["Je viens de là"],"tracknumber":["10/10"]},"version":{"essentia":"2.1-beta2","essentia_build_sha":"cead25079874084f62182a551b7393616cd33d87","essentia_git_sha":"v2.1_beta2-1-ge3940c0","extractor":"music 1.0"}},"rhythm":{"beats_count":440,"beats_loudness":{"dmean":0.0458210557699,"dmean2":0.088450871408,"dvar":0.00210033496842,"dvar2":0.00717267906293,"max":0.251792699099,"mean":0.0856042355299,"median":0.0838942974806,"min":9.20649956271e-9,"var":0.00300819287077},"beats_loudness_band_ratio":{"dmean":[0.143277525902,0.058255828917,0.0600989870727,0.0395514667034,0.0436761826277,0.0325428657234],"dmean2":[0.263124555349,0.110369935632,0.108226791024,0.0698310211301,0.0814763829112,0.0619184039533],"dvar":[0.028589617461,0.00830199569464,0.00609531160444,0.00353590934537,0.00660653598607,0.00354218878783],"dvar2":[0.0907694324851,0.0299755223095,0.0167070906609,0.0080673834309,0.0196484662592,0.00920984521508],"max":[0.993569433689,0.64852720499,0.940427422523,0.719830691814,0.828502476215,0.99304497242],"mean":[0.778828680515,0.0501963607967,0.0693868249655,0.042383700