{"lowlevel":{"average_loudness":0.94923466444,"barkbands":{"dmean":[0.0000599724371568,0.00209668162279,0.00220301607624,0.00306210969575,0.00189669791143,0.000922449107748,0.000384399609175,0.000360048899893,0.000210689788219,0.000217999564484,0.000138404342579,0.000206034659641,0.000155170724611,0.000251830468187,0.000317737634759,0.000294003286399,0.000357478798833,0.000383518898161,0.000187444646144,0.00013351283269,0.0000950125977397,0.000125386199215,0.0000464231416117,0.0000214977062569,0.000016750262148,0.00000280248423223,1.25666701933e-7],"dmean2":[0.0000981550765573,0.00351497717202,0.00366136408411,0.00497411005199,0.00313347531483,0.0015572468983,0.000608469184954,0.000557624385692,0.000326477369526,0.000343897670973,0.000210056590731,0.000315883691655,0.000242420443101,0.000383545760997,0.000475378561532,0.00044652223005,0.00053766334895,0.000568910851143,0.000273405312328,0.000198856752831,0.000140342555824,0.000198616355192,0.0000672863243381,0.0000292154199997,0.0000224164577958,0.00000392557330997,1.81776897534e-7],"dvar":[1.97233056554e-8,0.00000546781620869,0.00000617898786004,0.0000160265171871,0.0000180221632036,0.00000475625529361,6.495417324e-7,7.67132803503e-7,3.02006867514e-7,2.91766838245e-7,1.41511236507e-7,1.7181211831e-7,1.40969049767e-7,3.43190464491e-7,5.87796535001e-7,3.0507919746e-7,4.95830249747e-7,5.57910823318e-7,1.10342440962e-7,6.3005472839e-8,3.65523007417e-8,1.35632546971e-7,9.88663373391e-9,4.70762318017e-9,4.74376138371e-9,4.16281314974e-11,8.476110303e-14],"dvar2":[4.74129997485e-8,0.000015438597984,0.0000170712901308,0.0000433020322816,0.0000464502882096,0.0000134843157866,0.00000147357718561,0.00000167637517734,7.2795359074e-7,6.91500474659e-7,2.75634050695e-7,3.58551204727e-7,3.10080338295e-7,7.15296437193e-7,0.00000116595685995,6.5120070758e-7,0.00000112114207695,0.00000113426926873,2.27954899401e-7,1.44483209397e-7,8.59994599978e-8,3.50901245838e-7,2.2379067488e-8,8.46724912407e-9,8.47317238595e-9,7.75017758303e-11,1.92124799143e-13],"max":[0.0015130257234,0.0269301962107,0.0305386036634,0.0433421581984,0.0540197044611,0.02305361256,0.0134343057871,0.021095899865,0.0143295098096,0.0111467959359,0.0130108166486,0.0111422827467,0.0140746580437,0.0171913448721,0.0332739241421,0.0152280498296,0.0164471138269,0.0170672852546,0.0106708612293,0.0051103932783,0.00344528141432,0.00542400917038,0.00235443003476,0.00435206806287,0.00259535107762,0.000177660374902,0.00000650035053695],"mean":[0.0000754210268497,0.00374611327425,0.00426509557292,0.0044763465412,0.00254456046969,0.00135970918927,0.000570186122786,0.000546220107935,0.000361404527212,0.000372739421437,0.0002472786,0.000408521766076,0.000271514465567,0.000382914760849,0.000569205381908,0.000591038668063,0.000725918100215,0.000903030566406,0.000411828543292,0.00023539212998,0.000152112741489,0.000145442099893,0.0000743030104786,0.0000366889871657,0.0000263157198788,0.00000450023071608,2.10624534702e-7],"median":[0.000018312886823,0.00233124941587,0.00297412322834,0.00252348138019,0.00135481660254,0.00070990936365,0.000228564924328,0.000131517852424,0.00014907788136,0.000114736343676,0.000052630166465,0.000219724839553,0.000113731657621,0.000101057528809,0.000186469987966,0.000295624602586,0.000250345503446,0.000277521903627,0.000151945860125,0.000103322468931,0.0000688129221089,0.0000446457925136,0.0000276677092188,0.0000101283530967,0.00000363308436135,5.85838279221e-7,4.68537066922e-8],"min":[6.52689461395e-25,3.06845947874e-24,1.47085561247e-24,6.20000988331e-25,6.68598508017e-24,1.64025923202e-23,1.49089662377e-23,7.40465314205e-24,1.96226026285e-23,1.90618471649e-23,2.13251222341e-23,2.49712152499e-23,3.28730550772e-23,4.28834506844e-23,6.61062283132e-23,6.79925020226e-23,5.22222826922e-23,8.03119597637e-23,1.41273615906e-22,2.00995460385e-22,2.87485829245e-22,3.2784675519e-22,4.23792234156e-22,5.91496136132e-22,8.56560367505e-22,1.30721345432e-21,2.0423899137e-21],"var":[2.33969732477e-8,0.0000158525399456,0.0000162684864335,0.0000274720641755,0.0000158860493684,0.00000436115988123,0.00000113134672119,0.00000194586300495,5.98845701916e-7,7.62527974985e-7,5.26225505837e-7,5.1369039511e-7,3.4331381471e-7,7.25730899376e-7,0.00000152278698806,8.94526749562e-7,0.00000152846723722,0.00000277242770608,4.63703656806e-7,1.3808374888e-7,5.28701420421e-8,1.24003875612e-7,1.65606994784e-8,1.28750921036e-8,1.11982680906e-8,1.00192618091e-10,1.58851799987e-13]},"barkbands_crest":{"dmean":2.47755765915,"dmean2":4.01410675049,"dvar":4.70826053619,"dvar2":12.746843338,"max":26.8983230591,"mean":10.1216716766,"median":9.59615898132,"min":2.67418646812,"var":14.3219814301},"barkbands_flatness_db":{"dmean":0.0251228772104,"dmean2":0.0374869145453,"dvar":0.000558523170184,"dvar2":0.0013445194345,"max":0.548483788967,"mean":0.152700692415,"median":0.148298084736,"min":0.0356592908502,"var":0.00291815330274},"barkbands_kurtosis":{"dmean":4.50835847855,"dmean2":7.46823215485,"dvar":1630.07385254,"dvar2":4843.11132812,"max":2097.55908203,"mean":6.30066871643,"median":1.90633535385,"min":-1.92648756504,"var":980.346496582},"barkbands_skewness":{"dmean":0.661493718624,"dmean2":1.02565741539,"dvar":1.03997135162,"dvar2":2.7849149704,"max":45.2452583313,"mean":1.88340950012,"median":1.68950557709,"min":-2.04104471207,"var":2.54394435883},"barkbands_spread":{"dmean":6.7900147438,"dmean2":10.4067382812,"dvar":56.8726119995,"dvar2":132.320266724,"max":141.612503052,"mean":24.6385707855,"median":23.4833183289,"min":0.297315150499,"var":194.206573486},"dissonance":{"dmean":0.0109261376783,"dmean2":0.0183109864593,"dvar":0.000259897147771,"dvar2":0.000757835165132,"max":0.499982833862,"mean":0.477357596159,"median":0.481103748083,"min":0,"var":0.000305987312458},"dynamic_complexity":2.90637588501,"erbbands":{"dmean":[0.0268982052803,0.590512573719,2.37504768372,6.78213357925,7.66561508179,6.02413702011,5.10737037659,8.11070632935,4.96793556213,7.43594741821,6.99932765961,4.58622121811,5.05338191986,7.10328960419,5.96452236176,7.189412117,6.98510503769,10.1715488434,15.6176280975,15.4648590088,15.9589719772,17.3299617767,20.1111717224,13.7656335831,7.41674613953,6.32047128677,5.10650730133,3.35106730461,5.28481817245,1.98206353188,1.33333647251,0.622171580791,0.278919696808,0.212004691362,0.110284306109,0.0221125315875,0.00359606719576,0.000418040755903,0.0000207500415854,0.00000834095317259],"dmean2":[0.0454591102898,0.98981064558,4.02808332443,11.1731348038,12.4768590927,10.0687046051,8.67830181122,13.6810112,7.91836214066,11.9479207993,10.4901475906,6.9423251152,8.00015926361,10.9415245056,8.6310749054,10.8755302429,10.6839866638,15.2953548431,23.2970485687,22.6960468292,23.8962898254,25.2114048004,29.0264568329,19.858833313,10.7746858597,9.32103061676,7.44085693359,5.07605457306,8.52474117279,2.89519286156,1.95401358604,0.854805767536,0.386093705893,0.291562944651,0.152244523168,0.0302160046995,0.0050294441171,0.000581681204494,0.0000283830249828,0.0000129336749524],"dvar":[0.00196659914218,0.421291559935,6.82407140732,77.2664337158,194.994186401,172.02192688,97.0160522461,430.368865967,113.754013062,295.44317627,296.4324646,138.110321045,180.712295532,352.524261475,222.737106323,222.918899536,245.047607422,546.941162109,1307.01574707,1125.07653809,831.56427002,1157.52490234,1597.33959961,557.67565918,221.658370972,130.27104187,91.9825820923,67.3435668945,283.23034668,22.3549842834,8.48750114441,2.71528530121,1.23467540741,0.810556769371,0.222091317177,0.00308827986009,0.0000628376510576,7.73255635522e-7,1.78246406524e-9,8.85666678885e-11],"dvar2":[0.00532521866262,1.20920336246,19.3942985535,211.501113892,519.977661133,451.600708008,272.618988037,1211.72375488,263.03616333,720.010559082,626.535522461,317.932922363,431.74621582,805.579956055,392.494171143,439.134979248,512.448913574,1129.64526367,2623.04858398,2044.17797852,1721.58666992,2497.47167969,3254.90454102,1126.70166016,444.927612305,281.306243896,209.851364136,169.927352905,749.807922363,49.0089302063,19.5838451385,5.16198348999,2.21463799477,1.44602155685,0.447137713432,0.00541579304263,0.000125329243019,0.00000157771205522,3.86824750009e-9,2.04205582999e-10],"max":[0.520354986191,7.46790647507,29.9181671143,79.7510910034,194.464447021,179.113830566,112.422401428,218.639297485,196.780441284,301.58694458,525.467346191,387.047637939,408.088104248,430.549163818,610.961303711,443.064849854,615.145507812,493.412506104,1222.44055176,1508.0682373,895.558410645,816.348815918,839.419494629,926.204284668,320.948822021,208.836914062,186.280151367,131.226593018,254.319580078,193.519454956,50.5220794678,85.6326522827,73.0192947388,39.2363128662,22.4291858673,1.50248754025,0.192466765642,0.0137278232723,0.0010081018554,0.000124256694107],"mean":[0.0471866168082,1.08357930183,4.81058645248,10.9555072784,11.0219316483,8.27029418945,8.12665081024,11.4887580872,7.60378170013,10.4687566757,11.3465127945,8.22699832916,8.77140903473,13.335521698,11.5481042862,15.6861782074,13.7375154495,16.8760719299,27.0335960388,31.6397705078,35.7335929871,40.1971282959,48.729511261,33.1108474731,16.4404563904,11.257443428,8.41383361816,4.85794401169,5.78898859024,2.96335291862,2.07852506638,1.06793773174,0.464283317327,0.329588055611,0.167586117983,0.0358050167561,0.00571768730879,0.000686943647452,0.0000468387879664,0.0000298840732285],"median":[0.02618990466,0.722218990326,3.57998657227,6.82152271271,7.12881183624,4.449467659,4.85850429535,5.60229301453,3.20390796661,3.6670293808,3.43756842613,3.39614272118,3.73221349716,3.22507143021,4.49084424973,7.87448978424,6.95000886917,5.30626010895,9.13815879822,13.9295730591,17.3680229187,13.7121753693,14.5674171448,13.0300912857,6.14691209793,4.99769115448,4.07859611511,1.97464168072,1.62975025177,1.07622170448,0.743780195713,0.333710849285,0.112554460764,0.0486581027508,0.0217576213181,0.00473908148706,0.000755548011512,0.0000958798264037,0.0000233112332353,0.000027328127544],"min":[9.0610841804e-23,5.35618278316e-22,2.80879920647e-21,4.63617648502e-21,1.79911088528e-20,2.1972403458e-20,6.45932157152e-20,1.86856739954e-19,2.41966691838e-19,2.64056756892e-19,2.25329349684e-19,6.23354158934e-19,6.83695381958e-19,1.10982367837e-18,1.41312557998e-18,1.4545406521e-18,1.44717678009e-18,2.59733285455e-18,3.32163391239e-18,2.99851007497e-18,4.57593047501e-18,4.18221649167e-18,5.80572015762e-18,5.89619510507e-18,5.60404525247e-18,7.5585423454e-18,1.06163842245e-17,1.21702396965e-17,1.14897405404e-17,1.2203436936e-17,1.25912919991e-17,9.85057131446e-18,8.88356078243e-18,8.83249065141e-18,6.35050089545e-18,4.5288150945e-18,2.21734365873e-18,1.11152818742e-18,2.35965703289e-19,2.99489852686e-20],"var":[0.00306209083647,1.17685461044,18.0170612335,133.809066772,186.455703735,152.660583496,103.103340149,374.279449463,200.885299683,434.592315674,768.355834961,314.744689941,368.224334717,1046.72644043,804.59576416,874.18182373,697.943969727,1323.27844238,2811.98095703,3655.5859375,3149.13012695,4238.69580078,7613.4765625,3197.44873047,772.067016602,302.194641113,140.525512695,77.042640686,235.26890564,33.8634910583,13.41593647,6.13403701782,3.63545203209,2.03671979904,0.401283800602,0.00782423187047,0.000145543730468,0.00000183675285825,4.07731270968e-9,2.92658508538e-10]},"erbbands_crest":{"dmean":1.91589260101,"dmean2":3.09084057808,"dvar":3.22631502151,"dvar2":7.96412563324,"max":25.3593654633,"mean":7.56691741943,"median":6.89035511017,"min":2.02905130386,"var":9.8973941803},"erbbands_flatness_db":{"dmean":0.0151057690382,"dmean2":0.0207755379379,"dvar":0.000212720799027,"dvar2":0.000426076701842,"max":0.292744606733,"mean":0.161754339933,"median":0.162581831217,"min":0.00971867423505,"var":0.0017477410147},"erbbands_kurtosis":{"dmean":0.854559063911,"dmean2":1.30921900272,"dvar":2.55521535873,"dvar2":6.19032764435,"max":44.0436058044,"mean":0.228729948401,"median":-0.615163803101,"min":-1.86137235165,"var":7.12901353836},"erbbands_skewness":{"dmean":0.360834091902,"dmean2":0.538660407066,"dvar":0.132527440786,"dvar2":0.302671015263,"max":5.71797323227,"mean":-0.39819842577,"median":-0.373798906803,"min":-4.58550453186,"var":0.815839469433},"erbbands_spread":{"dmean":8.98151111603,"dmean2":13.6107473373,"dvar":88.259475708,"dvar2":192.002960205,"max":171.862380981,"mean":47.129699707,"median":44.6791763306,"min":6.26821660995,"var":393.065063477},"gfcc":{"cov":[[19795.5976562,928.942016602,-2857.11474609,717.108581543,-814.548706055,293.409240723,-719.929382324,366.536437988,-336.24130249,-72.5319747925,-220.091293335,11.0771617889,-214.872375488],[928.942016602,1279.64013672,-493.838470459,-12.1755018234,215.245483398,-249.263702393,163.608276367,-186.426132202,124.622245789,-164.092849731,106.557945251,-131.902191162,62.0062141418],[-2857.11474609,-493.838470459,1060.0012207,-74.3244247437,-33.7644615173,181.103057861,35.498374939,11.1402664185,-36.4396896362,130.23248291,-63.7879600525,64.3563537598,-3.20357370377],[717.108581543,-12.1755018234,-74.3244247437,277.365356445,7.48409318924,-16.4898586273,-30.5498657227,-12.9835071564,9.09720802307,-19.5768966675,3.4238910675,-22.3140048981,-7.32293176651],[-814.548706055,215.245483398,-33.7644615173,7.48409318924,263.225402832,-57.0005531311,74.1805877686,-34.7674293518,53.917640686,-28.1875743866,39.8903160095,-37.2684211731,22.5834159851],[293.409240723,-249.263702393,181.103057861,-16.4898586273,-57.0005531311,229.218276978,-13.1592311859,45.3712234497,-54.7041778564,65.6160049438,-42.0353393555,41.513053894,-18.7696781158],[-719.929382324,163.608276367,35.498374939,-30.5498657227,74.1805877686,-13.1592311859,164.006622314,-27.3893489838,19.4548397064,-27.1351222992,29.7740478516,-18.0433597565,10.6121101379],[366.536437988,-186.426132202,11.1402664185,-12.9835071564,-34.7674293518,45.3712234497,-27.3893489838,152.05821228,0.238003239036,18.083190918,-14.9682569504,26.8825683594,-21.694732666],[-336.24130249,124.622245789,-36.4396896362,9.09720802307,53.917640686,-54.7041778564,19.4548397064,0.238003239036,115.414871216,-4.91749811172,17.3804740906,-27.1699485779,16.2926120758],[-72.5319747925,-164.092849731,130.23248291,-19.5768966675,-28.1875743866,65.6160049438,-27.1351222992,18.083190918,-4.91749811172,119.172302246,-12.6208696365,11.9684553146,-14.3942403793],[-220.091293335,106.557945251,-63.7879600525,3.4238910675,39.8903160095,-42.0353393555,29.7740478516,-14.9682569504,17.3804740906,-12.6208696365,89.075302124,4.29144096375,6.46195077896],[11.0771617889,-131.902191162,64.3563537598,-22.3140048981,-37.2684211731,41.513053894,-18.0433597565,26.8825683594,-27.1699485779,11.9684553146,4.29144096375,89.1300964355,15.3971529007],[-214.872375488,62.0062141418,-3.20357370377,-7.32293176651,22.5834159851,-18.7696781158,10.6121101379,-21.694732666,16.2926120758,-14.3942403793,6.46195077896,15.3971529007,60.4979248047]],"icov":[[0.00075234164251,-0.00189381581731,0.00184484082274,-0.00186899898108,0.00163740245625,-0.00191973370966,0.0020178577397,-0.0022512844298,0.00200411886908,-0.00159443018492,0.00218438031152,-0.00154441013001,0.00135715177748],[-0.00189381581731,0.0066856793128,-0.00405090069398,0.0051440987736,-0.00444058934227,0.00508341565728,-0.00600598659366,0.00714407302439,-0.00594902597368,0.00508166011423,-0.00625008437783,0.00527509907261,-0.00418409518898],[0.00184484082274,-0.00405090069398,0.00600462825969,-0.00434171548113,0.00382692017592,-0.00513413455337,0.00401177350432,-0.00475239986554,0.00455516995862,-0.00473552430049,0.00601022131741,-0.00421808287501,0.00314541277476],[-0.00186899898108,0.0051440987736,-0.00434171548113,0.00865233130753,-0.00428568571806,0.00448869075626,-0.00411793123931,0.00631448812783,-0.00552178593352,0.00499876821414,-0.00597041752189,0.00498847244307,-0.00306941242889],[0.00163740245625,-0.00444058934227,0.00382692017592,-0.00428568571806,0.00876579526812,-0.00405993172899,0.00297779776156,-0.00496133044362,0.00323397829197,-0.00336343888193,0.0034583483357,-0.00197495264001,0.00167954422068],[-0.00191973370966,0.00508341565728,-0.00513413455337,0.00448869075626,-0.00405993172899,0.0121165234596,-0.0063685416244,0.00466789351776,-0.00289577408694,0.00136475579347,-0.00336779467762,0.00212867977098,-0.00276876147836],[0.0020178577397,-0.00600598659366,0.00401177350432,-0.00411793123931,0.00297779776156,-0.0063685416244,0.0141930123791,-0.00603967951611,0.00528280390427,-0.00239169411361,0.00361296278425,-0.00304023642093,0.00368975638412],[-0.0022512844298,0.00714407302439,-0.00475239986554,0.00631448812783,-0.00496133044362,0.00466789351776,-0.00603967951611,0.0162086039782,-0.00889532268047,0.00575810251758,-0.00609344383702,0.00245868973434,-0.000842605310027],[0.00200411886908,-0.00594902597368,0.00455516995862,-0.00552178593352,0.00323397829197,-0.00289577408694,0.00528280390427,-0.00889532268047,0.0176952537149,-0.00654265657067,0.00514691881835,-0.00124823662918,0.00001181562493],[-0.00159443018492,0.00508166011423,-0.00473552430049,0.00499876821414,-0.00336343888193,0.00136475579347,-0.00239169411361,0.00575810251758,-0.00654265657067,0.0159043259919,-0.00627896934748,0.00452093267813,-0.00128749094438],[0.00218438031152,-0.00625008437783,0.00601022131741,-0.00597041752189,0.0034583483357,-0.00336779467762,0.00361296278425,-0.00609344383702,0.00514691881835,-0.00627896934748,0.0214001573622,-0.00939692184329,0.00583079690114],[-0.00154441013001,0.00527509907261,-0.00421808287501,0.00498847244307,-0.00197495264001,0.00212867977098,-0.00304023642093,0.00245868973434,-0.00124823662918,0.00452093267813,-0.00939692184329,0.0216685254127,-0.0107980836183],[0.00135715177748,-0.00418409518898,0.00314541277476,-0.00306941242889,0.00167954422068,-0.00276876147836,0.00368975638412,-0.000842605310027,0.00001181562493,-0.00128749094438,0.00583079690114,-0.0107980836183,0.0248136688024]],"mean":[-34.2193183899,112.418006897,-126.095695496,60.7045097351,-42.0456581116,7.49876594543,-36.186706543,-0.39421197772,-19.7523899078,-8.63815021515,-15.0412883759,-5.66845083237,-11.7678890228]},"hfc":{"dmean":5.00060892105,"dmean2":6.48606300354,"dvar":46.1776885986,"dvar2":85.7825393677,"max":117.22467804,"mean":17.1703109741,"median":11.7977809906,"min":1.07826956696e-16,"var":246.090621948},"melbands":{"dmean":[0.00039615118294,0.00106919754762,0.00112618517596,0.000512571656145,0.000174117565621,0.000176359870238,0.0000759537215345,0.0000820862187538,0.0000535799263162,0.0000274262383755,0.000026245303161,0.0000304229488393,0.0000196478267753,0.0000229530669458,0.0000191509643628,0.0000155038596859,0.0000206161530514,0.0000262414559984,0.0000230047353398,0.0000204628740903,0.0000209043228097,0.0000187291152542,0.0000217997494474,0.0000184413129318,0.0000117017962111,0.00000620176024313,0.00000497912105857,0.00000426698898082,0.00000363708727491,0.00000236922323893,0.00000193069126908,0.00000361162756235,0.00000167481971403,9.25978724808e-7,8.47650142077e-7,5.55753047138e-7,3.39113938708e-7,2.17028983229e-7,1.49381946812e-7,2.02658000603e-7],"dmean2":[0.000657541153487,0.00181156641338,0.00183969864156,0.000840027583763,0.00029576200177,0.00029666692717,0.00012006158795,0.000130915999762,0.0000806649768492,0.0000420159340138,0.0000416342445533,0.0000472163301311,0.0000287696475425,0.0000349501460732,0.0000295165882562,0.0000234574363276,0.000031577230402,0.0000394036360376,0.0000337491692335,0.0000312558549922,0.0000316249715979,0.0000275855563814,0.0000321912557411,0.0000268776129815,0.0000172704476427,0.0000090067178462,0.00000754125312596,0.00000635235710433,0.00000540114569958,0.00000358632019015,0.00000303965043713,0.00000594595439907,0.00000257087003774,0.00000137515166898,0.00000127302303099,8.02389934051e-7,4.69282781523e-7,3.04858531308e-7,2.1606516043e-7,2.87529132947e-7],"dvar":[2.2918624154e-7,0.000001298791517,0.00000215633099288,0.00000126837130665,1.11400368041e-7,1.92183321701e-7,2.59806895997e-8,3.5553032518e-8,1.7137267605e-8,4.7314805407e-9,4.71136418767e-9,6.54482867901e-9,2.57606003196e-9,2.6765551997e-9,1.80959203178e-9,1.11716635942e-9,2.45593789749e-9,4.00027966307e-9,3.85316711871e-9,1.83564463629e-9,1.57814705748e-9,1.37663414002e-9,2.00423588836e-9,1.32367061756e-9,4.26223695227e-10,1.33755576059e-10,1.43469985892e-10,5.9132282404e-11,4.8505078426e-11,2.45709563806e-11,2.80252175633e-11,1.45395251394e-10,1.67276470453e-11,5.60057555887e-12,3.69867808256e-12,1.36952883929e-12,9.84942379392e-13,7.19125171737e-13,4.26944422741e-13,8.19042858709e-13],"dvar2":[6.21814479018e-7,0.00000383412589144,0.00000587412341702,0.00000330899888468,3.10428589501e-7,5.42206578302e-7,5.90715529825e-8,8.4713377646e-8,3.69596904193e-8,1.09557038996e-8,1.12705977884e-8,1.50459520398e-8,4.7003454462e-9,5.55755175213e-9,4.02871513927e-9,2.24352603162e-9,5.16349585311e-9,7.74312614027e-9,6.833310362e-9,4.12945988515e-9,3.35508576477e-9,2.9010722713e-9,4.5436485685e-9,2.55026222362e-9,8.99296304091e-10,2.64015781459e-10,3.15800691153e-10,1.31759991806e-10,1.14238188353e-10,5.91173290876e-11,7.32533339542e-11,3.88210991131e-10,3.97909795391e-11,1.28085398191e-11,8.84038849069e-12,2.98643445043e-12,1.76884776357e-12,1.25460796266e-12,8.23074410277e-13,1.5086591915e-12],"max":[0.00539952656254,0.0116379624233,0.0143805835396,0.0142651228234,0.00377942295745,0.00448559969664,0.00271054869518,0.00307857338339,0.00358844222501,0.00209418172017,0.00196996331215,0.00183754099999,0.00214611971751,0.00153540470637,0.0016259572003,0.000941486679949,0.00114604912233,0.00244836718775,0.0037330428604,0.0013639574172,0.00116008974146,0.000723190780263,0.000954105693381,0.000823320413474,0.000835906190332,0.000220718487981,0.000290306139505,0.00011776843894,0.00016431066615,0.0000852230077726,0.0000928395311348,0.000173760097823,0.0000934982963372,0.000106541308924,0.0000300674691971,0.000030959596188,0.0000516855761816,0.0000585082343605,0.0000281483480649,0.0000355140145984],"mean":[0.000745235825889,0.00217557232827,0.00190114718862,0.000726663565729,0.000283566711005,0.000255505729001,0.000115332637506,0.000119850825286,0.0000884211840457,0.0000483128496853,0.0000434729299741,0.0000547067138541,0.0000369799599866,0.0000430445470556,0.0000372614013031,0.0000273397054116,0.0000314815697493,0.0000423469864472,0.000041700724978,0.0000396125469706,0.0000426601618528,0.0000392651236325,0.0000463076794404,0.0000428190069215,0.0000254845708696,0.0000133453304443,0.0000092906957434,0.00000692705998517,0.00000567197184864,0.00000372523663827,0.00000248603714681,0.0000036725919017,0.0000022261151571,0.00000141194004755,0.00000125652036331,8.99399310583e-7,5.61314720926e-7,3.51541814325e-7,2.28156650905e-7,3.02483385894e-7],"median":[0.000441791809862,0.00177304877434,0.00126788055059,0.000427446095273,0.000175154753379,0.000127212697407,0.0000461421950604,0.0000391719731851,0.0000277262588497,0.0000199720052478,0.0000175666209543,0.0000130590033223,0.0000113412334031,0.0000183380998351,0.0000173440421349,0.0000110382152343,0.00000847173487273,0.0000138448704092,0.0000136458220368,0.0000194032472791,0.0000191931958398,0.0000126890099637,0.000012787999367,0.0000125115566334,0.0000101435298347,0.00000457640362583,0.00000344665954799,0.00000291223068416,0.00000262243861471,0.000001667250217,9.11642814572e-7,9.30245732889e-7,7.39080064704e-7,5.20126832271e-7,4.53435859527e-7,2.84578675291e-7,1.62736711218e-7,8.27548163329e-8,4.42748806506e-8,3.81971787533e-8],"min":[8.34322860581e-25,1.0508177488e-24,6.83448429989e-25,1.64206741954e-24,2.16611541028e-24,3.82234505244e-24,3.97064183072e-24,3.51195747409e-24,1.65584586133e-24,3.25869111667e-24,3.28667398513e-24,3.98188664849e-24,3.49183994328e-24,3.12936742923e-24,4.49982431987e-24,3.30042323906e-24,4.67904365677e-24,3.9063595277e-24,4.71863145801e-24,3.9541869811e-24,4.52278766639e-24,3.94803899363e-24,4.61230917963e-24,4.14467282945e-24,3.85522635269e-24,4.49992608292e-24,4.26041252931e-24,5.57053418247e-24,5.42688695036e-24,5.35997221851e-24,6.69880959191e-24,5.90317394924e-24,6.26520272902e-24,6.81809403825e-24,6.17464899128e-24,5.84408629528e-24,5.58674921838e-24,5.14109802719e-24,6.55939223198e-24,6.92330836148e-24],"var":[6.51140283026e-7,0.00000305206935991,0.0000034761274037,0.0000011191447129,1.17722585458e-7,1.71938168592e-7,4.76350301426e-8,6.26188167985e-8,4.1847695087e-8,1.07596100918e-8,9.4971293052e-9,1.89718925014e-8,1.07243902647e-8,7.72459785026e-9,4.20792245492e-9,3.14827475201e-9,5.52435075463e-9,8.22208523488e-9,1.17255476439e-8,4.32444613452e-9,5.45748557457e-9,4.61760851778e-9,6.64967902964e-9,6.85495216146e-9,2.03740535554e-9,5.14282783026e-10,3.5121830444e-10,1.14826065323e-10,6.87256709875e-11,3.43401349023e-11,2.70144635828e-11,1.1390077076e-10,2.07690392662e-11,8.0942154021e-12,5.17128570868e-12,2.76290427169e-12,2.23233909656e-12,2.17931618932e-12,1.05880495344e-12,1.83678463064e-12]},"melbands_crest":{"dmean":3.89779448509,"dmean2":6.56087112427,"dvar":10.8680114746,"dvar2":29.6578769684,"max":39.8805770874,"mean":16.6356201172,"median":16.0424346924,"min":1.41046583652,"var":31.0733947754},"melbands_flatness_db":{"dmean":0.0320311486721,"dmean2":0.0477970540524,"dvar":0.000836124178022,"dvar2":0.00191551365424,"max":0.549518823624,"mean":0.219368368387,"median":0.213114053011,"min":0.00282459356822,"var":0.00500130280852},"melbands_kurtosis":{"dmean":13.3485956192,"dmean2":22.0969791412,"dvar":16698.1230469,"dvar2":49785.359375,"max":6818.13769531,"mean":24.0549545288,"median":12.057100296,"min":-1.79989314079,"var":9592.15722656},"melbands_skewness":{"dmean":0.940900325775,"dmean2":1.46528720856,"dvar":2.31965827942,"dvar2":6.36348009109,"max":73.3085708618,"mean":3.64999270439,"median":3.28519201279,"min":-0.498635441065,"var":5.05600738525},"melbands_spread":{"dmean":8.29741191864,"dmean2":12.9171934128,"dvar":96.8986206055,"dvar2":230.927993774,"max":169.254684448,"mean":24.4327201843,"median":18.2177047729,"min":0.100457526743,"var":438.146789551},"mfcc":{"cov":[[9007.81738281,229.463165283,-767.535827637,69.6277770996,-43.7569351196,-192.69052124,-196.334732056,140.407669067,-142.834609985,50.6361274719,-19.5481128693,-66.637008667,-115.375709534],[229.463165283,1307.62145996,-340.138885498,193.710372925,-5.80578279495,44.1072311401,2.74770402908,10.5467195511,-7.53804254532,6.73773908615,-23.2619781494,-0.572731018066,-0.0361281335354],[-767.535827637,-340.138885498,715.970703125,-108.780891418,8.0669927597,98.8076248169,38.5975570679,-27.3518028259,53.7302589417,-21.3062362671,11.4756603241,7.57080936432,33.2235717773],[69.6277770996,193.710372925,-108.780891418,307.998413086,55.9468612671,3.08431053162,-17.3832874298,7.27093076706,-10.6248483658,-6.70439624786,-3.1679725647,21.6777248383,1.1425961256],[-43.7569351196,-5.80578279495,8.0669927597,55.9468612671,157.500793457,16.3764305115,-5.30114269257,3.26622891426,15.5117111206,17.0999679565,-6.40906238556,13.0263633728,19.7877025604],[-192.69052124,44.1072311401,98.8076248169,3.08431053162,16.3764305115,168.967224121,41.6260681152,-27.3006439209,22.2783794403,-10.5200481415,-0.535753965378,0.696978628635,16.3294391632],[-196.334732056,2.74770402908,38.5975570679,-17.3832874298,-5.30114269257,41.6260681152,126.769699097,22.6023769379,-5.45985794067,-1.40918588638,5.6477689743,2.72205710411,5.85194587708],[140.407669067,10.5467195511,-27.3518028259,7.27093076706,3.26622891426,-27.3006439209,22.6023769379,117.347518921,8.05699920654,-11.2104578018,-1.5769109726,7.9076666832,-3.24521517754],[-142.834609985,-7.53804254532,53.7302589417,-10.6248483658,15.5117111206,22.2783794403,-5.45985794067,8.05699920654,95.97240448,17.1078529358,-6.52663850784,3.65791869164,6.88411808014],[50.6361274719,6.73773908615,-21.3062362671,-6.70439624786,17.0999679565,-10.5200481415,-1.40918588638,-11.2104578018,17.1078529358,92.3965682983,27.8583240509,-2.96843791008,0.798676431179],[-19.5481128693,-23.2619781494,11.4756603241,-3.1679725647,-6.40906238556,-0.535753965378,5.6477689743,-1.5769109726,-6.52663850784,27.8583240509,70.6611709595,12.5945386887,-13.2092657089],[-66.637008667,-0.572731018066,7.57080936432,21.6777248383,13.0263633728,0.696978628635,2.72205710411,7.9076666832,3.65791869164,-2.96843791008,12.5945386887,60.9005393982,20.6424350739],[-115.375709534,-0.0361281335354,33.2235717773,1.1425961256,19.7877025604,16.3294391632,5.85194587708,-3.24521517754,6.88411808014,0.798676431179,-13.2092657089,20.6424350739,75.0552749634]],"icov":[[0.000133571171318,0.00000944842759054,0.000110023698653,0.0000170686107595,0.0000234785129578,-0.0000566012095078,0.000231172773056,-0.000222014772589,0.000201775081223,-0.000143910525367,0.0000866998016136,0.000064417894464,0.000115436327178],[0.00000944842759054,0.000988157931715,0.000469630089356,-0.000515850260854,0.000306555331917,-0.000544262817129,-0.0000253255057032,-0.000107135114376,-0.000081809819676,-0.00020859389042,0.000293553690426,0.0000713246045052,-0.000108326174086],[0.000110023698653,0.000469630089356,0.00205789599568,0.000388163840398,-0.0000603418484388,-0.000939309014939,-0.000115059410746,0.000174418164534,-0.000827882904559,0.000679390039295,-0.000611954950728,0.000146322970977,-0.000589947740082],[0.0000170686107595,-0.000515850260854,0.000388163840398,0.00413832534105,-0.00151964230463,-0.000233747225138,0.000560210610274,-0.000137120965519,0.000481879513245,0.000548469368368,-0.0000684492624714,-0.00134480791166,0.000500837573782],[0.0000234785129578,0.000306555331917,-0.0000603418484388,-0.00151964230463,0.00759250996634,-0.000910255068447,0.000540795328561,-0.000627271307167,-0.000414775829995,-0.00210102112032,0.00140096724499,-0.00093178357929,-0.00122363469563],[-0.0000566012095078,-0.000544262817129,-0.000939309014939,-0.000233747225138,-0.000910255068447,0.00835567433387,-0.00307511701249,0.00271370075643,-0.00221289508045,0.00203123013489,-0.00114144862164,0.000874442979693,-0.00114878325257],[0.000231172773056,-0.0000253255057032,-0.000115059410746,0.000560210610274,0.000540795328561,-0.00307511701249,0.0100675094873,-0.00326202111319,0.00216316943988,-0.00118008151185,-0.0000900567465578,-0.000153463814058,-0.000161267424119],[-0.000222014772589,-0.000107135114376,0.000174418164534,-0.000137120965519,-0.000627271307167,0.00271370075643,-0.00326202111319,0.0105964289978,-0.00251269037835,0.00244294223376,-0.000636894081254,-0.00102525181137,0.000245367642492],[0.000201775081223,-0.000081809819676,-0.000827882904559,0.000481879513245,-0.000414775829995,-0.00221289508045,0.00216316943988,-0.00251269037835,0.0130921974778,-0.00412665773183,0.0031291176565,-0.00139751972165,0.000760914350394],[-0.000143910525367,-0.00020859389042,0.000679390039295,0.000548469368368,-0.00210102112032,0.00203123013489,-0.00118008151185,0.00244294223376,-0.00412665773183,0.0151554308832,-0.00751136476174,0.0029906174168,-0.0021480130963],[0.0000866998016136,0.000293553690426,-0.000611954950728,-0.0000684492624714,0.00140096724499,-0.00114144862164,-0.0000900567465578,-0.000636894081254,0.0031291176565,-0.00751136476174,0.0198829621077,-0.00647688703611,0.00533735472709],[0.000064417894464,0.0000713246045052,0.000146322970977,-0.00134480791166,-0.00093178357929,0.000874442979693,-0.000153463814058,-0.00102525181137,-0.00139751972165,0.0029906174168,-0.00647688703611,0.0211492292583,-0.00678239809349],[0.000115436327178,-0.000108326174086,-0.000589947740082,0.000500837573782,-0.00122363469563,-0.00114878325257,-0.000161267424119,0.000245367642492,0.000760914350394,-0.0021480130963,0.00533735472709,-0.00678239809349,0.0171079188585]],"mean":[-659.843811035,125.534759521,-12.7512559891,49.4931259155,13.945772171,13.7929344177,-3.15335726738,9.12140464783,-3.24343347549,-1.37329399586,-3.76252365112,0.0717026591301,-2.00521755219]},"pitch_salience":{"dmean":0.0763529017568,"dmean2":0.124921515584,"dvar":0.00437068147585,"dvar2":0.0114263063297,"max":0.860651433468,"mean":0.528845846653,"median":0.53053098917,"min":0.0397276617587,"var":0.0120801767334},"silence_rate_20dB":{"dmean":0,"dmean2":0,"dvar":0,"dvar2":0,"max":1,"mean":1,"median":1,"min":1,"var":0},"silence_rate_30dB":{"dmean":0,"dmean2":0,"dvar":0,"dvar2":0,"max":1,"mean":1,"median":1,"min":1,"var":0},"silence_rate_60dB":{"dmean":0.00437556952238,"dmean2":0.00875273533165,"dvar":0.0043563535437,"dvar2":0.01086406596,"max":1,"mean":0.0339044854045,"median":0,"min":0,"var":0.0327554643154},"spectral_centroid":{"dmean":313.501983643,"dmean2":470.748046875,"dvar":134406.796875,"dvar2":293779.90625,"max":11570.6503906,"mean":1493.15820312,"median":1398.78466797,"min":145.832061768,"var":1072111.875},"spectral_complexity":{"dmean":4.06891536713,"dmean2":5.64916133881,"dvar":19.4120941162,"dvar2":34.7175102234,"max":56,"mean":19.056142807,"median":18,"min":0,"var":102.77217865},"spectral_contrast_coeffs":{"dmean":[0.0533896759152,0.0439950823784,0.0339393764734,0.0293019656092,0.0230404101312,0.0223714150488],"dmean2":[0.0883552730083,0.0717141851783,0.0544321462512,0.0465826429427,0.0361538976431,0.0332695841789],"dvar":[0.00195135187823,0.00122784823179,0.000843401125167,0.000627290399279,0.000415905757109,0.000466556899482],"dvar2":[0.00535743683577,0.00328734260984,0.00205892440863,0.00148575776257,0.000940763449762,0.00103721232153],"max":[-0.365830689669,-0.491260439157,-0.549383282661,-0.55984634161,-0.567568778992,-0.574173271656],"mean":[-0.610092222691,-0.74480432272,-0.782702445984,-0.770807921886,-0.771502554417,-0.730224013329],"median":[-0.607074260712,-0.746919810772,-0.7828810215,-0.771160006523,-0.779620409012,-0.72888302803],"min":[-0.980017244816,-0.973072588444,-0.975989341736,-0.975657522678,-0.967398583889,-0.963579118252],"var":[0.00559868616983,0.00415530335158,0.00359142315574,0.00299799186178,0.00332514499314,0.00240590190515]},"spectral_contrast_valleys":{"dmean":[0.39854440093,0.374267369509,0.343864142895,0.301405698061,0.290788322687,0.39357444644],"dmean2":[0.668867409229,0.60174626112,0.534618735313,0.453440904617,0.388764202595,0.481185495853],"dvar":[0.137628152966,0.137854069471,0.127194434404,0.117584131658,0.104811251163,0.188536852598],"dvar2":[0.325250655413,0.303580313921,0.25763425231,0.236656188965,0.183442547917,0.327020674944],"max":[-5.62270402908,-4.85768508911,-5.56653594971,-5.54097747803,-5.55285263062,-7.81203508377],"mean":[-7.32122373581,-7.17808055878,-7.95483875275,-7.93771076202,-7.65873861313,-10.8744726181],"median":[-7.0578250885,-6.93382644653,-7.7058262825,-7.67971324921,-7.37865257263,-10.6179771423],"min":[-28.0424728394,-28.1267986298,-28.1790599823,-27.5648860931,-27.5229949951,-27.3798503876],"var":[3.80109906197,4.10589694977,4.02719831467,4.11410093307,4.16055011749,3.39389395714]},"spectral_decrease":{"dmean":1.8446524308e-9,"dmean2":2.97853408604e-9,"dvar":4.50038076094e-18,"dvar2":1.15679504673e-17,"max":2.94193766259e-17,"mean":-5.81483883266e-9,"median":-5.4027333718e-9,"min":-2.66788138248e-8,"var":1.06790332298e-17},"spectral_energy":{"dmean":0.00719255907461,"dmean2":0.0114998212084,"dvar":0.0000681937453919,"dvar2":0.000172228174051,"max":0.104451820254,"mean":0.0235039554536,"median":0.0217219274491,"min":1.01950713278e-20,"var":0.000175698864041},"spectral_energyband_high":{"dmean":0.000337235396728,"dmean2":0.000472417013953,"dvar":4.60216028841e-7,"dvar2":0.00000106545530798,"max":0.00937167368829,"mean":0.000559542328119,"median":0.000252573750913,"min":7.18534801179e-21,"var":7.31530178655e-7},"spectral_energyband_low":{"dmean":0.00460768444464,"dmean2":0.00772682577372,"dvar":0.0000213754919969,"dvar2":0.0000602981563134,"max":0.0451160185039,"mean":0.0106921205297,"median":0.00942343845963,"min":9.05697989488e-24,"var":0.0000529473727511},"spectral_energyband_middle_high":{"dmean":0.00145917816553,"dmean2":0.0019700943958,"dvar":0.00000417078354076,"dvar2":0.00000725655445422,"max":0.0384249128401,"mean":0.00496161263436,"median":0.00285967579111,"min":1.22024387455e-21,"var":0.0000298893737636},"spectral_energyband_middle_low":{"dmean":0.0049997693859,"dmean2":0.00804451387376,"dvar":0.000054414056649,"dvar2":0.000142747565405,"max":0.0898414030671,"mean":0.00993600767106,"median":0.00748908426613,"min":1.65222700926e-22,"var":0.0000746819059714},"spectral_entropy":{"dmean":0.164680823684,"dmean2":0.237067356706,"dvar":0.0286442749202,"dvar2":0.0622283704579,"max":9.81366062164,"mean":7.51622962952,"median":7.50962257385,"min":5.20142936707,"var":0.189669311047},"spectral_flux":{"dmean":0.0213878471404,"dmean2":0.0326609387994,"dvar":0.00048566100304,"dvar2":0.000998169067316,"max":0.229730367661,"mean":0.0764339417219,"median":0.0703760534525,"min":6.49216375104e-11,"var":0.00159265962429},"spectral_kurtosis":{"dmean":1.81798410416,"dmean2":3.10719013214,"dvar":3.65393400192,"dvar2":10.3181257248,"max":21.9867134094,"mean":3.89294552803,"median":3.36038637161,"min":-1.28342521191,"var":6.23319816589},"spectral_rms":{"dmean":0.000716062670108,"dmean2":0.00112890079618,"dvar":5.26526207523e-7,"dvar2":0.00000129024260787,"max":0.0100947618484,"mean":0.00455681420863,"median":0.00460349023342,"min":3.15379319882e-12,"var":0.00000216612534132},"spectral_rolloff":{"dmean":532.15435791,"dmean2":888.198913574,"dvar":870302.9375,"dvar2":1876488.25,"max":22050,"mean":1509.50427246,"median":1055.12695312,"min":21.533203125,"var":4162600.25},"spectral_skewness":{"dmean":0.242532610893,"dmean2":0.391872495413,"dvar":0.053751885891,"dvar2":0.133452519774,"max":3.55934667587,"mean":1.21448409557,"median":1.19631266594,"min":-0.24482190609,"var":0.144423604012},"spectral_spread":{"dmean":460426,"dmean2":636733,"dvar":662509322240,"dvar2":1287983202300,"max":48123588,"mean":4165060,"median":3549678.5,"min":1754425.125,"var":12399096627200},"spectral_strongpeak":{"dmean":0.375479459763,"dmean2":0.661265075207,"dvar":0.835140764713,"dvar2":2.21768784523,"max":13.2011976242,"mean":0.579607665539,"median":0.372956424952,"min":0,"var":0.98890286684},"zerocrossingrate":{"dmean":0.00975271686912,"dmean2":0.0113313477486,"dvar":0.000173986962182,"dvar2":0.000250321434578,"max":0.56884765625,"mean":0.0545968934894,"median":0.0478515625,"min":0,"var":0.00233379378915}},"metadata":{"audio_properties":{"analysis_sample_rate":44100,"bit_rate":0,"codec":"flac","downmix":"mix","equal_loudness":0,"length":127.36000061,"lossless":true,"md5_encoded":"e255bf75dcc0f1a9c6135e09e3c24786","replay_gain":-12.1355113983,"sample_rate":44100},"tags":{"album":["December’s Children (and Everybody’s)"],"albumartist":["The Rolling Stones"],"albumartistsort":["Rolling Stones, The"],"artist":["The Rolling Stones"],"artistsort":["Rolling Stones, The"],"asin":["B00006AW2R"],"copyright":["ABKCO Records"],"date":["2002-08-27"],"disc":["1"],"discnumber":["1"],"disctotal":["1"],"ensemble":["The Rolling Stones"],"file_name":"01-10 Gotta Get Away.flac","genre":["Rock"],"label":["ABKCO"],"labelno":["8822922"],"media":["SACD"],"musicbrainz_albumartistid":["b071f9fa-14b0-4217-8e97-eb41da73f598"],"musicbrainz_albumid":["7e98c3b3-530d-3836-86a4-af3e1da0b6e7"],"musicbrainz_artistid":["b071f9fa-14b0-4217-8e97-eb41da73f598"],"musicbrainz_recordingid":["932263a4-f478-4cd0-b112-794ed4758d4c"],"musicbrainz_releasegroupid":["6f3adeb5-9955-3613-b51a-45e407ca8de5"],"organization":["ABKCO"],"originaldate":["1965-12-04"],"publisher":["ABKCO"],"release date":["2002-08-27"],"releasecountry":["GB"],"releasestatus":["official"],"releasetype":["album"],"script":["Latn"],"title":["Gotta Get Away"],"totaldiscs":["1"],"totaltracks":["12"],"tracknumber":["10"],"tracktotal":["12"]},"version":{"essentia":"2.1-beta1","essentia_build_sha":"ca57ba49d9b1854bd80e60cf9ccf267278fb7d6b","essentia_git_sha":"v2.1_beta1-28-g21ef5f4-dirty","extractor":"music 1.0"}},"rhythm":{"beats_count":238,"beats_loudness":{"dmean":0.0102477669716,"dmean2":0.0176643915474,"dvar":0.0000589658629906,"dvar2":0.00016946058895,"max":0.0650203600526,"mean":0.0315677896142,"median":0.0315444916487,"min":0,"var":0.000139178242534},"beats_loudness_band_ratio":{"dmean":[0.190752699971,0.144389972091,0.0651520192623,0.0559035688639,0.0980518385768,0.0671205073595],"dmean2":[0.3482850492,0.25396835804,0.11918861419,0.0998239219189,0.17491954565