{"lowlevel":{"average_loudness":0.909917652607,"barkbands":{"dmean":[0.0000983189238468,0.00156972731929,0.00117136270273,0.000827564741485,0.00115743104834,0.0010213755304,0.000930125592276,0.000778305053245,0.000692964647897,0.000980473123491,0.000404545105994,0.000250052078627,0.000253022561083,0.000922874954995,0.000140999836731,0.000551544479094,0.000663342012558,0.000365093786968,0.000417086761445,0.00013654983195,0.000119441567222,0.0000379119046556,0.0000219582798309,0.00000901288876776,0.00000273058503808,4.72779163374e-7,4.55009470102e-8],"dmean2":[0.000150426960317,0.00257918797433,0.00199758820236,0.00135530286934,0.00192254013382,0.00165593402926,0.00133928435389,0.00104941043537,0.000973132089712,0.00138718285598,0.000632976763882,0.000369849411072,0.000403331272537,0.00141593499575,0.000237385655055,0.000887563975994,0.00107887643389,0.000607467489317,0.000710296677426,0.000225538984523,0.000192082705325,0.0000624191670795,0.0000359439654858,0.000014994096091,0.00000449203207609,8.16530416614e-7,8.58018935901e-8],"dvar":[1.06050222826e-7,0.0000436500231444,0.00000884691144165,0.00000183475242466,0.00000254122210208,0.00000284181055576,0.00000697698396834,0.00000651078926239,0.00000565461186852,0.0000119812211778,0.0000010843855307,4.06144351928e-7,4.72442394539e-7,0.00000853982601257,1.30061621917e-7,0.00000248451169682,0.00000326144572682,8.47573915053e-7,0.00000111266285785,8.82163178062e-8,5.03204340419e-8,6.20331475076e-9,2.24034302221e-9,7.63302754336e-10,4.01191198318e-11,2.16175558357e-12,2.08263419531e-13],"dvar2":[2.50753430464e-7,0.000101384488516,0.0000250921166298,0.00000484191059513,0.00000695481412549,0.00000739970892027,0.0000122276815091,0.00000994173115032,0.000010558388567,0.0000212553350138,0.00000241161956183,7.86856389823e-7,0.00000103475372271,0.0000193764681171,3.55298880095e-7,0.00000642321947453,0.00000836039725982,0.0000021924995508,0.00000291429910249,2.31091419778e-7,1.20129840298e-7,1.64637921074e-8,5.91097926161e-9,2.13686779382e-9,1.08544319366e-10,6.21069038212e-12,6.22942940721e-13],"max":[0.00658817589283,0.0697573497891,0.0421722270548,0.0195812880993,0.022523522377,0.0351175479591,0.0728328749537,0.0531899183989,0.0554023943841,0.052039898932,0.0212404839694,0.0113817565143,0.0157597325742,0.0675918310881,0.0083098039031,0.0324232429266,0.042355325073,0.022420251742,0.0155996307731,0.00483478792012,0.00449901865795,0.00125062745064,0.000907699635718,0.000791330472566,0.000122729878058,0.0000495485801366,0.0000193415889953],"mean":[0.000114726339234,0.001650704653,0.0015307860449,0.00133376568556,0.00217784545384,0.00170576001983,0.00195184536278,0.00156714697368,0.00130402704235,0.00158767553512,0.000550191209186,0.000392384186853,0.000375840550987,0.00128424761351,0.000186671852134,0.000694285496138,0.000781278300565,0.000456189969555,0.000464561599074,0.000182868796401,0.000176095680217,0.0000670407534926,0.0000445456134912,0.0000151500325956,0.00000466632809548,5.74975842937e-7,4.17965537736e-8],"median":[0.00000359693149221,0.000116676688776,0.00084014388267,0.000792816572357,0.00161687133368,0.000736491812859,0.00026310805697,0.000145829486428,0.000123149016872,0.0000700808668626,0.0000824121016194,0.0000580094565521,0.0000886939378688,0.000136019662023,0.0000626418477623,0.000136649308843,0.000147248065332,0.000152063759742,0.000106370840513,0.0000736273432267,0.000061214028392,0.0000392778019886,0.0000273626592389,0.00000565317623114,0.00000148499213992,2.02993746257e-7,1.88104483101e-8],"min":[2.14581249716e-24,1.480168431e-23,4.79601161306e-24,1.17356746388e-24,2.62673689375e-23,1.87456922244e-23,2.39841561977e-23,2.8781419733e-23,2.28851814489e-23,4.78397186015e-23,3.75415023599e-23,8.04675988649e-23,1.20851912958e-22,5.59378554211e-23,5.15426758669e-23,1.97280834289e-22,1.64612286668e-22,1.95830958432e-22,2.29142812655e-22,2.1500995933e-22,3.21902883907e-22,4.5995573851e-22,5.56404826277e-22,6.60541332012e-22,1.23772159909e-21,1.3676248011e-21,2.47258684012e-21],"var":[1.58621247692e-7,0.0000457204660052,0.00000710556105332,0.00000306510651171,0.00000448432729172,0.00000600773410042,0.0000308779526677,0.000027634028811,0.0000206016356969,0.0000290028638119,0.00000184111854651,0.00000101060322777,0.0000010201662235,0.000015728372091,1.55086468112e-7,0.000004006763902,0.00000432752449342,0.00000102905039512,0.00000125129906792,1.0989897703e-7,9.04202508423e-8,9.66755653309e-9,3.49732287575e-9,7.41539440963e-10,6.00930902261e-11,1.56031979871e-12,1.05186218351e-13]},"barkbands_crest":{"dmean":3.20217895508,"dmean2":5.12420845032,"dvar":8.36480808258,"dvar2":19.6426105499,"max":25.8856697083,"mean":11.2980985641,"median":10.3137817383,"min":2.59684252739,"var":22.4704475403},"barkbands_flatness_db":{"dmean":0.0297779031098,"dmean2":0.0452404730022,"dvar":0.0009928351501,"dvar2":0.00222508073784,"max":0.490639328957,"mean":0.180345147848,"median":0.168144002557,"min":0.0459170788527,"var":0.00430033588782},"barkbands_kurtosis":{"dmean":5.06412601471,"dmean2":8.07078361511,"dvar":107.084495544,"dvar2":259.041412354,"max":228.503387451,"mean":6.58223676682,"median":1.33162271976,"min":-1.84441244602,"var":199.60369873},"barkbands_skewness":{"dmean":0.74341571331,"dmean2":1.15173780918,"dvar":0.620537817478,"dvar2":1.46549761295,"max":11.0632791519,"mean":1.52550292015,"median":1.16857278347,"min":-2.53533220291,"var":2.47471427917},"barkbands_spread":{"dmean":5.69462633133,"dmean2":8.89244174957,"dvar":34.7735099792,"dvar2":81.5509796143,"max":61.045425415,"mean":17.9879875183,"median":17.590429306,"min":0.322173535824,"var":116.328491211},"dissonance":{"dmean":0.0225464776158,"dmean2":0.0372293591499,"dvar":0.000516980537213,"dvar2":0.00136762834154,"max":0.500000059605,"mean":0.455505490303,"median":0.465786248446,"min":0.256395161152,"var":0.00128712190781},"dynamic_complexity":4.7848277092,"erbbands":{"dmean":[0.0545577444136,0.338811695576,1.0772908926,2.10934782028,3.75729632378,3.29880070686,8.02908420563,7.27278709412,13.0857181549,13.5279903412,17.7188034058,17.6424694061,12.6371421814,36.9516067505,16.8951244354,8.34830188751,12.8050727844,42.9913864136,16.5643157959,11.9691295624,31.710395813,31.767408371,21.9388904572,27.0796279907,11.7404794693,6.35155963898,6.40278911591,2.84333348274,1.42903447151,0.89952558279,0.578805744648,0.26017460227,0.115177728236,0.0469806231558,0.0106165437028,0.00311528239399,0.000704949605279,0.0000927658475121,0.000010857243069,0.00000844299393066],"dmean2":[0.0923241153359,0.544592678547,1.78873455524,3.58071732521,6.14418172836,5.62367773056,13.0521736145,11.9656658173,18.7563705444,18.7620105743,23.3612270355,24.1586589813,18.3775138855,52.7969779968,25.1573104858,12.7302722931,19.9977169037,65.5901565552,26.0887699127,19.7860336304,50.548740387,51.3338737488,36.1889533997,45.2687454224,20.3562107086,10.4581069946,10.3100786209,4.63054609299,2.32530283928,1.47480595112,0.955363869667,0.440170526505,0.186496481299,0.076190367341,0.0177843868732,0.00534535339102,0.00122776685748,0.000164302968187,0.0000190368755284,0.0000125597662191],"dvar":[0.0499007925391,2.09808278084,8.75748729706,18.4176445007,34.1469116211,25.0079059601,155.569564819,176.378234863,1484.52685547,1420.28442383,4098.17871094,3760.88574219,1339.41394043,17740.9628906,1761.97351074,362.34954834,1087.55737305,17868.3789063,1891.30187988,959.853027344,8461.41894531,7077.53271484,2643.05444336,5209.21289063,1118.69128418,189.002349854,147.487442017,30.845823288,8.40650463104,3.81446671486,1.92500138283,0.902231693268,0.0579091608524,0.0116515923291,0.000549507560208,0.0000823420341476,0.00000406930712415,1.50751617412e-7,1.04157766856e-8,1.37860528548e-10],"dvar2":[0.132093638182,4.64797925949,23.8539123535,51.435508728,89.1850280762,69.6293182373,400.639221191,476.18057251,2495.05395508,2332.89770508,6138.94433594,6646.67382813,2751.71435547,31686.6074219,3651.85205078,757.474121094,2406.30615234,40099.59375,4394.58056641,2599.65771484,21350.109375,18636.3574219,6918.82519531,13303.4287109,3086.56616211,503.957397461,344.754089355,78.7348556519,21.6010150909,10.0733890533,5.23359775543,2.53309631348,0.153664335608,0.0315240547061,0.00149835564662,0.000233968428802,0.0000116538303701,4.43407373041e-7,3.11494048333e-8,3.04278297003e-10],"max":[2.46011519432,15.4512777328,36.2139816284,66.3315658569,73.4117736816,65.2522354126,171.376983643,271.606292725,1152.29663086,892.864990234,1481.84313965,1518.59289551,733.730773926,2081.31079102,695.061645508,467.254302979,716.996276855,2886.93969727,949.513793945,1006.74328613,2162.14086914,1671.9954834,1428.86132813,1172.13549805,806.664550781,221.311630249,306.342376709,98.1552581787,49.6180229187,34.7308235168,30.3635959625,28.5963115692,4.19844675064,1.92495763302,0.434751182795,0.303076356649,0.0572357550263,0.0143174296245,0.00447023427114,0.000239297383814],"mean":[0.0550907179713,0.357653230429,1.46160638332,3.35149645805,6.49286174774,5.9708480835,13.3601789474,12.3028650284,26.1086730957,27.4284191132,37.3362541199,35.6059799194,21.9784793854,57.2066497803,27.57604599,14.4913320541,20.3176593781,58.6162109375,25.4868831635,16.4467048645,41.4579963684,39.5147857666,29.469827652,31.9398136139,13.6506109238,8.8315410614,9.53533267975,4.46128988266,2.53557538986,1.81190538406,1.13610351086,0.433441102505,0.207072168589,0.0842270255089,0.0163685381413,0.00392481032759,0.00087444158271,0.000124706799397,0.000018644350348,0.0000252619247476],"median":[0.00198896904476,0.0455528125167,0.717157840729,2.27341532707,3.95649194717,4.3485660553,5.63791131973,5.42489004135,4.81115531921,4.84813070297,3.95875597,3.7099313736,3.99681973457,3.40328335762,5.27278232574,4.73998308182,6.69872951508,8.19616889954,5.71043729782,7.01010942459,10.0927190781,10.7396831512,10.676697731,8.17977809906,4.84435129166,3.92062592506,3.38973283768,1.85139966011,1.46460652351,1.22606086731,0.595854401588,0.182983919978,0.078383654356,0.0243131574243,0.00610224157572,0.0013819206506,0.000335570162861,0.0000633633608231,0.0000136875823955,0.0000223652950808],"min":[5.41854596114e-22,3.06992695882e-21,6.77989218674e-21,4.02238544839e-21,2.76179095231e-20,1.12681308927e-19,7.89418008132e-20,1.51218981582e-19,3.4578313199e-19,5.44008874928e-19,7.78754460964e-19,6.72168465025e-19,1.45168842995e-18,1.84112785407e-18,1.72200092117e-18,3.28534177661e-18,5.37944007356e-18,4.07123780479e-18,2.16970612046e-18,3.82317916038e-18,1.08296123613e-17,1.08934136291e-17,1.28341274115e-17,9.69455181604e-18,1.39950803643e-17,1.04828127536e-17,1.34547006409e-17,1.35168161147e-17,1.67285929971e-17,1.78453083307e-17,1.43984682249e-17,1.17601268575e-17,1.342178547e-17,9.74306844051e-18,1.06754498834e-17,5.04391700555e-18,2.48572695797e-18,1.14848868514e-18,3.71653748485e-19,3.7022584734e-20],"var":[0.0493905134499,2.16017794609,7.59732246399,19.1385650635,59.7637176514,36.8358345032,325.971282959,378.656066895,5580.87548828,5170.95507813,18296.9824219,14740.4628906,3370.62255859,40584.3359375,4194.27050781,895.207580566,2449.43579102,31421.5253906,3907.18994141,1052.62902832,13998.0224609,9100.03222656,3683.2878418,6432.46679688,970.162902832,220.937484741,278.119842529,51.7232704163,14.2581710815,5.61357975006,2.53190255165,0.765212476254,0.0967309772968,0.0191686432809,0.000688779226039,0.0000649890498607,0.00000305079515783,8.84386679445e-8,5.35608624119e-9,3.71799757648e-10]},"erbbands_crest":{"dmean":3.93980264664,"dmean2":6.2425365448,"dvar":14.9639940262,"dvar2":33.0087623596,"max":32.4567718506,"mean":12.7754154205,"median":11.053735733,"min":2.76494145393,"var":44.1455192566},"erbbands_flatness_db":{"dmean":0.0241220705211,"dmean2":0.0356073975563,"dvar":0.000566572183743,"dvar2":0.00116032653023,"max":0.388835698366,"mean":0.208641067147,"median":0.208216905594,"min":0.0453291647136,"var":0.00293022324331},"erbbands_kurtosis":{"dmean":2.26235079765,"dmean2":3.58331871033,"dvar":32.3861198425,"dvar2":70.4214630127,"max":131.86416626,"mean":1.84021103382,"median":0.0166559778154,"min":-1.86326181889,"var":50.8613243103},"erbbands_skewness":{"dmean":0.614368498325,"dmean2":0.93007928133,"dvar":0.46428579092,"dvar2":1.01035690308,"max":10.273355484,"mean":0.373628854752,"median":0.185312747955,"min":-4.11324548721,"var":1.7391602993},"erbbands_spread":{"dmean":9.24253463745,"dmean2":14.6444158554,"dvar":92.8930511475,"dvar2":224.52671814,"max":114.805389404,"mean":33.2956809998,"median":30.6599731445,"min":1.45316946507,"var":332.732727051},"gfcc":{"cov":[[14124.8535156,27.1744327545,-3765.45043945,131.702316284,-1799.06958008,321.594116211,-424.757629395,-25.3897514343,-154.441696167,-535.912231445,28.2636108398,-346.004394531,-338.650238037],[27.1744327545,1090.74621582,309.4296875,-216.564834595,180.394073486,-145.238876343,152.225814819,-76.1010513306,122.459320068,2.21065807343,-5.60543203354,-32.2209739685,-16.4023799896],[-3765.45043945,309.4296875,1637.38635254,38.4244613647,488.89251709,-2.81217551231,125.636047363,56.636341095,102.248733521,167.389465332,-3.68722605705,95.6765213013,141.423202515],[131.702316284,-216.564834595,38.4244613647,360.268096924,42.3929672241,23.7950572968,-37.2835273743,15.7348480225,20.7064971924,-9.76773071289,10.7787389755,18.8214225769,15.9204921722],[-1799.06958008,180.394073486,488.89251709,42.3929672241,541.051269531,-26.5718288422,93.1583023071,-21.0240249634,35.1226730347,106.351722717,20.0569839478,88.7716751099,69.3559494019],[321.594116211,-145.238876343,-2.81217551231,23.7950572968,-26.5718288422,258.824249268,12.889834404,12.3801450729,-41.2304611206,-15.9916439056,-5.6761302948,0.157540440559,33.049861908],[-424.757629395,152.225814819,125.636047363,-37.2835273743,93.1583023071,12.889834404,223.887008667,35.9690551758,25.0656166077,15.993721962,-22.3134536743,-6.25307607651,9.461561203],[-25.3897514343,-76.1010513306,56.636341095,15.7348480225,-21.0240249634,12.3801450729,35.9690551758,130.720458984,40.9340133667,-0.164368018508,-5.94000291824,-2.9026465416,-3.99927067757],[-154.441696167,122.459320068,102.248733521,20.7064971924,35.1226730347,-41.2304611206,25.0656166077,40.9340133667,142.630432129,42.6405448914,-11.4543828964,-34.2898101807,-42.6539077759],[-535.912231445,2.21065807343,167.389465332,-9.76773071289,106.351722717,-15.9916439056,15.993721962,-0.164368018508,42.6405448914,132.069610596,33.5172996521,2.81492424011,-10.8663110733],[28.2636108398,-5.60543203354,-3.68722605705,10.7787389755,20.0569839478,-5.6761302948,-22.3134536743,-5.94000291824,-11.4543828964,33.5172996521,105.423797607,47.1709136963,11.8537845612],[-346.004394531,-32.2209739685,95.6765213013,18.8214225769,88.7716751099,0.157540440559,-6.25307607651,-2.9026465416,-34.2898101807,2.81492424011,47.1709136963,144.876144409,98.5975570679],[-338.650238037,-16.4023799896,141.423202515,15.9204921722,69.3559494019,33.049861908,9.461561203,-3.99927067757,-42.6539077759,-10.8663110733,11.8537845612,98.5975570679,164.185531616]],"icov":[[0.000630613300018,-0.00126332440414,0.00136248394847,-0.00112161401194,0.00124543497805,-0.00114995194599,0.000830374308862,-0.00120653340127,0.000693732174113,-0.00072481657844,0.0000779101173976,-0.0000575044832658,-0.000101033670944],[-0.00126332440414,0.00453330343589,-0.00307728955522,0.00349768809974,-0.00295591074973,0.00298784696497,-0.00277514802292,0.00444400776178,-0.00376033503562,0.00359438592568,-0.00146139168646,0.000950940360781,-0.000130544372951],[0.00136248394847,-0.00307728955522,0.00399668514729,-0.00263112946413,0.00211581657641,-0.00263878214173,0.00194498046767,-0.00336098321714,0.00150752952322,-0.00270188064314,0.000772577419411,-0.000185028780834,-0.00097300671041],[-0.00112161401194,0.00349768809974,-0.00263112946413,0.00582417519763,-0.00298403645866,0.00205732067116,-0.00138181680813,0.00301609374583,-0.00352583592758,0.00343268690631,-0.00136005599052,0.00059033324942,-0.000208034325624],[0.00124543497805,-0.00295591074973,0.00211581657641,-0.00298403645866,0.00594167411327,-0.00219667959027,0.000714815279935,-0.001610798412,0.00171489501372,-0.00370853277855,0.00106162589509,-0.00224247109145,0.0000623420564807],[-0.00114995194599,0.00298784696497,-0.00263878214173,0.00205732067116,-0.00219667959027,0.00668239640072,-0.00225471309386,0.00219369097613,-0.000551251054276,0.00183945172466,-0.000575235928409,0.00142970820889,-0.00107230781578],[0.000830374308862,-0.00277514802292,0.00194498046767,-0.00138181680813,0.000714815279935,-0.00225471309386,0.00724711595103,-0.00432152301073,0.00188414694276,-0.00193951465189,0.0016112284502,0.000285165238893,-0.000403289624956],[-0.00120653340127,0.00444400776178,-0.00336098321714,0.00301609374583,-0.001610798412,0.00219369097613,-0.00432152301073,0.0138603216037,-0.00672771036625,0.00419936981052,-0.00152672431432,-0.000308878778014,0.000209277015529],[0.000693732174113,-0.00376033503562,0.00150752952322,-0.00352583592758,0.00171489501372,-0.000551251054276,0.00188414694276,-0.00672771036625,0.0141946915537,-0.00610388163477,0.00279680662788,0.000313609663863,0.00210611568764],[-0.00072481657844,0.00359438592568,-0.00270188064314,0.00343268690631,-0.00370853277855,0.00183945172466,-0.00193951465189,0.00419936981052,-0.00610388163477,0.0152208600193,-0.00612172810361,0.00250124861486,0.000630414986517],[0.0000779101173976,-0.00146139168646,0.000772577419411,-0.00136005599052,0.00106162589509,-0.000575235928409,0.0016112284502,-0.00152672431432,0.00279680662788,-0.00612172810361,0.0144980885088,-0.00653022201732,0.00221467809752],[-0.0000575044832658,0.000950940360781,-0.000185028780834,0.00059033324942,-0.00224247109145,0.00142970820889,0.000285165238893,-0.000308878778014,0.000313609663863,0.00250124861486,-0.00653022201732,0.0161974783987,-0.00829446781427],[-0.000101033670944,-0.000130544372951,-0.00097300671041,-0.000208034325624,0.0000623420564807,-0.00107230781578,-0.000403289624956,0.000209277015529,0.00210611568764,0.000630414986517,0.00221467809752,-0.00829446781427,0.0123553900048]],"mean":[-68.7483215332,116.291938782,-137.274002075,44.8401451111,-55.8696136475,-6.14144086838,-38.2667655945,-8.06228160858,-19.648607254,-10.9911956787,-14.3664245605,-6.74738121033,-9.07540130615]},"hfc":{"dmean":6.93664979935,"dmean2":10.5157222748,"dvar":102.36264801,"dvar2":243.595474243,"max":139.073654175,"mean":18.2719211578,"median":13.3524103165,"min":1.17828463657e-16,"var":314.214050293},"melbands":{"dmean":[0.000463044678327,0.00049883016618,0.000388017797377,0.000241010755417,0.000248038151767,0.000173712833202,0.00019726609753,0.000148481747601,0.0001542949758,0.000102360099845,0.0000630819195067,0.000158886425197,0.0000563455505471,0.0000308258022415,0.0000230382192967,0.0000299592938973,0.0000942662882153,0.000036539066059,0.00000977360286925,0.0000295673216897,0.0000399262135033,0.0000304234799842,0.0000407818952226,0.000013780970221,0.0000251072015089,0.0000101844098026,0.00000498727376907,0.00000456844827568,0.00000487073884869,0.0000033234221064,0.0000014244196791,9.33031117256e-7,6.47723254588e-7,5.22874074704e-7,4.04418926792e-7,2.20921549499e-7,1.39973195701e-7,8.68711182989e-8,6.84734757783e-8,3.16848058901e-8],"dmean2":[0.000772345345467,0.000790455320384,0.00064526865026,0.00040064525092,0.000406325969379,0.00028377448325,0.000283175002551,0.000206514494494,0.000203054849408,0.000140226475196,0.0000925878630369,0.000226884876611,0.0000867063645273,0.0000447402562713,0.000036909688788,0.0000462512507511,0.000144294244819,0.0000566450726183,0.0000165284382092,0.0000476239365526,0.0000639744102955,0.0000489847916469,0.0000671141970088,0.0000229073102673,0.0000420907672378,0.0000179595881491,0.00000854045174492,0.00000752660707803,0.00000791051752458,0.00000538641143066,0.00000236444520851,0.0000015312866708,0.00000105824051388,8.64773710418e-7,6.66985044973e-7,3.73711145585e-7,2.37648208667e-7,1.40837826734e-7,1.12212667602e-7,5.22384624446e-8],"dvar":[0.00000374012097382,0.00000214769465856,4.891971912e-7,1.34010562647e-7,1.33682945602e-7,9.44126341551e-8,3.30646457769e-7,1.65957771969e-7,3.00214168192e-7,1.28387782183e-7,3.54806459768e-8,3.41717964147e-7,1.93202573939e-8,5.84630965861e-9,2.41822251112e-9,8.72087380088e-9,9.34841182243e-8,1.20470344811e-8,7.60757346008e-10,6.49117071205e-9,1.65896540949e-8,7.03506275457e-9,1.64098796773e-8,1.0426227659e-9,4.85351758783e-9,9.85093007166e-10,1.65946381636e-10,1.05324894639e-10,1.01710605216e-10,6.42735170642e-11,1.27785872162e-11,3.89721978647e-12,2.53406735699e-12,1.20646212205e-12,8.3500334468e-13,5.74181381694e-13,2.29081971491e-13,3.43226118913e-14,2.22791383053e-14,5.41097775717e-15],"dvar2":[0.00000924026426219,0.00000501157092003,0.00000132644356654,3.61259651527e-7,3.52761560407e-7,2.43517774834e-7,5.67540496377e-7,2.71942923291e-7,4.54920950688e-7,2.25476256333e-7,7.26181923483e-8,6.07702759226e-7,4.2486540508e-8,1.12516822526e-8,5.43863087898e-9,1.82827477602e-8,2.10815315427e-7,2.74809206502e-8,2.12331663363e-9,1.62930522407e-8,4.26557917876e-8,1.7497034932e-8,4.30265139073e-8,2.70831512772e-9,1.24238788146e-8,2.75593459165e-9,4.51773646271e-10,2.74601702488e-10,2.3980509245e-10,1.61993932157e-10,3.39248525105e-11,1.02099318583e-11,6.61201562252e-12,3.08744696476e-12,2.25007577674e-12,1.60536243587e-12,6.39364483666e-13,9.03794386878e-14,5.92267324052e-14,1.45448770758e-14],"max":[0.0204449594021,0.017461521551,0.0100392177701,0.00512456614524,0.00498990016058,0.00618569226936,0.0172435082495,0.00860466808081,0.0125330910087,0.00839701853693,0.00364988623187,0.00902890972793,0.00252544973046,0.00122247764375,0.00136700680014,0.00214078440331,0.00680502969772,0.00248832278885,0.000806066498626,0.00149184651673,0.00321074621752,0.00200873333961,0.00347736501135,0.00070852477802,0.00111595273484,0.000680888420902,0.000247600022703,0.000159743431141,0.000219757886953,0.000198938912945,0.0000700332820998,0.0000403539743274,0.0000361426391464,0.0000272592333204,0.0000155743528012,0.0000241556990659,0.0000132871118694,0.00000387811314795,0.00000248047831519,0.00000136705602927],"mean":[0.000475239852676,0.000668996712193,0.00070172874257,0.000440199888544,0.000427688588388,0.000292340759188,0.000405319005949,0.000294365774607,0.000316684774589,0.00019789164071,0.000105081075162,0.000242741414695,0.0000853688834468,0.000050320639275,0.0000367012180504,0.0000416470393247,0.000126717815874,0.0000533667262061,0.0000127233506646,0.0000364418592653,0.0000503634473716,0.0000362895807484,0.0000475178057968,0.0000175429959199,0.000028256303267,0.0000103757156467,0.00000615597446085,0.00000585246925766,0.00000664524714011,0.00000438699180449,0.00000206712820727,0.00000150694131662,0.00000110255257368,9.92260424937e-7,7.30679744265e-7,3.83650643698e-7,2.08868399909e-7,1.45170517385e-7,1.20340999388e-7,5.35026352111e-8],"median":[0.0000241028556047,0.000277007173281,0.000485979224322,0.000306613394059,0.000214914718526,0.000127628285554,0.0000638991550659,0.0000470746163046,0.0000261570548901,0.0000184732325579,0.0000143633687912,0.00000941943380894,0.0000142515618791,0.00000789165551396,0.0000099104072433,0.00000903627551452,0.0000118138350444,0.00000721638389223,0.00000507693948748,0.00000804474439065,0.0000110441669676,0.00000786230248195,0.00000780055142968,0.00000710967287887,0.00000530865145265,0.00000271172734756,0.00000256009388977,0.00000208920573641,0.00000206949948733,0.00000131868773678,7.38757819363e-7,7.51945094635e-7,6.82997324475e-7,6.12733344951e-7,3.69395422695e-7,1.56849935706e-7,8.25575909857e-8,5.84474619814e-8,2.73894471547e-8,1.61318993719e-8],"min":[5.25629025758e-24,3.64586937376e-24,9.92609477543e-25,5.54953549403e-24,2.94244999318e-24,3.70140202604e-24,5.42223779862e-24,5.66721894717e-24,6.20983376538e-24,3.85563695479e-24,7.20235844037e-24,7.79029568418e-24,4.46359943267e-24,7.58073951787e-24,5.91885492631e-24,1.39542552158e-23,6.87383179437e-24,3.37239811919e-24,3.57378484196e-24,6.12215582007e-24,1.16446716448e-23,1.01838613871e-23,1.00130887783e-23,1.03615657166e-23,6.28769354786e-24,1.02240735717e-23,8.04679065206e-24,6.11470147894e-24,7.28360164728e-24,7.2419474249e-24,8.73976551426e-24,9.09459830487e-24,9.41976045911e-24,9.33945205238e-24,7.67412723841e-24,8.21308174202e-24,7.49794541042e-24,9.93694082402e-24,7.91514948851e-24,7.80982788019e-24],"var":[0.0000037908273498,0.00000230605814977,6.71390750995e-7,2.15328398667e-7,2.85033593173e-7,2.11340676515e-7,0.00000135641710131,5.88618320307e-7,0.00000130746207105,5.00067528719e-7,8.98644074709e-8,7.8155102301e-7,3.88185235067e-8,1.62649751445e-8,5.57790080791e-9,1.56080339764e-8,1.63345546866e-7,2.37674413484e-8,7.33815286313e-10,9.5769863151e-9,2.59130104041e-8,1.0006973028e-8,2.06716546103e-8,1.21951182486e-9,5.96134031028e-9,7.86989473589e-10,1.59506519104e-10,1.29536020799e-10,1.8059004292e-10,8.67784455405e-11,2.03870618304e-11,6.41471988375e-12,3.00136629959e-12,1.88334374138e-12,1.10993907208e-12,5.20092378452e-13,1.94726640411e-13,5.12004887543e-14,4.1174501959e-14,8.44904014645e-15]},"melbands_crest":{"dmean":3.93002915382,"dmean2":6.26407241821,"dvar":12.3575439453,"dvar2":29.2407684326,"max":34.3356056213,"mean":15.4058494568,"median":14.124630928,"min":1.00171887875,"var":39.4074325562},"melbands_flatness_db":{"dmean":0.0351682826877,"dmean2":0.053377892822,"dvar":0.00162095623091,"dvar2":0.00362770748325,"max":0.646705031395,"mean":0.234479084611,"median":0.212097138166,"min":-1.46687000324e-7,"var":0.00881955586374},"melbands_kurtosis":{"dmean":9.83814811707,"dmean2":15.5618982315,"dvar":366.103240967,"dvar2":892.270874023,"max":375.515319824,"mean":15.6957445145,"median":5.05277585983,"min":-1.88248324394,"var":769.555358887},"melbands_skewness":{"dmean":0.891412734985,"dmean2":1.38520181179,"dvar":1.01037025452,"dvar2":2.32646226883,"max":13.5509815216,"mean":2.42363548279,"median":1.86709153652,"min":-1.64163410664,"var":4.07747840881},"melbands_spread":{"dmean":8.45227909088,"dmean2":13.1069202423,"dvar":104.221557617,"dvar2":234.969680786,"max":141.616027832,"mean":24.2859344482,"median":20.2918720245,"min":0.38107085228,"var":373.221221924},"mfcc":{"cov":[[14671.5117188,-761.539916992,-2389.18481445,-582.471008301,-1465.80859375,-378.643432617,-528.274230957,140.881912231,-511.691314697,-189.490066528,118.140586853,-40.7826843262,-549.490722656],[-761.539916992,1346.8145752,184.52003479,80.2451858521,45.1077232361,6.95493412018,7.48955917358,-54.0221214294,122.354621887,-20.4816246033,31.3745956421,88.9188842773,70.2912216187],[-2389.18481445,184.52003479,922.416809082,52.1475563049,275.340118408,90.9856567383,87.6494140625,11.5693387985,113.026191711,77.8487930298,-10.869225502,-20.9497261047,115.264411926],[-582.471008301,80.2451858521,52.1475563049,367.576446533,99.9486694336,16.5276641846,-13.0374259949,6.61915111542,33.3365974426,21.1870803833,9.27405357361,42.5631484985,56.0542526245],[-1465.80859375,45.1077232361,275.340118408,99.9486694336,380.639648438,91.9444580078,66.1156692505,-10.1633090973,35.4330863953,24.032951355,-22.4596881866,-12.2594642639,64.5239181519],[-378.643432617,6.95493412018,90.9856567383,16.5276641846,91.9444580078,186.090011597,73.515586853,11.5361557007,36.5145492554,9.50241661072,-15.4389009476,-7.20803260803,24.9758110046],[-528.274230957,7.48955917358,87.6494140625,-13.0374259949,66.1156692505,73.515586853,168.099945068,36.8622093201,28.0825042725,8.93475055695,-26.342004776,-22.6171703339,25.0107479095],[140.881912231,-54.0221214294,11.5693387985,6.61915111542,-10.1633090973,11.5361557007,36.8622093201,123.895233154,39.6401596069,2.28937888145,-6.97206687927,-11.6658840179,-2.76089668274],[-511.691314697,122.354621887,113.026191711,33.3365974426,35.4330863953,36.5145492554,28.0825042725,39.6401596069,154.13961792,34.1593780518,-10.1095676422,19.6644248962,29.619638443],[-189.490066528,-20.4816246033,77.8487930298,21.1870803833,24.032951355,9.50241661072,8.93475055695,2.28937888145,34.1593780518,128.084060669,59.8402786255,1.32412469387,-22.2355747223],[118.140586853,31.3745956421,-10.869225502,9.27405357361,-22.4596881866,-15.4389009476,-26.342004776,-6.97206687927,-10.1095676422,59.8402786255,149.733001709,61.9957542419,-44.2533760071],[-40.7826843262,88.9188842773,-20.9497261047,42.5631484985,-12.2594642639,-7.20803260803,-22.6171703339,-11.6658840179,19.6644248962,1.32412469387,61.9957542419,141.276626587,52.4309539795],[-549.490722656,70.2912216187,115.264411926,56.0542526245,64.5239181519,24.9758110046,25.0107479095,-2.76089668274,29.619638443,-22.2355747223,-44.2533760071,52.4309539795,175.951507568]],"icov":[[0.000195179280126,-0.0000217437627725,0.000312982010655,0.000142871489516,0.00040608656127,-0.000188453894225,0.000420167023549,-0.000465836346848,0.000413831265178,-0.000137952098157,0.0000751569823478,-0.00000269630004368,0.000111083885713],[-0.0000217437627725,0.000921317201573,-0.000183905896847,-0.000156788810273,0.0000250970770139,0.000182443764061,-0.000242483642069,0.000769349804614,-0.000990327796899,0.000707711675204,-0.000459554372355,-0.000174247819814,-0.0000616112884018],[0.000312982010655,-0.000183905896847,0.00219944841228,0.000457086222013,-0.000295349047519,-0.000313020311296,0.000558949366678,-0.000749464787077,-0.0000554442085559,-0.000899124192074,-0.000400884775445,0.000927185697947,-0.000955433875788],[0.000142871489516,-0.000156788810273,0.000457086222013,0.003361889394,-0.000678109063301,-0.000172701576957,0.00107614032459,-0.0009145225049,0.000164334778674,-0.000793649291154,0.000161623203894,-0.000617838464677,-0.000658973876853],[0.00040608656127,0.0000250970770139,-0.000295349047519,-0.000678109063301,0.00492441328242,-0.00156176066957,0.000136687798658,-0.000146492180647,0.00101991568226,-0.000346263259416,0.000236768362811,0.00046285384451,-0.000232038044487],[-0.000188453894225,0.000182443764061,-0.000313020311296,-0.000172701576957,-0.00156176066957,0.00736543443054,-0.00300622032955,0.000926442618947,-0.00166296074167,0.000424489553552,-0.000219225737965,0.000059204572608,-0.000171461026184],[0.000420167023549,-0.000242483642069,0.000558949366678,0.00107614032459,0.000136687798658,-0.00300622032955,0.00929468311369,-0.00340306782164,0.00115179037675,-0.00117853551637,0.000911606883164,0.000788684061263,-0.000646524655167],[-0.000465836346848,0.000769349804614,-0.000749464787077,-0.0009145225049,-0.000146492180647,0.000926442618947,-0.00340306782164,0.0114295966923,-0.00455578556284,0.0018621168565,-0.00138447852805,0.00124480831437,-0.000111436238512],[0.000413831265178,-0.000990327796899,-0.0000554442085559,0.000164334778674,0.00101991568226,-0.00166296074167,0.00115179037675,-0.00455578556284,0.0111637571827,-0.00413015391678,0.00361658632755,-0.0028488188982,0.00065606815042],[-0.000137952098157,0.000707711675204,-0.000899124192074,-0.000793649291154,-0.000346263259416,0.000424489553552,-0.00117853551637,0.0018621168565,-0.00413015391678,0.0127091947943,-0.00671876501292,0.00293339975178,0.000129203239339],[0.0000751569823478,-0.000459554372355,-0.000400884775445,0.000161623203894,0.000236768362811,-0.000219225737965,0.000911606883164,-0.00138447852805,0.00361658632755,-0.00671876501292,0.0148785533383,-0.00869139283895,0.00529652275145],[-0.00000269630004368,-0.000174247819814,0.000927185697947,-0.000617838464677,0.00046285384451,0.000059204572608,0.000788684061263,0.00124480831437,-0.0028488188982,0.00293339975178,-0.00869139283895,0.0142700551078,-0.00620804261416],[0.000111083885713,-0.0000616112884018,-0.000955433875788,-0.000658973876853,-0.000232038044487,-0.000171461026184,-0.000646524655167,-0.000111436238512,0.00065606815042,0.000129203239339,0.00529652275145,-0.00620804261416,0.0101782353595]],"mean":[-702.0078125,129.84034729,-12.6156616211,40.8223876953,1.19851303101,3.74711370468,-11.5002059937,-0.135441869497,-6.70076847076,-5.68119668961,-7.89097929001,-2.15253829956,-4.76697063446]},"pitch_salience":{"dmean":0.0896720811725,"dmean2":0.142129078507,"dvar":0.00695203291252,"dvar2":0.0168750751764,"max":0.996066212654,"mean":0.492588490248,"median":0.492620259523,"min":0.0659591555595,"var":0.0171880777925},"silence_rate_20dB":{"dmean":0,"dmean2":0,"dvar":0,"dvar2":0,"max":1,"mean":1,"median":1,"min":1,"var":0},"silence_rate_30dB":{"dmean":0,"dmean2":0,"dvar":0,"dvar2":0,"max":1,"mean":1,"median":1,"min":1,"var":0},"silence_rate_60dB":{"dmean":0.0330143533647,"dmean2":0.0660445094109,"dvar":0.031925059855,"dvar2":0.069820381701,"max":1,"mean":0.117914371192,"median":0,"min":0,"var":0.10400852561},"spectral_centroid":{"dmean":315.051025391,"dmean2":490.02734375,"dvar":142898.171875,"dvar2":305713.84375,"max":10996.1699219,"mean":1319.42980957,"median":1302.81848145,"min":150.885162354,"var":518765.71875},"spectral_complexity":{"dmean":3.663636446,"dmean2":5.94161272049,"dvar":19.0054264069,"dvar2":44.007850647,"max":55,"mean":14.1339387894,"median":13,"min":0,"var":81.3316650391},"spectral_contrast_coeffs":{"dmean":[0.0508721657097,0.0560501292348,0.0466322973371,0.0386033132672,0.0311698839068,0.0241115652025],"dmean2":[0.0834981277585,0.0861436128616,0.072854436934,0.0594405084848,0.0484105050564,0.0381274931133],"dvar":[0.00173856841866,0.00214117136784,0.00160158611834,0.00106218433939,0.000719577481505,0.000537835119758],"dvar2":[0.00439462857321,0.00486817583442,0.00354163045995,0.00238815508783,0.00172988523263,0.00123705493752],"max":[-0.337486177683,-0.374760895967,-0.460514783859,-0.521956086159,-0.565956056118,-0.577149569988],"mean":[-0.589270174503,-0.696849405766,-0.745285332203,-0.753868103027,-0.764724850655,-0.72535187006],"median":[-0.582136631012,-0.706541061401,-0.757128834724,-0.761690557003,-0.765315234661,-0.719917356968],"min":[-0.966128230095,-0.9941842556,-0.997506141663,-0.988514840603,-0.989203095436,-0.962610304356],"var":[0.00882430374622,0.00987759977579,0.00896879006177,0.00641234591603,0.00398101098835,0.00339140486903]},"spectral_contrast_valleys":{"dmean":[0.455569326878,0.449526548386,0.482618510723,0.4398663342,0.437051087618,0.361529380083],"dmean2":[0.733939647675,0.714728534222,0.765903353691,0.679563522339,0.665924608707,0.548777878284],"dvar":[0.224510729313,0.239939391613,0.289919704199,0.265341728926,0.302230983973,0.252002060413],"dvar2":[0.42989090085,0.510026574135,0.631134569645,0.55986392498,0.641114294529,0.542958498001],"max":[-5.27272558212,-5.24003314972,-5.76823568344,-6.14208269119,-5.39506959915,-8.7110004425],"mean":[-8.04706382751,-7.31175327301,-8.15746116638,-8.38973522186,-8.09758281708,-11.3731021881],"median":[-7.97806215286,-7.03972768784,-7.91354465485,-8.12944984436,-7.7551856041,-11.128194809],"min":[-27.6177978516,-27.5214977264,-27.4020252228,-27.5085716248,-27.3908882141,-27.3695907593],"var":[1.29029142857,1.75476551056,1.95236432552,1.8058078289,1.87946629524,1.78697502613]},"spectral_decrease":{"dmean":1.67162084175e-9,"dmean2":2.47213627347e-9,"dvar":5.22097253412e-18,"dvar2":1.02467900007e-17,"max":7.36160781373e-29,"mean":-5.01919661389e-9,"median":-4.36642588753e-9,"min":-2.27767902317e-8,"var":1.51212636072e-17},"spectral_energy":{"dmean":0.00682977307588,"dmean2":0.0100877536461,"dvar":0.0000819377673906,"dvar2":0.000162775613717,"max":0.0877323001623,"mean":0.0206009075046,"median":0.0181064046919,"min":1.05919120344e-20,"var":0.000248473137617},"spectral_energyband_high":{"dmean":0.000219500871026,"dmean2":0.000341192411724,"dvar":1.27670247707e-7,"dvar2":3.06465977928e-7,"max":0.00511819403619,"mean":0.000423421821324,"median":0.000223676557653,"min":7.68535526607e-21,"var":3.00508446571e-7},"spectral_energyband_low":{"dmean":0.00257748458534,"dmean2":0.00419532693923,"dvar":0.0000566234048165,"dvar2":0.00011683475168,"max":0.0768207162619,"mean":0.00387733685784,"median":0.00164383801166,"min":2.63990030013e-23,"var":0.000077194388723},"spectral_energyband_middle_high":{"dmean":0.00317083927803,"dmean2":0.00480611762032,"dvar":0.0000260916494881,"dvar2":0.0000568160539842,"max":0.0710144490004,"mean":0.00677025131881,"median":0.00346657237969,"min":1.50923818255e-21,"var":0.0000798981782282},"spectral_energyband_middle_low":{"dmean":0.00375648844056,"dmean2":0.00558443972841,"dvar":0.0000213971343328,"dvar2":0.0000432359847764,"max":0.0809260979295,"mean":0.0102532468736,"median":0.0074516851455,"min":1.87063280653e-22,"var":0.0000959662429523},"spectral_entropy":{"dmean":0.261934638023,"dmean2":0.394704729319,"dvar":0.0886207148433,"dvar2":0.19396276772,"max":9.80030059814,"mean":7.13764953613,"median":7.24166584015,"min":4.46697235107,"var":0.33719176054},"spectral_flux":{"dmean":0.0252477433532,"dmean2":0.0403126329184,"dvar":0.000755608140025,"dvar2":0.00179622659925,"max":0.255428671837,"mean":0.0740790963173,"median":0.0705047994852,"min":6.8526094521e-11,"var":0.00190918694716},"spectral_kurtosis":{"dmean":2.95479440689,"dmean2":4.98583984375,"dvar":21.3096485138,"dvar2":50.6029663086,"max":72.5222244263,"mean":5.94607877731,"median":3.8680036068,"min":-1.18860304356,"var":54.3971595764},"spectral_rms":{"dmean":0.00072874937905,"dmean2":0.00105577835348,"dvar":6.8141207521e-7,"dvar2":0.00000129611544253,"max":0.00925162062049,"mean":0.00406548799947,"median":0.00420294934884,"min":3.2145874504e-12,"var":0.00000357019757757},"spectral_rolloff":{"dmean":445.717559814,"dmean2":765.372741699,"dvar":488396.5625,"dvar2":1013112.6875,"max":19013.8183594,"mean":1394.49462891,"median":1291.9921875,"min":64.599609375,"var":1279306.25},"spectral_skewness":{"dmean":0.350845456123,"dmean2":0.571439683437,"dvar":0.199246242642,"dvar2":0.459096491337,"max":6.84773397446,"mean":1.51547670364,"median":1.30693614483,"min":-0.00109809020068,"var":0.65013730526},"spectral_spread":{"dmean":406185.15625,"dmean2":632844,"dvar":493165707264,"dvar2":657176199168,"max":40872076,"mean":3486009.75,"median":3403869.25,"min":1017957.9375,"var":1860814110720},"spectral_strongpeak":{"dmean":1.01502299309,"dmean2":1.64497745037,"dvar":3.05802583694,"dvar2":7.48497438431,"max":19.5537281036,"mean":1.78894865513,"median":0.727456867695,"min":0,"var":5.45126008987},"zerocrossingrate":{"dmean":0.00837063603103,"dmean2":0.0101147480309,"dvar":0.000161481191753,"dvar2":0.000301677937387,"max":0.5087890625,"mean":0.0517444983125,"median":0.0517578125,"min":0.0029296875,"var":0.000822748814244}},"metadata":{"audio_properties":{"analysis_sample_rate":44100,"bit_rate":192052,"codec":"mp3","downmix":"mix","equal_loudness":0,"length":97.0448989868,"lossless":false,"md5_encoded":"e64a760d4b594b8669e8fa3144d5e070","replay_gain":-9.3505153656,"sample_rate":44100},"tags":{"album":["A Beard Of Stars / The Slider"],"albumartist":["T.Rex"],"artist":["T.Rex"],"asin":["B000023ZEN"],"bpm":["132"],"composer":["4Fair Late Sixties Medium"],"contentgroup":["Medium"],"date":["1970"],"discnumber":["1/1"],"file_name":"C:\\Users\\KMC\\Music\\iTunes\\iTunes Media\\Music\\T.Rex\\A Beard Of Stars _ The Slider\\09 A Beard of Stars.mp3","genre":["Hard Rock"],"initialkey":["C"],"language":["eng"],"musicbrainz_recordingid":["932d5c4a-afa8-4740-8ffe-dd7bf760fd02"],"musicip_puid":["878486eb-78c1-1267-cabc-bb6c60c95cfc"],"title":["A Beard of Stars"],"tracknumber":["9/27"]},"version":{"essentia":"2.1-beta2","essentia_build_sha":"2d9f1f26377add8aeb1075a9c2973f962c4f09fd","essentia_git_sha":"v2.1_beta2-1-ge3940c0","extractor":"music 1.0"}},"rhythm":{"beats_count":212,"beats_loudness":{"dmean":0.0276558697224,"dmean2":0.0526293329895,"dvar":0.000432347296737,"dvar2":0.00157649407629,"max":0.0811135694385,"mean":0.0317904576659,"median":0.0284071415663,"min":0.00000327347584061,"var":0.000417762581492},"beats_loudness_band_ratio":{"dmean":[0.346970677376,0.156157970428,0.179862096906,0.126028805971,0.109464533627,0.0409492664039],"dmean2":[0.675632059574,0.291157215834,0.338431328535,0.232507795095,0.203769862652,0.0770720168948],"dvar":[0.0951216965914,0.0312579199672,0.0502053722739,0.0194309968501,0.0150632346049,0.00523520587012],"dvar2":[0.352965533733,0.096377581358,0.159203216434,0.052369043231,0.0418914034963,0.0149734159932],"max":[0.991057217121,0.988195240498,0.945818841457,0.840509533882,0.710219323635,0.579637646675],"mean":[0.399911880493,0.178616508842,0.1