{"lowlevel":{"average_loudness":0.861315011978,"barkbands":{"dmean":[0.0000974306749413,0.00260281888768,0.00182648468763,0.00302863912657,0.00104623055086,0.000420887663495,0.000594569544774,0.000506357871927,0.000417046598159,0.000399472046411,0.000168251252035,0.000347435066942,0.000268502364634,0.000380433601094,0.000343945081113,0.000221829250222,0.000314359116601,0.0002268186945,0.000227285927394,0.00019221988623,0.000180079776328,0.000120468597743,0.0000812618309283,0.000105326915218,0.0000647235938231,0.0000654242248856,0.0000198611214728],"dmean2":[0.00012680022337,0.00412901584059,0.00330507382751,0.00517299026251,0.0017244995106,0.000646221102215,0.000846835551783,0.000739020761102,0.000621642684564,0.000593878387008,0.000253579433775,0.000504784984514,0.00040095843724,0.000575400597882,0.000532238860615,0.000344671454513,0.000497168162838,0.000358704273822,0.000356429372914,0.000297419232083,0.000285534071736,0.000182827963727,0.000118290787213,0.000158067283337,0.0000941081525525,0.0000943988125073,0.0000285150963464],"dvar":[9.71666551663e-8,0.0000683002654114,0.0000350777991116,0.000130304950289,0.00000849868138175,9.0324562052e-7,0.00000185525334473,0.00000205203627957,6.83070254581e-7,5.8308376083e-7,1.39063757842e-7,5.48310310933e-7,2.90887584242e-7,5.67946585761e-7,6.38595452074e-7,2.42302263587e-7,8.38874939291e-7,3.02938929053e-7,3.22150157217e-7,3.54118895984e-7,4.55479010952e-7,1.49604218791e-7,7.02314366663e-8,4.01665772642e-7,8.88916886765e-8,6.13852577658e-8,3.39805139582e-9],"dvar2":[1.6602878361e-7,0.000158898939844,0.0000986779559753,0.000326559966197,0.0000232785423577,0.00000208714368455,0.00000372473687094,0.00000433319110016,0.00000154171573286,0.00000129782517888,3.28312268039e-7,0.00000106785932985,6.61902674892e-7,0.00000123088511828,0.00000141983957747,5.49739297639e-7,0.00000217699698624,7.10784718194e-7,7.76249066803e-7,8.28210261261e-7,0.0000011745116808,3.56766832965e-7,1.50527625919e-7,9.10289088552e-7,2.20852967914e-7,1.30028411149e-7,7.23832460636e-9],"max":[0.00402494240552,0.0915111973882,0.0884767472744,0.13329693675,0.0665793046355,0.031079839915,0.0444954037666,0.0396166816354,0.0302310418338,0.0180720239878,0.0103208357468,0.0372521094978,0.0166460182518,0.0209293346852,0.0234529990703,0.0205959789455,0.0472427010536,0.024131571874,0.0161102898419,0.017692130059,0.0135000990704,0.00742724910378,0.00868359766901,0.0270049124956,0.0150488056242,0.00358892325312,0.00102326925844],"mean":[0.000111520734208,0.00348851177841,0.00177310348954,0.00313197541982,0.00178309716284,0.000972832669504,0.00144567480311,0.00110913056415,0.000909165013582,0.00088106590556,0.000301338848658,0.000661664467771,0.000543678703252,0.000801208952907,0.000637334771454,0.000430782500189,0.000585343281273,0.0003911620297,0.000414651527535,0.000284761859803,0.000247473508352,0.000198832698516,0.000129178908537,0.000151837884914,0.0000758604801376,0.0000670086883474,0.0000199580517801],"median":[0.0000029736390843,0.00124866189435,0.000584369932767,0.000992108951323,0.0010021852795,0.000372639071429,0.000457139627542,0.000296755082672,0.000476245913887,0.000402695499361,0.000157094240421,0.000319929065881,0.000232793856412,0.000323729298543,0.000268387753749,0.00022305425955,0.000262283137999,0.000143145676702,0.000144968362292,0.0000878571299836,0.0000625782267889,0.0000458069407614,0.000023325535949,0.0000269894298981,0.0000111542085506,0.00000559800037081,0.00000111492249744],"min":[7.4825034582e-24,5.33962907349e-24,5.62746864058e-24,3.01442290116e-24,5.97078327312e-24,1.07694691246e-23,1.91227377604e-23,9.36289699848e-24,2.38917600753e-23,2.68430117841e-23,2.75807103264e-23,5.00225629906e-23,7.17919779974e-23,5.62220346736e-23,7.59084245948e-23,5.20955159001e-23,1.21025929363e-22,1.2424429253e-22,9.84651070078e-23,1.86599632389e-22,3.33943804329e-22,2.5775410349e-22,5.28617585855e-22,7.44848424187e-22,1.01907884063e-21,1.38640176061e-21,2.11402322968e-21],"var":[1.52021257804e-7,0.0000768596000853,0.0000232444490393,0.000104629070847,0.00000867927428772,0.00000365822097592,0.00000718430237612,0.00000728479290046,0.00000183743145499,0.00000217145770876,2.63064691808e-7,0.00000145257774875,9.56389385465e-7,0.00000189408081042,0.00000163064453318,6.56982763303e-7,0.00000141463237924,6.80915491102e-7,8.14507927771e-7,4.57178998658e-7,4.38837560068e-7,2.11345536627e-7,1.24794780731e-7,4.05191457276e-7,7.97498387328e-8,6.88137902216e-8,3.96968768968e-9]},"barkbands_crest":{"dmean":2.49188780785,"dmean2":3.92088913918,"dvar":8.08242511749,"dvar2":19.1889228821,"max":25.5965175629,"mean":8.40078639984,"median":7.20749044418,"min":2.28713989258,"var":18.1648521423},"barkbands_flatness_db":{"dmean":0.0191700551659,"dmean2":0.0281992834061,"dvar":0.000402709236369,"dvar2":0.000952626520302,"max":0.282338500023,"mean":0.105738788843,"median":0.100371971726,"min":0.0195948220789,"var":0.00185634230729},"barkbands_kurtosis":{"dmean":1.81909048557,"dmean2":2.92738032341,"dvar":14.7055950165,"dvar2":35.9283065796,"max":79.5674209595,"mean":1.39581012726,"median":-0.000308990478516,"min":-1.80034530163,"var":19.5871429443},"barkbands_skewness":{"dmean":0.488617151976,"dmean2":0.741742908955,"dvar":0.380996823311,"dvar2":0.852150797844,"max":8.36126327515,"mean":0.975178956985,"median":0.856344282627,"min":-2.41954684258,"var":1.01487851143},"barkbands_spread":{"dmean":5.96545505524,"dmean2":9.13142108917,"dvar":53.6926994324,"dvar2":131.232147217,"max":113.732719421,"mean":27.9112148285,"median":26.2061729431,"min":2.99623060226,"var":182.708511353},"dissonance":{"dmean":0.0128111084923,"dmean2":0.0212340466678,"dvar":0.000177954527317,"dvar2":0.000467046833364,"max":0.500000119209,"mean":0.473401814699,"median":0.478559494019,"min":0.285352349281,"var":0.000443457684014},"dynamic_complexity":5.82384967804,"erbbands":{"dmean":[0.0737589895725,0.650266110897,1.97420883179,6.81973791122,6.19396305084,3.1120672226,2.67258691788,3.75767683983,7.95666599274,7.56463766098,11.996468544,9.81387519836,9.93174266815,11.8368759155,8.82740783691,12.549779892,11.5309457779,19.5223827362,18.6996479034,13.4982414246,12.7240810394,14.5473566055,12.8533744812,9.90110778809,11.2547340393,8.92118453979,7.55624961853,6.99548912048,4.74467372894,3.0038189888,2.28300595284,2.16086149216,1.7631893158,0.809003889561,0.446261256933,0.300388306379,0.110692612827,0.0273689366877,0.00321047683246,0.000174531582161],"dmean2":[0.110818684101,1.07389712334,3.57195496559,11.722527504,10.2089443207,5.00995540619,4.19233608246,5.72784805298,11.3433246613,11.1066217422,17.5710792542,14.2651910782,14.9684762955,17.7275066376,13.0655040741,18.2257823944,17.3260154724,29.095243454,28.6889724731,20.9608154297,19.9766273499,22.5292568207,20.135974884,15.5306787491,17.5169715881,13.8903074265,11.5996494293,11.3820552826,7.32324790955,4.43664550781,3.31127786636,3.18488073349,2.7057955265,1.20214223862,0.641117811203,0.432836681604,0.159860521555,0.0395260229707,0.00460877083242,0.000249958829954],"dvar":[0.0551322363317,4.58832788467,43.3091392517,556.614929199,445.349609375,57.9270057678,33.2228279114,91.3033981323,319.193847656,344.357421875,1282.45056152,387.709960938,365.718444824,613.658325195,353.258575439,595.083679199,531.092956543,1663.84875488,1930.42724609,904.39831543,612.730224609,1361.00952148,961.772033691,671.655517578,916.73425293,701.450195312,757.765197754,998.545898438,271.596130371,81.756729126,63.4083328247,126.685676575,127.893692017,19.7174167633,3.10291409492,1.32496488094,0.170644670725,0.00867623649538,0.0000870953808771,2.41781037857e-7],"dvar2":[0.1161262393,11.7348747253,121.810646057,1394.11499023,1126.39685059,152.006866455,85.7118988037,203.799331665,625.11151123,735.282043457,2759.29443359,826.644287109,785.690368652,1442.28198242,735.22442627,1304.76794434,1203.9296875,3603.97387695,4249.72900391,2090.84008789,1481.90209961,3443.00830078,2348.38745117,1656.65136719,2173.67260742,1685.54101562,1739.84411621,2747.97143555,675.922973633,178.160247803,138.840454102,269.947174072,309.54385376,48.8979377747,7.39843511581,2.84438371658,0.357070505619,0.0190848689526,0.00018365131109,5.12122994678e-7],"max":[2.66257381439,25.2579193115,85.0877990723,267.644317627,313.501434326,174.928985596,161.362197876,320.907714844,573.509399414,558.489807129,1174.52807617,588.696472168,628.620910645,645.009155273,843.735046387,778.181884766,881.762084961,1252.80029297,1471.57751465,1267.64233398,771.586242676,1923.22216797,1212.89758301,1183.1685791,743.092895508,657.930725098,894.313781738,728.891540527,309.266540527,217.055130005,249.703384399,463.286895752,438.705718994,220.988021851,73.8018569946,17.4590148926,6.42582416534,1.44732177258,0.15686249733,0.00740220118314],"mean":[0.0951267331839,0.798577845097,2.00797367096,7.00093698502,7.63646030426,5.89446640015,5.70003414154,8.71655082703,19.6825523376,18.8966083527,26.6878700256,22.6648674011,22.0548248291,26.1602554321,18.5660839081,25.3499889374,26.0209312439,44.8164558411,36.0904083252,27.3981151581,25.6290225983,29.6701908112,24.8957748413,18.5203495026,20.5797462463,13.3346710205,10.8318996429,9.63075351715,7.50272417068,4.97988891602,3.56916880608,3.13281989098,2.43898415565,0.993514060974,0.501062095165,0.311145275831,0.11307939887,0.0270703863353,0.00325973588042,0.000192557970877],"median":[0.0243126265705,0.306872427464,0.823750197887,2.37628173828,3.27851510048,3.28749871254,3.18792533875,3.04015183449,5.95222854614,7.49427652359,8.29514217377,12.3133926392,12.5117588043,12.0400800705,10.6432991028,13.0754966736,12.6878585815,17.1778564453,15.1592025757,14.0469522476,14.1992511749,14.8265104294,9.16743183136,6.86750411987,7.58268594742,4.11204385757,2.9427421093,2.15891957283,1.67712104321,1.0202473402,0.623041212559,0.554457306862,0.411621689796,0.156891420484,0.0640212893486,0.0305987317115,0.00829038210213,0.00172700523399,0.000191527433344,0.0000354468793375],"min":[1.85209899287e-22,1.30783192127e-21,4.52499500964e-21,1.47639105449e-20,1.22962603332e-20,1.70195933013e-20,4.29201013893e-20,1.39849254815e-19,2.94118800948e-19,1.16646282871e-19,1.97557910916e-19,5.04606643437e-19,6.89687116424e-19,1.12119482685e-18,1.39055430261e-18,2.07739090294e-18,3.13181891607e-18,3.14826719576e-18,2.34676847328e-18,4.62563699879e-18,3.0162619913e-18,7.23921257864e-18,8.28058582055e-18,7.83849417909e-18,7.36758687381e-18,1.0500286944e-17,1.00423390774e-17,9.00851882167e-18,9.5201060423e-18,1.52950823781e-17,1.48752253515e-17,1.35445680242e-17,1.16441917044e-17,9.5397234577e-18,7.43403760114e-18,4.71473758565e-18,2.54576103849e-18,1.15698889651e-18,2.59646953649e-19,3.21208869074e-20],"var":[0.0695898756385,4.26431131363,28.972574234,447.533416748,384.548492432,81.7904129028,62.6064071655,367.973510742,1336.01721191,1475.32104492,4111.91650391,1171.74682617,1185.90209961,1923.79882812,961.497436523,1403.3638916,1931.50793457,6099.22167969,4951.70068359,2886.73510742,1454.64343262,3012.9621582,2982.67480469,1255.66137695,2197.76586914,880.270446777,953.441955566,793.946166992,328.500488281,150.630447388,102.765914917,143.637496948,116.174766541,17.5832672119,3.02238035202,1.46590077877,0.194179147482,0.00943833310157,0.000103177553683,2.8654091011e-7]},"erbbands_crest":{"dmean":2.12088632584,"dmean2":3.30950403214,"dvar":3.90766429901,"dvar2":9.28740787506,"max":29.5510902405,"mean":8.12789440155,"median":7.25015974045,"min":2.09757876396,"var":14.137887001},"erbbands_flatness_db":{"dmean":0.0168313235044,"dmean2":0.0216912422329,"dvar":0.000273934099823,"dvar2":0.000469923688797,"max":0.306899368763,"mean":0.147237330675,"median":0.14333075285,"min":0.0325724594295,"var":0.0023939833045},"erbbands_kurtosis":{"dmean":0.620910942554,"dmean2":0.938949227333,"dvar":0.691741108894,"dvar2":1.44574737549,"max":20.3998508453,"mean":0.208088263869,"median":-0.172002315521,"min":-1.69469571114,"var":2.23675107956},"erbbands_skewness":{"dmean":0.271441191435,"dmean2":0.409778773785,"dvar":0.0685008391738,"dvar2":0.150105491281,"max":3.26721525192,"mean":-0.0136093245819,"median":0.00366660673171,"min":-2.78531932831,"var":0.387861937284},"erbbands_spread":{"dmean":7.38927650452,"dmean2":10.7561273575,"dvar":88.8614807129,"dvar2":175.520294189,"max":142.67086792,"mean":35.12890625,"median":31.5998573303,"min":3.20335412025,"var":272.114013672},"gfcc":{"cov":[[24127.8789062,1030.96411133,-791.428894043,400.183441162,-627.899841309,218.970947266,-294.541503906,171.715530396,-331.738006592,-55.7084884644,-249.096710205,-169.910705566,-250.603408813],[1030.96411133,1721.74108887,-655.78326416,-170.791213989,166.589431763,-259.88482666,-48.1833572388,-121.031600952,31.5556240082,-66.0972824097,72.4264068604,-13.993678093,95.2152633667],[-791.428894043,-655.78326416,956.065917969,36.0739746094,39.4404754639,158.376739502,65.4766921997,128.972686768,4.56582355499,71.4192581177,-86.4764938354,51.0951423645,-60.1024932861],[400.183441162,-170.791213989,36.0739746094,324.146118164,-13.8709793091,108.876029968,53.975353241,14.2065811157,29.039642334,-28.9797019958,-7.46721792221,-14.4162626266,-12.6732816696],[-627.899841309,166.589431763,39.4404754639,-13.8709793091,267.468719482,-29.7185077667,36.832824707,-9.08406925201,25.6750049591,6.96718263626,12.4604501724,36.7984809875,19.4479522705],[218.970947266,-259.88482666,158.376739502,108.876029968,-29.7185077667,232.097366333,73.4866867065,64.9514923096,27.4238739014,22.4987831116,-6.05456590652,-5.4654211998,-22.441860199],[-294.541503906,-48.1833572388,65.4766921997,53.975353241,36.832824707,73.4866867065,156.666656494,29.7839164734,37.6934509277,3.41204929352,7.64892721176,7.17043209076,-4.25888442993],[171.715530396,-121.031600952,128.972686768,14.2065811157,-9.08406925201,64.9514923096,29.7839164734,137.888671875,29.4472064972,37.1836624146,11.6847438812,5.01421165466,-16.8358745575],[-331.738006592,31.5556240082,4.56582355499,29.039642334,25.6750049591,27.4238739014,37.6934509277,29.4472064972,99.1735534668,26.2788391113,13.3732061386,10.9334392548,4.57121992111],[-55.7084884644,-66.0972824097,71.4192581177,-28.9797019958,6.96718263626,22.4987831116,3.41204929352,37.1836624146,26.2788391113,103.49810791,27.4969558716,6.02743005753,5.5647559166],[-249.096710205,72.4264068604,-86.4764938354,-7.46721792221,12.4604501724,-6.05456590652,7.64892721176,11.6847438812,13.3732061386,27.4969558716,91.1645126343,19.5905647278,19.2720565796],[-169.910705566,-13.993678093,51.0951423645,-14.4162626266,36.7984809875,-5.4654211998,7.17043209076,5.01421165466,10.9334392548,6.02743005753,19.5905647278,80.5843200684,19.9506530762],[-250.603408813,95.2152633667,-60.1024932861,-12.6732816696,19.4479522705,-22.441860199,-4.25888442993,-16.8358745575,4.57121992111,5.5647559166,19.2720565796,19.9506530762,81.7833862305]],"icov":[[0.0000687353531248,-0.000109519329271,0.000102337209682,-0.000157770991791,0.00013876229059,-0.000124251047964,0.000090813220595,-0.000218113418669,0.000362695485819,-0.00024500436848,0.000367256434401,-0.000214000334381,0.000243681832217],[-0.000109519329271,0.00119916931726,0.000343623425579,0.000635411648545,-0.000824349932373,0.000712559616659,-0.00017318756727,0.000373431103071,-0.00116112385876,0.000940119673032,-0.000839942775201,0.000809197314084,-0.000919839716516],[0.000102337209682,0.000343623425579,0.00223599770106,-0.000137504801387,-0.000415992719354,-0.000609211274423,-0.000196798253455,-0.00146772619337,0.00116113317199,-0.00160754926037,0.00284792832099,-0.0018835964147,0.00098767504096],[-0.000157770991791,0.000635411648545,-0.000137504801387,0.00456652836874,-0.00048637506552,-0.00139411550481,-0.000559079577215,0.00089363422012,-0.00223210873082,0.002622729633,-0.00139003340155,0.0014481600374,-0.000808087410405],[0.00013876229059,-0.000824349932373,-0.000415992719354,-0.00048637506552,0.00504790898412,0.00045102313743,-0.00102409697138,0.000140884512803,0.000159539253218,-0.000857518636622,0.000618381774984,-0.00204973341897,0.000306641304633],[-0.000124251047964,0.000712559616659,-0.000609211274423,-0.00139411550481,0.00045102313743,0.00761654414237,-0.00248909462243,-0.00122509687208,-0.00103351846337,-0.000343619147316,-0.000691000430379,0.00100901769474,-0.000275273341686],[0.000090813220595,-0.00017318756727,-0.000196798253455,-0.000559079577215,-0.00102409697138,-0.00248909462243,0.00876966491342,-0.000609685026575,-0.00188282667659,0.00109113613144,-0.00065023789648,-0.00000619422644377,0.00032605350134],[-0.000218113418669,0.000373431103071,-0.00146772619337,0.00089363422012,0.000140884512803,-0.00122509687208,-0.000609685026575,0.011054857634,-0.00330682774074,-0.000676758296322,-0.00334529788233,0.00108178600203,0.000586352311075],[0.000362695485819,-0.00116112385876,0.00116113317199,-0.00223210873082,0.000159539253218,-0.00103351846337,-0.00188282667659,-0.00330682774074,0.0154416617006,-0.00511315045878,0.00297308037989,-0.00312848156318,0.00141769030597],[-0.00024500436848,0.000940119673032,-0.00160754926037,0.002622729633,-0.000857518636622,-0.000343619147316,0.00109113613144,-0.000676758296322,-0.00511315045878,0.0153320142999,-0.00666626030579,0.00325307250023,-0.00257322471589],[0.000367256434401,-0.000839942775201,0.00284792832099,-0.00139003340155,0.000618381774984,-0.000691000430379,-0.00065023789648,-0.00334529788233,0.00297308037989,-0.00666626030579,0.0183614380658,-0.00593969319016,0.000331144256052],[-0.000214000334381,0.000809197314084,-0.0018835964147,0.0014481600374,-0.00204973341897,0.00100901769474,-0.00000619422644377,0.00108178600203,-0.00312848156318,0.00325307250023,-0.00593969319016,0.0172607414424,-0.00462849251926],[0.000243681832217,-0.000919839716516,0.00098767504096,-0.000808087410405,0.000306641304633,-0.000275273341686,0.00032605350134,0.000586352311075,0.00141769030597,-0.00257322471589,0.000331144256052,-0.00462849251926,0.0157817937434]],"mean":[-27.6091766357,82.308013916,-123.440536499,24.2577419281,-46.4601135254,10.0541448593,-32.0363998413,5.78869533539,-19.9820251465,-0.14814671874,-17.2788734436,-4.49624061584,-13.4082870483]},"hfc":{"dmean":8.07343101501,"dmean2":11.3985204697,"dvar":325.071533203,"dvar2":696.568603516,"max":460.912994385,"mean":21.2225513458,"median":14.3249759674,"min":1.11351189474e-16,"var":626.526062012},"melbands":{"dmean":[0.000676067487802,0.000961635203566,0.00116508733481,0.000303878478007,0.0000963489364949,0.0000838613632368,0.000124784506625,0.0000846627299325,0.0000952252157731,0.0000595490273554,0.0000510107311129,0.0000519521236129,0.0000272903835139,0.0000428895036748,0.0000243896884058,0.0000296132475341,0.0000381212776119,0.0000305336252495,0.000020243367544,0.0000168916121766,0.0000166754671227,0.0000167838425114,0.000018536555217,0.0000104865694084,0.00000843910584081,0.00000902123883861,0.00000732518083169,0.00000592257401877,0.00000534025957677,0.00000394149446947,0.00000437155904365,0.00000292044455819,0.0000020668023808,0.00000164629977917,0.00000138499240165,0.00000125673489038,0.00000139277187827,0.00000135794289235,9.69788288785e-7,6.15090527845e-7],"dmean2":[0.00103838799987,0.00168414006475,0.00198342371732,0.000493884610478,0.000152017208165,0.000127954481286,0.0001779958111,0.000124049882288,0.000139306401252,0.0000879514627741,0.0000770859624026,0.0000778565809014,0.0000409743079217,0.0000622428415227,0.0000361299789802,0.0000442193486379,0.0000572450881009,0.0000469891965622,0.0000313384953188,0.0000262454032054,0.0000265169255727,0.0000263295496552,0.0000293224493362,0.0000167436664924,0.0000134415713546,0.000014211411326,0.0000115334951261,0.00000933394585445,0.00000830273620522,0.00000613758356849,0.00000732218450139,0.00000455962754131,0.00000311473468173,0.00000246725244324,0.00000206666572922,0.00000185249086826,0.00000208297751669,0.00000212452937376,0.00000145719184275,9.25543815811e-7],"dvar":[0.00000446384046882,0.00000997317965812,0.0000162558662851,7.96361803168e-7,4.60357192367e-8,4.29706368266e-8,7.88490481796e-8,4.02076665296e-8,7.53869784376e-8,1.34575017796e-8,9.6200940547e-9,1.19124141662e-8,3.27620597318e-9,8.99512286878e-9,2.66981192709e-9,2.98393620923e-9,7.14763714882e-9,5.15880538288e-9,2.19716400629e-9,1.6356742627e-9,1.09113029723e-9,1.63112301443e-9,3.30207194921e-9,5.90183069082e-10,5.84363779588e-10,5.23432075461e-10,4.7920367674e-10,3.33850475043e-10,4.88451390446e-10,1.63513425022e-10,5.06823694124e-10,1.09827168193e-10,3.79798692496e-11,2.45615246891e-11,2.15399347664e-11,2.8812232114e-11,6.19663625967e-11,8.75754399554e-11,2.96370115949e-11,1.1607641931e-11],"dvar2":[0.00000969919256022,0.0000274152534985,0.0000404781130783,0.00000207038897315,1.21261351183e-7,9.66571889194e-8,1.54997351842e-7,8.52926120842e-8,1.6013105153e-7,2.96028925817e-8,2.03928642861e-8,2.79485590227e-8,7.61692220408e-9,1.69387561755e-8,6.07573458211e-9,6.78664013876e-9,1.55785357947e-8,1.11669811176e-8,4.65373783953e-9,3.70422803542e-9,2.75258904558e-9,4.06236111417e-9,8.60256132995e-9,1.5086772942e-9,1.46195555661e-9,1.25425680952e-9,1.15550480295e-9,8.17282130861e-10,1.12130615904e-9,3.89317633687e-10,1.43827361132e-9,2.81379114453e-10,8.44122272081e-11,5.43380514195e-11,4.88057823322e-11,6.33683799878e-11,1.34328229096e-10,2.18042348066e-10,7.04193092727e-11,3.00103865369e-11],"max":[0.0214135311544,0.034467369318,0.0463877022266,0.0179065968841,0.00602462841198,0.00693306652829,0.009487291798,0.00511371064931,0.010238240473,0.00318074412644,0.00314871803857,0.00288308388554,0.00151381420437,0.00503065483645,0.00182800856419,0.0012208330445,0.0026641075965,0.00255564111285,0.00164931709878,0.00161955249496,0.000898172496818,0.00138560659252,0.00333299371414,0.000613230164163,0.00117341952864,0.000746811623685,0.00065399473533,0.000400642864406,0.000921295722947,0.000284188980004,0.000547571689822,0.000224332034122,0.000158315669978,0.000141514887218,0.000136120783282,0.000187741490663,0.000330962357111,0.000389752851333,0.000182830990525,0.000181013063411],"mean":[0.000921792176086,0.00106137804687,0.00124931731261,0.000478040718008,0.000208677811315,0.000193327199668,0.00030869548209,0.000206777709536,0.000210433237953,0.000133258814458,0.000110013839731,0.000111819492304,0.0000532308913535,0.0000800155612524,0.000050337977882,0.0000641775404802,0.0000833356025396,0.0000557078419661,0.0000380007404601,0.000033181222534,0.0000299690309475,0.0000307650516334,0.0000307622431137,0.0000172618874785,0.0000143102988659,0.000016155636331,0.0000118779953482,0.00000804995943327,0.00000722296863387,0.00000550801041754,0.00000561490605833,0.000004426772648,0.00000325489054376,0.00000259664648183,0.00000212055783777,0.00000177064225682,0.00000196654764295,0.00000186097713595,0.00000121277344078,7.12427322469e-7],"median":[0.00030599636375,0.000507001008373,0.00046836794354,0.000252132827882,0.000120579112263,0.0000626660257694,0.000092888243671,0.0000823604859761,0.000069493718911,0.000070150650572,0.0000592117648921,0.0000482286377519,0.0000309523347823,0.0000367591856048,0.0000245804531005,0.000028582975574,0.0000300352767226,0.0000221517420869,0.0000182498042705,0.0000163978947967,0.0000159666633408,0.0000145595686263,0.00000996483504423,0.00000580554979024,0.00000494480491398,0.00000559603495276,0.00000403387912229,0.00000211767678593,0.00000180412746431,0.00000140927306802,0.00000109701841211,9.6618691714e-7,6.85189888827e-7,4.9554000725e-7,3.62970695278e-7,2.7768234645e-7,3.35856839229e-7,2.93977365118e-7,1.83363255246e-7,9.77457403906e-8],"min":[2.54056263565e-24,3.27864752263e-24,2.68755463799e-24,1.11705090484e-24,1.59493810805e-24,2.60345792398e-24,4.24614716313e-24,1.26136018846e-24,1.39249943926e-24,3.08954158922e-24,3.43456903599e-24,3.85598326473e-24,4.17060939272e-24,4.16218396382e-24,5.51813173026e-24,7.2327745503e-24,5.63839515298e-24,2.96581940585e-24,5.24442381742e-24,4.96006509906e-24,2.90362344272e-24,7.06738276177e-24,8.44401367228e-24,6.41395862435e-24,5.23633838757e-24,4.09948845452e-24,7.44087053507e-24,6.33999620917e-24,3.95924042405e-24,6.65541593124e-24,4.27274715842e-24,5.27697971255e-24,5.29581100564e-24,7.90083008535e-24,8.39396754759e-24,8.97751162501e-24,7.51195873554e-24,7.07659429056e-24,8.49082704498e-24,5.41457164834e-24],"var":[0.00000553497056899,0.00000738716198612,0.0000133386465677,7.92616503986e-7,8.05670836712e-8,1.80222812673e-7,3.24412383179e-7,1.72358952e-7,2.32063158023e-7,3.93646999441e-8,3.2045139875e-8,3.78604561035e-8,6.94353197161e-9,2.41487789765e-8,7.95076005033e-9,9.76160841049e-9,2.49860914181e-8,1.29267148097e-8,5.49873035993e-9,4.9072368391e-9,2.06751837872e-9,3.10853698338e-9,7.05938463241e-9,1.22938770275e-9,9.03559949084e-10,1.64181357398e-9,6.64029331521e-10,4.00005750745e-10,6.1226529402e-10,1.93716528929e-10,3.54856616314e-10,1.22385643286e-10,6.16935946773e-11,4.57462331904e-11,3.55577026157e-11,3.66664441864e-11,6.67193245096e-11,7.51136097765e-11,2.82283692948e-11,9.51101176982e-12]},"melbands_crest":{"dmean":3.34124398232,"dmean2":5.07295417786,"dvar":13.9274654388,"dvar2":28.3872852325,"max":38.9658889771,"mean":12.6160383224,"median":11.0569581985,"min":1.71450984478,"var":36.3595428467},"melbands_flatness_db":{"dmean":0.0255167167634,"dmean2":0.0375403240323,"dvar":0.00083856045967,"dvar2":0.00178767251782,"max":0.373939305544,"mean":0.16408534348,"median":0.158294335008,"min":0.0039127310738,"var":0.00344137218781},"melbands_kurtosis":{"dmean":5.51602506638,"dmean2":8.83707141876,"dvar":168.589920044,"dvar2":395.523040771,"max":226.571960449,"mean":7.08460140228,"median":3.00719261169,"min":-1.77129209042,"var":199.935165405},"melbands_skewness":{"dmean":0.679351806641,"dmean2":1.03414702415,"dvar":0.985892057419,"dvar2":2.10977268219,"max":12.2573108673,"mean":1.97651362419,"median":1.64362931252,"min":-1.42330050468,"var":2.10040545464},"melbands_spread":{"dmean":8.80258655548,"dmean2":13.3065366745,"dvar":152.456222534,"dvar2":297.893035889,"max":215.256286621,"mean":33.7457542419,"median":29.757692337,"min":1.54084587097,"var":448.941650391},"mfcc":{"cov":[[16163.4804688,1053.28686523,-87.0230102539,335.274505615,-142.896789551,72.3051300049,34.8271560669,97.9070129395,-5.54304695129,38.0919647217,-13.4787340164,9.63271331787,-191.040100098],[1053.28686523,1783.81896973,-550.39855957,51.1185379028,55.149307251,-100.295188904,-83.1000595093,-110.194564819,-23.8270435333,-85.6009063721,-118.977127075,32.9229049683,91.3801040649],[-87.0230102539,-550.39855957,681.684997559,-11.8970947266,6.81957578659,63.9179573059,56.8253326416,95.6543807983,68.4744110107,63.6595993042,89.0384140015,-12.3605394363,-34.8918113708],[335.274505615,51.1185379028,-11.8970947266,211.794204712,45.3549232483,41.6703910828,-0.131004735827,40.0720596313,1.41395998001,11.5881719589,-11.1688537598,-12.5891418457,2.98894047737],[-142.896789551,55.149307251,6.81957578659,45.3549232483,158.321228027,18.2809524536,6.38227653503,15.0307483673,13.0013256073,3.81411290169,2.29641461372,2.40480160713,13.6850814819],[72.3051300049,-100.295188904,63.9179573059,41.6703910828,18.2809524536,162.621002197,32.8395462036,56.3921279907,29.5461616516,25.9147377014,22.6580314636,-4.85980844498,-15.9839820862],[34.8271560669,-83.1000595093,56.8253326416,-0.131004735827,6.38227653503,32.8395462036,121.205101013,36.5174560547,14.9962739944,27.2528018951,30.4224224091,10.564201355,-7.88353633881],[97.9070129395,-110.194564819,95.6543807983,40.0720596313,15.0307483673,56.3921279907,36.5174560547,155.811309814,26.2671813965,28.2262115479,47.9490356445,-6.98059129715,-12.8911533356],[-5.54304695129,-23.8270435333,68.4744110107,1.41395998001,13.0013256073,29.5461616516,14.9962739944,26.2671813965,94.106300354,32.8617210388,17.4384593964,8.78849220276,-1.7266522646],[38.0919647217,-85.6009063721,63.6595993042,11.5881719589,3.81411290169,25.9147377014,27.2528018951,28.2262115479,32.8617210388,102.898193359,51.7172775269,-0.814617097378,-18.5726852417],[-13.4787340164,-118.977127075,89.0384140015,-11.1688537598,2.29641461372,22.6580314636,30.4224224091,47.9490356445,17.4384593964,51.7172775269,126.088752747,21.2859249115,-21.3814048767],[9.63271331787,32.9229049683,-12.3605394363,-12.5891418457,2.40480160713,-4.85980844498,10.564201355,-6.98059129715,8.78849220276,-0.814617097378,21.2859249115,82.8674468994,23.7569561005],[-191.040100098,91.3801040649,-34.8918113708,2.98894047737,13.6850814819,-15.9839820862,-7.88353633881,-12.8911533356,-1.7266522646,-18.5726852417,-21.3814048767,23.7569561005,89.6003189087]],"icov":[[0.0000723594203009,-0.0000649943685858,-0.0000341271806974,-0.000120401527965,0.000110390355985,-0.0000102869580587,-0.0000281183511106,-0.0000381432910217,0.0000293400971714,-0.0000189324637176,0.0000343542596966,-0.0000820877903607,0.000211238962947],[-0.0000649943685858,0.000878653663676,0.00062062201323,-0.0000792528007878,-0.000341140315868,0.000271229888313,0.00017531272897,0.000141906406498,-0.000439155730419,0.000212300277781,0.000125977705466,-0.0000655773910694,-0.000571035663597],[-0.0000341271806974,0.00062062201323,0.00226622377522,0.000167175152455,-0.000219524619752,0.0000106038050944,-0.000200751790544,-0.000477756664623,-0.00122634868603,0.0000225392286666,-0.000727590930182,0.000488190940814,-0.000201792412554],[-0.000120401527965,-0.0000792528007878,0.000167175152455,0.00593540770933,-0.00155305035878,-0.00116841320414,0.000530979537871,-0.0014696714934,0.000780879985541,-0.00109929160681,0.00115724105854,0.000514766492415,-0.000517892185599],[0.000110390355985,-0.000341140315868,-0.000219524619752,-0.00155305035878,0.00717984884977,-0.000404119433369,-0.000319298589602,-0.000120503114886,-0.000700964184944,0.000204462892725,-0.00034160001087,0.0000240430363192,-0.000723547302186],[-0.0000102869580587,0.000271229888313,0.0000106038050944,-0.00116841320414,-0.000404119433369,0.00787983555347,-0.00115027511492,-0.00169376144186,-0.00161610613577,-0.000232370235608,0.0000872935197549,0.000119259726489,0.000776982458774],[-0.0000281183511106,0.00017531272897,-0.000200751790544,0.000530979537871,-0.000319298589602,-0.00115027511492,0.00977660249919,-0.00139463774394,0.000156055393745,-0.00151851668488,-0.000404190679546,-0.00140328228008,0.000132342640427],[-0.0000381432910217,0.000141906406498,-0.000477756664623,-0.0014696714934,-0.000120503114886,-0.00169376144186,-0.00139463774394,0.00919202622026,-0.00123425421771,0.000686674378812,-0.0029603948351,0.00153453205712,-0.000441796641098],[0.0000293400971714,-0.000439155730419,-0.00122634868603,0.000780879985541,-0.000700964184944,-0.00161610613577,0.000156055393745,-0.00123425421771,0.0136601347476,-0.0040378542617,0.0013300756691,-0.0018951932434,-0.0000921049213503],[-0.0000189324637176,0.000212300277781,0.0000225392286666,-0.00109929160681,0.000204462892725,-0.000232370235608,-0.00151851668488,0.000686674378812,-0.0040378542617,0.0143712516874,-0.00523280585185,0.00164227129426,0.00089803681476],[0.0000343542596966,0.000125977705466,-0.000727590930182,0.00115724105854,-0.00034160001087,0.0000872935197549,-0.000404190679546,-0.0029603948351,0.0013300756691,-0.00523280585185,0.0130027821288,-0.00440157391131,0.00243995920755],[-0.0000820877903607,-0.0000655773910694,0.000488190940814,0.000514766492415,0.0000240430363192,0.000119259726489,-0.00140328228008,0.00153453205712,-0.0018951932434,0.00164227129426,-0.00440157391131,0.0152369858697,-0.00460673868656],[0.000211238962947,-0.000571035663597,-0.000201792412554,-0.000517892185599,-0.000723547302186,0.000776982458774,0.000132342640427,-0.000441796641098,-0.0000921049213503,0.00089803681476,0.00243995920755,-0.00460673868656,0.0143174082041]],"mean":[-664.044067383,116.871154785,-15.0040740967,18.203546524,4.33135175705,5.74948549271,-0.0287305936217,3.29200339317,1.23880600929,3.7677192688,-0.188446089625,0.141059368849,-4.26243305206]},"pitch_salience":{"dmean":0.0653989315033,"dmean2":0.102736905217,"dvar":0.00459920521826,"dvar2":0.0109890494496,"max":0.865886032581,"mean":0.551716268063,"median":0.56562846899,"min":0.0541934669018,"var":0.0117665519938},"silence_rate_20dB":{"dmean":0,"dmean2":0,"dvar":0,"dvar2":0,"max":1,"mean":1,"median":1,"min":1,"var":0},"silence_rate_30dB":{"dmean":0.00728431576863,"dmean2":0.0145702902228,"dvar":0.00723145389929,"dvar2":0.0193671565503,"max":1,"mean":0.995220184326,"median":1,"min":0,"var":0.00475697452202},"silence_rate_60dB":{"dmean":0.0116093782708,"dmean2":0.0232213996351,"dvar":0.0114739118144,"dvar2":0.0258686095476,"max":1,"mean":0.132013201714,"median":0,"min":0,"var":0.114585131407},"spectral_centroid":{"dmean":265.899780273,"dmean2":403.589599609,"dvar":109648.867188,"dvar2":226709.40625,"max":11350.6132812,"mean":1642.05444336,"median":1570.49279785,"min":358.312652588,"var":553519.75},"spectral_complexity":{"dmean":3.15092182159,"dmean2":4.73488903046,"dvar":15.1847381592,"dvar2":29.3731002808,"max":57,"mean":19.9428710938,"median":20,"min":0,"var":104.073600769},"spectral_contrast_coeffs":{"dmean":[0.0452307164669,0.0373543389142,0.0326609686017,0.0296994037926,0.0246004592627,0.0194286275655],"dmean2":[0.0726756155491,0.0594788528979,0.0519129671156,0.0462516732514,0.0379577949643,0.0299911331385],"dvar":[0.00172856904101,0.00108544656541,0.000743636803236,0.0006278224173,0.000496814667713,0.000372791255359],"dvar2":[0.00407495163381,0.00269516557455,0.00182349630632,0.00144403649028,0.00112478190567,0.000862757035065],"max":[-0.296199917793,-0.428378373384,-0.52505415678,-0.544776439667,-0.527696430683,-0.604746103287],"mean":[-0.652538120747,-0.72885042429,-0.74745374918,-0.742943406105,-0.755213141441,-0.753437399864],"median":[-0.656029462814,-0.738982081413,-0.746049880981,-0.742196202278,-0.755097270012,-0.75205218792],"min":[-0.972682237625,-0.97015440464,-0.974322617054,-0.963569998741,-0.963124096394,-0.962008297443],"var":[0.00955508742481,0.00746472459286,0.00390715664253,0.00424357783049,0.00387175707147,0.00239924248308]},"spectral_contrast_valleys":{"dmean":[0.368665605783,0.312194734812,0.283371061087,0.273487120867,0.301148474216,0.384142875671],"dmean2":[0.597228467464,0.504628539085,0.450425446033,0.423947930336,0.419257164001,0.460405379534],"dvar":[0.129361450672,0.0968656167388,0.0787725001574,0.0796509832144,0.115518786013,0.195039600134],"dvar2":[0.296505451202,0.230127215385,0.181851029396,0.168005764484,0.215467482805,0.339632004499],"max":[-5.16241407394,-5.03214454651,-5.42526435852,-5.9120759964,-5.53068113327,-6.97881603241],"mean":[-7.76923561096,-7.27694225311,-7.63712358475,-8.07498931885,-8.02092647552,-10.6629476547],"median":[-7.25130939484,-6.87073326111,-7.25146102905,-7.72900629044,-7.7712688446,-10.3844642639],"min":[-27.9450054169,-27.7739028931,-27.5422821045,-27.556842804,-27.4128036499,-27.3558292389],"var":[2.9098007679,2.66666841507,2.58856606483,2.37264156342,2.40267515182,2.69857883453]},"spectral_decrease":{"dmean":2.25624119388e-9,"dmean2":3.48186302013e-9,"dvar":2.4424034561e-17,"dvar2":5.86229517561e-17,"max":1.42474290792e-28,"mean":-5.19926901532e-9,"median":-4.05802902392e-9,"min":-5.41508420326e-8,"var":3.1134022774e-17},"spectral_energy":{"dmean":0.0091169597581,"dmean2":0.0139654781669,"dvar":0.000375093048206,"dvar2":0.000893630029168,"max":0.214868977666,"mean":0.0215481389314,"median":0.0171456579119,"min":1.0041320747e-20,"var":0.000503076647874},"spectral_energyband_high":{"dmean":0.000649783934932,"dmean2":0.000926590524614,"dvar":0.00000424541121902,"dvar2":0.00000926600841922,"max":0.0564542897046,"mean":0.00102484412491,"median":0.000265815062448,"min":7.32909649262e-21,"var":0.00000575396916247},"spectral_energyband_low":{"dmean":0.00555038405582,"dmean2":0.00890228059143,"dvar":0.000210281083127,"dvar2":0.000513038539793,"max":0.132642224431,"mean":0.00708715990186,"median":0.00326617760584,"min":3.03421431687e-23,"var":0.00021047910559},"spectral_energyband_middle_high":{"dmean":0.00160944776144,"dmean2":0.00237623578869,"dvar":0.00000605753893979,"dvar2":0.0000132677314468,"max":0.0747137889266,"mean":0.00571977486834,"median":0.00395469646901,"min":1.36991166469e-21,"var":0.0000350178379449},"spectral_energyband_middle_low":{"dmean":0.00464805634692,"dmean2":0.00741303665563,"dvar":0.000173246720806,"dvar2":0.000422455224907,"max":0.171878948808,"mean":0.00952720921487,"median":0.0063552102074,"min":1.40268266325e-22,"var":0.0001812485134},"spectral_entropy":{"dmean":0.144084885716,"dmean2":0.195270478725,"dvar":0.0230113845319,"dvar2":0.0440584905446,"max":9.8160867691,"mean":7.61415195465,"median":7.63500404358,"min":6.01929759979,"var":0.183814063668},"spectral_flux":{"dmean":0.0247737839818,"dmean2":0.0380154289305,"dvar":0.00155126384925,"dvar2":0.00330111640505,"max":0.400326579809,"mean":0.0673859417439,"median":0.0533878915012,"min":6.35118485581e-11,"var":0.00329571543261},"spectral_kurtosis":{"dmean":1.64634633064,"dmean2":2.71664190292,"dvar":5.39249181747,"dvar2":15.338889122,"max":47.9400062561,"mean":5.18399906158,"median":4.21334171295,"min":-1.21517062187,"var":13.3855276108},"spectral_rms":{"dmean":0.000746151374187,"dmean2":0.00108324515168,"dvar":0.0000015058972167,"dvar2":0.00000326679491991,"max":0.0144785447046,"mean":0.00404071575031,"median":0.00408992310986,"min":3.12992188591e-12,"var":0.00000469516544399},"spectral_rolloff":{"dmean":599.661621094,"dmean2":971.1015625,"dvar":970261.1875,"dvar2":2232939,"max":19358.3496094,"mean":1949.43945312,"median":1701.12304688,"min":21.533203125,"var":2348982.5},"spectral_skewness":{"dmean":0.213961958885,"dmean2":0.339293807745,"dvar":0.0540427044034,"dvar2":0.138530224562,"max":4.4411482811,"mean":1.57261645794,"median":1.4953545332,"min":-0.0447698161006,"var":0.216755449772},"spectral_spread":{"dmean":553057.375,"dmean2":709213.875,"dvar":531391774720,"dvar2":912635658240,"max":41659508,"mean":4484063.5,"median":4180490.5,"min":1318967.25,"var":4423848820740},"spectral_strongpeak":{"dmean":0.564186513424,"dmean2":0.968374252319,"dvar":1.21646392345,"dvar2":3.05235552788,"max":22.8827056885,"mean":1.02376019955,"median":0.448111236095,"min":0,"var":2.07639026642},"zerocrossingrate":{"dmean":0.0119521087036,"dmean2":0.0137073909864,"dvar":0.000226019896218,"dvar2":0.000278009334579,"max":0.5126953125,"mean":0.0725284665823,"median":0.06640625,"min":0,"var":0.00142896559555}},"metadata":{"audio_properties":{"analysis_sample_rate":44100,"bit_rate":0,"codec":"flac","downmix":"mix","equal_loudness":0,"length":204,"lossless":true,"md5_encoded":"4f07366108f7ae8505dff14e6b4dcb46","replay_gain":-5.16091537476},"tags":{"acoustid_id":["72b14629-76d7-486d-a13d-33232470b4a2"],"album":["Murmur"],"albumartist":["R.E.M."],"albumartistsort":["R.E.M."],"albumsort":["Murmur (1983-04-11, R.E.M., 2a880c98-e963-363e-857c-8f8c5a963eb9)"],"artist":["R.E.M."],"artists":["R.E.M."],"artistsort":["R.E.M."],"asin":["B000001I0A"],"barcode":["044797001420"],"catalognumber":["CD 70014"],"composer":["Bill Berry","Peter Buck","Mike Mills","Michael Stipe"],"composersort":["Berry, Bill","Buck, Peter","Mills, Mike","Stipe, Michael"],"date":["1983-04-11"],"discnumber":["1"],"disctotal":["1"],"engineer":["Don Dixon","Mitch Easter"],"file_name":"04 - R.E.M. - Talk About the Passion.flac","genre":["Rock"],"isrc":["USCA20600770"],"label":["I.R.S. Records"],"language":["eng"],"lyricist":["Bill Berry","Peter Buck","Mike Mills","Michael Stipe"],"media":["CD"],"mixer":["Mitch Easter"],"musicbrainz_albumartistid":["ea4dfa26-f633-4da6-a52a-f49ea4897b58"],"musicbrainz_albumid":["2a880c98-e963-363e-857c-8f8c5a963eb9"],"musicbrainz_artistid":["ea4dfa26-f633-4da6-a52a-f49ea4897b58"],"musicbrainz_discid":["jau5jMgoSMhja_BReDuV2pSG38s-"],"musicbrainz_recordingid":["93704e52-8677-4a0a-89c7-3be298cc1f74"],"musicbrainz_releasegroupid":["de790d3d-a35c-364c-a8fb-adfb73084a45"],"musicbrainz_releasetrackid":["e71d6af6-2a55-327f-8387-24318ea88e1b"],"musicbrainz_workid":["a16f9224-e580-4752-b069-57918fd0e123"],"originaldate":["1983-04-11"],"performer":["Mike Mills (bass, drums and piano)","Peter Buck (guitar)","Bill Berry (vocals)","Mike Mills (vocals)","Michael Stipe (vocals)","Bill Berry (bass, drums, percussion and piano)"],"producer":["Don Dixon","M