{"lowlevel":{"average_loudness":0.890761435032,"barkbands":{"dmean":[0.00496003963053,0.0187951736152,0.00200334517285,0.000946802145336,0.000855939870235,0.00115359167103,0.00124748668168,0.000552566780243,0.00077086489182,0.00131424539723,0.000921498343814,0.00101563823409,0.000689317181241,0.000662645674311,0.000590337382164,0.000469125865493,0.00032284646295,0.000206912096473,0.000143561599543,0.0000979148899205,0.0000526809417352,0.0000221270747716,0.00000994257152342,0.0000045265069275,0.00000379355560653,0.00000582645179747,0.000604048953392],"dmean2":[0.00860861316323,0.0321772545576,0.00343736028299,0.00157456495799,0.00144480622839,0.00189167947974,0.00193110574037,0.000920925231185,0.00128219544422,0.0020957342349,0.00150149071123,0.00168711971492,0.001160482876,0.00111236749217,0.000987199833617,0.000781366194133,0.000537384301424,0.000330389768351,0.000227609125432,0.00015153028653,0.0000779305992182,0.0000322967098327,0.0000150270170707,0.0000072302591434,0.00000627003009868,0.00000904740591068,0.000945784908254],"dvar":[0.0000713237168384,0.000789646059275,0.00000749884156903,0.00000340594738191,0.00000160870388299,0.00000975716829998,0.00000851907952892,0.00000137805545819,0.00000337981623488,0.0000130010294015,0.00000467696281703,0.00000329066460836,0.00000116107196391,0.00000107598077648,9.55243308454e-7,4.73730807471e-7,2.38187126911e-7,1.07156353124e-7,6.03267977795e-8,6.59521148805e-8,5.68586600025e-8,2.95922797378e-9,4.69778660417e-10,7.49496228969e-11,3.31343806559e-11,7.22828880084e-11,4.08900973525e-7],"dvar2":[0.00019369556685,0.00216546561569,0.0000201243874471,0.00000819743854663,0.00000432390788774,0.0000262562007265,0.0000182131243491,0.0000036378578443,0.00000917796023714,0.0000293792800221,0.0000103142538137,0.00000845225531521,0.00000315168404086,0.00000294766846309,0.0000026033208087,0.00000126740383166,6.41383110178e-7,2.59239698153e-7,1.48594693883e-7,1.53052425844e-7,1.12973232547e-7,5.13865039409e-9,9.84694659145e-10,1.67259234241e-10,8.36162805662e-11,1.51395784798e-10,0.00000101990178791],"max":[0.127559557557,0.371088892221,0.0398576930165,0.0882866978645,0.0286212712526,0.0871358811855,0.117643803358,0.0323660522699,0.0642813071609,0.147336661816,0.102973297238,0.0601032301784,0.0255215205252,0.0259446278214,0.0268969330937,0.0254868045449,0.0118635920808,0.00686883367598,0.00476737227291,0.0127291548997,0.0238289237022,0.00315463473089,0.000977312680334,0.000261422857875,0.0000965075159911,0.000250675686402,0.0113055268303],"mean":[0.00540232425556,0.0234995987266,0.00245134439319,0.00125089625362,0.00124597002286,0.00170579669066,0.00212896382436,0.000815897306893,0.00118435395416,0.00202949647792,0.00145243760198,0.00174192897975,0.0012100165477,0.00123434211127,0.00112365966197,0.000959506200161,0.00062791351229,0.00042824447155,0.000297318882076,0.000215660125832,0.000115576673124,0.000046909746743,0.000017986723833,0.00000594109178564,0.00000410233951698,0.0000103076035884,0.00219522416592],"median":[0.00222195126116,0.0146032962948,0.00150336476509,0.000590511190239,0.000796224048827,0.000696198549122,0.000684581464157,0.000413054454839,0.000522341753822,0.000632350798696,0.000629903923254,0.000944486120716,0.000756765308324,0.000834670267068,0.000788720091805,0.000687821710017,0.0004372788826,0.000252742000157,0.000156226582476,0.000102581034298,0.0000475129345432,0.0000195059801626,0.00000851596996654,0.00000305754815599,0.00000198362795345,0.00000627886538496,0.00201416946948],"min":[4.8245796191e-25,2.41696410624e-24,2.07662702919e-24,4.63409515125e-24,1.20198136594e-23,1.21261599981e-23,2.98200056019e-23,1.01712648562e-23,3.46198928885e-23,1.06277549962e-23,1.84478751446e-23,3.55917253476e-23,5.86201465819e-23,4.88724164126e-23,7.58327886112e-23,9.2665830773e-23,1.01581315843e-22,9.41597629335e-23,1.78867154687e-22,1.85522704725e-22,2.70524890643e-22,4.5825674669e-22,5.23671768767e-22,8.22261048756e-22,9.71169916835e-22,1.31376455918e-21,2.30185482299e-21],"var":[0.0000726792495698,0.000863141205627,0.00000942532460613,0.00000694774325893,0.00000237366634792,0.0000162209325936,0.000030179926398,0.00000224342534239,0.00000590845729675,0.0000307383961626,0.0000110515320557,0.00000666481173539,0.00000233003197536,0.0000021261623715,0.00000162156231909,0.00000114009776553,4.32187988508e-7,2.44914190262e-7,1.44238981648e-7,1.57106740062e-7,1.08310565849e-7,9.34729538216e-9,1.14229947723e-9,1.26197011174e-10,3.73942612986e-11,1.91736113098e-10,0.00000195909501599]},"barkbands_crest":{"dmean":3.80818843842,"dmean2":6.40007209778,"dvar":9.88099765778,"dvar2":27.0274887085,"max":26.5142097473,"mean":11.1461000443,"median":10.56599617,"min":2.43923568726,"var":23.0395183563},"barkbands_flatness_db":{"dmean":0.028065264225,"dmean2":0.0460688173771,"dvar":0.000589041446801,"dvar2":0.00161446712445,"max":0.393861830235,"mean":0.134119004011,"median":0.130307406187,"min":0.0187601968646,"var":0.00165490573272},"barkbands_kurtosis":{"dmean":3.86623954773,"dmean2":6.56476926804,"dvar":85.7231826782,"dvar2":259.810638428,"max":395.595947266,"mean":4.48028755188,"median":2.05375814438,"min":-1.7847880125,"var":92.7125473022},"barkbands_skewness":{"dmean":0.689628660679,"dmean2":1.13724648952,"dvar":0.594111382961,"dvar2":1.62362599373,"max":18.897895813,"mean":1.76960802078,"median":1.51042413712,"min":-2.05488491058,"var":1.36124610901},"barkbands_spread":{"dmean":10.6325798035,"dmean2":17.5394153595,"dvar":96.29246521,"dvar2":253.779922485,"max":121.648956299,"mean":40.7589225769,"median":40.1746444702,"min":1.18574690819,"var":317.465240479},"dissonance":{"dmean":0.0147103564814,"dmean2":0.0252487566322,"dvar":0.00026566645829,"dvar2":0.000738844566513,"max":0.500000059605,"mean":0.47761118412,"median":0.484338462353,"min":0.287841439247,"var":0.000475716340588},"dynamic_complexity":2.31995677948,"erbbands":{"dmean":[0.825090587139,3.3759791851,3.01582527161,2.43197131157,2.65806245804,3.05708312988,6.32771015167,9.9606218338,19.6511154175,11.8452243805,13.3120241165,14.7691354752,34.1078109741,35.0122070312,38.43334198,36.8408470154,29.1825218201,30.7002506256,29.4348602295,29.9341125488,21.8163757324,16.6225204468,11.9283723831,8.5008058548,6.07887125015,4.62774562836,2.84283161163,1.60006630421,0.840873539448,0.52436375618,0.235030278563,0.112597286701,0.0690223425627,0.0430332347751,0.0267062298954,0.0165734924376,0.010761089623,0.0126654971391,0.0152944047004,0.0140212057158],"dmean2":[1.42633008957,5.78929376602,5.18920373917,4.05331993103,4.47122812271,5.21207046509,10.4823350906,16.3119697571,30.2502307892,19.3244342804,22.1818408966,24.5652809143,55.0940208435,56.7619171143,62.0165290833,61.1486244202,48.7650909424,51.4270401001,48.8304100037,49.8469657898,35.8528404236,27.4844837189,19.2123889923,13.3511915207,9.48984718323,7.13961696625,4.27612304688,2.34275102615,1.21812236309,0.775663435459,0.354777604342,0.176527068019,0.111207894981,0.0709815695882,0.044097866863,0.0269532762468,0.0165506452322,0.0173819195479,0.0212713163346,0.0215566698462],"dvar":[2.14306473732,19.5460720062,14.9853687286,16.6404418945,16.9189281464,23.0656700134,283.979156494,802.33215332,2693.15039062,567.326049805,829.524230957,1163.04174805,7576.4453125,5834.77734375,9601.5234375,3931.56616211,2140.86962891,2340.45019531,2610.41723633,1724.6262207,1063.18994141,594.541687012,355.243255615,203.969818115,131.012451172,164.636169434,117.207633972,37.8306694031,5.18478775024,1.57622182369,0.237748295069,0.0533290356398,0.0156217189506,0.00465405127034,0.00159401202109,0.000583984539844,0.000270403048489,0.000782747811172,0.00159110117238,0.000221784895984],"dvar2":[5.91234016418,53.7708358765,40.7723464966,41.6646766663,43.1618728638,61.4979629517,711.807189941,2243.42211914,5725.59521484,1513.1763916,2172.17114258,3220.97875977,17988.5605469,13973.5908203,18530.5625,10533.3173828,5827.01171875,6521.15234375,6988.74609375,4647.0625,2849.39477539,1575.39855957,877.876281738,485.218658447,309.892578125,387.663665771,222.709014893,69.4718017578,8.849568367,3.293582201,0.500382065773,0.112843677402,0.0351928696036,0.0116650043055,0.00402515754104,0.00142581015825,0.000559916137718,0.00121123064309,0.00251860613935,0.000533500278834],"max":[20.9390678406,53.5963478088,58.9325408936,161.628417969,142.526351929,115.246513367,491.80770874,895.344238281,2090.37817383,612.104736328,824.591308594,1005.8605957,2825.27124023,2483.6652832,6643.92333984,1328.38232422,1421.29943848,1440.4263916,1375.98156738,1136.28137207,1143.67602539,565.864013672,460.835449219,268.920806885,404.317962646,654.600708008,1006.38195801,593.118652344,138.474075317,87.2204971313,16.8565006256,7.83246278763,3.45294117928,1.8052752018,0.674242258072,0.40253546834,0.632531762123,1.63302159309,2.83156466484,0.311257094145],"mean":[0.927327930927,4.23529195786,4.09105396271,3.4569466114,3.72189283371,4.20704936981,8.8614358902,15.3062152863,33.8447685242,18.7501602173,20.6392936707,23.8971652985,53.8754081726,57.8031158447,67.1460571289,67.6265563965,56.2065696716,60.0023803711,59.9994773865,61.24376297,47.8951148987,34.9706192017,25.3793792725,18.260389328,13.225104332,10.1588497162,6.25780487061,3.60448122025,1.80146324635,1.01706707478,0.419488281012,0.165559306741,0.0849335864186,0.0474088229239,0.028815086931,0.0205084197223,0.0194136593491,0.0357261002064,0.0572526566684,0.0647891908884],"median":[0.435684233904,2.73780584335,2.84722471237,1.99182379246,2.17689728737,2.57374095917,3.84585618973,6.26188659668,9.13185214996,9.82845020294,10.859131813,11.6005601883,17.1311397552,24.7776737213,32.8427467346,39.2490386963,36.2976303101,41.2914924622,42.3900756836,44.5844459534,34.7368087769,24.8096847534,15.716217041,10.2357034683,6.81505632401,4.76892089844,2.73963212967,1.42078900337,0.735492289066,0.450482785702,0.203472688794,0.0847689583898,0.0433517321944,0.0229942072183,0.0136803062633,0.0113193662837,0.0120272664353,0.0184674095362,0.0385091491044,0.0599670708179],"min":[1.15467173663e-22,7.87599081182e-22,3.50615002525e-21,1.48695489409e-20,3.2296578777e-20,3.23824149214e-20,7.50319571646e-20,1.62950496469e-19,3.3272099369e-19,3.32827751688e-19,4.29966802194e-19,6.3053284588e-19,3.8851890135e-19,8.16852745617e-19,1.52022334223e-18,2.04434545106e-18,2.95746950887e-18,2.36930211393e-18,3.22965122148e-18,4.30397375553e-18,5.54109349913e-18,5.6806587208e-18,4.23898176121e-18,7.97470683774e-18,7.66560515926e-18,8.91046565904e-18,1.21370234318e-17,1.09483706818e-17,1.47624839427e-17,1.59264312893e-17,1.43611756142e-17,1.51645201902e-17,1.12899383722e-17,9.29630901885e-18,6.72945301358e-18,4.54793330641e-18,2.59009564458e-18,1.14412417003e-18,3.33148206627e-19,2.99993851249e-20],"var":[2.06096506119,23.1445941925,19.0478534698,31.2565994263,30.5726966858,31.88306427,454.63961792,1288.06896973,9724.92089844,954.497497559,1361.12438965,1951.66235352,16549.0410156,12194.5605469,27354.3046875,7933.01269531,4653.57470703,4779.73095703,4611.93115234,3615.00610352,2650.70874023,1191.39416504,785.751281738,491.202606201,334.202850342,365.68649292,258.260925293,87.9847488403,15.6586713791,3.69613099098,0.620936989784,0.107220619917,0.0243023745716,0.0052838511765,0.00181314058136,0.000778682762757,0.000734895118512,0.00332952803001,0.00585018936545,0.00148736534175]},"erbbands_crest":{"dmean":2.19043087959,"dmean2":3.66535544395,"dvar":4.55916404724,"dvar2":12.0162601471,"max":30.0016174316,"mean":7.57661056519,"median":6.61738109589,"min":1.68285572529,"var":12.0014505386},"erbbands_flatness_db":{"dmean":0.0201942250133,"dmean2":0.0316177159548,"dvar":0.000275489641353,"dvar2":0.000691435125191,"max":0.365759879351,"mean":0.156745582819,"median":0.153180032969,"min":0.0245808381587,"var":0.00164628599305},"erbbands_kurtosis":{"dmean":0.881454646587,"dmean2":1.44156706333,"dvar":0.963293433189,"dvar2":2.31487107277,"max":34.7416763306,"mean":0.842484116554,"median":0.568049907684,"min":-1.57612013817,"var":2.18509840965},"erbbands_skewness":{"dmean":0.324730873108,"dmean2":0.524342000484,"dvar":0.0752195864916,"dvar2":0.196755990386,"max":5.25534963608,"mean":-0.36571085453,"median":-0.441807180643,"min":-2.58164215088,"var":0.355022996664},"erbbands_spread":{"dmean":5.28597450256,"dmean2":8.48933982849,"dvar":24.6996250153,"dvar2":61.4268531799,"max":100.91558075,"mean":24.3478488922,"median":22.6288261414,"min":1.81961381435,"var":104.482658386},"gfcc":{"cov":[[6949.54150391,189.129638672,-411.872497559,471.387359619,267.158447266,-173.569717407,404.069366455,-118.078704834,116.125556946,4.32561588287,-31.0443019867,41.2064628601,-27.3265342712],[189.129638672,620.129943848,-32.4020957947,-291.540496826,119.796844482,-31.5940685272,-62.0357398987,6.36478233337,52.9147834778,-40.0053062439,53.5518112183,-35.3231735229,70.387588501],[-411.872497559,-32.4020957947,304.769683838,106.567153931,-32.2876968384,139.722717285,-76.6971740723,63.924747467,-26.6962356567,30.8101234436,-26.7705841064,-13.0053720474,-14.1586074829],[471.387359619,-291.540496826,106.567153931,524.250244141,49.8205451965,-19.0945281982,188.78352356,-43.3442420959,-22.2873573303,37.7891769409,-42.0581817627,33.8896026611,-68.3083343506],[267.158447266,119.796844482,-32.2876968384,49.8205451965,263.610321045,29.4517498016,75.9294052124,-13.7276916504,29.8478965759,-31.3158168793,18.8668308258,-7.59476804733,6.59070539474],[-173.569717407,-31.5940685272,139.722717285,-19.0945281982,29.4517498016,224.945526123,-56.8699417114,63.440776825,-7.69014215469,6.35593652725,-13.4323558807,-5.44256782532,3.73145675659],[404.069366455,-62.0357398987,-76.6971740723,188.78352356,75.9294052124,-56.8699417114,250.069412231,-37.2276191711,49.8728713989,5.6371088028,-11.1084957123,30.5309886932,-25.8939571381],[-118.078704834,6.36478233337,63.924747467,-43.3442420959,-13.7276916504,63.440776825,-37.2276191711,136.616348267,14.2143907547,18.9438457489,7.81638813019,-18.6606769562,16.319190979],[116.125556946,52.9147834778,-26.6962356567,-22.2873573303,29.8478965759,-7.69014215469,49.8728713989,14.2143907547,122.358261108,29.0938796997,5.63758325577,13.6084718704,-8.36049461365],[4.32561588287,-40.0053062439,30.8101234436,37.7891769409,-31.3158168793,6.35593652725,5.6371088028,18.9438457489,29.0938796997,78.3014221191,26.0360889435,6.08780813217,-3.06493878365],[-31.0443019867,53.5518112183,-26.7705841064,-42.0581817627,18.8668308258,-13.4323558807,-11.1084957123,7.81638813019,5.63758325577,26.0360889435,65.3979949951,18.3402843475,18.1267356873],[41.2064628601,-35.3231735229,-13.0053720474,33.8896026611,-7.59476804733,-5.44256782532,30.5309886932,-18.6606769562,13.6084718704,6.08780813217,18.3402843475,68.5314102173,19.4906082153],[-27.3265342712,70.387588501,-14.1586074829,-68.3083343506,6.59070539474,3.73145675659,-25.8939571381,16.319190979,-8.36049461365,-3.06493878365,18.1267356873,19.4906082153,71.4787216187]],"icov":[[0.000216065163841,-0.000363615487004,0.000696165720001,-0.000532778445631,0.0000386090650863,-0.000260190456174,0.0001351350802,-0.000147932456457,0.0000155036959768,-0.000294237281196,0.000457610236481,-0.000160523428349,0.0000790882477304],[-0.000363615487004,0.00452793994918,-0.00367857096717,0.00307879690081,-0.00146485015284,0.0020756078884,-0.00113412772771,0.00165319466032,-0.00222612638026,0.00299615366384,-0.00403075432405,0.00345371454023,-0.0031972960569],[0.000696165720001,-0.00367857096717,0.0111599452794,-0.00593492854387,0.00161831558216,-0.00536352256313,0.00424356758595,-0.00291602895595,0.00120492198039,-0.00384741439484,0.00502901338041,-0.0020078709349,0.00200938573107],[-0.000532778445631,0.00307879690081,-0.00593492854387,0.00862740725279,-0.00344762927853,0.00376325822435,-0.00454937200993,0.000827581272461,0.00354853505269,-0.0035969519522,0.00252253003418,-0.00311270868406,0.00258797267452],[0.0000386090650863,-0.00146485015284,0.00161831558216,-0.00344762927853,0.00795989017934,-0.00371620780788,-0.00103856401984,0.0013931421563,-0.00362224550918,0.00659690564498,-0.00683253211901,0.00537076126784,-0.00262372987345],[-0.000260190456174,0.0020756078884,-0.00536352256313,0.00376325822435,-0.00371620780788,0.00931179150939,-0.000283891189611,-0.00194028113037,0.00129083369393,-0.00148693111259,0.00261458777823,-0.00276861526072,0.000766327546444],[0.0001351350802,-0.00113412772771,0.00424356758595,-0.00454937200993,-0.00103856401984,-0.000283891189611,0.00944816600531,-0.00095749902539,-0.00266364705749,-0.000538862019312,0.00264320615679,-0.00267230020836,0.00113705953117],[-0.000147932456457,0.00165319466032,-0.00291602895595,0.000827581272461,0.0013931421563,-0.00194028113037,-0.00095749902539,0.0115728359669,-0.00388062838465,0.00205960520543,-0.00541450129822,0.0071362843737,-0.00542584201321],[0.0000155036959768,-0.00222612638026,0.00120492198039,0.00354853505269,-0.00362224550918,0.00129083369393,-0.00266364705749,-0.00388062838465,0.0165845863521,-0.0121732652187,0.0100164515898,-0.00990395154804,0.00759381474927],[-0.000294237281196,0.00299615366384,-0.00384741439484,-0.0035969519522,0.00659690564498,-0.00148693111259,-0.000538862019312,0.00205960520543,-0.0121732652187,0.0304319541901,-0.0215770173818,0.0114426836371,-0.00622575404122],[0.000457610236481,-0.00403075432405,0.00502901338041,0.00252253003418,-0.00683253211901,0.00261458777823,0.00264320615679,-0.00541450129822,0.0100164515898,-0.0215770173818,0.0371113307774,-0.0175146702677,0.00584910437465],[-0.000160523428349,0.00345371454023,-0.0020078709349,-0.00311270868406,0.00537076126784,-0.00276861526072,-0.00267230020836,0.0071362843737,-0.00990395154804,0.0114426836371,-0.0175146702677,0.0308766253293,-0.0144282095134],[0.0000790882477304,-0.0031972960569,0.00200938573107,0.00258797267452,-0.00262372987345,0.000766327546444,0.00113705953117,-0.00542584201321,0.00759381474927,-0.00622575404122,0.00584910437465,-0.0144282095134,0.0249648876488]],"mean":[23.3766040802,97.1840438843,-106.999732971,-9.19686126709,7.47470283508,-12.2507009506,5.43154001236,-11.9496841431,6.56337022781,-6.07110071182,2.74569010735,-2.49412608147,0.53249412775]},"hfc":{"dmean":75.7771759033,"dmean2":121.334671021,"dvar":8061.11669922,"dvar2":20367.1171875,"max":2048.39746094,"mean":305.10067749,"median":273.664794922,"min":1.15637877636e-16,"var":31164.5214844},"melbands":{"dmean":[0.00619049742818,0.00244709872641,0.000412717286963,0.000187208206626,0.000196141685592,0.000235689833062,0.000279275816865,0.000120809199871,0.000113243790111,0.000100853278127,0.00018270588771,0.000156080757733,0.000125810751342,0.000118951473269,0.000103408070572,0.0000572815079067,0.0000627460249234,0.0000529052231286,0.0000469450169476,0.0000379946468456,0.0000268989097094,0.0000196019936993,0.0000135266773214,0.0000109941784103,0.0000072936959441,0.00000521055153513,0.00000407569450545,0.00000322841401612,0.00000204831508199,0.00000147893035773,8.56548467709e-7,5.39535903954e-7,3.95479474946e-7,2.69382212537e-7,1.50451143099e-7,9.08940123168e-8,6.23373992426e-8,5.00904775436e-8,4.17337560066e-8,3.45690409631e-8],"dmean2":[0.0106097655371,0.00418698927388,0.000682857760694,0.000316634163028,0.000325747620082,0.000382973317755,0.000430836487794,0.000199095346034,0.00018815875228,0.000168216531165,0.000293976860121,0.000251890945947,0.000204368072446,0.00019698907272,0.000174356100615,0.0000961480109254,0.000105579063529,0.0000886372363311,0.0000789416808402,0.0000638096826151,0.0000445673504146,0.0000327415546053,0.0000222702001338,0.0000178169320861,0.0000117232902994,0.0000083229797383,0.00000640279404251,0.0000050968396863,0.00000316023442792,0.00000227651617024,0.00000127593477828,8.05881313681e-7,5.94618143168e-7,4.0773869614e-7,2.30939065204e-7,1.41507854323e-7,9.96136790832e-8,8.08323150636e-8,6.84934278183e-8,5.71618414824e-8],"dvar":[0.000102229816548,0.00000871857992024,4.61999746904e-7,7.2410706764e-8,2.17299771066e-7,4.12915198922e-7,4.92634285365e-7,5.98575979893e-8,6.06077534826e-8,6.24748679456e-8,2.25524530606e-7,1.34782709438e-7,8.65708287279e-8,5.91457549604e-8,3.4374618707e-8,7.56531282065e-9,1.08131974486e-8,7.98146526648e-9,5.67208591207e-9,3.0609645929e-9,1.59898971841e-9,8.33091373664e-10,4.72134609186e-10,3.29838295565e-10,1.52028251099e-10,8.73266875479e-11,8.27550181159e-11,8.89740642274e-11,4.75024984625e-11,5.79168345227e-11,6.79684607208e-12,2.25629866353e-12,9.16071255311e-13,4.29743426174e-13,9.18181004318e-14,4.54529737958e-14,1.70872837364e-14,9.01985903773e-15,4.99802378439e-15,2.84931909643e-15],"dvar2":[0.000280292151729,0.0000242102123593,0.00000114015426789,1.91254855508e-7,5.48789671484e-7,0.0000011300692222,0.00000106444599624,1.61932746323e-7,1.58608699508e-7,1.72657621533e-7,5.2746389656e-7,3.12583210871e-7,1.84355968713e-7,1.39629889873e-7,9.4927486316e-8,2.06197796615e-8,3.03496214826e-8,2.13054480724e-8,1.56811399421e-8,8.27705370909e-9,4.34600666566e-9,2.2612427486e-9,1.25003885021e-9,8.19865231261e-10,3.73958253252e-10,2.1585833121e-10,1.99417884983e-10,2.15872958398e-10,9.1357206522e-11,1.28127036758e-10,1.19387095696e-11,4.17711438355e-12,1.94041310797e-12,9.35898168859e-13,1.98314536451e-13,9.63677989946e-14,3.88713922704e-14,1.98694362965e-14,1.22459906934e-14,7.18827734424e-15],"max":[0.146819189191,0.0421427451074,0.0293089617044,0.00521065481007,0.0135487979278,0.0200190190226,0.0280120894313,0.00737366080284,0.00870317406952,0.00771715398878,0.0163731630892,0.0137506145984,0.0164767745882,0.0121836774051,0.004451721441,0.00218365178443,0.0032303687185,0.00200812984258,0.00180909002665,0.00196082005277,0.00113485881593,0.000645303865895,0.000524979957845,0.000345845968695,0.000232617312577,0.000218471497647,0.000483460666146,0.000394627539208,0.000549249816686,0.000758711074013,0.000191115264897,0.0000968339736573,0.0000591459174757,0.0000442496784672,0.00000922906565393,0.00000865599577082,0.00000482632458443,0.00000271425756182,0.00000246150170824,9.90565467873e-7],"mean":[0.00764554692432,0.00338911428116,0.000621253449935,0.000270602467936,0.000282238033833,0.000369727989892,0.000481025956105,0.000185297540156,0.000172119267518,0.000155875546625,0.000283982080873,0.000247213203693,0.000208702185773,0.000200460723136,0.000169022314367,0.000103419246443,0.000113410591439,0.0000971677509369,0.0000875696641742,0.0000727222650312,0.0000530160068593,0.0000376864954887,0.0000258962700173,0.0000206601998798,0.0000141903483382,0.0000102284120658,0.00000825193819765,0.00000643806606604,0.00000415319436797,0.00000290919933832,0.00000180375843684,0.00000107938092242,7.24737333258e-7,4.93399625157e-7,2.60240938132e-7,1.40022123674e-7,8.35603586324e-8,6.06553527405e-8,4.85795403904e-8,3.66615857672e-8],"median":[0.00444632861763,0.00247045536526,0.000378746306524,0.000173345208168,0.00013562834647,0.000148469727719,0.000141533615533,0.000099408760434,0.0000880796214915,0.000068420842581,0.0000852079683682,0.0000945904030232,0.0000964928112808,0.000101475794509,0.0000969640241237,0.0000672146852594,0.0000753107378841,0.0000655491239741,0.0000611357027083,0.0000514744315296,0.0000368950750271,0.0000265594862867,0.0000166114368767,0.0000114214235509,0.00000759534350436,0.00000513055783813,0.00000403175181418,0.00000286436807073,0.00000181439634162,0.00000110535495423,6.89164835421e-7,4.21982463195e-7,2.91998304647e-7,2.21831470526e-7,1.2398155036e-7,6.84960710373e-8,4.1958202246e-8,2.90455570706e-8,2.41384352506e-8,1.68397118472e-8],"min":[1.43541603631e-24,1.68408727895e-24,2.98958561556e-24,1.79174766264e-24,4.62912453869e-24,3.67305233726e-24,5.22976323192e-24,3.31934722331e-24,3.66975450425e-24,4.51552817391e-24,1.6612945236e-24,3.19724358531e-24,4.10440305796e-24,4.577819392e-24,5.96416946329e-24,5.43257937066e-24,3.76954540876e-24,4.87141291054e-24,5.31172903542e-24,6.22683529561e-24,6.24803001598e-24,5.66460268997e-24,5.16240437138e-24,3.87684942453e-24,5.88912906968e-24,6.17352447006e-24,5.32875147046e-24,5.40267365374e-24,5.98412172773e-24,6.05510855958e-24,5.61971926548e-24,6.48419446062e-24,7.12074920201e-24,8.43129171246e-24,7.46520058311e-24,6.43719097244e-24,1.06085462331e-23,7.49694040163e-24,7.84897983578e-24,6.17429992033e-24],"var":[0.000106462008262,0.0000112256784632,9.23626032545e-7,1.12758606008e-7,3.54019420001e-7,7.23692892279e-7,0.00000173899945821,9.82864420962e-8,9.91913040593e-8,1.05032221143e-7,5.08347284267e-7,2.96758742024e-7,2.1892158486e-7,1.32877801207e-7,5.75181928752e-8,1.54234633953e-8,2.01099901176e-8,1.36632500869e-8,9.70194502514e-9,6.25754026373e-9,3.64884455983e-9,1.52452883651e-9,8.35040203651e-10,6.43114506094e-10,3.26016019736e-10,1.9312877686e-10,1.80352108248e-10,1.8146353864e-10,1.0929458033e-10,8.73606256779e-11,1.87188684692e-11,6.18080760184e-12,2.15094153426e-12,8.90242144325e-13,2.36405811377e-13,9.53394061289e-14,2.78701673149e-14,1.45310670506e-14,6.17648844193e-15,3.18514944881e-15]},"melbands_crest":{"dmean":4.94069766998,"dmean2":8.29957866669,"dvar":17.3240852356,"dvar2":46.7270202637,"max":38.7321586609,"mean":17.6192092896,"median":17.2730350494,"min":1.29844987392,"var":47.6499252319},"melbands_flatness_db":{"dmean":0.0377028472722,"dmean2":0.0616075433791,"dvar":0.000970889290329,"dvar2":0.00264003430493,"max":0.470258712769,"mean":0.242294758558,"median":0.239260107279,"min":0.000136612608912,"var":0.00313701946288},"melbands_kurtosis":{"dmean":8.18166160583,"dmean2":13.8950910568,"dvar":257.602416992,"dvar2":752.161193848,"max":605.552429199,"mean":9.63945007324,"median":3.76632642746,"min":-1.7322255373,"var":327.58392334},"melbands_skewness":{"dmean":1.03560197353,"dmean2":1.70572900772,"dvar":1.13984274864,"dvar2":3.12610530853,"max":23.3730869293,"mean":2.41831326485,"median":2.00386166573,"min":-2.26600623131,"var":3.17774343491},"melbands_spread":{"dmean":8.31702709198,"dmean2":13.783080101,"dvar":64.5215988159,"dvar2":166.382614136,"max":161.376159668,"mean":24.225069046,"median":22.7174911499,"min":1.11641335487,"var":182.800994873},"mfcc":{"cov":[[4790.62988281,-62.6680526733,-346.387298584,712.907958984,-193.295639038,304.903564453,73.3381881714,160.616897583,71.8226089478,98.126449585,47.3362922668,42.0687179565,28.1329860687],[-62.6680526733,941.710998535,-164.471755981,-316.359893799,154.199081421,-111.176681519,-43.7917022705,-32.5230369568,13.7953596115,-17.5680828094,-2.38386559486,4.50242757797,3.65785360336],[-346.387298584,-164.471755981,387.87121582,-52.4660568237,50.1913261414,1.06912946701,0.481135487556,-18.4227390289,12.2151269913,4.40831708908,16.2297534943,-3.57703304291,-15.5951547623],[712.907958984,-316.359893799,-52.4660568237,559.398803711,-126.476364136,144.854995728,71.2988967896,51.0518798828,1.40542674065,38.0121116638,8.00842571259,5.7060341835,13.1047744751],[-193.295639038,154.199081421,50.1913261414,-126.476364136,248.843185425,0.363494575024,36.2510910034,8.15360927582,15.2378921509,-8.5030298233,15.8941030502,5.95326280594,-0.0667928531766],[304.903564453,-111.176681519,1.06912946701,144.854995728,0.363494575024,199.024368286,35.60572052,53.5464553833,17.9945011139,6.92943668365,5.1404747963,19.879447937,15.3529348373],[73.3381881714,-43.7917022705,0.481135487556,71.2988967896,36.2510910034,35.60572052,122.032478333,30.4567775726,8.7326002121,2.64511489868,-3.20108318329,-4.920794487,5.71757650375],[160.616897583,-32.5230369568,-18.4227390289,51.0518798828,8.15360927582,53.5464553833,30.4567775726,102.305419922,36.9794464111,14.4163990021,12.7907524109,0.285493701696,-1.28170514107],[71.8226089478,13.7953596115,12.2151269913,1.40542674065,15.2378921509,17.9945011139,8.7326002121,36.9794464111,79.3023986816,31.6682434082,13.9327917099,9.54966068268,0.832307219505],[98.126449585,-17.5680828094,4.40831708908,38.0121116638,-8.5030298233,6.92943668365,2.64511489868,14.4163990021,31.6682434082,71.1069412231,38.6259422302,12.1785087585,1.22894799709],[47.3362922668,-2.38386559486,16.2297534943,8.00842571259,15.8941030502,5.1404747963,-3.20108318329,12.7907524109,13.9327917099,38.6259422302,78.4936904907,25.8624191284,-3.72050070763],[42.0687179565,4.50242757797,-3.57703304291,5.7060341835,5.95326280594,19.879447937,-4.920794487,0.285493701696,9.54966068268,12.1785087585,25.8624191284,55.0649528503,21.8014774323],[28.1329860687,3.65785360336,-15.5951547623,13.1047744751,-0.0667928531766,15.3529348373,5.71757650375,-1.28170514107,0.832307219505,1.22894799709,-3.72050070763,21.8014774323,52.2432746887]],"icov":[[0.000295070756692,-0.000108392785478,0.000163795179105,-0.000322468316881,0.000105831029941,-0.000234095408814,0.0000482372342958,-0.000141000477015,-0.000112251589599,-0.000114854170533,-0.0000723033081158,-0.0000366791791748,0.000053315605328],[-0.000108392785478,0.00172199099325,0.000891642528586,0.000786441727541,-0.000957533076871,0.000438302173279,0.00031699182,0.000416401075199,-0.000530410499778,0.0000785156371421,0.00000456691486761,0.0000217407541641,-0.000149954925291],[0.000163795179105,0.000891642528586,0.00342047563754,0.00038275870611,-0.000862985092681,-0.000364540523151,0.00010027911776,0.0011756781023,-0.00111446355004,0.0000967402593233,-0.000789886398707,0.00049787457101,0.000649758090731],[-0.000322468316881,0.000786441727541,0.00038275870611,0.00360715109855,0.00114195735659,-0.00148306554183,-0.00156416709069,0.0000820919303806,0.000802175432909,-0.00139179790858,-0.000026511203032,0.000363238010323,-0.000194996115169],[0.000105831029941,-0.000957533076871,-0.000862985092681,0.00114195735659,0.00601856596768,-0.000972384877969,-0.00256516621448,-0.000146439386299,-0.000576766498853,0.0012201940408,-0.00176972942427,-6.89752425842e-7,-0.000108669613837],[-0.000234095408814,0.000438302173279,-0.000364540523151,-0.00148306554183,-0.000972384877969,0.00783883035183,-0.000142167584272,-0.0029963220004,-0.000201835980988,0.00104505114723,0.000943620107137,-0.00277070840821,-0.000802186841611],[0.0000482372342958,0.00031699182,0.00010027911776,-0.00156416709069,-0.00256516621448,-0.000142167584272,0.0107010528445,-0.00220683543012,0.0000177984729817,-0.000165382240084,0.000950506189838,0.00153668608982,-0.00138263008557],[-0.000141000477015,0.000416401075199,0.0011756781023,0.0000820919303806,-0.000146439386299,-0.0029963220004,-0.00220683543012,0.0151080647483,-0.00668603135273,0.00158006488346,-0.00304383481853,0.00302038807422,0.000461812771391],[-0.000112251589599,-0.000530410499778,-0.00111446355004,0.000802175432909,-0.000576766498853,-0.000201835980988,0.0000177984729817,-0.00668603135273,0.0196598675102,-0.00918595120311,0.00359032070264,-0.00331416120753,0.000997869181447],[-0.000114854170533,0.0000785156371421,0.0000967402593233,-0.00139179790858,0.0012201940408,0.00104505114723,-0.000165382240084,0.00158006488346,-0.00918595120311,0.0248743575066,-0.0117833353579,0.00210609170608,-0.00197116355412],[-0.0000723033081158,0.00000456691486761,-0.000789886398707,-0.000026511203032,-0.00176972942427,0.000943620107137,0.000950506189838,-0.00304383481853,0.00359032070264,-0.0117833353579,0.0228823274374,-0.0111184716225,0.0058405729942],[-0.0000366791791748,0.0000217407541641,0.00049787457101,0.000363238010323,-6.89752425842e-7,-0.00277070840821,0.00153668608982,0.00302038807422,-0.00331416120753,0.00210609170608,-0.0111184716225,0.0295065175742,-0.0123059209436],[0.000053315605328,-0.000149954925291,0.000649758090731,-0.000194996115169,-0.000108669613837,-0.000802186841611,-0.00138263008557,0.000461812771391,0.000997869181447,-0.00197116355412,0.0058405729942,-0.0123059209436,0.0253458824009]],"mean":[-639.409423828,166.704589844,-42.6203994751,24.6903152466,10.2721538544,18.1117324829,5.86658573151,9.92732143402,6.52530384064,5.95859956741,3.48366904259,5.88882541656,7.62845373154]},"pitch_salience":{"dmean":0.0942150875926,"dmean2":0.157457917929,"dvar":0.00654477532953,"dvar2":0.0178601928055,"max":0.988754749298,"mean":0.516599297523,"median":0.524295985699,"min":0.046260856092,"var":0.0156739652157},"silence_rate_20dB":{"dmean":0,"dmean2":0,"dvar":0,"dvar2":0,"max":1,"mean":1,"median":1,"min":1,"var":0},"silence_rate_30dB":{"dmean":0.0990341901779,"dmean2":0.198083549738,"dvar":0.089229747653,"dvar2":0.195789888501,"max":1,"mean":0.874070644379,"median":1,"min":0,"var":0.110077276826},"silence_rate_60dB":{"dmean":0.00275946641341,"dmean2":0.00551935611293,"dvar":0.00275186519139,"dvar2":0.00656215241179,"max":1,"mean":0.0213842261583,"median":0,"min":0,"var":0.0209274031222},"spectral_centroid":{"dmean":199.936386108,"dmean2":304.734375,"dvar":38600.1484375,"dvar2":81160.46875,"max":11625.140625,"mean":1445.37329102,"median":1362.77416992,"min":320.171508789,"var":320904.5625},"spectral_complexity":{"dmean":3.77755641937,"dmean2":5.72587203979,"dvar":10.6749544144,"dvar2":21.7758197784,"max":60,"mean":29.4682292938,"median":29,"min":0,"var":91.2601242065},"spectral_contrast_coeffs":{"dmean":[0.0509045608342,0.0492210574448,0.0393036603928,0.0281524769962,0.0239044502378,0.0374416448176],"dmean2":[0.0862751677632,0.0822411850095,0.0658804029226,0.0477456562221,0.0394325628877,0.058204036206],"dvar":[0.00152599369176,0.00144605292007,0.000986040220596,0.000475986627862,0.000426954647992,0.00104634475429],"dvar2":[0.00430254545063,0.00402257638052,0.00268372427672,0.00135708984453,0.00115943932906,0.00254185614176],"max":[-0.417644530535,-0.39831328392,-0.505539119244,-0.530495166779,-0.61496090889,-0.470682561398],"mean":[-0.731420993805,-0.773628413677,-0.792837619781,-0.803737878799,-0.782602131367,-0.750116825104],"median":[-0.734849691391,-0.784199595451,-0.802264928818,-0.808037817478,-0.785162985325,-0.755213737488],"min":[-0.966932594776,-0.988970160484,-0.99097430706,-0.985756993294,-0.979679465294,-0.96355766058],"var":[0.00358023215085,0.00492743495852,0.00342375808395,0.00145508127753,0.00144123157952,0.00602999096736]},"spectral_contrast_valleys":{"dmean":[0.402491360903,0.349553734064,0.281177550554,0.22982019186,0.257672309875,0.586562752724],"dmean2":[0.67505979538,0.579983711243,0.462076097727,0.366521239281,0.384261578321,0.930483698845],"dvar":[0.10658428818,0.0830150917172,0.055213432759,0.0420957356691,0.0753140226007,0.223557040095],"dvar2":[0.282502919436,0.213942945004,0.135179057717,0.0923757106066,0.156764104962,0.604733943939],"max":[-4.80195713043,-4.6732506752,-4.9153881073,-5.3018989563,-5.39797067642,-8.79341602325],"mean":[-6.66860055923,-6.37848901749,-6.53471422195,-6.63578748703,-7.35689878464,-10.9149093628],"median":[-6.50221586227,-6.28808164597,-6.43666887283,-6.48182106018,-7.13316965103,-10.8469877243],"min":[-27.7584609985,-27.5782375336,-27.4289951324,-27.6071338654,-27.4223270416,-27.3757801056],"var":[1.20930159092,0.958836495876,0.963953495026,1.01624667645,1.29144096375,0.905528008938]},"spectral_decrease":{"dmean":6.42546860163e-9,"dmean2":1.08101128049e-8,"dvar":8.03036600136e-17,"dvar2":2.1657532642e-16,"max":1.36354501024e-8,"mean":-9.740852569e-9,"median":-7.45373451849e-9,"min":-1.32950489729e-7,"var":1.00799481674e-16},"spectral_energy":{"dmean":0.0243174210191,"dmean2":0.0406622290611,"dvar":0.00112549064215,"dvar2":0.00302879442461,"max":0.514728009701,"mean":0.0644377246499,"median":0.0571999177337,"min":1.04181200953e-20,"var":0.00177579291631},"spectral_energyband_high":{"dmean":0.000362402293831,"dmean2":0.000536748208106,"dvar":3.37449250765e-7,"dvar2":6.14212922301e-7,"max":0.0410083569586,"mean":0.00134305714164,"median":0.00110896280967,"min":7.57535801606e-21,"var":0.00000147892524183},"spectral_energyband_low":{"dmean":0.0217920802534,"dmean2":0.0371190272272,"dvar":0.00107426545583,"dvar2":0.00293330312707,"max":0.478558987379,"mean":0.030618885532,"median":0.0209206566215,"min":1.63221600623e-23,"var":0.00121906248387},"spectral_energyband_middle_high":{"dmean":0.00346504407935,"dmean2":0.00537988217548,"dvar":0.0000260165361397,"dvar2":0.0000594026241743,"max":0.201309964061,"mean":0.0110099669546,"median":0.00824245717376,"min":1.21544669148e-21,"var":0.000102446603705},"spectral_energyband_middle_low":{"dmean":0.00359780341387,"dmean2":0.00570531748235,"dvar":0.0000283399476757,"dvar2":0.0000704340782249,"max":0.125447139144,"mean":0.00873754732311,"median":0.00579726463184,"min":2.47422499499e-22,"var":0.000087873719167},"spectral_entropy":{"dmean":0.115305103362,"dmean2":0.178175151348,"dvar":0.0123467966914,"dvar2":0.0290467534214,"max":9.81911468506,"mean":7.5985326767,"median":7.64646577835,"min":5.86184406281,"var":0.088646017015},"spectral_flux":{"dmean":0.033354818821,"dmean2":0.0550871863961,"dvar":0.00148629432078,"dvar2":0.00354362954386,"max":0.537222087383,"mean":0.145277276635,"median":0.138695076108,"min":6.57263479753e-11,"var":0.0033736594487},"spectral_kurtosis":{"dmean":5.76489067078,"dmean2":8.9962978363,"dvar":40.0048217773,"dvar2":102.35974884,"max":92.2074432373,"mean":26.4945964813,"median":24.0211200714,"min":-1.25235962868,"var":147.079498291},"spectral_rms":{"dmean":0.0013621133985,"dmean2":0.00224624713883,"dvar":0.00000221972800318,"dvar2":0.0000058940213421,"max":0.0224092323333,"mean":0.00751593383029,"median":0.00747026083991,"min":3.18810602917e-12,"var":0.0000063768666223},"spectral_rolloff":{"dmean":5180.10400391,"dmean2":9989.85449219,"dvar":63642604,"dvar2":153173264,"max":22028.4667969,"mean":15976.8525391,"median":20887.2070312,"min":21.533203125,"var":73246512},"spectral_skewness":{"dmean":0.396217614412,"dmean2":0.604124605656,"dvar":0.16945964098,"dvar2":0.409509450197,"max":7.75239896774,"mean":3.48985409737,"median":3.30888032913,"min":-0.092201821506,"var":1.01260387897},"spectral_spread":{"dmean":401720.8125,"dmean2":642754,"dvar":200148402176,"dvar2":471188733952,"max":41725396,"mean":3584340,"median":3468267.25,"min":1551946.625,"var":1759939657730},"spectral_strongpeak":{"dmean":5.75167989731,"dmean2":10.7681522369,"dvar":337.253570557,"dvar2":903.004882812,"max":225.213531494,"mean":4.64751386642,"median":0.328057765961,"min":0,"var":300.298583984},"zerocrossingrate":{"dmean":0.0446701347828,"dmean2":0.0598513782024,"dvar":0.00139791460242,"dvar2":0.00249731191434,"max":0.818359375,"mean":0.306217432022,"median":0.29833984375,"min":0.00048828125,"var":0.00881075300276}},"metadata":{"audio_properties":{"analysis_sample_rate":44100,"bit_rate":320000,"codec":"mp3","downmix":"mix","equal_loudness":0,"length":302.916992188,"lossless":false,"md5_encoded":"25ed5e2befccf6528969c187ce0dab69","replay_gain":-9.2445640564,"sample_rate":44100},"tags":{"album":["No Rest for the Wicked"],"albumartist":["Ozzy Osbourne"],"albumartistsort":["LBUMARTISTSORT","Osbourne, Ozzy"],"artist":["Ozzy Osbourne"],"artistsort":["Osbourne, Ozzy"],"asin":["SIN"],"composer":["Bob Daisley/John Sinclair/Ozzy Osbourne/Randy Castillo/Zakk Wylde"],"date":["1988"],"discnumber":["1/1"],"file_name":"05. Ozzy Osbourne - Bloodbath in Paradise.mp3","genre":["Heavy Metal"],"label":["Sony/Columbia"],"language":["eng"],"musicbrainz album release country":["us"],"musicbrainz album status":["usicBrai"],"musicbrainz album type":["usicB"],"musicbrainz_albumartistid":["usicBrainz Album Artist Id"],"musicbrainz_albumid":["usicBrainz Album Id"],"musicbrainz_artistid":["usicBrainz Artist Id"],"musicbrainz_recordingid":["937ae448-08fa-4be0-b860-9ced8a68fdaa"],"originaldate":["1988"],"script":["CRIP"],"title":["Bloodbath in Paradise"],"tracknumber":["5/9"]},"version":{"essentia":"2.1-beta1","essentia_build_sha":"ca57ba49d9b1854bd80e60cf9ccf267278fb7d6b","essentia_git_sha":"v2.1_beta1-28-g21ef5f4-dirty","extractor":"music 1.0"}},"rhythm":{"beats_count":772,"beats_loudness":{"dmean":0.0284722503275,"dmean2":0.0483983382583,"dvar":0.000875506317243,"dvar2":0.00249240640551,"max":0.302830904722,"mean":0.0714576989412,"median":0.0629493892193,"min":5.71545335504e-8,"var":0.00187389040366},"beats_loudness_band_ratio":{"dmean":[0.210037916899,0.0493667349219,0.0668897777796,0.0738061219454,0.0497926063836,0.104906134307],"dmean2":[0.369317919016,0.0888620838523,0.119301691651,0.128804847598,0.0899494215846,0.184053733945],"dvar":[0.0285632070154,0.0045708604157,0.00806517153978,0.00580321904272,0.00189301243518,0.00773021066561],"dvar2":[0.085624627769,0.0133710308,0.0236776527017,0.0172031149268,0.005763317