{"lowlevel":{"average_loudness":0.950548410416,"barkbands":{"dmean":[0.00000444410488853,0.000492461025715,0.000378759432351,0.000549523334485,0.00119188870303,0.0014626539778,0.00106730847619,0.00114456703886,0.00158309808467,0.000922041479498,0.00040020403685,0.000805324292742,0.000507931166794,0.000630941067357,0.000760846829507,0.000498093606438,0.000424260389991,0.00041710207006,0.000192010949831,0.000258049753029,0.00011906526197,0.0000857953054947,0.0000480256821902,0.0000336732991855,0.0000215875643335,0.00000547680201635,2.46238357704e-7],"dmean2":[0.00000724831033949,0.000719470961485,0.000625815126114,0.000907049281523,0.00190284464043,0.00226722448133,0.00167854048777,0.00179857027251,0.00252221571282,0.00148460548371,0.000628118228633,0.00126427970827,0.000790061312728,0.00100444059353,0.0011983475415,0.000772285973653,0.000664978986606,0.000661532802042,0.000293185934424,0.000396209215978,0.00018846783496,0.000135440612212,0.0000752249179641,0.0000528688724444,0.0000338157369697,0.00000830028693599,3.96746770548e-7],"dvar":[9.65802021691e-11,0.00000231729154621,7.42698603062e-7,0.00000102345336472,0.00000413094448959,0.00000581914082431,0.00000447739785159,0.00000428550174547,0.00000874407578522,0.0000041680045797,9.48328306549e-7,0.00000401692386731,0.00000181543396138,0.00000157112242505,0.00000177372476173,9.71294184637e-7,6.39343681996e-7,3.97157521093e-7,7.23657507251e-8,1.20261248071e-7,2.59134260716e-8,1.16216174462e-8,7.3061703354e-9,4.59995241897e-9,1.6607863973e-9,1.12392588292e-10,2.69568221911e-13],"dvar2":[2.3088167489e-10,0.0000042044557631,0.00000190683363144,0.00000266932920567,0.00000937926051847,0.000013881814084,0.000010708503396,0.0000108491176434,0.0000215678137465,0.000010401747204,0.00000233720129472,0.00000952570189838,0.00000429670808444,0.00000393792743125,0.0000042651554395,0.00000241887914854,0.00000160239994784,0.00000101989098766,1.67219766922e-7,2.79724446273e-7,5.87572834831e-8,2.76015637013e-8,1.69570490982e-8,9.78196013079e-9,3.92738908062e-9,2.25923460495e-10,6.19540172202e-13],"max":[0.000262491143076,0.0262291170657,0.0280906911939,0.0231065526605,0.0335940085351,0.0369318239391,0.0410010665655,0.0395536012948,0.0599806942046,0.0387327894568,0.0200718287379,0.0356433428824,0.0330841057003,0.0294694676995,0.0192462336272,0.0163226127625,0.0199775733054,0.00980172585696,0.00493406830356,0.00736879277974,0.00725127663463,0.00357881817035,0.00385094573721,0.00287922727875,0.00138103787322,0.000581146334298,0.0000298596369248],"mean":[0.00000507232334712,0.000699483091012,0.000801859656349,0.00102050218266,0.00187989743426,0.00251798634417,0.00177387124859,0.00185186904855,0.00256225257181,0.00138397316914,0.000615051656496,0.00125305913389,0.000788858160377,0.000976197829004,0.0013479195768,0.000886670080945,0.000873189826962,0.000912270392291,0.000408087595133,0.000578353181481,0.000302151282085,0.000235757383052,0.000121847268019,0.0000779643742135,0.0000558637984795,0.0000148036206156,4.2413833512e-7],"median":[0.00000220000401896,0.000169762875885,0.000245907809585,0.000474820495583,0.000972485344391,0.00131960585713,0.000804541516118,0.000845182570629,0.00126158294734,0.000443946250016,0.000159460818395,0.000340332248015,0.000229596189456,0.000313439173624,0.000496659486089,0.000297451333608,0.000385997904232,0.000560298271012,0.000295861944323,0.00042911519995,0.00025422332692,0.000204825570108,0.000098993681604,0.0000594214325247,0.0000445100376965,0.0000118813322842,2.79855441931e-7],"min":[1.11031570903e-24,2.53838222411e-24,1.14192871817e-24,5.14619574497e-25,1.32189477108e-23,6.52806025454e-24,1.44857754942e-23,9.78544876464e-24,2.42032907131e-23,1.89035969341e-23,1.97169377709e-23,2.52275398239e-23,2.30570537297e-23,3.75210140645e-23,6.86792085961e-23,6.84037131244e-23,5.49687240218e-23,1.16034017555e-22,1.79686080659e-22,1.86540587728e-22,2.38820002882e-22,3.62286503803e-22,4.30204297542e-22,5.93243747027e-22,8.51339395734e-22,1.3270662939e-21,2.00184554288e-21],"var":[1.1809674072e-10,0.00000403790909331,0.00000197872441277,0.00000231770513892,0.00000785324300523,0.0000116421988423,0.00000938730136113,0.00000796453059593,0.0000154220779223,0.00000701536146153,0.00000195692405214,0.00000875228852237,0.0000035880066207,0.00000321427341987,0.00000404312550017,0.00000233990886045,0.00000207792595575,0.00000115479735996,1.63852305946e-7,2.92061031359e-7,6.23131413136e-8,2.98026705536e-8,1.33211042197e-8,8.5272464645e-9,3.11736281233e-9,2.62322163991e-10,4.082115505e-13]},"barkbands_crest":{"dmean":2.55351042747,"dmean2":4.16734361649,"dvar":5.46837663651,"dvar2":13.841758728,"max":26.7289848328,"mean":8.47482776642,"median":7.51213598251,"min":2.43532276154,"var":14.8845796585},"barkbands_flatness_db":{"dmean":0.0150688225403,"dmean2":0.0230918712914,"dvar":0.000206430559047,"dvar2":0.00045419196249,"max":0.421199828386,"mean":0.108070060611,"median":0.101663477719,"min":0.0392371155322,"var":0.00120248645544},"barkbands_kurtosis":{"dmean":1.27866089344,"dmean2":2.01933598518,"dvar":19.6098079681,"dvar2":49.2961883545,"max":217.374038696,"mean":1.43020510674,"median":0.0415284335613,"min":-1.83689677715,"var":82.3296432495},"barkbands_skewness":{"dmean":0.407888531685,"dmean2":0.615501582623,"dvar":0.193013802171,"dvar2":0.412248581648,"max":14.0511159897,"mean":0.83066534996,"median":0.708417832851,"min":-2.2474193573,"var":1.26423668861},"barkbands_spread":{"dmean":4.54030323029,"dmean2":6.91889762878,"dvar":21.2061691284,"dvar2":50.2497711182,"max":104.112953186,"mean":24.2742519379,"median":23.8864974976,"min":2.06482863426,"var":74.748588562},"dissonance":{"dmean":0.0144818695262,"dmean2":0.0243722498417,"dvar":0.000196278197109,"dvar2":0.000535182945896,"max":0.499910801649,"mean":0.472542911768,"median":0.476892262697,"min":0.298126041889,"var":0.000380134937586},"dynamic_complexity":2.4159553051,"erbbands":{"dmean":[0.0115104708821,0.123648323119,0.35198867321,1.17953276634,2.52324390411,4.34889745712,7.95224380493,14.2081661224,14.1454153061,17.4577713013,24.6878604889,35.4006271362,33.2795753479,20.8706150055,23.7313270569,24.8199825287,22.0628452301,24.7123413086,37.8454246521,32.5229072571,25.4093112946,22.4742870331,22.0211620331,11.4018592834,10.9886350632,11.7900161743,6.90639352798,3.54858446121,3.60925102234,1.82556986809,1.40328395367,0.778433561325,0.575030565262,0.330725878477,0.118703946471,0.0362274087965,0.00853908061981,0.000911480979994,0.0000275948295894,0.00000657884766042],"dmean2":[0.0156348608434,0.185433223844,0.579697847366,1.92584252357,4.21431779861,6.91669464111,12.4153060913,22.0227813721,22.1543941498,27.3566703796,38.5553207397,55.7422370911,53.3341331482,33.2103729248,37.0767822266,38.6586112976,33.7919464111,38.4985351563,59.0698242188,50.4525566101,39.023235321,34.6079216003,34.4717521667,17.4940471649,16.8239116669,18.0304698944,10.9508600235,5.42611122131,5.72920465469,2.86775112152,2.22344255447,1.22908437252,0.916885912418,0.527763724327,0.183865472674,0.0558227859437,0.0126921851188,0.00137157703284,0.0000419728748966,0.00000952375376073],"dvar":[0.00132315396331,0.140976563096,0.619068682194,5.15196418762,26.0328330994,67.0115585327,225.256118774,603.582336426,736.819396973,1387.71228027,1903.16174316,5619.3203125,4390.85791016,2195.31835938,2395.0300293,3627.77172852,3521.46020508,2891.32861328,4447.24169922,3946.55200195,2867.31713867,1686.95910645,1174.5892334,231.084503174,245.075927734,248.701171875,85.3462142944,23.6603012085,19.0794696808,7.43684244156,7.57731676102,2.71335744858,1.06503450871,0.348659306765,0.0510587841272,0.00564137706533,0.000256460101809,0.00000336363518727,5.21382892416e-9,4.81398323982e-11],"dvar2":[0.00236836867407,0.264876842499,1.58917498589,12.3922214508,68.2466964722,150.704956055,518.071594238,1420.23620605,1683.19714355,3405.69970703,4812.30029297,13638.1748047,10709.5234375,5338.36474609,5731.23291016,8700.47265625,7946.10644531,7021.43310547,11084.2089844,9634.34667969,7259.15576172,4236.15625,2969.25854492,550.605041504,573.219909668,571.996520996,202.29725647,51.5579948425,46.2414169312,17.1327037811,17.6586265564,5.67267799377,2.4025042057,0.833372116089,0.116096295416,0.0123775014654,0.000515146297403,0.00000653372399029,1.17847136494e-8,9.63081142613e-11],"max":[0.764551222324,6.38924837112,16.7266426086,85.1028289795,105.309303284,196.85848999,299.04385376,431.708312988,674.057617188,770.952514648,770.794494629,1472.14123535,1325.44763184,1056.87072754,893.803771973,1079.27722168,1858.12145996,1643.39709473,1092.82263184,1178.91064453,954.13092041,946.108581543,644.94708252,210.345458984,258.060791016,323.30682373,338.328979492,153.2527771,136.112762451,78.8011779785,141.893753052,80.0256271362,27.1719036102,16.9131851196,8.86064147949,3.69797348976,0.890135765076,0.110440693796,0.00459668273106,0.000179875976755],"mean":[0.0142705496401,0.186306193471,0.770941615105,2.52536511421,3.6991314888,6.54309511185,13.0414876938,23.8142662048,24.2147464752,31.6398658752,41.5876235962,57.2720947266,54.0889472961,34.3345565796,39.9892044067,41.347076416,36.847820282,42.2317810059,67.1484909058,63.317943573,51.7685623169,51.2800254822,51.3484077454,26.989107132,25.4750003815,27.2489891052,16.1364078522,9.39140701294,9.54052448273,5.09473896027,3.35796952248,1.75382423401,1.29866480827,0.788088798523,0.312613070011,0.0964630693197,0.0225723795593,0.00228026136756,0.0000752228079364,0.0000334519972967],"median":[0.00250389566645,0.0501560345292,0.313607215881,1.21997451782,1.96324086189,3.02616262436,6.76377153397,11.7901792526,12.875784874,16.3387756348,22.9248046875,27.4936580658,24.9684696198,14.9698629379,14.4780483246,13.4384689331,12.1144094467,15.9972190857,27.4599342346,24.8920249939,19.8808097839,23.9233551025,30.5234031677,20.6507358551,17.9922199249,20.6752719879,13.300031662,7.70956659317,8.30601406097,4.32701396942,2.66406607628,1.33298254013,0.984194338322,0.619533836842,0.252475321293,0.0778889581561,0.017846416682,0.0017457222566,0.000059612608311,0.0000346287051798],"min":[5.1189761586e-23,7.08317373761e-22,2.29609687044e-21,4.94387192092e-21,1.27400629267e-20,5.12004701266e-20,6.45039125208e-20,5.38090746612e-20,1.2432916225e-19,2.3643970363e-19,4.07474908309e-19,7.8409768583e-19,6.64628403549e-19,6.49529772431e-19,8.03579185123e-19,1.08623269409e-18,1.22020421027e-18,2.10661767553e-18,3.33040885113e-18,3.25958606067e-18,4.47574070486e-18,4.54276425476e-18,6.77043567703e-18,6.06151624947e-18,8.3529020856e-18,9.96404974115e-18,8.99851986242e-18,1.06297862048e-17,1.16013842805e-17,1.15117625699e-17,1.14737966341e-17,1.17213866807e-17,9.82195417398e-18,8.42051086579e-18,6.66653972414e-18,4.316778925e-18,2.48253445439e-18,9.40348949915e-19,2.59518223666e-19,2.90179676398e-20],"var":[0.00209746533073,0.24517506361,1.48955357075,15.3185777664,31.6599063873,124.763771057,420.751647949,1210.26208496,1513.29418945,2978.47436523,3319.41772461,9329.54394531,7401.48388672,3698.6965332,5090.60302734,8086.99804688,7531.27929688,6352.84667969,9376.00488281,9962.20703125,7934.98535156,6455.50683594,3951.14575195,640.07409668,658.964050293,613.062988281,188.467544556,56.3472328186,49.3537635803,15.9675779343,12.6436214447,4.99950265884,1.96087837219,0.6129976511,0.104672826827,0.0118713080883,0.000624344917014,0.00000746096520743,8.06140398879e-9,2.2551396861e-10]},"erbbands_crest":{"dmean":2.77372813225,"dmean2":4.51018714905,"dvar":6.58417081833,"dvar2":17.0212497711,"max":29.8803424835,"mean":9.05561923981,"median":8.15512752533,"min":2.19692397118,"var":16.6491127014},"erbbands_flatness_db":{"dmean":0.0144102973863,"dmean2":0.0212666261941,"dvar":0.000170229759533,"dvar2":0.000345048349118,"max":0.358750224113,"mean":0.165793165565,"median":0.164805486798,"min":0.0255256313831,"var":0.00128992344253},"erbbands_kurtosis":{"dmean":0.783647537231,"dmean2":1.22812366486,"dvar":1.07734143734,"dvar2":2.48223304749,"max":21.7805919647,"mean":0.160490781069,"median":-0.333113014698,"min":-1.74972391129,"var":2.94344520569},"erbbands_skewness":{"dmean":0.337684392929,"dmean2":0.511934578419,"dvar":0.0857479870319,"dvar2":0.195223376155,"max":2.82754611969,"mean":0.126352831721,"median":0.162687748671,"min":-3.29974150658,"var":0.550675868988},"erbbands_spread":{"dmean":6.68638467789,"dmean2":9.79748058319,"dvar":39.654132843,"dvar2":83.2445449829,"max":111.130348206,"mean":35.0065078735,"median":32.6917800903,"min":4.57596731186,"var":209.973358154},"gfcc":{"cov":[[25113.5429688,1308.54467773,-2484.15356445,326.40814209,-1212.22387695,-4.61358642578,-865.257141113,142.023422241,-476.306671143,22.2190761566,-399.087432861,-56.4225578308,-170.296005249],[1308.54467773,420.546203613,-73.3069000244,38.0178642273,-14.7196836472,31.9835929871,33.1480941772,-4.47228765488,-23.4039173126,-18.0808200836,0.307861030102,-34.4367866516,-16.5345649719],[-2484.15356445,-73.3069000244,715.59185791,134.430511475,117.518318176,9.73403072357,88.5850601196,0.917504489422,31.9160499573,27.8832130432,11.643280983,39.0031356812,-7.52761459351],[326.40814209,38.0178642273,134.430511475,254.259414673,67.7320098877,-47.8268814087,-72.7673950195,41.9848098755,36.5120201111,-17.4442367554,-32.8791007996,24.2319259644,19.4216060638],[-1212.22387695,-14.7196836472,117.518318176,67.7320098877,263.511077881,49.91355896,59.5773506165,30.2329292297,67.232460022,-11.2012853622,13.3917427063,-0.358374863863,22.0339431763],[-4.61358642578,31.9835929871,9.73403072357,-47.8268814087,49.91355896,197.958648682,136.096343994,-17.5768184662,-40.10105896,30.080739975,25.5971984863,-24.1149902344,-29.2654724121],[-865.257141113,33.1480941772,88.5850601196,-72.7673950195,59.5773506165,136.096343994,229.754730225,19.2354927063,-16.0786552429,27.7144470215,48.6500205994,-13.0697116852,-25.5930862427],[142.023422241,-4.47228765488,0.917504489422,41.9848098755,30.2329292297,-17.5768184662,19.2354927063,109.654823303,65.4827346802,1.68399095535,-23.7091827393,9.02656555176,10.2867488861],[-476.306671143,-23.4039173126,31.9160499573,36.5120201111,67.232460022,-40.10105896,-16.0786552429,65.4827346802,120.00453949,18.0820102692,-13.7689828873,-0.19004201889,25.6517238617],[22.2190761566,-18.0808200836,27.8832130432,-17.4442367554,-11.2012853622,30.080739975,27.7144470215,1.68399095535,18.0820102692,89.3140106201,29.8357429504,2.15735125542,-14.9643411636],[-399.087432861,0.307861030102,11.643280983,-32.8791007996,13.3917427063,25.5971984863,48.6500205994,-23.7091827393,-13.7689828873,29.8357429504,116.648109436,36.6270980835,7.71509742737],[-56.4225578308,-34.4367866516,39.0031356812,24.2319259644,-0.358374863863,-24.1149902344,-13.0697116852,9.02656555176,-0.19004201889,2.15735125542,36.6270980835,85.7493591309,37.4512481689],[-170.296005249,-16.5345649719,-7.52761459351,19.4216060638,22.0339431763,-29.2654724121,-25.5930862427,10.2867488861,25.6517238617,-14.9643411636,7.71509742737,37.4512481689,72.5501708984]],"icov":[[0.000264572532615,-0.000670150737278,0.000726314436179,-0.000542817404494,0.000623659929261,-0.000817539053969,0.00114452594426,-0.00124896294437,0.00122173235286,-0.000877930026036,0.000584914931096,-0.000582743261475,0.000376177835278],[-0.000670150737278,0.00453817890957,-0.00133387895767,-0.00000789202022133,-0.000999697018415,0.00200043898076,-0.00399959180504,0.00364555418491,-0.00318327057175,0.00296673714183,-0.00202662078664,0.00276074418798,-0.000964472652413],[0.000726314436179,-0.00133387895767,0.00424014031887,-0.0032041806262,0.00134650990367,-0.00121221446898,0.00080129946582,-0.00129024882335,0.00239584431984,-0.00294955377467,0.00254656001925,-0.00310158776119,0.00214103935286],[-0.000542817404494,-0.00000789202022133,-0.0032041806262,0.00843249168247,-0.00339650199749,0.00113015749957,0.00197915639728,-0.00139432342257,-0.000671949062962,0.00156002049334,-0.000564326765016,0.0000561463020858,-0.000892091193236],[0.000623659929261,-0.000999697018415,0.00134650990367,-0.00339650199749,0.00835231784731,-0.00451374286786,0.0011573190568,-0.00121581007261,-0.00265152356587,0.00139764638152,-0.00014760371414,-0.000571355922148,0.0000446770318376],[-0.000817539053969,0.00200043898076,-0.00121221446898,0.00113015749957,-0.00451374286786,0.0139185478911,-0.00981930270791,0.00554988067597,0.000384061801014,-0.00139119313098,-0.0000983385034488,0.00284253642894,-0.00103649450466],[0.00114452594426,-0.00399959180504,0.00080129946582,0.00197915639728,0.0011573190568,-0.00981930270791,0.0176799502224,-0.0128152770922,0.00835020653903,-0.00358797376975,-0.00161925319117,-0.000472652493045,0.00179352622945],[-0.00124896294437,0.00364555418491,-0.00129024882335,-0.00139432342257,-0.00121581007261,0.00554988067597,-0.0128152770922,0.026130348444,-0.0178453009576,0.00578617490828,0.00241338182241,-0.00340771162882,0.00152631651144],[0.00122173235286,-0.00318327057175,0.00239584431984,-0.000671949062962,-0.00265152356587,0.000384061801014,0.00835020653903,-0.0178453009576,0.0278524477035,-0.0120005952194,0.00247235433199,0.00354352965951,-0.0054083946161],[-0.000877930026036,0.00296673714183,-0.00294955377467,0.00156002049334,0.00139764638152,-0.00139119313098,-0.00358797376975,0.00578617490828,-0.0120005952194,0.0200500823557,-0.00644147349522,0.000642157159746,0.0035521062091],[0.000584914931096,-0.00202662078664,0.00254656001925,-0.000564326765016,-0.00014760371414,-0.0000983385034488,-0.00161925319117,0.00241338182241,0.00247235433199,-0.00644147349522,0.0161241125315,-0.00922914780676,0.00126488076057],[-0.000582743261475,0.00276074418798,-0.00310158776119,0.0000561463020858,-0.000571355922148,0.00284253642894,-0.000472652493045,-0.00340771162882,0.00354352965951,0.000642157159746,-0.00922914780676,0.0240338407457,-0.011984477751],[0.000376177835278,-0.000964472652413,0.00214103935286,-0.000892091193236,0.0000446770318376,-0.00103649450466,0.00179352622945,0.00152631651144,-0.0054083946161,0.0035521062091,0.00126488076057,-0.011984477751,0.0235892608762]],"mean":[4.49765825272,68.6199264526,-144.761856079,28.2821521759,-75.9929199219,3.46333789825,-45.1391792297,9.86275100708,-26.0841217041,3.16429424286,-22.1126308441,-2.83015918732,-11.054980278]},"hfc":{"dmean":5.77944517136,"dmean2":7.96251392365,"dvar":36.7342720032,"dvar2":69.6905441284,"max":120.521217346,"mean":29.1381130219,"median":29.7724113464,"min":1.11260570184e-16,"var":237.368087769},"melbands":{"dmean":[0.000125614998979,0.000165227771504,0.000232042846619,0.000228119213716,0.000265884911641,0.000301517604385,0.000218592045712,0.000208074125112,0.000195823929971,0.000232164122281,0.000170680694282,0.0000951749170781,0.0000698352741892,0.000103264748759,0.0000421590157202,0.0000564497386222,0.000047157293011,0.0000664441467961,0.0000562060886296,0.0000347032291756,0.0000329896356561,0.0000258714662777,0.0000238690317929,0.000021401912818,0.00000908569836611,0.00000734506829758,0.0000104831369754,0.00000815653129393,0.00000545858256373,0.00000259253329205,0.00000228047792916,0.00000232574257097,0.00000159771173003,9.75530383585e-7,9.25401081986e-7,6.59163902128e-7,4.62605839857e-7,4.67457908826e-7,3.38650664844e-7,2.76185488701e-7],"dmean2":[0.000172361877048,0.00026656020782,0.000379747652914,0.000371783447918,0.000412788765971,0.000466222962132,0.000341218808899,0.000327058864059,0.000303986074869,0.000368694221834,0.000273891084362,0.000152579319547,0.000109180087748,0.000162459065905,0.0000654459945508,0.0000876277335919,0.0000742390111554,0.000105201150291,0.0000881258383743,0.0000535128056072,0.0000515547180839,0.0000405286045861,0.000037800775317,0.0000340169972333,0.0000140767833727,0.0000114649501484,0.0000164468765433,0.0000126117802211,0.00000875127807376,0.00000421520780947,0.0000035244920582,0.00000373799298359,0.00000260309707301,0.0000015417351733,0.00000148537969835,0.0000010639289485,7.39360416446e-7,7.53272331622e-7,5.46100807242e-7,4.42766548758e-7],"dvar":[1.52419374899e-7,1.42951009252e-7,1.84930954106e-7,1.66170892157e-7,2.27042676215e-7,2.55107238445e-7,1.69091350699e-7,1.60131094162e-7,1.15195142314e-7,2.19863352413e-7,1.16027202068e-7,4.63905109882e-8,2.29426131426e-8,7.47296482473e-8,1.34017081876e-8,2.48306779582e-8,1.03455581879e-8,1.54135211261e-8,1.0982293297e-8,5.36529087825e-9,5.41195444015e-9,2.49941090047e-9,1.72630121309e-9,1.30387400876e-9,1.53007898018e-10,1.27747395995e-10,2.15448631158e-10,1.37800160172e-10,5.54348303372e-11,1.23041108552e-11,9.91745921497e-12,7.9510833681e-12,4.47423608579e-12,2.31479765911e-12,3.1676488689e-12,1.53567469071e-12,1.08824863183e-12,6.68064616214e-13,3.34048489824e-13,2.59649913332e-13],"dvar2":[2.64627487923e-7,3.23992793483e-7,4.72359403147e-7,3.86579785072e-7,5.10231188855e-7,5.99230020271e-7,3.95639972339e-7,3.97654673634e-7,2.85467393724e-7,5.42864540876e-7,2.84169544784e-7,1.13909919719e-7,5.6318068431e-8,1.77806015245e-7,3.144771199e-8,6.06213461651e-8,2.47712037549e-8,3.9132409313e-8,2.62827413167e-8,1.29990898046e-8,1.35866757844e-8,6.31926022621e-9,4.53691306745e-9,3.40160344336e-9,3.58321317062e-10,3.04001906981e-10,5.14763509596e-10,3.24481247427e-10,1.36233635484e-10,2.92167193217e-11,2.23084901246e-11,1.94350507909e-11,1.13835095863e-11,5.58628013639e-12,7.53633527112e-12,3.55437164076e-12,2.32798329225e-12,1.52524043742e-12,7.89505613663e-13,6.38020452443e-13],"max":[0.00704786647111,0.00659030023962,0.0116867208853,0.00875989440829,0.00906954426318,0.00846896786243,0.00970310904086,0.00771047407761,0.00610596034676,0.00790419988334,0.00659828493372,0.00423197122291,0.00329353380948,0.00502694025636,0.00314516434446,0.00394659675658,0.00290333013982,0.00184206163976,0.00203803926706,0.00146547844633,0.00124986912124,0.00122862681746,0.000858281622641,0.000739985785913,0.000197861969355,0.000225649142521,0.000251561199548,0.000279389176285,0.000206974582397,0.00015887452173,0.000074742216384,0.0000746361838537,0.0000747201047488,0.0000502584698552,0.0000906511850189,0.0000456912275695,0.0000490932361572,0.0000218879940803,0.0000120147833513,0.0000153117998707],"mean":[0.000167806720128,0.000354692572728,0.000463759468403,0.000350700924173,0.000440715783043,0.000513491628226,0.000375089439331,0.000374071125407,0.000326212699292,0.000369965098798,0.000269905169262,0.000146154328831,0.000113931702799,0.000159830553457,0.000066843618697,0.0000880799634615,0.0000744087301427,0.000107802203274,0.00010153871699,0.0000613835291006,0.0000610076385783,0.0000515060783073,0.0000501723006892,0.00004365422501,0.0000190232458408,0.0000152501906996,0.0000222813887376,0.0000169882623595,0.0000111692988867,0.00000623770029051,0.00000511185271534,0.00000562836976314,0.00000402889054385,0.00000241485145125,0.00000205564060707,0.00000140876261412,9.28653491883e-7,9.67346068137e-7,7.38667949918e-7,6.35785568193e-7],"median":[0.0000356451164407,0.000140470438055,0.00026465440169,0.0001819570316,0.000233052851399,0.000257789390162,0.000201641043532,0.000197038287297,0.000183334501344,0.000172090993146,0.000111444336653,0.0000538542190043,0.0000374717310478,0.0000436200680269,0.0000198500001716,0.0000248384912993,0.0000238428310695,0.0000375368181267,0.0000369104163838,0.0000203157924261,0.0000210773760045,0.0000221993796004,0.000023994323783,0.0000261252025666,0.0000137796214403,0.000010532732631,0.0000149180814333,0.0000122310348161,0.000008637940482,0.00000534958735443,0.00000390165951103,0.00000476490504298,0.000003508369673,0.00000196564496946,0.00000159293063007,0.00000109734196485,6.65486766138e-7,7.15527619377e-7,5.62648494906e-7,4.96550910611e-7],"min":[5.47601306602e-25,1.34904621959e-24,1.44543664056e-24,1.13967790079e-24,2.55167985517e-24,1.24546365514e-24,2.33101416074e-24,2.67190856802e-24,3.73834201565e-24,4.01828508509e-24,2.37323320752e-24,1.85799620146e-24,1.755146686e-24,2.93765904369e-24,2.92901569197e-24,1.99795866428e-24,3.92760749619e-24,4.68430023141e-24,4.61532341715e-24,3.74052597707e-24,5.03491656049e-24,3.21696392465e-24,4.73345967644e-24,3.95091241948e-24,4.25749019409e-24,4.67134634649e-24,4.16575355942e-24,4.96352149312e-24,5.39289966712e-24,3.83059101548e-24,6.25018794499e-24,5.92976329491e-24,5.95278935587e-24,5.74061851009e-24,6.09570136961e-24,7.02302116876e-24,6.91956521649e-24,5.22431141421e-24,6.50462714136e-24,6.68476392349e-24],"var":[2.64218812163e-7,3.34209573793e-7,4.04406051757e-7,3.12072472752e-7,4.44590597226e-7,5.25632572135e-7,3.4968306295e-7,3.43301877592e-7,1.99801945655e-7,3.74347564502e-7,1.9848654631e-7,7.70658132865e-8,4.84171955861e-8,1.57122642008e-7,2.82318630695e-8,4.73050221217e-8,2.21988400995e-8,3.09360110862e-8,2.6352489968e-8,1.19420411338e-8,1.41456402147e-8,7.76594077934e-9,5.0229083115e-9,3.31423088973e-9,3.61197571852e-10,2.70485772669e-10,5.82879300381e-10,2.86421525386e-10,1.10095314809e-10,2.54023520968e-11,2.12547254103e-11,1.88605069062e-11,9.6382693493e-12,4.18248335271e-12,4.99639002047e-12,2.60973707922e-12,1.85666607956e-12,1.19156973784e-12,5.88159078732e-13,4.28118559484e-13]},"melbands_crest":{"dmean":3.20418715477,"dmean2":5.19758892059,"dvar":8.41173458099,"dvar2":20.8086566925,"max":39.7990493774,"mean":11.1264381409,"median":10.053478241,"min":1.39154970646,"var":26.0468864441},"melbands_flatness_db":{"dmean":0.0177613366395,"dmean2":0.0267074536532,"dvar":0.000276405306067,"dvar2":0.000587462738622,"max":0.397080153227,"mean":0.13412424922,"median":0.128402739763,"min":0.000739020586479,"var":0.00148888339754},"melbands_kurtosis":{"dmean":3.00462508202,"dmean2":4.70483207703,"dvar":70.8196182251,"dvar2":173.770797729,"max":350.113128662,"mean":5.62699985504,"median":2.44814395905,"min":-1.84386503696,"var":271.683227539},"melbands_skewness":{"dmean":0.508719980717,"dmean2":0.758279383183,"dvar":0.315982103348,"dvar2":0.686496257782,"max":17.1662120819,"mean":1.64483523369,"median":1.42100560665,"min":-1.26843655109,"var":1.88110566139},"melbands_spread":{"dmean":7.7004442215,"dmean2":11.8571615219,"dvar":57.7895011902,"dvar2":126.006851196,"max":154.675323486,"mean":34.1358451843,"median":31.6270332336,"min":1.51387560368,"var":291.339935303},"mfcc":{"cov":[[10189.7226563,1168.56933594,-557.848388672,166.319900513,-153.899398804,-111.715278625,-162.987380981,-65.4018630981,-50.6692199707,2.97392058372,-46.1152458191,-123.276443481,-67.9458999634],[1168.56933594,501.465118408,-18.501701355,23.0240840912,-45.0267448425,41.4057121277,55.1073913574,16.2427864075,0.850871026516,15.7329807281,24.793346405,-13.708899498,-4.69496536255],[-557.848388672,-18.501701355,435.758483887,108.453582764,-5.12436532974,32.9660224915,23.4543571472,-7.6510848999,6.93291091919,-25.4878139496,-12.9729118347,53.9778213501,33.2986526489],[166.319900513,23.0240840912,108.453582764,273.504608154,136.768554688,-59.2767486572,-82.7727432251,28.0747089386,52.7962799072,-21.7870006561,-39.1873092651,34.5506286621,38.2066192627],[-153.899398804,-45.0267448425,-5.12436532974,136.768554688,215.494354248,-8.08096885681,-68.3025817871,24.8086948395,50.6579475403,0.558506369591,-20.9113559723,5.41025400162,3.65925884247],[-111.715278625,41.4057121277,32.9660224915,-59.2767486572,-8.08096885681,168.288116455,127.370323181,5.8413643837,-16.640958786,24.0369415283,38.5272979736,-5.14235067368,-14.2277460098],[-162.987380981,55.1073913574,23.4543571472,-82.7727432251,-68.3025817871,127.370323181,208.759521484,43.6919441223,-34.0313262939,20.8372993469,51.7662467957,5.95845937729,0.704249918461],[-65.4018630981,16.2427864075,-7.6510848999,28.0747089386,24.8086948395,5.8413643837,43.6919441223,99.1952438354,47.9086074829,4.57766866684,2.20250916481,11.6378793716,12.9508123398],[-50.6692199707,0.850871026516,6.93291091919,52.7962799072,50.6579475403,-16.640958786,-34.0313262939,47.9086074829,124.308532715,48.6224975586,-4.76895713806,-5.37550735474,6.84959697723],[2.97392058372,15.7329807281,-25.4878139496,-21.7870006561,0.558506369591,24.0369415283,20.8372993469,4.57766866684,48.6224975586,102.060073853,48.2235832214,-17.9059772491,-14.8206300735],[-46.1152458191,24.793346405,-12.9729118347,-39.1873092651,-20.9113559723,38.5272979736,51.7662467957,2.20250916481,-4.76895713806,48.2235832214,90.8466186523,18.7404956818,-8.26718521118],[-123.276443481,-13.708899498,53.9778213501,34.5506286621,5.41025400162,-5.14235067368,5.95845937729,11.6378793716,-5.37550735474,-17.9059772491,18.7404956818,75.8299560547,38.9201889038],[-67.9458999634,-4.69496536255,33.2986526489,38.2066192627,3.65925884247,-14.2277460098,0.704249918461,12.9508123398,6.84959697723,-14.8206300735,-8.26718521118,38.9201889038,76.7547149658]],"icov":[[0.000168536324054,-0.000361125683412,0.000266255345196,-0.000315085810144,0.000296112237265,-0.000122787765577,0.000236463994952,0.0000276677037618,0.000138387447805,-0.0000798513137852,0.000126138125779,0.000018255710529,0.000101281766547],[-0.000361125683412,0.00309583591297,-0.000179843584192,-0.000657435273752,0.000587212038226,-0.000529264099896,-0.000640657031909,-0.000272365927231,-0.000417383562308,0.000428072846262,-0.00105508649722,0.00086590310093,-0.000232118414715],[0.000266255345196,-0.000179843584192,0.00376273342408,-0.00268809869885,0.00193920102902,-0.00152647844516,-0.00039912640932,0.00160159834195,-0.000923373736441,0.000415646558395,0.00105202256236,-0.00204573501833,0.000601696607191],[-0.000315085810144,-0.000657435273752,-0.00268809869885,0.00940491072834,-0.00575288990512,0.00286250910722,0.000170440034708,-0.00100697577,-0.000755214132369,0.000058284298575,0.00118852639571,-0.00166017911397,-0.00181277119555],[0.000296112237265,0.000587212038226,0.00193920102902,-0.00575288990512,0.0102116120979,-0.00507263513282,0.00451415590942,-0.00242936890572,-0.000193519255845,-0.000215114079765,-0.0000392765032302,0.000116471033834,0.00117420766037],[-0.000122787765577,-0.000529264099896,-0.00152647844516,0.00286250910722,-0.00507263513282,0.0150823164731,-0.010842172429,0.00512096518651,-0.00231660390273,0.000492165621836,-0.000735995185096,0.000344248663168,0.00141722429544],[0.000236463994952,-0.000640657031909,-0.00039912640932,0.000170440034708,0.00451415590942,-0.010842172429,0.0177588816732,-0.0112750744447,0.00721266167238,-0.00292778969742,-0.00248146126978,0.00143314432353,-0.00243000825867],[0.0000276677037618,-0.000272365927231,0.00160159834195,-0.00100697577,-0.00242936890572,0.00512096518651,-0.0112750744447,0.0213650614023,-0.0116045856848,0.0055367751047,0.0000902386964299,-0.00248038605787,0.000750007748138],[0.000138387447805,-0.000417383562308,-0.000923373736441,-0.000755214132369,-0.000193519255845,-0.00231660390273,0.00721266167238,-0.0116045856848,0.0197380948812,-0.0122112818062,0.00409264210612,0.000554895435926,-0.00161471473984],[-0.0000798513137852,0.000428072846262,0.000415646558395,0.000058284298575,-0.000215114079765,0.000492165621836,-0.00292778969742,0.0055367751047,-0.0122112818062,0.0234785210341,-0.01348386053,0.00739196082577,-0.000637076562271],[0.000126138125779,-0.00105508649722,0.00105202256236,0.00118852639571,-0.0000392765032302,-0.000735995185096,-0.00248146126978,0.0000902386964299,0.00409264210612,-0.01348386053,0.0241224840283,-0.0124751189724,0.00482725119218],[0.000018255710529,0.00086590310093,-0.00204573501833,-0.00166017911397,0.000116471033834,0.000344248663168,0.00143314432353,-0.00248038605787,0.000554895435926,0.00739196082577,-0.0124751189724,0.0264506340027,-0.0111316135153],[0.000101281766547,-0.000232118414715,0.000601696607191,-0.00181277119555,0.00117420766037,0.00141722429544,-0.00243000825867,0.000750007748138,-0.00161471473984,-0.000637076562271,0.00482725119218,-0.0111316135153,0.0200333222747]],"mean":[-616.499572754,93.4185256958,-17.2626113892,16.6592407227,-11.5573472977,-7.93811798096,-11.4804706573,-4.29262018204,-1.12465775013,-0.552310705185,-2.61102318764,-5.41128921509,-3.63881230354]},"pitch_salience":{"dmean":0.0640895739198,"dmean2":0.103243067861,"dvar":0.00304116006009,"dvar2":0.00768771907315,"max":0.98104518652,"mean":0.597118318081,"median":0.608452141285,"min":0.0129594700411,"var":0.00995585601777},"silence_rate_20dB":{"dmean":0,"dmean2":0,"dvar":0,"dvar2":0,"max":1,"mean":1,"median":1,"min":1,"var":0},"silence_rate_30dB":{"dmean":0,"dmean2":0,"dvar":0,"dvar2":0,"max":1,"mean":1,"median":1,"min":1,"var":0},"silence_rate_60dB":{"dmean":0.0075007500127,"dmean2":0.0150037510321,"dvar":0.0074438713491,"dvar2":0.0162796527147,"max":1,"mean":0.0577471144497,"median":0,"min":0,"var":0.0544120445848},"spectral_centroid":{"dmean":249.158584595,"dmean2":377.012573242,"dvar":66002.40625,"dvar2":133827.84375,"max":11765.9003906,"mean":1856.48596191,"median":1815.27026367,"min":300.230041504,"var":789125.5625},"spectral_complexity":{"dmean":4.13681364059,"dmean2":5.93698406219,"dvar":16.8995494843,"dvar2":30.7032871246,"max":56,"mean":25.2579879761,"median":26,"min":0,"var":104.941436768},"spectral_contrast_coeffs":{"dmean":[0.0529960766435,0.0489537939429,0.042058609426,0.0340321548283,0.0220021251589,0.0157663840801],"dmean2":[0.0845092758536,0.080184660852,0.0673600882292,0.0535705052316,0.0346593372524,0.0257174167782],"dvar":[0.0018198491307,0.00153245974798,0.00118063727859,0.000732148706447,0.000322745065205,0.000184135627933],"dvar2":[0.00448960438371,0.00399306835607,0.00289816921577,0.00170431449078,0.000749819097109,0.000456596259028],"max":[-0.277808576822,-0.419940531254,-0.425245672464,-0.496365666389,-0.565977334976,-0.649210751057],"mean":[-0.60236209631,-0.719311058521,-0.72699868679,-0.752208054066,-0.770361185074,-0.746431350708],"median":[-0.598912298679,-0.720867693424,-0.727516770363,-0.752006590366,-0.773702740669,-0.741720557213],"min":[-0.9782538414,-0.98685413599,-0.974521160126,-0.976610183716,-0.975772380829,-0.965664505959],"var":[0.00861285533756,0.005897175055,0.00558722671121,0.00445453356951,0.00252910424024,0.00121451215819]},"spectral_contrast_valleys":{"dmean":[0.450167089701,0.337302982807,0.306511551142,0.267060637474,0.221196815372,0.192183330655],"dmean2":[0.727203726768,0.550609946251,0.481759428978,0.408164560795,0.316508740187,0.289161205292],"dvar":[0.173606052995,0.10157994926,0.0913905873895,0.0743811130524,0.0654472410679,0.0642410740256],"dvar2":[0.371452718973,0.222557365894,0.178865686059,0.134742081165,0.102655857801,0.113361164927],"max":[-5.71185064316,-4.85453748703,-5.39894914627,-5.85496330261,-5.49529743195,-7.95985174179],"mean":[-8.34470844269,-6.7108039856,-7.35326290131,-7.63555765152,-7.24008798599,-9.8909778595],"median":[-8.03653144836,-6.34653329849,-7.02492904663,-7.30789279938,-6.89018058777,-9.57269191742],"min":[-27.8523159027,-28.1432743073,-27.7634181976,-27.7301483154,-27.5854530334,-27.3908214569],"var":[4.14998865128,4.5709862709,4.34234714508,4.22711992264,4.24370765686,3.36681056023]},"spectral_decrease":{"dmean":1.24783483546e-9,"dmean2":1.87138615715e-9,"dvar":1.63354636236e-18,"dvar2":3.54896299706e-18,"max":1.74923622386e-28,"mean":-5.64413404902e-9,"median":-5.74541525467e-9,"min":-1.73163616779e-8,"var":6.83703074737e-18},"spectral_energy":{"dmean":0.00509077031165,"dmean2":0.00757313752547,"dvar":0.0000266902025032,"dvar2":0.000057010933233,"max":0.0703964754939,"mean":0.0239452514797,"median":0.0245583597571,"min":1.01687122159e-20,"var":0.000119944685139},"spectral_energyband_high":{"dmean":0.000319344049785,"dmean2":0.000459177332232,"dvar":2.01524741783e-7,"dvar2":4.04863669701e-7,"max":0.0167901366949,"mean":0.00106627610512,"median":0.000922986539081,"min":7.16587372448e-21,"var":5.91557181906e-7},"spectral_energyband_low":{"dmean":0.00086721056141,"dmean2":0.00131419696845,"dvar":0.00000343176475326,"dvar2":0.00000675784440318,"max":0.048672247678,"mean":0.00207369844429,"median":0.00112573418301,"min":1.56666403159e-23,"var":0.000009624473023},"spectral_energyband_middle_high":{"dmean":0.00280211423524,"dmean2":0.00405737711117,"dvar":0.00001002495992,"dvar2":0.0000221017380682,"max":0.0436243526638,"mean":0.00960382539779,"median":0.00885995104909,"min":1.29710391783e-21,"var":0.0000502476214024},"spectral_energyband_middle_low":{"dmean":0.00414537219331,"dmean2":0.00645071454346,"dvar":0.0000217292308662,"dvar2":0.0000526416006323,"max":0.0635200664401,"mean":0.0119271082804,"median":0.0107722124085,"min":1.74354895553e-22,"var":0.0000547637064301},"spectral_entropy":{"dmean":0.102369047701,"dmean2":0.150347352028,"dvar":0.00955565553159,"dvar2":0.0192730110139,"max":9.81658935547,"mean":7.76929569244,"median":7.78105115891,"min":6.28609323502,"var":0.0862993225455},"spectral_flux":{"dmean":0.018177062273,"dmean2":0.028616597876,"dvar":0.000284545909381,"dvar2":0.000657008611597,"max":0.215377539396,"mean":0.0857016965747,"median":0.0882252827287,"min":6.55884860312e-11,"var":0.00110399979167},"spectral_kurtosis":{"dmean":0.898966610432,"dmean2":1.5129339695,"dvar":0.890840113163,"dvar2":2.54055047035,"max":23.6687965393,"mean":3.40389847755,"median":3.22976160049,"min":-1.2736082077,"var":2.32255315781},"spectral_rms":{"dmean":0.000509312958457,"dmean2":0.000741894240491,"dvar":2.46947138294e-7,"dvar2":4.79230379824e-7,"max":0.00828730873764,"mean":0.00461970642209,"median":0.00489483168349,"min":3.14971356288e-12,"var":0.00000201947227652},"spectral_rolloff":{"dmean":445.283752441,"dmean2":723.550048828,"dvar":408582.09375,"dvar2":847321.375,"max":19509.0820313,"mean":2181.90332031,"median":1981.0546875,"min":21.533203125,"var":2824945},"spectral_skewness":{"dmean":0.136028841138,"dmean2":0.221143200994,"dvar":0.0148651609197,"dvar2":0.0387232042849,"max":3.35943722725,"mean":1.30234324932,"median":1.30252087116,"min":-0.0662151500583,"var":0.0585921034217},"spectral_spread":{"dmean":350084.25,"dmean2":524558.3125,"dvar":399802925056,"dvar2":636323495936,"max":43210208,"mean":4616006,"median":4229838.5,"min":1959853.125,"var":9804524290050},"spectral_strongpeak":{"dmean":0.954061806202,"dmean2":1.59249794483,"dvar":1.52894186974,"dvar2":3.81530547142,"max":12.7201852798,"mean":1.68270981312,"median":1.18722486496,"min":0,"var":2.65302753448},"zerocrossingrate":{"dmean":0.00818555988371,"dmean2":0.00991434417665,"dvar":0.000103504738945,"dvar2":0.000140556221595,"max":0.5263671875,"mean":0.0816947892308,"median":0.07861328125,"min":0,"var":0.0017129171174}},"metadata":{"audio_properties":{"analysis_sample_rate":44100,"bit_rate":192032,"codec":"mp3","downmix":"mix","equal_loudness":0,"length":154.775512695,"lossless":false,"md5_encoded":"980c3ac91c26afb3f74ce4d5dd6d33c6","replay_gain":-12.9646377563,"sample_rate":44100},"tags":{"album":["The Beatles' Second Album"],"albumartist":["The Beatles"],"artist":["The Beatles"],"artistwebpage":["http://www.beatles.com/"],"asin":["B000002UAC"],"barcode":["077774643610"],"bpm":["123"],"composer":["Brian Holland"],"contentgroup":["Medium"],"date":["1963"],"discnumber":["1/1"],"file_name":"C:\\Users\\KMC\\AppData\\Local\\Temp\\copy8342990251026878660.mp3","genre":["British Invasion"],"initialkey":["A"],"isrc":["GBAYE0900625"],"language":["eng"],"musicbrainz_recordingid":["939b0616-c574-40da-8fd0-6afc0f4a5af5"],"musicip_puid":["9acb17bc-9e74-4714-3e19-4e8d39b5f7cc"],"title":["Please Mr.Postman"],"tracknumber":["9/11"]},"version":{"essentia":"2.1-beta2","essentia_build_sha":"2d9f1f26377add8aeb1075a9c2973f962c4f09fd","essentia_git_sha":"v2.1_beta2-1-ge3940c0","extractor":"music 1.0"}},"rhythm":{"beats_count":315,"beats_loudness":{"dmean":0.00788085814565,"dmean2":0.0134105281904,"dvar":0.0000430969776062,"dvar2":0.00012291452731,"max":0.0565499253571,"mean":0.0299409162253,"median":0.0303773041815,"min":0,"var":0.000109124608571},"beats_loudness_band_ratio":{"dmean":[0.187085941434,0.108099117875,0.155589684844,0.144194230437,0.138837456703,0.0544718801975],"dmean2":[0.348271101713,0.189171567559,0.26531842351,0.24517545104,0.247139126062,0.103520207107],"dvar":[0.0328420959413,0.00987904705107,0.0147286551073,0.0172693971545,0.0121427224949,0.00170283555053],"dvar2":[0.082412302494,0.0285880509764,0.0423481985927,0.044739741832,0.0321669243276,0.00532716559246],"max":[0.992166161537,0.575627803802,0.726357042789,0.730139672756,0.670878827572,0.304662525654],"mean":[0.172415465117,0.139367058873,0.256185173988,0.17464967072,0.1956962049