{"lowlevel":{"average_loudness":0.947998523712,"barkbands":{"dmean":[0.00848373584449,0.0256751105189,0.00569571368396,0.001146906754,0.00105247122701,0.000744027609471,0.000425948586781,0.000404566671932,0.000448406528449,0.000498258159496,0.000692066561896,0.00124529958703,0.00163693958893,0.00114234280773,0.00100001553074,0.000715364702046,0.000453167187516,0.00028817311977,0.00019243992574,0.000103461788967,0.0000587829417782,0.0000401463112212,0.0000195852808247,0.00000550947925149,0.0000041263338062,0.000013490946003,0.000634798838291],"dmean2":[0.0144086983055,0.0431920923293,0.00958413723856,0.00193431403022,0.00173998100217,0.00120970001444,0.000697151757777,0.00067089026561,0.000738213013392,0.000816394516733,0.00115283008199,0.00207190029323,0.00273566273972,0.001909713028,0.00167704548221,0.00120965542737,0.000763951858971,0.000480877468362,0.000315890240017,0.000164468132425,0.0000905356646399,0.0000612215299043,0.0000298763989122,0.0000089622590167,0.00000681566098137,0.0000206284803426,0.000979182543233],"dvar":[0.000365276850061,0.000969699700363,0.0000597340804234,0.0000032045700209,0.0000045796878112,0.00000487036277264,0.00000128902047436,0.00000142058809161,0.00000126600173189,0.00000143032343658,0.00000167814869201,0.00000343847909789,0.00000508395032739,0.00000213535190596,0.0000016167218746,8.07283811355e-7,3.38855727477e-7,1.50899452933e-7,8.55493809127e-8,3.00077509507e-8,1.81454105075e-8,6.00341154566e-9,1.32050015367e-9,7.19816428685e-11,3.60693454271e-11,3.82221199136e-10,3.74119622393e-7],"dvar2":[0.00092123192735,0.00260067568161,0.000158177281264,0.00000830847875477,0.0000111889157779,0.0000125011911223,0.00000316171690429,0.00000360305534741,0.00000332615354637,0.00000350378172698,0.00000421221375291,0.00000858358544065,0.0000132522363856,0.00000558164538234,0.00000424796917287,0.00000222832045438,9.13576968742e-7,4.07322403362e-7,2.21360451746e-7,7.12905432465e-8,4.16430054884e-8,1.32131727781e-8,2.96234170527e-9,1.63425592503e-10,8.84290557446e-11,8.70442773415e-10,8.82556719262e-7],"max":[0.243020787835,0.367684364319,0.102363355458,0.0609404221177,0.0626753717661,0.0725207403302,0.0346015654504,0.0356956459582,0.0384913310409,0.0343451835215,0.0290005337447,0.0586784034967,0.0595230534673,0.0368864350021,0.0410589165986,0.0222371611744,0.0140562122688,0.0114946737885,0.00794726517051,0.00407944247127,0.00646972982213,0.00228438153863,0.0013454942964,0.000467574718641,0.000102354999399,0.000545490882359,0.0142516493797],"mean":[0.00731882313266,0.0331271998584,0.00708409352228,0.00139084761031,0.0014321487397,0.000959681347013,0.000573012803216,0.000542580324691,0.000629409682006,0.000707721279468,0.00101029418875,0.00204529892653,0.00274203391746,0.0019999705255,0.00188985513523,0.00137465784792,0.000930536829401,0.000613805546891,0.000403110432671,0.000235956220422,0.000144637728226,0.0000952265691012,0.0000421922741225,0.00000804675528343,0.00000437997641711,0.0000315549805237,0.00257776747458],"median":[0.0016861128388,0.0220844112337,0.00416595488787,0.000810989236925,0.000726328114979,0.000338797835866,0.000223799783271,0.000220043657464,0.000294547731755,0.000384105340345,0.000549956865143,0.00147711136378,0.00202848948538,0.00156642484944,0.00145042873919,0.00110930227675,0.000729091465473,0.000452654174296,0.0002441125107,0.000145176178194,0.0000954484057729,0.0000724447381799,0.0000323542844853,0.00000533994807483,0.00000207120319828,0.0000260691031144,0.00223812926561],"min":[2.70590334543e-24,4.32439861505e-24,4.22490392781e-24,8.19756563688e-24,2.46040178535e-23,2.25486202546e-23,1.66030150549e-23,2.34650273464e-23,6.86201260697e-23,3.10847831358e-23,1.27914434759e-23,4.41012341965e-23,4.57957705298e-23,1.06190497583e-22,3.83356549441e-23,1.09960672109e-22,1.20109235126e-22,9.58311509324e-23,2.27240307343e-22,1.96020600594e-22,2.91650560441e-22,4.65793410182e-22,3.90023534806e-22,7.84728536255e-22,1.02651811451e-21,1.66141043567e-21,2.16073530633e-21],"var":[0.000311551702907,0.001167624956,0.0000738407688914,0.00000406798062613,0.00000650594529361,0.00000632230057818,0.0000017983060161,0.00000197754388864,0.00000170543250988,0.00000177256731604,0.00000251505457527,0.00000499534962728,0.00000811840254755,0.00000339873895427,0.00000302845364786,0.00000123998552226,6.42787142624e-7,3.67592122075e-7,2.27194036029e-7,8.17478351678e-8,4.23365094093e-8,1.26724266636e-8,2.69150901566e-9,1.42532569081e-10,4.09652173294e-11,8.16354706057e-10,0.00000268319672614]},"barkbands_crest":{"dmean":4.06532335281,"dmean2":6.74475574493,"dvar":10.4651975632,"dvar2":28.1783390045,"max":26.5276756287,"mean":11.9509744644,"median":11.6359443665,"min":2.48143386841,"var":24.1375732422},"barkbands_flatness_db":{"dmean":0.0320828929543,"dmean2":0.0522621907294,"dvar":0.000750318809878,"dvar2":0.00195126398467,"max":0.409953415394,"mean":0.1322491467,"median":0.124629236758,"min":0.0358128659427,"var":0.00183596974239},"barkbands_kurtosis":{"dmean":5.12533283234,"dmean2":8.29396438599,"dvar":151.881072998,"dvar2":326.337127686,"max":770.847290039,"mean":5.12812662125,"median":1.50031816959,"min":-1.73768126965,"var":217.575668335},"barkbands_skewness":{"dmean":0.89819842577,"dmean2":1.42661118507,"dvar":0.849148213863,"dvar2":1.98864972591,"max":24.7640380859,"mean":1.81959939003,"median":1.49609136581,"min":-1.86538529396,"var":2.02960467339},"barkbands_spread":{"dmean":12.1724100113,"dmean2":19.57421875,"dvar":106.662506104,"dvar2":266.32699585,"max":115.231147766,"mean":42.5672607422,"median":42.8119850159,"min":0.398707717657,"var":323.756958008},"dissonance":{"dmean":0.00760852824897,"dmean2":0.0131696686149,"dvar":0.0000734560235287,"dvar2":0.000206763739698,"max":0.500000178814,"mean":0.489758640528,"median":0.492608815432,"min":0.341590613127,"var":0.0000964176288107},"dynamic_complexity":1.66315031052,"erbbands":{"dmean":[0.9018445611,5.49270153046,8.54735469818,3.87364387512,4.05730342865,3.150141716,3.78501677513,6.9109082222,6.44309568405,7.39079761505,8.31847763062,10.5643072128,12.580988884,18.2179508209,31.4709262848,54.6823997498,74.5523986816,46.9570541382,59.7905578613,48.650352478,32.3411483765,22.5688743591,16.4650211334,11.6107912064,7.68963384628,4.72211551666,2.85891056061,2.13220500946,1.52002000809,1.00604760647,0.488798826933,0.166739836335,0.070558167994,0.0460036508739,0.0295403115451,0.0178804658353,0.0245783291757,0.038594968617,0.0249536894262,0.014823907055],"dmean2":[1.5502948761,9.19061470032,14.169719696,6.47585582733,6.72157859802,5.24324703217,6.24991893768,11.25096035,10.4655046463,12.1900501251,13.6546840668,17.4247570038,20.7531299591,29.7270526886,52.3096199036,90.5389480591,124.116622925,77.7816162109,99.8896255493,81.9053573608,54.5007781982,37.8398284912,27.3296413422,19.2272148132,12.405043602,7.4515209198,4.44660425186,3.2724108696,2.31990623474,1.54034531116,0.742238581181,0.260856062174,0.115973442793,0.0760195106268,0.0487416610122,0.029340846464,0.0371451973915,0.0560488626361,0.0351098440588,0.0226219911128],"dvar":[2.32878851891,43.0878562927,127.894554138,25.5248889923,76.9283752441,36.4698829651,152.154327393,460.809204102,303.693115234,461.734558105,576.498291016,870.366271973,604.542419434,1509.84997559,3153.40429688,5869.98388672,11351.4238281,3144.30517578,5601.80712891,4402.25537109,1437.2734375,826.592163086,499.046417236,298.632232666,151.435073853,62.5197525024,44.2719039917,18.4577636719,8.86396789551,3.65608119965,0.767621397972,0.0649797767401,0.0147307533771,0.00458675343543,0.00180802005343,0.000625947723165,0.00125953170937,0.00420079519972,0.00119574391283,0.000195178232389],"dvar2":[6.32423591614,113.039085388,330.362060547,66.0740432739,190.696334839,90.6971130371,388.321258545,1209.00073242,720.286315918,1174.27709961,1460.52893066,2326.26123047,1518.78344727,3655.81518555,7937.28417969,14838.5263672,29476.5488281,8280.89453125,14812.9912109,11523.2441406,3965.421875,2235.42114258,1343.45678711,773.987487793,380.22265625,147.665145874,106.589424133,40.9427604675,19.4956951141,8.33539581299,1.68222951889,0.139635592699,0.0352794937789,0.0112393209711,0.0044301119633,0.0015181141207,0.00274560507387,0.00939948577434,0.00230158213526,0.000451928965049],"max":[16.9729137421,83.1600341797,144.462356567,105.534873962,276.971618652,261.800292969,536.063171387,818.405700684,567.605895996,676.614135742,724.639526367,998.3203125,702.33795166,1173.15161133,1346.96777344,1884.33361816,3200.2019043,1929.43798828,1394.57397461,2482.04492188,773.926879883,684.536315918,713.200927734,512.835388184,331.298828125,190.255950928,385.85067749,140.489181519,92.3124008179,53.7910041809,35.1265869141,14.3867969513,6.16862535477,1.15383720398,0.726373076439,0.545615613461,1.07238066196,1.53980398178,1.11212730408,0.31048604846],"mean":[0.971432566643,7.12870121002,11.1670284271,5.47999095917,5.27924966812,4.16609621048,4.73228311539,8.8329334259,8.69306850433,10.0364723206,11.8914995193,14.6210365295,18.7517566681,28.2085056305,51.3580665588,94.8913040161,128.394012451,93.4446029663,111.755493164,95.7277450562,68.2513122559,50.5291824341,37.5391273499,25.292842865,16.8612442017,10.9796829224,6.89829492569,5.13127326965,3.58543205261,2.2485575676,1.05494463444,0.316515922546,0.080086864531,0.0487530641258,0.031906157732,0.0218498576432,0.0602606013417,0.11771646142,0.106235660613,0.0698898211122],"median":[0.534156143665,4.58251237869,6.70410346985,3.63834643364,2.60752916336,2.12636852264,2.17704963684,2.99876356125,3.11580371857,4.11153793335,5.05393600464,6.45810317993,11.0609369278,15.4312143326,32.2394828796,71.3120956421,95.8734817505,76.81640625,87.5373306274,75.0374069214,57.3445091248,40.8544578552,28.6576480865,16.2073059082,10.4676933289,6.80288171768,4.29807806015,3.54871058464,2.71206212044,1.73096072674,0.816882610321,0.240270242095,0.0381268374622,0.0227914825082,0.0155215403065,0.0121860401705,0.050683580339,0.0959570929408,0.0726774558425,0.0630355998874],"min":[1.98407403392e-22,1.81678185423e-21,8.00750091719e-21,1.52651060635e-20,5.14353506465e-20,7.10921928422e-20,1.24465052515e-19,2.45404454464e-19,2.53295266369e-19,3.47590754273e-19,8.40291115069e-19,1.41682638604e-18,8.44307283738e-19,9.46366688872e-19,1.85950056945e-18,1.64431687433e-18,2.25958591146e-18,4.87761854725e-18,4.94605698959e-18,3.11730210312e-18,5.9418633331e-18,7.07846077994e-18,5.41354803894e-18,9.22695406039e-18,1.33849047952e-17,9.77223731045e-18,1.14389053287e-17,1.25103755372e-17,1.56039185316e-17,1.36226712448e-17,1.2317186678e-17,1.47507611391e-17,1.07679609359e-17,1.06277604395e-17,7.57196996828e-18,4.81039564682e-18,2.85568390052e-18,1.25525588533e-18,2.66370070872e-19,3.4447329149e-20],"var":[1.95314288139,58.3592453003,170.687606812,37.2291870117,99.4847869873,63.8129806519,147.19152832,612.659301758,457.388671875,634.513244629,837.114746094,1104.4407959,813.585144043,2141.59179688,4892.36474609,8903.00195312,17877.6191406,5414.06787109,9835.31835938,7925.09130859,2483.70239258,1656.49353027,1255.99816895,830.515075684,387.420776367,174.470672607,104.757865906,43.6361274719,18.5455207825,7.17589330673,1.62481486797,0.156134784222,0.0219306293875,0.00519178807735,0.00207383465022,0.000801881949883,0.00288530113176,0.0114562222734,0.0105851506814,0.00147059070878]},"erbbands_crest":{"dmean":2.0901799202,"dmean2":3.54524850845,"dvar":3.74257302284,"dvar2":10.2189559937,"max":28.391708374,"mean":7.70452451706,"median":7.14512634277,"min":2.41277599335,"var":6.79948806763},"erbbands_flatness_db":{"dmean":0.0196902621537,"dmean2":0.0309536550194,"dvar":0.000258338841377,"dvar2":0.000628237321507,"max":0.344626039267,"mean":0.149740830064,"median":0.148425713181,"min":0.0354219190776,"var":0.000956918753218},"erbbands_kurtosis":{"dmean":1.33521842957,"dmean2":2.15879797935,"dvar":1.55076301098,"dvar2":3.84531283379,"max":26.4432201385,"mean":2.57801389694,"median":2.4961707592,"min":-1.70741045475,"var":4.02392148972},"erbbands_skewness":{"dmean":0.353472948074,"dmean2":0.572508633137,"dvar":0.0870488584042,"dvar2":0.219049394131,"max":3.1510643959,"mean":-0.809921741486,"median":-0.862009823322,"min":-4.30475091934,"var":0.283724844456},"erbbands_spread":{"dmean":6.86967945099,"dmean2":10.8093032837,"dvar":50.9223327637,"dvar2":109.922920227,"max":92.3325195312,"mean":22.8286838531,"median":19.9872283936,"min":3.8167693615,"var":134.423599243},"gfcc":{"cov":[[4195.5,99.4626312256,-235.958221436,78.8645401001,20.3878269196,-137.921401978,84.9853363037,-103.449874878,8.50284194946,-31.7301616669,-18.0200080872,34.5516357422,-37.0886955261],[99.4626312256,474.232208252,9.46639728546,-158.852035522,46.5945892334,-2.43499946594,-42.2438392639,9.83216762543,13.251871109,-5.68646717072,34.1804847717,-36.2999916077,47.5657653809],[-235.958221436,9.46639728546,267.487243652,79.1473922729,-56.5768280029,105.574188232,-89.8446960449,90.6324691772,-27.8488578796,32.5525779724,-7.54017019272,-12.2633333206,16.974105835],[78.8645401001,-158.852035522,79.1473922729,220.877761841,55.4090881348,1.21285414696,62.5454063416,-7.78516960144,8.72633743286,-7.1709189415,-18.7688331604,20.8115139008,-37.8228225708],[20.3878269196,46.5945892334,-56.5768280029,55.4090881348,199.451599121,19.9034481049,58.4306983948,-22.4640655518,8.84442901611,-31.1815891266,8.41095638275,-10.7592058182,-0.40115660429],[-137.921401978,-2.43499946594,105.574188232,1.21285414696,19.9034481049,162.53968811,-48.0492172241,59.0763244629,-30.6105117798,6.50695610046,-5.66052103043,-6.74997615814,24.1011371613],[84.9853363037,-42.2438392639,-89.8446960449,62.5454063416,58.4306983948,-48.0492172241,176.353317261,-42.9707641602,66.835144043,-14.6080503464,-8.45849514008,33.8398475647,-48.2720870972],[-103.449874878,9.83216762543,90.6324691772,-7.78516960144,-22.4640655518,59.0763244629,-42.9707641602,129.974472046,-6.06745195389,35.3690299988,13.522485733,-35.3464813232,31.6140556335],[8.50284194946,13.251871109,-27.8488578796,8.72633743286,8.84442901611,-30.6105117798,66.835144043,-6.06745195389,93.08152771,20.3874835968,0.952917933464,22.2300014496,-35.3216667175],[-31.7301616669,-5.68646717072,32.5525779724,-7.1709189415,-31.1815891266,6.50695610046,-14.6080503464,35.3690299988,20.3874835968,57.0385093689,27.9745388031,1.84086346626,8.76399326324],[-18.0200080872,34.1804847717,-7.54017019272,-18.7688331604,8.41095638275,-5.66052103043,-8.45849514008,13.522485733,0.952917933464,27.9745388031,50.9490814209,13.5078678131,21.7442398071],[34.5516357422,-36.2999916077,-12.2633333206,20.8115139008,-10.7592058182,-6.74997615814,33.8398475647,-35.3464813232,22.2300014496,1.84086346626,13.5078678131,66.4878540039,-2.20413851738],[-37.0886955261,47.5657653809,16.974105835,-37.8228225708,-0.40115660429,24.1011371613,-48.2720870972,31.6140556335,-35.3216667175,8.76399326324,21.7442398071,-2.20413851738,65.9810562134]],"icov":[[0.000311008188874,-0.000557884282898,0.0010579242371,-0.000948458560742,0.000347223947756,-0.000154380744789,0.000338021520292,-0.000388993852539,0.000519199122209,-0.000650202622637,0.000732012500521,-0.000605021312367,0.000356190808816],[-0.000557884282898,0.00660581327975,-0.00762206176296,0.0077990591526,-0.00310989608988,0.00220235669985,-0.00228548003361,0.00388378626667,-0.0053466563113,0.00637344503775,-0.00662812404335,0.00581186776981,-0.00433081248775],[0.0010579242371,-0.00762206176296,0.0207728352398,-0.0161121282727,0.00752296252176,-0.00790327694267,0.00805608648807,-0.00767948199064,0.00389585853554,-0.00798599887639,0.00798245240003,-0.00616403622553,0.00432515051216],[-0.000948458560742,0.0077990591526,-0.0161121282727,0.021264443174,-0.0105201778933,0.00788099318743,-0.00691328616813,0.0022987194825,0.00148647441529,0.00186162209138,-0.000724385608919,-0.0013796769781,0.00181829312351],[0.000347223947756,-0.00310989608988,0.00752296252176,-0.0105201778933,0.0145671945065,-0.00821983721107,-0.000415142450947,0.00300127221271,-0.0059044812806,0.0085586104542,-0.00979361031204,0.00969540607184,-0.00492574460804],[-0.000154380744789,0.00220235669985,-0.00790327694267,0.00788099318743,-0.00821983721107,0.0144793735817,-0.000706655904651,-0.00477928994223,0.00571840535849,-0.00340603082441,0.00724996859208,-0.00790181290358,0.00217087101191],[0.000338021520292,-0.00228548003361,0.00805608648807,-0.00691328616813,-0.000415142450947,-0.000706655904651,0.0150104798377,-0.00407665874809,-0.00423583388329,-0.0000969674365479,0.00352591858245,-0.00683968048543,0.00534764397889],[-0.000388993852539,0.00388378626667,-0.00767948199064,0.0022987194825,0.00300127221271,-0.00477928994223,-0.00407665874809,0.022370358929,-0.0108275637031,0.00313703645952,-0.0116901118308,0.019619692117,-0.0133672589436],[0.000519199122209,-0.0053466563113,0.00389585853554,0.00148647441529,-0.0059044812806,0.00571840535849,-0.00423583388329,-0.0108275637031,0.0345344357193,-0.0243961345404,0.0190081875771,-0.0210229773074,0.0187216680497],[-0.000650202622637,0.00637344503775,-0.00798599887639,0.00186162209138,0.0085586104542,-0.00340603082441,-0.0000969674365479,0.00313703645952,-0.0243961345404,0.0536903291941,-0.0376086123288,0.0185209065676,-0.00929507892579],[0.000732012500521,-0.00662812404335,0.00798245240003,-0.000724385608919,-0.00979361031204,0.00724996859208,0.00352591858245,-0.0116901118308,0.0190081875771,-0.0376086123288,0.0576263144612,-0.0280658043921,0.00343648763373],[-0.000605021312367,0.00581186776981,-0.00616403622553,-0.0013796769781,0.00969540607184,-0.00790181290358,-0.00683968048543,0.019619692117,-0.0210229773074,0.0185209065676,-0.0280658043921,0.0441161356866,-0.018185634166],[0.000356190808816,-0.00433081248775,0.00432515051216,0.00181829312351,-0.00492574460804,0.00217087101191,0.00534764397889,-0.0133672589436,0.0187216680497,-0.00929507892579,0.00343648763373,-0.018185634166,0.0374189242721]],"mean":[45.9244346619,79.2609481812,-108.373939514,6.42298460007,21.8347873688,-2.54677319527,11.9857854843,-22.0964660645,8.34767055511,-6.79001379013,-2.56563282013,0.628751993179,-11.9416904449]},"hfc":{"dmean":178.368392944,"dmean2":275.966888428,"dvar":49410.8320312,"dvar2":114308.125,"max":3209.69018555,"mean":420.043823242,"median":325.634429932,"min":1.14327080916e-16,"var":98520.9140625},"melbands":{"dmean":[0.00774963386357,0.005452723708,0.00066952733323,0.000256434432231,0.000127945837448,0.000151661864948,0.0000939367964747,0.000082680824562,0.0000691647801432,0.0000676655472489,0.0000648337809253,0.0000741867188481,0.000100999248389,0.000132102373755,0.000177290523425,0.000144738005474,0.0000939894089242,0.000112310910481,0.0000701823009877,0.0000609195085417,0.0000394767121179,0.0000250394878094,0.0000237173644564,0.0000129023937916,0.0000101749319583,0.00000690986917107,0.00000497458313475,0.00000310194286612,0.00000210454822991,0.00000149960226281,0.00000129562397433,9.70964606495e-7,7.72345572386e-7,5.31431737727e-7,3.31929584263e-7,1.79401808964e-7,7.55916005346e-8,5.05185084876e-8,4.2405030598e-8,3.75791309182e-8],"dmean2":[0.013159786351,0.0089898891747,0.00110751402099,0.000422803481342,0.000210774596781,0.000245883595198,0.000152734137373,0.000136904243845,0.000113540154416,0.000111839763122,0.000107104249764,0.000121452860185,0.000167945181602,0.000219112029299,0.00029404394445,0.000242334223003,0.000157092974405,0.000188714795513,0.000118033691251,0.000103192272945,0.0000668252323521,0.000042332609155,0.000039815036871,0.0000216177322727,0.0000169475697476,0.0000113597570817,0.00000806683692645,0.00000496939037475,0.00000336876655638,0.0000023613324629,0.00000203864146897,0.00000151516223923,0.00000120984384466,8.32698788145e-7,5.15373528742e-7,2.77072018662e-7,1.22056235341e-7,8.32205344636e-8,7.01150852933e-8,6.20936688733e-8],"dvar":[0.000121189834317,0.0000453404682048,7.78032813287e-7,2.82070317326e-7,1.25739546775e-7,2.03570181156e-7,6.26031351203e-8,5.95504978662e-8,3.94885155686e-8,3.34615890552e-8,1.75099046373e-8,2.82694436748e-8,3.53490214877e-8,4.47432029205e-8,5.78742245239e-8,3.92559904583e-8,1.33004256497e-8,2.09216004521e-8,8.40534664093e-9,6.66335076005e-9,2.1335986311e-9,1.0172034326e-9,1.09376618873e-9,3.73343078675e-10,2.44558567841e-10,1.17234791319e-10,7.27175195059e-11,2.74326499017e-11,2.44543951061e-11,1.15060183603e-11,6.25522767264e-12,3.59528878023e-12,2.15558148588e-12,1.0150483969e-12,3.85937158967e-13,6.74860964637e-14,1.78484241547e-14,9.95204336014e-15,4.00884896771e-15,3.04759976851e-15],"dvar2":[0.000324867723975,0.000116759940283,0.00000198305451704,6.95046253441e-7,3.16297587233e-7,5.25489099346e-7,1.48721525761e-7,1.51256344338e-7,1.01086534698e-7,8.92763765137e-8,4.39866134627e-8,6.85592311811e-8,8.88863667114e-8,1.11100057154e-7,1.51242389279e-7,1.03810869234e-7,3.51810882648e-8,5.53896946087e-8,2.2245481901e-8,1.81831207868e-8,5.89164805831e-9,2.79453415963e-9,2.92670088164e-9,1.00236652312e-9,6.42849662391e-10,3.09000630638e-10,1.8166786131e-10,6.66095026358e-11,6.0664584467e-11,2.701865294e-11,1.43629986377e-11,8.15254287689e-12,5.04384858532e-12,2.37776356764e-12,8.84273502946e-13,1.4364689451e-13,4.1036164538e-14,2.4291715693e-14,9.81406169303e-15,7.47468459469e-15],"max":[0.123343512416,0.0815809518099,0.0211266521364,0.0154228536412,0.0141388168558,0.0164101738483,0.00748757366091,0.00687337620184,0.00523809622973,0.00548415863886,0.0035400618799,0.0052142739296,0.00434906827286,0.00830752775073,0.00596618419513,0.00503521692008,0.00398354232311,0.00302487215959,0.00313658220693,0.00209053885192,0.000838614476379,0.000825402908958,0.000989556894638,0.000721075688489,0.000468965416076,0.000342714309227,0.000255840044701,0.000132031651447,0.000339422869729,0.000169087870745,0.0000837289408082,0.0000595576238993,0.0000429681895184,0.000030148850783,0.0000248643136729,0.00000890293631528,0.00000930510395847,0.00000667467020321,0.00000106251081888,9.39501376251e-7],"mean":[0.00939371064305,0.00748035684228,0.000992300920188,0.000346728222212,0.000165446283063,0.000196998051251,0.000128397063236,0.000111224413558,0.0000972432171693,0.0000921376267797,0.0000933337869355,0.000108755331894,0.000153119282913,0.000213987979805,0.00029668721254,0.000241931629716,0.000167590260389,0.000191743893083,0.000132115776069,0.000111051376734,0.0000746620717109,0.0000510590762133,0.0000467235731776,0.0000260714386968,0.0000200793656404,0.0000136776516229,0.00000999574058369,0.000006623723948,0.00000457666465081,0.00000330589159603,0.00000284717384602,0.00000211061137634,0.00000163259562669,0.00000108923256903,6.60653483919e-7,3.65990132423e-7,1.13764869525e-7,5.27759667079e-8,4.41130190154e-8,3.94938304282e-8],"median":[0.00585179915652,0.0047915619798,0.000666116888169,0.000172378029674,0.0000796200110926,0.0000678781580064,0.0000472055799037,0.0000448177961516,0.0000408857486036,0.0000416974326072,0.0000541707340744,0.0000561835659028,0.0000872011878528,0.000151025102241,0.000221841197344,0.000178703325219,0.000132730521727,0.000146240912727,0.000100419747469,0.0000854327590787,0.0000611349823885,0.0000407814004575,0.000035294022382,0.000018175374862,0.0000122694618767,0.0000082425913206,0.00000596636482442,0.00000402535852118,0.00000275247225545,0.00000214028477785,0.00000196192331714,0.0000015636351236,0.00000123076756608,8.13235715214e-7,4.95941435474e-7,2.81985109041e-7,7.62828875622e-8,2.16608544434e-8,1.9770864057e-8,1.83366282158e-8],"min":[2.52595234004e-24,4.7952582509e-24,4.80268498189e-24,3.93792658569e-24,4.93295431633e-24,5.632947674e-24,3.77849109142e-24,4.26092292232e-24,7.56393835831e-24,8.74679899809e-24,3.76620182181e-24,4.04522823488e-24,4.425568054e-24,6.9443599036e-24,4.04975708533e-24,4.55245988048e-24,9.06472572011e-24,7.04284208787e-24,3.52951475682e-24,5.15384799157e-24,6.60603166085e-24,6.83705273239e-24,5.36092240147e-24,4.77660997353e-24,7.59212672504e-24,9.23893697356e-24,7.5501064712e-24,5.48972682121e-24,7.14056459909e-24,7.56971203127e-24,6.7579157841e-24,9.24285918998e-24,7.19965738064e-24,7.06461070455e-24,5.51466232e-24,6.98151051907e-24,9.80131354631e-24,4.93607189463e-24,9.49934390267e-24,9.02115062143e-24],"var":[0.000119833661302,0.0000641888182145,0.00000117467379823,3.97218940407e-7,1.35146521529e-7,2.79588988406e-7,9.46749523223e-8,8.20094001597e-8,5.57856054684e-8,4.23931076909e-8,2.25668177478e-8,3.81611400257e-8,5.3684452439e-8,6.31221368508e-8,9.01375187823e-8,5.96089364535e-8,2.07432453436e-8,3.35843708399e-8,1.55415644798e-8,1.02257287082e-8,3.35953465047e-9,1.77797465639e-9,2.15641438039e-9,8.15394085585e-10,5.95672233761e-10,2.70265032576e-10,1.6112888801e-10,6.8258863839e-11,5.22614486409e-11,2.26999859881e-11,1.37580034171e-11,6.89941333232e-12,3.91004850026e-12,1.8702008258e-12,7.20117813036e-13,1.56676212802e-13,3.80713086653e-14,1.47731185737e-14,4.58716706519e-15,3.43568803032e-15]},"melbands_crest":{"dmean":4.92589998245,"dmean2":8.13267040253,"dvar":17.7341861725,"dvar2":47.0813865662,"max":37.7995491028,"mean":18.8676052094,"median":18.8806838989,"min":1.74111199379,"var":33.5524406433},"melbands_flatness_db":{"dmean":0.0436496734619,"dmean2":0.0708891674876,"dvar":0.00122467591427,"dvar2":0.00323816970922,"max":0.557895123959,"mean":0.241998970509,"median":0.236798509955,"min":0.00408049765974,"var":0.00344466557726},"melbands_kurtosis":{"dmean":11.6406211853,"dmean2":18.791305542,"dvar":334.255126953,"dvar2":741.979858398,"max":295.453094482,"mean":13.1481409073,"median":5.38601970673,"min":-1.76643800735,"var":567.192321777},"melbands_skewness":{"dmean":1.35999965668,"dmean2":2.16731214523,"dvar":1.57059204578,"dvar2":3.84637594223,"max":13.3241767883,"mean":2.91224932671,"median":2.48717570305,"min":-1.38759827614,"var":4.02039003372},"melbands_spread":{"dmean":11.6896486282,"dmean2":19.2386207581,"dvar":104.307693481,"dvar2":269.882263184,"max":149.04750061,"mean":26.9677753448,"median":24.3271751404,"min":0.378333717585,"var":265.637268066},"mfcc":{"cov":[[2890.38989258,120.239997864,-232.464904785,216.599349976,-137.226867676,77.0580291748,-53.3768730164,49.2624816895,-69.7087554932,5.88245248795,-21.2547950745,-46.4818191528,1.29347884655],[120.239997864,598.716003418,-74.6058502197,-124.269142151,53.4124908447,-34.3313484192,-1.77212560177,-36.2221260071,11.065703392,-11.213353157,0.664603114128,18.8716373444,-0.460257053375],[-232.464904785,-74.6058502197,386.840332031,-79.587852478,82.3730697632,-66.9488372803,16.9116535187,-35.0938148499,36.5301628113,-6.85496520996,15.3611450195,8.3736743927,2.81987214088],[216.599349976,-124.269142151,-79.587852478,276.088012695,-58.5539703369,80.7179031372,-17.0548610687,65.1282806396,-22.9568634033,38.8482398987,4.66956233978,-6.30266475677,6.13123464584],[-137.226867676,53.4124908447,82.3730697632,-58.5539703369,215.613555908,-18.0862045288,80.0655517578,-26.2124824524,37.0030784607,-25.680524826,7.86950540543,6.46313381195,-11.3316869736],[77.0580291748,-34.3313484192,-66.9488372803,80.7179031372,-18.0862045288,158.339828491,-10.5825872421,73.1513977051,-18.1054649353,10.0621852875,-13.4828395844,0.351263672113,6.45115041733],[-53.3768730164,-1.77212560177,16.9116535187,-17.0548610687,80.0655517578,-10.5825872421,107.061096191,-1.99660098553,27.6450176239,-10.3087978363,0.0396630838513,-3.60080051422,-0.848721325397],[49.2624816895,-36.2221260071,-35.0938148499,65.1282806396,-26.2124824524,73.1513977051,-1.99660098553,93.678062439,10.054983139,23.5782775879,-1.12925732136,1.84162342548,4.42488145828],[-69.7087554932,11.065703392,36.5301628113,-22.9568634033,37.0030784607,-18.1054649353,27.6450176239,10.054983139,58.946849823,19.2820262909,16.7016067505,7.17200613022,-1.33603978157],[5.88245248795,-11.213353157,-6.85496520996,38.8482398987,-25.680524826,10.0621852875,-10.3087978363,23.5782775879,19.2820262909,56.1916503906,26.1421470642,10.838227272,3.7972548008],[-21.2547950745,0.664603114128,15.3611450195,4.66956233978,7.86950540543,-13.4828395844,0.0396630838513,-1.12925732136,16.7016067505,26.1421470642,49.1796798706,23.3369522095,6.5918598175],[-46.4818191528,18.8716373444,8.3736743927,-6.30266475677,6.46313381195,0.351263672113,-3.60080051422,1.84162342548,7.17200613022,10.838227272,23.3369522095,42.6218986511,18.5175762177],[1.29347884655,-0.460257053375,2.81987214088,6.13123464584,-11.3316869736,6.45115041733,-0.848721325397,4.42488145828,-1.33603978157,3.7972548008,6.5918598175,18.5175762177,38.7010574341]],"icov":[[0.000403141515562,-0.000166867510416,0.0000966510051512,-0.000312880816637,0.000140224423376,0.00000519867580806,0.0000207850662264,-0.0000659538491163,0.000174365239218,0.000212786369957,-0.000264711939963,0.000564610061701,-0.000164668483194],[-0.000166867510416,0.00215914077125,0.00076265638927,0.00108813284896,-0.000849285221193,0.000206956625334,0.000625153188594,0.000298765633488,-0.000247887481237,-0.000689916079864,0.000753907952458,-0.00114641222171,-0.0000210649541259],[0.0000966510051512,0.00076265638927,0.00349544896744,0.000642887025606,-0.00144878961146,0.00100629997905,0.00112123100553,0.000132361674332,-0.00127745966893,-0.0000466654055344,-0.000119885313325,0.000230603327509,-0.00106263218913],[-0.000312880816637,0.00108813284896,0.000642887025606,0.00610927073285,-0.000354071467882,-0.00094563420862,-0.000312247953843,-0.00210353313014,0.00317774922587,-0.0040718158707,-0.000566782604437,0.00117868336383,-0.000661907426547],[0.000140224423376,-0.000849285221193,-0.00144878961146,-0.000354071467882,0.0090553779155,-0.00224589067511,-0.00527756754309,0.00249483203515,-0.00389152998105,0.00495147518814,-0.00225753779523,-0.00204142788425,0.00351280346513],[0.00000519867580806,0.000206956625334,0.00100629997905,-0.00094563420862,-0.00224589067511,0.0122663713992,0.000982997124083,-0.00920598208904,0.00491488119587,-0.00110907864291,0.00303115788847,-0.00142832484562,-0.00110377836972],[0.0000207850662264,0.000625153188594,0.00112123100553,-0.000312247953843,-0.00527756754309,0.000982997124083,0.0148636410013,-0.00097716844175,-0.00540875876322,0.00236064870842,0.00028920409386,0.00314050703309,-0.0032671962399],[-0.0000659538491163,0.000298765633488,0.000132361674332,-0.00210353313014,0.00249483203515,-0.00920598208904,-0.00097716844175,0.0219828356057,-0.0082800835371,-0.0033433996141,0.00289196055382,-0.00132087839302,0.000241212153924],[0.000174365239218,-0.000247887481237,-0.00127745966893,0.00317774922587,-0.00389152998105,0.00491488119587,-0.00540875876322,-0.0082800835371,0.0319475755095,-0.0125239482149,-0.00244272733107,0.000122526675113,0.00113939563744],[0.000212786369957,-0.000689916079864,-0.0000466654055344,-0.0040718158707,0.00495147518814,-0.00110907864291,0.00236064870842,-0.0033433996141,-0.0125239482149,0.0363941006362,-0.0163233038038,0.000876954814885,0.00105932122096],[-0.000264711939963,0.000753907952458,-0.000119885313325,-0.000566782604437,-0.00225753779523,0.00303115788847,0.00028920409386,0.00289196055382,-0.00244272733107,-0.0163233038038,0.0395663529634,-0.018560577184,0.00228460039943],[0.000564610061701,-0.00114641222171,0.000230603327509,0.00117868336383,-0.00204142788425,-0.00142832484562,0.00314050703309,-0.00132087839302,0.000122526675113,0.000876954814885,-0.018560577184,0.043052084744,-0.0178956650198],[-0.000164668483194,-0.0000210649541259,-0.00106263218913,-0.000661907426547,0.00351280346513,-0.00110377836972,-0.0032671962399,0.000241212153924,0.00113939563744,0.00105932122096,0.00228460039943,-0.0178956650198,0.035248875618]],"mean":[-616.932983398,147.071716309,-49.8998298645,35.4345092773,15.6134138107,40.8387832642,6.03316116333,17.7813720703,2.85384631157,7.91019153595,7.03879785538,6.49238586426,6.5516204834]},"pitch_salience":{"dmean":0.108618952334,"dmean2":0.177322551608,"dvar":0.00752055132762,"dvar2":0.0198480058461,"max":0.796205103397,"mean":0.460210800171,"median":0.466901421547,"min":0.0566306747496,"var":0.0183493439108},"silence_rate_20dB":{"dmean":0.0000935016360017,"dmean2":0.000187012017705,"dvar":0.0000934928903007,"dvar2":0.000280483043753,"max":1,"mean":0.999953269958,"median":1,"min":0,"var":0.0000467464487883},"silence_rate_30dB":{"dmean":0.201028510928,"dmean2":0.402075827122,"dvar":0.160616055131,"dvar2":0.298197567463,"max":1,"mean":0.717077255249,"median":1,"min":0,"var":0.20287746191},"silence_rate_60dB":{"dmean":0.000467508187285,"dmean2":0.000935060088523,"dvar":0.000467289617518,"dvar2":0.000934185751248,"max":1,"mean":0.00827450770885,"median":0,"min":0,"var":0.00820604059845},"spectral_centroid":{"dmean":234.679580688,"dmean2":361.452880859,"dvar":54426.4648438,"dvar2":116953.5,"max":11638.7099609,"mean":1624.38317871,"median":1613.48339844,"min":137.952819824,"var":221593.1875},"spectral_complexity":{"dmean":4.01916790009,"dmean2":6.05853462219,"dvar":11.2457284927,"dvar2":23.6368560791,"max":64,"mean":32.7460136414,"median":33,"min":0,"var":71.5075073242},"spectral_contrast_coeffs":{"dmean":[0.0586080513895,0.0460301414132,0.0381441377103,0.0277840364724,0.0217448864132,0.0482822731137],"dmean2":[0.0979969576001,0.0775244385004,0.0647398084402,0.0472627356648,0.0364320613444,0.075975291431],"dvar":[0.00203419779427,0.00134216307197,0.000893540855031,0.000454246794106,0.000303590524709,0.00160200998653],"dvar2":[0.00556727265939,0.00369713804685,0.0025017792359,0.00131727242842,0.0008255825378,0.00406314712018],"max":[-0.345657140017,-0.493914306164,-0.567709922791,-0.62039911747,-0.655572414398,-0.369834184647],"mean":[-0.69978415966,-0.806251049042,-0.808521986008,-0.801369547844,-0.78380382061,-0.699547827244],"median":[-0.701715767384,-0.815804064274,-0.812719404697,-0.802860498428,-0.783692061901,-0.698650181293],"min":[-0.979631841183,-0.972646832466,-0.976181089878,-0.963838934898,-0.963494300842,-0.96260881424],"var":[0.00429345900193,0.00338849052787,0.00190657586791,0.000945808016695,0.00082186824875,0.00558140454814]},"spectral_contrast_valleys":{"dmean":[0.423282504082,0.38349044323,0.317251771688,0.256481736898,0.216329112649,0.63368088007],"dmean2":[0.693140506744,0.63168746233,0.508872270584,0.401730149984,0.333808153868,1.01823699474],"dvar":[0.12585388124,0.109741657972,0.0822048634291,0.0641210079193,0.0648210793734,0.298474609852],"dvar2":[0.302939772606,0.257495284081,0.173489093781,0.123163551092,0.119133539498,0.754572153091],"max":[-4.89262962341,-4.55035114288,-4.93732833862,-4.93863868713,-5.39999294281,-8.73959827423],"mean":[-6.52366447449,-6.65449619293,-6.54890871048,-6.23331212997,-6.96625566483,-10.8329057693],"median":[-6.46381473541,-6.62903499603,-6.49078464508,-6.14060497284,-6.87676095963,-10.7628135681],"min":[-27.5395698547,-27.3504314423,-27.6004981995,-27.3742465973,-27.3579063416,-27.3097038269],"var":[0.615835249424,0.589939892292,0.551052689552,0.548312902451,0.592266499996,0.73462677002]},"spectral_decrease":{"dmean":9.62915791547e-9,"dmean2":1.57857407146e-8,"dvar":1.336764501e-16,"dvar2":3.47132921798e-16,"max":2.83236420984e-8,"mean":-1.25437304987e-8,"median":-9.19505538377e-9,"min":-1.28241936181e-7,"var":1.61125558607e-16},"spectral_energy":{"dmean":0.0378291681409,"dmean2":0.0607400350273,"dvar":0.0019780700095,"dvar2":0.00503013795242,"max":0.511764526367,"mean":0.0854421630502,"median":0.0720055997372,"min":1.04695062674e-20,"var":0.00283453403972},"spectral_energyband_high":{"dmean":0.000440374133177,"dmean2":0.00063972681528,"dvar":2.62177593413e-7,"dvar2":5.28017665147e-7,"max":0.0139735359699,"mean":0.00190925470088,"median":0.00153679959476,"min":7.42976049576e-21,"var":0.00000207027642318},"spectral_energyband_low":{"dmean":0.0332387238741,"dmean2":0.0554195605218,"dvar":0.00168704777025,"dvar2":0.00446581700817,"max":0.440752476454,"mean":0.0459716804326,"median":0.0317373163998,"min":2.77068239416e-23,"var":0.00198732153513},"spectral_energyband_middle_high":{"dmean":0.00452378857881,"dmean2":0.00715775508434,"dvar":0.000027076821425,"dvar2":0.0000674052134855,"max":0.0807126760483,"mean":0.0137527342886,"median":0.012163083069,"min":1.36319809235e-21,"var":0.0000754070279072},"spectral_energyband_middle_low":{"dmean":0.00292678619735,"dmean2":0.00465243449435,"dvar":0.0000195985958271,"dvar2":0.0000464161348646,"max":0.0945256203413,"mean":0.00571771711111,"median":0.00381004274823,"min":2.45544455187e-22,"var":0.0000390564091504},"spectral_entropy":{"dmean":0.0940243676305,"dmean2":0.146591797471,"dvar":0.00767362164333,"dvar2":0.0178962275386,"max":9.80893135071,"mean":7.73899650574,"median":7.76575183868,"min":6.39915800095,"var":0.0361936204135},"spectral_flux":{"dmean":0.0484527349472,"dmean2":0.0797906294465,"dvar":0.00246431701817,"dvar2":0.0058585270308,"max":0.591485917568,"mean":0.172920018435,"median":0.160429909825,"min":6.91224716354e-11,"var":0.00446378206834},"spectral_kurtosis":{"dmean":3.99620985985,"dmean2":6.19732522964,"dvar":16.7432041168,"dvar2":39.8245658875,"max":74.9443054199,"mean":21.7177219391,"median":20.6660766602,"min":-1.18589186668,"var":52.5879325867},"spectral_rms":{"dmean":0.00189050065819,"dmean2":0.0029614882078,"dvar":0.00000335506683768,"dvar2":0.00000826164796308,"max":0.0223446302116,"mean":0.00873127486557,"median":0.00838148966432,"min":3.19595890551e-12,"var":0.00000712305154593},"spectral_rolloff":{"dmean":6035.33789062,"dmean2":11574.7529297,"dvar":69235760,"dvar2":151669424,"max":22028.4667969,"mean":15496.5517578,"median":20671.875,"min":21.533203125,"var":78491896},"spectral_skewness":{"dmean":0.291424512863,"dmean2":0.444556117058,"dvar":0.075777836144,"dvar2":0.171640515327,"max":6.7618932724,"mean":3.11018061638,"median":3.05448198318,"min":-0.0554449521005,"var":0.329382121563},"spectral_spread":{"dmean":390646.40625,"dmean2":619186.8125,"dvar":278084812800,"dvar2":565059715072,"max":49450832,"mean":3652792.75,"median":3600668.5,"min":1585010.375,"var":765266427904},"spectral_strongpeak":{"dmean":19.7879695892,"dmean2":36.8607673645,"dvar":1980.71850586,"dvar2":5134.06689453,"max":383.036865234,"mean":15.0140371323,"median":0.417569220066,"min":0,"var":1719.0612793},"zerocrossingrate":{"dmean":0.059283554554,"dmean2":0.0760752633214,"dvar":0.00254713767208,"dvar2":0.004140377976,"max":0.8193359375,"mean":0.306827962399,"median":0.2978515625,"min":0.0068359375,"var":0.0101923821494}},"metadata":{"audio_properties":{"analysis_sample_rate":44100,"bit_rate":160000,"codec":"mp3","downmix":"mix","equal_loudness":0,"length":496.666137695,"lossless":false,"md5_encoded":"cce2f8fdafdd477d4d5f011c0d7403bc","replay_gain":1.19193458557,"sample_rate":44100},"tags":{"acoustid_id":["613f9dda-2f6f-4995-a2ec-0d3e0fbda481"],"album":["Master of Puppets"],"albumartist":["Metallica"],"artist":["Metallica"],"date":["1986"],"discnumber":["1/1"],"file_name":"05 - Metallica - Disposable Heroes.mp3","musicbrainz_albumartistid":["65f4f0c5-ef9e-490c-aee3-909e7ae6b2ab"],"musicbrainz_albumid":["fed37cfc-2a6d-4569-9ac0-501a7c7598eb"],"musicbrainz_artistid":["65f4f0c5-ef9e-490c-aee3-909e7ae6b2ab"],"musicbrainz_recordingid":["93ae3251-d9b5-46ee-9849-7b16d5e57d8b"],"musicbrainz_releasegroupid":["3d00fb45-f8ab-3436-a8e1-b4bfc4d66913"],"replaygain_album_gain":["+0.28 dB"],"replaygain_album_peak":["0.605101"],"replaygain_track_gain":["-0.90 dB"],"replaygain_track_peak":["0.585349"],"title":["Disposable Heroes"],"tracknumber":["5/8"]},"version":{"essentia":"2.1-beta1","essentia_build_sha":"e76a03f03bb3900de42a1fa0d9be1e72f12def64","essentia_git_sha":"v2.1_beta1-28-g21ef5f4-dirty","extractor":"music 1.0"}},"rhythm":{"beats_count":1041,"beats_loudness":{"dmean":0.0431235060096,"dmean2":0.0758856683969,"dvar":0.00139859796036,"dvar2":0.00419488362968,"max":0.353435635567,"mean":0.0965422093868,"median":0.0902855545282,"min":5.33198942776e-8,"var":0.00197647768073},"beats_loudness_band_ratio":{"dmean":[0.212238430977,0.0265634953976,0.0255416408181,0.0600699856877,0.0461800321937,0.180110409856],"dmean2":[0.369693934917,0.047564573586,0.0465859360993,0.106383495033,0.0800952985883,0.328898251057],"dvar":[0.0263531114906,0.00256033684127,0.00179441040382,0.00369903352112,0.00225322484039,0.0215665027499],"dvar2":[0.0836224853992,0.00734802847728,0.00517551554367,0.0105276657268,0.00625140126795,0.0699809417129],"max":[0.945525467396,0.63442325592,0.319069057703,