{"lowlevel":{"average_loudness":0.902421236038,"barkbands":{"dmean":[0.0000408933119616,0.00263672322035,0.00198596669361,0.00232628919184,0.00326677178964,0.00222719064914,0.0012616137974,0.00122645974625,0.00112402986269,0.000363610946806,0.000155965870363,0.0000619519341853,0.0000242026580963,0.0000608451373409,0.0000957630327321,0.000190475111594,0.000243843707722,0.000175280118128,0.0000961550686043,0.000027517642593,0.000114569367724,0.000137621464091,0.0000252134759648,0.0000244502698479,0.0000102564517874,0.00000533415732207,1.54695783294e-7],"dmean2":[0.0000640795187792,0.00438575074077,0.00342979980633,0.0040134373121,0.00557370716706,0.00361227826215,0.00211633020081,0.0020429531578,0.0018160904292,0.000586086302064,0.000253650097875,0.000101520490716,0.0000399571363232,0.000101383418951,0.000158581242431,0.000310617382638,0.000397396273911,0.000288511248073,0.000157381655299,0.0000449830804428,0.000183803087566,0.000220230300329,0.0000398515840061,0.000038984890125,0.000014490184185,0.0000078213361121,2.65793914878e-7],"dvar":[7.54663176394e-9,0.0000417030023527,0.0000226191041293,0.000020383449737,0.0000525666073372,0.000030435692679,0.0000263424299192,0.0000225179701374,0.000016358879293,0.0000024733058126,2.58477285797e-7,3.71002499833e-8,2.29753616132e-9,2.59876635766e-8,1.06888521145e-7,1.99636971843e-7,3.21354121979e-7,1.48397489852e-7,3.02561247167e-8,2.53370813219e-9,4.7232727951e-8,7.67507373212e-8,3.30842242491e-9,2.10642059351e-9,3.48032047626e-10,1.32139577058e-10,1.40592434409e-14],"dvar2":[1.72469842852e-8,0.000104686121631,0.0000623736559646,0.0000562173772778,0.000146264166688,0.0000704544509063,0.0000689821536071,0.000055937012803,0.0000414045971411,0.0000059590802266,6.328907034e-7,9.55098613531e-8,6.01366689779e-9,7.19322414966e-8,2.77254429193e-7,5.00755220401e-7,8.39123231344e-7,3.84408480159e-7,7.72645378788e-8,6.65112365184e-9,1.12076428138e-7,1.80658645377e-7,7.80626407959e-9,5.2551567542e-9,7.26037452381e-10,2.746490535e-10,4.1494832879e-14],"max":[0.00112300820183,0.0844997763634,0.0683026462793,0.0532686635852,0.0943673327565,0.124418757856,0.139575794339,0.146251007915,0.0747265219688,0.0476116910577,0.012562093325,0.00883049797267,0.00105691363569,0.00631025340408,0.0122558278963,0.0115122962743,0.0157172121108,0.0121083017439,0.00428302679211,0.0013434428256,0.00461509125307,0.00549704115838,0.00238935719244,0.000935814052355,0.000368098088074,0.000297043443425,0.00000271395833806],"mean":[0.0000516917207278,0.00374334445223,0.00238169473596,0.00285396166146,0.00486860517412,0.00312587572262,0.00135150854476,0.00118937261868,0.00131825357676,0.000418834621087,0.000191829385585,0.0000866487825988,0.0000371227397409,0.0000881298547029,0.000121681652672,0.000288632232696,0.000401854515076,0.000304368732031,0.000181708644959,0.0000585054585827,0.000228342993069,0.000279437663266,0.0000551940065634,0.0000505553798575,0.0000226187348744,0.0000100939832919,0.00000137233098485],"median":[0.0000189453166968,0.00180720130447,0.00110918609425,0.0014085303992,0.00261325621977,0.0012495231349,0.000383359380066,0.000234231672948,0.000486372155137,0.000125722188386,0.000070754380431,0.0000352843526343,0.0000201667353394,0.0000471657913295,0.0000476886707474,0.000144129240653,0.000215055493754,0.000173372449353,0.000104931241367,0.0000272170545941,0.000135590787977,0.00011083370191,0.000014941131667,0.0000153329292516,0.00000670578810968,0.00000253407574746,0.00000136745256896],"min":[6.22004872524e-24,7.95229537081e-24,4.39788976473e-23,4.27244257923e-23,4.11763178202e-23,2.00933916612e-23,7.42658521071e-23,4.32287761234e-23,5.95635169395e-23,1.16854180461e-22,8.43523854134e-23,1.13270290705e-22,1.27158420444e-22,1.20879264343e-22,2.57216895524e-22,3.21188642933e-22,1.88945616368e-22,2.76228115174e-22,2.45845383534e-22,2.40141957054e-22,4.81272451486e-22,4.31519991314e-22,6.04051469594e-22,8.1774543223e-22,1.22152079423e-21,1.64045505885e-21,2.21040108015e-21],"var":[9.6756886947e-9,0.0000400306562369,0.0000178029404196,0.0000184461405297,0.0000498128865729,0.000041317576688,0.0000217060514842,0.0000204331990972,0.0000150859450514,0.0000024373996439,2.89396922426e-7,4.09123472878e-8,3.24123949902e-9,2.54987799764e-8,1.03750572578e-7,2.69680981546e-7,4.39917243966e-7,2.18479385694e-7,6.10085351127e-8,6.23340357109e-9,9.16397908668e-8,1.81295121138e-7,1.08011324329e-8,6.07433792155e-9,1.10082121196e-9,3.04582165045e-10,2.18413493265e-14]},"barkbands_crest":{"dmean":2.51397442818,"dmean2":4.16780471802,"dvar":6.44670295715,"dvar2":17.0320796967,"max":25.8388385773,"mean":9.86020755768,"median":9.21688270569,"min":2.40755558014,"var":13.1721601486},"barkbands_flatness_db":{"dmean":0.0217486862093,"dmean2":0.0332999154925,"dvar":0.000448247417808,"dvar2":0.00106324919034,"max":0.393209159374,"mean":0.146440476179,"median":0.134894639254,"min":0.0181386303157,"var":0.0032507693395},"barkbands_kurtosis":{"dmean":4.19646167755,"dmean2":6.61852455139,"dvar":44.4334869385,"dvar2":98.6746444702,"max":467.68347168,"mean":9.46214199066,"median":4.61136054993,"min":-1.93730163574,"var":240.241287231},"barkbands_skewness":{"dmean":0.608443975449,"dmean2":0.93983656168,"dvar":0.381750047207,"dvar2":0.89553630352,"max":17.2664585114,"mean":2.18155455589,"median":2.07764339447,"min":-6.02311563492,"var":1.91821503639},"barkbands_spread":{"dmean":6.41188526154,"dmean2":9.89546966553,"dvar":65.3148040771,"dvar2":152.562286377,"max":125.743614197,"mean":21.5092563629,"median":17.54429245,"min":0.549189567566,"var":330.099090576},"dissonance":{"dmean":0.0203723516315,"dmean2":0.0338338427246,"dvar":0.000503382296301,"dvar2":0.00130694499239,"max":0.500000178814,"mean":0.458679556847,"median":0.472474932671,"min":0.206288516521,"var":0.00167244637851},"dynamic_complexity":4.5749335289,"erbbands":{"dmean":[0.0639156252146,0.655830621719,1.87675511837,5.48342323303,11.3567762375,9.20662307739,12.5871152878,21.2331047058,16.8840808868,23.5870189667,24.9981441498,25.7544708252,16.3965816498,7.66774082184,4.92096471786,2.29206800461,1.03911006451,2.28288125992,4.58284282684,5.76360225677,11.2019414902,13.1198854446,9.75948143005,6.79758882523,2.97731757164,1.26395094395,2.75656032562,5.9510474205,5.37842750549,2.35413956642,0.545851290226,0.655214190483,0.314104676247,0.106721922755,0.086278937757,0.0431313067675,0.00450400589034,0.000174253451405,0.0000279659398075,0.0000145371077451],"dmean2":[0.108046762645,1.09341418743,3.21475100517,9.34195327759,19.8340511322,15.5773410797,20.9054851532,34.3469276428,28.0161418915,39.5548782349,40.5858764648,41.568939209,26.6674308777,12.0555171967,7.87694644928,3.71343708038,1.6963326931,3.70904707909,7.59249687195,9.28638458252,17.9648971558,21.2784042358,15.9303388596,11.0567970276,4.84239864349,2.05554938316,4.4844417572,9.53653812408,8.59641456604,3.74817371368,0.85703343153,1.07443726063,0.485890239477,0.153411969543,0.124450393021,0.0626628920436,0.00655735516921,0.000270055636065,0.0000466146120743,0.000023083153792],"dvar":[0.0262184161693,2.52941226959,20.9270191193,116.913208008,759.346496582,337.360687256,565.232971191,3505.32006836,5156.68994141,6670.91259766,11020.3925781,8934.66992188,5244.89306641,744.585083008,179.980819702,33.5360984802,3.69069719315,26.370426178,185.508544922,246.412658691,680.259643555,913.443664551,473.721282959,134.108215332,36.1961746216,5.02008628845,25.9337768555,130.079574585,116.696334839,31.3929462433,1.37543523312,1.86661744118,0.309800058603,0.0369399301708,0.0272929947823,0.00847466755658,0.0000870728617883,4.21622807778e-8,5.16393816596e-10,5.46293843495e-10],"dvar2":[0.0684530511498,6.34185266495,56.284236908,320.129302979,2128.24487305,936.320556641,1507.57397461,7968.37255859,13354.2617188,16971.4121094,27089.625,22368.8105469,13132.1152344,1725.19042969,453.70980835,83.2433700562,9.61567878723,67.7888336182,463.34387207,607.839660645,1685.56054688,2395.85058594,1226.85009766,340.988220215,90.3537979126,13.2182779312,64.963218689,305.370910645,277.56036377,74.4186630249,3.07953238487,4.83899641037,0.724285840988,0.0771944373846,0.0586915761232,0.0175492297858,0.000178305446752,8.79946355781e-8,1.37775812981e-9,1.33855793116e-9],"max":[2.18620824814,20.2033348083,65.3171691895,144.574279785,335.46295166,214.024002075,342.092590332,1550.5456543,2007.22485352,2172.59301758,2514.51318359,2169.72338867,1663.12719727,1073.49328613,477.867614746,168.716690063,36.8358268738,151.986602783,447.129364014,447.372924805,775.795410156,883.909667969,675.553405762,206.781143188,251.68838501,55.1661949158,120.690849304,247.622543335,236.280502319,146.510147095,47.0111351013,25.57629776,16.1682910919,5.14736366272,2.54251408577,2.258289814,0.261077612638,0.00558591866866,0.000411719956901,0.000269937881967],"mean":[0.0865800753236,0.931024372578,2.33571124077,7.38031196594,13.8127946854,14.340836525,19.5027313232,28.256816864,19.9555511475,24.3686313629,26.0195960999,30.2671394348,18.6323547363,10.3500347137,6.87131643295,3.66649103165,1.79956591129,3.60692501068,6.34870290756,8.69671154022,18.3319835663,22.5464763641,17.3701248169,13.1644086838,5.97690868378,2.83822846413,5.66957616806,11.626871109,10.6630849838,4.83233880997,1.27743422985,1.21582174301,0.695316195488,0.255671471357,0.168837577105,0.0796712636948,0.00929238460958,0.000869378040079,0.000195053726202,0.0000490049023938],"median":[0.031846627593,0.475517481565,1.21596598625,3.90780353546,6.97805023193,8.10495567322,10.1690683365,10.0738620758,7.01340818405,6.0101556778,6.74398994446,11.1530809402,6.24736070633,3.58950567245,2.94415020943,1.77552103996,1.12219667435,1.99666154385,3.02738237381,4.21605634689,9.64952659607,12.5238161087,9.89909076691,8.19741439819,3.40089225769,1.46328151226,3.45886516571,6.46458625793,4.37459802628,1.13322544098,0.386464893818,0.374503821135,0.202840656042,0.0804896578193,0.045717779547,0.017478229478,0.00324010406621,0.000760556140449,0.000190617720364,0.0000429726715083],"min":[2.95310546875e-22,2.0507091777e-21,2.88975062319e-20,1.33774931535e-19,7.5153261909e-20,1.89331289531e-19,1.37135986084e-19,2.41469840633e-19,9.10400669043e-19,9.96259638481e-19,1.21624294572e-18,1.41362302572e-18,2.32135603729e-18,3.37164049594e-18,4.31965627276e-18,3.89085783733e-18,4.46237553411e-18,7.64289408836e-18,9.23578834933e-18,1.56287786177e-17,1.47044820382e-17,1.3196707971e-17,1.49151599771e-17,1.04834240401e-17,1.43794563057e-17,1.1851002574e-17,1.63493240688e-17,1.92906889915e-17,1.43939716711e-17,1.94734198063e-17,1.69295383289e-17,1.48238408918e-17,1.59690509432e-17,1.18154387707e-17,9.76531215436e-18,5.76157849141e-18,2.73191762176e-18,1.14598294827e-18,3.11015696869e-19,3.64348826023e-20],"var":[0.0242477413267,2.4068107605,16.8918247223,112.004051208,589.011413574,363.498382568,748.808959961,4574.875,4414.01416016,6093.58007812,10010.6992188,8291.67480469,4643.28808594,1009.04510498,207.951766968,48.9172592163,5.77762031555,35.1922035217,201.679367065,291.652801514,1031.5279541,1265.04858398,704.89074707,276.961486816,75.2039489746,13.5094022751,52.3536834717,252.331695557,258.078948975,83.6311187744,4.89580011368,4.06145906448,1.13786828518,0.148599028587,0.0668596848845,0.0199769381434,0.000195470041945,1.23798230334e-7,1.20460641462e-9,8.24760315599e-10]},"erbbands_crest":{"dmean":2.72963213921,"dmean2":4.42530918121,"dvar":9.9454832077,"dvar2":23.7036724091,"max":32.7433166504,"mean":8.54855728149,"median":7.355864048,"min":2.15208148956,"var":20.656293869},"erbbands_flatness_db":{"dmean":0.0168587714434,"dmean2":0.0253668818623,"dvar":0.000371794099919,"dvar2":0.000791328551713,"max":0.384248614311,"mean":0.146151006222,"median":0.143113002181,"min":0.0281443800777,"var":0.00161637854762},"erbbands_kurtosis":{"dmean":1.36426913738,"dmean2":2.18315005302,"dvar":7.09164905548,"dvar2":16.7122173309,"max":60.4686965942,"mean":1.53540742397,"median":-0.648140668869,"min":-1.84122228622,"var":26.1685504913},"erbbands_skewness":{"dmean":0.462643831968,"dmean2":0.706230223179,"dvar":0.256673634052,"dvar2":0.586997210979,"max":7.16375255585,"mean":0.646755993366,"median":0.471036612988,"min":-4.99302625656,"var":1.31648313999},"erbbands_spread":{"dmean":9.81838798523,"dmean2":14.9899244308,"dvar":110.943901062,"dvar2":248.82623291,"max":167.809524536,"mean":49.2088813782,"median":50.1152420044,"min":2.92440676689,"var":533.46484375},"gfcc":{"cov":[[8654.37792969,1426.38903809,-2240.4609375,1105.26000977,-575.577575684,-275.572357178,-378.74319458,53.1202011108,197.426849365,-78.9400024414,-227.5546875,97.4178009033,162.799560547],[1426.38903809,1419.00488281,-59.3085784912,-52.229724884,67.9273834229,-298.338623047,17.9062862396,-95.6363983154,79.8662643433,-128.141647339,-33.5144462585,-35.0259170532,18.398349762],[-2240.4609375,-59.3085784912,1412.46240234,-143.906204224,75.1333999634,173.768035889,14.107714653,30.4004745483,-116.487213135,29.4608516693,87.899559021,-37.6085929871,-54.4936103821],[1105.26000977,-52.229724884,-143.906204224,527.84362793,5.51479911804,55.1753463745,-37.9573974609,6.15489006042,35.3883857727,25.7435932159,1.36217164993,11.6921272278,33.9912757874],[-575.577575684,67.9273834229,75.1333999634,5.51479911804,308.02746582,15.0600309372,87.9423446655,5.42229938507,9.0674533844,5.65196752548,0.634891450405,-7.71772956848,5.79223966599],[-275.572357178,-298.338623047,173.768035889,55.1753463745,15.0600309372,233.479431152,37.2365036011,51.5255622864,-42.4702415466,27.3697566986,20.0424365997,10.1523609161,-2.30195355415],[-378.74319458,17.9062862396,14.107714653,-37.9573974609,87.9423446655,37.2365036011,169.031570435,18.6611633301,9.72122955322,-10.1742591858,13.0428543091,-4.71258497238,-4.28691482544],[53.1202011108,-95.6363983154,30.4004745483,6.15489006042,5.42229938507,51.5255622864,18.6611633301,133.622512817,15.3826351166,22.2201538086,-17.7730197906,10.1537332535,1.56611907482],[197.426849365,79.8662643433,-116.487213135,35.3883857727,9.0674533844,-42.4702415466,9.72122955322,15.3826351166,108.347709656,14.107749939,2.04361248016,-10.18887043,6.45462369919],[-78.9400024414,-128.141647339,29.4608516693,25.7435932159,5.65196752548,27.3697566986,-10.1742591858,22.2201538086,14.107749939,86.623046875,21.12018013,12.5501098633,6.0385017395],[-227.5546875,-33.5144462585,87.899559021,1.36217164993,0.634891450405,20.0424365997,13.0428543091,-17.7730197906,2.04361248016,21.12018013,83.5129013062,28.4769172668,-0.116474807262],[97.4178009033,-35.0259170532,-37.6085929871,11.6921272278,-7.71772956848,10.1523609161,-4.71258497238,10.1537332535,-10.18887043,12.5501098633,28.4769172668,66.7619781494,29.3811244965],[162.799560547,18.398349762,-54.4936103821,33.9912757874,5.79223966599,-2.30195355415,-4.28691482544,1.56611907482,6.45462369919,6.0385017395,-0.116474807262,29.3811244965,57.5602302551]],"icov":[[0.0064120371826,-0.0103690177202,0.00962675828487,-0.0104080652818,0.00992638617754,-0.0090025709942,0.00895088911057,-0.00861453637481,0.00594680849463,-0.00594561267644,0.00495002605021,-0.00406957045197,0.0020254093688],[-0.0103690177202,0.0179756321013,-0.0158179923892,0.0167272854596,-0.0162479057908,0.0159789342433,-0.0147427143529,0.0142169492319,-0.0103440955281,0.0110973184928,-0.00785595364869,0.00659981742501,-0.00387163809501],[0.00962675828487,-0.0158179923892,0.0155806262046,-0.0153211429715,0.0145993195474,-0.0142931435257,0.0139374705032,-0.0136083438993,0.0102378847077,-0.00928681064397,0.00558222271502,-0.00439778110012,0.00307638710365],[-0.0104080652818,0.0167272854596,-0.0153211429715,0.0191725883633,-0.016344787553,0.0134499790147,-0.0136401010677,0.0141378091648,-0.0103776855394,0.00936399027705,-0.00833006482571,0.00707188528031,-0.00439927075058],[0.00992638617754,-0.0162479057908,0.0145993195474,-0.016344787553,0.0194103103131,-0.013875246048,0.0115684391931,-0.0129848700017,0.00908559653908,-0.0101174907759,0.00850521214306,-0.00623423606157,0.00254068523645],[-0.0090025709942,0.0159789342433,-0.0142931435257,0.0134499790147,-0.013875246048,0.0207939427346,-0.0145516013727,0.0100013175979,-0.00610508816317,0.00864122156054,-0.00794922374189,0.00625034654513,-0.00367597048171],[0.00895088911057,-0.0147427143529,0.0139374705032,-0.0136401010677,0.0115684391931,-0.0145516013727,0.0207737237215,-0.0133622400463,0.00756709370762,-0.00647957809269,0.00421443069354,-0.00414991378784,0.00276875612326],[-0.00861453637481,0.0142169492319,-0.0136083438993,0.0141378091648,-0.0129848700017,0.0100013175979,-0.0133622400463,0.0223662350327,-0.0117357457057,0.00603143731132,-0.000383877981221,0.0000448177852377,-0.000649147492368],[0.00594680849463,-0.0103440955281,0.0102378847077,-0.0103776855394,0.00908559653908,-0.00610508816317,0.00756709370762,-0.0117357457057,0.0196610800922,-0.00857599452138,-0.0000750515755499,0.00271211424842,-0.000657510187011],[-0.00594561267644,0.0110973184928,-0.00928681064397,0.00936399027705,-0.0101174907759,0.00864122156054,-0.00647957809269,0.00603143731132,-0.00857599452138,0.0216964259744,-0.00827023107558,0.00340728252195,-0.00340609950945],[0.00495002605021,-0.00785595364869,0.00558222271502,-0.00833006482571,0.00850521214306,-0.00794922374189,0.00421443069354,-0.000383877981221,-0.0000750515755499,-0.00827023107558,0.0254898071289,-0.0167550835758,0.0073453662917],[-0.00406957045197,0.00659981742501,-0.00439778110012,0.00707188528031,-0.00623423606157,0.00625034654513,-0.00414991378784,0.0000448177852377,0.00271211424842,0.00340728252195,-0.0167550835758,0.032504055649,-0.0156589895487],[0.0020254093688,-0.00387163809501,0.00307638710365,-0.00439927075058,0.00254068523645,-0.00367597048171,0.00276875612326,-0.000649147492368,-0.000657510187011,-0.00340609950945,0.0073453662917,-0.0156589895487,0.0266526062042]],"mean":[-36.1088409424,89.8788604736,-88.5132522583,42.7376060486,-62.3539505005,-4.44852542877,-36.5757522583,6.90390777588,-15.7192974091,-7.07703113556,-25.5377082825,4.39033174515,-6.43372249603]},"hfc":{"dmean":5.11890172958,"dmean2":7.80384159088,"dvar":76.9665527344,"dvar2":182.836044312,"max":96.669921875,"mean":13.6941728592,"median":10.7787494659,"min":1.17998055535e-16,"var":175.107803345},"melbands":{"dmean":[0.000665528292302,0.000917678058613,0.00107826816384,0.000761214003433,0.000417265837314,0.000454659340903,0.000259247841313,0.000264746602625,0.00020271903486,0.000161019343068,0.0000815207240521,0.0000329819449689,0.0000193375726667,0.0000088516744654,0.00000317743047162,0.00000234955496126,0.00000487772103952,0.00000779227866587,0.00000702747865944,0.000010814599591,0.0000147219116116,0.0000145083931784,0.0000134312831506,0.00000705612183083,0.00000595190022068,0.00000330684338223,0.00000127552300455,8.31362171994e-7,0.00000141383145547,0.00000277565209217,0.00000414143323724,0.00000353546215592,0.00000237377048506,9.80860249911e-7,2.88507351343e-7,3.99149456598e-7,4.18886941134e-7,2.64895703594e-7,1.29795253656e-7,8.7895756451e-8],"dmean2":[0.00110819214024,0.00153902114835,0.00184944574721,0.0013139579678,0.000688648491632,0.000733311288059,0.000430486485129,0.000443257886218,0.000328997411998,0.000260402390268,0.000133020221256,0.0000520576832059,0.0000311974363285,0.000014368723896,0.00000523072276337,0.0000038749808482,0.00000800579528004,0.0000129405725602,0.0000116042647278,0.0000176345656655,0.0000239419805439,0.0000237806434598,0.000022283555154,0.0000115465418276,0.00000974096838036,0.00000542300085726,0.00000212267832467,0.00000136816458962,0.00000233030186791,0.00000456207999378,0.00000665766901875,0.00000570971997149,0.00000382860935133,0.00000156387807237,4.57851086821e-7,6.58430053591e-7,6.91296236255e-7,4.15123622588e-7,1.96789187612e-7,1.29428670448e-7],"dvar":[0.00000275943443739,0.0000046474683586,0.00000448875698567,0.00000320150957123,5.53872496312e-7,0.00000151134850057,0.00000113788007639,8.29193822938e-7,6.96688118751e-7,3.7442998746e-7,1.32127638608e-7,1.46611069951e-8,3.27079008322e-9,6.85870416017e-10,4.33197228089e-11,2.81761211585e-11,1.27658869586e-10,5.29874366606e-10,7.89546816815e-10,7.53797912978e-10,1.25918553362e-9,1.24342303121e-9,1.26238697273e-9,1.57113516641e-10,1.04272299128e-10,4.50114563677e-11,6.59559342905e-12,2.43141552898e-12,7.19007492433e-12,2.61612728009e-11,6.61473445462e-11,4.80622798504e-11,2.82335266277e-11,6.37095454517e-12,4.59606690813e-13,7.70198520846e-13,7.33003447436e-13,2.28215775271e-13,6.42990367439e-14,2.69598288193e-14],"dvar2":[0.00000700942337062,0.0000119436263049,0.0000123560694192,0.00000892755815585,0.00000147578032283,0.000003447837571,0.00000295307154374,0.00000210600501305,0.00000170716543835,9.4103131687e-7,3.2983294318e-7,3.42830261957e-8,8.04939315202e-9,1.75465442176e-9,1.0870106204e-10,7.28773361103e-11,3.32267713343e-10,1.36535427409e-9,2.09377493121e-9,1.91441817954e-9,3.15220249902e-9,3.29560578827e-9,3.3706686331e-9,3.99523913952e-10,2.67051797342e-10,1.10992465219e-10,1.73363354922e-11,6.47317139127e-12,1.82395869242e-11,6.73589031774e-11,1.51573850693e-10,1.17649584519e-10,6.7787248037e-11,1.56190615996e-11,1.0408598896e-12,1.9594113658e-12,1.9133002474e-12,5.47454930781e-13,1.45328736025e-13,5.96367031279e-14],"max":[0.0217594429851,0.0314245782793,0.0238278042525,0.0242725219578,0.0106027107686,0.0303409229964,0.0293880533427,0.0219983235002,0.0177981164306,0.0123326275498,0.00831344444305,0.00467171519995,0.00174774462357,0.00111982424278,0.00023259196314,0.000111961795483,0.000323230662616,0.000937434611842,0.0012908692006,0.000710577121936,0.00107601378113,0.00129293557256,0.0010672196513,0.000206970405998,0.000202916140552,0.000293848162983,0.0000507682598254,0.0000357694807462,0.0000608296941209,0.0000924713167478,0.000225723735639,0.000160626470461,0.000103115926322,0.0000817842883407,0.0000347271270584,0.0000280815220322,0.0000172377112904,0.000013228313037,0.0000070257256084,0.00000418967010773],"mean":[0.00095415947726,0.00127132073976,0.00144216895569,0.00105353503022,0.000690010900144,0.000615009048488,0.000298827828374,0.000267401745077,0.000215532272705,0.000186301593203,0.0000893416945473,0.0000420277028752,0.0000248251053563,0.0000128700248752,0.00000510092422701,0.00000353356676897,0.00000709101823304,0.0000103043294075,0.00000880194875208,0.000015602367057,0.0000227198652283,0.0000232362453971,0.0000212271916098,0.0000122230876514,0.0000107798923636,0.00000589070396018,0.00000238589586843,0.00000163786046414,0.00000268413987214,0.00000516150703334,0.00000752541791371,0.0000065615654421,0.00000435628589912,0.00000193303685592,6.16628710759e-7,7.24245296624e-7,7.34699881377e-7,5.44761974197e-7,2.92357469789e-7,1.86918413192e-7],"median":[0.000415904505644,0.000771777005866,0.000828119169455,0.000543233472854,0.00038836238673,0.000226960502914,0.000101635727333,0.0000608375194133,0.0000570657466596,0.0000678772266838,0.0000275047259493,0.0000128302381199,0.00000957041993388,0.00000543407986697,0.00000294894130093,0.00000187290709164,0.00000365639220945,0.00000479265327158,0.00000351695757672,0.00000748863612898,0.0000113408823381,0.0000123783738673,0.0000108412268673,0.00000707060553395,0.00000646639955448,0.00000306885181089,0.00000115188220207,6.89172111379e-7,0.00000147049161114,0.00000310206769427,0.00000398328757001,0.00000285621081275,0.0000010470524785,3.90939050021e-7,1.77285599534e-7,2.23710543423e-7,2.16237850736e-7,1.55058188511e-7,8.35990618953e-8,5.41626405948e-8],"min":[2.96662581891e-24,1.18668661517e-23,2.09583366231e-23,8.16538011195e-24,6.74483647029e-24,6.66122825839e-24,1.29532498916e-23,1.09730709688e-23,1.02860685726e-23,8.13495769114e-24,1.25870780143e-23,1.50840128948e-23,1.39211987884e-23,1.5188189866e-23,5.36833374967e-24,1.4499082e-23,1.33546167982e-23,1.27580186505e-23,2.03331296458e-23,2.61758705388e-23,1.31873561981e-23,1.43722584099e-23,9.76096409986e-24,1.44795782029e-23,7.0020493016e-24,1.21619301069e-23,6.65124837907e-24,8.27242064818e-24,9.70984749093e-24,1.24557318848e-23,9.91432260414e-24,7.35684107144e-24,9.28826129052e-24,1.08291732734e-23,9.8226198905e-24,9.61072711819e-24,8.23779517646e-24,9.21496901267e-24,1.33474539411e-23,9.25464950507e-24],"var":[0.00000265874450633,0.00000414427768192,0.00000400477665607,0.00000275367324321,7.91399827449e-7,0.00000199075202545,9.63381580732e-7,7.57786438044e-7,6.39543657144e-7,3.41230588674e-7,1.16488898527e-7,1.89077393742e-8,3.68333630263e-9,8.01369581804e-10,6.04234509649e-11,3.48605068423e-11,1.57104135257e-10,5.38191158306e-10,6.92768842292e-10,8.84847806137e-10,1.85747395243e-9,1.50949808209e-9,1.55839852134e-9,2.71295291787e-10,1.99730121331e-10,8.90203882831e-11,1.18045599337e-11,5.53777249751e-12,1.35139868046e-11,4.5168858237e-11,1.19824955513e-10,9.5963861857e-11,6.2371899312e-11,1.65004850061e-11,1.39504347744e-12,1.65280235245e-12,1.47901536938e-12,7.21928430664e-13,2.42065075666e-13,8.3394913425e-14]},"melbands_crest":{"dmean":3.06384205818,"dmean2":5.0849647522,"dvar":8.81509876251,"dvar2":23.6056671143,"max":32.4721107483,"mean":13.0743484497,"median":12.3178434372,"min":2.30669927597,"var":18.7192783356},"melbands_flatness_db":{"dmean":0.0268537774682,"dmean2":0.0406847149134,"dvar":0.000666195584927,"dvar2":0.00154805579223,"max":0.530999183655,"mean":0.226373270154,"median":0.212942525744,"min":0.00517673091963,"var":0.00642661051825},"melbands_kurtosis":{"dmean":9.96580219269,"dmean2":15.8634023666,"dvar":305.778289795,"dvar2":724.735168457,"max":665.571716309,"mean":21.9897594452,"median":16.1676177979,"min":-1.85044276714,"var":712.827880859},"melbands_skewness":{"dmean":0.838559687138,"dmean2":1.29739415646,"dvar":0.833879351616,"dvar2":1.97322785854,"max":19.9573020935,"mean":3.34214830399,"median":3.24364352226,"min":-3.26423001289,"var":2.72674226761},"melbands_spread":{"dmean":7.19118499756,"dmean2":11.1416463852,"dvar":152.563827515,"dvar2":337.960083008,"max":243.850723267,"mean":19.9504241943,"median":13.7237110138,"min":0.361015945673,"var":662.428771973},"mfcc":{"cov":[[10970.0302734,78.208656311,-1673.74523926,812.457824707,-374.877655029,-140.306533813,-763.987121582,63.9025382996,165.058227539,-238.364151001,29.9610557556,-63.0117607117,-294.487487793],[78.208656311,1373.02868652,44.672618866,45.2105026245,-1.4136646986,-132.126724243,-52.8672447205,-23.7545604706,9.70936489105,-51.1904678345,-38.7792167664,-1.15185821056,-98.1601638794],[-1673.74523926,44.672618866,1055.40283203,-70.0692138672,128.469970703,40.5483436584,143.869430542,-12.0711803436,-107.682037354,64.7299118042,-21.3019428253,-15.4060688019,98.5456161499],[812.457824707,45.2105026245,-70.0692138672,343.846099854,68.0134277344,41.4699211121,-34.7048149109,1.1564000845,30.5271205902,1.03070139885,11.3655967712,5.89092636108,-28.4755344391],[-374.877655029,-1.4136646986,128.469970703,68.0134277344,193.261947632,52.9931793213,50.0816230774,7.89547252655,11.8584432602,23.6308193207,1.56859385967,8.65970897675,15.6893186569],[-140.306533813,-132.126724243,40.5483436584,41.4699211121,52.9931793213,150.805847168,78.0445098877,11.3941335678,-1.68928766251,20.3530673981,-1.29506742954,13.9161109924,13.498752594],[-763.987121582,-52.8672447205,143.869430542,-34.7048149109,50.0816230774,78.0445098877,191.060333252,49.2176437378,3.6819498539,20.9647426605,7.22071075439,7.92985391617,33.6480407715],[63.9025382996,-23.7545604706,-12.0711803436,1.1564000845,7.89547252655,11.3941335678,49.2176437378,101.459465027,38.1281280518,8.86044120789,15.0419654846,-1.17816674709,1.99328887463],[165.058227539,9.70936489105,-107.682037354,30.5271205902,11.8584432602,-1.68928766251,3.6819498539,38.1281280518,106.537750244,30.2007484436,14.7283267975,6.01720046997,-28.6812324524],[-238.364151001,-51.1904678345,64.7299118042,1.03070139885,23.6308193207,20.3530673981,20.9647426605,8.86044120789,30.2007484436,87.7231445312,22.5888385773,6.49646472931,4.24559545517],[29.9610557556,-38.7792167664,-21.3019428253,11.3655967712,1.56859385967,-1.29506742954,7.22071075439,15.0419654846,14.7283267975,22.5888385773,67.2311935425,16.3984718323,6.6941485405],[-63.0117607117,-1.15185821056,-15.4060688019,5.89092636108,8.65970897675,13.9161109924,7.92985391617,-1.17816674709,6.01720046997,6.49646472931,16.3984718323,70.9082107544,17.0461463928],[-294.487487793,-98.1601638794,98.5456161499,-28.4755344391,15.6893186569,13.498752594,33.6480407715,1.99328887463,-28.6812324524,4.24559545517,6.6941485405,17.0461463928,88.7747497559]],"icov":[[0.000225797339226,0.0000114931744974,0.000147103608469,-0.000441388576292,0.000321838539094,-0.000268577336101,0.000811759848148,-0.000506353855599,-0.0000361102465831,0.000378394004656,-0.000126647631987,0.00015881624131,0.000093800117611],[0.0000114931744974,0.000942263111938,-0.000165567078511,-0.000209187957807,-0.000125501057482,0.000996878021397,-0.000260674045421,0.000101839279523,-0.0000370280649804,0.000447236147011,0.000425008533057,-0.000568986637518,0.00120766577311],[0.000147103608469,-0.000165567078511,0.00166238180827,-0.000195664542844,-0.000607135880273,0.000276216916973,-0.000374045397621,-0.000336265336955,0.00178500299808,-0.00146270042751,0.000570577685721,0.00063001626404,-0.000905929191504],[-0.000441388576292,-0.000209187957807,-0.000195664542844,0.00458302162588,-0.00201111915521,-0.00113755173516,-0.0000802866125014,0.000824990333058,-0.000644871382974,-0.0000835664759506,-0.000736463582143,-0.000195824002731,0.000420855329139],[0.000321838539094,-0.000125501057482,-0.000607135880273,-0.00201111915521,0.0074712135829,-0.00185391888954,0.000340784958098,-0.000245585339144,-0.00157092232257,0.000185578508535,0.0000949372697505,-0.00000240007307184,-0.000727541046217],[-0.000268577336101,0.000996878021397,0.000276216916973,-0.00113755173516,-0.00185391888954,0.0114706689492,-0.00569569412619,0.00115081272088,0.00191947969142,-0.00243173749186,0.00241054524668,-0.00223219045438,0.00123956019524],[0.000811759848148,-0.000260674045421,-0.000374045397621,-0.0000802866125014,0.000340784958098,-0.00569569412619,0.0124505767599,-0.00564040150493,-0.000889524351805,0.00179819669574,-0.00126763328444,0.000777817214839,-0.00141973886639],[-0.000506353855599,0.000101839279523,-0.000336265336955,0.000824990333058,-0.000245585339144,0.00115081272088,-0.00564040150493,0.0150054441765,-0.00524755287915,0.000839198532049,-0.00199933489785,0.0011827518465,-0.00107168639079],[-0.0000361102465831,-0.0000370280649804,0.00178500299808,-0.000644871382974,-0.00157092232257,0.00191947969142,-0.000889524351805,-0.00524755287915,0.0165165755898,-0.00662765419111,0.000628195062745,-0.00166942551732,0.00401799939573],[0.000378394004656,0.000447236147011,-0.00146270042751,-0.0000835664759506,0.000185578508535,-0.00243173749186,0.00179819669574,0.000839198532049,-0.00662765419111,0.0173711068928,-0.00531197665259,0.000419870077167,0.000331101648044],[-0.000126647631987,0.000425008533057,0.000570577685721,-0.000736463582143,0.0000949372697505,0.00241054524668,-0.00126763328444,-0.00199933489785,0.000628195062745,-0.00531197665259,0.0188196003437,-0.00400625262409,-0.000870593357831],[0.00015881624131,-0.000568986637518,0.00063001626404,-0.000195824002731,-0.00000240007307184,-0.00223219045438,0.000777817214839,0.0011827518465,-0.00166942551732,0.000419870077167,-0.00400625262409,0.0168306604028,-0.0043350988999],[0.000093800117611,0.00120766577311,-0.000905929191504,0.000420855329139,-0.000727541046217,0.00123956019524,-0.00141973886639,-0.00107168639079,0.00401799939573,0.000331101648044,-0.000870593357831,-0.0043350988999,0.0167342275381]],"mean":[-687.77532959,120.441864014,23.2750263214,42.9850883484,0.287910759449,-1.94866359234,-15.9451246262,8.98645591736,8.88771438599,-10.717675209,-0.707651853561,-2.24730372429,-10.5531520844]},"pitch_salience":{"dmean":0.0717640072107,"dmean2":0.117170505226,"dvar":0.00454489979893,"dvar2":0.0117771858349,"max":0.976901650429,"mean":0.619299948215,"median":0.636877655983,"min":0.0499976798892,"var":0.0111053073779},"silence_rate_20dB":{"dmean":0,"dmean2":0,"dvar":0,"dvar2":0,"max":1,"mean":1,"median":1,"min":1,"var":0},"silence_rate_30dB":{"dmean":0.00683670770377,"dmean2":0.0136743150651,"dvar":0.00678941281512,"dvar2":0.0190078318119,"max":1,"mean":0.99585878849,"median":1,"min":0,"var":0.00412293802947},"silence_rate_60dB":{"dmean":0.0276097822934,"dmean2":0.0552231930196,"dvar":0.0268482007086,"dvar2":0.0601955763996,"max":1,"mean":0.137251034379,"median":0,"min":0,"var":0.118415333331},"spectral_centroid":{"dmean":264.656097412,"dmean2":402.976287842,"dvar":98646.640625,"dvar2":214767.34375,"max":10930.7109375,"mean":1183.3104248,"median":1051.49719238,"min":144.403396606,"var":614434.625},"spectral_complexity":{"dmean":3.19366288185,"dmean2":4.8658208847,"dvar":14.0182037354,"dvar2":28.3450183868,"max":43,"mean":14.4793930054,"median":14,"min":0,"var":82.6128540039},"spectral_contrast_coeffs":{"dmean":[0.0516826696694,0.0506414845586,0.0409762896597,0.0294569674879,0.0223955642432,0.0204822104424],"dmean2":[0.0855621770024,0.0824974924326,0.0658696368337,0.0481556691229,0.0359673760831,0.0319349467754],"dvar":[0.00211753230542,0.00210007489659,0.00126818241552,0.00064635835588,0.000386457424611,0.000430196523666],"dvar2":[0.00567941088229,0.00530962226912,0.00311804725789,0.00159247766715,0.000924769847188,0.000939339399338],"max":[-0.289926111698,-0.365032702684,-0.453082174063,-0.534382820129,-0.571003913879,-0.568716228008],"mean":[-0.632613182068,-0.730421960354,-0.769447088242,-0.807852089405,-0.795980453491,-0.72869348526],"median":[-0.630583763123,-0.731347739697,-0.774002969265,-0.810216605663,-0.793779313564,-0.710154652596],"min":[-0.997735083103,-0.994000792503,-0.995701491833,-0.965169131756,-0.955395638943,-0.963582992554],"var":[0.00757918413728,0.00644988333806,0.00391063420102,0.00264787115157,0.00243019848131,0.00512689957395]},"spectral_contrast_valleys":{"dmean":[0.416393309832,0.397701621056,0.338162302971,0.283368557692,0.23118339479,0.22759142518],"dmean2":[0.660809218884,0.6297519207,0.531625568867,0.437149822712,0.351988404989,0.318416833878],"dvar":[0.160761892796,0.147884935141,0.0982990190387,0.0733639150858,0.0631092190742,0.0787744522095],"dvar2":[0.337233781815,0.320966184139,0.211179479957,0.1456630826,0.116893097758,0.137541145086],"max":[-4.912753582,-4.36024427414,-5.55427646637,-6.69010877609,-6.22420978546,-8.45212173462],"mean":[-7.28394365311,-6.8931221962,-7.90850019455,-8.4974899292,-7.97132539749,-10.4548149109],"median":[-6.87582492828,-6.59868812561,-7.5818271637,-8.10395145416,-7.55534029007,-10.4277362823],"min":[-27.6584568024,-27.0140037537,-27.6014671326,-27.2376804352,-27.2729206085,-27.0791835785],"var":[1.44482338428,1.37812137604,1.13342428207,1.17070770264,1.30447137356,0.708000898361]},"spectral_decrease":{"dmean":3.05507374954e-9,"dmean2":4.8683888032e-9,"dvar":2.85508038955e-17,"dvar2":7.05213823849e-17,"max":-3.29810928893e-29,"mean":-5.95337201759e-9,"median":-4.59245752538e-9,"min":-5.57488881725e-8,"var":3.76623306916e-17},"spectral_energy":{"dmean":0.0119273792952,"dmean2":0.0189712513238,"dvar":0.000434513378423,"dvar2":0.00107222096995,"max":0.219177275896,"mean":0.0237116515636,"median":0.0184479355812,"min":1.08272457265e-20,"var":0.00058429944329},"spectral_energyband_high":{"dmean":0.000263405847363,"dmean2":0.000405961851357,"dvar":2.35792697367e-7,"dvar2":5.27779661752e-7,"max":0.00625046109781,"mean":0.000676666561048,"median":0.000357253593393,"min":7.40593058553e-21,"var":7.33590013624e-7},"spectral_energyband_low":{"dmean":0.00485151447356,"dmean2":0.00787686929107,"dvar":0.000110485583718,"dvar2":0.000271505530691,"max":0.130274564028,"mean":0.00774462195113,"median":0.00500572100282,"min":8.60804956668e-23,"var":0.000117641524412},"spectral_energyband_middle_high":{"dmean":0.000849258154631,"dmean2":0.00130339735188,"dvar":0.00000269685665444,"dvar2":0.00000627465806247,"max":0.0442453436553,"mean":0.00206134282053,"median":0.00147491320968,"min":1.94012304617e-21,"var":0.00000590317495153},"spectral_energyband_middle_low":{"dmean":0.00865536555648,"dmean2":0.0140751386061,"dvar":0.000270600226941,"dvar2":0.000695246795658,"max":0.189369112253,"mean":0.0148714315146,"median":0.0102380430326,"min":2.90775568547e-22,"var":0.000320627848851},"spectral_entropy":{"dmean":0.163853511214,"dmean2":0.248584359884,"dvar":0.0306593962014,"dvar2":0.0673268809915,"max":9.80296421051,"mean":7.49068021774,"median":7.60043144226,"min":5.39732217789,"var":0.333899497986},"spectral_flux":{"dmean":0.0286576040089,"dmean2":0.0442880392075,"dvar":0.00161265674978,"dvar2":0.00330916582607,"max":0.372966557741,"mean":0.0800971910357,"median":0.0665676519275,"min":1.04054050099e-10,"var":0.00398113066331},"spectral_kurtosis":{"dmean":1.21231687069,"dmean2":1.9679800272,"dvar":2.10628581047,"dvar2":5.06102514267,"max":32.4882240295,"mean":3.86133766174,"median":2.81812047958,"min":-1.16488862038,"var":11.927737236},"spectral_rms":{"dmean":0.00099860643968,"dmean2":0.00152226688806,"dvar":0.00000199980536308,"dvar2":0.00000457990927316,"max":0.0146229779348,"mean":0.00422671949491,"median":0.00424240343273,"min":3.25010244412e-12,"var":0.00000526800522493},"spectral_rolloff":{"dmean":556.120544434,"dmean2":937.955871582,"dvar":1067096.625,"dvar2":2453935.5,"max":19207.6171875,"mean":1437.06506348,"median":645.99609375,"min":86.1328125,"var":5068608.5},"spectral_skewness":{"dmean":0.203843444586,"dmean2":0.314594268799,"dvar":0.0457470156252,"dvar2":0.100673750043,"max":4.88011789322,"mean":1.45183312893,"median":1.24414861202,"min":-0.174667701125,"var":0.460857093334},"spectral_spread":{"dmean":510053.46875,"dmean2":750191.5,"dvar":398469693440,"dvar2":797316743168,"max":38693188,"mean":5064563.5,"median":4734247.5,"min":1949563,"var":2784698040320},"spectral_strongpeak":{"dmean":0.369341045618,"dmean2":0.611882269382,"dvar":0.403990536928,"dvar2":0.990119755268,"max":10.2253332138,"mean":0.582593500614,"median":0.331382840872,"min":0,"var":0.543600201607},"zerocrossingrate":{"dmean":0.0109534589574,"dmean2":0.0131671587005,"dvar":0.000184399323189,"dvar2":0.000254553335253,"max":0.49462890625,"mean":0.0638550072908,"median":0.05126953125,"min":0.0029296875,"var":0.00307455286384}},"metadata":{"audio_properties":{"analysis_sample_rate":44100,"bit_rate":291605,"codec":"aac","downmix":"mix","equal_loudness":0,"length":353.221954346,"lossless":false,"md5_encoded":"d6a610f39a63c8f5b3b482eac1f63297","replay_gain":4.02025032043,"sample_rate":44100},"tags":{"album":["Bombs and Bullets"],"albumartistsort":["Rage Against the Machine"],"artist":["Rage Against the Machine"],"artistsort":["Rage Against the Machine"],"bpm":["0"],"catalognumber":["[none]"],"discnumber":["1/1"],"encodedby":["iTunes 10.6.3"],"file_name":"02 Take the Power Back (demo).m4a","genre":["Crossover"],"label":["[no label]"],"language":["English"],"media":["CD"],"musicbrainz_albumartistid":["3798b104-01cb-484c-a3b0-56adc6399b80"],"musicbrainz_albumid":["ae4bffef-3f21-4930-8c10-9adf5ca8ceeb"],"musicbrainz_artistid":["3798b104-01cb-484c-a3b0-56adc6399b80"],"musicbrainz_recordingid":["940bceb3-97f4-4dc0-944d-a328b9f3ace1"],"musicbrainz_releasegroupid":["55399028-fe94-48c7-867a-3ad4fae84569"],"script":["Latin"],"title":["Take the Power Back (demo)"],"tracknumber":["2/12"]},"version":{"essentia":"2.1-beta2","essentia_build_sha":"c0e182ba78c2de26e491b7b7a4a2c98c1ed34208","essentia_git_sha":"v2.1_beta2-2-gbb40004","extractor":"music 1.0"}},"rhythm":{"beats_count":594,"beats_loudness":{"dmean":0.0201575700194,"dmean2":0.0364918150008,"dvar":0.000402557576308,"dvar2":0.0010788589716,"max":0.140996977687,"mean":0.0357362367213,"median":0.0353355035186,"min":0.0000152190586959,"var":0.000648273678962},"beats_loudness_band_ratio":{"dmean":[0.248105108738,0.226770892739,0.128825888038,0.0407065115869,0.0389684438705,0.0639431849122],"dmean2":[0.450647860765,0.421137332916,0.221905946732,0.0735382661223,0.067561134696,0.116552636027],"dvar":[0.0351036600769,0.0289781056345,0.0246782843024,0.00771973468363,0.00307375052944,0.0153229525313],"dvar2":[0.0941476821899,0.0955721735954,0.0639794915915,0.0223222970963,0.00846953410655,0.0338386930525],"max":[0.991307556