{"lowlevel":{"average_loudness":0.895060837269,"barkbands":{"dmean":[0.00023780563788,0.00444414326921,0.00114774308167,0.00130650843494,0.00189818744548,0.0010464519728,0.000518799468409,0.000522304442711,0.0012101092143,0.000819816545118,0.00131907407194,0.000844496593345,0.000763833813835,0.000720459211152,0.000545802759007,0.000378630415071,0.000294286233839,0.000245088507654,0.000163000935572,0.000111647008453,0.0000642372833681,0.0000491270111524,0.0000401226061513,0.0000319698410749,0.0000218201475946,0.00000672693704473,6.97796565419e-7],"dmean2":[0.000377164193196,0.00717905117199,0.00197154213674,0.00220166076906,0.00320764374919,0.00170215195976,0.000854451966006,0.000846057722811,0.00195392547175,0.00131912215147,0.00213155965321,0.00136084121186,0.0012575625442,0.00116047251504,0.00088742072694,0.000613597570919,0.000472403276945,0.000389914639527,0.00025805956102,0.00017449259758,0.000105754901597,0.0000800531270215,0.000062973544118,0.0000488161967951,0.0000324627908412,0.0000106956867967,0.00000102196224816],"dvar":[1.73437612716e-7,0.0000508375487698,0.00000354819371751,0.00000843880479806,0.0000250625253102,0.00000621806884737,0.00000165268750152,0.00000270090731647,0.00000974810791377,0.00000418428726334,0.0000152835455083,0.00000479148684462,0.00000308754397338,0.00000168723397564,9.71904341895e-7,4.25392585157e-7,3.33551298581e-7,2.32074171436e-7,1.13468054508e-7,6.40709529875e-8,1.35866518036e-8,8.47562819928e-9,6.17140205605e-9,4.87059814702e-9,2.33761388024e-9,4.78323658459e-10,1.09283589123e-11],"dvar2":[4.33247549836e-7,0.000134532601805,0.00000976791034191,0.0000221581958613,0.0000682747049723,0.0000154601075337,0.00000391950106859,0.00000676010586176,0.0000250760731433,0.0000104481705421,0.0000411252149206,0.0000120361137306,0.00000784578696766,0.00000409614858654,0.00000231792523664,9.99133476398e-7,8.15669636722e-7,5.46005537672e-7,2.54032073599e-7,1.48898763541e-7,3.59275134088e-8,2.30165095871e-8,1.49948800043e-8,1.0540483153e-8,5.2759823177e-9,1.17976772795e-9,2.34080671513e-11],"max":[0.00483349896967,0.0712692737579,0.0241213776171,0.044258993119,0.0745862275362,0.0520974434912,0.0295540411025,0.0449257455766,0.0637361630797,0.0429390594363,0.0684738382697,0.069385305047,0.0276266541332,0.0281139034778,0.027148399502,0.0161385070533,0.0165058057755,0.0111115621403,0.00993568450212,0.0078142369166,0.00237086298876,0.0021733911708,0.00251749367453,0.00161517341621,0.00107464217581,0.000392591085983,0.0000948922242969],"mean":[0.000408406282077,0.0072336490266,0.00213997857645,0.00143236352596,0.00226613134146,0.00151499919593,0.000674512120895,0.000712331209797,0.0018153435085,0.00114711781498,0.00201124162413,0.0012257482158,0.00123699614778,0.00141676352359,0.00102676288225,0.000755134853534,0.000594799639657,0.000504318857566,0.000344801315805,0.000231666810578,0.000154194814968,0.000126818064018,0.0000982102428679,0.0000756459921831,0.0000402582882089,0.00000846117836772,9.41150005929e-7],"median":[0.000145526166307,0.00396655499935,0.00076032965444,0.000349051610101,0.000834062695503,0.000542972877156,0.000215098902117,0.000173492866452,0.00039585668128,0.000313026102958,0.000283737725113,0.000318537524436,0.000433784181951,0.000872510485351,0.000680995639414,0.000516622676514,0.000353916897438,0.000283702713205,0.000194628184545,0.000123555306345,0.0000771340273786,0.0000516962900292,0.0000438955466961,0.0000351311064151,0.0000167135003721,0.00000202537466976,1.32597719471e-7],"min":[2.39933369609e-23,2.33434165492e-23,3.68306140443e-24,4.86280880464e-24,6.35960855345e-23,2.86815783414e-23,4.66507450786e-24,2.61581669224e-23,6.90632323956e-23,1.56646722657e-22,6.36333071475e-23,4.66185776975e-23,6.51632934068e-23,6.04061087386e-23,1.45662421464e-22,1.34646477483e-22,1.65042727044e-22,2.94183927285e-22,2.54901153316e-22,2.55664265801e-22,4.04657422091e-22,7.4091770069e-22,7.49798078295e-22,8.1041001031e-22,1.35079341239e-21,1.5151182129e-21,2.41225152692e-21],"var":[3.55115901129e-7,0.0000878187056514,0.00000909966092877,0.00000836262825032,0.0000229081942962,0.00000959717363003,0.0000020635961846,0.00000402944715461,0.0000163052645803,0.00000666479581923,0.0000319758801197,0.00000890519095265,0.00000572473481952,0.00000368842279386,0.0000018138972564,9.35929222123e-7,6.94606740126e-7,5.92322976445e-7,3.20902813655e-7,1.55015314363e-7,3.72426178785e-8,2.77682481453e-8,1.84505069001e-8,1.34593323153e-8,4.40944214475e-9,5.09681796768e-10,1.62699992368e-11]},"barkbands_crest":{"dmean":2.88990139961,"dmean2":4.72344017029,"dvar":7.34702014923,"dvar2":18.5399284363,"max":26.8127231598,"mean":10.741109848,"median":9.45292663574,"min":2.6252348423,"var":26.572095871},"barkbands_flatness_db":{"dmean":0.021311076358,"dmean2":0.0328857526183,"dvar":0.000457013229607,"dvar2":0.00091924337903,"max":0.617631494999,"mean":0.140920743346,"median":0.125736877322,"min":0.0309068746865,"var":0.00440690619871},"barkbands_kurtosis":{"dmean":5.6972079277,"dmean2":9.26768016815,"dvar":656.65423584,"dvar2":1642.69958496,"max":749.75958252,"mean":10.6155900955,"median":0.104876041412,"min":-1.91082894802,"var":2574.20336914},"barkbands_skewness":{"dmean":0.60173869133,"dmean2":0.944697082043,"dvar":0.824346780777,"dvar2":1.83873653412,"max":22.2360744476,"mean":1.33768975735,"median":0.799587607384,"min":-5.04550552368,"var":7.2508225441},"barkbands_spread":{"dmean":5.53570508957,"dmean2":8.6163520813,"dvar":48.1406478882,"dvar2":102.093658447,"max":130.390274048,"mean":25.6042175293,"median":24.9374160767,"min":0.111456423998,"var":206.966217041},"dissonance":{"dmean":0.0150866024196,"dmean2":0.025724587962,"dvar":0.000291312870104,"dvar2":0.000786975317169,"max":0.500000178814,"mean":0.474533438683,"median":0.481073558331,"min":0.247092530131,"var":0.000523335998878},"dynamic_complexity":3.66587948799,"erbbands":{"dmean":[0.172593131661,0.857816934586,1.27440774441,2.51904606819,7.48155927658,4.68601179123,7.83523035049,8.14801120758,7.80941820145,6.86603355408,15.344871521,29.5998306274,23.217540741,33.6440887451,41.285484314,34.7597007751,32.8788566589,32.5493469238,29.1177501678,24.6998519897,18.5456962585,14.4341278076,13.0351419449,10.3872833252,7.37812852859,5.26988458633,3.05422377586,2.24319529533,1.80109798908,1.60171294212,1.07574284077,0.819182872772,0.482425332069,0.279577046633,0.137333273888,0.0444858819246,0.00833962857723,0.00165972532704,0.00011966805323,0.000012190706002],"dmean2":[0.267262011766,1.44795334339,2.19579195976,4.20620965958,12.725476265,7.82782936096,12.9450139999,13.1278209686,12.6820411682,11.2540750504,24.8672523499,47.7582969666,36.7639541626,53.3680038452,66.0046691895,55.4884529114,53.3582725525,52.1156196594,46.668132782,40.0459213257,29.886800766,23.088722229,20.4203853607,16.7589569092,11.7048454285,8.27318382263,4.92940425873,3.72983384132,2.95719718933,2.55224871635,1.68993413448,1.29130268097,0.723985850811,0.411380589008,0.210647657514,0.0736032277346,0.0124896243215,0.00238602492027,0.000174400396645,0.0000190056653082],"dvar":[0.0890393182635,1.81654727459,3.91129851341,25.8615570068,470.554718018,130.004196167,422.135284424,420.297698975,442.888916016,277.877685547,1972.04675293,6628.04785156,4263.90478516,6643.75927734,13343.2744141,7224.47314453,5782.88476562,3927.92749023,2637.33642578,2242.05932617,994.847351074,925.786071777,687.519226074,453.595703125,283.526397705,146.932281494,35.0657691956,15.5133810043,10.7515964508,9.04229164124,5.08309793472,3.22201323509,1.15281403065,0.336124479771,0.142744153738,0.0243635028601,0.00072365422966,0.0000586213827773,2.89689722877e-7,3.49153900236e-10],"dvar2":[0.214723974466,5.16128110886,11.1330738068,66.8678359985,1293.13659668,351.03302002,1033.13525391,1031.05773926,1080.25280762,688.410461426,5125.03417969,16990.2460938,10505.9511719,17219.1171875,34360.6796875,18147.7890625,14641.2099609,9606.79199219,6436.48535156,5473.94042969,2324.89599609,2353.52807617,1640.94152832,1055.04064941,636.550048828,346.493377686,89.7301940918,41.5004234314,28.9421024323,23.8320426941,12.5565567017,7.62840938568,2.40592217445,0.695304512978,0.34803161025,0.0652544349432,0.00148064654786,0.000117159514048,6.07346009929e-7,7.70878805234e-10],"max":[3.29549813271,14.339343071,30.1238212585,71.9669189453,326.421264648,201.413726807,529.749084473,422.9894104,522.363220215,332.416503906,1285.97998047,1620.29992676,1920.5402832,2398.73608398,2346.32177734,1847.7800293,1405.71447754,1641.3046875,1223.64306641,1548.62963867,799.058898926,1005.47467041,799.25793457,598.516418457,564.773986816,533.998413086,153.089416504,67.4570465088,69.6532745361,64.1982879639,86.5167160034,38.9094734192,31.1327419281,15.8760204315,5.95699071884,3.17334485054,0.556164860725,0.178568795323,0.0143901417032,0.000450874736998],"mean":[0.282395929098,1.31852328777,2.67713737488,3.32350587845,7.32455968857,6.35367679596,11.2677812576,11.6347990036,10.4309740067,9.17892169952,23.8915920258,44.002620697,34.3276786804,55.2601127625,66.4269714355,56.0918083191,57.6949119568,64.9293365479,62.92527771,50.1733665466,40.5084342957,31.9539813995,28.2601604462,21.9992179871,15.6487522125,11.4004116058,7.14041376114,5.49432229996,4.62045621872,3.87037038803,2.62471675873,1.83205401897,1.08506536484,0.584926366806,0.211639329791,0.0541108138859,0.0118930572644,0.00235603796318,0.000175304128788,0.0000398837255489],"median":[0.0918160676956,0.689213395119,1.0318300724,1.62644171715,1.9438662529,2.45830345154,3.91953897476,4.01592826843,3.44841337204,3.46153450012,6.57522630692,9.84210968018,10.6871805191,15.0808143616,13.5441274643,17.5370025635,21.2880210876,41.3500175476,43.1287307739,34.6146812439,28.0260066986,20.3070316315,17.3654136658,12.7891998291,8.46687889099,6.12292480469,3.86408567429,2.51024103165,1.88263392448,1.60565066338,1.18425631523,0.809798598289,0.507360100746,0.264266371727,0.072829246521,0.0144861312583,0.00289821927436,0.000420492462581,0.0000431403605035,0.0000354564544978],"min":[1.46566448489e-21,2.18243869999e-21,5.24146993722e-21,1.09031605503e-20,1.5033588873e-19,2.20221845444e-19,1.33878665154e-19,2.7300382674e-19,9.49684574932e-20,1.40292378054e-19,9.87653858183e-19,1.39072666637e-18,1.89100539744e-18,7.31434208496e-18,1.78681786339e-18,2.25105002792e-18,2.7362719005e-18,2.68948325633e-18,7.75581003224e-18,5.04364775826e-18,9.34499604252e-18,1.00177031572e-17,1.59736384869e-17,1.72775315583e-17,9.87861439158e-18,1.21575234489e-17,1.2320827927e-17,2.23318234767e-17,2.14045738623e-17,2.45353333668e-17,2.09881330916e-17,1.66075814366e-17,1.38046592514e-17,1.19583433205e-17,1.0757248947e-17,5.12503571309e-18,2.91299635003e-18,1.28673424354e-18,3.8058476586e-19,3.5130654652e-20],"var":[0.179688677192,2.73616552353,14.4412841797,28.8726062775,388.511932373,138.39616394,653.185852051,645.398376465,541.922363281,340.131195068,3194.24316406,10701.8320312,6262.98730469,15243.8925781,26908.6464844,13615.2167969,11533.7753906,7313.92431641,5834.84033203,4683.79296875,2400.39746094,1880.54663086,1687.20007324,1187.34887695,735.875915527,381.395721436,88.2279663086,46.7628364563,37.7012710571,27.5383682251,13.6703653336,7.42027044296,3.21407842636,0.902326524258,0.167498767376,0.0196886155754,0.00114793877583,0.0000934660492931,4.43133870931e-7,8.87577678022e-10]},"erbbands_crest":{"dmean":2.7404024601,"dmean2":4.48292827606,"dvar":7.47649240494,"dvar2":18.9271831512,"max":33.2839012146,"mean":9.77391815186,"median":8.61828422546,"min":2.25803828239,"var":21.4335479736},"erbbands_flatness_db":{"dmean":0.0166815370321,"dmean2":0.0245642606169,"dvar":0.000303797540255,"dvar2":0.000587834976614,"max":0.499199599028,"mean":0.175924763083,"median":0.17232696712,"min":0.0227767433971,"var":0.00268070166931},"erbbands_kurtosis":{"dmean":1.10976529121,"dmean2":1.76788604259,"dvar":3.68280339241,"dvar2":8.43356800079,"max":112.735328674,"mean":1.38806140423,"median":0.494502544403,"min":-1.83446776867,"var":18.4598178864},"erbbands_skewness":{"dmean":0.378878951073,"dmean2":0.581661880016,"dvar":0.144408047199,"dvar2":0.323443293571,"max":9.31378936768,"mean":-0.0811493247747,"median":-0.0811795890331,"min":-4.1841878891,"var":1.07231855392},"erbbands_spread":{"dmean":6.72449445724,"dmean2":10.3020095825,"dvar":68.6313323975,"dvar2":155.210388184,"max":185.760360718,"mean":33.5193099976,"median":26.3861618042,"min":0.807653605938,"var":661.199584961},"gfcc":{"cov":[[23377.7324219,2479.38867188,-2830.36523438,14.2721328735,-901.170471191,395.91204834,-613.522094727,260.451599121,-441.797088623,161.970443726,-362.154266357,68.6459503174,-125.729751587],[2479.38867188,1484.3248291,-414.874420166,43.2272949219,382.563262939,51.573299408,-39.3426437378,-14.2968664169,169.047897339,-77.7394180298,10.7833471298,-124.298912048,85.0657272339],[-2830.36523438,-414.874420166,1321.75695801,384.739532471,8.00195598602,52.184211731,-30.0825157166,21.7457809448,64.6992111206,29.7930965424,-13.7179040909,-15.7102594376,-10.364528656],[14.2721328735,43.2272949219,384.739532471,501.940734863,-21.8895683289,47.9362754822,-16.796585083,28.2285671234,88.96043396,7.40297842026,45.0951728821,-45.2669143677,8.10945129395],[-901.170471191,382.563262939,8.00195598602,-21.8895683289,654.211730957,99.9787597656,47.529384613,-12.4073944092,103.950111389,-16.0878505707,-22.3152160645,-68.0068511963,14.4459676743],[395.91204834,51.573299408,52.184211731,47.9362754822,99.9787597656,246.749389648,52.8385238647,33.8201026917,22.7316970825,21.4701309204,0.818310260773,-35.8970985413,-10.322221756],[-613.522094727,-39.3426437378,-30.0825157166,-16.796585083,47.529384613,52.8385238647,232.737106323,62.6021690369,39.6432762146,-11.7746305466,47.3385009766,2.01278853416,10.4586105347],[260.451599121,-14.2968664169,21.7457809448,28.2285671234,-12.4073944092,33.8201026917,62.6021690369,160.233795166,64.7671813965,25.8864994049,2.01754999161,3.44373464584,5.87559747696],[-441.797088623,169.047897339,64.6992111206,88.96043396,103.950111389,22.7316970825,39.6432762146,64.7671813965,193.89125061,32.8496246338,47.7593955994,-44.7405738831,22.8225250244],[161.970443726,-77.7394180298,29.7930965424,7.40297842026,-16.0878505707,21.4701309204,-11.7746305466,25.8864994049,32.8496246338,101.339454651,26.5949745178,14.6320648193,-12.4023656845],[-362.154266357,10.7833471298,-13.7179040909,45.0951728821,-22.3152160645,0.818310260773,47.3385009766,2.01754999161,47.7593955994,26.5949745178,135.591293335,38.3037452698,34.7148094177],[68.6459503174,-124.298912048,-15.7102594376,-45.2669143677,-68.0068511963,-35.8970985413,2.01278853416,3.44373464584,-44.7405738831,14.6320648193,38.3037452698,112.847122192,33.9360198975],[-125.729751587,85.0657272339,-10.364528656,8.10945129395,14.4459676743,-10.322221756,10.4586105347,5.87559747696,22.8225250244,-12.4023656845,34.7148094177,33.9360198975,85.8894271851]],"icov":[[0.000302088417811,-0.000730656611267,0.000632835901342,-0.000624005857389,0.000623725238256,-0.000733595050406,0.000498829933349,-0.000717804941814,0.00083923805505,-0.00100081053097,0.00111419288442,-0.0011288394453,0.000724605110008],[-0.000730656611267,0.00302427751012,-0.00102442712523,0.00126883108169,-0.00201744539663,0.00160739407875,-0.000561612658203,0.00174816534854,-0.00276116235182,0.00327092688531,-0.00285954866558,0.0037297566887,-0.00293886405416],[0.000632835901342,-0.00102442712523,0.00255546392873,-0.00226551806554,0.00107196276076,-0.00168997084256,0.00123771815561,-0.00130036217161,0.00120747322217,-0.00201982725412,0.00293824146502,-0.00256768800318,0.00123254302889],[-0.000624005857389,0.00126883108169,-0.00226551806554,0.00448367139325,-0.000841462926473,0.00107863650192,-0.000400457298383,0.00101380096748,-0.00226197205484,0.00269309338182,-0.00387454009615,0.00358591834083,-0.00147717026994],[0.000623725238256,-0.00201744539663,0.00107196276076,-0.000841462926473,0.00352608505636,-0.00226610782556,0.000430466374382,-0.000514250248671,0.000477774185129,-0.00203635822982,0.00321099325083,-0.00246275332756,0.00149154895917],[-0.000733595050406,0.00160739407875,-0.00168997084256,0.00107863650192,-0.00226610782556,0.00696076778695,-0.00236871093512,0.000751312880311,-0.000425153644755,0.0005320807104,-0.00298183015548,0.00464526377618,-0.00195730756968],[0.000498829933349,-0.000561612658203,0.00123771815561,-0.000400457298383,0.000430466374382,-0.00236871093512,0.00725936563686,-0.00384669122286,0.000927762128413,0.00123785657343,-0.00136256380938,-0.00118140678387,0.00144545547664],[-0.000717804941814,0.00174816534854,-0.00130036217161,0.00101380096748,-0.000514250248671,0.000751312880311,-0.00384669122286,0.0113160964102,-0.00622548721731,0.000750500767026,0.0011096089147,-0.000165375648066,-0.00178426469211],[0.00083923805505,-0.00276116235182,0.00120747322217,-0.00226197205484,0.000477774185129,-0.000425153644755,0.000927762128413,-0.00622548721731,0.0140121011063,-0.00660874973983,-0.0010844913777,0.00310469372198,-0.000962028570939],[-0.00100081053097,0.00327092688531,-0.00201982725412,0.00269309338182,-0.00203635822982,0.0005320807104,0.00123785657343,0.000750500767026,-0.00660874973983,0.0178883858025,-0.0066403625533,0.000695922994055,0.00174983998295],[0.00111419288442,-0.00285954866558,0.00293824146502,-0.00387454009615,0.00321099325083,-0.00298183015548,-0.00136256380938,0.0011096089147,-0.0010844913777,-0.0066403625533,0.0174581259489,-0.00962627585977,0.000451664207503],[-0.0011288394453,0.0037297566887,-0.00256768800318,0.00358591834083,-0.00246275332756,0.00464526377618,-0.00118140678387,-0.000165375648066,0.00310469372198,0.000695922994055,-0.00962627585977,0.0223299991339,-0.0105238202959],[0.000724605110008,-0.00293886405416,0.00123254302889,-0.00147717026994,0.00149154895917,-0.00195730756968,0.00144545547664,-0.00178426469211,-0.000962028570939,0.00174983998295,0.000451664207503,-0.0105238202959,0.0198462791741]],"mean":[-23.325586319,92.2210006714,-134.488494873,39.1946601868,-45.1133079529,27.3333721161,-33.7233047485,8.96389865875,-15.786324501,-1.24744367599,-8.46663093567,-2.77895998955,-3.51314902306]},"hfc":{"dmean":5.60077762604,"dmean2":8.61735725403,"dvar":52.7872924805,"dvar2":126.234397888,"max":114.191604614,"mean":24.0852947235,"median":21.8296089172,"min":1.20448733609e-16,"var":287.663543701},"melbands":{"dmean":[0.00136706151534,0.000732359301765,0.00060185266193,0.000438588293036,0.000246613868512,0.000183845011634,0.000114650698379,0.0000786712698755,0.000148842998897,0.000179982205736,0.000116421790153,0.000135242007673,0.000176046509296,0.0000960787147051,0.0000971140907495,0.0000626949840807,0.0000665314437356,0.0000537429514225,0.000039421422116,0.0000306250803987,0.0000224695922952,0.0000169588402059,0.0000159118408192,0.0000108808044388,0.00000910906874196,0.00000591961997998,0.00000497127302879,0.00000371390228793,0.00000220528409045,0.00000166637198618,0.00000138226300805,0.0000011406024214,0.00000106379422959,9.2814184427e-7,6.84214171542e-7,6.07747836057e-7,4.85283976559e-7,3.75126461449e-7,2.98256622955e-7,2.3531356419e-7],"dmean2":[0.00215941155329,0.00125033105724,0.0010038560722,0.000742062577046,0.000406278966693,0.000296283134958,0.000185853699804,0.000128460131236,0.000242422829615,0.000290690775728,0.000184545715456,0.000213555569644,0.000285633577732,0.00015386765881,0.000155787885888,0.000101719473605,0.000107098152512,0.0000868662682478,0.0000639160716673,0.000049438647693,0.0000364614934369,0.0000273579516943,0.0000253503167187,0.000017302318156,0.000014836507944,0.00000944223575061,0.00000788589204603,0.00000591410071138,0.00000356267628376,0.00000280111385109,0.00000229817442232,0.0000018937034838,0.00000172749389549,0.00000148932610955,0.00000109727341169,9.77876766228e-7,7.67699759763e-7,5.73213469579e-7,4.50398459861e-7,3.50383118075e-7],"dvar":[0.00000516240197612,0.00000113919998057,0.00000181310076641,0.00000153928749569,3.64193994074e-7,2.01565356406e-7,8.65231513103e-8,4.19481906988e-8,1.68164717707e-7,2.36087231542e-7,1.07148345307e-7,1.04349886954e-7,2.84543972384e-7,7.02572222622e-8,5.4043209019e-8,1.7592807211e-8,1.65270268582e-8,9.62153823281e-9,5.7101794404e-9,3.05295611014e-9,1.65228108973e-9,1.49397494376e-9,9.25417464881e-10,5.74118030894e-10,3.78379494403e-10,1.61466395809e-10,1.65882835246e-10,8.17691539479e-11,2.01463082328e-11,8.76499307162e-12,5.95619213672e-12,4.27228391553e-12,3.96672581934e-12,3.08672185034e-12,1.90398478234e-12,1.70774039441e-12,1.20256213841e-12,7.24074120974e-13,4.44089562216e-13,2.28695805782e-13],"dvar2":[0.0000131308424898,0.00000328540977534,0.00000475416027257,0.00000419843854615,9.06689876956e-7,4.96404538808e-7,2.09113196092e-7,1.0176874099e-7,4.38104251543e-7,6.02939792316e-7,2.62862897671e-7,2.6730197078e-7,7.59561260111e-7,1.72946400312e-7,1.35760416242e-7,4.31434941106e-8,4.07451423712e-8,2.37614123932e-8,1.34963560328e-8,7.18768466967e-9,3.91997012628e-9,3.78895315123e-9,2.15691842165e-9,1.35570077386e-9,9.04315233807e-10,3.76537578894e-10,3.91359611385e-10,1.9346282909e-10,5.17121172272e-11,2.41979179749e-11,1.62378183816e-11,1.18205445432e-11,1.05886766369e-11,8.09928513146e-12,4.66900042934e-12,4.29133464874e-12,2.86164841823e-12,1.58948353611e-12,9.48677768287e-13,4.84092583727e-13],"max":[0.0233643706888,0.0164667889476,0.0211172997952,0.0186872817576,0.0155047131702,0.00965566094965,0.00675174640492,0.00502104591578,0.0104706659913,0.0102832159027,0.00941598694772,0.00963545776904,0.0088982116431,0.0100178346038,0.00444581732154,0.00248614349402,0.00328051508404,0.00249953055754,0.00252857175656,0.00174393330235,0.00109188607894,0.00114897382446,0.000675676041283,0.000670433742926,0.000541144923773,0.000384539918741,0.000522652873769,0.000448291975772,0.000134111061925,0.0000618621270405,0.0000431552143709,0.0000324203319906,0.0000555404258193,0.0000349541951437,0.0000538366621186,0.0000363194012607,0.0000229198612942,0.0000225773001148,0.000024922144803,0.0000118460675367],"mean":[0.00218464597128,0.00150629784912,0.000743241340388,0.000489800586365,0.000371548638213,0.000266917573754,0.000153829198098,0.000102356949355,0.000231231577345,0.000263006251771,0.000163668577443,0.00021267257398,0.000269963551546,0.000135981885251,0.000154418710736,0.00010625426512,0.000126307815663,0.000108376807475,0.0000731479303795,0.0000594492921664,0.0000445276782557,0.000033113596146,0.0000308038506773,0.0000220484107558,0.0000174342967512,0.0000118361249406,0.00000937267031986,0.00000727917768018,0.00000460241790279,0.00000358354350283,0.00000304826789943,0.00000265060225502,0.00000240191798184,0.00000204758043765,0.00000154358485815,0.00000131485671773,0.00000101392504348,7.95516996277e-7,5.99861948558e-7,4.63531961259e-7],"median":[0.00102979829535,0.000762607436627,0.000341042294167,0.000168080936419,0.000147709244629,0.0000958655582508,0.0000508058510604,0.0000349039182765,0.0000554183970962,0.0000570122792851,0.0000415354370489,0.0000560390799365,0.0000412423250964,0.0000334585274686,0.0000439599789388,0.0000455103145214,0.000077094475273,0.0000681131496094,0.0000478994807054,0.0000406061735703,0.0000284680554614,0.0000193254418264,0.0000178236841748,0.0000119226479001,0.00000932166767598,0.00000634062598692,0.0000046665645641,0.0000035395823943,0.0000023284337658,0.00000181295331458,0.00000125498979742,0.00000100712759377,9.76042883849e-7,8.44749820317e-7,6.65300149194e-7,6.17173725459e-7,4.27109910106e-7,3.70054181076e-7,2.52283200552e-7,2.07041523481e-7],"min":[1.03035087095e-23,2.70923825491e-24,4.60925471021e-24,1.62937200489e-23,4.99586912897e-24,5.65880259017e-24,1.35194903051e-24,1.61783913456e-24,1.02277820069e-23,8.41949035332e-24,9.19449886104e-24,3.04123549447e-23,6.30858297906e-24,5.65704264149e-24,6.15969139966e-24,6.20084982296e-24,4.23976409512e-24,1.21933867244e-23,8.3180349523e-24,6.12275062119e-24,1.23603870003e-23,1.08664714059e-23,1.01585768174e-23,1.50999952168e-23,1.47365480651e-23,6.84496106296e-24,8.80709084821e-24,7.64217206086e-24,6.5411013086e-24,9.5503256164e-24,1.47969274788e-23,1.12243728654e-23,1.4465512813e-23,1.30902971189e-23,1.32311135237e-23,1.04207223959e-23,1.01020833325e-23,9.45930763401e-24,9.61272924716e-24,1.04063248955e-23],"var":[0.00000936619380809,0.00000342959265254,0.00000181468908522,0.00000131507465539,5.74832256461e-7,3.13191293344e-7,1.1002950373e-7,5.18679570405e-8,2.80459772739e-7,3.70902228042e-7,1.57823450309e-7,2.31592167665e-7,5.6626646483e-7,1.31859749786e-7,1.09241952373e-7,3.34615641862e-8,3.10174286255e-8,2.11077715306e-8,1.05437107933e-8,6.3460001698e-9,3.41966366335e-9,2.6593331981e-9,2.00199878897e-9,1.45299694498e-9,8.49969095107e-10,4.49688841719e-10,3.20894810724e-10,1.99597186001e-10,4.33789809628e-11,2.02746760353e-11,1.61146252592e-11,1.32515222753e-11,1.08723498954e-11,8.29840796773e-12,5.01447841583e-12,3.59623442137e-12,2.57067782859e-12,1.75581391874e-12,1.2271685404e-12,5.46206634609e-13]},"melbands_crest":{"dmean":3.66339063644,"dmean2":5.91119432449,"dvar":11.8130569458,"dvar2":28.2457714081,"max":36.5257759094,"mean":16.1006546021,"median":14.7956523895,"min":1.88063013554,"var":53.5634117126},"melbands_flatness_db":{"dmean":0.0259107910097,"dmean2":0.0400527976453,"dvar":0.000630729540717,"dvar2":0.00130940170493,"max":0.761678159237,"mean":0.195608869195,"median":0.180666804314,"min":0.00513843027875,"var":0.00724290637299},"melbands_kurtosis":{"dmean":14.4890623093,"dmean2":23.6069946289,"dvar":4169.48681641,"dvar2":9244.43652344,"max":1750.01367188,"mean":37.6268997192,"median":3.27624082565,"min":-1.74346208572,"var":26750.6992188},"melbands_skewness":{"dmean":0.816750466824,"dmean2":1.2822470665,"dvar":1.75264394283,"dvar2":3.66682100296,"max":33.8585090637,"mean":2.74819993973,"median":1.77065372467,"min":-2.10251021385,"var":17.7222595215},"melbands_spread":{"dmean":8.00180435181,"dmean2":12.7582149506,"dvar":74.7858734131,"dvar2":170.709320068,"max":149.385162354,"mean":30.6422481537,"median":28.8275337219,"min":0.104892410338,"var":356.307037354},"mfcc":{"cov":[[12998.9658203,1378.59619141,-1547.17810059,-404.081237793,-371.526763916,-37.6360969543,-101.797607422,-28.8893089294,-30.2674980164,-86.4433135986,-148.828399658,-51.3430633545,-19.6057090759],[1378.59619141,1352.74194336,-549.001586914,-15.1050949097,351.893188477,132.116867065,12.502655983,50.0879974365,124.964241028,77.7797241211,2.53666520119,-11.770611763,-28.6365795135],[-1547.17810059,-549.001586914,1233.50012207,280.704162598,21.6909790039,8.00606060028,-26.9451656342,-0.663557589054,3.93840169907,17.3294773102,60.6636428833,8.77563762665,2.09219455719],[-404.081237793,-15.1050949097,280.704162598,363.88381958,125.145927429,17.5619602203,-13.8696804047,28.0929775238,30.1902999878,45.0725440979,31.406206131,19.2641658783,4.72737503052],[-371.526763916,351.893188477,21.6909790039,125.145927429,461.14239502,157.444244385,11.3102674484,16.3185405731,97.5436019897,78.4559173584,40.4812507629,-6.27083396912,-16.4863986969],[-37.6360969543,132.116867065,8.00606060028,17.5619602203,157.444244385,204.577255249,73.2196426392,16.4040679932,30.8270225525,39.7310028076,27.2422485352,-0.227637395263,-8.38031673431],[-101.797607422,12.502655983,-26.9451656342,-13.8696804047,11.3102674484,73.2196426392,152.691421509,64.7652893066,15.7349042892,16.4782295227,12.4789419174,-1.20952308178,6.11614227295],[-28.8893089294,50.0879974365,-0.663557589054,28.0929775238,16.3185405731,16.4040679932,64.7652893066,115.156044006,53.6008148193,28.0257377625,19.6535072327,9.74094104767,4.1230225563],[-30.2674980164,124.964241028,3.93840169907,30.1902999878,97.5436019897,30.8270225525,15.7349042892,53.6008148193,130.676712036,66.1447372437,28.0644569397,10.6256694794,-4.06344509125],[-86.4433135986,77.7797241211,17.3294773102,45.0725440979,78.4559173584,39.7310028076,16.4782295227,28.0257377625,66.1447372437,125.285171509,63.0689735413,23.8979663849,1.93090760708],[-148.828399658,2.53666520119,60.6636428833,31.406206131,40.4812507629,27.2422485352,12.4789419174,19.6535072327,28.0644569397,63.0689735413,102.425079346,48.2684898376,5.34483766556],[-51.3430633545,-11.770611763,8.77563762665,19.2641658783,-6.27083396912,-0.227637395263,-1.20952308178,9.74094104767,10.6256694794,23.8979663849,48.2684898376,88.3049926758,36.3445701599],[-19.6057090759,-28.6365795135,2.09219455719,4.72737503052,-16.4863986969,-8.38031673431,6.11614227295,4.1230225563,-4.06344509125,1.93090760708,5.34483766556,36.3445701599,75.9792633057]],"icov":[[0.000106312771095,-0.000119025244203,0.0000837742627482,-0.000019087246983,0.000218174551264,-0.000127111576148,0.000143282639328,-0.00000921812079469,-0.0000284042998828,0.0000293103457807,0.00000670560621074,0.000063923514972,-0.0000295733207167],[-0.000119025244203,0.00140826089773,0.000497758272104,-0.0000188667454495,-0.0010376421269,-0.000133495210321,0.000239504995989,-0.000426758517278,-0.000383842882002,-0.000167042322573,0.000243754519033,-0.000102257581602,0.000267013092525],[0.0000837742627482,0.000497758272104,0.00139552436303,-0.000941420614254,0.000107965002826,-0.000433623295976,0.000441687996499,0.0000236784908338,-0.000411314162193,0.00043264348642,-0.000864998961333,0.00064286153065,-0.000111526554974],[-0.000019087246983,-0.0000188667454495,-0.000941420614254,0.00405329791829,-0.00130863336381,0.000601528794505,0.000554046826437,-0.00141681614332,0.000961052195635,-0.00115951511543,0.000755972112529,-0.000976076233201,0.0000709612868377],[0.000218174551264,-0.0010376421269,0.000107965002826,-0.00130863336381,0.00502096954733,-0.00312325078994,0.00117515423335,0.000935287447646,-0.00215888838284,0.0000541356967005,-0.00088329782011,0.0014118530089,-0.000386756117223],[-0.000127111576148,-0.000133495210321,-0.000433623295976,0.000601528794505,-0.00312325078994,0.00913399085402,-0.00500908773392,0.00186304678209,0.000588092487305,-0.000839497486595,-0.000449048791779,-0.000623090367299,0.000905705266632],[0.000143282639328,0.000239504995989,0.000441687996499,0.000554046826437,0.00117515423335,-0.00500908773392,0.0120567847043,-0.00706667313352,0.00149264361244,-0.000356262054993,-0.000395969924284,0.00172050460242,-0.00151022232603],[-0.00000921812079469,-0.000426758517278,0.0000236784908338,-0.00141681614332,0.000935287447646,0.00186304678209,-0.00706667313352,0.0156850796193,-0.00619377568364,0.00104399072006,-0.00143033929635,-0.000226138334256,-0.0000985815568129],[-0.0000284042998828,-0.000383842882002,-0.000411314162193,0.000961052195635,-0.00215888838284,0.000588092487305,0.00149264361244,-0.00619377568364,0.0144369527698,-0.00610048044473,0.00196014670655,-0.0012542711338,0.00100112752989],[0.0000293103457807,-0.000167042322573,0.00043264348642,-0.00115951511543,0.0000541356967005,-0.000839497486595,-0.000356262054993,0.00104399072006,-0.00610048044473,0.0157354287803,-0.00855509564281,0.00165883428417,-0.0010218238458],[0.00000670560621074,0.000243754519033,-0.000864998961333,0.000755972112529,-0.00088329782011,-0.000449048791779,-0.000395969924284,-0.00143033929635,0.00196014670655,-0.00855509564281,0.0203685481101,-0.0106161152944,0.00390628864989],[0.000063923514972,-0.000102257581602,0.00064286153065,-0.000976076233201,0.0014118530089,-0.000623090367299,0.00172050460242,-0.000226138334256,-0.0012542711338,0.00165883428417,-0.0106161152944,0.020958384499,-0.00925546418875],[-0.0000295733207167,0.000267013092525,-0.000111526554974,0.0000709612868377,-0.000386756117223,0.000905705266632,-0.00151022232603,-0.0000985815568129,0.00100112752989,-0.0010218238458,0.00390628864989,-0.00925546418875,0.0176280979067]],"mean":[-648.481262207,112.456184387,-15.8456707001,17.3558387756,14.6833868027,14.3847398758,3.60566186905,8.43601703644,1.71854031086,5.77093219757,1.05279970169,-0.711137831211,-2.23141598701]},"pitch_salience":{"dmean":0.0757045149803,"dmean2":0.122779481113,"dvar":0.00514878192917,"dvar2":0.0127861257643,"max":0.872182369232,"mean":0.521640598774,"median":0.533768296242,"min":0.0492723248899,"var":0.0213067755103},"silence_rate_20dB":{"dmean":0,"dmean2":0,"dvar":0,"dvar2":0,"max":1,"mean":1,"median":1,"min":1,"var":0},"silence_rate_30dB":{"dmean":0,"dmean2":0,"dvar":0,"dvar2":0,"max":1,"mean":1,"median":1,"min":1,"var":0},"silence_rate_60dB":{"dmean":0.0121565153822,"dmean2":0.0243161097169,"dvar":0.0120072793216,"dvar2":0.0265143215656,"max":1,"mean":0.0687515810132,"median":0,"min":0,"var":0.0640276893973},"spectral_centroid":{"dmean":238.48210144,"dmean2":367.462982178,"dvar":74989.4609375,"dvar2":158487.984375,"max":11292.1923828,"mean":1574.88354492,"median":1523.15466309,"min":73.911529541,"var":357154.9375},"spectral_complexity":{"dmean":3.32404708862,"dmean2":5.18794345856,"dvar":11.6347312927,"dvar2":24.9892673492,"max":58,"mean":22.9197273254,"median":24,"min":0,"var":135.490844727},"spectral_contrast_coeffs":{"dmean":[0.0534287728369,0.0503004491329,0.0416572354734,0.0295946896076,0.0214347299188,0.0156859755516],"dmean2":[0.08682051301,0.0822791010141,0.0672821104527,0.0477886423469,0.0340995080769,0.0247857198119],"dvar":[0.00218794308603,0.00187581323553,0.00133727060165,0.000651927141007,0.000349435838871,0.000206142809475],"dvar2":[0.00546092214063,0.00465878425166,0.00328928930685,0.00159924931359,0.00080494757276,0.000497920438647],"max":[-0.30394077301,-0.356840580702,-0.414150416851,-0.483468174934,-0.561248540878,-0.631429672241],"mean":[-0.693289220333,-0.735046923161,-0.755115389824,-0.776722311974,-0.77631431818,-0.771569013596],"median":[-0.698446750641,-0.745051860809,-0.767047762871,-0.781826615334,-0.777175843716,-0.767413914204],"min":[-0.969498932362,-0.964736938477,-0.967468857765,-0.966288387775,-0.959314823151,-0.959321975708],"var":[0.00771470181644,0.00740824779496,0.00769040966406,0.00380287249573,0.00258381757885,0.00181623641402]},"spectral_contrast_valleys":{"dmean":[0.404108285904,0.402665495872,0.335931688547,0.272859811783,0.221106529236,0.243192881346],"dmean2":[0.646193504333,0.650750160217,0.530650913715,0.415761381388,0.330394744873,0.33078545332],"dvar":[0.13112822175,0.142637178302,0.111081652343,0.092364013195,0.0705080255866,0.113593183458],"dvar2":[0.288441240788,0.328572809696,0.231805071235,0.168865427375,0.123128682375,0.190155744553],"max":[-5.3088145256,-4.7362537384,-4.57445383072,-5.16950511932,-5.62490224838,-7.95772075653],"mean":[-7.40304994583,-7.2755241394,-7.45331907272,-7.37989187241,-7.66978406906,-10.2451181412],"median":[-7.06535339355,-6.91052341461,-7.02878713608,-6.81821060181,-7.21782684326,-9.92607116699],"min":[-27.4505882263,-27.092628479,-27.3324947357,-27.1895961761,-27.2336883545,-27.2746829987],"var":[2.99321293831,2.69378590584,2.88026404381,3.03232979774,2.34117031097,1.93561387062]},"spectral_decrease":{"dmean":2.29382912664e-9,"dmean2":3.70180419651e-9,"dvar":8.07644591718e-18,"dvar2":2.11236401652e-17,"max":7.7171232913e-17,"mean":-7.15722503486e-9,"median":-6.50038423089e-9,"min":-3.30137481797e-8,"var":2.29081714946e-17},"spectral_energy":{"dmean":0.00900893937796,"dmean2":0.0144987339154,"dvar":0.000122795128846,"dvar2":0.000320093677146,"max":0.128769859672,"mean":0.0291976332664,"median":0.0267703197896,"min":1.07467959496e-20,"var":0.000367334578186},"spectral_energyband_high":{"dmean":0.000201266535441,"dmean2":0.000307877664454,"dvar":1.23651972217e-7,"dvar2":3.01784353951e-7,"max":0.00832663662732,"mean":0.000619538943283,"median":0.000386336410884,"min":7.82541293809e-21,"var":4.92242691053e-7},"spectral_energyband_low":{"dmean":0.00503529654816,"dmean2":0.0080488063395,"dvar":0.0000563345420233,"dvar2":0.000145313722896,"max":0.0781867802143,"mean":0.0103157842532,"median":0.00661975331604,"min":4.26690193577e-23,"var":0.000129152074805},"spectral_energyband_middle_high":{"dmean":0.00309166568331,"dmean2":0.00480078067631,"dvar":0.0000237481144723,"dvar2":0.0000606140165473,"max":0.0782981514931,"mean":0.0101878698915,"median":0.00771391578019,"min":1.53667388131e-21,"var":0.0000978700991254},"spectral_energyband_middle_low":{"dmean":0.00471979146823,"dmean2":0.00755081744865,"dvar":0.0000717681105016,"dvar2":0.000186148768989,"max":0.109902061522,"mean":0.00878917425871,"median":0.00543233752251,"min":2.0628082845e-22,"var":0.000106001403765},"spectral_entropy":{"dmean":0.127498060465,"dmean2":0.190708965063,"dvar":0.0206837058067,"dvar2":0.0408569052815,"max":9.79612350464,"mean":7.65304470062,"median":7.69139671326,"min":5.07044029236,"var":0.167832523584},"spectral_flux":{"dmean":0.0230323299766,"dmean2":0.0357351899147,"dvar":0.000561723602004,"dvar2":0.00128831760958,"max":0.279832541943,"mean":0.0923651084304,"median":0.0914470404387,"min":1.03666755735e-10,"var":0.0024758935906},"spectral_kurtosis":{"dmean":1.67811882496,"dmean2":2.8284509182,"dvar":4.9494600296,"dvar2":13.9345531464,"max":73.8572387695,"mean":5.05656957626,"median":4.17782878876,"min":-1.21952044964,"var":16.3875904083},"spectral_rms":{"dmean":0.000773029983975,"dmean2":0.00121311959811,"dvar":6.78873959714e-7,"dvar2":0.00000165639016814,"max":0.0112084401771,"mean":0.00496408948675,"median":0.0051105171442,"min":3.23800534996e-12,"var":0.00000384329405279},"spectral_rolloff":{"dmean":447.501342773,"dmean2":731.892211914,"dvar":649426.0625,"dvar2":1423118.75,"max":19745.9472656,"mean":1975.53637695,"median":1614.99023438,"min":64.599609375,"var":6353188.5},"spectral_skewness":{"dmean":0.200316026807,"dmean2":0.325558900833,"dvar":0.0421545170248,"dvar2":0.110612414777,"max":6.76090431213,"mean":1.54706656933,"median":1.50819730759,"min":-0.0333429835737,"var":0.23589424789},"spectral_spread":{"dmean":434218.90625,"dmean2":612177.375,"dvar":480532463616,"dvar2":801639104512,"max":40354760,"mean":4223684.5,"median":3757545.75,"min":798356.375,"var":3816088666110},"spectral_strongpeak":{"dmean":0.641486108303,"dmean2":1.11149895191,"dvar":1.25119590759,"dvar2":3.39443874359,"max":12.0983686447,"mean":1.02822458744,"median":0.419624686241,"min":0,"var":2.08655810356},"zerocrossingrate":{"dmean":0.00902228988707,"dmean2":0.0107867112383,"dvar":0.000139074589242,"dvar2":0.000151165586431,"max":0.72216796875,"mean":0.0694987773895,"median":0.05615234375,"min":0.001953125,"var":0.00640696845949}},"metadata":{"audio_properties":{"analysis_sample_rate":44100,"bit_rate":320046,"codec":"mp3","downmix":"mix","equal_loudness":0,"length":183.353469849,"lossless":false,"md5_encoded":"248ee9a6e1b868d732553add27c55859","replay_gain":-11.3457012177,"sample_rate":44100},"tags":{"album":["Open Up (That's Enough) / Rough Detective"],"albumartist":["The Dead Weather"],"albumartistsort":["Dead Weather, The"],"artist":["The Dead Weather"],"artistsort":["Dead Weather, The"],"contentgroup":["Rock"],"date":["2013"],"discnumber":["1/1"],"file_name":"02 Rough Detective.mp3","genre":["Rock; Garage Rock; Alternative; Stoner Rock; Alternative Rock"],"label":["Third Man Records"],"media":["7\" Vinyl"],"mood":["Sexy"],"musicbrainz album release country":["US"],"musicbrainz album status":["official"],"musicbrainz album type":["single"],"musicbrainz_albumartistid":["334bd887-9044-4c38-aebd-4baab851efb4"],"musicbrainz_albumid":["af1fc245-b7b1-44b0-bbe9-d9af927d47ae"],"musicbrainz_artistid":["334bd887-9044-4c38-aebd-4baab851efb4"],"musicbrainz_recordingid":["9488e938-0c2d-4131-9479-af9452fa5d51"],"musicbrainz_releasegroupid":["25a9e705-9237-4941-9f5c-ed8598a23085"],"originaldate":["2013"],"originalyear":["2013"],"script":["Latn"],"title":["Rough Detective"],"tracknumber":["2/2"]},"version":{"essentia":"2.1-beta2","essentia_build_sha":"70f2e5ece6736b2c40cc944ad0e695b16b925413","essentia_git_sha":"v2.1_beta2","extractor":"music 1.0"}},"rhythm":{"beats_count":373,"beats_loudness":{"dmean":0.0207113046199,"dmean2":0.0403800010681,"dvar":0.000202045281185,"dvar2":0.000631127797533,"max":0.0892735645175,"mean":0.0399437062442,"median":0.0387260876596,"min":3.83748699484e-10,"var":0.000414201291278},"beats_loudness_band_ratio":{"dmean":[0.270318984985,0.132033646107,0.0929341241717,0.113895848393,0.0832734182477,0.0603017136455],"dmean2":[0.51282864809,0.254603117704,0.170055299997,0.200424477458,0.146511420608,0.116447277367],"dvar":[0.0416174456477,0.0135889928788,0.00993