{"lowlevel":{"average_loudness":0.693897783756,"barkbands":{"dmean":[0.00631298776716,0.00796485692263,0.00197734567337,0.00118909194134,0.00350748933852,0.00132481427863,0.00111609173473,0.000540000677574,0.000658164499328,0.000384599727113,0.000418611860368,0.000783728843089,0.00046786229359,0.000319362559821,0.000192690014956,0.0000825392926345,0.0000614671153016,0.0000573208999413,0.0000405987011618,0.0000323826425301,0.0000201540369744,0.0000103091351775,0.00000925493804971,0.00000349840797753,0.00000286951149064,0.00000403244666813,0.0000784558069427],"dmean2":[0.0100795738399,0.0134273208678,0.00338960019872,0.00199100747705,0.00580030772835,0.00211027427576,0.0017569946358,0.000918277830351,0.0010451565031,0.000629666727036,0.000688524451107,0.0013015040895,0.00076439435361,0.000532748759724,0.000321563537,0.000137921408168,0.0000997376482701,0.0000917547295103,0.0000652943272144,0.0000491989194416,0.000030666920793,0.0000163886270457,0.0000142942180901,0.00000571533655602,0.00000475905426356,0.00000645827731205,0.000119497111882],"dvar":[0.000178647169378,0.000278332445305,0.0000162954765983,0.00000459303782918,0.0000304190107272,0.00000671652469464,0.0000055500313465,0.00000139325368309,0.00000308808057525,6.74838076975e-7,0.00000103719253275,0.00000225176017921,6.80066477798e-7,3.11497956318e-7,1.26341390683e-7,3.22499396077e-8,2.95891524615e-8,2.64541277772e-8,1.10112781115e-8,8.96733265421e-9,4.13340650596e-9,3.99111355076e-10,3.65928370938e-10,4.14687520434e-11,3.2593368976e-11,5.06153591262e-11,2.64490047641e-8],"dvar2":[0.00041530263843,0.000716024369467,0.0000441806259914,0.0000115462953545,0.0000805679665064,0.0000154577701323,0.0000124076295833,0.0000037219499518,0.00000716573049431,0.00000170290684309,0.00000283397093881,0.00000603023772783,0.00000174752472049,8.38277742332e-7,3.37237082704e-7,8.59016537902e-8,7.16102874776e-8,6.25241938224e-8,2.66426667395e-8,1.7736686786e-8,8.26539281462e-9,9.29541832395e-10,8.41869074453e-10,1.03360812964e-10,8.25748427968e-11,1.23276638897e-10,5.57386243827e-8],"max":[0.263922989368,0.208200857043,0.0580680519342,0.0735978111625,0.0891484022141,0.0546897277236,0.0691364556551,0.0335693359375,0.0727557167411,0.0227471422404,0.0297194495797,0.0236099138856,0.0174818579108,0.0103517062962,0.00946938525885,0.00395245989785,0.00677883718163,0.00549778528512,0.00391917163506,0.00453161401674,0.00341623462737,0.000559871434234,0.000366297608707,0.000099712087831,0.0000846388429636,0.000173890497535,0.00603236025199],"mean":[0.00964275468141,0.0119279008359,0.00229720026255,0.00156515522394,0.00695424713194,0.00234039966017,0.00208042701706,0.000795358035248,0.0011295331642,0.000643174978904,0.000689356413204,0.0013332166709,0.000858757994138,0.000610573857557,0.000371780741261,0.000148176419316,0.000118763171486,0.00011533601355,0.0000829760610941,0.0000752948908485,0.0000469134720333,0.0000244203401962,0.0000147586342791,0.0000048374695325,0.00000293245670946,0.00000673406293572,0.000251652934821],"median":[0.00224777800031,0.00421337038279,0.000880048843101,0.000640792539343,0.00320931011811,0.00107190897688,0.000809366814792,0.000313084514346,0.000375804491341,0.000230995065067,0.000264286412857,0.0003282740945,0.000299312087009,0.000238544074818,0.000125281556393,0.0000373888251488,0.0000241052694037,0.0000175918212335,0.0000145298818097,0.0000139130406751,0.00000925864333112,0.00000469015549243,0.00000323932727042,0.00000195738766706,8.99687847777e-7,0.00000268399480774,0.000044107393478],"min":[5.00960201404e-25,2.14742264115e-23,2.42886139086e-23,3.29688953663e-23,1.60883464232e-23,9.45657927969e-23,4.68803753884e-23,4.10258725793e-23,4.041647753e-23,4.43937722191e-23,1.09184710657e-22,6.38355773945e-23,9.27112060522e-23,7.66084976274e-23,1.54400084664e-22,1.0992860018e-22,1.3108380493e-22,1.8015639322e-22,2.02429155127e-22,2.87712566802e-22,4.70201590164e-22,6.12645383405e-22,4.9661492519e-22,6.87805273664e-22,1.01588199759e-21,1.88646818577e-21,2.19664193233e-21],"var":[0.000302970205666,0.000399009586545,0.0000172767959157,0.00000735792127671,0.0000818447224447,0.0000151930944412,0.0000174850265466,0.0000021984212708,0.00000808297681942,0.0000013717026377,0.00000178668369699,0.00000442752980234,0.00000157227316322,7.05404147539e-7,2.84893985736e-7,6.55445120401e-8,7.56224878273e-8,6.76922340404e-8,3.34979581851e-8,3.97366903826e-8,1.54626267346e-8,1.51073964449e-9,6.42290887143e-10,6.02385988313e-11,3.48695967933e-11,1.04542013935e-10,1.49959319629e-7]},"barkbands_crest":{"dmean":2.73019647598,"dmean2":4.46762657166,"dvar":5.24382686615,"dvar2":13.3415603638,"max":25.7708339691,"mean":11.1135749817,"median":10.508348465,"min":3.06958675385,"var":15.6975107193},"barkbands_flatness_db":{"dmean":0.0288421362638,"dmean2":0.0458758696914,"dvar":0.000652434187941,"dvar2":0.00169984600507,"max":0.546878159046,"mean":0.181779429317,"median":0.17381349206,"min":0.0448782220483,"var":0.00318653462455},"barkbands_kurtosis":{"dmean":4.79798269272,"dmean2":7.77303791046,"dvar":52.4691543579,"dvar2":134.482574463,"max":235.022979736,"mean":9.64483356476,"median":6.69383049011,"min":-1.62691533566,"var":116.662246704},"barkbands_skewness":{"dmean":0.617049872875,"dmean2":0.981768071651,"dvar":0.34745323658,"dvar2":0.854586064816,"max":13.1637201309,"mean":2.14588570595,"median":2.01796293259,"min":-4.51069545746,"var":1.2454366684},"barkbands_spread":{"dmean":3.19554209709,"dmean2":5.04927492142,"dvar":13.3337192535,"dvar2":30.4123268127,"max":75.2240219116,"mean":12.7591753006,"median":11.1111478806,"min":0.601120233536,"var":68.9973526001},"dissonance":{"dmean":0.0292413625866,"dmean2":0.0501968003809,"dvar":0.000803902454209,"dvar2":0.00225838227198,"max":0.500000119209,"mean":0.447458893061,"median":0.458416044712,"min":0.198119059205,"var":0.00166206446011},"dynamic_complexity":6.22621965408,"erbbands":{"dmean":[0.449635982513,1.14133656025,2.1424677372,3.15170836449,7.00489521027,13.1763715744,15.2892255783,10.6656970978,14.0585012436,19.8244552612,9.21567249298,16.1731891632,9.94965362549,14.2058420181,16.6496620178,36.9573059082,22.567697525,15.6731462479,11.2709789276,7.15343332291,3.85963654518,3.32629084587,3.25555419922,2.33300232887,1.80172526836,1.53652024269,1.09514975548,0.594390749931,0.388125002384,0.459269911051,0.176822170615,0.0855065956712,0.0524090602994,0.0326803661883,0.0202111341059,0.012027412653,0.00765029527247,0.00670800218359,0.00364665314555,0.00243452214636],"dmean2":[0.756411671638,1.92889130116,3.70171093941,5.1976017952,11.8626852036,21.2102680206,25.6565074921,17.040643692,21.5009918213,33.0862312317,15.2625427246,25.6707725525,16.131729126,23.1580715179,27.1540145874,61.3738822937,36.654384613,26.1720428467,18.5676288605,11.8611021042,6.40730524063,5.33715629578,5.15581321716,3.73547506332,2.86117815971,2.35430645943,1.66796076298,0.900271177292,0.614331245422,0.695063829422,0.280868440866,0.138738021255,0.0859270766377,0.0541204996407,0.0335278697312,0.0197227541357,0.0121552553028,0.00995929725468,0.00521483505145,0.00367228128016],"dvar":[0.929664552212,5.79128599167,19.2905426025,33.0263595581,154.866790771,473.121612549,699.268066406,587.965698242,930.25213623,2683.37695312,488.093078613,2225.63232422,560.781799316,973.367553711,1472.34570312,5449.71630859,1630.66809082,770.72845459,371.68951416,185.093719482,79.3957214355,97.4983215332,88.4761199951,30.5046100616,27.6584835052,19.8980674744,11.3664016724,3.07090711594,0.590940475464,0.909225642681,0.11002009362,0.0233903955668,0.00970382615924,0.00417030183598,0.0016210321337,0.000514004554134,0.000176160494448,0.000224603994866,0.000244959053816,0.0000190457740246],"dvar2":[2.42960166931,14.9282302856,52.3081817627,80.667640686,422.341888428,1190.6998291,1894.47045898,1319.05969238,2016.95446777,6399.18457031,1180.68371582,5275.88525391,1390.02270508,2416.28417969,3988.92553711,14530.4755859,4155.57617188,2061.70336914,976.901977539,493.641021729,205.067001343,237.033401489,204.261886597,72.3737487793,64.4216156006,41.1224327087,22.154083252,5.95321559906,1.30782973766,2.03996229172,0.269612342119,0.0580715164542,0.0242511108518,0.0105190444738,0.00411155121401,0.00128268485423,0.000422952260124,0.000433510314906,0.000373423565179,0.0000428639286838],"max":[13.1315631866,30.5821094513,52.8933258057,184.509338379,252.605712891,352.603179932,575.186767578,681.979125977,929.601074219,1851.08288574,743.287109375,2204.61279297,743.59967041,957.600097656,889.796813965,1208.74243164,914.141052246,527.336791992,365.346160889,277.038085938,254.533630371,463.702728271,334.639251709,144.008621216,235.186523438,205.99180603,191.931106567,77.4253768921,22.7205867767,23.6612129211,7.19357347488,2.43695092201,1.46968472004,0.986073732376,0.57824999094,0.321739077568,0.28704354167,0.901930093765,1.11389160156,0.104608915746],"mean":[0.670532822609,1.51463937759,2.56155848503,4.53964710236,11.008597374,25.662279129,25.1672344208,19.5482788086,26.3282527924,32.0961074829,16.205575943,27.7313175201,18.0214691162,25.3495960236,32.1326446533,62.9607696533,44.3781013489,32.4680862427,24.2609558105,14.4654960632,7.55850887299,6.76122951508,6.76691913605,4.71302938461,3.8955373764,3.57397127151,2.6034321785,1.38107025623,0.915363013744,0.805598080158,0.298202842474,0.128553390503,0.0674105286598,0.0350270755589,0.0202792063355,0.0149230817333,0.013388951309,0.0165561325848,0.0127451196313,0.0104848360643],"median":[0.193425834179,0.53361928463,1.0847209692,1.97949695587,5.16169881821,10.5444488525,11.3178749084,8.67270374298,10.5458927155,9.98175239563,7.37296819687,9.35765457153,6.89663600922,10.2373819351,13.2109212875,16.2778015137,15.460981369,12.5458078384,10.4892101288,4.27192544937,2.03676176071,1.30588018894,1.06889426708,0.850157320499,0.66555416584,0.663393855095,0.496005356312,0.297680348158,0.17542308569,0.133875757456,0.0839431136847,0.0506265833974,0.0263155214489,0.0114903971553,0.00599777372554,0.00587906129658,0.00526722846553,0.00313445413485,0.00204183720052,0.00313844671473],"min":[2.59709695985e-22,6.09664867481e-21,2.81322316872e-20,7.78671122518e-20,5.19632825166e-20,3.64203487804e-20,3.06371387922e-19,9.21461004411e-19,8.61874997287e-19,9.19661783181e-19,4.52833253801e-19,7.5697887964e-19,1.598977037e-18,3.33968237297e-18,2.67122448508e-18,3.00631286968e-18,4.51297706731e-18,2.22960268221e-18,6.8031742449e-18,1.0591788009e-17,5.04047965651e-18,8.57102299569e-18,9.28139660676e-18,1.07823050749e-17,1.0882182998e-17,1.24882335666e-17,2.4036953739e-17,1.38692231798e-17,1.82234489847e-17,2.08745165258e-17,1.30332223403e-17,1.14900341895e-17,1.36793455245e-17,1.03347035834e-17,7.47336342182e-18,5.73654221581e-18,3.84852356076e-18,1.21169913921e-18,3.01317624572e-19,3.42400460886e-20],"var":[1.348762393,7.08815383911,19.8154201508,59.8358192444,318.659423828,1308.19567871,1287.81091309,1411.40527344,2489.72802734,7845.11816406,856.511169434,5699.41943359,1240.37939453,2104.88720703,2926.36816406,10350.0273438,4007.53198242,1868.18884277,992.523498535,449.23727417,183.073486328,246.517181396,243.913818359,92.5411071777,85.9289703369,86.0605392456,51.5086326599,10.987827301,2.30117869377,1.860683918,0.220206677914,0.0385147370398,0.0130747528747,0.00462931394577,0.00171230104752,0.000661083147861,0.000394197209971,0.000946804299019,0.00128519826103,0.000165638935869]},"erbbands_crest":{"dmean":2.68212461472,"dmean2":4.37379360199,"dvar":6.03645658493,"dvar2":15.176076889,"max":31.4405155182,"mean":9.71238136292,"median":8.55682563782,"min":2.88405251503,"var":21.2340221405},"erbbands_flatness_db":{"dmean":0.0255337655544,"dmean2":0.0401883386075,"dvar":0.000518621935043,"dvar2":0.0013131640153,"max":0.423520952463,"mean":0.175705760717,"median":0.167334467173,"min":0.0580934286118,"var":0.00234148604795},"erbbands_kurtosis":{"dmean":1.24877941608,"dmean2":2.00930643082,"dvar":6.08275508881,"dvar2":14.6613798141,"max":94.8436584473,"mean":1.32580959797,"median":0.277643561363,"min":-1.59313511848,"var":17.3978595734},"erbbands_skewness":{"dmean":0.369678258896,"dmean2":0.583907306194,"dvar":0.119415797293,"dvar2":0.296582400799,"max":7.22593975067,"mean":0.357503116131,"median":0.260369300842,"min":-3.13410043716,"var":0.62930393219},"erbbands_spread":{"dmean":4.63999462128,"dmean2":7.38006353378,"dvar":19.0441970825,"dvar2":46.5509719849,"max":89.587852478,"mean":22.5804519653,"median":21.8863220215,"min":0.820232152939,"var":90.5325088501},"gfcc":{"cov":[[20387.734375,-1059.71826172,-1532.82702637,1477.6138916,1355.50244141,193.266525269,1108.05700684,-486.954589844,359.257171631,325.368438721,452.397460938,505.322875977,-69.2838821411],[-1059.71826172,753.158508301,213.163467407,-304.757537842,12.4567966461,-10.394320488,-48.4654960632,-46.7916107178,-1.63422870636,-29.6650600433,5.00567913055,-109.132980347,46.2369041443],[-1532.82702637,213.163467407,502.079681396,-93.3898391724,-122.744743347,93.9686203003,-141.350952148,100.977668762,-37.5030708313,4.46890830994,-15.221657753,-32.5817070007,34.6615371704],[1477.6138916,-304.757537842,-93.3898391724,417.840606689,173.258926392,37.3124694824,134.952774048,28.9555969238,45.9715576172,36.692035675,42.3425178528,104.115516663,-23.277387619],[1355.50244141,12.4567966461,-122.744743347,173.258926392,298.114959717,62.9660682678,140.713119507,-56.3202056885,58.5088310242,17.5391902924,66.618927002,64.1847763062,6.74303150177],[193.266525269,-10.394320488,93.9686203003,37.3124694824,62.9660682678,194.024520874,13.50340271,50.8796539307,-15.5151224136,31.9202594757,10.078042984,15.629201889,14.2584733963],[1108.05700684,-48.4654960632,-141.350952148,134.952774048,140.713119507,13.50340271,193.190628052,-22.9243907928,59.0129585266,13.9806804657,37.0108413696,45.0965538025,-8.91642189026],[-486.954589844,-46.7916107178,100.977668762,28.9555969238,-56.3202056885,50.8796539307,-22.9243907928,159.064224243,26.9339580536,28.0443153381,-10.4664011002,3.85902452469,11.9089050293],[359.257171631,-1.63422870636,-37.5030708313,45.9715576172,58.5088310242,-15.5151224136,59.0129585266,26.9339580536,106.209892273,40.2604942322,34.2322921753,33.7934875488,-0.327383071184],[325.368438721,-29.6650600433,4.46890830994,36.692035675,17.5391902924,31.9202594757,13.9806804657,28.0443153381,40.2604942322,87.2977371216,51.3603439331,17.6740226746,6.89409780502],[452.397460938,5.00567913055,-15.221657753,42.3425178528,66.618927002,10.078042984,37.0108413696,-10.4664011002,34.2322921753,51.3603439331,90.8634719849,59.7976722717,12.1111125946],[505.322875977,-109.132980347,-32.5817070007,104.115516663,64.1847763062,15.629201889,45.0965538025,3.85902452469,33.7934875488,17.6740226746,59.7976722717,104.794067383,21.4554977417],[-69.2838821411,46.2369041443,34.6615371704,-23.277387619,6.74303150177,14.2584733963,-8.91642189026,11.9089050293,-0.327383071184,6.89409780502,12.1111125946,21.4554977417,60.8325805664]],"icov":[[0.000110369219328,0.0000180269853445,0.000184438424185,-0.000232322272495,-0.0000665288098389,-0.000159910588991,-0.000194964901311,0.000322232721373,-0.0000626561668469,-0.000241205489147,-0.000080443911429,0.0000384897939512,-0.0000993512221612],[0.0000180269853445,0.00392084475607,-0.00185637187678,0.00210064183921,-0.00186152814422,0.000526422576513,-0.000915038748644,0.000570890551899,-0.00171591260005,0.00305783725344,-0.00445521483198,0.00592345325276,-0.00281894346699],[0.000184438424185,-0.00185637187678,0.00491319783032,-0.00255771400407,0.00273356912658,-0.00338210654445,0.00255067180842,-0.000413729605498,-0.00128931901418,0.00187197106425,-0.00239331461489,0.000706137507223,-0.00120421987958],[-0.000232322272495,0.00210064183921,-0.00255771400407,0.00902146380395,-0.00625732308254,0.00435231300071,-0.0029962901026,-0.00362619687803,0.00514986272901,-0.00627394486219,0.00726970238611,-0.00761210499331,0.00496851094067],[-0.0000665288098389,-0.00186152814422,0.00273356912658,-0.00625732308254,0.0130785843357,-0.00745170656592,-0.000121593511722,0.00486871786416,-0.00781108625233,0.00928442832083,-0.0100011592731,0.00600575795397,-0.00450815772638],[-0.000159910588991,0.000526422576513,-0.00338210654445,0.00435231300071,-0.00745170656592,0.0124452365562,-0.0025616036728,-0.00513116829097,0.00946496985853,-0.010690074414,0.0096871862188,-0.00756065128371,0.0035486810375],[-0.000194964901311,-0.000915038748644,0.00255067180842,-0.0029962901026,-0.000121593511722,-0.0025616036728,0.0118056694046,0.000394673174014,-0.00546168163419,0.00466042850167,-0.00349817564711,0.00219110283069,-0.000493298575748],[0.000322232721373,0.000570890551899,-0.000413729605498,-0.00362619687803,0.00486871786416,-0.00513116829097,0.000394673174014,0.0131065379828,-0.00778398383409,0.000956767820753,-0.00095072388649,0.00340176187456,-0.00422451039776],[-0.0000626561668469,-0.00171591260005,-0.00128931901418,0.00514986272901,-0.00781108625233,0.00946496985853,-0.00546168163419,-0.00778398383409,0.0250042490661,-0.0180639829487,0.0136962756515,-0.0155105851591,0.00823420565575],[-0.000241205489147,0.00305783725344,0.00187197106425,-0.00627394486219,0.00928442832083,-0.010690074414,0.00466042850167,0.000956767820753,-0.0180639829487,0.0420016981661,-0.0361485369503,0.0266844891012,-0.0111659150571],[-0.000080443911429,-0.00445521483198,-0.00239331461489,0.00726970238611,-0.0100011592731,0.0096871862188,-0.00349817564711,-0.00095072388649,0.0136962756515,-0.0361485369503,0.0537557862699,-0.037586953491,0.0126764625311],[0.0000384897939512,0.00592345325276,0.000706137507223,-0.00761210499331,0.00600575795397,-0.00756065128371,0.00219110283069,0.00340176187456,-0.0155105851591,0.0266844891012,-0.037586953491,0.0454607270658,-0.0186701826751],[-0.0000993512221612,-0.00281894346699,-0.00120421987958,0.00496851094067,-0.00450815772638,0.0035486810375,-0.000493298575748,-0.00422451039776,0.00823420565575,-0.0111659150571,0.0126764625311,-0.0186701826751,0.0268488898873]],"mean":[-58.9148445129,124.731964111,-80.1403808594,-14.4797315598,-24.2910480499,-9.02187156677,-11.5787658691,-21.8656234741,-9.06118679047,-4.3111076355,-1.10938298702,-3.91553401947,-4.0035200119]},"hfc":{"dmean":19.3318138123,"dmean2":29.7272109985,"dvar":838.252624512,"dvar2":2049.76025391,"max":686.166992188,"mean":89.3895492554,"median":57.9068222046,"min":1.1571432236e-16,"var":8022.33007812},"melbands":{"dmean":[0.00313926907256,0.00115402590018,0.000593080709223,0.0006637351471,0.000599715625867,0.000247219402809,0.000207072502235,0.000195149579667,0.0000766137163737,0.000100673976704,0.0000500268579344,0.0000590759809711,0.0000605021887168,0.0000875631303643,0.0000648978166282,0.0000443627795903,0.0000315936958941,0.0000204704065254,0.0000130474300022,0.00000736233050702,0.00000446447347713,0.00000361739489563,0.00000377436708732,0.00000272545912594,0.00000198818270292,0.0000015429531004,0.00000121614664295,0.00000108284496037,7.83574932939e-7,5.55265387447e-7,3.14368264753e-7,2.41389216171e-7,2.18512042238e-7,2.72268636081e-7,1.13102373689e-7,6.46406306259e-8,4.81448410028e-8,3.83609730648e-8,3.11942116582e-8,2.64195705313e-8],"dmean2":[0.00518166366965,0.00196604034863,0.000991547596641,0.00108246167656,0.00099812366534,0.000389027351048,0.000318732578307,0.000327353016473,0.000126299710246,0.000159435876412,0.0000816359024611,0.0000961932601058,0.0000995857844828,0.000145300582517,0.000106737359602,0.0000725209029042,0.0000530371835339,0.0000338902464136,0.0000217109991354,0.0000122658511827,0.0000074542240327,0.0000058979176174,0.00000598906490268,0.00000444813031208,0.00000323164476868,0.00000250285825132,0.00000193193523046,0.00000170449823145,0.00000121103039419,8.67617529821e-7,4.86915894271e-7,3.88697571907e-7,3.46277488461e-7,4.11340494111e-7,1.8363648735e-7,1.04920154342e-7,7.86975746792e-8,6.27692529065e-8,5.14661948614e-8,4.385426422e-8],"dvar":[0.0000434095309174,0.00000489096601086,9.48503497966e-7,0.00000121667960684,9.94420133793e-7,2.84443416376e-7,1.81206317507e-7,2.42714065735e-7,3.10194216979e-8,9.33391177682e-8,1.39497533524e-8,1.72320859804e-8,2.15952216109e-8,2.77461680298e-8,1.30234392159e-8,6.24018081652e-9,3.22488147297e-9,1.18223630885e-9,6.94008628344e-10,2.11235348657e-10,1.2199730115e-10,1.09470293941e-10,1.48773118824e-10,5.26320514949e-11,2.25324238434e-11,1.67617916075e-11,1.52333527736e-11,1.02990402664e-11,6.0198178907e-12,3.20879846132e-12,7.27365650349e-13,2.2514859443e-13,1.7780541579e-13,3.41711359729e-13,4.9394079186e-14,1.29258422067e-14,7.72234771111e-15,5.10097513342e-15,3.62809537594e-15,2.77737910592e-15],"dvar2":[0.000110164597572,0.0000130043072204,0.00000246944250648,0.00000317234298564,0.00000268570488515,6.33911440673e-7,3.99440267529e-7,5.93251911596e-7,7.4687960705e-8,2.17305682781e-7,3.45029214088e-8,4.23993320453e-8,5.88462114592e-8,7.43567696304e-8,3.49303448388e-8,1.60721125297e-8,8.70175931311e-9,3.12593018137e-9,1.83845549895e-9,5.69229108294e-10,3.17657566917e-10,2.71957095732e-10,3.6855449248e-10,1.27976532149e-10,5.59075806483e-11,4.13450142178e-11,3.46913574256e-11,2.24633679713e-11,1.17464154722e-11,7.25005819269e-12,1.47145620341e-12,5.23677997667e-13,4.29583181093e-13,7.74526547499e-13,1.25369698889e-13,3.21583037977e-14,1.93684264726e-14,1.28073617792e-14,9.05544204481e-15,7.03577837945e-15],"max":[0.0898825824261,0.0245858412236,0.0279286764562,0.0197451300919,0.0181577317417,0.0132067492232,0.0121038611978,0.0172646455467,0.00581976678222,0.0144754089415,0.00383465946652,0.00365948816761,0.00425799563527,0.00257270154543,0.00155241927132,0.00197140942328,0.00119386170991,0.000460829236545,0.000839350279421,0.000285195565084,0.000364217470633,0.000517331180163,0.000450024032034,0.000250658544246,0.00012766981672,0.000150119085447,0.00015748446458,0.000137067385367,0.000146527512698,0.0000669707151246,0.0000359001460311,0.0000129761228891,0.0000114223066703,0.0000129447871586,0.00000626552309768,0.00000160572278673,0.00000142411033721,0.00000106331583538,8.86545137746e-7,8.01707699338e-7],"mean":[0.00515565322712,0.00152168585919,0.000921475118957,0.00130351516418,0.00105122686364,0.000461448449641,0.00039583366015,0.000310696894303,0.000130871543661,0.000171102074091,0.0000859646897879,0.000100091412605,0.000103159618448,0.00014830485452,0.000123642967083,0.0000834529200802,0.0000585387642786,0.0000413145426137,0.0000249330769293,0.0000134683878059,0.00000787570479588,0.00000675697765473,0.00000708398556526,0.00000518416709383,0.00000365909113498,0.00000305877324536,0.00000250292464443,0.00000236777077589,0.00000176144874331,0.00000117159368074,6.69672090226e-7,5.22592927155e-7,4.55651985476e-7,4.330118486e-7,1.76229960402e-7,9.7340212335e-8,6.91158774657e-8,4.94669194495e-8,3.60634011543e-8,2.68457824859e-8],"median":[0.00172634795308,0.000666247331537,0.000459116738057,0.000595298537519,0.00047036021715,0.000202319410164,0.000163768752827,0.0000972948837443,0.0000579355837544,0.0000548826501472,0.0000305972171191,0.0000375708987121,0.0000406868020946,0.0000398384654545,0.0000385231614928,0.0000284128745989,0.000021838957764,0.0000170408166014,0.00000749610217099,0.00000334569540428,0.00000199726423489,0.00000135800337375,0.00000105033336695,8.21147182251e-7,6.35073320154e-7,5.13325744578e-7,4.11383894061e-7,4.41198437784e-7,3.34171971872e-7,2.24542418437e-7,1.43213270576e-7,9.55196171049e-8,8.49143475534e-8,6.83100864762e-8,4.87237876712e-8,3.58953400337e-8,2.8044407685e-8,1.88046076488e-8,1.27170789455e-8,8.08968714239e-9],"min":[4.00729191394e-24,1.26377181513e-23,1.2712502954e-23,2.46933539844e-24,8.85390343205e-24,2.07150487644e-23,1.23820585871e-23,1.06170122884e-23,3.2013026691e-24,5.68369825148e-24,7.75399151646e-24,1.2467646051e-23,1.12442568934e-23,6.48792853371e-24,8.00096651094e-24,1.01626220961e-23,2.76965908379e-24,1.20377042359e-23,1.09976715962e-23,1.14187836912e-23,5.01221708794e-24,8.45753317047e-24,7.9085049131e-24,9.47757055283e-24,8.65499057708e-24,7.36139832089e-24,9.14563918316e-24,7.22374130407e-24,1.71529820568e-23,8.88168316883e-24,8.24176709112e-24,7.73631551015e-24,1.66011154779e-23,9.76253629965e-24,7.25506618176e-24,7.26986836778e-24,6.90460604714e-24,1.01205537217e-23,9.34018727074e-24,8.30061059262e-24],"var":[0.0000691645691404,0.00000561141359867,0.00000173670662207,0.0000031547110666,0.00000214710848923,7.09561163603e-7,5.09050209985e-7,6.75918158777e-7,5.5585640979e-8,2.44138476546e-7,2.97522841919e-8,3.59994878352e-8,3.81403069127e-8,5.41505329466e-8,2.9933534762e-8,1.5057347369e-8,6.81081413489e-9,2.96826052626e-9,1.45700340681e-9,4.51922277378e-10,2.47484172045e-10,2.48797260571e-10,3.44092865312e-10,1.24752111419e-10,5.80603273792e-11,4.76165530616e-11,4.40983430328e-11,3.96530031033e-11,2.58410931542e-11,9.90898769287e-12,2.29911901149e-12,7.62777861707e-13,5.18647787478e-13,6.04471550938e-13,8.67447999824e-14,2.25686795776e-14,1.16131029218e-14,6.96590409053e-15,4.42536090238e-15,2.959277102e-15]},"melbands_crest":{"dmean":4.00177431107,"dmean2":6.55731582642,"dvar":13.1532001495,"dvar2":33.4246864319,"max":37.3374023438,"mean":16.8709335327,"median":15.3691539764,"min":2.25512862206,"var":46.8775253296},"melbands_flatness_db":{"dmean":0.0347848050296,"dmean2":0.0553818047047,"dvar":0.000947631779127,"dvar2":0.00245604780503,"max":0.682629525661,"mean":0.295119166374,"median":0.286368012428,"min":0.00633902195841,"var":0.00451180106029},"melbands_kurtosis":{"dmean":5.17409801483,"dmean2":8.5031709671,"dvar":95.5326919556,"dvar2":237.597961426,"max":339.449157715,"mean":9.55808544159,"median":6.39541244507,"min":-1.74024820328,"var":186.832214355},"melbands_skewness":{"dmean":0.644076168537,"dmean2":1.03313159943,"dvar":0.431797593832,"dvar2":1.04917895794,"max":15.5493049622,"mean":2.27869749069,"median":2.13101863861,"min":-2.33830904961,"var":1.68026483059},"melbands_spread":{"dmean":3.46425127983,"dmean2":5.49446821213,"dvar":23.0501594543,"dvar2":53.0773162842,"max":224.912460327,"mean":12.0569143295,"median":10.275976181,"min":0.619977712631,"var":96.4797592163},"mfcc":{"cov":[[16882.0371094,50.2456207275,-2581.84423828,1394.01623535,40.1374206543,1258.22473145,404.10925293,471.621673584,-120.87890625,213.815979004,240.652587891,275.867156982,277.229644775],[50.2456207275,1117.92456055,71.4181289673,-194.474899292,76.7726821899,60.5203933716,42.4867210388,-81.8534698486,1.25442838669,23.3672161102,-8.1467628479,-28.2463741302,11.8641386032],[-2581.84423828,71.4181289673,714.865783691,-246.347885132,27.7223072052,-214.332473755,-55.6609191895,-71.5484237671,35.4026374817,-22.084154129,-27.9094982147,-38.3020591736,-25.2394657135],[1394.01623535,-194.474899292,-246.347885132,368.707946777,30.3673839569,118.395782471,38.1834564209,97.7419128418,0.19614776969,19.732755661,28.7938346863,60.0993614197,41.4739685059],[40.1374206543,76.7726821899,27.7223072052,30.3673839569,157.253875732,56.9845809937,37.8098564148,31.8774299622,20.7712593079,-3.94423508644,13.8396978378,20.6866359711,33.142829895],[1258.22473145,60.5203933716,-214.332473755,118.395782471,56.9845809937,224.940673828,86.5391998291,56.9678916931,-8.59918117523,15.2115631104,14.2123889923,27.3690471649,39.1921386719],[404.10925293,42.4867210388,-55.6609191895,38.1834564209,37.8098564148,86.5391998291,108.390899658,36.7345466614,12.8983316422,7.30438137054,8.18227481842,13.7623271942,13.0934562683],[471.621673584,-81.8534698486,-71.5484237671,97.7419128418,31.8774299622,56.9678916931,36.7345466614,119.171676636,35.6162261963,6.73197841644,13.8163671494,23.078546524,21.6807861328],[-120.87890625,1.25442838669,35.4026374817,0.19614776969,20.7712593079,-8.59918117523,12.8983316422,35.6162261963,75.0154571533,37.66796875,7.07724761963,-1.21409475803,-0.589088439941],[213.815979004,23.3672161102,-22.084154129,19.732755661,-3.94423508644,15.2115631104,7.30438137054,6.73197841644,37.66796875,77.537651062,37.8308830261,6.28865766525,-2.19535446167],[240.652587891,-8.1467628479,-27.9094982147,28.7938346863,13.8396978378,14.2123889923,8.18227481842,13.8163671494,7.07724761963,37.8308830261,68.389793396,42.4746704102,15.5717248917],[275.867156982,-28.2463741302,-38.3020591736,60.0993614197,20.6866359711,27.3690471649,13.7623271942,23.078546524,-1.21409475803,6.28865766525,42.4746704102,75.3262329102,46.153087616],[277.229644775,11.8641386032,-25.2394657135,41.4739685059,33.142829895,39.1921386719,13.0934562683,21.6807861328,-0.589088439941,-2.19535446167,15.5717248917,46.153087616,71.4078979492]],"icov":[[0.000198466324946,-0.0000781506387284,0.000432494649431,-0.000295410951367,0.0002002602414,-0.000455301749753,-0.0000124357193272,-0.000181602765224,0.000227140146308,-0.000191105238628,-0.000326985085849,0.000272485573078,-0.000327535904944],[-0.0000781506387284,0.00121148931794,-0.000131870765472,0.000837118946947,-0.00070146372309,-0.000307043723296,-0.000300461251754,0.000813847698737,0.0000363062063116,-0.000685072969645,0.000476446235552,0.0000986754894257,-0.000317038357025],[0.000432494649431,-0.000131870765472,0.00347993150353,0.000434700690676,-0.000880331033841,0.00132519146428,-0.000502237176988,-0.000105276361865,-0.00016419820895,-0.000489163619932,-0.0000457238493254,0.000458934373455,-0.00117738707922],[-0.000295410951367,0.000837118946947,0.000434700690676,0.00579363713041,-0.00141750811599,0.0000707786821295,0.000429522828199,-0.00275461422279,0.00203521596268,-0.00297955051064,0.0034524849616,-0.00418561697006,0.00105074851308],[0.0002002602414,-0.00070146372309,-0.000880331033841,-0.00141750811599,0.00996859092265,-0.00329718505964,-0.000716051436029,0.00026873650495,-0.00463542761281,0.0055198953487,-0.00537565536797,0.00278046121821,-0.00340957846493],[-0.000455301749753,-0.000307043723296,0.00132519146428,0.0000707786821295,-0.00329718505964,0.0127038760111,-0.00605042325333,-0.00226584868506,0.00504630804062,-0.00456986343488,0.00382810179144,-0.0000125455526359,-0.0023244060576],[-0.0000124357193272,-0.000300461251754,-0.000502237176988,0.000429522828199,-0.000716051436029,-0.00605042325333,0.0148027958348,-0.00155686098151,-0.00282316887751,0.001503531239,-0.000272718898486,-0.00203458801843,0.00248017627746],[-0.000181602765224,0.000813847698737,-0.000105276361865,-0.00275461422279,0.00026873650495,-0.00226584868506,-0.00155686098151,0.016982158646,-0.0119711151347,0.00814086198807,-0.00505750533193,0.0019009943353,-0.00159352121409],[0.000227140146308,0.0000363062063116,-0.00016419820895,0.00203521596268,-0.00463542761281,0.00504630804062,-0.00282316887751,-0.0119711151347,0.0316830947995,-0.0220630466938,0.0120699321851,-0.00388961937279,0.00087114359485],[-0.000191105238628,-0.000685072969645,-0.000489163619932,-0.00297955051064,0.0055198953487,-0.00456986343488,0.001503531239,0.00814086198807,-0.0220630466938,0.0366166345775,-0.0252276789397,0.0116699356586,-0.00148539908696],[-0.000326985085849,0.000476446235552,-0.0000457238493254,0.0034524849616,-0.00537565536797,0.00382810179144,-0.000272718898486,-0.00505750533193,0.0120699321851,-0.0252276789397,0.0432510413229,-0.0270122569054,0.00849964562804],[0.000272485573078,0.0000986754894257,0.000458934373455,-0.00418561697006,0.00278046121821,-0.0000125455526359,-0.00203458801843,0.0019009943353,-0.00388961937279,0.0116699356586,-0.0270122569054,0.0418617203832,-0.0208080951124],[-0.000327535904944,-0.000317038357025,-0.00117738707922,0.00105074851308,-0.00340957846493,-0.0023244060576,0.00248017627746,-0.00159352121409,0.00087114359485,-0.00148539908696,0.00849964562804,-0.0208080951124,0.0287461318076]],"mean":[-721.393615723,182.588897705,2.80846691132,13.7003479004,0.193801745772,16.6270256042,1.89459609985,-3.21245980263,-7.02625226974,0.150267750025,0.0909567400813,0.445186197758,0.512378454208]},"pitch_salience":{"dmean":0.07527846843,"dmean2":0.123082742095,"dvar":0.0044166771695,"dvar2":0.0112057616934,"max":0.826978862286,"mean":0.534425675869,"median":0.552753925323,"min":0.0923636481166,"var":0.0159092787653},"silence_rate_20dB":{"dmean":0,"dmean2":0,"dvar":0,"dvar2":0,"max":1,"mean":1,"median":1,"min":1,"var":0},"silence_rate_30dB":{"dmean":0.0723493546247,"dmean2":0.144713178277,"dvar":0.0671211704612,"dvar2":0.150963932276,"max":1,"mean":0.877797782421,"median":1,"min":0,"var":0.107267186046},"silence_rate_60dB":{"dmean":0.00579594261944,"dmean2":0.0115930438042,"dvar":0.0057626189664,"dvar2":0.0138582363725,"max":1,"mean":0.142086327076,"median":0,"min":0,"var":0.121909163892},"spectral_centroid":{"dmean":116.809692383,"dmean2":178.674926758,"dvar":25865.765625,"dvar2":45615.5195312,"max":11497.1005859,"mean":676.425598145,"median":603.697387695,"min":167.959793091,"var":152540.375},"spectral_complexity":{"dmean":2.37793540955,"dmean2":3.81750941277,"dvar":6.53383636475,"dvar2":14.8020172119,"max":61,"mean":15.7089328766,"median":14,"min":0,"var":110.35496521},"spectral_contrast_coeffs":{"dmean":[0.0547455847263,0.0471210479736,0.0366886481643,0.0300151649863,0.023467598483,0.0271225981414],"dmean2":[0.0907923206687,0.0785391107202,0.0608798600733,0.0496676005423,0.0386923775077,0.0438656844199],"dvar":[0.0018171549309,0.00136420677882,0.000863783992827,0.000575241923798,0.000452902895631,0.000720975454897],"dvar2":[0.00484538078308,0.00378362694755,0.00230179098435,0.00152429402806,0.00120687368326,0.00182067218702],"max":[-0.291828721762,-0.496326833963,-0.550902307034,-0.617717385292,-0.682899951935,-0.542133927345],"mean":[-0.650473117828,-0.764649689198,-0.792182028294,-0.805586457253,-0.856356978416,-0.794328689575],"median":[-0.654834926128,-0.770570635796,-0.796156406403,-0.803499937057,-0.84365606308,-0.80586540699],"min":[-0.962434887886,-0.968024432659,-0.966657757759,-0.964383542538,-0.971152305603,-0.961701750755],"var":[0.00768492184579,0.00381613546051,0.00260936189443,0.00236357515678,0.00212691398337,0.00546344043687]},"spectral_contrast_valleys":{"dmean":[0.38910356164,0.333037137985,0.292521089315,0.287749052048,0.406440675259,0.606743097305],"dmean2":[0.648771643639,0.552807688713,0.480489552021,0.463858067989,0.643293142319,0.973033666611],"dvar":[0.112536154687,0.0816058143973,0.0669920295477,0.0792661309242,0.201579883695,0.266779989004],"dvar2":[0.275749236345,0.195182725787,0.153662994504,0.178352206945,0.501860916615,0.694654464722],"max":[-4.88073444366,-4.59145879745,-5.25669765472,-5.64765024185,-5.45179510117,-8.89084243774],"mean":[-7.13997220993,-6.61626625061,-7.27823114395,-7.90691184998,-8.47788143158,-11.4181251526],"median":[-6.6930809021,-6.33921957016,-6.97562789917,-7.62838745117,-8.10388374329,-11.1218509674],"min":[-28.0991096497,-27.2800369263,-27.1298446655,-27.4718265533,-27.3811740875,-27.2014369965],"var":[2.31762003899,1.31152522564,1.75948250294,2.2943136692,2.51895332336,1.63044607639]},"spectral_decrease":{"dmean":3.91964150026e-9,"dmean2":6.28728269447e-9,"dvar":4.35556186705e-17,"dvar2":1.05821731925e-16,"max":3.45427442205e-9,"mean":-1.0415470264e-8,"median":-7.13137060515e-9,"min":-1.03213672276e-7,"var":1.24710659293e-16},"spectral_energy":{"dmean":0.0149719687179,"dmean2":0.0240036100149,"dvar":0.000624719192274,"dvar2":0.00151113187894,"max":0.404108077288,"mean":0.0474184453487,"median":0.0337648279965,"min":1.00598434535e-20,"var":0.00219398620538},"spectral_energyband_high":{"dmean":0.0000761493793107,"dmean2":0.00010914903396,"dvar":3.26062199463e-8,"dvar2":4.79124722119e-8,"max":0.00962500181049,"mean":0.000252840545727,"median":0.0000559524560231,"min":7.15242961615e-21,"var":2.49911721539e-7},"spectral_energyband_low":{"dmean":0.0117052383721,"dmean2":0.0190620590001,"dvar":0.000506446871441,"dvar2":0.00124642800074,"max":0.307209163904,"mean":0.0219632685184,"median":0.0101699084044,"min":6.63611818468e-23,"var":0.000931956223212},"spectral_energyband_middle_high":{"dmean":0.00146548473276,"dmean2":0.00232221512124,"dvar":0.00000520407775184,"dvar2":0.0000133361072585,"max":0.0444246307015,"mean":0.00492450688034,"median":0.00225201691501,"min":1.29341714799e-21,"var":0.0000305764333461},"spectral_energyband_middle_low":{"dmean":0.00516128540039,"dmean2":0.00842891540378,"dvar":0.0000547757226741,"dvar2":0.000140273012221,"max":0.119792088866,"mean":0.0150141967461,"median":0.0106511488557,"min":2.9217570199e-22,"var":0.000231987418374},"spectral_entropy":{"dmean":0.237188220024,"dmean2":0.374449878931,"dvar":0.0561874620616,"dvar2":0.142271175981,"max":9.80102825165,"mean":7.07248973846,"median":7.18707180023,"min":5.23701429367,"var":0.282552450895},"spectral_flux":{"dmean":0.0252758283168,"dmean2":0.0413240715861,"dvar":0.00108820968308,"dvar2":0.00264173164032,"max":0.510005235672,"mean":0.0974031165242,"median":0.0905523300171,"min":1.0029876929e-10,"var":0.00465095601976},"spectral_kurtosis":{"dmean":8.87111568451,"dmean2":14.4687309265,"dvar":177.439453125,"dvar2":474.441925049,"max":186.599655151,"mean":23.5268440247,"median":18.0912666321,"min":-1.15252280235,"var":272.022918701},"spectral_rms":{"dmean":0.000899608770851,"dmean2":0.00141941709444,"dvar":0.00000131266551762,"dvar2":0.00000310185419039,"max":0.0198557749391,"mean":0.0058259232901,"median":0.00573945045471,"min":3.13280716473e-12,"var":0.000012320308997},"spectral_rolloff":{"dmean":2757.10693359,"dmean2":5332.92382812,"dvar":41798156,"dvar2":105580552,"max":21985.4003906,"mean":5362.78759766,"median":1098.19335938,"min":43.06640625,"var":71791264},"spectral_skewness":{"dmean":0.601505279541,"dmean2":0.964373409748,"dvar":0.600459337234,"dvar2":1.58892989159,"max":10.3981609344,"mean":3.43845939636,"median":3.07062959671,"min":-0.0454835407436,"var":1.46776390076},"spectral_spread":{"dmean":597430.3125,"dmean2":953886.6875,"dvar":392547860480,"dvar2":901857607680,"max":38483464,"mean":3342978.5,"median":3363006.5,"min":893202.6875,"var":999609532416},"spectral_strongpeak":{"dmean":1.19651484489,"dmean2":2.17483854294,"dvar":44.3711166382,"dvar2":111.378173828,"max":138.140777588,"mean":1.42772293091,"median":0.228164121509,"min":0,"var":63.99426651},"zerocrossingrate":{"dmean":0.0301392544061,"dmean2":0.0382389724255,"dvar":0.00070794246858,"dvar2":0.00107600039337,"max":0.75830078125,"mean":0.187194630504,"median":0.17333984375,"min":0.00634765625,"var":0.0089354775846}},"metadata":{"audio_properties":{"analysis_sample_rate":44100,"bit_rate":320000,"codec":"mp3","downmix":"mix","equal_loudness":0,"length":232.360244751,"lossless":false,"md5_encoded":"ff84a450ccb99a94dd329d8543087256","replay_gain":-10.4250621796,"sample_rate":44100},"tags":{"album":["Beacon"],"album artist credit":["Two Door Cinema Club"],"albumartist":["Two Door Cinema Club"],"albumartistsort":["Two Door Cinema Club"],"artist":["Two Door Cinema Club"],"artist credit":["Two Door Cinema Club"],"artistsort":["Two Door Cinema Club"],"asin":["B008D3LJ60"],"barcode":["602537096183"],"bpm":["0"],"catalognumber":["CDA046"],"date":["2012"],"discnumber":["1/1"],"encoding":["LAME 32bits version 3.99.5 (http://lame.sf.net)"],"file_name":"08 Settle.mp3","label":["Kitsuné"],"language":["eng"],"length":["232333"],"media":["CD"],"musicbrainz album release country":["GB"],"musicbrainz album status":["official"],"musicbrainz album type":["album"],"musicbrainz_albumartistid":["6f1de078-6684-4792-820d-2ffad64c15ed"],"musicbrainz_albumid":["e55f3f92-d003-4103-992d-16bdebc2ed91"],"musicbrainz_artistid":["6f1de078-6684-4792-820d-2ffad64c15ed"],"musicbrainz_recordingid":["948d6085-cb48-46dc-9764-cf1eaa729688"],"musicbrainz_releasegroupid":["38d45b9a-922c-4f3a-b1a7-0fcfb3ee8cfd"],"originaldate":["2012"],"replaygain_album_gain":["0.00 dB"],"replaygain_album_peak":["0.000000"],"replaygain_track_gain":["0.00 dB"],"replaygain_track_peak":["0.000000"],"script":["Latn","Latn"],"title":["Settle"],"tracknumber":["8/11"]},"version":{"essentia":"2.1-beta1","essentia_build_sha":"9f04d4dd351e2d05498f0c7e4880499648f24ac0","essentia_git_sha":"v2.1_beta1-34-gf95df8b","extractor":"music 1.0"}},"rhythm":{"beats_count":442,"beats_loudness":{"dmean":0.0329503454268,"dmean2":0.0586456172168,"dvar":0.00158673978876,"dvar2":0.00475393701345,"max":0.273681402206,"mean":0.060855127871,"median":0.0447753258049,"min":3.62011405741e-7,"var":0.00328377145343},"beats_loudness_band_ratio":{"dmean"