{"lowlevel":{"average_loudness":0.841500401497,"barkbands":{"dmean":[0.0000150618589032,0.000431916181697,0.000508512195665,0.000326262961607,0.000694930728059,0.00101061165333,0.00137534888927,0.00169052591082,0.000804400537163,0.000442949327407,0.000657919154037,0.000711918983143,0.000961467914749,0.000196598819457,0.000257853273069,0.000118090611068,0.000177542635356,0.000152717795572,0.0000889649163582,0.000081459977082,0.0000351030212187,0.0000335225668096,0.0000214794072235,0.0000192621464521,0.000011234903468,0.00000478429501527,3.51040313262e-7],"dmean2":[0.0000257767405856,0.00068773078965,0.000805661198683,0.000580256571993,0.00116433610674,0.00151750724763,0.00199134182185,0.00235852552578,0.00122115504928,0.000690074753948,0.00100727390964,0.00107678968925,0.00147366023157,0.000311969517497,0.000412099820096,0.000194038570044,0.000295843754429,0.00024390341423,0.000139933181345,0.000125188933453,0.0000525643772562,0.0000510672434757,0.000031731728086,0.0000286606718873,0.0000176295379788,0.0000077618569776,5.92570586377e-7],"dvar":[1.96934815677e-10,4.20263006617e-7,7.61423393669e-7,4.27021745963e-7,0.00000302218222714,0.00000425707185059,0.0000132175564431,0.0000321109910146,0.00000548382513443,0.0000016294394527,0.00000607632819083,0.00000932193506742,0.0000117008667075,3.92301643615e-7,2.88558624106e-7,9.25292695797e-8,1.41834107126e-7,7.775412314e-8,3.13507264593e-8,1.64818345638e-8,5.7600408887e-9,9.13342024234e-9,5.53635848277e-9,5.48706546866e-9,6.177728884e-10,9.28814802847e-11,5.89961998525e-13],"dvar2":[5.72842773217e-10,9.3450012173e-7,0.00000183676638699,0.00000120635093026,0.0000078942921391,0.00000964386163105,0.0000280311469396,0.0000746069272282,0.0000107411324279,0.00000353739642378,0.0000154696517711,0.0000215538930206,0.000028462125556,9.54544020715e-7,7.00292730471e-7,2.36948196175e-7,3.71683825051e-7,1.88849085703e-7,6.99904703083e-8,3.73584683189e-8,1.11124514035e-8,2.08589430173e-8,9.03553676324e-9,8.05445754537e-9,1.39051781201e-9,2.27768720551e-10,1.53816868097e-12],"max":[0.000187380035641,0.0125462450087,0.0127965183929,0.00724440347403,0.0426804386079,0.0508209057152,0.0781423002481,0.130544215441,0.109003983438,0.0368857197464,0.0775067359209,0.109552547336,0.0888651385903,0.0255892239511,0.0127307828516,0.0115052135661,0.00725996354595,0.00436786841601,0.00531330984086,0.00216289702803,0.00274382485077,0.00256815948524,0.00420359661803,0.00601620273665,0.00113953079563,0.000116076713311,0.0000101435243778],"mean":[0.0000757084781071,0.0011842076201,0.00119074934628,0.00036821962567,0.00109944713768,0.00210724375211,0.00274310586974,0.00340434676036,0.00141750019975,0.000769356207456,0.00124442810193,0.00120041612536,0.00187884818297,0.000329579605022,0.000445569719886,0.000169659178937,0.000242928246735,0.000257531006355,0.000169276449014,0.000179081936949,0.0000495439890074,0.0000492725121148,0.0000337142446369,0.0000262948651653,0.0000115702159746,0.00000418920353695,3.67141751667e-7],"median":[0.0000782219867688,0.000645423657261,0.000595065765083,0.000177651221748,0.000537110201549,0.000680629396811,0.000776666856837,0.000405076978495,0.000416816445068,0.000212776853004,0.00018037884729,0.000192615218111,0.000196355380467,0.0000664237668389,0.000170913233887,0.0000552796118427,0.000105573431938,0.0001104482144,0.0000931258691708,0.000106784696982,0.0000159882220032,0.0000196385899471,0.000014174748685,0.00000851606455399,0.00000223337406169,6.1230304027e-7,1.46277770341e-7],"min":[2.10037100288e-25,2.65927772163e-24,1.43035716993e-24,1.79130195623e-24,1.5894062604e-23,4.03084414513e-24,6.85255858234e-24,9.71889099235e-24,1.35985736108e-23,1.49020621271e-23,5.07145344217e-24,2.34197845957e-23,2.3098061875e-23,4.25427479704e-23,3.42682723395e-23,4.92161735961e-23,4.96164353085e-23,8.68471106945e-23,1.33148209743e-22,1.44913192931e-22,2.26383844214e-22,2.51733996688e-22,3.55142125061e-22,5.61162074054e-22,7.69288420504e-22,1.32011199908e-21,1.97760163846e-21],"var":[7.53626772099e-10,0.00000196586279344,0.0000024984240099,3.35244550342e-7,0.00000523632934346,0.0000151779140651,0.000033587370126,0.0000998916075332,0.0000140359825309,0.00000386593774238,0.0000164720349858,0.0000173260596057,0.0000367557695427,0.00000116359524327,6.68733662224e-7,1.51682598926e-7,1.63370614814e-7,1.57389209221e-7,6.46237907631e-8,4.5399264792e-8,1.21413101795e-8,1.47177710019e-8,1.47605145884e-8,1.81948092148e-8,9.36100530424e-10,8.57249549124e-11,4.66038557571e-13]},"barkbands_crest":{"dmean":2.55346989632,"dmean2":4.02357387543,"dvar":6.35146331787,"dvar2":14.8638734818,"max":25.7273311615,"mean":10.7820911407,"median":9.63917922974,"min":2.17068910599,"var":24.3222122192},"barkbands_flatness_db":{"dmean":0.0230718124658,"dmean2":0.0324557907879,"dvar":0.000488082005177,"dvar2":0.000961029261816,"max":0.396979004145,"mean":0.14107427001,"median":0.138329967856,"min":0.0236943550408,"var":0.00270604202524},"barkbands_kurtosis":{"dmean":2.31311011314,"dmean2":3.55796837807,"dvar":27.6889591217,"dvar2":57.4086647034,"max":182.699264526,"mean":3.98563122749,"median":1.38619613647,"min":-1.87675619125,"var":121.599014282},"barkbands_skewness":{"dmean":0.44530031085,"dmean2":0.681393802166,"dvar":0.231636554003,"dvar2":0.526439845562,"max":11.0507040024,"mean":1.08694183826,"median":1.00217688084,"min":-4.02930927277,"var":1.68436491489},"barkbands_spread":{"dmean":4.45975828171,"dmean2":6.77217578888,"dvar":29.9252128601,"dvar2":66.3675994873,"max":134.608383179,"mean":18.8714962006,"median":15.7328901291,"min":0.541528761387,"var":266.477966309},"dissonance":{"dmean":0.0213831849396,"dmean2":0.0356916710734,"dvar":0.00041958791553,"dvar2":0.00114460964687,"max":0.499988943338,"mean":0.451040029526,"median":0.456382840872,"min":0.264788210392,"var":0.00100641837344},"dynamic_complexity":4.52014017105,"erbbands":{"dmean":[0.0060087647289,0.121448419988,0.535016953945,0.760708630085,1.55250895023,2.62378621101,4.52740287781,10.2877511978,16.5982131958,30.0331134796,24.5693073273,20.79438591,14.1099424362,17.5080718994,27.9569225311,27.8729610443,42.7459182739,17.0048961639,11.287730217,10.046131134,5.64011716843,9.62048435211,9.73197174072,5.00676441193,4.36914587021,3.6489944458,1.78129982948,1.3557331562,1.23901534081,0.905248343945,0.574527919292,0.434921622276,0.295077413321,0.151730924845,0.068882368505,0.0253607612103,0.00795414950699,0.00119256821927,0.0000534033279109,0.00000754691291149],"dmean2":[0.0101306801662,0.19214771688,0.851550221443,1.31575536728,2.80296158791,4.32083940506,7.05868291855,15.185172081,24.023431778,42.1113052368,35.7935638428,31.364988327,22.0669155121,26.1501426697,42.9883155823,42.520072937,65.4538421631,26.1912193298,18.0350551605,16.1426792145,9.11828994751,15.9827489853,15.750954628,7.88488578796,6.68264865875,5.59942722321,2.69394516945,2.02710366249,1.90741491318,1.35245049,0.850921928883,0.624860465527,0.45246437192,0.23366959393,0.109407231212,0.0407408215106,0.0130039528012,0.00198058993556,0.0000901932289707,0.000010906859643],"dvar":[0.0000544105241715,0.0348770059645,0.854947865009,1.6899548769,11.1411170959,45.5357437134,172.374511719,481.461975098,1834.53723145,6644.61279297,6274.25878906,3407.81542969,1890.64599609,3910.77026367,16990.65625,11520.2578125,23003.2382812,2254.66162109,569.735900879,448.737670898,173.978729248,453.836547852,335.399078369,75.5494689941,80.2707061768,36.6268081665,11.7895364761,10.2750415802,11.4474163055,7.57447481155,4.04230928421,3.2662293911,1.20099616051,0.138202816248,0.0169344209135,0.00248601729982,0.000270073011052,0.00000627138570053,1.32599344838e-8,1.15713896798e-10],"dvar2":[0.00014650070807,0.0783635079861,2.09029507637,4.61642503738,31.5494747162,114.390640259,386.206573486,1036.75708008,3799.80761719,14241.5039062,15827.1914062,6937.96191406,3901.56445312,9802.2109375,43268.6171875,27678.140625,55279.3515625,5577.05273438,1327.75061035,1143.58886719,447.863830566,1197.40930176,841.535522461,171.595565796,179.354675293,83.0427017212,24.9586830139,20.2247123718,26.0964508057,16.1613349915,6.10342645645,3.44792032242,2.26577973366,0.268448889256,0.0385762639344,0.00594613747671,0.000672549242154,0.0000158137554536,3.47623476671e-8,2.49210235781e-10],"max":[0.111072354019,3.47492098808,14.9580574036,18.3426551819,32.1354255676,188.369338989,358.817321777,543.108093262,879.858093262,1665.46496582,2300.55053711,2690.1472168,1652.56164551,2212.90625,5705.23388672,4126.24121094,3522.56079102,1517.85827637,790.872436523,491.018157959,527.805358887,287.959106445,267.233062744,216.698410034,250.914459229,119.263542175,85.0038986206,110.789398193,91.401550293,92.4843902588,121.077201843,146.204971313,79.8056106567,21.8169555664,1.83451294899,0.562432527542,0.20534928143,0.0318349041045,0.00180139369331,0.00023265524942],"mean":[0.0142372623086,0.34094285965,1.35096025467,1.26094722748,1.73001646996,4.08757972717,9.52375888824,21.2274837494,34.134552002,63.404510498,50.0767402649,38.0401229858,25.2757873535,37.6085510254,51.4236869812,51.538860321,84.8275527954,34.1320343018,21.0857486725,16.6955604553,9.34292221069,13.4858074188,16.2590255737,9.36778926849,9.24477386475,7.96634864807,3.05559802055,1.87019729614,1.76359939575,1.43441569805,0.901282191277,0.634529650211,0.378298938274,0.16446788609,0.0670641288161,0.0231952182949,0.00683939130977,0.00107083888724,0.0000644259416731,0.0000261190925812],"median":[0.0107225831598,0.19137494266,0.764856338501,0.731697022915,0.88286960125,1.96948897839,3.23509693146,6.88629722595,12.4790935516,13.5712633133,9.2939786911,12.8808059692,8.3737039566,7.10623979568,9.47969245911,9.40896129608,11.3643169403,7.98759794235,10.1294460297,5.6089425087,4.20675706863,5.82715749741,7.39814901352,4.7095041275,5.18124341965,4.61316823959,1.34139144421,0.617925822735,0.675929427147,0.623056411743,0.374104112387,0.206449732184,0.119182951748,0.0342685356736,0.0115064727142,0.00369638088159,0.00095980608603,0.000224860399612,0.0000314094650093,0.0000202103237825],"min":[5.07810054193e-23,6.99535900382e-22,2.85471863568e-21,6.61074950344e-21,1.16674584727e-20,3.5289221298e-20,2.44858466792e-20,7.1257577266e-20,9.61624280839e-20,1.6837325992e-19,2.68727975058e-19,3.2948224555e-19,4.62956548631e-19,5.46033140983e-19,9.17939799941e-19,1.51166491802e-18,1.33333098181e-18,2.93670789588e-18,2.76429223016e-18,2.68055218726e-18,4.1384954468e-18,3.56555293142e-18,4.73144663402e-18,5.80874929302e-18,5.59862060201e-18,7.02336641524e-18,8.93156455492e-18,9.14247989469e-18,9.78382197493e-18,1.00710033672e-17,1.0939385846e-17,9.3276277312e-18,1.01341519895e-17,8.1248194394e-18,5.81630062483e-18,4.30821719207e-18,2.22506146064e-18,9.42810639418e-19,2.48009685653e-19,2.67547287824e-20],"var":[0.000176891335286,0.155731037259,2.66907405853,2.21905732155,7.85567522049,69.4682312012,784.94732666,1680.14257812,4631.43603516,19700.40625,16186.3447266,8674.09667969,4596.27246094,11589.875,29986.5488281,23553.984375,66201.1015625,8288.76171875,1396.42749023,942.489013672,292.6484375,492.129760742,599.552001953,186.40461731,190.97114563,95.3445205688,24.0275859833,21.380859375,18.6960086823,13.9684934616,11.3913488388,12.4728813171,3.23487925529,0.277635067701,0.0202018283308,0.00246221898124,0.000240138848312,0.00000529868475496,1.0655112348e-8,5.08466824201e-10]},"erbbands_crest":{"dmean":2.78001260757,"dmean2":4.40378952026,"dvar":7.1676659584,"dvar2":17.0388698578,"max":30.3996124268,"mean":10.9311904907,"median":9.9539232254,"min":2.12719774246,"var":28.3839607239},"erbbands_flatness_db":{"dmean":0.0215194933116,"dmean2":0.0306525789201,"dvar":0.00044970063027,"dvar2":0.000894503144082,"max":0.364425569773,"mean":0.18887925148,"median":0.191059693694,"min":0.0318733118474,"var":0.00289077730849},"erbbands_kurtosis":{"dmean":1.11894822121,"dmean2":1.74025249481,"dvar":2.83391809464,"dvar2":6.41403055191,"max":32.515045166,"mean":1.07074832916,"median":0.0725681781769,"min":-1.74971699715,"var":9.31055450439},"erbbands_skewness":{"dmean":0.391120284796,"dmean2":0.604064166546,"dvar":0.132256492972,"dvar2":0.314456164837,"max":5.32896661758,"mean":0.532424926758,"median":0.468509286642,"min":-3.12539958954,"var":0.677646398544},"erbbands_spread":{"dmean":5.83596134186,"dmean2":8.8309469223,"dvar":36.600769043,"dvar2":84.2893753052,"max":102.622200012,"mean":29.0233306885,"median":27.9302139282,"min":1.66472196579,"var":232.681121826},"gfcc":{"cov":[[33148.8945312,3352.90380859,-4760.29101562,496.459655762,-2037.05102539,114.425086975,-902.516784668,280.245269775,-532.009277344,11.441652298,-73.4334640503,-236.106445312,-485.728668213],[3352.90380859,1342.51940918,-569.428222656,-51.2712287903,-5.49397659302,-107.621017456,51.2687530518,-35.0005226135,35.9587593079,-77.0394210815,156.609085083,-65.3645935059,-30.4407806396],[-4760.29101562,-569.428222656,1161.61828613,66.865447998,334.810028076,29.9593315125,45.1466064453,-38.0449981689,30.2664985657,20.1645240784,-90.9645004272,104.875671387,90.8542633057],[496.459655762,-51.2712287903,66.865447998,335.591400146,26.6208591461,-50.6827163696,-129.553329468,0.660042345524,34.3960762024,6.00258779526,-74.6910858154,-2.44020557404,54.1125869751],[-2037.05102539,-5.49397659302,334.810028076,26.6208591461,349.769927979,-33.8025169373,29.5557098389,-31.8622398376,44.563533783,21.2463645935,11.5202789307,6.37769317627,47.0756416321],[114.425086975,-107.621017456,29.9593315125,-50.6827163696,-33.8025169373,211.988616943,101.543525696,20.2765522003,-34.1849555969,15.6216878891,16.7097225189,6.22587823868,-42.5475349426],[-902.516784668,51.2687530518,45.1466064453,-129.553329468,29.5557098389,101.543525696,246.208938599,28.7683391571,4.64839696884,-34.6273269653,77.9013366699,3.31231164932,-34.122882843],[280.245269775,-35.0005226135,-38.0449981689,0.660042345524,-31.8622398376,20.2765522003,28.7683391571,94.6939163208,9.9633140564,1.14519917965,-5.21481180191,-6.61878347397,-17.0412902832],[-532.009277344,35.9587593079,30.2664985657,34.3960762024,44.563533783,-34.1849555969,4.64839696884,9.9633140564,127.721565247,22.8672847748,19.9468593597,-33.3141212463,4.27551221848],[11.441652298,-77.0394210815,20.1645240784,6.00258779526,21.2463645935,15.6216878891,-34.6273269653,1.14519917965,22.8672847748,115.313720703,19.8111400604,-22.7098636627,-20.9552783966],[-73.4334640503,156.609085083,-90.9645004272,-74.6910858154,11.5202789307,16.7097225189,77.9013366699,-5.21481180191,19.9468593597,19.8111400604,143.947845459,-6.1582775116,-18.9990253448],[-236.106445312,-65.3645935059,104.875671387,-2.44020557404,6.37769317627,6.22587823868,3.31231164932,-6.61878347397,-33.3141212463,-22.7098636627,-6.1582775116,99.3113021851,45.828250885],[-485.728668213,-30.4407806396,90.8542633057,54.1125869751,47.0756416321,-42.5475349426,-34.122882843,-17.0412902832,4.27551221848,-20.9552783966,-18.9990253448,45.828250885,99.5410385132]],"icov":[[0.000514233019203,-0.0012639737688,0.00121517549269,-0.000953120063059,0.00122183491476,-0.0012549047824,0.00159909797367,-0.00122775090858,0.00135990360286,-0.00111886486411,0.00112870312296,-0.00138796761166,0.00131600885652],[-0.0012639737688,0.00438689999282,-0.00230767694302,0.00217950437218,-0.00356700830162,0.00357342814095,-0.00408306997269,0.00353945186362,-0.0035349924583,0.00378154451028,-0.00379679864272,0.00352403544821,-0.0028833549004],[0.00121517549269,-0.00230767694302,0.00487056653947,-0.00245021376759,0.00120950129349,-0.0030131007079,0.00297956750728,-0.00212653609924,0.00255377427675,-0.00283663650043,0.00374807883054,-0.00501032592729,0.00322310603224],[-0.000953120063059,0.00217950437218,-0.00245021376759,0.00622871983796,-0.00242279260419,0.00156742148101,-0.00065075175371,0.00140850443859,-0.00377524388023,0.00246618851088,-0.00100567645859,0.00331949139945,-0.0043391417712],[0.00122183491476,-0.00356700830162,0.00120950129349,-0.00242279260419,0.0079507920891,-0.00216760789044,0.00277193030342,-0.00218297191896,0.00305429613218,-0.00401685852557,0.00226436997764,-0.00170680705924,0.00121549121104],[-0.0012549047824,0.00357342814095,-0.0030131007079,0.00156742148101,-0.00216760789044,0.0108004510403,-0.00794548727572,0.00316699268296,-0.00126791966613,0.000407729414292,-0.0022050300613,0.00258611654863,-0.00114379171282],[0.00159909797367,-0.00408306997269,0.00297956750728,-0.00065075175371,0.00277193030342,-0.00794548727572,0.0147790051997,-0.00658760266379,0.00285417889245,0.001461907872,-0.000805454037618,-0.00382317462936,0.00521163176745],[-0.00122775090858,0.00353945186362,-0.00212653609924,0.00140850443859,-0.00218297191896,0.00316699268296,-0.00658760266379,0.0155525328591,-0.00489235669374,0.00191989669111,-0.000848033989314,0.00236242916435,-0.00157816160936],[0.00135990360286,-0.0035349924583,0.00255377427675,-0.00377524388023,0.00305429613218,-0.00126791966613,0.00285417889245,-0.00489235669374,0.0145534556359,-0.00490226922557,0.00128889305051,0.000619423459284,0.00173438852653],[-0.00111886486411,0.00378154451028,-0.00283663650043,0.00246618851088,-0.00401685852557,0.000407729414292,0.001461907872,0.00191989669111,-0.00490226922557,0.0158725678921,-0.00696366513148,0.00481741549447,-0.000146065940498],[0.00112870312296,-0.00379679864272,0.00374807883054,-0.00100567645859,0.00226436997764,-0.0022050300613,-0.000805454037618,-0.000848033989314,0.00128889305051,-0.00696366513148,0.0149043239653,-0.00538077950478,0.0028383131139],[-0.00138796761166,0.00352403544821,-0.00501032592729,0.00331949139945,-0.00170680705924,0.00258611654863,-0.00382317462936,0.00236242916435,0.000619423459284,0.00481741549447,-0.00538077950478,0.0210452284664,-0.0116487499326],[0.00131600885652,-0.0028833549004,0.00322310603224,-0.0043391417712,0.00121549121104,-0.00114379171282,0.00521163176745,-0.00157816160936,0.00173438852653,-0.000146065940498,0.0028383131139,-0.0116487499326,0.0212552342564]],"mean":[-62.6686325073,106.291725159,-129.118331909,19.6858596802,-57.6397399902,4.58157777786,-31.2056083679,7.02732276917,-17.2565174103,3.43123960495,-3.49860501289,-2.62254595757,-14.8854446411]},"hfc":{"dmean":5.11089849472,"dmean2":7.34251070023,"dvar":63.0370597839,"dvar2":133.737243652,"max":200.804794312,"mean":16.7216300964,"median":11.9156141281,"min":1.06575769919e-16,"var":312.776489258},"melbands":{"dmean":[0.0000869366049301,0.000234350751271,0.000152658656589,0.000142917153426,0.000151283631567,0.000216054439079,0.000271746597718,0.000367144646589,0.000176785571966,0.000134513058583,0.0000689678927301,0.0000684365513735,0.0000858257772052,0.0000860418076627,0.0000672101596138,0.000104595441371,0.0000247095031227,0.0000172643049154,0.0000189861857507,0.000010868753634,0.0000059900744418,0.00000977301624516,0.0000124482912724,0.00000586652276979,0.00000428629482485,0.0000034884701563,0.00000335784147865,0.00000244779130298,0.00000133667856517,8.73759688602e-7,7.89852890648e-7,7.54258337565e-7,5.99755878739e-7,4.91214905196e-7,3.60094702501e-7,2.81107446654e-7,2.64158785512e-7,2.21560540581e-7,1.68299152392e-7,1.15568546732e-7],"dmean2":[0.000140869233292,0.000368761684513,0.000266360555543,0.000245086295763,0.000236162624788,0.00032094065682,0.000393213558709,0.000511706399266,0.000260141474428,0.000202173949219,0.000108275933599,0.000102574827906,0.00013139868679,0.000130558793899,0.000102709651401,0.000160029885592,0.0000382890539186,0.0000276095379377,0.0000300820374832,0.0000180106853804,0.00000975906277745,0.000016340170987,0.0000205825454032,0.00000929198813537,0.00000685185523253,0.00000545293960386,0.00000513214718012,0.0000038093241983,0.00000206737922781,0.00000132594266233,0.00000119693709166,0.00000118221817047,9.0733954039e-7,7.4217416568e-7,5.46118485545e-7,4.03612659738e-7,3.90895252167e-7,3.43840895312e-7,2.56775081198e-7,1.81457224357e-7],"dvar":[1.42253933078e-8,1.45319532407e-7,7.88973935073e-8,9.03099603988e-8,1.89897022551e-7,2.07345379977e-7,5.00796716096e-7,0.00000115752754937,2.97654452197e-7,1.60068353239e-7,4.70349199588e-8,5.87943453922e-8,1.38139981232e-7,1.23714315237e-7,8.09983333738e-8,1.53780106871e-7,5.48554535129e-9,1.40679734528e-9,1.91296312124e-9,6.73402167362e-10,1.59467328231e-10,4.68304006684e-10,6.26926621727e-10,1.16827381103e-10,5.66654050072e-11,7.27898921693e-11,3.16793223598e-11,1.78412180862e-11,7.17003713346e-12,4.19210803224e-12,4.07279245052e-12,4.50145476449e-12,2.84944030177e-12,2.51135852565e-12,1.32286304307e-12,1.72797702796e-12,1.09406656911e-12,8.44836353653e-13,2.19618295988e-13,7.21340847297e-14],"dvar2":[3.28013491924e-8,3.53458716518e-7,2.18873609015e-7,2.36794008401e-7,4.52965963404e-7,4.52586562005e-7,0.0000010407584341,0.00000253555981544,7.40731024962e-7,3.11102184014e-7,9.73793419234e-8,1.46444037341e-7,3.54370826017e-7,2.82787169681e-7,1.95381375079e-7,3.77175553012e-7,1.32649491391e-8,3.3145592937e-9,4.73596761807e-9,1.7343995129e-9,4.15048495572e-10,1.23472498892e-9,1.61539071009e-9,2.7832985916e-10,1.33079450237e-10,1.71303055074e-10,7.14902650967e-11,4.07991765372e-11,1.66095453363e-11,9.10529811271e-12,8.11182284538e-12,1.06875975084e-11,6.35042409283e-12,5.61793450302e-12,2.29394758397e-12,2.1687085721e-12,1.22222631321e-12,1.84171905157e-12,3.13450735636e-13,1.63016843947e-13],"max":[0.00225468212739,0.0064782788977,0.0031999242492,0.00741370068863,0.0113009242341,0.0104075726122,0.0152056459337,0.0218146778643,0.0151055250317,0.0195256378502,0.00801297463477,0.0083874296397,0.0130918677896,0.0140951452777,0.00921466201544,0.0123174171895,0.00334025803022,0.00119823450223,0.000862368382514,0.00078736920841,0.000466257362859,0.000299502658891,0.000498883367982,0.000176312591066,0.000183099968126,0.000289167102892,0.000107680956717,0.0000969855391304,0.0000756799272494,0.0000829095515655,0.0000658199933241,0.0000492069520988,0.0000549290489289,0.0000617977420916,0.0000615360695519,0.0000975505899987,0.0000856148690218,0.0000635518154013,0.0000302797088807,0.0000127268340293],"mean":[0.000232360442169,0.000645948399324,0.000241236499278,0.000192728912225,0.000311624520691,0.000443085620645,0.000557247200049,0.000771212915424,0.000352334376657,0.000237015585299,0.000117640542157,0.000141432392411,0.000158108436153,0.00014970965276,0.000122512195958,0.000209101373912,0.0000431487096648,0.000030533024983,0.0000318792990583,0.0000157920312631,0.00000955910672928,0.0000127366392917,0.0000189870042959,0.0000097617830761,0.00000734993864171,0.00000628332782071,0.00000708919924364,0.00000489462217956,0.00000221750019591,0.0000011317241615,0.00000104774323972,0.00000101659156826,9.03548368569e-7,7.44324836432e-7,5.42172415408e-7,4.16337854858e-7,3.71411601918e-7,2.83239671717e-7,1.92431841128e-7,1.18855339792e-7],"median":[0.000142804899951,0.000403936894145,0.000142950535519,0.000103392565507,0.000121211538499,0.00013573859178,0.000176010566065,0.000145427067764,0.0000655108015053,0.0000672739406582,0.0000354618314304,0.0000227526106755,0.0000262266585196,0.0000237037675106,0.0000187173391168,0.0000193689556909,0.00000980513050308,0.0000119502619782,0.00000951012680162,0.0000044693624659,0.00000429840201832,0.00000535221761311,0.00000753697531763,0.00000433678269474,0.00000319582318298,0.00000326708482135,0.00000385924613511,0.00000259474541053,8.75628700214e-7,3.44612345771e-7,2.94551000479e-7,3.58379196541e-7,3.61062944876e-7,3.09954828026e-7,2.26366438483e-7,1.27540332073e-7,1.19368507967e-7,9.09227750867e-8,4.30266879903e-8,2.20545430807e-8],"min":[7.18837173931e-25,1.50258734517e-24,1.31775536153e-24,2.23543774561e-24,8.99282400683e-25,1.70045081792e-24,1.50481094685e-24,1.44108696014e-24,2.22307491472e-24,1.69904585665e-24,2.25248305762e-24,1.85147587165e-24,1.53940476552e-24,2.24603352808e-24,3.89415782165e-24,2.4713385135e-24,3.68800125142e-24,3.56358723704e-24,2.41152017713e-24,2.65213557221e-24,3.72428411989e-24,3.26711772886e-24,3.90153169896e-24,3.94024465346e-24,4.06015584978e-24,3.28453321384e-24,4.66622269491e-24,4.09249717475e-24,4.51088651634e-24,5.3915380932e-24,4.70382414439e-24,4.50208440636e-24,5.78340632559e-24,4.38184070516e-24,5.10479701491e-24,5.85073599828e-24,4.78591379905e-24,6.94634862194e-24,6.04443211609e-24,6.13547534202e-24],"var":[6.28537932812e-8,4.72790645745e-7,8.37864675418e-8,1.02055068396e-7,6.8701035616e-7,7.00046768998e-7,0.00000127933958538,0.00000364152947441,7.60806017297e-7,4.16328560959e-7,1.1222426366e-7,1.70830148249e-7,2.99146421412e-7,2.31106099591e-7,1.77481155106e-7,5.35149069947e-7,1.76375429817e-8,3.48446915766e-9,4.30755742187e-9,1.21030152567e-9,2.56326404546e-10,4.86868767524e-10,9.50121537002e-10,2.22232510172e-10,1.32808208875e-10,1.33507371824e-10,8.78289455053e-11,4.25178364738e-11,1.31905779702e-11,7.48489464852e-12,8.18356060001e-12,6.80655835514e-12,4.64041955903e-12,4.48855666177e-12,3.16905009179e-12,5.71688833426e-12,4.18861993701e-12,1.95072191907e-12,6.07709141256e-13,1.07667069433e-13]},"melbands_crest":{"dmean":3.07125735283,"dmean2":4.84562015533,"dvar":9.39724445343,"dvar2":22.3829803467,"max":33.7048034668,"mean":13.9231386185,"median":12.7745075226,"min":1.69873380661,"var":36.57421875},"melbands_flatness_db":{"dmean":0.0259451717138,"dmean2":0.0363730117679,"dvar":0.00065420154715,"dvar2":0.00124392414,"max":0.545554935932,"mean":0.203005358577,"median":0.20263376832,"min":0.00326775270514,"var":0.0048146774061},"melbands_kurtosis":{"dmean":3.94425487518,"dmean2":6.25325345993,"dvar":65.0620727539,"dvar2":145.415603638,"max":249.460632324,"mean":8.23663902283,"median":4.19797468185,"min":-1.68340742588,"var":234.674850464},"melbands_skewness":{"dmean":0.504204213619,"dmean2":0.776287317276,"dvar":0.326010912657,"dvar2":0.762434482574,"max":12.141907692,"mean":1.75185418129,"median":1.64010465145,"min":-3.07066702843,"var":2.13310170174},"melbands_spread":{"dmean":6.15551328659,"dmean2":9.50796794891,"dvar":69.8102874756,"dvar2":160.915023804,"max":224.224014282,"mean":23.564699173,"median":19.8535270691,"min":0.494915008545,"var":439.570037842},"mfcc":{"cov":[[13286.7158203,1601.82727051,-1089.64428711,-23.6128082275,-598.30279541,-363.175994873,-194.925415039,2.22883558273,-325.278137207,106.139259338,31.9996013641,16.217792511,21.2845077515],[1601.82727051,1468.1262207,-225.46496582,64.1045913696,-29.539264679,-41.9810295105,68.7237930298,69.7516098022,-134.89831543,42.5244255066,25.5153636932,39.220790863,63.2772140503],[-1089.64428711,-225.46496582,446.391235352,45.3596878052,89.9502334595,95.254737854,1.09945583344,12.079577446,75.4282226562,-59.709564209,-14.8015117645,-19.3109321594,-7.74422168732],[-23.6128082275,64.1045913696,45.3596878052,319.454193115,181.576721191,-9.06610012054,-106.027923584,-60.5069122314,53.1610832214,-4.63678073883,-63.2261772156,-32.8169670105,-15.7931728363],[-598.30279541,-29.539264679,89.9502334595,181.576721191,274.440093994,37.7139892578,-65.2466049194,-78.8670425415,56.8333816528,4.92353582382,-44.8302536011,-24.7648963928,-23.4196529388],[-363.175994873,-41.9810295105,95.254737854,-9.06610012054,37.7139892578,144.410842896,46.3374671936,8.20129108429,20.4000072479,-3.83199882507,20.4133224487,3.95235037804,-0.00103387294803],[-194.925415039,68.7237930298,1.09945583344,-106.027923584,-65.2466049194,46.3374671936,193.878067017,72.9259872437,-29.806810379,4.33662176132,50.587146759,29.6853179932,18.4875888824],[2.22883558273,69.7516098022,12.079577446,-60.5069122314,-78.8670425415,8.20129108429,72.9259872437,160.00541687,1.4241951704,-17.1290283203,8.0308599472,5.93528413773,19.7199802399],[-325.278137207,-134.89831543,75.4282226562,53.1610832214,56.8333816528,20.4000072479,-29.806810379,1.4241951704,113.863296509,-7.03634977341,-28.579908371,-3.43824005127,-9.28500366211],[106.139259338,42.5244255066,-59.709564209,-4.63678073883,4.92353582382,-3.83199882507,4.33662176132,-17.1290283203,-7.03634977341,127.879867554,48.1251335144,16.8747291565,17.5048618317],[31.9996013641,25.5153636932,-14.8015117645,-63.2261772156,-44.8302536011,20.4133224487,50.587146759,8.0308599472,-28.579908371,48.1251335144,108.153541565,38.6069450378,19.6649398804],[16.217792511,39.220790863,-19.3109321594,-32.8169670105,-24.7648963928,3.95235037804,29.6853179932,5.93528413773,-3.43824005127,16.8747291565,38.6069450378,95.433265686,36.8902626038],[21.2845077515,63.2772140503,-7.74422168732,-15.7931728363,-23.4196529388,-0.00103387294803,18.4875888824,19.7199802399,-9.28500366211,17.5048618317,19.6649398804,36.8902626038,82.0115890503]],"icov":[[0.000120538803458,-0.000102954094473,0.000181687093573,-0.000113963003969,0.000323658983689,-0.00000542993257113,0.000186335470062,0.0000506693359057,0.0000454553410236,-0.00000186290787951,-0.0000181392806553,0.0000199037385755,0.000082539881987],[-0.000102954094473,0.00100983097218,0.000195304150111,-0.000461509480374,-0.0004027869727,-0.0000235004008573,-0.000398553092964,-0.000606077141128,0.0010783423204,-0.000122310302686,0.000140108211781,-0.000275509926723,-0.000463780510472],[0.000181687093573,0.000195304150111,0.00362388975918,-0.000290915631922,-0.000337136996677,-0.00158108933829,0.00033988172072,-0.000441214913735,-0.00111726357136,0.00162309990264,-0.000899098289665,0.000665109953843,-0.000535011116881],[-0.000113963003969,-0.000461509480374,-0.000290915631922,0.00633435649797,-0.00364516209811,0.000629328482319,0.00162886618637,0.0000531400437467,-0.00129090901464,0.00001755741323,0.000933161645662,0.000608883448876,-0.000490418868139],[0.000323658983689,-0.0004027869727,-0.000337136996677,-0.00364516209811,0.00846799276769,-0.00177560606971,0.0000905748747755,0.00272937165573,-0.00117706065066,-0.00119011360221,0.00143791292794,0.0000697891518939,0.000979001517408],[-0.00000542993257113,-0.0000235004008573,-0.00158108933829,0.000629328482319,-0.00177560606971,0.009646368213,-0.00238415319473,0.000213156396057,-0.00120868824888,0.000367235596059,-0.00194422039203,0.000444843695732,0.000021565159841],[0.000186335470062,-0.000398553092964,0.00033988172072,0.00162886618637,0.0000905748747755,-0.00238415319473,0.00894720852375,-0.0030446194578,0.00138294452336,0.000281994958641,-0.00187013798859,-0.00110361352563,0.000387137377402],[0.0000506693359057,-0.000606077141128,-0.000441214913735,0.0000531400437467,0.00272937165573,0.000213156396057,-0.0030446194578,0.00952507834882,-0.00249202991836,0.000893924909178,0.000670571054798,0.00133713625837,-0.00163673621137],[0.0000454553410236,0.0010783423204,-0.00111726357136,-0.00129090901464,-0.00117706065066,-0.00120868824888,0.00138294452336,-0.00249202991836,0.0134059432894,-0.00155265384819,0.00305240275338,-0.00251630973071,0.0010025560623],[-0.00000186290787951,-0.000122310302686,0.00162309990264,0.00001755741323,-0.00119011360221,0.000367235596059,0.000281994958641,0.000893924909178,-0.00155265384819,0.0110277263448,-0.00582638895139,0.00102701515425,-0.00196135346778],[-0.0000181392806553,0.000140108211781,-0.000899098289665,0.000933161645662,0.00143791292794,-0.00194422039203,-0.00187013798859,0.000670571054798,0.00305240275338,-0.00582638895139,0.0163861624897,-0.00455393642187,0.000370850495528],[0.0000199037385755,-0.000275509926723,0.000665109953843,0.000608883448876,0.0000697891518939,0.000444843695732,-0.00110361352563,0.00133713625837,-0.00251630973071,0.00102701515425,-0.00455393642187,0.0150166414678,-0.00583222554997],[0.000082539881987,-0.000463780510472,-0.000535011116881,-0.000490418868139,0.000979001517408,0.000021565159841,0.000387137377402,-0.00163673621137,0.0010025560623,-0.00196135346778,0.000370850495528,-0.00583222554997,0.0160373672843]],"mean":[-688.563781738,135.895751953,-13.4794559479,17.596288681,-4.56760454178,-1.78461611271,-1.32329428196,2.59820556641,-9.7775812149,5.90479326248,2.93519091606,4.65145111084,4.51775550842]},"pitch_salience":{"dmean":0.0676718726754,"dmean2":0.107230849564,"dvar":0.00425382284448,"dvar2":0.0102721685544,"max":0.946979403496,"mean":0.539889872074,"median":0.545990228653,"min":0.117189221084,"var":0.0165026988834},"silence_rate_20dB":{"dmean":0,"dmean2":0,"dvar":0,"dvar2":0,"max":1,"mean":1,"median":1,"min":1,"var":0},"silence_rate_30dB":{"dmean":0.00328947370872,"dmean2":0.00658030016348,"dvar":0.00327849388123,"dvar2":0.006537232548,"max":1,"mean":0.99527233839,"median":1,"min":0,"var":0.00470539554954},"silence_rate_60dB":{"dmean":0.0226151309907,"dmean2":0.0452395640314,"dvar":0.0221034567803,"dvar2":0.0493607334793,"max":1,"mean":0.0990750268102,"median":0,"min":0,"var":0.0892586931586},"spectral_centroid":{"dmean":220.455001831,"dmean2":331.056152344,"dvar":77766.2734375,"dvar2":164748.21875,"max":11582.5566406,"mean":1417.54711914,"median":1143.67028809,"min":129.363510132,"var":2179809.25},"spectral_complexity":{"dmean":3.25328946114,"dmean2":4.96154642105,"dvar":18.449016571,"dvar2":35.9140815735,"max":57,"mean":15.5387458801,"median":15,"min":0,"var":63.4443016052},"spectral_contrast_coeffs":{"dmean":[0.0474318154156,0.046369779855,0.0391033366323,0.0318947099149,0.0242748819292,0.0168566182256],"dmean2":[0.0793261751533,0.073686003685,0.0631108507514,0.0498668253422,0.0371752493083,0.0269437544048],"dvar":[0.00172397843562,0.0015573221026,0.00105152733158,0.000750375271309,0.000472977990285,0.000287175556878],"dvar2":[0.00465399445966,0.00367906480096,0.00266511645168,0.00171075400431,0.00104599434417,0.00072647514753],"max":[-0.309669941664,-0.353080719709,-0.439812362194,-0.45498842001,-0.615799188614,-0.607518196106],"mean":[-0.682396352291,-0.683445394039,-0.748905599117,-0.749201834202,-0.771179497242,-0.779618561268],"median":[-0.681551218033,-0.682979047298,-0.753139257431,-0.747792184353,-0.763590931892,-0.773880839348],"min":[-0.977551758289,-0.97844350338,-0.974907457829,-0.969913184643,-0.966517090797,-0.964382946491],"var":[0.00657491432503,0.00994895584881,0.00704036932439,0.00633522914723,0.00368324969895,0.00199848785996]},"spectral_contrast_valleys":{"dmean":[0.400045782328,0.359081447124,0.344500213861,0.32378283143,0.338297754526,0.419781148434],"dmean2":[0.666642963886,0.566153109074,0.538411676884,0.473413258791,0.453780919313,0.537623226643],"dvar":[0.140060186386,0.127758800983,0.135934054852,0.136493787169,0.160967111588,0.244399115443],"dvar2":[0.306501090527,0.250030636787,0.255772560835,0.231157168746,0.261784732342,0.413132876158],"max":[-6.19505310059,-4.91222286224,-5.41957569122,-5.75647926331,-5.83312034607,-7.73195457458],"mean":[-8.13461303711,-7.35882425308,-7.90762710571,-8.4650812149,-8.46659564972,-11.2209625244],"median":[-7.55804586411,-6.79528093338,-7.38439655304,-7.97872495651,-7.96350097656,-10.9343223572],"min":[-28.1825027466,-28.1970348358,-27.7774162292,-27.7037963867,-27.5083351135,-27.4010925293],"var":[8.46095943451,9.29712295532,8.85422134399,8.26574325562,8.27624893188,6.18350172043]},"spectral_decrease":{"dmean":1.44231548926e-9,"dmean2":2.06817274417e-9,"dvar":4.65442702001e-18,"dvar2":9.96199502451e-18,"max":5.0088658604e-20,"mean":-5.0700248444e-9,"median":-3.8398817459e-9,"min":-4.59671660735e-8,"var":2.08440994403e-17},"spectral_energy":{"dmean":0.00585081800818,"dmean2":0.00838049687445,"dvar":0.0000766366429161,"dvar2":0.000163828924997,"max":0.191703900695,"mean":0.0206521656364,"median":0.0156219182536,"min":1.00081050833e-20,"var":0.000349367328454},"spectral_energyband_high":{"dmean":0.000145440761116,"dmean2":0.000213754785364,"dvar":9.62886090861e-8,"dvar2":1.64441075867e-7,"max":0.0160994976759,"mean":0.000249306904152,"median":0.000124515761854,"min":7.05432551082e-21,"var":2.64320220822e-7},"spectral_energyband_low":{"dmean":0.00088748318376,"dmean2":0.00139018823393,"dvar":0.00000167927362327,"dvar2":0.00000407955030823,"max":0.0217325724661,"mean":0.00256237876602,"median":0.00187025684863,"min":1.40959488338e-23,"var":0.00000558362080483},"spectral_energyband_middle_high":{"dmean":0.00244189333171,"dmean2":0.0035667901393,"dvar":0.0000284673787974,"dvar2":0.0000650992878946,"max":0.162561133504,"mean":0.00666707288474,"median":0.00311865191907,"min":1.03195870515e-21,"var":0.000118971445772},"spectral_energyband_middle_low":{"dmean":0.00438337633386,"dmean2":0.00632526632398,"dvar":0.0000513831764692,"dvar2":0.000115219103463,"max":0.135087758303,"mean":0.0114315981045,"median":0.00791792105883,"min":1.35445057155e-22,"var":0.000158736045705},"spectral_entropy":{"dmean":0.20179452002,"dmean2":0.274494916201,"dvar":0.0437097027898,"dvar2":0.0782662034035,"max":9.8231716156,"mean":7.34938907623,"median":7.25333833694,"min":5.38037633896,"var":0.354279071093},"spectral_flux":{"dmean":0.0174438785762,"dmean2":0.0270358007401,"dvar":0.000426827929914,"dvar2":0.000969281594735,"max":0.290037333965,"mean":0.0592371150851,"median":0.0526702515781,"min":6.49336140413e-11,"var":0.00140801223461},"spectral_kurtosis":{"dmean":2.24472665787,"dmean2":3.74278306961,"dvar":5.10556983948,"dvar2":14.1505804062,"max":30.4328575134,"mean":6.0165772438,"median":5.35538578033,"min":-1.25045204163,"var":13.888753891},"spectral_rms":{"dmean":0.000588102149777,"dmean2":0.000830866745673,"dvar":4.88893874717e-7,"dvar2":9.53741960075e-7,"max":0.0136758256704,"mean":0.00403157807887,"median":0.00390395894647,"min":3.1247409174e-12,"var":0.00000389479873775},"spectral_rolloff":{"dmean":377.34576416,"dmean2":629.360046387,"dvar":499149.59375,"dvar2":1238033.75,"max":19767.4804688,"mean":1837.37426758,"median":1205.859375,"min":86.1328125,"var":9314054},"spectral_skewness":{"dmean":0.253512114286,"dmean2":0.409758448601,"dvar":0.0556469708681,"dvar2":0.139620110393,"max":4.322265625,"mean":1.70533788204,"median":1.68986964226,"min":-0.0691679790616,"var":0.306519329548},"spectral_spread":{"dmean":538612.25,"dmean2":811681.5,"dvar":759204085760,"dvar2":1678553776130,"max":42429020,"mean":4486283,"median":3336284,"min":1829803.75,"var":28613936152600},"spectral_strongpeak":{"dmean":0.60579097271,"dmean2":0.951240956783,"dvar":0.906503081322,"dvar2":2.08228206635,"max":17.1040039062,"mean":1.61463332176,"median":1.02556991577,"min":0,"var":3.61311340332},"zerocrossingrate":{"dmean":0.00817549880594,"dmean2":0.00998712331057,"dvar":0.00013605543063,"dvar2":0.00022505306697,"max":0.53125,"mean":0.0628999620676,"median":0.04833984375,"min":0.00341796875,"var":0.00553012778983}},"metadata":{"audio_properties":{"analysis_sample_rate":44100,"bit_rate":320074,"codec":"mp3","downmix":"mix","equal_loudness":0,"length":112.927345276,"lossless":false,"md5_encoded":"0abdee6d194e35acc82b3cc54b189871","replay_gain":-6.36438751221,"sample_rate":44100},"tags":{"album":["Surfin' USA"],"albumartist":["The Beach Boys","The Beach Boys"],"artist":["The Beach Boys"],"bpm":["73"],"date":["1963"],"discnumber":["1/1"],"file_name":"copy7522208748194105268.mp3","genre":["Pop"],"initialkey":["F"],"musicbrainz_recordingid":["950ff8ae-fd40-4ec0-8ee1-c85c04c7626e"],"performer":["The Beach Boys"],"title":["Farmer's Daughter"],"tracknumber":["2/12"]},"version":{"essentia":"2.1-beta2","essentia_build_sha":"cead25079874084f62182a551b7393616cd33d87","essentia_git_sha":"v2.1_beta2-1-ge3940c0","extractor":"music 1.0"}},"rhythm":{"beats_count":272,"beats_loudness":{"dmean":0.0161985959858,"dmean2":0.0275147799402,"dvar":0.000471148989163,"dvar2":0.00129787297919,"max":0.13293851912,"mean":0.0269145164639,"median":0.0202763304114,"min":0,"var":0.00053519604262},"beats_loudness_band_ratio":{"dmean":[0.148298799992,0.119783729315,0.168956488371,0.135906890035,0.0599307082593,0.0389929302037],"dmean2":[0.255224734545,0.204310238361,0.287049949169,0.238424792886,0.108112037182,0.0716377645731],"dvar":[0.0218192823231,0.0159989949316,0.0253847911954,0.0235901847482,0.00316718453541,0.00278777279891],"dvar2":[0.0483422093093,0.0370499268174,0.0728712826967,0.0658137053251,0.00921616237611,0.00659550074488],"max":[0.984688162804,0.836573183537,0.902903199196,0.936171770096,0.302709370852,0.403606504202],"mean":[0.227413356304,0.173028275371,0.318152278662,0.183632463217,0.0761800408363,0.0458229519427],"median":[0.158638685942,0.109404236078,0.299674540758,0.12451903522,0.0566611140966,0.0294330269098],"min":[0,0,0,0,0,0],"var":[0.0429407544434,0.0323452241719,0.0473696812987,0.0310896839947,0.00410552602261,0.00349096744321]},"beats_p