{"lowlevel":{"average_loudness":0.697312414646,"barkbands":{"dmean":[0.00000399238888349,0.000590136274695,0.000777809997089,0.000856745115016,0.000956861069426,0.000986068160273,0.000982097582892,0.000415891816374,0.000648354063742,0.00041458272608,0.000149960673298,0.000295648205793,0.000189108090126,0.000220494344831,0.000182638978004,0.000228495904594,0.000156444832101,0.000133377165184,0.000164915123605,0.000188651363715,0.000110070533992,0.0000847158371471,0.0000792630307842,0.0000337301280524,0.0000208743713301,0.00000608385380474,0.00000170485850504],"dmean2":[0.00000698202575222,0.00108559301589,0.00140721921343,0.00143176899292,0.00153956061695,0.00156358035747,0.00154171697795,0.000664704188239,0.00100590463262,0.000648972869385,0.000245296309004,0.000467045785626,0.000303961103782,0.000353937735781,0.00029241386801,0.000372993759811,0.000257450621575,0.000219854686293,0.000274601770798,0.000311793119181,0.000181782059371,0.000134448637255,0.000125434889924,0.0000548251555301,0.0000351297858288,0.00000989948057395,0.00000279940422843],"dvar":[1.48403872524e-10,0.00000535668550583,0.00000596980862611,0.00000510118934471,0.00000231719968724,0.00000305917637888,0.00000281677534986,9.19877834349e-7,0.00000178431253062,0.00000112169300337,1.17859279669e-7,7.08477330136e-7,2.55481438671e-7,3.37248451387e-7,2.80512210793e-7,2.78584252555e-7,1.09271269366e-7,7.86507499129e-8,1.28680397893e-7,1.99587105953e-7,6.46837321483e-8,5.26048005156e-8,6.27993514968e-8,2.40624444814e-8,6.89009960197e-9,6.19598372609e-10,7.46344999691e-11],"dvar2":[4.2096293118e-10,0.0000157505946845,0.0000176432822627,0.0000135369637064,0.00000633239369563,0.00000795793312136,0.00000720790285413,0.00000230277692026,0.00000453981328974,0.00000269056135949,3.16217551699e-7,0.00000176931837359,6.43711302928e-7,8.13299322999e-7,6.79935851622e-7,6.94963603109e-7,2.88635845891e-7,2.0863282657e-7,3.32032072947e-7,5.16013585639e-7,1.7060520463e-7,1.2445573816e-7,1.47814731122e-7,6.01259699806e-8,1.91624174306e-8,1.55188562001e-9,1.67006256047e-10],"max":[0.00026062966208,0.0246465485543,0.0338336490095,0.0333610512316,0.0458639338613,0.0340175107121,0.0325749628246,0.0279917586595,0.0261199660599,0.0262983851135,0.00832500495017,0.0189888328314,0.0123550519347,0.0165278445929,0.0197300538421,0.0145464334637,0.00871771387756,0.00848989933729,0.00769088184461,0.0130459647626,0.00561356032267,0.00589743861929,0.0083335544914,0.0109136281535,0.00327520421706,0.000915067503229,0.000368808949133],"mean":[0.00000396271570935,0.000520781439263,0.000817491440102,0.00113190431148,0.00217441609129,0.00203677965328,0.00199639634229,0.000788841338363,0.0014447964495,0.000787945988122,0.000290999130812,0.00056346913334,0.000334719952662,0.000382391386665,0.000333574775141,0.000480508344481,0.000338036043104,0.000305421533994,0.000388942018617,0.000444090430392,0.000264961709036,0.000160225026775,0.000144760531839,0.0000575885496801,0.0000302130138152,0.00000882548101799,0.0000016874045059],"median":[2.28104596545e-7,0.00000452441781817,0.000201044545975,0.000569503637962,0.00146850757301,0.00112976692617,0.00118678971194,0.000254856451647,0.00068674935028,0.0000972134876065,0.0000752083142288,0.0000450178486062,0.00005821306695,0.0000571251257497,0.0000863306922838,0.000182476040209,0.000110150031105,0.0000805495292298,0.0000226454667427,0.0000126443237605,0.00000855081361806,0.0000048267152124,0.00000407442803407,0.00000495692711411,0.00000171076874267,2.77015317351e-7,5.95189391106e-8],"min":[6.52674670253e-25,7.18586178112e-24,5.86501664864e-25,8.80844256137e-25,1.11876892556e-23,1.22437988805e-23,8.05566770383e-24,1.37481984364e-23,1.67334279621e-23,2.20786043054e-23,1.49159918329e-23,2.22417091862e-23,4.21412524795e-23,5.13017893008e-23,4.93001115518e-23,6.921007412e-23,5.90481509546e-23,1.09119809493e-22,1.04955980754e-22,1.89417733843e-22,3.04897213736e-22,3.16595781146e-22,4.34422141165e-22,6.33088013255e-22,9.12220878365e-22,1.33946158326e-21,2.03778468257e-21],"var":[1.39665307097e-10,0.00000383571523344,0.000004448188065,0.00000448667788078,0.00000544518707102,0.00000698707299307,0.00000612002531852,0.00000197966119231,0.00000516983436682,0.00000321387915392,2.96025376656e-7,0.00000183282918442,5.57771443255e-7,7.4792575333e-7,5.16884597346e-7,6.94142613611e-7,2.9796791523e-7,2.10872514117e-7,4.16792914848e-7,6.03433534252e-7,1.95478634168e-7,1.10492337058e-7,1.25264577377e-7,2.88140498128e-8,6.52139275914e-9,7.360876908e-10,8.42314412663e-11]},"barkbands_crest":{"dmean":1.81084156036,"dmean2":2.94077897072,"dvar":2.8375890255,"dvar2":7.49424266815,"max":23.8155479431,"mean":8.44215679169,"median":8.0237865448,"min":2.06776809692,"var":10.5576000214},"barkbands_flatness_db":{"dmean":0.015458191745,"dmean2":0.0233996007591,"dvar":0.000228820121265,"dvar2":0.000512711529154,"max":0.427184015512,"mean":0.176395505667,"median":0.182924181223,"min":0.0294020604342,"var":0.007809614297},"barkbands_kurtosis":{"dmean":1.7629455328,"dmean2":2.68445205688,"dvar":9.27348899841,"dvar2":21.6151981354,"max":68.2620925903,"mean":4.19777774811,"median":1.75095319748,"min":-1.8645683527,"var":47.992729187},"barkbands_skewness":{"dmean":0.32929328084,"dmean2":0.505825102329,"dvar":0.122413367033,"dvar2":0.278717666864,"max":7.36938285828,"mean":1.52565956116,"median":1.4199886322,"min":-2.24695301056,"var":1.00377452374},"barkbands_spread":{"dmean":3.3188560009,"dmean2":5.03828334808,"dvar":19.9284706116,"dvar2":44.2929801941,"max":95.8737411499,"mean":17.8978805542,"median":14.3148155212,"min":0.810711085796,"var":163.230941772},"dissonance":{"dmean":0.0183305647224,"dmean2":0.0304593797773,"dvar":0.000372740702005,"dvar2":0.00097001332324,"max":0.500000119209,"mean":0.445549696684,"median":0.458349585533,"min":0.187028184533,"var":0.00201690965332},"dynamic_complexity":5.15394639969,"erbbands":{"dmean":[0.00750633794814,0.16970166564,0.807790458202,1.83819949627,3.03939843178,3.350086689,6.44003391266,8.30093860626,14.9177942276,10.3598909378,10.5508470535,12.8091564178,13.1849660873,7.80511140823,5.00311279297,11.7769804001,9.01470184326,8.46975326538,9.77655601501,8.69584369659,12.8826208115,8.54319286346,7.01362133026,6.36936235428,9.52007293701,8.329870224,5.39785957336,3.78718686104,3.33061528206,2.89229154587,1.86535644531,0.952738285065,0.458240628242,0.300522148609,0.112107411027,0.0311073102057,0.011027129367,0.00308593991213,0.000298762752209,0.000011515301594],"dmean2":[0.0136902108788,0.312735676765,1.47104167938,3.07101225853,5.01697635651,5.39702892303,10.1994485855,13.2701978683,22.8462657928,17.2081031799,16.2748985291,20.1766910553,20.6510658264,12.2869110107,8.12537574768,18.6739711761,14.3605670929,13.5841913223,15.4895687103,13.7701482773,21.0286598206,13.8797607422,11.572804451,10.5468759537,15.6392335892,13.7881402969,8.87442684174,6.21833944321,5.27528524399,4.62012720108,2.95311689377,1.52512693405,0.754969060421,0.505835831165,0.188474446535,0.0512735582888,0.0180201325566,0.00495741749182,0.000494823558256,0.000018885883037],"dvar":[0.000747148529626,0.450013041496,7.75508308411,16.3080825806,47.8143882751,29.3032493591,128.438705444,229.085021973,747.991821289,346.080932617,506.472564697,745.661376953,1064.97277832,321.853210449,126.347824097,1109.3861084,510.936309814,571.319946289,660.036315918,540.367919922,887.455322266,341.731994629,237.81439209,174.345031738,490.339172363,417.311981201,146.788803101,88.0843048096,91.3088684082,68.9694442749,43.5185623169,25.899887085,2.11902785301,1.36117732525,0.187571898103,0.0142459059134,0.00216431100853,0.000238036373048,0.00000236714458879,1.63386049135e-9],"dvar2":[0.00220183213241,1.32235264778,23.0588531494,43.2910003662,132.672821045,77.8176574707,324.389862061,599.28125,1866.64892578,953.253662109,1202.93725586,1895.09802246,2653.29125977,808.049682617,334.578338623,2806.96826172,1286.72814941,1393.31506348,1546.30810547,1219.54125977,2229.86083984,908.955078125,640.648193359,454.619476318,1233.68762207,1091.64831543,389.741455078,224.497467041,214.483840942,162.656967163,103.735443115,62.2108612061,5.61261177063,3.77146601677,0.516220569611,0.0376554839313,0.0054515521042,0.000522438553162,0.00000541459894521,4.05444255946e-9],"max":[0.416535824537,7.39119052887,36.2641906738,56.1380691528,180.453155518,115.491500854,222.725631714,373.481994629,537.142578125,439.724700928,445.314056396,567.10723877,889.782409668,367.713470459,308.331207275,819.711486816,433.398376465,786.536560059,756.473632812,890.554443359,960.844482422,461.68762207,500.853912354,328.417297363,684.918701172,618.229736328,300.675811768,246.840667725,295.323547363,218.361251831,253.877044678,374.816101074,44.4057731628,49.1586608887,15.7260494232,3.95092010498,1.68386673927,0.815232098103,0.0708517953753,0.00150277954526],"mean":[0.00733519764617,0.151174157858,0.814805567265,2.6538643837,5.23008775711,7.03768348694,13.8012084961,17.0654430389,29.4818153381,20.2859554291,22.5768489838,27.4353618622,29.2943630219,16.8577957153,10.9246425629,23.3709697723,18.1085834503,15.8216676712,19.4282264709,19.1279392242,28.1683235168,20.6014690399,16.9862918854,15.8151082993,23.8509044647,19.7302494049,13.2790088654,8.46007156372,6.16987323761,5.41353940964,3.48090958595,1.63006722927,0.770450890064,0.441106110811,0.161545097828,0.045846350491,0.0154113136232,0.00370350875892,0.000296538433759,0.0000277419330814],"median":[0.000181880182936,0.00521721597761,0.176837459207,1.47683644295,3.13394927979,4.37554311752,7.33676528931,9.48656368256,16.1317520142,12.5243492126,8.48776912689,11.5806531906,9.57344913483,2.66520524025,3.18306922913,2.0350959301,2.91181588173,2.91846394539,3.36866521835,6.58295822144,11.4676208496,6.42884254456,4.56861019135,1.01984679699,1.25405800343,0.583833873272,0.372586905956,0.300841152668,0.198423966765,0.107237122953,0.122659862041,0.128907427192,0.061104606837,0.0227674506605,0.00967937801033,0.00215906416997,0.000386650004657,0.000146032703924,0.0000109285629151,0.0000126235627249],"min":[1.58673085442e-22,6.02184204277e-22,3.90937310889e-21,6.69699843038e-21,1.30021668976e-20,2.95704661279e-20,6.37780227591e-20,1.15457314138e-19,1.36619579812e-19,3.03134500938e-19,3.7787934242e-19,3.98894098526e-19,6.12438218282e-19,6.74620848747e-19,7.76240245493e-19,1.00729122932e-18,2.00164886938e-18,2.87195516356e-18,3.14522255072e-18,3.55842470249e-18,3.76113854649e-18,4.09631750737e-18,6.40051802555e-18,5.97467965595e-18,6.75114168924e-18,9.54773470194e-18,1.0245325891e-17,1.24350872122e-17,1.01461973936e-17,1.28478056701e-17,1.32123755989e-17,1.18264427544e-17,1.05430290206e-17,9.02604760603e-18,6.01248842739e-18,4.14466869572e-18,2.55706198002e-18,1.0689783269e-18,2.82338456555e-19,2.96787944764e-20],"var":[0.000673563976306,0.314520955086,5.40576505661,16.3718528748,52.8721694946,66.0468215942,324.327178955,479.389678955,1617.27746582,649.357849121,1381.28881836,1897.95251465,3094.46411133,1051.6640625,355.455993652,2984.02954102,1393.26342773,1203.33398438,1669.82226562,1323.33728027,2351.08764648,1067.21325684,638.909484863,618.562683105,1722.49023438,1146.53161621,447.976165771,248.715332031,169.0050354,147.22605896,83.8693466187,31.3969860077,3.07436203957,1.35883724689,0.18315218389,0.0158645324409,0.00251560541801,0.000285163376248,0.00000255389454651,2.13582307396e-9]},"erbbands_crest":{"dmean":1.94686257839,"dmean2":3.09987807274,"dvar":3.92939829826,"dvar2":9.89060783386,"max":29.9142036438,"mean":8.46109867096,"median":7.71425056458,"min":2.4059150219,"var":15.0548124313},"erbbands_flatness_db":{"dmean":0.0134578077123,"dmean2":0.0201564766467,"dvar":0.000193237428903,"dvar2":0.000413238711189,"max":0.399506419897,"mean":0.212775707245,"median":0.203294277191,"min":0.0600670203567,"var":0.00497404905036},"erbbands_kurtosis":{"dmean":0.756845474243,"dmean2":1.15799283981,"dvar":1.60903322697,"dvar2":3.65587639809,"max":30.69090271,"mean":0.467983365059,"median":-0.565119504929,"min":-1.78147804737,"var":7.03861999512},"erbbands_skewness":{"dmean":0.278672277927,"dmean2":0.418586611748,"dvar":0.0833307951689,"dvar2":0.180824458599,"max":5.02188444138,"mean":0.573346793652,"median":0.432879507542,"min":-2.87485742569,"var":0.656261265278},"erbbands_spread":{"dmean":4.89599752426,"dmean2":7.48310518265,"dvar":30.4481277466,"dvar2":69.0181808472,"max":101.107299805,"mean":32.8118133545,"median":31.5116901398,"min":3.73168230057,"var":210.071762085},"gfcc":{"cov":[[21862.96875,-4366.02734375,-1712.70556641,2956.39892578,-2083.87231445,2470.68505859,391.792510986,462.519897461,-533.618164062,736.592773438,609.990234375,371.417205811,-100.085777283],[-4366.02734375,2637.06054688,195.03187561,-1256.84179688,960.102661133,-1183.95007324,-145.634002686,-218.490188599,209.373672485,-316.402404785,-280.932281494,-182.271759033,62.1353721619],[-1712.70556641,195.03187561,720.674072266,-179.426849365,68.5798416138,-19.3541297913,-143.030960083,-60.6223258972,30.7516059875,-23.1060180664,-25.7154865265,-42.9497451782,-44.3344955444],[2956.39892578,-1256.84179688,-179.426849365,960.249145508,-482.027984619,648.395751953,160.057983398,115.142066956,-84.6279983521,184.229797363,173.261627197,93.9258956909,1.20550429821],[-2083.87231445,960.102661133,68.5798416138,-482.027984619,644.96887207,-464.106781006,79.0148620605,-33.8640213013,112.933525085,-60.0269203186,-125.095237732,-25.1122894287,27.5845069885],[2470.68505859,-1183.95007324,-19.3541297913,648.395751953,-464.106781006,795.306091309,93.9413757324,88.878578186,-128.75302124,181.688369751,215.864868164,68.4065933228,-72.3578338623],[391.792510986,-145.634002686,-143.030960083,160.057983398,79.0148620605,93.9413757324,296.883636475,61.67710495,-22.2368736267,78.0450820923,44.5684967041,75.6976928711,-0.490259319544],[462.519897461,-218.490188599,-60.6223258972,115.142066956,-33.8640213013,88.878578186,61.67710495,131.548065186,11.6230754852,11.0247049332,2.55779743195,40.1426849365,18.4111671448],[-533.618164062,209.373672485,30.7516059875,-84.6279983521,112.933525085,-128.75302124,-22.2368736267,11.6230754852,115.253326416,-21.8288860321,-63.1620483398,-16.1373958588,32.8393135071],[736.592773438,-316.402404785,-23.1060180664,184.229797363,-60.0269203186,181.688369751,78.0450820923,11.0247049332,-21.8288860321,161.172241211,69.1173171997,10.6348762512,-18.5900707245],[609.990234375,-280.932281494,-25.7154865265,173.261627197,-125.095237732,215.864868164,44.5684967041,2.55779743195,-63.1620483398,69.1173171997,158.826782227,30.2777442932,-44.0182342529],[371.417205811,-182.271759033,-42.9497451782,93.9258956909,-25.1122894287,68.4065933228,75.6976928711,40.1426849365,-16.1373958588,10.6348762512,30.2777442932,110.632286072,8.50032997131],[-100.085777283,62.1353721619,-44.3344955444,1.20550429821,27.5845069885,-72.3578338623,-0.490259319544,18.4111671448,32.8393135071,-18.5900707245,-44.0182342529,8.50032997131,84.9831314087]],"icov":[[0.000135937792948,-0.00019623262051,0.000293214310659,-0.000262569083134,0.00022923736833,-0.000263693626039,0.000255241990089,-0.000239595887251,0.000271226454061,-0.000463935837615,0.000379765086109,-0.000353802955942,0.000240514520556],[-0.00019623262051,0.00276636146009,-0.000519215711392,0.00136697711423,-0.00197515077889,0.00180235644802,-0.000917273049708,0.00187130901031,-0.00121513789054,0.00270333467051,-0.00213348167017,0.00246922601946,-0.00107012328226],[0.000293214310659,-0.000519215711392,0.00241236761212,-0.000319839222357,0.000113684713142,-0.00132278865203,0.00149669963866,-0.000061121158069,0.0000707907092874,-0.00114324863534,0.00127467885613,-0.00112164916936,0.00134167389479],[-0.000262569083134,0.00136697711423,-0.000319839222357,0.00436040060595,0.000453286047559,-0.000708977982868,-0.00197447487153,0.000893365358934,-0.00194851926062,0.000745492172427,-0.00152297981549,0.00112702231854,-0.00247867172584],[0.00022923736833,-0.00197515077889,0.000113684713142,0.000453286047559,0.00593002233654,0.0000895941484487,-0.00191265565809,-0.00138290564064,-0.00115459528752,-0.00294947181828,0.00169794482645,-0.00169411313254,0.00105690886267],[-0.000263693626039,0.00180235644802,-0.00132278865203,-0.000708977982868,0.0000895941484487,0.00652382289991,-0.000866826856509,-0.000715565693099,0.000343098363373,0.000178251284524,-0.00373254460283,0.00174725370016,0.0011655195849],[0.000255241990089,-0.000917273049708,0.00149669963866,-0.00197447487153,-0.00191265565809,-0.000866826856509,0.00761911971495,-0.00240990333259,0.00256776250899,-0.00342371733859,0.0010442599887,-0.00403995858505,0.00143270834815],[-0.000239595887251,0.00187130901031,-0.000061121158069,0.000893365358934,-0.00138290564064,-0.000715565693099,-0.00240990333259,0.0124549586326,-0.003717135638,0.00360555527732,-0.0000200273007067,-0.000341693346854,-0.00231863092631],[0.000271226454061,-0.00121513789054,0.0000707907092874,-0.00194851926062,-0.00115459528752,0.000343098363373,0.00256776250899,-0.003717135638,0.0149943074211,-0.00294770114124,0.0038030561991,-0.000556441198569,-0.00165397685487],[-0.000463935837615,0.00270333467051,-0.00114324863534,0.000745492172427,-0.00294947181828,0.000178251284524,-0.00342371733859,0.00360555527732,-0.00294770114124,0.013817508705,-0.00462722638622,0.00481563620269,-0.00153843942098],[0.000379765086109,-0.00213348167017,0.00127467885613,-0.00152297981549,0.00169794482645,-0.00373254460283,0.0010442599887,-0.0000200273007067,0.0038030561991,-0.00462722638622,0.0146644534543,-0.00437763659284,0.00452667847276],[-0.000353802955942,0.00246922601946,-0.00112164916936,0.00112702231854,-0.00169411313254,0.00174725370016,-0.00403995858505,-0.000341693346854,-0.000556441198569,0.00481563620269,-0.00437763659284,0.015230207704,-0.00325730117038],[0.000240514520556,-0.00107012328226,0.00134167389479,-0.00247867172584,0.00105690886267,0.0011655195849,0.00143270834815,-0.00231863092631,-0.00165397685487,-0.00153843942098,0.00452667847276,-0.00325730117038,0.0177007671446]],"mean":[-80.6374588013,122.223899841,-133.100006104,9.322473526,-63.680809021,-25.3718967438,-49.285358429,-3.27210259438,-22.2121353149,-9.47705364227,-25.0597877502,-9.17644500732,-11.0296478271]},"hfc":{"dmean":3.8595032692,"dmean2":6.15990018845,"dvar":59.2354049683,"dvar2":155.244400024,"max":163.985748291,"mean":17.1182003021,"median":5.52812194824,"min":1.12538345854e-16,"var":391.477996826},"melbands":{"dmean":[0.00011546627502,0.000358040735591,0.000349587673554,0.000210963975405,0.00020312720153,0.000191291474039,0.000208053170354,0.000106774226879,0.0000988484534901,0.000081742182374,0.000069732326665,0.0000379151206289,0.0000193247560674,0.000017456466594,0.0000457749410998,0.0000148161789184,0.0000174640026671,0.0000179921535164,0.0000156060414156,0.0000128480551211,0.0000168499173014,0.0000103365919131,0.00000740744462746,0.00000647605611448,0.00000551770244783,0.00000738155085855,0.00000863830791786,0.00000547596391698,0.00000399701229981,0.00000269833367383,0.00000234745994021,0.0000023063446406,0.00000136126141115,0.00000193361961465,0.00000119533126508,8.52889854741e-7,4.92994843171e-7,3.26407558759e-7,3.08423068418e-7,2.46043811103e-7],"dmean2":[0.000211247781408,0.00065405445639,0.000583093147725,0.00033743478707,0.000323835731251,0.000304193934426,0.000322175910696,0.000176247427589,0.00015050440561,0.000128628817038,0.000109043750854,0.0000593301410845,0.0000315549405059,0.0000282939818135,0.0000723144621588,0.0000238983193412,0.0000280108597508,0.0000286533868348,0.0000249632248597,0.0000207736702578,0.000027671960197,0.0000168306141859,0.0000123165518744,0.0000106507859527,0.00000921795708564,0.0000122600886243,0.0000141370683195,0.0000090911762527,0.00000657206328469,0.00000449016215498,0.00000384845088774,0.00000367707571058,0.00000224602376875,0.00000312013958137,0.00000192212041839,0.00000137957579227,8.12266705452e-7,5.42510576906e-7,5.20769901868e-7,4.17892579208e-7],"dvar":[1.97713404759e-7,0.00000167080474966,6.67785798214e-7,1.30964707523e-7,1.14843643928e-7,1.1369611741e-7,1.40182891073e-7,3.9029135479e-8,4.33675815259e-8,3.08571834751e-8,2.92432549287e-8,8.0481141751e-9,2.04653294311e-9,2.01904892805e-9,1.82920754099e-8,1.88344539964e-9,2.5392989933e-9,2.49929121843e-9,2.26034013728e-9,9.23742471404e-10,1.64902203004e-9,5.5429216772e-10,2.2185932258e-10,2.22679610862e-10,1.37484509888e-10,2.60802240915e-10,4.57122117936e-10,1.77182518657e-10,7.22425452793e-11,4.19116893968e-11,4.16722455154e-11,5.5704496571e-11,1.4349408814e-11,3.5509414853e-11,1.76707121158e-11,1.35549904634e-11,7.65106294293e-12,1.03012639651e-12,1.16361152484e-12,9.84400928827e-13],"dvar2":[5.79742220452e-7,0.00000495830408909,0.00000178184609467,3.56484406439e-7,2.92494945597e-7,2.96459205629e-7,3.55294332621e-7,1.05539065487e-7,1.01531000496e-7,7.94613868038e-8,7.23628019728e-8,1.97603711172e-8,5.42766054323e-9,5.25424281861e-9,4.55512960684e-8,4.68051419844e-9,6.17195361485e-9,5.81254022691e-9,5.52393641939e-9,2.17589501972e-9,4.14129885939e-9,1.46344703023e-9,6.16129980369e-10,5.7849419699e-10,3.58854695959e-10,6.82403078489e-10,1.13705189708e-9,4.74353556434e-10,1.90934171251e-10,1.08752874761e-10,1.0378498061e-10,1.31444841123e-10,3.66108289518e-11,8.38634717226e-11,4.29020360904e-11,3.22478883874e-11,1.83109256924e-11,2.75543541976e-12,3.18461012769e-12,2.74236362785e-12],"max":[0.00482252566144,0.0163765884936,0.0123452404514,0.0122086582705,0.00715779047459,0.0077745760791,0.00737664150074,0.00446638790891,0.00442160153762,0.00358274555765,0.00432824809104,0.00192983867601,0.00111240963452,0.00103819102515,0.0031579893548,0.00126870896202,0.00175719137769,0.00139696209226,0.00170289492235,0.0010787548963,0.00143956358079,0.000592016847804,0.000277886778349,0.000520262343343,0.000320696213748,0.000357810728019,0.000787986500654,0.000407717248891,0.000153917266289,0.000173333610292,0.000212231156183,0.000257411884377,0.000112349924166,0.00014850399748,0.000169608654687,0.000211426260648,0.000211470629438,0.000030293396776,0.0000389344349969,0.0000426776059612],"mean":[0.000105925530079,0.000353255600203,0.000527377706021,0.0004489820858,0.000451068888651,0.000409587257309,0.000418076408096,0.000201029441087,0.000202081573661,0.000176689951331,0.000150340027176,0.0000761416449677,0.000038344256609,0.0000362279024557,0.0000835237151477,0.0000252248082688,0.0000301273503283,0.0000325074543071,0.000027776846764,0.0000258748332271,0.0000340462720487,0.0000218225086428,0.0000163793556567,0.0000137286770041,0.0000120836612041,0.0000166833542607,0.0000185928038263,0.0000115136590466,0.00000896308938536,0.00000590840772929,0.00000454760811408,0.00000379734547096,0.00000254599285654,0.00000331394107889,0.00000215750446841,0.00000142041062645,7.94879042587e-7,5.32248691343e-7,4.59572873979e-7,3.4206999544e-7],"median":[9.46058662521e-7,0.0000610230963503,0.000309794326313,0.000299376260955,0.000249525648542,0.000237022934016,0.000237940912484,0.000111551620648,0.0000752629057388,0.0000761285773478,0.0000464991062472,0.00000932237526285,0.0000113760606837,0.00000359539899364,0.00000697111954651,0.00000540847804587,0.00000487254192194,0.00000437325616076,0.00000791064394434,0.00000986952090898,0.0000132397535708,0.00000680346738591,0.00000571435884922,0.00000186394424873,6.20550167696e-7,9.66735342445e-7,6.90392710112e-7,2.81962513782e-7,2.40586331302e-7,1.6757620358e-7,1.62293474659e-7,1.19325278547e-7,6.62564261233e-8,5.42139595439e-8,6.30861123341e-8,7.33806473363e-8,7.00450044633e-8,4.38677965064e-8,2.6144199694e-8,1.49185908072e-8],"min":[1.97001799987e-24,1.93405185905e-24,1.15861914138e-24,1.86596133002e-24,1.79017033526e-24,2.46424685117e-24,1.57960018686e-24,3.22033571338e-24,2.29244339842e-24,2.26041071529e-24,2.9177722547e-24,2.36044261681e-24,2.58551567712e-24,2.69701150253e-24,2.34962102291e-24,5.21084989729e-24,4.35430551526e-24,4.40840875159e-24,3.79776651321e-24,3.61859569125e-24,3.62070194987e-24,3.20615791076e-24,6.49991527517e-24,4.91321228332e-24,3.55634273292e-24,3.72011972317e-24,5.88512205071e-24,5.30070983187e-24,4.82187757328e-24,5.54344982658e-24,6.23822368607e-24,5.16944732154e-24,6.1433241136e-24,6.35629368104e-24,7.18041075227e-24,6.43251499943e-24,6.96434963894e-24,6.3226574409e-24,7.2330206749e-24,7.23991295263e-24],"var":[1.52824100041e-7,0.00000116149135465,6.37966593331e-7,2.48724262519e-7,3.04655827676e-7,2.52318841376e-7,3.00299035416e-7,7.54174109829e-8,1.20192822806e-7,8.42944629653e-8,8.52197956647e-8,2.48113511958e-8,5.25254417738e-9,6.04142291749e-9,4.77204515903e-8,3.46129436224e-9,5.04664665613e-9,5.98619687153e-9,3.96134325342e-9,2.20062013057e-9,4.03812938643e-9,1.50199686022e-9,5.30346766503e-10,5.41316547142e-10,4.05264349856e-10,8.26570700774e-10,1.31922650581e-9,4.04221101036e-10,2.17102072431e-10,1.03768209303e-10,9.94790222419e-11,8.1869865054e-11,3.10867338815e-11,6.54153398116e-11,3.35061110801e-11,1.98187750933e-11,8.57865514736e-12,1.46229773082e-12,1.34610790396e-12,9.08793006127e-13]},"melbands_crest":{"dmean":2.55987644196,"dmean2":4.2009267807,"dvar":7.30835962296,"dvar2":20.2625141144,"max":29.1833324432,"mean":11.0607976913,"median":10.3370008469,"min":1.77201104164,"var":15.9846105576},"melbands_flatness_db":{"dmean":0.0189274027944,"dmean2":0.0282749515027,"dvar":0.000388448766898,"dvar2":0.000827199139167,"max":0.561440765858,"mean":0.237821578979,"median":0.242848828435,"min":0.00399749353528,"var":0.0138208325952},"melbands_kurtosis":{"dmean":2.81966590881,"dmean2":4.46024608612,"dvar":17.3664188385,"dvar2":44.3102455139,"max":134.347412109,"mean":8.0905008316,"median":5.93630409241,"min":-1.81147480011,"var":71.9022598267},"melbands_skewness":{"dmean":0.398109138012,"dmean2":0.627437889576,"dvar":0.173394680023,"dvar2":0.443537861109,"max":8.33016490936,"mean":2.12185263634,"median":2.0426056385,"min":-0.549357235432,"var":0.746852695942},"melbands_spread":{"dmean":4.77958631516,"dmean2":7.4204249382,"dvar":54.9402046204,"dvar2":122.697471619,"max":168.786712646,"mean":22.1835212708,"median":16.4790096283,"min":0.908568024635,"var":324.366271973},"mfcc":{"cov":[[17724.8164062,-4365.76513672,-698.558349609,1196.09997559,-1250.58764648,1540.82104492,1543.11853027,623.655212402,-263.287200928,684.888671875,669.68963623,199.52180481,534.585388184],[-4365.76513672,2644.32666016,-143.923126221,-363.522460938,487.86529541,-663.183288574,-596.817687988,-254.199295044,134.726028442,-280.424255371,-273.753997803,-68.0467224121,-207.198944092],[-698.558349609,-143.923126221,599.756469727,-94.6924972534,55.0098228455,75.4727020264,-59.5886573792,-42.818359375,-86.1752471924,-6.81519651413,13.762087822,-20.7556533813,-25.5632705688],[1196.09997559,-363.522460938,-94.6924972534,372.041656494,-98.3093490601,121.95035553,146.236938477,81.0379257202,67.1316375732,73.0989379883,30.3720226288,18.5628967285,100.27066803],[-1250.58764648,487.86529541,55.0098228455,-98.3093490601,273.805023193,-129.020492554,-167.297958374,-48.5074310303,55.512046814,-25.2350635529,-62.8641815186,-23.2618198395,-34.1098213196],[1540.82104492,-663.183288574,75.4727020264,121.95035553,-129.020492554,390.840240479,279.836090088,53.9767837524,-74.8426971436,106.885520935,166.456466675,43.6878509521,75.815864563],[1543.11853027,-596.817687988,-59.5886573792,146.236938477,-167.297958374,279.836090088,399.184051514,111.766174316,-63.927936554,83.7394638062,166.517044067,75.7205429077,75.4498748779],[623.655212402,-254.199295044,-42.818359375,81.0379257202,-48.5074310303,53.9767837524,111.766174316,193.09072876,47.7892570496,3.36107039452,40.5126647949,34.7256584167,49.8884773254],[-263.287200928,134.726028442,-86.1752471924,67.1316375732,55.512046814,-74.8426971436,-63.927936554,47.7892570496,209.661026001,17.3561878204,-66.9788818359,-20.2936706543,48.8313827515],[684.888671875,-280.424255371,-6.81519651413,73.0989379883,-25.2350635529,106.885520935,83.7394638062,3.36107039452,17.3561878204,170.493606567,39.856678009,-18.5031681061,52.8358154297],[669.68963623,-273.753997803,13.762087822,30.3720226288,-62.8641815186,166.456466675,166.517044067,40.5126647949,-66.9788818359,39.856678009,176.738113403,58.3311653137,8.25692939758],[199.52180481,-68.0467224121,-20.7556533813,18.5628967285,-23.2618198395,43.6878509521,75.7205429077,34.7256584167,-20.2936706543,-18.5031681061,58.3311653137,89.6721878052,7.77830696106],[534.585388184,-207.198944092,-25.5632705688,100.27066803,-34.1098213196,75.815864563,75.4498748779,49.8884773254,48.8313827515,52.8358154297,8.25692939758,7.77830696106,132.322219849]],"icov":[[0.000151449712575,0.0000780366099207,0.000199087211513,-0.000160020252224,0.00025903241476,-0.000292041862849,0.0000580310043006,-0.000212981496588,0.000211375678191,-0.000223804498091,0.0000464265940536,0.0000194373806153,-0.0000413127963839],[0.0000780366099207,0.00110252283048,0.000406039500376,0.0000693536785548,-0.0010413210839,0.000778849236667,0.00000307558980239,0.000838255102281,-0.000294744764687,0.000861068954691,-0.00025343868765,0.0000257266165136,0.000183795331395],[0.000199087211513,0.000406039500376,0.00248752115294,0.000149423038238,-0.000486167497002,-0.00141631369479,0.00105204223655,-0.000299914332572,0.00106727879029,0.000132179236971,0.000145865866216,0.000382533762604,-0.0000800343186711],[-0.000160020252224,0.0000693536785548,0.000149423038238,0.0043822596781,0.000406315113651,-0.000230566263781,-0.000659243145492,0.00000289891113425,-0.00150613649748,-0.00020113089704,0.000577417726163,-0.000335350661771,-0.00130536174402],[0.00025903241476,-0.0010413210839,-0.000486167497002,0.000406315113651,0.00721583515406,-0.000961591955274,0.00172467774246,-0.000979014439508,-0.00075113173807,-0.00205158721656,-0.000101158453617,-0.000816176121589,-0.000131464548758],[-0.000292041862849,0.000778849236667,-0.00141631369479,-0.000230566263781,-0.000961591955274,0.00919483136386,-0.00342673785053,0.00207313429564,-0.000136574482895,-0.000146562611917,-0.00407359795645,0.0010622284608,-0.00174267764669],[0.0000580310043006,0.00000307558980239,0.00105204223655,-0.000659243145492,0.00172467774246,-0.00342673785053,0.0085071939975,-0.00251775514334,0.00161843537353,-0.00130476430058,-0.00206737057306,-0.00232458813116,-0.000830999633763],[-0.000212981496588,0.000838255102281,-0.000299914332572,0.00000289891113425,-0.000979014439508,0.00207313429564,-0.00251775514334,0.00899411085993,-0.00325922458433,0.00274426327087,-0.00142468092963,-0.000735038367566,-0.00104355765507],[0.000211375678191,-0.000294744764687,0.00106727879029,-0.00150613649748,-0.00075113173807,-0.000136574482895,0.00161843537353,-0.00325922458433,0.00886117573828,-0.00196421588771,0.00183326820843,0.000247066229349,-0.00239208200946],[-0.000223804498091,0.000861068954691,0.000132179236971,-0.00020113089704,-0.00205158721656,-0.000146562611917,-0.00130476430058,0.00274426327087,-0.00196421588771,0.0103351799771,-0.00210045417771,0.00401342054829,-0.00181190459989],[0.0000464265940536,-0.00025343868765,0.000145865866216,0.000577417726163,-0.000101158453617,-0.00407359795645,-0.00206737057306,-0.00142468092963,0.00183326820843,-0.00210045417771,0.0138824861497,-0.00540387071669,0.00264365924522],[0.0000194373806153,0.0000257266165136,0.000382533762604,-0.000335350661771,-0.000816176121589,0.0010622284608,-0.00232458813116,-0.000735038367566,0.000247066229349,0.00401342054829,-0.00540387071669,0.0173163805157,-0.00130105891731],[-0.0000413127963839,0.000183795331395,-0.0000800343186711,-0.00130536174402,-0.000131464548758,-0.00174267764669,-0.000830999633763,-0.00104355765507,-0.00239208200946,-0.00181190459989,0.00264365924522,-0.00130105891731,0.0123353684321]],"mean":[-711.862060547,145.367889404,-12.1983528137,16.7370624542,-5.72543716431,-20.6240901947,-25.720249176,-10.7509212494,-5.00046062469,-6.39662504196,-15.3777008057,-6.96329021454,-7.36116456985]},"pitch_salience":{"dmean":0.0530881024897,"dmean2":0.086860999465,"dvar":0.00266943266615,"dvar2":0.00739382393658,"max":0.919641196728,"mean":0.616359293461,"median":0.617559909821,"min":0.231009587646,"var":0.00811926834285},"silence_rate_20dB":{"dmean":0,"dmean2":0,"dvar":0,"dvar2":0,"max":1,"mean":1,"median":1,"min":1,"var":0},"silence_rate_30dB":{"dmean":0,"dmean2":0,"dvar":0,"dvar2":0,"max":1,"mean":1,"median":1,"min":1,"var":0},"silence_rate_60dB":{"dmean":0.0304823387414,"dmean2":0.0609701424837,"dvar":0.0295450482517,"dvar2":0.0665822848678,"max":1,"mean":0.214432984591,"median":0,"min":0,"var":0.16847461462},"spectral_centroid":{"dmean":165.734863281,"dmean2":254.122833252,"dvar":57481.7070312,"dvar2":118021.546875,"max":11429.3349609,"mean":1266.28356934,"median":972.721130371,"min":197.608917236,"var":884920.875},"spectral_complexity":{"dmean":2.4735519886,"dmean2":3.95086526871,"dvar":8.95968914032,"dvar2":21.3041954041,"max":61,"mean":20.429851532,"median":12,"min":0,"var":240.944778442},"spectral_contrast_coeffs":{"dmean":[0.0478353798389,0.0387491770089,0.0357395112514,0.030524680391,0.0198126658797,0.0180218610913],"dmean2":[0.078124679625,0.0634291172028,0.0584635697305,0.0487790741026,0.0319323986769,0.0282699372619],"dvar":[0.00162809737958,0.00117341964506,0.000932938710321,0.000710657914169,0.000291986914817,0.000307484442601],"dvar2":[0.00441970536485,0.00312016066164,0.00240757153369,0.00167289027013,0.00071213330375,0.000667958927806],"max":[-0.229367002845,-0.45666000247,-0.408470541239,-0.533707618713,-0.533491849899,-0.596235871315],"mean":[-0.50657325983,-0.713911473751,-0.738843262196,-0.760642588139,-0.770763158798,-0.76258379221],"median":[-0.492750346661,-0.714858293533,-0.745732784271,-0.764940261841,-0.777107179165,-0.758424043655],"min":[-0.97720938921,-0.97583258152,-0.970205366611,-0.969776928425,-0.965877711773,-0.965573430061],"var":[0.0139133185148,0.00507041532546,0.00511739589274,0.00354706961662,0.00254404684529,0.00350287044421]},"spectral_contrast_valleys":{"dmean":[0.486347436905,0.298449993134,0.327565729618,0.30246552825,0.232415616512,0.250672787428],"dmean2":[0.806500971317,0.481523692608,0.533010840416,0.481004267931,0.35397657752,0.369440257549],"dvar":[0.170908644795,0.0931034162641,0.112297713757,0.109455786645,0.0790236145258,0.117336548865],"dvar2":[0.426626861095,0.209160506725,0.268423706293,0.247970342636,0.155027091503,0.229547128081],"max":[-5.68879318237,-4.54730987549,-5.11434936523,-5.780854702,-5.44874954224,-7.89320611954],"mean":[-9.17735958099,-6.79877567291,-8.13682365417,-8.4678735733,-8.44453620911,-11.5953645706],"median":[-9.30825328827,-6.61627435684,-8.11425590515,-8.48960590363,-8.69826507568,-11.2438011169],"min":[-28.0565299988,-28.0615539551,-27.7340431213,-27.6141014099,-27.5068874359,-27.4226379395],"var":[3.96908545494,2.64155101776,3.47842717171,3.49382734299,4.61580657959,4.92571973801]},"spectral_decrease":{"dmean":9.85334480674e-10,"dmean2":1.58658997051e-9,"dvar":2.68873838019e-18,"dvar2":7.24723953931e-18,"max":1.48050423723e-28,"mean":-3.88981380439e-9,"median":-2.68600430786e-9,"min":-2.46651570279e-8,"var":1.21807357913e-17},"spectral_energy":{"dmean":0.0039702327922,"dmean2":0.0063711120747,"dvar":0.0000437204107584,"dvar2":0.000117769457574,"max":0.100229151547,"mean":0.0162337012589,"median":0.01065383479,"min":1.02566639716e-20,"var":0.00021798335365},"spectral_energyband_high":{"dmean":0.000327941408614,"dmean2":0.00051678577438,"dvar":6.77622722378e-7,"dvar2":0.00000166111556155,"max":0.0210422538221,"mean":0.00084777950542,"median":0.0000369061963283,"min":7.3057552975e-21,"var":0.00000205245669349},"spectral_energyband_low":{"dmean":0.00158279773314,"dmean2":0.00282400776632,"dvar":0.0000218540317292,"dvar2":0.0000636848490103,"max":0.0611093863845,"mean":0.00192126142792,"median":0.000726950936951,"min":1.82950948754e-23,"var":0.0000174953074747},"spectral_energyband_middle_high":{"dmean":0.00106710172258,"dmean2":0.00165921426378,"dvar":0.00000382546113542,"dvar2":0.0000093122571343,"max":0.0395818725228,"mean":0.004403735511,"median":0.000975975999609,"min":1.11215433002e-21,"var":0.0000344216714439},"spectral_energyband_middle_low":{"dmean":0.00273918174207,"dmean2":0.00428994419053,"dvar":0.0000180320712388,"dvar2":0.0000450941770396,"max":0.0815981253982,"mean":0.00973572395742,"median":0.00815054681152,"min":1.81448736709e-22,"var":0.000064787818701},"spectral_entropy":{"dmean":0.137511685491,"dmean2":0.204663723707,"dvar":0.0269306637347,"dvar2":0.0572261102498,"max":9.82102203369,"mean":7.05604410172,"median":7.05498075485,"min":4.78575801849,"var":0.722686111927},"spectral_flux":{"dmean":0.0127159170806,"dmean2":0.0200976729393,"dvar":0.000254293408943,"dvar2":0.000530355493538,"max":0.244260013103,"mean":0.0554465614259,"median":0.0425629690289,"min":6.39856986839e-11,"var":0.00194348255172},"spectral_kurtosis":{"dmean":5.48970508575,"dmean2":9.57969665527,"dvar":75.879234314,"dvar2":228.434860229,"max":140.908157349,"mean":13.4217071533,"median":5.54953384399,"min":-1.2635204792,"var":298.775115967},"spectral_rms":{"dmean":0.000416119379224,"dmean2":0.000648944231216,"dvar":2.78724883174e-7,"dvar2":7.25886081909e-7,"max":0.0098886070773,"mean":0.00351339089684,"median":0.00322397053242,"min":3.163305555e-12,"var":0.0000034938900626},"spectral_rolloff":{"dmean":351.484436035,"dmean2":576.600952148,"dvar":386866.3125,"dvar2":853068.6875,"max":19466.015625,"mean":1602.98937988,"median":861.328125,"min":150.732421875,"var":2554768},"spectral_skewness":{"dmean":0.436346530914,"dmean2":0.73957580328,"dvar":0.326053500175,"dvar2":0.959421753883,"max":9.57855319977,"mean":2.15148234367,"median":1.75226306915,"min":-0.0831395238638,"var":1.963149786},"spectral_spread":{"dmean":337553.25,"dmean2":524596.5,"dvar":326850674688,"dvar2":635290845184,"max":42988488,"mean":3291052.75,"median":3279154.5,"min":696642.125,"var":6474964140030},"spectral_strongpeak":{"dmean":0.423273354769,"dmean2":0.719385445118,"dvar":0.599607765675,"dvar2":1.57681286335,"max":15.4445257187,"mean":0.813539087772,"median":0.492655962706,"min":0,"var":0.926510334015},"zerocrossingrate":{"dmean":0.00645201886073,"dmean2":0.00767761282623,"dvar":0.000083424274635,"dvar2":0.000112556830572,"max":0.52587890625,"mean":0.0564359016716,"median":0.0439453125,"min":0.00634765625,"var":0.00175110111013}},"metadata":{"audio_properties":{"analysis_sample_rate":44100,"bit_rate":185799,"codec":"mp3","downmix":"mix","equal_loudness":0,"length":258.977966309,"lossless":false,"md5_encoded":"28f9bb0e7b6d9da0259bc392b5d16e3e","replay_gain":-15.2621841431,"sample_rate":44100},"tags":{"acoustid_id":["1a0d7cdc-9548-4acb-ae4b-5d3f42e552c0"],"album":["Snake Bite Love"],"albumartist":["Motörhead"],"albumartistsort":["Motörhead"],"artist":["Motörhead"],"artistsort":["Motörhead"],"asin":["B000025IRG"],"barcode":["4001617188927"],"catalognumber":["SPV 085-18892 CD"],"date":["1998-03-03"],"file_name":"06 - Dead and Gone.mp3","isrc":["DEA459800770"],"label":["Steamhammer"],"media":["CD"],"musicbrainz album release country":["DE"],"musicbrainz album status":["official"],"musicbrainz album type":["album"],"musicbrainz_albumartistid":["57961a97-3796-4bf7-9f02-a985a8979ae9"],"musicbrainz_albumid":["da2b642f-e1e9-3fb1-8d31-e067204b2351"],"musicbrainz_artistid":["57961a97-3796-4bf7-9f02-a985a8979ae9"],"musicbrainz_recordingid":["952f3591-5587-461f-a95e-31b60b0ac061"],"musicbrainz_releasegroupid":["3ab6191b-9b94-397e-b076-710cb07ae04e"],"originaldate":["1998"],"script":["Latn"],"title":["Dead and Gone"],"tracknumber":["6/11"]},"version":{"essentia":"2.1-beta2","essentia_build_sha":"70f2e5ece6736b2c40cc944ad0e695b16b925413","essentia_git_sha":"v2.1_beta2","extractor":"music 1.0"}},"rhythm":{"beats_count":445,"beats_loudness":{"dmean":0.00610844604671,"dmean2":0.0105268880725,"dvar":0.0000455170265923,"dvar2":0.000131364198751,"max":0.0675334557891,"mean":0.0194510295987,"median":0.0120012322441,"min":1.41714839863e-9,"var":0.000268454430625},"beats_loudness_band_ratio":{"dmean":[0.170055061579,0.127344399691,0.145281806588,0.060088057071,0.0580197274685,0.0320851579309],"dmean2":[0.314943313599,0.213472470641,0.254549503326,0.111598037183,0.107816457748,0.0582369044423],"dvar":[0.017