{"lowlevel":{"average_loudness":0.959191083908,"barkbands":{"dmean":[0.0000996090457193,0.00292271072976,0.00236333184876,0.0012641538633,0.00190636364277,0.00113432353828,0.000698238436598,0.000625755463261,0.000778954825364,0.000660888850689,0.000472541054478,0.000443629862275,0.000468889571493,0.000645334948786,0.000743080745451,0.000713244371582,0.000869379378855,0.000271105265711,0.00024044069869,0.000175203080289,0.000147713639308,0.0000988504252746,0.0000586796195421,0.0000399979289796,0.0000245729643211,0.0000190830596694,0.00000427756140198],"dmean2":[0.000167644277099,0.0048020882532,0.00426935683936,0.00221280474216,0.003282856429,0.00185403949581,0.00118300796021,0.000980904791504,0.00123792875092,0.00105738546699,0.000760187453125,0.000726655882318,0.000746245845221,0.00106339494232,0.0012097080471,0.00114749930799,0.00142936990596,0.000447425583843,0.000392089277739,0.000286045076791,0.000238706183154,0.000158808179549,0.0000952026894083,0.0000629268179182,0.0000371104615624,0.0000286300746666,0.00000645512409392],"dvar":[4.26058477387e-8,0.0000408802625316,0.0000367351349269,0.0000042637138904,0.0000086136687969,0.00000315149895869,0.00000170162275026,0.00000120014794902,0.00000164580637829,9.32399530029e-7,6.67560641432e-7,4.6164819878e-7,9.43046643442e-7,0.00000107539426608,0.00000134485048875,9.90305352389e-7,0.00000110380892693,1.22996368646e-7,7.65225323107e-8,4.74910173409e-8,4.81166537725e-8,2.03763832474e-8,1.06002548961e-8,6.10793549072e-9,1.58883228796e-9,1.48036061187e-9,8.32537858098e-11],"dvar2":[1.13012646352e-7,0.0000901206003618,0.000106122941361,0.000011920075849,0.0000243693630182,0.00000813097358332,0.00000460382079837,0.00000268053008767,0.00000390408558815,0.00000236517121266,0.00000159495539265,0.000001116359158,0.00000222294534069,0.00000268374333245,0.00000341130294146,0.00000230446676142,0.00000288624528366,3.11134101594e-7,2.0104783971e-7,1.16503549918e-7,1.15209317642e-7,4.86714597514e-8,2.36725536951e-8,1.34116797668e-8,3.64312624512e-9,3.39216210676e-9,1.9217127889e-10],"max":[0.0030810337048,0.0729635283351,0.0628894418478,0.0254101231694,0.046738088131,0.0323864594102,0.0257209036499,0.0223943460733,0.0288434959948,0.0193600542843,0.0318198502064,0.0192268174142,0.0377577096224,0.025364510715,0.0234232395887,0.0425081215799,0.0189235061407,0.0144790001214,0.00617013592273,0.00462073972449,0.00396222202107,0.00295393168926,0.00206702644937,0.00218837661669,0.000919379410334,0.000832635327242,0.000214765925193],"mean":[0.000107885440229,0.0041999113746,0.002640071325,0.00171112897806,0.00319052278064,0.00193345861044,0.000989584834315,0.00114204920828,0.00144253531471,0.00125411548652,0.000851280463394,0.000806778494734,0.000903155887499,0.00117699732073,0.00139793066774,0.00148855068255,0.00200445880182,0.000644733605441,0.000653069640975,0.000477688503452,0.000373804970877,0.000273206969723,0.000136473230668,0.0000989356049104,0.0000637526318314,0.000042230476538,0.00000756971894589],"median":[0.0000319470564136,0.00213040737435,0.00149449426681,0.00115757063031,0.00225801439956,0.00108764204197,0.000536046747584,0.000505693606101,0.000768469879404,0.000678228389006,0.000473284395412,0.000477174762636,0.000437311362475,0.000715602654964,0.000766543089412,0.00109018175863,0.00158756889869,0.000536184990779,0.000543726491742,0.000379237899324,0.000276110018604,0.000208714991459,0.0000987683451967,0.0000764127471484,0.0000441999654868,0.0000172059153556,0.00000193122241399],"min":[1.40455821358e-25,1.93288059782e-24,1.75636271509e-24,4.77505936881e-25,8.9505073385e-24,6.83081599807e-24,6.66444365544e-24,8.32439474892e-24,2.44026374416e-23,1.36355916977e-23,2.27545097954e-23,2.20655928337e-23,2.6828266396e-23,4.48437952775e-23,4.93735387249e-23,3.98189879695e-23,7.53059052572e-23,7.60702988526e-23,1.43775769102e-22,1.38200251685e-22,2.3778761746e-22,2.80345792394e-22,3.94716865917e-22,4.9330186085e-22,8.41188560797e-22,1.33008390774e-21,1.99916286045e-21],"var":[4.61784601669e-8,0.0000500468158862,0.0000231158792303,0.00000392064794141,0.0000113540527309,0.00000623223422735,0.00000220946208174,0.00000351255766873,0.00000512462929692,0.00000257694750871,0.00000159521209753,0.00000113926762424,0.00000234768003793,0.00000220894162339,0.00000319207492794,0.000002342497055,0.00000304340892399,3.11356387783e-7,2.85651196918e-7,1.59397146149e-7,1.31257522185e-7,6.2364691189e-8,2.37446933227e-8,1.35918201138e-8,3.9488408099e-9,3.72231423462e-9,1.68445923876e-10]},"barkbands_crest":{"dmean":2.09812021255,"dmean2":3.38672232628,"dvar":4.739112854,"dvar2":10.8239994049,"max":26.7887058258,"mean":6.87390041351,"median":5.85762929916,"min":2.31084561348,"var":11.1877679825},"barkbands_flatness_db":{"dmean":0.0137985153124,"dmean2":0.0215594675392,"dvar":0.00021142535843,"dvar2":0.000477654277347,"max":0.447037309408,"mean":0.0850594043732,"median":0.0774064809084,"min":0.0162495132536,"var":0.00144792592619},"barkbands_kurtosis":{"dmean":1.0134922266,"dmean2":1.66454017162,"dvar":18.9553985596,"dvar2":44.711730957,"max":317.650146484,"mean":0.0811896696687,"median":-0.788127303123,"min":-1.87070786953,"var":21.9152431488},"barkbands_skewness":{"dmean":0.390237867832,"dmean2":0.619286715984,"dvar":0.183900758624,"dvar2":0.436670958996,"max":9.11353492737,"mean":0.569770812988,"median":0.441013097763,"min":-4.67157268524,"var":0.634676575661},"barkbands_spread":{"dmean":4.63279104233,"dmean2":7.38855695724,"dvar":19.9925289154,"dvar2":47.3832626343,"max":80.2233352661,"mean":31.7209949493,"median":32.1639938354,"min":0.17862932384,"var":79.448097229},"dissonance":{"dmean":0.0103544211015,"dmean2":0.0176328923553,"dvar":0.000113260102808,"dvar2":0.000302701897454,"max":0.5,"mean":0.482354849577,"median":0.485355257988,"min":0.243307366967,"var":0.000213047023863},"dynamic_complexity":1.50069344044,"erbbands":{"dmean":[0.0895806625485,0.726447999477,2.51196169853,3.47411036491,5.26222753525,7.30922698975,7.01430797577,10.5286741257,11.0820484161,8.16348552704,14.8479003906,17.7189617157,20.0878753662,18.6549091339,18.3936729431,18.6408462524,20.3010673523,27.6280193329,39.0714492798,29.9678688049,43.8320007324,42.3626594543,16.7877502441,12.7154531479,10.5908746719,8.09568500519,7.06754779816,4.71738386154,3.55744767189,2.93958997726,1.49459683895,1.10817801952,0.545472383499,0.316199451685,0.160680651665,0.0859412625432,0.0373884290457,0.00779094779864,0.000762942596339,0.0000284012639895],"dmean2":[0.139206022024,1.22876167297,4.54169368744,6.17160367966,9.16705322266,12.6310281754,11.5300722122,17.3863162994,18.5123939514,13.388876915,23.3634223938,28.1571559906,31.9263191223,30.1210536957,29.709777832,30.4280872345,32.3411560059,45.4613418579,63.6298522949,48.6341323853,71.3908538818,69.5512008667,27.5026302338,20.7647666931,17.4176311493,13.0963611603,11.1511554718,7.67666101456,5.69547510147,4.69216394424,2.44444942474,1.7879011631,0.844366967678,0.48961737752,0.241700023413,0.129571482539,0.0578118897974,0.0115827433765,0.00115999742411,0.0000436103800894],"dvar":[0.0402568392456,2.58259797096,43.1904678345,46.6108207703,99.9128646851,102.342803955,121.789253235,308.123809814,375.853881836,221.406860352,749.773925781,1009.02307129,979.071105957,818.616210938,1114.72900391,741.234680176,1550.87756348,2338.80981445,4079.10009766,2193.86010742,3167.24780273,2752.01000977,344.007354736,440.91317749,156.35899353,101.332382202,124.646530151,41.6202888489,26.2224979401,19.8758659363,8.19576072693,4.44986104965,1.21539747715,0.300442427397,0.0685841217637,0.0250505171716,0.00634338054806,0.000250980170676,0.00000275961428997,3.01601366104e-9],"dvar2":[0.084461376071,6.50500154495,125.070510864,133.658172607,285.550842285,284.657318115,303.095458984,814.140014648,1009.51092529,561.602539063,1662.08605957,2385.34667969,2383.80322266,2035.30993652,2670.50488281,1799.703125,3529.07397461,5863.44287109,10305.0859375,5317.84863281,8082.94482422,7127.24072266,876.789428711,1100.90393066,394.842712402,245.627151489,275.467651367,99.3783569336,61.7448005676,47.152557373,18.7411937714,10.4917840958,2.53470754623,0.683001577854,0.155014306307,0.0567598938942,0.0150559768081,0.000580143067054,0.00000640362804916,6.89364343387e-9],"max":[2.37109327316,18.0052394867,66.1944656372,77.6405334473,228.829360962,160.83241272,228.927444458,392.246032715,377.920501709,329.569641113,605.141174316,799.121826172,720.946289063,541.908935547,1028.80737305,1004.4541626,1228.49975586,1545.90759277,1421.06750488,1044.33874512,1456.81640625,996.68560791,383.316650391,1223.24902344,365.137298584,252.724746704,255.035110474,123.989173889,104.679573059,94.2857437134,55.2856483459,42.1120185852,37.7692985535,12.8923521042,4.64537572861,3.21978354454,1.55663609505,0.415157914162,0.0347701646388,0.00160547334235],"mean":[0.115963168442,0.969705224037,2.82912945747,4.96267652512,7.62519073486,11.4022722244,12.1195001602,17.0798377991,16.972738266,13.4923858643,28.3685264587,33.1817817688,41.1150550842,35.7614517212,36.3779335022,36.7525596619,41.9599227905,54.9559707642,76.8321456909,65.7113647461,100.687149048,102.075416565,45.3199882507,33.1352500916,29.9860153198,22.976650238,18.4049167633,12.2196025848,9.76400852203,7.42160367966,3.41631960869,2.51932406425,1.37300598621,0.787707209587,0.402219325304,0.197879880667,0.0762961134315,0.0154872015119,0.00132681394462,0.0000746365403756],"median":[0.0463536642492,0.521743297577,1.5237313509,3.51551771164,5.23003768921,7.32998657227,7.28895902634,8.84609031677,9.71250152588,7.64004802704,12.9409742355,18.9099845886,21.5783996582,22.873840332,21.338760376,22.8853054047,22.7062759399,34.737651825,46.659538269,43.0974655151,78.5099029541,83.4776611328,39.6138877869,27.5621700287,24.7006015778,18.4560832977,12.5638751984,9.73808670044,7.46230077744,5.38357210159,2.51120281219,1.83934783936,1.07914865017,0.589061677456,0.24164262414,0.0962979644537,0.0263308249414,0.00545447971672,0.000313439668389,0.0000500923633808],"min":[4.83116025733e-23,5.04884358422e-22,2.05394863185e-21,7.3023270216e-21,1.03873609318e-20,2.2321835568e-20,3.3274490438e-20,6.34220959889e-20,9.81236668539e-20,2.63841819179e-19,2.9207757769e-19,5.85451916087e-19,3.23046056601e-19,5.91585873919e-19,9.8206263423e-19,1.76958934559e-18,1.67524526083e-18,2.71610668473e-18,2.48913949159e-18,2.72533988152e-18,3.02730567965e-18,5.72521108219e-18,5.12483139948e-18,4.82222102085e-18,6.88100904541e-18,7.20562573705e-18,8.14803509047e-18,9.95066595884e-18,9.00492472191e-18,1.22285220153e-17,1.1586799432e-17,1.07833704835e-17,8.06883750991e-18,8.10802932733e-18,5.93498160399e-18,3.90590880217e-18,2.38802451992e-18,9.63330922464e-19,2.48224726763e-19,2.755948343e-20],"var":[0.0507884062827,2.59178686142,27.4825496674,35.0505409241,87.0250701904,165.832336426,246.01512146,572.430725098,587.222167969,350.097015381,2219.57788086,2536.16088867,3355.33105469,1858.22814941,2834.27514648,2016.61108398,4096.80078125,4712.73046875,8917.39355469,5663.16015625,8061.38183594,7207.33398438,1059.13659668,996.159729004,611.387023926,375.851989746,397.047241211,106.444671631,80.2125778198,57.2943878174,16.1998806,8.9584569931,2.75222039223,0.666672646999,0.186800345778,0.0680919066072,0.0141027215868,0.000553510675672,0.00000538150970897,5.71609248823e-9]},"erbbands_crest":{"dmean":2.18373847008,"dmean2":3.6013302803,"dvar":4.03344297409,"dvar2":10.3574371338,"max":31.498128891,"mean":7.83529996872,"median":7.15544223785,"min":2.25058960915,"var":10.2982997894},"erbbands_flatness_db":{"dmean":0.0130408387631,"dmean2":0.0196104235947,"dvar":0.000156836234964,"dvar2":0.000312775373459,"max":0.49782499671,"mean":0.145760327578,"median":0.142685234547,"min":0.0496461950243,"var":0.00175467680674},"erbbands_kurtosis":{"dmean":0.697491943836,"dmean2":1.13386893272,"dvar":2.47967553139,"dvar2":5.31585121155,"max":89.7939300537,"mean":0.336134314537,"median":0.0409765541553,"min":-1.68727040291,"var":4.31674623489},"erbbands_skewness":{"dmean":0.267513096333,"dmean2":0.427055686712,"dvar":0.0637240856886,"dvar2":0.147495776415,"max":6.32153463364,"mean":-0.31656062603,"median":-0.354134142399,"min":-3.25908946991,"var":0.271337151527},"erbbands_spread":{"dmean":5.7924747467,"dmean2":9.26442623138,"dvar":31.881269455,"dvar2":78.132194519,"max":126.745765686,"mean":32.4029541016,"median":30.4617118835,"min":0.635584592819,"var":140.879135132},"gfcc":{"cov":[[12845.3027344,714.27532959,-644.683288574,538.009338379,-336.5284729,242.892105103,-380.064758301,206.038253784,-297.969055176,26.2156963348,-275.437927246,82.6707077026,-175.57963562],[714.27532959,572.876159668,-97.3468551636,166.273422241,14.5675315857,11.6301050186,0.475253224373,-9.34519767761,10.907913208,-40.6606674194,31.9740867615,-17.8828983307,17.5613155365],[-644.683288574,-97.3468551636,861.258666992,25.7770786285,149.533966064,-15.1476669312,-46.9829673767,16.5815258026,-69.1709213257,0.472469896078,-46.8861160278,45.5194702148,-52.5424842834],[538.009338379,166.273422241,25.7770786285,282.141998291,23.6459522247,63.8304595947,-28.2753276825,14.1560583115,5.56464481354,-27.0070514679,5.25203609467,-0.04811893031,13.0405654907],[-336.5284729,14.5675315857,149.533966064,23.6459522247,211.715362549,20.7930011749,43.8314399719,40.6656303406,-18.1379985809,-6.25795269012,-0.437262564898,4.14200592041,-10.2918071747],[242.892105103,11.6301050186,-15.1476669312,63.8304595947,20.7930011749,154.558837891,37.3676376343,19.8815364838,7.94233560562,-3.04221653938,7.2031378746,-10.3763818741,-4.16785764694],[-380.064758301,0.475253224373,-46.9829673767,-28.2753276825,43.8314399719,37.3676376343,132.279403687,33.2250595093,13.7701358795,2.17230725288,14.1298284531,-5.78055524826,-1.45347881317],[206.038253784,-9.34519767761,16.5815258026,14.1560583115,40.6656303406,19.8815364838,33.2250595093,108.561256409,13.2973499298,8.29780864716,-7.78199481964,-3.60758638382,-9.00704860687],[-297.969055176,10.907913208,-69.1709213257,5.56464481354,-18.1379985809,7.94233560562,13.7701358795,13.2973499298,114.329307556,28.5035152435,14.3426980972,-15.155005455,21.8881549835],[26.2156963348,-40.6606674194,0.472469896078,-27.0070514679,-6.25795269012,-3.04221653938,2.17230725288,8.29780864716,28.5035152435,68.4273910522,18.1911277771,5.05318593979,-1.15738415718],[-275.437927246,31.9740867615,-46.8861160278,5.25203609467,-0.437262564898,7.2031378746,14.1298284531,-7.78199481964,14.3426980972,18.1911277771,78.4491577148,12.976020813,12.5901079178],[82.6707077026,-17.8828983307,45.5194702148,-0.04811893031,4.14200592041,-10.3763818741,-5.78055524826,-3.60758638382,-15.155005455,5.05318593979,12.976020813,56.0957756042,14.5218935013],[-175.57963562,17.5613155365,-52.5424842834,13.0405654907,-10.2918071747,-4.16785764694,-1.45347881317,-9.00704860687,21.8881549835,-1.15738415718,12.5901079178,14.5218935013,62.7947235107]],"icov":[[0.000239974819124,-0.000382009078749,0.000366976746591,-0.000221090114792,0.00029430584982,-0.000519756809808,0.000764218100812,-0.000671292014886,0.000740736431908,-0.000882050953805,0.00119382224511,-0.00105860037729,0.000796940701548],[-0.000382009078749,0.00297892466187,-0.000358978577424,-0.00110454077367,-0.000687180669047,0.00146322429646,-0.00149071973283,0.00135519402102,-0.00129481998738,0.00249113654718,-0.0029767639935,0.00251267896965,-0.00131484854501],[0.000366976746591,-0.000358978577424,0.00224058935419,-0.000586376641877,-0.000807436590549,-0.000696836330462,0.00190154323354,-0.000881303451024,0.00132899812888,-0.0016514561139,0.00269786897115,-0.00318388268352,0.00256376736797],[-0.000221090114792,-0.00110454077367,-0.000586376641877,0.00571178551763,-0.000660013582092,-0.00205367035232,0.00151708396152,-0.000410837674281,-0.00125878863037,0.00235250662081,-0.00131533865351,0.000421206495957,-0.0016059470363],[0.00029430584982,-0.000687180669047,-0.000807436590549,-0.000660013582092,0.00689062988386,-0.000677862379234,-0.00132586457767,-0.00255360011943,0.00187895027921,-0.000769561098423,0.000829778669868,-0.00067353976192,0.000484197633341],[-0.000519756809808,0.00146322429646,-0.000696836330462,-0.00205367035232,-0.000677862379234,0.00941863004118,-0.00428872648627,0.00117989664432,-0.00156286952551,0.00184170622379,-0.00325751886703,0.00365944392979,-0.00104951648973],[0.000764218100812,-0.00149071973283,0.00190154323354,0.00151708396152,-0.00132586457767,-0.00428872648627,0.0130901448429,-0.00456327432767,0.00137361080851,-0.00160260824487,0.00214425404556,-0.00350090954453,0.00284761795774],[-0.000671292014886,0.00135519402102,-0.000881303451024,-0.000410837674281,-0.00255360011943,0.00117989664432,-0.00456327432767,0.0132378702983,-0.00353499990888,0.000893899356015,-0.00126023951452,0.00230610789731,-0.000487107841764],[0.000740736431908,-0.00129481998738,0.00132899812888,-0.00125878863037,0.00187895027921,-0.00156286952551,0.00137361080851,-0.00353499990888,0.0147185912356,-0.0081472704187,0.00292527326383,0.00163769233041,-0.0027101400774],[-0.000882050953805,0.00249113654718,-0.0016514561139,0.00235250662081,-0.000769561098423,0.00184170622379,-0.00160260824487,0.000893899356015,-0.0081472704187,0.0230246018618,-0.00913443416357,0.00162220792845,-0.000225601921557],[0.00119382224511,-0.0029767639935,0.00269786897115,-0.00131533865351,0.000829778669868,-0.00325751886703,0.00214425404556,-0.00126023951452,0.00292527326383,-0.00913443416357,0.0223509091884,-0.00977740902454,0.00308156665415],[-0.00105860037729,0.00251267896965,-0.00318388268352,0.000421206495957,-0.00067353976192,0.00365944392979,-0.00350090954453,0.00230610789731,0.00163769233041,0.00162220792845,-0.00977740902454,0.0287598054856,-0.011263532564],[0.000796940701548,-0.00131484854501,0.00256376736797,-0.0016059470363,0.000484197633341,-0.00104951648973,0.00284761795774,-0.000487107841764,-0.0027101400774,-0.000225601921557,0.00308156665415,-0.011263532564,0.0239328425378]],"mean":[44.4824104309,74.2721405029,-133.479934692,35.3983001709,-46.836265564,11.6189289093,-37.9947891235,8.60038471222,-21.3428211212,0.995930254459,-22.3731269836,2.93189096451,-9.38124275208]},"hfc":{"dmean":5.99961566925,"dmean2":9.43889427185,"dvar":39.1802482605,"dvar2":94.5917053223,"max":97.6957092285,"mean":33.5780220032,"median":34.2273406982,"min":1.05959771825e-16,"var":210.653335571},"melbands":{"dmean":[0.000775489257649,0.00116887618788,0.000629151472822,0.000461566203739,0.0002445615537,0.000228719363804,0.000161526535521,0.000093789472885,0.000123271107441,0.000115162314614,0.000101839403214,0.0000786479213275,0.0000640215002932,0.0000522181180713,0.0000466250967293,0.000044687618356,0.0000585358284297,0.0000663757818984,0.0000470889499411,0.0000437299968326,0.0000609478884144,0.0000530116121809,0.0000296552098007,0.0000111493473014,0.0000117621802929,0.00000996882954496,0.00000665054403726,0.00000592105561736,0.00000546054661754,0.00000371634632756,0.0000028398133054,0.00000227608256864,0.00000213194948628,0.00000155959423864,9.56814574238e-7,7.86309556133e-7,7.32330192932e-7,4.41835254605e-7,3.37594286748e-7,2.70988493867e-7],"dmean2":[0.00124120013788,0.00207691569813,0.00111392850522,0.00080081372289,0.000405116879847,0.000376323383534,0.000269764859695,0.000150976731675,0.000194549895241,0.000182569114259,0.000161917923833,0.00012700856314,0.000103379956272,0.000084835330199,0.0000756863373681,0.0000707676881575,0.0000971291592577,0.000108640560939,0.0000761749324738,0.000070348585723,0.000100520766864,0.0000871740703587,0.0000486545977765,0.0000185164917639,0.0000192863990378,0.0000163754230016,0.000011069935681,0.00000956769144977,0.0000086909667516,0.00000602193631494,0.00000469128235636,0.00000370810221284,0.00000344095224136,0.00000251019446296,0.00000157126612521,0.00000130808132326,0.00000118679179195,6.9334868158e-7,5.2895495628e-7,4.24040081271e-7],"dvar":[0.0000029063396596,0.00000863172954269,0.00000131050569507,5.466025641e-7,1.2397124749e-7,1.37508735065e-7,8.04892934525e-8,2.71900830739e-8,4.94500049797e-8,4.12542462414e-8,2.5018906058e-8,1.51168197959e-8,1.3701940027e-8,6.99236757384e-9,6.194818436e-9,9.0348839521e-9,1.02799599944e-8,1.16565859187e-8,5.95169380446e-9,4.73097916398e-9,5.92877835714e-9,4.74513006665e-9,1.38932376714e-9,1.82695580886e-10,3.86218695914e-10,1.6613606324e-10,6.34259519905e-11,6.31060759204e-11,8.54939730122e-11,2.69322168733e-11,1.56757662406e-11,1.0124108149e-11,1.02161785975e-11,5.72238740768e-12,3.12314952546e-12,2.60107495438e-12,1.92239345102e-12,8.53012105395e-13,4.25491076834e-13,1.96577224442e-13],"dvar2":[0.00000597254529566,0.0000246859981416,0.00000372481076738,0.0000015410986407,3.11316881607e-7,3.60752636652e-7,2.16934409991e-7,6.53094431868e-8,1.10352566196e-7,9.73263709625e-8,6.07663608321e-8,3.80800067035e-8,3.2918908488e-8,1.66324216622e-8,1.34980702171e-8,2.13157989037e-8,2.62375614568e-8,2.92389241707e-8,1.49352228362e-8,1.00877075582e-8,1.53143560055e-8,1.23278338648e-8,3.41067840637e-9,4.78428852091e-10,9.60470813993e-10,4.15151052424e-10,1.68418751167e-10,1.50161952317e-10,1.99372102161e-10,6.32564556291e-11,3.89800414169e-11,2.45495915263e-11,2.45994075804e-11,1.35246423436e-11,7.28738337036e-12,6.27033841516e-12,4.68028307082e-12,1.85927727207e-12,9.75755934385e-13,4.55261696397e-13],"max":[0.0185961350799,0.0295592807233,0.013234953396,0.0121627068147,0.00700076716021,0.00766764068976,0.00575540820137,0.00365815986879,0.00443115038797,0.0048068552278,0.00362594937906,0.00216398597695,0.00484499149024,0.00199720845558,0.00374212232418,0.00409720465541,0.00268561323173,0.00233277562074,0.00133671530057,0.0037542518694,0.00147660751827,0.00147809018381,0.000847345334478,0.000473858584883,0.00110174156725,0.000379787146812,0.0001775213168,0.000241040062974,0.00023391515424,0.000146107733599,0.0000765183140174,0.0000712154505891,0.0000692492976668,0.0000454829023511,0.0000350623231498,0.0000421461663791,0.0000319969112752,0.0000311302865157,0.0000204133793886,0.00000925464337342],"mean":[0.00110984686762,0.00143999163993,0.000910862057935,0.000726945814677,0.000439982279204,0.000379470089683,0.000246513198363,0.000158914088388,0.000233258877415,0.000212038648897,0.000203186020372,0.000142158518429,0.000119609168905,0.000097691139672,0.0000909550872166,0.0000879781800904,0.000104882754385,0.000123887119116,0.0000928998924792,0.0000878890132299,0.000128267347463,0.000115380549687,0.0000654369650874,0.000026563722713,0.0000265243743343,0.0000244347247644,0.0000172739310074,0.0000146985339597,0.0000125427341118,0.00000860463478602,0.00000646236048851,0.00000554429834665,0.00000516462614542,0.00000359493333235,0.00000195147413251,0.0000015891005205,0.00000153541452619,9.99551616587e-7,7.59128056416e-7,6.23994367288e-7],"median":[0.000535066297743,0.000840266409796,0.000659217708744,0.000486363074742,0.000286959635559,0.000202887764317,0.000140817821375,0.0000857506383909,0.000107216452307,0.000116207709652,0.000102554200566,0.0000852572993608,0.0000679236254655,0.0000586044261581,0.0000533279235242,0.0000422708799306,0.0000624237582088,0.0000738771923352,0.0000500487549289,0.0000615114258835,0.0000956109215622,0.0000904691478354,0.0000508608245582,0.0000219415560423,0.0000210050820897,0.0000191655035451,0.0000138280602187,0.0000109641932795,0.00000771880877437,0.00000639671270619,0.0000050107446441,0.00000410721622757,0.00000359244086212,0.00000253632560998,0.00000136573748932,0.00000109571817575,0.00000107439495878,7.37221739655e-7,5.77131800128e-7,4.42120381194e-7],"min":[6.91451226657e-25,6.34631202679e-25,1.48623859734e-24,1.53276857176e-24,1.30912561766e-24,1.44541672182e-24,1.54182055343e-24,3.39574406325e-24,2.07611959441e-24,3.42306349969e-24,1.30578114324e-24,1.5707568589e-24,3.13324330007e-24,2.74504149596e-24,3.10441280057e-24,3.59932618592e-24,4.37037579519e-24,2.926192556e-24,2.85372187679e-24,2.65076630689e-24,3.27382166604e-24,4.82583449958e-24,4.23731349871e-24,3.5762902642e-24,3.14878031003e-24,4.22370012607e-24,4.18226836247e-24,3.51609623282e-24,4.81709628734e-24,4.90119004312e-24,5.48312247771e-24,4.95783222827e-24,5.02063857253e-24,4.58539837314e-24,5.88402829507e-24,5.39745652214e-24,6.10486477789e-24,4.96329232903e-24,7.20340210335e-24,4.68847961649e-24],"var":[0.00000377884475711,0.00000607797574048,0.00000101814805475,6.78581159264e-7,2.65232671381e-7,2.61429164539e-7,1.20714759078e-7,5.31200861076e-8,1.42733853181e-7,1.15518020039e-7,8.56302762031e-8,3.32874314779e-8,3.25305151705e-8,1.67816960328e-8,1.55758712594e-8,2.51220573233e-8,1.93152107641e-8,2.5298039219e-8,1.54258614771e-8,1.11743947429e-8,1.48487426799e-8,1.13359854836e-8,3.67026764536e-9,5.04644825927e-10,7.7337491966e-10,5.36996280776e-10,1.99217753405e-10,2.11667891548e-10,2.48179504725e-10,7.16329356942e-11,3.43023075222e-11,2.73214385144e-11,2.94466638573e-11,1.5248356397e-11,5.7822895777e-12,4.58403670925e-12,3.58439861993e-12,1.74850064982e-12,8.18292590805e-13,4.30434171379e-13]},"melbands_crest":{"dmean":2.9475414753,"dmean2":4.80021190643,"dvar":8.77947711945,"dvar2":19.3717060089,"max":32.9182472229,"mean":10.3901138306,"median":9.24288845062,"min":1.45180666447,"var":21.8300762177},"melbands_flatness_db":{"dmean":0.0191453099251,"dmean2":0.0299509800971,"dvar":0.00044631928904,"dvar2":0.000995878363028,"max":0.451415389776,"mean":0.133923858404,"median":0.125129982829,"min":0.00328179565258,"var":0.00175498716999},"melbands_kurtosis":{"dmean":2.83926320076,"dmean2":4.67041254044,"dvar":30.487745285,"dvar2":78.3618621826,"max":131.870910645,"mean":3.64906144142,"median":1.43902158737,"min":-1.63385009766,"var":48.2883911133},"melbands_skewness":{"dmean":0.523176074028,"dmean2":0.840302586555,"dvar":0.363254725933,"dvar2":0.888640761375,"max":9.92245578766,"mean":1.60808956623,"median":1.40804362297,"min":-3.77987957001,"var":1.07719826698},"melbands_spread":{"dmean":8.49270820618,"dmean2":13.4376440048,"dvar":67.2730407715,"dvar2":154.85105896,"max":161.278152466,"mean":41.9026031494,"median":42.3127784729,"min":0.543143689632,"var":303.454467773},"mfcc":{"cov":[[4436.10400391,475.332366943,170.074493408,270.748016357,140.924240112,102.50806427,59.3180809021,136.18371582,26.5376434326,27.4211864471,-0.535057246685,-5.0497674942,-23.6205825806],[475.332366943,467.477874756,28.9951000214,103.979118347,52.7696609497,-0.796638429165,29.5892333984,16.3213291168,-9.55090045929,-14.9055604935,16.2043132782,-15.6383676529,-4.74243354797],[170.074493408,28.9951000214,465.875976563,89.077255249,104.929969788,23.1049518585,-17.1326751709,5.36821651459,-24.4659328461,-27.9043731689,-13.294295311,-22.2351226807,1.46866774559],[270.748016357,103.979118347,89.077255249,206.946350098,85.6547241211,2.98249912262,15.0270118713,27.1149959564,-1.31676840782,-10.2016611099,-19.8105583191,1.54670953751,3.33130908012],[140.924240112,52.7696609497,104.929969788,85.6547241211,177.237747192,23.1788768768,26.167634964,25.1805152893,5.55020427704,7.05607700348,-8.25910377502,-7.19121837616,-0.583583176136],[102.50806427,-0.796638429165,23.1049518585,2.98249912262,23.1788768768,112.88949585,24.2331809998,15.9908304214,3.51860141754,1.31476652622,9.175822258,-0.899893045425,-7.70228290558],[59.3180809021,29.5892333984,-17.1326751709,15.0270118713,26.167634964,24.2331809998,137.030349731,54.4021492004,-5.39924764633,11.0747613907,4.9505906105,2.48109126091,-7.37962913513],[136.18371582,16.3213291168,5.36821651459,27.1149959564,25.1805152893,15.9908304214,54.4021492004,92.0885772705,23.9505882263,15.9985141754,1.68227052689,-0.0812183395028,-3.26787471771],[26.5376434326,-9.55090045929,-24.4659328461,-1.31676840782,5.55020427704,3.51860141754,-5.39924764633,23.9505882263,89.8530807495,30.5197582245,11.5192241669,2.99186134338,0.353350311518],[27.4211864471,-14.9055604935,-27.9043731689,-10.2016611099,7.05607700348,1.31476652622,11.0747613907,15.9985141754,30.5197582245,75.1775436401,26.5204124451,8.0243806839,-4.45063352585],[-0.535057246685,16.2043132782,-13.294295311,-19.8105583191,-8.25910377502,9.175822258,4.9505906105,1.68227052689,11.5192241669,26.5204124451,68.0682373047,19.1209144592,3.77828860283],[-5.0497674942,-15.6383676529,-22.2351226807,1.54670953751,-7.19121837616,-0.899893045425,2.48109126091,-0.0812183395028,2.99186134338,8.0243806839,19.1209144592,55.3123779297,18.2453918457],[-23.6205825806,-4.74243354797,1.46866774559,3.33130908012,-0.583583176136,-7.70228290558,-7.37962913513,-3.26787471771,0.353350311518,-4.45063352585,3.77828860283,18.2453918457,50.8851661682]],"icov":[[0.000280261330772,-0.000252726313192,-0.0000503653645865,-0.000196241016965,0.0000431912631029,-0.000233906233916,0.000132283166749,-0.000332223338773,0.0000263373931375,-0.000182732532267,0.000124612794025,-0.000116227754916,0.00010003807256],[-0.000252726313192,0.00286682439037,0.000259210413788,-0.00124148710165,-0.0003203926899,0.000511388177983,-0.000550862518139,0.000352168950485,0.000135205074912,0.00108182535041,-0.0019151000306,0.00142791005783,-0.0000359852710972],[-0.0000503653645865,0.000259210413788,0.00278113409877,-0.000709395681042,-0.0014173721429,-0.000328213034663,0.000783022609539,-0.000291863252642,0.000765536620747,0.00088138069259,-0.000680893659592,0.00114375853445,-0.000291946140351],[-0.000196241016965,-0.00124148710165,-0.000709395681042,0.00750428810716,-0.00259687099606,0.000560019805562,0.000273731944617,-0.0013225217117,-0.0000380733363272,0.000449378188932,0.00237839785405,-0.00207149074413,-0.0000621346553089],[0.0000431912631029,-0.0003203926899,-0.0014173721429,-0.00259687099606,0.00829125288874,-0.00119119230658,-0.0010969232535,-0.000174600470928,-0.000503466580994,-0.00172837113496,0.000896382553037,0.000658302509692,-0.000504676718265],[-0.000233906233916,0.000511388177983,-0.000328213034663,0.000560019805562,-0.00119119230658,0.0100022340193,-0.00144402915612,-0.00047862919746,-0.000447134952992,0.00133477454074,-0.00194779213052,0.0000879837971297,0.00140499975532],[0.000132283166749,-0.000550862518139,0.000783022609539,0.000273731944617,-0.0010969232535,-0.00144402915612,0.0107991574332,-0.0066415509209,0.00301002454944,-0.000881415500771,-0.000189427737496,-0.000825897557661,0.00109021808021],[-0.000332223338773,0.000352168950485,-0.000291863252642,-0.0013225217117,-0.000174600470928,-0.00047862919746,-0.0066415509209,0.0171291828156,-0.00459968298674,-0.00118619308341,0.000672542839311,0.00056496419711,-0.000288304931019],[0.0000263373931375,0.000135205074912,0.000765536620747,-0.0000380733363272,-0.000503466580994,-0.000447134952992,0.00301002454944,-0.00459968298674,0.0145212486386,-0.0048582223244,-0.000665351864882,0.000473348394735,-0.000573174271267],[-0.000182732532267,0.00108182535041,0.00088138069259,0.000449378188932,-0.00172837113496,0.00133477454074,-0.000881415500771,-0.00118619308341,-0.0048582223244,0.0190691221505,-0.00686870934442,-0.000423037243308,0.00230265245773],[0.000124612794025,-0.0019151000306,-0.000680893659592,0.00237839785405,0.000896382553037,-0.00194779213052,-0.000189427737496,0.000672542839311,-0.000665351864882,-0.00686870934442,0.0208051986992,-0.00686843972653,-0.000203735311516],[-0.000116227754916,0.00142791005783,0.00114375853445,-0.00207149074413,0.000658302509692,0.0000879837971297,-0.000825897557661,0.00056496419711,0.000473348394735,-0.000423037243308,-0.00686843972653,0.0241920407861,-0.00808549486101],[0.00010003807256,-0.0000359852710972,-0.000291946140351,-0.0000621346553089,-0.000504676718265,0.00140499975532,0.00109021808021,-0.000288304931019,-0.000573174271267,0.00230265245773,-0.000203735311516,-0.00808549486101,0.0231737885624]],"mean":[-588.367980957,104.390716553,-22.405921936,25.2216129303,7.80560445786,7.03653430939,-4.53877592087,5.02444458008,5.04633712769,-0.77850073576,-4.28716659546,-1.26400542259,-1.4798014164]},"pitch_salience":{"dmean":0.0613369531929,"dmean2":0.0995216295123,"dvar":0.00317445467226,"dvar2":0.00749867828563,"max":0.897838771343,"mean":0.611368775368,"median":0.621485769749,"min":0.065467454493,"var":0.00869753304869},"silence_rate_20dB":{"dmean":0,"dmean2":0,"dvar":0,"dvar2":0,"max":1,"mean":1,"median":1,"min":1,"var":0},"silence_rate_30dB":{"dmean":0,"dmean2":0,"dvar":0,"dvar2":0,"max":1,"mean":1,"median":1,"min":1,"var":0},"silence_rate_60dB":{"dmean":0.00531208515167,"dmean2":0.0106252552941,"dvar":0.0052824052982,"dvar2":0.0111268451437,"max":1,"mean":0.026046987623,"median":0,"min":0,"var":0.0253616739064},"spectral_centroid":{"dmean":207.297698975,"dmean2":329.261962891,"dvar":49547.2929688,"dvar2":106433.585938,"max":11851.7626953,"mean":1961.22265625,"median":1948.77416992,"min":272.618286133,"var":781826.8125},"spectral_complexity":{"dmean":3.86147713661,"dmean2":6.1270942688,"dvar":10.8568296432,"dvar2":24.9653091431,"max":57,"mean":33.212562561,"median":35,"min":0,"var":99.0360488892},"spectral_contrast_coeffs":{"dmean":[0.0521209388971,0.0470262244344,0.0374761298299,0.0310285799205,0.0209785234183,0.0167523771524],"dmean2":[0.0879394114017,0.0781634673476,0.0618070140481,0.0514671579003,0.0347637757659,0.0261864960194],"dvar":[0.00189674436115,0.00140061823186,0.000885077985004,0.000596674392,0.000274989375612,0.00022576948686],"dvar2":[0.00526691647246,0.00376501656137,0.00234776781872,0.00158623838797,0.000732052430976,0.000501522270497],"max":[-0.327351033688,-0.307674556971,-0.361911028624,-0.435585051775,-0.524095416069,-0.516742110252],"mean":[-0.657747089863,-0.74661308527,-0.773708045483,-0.766392588615,-0.771984755993,-0.732143521309],"median":[-0.659817039967,-0.750639021397,-0.778775691986,-0.769098758698,-0.772093176842,-0.729876220226],"min":[-0.97787541151,-0.975791573524,-0.975921988487,-0.97117626667,-0.968346655369,-0.965416908264],"var":[0.00533515168354,0.00454834522679,0.00370395602658,0.00269109336659,0.00137983215973,0.00161412940361]},"spectral_contrast_valleys":{"dmean":[0.376473128796,0.352537810802,0.290781408548,0.238397628069,0.176494896412,0.194939911366],"dmean2":[0.617662608624,0.584977626801,0.471182137728,0.384034335613,0.277798444033,0.283387750387],"dvar":[0.113438919187,0.105478785932,0.0768332257867,0.0608837939799,0.0481560714543,0.0739731043577],"dvar2":[0.259754389524,0.227846562862,0.153211906552,0.112063601613,0.0789552256465,0.127720072865],"max":[-5.25824260712,-4.82000875473,-5.28451490402,-5.73952913284,-5.63944578171,-8.07148456573],"mean":[-7.11942529678,-6.62482404709,-6.86332416534,-7.00823402405,-6.83561134338,-9.80404090881],"median":[-6.82404327393,-6.40168952942,-6.63837337494,-6.79471063614,-6.56937837601,-9.55950546265],"min":[-28.2718372345,-28.1075992584,-28.0860462189,-27.6308116913,-27.5345783234,-27.435005188],"var":[3.78614091873,3.58589172363,3.36839437485,3.23289442062,3.32958626747,2.6265130043]},"spectral_decrease":{"dmean":2.0746622198e-9,"dmean2":3.45365025467e-9,"dvar":1.03202940971e-17,"dvar2":2.69742952553e-17,"max":2.09930938022e-28,"mean":-7.14484160724e-9,"median":-6.62888588465e-9,"min":-3.38528742816e-8,"var":1.4372908344e-17},"spectral_energy":{"dmean":0.00818141829222,"dmean2":0.0135876387358,"dvar":0.000153273445903,"dvar2":0.000400993245421,"max":0.130748435855,"mean":0.0300119090825,"median":0.0283298511058,"min":9.97001438545e-21,"var":0.000227365453611},"spectral_energyband_high":{"dmean":0.000334876618581,"dmean2":0.00051471038023,"dvar":2.10707995052e-7,"dvar2":4.52982959587e-7,"max":0.00780249992386,"mean":0.00124300958123,"median":0.00105411047116,"min":6.88907356525e-21,"var":7.89008879565e-7},"spectral_energyband_low":{"dmean":0.00510608125478,"dmean2":0.00863588508219,"dvar":0.000124685844639,"dvar2":0.00032482566894,"max":0.117961257696,"mean":0.00793570093811,"median":0.00500285252929,"min":2.44879811475e-23,"var":0.000123904144857},"spectral_energyband_middle_high":{"dmean":0.00241160788573,"dmean2":0.00382361002266,"dvar":0.00000610388269706,"dvar2":0.0000147236141856,"max":0.0455203764141,"mean":0.0111724967137,"median":0.0109388586134,"min":1.16642281062e-21,"var":0.0000359127661795},"spectral_energyband_middle_low":{"dmean":0.00391383608803,"dmean2":0.00651398999617,"dvar":0.0000282735691144,"dvar2":0.0000775550142862,"max":0.106491044164,"mean":0.0109145520255,"median":0.00958354584873,"min":1.53413528905e-22,"var":0.0000482875875605},"spectral_entropy":{"dmean":0.0838410109282,"dmean2":0.128879338503,"dvar":0.00845818966627,"dvar2":0.0164426099509,"max":9.82838439941,"mean":7.84661817551,"median":7.8621931076,"min":5.44402551651,"var":0.0802509859204},"spectral_flux":{"dmean":0.0216870158911,"dmean2":0.0348719656467,"dvar":0.000722884957213,"dvar2":0.0014384429669,"max":0.313390165567,"mean":0.0969326049089,"median":0.0906133800745,"min":6.34730393245e-11,"var":0.00150031794328},"spectral_kurtosis":{"dmean":1.07872343063,"dmean2":1.82265269756,"dvar":1.7248404026,"dvar2":4.88489341736,"max":37.0281219482,"mean":4.34072589874,"median":4.08390712738,"min":-1.24804961681,"var":4.38816785812},"spectral_rms":{"dmean":0.000676293799188,"dmean2":0.00109610380605,"dvar":7.18632975349e-7,"dvar2":0.00000178533127837,"max":0.0112942224368,"mean":0.00522918673232,"median":0.00525726936758,"min":3.11878886432e-12,"var":0.00000193541495719},"spectral_rolloff":{"dmean":385.286621094,"dmean2":631.748596191,"dvar":332001.875,"dvar2":713770.75,"max":19509.0820313,"mean":2368.57275391,"median":2347.11914063,"min":107.666015625,"var":2631564},"spectral_skewness":{"dmean":0.149910181761,"dmean2":0.242111071944,"dvar":0.0212009120733,"dvar2":0.0525573678315,"max":4.33408880234,"mean":1.41767656803,"median":1.39806103706,"min":-0.0826815664768,"var":0.098030038178},"spectral_spread":{"dmean":337320.875,"dmean2":507129.8125,"dvar":354662907904,"dvar2":755627524096,"max":42658216,"mean":4305239,"median":3901096.5,"min":927489.9375,"var":10215145603100},"spectral_strongpeak":{"dmean":0.896274268627,"dmean2":1.56483721733,"dvar":1.82230567932,"dvar2":4.57365179062,"max":17.2846832275,"mean":1.24550402164,"median":0.47886005044,"min":0,"var":2.76931548119},"zerocrossingrate":{"dmean":0.00830123014748,"dmean2":0.0100013352931,"dvar":0.000104882645246,"dvar2":0.000169072489371,"max":0.52587890625,"mean":0.0836665183306,"median":0.08056640625,"min":0.009765625,"var":0.00170996086672}},"metadata":{"audio_properties":{"analysis_sample_rate":44100,"bit_rate":192000,"codec":"mp3","downmix":"mix","equal_loudness":0,"length":227.291427612,"lossless":false,"md5_encoded":"dfb1163a70b30f66e85f96100e836f81","replay_gain":-14.5420455933,"sample_rate":44100},"tags":{"acoustid_fingerprint":["AQADtBEVJUmiJFIy6DuOPjXcD8yhE-fBvDYeA5cN9yG8HryhscdvY1eOr6gy6oeP8B_u4FmOM3hiNGoUhBp0B312TBmmF82DS8elMMalKNDOFOkzC2-Oiwz6BJ-DzgvSYxKVHdoZw8ePKfnx_HiUBRoXHbnzwh-OUtIenHrwaGNxBmG-QFuJ6_gLfcmVYl-M_BkaMQfT5Ygf6DruHPnhJ8j94s0FLQ_OREeWvMenGIiUvNCm8TheKMo-9NGRk0EjlmB-4cuFPNBz3McU6cH044fmWzAHKk2GPviF0ejEQ8t3vMEP8cJ4JciPRswPRs6R50ygHz9ywpmTIz_eXNDyHE-ELDmOH5HKQ5TR8zgUZUcfhUJOBo1fMPPxC3mgp8a-o9HR48LUwz_8DH1wPeD3oVEztEpxJ4NG2UGzU1CJTzmuiCKeOUXYHk2NnPlwpQ3UGymf4cel5EGPJhXxoz_ufOhz_Mgn8bh09OFgjegPlcqMP6h4NA7xbTl-lE-FhucHXR-eJdEzNC9-3CiP93guMKmiJJqgmsaTg9JhRjyYKmGR70VuNBX4JILmFz-DMHyFHi-Li0fPF9F-lBpx4UOrZIYZ1TjywEhb9JqxKg80G83WDFeOXyifDw0dQo6UI26YHj4rHLdQHvfx7UceKQ_EM10RPcJvPOLRJ6NC_MePhgqDkFIO_UKet7AUG19yEfcH9xkuHXkOLT5EXMd4wfqOkEefFA--XMiPv_AJ7enxKMT5oyfh6YfGLLpw-uiPa8f1BKKSvehzEa8RWlIQO8ePH1qcLNfwFpeDEFPOHE-26PiJ6EbDB_UFndmFt-hf-CcuiEH3I6fx7ijzwh_6kviRvzqa7rhjiA2PHpd8NELxJND1oGSWFuWPI5wiHRZVfIM55gjPYdh9aFUYwxfyJ7iOo1eFUGYOf9C8odd0pEFX5pj0Fz5yXRCb6ch19EvRo1qPK8GJfBO07DnCR8c-a-BddBMNv8Nv-DSoKg96icLX5HhyvOGFNg6eS3B2IpwP3bgWIs_Co1-CGz3eIAxjtdDOINIVw-GJqtFw5Zh0hHmWCR8PPTvq44OYWeiagfuF6_jRTA40Ndlx6Uc-4hPwE_lRLsuRLN3xHKcxJexzlFEjXBT6fGjUrwj_QMveIBePD01-TM9wgeuFmkfzUFjnID_ehBN6QvyRF_-IHydOMfjxfMSdoz_yIzxO8TijYn2G-8d3-Cl-nF-QbpEC_cjU5riUYivKHX8QStoe-EP3Cz8-lJSCRj12fuBu4jomJzr0ockXXBuP8xXyBLWOf8Gf4oR_lBKDX8evIUxOaA9KWdLx44cZF4p-_BaC4z_6RNtQ6T9-HeHJQ9KDfDxOvMP4Iz_MjIP_4daLkLhMTNrhcDn4I18O_SPyG2ul43Av9MmMrzp6C2GWCnqDB2HOKeiib_g4vEuDSIeWI_JjfMezo-V6pL-hij365PjxQFszI3V-HKeIPSemR0d8ERrCKMyOa0HD5Oh1vFnQVETV5MV94UtkfEOFMJcCeTbyHN17eA-eDJ6cFt93HP_xakOO-sOe4VKOhkH44fs0ZD8-yYJshOfRxEyInHhQ_tBiZTiyJF5uVMmSaggveMzwgxF6fGI63BF-oj3uHHJ0vLpQyglMroN2ZEmPvsd3NNzQ