{"lowlevel":{"average_loudness":0.924046754837,"barkbands":{"dmean":[0.0000630793947494,0.00257274531759,0.00242449040525,0.00129773037042,0.00229255342856,0.00160446483642,0.00131578557193,0.000660270336084,0.000193690168089,0.000222295886488,0.000188034638995,0.000231314101256,0.000291024218313,0.00060797057813,0.000101382618595,0.000124534868519,0.0000684890692355,0.00014748434478,0.0000840979846544,0.000048652284022,0.0000231918747886,0.0000158025104611,0.0000129401032609,0.00000616034003542,0.00000121766447592,2.70434526328e-7,2.39793163104e-8],"dmean2":[0.000094702707429,0.00392962293699,0.00342561188154,0.00210358900949,0.00373391807079,0.0028181259986,0.00193688611034,0.0010135351913,0.000295433943393,0.0003462935274,0.000269674725132,0.000353066803655,0.000474984961329,0.00106931943446,0.000159020593856,0.000189417492948,0.000108060296043,0.000231143349083,0.000140377625939,0.0000797001266619,0.0000375678719138,0.0000264671507466,0.000020642473828,0.0000100322076833,0.00000211841847886,4.6253339292e-7,4.12659879601e-8],"dvar":[1.10933502384e-8,0.0000147839282363,0.000029069798984,0.00000597056941842,0.0000116298751891,0.00000584361487199,0.00000495306358061,0.00000176767468929,1.72037218249e-7,6.0064274976e-7,1.86266845503e-7,4.43042551979e-7,3.708220504e-7,0.0000140721422213,1.97919547418e-7,2.75849004083e-7,1.17581087977e-7,5.75812123316e-7,2.75839767028e-7,8.14668936755e-8,2.12088675511e-8,3.62461172188e-8,1.85783459727e-8,2.37993980079e-9,8.83575088095e-11,4.43972202752e-12,3.52452171181e-14],"dvar2":[2.35607426902e-8,0.0000367899265257,0.0000477723042422,0.0000152418397192,0.0000332905074174,0.0000177306810656,0.0000115758066386,0.00000390844661524,3.43185774909e-7,0.00000116907324355,4.00529444278e-7,8.66612367645e-7,9.13976009542e-7,0.0000386521642213,3.61853921049e-7,6.11431858033e-7,3.03114859435e-7,0.00000140389806802,7.21078492916e-7,2.13682184835e-7,4.89267328874e-8,9.56079659886e-8,3.49314923653e-8,5.3741908701e-9,2.1932070049e-10,1.0966379714e-11,8.82647633368e-14],"max":[0.00204566936009,0.0592129565775,0.128171041608,0.0607275366783,0.0442766286433,0.040477104485,0.0353454165161,0.0370276458561,0.0155794508755,0.0247782208025,0.0212705656886,0.0223788972944,0.0127626238391,0.0719023942947,0.0240539833903,0.01607744582,0.0107067301869,0.0151321105659,0.0123947635293,0.00649340776727,0.00451018707827,0.00959030911326,0.00764826731756,0.00234299665317,0.000369320565369,0.0000641193400952,0.00000803309194453],"mean":[0.000230180521612,0.012128633447,0.0146125853062,0.00470887217671,0.00613141665235,0.00335332984105,0.00318187521771,0.00187605503015,0.00059253530344,0.000385417573852,0.000416650611442,0.000386276253266,0.000490267528221,0.000512457510922,0.00014195262338,0.000196466950001,0.0000856143960846,0.000154313689563,0.0000783169380156,0.0000558454739803,0.0000230183395615,0.0000143662828123,0.0000140156453199,0.00000584353119848,0.00000110363635031,3.20979296475e-7,5.31657562419e-8],"median":[0.0000995070004137,0.0107896532863,0.00623494200408,0.00199599610642,0.00491393450648,0.00172436796129,0.00191828305833,0.00132232217584,0.000454858643934,0.000179581518751,0.00025002338225,0.000137408744195,0.000215804204345,0.0000441450392827,0.0000274241465377,0.0000162548312801,0.0000113778369268,0.00000780155914981,0.00000505281059304,0.00000394563357986,0.00000166992811046,7.09475671101e-7,6.26044993624e-7,2.72731455198e-7,1.87488382153e-7,1.3508218899e-7,4.1866989875e-8],"min":[7.44233466091e-24,2.1885819322e-23,3.04432120279e-23,2.60390836356e-23,2.08049378869e-23,1.75517386226e-23,2.23363346295e-23,5.35658011662e-23,4.84641209407e-23,1.03833968111e-22,9.13345301767e-23,1.33147818468e-22,8.1558637673e-23,1.68380252383e-22,7.56013052672e-23,1.23853673853e-22,2.83892233345e-22,2.30320197022e-22,1.93357948914e-22,3.72132447155e-22,4.28548926575e-22,6.92275855699e-22,4.43259857171e-22,8.30361905568e-22,1.72129176889e-21,1.93003592596e-21,2.26288524573e-21],"var":[7.21445161389e-8,0.0000768215832068,0.0004269243218,0.0000490978454764,0.0000294686269626,0.0000169021113834,0.0000146709544424,0.00000528162718183,5.69245628412e-7,0.00000133011496928,3.75915078621e-7,8.64817252477e-7,6.79372419654e-7,0.0000095549503385,5.83068697324e-7,5.79972265768e-7,1.16799746763e-7,5.27763461378e-7,2.28052499551e-7,7.99471848723e-8,2.15613074062e-8,2.77823364314e-8,3.04894527403e-8,3.10454861818e-9,8.10795389161e-11,4.37075852941e-12,3.03183754415e-14]},"barkbands_crest":{"dmean":1.38805806637,"dmean2":2.24609351158,"dvar":2.24110913277,"dvar2":5.83477210999,"max":22.4029197693,"mean":11.7531347275,"median":11.4039297104,"min":3.68534421921,"var":12.1942453384},"barkbands_flatness_db":{"dmean":0.0161853097379,"dmean2":0.0229857247323,"dvar":0.000402126432164,"dvar2":0.000785845390055,"max":0.457506269217,"mean":0.259960025549,"median":0.258565545082,"min":0.0666027739644,"var":0.00374024338089},"barkbands_kurtosis":{"dmean":2.27130079269,"dmean2":3.57554674149,"dvar":18.4979724884,"dvar2":48.6829566956,"max":112.647956848,"mean":7.0844078064,"median":4.0795841217,"min":-1.98958659172,"var":90.726524353},"barkbands_skewness":{"dmean":0.346055775881,"dmean2":0.536905109882,"dvar":0.164839059114,"dvar2":0.410193502903,"max":8.84420776367,"mean":1.91731667519,"median":1.7223379612,"min":-1.85536718369,"var":1.15243566036},"barkbands_spread":{"dmean":1.88739073277,"dmean2":2.76043963432,"dvar":20.6257762909,"dvar2":35.1027488708,"max":166.357681274,"mean":11.5239219666,"median":6.24877738953,"min":0.486256480217,"var":649.165405273},"dissonance":{"dmean":0.0284605417401,"dmean2":0.0477671511471,"dvar":0.000721921387594,"dvar2":0.00201099459082,"max":0.5,"mean":0.432464748621,"median":0.436627745628,"min":0.229271054268,"var":0.00156517699361},"dynamic_complexity":3.62611842155,"erbbands":{"dmean":[0.046540196985,0.725121676922,2.61610364914,3.36031293869,5.71264410019,8.55203723907,11.621887207,17.0802307129,16.791513443,17.1743850708,11.5278940201,4.7329621315,4.74438333511,7.67934846878,7.50381755829,10.5495700836,13.9979925156,32.8407592773,10.8062591553,7.3183221817,4.10613203049,3.95152020454,7.42847633362,5.87743711472,3.43798303604,2.61745619774,0.910205006599,0.909576117992,0.487469226122,0.727311849594,0.275746613741,0.179855048656,0.0599959567189,0.018971145153,0.00617380533367,0.00194897991605,0.000358334684279,0.0000535061772098,0.00000715681608199,0.00000810238725535],"dmean2":[0.0666648894548,1.10075855255,3.73066449165,5.26402330399,9.29871463776,14.108590126,16.5572452545,31.7059383392,25.8905124664,25.1012630463,18.0867576599,7.16033697128,7.17558431625,12.3134937286,10.3570919037,16.025270462,22.7497653961,57.5047645569,17.5207443237,11.3811292648,6.23160362244,6.16512298584,11.328045845,9.58098697662,5.67748022079,4.27775859833,1.48481523991,1.44705164433,0.788247227669,1.16909813881,0.46608325839,0.29909825325,0.0981136858463,0.0332123935223,0.0108720231801,0.00333135994151,0.000631649629213,0.0000932047041715,0.0000117170648082,0.0000124531525216],"dvar":[0.0043615186587,1.20869338512,30.127986908,48.5504341125,82.4935531616,209.379348755,447.581695557,677.906616211,748.851318359,943.860534668,583.224060059,86.7065505981,330.678771973,682.81628418,230.927139282,928.385864258,919.482727051,36282.5625,3261.08740234,1071.13012695,283.948425293,403.322631836,1175.62402344,1189.6328125,522.851867676,240.207702637,30.1353263855,41.8890686035,14.5301122665,106.438194275,4.82748603821,1.89452898502,0.187566950917,0.0224802568555,0.0018343051197,0.000226000251132,0.00000685217310092,1.40973071439e-7,1.33522604084e-9,1.68241989784e-10],"dvar2":[0.00972660910338,2.95302581787,46.6090545654,119.932228088,212.388641357,639.078186035,849.633728027,2328.11425781,1906.38757324,2101.44628906,1346.31079102,168.95451355,663.829223633,1353.37268066,458.487976074,1754.44165039,2304.21069336,100091.890625,8045.23828125,2532.44311523,627.158630371,1046.0994873,2739.30639648,3049.48120117,1307.10424805,629.034545898,77.1751251221,89.1666946411,34.2878990173,236.625717163,12.6386194229,4.37832736969,0.415091514587,0.0572429634631,0.00464902957901,0.000554803118575,0.0000181559989869,3.63157226957e-7,3.34084049314e-9,3.87884113717e-10],"max":[1.09188139439,16.4594364166,123.415245056,171.937423706,217.144851685,187.729156494,620.362243652,295.698303223,531.10736084,844.25567627,765.161560059,346.344329834,580.295837402,1117.81298828,424.344329834,1110.02490234,623.689453125,3207.97460938,1499.90466309,1081.51135254,296.728302002,646.903198242,625.065002441,716.570678711,803.733581543,329.250610352,173.696090698,283.16104126,142.168365479,422.810455322,93.8356628418,54.967212677,16.7873020172,4.69260931015,1.32165312767,0.498514801264,0.0706873685122,0.0133659457788,0.00148575659841,0.00022519248887],"mean":[0.198919251561,3.36532568932,14.7653427124,19.1640892029,14.5574979782,20.0296096802,28.7010879517,29.220867157,41.5247688293,51.965171814,28.3738594055,14.8477144241,9.99779224396,14.4651832581,18.1081142426,18.6515693665,23.3389778137,30.7928714752,12.5664157867,11.4367265701,5.65175247192,4.91744709015,8.55680942535,5.62636899948,3.40414047241,3.12980341911,0.926890611649,0.917328119278,0.482118427753,0.771841347218,0.256356477737,0.179207906127,0.0574659183621,0.0173596087843,0.00587988970801,0.00205209176056,0.000468946236651,0.000089222623501,0.000032296324207,0.000055393891671],"median":[0.180785834789,2.76249027252,7.90493869781,7.29786252975,11.4122886658,15.6761550903,12.5075893402,17.6437339783,30.4592437744,37.6228256226,21.5909137726,11.612953186,5.39957523346,8.79364776611,8.71342086792,8.768034935,11.0508956909,4.81134080887,2.07353520393,1.20869994164,0.703830003738,0.69428229332,0.810218811035,0.299434870481,0.305054038763,0.206383407116,0.0842727795243,0.0564156770706,0.02697821334,0.0248559713364,0.0177752301097,0.00843561813235,0.00362646020949,0.0022783386521,0.00127365801018,0.000643037492409,0.000254525279161,0.000060692349507,0.000030019084079,0.0000548054158571],"min":[9.54452427019e-22,4.32943464943e-21,2.39139692235e-20,6.91752728585e-20,8.04641685695e-20,7.5441896244e-20,4.97221141951e-20,1.96836169982e-19,2.53346086278e-19,5.72995093049e-19,1.42814459497e-18,9.3603437584e-19,2.79267982801e-18,2.77897468603e-18,4.60919430257e-18,4.45455330065e-18,3.6327096574e-18,8.72737336635e-18,4.44467469618e-18,4.7284096404e-18,9.87688392974e-18,1.53163789701e-17,1.03588878629e-17,1.33871464547e-17,1.29886555033e-17,1.79713971259e-17,1.29671223376e-17,2.05810560055e-17,2.34452185073e-17,1.85379198925e-17,1.27027876739e-17,1.58989854366e-17,1.59295745757e-17,2.09616434597e-17,1.13524029161e-17,7.37978696066e-18,3.07321151531e-18,1.19915070592e-18,3.21616249063e-19,3.53409394733e-20],"var":[0.018193911761,6.6215171814,440.196166992,515.337341309,319.715240479,386.557861328,2296.73632813,1148.63110352,1953.90441895,3080.56713867,1370.60205078,310.780609131,794.818847656,1258.08508301,640.55291748,1865.85974121,1491.04101563,24806.625,4106.98144531,2094.41430664,414.13659668,384.844543457,1208.39880371,946.585327148,515.698242188,268.392852783,26.1326694489,49.0016593933,14.3841648102,130.686782837,4.99109601974,2.51695966721,0.262605547905,0.019911037758,0.00158211833332,0.000232205886277,0.00000529250019099,1.14681036223e-7,1.33512723099e-9,1.01680353026e-9]},"erbbands_crest":{"dmean":1.82712244987,"dmean2":2.97062349319,"dvar":3.74813771248,"dvar2":10.0139789581,"max":24.9143161774,"mean":9.15889358521,"median":8.52857398987,"min":2.39665985107,"var":11.0564193726},"erbbands_flatness_db":{"dmean":0.0121099371463,"dmean2":0.0183275248855,"dvar":0.000175068838871,"dvar2":0.000418911105953,"max":0.329335272312,"mean":0.226122170687,"median":0.233369156718,"min":0.019849082455,"var":0.0022328956984},"erbbands_kurtosis":{"dmean":0.825478851795,"dmean2":1.33082127571,"dvar":1.10556840897,"dvar2":2.97507619858,"max":16.5548419952,"mean":0.730596899986,"median":0.231801345944,"min":-1.68994438648,"var":3.20923566818},"erbbands_skewness":{"dmean":0.285487800837,"dmean2":0.443314701319,"dvar":0.0915358141065,"dvar2":0.206161111593,"max":3.54699039459,"mean":0.608863770962,"median":0.590705037117,"min":-2.41452717781,"var":0.394869357347},"erbbands_spread":{"dmean":4.12296438217,"dmean2":6.3185839653,"dvar":36.0727729797,"dvar2":85.6362304688,"max":129.178421021,"mean":22.9166889191,"median":20.1886024475,"min":4.99516248703,"var":123.018814087},"gfcc":{"cov":[[29239.9980469,7175.33886719,-2966.59692383,685.941345215,-596.067871094,-430.318878174,-464.137664795,-450.843231201,-97.0750808716,-154.818618774,277.815460205,-259.189147949,-106.230728149],[7175.33886719,2625.78271484,-260.705078125,-292.684906006,-64.9094238281,-110.313529968,-30.5759429932,-131.01864624,-60.0556411743,-58.6306381226,49.1355285645,-106.222862244,-48.795249939],[-2966.59692383,-260.705078125,947.578430176,-304.39352417,8.00512599945,143.335647583,68.6653671265,78.6781082153,-34.3142662048,-19.3841152191,-90.8880386353,-25.3902587891,-42.7897148132],[685.941345215,-292.684906006,-304.39352417,376.028442383,-36.4760093689,-40.7407569885,-18.0400905609,-7.32690000534,24.5283107758,-23.3061962128,-3.83953213692,11.0171480179,-1.72407329082],[-596.067871094,-64.9094238281,8.00512599945,-36.4760093689,144.858901978,-12.6976032257,36.2721214294,-10.7002344131,9.53359508514,-8.33668804169,-5.59212636948,-11.0009422302,1.34693133831],[-430.318878174,-110.313529968,143.335647583,-40.7407569885,-12.6976032257,107.907180786,5.42090177536,1.48435544968,-7.76794862747,0.976212501526,-27.0913734436,-6.64278173447,-15.39564991],[-464.137664795,-30.5759429932,68.6653671265,-18.0400905609,36.2721214294,5.42090177536,114.50453186,-7.59098386765,10.7458562851,-26.4136734009,-38.8527145386,-14.3321771622,-12.1473932266],[-450.843231201,-131.01864624,78.6781082153,-7.32690000534,-10.7002344131,1.48435544968,-7.59098386765,78.9014511108,2.77508974075,-4.774102211,-6.65662527084,10.4056863785,3.16429567337],[-97.0750808716,-60.0556411743,-34.3142662048,24.5283107758,9.53359508514,-7.76794862747,10.7458562851,2.77508974075,62.5516815186,-7.12311553955,6.31270694733,2.2715909481,13.5823898315],[-154.818618774,-58.6306381226,-19.3841152191,-23.3061962128,-8.33668804169,0.976212501526,-26.4136734009,-4.774102211,-7.12311553955,74.5837554932,29.7367267609,9.99924373627,6.05842924118],[277.815460205,49.1355285645,-90.8880386353,-3.83953213692,-5.59212636948,-27.0913734436,-38.8527145386,-6.65662527084,6.31270694733,29.7367267609,104.512634277,17.9608745575,20.7929611206],[-259.189147949,-106.222862244,-25.3902587891,11.0171480179,-11.0009422302,-6.64278173447,-14.3321771622,10.4056863785,2.2715909481,9.99924373627,17.9608745575,61.4798088074,11.9962444305],[-106.230728149,-48.795249939,-42.7897148132,-1.72407329082,1.34693133831,-15.39564991,-12.1473932266,3.16429567337,13.5823898315,6.05842924118,20.7929611206,11.9962444305,69.6372375488]],"icov":[[0.00122518185526,-0.00355542753823,0.00216639763676,-0.00333524867892,0.0018009695923,-0.00265720416792,0.00180966220796,-0.00106945086736,0.0000292072490993,-0.0000776036467869,-0.0000222807502723,0.00113547011279,0.0001803667692],[-0.00355542753823,0.0110699152574,-0.00586242135614,0.0108245387673,-0.00443813344464,0.0085430983454,-0.00496824644506,0.00401946529746,0.000284823792754,0.00143617973663,-0.000154006527737,-0.00216408492997,0.000162306314451],[0.00216639763676,-0.00586242135614,0.00624346360564,-0.00376418908127,0.00379397301003,-0.00615942804143,0.00257811648771,-0.00339856022038,0.000666217703838,0.000870896386914,0.000612947449554,0.00286204484291,0.00122743146494],[-0.00333524867892,0.0108245387673,-0.00376418908127,0.0149606075138,-0.00270266225561,0.00850151758641,-0.00427757995203,0.00359844765626,-0.00063632131787,0.00330151244998,0.000870888819918,-0.0018194274744,0.0014667758951],[0.0018009695923,-0.00443813344464,0.00379397301003,-0.00270266225561,0.0114810345694,-0.00188148510642,0.000714941415936,0.000114481459605,-0.000552677956875,0.00145761983003,-0.000276481296169,0.00367955444381,0.0008130321512],[-0.00265720416792,0.0085430983454,-0.00615942804143,0.00850151758641,-0.00188148510642,0.01927969791,-0.00258766976185,0.00537698250264,-0.00020322810451,0.000413112022216,0.00207909033634,-0.00124724081252,0.00155925401486],[0.00180966220796,-0.00496824644506,0.00257811648771,-0.00427757995203,0.000714941415936,-0.00258766976185,0.0148686114699,0.000824509654194,-0.00234307115898,0.0026560658589,0.00320755084977,0.00246230047196,0.0015718752984],[-0.00106945086736,0.00401946529746,-0.00339856022038,0.00359844765626,0.000114481459605,0.00537698250264,0.000824509654194,0.0175150409341,-0.00102879479527,0.00246751471423,0.000735940062441,-0.00233992375433,-0.000110346067231],[0.0000292072490993,0.000284823792754,0.000666217703838,-0.00063632131787,-0.000552677956875,-0.00020322810451,-0.00234307115898,-0.00102879479527,0.0184872373939,0.00197049695998,-0.00184769288171,0.000651865324471,-0.00309633417055],[-0.0000776036467869,0.00143617973663,0.000870896386914,0.00330151244998,0.00145761983003,0.000413112022216,0.0026560658589,0.00246751471423,0.00197049695998,0.0185113698244,-0.00390229793265,0.00028264921275,0.0010408393573],[-0.0000222807502723,-0.000154006527737,0.000612947449554,0.000870888819918,-0.000276481296169,0.00207909033634,0.00320755084977,0.000735940062441,-0.00184769288171,-0.00390229793265,0.0140423597768,-0.00251020863652,-0.00181322032586],[0.00113547011279,-0.00216408492997,0.00286204484291,-0.0018194274744,0.00367955444381,-0.00124724081252,0.00246230047196,-0.00233992375433,0.000651865324471,0.00028264921275,-0.00251020863652,0.0211597140878,-0.000929074245505],[0.0001803667692,0.000162306314451,0.00122743146494,0.0014667758951,0.0008130321512,0.00155925401486,0.0015718752984,-0.000110346067231,-0.00309633417055,0.0010408393573,-0.00181322032586,-0.000929074245505,0.0173625778407]],"mean":[-103.448745728,180.733612061,-87.6447372437,10.9751548767,-37.3103218079,1.92612957954,-20.7182884216,-4.67363405228,-13.4336862564,0.277880787849,-0.576128959656,-6.30486774445,-13.510430336]},"hfc":{"dmean":4.02492189407,"dmean2":6.31815958023,"dvar":173.053756714,"dvar2":437.343841553,"max":189.851104736,"mean":13.6856851578,"median":11.9102420807,"min":1.18576777561e-16,"var":213.869903564},"melbands":{"dmean":[0.000524806615431,0.00119586288929,0.000619355996605,0.000495989050251,0.000405123573728,0.000345540087437,0.000267311494099,0.000177203954081,0.0000852561279316,0.0000296672442346,0.0000246574800258,0.0000328360802087,0.0000226923530136,0.0000289495037578,0.0000231942813116,0.0000365227242582,0.000066943692218,0.0000184379168786,0.00000732646185497,0.0000106746456368,0.00000385275507142,0.00000391316461901,0.00000535126810064,0.00000805133458925,0.00000453548000223,0.00000292354206977,0.00000194254016606,0.00000158403850037,5.24280608261e-7,5.20275023064e-7,5.76728439228e-7,2.54808696809e-7,3.62165309298e-7,3.74227624889e-7,1.58712907705e-7,1.40103153967e-7,1.01025747767e-7,4.70914507389e-8,2.44154740869e-8,1.34206983304e-8],"dmean2":[0.000787110184319,0.00176080770325,0.000967379251961,0.000827949785162,0.000592204916757,0.000634916126728,0.000404414895456,0.00025841241586,0.000134726491524,0.0000447164347861,0.0000373588554794,0.0000527952361153,0.0000320823273796,0.000043119845941,0.0000372653448721,0.0000595180790697,0.000117846786452,0.0000299412349705,0.0000114929380288,0.000016482130377,0.00000596497739025,0.00000622375910098,0.00000809913581179,0.0000126466911752,0.00000756205554353,0.000004871544661,0.00000322949404108,0.00000256554653788,8.58529176639e-7,8.69494044764e-7,9.04677392555e-7,4.14939023585e-7,6.08220375398e-7,5.99029533532e-7,2.79981662743e-7,2.20221366476e-7,1.72258282305e-7,7.63342669075e-8,3.98537238766e-8,2.36088606442e-8],"dvar":[5.90154286328e-7,0.00000493313837069,0.00000115558054858,5.56913846594e-7,4.63033387632e-7,2.77005227645e-7,1.88125781619e-7,1.00642566281e-7,3.09543999322e-8,3.52799012227e-9,8.71858851781e-9,1.25858097277e-8,2.46709608298e-9,6.42781428084e-9,2.71779199146e-9,9.35137478564e-9,1.64424406535e-7,1.12347544601e-8,7.92078513889e-10,2.16894147087e-9,3.09217373928e-10,4.93117768841e-10,4.50980336408e-10,1.86563364757e-9,7.85692233496e-10,4.648821883e-10,1.31464172881e-10,8.51745757258e-11,1.33519098555e-11,9.37626191966e-12,2.42349230961e-11,2.54884178e-12,3.32914494583e-11,2.70945436226e-11,1.84658191515e-12,1.14932748648e-12,7.3590005617e-13,1.20400502177e-13,4.27219972723e-14,1.24160350987e-14],"dvar2":[0.00000143776071582,0.00000873903445608,0.00000282348742076,0.00000165133985774,0.00000100140675841,9.29877614908e-7,4.64364063646e-7,2.22592802857e-7,7.31762526129e-8,6.95858926036e-9,1.72614882388e-8,2.49405545105e-8,4.94080332203e-9,1.24696946102e-8,5.80384051929e-9,2.36010500032e-8,4.54643299008e-7,2.82147034625e-8,1.83150894451e-9,4.95376806242e-9,6.79541256599e-10,1.27245824988e-9,1.05594277766e-9,4.6120800512e-9,2.0494286268e-9,1.17633147667e-9,3.51074586069e-10,2.19749385355e-10,3.25306379056e-11,2.56483376204e-11,5.08308083125e-11,5.92795083854e-12,8.5914324266e-11,5.52628082184e-11,5.20883726776e-12,2.03272381566e-12,1.97351076453e-12,2.68715361377e-13,8.74788997208e-14,3.43658512292e-14],"max":[0.0114340474829,0.0451358035207,0.0238289684057,0.00937800388783,0.0173021629453,0.0063719577156,0.00670474907383,0.00877448357642,0.00515299569815,0.00214711762965,0.00290031847544,0.0045862630941,0.00215899455361,0.00264303176664,0.00113470270298,0.00171918456908,0.00704828184098,0.00277149816975,0.000849619391374,0.00140550546348,0.00035351596307,0.000754314358346,0.000339117570547,0.000880082312506,0.000623940955848,0.000779139343649,0.000267972412985,0.000189148078789,0.000177146182978,0.0000739192400943,0.000222292248509,0.0000496194224979,0.000289993360639,0.000250996788964,0.0000595674864599,0.0000503569026478,0.0000327139969158,0.0000154578428919,0.0000103525981103,0.00000343830583915],"mean":[0.00263539142907,0.00687387539074,0.00318788154982,0.00119141081814,0.00101501226891,0.000629537913483,0.000671165296808,0.00055263430113,0.000199579153559,0.0000862900487846,0.0000487815523229,0.0000582865868637,0.0000527295778738,0.0000535986437171,0.0000388464432035,0.0000573543838982,0.0000577683349547,0.0000202981918846,0.0000111616300273,0.0000163093754963,0.00000463605829282,0.00000462098660137,0.00000664883600621,0.00000824063954497,0.00000412264898841,0.00000272729744211,0.00000203130889531,0.00000195979328055,5.10202141868e-7,4.70478738634e-7,5.82411985306e-7,2.48951977255e-7,3.47268326095e-7,4.06575765055e-7,1.29488185507e-7,1.55024309834e-7,8.71072174391e-8,4.27950972437e-8,2.46636435719e-8,1.12533475871e-8],"median":[0.0026266197674,0.00503775430843,0.00164149957709,0.000953118666075,0.00055162620265,0.000371473841369,0.000476325687487,0.000405970175052,0.000150427076733,0.00006714007759,0.0000242599326157,0.0000332544259436,0.0000277565195574,0.0000296721809718,0.0000209761528822,0.0000164677330758,0.00000619163165538,0.00000263479000751,0.00000179915514309,0.00000130411979171,5.3352039231e-7,5.32728961389e-7,8.53098470088e-7,3.68719469179e-7,1.70337358441e-7,1.77115737188e-7,1.98775296667e-7,1.01980234035e-7,4.4803091015e-8,3.13133554641e-8,2.54573784275e-8,1.31675630399e-8,1.16694440777e-8,1.28070798411e-8,1.046737097e-8,6.4000063027e-9,4.06804367969e-9,2.36997887981e-9,2.07601025259e-9,1.8032551008e-9],"min":[7.73589662501e-24,1.01968207941e-23,1.31230411574e-23,5.27397178591e-24,2.28558326678e-24,4.08960757725e-24,4.23021335614e-24,7.22972086973e-24,1.20776079759e-23,5.76830082255e-24,1.44368014315e-23,1.1386434872e-23,1.56576804337e-23,1.37044923868e-23,9.1702516434e-24,1.00235206749e-23,1.74763724294e-23,7.9968549679e-24,5.82605056841e-24,7.08248629266e-24,1.27078313197e-23,1.72007523178e-23,1.02924378355e-23,9.75563692217e-24,1.09178388726e-23,7.72043574013e-24,1.18491309808e-23,1.16861026195e-23,6.0800302533e-24,1.20507725056e-23,1.21548011709e-23,1.2873904684e-23,1.50195771584e-23,8.2227878866e-24,7.13437598528e-24,7.85368539108e-24,9.99260758266e-24,1.00193247238e-23,1.42102642453e-23,1.95166428317e-23],"var":[0.00000296632447316,0.00006032413512,0.0000120628556033,0.0000011190911664,0.0000020610636966,5.21390632002e-7,5.2425332342e-7,3.42516159435e-7,7.15931847139e-8,1.14207736601e-8,2.12233501884e-8,2.32207728601e-8,5.93008575578e-9,1.2715672959e-8,4.63490623659e-9,1.42302898354e-8,1.10086197935e-7,1.24097256915e-8,1.57790736033e-9,4.21493062674e-9,4.24232787788e-10,4.9395770807e-10,5.18551313e-10,1.67859326439e-9,5.96436511291e-10,4.44896369745e-10,1.06380196319e-10,1.08198200399e-10,1.25907001838e-11,6.59299611433e-12,2.86068981004e-11,2.57299303391e-12,2.71096443905e-11,3.87445735217e-11,1.39378818816e-12,2.47801432152e-12,6.09475035544e-13,1.63764563976e-13,6.17151186925e-14,8.26278776574e-15]},"melbands_crest":{"dmean":1.73262226582,"dmean2":2.74703502655,"dvar":3.80220723152,"dvar2":8.51454734802,"max":37.5316619873,"mean":16.2372875214,"median":15.6353549957,"min":1.8946788311,"var":38.2805633545},"melbands_flatness_db":{"dmean":0.0208045821637,"dmean2":0.0285963732749,"dvar":0.000771752966102,"dvar2":0.00146400299855,"max":0.607418477535,"mean":0.369239926338,"median":0.371306270361,"min":0.00606331555173,"var":0.00685627060011},"melbands_kurtosis":{"dmean":4.1956820488,"dmean2":6.5585641861,"dvar":79.0141448975,"dvar2":200.538192749,"max":250.402923584,"mean":13.6190223694,"median":8.58053588867,"min":-1.62214207649,"var":266.207336426},"melbands_skewness":{"dmean":0.443677067757,"dmean2":0.688964545727,"dvar":0.271446615458,"dvar2":0.668184995651,"max":13.5104913712,"mean":2.68999481201,"median":2.42721319199,"min":-0.0786981955171,"var":1.56720364094},"melbands_spread":{"dmean":2.29263162613,"dmean2":3.46537208557,"dvar":31.0208415985,"dvar2":68.9856643677,"max":127.896873474,"mean":8.5435590744,"median":6.38695430756,"min":0.511880099773,"var":76.8997879028},"mfcc":{"cov":[[12365.4921875,2989.99975586,-1469.14904785,830.484924316,-144.679641724,223.943222046,-206.445861816,-11.7707357407,-377.132904053,115.955299377,37.7942314148,81.4132385254,-24.2410507202],[2989.99975586,2812.50976563,120.401779175,-72.486656189,-7.082508564,60.0918006897,98.8691329956,-12.2570390701,-30.2051239014,-6.01666164398,16.0852108002,72.4446868896,77.3522415161],[-1469.14904785,120.401779175,635.57611084,-160.325942993,32.6726951599,-14.0252332687,55.9754104614,48.0292778015,66.2888717651,4.21026420593,-14.3617753983,1.95987772942,32.3589057922],[830.484924316,-72.486656189,-160.325942993,240.205276489,-15.9404602051,20.4003372192,-27.097038269,20.1759719849,-15.9607439041,0.770134270191,11.7158851624,0.336899340153,-15.0171203613],[-144.679641724,-7.082508564,32.6726951599,-15.9404602051,94.4181289673,-15.9723758698,6.28341531754,-6.66433525085,-13.4186468124,13.3779468536,4.25425291061,-6.36397981644,-7.70315217972],[223.943222046,60.0918006897,-14.0252332687,20.4003372192,-15.9723758698,118.997383118,4.57662391663,6.45659255981,22.506401062,-16.8455104828,10.0140228271,2.66692066193,-12.5933589935],[-206.445861816,98.8691329956,55.9754104614,-27.097038269,6.28341531754,4.57662391663,67.1676483154,-0.688983261585,4.08466672897,2.21289181709,0.720197856426,-2.87886023521,4.90728092194],[-11.7707357407,-12.2570390701,48.0292778015,20.1759719849,-6.66433525085,6.45659255981,-0.688983261585,83.1441955566,29.1280670166,-10.8347654343,-3.2361779213,0.525755822659,-2.14840960503],[-377.132904053,-30.2051239014,66.2888717651,-15.9607439041,-13.4186468124,22.506401062,4.08466672897,29.1280670166,102.839363098,-14.2799892426,-16.7741584778,-3.85955023766,-1.97282254696],[115.955299377,-6.01666164398,4.21026420593,0.770134270191,13.3779468536,-16.8455104828,2.21289181709,-10.8347654343,-14.2799892426,72.6970367432,-6.98290157318,-23.0443725586,7.40278434753],[37.7942314148,16.0852108002,-14.3617753983,11.7158851624,4.25425291061,10.0140228271,0.720197856426,-3.2361779213,-16.7741584778,-6.98290157318,60.3334350586,14.1823539734,-15.8766059875],[81.4132385254,72.4446868896,1.95987772942,0.336899340153,-6.36397981644,2.66692066193,-2.87886023521,0.525755822659,-3.85955023766,-23.0443725586,14.1823539734,56.7357788086,7.90520429611],[-24.2410507202,77.3522415161,32.3589057922,-15.0171203613,-7.70315217972,-12.5933589935,4.90728092194,-2.14840960503,-1.97282254696,7.40278434753,-15.8766059875,7.90520429611,56.0570373535]],"icov":[[0.000409186061006,-0.000507512537297,0.000640992249828,-0.000832296500448,0.00028323684819,-0.000594456854742,0.00105278345291,-0.000561412191018,0.00106271076947,-0.000921219354495,0.000624543172307,-0.000360469683073,0.00046274883789],[-0.000507512537297,0.00103998125996,-0.000806405616459,0.0010975622572,-0.000350057671312,0.000456323527033,-0.00184791686479,0.000679404183757,-0.00113992788829,0.00105183513369,-0.000822521629743,-0.0000361794118362,-0.00105965533294],[0.000640992249828,-0.000806405616459,0.00334615050815,0.0000598310834903,-0.000327382877003,-0.000784423551522,0.000460811133962,-0.00234778923914,0.000564070302062,-0.00180861563422,0.000666711595841,-0.000779110298026,-0.000319739978295],[-0.000832296500448,0.0010975622572,0.0000598310834903,0.00728639680892,-0.000231617785175,0.000361499376595,-0.00115318316966,-0.00124321924523,-0.00149379868526,0.00108357798308,-0.00186057272367,0.000552384590264,-0.000654840958305],[0.00028323684819,-0.000350057671312,-0.000327382877003,-0.000231617785175,0.0121048567817,0.000824122224003,0.00011489073222,0.00014369096607,0.00220656744204,-0.002280785935,-0.0000310665345751,0.000201679577003,0.00291806226596],[-0.000594456854742,0.000456323527033,-0.000784423551522,0.000361499376595,0.000824122224003,0.0107144163921,-0.00235133152455,0.0012331455946,-0.00392629299313,0.00285070692189,-0.0024954546243,0.0011206807103,0.00105683482252],[0.00105278345291,-0.00184791686479,0.000460811133962,-0.00115318316966,0.00011489073222,-0.00235133152455,0.0200412385166,-0.00095915485872,0.00267931562848,-0.00232298485935,0.000654052244499,0.000984273967333,0.000574113277253],[-0.000561412191018,0.000679404183757,-0.00234778923914,-0.00124321924523,0.00014369096607,0.0012331455946,-0.00095915485872,0.015670645982,-0.00486639002338,0.00297962874174,-0.000740519957617,0.000865342095494,-0.0000732457046979],[0.00106271076947,-0.00113992788829,0.000564070302062,-0.00149379868526,0.00220656744204,-0.00392629299313,0.00267931562848,-0.00486639002338,0.0159301552922,-0.000648435030598,0.0053619723767,-0.000337970559485,0.00251940428279],[-0.000921219354495,0.00105183513369,-0.00180861563422,0.00108357798308,-0.002280785935,0.00285070692189,-0.00232298485935,0.00297962874174,-0.000648435030598,0.0198287535459,-0.00141696771607,0.00843521114439,-0.00410314742476],[0.000624543172307,-0.000822521629743,0.000666711595841,-0.00186057272367,-0.0000310665345751,-0.0024954546243,0.000654052244499,-0.000740519957617,0.0053619723767,-0.00141696771607,0.0220906808972,-0.00647018058226,0.00741608580574],[-0.000360469683073,-0.0000361794118362,-0.000779110298026,0.000552384590264,0.000201679577003,0.0011206807103,0.000984273967333,0.000865342095494,-0.000337970559485,0.00843521114439,-0.00647018058226,0.0240292903036,-0.0056287185289],[0.00046274883789,-0.00105965533294,-0.000319739978295,-0.000654840958305,0.00291806226596,0.00105683482252,0.000574113277253,-0.0000732457046979,0.00251940428279,-0.00410314742476,0.00741608580574,-0.0056287185289,0.0236204601824]],"mean":[-747.298278809,217.944076538,11.3352661133,23.931016922,3.38691782951,10.6543216705,4.12422800064,1.99026715755,-8.1286945343,3.16303944588,5.00532770157,7.80386781693,3.68666577339]},"pitch_salience":{"dmean":0.0496411249042,"dmean2":0.0801335200667,"dvar":0.0023000149522,"dvar2":0.00592962699011,"max":0.811465442181,"mean":0.526826143265,"median":0.54612159729,"min":0.146778911352,"var":0.0138350352645},"silence_rate_20dB":{"dmean":0,"dmean2":0,"dvar":0,"dvar2":0,"max":1,"mean":1,"median":1,"min":1,"var":0},"silence_rate_30dB":{"dmean":0.0242792107165,"dmean2":0.048566609621,"dvar":0.02369084768,"dvar2":0.0563246011734,"max":1,"mean":0.950269699097,"median":1,"min":0,"var":0.0472563393414},"silence_rate_60dB":{"dmean":0.00134884507861,"dmean2":0.0026981451083,"dvar":0.00134702399373,"dvar2":0.00302824378014,"max":1,"mean":0.125590026379,"median":0,"min":0,"var":0.109816081822},"spectral_centroid":{"dmean":92.799697876,"dmean2":133.24357605,"dvar":51402.0351563,"dvar2":90177.2265625,"max":11321.5078125,"mean":558.807983398,"median":401.917358398,"min":137.708343506,"var":395890.5},"spectral_complexity":{"dmean":2.00269770622,"dmean2":3.07858347893,"dvar":11.6892061234,"dvar2":21.8810100555,"max":56,"mean":12.9308834076,"median":13,"min":0,"var":50.4141578674},"spectral_contrast_coeffs":{"dmean":[0.0357917249203,0.033981628716,0.0272355694324,0.0276834070683,0.0203712340444,0.0168338995427],"dmean2":[0.0601645000279,0.0572918839753,0.0448688529432,0.0456455722451,0.0312360748649,0.0234726238996],"dvar":[0.000970984052401,0.000870764080901,0.000544229231309,0.000545795424841,0.00042693404248,0.000362685794244],"dvar2":[0.00275349779986,0.0024564594496,0.00144520238973,0.00142186856829,0.000847393646836,0.00058416754473],"max":[-0.398316383362,-0.505539596081,-0.562977313995,-0.554309546947,-0.584214985371,-0.573166072369],"mean":[-0.639450669289,-0.732081592083,-0.785827994347,-0.75916570425,-0.794809699059,-0.796588778496],"median":[-0.634257256985,-0.726848244667,-0.786934375763,-0.754439592361,-0.799431860447,-0.803284287453],"min":[-0.973504066467,-0.97670340538,-0.963996350765,-0.96044421196,-0.965682983398,-0.95628708601],"var":[0.00686708651483,0.00473315361887,0.00320444512181,0.00403990503401,0.00372597528622,0.00315301003866]},"spectral_contrast_valleys":{"dmean":[0.263965964317,0.239191636443,0.226715385914,0.246622025967,0.240357190371,0.174714460969],"dmean2":[0.442169070244,0.400061547756,0.376913964748,0.384793549776,0.352803826332,0.267817497253],"dvar":[0.0724730566144,0.0641028657556,0.0582707747817,0.101404801011,0.137113049626,0.117789126933],"dvar2":[0.156322300434,0.130168884993,0.115453317761,0.181271672249,0.253575384617,0.230107948184],"max":[-5.23382139206,-4.25797939301,-5.07360649109,-5.40171909332,-5.41751003265,-8.50581455231],"mean":[-6.82753944397,-6.6098947525,-7.72243690491,-8.81600856781,-9.48313808441,-12.3153896332],"median":[-6.26027011871,-6.06054496765,-7.25157356262,-8.53660964966,-9.38667297363,-12.2550315857],"min":[-27.5897254944,-27.3795852661,-27.1444969177,-27.5240745544,-27.1484928131,-27.3629798889],"var":[4.61372280121,4.07796192169,3.42609524727,2.94835019112,2.37467098236,1.20816838741]},"spectral_decrease":{"dmean":1.76471826041e-9,"dmean2":2.70614219922e-9,"dvar":6.5125691521e-18,"dvar2":1.43948038148e-17,"max":5.10932722238e-17,"mean":-1.2859970866e-8,"median":-1.28240857933e-8,"min":-4.2744257911e-8,"var":5.41935914818e-17},"spectral_energy":{"dmean":0.00697252387181,"dmean2":0.0106983520091,"dvar":0.00010681663116,"dvar2":0.000239563785726,"max":0.163592413068,"mean":0.049777559936,"median":0.0495232380927,"min":1.09868188833e-20,"var":0.00081085920101},"spectral_energyband_high":{"dmean":0.0000712450637366,"dmean2":0.000112235677079,"dvar":2.28224507737e-7,"dvar2":5.04685090164e-7,"max":0.0171043910086,"mean":0.0000841474466142,"median":0.00000636620598016,"min":8.30810109829e-21,"var":3.01502780076e-7},"spectral_energyband_low":{"dmean":0.0044461954385,"dmean2":0.00660115526989,"dvar":0.0000581017993682,"dvar2":0.000117581774248,"max":0.151108399034,"mean":0.0302346404642,"median":0.0265864469111,"min":6.80490980594e-23,"var":0.000621019105893},"spectral_energyband_middle_high":{"dmean":0.00162997026928,"dmean2":0.00259859510697,"dvar":0.0000371239511878,"dvar2":0.0000959155440796,"max":0.0922660380602,"mean":0.00285076908767,"median":0.00149084441364,"min":1.66807028973e-21,"var":0.0000373728871637},"spectral_energyband_middle_low":{"dmean":0.00426358543336,"dmean2":0.00681803468615,"dvar":0.0000304683981085,"dvar2":0.0000764898140915,"max":0.119200028479,"mean":0.0199226420373,"median":0.0190198402852,"min":2.16049791599e-22,"var":0.00017338366888},"spectral_entropy":{"dmean":0.144509330392,"dmean2":0.213523045182,"dvar":0.0375645570457,"dvar2":0.0814369991422,"max":9.80920696259,"mean":6.44272899628,"median":6.3535490036,"min":4.93253707886,"var":0.411969691515},"spectral_flux":{"dmean":0.0153942462057,"dmean2":0.0243074316531,"dvar":0.000502842071,"dvar2":0.00114127376582,"max":0.304608970881,"mean":0.0603983961046,"median":0.0529457777739,"min":1.04818029256e-10,"var":0.00191627827007},"spectral_kurtosis":{"dmean":8.68280982971,"dmean2":14.570025444,"dvar":82.3016967773,"dvar2":208.54864502,"max":108.763046265,"mean":25.4822063446,"median":20.9706058502,"min":-1.13426733017,"var":343.464019775},"spectral_rms":{"dmean":0.000461639021523,"dmean2":0.000705190992448,"dvar":3.96145225068e-7,"dvar2":8.92888692761e-7,"max":0.0126333823428,"mean":0.00644958484918,"median":0.00695092463866,"min":3.27396508341e-12,"var":0.0000069660736699},"spectral_rolloff":{"dmean":115.805892944,"dmean2":189.019134521,"dvar":189743.78125,"dvar2":376603.75,"max":21210.2050781,"mean":971.351806641,"median":430.6640625,"min":107.666015625,"var":10444698},"spectral_skewness":{"dmean":0.598333239555,"dmean2":0.96875846386,"dvar":0.347521603107,"dvar2":0.806749463081,"max":8.64051055908,"mean":3.59176325798,"median":3.44766616821,"min":-0.0382957868278,"var":1.96727275848},"spectral_spread":{"dmean":271413.21875,"dmean2":429189.34375,"dvar":221827645440,"dvar2":377868746752,"max":38675284,"mean":2434877.5,"median":1838988.875,"min":791460.75,"var":5251846897660},"spectral_strongpeak":{"dmean":0.228576913476,"dmean2":0.410636842251,"dvar":0.44708520174,"dvar2":1.27492618561,"max":14.4521169662,"mean":0.698738396168,"median":0.584337830544,"min":0,"var":0.436860620975},"zerocrossingrate":{"dmean":0.00375098129734,"dmean2":0.0047317170538,"dvar":0.000070955567935,"dvar2":0.000102292578958,"max":0.64208984375,"mean":0.0311876069754,"median":0.015625,"min":0.00390625,"var":0.00710544129834}},"metadata":{"audio_properties":{"analysis_sample_rate":44100,"bit_rate":0,"codec":"flac","downmix":"mix","equal_loudness":0,"length":137.706665039,"lossless":true,"md5_encoded":"5c5858b6e250b3e9f3fa282600a4dc79","replay_gain":-10.2684307098,"sample_rate":44100},"tags":{"acoustid_id":["40e50cb4-040a-4ac7-8d6f-54b2f2f6ee9e"],"album":["Smiley Smile / Wild Honey"],"albumartist":["The Beach Boys"],"albumartistsort":["Beach Boys, The"],"artist":["The Beach Boys"],"artistsort":["Beach Boys, The"],"asin":["B00005ABX0"],"barcode":["724353186227"],"catalognumber":["5 31862 2"],"composer":["Brian Wilson"],"date":["2001"],"discnumber":["1"],"disctotal":["1"],"file_name":"03 - Fall Breaks And Back To Winter.flac","genre":["Pop"],"isrc":["USCA20100357"],"label":["Capitol Records"],"media":["CD"],"musicbrainz_albumartistid":["ebfc1398-8d96-47e3-82c3-f782abcdb13d"],"musicbrainz_albumid":["2fcb8fcd-5aa6-3404-b6e0-218b76ccd976"],"musicbrainz_artistid":["ebfc1398-8d96-47e3-82c3-f782abcdb13d"],"musicbrainz_recordingid":["95843b28-9905-4fdf-9e3f-5b14404ef52f"],"musicbrainz_releasegroupid":["999d6763-df27-3f07-b3a8-945ba5dc2ff4"],"musicbrainz_workid":["291a388b-b5b8-340a-b0a3-423db78ba764"],"originaldate":["1990"],"producer":["The Beach Boys"],"releasecountry":["US"],"releasestatus":["official"],"releasetype":["album"],"script":["Latn"],"title":["Fall Breaks And Back To Winter (Woody Woodpecker Symphony)"],"tracknumber":["3"],"tracktotal":["28"]},"version":{"essentia":"2.1-beta2","essentia_build_sha":"2d9f1f26377add8aeb1075a9c2973f962c4f09fd","essentia_git_sha":"v2.1_beta2-1-ge3940c0","extractor":"music 1.0"}},"rhythm":{"beats_count":364,"beats_loudness":{"dmean":0.0183131303638,"dmean2":0.0314802639186,"dvar":0.000410240201745,"dvar2":0.00116710911971,"max":0.144999161363,"mean":0.0560939759016,"median":0.0558709800243,"min":1.06173403402e-9,"var":0.00082871678751},"beats_loudness_band_ratio":{"dmean":[0.14753639698,0.0960702300072,