{"lowlevel":{"average_loudness":0.968120157719,"barkbands":{"dmean":[0.000140015225043,0.0101535180584,0.00379372760653,0.00291094649583,0.00283803069033,0.000710523047019,0.000351786671672,0.000332043826347,0.000509768899065,0.000597363745328,0.000373702932848,0.000379285309464,0.000316478282912,0.00023323581263,0.000257965788478,0.000372144946596,0.000349378882675,0.000301121326629,0.000418974232161,0.000344884843798,0.00023444875842,0.000223287337576,0.000127258797875,0.0000943362247199,0.0000475993219879,0.0000231666035688,0.00000899609949556],"dmean2":[0.000252730125794,0.0171409379691,0.00616361945868,0.00456029642373,0.00497171282768,0.00116026995238,0.00058718060609,0.000554523838218,0.000837872037664,0.000982797471806,0.000596791331191,0.000618192192633,0.000520622823387,0.000381452176953,0.000417614151957,0.000597944832407,0.00057001382811,0.000488198420499,0.000698528834619,0.000574938952923,0.000397950818297,0.000401861238061,0.0002171061642,0.00015124953643,0.000074602656241,0.000034810975194,0.0000138231325764],"dvar":[3.53365514627e-8,0.000282315362711,0.000023610822609,0.0000192566258193,0.0000441034426331,0.0000011967122191,5.29877524968e-7,6.40356518034e-7,8.9398520231e-7,0.00000106032302938,4.98941005844e-7,5.35431240678e-7,4.03356295919e-7,1.86826142112e-7,2.5240569812e-7,3.39417056239e-7,2.2898622376e-7,1.78404945927e-7,2.77222653722e-7,1.89079088386e-7,1.11008084502e-7,1.86063928709e-7,4.42358434327e-8,2.47369928985e-8,6.32781649301e-9,2.65512123399e-9,7.1213734909e-10],"dvar2":[1.02971903004e-7,0.00071784236934,0.0000559176987736,0.0000413076086261,0.000125289516291,0.00000310813402393,0.00000136667983952,0.00000169534723682,0.00000227571194955,0.00000276826312984,0.00000114376382498,0.00000129368993385,0.0000010320165984,4.58223638589e-7,5.97940641001e-7,7.82249969689e-7,5.73609838739e-7,4.44678306621e-7,7.32097419132e-7,4.92282708819e-7,2.9972133575e-7,5.26084932062e-7,1.18260011561e-7,5.13504119226e-8,1.41432217049e-8,6.54260823296e-9,1.84497273015e-9],"max":[0.00287939654663,0.128757849336,0.0890278071165,0.0729099363089,0.0626366585493,0.0189820304513,0.0199201852083,0.0213937200606,0.0207631960511,0.0149112744257,0.0131749529392,0.019712228328,0.0127910124138,0.0106073049828,0.0172111149877,0.0202258545905,0.012484235689,0.00711135473102,0.00691536301747,0.00786652695388,0.00381818553433,0.00419493904337,0.00343118724413,0.00304260710254,0.00168290105648,0.000918265432119,0.000767794030253],"mean":[0.000140165691846,0.0114701613784,0.0058914469555,0.00405031209812,0.0031956336461,0.00111845578067,0.000520504603628,0.000452976120869,0.000815050327219,0.000957346754149,0.000624127802439,0.000643772887997,0.000546028837562,0.000395970768295,0.000462862459244,0.000748631020542,0.000708387116902,0.000623415806331,0.000833241851069,0.000726654368918,0.000473306834465,0.000322066189256,0.000241197398282,0.000216176369577,0.000119050615467,0.0000536354273208,0.0000155239522428],"median":[0.0000681067249388,0.00586431659758,0.00399561133236,0.00192712736316,0.00154618627857,0.000631745788269,0.000280902371742,0.000207930075703,0.000457702059066,0.00045150850201,0.000293549528578,0.000333029136527,0.000270049611572,0.000211040693102,0.000232429374591,0.000497327186167,0.000507521210238,0.000404947553761,0.000627837318461,0.000565669732168,0.000376182084437,0.00020967371529,0.000156861075084,0.000126296741655,0.0000766120210756,0.0000302788921545,0.00000668790789859],"min":[1.89819170272e-16,2.2881398636e-16,2.30858459197e-16,2.88751202378e-16,1.02030539508e-15,1.14441033317e-15,8.18824367831e-16,1.02323538792e-16,3.39301996322e-16,1.7370719807e-15,3.43310394456e-15,1.52410852188e-15,1.27390557718e-15,3.24228356811e-16,9.37946475791e-16,5.32015591995e-15,3.77716470433e-15,7.91714072502e-15,6.0281301977e-15,1.56991000739e-14,6.75754076177e-15,6.45039814476e-15,1.67440439633e-14,3.68400649613e-14,6.7802398895e-14,1.59947115231e-13,1.82477188741e-13],"var":[3.36010010926e-8,0.000252190424362,0.0000461378258478,0.0000355002375727,0.0000317857084156,0.00000221113236876,7.16128909062e-7,8.44079409035e-7,0.00000138153325224,0.00000191759977497,0.00000111734664188,0.00000115959130653,7.80377661158e-7,3.4540141769e-7,5.67445169963e-7,8.00389443611e-7,5.1678540558e-7,4.63633426762e-7,5.0650828598e-7,3.63261307257e-7,1.43477393522e-7,1.56189713607e-7,6.77939056004e-8,8.33241884379e-8,1.96611988912e-8,4.71708316852e-9,7.30360549817e-10]},"barkbands_crest":{"dmean":3.46241545677,"dmean2":5.72455692291,"dvar":11.1625423431,"dvar2":28.4287872314,"max":24.7117805481,"mean":9.73015594482,"median":8.88628864288,"min":2.01538276672,"var":17.6852741241},"barkbands_flatness_db":{"dmean":0.0225790739059,"dmean2":0.0362340211868,"dvar":0.000456058740383,"dvar2":0.00112158164848,"max":0.355538368225,"mean":0.0943574160337,"median":0.0885758399963,"min":0.0154155381024,"var":0.00131741398945},"barkbands_kurtosis":{"dmean":2.52607893944,"dmean2":4.03408527374,"dvar":19.6036205292,"dvar2":41.9206352234,"max":116.501304626,"mean":2.26975274086,"median":0.464163541794,"min":-1.77481472492,"var":36.2611618042},"barkbands_skewness":{"dmean":0.619588434696,"dmean2":0.988875091076,"dvar":0.368754088879,"dvar2":0.891507506371,"max":9.01920223236,"mean":1.45138585567,"median":1.30049026012,"min":-3.41655063629,"var":1.1114038229},"barkbands_spread":{"dmean":7.92463350296,"dmean2":13.0262470245,"dvar":58.9407539368,"dvar2":155.676315308,"max":94.9163742065,"mean":35.0488166809,"median":35.0610618591,"min":1.25961863995,"var":169.52507019},"dissonance":{"dmean":0.0081345513463,"dmean2":0.0138633353636,"dvar":0.0000615191092947,"dvar2":0.000164431272424,"max":0.500000059605,"mean":0.486559689045,"median":0.488833546638,"min":0.36649915576,"var":0.0000959477256401},"dynamic_complexity":1.70777380466,"erbbands":{"dmean":[0.236294552684,2.47577905655,4.28989028931,7.39177274704,10.7543821335,8.30269622803,6.45626211166,5.27399253845,5.29067087173,4.6628537178,8.3124332428,12.0268239975,13.5563631058,19.7977333069,12.0415678024,16.3599815369,13.8791151047,11.1420583725,12.0578718185,14.7771730423,19.6804084778,18.8119373322,15.4007520676,16.7928562164,23.7792549133,16.2726364136,10.5232686996,8.96469116211,8.26995658875,5.29988336563,3.53677177429,2.24973464012,1.51997661591,0.71006321907,0.26955384016,0.104503422976,0.0430444218218,0.0125979399309,0.00145768979564,0.0000836852632347],"dmean2":[0.398179024458,4.17372512817,7.05895185471,11.1995544434,18.9655303955,14.406908989,10.5661525726,8.7728509903,8.83051300049,7.83174324036,13.7195501328,19.7899532318,22.0799617767,32.3381843567,19.2761898041,26.6787242889,22.6359767914,18.1033172607,19.4569568634,23.5574035645,31.8060016632,30.5784702301,25.0082263947,27.3406906128,40.1362190247,27.202671051,17.639881134,15.5183534622,14.8665924072,9.28279399872,6.06341123581,3.68421411514,2.43604016304,1.11656439304,0.430123955011,0.161800786853,0.0641816928983,0.0192787051201,0.00225845701061,0.000129084583023],"dvar":[0.151069551706,16.5977973938,32.7598114014,114.474716187,676.183410645,311.268218994,95.7730178833,87.5053024292,107.558670044,111.80052948,390.063781738,499.676483154,649.028198242,1441.09240723,406.198944092,1133.49353027,778.246704102,464.600585938,508.661468506,789.019775391,1001.0380249,625.771606445,495.173553467,470.481811523,921.089172363,445.247894287,213.407943726,202.921813965,254.893234253,82.2010421753,35.4637641907,13.1311016083,7.01098680496,1.43851721287,0.231191411614,0.0391165465117,0.0101476805285,0.00138373766094,0.0000196536257135,3.31049641034e-8],"dvar2":[0.384952038527,42.4612579346,81.5659637451,217.380340576,1932.69384766,883.037353516,238.801528931,226.738525391,271.669219971,297.727752686,1016.41143799,1290.28613281,1621.99487305,3753.08032227,919.562927246,2698.35913086,1951.71362305,1143.11413574,1253.38269043,1874.09631348,2315.13867188,1573.81982422,1204.46789551,1214.08117676,2468.63232422,1163.86242676,560.517456055,562.43157959,719.697875977,225.248382568,94.5104827881,30.9328575134,14.3851280212,3.14325404167,0.547810256481,0.0948814079165,0.025103783235,0.00358052598312,0.0000516209511261,8.2362966225e-8],"max":[2.82951188087,33.2747306824,92.2304992676,192.652832031,255.350280762,193.810333252,210.283798218,220.28678894,239.659225464,264.183044434,516.892578125,538.329467773,553.671020508,671.505249023,617.467773438,1015.50714111,679.752746582,423.044494629,615.047058105,1222.43408203,1173.87854004,581.944885254,398.492675781,401.336212158,357.53503418,427.348754883,183.631027222,173.065597534,169.114883423,137.910614014,100.729957581,62.8592453003,56.818107605,28.2307872772,11.6900224686,5.46623563766,1.98598527908,0.960041999817,0.115340135992,0.00426555750892],"mean":[0.242400348186,2.89126753807,6.84919548035,11.9539909363,11.4806938171,9.80568695068,9.86226844788,8.09072303772,8.06868171692,7.0280418396,12.2461929321,19.4511413574,22.5329990387,33.6328926086,23.2401809692,29.0651836395,25.868724823,20.9115161896,23.0075702667,30.1180801392,41.5612945557,40.1338920593,34.0801048279,37.0500907898,46.3151473999,34.0000801086,21.5169754028,16.6342048645,11.9853286743,9.05808067322,6.59691333771,4.89290809631,3.38186788559,1.70109629631,0.641154050827,0.251666784286,0.0918707251549,0.0231985189021,0.00254504312761,0.000173628694029],"median":[0.103848360479,1.53389191628,4.76735973358,6.67386198044,5.72177743912,4.75284910202,5.10276985168,4.56391811371,4.50021409988,4.09120225906,5.94471025467,10.9904060364,12.6514987946,15.4702510834,13.264081955,14.9859628677,13.5922079086,11.1330242157,12.470541954,17.4261779785,29.3579502106,29.3644065857,22.2636756897,27.4180583954,36.0736999512,26.5669460297,16.7038078308,12.8099384308,7.71494007111,5.99802732468,4.28874921799,2.95410561562,1.96389079094,1.06038796902,0.415276825428,0.158093079925,0.0477777644992,0.0106120668352,0.00119380629621,0.0000995368100121],"min":[8.66123206413e-15,4.69566131312e-14,2.18849257835e-13,6.99648997592e-13,1.60065656476e-12,3.88312992872e-12,6.17438608921e-12,1.05470831721e-11,1.42175663603e-11,5.56876853658e-12,2.32631990928e-12,7.55001790254e-12,4.37973685097e-11,6.00788793714e-11,1.63970087508e-10,4.82955411774e-11,6.06091427047e-11,2.02428455942e-11,3.56503784826e-11,1.32235666861e-10,2.91322355128e-10,2.03391845033e-10,3.3407865363e-10,2.84331308498e-10,5.06289010715e-10,6.18909146155e-10,4.73407424373e-10,2.28452354256e-10,2.90280272042e-10,2.62287191966e-10,5.70014813128e-10,9.48509049081e-10,4.43740683087e-10,8.00626009934e-10,4.6607223636e-10,2.71448474809e-10,4.15570716727e-10,1.5386049379e-10,2.61241774741e-11,2.17337627929e-12],"var":[0.13727042079,14.8671455383,54.1705627441,258.226837158,453.710357666,251.433822632,193.740203857,137.215820312,160.41696167,134.704925537,540.259399414,803.831542969,973.084655762,2931.04882812,1111.23144531,2572.22314453,1585.08422852,886.520935059,1070.18762207,1918.5802002,2312.89160156,1506.99853516,1340.72241211,1172.81481934,1445.80371094,806.648498535,330.919311523,216.638748169,211.727386475,99.9483566284,52.9993553162,36.3487625122,22.6062736511,4.62689828873,0.561305344105,0.0894847214222,0.0161959398538,0.00148462993093,0.0000191394374269,4.48566268574e-8]},"erbbands_crest":{"dmean":1.95333981514,"dmean2":3.21281766891,"dvar":4.27256250381,"dvar2":10.7914428711,"max":26.0213184357,"mean":6.39123296738,"median":5.51817560196,"min":2.22346758842,"var":9.40922546387},"erbbands_flatness_db":{"dmean":0.0115812104195,"dmean2":0.0177728738636,"dvar":0.000128447951283,"dvar2":0.000278884574072,"max":0.264068752527,"mean":0.113266192377,"median":0.111245162785,"min":0.0517056845129,"var":0.000642598664854},"erbbands_kurtosis":{"dmean":0.586466431618,"dmean2":0.951609969139,"dvar":0.435278177261,"dvar2":1.1119658947,"max":7.61213874817,"mean":-0.131428644061,"median":-0.350242137909,"min":-1.78375935555,"var":1.06535494328},"erbbands_skewness":{"dmean":0.292866319418,"dmean2":0.44968277216,"dvar":0.0730450600386,"dvar2":0.163052499294,"max":2.56737470627,"mean":-0.369670540094,"median":-0.388917684555,"min":-2.49999332428,"var":0.278597533703},"erbbands_spread":{"dmean":9.32180118561,"dmean2":14.6654138565,"dvar":89.8860473633,"dvar2":199.18800354,"max":164.248077393,"mean":48.7261962891,"median":45.9079017639,"min":10.2976026535,"var":337.065856934},"gfcc":{"cov":[[11080.8662109,143.071762085,-145.795928955,488.417022705,-153.057312012,271.67364502,-66.8088531494,117.923057556,-116.938941956,66.504737854,-10.1135454178,64.0219726562,-86.9353408813],[143.071762085,629.606323242,-215.26020813,99.4100341797,-1.19247853756,-97.0811843872,44.308883667,-68.6175765991,-2.08703255653,-31.1580276489,24.5287036896,-40.1651268005,49.5152931213],[-145.795928955,-215.26020813,404.269714355,-17.7895278931,20.5586338043,24.0414066315,-73.0859222412,-3.12956953049,-15.7891054153,-5.01301813126,-4.36894798279,27.5937538147,-25.8955497742],[488.417022705,99.4100341797,-17.7895278931,235.542694092,-21.9639377594,9.40105819702,-13.0540266037,1.54705119133,28.2093219757,-5.70680713654,21.4596385956,-9.60101604462,14.1916913986],[-153.057312012,-1.19247853756,20.5586338043,-21.9639377594,159.058807373,18.8285560608,45.9412117004,25.2595386505,4.18065404892,11.7729978561,3.01031422615,0.906636238098,9.20452022552],[271.67364502,-97.0811843872,24.0414066315,9.40105819702,18.8285560608,151.578826904,44.3693733215,35.2271461487,-4.14622449875,4.91827201843,9.82259082794,0.342046707869,-13.5120697021],[-66.8088531494,44.308883667,-73.0859222412,-13.0540266037,45.9412117004,44.3693733215,133.950180054,41.2865600586,12.0091733932,12.1799497604,9.24423980713,-1.482016325,9.17403316498],[117.923057556,-68.6175765991,-3.12956953049,1.54705119133,25.2595386505,35.2271461487,41.2865600586,115.220115662,45.7040557861,25.8061771393,6.9670176506,0.736235499382,-0.530580937862],[-116.938941956,-2.08703255653,-15.7891054153,28.2093219757,4.18065404892,-4.14622449875,12.0091733932,45.7040557861,80.145072937,30.6440410614,6.66588783264,-6.64156627655,2.63485860825],[66.504737854,-31.1580276489,-5.01301813126,-5.70680713654,11.7729978561,4.91827201843,12.1799497604,25.8061771393,30.6440410614,63.8874702454,28.6964168549,8.74911880493,-0.706041097641],[-10.1135454178,24.5287036896,-4.36894798279,21.4596385956,3.01031422615,9.82259082794,9.24423980713,6.9670176506,6.66588783264,28.6964168549,60.8333778381,23.6342658997,9.13233947754],[64.0219726562,-40.1651268005,27.5937538147,-9.60101604462,0.906636238098,0.342046707869,-1.482016325,0.736235499382,-6.64156627655,8.74911880493,23.6342658997,57.0766029358,19.9725894928],[-86.9353408813,49.5152931213,-25.8955497742,14.1916913986,9.20452022552,-13.5120697021,9.17403316498,-0.530580937862,2.63485860825,-0.706041097641,9.13233947754,19.9725894928,50.9286575317]],"icov":[[0.000150386273162,-0.000216121770791,0.000099992583273,-0.000414217094658,0.000095779345429,-0.000344679720001,0.000279395346297,-0.000443090830231,0.000702604243997,-0.000746338337194,0.000811014324427,-0.00076725508552,0.000578165752813],[-0.000216121770791,0.00359473889694,0.000800383102614,-0.000262269197265,-0.000408411491662,0.0024793446064,-0.00192321802024,0.00242566596717,-0.00130817166064,0.00321991858073,-0.00435649137944,0.00451439991593,-0.00315741356462],[0.000099992583273,0.000800383102614,0.00365902413614,-0.000499537331052,-0.00109873467591,-0.0005061654374,0.00207340926863,-0.000128710191348,0.000449953105999,0.000396966352127,0.000267592229648,-0.00208713579923,0.00183441024274],[-0.000414217094658,-0.000262269197265,-0.000499537331052,0.00668686581776,0.000357767974492,-0.000474814121844,0.000547230418306,0.00121503381524,-0.00466537056491,0.00414988212287,-0.00489083258435,0.00356140895747,-0.00306674442254],[0.000095779345429,-0.000408411491662,-0.00109873467591,0.000357767974492,0.00767759094015,-0.000372857961338,-0.00239835167304,-0.00119173398707,0.00115578086115,-0.0018714555772,0.000907182518858,0.000660787685774,-0.00167225708719],[-0.000344679720001,0.0024793446064,-0.0005061654374,-0.000474814121844,-0.000372857961338,0.0105998571962,-0.00454044155777,-0.000386021041777,0.000609213951975,0.00315221492201,-0.00489082420245,0.00374155025929,-0.00000854895733937],[0.000279395346297,-0.00192321802024,0.00207340926863,0.000547230418306,-0.00239835167304,-0.00454044155777,0.0129234129563,-0.00426089204848,0.00135768705513,-0.00211522262543,0.0019418328302,-0.00269272155128,0.000713247223757],[-0.000443090830231,0.00242566596717,-0.000128710191348,0.00121503381524,-0.00119173398707,-0.000386021041777,-0.00426089204848,0.0160111188889,-0.00964266248047,0.00196324195713,-0.00319392327219,0.00296083209105,-0.00253374758177],[0.000702604243997,-0.00130817166064,0.000449953105999,-0.00466537056491,0.00115578086115,0.000609213951975,0.00135768705513,-0.00964266248047,0.0248213950545,-0.0131549863145,0.0067050778307,-0.000896603916772,0.00129051518161],[-0.000746338337194,0.00321991858073,0.000396966352127,0.00414988212287,-0.0018714555772,0.00315221492201,-0.00211522262543,0.00196324195713,-0.0131549863145,0.0320956744254,-0.0187406204641,0.00533547904342,-0.00138943793718],[0.000811014324427,-0.00435649137944,0.000267592229648,-0.00489083258435,0.000907182518858,-0.00489082420245,0.0019418328302,-0.00319392327219,0.0067050778307,-0.0187406204641,0.0350063554943,-0.0175019931048,0.00525410706177],[-0.00076725508552,0.00451439991593,-0.00208713579923,0.00356140895747,0.000660787685774,0.00374155025929,-0.00269272155128,0.00296083209105,-0.000896603916772,0.00533547904342,-0.0175019931048,0.0352773144841,-0.0169392079115],[0.000578165752813,-0.00315741356462,0.00183441024274,-0.00306674442254,-0.00167225708719,-0.00000854895733937,0.000713247223757,-0.00253374758177,0.00129051518161,-0.00138943793718,0.00525410706177,-0.0169392079115,0.0312392674387]],"mean":[45.7665901184,64.7409210205,-108.70993042,50.1926460266,-42.9467201233,17.3136501312,-25.6468925476,12.1761579514,-26.5734786987,-3.19431042671,-17.7549362183,-1.22236692905,-10.2644128799]},"hfc":{"dmean":8.59118747711,"dmean2":14.052110672,"dvar":157.692993164,"dvar2":415.353057861,"max":137.420074463,"mean":29.5360546112,"median":26.7196292877,"min":8.19118994855e-9,"var":271.577941895},"melbands":{"dmean":[0.00256941351108,0.00251505174674,0.00130923534743,0.000721410324331,0.000226535397815,0.00011930897017,0.0000788110337453,0.0000533390993951,0.000073602735938,0.0000763931093388,0.0000708647203282,0.0000844339083415,0.0000444349061581,0.0000394459493691,0.0000418807103415,0.0000299643288599,0.0000219398134504,0.0000207622670132,0.000019353317839,0.0000251922374446,0.0000242934274866,0.0000210250000237,0.0000189945003513,0.0000141097743835,0.000014548625586,0.0000182949224836,0.0000165623077919,0.000010576324712,0.00000729747580408,0.00000590291392655,0.00000544062459085,0.00000526125268152,0.00000382661755793,0.00000281757593257,0.00000224820951189,0.00000168374447185,0.00000143217960158,0.00000117747458717,9.19231297303e-7,5.52233586859e-7],"dmean2":[0.00433657923713,0.00414244271815,0.00207363953814,0.00126666540746,0.000376438722014,0.000197581626708,0.000131135442643,0.000089773820946,0.000121540906548,0.000125295453472,0.000115702649055,0.000138307426823,0.0000712750916136,0.0000637934062979,0.0000680636803736,0.0000490355123475,0.0000356844429916,0.0000336855009664,0.0000312291558657,0.0000404472993978,0.0000397537842218,0.0000345712178387,0.0000311347102979,0.000023058601073,0.0000238561424339,0.000031048002711,0.0000279232499452,0.0000177398887899,0.0000122483679661,0.00000993542380456,0.0000095842005976,0.00000950453159021,0.00000680703442413,0.00000487952684125,0.00000387636873711,0.00000285332544081,0.00000231911917581,0.0000018974011482,0.00000146390493683,8.80029574546e-7],"dvar":[0.000018372618797,0.0000124293746921,0.00000363180447494,0.00000294589676741,1.25832983144e-7,4.09107947519e-8,2.36264323661e-8,1.46554421931e-8,2.81240470912e-8,2.06471195696e-8,1.7477740144e-8,2.52511522802e-8,5.88668047641e-9,5.4656621451e-9,6.94312785043e-9,4.12720302378e-9,1.85727622171e-9,1.56054447142e-9,1.60781465919e-9,1.77497483378e-9,1.46785739119e-9,8.62530158408e-10,7.35058625079e-10,4.30833063669e-10,3.72342545685e-10,6.03311844927e-10,3.86146059572e-10,2.27599508684e-10,1.03624137049e-10,6.38623945393e-11,9.10082981198e-11,1.03520261807e-10,5.30820283562e-11,2.10711552373e-11,1.47945475315e-11,7.25663626411e-12,5.76531660954e-12,4.45987040701e-12,2.53310436862e-12,9.47663063473e-13],"dvar2":[0.0000466115307063,0.0000319432510878,0.00000854920563143,0.00000839949916553,3.28289388563e-7,1.06218998042e-7,5.96028613131e-8,3.86368164129e-8,7.24461628465e-8,5.32800505937e-8,4.36711466989e-8,6.65365789132e-8,1.34730324675e-8,1.31028450312e-8,1.71998593146e-8,1.04600026418e-8,4.58995375041e-9,3.8757623777e-9,3.71524544462e-9,4.31034585802e-9,3.4609914934e-9,2.19481566255e-9,1.81744674865e-9,1.0998516542e-9,9.73141678351e-10,1.62198166009e-9,1.02140751412e-9,5.99606420071e-10,2.70386796286e-10,1.71629946366e-10,2.56253712694e-10,2.92438906424e-10,1.49846149378e-10,5.70217727203e-11,3.97680464947e-11,1.8771527735e-11,1.33527607374e-11,9.48005129259e-12,5.29292321777e-12,2.22276212193e-12],"max":[0.0303253233433,0.034514259547,0.0276908539236,0.016211559996,0.0061496454291,0.00423675216734,0.00348489987664,0.00315070804209,0.00399792985991,0.00367685500532,0.00275650573894,0.00256552593783,0.00164320215117,0.00207275780849,0.00158605992328,0.00149666913785,0.000874985475093,0.00095207936829,0.00153870577924,0.00106110866182,0.00116732541937,0.000808530545328,0.000825897674076,0.000366524618585,0.000340207014233,0.000356303091394,0.00032236095285,0.000388285261579,0.000154615787324,0.000100619254226,0.000115353061119,0.000110430424684,0.0000799083936727,0.000077198514191,0.0000708999432391,0.0000493077495776,0.0000520510438946,0.0000480802737002,0.0000413144480262,0.0000258275122178],"mean":[0.00279515213333,0.00379921821877,0.00201132916845,0.000792851613369,0.000341682170983,0.000185887693078,0.000120502467325,0.0000778200337663,0.000108453452413,0.000120648968732,0.000112623289169,0.000138803894515,0.0000793877043179,0.000069584697485,0.0000704094927642,0.0000512319566042,0.0000369257941202,0.0000362195860362,0.0000351702947228,0.0000483356452605,0.0000475085544167,0.0000405786595365,0.0000375630843337,0.0000278339175566,0.0000296445450658,0.0000325127402903,0.0000325678447552,0.0000199988990062,0.0000135506106744,0.0000117584077088,0.00000868536153575,0.00000690992010277,0.00000576060028834,0.00000475544584333,0.0000038862403926,0.00000316686328006,0.00000297836686514,0.0000024455005132,0.00000199086525754,0.0000012389729136],"median":[0.00133551587351,0.00254150712863,0.0011803220259,0.00036731918226,0.000187330428162,0.000106567844341,0.0000676928466419,0.0000420887481596,0.0000533403581358,0.0000667620624881,0.0000590857562202,0.0000608644695603,0.0000408488958783,0.000037541747588,0.0000355021365976,0.0000248275882768,0.0000189153161045,0.0000190567498066,0.0000174339056684,0.000029568636819,0.000033085449104,0.0000288784503937,0.0000249235672527,0.0000174768847501,0.0000214267438423,0.0000234531853494,0.0000262302801275,0.0000145019630509,0.00000984322196018,0.00000942831320572,0.00000606520643487,0.00000421705044573,0.0000037178074308,0.0000030104608868,0.00000252728364103,0.00000185094143035,0.00000172813088284,0.00000133954995363,0.00000122026995086,7.7784699215e-7],"min":[7.92614256767e-17,9.73337735789e-17,1.41517394388e-16,1.9119873548e-16,2.15954451269e-16,2.38700449042e-16,2.05362370438e-16,4.84965206705e-17,1.65227077426e-17,5.24062659363e-17,2.29751413605e-16,2.24485383302e-16,5.38344971578e-16,2.31107354535e-16,1.21765658084e-16,1.09948694819e-16,2.62742903532e-17,5.21169016144e-17,7.61284757979e-17,3.17150073048e-16,3.34721798008e-16,1.74447666332e-16,2.98188022914e-16,3.6415079309e-16,2.03220263819e-16,2.43493067336e-16,3.92791412257e-16,4.7655217107e-16,3.69331087777e-16,2.58819360893e-16,6.29060267935e-17,1.31651631074e-16,1.66610943974e-16,1.62303199102e-16,3.11254856084e-16,4.5172759415e-16,6.35091910143e-16,2.77565047049e-16,3.21379943828e-16,8.41433794775e-16],"var":[0.0000163711192727,0.0000150309770106,0.00000605301056567,0.00000209350628211,2.00180835463e-7,6.68284627636e-8,3.51781856978e-8,1.87428703669e-8,3.95054193802e-8,3.21002602277e-8,2.63424606572e-8,5.08053403792e-8,1.50419126044e-8,1.21457839342e-8,1.31750796939e-8,7.60489982099e-9,3.22705306921e-9,3.00114488816e-9,3.69593911032e-9,4.00965349812e-9,3.15834092213e-9,1.78580772392e-9,1.72497893747e-9,1.04507980048e-9,8.4248324983e-10,9.05754471425e-10,6.57568388629e-10,3.7211039805e-10,1.6766110722e-10,9.05463620748e-11,8.39100317007e-11,8.14179279551e-11,4.98925865899e-11,2.8722323131e-11,1.96676286368e-11,1.44022996654e-11,1.55912626559e-11,1.28718711037e-11,7.84452711122e-12,2.49785869072e-12]},"melbands_crest":{"dmean":3.67930436134,"dmean2":5.94622659683,"dvar":8.9157705307,"dvar2":21.982416153,"max":31.2432346344,"mean":15.492058754,"median":15.2446107864,"min":1.81911361217,"var":22.6712017059},"melbands_flatness_db":{"dmean":0.0310836397111,"dmean2":0.0501711927354,"dvar":0.000790730467997,"dvar2":0.00203279894777,"max":0.449285507202,"mean":0.164999231696,"median":0.160302728415,"min":0.00508778635412,"var":0.00240975897759},"melbands_kurtosis":{"dmean":10.1467876434,"dmean2":16.2382946014,"dvar":241.114624023,"dvar2":546.5078125,"max":324.316955566,"mean":16.0099048615,"median":9.48798370361,"min":-1.56020081043,"var":461.061676025},"melbands_skewness":{"dmean":1.03781962395,"dmean2":1.65259504318,"dvar":1.07022738457,"dvar2":2.59013700485,"max":16.2781562805,"mean":3.29973196983,"median":2.9944524765,"min":-0.596665143967,"var":3.01914358139},"melbands_spread":{"dmean":10.4656486511,"dmean2":17.0406265259,"dvar":98.7292556763,"dvar2":255.125915527,"max":189.102813721,"mean":30.1729621887,"median":27.312128067,"min":0.89510756731,"var":300.717376709},"mfcc":{"cov":[[5474.03515625,235.691757202,-38.6063537598,173.269271851,66.0724487305,111.794891357,84.6437072754,150.10307312,56.332824707,86.7830047607,30.8575325012,13.10044384,42.1197776794],[235.691757202,508.567962646,-134.650299072,98.1358718872,-23.5127105713,3.6367251873,34.047416687,-22.930021286,9.95360183716,-22.8677539825,-24.8829498291,-5.72854995728,-5.34943008423],[-38.6063537598,-134.650299072,324.492950439,-11.3311815262,54.801235199,1.78063619137,-39.6531524658,-1.99054765701,-43.9737854004,-21.4420280457,-10.227396965,-2.22228002548,-2.26714253426],[173.269271851,98.1358718872,-11.3311815262,188.54850769,19.7857551575,-7.0416226387,-21.6647529602,-9.2056055069,12.4182052612,-11.2807331085,-1.86638629436,10.0514812469,14.4189805984],[66.0724487305,-23.5127105713,54.801235199,19.7857551575,125.625297546,6.49147891998,3.30925059319,5.04800748825,1.00119662285,9.2989692688,-1.1110701561,0.871547043324,-0.241994231939],[111.794891357,3.6367251873,1.78063619137,-7.0416226387,6.49147891998,93.27784729,38.4122428894,13.0938663483,-5.15577030182,0.0205601546913,2.69902968407,-6.48614931107,-3.08171749115],[84.6437072754,34.047416687,-39.6531524658,-21.6647529602,3.30925059319,38.4122428894,115.101531982,39.8321456909,17.2705020905,12.9977502823,4.59857273102,11.8557815552,6.66182899475],[150.10307312,-22.930021286,-1.99054765701,-9.2056055069,5.04800748825,13.0938663483,39.8321456909,77.1307067871,32.6385002136,19.4249095917,6.74296045303,6.39873981476,4.81614303589],[56.332824707,9.95360183716,-43.9737854004,12.4182052612,1.00119662285,-5.15577030182,17.2705020905,32.6385002136,75.8135986328,40.1963844299,11.6104097366,5.38984441757,3.787981987],[86.7830047607,-22.8677539825,-21.4420280457,-11.2807331085,9.2989692688,0.0205601546913,12.9977502823,19.4249095917,40.1963844299,77.2328796387,30.9278526306,12.8396987915,5.18305921555],[30.8575325012,-24.8829498291,-10.227396965,-1.86638629436,-1.1110701561,2.69902968407,4.59857273102,6.74296045303,11.6104097366,30.9278526306,55.2224349976,25.5956707001,9.17170810699],[13.10044384,-5.72854995728,-2.22228002548,10.0514812469,0.871547043324,-6.48614931107,11.8557815552,6.39873981476,5.38984441757,12.8396987915,25.5956707001,55.9792671204,26.6101741791],[42.1197776794,-5.34943008423,-2.26714253426,14.4189805984,-0.241994231939,-3.08171749115,6.66182899475,4.81614303589,3.787981987,5.18305921555,9.17170810699,26.6101741791,48.5493164062]],"icov":[[0.000214098210563,-0.0001125048002,3.02121605955e-7,-0.000181813389645,-0.0000574320256419,-0.000209897378227,0.000081734804553,-0.000493237108458,0.000229524317547,-0.00030305609107,-0.0000221309237531,0.000124977086671,-0.000169898630702],[-0.0001125048002,0.00278599536978,0.00091655633878,-0.00139299186412,0.00034698084346,0.000189465412404,-0.0013252083445,0.00139532471076,-0.000280685897451,0.00051231821999,0.00113669259008,-0.000261549081188,0.000814100785647],[3.02121605955e-7,0.00091655633878,0.00427504815161,-0.0000684580008965,-0.00167505617719,-0.0003520550963,0.00144329678733,-0.00130165787414,0.00237129256129,0.000252644269494,0.000863865250722,-0.000681406469084,0.000219376786845],[-0.000181813389645,-0.00139299186412,-0.0000684580008965,0.00712503865361,-0.00147590378765,-0.000338634999935,0.00218562036753,0.000590750423726,-0.00265059899539,0.00236859754659,-0.00051665538922,-0.0011028891895,-0.00184637715574],[-0.0000574320256419,0.00034698084346,-0.00167505617719,-0.00147590378765,0.00921378005296,-0.000290876138024,-0.00105045025703,0.000322257197695,0.000129149280838,-0.00208364333957,0.0011628868524,-0.000116611423437,0.000644408690277],[-0.000209897378227,0.000189465412404,-0.0003520550963,-0.000338634999935,-0.000290876138024,0.0135632148013,-0.00514025241137,-0.000298777566059,0.00211507966742,0.000377957272576,-0.00240307720378,0.00352968065999,0.000195534375962],[0.000081734804553,-0.0013252083445,0.00144329678733,0.00218562036753,-0.00105045025703,-0.00514025241137,0.0142808035016,-0.00638541439548,0.000031112202123,-0.000418768759118,0.00155361846555,-0.00364324636757,-0.000710648368113],[-0.000493237108458,0.00139532471076,-0.00130165787414,0.000590750423726,0.000322257197695,-0.000298777566059,-0.00638541439548,0.0212464146316,-0.00892919581383,0.00105218309909,0.000135768670589,-0.00039923665463,-0.00012587607489],[0.000229524317547,-0.000280685897451,0.00237129256129,-0.00265059899539,0.000129149280838,0.00211507966742,0.000031112202123,-0.00892919581383,0.0246289409697,-0.0116024240851,0.00185089709703,0.00118808075786,4.83313442601e-7],[-0.00030305609107,0.00051231821999,0.000252644269494,0.00236859754659,-0.00208364333957,0.000377957272576,-0.000418768759118,0.00105218309909,-0.0116024240851,0.0242786351591,-0.0109396437183,0.000426455779234,-0.000259376654867],[-0.0000221309237531,0.00113669259008,0.000863865250722,-0.00051665538922,0.0011628868524,-0.00240307720378,0.00155361846555,0.000135768670589,0.00185089709703,-0.0109396437183,0.0301250796765,-0.0129829850048,0.00241329125129],[0.000124977086671,-0.000261549081188,-0.000681406469084,-0.0011028891895,-0.000116611423437,0.00352968065999,-0.00364324636757,-0.00039923665463,0.00118808075786,0.000426455779234,-0.0129829850048,0.0316349603236,-0.0141033744439],[-0.000169898630702,0.000814100785647,0.000219376786845,-0.00184637715574,0.000644408690277,0.000195534375962,-0.000710648368113,-0.00012587607489,4.83313442601e-7,-0.000259376654867,0.00241329125129,-0.0141033744439,0.0288208406419]],"mean":[-593.723937988,92.0608291626,0.0155303543434,36.9053573608,9.94445991516,10.3463859558,12.6814670563,11.8046741486,4.82020044327,3.0163834095,-4.62382030487,-0.633046448231,-0.259413212538]},"pitch_salience":{"dmean":0.0942861959338,"dmean2":0.153438970447,"dvar":0.00726563576609,"dvar2":0.0184884220362,"max":0.899455189705,"mean":0.553404211998,"median":0.569735467434,"min":0.153134420514,"var":0.0141285760328},"silence_rate_20dB":{"dmean":0,"dmean2":0,"dvar":0,"dvar2":0,"max":1,"mean":1,"median":1,"min":1,"var":0},"silence_rate_30dB":{"dmean":0.00305143860169,"dmean2":0.00610354216769,"dvar":0.00304230488837,"dvar2":0.00868258904666,"max":1,"mean":0.998256504536,"median":1,"min":0,"var":0.00174036377575},"silence_rate_60dB":{"dmean":0.000871839583851,"dmean2":0.00174386915751,"dvar":0.000871269789059,"dvar2":0.00195865216665,"max":1,"mean":0.0181976687163,"median":0,"min":0,"var":0.0178662613034},"spectral_centroid":{"dmean":311.850494385,"dmean2":484.574890137,"dvar":89362.890625,"dvar2":203350.96875,"max":4431.60205078,"mean":2004.67358398,"median":2072.78662109,"min":219.194564819,"var":332883.6875},"spectral_complexity":{"dmean":5.69224071503,"dmean2":8.40065383911,"dvar":27.038061142,"dvar2":53.0168647766,"max":62,"mean":32.9998893738,"median":34,"min":0,"var":129.575866699},"spectral_contrast_coeffs":{"dmean":[0.0578390173614,0.046912573278,0.03773419559,0.0287521779537,0.0195744931698,0.0176655873656],"dmean2":[0.0941144526005,0.0778266787529,0.0634157285094,0.047717217356,0.0326696112752,0.028172198683],"dvar":[0.00226850062609,0.00137760606594,0.0008976777317,0.00053167756414,0.000245442031883,0.000256246159552],"dvar2":[0.00602569757029,0.0037633725442,0.00239198189229,0.0014386336552,0.000670474604703,0.000605475855991],"max":[-0.311159282923,-0.542403936386,-0.586427509785,-0.615266919136,-0.670718848705,-0.595288991928],"mean":[-0.655877113342,-0.772166132927,-0.798252701759,-0.803576588631,-0.797218382359,-0.744964063168],"median":[-0.66109675169,-0.778092384338,-0.804024279118,-0.807122409344,-0.798393547535,-0.743541359901],"min":[-0.963872730732,-0.964328289032,-0.960191309452,-0.951040625572,-0.942495763302,-0.944886028767],"var":[0.00517644872889,0.00341777619906,0.00261962972581,0.0015757821966,0.000813272024971,0.00148841412738]},"spectral_contrast_valleys":{"dmean":[0.395243436098,0.343002766371,0.287020862103,0.245615765452,0.232092410326,0.241705864668],"dmean2":[0.657547712326,0.570970416069,0.464849114418,0.382567644119,0.348085403442,0.375375032425],"dvar":[0.0978821441531,0.0795089825988,0.0531051792204,0.0421898216009,0.0500773154199,0.0940567106009],"dvar2":[0.268484950066,0.213386252522,0.132926017046,0.0962234064937,0.109070189297,0.222124189138],"max":[-5.12082719803,-4.93210411072,-5.19363689423,-5.54865932465,-5.40922784805,-7.71924734116],"mean":[-6.72015762329,-6.75330781937,-6.87357997894,-7.14178705215,-6.65207195282,-9.41085624695],"median":[-6.56558179855,-6.65792894363,-6.75802230835,-7.04070043564,-6.52129793167,-9.23524856567],"min":[-20.1725826263,-20.6968517303,-19.7331371307,-19.8722362518,-18.7562446594,-19.9827251434],"var":[1.37060773373,1.0585526228,1.02135884762,1.00200271606,1.05944275856,1.17089927197]},"spectral_decrease":{"dmean":4.12840694963e-9,"dmean2":6.84873713297e-9,"dvar":2.70276881094e-17,"dvar2":6.94824766227e-17,"max":4.36500727702e-18,"mean":-8.92566909272e-9,"median":-7.23322468588e-9,"min":-4.13837426549e-8,"var":3.30214272475e-17},"spectral_energy":{"dmean":0.0160855706781,"dmean2":0.0266221277416,"dvar":0.000410211388953,"dvar2":0.00105130835436,"max":0.159616231918,"mean":0.0363664850593,"median":0.0299283768982,"min":5.92265765511e-13,"var":0.000508114055265},"spectral_energyband_high":{"dmean":0.000746281933971,"dmean2":0.00127146265004,"dvar":0.00000145111209804,"dvar2":0.00000399294822273,"max":0.0130890356377,"mean":0.00174058333505,"median":0.00137559883296,"min":4.70986856287e-13,"var":0.00000192699189938},"spectral_energyband_low":{"dmean":0.0126999467611,"dmean2":0.0209635663778,"dvar":0.000311288924422,"dvar2":0.00080094585428,"max":0.147701516747,"mean":0.0202035047114,"median":0.0136208683252,"min":6.95815225675e-16,"var":0.000359477242455},"spectral_energyband_middle_high":{"dmean":0.0019090292044,"dmean2":0.00295782904141,"dvar":0.00000459034663436,"dvar2":0.0000104259534055,"max":0.0466492399573,"mean":0.00689594866708,"median":0.00603705691174,"min":3.61637803037e-14,"var":0.000020376915927},"spectral_energyband_middle_low":{"dmean":0.00571804773062,"dmean2":0.00950146280229,"dvar":0.000102712278021,"dvar2":0.000281701941276,"max":0.0926632732153,"mean":0.0103691183031,"median":0.00721086608246,"min":4.19542110335e-15,"var":0.000105092192825},"spectral_entropy":{"dmean":0.098572820425,"dmean2":0.147470250726,"dvar":0.00993561279029,"dvar2":0.0202286541462,"max":9.01634120941,"mean":7.97555017471,"median":7.99260044098,"min":6.22594404221,"var":0.0452778153121},"spectral_flux":{"dmean":0.0344977900386,"dmean2":0.0547023378313,"dvar":0.00139689561911,"dvar2":0.00290569360368,"max":0.302207171917,"mean":0.108382999897,"median":0.09463134408,"min":0.00000423085066359,"var":0.0025811274536},"spectral_kurtosis":{"dmean":0.781781196594,"dmean2":1.2964220047,"dvar":0.646450161934,"dvar2":1.79670381546,"max":19.8010807037,"mean":3.10346698761,"median":2.84383869171,"min":-0.551471710205,"var":1.9119682312},"spectral_rms":{"dmean":0.00119940203149,"dmean2":0.00193662615493,"dvar":0.00000172904219653,"dvar2":0.00000433501736552,"max":0.0124789085239,"mean":0.00568321859464,"median":0.00540355592966,"min":2.40378916772e-8,"var":0.0000031805927847},"spectral_rolloff":{"dmean":779.425964355,"dmean2":1324.71105957,"dvar":767225.1875,"dvar2":1896296,"max":20456.5429688,"mean":1941.5637207,"median":1808.7890625,"min":86.1328125,"var":2709351.75},"spectral_skewness":{"dmean":0.135969877243,"dmean2":0.221035316586,"dvar":0.0182002466172,"dvar2":0.0457571297884,"max":2.99784231186,"mean":1.18383228779,"median":1.13552832603,"min":0.208686947823,"var":0.0703448355198},"spectral_spread":{"dmean":405585.46875,"dmean2":589515.875,"dvar":238062321664,"dvar2":422127632384,"max":14773212,"mean":4784713,"median":4572676,"min":2050781,"var":1428820197380},"spectral_strongpeak":{"dmean":0.31023734808,"dmean2":0.537708759308,"dvar":0.282481402159,"dvar2":0.747747182846,"max":9.91272163391,"mean":0.478142052889,"median":0.340421468019,"min":0,"var":0.282537609339},"zerocrossingrate":{"dmean":0.0113191213459,"dmean2":0.0141769731417,"dvar":0.0000968009408098,"dvar2":0.000146720762132,"max":0.57958984375,"mean":0.0758480578661,"median":0.07177734375,"min":0.0048828125,"var":0.00145094050094}},"metadata":{"audio_properties":{"analysis_sample_rate":44100,"bit_rate":0,"codec":"flac","downmix":"mix","equal_loudness":0,"length":213.053329468,"lossless":true,"md5_encoded":"a3afeaaddfe9403e5c205d270a135a0c","replay_gain":-15.1182460785,"sample_rate":44100},"tags":{"acoustid_id":["fd0c3475-b480-4234-b367-6b308c741d86"],"album":["Firepower"],"albumartist":["Judas Priest"],"albumartistsort":["Judas Priest"],"artist":["Judas Priest"],"artistsort":["Judas Priest"],"bpm":["94"],"date":["2018-03-09"],"discnumber":["1"],"disctotal":["1"],"file_name":"Judas Priest - Necromancer.flac","genre":["Heavy Metal"],"grouping":["Heavy Metal"],"label":["Columbia"],"language":["eng"],"media":["CD"],"musicbrainz_albumartistid":["6b335658-22c8-485d-93de-0bc29a1d0349"],"musicbrainz_albumid":["2bedb078-b357-48fa-ba6e-bc59c7791b8b"],"musicbrainz_artistid":["6b335658-22c8-485d-93de-0bc29a1d0349"],"musicbrainz_recordingid":["9598b237-6573-41fe-ad35-4e4d299c4b60"],"musicbrainz_releasegroupid":["9a88237d-083c-41a3-ba99-7451bdd78115"],"musicbrainz_releasetrackid":["70dcc936-7a19-4e12-add4-dac4ffc6529b"],"musicbrainz_workid":["ddb9d981-83d4-42fe-8b3f-7f6b5d2e6d27"],"originaldate":["2018-03-07"],"originalyear":["2018"],"releasecountry":["GB"],"releasestatus":["official"],"releasetype":["album"],"script":["Latn"],"title":["Necromancer"],"totaldiscs":["1"],"totaltracks":["14"],"tracknumber":["5"],"tracktotal":["14"],"work":["Necromancer"],"writer":["Glenn Tipton","Richie Faulkner","Rob Halford"]},"version":{"essentia":"2.1-beta2","essentia_build_sha":"70f2e5ece6736b2c40cc944ad0e695b16b925413","essentia_git_sha":"v2.1_beta2","extractor":"music 1.0"}},"rhythm":{"beats_count":326,"beats_loudness":{"dmean":0.0171479452401,"dmean2":0.0292833093554,"dvar":0.000210951824556,"dvar2":0.000588614144363,"max":0.101784430444,"mean":0.0427107103169,"median":0.0395917892456,"min":3.48831574737e-10,"var":0.000387673586374},"beats_loudness_band_ratio":{"dmean":[0.1688318