{"lowlevel":{"average_loudness":0.891754865646,"barkbands":{"dmean":[0.00177129544318,0.00444785645232,0.00127276149578,0.00152635073755,0.00259622605518,0.0025950842537,0.00108046643436,0.000588518916629,0.000718844472431,0.000549142656382,0.000283126923023,0.0000958039818215,0.000096597133961,0.000132377914269,0.000105800929305,0.0000461145100417,0.0000135575955937,0.0000112721400001,0.0000168862970895,0.0000148536828419,0.0000217574324779,0.00000891760009836,0.00000326121676153,0.00000272333204521,0.00000204291268346,0.00000243606882577,0.00000830347744341],"dmean2":[0.00250727753155,0.00611814530566,0.00202489481308,0.00254885945469,0.00407500565052,0.00402516685426,0.00159815791994,0.000898385420442,0.00114282139111,0.000861139094923,0.000448162580142,0.000153004119056,0.000152547741891,0.000208115932764,0.000170173123479,0.0000737289446988,0.0000211147853406,0.000017321546693,0.000024749104341,0.0000213592229557,0.000030693019653,0.0000129050149553,0.00000478069523524,0.00000411677592638,0.00000317969056596,0.000003664473752,0.0000112766792881],"dvar":[0.0000091932442956,0.0000484608935949,0.00000572136877963,0.00000879038179846,0.0000275215788861,0.0000369729241356,0.00000634792922938,0.00000357129988515,0.00000339598659593,0.00000236865639636,7.48019772345e-7,5.61067778904e-8,9.98392195584e-8,8.4858342575e-8,4.1968053921e-8,9.51723411191e-9,7.70664865257e-10,8.50781500805e-10,1.99619942798e-9,2.14004969301e-9,9.79937908596e-9,8.95681251389e-10,4.61910024119e-11,4.09400915946e-11,1.6665160571e-11,2.35089898937e-11,4.53347720475e-10],"dvar2":[0.0000187031309906,0.0000874430625117,0.0000140857846418,0.0000230735859077,0.0000624916428933,0.0000836001418065,0.0000124715388665,0.00000933524097491,0.00000804087812867,0.00000535094204679,0.00000179794631094,1.43789520735e-7,2.3206476385e-7,2.03734245474e-7,1.04236562493e-7,2.38570052602e-8,1.69677938366e-9,1.93817184524e-9,3.69344821394e-9,3.47165007852e-9,1.83151840361e-8,1.6069878761e-9,7.94483506761e-11,8.31169161275e-11,3.46615826319e-11,4.74181700849e-11,6.92655877099e-10],"max":[0.0442395359278,0.127922579646,0.0669146925211,0.0606377720833,0.11225053668,0.125599399209,0.055584102869,0.0721628591418,0.0532952807844,0.0548244938254,0.0245707724243,0.00619893567637,0.0110157346353,0.00758076598868,0.0032902834937,0.00171075563412,0.000746110687032,0.00116734812036,0.00211244658567,0.00234445603564,0.00643343804404,0.0014720398467,0.000367515400285,0.000321754254401,0.0000954391944106,0.000157284783199,0.00127279013395],"mean":[0.00339776976034,0.0104469079524,0.00194336113054,0.00210676249117,0.00444441428408,0.00411326996982,0.00186642550398,0.00104671053123,0.00120928650722,0.000844171096105,0.00042241482879,0.000157665665029,0.000160124400281,0.00023078203958,0.00019229647296,0.0000786690507084,0.0000239515029534,0.0000196848723135,0.0000331972878485,0.000029120090403,0.0000397795374738,0.0000157348677021,0.00000507916502102,0.000003576775498,0.00000226584688789,0.0000033625051401,0.0000215236468648],"median":[0.00100225082133,0.00274588610046,0.000783278723247,0.000849236093927,0.00189492816571,0.000758610549383,0.000429743056884,0.00017006105918,0.000270909426035,0.000114591071906,0.0000738650123822,0.0000613026568317,0.0000431135340477,0.000068827503128,0.0000642171726213,0.0000281069878838,0.0000123864938359,0.0000104394594018,0.0000114349904834,0.00000909075515665,0.00000958350028668,0.00000527711063114,0.00000206103686651,0.00000118225125334,4.8578277756e-7,0.00000121142284115,0.00000935219213716],"min":[6.08314605666e-25,1.45570112117e-23,3.9229461171e-24,1.88168924432e-24,1.46216599406e-23,1.44913369636e-23,8.61857912427e-24,6.5098190294e-24,2.37533591627e-23,3.12157561341e-23,3.76818943575e-23,4.31722526619e-23,4.57595271044e-23,3.04564743574e-23,8.93865675444e-23,5.17165092559e-23,8.3794685997e-23,1.40930972594e-22,1.76354790476e-22,2.44208516088e-22,3.33227670088e-22,4.12870663183e-22,4.13392270635e-22,7.12220733251e-22,8.76155318981e-22,1.07371143417e-21,2.00838402596e-21],"var":[0.0000242277146754,0.000315556942951,0.0000108105887193,0.0000145431940837,0.0000647679189569,0.0000753636923037,0.0000174697252078,0.00000880535117176,0.00000954115148488,0.00000548621301277,0.00000139534358823,1.06554075785e-7,1.81199965255e-7,2.04169651852e-7,1.01151179877e-7,2.03465759796e-8,1.6905973288e-9,1.52192847214e-9,5.86803317049e-9,7.01774904854e-9,2.41187319006e-8,2.47075315762e-9,1.1861679694e-10,8.27813581572e-11,2.76112344794e-11,4.77837942825e-11,1.73147285398e-9]},"barkbands_crest":{"dmean":2.70726561546,"dmean2":4.32604980469,"dvar":5.27193117142,"dvar2":13.1314897537,"max":25.0789451599,"mean":11.6338977814,"median":10.9176368713,"min":2.79004669189,"var":18.5870571136},"barkbands_flatness_db":{"dmean":0.0294878445566,"dmean2":0.0447676293552,"dvar":0.000615508528426,"dvar2":0.00145187112503,"max":0.450119197369,"mean":0.19451162219,"median":0.191608354449,"min":0.0408577471972,"var":0.00297783128917},"barkbands_kurtosis":{"dmean":6.20499849319,"dmean2":9.66590023041,"dvar":82.6139755249,"dvar2":192.651779175,"max":235.543304443,"mean":13.448677063,"median":7.47274684906,"min":-1.81374430656,"var":296.247589111},"barkbands_skewness":{"dmean":0.676243662834,"dmean2":1.04209077358,"dvar":0.404855102301,"dvar2":0.932990908623,"max":12.8262481689,"mean":2.34802174568,"median":2.07630848885,"min":-2.78304505348,"var":2.94154024124},"barkbands_spread":{"dmean":2.88022255898,"dmean2":4.37827301025,"dvar":17.6739501953,"dvar2":33.5164108276,"max":127.919921875,"mean":9.82431125641,"median":7.48382472992,"min":0.579855144024,"var":94.1411437988},"dissonance":{"dmean":0.0274189766496,"dmean2":0.0465220622718,"dvar":0.000646158994641,"dvar2":0.00180152012035,"max":0.500000178814,"mean":0.447285801172,"median":0.45581266284,"min":0.237940490246,"var":0.00147853489034},"dynamic_complexity":4.63606595993,"erbbands":{"dmean":[0.210885450244,0.766112923622,1.22654104233,3.47971534729,7.20314741135,8.83148097992,13.0464878082,22.9601325989,18.5673332214,15.99031353,13.3570680618,15.5928258896,22.1680240631,9.96624279022,7.44441556931,4.12096977234,4.00374364853,6.55947065353,4.90403318405,4.99093198776,1.59251594543,0.753630340099,0.587561964989,0.784975647926,0.838595211506,0.707261681557,0.863066077232,0.763680875301,0.347771018744,0.160269886255,0.0867879539728,0.0646214932203,0.0400940775871,0.0232744477689,0.0143964970484,0.00846075080335,0.00488540856168,0.0028767765034,0.00138201797381,0.000115837945486],"dmean2":[0.287671685219,1.06285762787,1.91931271553,5.63604259491,12.0523910522,13.7370452881,20.5170898438,35.4729995728,28.9233913422,23.3915920258,20.3476524353,24.674495697,35.1363449097,15.3342838287,11.6450157166,6.501973629,6.28865289688,10.3194894791,7.73444271088,7.98705434799,2.49473810196,1.15699315071,0.886084020138,1.18201625347,1.22588932514,1.00749087334,1.26907289028,1.07615554333,0.491929262877,0.229518175125,0.128657966852,0.0961266905069,0.0617067553103,0.036210924387,0.0224076006562,0.0131131540984,0.00725193368271,0.00397857232019,0.00184836494736,0.000158060254762],"dvar":[0.103246487677,1.80603194237,4.61746835709,42.7768592834,207.301132202,479.951171875,1441.44128418,2894.60986328,1985.20239258,2557.23095703,1503.51074219,1742.77087402,4569.06103516,711.030334473,368.255645752,105.756782532,170.937042236,213.831802368,105.46661377,106.809257507,11.9250297546,2.51892709732,1.92779183388,4.64878320694,4.9193854332,5.1296339035,14.5825710297,12.4915914536,1.4741768837,0.178062707186,0.0315658524632,0.0354815088212,0.0066248443909,0.00212915614247,0.000827262527309,0.000271105673164,0.000132836386911,0.000070065005275,0.0000281683660432,4.11973601899e-8],"dvar2":[0.193138226867,3.27220726013,10.9129066467,102.212677002,508.823059082,1032.97521973,3241.45239258,6721.02148438,4745.07763672,5203.76171875,3414.75512695,3909.35205078,10964.4580078,1584.35925293,868.882019043,267.44934082,402.996124268,521.716125488,245.358016968,278.237518311,29.5563964844,5.34973621368,4.06317806244,9.89539051056,9.22334289551,8.56666946411,29.687625885,22.1548194885,2.52250337601,0.276198297739,0.0550681352615,0.0719788596034,0.0144818350673,0.0044335317798,0.00172053743154,0.000572368619032,0.000263913272647,0.000106513150968,0.0000453255706816,7.06073777224e-8],"max":[5.53912973404,28.9198589325,49.5491256714,149.655471802,378.889221191,528.619750977,1086.16015625,935.082214355,807.49407959,1396.7791748,955.442260742,1164.44702148,1793.04846191,1020.48809814,466.207641602,311.67489624,477.370605469,337.941101074,242.163757324,179.560516357,95.6564331055,48.0013198853,48.5871047974,80.1755981445,92.4551696777,127.357032776,200.128585815,234.268218994,64.6725234985,22.362859726,7.74753856659,11.7350330353,2.52257609367,1.07836985588,0.672791838646,0.371645689011,0.601260721684,0.503684639931,0.339657366276,0.00667822826654],"mean":[0.467679798603,1.7382619381,2.07174801826,5.47366189957,11.3631105423,14.1425466537,19.4963226318,36.2751083374,31.7483386993,26.8599872589,25.404800415,27.924030304,35.2169799805,17.0769367218,12.4320888519,7.3535823822,7.14319658279,11.8716535568,9.78831481934,9.12833404541,3.13227081299,1.41868174076,1.08776760101,1.46044051647,1.65673172474,1.40396606922,1.60873162746,1.35935473442,0.63217830658,0.271178752184,0.13401030004,0.0900112092495,0.0496303848922,0.026248164475,0.0160462260246,0.0100038219243,0.00695583038032,0.00532344635576,0.0029729611706,0.000370445632143],"median":[0.117861896753,0.410399436951,0.977064192295,2.34915399551,4.85504627228,5.13818883896,5.37147903442,6.15472364426,5.63647508621,6.10264015198,4.28155326843,6.80111455917,4.09770822525,3.91127371788,3.02102208138,2.8199467659,2.22399234772,3.61003851891,3.47035694122,2.86672830582,1.47548902035,0.771101772785,0.610482811928,0.640946805477,0.492849469185,0.438693135977,0.420052617788,0.324567258358,0.20650587976,0.10777490586,0.0543339475989,0.0310502722859,0.0154647463933,0.00614643795416,0.00350881298073,0.00281359627843,0.00253830570728,0.00212544528767,0.000945810927078,0.000211445105379],"min":[3.76771075495e-22,1.62045055604e-21,3.3499799008e-21,6.84358347832e-21,1.33001562899e-20,4.89711634458e-20,1.22437632834e-19,8.50143598722e-20,1.64846911421e-19,1.51157098132e-19,2.95673047469e-19,4.10767061298e-19,9.44311041652e-19,1.56275117906e-18,2.21895169784e-18,1.77573674511e-18,2.13926359917e-18,1.78302978977e-18,4.02970506623e-18,4.96987441456e-18,3.85164988989e-18,5.24502694634e-18,6.47885202956e-18,8.20825135753e-18,9.76744214444e-18,1.12508135564e-17,1.3438877503e-17,1.1335905626e-17,1.49755110746e-17,1.44233481634e-17,1.30380555566e-17,1.15821060092e-17,1.17811091209e-17,8.60132923897e-18,7.11872131472e-18,3.65006266589e-18,2.31485005498e-18,1.01013704082e-18,3.07793259696e-19,2.86641508263e-20],"var":[0.563646316528,10.6328620911,10.25070858,83.5912322998,510.524627686,1001.5100708,2377.37890625,6220.16894531,4593.23730469,6239.79199219,4839.03173828,5217.74804688,8993.63964844,1706.80102539,810.875732422,222.640213013,321.462249756,514.237487793,276.685150146,250.542724609,26.5346469879,5.66031599045,4.09166097641,10.4237203598,14.8312568665,16.686132431,33.9686012268,30.6036128998,4.26524066925,0.54984241724,0.0786413028836,0.0725052207708,0.0117242559791,0.00354321952909,0.0013719862327,0.000463060016045,0.000282954249997,0.000224216259085,0.0000902165920706,2.0272146628e-7]},"erbbands_crest":{"dmean":2.85124349594,"dmean2":4.66289281845,"dvar":6.39994668961,"dvar2":16.2719955444,"max":30.6003684998,"mean":9.66225910187,"median":8.86500072479,"min":1.88236904144,"var":17.1840896606},"erbbands_flatness_db":{"dmean":0.0257250014693,"dmean2":0.0397261343896,"dvar":0.000493822211865,"dvar2":0.00116740830708,"max":0.348260581493,"mean":0.170433238149,"median":0.168520152569,"min":0.0254788398743,"var":0.00241558626294},"erbbands_kurtosis":{"dmean":1.29714548588,"dmean2":2.08718800545,"dvar":2.90001654625,"dvar2":7.23657417297,"max":38.9060249329,"mean":1.45134365559,"median":0.657287359238,"min":-1.78238582611,"var":8.25992679596},"erbbands_skewness":{"dmean":0.386473536491,"dmean2":0.600139379501,"dvar":0.118917278945,"dvar2":0.271076470613,"max":4.96174192429,"mean":0.762930333614,"median":0.784972429276,"min":-3.45352816582,"var":0.68345874548},"erbbands_spread":{"dmean":6.30559587479,"dmean2":9.68237018585,"dvar":42.9928321838,"dvar2":88.1266098022,"max":129.828369141,"mean":28.8630828857,"median":26.1111297607,"min":1.9827029705,"var":244.529632568},"gfcc":{"cov":[[24483.8476562,4405.91650391,-846.68145752,-478.810852051,-148.481155396,-721.874511719,198.94418335,-636.258605957,8.07767677307,41.0786972046,-109.845565796,-259.223602295,315.949615479],[4405.91650391,1850.34484863,-125.059715271,-222.93762207,88.7911911011,-192.562408447,98.4202041626,-246.900222778,92.9060287476,-45.0045814514,-5.93059062958,-71.8098602295,51.3010063171],[-846.68145752,-125.059715271,455.015716553,253.535339355,40.2516136169,243.187652588,-82.6858291626,219.044326782,-27.6879081726,15.0265474319,13.926281929,47.8166160583,-43.6379699707],[-478.810852051,-222.93762207,253.535339355,361.369110107,166.332473755,133.207305908,22.2582626343,70.716758728,-12.3967180252,-42.2495384216,-8.83516216278,35.6334648132,-79.9655532837],[-148.481155396,88.7911911011,40.2516136169,166.332473755,259.473846436,117.946723938,57.6084022522,-33.9234733582,-3.80024147034,-46.9301834106,13.6498718262,2.9234495163,-38.6681594849],[-721.874511719,-192.562408447,243.187652588,133.207305908,117.946723938,334.032714844,-37.6102790833,179.351287842,-58.7668571472,10.2816314697,24.3545417786,37.7514190674,-28.6124267578],[198.94418335,98.4202041626,-82.6858291626,22.2582626343,57.6084022522,-37.6102790833,197.18939209,-36.1300506592,75.6343994141,-7.08782672882,-4.86776161194,8.23136615753,9.03882884979],[-636.258605957,-246.900222778,219.044326782,70.716758728,-33.9234733582,179.351287842,-36.1300506592,293.545379639,44.4385871887,62.4004821777,11.448138237,22.4095134735,4.9361577034],[8.07767677307,92.9060287476,-27.6879081726,-12.3967180252,-3.80024147034,-58.7668571472,75.6343994141,44.4385871887,159.686828613,51.3538093567,-5.65382099152,2.26545572281,8.73688983917],[41.0786972046,-45.0045814514,15.0265474319,-42.2495384216,-46.9301834106,10.2816314697,-7.08782672882,62.4004821777,51.3538093567,110.645179749,50.6401596069,11.1856765747,46.2601509094],[-109.845565796,-5.93059062958,13.926281929,-8.83516216278,13.6498718262,24.3545417786,-4.86776161194,11.448138237,-5.65382099152,50.6401596069,78.6228485107,38.7191505432,20.3818187714],[-259.223602295,-71.8098602295,47.8166160583,35.6334648132,2.9234495163,37.7514190674,8.23136615753,22.4095134735,2.26545572281,11.1856765747,38.7191505432,74.8044967651,27.8327770233],[315.949615479,51.3010063171,-43.6379699707,-79.9655532837,-38.6681594849,-28.6124267578,9.03882884979,4.9361577034,8.73688983917,46.2601509094,20.3818187714,27.8327770233,114.017089844]],"icov":[[0.000187839817954,-0.000784087227657,0.00161219283473,-0.00180272525176,0.00124124193098,-0.00061770551838,0.000261539156782,-0.000421739037847,0.000662446429487,-0.000775532331318,0.000342035142239,0.000149427709403,-0.000385276216548],[-0.000784087227657,0.00442201318219,-0.00879222806543,0.00951617956161,-0.00631692726165,0.00312388176098,-0.00154314737301,0.00305711966939,-0.00416915910318,0.00491700647399,-0.00272467290051,0.00109174021054,0.000668823195156],[0.00161219283473,-0.00879222806543,0.0280353426933,-0.0297098495066,0.0227384064347,-0.0158430021256,0.00717054447159,-0.00476836785674,0.0002117195545,0.000401092431275,-0.00639793137088,0.00737619958818,-0.00808048993349],[-0.00180272525176,0.00951617956161,-0.0297098495066,0.0421061292291,-0.0364466942847,0.02454713732,-0.0089043462649,-0.00204592873342,0.0102600185201,-0.0141257820651,0.0238603539765,-0.0256956405938,0.0204200744629],[0.00124124193098,-0.00631692726165,0.0227384064347,-0.0364466942847,0.0442169606686,-0.0318337827921,0.00696813501418,0.0105339260772,-0.0228250361979,0.0313032194972,-0.0394877903163,0.0370005331933,-0.0243825558573],[-0.00061770551838,0.00312388176098,-0.0158430021256,0.02454713732,-0.0318337827921,0.0307964663953,-0.00669007515535,-0.0130746848881,0.0241441447288,-0.0278267208487,0.0320755876601,-0.0312747173011,0.0208277422935],[0.000261539156782,-0.00154314737301,0.00717054447159,-0.0089043462649,0.00696813501418,-0.00669007515535,0.0100066391751,0.00183818070218,-0.00852670054883,0.00747804204002,-0.00752468779683,0.00587267428637,-0.00618873769417],[-0.000421739037847,0.00305711966939,-0.00476836785674,-0.00204592873342,0.0105339260772,-0.0130746848881,0.00183818070218,0.0173221901059,-0.0187595412135,0.016947273165,-0.018147867173,0.0176529623568,-0.0105746388435],[0.000662446429487,-0.00416915910318,0.0002117195545,0.0102600185201,-0.0228250361979,0.0241441447288,-0.00852670054883,-0.0187595412135,0.0434644818306,-0.0481054782867,0.047538369894,-0.0392712689936,0.0243989173323],[-0.000775532331318,0.00491700647399,0.000401092431275,-0.0141257820651,0.0313032194972,-0.0278267208487,0.00747804204002,0.016947273165,-0.0481054782867,0.077984675765,-0.0734140500426,0.0566810332239,-0.0361775569618],[0.000342035142239,-0.00272467290051,-0.00639793137088,0.0238603539765,-0.0394877903163,0.0320755876601,-0.00752468779683,-0.018147867173,0.047538369894,-0.0734140500426,0.0905843377113,-0.0682847425342,0.0372229255736],[0.000149427709403,0.00109174021054,0.00737619958818,-0.0256956405938,0.0370005331933,-0.0312747173011,0.00587267428637,0.0176529623568,-0.0392712689936,0.0566810332239,-0.0682847425342,0.0731609165668,-0.0382740348577],[-0.000385276216548,0.000668823195156,-0.00808048993349,0.0204200744629,-0.0243825558573,0.0208277422935,-0.00618873769417,-0.0105746388435,0.0243989173323,-0.0361775569618,0.0372229255736,-0.0382740348577,0.0341699123383]],"mean":[-81.1090316772,124.865982056,-81.2332992554,7.21631717682,-32.2004852295,-7.79807376862,-12.8349981308,-13.4968709946,-6.56001615524,0.893499553204,-14.096581459,-3.80007982254,-6.45716619492]},"hfc":{"dmean":2.93300485611,"dmean2":4.13682556152,"dvar":17.9118003845,"dvar2":36.4325866699,"max":74.975982666,"mean":9.92919921875,"median":5.96990060806,"min":1.04196163202e-16,"var":110.288337708},"melbands":{"dmean":[0.00154326134361,0.000707939499989,0.000678667915054,0.000528298900463,0.000455897126812,0.000518421351444,0.00027218926698,0.000159124450875,0.00011104526493,0.000100583638414,0.000110405715532,0.0000410028915212,0.0000336249213433,0.0000121504444905,0.0000106377219709,0.00000842991721584,0.0000137371562232,0.00000854670179251,0.00000730037891117,0.0000051801216614,0.00000142563521877,8.60645116063e-7,6.22411107543e-7,5.20165315265e-7,6.93591289291e-7,6.78794719988e-7,5.90686568103e-7,4.83628696202e-7,5.24237520949e-7,6.29195596957e-7,4.08163288057e-7,2.25798515885e-7,1.28400415633e-7,7.74019994765e-8,5.24207095509e-8,4.22649364396e-8,3.8824762072e-8,2.98078468575e-8,2.22286207219e-8,1.88438260551e-8],"dmean2":[0.00209061731584,0.00104341330007,0.00111591035966,0.000836835824884,0.000708528968971,0.000800739042461,0.000418875773903,0.00023608248739,0.000170732731931,0.00015948471264,0.000174542801687,0.000063264844357,0.0000530770448677,0.0000194272051885,0.0000167973030329,0.0000133105040732,0.0000217637953028,0.0000136098715302,0.0000117620529636,0.00000829891996545,0.00000224808832172,0.00000134203787638,9.57797965384e-7,8.04406965926e-7,0.00000106243601294,0.00000102552417047,8.85075053247e-7,7.02904571881e-7,7.88404577179e-7,9.26590473682e-7,5.85243981277e-7,3.31392357111e-7,1.894570687e-7,1.12708683275e-7,7.8806507986e-8,6.32512353604e-8,5.83713131164e-8,4.58400251091e-8,3.4617396949e-8,2.93234680981e-8],"dvar":[0.00000550571985514,0.00000132913748985,0.00000144679438563,0.00000110484245397,0.00000143689635479,0.00000142755402521,3.97185175416e-7,2.55479307043e-7,9.15275748525e-8,6.7607068388e-8,1.11599312902e-7,1.28026904633e-8,9.5809538081e-9,8.20256973455e-10,1.35578004379e-9,4.37697350586e-10,9.60546642226e-10,3.47947531898e-10,1.93045579522e-10,1.14793188843e-10,1.08677710928e-11,3.57480885171e-12,1.76976554071e-12,2.04464591959e-12,3.78586875391e-12,4.04313648533e-12,2.63319704583e-12,2.70149441012e-12,5.24525735346e-12,9.39681405604e-12,3.6093873116e-12,6.58962576346e-13,1.62985374979e-13,3.56944596764e-14,1.12912769887e-14,1.26953069436e-14,1.15646899067e-14,3.83301382171e-15,1.90773186128e-15,1.41735166559e-15],"dvar2":[0.0000098994551081,0.00000272639545074,0.00000362368200513,0.00000248150513471,0.00000330636362378,0.00000331544720211,9.3464393558e-7,5.71792327264e-7,2.00028409836e-7,1.54730926738e-7,2.66635595381e-7,2.71538258545e-8,2.32447376902e-8,2.05610239945e-9,3.16995585337e-9,1.05074038359e-9,2.34902985952e-9,8.22440393566e-10,4.90516238738e-10,2.91920071449e-10,2.70273733949e-11,7.84077750643e-12,3.62115242306e-12,4.71149681769e-12,8.40754028897e-12,8.3946296095e-12,5.40232658955e-12,4.76110557229e-12,1.1500989397e-11,2.06661632252e-11,6.52366615589e-12,1.26500914778e-12,2.90300064803e-13,5.93917411995e-14,2.05232576403e-14,2.4452189473e-14,2.43324664481e-14,8.55139814889e-15,4.01501240295e-15,2.94771637282e-15],"max":[0.0384719781578,0.0210351608694,0.0248469989747,0.0221350155771,0.0285462047905,0.0190277975053,0.0108453305438,0.0147685380653,0.00688978331164,0.00650050677359,0.00873460713774,0.00550353573635,0.00273088575341,0.000629624002613,0.00123223522678,0.000515816675033,0.000640896614641,0.000513138424139,0.000194865453523,0.000174972999957,0.0000938438024605,0.0000522916052432,0.0000420625547122,0.0000564517758903,0.0000701825265423,0.000101192403235,0.0000454552609881,0.0000967725281953,0.000113500587759,0.000190804727026,0.000116136179713,0.0000391554058297,0.0000215535947063,0.0000113223941298,0.00000464449158244,0.00000633681429463,0.00000640798816676,0.00000217817319026,9.94023594103e-7,8.80280879301e-7],"mean":[0.00372375221923,0.00147818750702,0.00111723318696,0.000909601047169,0.00069935497595,0.000830347591545,0.000473821390187,0.000270743126748,0.00020424023387,0.000174426284502,0.000171203777427,0.0000666664855089,0.0000515233805345,0.0000201325601665,0.0000176248868229,0.0000146283409777,0.0000235592597164,0.0000158122547873,0.0000133809262479,0.00000908844140213,0.00000253757070823,0.00000147754190039,0.00000110143116672,8.87754026735e-7,0.00000120322329167,0.0000012546885273,0.00000108442384317,8.82044162154e-7,9.30520172915e-7,0.00000107871267119,6.80945845488e-7,3.88714141764e-7,2.15196180875e-7,1.2166532315e-7,7.88186369505e-8,6.08887162912e-8,5.16610150214e-8,3.68574326615e-8,2.54211141026e-8,2.09110044835e-8],"median":[0.00109953561332,0.000597406411543,0.000549024320208,0.000396050483687,0.000196009365027,0.000139684489113,0.0000878824794199,0.0000589770716033,0.0000366982421838,0.0000405564642278,0.0000180028328032,0.0000146997326738,0.00000979930428002,0.00000744708722777,0.00000553005793336,0.00000446125295639,0.00000694875234331,0.00000529462613486,0.00000439680843556,0.00000276541413768,0.00000126930103761,7.22644188045e-7,6.08904656474e-7,4.51850553418e-7,4.98434360452e-7,3.56894133802e-7,3.0705209042e-7,2.70789286105e-7,2.47389721153e-7,2.34657846931e-7,1.64635537203e-7,1.203588198e-7,7.49441824155e-8,4.83388618022e-8,3.12633190447e-8,2.29574226296e-8,1.68511959941e-8,1.13920881617e-8,6.390305618e-9,4.48481785043e-9],"min":[4.7517813654e-24,2.2364530096e-24,1.22577388416e-24,3.48977864973e-24,4.80626286053e-24,1.76508574176e-24,2.33728106898e-24,2.5880100553e-24,1.8748916299e-24,2.97211924904e-24,4.37151254376e-24,6.18237233398e-24,6.17724394923e-24,5.71455927895e-24,4.11000042051e-24,3.87526026424e-24,2.72363733301e-24,5.60336736221e-24,6.41497743821e-24,5.05662837918e-24,4.27063932209e-24,3.71599595279e-24,6.23481777911e-24,5.67781571571e-24,6.41355591086e-24,6.21931981776e-24,5.91278621937e-24,7.73196967543e-24,7.15291816086e-24,6.57279182331e-24,5.63042371353e-24,7.77882564661e-24,7.79953718968e-24,6.23840709623e-24,6.72731981389e-24,7.05500790075e-24,6.5181395398e-24,8.17149141738e-24,7.99509107492e-24,6.65753560049e-24],"var":[0.0000349522888428,0.00000520355115441,0.00000300858255287,0.00000270935470326,0.00000260060505752,0.00000310029577122,9.65769800132e-7,6.10064716966e-7,3.02903089278e-7,1.95383648816e-7,2.21812840095e-7,3.22675646203e-8,1.83925639163e-8,1.63884017468e-9,2.37919928203e-9,9.99857086015e-10,2.19009832492e-9,8.4519796717e-10,4.75986139392e-10,2.66736632781e-10,2.06116790302e-11,7.49488665575e-12,3.87723533835e-12,3.45533757856e-12,7.64606607195e-12,1.00984576604e-11,6.90436119735e-12,7.74479352178e-12,1.11364641467e-11,1.79469546863e-11,8.40195361201e-12,1.65434126901e-12,4.36652423203e-13,9.77393350716e-14,2.71932677114e-14,2.46521028011e-14,2.40969031973e-14,6.73303186344e-15,3.20173117755e-15,2.35002811414e-15]},"melbands_crest":{"dmean":3.66390919685,"dmean2":5.80354976654,"dvar":10.0796470642,"dvar2":24.3199291229,"max":38.9200515747,"mean":16.5256233215,"median":15.4787149429,"min":1.70925593376,"var":44.5018005371},"melbands_flatness_db":{"dmean":0.0343173742294,"dmean2":0.0521977096796,"dvar":0.000835753977299,"dvar2":0.00195219099987,"max":0.606709182262,"mean":0.30508685112,"median":0.307314068079,"min":0.00480672996491,"var":0.00609817821532},"melbands_kurtosis":{"dmean":9.70274162292,"dmean2":15.1506814957,"dvar":211.558609009,"dvar2":490.752319336,"max":328.471954346,"mean":21.8073139191,"median":11.0390386581,"min":-1.65010535717,"var":847.16418457},"melbands_skewness":{"dmean":0.796061217785,"dmean2":1.22948908806,"dvar":0.607369065285,"dvar2":1.4042981863,"max":16.6913776398,"mean":3.01884412766,"median":2.64235711098,"min":-1.34338676929,"var":4.17075443268},"melbands_spread":{"dmean":3.06924676895,"dmean2":4.79769086838,"dvar":20.8249797821,"dvar2":44.422706604,"max":214.617218018,"mean":11.8260231018,"median":7.4425945282,"min":0.502726495266,"var":416.332641602},"mfcc":{"cov":[[9755.64257812,2291.875,-407.70425415,219.785095215,-522.174072266,88.3882675171,-143.292251587,-327.032440186,50.6867179871,181.406707764,-101.938140869,-169.525177002,-11.520324707],[2291.875,1711.27685547,-89.3215789795,-1.18069469929,-103.017311096,66.68334198,-75.5835876465,-123.671676636,19.0213317871,53.5656204224,11.0194034576,-73.9876861572,2.24450349808],[-407.70425415,-89.3215789795,435.061706543,25.1197376251,184.110290527,-35.5826454163,58.9729728699,115.972969055,44.2249069214,9.68997192383,64.9352340698,74.126121521,7.69844865799],[219.785095215,-1.18069469929,25.1197376251,273.275909424,45.9746932983,78.8210906982,4.67204523087,52.3898620605,10.0957574844,8.93537139893,-0.357369810343,23.828119278,-15.0219736099],[-522.174072266,-103.017311096,184.110290527,45.9746932983,339.261108398,90.8645172119,113.546989441,126.387710571,-6.43644618988,-22.4232082367,49.5604057312,62.0443496704,14.1302251816],[88.3882675171,66.68334198,-35.5826454163,78.8210906982,90.8645172119,182.388427734,87.0742797852,49.8521881104,-16.6114864349,-20.5040302277,-9.37790393829,14.9920110703,4.78547096252],[-143.292251587,-75.5835876465,58.9729728699,4.67204523087,113.546989441,87.0742797852,159.187133789,79.3347091675,-8.22078037262,-22.6002655029,9.79491138458,24.2160453796,16.3950881958],[-327.032440186,-123.671676636,115.972969055,52.3898620605,126.387710571,49.8521881104,79.3347091675,178.242477417,51.8001480103,7.64046573639,28.5161266327,48.9646186829,4.47326946259],[50.6867179871,19.0213317871,44.2249069214,10.0957574844,-6.43644618988,-16.6114864349,-8.22078037262,51.8001480103,126.208580017,62.9535636902,25.666015625,15.5090055466,11.2862815857],[181.406707764,53.5656204224,9.68997192383,8.93537139893,-22.4232082367,-20.5040302277,-22.6002655029,7.64046573639,62.9535636902,103.667076111,45.5852127075,3.22656679153,5.64253282547],[-101.938140869,11.0194034576,64.9352340698,-0.357369810343,49.5604057312,-9.37790393829,9.79491138458,28.5161266327,25.666015625,45.5852127075,97.312713623,38.0039253235,11.672334671],[-169.525177002,-73.9876861572,74.126121521,23.828119278,62.0443496704,14.9920110703,24.2160453796,48.9646186829,15.5090055466,3.22656679153,38.0039253235,95.801361084,24.3581829071],[-11.520324707,2.24450349808,7.69844865799,-15.0219736099,14.1302251816,4.78547096252,16.3950881958,4.47326946259,11.2862815857,5.64253282547,11.672334671,24.3581829071,65.4001464844]],"icov":[[0.000179243608727,-0.000223253795411,0.0000304430013784,-0.000205120290047,0.000177298148628,0.0000533501261089,-0.000238580658333,0.000167845311807,0.0000138515297294,-0.00031644597766,0.00025292931241,-0.000068316810939,-1.29193054477e-7],[-0.000223253795411,0.000986114609987,-0.000239643311943,0.000344504747773,-0.0000758655369282,-0.000927140936255,0.000736352405511,0.000311657466227,-0.00026685197372,0.000269465439487,-0.00069670449011,0.000674249604344,-0.00019148561114],[0.0000304430013784,-0.000239643311943,0.00416888296604,-0.000562564178836,-0.00192974100355,0.0029597748071,-0.00120805564802,-0.000873540586326,-0.000805212126579,0.000444938079454,-0.000567804498132,-0.00152237410657,0.000725510646589],[-0.000205120290047,0.000344504747773,-0.000562564178836,0.00513405166566,-0.0000496418033435,-0.00304617197253,0.00233099842444,-0.0013858176535,0.000376318523195,-0.000671242189128,0.000439077353803,-0.000818335160147,0.00116096925922],[0.000177298148628,-0.0000758655369282,-0.00192974100355,-0.0000496418033435,0.00636923033744,-0.00242353696376,-0.00105651002377,-0.00192057038657,0.00142529280856,0.000747869955376,-0.00195865053684,-0.0000935089119594,-0.000479072099552],[0.0000533501261089,-0.000927140936255,0.0029597748071,-0.00304617197253,-0.00242353696376,0.0121314423159,-0.00587122887373,-0.000656871998217,0.000508321798407,-0.0000644210085738,0.00182397000026,-0.00154673343059,0.000314228644129],[-0.000238580658333,0.000736352405511,-0.00120805564802,0.00233099842444,-0.00105651002377,-0.00587122887373,0.0130687095225,-0.00392381800339,0.00140394037589,0.00139624939766,-0.00105602771509,0.00158817693591,-0.00250538275577],[0.000167845311807,0.000311657466227,-0.000873540586326,-0.0013858176535,-0.00192057038657,-0.000656871998217,-0.00392381800339,0.0125274211168,-0.00557465991005,0.000718734343536,0.0000984668295132,-0.00219952012412,0.0020948627498],[0.0000138515297294,-0.00026685197372,-0.000805212126579,0.000376318523195,0.00142529280856,0.000508321798407,0.00140394037589,-0.00557465991005,0.014777937904,-0.00838319305331,0.00186640198808,-0.000475335633382,-0.00210603605956],[-0.00031644597766,0.000269465439487,0.000444938079454,-0.000671242189128,0.000747869955376,-0.0000644210085738,0.00139624939766,0.000718734343536,-0.00838319305331,0.0196605287492,-0.00945165660232,0.00283401273191,-0.000445774116088],[0.00025292931241,-0.00069670449011,-0.000567804498132,0.000439077353803,-0.00195865053684,0.00182397000026,-0.00105602771509,0.0000984668295132,0.00186640198808,-0.00945165660232,0.0184767432511,-0.00592117011547,0.00018492579693],[-0.000068316810939,0.000674249604344,-0.00152237410657,-0.000818335160147,-0.0000935089119594,-0.00154673343059,0.00158817693591,-0.00219952012412,-0.000475335633382,0.00283401273191,-0.00592117011547,0.0169978290796,-0.00559476111084],[-1.29193054477e-7,-0.00019148561114,0.000725510646589,0.00116096925922,-0.000479072099552,0.000314228644129,-0.00250538275577,0.0020948627498,-0.00210603605956,-0.000445774116088,0.00018492579693,-0.00559476111084,0.018496260047]],"mean":[-732.208984375,175.448730469,7.14633655548,28.3955821991,-1.70633459091,16.3170814514,-3.50872540474,-3.01972484589,3.67962908745,6.9594244957,-1.12167799473,-3.11539912224,-2.90288448334]},"pitch_salience":{"dmean":0.0823286175728,"dmean2":0.131686672568,"dvar":0.00471562426537,"dvar2":0.0118625117466,"max":0.845087826252,"mean":0.544776439667,"median":0.56011402607,"min":0.0654102042317,"var":0.0181363690645},"silence_rate_20dB":{"dmean":0,"dmean2":0,"dvar":0,"dvar2":0,"max":1,"mean":1,"median":1,"min":1,"var":0},"silence_rate_30dB":{"dmean":0.0238463915884,"dmean2":0.0477001704276,"dvar":0.0232778713107,"dvar2":0.0541013665497,"max":1,"mean":0.964855253696,"median":1,"min":0,"var":0.0339102037251},"silence_rate_60dB":{"dmean":0.0253948587924,"dmean2":0.050797585398,"dvar":0.0247506089509,"dvar2":0.05813017115,"max":1,"mean":0.0788047686219,"median":0,"min":0,"var":0.0725948140025},"spectral_centroid":{"dmean":126.900924683,"dmean2":192.27520752,"dvar":41154.28125,"dvar2":66698.765625,"max":11403.1181641,"mean":700.104553223,"median":519.078552246,"min":171.338363647,"var":631190.4375},"spectral_complexity":{"dmean":1.95013940334,"dmean2":3.08533382416,"dvar":3.24269413948,"dvar2":7.23332977295,"max":33,"mean":10.6544361115,"median":10,"min":0,"var":29.6084899902},"spectral_contrast_coeffs":{"dmean":[0.0547276586294,0.0484266392887,0.0402159765363,0.0286445301026,0.0236877892166,0.0436316914856],"dmean2":[0.0889813452959,0.0792084783316,0.0668307617307,0.0462761558592,0.037484228611,0.0702790021896],"dvar":[0.00188097741921,0.00158915529028,0.00105196668301,0.000521391106304,0.000383844017051,0.00173972570337],"dvar2":[0.00477747572586,0.00414214609191,0.00278099323623,0.00133708445355,0.000941304664593,0.00442457897589],"max":[-0.305249810219,-0.399235844612,-0.494666725397,-0.638407945633,-0.670823931694,-0.474025249481],"mean":[-0.664332449436,-0.75908434391,-0.786213099957,-0.818925201893,-0.847389161587,-0.769011974335],"median":[-0.669483780861,-0.769194185734,-0.792495429516,-0.819645345211,-0.84324657917,-0.782417178154],"min":[-0.969336509705,-0.972793281078,-0.974397599697,-0.971593379974,-0.965123951435,-0.963161706924],"var":[0.00946066901088,0.00725862989202,0.00516859767959,0.00244414526969,0.00150831660721,0.00527143618092]},"spectral_contrast_valleys":{"dmean":[0.410589814186,0.35180157423,0.336772590876,0.294199675322,0.365510612726,0.752123713493],"dmean2":[0.641676902771,0.56025737524,0.53041946888,0.443957388401,0.540651082993,1.18763577938],"dvar":[0.130890756845,0.102975808084,0.100187942386,0.0894144177437,0.137713178992,0.464520573616],"dvar2":[0.274084895849,0.20924718678,0.203346699476,0.170792683959,0.280703574419,1.23267531395],"max":[-4.9242067337,-4.53585672379,-5.56074857712,-6.10214042664,-6.3497133255,-8.74750995636],"mean":[-7.25576591492,-6.90176439285,-7.74290275574,-8.23346042633,-8.6898355484,-11.623963356],"median":[-6.89180088043,-6.64109182358,-7.47172737122,-7.96921682358,-8.45802593231,-11.4385175705],"min":[-27.864025116,-27.711391449,-27.5920333862,-27.6661453247,-27.3947372437,-27.3562011719],"var":[4.37236022949,3.75177192688,3.23878359795,2.93905520439,2.46847057343,2.18618655205]},"spectral_decrease":{"dmean":2.70595723606e-9,"dmean2":3.80267684008e-9,"dvar":1.07738124115e-17,"dvar2":2.06814922755e-17,"max":1.29797310517e-17,"mean":-8.47249914671e-9,"median":-6.00301985898e-9,"min":-5.45671205998e-8,"var":6.71262294868e-17},"spectral_energy":{"dmean":0.0104260081425,"dmean2":0.0146555313841,"dvar":0.000160155017511,"dvar2":0.000307763315504,"max":0.211604833603,"mean":0.0328777395189,"median":0.0232180356979,"min":1.00877171783e-20,"var":0.000999871524982},"spectral_energyband_high":{"dmean":0.0000495621206937,"dmean2":0.0000673262256896,"dvar":2.71962221632e-8,"dvar2":4.09071141405e-8,"max":0.010491412133,"mean":0.00010066145478,"median":0.0000362801220035,"min":7.03950573004e-21,"var":9.04163215409e-8},"spectral_energyband_low":{"dmean":0.00616027135402,"dmean2":0.00855291821063,"dvar":0.000073791910836,"dvar2":0.000136845934321,"max":0.148505181074,"mean":0.0159575343132,"median":0.00705498363823,"min":2.55342442106e-23,"var":0.000472538697068},"spectral_energyband_middle_high":{"dmean":0.000727802922484,"dmean2":0.00107436836697,"dvar":0.00000207702169064,"dvar2":0.0000043651893975,"max":0.0565207786858,"mean":0.00185775221325,"median":0.000713357410859,"min":1.31210444242e-21,"var":0.00000810368874227},"spectral_energyband_middle_low":{"dmean":0.0061761518009,"dmean2":0.00942579098046,"dvar":0.0000911156384973,"dvar2":0.00020107794262,"max":0.142499133945,"mean":0.0152896950021,"median":0.00780140422285,"min":2.09180466567e-22,"var":0.000338326470228},"spectral_entropy":{"dmean":0.251033425331,"dmean2":0.389868289232,"dvar":0.0518734902143,"dvar2":0.122348584235,"max":9.81721019745,"mean":7.07409954071,"median":7.03396558762,"min":5.46701908112,"var":0.274876952171},"spectral_flux":{"dmean":0.0221781488508,"dmean2":0.0366025231779,"dvar":0.00050919741625,"dvar2":0.00130958342925,"max":0.307945877314,"mean":0.0780610963702,"median":0.0732282027602,"min":6.54796009081e-11,"var":0.00172560848296},"spectral_kurtosis":{"dmean":3.44516682625,"dmean2":5.53121709824,"dvar":15.1622257233,"dvar2":38.9619026184,"max":60.7804412842,"mean":11.8807249069,"median":11.0790586472,"min":-1.32873523235,"var":35.8022537231},"spectral_rms":{"dmean":0.000881094078068,"dmean2":0.00121839705389,"dvar":7.3764380204e-7,"dvar2":0.00000130330840875,"max":0.0143681503832,"mean":0.00498655624688,"median":0.00475938478485,"min":3.1371444071e-12,"var":0.00000720986872693},"spectral_rolloff":{"dmean":180.687835693,"dmean2":302.020629883,"dvar":199371.125,"dvar2":399936.46875,"max":19444.4824219,"mean":950.347839355,"median":409.130859375,"min":43.06640625,"var":7516549.5},"spectral_skewness":{"dmean":0.32269898057,"dmean2":0.495255529881,"dvar":0.0982705131173,"dvar2":0.230105936527,"max":6.06312847137,"mean":2.49332380295,"median":2.5078754425,"min":-0.0476874709129,"var":0.457215607166},"spectral_spread":{"dmean":597920.3125,"dmean2":937526.625,"dvar":678553059328,"dvar2":1265449304060,"max":50688444,"mean":3667492.5,"median":3285827.5,"min":1206616,"var":5099680694270},"spectral_strongpeak":{"dmean":0.33925396204,"dmean2":0.561620116234,"dvar":0.300248742104,"dvar2":0.737587153912,"max":8.26793289185,"mean":0.576374351978,"median":0.276932030916,"min":0,"var":0.623414814472},"zerocrossingrate":{"dmean":0.00441691139713,"dmean2":0.00543000223115,"dvar":0.0000614227174083,"dvar2":0.0000994407455437,"max":0.52685546875,"mean":0.0333078280091,"median":0.01953125,"min":0.00146484375,"var":0.00563392275944}},"metadata":{"audio_properties":{"analysis_sample_rate":44100,"bit_rate":136370,"codec":"mp3","downmix":"mix","equal_loudness":0,"length":149.94392395,"lossless":false,"md5_encoded":"104564b8795dafaf28d7ad04029d7c3c","replay_gain":-2.09232521057,"sample_rate":44100},"tags":{"album":["The Complete Columbia Album Collection"],"albumartist":["Johnny Cash"],"albumartistsort":["Cash, Johnny"],"artist":["The Carter Family with special guest Johnny Cash"],"artists":["The Carter Family","Johnny Cash"],"artistsort":["Carter Family, The with special guest Cash, Johnny"],"asin":["B008DDC874"],"barcode":["886979104723"],"catalognumber":["88697910472"],"date":["2012-12-04"],"discnumber":["11/63"],"file_name":"01 - The Carter Family with special guest Johnny Cash - Keep on the Sunny Side.mp3","label":["Columbia","Legacy"],"media":["CD"],"musicbrainz album release country":["US"],"musicbrainz album status":["official"],"musicbrainz album type":["album","compilation"],"musicbrainz release track id":["1f79563c-643a-3c10-9bdb-efcdb57429d1"],"musicbrainz_albumartistid":["d43d12a1-2dc9-4257-a2fd-0a3bb1081b86"],"musicbrainz_albumid":["de36c451-000c-4488-9375-b6d40b6636e5"],"musicbrainz_artistid":["a71b3907-9377-4e5b-a0bd-b5d163fe50ea","d43d12a1-2dc9-4257-a2fd-0a3bb1081b86"],"musicbrainz_recordingid":["95a7bc98-dfa5-4512-9a9e-f7a01aaa9f05"],"musicbrainz_releasegroupid":["30578604-ce5e-4d3d-a09c-6c06fc4c526b"],"originaldate":["2012"],"script":["Latn"],"title":["Keep on the Sunny Side"],"tracknumber":["1/12"]},"version":{"essentia":"2.1-beta1","essentia_build_sha":"ca57ba49d9b1854bd80e60cf9ccf267278fb7d6b","essentia_git_sha":"v2.1_beta1-28-g21ef5f4-dirty","extractor":"music 1.0"}},"rhythm":{"beats_count":252,"beats_loudness":{"dmean":0.0363941341639,"dmean2":0.0647425279021,"dvar":0.000931676127948,"dvar2":0.00293585238978,"max":0.207923978567,"mean":0.0597766377032,"median":0.0550863333046,"min":7.14965198156e-10,"var":0.0013424672652},"beats_loudness