{"lowlevel":{"average_loudness":0.865286171436,"barkbands":{"dmean":[0.00474428664893,0.00574864866212,0.00185078545474,0.000971334404312,0.00136762682814,0.00113526184577,0.0011318026809,0.0010244990699,0.00118984119035,0.000886807683855,0.000701343640685,0.000644089712296,0.000587286252994,0.000553431455046,0.000451475178124,0.000316486315569,0.000254702317761,0.000187357407412,0.000138490649988,0.00018480050494,0.000119655007438,0.0000765258591855,0.0000358062243322,0.0000126973009174,0.00000422481753048,0.0000192268289538,0.000326761888573],"dmean2":[0.00791174173355,0.009640567936,0.0031671593897,0.00169396749698,0.00226169964299,0.00190690974705,0.00187862210441,0.00172263069544,0.00198576180264,0.00149605609477,0.00117093184963,0.00108408951201,0.000980198150501,0.000932247727178,0.00076158111915,0.000531814352144,0.000431273132563,0.000301119376672,0.000217697626795,0.000273004843621,0.000176902220119,0.000111601795652,0.0000516034888278,0.0000192109037016,0.00000691371360517,0.0000275405727734,0.000498559966218],"dvar":[0.0000780320478952,0.0000870874428074,0.0000115870534501,0.00000413310954173,0.00000684991937305,0.00000386151214116,0.00000425361395173,0.00000422805305789,0.00000525197310708,0.00000187847422239,0.00000128918475184,8.63519062477e-7,8.02988040505e-7,5.50647712316e-7,3.32062796815e-7,1.74700488742e-7,1.25563460074e-7,1.16393280791e-7,6.13687234363e-8,1.67254995631e-7,7.32027416461e-8,2.41656739064e-8,5.41640066132e-9,5.97331573093e-10,7.15012701824e-11,1.2360490409e-9,1.5383746188e-7],"dvar2":[0.000184107964742,0.00023871108715,0.0000312823831337,0.0000115028879009,0.0000173743683263,0.0000104202390503,0.0000110019818749,0.0000117401177704,0.0000145510075527,0.00000523094377058,0.00000332639160661,0.00000237609356191,0.00000212745976569,0.0000015363731336,9.30638123009e-7,4.86661008381e-7,3.47055703287e-7,2.72564648185e-7,1.35523890776e-7,3.39113086056e-7,1.44756654663e-7,4.91958438431e-8,1.01238937233e-8,1.30377986185e-9,1.65148797415e-10,2.49577780664e-9,3.47540947132e-7],"max":[0.125042364001,0.111729107797,0.0518836081028,0.0495322644711,0.0524805188179,0.0286032725126,0.0371193923056,0.037600338459,0.0373175926507,0.0183002874255,0.0262982547283,0.0152672436088,0.0191250108182,0.0117783155292,0.00627641100436,0.00988433137536,0.00725220236927,0.00758655602112,0.00408195098862,0.00777482893318,0.00500482134521,0.00284461607225,0.00172272976488,0.000491810438689,0.000259047257714,0.000649966299534,0.00702542951331],"mean":[0.00496922899038,0.00805569719523,0.00206285016611,0.0010152667528,0.00172471650876,0.00165590154938,0.00168077624403,0.00154650281183,0.00189776567277,0.00140342384111,0.00111402932089,0.00119290163275,0.00106796203181,0.00106867088471,0.000916271295864,0.000665737432428,0.000536936160643,0.000390509550925,0.000292759767035,0.000368237029761,0.000246271694778,0.000152058550157,0.000068262736022,0.0000201078219106,0.00000500091164213,0.0000373014627257,0.00133495230693],"median":[0.00142036983743,0.00457943510264,0.000926189997699,0.000378856959287,0.000771772698499,0.000821244495455,0.000736893038265,0.000572913326323,0.000755086657591,0.000816802668851,0.000700145377778,0.000803119211923,0.000719490810297,0.000790839258116,0.000700613600202,0.000557025545277,0.000397867901484,0.000240798210143,0.000166415731655,0.000161128686159,0.00010867662786,0.0000638175697532,0.0000282408309431,0.00000753374979467,0.00000133364108024,0.000016573789253,0.00125553226098],"min":[1.96133612959e-15,2.62421034982e-15,1.33350069776e-15,9.34319692469e-16,9.38043461063e-16,2.09391348826e-16,3.28404626288e-16,2.46970481692e-16,1.37102896895e-16,2.40921448839e-16,8.39082550428e-17,3.59948371471e-17,4.03126736226e-17,1.55475253279e-16,4.51180834382e-17,1.17739114916e-16,2.46421630812e-16,2.08625439136e-17,1.70483168327e-16,9.67484526365e-16,1.75098319984e-16,1.2909885906e-16,2.7933881345e-16,2.30890831738e-16,7.79465658447e-16,7.23720408485e-16,1.75355534773e-15],"var":[0.0000902683023014,0.00010955666221,0.0000116322589747,0.00000398906877308,0.00000814425493445,0.00000571952386963,0.00000724702294974,0.00000723375387679,0.0000102285493995,0.00000319890546052,0.00000220207152779,0.0000017810780264,0.00000175573359229,0.00000121297534861,7.50904348479e-7,3.71637355556e-7,2.93428541909e-7,2.8176430078e-7,1.51846236918e-7,4.8020046961e-7,1.98414852548e-7,7.2940807172e-8,1.62537112658e-8,1.17618137452e-9,1.34187952416e-10,3.2775819836e-9,0.00000130865817027]},"barkbands_crest":{"dmean":2.79229259491,"dmean2":4.60690450668,"dvar":6.17129707336,"dvar2":15.8918437958,"max":24.7688388824,"mean":8.41350746155,"median":7.32219076157,"min":2.03944182396,"var":17.7109203339},"barkbands_flatness_db":{"dmean":0.0244428366423,"dmean2":0.0381945110857,"dvar":0.000701009528711,"dvar2":0.00160033314023,"max":0.443298697472,"mean":0.102693729103,"median":0.0911215618253,"min":0.0161308106035,"var":0.0023995351512},"barkbands_kurtosis":{"dmean":4.027135849,"dmean2":6.47329854965,"dvar":191.011871338,"dvar2":487.3565979,"max":314.595092773,"mean":4.9471988678,"median":1.55328798294,"min":-1.72760260105,"var":234.893707275},"barkbands_skewness":{"dmean":0.583702862263,"dmean2":0.905186712742,"dvar":0.656040549278,"dvar2":1.5237609148,"max":15.4514303207,"mean":1.53548014164,"median":1.24970853329,"min":-1.68284201622,"var":1.90166676044},"barkbands_spread":{"dmean":8.1194562912,"dmean2":12.5549383163,"dvar":64.4276123047,"dvar2":138.104110718,"max":105.91229248,"mean":35.7943878174,"median":34.5512046814,"min":0.374521195889,"var":281.360015869},"dissonance":{"dmean":0.0120533788577,"dmean2":0.0207913331687,"dvar":0.000160593932378,"dvar2":0.000419536896516,"max":0.500000119209,"mean":0.483800500631,"median":0.487466484308,"min":0.126438885927,"var":0.000206935612368},"dynamic_complexity":4.13549280167,"erbbands":{"dmean":[0.282941579819,0.998651862144,2.14500331879,2.62358927727,3.45551323891,5.19179821014,7.23155784607,10.7378664017,14.8164863586,18.0510196686,23.8621578217,27.6808204651,25.1081142426,27.7898921967,24.6435585022,25.3139705658,25.7158660889,26.4775714874,23.7933521271,21.5754699707,14.9080953598,13.6589727402,10.3392047882,7.04842042923,7.94790410995,9.10656452179,6.41657400131,3.73744082451,2.81411576271,2.02647852898,0.875266253948,0.384800702333,0.161204248667,0.057053565979,0.0241189505905,0.0335215590894,0.041132684797,0.0443654768169,0.0253378879279,0.00672987475991],"dmean2":[0.476933211088,1.69671738148,3.64384484291,4.50881290436,5.873691082,8.66928672791,12.2126216888,18.1592159271,24.7915210724,29.9054794312,40.2017669678,46.2211990356,42.1875114441,46.5267791748,41.0253944397,42.4995079041,42.9589233398,43.9371070862,39.7261962891,36.5074005127,24.8592815399,22.9917736053,16.6521015167,11.3141136169,12.1929969788,13.5756855011,9.43639373779,5.49831342697,4.11399126053,2.94649529457,1.26325082779,0.568339765072,0.250745564699,0.091437138617,0.0397447422147,0.0522584281862,0.0585138499737,0.0605498887599,0.0343409106135,0.010358646512],"dvar":[0.262375086546,2.43041729927,13.9216079712,27.6655654907,55.4398231506,108.471687317,158.627670288,408.310699463,766.337524414,1288.91845703,2503.5480957,3073.64794922,1596.16137695,1809.94873047,1340.70874023,1363.34411621,1594.25561523,1362.81091309,932.384277344,794.348449707,416.1015625,369.078125,335.73739624,155.458496094,246.85458374,376.828948975,235.774093628,64.3369674683,33.7525138855,18.4890842438,3.16681838036,0.572731614113,0.10656054318,0.0145190116018,0.00185995304491,0.00507160322741,0.00542759057134,0.00707378843799,0.00267642689869,0.0000605277637078],"dvar2":[0.716558277607,6.61312532425,37.388053894,76.6100540161,144.090332031,274.552490234,419.217529297,1104.62341309,2062.99511719,3318.19946289,7094.83642578,8451.78027344,4447.47949219,4752.68847656,3554.60913086,3734.59423828,4312.38720703,3663.484375,2630.15527344,2239.63110352,1144.19604492,1009.73468018,790.936767578,371.267883301,532.629882812,771.250488281,460.796386719,131.568862915,70.2820510864,35.6872520447,6.38147354126,1.20686602592,0.243721812963,0.0329016447067,0.00438523618504,0.0114372419193,0.0107917953283,0.0119899101555,0.00434205587953,0.000140069110785],"max":[6.69862174988,19.7120456696,51.7150306702,146.661239624,196.861846924,198.836288452,203.617538452,348.059906006,643.48638916,645.414672852,1102.07421875,1004.86584473,580.484191895,690.337219238,643.809936523,656.067260742,826.379211426,657.581481934,370.263946533,327.643157959,500.071624756,353.340484619,408.68649292,261.407226562,272.597259521,333.489685059,296.935089111,183.659667969,104.006866455,93.3501739502,41.502368927,15.5911684036,6.77265834808,3.52770781517,1.0924757719,1.57789862156,1.33143556118,2.45817708969,1.13001704216,0.154115825891],"mean":[0.343563824892,1.39031887054,2.62036061287,2.99303007126,4.027094841,6.10045289993,9.34002971649,15.1938314438,21.3891773224,28.353767395,38.6350059509,44.34324646,41.3126029968,47.594291687,44.7876167297,48.8808898926,49.8683013916,53.6235961914,51.8779296875,45.6022186279,34.1746864319,29.9389286041,22.2199707031,15.4380350113,16.4536132812,18.0214824677,13.0928869247,7.67263889313,5.58440589905,3.82204341888,1.66939437389,0.683872818947,0.215143054724,0.0715596526861,0.0286127403378,0.0458353236318,0.0806475803256,0.104712598026,0.0766610875726,0.0343922227621],"median":[0.150795727968,0.798232972622,1.36812543869,1.28687739372,1.68571317196,2.50790262222,4.63628435135,6.94117307663,9.31650161743,12.4028310776,14.4410715103,17.4906921387,22.8960723877,30.7429924011,31.2558345795,33.8446311951,35.6097717285,40.5298271179,41.5230751038,37.2455635071,29.1000366211,22.2781486511,14.3589067459,9.78091049194,8.43840026855,7.99426603317,5.50117969513,3.46928310394,2.39162349701,1.46654927731,0.700581848621,0.274052202702,0.0690951794386,0.0187982916832,0.00999332591891,0.0151638071984,0.0353241600096,0.049313813448,0.0456390865147,0.0346734039485],"min":[1.01098105311e-13,5.09277461782e-13,1.43611240521e-12,2.59867756654e-12,3.32892480942e-12,2.97745226911e-12,1.91081091921e-12,1.80600293834e-12,3.81113153189e-12,5.84607232415e-12,4.66340247668e-12,3.03893390487e-12,6.09956312889e-12,6.96088455973e-12,1.97444621416e-12,1.72994398754e-12,1.8584740951e-12,6.72655897996e-12,5.0556165157e-12,2.17646126816e-12,1.00040123754e-11,1.29552488529e-11,2.02787894983e-12,1.53212956645e-12,2.57188281089e-11,3.92608306976e-11,2.04664462461e-11,2.59917911846e-12,5.41719230238e-12,3.8963554605e-12,9.62096634999e-12,2.12338718657e-12,5.35573668747e-12,8.45884993994e-12,5.69585567947e-12,1.55071214116e-12,1.2651588761e-12,1.0785793916e-12,2.5987353003e-13,3.20802649582e-14],"var":[0.290419429541,3.14457082748,14.7504892349,28.3599643707,62.7776679993,116.165031433,194.850463867,560.61340332,1164.3840332,2221.24194336,4589.07177734,6028.31933594,2804.43432617,3355.76782227,2635.02636719,2966.50537109,3573.88598633,3134.36816406,2350.63500977,1733.15454102,964.845825195,889.602355957,833.014038086,374.416290283,612.333374023,1091.34680176,653.93762207,167.703567505,96.9418029785,56.2525444031,9.1300535202,1.3807258606,0.166916236281,0.0296134259552,0.00315093901008,0.00878191180527,0.0149984676391,0.0279208347201,0.0112637449056,0.000751366780605]},"erbbands_crest":{"dmean":2.08125185966,"dmean2":3.48940706253,"dvar":4.00436306,"dvar2":10.6810941696,"max":29.6777973175,"mean":6.94108104706,"median":6.17568349838,"min":2.3591735363,"var":8.55222702026},"erbbands_flatness_db":{"dmean":0.0192073360085,"dmean2":0.0290832594037,"dvar":0.000306984118652,"dvar2":0.00071004522033,"max":0.300263762474,"mean":0.138667494059,"median":0.136131823063,"min":0.0412058308721,"var":0.00136056926567},"erbbands_kurtosis":{"dmean":0.779284238815,"dmean2":1.25776135921,"dvar":1.25232172012,"dvar2":3.00309610367,"max":27.5315189362,"mean":0.528773009777,"median":0.186728000641,"min":-1.69617307186,"var":2.46311497688},"erbbands_skewness":{"dmean":0.327568531036,"dmean2":0.516496896744,"dvar":0.0904679298401,"dvar2":0.205543339252,"max":3.41884708405,"mean":0.0157190877944,"median":0.0181187912822,"min":-3.96443867683,"var":0.362297356129},"erbbands_spread":{"dmean":5.92485618591,"dmean2":9.20362472534,"dvar":39.8445167542,"dvar2":92.1050109863,"max":106.150924683,"mean":27.2915172577,"median":25.0577774048,"min":3.30858516693,"var":127.716773987},"gfcc":{"cov":[[10782.9521484,-456.361358643,-507.381408691,267.634490967,148.84765625,-522.918518066,506.2734375,-214.637390137,305.300872803,-70.8689651489,47.3885879517,12.7611579895,-198.442276001],[-456.361358643,1008.56115723,-9.4102268219,-255.674407959,192.956069946,41.872051239,-37.5535812378,-14.726108551,63.0428314209,-4.20095205307,55.7163238525,-57.3901367188,56.3616065979],[-507.381408691,-9.4102268219,432.965759277,211.200698853,-32.5440635681,193.586685181,-67.7991867065,95.6767959595,-66.1233825684,59.4415168762,-14.6661272049,-0.213960796595,16.6903915405],[267.634490967,-255.674407959,211.200698853,332.659240723,42.3200111389,67.3345565796,67.0514831543,20.2911052704,-25.3393573761,18.4758338928,-20.4755878448,34.2170906067,-28.0795917511],[148.84765625,192.956069946,-32.5440635681,42.3200111389,220.216766357,48.2538833618,44.8367805481,-6.61671066284,28.6286506653,-17.2403278351,26.8431682587,-4.50324249268,17.4345645905],[-522.918518066,41.872051239,193.586685181,67.3345565796,48.2538833618,244.944381714,-53.9076690674,95.80128479,-60.0357971191,31.4076557159,-0.474453449249,2.72894382477,31.5239219666],[506.2734375,-37.5535812378,-67.7991867065,67.0514831543,44.8367805481,-53.9076690674,208.30166626,-34.0053710938,60.1564178467,-25.4454956055,-7.19094800949,20.0267086029,-32.0600357056],[-214.637390137,-14.726108551,95.6767959595,20.2911052704,-6.61671066284,95.80128479,-34.0053710938,159.72958374,10.1331615448,45.5106506348,8.84156036377,-16.2117671967,25.3978118896],[305.300872803,63.0428314209,-66.1233825684,-25.3393573761,28.6286506653,-60.0357971191,60.1564178467,10.1331615448,129.430023193,33.8233032227,26.5540027618,7.77585363388,-19.9828224182],[-70.8689651489,-4.20095205307,59.4415168762,18.4758338928,-17.2403278351,31.4076557159,-25.4454956055,45.5106506348,33.8233032227,79.5655899048,37.8361930847,7.43678998947,9.73517513275],[47.3885879517,55.7163238525,-14.6661272049,-20.4755878448,26.8431682587,-0.474453449249,-7.19094800949,8.84156036377,26.5540027618,37.8361930847,62.2528381348,26.8028831482,17.734161377],[12.7611579895,-57.3901367188,-0.213960796595,34.2170906067,-4.50324249268,2.72894382477,20.0267086029,-16.2117671967,7.77585363388,7.43678998947,26.8028831482,63.8856964111,16.7148227692],[-198.442276001,56.3616065979,16.6903915405,-28.0795917511,17.4345645905,31.5239219666,-32.0600357056,25.3978118896,-19.9828224182,9.73517513275,17.734161377,16.7148227692,64.7899475098]],"icov":[[0.000126597631606,0.0000299696057482,0.000155329602421,-0.000317358033499,0.000140077536344,0.000026935031201,-0.000106766878162,0.0000962707490544,-0.000291370379273,0.000354654883267,-0.000556664075702,0.000485663011204,-0.0000733253691578],[0.0000299696057482,0.00286376755685,-0.00317182415165,0.00436114985496,-0.00363392638974,0.000862900924403,-0.00070022494765,0.00095921457978,-0.000773293431848,0.000206223048735,-0.000622078601737,0.000761013652664,-0.000152286942466],[0.000155329602421,-0.00317182415165,0.0117788761854,-0.0122300749645,0.00960178952664,-0.00727688940242,0.00249794847332,0.00102609989699,-0.00292562972754,0.00256729428656,-0.00464458717033,0.00756088318303,-0.00527653098106],[-0.000317358033499,0.00436114985496,-0.0122300749645,0.021143687889,-0.0163396298885,0.00902189966291,-0.00438220892102,-0.00376760889776,0.00996386352926,-0.0138184661046,0.0159596484154,-0.0180203635246,0.0122939385474],[0.000140077536344,-0.00363392638974,0.00960178952664,-0.0163396298885,0.0216979142278,-0.0121690528467,0.00153570296243,0.00560609949753,-0.0122029744089,0.0181148014963,-0.0206615049392,0.0200097821653,-0.0133126834407],[0.000026935031201,0.000862900924403,-0.00727688940242,0.00902189966291,-0.0121690528467,0.015980662778,-0.00135017931461,-0.00791137013584,0.0116764903069,-0.012421971187,0.013368380256,-0.0150843365118,0.00874894857407],[-0.000106766878162,-0.00070022494765,0.00249794847332,-0.00438220892102,0.00153570296243,-0.00135017931461,0.00866277143359,0.000515750900377,-0.00516920816153,0.00479608541355,-0.000411402055761,-0.000420658121584,-0.0000263035799435],[0.0000962707490544,0.00095921457978,0.00102609989699,-0.00376760889776,0.00560609949753,-0.00791137013584,0.000515750900377,0.0142466491088,-0.00900940783322,0.00425274018198,-0.00812518317252,0.0137187410146,-0.0101584652439],[-0.000291370379273,-0.000773293431848,-0.00292562972754,0.00996386352926,-0.0122029744089,0.0116764903069,-0.00516920816153,-0.00900940783322,0.0268866121769,-0.0234215836972,0.0161794424057,-0.0194856915623,0.015838701278],[0.000354654883267,0.000206223048735,0.00256729428656,-0.0138184661046,0.0181148014963,-0.012421971187,0.00479608541355,0.00425274018198,-0.0234215836972,0.0505887083709,-0.040443316102,0.0266288146377,-0.0144926728681],[-0.000556664075702,-0.000622078601737,-0.00464458717033,0.0159596484154,-0.0206615049392,0.013368380256,-0.000411402055761,-0.00812518317252,0.0161794424057,-0.040443316102,0.0623862966895,-0.0398772880435,0.0132649550214],[0.000485663011204,0.000761013652664,0.00756088318303,-0.0180203635246,0.0200097821653,-0.0150843365118,-0.000420658121584,0.0137187410146,-0.0194856915623,0.0266288146377,-0.0398772880435,0.0543025396764,-0.0256683882326],[-0.0000733253691578,-0.000152286942466,-0.00527653098106,0.0122939385474,-0.0133126834407,0.00874894857407,-0.0000263035799435,-0.0101584652439,0.015838701278,-0.0144926728681,0.0132649550214,-0.0256683882326,0.0353782959282]],"mean":[18.3911685944,79.4342041016,-108.55002594,-3.99355363846,-14.4599914551,-14.1558094025,5.79492950439,-17.8776340485,5.79879379272,-5.18310689926,-5.32154941559,0.377621561289,-7.76034593582]},"hfc":{"dmean":35.7208824158,"dmean2":54.9174880981,"dvar":3476.13110352,"dvar2":6246.84326172,"max":2351.25195312,"mean":155.238128662,"median":148.786941528,"min":3.79993481125e-10,"var":19695.1074219},"melbands":{"dmean":[0.00209875009023,0.00113090605009,0.000460267619928,0.000290949537884,0.000248247408308,0.000231981670368,0.000224836883717,0.000196006032638,0.000201179034775,0.000171988911461,0.000128861473058,0.00011694929708,0.0000898770958884,0.0000721791002434,0.0000670849185553,0.0000592080687056,0.0000528804484929,0.0000435409965576,0.0000335543154506,0.0000266195838776,0.0000182302574103,0.000015719946532,0.0000125031529024,0.00000906462810235,0.00000574854630031,0.00000631168632026,0.00000597217331233,0.00000671194311508,0.00000465368930236,0.00000317872263622,0.00000204690377359,0.00000166343215824,0.00000155074042141,0.00000103317870526,5.60391413273e-7,3.48158010866e-7,2.03791088893e-7,1.27697191488e-7,6.94694151093e-8,4.40192771123e-8],"dmean2":[0.00348940584809,0.0019055622397,0.000782131042797,0.00048177264398,0.000416493043303,0.000391739391489,0.000373549351934,0.000323677930282,0.000340799830155,0.000287092028884,0.000216207539779,0.00019630411407,0.000149655068526,0.000121340533951,0.000113676695037,0.0000989307882264,0.0000885929403012,0.0000732091793907,0.0000566415292269,0.0000452427193522,0.0000307206755679,0.0000266321458184,0.0000207734919968,0.0000145874028021,0.00000943742088566,0.00000994731908577,0.00000914701831789,0.0000101965115391,0.00000695326480127,0.00000479969639855,0.00000309341862703,0.00000250081689046,0.00000231105900639,0.00000152299878664,8.28837812605e-7,5.25895927694e-7,3.06129180672e-7,2.01548076006e-7,1.11837366035e-7,7.20853208236e-8],"dvar":[0.000013529226635,0.00000322405048792,7.85718953011e-7,3.40059955306e-7,1.83352085514e-7,1.76936907792e-7,1.67918315697e-7,1.46586927485e-7,1.84282995974e-7,1.10258405073e-7,4.20020711545e-8,3.21105275702e-8,2.01977190528e-8,1.07560005347e-8,1.00296508876e-8,8.68631477857e-9,5.55197532393e-9,3.21747184451e-9,1.88352400343e-9,1.20789933611e-9,6.49194531466e-10,4.66839289448e-10,4.22445800563e-10,3.16245668541e-10,1.00010083548e-10,1.39265085575e-10,1.84243578727e-10,2.05842023981e-10,1.3466018578e-10,4.98805406701e-11,1.8694578871e-11,1.11764000832e-11,1.15182316809e-11,4.9607943621e-12,1.42815566231e-12,4.4582358096e-13,1.65124722706e-13,7.10107835164e-14,2.28398199062e-14,9.25916871522e-15],"dvar2":[0.0000360474223271,0.00000861601893121,0.00000215195632336,8.50946435094e-7,4.80758217236e-7,4.76926629744e-7,4.47062063813e-7,3.79652703941e-7,5.2437786735e-7,3.00750883753e-7,1.17335687833e-7,8.51402717217e-8,5.27877688228e-8,2.96800752864e-8,2.73632814185e-8,2.3471883992e-8,1.51128247694e-8,9.13963305038e-9,5.31386268321e-9,3.3957534562e-9,1.8062613627e-9,1.2974181729e-9,1.11566555994e-9,7.71832653346e-10,2.52638021614e-10,3.11510178763e-10,4.18311441042e-10,4.43927866689e-10,2.77311423824e-10,1.02081745834e-10,4.2122270949e-11,2.42936833844e-11,2.48032185068e-11,9.86891211113e-12,3.11440153181e-12,9.62414284551e-13,3.61992201622e-13,1.66021086852e-13,5.24861729599e-14,2.16606365412e-14],"max":[0.0427033938468,0.0263855978847,0.0206674672663,0.0137849841267,0.00597350904718,0.00701319659129,0.00883003696799,0.00729559594765,0.00908461026847,0.00652197375894,0.00289655267261,0.00298742065206,0.00264945696108,0.00198550499044,0.00278016389348,0.00202070665546,0.00143981492147,0.00073202198837,0.000530215387698,0.000596299360041,0.000548003008589,0.000339339807397,0.000622391875368,0.000452022562968,0.000212678336538,0.000233433631365,0.00026121159317,0.000244948401814,0.000241624045884,0.000139743831824,0.000118219286378,0.0000639639110886,0.000070050242357,0.0000529531207576,0.0000292373697448,0.0000130164389702,0.00000793146136857,0.0000054875808928,0.00000369342797057,0.0000028178710636],"mean":[0.00288642849773,0.00156687211711,0.000556401326321,0.00035653274972,0.000325113564031,0.000338479527272,0.000333331845468,0.00031155499164,0.000325034430716,0.000270293938229,0.000203185103601,0.000192712424905,0.000151908403495,0.000132093322463,0.000119985779747,0.000105626451841,0.0000987327075563,0.0000859415376908,0.0000665780971758,0.0000529289682163,0.0000373412221961,0.0000320365688822,0.0000238405209529,0.0000177105739567,0.0000114255444714,0.0000122733945318,0.0000112739426186,0.0000122860737974,0.00000877896673046,0.00000607424135524,0.0000038519337977,0.00000319209402733,0.00000274624994745,0.00000184775387879,0.00000100939257663,6.22957031737e-7,3.24561028719e-7,1.60351433465e-7,8.32280520058e-8,5.1498052045e-8],"median":[0.00150136521552,0.000928123423364,0.000255886552623,0.000157068163389,0.000158983340953,0.000159307077411,0.000147280326928,0.000134245550726,0.000116639377666,0.000108883650682,0.000110605622467,0.00012069393415,0.0000999083640636,0.0000897674472071,0.0000799817134975,0.0000708089864929,0.0000703354235156,0.0000650627043797,0.0000508830344188,0.0000435800793639,0.0000303005072055,0.0000235331408476,0.0000155327761604,0.0000103941165435,0.00000726486223357,0.00000617337491349,0.00000540630435353,0.00000520885532751,0.00000346499655279,0.00000267819632427,0.00000172735167325,0.00000140131714943,0.00000101265902686,6.96865072314e-7,4.21794368322e-7,2.649157409e-7,1.17687925183e-7,4.69172718454e-8,1.96264551278e-8,1.19569589785e-8],"min":[9.09858333864e-16,7.3894614335e-16,4.7851702281e-16,2.34257893582e-16,7.8253271181e-17,4.10208659583e-17,6.12185849613e-17,6.35414404703e-17,3.43351422614e-17,1.88671212327e-17,3.12860387183e-17,2.9821727202e-17,8.86163470594e-18,3.35143536871e-18,4.54989041574e-18,4.89007009701e-18,1.38851596414e-17,9.70580974417e-18,2.57244671223e-18,3.87202003965e-18,1.40360423482e-17,1.62042663678e-17,3.73921867385e-18,1.02102242749e-18,4.45529093896e-19,7.91504726324e-18,3.34957855503e-17,2.47276694028e-17,1.86682322718e-17,2.0036491989e-18,9.14723308129e-19,3.66388898982e-18,1.85189836603e-18,2.34508474714e-18,7.4152151063e-18,1.98700218907e-18,1.00298461686e-18,3.04722108688e-18,5.38843194041e-18,8.20888166915e-18],"var":[0.0000164200537256,0.0000039471810851,8.70304404543e-7,3.99031591769e-7,2.28861736673e-7,2.57097411804e-7,2.73191119504e-7,2.61552798975e-7,3.43113697454e-7,2.158167689e-7,7.1005906932e-8,5.78495331638e-8,3.65019481308e-8,2.11745856404e-8,2.14819557698e-8,1.76207066716e-8,1.15096305819e-8,7.21700699202e-9,4.02022592993e-9,2.41830266923e-9,1.30928334841e-9,1.04298980563e-9,8.30140012287e-10,6.724868995e-10,2.06810818471e-10,3.23260168633e-10,4.03911404323e-10,5.48589451643e-10,3.41364214673e-10,1.2460656118e-10,4.14083350941e-11,2.98161668966e-11,3.03766525822e-11,1.37374191883e-11,3.61970045951e-12,1.11442528383e-12,3.38938133202e-13,9.95957534652e-14,3.98060423057e-14,1.75228636532e-14]},"melbands_crest":{"dmean":4.48915100098,"dmean2":7.31988286972,"dvar":15.8353614807,"dvar2":38.8409881592,"max":38.2682495117,"mean":14.0781116486,"median":12.5974655151,"min":2.92241287231,"var":46.0814666748},"melbands_flatness_db":{"dmean":0.0318161733449,"dmean2":0.0485537983477,"dvar":0.000974951544777,"dvar2":0.00206918781623,"max":0.588969767094,"mean":0.192219883204,"median":0.182138860226,"min":0.0395335033536,"var":0.00410403870046},"melbands_kurtosis":{"dmean":6.20487689972,"dmean2":9.81150817871,"dvar":333.993103027,"dvar2":784.428527832,"max":507.387786865,"mean":7.99492502213,"median":2.21687412262,"min":-1.80384898186,"var":490.199798584},"melbands_skewness":{"dmean":0.750182628632,"dmean2":1.15301430225,"dvar":0.869733035564,"dvar2":1.95433342457,"max":17.4197216034,"mean":1.92268240452,"median":1.48888492584,"min":-2.16995930672,"var":2.88412189484},"melbands_spread":{"dmean":8.18971824646,"dmean2":12.593752861,"dvar":87.7737960815,"dvar2":176.378616333,"max":173.229278564,"mean":29.4833774567,"median":27.502910614,"min":0.291062146425,"var":299.04385376},"mfcc":{"cov":[[9181.59472656,163.728515625,-848.389587402,570.075561523,-475.423828125,125.912940979,-266.461029053,186.938461304,-130.641479492,177.137786865,-31.7840557098,137.632614136,-17.2073688507],[163.728515625,1206.97509766,-210.564987183,-182.388015747,112.806312561,4.78671979904,-18.3240756989,-28.4897651672,21.3178195953,16.0156173706,40.8852272034,7.19974136353,21.4727516174],[-848.389587402,-210.564987183,553.046325684,-0.081431619823,136.543441772,19.6207733154,98.6024398804,-24.8508930206,51.1586112976,-7.70943641663,22.1868534088,-2.43786692619,11.3512086868],[570.075561523,-182.388015747,-0.081431619823,297.848052979,-64.1875610352,86.5908966064,-0.98121291399,57.7606582642,-7.92583036423,26.7647857666,-10.901889801,18.2814159393,3.21702551842],[-475.423828125,112.806312561,136.543441772,-64.1875610352,287.043823242,19.5032081604,91.0164718628,-16.3614654541,44.0026893616,-20.1465148926,34.5241317749,3.94286799431,19.8023929596],[125.912940979,4.78671979904,19.6207733154,86.5908966064,19.5032081604,158.002548218,41.8781242371,48.2594184875,-7.42526865005,1.38600623608,-18.9730091095,11.9151849747,7.58739614487],[-266.461029053,-18.3240756989,98.6024398804,-0.98121291399,91.0164718628,41.8781242371,140.701583862,29.7282333374,42.8801383972,-21.6437664032,0.747834444046,-9.1049747467,12.7746772766],[186.938461304,-28.4897651672,-24.8508930206,57.7606582642,-16.3614654541,48.2594184875,29.7282333374,96.6618423462,26.2248668671,19.6327133179,-8.95536899567,12.3129310608,-1.79003846645],[-130.641479492,21.3178195953,51.1586112976,-7.92583036423,44.0026893616,-7.42526865005,42.8801383972,26.2248668671,80.8704681396,24.2433643341,24.7450408936,3.66477894783,12.3462190628],[177.137786865,16.0156173706,-7.70943641663,26.7647857666,-20.1465148926,1.38600623608,-21.6437664032,19.6327133179,24.2433643341,73.4398956299,31.1743431091,24.3445682526,-0.660585165024],[-31.7840557098,40.8852272034,22.1868534088,-10.901889801,34.5241317749,-18.9730091095,0.747834444046,-8.95536899567,24.7450408936,31.1743431091,73.8683929443,26.9088134766,18.3766899109],[137.632614136,7.19974136353,-2.43786692619,18.2814159393,3.94286799431,11.9151849747,-9.1049747467,12.3129310608,3.66477894783,24.3445682526,26.9088134766,56.2336235046,23.3659610748],[-17.2073688507,21.4727516174,11.3512086868,3.21702551842,19.8023929596,7.58739614487,12.7746772766,-1.79003846645,12.3462190628,-0.660585165024,18.3766899109,23.3659610748,57.0830039978]],"icov":[[0.000158808281412,-0.0000419667267124,0.000176919638761,-0.00026992300991,0.000069456633355,0.0000482070827275,0.0000312542360916,-0.0000912608302315,0.000148073973833,-0.000204092211789,0.0000866960835992,-0.000260521977907,0.0000476726709167],[-0.0000419667267124,0.00114115467295,0.000546356255654,0.000786946271546,-0.000525234732777,-0.000697529874742,0.000301339227008,0.000364262727089,-0.000454129913123,-0.000339363439707,-0.000344143918483,0.000349829235347,-0.000314116012305],[0.000176919638761,0.000546356255654,0.00285623082891,-0.000303885462927,-0.000741901400033,-0.000502022565342,-0.00113364018034,0.0017221737653,-0.00116954790428,-0.000575315847527,0.0000444943652838,-0.000536670384463,0.000380414538085],[-0.00026992300991,0.000786946271546,-0.000303885462927,0.00556547474116,0.000593034201302,-0.00261763716117,0.000398340955144,-0.00137294223532,0.000291634438327,-0.000981382094324,-0.00045352143934,0.000562193396036,-0.000779162743129],[0.000069456633355,-0.000525234732777,-0.000741901400033,0.000593034201302,0.00587954325601,-0.00107812671922,-0.0025156927295,0.00146279216278,-0.00163672643248,0.002047220245,-0.00222058361396,-0.00122105539776,0.000637522374745],[0.0000482070827275,-0.000697529874742,-0.000502022565342,-0.00261763716117,-0.00107812671922,0.0107054412365,-0.00298054376617,-0.00393714848906,0.00461891619489,-0.00173414172605,0.00303088128567,-0.00143665459473,-0.00138784875162],[0.0000312542360916,0.000301339227008,-0.00113364018034,0.000398340955144,-0.0025156927295,-0.00298054376617,0.0142680192366,-0.0038707528729,-0.0057712146081,0.00564404763281,-0.00103508355096,0.00268037896603,-0.00139691447839],[-0.0000912608302315,0.000364262727089,0.0017221737653,-0.00137294223532,0.00146279216278,-0.00393714848906,-0.0038707528729,0.0190070886165,-0.00761299952865,-0.00247219856828,0.0043598250486,-0.00530626997352,0.00343497190624],[0.000148073973833,-0.000454129913123,-0.00116954790428,0.000291634438327,-0.00163672643248,0.00461891619489,-0.0057712146081,-0.00761299952865,0.0246876832098,-0.00936113018543,-0.00325766857713,0.00560496933758,-0.00525521254167],[-0.000204092211789,-0.000339363439707,-0.000575315847527,-0.000981382094324,0.002047220245,-0.00173414172605,0.00564404763281,-0.00247219856828,-0.00936113018543,0.0265337899327,-0.0088013485074,-0.00679224403575,0.00636097835377],[0.0000866960835992,-0.000344143918483,0.0000444943652838,-0.00045352143934,-0.00222058361396,0.00303088128567,-0.00103508355096,0.0043598250486,-0.00325766857713,-0.0088013485074,0.0245549697429,-0.00807078741491,-0.00309045729227],[-0.000260521977907,0.000349829235347,-0.000536670384463,0.000562193396036,-0.00122105539776,-0.00143665459473,0.00268037896603,-0.00530626997352,0.00560496933758,-0.00679224403575,-0.00807078741491,0.0315318852663,-0.0118864811957],[0.0000476726709167,-0.000314116012305,0.000380414538085,-0.000779162743129,0.000637522374745,-0.00138784875162,-0.00139691447839,0.00343497190624,-0.00525521254167,0.00636097835377,-0.00309045729227,-0.0118864811957,0.0250734630972]],"mean":[-640.114074707,143.267929077,-32.4602088928,26.0297431946,-8.09575748444,21.1928863525,-3.90772676468,10.0575819016,1.8327049017,9.1249628067,-0.19188773632,5.3538608551,2.85434889793]},"pitch_salience":{"dmean":0.0833247974515,"dmean2":0.134708061814,"dvar":0.00556434830651,"dvar2":0.0137177482247,"max":0.851095438004,"mean":0.606781959534,"median":0.639435648918,"min":0.0787678435445,"var":0.0178511142731},"silence_rate_20dB":{"dmean":0,"dmean2":0,"dvar":0,"dvar2":0,"max":1,"mean":1,"median":1,"min":1,"var":0},"silence_rate_30dB":{"dmean":0.0211800299585,"dmean2":0.0423646382987,"dvar":0.0207310020924,"dvar2":0.0539737641811,"max":1,"mean":0.98411667347,"median":1,"min":0,"var":0.0156314168125},"silence_rate_60dB":{"dmean":0.0188026800752,"dmean2":0.0376094244421,"dvar":0.018447091803,"dvar2":0.0422444976866,"max":1,"mean":0.0486223660409,"median":0,"min":0,"var":0.0462550297379},"spectral_centroid":{"dmean":246.753509521,"dmean2":354.275268555,"dvar":77881.8125,"dvar2":128878.84375,"max":4229.57910156,"mean":1510.92431641,"median":1394.83300781,"min":153.289886475,"var":395665.125},"spectral_complexity":{"dmean":4.13053798676,"dmean2":6.14589881897,"dvar":15.6047906876,"dvar2":30.6019535065,"max":63,"mean":28.1499729156,"median":30,"min":0,"var":189.053268433},"spectral_contrast_coeffs":{"dmean":[0.0544146671891,0.0478966981173,0.0377043150365,0.0270111951977,0.0202455632389,0.0431941412389],"dmean2":[0.0900811180472,0.080915927887,0.0638370960951,0.04581810534,0.0336699932814,0.0662558302283],"dvar":[0.00189869839232,0.00139472319279,0.000894327706192,0.000442435062723,0.000309483933961,0.00139253982343],"dvar2":[0.00522764632478,0.00400845287368,0.00250900932588,0.00125186156947,0.000809273973573,0.00326443696395],"max":[-0.422851055861,-0.536848008633,-0.595528066158,-0.635812282562,-0.67139852047,-0.393357366323],"mean":[-0.721017837524,-0.7920601964,-0.811534941196,-0.818787157536,-0.814937949181,-0.691108047962],"median":[-0.729404330254,-0.7965721488,-0.815755009651,-0.818933844566,-0.813110470772,-0.685613036156],"min":[-0.950488388538,-0.986863851547,-0.979517042637,-0.973176181316,-0.968148648739,-0.939034104347],"var":[0.00500464439392,0.00310243852437,0.00220183446072,0.00108957500197,0.00113312283065,0.00643082754686]},"spectral_contrast_valleys":{"dmean":[0.424235999584,0.362463265657,0.310122638941,0.276243746281,0.275696456432,0.593371808529],"dmean2":[0.690693676472,0.588835954666,0.489361941814,0.415752351284,0.391067713499,0.937888264656],"dvar":[0.125935420394,0.0960177704692,0.080577403307,0.0794136151671,0.108707904816,0.274988681078],"dvar2":[0.300646960735,0.227091342211,0.168864712119,0.144414588809,0.210920259356,0.68170684576],"max":[-5.13245010376,-4.34029483795,-4.91479253769,-5.47829437256,-5.47699832916,-8.66088199615],"mean":[-7.0410990715,-6.32354831696,-6.54536628723,-6.82422351837,-7.22351074219,-11.0381717682],"median":[-6.79832983017,-6.12697410583,-6.29292058945,-6.48451519012,-6.93529701233,-10.9341611862],"min":[-23.4085674286,-21.8473739624,-21.0003623962,-21.4143676758,-20.6067485809,-22.5312099457],"var":[1.2031185627,1.10599398613,1.03660464287,1.09424638748,1.28657472134,1.01320624352]},"spectral_decrease":{"dmean":3.11550252263e-9,"dmean2":4.97663510401e-9,"dvar":1.81748206908e-17,"dvar2":4.45250247175e-17,"max":2.18754987458e-8,"mean":-6.98086211059e-9,"median":-5.7557896227e-9,"min":-5.46263159151e-8,"var":3.77845151943e-17},"spectral_energy":{"dmean":0.0123412413523,"dmean2":0.0194915998727,"dvar":0.000263886817265,"dvar2":0.000642622529995,"max":0.220595508814,"mean":0.040427967906,"median":0.0371048226953,"min":2.93913588671e-14,"var":0.000880914682057},"spectral_energyband_high":{"dmean":0.000480696733575,"dmean2":0.000657086377032,"dvar":7.32290743599e-7,"dvar2":0.00000115454542993,"max":0.0169349778444,"mean":0.0015159859322,"median":0.00100803771056,"min":4.37097037574e-15,"var":0.00000347797367795},"spectral_energyband_low":{"dmean":0.00867127720267,"dmean2":0.0141806853935,"dvar":0.000190101549379,"dvar2":0.000488036312163,"max":0.15448397398,"mean":0.0136807309464,"median":0.008639450185,"min":5.44886257628e-15,"var":0.000270335265668},"spectral_energyband_middle_high":{"dmean":0.00238403840922,"dmean2":0.00378044368699,"dvar":0.00000775908665673,"dvar2":0.0000196336659428,"max":0.0418677441776,"mean":0.00861039105803,"median":0.00828195083886,"min":1.66155475829e-15,"var":0.0000416091716033},"spectral_energyband_middle_low":{"dmean":0.00401666760445,"dmean2":0.00655658263713,"dvar":0.0000300722367683,"dvar2":0.0000805591262178,"max":0.0832405686378,"mean":0.00993101298809,"median":0.00672603165731,"min":2.85811913348e-15,"var":0.0000966357110883},"spectral_entropy":{"dmean":0.120060436428,"dmean2":0.182708129287,"dvar":0.0182103812695,"dvar2":0.0411052331328,"max":8.69239711761,"mean":7.77055549622,"median":7.7932767868,"min":6.14254379272,"var":0.0627913698554},"spectral_flux":{"dmean":0.0229545086622,"dmean2":0.0366401597857,"dvar":0.000656200980302,"dvar2":0.00162455614191,"max":0.406048953533,"mean":0.118277706206,"median":0.121525339782,"min":0.0000203035069717,"var":0.00295466464013},"spectral_kurtosis":{"dmean":3.31969594955,"dmean2":4.98895692825,"dvar":17.4016418457,"dvar2":40.6147880554,"max":72.2389907837,"mean":16.1141204834,"median":15.4833145142,"min":2.17997646332,"var":47.7274246216},"spectral_rms":{"dmean":0.000893314077985,"dmean2":0.00138323439751,"dvar":8.96531446415e-7,"dvar2":0.00000208926167033,"max":0.0146702118218,"mean":0.0057652965188,"median":0.00601662928239,"min":5.35485744635e-9,"var":0.00000620345463176},"spectral_rolloff":{"dmean":5002.72509766,"dmean2":9399.93945312,"dvar":52428664,"dvar2":122877624,"max":22050,"mean":11734.3066406,"median":17398.828125,"min":21.533203125,"var":84558408},"spectral_skewness":{"dmean":0.279240190983,"dmean2":0.409823864698,"dvar":0.0965599939227,"dvar2":0.211212679744,"max":6.35695028305,"mean":2.58660554886,"median":2.57835102081,"min":0.783935725689,"var":0.365630060434},"spectral_spread":{"dmean":404197.96875,"dmean2":615960,"dvar":170204184576,"dvar2":403954827264,"max":9572469,"mean":3893181,"median":3793406,"min":1051513.125,"var":811437195264},"spectral_strongpeak":{"dmean":1.74885118008,"dmean2":3.0961830616,"dvar":99.23462677,"dvar2":232.899459839,"max":287.41317749,"mean":1.66257667542,"median":0.181312903762,"min":0,"var":138.567352295},"zerocrossingrate":{"dmean":0.0314184240997,"dmean2":0.0394709408283,"dvar":0.000826461648103,"dvar2":0.00127644988243,"max":0.79931640625,"mean":0.246467486024,"median":0.25732421875,"min":0.00341796875,"var":0.00774091901258}},"metadata":{"audio_properties":{"analysis_sample_rate":44100,"bit_rate":192000,"codec":"mp3","downmix":"mix","equal_loudness":0,"length":214.857147217,"lossless":false,"md5_encoded":"a8c6825d318e2e4d1b662c33b6c0fcbe","replay_gain":-10.0289134979,"sample_rate":44100},"tags":{"album":["The Golden Age of Grotesque"],"album artist credit":["Marilyn Manson"],"albumartist":["Marilyn Manson"],"albumartistsort":["Marilyn Manson"],"artist":["Marilyn Manson"],"artist credit":["Marilyn Manson"],"artistsort":["Marilyn Manson"],"asin":["B000092ZVV"],"bpm":["0"],"catalognumber":["9800080"],"date":["2003-05-13"],"discnumber":["1/1"],"encodedby":["iTunes v4.8.0.32"],"file_name":"05 - Marilyn Manson - Use Your Fist and Not Your Mouth.mp3","genre":["Rock - Alternative Metal / Punk"],"label":["Interscope Records"],"language":["eng"],"media":["CD"],"musicbrainz album release country":["US"],"musicbrainz album status":["Official"],"musicbrainz album type":["album"],"musicbrainz_albumartistid":["5dfdca28-9ddc-4853-933c-8bc97d87beec"],"musicbrainz_albumid":["5a5b6e45-9f6b-47c7-82ae-835f84f271ba"],"musicbrainz_artistid":["5dfdca28-9ddc-4853-933c-8bc97d87beec"],"musicbrainz_recordingid":["95e70aaa-9a62-4356-a6f3-c883aec7fd2e"],"musicbrainz_releasegroupid":["650e64b0-3fff-39eb-891f-050b1a4a41b0"],"originaldate":["2003-05-07"],"replaygain_album_gain":["0.00 dB"],"replaygain_album_peak":["0.000000"],"replaygain_track_gain":["-9.30 dB"],"replaygain_track_peak":["1.095276"],"script":["Latn"],"title":["Use Your Fist and Not Your Mouth"],"tracknumber":["5/15"]},"version":{"essentia":"2.1-beta1","essentia_build_sha":"ca57ba49d9b1854bd80e60cf9ccf267278fb7d6b","essentia_git_sha":"v2.1_beta1-28-g21ef5f4-dirty","extractor":"music 1.0"}},"rhythm":{"beats_count":374,"beats_loudness":{"dmean":0.0264604892582,"dmean2":0.0454639308155,"dvar":0.000402879493777,"dvar2":0.00117455341388,"max":0.114559262991,"mean":0.0456007346511,"median":0.0445615649223,"min":1.53715348006e-7,"var":0.000753238156904},"beats_loudness_band_ratio":{"dmean":[0.264308005571