{"lowlevel":{"average_loudness":0.850544095039,"barkbands":{"dmean":[0.000155116256792,0.00366050493903,0.0022681565024,0.00328086758964,0.00280179060064,0.00128801714163,0.000887511996552,0.000538751715794,0.000997143797576,0.000361009966582,0.00020646576013,0.000150403458974,0.000279264117125,0.000128717263578,0.000107430860226,0.0000921062601265,0.000087900669314,0.000049031470553,0.0000753365311539,0.0000591885436734,0.0000393560985685,0.0000104438377093,0.00000729331350158,0.00000532914918949,0.00000197488088816,4.7517463031e-7,2.35727554809e-7],"dmean2":[0.000237888190895,0.00615786574781,0.00398756796494,0.00572666851804,0.00466995965689,0.00203504203819,0.00144810951315,0.000837199098896,0.00149446853902,0.000538004562259,0.000325308559695,0.000239567350945,0.000433443288784,0.000207450182643,0.000169693375938,0.00014977423416,0.000137924042065,0.0000761716000852,0.000119643875223,0.0000932077309699,0.0000595284727751,0.0000155866309797,0.0000108708172775,0.00000761126921134,0.00000281153779724,6.79643221702e-7,3.51912120777e-7],"dvar":[1.84925127655e-7,0.0000824204253149,0.0000257996016444,0.0000698985459167,0.0000193001742446,0.00000525797986484,0.0000027227188184,0.00000107797347937,0.00000644488909529,6.25817733635e-7,3.18170037872e-7,1.14041256438e-7,7.15342878266e-7,1.36421576258e-7,1.04613583574e-7,6.01681620083e-8,5.07453883358e-8,1.66931748424e-8,5.6171639784e-8,2.84895111946e-8,1.61566884316e-8,1.23778942651e-9,4.4073894534e-10,4.82031137228e-10,3.48784716386e-11,1.98469227164e-11,9.53073644311e-12],"dvar2":[4.36949619598e-7,0.00020351204148,0.0000698069488863,0.000190916238353,0.0000529305725649,0.000013462449715,0.00000707395520294,0.00000269098268291,0.0000159008050105,0.00000133602941332,8.05556965133e-7,2.71206801017e-7,0.00000167544169472,3.52139323923e-7,2.68611245247e-7,1.53961195792e-7,1.16010632212e-7,3.85732796815e-8,1.24439239357e-7,6.65245067921e-8,3.32776188827e-8,2.829994461e-9,1.01546049347e-9,8.92207863146e-10,7.21113169178e-11,4.82574744054e-11,2.32116600246e-11],"max":[0.0068723433651,0.106870986521,0.0611989572644,0.111644223332,0.067985355854,0.0544613786042,0.0503359362483,0.019978698343,0.0514483898878,0.0175067801028,0.0186716858298,0.00994605198503,0.0228530801833,0.0124454926699,0.0125453053042,0.0066356160678,0.00597595283762,0.00402950588614,0.0130639225245,0.00359312817454,0.00456463452429,0.00271860766225,0.000744051416405,0.00113625603262,0.000264499743935,0.000344288157066,0.000240688401391],"mean":[0.00014075107174,0.00390096683986,0.00233492720872,0.00524412142113,0.00675868382677,0.00270124082454,0.00183347216807,0.00119262875523,0.0020520943217,0.000754827808123,0.000380881101592,0.000258856831351,0.000504540454131,0.000213487321162,0.000194086169358,0.00015890065697,0.000161349045811,0.0000882524109329,0.000137877315865,0.0000956322546699,0.0000656045376672,0.0000180965762411,0.0000132933255372,0.00000859509782458,0.0000031539941574,8.72216446623e-7,4.17832922039e-7],"median":[0.0000068908002504,0.000661567784846,0.000574695586693,0.00204291474074,0.00417135376483,0.00151936395559,0.000994741450995,0.000479039212223,0.000648730318062,0.00023089320166,0.0000858757121023,0.0000689263542881,0.0000751115949242,0.0000473813270219,0.0000447568963864,0.0000302428870782,0.0000264067402895,0.0000198342058866,0.0000219708672375,0.0000109022694232,0.0000108241165435,0.00000770337828726,0.00000631754073765,0.00000286463068733,0.00000136076732815,5.02776401845e-7,2.58485016502e-7],"min":[2.40695365856e-24,4.0736355105e-24,7.15687893286e-25,1.57247509656e-24,7.65858746744e-24,1.25003695791e-23,8.30672584236e-24,1.36485937031e-23,1.00016305737e-23,3.54843392903e-23,1.44297837249e-23,2.55803815295e-23,1.948047987e-23,2.56100411219e-23,3.00420289259e-23,7.48129681656e-23,4.6151325917e-23,9.58757625943e-23,1.19732954785e-22,1.45505444455e-22,2.04213066245e-22,3.65897038124e-22,4.21862869709e-22,6.26042892148e-22,8.85164135763e-22,1.27231051183e-21,1.91717120756e-21],"var":[1.77113491873e-7,0.000080085665104,0.0000212934282899,0.0000799782937975,0.0000536301631655,0.0000136805601869,0.00000630823160463,0.00000335991376232,0.0000158376569743,0.00000199548094315,8.19041474642e-7,2.73241170134e-7,0.0000019381122911,2.59142751702e-7,2.09955572927e-7,1.25056374145e-7,1.33492946475e-7,4.0932061296e-8,1.29172534002e-7,5.77331569218e-8,3.54060567531e-8,2.49388087958e-9,7.7195150272e-10,9.5794883137e-10,6.98168328706e-11,1.12581914277e-11,5.07164752903e-12]},"barkbands_crest":{"dmean":2.38430476189,"dmean2":3.89134764671,"dvar":5.44142913818,"dvar2":13.6706066132,"max":25.5683937073,"mean":10.7902116776,"median":10.0549240112,"min":2.65080475807,"var":17.0086555481},"barkbands_flatness_db":{"dmean":0.0221058428288,"dmean2":0.0336836129427,"dvar":0.000550448312424,"dvar2":0.00123886985239,"max":0.545439124107,"mean":0.196391880512,"median":0.187406033278,"min":0.0197201799601,"var":0.00426977034658},"barkbands_kurtosis":{"dmean":4.82334327698,"dmean2":7.67978715897,"dvar":101.677467346,"dvar2":248.849609375,"max":195.756057739,"mean":9.52897071838,"median":4.72117424011,"min":-1.88966429234,"var":216.845458984},"barkbands_skewness":{"dmean":0.579692959785,"dmean2":0.906554758549,"dvar":0.474946647882,"dvar2":1.10728275776,"max":11.2160320282,"mean":1.97220849991,"median":1.74285936356,"min":-2.11255478859,"var":1.63269066811},"barkbands_spread":{"dmean":2.5277338028,"dmean2":3.92045474052,"dvar":14.5329456329,"dvar2":31.3206977844,"max":136.802062988,"mean":10.4176425934,"median":7.97685003281,"min":0.395214378834,"var":83.8540878296},"dissonance":{"dmean":0.0270143654197,"dmean2":0.0448977611959,"dvar":0.000664165185299,"dvar2":0.00176226324402,"max":0.500000059605,"mean":0.435263037682,"median":0.445187091827,"min":0.188066005707,"var":0.00195283663925},"dynamic_complexity":4.39141321182,"erbbands":{"dmean":[0.0904047563672,0.925567388535,2.63876342773,6.5924654007,11.4088172913,9.25781536102,8.07236194611,11.7868394852,12.1074514389,12.2053136826,12.1323804855,25.9302101135,9.45915985107,9.90475940704,8.01416492462,5.90322780609,13.7136154175,5.79968166351,6.83100414276,3.78468489647,5.85676336288,3.87817549706,3.06728172302,2.82515192032,3.42980647087,3.11023235321,2.41271424294,0.656441748142,0.398978769779,0.264911919832,0.199354618788,0.133209124207,0.0754922330379,0.0306960027665,0.00972551945597,0.00269655557349,0.000787188182585,0.000204949697945,0.0000437069720647,0.000014284453755],"dmean2":[0.138985842466,1.61401236057,4.61971664429,11.5697088242,19.4510059357,15.5009937286,13.1917943954,18.5356178284,20.0321769714,19.1376533508,18.5831737518,39.2008552551,14.1470785141,14.6196603775,12.5292444229,9.30847644806,21.3072223663,9.19315338135,10.9193410873,6.03918504715,9.5304517746,6.09731292725,4.72494935989,4.49523019791,5.34677457809,4.88934707642,3.63859200478,0.987454414368,0.595632731915,0.393873035908,0.297422498465,0.191826820374,0.108605332673,0.0442716889083,0.0138787580654,0.00387248513289,0.00113969994709,0.000300811196212,0.0000652095186524,0.0000227658802032],"dvar":[0.0507623255253,5.63008975983,38.6229782104,263.480682373,515.116882324,220.355941772,195.529998779,502.523010254,594.004577637,537.739318848,607.922912598,5127.40966797,330.558258057,544.458496094,427.839630127,185.215393066,1963.19909668,321.687255859,407.316986084,104.113586426,246.856811523,96.1474838257,60.0976600647,83.3747406006,145.237167358,78.0294036865,62.857093811,5.02768468857,2.36800789833,0.646786212921,0.342913448811,0.293285727501,0.0813219845295,0.00962483882904,0.000664123333991,0.0000929300731514,0.000109910244646,0.00000876268040884,9.15954956326e-8,3.49656081866e-9],"dvar2":[0.116292275488,14.6241703033,103.404510498,721.436035156,1433.13903809,600.544677734,537.782470703,1258.46826172,1567.30908203,1237.52038574,1512.43188477,12788.1611328,740.656188965,1132.63354492,1044.89428711,434.531921387,4585.87890625,818.456604004,1098.5501709,258.839080811,633.280517578,218.644699097,137.038879395,200.150619507,305.705383301,187.984863281,124.586456299,11.8627462387,5.84688329697,1.46082091331,0.764935195446,0.554230034351,0.15634432435,0.0196994133294,0.00140130857471,0.000216047963477,0.00026797488681,0.0000213550538319,2.21521986532e-7,8.54892956426e-9],"max":[3.20796227455,23.0352993011,57.7280921936,202.535919189,312.537902832,267.057647705,450.629058838,649.110839844,878.278625488,486.002502441,553.66394043,1458.44116211,469.123657227,612.510864258,669.32244873,506.875701904,1195.60290527,734.804626465,791.124938965,287.809844971,436.038970947,273.254119873,267.571655273,465.129425049,839.234191895,206.048049927,286.27053833,149.823776245,120.425949097,33.2171859741,24.3607349396,27.9555473328,11.4265193939,4.57833623886,1.01279222965,0.632345378399,0.817471981049,0.231278911233,0.0231055021286,0.00434896629304],"mean":[0.0989817678928,0.913970768452,2.67442250252,10.320941925,23.7413749695,20.7824478149,17.1325302124,24.8313407898,24.3162784576,28.0116291046,29.7796382904,51.4535179138,22.180141449,23.4938316345,16.1420726776,11.5010328293,25.0310001373,11.1574220657,12.3966836929,7.91197395325,10.3200054169,7.9770526886,6.23283433914,5.57466316223,6.31724309921,5.20509147644,4.05235815048,1.19535624981,0.70910179615,0.461026966572,0.367526441813,0.225855842233,0.114187732339,0.0471816509962,0.0161568056792,0.0049866293557,0.00139400921762,0.00036751938751,0.0000896656347322,0.000037046509533],"median":[0.0134774316102,0.16815084219,0.804728806019,4.47516441345,13.5030422211,11.6533527374,11.7304353714,13.1468839645,13.4998645782,13.683429718,12.8259220123,14.98524189,9.79853916168,7.65066194534,5.14159250259,3.59634137154,4.07457256317,3.06977701187,3.13343453407,2.13831853867,1.92053282261,1.72161018848,1.35862588882,1.12974512577,1.00759458542,0.622581362724,0.50415623188,0.370405226946,0.297774583101,0.199453502893,0.171022340655,0.0806069299579,0.037804029882,0.0189530160278,0.0075163487345,0.00273069809191,0.000795366999228,0.000222807371756,0.0000615617391304,0.0000317550657201],"min":[1.45078689638e-22,3.625882147e-22,1.13100792895e-21,6.01340272046e-21,1.54219941145e-20,3.13670668754e-20,4.64416192833e-20,1.23202102816e-19,1.11686275274e-19,2.36143831464e-19,3.37442437229e-19,3.47225502334e-19,7.98129564151e-19,1.01665915316e-18,1.11204310735e-18,9.87836148111e-19,1.07665177125e-18,1.41151237099e-18,2.36031913927e-18,2.27436494067e-18,3.30535458435e-18,2.84402292863e-18,5.03321535637e-18,4.95643479755e-18,7.70158917027e-18,8.2913226249e-18,9.33347589813e-18,1.06856333039e-17,1.2770075508e-17,1.30033999977e-17,1.07255555218e-17,1.1983562403e-17,1.01915376445e-17,8.62810838412e-18,6.89933523188e-18,4.29268480812e-18,2.29538980389e-18,8.80133510044e-19,2.78744563589e-19,2.83502293215e-20],"var":[0.056024953723,4.73495817184,30.3458423615,271.011016846,830.699584961,656.439575195,367.397338867,1324.49291992,1309.71899414,1752.0456543,1989.71728516,11839.3173828,1105.34423828,2110.51367188,1205.96679688,475.016937256,5320.31396484,575.522155762,817.499694824,316.459381104,514.477172852,275.740844727,172.655715942,189.088500977,331.69039917,155.772094727,147.613128662,8.62628173828,4.22139549255,1.13162684441,0.622815608978,0.588565051556,0.15100415051,0.0187413897365,0.00127109931782,0.0000936741271289,0.0000591473253735,0.00000465280891149,5.23554710696e-8,2.41039477267e-9]},"erbbands_crest":{"dmean":2.39319753647,"dmean2":3.81845903397,"dvar":6.20949554443,"dvar2":14.5403795242,"max":32.5058670044,"mean":9.81287288666,"median":8.64277267456,"min":2.41086125374,"var":20.3868503571},"erbbands_flatness_db":{"dmean":0.0174460858107,"dmean2":0.0233879107982,"dvar":0.000312783959089,"dvar2":0.000530971912667,"max":0.432567089796,"mean":0.198252394795,"median":0.192901402712,"min":0.0294138360769,"var":0.00216511264443},"erbbands_kurtosis":{"dmean":1.48065829277,"dmean2":2.25963973999,"dvar":6.21816778183,"dvar2":13.7347249985,"max":63.5927810669,"mean":2.45792651176,"median":0.82617354393,"min":-1.77694308758,"var":23.892156601},"erbbands_skewness":{"dmean":0.354429394007,"dmean2":0.536279916763,"dvar":0.142759114504,"dvar2":0.298949152231,"max":5.89732503891,"mean":0.932550668716,"median":0.794716000557,"min":-2.64657378197,"var":0.899374723434},"erbbands_spread":{"dmean":5.64815616608,"dmean2":8.23340892792,"dvar":45.1837425232,"dvar2":89.0014572144,"max":127.895057678,"mean":26.23969841,"median":23.9875926971,"min":1.74368083477,"var":202.394042969},"gfcc":{"cov":[[18658.9746094,1946.43139648,-2441.02709961,1029.30187988,-590.469848633,131.228713989,-165.960662842,57.6772346497,-110.424736023,-172.604522705,-23.1945610046,-365.58203125,-40.8324241638],[1946.43139648,1068.03967285,128.221496582,-197.929550171,91.6730499268,-32.94323349,96.7149276733,-41.5354270935,59.5199584961,-36.2267570496,4.07186746597,-35.106880188,5.64885663986],[-2441.02709961,128.221496582,1416.44921875,-94.1478805542,-77.6168518066,127.367454529,36.2656936646,-42.611125946,92.9202575684,-6.3425860405,-3.93860173225,105.340896606,21.3316249847],[1029.30187988,-197.929550171,-94.1478805542,461.958099365,10.8712406158,42.4106407166,8.15721511841,41.0385780334,-8.32304954529,24.709405899,37.0080451965,-14.505616188,21.0891304016],[-590.469848633,91.6730499268,-77.6168518066,10.8712406158,344.304504395,-11.9729728699,90.150062561,31.6588954926,9.37525653839,69.6309738159,35.725856781,4.44098043442,13.4713058472],[131.228713989,-32.94323349,127.367454529,42.4106407166,-11.9729728699,185.30682373,41.4218826294,31.8770656586,36.9577713013,8.32581043243,24.4898166656,17.6287574768,-0.0525709167123],[-165.960662842,96.7149276733,36.2656936646,8.15721511841,90.150062561,41.4218826294,154.769226074,47.6062393188,9.5989112854,37.4266090393,28.6294345856,2.15640902519,12.0219669342],[57.6772346497,-41.5354270935,-42.611125946,41.0385780334,31.6588954926,31.8770656586,47.6062393188,100.237091064,35.9523544312,15.8259878159,16.1676177979,10.2500429153,9.42068099976],[-110.424736023,59.5199584961,92.9202575684,-8.32304954529,9.37525653839,36.9577713013,9.5989112854,35.9523544312,101.401245117,18.1190719604,7.92898797989,18.7870254517,10.0194673538],[-172.604522705,-36.2267570496,-6.3425860405,24.709405899,69.6309738159,8.32581043243,37.4266090393,15.8259878159,18.1190719604,97.0296401978,32.6721420288,5.7013463974,14.6847343445],[-23.1945610046,4.07186746597,-3.93860173225,37.0080451965,35.725856781,24.4898166656,28.6294345856,16.1676177979,7.92898797989,32.6721420288,65.8615112305,25.9712314606,4.7225522995],[-365.58203125,-35.106880188,105.340896606,-14.505616188,4.44098043442,17.6287574768,2.15640902519,10.2500429153,18.7870254517,5.7013463974,25.9712314606,77.1000823975,26.4203147888],[-40.8324241638,5.64885663986,21.3316249847,21.0891304016,13.4713058472,-0.0525709167123,12.0219669342,9.42068099976,10.0194673538,14.6847343445,4.7225522995,26.4203147888,58.524848938]],"icov":[[0.00067314109765,-0.00242499564774,0.00134458427783,-0.00212837685831,0.00186109787319,-0.00182331027463,0.00181109807454,-0.00148826953955,0.00185691250954,-0.00175423687324,0.0018609969411,-0.00091843464179,0.0008047875599],[-0.00242499564774,0.0102352648973,-0.0049352501519,0.00825480464846,-0.00704896682873,0.00707827135921,-0.00781694706529,0.00675525935367,-0.00839444622397,0.00808384642005,-0.00823299307376,0.00514319492504,-0.00395702430978],[0.00134458427783,-0.0049352501519,0.00367816188373,-0.00428206054494,0.00397220160812,-0.00416713487357,0.00301759084687,-0.0019180419622,0.00292977085337,-0.00368474726565,0.00467587728053,-0.00351720512845,0.00202111364342],[-0.00212837685831,0.00825480464846,-0.00428206054494,0.00959600973874,-0.00598416524008,0.00531522138044,-0.00538346217945,0.0039801383391,-0.00572337629274,0.0061389002949,-0.00845059286803,0.00546316383407,-0.00467630662024],[0.00186109787319,-0.00704896682873,0.00397220160812,-0.00598416524008,0.00917203724384,-0.00440102722496,0.00329194427468,-0.00439313892275,0.00528071029112,-0.00717684114352,0.00504409009591,-0.00330973509699,0.00258697755635],[-0.00182331027463,0.00707827135921,-0.00416713487357,0.00531522138044,-0.00440102722496,0.0121729113162,-0.00704875448719,0.00364706339315,-0.00739840790629,0.00589044997469,-0.00730021391064,0.00273318099789,-0.0013230930781],[0.00181109807454,-0.00781694706529,0.00301759084687,-0.00538346217945,0.00329194427468,-0.00704875448719,0.0164718776941,-0.00989149790257,0.0087055740878,-0.00744268391281,0.00332887633704,-0.000785850337707,0.000765895587392],[-0.00148826953955,0.00675525935367,-0.0019180419622,0.0039801383391,-0.00439313892275,0.00364706339315,-0.00989149790257,0.0200869683176,-0.011312359944,0.00615822337568,-0.00488117150962,0.00116563017946,-0.00235334644094],[0.00185691250954,-0.00839444622397,0.00292977085337,-0.00572337629274,0.00528071029112,-0.00739840790629,0.0087055740878,-0.011312359944,0.0208529569209,-0.00929946824908,0.00740980310366,-0.00516385538504,0.00240740017034],[-0.00175423687324,0.00808384642005,-0.00368474726565,0.0061389002949,-0.00717684114352,0.00589044997469,-0.00744268391281,0.00615822337568,-0.00929946824908,0.021810317412,-0.0135602829978,0.0075908517465,-0.00689144991338],[0.0018609969411,-0.00823299307376,0.00467587728053,-0.00845059286803,0.00504409009591,-0.00730021391064,0.00332887633704,-0.00488117150962,0.00740980310366,-0.0135602829978,0.0325320623815,-0.0158204790205,0.00901894271374],[-0.00091843464179,0.00514319492504,-0.00351720512845,0.00546316383407,-0.00330973509699,0.00273318099789,-0.000785850337707,0.00116563017946,-0.00516385538504,0.0075908517465,-0.0158204790205,0.0266575049609,-0.0128639610484],[0.0008047875599,-0.00395702430978,0.00202111364342,-0.00467630662024,0.00258697755635,-0.0013230930781,0.000765895587392,-0.00235334644094,0.00240740017034,-0.00689144991338,0.00901894271374,-0.0128639610484,0.0249999519438]],"mean":[-72.5489349365,139.140686035,-99.652305603,16.110616684,-59.2477340698,-6.77831029892,-31.44830513,-5.60353136063,-20.9599742889,-7.78237771988,-15.6660118103,-8.14797973633,-10.1436605453]},"hfc":{"dmean":3.07844257355,"dmean2":4.69181251526,"dvar":19.1371746063,"dvar2":43.6618041992,"max":84.9934768677,"mean":11.8874225616,"median":8.69738960266,"min":1.07217715014e-16,"var":120.545387268},"melbands":{"dmean":[0.000888209615368,0.00133227836341,0.00129590509459,0.00073161534965,0.00028571698931,0.000254794518696,0.000179704045877,0.000128804895212,0.000114363421744,0.000151208572788,0.0000482478644699,0.0000450307015853,0.0000309334791382,0.0000181889899977,0.0000232434977079,0.0000256806470134,0.0000102962076198,0.0000124331754705,0.00000648767581879,0.00000467557038064,0.00000766011908127,0.00000389480874219,0.00000505972275278,0.00000217275578507,0.0000024520243187,0.00000330245529767,0.00000205127230402,0.0000021587993615,0.00000194737094716,6.46610374133e-7,3.57942496976e-7,2.60660414142e-7,1.67781252003e-7,1.52839831458e-7,1.29042561525e-7,9.30541332878e-8,8.2696509196e-8,6.18638082983e-8,3.53253355456e-8,2.3593775822e-8],"dmean2":[0.00145111349411,0.00232593156397,0.0022575922776,0.00122584355995,0.000469873426482,0.000400231045205,0.000296530517517,0.000200552603928,0.00017297991144,0.00022821710445,0.0000721849573893,0.000066532054916,0.0000486035387439,0.0000290354855679,0.0000363455073966,0.0000397434050683,0.0000164755037986,0.0000200597187359,0.0000101359710243,0.0000075633997767,0.0000124528069136,0.0000061440700847,0.00000785562770034,0.00000339942221217,0.00000394105472878,0.00000524772758581,0.00000323605900121,0.00000343511032952,0.00000293855100608,0.0000010006950788,5.49412163764e-7,3.97334531499e-7,2.55673683114e-7,2.32278964063e-7,1.96179996692e-7,1.3824985956e-7,1.19928799336e-7,9.02039118955e-8,5.18578815445e-8,3.43504531486e-8],"dvar":[0.00000469175893159,0.000010401327927,0.00000944733073993,0.00000139411531563,2.2415873957e-7,2.20465921075e-7,1.21181543022e-7,5.54944641351e-8,6.14256450149e-8,1.59374607733e-7,9.03973162991e-9,1.12762386095e-8,6.96016266843e-9,1.77523196143e-9,4.09296285753e-9,6.33703578501e-9,1.00735975117e-9,1.33126099033e-9,3.60665719512e-10,1.48769135899e-10,4.19444839972e-10,1.00583555374e-10,2.09109604632e-10,3.85085921484e-11,7.18257883725e-11,1.33056218821e-10,4.56548410188e-11,3.91767694674e-11,5.2744569129e-11,4.62660985912e-12,1.75493300447e-12,9.55438527774e-13,3.2522517123e-13,2.02834168732e-13,1.44991698227e-13,1.00590766456e-13,1.26484963454e-13,6.03150952035e-14,1.4159123025e-14,5.72637936892e-15],"dvar2":[0.0000111431409096,0.0000275264792435,0.0000259219559666,0.00000380997312277,6.14905502516e-7,5.54774715056e-7,3.22013818277e-7,1.29020591544e-7,1.48837642655e-7,3.99259135975e-7,2.01965466573e-8,2.34685497702e-8,1.76409677977e-8,4.18189749496e-9,9.68400737378e-9,1.46023593217e-8,2.58368215711e-9,3.5822129707e-9,8.09528222234e-10,3.8299485805e-10,1.06112230114e-9,2.33048025322e-10,4.83600326451e-10,9.11985764684e-11,1.74357028815e-10,2.7783803036e-10,1.05606849654e-10,9.48171055559e-11,1.01836851452e-10,1.06156619953e-11,4.14486977726e-12,2.38215480328e-12,7.59024570626e-13,4.90243967383e-13,3.42870697112e-13,2.08835634332e-13,2.38348728775e-13,1.17938468778e-13,3.03842915455e-14,1.26138960659e-14],"max":[0.0288429409266,0.0252891816199,0.038928963244,0.0179109591991,0.0163361486048,0.0127752209082,0.0117560513318,0.00467617344111,0.005410826765,0.00792592950165,0.00239399541169,0.00275497091934,0.0027138213627,0.00103967299219,0.00191602075938,0.00194836908486,0.00125235249288,0.00126848358195,0.000571570650209,0.00058342970442,0.000616644159891,0.000343641615473,0.00041613529902,0.000192771083675,0.000444008794148,0.000793084444012,0.000230994235608,0.000158862952958,0.000299069099128,0.0000729329549358,0.0000944739440456,0.0000759899994591,0.0000365455525753,0.0000169366048794,0.0000184190776054,0.0000157114991453,0.0000172698037204,0.00000990265198197,0.00000570287875234,0.00000378711320081],"mean":[0.000983650097623,0.00134772981983,0.00224810699001,0.00172888510861,0.000638783792965,0.000540917913895,0.000366881431546,0.00029991241172,0.000267721072305,0.000300387328025,0.000106588515337,0.000102490281279,0.0000587550821365,0.000031433039112,0.0000425192229159,0.0000460197152279,0.0000177486454049,0.0000209920071939,0.000012267445527,0.00000894921868166,0.0000127269886434,0.00000736473157303,0.00000895465745998,0.00000385132943848,0.00000436972368334,0.00000588659440837,0.00000328735177391,0.00000329768340634,0.00000312917859446,9.80962795438e-7,6.0184152062e-7,4.37888985516e-7,2.68248925295e-7,2.51750378766e-7,2.27027598498e-7,1.59420949331e-7,1.30818520461e-7,8.87192896926e-8,5.25321759426e-8,3.46268862472e-8],"median":[0.000155961664859,0.000348762492649,0.00113571342081,0.00110029045027,0.000441104086349,0.000293198099826,0.000206799973967,0.000142750373925,0.000104888014903,0.0000894870827324,0.0000443240642198,0.0000313837008434,0.0000155509951583,0.00000795081723481,0.00000809159973869,0.00000762168201618,0.00000449092931376,0.00000460902265331,0.0000029296043067,0.00000206868162422,0.00000190130981537,0.00000142117153246,0.00000135927734846,7.99294866738e-7,7.57664395223e-7,8.74710224252e-7,4.50495264204e-7,3.25694202274e-7,2.94713743187e-7,1.87111282912e-7,2.02071191779e-7,1.68298740277e-7,1.05533750627e-7,1.04188714545e-7,1.07641120906e-7,6.17606588094e-8,4.04969142664e-8,2.6130315689e-8,1.95592111396e-8,1.34268303142e-8],"min":[1.68343449655e-24,5.10563794064e-25,1.65373062942e-24,1.97844737308e-24,1.69135505447e-24,2.57980412695e-24,1.7733121805e-24,2.72819320196e-24,2.56972761218e-24,1.72766730802e-24,4.03374478668e-24,4.34841982405e-24,2.53370210957e-24,3.10961514103e-24,3.01273986642e-24,2.20594302523e-24,2.13949135472e-24,3.37014749903e-24,2.22473211427e-24,4.3507907455e-24,3.10473248645e-24,2.57388195092e-24,3.33370094192e-24,3.70519841915e-24,3.88929252202e-24,5.16745544776e-24,4.3353917862e-24,4.30372533174e-24,4.34157330025e-24,3.42146526749e-24,6.26732713144e-24,5.63056255305e-24,6.23251075539e-24,6.44763194095e-24,5.92207308437e-24,6.71435488491e-24,6.42765956055e-24,6.56705759339e-24,6.25308109236e-24,7.0909925798e-24],"var":[0.00000498054487252,0.00000844494206831,0.0000104930486486,0.00000368976452592,4.61947621488e-7,5.91162233832e-7,2.6398748787e-7,1.89208449797e-7,1.86203465091e-7,3.71985777292e-7,2.83473990947e-8,4.17409040665e-8,1.76160437348e-8,4.29366542321e-9,1.06615924977e-8,1.63373243822e-8,1.67721880828e-9,2.67492872297e-9,8.56774151625e-10,3.89817178537e-10,8.61258453444e-10,2.60911930949e-10,5.27592025623e-10,9.14921333139e-11,1.48032086589e-10,3.04322317346e-10,9.64573559914e-11,6.86012913143e-11,1.26924998289e-10,7.25864464021e-12,2.84668165776e-12,1.64903594252e-12,5.88633200342e-13,3.14990709297e-13,2.36118768851e-13,1.78328218078e-13,2.580366205e-13,1.07925732966e-13,2.352464435e-14,1.0429941043e-14]},"melbands_crest":{"dmean":3.2546339035,"dmean2":5.37391233444,"dvar":10.2010831833,"dvar2":26.6609992981,"max":33.6408500671,"mean":14.4432897568,"median":13.4462375641,"min":1.6372064352,"var":29.9510059357},"melbands_flatness_db":{"dmean":0.0267900694162,"dmean2":0.0403545945883,"dvar":0.000831115408801,"dvar2":0.00181584444363,"max":0.698588788509,"mean":0.283934473991,"median":0.272147685289,"min":0.00342176575214,"var":0.00730204908177},"melbands_kurtosis":{"dmean":6.94644165039,"dmean2":11.1001796722,"dvar":164.968780518,"dvar2":389.437469482,"max":390.820556641,"mean":14.0799627304,"median":8.1105594635,"min":-1.69924426079,"var":392.784332275},"melbands_skewness":{"dmean":0.659800350666,"dmean2":1.0281085968,"dvar":0.526871800423,"dvar2":1.20935106277,"max":14.5814189911,"mean":2.43045377731,"median":2.19871997833,"min":-1.36567676067,"var":1.76568555832},"melbands_spread":{"dmean":3.07167959213,"dmean2":4.83850431442,"dvar":23.6902751923,"dvar2":53.0423851013,"max":172.93939209,"mean":12.0558710098,"median":9.26725196838,"min":0.420422047377,"var":177.106964111},"mfcc":{"cov":[[11655.3964844,801.742248535,-1478.26916504,499.105529785,-225.543563843,17.1443920135,24.5434398651,89.1936035156,-73.5733718872,243.198226929,-120.078849792,91.2607269287,-85.4110107422],[801.742248535,1677.0189209,159.714736938,-67.2006454468,-3.63840413094,12.5640201569,0.0951485261321,12.5256233215,33.7956428528,12.1568899155,32.7414588928,-41.2840270996,-5.46936845779],[-1478.26916504,159.714736938,1209.15270996,-55.8338317871,20.527299881,88.7642288208,-74.5768051147,74.2833709717,30.6635513306,-85.013053894,60.870010376,-65.3252716064,-8.79487895966],[499.105529785,-67.2006454468,-55.8338317871,322.881744385,57.5110816956,24.3487033844,69.1724319458,-19.5057125092,9.92151832581,29.8904819489,-15.4926786423,32.4093399048,25.4463844299],[-225.543563843,-3.63840413094,20.527299881,57.5110816956,159.530517578,45.6555557251,18.2363758087,9.88471317291,17.1585044861,8.26401615143,19.3650627136,14.1987390518,23.2897872925],[17.1443920135,12.5640201569,88.7642288208,24.3487033844,45.6555557251,117.413467407,50.7413063049,16.4414615631,17.7057342529,12.9905958176,25.6996650696,19.8913555145,12.2369613647],[24.5434398651,0.0951485261321,-74.5768051147,69.1724319458,18.2363758087,50.7413063049,160.608779907,14.4851179123,17.0924720764,33.6440353394,12.2425842285,42.0172386169,23.8746891022],[89.1936035156,12.5256233215,74.2833709717,-19.5057125092,9.88471317291,16.4414615631,14.4851179123,115.811805725,22.7749919891,7.52030134201,20.8935832977,5.61646080017,5.48599004745],[-73.5733718872,33.7956428528,30.6635513306,9.92151832581,17.1585044861,17.7057342529,17.0924720764,22.7749919891,84.4175262451,31.0637989044,7.54309368134,10.8293647766,17.5191020966],[243.198226929,12.1568899155,-85.013053894,29.8904819489,8.26401615143,12.9905958176,33.6440353394,7.52030134201,31.0637989044,91.8756561279,25.2441692352,10.8884134293,10.9629621506],[-120.078849792,32.7414588928,60.870010376,-15.4926786423,19.3650627136,25.6996650696,12.2425842285,20.8935832977,7.54309368134,25.2441692352,78.0607681274,19.8984184265,-2.39921784401],[91.2607269287,-41.2840270996,-65.3252716064,32.4093399048,14.1987390518,19.8913555145,42.0172386169,5.61646080017,10.8293647766,10.8884134293,19.8984184265,87.2578430176,27.0306301117],[-85.4110107422,-5.46936845779,-8.79487895966,25.4463844299,23.2897872925,12.2369613647,23.8746891022,5.48599004745,17.5191020966,10.9629621506,-2.39921784401,27.0306301117,77.9363174438]],"icov":[[0.000160645373398,-0.000116578492452,0.000211152306292,-0.000332560564857,0.000348864967236,-0.000406625680625,0.000383323669666,-0.000412203517044,0.000282231165329,-0.000373560964363,0.000314175733365,-0.000197735469555,0.000238821477978],[-0.000116578492452,0.00070951890666,-0.000205512798857,0.000350240152329,-0.000233046812355,0.000327324378304,-0.00041048618732,0.000381525373086,-0.000465738732601,0.000269294192549,-0.000517333333846,0.000523177557625,-0.000228941848036],[0.000211152306292,-0.000205512798857,0.00153860647697,-0.000676655210555,0.000795534579083,-0.00167112320196,0.00110681331716,-0.00105010683183,-0.000458836264443,0.00130655500107,-0.00111261021812,0.00105262198485,-0.000108923035441],[-0.000332560564857,0.000350240152329,-0.000676655210555,0.00469645997509,-0.00220896117389,0.00112049118616,-0.00220137555152,0.00164999370463,-0.000164730168763,-0.000774027954321,0.00131846754812,-0.000716961862054,-0.00047208860633],[0.000348864967236,-0.000233046812355,0.000795534579083,-0.00220896117389,0.0087858447805,-0.00372166535817,0.00173013482708,-0.0011673127301,-0.000454289867776,0.000479494599858,-0.00160083593801,0.000419274583692,-0.00147202354856],[-0.000406625680625,0.000327324378304,-0.00167112320196,0.00112049118616,-0.00372166535817,0.0136860562488,-0.00474911974743,0.0011753825238,-0.00125833542552,0.000303133623675,-0.00219416967593,-0.000701581069734,-0.000225717609283],[0.000383323669666,-0.00041048618732,0.00110681331716,-0.00220137555152,0.00173013482708,-0.00474911974743,0.0102812675759,-0.00209871423431,0.00072940037353,-0.00243412028067,0.000983803882264,-0.00287121115252,-0.000333659321768],[-0.000412203517044,0.000381525373086,-0.00105010683183,0.00164999370463,-0.0011673127301,0.0011753825238,-0.00209871423431,0.0110492091626,-0.00295585067943,0.0010813686531,-0.00259006791748,0.000502700102516,-0.000794519030023],[0.000282231165329,-0.000465738732601,-0.000458836264443,-0.000164730168763,-0.000454289867776,-0.00125833542552,0.00072940037353,-0.00295585067943,0.0162301901728,-0.00685950508341,0.00331161939539,-0.00212499196641,-0.00124791497365],[-0.000373560964363,0.000269294192549,0.00130655500107,-0.000774027954321,0.000479494599858,0.000303133623675,-0.00243412028067,0.0010813686531,-0.00685950508341,0.0184235218912,-0.00833171512932,0.00385943520814,-0.00215635029599],[0.000314175733365,-0.000517333333846,-0.00111261021812,0.00131846754812,-0.00160083593801,-0.00219416967593,0.000983803882264,-0.00259006791748,0.00331161939539,-0.00833171512932,0.0204915050417,-0.00667256629094,0.00382843590342],[-0.000197735469555,0.000523177557625,0.00105262198485,-0.000716961862054,0.000419274583692,-0.000701581069734,-0.00287121115252,0.000502700102516,-0.00212499196641,0.00385943520814,-0.00667256629094,0.0173524525017,-0.00528705073521],[0.000238821477978,-0.000228941848036,-0.000108923035441,-0.00047208860633,-0.00147202354856,-0.000225717609283,-0.000333659321768,-0.000794519030023,-0.00124791497365,-0.00215635029599,0.00382843590342,-0.00528705073521,0.0163873620331]],"mean":[-716.936157227,171.391921997,11.807062149,24.1169967651,-7.16204214096,-0.72717165947,-6.86477851868,-1.54790973663,-5.72967863083,0.228499174118,-5.72725868225,-4.54858875275,-6.69219970703]},"pitch_salience":{"dmean":0.0729434490204,"dmean2":0.121054939926,"dvar":0.00553367566317,"dvar2":0.0147819863632,"max":0.994075000286,"mean":0.576397418976,"median":0.586088240147,"min":0.129769772291,"var":0.0124068912119},"silence_rate_20dB":{"dmean":0,"dmean2":0,"dvar":0,"dvar2":0,"max":1,"mean":1,"median":1,"min":1,"var":0},"silence_rate_30dB":{"dmean":0.00758853275329,"dmean2":0.0151783451438,"dvar":0.0075314710848,"dvar2":0.019331716001,"max":1,"mean":0.99451982975,"median":1,"min":0,"var":0.0054503493011},"silence_rate_60dB":{"dmean":0.0225969646126,"dmean2":0.0451977401972,"dvar":0.0220828671008,"dvar2":0.048878967762,"max":1,"mean":0.101340524852,"median":0,"min":0,"var":0.0910795852542},"spectral_centroid":{"dmean":133.539352417,"dmean2":207.674514771,"dvar":49325.4375,"dvar2":104654.6875,"max":11842.0224609,"mean":737.893859863,"median":570.547912598,"min":145.699142456,"var":631141.5625},"spectral_complexity":{"dmean":1.87268126011,"dmean2":2.99114584923,"dvar":4.29165506363,"dvar2":9.65589141846,"max":45,"mean":13.1244411469,"median":12,"min":0,"var":51.0363426208},"spectral_contrast_coeffs":{"dmean":[0.0501200668514,0.039507586509,0.0367638841271,0.0287097971886,0.0220189634711,0.0156416371465],"dmean2":[0.0796771496534,0.0650185644627,0.0578438863158,0.0456191077828,0.0342753976583,0.0246699564159],"dvar":[0.00192563992459,0.00118489342276,0.00101109209936,0.000599495950155,0.000386693660403,0.000200700422283],"dvar2":[0.00466703018174,0.00307230092585,0.002414744813,0.00138204288669,0.000842363981064,0.000451928557595],"max":[-0.301216542721,-0.468554019928,-0.436658501625,-0.515763044357,-0.573890089989,-0.578674077988],"mean":[-0.576501786709,-0.721512854099,-0.729854643345,-0.773445308208,-0.788950383663,-0.77860814333],"median":[-0.571368694305,-0.72024512291,-0.729823589325,-0.77678155899,-0.792298138142,-0.777093529701],"min":[-0.98063158989,-0.995424032211,-0.990233957767,-0.992217063904,-0.966988265514,-0.96555519104],"var":[0.00976409390569,0.00463943975046,0.00545541150495,0.00425221351907,0.00373999052681,0.00186012580525]},"spectral_contrast_valleys":{"dmean":[0.431537657976,0.335484951735,0.353833138943,0.309026122093,0.29233789444,0.308521002531],"dmean2":[0.673623025417,0.540545523167,0.551916956902,0.458927363157,0.394800037146,0.381579905748],"dvar":[0.20228266716,0.153405040503,0.173404589295,0.142931327224,0.144703969359,0.15710619092],"dvar2":[0.393223106861,0.333594679832,0.354052066803,0.25023651123,0.228043705225,0.230594038963],"max":[-5.0190782547,-4.35791730881,-5.31946516037,-6.14576292038,-6.2074379921,-8.38613796234],"mean":[-7.54463624954,-6.75432395935,-7.95150279999,-8.71836090088,-8.83184146881,-11.5108184814],"median":[-7.26702690125,-6.45496416092,-7.70602941513,-8.48713588715,-8.63941192627,-11.2218561172],"min":[-28.0844726562,-27.8963165283,-27.8480434418,-27.6674766541,-27.543346405,-27.3753948212],"var":[3.47435665131,3.28465390205,3.09002614021,2.99641418457,2.99395251274,2.16171216965]},"spectral_decrease":{"dmean":2.92461255214e-9,"dmean2":4.79430362077e-9,"dvar":2.18848316172e-17,"dvar2":5.53939132687e-17,"max":1.25829383538e-19,"mean":-7.45564943117e-9,"median":-6.38048325285e-9,"min":-5.44752118969e-8,"var":3.99481516702e-17},"spectral_energy":{"dmean":0.0112749356776,"dmean2":0.0184494424611,"dvar":0.000321935367538,"dvar2":0.000813767837826,"max":0.210170164704,"mean":0.0292174685746,"median":0.0251089986414,"min":9.96007367782e-21,"var":0.000605759909377},"spectral_energyband_high":{"dmean":0.0000794150473666,"dmean2":0.000116020913993,"dvar":3.8079392084e-8,"dvar2":7.35092271498e-8,"max":0.00574435200542,"mean":0.000155922025442,"median":0.00004512877058,"min":6.94833734028e-21,"var":1.02591208417e-7},"spectral_energyband_low":{"dmean":0.00668799737468,"dmean2":0.0114135509357,"dvar":0.00018088555953,"dvar2":0.000456927577034,"max":0.137501910329,"mean":0.00853722821921,"median":0.00275045982562,"min":1.19913452471e-23,"var":0.000190143895452},"spectral_energyband_middle_high":{"dmean":0.000847387011163,"dmean2":0.00126798963174,"dvar":0.00000248578521678,"dvar2":0.00000569400981476,"max":0.0390922911465,"mean":0.00287170871161,"median":0.0012963420013,"min":1.18753207211e-21,"var":0.0000149662209878},"spectral_energyband_middle_low":{"dmean":0.00674836803228,"dmean2":0.0111747793853,"dvar":0.000141433047247,"dvar2":0.000378249387722,"max":0.169609263539,"mean":0.0198464207351,"median":0.0170687902719,"min":1.76783665751e-22,"var":0.000288771581836},"spectral_entropy":{"dmean":0.18276694417,"dmean2":0.258075386286,"dvar":0.0420459806919,"dvar2":0.0759999081492,"max":9.82942295074,"mean":6.79682636261,"median":6.86067295074,"min":4.04920911789,"var":0.369280219078},"spectral_flux":{"dmean":0.03083345294,"dmean2":0.0484294183552,"dvar":0.00164179631975,"dvar2":0.00341429887339,"max":0.362464904785,"mean":0.0742146298289,"median":0.0591174997389,"min":6.27526849928e-11,"var":0.00326780742034},"spectral_kurtosis":{"dmean":4.75616359711,"dmean2":7.32939338684,"dvar":64.3491134644,"dvar2":125.955993652,"max":164.741744995,"mean":12.5433282852,"median":7.78337860107,"min":-1.27074539661,"var":230.670532227},"spectral_rms":{"dmean":0.000918020261452,"dmean2":0.00145632994827,"dvar":0.00000156964790676,"dvar2":0.00000376034563487,"max":0.0143193602562,"mean":0.00479589030147,"median":0.00494940252975,"min":3.11723368472e-12,"var":0.00000550436288904},"spectral_rolloff":{"dmean":191.33757019,"dmean2":323.512237549,"dvar":177047.890625,"dvar2":398594.8125,"max":19422.9492188,"mean":838.287658691,"median":581.396484375,"min":64.599609375,"var":2499745.5},"spectral_skewness":{"dmean":0.417947798967,"dmean2":0.625180542469,"dvar":0.276771515608,"dvar2":0.51958411932,"max":11.1856584549,"mean":2.49058580399,"median":2.15461421013,"min":-0.0917705819011,"var":1.64837348461},"spectral_spread":{"dmean":415651.78125,"dmean2":596649.5,"dvar":516559372288,"dvar2":982301474816,"max":42727704,"mean":3438981.25,"median":3115775.75,"min":682508.875,"var":7207512965120},"spectral_strongpeak":{"dmean":0.36226183176,"dmean2":0.61975055933,"dvar":0.369813889265,"dvar2":0.928149819374,"max":10.5549354553,"mean":0.776124060154,"median":0.603274285793,"min":0,"var":0.577243030071},"zerocrossingrate":{"dmean":0.00523449014872,"dmean2":0.00664493162185,"dvar":0.0000613537413301,"dvar2":0.000103216174466,"max":0.5244140625,"mean":0.0352534875274,"median":0.02783203125,"min":0.00341796875,"var":0.00187793804798}},"metadata":{"audio_properties":{"analysis_sample_rate":44100,"bit_rate":320030,"codec":"mp3","downmix":"mix","equal_loudness":0,"length":275.382843018,"lossless":false,"md5_encoded":"a77d8808a3168f7be106ae454fcc709a","replay_gain":-8.23832893372,"sample_rate":44100},"tags":{"album":["Nightlife"],"albumartist":["Thin Lizzy"],"albumartistsort":["Thin Lizzy"],"artist":["Thin Lizzy"],"artistsort":["Thin Lizzy"],"asin":["B000001FQ4"],"barcode":["042283802926"],"catalognumber":["838 029-2"],"discnumber":["1/1"],"file_name":"10. Thin Lizzy - Dear Heart.mp3","label":["Vertigo"],"media":["CD"],"musicbrainz album release country":["GB"],"musicbrainz album status":["official"],"musicbrainz album type":["album"],"musicbrainz_albumartistid":["6a726ac6-019e-455c-8bbb-571a77bed52e"],"musicbrainz_albumid":["1a9da320-b3bd-446d-b18a-80869cbba60a"],"musicbrainz_artistid":["6a726ac6-019e-455c-8bbb-571a77bed52e"],"musicbrainz_recordingid":["95f72604-2f7d-46c8-a36f-4370d6fee149"],"musicbrainz_releasegroupid":["3e0381e9-56e2-36ea-8d7b-5b024be09594"],"originaldate":["1974"],"originalyear":["1974"],"script":["Latn"],"title":["Dear Heart"],"tracknumber":["10/10"]},"version":{"essentia":"2.1-beta2","essentia_build_sha":"70f2e5ece6736b2c40cc944ad0e695b16b925413","essentia_git_sha":"v2.1_beta2","extractor":"music 1.0"}},"rhythm":{"beats_count":684,"beats_loudness":{"dmean":0.0184265505522,"dmean2":0.0303775034845,"dvar":0.000307876878651,"dvar2":0.000823337119073,"max":0.121843144298,"mean":0.0339170508087,"median":0.0301992334425,"min":0,"var":0.000565752678085},"beats_loudness_band_ratio":{"dmean":[0.236641943455,0.173118621111,0.118829838932,0.0504676736891,0.0259807053953,0.0208565387875],"dmean2":[0.417948752642,0.291977465153,0.211888551712,0.0899168550968,0.0471338890493,0.0380079224706],"dvar":[0.0339633710682,0.0217557623982,0.0122458795086,0.00284902146086,0.00131042092107,0.000913409690838],"dvar2":[0.106219895184,0.0617502890527,0.0349676758051,0.007551349699