{"lowlevel":{"average_loudness":0.812973976135,"barkbands":{"dmean":[0.0000806578827905,0.0025048609823,0.00208225683309,0.000769890728407,0.0010457735043,0.000711428641807,0.000694746151567,0.0011144480668,0.000641402904876,0.000446104881121,0.000258613668848,0.000176791858394,0.00022116189939,0.000411054148572,0.000338040001225,0.000411404762417,0.000235577099374,0.000119590600661,0.0000596267855144,0.0000383586811949,0.0000204645675694,0.000012583987882,0.0000149098950715,0.000016014872017,0.0000139434059747,0.00000313852569889,7.80716504778e-7],"dmean2":[0.000100539458799,0.00438077934086,0.00365079496987,0.0013645470608,0.001665060292,0.00113895733375,0.00103366875555,0.00166755146347,0.000967039319221,0.000678230018821,0.000402314297389,0.00028425900382,0.000346890854416,0.000657579454128,0.000529120210558,0.00067327846773,0.000368295586668,0.00018502153398,0.0000915740965866,0.0000574911719013,0.0000301968757412,0.0000181261366379,0.0000212046852539,0.0000230169171118,0.0000192982752196,0.00000399018381358,0.00000100859631402],"dvar":[7.40741725735e-8,0.000074660347309,0.0000319828141073,0.00000472136116514,0.00000477322373627,0.00000238835650634,0.00000491951368531,0.0000118923835544,0.00000521983929502,0.00000118958223538,3.35535588647e-7,1.39952774703e-7,3.17892272506e-7,8.20780826416e-7,3.98254172751e-7,7.1957902037e-7,2.32826380397e-7,7.72346879785e-8,1.86529724999e-8,1.24310908234e-8,3.86869958291e-9,1.32854138801e-9,1.7484106607e-8,1.20118190949e-8,5.80264991612e-9,4.93578011795e-10,3.44611249259e-11],"dvar2":[1.16921057725e-7,0.000208485071198,0.0000883448665263,0.0000132366221806,0.0000122097162603,0.00000605710602031,0.0000101027335404,0.0000250324919762,0.0000110607861643,0.00000278997140413,8.44110388698e-7,3.18317091796e-7,7.60400155286e-7,0.00000205898072636,9.91969727693e-7,0.00000187012165043,5.36609206847e-7,1.76505992044e-7,4.17139141007e-8,2.49836968891e-8,7.41786942982e-9,2.63788479948e-9,3.51396174381e-8,2.56178989133e-8,1.01254604701e-8,6.58237853113e-10,4.96250401882e-11],"max":[0.00353636592627,0.0925320461392,0.0841739475727,0.0522244386375,0.0494804903865,0.0410769507289,0.051185619086,0.0991891771555,0.079255990684,0.0340242907405,0.0156700126827,0.0180631522089,0.0170548781753,0.0135167688131,0.0129641387612,0.0268602725118,0.0184182021767,0.00854723714292,0.00389993004501,0.00697023328394,0.00503433542326,0.00104984745849,0.00980446487665,0.0102951973677,0.00760373845696,0.00241649430245,0.000420113909058],"mean":[0.0000979726974037,0.00418826099485,0.00338673056103,0.000844836235046,0.00237955804914,0.0014603449963,0.00118084065616,0.00225731125101,0.00134960201103,0.000868009461556,0.000557003484573,0.000364147475921,0.000418452080339,0.000755128567107,0.000610040384345,0.000837657717057,0.000556174607482,0.000288616720354,0.000136324437335,0.0000817533509689,0.0000466647506983,0.0000255395843851,0.0000309323768306,0.0000294681467494,0.0000246374584094,0.00000555912265554,0.00000137154484037],"median":[0.00000210694656744,0.00159116322175,0.000496823107824,0.000349713489413,0.00111415679567,0.000757209840231,0.000379957753466,0.00060563290026,0.000383580045309,0.000351989147021,0.000208504701732,0.000184398610145,0.000165668461705,0.000195368018467,0.000237558633671,0.000316823890898,0.000226205127547,0.0000879156723386,0.000045108346967,0.0000193542255147,0.00000863023615238,0.00000502309148942,0.00000309961933453,0.00000290167372441,0.00000251590245171,4.6181546054e-7,9.91769155689e-8],"min":[7.33028564679e-24,4.36655810284e-23,1.4734246169e-23,3.30699263602e-23,1.42060533058e-23,1.11095647314e-22,3.94441717544e-23,1.74265605964e-23,7.77469501314e-23,8.88858175744e-23,8.0680326252e-23,7.69974249864e-23,9.40911888327e-23,8.74630532893e-23,2.67858111643e-22,2.06823148234e-22,1.46966818748e-22,1.51489074328e-22,3.41017854543e-22,3.35354615794e-22,4.36085135684e-22,3.22401141077e-22,5.63115621822e-22,9.74970585568e-22,9.49950492496e-22,1.92939898073e-21,2.72036418819e-21],"var":[1.35440870963e-7,0.0000619778074906,0.000044730360969,0.00000363248841495,0.0000144334426295,0.00000523277549291,0.00000968136373558,0.0000394163034798,0.0000198802481464,0.00000276137529909,0.00000112885436465,3.28915120917e-7,8.34162221963e-7,0.00000188462684036,8.45240606395e-7,0.00000188819296909,0.00000101379418993,3.38629632779e-7,5.61903448215e-8,4.04175466429e-8,1.64975872963e-8,3.97276656017e-9,4.63902054548e-8,3.7057283464e-8,1.99733829476e-8,2.09478501212e-9,1.35606373353e-10]},"barkbands_crest":{"dmean":2.00589847565,"dmean2":3.23426270485,"dvar":4.57910013199,"dvar2":12.0348777771,"max":26.8086624146,"mean":10.5753555298,"median":9.53532028198,"min":2.87553286552,"var":22.9835033417},"barkbands_flatness_db":{"dmean":0.0167129002512,"dmean2":0.0245868004858,"dvar":0.00035968029988,"dvar2":0.000760005845223,"max":0.479679852724,"mean":0.18552659452,"median":0.168824121356,"min":0.0291452016681,"var":0.00578429969028},"barkbands_kurtosis":{"dmean":3.57949090004,"dmean2":5.74025154114,"dvar":384.782745361,"dvar2":1030.04846191,"max":1232.17102051,"mean":11.1535081863,"median":0.514419674873,"min":-1.91856181622,"var":5793.67578125},"barkbands_skewness":{"dmean":0.447326898575,"dmean2":0.690444111824,"dvar":0.389317452908,"dvar2":0.937440633774,"max":32.381565094,"mean":1.37359404564,"median":1.02962303162,"min":-9.94039440155,"var":7.39016580582},"barkbands_spread":{"dmean":3.45639038086,"dmean2":5.29172229767,"dvar":22.6387081146,"dvar2":50.7486991882,"max":108.908210754,"mean":18.1540679932,"median":17.9629020691,"min":0.164969474077,"var":108.831344604},"dissonance":{"dmean":0.0211336500943,"dmean2":0.0353970453143,"dvar":0.000596524623688,"dvar2":0.00161542138085,"max":0.500000178814,"mean":0.453101813793,"median":0.466782867908,"min":0.138011351228,"var":0.00197264109738},"dynamic_complexity":4.45687389374,"erbbands":{"dmean":[0.0519535876811,0.65157943964,2.24307513237,2.50625896454,2.7853140831,3.72456264496,5.18169641495,5.9771733284,8.98361206055,15.3743743896,23.0177707672,15.1239957809,11.2973251343,11.2133579254,11.8928995132,7.41335296631,9.42581748962,21.7450199127,17.9558048248,18.3256778717,15.5655012131,10.4531259537,7.66418266296,3.61275291443,2.72069859505,1.58395123482,1.07278895378,0.603088796139,0.441679239273,0.36918631196,0.464951336384,0.387100100517,0.245300069451,0.195791617036,0.0778091326356,0.0198297426105,0.00499002728611,0.0012048210483,0.000132535584271,0.0000113968208098],"dmean2":[0.0848614946008,1.16825973988,3.94423365593,4.39618062973,4.62771272659,5.86772823334,8.06905269623,9.75293445587,13.2155447006,23.3900604248,33.938659668,22.7983551025,16.9782829285,17.1101856232,18.5563526154,11.7613182068,14.7737932205,34.6132087708,27.8511867523,29.5331630707,24.7313537598,16.1588668823,11.6920747757,5.60507631302,4.04055213928,2.39352655411,1.55714595318,0.888525187969,0.625554680824,0.524826526642,0.660299479961,0.56912279129,0.348510622978,0.279021710157,0.105012461543,0.0267897136509,0.00646814750507,0.00152994890232,0.000170037092175,0.0000166923600773],"dvar":[0.0331559814513,5.08360624313,37.4761009216,52.7603797913,37.2489547729,81.9941711426,144.10925293,197.029632568,774.385742188,2774.01171875,6038.94580078,2220.50170898,1125.69763184,710.465698242,674.510559082,226.574005127,559.957763672,2174.14868164,1180.38354492,1037.72351074,1016.62402344,519.18762207,283.271972656,47.1412658691,61.1591148376,19.0681915283,15.1481380463,3.34912896156,1.6949968338,1.40740001202,20.5685997009,11.4651355743,1.55596864223,1.16273653507,0.17934833467,0.0145539510995,0.00192951411009,0.0000975748116616,9.81982680059e-7,1.21436583012e-9],"dvar2":[0.0821803584695,14.644203186,104.901168823,142.809066772,103.369728088,200.49331665,354.233032227,510.249969482,1569.90075684,6039.78710938,12562.1884766,4760.68261719,2623.63623047,1610.82263184,1766.50256348,521.250732422,1329.55126953,5453.71679688,2936.10913086,2673.51367188,2300.98193359,1175.73510742,638.447631836,110.766487122,127.965431213,40.7099075317,30.7866287231,6.65515518188,3.26508235931,2.66162848473,38.0129623413,25.300737381,2.91997528076,2.37276315689,0.255213916302,0.0211465135217,0.00341724231839,0.000139541778481,0.00000139693599976,1.85870463465e-9],"max":[2.83933091164,23.509595871,78.9852600098,134.131835938,120.493843079,216.521774292,262.775054932,438.133758545,876.158813477,1546.47473145,2697.57373047,1444.95336914,1190.49475098,1008.80255127,714.570861816,734.656494141,801.032409668,727.002990723,672.580871582,869.887634277,1642.3861084,1038.86877441,535.116394043,154.161727905,258.887390137,300.784515381,378.288543701,134.020858765,39.431640625,61.1428871155,297.08013916,318.427001953,71.8737869263,89.3144989014,46.2055397034,12.7902812958,4.83214902878,0.800910294056,0.0763768255711,0.00257757399231],"mean":[0.0923083722591,1.07504296303,3.85786056519,3.16241049767,5.0339641571,8.14144420624,10.8607349396,11.7688655853,16.9065284729,29.6753139496,49.4408798218,33.5072441101,23.0906524658,22.9136829376,27.0878543854,16.5818824768,18.8705253601,41.3449821472,35.0107307434,37.4086761475,37.6609802246,27.2101669312,20.1090126038,9.4555606842,6.17542505264,3.70099568367,2.63175582886,1.29145550728,0.876887977123,0.812286555767,0.955766320229,0.723119735718,0.443460702896,0.332166582346,0.139123052359,0.0347881168127,0.00867417268455,0.00210230168886,0.000239761415287,0.0000360608137271],"median":[0.013332599774,0.454098016024,0.86405146122,1.14567649364,2.35815095901,3.22644472122,5.0556230545,5.94147109985,6.44525337219,9.70864105225,11.5231695175,11.8099012375,8.71944999695,9.79493141174,12.8145675659,9.49865341187,8.32384681702,13.5015974045,14.9291858673,18.5417747498,17.3784294128,11.0495281219,6.91558837891,3.73012495041,1.61132454872,0.977936923504,0.490566134453,0.279239177704,0.172938272357,0.130360126495,0.0862618759274,0.0713609308004,0.040859118104,0.0334564521909,0.0127914175391,0.00318942032754,0.000655462034047,0.00012582243653,0.0000305747307721,0.0000256945677393],"min":[8.29715771689e-22,1.05506006636e-20,2.48006002114e-20,8.10189870407e-20,3.79635834601e-20,6.20047930951e-20,1.47222716946e-19,1.35644302851e-18,7.42968146124e-19,4.73415885585e-19,6.47619347107e-19,2.03919190905e-18,2.08758052732e-18,3.5153575439e-18,3.09287442565e-18,3.59556759354e-18,4.22753316794e-18,3.31510952531e-18,1.27274707433e-17,1.24166046886e-17,1.06900231514e-17,8.30482055814e-18,8.36236337745e-18,1.64113725409e-17,1.31630053241e-17,1.17939891503e-17,1.55512221635e-17,2.19094501666e-17,1.45893748928e-17,1.23103392768e-17,1.66424024316e-17,2.09407637667e-17,1.26409633677e-17,9.32058180674e-18,7.74935802346e-18,6.44899825407e-18,3.86347733188e-18,1.53348697655e-18,3.86154483117e-19,3.74382365294e-20],"var":[0.0390198938549,3.72666311264,50.5305099487,43.0946540833,65.8400039673,255.21383667,338.077789307,421.24005127,1659.07824707,6858.18554688,21848.375,8467.88574219,2520.44506836,1953.13562012,2040.90539551,616.398986816,1416.96337891,4984.07666016,2682.66748047,2499.00292969,3869.09130859,2475.26391602,1514.19592285,212.425704956,181.554656982,70.4683990479,59.1673736572,11.0814189911,4.96103334427,5.46045207977,58.8203048706,32.2284889221,5.07138156891,3.03388595581,0.790407896042,0.06075001508,0.0066810073331,0.000396671239287,0.00000381358677259,4.72316319389e-9]},"erbbands_crest":{"dmean":2.31118607521,"dmean2":3.64921426773,"dvar":5.31701660156,"dvar2":13.1432266235,"max":33.64087677,"mean":10.2018976212,"median":8.7374382019,"min":1.88794922829,"var":25.6565036774},"erbbands_flatness_db":{"dmean":0.0163354370743,"dmean2":0.0224972292781,"dvar":0.000324141350575,"dvar2":0.000547970703337,"max":0.455630600452,"mean":0.21324801445,"median":0.204919084907,"min":0.0162779986858,"var":0.00373719679192},"erbbands_kurtosis":{"dmean":0.888240218163,"dmean2":1.3747895956,"dvar":2.24169206619,"dvar2":5.0833029747,"max":55.2979011536,"mean":0.957278549671,"median":-0.0497093200684,"min":-1.73476541042,"var":13.5129804611},"erbbands_skewness":{"dmean":0.316992551088,"dmean2":0.481045842171,"dvar":0.0968163833022,"dvar2":0.220977276564,"max":6.16658210754,"mean":-0.0491769127548,"median":-0.104589000344,"min":-6.35874080658,"var":1.04792630672},"erbbands_spread":{"dmean":4.76637458801,"dmean2":7.19714736938,"dvar":34.8206176758,"dvar2":74.5825271606,"max":152.320175171,"mean":26.7696857452,"median":24.5230445862,"min":1.07169437408,"var":185.5337677},"gfcc":{"cov":[[21905.6503906,-387.583740234,-2577.55517578,756.319030762,-1426.28881836,446.480499268,-705.984802246,266.192779541,-471.422088623,70.2149658203,-172.458343506,-146.027084351,-29.5035457611],[-387.583740234,2388.63598633,-413.463043213,-364.468414307,503.398071289,-353.539489746,215.58253479,-179.214035034,208.334823608,-152.070068359,189.984146118,-77.9481048584,80.3115463257],[-2577.55517578,-413.463043213,1311.96862793,94.3476867676,50.5363883972,200.945541382,35.9605751038,88.1309356689,-14.4719829559,100.614753723,20.8486747742,117.144302368,-26.6428356171],[756.319030762,-364.468414307,94.3476867676,577.680480957,-31.7450122833,125.486747742,59.4545402527,45.9026260376,48.2493896484,69.0494995117,-3.67481374741,30.3402500153,42.3501853943],[-1426.28881836,503.398071289,50.5363883972,-31.7450122833,534.624145508,31.8776931763,156.327026367,-42.2584037781,126.003341675,44.1888008118,48.7533760071,33.1953849792,49.1156349182],[446.480499268,-353.539489746,200.945541382,125.486747742,31.8776931763,401.477661133,52.9861564636,39.3430213928,0.0766065791249,115.189598083,29.3291797638,32.6147041321,35.0097618103],[-705.984802246,215.58253479,35.9605751038,59.4545402527,156.327026367,52.9861564636,289.681213379,13.5368499756,90.2851867676,38.9202613831,61.5855484009,13.7910661697,5.27593231201],[266.192779541,-179.214035034,88.1309356689,45.9026260376,-42.2584037781,39.3430213928,13.5368499756,183.583938599,12.0891599655,15.476401329,-7.25338506699,12.1599264145,-8.24849128723],[-471.422088623,208.334823608,-14.4719829559,48.2493896484,126.003341675,0.0766065791249,90.2851867676,12.0891599655,182.990829468,46.2176551819,45.4200172424,4.71730899811,26.3016090393],[70.2149658203,-152.070068359,100.614753723,69.0494995117,44.1888008118,115.189598083,38.9202613831,15.476401329,46.2176551819,185.682189941,51.5697746277,23.8930149078,21.1336212158],[-172.458343506,189.984146118,20.8486747742,-3.67481374741,48.7533760071,29.3291797638,61.5855484009,-7.25338506699,45.4200172424,51.5697746277,124.439888,29.4938735962,28.076385498],[-146.027084351,-77.9481048584,117.144302368,30.3402500153,33.1953849792,32.6147041321,13.7910661697,12.1599264145,4.71730899811,23.8930149078,29.4938735962,106.914329529,34.1708106995],[-29.5035457611,80.3115463257,-26.6428356171,42.3501853943,49.1156349182,35.0097618103,5.27593231201,-8.24849128723,26.3016090393,21.1336212158,28.076385498,34.1708106995,106.20451355]],"icov":[[0.000182936506462,-0.000364813749911,0.000460904731881,-0.000377861695597,0.000525699695572,-0.000577188387979,0.000432396074757,-0.000432882690802,0.000421324279159,-0.000525216339156,0.00049971207045,-0.00062363530742,0.000553760037292],[-0.000364813749911,0.00187250424642,-0.000875842873938,0.00116705649998,-0.00182917201892,0.00186453666538,-0.00119492865633,0.00129605503753,-0.00131473946385,0.00214030127972,-0.00278914161026,0.00248071458191,-0.0019722301513],[0.000460904731881,-0.000875842873938,0.00213878788054,-0.000990069587715,0.00115986703895,-0.00177919969428,0.00113141722977,-0.001368396217,0.00118469726294,-0.00152642303146,0.00125333631877,-0.00261695683002,0.00213033007458],[-0.000377861695597,0.00116705649998,-0.000990069587715,0.0030436757952,-0.000877435784787,0.00102162768599,-0.00152648799121,0.000890030758455,-0.0016617475776,0.00103317433968,-0.00077906192746,0.00139607163146,-0.00227288529277],[0.000525699695572,-0.00182917201892,0.00115986703895,-0.000877435784787,0.00479548564181,-0.00224907230586,0.000279403582681,-0.000733956345357,0.000081610181951,-0.00238733575679,0.00319471093826,-0.00314182881266,0.00124404171947],[-0.000577188387979,0.00186453666538,-0.00177919969428,0.00102162768599,-0.00224907230586,0.0057795708999,-0.00208279909566,0.00119842076674,-0.000592745898757,0.000489777419716,-0.00265062437393,0.00300361099653,-0.003308911575],[0.000432396074757,-0.00119492865633,0.00113141722977,-0.00152648799121,0.000279403582681,-0.00208279909566,0.00617337226868,-0.00155492580961,-0.000195979024284,-0.00110520550516,-0.000295205798466,-0.00176733313128,0.00296131684445],[-0.000432882690802,0.00129605503753,-0.001368396217,0.000890030758455,-0.000733956345357,0.00119842076674,-0.00155492580961,0.00730192661285,-0.00215970049612,0.0015765648568,-0.00102539500222,0.0012126956135,-0.00110776023939],[0.000421324279159,-0.00131473946385,0.00118469726294,-0.0016617475776,0.000081610181951,-0.000592745898757,-0.000195979024284,-0.00215970049612,0.00940439011902,-0.00308410660364,0.000333417614456,-0.000764950062148,0.00051341636572],[-0.000525216339156,0.00214030127972,-0.00152642303146,0.00103317433968,-0.00238733575679,0.000489777419716,-0.00110520550516,0.0015765648568,-0.00308410660364,0.0103481272236,-0.00559665309265,0.00283784791827,-0.00216827355325],[0.00049971207045,-0.00278914161026,0.00125333631877,-0.00077906192746,0.00319471093826,-0.00265062437393,-0.000295205798466,-0.00102539500222,0.000333417614456,-0.00559665309265,0.0155838951468,-0.00592103786767,0.00102078286],[-0.00062363530742,0.00248071458191,-0.00261695683002,0.00139607163146,-0.00314182881266,0.00300361099653,-0.00176733313128,0.0012126956135,-0.000764950062148,0.00283784791827,-0.00592103786767,0.0160725526512,-0.00659875385463],[0.000553760037292,-0.0019722301513,0.00213033007458,-0.00227288529277,0.00124404171947,-0.003308911575,0.00296131684445,-0.00110776023939,0.00051341636572,-0.00216827355325,0.00102078286,-0.00659875385463,0.0149416606873]],"mean":[-72.5975646973,138.222671509,-130.590011597,13.1100158691,-36.1998786926,3.08140397072,-39.6856002808,9.02766418457,-12.8003025055,-5.8963599205,-11.9272794724,-7.65625476837,-5.56620407104]},"hfc":{"dmean":3.45788741112,"dmean2":4.9878988266,"dvar":26.2080192566,"dvar2":51.5274162292,"max":168.958618164,"mean":15.1374597549,"median":11.2361211777,"min":1.23106564179e-16,"var":214.681762695},"melbands":{"dmean":[0.000575546931941,0.00107837002724,0.000431396474596,0.000226446281886,0.00017786330136,0.000136077986099,0.000137723764055,0.000181738447282,0.000184897246072,0.0000856829137774,0.0000568504729017,0.0000483315161546,0.0000359030527761,0.0000252159406955,0.0000190005721379,0.0000211048009078,0.0000470101294923,0.0000292049699055,0.0000191467624973,0.0000383730221074,0.0000157913382282,0.0000117288673209,0.0000120354698083,0.00000572497719986,0.00000309388451569,0.00000214784108721,0.00000184486316357,0.00000100015540738,7.68990105371e-7,5.54795519747e-7,3.28759170998e-7,2.58331084524e-7,2.56154663703e-7,1.9751389857e-7,2.66247411673e-7,3.14745420837e-7,2.19905444965e-7,1.62401050829e-7,2.0092447528e-7,1.60981258546e-7],"dmean2":[0.000982266268693,0.00190903258044,0.000749443483073,0.000364289531717,0.00027887817123,0.000219057066715,0.000202953087864,0.000277186161838,0.000273927696981,0.000129340041894,0.0000856825354276,0.0000737615046091,0.0000560019398108,0.0000400777280447,0.0000297983460769,0.0000332270319632,0.0000751725237933,0.0000457310125057,0.000029750603062,0.0000636160038994,0.0000247219431913,0.0000183823322004,0.000018608143364,0.00000903618638404,0.00000489636704515,0.00000328186115439,0.00000277583376374,0.00000153380676693,0.00000113267242341,8.43973282372e-7,4.92330286761e-7,3.69983041537e-7,3.7980166212e-7,2.88138636506e-7,3.71235159946e-7,4.72683836961e-7,3.24976156207e-7,2.30715414773e-7,2.89886543214e-7,2.35512544577e-7],"dvar":[0.00000400237513531,0.00000946681757341,0.00000132067077629,2.26493995115e-7,1.69531574556e-7,9.94626603301e-8,1.75862780338e-7,3.58766271802e-7,3.88371375948e-7,6.78734011217e-8,2.8997117596e-8,1.34002480223e-8,6.44621955814e-9,2.6250719376e-9,3.07406788913e-9,2.85032908387e-9,1.11824629556e-8,2.95063462552e-9,1.44953560266e-9,6.08123063017e-9,1.30463739811e-9,6.24612750411e-10,7.07633229791e-10,1.84257858971e-10,3.65180177764e-11,3.28755182799e-11,3.55060321422e-11,7.37637468468e-12,1.11035547076e-11,2.52879076186e-12,1.19042622981e-12,5.92466885014e-13,6.27033960778e-13,4.41852717609e-13,5.45143053962e-12,1.20677218218e-11,3.75493689961e-12,6.12074898144e-13,1.27570458537e-12,7.56348434404e-13],"dvar2":[0.0000107775549623,0.0000269306819973,0.00000357525846084,5.89620299252e-7,4.12375726455e-7,2.51762287462e-7,3.55183800593e-7,7.87815679359e-7,8.18293472094e-7,1.44778354638e-7,6.74842510762e-8,3.07349914408e-8,1.65537272778e-8,6.04181993324e-9,7.25092208498e-9,6.97346624889e-9,2.80490102256e-8,7.31672678e-9,3.50650553038e-9,1.64724642815e-8,2.58351939841e-9,1.45139633645e-9,1.62596147657e-9,4.50219861392e-10,8.97237353858e-11,7.27829185809e-11,7.39275723971e-11,1.54259244267e-11,2.44178115227e-11,5.17455436139e-12,2.66777897516e-12,1.19637091033e-12,1.31015001365e-12,8.87809682541e-13,9.41134149779e-12,2.81204816377e-11,8.07621330923e-12,1.18952688411e-12,2.51809597479e-12,1.69932199822e-12],"max":[0.0232475064695,0.030733929947,0.0223517976701,0.00789373554289,0.0102507229894,0.00933523569256,0.0118764974177,0.0171750895679,0.0197507683188,0.00782687403262,0.00608014920726,0.00441734539345,0.00244078203104,0.00260089687072,0.00215034442954,0.00226627243683,0.00163786136545,0.000921520928387,0.00092251773458,0.00235003116541,0.00194223981816,0.000890604802407,0.000861241482198,0.000395407347241,0.000135855443659,0.000198404566618,0.000199034388061,0.000210719823372,0.000324055843521,0.000111590692541,0.0000674197362969,0.0000218070563278,0.0000270999098575,0.0000343296269421,0.000160625990247,0.000267514464213,0.000211661637877,0.0000508608427481,0.0000768248355598,0.0000694573973306],"mean":[0.00101847900078,0.00183620559983,0.000619333528448,0.000481547845993,0.000391262758058,0.000272354431218,0.000252298952546,0.000359833560651,0.000406504172133,0.000182941890671,0.000110788365419,0.0000924238265725,0.0000806868993095,0.000056535085605,0.0000379263219656,0.0000397101175622,0.0000850236101542,0.0000544994327356,0.0000363619583368,0.0000715512869647,0.0000373230323021,0.0000280718650174,0.0000256011735473,0.0000134323809107,0.00000693825768394,0.00000458629847344,0.00000368968221665,0.00000217843512473,0.000001751159175,0.00000117011120437,6.14459452208e-7,4.68482284077e-7,5.07110939907e-7,4.15744779048e-7,5.2698055697e-7,5.59922341381e-7,4.00002619472e-7,2.83603952766e-7,3.32557050342e-7,2.62897998482e-7],"median":[0.000283408880932,0.000766313984059,0.000257312669419,0.000209719408303,0.000182970688911,0.000135805050377,0.0000928568624659,0.000108693609945,0.000092831258371,0.0000625227839919,0.0000387321342714,0.0000343188075931,0.000033732081647,0.0000333095522365,0.0000169274735526,0.0000163699278346,0.0000218517197936,0.0000230342884606,0.0000163517415785,0.0000280608219327,0.0000168407568708,0.0000107597243186,0.00000859663032315,0.00000421384993388,0.00000261567993221,0.00000130515024921,7.37442974241e-7,5.46849662442e-7,3.04819195662e-7,2.03476233196e-7,1.31795843572e-7,8.79644233009e-8,8.67896972068e-8,6.16520594576e-8,4.68074006221e-8,4.25858601716e-8,3.99391666406e-8,2.59794781243e-8,2.68806630288e-8,2.67921222985e-8],"min":[1.00029645375e-23,1.41308859056e-23,1.17922706756e-23,2.74434374849e-24,4.76133249881e-24,2.67004046651e-23,1.15184381228e-23,4.42541580384e-24,6.36747854539e-24,1.25730646892e-23,9.78207322883e-24,1.37754314926e-23,1.04470703502e-23,8.23575202672e-24,1.24742401393e-23,6.90876728842e-24,5.45050110713e-24,1.97835444526e-23,1.90157445558e-23,1.45747937142e-23,1.2058960093e-23,8.5754678758e-24,9.7138351828e-24,5.38205125196e-24,1.46396680573e-23,1.15290577683e-23,6.58824718617e-24,8.86981948967e-24,1.20845341747e-23,7.68145970053e-24,1.36145527773e-23,9.12846725897e-24,4.08042168644e-24,8.37232199321e-24,7.96996979939e-24,1.42200745196e-23,1.15914527216e-23,7.84487933679e-24,1.08742472078e-23,6.80084717228e-24],"var":[0.00000387629461329,0.00000956350413617,0.00000120187564789,5.77575519856e-7,4.81986774048e-7,2.1971632691e-7,3.72037987972e-7,9.93639332592e-7,0.000001479882485,2.50929957701e-7,6.39673558567e-8,3.53373685869e-8,2.17063771402e-8,6.60248433704e-9,8.25699153495e-9,6.63687371727e-9,2.44267788219e-8,6.73010758234e-9,3.0404769813e-9,1.25802026574e-8,5.07017050566e-9,2.6133586406e-9,2.65616995065e-9,7.75721209489e-10,1.1936984734e-10,8.69677732607e-11,9.6608457345e-11,2.91803456398e-11,3.25776142174e-11,1.0096238949e-11,2.94390857178e-12,1.5504426085e-12,1.77915906834e-12,1.59991768098e-12,1.67495149694e-11,2.38233148486e-11,1.14102711654e-11,1.96651440791e-12,3.48582035632e-12,1.70924277336e-12]},"melbands_crest":{"dmean":2.57255101204,"dmean2":4.12597703934,"dvar":7.46415710449,"dvar2":18.5605926514,"max":37.4817352295,"mean":14.6757583618,"median":13.7865495682,"min":2.56066870689,"var":36.0113830566},"melbands_flatness_db":{"dmean":0.0200898945332,"dmean2":0.0294666904956,"dvar":0.000569363124669,"dvar2":0.00124408386182,"max":0.608787894249,"mean":0.257355868816,"median":0.239402219653,"min":0.00696485070512,"var":0.009422021918},"melbands_kurtosis":{"dmean":4.59980201721,"dmean2":7.34072494507,"dvar":144.481201172,"dvar2":365.879760742,"max":460.74621582,"mean":11.4101905823,"median":3.7443344593,"min":-1.93018460274,"var":1317.31066895},"melbands_skewness":{"dmean":0.540544509888,"dmean2":0.844983756542,"dvar":0.534517586231,"dvar2":1.32511425018,"max":17.5766963959,"mean":2.12349915504,"median":1.80687737465,"min":-2.35380554199,"var":2.84121823311},"melbands_spread":{"dmean":5.06954622269,"dmean2":7.88922452927,"dvar":43.5934371948,"dvar2":100.695083618,"max":181.22038269,"mean":22.6482200623,"median":19.9282627106,"min":0.291508406401,"var":290.123504639},"mfcc":{"cov":[[13559.2900391,-477.40057373,-1551.44616699,235.03086853,-544.75579834,-103.17250061,-71.8454818726,-23.1851978302,-38.9264221191,113.703063965,-82.4056625366,-188.495376587,-269.77532959],[-477.40057373,2094.85620117,-315.174530029,-145.741195679,164.22517395,-114.846420288,-38.8082962036,29.4774017334,-74.0659713745,-35.3922653198,-19.5238685608,-22.1270256042,45.617477417],[-1551.44616699,-315.174530029,1051.60131836,81.1863861084,104.42905426,106.960128784,85.7145767212,11.5674247742,40.2100715637,-23.8005142212,29.8453979492,105.959457397,70.6477966309],[235.03086853,-145.741195679,81.1863861084,387.588867188,4.30270910263,47.2413024902,12.9673919678,50.2920684814,55.8948860168,1.87073528767,30.7631587982,49.4793663025,17.1202030182],[-544.75579834,164.22517395,104.42905426,4.30270910263,307.208648682,104.687896729,22.2967758179,2.36263823509,60.5263061523,-5.36505413055,18.2632446289,37.5911521912,41.5419425964],[-103.17250061,-114.846420288,106.960128784,47.2413024902,104.687896729,374.11529541,113.858390808,-10.7448272705,60.5099029541,68.2569046021,58.301322937,50.9709587097,66.927116394],[-71.8454818726,-38.8082962036,85.7145767212,12.9673919678,22.2967758179,113.858390808,189.94859314,34.7128486633,29.9574680328,35.7591629028,35.5734672546,30.5184192657,26.6074123383],[-23.1851978302,29.4774017334,11.5674247742,50.2920684814,2.36263823509,-10.7448272705,34.7128486633,170.186309814,39.0056724548,12.4207401276,10.1198692322,11.058506012,3.99615645409],[-38.9264221191,-74.0659713745,40.2100715637,55.8948860168,60.5263061523,60.5099029541,29.9574680328,39.0056724548,139.311462402,28.0209465027,27.704334259,14.5959482193,11.449136734],[113.703063965,-35.3922653198,-23.8005142212,1.87073528767,-5.36505413055,68.2569046021,35.7591629028,12.4207401276,28.0209465027,138.514083862,62.935459137,13.3863649368,19.5424747467],[-82.4056625366,-19.5238685608,29.8453979492,30.7631587982,18.2632446289,58.301322937,35.5734672546,10.1198692322,27.704334259,62.935459137,118.07220459,42.3007888794,30.0788764954],[-188.495376587,-22.1270256042,105.959457397,49.4793663025,37.5911521912,50.9709587097,30.5184192657,11.058506012,14.5959482193,13.3863649368,42.3007888794,113.83026123,46.5084190369],[-269.77532959,45.617477417,70.6477966309,17.1202030182,41.5419425964,66.927116394,26.6074123383,3.99615645409,11.449136734,19.5424747467,30.0788764954,46.5084190369,107.900947571]],"icov":[[0.000100630757515,0.0000223480674322,0.00014544192527,-0.0000912129544304,0.000111239562102,-0.0000376470488845,-0.0000295049921988,0.0000299494822684,-0.0000102375042843,-0.0000768290701672,0.0000813042934169,-0.0000204775933526,0.000149248138769],[0.0000223480674322,0.000603726890404,0.000239754663198,0.000119660377095,-0.000475837907288,0.000244440481765,-0.0000612090952927,-0.000208745157579,0.000402891455451,0.0000558186184207,-0.0000395722818212,0.0000828256088425,-0.000398452044465],[0.00014544192527,0.000239754663198,0.00140085746534,-0.000186739009223,-0.000189337777556,-0.0000225124931603,-0.000427873135777,0.000045798948122,0.0000111842973638,0.000327827961883,0.000150196065078,-0.00076329743024,-0.000208058467251],[-0.0000912129544304,0.000119660377095,-0.000186739009223,0.00315151480027,0.000232207705267,-0.000293142627925,0.000449987943284,-0.000799449393526,-0.000935438496526,0.000678714306559,-0.000524706207216,-0.00104813079815,-0.0000709655869287],[0.000111239562102,-0.000475837907288,-0.000189337777556,0.000232207705267,0.00468679470941,-0.00123159401119,0.000450596824521,0.000256195344264,-0.00202088453807,0.000900036364328,0.0000299146176985,-0.000737246766221,-0.000233831480728],[-0.0000376470488845,0.000244440481765,-0.0000225124931603,-0.000293142627925,-0.00123159401119,0.00441282102838,-0.00203352654353,0.00102463166695,-0.000566110538784,-0.00130060571246,-0.000111623878183,-0.0000796910317149,-0.00157457194291],[-0.0000295049921988,-0.0000612090952927,-0.000427873135777,0.000449987943284,0.000450596824521,-0.00203352654353,0.0071683395654,-0.00153249665163,-0.000259594467934,-0.000347634602804,-0.000703518046066,-0.00056068849517,0.000066106680606],[0.0000299494822684,-0.000208745157579,0.000045798948122,-0.000799449393526,0.000256195344264,0.00102463166695,-0.00153249665163,0.00699932593852,-0.00191041093785,-0.000522691465449,0.000342807994457,-0.000311692274408,-0.0000193478099391],[-0.0000102375042843,0.000402891455451,0.0000111842973638,-0.000935438496526,-0.00202088453807,-0.000566110538784,-0.000259594467934,-0.00191041093785,0.0097792269662,-0.00111748324707,-0.000901952153072,0.000717076123692,0.000316210411256],[-0.0000768290701672,0.0000558186184207,0.000327827961883,0.000678714306559,0.000900036364328,-0.00130060571246,-0.000347634602804,-0.000522691465449,-0.00111748324707,0.0107907326892,-0.00525929033756,0.000826830277219,-0.00069881149102],[0.0000813042934169,-0.0000395722818212,0.000150196065078,-0.000524706207216,0.0000299146176985,-0.000111623878183,-0.000703518046066,0.000342807994457,-0.000901952153072,-0.00525929033756,0.0133067294955,-0.00350274564698,-0.000727984472178],[-0.0000204775933526,0.0000828256088425,-0.00076329743024,-0.00104813079815,-0.000737246766221,-0.0000796910317149,-0.00056068849517,-0.000311692274408,0.000717076123692,0.000826830277219,-0.00350274564698,0.0130655420944,-0.00381809659302],[0.000149248138769,-0.000398452044465,-0.000208058467251,-0.0000709655869287,-0.000233831480728,-0.00157457194291,0.000066106680606,-0.0000193478099391,0.000316210411256,-0.00069881149102,-0.000727984472178,-0.00381809659302,0.0129496008158]],"mean":[-704.628417969,166.112335205,-20.7956447601,13.7470827103,18.7812290192,-3.93015360832,-6.02370643616,3.55157756805,3.30352568626,1.8906006813,-1.28289937973,0.319729536772,0.922704994678]},"pitch_salience":{"dmean":0.0579444915056,"dmean2":0.0940007865429,"dvar":0.00367442052811,"dvar2":0.00974307116121,"max":0.970080018044,"mean":0.51259636879,"median":0.522600114346,"min":0.0381004735827,"var":0.0164929460734},"silence_rate_20dB":{"dmean":0,"dmean2":0,"dvar":0,"dvar2":0,"max":1,"mean":1,"median":1,"min":1,"var":0},"silence_rate_30dB":{"dmean":0.00151196972001,"dmean2":0.00302419345826,"dvar":0.00150951708201,"dvar2":0.0043584681116,"max":1,"mean":0.99916011095,"median":1,"min":0,"var":0.000839311396703},"silence_rate_60dB":{"dmean":0.0167996641248,"dmean2":0.0336021520197,"dvar":0.0165149308741,"dvar2":0.0365054309368,"max":1,"mean":0.108768686652,"median":0,"min":0,"var":0.0969467759132},"spectral_centroid":{"dmean":145.01159668,"dmean2":219.290557861,"dvar":32273.9394531,"dvar2":67637.8828125,"max":11274.0556641,"mean":1153.33825684,"median":1094.58056641,"min":138.506149292,"var":596986.6875},"spectral_complexity":{"dmean":2.25199484825,"dmean2":3.54502677917,"dvar":6.4008975029,"dvar2":13.3858528137,"max":49,"mean":17.5745849609,"median":17,"min":0,"var":92.0858001709},"spectral_contrast_coeffs":{"dmean":[0.0442019589245,0.040330838412,0.0349415019155,0.0300049651414,0.0212464239448,0.0158810317516],"dmean2":[0.0728777050972,0.0657842457294,0.0563162490726,0.0485641472042,0.0335449241102,0.0246914681047],"dvar":[0.00147552741691,0.00124586524907,0.000811624748167,0.000605983426794,0.000363758590538,0.000253712874837],"dvar2":[0.00384504953399,0.00313007761724,0.00205065566115,0.00155834003817,0.000835877668578,0.000583108048886],"max":[-0.316231191158,-0.354666620493,-0.473556637764,-0.509146332741,-0.526200056076,-0.63451385498],"mean":[-0.633904397488,-0.714337408543,-0.744566082954,-0.744712352753,-0.76114910841,-0.788258194923],"median":[-0.633334040642,-0.721616923809,-0.74547034502,-0.742376565933,-0.764094948769,-0.784830152988],"min":[-0.965340912342,-0.989304900169,-0.981312990189,-0.988136172295,-0.963517963886,-0.961153268814],"var":[0.00875858869404,0.00694638164714,0.0044439737685,0.00373309873976,0.00326913152821,0.0020692278631]},"spectral_contrast_valleys":{"dmean":[0.403399765491,0.30293610692,0.295828461647,0.255379468203,0.228896617889,0.274774760008],"dmean2":[0.653222978115,0.495667487383,0.475936472416,0.401754677296,0.328533858061,0.336679905653],"dvar":[0.14657869935,0.0798675566912,0.0776976719499,0.0707283467054,0.0829065442085,0.155412822962],"dvar2":[0.338302135468,0.187725171447,0.167803406715,0.1339802742,0.134234502912,0.219652116299],"max":[-5.17876291275,-4.73252439499,-5.40604829788,-5.80705547333,-5.8168296814,-7.58421373367],"mean":[-7.76390647888,-7.03094100952,-7.74740552902,-8.1006860733,-8.50176620483,-11.6265726089],"median":[-7.47400379181,-6.67872953415,-7.33595180511,-7.67995929718,-8.08802223206,-11.2555341721],"min":[-27.1891365051,-27.6451663971,-27.733499527,-27.3362026215,-27.1164131165,-27.2123184204],"var":[2.41584229469,2.29520726204,2.52238154411,2.49885797501,2.57761645317,2.82594776154]},"spectral_decrease":{"dmean":1.79122583432e-9,"dmean2":2.87528645337e-9,"dvar":1.3450711976e-17,"dvar2":3.49774513158e-17,"max":8.26194811786e-17,"mean":-5.67265967533e-9,"median":-4.54573179098e-9,"min":-3.95716845958e-8,"var":2.66529967987e-17},"spectral_energy":{"dmean":0.00699335988611,"dmean2":0.0111727844924,"dvar":0.000197457207832,"dvar2":0.000510458485223,"max":0.15268445015,"mean":0.0227828919888,"median":0.0183879379183,"min":1.08903917574e-20,"var":0.000417205505073},"spectral_energyband_high":{"dmean":0.0000781156559242,"dmean2":0.00010381188622,"dvar":9.3538780277e-8,"dvar2":1.50534560817e-7,"max":0.0184971671551,"mean":0.000200519323698,"median":0.000043810261559,"min":7.86654497872e-21,"var":4.24754745154e-7},"spectral_energyband_low":{"dmean":0.00460258033127,"dmean2":0.00798156671226,"dvar":0.000166223777342,"dvar2":0.000460149545688,"max":0.129267767072,"mean":0.00809000525624,"median":0.00413488037884,"min":9.10736191654e-23,"var":0.000158407332492},"spectral_energyband_middle_high":{"dmean":0.00138845259789,"dmean2":0.0020565346349,"dvar":0.00000397127087126,"dvar2":0.00000885452845978,"max":0.0399601608515,"mean":0.00528302323073,"median":0.00370386056602,"min":1.6171554651e-21,"var":0.0000298484555969},"spectral_energyband_middle_low":{"dmean":0.00326690450311,"dmean2":0.00508310925215,"dvar":0.0000380188321287,"dvar2":0.0000898967628018,"max":0.107736758888,"mean":0.00980769563466,"median":0.00605802424252,"min":3.21203031756e-22,"var":0.000126541344798},"spectral_entropy":{"dmean":0.127733066678,"dmean2":0.177850499749,"dvar":0.0212072674185,"dvar2":0.0355768762529,"max":9.80076694489,"mean":7.10688829422,"median":7.21012401581,"min":4.28962659836,"var":0.368988007307},"spectral_flux":{"dmean":0.0195447672158,"dmean2":0.0305854603648,"dvar":0.000981896999292,"dvar2":0.00190248375293,"max":0.346103280783,"mean":0.0636333376169,"median":0.0538747087121,"min":1.04357036901e-10,"var":0.00262418924831},"spectral_kurtosis":{"dmean":4.68581008911,"dmean2":7.95729446411,"dvar":45.3196487427,"dvar2":128.90663147,"max":109.551986694,"mean":12.351603508,"median":8.29552078247,"min":-1.20094656944,"var":142.307418823},"spectral_rms":{"dmean":0.000601432227995,"dmean2":0.000925271189772,"dvar":9.52273069288e-7,"dvar2":0.00000230726732298,"max":0.0122049348429,"mean":0.00423162663355,"median":0.00423549860716,"min":3.25956622804e-12,"var":0.00000432047454524},"spectral_rolloff":{"dmean":287.837158203,"dmean2":481.915283203,"dvar":363261.875,"dvar2":758884.0625,"max":21404.0039062,"mean":1437.64453125,"median":1162.79296875,"min":21.533203125,"var":3976057.75},"spectral_skewness":{"dmean":0.38329231739,"dmean2":0.635101079941,"dvar":0.204459860921,"dvar2":0.579506516457,"max":8.44520950317,"mean":2.23505187035,"median":1.99293327332,"min":-0.00443066982552,"var":0.92616468668},"spectral_spread":{"dmean":389768.90625,"dmean2":526807.1875,"dvar":438750740480,"dvar2":656133783552,"max":39841708,"mean":3073848.5,"median":2707041,"min":735992.125,"var":4384441499650},"spectral_strongpeak":{"dmean":0.442023575306,"dmean2":0.755459964275,"dvar":0.763356208801,"dvar2":1.96683001518,"max":17.7142944336,"mean":0.879001736641,"median":0.435117870569,"min":0,"var":1.43315029144},"zerocrossingrate":{"dmean":0.00609582522884,"dmean2":0.0072956699878,"dvar":0.000105676699604,"dvar2":0.000105820174213,"max":0.72021484375,"mean":0.0492850318551,"median":0.041015625,"min":0,"var":0.00400270242244}},"metadata":{"audio_properties":{"analysis_sample_rate":44100,"bit_rate":0,"codec":"flac","downmix":"mix","equal_loudness":0,"length":276.413330078,"lossless":true,"md5_encoded":"4203371c72e9d02c931f09f013290f3b","replay_gain":-14.2443733215,"sample_rate":44100},"tags":{"album":["Attack & Release"],"albumartist":["The Black Keys"],"albumartistsort":["Black Keys, The"],"artist":["The Black Keys"],"artistsort":["Black Keys, The"],"asin":["B0014QAO2I"],"barcode":["5033197504513"],"catalognumber":["VVR1050451"],"date":["2008-03-31"],"discnumber":["1"],"disctotal":["1"],"file_name":"01-11 Things Ain’t Like They Used to Be.flac","genre":["Indie"],"label":["V2"],"media":["Vinyl"],"musicbrainz_albumartistid":["d15721d8-56b4-453d-b506-fc915b14cba2"],"musicbrainz_albumid":["0f96a2aa-9c73-3451-bde5-41dc16f9ea4a"],"musicbrainz_artistid":["d15721d8-56b4-453d-b506-fc915b14cba2"],"musicbrainz_recordingid":["960e76d5-ef1d-48a2-9744-2a9aebea5378"],"musicbrainz_releasegroupid":["11344dd5-7739-3cf9-9a9c-7328362e2892"],"originaldate":["2008-03-31"],"producer":["Danger Mouse"],"releasecountry":["GB"],"releasestatus":["official"],"releasetype":["album"],"script":["Latn"],"title":["Things Ain’t Like They Used to Be"],"totaldiscs":["1"],"totaltracks":["11"],"tracknumber":["11"],"tracktotal":["11"]},"version":{"essentia":"2.1-beta1","essentia_build_sha":"ca57ba49d9b1854bd80e60cf9ccf267278fb7d6b","essentia_git_sha":"v2.1_beta1-28-g21ef5f4-dirty","extractor":"music 1.0"}},"rhythm":{"beats_count":610,"beats_loudness":{"dmean":0.0161274969578,"dmean2":0.0286573730409,"dvar":0.000257612846326,"dvar2":0.00073454057565,"max":0.110063284636,"mean":0.0324302911758,"median":0.0309866294265,"min":4.65752214573e-10,"var":0.000454200489912},"beats_loudness_band_ratio":{"dmean":[0.198665738106,0.114719964564,0.136502087116,0.0752577260137,0.0715891718864,0.0222598072141],"dmean2":[0.351