{"lowlevel":{"average_loudness":0.399067044258,"barkbands":{"dmean":[0.00170203775633,0.00468163611367,0.00132284883875,0.000911964918487,0.00227648951113,0.00102071615402,0.000738380127586,0.000677053176332,0.00107442867011,0.000428361294325,0.000269073643722,0.00032077654032,0.000171487030457,0.000157266287715,0.000183394353371,0.000165655539604,0.000116440824058,0.000126704238937,0.000119529089716,0.0000884256660356,0.0000428332386946,0.0000477340981888,0.0000248326377914,0.00000134613208047,0.00000129859756726,0.00000902330248209,0.00017040631792],"dmean2":[0.00286931404844,0.00793018192053,0.00225710310042,0.00157812400721,0.00364824873395,0.00162789819296,0.00112272298429,0.00101880496368,0.00166927394457,0.000677503994666,0.000425998005085,0.000512896396685,0.000274766876828,0.000250509154284,0.000286920723738,0.000252828671364,0.000184970587725,0.000197334127733,0.000184056218131,0.000132955174195,0.0000638503188384,0.0000747194862925,0.0000387053587474,0.00000225653434427,0.0000021710902729,0.0000142467551996,0.000237542306422],"dvar":[0.0000316032565024,0.000238166132476,0.0000178865029739,0.00000678772585161,0.0000329345093633,0.0000105616027213,0.00000494496816827,0.0000117766103358,0.0000173907683347,0.00000611086352365,4.31977611015e-7,0.00000143819568166,2.7583115525e-7,1.88500294485e-7,4.6062518777e-7,5.8858711327e-7,1.06637330077e-7,1.69269412709e-7,1.52854639168e-7,9.07588528776e-8,1.78808150508e-8,3.86686451748e-8,8.95241836218e-9,1.07129305427e-11,9.74327996756e-12,1.14184628419e-9,2.44419396722e-7],"dvar2":[0.0000799562403699,0.000641055812594,0.0000490655911562,0.0000190088394447,0.0000745241704863,0.0000232741458603,0.0000101574223663,0.0000201913298952,0.000037868408981,0.0000128929641505,9.37564323067e-7,0.00000347221271113,7.17029024599e-7,3.88109697269e-7,8.74086651947e-7,8.68223196449e-7,2.59988325979e-7,3.98974947302e-7,3.65572390137e-7,2.05834396638e-7,3.97513666428e-8,9.5942745304e-8,2.19358398112e-8,2.7177449527e-11,2.47987290425e-11,2.88549584226e-9,4.74866311606e-7],"max":[0.0887410715222,0.343181997538,0.0913068577647,0.074460349977,0.197281032801,0.218444243073,0.0741310194135,0.188118889928,0.16370691359,0.255406469107,0.0282244049013,0.0509235970676,0.0241920929402,0.0425486937165,0.0607042461634,0.0544094033539,0.00928020384163,0.012002597563,0.0112275788561,0.00912155024707,0.00368576403707,0.00577773619443,0.00260907388292,0.0000878100399859,0.0000832264049677,0.00102170347236,0.0144212637097],"mean":[0.00160839699674,0.00514149013907,0.00150733755436,0.0010000198381,0.00353161548264,0.00153403822333,0.00120154523756,0.000986777013168,0.00160305155441,0.000613452342805,0.000427838676842,0.000565639813431,0.000280192442006,0.000279563042568,0.000321207917295,0.000300929532386,0.000188440113561,0.000205304662813,0.000190181744983,0.000146476435475,0.0000713720510248,0.0000564702095289,0.0000278703519143,0.00000132095090066,0.00000130040825752,0.0000101818304756,0.000438184419181],"median":[0.00037120556226,0.00128361419775,0.000435339461546,0.000344581203535,0.0012183515355,0.000473101477837,0.00029145157896,0.00013103337551,0.000303190812701,0.000120936434541,0.000104604056105,0.0000690525776008,0.0000611788054812,0.0000599724917265,0.0000670281442581,0.0000566271228308,0.0000462618409074,0.0000487743454869,0.0000391762514482,0.0000308565431624,0.0000148107865243,0.0000079769461081,0.00000300721603708,3.03185458961e-7,3.14914984756e-7,0.00000176463345269,0.000120811469969],"min":[1.93984762012e-23,8.3330958847e-24,9.9104492971e-24,2.70871267633e-24,3.3107630756e-23,5.61515609957e-23,1.86161596861e-23,3.45303287768e-23,4.19366661369e-23,8.13109542814e-23,1.67440286749e-23,1.188009882e-22,9.00259929506e-23,1.40477409128e-22,1.61259400629e-22,1.5331902968e-22,1.09226741166e-22,2.1911781681e-22,3.23983987327e-22,3.7346096465e-22,5.28793432417e-22,5.64376739041e-22,4.74185426088e-22,7.55834871082e-22,9.81303485184e-22,1.5567097871e-21,2.88632981938e-21],"var":[0.0000265383041551,0.00019208433514,0.0000150737205331,0.00000562074592381,0.000062753810198,0.0000158998300321,0.0000107287851279,0.0000239085147768,0.0000280638487311,0.0000077184267866,0.0000010609645642,0.0000036083872601,4.52501780046e-7,7.0736990665e-7,0.00000132992283852,0.00000207384118767,1.78366605041e-7,2.70250211543e-7,2.1948305573e-7,1.37600906669e-7,3.01086053867e-8,3.73141766374e-8,9.0756619997e-9,1.05041097348e-11,9.6764393373e-12,1.0565059938e-9,8.23690072593e-7]},"barkbands_crest":{"dmean":2.88710546494,"dmean2":4.69590759277,"dvar":6.65265083313,"dvar2":16.8576412201,"max":25.4661502838,"mean":10.1780653,"median":9.29005241394,"min":2.09743118286,"var":18.6046466827},"barkbands_flatness_db":{"dmean":0.0249570347369,"dmean2":0.0392719134688,"dvar":0.000469595484901,"dvar2":0.0011560987914,"max":0.37974640727,"mean":0.14477391541,"median":0.138344332576,"min":0.0367146655917,"var":0.00210561905988},"barkbands_kurtosis":{"dmean":4.79869222641,"dmean2":7.67440462112,"dvar":62.8968467712,"dvar2":156.943527222,"max":178.195159912,"mean":9.09957027435,"median":5.53336763382,"min":-1.72744429111,"var":149.666732788},"barkbands_skewness":{"dmean":0.617153644562,"dmean2":0.975260317326,"dvar":0.403313606977,"dvar2":0.989897847176,"max":11.2348213196,"mean":2.15572857857,"median":1.95562291145,"min":-1.85731613636,"var":1.47982883453},"barkbands_spread":{"dmean":6.34485244751,"dmean2":9.76256084442,"dvar":54.4223594666,"dvar2":119.692344666,"max":116.47958374,"mean":23.1412677765,"median":19.4986228943,"min":0.711139142513,"var":244.708084106},"dissonance":{"dmean":0.0214104484767,"dmean2":0.0359400473535,"dvar":0.000454222375993,"dvar2":0.00126114999875,"max":0.500000119209,"mean":0.460392266512,"median":0.469452679157,"min":0.183787822723,"var":0.00104418338742},"dynamic_complexity":5.7613158226,"erbbands":{"dmean":[0.226597651839,0.757656037807,1.53183078766,2.17703223228,5.31401586533,8.56096744537,9.36801147461,7.63465976715,7.42902469635,17.3292446136,13.9406080246,26.1437397003,16.3807601929,9.39129543304,10.5707769394,13.5991172791,7.99559164047,6.93736743927,8.05229568481,10.7110061646,7.25847530365,6.29562997818,6.02446222305,6.8516907692,5.93821525574,3.69083690643,2.59235310555,1.66729974747,1.79910266399,1.12267577648,0.704070389271,0.0950088202953,0.0223212689161,0.0145862801,0.00924547482282,0.00550795625895,0.0146214431152,0.0288041885942,0.0139522328973,0.00404385849833],"dmean2":[0.382492512465,1.30137729645,2.58096623421,3.7573029995,8.65977859497,13.8526134491,15.2272310257,12.0005760193,11.404873848,25.6225547791,21.7213420868,40.4402275085,25.8831310272,15.0029754639,16.7549819946,21.7587070465,12.7753076553,11.0436067581,12.6929922104,16.2523803711,11.0630054474,9.98671913147,9.42297840118,10.5073413849,9.11907863617,5.54694414139,3.89391136169,2.49287652969,2.79479146004,1.76784718037,1.10783517361,0.151109620929,0.0371821671724,0.0243929009885,0.0154196815565,0.00910735782236,0.0230246391147,0.044006485492,0.0194829422981,0.0056435521692],"dvar":[0.715975940228,4.5705242157,20.000825882,48.790096283,140.139648438,692.17980957,1044.64819336,465.766723633,436.095275879,5971.34960938,2581.87841797,11847.3828125,7820.14160156,936.941772461,778.515014648,2952.54907227,583.210388184,324.586914062,393.281707764,2419.61865234,485.620361328,310.911315918,342.514160156,571.858886719,380.840209961,148.486907959,74.9771270752,31.0179386139,56.7634391785,18.8237857819,8.75082588196,0.11802431196,0.00279298005626,0.00123930035625,0.000487882411107,0.000160846553626,0.00306194322184,0.0116566577926,0.0020186600741,0.000130019339849],"dvar2":[1.8951061964,12.6926040649,53.6977081299,137.808181763,342.15637207,1556.50048828,2336.91943359,993.967834473,957.151062012,10430.9121094,5445.01806641,25615.1347656,16739.6875,2295.52783203,1756.25952148,7149.09423828,1514.38879395,747.527282715,898.733825684,3986.15087891,894.149902344,753.865661621,799.353637695,1370.2701416,883.066467285,333.30291748,171.160873413,70.9814987183,140.671768188,46.3192024231,22.3659172058,0.301612257957,0.00704096863046,0.00315275345929,0.00124026904814,0.000403979793191,0.00778139894828,0.0276363287121,0.00398555584252,0.000247848860454],"max":[17.4717082977,51.4375457764,96.6686553955,201.544219971,344.369537354,1106.37341309,2239.60913086,872.638122559,867.558288574,3389.03857422,1835.89025879,4649.52539062,8969.47070312,1440.22424316,1373.1171875,2316.35644531,1173.52075195,962.269470215,1266.70996094,4261.85644531,1344.0859375,486.602111816,485.339569092,751.953674316,445.089080811,431.055297852,244.666244507,205.373718262,248.770935059,136.938659668,99.6388092041,13.8080682755,1.39753258228,0.937087535858,0.590409398079,0.34074613452,1.84055304527,3.79006171227,1.69063007832,0.375930339098],"mean":[0.218184649944,0.875149190426,1.8525531292,2.60424947739,7.69530010223,12.1299543381,13.5097990036,11.7503814697,12.4554538727,26.8642368317,21.5177612305,38.173324585,25.1147441864,15.5514936447,19.3100738525,24.0301208496,14.4711809158,13.2115507126,15.1943712234,20.1240615845,13.6780977249,10.6649141312,10.1908283234,10.9750423431,9.49407291412,6.37527942657,4.1447558403,2.59204721451,2.17102980614,1.23047924042,0.780349731445,0.107702672482,0.0231792889535,0.0146099040285,0.00940804090351,0.0060235648416,0.0170658100396,0.0368259586394,0.0301979165524,0.0124483993277],"median":[0.0327909812331,0.255808591843,0.583537340164,1.04508221149,2.71891927719,3.55538797379,3.95309019089,3.7117934227,3.20034480095,4.92548418045,3.80984091759,7.34799385071,5.07344198227,4.37787628174,4.63644886017,3.15234899521,3.10358572006,3.15531015396,3.62533378601,3.92067217827,2.98756027222,2.76846265793,2.61725831032,2.4085354805,1.90807104111,1.41429662704,0.85240739584,0.508608102798,0.312421500683,0.162333577871,0.0808645263314,0.0196572262794,0.00624693837017,0.00357436016202,0.00238677673042,0.00179022294469,0.00324888853356,0.00667044892907,0.00740083213896,0.0041443486698],"min":[2.24653474663e-22,2.30982794744e-21,8.19384919956e-21,1.43243561378e-20,2.12207321569e-20,1.55643855022e-19,2.75499249703e-19,4.91703866652e-19,2.58904895091e-19,4.54363331139e-19,8.84130136571e-19,1.25595040685e-18,2.19089393826e-18,1.43910018859e-18,1.80405837531e-18,4.81638567522e-18,3.4355937582e-18,5.83380666173e-18,6.79476967629e-18,1.07429775998e-17,8.23281779454e-18,6.97149557339e-18,1.22248493334e-17,1.57489381822e-17,1.62900913195e-17,1.75025610808e-17,1.67795440141e-17,2.21643491811e-17,1.39943607172e-17,2.20788468299e-17,1.41974798797e-17,1.37844173146e-17,1.36432184112e-17,9.52401116197e-18,7.30267470242e-18,6.26251576165e-18,2.67152102933e-18,1.19329106186e-18,4.32215130798e-19,4.49592114592e-20],"var":[0.550590932369,3.96929001808,18.6621799469,37.8689231873,261.468811035,1139.96801758,1569.01513672,803.520629883,1006.81286621,12567.5058594,4567.3828125,18291.2128906,10212.8652344,1418.25854492,2162.49169922,7318.04736328,1060.9197998,1002.80053711,1125.22900391,8312.19921875,1585.80065918,534.498962402,596.102661133,819.981445312,558.635070801,241.995788574,110.670776367,45.2681007385,55.0065612793,18.3727054596,8.04284000397,0.110620461404,0.0028376809787,0.00122672901489,0.000489822239615,0.000171164050698,0.00283300434239,0.0127979852259,0.00520852021873,0.000494116859045]},"erbbands_crest":{"dmean":2.94451713562,"dmean2":4.70641946793,"dvar":7.65241003036,"dvar2":17.7332897186,"max":33.3414154053,"mean":9.5365562439,"median":8.21990203857,"min":2.41816234589,"var":23.9254226685},"erbbands_flatness_db":{"dmean":0.0220292117447,"dmean2":0.0338800884783,"dvar":0.000361336977221,"dvar2":0.000810497615021,"max":0.374115347862,"mean":0.156695514917,"median":0.151812136173,"min":0.0529796257615,"var":0.00170533498749},"erbbands_kurtosis":{"dmean":1.25465667248,"dmean2":1.93896007538,"dvar":5.08676958084,"dvar2":10.4827766418,"max":89.0976791382,"mean":1.07118868828,"median":0.143376231194,"min":-1.78864824772,"var":12.8311223984},"erbbands_skewness":{"dmean":0.410022199154,"dmean2":0.617556810379,"dvar":0.161735191941,"dvar2":0.343284517527,"max":7.01780414581,"mean":0.458539277315,"median":0.41384691,"min":-6.71265220642,"var":0.806651711464},"erbbands_spread":{"dmean":6.99099683762,"dmean2":10.7861309052,"dvar":49.8509101868,"dvar2":111.48690033,"max":107.020118713,"mean":31.0803356171,"median":28.4779090881,"min":1.17228460312,"var":236.582672119},"gfcc":{"cov":[[12291.2314453,-413.891235352,-853.768920898,453.887969971,208.994506836,-270.863647461,194.9037323,-279.424743652,135.122589111,-10.1245241165,36.6329154968,179.626159668,-99.1373596191],[-413.891235352,764.662780762,80.8475112915,-312.418426514,55.9937171936,16.8735294342,-46.21434021,-9.31203651428,-38.207862854,6.36480045319,35.1724815369,-97.5981292725,89.3567276001],[-853.768920898,80.8475112915,469.986755371,91.7494125366,-133.36428833,128.300476074,-127.554260254,87.4958343506,-68.0924911499,-8.7974729538,-24.525598526,-14.4461288452,-20.5234642029],[453.887969971,-312.418426514,91.7494125366,486.427642822,90.072769165,-72.1157684326,100.043945312,-44.3621101379,32.9879455566,-50.4917449951,-34.9043312073,73.1751403809,-102.471542358],[208.994506836,55.9937171936,-133.36428833,90.072769165,264.890197754,-4.52586269379,96.7292785645,-30.3806743622,23.4347572327,-9.34467029572,19.7019748688,-13.0630207062,24.7549304962],[-270.863647461,16.8735294342,128.300476074,-72.1157684326,-4.52586269379,240.412338257,-55.3708992004,89.6227111816,-27.5093002319,29.3594589233,2.42707109451,-17.9252910614,24.4655952454],[194.9037323,-46.21434021,-127.554260254,100.043945312,96.7292785645,-55.3708992004,267.757080078,-27.2121429443,100.554512024,-4.77687931061,-7.55545186996,37.5561141968,-53.77784729],[-279.424743652,-9.31203651428,87.4958343506,-44.3621101379,-30.3806743622,89.6227111816,-27.2121429443,170.319961548,7.7321190834,35.9022941589,18.5212841034,-36.6733932495,25.0545253754],[135.122589111,-38.207862854,-68.0924911499,32.9879455566,23.4347572327,-27.5093002319,100.554512024,7.7321190834,145.956283569,37.7449035645,0.063086181879,31.9293136597,-44.94739151],[-10.1245241165,6.36480045319,-8.7974729538,-50.4917449951,-9.34467029572,29.3594589233,-4.77687931061,35.9022941589,37.7449035645,88.7569885254,42.2586288452,-4.26493167877,15.6262893677],[36.6329154968,35.1724815369,-24.525598526,-34.9043312073,19.7019748688,2.42707109451,-7.55545186996,18.5212841034,0.063086181879,42.2586288452,78.4995269775,19.5920505524,22.7303256989],[179.626159668,-97.5981292725,-14.4461288452,73.1751403809,-13.0630207062,-17.9252910614,37.5561141968,-36.6733932495,31.9293136597,-4.26493167877,19.5920505524,100.1925354,-6.61129570007],[-99.1373596191,89.3567276001,-20.5234642029,-102.471542358,24.7549304962,24.4655952454,-53.77784729,25.0545253754,-44.94739151,15.6262893677,22.7303256989,-6.61129570007,115.860137939]],"icov":[[0.000114468675747,-0.000180213653948,0.000496371241752,-0.000417463772465,0.000268319417955,-0.000197262852453,0.000135668044095,-0.0000197762547032,0.0000523332528246,-0.0000924398118514,0.0000146029824464,-0.0000840426437207,0.0000323238491546],[-0.000180213653948,0.0040988959372,-0.00426430394873,0.00424788473174,-0.00281836255454,0.00173146021552,-0.00118053529877,0.00239747087471,-0.00199063750915,0.00238060648553,-0.00282566202804,0.00304965791292,-0.00150864117313],[0.000496371241752,-0.00426430394873,0.00980692822486,-0.00743288639933,0.00615934934467,-0.00464213918895,0.00242674839683,-0.00285544898361,0.00221369159408,-0.00141747656744,0.0017439291114,-0.00122942856979,0.000922604172956],[-0.000417463772465,0.00424788473174,-0.00743288639933,0.0109922569245,-0.00860987231135,0.0055939713493,-0.00127352413256,-0.000456715322798,0.00157661817502,-0.000647453998681,0.00299992552027,-0.0048267301172,0.00477296113968],[0.000268319417955,-0.00281836255454,0.00615934934467,-0.00860987231135,0.0132765546441,-0.0063046021387,-0.00161671522073,0.00323331868276,-0.00406919419765,0.00513596227393,-0.00767471641302,0.00887450668961,-0.00733485771343],[-0.000197262852453,0.00173146021552,-0.00464213918895,0.0055939713493,-0.0063046021387,0.00953119713813,0.00019647325098,-0.00398835819215,0.00358387897722,-0.0046214661561,0.00544225098565,-0.00553433923051,0.00353927910328],[0.000135668044095,-0.00118053529877,0.00242674839683,-0.00127352413256,-0.00161671522073,0.00019647325098,0.00734938355163,-0.00191497290507,-0.00179442961235,-0.000595066987444,0.0024921419099,-0.00347713357769,0.00315621634945],[-0.0000197762547032,0.00239747087471,-0.00285544898361,-0.000456715322798,0.00323331868276,-0.00398835819215,-0.00191497290507,0.0136380428448,-0.00736154196784,0.00491686491296,-0.00965335406363,0.0116636101156,-0.00742200529203],[0.0000523332528246,-0.00199063750915,0.00221369159408,0.00157661817502,-0.00406919419765,0.00358387897722,-0.00179442961235,-0.00736154196784,0.0199265815318,-0.0146008301526,0.0128849381581,-0.0135659426451,0.0106359599158],[-0.0000924398118514,0.00238060648553,-0.00141747656744,-0.000647453998681,0.00513596227393,-0.0046214661561,-0.000595066987444,0.00491686491296,-0.0146008301526,0.0288480725139,-0.0205239988863,0.0139235612005,-0.00893384777009],[0.0000146029824464,-0.00282566202804,0.0017439291114,0.00299992552027,-0.00767471641302,0.00544225098565,0.0024921419099,-0.00965335406363,0.0128849381581,-0.0205239988863,0.0336509943008,-0.0201854035258,0.00890183728188],[-0.0000840426437207,0.00304965791292,-0.00122942856979,-0.0048267301172,0.00887450668961,-0.00553433923051,-0.00347713357769,0.0116636101156,-0.0135659426451,0.0139235612005,-0.0201854035258,0.0301793906838,-0.0132328635082],[0.0000323238491546,-0.00150864117313,0.000922604172956,0.00477296113968,-0.00733485771343,0.00353927910328,0.00315621634945,-0.00742200529203,0.0106359599158,-0.00893384777009,0.00890183728188,-0.0132328635082,0.0209264867008]],"mean":[-59.8509407043,105.696121216,-93.2177505493,-0.728432714939,-16.9952983856,-28.9956569672,4.58315324783,-19.8498878479,-0.422852724791,-11.766453743,-8.84957504272,-3.76476860046,-7.11919403076]},"hfc":{"dmean":21.6148757935,"dmean2":32.035861969,"dvar":1463.93310547,"dvar2":3144.75683594,"max":879.877075195,"mean":72.2934646606,"median":42.2257881165,"min":1.20279102027e-16,"var":6826.46728516},"melbands":{"dmean":[0.00164185836911,0.000826987496112,0.000432810862549,0.00051217363216,0.000333126547048,0.000174771485035,0.000119465410535,0.000181082461495,0.00013143713295,0.000158316193847,0.0000811533391243,0.0000397224830522,0.0000397011754103,0.0000355821030098,0.000026103685741,0.0000170442308445,0.0000138472114486,0.0000139806161314,0.000013906445929,0.000014882078176,0.00000800257748779,0.00000701222643329,0.00000586917485634,0.00000629229407423,0.00000575111744183,0.000004860687568,0.00000358979673365,0.00000246133436121,0.00000207207358471,0.00000100280408333,0.0000010058239468,0.00000108346694105,8.89389298209e-7,5.36163156539e-7,4.64765065544e-7,1.9390945738e-7,1.76542389596e-8,1.5194332903e-8,1.33737749763e-8,1.18936345217e-8],"dmean2":[0.00276753422804,0.0013942689402,0.000734051456675,0.000823584268801,0.000536820094567,0.000274703023024,0.000182537769433,0.000266981514869,0.000206252778298,0.000244935334194,0.000128868210595,0.0000639791687718,0.0000628133493592,0.0000569457915844,0.0000417886294599,0.0000276441369351,0.0000221611207962,0.0000221531718125,0.0000217464912566,0.0000224348368647,0.0000124959960885,0.0000112074958452,0.00000941263533605,0.00000993657431536,0.0000089888835646,0.00000758348960517,0.00000556073609914,0.00000373765055883,0.0000031970891996,0.00000153880682774,0.0000015445829149,0.00000169018767338,0.00000143185070556,8.45571150876e-7,7.3675511203e-7,3.09834547352e-7,2.95788495919e-8,2.54985579318e-8,2.24151150974e-8,1.99047427429e-8],"dvar":[0.0000346363412973,0.00000449306298833,0.0000014103520698,0.00000180497431757,0.00000107898324586,2.43047338699e-7,1.11180398221e-7,7.50131675886e-7,2.30347225738e-7,3.93941576249e-7,2.0294940839e-7,1.85994295521e-8,9.15290776504e-9,2.00995486921e-8,7.38076399998e-9,3.26842264364e-9,1.41211553562e-9,1.27182686604e-9,2.79098122391e-9,7.15190839884e-9,4.02993249882e-10,3.70247638104e-10,3.50881601552e-10,3.85137366443e-10,4.21345208723e-10,2.54836457492e-10,1.5373088913e-10,6.60775878458e-11,5.60514100412e-11,9.23501206063e-12,1.27993162943e-11,2.23406293465e-11,1.41671188669e-11,4.19441564814e-12,4.18980648786e-12,7.28371898386e-13,1.84000967132e-15,1.36828992909e-15,1.05203249642e-15,8.23805821533e-16],"dvar2":[0.0000917479337659,0.0000120948743643,0.00000390766263081,0.00000408676032748,0.00000241636462306,5.24212396158e-7,2.42154982288e-7,0.00000127231839997,5.04774391175e-7,8.57538168475e-7,4.33306212244e-7,4.56333246746e-8,2.03510523988e-8,4.73787267197e-8,1.88109794408e-8,9.10101327634e-9,3.10074943499e-9,2.80410650255e-9,5.35591970774e-9,1.02216475284e-8,9.42960154404e-10,9.1306900929e-10,8.6451207304e-10,9.0728180524e-10,1.0341516532e-9,6.06569072747e-10,3.58841151238e-10,1.52735768477e-10,1.33038136063e-10,2.07789653539e-11,3.06632011449e-11,5.60225719981e-11,3.61989431485e-11,1.02314996753e-11,1.08913581279e-11,1.89424387634e-12,4.6566758594e-15,3.48046155664e-15,2.67890538481e-15,2.09786598222e-15],"max":[0.125839799643,0.043863683939,0.0328673124313,0.0526707991958,0.061451215297,0.0244200527668,0.0133499503136,0.0428602732718,0.01405772008,0.025488127023,0.045982375741,0.00636339467019,0.00411128578708,0.00735489837825,0.00319465249777,0.00309451017529,0.00255511770956,0.00319354934618,0.00448908563703,0.00577605701983,0.000533877057023,0.000609635026194,0.000605099950917,0.000594782759435,0.000741704541724,0.0004922170192,0.000424747326178,0.000301181309624,0.000249753298704,0.0000798680484877,0.000158666967764,0.000186090604984,0.000125609760289,0.0000602008694841,0.0000755340006435,0.0000360758604074,0.00000114611714253,9.84139546745e-7,8.62203478391e-7,7.63661546443e-7],"mean":[0.00171479571145,0.00104246614501,0.000578430714086,0.000762225594372,0.000493344850838,0.000270809454378,0.000199568603421,0.000278352265013,0.000192853622139,0.000232507038163,0.000120167453133,0.0000613460069872,0.0000655857511447,0.0000629775313428,0.0000453218381153,0.0000276503669738,0.0000244732673309,0.0000245980336331,0.0000240765893977,0.0000269891534117,0.0000136555263452,0.0000112175712275,0.00000895905122889,0.00000998749237624,0.00000868886945682,0.00000727257020117,0.00000564712217965,0.00000399197051593,0.00000302090529658,0.00000164262041835,0.0000014373557633,0.00000129524983095,9.45471299474e-7,5.77498042276e-7,5.06275625867e-7,2.10469295325e-7,1.73769567624e-8,1.4836183837e-8,1.31435236028e-8,1.18100329516e-8],"median":[0.000355178955942,0.00035827193642,0.000253597740084,0.000251793069765,0.00015035791148,0.0000851923541632,0.0000513393824804,0.000047058405471,0.0000323111453326,0.0000443721764896,0.0000227698874369,0.0000161203770404,0.0000161901807587,0.00000803269904281,0.00000673649901728,0.00000613808424532,0.00000532818876309,0.00000542136740478,0.00000508554239786,0.00000458467366116,0.00000290858679364,0.00000277393087345,0.00000208184246731,0.00000244484090217,0.0000018120894083,0.00000141426710343,0.00000115178988835,8.26976588542e-7,5.59889599572e-7,3.43608775211e-7,2.62814552343e-7,1.80281858775e-7,1.19533254406e-7,6.98648037201e-8,5.01173929024e-8,2.36581882973e-8,4.02839583913e-9,3.36086469765e-9,3.03046143735e-9,2.80801182306e-9],"min":[3.46213341374e-24,4.06994482476e-24,2.1974369353e-24,6.04527619726e-24,9.60918489512e-24,1.08778767568e-23,3.93702215666e-24,4.72616862953e-24,7.39559228569e-24,7.34948021034e-24,1.12489924254e-23,6.70957359896e-24,3.95851782746e-24,1.24252258447e-23,9.52264527609e-24,8.49097692855e-24,1.1478929602e-23,1.12900408026e-23,1.55904268861e-23,1.20823048538e-23,8.41719476808e-24,7.78598771477e-24,6.78273965906e-24,1.196871125e-23,1.35912088054e-23,8.93434910058e-24,1.59788225528e-23,9.9928568627e-24,7.21543933191e-24,1.80443601698e-23,1.19673189105e-23,7.35360516401e-24,1.02652323895e-23,1.18628295504e-23,7.67345197348e-24,8.05122878352e-24,8.71660140263e-24,9.62049952708e-24,8.93263096153e-24,7.76734693158e-24],"var":[0.0000273577770713,0.00000453818438473,0.00000134957156206,0.00000311793019137,0.00000184270516002,4.14149440076e-7,2.52322450933e-7,0.0000015830078155,3.73577677237e-7,6.25932102594e-7,2.62663775175e-7,2.65480633033e-8,2.31879706547e-8,5.01403327746e-8,1.71914749103e-8,4.91657026203e-9,4.52673942775e-9,4.17186107882e-9,7.97695687282e-9,2.52576484172e-8,8.56821502637e-10,6.00663907502e-10,5.25532894979e-10,6.32004504286e-10,5.60829716001e-10,3.44606815306e-10,2.19903234511e-10,1.02607311536e-10,7.10560985051e-11,1.58009265394e-11,1.61269244486e-11,2.09623325642e-11,1.24452488245e-11,4.22032808006e-12,3.68023493624e-12,6.35387521677e-13,1.80942627621e-15,1.33637700989e-15,1.03142450245e-15,8.1315570571e-16]},"melbands_crest":{"dmean":4.01501846313,"dmean2":6.54396152496,"dvar":14.1278047562,"dvar2":33.7670860291,"max":36.5346374512,"mean":14.5592021942,"median":13.5543498993,"min":1.98622441292,"var":31.9066352844},"melbands_flatness_db":{"dmean":0.0315208211541,"dmean2":0.0494166277349,"dvar":0.000708874023985,"dvar2":0.00172950513661,"max":0.533750653267,"mean":0.252042621374,"median":0.247084736824,"min":0.00607223901898,"var":0.00356677919626},"melbands_kurtosis":{"dmean":7.13800382614,"dmean2":11.5812301636,"dvar":141.731719971,"dvar2":363.344696045,"max":207.452255249,"mean":12.5350627899,"median":6.70773410797,"min":-1.88855242729,"var":296.427856445},"melbands_skewness":{"dmean":0.777574241161,"dmean2":1.22084009647,"dvar":0.667147994041,"dvar2":1.62826681137,"max":12.3276910782,"mean":2.45296502113,"median":2.15286850929,"min":-2.19773006439,"var":2.54647374153},"melbands_spread":{"dmean":5.43802309036,"dmean2":8.47845363617,"dvar":52.8867759705,"dvar2":116.39806366,"max":133.544967651,"mean":17.370141983,"median":14.0978755951,"min":0.616796016693,"var":192.65574646},"mfcc":{"cov":[[10515.7246094,67.6905136108,-1629.51574707,1020.08825684,-533.23449707,468.934417725,-272.918670654,156.380889893,-174.402648926,6.9213757515,14.1966762543,-63.7073173523,137.883728027],[67.6905136108,895.090820312,-21.5644569397,-285.519226074,52.5694274902,-69.3263168335,51.7460517883,-125.660850525,28.8990306854,-40.3553009033,3.09525680542,-0.537042200565,-31.634847641],[-1629.51574707,-21.5644569397,709.044128418,-172.150222778,109.892112732,-96.8344650269,14.6083717346,-3.98438978195,-10.397769928,6.96945524216,-2.08391022682,-1.65622365475,-59.8066215515],[1020.08825684,-285.519226074,-172.150222778,620.528747559,-90.886138916,134.566879272,-62.7428092957,122.285896301,-63.112903595,28.6589832306,-8.27242851257,-47.7984962463,23.4832630157],[-533.23449707,52.5694274902,109.892112732,-90.886138916,238.762374878,-28.166053772,77.635925293,-35.6636505127,12.3078269958,-0.259204477072,-30.4305019379,5.32355737686,-24.5752391815],[468.934417725,-69.3263168335,-96.8344650269,134.566879272,-28.166053772,192.506591797,-12.3434066772,65.5498504639,-7.91083097458,7.27177906036,3.87691998482,-9.27336120605,29.1820735931],[-272.918670654,51.7460517883,14.6083717346,-62.7428092957,77.635925293,-12.3434066772,153.443267822,-5.54597806931,33.6259689331,-4.97431993484,-7.79586935043,19.9360141754,-12.5549259186],[156.380889893,-125.660850525,-3.98438978195,122.285896301,-35.6636505127,65.5498504639,-5.54597806931,142.867660522,13.4362373352,33.3284950256,12.6828193665,-2.01550340652,15.8841133118],[-174.402648926,28.8990306854,-10.397769928,-63.112903595,12.3078269958,-7.91083097458,33.6259689331,13.4362373352,108.012802124,31.4400615692,17.7876625061,19.9384231567,4.31561803818],[6.9213757515,-40.3553009033,6.96945524216,28.6589832306,-0.259204477072,7.27177906036,-4.97431993484,33.3284950256,31.4400615692,92.5577774048,41.0169906616,13.8553638458,8.20236682892],[14.1966762543,3.09525680542,-2.08391022682,-8.27242851257,-30.4305019379,3.87691998482,-7.79586935043,12.6828193665,17.7876625061,41.0169906616,83.6641845703,41.8768310547,12.7774457932],[-63.7073173523,-0.537042200565,-1.65622365475,-47.7984962463,5.32355737686,-9.27336120605,19.9360141754,-2.01550340652,19.9384231567,13.8553638458,41.8768310547,84.320022583,36.2144508362],[137.883728027,-31.634847641,-59.8066215515,23.4832630157,-24.5752391815,29.1820735931,-12.5549259186,15.8841133118,4.31561803818,8.20236682892,12.7774457932,36.2144508362,71.8901596069]],"icov":[[0.000188028920093,-0.000103497106466,0.00035717265564,-0.000158405135153,0.000164774799487,-0.00017852356541,0.00016139964282,-0.0000506885189679,0.000239512330154,-0.000123940451886,0.000134310408612,-0.000192722480278,0.000183858865057],[-0.000103497106466,0.00151054037269,-0.00000224563677875,0.000620914273895,-0.000168745682458,0.0000429875217378,-0.000362983118976,0.000824091956019,-0.000333697273163,0.000481988914544,-0.00074934028089,0.000751366314944,0.0000576331367483],[0.00035717265564,-0.00000224563677875,0.00255502038635,0.000274344027275,-0.000478067609947,0.000318680191413,0.000693918322213,-0.00100653618574,0.00111895927694,-0.000395866401959,0.0000560122607567,-0.000590273237322,0.00166609359439],[-0.000158405135153,0.000620914273895,0.000274344027275,0.00295559712686,0.0000962412086665,-0.000643290462904,0.0000133512603497,-0.00139527558349,0.00142846466042,-0.00077554298332,0.0000288781211566,0.00132358714473,-0.000224687290029],[0.000164774799487,-0.000168745682458,-0.000478067609947,0.0000962412086665,0.00638692360371,-0.000744083954487,-0.00243615848012,0.00138609972782,0.000470265571494,-0.00224171672016,0.00360814714804,-0.00187036127318,0.00146265863441],[-0.00017852356541,0.0000429875217378,0.000318680191413,-0.000643290462904,-0.000744083954487,0.00757084554061,-0.000312254967866,-0.00265626981854,0.0000513977720402,0.00112341623753,-0.00148964917753,0.00219980138354,-0.00293326494284],[0.00016139964282,-0.000362983118976,0.000693918322213,0.0000133512603497,-0.00243615848012,-0.000312254967866,0.00928771588951,-0.00113466882613,-0.00205649924465,0.00103521847632,0.0014638932189,-0.00358545430936,0.00282162684016],[-0.0000506885189679,0.000824091956019,-0.00100653618574,-0.00139527558349,0.00138609972782,-0.00265626981854,-0.00113466882613,0.0113254422322,-0.00199841265567,-0.00241885054857,0.000102739722934,0.000551238714252,-0.000970156746916],[0.000239512330154,-0.000333697273163,0.00111895927694,0.00142846466042,0.000470265571494,0.0000513977720402,-0.00205649924465,-0.00199841265567,0.0129852583632,-0.0045480565168,0.000484067160869,-0.0013070050627,0.000392103771446],[-0.000123940451886,0.000481988914544,-0.000395866401959,-0.00077554298332,-0.00224171672016,0.00112341623753,0.00103521847632,-0.00241885054857,-0.0045480565168,0.017515193671,-0.00934714823961,0.00299731083214,-0.00170723977499],[0.000134310408612,-0.00074934028089,0.0000560122607567,0.0000288781211566,0.00360814714804,-0.00148964917753,0.0014638932189,0.000102739722934,0.000484067160869,-0.00934714823961,0.023756371811,-0.0131224589422,0.0049463394098],[-0.000192722480278,0.000751366314944,-0.000590273237322,0.00132358714473,-0.00187036127318,0.00219980138354,-0.00358545430936,0.000551238714252,-0.0013070050627,0.00299731083214,-0.0131224589422,0.02577531524,-0.0134188607335],[0.000183858865057,0.0000576331367483,0.00166609359439,-0.000224687290029,0.00146265863441,-0.00293326494284,0.00282162684016,-0.000970156746916,0.000392103771446,-0.00170723977499,0.0049463394098,-0.0134188607335,0.0234919153154]],"mean":[-723.029724121,166.623550415,-17.303560257,38.9278488159,-8.75290298462,11.018453598,-3.15051937103,6.68353319168,1.23480892181,3.38282847404,0.925409257412,-5.08709526062,1.57397997379]},"pitch_salience":{"dmean":0.0769113525748,"dmean2":0.124737143517,"dvar":0.00478517590091,"dvar2":0.0119746373966,"max":0.947927415371,"mean":0.565868556499,"median":0.579830229282,"min":0.104157999158,"var":0.0120893958956},"silence_rate_20dB":{"dmean":0.000112139052362,"dmean2":0.000224290677579,"dvar":0.000112124864245,"dvar2":0.000336379249347,"max":1,"mean":0.999943912029,"median":1,"min":0,"var":0.0000560628323001},"silence_rate_30dB":{"dmean":0.0317353531718,"dmean2":0.0634742602706,"dvar":0.0307307504117,"dvar2":0.0704347267747,"max":1,"mean":0.970116615295,"median":1,"min":0,"var":0.0289892721921},"silence_rate_60dB":{"dmean":0.0345388278365,"dmean2":0.0690815299749,"dvar":0.0333532579243,"dvar2":0.0736078619957,"max":1,"mean":0.206772819161,"median":0,"min":0,"var":0.163987100124},"spectral_centroid":{"dmean":222.877761841,"dmean2":334.084777832,"dvar":74041.390625,"dvar2":142288.375,"max":10936.4804688,"mean":1041.4309082,"median":897.765686035,"min":182.994354248,"var":357279.34375},"spectral_complexity":{"dmean":3.02102613449,"dmean2":4.48996305466,"dvar":16.1886291504,"dvar2":28.1250514984,"max":60,"mean":14.4179191589,"median":11,"min":0,"var":139.51385498},"spectral_contrast_coeffs":{"dmean":[0.0561438463628,0.0491080507636,0.0388534404337,0.0278226714581,0.0204786043614,0.0492225363851],"dmean2":[0.0927074328065,0.0806472301483,0.064238473773,0.0458144396544,0.033290553838,0.076903693378],"dvar":[0.00200409977697,0.00153779727407,0.00093051570002,0.00048876128858,0.000293294200674,0.00192611478269],"dvar2":[0.00536616519094,0.00405331980437,0.00245195883326,0.00127517513465,0.000732954591513,0.00451872358099],"max":[-0.280631959438,-0.430192172527,-0.515189111233,-0.472153991461,-0.641265869141,-0.389283001423],"mean":[-0.67496407032,-0.76168268919,-0.783331811428,-0.816321849823,-0.822756946087,-0.730325341225],"median":[-0.683257460594,-0.768625497818,-0.787539184093,-0.820580244064,-0.821855008602,-0.735424160957],"min":[-0.965704083443,-0.973564147949,-0.969097971916,-0.963648319244,-0.964072644711,-0.96376568079],"var":[0.00747439498082,0.00470556365326,0.00290123955347,0.00191239349078,0.00127147661988,0.00775919249281]},"spectral_contrast_valleys":{"dmean":[0.407443434,0.36252117157,0.316257119179,0.282317012548,0.28995218873,0.67051333189],"dmean2":[0.660789608955,0.580179989338,0.502744138241,0.43295404315,0.421539276838,1.08382093906],"dvar":[0.122422665358,0.09174233675,0.07535944134,0.0724185779691,0.103324405849,0.324536383152],"dvar2":[0.289741694927,0.211970552802,0.16099229455,0.139385774732,0.187496423721,0.808542490005],"max":[-4.60528278351,-4.45480012894,-5.0674533844,-5.39197492599,-5.25815868378,-8.8586807251],"mean":[-7.40828323364,-6.94838857651,-7.52574396133,-8.04076385498,-8.11375617981,-11.8049860001],"median":[-7.21240329742,-6.83103370667,-7.45923614502,-7.89530467987,-7.89691352844,-11.715007782],"min":[-27.0127334595,-27.3324337006,-26.8931503296,-27.271812439,-27.3032989502,-27.1250152588],"var":[1.30712068081,1.17582094669,1.25906062126,1.4486322403,1.5635163784,1.26310837269]},"spectral_decrease":{"dmean":2.69604294445e-9,"dmean2":4.27836432948e-9,"dvar":4.05277041859e-17,"dvar2":1.00994947762e-16,"max":2.04875560961e-9,"mean":-4.80156980842e-9,"median":-2.40612951785e-9,"min":-1.20455439401e-7,"var":5.5283054523e-17},"spectral_energy":{"dmean":0.0110101997852,"dmean2":0.0171597786248,"dvar":0.000654821109492,"dvar2":0.00159633706789,"max":0.495752215385,"mean":0.0246795956045,"median":0.0137026645243,"min":1.05038302239e-20,"var":0.00111329334322},"spectral_energyband_high":{"dmean":0.000283614441287,"dmean2":0.000393162714317,"dvar":7.82570339197e-7,"dvar2":0.00000164379764556,"max":0.0260339267552,"mean":0.000564070534892,"median":0.000152423570398,"min":7.68394162733e-21,"var":0.00000162067294696},"spectral_energyband_low":{"dmean":0.00685909576714,"dmean2":0.0114661548287,"dvar":0.000429266132414,"dvar2":0.00112550286576,"max":0.424045920372,"mean":0.00825963355601,"median":0.00268052355386,"min":2.73714444609e-23,"var":0.00037668569712},"spectral_energyband_middle_high":{"dmean":0.00123361253645,"dmean2":0.00181092706043,"dvar":0.000010747046872,"dvar2":0.0000224293326028,"max":0.220492437482,"mean":0.00331510044634,"median":0.00106355012394,"min":1.66619711742e-21,"var":0.0000330491820932},"spectral_energyband_middle_low":{"dmean":0.00472818687558,"dmean2":0.00722741242498,"dvar":0.0000983991121757,"dvar2":0.00020841510559,"max":0.306314736605,"mean":0.0101198088378,"median":0.00511533860117,"min":2.02404555288e-22,"var":0.000233145998209},"spectral_entropy":{"dmean":0.186446264386,"dmean2":0.284213870764,"dvar":0.0321097411215,"dvar2":0.0726500526071,"max":9.80618572235,"mean":7.35743188858,"median":7.43392562866,"min":4.83750772476,"var":0.171146690845},"spectral_flux":{"dmean":0.0226397961378,"dmean2":0.036464124918,"dvar":0.00135300902184,"dvar2":0.00308354198933,"max":0.583017408848,"mean":0.0780651196837,"median":0.0641139522195,"min":1.02488198483e-10,"var":0.00387806631625},"spectral_kurtosis":{"dmean":4.20204639435,"dmean2":6.52617883682,"dvar":31.1468677521,"dvar2":77.9347686768,"max":130.762252808,"mean":17.8837432861,"median":15.8134908676,"min":-1.14122974873,"var":86.6307449341},"spectral_rms":{"dmean":0.000835060258396,"dmean2":0.00125156342983,"dvar":0.00000169307008946,"dvar2":0.00000377408878194,"max":0.0219922866672,"mean":0.00410279305652,"median":0.00365628954023,"min":3.2011934336e-12,"var":0.00000724459914636},"spectral_rolloff":{"dmean":5389.76123047,"dmean2":10272.1835938,"dvar":63122248,"dvar2":139509312,"max":22028.4667969,"mean":10039.4003906,"median":3574.51171875,"min":43.06640625,"var":92828832},"spectral_skewness":{"dmean":0.33985877037,"dmean2":0.512538850307,"dvar":0.148880332708,"dvar2":0.348620533943,"max":8.48077869415,"mean":2.74750328064,"median":2.60420370102,"min":0.0153038986027,"var":0.722121596336},"spectral_spread":{"dmean":432461.59375,"dmean2":679377.6875,"dvar":210959843328,"dvar2":426288185344,"max":39608824,"mean":3719194.25,"median":3677334,"min":1232072.125,"var":614454263808},"spectral_strongpeak":{"dmean":1.28623437881,"dmean2":2.3498249054,"dvar":31.3074111938,"dvar2":83.5245056152,"max":110.07635498,"mean":1.23538386822,"median":0.268777191639,"min":0,"var":24.9221668243},"zerocrossingrate":{"dmean":0.0377614833415,"dmean2":0.0465776883066,"dvar":0.001064389362,"dvar2":0.00153617339674,"max":0.74365234375,"mean":0.242299988866,"median":0.2373046875,"min":0.03271484375,"var":0.00638873269781}},"metadata":{"audio_properties":{"analysis_sample_rate":44100,"bit_rate":128000,"codec":"mp3","downmix":"mix","equal_loudness":0,"length":414.119171143,"lossless":false,"md5_encoded":"0179131e62bc38497d695676ef352285","replay_gain":-2.81263160706},"tags":{"album":["Rock Island"],"albumartist":["Jethro Tull"],"albumartistsort":["Jethro Tull"],"artist":["Jethro Tull"],"artistsort":["Jethro Tull"],"asin":["B000008H1X"],"barcode":["094632170828"],"catalognumber":["CCD 1708"],"composer":["Ian Anderson"],"date":["1989-08-21"],"discnumber":["1/1"],"file_name":"05 Rock Island.mp3","genre":["Rock"],"label":["Chrysalis"],"language":["eng"],"media":["CD"],"mp3gain_album_minmax":["097,194"],"mp3gain_minmax":["097,192"],"musicbrainz album release country":["GB"],"musicbrainz album status":["official"],"musicbrainz album type":["album"],"musicbrainz_albumartistid":["ece57992-dc2e-4f67-a269-fa43626c1a3d"],"musicbrainz_albumid":["67e155d9-fcaf-4214-92c0-f023feebbf1c"],"musicbrainz_artistid":["ece57992-dc2e-4f67-a269-fa43626c1a3d"],"musicbrainz_recordingid":["96328b32-bcb6-414e-8645-07a951b5a19b"],"originaldate":["1989-08-21"],"replaygain_album_gain":["-1.92 dB"],"replaygain_album_peak":["1.012256"],"replaygain_track_gain":["-1.99 dB"],"replaygain_track_peak":["0.939434"],"script":["Latn"],"title":["Rock Island"],"tracknumber":["5/10"]},"version":{"essentia":"2.1-beta1","essentia_build_sha":"eef087cf131c10083d474ad51def18efd0e38295","essentia_git_sha":"v2.1_beta1-7-ge0e83e8-dirty","extractor":"music 1.0"}},"rhythm":{"beats_count":1026,"beats_loudness":{"dmean":0.0236536972225,"dmean2":0.0427176728845,"dvar":0.000859460153151,"dvar2":0.00259590987116,"max":0.306124031544,"mean":0.0353349074721,"median":0.0227057114244,"min":1.37916460474e-8,"var":0.00132285687141},"beats_loudness_band_ratio":{"dmean":[0.199070200324,0.14724843204,0.113080941141,0