{"lowlevel":{"average_loudness":0.935318946838,"barkbands":{"dmean":[0.00352385477163,0.00774479052052,0.00158790440764,0.000615181808826,0.000948806118686,0.000282055174466,0.000462825264549,0.000647052074783,0.000418112322222,0.000527149240952,0.000476656277897,0.000793955579866,0.000852088094689,0.000818393891677,0.000689955370035,0.000712342909537,0.000575578713324,0.00043278557132,0.000381129095331,0.000341501814546,0.000467867270345,0.000332533876644,0.000173177089891,0.000110068722279,0.0000467375612061,0.0000151105923578,0.00000522414393345],"dmean2":[0.00620376272127,0.0128548992798,0.00269373483025,0.00107514439151,0.00160557148047,0.000468425569125,0.000766705779824,0.00105145189445,0.000639456498902,0.000874760444276,0.000785331474617,0.00134613539558,0.00141103612259,0.0013214731589,0.00110269989818,0.00115290493704,0.000924770662095,0.000682650890667,0.000619393948,0.000535085331649,0.000745797471609,0.000523877330124,0.000271655211691,0.000171513660462,0.0000725003628759,0.0000245837381954,0.00000925631957216],"dvar":[0.0000595629608142,0.000206323558814,0.0000219467347051,0.0000028251670301,0.00000688598720444,9.09011532713e-7,0.00000204309299079,0.00000401243278247,0.000001320699198,0.00000283614599539,0.00000282544692709,0.00000688258933224,0.00000654990481053,0.00000558943020224,0.00000342702651324,0.00000259356124843,0.00000136340202062,6.11336986367e-7,5.04067315887e-7,4.01692346941e-7,0.00000115311115678,6.16360978256e-7,1.47292453789e-7,6.48570264161e-8,1.23952244024e-8,1.61442514912e-9,3.66707803012e-10],"dvar2":[0.000170068698935,0.000488762394525,0.0000499023881275,0.00000750813660488,0.0000176622397703,0.00000228908197641,0.00000498437202623,0.00000992404693534,0.00000295714221465,0.00000706541823092,0.00000688069621901,0.0000180824954441,0.0000164775665326,0.000013897531062,0.00000839070889924,0.00000657626105749,0.0000033491241993,0.0000014591131503,0.00000123142012853,9.60334205047e-7,0.00000285493479169,0.00000152308655288,3.62151723721e-7,1.50570770074e-7,2.88788317704e-8,3.97570421029e-9,1.0478591328e-9],"max":[0.127555578947,0.119150415063,0.0654156431556,0.0418435893953,0.03675192222,0.0342191681266,0.029399074614,0.0419976599514,0.0199849754572,0.0280834250152,0.0346343107522,0.0464364774525,0.048277489841,0.0504978336394,0.0361299663782,0.047357801348,0.0237496867776,0.0123856794089,0.0138732641935,0.0104635320604,0.0130960391834,0.0167893972248,0.00789749342948,0.00738780386746,0.00217890157364,0.000980912474915,0.000303760811221],"mean":[0.0034937064629,0.0128336623311,0.0019400853198,0.000602346262895,0.00087599339895,0.000310094736051,0.000440963136498,0.000644338259008,0.000536663108505,0.000532409816515,0.000471800740343,0.000686652201694,0.000823307142127,0.000858159095515,0.000830567791127,0.000925241562072,0.000770988292061,0.000607049732935,0.000539722910617,0.000523922557477,0.000685390783474,0.00044804404024,0.000254219048657,0.000166994112078,0.0000695715352776,0.000019111959773,0.00000624322319709],"median":[0.00113897805568,0.00147205637768,0.000111956469482,0.000122473982628,0.000204614610993,0.0000910613744054,0.0000672799360473,0.00006899091386,0.0000813458027551,0.0000751704574213,0.0000678396390867,0.0000956389631028,0.000136815491715,0.00014833152818,0.00022942974465,0.000343783060089,0.000320893042954,0.000277145998552,0.000236448438955,0.000179548020242,0.000179489186849,0.000112199290015,0.0000564268520975,0.0000286808790406,0.00000934218587645,0.00000261810396296,4.01448403409e-7],"min":[3.57153524732e-23,2.46023991109e-23,3.98684069498e-24,1.02140021846e-23,2.52507654666e-23,9.38610749512e-23,1.30295726575e-22,9.28029158656e-23,1.32703052379e-22,1.73355276257e-22,6.40534923309e-23,1.13399108535e-22,9.95242316592e-23,5.40138741603e-23,8.23360316961e-23,1.26008109783e-22,2.80645509051e-22,2.27735661505e-22,2.29828200253e-22,2.09067943448e-22,5.83678108042e-22,4.64059885188e-22,5.98048351702e-22,8.52362971157e-22,1.43683766463e-21,1.65165521763e-21,2.37145350892e-21],"var":[0.0000528034142917,0.000455154076917,0.0000374225746782,0.00000333806610797,0.00000570156726099,8.83525785866e-7,0.00000194750941773,0.00000427613940701,0.00000233484593082,0.00000295957374874,0.00000305413664137,0.00000543284932064,0.00000610065308138,0.00000565499522054,0.00000407952575188,0.00000334051651407,0.00000174170122591,9.06845684767e-7,6.86517523718e-7,6.59607565012e-7,0.0000016338997284,7.83901839441e-7,2.40651530703e-7,1.20756567412e-7,2.33493988588e-8,1.98340988078e-9,2.70893557586e-10]},"barkbands_crest":{"dmean":3.90086388588,"dmean2":6.42579126358,"dvar":12.1541786194,"dvar2":29.5205001831,"max":26.3419876099,"mean":12.3705568314,"median":11.0866260529,"min":2.28003501892,"var":37.5656700134},"barkbands_flatness_db":{"dmean":0.0351973585784,"dmean2":0.054329700768,"dvar":0.00119757128414,"dvar2":0.00263558421284,"max":0.43591979146,"mean":0.148125469685,"median":0.137713968754,"min":0.0216767713428,"var":0.00464549427852},"barkbands_kurtosis":{"dmean":9.16312885284,"dmean2":15.0632896423,"dvar":866.360534668,"dvar2":2145.14599609,"max":707.111816406,"mean":8.33161067963,"median":0.351447820663,"min":-1.95191347599,"var":1046.21728516},"barkbands_skewness":{"dmean":1.204413414,"dmean2":1.82270121574,"dvar":2.20308613777,"dvar2":4.82088184357,"max":24.2488269806,"mean":1.36818659306,"median":0.790491342545,"min":-5.49272203445,"var":6.27719545364},"barkbands_spread":{"dmean":11.9346170425,"dmean2":19.1805362701,"dvar":140.425064087,"dvar2":334.391693115,"max":119.90184021,"mean":31.0182762146,"median":29.0101013184,"min":0.263086736202,"var":352.131317139},"dissonance":{"dmean":0.0152042489499,"dmean2":0.0252792481333,"dvar":0.000398713891627,"dvar2":0.00101166858803,"max":0.5,"mean":0.479150533676,"median":0.48875272274,"min":0.303740471601,"var":0.000625441782176},"dynamic_complexity":2.92491793633,"erbbands":{"dmean":[0.336793661118,1.42145586014,1.90821325779,1.92828547955,2.90824007988,3.27005791664,1.92994856834,2.45243597031,4.87734794617,10.6729927063,12.9716854095,9.5230474472,12.3358821869,18.4786949158,20.8285427094,31.7217674255,36.3012428284,40.3367919922,39.2428016663,31.4130077362,37.1918296814,30.2341804504,22.760515213,21.2985229492,16.8509044647,17.0898113251,22.2809562683,13.3087272644,11.8459634781,8.54418087006,4.87144374847,3.31132268906,1.37386798859,0.764875650406,0.161549091339,0.0842885524035,0.018134990707,0.0083185704425,0.000789021723904,0.0000344775944541],"dmean2":[0.547675192356,2.43013310432,3.23290348053,3.34372019768,4.92865085602,5.68743085861,3.20561718941,4.04447937012,8.15599632263,17.369386673,20.5924510956,14.3577823639,19.455160141,30.3416442871,34.1798477173,53.030090332,59.2380218506,64.1228713989,61.6294593811,49.816444397,59.1131973267,47.8575401306,35.8110466003,34.0913925171,26.5774173737,27.3053016663,35.6926345825,20.6500892639,18.4504394531,13.4804410934,7.67586088181,5.22282075882,2.1201004982,1.19456195831,0.25013974309,0.134198322892,0.0297392960638,0.0145378410816,0.00140753586311,0.0000587162103329],"dvar":[0.358357816935,8.77697181702,27.5676574707,26.6018714905,46.9863395691,121.296180725,39.0273628235,85.225227356,339.894073486,897.73614502,1639.5324707,697.376220703,1486.03308105,4147.32861328,5017.44384766,10870.7128906,11604.4921875,14134.7910156,11418.3388672,5256.62011719,5980.30712891,3872.09130859,1823.67895508,1450.60253906,951.611022949,1009.07025146,2835.13891602,726.955810547,785.293945312,395.614044189,128.674575806,59.6142959595,9.25539875031,3.5740146637,0.146388366818,0.0456641577184,0.00278862915002,0.00082155817654,0.0000095077775768,8.60651727663e-9],"dvar2":[0.847994565964,22.6278133392,64.1569824219,70.6362991333,116.17023468,322.504852295,104.66204834,212.65045166,882.678894043,2213.92895508,4041.29443359,1469.14355469,3532.078125,10283.4726562,12946.7441406,28275.421875,29469.9980469,34203.6992188,27290.9648438,12995.5224609,14514.3398438,9460.453125,4354.88476562,3395.46289062,2285.61572266,2471.55419922,7111.91503906,1724.52001953,1931.16296387,995.5234375,321.173919678,137.729644775,21.5334663391,8.50844955444,0.313770890236,0.105322182178,0.0070639019832,0.00231282622553,0.0000274236699624,2.47086564542e-8],"max":[4.5842089653,25.4838523865,62.5186004639,103.965484619,96.905708313,155.303024292,163.502578735,419.642547607,537.296447754,509.52243042,989.891296387,541.208679199,799.999328613,1386.49597168,1441.80578613,2194.62451172,2261.41870117,3031.64916992,2543.80566406,1506.68664551,2172.25585938,1549.74682617,789.741638184,853.939453125,802.034118652,574.737792969,664.828857422,449.2684021,691.635498047,243.493057251,240.574142456,234.995559692,47.5338096619,41.2974510193,10.1675109863,5.60927724838,1.63585329056,0.590481877327,0.0450682640076,0.00140959466808],"mean":[0.551811933517,2.20380806923,2.43716216087,2.15744233131,2.85270023346,2.77178025246,2.0607509613,2.66920852661,4.67913389206,10.6239070892,13.9280042648,12.4024744034,14.1797637939,19.4652442932,20.851234436,29.1953315735,36.9639511108,43.2758293152,47.6196136475,42.4041900635,51.5730171204,43.3446578979,33.9117279053,30.3267822266,25.2245845795,25.5331993103,31.2321338654,21.3848266602,16.0262756348,11.3935194016,7.11301660538,4.85118961334,2.1461315155,1.15238010883,0.25014436245,0.116027839482,0.0221867635846,0.0102103063837,0.000813510036096,0.000059357527789],"median":[0.0788080841303,0.229175716639,0.355595171452,0.361588150263,0.721926212311,0.528621971607,0.6565528512,0.758193969727,0.922865986824,1.38611018658,2.15577602386,2.17042589188,2.49552106857,3.28657722473,3.50182628632,4.82171201706,6.80193138123,7.75153064728,11.717215538,14.71571064,21.3606586456,19.544216156,16.4460544586,13.9389400482,10.7267684937,8.72176742554,7.27721643448,6.21435117722,4.17920207977,2.6497657299,1.47760999203,0.922750890255,0.307470887899,0.152348592877,0.0354373157024,0.0162094887346,0.00339002232067,0.000958117132541,0.0000733157503419,0.0000394194721594],"min":[1.81961619991e-21,1.70815684354e-21,4.40919416675e-21,1.73547872419e-20,3.59450882821e-20,8.1494098905e-20,5.27634421112e-19,7.21510357251e-19,1.88220026662e-18,1.1678649774e-18,3.43475044757e-18,2.28090338982e-18,3.75770946926e-18,5.36949901696e-18,4.0088898933e-18,3.57826711103e-18,4.55384020316e-18,2.89472434389e-18,4.41720733676e-18,5.3004170281e-18,9.05316754959e-18,1.29356299173e-17,1.46844841197e-17,8.771026996e-18,1.15286974386e-17,1.00320638398e-17,2.10796920593e-17,2.21456648254e-17,1.82143930113e-17,1.28883515822e-17,1.7711275293e-17,1.28504079803e-17,1.87179127394e-17,1.46368219728e-17,1.13160168954e-17,6.65958065365e-18,3.12446424645e-18,1.47033432173e-18,2.94229100313e-19,3.07025565002e-20],"var":[0.858324289322,14.1779527664,43.5988960266,34.5186080933,44.9922599792,89.3331375122,33.9325065613,82.7290496826,280.083465576,905.338378906,1808.44848633,1294.02331543,1859.56262207,4522.77441406,4515.53808594,8875.59667969,10854.5556641,14780.2109375,14328.2617188,7050.77587891,8543.61328125,5143.49023438,2751.10058594,2198.76196289,1386.81140137,1560.44824219,3597.16723633,1402.21166992,1005.16046143,492.963745117,203.318771362,100.311599731,20.3897418976,6.5253944397,0.289576470852,0.0706671997905,0.00289930892177,0.000635246513411,0.00000625254415354,6.82738621194e-9]},"erbbands_crest":{"dmean":3.43824076653,"dmean2":5.61682033539,"dvar":10.8946828842,"dvar2":27.0396957397,"max":31.5602264404,"mean":9.52835273743,"median":8.40630149841,"min":2.41068816185,"var":21.2831382751},"erbbands_flatness_db":{"dmean":0.0275822207332,"dmean2":0.0408681593835,"dvar":0.000713830755558,"dvar2":0.0014416037593,"max":0.402229100466,"mean":0.178787723184,"median":0.170957788825,"min":0.0521124601364,"var":0.00266765104607},"erbbands_kurtosis":{"dmean":2.25557351112,"dmean2":3.60905313492,"dvar":12.9224052429,"dvar2":32.313621521,"max":79.047164917,"mean":2.17667770386,"median":1.02205944061,"min":-1.76940798759,"var":18.4866027832},"erbbands_skewness":{"dmean":0.606540799141,"dmean2":0.92742729187,"dvar":0.337660014629,"dvar2":0.776862800121,"max":3.74491357803,"mean":-0.569980561733,"median":-0.584362924099,"min":-5.38597488403,"var":0.991384088993},"erbbands_spread":{"dmean":11.8687429428,"dmean2":17.9666233063,"dvar":165.678192139,"dvar2":360.435211182,"max":144.100372314,"mean":32.2053833008,"median":26.9462203979,"min":1.63197112083,"var":434.944396973},"gfcc":{"cov":[[5402.79980469,-749.612121582,201.997467041,346.167938232,-94.0970535278,185.988845825,86.4198989868,-4.84575414658,-100.67111969,111.953117371,-48.3824806213,-39.8620491028,-110.019256592],[-749.612121582,1751.33190918,127.436035156,50.2437934875,555.979064941,63.4283103943,361.765533447,6.5549454689,119.721672058,-64.9110488892,151.758728027,-26.4631404877,51.5601730347],[201.997467041,127.436035156,1211.92578125,621.486816406,226.028015137,184.615707397,138.817901611,46.2891159058,45.369304657,59.5917053223,36.8720245361,40.37682724,-21.4364109039],[346.167938232,50.2437934875,621.486816406,950.136291504,342.544647217,204.752075195,150.319946289,-9.51541137695,118.951698303,79.5531387329,86.9419250488,-25.7233715057,15.2979917526],[-94.0970535278,555.979064941,226.028015137,342.544647217,735.401428223,211.409332275,184.989730835,15.3491630554,145.066131592,68.1173095703,111.033088684,-6.95900917053,9.32104206085],[185.988845825,63.4283103943,184.615707397,204.752075195,211.409332275,349.438110352,190.678436279,59.1347198486,71.1169509888,41.4284477234,68.7050552368,-0.0947501510382,8.00789451599],[86.4198989868,361.765533447,138.817901611,150.319946289,184.989730835,190.678436279,421.348480225,124.86075592,69.6414031982,6.23042297363,87.5762710571,31.6699028015,43.8727378845],[-4.84575414658,6.5549454689,46.2891159058,-9.51541137695,15.3491630554,59.1347198486,124.86075592,202.22052002,66.639175415,0.871528148651,8.72422122955,11.2515659332,22.7345752716],[-100.67111969,119.721672058,45.369304657,118.951698303,145.066131592,71.1169509888,69.6414031982,66.639175415,229.272186279,90.1872634888,63.7552452087,-13.3022575378,23.8666248322],[111.953117371,-64.9110488892,59.5917053223,79.5531387329,68.1173095703,41.4284477234,6.23042297363,0.871528148651,90.1872634888,153.892700195,72.8957901001,7.00388669968,2.33905243874],[-48.3824806213,151.758728027,36.8720245361,86.9419250488,111.033088684,68.7050552368,87.5762710571,8.72422122955,63.7552452087,72.8957901001,157.038406372,43.89503479,23.6756706238],[-39.8620491028,-26.4631404877,40.37682724,-25.7233715057,-6.95900917053,-0.0947501510382,31.6699028015,11.2515659332,-13.3022575378,7.00388669968,43.89503479,129.013076782,45.023349762],[-110.019256592,51.5601730347,-21.4364109039,15.2979917526,9.32104206085,8.00789451599,43.8727378845,22.7345752716,23.8666248322,2.33905243874,23.6756706238,45.023349762,107.486732483]],"icov":[[0.000220384346903,0.0000842475128593,0.0000272384349955,-0.0000878847422427,0.0000178801947186,-0.0000632962764939,-0.000156550129759,0.0000174219148903,0.00018519628793,-0.00025237450609,0.000138630130095,0.0000150806945385,0.000194001928321],[0.0000842475128593,0.00139594264328,-0.000391703651985,0.000631861854345,-0.00098355312366,0.000863042194396,-0.00120759475976,0.000875647005159,-0.000564882182516,0.00154099077918,-0.00139137392398,0.00125154620036,-0.000548618729226],[0.0000272384349955,-0.000391703651985,0.0015410121996,-0.00117118225899,0.000259446387645,-0.00047700831783,0.000254744256381,-0.000675402930938,0.000506420794409,-0.000915304641239,0.00104915502016,-0.00138047710061,0.000996331451461],[-0.0000878847422427,0.000631861854345,-0.00117118225899,0.00241284165531,-0.000861107371747,0.000150711726747,-0.000655386596918,0.00114172860049,-0.000823876704089,0.000903834414203,-0.00122718210332,0.00164503289852,-0.00113605242223],[0.0000178801947186,-0.00098355312366,0.000259446387645,-0.000861107371747,0.0027733547613,-0.00126354361419,0.000414494978031,-0.0000729125167709,-0.000434870104073,-0.000922874256503,0.000456171081169,-0.000794716179371,0.000713322369847],[-0.0000632962764939,0.000863042194396,-0.00047700831783,0.000150711726747,-0.00126354361419,0.00510467262939,-0.00214732997119,0.000157171249157,-0.000407830812037,0.000655191426631,-0.00144156313036,0.0012522659963,-0.000153578774189],[-0.000156550129759,-0.00120759475976,0.000254744256381,-0.000655386596918,0.000414494978031,-0.00214732997119,0.00539577705786,-0.00284019857645,0.000577866099775,0.0000747674785089,-0.000672654889058,-0.00113064039033,-0.0004226884339],[0.0000174219148903,0.000875647005159,-0.000675402930938,0.00114172860049,-0.0000729125167709,0.000157171249157,-0.00284019857645,0.00786363519728,-0.00295535637997,0.00170721346512,0.000222473041504,0.000446692691185,-0.00082579429727],[0.00018519628793,-0.000564882182516,0.000506420794409,-0.000823876704089,-0.000434870104073,-0.000407830812037,0.000577866099775,-0.00295535637997,0.00817811489105,-0.00464499136433,-0.0000713813715265,0.00120268820319,-0.00106676027644],[-0.00025237450609,0.00154099077918,-0.000915304641239,0.000903834414203,-0.000922874256503,0.000655191426631,0.0000747674785089,0.00170721346512,-0.00464499136433,0.0130145372823,-0.00616014003754,0.00145995186176,-0.000175584253157],[0.000138630130095,-0.00139137392398,0.00104915502016,-0.00122718210332,0.000456171081169,-0.00144156313036,-0.000672654889058,0.000222473041504,-0.0000713813715265,-0.00616014003754,0.0130286002532,-0.00506240036339,0.000889208982699],[0.0000150806945385,0.00125154620036,-0.00138047710061,0.00164503289852,-0.000794716179371,0.0012522659963,-0.00113064039033,0.000446692691185,0.00120268820319,0.00145995186176,-0.00506240036339,0.0125481393188,-0.00519155245274],[0.000194001928321,-0.000548618729226,0.000996331451461,-0.00113605242223,0.000713322369847,-0.000153578774189,-0.0004226884339,-0.00082579429727,-0.00106676027644,-0.000175584253157,0.000889208982699,-0.00519155245274,0.0126418070868]],"mean":[-19.1995811462,56.9660720825,-139.429229736,53.2474517822,-42.8812408447,19.3235416412,-26.4196891785,9.99194526672,-10.4552288055,4.16167116165,-12.2130966187,1.39516961575,-7.77067327499]},"hfc":{"dmean":12.6996412277,"dmean2":19.2996120453,"dvar":285.087585449,"dvar2":668.366821289,"max":173.889465332,"mean":27.7995510101,"median":19.3796844482,"min":1.14363926849e-16,"var":667.103027344},"melbands":{"dmean":[0.00259299925528,0.00123231252655,0.000359287223546,0.000241567089688,0.0000754728680477,0.0000557993698749,0.0000803418733994,0.000125867314637,0.000100987272162,0.0000596958161623,0.0000637111443211,0.0000774234285927,0.000066688779043,0.0000846067705425,0.0000859056381159,0.0000840804641484,0.0000780438567745,0.0000684604601702,0.000048019199312,0.0000494769192301,0.000044859782065,0.0000357361532224,0.0000232807742577,0.0000212994455069,0.0000181735595106,0.0000142841618072,0.0000119057067423,0.0000115672510219,0.0000136998205562,0.0000126961094793,0.00000694938353263,0.00000634596290183,0.00000740580799174,0.00000380829351343,0.00000302225839732,0.00000247008870247,0.00000193934238268,0.00000103090167158,8.45675572236e-7,5.8053160501e-7],"dmean2":[0.00425329990685,0.0020883907564,0.000621130049694,0.000414935406297,0.000125106234918,0.0000923588740989,0.000133772933623,0.000204833850148,0.000159068731591,0.0000900139566511,0.000101106037619,0.000127292776597,0.000108877546154,0.000143536322867,0.000142917080666,0.00013942271471,0.000125981561723,0.000108899308543,0.0000763922871556,0.0000798824839876,0.0000721194155631,0.000057378452766,0.0000371696842194,0.0000338199424732,0.0000295912504953,0.0000231894173339,0.0000189836864593,0.0000187568821275,0.0000220679103222,0.0000206465447263,0.0000107450332507,0.0000098535529105,0.0000119692613225,0.00000605693776379,0.00000485446889797,0.00000398132851842,0.0000030849776067,0.00000160243428127,0.00000135769494136,9.0708448397e-7],"dvar":[0.0000208062756428,0.00000772733346821,7.49426249058e-7,4.96448876675e-7,4.78585420183e-8,4.06779783191e-8,7.5532582855e-8,1.25338900148e-7,9.18631641866e-8,2.80529057761e-8,4.00128641331e-8,7.24640045746e-8,5.41678311095e-8,8.75269350331e-8,7.99925530259e-8,6.87995438398e-8,5.63872397663e-8,3.9116972772e-8,1.65697837673e-8,1.62379585333e-8,8.61220073034e-9,5.90472737372e-9,2.08317096906e-9,1.74914271955e-9,1.19581844427e-9,6.88376522451e-10,5.30268662313e-10,4.87140772165e-10,8.5891915802e-10,1.12987164069e-9,2.02874661515e-10,2.23703361391e-10,3.72704395124e-10,7.11166403544e-11,5.48530318389e-11,3.02333609536e-11,2.28794743568e-11,5.40073584812e-12,4.11367554604e-12,2.19562627628e-12],"dvar2":[0.0000487623583467,0.0000193604264496,0.00000198172278942,0.00000129160218876,1.25663575545e-7,1.01391819385e-7,1.90338383277e-7,3.09429765366e-7,2.25376439289e-7,5.94248987795e-8,9.48095149056e-8,1.80152824214e-7,1.3464540416e-7,2.31150465879e-7,2.06778608458e-7,1.69583856291e-7,1.39047514836e-7,9.4330680156e-8,4.08616109837e-8,4.30661515338e-8,2.07309955869e-8,1.46295286996e-8,5.15395992551e-9,4.22250634458e-9,2.81636647337e-9,1.72189951186e-9,1.27730304111e-9,1.21498222594e-9,2.16020756838e-9,2.8947277908e-9,4.70808836361e-10,5.41406086629e-10,9.69298197262e-10,1.76100301008e-10,1.42256970093e-10,7.06521993687e-11,5.3829878055e-11,1.27532264263e-11,9.96401398889e-12,5.23939442179e-12],"max":[0.0351818799973,0.0270000528544,0.0151028241962,0.0100622065365,0.00468673929572,0.00824350584298,0.0071641812101,0.00507075758651,0.00703524751589,0.00355561962351,0.00405471492559,0.00571401324123,0.00549179874361,0.00592124834657,0.00470430869609,0.00458580348641,0.00614345725626,0.00452991435304,0.00306337978691,0.00335387117229,0.00192968873307,0.00178420869634,0.000981339369901,0.000700981123373,0.000873162527569,0.000531336176209,0.000536429637577,0.000389421009459,0.000351265422069,0.000482954754261,0.000239178480115,0.000469728431199,0.000245712057222,0.000106231396785,0.000140948293847,0.000137137656566,0.000148196573718,0.0000313445307256,0.0000505816315126,0.0000327766429109],"mean":[0.00435341894627,0.00179243355524,0.000403435755288,0.000216237312998,0.0000780411137384,0.0000605015484325,0.0000770427723182,0.000125925696921,0.000110173539724,0.000075617354014,0.0000705857455614,0.0000784673320595,0.0000664026665618,0.0000742500487831,0.0000801697315183,0.0000828420452308,0.0000787448443589,0.0000776556262281,0.0000587015929341,0.0000608885384281,0.0000594813100179,0.0000469505466754,0.000033369204175,0.0000283684239548,0.0000242460628215,0.0000198663019546,0.0000167299876921,0.0000165318469953,0.0000194510157598,0.0000163975601026,0.0000112963998617,0.00000863623972691,0.00000890913088369,0.00000521202309756,0.0000042152360038,0.00000350779032487,0.00000273296654996,0.00000153471034992,0.00000124246344058,8.56401015881e-7],"median":[0.00081669393694,0.000286382884951,0.0000849063653732,0.0000452171152574,0.0000240416557062,0.0000169843060576,0.000013517390471,0.0000144277446452,0.0000163052845892,0.0000114925678645,0.0000105858471215,0.0000115539733088,0.0000100949973785,0.0000106466541183,0.0000121122811834,0.0000138920049721,0.0000127133735077,0.0000163645472639,0.0000172656145878,0.0000206975219044,0.0000231423891819,0.0000187274217751,0.0000154891913553,0.0000120789281937,0.000010361589375,0.00000806512161944,0.00000625505163043,0.00000524331153429,0.00000416171360484,0.00000429870033258,0.00000305040930471,0.00000225881149163,0.00000188843625892,0.00000119599224035,8.02778345133e-7,7.36249376132e-7,4.58974938056e-7,2.03068552196e-7,1.55003078817e-7,1.11536905933e-7],"min":[1.44755029475e-23,2.25393002574e-24,4.11578553196e-24,2.86174478941e-24,1.54337401777e-23,1.97470438585e-23,2.67444041709e-23,1.04736880948e-23,3.21330372838e-23,1.39071728415e-23,1.94387901489e-23,2.29549688177e-23,1.12872924112e-23,1.0560674998e-23,1.24435984152e-23,7.97892494839e-24,5.10204941238e-24,6.78344726729e-24,6.03623111812e-24,9.7630033053e-24,1.19187337562e-23,1.40589102366e-23,1.42460406651e-23,1.11195805827e-23,6.11949420337e-24,1.03347760003e-23,5.86957360227e-24,6.64487990499e-24,1.04822922007e-23,1.6516792558e-23,1.13717880916e-23,1.06762841414e-23,8.59431455169e-24,7.07613517351e-24,1.02857703831e-23,1.05297382399e-23,6.46417159312e-24,1.2320127484e-23,1.32216716475e-23,1.22381317038e-23],"var":[0.00004929120405,0.0000108553376776,9.19034050639e-7,3.94331635789e-7,4.23003569949e-8,3.91970793601e-8,6.70530155844e-8,1.30612491489e-7,1.0514980886e-7,5.15107636545e-8,4.9779536937e-8,7.67207382069e-8,5.36127622297e-8,6.76464608773e-8,6.8539776521e-8,6.60128804952e-8,5.55212409381e-8,4.62490703512e-8,1.92234885787e-8,1.82132264825e-8,1.1792104182e-8,7.27734228434e-9,2.92401991508e-9,2.33843588937e-9,1.70962066726e-9,9.35960753345e-10,7.24444559896e-10,7.17546966289e-10,1.27907640035e-9,1.17044463011e-9,4.41215564084e-10,3.09455794323e-10,3.72969127804e-10,9.915351179e-11,7.89093373976e-11,5.04035563287e-11,3.56900273224e-11,1.13824505377e-11,7.55078118087e-12,3.82575698551e-12]},"melbands_crest":{"dmean":4.99125957489,"dmean2":8.03018760681,"dvar":20.8868141174,"dvar2":45.7791099548,"max":39.2631187439,"mean":18.5739173889,"median":17.3231830597,"min":1.75189769268,"var":77.9325180054},"melbands_flatness_db":{"dmean":0.0426843799651,"dmean2":0.0636182576418,"dvar":0.00176164123695,"dvar2":0.00348079879768,"max":0.548158228397,"mean":0.191146984696,"median":0.175022125244,"min":0.00972631759942,"var":0.00876714382321},"melbands_kurtosis":{"dmean":22.1438922882,"dmean2":35.2285423279,"dvar":2644.82788086,"dvar2":6082.49902344,"max":914.470703125,"mean":26.5211791992,"median":3.31345796585,"min":-1.8930606842,"var":4304.30224609},"melbands_skewness":{"dmean":1.6052287817,"dmean2":2.39570593834,"dvar":3.79113817215,"dvar2":7.89536380768,"max":22.7624511719,"mean":3.00807833672,"median":1.78102743626,"min":-4.47840118408,"var":12.5895624161},"melbands_spread":{"dmean":18.2696704865,"dmean2":28.6343231201,"dvar":492.840606689,"dvar2":1059.28869629,"max":234.60269165,"mean":42.0040512085,"median":33.1556053162,"min":0.205802351236,"var":1277.53210449},"mfcc":{"cov":[[5294.15820312,-920.659240723,90.7645187378,69.4055175781,-128.582595825,134.180847168,138.204086304,-63.1886482239,38.5341377258,-6.19863510132,20.8169670105,113.054229736,16.2586936951],[-920.659240723,1695.33166504,-259.988464355,38.2043380737,125.144416809,88.5577850342,203.572692871,152.57824707,59.3043174744,3.14046144485,44.2635498047,48.9517478943,45.1400184631],[90.7645187378,-259.988464355,1017.21911621,380.565246582,91.7062454224,150.842346191,94.7967224121,69.813117981,42.015247345,26.0429725647,16.5733890533,25.2138748169,61.7058677673],[69.4055175781,38.2043380737,380.565246582,682.52935791,282.508300781,247.151565552,135.443618774,62.1332092285,75.3068313599,48.9559440613,66.3792114258,69.146484375,60.3233070374],[-128.582595825,125.144416809,91.7062454224,282.508300781,498.729827881,242.077438354,58.4244041443,20.534734726,43.8286819458,86.7106628418,91.5505065918,54.0665206909,12.9597425461],[134.180847168,88.5577850342,150.842346191,247.151565552,242.077438354,402.451690674,178.246459961,75.3240585327,59.0493965149,58.9907989502,102.726196289,97.1207733154,49.8716926575],[138.204086304,203.572692871,94.7967224121,135.443618774,58.4244041443,178.246459961,324.323791504,158.256591797,75.6205291748,21.9995212555,45.8290710449,80.9017486572,49.1034088135],[-63.1886482239,152.57824707,69.813117981,62.1332092285,20.534734726,75.3240585327,158.256591797,236.909500122,107.574325562,17.0084915161,32.0180015564,43.4671897888,33.76953125],[38.5341377258,59.3043174744,42.015247345,75.3068313599,43.8286819458,59.0493965149,75.6205291748,107.574325562,178.576141357,75.6043167114,36.2760124207,40.6283607483,18.9455623627],[-6.19863510132,3.14046144485,26.0429725647,48.9559440613,86.7106628418,58.9907989502,21.9995212555,17.0084915161,75.6043167114,151.507751465,79.6035232544,40.9765968323,11.153213501],[20.8169670105,44.2635498047,16.5733890533,66.3792114258,91.5505065918,102.726196289,45.8290710449,32.0180015564,36.2760124207,79.6035232544,160.805953979,86.9418945312,16.2576179504],[113.054229736,48.9517478943,25.2138748169,69.146484375,54.0665206909,97.1207733154,80.9017486572,43.4671897888,40.6283607483,40.9765968323,86.9418945312,151.840209961,58.2637290955],[16.2586936951,45.1400184631,61.7058677673,60.3233070374,12.9597425461,49.8716926575,49.1034088135,33.76953125,18.9455623627,11.153213501,16.2576179504,58.2637290955,114.152160645]],"icov":[[0.000229114797548,0.000142258024425,0.0000362248138117,-0.0000202498431463,0.0000886780908331,-0.0000741516414564,-0.000200748239877,0.000187504236237,-0.000131252876599,0.0000872607852216,0.0000230366968026,-0.000164721510373,0.0000494963969686],[0.000142258024425,0.000808588403743,0.000283040222712,-0.0000350441478076,-0.000183125550393,0.0000935011848924,-0.000539256609045,-0.000153671484441,-0.0000723303819541,0.00022058133618,-0.000131601802423,0.0000671958041494,-0.00024222349748],[0.0000362248138117,0.000283040222712,0.00140091439243,-0.000780878646765,0.000214052110096,-0.00019070203416,-0.0000922727849684,-0.00036683504004,0.000208951794775,-0.000209871504921,0.000135616428452,0.000296293728752,-0.000439198716776],[-0.0000202498431463,-0.0000350441478076,-0.000780878646765,0.00266737467609,-0.00111637392547,-0.000446370569989,-0.000396078830818,0.000451372819953,-0.000779298308771,0.000586746085901,-0.000152852677274,0.0000532008380105,-0.000545483373571],[0.0000886780908331,-0.000183125550393,0.000214052110096,-0.00111637392547,0.00367705896497,-0.00183446018491,0.000754073553253,-0.0000228660792345,0.000376841169782,-0.00132304627914,-0.000167198726558,0.0000267359355348,0.000677300849929],[-0.0000741516414564,0.0000935011848924,-0.00019070203416,-0.000446370569989,-0.00183446018491,0.00535254739225,-0.0021765511483,0.000408293592045,-0.000140750402352,0.000450327381259,-0.00153744989075,-0.000451038125902,-0.000573627941776],[-0.000200748239877,-0.000539256609045,-0.0000922727849684,-0.000396078830818,0.000754073553253,-0.0021765511483,0.00654510175809,-0.00340463290922,0.000520044413861,-0.000393499212805,0.00101839273702,-0.00154504564125,0.000153777116793],[0.000187504236237,-0.000153671484441,-0.00036683504004,0.000451372819953,-0.0000228660792345,0.000408293592045,-0.00340463290922,0.00871189590544,-0.00478273117915,0.00235875789076,-0.00150475872215,0.000665965431836,-0.000856942380778],[-0.000131252876599,-0.0000723303819541,0.000208951794775,-0.000779298308771,0.000376841169782,-0.000140750402352,0.000520044413861,-0.00478273117915,0.0107259647921,-0.00558721087873,0.00198032520711,-0.00127115426585,0.000688540283591],[0.0000872607852216,0.00022058133618,-0.000209871504921,0.000586746085901,-0.00132304627914,0.000450327381259,-0.000393499212805,0.00235875789076,-0.00558721087873,0.0122636705637,-0.00543778436258,0.000981442281045,-0.000868733040988],[0.0000230366968026,-0.000131601802423,0.000135616428452,-0.000152852677274,-0.000167198726558,-0.00153744989075,0.00101839273702,-0.00150475872215,0.00198032520711,-0.00543778436258,0.0127927940339,-0.00628230674192,0.00234116800129],[-0.000164721510373,0.0000671958041494,0.000296293728752,0.0000532008380105,0.0000267359355348,-0.000451038125902,-0.00154504564125,0.000665965431836,-0.00127115426585,0.000981442281045,-0.00628230674192,0.0132183115929,-0.00526664080098],[0.0000494963969686,-0.00024222349748,-0.000439198716776,-0.000545483373571,0.000677300849929,-0.000573627941776,0.000153777116793,-0.000856942380778,0.000688540283591,-0.000868733040988,0.00234116800129,-0.00526664080098,0.0120610082522]],"mean":[-651.814208984,79.2560882568,-22.9980106354,34.947681427,10.0610733032,17.1535835266,0.812929451466,10.6263542175,6.62680864334,7.91927623749,3.15281319618,5.94784069061,1.41628861427]},"pitch_salience":{"dmean":0.11004498601,"dmean2":0.176803976297,"dvar":0.0103714149445,"dvar2":0.0243317615241,"max":0.995058119297,"mean":0.482914060354,"median":0.511339128017,"min":0.0269884653389,"var":0.0346204861999},"silence_rate_20dB":{"dmean":0,"dmean2":0,"dvar":0,"dvar2":0,"max":1,"mean":1,"median":1,"min":1,"var":0},"silence_rate_30dB":{"dmean":0.00434572668746,"dmean2":0.00869250297546,"dvar":0.00432697869837,"dvar2":0.0127221960574,"max":1,"mean":0.997706711292,"median":1,"min":0,"var":0.00228814478032},"silence_rate_60dB":{"dmean":0.0359729602933,"dmean2":0.0719546079636,"dvar":0.0346802212298,"dvar2":0.0761973932385,"max":1,"mean":0.0750754401088,"median":0,"min":0,"var":0.0694415196776},"spectral_centroid":{"dmean":441.068145752,"dmean2":659.788696289,"dvar":223767.109375,"dvar2":447185.1875,"max":10847.9921875,"mean":2299.0546875,"median":2263.31860352,"min":255.441818237,"var":699968.375},"spectral_complexity":{"dmean":6.48382425308,"dmean2":9.29590702057,"dvar":45.192199707,"dvar2":82.9397583008,"max":62,"mean":20.2557640076,"median":18,"min":0,"var":186.337692261},"spectral_contrast_coeffs":{"dmean":[0.058408845216,0.059168189764,0.0507402047515,0.0418418608606,0.029532155022,0.0290407370776],"dmean2":[0.0948550328612,0.0937384665012,0.0792971998453,0.0649991333485,0.0461334586143,0.0422462597489],"dvar":[0.00247356924228,0.00263446080498,0.00218505738303,0.00140772981104,0.000710666819941,0.000793760817032],"dvar2":[0.00586402276531,0.00582147017121,0.00480100233108,0.00298322294839,0.00158332812134,0.00152815470938],"max":[-0.274854332209,-0.389170765877,-0.369210481644,-0.407259136438,-0.543775677681,-0.546810925007],"mean":[-0.690741240978,-0.757866501808,-0.779017746449,-0.774102151394,-0.782953858376,-0.722675144672],"median":[-0.703393340111,-0.77846801281,-0.804218053818,-0.789930701256,-0.790300607681,-0.72396504879],"min":[-0.963644742966,-0.987044394016,-0.992538809776,-0.997350633144,-0.958132147789,-0.960329353809],"var":[0.00836663413793,0.00826908648014,0.00833870749921,0.00470189191401,0.00220564124174,0.0024883938022]},"spectral_contrast_valleys":{"dmean":[0.495076268911,0.507448256016,0.490431457758,0.441071599722,0.391288906336,0.450203925371],"dmean2":[0.787320077419,0.815099298954,0.746443510056,0.654796481133,0.535099446774,0.601713120937],"dvar":[0.246450588107,0.253065645695,0.244287893176,0.222201183438,0.199627354741,0.25117212534],"dvar2":[0.470902144909,0.522365093231,0.478035390377,0.405321061611,0.320943921804,0.45472407341],"max":[-4.99722671509,-5.09506082535,-4.96018743515,-5.41593027115,-5.20580768585,-7.73444080353],"mean":[-7.88616752625,-7.54447793961,-7.80794620514,-7.49965333939,-7.12520837784,-10.0621147156],"median":[-7.65700340271,-7.52250099182,-7.75408411026,-7.3948802948,-7.04650592804,-10.0932636261],"min":[-27.4703960419,-27.2742729187,-27.3513031006,-27.3243713379,-27.2244949341,-27.2838859558],"var":[1.81997656822,0.749574780464,0.846457183361,0.769718289375,0.817112565041,1.16505897045]},"spectral_decrease":{"dmean":3.57357787806e-9,"dmean2":5.79063952344e-9,"dvar":2.15564194074e-17,"dvar2":5.21946235048e-17,"max":-1.02944831462e-28,"mean":-7.51827933243e-9,"median":-5.23872500935e-9,"min":-4.54042492493e-8,"var":4.83421489158e-17},"spectral_energy":{"dmean":0.0141346789896,"dmean2":0.0227908119559,"dvar":0.000314407778205,"dvar2":0.000757896981668,"max":0.173789530993,"mean":0.0308972522616,"median":0.0229723639786,"min":1.07616771227e-20,"var":0.000729440711439},"spectral_energyband_high":{"dmean":0.00114955496974,"dmean2":0.00175962992944,"dvar":0.00000441828569819,"dvar2":0.0000103216598291,"max":0.0240488965064,"mean":0.00193371076602,"median":0.000584706605878,"min":7.82632089806e-21,"var":0.0000088608412625},"spectral_energyband_low":{"dmean":0.00985961034894,"dmean2":0.0162199623883,"dvar":0.000279273750493,"dvar2":0.00065608555451,"max":0.132768198848,"mean":0.0170723814517,"median":0.00409588869661,"min":6.42778128179e-23,"var":0.000610076240264},"spectral_energyband_middle_high":{"dmean":0.00414194306359,"dmean2":0.0063020712696,"dvar":0.000034596232581,"dvar2":0.0000786675082054,"max":0.0658864155412,"mean":0.00723700411618,"median":0.00429957220331,"min":1.5085567077e-21,"var":0.0000652447197353},"spectral_energyband_middle_low":{"dmean":0.00270379800349,"dmean2":0.00436002993956,"dvar":0.0000212807481148,"dvar2":0.0000531323930772,"max":0.050623267889,"mean":0.00354482745752,"median":0.00155769463163,"min":5.27790657678e-22,"var":0.0000264712889475},"spectral_entropy":{"dmean":0.176698148251,"dmean2":0.262463271618,"dvar":0.0320503227413,"dvar2":0.0643252953887,"max":9.80597305298,"mean":7.79956531525,"median":7.8222155571,"min":6.28901100159,"var":0.11152562499},"spectral_flux":{"dmean":0.0358073674142,"dmean2":0.0555611364543,"dvar":0.00143191893585,"dvar2":0.00323408422992,"max":0.412021636963,"mean":0.108768686652,"median":0.102273568511,"min":1.03738503898e-10,"var":0.00317644304596},"spectral_kurtosis":{"dmean":1.69440972805,"dmean2":2.74156713486,"dvar":3.50286793709,"dvar2":8.82960987091,"max":33.4201545715,"mean":3.95256376266,"median":3.3099603653,"min":-1.21718990803,"var":7.60881090164},"spectral_rms":{"dmean":0.0012183181243,"dmean2":0.00189385714475,"dvar":0.00000155685813752,"dvar2":0.00000345289595316,"max":0.0130211664364,"mean":0.00493909278885,"median":0.00473413802683,"min":3.24024661269e-12,"var":0.00000574913474338},"spectral_rolloff":{"dmean":918.620544434,"dmean2":1521.29199219,"dvar":1483588,"dvar2":3092030,"max":18820.0195312,"mean":2213.5546875,"median":2110.25390625,"min":21.533203125,"var":3457648.75},"spectral_skewness":{"dmean":0.27088919282,"dmean2":0.418109923601,"dvar":0.0706209018826,"dvar2":0.15862737596,"max":3.77043652534,"mean":1.17699289322,"median":1.13331747055,"min":-0.223369196057,"var":0.207119479775},"spectral_spread":{"dmean":605135.125,"dmean2":887448,"dvar":568214487040,"dvar2":931520577536,"max":40645780,"mean":3873141,"median":3734504.75,"min":1383917.125,"var":1500841246720},"spectral_strongpeak":{"dmean":0.669878661633,"dmean2":1.14590740204,"dvar":1.42924809456,"dvar2":3.53480267525,"max":13.6992578506,"mean":0.806382238865,"median":0.351767390966,"min":0,"var":1.7125878334},"zerocrossingrate":{"dmean":0.0169826261699,"dmean2":0.0192545987666,"dvar":0.000352122500772,"dvar2":0.000392277521314,"max":0.49365234375,"mean":0.076997153461,"median":0.0712890625,"min":0.00244140625,"var":0.00229537696578}},"metadata":{"audio_properties":{"analysis_sample_rate":44100,"bit_rate":199027,"codec":"mp3","downmix":"mix","equal_loudness":0,"length":192.339584351,"lossless":false,"md5_encoded":"9a69b4874cf090852362b2c53c636612","replay_gain":-16.1808700562,"sample_rate":44100},"tags":{"album":["Beats and Places"],"albumartist":["Public Enemy"],"artist":["Public Enemy"],"date":["2006"],"encoding":["LAME"],"file_name":"241928.mp3","genre":["Hip-Hop"],"label":["SLAMjamz"],"language":["eng"],"musicbrainz_recordingid":["96538829-675a-43e8-9bd1-62d2eba9d18f"],"title":["Air Conditioning"],"tracknumber":["2"]},"version":{"essentia":"2.1-beta2","essentia_build_sha":"70f2e5ece6736b2c40cc944ad0e695b16b925413","essentia_git_sha":"v2.1_beta2","extractor":"music 1.0"}},"rhythm":{"beats_count":299,"beats_loudness":{"dmean":0.0286445356905,"dmean2":0.0519674681127,"dvar":0.000585242698435,"dvar2":0.00206830957904,"max":0.13369679451,"mean":0.0412716381252,"median":0.0315243080258,"min":0.0000318036254612,"var":0.000733740453143},"beats_loudness_band_ratio":{"dmean":[0.436674535275,0.117599219084,0.101118564606,0.132386952639,0.202705532312,0.190308317542],"dmean2":[0.834142208099,0.231596201658,0.18695306778,0.238975092769,0.36922198534,0.364303320646],"dvar":[0.097045250237,0.0111861601472,0.0120851481333,0.0221551544964,0.0194867029786,0.0246156658977],"dvar2":[0.318990707397,0.0350065566599,0.0304779130965,0.0574831925333,0.052840385586,0.0767403841019],"max":[0.987136185169,0.505612492561,0.710365355015,0.822926044464,0.875842690468,0.997812926769],"mean":[0.434388130903,0.072497010231,0.0809146016836,0.111194238067,0.191008210182,0.139694467187],"median":[0.256289809942,0.0179246980697,0.0448745638132,0.0569182150066,0.147362828255,0.0846163779497],"min":[0.0000728194208932,0.000205457152333,0.000108789383376,0.000156355526997,0.000715486414265,0.000937790318858],