{"lowlevel":{"average_loudness":0.813005983829,"barkbands":{"dmean":[0.000044477335905,0.00186080217827,0.00187505222857,0.00154325738549,0.000632894982118,0.000577676692046,0.000420019117882,0.000350515911123,0.000611139810644,0.000381046644179,0.000235229308601,0.00019840351888,0.000290795374895,0.000215474239667,0.000258782296441,0.00027388939634,0.000447838683613,0.000310476578306,0.000251104764175,0.000288656156044,0.000247355899774,0.00018385592557,0.000133215682581,0.0000773146311985,0.0000389113483834,0.0000164530047186,0.00000245738760896],"dmean2":[0.0000529774479219,0.00289422855712,0.00328303524293,0.00271823024377,0.00102493923623,0.000899805279914,0.000660994730424,0.000537177897058,0.000955030904151,0.000595846155193,0.000360525853466,0.000313932658173,0.000459856615635,0.000350165384589,0.000421181466663,0.000449370738352,0.000740381481592,0.000506483542267,0.000403518730309,0.000475425360491,0.000401014578529,0.000290097901598,0.000199534522835,0.000110706780106,0.0000572878998355,0.0000250577431871,0.00000371786131836],"dvar":[1.45974068388e-8,0.0000246615818469,0.0000167078997038,0.0000187830919458,0.00000148332151184,0.00000170248904396,8.5404087713e-7,0.00000157196950568,0.00000193188634512,0.00000112038310363,4.93565494253e-7,3.0878754842e-7,3.54756878096e-7,2.31671151596e-7,2.72481514685e-7,3.60548114031e-7,7.74051557073e-7,2.99631579992e-7,2.15580683971e-7,2.98821447586e-7,2.99493365219e-7,1.59143382916e-7,9.13008904035e-8,2.78904010997e-8,6.62408838892e-9,1.16187548471e-9,8.19146278586e-11],"dvar2":[2.19594209483e-8,0.0000521192814631,0.0000461557792732,0.000054293552239,0.00000383954647987,0.00000420024889536,0.00000217478623199,0.00000344665318153,0.00000498607323607,0.00000273672435469,0.00000109956840788,6.78615720062e-7,8.31685838421e-7,5.88014472669e-7,6.90793001468e-7,8.81591461166e-7,0.00000197707186089,7.35926846573e-7,5.30814702415e-7,7.78735113727e-7,7.58497094466e-7,3.85224296906e-7,2.04791859915e-7,6.51395950513e-8,1.52527661612e-8,2.84287349217e-9,1.9745548252e-10],"max":[0.00167833000887,0.0674906745553,0.0863873064518,0.0628241375089,0.0253485925496,0.0396677590907,0.0221207179129,0.0309056788683,0.0237583629787,0.0269460268319,0.0202060099691,0.0200346317142,0.0116171846166,0.0120707573369,0.0123202893883,0.0123728709295,0.0256272368133,0.00932787545025,0.0121013252065,0.0109573947266,0.00724129052833,0.00935896113515,0.00631628418341,0.00342915090732,0.00155492487829,0.000559146516025,0.000315384211717],"mean":[0.0000576589991397,0.00244050635956,0.00234774197452,0.00162494136021,0.00116398348473,0.00103627890348,0.000730484549422,0.000513429287821,0.00106821279041,0.000578684965149,0.000355452531949,0.000291931326501,0.000461740477476,0.000342464540154,0.00042367290007,0.000451394647826,0.000789105251897,0.000545395945664,0.000484004296595,0.00052914978005,0.000507064396515,0.000359541736543,0.000280475913314,0.00017949132598,0.0000820003115223,0.0000276665577985,0.00000373265061171],"median":[0.00000625360644335,0.000688257045113,0.000643174746074,0.000394825648982,0.000471917795949,0.000447523081675,0.000314058037475,0.000154195644427,0.000498308101669,0.000179348266101,0.0000914697302505,0.000119632393762,0.000215928739635,0.000154328372446,0.000211374368519,0.000249831733527,0.00040066143265,0.000316166027915,0.000310024654027,0.000289040297503,0.000203620496904,0.000121224562463,0.0000917792276596,0.0000666817286401,0.0000410550746892,0.0000119607557281,0.0000014653294329],"min":[3.5479987546e-13,4.91653972309e-13,2.72139027892e-13,2.13937510285e-13,2.85289831039e-13,6.54431004288e-14,3.51749032191e-14,6.27356849738e-14,5.65905456447e-14,1.27829553718e-14,3.63701581872e-14,3.65988875762e-14,1.0601313596e-14,8.73774285619e-15,2.14000061974e-14,5.9103659365e-15,7.40433850842e-15,1.82965638761e-14,1.74326326215e-14,2.38455381234e-15,7.09637384594e-15,8.46623068011e-15,2.42688343685e-15,8.89543159185e-15,1.7001714774e-14,2.8522245465e-14,4.63346402262e-14],"var":[2.86664114668e-8,0.0000339618818543,0.0000225523563131,0.0000171622141352,0.00000355946485797,0.00000320780600305,0.00000175369689259,0.00000278210313809,0.0000031176102766,0.0000018294133497,9.84885900834e-7,4.75975753034e-7,6.13872771282e-7,3.80166682135e-7,4.60044020656e-7,5.58802582873e-7,0.00000167187056377,5.32410126652e-7,4.07303446082e-7,5.03232854498e-7,5.80948835704e-7,3.28141680939e-7,2.02796584858e-7,7.21259070247e-8,1.59761484042e-8,1.74635894634e-9,9.44686759374e-11]},"barkbands_crest":{"dmean":2.592192173,"dmean2":4.17273378372,"dvar":6.16281747818,"dvar2":14.1869449615,"max":26.0843353271,"mean":8.1626625061,"median":7.11661100388,"min":2.15172290802,"var":16.6186313629},"barkbands_flatness_db":{"dmean":0.0188741609454,"dmean2":0.0301919318736,"dvar":0.00036370154703,"dvar2":0.000898366444744,"max":0.450528740883,"mean":0.101247675717,"median":0.0842421799898,"min":0.0177497174591,"var":0.00431279791519},"barkbands_kurtosis":{"dmean":1.73121261597,"dmean2":2.80542564392,"dvar":24.5212154388,"dvar2":62.7754364014,"max":161.751037598,"mean":1.30817770958,"median":-0.639189243317,"min":-1.93674325943,"var":49.2207717896},"barkbands_skewness":{"dmean":0.497203499079,"dmean2":0.789606273174,"dvar":0.326476216316,"dvar2":0.817734777927,"max":9.92500782013,"mean":0.765380740166,"median":0.612844586372,"min":-3.15303993225,"var":0.906381487846},"barkbands_spread":{"dmean":6.61722040176,"dmean2":10.5284023285,"dvar":56.2189292908,"dvar2":133.062850952,"max":108.562995911,"mean":35.7505836487,"median":34.832824707,"min":0.260495841503,"var":274.882568359},"dissonance":{"dmean":0.0127269718796,"dmean2":0.0212831031531,"dvar":0.000538797059562,"dvar2":0.00146325293463,"max":0.500000059605,"mean":0.476004630327,"median":0.484958469868,"min":0.117057166994,"var":0.00116335647181},"dynamic_complexity":4.51325941086,"erbbands":{"dmean":[0.0498856343329,0.465015262365,1.70668339729,4.85478687286,2.02650475502,2.69007444382,3.7529861927,4.84404850006,6.11222887039,5.32558774948,9.42349433899,15.3707780838,8.11992549896,12.6339836121,8.24319553375,8.2915353775,13.7860746384,7.82287406921,14.7422084808,13.4075498581,15.722114563,20.8908405304,18.4053955078,14.0668907166,11.9339313507,14.5403356552,12.6199111938,7.68099784851,6.49923276901,4.94193077087,3.73172354698,2.15603375435,1.10200047493,0.518259525299,0.251173973083,0.0983042046428,0.0258643161505,0.00434457883239,0.000421051779995,0.0000202812789212],"dmean2":[0.071642793715,0.763133227825,2.99785351753,8.51897525787,3.43078255653,4.33660554886,5.83944416046,7.50620555878,9.74266815186,8.20751285553,14.277258873,23.8007297516,12.7066936493,19.4387569427,12.5800161362,12.8426733017,21.6297187805,12.5053577423,23.8799991608,22.1833839417,25.2899055481,34.1278648376,29.9105167389,23.0385570526,19.0296134949,23.9297466278,21.0588130951,11.6686925888,10.4310073853,7.33509063721,5.71293830872,3.18644452095,1.62865161896,0.757657468319,0.385652273893,0.149829044938,0.0388024933636,0.00649151531979,0.000629673188087,0.0000298042104987],"dvar":[0.0207596998662,1.54776191711,12.9582529068,173.788284302,19.5241394043,33.3014450073,63.3846740723,138.144790649,193.179763794,170.436828613,1025.46337891,1337.07104492,425.147979736,1383.97937012,472.397735596,600.599853516,788.755065918,285.663970947,1020.49926758,876.939880371,943.519348145,1561.69775391,982.848449707,732.075012207,504.881225586,719.733764648,972.193603516,220.325912476,229.68699646,119.422668457,79.1751022339,21.9258403778,6.24303007126,1.12214708328,0.378173351288,0.0432914085686,0.00293082348071,0.000181904310011,0.00000220949846153,3.56485885256e-9],"dvar2":[0.0360825248063,3.64133548737,36.4271888733,497.401702881,54.4056663513,86.178855896,152.746459961,338.171600342,502.117034912,387.99899292,2207.48486328,3417.59985352,1015.63000488,3315.17944336,1027.18310547,1228.52624512,1801.4901123,715.632141113,2596.24731445,2220.39550781,2154.92480469,4008.60668945,2418.70068359,1889.0592041,1206.85473633,1874.77050781,2585.58984375,493.372802734,577.14074707,257.737854004,185.093032837,52.0037956238,15.3590621948,2.51323413849,0.935801208019,0.106533162296,0.00715362979099,0.000440480216639,0.00000508182529302,8.63916582716e-9],"max":[2.08472371101,14.3371973038,69.9880523682,197.949356079,62.6882591248,133.183883667,193.1822052,375.723846436,347.155059814,284.211364746,843.619018555,685.390014648,422.214263916,932.771850586,535.6484375,1047.83544922,575.371520996,374.846374512,740.130493164,779.004516602,968.879455566,874.016235352,611.663391113,807.125854492,736.257080078,563.427429199,470.788818359,257.624023438,334.230224609,251.906311035,177.872650146,95.5974578857,63.8325424194,23.2610435486,15.8556537628,3.71039414406,1.13433802128,0.596970140934,0.0425512045622,0.00249488581903],"mean":[0.0624361932278,0.584088921547,2.11854052544,5.47572612762,3.00120806694,4.64175224304,6.66909599304,8.65132522583,10.1355066299,9.36222076416,15.4630432129,26.5335826874,14.1292667389,19.6237392426,13.8283348083,13.7663288116,22.7221488953,14.1040973663,25.1623306274,21.2810592651,29.1057491302,39.8693771362,35.0007972717,25.6631507874,24.2842788696,26.5002307892,22.3560676575,18.0180301666,12.3866176605,10.7716875076,7.68869066238,4.64249992371,2.52259993553,1.14467430115,0.457669615746,0.167969048023,0.0422985441983,0.00701148109511,0.000666997511871,0.0000466391793452],"median":[0.00962360855192,0.207278430462,0.755200028419,1.28618073463,1.21019518375,1.71454370022,2.96882343292,3.68365430832,4.25338363647,4.25774669647,5.88017940521,11.8144817352,6.68107414246,6.50909519196,5.24903106689,6.52927160263,10.9446182251,7.92337226868,12.1734161377,10.6615314484,17.3957691193,22.1977958679,20.4070053101,15.991765976,15.1416273117,14.5529584885,9.93758964539,6.40933799744,4.37729120255,3.4833085537,2.42441630363,1.59581232071,0.923469305038,0.526118755341,0.219660699368,0.0695923417807,0.0188416913152,0.00325582455844,0.00027021265123,0.0000297598089674],"min":[1.86193352403e-11,9.67966470866e-11,2.88687518335e-10,5.73546654614e-10,8.51891279741e-10,9.54504475459e-10,7.77765629678e-10,4.60519039569e-10,4.02460009763e-10,8.86847484338e-10,1.49671719463e-9,1.33203159614e-9,5.54493950755e-10,7.47480299879e-10,1.7321728496e-9,1.30922939157e-9,5.35469613094e-10,4.7758641486e-10,7.89357301745e-10,9.55336365571e-10,2.61969057558e-10,4.2893494312e-10,7.22505277828e-10,1.50440848667e-9,3.79875020329e-10,1.05471860412e-10,1.06331977945e-10,4.21852941468e-10,4.19359547088e-10,1.21991305946e-10,6.12142281309e-11,1.45117251549e-10,1.45943160335e-10,8.67403579519e-11,1.87805826446e-10,1.25507326754e-10,5.48387064925e-11,1.10338448447e-11,9.85976404688e-12,6.06763608541e-13],"var":[0.0324646420777,1.74437320232,13.9872331619,188.315887451,24.6380710602,73.0942764282,125.542419434,241.101119995,394.897949219,301.189758301,1911.01843262,2109.15307617,728.911804199,2068.5690918,1039.36901855,1033.37927246,1449.17053223,470.565307617,1815.50927734,1216.3079834,2020.76074219,3374.67724609,2062.88671875,1157.78417969,1065.17675781,1238.5098877,1272.08691406,718.537109375,409.210754395,288.513702393,160.611282349,51.1336936951,15.7544813156,3.05260062218,0.636983454227,0.0687456727028,0.00415198737755,0.000203194766073,0.00000287781426778,5.14737630297e-9]},"erbbands_crest":{"dmean":2.17248725891,"dmean2":3.56201267242,"dvar":4.95784568787,"dvar2":12.6036262512,"max":32.0257568359,"mean":7.64742660522,"median":6.42207813263,"min":2.67799973488,"var":14.9595079422},"erbbands_flatness_db":{"dmean":0.0146728111431,"dmean2":0.0215707030147,"dvar":0.000229496436077,"dvar2":0.00047096106573,"max":0.50167131424,"mean":0.151560619473,"median":0.136190086603,"min":0.0345417186618,"var":0.00407113973051},"erbbands_kurtosis":{"dmean":0.988035619259,"dmean2":1.59788298607,"dvar":3.87384176254,"dvar2":10.0218400955,"max":55.8199691772,"mean":0.716420650482,"median":-0.195749640465,"min":-1.77744495869,"var":11.225933075},"erbbands_skewness":{"dmean":0.330636322498,"dmean2":0.506239533424,"dvar":0.11799094826,"dvar2":0.273142695427,"max":5.29753351212,"mean":-0.296968996525,"median":-0.333151400089,"min":-5.35789585114,"var":0.68524980545},"erbbands_spread":{"dmean":7.61673021317,"dmean2":12.2155656815,"dvar":75.5528335571,"dvar2":202.40071106,"max":139.569625854,"mean":38.8667411804,"median":37.6824645996,"min":0.48348364234,"var":274.435852051},"gfcc":{"cov":[[16360.8525391,-631.451599121,-420.074401855,2451.625,134.16960144,795.941101074,-347.118225098,-263.801544189,-784.380615234,-294.422637939,-131.008010864,-50.0652580261,-312.107879639],[-631.451599121,1129.81225586,-148.154632568,-351.990905762,122.982551575,-223.661209106,60.0765647888,42.4887275696,83.79712677,35.178817749,61.6864089966,-31.1444740295,96.9364700317],[-420.074401855,-148.154632568,633.368652344,172.096206665,-23.2379417419,117.320846558,-10.4908409119,-5.38327550888,-4.95025110245,-5.35619449615,-21.6059207916,7.59197616577,-52.3876533508],[2451.625,-351.990905762,172.096206665,1375.3795166,296.054412842,262.51385498,-38.7824554443,-181.376983643,-222.169128418,-150.228805542,-37.0296707153,-78.4130859375,-130.768234253],[134.16960144,122.982551575,-23.2379417419,296.054412842,341.104644775,39.1304244995,28.3458003998,9.39638328552,-25.1116428375,14.5054836273,-2.46782398224,1.96959805489,-6.70688772202],[795.941101074,-223.661209106,117.320846558,262.51385498,39.1304244995,256.678527832,32.2100791931,-2.35767793655,-50.4307479858,-27.1879501343,-2.34426569939,11.2868919373,-49.1682243347],[-347.118225098,60.0765647888,-10.4908409119,-38.7824554443,28.3458003998,32.2100791931,156.499664307,61.3669395447,43.774520874,11.8486661911,3.00022244453,-11.5050449371,-3.52886915207],[-263.801544189,42.4887275696,-5.38327550888,-181.376983643,9.39638328552,-2.35767793655,61.3669395447,160.172149658,71.4270706177,57.9304428101,4.04658603668,13.3810443878,20.9392528534],[-784.380615234,83.79712677,-4.95025110245,-222.169128418,-25.1116428375,-50.4307479858,43.774520874,71.4270706177,170.736557007,65.4215927124,7.14733934402,-0.197384461761,13.4829177856],[-294.422637939,35.178817749,-5.35619449615,-150.228805542,14.5054836273,-27.1879501343,11.8486661911,57.9304428101,65.4215927124,115.096122742,35.6046180725,27.1573810577,16.542514801],[-131.008010864,61.6864089966,-21.6059207916,-37.0296707153,-2.46782398224,-2.34426569939,3.00022244453,4.04658603668,7.14733934402,35.6046180725,75.3179016113,37.5059738159,20.4796867371],[-50.0652580261,-31.1444740295,7.59197616577,-78.4130859375,1.96959805489,11.2868919373,-11.5050449371,13.3810443878,-0.197384461761,27.1573810577,37.5059738159,101.769187927,35.2674484253],[-312.107879639,96.9364700317,-52.3876533508,-130.768234253,-6.70688772202,-49.1682243347,-3.52886915207,20.9392528534,13.4829177856,16.542514801,20.4796867371,35.2674484253,92.810760498]],"icov":[[0.000166694750078,-0.000241780464421,0.000327086687321,-0.000402973528253,0.000493111787364,-0.000454980472568,0.000394694594434,-0.000364542298485,0.000482400064357,-0.000471312494483,0.000691812194418,-0.000443505734438,0.000351594382664],[-0.000241780464421,0.00195200438611,-0.000643329520244,0.00115891266614,-0.00198469730094,0.00160885951482,-0.000991189968772,0.00071984162787,-0.000880159437656,0.00178365129977,-0.00313867605291,0.00224512536079,-0.00142389058601],[0.000327086687321,-0.000643329520244,0.00252677872777,-0.00112883909605,0.00153756164946,-0.00162893114612,0.00105451443233,-0.000840995577164,0.000600044440944,-0.00146104127634,0.00235962215811,-0.0016675030347,0.00137181289028],[-0.000402973528253,0.00115891266614,-0.00112883909605,0.00303330156021,-0.0031778702978,0.000265001901425,-0.00075582426507,0.00200812425464,-0.000391779234633,0.0026363641955,-0.00319921574555,0.00283348909579,-0.000283699977444],[0.000493111787364,-0.00198469730094,0.00153756164946,-0.0031778702978,0.00690054660663,-0.00154955324251,0.000524630071595,-0.00202358793467,0.00178606854752,-0.00434814579785,0.00502889044583,-0.00362033583224,0.00105733773671],[-0.000454980472568,0.00160885951482,-0.00162893114612,0.000265001901425,-0.00154955324251,0.00810687523335,-0.00296713551506,-0.000266414048383,-0.00036574396654,0.00232862797566,-0.00326441880316,-0.000285614310997,0.000840535678435],[0.000394694594434,-0.000991189968772,0.00105451443233,-0.00075582426507,0.000524630071595,-0.00296713551506,0.00973874423653,-0.0038103167899,-0.000662638514768,0.00047536205966,0.000447421101853,0.000388446205761,0.00135399540886],[-0.000364542298485,0.00071984162787,-0.000840995577164,0.00200812425464,-0.00202358793467,-0.000266414048383,-0.0038103167899,0.0114779695868,-0.00257135601714,-0.00235239323229,0.000455741537735,0.00104937376454,-0.00235134316608],[0.000482400064357,-0.000880159437656,0.000600044440944,-0.000391779234633,0.00178606854752,-0.00036574396654,-0.000662638514768,-0.00257135601714,0.0112242531031,-0.00538049312308,0.00293734949082,-0.000292319658911,0.00160980818328],[-0.000471312494483,0.00178365129977,-0.00146104127634,0.0026363641955,-0.00434814579785,0.00232862797566,0.00047536205966,-0.00235239323229,-0.00538049312308,0.0184336490929,-0.0103414086625,0.00148155412171,0.000125220307382],[0.000691812194418,-0.00313867605291,0.00235962215811,-0.00319921574555,0.00502889044583,-0.00326441880316,0.000447421101853,0.000455741537735,0.00293734949082,-0.0103414086625,0.0255448706448,-0.00982469506562,0.000490243313834],[-0.000443505734438,0.00224512536079,-0.0016675030347,0.00283348909579,-0.00362033583224,-0.000285614310997,0.000388446205761,0.00104937376454,-0.000292319658911,0.00148155412171,-0.00982469506562,0.0180266983807,-0.00632389308885],[0.000351594382664,-0.00142389058601,0.00137181289028,-0.000283699977444,0.00105733773671,0.000840535678435,0.00135399540886,-0.00235134316608,0.00160980818328,0.000125220307382,0.000490243313834,-0.00632389308885,0.0169611051679]],"mean":[-18.045583725,60.7784042358,-125.869606018,37.7140808105,-59.3735351562,8.01280593872,-34.5682373047,12.7978057861,-20.3260650635,2.85880064964,-18.202829361,-0.836989223957,-12.5019340515]},"hfc":{"dmean":7.16857528687,"dmean2":10.4464225769,"dvar":134.0884552,"dvar2":296.251190186,"max":137.415374756,"mean":23.4133319855,"median":16.5307884216,"min":2.20859419642e-9,"var":484.823455811},"melbands":{"dmean":[0.000477240566397,0.000799037923571,0.00070672511356,0.000148558683577,0.000125707418192,0.000108621963591,0.0000887116766535,0.0000595458659518,0.0000881433588802,0.0000898022626643,0.0000421743061452,0.000055048851209,0.0000326814952132,0.0000205493670364,0.000030888368201,0.0000239004748437,0.000015391738998,0.0000268364292424,0.0000153285418492,0.0000188786834769,0.0000207239281735,0.0000219831381401,0.0000266472070507,0.0000152749198605,0.0000118986199595,0.00000980806180451,0.00000851268214319,0.0000105394492493,0.00000853811798152,0.00000648185960017,0.00000445303430752,0.00000391531011701,0.00000367180405192,0.00000278540392173,0.00000249428876486,0.00000183540555554,0.00000118688080875,8.74897750691e-7,6.48140883186e-7,3.98018414671e-7],"dmean2":[0.000712660024874,0.00136492808815,0.00123612245079,0.000241025889409,0.000196626642719,0.000168790968019,0.000140848656883,0.0000918981968425,0.000134053712827,0.000139900032082,0.0000662622478558,0.0000849772768561,0.000050027625548,0.0000325357468682,0.0000482335490233,0.0000380547280656,0.0000247850221058,0.0000436817499576,0.0000249883796641,0.0000314453754982,0.0000334151227435,0.0000359777222911,0.0000436129230366,0.0000254535716522,0.0000196757046069,0.0000158163456945,0.0000136356284202,0.0000176363919309,0.0000144315717989,0.0000106590396172,0.00000649200956104,0.00000642671557216,0.00000581849371883,0.00000424161817136,0.00000383404085369,0.00000278276024801,0.00000179435039627,0.00000131136323489,0.0000010049446928,5.90100910358e-7],"dvar":[0.00000172123304765,0.00000279706227957,0.00000352424876837,8.4144105017e-8,6.23067819561e-8,6.43339106432e-8,3.85214526943e-8,2.27755876381e-8,6.46271374194e-8,4.79438817536e-8,1.17140270817e-8,2.65166590907e-8,8.4406481804e-9,3.61865848397e-9,4.07322042761e-9,3.19052162467e-9,1.15381360022e-9,3.43014838755e-9,9.59142099077e-10,2.11695194707e-9,1.68809266565e-9,1.88100890419e-9,2.98155344858e-9,7.51756712436e-10,5.87836279653e-10,3.93914650898e-10,2.38331021585e-10,4.0877581875e-10,4.31238184051e-10,2.13834852603e-10,6.8003859488e-11,8.10171929544e-11,6.62645285865e-11,3.60858912196e-11,3.39874482724e-11,1.72444471896e-11,6.99598625559e-12,4.33702162725e-12,1.81455273984e-12,7.79136412506e-13],"dvar2":[0.00000328686860485,0.00000753544873078,0.0000100597299024,2.20367326165e-7,1.50746302552e-7,1.57781400389e-7,9.99289753167e-8,5.21297103262e-8,1.4186809949e-7,1.23047769307e-7,2.78655498676e-8,6.36866062109e-8,1.82142532168e-8,8.08010014453e-9,9.2077430125e-9,7.60512719467e-9,2.88967871853e-9,8.76481820455e-9,2.40708297738e-9,5.21563636724e-9,3.79070819179e-9,4.7611914411e-9,7.74454456121e-9,1.9150740993e-9,1.54577861622e-9,9.58420232067e-10,5.80394232674e-10,1.08937925347e-9,1.14317111333e-9,5.44588707463e-10,1.49444789876e-10,2.062831711e-10,1.62255139879e-10,7.9105978712e-11,7.98384899858e-11,4.30368761462e-11,1.67834773857e-11,1.08110144101e-11,4.38583501114e-12,1.77173943919e-12],"max":[0.0191539917141,0.0262169577181,0.0294302292168,0.00520021375269,0.0056447070092,0.00800947565585,0.00475139450282,0.00351721094921,0.00615104939789,0.0039708330296,0.00240401388146,0.00422628363594,0.00230520870537,0.00186993053649,0.00177577987779,0.00156658282503,0.000672217342071,0.00143560732249,0.000921828090213,0.00116796407383,0.00170123262797,0.00104416010436,0.0013787613716,0.000428054016083,0.000840615248308,0.000711151456926,0.0004658177495,0.000439106515842,0.00033528089989,0.000212910483242,0.000154591994942,0.000218843168113,0.0001693139493,0.0001547345164,0.000114802605822,0.000111588487925,0.0000524513488926,0.0000550573349756,0.0000260186498053,0.0000190877199202],"mean":[0.000623601663392,0.00104156206362,0.000834159553051,0.00026387226535,0.000234357881709,0.000197030414711,0.000150034495164,0.0000995599111775,0.000146269172546,0.0001534979383,0.0000687508072588,0.0000832895675558,0.0000517973130627,0.0000301552445308,0.0000506648611918,0.0000384623090213,0.0000250929879257,0.0000433382883784,0.0000252693062066,0.0000287759758066,0.0000356947421096,0.0000390537788917,0.0000451612359029,0.0000247501266131,0.0000199484093173,0.0000184217897186,0.0000166943664226,0.0000175396762643,0.0000140172924148,0.000012253017303,0.00000993386584014,0.00000687546526024,0.0000067346159085,0.00000564279207538,0.00000472477222502,0.00000354822145709,0.00000249611639447,0.00000189747561308,0.00000131596925712,8.25120537229e-7],"median":[0.000140259187901,0.000421770149842,0.000234219027334,0.000101800513221,0.000109026193968,0.0000835814716993,0.0000638072378933,0.000043085856305,0.0000584624503972,0.0000687459396431,0.0000292202512355,0.0000254238620983,0.0000152163975145,0.0000116424707812,0.0000244789589487,0.0000186930192285,0.0000122879919218,0.0000194452732103,0.0000130316848299,0.0000143684465002,0.0000203687050089,0.0000218498134927,0.0000216172720684,0.0000135011296152,0.0000115843831736,0.0000114705526357,0.0000098164400697,0.0000089815366664,0.00000621203480478,0.00000445198429588,0.00000334031665261,0.00000244430202656,0.00000200734484679,0.00000187829846254,0.00000142866247188,0.00000106483162199,8.59260694597e-7,6.25826601208e-7,5.51857056053e-7,3.71976909719e-7],"min":[1.68397508936e-13,1.4584777071e-13,1.08337648477e-13,6.69115980613e-14,3.05327594805e-14,1.05571094876e-14,6.40937633913e-15,1.0638617774e-14,1.24653434276e-14,7.84257641467e-15,2.4874340106e-15,2.647815464e-15,5.50861312741e-15,4.76351763075e-15,1.87398649218e-15,1.00145213574e-15,8.30292293964e-16,1.07265224297e-15,1.71567285796e-15,7.17449294181e-16,2.39599600985e-16,4.23194257e-16,4.64447117342e-16,9.31111449302e-16,1.33674186934e-15,3.68045106475e-16,1.26106609294e-16,5.53252870563e-17,3.96790466559e-17,1.78020001317e-16,2.30609669739e-16,2.91390398223e-16,7.85942482644e-17,6.50542744013e-17,3.322529749e-17,3.05599925161e-17,1.17094919889e-16,9.7408458062e-17,8.97958817974e-17,5.68099836116e-17],"var":[0.00000258378599938,0.00000306823426399,0.00000385340945286,1.95076438558e-7,1.37481862339e-7,1.18558411089e-7,8.10269185081e-8,3.8182243145e-8,1.19477036264e-7,7.34203666752e-8,2.01008418799e-8,3.97485209191e-8,1.86590725093e-8,5.57601076423e-9,7.15652603844e-9,4.83539164264e-9,1.82180115438e-9,5.85823256571e-9,1.55684642955e-9,2.78432632506e-9,3.61408214467e-9,3.5355494088e-9,6.26381302382e-9,1.18159049212e-9,8.61331728164e-10,7.85244314017e-10,4.40266434421e-10,6.2843164006e-10,5.41538647258e-10,3.78489878328e-10,2.27140528608e-10,1.29953797723e-10,1.284004153e-10,8.12322639709e-11,6.53233162007e-11,3.4401766158e-11,1.51346955801e-11,9.98066126273e-12,4.40064044233e-12,1.79995927017e-12]},"melbands_crest":{"dmean":3.49355125427,"dmean2":5.70934057236,"dvar":10.9333677292,"dvar2":26.8195972443,"max":34.4858398438,"mean":12.7621850967,"median":11.8301057816,"min":3.04571700096,"var":28.8801307678},"melbands_flatness_db":{"dmean":0.0266869086772,"dmean2":0.0427966564894,"dvar":0.000782692455687,"dvar2":0.00196259538643,"max":0.531414985657,"mean":0.148549973965,"median":0.128138557076,"min":0.0234435368329,"var":0.00680694030598},"melbands_kurtosis":{"dmean":4.8890914917,"dmean2":8.04208087921,"dvar":147.38331604,"dvar2":380.962005615,"max":417.231719971,"mean":6.9570274353,"median":3.2935025692,"min":-1.90419209003,"var":219.073287964},"melbands_skewness":{"dmean":0.691441059113,"dmean2":1.11369776726,"dvar":0.742999136448,"dvar2":1.87582600117,"max":18.6845417023,"mean":2.03485631943,"median":1.7677667141,"min":-1.62746345997,"var":2.00861692429},"melbands_spread":{"dmean":12.7233867645,"dmean2":20.8969516754,"dvar":245.331466675,"dvar2":652.595336914,"max":264.807800293,"mean":42.3356742859,"median":41.1999740601,"min":0.590719282627,"var":592.262634277},"mfcc":{"cov":[[15034.4853516,-842.846374512,-315.340911865,1346.74047852,757.116577148,796.088012695,457.66204834,242.439483643,-449.962005615,-387.53918457,-293.173583984,-174.063644409,-324.578033447],[-842.846374512,1319.42895508,-313.275390625,-205.655044556,-125.851272583,-262.224212646,-59.4155464172,-86.7637405396,85.6150512695,43.2843589783,66.6361846924,34.2603607178,72.2759552002],[-315.340911865,-313.275390625,675.007141113,4.73828840256,13.4912881851,94.3408508301,-1.35252952576,53.0601348877,-27.2663440704,8.25221729279,-11.0421218872,0.597084641457,10.7418699265],[1346.74047852,-205.655044556,4.73828840256,702.926147461,325.279541016,253.715515137,160.464752197,40.9450187683,-57.356098175,-83.8627090454,-62.5168838501,7.86257362366,-75.8190994263],[757.116577148,-125.851272583,13.4912881851,325.279541016,324.919311523,179.635040283,104.599830627,34.3127670288,-34.3839378357,-54.0048751831,-22.2958183289,5.38858556747,-34.2109870911],[796.088012695,-262.224212646,94.3408508301,253.715515137,179.635040283,274.785766602,110.472991943,68.9125823975,-49.9268112183,-50.633480072,-19.7671737671,5.1999707222,-37.100566864],[457.66204834,-59.4155464172,-1.35252952576,160.464752197,104.599830627,110.472991943,187.012481689,58.8484992981,-11.5314083099,-33.6867790222,-15.3703517914,6.07090425491,-18.8916454315],[242.439483643,-86.7637405396,53.0601348877,40.9450187683,34.3127670288,68.9125823975,58.8484992981,119.866119385,23.5040988922,-0.619305551052,5.13876867294,4.33233499527,-2.30509114265],[-449.962005615,85.6150512695,-27.2663440704,-57.356098175,-34.3839378357,-49.9268112183,-11.5314083099,23.5040988922,130.196563721,72.8341598511,33.0656929016,21.1566486359,11.6461553574],[-387.53918457,43.2843589783,8.25221729279,-83.8627090454,-54.0048751831,-50.633480072,-33.6867790222,-0.619305551052,72.8341598511,113.719039917,57.2282867432,22.1661739349,17.3249492645],[-293.173583984,66.6361846924,-11.0421218872,-62.5168838501,-22.2958183289,-19.7671737671,-15.3703517914,5.13876867294,33.0656929016,57.2282867432,92.5189590454,42.5935173035,20.276884079],[-174.063644409,34.2603607178,0.597084641457,7.86257362366,5.38858556747,5.1999707222,6.07090425491,4.33233499527,21.1566486359,22.1661739349,42.5935173035,78.546043396,29.7619113922],[-324.578033447,72.2759552002,10.7418699265,-75.8190994263,-34.2109870911,-37.100566864,-18.8916454315,-2.30509114265,11.6461553574,17.3249492645,20.276884079,29.7619113922,73.2906265259]],"icov":[[0.000100549164927,7.38307903703e-7,0.0000921436076169,-0.0000854164536577,-0.0000314706812787,-0.0000934288691496,0.00000140762983847,-0.000219367866521,0.000318660517223,-0.0000968541644397,0.000140337753692,0.0000442248710897,0.00018965198251],[7.38307903703e-7,0.0011087981984,0.000320326595102,-0.0000491547834827,-0.0000714996858733,0.000899993232451,-0.000303204520606,0.000462583499029,-0.000592706899624,0.00066488358425,-0.000798629713245,0.000145627331221,-0.000730542058591],[0.0000921436076169,0.000320326595102,0.0018918896094,0.0000618292324361,0.0000460053815914,-0.000653212773614,0.000370324822143,-0.000835438549984,0.000836130406242,-0.000853493169416,0.000670964480378,-0.0000776127562858,-0.000446377031039],[-0.0000854164536577,-0.0000491547834827,0.0000618292324361,0.00346432067454,-0.00223275320604,-0.00105111650191,-0.000745369237848,0.000569965224713,-0.0000629890491837,-0.000268876261543,0.00184222031385,-0.00186033686623,0.00181580265053],[-0.0000314706812787,-0.0000714996858733,0.0000460053815914,-0.00223275320604,0.00676749367267,-0.00236342288554,-0.000625237356871,0.000673819740769,-0.000843515677843,0.00141926493961,-0.00130807748064,0.000681232078932,-0.000678978511132],[-0.0000934288691496,0.000899993232451,-0.000653212773614,-0.00105111650191,-0.00236342288554,0.00939966645092,-0.00170238269493,-0.00264021148905,0.00181946530938,0.000641050224658,-0.00121524161659,-0.00113829725888,0.00119802041445],[0.00000140762983847,-0.000303204520606,0.000370324822143,-0.000745369237848,-0.000625237356871,-0.00170238269493,0.00848584808409,-0.00311395945027,-0.0000636355762254,0.000797063519713,0.000660115736537,-0.000836579944007,0.000394450878957],[-0.000219367866521,0.000462583499029,-0.000835438549984,0.000569965224713,0.000673819740769,-0.00264021148905,-0.00311395945027,0.0132128661498,-0.00533291837201,0.00239762407728,-0.00231071934104,0.00162055785768,-0.00186281569768],[0.000318660517223,-0.000592706899624,0.000836130406242,-0.0000629890491837,-0.000843515677843,0.00181946530938,-0.0000636355762254,-0.00533291837201,0.0157592706382,-0.00999441649765,0.00335390423425,-0.00289762625471,0.00225829635747],[-0.0000968541644397,0.00066488358425,-0.000853493169416,-0.000268876261543,0.00141926493961,0.000641050224658,0.000797063519713,0.00239762407728,-0.00999441649765,0.0207940340042,-0.0106505453587,0.00227771163918,-0.00127540912945],[0.000140337753692,-0.000798629713245,0.000670964480378,0.00184222031385,-0.00130807748064,-0.00121524161659,0.000660115736537,-0.00231071934104,0.00335390423425,-0.0106505453587,0.0224166102707,-0.0100818304345,0.00196510041133],[0.0000442248710897,0.000145627331221,-0.0000776127562858,-0.00186033686623,0.000681232078932,-0.00113829725888,-0.000836579944007,0.00162055785768,-0.00289762625471,0.00227771163918,-0.0100818304345,0.0217453334481,-0.00840285606682],[0.00018965198251,-0.000730542058591,-0.000446377031039,0.00181580265053,-0.000678978511132,0.00119802041445,0.000394450878957,-0.00186281569768,0.00225829635747,-0.00127540912945,0.00196510041133,-0.00840285606682,0.0202923137695]],"mean":[-653.778808594,87.7484893799,-7.76783657074,27.5646858215,-1.44890189171,0.381659239531,-3.218552351,4.30673122406,2.73729157448,4.22742843628,0.147174119949,2.87670302391,-2.65623545647]},"pitch_salience":{"dmean":0.0766727253795,"dmean2":0.126185178757,"dvar":0.00571297388524,"dvar2":0.0146105634049,"max":0.896886944771,"mean":0.573771357536,"median":0.587369203568,"min":0.0891961231828,"var":0.0121624749154},"silence_rate_20dB":{"dmean":0,"dmean2":0,"dvar":0,"dvar2":0,"max":1,"mean":1,"median":1,"min":1,"var":0},"silence_rate_30dB":{"dmean":0.000392349204049,"dmean2":0.000784775358625,"dvar":0.000392275047489,"dvar2":0.000980672542937,"max":1,"mean":0.999705791473,"median":1,"min":0,"var":0.000294064637274},"silence_rate_60dB":{"dmean":0.0215792059898,"dmean2":0.0431626439095,"dvar":0.021117201075,"dvar2":0.0456144623458,"max":1,"mean":0.154080033302,"median":0,"min":0,"var":0.130340501666},"spectral_centroid":{"dmean":295.829772949,"dmean2":474.987060547,"dvar":116761.804688,"dvar2":286644.53125,"max":10696.609375,"mean":2114.91674805,"median":2203.76708984,"min":300.677398682,"var":497338},"spectral_complexity":{"dmean":4.39548778534,"dmean2":6.53109693527,"dvar":27.9577236176,"dvar2":53.0669136047,"max":61,"mean":23.3919181824,"median":23,"min":0,"var":196.878555298},"spectral_contrast_coeffs":{"dmean":[0.0485176108778,0.0433617196977,0.0378428548574,0.0297037549317,0.0208413470536,0.0188738889992],"dmean2":[0.079439021647,0.0702581331134,0.061125099659,0.0482841841877,0.0341892465949,0.0303757172078],"dvar":[0.00168802379631,0.00135129899718,0.000992747023702,0.000590602285229,0.000309193885187,0.000372351758415],"dvar2":[0.00436658551916,0.0034762355499,0.00253437855281,0.00148387055378,0.000779988477007,0.000894682714716],"max":[-0.371328651905,-0.393977195024,-0.423967272043,-0.569323182106,-0.583260655403,-0.585187733173],"mean":[-0.666798770428,-0.740201592445,-0.75368475914,-0.784254968166,-0.794424831867,-0.746301352978],"median":[-0.667706310749,-0.747851610184,-0.761013746262,-0.787101566792,-0.796379685402,-0.741155862808],"min":[-0.969984829426,-0.967193186283,-0.969822764397,-0.962849140167,-0.960500061512,-0.958235085011],"var":[0.00821110792458,0.00555004552007,0.00526523636654,0.00243768817745,0.00171034794766,0.00255753775127]},"spectral_contrast_valleys":{"dmean":[0.389892280102,0.345204621553,0.327905744314,0.293441385031,0.258036732674,0.285877019167],"dmean2":[0.62514936924,0.542640089989,0.51555454731,0.439668297768,0.378675341606,0.361892312765],"dvar":[0.133752971888,0.125286102295,0.111933290958,0.110420890152,0.121701709926,0.159810245037],"dvar2":[0.284587532282,0.244565099478,0.213877171278,0.187583833933,0.208413228393,0.258038491011],"max":[-5.60380315781,-5.06717205048,-5.63452529907,-5.91089200974,-5.38999319077,-7.79273509979],"mean":[-7.95458316803,-7.15689229965,-7.80647516251,-7.86164474487,-7.29865169525,-10.0290994644],"median":[-7.53397083282,-6.86898374557,-7.49560594559,-7.48781585693,-6.85005235672,-9.62589836121],"min":[-27.2329082489,-27.2820167542,-27.1563072205,-27.3491039276,-27.1909542084,-27.3062362671],"var":[2.14110016823,1.35797405243,1.4640789032,1.63140666485,2.1679122448,2.10256361961]},"spectral_decrease":{"dmean":1.6778849421e-9,"dmean2":2.6099795658e-9,"dvar":7.07542337273e-18,"dvar2":1.7210293355e-17,"max":-5.12928804182e-19,"mean":-4.12071399225e-9,"median":-3.10071390786e-9,"min":-4.30319744282e-8,"var":1.50208835856e-17},"spectral_energy":{"dmean":0.0067632580176,"dmean2":0.0103681879118,"dvar":0.000109880209493,"dvar2":0.000260280299699,"max":0.173584163189,"mean":0.0176761485636,"median":0.0135112013668,"min":2.13624040332e-12,"var":0.000261498149484},"spectral_energyband_high":{"dmean":0.000685064413119,"dmean2":0.00103719939943,"dvar":0.00000192825677914,"dvar2":0.00000467566133011,"max":0.0189788527787,"mean":0.00171974883415,"median":0.000781432841904,"min":1.1793440302e-13,"var":0.00000520240018886},"spectral_energyband_low":{"dmean":0.00447837496176,"dmean2":0.00748019525781,"dvar":0.0000796997846919,"dvar2":0.000205647695111,"max":0.127525478601,"mean":0.00608835695311,"median":0.00218946696259,"min":1.05500699323e-12,"var":0.000104912054667},"spectral_energyband_middle_high":{"dmean":0.00168101338204,"dmean2":0.00252183782868,"dvar":0.0000061263299358,"dvar2":0.0000135304517244,"max":0.0398382209241,"mean":0.00495764939114,"median":0.0036235821899,"min":1.7440043821e-13,"var":0.0000230846617342},"spectral_energyband_middle_low":{"dmean":0.00290620070882,"dmean2":0.00472829211503,"dvar":0.0000254300975939,"dvar2":0.0000687892097631,"max":0.0684496685863,"mean":0.00621649296954,"median":0.00433338293806,"min":7.23429183312e-13,"var":0.0000432815104432},"spectral_entropy":{"dmean":0.113796144724,"dmean2":0.171011552215,"dvar":0.0185772366822,"dvar2":0.036723613739,"max":9.79078006744,"mean":7.7934551239,"median":7.93201255798,"min":4.44352006912,"var":0.343444138765},"spectral_flux":{"dmean":0.0199311263859,"dmean2":0.0298451501876,"dvar":0.00067852914799,"dvar2":0.00147451937664,"max":0.394241929054,"mean":0.0706391334534,"median":0.0641709491611,"min":0.0000571129567106,"var":0.00201015197672},"spectral_kurtosis":{"dmean":1.40310060978,"dmean2":2.33087849617,"dvar":9.45326137543,"dvar2":25.1171035767,"max":92.0396575928,"mean":5.54890108109,"median":3.06065225601,"min":-1.19263505936,"var":129.941085815},"spectral_rms":{"dmean":0.000688671658281,"dmean2":0.00100491091143,"dvar":7.39115648685e-7,"dvar2":0.0000015328059817,"max":0.0130134699866,"mean":0.0036941501312,"median":0.00363065581769,"min":4.56523494563e-8,"var":0.00000359830050911},"spectral_rolloff":{"dmean":729.785949707,"dmean2":1220.01074219,"dvar":954114.8125,"dvar2":2300878.5,"max":13178.3203125,"mean":2780.79272461,"median":2670.1171875,"min":64.599609375,"var":2523756.5},"spectral_skewness":{"dmean":0.181031703949,"dmean2":0.284960836172,"dvar":0.0523615255952,"dvar2":0.12052898854,"max":8.13109397888,"mean":1.37768173218,"median":1.2053258419,"min":-0.0191583819687,"var":1.2981492281},"spectral_spread":{"dmean":443943.8125,"dmean2":650790.6875,"dvar":352813580288,"dvar2":574444404736,"max":40677844,"mean":4433370.5,"median":4532015,"min":1021493.75,"var":1769366487040},"spectral_strongpeak":{"dmean":0.471914738417,"dmean2":0.804692029953,"dvar":0.821485638618,"dvar2":2.1465883255,"max":18.1543273926,"mean":0.751644313335,"median":0.383317232132,"min":0,"var":1.20069265366},"zerocrossingrate":{"dmean":0.0119979735464,"dmean2":0.014499951154,"dvar":0.000178363989107,"dvar2":0.000240402543568,"max":0.4892578125,"mean":0.0914693623781,"median":0.08935546875,"min":0.00732421875,"var":0.00142330955714}},"metadata":{"audio_properties":{"analysis_sample_rate":44100,"bit_rate":0,"codec":"flac","downmix":"mix","equal_loudness":0,"length":236.706665039,"lossless":true,"md5_encoded":"1657d18832be9c4779d229a923e3f2f0","replay_gain":-6.89298439026,"sample_rate":44100},"tags":{"acoustid_fingerprint":["AQADtGqYSEmSJ_jxD9_RPJLRh8R15IcmMcNZ5IHDSwgrXCd0o5QKG2EzHUd_HF9Swz1xb8KPRzYSekNoLRdOdD2aUS_-4U5RToGXyEZ-aK-KXMET_PhRbYdHxuieIbePpD36wj96erhzfDtCHuKP8OgLd0f44UG17DXwfchxHe6HWD0u8dCOnEWrH7amouSJ8kgYM0XIqDfe4z96JrCVH-FFI4ky6ihz7MdkNElzIqYe6OkQsT3OoBvhv_h0PMemdFzgF_-N7BRUhseFKg-eZ9h_6MHRjPkx_VAZ4_mEkseNR_kGKzx-ownFYI-OH14_6EFM48xRSsmHhk9xSTnuPehhtcc7eDzyQ9wmER_xy3AIb8eViehT6D-aP4hEjXiIWkdT5cGZDJUkGjkvyNXhiggf5qiVBx6P3cjDHLrhSfkQNk6Kv3h2NM_xEzZxMc-Rjxv8QPuO_oe_QNF5fNKCWia2R8UPN2ECXcf2XAluw1sTXFEuRMq4B9V1NO9xiUQfkUE6KRd-qBQ6KjxCnoIZZaFwccd1XPJx5miJP-hrNOzwDPeOPsHroY0YlIefEqH043mh11CUMfihM8EaiRxCOWg_XDTsMBvC5-ihN0iTo6IetJx6NF02Ibd89Dl8Q4-SQV-OJn_wo7mJMyzSmOgxWdQHn-iLk3hylDr85MPhtkMoKSlk9cg_NM9QSc7w5MHzoKJ0IlkoCvmI9zCXC3s7XMcUJ-h_RKcgh8KDt3h4bBUvHFqVzEIzScN_hLnQNY9wHnmSEJeOrjm0lE-EMxTuB_H2oXmGbmmO68F5NFUwfcOnA16izMGX4EcoB8lCtbgcoxeaiMGTH_WLJox29BkuXNIqtBJOHX-MapnSIN2OHoo-eEtW4mLwaI_gNUclZtDTdPjR7lHRhMqKnFNwFjeaaemGkleKXotxscLzoQ-RZyO0VEtyVEeu8OiTo_lxNI6OsJl09NDyY-cD5YmPHs2Pt0OeRMNzEX0O70EophSuPDghhiae5sgx5blQkmnwprhy-MmDB31YBl5z5A8ac8c-dHPgyA_MiCKqajm-HGGpwIpX1MiD41nwSM_gSIKeKPhynIeW9TG-w_kRKj_uYxZFNIzMIHx-6MefFP3h6BqeLBlOy3B1NOSF-4iUNFkq9Efj0PiCfDrM29CPSzyyhxlx8egT4VIRqnnQMMuPP5B3fMzhO8ZLGXrg7ziaqwLTpA8uKsSP5iK6WCFxJSLqSE_wE5p0XFEuNNHyDE9AjdOhS2j64inF4AuVyui_4VIOXx90NTG8qBZcxdCUCv9B9fgePHoQ5kFNhYinnujg8YGmLyHeDloeoWeE50IzOUQ1DicdfGcE0X7wC8-RO8abBWE6XEwFjY-wh0cuo_lRdcfnHE3E5WiXD6WI3BB31HuKE3JmnEdz9F7w0fiLajyaUZTQM_BXVH5UaNnOoRaeCA2tYo-PxslEnOtw9BckXRlK6ciPOzseMseVK8OpHGGg9QHz-fgT7DxE5jdCSTx6PFka3DRepISm5njw2g