{"lowlevel":{"average_loudness":0.83716583252,"barkbands":{"dmean":[0.000107022671727,0.00223469547927,0.00208891183138,0.00136581377592,0.00101537886076,0.000738154165447,0.000235056955717,0.00026536497171,0.00068822252797,0.000263485242613,0.000205302727409,0.000229899320402,0.000302689993987,0.000272012403002,0.000264111644356,0.000239952118136,0.000366387015674,0.000221644106205,0.000221734429942,0.000182238087291,0.000255997554632,0.000167314676219,0.000112774956506,0.0000828029515105,0.0000767655146774,0.00000853170422488,0.00000113505939225],"dmean2":[0.000179413327714,0.00350394821726,0.00304376753047,0.0021131481044,0.00160616042558,0.00113269954454,0.000378751981771,0.000409117084928,0.00101286522113,0.000387373031117,0.000313456490403,0.000350999238435,0.000487712153699,0.000426255806815,0.000410320382798,0.000379509205231,0.000591517367866,0.000354655698175,0.000342201587046,0.000274977443041,0.000411024608184,0.000270451651886,0.000170304658241,0.000123622448882,0.000115885057312,0.0000125627711896,0.0000016627501509],"dvar":[2.59993502283e-8,0.0000104384289443,0.0000116880555652,0.00000636170580037,0.00000467476684207,0.0000024865105388,5.84758026889e-7,8.65888353019e-7,0.00000478167567053,0.00000101915111372,3.39825646734e-7,0.00000107702021523,0.00000138938469263,5.35537083124e-7,5.32069805104e-7,2.50630421306e-7,5.76234583605e-7,1.29274638994e-7,1.52085164018e-7,1.14561238718e-7,2.76509439345e-7,1.13400950852e-7,7.26912006144e-8,1.67585540112e-7,5.96223088678e-8,3.72761710388e-10,9.00150527033e-12],"dvar2":[6.90086991995e-8,0.0000258660402324,0.0000229448978644,0.0000150022933667,0.0000111236577141,0.00000531905561729,0.00000131330295972,0.00000195752977561,0.0000112944098873,0.00000158873683631,6.82294626131e-7,0.00000173606474618,0.00000354087069354,0.0000012307648376,0.00000116646049264,5.96734139435e-7,0.00000142415831306,3.2364658864e-7,3.34313853045e-7,2.63994820671e-7,7.05728439243e-7,2.93280976393e-7,1.50756292783e-7,3.82419898415e-7,1.13300522742e-7,7.94430077278e-10,1.9612252794e-11],"max":[0.00248030084185,0.0372693240643,0.0529791116714,0.0299233049154,0.028773650527,0.0372957326472,0.0200342554599,0.0238589793444,0.0729802101851,0.0645585283637,0.0221948362887,0.0693869963288,0.0470724850893,0.0212543774396,0.0154655566439,0.0137287862599,0.0152478022501,0.00592454476282,0.0118193421513,0.00991668179631,0.0122827282175,0.00516187446192,0.00877701397985,0.0212209988385,0.0111398976296,0.000674301292747,0.0000864598841872],"mean":[0.000147758386447,0.00482147326693,0.00476771220565,0.00209551700391,0.00142584741116,0.00151316809934,0.00037363806041,0.000427844875958,0.00170026742853,0.000600974424742,0.000333048024913,0.000370138732251,0.000500147289131,0.0004323591711,0.000458539172541,0.000432499597082,0.000638404046185,0.000385771709261,0.000393874710426,0.000339839840308,0.000360577745596,0.000264384114416,0.000192848092411,0.00013374556147,0.000113947833597,0.000013322290215,0.00000125691337871],"median":[0.0000964787104749,0.00382640585303,0.00248051574454,0.000906345725525,0.000578297884203,0.000421628268668,0.0000908704823814,0.000086335639935,0.000191710525542,0.0000699528827681,0.0000950373723754,0.0000994824731606,0.000148346618516,0.000108745938633,0.000141701180837,0.000167898760992,0.000235044935835,0.000188809703104,0.000147337224917,0.000124955142383,0.000140419389936,0.000092847745691,0.0000738053859095,0.000034895259887,0.0000328555761371,0.00000386609872294,1.78565230158e-7],"min":[4.06192646041e-26,2.51067111823e-24,8.07768274094e-25,1.55325716301e-24,9.57240425541e-24,1.09083812192e-23,1.08348246729e-23,8.3637667967e-24,1.80702537402e-23,2.36893446779e-23,2.6961861568e-24,2.47460806585e-23,2.73722711871e-23,4.1588702747e-23,5.36123565814e-23,5.3819681849e-23,7.15765558614e-23,9.52023404385e-23,1.14051515436e-22,1.59287387206e-22,2.7208466429e-22,2.74843254077e-22,4.37569607824e-22,5.88281824555e-22,9.26054949044e-22,1.30017767333e-21,1.96642985342e-21],"var":[3.22829087906e-8,0.0000202811097552,0.0000356398086296,0.00000966898278421,0.00000600734483669,0.00000901541079656,0.00000111878034659,0.00000194278231902,0.0000212129561987,0.00000975801231107,7.99563338205e-7,0.00000268304006568,0.00000257089072875,0.00000123040570088,0.00000155044574512,6.33343574918e-7,0.00000125438180021,2.79509322354e-7,4.25573261964e-7,2.95083793844e-7,3.471264165e-7,1.85700699262e-7,1.6163640737e-7,2.36373722373e-7,1.24779006683e-7,8.86881901252e-10,1.26131726591e-11]},"barkbands_crest":{"dmean":2.16660284996,"dmean2":3.45946741104,"dvar":4.33429956436,"dvar2":10.6504459381,"max":26.1085033417,"mean":9.47961139679,"median":8.92719650269,"min":2.61371874809,"var":13.6683645248},"barkbands_flatness_db":{"dmean":0.0213982611895,"dmean2":0.0316749550402,"dvar":0.000565269612707,"dvar2":0.00120438297745,"max":0.393397003412,"mean":0.125672742724,"median":0.10617788136,"min":0.0278183054179,"var":0.0039691911079},"barkbands_kurtosis":{"dmean":3.2896900177,"dmean2":5.01273059845,"dvar":43.2160797119,"dvar2":89.1818161011,"max":153.06918335,"mean":5.13783359528,"median":0.708837270737,"min":-1.95592427254,"var":150.102706909},"barkbands_skewness":{"dmean":0.603701889515,"dmean2":0.902510523796,"dvar":0.490487217903,"dvar2":1.0152503252,"max":10.3455677032,"mean":1.50272798538,"median":1.17056262493,"min":-3.34498119354,"var":2.42001056671},"barkbands_spread":{"dmean":7.98307466507,"dmean2":12.2358198166,"dvar":92.4532546997,"dvar2":206.893569946,"max":138.255279541,"mean":30.7266159058,"median":30.1537857056,"min":0.650888621807,"var":350.921691895},"dissonance":{"dmean":0.0125874383375,"dmean2":0.0209629423916,"dvar":0.000229411016335,"dvar2":0.000612408213783,"max":0.500000119209,"mean":0.475488573313,"median":0.48426502943,"min":0.260734498501,"var":0.000743928831071},"dynamic_complexity":3.98392987251,"erbbands":{"dmean":[0.0548362582922,0.588986754417,2.21777296066,3.50375747681,4.41883087158,2.82647585869,4.59055137634,6.75778484344,3.84815073013,3.47424864769,7.29720783234,16.8458423615,12.5657272339,5.87962865829,8.69331264496,8.43730735779,13.0948152542,13.1540136337,14.0604000092,10.6649837494,12.1720838547,21.8406276703,12.7023124695,10.7615585327,10.200135231,8.07654857635,8.0917673111,11.3901729584,6.31583499908,5.01436042786,2.69970226288,1.65460526943,1.41514062881,1.08128082752,0.44504019618,0.0692814588547,0.0119518442079,0.00171523785684,0.000211190534174,0.0000160164654517],"dmean2":[0.0874990150332,0.924220204353,3.29173445702,5.22303724289,6.85105419159,4.5333647728,7.0583782196,10.3374996185,6.02374744415,5.51376485825,10.8353853226,24.5062999725,16.8759708405,8.62779331207,13.1890382767,12.157907486,20.3796291351,20.3840675354,21.4836769104,16.3021697998,18.7851200104,35.1766319275,20.3087406158,16.5853614807,15.6463212967,12.1106414795,12.3800411224,18.7528553009,10.3365106583,7.71968746185,4.06506919861,2.46223640442,2.11911129951,1.61504304409,0.690752804279,0.103150956333,0.0177200306207,0.00245808623731,0.000307069713017,0.0000223707284022],"dvar":[0.00578979868442,0.740590274334,12.8733215332,32.7343406677,101.986320496,34.554775238,106.558273315,218.206939697,150.979171753,109.875762939,545.369628906,3122.62744141,1716.25915527,234.322509766,817.310791016,1961.1192627,2084.84179688,1184.34899902,1593.41442871,542.74206543,694.34777832,2273.55981445,458.515228271,378.881866455,317.593597412,231.669876099,308.746032715,664.635070801,169.534896851,109.480728149,47.0413131714,32.7537994385,52.9019508362,19.6488170624,1.40667176247,0.0264065358788,0.000725314137526,0.0000202889677894,2.95912172987e-7,7.01573188433e-10],"dvar2":[0.014572228305,1.85074210167,26.5219020844,70.4603347778,246.198730469,83.9405593872,226.085662842,459.985198975,352.538391113,253.204452515,1152.20373535,7734.05175781,2876.29077148,400.492553711,1670.75708008,3061.56323242,5187.9140625,2771.89160156,3430.97753906,1204.29223633,1626.46252441,5609.40527344,1143.69238281,803.252868652,725.627807617,530.674865723,787.968994141,1748.48181152,447.124938965,248.847381592,94.9601516724,70.171546936,112.070114136,40.3091049194,2.8166744709,0.056068431586,0.00152647122741,0.0000431214393757,6.40524490336e-7,1.43599121483e-9],"max":[1.09331524372,9.94803142548,53.8610496521,72.7804260254,122.409744263,110.749252319,333.509063721,345.427978516,376.177886963,284.343475342,585.605773926,1805.29870605,1974.34863281,774.308166504,1305.28991699,3542.20581055,2252.57788086,994.539123535,969.928100586,589.493652344,882.056884766,870.774475098,373.380126953,835.893249512,401.427246094,522.359863281,784.029968262,330.190338135,202.663894653,313.492370605,239.470733643,184.005950928,398.8465271,190.845123291,47.1273460388,6.00082492828,0.980708479881,0.178326010704,0.0174300335348,0.000612780160736],"mean":[0.112477935851,1.20578861237,5.10624885559,6.35403299332,6.3729352951,4.05048847198,8.03653526306,13.3003263474,6.73715925217,5.53038835526,14.5019779205,39.7374687195,28.353937149,12.6004934311,15.3406276703,15.0562496185,23.2291259766,23.0726966858,25.5218658447,21.552532196,24.9340209961,37.9485626221,22.7394542694,19.7688121796,19.0395812988,15.4363222122,13.8988018036,14.7730302811,9.51980781555,8.15613365173,4.8184595108,2.79959702492,2.27229738235,1.61303007603,0.623505532742,0.110015392303,0.0179072618484,0.00231249630451,0.000251033488894,0.0000384521881642],"median":[0.0801455080509,0.939823389053,3.0652692318,3.45929098129,2.34080266953,1.63398516178,2.21435666084,3.70087981224,1.91934812069,1.76455426216,2.72751951218,4.80481863022,2.87421298027,3.28959345818,4.62806558609,4.63063716888,7.57433748245,7.48636484146,8.19040870667,8.23502349854,10.4341049194,14.0605611801,11.1644048691,8.80551338196,7.25250244141,5.72773504257,5.82396411896,5.25972938538,3.2059776783,3.19405055046,1.78664577007,0.818125188351,0.548977732658,0.438309162855,0.198963582516,0.0353147573769,0.00525028072298,0.000532467442099,0.0000512060978508,0.0000281447828456],"min":[8.33835695585e-23,1.98690333089e-22,2.10409686038e-21,4.94128536591e-21,1.92825704335e-20,2.20537094961e-20,6.35919911319e-20,8.50139139701e-20,7.9828021442e-20,1.30013288925e-19,2.98354353425e-19,3.98294961269e-19,7.56459978902e-19,4.81705114203e-19,5.06708199181e-19,1.12814459156e-18,1.64196757799e-18,2.09502267129e-18,2.47453148197e-18,3.80670792644e-18,3.0850304787e-18,4.56482433451e-18,3.88177208548e-18,7.53531263225e-18,5.26229020572e-18,7.90829416072e-18,8.66476902887e-18,9.31556661069e-18,8.48238728433e-18,1.07065907519e-17,1.14892582941e-17,1.17657202528e-17,9.3460465619e-18,8.97638368205e-18,5.69128054705e-18,4.56520773273e-18,2.43989163946e-18,9.84869464844e-19,2.44590379494e-19,2.60439770723e-20],"var":[0.0126973986626,1.37282824516,34.7705764771,68.2221984863,120.996528625,49.9368515015,320.491333008,726.392578125,311.638580322,225.363616943,1741.01074219,12643.0244141,12259.6005859,1324.49389648,2243.43774414,4687.93652344,4411.85253906,2777.50439453,4041.91479492,2149.0378418,2225.07421875,4561.52197266,1021.71606445,1058.76635742,922.811950684,618.894470215,500.495269775,689.575256348,252.190231323,213.185958862,111.85307312,60.8021392822,82.5856246948,33.6506919861,2.89987421036,0.0643018260598,0.00159330619499,0.0000361389465979,4.23328202714e-7,1.5767025463e-9]},"erbbands_crest":{"dmean":2.36733746529,"dmean2":3.79368805885,"dvar":5.50131988525,"dvar2":13.0358104706,"max":32.1207427979,"mean":8.64758777618,"median":7.32841014862,"min":2.30685138702,"var":22.7818832397},"erbbands_flatness_db":{"dmean":0.0158056877553,"dmean2":0.0231961663812,"dvar":0.000246762472671,"dvar2":0.00051370303845,"max":0.3197914958,"mean":0.144265159965,"median":0.138859659433,"min":0.0410678759217,"var":0.00135942781344},"erbbands_kurtosis":{"dmean":1.06410622597,"dmean2":1.66167330742,"dvar":2.95000576973,"dvar2":6.5264787674,"max":29.6716384888,"mean":0.800096213818,"median":-0.00497364997864,"min":-1.78025591373,"var":8.91609096527},"erbbands_skewness":{"dmean":0.375622242689,"dmean2":0.562355816364,"dvar":0.162590220571,"dvar2":0.341119199991,"max":4.9898352623,"mean":-0.125898703933,"median":-0.231158435345,"min":-4.59274053574,"var":0.951015293598},"erbbands_spread":{"dmean":9.70105838776,"dmean2":15.0589580536,"dvar":118.164024353,"dvar2":277.163391113,"max":131.627166748,"mean":42.1849594116,"median":39.8655929565,"min":3.22957110405,"var":326.377410889},"gfcc":{"cov":[[26585.1015625,820.335083008,-1902.796875,912.907531738,-1418.51293945,563.591918945,-815.790039062,354.98727417,-404.759490967,15.6921424866,-464.849853516,-41.0987205505,-179.317306519],[820.335083008,1469.8293457,76.9912872314,9.78240680695,217.064926147,-94.2848434448,133.032196045,-118.284751892,50.6592597961,-176.422912598,87.2553863525,-147.176361084,46.7023468018],[-1902.796875,76.9912872314,746.122497559,-5.35780239105,150.943374634,2.72909617424,55.255947113,-91.2449111938,9.974401474,-50.7298469543,-5.19139814377,-43.692150116,-37.0862426758],[912.907531738,9.78240680695,-5.35780239105,332.188751221,79.8211746216,-7.57713317871,-34.7019386292,-14.8478717804,-37.8242073059,-3.13216757774,-39.2213401794,-31.6357765198,-9.32245445251],[-1418.51293945,217.064926147,150.943374634,79.8211746216,360.273681641,-41.9750671387,83.6285934448,-61.6719360352,10.0156269073,-34.4590148926,17.0414180756,-43.0898323059,-6.9527258873],[563.591918945,-94.2848434448,2.72909617424,-7.57713317871,-41.9750671387,211.505584717,26.0478000641,23.304151535,-14.3216619492,9.07840824127,-28.9349689484,2.24993729591,-35.4098587036],[-815.790039062,133.032196045,55.255947113,-34.7019386292,83.6285934448,26.0478000641,201.18347168,17.5484619141,5.59796047211,-48.8625831604,-2.95676016808,-41.5312576294,-20.7592201233],[354.98727417,-118.284751892,-91.2449111938,-14.8478717804,-61.6719360352,23.304151535,17.5484619141,115.604293823,24.7138404846,12.6538419724,-29.8894577026,3.72255587578,-11.0572834015],[-404.759490967,50.6592597961,9.974401474,-37.8242073059,10.0156269073,-14.3216619492,5.59796047211,24.7138404846,106.254272461,12.620054245,3.38523340225,-14.6667413712,-0.758943855762],[15.6921424866,-176.422912598,-50.7298469543,-3.13216757774,-34.4590148926,9.07840824127,-48.8625831604,12.6538419724,12.620054245,112.687652588,11.6734905243,43.3338470459,-8.34220123291],[-464.849853516,87.2553863525,-5.19139814377,-39.2213401794,17.0414180756,-28.9349689484,-2.95676016808,-29.8894577026,3.38523340225,11.6734905243,100.961410522,21.2075786591,25.5322475433],[-41.0987205505,-147.176361084,-43.692150116,-31.6357765198,-43.0898323059,2.24993729591,-41.5312576294,3.72255587578,-14.6667413712,43.3338470459,21.2075786591,106.488769531,23.3990840912],[-179.317306519,46.7023468018,-37.0862426758,-9.32245445251,-6.9527258873,-35.4098587036,-20.7592201233,-11.0572834015,-0.758943855762,-8.34220123291,25.5322475433,23.3990840912,91.7406616211]],"icov":[[0.000164031866007,-0.000375748728402,0.000259182736045,-0.000391901703551,0.00054405874107,-0.000357998622349,0.000641127408016,-0.000404490798246,0.000580766471103,-0.0000422318662459,0.000534704362508,-0.0000822486035759,0.00044935659389],[-0.000375748728402,0.00204097712412,-0.000388107699109,0.000827929005027,-0.00145201198757,0.000923793704715,-0.00181173952296,0.00191164540593,-0.00210520997643,0.00146366457921,-0.00218024803326,0.00123191438615,-0.00137098552659],[0.000259182736045,-0.000388107699109,0.00213104276918,-0.000436553033069,0.00038134973147,-0.00066466833232,0.000806585070677,0.000908204121515,0.000338482292136,0.000660801248159,0.00107311503962,0.0000284739999188,0.00134259101469],[-0.000391901703551,0.000827929005027,-0.000436553033069,0.00488876085728,-0.00257831439376,0.000897751713637,-0.000205245800316,0.000688971776981,0.000365288753528,-0.000493848987389,0.00026612682268,0.00156036717817,-0.00119340769015],[0.00054405874107,-0.00145201198757,0.00038134973147,-0.00257831439376,0.00606786087155,-0.000495542539284,0.000138382791192,0.000481920404127,0.00103067071177,-0.000381840683986,0.00139086262789,-0.000257768260781,0.00170521088876],[-0.000357998622349,0.000923793704715,-0.00066466833232,0.000897751713637,-0.000495542539284,0.00633475976065,-0.00244932319038,0.000639657955617,-0.000515710155014,-0.00037062773481,-0.000175227090949,-0.000206738041015,0.000646421220154],[0.000641127408016,-0.00181173952296,0.000806585070677,-0.000205245800316,0.000138382791192,-0.00244932319038,0.01002514828,-0.00442515313625,0.0032014772296,0.00183938944247,0.00150498165749,0.000960831355769,0.00281074643135],[-0.000404490798246,0.00191164540593,0.000908204121515,0.000688971776981,0.000481920404127,0.000639657955617,-0.00442515313625,0.0149404909462,-0.00561603764072,0.000446814083261,0.00151957129128,-0.000120279255498,-0.000641862105113],[0.000580766471103,-0.00210520997643,0.000338482292136,0.000365288753528,0.00103067071177,-0.000515710155014,0.0032014772296,-0.00561603764072,0.014349068515,-0.00341529538855,0.00196030829102,0.00218818639405,0.00101188896224],[-0.0000422318662459,0.00146366457921,0.000660801248159,-0.000493848987389,-0.000381840683986,-0.00037062773481,0.00183938944247,0.000446814083261,-0.00341529538855,0.0144127346575,-0.0029443828389,-0.00366126489826,0.00272298324853],[0.000534704362508,-0.00218024803326,0.00107311503962,0.00026612682268,0.00139086262789,-0.000175227090949,0.00150498165749,0.00151957129128,0.00196030829102,-0.0029443828389,0.0156429167837,-0.00267033861019,-0.00074663606938],[-0.0000822486035759,0.00123191438615,0.0000284739999188,0.00156036717817,-0.000257768260781,-0.000206738041015,0.000960831355769,-0.000120279255498,0.00218818639405,-0.00366126489826,-0.00267033861019,0.0149982813746,-0.0039112935774],[0.00044935659389,-0.00137098552659,0.00134259101469,-0.00119340769015,0.00170521088876,0.000646421220154,0.00281074643135,-0.000641862105113,0.00101188896224,0.00272298324853,-0.00074663606938,-0.0039112935774,0.015296779573]],"mean":[-32.3622703552,81.1756973267,-116.215339661,57.1425895691,-46.9135742188,23.6575927734,-32.5151748657,11.139383316,-20.2396945953,1.87634992599,-15.2332496643,-2.21465563774,-8.20532131195]},"hfc":{"dmean":7.34334897995,"dmean2":10.0817575455,"dvar":131.169662476,"dvar2":268.422393799,"max":322.886657715,"mean":20.6153049469,"median":13.2697582245,"min":1.09008441926e-16,"var":533.383483887},"melbands":{"dmean":[0.000526957213879,0.00101130222902,0.000642924918793,0.000246683077421,0.000147609287524,0.000143843179103,0.0000562670393265,0.0000395221250074,0.0000711377724656,0.000108465377707,0.0000637637276668,0.0000251154961006,0.0000273091136478,0.0000245478167926,0.0000263959755102,0.0000324538668792,0.0000261632631009,0.0000242900459853,0.0000182983003469,0.0000178683385457,0.0000141822802107,0.0000266771239694,0.0000141450118463,0.00000974124668573,0.00000922885283217,0.00000942545739235,0.00000605669765719,0.00000591331217947,0.00000522933305547,0.00000687537203703,0.00000673938529872,0.00000408001506003,0.0000026608272492,0.00000298574354929,0.00000178291747943,0.00000116618105039,9.98708856059e-7,9.95645677904e-7,0.00000102894330212,9.86743430076e-7],"dmean2":[0.000830041186418,0.00151291047223,0.000952114001848,0.000383998936741,0.000226569594815,0.000220837289817,0.0000882264139364,0.0000622759544058,0.000103248406958,0.000158371592988,0.0000858720522956,0.0000368572364096,0.0000411001856264,0.0000371674505004,0.0000414355490648,0.0000513019294885,0.000040875900595,0.0000369162662537,0.0000278483730654,0.0000290144889732,0.0000221972422878,0.0000435041984019,0.0000231172653002,0.0000154511835717,0.0000144754858411,0.0000149621509991,0.00000926579014049,0.00000913566509553,0.00000809730317997,0.0000111507742986,0.0000112996549433,0.00000681512847223,0.00000426919905294,0.00000463315473098,0.00000276418995782,0.00000176320179435,0.00000152954237365,0.00000153042753936,0.00000156006990437,0.00000152180177793],"dvar":[5.65080199522e-7,0.00000238387542595,0.00000122841902339,2.83153724467e-7,9.81374270737e-8,9.55719627882e-8,3.18084971695e-8,1.60562727558e-8,4.96078484957e-8,1.26014441548e-7,4.45657768466e-8,5.79419001667e-9,6.88498325019e-9,1.50213779193e-8,1.53394452695e-8,1.06872111161e-8,4.83533701967e-9,5.37756861263e-9,2.87026802326e-9,1.34134725549e-9,1.15464438011e-9,3.40722094982e-9,6.95459245748e-10,2.81773882005e-10,3.17561671404e-10,2.8600219415e-10,1.38541650374e-10,1.32465788338e-10,1.62471702758e-10,1.88239313026e-10,2.73592037914e-10,7.389003992e-11,2.89742171228e-11,4.29609924024e-11,1.96649311418e-11,1.23147715983e-11,1.56647403382e-11,1.6599692107e-11,8.3314528887e-11,1.02380846856e-11],"dvar2":[0.00000140827103223,0.00000507211643708,0.0000026857433113,6.73691033626e-7,2.10913810861e-7,2.03373147656e-7,7.36590237693e-8,3.69595731797e-8,1.01361074201e-7,3.10871030251e-7,7.27310265347e-8,9.13889586229e-9,1.33745983177e-8,2.77598442011e-8,3.37723520261e-8,2.21768754471e-8,1.15332312589e-8,1.17047651571e-8,6.44905950864e-9,3.32649752188e-9,2.78576695045e-9,8.49085246557e-9,1.75943981606e-9,6.79128864256e-10,6.82263412433e-10,6.93401502883e-10,3.26307175724e-10,3.18763238027e-10,4.21415013996e-10,4.71980343697e-10,7.38419325685e-10,1.98725369494e-10,6.8826944144e-11,9.85472745074e-11,4.24036500357e-11,2.42449896964e-11,3.71820248202e-11,3.40777961405e-11,2.05632844086e-10,2.14666253523e-11],"max":[0.00920202955604,0.0224402323365,0.0122356954962,0.00662864092737,0.00880737602711,0.0072768763639,0.00546594522893,0.00362067157403,0.00721057225019,0.00991934817284,0.0103925997391,0.00429441826418,0.00364807224832,0.00844075810164,0.00763408700004,0.00541118811816,0.00164021225646,0.00219637248665,0.00164930149913,0.000783096125815,0.0012830136111,0.00111163919792,0.000491305079777,0.000411842629546,0.000805914402008,0.000299868319416,0.000416968774516,0.000311171490466,0.000586429436225,0.000222383270739,0.000245881907176,0.000139414943988,0.000127437902847,0.000199618531042,0.000143911340274,0.000124485828565,0.000129837862914,0.000147848870256,0.000584990892094,0.00016173372569],"mean":[0.00115094392095,0.00235520768911,0.00117711001076,0.000357732031262,0.000259935070062,0.000292330340017,0.0000935773423407,0.000060098926042,0.000139031966683,0.000259132357314,0.000137114679092,0.0000512411388627,0.0000475017441204,0.0000399731798097,0.0000437447488366,0.000053890311392,0.0000410294123867,0.000040363327571,0.0000330247676175,0.0000312823976856,0.0000266404113063,0.0000441529118689,0.0000238200464082,0.0000165287801792,0.0000156233272719,0.0000156801161211,0.0000108370204543,0.0000104066284621,0.00000861335320224,0.00000954428742261,0.00000807029027783,0.00000580944515605,0.00000424055861004,0.0000045573551688,0.00000299603266285,0.00000199003625312,0.00000156438625254,0.00000157199406203,0.0000014958718566,0.00000137429242386],"median":[0.000904986634851,0.00169599894434,0.000609379727393,0.000141346710734,0.0000801944188424,0.0000841925211716,0.0000249519798672,0.0000162159485626,0.0000195677857846,0.0000275555612461,0.000011514196558,0.0000102555841295,0.0000138453979162,0.0000117232038974,0.0000141154587254,0.0000140625434142,0.0000113591104309,0.0000115936627481,0.00000883725260792,0.0000119445394375,0.00000990047828964,0.0000147608679981,0.0000104778509922,0.0000078677185229,0.00000620729770162,0.00000523057951796,0.00000369237795894,0.00000349017955159,0.00000309660026687,0.00000347995523953,0.0000026298305329,0.00000186033548744,0.000001418771717,0.00000179900280273,0.00000108768892915,5.72467399707e-7,4.24566195534e-7,3.84550844501e-7,2.94040376048e-7,3.76321963813e-7],"min":[6.06113092095e-25,3.59124834886e-25,1.31819653199e-24,1.46199571843e-24,2.05676035615e-24,2.27588086929e-24,1.36033215674e-24,9.13331027328e-25,2.40060510321e-24,2.31525370593e-24,3.42240480083e-24,2.2864590996e-24,1.02078334895e-24,2.98196068327e-24,2.30315928496e-24,2.78970167281e-24,3.21221162935e-24,2.71364818459e-24,3.79909929371e-24,3.7238179031e-24,2.4868554075e-24,4.43278179254e-24,4.11903011686e-24,3.88102328758e-24,5.00107087778e-24,4.55556996459e-24,4.18453436542e-24,4.70008928243e-24,4.50621093775e-24,5.90848732186e-24,4.45023731222e-24,4.21017431699e-24,4.57499408666e-24,5.75814936599e-24,5.41895219295e-24,6.60975468989e-24,7.0595328069e-24,5.1060856192e-24,5.41646649224e-24,6.51405757905e-24],"var":[0.00000116321155019,0.00000601055808147,0.00000238800953412,3.55171664523e-7,2.77922623582e-7,3.29339314931e-7,6.10908799104e-8,3.44411574815e-8,1.76642373617e-7,5.47346246549e-7,3.25217541786e-7,3.45764092913e-8,1.89799873596e-8,3.19134798588e-8,2.69997020297e-8,3.26902807046e-8,1.01442694245e-8,1.26732597749e-8,1.11657474378e-8,2.93801205586e-9,3.34477845421e-9,6.77131062332e-9,1.32316024803e-9,5.84248593949e-10,8.14119216486e-10,6.72349287356e-10,3.8297001681e-10,3.01326047447e-10,2.48375042755e-10,2.4073668059e-10,2.52613735485e-10,9.77464914564e-11,5.91958634888e-11,7.49313111559e-11,4.25525760461e-11,2.75834025759e-11,2.31888362678e-11,3.09294707901e-11,8.2238535426e-11,1.8392801171e-11]},"melbands_crest":{"dmean":2.78450775146,"dmean2":4.53472948074,"dvar":7.13159227371,"dvar2":18.3992080688,"max":38.8187942505,"mean":14.9376792908,"median":14.9713468552,"min":1.572255373,"var":22.2970027924},"melbands_flatness_db":{"dmean":0.0298713911325,"dmean2":0.0436456054449,"dvar":0.00108193664346,"dvar2":0.00227127433755,"max":0.532159149647,"mean":0.189824342728,"median":0.171357542276,"min":0.00399544648826,"var":0.00763977924362},"melbands_kurtosis":{"dmean":9.30270195007,"dmean2":14.4086093903,"dvar":283.08215332,"dvar2":660.716247559,"max":221.284515381,"mean":18.1097755432,"median":7.51955986023,"min":-1.80270051956,"var":767.679382324},"melbands_skewness":{"dmean":0.865751624107,"dmean2":1.29830431938,"dvar":1.01002144814,"dvar2":2.2295126915,"max":11.9328174591,"mean":3.0381000042,"median":2.5751786232,"min":-1.36135578156,"var":4.17783117294},"melbands_spread":{"dmean":11.0377607346,"dmean2":17.0879631042,"dvar":236.963119507,"dvar2":519.976135254,"max":255.795806885,"mean":33.1588554382,"median":26.5786380768,"min":0.559251904488,"var":836.937561035},"mfcc":{"cov":[[12239.09375,-330.077728271,61.6472511292,-91.5795669556,-184.0519104,-75.0243225098,-204.313354492,43.1214790344,51.0249443054,-19.8374385834,20.3612117767,-86.2616043091,-84.5190124512],[-330.077728271,1417.75427246,57.5580978394,186.837280273,131.222854614,85.8466262817,101.761512756,68.9327697754,-37.8379631042,57.1684341431,-50.8015518188,-40.874912262,-0.438172459602],[61.6472511292,57.5580978394,482.363342285,-15.0264396667,34.7307929993,53.6530761719,-3.43706893921,9.94070720673,-13.207444191,-5.25906705856,-5.94605112076,-19.6547660828,-11.1411457062],[-91.5795669556,186.837280273,-15.0264396667,374.957336426,120.34098053,33.2978973389,43.6151542664,-12.4218816757,18.1929283142,0.105012327433,-32.2143745422,3.27318072319,-2.10116744041],[-184.0519104,131.222854614,34.7307929993,120.34098053,208.473022461,55.6541862488,9.75347137451,-18.4057369232,-1.72696101665,7.51196146011,-28.3655986786,-0.332187503576,3.9656085968],[-75.0243225098,85.8466262817,53.6530761719,33.2978973389,55.6541862488,169.261108398,57.3455505371,26.7006950378,9.46757698059,-7.32631349564,25.2226791382,-5.42025375366,7.04366493225],[-204.313354492,101.761512756,-3.43706893921,43.6151542664,9.75347137451,57.3455505371,155.441268921,48.3691139221,-2.11504888535,8.79070854187,-12.0512886047,-3.9240090847,-15.1296892166],[43.1214790344,68.9327697754,9.94070720673,-12.4218816757,-18.4057369232,26.7006950378,48.3691139221,117.472473145,33.2153625488,16.2527885437,12.4899816513,-6.74573373795,-17.7595558167],[51.0249443054,-37.8379631042,-13.207444191,18.1929283142,-1.72696101665,9.46757698059,-2.11504888535,33.2153625488,104.064468384,9.60483074188,26.2880058289,6.40659618378,-7.49173641205],[-19.8374385834,57.1684341431,-5.25906705856,0.105012327433,7.51196146011,-7.32631349564,8.79070854187,16.2527885437,9.60483074188,106.194137573,2.81987571716,-6.91039609909,-23.5779018402],[20.3612117767,-50.8015518188,-5.94605112076,-32.2143745422,-28.3655986786,25.2226791382,-12.0512886047,12.4899816513,26.2880058289,2.81987571716,98.9248962402,27.7943744659,12.2802581787],[-86.2616043091,-40.874912262,-19.6547660828,3.27318072319,-0.332187503576,-5.42025375366,-3.9240090847,-6.74573373795,6.40659618378,-6.91039609909,27.7943744659,72.9720916748,24.2179775238],[-84.5190124512,-0.438172459602,-11.1411457062,-2.10116744041,3.9656085968,7.04366493225,-15.1296892166,-17.7595558167,-7.49173641205,-23.5779018402,12.2802581787,24.2179775238,72.2402801514]],"icov":[[0.0000868834831635,0.0000122350511447,-0.00000822362017061,-0.0000270209857263,0.0000771069753682,-0.0000246307554335,0.000148482562508,-0.000067739514634,-0.00000733015303922,0.0000267195100605,0.00000110843916445,0.000080685262219,0.0000930074747885],[0.0000122350511447,0.000887528061867,-0.0000512346159667,-0.000352406699676,-0.000295239209663,-0.000139882249641,-0.000184414442629,-0.000637281860691,0.000527271709871,-0.000473657186376,0.000151318046846,0.00042797671631,-0.000433010485722],[-0.00000822362017061,-0.0000512346159667,0.0022395318374,0.000213127554161,-0.000293244898785,-0.000793091952801,0.000455889792647,-0.000243301648879,0.000346077082213,0.000184379532584,0.000153097615112,0.000277127604932,0.000447886268375],[-0.0000270209857263,-0.000352406699676,0.000213127554161,0.00368974497542,-0.00180977908894,0.000131884342409,-0.0010382598266,0.000942029466387,-0.00125298683997,0.000390760746086,0.0006709091831,-0.000498722132761,0.000257804000285],[0.0000771069753682,-0.000295239209663,-0.000293244898785,-0.00180977908894,0.00728956004605,-0.00277734734118,0.00121811532881,0.00114359671716,-0.00029492349131,-0.00092795281671,0.00243079313077,-0.00106429413427,0.00000758799706091],[-0.0000246307554335,-0.000139882249641,-0.000793091952801,0.000131884342409,-0.00277734734118,0.00917492993176,-0.00345461559482,-0.000699742231518,-0.00024802054395,0.00119348580483,-0.00394753692672,0.00222674920224,-0.00149745179806],[0.000148482562508,-0.000184414442629,0.000455889792647,-0.0010382598266,0.00121811532881,-0.00345461559482,0.00969157554209,-0.00351803423837,0.00143813225441,-0.00032174368971,0.00221999851055,-0.00140877219383,0.00178659718949],[-0.000067739514634,-0.000637281860691,-0.000243301648879,0.000942029466387,0.00114359671716,-0.000699742231518,-0.00351803423837,0.0123804882169,-0.00399964023381,-0.000657115888316,-0.00073581840843,0.000409303524066,0.00157763727475],[-0.00000733015303922,0.000527271709871,0.000346077082213,-0.00125298683997,-0.00029492349131,-0.00024802054395,0.00143813225441,-0.00399964023381,0.0122268414125,-0.000599438673817,-0.00272850040346,-0.000301236694213,0.00100700662006],[0.0000267195100605,-0.000473657186376,0.000184379532584,0.000390760746086,-0.00092795281671,0.00119348580483,-0.00032174368971,-0.000657115888316,-0.000599438673817,0.010814092122,-0.00127428106498,0.000246732932283,0.00337508833036],[0.00000110843916445,0.000151318046846,0.000153097615112,0.0006709091831,0.00243079313077,-0.00394753692672,0.00221999851055,-0.00073581840843,-0.00272850040346,-0.00127428106498,0.0148625243455,-0.00539869628847,-0.000834648089949],[0.000080685262219,0.00042797671631,0.000277127604932,-0.000498722132761,-0.00106429413427,0.00222674920224,-0.00140877219383,0.000409303524066,-0.000301236694213,0.000246732932283,-0.00539869628847,0.0181374177337,-0.00534128723666],[0.0000930074747885,-0.000433010485722,0.000447886268375,0.000257804000285,0.00000758799706091,-0.00149745179806,0.00178659718949,0.00157763727475,0.00100700662006,0.00337508833036,-0.000834648089949,-0.00534128723666,0.0180715750903]],"mean":[-661.395446777,98.7752685547,-0.359182238579,36.7012214661,13.5600452423,16.1982021332,5.24144697189,8.59101772308,4.97060585022,1.34025681019,2.53476333618,0.757020950317,-1.18255901337]},"pitch_salience":{"dmean":0.0644763633609,"dmean2":0.103197060525,"dvar":0.00339629873633,"dvar2":0.00864905770868,"max":0.83773291111,"mean":0.5309060812,"median":0.524245023727,"min":0.0450799688697,"var":0.00998882297426},"silence_rate_20dB":{"dmean":0,"dmean2":0,"dvar":0,"dvar2":0,"max":1,"mean":1,"median":1,"min":1,"var":0},"silence_rate_30dB":{"dmean":0.000896325043868,"dmean2":0.00179291795939,"dvar":0.000895540521014,"dvar2":0.00238724332303,"max":1,"mean":0.999402523041,"median":1,"min":0,"var":0.000597070320509},"silence_rate_60dB":{"dmean":0.0334628038108,"dmean2":0.0669356063008,"dvar":0.0323410816491,"dvar2":0.0744125619531,"max":1,"mean":0.106945484877,"median":0,"min":0,"var":0.0955141335726},"spectral_centroid":{"dmean":345.958404541,"dmean2":525.337646484,"dvar":177076.875,"dvar2":373024.4375,"max":11857.6298828,"mean":1852.95263672,"median":1812.58032227,"min":136.703720093,"var":1532604.625},"spectral_complexity":{"dmean":4.64415884018,"dmean2":6.60899448395,"dvar":29.9334640503,"dvar2":53.3479766846,"max":61,"mean":17.9675884247,"median":15,"min":0,"var":174.862579346},"spectral_contrast_coeffs":{"dmean":[0.048893135041,0.047381862998,0.0370084829628,0.0303159337491,0.0223858579993,0.0226169582456],"dmean2":[0.0792156606913,0.0762534663081,0.0590722933412,0.0491090528667,0.0356161445379,0.0354273878038],"dvar":[0.00194887281395,0.00160511722788,0.00102390313987,0.000592942466028,0.00034199716174,0.000451084313681],"dvar2":[0.00486832764,0.00384109490551,0.00236062798649,0.00144734419882,0.000822148576844,0.00103754817974],"max":[-0.424358725548,-0.361655384302,-0.401067137718,-0.560793042183,-0.585616588593,-0.549311935902],"mean":[-0.682995855808,-0.7404910326,-0.782179534435,-0.786370575428,-0.794838249683,-0.746848404408],"median":[-0.676913261414,-0.753959417343,-0.800606071949,-0.790231347084,-0.796320319176,-0.741989254951],"min":[-0.978537559509,-0.973502755165,-0.975759983063,-0.969628751278,-0.96533125639,-0.963591516018],"var":[0.00560814002529,0.00966368988156,0.00750652747229,0.00313687906601,0.00210373708978,0.00241364422254]},"spectral_contrast_valleys":{"dmean":[0.42482894659,0.422623991966,0.349475592375,0.310875564814,0.322952151299,0.372890293598],"dmean2":[0.662112414837,0.663174748421,0.543395936489,0.469225615263,0.455481559038,0.495051503181],"dvar":[0.198622271419,0.189990162849,0.139893725514,0.126102402806,0.16697281599,0.208477199078],"dvar2":[0.379807621241,0.379805237055,0.257116287947,0.213904842734,0.276475638151,0.377434253693],"max":[-5.3968706131,-5.40816831589,-5.5159497261,-5.39600324631,-5.18679523468,-6.96748781204],"mean":[-7.41716718674,-7.61526012421,-7.97058725357,-7.97705078125,-7.69191026688,-10.3107089996],"median":[-7.01027822495,-7.26223707199,-7.644135952,-7.62685394287,-7.34929656982,-9.91911315918],"min":[-28.0845794678,-28.0567893982,-27.751537323,-27.7486038208,-27.6030101776,-27.4406147003],"var":[5.51020336151,5.26611995697,5.00673913956,4.99022960663,5.20400428772,4.57191944122]},"spectral_decrease":{"dmean":1.77113401723e-9,"dmean2":2.43842013248e-9,"dvar":5.60115591059e-18,"dvar2":1.05703325983e-17,"max":3.10825901024e-23,"mean":-5.66182212225e-9,"median":-4.6529118336e-9,"min":-2.97109910008e-8,"var":2.14532683306e-17},"spectral_energy":{"dmean":0.00716811651364,"dmean2":0.00981426332146,"dvar":0.0000867872222443,"dvar2":0.000162416865351,"max":0.116825640202,"mean":0.0232388600707,"median":0.0192257855088,"min":1.00984576016e-20,"var":0.000350586458808},"spectral_energyband_high":{"dmean":0.000697661656886,"dmean2":0.0010352737736,"dvar":0.00000187097066373,"dvar2":0.00000417657565777,"max":0.0379798449576,"mean":0.00127874244936,"median":0.000576663704123,"min":6.9004311428e-21,"var":0.00000411684459323},"spectral_energyband_low":{"dmean":0.00438720034435,"dmean2":0.00639943266287,"dvar":0.0000419947355113,"dvar2":0.0000858322891872,"max":0.0954887792468,"mean":0.0107570961118,"median":0.00802688486874,"min":1.25509726396e-23,"var":0.000115468894364},"spectral_energyband_middle_high":{"dmean":0.0014754087897,"dmean2":0.00207382580265,"dvar":0.00000609677363173,"dvar2":0.0000115117727546,"max":0.0790991559625,"mean":0.00459170620888,"median":0.00234254053794,"min":1.19285098885e-21,"var":0.0000442691452918},"spectral_energyband_middle_low":{"dmean":0.00305518112145,"dmean2":0.00444853212684,"dvar":0.0000230464775086,"dvar2":0.0000494275227538,"max":0.0762544944882,"mean":0.00776934996247,"median":0.0047986744903,"min":1.80493533438e-22,"var":0.0000755781293265},"spectral_entropy":{"dmean":0.154110506177,"dmean2":0.224390417337,"dvar":0.0331485942006,"dvar2":0.0693402662873,"max":9.82226753235,"mean":7.74717712402,"median":7.84570884705,"min":5.40181350708,"var":0.254706561565},"spectral_flux":{"dmean":0.0225903429091,"dmean2":0.0346025824547,"dvar":0.000644565094262,"dvar2":0.00156471307855,"max":0.300221353769,"mean":0.0725168958306,"median":0.0666359513998,"min":6.31726476685e-11,"var":0.00177312525921},"spectral_kurtosis":{"dmean":1.19067060947,"dmean2":2.00351905823,"dvar":2.61002659798,"dvar2":7.35179376602,"max":44.8361854553,"mean":3.24965667725,"median":2.72690057755,"min":-1.4627352953,"var":5.65716123581},"spectral_rms":{"dmean":0.000740386836696,"dmean2":0.000994427711703,"dvar":7.25206916741e-7,"dvar2":0.00000129128773096,"max":0.010675964877,"mean":0.00429916987196,"median":0.00433091958985,"min":3.13881407844e-12,"var":0.00000418927720602},"spectral_rolloff":{"dmean":708.892272949,"dmean2":1170.95117188,"dvar":1164505.5,"dvar2":2545834.5,"max":19530.6152344,"mean":2085.00830078,"median":1593.45703125,"min":21.533203125,"var":6415980},"spectral_skewness":{"dmean":0.195048168302,"dmean2":0.313804090023,"dvar":0.047475323081,"dvar2":0.119676537812,"max":5.43480491638,"mean":1.24972295761,"median":1.20075643063,"min":-0.314962178469,"var":0.17629891634},"spectral_spread":{"dmean":544872.375,"dmean2":813116.125,"dvar":662768386048,"dvar2":1178728005630,"max":42098644,"mean":4982854.5,"median":4583821.5,"min":1714346.625,"var":14071683350500},"spectral_strongpeak":{"dmean":0.435036450624,"dmean2":0.75406652689,"dvar":0.754401803017,"dvar2":1.8926949501,"max":12.2538394928,"mean":0.747107803822,"median":0.269747376442,"min":0,"var":1.56397795677},"zerocrossingrate":{"dmean":0.0125294402242,"dmean2":0.0151742901653,"dvar":0.000224358940613,"dvar2":0.000276233855402,"max":0.5224609375,"mean":0.0750536769629,"median":0.068359375,"min":0.0029296875,"var":0.00374012184329}},"metadata":{"audio_properties":{"analysis_sample_rate":44100,"bit_rate":320000,"codec":"mp3","downmix":"mix","equal_loudness":0,"length":155.428573608,"lossless":false,"md5_encoded":"1e9f30b71e5c872cb3737f35a4422eed","replay_gain":-13.0430831909,"sample_rate":44100},"tags":{"album":["Diana Ross & the Supremes Join the Temptaions [Japan]"],"albumartist":["Diana Ross & the Supremes"],"artist":["Diana Ross & The Supremes/The Temptations"],"bpm":["110"],"composer":["Arlester \"Dyke\" Christian"],"date":["1968"],"file_name":"06 Funky Broadway 1.mp3","genre":["R & B/Soul"],"initialkey":["F"],"label":["Motown"],"language":["eng"],"length":["155000"],"musicbrainz_albumid":["ee8cb9d3-86f5-4061-a671-66e887b1ff28"],"musicbrainz_recordingid":["966d7f8f-4dd8-4cf5-9afd-1a90bf9427fe"],"musicbrainz_releasegroupid":["3e89cff4-57b8-34d7-ac88-cbce85e3b544"],"title":["Funky Broadway"],"tracknumber":["6"]},"version":{"essentia":"2.1-beta2","essentia_build_sha":"cead25079874084f62182a551b7393616cd33d87","essentia_git_sha":"v2.1_beta2-1-ge3940c0","extractor":"music 1.0"}},"rhythm":{"beats_count":281,"beats_loudness":{"dmean":0.0148849673569,"dmean2":0.0258367080241,"dvar":0.000159836825333,"dvar2":0.00042620752356,"max":0.0989172309637,"mean":0.0360206700861,"median":0.0365338400006,"min":0,"var":0.000375940871891},"beats_loudness_band_ratio":{"dmean":[0.214329019189,0.0867373123765,0.0775318741798,0.057685893029,0.0637905225158,0.0758260712028],"dmean2":[0.384525448084,0.150926828384,0.139349609613,0.100466117263,0.113361053169,0.146846443415],"dvar":[0.0236676633358,0.00905047357082,0.0100840199739,0.00474877888337,0.00389654678293,0.00401136325672],"dvar2":[0.0642770528793,0.0254420936108,0.0261479988694,0.0130867967382,0.0100801074877,0.012702104