{"lowlevel":{"average_loudness":0.895336449146,"barkbands":{"dmean":[0.0000335336153512,0.00145251839422,0.00141016114503,0.00210954481736,0.00329246092588,0.00236414512619,0.00152586912736,0.00135814887471,0.00122409919277,0.000264615024207,0.00017690093955,0.0000697363793734,0.0000257131232502,0.0000400356511818,0.000173151216586,0.000209063407965,0.000212204802665,0.000243623173446,0.000108112122689,0.0000279107953247,0.000107768348244,0.000186945850146,0.0000286369577225,0.000025091569114,0.0000112424177132,0.0000064366472543,1.23940253616e-7],"dmean2":[0.0000544159738638,0.00242927856743,0.00245612044819,0.0036559808068,0.00562551803887,0.0040606027469,0.00260979798622,0.00228192284703,0.00198603537865,0.000425390724558,0.000280675303657,0.000114015063446,0.0000432850538346,0.0000668485445203,0.000277278362773,0.000317031284794,0.000338545069098,0.000382218539016,0.000173443026142,0.0000434227986261,0.000163888791576,0.000281888234895,0.0000443199860456,0.0000370221569028,0.0000160294475791,0.00000940408790484,2.13108663161e-7],"dvar":[3.48925599525e-9,0.00000951993297349,0.00000944056682783,0.0000147185946844,0.0000509812889504,0.0000384678860428,0.0000258790842054,0.0000190791142813,0.0000134059573611,5.37423090918e-7,1.52680399879e-7,2.98604732052e-8,3.33383809448e-9,1.15001483891e-8,2.1582508225e-7,2.7176633921e-7,1.74428762989e-7,2.80475717318e-7,8.2613176744e-8,2.49864240409e-9,3.32484049181e-8,1.31079474386e-7,3.20925486186e-9,1.66027325221e-9,3.06656977589e-10,1.32245603357e-10,9.04945860407e-15],"dvar2":[8.21110113236e-9,0.0000244091879722,0.0000263639594777,0.0000404730672017,0.000136590562761,0.000103479702375,0.0000676934432704,0.0000469920087198,0.000033735515899,0.00000129116574499,3.61019715456e-7,7.41607237842e-8,9.03614250092e-9,3.01542151249e-8,5.56451254852e-7,5.17140961165e-7,3.87118461731e-7,5.27379029336e-7,1.74384538809e-7,5.15838438631e-9,7.15059584877e-8,2.82954061959e-7,7.41682226746e-9,3.45436035332e-9,6.65005550626e-10,2.84114759497e-10,2.62013209794e-14],"max":[0.000879712868482,0.0512312091887,0.0410247594118,0.0427009165287,0.068148471415,0.0934273302555,0.109466463327,0.114669106901,0.0522478632629,0.0244074892253,0.00787148438394,0.00504119927064,0.0014010266168,0.00217479094863,0.00832485314459,0.0135029572994,0.00959740206599,0.0151484273374,0.00986573752016,0.00228272075765,0.00320991827175,0.00498555600643,0.00144481635652,0.000836281804368,0.000232342150412,0.000200544454856,0.00000179975893388],"mean":[0.0000434721005149,0.00265718461014,0.00247710337862,0.00314758392051,0.00546844815835,0.00279394583777,0.00140891550109,0.0013071608264,0.00148705113679,0.000344224419678,0.00026874509058,0.0000939769815886,0.0000352690512955,0.0000487872275698,0.000294274708722,0.000350291171344,0.000351697555743,0.000431269581895,0.000198909692699,0.0000632668015896,0.000218843269977,0.000345038191881,0.000062007951783,0.0000593855475017,0.0000247625976044,0.0000107468440547,0.00000109112693281],"median":[0.0000220460733544,0.00175314443186,0.000956885283813,0.00190101237968,0.0037526183296,0.00135693931952,0.000356783886673,0.000232465390582,0.000364146573702,0.0000907404173631,0.0000714306952432,0.0000273354544333,0.0000148706403706,0.0000173269327206,0.0000593132099311,0.00010604968702,0.000160057999892,0.000229180659517,0.0000845311296871,0.0000344998297805,0.000124935540953,0.000132833141834,0.0000210034922929,0.0000246344807238,0.0000106671268441,0.0000035834755181,0.00000108698066015],"min":[2.45119846071e-23,3.96278240952e-24,2.65756037144e-23,3.36806135636e-24,1.85244104296e-23,1.03961698891e-23,5.12365157941e-23,6.81713904324e-23,1.201964011e-23,8.65717666842e-23,6.1993965834e-23,5.30068711267e-23,1.57512879309e-22,1.49522033884e-22,1.66320353544e-22,2.58479805035e-22,2.45508407399e-22,2.89065898706e-22,9.41246112916e-23,3.68265059722e-22,3.72640322116e-22,3.10846461895e-22,7.87433634962e-22,6.04083781337e-22,1.2372152135e-21,1.78826229845e-21,2.50070068158e-21],"var":[4.46196946058e-9,0.0000118009493235,0.0000116794781206,0.0000168686474353,0.0000499855486851,0.0000317606536555,0.0000201038619707,0.0000178974132723,0.0000134807141876,6.7838158202e-7,2.91857134016e-7,4.16945518111e-8,3.57120288896e-9,1.16393525929e-8,5.29978251507e-7,7.84915016538e-7,3.50785882119e-7,6.75610237977e-7,2.23165159241e-7,8.07576050477e-9,7.56732561058e-8,2.78810830423e-7,9.75283498406e-9,6.82009781983e-9,9.81754788576e-10,2.53293996888e-10,1.43309436583e-14]},"barkbands_crest":{"dmean":2.49984550476,"dmean2":4.16303873062,"dvar":6.66857719421,"dvar2":17.3984737396,"max":26.3228874207,"mean":9.82039928436,"median":8.73137950897,"min":2.72517156601,"var":16.8599338531},"barkbands_flatness_db":{"dmean":0.0224923994392,"dmean2":0.0334797948599,"dvar":0.000455829460407,"dvar2":0.0010153480107,"max":0.381030708551,"mean":0.149481162429,"median":0.143462985754,"min":0.0173505209386,"var":0.00257706991397},"barkbands_kurtosis":{"dmean":3.91700363159,"dmean2":5.9765329361,"dvar":44.3954124451,"dvar2":89.1379547119,"max":333.304626465,"mean":6.42102432251,"median":3.38036775589,"min":-1.91244578362,"var":109.684089661},"barkbands_skewness":{"dmean":0.647575557232,"dmean2":0.971815824509,"dvar":0.471088021994,"dvar2":0.983879327774,"max":9.34241199493,"mean":1.80769574642,"median":1.83563041687,"min":-14.2485256195,"var":2.19135260582},"barkbands_spread":{"dmean":6.47840118408,"dmean2":9.92570972443,"dvar":56.8342018127,"dvar2":129.326400757,"max":118.418411255,"mean":22.0839328766,"median":18.7554721832,"min":0.607019782066,"var":231.639587402},"dissonance":{"dmean":0.0208160597831,"dmean2":0.0349667146802,"dvar":0.000478054134874,"dvar2":0.00121878902428,"max":0.500000178814,"mean":0.46577885747,"median":0.474643111229,"min":0.263467162848,"var":0.000979618169367},"dynamic_complexity":3.43945169449,"erbbands":{"dmean":[0.0397879257798,0.354220926762,1.28880357742,4.22986698151,11.6687917709,9.71547603607,15.6206493378,19.6830711365,15.385802269,32.1214027405,29.0136795044,28.7992267609,12.3014583588,6.99540710449,5.20904111862,2.62122440338,1.11749196053,1.48066413403,4.21950912476,11.0598773956,9.97739982605,11.6726055145,13.8929233551,7.47550296783,3.46960234642,1.28080141544,2.29932689667,6.05299282074,7.14245653152,3.19009661674,0.582957386971,0.627929210663,0.352346390486,0.111004412174,0.0988647416234,0.0521340295672,0.00542513933033,0.000178904418135,0.0000236658488575,0.0000133965640998],"dmean2":[0.0675204843283,0.594006061554,2.23839521408,7.39385557175,20.1776332855,16.5124855042,27.2900295258,33.5421485901,26.1788368225,55.8566665649,47.2758636475,46.5829315186,19.9017295837,11.0389795303,8.29864692688,4.2639708519,1.84542918205,2.4178249836,6.78502511978,17.8470668793,15.3115253448,18.2600898743,21.3842449188,11.9452533722,5.34745264053,1.9759324789,3.6060564518,9.12900066376,10.8870096207,4.88314008713,0.870351910591,0.949007868767,0.515643715858,0.161308541894,0.142877623439,0.0755594149232,0.00788445211947,0.000268565927399,0.0000389613051084,0.0000217052420339],"dvar":[0.00736150704324,0.562353074551,8.02889633179,55.5236282349,806.121459961,307.222869873,1176.16638184,3255.67382812,4212.53076172,8947.63378906,10482.8271484,7944.36425781,1570.60302734,233.845779419,129.119171143,39.9803390503,5.91924571991,14.6479482651,106.531555176,879.615539551,575.586364746,513.087036133,998.78314209,226.38873291,90.337097168,4.91065883636,18.2583580017,111.29650116,191.592895508,43.6631622314,1.15913033485,1.20247125626,0.325090765953,0.0296273753047,0.0258057639003,0.00850349385291,0.000092026341008,4.54766002633e-8,4.07153699644e-10,5.08489306217e-10],"dvar2":[0.0199219398201,1.43277287483,21.9255924225,152.606674194,2201.39550781,841.403625488,3300.05834961,8609.86425781,11271.9306641,23419.3847656,25457.2070312,19894.2226562,3971.67895508,555.50012207,305.814758301,98.7285079956,15.637471199,37.8777236938,263.452484131,2325.88623047,1096.25537109,1088.34716797,1797.22143555,472.496429443,170.399459839,9.85294246674,41.9056968689,241.03187561,420.235168457,96.8710632324,2.48750162125,2.61867547035,0.684191048145,0.0649032667279,0.055733371526,0.0181364770979,0.000195634493139,9.5942795042e-8,1.03298980481e-9,1.295870522e-9],"max":[1.40323472023,11.4323387146,36.9849586487,95.5234222412,282.757385254,197.634063721,392.261169434,899.65435791,1400.76843262,2035.9588623,3069.94458008,1596.89746094,994.331787109,436.916381836,247.7605896,192.750732422,59.7829742432,75.2660140991,300.382293701,683.554321289,840.068847656,612.548828125,1013.07525635,576.885742188,381.576751709,110.420204163,116.951538086,206.727722168,205.019500732,99.7518615723,24.4701576233,22.5244464874,11.7506275177,2.75434684753,2.04850411415,1.62902212143,0.14165790379,0.00330705335364,0.000323544692947,0.000216073807678],"mean":[0.0739535912871,0.641399025917,2.3642885685,6.73137760162,16.5594863892,18.0229053497,20.567237854,22.9205760956,15.8196687698,28.916349411,31.9538974762,34.4409103394,15.2745838165,11.0882043839,8.06136608124,3.83605885506,1.69176483154,2.11249780655,6.5468249321,22.6297416687,19.0351581573,21.0038089752,24.9466686249,14.5533075333,6.83425807953,3.1039750576,4.80738639832,11.8910417557,13.0430955887,6.08544063568,1.41441333294,1.41839158535,0.807164669037,0.268747091293,0.193636447191,0.0872536450624,0.00962346512824,0.000769027101342,0.000161506643053,0.0000454289001937],"median":[0.0353484004736,0.457065165043,1.25134968758,4.7881102562,9.43494415283,13.6178617477,12.1618928909,9.59218502045,5.51504230499,6.5721039772,7.32976055145,8.31098079681,5.68477916718,4.68478059769,3.32680463791,1.39291715622,0.83790242672,0.900607943535,2.34307980537,5.13153123856,7.74647283554,10.1770849228,13.6764297485,8.45488262177,3.40851664543,1.78859186172,2.78069448471,6.34240245819,5.32656908035,1.99390423298,0.518254697323,0.53621250391,0.343855261803,0.116515383124,0.0766381770372,0.0289539210498,0.00381799438037,0.000655822979752,0.000156906797201,0.000041502808017],"min":[3.97087260409e-22,5.85982490653e-22,1.95858193697e-20,2.49602282982e-20,1.85331593388e-20,9.66543937532e-20,4.70884454417e-20,1.30577568275e-19,5.05588765318e-19,1.28440614371e-18,1.17554783093e-18,3.24494501553e-19,2.13885187002e-18,2.01250602851e-18,2.8187447027e-18,2.5925310711e-18,6.40989866729e-18,6.91908168747e-18,6.88212822078e-18,9.51652269588e-18,1.77684036948e-17,1.37443387596e-17,1.17577363056e-17,1.15875174247e-17,9.66561951975e-18,1.61447689207e-17,1.41348970489e-17,1.3458392348e-17,8.43404354061e-18,2.37518146557e-17,2.04643722539e-17,1.37774516267e-17,1.06476756399e-17,1.06883009614e-17,1.05078647456e-17,7.17103469819e-18,3.37379881695e-18,1.41699647506e-18,4.09357752329e-19,3.22422691999e-20],"var":[0.00946206599474,0.677947342396,9.71952915192,65.7681121826,676.144165039,390.424804688,1001.70306396,2693.93554688,3122.09936523,6999.57177734,9952.93164062,7901.34082031,1529.60766602,363.48550415,206.531997681,61.8566818237,7.04159021378,15.7148094177,180.295761108,3189.32543945,2144.58300781,1133.52282715,2316.53613281,631.774353027,268.248382568,17.4246940613,37.4419708252,234.920120239,387.555603027,100.229820251,4.46492242813,4.58143186569,1.16266274452,0.117051899433,0.0661217793822,0.0170369725674,0.000169707142049,1.09612109611e-7,9.49229805869e-10,6.89834467327e-10]},"erbbands_crest":{"dmean":3.12218093872,"dmean2":5.03881645203,"dvar":11.5093450546,"dvar2":28.0326881409,"max":34.3314628601,"mean":10.2532377243,"median":8.24679088593,"min":2.06418228149,"var":38.3573493958},"erbbands_flatness_db":{"dmean":0.0186594091356,"dmean2":0.027874590829,"dvar":0.00041929280269,"dvar2":0.000887576665264,"max":0.4850435853,"mean":0.162581294775,"median":0.150479108095,"min":0.0281343292445,"var":0.00332380156033},"erbbands_kurtosis":{"dmean":2.01518011093,"dmean2":3.19978570938,"dvar":52.5802574158,"dvar2":120.672210693,"max":235.729110718,"mean":1.3678740263,"median":-0.701720952988,"min":-1.86166787148,"var":100.021598816},"erbbands_skewness":{"dmean":0.528254389763,"dmean2":0.798656344414,"dvar":0.384327173233,"dvar2":0.863461077213,"max":8.00769996643,"mean":0.35152259469,"median":0.319644927979,"min":-9.70350074768,"var":1.3543022871},"erbbands_spread":{"dmean":10.5214776993,"dmean2":16.0624141693,"dvar":118.882102966,"dvar2":254.546600342,"max":138.957717896,"mean":49.8867607117,"median":49.970035553,"min":0.373560756445,"var":546.247375488},"gfcc":{"cov":[[6382.62011719,1609.49060059,-175.025039673,627.439147949,-926.729980469,14.1918230057,-504.496429443,44.479511261,62.3566818237,-60.1312980652,-142.583480835,-55.1035766602,-160.672332764],[1609.49060059,1317.60131836,402.56539917,80.1112289429,-92.9524078369,-112.297599792,-116.946456909,-30.0291805267,94.508605957,-71.6140441895,-9.37121772766,-72.6063842773,-68.866897583],[-175.025039673,402.56539917,1053.26538086,263.57510376,2.72596669197,84.080078125,-145.31237793,-44.089630127,-41.6139259338,59.0193786621,29.9786643982,-54.7857093811,-88.5094146729],[627.439147949,80.1112289429,263.57510376,518.307983398,26.4350337982,48.0691413879,-64.5518569946,-63.5706863403,-20.1589813232,15.8671379089,8.29652690887,-3.83132219315,-13.5564403534],[-926.729980469,-92.9524078369,2.72596669197,26.4350337982,465.07232666,28.547700882,118.804336548,21.7281646729,-4.6836566925,3.7937514782,-3.0092356205,20.304725647,72.2632675171],[14.1918230057,-112.297599792,84.080078125,48.0691413879,28.547700882,196.840011597,58.7366104126,17.8554115295,-45.1240997314,14.3343601227,-7.39991092682,7.58983230591,3.72782373428],[-504.496429443,-116.946456909,-145.31237793,-64.5518569946,118.804336548,58.7366104126,303.030639648,74.7598495483,-66.928237915,-54.0668258667,31.2614059448,46.6496696472,35.8461837769],[44.479511261,-30.0291805267,-44.089630127,-63.5706863403,21.7281646729,17.8554115295,74.7598495483,187.229309082,7.22974586487,-19.704126358,-6.7268743515,19.4292736053,-4.9457616806],[62.3566818237,94.508605957,-41.6139259338,-20.1589813232,-4.6836566925,-45.1240997314,-66.928237915,7.22974586487,205.119186401,55.2836990356,-23.7548599243,-47.6178741455,-9.3246421814],[-60.1312980652,-71.6140441895,59.0193786621,15.8671379089,3.7937514782,14.3343601227,-54.0668258667,-19.704126358,55.2836990356,136.163040161,7.69819498062,-24.9922122955,-2.01681065559],[-142.583480835,-9.37121772766,29.9786643982,8.29652690887,-3.0092356205,-7.39991092682,31.2614059448,-6.7268743515,-23.7548599243,7.69819498062,94.6902999878,30.591506958,-23.4343528748],[-55.1035766602,-72.6063842773,-54.7857093811,-3.83132219315,20.304725647,7.58983230591,46.6496696472,19.4292736053,-47.6178741455,-24.9922122955,30.591506958,93.3103713989,24.9317646027],[-160.672332764,-68.866897583,-88.5094146729,-13.5564403534,72.2632675171,3.72782373428,35.8461837769,-4.9457616806,-9.3246421814,-2.01681065559,-23.4343528748,24.9317646027,100.992729187]],"icov":[[0.0049664368853,-0.00819337554276,0.00755355833098,-0.00792266614735,0.00750292465091,-0.00697364052758,0.00704016070813,-0.00655123312026,0.00551273487508,-0.00526860449463,0.00547388987616,-0.00361605524085,0.00250643398613],[-0.00819337554276,0.0146396895871,-0.0130063388497,0.0130567569286,-0.0122135281563,0.012098015286,-0.0116689708084,0.010903137736,-0.00982221402228,0.00982031412423,-0.00907613057643,0.00638474617153,-0.00412302650511],[0.00755355833098,-0.0130063388497,0.013126234524,-0.0125405155122,0.0110490145162,-0.0114427460358,0.0114765744656,-0.0101924771443,0.00930028408766,-0.00880938395858,0.00776558695361,-0.00495023513213,0.0046191890724],[-0.00792266614735,0.0130567569286,-0.0125405155122,0.015000349842,-0.012188446708,0.0106021538377,-0.0108581632376,0.0111211976036,-0.00882250908762,0.00858428515494,-0.00879309512675,0.00537434639409,-0.0039597209543],[0.00750292465091,-0.0122135281563,0.0110490145162,-0.012188446708,0.0141113298014,-0.010340067558,0.0094373030588,-0.0099469339475,0.00785353872925,-0.00808942876756,0.00831075478345,-0.0053585562855,0.00191810983233],[-0.00697364052758,0.012098015286,-0.0114427460358,0.0106021538377,-0.010340067558,0.0166508685797,-0.0117577752098,0.00893687456846,-0.00677790818736,0.00605866033584,-0.00559013709426,0.00473014917225,-0.00302486727014],[0.00704016070813,-0.0116689708084,0.0114765744656,-0.0108581632376,0.0094373030588,-0.0117577752098,0.0158837940544,-0.0110777597874,0.00884595606476,-0.00573278917,0.00485313404351,-0.00458997581154,0.00230639358051],[-0.00655123312026,0.010903137736,-0.0101924771443,0.0111211976036,-0.0099469339475,0.00893687456846,-0.0110777597874,0.0153370210901,-0.00846729055047,0.00732809863985,-0.00535493390635,0.00266605126671,-0.00149322929792],[0.00551273487508,-0.00982221402228,0.00930028408766,-0.00882250908762,0.00785353872925,-0.00677790818736,0.00884595606476,-0.00846729055047,0.0136246662587,-0.00913787912577,0.00686036795378,-0.00170588761102,0.0032038721256],[-0.00526860449463,0.00982031412423,-0.00880938395858,0.00858428515494,-0.00808942876756,0.00605866033584,-0.00573278917,0.00732809863985,-0.00913787912577,0.0166850499809,-0.00908339209855,0.00629529450089,-0.00446778628975],[0.00547388987616,-0.00907613057643,0.00776558695361,-0.00879309512675,0.00831075478345,-0.00559013709426,0.00485313404351,-0.00535493390635,0.00686036795378,-0.00908339209855,0.0221645273268,-0.0108154080808,0.00868496112525],[-0.00361605524085,0.00638474617153,-0.00495023513213,0.00537434639409,-0.0053585562855,0.00473014917225,-0.00458997581154,0.00266605126671,-0.00170588761102,0.00629529450089,-0.0108154080808,0.0196109041572,-0.00697943614796],[0.00250643398613,-0.00412302650511,0.0046191890724,-0.0039597209543,0.00191810983233,-0.00302486727014,0.00230639358051,-0.00149322929792,0.0032038721256,-0.00446778628975,0.00868496112525,-0.00697943614796,0.0163867603987]],"mean":[-26.4390525818,81.174041748,-99.2069320679,48.6957015991,-64.281867981,-4.82051849365,-38.7236824036,9.27462673187,-15.8533649445,-9.33675003052,-27.2924499512,6.6292424202,-4.05837488174]},"hfc":{"dmean":5.40137195587,"dmean2":8.26785469055,"dvar":76.9801635742,"dvar2":185.86907959,"max":90.1609344482,"mean":15.1164655685,"median":12.4757146835,"min":1.18257591724e-16,"var":144.04536438},"melbands":{"dmean":[0.000379771663575,0.000569682626519,0.00095850857906,0.000748753547668,0.000505687494297,0.000435550668044,0.000256139552221,0.00034150868305,0.000239798158873,0.000173207867192,0.0000601504107181,0.0000298692339129,0.0000222762064368,0.00000932779767027,0.0000039401847971,0.00000234649382946,0.00000297296742247,0.00000621345679974,0.00001351327046,0.000015064467334,0.0000129504414872,0.0000128607025545,0.0000142236676766,0.0000121596540339,0.00000638398432784,0.0000038589291762,0.00000151752408328,7.56211647968e-7,0.00000103287788988,0.0000028497402127,0.00000417996670876,0.00000461343188363,0.00000336340917784,0.00000125137398754,2.98952045341e-7,3.9233148641e-7,4.08349279724e-7,3.01822211668e-7,1.4988684427e-7,8.76268870798e-8],"dmean2":[0.000635119737126,0.000970554188825,0.00166131765582,0.00128224410582,0.000877157843206,0.000742934644222,0.000435671361629,0.000590262177866,0.000390800618334,0.000279550440609,0.0000975170842139,0.0000472648571304,0.0000353345894837,0.0000150359164763,0.00000668200755172,0.00000389341812479,0.0000049444402066,0.0000102382591649,0.0000220660913328,0.0000231939884543,0.0000201032635232,0.0000205199703487,0.0000222214312089,0.0000192734569282,0.0000102236353996,0.0000060824695538,0.00000235338848142,0.00000120938511827,0.00000167630378201,0.00000440144913227,0.0000064000673774,0.00000712724840923,0.00000519052218806,0.00000195550592252,4.6019721367e-7,6.00718294663e-7,6.27936458386e-7,4.51424540415e-7,2.26786454505e-7,1.32792763452e-7],"dvar":[6.74829777836e-7,0.00000149288041484,0.00000325151586367,0.00000281216921394,0.0000010745191048,0.00000152779227847,9.39375183862e-7,9.52231516749e-7,6.71087263981e-7,3.00688896004e-7,3.90473005041e-8,4.48985915114e-9,2.41276487678e-9,5.46368839061e-10,9.43342140514e-11,2.79447784357e-11,6.94090548925e-11,2.89138379905e-10,1.37336442219e-9,1.43456624357e-9,1.25541566032e-9,6.70155320126e-10,1.243725678e-9,8.03708988251e-10,2.25288329658e-10,1.8010762326e-10,7.65272567538e-12,1.62741510806e-12,3.97588949611e-12,2.57032051892e-11,5.76505475303e-11,7.70898900271e-11,4.88254089936e-11,7.08081510092e-12,3.60447972468e-13,5.47769457831e-13,4.82889444577e-13,2.48614984936e-13,6.54425312227e-14,2.17513757928e-14],"dvar2":[0.00000176502783233,0.00000391937828681,0.00000884824839886,0.00000758287342251,0.00000300278748,0.00000404352931582,0.00000248238848144,0.00000247633761319,0.0000016441159687,7.5130157029e-7,9.88276198655e-8,1.06525179788e-8,5.68725999628e-9,1.32135180575e-9,2.55262727622e-10,7.31791086062e-11,1.82419426786e-10,7.14838188642e-10,3.60987550962e-9,2.98564528656e-9,2.34026686918e-9,1.46204925944e-9,2.6470952097e-9,1.52133083908e-9,4.61816584973e-10,3.26310534149e-10,1.63374730411e-11,3.65956093554e-12,9.76123001872e-12,5.37667792233e-11,1.27771931924e-10,1.71669775617e-10,1.10774049655e-10,1.63034429707e-11,8.25963375386e-13,1.24333366953e-12,1.06981697806e-12,5.42647795188e-13,1.46624479593e-13,5.05581633416e-14],"max":[0.0139112584293,0.0167238935828,0.0166472457349,0.016830150038,0.0115974554792,0.0191797669977,0.0197158697993,0.0189589634538,0.0224208049476,0.0101419594139,0.00493204034865,0.00189387775026,0.00112594664097,0.000761349103414,0.000277050567092,0.0000806127791293,0.000175385721377,0.000473974039778,0.000744306656998,0.000890755909495,0.00134666718077,0.000657836790197,0.000876493169926,0.000975986069534,0.000560659624171,0.000537043961231,0.000109706299554,0.0000552196361241,0.0000458661015728,0.000142008851981,0.000149534258526,0.000119311713206,0.00011907179578,0.0000522008995176,0.0000156075620907,0.0000169432823895,0.0000131276192405,0.0000103269821921,0.00000452592712463,0.0000029078469197],"mean":[0.000719382194802,0.00110719329678,0.00155456166249,0.00123704015277,0.000752802530769,0.00050883408403,0.000257029896602,0.000311246229103,0.000270702497801,0.000204722717172,0.000072074275522,0.0000451224659628,0.0000339995203831,0.0000127388730107,0.00000535544222657,0.00000323723929796,0.00000372064278054,0.00000804789669928,0.0000251103720075,0.000026446827178,0.0000222980215767,0.0000211915521504,0.0000221755199163,0.0000211438182305,0.0000108180793177,0.00000669036853651,0.0000030136229725,0.00000161981677138,0.0000018796903305,0.00000552309165869,0.00000743487134969,0.00000790767171566,0.00000572549924982,0.00000234030358115,6.4354208007e-7,8.39685242227e-7,8.61971614086e-7,6.40515565919e-7,3.23846478523e-7,1.89719656873e-7],"median":[0.000412624271121,0.000728943443391,0.00113310455345,0.000824818213005,0.000520752626471,0.000222287490033,0.0000850690557854,0.0000703374098521,0.0000562450150028,0.0000491776736453,0.0000236695886997,0.000017012047465,0.000010278242371,0.00000363043727702,0.00000222759399549,0.00000135272421176,0.00000139134999699,0.00000229240094995,0.00000463753030999,0.0000076084520515,0.00000724603569324,0.00000944868497754,0.0000108260810521,0.00000972726411419,0.00000478762422063,0.00000263698143499,0.00000150809660227,8.72980933764e-7,8.96041171927e-7,0.00000289898366646,0.00000338567110703,0.00000308950916406,0.00000195311167772,6.93706169841e-7,2.32225886521e-7,2.7902575539e-7,3.31702239009e-7,2.69005624887e-7,1.36213813562e-7,7.4696806962e-8],"min":[3.74200390797e-24,7.37259146828e-24,4.39503558709e-24,4.08693570536e-24,2.51071135014e-24,2.94593794168e-24,8.35076242467e-24,1.48125958341e-23,8.22416366002e-24,1.85955242681e-24,1.15199661463e-23,8.89632363837e-24,8.60330835487e-24,6.72566320599e-24,1.24151442023e-23,1.39398963696e-23,1.30542887741e-23,1.13894838194e-23,1.41146306378e-23,1.26795656446e-23,2.23981687027e-23,1.57713426684e-23,6.28948978414e-24,1.66534248445e-23,8.43262409853e-24,3.92131475274e-24,1.24980187736e-23,1.00307316525e-23,8.76003687294e-24,8.35069458264e-24,7.50196150129e-24,4.26303075865e-24,6.95847499178e-24,1.52557999787e-23,1.12089814003e-23,1.14672394723e-23,7.30333184738e-24,7.21512930957e-24,7.83465017743e-24,9.09649788193e-24],"var":[8.72512089245e-7,0.00000187547732367,0.00000356973509952,0.00000268487906396,9.98238533612e-7,0.00000127231828628,7.17465297839e-7,7.73395413489e-7,6.40481914616e-7,2.96093872976e-7,3.75474265013e-8,6.77740441546e-9,4.48088810501e-9,7.9404299802e-10,9.60554552565e-11,3.27867663574e-11,6.68769761791e-11,4.31652907862e-10,4.07370359667e-9,4.03387190318e-9,4.14286116523e-9,1.38547073814e-9,1.9709673893e-9,1.98463934176e-9,4.88815488087e-10,5.17008824641e-10,2.05344213855e-11,5.02695498075e-12,6.81483125139e-12,6.48242987067e-11,1.13113747535e-10,1.51633747225e-10,9.43355532579e-11,1.68821553959e-11,1.09581397775e-12,1.84954200393e-12,1.64110370258e-12,7.71029507601e-13,2.01417726356e-13,6.69523911681e-14]},"melbands_crest":{"dmean":2.97429394722,"dmean2":4.96619129181,"dvar":8.34539031982,"dvar2":21.6464729309,"max":35.9588241577,"mean":12.7656116486,"median":11.7459306717,"min":2.40291786194,"var":19.8816204071},"melbands_flatness_db":{"dmean":0.0274025257677,"dmean2":0.0402661114931,"dvar":0.000681534293108,"dvar2":0.00146509846672,"max":0.445911318064,"mean":0.218081861734,"median":0.215006873012,"min":0.00932145491242,"var":0.00395791372284},"melbands_kurtosis":{"dmean":8.92486286163,"dmean2":13.8893222809,"dvar":156.570861816,"dvar2":343.347381592,"max":246.911865234,"mean":19.445148468,"median":14.2068977356,"min":-1.92991030216,"var":420.192565918},"melbands_skewness":{"dmean":0.856161653996,"dmean2":1.30821442604,"dvar":0.781037449837,"dvar2":1.66379356384,"max":13.4307041168,"mean":3.1405081749,"median":3.19630932808,"min":-10.1298484802,"var":3.37656354904},"melbands_spread":{"dmean":8.06900405884,"dmean2":12.5563879013,"dvar":141.623687744,"dvar2":323.229980469,"max":176.219924927,"mean":21.9041366577,"median":16.3702545166,"min":1.1199272871,"var":365.327880859},"mfcc":{"cov":[[7444.88671875,765.645385742,399.839691162,192.166275024,-292.723632812,-175.317047119,-604.263977051,-19.8548717499,-162.558349609,-143.098617554,156.980072021,74.8822021484,-186.72946167],[765.645385742,1098.99084473,234.629943848,39.7204246521,87.0774459839,-84.3230819702,-85.2928390503,-3.62064743042,-9.43781280518,5.90677976608,68.3022689819,34.7936439514,-55.9995155334],[399.839691162,234.629943848,905.909912109,206.274810791,124.87462616,108.12789917,-22.2252941132,-82.5328063965,-130.699615479,8.77297687531,53.2605056763,33.1854782104,15.730509758],[192.166275024,39.7204246521,206.274810791,376.84274292,134.791290283,72.5332641602,22.52069664,-7.53684663773,-1.57472717762,-17.7417392731,-17.3056125641,-7.717710495,21.4742622375],[-292.723632812,87.0774459839,124.87462616,134.791290283,289.834869385,71.7717437744,-1.01881933212,-30.1205978394,15.4195213318,33.2693405151,-0.0537002794445,5.26860189438,26.892616272],[-175.317047119,-84.3230819702,108.12789917,72.5332641602,71.7717437744,204.568069458,65.5805053711,-33.0190200806,-4.24517869949,9.39233207703,-23.3045024872,-13.3912162781,26.5994720459],[-604.263977051,-85.2928390503,-22.2252941132,22.52069664,-1.01881933212,65.5805053711,306.316314697,110.472892761,20.9301300049,-31.5411987305,-35.0458946228,-7.78628063202,-0.462393194437],[-19.8548717499,-3.62064743042,-82.5328063965,-7.53684663773,-30.1205978394,-33.0190200806,110.472892761,188.388519287,52.4975547791,-36.930229187,2.46232461929,5.94496297836,-19.2875785828],[-162.558349609,-9.43781280518,-130.699615479,-1.57472717762,15.4195213318,-4.24517869949,20.9301300049,52.4975547791,158.204803467,56.1619224548,-36.7615394592,-24.0459880829,13.5164604187],[-143.098617554,5.90677976608,8.77297687531,-17.7417392731,33.2693405151,9.39233207703,-31.5411987305,-36.930229187,56.1619224548,146.207672119,16.7196788788,-22.123462677,24.050617218],[156.980072021,68.3022689819,53.2605056763,-17.3056125641,-0.0537002794445,-23.3045024872,-35.0458946228,2.46232461929,-36.7615394592,16.7196788788,148.493377686,56.6327629089,-32.0830192566],[74.8822021484,34.7936439514,33.1854782104,-7.717710495,5.26860189438,-13.3912162781,-7.78628063202,5.94496297836,-24.0459880829,-22.123462677,56.6327629089,125.383392334,-0.280540376902],[-186.72946167,-55.9995155334,15.730509758,21.4742622375,26.892616272,26.5994720459,-0.462393194437,-19.2875785828,13.5164604187,24.050617218,-32.0830192566,-0.280540376902,129.293716431]],"icov":[[0.000217952285311,-0.000118791256682,-0.0000487432298542,-0.000216834669118,0.000349609763362,-0.000131989028887,0.000543446105439,-0.000286261667497,0.000105888320832,0.0000892679963727,0.00000334028641191,-0.0000441356278316,0.000192000734387],[-0.000118791256682,0.00117376015987,-0.000333646545187,0.00018290769367,-0.000587863964029,0.000683853402734,-0.000134287256515,0.000143171986565,-0.000400504184654,0.000100331904832,-0.000232853722991,-0.0000258203363046,0.000314861885272],[-0.0000487432298542,-0.000333646545187,0.00173435232136,-0.000721071904991,-0.000164170531207,-0.000693860987667,-0.000070872491051,0.00001319268722,0.00158456177451,-0.000761425762903,-0.0000945916908677,-0.000242087859078,-0.000175555440364],[-0.000216834669118,0.00018290769367,-0.000721071904991,0.0039490214549,-0.00176342984196,-0.000269658718025,-0.000553183373995,0.000226225020015,-0.000885903951712,0.00115075346548,0.0000371345959138,0.000528232078068,-0.000459148897789],[0.000349609763362,-0.000587863964029,-0.000164170531207,-0.00176342984196,0.00533605180681,-0.00142037635669,0.000931460934225,-0.000113734022307,-0.000297198595945,-0.000744320743252,-0.0000297497663269,-0.000598573707975,-0.000107297055365],[-0.000131989028887,0.000683853402734,-0.000693860987667,-0.000269658718025,-0.00142037635669,0.00724686216563,-0.00239665573463,0.0023009928409,-0.000722275173757,0.000216284170165,0.0000551314915356,0.000505294126924,-0.000575949030463],[0.000543446105439,-0.000134287256515,-0.000070872491051,-0.000553183373995,0.000931460934225,-0.00239665573463,0.0064546847716,-0.00428131222725,0.00106180028524,0.0000180728220585,0.00120307027828,-0.000328890397213,0.000694385438692],[-0.000286261667497,0.000143171986565,0.00001319268722,0.000226225020015,-0.000113734022307,0.0023009928409,-0.00428131222725,0.0101672010496,-0.0046665831469,0.00337040773593,-0.00223627570085,0.000353999697836,-0.000032166200981],[0.000105888320832,-0.000400504184654,0.00158456177451,-0.000885903951712,-0.000297198595945,-0.000722275173757,0.00106180028524,-0.0046665831469,0.0119837755337,-0.00604048836976,0.00351739046164,-0.000559338484891,0.000194301086594],[0.0000892679963727,0.000100331904832,-0.000761425762903,0.00115075346548,-0.000744320743252,0.000216284170165,0.0000180728220585,0.00337040773593,-0.00604048836976,0.0116218710318,-0.00401481101289,0.0027883881703,-0.00183349649888],[0.00000334028641191,-0.000232853722991,-0.0000945916908677,0.0000371345959138,-0.0000297497663269,0.0000551314915356,0.00120307027828,-0.00223627570085,0.00351739046164,-0.00401481101289,0.0108783114702,-0.00466357870027,0.00264319777489],[-0.0000441356278316,-0.0000258203363046,-0.000242087859078,0.000528232078068,-0.000598573707975,0.000505294126924,-0.000328890397213,0.000353999697836,-0.000559338484891,0.0027883881703,-0.00466357870027,0.0106350174174,-0.00165538210422],[0.000192000734387,0.000314861885272,-0.000175555440364,-0.000459148897789,-0.000107297055365,-0.000575949030463,0.000694385438692,-0.000032166200981,0.000194301086594,-0.00183349649888,0.00264319777489,-0.00165538210422,0.00935714226216]],"mean":[-676.518615723,108.108642578,18.4024448395,45.6875839233,-0.137174874544,-4.08144140244,-18.8010673523,12.1918039322,10.0823659897,-12.0519771576,-2.55842876434,-5.90670871735,-8.98517417908]},"pitch_salience":{"dmean":0.0778613835573,"dmean2":0.128917902708,"dvar":0.00538663333282,"dvar2":0.0138221848756,"max":0.990720689297,"mean":0.613639295101,"median":0.637259364128,"min":0.0863307416439,"var":0.0144080920145},"silence_rate_20dB":{"dmean":0,"dmean2":0,"dvar":0,"dvar2":0,"max":1,"mean":1,"median":1,"min":1,"var":0},"silence_rate_30dB":{"dmean":0.00277172843926,"dmean2":0.00554400542751,"dvar":0.00276400242001,"dvar2":0.00788909196854,"max":1,"mean":0.998416304588,"median":1,"min":0,"var":0.00158124102745},"silence_rate_60dB":{"dmean":0.0453375577927,"dmean2":0.0906840935349,"dvar":0.0432803817093,"dvar2":0.0992979258299,"max":1,"mean":0.117093935609,"median":0,"min":0,"var":0.103390716016},"spectral_centroid":{"dmean":288.601806641,"dmean2":435.466644287,"dvar":115234.070312,"dvar2":238516.125,"max":11044.9833984,"mean":1342.95996094,"median":1171.63098145,"min":214.85269165,"var":550744.6875},"spectral_complexity":{"dmean":3.2035241127,"dmean2":4.85159873962,"dvar":12.4620409012,"dvar2":25.0985183716,"max":40,"mean":13.501039505,"median":12,"min":0,"var":63.7763977051},"spectral_contrast_coeffs":{"dmean":[0.0522011183202,0.0577075630426,0.0452942624688,0.0325211435556,0.0247680693865,0.0222460497171],"dmean2":[0.0860182642937,0.0955679267645,0.0714388117194,0.0525216311216,0.039144128561,0.0340773835778],"dvar":[0.00248320563696,0.00267945695668,0.00148521049414,0.000799573492259,0.000464317883598,0.00050090928562],"dvar2":[0.00614061858505,0.00684914551675,0.00355564197525,0.00183898163959,0.00105316052213,0.00105512398295],"max":[-0.261342436075,-0.336487203836,-0.458494246006,-0.456928819418,-0.479239076376,-0.558140397072],"mean":[-0.626449882984,-0.737264096737,-0.759446024895,-0.779992640018,-0.77012348175,-0.719318151474],"median":[-0.618191480637,-0.739994466305,-0.768039524555,-0.799284338951,-0.772433698177,-0.716351926327],"min":[-0.994124472141,-0.992908775806,-0.981254696846,-0.989728987217,-0.971844255924,-0.961777567863],"var":[0.00839563366026,0.00684486655518,0.00618996471167,0.00590699352324,0.00318494229577,0.0028427648358]},"spectral_contrast_valleys":{"dmean":[0.388290852308,0.476480484009,0.415502339602,0.335616230965,0.258822590113,0.219384923577],"dmean2":[0.617390453815,0.755973160267,0.644113719463,0.507260859013,0.384861648083,0.303772002459],"dvar":[0.165659055114,0.225081652403,0.152936115861,0.109549045563,0.0835173502564,0.0735999643803],"dvar2":[0.328898370266,0.499669253826,0.333421468735,0.203478634357,0.145216524601,0.118822224438],"max":[-5.24977731705,-4.69186544418,-5.74199151993,-6.64967155457,-6.26251745224,-8.59782981873],"mean":[-7.37619781494,-6.88503265381,-7.92901611328,-8.48663139343,-7.88685464859,-10.2931232452],"median":[-6.82675075531,-6.61639356613,-7.73924684525,-8.33398532867,-7.773042202,-10.2448949814],"min":[-27.0571746826,-27.6368675232,-26.9469280243,-27.4503955841,-27.3218326569,-27.1863250732],"var":[1.63018429279,1.43839383125,0.977069854736,0.790974378586,0.72771692276,0.650494992733]},"spectral_decrease":{"dmean":2.83282930447e-9,"dmean2":4.64716398696e-9,"dvar":2.55224543139e-17,"dvar2":6.58543896642e-17,"max":4.80633482011e-29,"mean":-5.99396265955e-9,"median":-5.29830712637e-9,"min":-4.42194547645e-8,"var":3.14041402574e-17},"spectral_energy":{"dmean":0.0111108291894,"dmean2":0.0181887578219,"dvar":0.000391904788557,"dvar2":0.00100982841104,"max":0.173840418458,"mean":0.023993646726,"median":0.0211039111018,"min":1.05449129891e-20,"var":0.000485815602588},"spectral_energyband_high":{"dmean":0.000300961255562,"dmean2":0.000427997292718,"dvar":2.88291374773e-7,"dvar2":5.88652255828e-7,"max":0.00663281837478,"mean":0.000742335047107,"median":0.00039792235475,"min":7.62753421034e-21,"var":7.77003549501e-7},"spectral_energyband_low":{"dmean":0.00293051684275,"dmean2":0.00484978314489,"dvar":0.0000339236867148,"dvar2":0.0000841097571538,"max":0.0681817531586,"mean":0.00627446128055,"median":0.0049702222459,"min":4.31605964531e-23,"var":0.0000494814121339},"spectral_energyband_middle_high":{"dmean":0.000835716666188,"dmean2":0.00127334985882,"dvar":0.00000112015050036,"dvar2":0.00000250171092375,"max":0.0232176110148,"mean":0.002401413396,"median":0.00213250075467,"min":1.76689151379e-21,"var":0.00000412312556364},"spectral_energyband_middle_low":{"dmean":0.0092346360907,"dmean2":0.0154111487791,"dvar":0.000338672514772,"dvar2":0.000885983463377,"max":0.160762161016,"mean":0.0157271772623,"median":0.0119964033365,"min":1.88073956623e-22,"var":0.000353449955583},"spectral_entropy":{"dmean":0.186751842499,"dmean2":0.273898482323,"dvar":0.0348079688847,"dvar2":0.0711155384779,"max":9.79352474213,"mean":7.45396232605,"median":7.54041099548,"min":5.282725811,"var":0.253170639277},"spectral_flux":{"dmean":0.0297428928316,"dmean2":0.0453392937779,"dvar":0.00156772776973,"dvar2":0.00329639273696,"max":0.374069690704,"mean":0.0822893083096,"median":0.0673567727208,"min":1.02688427206e-10,"var":0.0031717736274},"spectral_kurtosis":{"dmean":1.30638253689,"dmean2":2.14612269402,"dvar":3.41323566437,"dvar2":8.24646472931,"max":56.2906990051,"mean":3.62652921677,"median":2.75766086578,"min":-1.2003672123,"var":10.042339325},"spectral_rms":{"dmean":0.000976943410933,"dmean2":0.00152151915245,"dvar":0.00000188265903489,"dvar2":0.00000450015113529,"max":0.0130230719224,"mean":0.00434849085286,"median":0.0045375302434,"min":3.20744754541e-12,"var":0.00000449915069112},"spectral_rolloff":{"dmean":589.350402832,"dmean2":1007.07318115,"dvar":1156169.125,"dvar2":2758720.75,"max":18346.2890625,"mean":1533.74328613,"median":732.12890625,"min":86.1328125,"var":2945669},"spectral_skewness":{"dmean":0.214874640107,"dmean2":0.326708167791,"dvar":0.0557396821678,"dvar2":0.118679195642,"max":5.55645132065,"mean":1.36280322075,"median":1.28836166859,"min":-0.300493985415,"var":0.244863525033},"spectral_spread":{"dmean":479739.75,"dmean2":701376.6875,"dvar":320944472064,"dvar2":559720824832,"max":40721140,"mean":4953633,"median":4836524.5,"min":1176653.25,"var":2147437248510},"spectral_strongpeak":{"dmean":0.570834875107,"dmean2":0.963468194008,"dvar":0.848445057869,"dvar2":2.04443693161,"max":13.7078504562,"mean":0.874089956284,"median":0.474870681763,"min":0,"var":1.53913867474},"zerocrossingrate":{"dmean":0.0114812795073,"dmean2":0.0139095140621,"dvar":0.000163168006111,"dvar2":0.000242550348048,"max":0.5029296875,"mean":0.0680473074317,"median":0.05908203125,"min":0.0078125,"var":0.00159675686155}},"metadata":{"audio_properties":{"analysis_sample_rate":44100,"bit_rate":299383,"codec":"aac","downmix":"mix","equal_loudness":0,"length":234.567977905,"lossless":false,"md5_encoded":"073fe0fbbc5cd7576f91d7fc67f57beb","replay_gain":2.96938896179,"sample_rate":44100},"tags":{"album":["Bombs and Bullets"],"albumartistsort":["Rage Against the Machine"],"artist":["Rage Against the Machine"],"artistsort":["Rage Against the Machine"],"bpm":["0"],"catalognumber":["ak021"],"discnumber":["1/1"],"encodedby":["iTunes 10.6.3"],"file_name":"05 Clear the Lane (demo).m4a","genre":["Crossover"],"label":["Alley Kat"],"language":["English"],"media":["CD"],"musicbrainz_albumartistid":["3798b104-01cb-484c-a3b0-56adc6399b80"],"musicbrainz_albumid":["a93ce79b-0826-424d-a2f7-cb48103dc6e3"],"musicbrainz_artistid":["3798b104-01cb-484c-a3b0-56adc6399b80"],"musicbrainz_recordingid":["968c1b3f-859a-4d4d-a500-60ed50b8f7b7"],"musicbrainz_releasegroupid":["55399028-fe94-48c7-867a-3ad4fae84569"],"script":["Latin"],"title":["Clear the Lane (demo)"],"tracknumber":["5/16"]},"version":{"essentia":"2.1-beta2","essentia_build_sha":"c0e182ba78c2de26e491b7b7a4a2c98c1ed34208","essentia_git_sha":"v2.1_beta2-2-gbb40004","extractor":"music 1.0"}},"rhythm":{"beats_count":405,"beats_loudness":{"dmean":0.015828512609,"dmean2":0.0279490780085,"dvar":0.000230035715504,"dvar2":0.000706706894562,"max":0.127335891128,"mean":0.0342194065452,"median":0.0320319905877,"min":0.00000986653230939,"var":0.000353389419615},"beats_loudness_band_ratio":{"dmean":[0.215334057808,0.200455769897,0.154831916094,0.0351750180125,0.0562435984612,0.0608185976744],"dmean2":[0.394535273314,0.375121951103,0.269052714109,0.0610084496439,0.093405932188,0.113093301654],"dvar":[0.0250370390713,0.0258542019874,0.0236154068261,0.00649733189493,0.00940152164549,0.0032586727757],"dvar2":[0.0787543132901,0.0755001604557,0.0631552934647,0.01