{"lowlevel":{"average_loudness":0.806560337543,"barkbands":{"dmean":[0.0000123967693071,0.000217222477659,0.0007444016519,0.00168006995227,0.00173544546124,0.000820788787678,0.00069048727164,0.000668691471219,0.000637730991002,0.000292755052214,0.000240696608671,0.000362256338121,0.000257615116425,0.00019104477542,0.000159395684022,0.0000747613812564,0.000140981224831,0.00015342378174,0.000157066780957,0.000129533465952,0.00011179879948,0.000165736084455,0.000202083640033,0.000151473213919,0.0000704889607732,0.0000246009167313,0.00000552049596081],"dmean2":[0.0000180109109351,0.000343802705174,0.0012283680262,0.00270965183154,0.00264201429673,0.00125121755991,0.00102723995224,0.000956067233346,0.00086723320419,0.000401237979531,0.000354581803549,0.000533047714271,0.000380847632186,0.000288487208309,0.000247820164077,0.000118277283036,0.000218162414967,0.000229334575124,0.000235340019572,0.000193170664716,0.000160926909302,0.000235769126448,0.00028936448507,0.000219723355258,0.000102096506453,0.0000349341135006,0.00000803015336714],"dvar":[3.31063981784e-10,1.32055561153e-7,0.00000285779901787,0.00000835973514768,0.00000702450097378,0.00000247048251367,0.00000199380951926,0.0000025031365567,0.00000373896432393,9.27037319798e-7,3.48472013911e-7,0.00000106475454231,3.54961940729e-7,1.3657840725e-7,5.69846037024e-8,1.4675244131e-8,5.0417575892e-8,1.17609864958e-7,1.65499287164e-7,1.7271642605e-7,6.99774247437e-8,9.85454065017e-8,1.77111871835e-7,1.82705377938e-7,4.37273328657e-8,3.85037912665e-9,1.55038787364e-10],"dvar2":[6.78764933149e-10,3.3220354112e-7,0.000008708664609,0.0000222140079131,0.0000174656743184,0.00000558845249543,0.00000412927147408,0.00000474557054986,0.00000705118827682,0.00000160040349328,7.4751324064e-7,0.00000213846828956,6.34396542409e-7,3.18735629889e-7,1.40705893159e-7,3.44915740413e-8,1.08600765714e-7,2.55526686033e-7,3.31353959382e-7,3.59385296633e-7,1.42460393704e-7,1.8431352089e-7,3.33830058707e-7,3.53163983391e-7,9.3275119184e-8,8.3805424822e-9,3.01937364e-10],"max":[0.000349633046426,0.0055328309536,0.0257937908173,0.0460889860988,0.0444686897099,0.038369897753,0.0333056263626,0.0413019768894,0.0543083325028,0.0382060259581,0.0192760098726,0.0339230820537,0.0387317724526,0.0116912964731,0.00531278038397,0.00379886734299,0.0125203998759,0.00896838959306,0.0104125840589,0.0142791988328,0.0076973666437,0.00649319915101,0.00778239360079,0.00880399532616,0.00470184022561,0.00241061765701,0.000415329996031],"mean":[0.0000261682689597,0.000665039813612,0.00142820435576,0.00348622095771,0.00452323816717,0.00185450760182,0.00165355578065,0.0016104754759,0.00161525770091,0.000635306641925,0.00051377445925,0.000795980566181,0.000544440699741,0.000392240472138,0.000325455330312,0.000180875897058,0.000298406142974,0.000349003676092,0.000369912042515,0.000251613237197,0.000254474405665,0.000341096922057,0.000430869229604,0.000308575603412,0.000130814747536,0.0000412710141973,0.00000761012688599],"median":[0.0000161851658049,0.000524126808159,0.000588620197959,0.00169990235008,0.00260880263522,0.000976193172392,0.000724378332961,0.000302143511362,0.000167065503774,0.0000810655765235,0.000174390224856,0.000121863246022,0.000252098805504,0.000217747845454,0.000192530133063,0.000134409739985,0.000203644827707,0.000128796920762,0.000159498944413,0.000083206607087,0.000127908322611,0.000151247848407,0.00017775350716,0.0000901037928998,0.000037479941966,0.0000140252059282,0.0000023012382826],"min":[1.42093215566e-24,2.15084740189e-23,1.66931309749e-24,7.71337622389e-24,1.7742975861e-23,2.78403212949e-23,1.66543257237e-23,2.10855546435e-23,2.52664480214e-23,1.38951395572e-23,2.5581291875e-23,4.26325613622e-23,4.38520204148e-23,6.46481735466e-23,6.16762568376e-23,7.43093278093e-23,1.05770255602e-22,1.51074133492e-22,1.67464353318e-22,1.76535862453e-22,2.86864711723e-22,3.47598393375e-22,4.82703154868e-22,6.1705785479e-22,9.94259383282e-22,1.47672671292e-21,2.13073546884e-21],"var":[9.52545819999e-10,4.04814073818e-7,0.00000477791991216,0.0000212273771467,0.000031605381082,0.00000708590778231,0.00000790288686403,0.0000142906656038,0.000018545826606,0.00000403535796067,0.00000137462905059,0.00000426369661,0.00000176318849299,3.2217997159e-7,1.64873370068e-7,3.79264086803e-8,1.2917564618e-7,3.68669702766e-7,5.33050979357e-7,4.38027797145e-7,2.27621157478e-7,3.36373716436e-7,5.91986690779e-7,5.47503077541e-7,1.05800111783e-7,7.74701902628e-9,2.95845237197e-10]},"barkbands_crest":{"dmean":1.95152330399,"dmean2":3.09653353691,"dvar":3.50864291191,"dvar2":8.61126327515,"max":24.2936382294,"mean":9.15003871918,"median":8.49340248108,"min":1.73346281052,"var":13.4695005417},"barkbands_flatness_db":{"dmean":0.0149667561054,"dmean2":0.0223631430417,"dvar":0.000203729927307,"dvar2":0.000441911513917,"max":0.235764339566,"mean":0.10000026226,"median":0.0974328368902,"min":0.0104464432225,"var":0.00106997019611},"barkbands_kurtosis":{"dmean":1.73219406605,"dmean2":2.69371771812,"dvar":6.37570905685,"dvar2":14.4560918808,"max":57.5550765991,"mean":2.85064983368,"median":1.55070781708,"min":-1.91873383522,"var":22.2988777161},"barkbands_skewness":{"dmean":0.412138044834,"dmean2":0.615942955017,"dvar":0.191480621696,"dvar2":0.377143055201,"max":7.0802989006,"mean":1.46186113358,"median":1.43596553802,"min":-2.0812561512,"var":1.12979984283},"barkbands_spread":{"dmean":5.96628522873,"dmean2":8.79311180115,"dvar":54.4610939026,"dvar2":102.027763367,"max":99.0716247559,"mean":29.0402183533,"median":25.0617084503,"min":3.37774419785,"var":259.368499756},"dissonance":{"dmean":0.015009352006,"dmean2":0.0247679520398,"dvar":0.000249984383117,"dvar2":0.000675082555972,"max":0.499866813421,"mean":0.460680186749,"median":0.467818707228,"min":0.174851864576,"var":0.000755841785576},"dynamic_complexity":4.32268714905,"erbbands":{"dmean":[0.00473363185301,0.0603301413357,0.565809488297,3.4025478363,6.45125150681,5.73312711716,3.52557182312,8.03643417358,9.03473472595,14.4804077148,12.1190490723,10.040927887,18.1924190521,6.26251935959,8.23141479492,15.2328634262,11.7903318405,10.984705925,5.41532182693,9.2624130249,4.55938768387,6.26136398315,8.19605064392,7.16783285141,8.00833415985,6.23043727875,4.59045362473,4.33159160614,4.39516496658,7.84537220001,5.48381233215,4.42165231705,1.97815001011,0.951831519604,0.433962225914,0.158244803548,0.0355146341026,0.00651978934184,0.000897037272807,0.0000550923468836],"dmean2":[0.0074262782,0.0971482098103,0.929893732071,5.51721715927,10.0915851593,8.82036972046,5.25484275818,12.2739171982,13.4750261307,21.7660770416,16.2431335449,13.2419271469,25.0955677032,8.49338912964,12.0868139267,22.5161209106,17.0861778259,16.6027126312,8.1128578186,14.7024183273,7.09322118759,9.49611186981,12.2749996185,10.5965414047,12.0585756302,9.33368778229,6.67732143402,6.11468505859,6.26280832291,11.2074298859,7.91682243347,6.44677782059,2.83111977577,1.37581896782,0.638288080692,0.229812145233,0.0509812347591,0.00940052513033,0.0013128737919,0.0000794096486061],"dvar":[0.0000594731209276,0.0106946853921,1.43140494823,34.2867469788,110.048446655,138.473815918,47.0170402527,245.187149048,324.062988281,1131.88354492,1237.77783203,694.334350586,2953.36401367,281.235015869,412.62298584,1765.88085938,637.844177246,414.471557617,123.571777344,230.078277588,38.5945320129,122.158355713,331.507659912,333.387115479,475.19354248,414.029449463,127.281295776,109.276741028,88.611114502,220.080459595,152.146713257,112.188652039,43.3091583252,8.62762451172,1.57798159122,0.187841832638,0.0072463368997,0.000264518748736,0.00000441313113697,1.41490303918e-8],"dvar2":[0.000148545150296,0.0275497827679,4.29224300385,89.3846206665,270.652557373,354.289672852,101.556640625,557.850891113,689.534545898,2607.2578125,2127.20605469,1220.29064941,5909.78955078,448.509735107,910.708007812,3561.43188477,1167.42749023,999.690734863,261.160614014,581.653991699,86.7529525757,248.726898193,706.485534668,661.240905762,961.594421387,865.708862305,252.340637207,219.424133301,157.785491943,446.751586914,286.590911865,216.494949341,86.2116775513,17.8726959229,3.53783035278,0.420406281948,0.0153010291979,0.000498885579873,0.00000907099365577,2.86570216446e-8],"max":[0.0995172411203,1.57856011391,16.2774200439,95.5284118652,161.476501465,263.554901123,189.106750488,386.758239746,464.206756592,749.110290527,1013.82177734,659.915161133,1351.74658203,742.290466309,582.590759277,1243.95251465,1377.13952637,617.669372559,360.411224365,338.603881836,146.757873535,610.477172852,474.643859863,476.963989258,761.055786133,642.25958252,306.893310547,270.364929199,278.4112854,239.512420654,252.047531128,230.595809937,158.903289795,70.4918365479,32.631401062,17.371635437,2.68453121185,0.564484775066,0.0626173764467,0.00220122397877],"mean":[0.0152817713097,0.178976416588,1.22521746159,7.38627195358,15.640920639,14.2340593338,9.15172481537,17.8160896301,21.1258983612,34.2559280396,32.1380462646,26.7766838074,45.1971664429,15.6469612122,19.8348655701,34.756690979,27.346206665,24.6253623962,12.6443281174,19.2124576569,11.8807935715,15.225944519,19.1978645325,17.01820755,18.1858692169,12.743303299,10.3083486557,9.33015060425,9.74809265137,15.259059906,11.5629301071,8.99335479736,3.78514742851,1.753921628,0.768473029137,0.270392119884,0.05713179335,0.0105722388253,0.00118669611402,0.0000933594128583],"median":[0.0119863608852,0.135893806815,0.697108030319,4.13854122162,7.14853096008,5.37984418869,3.95682263374,8.36272525787,11.8743104935,11.2661542892,5.03352737427,3.62881278992,4.44693422318,4.5495672226,6.92678070068,7.12924337387,11.4427747726,15.0419473648,7.13198232651,10.9507474899,9.39527797699,10.2438259125,7.83090591431,6.92636060715,7.66965961456,4.69286584854,5.21677303314,4.15745353699,4.30495977402,6.64024925232,4.50988197327,3.00842308998,0.939785242081,0.472991079092,0.22029542923,0.0865102335811,0.0190613940358,0.00404958380386,0.00028573255986,0.0000486263998027],"min":[3.38161521734e-22,1.50338460744e-21,4.60684671229e-21,2.45445861962e-20,3.88620793199e-20,6.26096301439e-20,7.75883911594e-20,1.73378852924e-19,2.34581933522e-19,4.0080064644e-19,4.0868272125e-19,5.81217475133e-19,7.23880798393e-19,8.95371210903e-19,1.91158709865e-18,1.96928666869e-18,2.18260910404e-18,3.63991646849e-18,2.65522060818e-18,5.22666643187e-18,4.63893434073e-18,6.71959384786e-18,8.08233544314e-18,8.34954207796e-18,9.78393447149e-18,9.23679254659e-18,1.24540825878e-17,1.16877336647e-17,1.32789958983e-17,1.22526318486e-17,1.41741021012e-17,1.25526750722e-17,1.09786380476e-17,1.07573961851e-17,6.60290761475e-18,4.13232881534e-18,2.63068312249e-18,9.49318999875e-19,2.67579098735e-19,3.25186767715e-20],"var":[0.000229649318499,0.0292984209955,2.56341576576,83.6213378906,464.3934021,548.482971191,189.217575073,685.946655273,1000.7456665,4429.15429688,7321.61279297,3666.35644531,13418.0371094,1309.14331055,1690.96179199,7280.19726562,3169.15356445,1079.00427246,468.774810791,546.293701172,112.770645142,356.967163086,1016.44494629,1011.0994873,1475.48718262,1036.54638672,393.293731689,362.133972168,340.92376709,627.308837891,468.305267334,349.838287354,114.842811584,21.8524570465,3.39971232414,0.370053201914,0.0150745548308,0.000583881745115,0.00000783178165875,2.16721431912e-8]},"erbbands_crest":{"dmean":1.98583292961,"dmean2":3.13102912903,"dvar":3.42344212532,"dvar2":8.63104438782,"max":24.2000637054,"mean":8.23701858521,"median":7.44298362732,"min":2.67822527885,"var":12.2439956665},"erbbands_flatness_db":{"dmean":0.012212170288,"dmean2":0.0173029322177,"dvar":0.000137564187753,"dvar2":0.000252407800872,"max":0.290670752525,"mean":0.132575407624,"median":0.129831761122,"min":0.0328580029309,"var":0.000905892520677},"erbbands_kurtosis":{"dmean":0.596063494682,"dmean2":0.895119011402,"dvar":0.614118993282,"dvar2":1.24333012104,"max":14.8316650391,"mean":0.128022611141,"median":-0.386335849762,"min":-1.7848303318,"var":2.48718762398},"erbbands_skewness":{"dmean":0.257811784744,"dmean2":0.372814834118,"dvar":0.066904373467,"dvar2":0.11955191195,"max":3.12574577332,"mean":0.206358075142,"median":0.201952293515,"min":-2.71196079254,"var":0.574871361256},"erbbands_spread":{"dmean":7.79624414444,"dmean2":11.6817464828,"dvar":64.0373001099,"dvar2":136.032562256,"max":133.649627686,"mean":49.3022842407,"median":48.2747001648,"min":8.72548294067,"var":346.790039062},"gfcc":{"cov":[[15657.5332031,547.452026367,-672.52355957,43.8283805847,-1001.79437256,38.3451461792,-238.229217529,228.722640991,-326.408660889,-218.420028687,78.82371521,-197.724456787,-451.637664795],[547.452026367,871.942993164,-150.804489136,-100.206535339,-7.6243853569,-54.9009094238,42.9434242249,-37.0250205994,-27.0820121765,-128.677093506,16.602766037,-9.97001266479,-44.848941803],[-672.52355957,-150.804489136,412.385009766,156.307174683,114.868598938,22.5315361023,-21.9518871307,-37.4006462097,2.63232898712,34.6338386536,-42.2313308716,-25.2389984131,40.5209846497],[43.8283805847,-100.206535339,156.307174683,426.585601807,140.715286255,55.2347679138,-58.617515564,-82.5603713989,32.1585006714,88.386177063,-2.06518936157,-37.3126411438,39.3911170959],[-1001.79437256,-7.6243853569,114.868598938,140.715286255,284.429748535,61.0285797119,19.0567378998,-75.6405029297,45.7640914917,67.0596008301,-20.5704479218,14.7540750504,45.4354171753],[38.3451461792,-54.9009094238,22.5315361023,55.2347679138,61.0285797119,131.792312622,40.3309440613,-6.81026697159,3.47907972336,24.9241199493,-9.84260749817,-3.33258223534,6.62413263321],[-238.229217529,42.9434242249,-21.9518871307,-58.617515564,19.0567378998,40.3309440613,138.948181152,44.5860557556,5.35824775696,-18.8224315643,-1.82818698883,17.7082691193,-9.84188079834],[228.722640991,-37.0250205994,-37.4006462097,-82.5603713989,-75.6405029297,-6.81026697159,44.5860557556,160.598403931,7.29781579971,-33.2625007629,-2.91721320152,-9.45028495789,-28.8589782715],[-326.408660889,-27.0820121765,2.63232898712,32.1585006714,45.7640914917,3.47907972336,5.35824775696,7.29781579971,108.925895691,61.3001670837,0.476069271564,9.98555469513,10.9145689011],[-218.420028687,-128.677093506,34.6338386536,88.386177063,67.0596008301,24.9241199493,-18.8224315643,-33.2625007629,61.3001670837,139.302932739,22.1022605896,10.4038276672,23.7044353485],[78.82371521,16.602766037,-42.2313308716,-2.06518936157,-20.5704479218,-9.84260749817,-1.82818698883,-2.91721320152,0.476069271564,22.1022605896,86.1253585815,30.7731132507,-6.25262737274],[-197.724456787,-9.97001266479,-25.2389984131,-37.3126411438,14.7540750504,-3.33258223534,17.7082691193,-9.45028495789,9.98555469513,10.4038276672,30.7731132507,87.5708007812,21.4277610779],[-451.637664795,-44.848941803,40.5209846497,39.3911170959,45.4354171753,6.62413263321,-9.84188079834,-28.8589782715,10.9145689011,23.7044353485,-6.25262737274,21.4277610779,76.5835723877]],"icov":[[0.000124371494167,-0.000113213027362,0.000109224492917,-0.000222489557927,0.00044248305494,-0.000290193187539,0.000259639578871,-0.000128520434373,0.000291728822049,-0.000189012134797,0.000170370956766,-0.000151270447532,0.000544487906154],[-0.000113213027362,0.00177950249054,0.000417069852119,0.000280371576082,-0.000959219934884,0.000924105755985,-0.000871119322255,0.00115671299864,-0.000934353389312,0.00214982405305,-0.00100145093165,0.000897874997463,-0.0000425794678449],[0.000109224492917,0.000417069852119,0.00347062502988,-0.00101372017525,-0.000663058075588,0.000323452928569,0.000120937897009,-0.000140123302117,0.000885738700163,0.000015628800611,0.00116544566117,0.000501704402268,-0.00027470124769],[-0.000222489557927,0.000280371576082,-0.00101372017525,0.00435259519145,-0.00188141223043,-0.000675016082823,0.000864961242769,0.000984136713669,-0.00095467508072,-0.000432877830463,-0.00161004613619,0.00246776733547,-0.00174559024163],[0.00044248305494,-0.000959219934884,-0.000663058075588,-0.00188141223043,0.0079279365018,-0.00254249502905,-0.000593699282035,0.00146764994133,-0.000371721689589,-0.0021286890842,0.00237122760154,-0.00199639424682,0.000823498063255],[-0.000290193187539,0.000924105755985,0.000323452928569,-0.000675016082823,-0.00254249502905,0.0111103672534,-0.00441911024973,0.000528025091626,0.000962053891271,-0.000931460934225,0.000601006671786,0.00107104238123,-0.000915054464713],[0.000259639578871,-0.000871119322255,0.000120937897009,0.000864961242769,-0.000593699282035,-0.00441911024973,0.0112811336294,-0.00336571037769,0.0000677651041769,0.000582471198868,0.000381315097911,-0.0025158750359,0.00197318149731],[-0.000128520434373,0.00115671299864,-0.000140123302117,0.000984136713669,0.00146764994133,0.000528025091626,-0.00336571037769,0.00973421521485,-0.00321180396713,0.00258327601478,-0.000708846608177,0.00181261799298,0.0008997466648],[0.000291728822049,-0.000934353389312,0.000885738700163,-0.00095467508072,-0.000371721689589,0.000962053891271,0.0000677651041769,-0.00321180396713,0.0148840826005,-0.00785413756967,0.00296442909166,-0.00196797214448,0.00123380299192],[-0.000189012134797,0.00214982405305,0.000015628800611,-0.000432877830463,-0.0021286890842,-0.000931460934225,0.000582471198868,0.00258327601478,-0.00785413756967,0.015526574105,-0.00536554120481,0.00149744399823,-0.00179304578342],[0.000170370956766,-0.00100145093165,0.00116544566117,-0.00161004613619,0.00237122760154,0.000601006671786,0.000381315097911,-0.000708846608177,0.00296442909166,-0.00536554120481,0.0169755574316,-0.00715112080798,0.00357794528827],[-0.000151270447532,0.000897874997463,0.000501704402268,0.00246776733547,-0.00199639424682,0.00107104238123,-0.0025158750359,0.00181261799298,-0.00196797214448,0.00149744399823,-0.00715112080798,0.0175137147307,-0.00611666683108],[0.000544487906154,-0.0000425794678449,-0.00027470124769,-0.00174559024163,0.000823498063255,-0.000915054464713,0.00197318149731,0.0008997466648,0.00123380299192,-0.00179304578342,0.00357794528827,-0.00611666683108,0.0198528133333]],"mean":[1.43841898441,61.9574966431,-110.122573853,34.1696662903,-65.9467086792,12.5845069885,-46.8445205688,-3.52017211914,-23.3468780518,-1.80499994755,-16.7046585083,-0.969029307365,-21.0766086578]},"hfc":{"dmean":5.82396268845,"dmean2":7.63031578064,"dvar":90.8582229614,"dvar2":137.721206665,"max":130.15562439,"mean":24.5199394226,"median":17.5239219666,"min":1.12804962709e-16,"var":547.681884766},"melbands":{"dmean":[0.0000502913935634,0.000221936279559,0.000687259424012,0.000427655060776,0.000153375396621,0.000176874615136,0.000141195079777,0.000158039241796,0.0000862867236719,0.0000801905989647,0.0000914923512028,0.0000245689880103,0.0000328759233525,0.0000304840250465,0.0000462516873085,0.0000198795769393,0.0000218104833039,0.00000944052408158,0.00000935099342314,0.00000997578536044,0.00000658982207824,0.00000672572514304,0.00000952275695454,0.00000700172313373,0.00000619181582806,0.00000670312101647,0.00000574268415221,0.0000039700717025,0.00000302241346617,0.00000306075639855,0.00000277529397863,0.00000244871125687,0.00000379862262889,0.00000473454701932,0.00000335814797836,0.00000356275791091,0.00000255983582065,0.00000161058426329,0.00000101103819361,7.96813480974e-7],"dmean2":[0.0000786602686276,0.000366214604583,0.00111094210297,0.000663510756567,0.000228872944717,0.000269545213087,0.000210321639315,0.000235826038988,0.000113457739644,0.000107993022539,0.00012586847879,0.0000335272015946,0.0000489604608447,0.0000436451446149,0.000068925859523,0.0000296176058328,0.0000329330869135,0.0000142512017192,0.0000146410075104,0.0000158636630658,0.0000103613429019,0.0000103198244688,0.0000146672382471,0.0000106179732029,0.00000932189232117,0.0000101928235381,0.00000872933742357,0.00000606153389526,0.0000044554149099,0.00000458905378764,0.00000405508217227,0.00000365744494957,0.00000553931340619,0.00000696506413078,0.0000049929421948,0.00000534464697921,0.0000038054365632,0.00000238204393099,0.00000147630385072,0.00000119113894925],"dvar":[6.56788978759e-9,2.1676346762e-7,0.0000011515096503,4.25058260589e-7,9.13868376529e-8,1.20427969819e-7,7.06870082468e-8,1.18175897512e-7,6.7602080378e-8,5.26519627897e-8,7.37075822599e-8,5.41893152572e-9,6.81918965739e-9,6.55988730003e-9,1.69484390966e-8,1.48434498026e-9,1.48470524763e-9,4.38868608121e-10,2.07318995304e-10,2.36017871913e-10,7.9345412185e-11,1.28189348025e-10,3.5140856891e-10,2.86884682676e-10,2.67048383407e-10,3.08380709857e-10,3.593733644e-10,1.75139874825e-10,6.14604339644e-11,4.80099675293e-11,4.5043222624e-11,3.4334465826e-11,5.27922913718e-11,8.53216733376e-11,6.1053787026e-11,6.83613235464e-11,4.55592542858e-11,3.20699820866e-11,1.08920728339e-11,6.05965581532e-12],"dvar2":[1.62140327831e-8,6.48625075428e-7,0.00000305855701299,0.00000110807707188,1.98694749542e-7,2.72754760999e-7,1.50005305954e-7,2.73228806691e-7,1.13755589837e-7,9.61385779874e-8,1.4622487754e-7,7.93629872931e-9,1.51637564727e-8,1.18657501602e-8,3.45561161907e-8,3.1625337904e-9,3.54269680258e-9,9.35085231468e-10,5.31098609535e-10,5.86348358755e-10,1.86894125176e-10,2.743414107e-10,7.81660070004e-10,6.43720687865e-10,5.42223266287e-10,6.58750165528e-10,7.93783982989e-10,3.80884934703e-10,1.25925270211e-10,1.07259437443e-10,9.36449390254e-11,6.83898909726e-11,1.09077934185e-10,1.85555029675e-10,1.24279322944e-10,1.39289232925e-10,9.07629249536e-11,6.76103617536e-11,2.31022440761e-11,1.32467118871e-11],"max":[0.00116875942331,0.0062972730957,0.0156981367618,0.0123702920973,0.00678905285895,0.00850529875606,0.00616044225171,0.00732023920864,0.0079997992143,0.00634776894003,0.00673053879291,0.00393793918192,0.00259498669766,0.0039694509469,0.00502926297486,0.00114618614316,0.00106574990787,0.000713002867997,0.000262372777797,0.000382389436709,0.000193085492356,0.000510889629368,0.000702425546478,0.000458192866063,0.000413800647948,0.000577492406592,0.000596220139414,0.000366795400623,0.000210821206565,0.000200917042093,0.000190516380826,0.000203427902306,0.000170822575456,0.00014550803462,0.000142055490869,0.000172094805748,0.000152915512444,0.000146681952174,0.000090479865321,0.0000669996225042],"mean":[0.000162824697327,0.000498303328641,0.00157413457055,0.0010754064424,0.000397185358452,0.000390664295992,0.00033722637454,0.000375436677132,0.000224287854508,0.000206484721275,0.000225478390348,0.0000563075373066,0.0000719164381735,0.0000690590532031,0.000103218713775,0.0000421423646912,0.0000464681033918,0.0000198232319235,0.0000193374835362,0.0000214820975089,0.0000142581629916,0.0000151604481289,0.0000198365833057,0.0000151224130605,0.0000132759732878,0.0000145200338011,0.0000110935761768,0.00000750997651267,0.00000629241321803,0.0000059822377807,0.0000054154497775,0.00000487170473207,0.00000745152510717,0.00000873056433193,0.00000651229674986,0.00000670132112646,0.00000495351605423,0.00000286487670564,0.00000175102229605,0.00000137204392558],"median":[0.000138962379424,0.000303188688122,0.000943490711506,0.00063152454095,0.000143090335769,0.000180393093615,0.000191244020243,0.000113820984552,0.0000262679859588,0.0000233028622461,0.0000223081115109,0.0000152004122356,0.0000259434364125,0.0000146996881085,0.0000243290651269,0.0000221072095883,0.0000275702041108,0.00000967685900832,0.0000116617275125,0.0000138885425258,0.000010618730812,0.0000102631911432,0.00000873140561453,0.00000565938580621,0.00000499988118463,0.0000060506781665,0.00000377145966013,0.00000247697380473,0.00000304550667352,0.00000283132635559,0.00000218991772272,0.00000195107782019,0.00000329592808157,0.00000365375058209,0.00000250372409027,0.00000225135272558,0.0000014147873344,6.00440216658e-7,4.16816646975e-7,3.68335179246e-7],"min":[7.06060723545e-24,4.266428777e-24,5.64896233924e-24,2.1704638088e-24,3.57065266974e-24,4.33417970142e-24,3.67627483406e-24,4.33650881324e-24,3.26573939164e-24,4.12862976522e-24,3.50786486371e-24,2.93335817404e-24,4.84120032673e-24,5.62923647787e-24,4.62918133667e-24,5.20951869451e-24,6.99750151848e-24,3.94889530214e-24,5.81482626102e-24,6.90303463622e-24,4.9590383966e-24,6.86783566263e-24,6.89748342203e-24,7.21519715161e-24,5.71086386004e-24,4.96499469086e-24,5.23207301665e-24,5.83580798894e-24,6.87901461052e-24,6.74055295557e-24,6.03587455299e-24,6.4634486021e-24,6.33941126881e-24,7.14352203862e-24,8.00680723708e-24,7.52282608337e-24,6.81747872674e-24,6.59696646576e-24,8.46424558792e-24,8.87208509819e-24],"var":[2.26528111824e-8,3.86393111285e-7,0.00000322185383084,0.00000167364055415,4.28592528579e-7,3.44345266967e-7,2.32444335779e-7,4.89998797093e-7,3.96069339104e-7,2.6861246738e-7,3.37925285976e-7,2.41665141232e-8,2.52837466519e-8,2.9413788738e-8,7.62482699201e-8,5.09831332707e-9,3.77971742793e-9,1.55375290412e-9,5.18593057386e-10,5.79457926086e-10,1.99094296605e-10,3.45687201087e-10,1.02122910128e-9,7.78570874438e-10,7.24285020848e-10,9.37506516863e-10,8.06793576391e-10,4.12358647228e-10,1.6888007659e-10,1.25009377849e-10,1.31916477741e-10,1.04765342235e-10,1.61631846796e-10,2.15483700328e-10,1.59535815114e-10,1.82700118923e-10,1.31367638989e-10,7.55738388536e-11,2.58413377502e-11,1.34623579645e-11]},"melbands_crest":{"dmean":2.71548557281,"dmean2":4.37285423279,"dvar":6.79846572876,"dvar2":17.6599903107,"max":31.9092197418,"mean":13.6311368942,"median":12.8513851166,"min":1.50414741039,"var":25.5439224243},"melbands_flatness_db":{"dmean":0.019907463342,"dmean2":0.0295717213303,"dvar":0.000394266186049,"dvar2":0.000808153010439,"max":0.332092881203,"mean":0.158780246973,"median":0.159186899662,"min":0.00218767602928,"var":0.00224027479999},"melbands_kurtosis":{"dmean":4.99392747879,"dmean2":7.80503559113,"dvar":55.2773742676,"dvar2":131.970748901,"max":188.525131226,"mean":12.617143631,"median":8.46776008606,"min":-1.77983009815,"var":197.804977417},"melbands_skewness":{"dmean":0.571234464645,"dmean2":0.874795675278,"dvar":0.372598111629,"dvar2":0.826208174229,"max":11.3833398819,"mean":2.7708003521,"median":2.57646894455,"min":-0.3392816782,"var":2.10187029839},"melbands_spread":{"dmean":8.20181179047,"dmean2":12.1624126434,"dvar":182.347763062,"dvar2":317.656188965,"max":202.17829895,"mean":31.6354694366,"median":23.0569553375,"min":2.05345821381,"var":830.491943359},"mfcc":{"cov":[[10226.1064453,761.148620605,175.551879883,-22.9782867432,-353.301361084,-299.591949463,-52.8072929382,222.469100952,-446.377197266,107.376426697,-1.47965347767,-103.845489502,-131.869628906],[761.148620605,932.168701172,-130.740310669,-81.0386123657,-105.331565857,-63.249912262,-15.0705862045,120.728599548,-93.2674484253,-42.1153831482,-7.63901424408,-36.2552146912,-44.2387275696],[175.551879883,-130.740310669,285.566955566,95.6839752197,60.0124130249,24.5999622345,9.17627048492,-40.9395751953,19.6305217743,20.3914794922,-44.4842529297,-12.4433135986,-3.49758577347],[-22.9782867432,-81.0386123657,95.6839752197,283.632843018,153.760070801,118.066467285,-11.9417953491,-75.56640625,29.0312404633,17.7862091064,-21.3360004425,6.30358123779,32.6607208252],[-353.301361084,-105.331565857,60.0124130249,153.760070801,236.511245728,141.296585083,-9.54279613495,-85.6289215088,51.5951271057,11.6570653915,-20.2979621887,15.8314781189,20.795879364],[-299.591949463,-63.249912262,24.5999622345,118.066467285,141.296585083,272.234405518,18.8430900574,-78.5107116699,63.6285362244,-19.0303478241,-17.7694625854,43.9320755005,49.3864974976],[-52.8072929382,-15.0705862045,9.17627048492,-11.9417953491,-9.54279613495,18.8430900574,124.52822113,43.2370300293,1.94292330742,-1.65819144249,-1.93267786503,-4.65526151657,-3.3780143261],[222.469100952,120.728599548,-40.9395751953,-75.56640625,-85.6289215088,-78.5107116699,43.2370300293,166.301849365,-13.6059560776,1.47627830505,16.4408569336,-14.9281301498,-20.0964870453],[-446.377197266,-93.2674484253,19.6305217743,29.0312404633,51.5951271057,63.6285362244,1.94292330742,-13.6059560776,143.696731567,25.2289543152,0.92940223217,18.0046463013,17.8224925995],[107.376426697,-42.1153831482,20.3914794922,17.7862091064,11.6570653915,-19.0303478241,-1.65819144249,1.47627830505,25.2289543152,107.43586731,15.9424886703,-0.684409618378,-4.99712753296],[-1.47965347767,-7.63901424408,-44.4842529297,-21.3360004425,-20.2979621887,-17.7694625854,-1.93267786503,16.4408569336,0.92940223217,15.9424886703,98.7644042969,20.5173053741,5.38968038559],[-103.845489502,-36.2552146912,-12.4433135986,6.30358123779,15.8314781189,43.9320755005,-4.65526151657,-14.9281301498,18.0046463013,-0.684409618378,20.5173053741,83.1872787476,32.088104248],[-131.869628906,-44.2387275696,-3.49758577347,32.6607208252,20.795879364,49.3864974976,-3.3780143261,-20.0964870453,17.8224925995,-4.99712753296,5.38968038559,32.088104248,86.167755127]],"icov":[[0.000133885376272,-0.0000709757150616,-0.000150701554958,-0.000093786213256,0.000192209598026,-0.0000851828299346,0.000116914823593,-0.000133921086672,0.000396117771743,-0.000237364263739,-0.0000118157477118,-0.00000403276908401,0.0000802159120212],[-0.0000709757150616,0.00143404665869,0.000577783328481,-0.0000656538613839,0.000163243559655,-0.000366931781173,0.000527191034053,-0.000980084994808,0.000500723661389,0.000324207387166,0.000357180309948,0.000286304973997,0.000425230653491],[-0.000150701554958,0.000577783328481,0.00475590350106,-0.00126735656522,-0.000262636662228,0.000548423558939,-0.00069850415457,0.000529126322363,-0.000617561105173,-0.000312210962875,0.00184778554831,0.00016292888904,0.000517882057466],[-0.000093786213256,-0.0000656538613839,-0.00126735656522,0.00638722442091,-0.00317955669016,-0.00102156749927,0.000375415518647,0.000486181379529,0.000392306596041,-0.000731882348191,-0.000113353293273,0.00101169268601,-0.00166193931364],[0.000192209598026,0.000163243559655,-0.000262636662228,-0.00317955669016,0.00899662729353,-0.00283471937291,0.000495652493555,0.00137887010351,-0.000486209406517,-0.000922372506466,0.000399205164285,0.0000422570265073,0.00137329660356],[-0.0000851828299346,-0.000366931781173,0.000548423558939,-0.00102156749927,-0.00283471937291,0.00751554872841,-0.00235146074556,0.00206594332121,-0.00229459209368,0.00192625808995,0.000654231058434,-0.00227023358457,-0.00175217562355],[0.000116914823593,0.000527191034053,-0.00069850415457,0.000375415518647,0.000495652493555,-0.00235146074556,0.0099662002176,-0.00378685607575,0.000989834079519,-0.000333096046234,0.000159456772963,0.000830338918604,0.000471318286145],[-0.000133921086672,-0.000980084994808,0.000529126322363,0.000486181379529,0.00137887010351,0.00206594332121,-0.00378685607575,0.00990002602339,-0.00169815029949,0.000122191559058,-0.000851780874655,0.000194692242076,0.000111786139314],[0.000396117771743,0.000500723661389,-0.000617561105173,0.000392306596041,-0.000486209406517,-0.00229459209368,0.000989834079519,-0.00169815029949,0.0101419584826,-0.00288134627044,0.000127370629343,-0.000477178255096,-0.000330332899466],[-0.000237364263739,0.000324207387166,-0.000312210962875,-0.000731882348191,-0.000922372506466,0.00192625808995,-0.000333096046234,0.000122191559058,-0.00288134627044,0.0112831294537,-0.00197181431577,-0.00000461067475044,0.000577309227083],[-0.0000118157477118,0.000357180309948,0.00184778554831,-0.000113353293273,0.000399205164285,0.000654231058434,0.000159456772963,-0.000851780874655,0.000127370629343,-0.00197181431577,0.0122869284824,-0.0031718921382,-0.000108499843918],[-0.00000403276908401,0.000286304973997,0.00016292888904,0.00101169268601,0.0000422570265073,-0.00227023358457,0.000830338918604,0.000194692242076,-0.000477178255096,-0.00000461067475044,-0.0031718921382,0.0159920398146,-0.0045255725272],[0.0000802159120212,0.000425230653491,0.000517882057466,-0.00166193931364,0.00137329660356,-0.00175217562355,0.000471318286145,0.000111786139314,-0.000330332899466,0.000577309227083,-0.000108499843918,-0.0045255725272,0.0151085378602]],"mean":[-637.938720703,91.4170761108,9.13599300385,18.3505096436,2.7244579792,9.16699790955,-11.8105220795,1.22308373451,-12.8150062561,-1.94444584846,-3.11801171303,-0.27295601368,-1.82102692127]},"pitch_salience":{"dmean":0.0564053468406,"dmean2":0.0896421223879,"dvar":0.00257243658416,"dvar2":0.00647260155529,"max":0.982146501541,"mean":0.562876999378,"median":0.565740466118,"min":0.181223794818,"var":0.0109921218827},"silence_rate_20dB":{"dmean":0,"dmean2":0,"dvar":0,"dvar2":0,"max":1,"mean":1,"median":1,"min":1,"var":0},"silence_rate_30dB":{"dmean":0,"dmean2":0,"dvar":0,"dvar2":0,"max":1,"mean":1,"median":1,"min":1,"var":0},"silence_rate_60dB":{"dmean":0.0091084735468,"dmean2":0.0182194616646,"dvar":0.00902616977692,"dvar2":0.0214793812484,"max":1,"mean":0.0873464867473,"median":0,"min":0,"var":0.079717554152},"spectral_centroid":{"dmean":242.265762329,"dmean2":357.256561279,"dvar":105064.742188,"dvar2":182771.671875,"max":11450.1376953,"mean":1477.22192383,"median":1295.76928711,"min":327.512023926,"var":653873.25},"spectral_complexity":{"dmean":2.55120062828,"dmean2":3.84679079056,"dvar":7.21676778793,"dvar2":13.6717071533,"max":49,"mean":17.3682899475,"median":17,"min":0,"var":59.0242729187},"spectral_contrast_coeffs":{"dmean":[0.0419746823609,0.0399371646345,0.0333900786936,0.0286904070526,0.0225725024939,0.016818523407],"dmean2":[0.068207398057,0.0636641532183,0.0522167906165,0.0436652712524,0.0344463698566,0.0253812111914],"dvar":[0.00127987656742,0.00113346939906,0.00078956305515,0.000548848533072,0.000353613344487,0.000222732778639],"dvar2":[0.00330334645696,0.00276486831717,0.00174498790875,0.00119950307999,0.000774677493609,0.00047245589667],"max":[-0.298844099045,-0.412081241608,-0.413378179073,-0.483781129122,-0.567618072033,-0.633268415928],"mean":[-0.572120845318,-0.67374330759,-0.729510486126,-0.725999951363,-0.756047427654,-0.747969985008],"median":[-0.563257932663,-0.676355242729,-0.744717657566,-0.725351035595,-0.757631897926,-0.744569659233],"min":[-0.999827623367,-0.999320566654,-0.998171567917,-0.993280649185,-0.966412067413,-0.975109398365],"var":[0.0100397989154,0.00634922320023,0.00712411152199,0.0033544995822,0.00208245869726,0.0014229726512]},"spectral_contrast_valleys":{"dmean":[0.321641415358,0.302661925554,0.277782380581,0.266950756311,0.232558682561,0.264439284801],"dmean2":[0.519123792648,0.491525352001,0.436194509268,0.389513015747,0.318196296692,0.335374265909],"dvar":[0.126527175307,0.0960823222995,0.0787378549576,0.0807690545917,0.0745955333114,0.104433886707],"dvar2":[0.262549549341,0.204293936491,0.155957683921,0.132242053747,0.107320487499,0.142335936427],"max":[-6.12674427032,-5.11198234558,-5.14005279541,-6.1440653801,-5.54114484787,-7.39537286758],"mean":[-7.90741634369,-7.31343793869,-8.04252147675,-8.25479316711,-7.8967833519,-9.89047813416],"median":[-7.56524181366,-7.05697488785,-7.80697965622,-8.04774093628,-7.65716457367,-9.74102592468],"min":[-27.9976711273,-27.7948207855,-27.3459587097,-27.5357990265,-27.4322052002,-27.3597450256],"var":[2.00043582916,2.13008379936,1.98497772217,1.87217128277,2.08077764511,2.07689762115]},"spectral_decrease":{"dmean":1.2475184219e-9,"dmean2":1.89780990922e-9,"dvar":2.1124126961e-18,"dvar2":4.85409932089e-18,"max":1.17040748836e-28,"mean":-5.51379031322e-9,"median":-4.86235007813e-9,"min":-2.0810585255e-8,"var":1.44414468752e-17},"spectral_energy":{"dmean":0.00499918079004,"dmean2":0.00753430603072,"dvar":0.0000326222107105,"dvar2":0.0000741435287637,"max":0.0861246064305,"mean":0.0230343751609,"median":0.0208994559944,"min":1.0490255253e-20,"var":0.000236886466155},"spectral_energyband_high":{"dmean":0.000570485834032,"dmean2":0.000741616240703,"dvar":0.0000013569181192,"dvar2":0.0000019766373498,"max":0.0181149151176,"mean":0.00162010779604,"median":0.000748115067836,"min":7.68481000541e-21,"var":0.00000707829894964},"spectral_energyband_low":{"dmean":0.00153543998022,"dmean2":0.00248342356645,"dvar":0.00000838181586005,"dvar2":0.0000228398657782,"max":0.0507524423301,"mean":0.003709748853,"median":0.00239912723191,"min":5.30347904919e-23,"var":0.000018707190975},"spectral_energyband_middle_high":{"dmean":0.00111759034917,"dmean2":0.00153101980686,"dvar":0.00000349713286596,"dvar2":0.00000595153869654,"max":0.0531311333179,"mean":0.00430307304487,"median":0.00267653749324,"min":1.42010351407e-21,"var":0.0000236171708821},"spectral_energyband_middle_low":{"dmean":0.00403278600425,"dmean2":0.0061664134264,"dvar":0.0000252605877904,"dvar2":0.0000582398752158,"max":0.0760742276907,"mean":0.0151382368058,"median":0.0122059220448,"min":2.00326064575e-22,"var":0.000156731868628},"spectral_entropy":{"dmean":0.145241603255,"dmean2":0.198767825961,"dvar":0.0223361961544,"dvar2":0.0370767712593,"max":9.81145095825,"mean":7.67013502121,"median":7.63450813293,"min":6.54773569107,"var":0.133118540049},"spectral_flux":{"dmean":0.0147008094937,"dmean2":0.022709345445,"dvar":0.000245414179517,"dvar2":0.000591476331465,"max":0.226506590843,"mean":0.0589999221265,"median":0.056794911623,"min":6.51368195492e-11,"var":0.000996470800601},"spectral_kurtosis":{"dmean":0.64547264576,"dmean2":1.05683803558,"dvar":0.40670132637,"dvar2":1.03497672081,"max":10.9106893539,"mean":2.44612717628,"median":2.25105905533,"min":-1.25708496571,"var":1.67364645004},"spectral_rms":{"dmean":0.000498274457641,"dmean2":0.0007441744674,"dvar":2.71855185474e-7,"dvar2":5.95771894041e-7,"max":0.00916646048427,"mean":0.00437807012349,"median":0.00451549701393,"min":3.19912412533e-12,"var":0.00000330500438395},"spectral_rolloff":{"dmean":640.52331543,"dmean2":1020.40936279,"dvar":1305172.375,"dvar2":2423186.5,"max":19056.8847656,"mean":2090.08325195,"median":1378.125,"min":129.19921875,"var":4467147.5},"spectral_skewness":{"dmean":0.122653268278,"dmean2":0.187630861998,"dvar":0.0137571049854,"dvar2":0.0279302746058,"max":2.5447883606,"mean":1.26961481571,"median":1.27236485481,"min":-0.0355809293687,"var":0.103399910033},"spectral_spread":{"dmean":485919.78125,"dmean2":697587.3125,"dvar":570672414720,"dvar2":1075808043010,"max":42908152,"mean":5700380.5,"median":5432457,"min":2580346.5,"var":3704693194750},"spectral_strongpeak":{"dmean":0.413699656725,"dmean2":0.693591535091,"dvar":0.525712788105,"dvar2":1.36777174473,"max":13.4173841476,"mean":1.02905523777,"median":0.631715536118,"min":0,"var":1.36537182331},"zerocrossingrate":{"dmean":0.0137188434601,"dmean2":0.0150276049972,"dvar":0.000297305348795,"dvar2":0.000321893923683,"max":0.51171875,"mean":0.0842773318291,"median":0.07080078125,"min":0.0126953125,"var":0.00258310837671}},"metadata":{"audio_properties":{"analysis_sample_rate":44100,"bit_rate":0,"codec":"flac","downmix":"mix","equal_loudness":0,"length":168.240005493,"lossless":true,"md5_encoded":"7647a091fd291efaf4a65ccad7b1ebcd","replay_gain":-6.07839202881,"sample_rate":44100},"tags":{"album":["Strangeways, Here We Come"],"albumartist":["The Smiths"],"albumartistsort":["Smiths, The"],"artist":["The Smiths"],"artistsort":["Smiths, The"],"asin":["B000GW88UG"],"barcode":["4943674066230"],"catalognumber":["WPCR 12444"],"composer":["Johnny Marr"],"date":["2006-09-13"],"discnumber":["1"],"disctotal":["1"],"file_name":"01-10 I Won’t Share You.flac","genre":["Alternative Rock"],"label":["Warner Music Japan"],"lyricist":["Morrissey"],"media":["CD"],"musicbrainz_albumartistid":["40f5d9e4-2de7-4f2d-ad41-e31a9a9fea27"],"musicbrainz_albumid":["611e7b6f-fb9c-3780-ab89-db4ba377c146"],"musicbrainz_artistid":["40f5d9e4-2de7-4f2d-ad41-e31a9a9fea27"],"musicbrainz_recordingid":["968e28b8-f0d1-41d6-82f8-ac4d385ff035"],"musicbrainz_releasegroupid":["53bcf9cf-db1e-3887-80f5-9f23c87a0f64"],"originaldate":["1987-09-22"],"performer":["Andy Rourke (bass guitar)","Mike Joyce (drums)","Johnny Marr (guitar)","Morrissey (vocal)"],"producer":["Morrissey","Stephen Street","Johnny Marr"],"releasecountry":["JP"],"releasestatus":["official"],"releasetype":["album"],"script":["Latn"],"title":["I Won’t Share You"],"totaldiscs":["1"],"totaltracks":["10"],"tracknumber":["10"],"tracktotal":["10"]},"version":{"essentia":"2.1-beta1","essentia_build_sha":"ca57ba49d9b1854bd80e60cf9ccf267278fb7d6b","essentia_git_sha":"v2.1_beta1-28-g21ef5f4-dirty","extractor":"music 1.0"}},"rhythm":{"beats_count":257,"beats_loudness":{"dmean":0.0149666760117,"dmean2":0.0254881102592,"dvar":0.000142740114825,"dvar2":0.000399626616854,"max":0.0711564272642,"mean":0.0