{"lowlevel":{"average_loudness":0.88304412365,"barkbands":{"dmean":[0.00000675108822179,0.000535739876796,0.00111519999336,0.000896293553524,0.000912761490326,0.000700611097272,0.00102719687857,0.00122967502102,0.000975218601525,0.000769279198721,0.000385841354728,0.000431584659964,0.000579068262596,0.000319874641718,0.000407042185543,0.000242754947976,0.000189634927665,0.000106993269583,0.000056959088397,0.0000540615328646,0.0000355317388312,0.0000293504836009,0.0000402299629059,0.0000448420651082,0.0000216663102037,7.06077003088e-7,2.38320918555e-8],"dmean2":[0.000012054320905,0.000843805435579,0.00201869220473,0.00150624848902,0.00149436981883,0.0010766844498,0.00152516423259,0.0016253918875,0.00134974811226,0.00101079582237,0.000532336882316,0.000592290889472,0.000831766927149,0.00047045640531,0.000593986769672,0.000332223018631,0.000261555949692,0.000156413574587,0.0000826412724564,0.0000770198457758,0.0000503317314724,0.0000405454920838,0.0000531759906153,0.0000586235764786,0.0000298285704048,9.82969027064e-7,3.53372158202e-8],"dvar":[5.65221203175e-10,0.00000169916825143,0.00000652961489322,0.00000276577043223,0.00000482097902932,9.37552272262e-7,0.00000335196818924,0.00000677621846989,0.00000431903254139,0.00000363657477465,9.03070429104e-7,9.4201959655e-7,0.00000150346988903,4.89155354444e-7,0.00000121677805964,4.37794653863e-7,1.68429849623e-7,6.60388437268e-8,1.72844263346e-8,8.75109407161e-9,5.11874764797e-9,3.69767994002e-9,9.49930623051e-9,9.80103109782e-9,1.33144224534e-8,5.394787915e-12,1.34446608984e-14],"dvar2":[1.68366520725e-9,0.00000380719825444,0.0000190694590856,0.00000733631395633,0.0000116987303045,0.0000022425424504,0.00000663480568619,0.0000115194652608,0.00000766039192968,0.00000522084292243,0.00000154737915636,0.00000159323667503,0.00000298031864077,9.92966306512e-7,0.00000242500664172,6.68258962833e-7,3.00386489016e-7,1.35522995492e-7,3.54918867629e-8,1.6706593442e-8,1.08473745541e-8,7.57754392566e-9,1.78274177642e-8,1.74856236157e-8,3.23568336569e-8,1.17633255567e-11,3.50015155748e-14],"max":[0.000476952467579,0.0184605717659,0.0356569215655,0.0273097418249,0.0401989296079,0.0196215435863,0.0295393764973,0.0485799908638,0.0527647696435,0.0514651313424,0.0301709230989,0.0238920003176,0.031257301569,0.0178798753768,0.023746047169,0.0242977272719,0.0132870245725,0.0112364385277,0.00527510326356,0.00246148346923,0.00202494813129,0.00138062308542,0.0031917730812,0.0031105556991,0.00406954856589,0.000115335664304,0.00000609432800047],"mean":[0.00000636609138382,0.000725475838408,0.00120374187827,0.00120857567526,0.00136601203121,0.00172915286385,0.00208745175041,0.00278211361729,0.00221553724259,0.00207712175325,0.000854319601785,0.000996646238491,0.00131015933584,0.000662641308736,0.000833915022667,0.000632124894764,0.000442103453679,0.000282099674223,0.000133822584758,0.000134604648338,0.0000854658865137,0.000062884100771,0.0000865036345203,0.0000962226695265,0.0000343133033311,0.00000117980732739,3.75400617258e-8],"median":[0.00000109668735604,0.000196987064555,0.000572025310248,0.000563222565688,0.000783056719229,0.00115837494377,0.000863527646288,0.000453688699054,0.000665763218421,0.000453554384876,0.000184118442121,0.000223132505198,0.000378063763492,0.000255861697951,0.000272225850495,0.000170255225385,0.000156971029355,0.0000984791040537,0.0000708692896296,0.0000775071021053,0.0000418049676227,0.0000255523555097,0.0000303806773445,0.0000294384662993,0.00000781701783126,3.37309387533e-7,1.37727678151e-8],"min":[1.12128310109e-11,1.10314543958e-11,2.16292326931e-12,1.98776e-13,2.17435422965e-12,1.20427539468e-12,1.35703373452e-12,8.07683238867e-13,5.21306142785e-13,2.4461235446e-13,1.16927124992e-13,1.74775965185e-13,2.54032499246e-13,9.3999698162e-14,5.84477738018e-14,4.97719575244e-14,2.12309502796e-14,8.08141192312e-14,1.14598611091e-13,1.34247769693e-13,8.30177872518e-14,2.09345385536e-13,1.16202701758e-13,1.18644894256e-13,3.3844560726e-13,2.11535866948e-13,5.63118887457e-14],"var":[5.30460342318e-10,0.00000243302747549,0.00000479071331938,0.00000377564538212,0.00000518945762451,0.00000343401916325,0.0000114112872325,0.0000299273342534,0.0000183505471796,0.0000251270248555,0.00000422242010245,0.00000460617002318,0.00000736567881177,0.00000157990518801,0.00000330081752509,0.00000277616209132,7.43400391912e-7,5.04987099248e-7,5.33195461117e-8,3.33901333249e-8,1.56567043774e-8,9.87163506494e-9,2.78350675842e-8,3.17434896147e-8,1.58797863747e-8,8.65251533616e-12,1.36965676498e-14]},"barkbands_crest":{"dmean":2.23444032669,"dmean2":3.53073716164,"dvar":4.43404626846,"dvar2":11.3599834442,"max":26.7070198059,"mean":8.9669380188,"median":8.1975069046,"min":2.34402680397,"var":13.9467792511},"barkbands_flatness_db":{"dmean":0.0192940514535,"dmean2":0.0280272439122,"dvar":0.000435819500126,"dvar2":0.00105215643998,"max":0.468077272177,"mean":0.148947045207,"median":0.14527605474,"min":0.0419725701213,"var":0.00252615730278},"barkbands_kurtosis":{"dmean":4.57708644867,"dmean2":7.96808099747,"dvar":1773.21936035,"dvar2":6167.85595703,"max":1946.70703125,"mean":5.36113023758,"median":1.03773784637,"min":-1.87978816032,"var":1526.57629395},"barkbands_skewness":{"dmean":0.495363861322,"dmean2":0.776940703392,"dvar":0.979501605034,"dvar2":3.10411047935,"max":39.4746170044,"mean":1.22187435627,"median":0.951955497265,"min":-1.74054265022,"var":2.88957381248},"barkbands_spread":{"dmean":4.09192991257,"dmean2":5.94170570374,"dvar":29.8685817719,"dvar2":69.6241226196,"max":112.627296448,"mean":18.6532993317,"median":15.9166564941,"min":0.187856525183,"var":147.190811157},"dissonance":{"dmean":0.021731050685,"dmean2":0.0359089076519,"dvar":0.000496041902807,"dvar2":0.00131139706355,"max":0.5,"mean":0.450544059277,"median":0.46179318428,"min":0.214286640286,"var":0.0015311462339},"dynamic_complexity":5.4001994133,"erbbands":{"dmean":[0.00815477501601,0.161859929562,1.07661950588,2.28776693344,2.79069304466,3.46132850647,3.58992338181,5.99803638458,13.0242271423,20.0314121246,25.9351406097,21.1094818115,22.9510765076,18.0235652924,15.1938476562,18.6770057678,22.7229576111,17.7467899323,20.3194332123,16.3536167145,10.2827100754,9.08934116364,6.34015083313,2.84076952934,2.99328517914,2.39847612381,1.31869518757,1.52684271336,1.1432505846,1.05053901672,1.20001792908,1.14056241512,0.655409455299,0.301712036133,0.0669189244509,0.00943211186677,0.000704722595401,0.0000636821278022,0.00000736391575629,0.00000598277074459],"dmean2":[0.0113188782707,0.259692430496,1.92844295502,3.98419046402,4.63346195221,5.69228029251,5.68497228622,9.31464195251,19.9439697266,27.6858978271,34.1625175476,28.7172641754,29.3361854553,24.086025238,19.9310035706,25.4701137543,32.3812484741,25.7297420502,29.1034221649,22.3040504456,13.9541053772,12.3419885635,8.77073955536,4.19980573654,4.06391382217,3.43987774849,1.86932742596,2.16559481621,1.61056351662,1.43043065071,1.59560978413,1.48935830593,0.904446065426,0.415503710508,0.0913581624627,0.0130501184613,0.000937195145525,0.0000873432509252,0.00000969371649262,0.00000805176023277],"dvar":[0.000451395986602,0.154000639915,6.42173194885,22.2410545349,29.2749271393,77.4115142822,32.9422492981,78.0478591919,529.529846191,1811.10095215,3393.45776367,2486.07348633,3434.42163086,2552.39379883,1297.07250977,1593.08862305,2427.66235352,1411.94995117,3417.84863281,1847.375,427.761779785,412.308288574,203.442306519,27.2098751068,41.9223709106,15.5654039383,5.45812273026,10.2693214417,5.26324510574,5.93013334274,7.69179868698,8.25003242493,2.95586252213,1.78293180466,0.0371605716646,0.000980677315965,0.00000559228010388,5.7107151008e-8,4.70836203359e-10,5.91038606945e-11],"dvar2":[0.000931404007133,0.370252996683,18.3421077728,61.9593467712,73.0668640137,192.47555542,81.8403091431,184.539031982,1107.9753418,3145.16625977,6187.6640625,4307.83203125,4565.39501953,4047.89599609,2027.484375,2690.45825195,4941.83300781,2785.46142578,6665.00732422,3076.09960938,777.92791748,732.910888672,413.906280518,59.9108009338,68.7100372314,30.0304546356,10.8210096359,22.4145011902,10.9985990524,12.290760994,14.1455841064,14.0176820755,6.67682170868,4.32996940613,0.0753797665238,0.0021154275164,0.0000117867375593,1.38671126138e-7,1.12741405101e-9,1.08186737346e-10],"max":[0.383072584867,5.87857103348,38.3774261475,68.1923675537,73.6961593628,183.313934326,122.623565674,182.994735718,473.432189941,793.457641602,1155.15490723,1421.37683105,1812.50708008,2027.62756348,1482.34411621,1066.53552246,1590.41162109,1097.09362793,1603.68591309,1351.24169922,863.597473145,747.340148926,683.490966797,125.868934631,323.040161133,117.886100769,67.6865081787,82.6132125854,50.2889137268,65.4060211182,79.9876708984,110.916778564,46.6127929688,46.4874343872,7.37406396866,0.976908385754,0.118287816644,0.0100618824363,0.00101716525387,0.000104108294181],"mean":[0.0109156742692,0.212062358856,1.20947432518,3.02751922607,4.0733294487,4.85315752029,7.4997625351,14.6132879257,27.5952358246,44.5258522034,61.678730011,49.9417037964,68.1828918457,46.8713989258,37.6742286682,47.5760345459,55.9524497986,41.6660804749,42.7065048218,40.1356887817,30.6074714661,23.4943675995,18.3823375702,7.35342693329,7.57018995285,6.17738056183,3.57947230339,3.3668949604,2.51875948906,2.241959095,2.56126666069,2.33789944649,1.32446503639,0.507351875305,0.119784161448,0.0160706844181,0.00124705838971,0.000114621194371,0.0000223568385991,0.0000277890212601],"median":[0.00178147549741,0.0677036717534,0.564594984055,1.63412332535,2.04434251785,2.4979429245,4.46004962921,9.74764156342,14.5562944412,12.2720727921,15.1712446213,17.7545261383,16.0222129822,13.958073616,10.4138631821,14.6802215576,18.985584259,17.1344261169,16.0690135956,12.9530858994,11.1863698959,8.44553661346,6.05584430695,4.17742061615,3.65364718437,3.6581556797,2.01424336433,1.49978756905,1.11040282249,0.843890845776,0.883303463459,0.726393282413,0.377203762531,0.130438730121,0.0329346954823,0.00419638399035,0.000393364403863,0.0000424156060035,0.0000179432154255,0.0000246460040216],"min":[4.94832119724e-10,1.86518667178e-9,2.90631851918e-9,1.5188678093e-9,1.50318268943e-9,9.01721364244e-9,1.47919498872e-8,7.55267759445e-9,1.27473001044e-8,2.67673012644e-8,1.28575390335e-8,1.27724559817e-8,6.80180844981e-9,9.60750590195e-9,5.65523006202e-9,7.07838365699e-9,1.19544729671e-8,5.80068482137e-9,2.45853803982e-9,3.60531138277e-9,2.73568545595e-9,1.68569402881e-9,4.11279366119e-9,3.6549823168e-9,7.08604019906e-9,5.89962834141e-9,6.13976647301e-9,2.36577957224e-9,5.95146687488e-9,6.77801104132e-9,3.16428194758e-9,3.14588954886e-9,2.07673367392e-9,4.8714468015e-9,2.00587013666e-9,7.71020913781e-10,3.32943783654e-10,9.54962914301e-11,9.3870423587e-12,7.5577760196e-13],"var":[0.000743832730222,0.193304091692,4.98408603668,22.1093463898,38.9064598083,80.3173522949,93.0539321899,266.011322021,1660.32177734,7625.42089844,15027.4824219,9459.48925781,29202.8339844,15835.1474609,6724.99072266,8442.47460938,12181.8505859,5759.03076172,9008.88867188,8373.32910156,4348.24267578,2070.60180664,1860.32653809,106.46207428,191.571472168,64.2605514526,21.7073020935,26.2182617188,14.6951551437,16.259601593,23.237323761,23.8710575104,6.31508874893,2.27970981598,0.0724166706204,0.00163830886595,0.00000916278713703,7.59796563443e-8,7.49115214305e-10,3.79731551758e-10]},"erbbands_crest":{"dmean":2.29989433289,"dmean2":3.56885743141,"dvar":4.87595415115,"dvar2":10.815032959,"max":30.94880867,"mean":9.93978023529,"median":9.24531650543,"min":1.88099372387,"var":21.1377449036},"erbbands_flatness_db":{"dmean":0.0158817507327,"dmean2":0.0203227885067,"dvar":0.000249126373092,"dvar2":0.000370064459275,"max":0.375152975321,"mean":0.194370791316,"median":0.188756451011,"min":0.0317735001445,"var":0.00368713680655},"erbbands_kurtosis":{"dmean":0.851507008076,"dmean2":1.25097250938,"dvar":1.41327869892,"dvar2":2.95129299164,"max":36.6173820496,"mean":1.03705883026,"median":0.238842487335,"min":-1.76057469845,"var":6.43817043304},"erbbands_skewness":{"dmean":0.309050440788,"dmean2":0.446083843708,"dvar":0.085228048265,"dvar2":0.177782803774,"max":4.61188459396,"mean":0.445582985878,"median":0.38245305419,"min":-3.47033262253,"var":0.649440288544},"erbbands_spread":{"dmean":5.71696043015,"dmean2":8.04166316986,"dvar":46.2074508667,"dvar2":92.1095809937,"max":124.789291382,"mean":31.0408172607,"median":26.7570800781,"min":2.86750030518,"var":375.805419922},"gfcc":{"cov":[[18301.8652344,955.241455078,-2051.30053711,87.53931427,-998.171142578,50.8352737427,-465.309173584,-214.957687378,2.81173610687,-452.02041626,-26.3122062683,-533.066589355,73.5184631348],[955.241455078,969.044189453,-279.083679199,-304.827148438,102.281707764,-180.913711548,161.275787354,-78.0166931152,94.2193222046,-113.65512085,128.628479004,-85.4800033569,3.60827422142],[-2051.30053711,-279.083679199,1151.17578125,501.668670654,-21.7625179291,221.244018555,-6.3388876915,90.7433395386,-71.074836731,108.187179565,6.49668836594,125.566726685,0.762553453445],[87.53931427,-304.827148438,501.668670654,626.387939453,-11.7545452118,92.4449539185,-164.023956299,18.0362148285,-19.4766597748,46.0513000488,-35.8283805847,53.7298088074,44.2048835754],[-998.171142578,102.281707764,-21.7625179291,-11.7545452118,305.542114258,-57.1375160217,46.0655555725,23.6802597046,58.4473838806,31.3687114716,3.71063637733,25.8056545258,7.90414142609],[50.8352737427,-180.913711548,221.244018555,92.4449539185,-57.1375160217,265.62689209,41.1849021912,27.3278846741,-49.2119903564,31.1515331268,-22.4909324646,8.64545536041,5.8619222641],[-465.309173584,161.275787354,-6.3388876915,-164.023956299,46.0655555725,41.1849021912,212.008255005,42.5709571838,2.8576798439,-21.2522754669,37.2731552124,9.7345457077,-12.5089197159],[-214.957687378,-78.0166931152,90.7433395386,18.0362148285,23.6802597046,27.3278846741,42.5709571838,114.244613647,24.779006958,20.1704654694,-6.26580190659,26.9371242523,0.968441784382],[2.81173610687,94.2193222046,-71.074836731,-19.4766597748,58.4473838806,-49.2119903564,2.8576798439,24.779006958,94.2772750854,23.6803836823,13.7749786377,-6.6149020195,11.1884756088],[-452.02041626,-113.65512085,108.187179565,46.0513000488,31.3687114716,31.1515331268,-21.2522754669,20.1704654694,23.6803836823,103.905403137,11.0070266724,21.6107807159,-5.24347639084],[-26.3122062683,128.628479004,6.49668836594,-35.8283805847,3.71063637733,-22.4909324646,37.2731552124,-6.26580190659,13.7749786377,11.0070266724,86.8188705444,18.1163482666,-7.22927618027],[-533.066589355,-85.4800033569,125.566726685,53.7298088074,25.8056545258,8.64545536041,9.7345457077,26.9371242523,-6.6149020195,21.6107807159,18.1163482666,89.3074569702,18.6615352631],[73.5184631348,3.60827422142,0.762553453445,44.2048835754,7.90414142609,5.8619222641,-12.5089197159,0.968441784382,11.1884756088,-5.24347639084,-7.22927618027,18.6615352631,71.6323013306]],"icov":[[0.000220813148189,-0.000626470253337,0.000757055589929,-0.000654197239783,0.000728237442672,-0.000616340024862,0.000577196420636,-0.00082922790898,0.000477180088637,-0.000106951949419,0.000106043240521,0.0000841898072395,0.000189074547961],[-0.000626470253337,0.0053640617989,-0.00314559438266,0.00288870884106,-0.00305695110001,0.00283551495522,-0.00309415976517,0.00478679314256,-0.00476605119184,0.00438464479521,-0.00491674523801,0.00363633641973,-0.00225431891158],[0.000757055589929,-0.00314559438266,0.00497490679845,-0.0042139175348,0.0029702547472,-0.00291398447007,0.00133811135311,-0.0041875471361,0.00382654019631,-0.00286917714402,0.00139072665479,-0.00213685072958,0.00201928336173],[-0.000654197239783,0.00288870884106,-0.0042139175348,0.00619215052575,-0.0030155798886,0.00127798656467,0.00130505242851,0.0028727746103,-0.0031221031677,0.00280216964893,-0.00172935123555,0.000765273638535,-0.00251435860991],[0.000728237442672,-0.00305695110001,0.0029702547472,-0.0030155798886,0.00711689330637,-0.00110911030788,0.000166336933034,-0.00269546522759,0.000342405692209,-0.00308873387985,0.00333924451843,-0.00226183584891,0.00125351874158],[-0.000616340024862,0.00283551495522,-0.00291398447007,0.00127798656467,-0.00110911030788,0.00838419701904,-0.00500111514702,0.00254930835217,0.000669934379403,-0.00165982416365,0.000252897501923,0.00259498786181,-0.00261607486755],[0.000577196420636,-0.00309415976517,0.00133811135311,0.00130505242851,0.000166336933034,-0.00500111514702,0.012362042442,-0.00650271540508,0.00243124738336,0.00242337584496,-0.00217863754369,-0.00137244048528,0.00131674460135],[-0.00082922790898,0.00478679314256,-0.0041875471361,0.0028727746103,-0.00269546522759,0.00254930835217,-0.00650271540508,0.0177858900279,-0.00958642363548,0.00245024566539,0.000552336627152,-0.00169917393941,-0.000230392382946],[0.000477180088637,-0.00476605119184,0.00382654019631,-0.0031221031677,0.000342405692209,0.000669934379403,0.00243124738336,-0.00958642363548,0.0227756351233,-0.00942665338516,0.0011219579028,0.00149466458242,-0.00242575304583],[-0.000106951949419,0.00438464479521,-0.00286917714402,0.00280216964893,-0.00308873387985,-0.00165982416365,0.00242337584496,0.00245024566539,-0.00942665338516,0.0197546612471,-0.00766170257702,0.00188360840548,0.000711384462193],[0.000106043240521,-0.00491674523801,0.00139072665479,-0.00172935123555,0.00333924451843,0.000252897501923,-0.00217863754369,0.000552336627152,0.0011219579028,-0.00766170257702,0.0220186598599,-0.00934157706797,0.00433389190584],[0.0000841898072395,0.00363633641973,-0.00213685072958,0.000765273638535,-0.00226183584891,0.00259498786181,-0.00137244048528,-0.00169917393941,0.00149466458242,0.00188360840548,-0.00934157706797,0.0219376031309,-0.00765205454081],[0.000189074547961,-0.00225431891158,0.00201928336173,-0.00251435860991,0.00125351874158,-0.00261607486755,0.00131674460135,-0.000230392382946,-0.00242575304583,0.000711384462193,0.00433389190584,-0.00765205454081,0.0185804851353]],"mean":[-44.9679641724,109.162719727,-145.298431396,25.275177002,-76.080329895,14.9926347733,-46.5916633606,2.47779655457,-17.1944904327,-7.49641656876,-8.40243148804,-15.1227445602,-7.37268877029]},"hfc":{"dmean":4.0321598053,"dmean2":4.76015043259,"dvar":26.1853637695,"dvar2":36.3541374207,"max":90.9875640869,"mean":20.1851844788,"median":16.5919189453,"min":1.68326454997e-8,"var":269.029052734},"melbands":{"dmean":[0.000106127066829,0.000433518493082,0.000384736864362,0.00023141107522,0.000118336509331,0.000140303585795,0.000200558701181,0.000229827477597,0.000217203531065,0.000126610626467,0.000117228853924,0.0000772418061388,0.0000519460081705,0.0000510136960656,0.0000631143557257,0.0000426320111728,0.0000348622452293,0.0000337346464221,0.0000247764310188,0.0000226906722673,0.0000112676352728,0.000010819491763,0.00000850724700285,0.00000451844925919,0.00000230207479035,0.00000239371820498,0.00000235326729126,0.00000154464055413,9.42971041695e-7,7.89441287452e-7,0.00000106351103568,7.28912823433e-7,5.1976053328e-7,6.89053649694e-7,7.65448021411e-7,7.32015848826e-7,7.15377154847e-7,5.20814637639e-7,4.62057528239e-7,1.84486921739e-7],"dmean2":[0.000160491268616,0.000762160401791,0.000659830344375,0.00038184740697,0.000188045480172,0.000217270135181,0.000303175969748,0.000312004529405,0.000288920360617,0.000172283354914,0.000149326020619,0.00010397627193,0.000069692498073,0.0000678683791193,0.0000911620227271,0.0000593734694121,0.0000511708640261,0.000048442856496,0.0000354462208634,0.0000304863806377,0.0000158811744768,0.000014943198039,0.0000117495146696,0.00000662240290694,0.00000356105579158,0.00000341699728779,0.00000330273269356,0.00000231878857448,0.0000013970885675,0.00000115099760478,0.00000155953421199,0.00000106222421437,7.30807300897e-7,9.91158231045e-7,0.00000107064624899,9.81683569989e-7,9.6220389878e-7,7.44459271118e-7,6.51009600006e-7,2.58482799609e-7],"dvar":[6.64986075094e-8,0.00000105208937384,5.5503198837e-7,3.59979253517e-7,3.29536078425e-8,3.99790422989e-8,1.2257530102e-7,2.30981541449e-7,2.28673215474e-7,8.23026482522e-8,8.58161754991e-8,4.9928768675e-8,1.54279113929e-8,1.40521345671e-8,1.75962480142e-8,8.89593998465e-9,5.35190469719e-9,9.76285985388e-9,5.20352916311e-9,4.05228117728e-9,5.10899100803e-10,6.08550321246e-10,4.56894522216e-10,1.00322118668e-10,1.91785337611e-11,2.96672998668e-11,2.10589479882e-11,7.04634484441e-12,2.90494776671e-12,2.31774321957e-12,6.1737312311e-12,2.51098035593e-12,1.0751483254e-12,3.28777174756e-12,3.03518451691e-12,4.78518136574e-12,2.84261589961e-12,1.27510599735e-12,9.91621888768e-12,2.23914284466e-13],"dvar2":[1.31819177795e-7,0.00000292342565444,0.00000150716743974,8.78805053617e-7,8.26537274179e-8,9.39464399607e-8,2.51314446587e-7,3.92273165062e-7,4.46669872645e-7,1.39493138818e-7,1.15080311502e-7,7.7421709932e-8,2.4869127202e-8,2.25622542871e-8,3.65906096533e-8,1.56091992665e-8,1.05839736975e-8,1.84177633145e-8,1.03069721646e-8,5.81549919332e-9,1.00288410909e-9,1.13249654099e-9,8.46135606025e-10,1.92039745217e-10,4.54599344279e-11,6.02930483318e-11,3.55765798765e-11,1.45991448097e-11,6.14948370004e-12,5.03045131592e-12,1.38151452084e-11,5.68466150888e-12,2.12873447168e-12,7.50181167186e-12,6.24276411815e-12,7.75810752446e-12,5.31755542377e-12,2.67185405745e-12,2.42417544372e-11,4.992406228e-13],"max":[0.00370027846657,0.0160914901644,0.0116920527071,0.0106626264751,0.00346362055279,0.00429834285751,0.00635906914249,0.00962094869465,0.00886773504317,0.00778135890141,0.00906970631331,0.00883874297142,0.00405887886882,0.00333111942746,0.00332959019579,0.0033017238602,0.00208114879206,0.00270053907298,0.00202455208637,0.0024634746369,0.000834373233374,0.000750764855184,0.000700754579157,0.00045618932927,0.000115520080726,0.000194374209968,0.000177354173502,0.0000755750006647,0.0000427217491961,0.0000300947176584,0.0000700500386301,0.0000371579626517,0.0000254074748227,0.0000522666159668,0.0000397964358854,0.00010969156574,0.0000550193799427,0.0000261078239419,0.000112816422188,0.0000115717102744],"mean":[0.000150996740558,0.000516234722454,0.000556739920285,0.000326401757775,0.00024840325932,0.000343618652551,0.000427156832302,0.000509702018462,0.000502784503624,0.000301342108287,0.000335634045769,0.000188034158782,0.000120818600408,0.000116639304906,0.000149152940139,0.0000981392222457,0.0000735425346647,0.0000663601385895,0.0000509133242304,0.0000578411745664,0.0000298423947243,0.0000245630435529,0.0000223650458793,0.0000114624544949,0.00000511045800522,0.00000547003719475,0.00000544219983567,0.00000375719787371,0.00000235560946749,0.00000173796274794,0.00000212815621126,0.00000148008041378,0.00000106547997802,0.00000134969707233,0.00000153881990173,0.00000141637349316,0.00000143783051954,0.00000107205721633,6.85205463924e-7,3.20893860817e-7],"median":[0.000034227836295,0.000233896600548,0.000310442963382,0.000177061505383,0.000157045273227,0.000229516066611,0.000216434884351,0.000123356672702,0.000114964488603,0.000093454560556,0.0000705747806933,0.0000488027253596,0.0000299195235129,0.0000292415898002,0.0000451994055766,0.0000316981640935,0.0000282204655377,0.0000227569125855,0.0000156926507771,0.0000151186904986,0.0000105779490696,0.00000857880968397,0.00000590640956943,0.00000446309923063,0.00000297058659271,0.00000261891364062,0.00000259971056948,0.00000224141103899,0.00000127447856357,7.98425389803e-7,8.29824102766e-7,6.29975431821e-7,4.08207853297e-7,4.74582861898e-7,5.33361173893e-7,4.18676989966e-7,4.29617017517e-7,2.97819923389e-7,1.36042274335e-7,8.88720634862e-8],"min":[4.28171907652e-12,1.87601496837e-12,2.45724610364e-13,3.4682700505e-13,5.27011431457e-13,1.79154353028e-13,2.19985190003e-13,2.80244198073e-13,9.04210856038e-14,7.95374237392e-14,3.24443874815e-14,4.00627949326e-14,1.59732931092e-14,1.8942494261e-14,3.05901578211e-14,1.80245782086e-14,9.92033806989e-15,3.60539912812e-15,4.62232486174e-15,3.45496925306e-15,3.17612939496e-15,1.65381065369e-15,2.3981448795e-15,3.93877732012e-15,2.7483908856e-15,4.43313158264e-15,4.19361014691e-15,4.25621477556e-15,5.39360807603e-15,1.34632382367e-15,1.00654576836e-15,3.50267245458e-15,4.3833480682e-15,2.97619425578e-15,1.50607116703e-15,2.58645999719e-15,1.5545494037e-15,1.38155361801e-15,1.36849533458e-15,5.30662710971e-15],"var":[1.14505311899e-7,9.02615795439e-7,6.51884363378e-7,3.65689402315e-7,8.50316794754e-8,1.42877624398e-7,4.03011824801e-7,9.85906126516e-7,9.41526820952e-7,3.53699618927e-7,7.18548221812e-7,2.99098104506e-7,7.64831540323e-8,6.45368842811e-8,8.31630089237e-8,4.44933618837e-8,1.95943492542e-8,2.6040611445e-8,1.37510793863e-8,2.21565912284e-8,3.81621134693e-9,2.45494069517e-9,3.0264095674e-9,7.15488224223e-10,4.96422312979e-11,9.8426503059e-11,9.12903710959e-11,2.4784027261e-11,1.0264122885e-11,6.30323961429e-12,1.34110604566e-11,5.55991927845e-12,3.05212929583e-12,7.39506372804e-12,8.27138184334e-12,1.22404404321e-11,8.17187116586e-12,3.55825091614e-12,1.11551800783e-11,4.29340157176e-13]},"melbands_crest":{"dmean":3.12266755104,"dmean2":5.04839134216,"dvar":8.25983810425,"dvar2":21.6023273468,"max":39.4726104736,"mean":12.5703239441,"median":11.2891750336,"min":3.10182714462,"var":28.4686965942},"melbands_flatness_db":{"dmean":0.0222377162427,"dmean2":0.0319273732603,"dvar":0.0005389553844,"dvar2":0.00125405320432,"max":0.491375029087,"mean":0.185961589217,"median":0.180386707187,"min":0.0445432290435,"var":0.00362202501856},"melbands_kurtosis":{"dmean":6.61012125015,"dmean2":10.7065153122,"dvar":1720.69824219,"dvar2":4260.48535156,"max":2260.00585938,"mean":11.6079711914,"median":3.68918037415,"min":-1.74179565907,"var":3127.08422852},"melbands_skewness":{"dmean":0.560707092285,"dmean2":0.867903888226,"dvar":0.849922716618,"dvar2":2.17023777962,"max":41.8374519348,"mean":1.87647378445,"median":1.52856469154,"min":-1.40648281574,"var":4.2536649704},"melbands_spread":{"dmean":5.32183790207,"dmean2":7.98225212097,"dvar":39.1225547791,"dvar2":91.4465255737,"max":97.1019821167,"mean":22.9379615784,"median":20.5770606995,"min":0.258780568838,"var":180.588104248},"mfcc":{"cov":[[13044.2265625,1347.28771973,-799.616455078,-261.741821289,-229.622314453,-132.464630127,-286.98739624,-153.089752197,-112.464500427,-6.76134157181,-235.527328491,-36.3702850342,-229.39630127],[1347.28771973,1452.01049805,-465.74319458,-122.489189148,-161.646759033,-119.885498047,-11.7814531326,17.7417125702,-88.2254257202,-28.2899665833,41.8875160217,64.1054000854,-13.0904998779],[-799.616455078,-465.74319458,1071.15441895,236.254760742,104.028511047,151.308380127,110.235961914,51.0088768005,0.354898661375,-0.695682227612,-36.3761787415,-13.5254182816,44.7199172974],[-261.741821289,-122.489189148,236.254760742,393.407073975,184.035934448,12.2982759476,-45.7971305847,2.90746498108,-1.40508687496,8.62592029572,-42.2353858948,-12.4927635193,54.7742958069],[-229.622314453,-161.646759033,104.028511047,184.035934448,228.205444336,50.0348777771,-39.0695152283,-20.5012950897,30.8436813354,24.0293045044,-14.0065565109,-15.2767133713,23.7421913147],[-132.464630127,-119.885498047,151.308380127,12.2982759476,50.0348777771,151.411895752,59.5110282898,0.187390685081,12.0420398712,11.592707634,-3.52792072296,-2.18242478371,-8.01904678345],[-286.98739624,-11.7814531326,110.235961914,-45.7971305847,-39.0695152283,59.5110282898,146.498458862,66.6111907959,10.4857244492,1.03989040852,20.2274150848,16.2368545532,2.45491790771],[-153.089752197,17.7417125702,51.0088768005,2.90746498108,-20.5012950897,0.187390685081,66.6111907959,117.174125671,29.6535930634,-5.73365831375,5.38350391388,12.3717575073,18.8555049896],[-112.464500427,-88.2254257202,0.354898661375,-1.40508687496,30.8436813354,12.0420398712,10.4857244492,29.6535930634,100.743652344,29.8804416656,-1.4779791832,-7.13231563568,6.25114297867],[-6.76134157181,-28.2899665833,-0.695682227612,8.62592029572,24.0293045044,11.592707634,1.03989040852,-5.73365831375,29.8804416656,72.0473709106,26.0584716797,-4.79375362396,-8.64442634583],[-235.527328491,41.8875160217,-36.3761787415,-42.2353858948,-14.0065565109,-3.52792072296,20.2274150848,5.38350391388,-1.4779791832,26.0584716797,97.2375640869,33.6210784912,-5.17550373077],[-36.3702850342,64.1054000854,-13.5254182816,-12.4927635193,-15.2767133713,-2.18242478371,16.2368545532,12.3717575073,-7.13231563568,-4.79375362396,33.6210784912,77.9085540771,32.8736991882],[-229.39630127,-13.0904998779,44.7199172974,54.7742958069,23.7421913147,-8.01904678345,2.45491790771,18.8555049896,6.25114297867,-8.64442634583,-5.17550373077,32.8736991882,89.0167007446]],"icov":[[0.000104029917566,-0.0000871063675731,0.0000141645905387,0.0000428623279731,0.000042628373194,-0.0000600433922955,0.000210197613342,-0.0000361039965355,0.0000538425192644,-0.000191991086467,0.000415157264797,-0.000208341705729,0.000285510002868],[-0.0000871063675731,0.00100802816451,0.000374008552171,-0.000203653064091,0.000335416174494,0.000288168259431,-0.000273469631793,-0.000330801383825,0.000734419212677,0.00000467219797429,-0.000296799378702,-0.000447043479653,-0.0000279897540167],[0.0000141645905387,0.000374008552171,0.00154945719987,-0.0010018843459,0.00041247572517,-0.000999049516395,-0.000878360355273,-0.000221198846702,0.000503404706251,0.0000100985562312,0.00016449332179,0.000176024594111,-0.000289170566248],[0.0000428623279731,-0.000203653064091,-0.0010018843459,0.00566007290035,-0.00423459848389,0.00122517033014,0.00127587281168,-0.00147457816638,0.00192199740559,-0.00131460500415,0.00179852754809,0.0000737242007744,-0.00156728643924],[0.000042628373194,0.000335416174494,0.00041247572517,-0.00423459848389,0.0096831265837,-0.00374075747095,0.00240104575641,0.000994830392301,-0.00253663002513,-0.000451159401564,-0.0013303658925,0.000985277467407,-0.000945841893554],[-0.0000600433922955,0.000288168259431,-0.000999049516395,0.00122517033014,-0.00374075747095,0.0114320535213,-0.00595150887966,0.00279039144516,-0.000189407015569,-0.000710278516635,0.00160016026348,-0.00135892210528,0.00177551817615],[0.000210197613342,-0.000273469631793,-0.000878360355273,0.00127587281168,0.00240104575641,-0.00595150887966,0.0149691225961,-0.00756455073133,0.000820683548227,-0.000848416239023,-0.00117464526556,-0.000821368768811,0.000265630806098],[-0.0000361039965355,-0.000330801383825,-0.000221198846702,-0.00147457816638,0.000994830392301,0.00279039144516,-0.00756455073133,0.014888449572,-0.00532926525921,0.00280525605194,-0.00059803284239,0.0000345942135027,-0.00148311594967],[0.0000538425192644,0.000734419212677,0.000503404706251,0.00192199740559,-0.00253663002513,-0.000189407015569,0.000820683548227,-0.00532926525921,0.0150659717619,-0.00672821840271,0.00242743850686,0.000385953404475,-0.00113586720545],[-0.000191991086467,0.00000467219797429,0.0000100985562312,-0.00131460500415,-0.000451159401564,-0.000710278516635,-0.000848416239023,0.00280525605194,-0.00672821840271,0.0203595645726,-0.00764771038666,0.00295906118117,0.000707483734004],[0.000415157264797,-0.000296799378702,0.00016449332179,0.00179852754809,-0.0013303658925,0.00160016026348,-0.00117464526556,-0.00059803284239,0.00242743850686,-0.00764771038666,0.0176602080464,-0.00858544558287,0.0037791787181],[-0.000208341705729,-0.000447043479653,0.000176024594111,0.0000737242007744,0.000985277467407,-0.00135892210528,-0.000821368768811,0.0000345942135027,0.000385953404475,0.00295906118117,-0.00858544558287,0.0212745033205,-0.00920186378062],[0.000285510002868,-0.0000279897540167,-0.000289170566248,-0.00156728643924,-0.000945841893554,0.00177551817615,0.000265630806098,-0.00148311594967,-0.00113586720545,0.000707483734004,0.0037791787181,-0.00920186378062,0.0175606273115]],"mean":[-665.736938477,123.429481506,-9.53045463562,4.05548906326,-3.08567142487,-1.73849833012,-9.90658283234,-1.68006753922,-6.9849691391,3.59320902824,-4.85611772537,2.26187944412,-4.12077760696]},"pitch_salience":{"dmean":0.0657956823707,"dmean2":0.107046432793,"dvar":0.00353053305298,"dvar2":0.00973284058273,"max":0.857625365257,"mean":0.592662274837,"median":0.601680099964,"min":0.0378834046423,"var":0.0106134507805},"silence_rate_20dB":{"dmean":0,"dmean2":0,"dvar":0,"dvar2":0,"max":1,"mean":1,"median":1,"min":1,"var":0},"silence_rate_30dB":{"dmean":0,"dmean2":0,"dvar":0,"dvar2":0,"max":1,"mean":1,"median":1,"min":1,"var":0},"silence_rate_60dB":{"dmean":0.0167464111,"dmean2":0.0334978327155,"dvar":0.0164677146822,"dvar2":0.0365690141916,"max":1,"mean":0.0908955037594,"median":0,"min":0,"var":0.0826285332441},"spectral_centroid":{"dmean":173.148040771,"dmean2":252.627960205,"dvar":39333.7578125,"dvar2":84241.2265625,"max":3964.70336914,"mean":1211.16418457,"median":1138.6072998,"min":191.815612793,"var":229656.671875},"spectral_complexity":{"dmean":2.47906708717,"dmean2":3.64378643036,"dvar":6.4741101265,"dvar2":11.6209802628,"max":46,"mean":17.0955295563,"median":18,"min":0,"var":66.2435684204},"spectral_contrast_coeffs":{"dmean":[0.051415681839,0.0449507012963,0.0349451117218,0.0277593247592,0.0187919102609,0.0135972509161],"dmean2":[0.0850165933371,0.0727577134967,0.0543982386589,0.0432255677879,0.0290030259639,0.0212511718273],"dvar":[0.00174036668614,0.00135065196082,0.000837398984004,0.000541657151189,0.000255219143583,0.000137113514938],"dvar2":[0.00456128735095,0.00328373280354,0.00189643562771,0.00121196906548,0.000541848188732,0.000311819865601],"max":[-0.337957620621,-0.469289958477,-0.433364063501,-0.514545202255,-0.582007288933,-0.684356987476],"mean":[-0.631730139256,-0.707019209862,-0.741919457912,-0.747456133366,-0.785350739956,-0.781350970268],"median":[-0.629887938499,-0.707847714424,-0.754813790321,-0.748173952103,-0.788996338844,-0.776828706264],"min":[-0.957033932209,-0.990326583385,-0.958897173405,-0.958125829697,-0.933627605438,-0.932062447071],"var":[0.00675935344771,0.00701573910192,0.0081703197211,0.00514955865219,0.00275312922895,0.00125684146769]},"spectral_contrast_valleys":{"dmean":[0.456137657166,0.33455273509,0.290352225304,0.244685798883,0.217507794499,0.287108004093],"dmean2":[0.745653271675,0.548209130764,0.456019103527,0.365223705769,0.286423951387,0.314964413643],"dvar":[0.1580645293,0.0829833447933,0.0679892376065,0.0492048747838,0.045959956944,0.0869048461318],"dvar2":[0.38110679388,0.194328472018,0.14597260952,0.0937610194087,0.0666666030884,0.120766840875],"max":[-5.83162260056,-4.87983703613,-5.55651855469,-6.07791805267,-6.20317459106,-8.0516204834],"mean":[-8.05337810516,-6.78892803192,-7.54163551331,-7.89636278152,-8.042304039,-10.5069093704],"median":[-7.82603693008,-6.49137783051,-7.204682827,-7.49282264709,-7.73314142227,-10.2837018967],"min":[-15.7932195663,-16.0317993164,-17.4975757599,-17.5631103516,-18.1915950775,-19.0810623169],"var":[1.70705449581,1.85950505733,1.85785055161,1.91112053394,1.69630658627,1.75121998787]},"spectral_decrease":{"dmean":1.22240984002e-9,"dmean2":1.71761049828e-9,"dvar":2.62286978122e-18,"dvar2":5.2586985875e-18,"max":-8.37873410895e-18,"mean":-5.35730926288e-9,"median":-4.56409976479e-9,"min":-2.19867271056e-8,"var":1.49502010022e-17},"spectral_energy":{"dmean":0.00488013401628,"dmean2":0.00676720123738,"dvar":0.0000406616381952,"dvar2":0.0000787993922131,"max":0.085574798286,"mean":0.0220505408943,"median":0.0188302434981,"min":3.31500313311e-11,"var":0.00025218835799},"spectral_energyband_high":{"dmean":0.000159850809723,"dmean2":0.000194684922462,"dvar":1.01447966472e-7,"dvar2":1.7722501866e-7,"max":0.0078358091414,"mean":0.000422422715928,"median":0.000199247297132,"min":1.23807995106e-12,"var":3.95613312776e-7},"spectral_energyband_low":{"dmean":0.00184773886576,"dmean2":0.00315175368451,"dvar":0.0000173990028998,"dvar2":0.0000466283017886,"max":0.066763907671,"mean":0.00259142927825,"median":0.00135119957849,"min":1.88534500511e-11,"var":0.000017873777324},"spectral_energyband_middle_high":{"dmean":0.00182975607459,"dmean2":0.00226543052122,"dvar":0.00000727846509108,"dvar2":0.0000105346498458,"max":0.0692913159728,"mean":0.0076626627706,"median":0.00478707486764,"min":1.22203636099e-12,"var":0.0000739976385375},"spectral_energyband_middle_low":{"dmean":0.00351256341673,"dmean2":0.00500914594159,"dvar":0.0000199257065105,"dvar2":0.0000395526985812,"max":0.0579410269856,"mean":0.0124224498868,"median":0.00973050110042,"min":6.29405642188e-12,"var":0.000101270081359},"spectral_entropy":{"dmean":0.144413650036,"dmean2":0.185182034969,"dvar":0.022638425231,"dvar2":0.0393203049898,"max":8.79228401184,"mean":7.42426347733,"median":7.4378323555,"min":5.86320781708,"var":0.225550428033},"spectral_flux":{"dmean":0.019325569272,"dmean2":0.0295123215765,"dvar":0.000472958257888,"dvar2":0.00104127509985,"max":0.243138715625,"mean":0.0672530159354,"median":0.0620478279889,"min":0.0000641284277663,"var":0.00146602268796},"spectral_kurtosis":{"dmean":2.01860046387,"dmean2":3.30214691162,"dvar":6.97396469116,"dvar2":19.2810325623,"max":43.3423995972,"mean":5.35484218597,"median":4.09841060638,"min":-0.27623128891,"var":20.4717121124},"spectral_rms":{"dmean":0.00051710876869,"dmean2":0.000706270686351,"dvar":4.07508878197e-7,"dvar2":7.55599955937e-7,"max":0.00913715548813,"mean":0.00423375843093,"median":0.00428613694385,"min":1.79837414294e-7,"var":0.00000358800093636},"spectral_rolloff":{"dmean":322.20098877,"dmean2":524.63659668,"dvar":442436.40625,"dvar2":1098792.375,"max":10917.3339844,"mean":1511.76806641,"median":1335.05859375,"min":21.533203125,"var":972776.125},"spectral_skewness":{"dmean":0.229812756181,"dmean2":0.354654848576,"dvar":0.0565449669957,"dvar2":0.142202436924,"max":4.65861797333,"mean":1.70041763783,"median":1.62345910072,"min":0.442926973104,"var":0.292977809906},"spectral_spread":{"dmean":418433.34375,"dmean2":548066.4375,"dvar":236689817600,"dvar2":375874158592,"max":24635270,"mean":4154028.25,"median":4035843.75,"min":1410592.25,"var":2382407139330},"spectral_strongpeak":{"dmean":0.640845716,"dmean2":1.03604412079,"dvar":0.889692485332,"dvar2":2.04819893837,"max":12.9679403305,"mean":1.6649324894,"median":0.993963241577,"min":0,"var":3.34204864502},"zerocrossingrate":{"dmean":0.00809475127608,"dmean2":0.00925981905311,"dvar":0.0000775480511948,"dvar2":0.0000948582746787,"max":0.21240234375,"mean":0.0603331364691,"median":0.0556640625,"min":0,"var":0.000681289238855}},"metadata":{"audio_properties":{"analysis_sample_rate":44100,"bit_rate":0,"codec":"flac","downmix":"mix","equal_loudness":0,"length":155.276931763,"lossless":true,"md5_encoded":"f500d142f3f7900d8b0f5c2fc7c23861","replay_gain":-11.4590587616,"sample_rate":96000},"tags":{"album":["Face to Face ❬mono❭"],"albumartist":["The Kinks"],"albumartistsort":["Kinks, The"],"artist":["The Kinks"],"artistsort":["Kinks, The"],"catalognumber":["R-6228"],"date":["1966-12-07"],"discnumber":["1"],"disctotal":["1"],"file_name":"1-02 Rosy Won’t You Please Come Home.flac","genre":["Mod"],"grouping":["Rock"],"isrc":["GBAJE6600010"],"label":["Reprise Records"],"language":["eng"],"media":["12″ Vinyl"],"musicbrainz_albumartistid":["17b53d9f-5c63-4a09-a593-dde4608e0db9"],"musicbrainz_albumid":["25bdaf88-e0e2-38ad-9343-83e215e9e8f5"],"musicbrainz_artistid":["17b53d9f-5c63-4a09-a593-dde4608e0db9"],"musicbrainz_recordingid":["96f30970-ada5-45ef-bc8f-0a3addf479ac"],"musicbrainz_releasegroupid":["9e3bff06-c552-345b-a10b-aeb6061e1a8a"],"musicbrainz_releasetrackid":["4a2372c0-0044-330a-944f-f4ba4be13e75"],"originaldate":["1966-10-28"],"releasecountry":["US"],"releasestatus":["official"],"releasetype":["album"],"script":["Latn"],"title":["Rosy Won’t You Please Come Home"],"totaldiscs":["1"],"tracknumber":["2"],"tracktotal":["14"]},"version":{"essentia":"2.1-beta2","essentia_build_sha":"70f2e5ece6736b2c40cc944ad0e695b16b925413","essentia_git_sha":"v2.1_beta2","extractor":"music 1.0"}},"rhythm":{"beats_count":306,"beats_loudness":{"dmean":0.0110475169495,"dmean2":0.0181152746081,"dvar":0.0000741501207813,"dvar2":0.000204563009902,"max":0.0667695105076,"mean":0.0308315902948,"median":0.0306010022759,"min":1.27275129103e-7,"var":0.000213632098166},"beats_loudness_band_ratio":{"dmean":[0.16368752718,0.128466114402,0.178312748671,0.140131041408,0.11720918864,0.0533196181059],"dmean2":[0.299539893866,0.226694941521,0.303397893906,0.24260866642,0.214419797063,0.09720237