{"lowlevel":{"average_loudness":0.435070484877,"barkbands":{"dmean":[1.46745094298e-7,0.000521693902556,0.00193241157103,0.000272327015409,0.00115991313942,0.000919085810892,0.00115598144475,0.000857903098222,0.000994574162178,0.000179157184903,0.0000991438573692,0.000201283808565,0.000177566078492,0.0000780221525929,0.000138617586344,0.0000755437722546,0.000050246657338,0.0000347092827724,0.0000166671397892,0.00000937195636652,0.00000710905624146,0.00000392644005842,0.00000158637749337,9.81200287242e-7,8.76028195762e-7,2.95554457352e-7,7.6266797322e-9],"dmean2":[2.5557002914e-7,0.000742521020584,0.00301570002921,0.000438068673247,0.0018302652752,0.00111499254126,0.00160651735496,0.00112432765309,0.00125112768728,0.000248873286182,0.000148704231833,0.000275986822089,0.000254185404629,0.000127879698994,0.00024117185967,0.000131738372147,0.0000822031506686,0.000057297769672,0.0000272121797025,0.0000145177045852,0.0000111450044642,0.00000592271362621,0.00000238600273406,0.00000143584782109,0.0000012401561662,4.23774622504e-7,1.26888917151e-8],"dvar":[5.61907698106e-14,0.00000142221756505,0.0000157356516866,4.54148931794e-7,0.00000415155727751,0.00000323852896145,0.0000054889724197,0.00000559535328648,0.0000171591800608,1.7894734583e-7,1.36777885018e-7,8.14492693735e-7,5.60427281471e-7,3.09210648197e-8,9.84280532634e-8,3.85824066029e-8,1.24149925895e-8,5.69889291313e-9,2.28245800038e-9,5.75247904866e-10,4.94668805917e-10,2.78688849775e-10,3.13747465508e-11,2.58001224551e-11,5.38476936651e-11,8.10608871693e-12,2.7675901579e-15],"dvar2":[1.53845753953e-13,0.00000267969176093,0.0000389590859413,0.00000114948261398,0.00000978480147751,0.00000491718128615,0.0000114471322377,0.00000883367192728,0.0000282915370917,3.34392638024e-7,3.11573444378e-7,0.00000119381138575,8.78394018855e-7,8.34017370721e-8,3.0831353115e-7,1.01222610738e-7,2.82009313679e-8,1.60364681534e-8,6.11894890312e-9,1.34995914447e-9,1.17703347069e-9,5.87952520004e-10,6.81133829894e-11,5.26832570624e-11,9.97737517605e-11,1.49574970465e-11,5.52782849334e-15],"max":[0.00000582401253268,0.0383773297071,0.0830998495221,0.0216972865164,0.0767652019858,0.0612220615149,0.0689826831222,0.0838361307979,0.168645769358,0.0136999571696,0.0135553777218,0.0704597532749,0.0360411778092,0.00413597747684,0.0056710941717,0.00924907904118,0.00408072536811,0.00164066848811,0.00185639958363,0.000694146554451,0.000650766713079,0.00064856064273,0.000188343983609,0.000226416173973,0.000394931732444,0.000145862810314,0.00000294372989629],"mean":[1.61570881119e-7,0.00103602313902,0.00413361564279,0.000586233334616,0.00292804697528,0.00305473385379,0.00290251453407,0.00242594373412,0.00259411032312,0.000480265007354,0.000206354554393,0.000603006046731,0.000445575278718,0.000141183467349,0.000217032909859,0.00010740540165,0.00010044521332,0.0000727613878553,0.0000392329166061,0.0000218799541472,0.0000178056670848,0.00000979021206149,0.00000394572225559,0.00000204642560675,0.00000145878766489,4.40929539991e-7,1.52601700165e-8],"median":[9.01094026062e-8,0.000306118658045,0.00153159652837,0.000141048090882,0.001588616753,0.00154099450447,0.00128424260765,0.000604550703429,0.000728916900698,0.000148107035784,0.0000523769413121,0.0000636097465758,0.000090383218776,0.0000500045498484,0.0000714640191291,0.0000362698519893,0.0000329831964336,0.0000259617554548,0.0000141804066516,0.00000731769523554,0.00000676185209159,0.00000364978609468,0.00000129583884245,4.74350372315e-7,1.91910856984e-7,6.65850805603e-8,1.01592556589e-8],"min":[4.36399509376e-24,1.30641463799e-23,3.16068986145e-23,1.3687653362e-23,4.09402622384e-23,5.18879192643e-23,6.95764905441e-23,4.54662854178e-23,8.50379812707e-23,4.8585413038e-23,1.0100543476e-22,6.22605250893e-23,6.21169524046e-23,8.68789743642e-23,7.66656490223e-23,9.00594090986e-23,1.15421192538e-22,1.41023439714e-22,3.85987268031e-22,2.05336391552e-22,4.7632764414e-22,5.46258787615e-22,6.5958904437e-22,8.62459179054e-22,1.15100748403e-21,2.3382869187e-21,2.41174443451e-21],"var":[5.68449299676e-14,0.00000479510163132,0.0000440935546067,0.00000147870184719,0.0000175235272764,0.0000192961633729,0.0000193947053049,0.0000372201939172,0.0000607763431617,0.00000111017482141,3.03323901107e-7,0.00000834045931697,0.0000044353296289,7.56453175654e-8,1.89540457995e-7,8.29854940321e-8,4.9970658722e-8,1.56823620756e-8,6.12551609436e-9,1.54958335052e-9,1.10351561222e-9,5.41125255715e-10,6.89534471188e-11,4.95721276528e-11,1.01173680545e-10,1.61782930802e-11,4.22945446366e-15]},"barkbands_crest":{"dmean":1.90065681934,"dmean2":2.97225165367,"dvar":3.44176745415,"dvar2":8.765832901,"max":25.6030902863,"mean":11.0100097656,"median":10.2805690765,"min":3.70015072823,"var":14.216003418},"barkbands_flatness_db":{"dmean":0.0155509002507,"dmean2":0.0231513511389,"dvar":0.000230161836953,"dvar2":0.000497501110658,"max":0.381887316704,"mean":0.23463088274,"median":0.230718106031,"min":0.0818507522345,"var":0.00201258808374},"barkbands_kurtosis":{"dmean":1.97097575665,"dmean2":3.10673737526,"dvar":12.0768318176,"dvar2":31.6583747864,"max":137.119338989,"mean":5.38725376129,"median":3.94991111755,"min":-1.90876185894,"var":46.3789520264},"barkbands_skewness":{"dmean":0.342107206583,"dmean2":0.525219917297,"dvar":0.141838908195,"dvar2":0.331247985363,"max":9.9945602417,"mean":1.44187104702,"median":1.49907708168,"min":-8.12302303314,"var":1.39552497864},"barkbands_spread":{"dmean":1.6045498848,"dmean2":2.48266339302,"dvar":8.90372657776,"dvar2":20.1824264526,"max":126.592948914,"mean":8.01292037964,"median":6.9799823761,"min":1.0797188282,"var":27.0698623657},"dissonance":{"dmean":0.0261320155114,"dmean2":0.0433873049915,"dvar":0.000583124929108,"dvar2":0.00154429103713,"max":0.499946892262,"mean":0.420719265938,"median":0.427088797092,"min":0.219368189573,"var":0.00181840185542},"dynamic_complexity":4.15739870071,"erbbands":{"dmean":[0.00240901531652,0.187603443861,1.95886409283,1.33680045605,1.77545893192,5.50983715057,6.01985216141,7.46201753616,14.2612943649,16.5759315491,19.7852363586,25.6903018951,6.62168598175,5.69249868393,5.43882083893,7.03589057922,8.48847389221,3.95412755013,5.31322002411,8.36881256104,3.01140403748,2.41212534904,2.20503950119,1.04974544048,0.62796652317,0.47019559145,0.344002127647,0.212570294738,0.148241147399,0.0767937377095,0.0376867242157,0.0232291854918,0.0152369095013,0.0106821628287,0.00587312504649,0.00210533547215,0.000390865345253,0.0000346521701431,0.00000310974064632,0.00000551594575882],"dmean2":[0.0035043428652,0.270106077194,2.96507978439,2.18942475319,2.81223273277,8.80854701996,8.1516046524,8.82941150665,20.3103122711,21.6630153656,25.4552364349,32.2367591858,8.72865200043,7.94799566269,7.51218795776,9.54140949249,11.5966949463,6.23980331421,9.05335903168,14.7754297256,5.16007804871,3.89171338081,3.61349582672,1.75645577908,0.976540267467,0.737387835979,0.549243748188,0.322174668312,0.219983577728,0.116666153073,0.056188441813,0.0347513332963,0.0220268927515,0.015004247427,0.00844034925103,0.00305871036835,0.000567918410525,0.0000522659902344,0.00000436615982835,0.00000754977190809],"dvar":[0.0000286768772639,0.175428077579,16.5214824677,6.72031021118,20.6526679993,103.47719574,146.495788574,208.141387939,812.799743652,1835.25231934,3233.05224609,13598.7558594,382.967498779,189.032363892,614.473388672,955.108886719,1093.84143066,128.571502686,134.646270752,731.028991699,49.5782699585,33.4722671509,17.839641571,6.07401323318,3.88826990128,1.39989078045,0.829241991043,0.835831582546,0.444356650114,0.0817267522216,0.0197455789894,0.0126625848934,0.00697316927835,0.0071536465548,0.00268687773496,0.000373910355847,0.0000171531919477,1.04738845152e-7,1.31712890594e-10,7.1307904026e-11],"dvar2":[0.0000552457095182,0.330986440182,36.8555641174,19.9402542114,45.4404411316,253.523223877,252.370498657,295.61138916,1852.43225098,3207.36523438,5090.71191406,22627.4960938,706.761169434,407.023468018,1115.20214844,1431.29504395,1557.94006348,332.87991333,386.844726563,2338.93041992,121.891212463,69.3228759766,48.8302230835,18.1986865997,9.38918304443,3.32043337822,1.99636161327,1.98274564743,0.928912341595,0.165519505739,0.0440573506057,0.0296503696591,0.0116732567549,0.0134897576645,0.00510800071061,0.000702965480741,0.0000336727935064,1.97544636649e-7,2.68523453473e-10,1.2706030672e-10],"max":[0.162241071463,12.9377117157,91.9689025879,40.7638168335,194.429428101,448.45715332,469.547515869,509.90802002,698.198486328,1223.07263184,2229.9375,4857.85644531,518.787841797,373.202026367,1891.48327637,1302.15856934,1822.09790039,386.545288086,291.028503418,514.701965332,339.03704834,284.419799805,98.5539474487,52.2596054077,99.8270874023,37.4377555847,21.6453838348,32.6823730469,26.6902389526,7.30406713486,4.25735425949,4.5378112793,4.69426679611,4.64909172058,2.84827780724,0.802520275116,0.23339690268,0.0174415074289,0.000650800706353,0.000248611730058],"mean":[0.00542491069064,0.397597074509,4.30311155319,3.0801448822,4.19009542465,12.4194793701,18.6928215027,25.6683616638,34.3283004761,46.0091972351,59.5622329712,64.9734191895,22.1624698639,15.1528377533,13.9883365631,23.8678188324,21.9307765961,8.53419685364,8.88247966766,12.2874240875,5.28828191757,5.34592533112,4.78606748581,2.60247302055,1.59343349934,1.14169549942,0.855151534081,0.52545851469,0.364342033863,0.199893206358,0.0944513455033,0.0488320998847,0.0315367393196,0.019050963223,0.0089325485751,0.00306541612372,0.000598280748818,0.0000685890408931,0.0000126358709167,0.0000250696684816],"median":[0.00181499728933,0.131452798843,1.57061719894,1.49538719654,2.10441255569,6.36216449738,9.71012687683,13.5745391846,16.559715271,16.9712104797,17.5721321106,20.2656288147,5.20797729492,5.44456672668,3.42695903778,2.87931680679,4.95653629303,2.89792394638,4.05192518234,2.46308231354,2.08757066727,1.87523818016,2.00867629051,1.01020050049,0.699093222618,0.446150660515,0.3239158988,0.1853479743,0.121025308967,0.075629517436,0.0328295528889,0.013483393006,0.00616047158837,0.00266575370915,0.0010849814862,0.000378287048079,0.000117694813525,0.0000322917549056,0.00000894554068509,0.0000182468229468],"min":[4.27361015648e-22,3.02963300401e-21,2.48473892304e-20,5.92912400203e-20,6.36094330105e-20,1.588511186e-19,2.61193626298e-19,4.41588250361e-19,8.08885031765e-19,1.18736576034e-18,1.1018183278e-18,1.46252883867e-18,1.62490304875e-18,1.96687461002e-18,4.6809824128e-18,3.07238702304e-18,2.70206115793e-18,4.78941048827e-18,3.98588806841e-18,3.15795720305e-18,5.99848260525e-18,6.69284282685e-18,6.15635209311e-18,1.84859282823e-17,1.37584802393e-17,1.06965487792e-17,1.48831083827e-17,2.15631857448e-17,1.78724994118e-17,1.79337719885e-17,1.98150635972e-17,1.90003618314e-17,1.36781998794e-17,1.12722540779e-17,9.27567582565e-18,7.02090803446e-18,4.94116380268e-18,1.4014985225e-18,3.09189411323e-19,3.74441334225e-20],"var":[0.000113788293675,0.57331609726,50.2584609985,16.7933483124,47.0874671936,381.872497559,904.150634766,1314.63537598,2652.99072266,7446.11816406,21368.7148438,43590.921875,2622.26098633,794.095397949,3069.71728516,10199.53125,9654.16601563,429.510498047,239.602142334,1240.85864258,139.99546814,139.834945679,57.0147857666,21.4358177185,8.49252033234,3.6673605442,2.21177744865,1.44916141033,0.855746388435,0.184375882149,0.0404009670019,0.0191780421883,0.0169915817678,0.0137750888243,0.00480951881036,0.000726452737581,0.0000306335605273,1.98428537601e-7,2.99222341349e-10,5.78139480734e-10]},"erbbands_crest":{"dmean":2.10524129868,"dmean2":3.20399451256,"dvar":4.65872955322,"dvar2":11.0214614868,"max":32.4903450012,"mean":10.827712059,"median":9.97420406342,"min":2.49500608444,"var":18.1894359589},"erbbands_flatness_db":{"dmean":0.0124778831378,"dmean2":0.0173949245363,"dvar":0.000168922488228,"dvar2":0.000315011275234,"max":0.413721710443,"mean":0.241871118546,"median":0.236579507589,"min":0.0278354547918,"var":0.00223228335381},"erbbands_kurtosis":{"dmean":1.02313101292,"dmean2":1.61180007458,"dvar":2.92503237724,"dvar2":6.72263288498,"max":54.8469352722,"mean":1.50839030743,"median":0.970519423485,"min":-1.7115033865,"var":7.80857038498},"erbbands_skewness":{"dmean":0.280282199383,"dmean2":0.429356753826,"dvar":0.0688100084662,"dvar2":0.160960093141,"max":5.42897462845,"mean":0.90278428793,"median":0.889648318291,"min":-2.98683738708,"var":0.385645538568},"erbbands_spread":{"dmean":3.46019601822,"dmean2":5.15858793259,"dvar":19.7864570618,"dvar2":38.0065383911,"max":130.444778442,"mean":20.6158103943,"median":18.8736190796,"min":1.01154434681,"var":107.688362122},"gfcc":{"cov":[[16081.7988281,1878.63439941,-2053.73974609,1263.73742676,-1195.3013916,-59.2598075867,-299.809356689,-67.3781356812,-34.4977378845,-130.782150269,-147.21585083,-319.528686523,-112.414047241],[1878.63439941,1734.26782227,-45.9702224731,-299.359802246,212.965270996,-193.847351074,-20.696018219,-91.6937484741,-16.9838409424,-102.330177307,12.6814661026,-51.7120361328,-24.621465683],[-2053.73974609,-45.9702224731,629.89440918,-102.217277527,214.372268677,86.273223877,29.6312923431,32.4723968506,-6.15917015076,41.8707351685,5.120449543,37.8273506165,-0.517321586609],[1263.73742676,-299.359802246,-102.217277527,623.188476563,-67.0380401611,41.7047157288,18.1832466125,15.7965269089,84.0335388184,55.7246704102,-40.7328948975,-40.9753417969,-10.785194397],[-1195.3013916,212.965270996,214.372268677,-67.0380401611,333.646179199,-6.61194849014,49.8355331421,8.06667327881,49.7424507141,8.88858985901,16.8738956451,8.11751747131,5.30174255371],[-59.2598075867,-193.847351074,86.273223877,41.7047157288,-6.61194849014,174.453445435,52.8582038879,49.1942825317,-4.78483247757,20.532251358,1.95765674114,6.1004858017,-15.8429431915],[-299.809356689,-20.696018219,29.6312923431,18.1832466125,49.8355331421,52.8582038879,181.489624023,33.1795578003,26.9382228851,-7.26551675797,18.9075298309,5.34318161011,-17.1001758575],[-67.3781356812,-91.6937484741,32.4723968506,15.7965269089,8.06667327881,49.1942825317,33.1795578003,109.544342041,21.1794147491,8.83162975311,-3.84713554382,-9.77902603149,-6.70164966583],[-34.4977378845,-16.9838409424,-6.15917015076,84.0335388184,49.7424507141,-4.78483247757,26.9382228851,21.1794147491,109.075790405,23.3291149139,-2.02989077568,-19.1415557861,-2.67249727249],[-130.782150269,-102.330177307,41.8707351685,55.7246704102,8.88858985901,20.532251358,-7.26551675797,8.83162975311,23.3291149139,84.0371856689,1.92701649666,-1.44119131565,1.2083081007],[-147.21585083,12.6814661026,5.120449543,-40.7328948975,16.8738956451,1.95765674114,18.9075298309,-3.84713554382,-2.02989077568,1.92701649666,70.4625778198,16.2956123352,-4.80932044983],[-319.528686523,-51.7120361328,37.8273506165,-40.9753417969,8.11751747131,6.1004858017,5.34318161011,-9.77902603149,-19.1415557861,-1.44119131565,16.2956123352,67.4009475708,15.2696456909],[-112.414047241,-24.621465683,-0.517321586609,-10.785194397,5.30174255371,-15.8429431915,-17.1001758575,-6.70164966583,-2.67249727249,1.2083081007,-4.80932044983,15.2696456909,59.9371376038]],"icov":[[0.000718350813258,-0.00148110429291,0.00150958541781,-0.0016137661878,0.00201740604825,-0.00178866297938,0.000974422029685,-0.000682209443767,0.000279255211353,-0.0000582616157772,-0.000068521265348,0.000290386669803,-0.0000538498970855],[-0.00148110429291,0.00393005739897,-0.00297425617464,0.00363025791012,-0.00481269648299,0.0043261279352,-0.0020303518977,0.00184075487778,-0.000394995149691,0.000740056799259,0.000147386541357,0.000222072849283,0.000582614506129],[0.00150958541781,-0.00297425617464,0.00571458926424,-0.00304912403226,0.00243182014674,-0.00481003848836,0.00230449694209,-0.00168678152841,0.00134363642428,-0.00119760842063,0.000514740648214,-0.000306752772303,0.000296001380775],[-0.0016137661878,0.00363025791012,-0.00304912403226,0.00588158098981,-0.00431224424392,0.00361849367619,-0.00240603857674,0.00207019341178,-0.00211634114385,-0.000770180486143,0.00125006283633,0.0000998274699668,0.000375580886612],[0.00201740604825,-0.00481269648299,0.00243182014674,-0.00431224424392,0.010886028409,-0.00455192523077,0.00172027072404,-0.00185332552064,-0.00178183906246,-0.000228844233789,-0.000876046367921,0.000533554586582,-0.00111185270362],[-0.00178866297938,0.0043261279352,-0.00481003848836,0.00361849367619,-0.00455192523077,0.0132222138345,-0.00448963744566,-0.000911166018341,0.00108142115641,-0.000905831868295,0.000184627439012,-0.000861342938151,0.00184759497643],[0.000974422029685,-0.0020303518977,0.00230449694209,-0.00240603857674,0.00172027072404,-0.00448963744566,0.00853906478733,-0.00207420438528,-0.00119293492753,0.00170024228282,-0.00167528865859,-0.000687407911755,0.00139908934943],[-0.000682209443767,0.00184075487778,-0.00168678152841,0.00207019341178,-0.00185332552064,-0.000911166018341,-0.00207420438528,0.012256459333,-0.00241871434264,0.000281874497887,0.000777114124503,0.00175427622162,0.0000382424914278],[0.000279255211353,-0.000394995149691,0.00134363642428,-0.00211634114385,-0.00178183906246,0.00108142115641,-0.00119293492753,-0.00241871434264,0.0136343250051,-0.00296533713117,-0.000263455352979,0.00276567228138,-0.000233067155932],[-0.0000582616157772,0.000740056799259,-0.00119760842063,-0.000770180486143,-0.000228844233789,-0.000905831868295,0.00170024228282,0.000281874497887,-0.00296533713117,0.0150527413934,-0.00159894814715,0.000453661079518,-0.000336333090672],[-0.000068521265348,0.000147386541357,0.000514740648214,0.00125006283633,-0.000876046367921,0.000184627439012,-0.00167528865859,0.000777114124503,-0.000263455352979,-0.00159894814715,0.0165258608758,-0.00402475101873,0.00226849364117],[0.000290386669803,0.000222072849283,-0.000306752772303,0.0000998274699668,0.000533554586582,-0.000861342938151,-0.000687407911755,0.00175427622162,0.00276567228138,0.000453661079518,-0.00402475101873,0.0198129452765,-0.00488001015037],[-0.0000538498970855,0.000582614506129,0.000296001380775,0.000375580886612,-0.00111185270362,0.00184759497643,0.00139908934943,0.0000382424914278,-0.000233067155932,-0.000336333090672,0.00226849364117,-0.00488001015037,0.019304420799]],"mean":[-104.641868591,166.697723389,-125.973197937,6.01135110855,-56.7206420898,-15.317360878,-34.0222091675,-5.5536108017,-13.14457798,-6.43950939178,-12.6844882965,-11.5668678284,-11.9354810715]},"hfc":{"dmean":2.0786986351,"dmean2":2.74409723282,"dvar":15.6421785355,"dvar2":24.9245643616,"max":138.008163452,"mean":10.4526443481,"median":6.48692083359,"min":1.29241398823e-16,"var":164.034851074},"melbands":{"dmean":[0.0000732691914891,0.000748407328501,0.00023631019576,0.00026910714223,0.000208074823604,0.000168948594364,0.000219733905396,0.000182904812391,0.000169227088918,0.000144455261761,0.000031108087569,0.0000251075580309,0.0000168670703715,0.0000239754717768,0.0000201172588277,0.000014868524886,0.00000711127177055,0.00000841315704747,0.00000894322874956,0.00000864607682161,0.00000312227984978,0.00000245280580202,0.00000336438574777,0.00000158320608534,8.53303220083e-7,6.48276397897e-7,3.8844956407e-7,3.00955406374e-7,2.47090866878e-7,1.6695786087e-7,1.25653869532e-7,9.8413863725e-8,6.26424778716e-8,4.20300558801e-8,2.4573596491e-8,1.70833445168e-8,1.36974822595e-8,1.13719691441e-8,1.05999991007e-8,9.05451269517e-9],"dmean2":[0.00010456963355,0.00112938240636,0.000383790233172,0.000429164298112,0.00029061594978,0.000201299975743,0.000309881899739,0.00023681546736,0.000216177242692,0.000181883602636,0.0000415879840148,0.000034949680412,0.0000236388259509,0.0000327296111209,0.0000269735501206,0.0000213853909372,0.0000113159139801,0.0000142465760291,0.0000156639725901,0.0000153625005623,0.00000528789041709,0.00000399753707825,0.00000552252549824,0.00000268831354333,0.00000142855708418,0.0000010381879747,5.99568068083e-7,4.77680259792e-7,4.03342454547e-7,2.53779575132e-7,1.90065478023e-7,1.46636978116e-7,9.49764853431e-8,6.47336833026e-8,3.73722173208e-8,2.59608974318e-8,2.05480183979e-8,1.67342744106e-8,1.54579478107e-8,1.33617792386e-8],"dvar":[2.80920549045e-8,0.00000240360805037,2.08923410128e-7,2.43809694211e-7,1.41236839113e-7,1.05569533559e-7,1.8192679363e-7,1.9428023279e-7,2.38935200514e-7,4.07799745972e-7,8.9432683481e-9,3.65938701563e-9,4.01626421009e-9,1.31289166205e-8,6.47470077553e-9,3.29081140116e-9,3.63751945232e-10,3.31372540519e-10,5.0474185942e-10,7.66610996905e-10,6.74141714674e-11,4.85280600426e-11,4.00786105692e-11,1.75948890874e-11,4.63886481311e-12,4.07619858006e-12,1.36668996432e-12,5.78918803087e-13,4.11504733283e-13,3.92229488905e-13,2.85364180203e-13,2.13921884222e-13,5.16388113639e-14,2.15870751179e-14,7.52811628004e-15,6.27824589802e-15,4.10796410452e-15,3.46869097505e-15,5.55324286989e-15,5.6691690696e-15],"dvar2":[5.32089501348e-8,0.0000052699429034,5.77817957037e-7,5.88734621942e-7,2.53602479461e-7,1.51442122842e-7,4.09295410009e-7,3.30383528535e-7,3.80998045557e-7,6.84829615238e-7,1.66083289344e-8,7.69390329225e-9,7.63096963396e-9,1.91988203113e-8,9.33058430519e-9,5.93491833456e-9,9.4297780695e-10,9.24156084992e-10,1.59350244111e-9,2.42241027237e-9,1.60932975279e-10,1.06798819788e-10,1.0175129489e-10,5.59654822485e-11,1.39946630673e-11,1.01166843999e-11,3.26492955935e-12,1.37609205714e-12,1.04590522441e-12,9.2597240639e-13,6.70334176622e-13,4.58013618351e-13,1.07523588828e-13,4.64294570943e-14,1.72064511077e-14,1.54705570322e-14,9.35824361796e-15,6.23393463993e-15,1.08401904396e-14,1.14701127489e-14],"max":[0.0053618173115,0.0368396826088,0.0123627083376,0.015322634019,0.013896426186,0.0115979863331,0.0107268951833,0.0109650632367,0.0171078126878,0.0263545364141,0.0026138832327,0.00163167715073,0.00375555199571,0.00866021588445,0.0039511565119,0.00233526830561,0.000634971482214,0.000423607503762,0.000397542200517,0.000631228089333,0.000389777298551,0.000339216494467,0.000176361863851,0.0000711247630534,0.0000480351336591,0.0000964776263572,0.0000448072278232,0.0000218155546463,0.0000189139445865,0.0000171534684341,0.0000182787025551,0.0000204870702873,0.0000065788003667,0.00000428704333899,0.0000022376727884,0.00000338062500305,0.0000024984672109,0.0000031302406569,0.00000500181567986,0.00000427412805948],"mean":[0.000147876009578,0.00163855555002,0.000554273603484,0.000633244169876,0.000653443159536,0.000576058169827,0.000535433646291,0.000517776818015,0.000496930908412,0.000366316642612,0.000100302095234,0.0000636085023871,0.0000382835387427,0.0000733128690626,0.0000550246768398,0.0000344984910043,0.0000137739070851,0.0000136823800858,0.0000136652761284,0.0000124109656099,0.00000523585413248,0.00000504523995914,0.00000640417329123,0.0000031086940453,0.00000194676158571,0.00000148424635427,8.92903699423e-7,6.63613946017e-7,5.58120291316e-7,3.86922948792e-7,2.80354669258e-7,2.25037865675e-7,1.46321838201e-7,9.95524516156e-8,5.81963952584e-8,3.57342244683e-8,2.62827288822e-8,2.19442082283e-8,2.03983034908e-8,1.45238843174e-8],"median":[0.0000435544243373,0.000599777908064,0.000289095914923,0.000326290726662,0.00036712968722,0.000301398802549,0.000259669817751,0.000183581607416,0.000153172790306,0.000106965700979,0.0000185944900295,0.0000221068767132,0.0000103836891867,0.00000792046375864,0.00000835452920001,0.00000822471065476,0.00000459820148535,0.00000541775125384,0.00000418951140091,0.00000231758599512,0.00000187334921975,0.0000011074515669,0.00000290242564915,7.02437603195e-7,7.20408479538e-7,5.54885787096e-7,2.93856430744e-7,2.41141776769e-7,1.98329630052e-7,1.19021123623e-7,8.41327860712e-8,6.66530581839e-8,5.21893994687e-8,3.38244454667e-8,1.99487395491e-8,1.035119368e-8,6.61696741844e-9,4.22707735481e-9,2.96668112298e-9,1.80705872488e-9],"min":[3.90912566847e-24,1.05877179387e-23,9.49524813685e-24,8.25505466421e-24,9.06673179339e-24,9.48933562437e-24,1.41449907386e-23,1.31558151726e-23,9.83132023742e-24,9.91466339206e-24,8.12634333005e-24,7.34820383339e-24,1.42713678333e-23,8.7098605862e-24,9.58874945337e-24,4.54804541485e-24,9.66857981039e-24,5.42311422309e-24,5.80105117189e-24,4.34531250094e-24,7.25810881827e-24,7.87343452384e-24,3.65521579776e-24,7.60937280215e-24,1.58357673608e-23,1.54187675977e-23,5.62184997879e-24,7.22700797708e-24,6.71514926784e-24,1.37163458108e-23,1.2073217965e-23,8.46789328074e-24,1.28759170682e-23,8.84649050612e-24,1.19073291941e-23,1.03015010585e-23,1.24023544005e-23,7.84843867719e-24,1.20057577358e-23,8.35170038029e-24],"var":[1.00406865045e-7,0.00000729543398847,5.33338777586e-7,8.57509519392e-7,9.20291824968e-7,6.63109688048e-7,6.17221360244e-7,9.11039819584e-7,0.00000140252370784,0.00000132691320687,6.13913613279e-8,1.53955515003e-8,1.37469227113e-8,1.40314980968e-7,5.75380454393e-8,1.8205254193e-8,1.10848952239e-9,6.64835242414e-10,9.07714292619e-10,1.28759181095e-9,1.8799262147e-10,1.81483619799e-10,1.15012298296e-10,4.27867775932e-11,1.49814154138e-11,9.31522480679e-12,3.23390229526e-12,1.41231655277e-12,9.95154045974e-13,7.07063964669e-13,5.14091211008e-13,3.81537222606e-13,1.13706421123e-13,4.60912639435e-14,1.52074990919e-14,9.04760529599e-15,6.48218009149e-15,7.58362489017e-15,1.13984054807e-14,9.83080584034e-15]},"melbands_crest":{"dmean":2.54546165466,"dmean2":3.99350714684,"dvar":6.40366029739,"dvar2":15.7053022385,"max":33.1326255798,"mean":14.1204500198,"median":13.1309127808,"min":1.70418047905,"var":27.6881999969},"melbands_flatness_db":{"dmean":0.0174229834229,"dmean2":0.0254905223846,"dvar":0.00031783329905,"dvar2":0.000682006007992,"max":0.493339568377,"mean":0.301537811756,"median":0.296747207642,"min":0.00451234634966,"var":0.00467450032011},"melbands_kurtosis":{"dmean":2.70221304893,"dmean2":4.17146205902,"dvar":25.2091121674,"dvar2":66.1218109131,"max":233.748413086,"mean":7.53700685501,"median":5.97399711609,"min":-1.45567464828,"var":55.0247459412},"melbands_skewness":{"dmean":0.393261164427,"dmean2":0.591817080975,"dvar":0.187561437488,"dvar2":0.417117148638,"max":11.85272789,"mean":1.82271027565,"median":1.74787831306,"min":-2.05172967911,"var":0.987794518471},"melbands_spread":{"dmean":2.02209687233,"dmean2":3.19196844101,"dvar":14.1357011795,"dvar2":36.6914634705,"max":174.557113647,"mean":11.0456209183,"median":8.75813674927,"min":0.944416165352,"var":168.719772339},"mfcc":{"cov":[[8855.25,368.924926758,-941.67565918,704.236572266,-579.980041504,28.6536808014,-225.836791992,35.2494850159,-23.5725669861,94.4338989258,100.165084839,109.530815125,-22.8396968842],[368.924926758,1529.1451416,-13.9103431702,-143.589538574,93.3110809326,-46.1735610962,18.0625038147,17.6371040344,-43.0051689148,-30.866727829,-3.25310134888,-34.0924530029,-17.7002182007],[-941.67565918,-13.9103431702,399.686523438,-72.6963806152,100.986305237,43.4346466064,56.7773208618,16.5808029175,23.2612075806,0.206688150764,10.1369819641,-8.68798542023,-3.50592827797],[704.236572266,-143.589538574,-72.6963806152,436.306182861,40.7811088562,79.9598312378,-28.6634140015,-10.4407644272,46.9183235168,74.5365066528,21.304769516,10.9603567123,24.0673961639],[-579.980041504,93.3110809326,100.986305237,40.7811088562,237.313522339,34.5065917969,-1.3070473671,-21.3016471863,31.4816894531,29.9016590118,0.691740512848,-7.33543300629,5.27363634109],[28.6536808014,-46.1735610962,43.4346466064,79.9598312378,34.5065917969,140.366546631,30.7067699432,15.522102356,26.4064388275,25.0414218903,23.9135017395,12.2327604294,9.32010555267],[-225.836791992,18.0625038147,56.7773208618,-28.6634140015,-1.3070473671,30.7067699432,133.68132019,55.3888053894,11.0580787659,1.98964989185,19.4758777618,13.7870435715,8.29634857178],[35.2494850159,17.6371040344,16.5808029175,-10.4407644272,-21.3016471863,15.522102356,55.3888053894,121.590232849,19.9958667755,9.88322925568,17.8341884613,10.3468236923,11.0468149185],[-23.5725669861,-43.0051689148,23.2612075806,46.9183235168,31.4816894531,26.4064388275,11.0580787659,19.9958667755,103.232719421,41.9530029297,5.08431434631,6.55178499222,10.7621116638],[94.4338989258,-30.866727829,0.206688150764,74.5365066528,29.9016590118,25.0414218903,1.98964989185,9.88322925568,41.9530029297,95.1300506592,33.8405838013,3.75899553299,9.98716640472],[100.165084839,-3.25310134888,10.1369819641,21.304769516,0.691740512848,23.9135017395,19.4758777618,17.8341884613,5.08431434631,33.8405838013,82.1914215088,24.2006549835,-4.73508405685],[109.530815125,-34.0924530029,-8.68798542023,10.9603567123,-7.33543300629,12.2327604294,13.7870435715,10.3468236923,6.55178499222,3.75899553299,24.2006549835,67.9568786621,16.2629013062],[-22.8396968842,-17.7002182007,-3.50592827797,24.0673961639,5.27363634109,9.32010555267,8.29634857178,11.0468149185,10.7621116638,9.98716640472,-4.73508405685,16.2629013062,67.2333221436]],"icov":[[0.0002325665846,-0.000134870206239,0.000307039241306,-0.000360612786608,0.00056182150729,-0.000126283397549,0.000325116037857,-0.000121918092191,-0.0000176174198714,-0.000097211341199,-0.000103112593933,-0.000320213381201,0.000229402139666],[-0.000134870206239,0.000812165264506,0.000022347403501,0.000437782378867,-0.000821508467197,0.000221427209908,-0.000302699656459,-0.000154638037202,0.000261256704107,0.000200315727852,-0.000139288109494,0.000552198383957,-0.000106001061795],[0.000307039241306,0.000022347403501,0.00373877468519,0.000330571987433,-0.000762531242799,-0.00097010016907,-0.000628740701359,-0.00021655796445,-0.000500397349242,0.000356905366061,-0.000633240037132,0.00035427568946,0.000391059729736],[-0.000360612786608,0.000437782378867,0.000330571987433,0.00383094558492,-0.00131803040858,-0.00150421971921,0.000212661238038,0.000384987215512,-0.00032579593244,-0.001582564204,0.000197248446057,0.00053198589012,-0.000966519583017],[0.00056182150729,-0.000821508467197,-0.000762531242799,-0.00131803040858,0.00701847113669,-0.00103313929867,0.0010558887152,0.00109691603575,-0.0010208968306,-0.00154738628771,0.000380552432034,-0.000655753945466,0.00026750433608],[-0.000126283397549,0.000221427209908,-0.00097010016907,-0.00150421971921,-0.00103313929867,0.00951699353755,-0.00196284730919,-0.0000710810782039,-0.000901838531718,0.000275962403975,-0.00162336567882,-0.000228056786,-0.000436881906353],[0.000325116037857,-0.000302699656459,-0.000628740701359,0.000212661238038,0.0010558887152,-0.00196284730919,0.010926249437,-0.00415524933487,-0.000181236944627,0.000433291250374,-0.00129532977007,-0.00136876455508,-0.000349904235918],[-0.000121918092191,-0.000154638037202,-0.00021655796445,0.000384987215512,0.00109691603575,-0.0000710810782039,-0.00415524933487,0.0110767986625,-0.00198833248578,-0.000124180442072,-0.00134921818972,0.000344402651535,-0.00145626533777],[-0.0000176174198714,0.000261256704107,-0.000500397349242,-0.00032579593244,-0.0010208968306,-0.000901838531718,-0.000181236944627,-0.00198833248578,0.0132600115612,-0.00568034732714,0.00286446628161,-0.00143950618804,-0.0000213446619455],[-0.000097211341199,0.000200315727852,0.000356905366061,-0.001582564204,-0.00154738628771,0.000275962403975,0.000433291250374,-0.000124180442072,-0.00568034732714,0.0176735632122,-0.00763097917661,0.00312327756546,-0.00235408428125],[-0.000103112593933,-0.000139288109494,-0.000633240037132,0.000197248446057,0.000380552432034,-0.00162336567882,-0.00129532977007,-0.00134921818972,0.00286446628161,-0.00763097917661,0.0185257960111,-0.00661937193945,0.00398227851838],[-0.000320213381201,0.000552198383957,0.00035427568946,0.00053198589012,-0.000655753945466,-0.000228056786,-0.00136876455508,0.000344402651535,-0.00143950618804,0.00312327756546,-0.00661937193945,0.0192543230951,-0.00529709178954],[0.000229402139666,-0.000106001061795,0.000391059729736,-0.000966519583017,0.00026750433608,-0.000436881906353,-0.000349904235918,-0.00145626533777,-0.0000213446619455,-0.00235408428125,0.00398227851838,-0.00529709178954,0.0175268724561]],"mean":[-737.037597656,193.503692627,-8.41112518311,19.1851539612,-7.56891393661,-5.71220016479,-14.4044790268,-5.35240840912,-5.25285863876,-0.986254692078,1.65955901146,-1.34372079372,-4.50443315506]},"pitch_salience":{"dmean":0.0544002465904,"dmean2":0.0857587456703,"dvar":0.00270545831881,"dvar2":0.00669901026413,"max":0.852508306503,"mean":0.564705312252,"median":0.572120428085,"min":0.133269280195,"var":0.0116580510512},"silence_rate_20dB":{"dmean":0,"dmean2":0,"dvar":0,"dvar2":0,"max":1,"mean":1,"median":1,"min":1,"var":0},"silence_rate_30dB":{"dmean":0.00499339122325,"dmean2":0.00998824927956,"dvar":0.00496870698407,"dvar2":0.0116508537903,"max":1,"mean":0.991923630238,"median":1,"min":0,"var":0.00801094714552},"silence_rate_60dB":{"dmean":0.0196798350662,"dmean2":0.0393654517829,"dvar":0.019293865189,"dvar2":0.0422283858061,"max":1,"mean":0.110425844789,"median":0,"min":0,"var":0.0982418581843},"spectral_centroid":{"dmean":72.6224975586,"dmean2":112.240699768,"dvar":16932.6035156,"dvar2":30764.2773438,"max":10248.1328125,"mean":650.413208008,"median":557.238647461,"min":200.793685913,"var":199811.640625},"spectral_complexity":{"dmean":1.49038040638,"dmean2":2.41774392128,"dvar":2.06046962738,"dvar2":4.76057815552,"max":34,"mean":11.9995594025,"median":12,"min":0,"var":22.1198005676},"spectral_contrast_coeffs":{"dmean":[0.0442091152072,0.0342567041516,0.0285700727254,0.0276503488421,0.0217938534915,0.0144084142521],"dmean2":[0.0743795335293,0.0537753738463,0.0448850356042,0.0451964810491,0.0349179543555,0.0219569150358],"dvar":[0.00126091623679,0.000898636470083,0.000666748383082,0.000520963338204,0.000365341751603,0.000195803018869],"dvar2":[0.00354363466613,0.00214153109118,0.00157054315787,0.00136174575891,0.000880469335243,0.00039625109639],"max":[-0.286360681057,-0.411903768778,-0.448203653097,-0.477774113417,-0.572841644287,-0.580915808678],"mean":[-0.563699066639,-0.68160623312,-0.710634291172,-0.721523880959,-0.734648406506,-0.75613451004],"median":[-0.562329232693,-0.683077514172,-0.714412927628,-0.721648275852,-0.732130289078,-0.743867337704],"min":[-0.950534880161,-0.957981228828,-0.963626742363,-0.959706902504,-0.957829415798,-0.958328664303],"var":[0.0058217025362,0.00520388968289,0.00465059420094,0.00383349927142,0.00309308548458,0.00357654690742]},"spectral_contrast_valleys":{"dmean":[0.425734996796,0.262995272875,0.260118097067,0.243149533868,0.244180992246,0.210271209478],"dmean2":[0.708143889904,0.412095367908,0.409387469292,0.38233730197,0.357993960381,0.305020898581],"dvar":[0.135885179043,0.0677323788404,0.0715688690543,0.065595023334,0.0826622843742,0.0715645179152],"dvar2":[0.340924948454,0.135736599565,0.146133318543,0.12420527637,0.140123277903,0.114286333323],"max":[-5.90955448151,-4.56860780716,-5.71219205856,-6.41179561615,-6.3149523735,-8.87300777435],"mean":[-8.24961185455,-6.73863649368,-8.07377719879,-9.0441160202,-9.54965114594,-12.5539236069],"median":[-8.04989814758,-6.53401517868,-7.91239070892,-8.85349464417,-9.31781959534,-12.5283403397],"min":[-27.4989032745,-27.3534584045,-27.2066612244,-27.1523075104,-27.2675609589,-27.2240581512],"var":[2.23298978806,1.89235961437,1.5874812603,1.44639909267,1.62989008427,1.19075274467]},"spectral_decrease":{"dmean":1.26283239421e-9,"dmean2":1.73692216165e-9,"dvar":3.70384305418e-18,"dvar2":6.73556918703e-18,"max":4.70194500587e-16,"mean":-5.61278090672e-9,"median":-4.11769018882e-9,"min":-5.42549614124e-8,"var":2.83778668992e-17},"spectral_energy":{"dmean":0.00493116676807,"dmean2":0.00676442077383,"dvar":0.0000569166695641,"dvar2":0.000102489873825,"max":0.217288285494,"mean":0.0221319440752,"median":0.0161876417696,"min":1.10651037734e-20,"var":0.000446939317044},"spectral_energyband_high":{"dmean":0.0000145104922922,"dmean2":0.0000217897522816,"dvar":2.49385179174e-9,"dvar2":5.26755572494e-9,"max":0.00140641059261,"mean":0.0000435483307228,"median":0.0000175709828909,"min":8.10392238851e-21,"var":6.10975314785e-9},"spectral_energyband_low":{"dmean":0.00243394821882,"dmean2":0.00371289020404,"dvar":0.0000242873702518,"dvar2":0.000055631458963,"max":0.111760802567,"mean":0.00551021378487,"median":0.00235322746448,"min":5.96415763037e-23,"var":0.0000719773597666},"spectral_energyband_middle_high":{"dmean":0.000598978484049,"dmean2":0.000854618963785,"dvar":0.00000193696018869,"dvar2":0.00000311160920319,"max":0.0790391117334,"mean":0.00237984349951,"median":0.000934541923925,"min":1.26838675555e-21,"var":0.0000257653882727},"spectral_energyband_middle_low":{"dmean":0.00336567591876,"dmean2":0.00447180401534,"dvar":0.0000337842393492,"dvar2":0.0000580528285354,"max":0.199698805809,"mean":0.0145645691082,"median":0.00980868935585,"min":3.1262173972e-22,"var":0.000239045213675},"spectral_entropy":{"dmean":0.12517490983,"dmean2":0.181984573603,"dvar":0.0181726440787,"dvar2":0.0359123907983,"max":9.78344154358,"mean":6.54087734222,"median":6.53796195984,"min":5.16573572159,"var":0.214328378439},"spectral_flux":{"dmean":0.0148132443428,"dmean2":0.0235346313566,"dvar":0.000356762786396,"dvar2":0.00090280250879,"max":0.330452144146,"mean":0.0466836504638,"median":0.0401880070567,"min":1.05190793576e-10,"var":0.00108170707244},"spectral_kurtosis":{"dmean":7.76808834076,"dmean2":13.4515714645,"dvar":90.2991790771,"dvar2":256.597503662,"max":136.056793213,"mean":19.6408939362,"median":12.8677463531,"min":-1.16628181934,"var":397.528900146},"spectral_rms":{"dmean":0.000476498709759,"dmean2":0.00064978771843,"dvar":3.14838672466e-7,"dvar2":5.80700373121e-7,"max":0.014559827745,"mean":0.0041595431976,"median":0.00397401861846,"min":3.28560854738e-12,"var":0.00000429038391303},"spectral_rolloff":{"dmean":106.25012207,"dmean2":185.143447876,"dvar":143077.328125,"dvar2":362570.1875,"max":19422.9492188,"mean":884.599182129,"median":602.9296875,"min":43.06640625,"var":4198634.5},"spectral_skewness":{"dmean":0.55298268795,"dmean2":0.946768820286,"dvar":0.320392042398,"dvar2":0.892153203487,"max":9.40364360809,"mean":2.95347356796,"median":2.59391689301,"min":0.0651552081108,"var":1.77444303036},"spectral_spread":{"dmean":280985.1875,"dmean2":429796.6875,"dvar":238765064192,"dvar2":332181504000,"max":39061788,"mean":2498681.75,"median":2309408,"min":599494.75,"var":2644101824510},"spectral_strongpeak":{"dmean":0.333938241005,"dmean2":0.536619186401,"dvar":0.309488862753,"dvar2":0.68086451292,"max":12.137014389,"mean":1.00037658215,"median":0.624455809593,"min":0,"var":1.32343709469},"zerocrossingrate":{"dmean":0.00351391825825,"dmean2":0.00438370136544,"dvar":0.0000420298893005,"dvar2":0.0000342554521922,"max":0.7490234375,"mean":0.0358636491001,"median":0.02490234375,"min":0.0048828125,"var":0.00608170032501}},"metadata":{"audio_properties":{"analysis_sample_rate":44100,"bit_rate":192032,"codec":"mp3","downmix":"mix","equal_loudness":0,"length":158.093063354,"lossless":false,"md5_encoded":"e44bc457457eef932dfd6c3b2b7cb92e","replay_gain":-5.32572174072,"sample_rate":44100},"tags":{"acoustid_fingerprint":["AQADtMqSLEmSpEXx5-hx_PjRHO1zJPmRH4dXanhOHP3RPHiSIT9--MQHz4rxJcuh8zjK2whDLpgPHpOjI7fRBzf24AKv4MoRPoXPMWCu4-g9NE9xXNzRPUh_aB9ufBd6gpJpeAeVCwyPnKh9NNt5fA_egdEebEl4-BdCa4mFJ5IF4ceXxcd54Q8e_WgVGloiOSJ-XMfzo7miIYmYBc2koz_eFJVzcOkTsM_hpTr6JYd-HH8wXceUB0-1EPwOJ3mkIemPyEftGCkHsTu0jsdPI1Tyo3EiF1827M_AG1Oq_kimRHkRuxxOEe2oIsyY5dD8I0yYSOnxNMrxxyh12MEjHumRzH5wokmYHL023PiRH5oqVseOywmRkkePq8vwMazwfnginMYPrYmw_egdPFJwEz8eHk1FB6HG5biGeXuQ66C-4KTwCdcfobmM8MGh4w_y44fLHV9w49qDLzbKiWCiCUl_5Dj86AlqLUHjJMcVBveRJgl0fcSRR0HfoZil42bwMRes58F4DslV5JOD-mguI89fJE-OK3ICRjcaXYnw4Tz-CMnfI0eYoe0OtRwuBXmlTGBeBW_mYwuTHskRfcEf43zxIxQTyULSTFES4fhRLgfTPPgzlP8IT2IiMM5wEeMmHb-k4dKPXj3cI-GRM4OPtjil8PiiMviNmWhOZEHy7Mau4DpxZdij4GeQi4f2HWHOB5ei4EncIE-UHuKNGF9qXD8a7niQPEcOXxG6HD-uTMhLB1J-mENV8ZAuYvhuhHkm5D0OZwoP7cdxdGGSpEJzCWcO5cf5ECbZBTt0InfGwU14jMfzYwqfBz16NGSIJM-iIetVYg_qXIGnM4VzVMrTJBH6I8yXHcozFTkD7sbMMgquozlRHk3TDXkoiOcRqj3u4NTxDI8spXCVJwhfJMv14ByFXwysKD1OCk-O8Efy5CgXpiq-NRHOo0fyIMxxXDMuMUS748xRkUqRmBrCp8W9oF3WFM-xj0X45RAZfch_FcmFTO_xHE1yCadyJPqRLxcav0U7bvgYVOJxP8EvCqYR6kLyUAmOZsyDfsKdHMeZGlfQ3EKoNhbI6AkuaFcUNNUiHCfyEs8elAua0MGR49ODNh-orwpyP3AXMAor4g_a5Yc3RM8eKH4RK0dX402wB7M140qQlT30T7izGLlMNAp_VMoS4dHx4tmLLzl-NEdN5eCTgMdPPPzw5EFz9HyRpNcQs3gY4m9wfIcfPMQeHLwS5DzkSElxIsd5fI7QD00jI-8CHXFjRmiqHH3x4B5i00gWTaHRbyt-_LiOH0XDjA1-4gifHcny4I_w4-xRJcwoNC_4oc_h6kcZhceV419wrSma6uiH-ELy5zjzBbxywaqE69gf1LvQTGkQXTiPH-ahXD2uOBVyI9TR1MN37CEUdymqw8k4ER90MkK0_ejx4NrYg