{"lowlevel":{"average_loudness":0.863670229912,"barkbands":{"dmean":[0.0000187543573702,0.00121811160352,0.000986682251096,0.00124218128622,0.00100478937384,0.000304953748127,0.000303320673993,0.000379147153581,0.000413225148804,0.00049958366435,0.000421132193878,0.000468702288345,0.000340643397067,0.00104203808587,0.000598610844463,0.00043505980284,0.000426099286415,0.000229272714932,0.000193962696358,0.000173831096618,0.0000919720405363,0.0000489856720378,0.0000311803087243,0.0000313218661177,0.000035308439692,0.0000248700835073,0.00000985059341474],"dmean2":[0.0000270057880698,0.0020141180139,0.00155533361249,0.00196136091836,0.00171656208113,0.000505718227942,0.000502990616951,0.00063723110361,0.000666679057758,0.000828770571388,0.000665812811349,0.000723858363926,0.000542234978639,0.00165796640795,0.000966509571299,0.000695425318554,0.000677577627357,0.000361088983482,0.000310606061248,0.000273726764135,0.00014208072389,0.0000723048869986,0.000043540061597,0.0000425261423516,0.0000486389180878,0.0000339014222845,0.000013240064618],"dvar":[1.60760005308e-9,0.00000804987575975,0.00000251801361628,0.00000478899619338,0.00000399225928049,5.96114205109e-7,3.98567351567e-7,0.00000113853343464,8.27293092698e-7,0.00000181365919616,0.00000295942913908,0.00000257412966675,8.47805836202e-7,0.00000679923596181,0.00000166179495409,0.00000102822218651,0.00000106187303572,2.88406994287e-7,1.3917261299e-7,6.97293813801e-8,2.18632081328e-8,1.09919291447e-8,4.40228875576e-9,7.62543184152e-9,1.37222926355e-8,1.12310596379e-8,7.69346031326e-10],"dvar2":[3.40937056365e-9,0.0000198432753677,0.00000611513087279,0.0000120564445751,0.0000112273964987,0.00000155170948801,0.0000011071103927,0.00000298881172967,0.00000202920705306,0.00000487202260047,0.00000711431493983,0.00000557874272999,0.0000018817640921,0.000015867410184,0.00000411044038628,0.00000239100586441,0.00000242389910454,6.54253994981e-7,3.20594040204e-7,1.68303841974e-7,5.10856530411e-8,2.59869725738e-8,9.75925118496e-9,1.45351082281e-8,2.5949752569e-8,2.54938257171e-8,1.60547053429e-9],"max":[0.000412147172028,0.0468269884586,0.0255000591278,0.0425625517964,0.0377756208181,0.0139241693541,0.0157843735069,0.0225210748613,0.0262306183577,0.0436185412109,0.0485173799098,0.0591869130731,0.0331840664148,0.0579354800284,0.025034321472,0.0316335000098,0.0314262397587,0.0179092027247,0.0126399379224,0.011024649255,0.00538934441283,0.00358650600538,0.00249895523302,0.00336690992117,0.00587533786893,0.00468524266034,0.00106437725481],"mean":[0.0000258488962572,0.00186580442823,0.00207706191577,0.00269372831099,0.00148673099466,0.000404923775932,0.000510603596922,0.000471905019367,0.000656081712805,0.000791208469309,0.000573716883082,0.000744154327549,0.000583539600484,0.00189141882583,0.000995126087219,0.000798902648967,0.000827324285638,0.000444677920314,0.000459035945823,0.000449162063887,0.000242131136474,0.00011818974599,0.0000747920566937,0.0000712888650014,0.0000710216190782,0.0000405227256124,0.0000129702502818],"median":[0.00000463891183244,0.000643059553113,0.000940743193496,0.00106095464434,0.000703174970113,0.000140025164001,0.000184688949957,0.000133901456138,0.000305125257,0.000362932740245,0.000152162712766,0.000206327837077,0.000261780340225,0.000574382138439,0.000337765231961,0.00033245573286,0.000346956279827,0.000181042691111,0.000266236544121,0.000310550909489,0.000130146247102,0.0000429990577686,0.0000246240579145,0.0000250744724326,0.0000203045728995,0.00000815281691757,0.0000016735131112],"min":[9.76901337602e-10,3.45030626292e-9,1.80243195369e-10,2.30135577262e-10,1.80251169546e-9,8.01097965741e-10,3.19454129816e-10,1.62534527504e-10,3.40519612507e-10,1.09656471403e-10,9.639086751e-11,7.60467522287e-11,8.26328935832e-11,1.18225568224e-10,1.02166608507e-10,9.11652281443e-11,8.28858301438e-11,1.42647088586e-10,1.23842575084e-10,7.50778883507e-11,9.97967333771e-11,1.64036423334e-10,1.26847296555e-10,1.99959895864e-10,3.84643511486e-10,3.89171916915e-10,8.13742184747e-10],"var":[2.52846010795e-9,0.0000124072848848,0.00000770428505348,0.0000143689221659,0.00000540013934369,7.07342906026e-7,9.03107377326e-7,0.00000137655354138,0.00000156035628152,0.00000321877473652,0.0000045429187594,0.00000585251109442,0.00000211308861253,0.0000180289989657,0.00000345545549862,0.0000024581049729,0.00000301518662127,7.95279390786e-7,5.40804819593e-7,2.67103558826e-7,9.62400221738e-8,4.4753768691e-8,1.9761440484e-8,2.58914720774e-8,4.00742550255e-8,1.87736191037e-8,1.20779319879e-9]},"barkbands_crest":{"dmean":2.39531970024,"dmean2":3.91287493706,"dvar":5.01397800446,"dvar2":13.2823133469,"max":26.243844986,"mean":8.81290054321,"median":8.08601570129,"min":2.09643411636,"var":14.2561130524},"barkbands_flatness_db":{"dmean":0.0176361892372,"dmean2":0.0264817234129,"dvar":0.00029446859844,"dvar2":0.000650477712043,"max":0.399688601494,"mean":0.108758017421,"median":0.0993620306253,"min":0.0135115357116,"var":0.00251679890789},"barkbands_kurtosis":{"dmean":2.0978281498,"dmean2":3.30387067795,"dvar":44.8562431335,"dvar2":105.620796204,"max":263.003234863,"mean":2.45437169075,"median":-0.187349557877,"min":-1.90405535698,"var":116.449150085},"barkbands_skewness":{"dmean":0.480108380318,"dmean2":0.730079829693,"dvar":0.289645552635,"dvar2":0.634339094162,"max":12.0693349838,"mean":0.825449287891,"median":0.620798587799,"min":-5.66676568985,"var":1.75552105904},"barkbands_spread":{"dmean":5.55781698227,"dmean2":8.55037212372,"dvar":40.300453186,"dvar2":88.0843353271,"max":128.223602295,"mean":29.3597373962,"median":28.3230495453,"min":0.667642652988,"var":278.110931396},"dissonance":{"dmean":0.0137388501316,"dmean2":0.0234162192792,"dvar":0.000280896172626,"dvar2":0.000770973972976,"max":0.500000178814,"mean":0.474935263395,"median":0.485158860683,"min":0.218639224768,"var":0.000903040578123},"dynamic_complexity":6.1261882782,"erbbands":{"dmean":[0.0310901980847,0.302524864674,0.846841990948,3.12699580193,3.21443581581,3.95191025734,2.11299991608,2.70466256142,3.8668243885,5.28938341141,9.20214557648,9.56542778015,13.1290245056,14.8072681427,19.8638954163,16.7007637024,14.9999170303,43.3120155334,42.9825057983,20.5097637177,22.8540287018,23.490732193,12.7759914398,10.3156900406,9.6338300705,8.06396579742,5.25545358658,2.56487059593,1.99541568756,1.21740293503,0.804559707642,0.708203315735,0.529895186424,0.415812492371,0.250024825335,0.113569006324,0.0461605675519,0.0135236028582,0.0017137901159,0.0000555294172955],"dmean2":[0.0469439588487,0.512248039246,1.34504401684,4.83066368103,5.29988336563,6.86342382431,3.56914329529,4.54651403427,6.4072842598,8.90439224243,15.2746276855,15.2770385742,21.8028316498,23.8928527832,30.6458950043,25.5169277191,23.6319313049,68.4311447144,68.4587783813,32.1044425964,36.5109024048,37.0036277771,20.0409564972,16.2845878601,15.2647752762,12.7317714691,8.18411254883,3.83234429359,2.9950940609,1.73192107677,1.11658239365,0.986423432827,0.730152070522,0.576051414013,0.348780333996,0.158545449376,0.063867598772,0.0181976668537,0.00229896861129,0.0000723899283912],"dvar":[0.00629794411361,0.466879844666,1.70735383034,27.4573535919,31.1350040436,75.80859375,27.1395893097,48.3660430908,56.2808380127,174.806533813,738.609924316,403.10055542,1380.35400391,2108.08007812,5473.95654297,3532.17871094,1639.51843262,12475.7607422,8496.171875,2199.75610352,2351.75683594,3957.04541016,802.077148438,459.877044678,281.437042236,151.56842041,67.2408828735,22.0969791412,20.8605442047,5.8924908638,3.13433098793,3.23930382729,2.56488823891,2.11710596085,0.716658473015,0.215281918645,0.0406176298857,0.00279483688064,0.0000199249516299,1.49788021986e-8],"dvar2":[0.012029543519,1.26795876026,4.24578285217,65.2832946777,83.8543014526,216.517715454,73.5437393188,129.769958496,153.526062012,495.182098389,1885.82067871,970.21472168,3996.1159668,5243.24707031,12702.5224609,7702.47607422,3909.26928711,28886.4707031,20578.7988281,5041.04736328,5665.37011719,8927.16015625,1834.85778809,1051.72888184,660.63848877,369.564666748,162.836517334,49.735824585,51.175163269,12.7143993378,6.92111825943,6.8915014267,4.85436201096,4.34493732452,1.3946223259,0.49063283205,0.0926449224353,0.00621243193746,0.0000401464312745,2.80402936426e-8],"max":[1.16507089138,11.0034990311,22.5175247192,96.6122741699,109.907440186,120.328216553,82.9075241089,122.287643433,175.182998657,330.699615479,702.147521973,680.915039062,1589.2980957,1644.1036377,2011.1895752,3044.39257812,1755.87011719,3265.99951172,1757.41345215,1572.10827637,1607.79064941,2125.59399414,697.41217041,827.766174316,649.494750977,494.382598877,318.023284912,211.832778931,140.647232056,64.6634063721,73.8176651001,60.0655632019,60.0417366028,74.8057861328,40.1499443054,19.4965629578,8.57358551025,2.61272573471,0.163372546434,0.00328612327576],"mean":[0.0424038209021,0.470986038446,1.87466752529,7.17306995392,6.33380508423,5.02386140823,2.64458918571,3.6919066906,6.90209960938,7.75846290588,11.8661651611,15.5901527405,20.1656360626,23.4749832153,31.4524288177,28.6541595459,28.6740589142,81.9690093994,78.7656021118,39.4104118347,44.6268005371,47.9010505676,27.9818725586,23.2478065491,23.7639446259,20.9336223602,14.2260055542,6.82551670074,4.71164941788,2.90278410912,1.91698050499,1.58855390549,1.16748487949,0.844899833202,0.464665830135,0.192535474896,0.071755617857,0.018892172724,0.00226362771355,0.0000967919986579],"median":[0.0119451368228,0.188802927732,1.14891088009,2.95648813248,3.69519543648,1.86748480797,0.782070875168,1.35963845253,2.77237319946,2.68039560318,4.58086776733,7.24457025528,9.09795761108,10.0817747116,9.94236469269,9.75835990906,14.6113452911,30.2870254517,27.6848907471,16.1978473663,21.4270038605,20.7312698364,11.9504585266,12.7171621323,14.97407341,14.3552217484,8.86309432983,2.83895277977,1.71241784096,1.04220569134,0.644684970379,0.580983400345,0.365226626396,0.23115222156,0.13149265945,0.0452920198441,0.0127483773977,0.00264095654711,0.000297231716104,0.0000436278896814],"min":[6.33916812376e-8,6.29247836059e-7,5.23361791238e-7,6.87632336849e-7,0.00000340692963618,0.00000370799898519,0.00000500093119626,0.000005294987659,0.00000597713869865,0.00000758642408982,0.00000664416165819,0.00000811434892967,0.00000441924703409,0.00000531399791726,0.00000434848152508,0.00000360080071005,0.00000340884253092,0.00000539583834325,0.00000469835413242,0.00000673895237924,0.00000550182494408,0.00000562637478652,0.00000799365716375,0.00000855735743244,0.00000305617072627,0.00000301030445371,0.00000374593764718,0.00000455168083136,0.00000535242679689,0.000004981449365,0.00000333673642672,0.00000442433884018,0.00000317681883644,0.00000413199768445,0.00000278330753645,0.00000154355461746,6.98596238635e-7,3.48214058477e-7,1.15309902071e-7,1.76880377012e-8],"var":[0.0105016715825,0.658121585846,4.97103118896,88.5757522583,68.854309082,87.306678772,29.2891941071,56.5256652832,161.624938965,284.132659912,878.375061035,834.058288574,2220.90942383,3336.67236328,9671.48339844,8674.03417969,4235.52148438,34297.8828125,20308.9589844,4708.81835938,5720.64306641,11073.3066406,2451.81323242,1540.54931641,1157.37597656,575.012207031,295.574157715,99.0182723999,74.4215393066,26.0997695923,13.4407949448,10.4095993042,8.53745651245,5.84664058685,1.81248831749,0.359542489052,0.0663919970393,0.00424332963303,0.0000325740329572,2.81785066392e-8]},"erbbands_crest":{"dmean":2.75298905373,"dmean2":4.47122240067,"dvar":7.38398361206,"dvar2":18.4671993256,"max":33.3288803101,"mean":9.57448482513,"median":8.19474124908,"min":1.95152664185,"var":26.9247741699},"erbbands_flatness_db":{"dmean":0.017523849383,"dmean2":0.0247940141708,"dvar":0.000300530024106,"dvar2":0.000551165780053,"max":0.40346378088,"mean":0.155209615827,"median":0.152128264308,"min":0.0177236590534,"var":0.00269417790696},"erbbands_kurtosis":{"dmean":1.15282142162,"dmean2":1.81470906734,"dvar":3.64920496941,"dvar2":8.09769630432,"max":69.9472045898,"mean":1.54576468468,"median":0.542878866196,"min":-1.83880925179,"var":11.8011713028},"erbbands_skewness":{"dmean":0.325684338808,"dmean2":0.501963376999,"dvar":0.101047292352,"dvar2":0.232230171561,"max":6.17406320572,"mean":-0.180805295706,"median":-0.23755453527,"min":-3.56663346291,"var":0.726609528065},"erbbands_spread":{"dmean":6.43979120255,"dmean2":9.90819072723,"dvar":46.443687439,"dvar2":102.906394958,"max":129.618637085,"mean":31.0088500977,"median":28.078956604,"min":0.818725466728,"var":300.909729004},"gfcc":{"cov":[[20471.3769531,-17.4440860748,-2973.88989258,1463.16137695,-248.067321777,545.128234863,-598.831542969,162.126861572,-326.848602295,-25.8982276917,-507.007476807,-186.703689575,-96.1415481567],[-17.4440860748,1331.61242676,-100.586784363,-3.69687891006,76.7712173462,-142.632873535,135.879211426,-79.7704849243,-18.3280696869,-90.1768417358,-7.62152814865,-153.075195312,22.5033226013],[-2973.88989258,-100.586784363,1281.37353516,-143.0440979,-50.6432647705,-21.2493801117,13.7950344086,-36.9181404114,40.2395896912,-26.7033805847,39.0621871948,74.1074676514,-15.1307449341],[1463.16137695,-3.69687891006,-143.0440979,494.447235107,74.8249969482,98.8391571045,-62.4913444519,26.9535961151,28.2179756165,-27.2830200195,-71.3982620239,-41.1515884399,11.5470266342],[-248.067321777,76.7712173462,-50.6432647705,74.8249969482,335.56942749,66.9696502686,61.4374351501,5.66401815414,-8.80736255646,-12.9434556961,-15.8689670563,-42.5338439941,7.49119186401],[545.128234863,-142.632873535,-21.2493801117,98.8391571045,66.9696502686,200.07208252,13.1198759079,11.0725221634,-22.1609916687,4.1020693779,-16.904335022,-5.04196739197,-8.97370529175],[-598.831542969,135.879211426,13.7950344086,-62.4913444519,61.4374351501,13.1198759079,172.569412231,39.5958442688,-25.5712413788,-14.9890823364,21.029296875,-13.7296819687,0.405510872602],[162.126861572,-79.7704849243,-36.9181404114,26.9535961151,5.66401815414,11.0725221634,39.5958442688,119.706314087,30.9978141785,3.60758042336,-13.3686485291,14.8149051666,-1.60284614563],[-326.848602295,-18.3280696869,40.2395896912,28.2179756165,-8.80736255646,-22.1609916687,-25.5712413788,30.9978141785,118.053100586,27.8281497955,9.2504119873,15.7044305801,13.6002941132],[-25.8982276917,-90.1768417358,-26.7033805847,-27.2830200195,-12.9434556961,4.1020693779,-14.9890823364,3.60758042336,27.8281497955,93.7764587402,36.9089889526,3.84273695946,-10.0389795303],[-507.007476807,-7.62152814865,39.0621871948,-71.3982620239,-15.8689670563,-16.904335022,21.029296875,-13.3686485291,9.2504119873,36.9089889526,86.9950332642,34.4261932373,2.49700689316],[-186.703689575,-153.075195312,74.1074676514,-41.1515884399,-42.5338439941,-5.04196739197,-13.7296819687,14.8149051666,15.7044305801,3.84273695946,34.4261932373,104.390991211,23.9100570679],[-96.1415481567,22.5033226013,-15.1307449341,11.5470266342,7.49119186401,-8.97370529175,0.405510872602,-1.60284614563,13.6002941132,-10.0389795303,2.49700689316,23.9100570679,62.2103347778]],"icov":[[0.000171821491676,-0.000180383678526,0.000321219617035,-0.000289454328595,0.000221588285058,-0.000379279459594,0.000602073268965,-0.000390706380131,0.000640453596134,-0.00033720897045,0.000609244918451,-0.000451309955679,0.000321829487802],[-0.000180383678526,0.00155589811038,-0.000249993812758,0.000127235834952,-0.000204525451409,0.0013489688281,-0.00181874388363,0.00145503121894,-0.00124561414123,0.00166787859052,-0.00135835167021,0.00253372103907,-0.00103527831379],[0.000321219617035,-0.000249993812758,0.00151573400944,-0.000343592226272,0.000459787726868,-0.000762498297263,0.000791288970504,-0.0000660097502987,0.000449368555564,0.0000350074806192,0.00110178743489,-0.001463336288,0.00127267593052],[-0.000289454328595,0.000127235834952,-0.000343592226272,0.00350064621307,-0.000761539500672,-0.000927777553443,0.00058492703829,-0.000268125819275,-0.00193569716066,0.0014420155203,-0.000165679201018,0.00163025630172,-0.00124358444009],[0.000221588285058,-0.000204525451409,0.000459787726868,-0.000761539500672,0.00399561645463,-0.00149330554996,-0.000672101508826,-0.0000657492346363,0.000449319457402,-0.00024976869463,0.000816969433799,0.000727635750081,-0.00047523539979],[-0.000379279459594,0.0013489688281,-0.000762498297263,-0.000927777553443,-0.00149330554996,0.00795460026711,-0.00298584694974,0.00157093792222,-0.0000555793048989,-0.000206061435165,-0.000506425567437,0.000822250556666,-0.0000169667455339],[0.000602073268965,-0.00181874388363,0.000791288970504,0.00058492703829,-0.000672101508826,-0.00298584694974,0.0127956466749,-0.00750692933798,0.00510128261521,0.000612582196482,-0.00244875089265,0.000435629248386,-0.0000398720148951],[-0.000390706380131,0.00145503121894,-0.0000660097502987,-0.000268125819275,-0.0000657492346363,0.00157093792222,-0.00750692933798,0.0144864674658,-0.0060888454318,0.0000772558341851,0.00343615747988,-0.00220796489157,0.00161456514616],[0.000640453596134,-0.00124561414123,0.000449368555564,-0.00193569716066,0.000449319457402,-0.0000555793048989,0.00510128261521,-0.0060888454318,0.0147091681138,-0.00531352544203,0.00131143420003,-0.00211837887764,-0.0016549146967],[-0.00033720897045,0.00166787859052,0.0000350074806192,0.0014420155203,-0.00024976869463,-0.000206061435165,0.000612582196482,0.0000772558341851,-0.00531352544203,0.0181652586907,-0.0102766929194,0.00564621342346,0.000950152229052],[0.000609244918451,-0.00135835167021,0.00110178743489,-0.000165679201018,0.000816969433799,-0.000506425567437,-0.00244875089265,0.00343615747988,0.00131143420003,-0.0102766929194,0.0237851571292,-0.0105606522411,0.00282383756712],[-0.000451309955679,0.00253372103907,-0.001463336288,0.00163025630172,0.000727635750081,0.000822250556666,0.000435629248386,-0.00220796489157,-0.00211837887764,0.00564621342346,-0.0105606522411,0.020378600806,-0.00833545345813],[0.000321829487802,-0.00103527831379,0.00127267593052,-0.00124358444009,-0.00047523539979,-0.0000169667455339,-0.0000398720148951,0.00161456514616,-0.0016549146967,0.000950152229052,0.00282383756712,-0.00833545345813,0.0211888011545]],"mean":[-34.4715385437,69.6795730591,-121.767974854,25.3705444336,-35.5016822815,11.1121759415,-27.4795036316,6.84127140045,-27.7307453156,1.61304366589,-21.9116172791,-9.98946094513,-14.3885564804]},"hfc":{"dmean":5.97841596603,"dmean2":8.41780948639,"dvar":72.4249954224,"dvar2":141.935043335,"max":150.429168701,"mean":22.8763198853,"median":18.4558849335,"min":0.0000505797906953,"var":450.484344482},"melbands":{"dmean":[0.000311546755256,0.000407966668718,0.000505302101374,0.000257803447312,0.0000905645792955,0.0000602469663136,0.0000590831368754,0.0000606040521234,0.0000756021181587,0.000059000976762,0.0000678693832015,0.000062932522269,0.0000618004341959,0.0000581644198974,0.0000366324129573,0.0000353143223037,0.0000956371004577,0.0000815350504126,0.0000349224246747,0.0000298734594253,0.0000267928353423,0.0000278795578197,0.0000183230240509,0.0000119188525787,0.00000897750123841,0.00000782400184107,0.00000690290153216,0.00000593815093453,0.00000422910352427,0.00000250988068728,0.00000145194655943,0.00000123374479699,8.97405868727e-7,7.07629567387e-7,4.97334781357e-7,5.10230677264e-7,4.47399798986e-7,3.98443347649e-7,3.56964903858e-7,3.81105962788e-7],"dmean2":[0.000499361543916,0.00065553013701,0.000788124045357,0.000437437091023,0.000156793073984,0.000100836172351,0.000097892312624,0.000102065758256,0.000124177327962,0.0000947662483668,0.000112751098641,0.000102184683783,0.0000967829473666,0.00008840191731,0.0000583078945056,0.0000558061874472,0.000151410218677,0.000130439089844,0.0000557678249606,0.000046840057621,0.0000433810819231,0.0000443810058641,0.0000291738906526,0.0000188295325643,0.0000143270453918,0.0000125434926304,0.0000110453911475,0.00000956571693678,0.00000675715045872,0.00000395884308091,0.00000222588982979,0.00000190125319932,0.00000132909190143,0.00000104559910596,7.18574142411e-7,7.46832711229e-7,6.3853519805e-7,5.63766263895e-7,5.08977564095e-7,5.42262171166e-7],"dvar":[5.84955046179e-7,4.36527443526e-7,6.94731738804e-7,2.45292369527e-7,4.97535452837e-8,2.32473205131e-8,1.34674502661e-8,2.1783774784e-8,4.50311112843e-8,1.69238205672e-8,3.61666998572e-8,3.73304125389e-8,5.98736775714e-8,4.16127399205e-8,1.15683054247e-8,9.03346286663e-9,6.58520349361e-8,3.47835218406e-8,5.65558000432e-9,6.3549188134e-9,3.09175884894e-9,7.18829840096e-9,1.89549020924e-9,1.11440412454e-9,3.93025140211e-10,2.65343996775e-10,1.24012911051e-10,8.85828424502e-11,4.49744200215e-11,1.87599397822e-11,8.01809833806e-12,8.40356256804e-12,3.27849618113e-12,2.22353212231e-12,1.14965025347e-12,1.6925664429e-12,1.41787720887e-12,1.461277605e-12,1.25418555749e-12,1.99333410021e-12],"dvar2":[0.00000131297838379,0.00000112020723009,0.00000171415786099,6.84532949435e-7,1.40414968541e-7,6.20501978688e-8,3.67357486653e-8,6.08748393915e-8,1.12630438309e-7,4.09301961213e-8,1.0379600468e-7,9.34521011686e-8,1.42274387827e-7,8.74025687381e-8,2.75774070246e-8,1.93352338584e-8,1.52548253141e-7,8.33391808897e-8,1.35608662077e-8,1.38257227889e-8,7.51120055043e-9,1.61280784283e-8,4.44760672735e-9,2.58561239086e-9,9.23004894737e-10,6.07365879812e-10,2.961869916e-10,2.25073654159e-10,1.12903651706e-10,4.59261934038e-11,1.91216712603e-11,2.14099172419e-11,7.50054445636e-12,5.17796699614e-12,2.59532889971e-12,4.19528561196e-12,3.01447256913e-12,2.84869523803e-12,2.5816414978e-12,4.26827974007e-12],"max":[0.0125060714781,0.00870467349887,0.0157591216266,0.0106129320338,0.00281546404585,0.00271135149524,0.00309439585544,0.00356170255691,0.00638796342537,0.00461017852649,0.00794162601233,0.00633570924401,0.00797615479678,0.00635474082083,0.00396412564442,0.00364076648839,0.00743058882654,0.00376653461717,0.00211330736056,0.00272943638265,0.00149290112313,0.00293144467287,0.00118039653171,0.0011950773187,0.000872861419339,0.000757123110816,0.000406107894378,0.000320146820741,0.000246197771048,0.000109361957584,0.000123320322018,0.0000859685824253,0.0000458282593172,0.0000427334671258,0.000038941121602,0.0000416606853832,0.0000420868818765,0.0000492344224767,0.0000368817854906,0.000077577358752],"mean":[0.000458943686681,0.000885937479325,0.0011923663551,0.000412514054915,0.000111643123091,0.0000836597464513,0.000104653052404,0.0000869872164913,0.000100936937088,0.0000948804663494,0.0001017114555,0.0000961952391663,0.00009229722491,0.0000949267487158,0.0000602604814048,0.0000615889584878,0.000172319763806,0.000140407355502,0.0000588196271565,0.0000533972961421,0.000048392375902,0.0000518265624123,0.0000338743593602,0.0000218354725803,0.000018079774236,0.0000174355736817,0.0000156613459694,0.0000137346287374,0.0000101032692328,0.00000575115291213,0.00000331589149027,0.00000271596331913,0.00000197617669073,0.00000151337133047,0.00000107908942937,0.00000106227525976,9.30189628434e-7,8.31058912354e-7,7.22457969005e-7,7.23717960227e-7],"median":[0.000147045328049,0.000548463547602,0.000577341532335,0.000230168021517,0.0000315686884278,0.0000303862980218,0.0000425911530328,0.0000278452662315,0.0000413993548136,0.0000437822563981,0.000043585205276,0.0000387711443182,0.0000278161223832,0.0000264181744569,0.0000253104208241,0.0000285432215605,0.0000549755350221,0.0000411674081988,0.0000209849131352,0.000019155213522,0.0000233168175328,0.0000208255678444,0.0000135422196763,0.00000754678512749,0.00000949196601141,0.00000996203652903,0.0000101971118056,0.0000089721297627,0.00000612063467997,0.00000287467742055,0.00000106902643893,9.19414674172e-7,7.2270944429e-7,4.96629183999e-7,3.54986838147e-7,3.36231067877e-7,3.35681846764e-7,2.5143222615e-7,2.07446120726e-7,1.84785463375e-7],"min":[1.06113673404e-9,3.66515900962e-10,1.69384367643e-10,1.99941146972e-10,1.84311385598e-10,1.2513007297e-10,6.80122416719e-11,3.39978878383e-11,5.72118324937e-11,4.44044800929e-11,1.63945593212e-11,2.00029940528e-11,1.36580347726e-11,1.10892406369e-11,7.61372475483e-12,7.89539093826e-12,9.19522270826e-12,6.57715765531e-12,7.91306777048e-12,6.18528232105e-12,6.43605828354e-12,5.52038319571e-12,6.96678305323e-12,7.71634839358e-12,6.27748330748e-12,2.22481755241e-12,1.8369205896e-12,2.20981284486e-12,1.79798884115e-12,3.82560563089e-12,2.23251712256e-12,3.43982221179e-12,2.88913901483e-12,2.6475857097e-12,1.78529023162e-12,1.99624973669e-12,3.20268963259e-12,2.13395707355e-12,2.54906252356e-12,3.52401289573e-12],"var":[9.2972169341e-7,0.00000108350343453,0.0000021691460006,3.61137296068e-7,5.23245624606e-8,2.81686123316e-8,3.57607596868e-8,3.43239250356e-8,5.84456572028e-8,3.43152315452e-8,5.9014208631e-8,6.01280234491e-8,1.00800605196e-7,9.62616439892e-8,2.60076298275e-8,2.2342637962e-8,1.75852420625e-7,8.05809108329e-8,1.15833884706e-8,1.46309702131e-8,6.68604061005e-9,1.8157161108e-8,4.59344962067e-9,2.78871059578e-9,1.15285503366e-9,9.35983845984e-10,4.14394352166e-10,2.78218476035e-10,1.63410188159e-10,6.249518264e-11,2.93803870122e-11,2.64222428659e-11,1.23412963876e-11,7.79686471636e-12,4.26599901238e-12,4.95890047775e-12,3.93937096485e-12,4.5001918858e-12,3.64663290883e-12,4.88065751009e-12]},"melbands_crest":{"dmean":3.24998426437,"dmean2":5.28989028931,"dvar":8.9052324295,"dvar2":23.4484500885,"max":35.6668052673,"mean":13.606388092,"median":13.1057872772,"min":3.12049150467,"var":25.3486938477},"melbands_flatness_db":{"dmean":0.0220537893474,"dmean2":0.0333406254649,"dvar":0.000466214871267,"dvar2":0.00106157246046,"max":0.552666723728,"mean":0.170207381248,"median":0.158672884107,"min":0.0245688483119,"var":0.00472362991422},"melbands_kurtosis":{"dmean":4.49695587158,"dmean2":7.03126764297,"dvar":102.083404541,"dvar2":236.030334473,"max":339.752655029,"mean":7.50045633316,"median":2.36635684967,"min":-1.83353364468,"var":319.733154297},"melbands_skewness":{"dmean":0.634955942631,"dmean2":0.969719409943,"dvar":0.465727478266,"dvar2":1.0702495575,"max":15.0912008286,"mean":1.8362711668,"median":1.58512413502,"min":-4.54490280151,"var":2.65162348747},"melbands_spread":{"dmean":8.35326290131,"dmean2":13.0521221161,"dvar":79.0665664673,"dvar2":180.820022583,"max":198.885345459,"mean":36.0236625671,"median":34.7127876282,"min":0.515856206417,"var":408.351837158},"mfcc":{"cov":[[20372.2363281,-265.905731201,-2353.50878906,567.159240723,222.182769775,162.885421753,-120.389358521,-91.702255249,193.412475586,63.0102844238,-321.388763428,-108.863693237,-27.9832401276],[-265.905731201,1262.27502441,-81.0752182007,60.0479888916,-89.9284439087,-40.6540985107,95.1465454102,-20.8558101654,-21.6717090607,26.0195178986,-45.0394439697,-17.9534130096,-54.5467796326],[-2353.50878906,-81.0752182007,1028.80053711,-46.043800354,4.5314245224,-5.22356891632,-75.1706008911,29.6150245667,-49.4002685547,-64.4245986938,38.6970863342,-5.79630184174,-1.37079906464],[567.159240723,60.0479888916,-46.043800354,284.944274902,105.618797302,34.2419166565,3.28103256226,25.4425125122,62.1669235229,21.073846817,-32.6525001526,10.8337516785,-10.8486061096],[222.182769775,-89.9284439087,4.5314245224,105.618797302,233.877151489,97.8849411011,4.80055809021,17.0518321991,46.2235069275,23.9602985382,-20.2028064728,-4.69239282608,-3.11401462555],[162.885421753,-40.6540985107,-5.22356891632,34.2419166565,97.8849411011,155.129425049,55.7818069458,9.29145336151,8.92183494568,17.8052043915,-4.46699380875,-15.8232927322,-5.31127548218],[-120.389358521,95.1465454102,-75.1706008911,3.28103256226,4.80055809021,55.7818069458,192.667907715,45.3086776733,6.93169784546,23.8434581757,-4.69121551514,-4.98622274399,1.11472392082],[-91.702255249,-20.8558101654,29.6150245667,25.4425125122,17.0518321991,9.29145336151,45.3086776733,115.976341248,46.0182304382,-5.45473337173,-9.7534942627,-0.48544460535,13.3902950287],[193.412475586,-21.6717090607,-49.4002685547,62.1669235229,46.2235069275,8.92183494568,6.93169784546,46.0182304382,102.286628723,34.2732200623,-10.7305631638,2.18890333176,-4.4547457695],[63.0102844238,26.0195178986,-64.4245986938,21.073846817,23.9602985382,17.8052043915,23.8434581757,-5.45473337173,34.2732200623,83.7616348267,23.2112464905,-0.0773027762771,-10.7524271011],[-321.388763428,-45.0394439697,38.6970863342,-32.6525001526,-20.2028064728,-4.46699380875,-4.69121551514,-9.7534942627,-10.7305631638,23.2112464905,79.2563781738,24.7484722137,1.57594323158],[-108.863693237,-17.9534130096,-5.79630184174,10.8337516785,-4.69239282608,-15.8232927322,-4.98622274399,-0.48544460535,2.18890333176,-0.0773027762771,24.7484722137,69.3059387207,28.8499069214],[-27.9832401276,-54.5467796326,-1.37079906464,-10.8486061096,-3.11401462555,-5.31127548218,1.11472392082,13.3902950287,-4.4547457695,-10.7524271011,1.57594323158,28.8499069214,80.9088668823]],"icov":[[0.0000781611888669,0.00003049422412,0.0001800248574,-0.000126462808112,0.0000460305345769,-0.000107532461698,0.000136939444928,0.0000130130720208,0.00000411946484746,0.000022508596885,0.000173845808604,0.0000960031175055,-0.0000100430825114],[0.00003049422412,0.000978669268079,0.000037378835259,-0.000397787662223,0.00046891529928,0.00025830353843,-0.000502131297253,0.000182377014426,0.000447790633189,-0.000584849214647,0.000897331396118,-0.000170563158463,0.000619647791609],[0.0001800248574,0.000037378835259,0.00156514067203,-0.000235328654526,-0.000143221986946,-0.000334833137458,0.000851520802826,-0.000727913109586,0.000570616102777,0.000876808189787,-0.000562261324376,0.000563226523809,0.000121732999105],[-0.000126462808112,-0.000397787662223,-0.000235328654526,0.00524538150057,-0.00189532898366,0.0000322491687257,0.000146818449139,-0.000353795738192,-0.00175852654502,-0.000401204277296,0.00155376223847,-0.00215385179035,0.000960718665738],[0.0000460305345769,0.00046891529928,-0.000143221986946,-0.00189532898366,0.00773220835254,-0.00457620387897,0.00114718603436,0.0000225711664825,-0.00143413583282,-0.00132239621598,0.00190171133727,-0.000582995999139,-0.0000307221198454],[-0.000107532461698,0.00025830353843,-0.000334833137458,0.0000322491687257,-0.00457620387897,0.0108784036711,-0.00349505548365,0.000703501631506,0.00103576376569,-0.000321842351696,-0.001260068384,0.0022793430835,-0.00016863924975],[0.000136939444928,-0.000502131297253,0.000851520802826,0.000146818449139,0.00114718603436,-0.00349505548365,0.00808131601661,-0.00414408929646,0.00209926767275,-0.00267349998467,0.00122232560534,-0.000570357602555,0.0000720222160453],[0.0000130130720208,0.000182377014426,-0.000727913109586,-0.000353795738192,0.0000225711664825,0.000703501631506,-0.00414408929646,0.0141436913982,-0.00810766685754,0.00468622706831,-0.00105616520159,0.00174323876854,-0.00259356969036],[0.00000411946484746,0.000447790633189,0.000570616102777,-0.00175852654502,-0.00143413583282,0.00103576376569,0.00209926767275,-0.00810766685754,0.0186876188964,-0.00863503199071,0.00375527585857,-0.00207411707379,0.00195066048764],[0.000022508596885,-0.000584849214647,0.000876808189787,-0.000401204277296,-0.00132239621598,-0.000321842351696,-0.00267349998467,0.00468622706831,-0.00863503199071,0.0204002670944,-0.00889946427196,0.00315011828206,0.000049567915994],[0.000173845808604,0.000897331396118,-0.000562261324376,0.00155376223847,0.00190171133727,-0.001260068384,0.00122232560534,-0.00105616520159,0.00375527585857,-0.00889946427196,0.0208326969296,-0.00854502618313,0.00267753005028],[0.0000960031175055,-0.000170563158463,0.000563226523809,-0.00215385179035,-0.000582995999139,0.0022793430835,-0.000570357602555,0.00174323876854,-0.00207411707379,0.00315011828206,-0.00854502618313,0.0217361021787,-0.0077941226773],[-0.0000100430825114,0.000619647791609,0.000121732999105,0.000960718665738,-0.0000307221198454,-0.00016863924975,0.0000720222160453,-0.00259356969036,0.00195066048764,0.000049567915994,0.00267753005028,-0.0077941226773,0.0161617379636]],"mean":[-677.883422852,108.205574036,-20.3257904053,23.1551551819,7.46843767166,9.07127761841,10.5558414459,1.04876196384,4.36458015442,7.0311126709,-2.30908250809,-2.21364164352,-5.35662794113]},"pitch_salience":{"dmean":0.0692253187299,"dmean2":0.112757459283,"dvar":0.0038641365245,"dvar2":0.0102753983811,"max":0.868942081928,"mean":0.567708611488,"median":0.565954685211,"min":0.103492088616,"var":0.0101258736104},"silence_rate_20dB":{"dmean":0,"dmean2":0,"dvar":0,"dvar2":0,"max":1,"mean":1,"median":1,"min":1,"var":0},"silence_rate_30dB":{"dmean":0,"dmean2":0,"dvar":0,"dvar2":0,"max":1,"mean":1,"median":1,"min":1,"var":0},"silence_rate_60dB":{"dmean":0.029517762363,"dmean2":0.0590405911207,"dvar":0.0286511611193,"dvar2":0.0632723048329,"max":1,"mean":0.185585588217,"median":0,"min":0,"var":0.151136770844},"spectral_centroid":{"dmean":226.723205566,"dmean2":351.936096191,"dvar":51128.90625,"dvar2":118094.304688,"max":4204.76904297,"mean":1774.55517578,"median":1847.18505859,"min":140.851867676,"var":433934.90625},"spectral_complexity":{"dmean":3.8230650425,"dmean2":5.56251621246,"dvar":18.7324619293,"dvar2":32.6401748657,"max":62,"mean":22.3450012207,"median":23,"min":0,"var":216.28086853},"spectral_contrast_coeffs":{"dmean":[0.0513511262834,0.0445255748928,0.0382498912513,0.031316652894,0.0208008103073,0.0159439519048],"dmean2":[0.08430621773,0.0741922184825,0.0620245821774,0.0509788803756,0.033768106252,0.0251908134669],"dvar":[0.00198126607575,0.00132960185874,0.0010194608476,0.000713058048859,0.000305094348732,0.000207543635042],"dvar2":[0.00528303021565,0.00362795591354,0.00258095934987,0.00174153060652,0.000755827582907,0.00047836403246],"max":[-0.318537324667,-0.425935447216,-0.452692270279,-0.514954447746,-0.567787230015,-0.605041980743],"mean":[-0.640002965927,-0.775612473488,-0.779846787453,-0.772730469704,-0.801198959351,-0.772226154804],"median":[-0.631709754467,-0.784117460251,-0.786787748337,-0.77607524395,-0.800729990005,-0.763710379601],"min":[-0.935005903244,-0.959718108177,-0.951333999634,-0.941810727119,-0.933661103249,-0.908836781979],"var":[0.00826451648027,0.00472602620721,0.00472275400534,0.00456502614543,0.00229357904755,0.00241066585295]},"spectral_contrast_valleys":{"dmean":[0.404849052429,0.394149124622,0.339584350586,0.289552569389,0.233803480864,0.25470712781],"dmean2":[0.648478507996,0.651342689991,0.533117294312,0.444701939821,0.34614983201,0.293662160635],"dvar":[0.119623377919,0.144284442067,0.0916920527816,0.0768774673343,0.0701428875327,0.0946630686522],"dvar2":[0.27999985218,0.331151276827,0.201002091169,0.152674734592,0.128974035382,0.133997902274],"max":[-5.31360960007,-4.68358898163,-5.36267900467,-5.46842384338,-5.61642408371,-7.62923908234],"mean":[-7.91709184647,-7.43550443649,-7.57798480988,-7.74058866501,-7.5436463356,-10.4651794434],"median":[-7.59709739685,-7.06046009064,-7.13754367828,-7.19728565216,-6.91705179214,-10.0396213531],"min":[-13.4586706161,-13.5812358856,-14.9667434692,-14.9170770645,-14.2769517899,-15.7103977203],"var":[1.7557040453,1.99217844009,2.07291173935,2.40193676949,2.5471842289,1.99049699306]},"spectral_decrease":{"dmean":1.3148656608e-9,"dmean2":1.97323379858e-9,"dvar":3.12554537151e-18,"dvar2":6.90926264e-18,"max":-1.07934249036e-14,"mean":-4.5855546027e-9,"median":-4.16074907861e-9,"min":-2.48681981674e-8,"var":1.34567503945e-17},"spectral_energy":{"dmean":0.00537289492786,"dmean2":0.00802002940327,"dvar":0.0000517808221048,"dvar2":0.000112853434985,"max":0.0985595658422,"mean":0.0193818807602,"median":0.0176696013659,"min":4.53246506993e-8,"var":0.000238006818108},"spectral_energyband_high":{"dmean":0.000269925862085,"dmean2":0.000362835213309,"dvar":1.90859054783e-7,"dvar2":3.57027232667e-7,"max":0.0171607248485,"mean":0.000867873022798,"median":0.000535508268513,"min":3.11922931928e-9,"var":0.00000124895518638},"spectral_energyband_low":{"dmean":0.00230830139481,"dmean2":0.00346040236764,"dvar":0.0000149473171405,"dvar2":0.0000315258985211,"max":0.0596881732345,"mean":0.00570869445801,"median":0.00326576479711,"min":1.48049483784e-8,"var":0.0000463772303192},"spectral_energyband_middle_high":{"dmean":0.00264917640015,"dmean2":0.00397025980055,"dvar":0.0000183093943633,"dvar2":0.0000385119165003,"max":0.0661779791117,"mean":0.00822431501001,"median":0.00565378321335,"min":1.38369571356e-9,"var":0.0000812427897472},"spectral_energyband_middle_low":{"dmean":0.0026835531462,"dmean2":0.00434526661411,"dvar":0.0000188550893654,"dvar2":0.000050763701438,"max":0.0530185066164,"mean":0.00643413187936,"median":0.00481740152463,"min":1.27266384098e-8,"var":0.000040891180106},"spectral_entropy":{"dmean":0.120624542236,"dmean2":0.172923654318,"dvar":0.0162382852286,"dvar2":0.0319718979299,"max":8.88224029541,"mean":7.68940114975,"median":7.76007699966,"min":4.96368694305,"var":0.214532181621},"spectral_flux":{"dmean":0.0167978797108,"dmean2":0.0259416047484,"dvar":0.00039983127499,"dvar2":0.000876974721905,"max":0.284740924835,"mean":0.0693277344108,"median":0.068393073976,"min":0.000145617959788,"var":0.00181795482058},"spectral_kurtosis":{"dmean":1.29980003834,"dmean2":2.14494538307,"dvar":2.70958447456,"dvar2":7.39425754547,"max":63.3952102661,"mean":5.71160316467,"median":4.78197956085,"min":-1.08196115494,"var":22.8152542114},"spectral_rms":{"dmean":0.000575993093662,"dmean2":0.000832923920825,"dvar":4.68415095156e-7,"dvar2":9.35154957915e-7,"max":0.00980590004474,"mean":0.00384200131521,"median":0.00415194360539,"min":0.00000664974959363,"var":0.00000414820897277},"spectral_rolloff":{"dmean":505.344085693,"dmean2":825.855224609,"dvar":1021018.125,"dvar2":2327650.75,"max":17829.4921875,"mean":2211.48583984,"median":1873.38867188,"min":21.533203125,"var":4121861.5},"spectral_skewness":{"dmean":0.175907179713,"dmean2":0.2797742486,"dvar":0.0309170894325,"dvar2":0.0771502107382,"max":6.68676567078,"mean":1.59508061409,"median":1.47091424465,"min":0.174411311746,"var":0.371828168631},"spectral_spread":{"dmean":464166.84375,"dmean2":634047.9375,"dvar":360207810560,"dvar2":653295812608,"max":15751676,"mean":4331936.5,"median":3932907,"min":1209521.125,"var":2959739191300},"spectral_strongpeak":{"dmean":0.715409457684,"dmean2":1.19238054752,"dvar":2.01183176041,"dvar2":4.83180856705,"max":18.1075973511,"mean":1.24365150928,"median":0.458779901266,"min":0,"var":4.23004198074},"zerocrossingrate":{"dmean":0.0102854976431,"dmean2":0.0117766167969,"dvar":0.000167250575032,"dvar2":0.000192619976588,"max":0.416015625,"mean":0.080662176013,"median":0.07373046875,"min":0,"var":0.00212195632048}},"metadata":{"audio_properties":{"analysis_sample_rate":44100,"bit_rate":0,"codec":"flac","downmix":"mix","equal_loudness":0,"length":270.600006104,"lossless":true,"md5_encoded":"b0950b95b5855d20113c383aa91ddff1","replay_gain":-9.28949165344,"sample_rate":44100},"tags":{"album":["Boxed Set"],"albumartist":["Led Zeppelin"],"albumartistsort":["Led Zeppelin"],"artist":["Led Zeppelin"],"artistsort":["Led Zeppelin"],"asin":["B000002IQ1"],"barcode":["075678214424"],"catalognumber":["7 82144-2"],"date":["1990-10-08"],"discnumber":["4"],"disctotal":["4"],"file_name":"04-03 The Ocean.flac","genre":["Hard rock / Heavy metal / Blues-rock / Folk rock"],"label":["Atlantic"],"media":["CD"],"musicbrainz_albumartistid":["678d88b2-87b0-403b-b63d-5da7465aecc3"],"musicbrainz_albumid":["e53120aa-ef15-491d-ad39-8ef159a6ca6b"],"musicbrainz_artistid":["678d88b2-87b0-403b-b63d-5da7465aecc3"],"musicbrainz_recordingid":["9868d850-a37b-4e03-b097-8e2b5d26429c"],"musicbrainz_releasegroupid":["92d5e425-6dff-34d7-8edf-0c82156b46b0"],"originaldate":["1990-10-08"],"releasecountry":["US"],"releasestatus":["official"],"releasetype":["album","compilation"],"script":["Latn"],"title":["The Ocean"],"totaldiscs":["4"],"totaltracks":["14"],"tracknumber":["3"],"tracktotal":["14"]},"version":{"essentia":"2.1-beta1","essentia_build_sha":"ca57ba49d9b1854bd80e60cf9ccf267278fb7d6b","essentia_git_sha":"v2.1_beta1-28-g21ef5f4-dirty","extractor":"music 1.0"}},"rhythm":{"beats_count":482,"beats_loudness":{"dmean":0.0118346549571,"dmean2":0.0204370487481,"dvar":0.000129238163936,"dvar2":0.000355762225809,"max":0.0977183505893,"mean":0.0275509152561,"median":0.027163496241,"min":2.55809084138e-7,"var":0.000296094745863},"beats_loudness_band_ratio":{"dmean":[0.290665030479,0.0764692649245,0.0944189354777,0.14312645793,0.105899848044,0.068793438375],"dmean2":[0.537146270275,0.1354136765,0.16