{"lowlevel":{"average_loudness":0.920411109924,"barkbands":{"dmean":[0.0147044360638,0.0303102768958,0.0059026312083,0.00182486197446,0.00199634768069,0.00208016578108,0.000881491345353,0.000499572546687,0.000636200304143,0.000710670719855,0.000503279617988,0.000311169249471,0.000341106700944,0.000288037932478,0.000264311674982,0.000173004533281,0.000144430334331,0.000202847397304,0.000163756354596,0.000100747172837,0.0000592985052208,0.0000248771557381,0.0000127692237584,0.00000565564096178,0.00000473866884931,0.00000466794199383,0.0000143888628372],"dmean2":[0.0234627500176,0.0507674738765,0.0101251238957,0.00314082019031,0.00340247666463,0.00339201814495,0.00143885647412,0.000812304089777,0.00103589158971,0.00114580069203,0.000822173547931,0.000516932574101,0.000565946451388,0.000487373385113,0.000437572278315,0.000285552960122,0.000238639957388,0.000321559316944,0.000263054709649,0.000154724912136,0.0000871208612807,0.0000367293287127,0.0000191550752788,0.00000909328991838,0.00000776767865318,0.00000762749778005,0.0000214931897062],"dvar":[0.000933479517698,0.00254902918823,0.000060665406636,0.00000788983197708,0.00000900106897461,0.0000142160133692,0.00000592791911913,0.00000179477081019,0.00000185967303423,0.00000163909874118,6.57223893086e-7,3.44601318147e-7,4.88295711421e-7,1.7077395853e-7,1.9039264032e-7,6.43279491896e-8,5.66957787385e-8,2.3130660054e-7,2.52274162449e-7,9.27175989318e-8,3.51371554075e-8,5.00393637637e-9,1.20823751004e-9,6.63311697235e-11,4.13070168348e-11,3.81498339863e-11,4.13720280257e-10],"dvar2":[0.00226214528084,0.00699145393446,0.000162214215379,0.0000211130973184,0.0000246561266977,0.0000357238750439,0.0000138241694003,0.00000413927227783,0.00000446675358035,0.0000041596781557,0.00000161696868872,8.72753275871e-7,0.00000123415975395,4.56964471596e-7,4.94263076689e-7,1.62611513588e-7,1.39693256074e-7,5.00373687373e-7,5.89833462072e-7,1.68332306316e-7,6.99047504327e-8,9.82919701187e-9,2.47978548806e-9,1.53190432561e-10,1.05350450585e-10,9.79771888621e-11,8.6436308111e-10],"max":[0.313292384148,0.438851058483,0.125749185681,0.051880095154,0.0488246716559,0.102741502225,0.0773131102324,0.036594260484,0.0337709970772,0.0272218585014,0.0150123890489,0.0217028297484,0.0275383852422,0.00977442041039,0.00810333807021,0.00896161142737,0.00574075616896,0.0168012790382,0.0122982766479,0.0117838419974,0.00759186083451,0.00304796965793,0.00174983241595,0.000240155524807,0.0000678080905345,0.0000661909434712,0.000571245560423],"mean":[0.0175164248794,0.0459314063191,0.00752678373829,0.00218487670645,0.0030406541191,0.0034212837927,0.00139438465703,0.0007525315159,0.00107587233651,0.0012413704535,0.000887749542017,0.00054696679581,0.000590303039644,0.00054800597718,0.000510854006279,0.000336875324138,0.000275970582152,0.000391305831727,0.000322359119309,0.000217734675971,0.000122969111544,0.0000522115587955,0.000023396945835,0.00000693669653629,0.00000500146279592,0.00000521434594702,0.0000483525909658],"median":[0.00838366802782,0.0301193855703,0.00462161004543,0.00118069141172,0.001928230864,0.00175143429078,0.000446391029982,0.000321480707498,0.000538241351023,0.000629111775197,0.000463310803752,0.000361509853974,0.000355593540007,0.0004098667996,0.000328386580804,0.000253865378909,0.000199401387363,0.000233785234741,0.000194630963961,0.000127016275655,0.0000693905603839,0.000030078128475,0.0000119186752272,0.00000337062874678,0.00000228194994634,0.00000260463548329,0.0000384547747672],"min":[3.2428822258e-23,2.81421331663e-23,1.35879618539e-23,2.49346073708e-23,9.77621877651e-23,7.38169650085e-23,7.02999580357e-23,7.12474746462e-23,3.206664675e-23,2.26435596645e-23,3.26559006027e-23,7.6091377216e-23,1.41249218016e-22,1.04374609199e-22,1.71893599041e-22,2.38267295377e-22,1.48746615168e-22,2.45013078481e-22,2.30538427503e-22,3.36034247862e-22,3.80544834604e-22,4.54744308799e-22,5.98949495913e-22,9.27014405853e-22,1.21313862331e-21,1.54164999066e-21,2.55411946432e-21],"var":[0.00097684294451,0.00267848628573,0.0000806843308965,0.0000104076871139,0.0000131401648105,0.0000251411929639,0.0000137211936817,0.00000317685430673,0.00000362594118997,0.00000333446382683,0.00000153046619289,6.23603568783e-7,9.42542556004e-7,3.39936121918e-7,4.28932622754e-7,1.50136827415e-7,1.16583088072e-7,5.41933729892e-7,5.09889162004e-7,2.50264406532e-7,8.09379727684e-8,1.34464768209e-8,3.28895000123e-9,1.18722906506e-10,5.05723657396e-11,4.86313628256e-11,2.62455346345e-9]},"barkbands_crest":{"dmean":3.3920147419,"dmean2":5.43225336075,"dvar":7.99271011353,"dvar2":20.345205307,"max":26.2282810211,"mean":13.8783769608,"median":13.6335258484,"min":3.20239400864,"var":25.2874832153},"barkbands_flatness_db":{"dmean":0.0371538922191,"dmean2":0.0597364082932,"dvar":0.00116475310642,"dvar2":0.00308104907162,"max":0.496948421001,"mean":0.188070058823,"median":0.177038401365,"min":0.0579948276281,"var":0.00391249731183},"barkbands_kurtosis":{"dmean":13.1991834641,"dmean2":21.8928451538,"dvar":766.280944824,"dvar2":2027.07385254,"max":699.020996094,"mean":20.424539566,"median":8.84177780151,"min":-1.87978279591,"var":1292.83764648},"barkbands_skewness":{"dmean":1.07955741882,"dmean2":1.72384119034,"dvar":1.51392459869,"dvar2":3.86151051521,"max":23.2663078308,"mean":3.30695366859,"median":2.82460689545,"min":-4.03618431091,"var":4.8757443428},"barkbands_spread":{"dmean":4.46398544312,"dmean2":7.13266324997,"dvar":28.4129714966,"dvar2":66.1704330444,"max":137.159988403,"mean":12.8815336227,"median":10.9523582458,"min":0.126284793019,"var":117.497322083},"dissonance":{"dmean":0.0156071539968,"dmean2":0.0266242753714,"dvar":0.000252262834692,"dvar2":0.000708090141416,"max":0.500000059605,"mean":0.474522650242,"median":0.480478525162,"min":0.319566428661,"var":0.000472593819723},"dynamic_complexity":3.42064094543,"erbbands":{"dmean":[1.58995759487,4.60332536697,6.73958396912,6.25805330276,4.45888471603,8.39812088013,15.5340614319,15.554848671,10.4211683273,15.6574230194,10.0233354568,13.3864650726,23.1775054932,17.8968276978,19.4049053192,12.6909885406,14.8099956512,14.8758382797,13.0280723572,11.3489751816,8.22365951538,7.90175151825,10.5960988998,9.79803466797,6.45502662659,4.77222537994,3.39472293854,1.59748351574,0.938254833221,0.603124380112,0.33749756217,0.152760520577,0.081305757165,0.0538344830275,0.033295288682,0.0183976888657,0.00866892654449,0.00363546353765,0.00158467749134,0.000308689486701],"dmean2":[2.70758414268,7.52799797058,11.4529895782,10.8100404739,7.58290100098,14.3480587006,25.8079242706,25.25415802,17.4145908356,24.9720668793,16.3104705811,21.5313796997,37.7792472839,28.9275436401,31.5710639954,21.0276374817,24.5187301636,24.8587856293,21.8395309448,18.664850235,13.5931777954,12.9499731064,16.9576931,15.4519853592,10.2234554291,7.321393013,5.02674865723,2.31847047806,1.38351392746,0.893628656864,0.510909438133,0.235042721033,0.132297486067,0.0881921947002,0.0545600838959,0.0301302950829,0.0141620263457,0.00578636536375,0.00238560675643,0.000459934206447],"dvar":[9.66429328918,36.7854232788,79.9723434448,70.3106613159,56.4251327515,186.056442261,501.04397583,1204.30725098,746.995239258,2436.14990234,739.090270996,817.208129883,1819.39477539,1000.27911377,1021.40344238,697.887512207,1156.02392578,518.111694336,349.614379883,341.207611084,124.717285156,181.053268433,527.151916504,810.582824707,498.058746338,223.613128662,126.157539368,22.7961559296,6.12018108368,4.19626617432,0.777574121952,0.0682513043284,0.0120681421831,0.00533362012357,0.00203190837055,0.000609908311162,0.000130492771859,0.0000217134274862,0.00000474435000797,1.99250152377e-7],"dvar2":[26.6565971375,99.8163604736,208.479263306,194.679962158,151.783706665,507.74822998,1302.10913086,2991.40673828,1917.75549316,5728.87841797,1680.78686523,1903.35620117,4700.18408203,2501.16430664,2421.56152344,1726.30358887,2900.21508789,1348.60766602,923.153625488,860.22644043,321.50793457,438.376251221,1170.06323242,1832.93823242,1103.05419922,416.486938477,243.812820435,42.5589866638,11.0962247849,9.20343399048,1.61806976795,0.127355590463,0.0301849823445,0.0135849816725,0.00518586020917,0.00156060489826,0.000335179036483,0.0000523298076587,0.000010175764146,4.27121136681e-7],"max":[27.6932220459,55.167388916,132.354873657,109.285324097,119.380187988,268.951263428,414.221038818,1001.012146,686.834838867,1352.74316406,1064.83862305,757.70324707,823.963989258,956.947753906,758.822570801,1074.06066895,1460.27380371,579.390258789,362.934448242,469.713165283,250.0625,333.990142822,573.060424805,976.288879395,638.024536133,628.485046387,521.205932617,177.542984009,83.4534606934,121.32056427,44.1694450378,8.99557304382,1.84780919552,0.767428994179,0.477340549231,0.263392835855,0.122577443719,0.0862662047148,0.0535193160176,0.0123727368191],"mean":[2.15123581886,7.15785837173,9.6088514328,8.38580703735,5.9268951416,11.9270782471,24.5036182404,25.2981071472,16.385307312,24.6502609253,16.8165493011,23.6855621338,40.3941993713,32.5142745972,35.7688713074,23.9878063202,26.9247379303,29.0428638458,27.4292011261,23.4941387177,17.3418598175,16.4893455505,20.9102058411,18.9973068237,13.3988056183,10.2859506607,7.12185049057,3.42955899239,2.00334692001,1.17364990711,0.609054505825,0.222386106849,0.0897361710668,0.057094335556,0.0352052114904,0.0198440272361,0.00985796470195,0.00555215962231,0.00422017928213,0.00113888969645],"median":[1.109354496,5.11736631393,6.17895364761,5.1817741394,3.55282831192,6.74175596237,14.5208110809,11.7136688232,6.40689134598,6.98915672302,8.42134094238,12.5069084167,18.6279678345,19.3600654602,20.0160484314,15.983127594,16.8277263641,21.280090332,20.1890640259,15.7044391632,14.099609375,12.3419799805,13.0515289307,11.2199859619,8.01231193542,6.12470722198,3.99356722832,1.9493701458,1.17045450211,0.613670349121,0.306983828545,0.116216897964,0.0412551984191,0.0259194336832,0.0161127857864,0.0093642808497,0.00502513023093,0.00366894085892,0.00337940640748,0.000910775735974],"min":[1.11704067331e-21,5.19726949272e-21,1.53637101931e-20,5.94451343883e-20,2.52159082099e-19,2.97542708298e-19,1.47596680131e-19,9.21887829607e-19,1.2875167564e-18,1.07457368676e-18,1.24881545708e-18,7.60096316574e-19,4.42472506436e-19,8.41022549526e-19,2.28974140107e-18,3.4813488402e-18,5.39069097066e-18,6.63088658538e-18,8.17655710518e-18,1.02897529345e-17,1.18274494332e-17,8.97183749741e-18,9.67996944902e-18,1.27009670493e-17,1.44410762983e-17,1.83984142278e-17,1.40483673394e-17,1.58919213142e-17,1.49119736774e-17,1.61844752445e-17,1.66789869757e-17,1.91032730258e-17,1.60006657862e-17,1.15490932309e-17,9.86585678499e-18,5.45776621936e-18,2.75327935428e-18,1.40606497307e-18,3.82103159272e-19,3.79463516077e-20],"var":[8.66270065308,51.0346488953,113.34703064,97.1200485229,63.677936554,275.562805176,922.450378418,1970.44116211,1326.25012207,5426.61083984,1259.22387695,1767.62365723,3848.20458984,1920.26037598,2601.94262695,1316.97729492,2251.4753418,1059.40637207,893.41595459,843.41027832,286.637817383,402.164459229,1286.14819336,1656.95141602,1042.70068359,568.012756348,306.709533691,58.7829475403,17.9284515381,9.41440105438,2.27347421646,0.178112655878,0.0163830257952,0.00655223429203,0.00249476917088,0.000757839530706,0.000167692793184,0.0000426295191573,0.0000195587635972,0.00000136134701734]},"erbbands_crest":{"dmean":2.31279945374,"dmean2":3.83392882347,"dvar":4.62458276749,"dvar2":12.0291719437,"max":24.8343544006,"mean":7.33188581467,"median":6.54505825043,"min":1.99882936478,"var":10.2297697067},"erbbands_flatness_db":{"dmean":0.0221974439919,"dmean2":0.0356119275093,"dvar":0.000375535950297,"dvar2":0.000962754769716,"max":0.311850637197,"mean":0.141751796007,"median":0.140123873949,"min":0.0349503643811,"var":0.00101981498301},"erbbands_kurtosis":{"dmean":0.750906467438,"dmean2":1.21964025497,"dvar":1.62241065502,"dvar2":4.08805894852,"max":32.5952644348,"mean":0.100769147277,"median":-0.294571638107,"min":-1.8248244524,"var":3.16312670708},"erbbands_skewness":{"dmean":0.326055645943,"dmean2":0.510305225849,"dvar":0.102391548455,"dvar2":0.240570232272,"max":5.20983219147,"mean":0.0433422662318,"median":0.0171576496214,"min":-4.60763788223,"var":0.506656825542},"erbbands_spread":{"dmean":7.68032741547,"dmean2":12.3821525574,"dvar":55.8128433228,"dvar2":143.288543701,"max":200.100189209,"mean":38.7685089111,"median":36.6207122803,"min":4.94102859497,"var":267.570495605},"gfcc":{"cov":[[13065.3623047,603.998901367,-1757.55773926,26.7304897308,-0.553424656391,-649.646728516,507.793273926,-358.828369141,305.597686768,-123.620628357,231.836303711,127.54535675,164.810791016],[603.998901367,699.574279785,-135.475112915,-170.972808838,43.8731460571,-85.3855361938,67.2700042725,-83.1181945801,65.9661026001,3.92456769943,41.2400474548,12.2411346436,59.4082870483],[-1757.55773926,-135.475112915,613.965820312,-14.8509016037,-61.7437782288,243.384124756,-184.648147583,162.315505981,-98.4404983521,90.3305664062,-39.6373748779,3.54447650909,-32.6050186157],[26.7304897308,-170.972808838,-14.8509016037,385.851654053,101.075469971,-0.208216264844,102.342544556,-31.1359767914,21.0624713898,-52.9280700684,5.99832439423,7.33884859085,-22.941576004],[-0.553424656391,43.8731460571,-61.7437782288,101.075469971,165.790466309,15.6114006042,63.4295463562,-26.5743236542,5.57455539703,-23.6244716644,15.2478284836,-5.99107980728,11.504817009],[-649.646728516,-85.3855361938,243.384124756,-0.208216264844,15.6114006042,204.786880493,-64.6738433838,78.6371002197,-55.7041931152,36.164855957,-22.8810195923,12.6685857773,-11.7991256714],[507.793273926,67.2700042725,-184.648147583,102.342544556,63.4295463562,-64.6738433838,178.753738403,-53.5388031006,75.9112930298,-43.4616851807,35.6241264343,9.05139255524,14.3643188477],[-358.828369141,-83.1181945801,162.315505981,-31.1359767914,-26.5743236542,78.6371002197,-53.5388031006,132.429580688,-20.0961608887,49.0189590454,-12.8454303741,-2.56201767921,-7.23541355133],[305.597686768,65.9661026001,-98.4404983521,21.0624713898,5.57455539703,-55.7041931152,75.9112930298,-20.0961608887,106.498939514,2.16091251373,30.9000663757,7.4441151619,2.42163681984],[-123.620628357,3.92456769943,90.3305664062,-52.9280700684,-23.6244716644,36.164855957,-43.4616851807,49.0189590454,2.16091251373,80.2123336792,19.4832801819,9.01328277588,9.51805019379],[231.836303711,41.2400474548,-39.6373748779,5.99832439423,15.2478284836,-22.8810195923,35.6241264343,-12.8454303741,30.9000663757,19.4832801819,64.6533660889,31.5293636322,13.16410923],[127.54535675,12.2411346436,3.54447650909,7.33884859085,-5.99107980728,12.6685857773,9.05139255524,-2.56201767921,7.4441151619,9.01328277588,31.5293636322,54.2635421753,28.3027019501],[164.810791016,59.4082870483,-32.6050186157,-22.941576004,11.504817009,-11.7991256714,14.3643188477,-7.23541355133,2.42163681984,9.51805019379,13.16410923,28.3027019501,62.5485496521]],"icov":[[0.000145838246681,-0.000118902789836,0.000584501307458,-0.000182617484825,0.000311792187858,-0.000171522144228,0.0000837759143906,-0.000201732094865,0.000109296561277,-0.000136615315569,-0.000242718524532,-0.000102741701994,-0.0000517839398526],[-0.000118902789836,0.00244455365464,-0.00128572061658,0.00187261949759,-0.00162978039589,0.00101162295323,-0.00107812636998,0.00172984646633,-0.00111265957821,-0.000135594498715,0.000434562272858,-0.000142927907291,-0.00101667281706],[0.000584501307458,-0.00128572061658,0.00767324259505,-0.00272376323119,0.00338778481819,-0.00532950693741,0.00369690568186,-0.00335887447,0.00113789213356,-0.00161517981905,-0.00228401180357,0.00105467950925,0.000021069912691],[-0.000182617484825,0.00187261949759,-0.00272376323119,0.00587019650266,-0.00415282603353,0.00248505268246,-0.0038009302225,0.00165941833984,-0.000442681863206,0.000548735202756,0.0030649069231,-0.00429292721674,0.0029643937014],[0.000311792187858,-0.00162978039589,0.00338778481819,-0.00415282603353,0.012460523285,-0.00621865224093,0.000283745466731,-0.00061788567109,0.0016154977493,0.00254078558646,-0.00821055658162,0.00989442877471,-0.00583074893802],[-0.000171522144228,0.00101162295323,-0.00532950693741,0.00248505268246,-0.00621865224093,0.0143317664042,-0.0035380711779,-0.00107853452209,0.00273482687771,-0.00389233068563,0.00891608092934,-0.0112788351253,0.00587305799127],[0.0000837759143906,-0.00107812636998,0.00369690568186,-0.0038009302225,0.000283745466731,-0.0035380711779,0.0165454689413,-0.00187562697101,-0.00748285325244,0.00745271705091,-0.00810222886503,0.0054300762713,-0.00499622896314],[-0.000201732094865,0.00172984646633,-0.00335887447,0.00165941833984,-0.00061788567109,-0.00107853452209,-0.00187562697101,0.0147179542109,-0.00120178249199,-0.00602632481605,0.00323583954014,0.000678334268741,-0.000234651131905],[0.000109296561277,-0.00111265957821,0.00113789213356,-0.000442681863206,0.0016154977493,0.00273482687771,-0.00748285325244,-0.00120178249199,0.017798576504,-0.00595346931368,-0.000823415291961,-0.00265773083083,0.00459052389488],[-0.000136615315569,-0.000135594498715,-0.00161517981905,0.000548735202756,0.00254078558646,-0.00389233068563,0.00745271705091,-0.00602632481605,-0.00595346931368,0.0288310535252,-0.0169396791607,0.0107145989314,-0.00920198950917],[-0.000242718524532,0.000434562272858,-0.00228401180357,0.0030649069231,-0.00821055658162,0.00891608092934,-0.00810222886503,0.00323583954014,-0.000823415291961,-0.0169396791607,0.0417342372239,-0.029180297628,0.012617431581],[-0.000102741701994,-0.000142927907291,0.00105467950925,-0.00429292721674,0.00989442877471,-0.0112788351253,0.0054300762713,0.000678334268741,-0.00265773083083,0.0107145989314,-0.029180297628,0.0499878786504,-0.0237397253513],[-0.0000517839398526,-0.00101667281706,0.000021069912691,0.0029643937014,-0.00583074893802,0.00587305799127,-0.00499622896314,-0.000234651131905,0.00459052389488,-0.00920198950917,0.012617431581,-0.0237397253513,0.030797611922]],"mean":[-2.4439291954,120.050865173,-98.2071533203,26.8415298462,-15.6878681183,0.273797571659,-3.72886896133,-2.64530563354,-8.56110477448,-0.491878211498,-4.92425727844,2.72182583809,-2.41402387619]},"hfc":{"dmean":4.58795309067,"dmean2":7.0213675499,"dvar":32.8432731628,"dvar2":67.0801010132,"max":115.242645264,"mean":19.6611423492,"median":18.3829650879,"min":1.19346862859e-16,"var":183.350082397},"melbands":{"dmean":[0.0112981703132,0.00389660475776,0.000992637942545,0.000421313539846,0.000488692661747,0.000353389099473,0.000164279597811,0.000155375950271,0.0000858416169649,0.0000886398483999,0.000116761810204,0.0000747226222302,0.0000677765201544,0.0000397225412598,0.000033876109228,0.0000326105910062,0.000029077698855,0.0000224165123655,0.000020888297513,0.0000136115586429,0.00000979075048235,0.00000859307328938,0.0000106252145997,0.00000966817333392,0.00000858757175592,0.00000609521293882,0.00000400264616474,0.00000334048968398,0.00000263413426183,0.00000143396937347,8.37121547193e-7,5.76495096993e-7,4.7343317533e-7,3.07518718046e-7,2.16979245238e-7,1.39607180927e-7,7.9091584837e-8,5.77423513448e-8,4.99779240215e-8,4.38698855021e-8],"dmean2":[0.018931966275,0.00650821952149,0.00170428398997,0.000720982614439,0.000811534002423,0.000571977114305,0.000270596850896,0.000247404590482,0.000139374722494,0.000143499710248,0.000190490245586,0.000121101671539,0.000110756176582,0.0000651160007692,0.0000559528380109,0.0000542878951819,0.0000489018093504,0.0000378433142032,0.0000347433597199,0.0000224765572057,0.0000162647320394,0.0000141979380714,0.0000175229615706,0.0000153797809617,0.0000137551387525,0.00000983682821243,0.00000629698206467,0.00000519467266713,0.00000400508179155,0.00000215227214539,0.00000126813461065,8.72892712778e-7,7.07923561549e-7,4.69357615884e-7,3.33763722438e-7,2.10631426967e-7,1.26305863546e-7,9.4191484834e-8,8.17979923795e-8,7.18982704484e-8],"dvar":[0.000434725370724,0.0000212713057408,0.00000178229140602,4.84096744913e-7,4.54453214616e-7,5.49003232209e-7,1.87003522001e-7,2.2894366225e-7,5.78679930641e-8,3.37850565302e-8,4.6131841458e-8,1.92366051976e-8,1.29490187462e-8,5.15087172914e-9,4.54813431361e-9,3.99053723399e-9,1.92258009513e-9,1.00256958291e-9,1.41054534719e-9,5.03171060373e-10,1.83006707011e-10,2.0272231116e-10,3.78126835399e-10,6.2882321572e-10,6.28023077986e-10,3.82958748046e-10,1.80970710639e-10,1.26183161142e-10,8.39622468773e-11,1.82464564291e-11,6.1679008255e-12,2.15894316313e-12,2.19767259946e-12,1.11787510672e-12,3.81317807191e-13,1.02052758876e-13,1.73871317056e-14,6.21146793804e-15,4.58909957086e-15,3.54011533426e-15],"dvar2":[0.00118367234245,0.0000570862393943,0.00000484713882543,0.00000134311596867,0.00000118117770853,0.00000136654261951,4.62389181166e-7,5.37416156021e-7,1.31405286652e-7,8.01151429641e-8,1.19502715279e-7,4.79384745233e-8,3.16573611769e-8,1.28915376152e-8,1.09488764721e-8,1.0244315618e-8,5.04803532309e-9,2.71540034902e-9,3.66319552469e-9,1.23433152588e-9,4.89454032859e-10,5.09230935197e-10,9.21298037859e-10,1.37167999181e-9,1.4953794869e-9,8.96004714868e-10,3.93373417173e-10,2.67382865848e-10,1.73157516103e-10,3.49473540384e-11,1.2439571942e-11,4.14291821335e-12,4.4074553035e-12,2.5346588977e-12,8.56785400006e-13,2.00935554545e-13,3.86161338095e-14,1.55429715729e-14,1.16623832987e-14,9.0262956411e-15],"max":[0.182404905558,0.0524707064033,0.0178341828287,0.00923907663673,0.0120231155306,0.0211863182485,0.0134671954438,0.0126459533349,0.0107630053535,0.00435865391046,0.00416519772261,0.00430323183537,0.00204798695631,0.00225169351324,0.00239194254391,0.00235368078575,0.00114301196299,0.000579260173254,0.000704260542989,0.00093493697932,0.00027989508817,0.000351772701833,0.000421807111707,0.000842360721435,0.000833273224998,0.000548380019609,0.000444485922344,0.000516878382768,0.000391309265979,0.000156628419063,0.000110475193651,0.000050954924518,0.0000870035582921,0.0000571808304812,0.0000333404932462,0.0000185671306099,0.00000399386635763,0.00000164112304901,7.08263314664e-7,6.26236385415e-7],"mean":[0.0165858156979,0.0064838770777,0.00139240373392,0.000583030458074,0.000812660669908,0.000587406393606,0.000259779713815,0.000245221046498,0.000138918592711,0.000154294000822,0.000200054477318,0.000127533159684,0.000120901648188,0.0000726272264728,0.0000586459100305,0.0000576213933527,0.0000527631564182,0.0000435273032053,0.0000384689228667,0.0000260438118858,0.0000187707209989,0.0000159699611686,0.0000197066328838,0.0000174965498445,0.0000153694782057,0.0000115232196549,0.00000764234755479,0.00000659932129565,0.00000507834101882,0.00000284938369077,0.00000165638812177,0.00000115452610316,9.01258715658e-7,5.50127481347e-7,3.79814281359e-7,2.21074444084e-7,9.83669252719e-8,6.16250730445e-8,5.30426262912e-8,4.61409506158e-8],"median":[0.0102220745757,0.00500548537821,0.000885795569047,0.000336722878274,0.000524294562638,0.000283703324385,0.0000925911881495,0.0000736930087442,0.0000708582665538,0.0000798303080956,0.0000905187771423,0.0000699705415173,0.0000649042776786,0.0000461797390017,0.0000350652771886,0.0000357632015948,0.0000371974965674,0.0000312744377879,0.0000228346871154,0.0000181913856068,0.0000147105793076,0.0000113420774142,0.0000130328180603,0.0000096385310826,0.00000870992244018,0.00000688617865308,0.00000442342752649,0.00000370477960132,0.00000270892951448,0.00000153538530867,9.29684688344e-7,6.86515306825e-7,4.5699147222e-7,2.76529249277e-7,1.87244637573e-7,1.12437746225e-7,4.6880288096e-8,2.72610982677e-8,2.37763941868e-8,2.07757864246e-8],"min":[1.01087570958e-23,7.84784860924e-24,1.32694703075e-23,2.54536115821e-23,5.58139206397e-24,1.8059892841e-23,1.89695851488e-23,1.32630931559e-23,1.00478089134e-23,4.11861004843e-24,2.16582589832e-24,3.29852267592e-24,5.95316564252e-24,7.42332390195e-24,1.44106033608e-23,1.09720722709e-23,1.22177286054e-23,1.22316559446e-23,1.17950569323e-23,1.67725901729e-23,1.24801802619e-23,9.44432479884e-24,8.31943912471e-24,9.60131916303e-24,9.73679576831e-24,1.1166838873e-23,9.83368682013e-24,1.29017222861e-23,6.95817522463e-24,1.00710164123e-23,9.00353614627e-24,7.43303556856e-24,1.00152928557e-23,8.73760719082e-24,8.89603570414e-24,1.14857587709e-23,1.16277308569e-23,1.33823121268e-23,7.52639725669e-24,1.00158103485e-23],"var":[0.000412592286011,0.0000337327437592,0.00000251960227615,6.02966849783e-7,8.70427697919e-7,9.3478610097e-7,3.72767914314e-7,5.02731666074e-7,8.99937901977e-8,7.15771051318e-8,9.60541299833e-8,3.51074120886e-8,2.90605068898e-8,1.02499795318e-8,1.0152535701e-8,7.72230990265e-9,3.63685148663e-9,2.26817586935e-9,2.9329834117e-9,1.19325627157e-9,3.51868673087e-10,3.95633609207e-10,8.40888858544e-10,1.3565492063e-9,1.13949949476e-9,7.26939952678e-10,3.60071444883e-10,2.68432220896e-10,1.81223175355e-10,4.33604679939e-11,1.47453455696e-11,5.79223388003e-12,5.59675656514e-12,2.22142811958e-12,9.9784698733e-13,2.47076691788e-13,3.22188666534e-14,8.29545189729e-15,5.67861899268e-15,4.33305548695e-15]},"melbands_crest":{"dmean":4.74081516266,"dmean2":7.72808456421,"dvar":17.7746448517,"dvar2":44.2253646851,"max":39.1145591736,"mean":21.5787315369,"median":21.4993019104,"min":2.40925264359,"var":47.0775032043},"melbands_flatness_db":{"dmean":0.0432068295777,"dmean2":0.0700507834554,"dvar":0.00152259005699,"dvar2":0.00403743749484,"max":0.643279194832,"mean":0.298040807247,"median":0.289019405842,"min":0.00637924531475,"var":0.00537020526826},"melbands_kurtosis":{"dmean":26.2176990509,"dmean2":44.4430961609,"dvar":2797.14428711,"dvar2":8160.1953125,"max":1164.85595703,"mean":43.360496521,"median":21.1222839355,"min":-1.90583431721,"var":4579.9921875},"melbands_skewness":{"dmean":1.47017765045,"dmean2":2.39684796333,"dvar":3.13489127159,"dvar2":8.49895858765,"max":30.0629901886,"mean":4.71231269836,"median":4.0784740448,"min":-0.852927386761,"var":8.49533653259},"melbands_spread":{"dmean":4.63242101669,"dmean2":7.52243089676,"dvar":47.5562820435,"dvar2":110.551612854,"max":340.270019531,"mean":11.3619537354,"median":8.46202850342,"min":0.20779542625,"var":239.602920532},"mfcc":{"cov":[[9485.7578125,810.685119629,-1344.99645996,500.415985107,-551.718261719,-27.1395606995,-141.000045776,51.9023475647,-109.591239929,27.4066925049,-19.6941928864,-31.2085494995,75.2589187622],[810.685119629,979.088745117,-141.778381348,-128.959762573,-54.8702507019,-31.932258606,-27.8454437256,-71.3616638184,-3.75428318977,-0.770983576775,12.6399745941,-29.3542423248,8.24182891846],[-1344.99645996,-141.778381348,594.019897461,-178.330932617,164.545837402,-29.6494617462,45.5819664001,-23.2099170685,32.7850036621,-4.76783657074,22.354095459,36.9595489502,-2.78777432442],[500.415985107,-128.959762573,-178.330932617,364.160430908,-39.8379020691,86.5424957275,8.8988904953,74.8324661255,-9.42229557037,8.14349079132,-15.3212127686,19.9545249939,10.9613866806],[-551.718261719,-54.8702507019,164.545837402,-39.8379020691,184.042800903,24.5496425629,65.6865081787,-3.60452890396,18.2799015045,-7.13305282593,6.70047998428,9.10493755341,-10.1005716324],[-27.1395606995,-31.932258606,-29.6494617462,86.5424957275,24.5496425629,132.635284424,33.033744812,45.8724517822,-2.65345025063,-4.27314376831,-14.1566009521,7.57683801651,11.0110731125],[-141.000045776,-27.8454437256,45.5819664001,8.8988904953,65.6865081787,33.033744812,96.7345809937,20.8710155487,15.2739477158,-7.2948012352,-3.89054083824,8.74772167206,-0.428445518017],[51.9023475647,-71.3616638184,-23.2099170685,74.8324661255,-3.60452890396,45.8724517822,20.8710155487,90.565322876,10.3711471558,7.92342567444,2.39396858215,5.39994525909,0.345270335674],[-109.591239929,-3.75428318977,32.7850036621,-9.42229557037,18.2799015045,-2.65345025063,15.2739477158,10.3711471558,57.7367706299,19.261423111,2.23321843147,3.98486232758,-0.605397105217],[27.4066925049,-0.770983576775,-4.76783657074,8.14349079132,-7.13305282593,-4.27314376831,-7.2948012352,7.92342567444,19.261423111,48.9662399292,24.6715164185,4.69987869263,-1.09831809998],[-19.6941928864,12.6399745941,22.354095459,-15.3212127686,6.70047998428,-14.1566009521,-3.89054083824,2.39396858215,2.23321843147,24.6715164185,58.8337554932,23.813457489,-0.863544225693],[-31.2085494995,-29.3542423248,36.9595489502,19.9545249939,9.10493755341,7.57683801651,8.74772167206,5.39994525909,3.98486232758,4.69987869263,23.813457489,55.0938301086,25.5447807312],[75.2589187622,8.24182891846,-2.78777432442,10.9613866806,-10.1005716324,11.0110731125,-0.428445518017,0.345270335674,-0.605397105217,-1.09831809998,-0.863544225693,25.5447807312,49.4709358215]],"icov":[[0.000177140289452,-0.000114613860205,0.00028821430169,-0.000133878318593,0.000193976593437,0.000200604248676,-0.000105111837911,-0.0000844341047923,0.000161426403793,-0.0000742359625292,0.0000136790413308,-0.0000716328358976,-0.000172291387571],[-0.000114613860205,0.00132474780548,0.00022728528711,0.00056799093727,0.000109409433207,-0.000465182121843,-0.0000707065628376,0.000953684386332,-0.000549181015231,0.000425006874138,-0.000962169200648,0.000908697256818,-0.000524071860127],[0.00028821430169,0.00022728528711,0.00344960810617,0.00122232118156,-0.00190488714725,0.000707186409272,0.000200138092623,-0.000410396198276,-0.000379267206881,-0.0000112917414299,0.000527541036718,-0.00255155516788,0.000227346157772],[-0.000133878318593,0.00056799093727,0.00122232118156,0.00488835480064,-0.000171867461177,-0.00177458114922,0.000303500273731,-0.00220083910972,0.00086088659009,-0.00157389009837,0.00240248534828,-0.00348917162046,0.00129186944105],[0.000193976593437,0.000109409433207,-0.00190488714725,-0.000171867461177,0.0102802887559,-0.00202685967088,-0.00540437595919,0.0023313940037,-0.00138439971488,0.00154929817654,-0.00235821586102,0.000973239017185,0.00157816847786],[0.000200604248676,-0.000465182121843,0.000707186409272,-0.00177458114922,-0.00202685967088,0.0118816001341,-0.00195468403399,-0.00468913652003,0.00251312367618,-0.00117822794709,0.00334428902715,-0.000966975581832,-0.00227494258434],[-0.000105111837911,-0.0000707065628376,0.000200138092623,0.000303500273731,-0.00540437595919,-0.00195468403399,0.0159781407565,-0.00287777464837,-0.00316028250381,0.00278615485877,0.00123163172975,-0.00238470942713,0.000881872838363],[-0.0000844341047923,0.000953684386332,-0.000410396198276,-0.00220083910972,0.0023313940037,-0.00468913652003,-0.00287777464837,0.0170405823737,-0.00355209317058,0.000228390636039,-0.00375826726668,0.0021693345625,0.00058576912852],[0.000161426403793,-0.000549181015231,-0.000379267206881,0.00086088659009,-0.00138439971488,0.00251312367618,-0.00316028250381,-0.00355209317058,0.0242987088859,-0.0130123849958,0.00728805596009,-0.00371364154853,0.000842454435769],[-0.0000742359625292,0.000425006874138,-0.0000112917414299,-0.00157389009837,0.00154929817654,-0.00117822794709,0.00278615485877,0.000228390636039,-0.0130123849958,0.0345029421151,-0.0175827480853,0.0068398443982,-0.0022406373173],[0.0000136790413308,-0.000962169200648,0.000527541036718,0.00240248534828,-0.00235821586102,0.00334428902715,0.00123163172975,-0.00375826726668,0.00728805596009,-0.0175827480853,0.0340316407382,-0.0194315984845,0.00877450313419],[-0.0000716328358976,0.000908697256818,-0.00255155516788,-0.00348917162046,0.000973239017185,-0.000966975581832,-0.00238470942713,0.0021693345625,-0.00371364154853,0.0068398443982,-0.0194315984845,0.0387236811221,-0.0192630719393],[-0.000172291387571,-0.000524071860127,0.000227346157772,0.00129186944105,0.00157816847786,-0.00227494258434,0.000881872838363,0.00058576912852,0.000842454435769,-0.0022406373173,0.00877450313419,-0.0192630719393,0.0311823822558]],"mean":[-654.359313965,162.378097534,-13.5670413971,43.2194747925,6.59735679626,20.6876087189,10.324924469,11.6318702698,4.06200885773,6.17801713943,2.76578187943,0.897207856178,2.23131871223]},"pitch_salience":{"dmean":0.105334803462,"dmean2":0.170311003923,"dvar":0.00799965020269,"dvar2":0.0205056797713,"max":0.938577890396,"mean":0.433215230703,"median":0.44427549839,"min":0.051823426038,"var":0.0214121434838},"silence_rate_20dB":{"dmean":0.00638031214476,"dmean2":0.0127620780841,"dvar":0.00634013023227,"dvar2":0.0185263697058,"max":1,"mean":0.996582388878,"median":1,"min":0,"var":0.00340583757497},"silence_rate_30dB":{"dmean":0.176370054483,"dmean2":0.3527803123,"dvar":0.145271375775,"dvar2":0.27986100316,"max":1,"mean":0.68432444334,"median":1,"min":0,"var":0.216009959579},"silence_rate_60dB":{"dmean":0.00455736601725,"dmean2":0.00911577045918,"dvar":0.00453612627462,"dvar2":0.0108566358685,"max":1,"mean":0.0481886528432,"median":0,"min":0,"var":0.0458647795022},"spectral_centroid":{"dmean":214.943588257,"dmean2":339.918182373,"dvar":67443.3984375,"dvar2":126818.875,"max":11069.5322266,"mean":1060.82165527,"median":979.929870605,"min":104.435218811,"var":376994.625},"spectral_complexity":{"dmean":3.77349901199,"dmean2":5.8828625679,"dvar":13.4796142578,"dvar2":28.8380641937,"max":59,"mean":23.0985412598,"median":25,"min":0,"var":132.475921631},"spectral_contrast_coeffs":{"dmean":[0.052767444402,0.0522553734481,0.0373614057899,0.0278683081269,0.0217603128403,0.0439634770155],"dmean2":[0.0889421924949,0.0870765149593,0.0625162646174,0.0473227910697,0.0363253839314,0.0711371898651],"dvar":[0.00172632827889,0.00165860017296,0.000860980828293,0.00049048406072,0.000371819071006,0.00157892820425],"dvar2":[0.0048437747173,0.00458225840703,0.00236148340628,0.0013516806066,0.00095502496697,0.00398608064279],"max":[-0.45758742094,-0.50619995594,-0.598305225372,-0.669470310211,-0.647163212299,-0.468263089657],"mean":[-0.715016007423,-0.763626098633,-0.806092739105,-0.821666479111,-0.821352660656,-0.746170580387],"median":[-0.717941641808,-0.765879392624,-0.80742752552,-0.82025384903,-0.815016388893,-0.748344123363],"min":[-0.992085397243,-0.967236757278,-0.972794473171,-0.982086598873,-0.972814917564,-0.960708260536],"var":[0.00420057866722,0.00548179494217,0.00304211862385,0.00158021703828,0.00178272370249,0.00573762133718]},"spectral_contrast_valleys":{"dmean":[0.382485091686,0.410456806421,0.322723984718,0.288488090038,0.284494191408,0.684894919395],"dmean2":[0.641760826111,0.687466681004,0.537729620934,0.473417311907,0.445944547653,1.1214543581],"dvar":[0.118901126087,0.143752723932,0.104440353811,0.0984556749463,0.133547767997,0.332797080278],"dvar2":[0.273327380419,0.352794021368,0.250294953585,0.23222990334,0.300469994545,0.881731808186],"max":[-4.80764865875,-4.36135387421,-5.21218299866,-5.6348862648,-5.33301925659,-8.93084907532],"mean":[-6.30419683456,-6.52371883392,-6.87200975418,-7.25507593155,-7.4035153389,-10.8764324188],"median":[-6.10809898376,-6.29398012161,-6.56148862839,-6.91492366791,-7.06949996948,-10.7234649658],"min":[-27.4832344055,-27.7034072876,-27.3894500732,-27.3378238678,-27.2232837677,-27.2441558838],"var":[1.16920518875,1.38081514835,1.44394278526,1.47549378872,1.52473199368,1.13276910782]},"spectral_decrease":{"dmean":1.11818598825e-8,"dmean2":1.84779569423e-8,"dvar":3.53118400711e-16,"dvar2":9.28675488425e-16,"max":7.86121418354e-17,"mean":-2.31031211939e-8,"median":-1.9482058633e-8,"min":-1.64117665236e-7,"var":3.89163676023e-16},"spectral_energy":{"dmean":0.042422298342,"dmean2":0.0700747594237,"dvar":0.00505185127258,"dvar2":0.0132830366492,"max":0.622889101505,"mean":0.0889797508717,"median":0.075359120965,"min":1.06950624262e-20,"var":0.00561085855588},"spectral_energyband_high":{"dmean":0.00014471875329,"dmean2":0.000207200704608,"dvar":1.44250350331e-7,"dvar2":2.43372710429e-7,"max":0.0141906328499,"mean":0.000368239328964,"median":0.000242417736445,"min":7.72012593236e-21,"var":4.64202656758e-7},"spectral_energyband_low":{"dmean":0.0402769781649,"dmean2":0.0674690306187,"dvar":0.00470711989328,"dvar2":0.0126218535006,"max":0.592854321003,"mean":0.0674693584442,"median":0.0500696189702,"min":6.91342235662e-23,"var":0.00474212365225},"spectral_energyband_middle_high":{"dmean":0.00160974124447,"dmean2":0.00252915127203,"dvar":0.00000445682326244,"dvar2":0.000010463541912,"max":0.047747336328,"mean":0.00543143553659,"median":0.004838087596,"min":1.53652615606e-21,"var":0.0000209596528293},"spectral_energyband_middle_low":{"dmean":0.00507060531527,"dmean2":0.00834700930864,"dvar":0.0000431296102761,"dvar2":0.000110606575618,"max":0.115552000701,"mean":0.0124558182433,"median":0.00953948684037,"min":3.75201179185e-22,"var":0.000132179571665},"spectral_entropy":{"dmean":0.160795241594,"dmean2":0.256943434477,"dvar":0.0333990566432,"dvar2":0.0917393937707,"max":9.78370952606,"mean":7.53755664825,"median":7.60510969162,"min":5.81980037689,"var":0.0935142487288},"spectral_flux":{"dmean":0.051618758589,"dmean2":0.0838620364666,"dvar":0.00437911506742,"dvar2":0.00919327326119,"max":0.676484942436,"mean":0.146464452147,"median":0.129823535681,"min":1.03416934738e-10,"var":0.00816293992102},"spectral_kurtosis":{"dmean":1.9212667942,"dmean2":3.24842071533,"dvar":9.35433006287,"dvar2":24.9142246246,"max":66.1231307983,"mean":7.71305465698,"median":7.03483200073,"min":-1.18262803555,"var":16.3714809418},"spectral_rms":{"dmean":0.0019407273503,"dmean2":0.0031074997969,"dvar":0.0000059217195485,"dvar2":0.0000147535092765,"max":0.024651505053,"mean":0.00857600569725,"median":0.00857444480062,"min":3.23020234692e-12,"var":0.0000132615568873},"spectral_rolloff":{"dmean":222.452697754,"dmean2":379.079620361,"dvar":223834.3125,"dvar2":525887.625,"max":18820.0195312,"mean":493.099853516,"median":279.931640625,"min":21.533203125,"var":1053810.875},"spectral_skewness":{"dmean":0.264196664095,"dmean2":0.422955036163,"dvar":0.0801489502192,"dvar2":0.20187446475,"max":5.98304176331,"mean":1.78691208363,"median":1.75582623482,"min":-0.109502710402,"var":0.340091884136},"spectral_spread":{"dmean":514233.84375,"dmean2":842293.9375,"dvar":350150000640,"dvar2":792424611840,"max":40477424,"mean":3561595.25,"median":3324302,"min":1104008.5,"var":1794226782210},"spectral_strongpeak":{"dmean":0.293617963791,"dmean2":0.506746709347,"dvar":0.201379746199,"dvar2":0.52582192421,"max":8.66307830811,"mean":0.396462142467,"median":0.308767080307,"min":0,"var":0.228779539466},"zerocrossingrate":{"dmean":0.00598638271913,"dmean2":0.00766516989097,"dvar":0.0000525788163941,"dvar2":0.0000672016321914,"max":0.6884765625,"mean":0.0278164558113,"median":0.02392578125,"min":0.0009765625,"var":0.00100660487078}},"metadata":{"audio_properties":{"analysis_sample_rate":44100,"bit_rate":320000,"codec":"mp3","downmix":"mix","equal_loudness":0,"length":203.784973145,"lossless":false,"md5_encoded":"f6bad6cf97b860c04f38b9adfe86f980","replay_gain":-9.8430480957,"sample_rate":48000},"tags":{"album":["Battle for the Sun"],"albumartist":["Placebo"],"albumartistsort":["Placebo"],"artist":["Placebo"],"artistsort":["Placebo"],"asin":["B0026UV77C"],"barcode":["5051083043786"],"catalognumber":["BATTLE09CDX"],"composer":["Placebo"],"date":["2009"],"discnumber":["1/1"],"file_name":"06. Placebo - Bright Lights.mp3","genre":["Alternative Rock"],"isrc":["JEA000900006"],"label":["Dreambrother"],"length":["203786"],"lyricist":["Placebo"],"musicbrainz album release country":["GB"],"musicbrainz album status":["official"],"musicbrainz album type":["album"],"musicbrainz_albumartistid":["847e8284-8582-4b0e-9c26-b042a4f49e57"],"musicbrainz_albumid":["cdb4318d-e7ff-4a88-98a2-cf7da8d99bad"],"musicbrainz_artistid":["847e8284-8582-4b0e-9c26-b042a4f49e57"],"musicbrainz_recordingid":["987ec46f-19b2-4eb1-b727-b88b4a06b6f8"],"musicip_puid":["83504eb1-57d6-a486-1ae6-e728968d6006"],"title":["Bright Lights"],"tracknumber":["6/13"]},"version":{"essentia":"2.1-beta1","essentia_build_sha":"ca57ba49d9b1854bd80e60cf9ccf267278fb7d6b","essentia_git_sha":"v2.1_beta1-28-g21ef5f4-dirty","extractor":"music 1.0"}},"rhythm":{"beats_count":421,"beats_loudness":{"dmean":0.0401559658349,"dmean2":0.0726387128234,"dvar":0.00157529849093,"dvar2":0.00492603611201,"max":0.367700457573,"mean":0.0949516966939,"median":0.0939894542098,"min":1.86447497441e-8,"var":0.00214727688581},"beats_loudness_band_ratio":{"dmean":[0.0983997806907,0.0480939187109,0.0330476872623,0.0287715587765,0.0200707223266,0.0118073588237],"dmean2":[0.174224212766,0.0859380885959,0.0548388622701,0.05208202824,0.0373026840389,0.0216143578291],"dvar":[0.0086351484060