{"lowlevel":{"average_loudness":0.172828361392,"barkbands":{"dmean":[0.00000356724990525,0.0127776982263,0.00686492444947,0.0036306087859,0.00248834467493,0.000833547208458,0.000584279478062,0.000325009401422,0.000277294398984,0.00017086675507,0.000116400464321,0.0000869907453307,0.0000573829383939,0.0000378134682251,0.0000335328477377,0.0000242975384026,0.0000193708056031,0.0000145192398122,0.00000692931462254,0.0000046381219363,0.00000308549738293,0.00000151301981077,5.10439235768e-7,1.06014326207e-7,1.88769302412e-8,6.16631412598e-9,4.87366413893e-9],"dmean2":[0.00000499671750731,0.0196920242161,0.0110466331244,0.00582347856835,0.00387641019188,0.00121088779997,0.000871711410582,0.000501973903738,0.000447133381385,0.000272568111541,0.000185140146641,0.000139691735967,0.0000916014978429,0.0000617288824287,0.0000537162122782,0.0000390638670069,0.0000305998728436,0.0000230650312005,0.0000108882622953,0.00000741094800105,0.00000487210172651,0.0000024427754397,8.53302140058e-7,1.76460446255e-7,3.26310676257e-8,1.10842934831e-8,8.81957085141e-9],"dvar":[6.81366629784e-11,0.000470143044367,0.000128940097056,0.000043998057663,0.0000163848981174,0.00000190226035102,0.00000115769705644,3.22070377479e-7,2.12992091519e-7,9.2365105786e-8,5.96001292763e-8,1.09333008425e-7,9.65417790155e-9,3.44837025601e-9,4.05600841802e-9,1.79093218033e-9,2.45138331856e-9,1.46941636636e-9,2.82306872323e-10,3.46072809299e-10,1.52799869979e-10,3.58410072454e-11,2.98192568728e-12,6.34404909248e-14,4.73489130526e-15,1.9015148512e-15,5.72342068284e-16],"dvar2":[1.26979482484e-10,0.00127955188509,0.000321351864841,0.000116891489597,0.0000401199831686,0.00000375318199985,0.0000026394136512,7.03284513293e-7,5.14988983014e-7,1.86094510468e-7,1.31540360826e-7,1.72624098127e-7,2.2950246148e-8,8.65166160935e-9,9.37179933658e-9,4.39743175207e-9,5.40162803375e-9,3.7120857499e-9,7.38258398858e-10,9.39759825513e-10,3.97539806629e-10,9.5503299713e-11,7.99039827359e-12,1.68304362417e-13,1.36153753067e-14,5.62269194827e-15,1.69795748151e-15],"max":[0.000802394933999,0.463666975498,0.240957021713,0.153847828507,0.127441212535,0.0483954660594,0.0452972240746,0.017996834591,0.0133779235184,0.0144028281793,0.00587256625295,0.020947188139,0.0023627106566,0.00124731194228,0.00152579054702,0.000794410763774,0.00178649404552,0.00124717224389,0.000479439855553,0.000704235048033,0.000587327464018,0.00025742611615,0.0000730202009436,0.00000708053767084,0.00000283329859485,0.00000191408389583,7.84572250723e-7],"mean":[0.0000212097838812,0.0285558104515,0.01340721827,0.00571451568976,0.00563458679244,0.00219366000965,0.0013809024822,0.000595008314122,0.000520878413226,0.00031200950616,0.000201928545721,0.00016498300829,0.000115534145152,0.0000769776015659,0.0000665950719849,0.0000505209900439,0.0000401313118346,0.0000310463692585,0.000016502202925,0.0000109388392957,0.00000798324253992,0.00000431671014667,0.00000166094775977,4.27850466167e-7,7.81379085879e-8,1.58177027032e-8,8.17648437845e-9],"median":[7.68563495512e-7,0.014715179801,0.00642061652616,0.00259267585352,0.00285258097574,0.00104731821921,0.000712963170372,0.000300009851344,0.000318554608384,0.000179482623935,0.000112788489787,0.000092982314527,0.0000719123490853,0.0000518908382219,0.0000414077367168,0.000032728210499,0.0000234049130086,0.0000161871575983,0.00000971962617768,0.00000617523483015,0.00000413057068727,0.00000199062606043,6.90937440595e-7,1.78154351715e-7,3.85231011535e-8,1.07377431391e-8,5.3824553703e-9],"min":[8.12529349359e-11,3.30309535279e-9,4.95224794506e-9,2.68961315442e-8,1.43812457054e-7,5.11056548191e-8,1.33214275166e-8,7.84286235955e-9,2.4470292459e-9,5.04228880871e-10,3.14279297031e-10,5.11442110884e-10,4.7165982231e-10,4.94334184697e-10,3.83133996751e-10,3.15999088008e-10,2.71289518627e-10,2.03339067806e-10,1.44604411778e-10,3.02708635935e-10,4.20050577654e-10,4.97136942723e-10,4.92588747569e-10,5.17485720941e-10,6.18209317071e-10,6.28064489305e-10,6.97897462043e-10],"var":[6.7996728248e-9,0.00173380994238,0.000557101389859,0.0000824681774247,0.0000678943251842,0.0000137955103128,0.00000613757447354,8.53786730204e-7,4.72020133202e-7,2.71726321444e-7,1.07881298561e-7,2.23597126592e-7,2.42346995805e-8,8.25703416751e-9,1.0572681397e-8,4.91547336168e-9,6.46498277135e-9,4.07921829648e-9,6.26222018685e-10,3.65584534867e-10,1.88146428992e-10,5.24951644654e-11,6.9803104269e-12,4.21537885978e-13,1.36242581412e-14,1.20905048787e-15,3.87222911782e-16]},"barkbands_crest":{"dmean":2.7010974884,"dmean2":4.36501169205,"dvar":5.76139354706,"dvar2":15.7359991074,"max":26.0622329712,"mean":13.9982786179,"median":13.5453033447,"min":3.38426375389,"var":17.9164600372},"barkbands_flatness_db":{"dmean":0.0249202679843,"dmean2":0.0385338850319,"dvar":0.000474848318845,"dvar2":0.00119501736481,"max":0.713039278984,"mean":0.318278193474,"median":0.30285012722,"min":0.0746733024716,"var":0.00894704274833},"barkbands_kurtosis":{"dmean":7.5746383667,"dmean2":12.4881019592,"dvar":236.034820557,"dvar2":671.849487305,"max":576.566223145,"mean":17.9988059998,"median":11.4364519119,"min":-1.65683114529,"var":520.201965332},"barkbands_skewness":{"dmean":0.676258981228,"dmean2":1.0747795105,"dvar":0.506300866604,"dvar2":1.36268818378,"max":20.1782493591,"mean":2.98001694679,"median":2.70642471313,"min":-1.17789721489,"var":2.56473088264},"barkbands_spread":{"dmean":1.21886599064,"dmean2":1.92454445362,"dvar":2.70362877846,"dvar2":6.66336393356,"max":35.2284584045,"mean":4.31681442261,"median":3.75464272499,"min":0.179818511009,"var":10.7678260803},"dissonance":{"dmean":0.0216405205429,"dmean2":0.0366894826293,"dvar":0.000560151471291,"dvar2":0.00158718426246,"max":0.499999910593,"mean":0.451036959887,"median":0.459231197834,"min":0.145666047931,"var":0.00126842514146},"dynamic_complexity":5.08002138138,"erbbands":{"dmean":[0.125542357564,3.55258584023,8.40730953217,9.82082366943,10.5761976242,8.1273317337,7.45342636108,6.90994691849,7.43383216858,8.42376422882,7.01682138443,6.1604013443,5.63080883026,4.94245624542,3.94463920593,3.32639813423,2.4964966774,1.88367009163,1.82440078259,1.43736600876,1.17847919464,0.993550479412,0.858003795147,0.425701826811,0.318945139647,0.212133839726,0.156305640936,0.105281986296,0.0600702166557,0.0298097189516,0.0121775455773,0.00381074147299,0.00109738495667,0.000314216682455,0.0000918077639653,0.0000331778173859,0.0000128325236801,0.00000312642714562,0.00000900046597963,0.000021109395675],"dmean2":[0.194010451436,5.47700643539,13.2629213333,15.6346054077,16.6716060638,12.7567815781,10.8552703857,10.1169195175,10.7808198929,12.8831567764,10.8474912643,9.82444858551,9.06943893433,7.78126573563,6.24828481674,5.34369897842,3.98390746117,3.0095603466,2.91061902046,2.2957816124,1.87797832489,1.57465350628,1.36487746239,0.664389908314,0.518649876118,0.338697761297,0.246435672045,0.167730271816,0.0968059673905,0.0493674688041,0.0202403534204,0.00636245775968,0.00181794259697,0.00053750781808,0.000157793605467,0.000057364377426,0.000022045969672,0.00000556618851988,0.0000139718158607,0.0000326111148752],"dvar":[0.0519162379205,35.614315033,169.521606445,321.795318604,361.320495605,181.253631592,161.476821899,126.075538635,198.304000854,200.166320801,128.002059937,107.007064819,85.6078414917,90.3032531738,55.3717193604,194.450759888,20.0677623749,8.27044773102,12.8700332642,8.20980262756,5.25538873672,5.14296913147,5.73618888855,0.701531887054,1.94130182266,0.487441241741,0.395284503698,0.11590924114,0.0517308227718,0.0136265195906,0.00149843026884,0.0000872675082064,0.00000706209675627,0.00000127588975829,9.51263317006e-8,3.4814053862e-8,6.61704824267e-9,3.21746823628e-10,1.70408284705e-10,8.92787954676e-10],"dvar2":[0.143951430917,96.1757202148,411.31072998,842.775268555,891.17388916,446.69039917,309.092712402,246.273132324,440.731781006,440.34375,297.830596924,246.537887573,213.220214844,206.015777588,119.088142395,298.504760742,47.5538482666,20.6138648987,30.0235462189,17.6593589783,11.649274826,12.4017953873,14.169875145,1.66611635685,5.58112859726,1.21760845184,0.981886386871,0.291126608849,0.137355193496,0.036938175559,0.00400986662135,0.000235870335018,0.0000187554487638,0.00000365984624295,2.69235670203e-7,1.01792636542e-7,1.95113418755e-8,9.51240308744e-10,4.37462205349e-10,2.25830110168e-9],"max":[6.86810731888,122.475120544,335.269226074,421.523620605,382.471954346,366.594207764,281.307678223,303.827178955,723.458496094,386.333618164,262.486999512,312.229675293,252.983016968,269.979644775,225.300918579,848.019226074,150.909011841,70.4872207642,103.451499939,97.221534729,86.5193481445,59.1303520203,84.2186584473,15.9512014389,57.5867843628,21.997428894,30.1994056702,14.9320440292,9.7250289917,4.85871505737,1.6014559269,0.229759976268,0.0733232051134,0.0476868748665,0.0117815025151,0.00783969461918,0.00363419670612,0.000789010955486,0.000234672887018,0.000566318864003],"mean":[0.317677468061,7.95326852798,18.6153278351,17.1076145172,19.9321403503,16.9015674591,18.255531311,17.6094932556,18.2217941284,17.754152298,13.8292388916,11.6624794006,10.5903816223,9.44822406769,7.64903211594,6.72662496567,5.37628030777,4.22179603577,3.95125102997,3.15304493904,2.64072346687,2.19903469086,1.86590850353,1.05817115307,0.740152239799,0.521228611469,0.384010910988,0.269030749798,0.167276874185,0.0904081091285,0.0410629995167,0.0148500828072,0.00467352103442,0.00136451679282,0.000388688524254,0.000119456351968,0.0000407266343245,0.00000790844114817,0.0000277011076832,0.0000645075560897],"median":[0.145978212357,4.12945795059,9.64526081085,9.78082275391,8.91383552551,8.57744598389,8.99542045593,8.39486980438,8.97532939911,9.23127746582,7.98270797729,7.14541864395,6.52553510666,5.75982666016,4.97363567352,4.02433300018,3.51661014557,2.96704292297,2.53338098526,2.09556293488,1.75521826744,1.37193095684,0.992857217789,0.651804089546,0.411870658398,0.29067671299,0.203148037195,0.136139035225,0.0781975388527,0.0397558882833,0.0172481238842,0.00623721582815,0.00202241213992,0.000660354970023,0.00021919698338,0.0000837246407173,0.0000324820211972,0.00000631430884823,0.000020330064217,0.0000471597159049],"min":[7.35935472562e-8,0.00000171572071395,0.00000886564976099,0.000105462582724,0.000374275114154,0.00039996302803,0.000668578315526,0.000320052582538,0.000445871934062,0.000157137954375,0.000264084228547,0.0000780378395575,0.0000339505095326,0.0000230981204368,0.0000165405126609,0.0000239098280872,0.0000272113720712,0.0000316608202411,0.0000201260481845,0.0000220173842536,0.0000190441223822,0.0000171895189851,0.0000132995064632,0.000010023316463,0.00000976167120825,0.0000143860224853,0.0000151698750415,0.0000160468061949,0.0000186996221601,0.0000146896982187,0.0000127219718706,0.0000123201980387,0.00000868672941579,0.00000727713768356,0.00000452663152828,0.00000260492015514,0.00000121357709304,4.79928928598e-7,1.71306410834e-7,2.8341551328e-8],"var":[0.312719762325,132.40524292,1032.74633789,567.395446777,1046.32092285,566.885498047,814.058105469,769.26953125,1235.70019531,791.51751709,347.625823975,249.076965332,202.103820801,189.28527832,112.007965088,390.251647949,50.277557373,22.2429008484,37.5714492798,21.0748672485,15.9109983444,12.4464244843,15.8246355057,2.1744120121,2.12736964226,0.713830828667,0.48809030652,0.180578172207,0.0759521350265,0.022179454565,0.00414445949718,0.000499109970406,0.0000505685056851,0.00000420274773205,2.74232093034e-7,3.13591961287e-8,4.53406023837e-9,2.03743369398e-10,8.67790173054e-10,4.97130470123e-9]},"erbbands_crest":{"dmean":2.13912796974,"dmean2":3.46459579468,"dvar":4.00642442703,"dvar2":10.4792575836,"max":31.3745422363,"mean":9.51400470734,"median":8.08318996429,"min":2.89867186546,"var":20.6014175415},"erbbands_flatness_db":{"dmean":0.0119859091938,"dmean2":0.0186822358519,"dvar":0.000161274438142,"dvar2":0.000390445173252,"max":0.480438828468,"mean":0.241679698229,"median":0.23137204349,"min":0.0742415636778,"var":0.00331501942128},"erbbands_kurtosis":{"dmean":1.68710792065,"dmean2":2.7426006794,"dvar":20.4382743835,"dvar2":51.7779006958,"max":149.105392456,"mean":3.28316926956,"median":0.560972571373,"min":-1.64160370827,"var":95.5784606934},"erbbands_skewness":{"dmean":0.327422261238,"dmean2":0.523793637753,"dvar":0.123039387167,"dvar2":0.31193497777,"max":7.65953731537,"mean":1.1541775465,"median":0.920369148254,"min":-1.94469881058,"var":0.940301835537},"erbbands_spread":{"dmean":3.73496675491,"dmean2":5.78578138351,"dvar":12.2066335678,"dvar2":29.653793335,"max":73.9551925659,"mean":23.9231414795,"median":24.1960411072,"min":0.720661878586,"var":112.257858276},"gfcc":{"cov":[[14885.6884766,1375.65124512,-3672.38549805,1137.03417969,-229.605682373,170.04788208,686.863708496,-21.5579795837,756.181091309,-217.900344849,477.537231445,75.4776611328,171.060958862],[1375.65124512,1101.15808105,107.50970459,-22.6094474792,479.83807373,49.4232711792,277.732025146,60.9485397339,203.800811768,-61.4899024963,94.1985931396,-10.14265728,40.2698631287],[-3672.38549805,107.50970459,1759.66137695,-132.714370728,324.743682861,124.525917053,-57.4461708069,62.2715072632,-58.3951416016,14.6023101807,-62.8863182068,-79.0177459717,-45.3280258179],[1137.03417969,-22.6094474792,-132.714370728,388.741210938,-1.09400951862,84.3335876465,77.9825057983,10.4615526199,82.6243057251,-11.1757144928,62.7948112488,-6.15942287445,10.9988183975],[-229.605682373,479.83807373,324.743682861,-1.09400951862,453.893768311,69.0481414795,174.592895508,89.7743759155,101.332695007,-16.3404006958,16.1763706207,-14.1041593552,3.77539801598],[170.04788208,49.4232711792,124.525917053,84.3335876465,69.0481414795,143.529159546,74.4814453125,51.0659637451,59.9619522095,-9.74910736084,19.7005004883,-6.10093545914,-3.99904036522],[686.863708496,277.732025146,-57.4461708069,77.9825057983,174.592895508,74.4814453125,196.822738647,71.845413208,111.940200806,-17.4913444519,36.9880332947,7.31725549698,6.87146997452],[-21.5579795837,60.9485397339,62.2715072632,10.4615526199,89.7743759155,51.0659637451,71.845413208,95.9008865356,69.7890014648,2.59976148605,2.18643331528,3.17300128937,-7.43400096893],[756.181091309,203.800811768,-58.3951416016,82.6243057251,101.332695007,59.9619522095,111.940200806,69.7890014648,147.933334351,6.07006454468,45.928604126,12.5212373734,7.27001714706],[-217.900344849,-61.4899024963,14.6023101807,-11.1757144928,-16.3404006958,-9.74910736084,-17.4913444519,2.59976148605,6.07006454468,63.3581047058,26.1429042816,16.0345993042,4.22559928894],[477.537231445,94.1985931396,-62.8863182068,62.7948112488,16.1763706207,19.7005004883,36.9880332947,2.18643331528,45.928604126,26.1429042816,70.5805587769,24.5870037079,16.4645557404],[75.4776611328,-10.14265728,-79.0177459717,-6.15942287445,-14.1041593552,-6.10093545914,7.31725549698,3.17300128937,12.5212373734,16.0345993042,24.5870037079,51.69556427,22.7403736115],[171.060958862,40.2698631287,-45.3280258179,10.9988183975,3.77539801598,-3.99904036522,6.87146997452,-7.43400096893,7.27001714706,4.22559928894,16.4645557404,22.7403736115,37.5781021118]],"icov":[[0.000727002741769,-0.00059635262005,0.00128540955484,-0.000642113853246,0.000704464910086,-0.00059753190726,0.000122966666822,0.00079240713967,-0.00220837816596,0.0023373097647,-0.00244203978218,0.00218563270755,-0.00102025270462],[-0.00059635262005,0.00548563059419,-0.00126573245507,0.00346795399673,-0.00393578130752,0.00263537559658,-0.00259948545136,0.00296482024714,-0.00312461727299,0.00496725691482,-0.00633000675589,0.00351681513712,-0.00327678024769],[0.00128540955484,-0.00126573245507,0.00329973944463,-0.00106550578494,0.00026716326829,-0.00245419656858,0.00170366535895,0.000780436792411,-0.00301411887631,0.00321827130392,-0.00387157173827,0.00449798582122,-0.00145241862629],[-0.000642113853246,0.00346795399673,-0.00106550578494,0.00625105109066,-0.00196067686193,-0.00000963209731708,-0.00195977604017,0.0022375411354,-0.00212195352651,0.00322236097418,-0.00592217408121,0.00379835860804,-0.00256693456322],[0.000704464910086,-0.00393578130752,0.00026716326829,-0.00196067686193,0.0079974103719,-0.000645284308121,-0.0028287358582,-0.00267965253443,0.000431997061241,-0.00172207958531,0.00268798554316,0.000294101657346,-0.000223617622396],[-0.00059753190726,0.00263537559658,-0.00245419656858,-0.00000963209731708,-0.000645284308121,0.0137437898666,-0.00427807075903,-0.00311079085805,-0.000958155549597,0.00341380690224,-0.00391870876774,0.0011582999723,-0.000549802556634],[0.000122966666822,-0.00259948545136,0.00170366535895,-0.00195977604017,-0.0028287358582,-0.00427807075903,0.0167662315071,-0.00530349044129,-0.00180386099964,0.00122599711176,0.000246802112088,-0.00272469269112,0.00232029613107],[0.00079240713967,0.00296482024714,0.000780436792411,0.0022375411354,-0.00267965253443,-0.00311079085805,-0.00530349044129,0.0274631809443,-0.0155811356381,0.00277543254197,0.00138487573713,0.000344368221704,0.00173021049704],[-0.00220837816596,-0.00312461727299,-0.00301411887631,-0.00212195352651,0.000431997061241,-0.000958155549597,-0.00180386099964,-0.0155811356381,0.0298637077212,-0.0141085479409,0.00787568837404,-0.010313315317,0.00608808826655],[0.0023373097647,0.00496725691482,0.00321827130392,0.00322236097418,-0.00172207958531,0.00341380690224,0.00122599711176,0.00277543254197,-0.0141085479409,0.0409232228994,-0.0320929661393,0.0114888139069,-0.00692624272779],[-0.00244203978218,-0.00633000675589,-0.00387157173827,-0.00592217408121,0.00268798554316,-0.00391870876774,0.000246802112088,0.00138487573713,0.00787568837404,-0.0320929661393,0.0551591441035,-0.0258969608694,0.00809417571872],[0.00218563270755,0.00351681513712,0.00449798582122,0.00379835860804,0.000294101657346,0.0011582999723,-0.00272469269112,0.000344368221704,-0.010313315317,0.0114888139069,-0.0258969608694,0.0470827780664,-0.0251863021404],[-0.00102025270462,-0.00327678024769,-0.00145241862629,-0.00256693456322,-0.000223617622396,-0.000549802556634,0.00232029613107,0.00173021049704,0.00608808826655,-0.00692624272779,0.00809417571872,-0.0251863021404,0.044944498688]],"mean":[-129.880355835,199.454666138,-95.7591018677,28.8458919525,-31.946647644,-4.68716573715,-12.2882003784,-13.424990654,-4.86653089523,-13.4271993637,-6.34058713913,-12.0995378494,-3.67725276947]},"hfc":{"dmean":2.30302214622,"dmean2":3.47970533371,"dvar":9.35286426544,"dvar2":21.5964794159,"max":57.1007537842,"mean":9.52294826508,"median":8.06939125061,"min":0.000725231133401,"var":69.8569412231},"melbands":{"dmean":[0.00242003402673,0.00462374230847,0.00164845609106,0.000635405362118,0.00026699443697,0.000154200024554,0.000112349182018,0.0000849368589115,0.0000552974270249,0.0000383620317734,0.0000287563161692,0.0000209629379242,0.0000152013117258,0.0000104418631963,0.00000782427014201,0.00000478303900309,0.00000375190461455,0.00000334268293045,0.00000224202585741,0.00000189393290384,0.00000149363802393,0.0000012191571841,7.86896180216e-7,7.93265201082e-7,3.56698848236e-7,2.62078856395e-7,2.12494242646e-7,1.47404463746e-7,1.16924077531e-7,8.10410014651e-8,6.31908818605e-8,4.14105478797e-8,2.56021799316e-8,1.55129740165e-8,8.82118733614e-9,4.34866986865e-9,2.03838523838e-9,9.92141702127e-10,4.70837979716e-10,2.53352561153e-10],"dmean2":[0.00373663241044,0.00719502568245,0.00259366817772,0.00100606970955,0.000392299029045,0.000223721392103,0.000164346609381,0.000130493426695,0.0000865712136147,0.0000611756404396,0.0000463416399725,0.0000328933965648,0.0000241284888034,0.0000167354191944,0.0000123763747979,0.00000769334019424,0.00000601398187428,0.0000053361686696,0.00000361216416422,0.00000304240847981,0.00000239047267314,0.00000194796007236,0.00000126111342524,0.00000128477267936,5.66268226976e-7,4.25397843173e-7,3.48929432903e-7,2.36608187265e-7,1.86408769309e-7,1.29178701513e-7,1.0279616447e-7,6.82017500253e-8,4.21721289001e-8,2.60679549058e-8,1.46845895443e-8,7.29731386429e-9,3.4488585321e-9,1.65637792371e-9,8.02519273257e-10,4.38273917158e-10],"dvar":[0.0000177321944648,0.0000492471554026,0.00000826668201626,0.00000114317265343,1.86773831956e-7,6.08012058478e-8,4.66152947354e-8,1.97558378545e-8,7.62333041138e-9,4.45710668373e-9,2.26712937312e-9,1.63463376168e-9,9.73678693228e-10,2.40864750367e-9,2.51226844883e-10,6.68171282192e-11,3.35340540059e-11,4.19283392727e-11,1.44063459079e-11,1.30901539608e-11,1.09920241312e-11,8.45915351655e-12,2.34820713221e-12,6.03416795697e-12,4.80591152811e-13,4.64449605077e-13,1.59780023413e-12,1.62788307682e-13,2.10654369924e-13,5.49810068621e-14,4.35145355079e-14,2.41798497457e-14,7.27892088102e-15,3.1856093877e-15,7.29238881076e-16,9.43464802798e-17,2.22945407921e-17,5.10972005046e-18,1.33096410788e-18,9.41791139313e-19],"dvar2":[0.0000491692662763,0.000122394689242,0.0000210863599932,0.00000282034761767,3.67809946056e-7,1.17760102114e-7,1.06268942091e-7,4.30166515741e-8,1.82945409932e-8,1.0235862824e-8,5.49918199866e-9,3.5872980142e-9,2.11914308323e-9,4.05458022712e-9,4.83970419296e-10,1.67182739874e-10,8.48663986308e-11,9.74178168689e-11,3.42800267339e-11,2.96935288857e-11,2.33038102704e-11,2.03288098161e-11,5.39724601817e-12,1.62697112727e-11,1.18878388036e-12,1.25794481168e-12,4.66951173908e-12,3.70889110439e-13,5.20613988118e-13,1.3906324009e-13,1.11664902314e-13,6.5299111604e-14,1.94090535609e-14,8.6852124139e-15,1.97907130544e-15,2.6044227602e-16,5.99451635693e-17,1.39272581715e-17,3.73055643847e-18,2.74518828712e-18],"max":[0.10400403291,0.156041666865,0.0639608427882,0.034159284085,0.00834365189075,0.00758413644508,0.0108128096908,0.00336908944882,0.0017519320827,0.00231614056975,0.00153762800619,0.00140078156255,0.000791890430264,0.00316705717705,0.000678479147609,0.000261434412096,0.00014569349878,0.000188734426047,0.000093960610684,0.0000838040941744,0.000145532743772,0.0000756674344302,0.0000398002157453,0.0000694322443451,0.0000134618976517,0.0000203213185159,0.0000560792541364,0.0000146727697938,0.0000219035173359,0.00000907670346351,0.00000948895831243,0.00000661111653244,0.00000327204656969,0.00000230654404731,0.00000108954668576,2.41965381065e-7,1.15986274807e-7,6.14076256511e-8,3.39302381747e-8,4.19161771958e-8],"mean":[0.00558027951047,0.0107649313286,0.00314741930924,0.00133332365658,0.000664042832796,0.000407450104831,0.000275817175861,0.000179448616109,0.000106525236333,0.0000713145273039,0.0000521960464539,0.0000387787404179,0.0000274262110906,0.0000191973140318,0.0000154752397066,0.00000982611163636,0.00000763073603594,0.00000661216517983,0.000004514320608,0.00000381174254471,0.00000299703947348,0.00000242564328801,0.00000168510018739,0.00000154533222485,7.77004004249e-7,5.75987371576e-7,4.42798722133e-7,3.2424895835e-7,2.5255533842e-7,1.90290251112e-7,1.44356363307e-7,1.00984337337e-7,6.68546675797e-8,4.32317150967e-8,2.55386609638e-8,1.38825546614e-8,6.98946411859e-9,3.52172713214e-9,1.74353353977e-9,8.79783301766e-10],"median":[0.00280919997022,0.00599860865623,0.00180037051905,0.000682936632074,0.000348868547007,0.000199492962565,0.000139357303851,0.0000948688539211,0.0000613117445027,0.0000434129178757,0.0000311809853883,0.0000226896627282,0.0000163712575159,0.0000111903800644,0.00000897238805919,0.00000644719784759,0.00000509072924615,0.00000397136955144,0.00000301042496176,0.00000237554786509,0.00000188187129879,0.00000140716588248,0.00000101711452771,7.27451606508e-7,4.87126612825e-7,3.22941502873e-7,2.33341808098e-7,1.74202682501e-7,1.29834504037e-7,9.60939772199e-8,6.93934651963e-8,4.60271749603e-8,2.93290955966e-8,1.81787598308e-8,1.04170974069e-8,5.63757485139e-9,2.85366796859e-9,1.43156375643e-9,7.62511054297e-10,4.14529743864e-10],"min":[8.62076632302e-10,3.52392093284e-9,3.2268498984e-8,2.7287597959e-8,2.3120156456e-8,7.85070231046e-9,5.10088637995e-9,5.96227511807e-10,1.92641991248e-9,3.23351179166e-10,9.24387233425e-11,7.87524628842e-11,4.94464122425e-11,6.29585897305e-11,5.08509900854e-11,5.83056311565e-11,4.33238757369e-11,2.89406883874e-11,3.30553813488e-11,2.48705275124e-11,1.97745118891e-11,1.28452743234e-11,1.18462297263e-11,7.208274342e-12,6.65661666413e-12,4.2858520552e-12,6.41162730547e-12,8.35310987046e-12,8.06784933999e-12,7.95414862448e-12,6.98069553551e-12,8.70231577771e-12,7.02333807431e-12,6.30728585679e-12,5.82626481782e-12,5.39706907637e-12,5.65531649288e-12,4.95583999185e-12,5.55517220766e-12,5.06906539313e-12],"var":[0.0000734370114515,0.000258077838225,0.0000172537802428,0.00000415826661992,8.93249762157e-7,4.13881508621e-7,2.74178290738e-7,7.32818250526e-8,1.97552871839e-8,1.00310932893e-8,5.5013162914e-9,3.68846220233e-9,1.81214820927e-9,4.12348244438e-9,6.69432398404e-10,1.45189416045e-10,7.97251015205e-11,1.16900877867e-10,3.32298494277e-11,3.65303655381e-11,3.13326482815e-11,1.9659929934e-11,6.10981404359e-12,1.45675537605e-11,1.08632460666e-12,7.93677189942e-13,1.27262219859e-12,2.72318029671e-13,2.45761120872e-13,8.63889512768e-14,5.9428387233e-14,3.10581638532e-14,1.17917701225e-14,5.22693401487e-15,1.69622328743e-15,4.53938191323e-16,1.13403444426e-16,3.06212303513e-17,6.83417614708e-18,2.00448858043e-18]},"melbands_crest":{"dmean":2.86044406891,"dmean2":4.65761470795,"dvar":6.93421030045,"dvar2":18.5133190155,"max":33.652469635,"mean":18.4925422668,"median":18.2897872925,"min":3.82797789574,"var":26.0383110046},"melbands_flatness_db":{"dmean":0.0278690736741,"dmean2":0.0424304008484,"dvar":0.000588647380937,"dvar2":0.00145331467502,"max":0.870355606079,"mean":0.417272508144,"median":0.397513747215,"min":0.107292570174,"var":0.0133659485728},"melbands_kurtosis":{"dmean":10.6983509064,"dmean2":17.1131668091,"dvar":186.92401123,"dvar2":496.618988037,"max":241.971633911,"mean":29.2265853882,"median":20.8893318176,"min":-1.71317732334,"var":739.865661621},"melbands_skewness":{"dmean":0.724207162857,"dmean2":1.13777899742,"dvar":0.435204207897,"dvar2":1.12362468243,"max":10.3422136307,"mean":3.62678265572,"median":3.4856133461,"min":-0.83439874649,"var":2.72625255585},"melbands_spread":{"dmean":1.34800505638,"dmean2":2.13126397133,"dvar":9.2853269577,"dvar2":23.0183868408,"max":98.8218307495,"mean":4.11493635178,"median":3.30303692818,"min":0.243319615722,"var":18.9005298615},"mfcc":{"cov":[[12576.8574219,2279.84375,-2880.28662109,577.875793457,-863.473205566,539.44317627,-274.086334229,565.297241211,96.8841247559,140.746963501,166.146286011,345.158691406,208.000442505],[2279.84375,1436.10803223,-440.44128418,-17.8199462891,83.8924179077,90.6804275513,85.3162536621,160.76890564,142.952041626,54.0332221985,96.5333862305,84.2388534546,78.0056686401],[-2880.28662109,-440.44128418,1129.95251465,48.3345108032,319.815093994,14.9583272934,120.464134216,-30.7473011017,5.18427276611,38.0787315369,-5.25270271301,-40.6760177612,-23.9235610962],[577.875793457,-17.8199462891,48.3345108032,294.154022217,55.2926254272,120.507614136,29.1302947998,81.4931716919,27.6095352173,37.2604751587,34.18567276,44.557182312,26.2514286041],[-863.473205566,83.8924179077,319.815093994,55.2926254272,289.607147217,47.7379341125,106.92931366,54.0161819458,74.8759078979,40.3035583496,37.1383628845,17.8479995728,11.6503019333],[539.44317627,90.6804275513,14.9583272934,120.507614136,47.7379341125,146.108551025,49.1741409302,86.323890686,31.9202880859,42.2455406189,35.0717926025,36.65417099,25.7372684479],[-274.086334229,85.3162536621,120.464134216,29.1302947998,106.92931366,49.1741409302,111.578285217,57.1868476868,48.9956283569,27.3013458252,26.8730812073,12.2551469803,10.4485359192],[565.297241211,160.76890564,-30.7473011017,81.4931716919,54.0161819458,86.323890686,57.1868476868,168.231582642,98.8018341064,48.4483413696,51.7321166992,61.2976264954,30.0531272888],[96.8841247559,142.952041626,5.18427276611,27.6095352173,74.8759078979,31.9202880859,48.9956283569,98.8018341064,111.798980713,41.7691078186,43.4321060181,40.9548988342,21.3296985626],[140.746963501,54.0332221985,38.0787315369,37.2604751587,40.3035583496,42.2455406189,27.3013458252,48.4483413696,41.7691078186,62.3163833618,37.7214126587,26.8012390137,16.2402973175],[166.146286011,96.5333862305,-5.25270271301,34.18567276,37.1383628845,35.0717926025,26.8730812073,51.7321166992,43.4321060181,37.7214126587,62.865196228,45.5814819336,23.6194972992],[345.158691406,84.2388534546,-40.6760177612,44.557182312,17.8479995728,36.65417099,12.2551469803,61.2976264954,40.9548988342,26.8012390137,45.5814819336,75.4398880005,40.9469108582],[208.000442505,78.0056686401,-23.9235610962,26.2514286041,11.6503019333,25.7372684479,10.4485359192,30.0531272888,21.3296985626,16.2402973175,23.6194972992,40.9469108582,49.9257392883]],"icov":[[0.00199097697623,-0.0023496390786,0.00302848615684,-0.00273781409487,0.00309323845431,-0.00359005085193,0.00356255820952,-0.00436990195885,0.00409518042579,-0.00461142743006,0.00389222893864,-0.00315076997504,0.00177413900383],[-0.0023496390786,0.00390057801269,-0.00293150078505,0.00369687704369,-0.00434498907998,0.00383216375485,-0.0045312657021,0.00491222552955,-0.00526948692277,0.00566680310294,-0.00549390912056,0.00450672768056,-0.00331332790665],[0.00302848615684,-0.00293150078505,0.00649690954015,-0.00412649102509,0.00255106925033,-0.00517893955112,0.00454893289134,-0.00652839476243,0.0071082348004,-0.00823585409671,0.00625296821818,-0.00418649427593,0.00241580861621],[-0.00273781409487,0.00369687704369,-0.00412649102509,0.00940428394824,-0.005181171,0.000656858552247,-0.00357987242751,0.00491975201294,-0.00493717519566,0.00650886120275,-0.00562913669273,0.00336509384215,-0.00273867370561],[0.00309323845431,-0.00434498907998,0.00255106925033,-0.005181171,0.0133474059403,-0.00600446294993,0.00139935070183,-0.00435784179717,0.00173769542016,-0.00637912377715,0.00535935908556,-0.00566077511758,0.00359945837408],[-0.00359005085193,0.00383216375485,-0.00517893955112,0.000656858552247,-0.00600446294993,0.0228511895984,-0.0102080097422,0.000855540507473,-0.000158275986905,0.00265223742463,-0.00688131060451,0.00654675904661,-0.00552421249449],[0.00356255820952,-0.0045312657021,0.00454893289134,-0.00357987242751,0.00139935070183,-0.0102080097422,0.024308681488,-0.010942527093,0.00548775075004,-0.00682526407763,0.00352432113141,-0.000536490173545,0.00138329097535],[-0.00436990195885,0.00491222552955,-0.00652839476243,0.00491975201294,-0.00435784179717,0.000855540507473,-0.010942527093,0.0303994566202,-0.0237571131438,0.0103531740606,-0.00644426979125,-0.00123497564346,0.000226035015658],[0.00409518042579,-0.00526948692277,0.0071082348004,-0.00493717519566,0.00173769542016,-0.000158275986905,0.00548775075004,-0.0237571131438,0.036545086652,-0.0165858268738,0.00533284526318,-0.00668490910903,0.00274424557574],[-0.00461142743006,0.00566680310294,-0.00823585409671,0.00650886120275,-0.00637912377715,0.00265223742463,-0.00682526407763,0.0103531740606,-0.0165858268738,0.0422411449254,-0.0236132685095,0.0110572632402,-0.00624529272318],[0.00389222893864,-0.00549390912056,0.00625296821818,-0.00562913669273,0.00535935908556,-0.00688131060451,0.00352432113141,-0.00644426979125,0.00533284526318,-0.0236132685095,0.0488896407187,-0.0265019759536,0.00777184544131],[-0.00315076997504,0.00450672768056,-0.00418649427593,0.00336509384215,-0.00566077511758,0.00654675904661,-0.000536490173545,-0.00123497564346,-0.00668490910903,0.0110572632402,-0.0265019759536,0.0474915355444,-0.0260419417173],[0.00177413900383,-0.00331332790665,0.00241580861621,-0.00273867370561,0.00359945837408,-0.00552421249449,0.00138329097535,0.000226035015658,0.00274424557574,-0.00624529272318,0.00777184544131,-0.0260419417173,0.0405358821154]],"mean":[-765.745544434,210.7240448,11.1316699982,40.1748390198,6.95011520386,15.6365842819,1.11157429218,6.76241588593,2.10458612442,2.20994544029,-0.149569407105,0.110041446984,-1.89850056171]},"pitch_salience":{"dmean":0.087638810277,"dmean2":0.140679448843,"dvar":0.00570692960173,"dvar2":0.015238115564,"max":0.855221509933,"mean":0.457648575306,"median":0.474341094494,"min":0.0411604642868,"var":0.0250428747386},"silence_rate_20dB":{"dmean":0.00627943500876,"dmean2":0.0125616872683,"dvar":0.00624007591978,"dvar2":0.0159930754453,"max":1,"mean":0.98834079504,"median":1,"min":0,"var":0.0115239853039},"silence_rate_30dB":{"dmean":0.0560663826764,"dmean2":0.112157918513,"dvar":0.0529227666557,"dvar2":0.126941695809,"max":1,"mean":0.851121068001,"median":1,"min":0,"var":0.126709282398},"silence_rate_60dB":{"dmean":0.0161471180618,"dmean2":0.0323014818132,"dvar":0.0158851668239,"dvar2":0.0352971479297,"max":1,"mean":0.133183851838,"median":0,"min":0,"var":0.11544238776},"spectral_centroid":{"dmean":58.9082603455,"dmean2":92.8401794434,"dvar":13477.4990234,"dvar2":31993.0371094,"max":3834.76025391,"mean":355.042938232,"median":323.807067871,"min":89.5456466675,"var":41353.9882812},"spectral_complexity":{"dmean":1.7012783289,"dmean2":2.78600263596,"dvar":2.52125453949,"dvar2":6.29239749908,"max":30,"mean":10.7869958878,"median":12,"min":0,"var":34.5751876831},"spectral_contrast_coeffs":{"dmean":[0.0499240197241,0.042111326009,0.0316260159016,0.0223247986287,0.0163162685931,0.013963136822],"dmean2":[0.0827624946833,0.0703759342432,0.0527943111956,0.0367192737758,0.0266447030008,0.021980414167],"dvar":[0.00153749273159,0.0011210157536,0.000575475452933,0.000312542979373,0.000183274838491,0.000199562637135],"dvar2":[0.00423593213782,0.0031123154331,0.00161261123139,0.000861974956933,0.000458554073703,0.000443375931354],"max":[-0.291951864958,-0.396810829639,-0.441837161779,-0.591442108154,-0.69370919466,-0.518772065639],"mean":[-0.613799929619,-0.756032109261,-0.814909696579,-0.839676260948,-0.835640966892,-0.749818325043],"median":[-0.621416449547,-0.761816740036,-0.816550433636,-0.840797066689,-0.833986282349,-0.72931432724],"min":[-0.875599741936,-0.928155899048,-0.937764167786,-0.940451562405,-0.931117296219,-0.917829394341],"var":[0.00569094251841,0.0052288742736,0.00211950554512,0.00134099961724,0.00105250277556,0.00362742482685]},"spectral_contrast_valleys":{"dmean":[0.368463367224,0.330838084221,0.269242584705,0.219085335732,0.176839619875,0.130965903401],"dmean2":[0.613886713982,0.552010834217,0.447137117386,0.357425302267,0.265870153904,0.213945254683],"dvar":[0.090965397656,0.070100530982,0.0462680719793,0.0360385924578,0.0371900685132,0.0250223651528],"dvar2":[0.248250409961,0.189163208008,0.118599794805,0.0835428237915,0.0699152201414,0.0595038570464],"max":[-4.73504590988,-4.97961091995,-5.65627336502,-6.59546661377,-7.0088634491,-10.620642662],"mean":[-6.90418148041,-6.84750080109,-7.72822380066,-8.46198558807,-9.08113479614,-12.8562469482],"median":[-6.45313978195,-6.42830610275,-7.23262310028,-7.905210495,-8.49073600769,-12.5900611877],"min":[-13.1927127838,-11.7242851257,-13.3949975967,-13.6112222672,-13.6260328293,-15.2207174301],"var":[2.02805542946,1.48770582676,1.93528044224,2.09523367882,2.22841763496,1.01651465893]},"spectral_decrease":{"dmean":5.1096424869e-9,"dmean2":7.89604914786e-9,"dvar":5.2699494846e-17,"dvar2":1.33538066092e-16,"max":-1.44226780041e-13,"mean":-1.54366777139e-8,"median":-1.12073230696e-8,"min":-1.37124615662e-7,"var":2.90450721047e-16},"spectral_energy":{"dmean":0.019477525726,"dmean2":0.030094627291,"dvar":0.000764020194765,"dvar2":0.00193483533803,"max":0.522718608379,"mean":0.0591252818704,"median":0.0430528596044,"min":6.10125823641e-7,"var":0.00422745011747},"spectral_energyband_high":{"dmean":0.00000593894765188,"dmean2":0.00000896540404938,"dvar":5.98796401352e-10,"dvar2":1.43954359544e-9,"max":0.00119334354531,"mean":0.000019946921384,"median":0.0000104829668999,"min":4.54777504544e-9,"var":9.96745241899e-10},"spectral_energyband_low":{"dmean":0.0182372350246,"dmean2":0.0283845029771,"dvar":0.000735590292607,"dvar2":0.00187927018851,"max":0.497975975275,"mean":0.045115493238,"median":0.0279123261571,"min":5.24855394701e-8,"var":0.00351856532507},"spectral_energyband_middle_high":{"dmean":0.000302906089928,"dmean2":0.000443935714429,"dvar":3.92446480646e-7,"dvar2":6.95360085956e-7,"max":0.0284998435527,"mean":0.00103776482865,"median":0.00080491299741,"min":7.01398361613e-9,"var":0.00000146006345858},"spectral_energyband_middle_low":{"dmean":0.0055372514762,"dmean2":0.00855836924165,"dvar":0.0000745724246372,"dvar2":0.000187383164302,"max":0.184440746903,"mean":0.0161308478564,"median":0.0120147522539,"min":3.85915910783e-7,"var":0.000279886182398},"spectral_entropy":{"dmean":0.160332262516,"dmean2":0.250765472651,"dvar":0.0216352455318,"dvar2":0.0529458858073,"max":8.10180950165,"mean":6.45255184174,"median":6.61777019501,"min":3.47227454185,"var":0.534026861191},"spectral_flux":{"dmean":0.0292223878205,"dmean2":0.0484415665269,"dvar":0.00099209882319,"dvar2":0.00263759400696,"max":0.406281352043,"mean":0.0800208002329,"median":0.0743605867028,"min":0.000505207164679,"var":0.00279990397394},"spectral_kurtosis":{"dmean":9.72327327728,"dmean2":16.9631080627,"dvar":167.6275177,"dvar2":463.641357422,"max":280.634979248,"mean":26.4652004242,"median":13.4877233505,"min":0.627707481384,"var":1425.92675781},"spectral_rms":{"dmean":0.00114146363921,"dmean2":0.00173749856185,"dvar":0.00000145997501022,"dvar2":0.00000371588384951,"max":0.022582501173,"mean":0.00655285688117,"median":0.00648095598444,"min":0.0000243976373895,"var":0.0000147433429447},"spectral_rolloff":{"dmean":75.6143951416,"dmean2":125.31477356,"dvar":28144.9960938,"dvar2":65695.1953125,"max":5318.70117188,"mean":286.931884766,"median":236.865234375,"min":86.1328125,"var":68128.6953125},"spectral_skewness":{"dmean":0.620928108692,"dmean2":1.07035923004,"dvar":0.40041577816,"dvar2":1.10242915154,"max":14.962556839,"mean":3.31022143364,"median":2.60346078873,"min":-0.42150747776,"var":4.79109954834},"spectral_spread":{"dmean":251998.125,"dmean2":426541.71875,"dvar":61397225472,"dvar2":176204120064,"max":10755794,"mean":2187588.75,"median":2103343.5,"min":364428.5,"var":958498603008},"spectral_strongpeak":{"dmean":0.220358774066,"dmean2":0.357587605715,"dvar":0.0730199366808,"dvar2":0.183294922113,"max":4.5098233223,"mean":0.625655949116,"median":0.493239492178,"min":0.000300381856505,"var":0.25178912282},"zerocrossingrate":{"dmean":0.0025296669919,"dmean2":0.00327536161058,"dvar":0.0000116914543469,"dvar2":0.0000187664918485,"max":0.15234375,"mean":0.0132936211303,"median":0.01123046875,"min":0.0029296875,"var":0.000100653429399}},"metadata":{"audio_properties":{"analysis_sample_rate":44100,"bit_rate":0,"codec":"flac","downmix":"mix","equal_loudness":0,"length":103.533332825,"lossless":true,"md5_encoded":"cfc405ffa5bf9d370d7974c6ebfaeab4","replay_gain":-5.74882698059},"tags":{"album":["Flash Gordon"],"albumartist":["Queen"],"albumartistsort":["Queen"],"arranger":["Howard Blake","Queen"],"artist":["Queen"],"artistsort":["Queen"],"asin":["B000024ZSC"],"barcode":["077778949923"],"catalognumber":["7 89499 2"],"composer":["Roger Taylor"],"conductor":["Howard Blake"],"date":["1994-04-05"],"engineer":["Alan Douglas"],"file_name":"10 Escape From the Swamp.flac","format":["CD"],"label":["Parlophone"],"language":["eng"],"mixer":["Alan Douglas"],"musicbrainz_albumartistid":["0383dadf-2a4e-4d10-a46a-e9e041da8eb3"],"musicbrainz_albumid":["be20e9fb-7cfb-4526-b4e9-8e7764cef907"],"musicbrainz_artistid":["0383dadf-2a4e-4d10-a46a-e9e041da8eb3"],"musicbrainz_recordingid":["9889db0c-0828-4951-86b8-730c5a2d9fcb"],"performer":["Freddie Mercury (synthesizer)","Roger Taylor (drums and synthesizer)","Brian May (vocal)","Roger Taylor (vocal)","Freddie Mercury (lead vocal)","John Deacon (bass guitar, guitar and synthesizer)","Brian May (guitar and synthesizer)"],"producer":["Queen"],"releasecountry":["GB"],"releasestatus":["official"],"releasetype":["soundtrack"],"replaygain_album_gain":["-3.53 dB"],"replaygain_album_peak":["0.97732544"],"replaygain_reference_loudness":["89.0 dB"],"replaygain_track_gain":["-0.21 dB"],"replaygain_track_peak":["0.97720337"],"script":["Latn"],"title":["Escape From the Swamp"],"totaltracks":["18"],"tracknumber":["10"],"tracktotal":["18"]},"version":{"essentia":"2.1-beta1","essentia_build_sha":"d95b123ab7c93145a6f110a2dd6bea92b4529a00","essentia_git_sha":"v2.1_beta1-6-g5578087-dirty","extractor":"music 1.0"}},"rhythm":{"beats_count":293,"beats_loudness":{