{"lowlevel":{"average_loudness":0.196355745196,"barkbands":{"dmean":[0.00000127245061776,0.000360147590982,0.000415434595197,0.000647747539915,0.00105148961302,0.000226900636335,0.000274730613455,0.000283472327283,0.000324648572132,0.00033617761801,0.000215891093831,0.000261845911155,0.000262229790678,0.000223573995754,0.000397946423618,0.000291929696687,0.000249672099017,0.000137520270073,0.000108378946607,0.0000662787715555,0.0000526542607986,0.0000393033878936,0.0000442453747382,0.0000436158879893,0.0000159167775564,0.00000109309155505,5.06054846028e-7],"dmean2":[0.00000163861375313,0.000559580163099,0.000697667477652,0.00109003821854,0.00166425446514,0.000374656723579,0.000466094817966,0.000481918687001,0.000533699698281,0.000561485590879,0.000375219125999,0.000435197376646,0.000405873724958,0.000379750796128,0.000626580789685,0.00048712658463,0.000407916289987,0.000227736891247,0.000174519154825,0.000110412656795,0.00008925540169,0.0000638037527096,0.0000670045119477,0.0000605787718087,0.0000231852263823,0.00000175649586254,8.65828155838e-7],"dvar":[2.28721208639e-11,0.00000185497481198,8.34244701764e-7,0.0000013872670479,0.00000343509009326,3.25760510123e-7,3.95222571115e-7,2.93016910291e-7,5.07282379658e-7,3.92993541709e-7,3.794967256e-7,4.38135600689e-7,3.88084430369e-7,7.7826513234e-7,0.00000104703383386,5.52419180622e-7,3.04806945906e-7,1.18343351119e-7,6.48243627666e-8,3.66388093198e-8,3.74110697976e-8,1.32926682994e-8,1.16154978969e-8,1.60593387477e-8,2.34774311103e-9,1.08788481695e-11,1.2358978424e-11],"dvar2":[3.69674429956e-11,0.00000398978363592,0.00000221467303163,0.00000373947614207,0.00000941131293075,9.19924275422e-7,0.00000107183564069,8.19845070055e-7,0.00000138484199397,0.0000010691337593,8.97019901913e-7,0.00000112349687242,9.44139515013e-7,0.00000195610073206,0.00000261389050138,0.0000015872176391,8.06423827271e-7,3.34552964887e-7,1.78442775223e-7,1.05121323202e-7,1.09670224901e-7,3.1605395634e-8,2.41271091994e-8,2.70764157762e-8,4.74303218923e-9,3.01156322102e-11,3.64138337539e-11],"max":[0.000094603819889,0.0227457359433,0.0135741988197,0.0143654420972,0.0251537915319,0.0100350491703,0.00999255478382,0.00968177150935,0.012347782962,0.00981487892568,0.0179715957493,0.0130864921957,0.0118146836758,0.0262109804899,0.0190750528127,0.0109043130651,0.00838417839259,0.00815379060805,0.00506617827341,0.0032162622083,0.00381646421738,0.00408071046695,0.00236914446577,0.00516589963809,0.00143710896373,0.0000584930094192,0.0000937372169574],"mean":[0.00000168496376318,0.000453411805211,0.000595259072725,0.00091927399626,0.00235581118613,0.000378534954507,0.000483860931126,0.000455667235656,0.000627772533335,0.000579234911129,0.000342159240972,0.000512020254973,0.000544910319149,0.000379884644644,0.000768416444771,0.000552137149498,0.000507622782607,0.000296560290735,0.000242826237809,0.000156117283041,0.00012863392476,0.000102184952993,0.000137796843774,0.000141855387483,0.0000529824137629,0.0000039157239371,0.00000112188502044],"median":[1.33740044816e-7,0.0000488308505737,0.000150878418935,0.000305739522446,0.000989295775071,0.000154330089572,0.000166704703588,0.000147761093103,0.000169974635355,0.000228560413234,0.000132140834467,0.000143196986755,0.00011989264749,0.000117985895486,0.000167528982274,0.000169837469002,0.00012057380809,0.0000788961697253,0.0000690825545462,0.0000313941054628,0.0000147201735672,0.00000603944135946,0.00000273578871202,0.00000100876013676,2.00784569415e-7,5.26009031887e-8,1.98927949668e-8],"min":[1.5076762061e-10,6.7925443048e-9,4.29421553871e-10,6.46512565705e-10,3.30746141586e-9,3.17953863238e-9,1.36249154181e-8,7.34098248856e-9,2.93018125319e-8,1.13528120238e-8,1.67173244137e-8,8.45148129258e-9,9.63062785075e-9,4.75971750902e-9,1.24028698423e-8,3.85149112603e-9,1.622872281e-9,1.44889777953e-9,1.45845580057e-9,1.23495147442e-9,1.05028807873e-9,8.72024841225e-10,6.3718774701e-10,7.4196992994e-10,1.02235930832e-9,7.79625086711e-10,9.32881660809e-10],"var":[3.97422789122e-11,0.00000247633533945,0.00000139066696647,0.00000216792068386,0.0000123490772239,5.15978115345e-7,7.33899071292e-7,6.17748753484e-7,0.00000163372226325,8.39545407416e-7,5.2566508657e-7,0.00000109490952127,0.00000145794729178,0.00000128566239255,0.00000244495345214,0.00000107971936814,8.68094332418e-7,3.48681396645e-7,2.06320777352e-7,1.02711567251e-7,8.7932185977e-8,5.5063505755e-8,8.48870698178e-8,1.07561511697e-7,1.65043143596e-8,6.19865270224e-11,1.36824006985e-11]},"barkbands_crest":{"dmean":2.16036224365,"dmean2":3.47430109978,"dvar":4.351146698,"dvar2":11.9725818634,"max":26.2951660156,"mean":9.54361152649,"median":8.07074356079,"min":2.22062492371,"var":29.7630577087},"barkbands_flatness_db":{"dmean":0.0170570611954,"dmean2":0.0265159569681,"dvar":0.000330076669343,"dvar2":0.00072279718006,"max":0.407708674669,"mean":0.152823761106,"median":0.13683155179,"min":0.0354516282678,"var":0.00670909648761},"barkbands_kurtosis":{"dmean":2.29983615875,"dmean2":3.54378437996,"dvar":25.2830200195,"dvar2":53.0976905823,"max":132.189666748,"mean":3.5056476593,"median":0.327209115028,"min":-1.77110147476,"var":87.4784317017},"barkbands_skewness":{"dmean":0.457064062357,"dmean2":0.706444084644,"dvar":0.237575009465,"dvar2":0.561021864414,"max":10.4247455597,"mean":0.981903910637,"median":0.708202600479,"min":-5.45389223099,"var":2.10042405128},"barkbands_spread":{"dmean":3.91576099396,"dmean2":6.19098186493,"dvar":20.7677612305,"dvar2":52.4794578552,"max":82.9129257202,"mean":20.8259754181,"median":19.996881485,"min":0.697268307209,"var":171.284332275},"dissonance":{"dmean":0.0159803461283,"dmean2":0.02706807293,"dvar":0.000381896039471,"dvar2":0.00106153322849,"max":0.5,"mean":0.468259125948,"median":0.481722801924,"min":0.223887190223,"var":0.00167303846683},"dynamic_complexity":7.51509809494,"erbbands":{"dmean":[0.00657267542556,0.0974338799715,0.408083379269,1.29931282997,3.02889895439,3.9373216629,1.60393559933,1.92611408234,3.56351566315,3.6391825676,7.2156829834,7.43109798431,6.08269548416,13.2307815552,7.23782014847,12.0657196045,12.1303892136,8.85931491852,21.1470794678,14.1182050705,17.4886665344,10.3423519135,7.20274448395,6.13515901566,4.64867734909,3.26534199715,2.40980839729,1.90012943745,1.40330946445,1.37500691414,1.29942476749,1.0910731554,0.656835496426,0.286034703255,0.0539746657014,0.00837255548686,0.00165876373649,0.000324384687701,0.0000582099819439,0.000010824542187],"dmean2":[0.00946083664894,0.154066264629,0.677055180073,2.18662071228,5.03159999847,6.1369304657,2.69415783882,3.2115676403,5.87619829178,6.11835861206,12.3189325333,12.0726461411,10.1713256836,22.0526561737,12.1889362335,19.8245830536,18.5817165375,14.5661859512,33.0127029419,23.5179481506,28.5563926697,16.8639793396,11.8859043121,10.0338277817,7.68137454987,5.42154788971,4.11110782623,3.26667046547,2.2424454689,2.12887144089,1.93960547447,1.58191454411,0.898906111717,0.414132237434,0.0801413282752,0.0127196293324,0.00273233139887,0.000537788611837,0.0000973237329163,0.0000178122299985],"dvar":[0.000884080887772,0.11815495044,0.852440297604,5.37566709518,30.1535015106,52.5938529968,24.4143638611,22.3112354279,68.0808410645,58.2215957642,198.170211792,298.923217773,148.701431274,660.889038086,432.642211914,982.284912109,869.263549805,968.803833008,3180.84326172,1804.57019043,1670.1932373,484.554992676,336.438873291,161.662353516,160.703048706,83.6953201294,85.1337356567,50.3998985291,18.4615192413,11.2972898483,10.5818595886,9.86963176727,3.59492540359,0.900116622448,0.0213233809918,0.000505985401105,0.0000289551862807,0.00000181494829121,9.8034050211e-8,4.61713689504e-9],"dvar2":[0.00176523602568,0.259057760239,2.19165921211,15.0080213547,86.8684310913,141.781173706,69.8875045776,61.9218025208,179.342193604,163.448501587,544.410400391,803.382507324,394.927642822,1725.38806152,1163.83825684,2471.72631836,2081.93041992,2218.02880859,7639.77490234,4893.82861328,4731.25878906,1301.97277832,947.981689453,448.504180908,446.97644043,237.557144165,249.567962646,149.035308838,44.6357002258,28.1066665649,22.063993454,19.6158161163,5.92201089859,1.8571035862,0.045622497797,0.00126472685952,0.0000842277513584,0.00000524223378306,2.88507862933e-7,1.36150548613e-8],"max":[0.525031805038,5.86581897736,15.3955316544,25.8351554871,76.9352874756,126.364578247,144.086715698,69.5994949341,125.272659302,120.463401794,262.002746582,314.578155518,203.004013062,532.968261719,693.200866699,669.903076172,572.325927734,1145.61730957,1136.27502441,731.893981934,608.141601562,387.945220947,452.977172852,243.616851807,247.595535278,145.789459229,207.562942505,164.488555908,160.622177124,95.9826660156,75.1179351807,118.066986084,74.4303970337,29.4617538452,4.66328191757,0.533795416355,0.10073941201,0.029779098928,0.00792326871306,0.00187543209177],"mean":[0.00784236565232,0.126462563872,0.619646847248,2.03706908226,5.75679636002,9.17889881134,3.06570482254,3.18973255157,6.53906917572,6.24962282181,12.7639856339,15.0333137512,11.8610706329,21.9937572479,14.0786046982,24.8517856598,26.57862854,18.3111820221,40.6377029419,28.9679317474,36.564201355,24.0905666351,16.9110031128,15.0301885605,10.340007782,7.79488611221,5.73292160034,4.52196407318,3.69584131241,3.88026690483,3.89432835579,3.32793521881,2.09927248955,0.941731989384,0.185414716601,0.0308627784252,0.00542601710185,0.000974152761046,0.000159150746185,0.0000322631531162],"median":[0.000766311073676,0.0171716567129,0.176549911499,0.927928566933,2.68992328644,3.60354471207,1.4423738718,1.35810053349,2.11944055557,2.84184265137,3.91353368759,4.02959823608,4.9957318306,8.66733360291,5.59816837311,6.63975858688,6.4848651886,5.57526350021,9.25389099121,8.40015697479,9.86868095398,7.0196018219,4.7333984375,4.30870389938,2.58056497574,1.5504488945,0.795706093311,0.458665072918,0.23084411025,0.140520751476,0.072058737278,0.0311328284442,0.0112775713205,0.00341928750277,0.000950345071033,0.000314288889058,0.000082820901298,0.0000191572198673,0.0000070224978117,0.0000101035211628],"min":[3.32392176006e-7,8.71131305757e-7,0.00000140476345223,0.00000435536867371,0.00000619724414719,0.0000132827808557,0.0000170791445271,0.000104626160464,0.00018720170192,0.00035778892925,0.000524842180312,0.000643407925963,0.000555620354135,0.000478512316477,0.000691247347277,0.000791409809608,0.00046284525888,0.000354200397851,0.000617098005023,0.000433276232798,0.000324651104165,0.000157230620971,0.0000677999560139,0.0000733457127353,0.0000820131899673,0.0000579898951401,0.0000478957808809,0.0000288747542072,0.000028727850804,0.0000236976320593,0.0000152356005856,0.0000143596644193,0.000013790579942,0.0000105650060505,0.0000069725965659,0.00000331561932398,0.00000133653804824,5.67375195715e-7,1.19327367543e-7,1.51575871854e-8],"var":[0.00116574764252,0.160261914134,1.51700186729,9.10338306427,63.8983421326,205.923370361,36.6402626038,35.9167327881,140.149108887,95.8612442017,483.823516846,1031.51647949,323.45916748,1283.35168457,651.442382812,2743.10449219,3447.82202148,2236.82861328,7419.13720703,3586.52124023,4258.41943359,1711.84790039,1097.32666016,658.710998535,468.024108887,258.847412109,174.404953003,119.428314209,75.0420608521,65.2185974121,69.2353134155,56.7799873352,24.9445457458,5.64518404007,0.169757500291,0.00380093301646,0.000128194355057,0.00000500804389958,1.64438247907e-7,5.57559154402e-9]},"erbbands_crest":{"dmean":2.48993206024,"dmean2":4.07824516296,"dvar":6.05011892319,"dvar2":17.8247642517,"max":30.2735652924,"mean":9.23541164398,"median":7.63470172882,"min":2.61284804344,"var":24.6258602142},"erbbands_flatness_db":{"dmean":0.0151088582352,"dmean2":0.0241858549416,"dvar":0.000275088386843,"dvar2":0.000722068944015,"max":0.471228539944,"mean":0.201548814774,"median":0.186144441366,"min":0.0695719569921,"var":0.0046170707792},"erbbands_kurtosis":{"dmean":1.11473691463,"dmean2":1.89859509468,"dvar":4.68261480331,"dvar2":15.1398220062,"max":29.6165809631,"mean":0.791785180569,"median":0.0262215137482,"min":-1.73255836964,"var":7.99120569229},"erbbands_skewness":{"dmean":0.3468311131,"dmean2":0.547493696213,"dvar":0.115132436156,"dvar2":0.28811904788,"max":4.13215684891,"mean":0.162053003907,"median":0.0777435600758,"min":-3.04012703896,"var":0.58423948288},"erbbands_spread":{"dmean":5.561191082,"dmean2":8.92000198364,"dvar":34.3369598389,"dvar2":91.2470779419,"max":85.5323867798,"mean":28.9600734711,"median":28.3216018677,"min":1.11338806152,"var":195.014755249},"gfcc":{"cov":[[20698.4960938,-2673.44238281,-1293.33630371,1353.98706055,-1847.76501465,1397.34020996,-1204.37597656,253.516769409,-321.25994873,-666.416137695,-139.385513306,-252.496307373,-140.06187439],[-2673.44238281,3553.60961914,384.362335205,-601.890441895,528.803344727,-1041.21850586,384.390472412,-639.961425781,-161.620498657,-438.617858887,-119.371917725,-219.747253418,97.8664321899],[-1293.33630371,384.362335205,1249.76794434,-250.862991333,-161.518890381,213.485275269,-33.8399925232,88.7372436523,-71.0131454468,-2.89035391808,-67.9953689575,46.6526031494,34.2158432007],[1353.98706055,-601.890441895,-250.862991333,432.969268799,-86.7189941406,193.306091309,-49.9989700317,67.8857192993,10.5947580338,-22.5700798035,0.923741936684,17.0761032104,-1.01673364639],[-1847.76501465,528.803344727,-161.518890381,-86.7189941406,635.917053223,-323.922607422,146.182479858,-39.6040649414,5.51495075226,-4.02631950378,13.5593500137,-25.7526111603,-1.94431841373],[1397.34020996,-1041.21850586,213.485275269,193.306091309,-323.922607422,642.994567871,-161.004364014,249.087097168,40.4461555481,118.177947998,41.6733894348,68.8158721924,-29.9030132294],[-1204.37597656,384.390472412,-33.8399925232,-49.9989700317,146.182479858,-161.004364014,225.073577881,-54.6811141968,14.2651395798,1.75535190105,0.268324673176,10.7552375793,9.92405414581],[253.516769409,-639.961425781,88.7372436523,67.8857192993,-39.6040649414,249.087097168,-54.6811141968,297.1199646,55.6457901001,86.3533325195,24.2192974091,56.1125144958,-12.2510681152],[-321.25994873,-161.620498657,-71.0131454468,10.5947580338,5.51495075226,40.4461555481,14.2651395798,55.6457901001,113.026321411,90.6228408813,35.3190422058,12.0959224701,-5.93292045593],[-666.416137695,-438.617858887,-2.89035391808,-22.5700798035,-4.02631950378,118.177947998,1.75535190105,86.3533325195,90.6228408813,217.158218384,73.5842132568,49.4585762024,-24.0324249268],[-139.385513306,-119.371917725,-67.9953689575,0.923741936684,13.5593500137,41.6733894348,0.268324673176,24.2192974091,35.3190422058,73.5842132568,79.8387527466,27.8509197235,-16.5715484619],[-252.496307373,-219.747253418,46.6526031494,17.0761032104,-25.7526111603,68.8158721924,10.7552375793,56.1125144958,12.0959224701,49.4585762024,27.8509197235,78.6197967529,8.74669647217],[-140.06187439,97.8664321899,34.2158432007,-1.01673364639,-1.94431841373,-29.9030132294,9.92405414581,-12.2510681152,-5.93292045593,-24.0324249268,-16.5715484619,8.74669647217,54.0509910583]],"icov":[[0.000188231962966,-0.000136093905894,0.000334852840751,-0.000255109422142,0.000408069492551,-0.000287344737444,0.00063253112603,-0.000299443723634,0.000420229684096,0.000344341940945,0.000070493122621,0.000245784205617,0.000370180117898],[-0.000136093905894,0.00230170809664,-0.0014710710384,0.00145898840856,-0.000855293241329,0.0013509382261,-0.00243997224607,0.00235120393336,-0.00174148601945,0.00364902219735,-0.0034404117614,0.00315893441439,-0.00199869205244],[0.000334852840751,-0.0014710710384,0.00264804647304,0.000027674710509,0.0010596314678,-0.00205194484442,0.00203053327277,-0.00182629202027,0.00232657697052,-0.00162531144451,0.0034728248138,-0.00211189547554,0.000910857925192],[-0.000255109422142,0.00145898840856,0.000027674710509,0.00500909192488,-0.00105630769394,-0.000892913376447,-0.00211957935244,0.00172028131783,-0.00171084678732,0.00317192031071,-0.000947144755628,0.000491891929414,-0.00212641921826],[0.000408069492551,-0.000855293241329,0.0010596314678,-0.00105630769394,0.00358381099068,0.000663735845592,0.000917972356547,-0.00239855609834,0.00193724234123,-0.000717908609658,-0.0000132205832415,0.000693871290423,0.00147642893717],[-0.000287344737444,0.0013509382261,-0.00205194484442,-0.000892913376447,0.000663735845592,0.00591828720644,-0.000763397547416,-0.000865018402692,-0.000879271421582,0.0000529059689143,-0.00324579561129,0.00126873259433,0.0000602596228418],[0.00063253112603,-0.00243997224607,0.00203053327277,-0.00211957935244,0.000917972356547,-0.000763397547416,0.0102409794927,-0.00203761947341,0.00102221197449,-0.00237208791077,0.00416809646413,-0.00500223273411,0.00314513780177],[-0.000299443723634,0.00235120393336,-0.00182629202027,0.00172028131783,-0.00239855609834,-0.000865018402692,-0.00203761947341,0.00894352141768,-0.00471184635535,0.0032986337319,-0.00152648158837,-0.000460672308691,-0.00145226041786],[0.000420229684096,-0.00174148601945,0.00232657697052,-0.00171084678732,0.00193724234123,-0.000879271421582,0.00102221197449,-0.00471184635535,0.0177206844091,-0.00816871225834,0.000307962094666,0.00250754598528,-0.000933523348067],[0.000344341940945,0.00364902219735,-0.00162531144451,0.00317192031071,-0.000717908609658,0.0000529059689143,-0.00237208791077,0.0032986337319,-0.00816871225834,0.0183812808245,-0.0104740075767,0.00265133869834,0.000196276858333],[0.000070493122621,-0.0034404117614,0.0034728248138,-0.000947144755628,-0.0000132205832415,-0.00324579561129,0.00416809646413,-0.00152648158837,0.000307962094666,-0.0104740075767,0.0277965329587,-0.0119869252667,0.00712705263868],[0.000245784205617,0.00315893441439,-0.00211189547554,0.000491891929414,0.000693871290423,0.00126873259433,-0.00500223273411,-0.000460672308691,0.00250754598528,0.00265133869834,-0.0119869252667,0.0267805848271,-0.00875043869019],[0.000370180117898,-0.00199869205244,0.000910857925192,-0.00212641921826,0.00147642893717,0.0000602596228418,0.00314513780177,-0.00145226041786,-0.000933523348067,0.000196276858333,0.00712705263868,-0.00875043869019,0.0252283215523]],"mean":[-106.770675659,107.357566833,-147.684463501,23.754524231,-48.4001998901,4.10237550735,-35.9857673645,-2.87856507301,-20.5676193237,-12.3760099411,-17.2416763306,-11.3467502594,-9.76474189758]},"hfc":{"dmean":2.7375972271,"dmean2":3.96526646614,"dvar":32.3180770874,"dvar2":83.2602615356,"max":139.7215271,"mean":14.7244577408,"median":5.38899612427,"min":0.000462567259092,"var":442.556152344},"melbands":{"dmean":[0.0000805345771369,0.000176962508704,0.000244002003456,0.000289566989522,0.000062588333094,0.000042460316763,0.0000560696389584,0.0000416967050114,0.000060063557612,0.0000453375469078,0.0000314471435559,0.0000561828528589,0.0000280779895547,0.0000296729922411,0.0000304484638036,0.0000225791191042,0.0000183673637366,0.0000347544519173,0.0000235108473134,0.0000190538266907,0.0000232746224356,0.0000131380411403,0.00000820928016765,0.00000691649074724,0.00000554171401745,0.00000442937925982,0.0000024569467314,0.00000233731407207,0.00000172622662831,0.0000014192329445,0.00000118500145163,8.90682485988e-7,8.01331793809e-7,8.78874459431e-7,8.50928472573e-7,8.11964355307e-7,7.26622431557e-7,5.39987638604e-7,3.78393878009e-7,2.25094836992e-7],"dmean2":[0.000122488781926,0.000290021096589,0.000412761612097,0.000456358160591,0.000103314567241,0.0000704921912984,0.0000932775874389,0.0000706193895894,0.000102164398413,0.0000741448166082,0.0000526240692125,0.000093896407634,0.0000475711458421,0.0000497323926538,0.0000473656182294,0.0000355320444214,0.000030839270039,0.0000544675858691,0.0000383395781682,0.0000315970355587,0.0000380953970307,0.0000216317839659,0.0000135803938974,0.0000114275371743,0.00000908074616746,0.0000072720067692,0.00000418055560658,0.00000388631087844,0.00000298627560369,0.00000244590228249,0.00000206309368878,0.00000148507558606,0.00000130949069899,0.00000140588417707,0.00000133583671413,0.00000123807319596,0.00000106526204036,7.8655557445e-7,5.4191940535e-7,3.44454406331e-7],"dvar":[1.16389280436e-7,1.73552578531e-7,1.93033883988e-7,2.61660090928e-7,2.66915822777e-8,1.07974198471e-8,1.66191185258e-8,6.68112232205e-9,1.41268454712e-8,1.02448787231e-8,3.83882570176e-9,1.17188170279e-8,7.02456537383e-9,5.12183229162e-9,5.41603384363e-9,2.80828205135e-9,5.31457367003e-9,9.23199561242e-9,4.74151473639e-9,2.75753175849e-9,2.83375012344e-9,8.22015122637e-10,3.28755023205e-10,3.96996741037e-10,1.2302531216e-10,1.61615873462e-10,3.29919980224e-11,4.51896992049e-11,4.46808874621e-11,2.19948313035e-11,1.7959822865e-11,7.82029996316e-12,4.41615841118e-12,4.55246560935e-12,4.81944128702e-12,4.98117779663e-12,4.28711753597e-12,2.58646641431e-12,1.16762469918e-12,6.4164748818e-13],"dvar2":[2.41855985905e-7,4.14030608908e-7,5.27759766555e-7,7.14854422768e-7,7.52183666464e-8,2.97887385869e-8,4.41008296548e-8,1.90232878339e-8,3.89610264051e-8,2.76960658852e-8,1.02076569419e-8,3.09143324273e-8,1.76281762521e-8,1.26537269551e-8,1.34457494028e-8,7.45707229299e-9,1.19778533758e-8,2.25896741313e-8,1.24684893521e-8,7.78264563905e-9,8.04002020516e-9,2.24614171707e-9,8.91145046644e-10,1.06633035735e-9,3.40224154405e-10,4.50442960709e-10,9.31787771941e-11,1.27311536313e-10,1.32165986488e-10,6.28159260718e-11,5.35032504412e-11,1.8602624649e-11,1.12959537557e-11,1.17108796618e-11,1.0952220901e-11,1.17033154001e-11,9.01387818553e-12,4.99073395457e-12,2.09580595066e-12,1.47621639305e-12],"max":[0.00566202960908,0.00612917123362,0.00498714344576,0.00724365375936,0.00472122710198,0.00152412196621,0.00198432081379,0.00131798104849,0.00199362495914,0.00178010656964,0.00100840278901,0.00198398064822,0.00278603262268,0.00144587096293,0.00133096438367,0.00099629512988,0.00266861356795,0.00222315383144,0.00164714630228,0.000861989043187,0.000783735362347,0.00040038235602,0.000320847146213,0.000443075376097,0.000167223042808,0.000245930103119,0.0000901567109395,0.00011030841415,0.000137202980113,0.000101173078292,0.00011175491818,0.0000972290145,0.0000643449602649,0.000046160279453,0.0000487266333948,0.0000645417167107,0.0000717638467904,0.0000574073164898,0.0000348165340256,0.0000272038887488],"mean":[0.0000993665453279,0.000269716780167,0.000412798835896,0.000655888579786,0.000136896065669,0.000070361973485,0.000101722063846,0.0000718913724995,0.000112239518785,0.000087732951215,0.0000584775698371,0.0000912127579795,0.0000459394759673,0.0000579139705223,0.000066540123953,0.0000444473698735,0.0000324500979332,0.0000641226070002,0.00004564376286,0.0000354756266461,0.0000453653665318,0.0000270718173851,0.000016741501895,0.0000144615214595,0.0000119449578051,0.00000862414253788,0.00000553696099814,0.00000505203979628,0.00000358863189831,0.00000306336096401,0.00000251625533565,0.00000207382436201,0.00000198903899218,0.00000224866676035,0.00000227255827667,0.00000214966985368,0.00000198380234906,0.00000153432677052,0.00000116735805022,6.57171483454e-7],"median":[0.00000997696588456,0.0000608253467362,0.000210190250073,0.000266962393653,0.0000730476895114,0.0000285131554847,0.0000332378403982,0.000033213851566,0.0000327555790136,0.0000238992579398,0.0000226326592383,0.00003440997898,0.0000178009995579,0.0000156607948156,0.0000165872552316,0.0000110313421828,0.00000941212147154,0.000014116814782,0.0000119497362903,0.0000104244654722,0.0000109748671093,0.00000727665201339,0.00000481803317598,0.00000338620611728,0.0000035703942558,0.00000207386437978,0.00000133093510613,8.93283413461e-7,5.0418191222e-7,3.66522840523e-7,2.23769305308e-7,1.33920138978e-7,9.37297599535e-8,6.37968327055e-8,4.37770459882e-8,2.65315129866e-8,1.4687962846e-8,7.93348142736e-9,4.30649782501e-9,2.1796369154e-9],"min":[2.06966155325e-9,1.29445321129e-9,8.19394829765e-10,6.22759954716e-10,4.92696217158e-10,1.04501785003e-9,2.92296720161e-9,4.61331461921e-9,3.73304942514e-9,4.26283230937e-9,2.3197330723e-9,1.40706080121e-9,2.52935006273e-9,1.02400354862e-9,1.47263623518e-9,9.15479414498e-10,4.28180019219e-10,9.50829637247e-10,8.91853535467e-10,2.61850624517e-10,2.81760753618e-10,1.00546820869e-10,6.03039979064e-11,6.54144863277e-11,4.24971273449e-11,5.94454277469e-11,5.33187556606e-11,3.30764686474e-11,2.70792086671e-11,2.36418749161e-11,1.28873743274e-11,1.49650292158e-11,1.05442989409e-11,1.310207845e-11,8.96070717626e-12,7.85818025234e-12,9.42526525577e-12,7.81143552619e-12,9.29058999871e-12,7.2840500992e-12],"var":[1.51716307073e-7,3.24894529058e-7,3.47808082779e-7,9.69299776443e-7,5.2907491721e-8,1.79125763111e-8,3.35205214697e-8,1.19019833988e-8,3.88973013798e-8,3.23518420942e-8,8.18441137085e-9,2.25623590921e-8,9.09098218926e-9,1.37638274111e-8,2.01775236519e-8,8.4083318086e-9,9.83978676317e-9,1.9711913879e-8,8.75199557271e-9,5.10231412676e-9,6.81016043558e-9,2.2839161673e-9,9.96869919945e-10,1.03069064394e-9,3.95556448707e-10,3.73578723512e-10,1.18164825147e-10,1.1913742215e-10,7.51404286015e-11,4.9444778133e-11,4.18496660937e-11,2.69890065158e-11,1.79232254038e-11,2.30371659249e-11,2.45916724484e-11,2.31943735052e-11,2.10615622165e-11,1.37649579235e-11,8.1273347427e-12,3.03793166838e-12]},"melbands_crest":{"dmean":2.79802513123,"dmean2":4.47028541565,"dvar":6.35159063339,"dvar2":16.9850921631,"max":34.3544082642,"mean":13.4629831314,"median":11.7171821594,"min":2.96591353416,"var":47.5321807861},"melbands_flatness_db":{"dmean":0.0217464566231,"dmean2":0.0334032326937,"dvar":0.00053204910364,"dvar2":0.00119002955034,"max":0.497081816196,"mean":0.196232706308,"median":0.175807714462,"min":0.0210063736886,"var":0.011351830326},"melbands_kurtosis":{"dmean":3.7413880825,"dmean2":5.8469080925,"dvar":44.3459320068,"dvar2":96.6204833984,"max":158.667282104,"mean":7.72874546051,"median":2.56575226784,"min":-1.75342333317,"var":217.898742676},"melbands_skewness":{"dmean":0.529955148697,"dmean2":0.836219072342,"dvar":0.287336498499,"dvar2":0.699666798115,"max":10.0971317291,"mean":1.78272676468,"median":1.46309292316,"min":-4.75435686111,"var":2.76913833618},"melbands_spread":{"dmean":6.58040952682,"dmean2":10.1265773773,"dvar":63.1433410645,"dvar2":157.904373169,"max":160.738571167,"mean":30.7440090179,"median":26.0080394745,"min":0.80805516243,"var":507.104187012},"mfcc":{"cov":[[21180.7832031,-2606.3125,-700.951721191,-370.658416748,-143.501647949,99.9562530518,-429.089691162,386.01651001,-333.354858398,-186.130813599,-456.588775635,70.9611282349,-192.512756348],[-2606.3125,2924.81665039,155.820907593,277.100372314,-98.8214492798,-232.577041626,68.6686248779,-184.744750977,-73.0422515869,-239.160522461,-169.981582642,-308.26385498,-199.828598022],[-700.951721191,155.820907593,1457.3338623,-355.655426025,-66.5105285645,63.5718536377,14.6550617218,52.8561897278,45.6165275574,-12.438536644,-48.0424919128,-27.6448040009,-27.3702754974],[-370.658416748,277.100372314,-355.655426025,357.729522705,9.19531726837,-5.35259914398,23.602973938,2.48175740242,-0.959962069988,-43.5512161255,-34.5272674561,-45.5527534485,-34.6008262634],[-143.501647949,-98.8214492798,-66.5105285645,9.19531726837,310.884063721,-22.9499416351,42.7281188965,39.5743942261,12.165225029,43.8984832764,29.1479587555,2.41393852234,12.4397993088],[99.9562530518,-232.577041626,63.5718536377,-5.35259914398,-22.9499416351,196.402694702,20.0954742432,24.1011657715,-0.508425951004,15.8119249344,21.9852161407,35.441318512,23.3135032654],[-429.089691162,68.6686248779,14.6550617218,23.602973938,42.7281188965,20.0954742432,106.66293335,41.2540626526,20.737033844,-0.40696400404,14.5938396454,12.9377260208,7.72434663773],[386.01651001,-184.744750977,52.8561897278,2.48175740242,39.5743942261,24.1011657715,41.2540626526,152.437271118,40.4468193054,11.8618354797,-6.23039770126,22.1305732727,2.3932197094],[-333.354858398,-73.0422515869,45.6165275574,-0.959962069988,12.165225029,-0.508425951004,20.737033844,40.4468193054,89.4106521606,41.6824798584,15.2412595749,14.2343349457,11.0294036865],[-186.130813599,-239.160522461,-12.438536644,-43.5512161255,43.8984832764,15.8119249344,-0.40696400404,11.8618354797,41.6824798584,108.500396729,73.2258377075,43.6732063293,38.5315856934],[-456.588775635,-169.981582642,-48.0424919128,-34.5272674561,29.1479587555,21.9852161407,14.5938396454,-6.23039770126,15.2412595749,73.2258377075,122.203704834,60.0061950684,45.1287345886],[70.9611282349,-308.26385498,-27.6448040009,-45.5527534485,2.41393852234,35.441318512,12.9377260208,22.1305732727,14.2343349457,43.6732063293,60.0061950684,101.361274719,58.0558052063],[-192.512756348,-199.828598022,-27.3702754974,-34.6008262634,12.4397993088,23.3135032654,7.72434663773,2.3932197094,11.0294036865,38.5315856934,45.1287345886,58.0558052063,84.0187606812]],"icov":[[0.0000900513405213,0.0000640320940875,0.0000904146509129,0.000158742448548,0.0000222264843615,-0.0000264529717242,0.000257154053543,-0.000307888840325,0.000370644556824,-0.0000721612013876,0.000428907864261,-0.000193169194972,0.000330170412781],[0.0000640320940875,0.000783822557423,-0.000134721340146,-0.000325450440869,0.000217970460653,0.000623689964414,-0.000796925276518,0.000551982608158,0.000252234051004,0.000764063268434,-0.000202722803806,0.00142550829332,0.000425604725024],[0.0000904146509129,-0.000134721340146,0.00124298548326,0.00157631223556,0.000134674017318,-0.000674700248055,0.000191582861589,-0.000722559809219,-0.000408127933042,0.0000941885518841,0.000827381387353,0.000131641558255,0.000586083391681],[0.000158742448548,-0.000325450440869,0.00157631223556,0.00519833015278,-0.0000557083185413,-0.00116955814883,0.0000150448458953,-0.00116337870713,-0.000811290869024,0.00100503268186,0.00112640950829,0.00065716158133,0.00119498115964],[0.0000222264843615,0.000217970460653,0.000134674017318,-0.0000557083185413,0.00403950316831,0.000907974899746,-0.00191301747691,-0.000938515586313,0.00130927481223,-0.00215230579488,-0.000098692253232,0.00170766853262,-0.000368925393559],[-0.0000264529717242,0.000623689964414,-0.000674700248055,-0.00116955814883,0.000907974899746,0.00654465751722,-0.00187928311061,-0.0000489563099109,0.00151526369154,-0.000410067237681,-0.000636607641354,-0.000162798693054,-0.000611382420175],[0.000257154053543,-0.000796925276518,0.000191582861589,0.0000150448458953,-0.00191301747691,-0.00187928311061,0.0145507352427,-0.0042204936035,-0.00172670092434,0.00308822235093,-0.00135940487962,-0.00306623475626,0.00000890778301255],[-0.000307888840325,0.000551982608158,-0.000722559809219,-0.00116337870713,-0.000938515586313,-0.0000489563099109,-0.0042204936035,0.0110339643434,-0.00463036959991,0.00081790308468,0.000695078168064,-0.00125433213543,0.00084525620332],[0.000370644556824,0.000252234051004,-0.000408127933042,-0.000811290869024,0.00130927481223,0.00151526369154,-0.00172670092434,-0.00463036959991,0.0190562848002,-0.00952846650034,0.0041467435658,-0.000819023756776,0.000865290814545],[-0.0000721612013876,0.000764063268434,0.0000941885518841,0.00100503268186,-0.00215230579488,-0.000410067237681,0.00308822235093,0.00081790308468,-0.00952846650034,0.0236695650965,-0.0116581348702,0.00191419490147,-0.00244327215478],[0.000428907864261,-0.000202722803806,0.000827381387353,0.00112640950829,-0.000098692253232,-0.000636607641354,-0.00135940487962,0.000695078168064,0.0041467435658,-0.0116581348702,0.020663516596,-0.00827558618039,0.000951987400185],[-0.000193169194972,0.00142550829332,0.000131641558255,0.00065716158133,0.00170766853262,-0.000162798693054,-0.00306623475626,-0.00125433213543,-0.000819023756776,0.00191419490147,-0.00827558618039,0.0256570335478,-0.01068269182],[0.000330170412781,0.000425604725024,0.000586083391681,0.00119498115964,-0.000368925393559,-0.000611382420175,0.00000890778301255,0.00084525620332,0.000865290814545,-0.00244327215478,0.000951987400185,-0.01068269182,0.0224304609001]],"mean":[-733.289550781,126.471847534,-25.1720676422,13.9769287109,5.83613967896,1.71268486977,-3.84502434731,2.42242670059,-2.21450090408,1.14267838001,-6.69705963135,-6.20577383041,-6.21571063995]},"pitch_salience":{"dmean":0.058919403702,"dmean2":0.0941029191017,"dvar":0.00274005229585,"dvar2":0.00711510004476,"max":0.901716053486,"mean":0.599179446697,"median":0.618059396744,"min":0.0796252861619,"var":0.0185410473496},"silence_rate_20dB":{"dmean":0,"dmean2":0,"dvar":0,"dvar2":0,"max":1,"mean":1,"median":1,"min":1,"var":0},"silence_rate_30dB":{"dmean":0,"dmean2":0,"dvar":0,"dvar2":0,"max":1,"mean":1,"median":1,"min":1,"var":0},"silence_rate_60dB":{"dmean":0.0167746860534,"dmean2":0.0335621647537,"dvar":0.0164940096438,"dvar2":0.0393023900688,"max":1,"mean":0.363567084074,"median":0,"min":0,"var":0.231389254332},"spectral_centroid":{"dmean":201.743972778,"dmean2":314.918121338,"dvar":52847.2070312,"dvar2":134512.5625,"max":4403.45996094,"mean":1464.29150391,"median":1455.54785156,"min":238.023193359,"var":633156.1875},"spectral_complexity":{"dmean":2.61761331558,"dmean2":3.90312743187,"dvar":10.6188802719,"dvar2":22.4285182953,"max":59,"mean":17.245426178,"median":15,"min":0,"var":237.76184082},"spectral_contrast_coeffs":{"dmean":[0.0458788871765,0.039397764951,0.0338641703129,0.0267582964152,0.0195716377348,0.0190212819725],"dmean2":[0.0756673663855,0.0666160956025,0.0578329339623,0.044942099601,0.0323100537062,0.0298605300486],"dvar":[0.00140357541386,0.000937167380471,0.000692030589562,0.000486535369419,0.000272123987088,0.000342339160852],"dvar2":[0.00385627080686,0.00269622611813,0.00202716025524,0.00131499825511,0.000706719525624,0.000815369188786],"max":[-0.317054659128,-0.539540350437,-0.567110180855,-0.474973350763,-0.56981831789,-0.589523375034],"mean":[-0.625248014927,-0.793643832207,-0.803879082203,-0.803135275841,-0.804208874702,-0.767812252045],"median":[-0.611343801022,-0.799503266811,-0.809309482574,-0.812392830849,-0.802128553391,-0.770413398743],"min":[-0.927150607109,-0.952565312386,-0.93515753746,-0.93294262886,-0.933259010315,-0.925222873688],"var":[0.0148392766714,0.00397147145122,0.00268095079809,0.00310222920962,0.0020156018436,0.00355230132118]},"spectral_contrast_valleys":{"dmean":[0.41518509388,0.331329017878,0.284801870584,0.251466006041,0.248268559575,0.245619088411],"dmean2":[0.698320567608,0.553649187088,0.470236450434,0.401959627867,0.377638936043,0.368194192648],"dvar":[0.106051832438,0.0725670084357,0.050434038043,0.0513688661158,0.0798041000962,0.105306088924],"dvar2":[0.295286804438,0.196887150407,0.128630444407,0.121721841395,0.195166349411,0.231729507446],"max":[-5.69714927673,-5.08426380157,-5.21096277237,-5.24468898773,-5.36858940125,-7.77485275269],"mean":[-8.53720092773,-7.4978518486,-7.75469017029,-7.97449922562,-8.23486423492,-11.5026426315],"median":[-8.37422180176,-6.99570608139,-7.17076587677,-7.46277713776,-7.69962882996,-11.8190746307],"min":[-13.1999359131,-13.0066747665,-12.447886467,-12.914768219,-13.4016342163,-14.9156513214],"var":[1.55012381077,1.94841659069,2.10940623283,2.20095944405,2.6816868782,4.24890613556]},"spectral_decrease":{"dmean":5.84852444252e-10,"dmean2":8.973260468e-10,"dvar":8.23331999657e-19,"dvar2":1.98867454148e-18,"max":-4.0053385413e-13,"mean":-2.75186362586e-9,"median":-1.87683957265e-9,"min":-2.28143335335e-8,"var":9.30918160354e-18},"spectral_energy":{"dmean":0.00236102263443,"dmean2":0.00361635093577,"dvar":0.000013493775441,"dvar2":0.0000322600571963,"max":0.098671451211,"mean":0.0117217255756,"median":0.00787177681923,"min":0.00000155366296894,"var":0.000174156288267},"spectral_energyband_high":{"dmean":0.000161707852385,"dmean2":0.00023254295229,"dvar":2.43911301823e-7,"dvar2":6.02901650382e-7,"max":0.0113711170852,"mean":0.000647448701784,"median":0.0000424809950346,"min":8.04906008511e-9,"var":0.00000157472061346},"spectral_energyband_low":{"dmean":0.000833770493045,"dmean2":0.00131963496096,"dvar":0.0000035428774936,"dvar2":0.00000815546354715,"max":0.0294563919306,"mean":0.0014854419278,"median":0.000554906204343,"min":1.51438221963e-8,"var":0.00000745123861634},"spectral_energyband_middle_high":{"dmean":0.0011478321394,"dmean2":0.00172568892594,"dvar":0.00000533969887329,"dvar2":0.0000135607915581,"max":0.0654549300671,"mean":0.00475229648873,"median":0.0018567610532,"min":9.80035963494e-8,"var":0.0000521617766935},"spectral_energyband_middle_low":{"dmean":0.00163566088304,"dmean2":0.0026259701699,"dvar":0.00000686801058691,"dvar2":0.0000191627805179,"max":0.0353311449289,"mean":0.00531889637932,"median":0.00352188083343,"min":4.54703240393e-7,"var":0.0000332538184011},"spectral_entropy":{"dmean":0.130008026958,"dmean2":0.199747651815,"dvar":0.0243481211364,"dvar2":0.0560806952417,"max":8.59494400024,"mean":7.46662139893,"median":7.65906143188,"min":5.2013053894,"var":0.461433231831},"spectral_flux":{"dmean":0.00818140618503,"dmean2":0.0126559510827,"dvar":0.000112468769657,"dvar2":0.000242317342781,"max":0.190349236131,"mean":0.0477066747844,"median":0.043869741261,"min":0.0014994032681,"var":0.00147968670353},"spectral_kurtosis":{"dmean":3.6293592453,"dmean2":6.21903038025,"dvar":31.4643745422,"dvar2":87.7564620972,"max":75.1743240356,"mean":8.76899719238,"median":4.77565813065,"min":-0.310973644257,"var":114.350410461},"spectral_rms":{"dmean":0.000298842263874,"dmean2":0.000447223341325,"dvar":1.42089831456e-7,"dvar2":3.23496152532e-7,"max":0.00981146469712,"mean":0.00277947168797,"median":0.00277124159038,"min":0.000038932874304,"var":0.00000371035230273},"spectral_rolloff":{"dmean":368.184204102,"dmean2":602.405761719,"dvar":338697.96875,"dvar2":779946.25,"max":8785.546875,"mean":1922.02001953,"median":1787.25585938,"min":150.732421875,"var":2155192.5},"spectral_skewness":{"dmean":0.346250027418,"dmean2":0.579620659351,"dvar":0.195649370551,"dvar2":0.524623453617,"max":7.35815143585,"mean":1.7929315567,"median":1.51474571228,"min":0.379243671894,"var":0.951694667339},"spectral_spread":{"dmean":345754.96875,"dmean2":530118.625,"dvar":300034883584,"dvar2":486670401536,"max":27689540,"mean":3453134.75,"median":3157819.5,"min":800241.4375,"var":2558552702980},"spectral_strongpeak":{"dmean":0.402638703585,"dmean2":0.691999673843,"dvar":0.687427401543,"dvar2":1.70109832287,"max":10.0305948257,"mean":0.675772309303,"median":0.323238015175,"min":0,"var":1.12822067738},"zerocrossingrate":{"dmean":0.00702432496473,"dmean2":0.00815236009657,"dvar":0.0000581214262638,"dvar2":0.0000648151035421,"max":0.26708984375,"mean":0.0679702758789,"median":0.06103515625,"min":0.0048828125,"var":0.00171886128373}},"metadata":{"audio_properties":{"analysis_sample_rate":44100,"bit_rate":0,"codec":"flac","downmix":"mix","equal_loudness":0,"length":60.8933334351,"lossless":true,"md5_encoded":"78666e1a4596a4d1e009193c1648f48a","replay_gain":-9.79238510132},"tags":{"album":["Flash Gordon"],"albumartist":["Queen"],"albumartistsort":["Queen"],"arranger":["Howard Blake","Queen"],"artist":["Queen"],"artistsort":["Queen"],"asin":["B000024ZSC"],"barcode":["077778949923"],"catalognumber":["7 89499 2"],"composer":["Brian May"],"conductor":["Howard Blake"],"date":["1994-04-05"],"engineer":["Alan Douglas"],"file_name":"16 Crash Dive on Mingo City.flac","format":["CD"],"label":["Parlophone"],"language":["eng"],"mixer":["Alan Douglas"],"musicbrainz_albumartistid":["0383dadf-2a4e-4d10-a46a-e9e041da8eb3"],"musicbrainz_albumid":["be20e9fb-7cfb-4526-b4e9-8e7764cef907"],"musicbrainz_artistid":["0383dadf-2a4e-4d10-a46a-e9e041da8eb3"],"musicbrainz_recordingid":["98c064b9-a828-40d7-a1d4-2e0147aa5c1d"],"performer":["Freddie Mercury (synthesizer)","Roger Taylor (drums and synthesizer)","Brian May (vocal)","Roger Taylor (vocal)","Freddie Mercury (lead vocal)","John Deacon (bass guitar, guitar and synthesizer)","Brian May (guitar and synthesizer)"],"producer":["Queen"],"releasecountry":["GB"],"releasestatus":["official"],"releasetype":["soundtrack"],"replaygain_album_gain":["-3.53 dB"],"replaygain_album_peak":["0.97732544"],"replaygain_reference_loudness":["89.0 dB"],"replaygain_track_gain":["-6.01 dB"],"replaygain_track_peak":["0.97723389"],"script":["Latn"],"title":["Crash Dive on Mingo City"],"totaltracks":["18"],"tracknumber":["16"],"tracktotal":["18"]},"version":{"essentia":"2.1-beta1","essentia_build_sha":"d95b123ab7c93145a6f110a2dd6bea92b4529a00","essentia_git_sha":"v2.1_beta1-6-g5578087-dirty","extractor":"music 1.0"}},"rhythm":{"beats_count":126,"beats_loudness"