{"lowlevel":{"average_loudness":0.937946796417,"barkbands":{"dmean":[0.00999469403177,0.0264449883252,0.00611671665683,0.0024069393985,0.00123890046962,0.00213815271854,0.000635003380012,0.000503566057887,0.000447564991191,0.000422946119215,0.000312207994284,0.000489406869747,0.000413312343881,0.0003747746523,0.000367092696251,0.000258585379925,0.000337067991495,0.000247376941843,0.000192695923033,0.000125430349726,0.0000843297384563,0.0000560241896892,0.0000323822168866,0.0000116419623737,0.00000414705482399,0.0000138286495712,0.000200892740395],"dmean2":[0.0170042831451,0.0443492718041,0.0100948354229,0.00401776470244,0.00205805688165,0.00334436725825,0.00103505293373,0.000829404627439,0.00072785402881,0.000695224152878,0.000522435468156,0.000827853509691,0.000697032315657,0.00063623371534,0.000627288070973,0.000446213671239,0.000579609361012,0.000422735902248,0.00031895871507,0.000202066556085,0.000130650019855,0.0000824497328722,0.0000473209256597,0.0000173347089003,0.00000686964222041,0.0000201234979613,0.000326371809933],"dvar":[0.000460990646388,0.00209835427813,0.000112994399387,0.00001611785774,0.00000295415657092,0.0000192930310732,0.00000178327934464,0.00000234627736972,0.00000125018971175,9.20553588912e-7,4.15400535303e-7,6.59314082441e-7,3.5263175846e-7,2.46083260436e-7,2.37374209178e-7,1.49297235907e-7,2.45431238e-7,1.37260471433e-7,7.19829031937e-8,2.81468572894e-8,1.67715761279e-8,9.01511576501e-9,2.81589329632e-9,3.06843689346e-10,4.42419989533e-11,3.92449489572e-10,5.01006027775e-8],"dvar2":[0.00118365476374,0.00567866396159,0.000268391915597,0.0000421683580498,0.00000762630133977,0.0000421840086346,0.00000418390891355,0.00000621768958808,0.00000306163815367,0.00000219902881327,0.00000106003733436,0.00000173816670213,9.40107156566e-7,6.85138161316e-7,6.46031821816e-7,4.25839573381e-7,6.82392112594e-7,3.93579909996e-7,1.94333395598e-7,6.87905483687e-8,3.50188571474e-8,1.90227424923e-8,5.85843595857e-9,6.41420694336e-10,1.0856198579e-10,7.9102013828e-10,1.30809780785e-7],"max":[0.314062207937,0.472098469734,0.142114728689,0.0588762387633,0.0251166950911,0.10332159698,0.0384478457272,0.0663201138377,0.0417390279472,0.0250269044191,0.0232339594513,0.0284822713584,0.0146744232625,0.00825062859803,0.0120198987424,0.00780888786539,0.00888593960553,0.00627796072513,0.00503633217886,0.00430926214904,0.00533672748134,0.00322890537791,0.0010899072513,0.000327235815348,0.000105176113721,0.00036459043622,0.00465844664723],"mean":[0.00911926478148,0.031470771879,0.00784953963012,0.00330741168,0.00190579518676,0.00342683470808,0.000925845641177,0.000716197711881,0.000672762165777,0.000636474753264,0.000475577544421,0.00082354497863,0.000725593650714,0.000748411461245,0.000716947193723,0.000482229253976,0.00061633560108,0.000530869350769,0.000462973257527,0.000343247229466,0.000234187653405,0.000128548708744,0.0000575717604079,0.0000186057586689,0.00000418091167376,0.0000245715946221,0.000846623792313],"median":[0.00255524762906,0.0165844429284,0.00341069838032,0.00126930989791,0.00123332231306,0.0012137235608,0.000486183154862,0.000370453984942,0.000366775493603,0.000342118437402,0.00028079256299,0.000573291967157,0.000511747319251,0.000523716036696,0.000519248191267,0.000355059106369,0.000445973244496,0.000412018911447,0.000376961077563,0.000269891170319,0.000180096685654,0.0000815546809463,0.0000291555697913,0.0000083599888967,0.00000167526377481,0.0000141167274705,0.000747391022742],"min":[1.85356477532e-25,5.23054814852e-24,8.02116874569e-25,6.82406936378e-25,6.97323615704e-24,4.80117825756e-24,1.31997728688e-23,8.49352810472e-24,1.64199661928e-23,1.12463939176e-23,1.47337428757e-23,2.65691539876e-23,3.37706462588e-23,2.72630391953e-23,4.00285725348e-23,6.12543866473e-23,6.89185237512e-23,1.0205836212e-22,1.25337666366e-22,1.95995495884e-22,2.37832702438e-22,3.16361016141e-22,4.12961085575e-22,6.28163703671e-22,8.80382098821e-22,1.29648252263e-21,1.88230360603e-21],"var":[0.000403599697165,0.00190292764455,0.000163232252817,0.0000278513725789,0.00000469650012747,0.0000410990651289,0.0000026449483812,0.00000254694100477,0.00000170360226548,0.00000148016158619,6.15804367499e-7,0.00000101793250451,6.06007517945e-7,5.64237438994e-7,5.01425063248e-7,2.29159979881e-7,3.82965566814e-7,2.2954220924e-7,1.61483427519e-7,1.02179484429e-7,6.13246555758e-8,2.68453774765e-8,5.64827074001e-9,6.42650710425e-10,4.73963750192e-11,8.55321757864e-10,3.86699042565e-7]},"barkbands_crest":{"dmean":3.52344083786,"dmean2":5.8065943718,"dvar":8.49769210815,"dvar2":22.9975547791,"max":25.7571258545,"mean":11.9771080017,"median":11.7174167633,"min":2.15631055832,"var":21.3286781311},"barkbands_flatness_db":{"dmean":0.0321694537997,"dmean2":0.0521723665297,"dvar":0.000968277279753,"dvar2":0.00252313981764,"max":0.42385917902,"mean":0.132564425468,"median":0.125406369567,"min":0.0247928779572,"var":0.00234903371893},"barkbands_kurtosis":{"dmean":8.43606853485,"dmean2":14.2705087662,"dvar":310.199005127,"dvar2":852.939697266,"max":450.007476807,"mean":10.2175531387,"median":4.57879257202,"min":-1.74067819118,"var":366.793060303},"barkbands_skewness":{"dmean":0.974235773087,"dmean2":1.571372509,"dvar":1.36184477806,"dvar2":3.51278710365,"max":16.2140731812,"mean":2.51336574554,"median":2.1637430191,"min":-2.9927341938,"var":3.02521800995},"barkbands_spread":{"dmean":9.21197223663,"dmean2":14.5662469864,"dvar":78.7102355957,"dvar2":178.228652954,"max":98.1524658203,"mean":29.1730670929,"median":27.1361427307,"min":0.458195954561,"var":266.587585449},"dissonance":{"dmean":0.0100523885339,"dmean2":0.0170475859195,"dvar":0.000105877792521,"dvar2":0.000290334690362,"max":0.500000119209,"mean":0.483045607805,"median":0.486779749393,"min":0.36969846487,"var":0.0002115698735},"dynamic_complexity":2.47177457809,"erbbands":{"dmean":[1.18143713474,4.63211488724,7.99537086487,6.67824029922,4.83617925644,4.69798564911,9.63176441193,21.0438098907,8.82166290283,10.6851558685,10.2373514175,9.90895652771,9.98822975159,13.3100986481,12.6580810547,20.5642795563,17.9076499939,16.4564800262,20.0514202118,15.1197404861,14.6134529114,17.95429039,13.9532155991,11.5137224197,8.10148525238,5.62543869019,4.12598419189,2.9508934021,2.12579464912,1.4362834692,0.817295193672,0.385304749012,0.125900015235,0.0474973209202,0.0297008268535,0.0217233393341,0.0302211306989,0.0221939459443,0.00872567668557,0.00561275938526],"dmean2":[2.02865576744,7.70223522186,12.910820961,11.1285209656,8.02531147003,7.85363340378,15.3500070572,32.9833183289,14.3465671539,17.536863327,16.709280014,16.0500946045,16.3674850464,21.8952026367,21.0635204315,34.8829841614,30.1906280518,27.7897338867,34.4821128845,25.6224002838,25.0841178894,30.8510513306,23.8871898651,19.4059429169,13.1982812881,9.05982208252,6.59438467026,4.47121858597,3.15222668648,2.11054825783,1.18438529968,0.568304479122,0.191658779979,0.0781371891499,0.049086920917,0.0343549735844,0.0439934283495,0.0317514911294,0.0132565265521,0.00890307128429],"dvar":[5.93740415573,51.3492279053,192.549377441,109.496788025,56.9268455505,47.6146583557,410.595458984,2237.40112305,274.408416748,855.335571289,485.411010742,679.487915039,541.34387207,1039.59790039,682.771972656,1238.14123535,667.750427246,480.393066406,711.729675293,489.496948242,456.904693604,706.893493652,449.567840576,277.803222656,122.704231262,62.6382369995,35.0916938782,25.3567390442,14.1582193375,5.82139492035,1.76891744137,0.375623464584,0.0306272562593,0.0056162965484,0.0022112056613,0.000824713846669,0.00201961188577,0.00121796724852,0.000133303066832,0.0000357914686901],"dvar2":[16.3205699921,132.256118774,430.656982422,288.339630127,147.689422607,125.815345764,980.526245117,4718.60839844,641.488647461,2152.62207031,1240.39880371,1590.8079834,1340.57434082,2519.67700195,1696.87658691,3283.74414062,1777.39526367,1322.11975098,1984.62475586,1341.03833008,1288.86376953,1973.48339844,1288.4161377,773.190917969,314.855895996,152.433441162,82.8609619141,50.929813385,30.5655956268,12.4602642059,3.67039394379,0.765997886658,0.0652275830507,0.0137513261288,0.00541850365698,0.00192259589676,0.00401328364387,0.0024549474474,0.000282137014437,0.0000896470592124],"max":[25.601360321,72.5238265991,174.450958252,151.147338867,132.960388184,114.178398132,684.770935059,1228.19824219,654.808532715,921.919433594,699.138305664,1008.12872314,981.527770996,1044.94506836,1092.0267334,1176.17858887,574.335388184,373.135375977,480.265106201,668.91418457,392.689788818,456.358978271,367.837402344,268.316711426,309.650726318,230.003128052,215.316574097,265.695861816,135.224365234,58.602481842,28.6186256409,11.0441741943,3.08384513855,1.2038064003,0.741207540035,0.434866935015,0.857453048229,0.858431696892,0.373417794704,0.126908704638],"mean":[1.23448693752,5.67058324814,10.6535348892,9.86553192139,7.15584373474,6.99438905716,15.1545572281,32.813835144,14.3279876709,15.4481983185,15.7851467133,15.1936855316,16.0643005371,21.5647888184,21.7924880981,35.429069519,34.07472229,35.3520545959,41.2816925049,31.8023719788,29.2739448547,34.6991882324,30.4391326904,26.8448677063,21.12915802,15.5417671204,11.3657169342,7.8808093071,4.91741037369,2.83668875694,1.44387376308,0.64472168684,0.1888191998,0.0516635738313,0.0308272186667,0.0297349058092,0.0540350787342,0.0522454045713,0.0357946902514,0.0289336815476],"median":[0.552499175072,2.80355930328,4.84853601456,5.00466156006,3.86252975464,4.14622974396,6.58618593216,10.6605987549,7.97778892517,7.87195444107,8.48551082611,8.27499485016,9.54850387573,12.40508461,14.5714454651,25.085193634,24.9933166504,26.10754776,30.6469917297,23.5992126465,22.2431488037,26.394241333,23.6462249756,21.9198532104,17.1773223877,12.1466274261,8.87129497528,5.76798915863,3.14789390564,1.5736297369,0.726892232895,0.280908346176,0.0923920422792,0.0247056223452,0.0129898414016,0.0182048752904,0.0292408745736,0.0344866290689,0.030950345099,0.0276766102761],"min":[1.84401386279e-22,5.84970779698e-22,2.6423345608e-21,4.58617285154e-21,1.02271237687e-20,1.78993208854e-20,4.20489961937e-20,4.89488748057e-20,1.59972555791e-19,2.30755396008e-19,2.7609797337e-19,3.8581727777e-19,3.75638846182e-19,6.65248168623e-19,9.87896428898e-19,1.35744071172e-18,1.99305012012e-18,1.35441157632e-18,2.57148532157e-18,2.53121134511e-18,4.18999571174e-18,4.33955782471e-18,5.06434878027e-18,5.2502381842e-18,7.04092745965e-18,9.50942548623e-18,8.39148592528e-18,1.02902062295e-17,1.03459582028e-17,1.01230570159e-17,1.26272818004e-17,1.14511740716e-17,1.02504990786e-17,9.05059667225e-18,5.94843445588e-18,4.16874668258e-18,2.22610164026e-18,1.02683585284e-18,2.28993708099e-19,2.80029685606e-20],"var":[4.66311407089,59.1863975525,298.829711914,175.239929199,87.0281448364,80.0347671509,709.012756348,4711.08154297,451.849761963,1068.15686035,710.581237793,978.662597656,790.765319824,1734.98242188,1064.82385254,1847.36682129,1228.81396484,1156.18029785,1536.41833496,991.872070312,771.676696777,1094.11499023,772.341796875,531.525939941,339.021392822,217.466659546,117.269294739,88.8712997437,41.6252174377,12.8441305161,3.53752827644,0.791968822479,0.0609590560198,0.00609231786802,0.00239620008506,0.0012128673261,0.00449097948149,0.00329461297952,0.000766118289903,0.00038895723992]},"erbbands_crest":{"dmean":1.82598626614,"dmean2":3.0426504612,"dvar":3.49115943909,"dvar2":8.41416168213,"max":26.2111492157,"mean":6.08802747726,"median":5.41232585907,"min":2.15830898285,"var":6.81597661972},"erbbands_flatness_db":{"dmean":0.0167348645627,"dmean2":0.0251748934388,"dvar":0.000206833719858,"dvar2":0.000456615060102,"max":0.301918804646,"mean":0.12094168365,"median":0.119227789342,"min":0.0458912402391,"var":0.000920406542718},"erbbands_kurtosis":{"dmean":0.698956310749,"dmean2":1.10834753513,"dvar":0.713705480099,"dvar2":1.60832488537,"max":16.2711830139,"mean":0.0828441679478,"median":-0.319195121527,"min":-1.66659402847,"var":2.05831551552},"erbbands_skewness":{"dmean":0.301674455404,"dmean2":0.472382307053,"dvar":0.0713822171092,"dvar2":0.167584985495,"max":2.66492533684,"mean":-0.391870230436,"median":-0.394487589598,"min":-3.51766633987,"var":0.331076204777},"erbbands_spread":{"dmean":8.4360332489,"dmean2":13.2394895554,"dvar":67.3419342041,"dvar2":161.012039185,"max":118.968276978,"mean":40.6462478638,"median":38.7152099609,"min":6.52415561676,"var":204.422180176},"gfcc":{"cov":[[14196.1972656,1163.11096191,-911.27923584,288.450836182,117.746376038,-352.659973145,127.248764038,-230.924942017,-29.2006759644,-93.0584869385,-10.0646209717,-52.6285934448,-73.399269104],[1163.11096191,1086.95178223,-132.181243896,-370.784484863,160.148345947,-151.086395264,6.65662765503,-68.6829605103,-51.9971618652,-10.4694004059,67.9444503784,-102.512588501,116.790138245],[-911.27923584,-132.181243896,367.169952393,67.4896011353,-108.544754028,184.35798645,-68.0958251953,105.947563171,-19.3962078094,22.0788383484,-7.66483163834,28.6714382172,-9.46095180511],[288.450836182,-370.784484863,67.4896011353,355.038360596,33.0751724243,50.1294631958,63.2220077515,9.42386817932,44.1978988647,-10.4298620224,-42.9697799683,46.4208602905,-77.4193725586],[117.746376038,160.148345947,-108.544754028,33.0751724243,236.225402832,-40.7708892822,73.1145553589,-34.2430763245,-9.25450515747,-15.1614437103,5.3180398941,-48.4145431519,26.8709754944],[-352.659973145,-151.086395264,184.35798645,50.1294631958,-40.7708892822,235.258773804,-29.3097419739,94.507598877,-19.5855255127,5.89056110382,-8.9840669632,28.1243934631,-15.7562990189],[127.248764038,6.65662765503,-68.0958251953,63.2220077515,73.1145553589,-29.3097419739,155.478546143,-27.126739502,48.3062553406,-10.3832092285,-1.52395141125,4.3344540596,-10.4880094528],[-230.924942017,-68.6829605103,105.947563171,9.42386817932,-34.2430763245,94.507598877,-27.126739502,121.502182007,-0.072393938899,27.4433383942,-4.13174962997,-4.73593473434,5.87529182434],[-29.2006759644,-51.9971618652,-19.3962078094,44.1978988647,-9.25450515747,-19.5855255127,48.3062553406,-0.072393938899,83.6612548828,19.4916324615,7.62596607208,22.502456665,-24.0583572388],[-93.0584869385,-10.4694004059,22.0788383484,-10.4298620224,-15.1614437103,5.89056110382,-10.3832092285,27.4433383942,19.4916324615,63.5290718079,32.5312423706,12.6355581284,20.826253891],[-10.0646209717,67.9444503784,-7.66483163834,-42.9697799683,5.3180398941,-8.9840669632,-1.52395141125,-4.13174962997,7.62596607208,32.5312423706,55.9725112915,26.3777332306,30.3037700653],[-52.6285934448,-102.512588501,28.6714382172,46.4208602905,-48.4145431519,28.1243934631,4.3344540596,-4.73593473434,22.502456665,12.6355581284,26.3777332306,79.1850967407,8.98714923859],[-73.399269104,116.790138245,-9.46095180511,-77.4193725586,26.8709754944,-15.7562990189,-10.4880094528,5.87529182434,-24.0583572388,20.826253891,30.3037700653,8.98714923859,83.7103271484]],"icov":[[0.000185195138329,-0.000583831046242,0.000989917898551,-0.00117696239613,0.000938240846153,-0.00047011199058,0.000110470391519,-0.0000827467811177,0.000326992216287,0.0000157611339091,-0.000364478299161,0.000476980843814,-0.000198925336008],[-0.000583831046242,0.00401689577848,-0.00397340906784,0.00564852077514,-0.00424809148535,0.00228179991245,-0.000633027229924,0.000713310320862,-0.00151092349552,0.00148860865738,-0.00105813506525,0.000166706260643,-0.000116904622701],[0.000989917898551,-0.00397340906784,0.011680399999,-0.0093792239204,0.00858182553202,-0.00675391359255,0.00176529656164,-0.00154033210129,0.00174511538353,0.000176259767613,-0.00351031636819,0.00528019992635,-0.00347783090547],[-0.00117696239613,0.00564852077514,-0.0093792239204,0.0175826512277,-0.0129686547443,0.00623542070389,-0.00250131054781,-0.000952283211518,-0.00011720618204,-0.00443933857605,0.0113586746156,-0.0146113839,0.00990617834032],[0.000938240846153,-0.00424809148535,0.00858182553202,-0.0129686547443,0.0172471515834,-0.00663068611175,-0.00153453391977,0.00228249933571,0.000200472641154,0.00474390294403,-0.0111646866426,0.0168138705194,-0.0102975377813],[-0.00047011199058,0.00228179991245,-0.00675391359255,0.00623542070389,-0.00663068611175,0.0126004852355,-0.00137107574847,-0.00665785791352,0.00411588652059,-0.000622197636403,0.0040457113646,-0.0106585184112,0.00722088012844],[0.000110470391519,-0.000633027229924,0.00176529656164,-0.00250131054781,-0.00153453391977,-0.00137107574847,0.0110406549647,0.000975090428255,-0.00714483717456,0.00332763511688,-0.000848360359669,0.00112448155414,-0.00227934145369],[-0.0000827467811177,0.000713310320862,-0.00154033210129,-0.000952283211518,0.00228249933571,-0.00665785791352,0.000975090428255,0.0176594145596,-0.00476619135588,-0.00449029263109,0.00073149765376,0.0093403859064,-0.00674593355507],[0.000326992216287,-0.00151092349552,0.00174511538353,-0.00011720618204,0.000200472641154,0.00411588652059,-0.00714483717456,-0.00476619135588,0.0259253997356,-0.0117143867537,0.00406352849677,-0.0118394233286,0.0127986837178],[0.0000157611339091,0.00148860865738,0.000176259767613,-0.00443933857605,0.00474390294403,-0.000622197636403,0.00332763511688,-0.00449029263109,-0.0117143867537,0.0369354076684,-0.0265144817531,0.0147306062281,-0.0115955639631],[-0.000364478299161,-0.00105813506525,-0.00351031636819,0.0113586746156,-0.0111646866426,0.0040457113646,-0.000848360359669,0.00073149765376,0.00406352849677,-0.0265144817531,0.0550150610507,-0.0311775878072,0.00664848601446],[0.000476980843814,0.000166706260643,0.00528019992635,-0.0146113839,0.0168138705194,-0.0106585184112,0.00112448155414,0.0093403859064,-0.0118394233286,0.0147306062281,-0.0311775878072,0.0482301712036,-0.0216079615057],[-0.000198925336008,-0.000116904622701,-0.00347783090547,0.00990617834032,-0.0102975377813,0.00722088012844,-0.00227934145369,-0.00674593355507,0.0127986837178,-0.0115955639631,0.00664848601446,-0.0216079615057,0.0320320576429]],"mean":[29.7561206818,83.6709823608,-97.2542037964,22.4797210693,-2.48689556122,-15.1907958984,5.86980819702,-16.8201065063,2.47621583939,-4.04057741165,-0.656426072121,0.847681879997,-8.50862121582]},"hfc":{"dmean":112.921920776,"dmean2":181.211975098,"dvar":20525.6152344,"dvar2":52510.7695312,"max":3066.64770508,"mean":323.656707764,"median":278.935668945,"min":1.08737629611e-16,"var":70450.734375},"melbands":{"dmean":[0.0089397802949,0.00464025652036,0.00108256645035,0.000295484758681,0.000305299123283,0.000438751303591,0.000132865694468,0.000116029041237,0.0000857699997141,0.0000621467479505,0.0000523599483131,0.0000574962541577,0.0000423210767622,0.0000519169516338,0.0000522692935192,0.0000412224981119,0.000032716896385,0.0000364855368389,0.0000276997507171,0.0000174491724465,0.0000191016133613,0.0000217696306208,0.000015414578229,0.0000117557938211,0.0000103162965388,0.00000724130086383,0.00000575478270548,0.00000377143760488,0.00000296140206046,0.00000228500675803,0.00000177514186817,0.00000138636437441,0.00000100523800484,7.85762949818e-7,5.19520938269e-7,3.56170829718e-7,2.0187084715e-7,1.0092220748e-7,4.8266599606e-8,3.78057656292e-8],"dmean2":[0.0151464659721,0.00740835396573,0.00178340915591,0.000490998558234,0.000488250429044,0.000686696032062,0.000216221364099,0.000190024176845,0.000139635085361,0.000100823635876,0.000085983570898,0.0000947610533331,0.0000705910788383,0.0000873556928127,0.0000886548805283,0.0000697202194715,0.0000553408244741,0.0000628946945653,0.0000470561935799,0.0000300744086417,0.0000327340203512,0.0000374208466383,0.0000267166251433,0.0000201142029255,0.000017477059373,0.0000119810074466,0.00000944763723965,0.00000616243323748,0.00000484359361508,0.00000364509469364,0.00000274448461823,0.00000210661892197,0.00000152632071604,0.00000117591139315,7.67084259223e-7,5.32863907665e-7,3.03697476056e-7,1.54381481821e-7,7.86312739365e-8,6.26767899803e-8],"dvar":[0.000298735656543,0.0000511034559167,0.00000277534536508,1.64541418712e-7,3.3722471926e-7,9.02224599031e-7,6.56629026707e-8,1.18537890614e-7,3.0177801591e-8,2.81121970147e-8,1.47082506174e-8,1.96669791563e-8,7.76589903495e-9,7.16751547003e-9,7.36147720559e-9,3.94585875085e-9,1.97318894557e-9,2.46718445673e-9,1.44648193423e-9,7.41697703255e-10,7.35748129088e-10,1.00634955924e-9,5.55309409567e-10,3.13878506519e-10,2.1535784267e-10,1.08122802378e-10,5.66235530686e-11,3.08602553234e-11,1.71994380543e-11,1.26135759823e-11,1.04844162865e-11,6.06548535356e-12,2.82113221672e-12,1.7846916436e-12,7.30348995257e-13,3.43357910463e-13,1.03416434487e-13,2.11634891876e-14,5.09343654019e-15,3.74552717672e-15],"dvar2":[0.000815627805423,0.000113514914119,0.00000714693032933,4.27883634302e-7,8.07088213151e-7,0.00000192129664356,1.52154782995e-7,3.04239449633e-7,7.45304618022e-8,6.74425280067e-8,3.63671865955e-8,4.75153640878e-8,1.98947152086e-8,1.87624848991e-8,1.97192324691e-8,1.04940545143e-8,5.38141886608e-9,6.91976564937e-9,3.89387055932e-9,2.11408912598e-9,2.06362860133e-9,2.78988765423e-9,1.58517832194e-9,8.96685004026e-10,6.00809790807e-10,2.88031931639e-10,1.4539854043e-10,7.6878843569e-11,4.31887858809e-11,2.90627834298e-11,2.22420779711e-11,1.35018541486e-11,6.41360402287e-12,3.93397337276e-12,1.56942482014e-12,7.21779894967e-13,2.22276963003e-13,4.5805085392e-14,1.23085000308e-14,9.19682793734e-15],"max":[0.176475599408,0.0837737247348,0.0230364277959,0.0059876292944,0.0181324351579,0.0242096222937,0.00911282561719,0.0130153587088,0.00439881999046,0.00543405255303,0.00490263709798,0.00447820220143,0.00346701405942,0.00418141065165,0.00220060464926,0.0019690617919,0.000835767597891,0.000922432285734,0.000928028777707,0.000501984206494,0.000443576253019,0.000522261834703,0.000380498822778,0.000343140593031,0.000246336043347,0.000250203913311,0.00018226847169,0.000172691841726,0.000128510175273,0.000155540576088,0.00017909934104,0.0000901360108401,0.000041841827624,0.0000328073219862,0.000020494346245,0.0000142280650834,0.00000527631755176,0.00000250718835559,0.00000115617126539,9.70441419668e-7],"mean":[0.0100550353527,0.00637345761061,0.00169077131432,0.000458276859717,0.000501978211105,0.000697324343491,0.000211494887481,0.000165348727023,0.000130011088913,0.0000925235945033,0.0000811225108919,0.00008900272951,0.0000677313146298,0.0000858825806063,0.0000881769301486,0.0000714578854968,0.0000644600004307,0.0000686914718244,0.0000523677772435,0.0000330175680574,0.0000349914480466,0.000037861209421,0.0000298920149362,0.0000242786318267,0.0000217660399358,0.0000161697316798,0.0000137719262057,0.00000936137621466,0.00000743731516195,0.0000056273042901,0.00000419703064836,0.00000298077725347,0.0000019930698727,0.00000139592452797,8.76485955814e-7,5.78670722007e-7,3.17888037671e-7,1.47976365383e-7,5.52257652942e-8,3.77818487607e-8],"median":[0.00513656996191,0.00319246132858,0.000889615272172,0.000301647174638,0.000238751163124,0.000239814646193,0.000117978575872,0.0000833154117572,0.0000677744174027,0.0000499387206219,0.0000468573307444,0.0000490699967486,0.0000417550254497,0.0000589733826928,0.000062891660491,0.0000486942808493,0.0000452761778433,0.0000480493181385,0.0000368491455447,0.0000239327546296,0.0000256708372035,0.0000271034386969,0.0000221647424041,0.0000187328623724,0.0000172069030668,0.000012616775166,0.0000109285610961,0.00000702259194441,0.00000574316254642,0.00000421458207711,0.00000291195533464,0.00000189337401935,0.00000115754346552,7.27099973119e-7,4.37218261595e-7,2.58798650066e-7,1.26707661252e-7,6.64995667421e-8,2.83380678923e-8,1.48801726496e-8],"min":[2.30141669122e-24,1.45921301159e-24,1.0156924351e-24,1.42755760118e-24,1.83879177715e-24,8.69023668511e-25,2.74596505486e-24,2.79314840332e-24,2.16219003841e-24,2.39946204376e-24,1.77968913484e-24,2.04755415217e-24,2.97580697656e-24,2.92648620947e-24,3.0720817308e-24,3.41927499519e-24,2.5076152683e-24,3.19008743361e-24,2.90604465405e-24,4.46274943504e-24,4.51265553692e-24,4.15760699285e-24,4.45510458401e-24,4.28121991898e-24,3.6141847755e-24,4.32499065516e-24,4.60086004689e-24,3.96759209446e-24,4.50519646263e-24,6.02607650612e-24,5.53637177211e-24,4.75805044301e-24,4.62736616773e-24,5.06152957199e-24,6.45962459886e-24,6.24498501289e-24,5.97251758382e-24,6.48384933397e-24,7.43152963309e-24,6.41031763684e-24],"var":[0.000245389819611,0.0000831778525026,0.00000475555680168,2.525829359e-7,6.23988512416e-7,0.0000019218352918,1.04847345028e-7,1.38764988833e-7,4.77451180814e-8,3.80158695634e-8,2.1137143591e-8,3.21169189021e-8,1.16592362431e-8,1.12358362614e-8,1.09457181097e-8,6.55817800066e-9,4.33595381821e-9,4.81478990011e-9,2.91025603616e-9,1.16019893692e-9,1.19608378757e-9,1.50740842031e-9,8.5388174309e-10,4.89875695564e-10,3.85220105814e-10,2.33274288775e-10,1.56928386952e-10,9.17196110728e-11,5.06219441365e-11,3.80869676075e-11,3.03639682842e-11,1.6634471578e-11,6.57587092417e-12,3.37798517457e-12,1.35044384529e-12,6.53244385668e-13,2.06541313458e-13,4.12000450846e-14,6.032739751e-15,3.98069655716e-15]},"melbands_crest":{"dmean":5.05787706375,"dmean2":8.36213588715,"dvar":19.0957660675,"dvar2":48.1994132996,"max":38.0111312866,"mean":19.7201919556,"median":19.2532920837,"min":1.61912596226,"var":49.2740211487},"melbands_flatness_db":{"dmean":0.0404196642339,"dmean2":0.0652691721916,"dvar":0.00136345392093,"dvar2":0.003514487762,"max":0.577627301216,"mean":0.237874522805,"median":0.235782206059,"min":0.00332310097292,"var":0.00430339062586},"melbands_kurtosis":{"dmean":19.8145370483,"dmean2":33.5436706543,"dvar":1752.3848877,"dvar2":4926.85302734,"max":1334.89855957,"mean":26.5792217255,"median":13.1528053284,"min":-1.72947502136,"var":1991.02490234},"melbands_skewness":{"dmean":1.4194214344,"dmean2":2.30358743668,"dvar":2.88427972794,"dvar2":7.5472369194,"max":30.8072738647,"mean":3.98759365082,"median":3.40411758423,"min":-1.39950919151,"var":6.17880392075},"melbands_spread":{"dmean":8.01938533783,"dmean2":12.906876564,"dvar":92.7666015625,"dvar2":213.577789307,"max":166.746368408,"mean":20.3971328735,"median":15.5801019669,"min":0.298820525408,"var":402.386810303},"mfcc":{"cov":[[5122.26611328,805.933166504,-359.923828125,455.940582275,-67.9135437012,104.092048645,-14.8930912018,14.1108312607,-20.8043746948,-13.7793331146,-6.56915521622,6.84799051285,36.6952896118],[805.933166504,1399.78967285,-291.966064453,-138.738342285,30.4240283966,-114.121528625,97.002746582,-184.721206665,35.1030883789,-123.959884644,68.6253585815,-93.0029754639,49.5616455078],[-359.923828125,-291.966064453,523.691162109,-132.714050293,39.8983154297,2.79018616676,-11.6572237015,83.2050094604,-15.4449491501,52.2390213013,-14.153216362,41.4488830566,-18.9449272156],[455.940582275,-138.738342285,-132.714050293,331.410919189,-21.0587120056,92.9868240356,-22.8319797516,43.913143158,7.77173042297,30.483297348,-2.47108674049,17.8438549042,2.82083749771],[-67.9135437012,30.4240283966,39.8983154297,-21.0587120056,157.132339478,4.38808107376,61.9751663208,-4.50771141052,26.4212265015,-11.1555089951,10.2535705566,-2.1033809185,-1.53718483448],[104.092048645,-114.121528625,2.79018616676,92.9868240356,4.38808107376,135.092956543,12.3529167175,74.6555023193,-9.19836521149,30.7298851013,-13.1525306702,21.6171207428,-2.34315943718],[-14.8930912018,97.002746582,-11.6572237015,-22.8319797516,61.9751663208,12.3529167175,115.800621033,0.519085466862,45.3698348999,-19.4249095917,17.239982605,-16.4359741211,15.9418544769],[14.1108312607,-184.721206665,83.2050094604,43.913143158,-4.50771141052,74.6555023193,0.519085466862,127.203392029,4.60103416443,51.3619308472,-19.9240093231,31.6549777985,-13.9833669662],[-20.8043746948,35.1030883789,-15.4449491501,7.77173042297,26.4212265015,-9.19836521149,45.3698348999,4.60103416443,71.9740524292,9.33668994904,24.4157581329,-8.56887817383,11.6220855713],[-13.7793331146,-123.959884644,52.2390213013,30.483297348,-11.1555089951,30.7298851013,-19.4249095917,51.3619308472,9.33668994904,72.7330551147,9.58327770233,27.0079898834,-7.87268877029],[-6.56915521622,68.6253585815,-14.153216362,-2.47108674049,10.2535705566,-13.1525306702,17.239982605,-19.9240093231,24.4157581329,9.58327770233,56.9009056091,10.4400777817,15.6250143051],[6.84799051285,-93.0029754639,41.4488830566,17.8438549042,-2.1033809185,21.6171207428,-16.4359741211,31.6549777985,-8.56887817383,27.0079898834,10.4400777817,55.4930877686,8.57500171661],[36.6952896118,49.5616455078,-18.9449272156,2.82083749771,-1.53718483448,-2.34315943718,15.9418544769,-13.9833669662,11.6220855713,-7.87268877029,15.6250143051,8.57500171661,46.1003990173]],"icov":[[0.000280065141851,-0.000267204944976,-0.0000238617776631,-0.000485575379571,0.0000613081356278,0.0000712090113666,-0.0000242000987782,-0.000151087268023,0.000163010554388,-0.0000794253355707,0.000289772433462,-0.000236794978264,-0.0000563790890737],[-0.000267204944976,0.00140469672624,0.000516276282724,0.000918810022995,-0.0000938630182645,-0.0000164280299941,-0.000357656826964,0.000453934917459,0.00015658128541,0.000794609135482,-0.00158853945322,0.00135795841925,-0.000502079725266],[-0.0000238617776631,0.000516276282724,0.0031079989858,0.00158986193128,-0.00103631010279,0.000673470436595,0.000117496347229,-0.00177047913894,0.000922884326428,-0.0011352035217,-0.000155394038302,-0.00046283233678,-0.00022184754198],[-0.000485575379571,0.000918810022995,0.00158986193128,0.00579669605941,-0.000311018317007,-0.00341538037173,0.0020308594685,0.000190126462257,-0.00210249982774,-0.0000594247394474,-0.00083379202988,0.000280037202174,-0.000380794197554],[0.0000613081356278,-0.0000938630182645,-0.00103631010279,-0.000311018317007,0.00895043835044,-0.000764464552049,-0.00480205984786,0.0021067680791,-0.00174689351115,0.00116577988956,0.000419349002186,-0.00268860743381,0.00320193124935],[0.0000712090113666,-0.0000164280299941,0.000673470436595,-0.00341538037173,-0.000764464552049,0.0154305575415,-0.00470177643001,-0.00760281458497,0.00668521691114,-0.00272245286033,0.000608408648986,-0.0000112573870865,-0.00182908575516],[-0.0000242000987782,-0.000357656826964,0.000117496347229,0.0020308594685,-0.00480205984786,-0.00470177643001,0.0186712685972,-0.00306939566508,-0.00902002118528,0.00647219875827,-0.0033862600103,0.00426317378879,-0.00372499506921],[-0.000151087268023,0.000453934917459,-0.00177047913894,0.000190126462257,0.0021067680791,-0.00760281458497,-0.00306939566508,0.0211780704558,-0.00552567793056,-0.00750254653394,0.00897916499525,-0.00749788759276,0.00452522095293],[0.000163010554388,0.00015658128541,0.000922884326428,-0.00210249982774,-0.00174689351115,0.00668521691114,-0.00902002118528,-0.00552567793056,0.0271519944072,-0.00697099370882,-0.00795811973512,0.00787391886115,-0.00486842310056],[-0.0000794253355707,0.000794609135482,-0.0011352035217,-0.0000594247394474,0.00116577988956,-0.00272245286033,0.00647219875827,-0.00750254653394,-0.00697099370882,0.0285209063441,-0.00893990881741,-0.00448006531224,0.00462411018088],[0.000289772433462,-0.00158853945322,-0.000155394038302,-0.00083379202988,0.000419349002186,0.000608408648986,-0.0033862600103,0.00897916499525,-0.00795811973512,-0.00893990881741,0.0313676148653,-0.0110221737996,-0.00269797164947],[-0.000236794978264,0.00135795841925,-0.00046283233678,0.000280037202174,-0.00268860743381,-0.0000112573870865,0.00426317378879,-0.00749788759276,0.00787391886115,-0.00448006531224,-0.0110221737996,0.0331142023206,-0.0104913143441],[-0.0000563790890737,-0.000502079725266,-0.00022184754198,-0.000380794197554,0.00320193124935,-0.00182908575516,-0.00372499506921,0.00452522095293,-0.00486842310056,0.00462411018088,-0.00269797164947,-0.0104913143441,0.0297660250217]],"mean":[-625.739196777,139.594390869,-26.3078269958,51.1362304688,3.80915498734,25.5810909271,3.18599200249,11.0869598389,-1.17712903023,6.96658182144,3.50015473366,6.97555589676,1.5638409853]},"pitch_salience":{"dmean":0.0989070758224,"dmean2":0.163348510861,"dvar":0.00766403740272,"dvar2":0.0200990755111,"max":0.923739135265,"mean":0.474705159664,"median":0.487869590521,"min":0.0453804880381,"var":0.0186256691813},"silence_rate_20dB":{"dmean":0.00198367284611,"dmean2":0.00396764837205,"dvar":0.0019797377754,"dvar2":0.00578312855214,"max":1,"mean":0.99893194437,"median":1,"min":0,"var":0.00106690928806},"silence_rate_30dB":{"dmean":0.172732129693,"dmean2":0.345490604639,"dvar":0.142895743251,"dvar2":0.25817322731,"max":1,"mean":0.744507193565,"median":1,"min":0,"var":0.190216243267},"silence_rate_60dB":{"dmean":0.000915541313589,"dmean2":0.00183122232556,"dvar":0.000914703123271,"dvar2":0.00213307258673,"max":1,"mean":0.0132743362337,"median":0,"min":0,"var":0.01309812814},"spectral_centroid":{"dmean":279.058288574,"dmean2":427.636047363,"dvar":82176.1796875,"dvar2":173225.078125,"max":11695.84375,"mean":1656.01721191,"median":1502.06567383,"min":127.722488403,"var":980302.625},"spectral_complexity":{"dmean":4.09719991684,"dmean2":6.40882015228,"dvar":13.946606636,"dvar2":29.8531627655,"max":61,"mean":29.4831409454,"median":31,"min":0,"var":139.83454895},"spectral_contrast_coeffs":{"dmean":[0.0544015057385,0.0505955740809,0.0350572057068,0.026204848662,0.0190863981843,0.0421692021191],"dmean2":[0.0901673287153,0.0836735516787,0.0591783300042,0.0447134636343,0.0323528014123,0.0660437494516],"dvar":[0.00183403340634,0.00161794770975,0.000777375593316,0.000409322557971,0.00025220392854,0.00126376724802],"dvar2":[0.0050357375294,0.00435050204396,0.00216788169928,0.00118584011216,0.000711821776349,0.00319084967487],"max":[-0.420647710562,-0.453505963087,-0.537393152714,-0.669317960739,-0.694152832031,-0.43467888236],"mean":[-0.70604455471,-0.769155979156,-0.82328748703,-0.814991831779,-0.807639360428,-0.687509775162],"median":[-0.710801482201,-0.778072178364,-0.827637553215,-0.815759778023,-0.806226789951,-0.679915308952],"min":[-0.98860758543,-0.9755397439,-0.980017781258,-0.97207814455,-0.968871772289,-0.96555095911],"var":[0.00600640103221,0.00533953914419,0.0019696180243,0.00106139294803,0.000793160172179,0.00513020437211]},"spectral_contrast_valleys":{"dmean":[0.419578015804,0.374408632517,0.314633607864,0.246918693185,0.197892859578,0.560793995857],"dmean2":[0.680240511894,0.613424360752,0.512169897556,0.404699414968,0.304576963186,0.872351229191],"dvar":[0.132675096393,0.121703967452,0.0969925820827,0.0757027119398,0.0718101859093,0.251958429813],"dvar2":[0.303627938032,0.278498083353,0.206711411476,0.151101619005,0.121376954019,0.629064679146],"max":[-4.8230381012,-4.67647600174,-5.39636564255,-5.5632019043,-5.5555562973,-8.75788211823],"mean":[-6.57723045349,-6.57157230377,-6.97181177139,-7.01963710785,-6.99196386337,-10.862077713],"median":[-6.32963466644,-6.29730701447,-6.68332195282,-6.7306470871,-6.70095348358,-10.6913461685],"min":[-28.2480697632,-28.3289604187,-27.7165527344,-27.6064281464,-27.504070282,-27.4012813568],"var":[3.66018652916,3.54156517982,3.34530138969,3.30512952805,3.32312369347,2.40030312538]},"spectral_decrease":{"dmean":1.03747428426e-8,"dmean2":1.6629613242e-8,"dvar":2.73905414731e-16,"dvar2":7.05744410581e-16,"max":2.21624549823e-8,"mean":-1.35080826524e-8,"median":-8.22137558032e-9,"min":-1.63441271184e-7,"var":2.94823369819e-16},"spectral_energy":{"dmean":0.0390941873193,"dmean2":0.0625429078937,"dvar":0.00373646756634,"dvar2":0.00960452761501,"max":0.643027961254,"mean":0.0803392529488,"median":0.0651356428862,"min":9.93075238692e-21,"var":0.00453207967803},"spectral_energyband_high":{"dmean":0.000279050698737,"dmean2":0.000413218484027,"dvar":1.38413838613e-7,"dvar2":2.75035063169e-7,"max":0.0125911654904,"mean":0.00109868426807,"median":0.000948843313381,"min":6.94772099379e-21,"var":6.87243868924e-7},"spectral_energyband_low":{"dmean":0.0358133651316,"dmean2":0.0588157735765,"dvar":0.00355979125015,"dvar2":0.00939198955894,"max":0.582965612411,"mean":0.0475416593254,"median":0.0278111826628,"min":1.96211400803e-23,"var":0.00350140500814},"spectral_energyband_middle_high":{"dmean":0.00175455224235,"dmean2":0.00288133486174,"dvar":0.00000534642367711,"dvar2":0.0000141386963151,"max":0.0391605086625,"mean":0.00635053450242,"median":0.00565680023283,"min":1.16689476401e-21,"var":0.0000198405596166},"spectral_energyband_middle_low":{"dmean":0.00491122808307,"dmean2":0.00776570849121,"dvar":0.0000445986042905,"dvar2":0.000107032581582,"max":0.114916078746,"mean":0.0110939778388,"median":0.00808768905699,"min":1.50364928605e-22,"var":0.000112513640488},"spectral_entropy":{"dmean":0.101702474058,"dmean2":0.153129503131,"dvar":0.0110471360385,"dvar2":0.0224613826722,"max":9.82319641113,"mean":7.79433774948,"median":7.80680418015,"min":6.37367963791,"var":0.0811225473881},"spectral_flux":{"dmean":0.0511717386544,"dmean2":0.0840082317591,"dvar":0.00435532303527,"dvar2":0.0096511952579,"max":0.655714690685,"mean":0.158132612705,"median":0.140603244305,"min":6.32387545108e-11,"var":0.00754963839427},"spectral_kurtosis":{"dmean":2.52275419235,"dmean2":3.72030186653,"dvar":10.7915821075,"dvar2":22.7090835571,"max":86.1606903076,"mean":13.3739852905,"median":12.6361951828,"min":-1.27033007145,"var":39.567527771},"spectral_rms":{"dmean":0.00190816400573,"dmean2":0.00295272376388,"dvar":0.0000053744829529,"dvar2":0.000012870219507,"max":0.0250468421727,"mean":0.00818637292832,"median":0.00797163508832,"min":3.11264187168e-12,"var":0.0000113630576379},"spectral_rolloff":{"dmean":4585.35302734,"dmean2":8765.45410156,"dvar":61352404,"dvar2":137861248,"max":22028.4667969,"mean":13196.2197266,"median":21059.4726562,"min":43.06640625,"var":99368608},"spectral_skewness":{"dmean":0.201930522919,"dmean2":0.288360595703,"dvar":0.060499034822,"dvar2":0.10943043232,"max":7.32778310776,"mean":2.15202975273,"median":2.13826990128,"min":-0.0811155289412,"var":0.367122471333},"spectral_spread":{"dmean":409014.1875,"dmean2":632922.625,"dvar":418019966976,"dvar2":880322215936,"max":51854664,"mean":4176622.5,"median":3818540.25,"min":1476465,"var":9312943472640},"spectral_strongpeak":{"dmean":11.9906129837,"dmean2":22.169719696,"dvar":925.008483887,"dvar2":2374.40625,"max":211.333877563,"mean":10.4372625351,"median":0.370844751596,"min":0,"var":956.17767334},"zerocrossingrate":{"dmean":0.0527068451047,"dmean2":0.0652855411172,"dvar":0.00210413103923,"dvar2":0.00318194949068,"max":0.8408203125,"mean":0.277433902025,"median":0.27734375,"min":0.00927734375,"var":0.0166350286454}},"metadata":{"audio_properties":{"analysis_sample_rate":44100,"bit_rate":165299,"codec":"mp3","downmix":"mix","equal_loudness":0,"length":304.327606201,"lossless":false,"md5_encoded":"5976b5939aa49e193f3e7ad0f62443ea","replay_gain":1.55145072937,"sample_rate":44100},"tags":{"acoustid_id":["a522cf45-29c3-4976-b81c-a3bb61d0e21c"],"album":["King of the Road"],"albumartist":["Fu Manchu"],"artist":["Fu Manchu"],"date":["1999"],"discnumber":["1/1"],"file_name":"02 - Fu Manchu - Over the Edge.mp3","musicbrainz_albumartistid":["f96de591-5dae-41da-855b-eb387d88d7d4"],"musicbrainz_albumid":["0a67d42e-aeb7-44e8-9ffe-0ae9eae997fc"],"musicbrainz_artistid":["f96de591-5dae-41da-855b-eb387d88d7d4"],"musicbrainz_recordingid":["98e2316c-4b3f-4b6a-8427-49734a684e03"],"musicbrainz_releasegroupid":["f38accf7-291b-3c2d-a683-aea7e1e5f2db"],"replaygain_album_gain":["+0.01 dB"],"replaygain_album_peak":["0.356416"],"replaygain_track_gain":["+0.26 dB"],"replaygain_track_peak":["0.338421"],"title":["Over the Edge"],"tracknumber":["2/11"]},"version":{"essentia":"2.1-beta1","essentia_build_sha":"e76a03f03bb3900de42a1fa0d9be1e72f12def64","essentia_git_sha":"v2.1_beta1-28-g21ef5f4-dirty","extractor":"music 1.0"}},"rhythm":{"beats_count":675,"beats_loudness":{"dmean":0.0707181096077,"dmean2":0.129578411579,"dvar":0.00276312720962,"dvar2":0.00906797684729,"max":0.391842037439,"mean":0.110342010856,"median":0.103397473693,"min":0,"var":0.00375848356634},"beats_loudness_band_ratio":{"dmean":[0.255950540304,0.0533615685999,0.0395402722061,0.0282200407237,0.0314684920013,0.121115550399],"dmean2":[0.479848235846,0.0953981727362,0.0741281509399,0.0523481667042,0.0556981861591,0.227502405643],"dvar":[0.0440439991653,0.00474117510021,0.00446901330724,0.00119763205294,0.00220833555795,0.01379179582],"dvar2":[0.128314509988,0.0133612221107,0.0132041918114,0.00359237217344,0.0062593203038,0.0380896292627],"max":[0.973401725292,0.562782824039,0.53576397895