{"lowlevel":{"average_loudness":0.900286257267,"barkbands":{"dmean":[0.0000367258544429,0.000345081061823,0.00317424326204,0.000773944659159,0.00518239010125,0.00245350040495,0.00159648945555,0.00177008227911,0.00111362396274,0.00102145504206,0.000321896368405,0.000267438532319,0.000316941353958,0.000318147882354,0.000497546221595,0.000284771667793,0.000206082273507,0.000467738893349,0.000157822069013,0.000146964477608,0.000095345050795,0.0000580412670388,0.000029478689612,0.0000372735448764,0.000020022953322,0.0000083503582573,0.0000012684589592],"dmean2":[0.000050724385801,0.000543746631593,0.0040838951245,0.00129325152375,0.00860356073827,0.00396227091551,0.00261319056153,0.00291564501822,0.00157672842033,0.00153223052621,0.00049461441813,0.00044124838314,0.000513271836098,0.000486377859488,0.000758283538744,0.000453060260043,0.000322540930938,0.000739403651096,0.000248390831985,0.000235155515838,0.000152711043484,0.0000901895691641,0.0000466993806185,0.0000572381613893,0.000031903557101,0.0000141511181937,0.0000023243646865],"dvar":[3.9094372184e-9,2.80831159216e-7,0.0000241652342083,0.0000010701469364,0.0000702724646544,0.000014305296645,0.00000676614217809,0.0000107503210529,0.00000648565901429,0.00000434480261902,5.42327370567e-7,1.87735452073e-7,5.13133670665e-7,4.03188266773e-7,7.29945725197e-7,3.4288169104e-7,1.15638066234e-7,3.88279914887e-7,4.91233329569e-8,4.24595576476e-8,2.3209054234e-8,1.11328271046e-8,3.39416739159e-9,1.2337357802e-8,3.05744940476e-9,3.29866856053e-10,1.29060009207e-11],"dvar2":[7.35439664723e-9,6.812087463e-7,0.0000332603049173,0.00000292601907859,0.000186963719898,0.0000351663511537,0.0000171813353518,0.0000259075222857,0.0000123605423141,0.00000929075304157,0.00000122836809169,4.8573889444e-7,0.00000120193374187,9.00296072359e-7,0.00000157784029398,8.17874138193e-7,2.55406405358e-7,9.69578195509e-7,1.19905010365e-7,1.01758907078e-7,5.70100269215e-8,2.57783021596e-8,8.41403124952e-9,2.43043576376e-8,6.52187637229e-9,8.43116076954e-10,3.64935928698e-11],"max":[0.00156217056792,0.0146130975336,0.138743966818,0.011545852758,0.0935987755656,0.0488147139549,0.0409545749426,0.0423984788358,0.0421195365489,0.0369578525424,0.015378639102,0.00901550240815,0.0222915299237,0.01709382236,0.0203025490046,0.0103276213631,0.00824231561273,0.00884237419814,0.00384913827293,0.00412542559206,0.00426381826401,0.00235324702226,0.00134217063896,0.00460043735802,0.00320077920333,0.000406413368182,0.000063616411353],"mean":[0.0000492412655149,0.000804951123428,0.00882375892252,0.00113906152546,0.00751315616071,0.00320423510857,0.00256143580191,0.00238981633447,0.00193810963538,0.00191301607993,0.000544939830434,0.000450765975984,0.000549764488824,0.000615642406046,0.000947433989495,0.000462271156721,0.000425252888817,0.0010206529405,0.000341302860761,0.000335644319421,0.000201116723474,0.000121577853861,0.0000559308755328,0.0000626183245913,0.0000261144432443,0.00000869128962222,8.50554499721e-7],"median":[0.0000218811583181,0.000371773756342,0.00257449154742,0.000779946160037,0.00428592972457,0.00164588855114,0.00162553309929,0.000734908040613,0.000329375412548,0.000516338041052,0.000184729971807,0.000249645061558,0.000236273030168,0.000214826592128,0.000454510736745,0.000265345996013,0.000306635571178,0.000769323727582,0.000256067694863,0.000258281215793,0.000150602936628,0.0000840028442326,0.0000346275410266,0.000029737038858,0.0000104155678855,0.00000297638439406,7.90841170328e-8],"min":[3.42388604495e-23,3.39246224411e-23,1.83307734764e-23,2.80177708223e-23,6.22285667563e-23,1.33285433675e-23,6.15654439685e-23,4.66476046234e-23,3.85358773082e-23,4.03414694797e-23,2.73631961313e-23,5.74055406016e-23,2.97701401263e-23,4.11018114855e-23,5.06652101048e-23,1.02441420354e-22,1.18352296739e-22,1.3884671373e-22,2.24636157588e-22,2.66161770396e-22,4.07331673181e-22,3.60781508657e-22,5.95427717909e-22,7.94053604218e-22,9.6487144942e-22,1.69566896084e-21,2.34959219162e-21],"var":[6.77221612122e-9,0.00000114052011213,0.000209811958484,0.000001439756943,0.0000903683903744,0.0000198476354853,0.0000101507948784,0.0000190987939277,0.000021140980607,0.00001324907862,0.00000127432554109,4.96998268318e-7,0.00000172408988419,0.00000137859228744,0.0000018612176973,5.24866834439e-7,2.85081654283e-7,9.09597588361e-7,1.15165036618e-7,1.02088485221e-7,4.28992024126e-8,1.991620735e-8,5.13682429926e-9,3.55991573997e-8,7.53630580164e-9,3.82173293012e-10,7.75129179592e-12]},"barkbands_crest":{"dmean":2.93284082413,"dmean2":4.66774940491,"dvar":7.24497795105,"dvar2":18.2282543182,"max":26.7378540039,"mean":11.2804412842,"median":10.1066818237,"min":2.65448617935,"var":25.36095047},"barkbands_flatness_db":{"dmean":0.0230734776706,"dmean2":0.0344606600702,"dvar":0.000522988208104,"dvar2":0.00106898834929,"max":0.48467066884,"mean":0.147570669651,"median":0.132967382669,"min":0.0421399921179,"var":0.00349566666409},"barkbands_kurtosis":{"dmean":3.26602435112,"dmean2":4.98379611969,"dvar":71.2264328003,"dvar2":140.956466675,"max":436.16229248,"mean":5.54641675949,"median":1.48289787769,"min":-1.86941623688,"var":218.915435791},"barkbands_skewness":{"dmean":0.537698090076,"dmean2":0.7996545434,"dvar":0.354432672262,"dvar2":0.737894356251,"max":19.5365943909,"mean":1.73232555389,"median":1.37128531933,"min":-2.18526053429,"var":2.18247008324},"barkbands_spread":{"dmean":4.66514253616,"dmean2":7.25445652008,"dvar":23.186290741,"dvar2":55.8809318542,"max":98.3773269653,"mean":18.8189983368,"median":18.2539196014,"min":0.440860897303,"var":85.4840393066},"dissonance":{"dmean":0.0184533372521,"dmean2":0.0306419488043,"dvar":0.000282836321276,"dvar2":0.000760360853747,"max":0.500000059605,"mean":0.457223057747,"median":0.463587969542,"min":0.287853211164,"var":0.000817667401861},"dynamic_complexity":2.60258221626,"erbbands":{"dmean":[0.00688223261386,0.140332788229,2.63891196251,3.66525650024,4.16705369949,24.9659614563,28.2544174194,14.1334505081,17.2703113556,23.2476902008,43.8256072998,27.9961166382,27.5931491852,23.7196807861,9.84879207611,10.8418159485,13.5161533356,12.7520885468,23.8246498108,19.4395122528,11.877374649,10.0707731247,23.0171031952,15.3700380325,4.90999078751,6.3541674614,5.14584493637,3.362657547,2.39083886147,1.11588644981,0.828855454922,0.781291365623,0.637653112411,0.263605713844,0.128307253122,0.0448580123484,0.0145200509578,0.00307493843138,0.000183483280125,0.0000130285370687],"dmean2":[0.0106033757329,0.193999111652,3.26211762428,5.56363487244,6.90137147903,42.0120620728,46.1457023621,23.024723053,28.9782962799,36.375087738,72.4460678101,39.8622894287,40.6309051514,35.5677185059,15.1598386765,18.1345367432,21.9949512482,19.3810462952,35.9251403809,30.2266235352,18.7758464813,15.3324022293,36.0009689331,24.3685188293,7.81322050095,10.1329860687,8.22612762451,5.23111391068,3.67726778984,1.77102041245,1.30031740665,1.20884490013,0.986955404282,0.420717000961,0.206269711256,0.0737420096993,0.0249366723001,0.00553924264386,0.000333752075676,0.0000212302838918],"dvar":[0.000165015138919,0.0461374931037,17.7025508881,24.9223709106,44.0851898193,1770.81201172,1503.60168457,538.636230469,730.172058105,1815.00720215,6480.67578125,4184.91357422,3936.47607422,1942.02514648,455.937225342,310.321838379,1016.50140381,602.92980957,1830.99084473,1357.27172852,716.227783203,300.590637207,1027.65576172,417.487670898,59.8624038696,77.7210845947,85.1664962769,25.6609477997,20.36003685,4.42451190948,2.7162322998,3.81904244423,4.3615436554,0.531592190266,0.162748470902,0.0109970094636,0.0010327756172,0.0000595409910602,2.72896244269e-7,2.66829197626e-10],"dvar2":[0.000425387348514,0.08183272928,21.6562004089,54.4776916504,117.829483032,4748.50048828,3713.36743164,1374.79943848,1972.53942871,4132.91796875,15919.015625,7834.19482422,8165.22998047,4411.87597656,1056.66796875,805.139587402,2413.06738281,1203.38195801,3841.24975586,3206.27978516,1694.89562988,652.732177734,2498.28491211,1035.78295898,150.249694824,185.70501709,205.513748169,59.315612793,48.1610412598,10.678144455,6.52546215057,8.45980930328,8.03986644745,1.11440885067,0.361321777105,0.0252688806504,0.00276067038067,0.000166398342117,7.74820250626e-7,6.99462765485e-10],"max":[0.526331186295,5.5207324028,124.712593079,89.6916885376,98.1949539185,468.002593994,519.463012695,354.119628906,426.96887207,732.067199707,1204.73034668,1323.36779785,1325.86376953,1040.13464355,661.72064209,457.770721436,865.010803223,782.094970703,903.50579834,851.943969727,678.885986328,470.517883301,549.22857666,316.561981201,250.221069336,186.294387817,311.398071289,90.1471710205,103.385528564,36.8895568848,34.0296173096,60.8099136353,102.782615662,44.5182609558,23.368686676,3.87812542915,0.524591803551,0.152527272701,0.0110873840749,0.000213263585465],"mean":[0.0129665369168,0.403215378523,7.88835191727,7.76872014999,7.21958494186,33.6433525085,38.9291763306,19.2564945221,27.6663799286,39.6687698364,59.7257194519,51.2181549072,52.7447776794,45.5060195923,19.85887146,18.9937896729,24.1300563812,29.7067565918,49.0198249817,39.4226913452,23.5258426666,22.227771759,50.5390090942,37.3919792175,12.027264595,15.0044403076,10.6649942398,7.1952085495,5.01282310486,2.19561624527,1.57663309574,1.3330385685,1.01290035248,0.359730243683,0.162093997002,0.0526729412377,0.0142242759466,0.00236106850207,0.000145965896081,0.0000458822614746],"median":[0.00829722359776,0.128072589636,2.07016682625,4.19710254669,4.83669137955,17.5921516418,21.092956543,11.1087436676,18.3201293945,23.7556056976,22.3874588013,12.6990852356,17.2739658356,16.9496803284,8.59872913361,11.1449985504,11.6673631668,13.6422195435,22.8866195679,23.4959316254,16.2579708099,16.0256557465,37.0309333801,30.0443019867,9.66604328156,11.6439409256,7.59438657761,5.25471973419,3.43035817146,1.37713503838,0.958690106869,0.690810620785,0.444327354431,0.153824150562,0.0578022636473,0.0201051253825,0.00426698056981,0.000453261483926,0.00003698933142,0.0000433379464084],"min":[1.82603331201e-21,5.52767766034e-21,2.5602862008e-20,6.19609137485e-20,1.30282019227e-19,2.09934458659e-19,1.06928015735e-19,1.52826736349e-19,8.32523010238e-19,1.13088845305e-18,8.88935332147e-19,8.33685250697e-19,6.47018400392e-19,1.75754973178e-18,1.50679530575e-18,2.3410632018e-18,1.53522116071e-18,2.66576736778e-18,2.60126920029e-18,3.22400095751e-18,7.34057942681e-18,6.9242255101e-18,6.74213369237e-18,8.33567191344e-18,1.28530681932e-17,1.32066730158e-17,1.66264047586e-17,1.78577772513e-17,1.46758996393e-17,1.13116518633e-17,1.82360188213e-17,1.45721893884e-17,1.39597878763e-17,1.06274494196e-17,6.78558466277e-18,6.07193003979e-18,2.75576006894e-18,1.34859959854e-18,3.05164815752e-19,3.72702219298e-20],"var":[0.000259595428361,0.385630548,173.514373779,98.7453460693,66.0194778442,2198.91723633,2335.5847168,631.934143066,976.954833984,3303.05151367,10740.7060547,14928.5351563,9608.70703125,5896.24658203,1361.35913086,876.744873047,2592.07836914,2846.6550293,5217.04638672,2718.5456543,1173.80957031,757.484924316,2486.88891602,1011.44152832,148.540405273,198.362091064,149.537002563,55.6517944336,34.4642601013,7.39813518524,4.31923151016,7.8037405014,14.0524873734,1.25401079655,0.375373542309,0.019524725154,0.00092743843561,0.0000383792867069,1.64089783539e-7,5.08106501318e-10]},"erbbands_crest":{"dmean":2.85661697388,"dmean2":4.62537384033,"dvar":7.81096553802,"dvar2":18.9953994751,"max":31.1055984497,"mean":9.22136306763,"median":7.97129535675,"min":1.84303867817,"var":20.6189403534},"erbbands_flatness_db":{"dmean":0.0186610016972,"dmean2":0.0277867745608,"dvar":0.000312130548991,"dvar2":0.000668728607707,"max":0.346809238195,"mean":0.172742858529,"median":0.170789882541,"min":0.0248088315129,"var":0.00150952325203},"erbbands_kurtosis":{"dmean":0.706677317619,"dmean2":1.12182080746,"dvar":0.984879434109,"dvar2":2.20967268944,"max":18.4120349884,"mean":-0.199132055044,"median":-0.642184317112,"min":-1.81828904152,"var":2.32193040848},"erbbands_skewness":{"dmean":0.381036579609,"dmean2":0.595709860325,"dvar":0.117006577551,"dvar2":0.282104581594,"max":3.37126946449,"mean":0.304343312979,"median":0.256683290005,"min":-2.52386212349,"var":0.443839907646},"erbbands_spread":{"dmean":7.57512998581,"dmean2":11.4409418106,"dvar":53.4186897278,"dvar2":126.801437378,"max":118.302955627,"mean":40.5271072388,"median":39.0421829224,"min":4.52975702286,"var":266.446472168},"gfcc":{"cov":[[16682.8457031,613.390258789,-1582.67041016,87.5522842407,-1039.77856445,-228.309768677,-536.577514648,-111.117347717,-304.372283936,-106.764579773,-280.545501709,-163.242797852,-88.7900619507],[613.390258789,1098.11743164,69.5692901611,-5.79076051712,245.094802856,-82.4988174438,97.2427825928,-87.6405410767,116.428222656,-130.499710083,81.3873214722,-156.461273193,3.2548160553],[-1582.67041016,69.5692901611,704.598632813,109.206665039,235.497711182,15.2755937576,-20.6627464294,13.1037445068,27.9073791504,14.0908527374,63.9821929932,24.8246212006,-35.6153640747],[87.5522842407,-5.79076051712,109.206665039,356.221099854,24.4607830048,-43.7655982971,-41.1929206848,18.1294708252,14.0057096481,-14.1534337997,27.2104721069,-5.01261854172,-6.76919794083],[-1039.77856445,245.094802856,235.497711182,24.4607830048,282.605133057,11.0972251892,64.1527175903,-16.0222930908,36.2362480164,-23.0305995941,41.4698410034,-15.1035022736,-7.91061019897],[-228.309768677,-82.4988174438,15.2755937576,-43.7655982971,11.0972251892,134.236587524,57.1354789734,15.0403671265,-6.16979837418,9.30474567413,-0.585441946983,-7.86341190338,-10.9041090012],[-536.577514648,97.2427825928,-20.6627464294,-41.1929206848,64.1527175903,57.1354789734,168.030426025,14.6490020752,28.9166030884,-7.02005958557,-9.7293138504,-30.1410236359,-9.4690618515],[-111.117347717,-87.6405410767,13.1037445068,18.1294708252,-16.0222930908,15.0403671265,14.6490020752,86.8629379272,29.3904266357,10.5504989624,-19.7966003418,-7.87668657303,-4.09895896912],[-304.372283936,116.428222656,27.9073791504,14.0057096481,36.2362480164,-6.16979837418,28.9166030884,29.3904266357,102.880386353,1.45542681217,13.0386238098,-41.63256073,2.70912909508],[-106.764579773,-130.499710083,14.0908527374,-14.1534337997,-23.0305995941,9.30474567413,-7.02005958557,10.5504989624,1.45542681217,74.3851470947,-1.0366538763,22.8428535461,-12.7283773422],[-280.545501709,81.3873214722,63.9821929932,27.2104721069,41.4698410034,-0.585441946983,-9.7293138504,-19.7966003418,13.0386238098,-1.0366538763,85.5522384644,12.9838905334,-4.2867193222],[-163.242797852,-156.461273193,24.8246212006,-5.01261854172,-15.1035022736,-7.86341190338,-30.1410236359,-7.87668657303,-41.63256073,22.8428535461,12.9838905334,95.6637420654,13.25760746],[-88.7900619507,3.2548160553,-35.6153640747,-6.76919794083,-7.91061019897,-10.9041090012,-9.4690618515,-4.09895896912,2.70912909508,-12.7283773422,-4.2867193222,13.25760746,71.1608734131]],"icov":[[0.000176202578587,-0.000522166141309,0.000295561301755,-0.000204872325412,0.000519594235811,-0.000368000386516,0.000717369432095,-0.000261787441559,0.000543788366485,-0.00029819496558,0.000656858144794,-0.000229881567066,0.000462281575892],[-0.000522166141309,0.00424415105954,-0.000852881232277,0.00111369730439,-0.0028070397675,0.00313280080445,-0.00314249983057,0.00292751006782,-0.00294189155102,0.00362290721387,-0.00395095720887,0.00398984318599,-0.00146940909326],[0.000295561301755,-0.000852881232277,0.00294653698802,-0.000801072805189,-0.00140483095311,-0.00123061647173,0.00243886630051,-0.00117894017603,0.000631500559393,-0.0010069567943,0.000666669511702,-0.00116956082638,0.00177208904643],[-0.000204872325412,0.00111369730439,-0.000801072805189,0.00363475969061,-0.000751737330575,0.00186360138468,-0.000530192162842,-0.000511459540576,-0.000642870727461,0.00155452382751,-0.00220167404041,0.00139180128463,-0.000349152338458],[0.000519594235811,-0.0028070397675,-0.00140483095311,-0.000751737330575,0.00878380332142,-0.00145986804273,-0.000345180305885,0.0000435871625086,0.00106049829628,-0.000385914434446,0.00156178523321,-0.00202460936271,0.00107330200262],[-0.000368000386516,0.00313280080445,-0.00123061647173,0.00186360138468,-0.00145986804273,0.0122259110212,-0.0058573721908,-0.0000304983168462,0.000821819296107,0.00133929669391,-0.00460809655488,0.00464757718146,-0.00104634126183],[0.000717369432095,-0.00314249983057,0.00243886630051,-0.000530192162842,-0.000345180305885,-0.0058573721908,0.0125328488648,-0.00257947412319,0.000679727760144,-0.00174933683593,0.0049386988394,-0.00175922410563,0.00307870097458],[-0.000261787441559,0.00292751006782,-0.00117894017603,-0.000511459540576,0.0000435871625086,-0.0000304983168462,-0.00257947412319,0.0179898291826,-0.00809270795435,0.00205761613324,0.00237924512476,0.000923735962715,0.000241289453697],[0.000543788366485,-0.00294189155102,0.000631500559393,-0.000642870727461,0.00106049829628,0.000821819296107,0.000679727760144,-0.00809270795435,0.0191825516522,-0.00577980466187,-0.00199523498304,0.00598671473563,-0.00206356728449],[-0.00029819496558,0.00362290721387,-0.0010069567943,0.00155452382751,-0.000385914434446,0.00133929669391,-0.00174933683593,0.00205761613324,-0.00577980466187,0.0204204320908,-0.00207374268211,-0.00214066146873,0.00330068077892],[0.000656858144794,-0.00395095720887,0.000666669511702,-0.00220167404041,0.00156178523321,-0.00460809655488,0.0049386988394,0.00237924512476,-0.00199523498304,-0.00207374268211,0.0197399910539,-0.00757358083501,0.00369141506962],[-0.000229881567066,0.00398984318599,-0.00116956082638,0.00139180128463,-0.00202460936271,0.00464757718146,-0.00175922410563,0.000923735962715,0.00598671473563,-0.00214066146873,-0.00757358083501,0.021479414776,-0.00568483490497],[0.000462281575892,-0.00146940909326,0.00177208904643,-0.000349152338458,0.00107330200262,-0.00104634126183,0.00307870097458,0.000241289453697,-0.00206356728449,0.00330068077892,0.00369141506962,-0.00568483490497,0.0178833585232]],"mean":[0.415776669979,105.364585876,-132.821090698,35.9283370972,-62.2815361023,-4.47014188766,-44.060092926,3.2034881115,-25.0985088348,-5.36789703369,-17.9396057129,-7.90303659439,-11.3646783829]},"hfc":{"dmean":5.41409063339,"dmean2":8.47290229797,"dvar":39.0344161987,"dvar2":90.3276672363,"max":87.701789856,"mean":24.6520233154,"median":24.9868011475,"min":1.1774824699e-16,"var":128.571166992},"melbands":{"dmean":[0.0000679578442941,0.000975147879217,0.00058285088744,0.000971611472778,0.00105363770854,0.000349887675839,0.000298137951177,0.00027003014111,0.000343750580214,0.000168229496921,0.000144178731716,0.00010879200272,0.0000367175343854,0.0000321985826304,0.000026774190701,0.0000340069382219,0.000026139392503,0.0000401340985263,0.0000361261263606,0.0000244373604801,0.0000140078018376,0.0000105517046904,0.0000148833023559,0.0000293488064926,0.0000122160390674,0.00000393890331907,0.00000496280563311,0.00000436490518041,0.00000441549400421,0.00000172095292328,0.00000219827711589,0.0000016579667772,7.86206896919e-7,5.86717476381e-7,4.69984769325e-7,5.40390885817e-7,4.93506433941e-7,5.21022400335e-7,3.09990383585e-7,2.06470147646e-7],"dmean2":[0.000107574043795,0.0012220791541,0.000873049721122,0.00163258088287,0.00172147375997,0.000565470545553,0.000495578511618,0.000424397381721,0.000565905298572,0.000235769737628,0.000213372040889,0.00016362965107,0.0000561260640097,0.0000525748400833,0.0000447980528406,0.0000537375708518,0.0000398907104682,0.0000605643872404,0.0000554194302822,0.0000385946768802,0.0000223187307711,0.000016339130525,0.000023176349714,0.0000467599711556,0.0000193756131921,0.00000625700522505,0.00000818736407382,0.00000691466721037,0.00000706967466613,0.00000278955030808,0.00000343816282111,0.00000257550732385,0.00000123893391901,9.45333965774e-7,7.43226053146e-7,8.57561644807e-7,7.67207041008e-7,8.15455848624e-7,4.83579071897e-7,3.39121868365e-7],"dvar":[1.22719718831e-8,0.00000236125697484,5.68255586586e-7,0.00000257460624198,0.00000219629873754,3.11434007472e-7,2.13851720332e-7,2.23807049338e-7,4.11686301049e-7,1.59730916494e-7,1.073128999e-7,4.31964757297e-8,7.37016003782e-9,2.91403634556e-9,4.11165634873e-9,5.96100546701e-9,2.79620104848e-9,5.81960124535e-9,4.45057368736e-9,2.15802375969e-9,1.10259001929e-9,4.39256603313e-10,5.55232471111e-10,1.76690240217e-9,2.78097128659e-10,4.19598140955e-11,5.51900747325e-11,4.09946902813e-11,6.78624378914e-11,7.92510067987e-12,1.1679615608e-11,1.00713985762e-11,2.59313490819e-12,1.27749492842e-12,9.26211147709e-13,1.29246396571e-12,1.98287393449e-12,3.31734553022e-12,1.08667090083e-12,3.18498997792e-13],"dvar2":[3.07292786772e-8,0.00000301675549963,0.00000122051596918,0.00000690904425937,0.00000553237168788,7.83688221873e-7,5.66952792269e-7,5.00462363107e-7,9.90683929558e-7,2.88711390795e-7,2.22479201284e-7,9.83583703373e-8,1.68302616288e-8,7.48967199371e-9,1.02210488961e-8,1.28134738375e-8,5.63723867586e-9,1.26826860125e-8,9.67251434503e-9,5.10498709971e-9,2.53757570512e-9,9.41067779259e-10,1.31339528142e-9,4.4538155386e-9,6.86380063897e-10,1.0700820785e-10,1.42289305338e-10,9.74657229924e-11,1.6313779494e-10,1.9955415792e-11,2.71747537667e-11,2.44164428259e-11,6.01968691907e-12,3.24244038737e-12,2.28846021993e-12,3.10449192395e-12,4.4599749241e-12,6.55085664533e-12,2.0634778608e-12,7.62930083692e-13],"max":[0.00352996936999,0.0450677834451,0.0144319571555,0.0188891161233,0.0145052205771,0.00774614792317,0.00674045598134,0.00856191385537,0.0115898316726,0.00844122935086,0.00648840423673,0.00445513287559,0.00243761762977,0.00123318727128,0.00201857532375,0.00235993554816,0.0017822785303,0.00188044423703,0.00165821413975,0.000902211351786,0.00102211511694,0.000637850316707,0.000534839113243,0.000667683721986,0.000278752035229,0.000189131271327,0.000197556524654,0.000154292254592,0.000293837452773,0.0000511814032507,0.0000624918102403,0.0000760155453463,0.0000370909838239,0.000023800337658,0.0000238331758737,0.0000215055570152,0.0000501644608448,0.0000956424919423,0.0000672735259286,0.0000255751729128],"mean":[0.000148270017235,0.00288486969657,0.00131528323982,0.00140080193523,0.00149640243035,0.000464065844426,0.000478965550428,0.000452205800684,0.000459929171484,0.000306461326545,0.000266034825472,0.000200073525775,0.0000661286467221,0.0000557674284209,0.0000401690849685,0.0000600376042712,0.0000536702682439,0.0000774709114921,0.0000664475956,0.000041525800043,0.0000255552531598,0.0000209922854992,0.0000300111987599,0.0000593526383454,0.0000277718027064,0.00000833369813336,0.00000996106791717,0.00000976152477961,0.00000838023242977,0.00000343139004144,0.00000430389718531,0.00000327122984345,0.00000146026115999,0.00000107131677396,8.65285755935e-7,8.87370333658e-7,7.94496713752e-7,7.99146221198e-7,4.52625187108e-7,2.50886131425e-7],"median":[0.0000876204721862,0.000803659902886,0.000764640921261,0.000796953449026,0.000843356654514,0.00025407486828,0.000312939460855,0.000258779560681,0.000160023104399,0.0000585982961638,0.0000731135223759,0.0000611488867435,0.0000231839003391,0.0000285532150883,0.0000194224739971,0.0000250762532232,0.000020721094188,0.0000302871194435,0.0000325740911649,0.0000246103700192,0.000016813426555,0.0000146789579958,0.0000192754723685,0.0000429003375757,0.0000216022890527,0.00000612162648395,0.00000725014069758,0.00000704623744241,0.0000055184896155,0.00000243760678131,0.00000296686880574,0.00000211925521398,8.79839376466e-7,6.29375676908e-7,4.98877511745e-7,4.83877670376e-7,3.56332549245e-7,3.31298878109e-7,1.86310074923e-7,9.99938123414e-8],"min":[1.39190199546e-23,1.39206323863e-23,1.20750560109e-23,1.32924214267e-23,5.42091606217e-24,3.4412719871e-24,1.28689348603e-23,1.29345594102e-23,6.8882766264e-24,4.8914121122e-24,2.94624165312e-24,7.97712792325e-24,4.0799341704e-24,6.96104588947e-24,4.698500911e-24,3.27780994956e-24,4.39521465852e-24,4.08387453062e-24,3.66864536582e-24,5.47394999754e-24,9.76293704099e-24,7.68602720517e-24,5.16628556703e-24,6.31318756017e-24,6.27849937401e-24,8.48544622474e-24,8.30435294876e-24,9.02749779627e-24,1.07110058541e-23,8.42967296988e-24,9.28407875e-24,9.05098612972e-24,5.40448448395e-24,7.21995161628e-24,1.08890407164e-23,8.24500694286e-24,8.60157128316e-24,1.00046550664e-23,8.68147737083e-24,9.28324650174e-24],"var":[3.09890033634e-8,0.0000226368410949,0.00000250006064562,0.0000034669260458,0.00000319423247674,3.89510347532e-7,3.05570324599e-7,4.45478747224e-7,6.72376188504e-7,6.02350326062e-7,2.66937234983e-7,1.33204423491e-7,1.9126094486e-8,7.5769497343e-9,6.24364870916e-9,2.1233722336e-8,1.20227516831e-8,1.60016710993e-8,1.0356485447e-8,3.49900663998e-9,1.77490100395e-9,9.63512269969e-10,1.2582819231e-9,3.64355678961e-9,6.44562958563e-10,9.53767689826e-11,1.09154157935e-10,1.03237765559e-10,1.16181911314e-10,1.51336703585e-11,2.32296803321e-11,1.62894212008e-11,4.10435140735e-12,2.0534966956e-12,1.39442569904e-12,1.89875502474e-12,4.01500143896e-12,9.75506481149e-12,3.07417719753e-12,4.78960783794e-13]},"melbands_crest":{"dmean":3.25806260109,"dmean2":5.12025785446,"dvar":8.63087558746,"dvar2":20.3053855896,"max":39.7989692688,"mean":14.4890594482,"median":13.0797996521,"min":2.34587001801,"var":40.1698303223},"melbands_flatness_db":{"dmean":0.0260411147028,"dmean2":0.0379867404699,"dvar":0.000685843639076,"dvar2":0.001347209909,"max":0.62521725893,"mean":0.202838048339,"median":0.182959124446,"min":0.00556894484907,"var":0.00565774319693},"melbands_kurtosis":{"dmean":7.07793903351,"dmean2":10.7805948257,"dvar":169.096084595,"dvar2":390.035888672,"max":297.908569336,"mean":14.933013916,"median":6.74749326706,"min":-1.40278232098,"var":657.272155762},"melbands_skewness":{"dmean":0.718454241753,"dmean2":1.06823015213,"dvar":0.606845676899,"dvar2":1.35772037506,"max":16.7884292603,"mean":2.76095342636,"median":2.30791664124,"min":-0.679014146328,"var":3.56029725075},"melbands_spread":{"dmean":5.88590478897,"dmean2":9.0939950943,"dvar":41.3103637695,"dvar2":97.4227142334,"max":159.933853149,"mean":21.0274085999,"median":19.7604198456,"min":0.515882730484,"var":147.428726196},"mfcc":{"cov":[[9785.49902344,567.463989258,-686.051696777,-5.66921043396,-502.4168396,-234.981323242,-282.140411377,-175.323181152,-124.72820282,-62.3066482544,-52.549118042,-101.923606873,-286.49786377],[567.463989258,1224.80993652,-23.1701011658,62.8919029236,135.324951172,52.3387908936,46.5930938721,26.0261096954,-10.773982048,38.2447433472,30.6557865143,-29.0718097687,-29.5726985931],[-686.051696777,-23.1701011658,408.17300415,113.491722107,174.8019104,15.1653804779,23.8703746796,4.38079833984,-12.3927536011,-19.3473529816,7.30426549911,44.5176429749,55.5946540833],[-5.66921043396,62.8919029236,113.491722107,324.40411377,115.652687073,-0.885460734367,-4.16478919983,13.1080760956,-3.6314136982,-13.1150388718,-7.43966388702,12.1831350327,47.9441986084],[-502.4168396,135.324951172,174.8019104,115.652687073,238.159088135,15.7963924408,19.7891197205,8.38715744019,-9.72692108154,-7.61147069931,-9.20482063293,23.7531738281,44.1332855225],[-234.981323242,52.3387908936,15.1653804779,-0.885460734367,15.7963924408,111.839202881,58.2636642456,20.000246048,-2.93605661392,9.45473766327,19.6357002258,-11.7425756454,6.69552898407],[-282.140411377,46.5930938721,23.8703746796,-4.16478919983,19.7891197205,58.2636642456,103.682273865,35.3145065308,2.34207725525,8.09219074249,14.6666307449,-9.91711521149,-2.73054122925],[-175.323181152,26.0261096954,4.38079833984,13.1080760956,8.38715744019,20.000246048,35.3145065308,79.4881057739,20.342124939,12.0568971634,10.6774454117,0.319091141224,-6.17350816727],[-124.72820282,-10.773982048,-12.3927536011,-3.6314136982,-9.72692108154,-2.93605661392,2.34207725525,20.342124939,104.326568604,40.6927833557,3.38840126991,-7.60830163956,-16.2049827576],[-62.3066482544,38.2447433472,-19.3473529816,-13.1150388718,-7.61147069931,9.45473766327,8.09219074249,12.0568971634,40.6927833557,90.3679580688,26.0279102325,-9.40228271484,-20.3409442902],[-52.549118042,30.6557865143,7.30426549911,-7.43966388702,-9.20482063293,19.6357002258,14.6666307449,10.6774454117,3.38840126991,26.0279102325,87.2560043335,14.7760066986,-4.16771507263],[-101.923606873,-29.0718097687,44.5176429749,12.1831350327,23.7531738281,-11.7425756454,-9.91711521149,0.319091141224,-7.60830163956,-9.40228271484,14.7760066986,79.1620407104,21.5670146942],[-286.49786377,-29.5726985931,55.5946540833,47.9441986084,44.1332855225,6.69552898407,-2.73054122925,-6.17350816727,-16.2049827576,-20.3409442902,-4.16771507263,21.5670146942,92.186668396]],"icov":[[0.000162013049703,-0.000108542953967,0.000119788746815,-0.000185636148672,0.000303725042613,0.000131286884425,0.000248165713856,0.000203113959287,0.000195244458155,0.000119416181406,0.0000221363170567,0.00000294596361528,0.000419983436586],[-0.000108542953967,0.00105465902016,0.000306755653583,0.0000217811593757,-0.00110015098471,-0.00030592654366,-0.000271672062809,-0.00021327403374,0.000151468295371,-0.000342010695022,-0.000383557780879,0.000316763063893,0.000190962746274],[0.000119788746815,0.000306755653583,0.00409476971254,-0.000553730234969,-0.00250996625982,0.0000836087056086,-0.000570921692997,0.000518162269145,0.0000301130057778,0.0005495226942,-0.000676827155985,-0.00101983675268,-0.000162879558047],[-0.000185636148672,0.0000217811593757,-0.000553730234969,0.00420266482979,-0.00177368172444,0.0000627371482551,0.000497397733852,-0.00118819787167,-0.00038019719068,0.000149589410285,-0.0000590383569943,0.000525207666215,-0.00180134025868],[0.000303725042613,-0.00110015098471,-0.00250996625982,-0.00177368172444,0.00848899036646,0.0000369684057659,-0.000266524613835,0.000310156028718,0.000563705572858,-0.000460321869468,0.00178130052518,-0.00104604079388,-0.000703915080521],[0.000131286884425,-0.00030592654366,0.0000836087056086,0.0000627371482551,0.0000369684057659,0.0135416546836,-0.00665914267302,-0.0000742396150599,0.00085705157835,-0.000494243693538,-0.00202058814466,0.00196969183162,-0.00148717476986],[0.000248165713856,-0.000271672062809,-0.000570921692997,0.000497397733852,-0.000266524613835,-0.00665914267302,0.0163272172213,-0.00504314620048,0.000805433490314,0.000416281021899,-0.000664812279865,0.00149717123713,0.00137996498961],[0.000203113959287,-0.00021327403374,0.000518162269145,-0.00118819787167,0.000310156028718,-0.0000742396150599,-0.00504314620048,0.0163795370609,-0.00268240249716,0.0000791271522758,-0.000691811088473,-0.00124964211136,0.00147972954437],[0.000195244458155,0.000151468295371,0.0000301130057778,-0.00038019719068,0.000563705572858,0.00085705157835,0.000805433490314,-0.00268240249716,0.0127421068028,-0.00548266200349,0.00122611154802,0.000397953990614,0.00133949879091],[0.000119416181406,-0.000342010695022,0.0005495226942,0.000149589410285,-0.000460321869468,-0.000494243693538,0.000416281021899,0.0000791271522758,-0.00548266200349,0.015783444047,-0.00449392804876,0.00142482470255,0.00210844818503],[0.0000221363170567,-0.000383557780879,-0.000676827155985,-0.0000590383569943,0.00178130052518,-0.00202058814466,-0.000664812279865,-0.000691811088473,0.00122611154802,-0.00449392804876,0.0144646866247,-0.00386042753235,0.000393622176489],[0.00000294596361528,0.000316763063893,-0.00101983675268,0.000525207666215,-0.00104604079388,0.00196969183162,0.00149717123713,-0.00124964211136,0.000397953990614,0.00142482470255,-0.00386042753235,0.0157056320459,-0.00269347825088],[0.000419983436586,0.000190962746274,-0.000162879558047,-0.00180134025868,-0.000703915080521,-0.00148717476986,0.00137996498961,0.00147972954437,0.00133949879091,0.00210844818503,0.000393622176489,-0.00269347825088,0.0151827000082]],"mean":[-629.608459473,126.820259094,-12.3675880432,32.267906189,0.150395348668,-5.98504734039,-9.00540065765,-3.46777153015,-5.80473804474,-1.95592534542,-4.59934091568,-4.66409015656,-11.7779874802]},"pitch_salience":{"dmean":0.0727839544415,"dmean2":0.115649566054,"dvar":0.00419764220715,"dvar2":0.0100443763658,"max":0.924256801605,"mean":0.525353550911,"median":0.539987504482,"min":0.0130766425282,"var":0.0148220285773},"silence_rate_20dB":{"dmean":0,"dmean2":0,"dvar":0,"dvar2":0,"max":1,"mean":1,"median":1,"min":1,"var":0},"silence_rate_30dB":{"dmean":0.00172074732836,"dmean2":0.00344191771001,"dvar":0.00171769072767,"dvar2":0.00392139656469,"max":1,"mean":0.997910797596,"median":1,"min":0,"var":0.00208485242911},"silence_rate_60dB":{"dmean":0.000983284204267,"dmean2":0.00196681008674,"dvar":0.000982304220088,"dvar2":0.00294629321434,"max":1,"mean":0.0428905002773,"median":0,"min":0,"var":0.0410499721766},"spectral_centroid":{"dmean":254.458679199,"dmean2":396.236022949,"dvar":75150.6171875,"dvar2":158179.234375,"max":10768.8945313,"mean":1310.17797852,"median":1299.74121094,"min":141.231628418,"var":300859.4375},"spectral_complexity":{"dmean":3.52777767181,"dmean2":5.49920082092,"dvar":11.3826122284,"dvar2":25.745136261,"max":49,"mean":22.9207324982,"median":24,"min":0,"var":68.3749084473},"spectral_contrast_coeffs":{"dmean":[0.0557759106159,0.0533723980188,0.0427382215858,0.0350428186357,0.0294667035341,0.0237789396197],"dmean2":[0.0926799625158,0.0880641341209,0.065918341279,0.0551522821188,0.0459145978093,0.0363207198679],"dvar":[0.00199846015312,0.00185498397332,0.00126586819533,0.000815354345832,0.000612292671576,0.000428885803558],"dvar2":[0.00556203676388,0.00496871443465,0.00288555049337,0.00195634155534,0.00144331727643,0.000986769213341],"max":[-0.258580058813,-0.431256055832,-0.416748553514,-0.533800303936,-0.569181799889,-0.606256008148],"mean":[-0.529156267643,-0.682827472687,-0.732730686665,-0.745234191418,-0.736010909081,-0.731006205082],"median":[-0.524436354637,-0.682457387447,-0.744034528732,-0.745499134064,-0.732325613499,-0.722629070282],"min":[-0.966592490673,-0.972658813,-0.969486176968,-0.965029895306,-0.962624788284,-0.959203183651],"var":[0.00729157216847,0.00553916394711,0.00702145881951,0.00342825194821,0.0025070568081,0.00215580267832]},"spectral_contrast_valleys":{"dmean":[0.454624384642,0.430303633213,0.365575104952,0.366073071957,0.338346123695,0.429896384478],"dmean2":[0.752821266651,0.684896945953,0.578089773655,0.563960790634,0.502117753029,0.624467372894],"dvar":[0.165225148201,0.168583348393,0.127210631967,0.131667241454,0.136785447598,0.203389763832],"dvar2":[0.383621603251,0.372004419565,0.264487743378,0.25926014781,0.246745660901,0.406765282154],"max":[-5.78099489212,-4.59415864944,-5.51542377472,-5.86669397354,-5.91622114182,-8.07361507416],"mean":[-7.7894949913,-6.67901468277,-7.47096776962,-7.73994874954,-7.6288819313,-10.6154708862],"median":[-7.56294536591,-6.47049856186,-7.26269388199,-7.51221179962,-7.35028934479,-10.4201974869],"min":[-27.1250629425,-27.3711509705,-27.1311454773,-27.3032150269,-27.3351840973,-27.3421325684],"var":[1.75692880154,1.83583319187,1.64258527756,1.65504133701,1.7406744957,1.51523160934]},"spectral_decrease":{"dmean":2.39419128967e-9,"dmean2":3.82544351751e-9,"dvar":6.84045320716e-18,"dvar2":1.75278777707e-17,"max":8.55413340379e-29,"mean":-9.08035335812e-9,"median":-8.37512370566e-9,"min":-4.10719955823e-8,"var":2.19702992269e-17},"spectral_energy":{"dmean":0.00936292577535,"dmean2":0.0149816758931,"dvar":0.000104051301605,"dvar2":0.000266510352958,"max":0.156787991524,"mean":0.036507319659,"median":0.0343630462885,"min":1.03572536578e-20,"var":0.000323901593219},"spectral_energyband_high":{"dmean":0.000261345325271,"dmean2":0.000402171543101,"dvar":1.70480205952e-7,"dvar2":3.77885413627e-7,"max":0.00866476818919,"mean":0.000641689286567,"median":0.000489565019961,"min":7.72898177324e-21,"var":4.16067166498e-7},"spectral_energyband_low":{"dmean":0.00371198356152,"dmean2":0.00494049908593,"dvar":0.0000307323025481,"dvar2":0.0000465539560537,"max":0.150300323963,"mean":0.0104348203167,"median":0.00378589145839,"min":1.15747503274e-22,"var":0.000253364501987},"spectral_energyband_middle_high":{"dmean":0.00199535582215,"dmean2":0.00298872264102,"dvar":0.00000559414866075,"dvar2":0.0000126843542603,"max":0.0409711785614,"mean":0.00716818822548,"median":0.00569761404768,"min":1.2256782048e-21,"var":0.000033553216781},"spectral_energyband_middle_low":{"dmean":0.00805670768023,"dmean2":0.0131571460515,"dvar":0.000091401852842,"dvar2":0.000237972592004,"max":0.103431276977,"mean":0.0192981567234,"median":0.0169852003455,"min":3.14286021659e-22,"var":0.000152281223563},"spectral_entropy":{"dmean":0.177029758692,"dmean2":0.270912587643,"dvar":0.0369701460004,"dvar2":0.0787698477507,"max":9.79314613342,"mean":7.33901691437,"median":7.399122715,"min":4.63868522644,"var":0.18667550385},"spectral_flux":{"dmean":0.0272812768817,"dmean2":0.0433052964509,"dvar":0.000687082065269,"dvar2":0.0016239968827,"max":0.267038762569,"mean":0.0950486436486,"median":0.0922313630581,"min":1.01770591954e-10,"var":0.00167219794821},"spectral_kurtosis":{"dmean":2.34225749969,"dmean2":3.83249521255,"dvar":27.8078365326,"dvar2":59.6693763733,"max":144.856063843,"mean":5.64742708206,"median":4.08515787125,"min":-1.19537842274,"var":80.6402206421},"spectral_rms":{"dmean":0.000749158672988,"dmean2":0.00119370757602,"dvar":5.99487520958e-7,"dvar2":0.00000151144570282,"max":0.0123678576201,"mean":0.00571441883221,"median":0.00579007109627,"min":3.1787792884e-12,"var":0.00000296246616927},"spectral_rolloff":{"dmean":413.881195068,"dmean2":696.045593262,"dvar":396112.0625,"dvar2":863725.9375,"max":19099.9511719,"mean":1316.24645996,"median":1162.79296875,"min":21.533203125,"var":959215.625},"spectral_skewness":{"dmean":0.262838363647,"dmean2":0.419502407312,"dvar":0.132370233536,"dvar2":0.290988773108,"max":10.0008792877,"mean":1.52405369282,"median":1.40267550945,"min":-0.0235358141363,"var":0.528163671494},"spectral_spread":{"dmean":404568.65625,"dmean2":608061.875,"dvar":428697387008,"dvar2":629150908416,"max":41618788,"mean":3757849.75,"median":3623754.75,"min":730198.5625,"var":1436167700480},"spectral_strongpeak":{"dmean":0.656154990196,"dmean2":1.09440684319,"dvar":0.749799191952,"dvar2":1.85800397396,"max":10.1350326538,"mean":1.38819420338,"median":1.00473511219,"min":0,"var":1.44410717487},"zerocrossingrate":{"dmean":0.00727146584541,"dmean2":0.00885838828981,"dvar":0.0000918314035516,"dvar2":0.000111176421342,"max":0.5078125,"mean":0.0514848977327,"median":0.052734375,"min":0,"var":0.000589209608734}},"metadata":{"audio_properties":{"analysis_sample_rate":44100,"bit_rate":257153,"codec":"mp3","downmix":"mix","equal_loudness":0,"length":188.917556763,"lossless":false,"md5_encoded":"13ed6e68b384e200068d8dc3e12176ce","replay_gain":-3.15140533447,"sample_rate":44100},"tags":{"acoustid_fingerprint":["AQADtErCLZGUED7uIz90Ccdx8LBe_IdwwgcPHPghHoeD48J7QD2PwwNeHD_8B2V3fHvwo2vRrLFwHiU_QZeMwytRZguFH7WI5ssm9NAyMYmDc2i-VKg-4o1xo1csuP2gR4FmnAyeZMeTo8mTDrUk5McT9ME_pEfn5VCtFP3hHylRK7OQS0cfRULzDFeP14I2K4dXHDfOFtWHfDz6wRx-wQpxmciLu9B-fEPzRDl6Tyg5HT7RQ3sID9WYB-VxpbCKozyeHbGPfkYTPXi-4XnQx3g2ZBoJjekTRL-CJ4VDNcd1PDdSJaOT4OEhxsgR6hHCaEowk8GVU0GfEM3xEF9AhT-OdUKTacoYJLMR5gl6R6guNKqELxGDH_2J5scOVhvCBDJ7RIsPrytRphTQVDvC64eeCbmPZqlyom7E4XiyHL565IeOiMf_4FqSNcFngtOzoKvQPCeOP43gZTS4NI_gWM3xXMI_fJIR5i2RrH-K80NV5UWTdE2CT5LwB820I9mRS8UdPImTHLWUCj9KGmx44V4wWQyaJtzx4D5xByWZBx2TD8mPnEYfNCeD57h04jtx5vCOH092XJnhJ0eOx4ZidhIelMuHNNzwtOil4OqCM1xw5OLRo4lDIs_xB5dkBT3yolJnfDqkqFnQMM4W6NwzRPokuD_8B33CoseP_-iRKw8uCXmyRBq8p_iOnGi6bAjnB0ij0Dv0Pkf-MUEvNA9OPriM50LzpEN9HHuSB5-Ee8ePslGOkJlkvGIT6NQR6sebq0gjRkeZOBPyRPiFZkc75saljOhbbEWfrfiPK8U1XDj-FDkPPU9wPviD5lmgfTx2xNRBhYlkPImO5vlR5gt-4i8uNJWN6l2I4zoeKYmQM9B-wUH4hMQPbj3-YBeP-3iGMHWOakoOecMtHflzPLqCU8ePLxIaNQt6HO-xH2E5G0Ke45aO6RqHT9GPOzjO48TGbMETRceVPPjzIU9w449y8MnRaCIiSTnyF5eMkeLx_Kgm6Me14zhKMrjCGd_R6ErRE8-Hksc3HP4CTYceNCOD72giZikyPgoOxyGO45lkhMlp8PhxsQpaB6V8pDuu7ji8aRxcDTlELkqO0s3AGVlyC30nBXmkFM8N5kejhlARPrilHFaYOngOP-hxRmCewD_W9Lim5MiVQX6QG5-PHzWFyydqocmP5zjHYQpC9jhVgtRn5BKeHDWPRv9xR0mJozwVBQ3zeMKXD7WDMOc3JLeOS7hnfErkGL-OS45QKePRPHXwPEHGSUfy4I5yTDnqB0-OK8ilI9kL6zmunMPFHE0dRRpOolZ2hImP5GjiceijNMITpUie7MiP3mjexviLJ7iFb8nRCO2iBDqPkyGaOIqJOk9QfwuuH9_RBz_xOUW-JDm0Ew-cYXq2B7yD67gIRcmeo5RyvB_e45QQhgrzoD9-NN9R7zoOczly6bgaSSn2fEhPCs-Nwnvx2PiSC5ekGj2udESsD8of5BbatXhamD88csSdHOvhZznRz7g-oWEolAz64Dz8SA8q99ht_DwuKUFrotmNpJ3SoHlyhI-l4foRPgqadSQefZiaRErQPMcPLVwc