{"lowlevel":{"average_loudness":0.965620756149,"barkbands":{"dmean":[0.0000120589329526,0.0036986626219,0.00419141538441,0.00401239702478,0.00281588942744,0.000984840211459,0.000626120134257,0.000645024643745,0.000909554422833,0.000291823293082,0.000343626452377,0.000238408072619,0.000393601454562,0.000309328985168,0.000537986925337,0.000423288729507,0.00041758394218,0.000344089086866,0.000289766088827,0.00020995727391,0.000195263826754,0.000145554484334,0.000120317519759,0.0000791568818386,0.0000372401591449,0.000011060923498,4.96740540257e-7],"dmean2":[0.0000201888597076,0.00611209869385,0.00756420334801,0.00662654358894,0.00453634141013,0.00160047993995,0.00100101239514,0.00102352781687,0.00145368324593,0.000462406635052,0.000542415829841,0.000385186896892,0.000628876383416,0.000503280083649,0.000869213952683,0.000693795038387,0.00068110099528,0.000550634693354,0.000481547816889,0.000348411878804,0.00032188728801,0.000232906168094,0.000190117876627,0.000123299207189,0.0000555698061362,0.0000166368499777,8.32690886909e-7],"dvar":[3.55597801205e-10,0.000031451760151,0.0000959644166869,0.000025026518415,0.0000148000872287,0.00000264268010142,6.12769042618e-7,0.00000144329771956,0.00000435199035564,4.67331858545e-7,4.73307210314e-7,3.12313318318e-7,0.00000115938019007,4.68164074618e-7,5.69345331769e-7,2.87208820282e-7,3.32464338726e-7,2.48992080287e-7,1.08458991122e-7,8.1561523757e-8,5.27171657438e-8,4.05339193321e-8,3.83135905224e-8,3.73554343014e-8,1.09649924696e-8,8.47501346879e-10,1.96766366221e-12],"dvar2":[9.07679154061e-10,0.0000833362646517,0.000273982848739,0.0000694688496878,0.0000367782376998,0.00000667706899549,0.00000149370657709,0.00000320785125041,0.0000106028910523,0.00000116398064165,0.00000112556244858,7.19426452633e-7,0.00000281308757621,0.00000116582612009,0.00000140358679346,7.09847881808e-7,7.79090385095e-7,5.92990261339e-7,2.82880193936e-7,2.13763840407e-7,1.38604207223e-7,1.00433098282e-7,9.13431321692e-8,8.72407852626e-8,1.94356513106e-8,1.67401836837e-9,5.25608463003e-12],"max":[0.000279398926068,0.0583294406533,0.0765184760094,0.0514344424009,0.043525557965,0.0344583205879,0.0252641905099,0.030384728685,0.0460412167013,0.0170148331672,0.02167118527,0.0196732934564,0.0320966951549,0.0224827341735,0.0132623752579,0.0111569324508,0.0153312087059,0.00996706914157,0.00407675886527,0.00546079874039,0.00324760540389,0.0034988373518,0.00824712961912,0.00935871619731,0.00745731219649,0.00163773342501,0.0000271089684247],"mean":[0.0000156538917508,0.00595532404259,0.00407038629055,0.00579525949433,0.00420566927642,0.00145695055835,0.00118485081475,0.00112162518781,0.00145860132761,0.00047901054495,0.000575765327085,0.000405547674745,0.000803746806923,0.000529136043042,0.00102074851748,0.000848579918966,0.000863966473844,0.00072602898581,0.000663856160827,0.00046307046432,0.000513812410645,0.000388575164834,0.000344932312146,0.000236390653299,0.0000955189243541,0.0000217736815102,5.96189238422e-7],"median":[0.00000455497411167,0.00371857034042,0.00157363456674,0.00380449974909,0.00270571932197,0.000930589914788,0.000862689281348,0.000577406026423,0.000562212138902,0.000263821624685,0.000296261248877,0.000182981108082,0.000276706006844,0.000299238308799,0.000721810036339,0.000620705075562,0.000617680314463,0.00053553818725,0.000571003882214,0.000386940460885,0.000453572487459,0.000330033421051,0.000288773298962,0.000191502040252,0.0000626472465228,0.0000110924047476,2.44761565682e-7],"min":[1.82624356395e-25,2.58212850561e-24,1.0062760983e-24,7.24419449519e-25,5.90956135599e-24,8.74799096691e-24,6.45209413266e-24,7.01887491585e-24,1.3580401411e-23,6.97742816389e-24,1.30278359013e-23,1.96322267315e-23,1.55007759997e-23,3.01185200347e-23,2.74326979325e-23,4.17437107595e-23,3.92187500176e-23,9.80891926984e-23,9.31437227094e-23,1.60371282089e-22,1.86473490375e-22,2.75685580819e-22,4.00041109047e-22,5.38613677836e-22,9.01312333063e-22,1.161056436e-21,1.84936016879e-21],"var":[8.41148317665e-10,0.0000439101204393,0.0000672129535815,0.0000365515952581,0.000020741706976,0.0000034910578961,0.00000141575185353,0.00000412078270529,0.00000936870401347,7.15774262972e-7,0.00000101997579804,8.4749456164e-7,0.00000516262707606,7.9462421354e-7,0.00000114182012112,6.429769428e-7,8.29970247196e-7,5.28292503077e-7,2.28001908908e-7,1.32446885459e-7,1.26821362301e-7,8.72340493174e-8,7.95819161681e-8,8.77298660384e-8,3.81740328237e-8,2.31051666688e-9,1.69482537813e-12]},"barkbands_crest":{"dmean":2.35409927368,"dmean2":3.87255549431,"dvar":4.35802173615,"dvar2":11.4964809418,"max":23.6133022308,"mean":8.32753276825,"median":7.84253501892,"min":2.26165056229,"var":10.1723937988},"barkbands_flatness_db":{"dmean":0.0186183284968,"dmean2":0.029755435884,"dvar":0.000358318822691,"dvar2":0.000926067761611,"max":0.260744184256,"mean":0.0997583791614,"median":0.0940566658974,"min":0.0324468575418,"var":0.00096426991513},"barkbands_kurtosis":{"dmean":1.9326287508,"dmean2":3.19681501389,"dvar":11.9670572281,"dvar2":31.280462265,"max":56.8553848267,"mean":1.36801326275,"median":0.170988202095,"min":-1.91884863377,"var":15.1172733307},"barkbands_skewness":{"dmean":0.521461427212,"dmean2":0.819754898548,"dvar":0.32162347436,"dvar2":0.809923350811,"max":6.6598610878,"mean":1.171656847,"median":1.10768795013,"min":-6.64329051971,"var":0.98693215847},"barkbands_spread":{"dmean":6.84037590027,"dmean2":10.7946052551,"dvar":42.8628158569,"dvar2":103.606231689,"max":132.396316528,"mean":33.668510437,"median":33.6102790833,"min":3.38087725639,"var":126.305244446},"dissonance":{"dmean":0.00928176380694,"dmean2":0.0157339889556,"dvar":0.000129313702928,"dvar2":0.000372230366338,"max":0.5,"mean":0.481795489788,"median":0.48478782177,"min":0.00066828209674,"var":0.00018757446378},"dynamic_complexity":1.55601000786,"erbbands":{"dmean":[0.0447690598667,1.04850995541,4.22305059433,9.84425449371,10.8571958542,9.83351039886,8.36533260345,8.61117839813,7.8987197876,11.2034454346,17.8754558563,22.6145343781,9.11986541748,9.69176006317,12.2296819687,10.4455718994,18.7370281219,14.0407543182,20.3691635132,29.0147476196,21.8138580322,22.732383728,18.023557663,18.7683334351,10.7569770813,9.72138023376,8.73518657684,6.98239994049,5.53753948212,4.3008928299,3.48210144043,2.12505698204,1.09722995758,0.506588995457,0.233889758587,0.077477581799,0.0150697957724,0.00169068574905,0.0000802139184088,0.0000148963599713],"dmean2":[0.0731305554509,1.73929512501,7.43816328049,16.8159198761,17.7723808289,15.8019990921,13.1499614716,14.1121501923,13.0641336441,17.5127468109,28.4098262787,35.9127845764,14.8118009567,15.2616443634,19.4100971222,16.6621551514,29.8677482605,22.4914550781,33.0728492737,47.0180473328,35.6263504028,36.9002494812,28.8350009918,31.2929267883,17.6845149994,16.1101398468,14.3427944183,11.5753154755,8.94299030304,6.86658334732,5.52102851868,3.39241933823,1.68839478493,0.769668400288,0.349563658237,0.11683498323,0.0225760582834,0.00257961521856,0.000132291315822,0.0000234728540818],"dvar":[0.0037025376223,2.68290138245,84.1281433105,225.132919312,224.069610596,204.82611084,231.077484131,193.831069946,122.106422424,256.396972656,1220.05969238,2788.60131836,545.17010498,520.884460449,652.155639648,498.400177002,2968.86328125,1006.96166992,1068.52001953,1651.13476562,819.50567627,1040.31384277,637.193603516,527.292480469,150.397293091,181.105209351,109.683029175,77.5230026245,56.6422691345,42.1416778564,33.8569145203,22.2898540497,8.43260478973,2.21248984337,0.426434993744,0.0518004782498,0.00141276372597,0.0000178593654709,6.03030727575e-8,3.64056229607e-10],"dvar2":[0.00934722553939,7.14871311188,237.850509644,642.205383301,590.330688477,511.634429932,543.217773438,502.531738281,311.769317627,621.121459961,2769.6574707,6776.05664062,1478.27929688,1185.94921875,1430.21789551,1170.9822998,7172.06542969,2489.93676758,2711.41455078,4127.07568359,1994.33825684,2453.23144531,1505.91699219,1376.79785156,386.380065918,470.901916504,283.446838379,204.851638794,143.132598877,100.075126648,80.8151626587,56.4994506836,16.8039913177,4.14582300186,0.818469285965,0.106954485178,0.00286185904406,0.0000438524257333,1.63280887477e-7,9.20303666607e-10],"max":[0.716360628605,16.9559898376,71.194694519,139.094573975,187.362915039,203.239532471,382.106231689,166.919204712,401.20614624,349.940612793,844.671264648,1307.95214844,747.52520752,738.251342773,1109.05822754,695.772949219,1710.75744629,1061.63989258,865.751831055,750.14855957,713.244628906,872.202941895,474.436004639,532.059570312,161.548934937,243.093109131,158.372528076,129.891174316,128.436706543,122.359657288,285.615936279,218.670669556,130.960418701,110.082237244,35.4716873169,12.2474575043,2.36680746078,0.125182643533,0.00559025630355,0.000304141722154],"mean":[0.0803850218654,1.64132761955,4.79701137543,12.9011611938,16.2942733765,14.2151708603,12.1671037674,12.5305967331,13.5426235199,21.1949920654,32.4912910461,37.328125,14.7898015976,17.6299495697,21.8405761719,20.1328620911,40.0936813354,26.5319595337,39.909740448,57.1842880249,46.8363723755,49.0629348755,40.3781433105,40.9842529297,26.1342735291,22.1216964722,22.1746635437,17.7376232147,14.6189718246,11.6820421219,9.80585479736,6.16796636581,3.12303113937,1.30505025387,0.562366247177,0.159684732556,0.0292270593345,0.00307679665275,0.000125301143271,0.0000478348774777],"median":[0.0511712878942,0.998428940773,2.54832339287,8.09191513062,11.3293952942,9.30909919739,6.72476625443,7.88223838806,9.26461982727,13.2026634216,16.5680541992,15.2089109421,8.3806810379,10.0162944794,11.8524904251,9.71049118042,13.7002944946,15.4022188187,28.0960559845,41.3404464722,35.8033828735,36.2124900818,30.6873970032,34.44272995,22.6639900208,18.6124382019,19.1049728394,15.4070129395,12.4744701385,9.74952888489,8.21940803528,5.13478851318,2.38901352882,0.882219672203,0.351419478655,0.0815862566233,0.0156132448465,0.00170512089971,0.0000723362609278,0.0000451555970358],"min":[6.39294897075e-23,4.19627603935e-22,1.15131161831e-21,4.89753607412e-21,1.17089402879e-20,1.89078430758e-20,3.48993542732e-20,8.58317112526e-20,4.78604472913e-20,1.2770741957e-19,1.69619342889e-19,3.19157015253e-19,3.27262015238e-19,5.93999897139e-19,8.06723091836e-19,1.11410123611e-18,1.44869868902e-18,1.24288333132e-18,2.45382301533e-18,2.93077701089e-18,3.38586386657e-18,3.37291207934e-18,5.13863828467e-18,5.31395383883e-18,4.52509567687e-18,7.1265935926e-18,6.76531501545e-18,9.68408053666e-18,9.50527138519e-18,7.75459903982e-18,1.20556991699e-17,9.87908671171e-18,9.2486278468e-18,8.10335989277e-18,6.21390607936e-18,4.05791151153e-18,1.90572135413e-18,9.55791274578e-19,2.43858298803e-19,2.53584979916e-20],"var":[0.00797537621111,3.47134876251,62.0609092712,217.128967285,274.951568604,272.720245361,343.851196289,236.08694458,211.404968262,631.339355469,3576.54980469,6107.73876953,628.223571777,1024.86352539,1467.54467773,1573.61938477,14126.5576172,1674.31506348,2103.36499023,3359.86132812,1865.37023926,2515.03442383,1417.99243164,1009.74420166,325.518920898,294.147277832,256.497802734,161.156677246,123.540840149,85.2226257324,68.6201553345,40.345035553,24.9738464355,7.11712646484,1.33754765987,0.140801727772,0.00350814894773,0.0000257806004811,5.12249656026e-8,6.0760735332e-10]},"erbbands_crest":{"dmean":1.83258926868,"dmean2":2.99006009102,"dvar":3.79256534576,"dvar2":9.26573371887,"max":26.737745285,"mean":6.41457271576,"median":5.3598279953,"min":2.23020482063,"var":11.7808609009},"erbbands_flatness_db":{"dmean":0.0106396721676,"dmean2":0.0161502826959,"dvar":0.0000881443484104,"dvar2":0.000198013993213,"max":0.227016836405,"mean":0.126269996166,"median":0.123724095523,"min":0.0616823323071,"var":0.000420747383032},"erbbands_kurtosis":{"dmean":0.501023292542,"dmean2":0.796960771084,"dvar":0.280171126127,"dvar2":0.663331270218,"max":7.42004871368,"mean":-0.379818737507,"median":-0.569733262062,"min":-1.75124561787,"var":0.762100040913},"erbbands_skewness":{"dmean":0.262417882681,"dmean2":0.415168911219,"dvar":0.0540421828628,"dvar2":0.130216777325,"max":2.24910187721,"mean":-0.283354222775,"median":-0.325984835625,"min":-2.39004087448,"var":0.204541236162},"erbbands_spread":{"dmean":9.0183467865,"dmean2":13.991435051,"dvar":71.9534835815,"dvar2":172.006454468,"max":145.491851807,"mean":49.7908477783,"median":47.8369140625,"min":11.2282028198,"var":267.644683838},"gfcc":{"cov":[[36696.1171875,2318.88500977,-3768.86035156,1598.04309082,-2011.72216797,522.246276855,-1410.33532715,258.297851562,-638.82623291,-18.4802856445,-648.709472656,-156.623153687,-424.523406982],[2318.88500977,493.985595703,-226.455825806,113.115081787,-7.74983263016,16.4898910522,-43.6155052185,19.2946548462,5.12101650238,-22.2335414886,-34.4161720276,-33.2372245789,-9.87963676453],[-3768.86035156,-226.455825806,660.30847168,-88.570350647,228.598602295,-31.8780822754,144.348999023,-21.1787910461,49.4160881042,11.0512924194,54.0431938171,22.6501522064,39.5105361938],[1598.04309082,113.115081787,-88.570350647,306.017791748,-82.4983139038,30.42070961,-45.5271949768,-4.19605541229,-8.64976596832,-22.6539306641,-4.65038013458,-28.5244503021,-6.93256425858],[-2011.72216797,-7.74983263016,228.598602295,-82.4983139038,307.267089844,0.503878116608,109.110229492,2.90472173691,40.529296875,5.98356866837,33.6887931824,14.1874713898,14.9607315063],[522.246276855,16.4898910522,-31.8780822754,30.42070961,0.503878116608,105.814682007,15.5601148605,15.5598506927,-15.010386467,7.72994995117,2.93283224106,-5.11442995071,-12.1056728363],[-1410.33532715,-43.6155052185,144.348999023,-45.5271949768,109.110229492,15.5601148605,134.285079956,17.7317810059,40.8808670044,-0.537456452847,25.6174716949,-2.27824234962,16.6280517578],[258.297851562,19.2946548462,-21.1787910461,-4.19605541229,2.90472173691,15.5598506927,17.7317810059,73.6815414429,32.0449867249,11.5873098373,-15.3501272202,-5.73753166199,-3.45631146431],[-638.82623291,5.12101650238,49.4160881042,-8.64976596832,40.529296875,-15.010386467,40.8808670044,32.0449867249,85.7147979736,16.9134311676,11.330783844,-15.3483219147,10.6101312637],[-18.4802856445,-22.2335414886,11.0512924194,-22.6539306641,5.98356866837,7.72994995117,-0.537456452847,11.5873098373,16.9134311676,56.7636146545,17.0705089569,6.28227806091,-8.41369533539],[-648.709472656,-34.4161720276,54.0431938171,-4.65038013458,33.6887931824,2.93283224106,25.6174716949,-15.3501272202,11.330783844,17.0705089569,65.9255142212,22.3086261749,10.3977270126],[-156.623153687,-33.2372245789,22.6501522064,-28.5244503021,14.1874713898,-5.11442995071,-2.27824234962,-5.73753166199,-15.3483219147,6.28227806091,22.3086261749,62.6979598999,22.6777801514],[-424.523406982,-9.87963676453,39.5105361938,-6.93256425858,14.9607315063,-12.1056728363,16.6280517578,-3.45631146431,10.6101312637,-8.41369533539,10.3977270126,22.6777801514,52.3468208313]],"icov":[[0.000562215107493,-0.00146311835852,0.00124966586009,-0.0015108617954,0.00126390403602,-0.00134875369258,0.00162658013869,-0.00154705613386,0.00188610551413,-0.00177884788718,0.00257240585051,-0.0017855365295,0.00144240178633],[-0.00146311835852,0.00673103891313,-0.00208615115844,0.00303236441687,-0.00454834708944,0.00346948415972,-0.00366078037769,0.00376413529739,-0.00540553964674,0.00516688777134,-0.00606074975803,0.00545493885875,-0.0043386365287],[0.00124966586009,-0.00208615115844,0.00569241773337,-0.00374258006923,0.00120769406203,-0.00218389253132,0.0019733433146,-0.00245764339343,0.00394583726302,-0.00448928354308,0.0058401664719,-0.00383880268782,0.00229100557044],[-0.0015108617954,0.00303236441687,-0.00374258006923,0.00851545203477,-0.00231556408107,0.00199619820341,-0.00277167372406,0.00407999334857,-0.00564174959436,0.0069107520394,-0.00888929050416,0.00667278282344,-0.00432549603283],[0.00126390403602,-0.00454834708944,0.00120769406203,-0.00231556408107,0.00880297739059,-0.00341565371491,0.000676376046613,-0.00273491581902,0.00312904105522,-0.00361707014963,0.00524250324816,-0.00566589413211,0.00466984231025],[-0.00134875369258,0.00346948415972,-0.00218389253132,0.00199619820341,-0.00341565371491,0.0158060807735,-0.00760729191825,-0.000106224433694,0.00134570745286,0.00121885840781,-0.00767036527395,0.00573617778718,-0.00236797449179],[0.00162658013869,-0.00366078037769,0.0019733433146,-0.00277167372406,0.000676376046613,-0.00760729191825,0.020391240716,-0.00784673262388,0.00179620285053,-0.000600057013799,0.002678506542,-0.00155283871572,0.00137604575139],[-0.00154705613386,0.00376413529739,-0.00245764339343,0.00407999334857,-0.00273491581902,-0.000106224433694,-0.00784673262388,0.0263169724494,-0.0153584908694,0.00173380190972,0.00223632692359,-0.000683368591126,-0.00120985077228],[0.00188610551413,-0.00540553964674,0.00394583726302,-0.00564174959436,0.00312904105522,0.00134570745286,0.00179620285053,-0.0153584908694,0.0298830550164,-0.0125226378441,0.00322288833559,0.00409944215789,-0.00210323510692],[-0.00177884788718,0.00516688777134,-0.00448928354308,0.0069107520394,-0.00361707014963,0.00121885840781,-0.000600057013799,0.00173380190972,-0.0125226378441,0.0308331269771,-0.0152496378869,0.00273115094751,0.0018132829573],[0.00257240585051,-0.00606074975803,0.0058401664719,-0.00888929050416,0.00524250324816,-0.00767036527395,0.002678506542,0.00223632692359,0.00322288833559,-0.0152496378869,0.0374002717435,-0.0181492920965,0.00748672103509],[-0.0017855365295,0.00545493885875,-0.00383880268782,0.00667278282344,-0.00566589413211,0.00573617778718,-0.00155283871572,-0.000683368591126,0.00409944215789,0.00273115094751,-0.0181492920965,0.034068159759,-0.0178216546774],[0.00144240178633,-0.0043386365287,0.00229100557044,-0.00432549603283,0.00466984231025,-0.00236797449179,0.00137604575139,-0.00120985077228,-0.00210323510692,0.0018132829573,0.00748672103509,-0.0178216546774,0.0322322063148]],"mean":[23.9825611115,75.3858718872,-120.189323425,57.1717910767,-60.3523368835,18.3155937195,-43.9391670227,9.99170875549,-20.2925109863,-0.966699719429,-20.9666614532,-5.57142734528,-14.2392110825]},"hfc":{"dmean":6.66384458542,"dmean2":10.0348014832,"dvar":67.714263916,"dvar2":152.205154419,"max":180.037490845,"mean":31.3636646271,"median":30.2308044434,"min":9.97019519679e-17,"var":249.086593628},"melbands":{"dmean":[0.000719027186278,0.00192984903697,0.00170288293157,0.00065126165282,0.000342104991432,0.00018816118245,0.000119351403555,0.000114696034871,0.000162792406627,0.000129287771415,0.000045538021368,0.000039927643229,0.0000476217173855,0.0000262294288405,0.0000359425466741,0.0000368919427274,0.0000276116443274,0.0000324344291585,0.0000409901076637,0.0000351085727743,0.0000273911900877,0.0000267370778602,0.0000211667793337,0.0000165231267601,0.0000171999890881,0.00000915269174584,0.00000758951273383,0.00000715173928256,0.00000558100146009,0.00000598617589276,0.00000410249776905,0.00000328683336193,0.00000330380407831,0.0000025422998533,0.00000244996226684,0.00000154385747919,0.0000013950138964,8.95327673334e-7,6.13869701738e-7,4.20393462264e-7],"dmean2":[0.00117891922127,0.00330237322487,0.00284885754809,0.00105395028368,0.000537519052159,0.000307217182126,0.000196113425773,0.000179989569006,0.000258452695562,0.000207026983844,0.0000741727271816,0.0000628841589787,0.0000753492276999,0.0000415535541833,0.0000565302871109,0.0000588538314332,0.0000445872865384,0.0000529029821337,0.0000663299506414,0.0000573696852371,0.0000450210100098,0.0000441261363449,0.000034275726648,0.0000266997885774,0.0000289493091259,0.0000151372660184,0.0000126576587718,0.0000119174756037,0.00000921945866139,0.00000989459840639,0.00000689181842972,0.00000540275050298,0.00000531159867023,0.00000409453059547,0.00000394019070882,0.00000247100797424,0.000002263361921,0.00000140219913192,9.58374698712e-7,6.42195402634e-7],"dvar":[0.0000010645654811,0.0000145575841088,0.00000561938441024,7.51953223244e-7,3.41907480106e-7,8.99909480268e-8,2.58560284294e-8,2.64037574027e-8,1.03914594263e-7,8.83742998781e-8,1.41291280897e-8,9.14078235326e-9,8.23156653951e-9,4.2095122943e-9,8.91146001436e-9,8.93284646253e-9,4.42165104531e-9,3.20568460666e-9,3.46122264183e-9,2.1627668545e-9,1.45920764361e-9,1.50614454242e-9,1.0243698112e-9,6.42946196283e-10,4.47393705416e-10,1.05097298919e-10,1.02617976616e-10,9.7802245469e-11,4.90804133446e-11,4.98036507868e-11,2.92671893665e-11,2.1396993552e-11,1.84232785277e-11,1.46235246135e-11,1.48767907715e-11,8.12266746919e-12,1.02389026077e-11,5.60924700785e-12,3.11726078978e-12,1.34190098269e-12],"dvar2":[0.00000276060109172,0.0000404577112931,0.0000155607867782,0.00000192045899894,8.08564095678e-7,2.32533977851e-7,6.51787033235e-8,6.37883132981e-8,2.41446770133e-7,2.15898012357e-7,3.80928106836e-8,2.08095105592e-8,1.94098035422e-8,9.46511846678e-9,2.16451869761e-8,2.15693329864e-8,1.08819371292e-8,8.19734236046e-9,8.41774205895e-9,5.37898747766e-9,3.52264195591e-9,3.60832830282e-9,2.53724996568e-9,1.5215235738e-9,1.19066256854e-9,2.74298167513e-10,2.75495959379e-10,2.55462567766e-10,1.28163479829e-10,1.33187988416e-10,7.84203882387e-11,5.55296121585e-11,4.538056389e-11,3.54159306049e-11,3.61497602686e-11,1.95935750263e-11,2.67848954821e-11,1.1806625122e-11,6.92701148178e-12,2.33999516812e-12],"max":[0.0110793560743,0.031413026154,0.0224449876696,0.0104718925431,0.0109782582149,0.00403896346688,0.00595955410972,0.00346575747244,0.00856383983046,0.00710447318852,0.00373809179291,0.00285651371814,0.00297194975428,0.00281956419349,0.00421843444929,0.00254805269651,0.00246389978565,0.00139034702443,0.00108076946344,0.000890949741006,0.000942625978496,0.000967683794443,0.000870723393746,0.000622695428319,0.000453073444078,0.000142462085932,0.000231097044889,0.000166357858689,0.000113451402285,0.000121458680951,0.0000779885012889,0.0000751228581066,0.0000618982521701,0.0000747937592678,0.000174190150574,0.000137085444294,0.000149158222484,0.000114431262773,0.000118261828902,0.0000777774257585],"mean":[0.00122780189849,0.00250200065784,0.00242857518606,0.00104924570769,0.000496141263284,0.000280616950477,0.000213021427044,0.000218105022213,0.000293379969662,0.000205293807085,0.0000676121562719,0.0000698882358847,0.0000807076794445,0.0000449718718301,0.0000739114620956,0.0000752316627768,0.0000464281183667,0.0000590339150222,0.0000774282234488,0.0000679266086081,0.0000524795323145,0.0000519700006407,0.0000419814532506,0.00003322655175,0.0000341020859196,0.0000202535557037,0.0000160140407388,0.0000146011552715,0.0000127650528157,0.0000141982527566,0.00000889624607225,0.00000780815480539,0.00000793206163507,0.00000618861486146,0.0000062712788349,0.00000400254702981,0.00000368840437659,0.00000233121772908,0.00000149183870235,9.69493839875e-7],"median":[0.000792384962551,0.00148055271711,0.00164009875152,0.000759779766668,0.000281714252196,0.000179612368811,0.000154484296218,0.000141826196341,0.000143961369758,0.0000805467861937,0.000034530130506,0.0000384978193324,0.0000424017707701,0.0000215268228203,0.0000271255121334,0.0000287234215648,0.0000261441164184,0.0000391463363485,0.0000547652234673,0.0000489816302434,0.000037180565414,0.0000365777232219,0.0000289942418021,0.0000241149209614,0.0000279164232779,0.000017223524992,0.0000132016248244,0.000011740870832,0.0000105868894025,0.000011946178347,0.00000743790496927,0.00000656893189444,0.00000646844637231,0.00000496652592119,0.00000517174612469,0.00000322769164995,0.00000301705858874,0.00000175748573383,0.00000107178345843,6.00562202635e-7],"min":[1.42249745291e-24,8.56040891555e-25,1.42293211527e-24,1.27465959446e-24,1.20837003487e-24,1.74151970551e-24,9.90300383066e-25,1.31277301466e-24,1.17013562312e-24,2.05993729623e-24,9.91771312832e-25,1.85783448497e-24,1.81026203087e-24,2.56460041072e-24,2.65345178663e-24,2.29425482028e-24,1.99339530115e-24,2.82354301679e-24,3.11817388742e-24,3.33697905341e-24,3.3568374434e-24,2.1892406705e-24,3.91470567608e-24,4.77963209966e-24,3.52655258412e-24,2.47376741622e-24,3.74911351688e-24,4.53612651543e-24,3.57938259895e-24,4.33275462419e-24,4.41928911562e-24,4.80677325353e-24,5.15654471258e-24,3.53025391949e-24,6.2563106889e-24,4.23411940091e-24,5.20183479487e-24,5.70525742559e-24,5.44468996327e-24,6.4281328771e-24],"var":[0.00000175307775407,0.0000120247659652,0.00000629143505648,0.00000102262072232,4.87235126911e-7,1.13778462207e-7,4.7051706531e-8,6.40704271859e-8,2.96946751632e-7,1.8784197664e-7,1.61234101625e-8,1.74584933177e-8,1.87053927903e-8,1.03180806121e-8,3.85403247094e-8,3.95404740061e-8,6.70507205314e-9,6.20492901504e-9,6.93246349215e-9,4.52428494668e-9,3.00832314615e-9,3.33350058668e-9,2.13513651204e-9,1.28798405274e-9,7.8637280021e-10,2.1859487831e-10,1.58286536656e-10,1.55379167865e-10,1.00370683986e-10,1.17482482076e-10,4.86375592579e-11,3.92245472214e-11,4.10260228567e-11,2.75107991943e-11,2.9031874127e-11,1.52549344684e-11,1.66985002215e-11,1.5094986025e-11,7.6876196381e-12,4.58851706631e-12]},"melbands_crest":{"dmean":3.36924982071,"dmean2":5.6144990921,"dvar":8.69903182983,"dvar2":23.5497379303,"max":30.8655490875,"mean":12.7650213242,"median":12.4320297241,"min":1.61089718342,"var":20.2609615326},"melbands_flatness_db":{"dmean":0.0259537715465,"dmean2":0.0406971611083,"dvar":0.00068755884422,"dvar2":0.00172177853528,"max":0.349435389042,"mean":0.143758967519,"median":0.139381960034,"min":0.00267355912365,"var":0.00259885238484},"melbands_kurtosis":{"dmean":7.24508094788,"dmean2":11.8338794708,"dvar":153.154373169,"dvar2":405.784820557,"max":192.410018921,"mean":11.412405014,"median":7.05753278732,"min":-1.73956537247,"var":209.944061279},"melbands_skewness":{"dmean":0.815079331398,"dmean2":1.28035306931,"dvar":0.851147830486,"dvar2":2.16540336609,"max":11.0385437012,"mean":2.79115653038,"median":2.56479692459,"min":-0.356951326132,"var":2.20053339005},"melbands_spread":{"dmean":9.88016986847,"dmean2":15.5612564087,"dvar":94.2634277344,"dvar2":223.459289551,"max":269.680938721,"mean":34.796421051,"median":30.9369163513,"min":1.77735078335,"var":507.130004883},"mfcc":{"cov":[[9844.57128906,1195.58752441,-102.437011719,401.139770508,16.5974960327,90.4093475342,-199.326034546,27.271270752,-49.9038085938,38.2114562988,-64.3352813721,-9.62994766235,-100.403488159],[1195.58752441,590.911315918,-82.7085571289,78.5226593018,98.2445297241,26.5476589203,8.24844455719,31.563501358,48.409412384,18.0944786072,2.61807346344,17.0107040405,-1.49744403362],[-102.437011719,-82.7085571289,271.231903076,71.2769012451,0.0508883036673,25.769153595,7.79546260834,1.29004406929,-9.39400577545,12.3448534012,8.20454883575,-29.9537906647,-8.83495140076],[401.139770508,78.5226593018,71.2769012451,204.781600952,52.574848175,28.2587184906,-3.51377367973,17.7259502411,7.00599098206,16.4357757568,-10.7053461075,-0.436355441809,5.12041091919],[16.5974960327,98.2445297241,0.0508883036673,52.574848175,119.08996582,32.0768165588,23.4993190765,14.4102640152,13.9324455261,4.27857017517,8.08086299896,13.5714845657,7.72033834457],[90.4093475342,26.5476589203,25.769153595,28.2587184906,32.0768165588,83.8682327271,43.3754043579,12.0388679504,-6.64623069763,3.46671676636,7.22919273376,4.06693792343,5.39368057251],[-199.326034546,8.24844455719,7.79546260834,-3.51377367973,23.4993190765,43.3754043579,85.6686096191,26.7043266296,3.82241678238,-2.64568448067,8.84574699402,8.33148193359,7.41118240356],[27.271270752,31.563501358,1.29004406929,17.7259502411,14.4102640152,12.0388679504,26.7043266296,62.993850708,28.359172821,8.36263370514,-2.31352233887,4.25176095963,3.10167121887],[-49.9038085938,48.409412384,-9.39400577545,7.00599098206,13.9324455261,-6.64623069763,3.82241678238,28.359172821,73.4658432007,35.3654060364,5.48697137833,2.43990278244,-0.282763689756],[38.2114562988,18.0944786072,12.3448534012,16.4357757568,4.27857017517,3.46671676636,-2.64568448067,8.36263370514,35.3654060364,66.7752456665,28.5354423523,6.14547872543,-5.65777254105],[-64.3352813721,2.61807346344,8.20454883575,-10.7053461075,8.08086299896,7.22919273376,8.84574699402,-2.31352233887,5.48697137833,28.5354423523,60.7557449341,22.3667831421,-2.57075333595],[-9.62994766235,17.0107040405,-29.9537906647,-0.436355441809,13.5714845657,4.06693792343,8.33148193359,4.25176095963,2.43990278244,6.14547872543,22.3667831421,54.563457489,20.1236801147],[-100.403488159,-1.49744403362,-8.83495140076,5.12041091919,7.72033834457,5.39368057251,7.41118240356,3.10167121887,-0.282763689756,-5.65777254105,-2.57075333595,20.1236801147,45.1657829285]],"icov":[[0.000182949603186,-0.000397303781938,0.000041166000301,-0.000231248923228,0.000363483268302,-0.000393862370402,0.000562978384551,-0.000241810121224,0.000445586338174,-0.000165213728906,0.000194566309801,-0.000184386022738,0.000412246212363],[-0.000397303781938,0.00312170921825,0.00080229860032,-0.000234526742133,-0.00213718554005,0.00032454796019,-0.000798316148575,0.000251243793173,-0.00211200257763,0.000666738953441,-0.000608181289863,0.000380426325137,-0.000289699004497],[0.000041166000301,0.00080229860032,0.00511500006542,-0.00219787680544,0.000362451653928,-0.00108349474613,-0.000145506783156,-0.000198124398594,0.000431302643847,-0.000215550433495,-0.00225406186655,0.00361134274863,-0.000288883165922],[-0.000231248923228,-0.000234526742133,-0.00219787680544,0.00763334007934,-0.003067541169,-0.000921046012081,0.00152061972767,-0.00155256735161,0.00110183632933,-0.00269929692149,0.00316179753281,-0.00106429448351,-0.00100279098842],[0.000363483268302,-0.00213718554005,0.000362451653928,-0.003067541169,0.012869768776,-0.00351531081833,-0.000496963912155,0.00021209132683,-0.00165281700902,0.0020826801192,-0.00154235085938,-0.00162472191732,0.000329388538375],[-0.000393862370402,0.00032454796019,-0.00108349474613,-0.000921046012081,-0.00351531081833,0.0200274866074,-0.0103280032054,0.000368885259377,0.00364108756185,-0.00273421965539,-0.000414159207139,0.00119890947826,-0.00197119964287],[0.000562978384551,-0.000798316148575,-0.000145506783156,0.00152061972767,-0.000496963912155,-0.0103280032054,0.0213243514299,-0.00795111618936,0.000856262398884,0.00248367199674,-0.00210051611066,-0.000917812576517,-0.00000470248505735],[-0.000241810121224,0.000251243793173,-0.000198124398594,-0.00155256735161,0.00021209132683,0.000368885259377,-0.00795111618936,0.0240019671619,-0.00995384342968,0.00161397643387,0.00227299239486,-0.00172972411383,0.000224053437705],[0.000445586338174,-0.00211200257763,0.000431302643847,0.00110183632933,-0.00165281700902,0.00364108756185,0.000856262398884,-0.00995384342968,0.0264684446156,-0.0147787537426,0.00426407298073,0.000674617942423,-0.000472721847473],[-0.000165213728906,0.000666738953441,-0.000215550433495,-0.00269929692149,0.0020826801192,-0.00273421965539,0.00248367199674,0.00161397643387,-0.0147787537426,0.0291831605136,-0.0136317042634,0.00116049824283,0.0016410339158],[0.000194566309801,-0.000608181289863,-0.00225406186655,0.00316179753281,-0.00154235085938,-0.000414159207139,-0.00210051611066,0.00227299239486,0.00426407298073,-0.0136317042634,0.029397027567,-0.0133728599176,0.00606527831405],[-0.000184386022738,0.000380426325137,0.00361134274863,-0.00106429448351,-0.00162472191732,0.00119890947826,-0.000917812576517,-0.00172972411383,0.000674617942423,0.00116049824283,-0.0133728599176,0.0310872700065,-0.0136288059875],[0.000412246212363,-0.000289699004497,-0.000288883165922,-0.00100279098842,0.000329388538375,-0.00197119964287,-0.00000470248505735,0.000224053437705,-0.000472721847473,0.0016410339158,0.00606527831405,-0.0136288059875,0.0298892967403]],"mean":[-592.769104004,89.529586792,2.65379619598,33.6805458069,9.88954925537,8.70919322968,-6.92628240585,5.53427743912,0.61667829752,5.0579419136,-2.45676898956,0.00446458347142,-4.00584888458]},"pitch_salience":{"dmean":0.0686988085508,"dmean2":0.112843036652,"dvar":0.00384346907958,"dvar2":0.0105703659356,"max":0.975094556808,"mean":0.608298242092,"median":0.616665184498,"min":0.219457522035,"var":0.00963302981108},"silence_rate_20dB":{"dmean":0,"dmean2":0,"dvar":0,"dvar2":0,"max":1,"mean":1,"median":1,"min":1,"var":0},"silence_rate_30dB":{"dmean":0.000216520522372,"dmean2":0.000433087931015,"dvar":0.000216466316488,"dvar2":0.000649415014777,"max":1,"mean":0.999891757965,"median":1,"min":0,"var":0.000108234991785},"silence_rate_60dB":{"dmean":0.00173216417897,"dmean2":0.00346470344812,"dvar":0.00172902573831,"dvar2":0.00366869755089,"max":1,"mean":0.035397272557,"median":0,"min":0,"var":0.0341427177191},"spectral_centroid":{"dmean":309.534820557,"dmean2":489.21762085,"dvar":85598.8359375,"dvar2":206268.703125,"max":11717.3642578,"mean":2023.53234863,"median":1838.8371582,"min":352.938049316,"var":2250106.75},"spectral_complexity":{"dmean":4.68182325363,"dmean2":7.15266370773,"dvar":19.8914089203,"dvar2":39.598815918,"max":63,"mean":31.9852790833,"median":33,"min":0,"var":131.567214966},"spectral_contrast_coeffs":{"dmean":[0.0561021976173,0.0456902347505,0.0368073023856,0.0290503781289,0.0195792485029,0.0156599152833],"dmean2":[0.0937584340572,0.0763512924314,0.0604091286659,0.0478542074561,0.0328323245049,0.0256550889462],"dvar":[0.00226165889762,0.00136673368979,0.000880358566064,0.000560081913136,0.000255305320024,0.000185279757716],"dvar2":[0.00617832969874,0.00379212829284,0.00236383615993,0.00144409330096,0.00067993986886,0.000462355179479],"max":[-0.366832196712,-0.49324119091,-0.526407539845,-0.584961295128,-0.553419709206,-0.625962495804],"mean":[-0.621908545494,-0.75513023138,-0.782905042171,-0.782155513763,-0.794291198254,-0.741112351418],"median":[-0.618145346642,-0.755988419056,-0.786166071892,-0.783467531204,-0.793707132339,-0.732507407665],"min":[-0.983336150646,-0.98241007328,-0.978189826012,-0.971923112869,-0.968633949757,-0.965519785881],"var":[0.00712412595749,0.0044880034402,0.00371439289302,0.00265246583149,0.00150511180982,0.00203979713842]},"spectral_contrast_valleys":{"dmean":[0.417052209377,0.348714768887,0.301455289125,0.25405806303,0.2042619735,0.163648962975],"dmean2":[0.679795503616,0.574573278427,0.483447492123,0.400143414736,0.320211321115,0.246558591723],"dvar":[0.130511686206,0.0983662977815,0.0756886601448,0.063541315496,0.0572710372508,0.0452090315521],"dvar2":[0.30973815918,0.228369176388,0.160514295101,0.126608610153,0.106571532786,0.0756615623832],"max":[-5.40468215942,-4.86302947998,-5.43708896637,-5.5010766983,-5.39640235901,-7.53659629822],"mean":[-7.31558513641,-6.89015674591,-7.6018819809,-7.52665805817,-7.1653175354,-9.6770734787],"median":[-6.74197912216,-6.31722640991,-7.07631587982,-6.97344684601,-6.58554458618,-9.17312526703],"min":[-28.5812454224,-27.9424476624,-27.977399826,-27.7595901489,-27.5578746796,-27.418466568],"var":[10.4574861526,10.8323345184,10.0166225433,10.0601491928,10.409538269,8.03475475311]},"spectral_decrease":{"dmean":3.10758241362e-9,"dmean2":5.00121943858e-9,"dvar":1.85478410968e-17,"dvar2":4.83828428932e-17,"max":4.64553843493e-16,"mean":-8.31972268855e-9,"median":-7.5252852838e-9,"min":-3.9771737903e-8,"var":2.43654916804e-17},"spectral_energy":{"dmean":0.0120604690164,"dmean2":0.0193459186703,"dvar":0.000271402008366,"dvar2":0.000704560545273,"max":0.152308404446,"mean":0.0342453792691,"median":0.031414039433,"min":9.68284054123e-21,"var":0.00037105588126},"spectral_energyband_high":{"dmean":0.000495883170515,"dmean2":0.000766486860812,"dvar":5.41055385384e-7,"dvar2":0.00000123041229472,"max":0.0210674982518,"mean":0.00185660552233,"median":0.00166263547726,"min":6.9667558414e-21,"var":0.00000157221336394},"spectral_energyband_low":{"dmean":0.0083733079955,"dmean2":0.0140791255981,"dvar":0.000230978999753,"dvar2":0.000633540796116,"max":0.136603683233,"mean":0.0129372058436,"median":0.00879172235727,"min":1.28993888356e-23,"var":0.00021684866806},"spectral_energyband_middle_high":{"dmean":0.00195617764257,"dmean2":0.00302538182586,"dvar":0.00000537332834938,"dvar2":0.0000122625651784,"max":0.0438913702965,"mean":0.00708099640906,"median":0.00610635615885,"min":1.14256381982e-21,"var":0.0000262345129158},"spectral_energyband_middle_low":{"dmean":0.00668081082404,"dmean2":0.0107209840789,"dvar":0.000060217189457,"dvar2":0.000153787448653,"max":0.0789183154702,"mean":0.0153318373486,"median":0.0131996013224,"min":1.20708870388e-22,"var":0.000103553393274},"spectral_entropy":{"dmean":0.0912153795362,"dmean2":0.144573867321,"dvar":0.00767364539206,"dvar2":0.0191954243928,"max":9.82877254486,"mean":7.99285650253,"median":7.98110294342,"min":6.81698274612,"var":0.118976123631},"spectral_flux":{"dmean":0.026430381462,"dmean2":0.0411695688963,"dvar":0.000977312447503,"dvar2":0.00188256986439,"max":0.306023657322,"mean":0.100306347013,"median":0.0929862260818,"min":6.41089958897e-11,"var":0.00211195833981},"spectral_kurtosis":{"dmean":0.663776636124,"dmean2":1.13224685192,"dvar":0.42540243268,"dvar2":1.22956705093,"max":11.3905324936,"mean":2.32295823097,"median":2.10974955559,"min":-1.27885580063,"var":2.04531884193},"spectral_rms":{"dmean":0.000937013886869,"dmean2":0.00145258242264,"dvar":0.00000117996228255,"dvar2":0.00000291659921459,"max":0.0121898958459,"mean":0.00551145430654,"median":0.00553604960442,"min":3.0735442403e-12,"var":0.00000303390379486},"spectral_rolloff":{"dmean":679.98614502,"dmean2":1109.90014648,"dvar":601051.6875,"dvar2":1352056.25,"max":19595.2148438,"mean":2481.18310547,"median":2110.25390625,"min":107.666015625,"var":8242017.5},"spectral_skewness":{"dmean":0.119174718857,"dmean2":0.192810848355,"dvar":0.0117651764303,"dvar2":0.029866842553,"max":2.54033637047,"mean":1.09315288067,"median":1.08119308949,"min":-0.0875673815608,"var":0.096752397716},"spectral_spread":{"dmean":379348.65625,"dmean2":581687.25,"dvar":330195599360,"dvar2":686026457088,"max":43018216,"mean":5678623.5,"median":4792734,"min":2412769.75,"var":31050176659500},"spectral_strongpeak":{"dmean":0.426740437746,"dmean2":0.734170079231,"dvar":0.654046595097,"dvar2":1.62889492512,"max":11.9013643265,"mean":0.734376430511,"median":0.432059824467,"min":0,"var":1.11883163452},"zerocrossingrate":{"dmean":0.010797268711,"dmean2":0.0135125331581,"dvar":0.00011919359531,"dvar2":0.000184069489478,"max":0.6748046875,"mean":0.0885750502348,"median":0.07763671875,"min":0.00634765625,"var":0.00507113151252}},"metadata":{"audio_properties":{"analysis_sample_rate":44100,"bit_rate":187881,"codec":"mp3","downmix":"mix","equal_loudness":0,"length":214.465301514,"lossless":false,"md5_encoded":"de49903d0391219cac5b4ff6239f4e31","replay_gain":-3.76169013977,"sample_rate":44100},"tags":{"acoustid_id":["09bc5c51-091a-43de-9eb3-048cc0204fed"],"album":["The Slider"],"albumartist":["T. Rex"],"albumartistsort":["T. Rex"],"artist":["T. Rex"],"artistsort":["T. Rex"],"asin":["B0000074AZ"],"barcode":["740155139025"],"catalognumber":["EDCD390"],"date":["1994"],"file_name":"07 - Buick Mackane.mp3","label":["Edsel Records"],"media":["CD"],"musicbrainz album release country":["XE"],"musicbrainz album status":["official"],"musicbrainz album type":["album"],"musicbrainz_albumartistid":["c842d29f-a297-48cd-bb71-4f77fd672b16"],"musicbrainz_albumid":["3837ceac-6ef1-4ee8-b4f2-58a05e74545d"],"musicbrainz_artistid":["c842d29f-a297-48cd-bb71-4f77fd672b16"],"musicbrainz_recordingid":["9956e508-b3fb-4dec-9282-70e843e41530"],"musicbrainz_releasegroupid":["bf12c581-95c6-3cde-8ac2-713e803fc9e9"],"originaldate":["1972"],"script":["Latn"],"title":["Buick Mackane"],"tracknumber":["7/16"]},"version":{"essentia":"2.1-beta2","essentia_build_sha":"70f2e5ece6736b2c40cc944ad0e695b16b925413","essentia_git_sha":"v2.1_beta2","extractor":"music 1.0"}},"rhythm":{"beats_count":332,"beats_loudness":{"dmean":0.0130607271567,"dmean2":0.0227897968143,"dvar":0.000138763178256,"dvar2":0.000425706035458,"max":0.0921157822013,"mean":0.0390003547072,"median":0.0386195741594,"min":0,"var":0.000232300008065},"beats_loudness_band_ratio":{"dmean":[0.266902327538,0.179189369082,0.0612694881856,0.0460262559354,0.0562219358981,0.0611086040735],"dmean2":[0.504514396191,0.344952493906,0.10817103833,0.0814460068941,0.0975036174059,0.113532498479],"dvar":[0.0282457303256,0.0167458225042,0.00284333736636,0.00413895584643,0.00269011803903,0.00633082492277],"dvar2":[0.0892855152488,0.0564542077482,0.0077681383118,0.011175914667