{"lowlevel":{"average_loudness":0.818216979504,"barkbands":{"dmean":[0.000016586151105,0.00112301751506,0.00142092711758,0.000758654961828,0.00178790895734,0.00114970293362,0.000630841357633,0.000666862644721,0.000419142452301,0.000252948026173,0.000238269814872,0.000288648967398,0.000251597259194,0.000502235605381,0.000612609961536,0.000145924757817,0.00010903209477,0.000158433205797,0.0000688084328431,0.0000467339341412,0.0000574095320189,0.0000473086111015,0.0000342348648701,0.0000317141348205,0.0000185235512618,0.00000568553605262,5.18750709944e-7],"dmean2":[0.0000207506491279,0.00182074389886,0.00219809287228,0.0012614937732,0.00265142531134,0.00164991233032,0.000949712470174,0.000956778181717,0.000591506250203,0.000358000543201,0.000356270320481,0.000416359776864,0.000370954105165,0.00070270721335,0.000867485359777,0.00021225605451,0.000153668850544,0.000230396079132,0.0000998208415695,0.0000682849640725,0.0000789646874182,0.0000665534680593,0.0000471878884127,0.0000434544599557,0.0000248515079875,0.00000757741327106,7.68620054714e-7],"dvar":[1.88548510138e-9,0.00000757952830099,0.00000601229976382,0.00000333057528223,0.00000977855052042,0.00000892225125426,0.0000048584297474,0.00000557727207706,0.00000210002326639,6.46925002457e-7,8.57182840264e-7,0.00000162115168223,0.0000010993255728,0.00000419028719989,0.00000557615703656,3.17238516345e-7,9.57598018658e-8,1.70573656533e-7,4.21984793775e-8,5.06803239375e-8,5.91523630078e-8,2.75172311603e-8,1.53091210819e-8,1.43299301314e-8,4.47395898107e-9,4.03352129474e-10,5.06852329205e-12],"dvar2":[3.09200998139e-9,0.0000201012135221,0.0000152199809236,0.00000881877440406,0.000021931309675,0.0000175046188815,0.0000109666598291,0.0000117857825899,0.00000442151031166,0.00000121407140341,0.00000196381029127,0.00000319517403113,0.00000222684116125,0.0000074082881838,0.0000109148859337,6.8000997544e-7,1.73330221287e-7,3.39937059834e-7,8.04063375881e-8,1.23348542047e-7,1.16534643269e-7,5.28382955167e-8,2.94839406223e-8,2.7093808086e-8,8.80385275792e-9,7.28329119237e-10,1.1090670049e-11],"max":[0.000938542070799,0.0532244369388,0.0423401743174,0.0594269558787,0.0606036297977,0.0670795440674,0.0591297708452,0.0698308199644,0.0422601960599,0.0192998778075,0.0339153334498,0.0459425337613,0.0277192909271,0.0737138614058,0.0792891904712,0.0283347554505,0.00932179111987,0.0116938343272,0.0092313606292,0.00842109136283,0.00826879404485,0.00515847792849,0.00293185212649,0.00356020755135,0.00287788081914,0.00049782829592,0.0000623163723503],"mean":[0.0000328221685777,0.00187114079017,0.00288876192644,0.00114794191904,0.00444213440642,0.0025968842674,0.00100604095496,0.00108272244688,0.000693720299751,0.000427675840911,0.000395667535486,0.000426515936852,0.000369727931684,0.000821415276732,0.000907617330085,0.000224272720516,0.000190731690964,0.000274341437034,0.000112081950647,0.0000683011021465,0.0000824916351121,0.0000708560182829,0.0000522809168615,0.0000475786655443,0.000028396887501,0.00000758610303819,5.92150740886e-7],"median":[0.0000126631994135,0.000495715124998,0.0013300513383,0.000564275251236,0.00224794074893,0.000483889598399,0.000228248129133,0.000124819009216,0.00010290312639,0.0000565863883821,0.0000468350481242,0.0000484304509882,0.0000356617783837,0.0000469562364742,0.0000911748211365,0.0000273328023468,0.0000323162530549,0.000054100426496,0.0000241740344791,0.0000139985932037,0.0000100759543784,0.0000143066299643,0.00000972170892055,0.00000729355997464,0.0000042763476813,4.27137280212e-7,2.12121467058e-8],"min":[1.29573074492e-9,1.71885683464e-9,2.27523555552e-10,3.01466247798e-11,1.40009351335e-10,3.490725764e-10,9.30499288732e-11,7.08244296543e-11,1.14594625455e-10,1.53947105064e-10,7.84016393474e-11,1.04228570219e-10,2.87138812727e-10,7.80783979137e-11,2.44903486379e-10,2.12865711169e-10,2.00735053579e-10,3.19551773931e-10,3.2577365805e-10,5.40977262986e-10,4.5075762567e-10,6.17126294511e-10,9.65652446894e-10,1.15185105898e-9,1.10085029981e-9,1.81354353757e-9,2.31769314851e-9],"var":[5.5055844328e-9,0.0000145105723277,0.0000177679521585,0.00000383231372325,0.0000342000021192,0.000034237622458,0.00000899014412425,0.00000994372749119,0.00000387521959055,0.00000159815544976,0.00000178021616648,0.0000029616842312,0.0000020497134301,0.0000126849799926,0.0000119705937323,6.10405379575e-7,3.10229523848e-7,4.12120357396e-7,9.52566878709e-8,6.57323511177e-8,1.08482808514e-7,4.77921275888e-8,2.6128175179e-8,2.43469724381e-8,7.79648523519e-9,7.56021745207e-10,7.00993560074e-12]},"barkbands_crest":{"dmean":2.40234375,"dmean2":3.78119635582,"dvar":5.02826499939,"dvar2":12.4148321152,"max":26.8514709473,"mean":11.3694658279,"median":10.7107372284,"min":2.44564986229,"var":17.8560199738},"barkbands_flatness_db":{"dmean":0.0230613462627,"dmean2":0.0332119837403,"dvar":0.000594391254708,"dvar2":0.0012029443169,"max":0.512203574181,"mean":0.182426914573,"median":0.178026646376,"min":0.0283427853137,"var":0.00400059390813},"barkbands_kurtosis":{"dmean":4.92954587936,"dmean2":7.56702566147,"dvar":221.519332886,"dvar2":413.125366211,"max":1219.7833252,"mean":9.34397411346,"median":4.85728216171,"min":-1.88590753078,"var":420.584442139},"barkbands_skewness":{"dmean":0.624501764774,"dmean2":0.928754627705,"dvar":0.492232382298,"dvar2":1.06759893894,"max":10.1651773453,"mean":2.0224146843,"median":1.98217225075,"min":-21.0657444,"var":2.73343729973},"barkbands_spread":{"dmean":4.31502532959,"dmean2":6.4140586853,"dvar":38.8686027527,"dvar2":77.9867095947,"max":122.480430603,"mean":14.7307195663,"median":12.0795650482,"min":0.0684055164456,"var":129.598114014},"dissonance":{"dmean":0.0255131814629,"dmean2":0.0417063832283,"dvar":0.000773283129092,"dvar2":0.00200000149198,"max":0.499976634979,"mean":0.434871524572,"median":0.44564896822,"min":0.109304279089,"var":0.00205165636726},"dynamic_complexity":4.6880030632,"erbbands":{"dmean":[0.0144374668598,0.328817397356,1.58249270916,1.81345427036,4.8105006218,5.81928777695,10.0168581009,7.59264469147,8.03678512573,11.2127408981,13.638458252,8.97194957733,8.02697181702,7.09660816193,9.5560503006,11.7434215546,9.75968742371,21.8683986664,29.6050987244,20.7520446777,4.94451332092,5.76143836975,7.70258951187,5.87529420853,2.62921094894,2.16901612282,2.48933601379,1.9063334465,1.69378292561,1.45457839966,0.936362028122,0.713791489601,0.498514354229,0.266617298126,0.104029811919,0.0355115532875,0.00904879719019,0.00102691387292,0.0000919001540751,0.0000109435559352],"dmean2":[0.0227535013109,0.531081914902,2.44647097588,2.93938851357,7.56815099716,8.53549289703,13.7928800583,11.2024421692,12.2848138809,16.5026836395,19.265499115,12.6163768768,11.1823558807,9.71630096436,13.9365587234,16.7115573883,13.5744228363,29.4880371094,42.0786209106,28.405626297,6.87005662918,7.91709518433,10.8457651138,8.29313087463,3.71679019928,3.14973592758,3.50855183601,2.639513731,2.38171243668,2.07452845573,1.29437506199,0.994630694389,0.677455067635,0.362172931433,0.139056965709,0.0479455962777,0.0120397564024,0.00143523176666,0.000133111156174,0.0000148604649439],"dvar":[0.00220353738405,0.588998436928,7.97733831406,11.5171842575,117.330863953,123.277984619,618.675842285,470.694366455,873.042541504,1642.91149902,2498.32299805,1063.50109863,753.529174805,556.56048584,1240.51599121,2922.47241211,1497.03845215,8180.40820312,15019.6572266,6843.67480469,177.268951416,263.507965088,375.24005127,266.794006348,85.4947738647,103.96975708,126.999801636,65.5208358765,40.3986625671,24.2507400513,12.9904489517,8.21237468719,3.27279376984,0.939103126526,0.160858735442,0.0159056931734,0.0011003423715,0.0000163270851772,1.39736400229e-7,5.54837842337e-10],"dvar2":[0.00527910189703,1.5843770504,20.0996456146,30.4730529785,295.314697266,262.311950684,1082.2442627,940.495849609,1970.53491211,3432.0949707,5409.07080078,2415.140625,1427.57312012,990.16217041,2719.75244141,5975.33447266,2877.24853516,13857.2548828,30209.7089844,12363.7929688,357.179046631,477.007598877,731.354309082,514.676513672,149.928466797,248.505828857,283.975341797,117.92375946,79.7758712769,49.2179794312,25.3320732117,15.313826561,6.42079877853,1.91708910465,0.305381059647,0.0303972922266,0.00191664253362,0.0000307471455017,2.99179106378e-7,1.01050345869e-9],"max":[1.43590152264,13.8181257248,45.9497261047,84.8933486938,347.894042969,263.82711792,632.065002441,696.829345703,1012.21490479,1349.28149414,1303.87988281,927.28338623,713.203186035,624.313781738,1102.29284668,2201.8203125,1172.81518555,3713.67529297,4754.55419922,3056.65356445,404.332427979,428.560302734,512.587036133,761.419677734,548.983825684,385.338989258,416.001312256,407.793792725,223.241882324,126.241691589,80.1163024902,104.63860321,53.7746963501,46.3351135254,12.5647163391,2.92629814148,1.04970788956,0.0901919752359,0.00848608929664,0.000484104675706],"mean":[0.0229036081582,0.558693349361,3.17222118378,3.59475231171,9.15991306305,13.6902933121,27.3429298401,15.246635437,13.6569137573,19.532705307,22.6339378357,15.5696868896,14.754535675,13.1516695023,17.7617263794,18.500711441,17.0848197937,39.1882286072,46.8022880554,33.8688011169,9.36793804169,10.7996587753,14.3718271255,10.4980230331,4.52456903458,3.27771258354,3.47810840607,2.72906279564,2.45975995064,2.33965754509,1.36657869816,1.00394535065,0.762223064899,0.429730594158,0.147538289428,0.0478724576533,0.0119077032432,0.00131655961741,0.000114831062092,0.0000293613047688],"median":[0.00611384166405,0.172809436917,1.39216160774,2.21131443977,3.86074352264,6.34685754776,4.55072498322,4.05757761002,4.31008291245,3.35046243668,3.50530362129,2.89399170876,2.75658488274,2.03998494148,2.90767669678,2.51018834114,1.99057507515,3.09287381172,3.77599096298,4.3607840538,1.92050361633,1.88280570507,2.65238904953,2.25902676582,1.12001943588,0.727131605148,0.518504917622,0.348210811615,0.40795481205,0.595787763596,0.221314102411,0.124698400497,0.121397875249,0.0721035599709,0.0167029164732,0.00368865649216,0.000458395166788,0.0000414586138504,0.0000153893142851,0.0000188788635569],"min":[6.86566821173e-8,2.54261664168e-7,3.03062961393e-7,1.9884417668e-7,5.75000512981e-7,5.53606753328e-7,0.00000182598785159,0.00000215820000449,0.00000185918088391,0.00000239180280914,0.00000130842147428,0.00000252690188063,0.0000057502902564,0.00000357920407623,0.00000298512964036,0.0000077128470366,0.000012511539353,0.00000900843861018,0.00000892790194484,0.0000149162960952,0.00000972595080384,0.0000140830188684,0.0000189902166312,0.0000171613319253,0.0000162041487783,0.0000269260526693,0.0000185510471056,0.0000184231339517,0.000023331875127,0.0000183634183486,0.0000263452566287,0.0000232509228226,0.0000231874855672,0.00000951425681706,0.00000870084386406,0.00000622583729637,0.00000328657870341,0.00000163423885624,2.85499311303e-7,3.11851096058e-8],"var":[0.00316396867856,1.18996202946,24.9108371735,20.0940074921,247.959701538,429.506713867,3438.50292969,1320.96679688,1643.56396484,3323.50390625,4309.77392578,1797.04711914,2007.33654785,1496.98217773,3255.18847656,5444.42675781,3508.43457031,26375.8378906,30208.0605469,16758.71875,522.673706055,860.055419922,1045.74304199,666.801574707,200.414047241,139.867401123,177.507797241,129.266036987,69.4459838867,39.1520004272,21.5435447693,13.7302036285,5.48571157455,1.59114575386,0.281541764736,0.0279781054705,0.00213088910095,0.0000293507018796,2.0465776629e-7,1.34111854955e-9]},"erbbands_crest":{"dmean":2.72598433495,"dmean2":4.31177568436,"dvar":7.49323368073,"dvar2":17.7645740509,"max":33.5921440125,"mean":10.8341751099,"median":9.69686412811,"min":2.5297100544,"var":25.9843864441},"erbbands_flatness_db":{"dmean":0.0185639988631,"dmean2":0.0258323196322,"dvar":0.000436529662693,"dvar2":0.000833167810924,"max":0.587663829327,"mean":0.18699875474,"median":0.178845122457,"min":0.0421500615776,"var":0.00360202789307},"erbbands_kurtosis":{"dmean":1.46882081032,"dmean2":2.32107281685,"dvar":22.7035751343,"dvar2":65.0433120728,"max":161.701004028,"mean":1.37022709846,"median":0.0223968029022,"min":-1.89447748661,"var":38.1754379272},"erbbands_skewness":{"dmean":0.428737908602,"dmean2":0.628888845444,"dvar":0.251613736153,"dvar2":0.547589480877,"max":8.48473167419,"mean":0.501417398453,"median":0.489926487207,"min":-5.35438346863,"var":0.999469637871},"erbbands_spread":{"dmean":7.76682376862,"dmean2":11.4310331345,"dvar":91.3788146973,"dvar2":192.755767822,"max":145.279876709,"mean":37.9528579712,"median":35.960067749,"min":0.223429396749,"var":419.577789307},"gfcc":{"cov":[[9631.18847656,-812.920227051,-841.26184082,358.37210083,-806.807739258,127.162956238,-397.345062256,236.018264771,-79.8194351196,59.8334121704,-176.693374634,13.2686901093,-38.1877861023],[-812.920227051,1418.03491211,65.6235580444,-182.675262451,206.987640381,-193.586715698,167.951873779,-117.55708313,161.682281494,-194.921554565,213.179122925,-104.989395142,34.0394897461],[-841.26184082,65.6235580444,887.551452637,284.47857666,5.10498380661,79.0909881592,35.7929229736,42.3617744446,-15.3690338135,30.6209468842,-81.1946334839,54.2170219421,48.0425224304],[358.37210083,-182.675262451,284.47857666,595.595825195,-36.1330108643,-32.4578590393,-108.448608398,23.8958702087,31.3381748199,1.82377636433,-41.5988044739,11.6070737839,84.0028839111],[-806.807739258,206.987640381,5.10498380661,-36.1330108643,392.374450684,6.06363582611,33.1277427673,-29.4322223663,38.8255386353,23.5355606079,44.8580932617,-4.34410429001,5.13859367371],[127.162956238,-193.586715698,79.0909881592,-32.4578590393,6.06363582611,296.161193848,64.7983779907,38.7686882019,-50.5625457764,63.6932907104,-29.8760948181,-3.07480072975,-22.8177566528],[-397.345062256,167.951873779,35.7929229736,-108.448608398,33.1277427673,64.7983779907,278.088989258,15.8087663651,-2.75326347351,-2.05419278145,23.178981781,1.61066484451,-28.9564247131],[236.018264771,-117.55708313,42.3617744446,23.8958702087,-29.4322223663,38.7686882019,15.8087663651,147.985534668,12.8524265289,28.2577800751,-31.6762084961,4.61901807785,3.55220508575],[-79.8194351196,161.682281494,-15.3690338135,31.3381748199,38.8255386353,-50.5625457764,-2.75326347351,12.8524265289,164.030426025,5.19925737381,22.4963684082,-23.5091762543,14.7330970764],[59.8334121704,-194.921554565,30.6209468842,1.82377636433,23.5355606079,63.6932907104,-2.05419278145,28.2577800751,5.19925737381,147.378051758,-18.8804702759,5.61342668533,-13.7219028473],[-176.693374634,213.179122925,-81.1946334839,-41.5988044739,44.8580932617,-29.8760948181,23.178981781,-31.6762084961,22.4963684082,-18.8804702759,149.642288208,17.4187602997,0.25911462307],[13.2686901093,-104.989395142,54.2170219421,11.6070737839,-4.34410429001,-3.07480072975,1.61066484451,4.61901807785,-23.5091762543,5.61342668533,17.4187602997,131.895507812,24.7907314301],[-38.1877861023,34.0394897461,48.0425224304,84.0028839111,5.13859367371,-22.8177566528,-28.9564247131,3.55220508575,14.7330970764,-13.7219028473,0.25911462307,24.7907314301,95.2041549683]],"icov":[[0.000203624425922,-0.000292117591016,0.000419525429606,-0.000346811721101,0.000426190148573,-0.000292090408038,0.000313434691634,-0.000341882056091,0.000184012533282,-0.000321695697494,0.000465306191472,-0.000458191614598,0.000338705052854],[-0.000292117591016,0.00292553170584,-0.00167304556817,0.00159469142091,-0.00129961990751,0.00142804882489,-0.00152716529556,0.00133484508842,-0.00184053869452,0.0029384822119,-0.00351027329452,0.00324584916234,-0.00195515714586],[0.000419525429606,-0.00167304556817,0.00285800220445,-0.00194352527615,0.00103625888005,-0.00134097540285,0.000626691966318,-0.001091123675,0.00110140023753,-0.00177868001629,0.00290190638043,-0.00267248856835,0.0011542905122],[-0.000346811721101,0.00159469142091,-0.00194352527615,0.0035268755164,-0.000826603441965,0.00109785364475,-0.000172765459865,0.00076696119504,-0.00133886572439,0.00157299265265,-0.00195522163995,0.0022372927051,-0.00275721843354],[0.000426190148573,-0.00129961990751,0.00103625888005,-0.000826603441965,0.00391036551446,-0.000993069959804,0.0007012738497,-0.000300283601973,0.000196183129447,-0.00197987514548,0.00103494350333,-0.0014685166534,0.000681328237988],[-0.000292090408038,0.00142804882489,-0.00134097540285,0.00109785364475,-0.000993069959804,0.00526536582038,-0.00175710569602,0.0000398832307837,0.000549634045456,-0.000254717393545,-0.00154148775619,0.00219928240404,-0.00083035393618],[0.000313434691634,-0.00152716529556,0.000626691966318,-0.000172765459865,0.0007012738497,-0.00175710569602,0.0053503960371,-0.00146884506103,0.000669624831062,-0.000892153126188,0.001140097389,-0.0018881255528,0.00198743795045],[-0.000341882056091,0.00133484508842,-0.001091123675,0.00076696119504,-0.000300283601973,0.0000398832307837,-0.00146884506103,0.00868813507259,-0.00203614844941,0.000325601838995,-0.000299197330605,0.00111081521027,-0.00141207058914],[0.000184012533282,-0.00184053869452,0.00110140023753,-0.00133886572439,0.000196183129447,0.000549634045456,0.000669624831062,-0.00203614844941,0.00856346264482,-0.00274958345108,0.000974320108071,-0.000239516215515,0.0000964046121226],[-0.000321695697494,0.0029384822119,-0.00177868001629,0.00157299265265,-0.00197987514548,-0.000254717393545,-0.000892153126188,0.000325601838995,-0.00274958345108,0.0111035937443,-0.00280756037682,0.00239412486553,-0.00049760134425],[0.000465306191472,-0.00351027329452,0.00290190638043,-0.00195522163995,0.00103494350333,-0.00154148775619,0.001140097389,-0.000299197330605,0.000974320108071,-0.00280756037682,0.0125653063878,-0.00570931425318,0.00253217085265],[-0.000458191614598,0.00324584916234,-0.00267248856835,0.0022372927051,-0.0014685166534,0.00219928240404,-0.0018881255528,0.00111081521027,-0.000239516215515,0.00239412486553,-0.00570931425318,0.0126248523593,-0.00486890412867],[0.000338705052854,-0.00195515714586,0.0011542905122,-0.00275721843354,0.000681328237988,-0.00083035393618,0.00198743795045,-0.00141207058914,0.0000964046121226,-0.00049760134425,0.00253217085265,-0.00486890412867,0.0147846760228]],"mean":[-68.4099655151,117.368835449,-112.082435608,34.6811523438,-55.7759132385,9.31126689911,-47.8689575195,-1.83166193962,-22.6023330688,-8.60300636292,-13.6845169067,-8.87479877472,-9.8519821167]},"hfc":{"dmean":4.71341657639,"dmean2":5.86239528656,"dvar":77.8899002075,"dvar2":123.600921631,"max":177.352416992,"mean":13.1910676956,"median":6.34347915649,"min":0.000110032320663,"var":318.505584717},"melbands":{"dmean":[0.00021195327281,0.000688301748596,0.000387179112295,0.000374626513803,0.000319521030178,0.000182434625458,0.000124116806546,0.000128602041514,0.000108647240268,0.000055365559092,0.000039938804548,0.0000289823019557,0.0000327490342897,0.0000331980336341,0.0000271069511655,0.0000234755407291,0.0000465292578156,0.0000509788806085,0.0000414558453485,0.0000164101547853,0.00000477032381241,0.00000573813395022,0.00000708929792381,0.00000830433054944,0.00000483795838591,0.00000201882926376,0.00000180231643299,0.00000139822020628,0.00000161912601016,0.000001474045348,0.00000104173807358,9.30854355374e-7,0.00000101652005924,7.4908410852e-7,5.44698991689e-7,5.06709284309e-7,4.32668059602e-7,3.57012424956e-7,3.20430814327e-7,2.03338416327e-7],"dmean2":[0.000343075080309,0.00107044517063,0.000620371836703,0.000571074080653,0.000442786607891,0.000266777962679,0.000188571590115,0.000188184465514,0.000152934429934,0.0000777621680754,0.0000558278625249,0.0000395768111048,0.0000483810399601,0.0000466350429633,0.000038585782022,0.0000344213221979,0.0000636706754449,0.000073388517194,0.0000579704865231,0.000023238324502,0.00000698692338119,0.00000810767505754,0.00000996670587483,0.000012111398064,0.00000695218614055,0.00000293957077702,0.00000268136273007,0.00000208206756724,0.0000023519721708,0.00000211909309655,0.00000147153855323,0.00000133269747948,0.00000147797175032,0.0000010783281823,7.71449549575e-7,7.10083384092e-7,6.16908209849e-7,4.93690720305e-7,4.39406193209e-7,2.83047654648e-7],"dvar":[3.24522659412e-7,0.00000159842852554,6.11885013768e-7,4.98111830893e-7,5.04226534304e-7,2.46045715357e-7,1.97116932554e-7,2.06824239513e-7,1.58966074082e-7,3.93631367501e-8,1.84004935733e-8,9.45707601119e-9,1.66154272563e-8,2.19665903245e-8,1.40810580973e-8,9.72060387738e-9,4.12367384683e-8,4.39368754712e-8,2.93345863156e-8,3.87516640998e-9,2.00893857105e-10,2.75727274346e-10,3.86614906756e-10,5.9627397464e-10,1.98032548693e-10,5.31874544407e-11,5.53702569905e-11,4.87939931515e-11,6.18705642275e-11,4.4478767891e-11,1.99568694903e-11,1.40495089521e-11,1.30759205547e-11,6.43060431293e-12,4.62176521013e-12,4.31853901597e-12,3.01631961595e-12,1.81834484535e-12,1.23153180362e-12,6.19936556517e-13],"dvar2":[8.20771845156e-7,0.00000410129950978,0.00000159449245984,0.00000123289271414,8.89319778707e-7,4.96881682466e-7,4.47029862016e-7,4.29073907071e-7,3.44463813917e-7,8.91291591643e-8,3.46091688641e-8,1.64107607503e-8,3.85663838642e-8,4.24817656608e-8,2.65697774893e-8,2.00166621056e-8,7.20663706488e-8,8.77252546161e-8,5.51924586034e-8,6.88086077005e-9,4.16127798886e-10,5.29637611546e-10,6.93936463847e-10,1.25309262966e-9,3.97432253774e-10,9.59919990717e-11,1.2264803062e-10,1.1902098751e-10,1.48252687904e-10,9.34589974855e-11,3.649459554e-11,2.84746028839e-11,2.72067923746e-11,1.33701097069e-11,9.53066878889e-12,8.36682285954e-12,5.78588826156e-12,3.5661666762e-12,2.61947776838e-12,1.29315156673e-12],"max":[0.0120215276256,0.0199753902853,0.0262707024813,0.0159856062382,0.016226131469,0.0138520952314,0.0142743261531,0.0167241208255,0.0100912656635,0.00546247791499,0.00344864744693,0.00282600522041,0.00506080314517,0.00585978943855,0.00382313178852,0.00345936045051,0.00825714692473,0.00714765209705,0.00601382693276,0.00273903040215,0.000567240116652,0.000498769048136,0.000544829817954,0.000711317698006,0.000667721149512,0.000396308430936,0.000428608094808,0.000234406936215,0.000309848954203,0.000253308040556,0.000257215200691,0.000175795852556,0.000101625722891,0.0000704231933923,0.0000489393169119,0.000070023968874,0.0000542143934581,0.0000428072780778,0.0000367916218238,0.000043465566705],"mean":[0.000353519484634,0.00136352551635,0.000783243158367,0.000823580485303,0.000895164092071,0.000375149742467,0.000205540010938,0.0002203938202,0.000177246503881,0.0000928264780669,0.0000716141439625,0.0000509005294589,0.0000574138539378,0.0000517471562489,0.0000436357804574,0.0000362219798262,0.0000783905925346,0.0000746492514736,0.0000612232033745,0.0000270812633971,0.00000781793914939,0.00000992079003481,0.0000130187754621,0.000013879843209,0.00000803770399216,0.00000332315676133,0.00000276946525446,0.00000194948438548,0.00000216636885852,0.00000199359647013,0.00000143086242588,0.00000128760837015,0.00000150472828864,0.00000121052266877,7.80673133249e-7,6.77230673318e-7,5.97426321747e-7,5.14456303335e-7,5.22144091519e-7,3.11160505362e-7],"median":[0.0000943840132095,0.000603065942414,0.000463615520857,0.000407659448683,0.000191881263163,0.0000888832291821,0.0000581893473282,0.0000332769632223,0.0000243681406573,0.0000152877728397,0.0000117908266475,0.00000666621144774,0.00000795951746113,0.00000698204212313,0.00000412643066738,0.00000370418661078,0.00000481597771795,0.00000503891578774,0.00000598470160185,0.00000345920238942,0.00000169167799413,0.00000169208260559,0.0000018940645532,0.00000250128323387,0.00000160653883086,7.17996840649e-7,5.92405626776e-7,3.84435423939e-7,3.25313635585e-7,2.00721416377e-7,1.78769070658e-7,1.86269389246e-7,2.99143266602e-7,2.92604426022e-7,1.23348470993e-7,5.74842928813e-8,7.20277810728e-8,7.11223719918e-8,8.54881605505e-8,4.78570960638e-8],"min":[6.77268019444e-10,2.1741197731e-10,4.13909254093e-11,3.32304357642e-11,5.69168392972e-11,5.26735807749e-11,2.74065475175e-11,2.38852184559e-11,1.00524337118e-11,1.73857161306e-11,2.80559065563e-11,1.56094512316e-11,1.10881980681e-11,6.58468071735e-12,1.73928683955e-11,2.1347841897e-11,1.06649194684e-11,1.24034662749e-11,1.65474023373e-11,1.92211004058e-11,9.75962279742e-12,1.16663553817e-11,2.41186393773e-11,1.11058488794e-11,1.44886932313e-11,1.25599331283e-11,1.24411279889e-11,2.00277450874e-11,9.53344694854e-12,1.21724410065e-11,9.51245766184e-12,1.22097540411e-11,1.38582019124e-11,8.37785570085e-12,1.36972906975e-11,1.79977543285e-11,1.00108176956e-11,1.5744463025e-11,1.46194029105e-11,5.70957690849e-12],"var":[5.42017346561e-7,0.00000472230340165,0.00000105766457636,0.0000012766601003,0.0000029234631711,7.4634141356e-7,3.7336025116e-7,4.13338966609e-7,2.69378801931e-7,6.50595097795e-8,4.93632796861e-8,2.57526941994e-8,3.62804932763e-8,3.98588575479e-8,3.47070141515e-8,1.86794277823e-8,1.25443150978e-7,8.53023465197e-8,6.26681142535e-8,1.04890389707e-8,4.80849138285e-10,7.74328101638e-10,1.2557640483e-9,1.23166254973e-9,4.59327520463e-10,1.26276378243e-10,9.55049650475e-11,5.73538820603e-11,7.29392587995e-11,7.05552283264e-11,3.78403558488e-11,2.25791919883e-11,2.0259747005e-11,1.01435830221e-11,7.13377013711e-12,6.98524961831e-12,4.87017067299e-12,2.93965524666e-12,2.08836789008e-12,9.74521570211e-13]},"melbands_crest":{"dmean":3.1727104187,"dmean2":5.05875778198,"dvar":8.17281341553,"dvar2":21.3011188507,"max":35.1767196655,"mean":16.026184082,"median":15.4746303558,"min":3.72942328453,"var":28.2578773499},"melbands_flatness_db":{"dmean":0.0274453796446,"dmean2":0.0392846390605,"dvar":0.000887299946044,"dvar2":0.00173161167186,"max":0.629429161549,"mean":0.256993621588,"median":0.250044554472,"min":0.0451432988048,"var":0.00611553573981},"melbands_kurtosis":{"dmean":9.86461257935,"dmean2":15.435210228,"dvar":227.662658691,"dvar2":539.418029785,"max":293.907501221,"mean":22.2819213867,"median":14.0973472595,"min":-1.90972447395,"var":704.385559082},"melbands_skewness":{"dmean":0.808009445667,"dmean2":1.21859967709,"dvar":0.772120416164,"dvar2":1.76887333393,"max":11.1058063507,"mean":3.16597700119,"median":3.04393148422,"min":-11.5835933685,"var":4.3128991127},"melbands_spread":{"dmean":5.21258449554,"dmean2":7.72378110886,"dvar":85.726020813,"dvar2":172.452880859,"max":244.925216675,"mean":15.804473877,"median":11.5247507095,"min":0.306904017925,"var":236.792236328},"mfcc":{"cov":[[9445.7578125,-668.883911133,-679.588867188,-126.540252686,-316.382843018,-264.63482666,-332.680969238,-1.39646935463,-83.3126296997,103.770858765,-28.3521137238,-127.324333191,-140.803009033],[-668.883911133,1465.43713379,-76.9835586548,-23.6339302063,9.17637443542,-51.4820213318,31.5189876556,78.8381958008,-90.0121841431,-30.0254516602,80.3460540771,21.0998344421,17.207611084],[-679.588867188,-76.9835586548,768.801208496,191.428497314,40.3515548706,60.6503410339,39.1122398376,29.219291687,133.541030884,-35.7512321472,-68.7930603027,1.41381955147,106.249412537],[-126.540252686,-23.6339302063,191.428497314,471.115661621,137.591827393,-30.3273582458,-78.6462631226,2.10496282578,49.4813423157,-1.04067635536,-81.5760269165,-1.14351952076,55.2880783081],[-316.382843018,9.17637443542,40.3515548706,137.591827393,325.962280273,27.1785354614,-36.7354507446,-35.1051864624,26.5567550659,-4.89825057983,-20.1091709137,3.00135087967,38.6229629517],[-264.63482666,-51.4820213318,60.6503410339,-30.3273582458,27.1785354614,210.397079468,83.6814727783,-0.217342659831,21.0313282013,20.0805587769,20.8845710754,25.9477920532,0.630420386791],[-332.680969238,31.5189876556,39.1122398376,-78.6462631226,-36.7354507446,83.6814727783,226.934921265,31.7858448029,15.1998662949,-6.96507072449,34.4993209839,31.5869483948,7.4339094162],[-1.39646935463,78.8381958008,29.219291687,2.10496282578,-35.1051864624,-0.217342659831,31.7858448029,141.690261841,9.1755437851,-10.9537582397,5.09602403641,0.18638689816,6.70797109604],[-83.3126296997,-90.0121841431,133.541030884,49.4813423157,26.5567550659,21.0313282013,15.1998662949,9.1755437851,171.687606812,44.1692733765,-29.3888149261,-2.26946234703,27.4287719727],[103.770858765,-30.0254516602,-35.7512321472,-1.04067635536,-4.89825057983,20.0805587769,-6.96507072449,-10.9537582397,44.1692733765,139.569259644,43.4083442688,0.583930432796,-29.2244796753],[-28.3521137238,80.3460540771,-68.7930603027,-81.5760269165,-20.1091709137,20.8845710754,34.4993209839,5.09602403641,-29.3888149261,43.4083442688,140.514663696,16.435667038,-34.7307395935],[-127.324333191,21.0998344421,1.41381955147,-1.14351952076,3.00135087967,25.9477920532,31.5869483948,0.18638689816,-2.26946234703,0.583930432796,16.435667038,128.254455566,24.3127880096],[-140.803009033,17.207611084,106.249412537,55.2880783081,38.6229629517,0.630420386791,7.4339094162,6.70797109604,27.4287719727,-29.2244796753,-34.7307395935,24.3127880096,144.775619507]],"icov":[[0.000130776083097,0.0000639800709905,0.000105884086224,-0.00000417537148678,0.000118924632261,0.0000695228809491,0.000151561151142,-0.0000666251944494,0.00000456908355773,-0.0000717223229003,0.0000233303489949,0.0000640441503492,-0.0000137561719384],[0.0000639800709905,0.00079978298163,0.0000741596377338,-0.0000291637443297,-0.000065678570536,0.000279519852484,-0.0000358971155947,-0.000460782757727,0.000348289060639,0.0000482238538098,-0.00043905840721,-0.0000153490218509,-0.000195626780624],[0.000105884086224,0.0000741596377338,0.00197662389837,-0.000697824580129,0.000381997728255,-0.000518003304023,-0.0000618559934082,-0.000145215773955,-0.00129456212744,0.000760865281336,-0.0000590905365243,0.000318256177707,-0.000848487194162],[-0.00000417537148678,-0.0000291637443297,-0.000697824580129,0.00313404551707,-0.00116053712554,0.000469983991934,0.000716162845492,-0.000444612174761,0.000167381556821,-0.000784084142651,0.00136544927955,-0.000337982084602,-0.000199601883651],[0.000118924632261,-0.000065678570536,0.000381997728255,-0.00116053712554,0.00400511873886,-0.000900949758943,0.00068480608752,0.000949807290453,-0.00065085827373,0.000547309464309,-0.000441148673417,0.00022064895893,-0.000766500772443],[0.0000695228809491,0.000279519852484,-0.000518003304023,0.000469983991934,-0.000900949758943,0.00626099901274,-0.00208876258694,0.0000902315514395,0.000187325349543,-0.00108780432492,-0.000116097362479,-0.00074997136835,0.000394251575926],[0.000151561151142,-0.0000358971155947,-0.0000618559934082,0.000716162845492,0.00068480608752,-0.00208876258694,0.00630057789385,-0.00103416386992,-0.00086940190522,0.00099571258761,-0.00113406009041,-0.00079834391363,-0.000297904654872],[-0.0000666251944494,-0.000460782757727,-0.000145215773955,-0.000444612174761,0.000949807290453,0.0000902315514395,-0.00103416386992,0.00796291045845,-0.000813360558823,0.000887305301148,-0.000502910348587,0.000282140041236,-0.000138110975968],[0.00000456908355773,0.000348289060639,-0.00129456212744,0.000167381556821,-0.00065085827373,0.000187325349543,-0.00086940190522,-0.000813360558823,0.00873217638582,-0.00405479036272,0.00222690729424,0.000208015509997,-0.000869247829542],[-0.0000717223229003,0.0000482238538098,0.000760865281336,-0.000784084142651,0.000547309464309,-0.00108780432492,0.00099571258761,0.000887305301148,-0.00405479036272,0.0105019221082,-0.00390975410119,-0.000014792482034,0.00138473324478],[0.0000233303489949,-0.00043905840721,-0.0000590905365243,0.00136544927955,-0.000441148673417,-0.000116097362479,-0.00113406009041,-0.000502910348587,0.00222690729424,-0.00390975410119,0.0105105461553,-0.00111288926564,0.00129369634669],[0.0000640441503492,-0.0000153490218509,0.000318256177707,-0.000337982084602,0.00022064895893,-0.00074997136835,-0.00079834391363,0.000282140041236,0.000208015509997,-0.000014792482034,-0.00111288926564,0.00869404431432,-0.00183745950926],[-0.0000137561719384,-0.000195626780624,-0.000848487194162,-0.000199601883651,-0.000766500772443,0.000394251575926,-0.000297904654872,-0.000138110975968,-0.000869247829542,0.00138473324478,0.00129369634669,-0.00183745950926,0.00890363007784]],"mean":[-710.549255371,139.007492065,8.40969848633,24.0107002258,13.5856800079,4.44429302216,-6.04997158051,-0.293119192123,-6.31989049911,-3.9223241806,0.539715826511,-10.5394458771,-4.81758499146]},"pitch_salience":{"dmean":0.0711450874805,"dmean2":0.112425796688,"dvar":0.004334657453,"dvar2":0.0109759625047,"max":0.883137047291,"mean":0.523189365864,"median":0.526077926159,"min":0.042834199965,"var":0.0138348024338},"silence_rate_20dB":{"dmean":0,"dmean2":0,"dvar":0,"dvar2":0,"max":1,"mean":1,"median":1,"min":1,"var":0},"silence_rate_30dB":{"dmean":0.000209907637327,"dmean2":0.000419859337853,"dvar":0.00020984603907,"dvar2":0.000629542511888,"max":1,"mean":0.999895036221,"median":1,"min":0,"var":0.000104927406937},"silence_rate_60dB":{"dmean":0.0340050384402,"dmean2":0.0680172145367,"dvar":0.0328515209258,"dvar2":0.0757857337594,"max":1,"mean":0.11386294663,"median":0,"min":0,"var":0.100895568728},"spectral_centroid":{"dmean":192.389587402,"dmean2":277.429412842,"dvar":83395.7109375,"dvar2":153662.28125,"max":11003.2851562,"mean":889.253967285,"median":761.33984375,"min":169.0052948,"var":308179.78125},"spectral_complexity":{"dmean":2.62279605865,"dmean2":3.80487036705,"dvar":15.5566635132,"dvar2":27.7209205627,"max":57,"mean":11.1688528061,"median":10,"min":0,"var":56.8515777588},"spectral_contrast_coeffs":{"dmean":[0.0455423779786,0.0452638231218,0.0378212742507,0.0367485545576,0.027239061892,0.0191744789481],"dmean2":[0.07348433882,0.0713272243738,0.0578207112849,0.0546960011125,0.0405995026231,0.0290260966867],"dvar":[0.0014876058558,0.00179697724525,0.00121606490575,0.00109594350215,0.000591807300225,0.0003595649614],"dvar2":[0.00380434957333,0.00405673729256,0.00250011263415,0.00217407289892,0.00118292903062,0.00073412200436],"max":[-0.260572940111,-0.352050602436,-0.428710520267,-0.42437967658,-0.526006579399,-0.490989089012],"mean":[-0.585093975067,-0.680748164654,-0.742625772953,-0.736076176167,-0.758545100689,-0.758291959763],"median":[-0.586344718933,-0.688880205154,-0.752934336662,-0.74713152647,-0.764757812023,-0.756068944931],"min":[-0.952631831169,-0.959314763546,-0.958882153034,-0.95972263813,-0.952739775181,-0.961149275303],"var":[0.00734376115724,0.00867129955441,0.0061329328455,0.00636638328433,0.00339158484712,0.00176761497278]},"spectral_contrast_valleys":{"dmean":[0.410110652447,0.374818146229,0.371159255505,0.397601902485,0.385984420776,0.394528627396],"dmean2":[0.652473330498,0.585869133472,0.552816033363,0.565743684769,0.515115082264,0.496360868216],"dvar":[0.147723332047,0.157420068979,0.153693124652,0.174564793706,0.183148622513,0.217401027679],"dvar2":[0.306348979473,0.307651102543,0.283802241087,0.303968906403,0.287329167128,0.339070916176],"max":[-5.41671228409,-4.74346399307,-5.64469480515,-5.68830871582,-5.72575139999,-7.59613418579],"mean":[-7.77019166946,-7.50007152557,-8.29412174225,-8.65042877197,-8.79676437378,-11.3747215271],"median":[-7.57688045502,-7.38955211639,-8.24868392944,-8.57572174072,-8.65826797485,-11.3780841827],"min":[-27.5784778595,-27.2069301605,-27.1900310516,-27.2402687073,-27.411775589,-27.2280483246],"var":[1.17707324028,1.1779204607,1.15180253983,1.17480659485,1.45102012157,1.6121263504]},"spectral_decrease":{"dmean":1.48812584477e-9,"dmean2":2.04277617044e-9,"dvar":4.53898362577e-18,"dvar2":8.91278424629e-18,"max":-1.67459080711e-15,"mean":-5.05368724646e-9,"median":-3.67743280272e-9,"min":-3.59481191481e-8,"var":2.10424772035e-17},"spectral_energy":{"dmean":0.00596807571128,"dmean2":0.0081157470122,"dvar":0.000072754402936,"dvar2":0.000139565119753,"max":0.141467049718,"mean":0.0202702935785,"median":0.0146119715646,"min":1.63005662301e-8,"var":0.000342698069289},"spectral_energyband_high":{"dmean":0.000197876666789,"dmean2":0.000259225431364,"dvar":4.6948539989e-7,"dvar2":8.31709257909e-7,"max":0.0172300767154,"mean":0.000320762977935,"median":0.0000701766985003,"min":8.61705995447e-9,"var":9.31043416585e-7},"spectral_energyband_low":{"dmean":0.00250293780118,"dmean2":0.00388373667374,"dvar":0.000019633469492,"dvar2":0.0000493744082632,"max":0.0727058723569,"mean":0.00533851701766,"median":0.00283695757389,"min":2.70520761347e-9,"var":0.0000546654082427},"spectral_energyband_middle_high":{"dmean":0.00166764692403,"dmean2":0.00213935691863,"dvar":0.0000130117014123,"dvar2":0.0000208017499972,"max":0.0952775776386,"mean":0.00407357746735,"median":0.00113009777851,"min":2.81486189913e-9,"var":0.0000608025438851},"spectral_energyband_middle_low":{"dmean":0.00366839044727,"dmean2":0.00520497746766,"dvar":0.0000360969279427,"dvar2":0.0000742204065318,"max":0.128080129623,"mean":0.0111580267549,"median":0.00727419834584,"min":1.44110967604e-9,"var":0.000129630905576},"spectral_entropy":{"dmean":0.224255815148,"dmean2":0.31283929944,"dvar":0.0623008683324,"dvar2":0.114500723779,"max":9.79966831207,"mean":6.9469704628,"median":6.94615221024,"min":4.0785908699,"var":0.368112951517},"spectral_flux":{"dmean":0.0225500520319,"dmean2":0.034504365176,"dvar":0.000618496502284,"dvar2":0.00129942584317,"max":0.315524220467,"mean":0.0632072389126,"median":0.0511153675616,"min":0.000110180895717,"var":0.00212224363349},"spectral_kurtosis":{"dmean":3.01437520981,"dmean2":4.9838848114,"dvar":23.785490036,"dvar2":62.1778488159,"max":109.017341614,"mean":7.97797775269,"median":5.77293109894,"min":-1.19957578182,"var":70.557220459},"spectral_rms":{"dmean":0.000635146163404,"dmean2":0.000853565754369,"dvar":5.50881509298e-7,"dvar2":9.72582370196e-7,"max":0.0117480484769,"mean":0.00396893685684,"median":0.00377565645613,"min":0.00000398785550715,"var":0.00000402352998208},"spectral_rolloff":{"dmean":317.843353271,"dmean2":524.922302246,"dvar":406019.78125,"dvar2":824138.625,"max":15568.5058594,"mean":958.702697754,"median":581.396484375,"min":107.666015625,"var":1016144.5625},"spectral_skewness":{"dmean":0.321217834949,"dmean2":0.500585913658,"dvar":0.152663037181,"dvar2":0.358561992645,"max":9.17039680481,"mean":2.02256274223,"median":1.87916481495,"min":-0.4526001513,"var":0.702587544918},"spectral_spread":{"dmean":489544.96875,"dmean2":706480.4375,"dvar":477334765568,"dvar2":762606190592,"max":40122568,"mean":3922914,"median":3694953.75,"min":839519.8125,"var":2154951213060},"spectral_strongpeak":{"dmean":0.473951876163,"dmean2":0.752003729343,"dvar":1.11355650425,"dvar2":2.47061610222,"max":18.3355388641,"mean":1.02579522133,"median":0.472515106201,"min":0,"var":2.69439911842},"zerocrossingrate":{"dmean":0.00815749447793,"dmean2":0.00917324982584,"dvar":0.000109989108751,"dvar2":0.000119305223052,"max":0.35107421875,"mean":0.0427154116333,"median":0.037109375,"min":0.00390625,"var":0.000756928697228}},"metadata":{"audio_properties":{"analysis_sample_rate":44100,"bit_rate":0,"codec":"flac","downmix":"mix","equal_loudness":0,"length":221.226669312,"lossless":true,"md5_encoded":"5fd61dc67de2a9f73eb2999567c421df","replay_gain":-4.76095581055},"tags":{"album":["The Beatles (disc 1)"],"albumartist":["The Beatles"],"albumartistsort":["Beatles, The"],"artist":["The Beatles"],"artistsort":["Beatles, The"],"asin":["B000002UAX"],"catalognumber":["PMC 7067"],"date":["1968-11-22"],"file_name":"13 Rocky Raccoon.flac","format":["Vinyl"],"genre":["Rock & Roll"],"isrc":["GBAYE0601656"],"label":["Apple Records"],"language":["eng"],"musicbrainz_albumartistid":["b10bbbfc-cf9e-42e0-be17-e2c3e1d2600d"],"musicbrainz_albumid":["d6213baf-e959-4817-9fa2-3ce97f131678"],"musicbrainz_artistid":["b10bbbfc-cf9e-42e0-be17-e2c3e1d2600d"],"musicbrainz_recordingid":["995fe358-4938-4fb0-9e85-67e86611b28e"],"musicip_puid":["06a1ccdf-92e8-c36d-3ac0-2ef9fa664607"],"producer":["Chris Thomas","George Martin"],"releasecountry":["GB"],"releasestatus":["official"],"releasetype":["album"],"replaygain_album_gain":["-3.16 dB"],"replaygain_album_peak":["0.97302246"],"replaygain_reference_loudness":["89.0 dB"],"replaygain_track_gain":["+0.25 dB"],"replaygain_track_peak":["0.71649170"],"script":["Latn"],"title":["Rocky Raccoon"],"totaltracks":["17"],"tracknumber":["13"],"tracktotal":["17"]},"version":{"essentia":"2.1-beta1","essentia_build_sha":"eef087cf131c10083d474ad51def18efd0e38295","essentia_git_sha":"v2.1_beta1-7-ge0e83e8-dirty","extractor":"music 1.0"}},"rhythm":{"beats_count":593,"beats_loudness":{"dmean":0.0161958374083,"dmean2":0.0265070982277,"dvar":0.000226174903219,"dvar2":0.000560054089874,"max":0.103727772832,"mean":0.03