{"lowlevel":{"average_loudness":0.755383193493,"barkbands":{"dmean":[0.00351566798054,0.00686381338164,0.00235406518914,0.00136797502637,0.00267523177899,0.00143363047391,0.00112822605297,0.000621431216132,0.000601509644184,0.000410182750784,0.00068143196404,0.000548556970898,0.000363484199625,0.000302571686916,0.00038333502016,0.000159357703524,0.000147869926877,0.000237547559664,0.000152654785779,0.000126653612824,0.000153456858243,0.000104150276456,0.0000473704239994,0.0000238870052272,0.00000305729713546,0.0000236486084759,0.000146594800754],"dmean2":[0.00533679127693,0.0110700540245,0.00374765554443,0.00217947573401,0.0041945814155,0.00230729556642,0.00177658360917,0.000999731710181,0.000977011513896,0.000657303608023,0.00109225150663,0.000887890986633,0.000592557888012,0.000484784890432,0.00061409646878,0.000246754294494,0.000220648944378,0.000369952904293,0.000219028341235,0.000176687026396,0.000221245485591,0.000155086672748,0.0000680073935655,0.0000366675849364,0.00000472297733722,0.0000339286780218,0.000198754103621],"dvar":[0.0000937709555728,0.000209958583582,0.0000207581379073,0.000011300136066,0.0000373589755327,0.0000100003026091,0.00000502225157106,0.00000138074199185,0.00000245606133831,9.79553988145e-7,0.00000142140549997,0.00000127367979985,3.89616189977e-7,3.01902531419e-7,4.74135561035e-7,9.59559329772e-8,1.00872902919e-7,3.16534425338e-7,1.06475432915e-7,6.1276125507e-8,1.05863136923e-7,5.10300708356e-8,1.09509823432e-8,3.83256892889e-9,3.78716502603e-11,2.91129831353e-9,5.99941927248e-8],"dvar2":[0.000194258391275,0.000536875857506,0.0000508744960825,0.00002668612251,0.0000857541308505,0.000025244520657,0.0000128902702272,0.00000353286554855,0.00000553527297598,0.00000236983873947,0.00000361142770089,0.00000334450737682,0.00000100140289305,7.51433560708e-7,0.0000012107469729,2.40500355631e-7,2.34510736163e-7,7.83964992479e-7,2.28245397693e-7,1.27304616626e-7,2.31509019955e-7,1.15858007632e-7,2.29550547459e-8,9.52681755706e-9,8.5945126016e-11,6.48174625084e-9,1.11258479762e-7],"max":[0.180068820715,0.179580822587,0.0683450698853,0.0903791636229,0.1159170717,0.0993617326021,0.0461202636361,0.0344791673124,0.0626844912767,0.0228801574558,0.030868826434,0.0232536271214,0.0101700639352,0.0124818673357,0.0113814342767,0.00674558710307,0.00816921610385,0.00824423506856,0.00629835948348,0.00439497921616,0.00478603225201,0.00249893334694,0.00116721016821,0.000797493907157,0.000116792944027,0.00063789030537,0.00302889966406],"mean":[0.00400913367048,0.00945059210062,0.00342390197329,0.00194955721963,0.00381064927205,0.00224835425615,0.00185544020496,0.000940918049309,0.000912874704227,0.000593690725509,0.00109420274384,0.000933437724598,0.000602196203545,0.000504052091856,0.000697830226272,0.000242677808274,0.000214037267142,0.000302754429867,0.000220975038246,0.000178537971806,0.000209074030863,0.000115080576506,0.0000556250306545,0.0000237240619754,0.00000347551736013,0.0000269842421403,0.00028496485902],"median":[0.000514923711307,0.00265696714632,0.0012300661765,0.000476568035083,0.00129084754735,0.000964482664131,0.000799684319645,0.000418633397203,0.000313360360451,0.000197292989469,0.000555489037652,0.000295986130368,0.000285051442916,0.000215295818634,0.000280013307929,0.00010923465743,0.000072592010838,0.0000785694282968,0.0000587583199376,0.0000399835334974,0.0000370960988221,0.0000165158126038,0.00000712761629984,0.00000358414467883,9.73485612121e-7,0.00000453930306321,0.000154106295668],"min":[4.36466452113e-23,1.26520446542e-23,4.76080948403e-24,2.1812936463e-23,7.99808843081e-23,5.58542046107e-23,2.48154120657e-23,3.10470408746e-23,1.53360656292e-22,1.35648267724e-22,5.27936388686e-23,8.66794682858e-23,1.35155904923e-22,2.39388361387e-22,8.13195812643e-23,1.47299819025e-22,1.25961888845e-22,1.23384181707e-22,1.98702727672e-22,3.34197653457e-22,6.28413614806e-22,7.05068579496e-22,4.50236265338e-22,1.0721257354e-21,1.0900982335e-21,1.9898893903e-21,2.33071971052e-21],"var":[0.000117308947665,0.000268778880127,0.0000408428568335,0.0000234383478528,0.0000598367696512,0.0000171185911313,0.00000994990841718,0.00000238141797126,0.00000378467007067,0.0000016600682784,0.00000262099138126,0.00000286461136056,7.44083479276e-7,6.18870728886e-7,0.00000120892548239,1.48248247456e-7,1.61072222227e-7,4.00208335805e-7,1.92312299419e-7,1.14796002038e-7,1.8785544853e-7,6.53793321703e-8,1.60938746774e-8,3.7855465429e-9,5.09346488597e-11,3.84839449197e-9,1.42671993331e-7]},"barkbands_crest":{"dmean":3.0239379406,"dmean2":4.81555938721,"dvar":6.77830266953,"dvar2":15.9714632034,"max":26.1900367737,"mean":10.9308729172,"median":10.1642751694,"min":2.16337609291,"var":21.2270202637},"barkbands_flatness_db":{"dmean":0.0316954664886,"dmean2":0.0462610833347,"dvar":0.000782292801887,"dvar2":0.00170976400841,"max":0.650894403458,"mean":0.157520055771,"median":0.144647240639,"min":0.0227406267077,"var":0.00563947949558},"barkbands_kurtosis":{"dmean":6.63886070251,"dmean2":10.3784637451,"dvar":350.600311279,"dvar2":772.184143066,"max":651.911376953,"mean":10.9261760712,"median":4.51669025421,"min":-1.73629367352,"var":757.865478516},"barkbands_skewness":{"dmean":0.742324233055,"dmean2":1.13536942005,"dvar":0.712946891785,"dvar2":1.54647803307,"max":17.418970108,"mean":2.08749222755,"median":1.75477671623,"min":-2.16257405281,"var":2.66194653511},"barkbands_spread":{"dmean":6.35768079758,"dmean2":9.42297363281,"dvar":57.5993690491,"dvar2":119.220794678,"max":127.003257751,"mean":20.8432598114,"median":17.2226295471,"min":0.171751841903,"var":288.66027832},"dissonance":{"dmean":0.0267316959798,"dmean2":0.0440994352102,"dvar":0.00107511261012,"dvar2":0.00296697183512,"max":0.5,"mean":0.450965464115,"median":0.468473821878,"min":0.0942068696022,"var":0.00279473001137},"dynamic_complexity":3.53957653046,"erbbands":{"dmean":[0.315902799368,1.19594871998,2.44539189339,3.9076628685,5.19698858261,11.0956459045,11.0037908554,13.1629667282,11.8002300262,22.6403751373,9.9201631546,12.4919176102,12.6353693008,15.0669937134,28.3971405029,21.0731811523,16.7745094299,14.175031662,19.8176078796,13.6927709579,7.4542722702,8.59184074402,13.304681778,8.96101093292,6.87462568283,5.65143823624,7.30163049698,5.16795396805,3.94907331467,2.19657969475,1.22494995594,0.754555761814,0.232968896627,0.0472651384771,0.0178661588579,0.0306528043002,0.0556870102882,0.0394194386899,0.0142883090302,0.00391597207636],"dmean2":[0.521956324577,1.88673603535,3.88719654083,6.19323015213,8.0547990799,17.5972251892,17.7357082367,21.0218734741,18.7419242859,35.9502296448,16.1549053192,20.2692775726,20.2100849152,23.5925331116,45.5158348083,33.7750053406,27.1452865601,22.69597435,31.7637767792,21.4951782227,11.0631389618,12.6759672165,20.7561206818,12.9416780472,9.73998355865,7.80970001221,10.6762828827,7.43727874756,5.91745185852,3.12875366211,1.75046932697,1.14903700352,0.354626446962,0.07021381706,0.0282225515693,0.0450352169573,0.0826289057732,0.0548956766725,0.0193598177284,0.00532186217606],"dvar":[0.580682575703,5.42395114899,22.8562908173,69.0362319946,138.33821106,811.568786621,754.809082031,990.343322754,965.9140625,1555.01171875,462.332824707,1043.25488281,883.133728027,919.413208008,2422.23242188,1711.04858398,814.276489258,660.639831543,1525.25439453,510.070373535,190.125961304,341.301879883,1042.16088867,355.902038574,212.47052002,119.075843811,234.935302734,124.764533997,76.2795410156,21.5314865112,7.48008775711,3.81256580353,0.326477587223,0.0115313110873,0.00102289090864,0.0050419033505,0.0186707582325,0.00622613495216,0.000756518449634,0.0000404944184993],"dvar2":[1.54043638706,13.3847398758,57.1770095825,162.016906738,301.120910645,1892.6862793,1826.17272949,2492.21557617,2509.25048828,3838.65112305,1227.76171875,2437.29077148,2072.29052734,2196.17431641,6149.23535156,4415.46484375,2075.06054688,1686.68554688,3894.21801758,1261.66760254,434.139343262,776.640930176,2609.81762695,765.860168457,453.308135986,241.011779785,518.166809082,273.99230957,176.82522583,44.0631904602,16.0949001312,9.3127784729,0.799711406231,0.0252229310572,0.00233123311773,0.0112313115969,0.0440809503198,0.0124990325421,0.00147442647722,0.0000748420352465],"max":[10.121011734,28.0377750397,80.6580505371,227.222763062,336.763458252,492.496795654,563.017211914,1201.81323242,742.433166504,640.968994141,563.057312012,1113.81274414,917.12902832,763.012329102,1426.12268066,712.339477539,494.407318115,661.169494629,811.16217041,710.106079102,214.421447754,439.894012451,469.091186523,335.166229248,229.624389648,194.906524658,241.968612671,170.274307251,98.4861450195,53.7256126404,37.6385726929,25.6190071106,8.01777839661,2.89582967758,0.482683777809,1.56135368347,1.74651825428,0.831185519695,0.411814272404,0.126725614071],"mean":[0.390074282885,1.70005714893,3.62133574486,6.08788013458,7.73386001587,14.6122665405,15.5221385956,20.7202663422,19.1230773926,38.1550598145,16.8840465546,19.4121875763,19.1715755463,25.5045318604,48.5005989075,37.5924377441,29.6344242096,25.8544158936,35.3515625,25.6370067596,12.5296373367,12.7908821106,16.5900726318,13.2250080109,9.79688453674,8.23476314545,9.8340959549,6.72681379318,4.37345075607,2.55236434937,1.42793214321,0.769377410412,0.242725476623,0.0564901940525,0.0199521090835,0.0362754352391,0.0603696890175,0.0484571605921,0.021958777681,0.0101580042392],"median":[0.0810375511646,0.544568955898,1.56945466995,1.97993302345,2.35834169388,4.11486101151,5.46243858337,8.59620952606,8.24490070343,15.7045793533,8.29812908173,6.65620231628,6.7293214798,12.9927902222,26.5394897461,13.9342937469,14.6186704636,11.8416156769,13.7461509705,12.6240005493,5.69315052032,4.31135177612,4.28451871872,3.68630695343,2.50521612167,1.86469125748,1.89937067032,1.03567647934,0.618231832981,0.370014965534,0.180285990238,0.0961149558425,0.0444204136729,0.0150655684993,0.00660746637732,0.00878784619272,0.00923839304596,0.00799598731101,0.00562944915146,0.00658333860338],"min":[4.43896095579e-22,2.71367242628e-21,4.56774586858e-21,3.74953507658e-20,2.65648097294e-19,2.42496371774e-19,1.60486764864e-19,5.47667701573e-19,4.24630091376e-19,2.72658504684e-19,1.1298366929e-18,3.99139378257e-18,2.65081566462e-18,4.85648490978e-18,3.21145593634e-18,3.15420076909e-18,5.2013815885e-18,8.58077876383e-18,1.08916500801e-17,7.12999744083e-18,6.64837731943e-18,7.81820592021e-18,8.01989736896e-18,7.94600532484e-18,1.01029681076e-17,1.82326902465e-17,2.36081929403e-17,2.46189381657e-17,2.19220481274e-17,2.04513524311e-17,1.47213002744e-17,1.72543556119e-17,1.98319364274e-17,1.36120618263e-17,7.37071113498e-18,7.97112514569e-18,3.45162658643e-18,1.20394783649e-18,3.67254801987e-19,3.25775616913e-20],"var":[0.62787258625,7.78586006165,37.1655273438,156.733276367,275.179443359,1200.92358398,1138.37963867,1658.8236084,1777.48352051,3206.99780273,815.578918457,1623.72705078,1394.91125488,1829.66540527,4474.50097656,3858.9074707,1672.46179199,1432.4296875,3546.40332031,1280.3026123,357.50390625,564.553222656,1231.11706543,659.205688477,385.252655029,238.417678833,394.461761475,210.830444336,95.4577331543,31.0835170746,10.9054670334,4.03672170639,0.347717732191,0.0163156203926,0.0013324955944,0.00677014421672,0.0217281877995,0.0100336512551,0.00157468148973,0.000131014196086]},"erbbands_crest":{"dmean":2.93782114983,"dmean2":4.70650482178,"dvar":7.39127111435,"dvar2":17.2140159607,"max":31.0515460968,"mean":10.0744409561,"median":8.72278881073,"min":2.32862949371,"var":27.4888114929},"erbbands_flatness_db":{"dmean":0.0270687881857,"dmean2":0.0388156138361,"dvar":0.000568386225495,"dvar2":0.00129178317729,"max":0.477301985025,"mean":0.172863021493,"median":0.154724866152,"min":0.0308517925441,"var":0.00588266737759},"erbbands_kurtosis":{"dmean":1.53903257847,"dmean2":2.39254593849,"dvar":9.91358470917,"dvar2":21.4922084808,"max":111.160560608,"mean":1.36587607861,"median":0.357548117638,"min":-1.7002696991,"var":17.6937198639},"erbbands_skewness":{"dmean":0.450968176126,"dmean2":0.678376078606,"dvar":0.184174358845,"dvar2":0.398191571236,"max":8.70828819275,"mean":0.223241984844,"median":0.157959550619,"min":-3.40402936935,"var":0.89968508482},"erbbands_spread":{"dmean":7.33494377136,"dmean2":10.857831955,"dvar":56.3602638245,"dvar2":123.584594727,"max":109.932662964,"mean":27.7491073608,"median":25.859046936,"min":0.796871483326,"var":240.372817993},"gfcc":{"cov":[[27397.6914062,1211.87243652,-556.373657227,2121.88574219,911.499755859,-111.680160522,581.305480957,-905.48614502,108.845855713,169.916305542,-94.9003219604,-35.612033844,-297.520050049],[1211.87243652,1543.08605957,160.34147644,-377.863647461,144.564208984,-19.760017395,-25.6950302124,-65.3465652466,-17.3848114014,-34.0008010864,45.7482414246,-149.308685303,120.52407074],[-556.373657227,160.34147644,733.112182617,595.263183594,125.747055054,296.711120605,13.4832029343,103.469787598,-44.4158821106,110.22013855,-71.9535446167,-35.0185012817,-4.64325141907],[2121.88574219,-377.863647461,595.263183594,1534.44970703,479.958099365,313.215576172,192.539581299,-74.1483688354,-0.506240963936,189.456878662,-131.128036499,10.7293653488,-136.31741333],[911.499755859,144.564208984,125.747055054,479.958099365,440.107574463,191.943115234,108.779685974,-78.5566711426,-0.672767043114,49.7046737671,-0.617954134941,-36.6139793396,-33.0031661987],[-111.680160522,-19.760017395,296.711120605,313.215576172,191.943115234,370.246307373,58.9404983521,56.0458374023,-44.2006950378,83.3812255859,-16.6368675232,-9.60020923615,-7.30851984024],[581.305480957,-25.6950302124,13.4832029343,192.539581299,108.779685974,58.9404983521,199.487716675,-7.72464227676,40.7482528687,16.4569263458,12.279173851,21.0386562347,-24.0497360229],[-905.48614502,-65.3465652466,103.469787598,-74.1483688354,-78.5566711426,56.0458374023,-7.72464227676,240.981628418,44.9225654602,29.8552970886,23.9956531525,22.5938587189,31.4892444611],[108.845855713,-17.3848114014,-44.4158821106,-0.506240963936,-0.672767043114,-44.2006950378,40.7482528687,44.9225654602,138.827056885,54.3919639587,32.7632446289,37.5110664368,0.265805155039],[169.916305542,-34.0008010864,110.22013855,189.456878662,49.7046737671,83.3812255859,16.4569263458,29.8552970886,54.3919639587,134.376953125,29.6874504089,9.17084503174,-4.21677350998],[-94.9003219604,45.7482414246,-71.9535446167,-131.128036499,-0.617954134941,-16.6368675232,12.279173851,23.9956531525,32.7632446289,29.6874504089,103.620498657,47.9242362976,14.9867630005],[-35.612033844,-149.308685303,-35.0185012817,10.7293653488,-36.6139793396,-9.60020923615,21.0386562347,22.5938587189,37.5110664368,9.17084503174,47.9242362976,103.338829041,22.9076099396],[-297.520050049,120.52407074,-4.64325141907,-136.31741333,-33.0031661987,-7.30851984024,-24.0497360229,31.4892444611,0.265805155039,-4.21677350998,14.9867630005,22.9076099396,94.887840271]],"icov":[[0.0000773112697061,-0.000235284736846,0.000423697463702,-0.000404208898544,0.000332597963279,-0.000207266712096,0.00000955801988312,0.0000767447854741,-0.0000626490655122,0.000105772087409,-0.000115512375487,0.00000110824350941,0.000080825862824],[-0.000235284736846,0.00238100648858,-0.00277052796446,0.00198084698059,-0.00195577181876,0.00127174588852,-0.0004086982226,0.000898427388165,-0.000844443624374,0.000573808560148,-0.00161347992253,0.00308411940932,-0.00249776663259],[0.000423697463702,-0.00277052796446,0.0076704248786,-0.00593139184639,0.00565319042653,-0.00497140316293,0.00173936504871,-0.00121058581863,-0.000977293238975,0.00268270773813,-0.00268481578678,0.00237083737738,-0.000898667029105],[-0.000404208898544,0.00198084698059,-0.00593139184639,0.00890929065645,-0.00910915993154,0.00603393139318,-0.00291786855087,-0.00091940414859,0.00572878494859,-0.0107205240056,0.0125961024314,-0.0102930730209,0.00559062091634],[0.000332597963279,-0.00195577181876,0.00565319042653,-0.00910915993154,0.0137137835845,-0.00879017822444,0.00181786622852,0.00304169952869,-0.00774795981124,0.0121205244213,-0.0149163128808,0.0131407445297,-0.00599475344643],[-0.000207266712096,0.00127174588852,-0.00497140316293,0.00603393139318,-0.00879017822444,0.0110045326874,-0.00327942753211,-0.00287461932749,0.00859362352639,-0.0114031368867,0.0104039730504,-0.00918597262353,0.00411660689861],[0.00000955801988312,-0.0004086982226,0.00173936504871,-0.00291786855087,0.00181786622852,-0.00327942753211,0.00806517712772,0.000453509681392,-0.00482602603734,0.00571652222425,-0.00511237839237,0.00271029071882,-0.000863611698151],[0.0000767447854741,0.000898427388165,-0.00121058581863,-0.00091940414859,0.00304169952869,-0.00287461932749,0.000453509681392,0.00771484337747,-0.005625737831,0.00441895890981,-0.0060013467446,0.0053666587919,-0.00402495870367],[-0.0000626490655122,-0.000844443624374,-0.000977293238975,0.00572878494859,-0.00774795981124,0.00859362352639,-0.00482602603734,-0.005625737831,0.0209509953856,-0.0184903331101,0.0153410900384,-0.0168501604348,0.0084337675944],[0.000105772087409,0.000573808560148,0.00268270773813,-0.0107205240056,0.0121205244213,-0.0114031368867,0.00571652222425,0.00441895890981,-0.0184903331101,0.0329737998545,-0.0280191861093,0.0234470553696,-0.0120654087514],[-0.000115512375487,-0.00161347992253,-0.00268481578678,0.0125961024314,-0.0149163128808,0.0104039730504,-0.00511237839237,-0.0060013467446,0.0153410900384,-0.0280191861093,0.0444016195834,-0.0337310135365,0.0158029571176],[0.00000110824350941,0.00308411940932,0.00237083737738,-0.0102930730209,0.0131407445297,-0.00918597262353,0.00271029071882,0.0053666587919,-0.0168501604348,0.0234470553696,-0.0337310135365,0.0420980602503,-0.0195626225322],[0.000080825862824,-0.00249776663259,-0.000898667029105,0.00559062091634,-0.00599475344643,0.00411660689861,-0.000863611698151,-0.00402495870367,0.0084337675944,-0.0120654087514,0.0158029571176,-0.0195626225322,0.0229682456702]],"mean":[-37.6678161621,93.759262085,-99.9281387329,-7.81853294373,-24.9207019806,-14.3165607452,-6.13936281204,-18.3289299011,-4.38296508789,-5.8498878479,-2.59494543076,-1.07212233543,-7.43888235092]},"hfc":{"dmean":25.2360649109,"dmean2":35.1081542969,"dvar":1646.77355957,"dvar2":3203.16259766,"max":1492.78161621,"mean":87.7264556885,"median":55.6017303467,"min":1.22335645083e-16,"var":15534.5009766},"melbands":{"dmean":[0.00235398882069,0.00131297868211,0.000660607940517,0.000579157785978,0.000411530694691,0.000283544068225,0.000189909595065,0.000223661831114,0.0000789793921285,0.0000836521139718,0.0000651699228911,0.000060389378632,0.000104498372821,0.000066340828198,0.0000502984476043,0.0000330968468916,0.0000272390770988,0.0000326434856106,0.0000270839627774,0.0000131220222102,0.00000833639114717,0.00000822520541988,0.0000128029414554,0.0000113976784633,0.00000713005647413,0.00000560287617191,0.00000432832212027,0.00000373347529603,0.00000483687335873,0.00000399954251407,0.00000281002485281,0.00000246498234446,0.00000174800277364,0.00000110055441382,7.61573119235e-7,5.27558313479e-7,4.83610449464e-7,1.97629006493e-7,6.93294026632e-8,2.79637397682e-8],"dmean2":[0.00374541385099,0.00205204845406,0.00102688395418,0.000902692961972,0.000657570781186,0.000454753200756,0.000300727173453,0.00035448075505,0.000129702879349,0.000136051647132,0.000104217026092,0.0000952021728153,0.000168056052644,0.00010727976769,0.0000823982845759,0.0000536061561434,0.0000441693882749,0.0000525246396137,0.0000431296575698,0.000020676474378,0.0000125463411678,0.000012326570868,0.000020337605747,0.0000177492311195,0.0000104863802335,0.00000813783390186,0.00000621497201791,0.00000529627732249,0.00000714166935722,0.00000593367985857,0.00000418162426286,0.0000038487587517,0.0000025739798275,0.00000160433296514,0.00000110156906885,7.80624986874e-7,7.70673636907e-7,3.11221896254e-7,1.00839095296e-7,4.33265228139e-8],"dvar":[0.0000281884767901,0.00000568670975554,0.00000181456675818,0.00000196943028641,9.94033030111e-7,4.27127986313e-7,2.00707248155e-7,1.48428142666e-7,3.35251648664e-8,5.03839920896e-8,2.3834598295e-8,1.74729386515e-8,3.41576793517e-8,1.9286909847e-8,9.29390431281e-9,3.24380700079e-9,2.55123522308e-9,4.33070601602e-9,2.25075047489e-9,5.9046356693e-10,2.41490549779e-10,3.17261245053e-10,1.08328912507e-9,6.9490774246e-10,2.35362646039e-10,1.55757240439e-10,8.24791901444e-11,5.47552905794e-11,1.02869775198e-10,8.77115602371e-11,4.26947019405e-11,3.41118973346e-11,1.41590905667e-11,6.01330443772e-12,2.95165844891e-12,1.71345316408e-12,1.91399869044e-12,2.55527424307e-13,3.73107035719e-14,3.10298809996e-15],"dvar2":[0.0000695079506841,0.0000141658847497,0.00000415772319684,0.00000452200629297,0.00000235751372202,0.00000107645792013,5.22755669863e-7,3.66324798051e-7,8.79249668628e-8,1.143448074e-7,5.58564821063e-8,4.14031866569e-8,8.76777974668e-8,5.02914545564e-8,2.45779059327e-8,8.31024582482e-9,6.62381882677e-9,1.10450528723e-8,5.62980950747e-9,1.47755530033e-9,5.58364521286e-10,7.27879256868e-10,2.78608691673e-9,1.70368597008e-9,5.19341680771e-10,3.4786082348e-10,1.77302367232e-10,1.17456822046e-10,2.27072471937e-10,2.08830230886e-10,9.77954314751e-11,8.33231122987e-11,3.1164237857e-11,1.25206876117e-11,6.44962078536e-12,4.09449557592e-12,4.9229622115e-12,6.5227754838e-13,8.38011300977e-14,6.9260317086e-15],"max":[0.0697819292545,0.0375675968826,0.0333357043564,0.023128958419,0.0252852048725,0.0235241595656,0.0101270424202,0.00732576940209,0.0042868363671,0.00919828377664,0.00482952594757,0.00348846334964,0.00478450162336,0.00303882942535,0.00212611630559,0.00118782650679,0.00133241491858,0.00162269058637,0.00113889120985,0.000672311463859,0.000218028973904,0.000492755440064,0.000581377069466,0.000407204235671,0.000292753975373,0.000217386783333,0.000223819282837,0.000111440138426,0.00017860934895,0.000188796941075,0.000105002633063,0.0000763593561715,0.0000415771646658,0.0000330077164108,0.0000264818881988,0.0000204919488169,0.0000183941756404,0.00000680670655129,0.00000574914247409,0.00000120674462778],"mean":[0.00327944546007,0.00206129136495,0.00108769116923,0.000801365647931,0.000590628769714,0.000449147162726,0.000315111421514,0.000375691917725,0.000125563135953,0.000125844177091,0.0000954052011366,0.0000952230693656,0.000169825405465,0.000111224137072,0.0000816824103822,0.0000568178693356,0.0000451267878816,0.0000548504322069,0.0000488167497679,0.0000215749078052,0.0000129129293782,0.0000123308091133,0.0000151893191287,0.0000143314373418,0.0000103636966742,0.00000779063520895,0.0000060091110754,0.0000052385885283,0.00000630119484413,0.00000523573635292,0.00000346646038452,0.00000257861074715,0.00000191882122635,0.00000124812640934,8.59396550368e-7,6.00755186042e-7,4.38476149611e-7,1.93011601368e-7,8.19071601654e-8,3.16269499478e-8],"median":[0.000863799010403,0.000978763913736,0.000371000234736,0.000245481700404,0.000202037335839,0.000187907658983,0.000148155639181,0.000159626666573,0.0000533517886652,0.0000412025437981,0.0000311756812152,0.0000435637157352,0.0000882914609974,0.0000394330782001,0.0000325973669533,0.0000280294334516,0.0000192548159248,0.0000201882867259,0.0000210099351534,0.0000106021980173,0.00000490358115712,0.0000042460833356,0.00000394844528273,0.00000362368928108,0.0000028335555271,0.00000198760335479,0.00000134711308419,0.00000116460250865,0.00000121276195841,9.03620616555e-7,4.67567190299e-7,3.42820555943e-7,2.64125731064e-7,1.69319122278e-7,1.06749460826e-7,7.43283834481e-8,4.92602296731e-8,3.19355990541e-8,1.81826109724e-8,8.52999448853e-9],"min":[5.48384428544e-24,3.14218543287e-24,1.35989885517e-23,2.02254296218e-23,6.22821383004e-24,1.23084310434e-23,6.19244490445e-24,3.30035697474e-24,1.06487213413e-23,2.52992409693e-23,1.2862102536e-23,2.03672289473e-23,7.9475093517e-24,1.2203398947e-23,5.87032972545e-24,1.57730544966e-23,1.53940036762e-23,2.17437549393e-23,7.01226268374e-24,1.0082933734e-23,7.26096055044e-24,8.25096442041e-24,6.97073389024e-24,5.86996921601e-24,6.80135914301e-24,5.72482945907e-24,8.51215784385e-24,1.26532429339e-23,1.49866564151e-23,1.30363492882e-23,1.5949091963e-23,1.21570099815e-23,1.3397481922e-23,9.65004710115e-24,8.05277968406e-24,9.77270077241e-24,1.01665064472e-23,1.41908156686e-23,1.22719825141e-23,1.1719527445e-23],"var":[0.000036769262806,0.00000911671304493,0.00000447239335699,0.00000303506840282,0.00000158707086939,7.32585249352e-7,3.80422221724e-7,3.04111011928e-7,5.65201254688e-8,7.5649566611e-8,3.71917465714e-8,3.29570362112e-8,6.20374649429e-8,3.96294410621e-8,1.74212058113e-8,6.35247721092e-9,4.86511186892e-9,9.45398692664e-9,5.61184121395e-9,1.06041209147e-9,4.33086150275e-10,5.33421362636e-10,1.15565379488e-9,8.91351825683e-10,4.19649287542e-10,2.56570015233e-10,1.47431886144e-10,9.89491058534e-11,1.64235347544e-10,1.31449962026e-10,6.31984048427e-11,3.78672336543e-11,1.80299750824e-11,8.17845357409e-12,4.08166426005e-12,2.23841453185e-12,1.64640415017e-12,2.39411111378e-13,4.85777393246e-14,4.25667894962e-15]},"melbands_crest":{"dmean":4.21228408813,"dmean2":6.77020740509,"dvar":14.2841920853,"dvar2":35.3009185791,"max":37.7173156738,"mean":16.5010757446,"median":15.6867599487,"min":2.28394532204,"var":41.4784355164},"melbands_flatness_db":{"dmean":0.0395260043442,"dmean2":0.0572628118098,"dvar":0.00116556533612,"dvar2":0.00248699472286,"max":0.806630969048,"mean":0.254917502403,"median":0.248029887676,"min":0.00756379636005,"var":0.00780877983198},"melbands_kurtosis":{"dmean":8.39494419098,"dmean2":13.1826114655,"dvar":393.47744751,"dvar2":903.987976074,"max":634.152587891,"mean":14.1555976868,"median":5.6183347702,"min":-1.7178401947,"var":1044.02563477},"melbands_skewness":{"dmean":0.863940536976,"dmean2":1.30862402916,"dvar":0.889967083931,"dvar2":2.01578712463,"max":18.2378005981,"mean":2.44124937057,"median":2.09982633591,"min":-2.68793129921,"var":3.46964859962},"melbands_spread":{"dmean":6.4976644516,"dmean2":9.95437335968,"dvar":77.9675979614,"dvar2":165.649963379,"max":145.502090454,"mean":19.2640113831,"median":14.266374588,"min":0.139417275786,"var":329.72076416},"mfcc":{"cov":[[14642.5556641,284.815002441,-547.188354492,2054.37060547,298.693145752,1422.59375,156.560699463,140.649017334,-194.742263794,456.287719727,27.6264572144,26.2402572632,-332.25881958],[284.815002441,1926.09875488,-29.7182750702,-432.669372559,-2.25725793839,-142.743209839,37.6745986938,-129.800186157,8.8773317337,-60.6628608704,24.5739765167,-80.3294143677,38.5558662415],[-547.188354492,-29.7182750702,642.89239502,192.427963257,169.982849121,91.6728897095,101.323577881,32.9469528198,95.3691940308,82.5686645508,50.0919418335,-31.9857254028,-29.5614204407],[2054.37060547,-432.669372559,192.427963257,1020.37835693,295.511535645,513.651733398,133.989364624,75.7084121704,25.3907375336,201.111358643,38.7470626831,-8.90009498596,-121.462905884],[298.693145752,-2.25725793839,169.982849121,295.511535645,378.236022949,272.254241943,162.86416626,21.173002243,42.363910675,77.8088684082,61.4076919556,-29.3451709747,-23.2563343048],[1422.59375,-142.743209839,91.6728897095,513.651733398,272.254241943,560.718261719,195.471008301,43.2652511597,-0.698901712894,133.409500122,31.2787513733,-20.9748573303,-68.5502319336],[156.560699463,37.6745986938,101.323577881,133.989364624,162.86416626,195.471008301,226.876754761,58.0684928894,33.0138626099,44.3935623169,39.0536651611,-26.9232978821,-13.6476736069],[140.649017334,-129.800186157,32.9469528198,75.7084121704,21.173002243,43.2652511597,58.0684928894,139.215087891,38.8433799744,23.2269325256,6.30758619308,29.6253376007,5.20722055435],[-194.742263794,8.8773317337,95.3691940308,25.3907375336,42.363910675,-0.698901712894,33.0138626099,38.8433799744,112.836051941,48.7062568665,23.5468883514,-2.73202180862,6.66770410538],[456.287719727,-60.6628608704,82.5686645508,201.111358643,77.8088684082,133.409500122,44.3935623169,23.2269325256,48.7062568665,125.746559143,50.316532135,1.56531322002,-23.2103309631],[27.6264572144,24.5739765167,50.0919418335,38.7470626831,61.4076919556,31.2787513733,39.0536651611,6.30758619308,23.5468883514,50.316532135,94.2774810791,38.9626312256,20.5390892029],[26.2402572632,-80.3294143677,-31.9857254028,-8.90009498596,-29.3451709747,-20.9748573303,-26.9232978821,29.6253376007,-2.73202180862,1.56531322002,38.9626312256,107.057533264,59.1760864258],[-332.25881958,38.5558662415,-29.5614204407,-121.462905884,-23.2563343048,-68.5502319336,-13.6476736069,5.20722055435,6.66770410538,-23.2103309631,20.5390892029,59.1760864258,105.732627869]],"icov":[[0.000146590129589,-0.000123816920677,0.000174138549482,-0.000251462130109,0.000143706725794,-0.000246486190008,0.000155821893713,-0.00018974703562,0.000211681093788,-0.000198978683329,-0.00000675760247759,-0.0000949727400439,0.000164314275025],[-0.000123816920677,0.000757469213568,-0.000111143825052,0.000486594712129,-0.00015557592269,0.000176956367795,-0.00036331496085,0.000660666264594,-0.000335526478011,0.000236029518419,-0.000385928491596,0.000645494088531,-0.000349641835783],[0.000174138549482,-0.000111143825052,0.00226086424664,-0.000557659077458,-0.00040960178012,0.000168847225723,-0.000246914569288,-0.000110341912659,-0.000934000825509,-0.000504390802234,-0.000378806551453,0.000268440198852,0.000443693628768],[-0.000251462130109,0.000486594712129,-0.000557659077458,0.00313171301968,-0.00122026761528,-0.000976721872576,0.000392872840166,-0.000134921312565,0.000207905250136,-0.00201291451231,0.00104981160257,-0.00109058828093,0.00158124312293],[0.000143706725794,-0.00015557592269,-0.00040960178012,-0.00122026761528,0.00614240486175,-0.00222381879576,-0.00115361087956,0.000375325384084,-0.00126384908799,0.00219546654262,-0.00368964788504,0.00253376271576,-0.00140583969187],[-0.000246486190008,0.000176956367795,0.000168847225723,-0.000976721872576,-0.00222381879576,0.00642724847421,-0.00394667172804,0.00119806570001,0.00212773587555,-0.00389406178147,0.00344658875838,-0.00202587735839,0.000670844106935],[0.000155821893713,-0.00036331496085,-0.000246914569288,0.000392872840166,-0.00115361087956,-0.00394667172804,0.0106685645878,-0.00483794789761,-0.000526197254658,0.00277265394107,-0.00520734721795,0.00523315463215,-0.0014682309702],[-0.00018974703562,0.000660666264594,-0.000110341912659,-0.000134921312565,0.000375325384084,0.00119806570001,-0.00483794789761,0.0118786431849,-0.00392140075564,-0.000428645958891,0.00393353123218,-0.00593185890466,0.001335805282],[0.000211681093788,-0.000335526478011,-0.000934000825509,0.000207905250136,-0.00126384908799,0.00212773587555,-0.000526197254658,-0.00392140075564,0.015329153277,-0.00800743699074,0.00124795059673,0.00152152823284,-0.00182650389615],[-0.000198978683329,0.000236029518419,-0.000504390802234,-0.00201291451231,0.00219546654262,-0.00389406178147,0.00277265394107,-0.000428645958891,-0.00800743699074,0.0220508500934,-0.0117038404569,0.00398516468704,0.000561158987693],[-0.00000675760247759,-0.000385928491596,-0.000378806551453,0.00104981160257,-0.00368964788504,0.00344658875838,-0.00520734721795,0.00393353123218,0.00124795059673,-0.0117038404569,0.0244330856949,-0.0124988174066,0.00137783621904],[-0.0000949727400439,0.000645494088531,0.000268440198852,-0.00109058828093,0.00253376271576,-0.00202587735839,0.00523315463215,-0.00593185890466,0.00152152823284,0.00398516468704,-0.0124988174066,0.0241502523422,-0.011809640564],[0.000164314275025,-0.000349641835783,0.000443693628768,0.00158124312293,-0.00140583969187,0.000670844106935,-0.0014682309702,0.001335805282,-0.00182650389615,0.000561158987693,0.00137783621904,-0.011809640564,0.0184929128736]],"mean":[-689.147644043,153.05090332,-16.8993492126,19.9315795898,-6.58415746689,13.3451433182,-2.01147818565,2.4671664238,-4.65528440475,1.0395578146,-1.91466617584,4.55495262146,1.27990651131]},"pitch_salience":{"dmean":0.0817808881402,"dmean2":0.128528237343,"dvar":0.00527477683499,"dvar2":0.0121207796037,"max":0.880209803581,"mean":0.5269998312,"median":0.540589094162,"min":0.0753458812833,"var":0.0174082238227},"silence_rate_20dB":{"dmean":0,"dmean2":0,"dvar":0,"dvar2":0,"max":1,"mean":1,"median":1,"min":1,"var":0},"silence_rate_30dB":{"dmean":0.0495644696057,"dmean2":0.0991411060095,"dvar":0.047102112323,"dvar2":0.105506286025,"max":1,"mean":0.952772319317,"median":1,"min":0,"var":0.0449954606593},"silence_rate_60dB":{"dmean":0.00981474667788,"dmean2":0.0196319017559,"dvar":0.00971876829863,"dvar2":0.0214558299631,"max":1,"mean":0.0685721263289,"median":0,"min":0,"var":0.063867546618},"spectral_centroid":{"dmean":268.864227295,"dmean2":369.40725708,"dvar":109641.164062,"dvar2":185057.484375,"max":11313.6679688,"mean":1148.53662109,"median":918.048828125,"min":72.1225891113,"var":546102.5625},"spectral_complexity":{"dmean":4.6732916832,"dmean2":6.16147232056,"dvar":31.2088012695,"dvar2":45.6720542908,"max":63,"mean":19.1978664398,"median":17,"min":0,"var":168.622756958},"spectral_contrast_coeffs":{"dmean":[0.0567518137395,0.0508799999952,0.0423028208315,0.031621966511,0.0244840662926,0.0381337180734],"dmean2":[0.0902608558536,0.0831587910652,0.0685556158423,0.0519124232233,0.0396865680814,0.0555687583983],"dvar":[0.00217787083238,0.00158224906772,0.00109454069752,0.000688509317115,0.000534841557965,0.00126639637165],"dvar2":[0.00537544442341,0.00425573717803,0.00290591246448,0.00182164995931,0.00143410346936,0.00271708052605],"max":[-0.271030366421,-0.48076915741,-0.564912974834,-0.585811018944,-0.564347088337,-0.502944767475],"mean":[-0.666475057602,-0.742664217949,-0.778692126274,-0.805108428001,-0.831198334694,-0.744457125664],"median":[-0.67760848999,-0.743391990662,-0.780020475388,-0.805637717247,-0.828420221806,-0.738616228104],"min":[-0.968269348145,-0.96504509449,-0.9685780406,-0.986677765846,-0.976694047451,-0.959658443928],"var":[0.00924796145409,0.00567637197673,0.00412091379985,0.00269646383822,0.00173956761137,0.00776134384796]},"spectral_contrast_valleys":{"dmean":[0.47368195653,0.375113427639,0.356146037579,0.336295634508,0.429240196943,0.591231822968],"dmean2":[0.741833627224,0.600111603737,0.545650720596,0.48824557662,0.565181791782,0.885581195354],"dvar":[0.173646017909,0.10613566637,0.0970654711127,0.101653404534,0.161695703864,0.259874880314],"dvar2":[0.379582971334,0.244379550219,0.208049714565,0.204153463244,0.325722157955,0.632869839668],"max":[-4.79715299606,-4.1758813858,-4.99985074997,-5.54781341553,-5.40353631973,-8.77197551727],"mean":[-7.57078123093,-6.80041837692,-7.25162410736,-7.6582775116,-7.94429349899,-11.2175865173],"median":[-6.90137958527,-6.51247739792,-6.95503425598,-7.22649669647,-7.59372711182,-10.9936885834],"min":[-27.0220184326,-26.9242095947,-27.2209453583,-27.2058753967,-27.2395477295,-27.1897182465],"var":[4.25046825409,2.51998996735,2.39915037155,2.78730273247,2.98793792725,1.89140498638]},"spectral_decrease":{"dmean":3.54768991961e-9,"dmean2":5.23244692019e-9,"dvar":3.10818177512e-17,"dvar2":6.64260310245e-17,"max":9.10339803539e-9,"mean":-7.94680410365e-9,"median":-5.84932102754e-9,"min":-7.41692645079e-8,"var":6.76498546669e-17},"spectral_energy":{"dmean":0.0141104608774,"dmean2":0.0204012785107,"dvar":0.000455681583844,"dvar2":0.000958514166996,"max":0.287388324738,"mean":0.0379501543939,"median":0.0293462686241,"min":1.12144930768e-20,"var":0.00119130034},"spectral_energyband_high":{"dmean":0.000486254313728,"dmean2":0.000654521863908,"dvar":8.46328759962e-7,"dvar2":0.0000016418028963,"max":0.0114313261583,"mean":0.000696472765412,"median":0.000160014664289,"min":8.27341444252e-21,"var":0.00000165512494732},"spectral_energyband_low":{"dmean":0.0100121945143,"dmean2":0.015340407379,"dvar":0.000364487874322,"dvar2":0.000851066200994,"max":0.237857952714,"mean":0.0167984198779,"median":0.00824173539877,"min":3.37664053425e-23,"var":0.000591849617194},"spectral_energyband_middle_high":{"dmean":0.00212836754508,"dmean2":0.00310234772041,"dvar":0.0000081154239524,"dvar2":0.000018043032469,"max":0.0455018952489,"mean":0.00541318580508,"median":0.00366160692647,"min":1.44125427596e-21,"var":0.0000285545211227},"spectral_energyband_middle_low":{"dmean":0.00515608023852,"dmean2":0.00782975554466,"dvar":0.0000625360844424,"dvar2":0.00014154764358,"max":0.122540213168,"mean":0.0118672829121,"median":0.00723249372095,"min":3.89297075954e-22,"var":0.000177250156412},"spectral_entropy":{"dmean":0.245434403419,"dmean2":0.3432764709,"dvar":0.0559310242534,"dvar2":0.123620919883,"max":9.795545578,"mean":7.3432636261,"median":7.46657848358,"min":4.60377836227,"var":0.416984498501},"spectral_flux":{"dmean":0.0284210946411,"dmean2":0.0445366613567,"dvar":0.00105827127118,"dvar2":0.00242155441083,"max":0.430483281612,"mean":0.0994952023029,"median":0.0919949114323,"min":1.05898505243e-10,"var":0.00343405315652},"spectral_kurtosis":{"dmean":7.13459396362,"dmean2":10.978477478,"dvar":146.037704468,"dvar2":391.800567627,"max":199.64263916,"mean":19.0301170349,"median":13.1185359955,"min":-1.23505520821,"var":343.873382568},"spectral_rms":{"dmean":0.00101255811751,"dmean2":0.00142186612356,"dvar":0.00000131661681735,"dvar2":0.00000252673089562,"max":0.0167445167899,"mean":0.00545937567949,"median":0.00535074807703,"min":3.30771347812e-12,"var":0.00000721967535355},"spectral_rolloff":{"dmean":2565.90454102,"dmean2":4736.67138672,"dvar":31605946,"dvar2":75822504,"max":21942.3339844,"mean":6376.73583984,"median":1507.32421875,"min":21.533203125,"var":72791944},"spectral_skewness":{"dmean":0.543231606483,"dmean2":0.790567219257,"dvar":0.434549748898,"dvar2":1.09443056583,"max":11.7676372528,"mean":2.81227564812,"median":2.46182870865,"min":0.0159349646419,"var":1.99384582043},"spectral_spread":{"dmean":540182.1875,"dmean2":808023.3125,"dvar":348382298112,"dvar2":645864292352,"max":42184064,"mean":3708909,"median":3631019,"min":916802.25,"var":1672389591040},"spectral_strongpeak":{"dmean":1.54863131046,"dmean2":2.79227471352,"dvar":82.1356277466,"dvar2":192.741744995,"max":203.490188599,"mean":2.55486702919,"median":0.404841899872,"min":0,"var":227.194091797},"zerocrossingrate":{"dmean":0.0307510551065,"dmean2":0.0363041609526,"dvar":0.000845806614961,"dvar2":0.00105168204755,"max":0.685546875,"mean":0.180634051561,"median":0.16357421875,"min":0,"var":0.0103323804215}},"metadata":{"audio_properties":{"analysis_sample_rate":44100,"bit_rate":320000,"codec":"mp3","downmix":"mix","equal_loudness":0,"length":189.258209229,"lossless":false,"md5_encoded":"d6f59970d6599d9f74f29e27bb501e53","replay_gain":-10.9645023346,"sample_rate":44100},"tags":{"acoustid_id":["165a07a7-42e1-4604-9461-4cd8f907f85a"],"album":["Right Thoughts, Right Words, Right Action"],"albumartist":["Franz Ferdinand"],"albumartistsort":["Franz Ferdinand"],"artist":["Franz Ferdinand"],"artistsort":["Franz Ferdinand"],"asin":["B00CUKTGNU"],"barcode":["887828025534"],"catalognumber":["WIGCD255X"],"composer":["Franz Ferdinand"],"date":["2013"],"discnumber":["1/2"],"file_name":"09. Franz Ferdinand - Brief Encounters.mp3","genre":["Indie Rock"],"label":["Domino"],"language":["eng"],"media":["CD"],"musicbrainz album release country":["GB"],"musicbrainz album status":["official"],"musicbrainz album type":["album"],"musicbrainz_albumartistid":["aa7a2827-f74b-473c-bd79-03d065835cf7"],"musicbrainz_albumid":["d06987c1-130a-4fb2-bb2c-8956a697fbd5"],"musicbrainz_artistid":["aa7a2827-f74b-473c-bd79-03d065835cf7"],"musicbrainz_recordingid":["9960b968-c441-418b-893c-f1cdaa536d3d"],"musicbrainz_workid":["40db2b4d-3a04-48ab-b0bd-2c57ce0c7ad5"],"originaldate":["2013"],"script":["Latn"],"title":["Brief Encounters"],"tracknumber":["9/10"]},"version":{"essentia":"2.1-beta1","essentia_build_sha":"ca57ba49d9b1854bd80e60cf9ccf267278fb7d6b","essentia_git_sha":"v2.1_beta1-28-g21ef5f4-dirty","extractor":"music 1.0"}},"rhythm":{"beats_count":499,"beats_loudness":{"dmean":0.0405889451504,"dmean2":0.07632278651,"dvar":0.00107602123171,"dvar2":0.00354319787584,"max":0.220615044236,"mean":0.0651679486036,"median":0.0624682046473,"min":5.70815839041e-10,"var":0.00164977763779},"beats_loudness_band_ratio":{"dmean":[0.277726650238,0.136596888304,0.0856813266873,0.084586314857,0.0337997935712,0.0800412818789],"dmean2":[0.514861404896,0.256268382072,0.151320368052,0.150578856468,0.0575462169945,0.138768836856],"dvar":[0.0484911352396