{"lowlevel":{"average_loudness":0.922108590603,"barkbands":{"dmean":[0.00267020659521,0.00818265695125,0.00382003723644,0.00206190114841,0.00299178017303,0.00138697575312,0.00126448355149,0.000489674333949,0.000642989296466,0.00059827597579,0.000584973604418,0.000494424195495,0.00112358736806,0.00111859268509,0.00077349122148,0.000441892567324,0.000211426697206,0.000119341973914,0.0000897015415831,0.000084470892034,0.0000678465949022,0.0000562541499676,0.0000665815095999,0.0000979736068984,0.00000295959011964,0.0000418182935391,0.000693965703249],"dmean2":[0.00444492418319,0.0139516731724,0.00651532271877,0.00342716672458,0.00492079788819,0.00225970614702,0.00199968065135,0.000794419494923,0.00104402680881,0.000985016464256,0.000947824446484,0.000806274416391,0.00189664401114,0.0018533708062,0.00128571945243,0.000744581513572,0.000354908610461,0.000194264663151,0.000140442905831,0.000127417457406,0.0000970029796008,0.0000816278698039,0.0000941763792071,0.000140609772643,0.00000491817900183,0.0000575227677473,0.00113072479144],"dvar":[0.0000408970408898,0.000160581199452,0.0000274880367215,0.0000108556614578,0.0000213018720387,0.00000922717026697,0.0000180751158041,0.00000266323354481,0.00000250591187978,0.00000191474305211,0.0000022178967356,0.00000131773526846,0.00000375624199478,0.00000401770785174,0.00000218319723899,4.18517487333e-7,1.0193957678e-7,3.87873662078e-8,6.06695991223e-8,6.14758377537e-8,5.52850210056e-8,4.2052999305e-8,2.27661036689e-8,3.8101056532e-8,2.04295989847e-11,6.032046862e-9,6.9903774147e-7],"dvar2":[0.000101065437775,0.000439122522948,0.0000774532309151,0.0000281894172076,0.0000548614334548,0.0000238620104938,0.0000451426531072,0.00000661297053739,0.00000600175098953,0.00000473082855024,0.0000049055765885,0.00000328889927914,0.00000991575234366,0.000010193003618,0.00000543849409951,0.00000111760846266,2.66173003638e-7,9.22692748873e-8,1.39267370969e-7,1.27356457824e-7,1.06476136352e-7,8.51536157143e-8,4.72352006398e-8,7.82236710961e-8,5.17069095873e-11,1.10597540015e-8,0.00000186544070857],"max":[0.0834054127336,0.157580971718,0.0929411649704,0.0833565220237,0.110175095499,0.0718997567892,0.09986525774,0.0549819134176,0.057734567672,0.0510088391602,0.0872857049108,0.0514398775995,0.0428158305585,0.0746419578791,0.0612206980586,0.0157091021538,0.0109655624256,0.00434552645311,0.00998724903911,0.00993597134948,0.0141296470538,0.0117030488327,0.00631415843964,0.00403106212616,0.0000619317506789,0.00192731409334,0.0162657611072],"mean":[0.00262422044761,0.01131449081,0.00516734784469,0.00298621924594,0.0050182538107,0.00215100939386,0.00180207937956,0.000689526845235,0.000945201376453,0.0008401160012,0.000839901040308,0.000824310583994,0.00178144301753,0.00197206041776,0.0015211426653,0.000852553348523,0.000419364252593,0.000227579890634,0.000147420229041,0.000143930374179,0.000115378090413,0.0000864141329657,0.0000893663163879,0.000113002803118,0.00000314438443638,0.0000573559918848,0.00228165555745],"median":[0.000692088389769,0.00695884972811,0.00335277989507,0.0016434690915,0.00273752515204,0.00106615107507,0.000456501904409,0.000229501514696,0.000407829968026,0.000378289580112,0.00040024498594,0.00046509434469,0.00110963510815,0.00127628992777,0.000974957947619,0.000639717327431,0.000309147959342,0.00013900695194,0.0000501418944623,0.0000448806022177,0.0000331459341396,0.0000206060703931,0.0000144001278386,0.00000926127904677,0.00000143229374316,0.0000124668586068,0.00207593524829],"min":[1.894502712e-24,3.96951020975e-24,9.71232530303e-25,2.71526278564e-24,1.57615008397e-23,1.23928872807e-23,2.21981924632e-23,1.03939113803e-23,3.04093888277e-23,2.40941028975e-23,2.23653378896e-23,2.69307425831e-23,3.68510376531e-23,3.5949088804e-23,5.9995112207e-23,4.55058010382e-23,4.21616555779e-23,1.03628422514e-22,1.33890105025e-22,2.191544452e-22,2.28541385101e-22,3.39557616209e-22,4.39498366427e-22,6.15197455718e-22,9.74860018823e-22,1.4377201791e-21,2.06584056484e-21],"var":[0.0000378599761461,0.000182629271876,0.0000330447692249,0.0000207459033845,0.0000486754797748,0.0000163420081662,0.0000318322709063,0.00000416726470576,0.00000391991443394,0.00000273797127193,0.00000382102598451,0.0000024368969207,0.0000058818764046,0.00000785922020441,0.00000517282751389,8.58029238771e-7,2.16504233208e-7,8.68695124723e-8,1.09042709084e-7,1.34599432045e-7,1.16693925634e-7,7.96079078214e-8,3.92490484558e-8,5.559060412e-8,2.25575946811e-11,1.12586073797e-8,0.00000336229322784]},"barkbands_crest":{"dmean":2.71656441689,"dmean2":4.53131151199,"dvar":5.47615194321,"dvar2":14.8531332016,"max":26.0966644287,"mean":9.459025383,"median":8.66266727448,"min":2.2977411747,"var":16.554391861},"barkbands_flatness_db":{"dmean":0.0263343863189,"dmean2":0.0414474271238,"dvar":0.000578463252168,"dvar2":0.00148961320519,"max":0.537490010262,"mean":0.139711260796,"median":0.123030632734,"min":0.0287095215172,"var":0.00425276439637},"barkbands_kurtosis":{"dmean":6.90613126755,"dmean2":11.3642396927,"dvar":839.030822754,"dvar2":2356.64086914,"max":1343.609375,"mean":12.6057720184,"median":2.12603521347,"min":-1.89247632027,"var":1464.13928223},"barkbands_skewness":{"dmean":0.655948281288,"dmean2":1.06645941734,"dvar":0.752738118172,"dvar2":2.01367378235,"max":23.2701911926,"mean":2.20931839943,"median":1.6352776289,"min":-2.10217499733,"var":3.70204114914},"barkbands_spread":{"dmean":8.81742095947,"dmean2":14.3647470474,"dvar":71.8071517944,"dvar2":185.009979248,"max":139.530593872,"mean":38.2816352844,"median":38.9960517883,"min":0.115422330797,"var":457.081268311},"dissonance":{"dmean":0.0154118081555,"dmean2":0.0262298416346,"dvar":0.00030830031028,"dvar2":0.000849792500958,"max":0.500000178814,"mean":0.474066644907,"median":0.480906277895,"min":0.146087646484,"var":0.000580728985369},"dynamic_complexity":2.76811766624,"erbbands":{"dmean":[0.311689376831,1.70323109627,4.27584123611,5.45418357849,9.69323253632,9.91155910492,9.1078414917,12.68891716,15.2841911316,18.426738739,9.51226234436,14.0381631851,17.0115642548,21.3346443176,20.7222976685,20.7193126678,46.4279212952,55.5592308044,44.5798835754,31.5846118927,19.7871170044,11.1459579468,7.06004524231,4.54243087769,4.51400661469,4.00731277466,2.9369301796,2.69548583031,2.14588117599,1.61567640305,1.91206169128,2.30156230927,1.42734217644,0.106739804149,0.0235275160521,0.0935738757253,0.104124680161,0.0309240184724,0.0104860542342,0.0136210378259],"dmean2":[0.532279312611,2.91219711304,7.30975437164,8.99739360809,15.9098863602,16.4571285248,14.9693717957,20.7748508453,24.5276947021,28.5726299286,15.4438438416,22.8340930939,27.9528446198,35.1516342163,33.2287139893,33.6993026733,78.0649185181,92.1464233398,73.7216262817,52.9982872009,33.2107658386,18.6112041473,11.5320930481,7.0894742012,7.04607152939,6.06073045731,4.28336620331,3.80273294449,3.12286806107,2.31430912018,2.70632815361,3.308126688,2.08246302605,0.161413282156,0.0381548702717,0.133186846972,0.143586993217,0.0434141643345,0.0147874187678,0.0217255726457],"dvar":[0.424440592527,5.46205997467,35.2936706543,58.1771392822,261.333435059,312.636352539,266.72857666,940.264770508,2928.49023438,4102.49658203,814.805175781,1299.89160156,1901.48986816,2481.88989258,2743.88867188,1936.42016602,6471.42626953,8796.43359375,9199.83886719,2595.34423828,892.862731934,277.034210205,124.512123108,116.66443634,178.250228882,146.163833618,83.6971359253,100.317169189,64.3458404541,20.1106910706,19.1093196869,22.2636375427,8.32035255432,0.0340362749994,0.00107075308915,0.0305045153946,0.0398332513869,0.00558571424335,0.000528292264789,0.00024624337675],"dvar2":[1.16026473045,15.0896787643,99.8859786987,154.045593262,645.49017334,821.684082031,674.971862793,2469.90795898,7620.79150391,9736.62402344,2011.75048828,3187.52612305,4718.47851562,6048.38818359,6121.51855469,4816.69628906,16993.78125,22563.7617188,22910.46875,6794.61132812,2387.3972168,727.846313477,302.705596924,263.896575928,406.712402344,307.050445557,162.970397949,193.927886963,132.027694702,41.4830093384,40.2770462036,46.061164856,17.6454658508,0.0737596452236,0.00263319420628,0.0590719506145,0.0749137327075,0.0119078345597,0.000942168233451,0.000638521683868],"max":[7.16340875626,30.8875637054,99.4191436768,171.903533936,551.317199707,652.028442383,470.784393311,735.76348877,1632.6730957,2702.15698242,1276.95605469,1068.75,1332.90759277,1575.515625,3089.08422852,2159.18823242,2249.765625,2591.80883789,3918.33447266,1888.21533203,727.328613281,462.66293335,266.427459717,415.417572021,554.841369629,502.822631836,501.081787109,771.91595459,456.137969971,193.879852295,194.30619812,109.484992981,61.767490387,4.2694683075,0.437320977449,2.58701252937,4.81109046936,1.72415602207,1.03630185127,0.373650968075],"mean":[0.371020197868,2.3349673748,5.96242856979,8.68433189392,15.0629549026,15.51541996,14.5403337479,18.8978404999,21.6564254761,27.3060951233,14.4719104767,20.7553520203,24.9204120636,31.6762046814,33.6483306885,37.6630096436,77.8923721313,100.91519165,92.0747756958,65.6410675049,41.0754241943,23.8720989227,14.6345329285,8.28784179688,7.31216001511,6.80169057846,5.0872964859,4.40722465515,3.30332183838,2.36577749252,2.54404020309,2.69454693794,1.60551822186,0.128937184811,0.0289745312184,0.119237646461,0.138902813196,0.0543569177389,0.0353266075253,0.0583108812571],"median":[0.168306335807,1.48872387409,3.92739844322,5.60714530945,7.37668704987,7.7509727478,7.86744832993,8.91440963745,7.04803323746,6.08833503723,5.97980546951,9.05856132507,11.2548913956,15.371383667,17.8931808472,22.9275608063,50.8556060791,66.3893127441,59.2438011169,47.9954414368,31.7021179199,18.2250881195,10.05884552,3.54230165482,2.28992962837,2.12531805038,1.60942494869,1.15347313881,0.77867358923,0.544939160347,0.385150939226,0.249118074775,0.122166320682,0.0369010306895,0.0157362408936,0.0230480730534,0.0268326941878,0.0214312262833,0.0227692965418,0.0559583753347],"min":[9.33846660734e-23,8.18383185251e-22,4.28739666831e-21,8.19019554926e-21,1.0092832935e-20,4.00248464607e-20,6.91445702406e-20,1.11817887464e-19,2.19862357919e-19,3.17859763408e-19,4.27457472258e-19,7.18165187155e-19,5.58192282398e-19,7.11171375076e-19,7.86884457314e-19,1.19714293178e-18,1.64716589115e-18,2.02785622594e-18,4.06333037172e-18,3.19769950917e-18,2.99749450397e-18,2.72277934394e-18,5.84135178968e-18,8.45846273948e-18,6.69779681154e-18,1.0581693924e-17,9.65944544366e-18,1.11872372817e-17,1.08895920547e-17,1.19589206926e-17,1.14946672282e-17,1.13324298131e-17,1.08055174172e-17,7.79411924795e-18,6.77835799935e-18,4.51725069594e-18,2.44804102285e-18,1.0620707484e-18,2.87137008837e-19,2.98507640332e-20],"var":[0.390211492777,6.79316234589,41.4970970154,102.851364136,610.819152832,667.903259277,518.96472168,1483.06896973,4541.22265625,8296.375,1190.28601074,1881.39416504,2785.73706055,3694.09887695,4938.85449219,3877.17163086,10739.4462891,16869.3203125,21171.046875,5820.30371094,1879.92614746,620.375549316,290.004852295,237.641921997,313.824890137,309.054748535,184.682540894,209.986022949,121.321357727,36.3929519653,31.9071121216,32.5625534058,11.4752073288,0.0487323328853,0.00139574450441,0.0516228973866,0.07062574476,0.0107014914975,0.00241563236341,0.00173181935679]},"erbbands_crest":{"dmean":2.71309781075,"dmean2":4.4732837677,"dvar":6.29710626602,"dvar2":16.5290775299,"max":30.5895023346,"mean":9.14173412323,"median":8.12460231781,"min":2.19959640503,"var":16.3853359222},"erbbands_flatness_db":{"dmean":0.0246311314404,"dmean2":0.0366151928902,"dvar":0.000500189024024,"dvar2":0.00115284032654,"max":0.474407494068,"mean":0.146530166268,"median":0.142728552222,"min":0.0315167792141,"var":0.00178419437725},"erbbands_kurtosis":{"dmean":2.07981038094,"dmean2":3.43554282188,"dvar":79.6948471069,"dvar2":221.880935669,"max":285.367828369,"mean":2.33563518524,"median":0.570064783096,"min":-1.83804500103,"var":131.54989624},"erbbands_skewness":{"dmean":0.447226673365,"dmean2":0.689345896244,"dvar":0.25109782815,"dvar2":0.633617997169,"max":11.7538356781,"mean":-0.114812918007,"median":-0.297171145678,"min":-4.24549007416,"var":1.53616726398},"erbbands_spread":{"dmean":6.97602939606,"dmean2":10.9250450134,"dvar":43.3516464233,"dvar2":101.499053955,"max":119.518089294,"mean":29.0786247253,"median":27.2999973297,"min":0.504019379616,"var":167.46383667},"gfcc":{"cov":[[12701.5566406,-1007.77252197,-1907.43603516,-178.500732422,57.0561180115,282.14855957,-38.8926353455,-128.271057129,416.603851318,16.5751800537,103.337097168,106.587989807,-43.8638076782],[-1007.77252197,1000.31225586,165.231307983,-207.904449463,263.108276367,-181.625137329,74.2462768555,-29.663974762,10.0972890854,-8.27280330658,16.8771915436,-65.2544174194,86.0224685669],[-1907.43603516,165.231307983,662.797424316,146.711669922,-129.753982544,84.1288070679,-78.8757095337,75.4908981323,-134.54196167,2.36713671684,-22.7489051819,-20.3118534088,-12.736577034],[-178.500732422,-207.904449463,146.711669922,359.489044189,-58.7669372559,-5.3640165329,104.319503784,15.0633115768,-69.7829284668,15.9676885605,-19.2605991364,16.5139217377,-45.4603042603],[57.0561180115,263.108276367,-129.753982544,-58.7669372559,319.781890869,-21.00938797,55.3729896545,-44.8770561218,55.329826355,-11.8932857513,16.976688385,-7.91637229919,53.4097862244],[282.14855957,-181.625137329,84.1288070679,-5.3640165329,-21.00938797,307.523681641,-105.052337646,61.2150230408,-10.8064899445,-15.0413322449,9.15314388275,17.7634868622,-8.19414424896],[-38.8926353455,74.2462768555,-78.8757095337,104.319503784,55.3729896545,-105.052337646,269.624389648,19.8763999939,25.8890991211,32.4447593689,2.59448361397,6.16263866425,-12.6696338654],[-128.271057129,-29.663974762,75.4908981323,15.0633115768,-44.8770561218,61.2150230408,19.8763999939,141.216964722,25.2195205688,30.4845714569,7.58760643005,-3.02406573296,-5.29641962051],[416.603851318,10.0972890854,-134.54196167,-69.7829284668,55.329826355,-10.8064899445,25.8890991211,25.2195205688,133.395675659,36.199886322,24.6654586792,4.98476171494,-0.891716659069],[16.5751800537,-8.27280330658,2.36713671684,15.9676885605,-11.8932857513,-15.0413322449,32.4447593689,30.4845714569,36.199886322,81.1536636353,29.8568878174,5.54795455933,-6.64856338501],[103.337097168,16.8771915436,-22.7489051819,-19.2605991364,16.976688385,9.15314388275,2.59448361397,7.58760643005,24.6654586792,29.8568878174,59.6081237793,27.6515846252,11.4392642975],[106.587989807,-65.2544174194,-20.3118534088,16.5139217377,-7.91637229919,17.7634868622,6.16263866425,-3.02406573296,4.98476171494,5.54795455933,27.6515846252,59.6806221008,19.8233413696],[-43.8638076782,86.0224685669,-12.736577034,-45.4603042603,53.4097862244,-8.19414424896,-12.6696338654,-5.29641962051,-0.891716659069,-6.64856338501,11.4392642975,19.8233413696,68.6946029663]],"icov":[[0.000197710920474,-0.000229585901252,0.000835868122522,-0.000456965179183,0.000394545990275,-0.000460539129563,0.000272755103651,0.0000741060939617,-0.000244566908805,-0.0000390977329516,-0.0000571182390559,0.0000382074213121,-0.0000478341898997],[-0.000229585901252,0.00357991713099,-0.00322748860344,0.00303303450346,-0.00273875729181,0.00226284912787,-0.0019772935193,0.000218341883738,0.00046708091395,0.000851289660204,-0.00204756925814,0.00292133493349,-0.00158289703541],[0.000835868122522,-0.00322748860344,0.0075903236866,-0.00448111910373,0.00340376095846,-0.00323049305007,0.00320410775021,-0.00140694098081,0.00116553506814,-0.00150663778186,0.00102540012449,-0.000746875535697,0.000381959631341],[-0.000456965179183,0.00303303450346,-0.00448111910373,0.00787284504622,-0.00308739207685,0.00228005810641,-0.00377179984935,-0.00000945482406678,0.00316413678229,-0.000967728672549,0.000951196881942,-0.00173391937278,0.00255472399294],[0.000394545990275,-0.00273875729181,0.00340376095846,-0.00308739207685,0.00780952814966,-0.00328556890599,-0.00015141844051,0.00251959101297,-0.00339068914764,0.00120703515131,-0.0012338279048,0.00271951174363,-0.00453450530767],[-0.000460539129563,0.00226284912787,-0.00323049305007,0.00228005810641,-0.00328556890599,0.00695083243772,0.000901030027308,-0.00315057858825,0.00137931166682,0.00167604465969,-0.00116243411321,-0.00155876122881,0.00191262364388],[0.000272755103651,-0.0019772935193,0.00320410775021,-0.00377179984935,-0.00015141844051,0.000901030027308,0.00766831543297,-0.00268433475867,-0.0000226581541938,-0.00178281439003,0.0019503798103,-0.00334695191123,0.00264895963483],[0.0000741060939617,0.000218341883738,-0.00140694098081,-0.00000945482406678,0.00251959101297,-0.00315057858825,-0.00268433475867,0.0116295944899,-0.00416821893305,-0.0018904756289,-0.000740422983654,0.00384811963886,-0.00365066691302],[-0.000244566908805,0.00046708091395,0.00116553506814,0.00316413678229,-0.00339068914764,0.00137931166682,-0.0000226581541938,-0.00416821893305,0.0149514172226,-0.00531585048884,-0.0000296778744087,-0.00285344547592,0.00455216225237],[-0.0000390977329516,0.000851289660204,-0.00150663778186,-0.000967728672549,0.00120703515131,0.00167604465969,-0.00178281439003,-0.0018904756289,-0.00531585048884,0.0208230745047,-0.011579727754,0.00460374774411,-0.00067773234332],[-0.0000571182390559,-0.00204756925814,0.00102540012449,0.000951196881942,-0.0012338279048,-0.00116243411321,0.0019503798103,-0.000740422983654,-0.0000296778744087,-0.011579727754,0.0316832400858,-0.016665795818,0.00288260565139],[0.0000382074213121,0.00292133493349,-0.000746875535697,-0.00173391937278,0.00271951174363,-0.00155876122881,-0.00334695191123,0.00384811963886,-0.00285344547592,0.00460374774411,-0.016665795818,0.0336801968515,-0.0140760987997],[-0.0000478341898997,-0.00158289703541,0.000381959631341,0.00255472399294,-0.00453450530767,0.00191262364388,0.00264895963483,-0.00365066691302,0.00455216225237,-0.00067773234332,0.00288260565139,-0.0140760987997,0.0258065219969]],"mean":[15.0825510025,92.6139526367,-84.4242401123,-2.57668542862,-1.14031898975,-1.67104637623,-14.6155080795,-23.6846466064,0.664371967316,-11.1464042664,-4.82111024857,-7.8036365509,-5.45244169235]},"hfc":{"dmean":68.4128036499,"dmean2":107.575157166,"dvar":5353.76513672,"dvar2":13144.7158203,"max":1685.52844238,"mean":286.049377441,"median":278.349243164,"min":1.11614510842e-16,"var":28272.9628906},"melbands":{"dmean":[0.0025028269738,0.00217673741281,0.000990642467514,0.00072550814366,0.000327338668285,0.00027883274015,0.000239697241341,0.000180301693035,0.0000779850233812,0.0000939314850257,0.0000867154813022,0.0000874229444889,0.0000777295499574,0.000055719006923,0.0000742700649425,0.000124414029415,0.000106432446046,0.0000814113736851,0.0000534261052962,0.0000377160795324,0.0000223918905249,0.0000134300262289,0.00000875656496646,0.00000534561104359,0.00000379497009817,0.00000357395811079,0.000003234400765,0.0000026322497888,0.00000197085660147,0.00000170709347458,0.00000162476771948,0.00000133977709993,9.63361571849e-7,9.03946784092e-7,9.83413201538e-7,0.00000154583324274,0.00000138019561291,0.00000121046014101,3.41721261066e-7,2.69081894544e-8],"dmean2":[0.00423340965062,0.00370299140923,0.00162973976694,0.00119114632253,0.000538085179869,0.000454536755569,0.000382173719117,0.000280974141788,0.00012716682977,0.000152785869432,0.000142643009895,0.000144520323374,0.000124879705254,0.0000908582514967,0.000123953315779,0.00020927580772,0.000176257977728,0.00013531728473,0.0000892876923899,0.000063646271883,0.0000375973831979,0.0000225856001634,0.0000145205312947,0.00000867195467436,0.0000060069905885,0.00000570125394006,0.00000505982507093,0.00000402626028517,0.00000298043028124,0.00000252048016591,0.00000234279968936,0.00000198231282411,0.00000144241869293,0.00000131519334445,0.00000140485281008,0.00000225741132454,0.00000201050738724,0.00000177303400051,5.21213451066e-7,4.4779973507e-8],"dvar":[0.0000210312064155,0.00000821092453407,0.0000019373271698,0.00000132679087983,3.19644783531e-7,4.33067668837e-7,6.67235667606e-7,3.73257478259e-7,4.79441979451e-8,5.90632254216e-8,4.87797926496e-8,4.21434194209e-8,4.21151966634e-8,2.13480859657e-8,1.79919563692e-8,4.64680880441e-8,3.20383186647e-8,3.14136130442e-8,8.62891980091e-9,3.27535576439e-9,1.23225896154e-9,4.39760006188e-10,1.61135230159e-10,8.95879828655e-11,8.85566134312e-11,1.10500636419e-10,9.05959474107e-11,6.7577110574e-11,3.50089471302e-11,4.06175232337e-11,4.00665611799e-11,2.91697915822e-11,1.04374070151e-11,6.01443114062e-12,5.92658040699e-12,1.12297757898e-11,8.18587211904e-12,6.12529992006e-12,5.0695596809e-13,1.72243387495e-15],"dvar2":[0.0000564585934626,0.0000231018439081,0.00000501139629705,0.00000335776235261,8.37615232285e-7,0.0000011361049701,0.00000171677845628,8.91065553787e-7,1.17546001377e-7,1.44813000702e-7,1.21096888961e-7,1.02362740506e-7,8.98035850128e-8,5.26055359273e-8,4.65022687024e-8,1.22280710002e-7,8.21752124125e-8,7.91538923295e-8,2.19267075607e-8,8.68118466002e-9,3.26990234889e-9,1.15866127803e-9,4.17748557968e-10,2.12010867195e-10,2.07466488433e-10,2.63159161129e-10,1.98510458072e-10,1.45740253199e-10,7.17136766637e-11,8.73194086481e-11,8.02075073025e-11,6.16435513745e-11,2.22885893769e-11,1.29749188824e-11,1.28974764896e-11,2.4379517502e-11,1.72719390873e-11,1.30973426549e-11,1.15862050856e-12,4.36777494394e-15],"max":[0.0541201606393,0.0423285923898,0.0360877215862,0.0278197787702,0.0129897138104,0.0151060419157,0.0236010421067,0.0258813295513,0.00870820786804,0.00863099191338,0.00645389314741,0.00660510919988,0.0139193581417,0.00747788092121,0.00387863186188,0.00473419716582,0.00440666545182,0.00851205550134,0.00355718238279,0.00146400206722,0.00101126474328,0.000705995131284,0.000227291719057,0.000224145551329,0.00037521138438,0.000402886827942,0.000338215846568,0.000372929760488,0.000265912793111,0.000430703890743,0.000546782335732,0.000325023429468,0.000124151309137,0.000116149029054,0.000117427225632,0.0000891217059689,0.0000657221389702,0.0000493071420351,0.0000164893917827,5.85954069265e-7],"mean":[0.0033303713426,0.00322584970854,0.00169759476557,0.00117038562894,0.00053993659094,0.000423664518166,0.000343391759088,0.000266321003437,0.000113044749014,0.000135657784995,0.000123234305647,0.000125355320051,0.000116987677757,0.0000925094282138,0.000120525735838,0.00019780396542,0.000184188305866,0.000153768560267,0.000104766455479,0.0000708654552,0.000042287119868,0.0000254388160101,0.0000171639367181,0.00000981344328466,0.00000629200121693,0.00000549063452127,0.00000504417948832,0.0000043246691348,0.00000327348902829,0.00000270962004834,0.00000252241079579,0.00000197512008526,0.00000141768191497,0.00000125862004552,0.00000132788579776,0.00000181096038432,0.00000157811336976,0.00000134578010602,3.73232438733e-7,2.82125398599e-8],"median":[0.00183909013867,0.00223867152818,0.00111327087507,0.000606109038927,0.000293207442155,0.000201379472855,0.000105193197669,0.0000607385845797,0.0000474795306218,0.0000575816156925,0.0000537682499271,0.0000586610221944,0.0000576722850383,0.0000500966962136,0.000074645751738,0.000123417426948,0.000117714880616,0.0000939183373703,0.0000702631587046,0.0000515087886015,0.0000308345843223,0.000018281119992,0.0000123702720884,0.00000552126766706,0.00000238645998252,0.00000173763771727,0.00000148471440298,0.00000131643457735,0.00000103897184545,7.5725699844e-7,6.1321350131e-7,4.41565191522e-7,3.36430275638e-7,2.69887181048e-7,2.13259994553e-7,1.88935928236e-7,1.35029509352e-7,9.28034964431e-8,4.63599576506e-8,1.25862857914e-8],"min":[9.40109107971e-25,2.46734293301e-24,1.20693332195e-24,1.92499396092e-24,2.44675662161e-24,2.24123804263e-24,3.68011343122e-24,3.51866634165e-24,3.68436973024e-24,4.91695187844e-24,2.02212995406e-24,1.92036827779e-24,2.9608411019e-24,2.20609566981e-24,2.72034403595e-24,3.13190519476e-24,3.3598410313e-24,6.1041058937e-24,4.6970127249e-24,3.58199806728e-24,2.82515663177e-24,2.24056080555e-24,5.62183656815e-24,5.53454832013e-24,5.44007433812e-24,3.09006144855e-24,7.51134657948e-24,6.58666039246e-24,6.10420016257e-24,5.21342947245e-24,6.33891823074e-24,6.1437075e-24,5.95736514355e-24,6.35741228581e-24,6.57059405683e-24,4.897898521e-24,5.64420432469e-24,7.68546080304e-24,6.91743765863e-24,5.93232748728e-24],"var":[0.0000215741420106,0.000010392306649,0.00000412281997342,0.00000296595680993,6.64657250127e-7,7.15935470907e-7,0.00000109482687094,7.57681107189e-7,6.8571516465e-8,8.66221583351e-8,7.08255427639e-8,6.19759887854e-8,7.53030988676e-8,3.693763162e-8,3.04599367951e-8,7.24158155663e-8,6.20064923851e-8,6.63248442834e-8,1.90616002982e-8,6.61771082378e-9,2.34293584533e-9,8.6292278878e-10,3.48025358532e-10,1.91956256446e-10,1.62533958514e-10,1.74885814164e-10,1.70997174753e-10,1.33989624951e-10,7.41042019414e-11,7.14178577388e-11,7.81751052781e-11,5.1791036737e-11,1.73336692222e-11,9.96269126224e-12,9.77456570544e-12,1.56924629541e-11,1.14231905185e-11,8.28103471212e-12,6.20031153156e-13,1.87878366327e-15]},"melbands_crest":{"dmean":4.20613574982,"dmean2":7.03875303268,"dvar":14.5073814392,"dvar2":40.2112846375,"max":35.5356788635,"mean":15.1540746689,"median":14.5688447952,"min":1.00059020519,"var":29.4006347656},"melbands_flatness_db":{"dmean":0.0359543524683,"dmean2":0.0563941821456,"dvar":0.000942180515267,"dvar2":0.00241603562608,"max":0.686850011349,"mean":0.249816283584,"median":0.231611773372,"min":6.25580298674e-7,"var":0.00741002336144},"melbands_kurtosis":{"dmean":7.75492286682,"dmean2":12.6127281189,"dvar":188.013931274,"dvar2":485.55380249,"max":506.031768799,"mean":15.0245046616,"median":5.84313106537,"min":-1.86835336685,"var":693.411743164},"melbands_skewness":{"dmean":0.831717014313,"dmean2":1.35309517384,"dvar":0.631614983082,"dvar2":1.65408110619,"max":16.538028717,"mean":2.68910312653,"median":2.33602380753,"min":-0.988654017448,"var":2.81917834282},"melbands_spread":{"dmean":6.77180576324,"dmean2":11.1337251663,"dvar":53.7214012146,"dvar2":140.46194458,"max":195.67515564,"mean":21.8559055328,"median":20.2971858978,"min":0.281462699175,"var":238.86946106},"mfcc":{"cov":[[10174.609375,-816.799438477,-1605.52697754,-401.768585205,-208.9896698,358.189331055,-423.945159912,239.139862061,-171.179946899,448.14440918,-215.085128784,335.692962646,-218.367172241],[-816.799438477,1264.4342041,-157.768493652,-44.3545417786,158.144714355,-62.8318023682,41.3662796021,-104.825569153,130.269165039,-124.256958008,113.674331665,-63.707244873,111.049316406],[-1605.52697754,-157.768493652,808.925415039,34.469581604,32.534614563,-58.5550804138,86.7113037109,3.8151679039,-44.8770866394,-20.9528770447,-20.3333644867,-21.9337844849,-21.9542484283],[-401.768585205,-44.3545417786,34.469581604,459.239898682,-149.37272644,-1.28317964077,98.2666168213,-10.0171718597,29.4472236633,-26.0896854401,64.2816238403,-61.082233429,56.2098693848],[-208.9896698,158.144714355,32.534614563,-149.37272644,279.620056152,46.4131126404,-11.947804451,-3.49890494347,6.50953960419,-22.6073379517,-26.4775524139,12.5116529465,-20.9476280212],[358.189331055,-62.8318023682,-58.5550804138,-1.28317964077,46.4131126404,146.037338257,20.5601634979,35.6421356201,-20.5841846466,18.5487060547,-27.0731716156,14.7237329483,-23.7757091522],[-423.945159912,41.3662796021,86.7113037109,98.2666168213,-11.947804451,20.5601634979,145.578536987,26.3179225922,32.8020591736,-22.5383396149,28.4114170074,-27.4984855652,31.0168781281],[239.139862061,-104.825569153,3.8151679039,-10.0171718597,-3.49890494347,35.6421356201,26.3179225922,102.99471283,11.6415119171,40.1050758362,-22.7259178162,28.3928165436,-17.4337482452],[-171.179946899,130.269165039,-44.8770866394,29.4472236633,6.50953960419,-20.5841846466,32.8020591736,11.6415119171,97.9019927979,6.42193746567,47.9107627869,-12.1221065521,37.5376739502],[448.14440918,-124.256958008,-20.9528770447,-26.0896854401,-22.6073379517,18.5487060547,-22.5383396149,40.1050758362,6.42193746567,101.581054688,7.43409204483,44.3113136292,-21.5881557465],[-215.085128784,113.674331665,-20.3333644867,64.2816238403,-26.4775524139,-27.0731716156,28.4114170074,-22.7259178162,47.9107627869,7.43409204483,99.5826873779,6.43785762787,47.5040092468],[335.692962646,-63.707244873,-21.9337844849,-61.082233429,12.5116529465,14.7237329483,-27.4984855652,28.3928165436,-12.1221065521,44.3113136292,6.43785762787,85.4882888794,7.30452203751],[-218.367172241,111.049316406,-21.9542484283,56.2098693848,-20.9476280212,-23.7757091522,31.0168781281,-17.4337482452,37.5376739502,-21.5881557465,47.5040092468,7.30452203751,88.1362380981]],"icov":[[0.000255004444625,0.00000774575983087,0.000468215730507,0.0000281084394373,0.000199746820726,-0.000224731236813,0.000134185364004,-0.0000641299702693,0.000259265420027,-0.000694888236467,0.000432586442912,-0.000431552063674,0.00016966855037],[0.00000774575983087,0.00137864542194,0.000256852130406,0.000364558392903,-0.000692189787515,0.000130589149194,-0.0000654345349176,0.000504608498886,-0.000990234431811,0.00113961054012,-0.0010906670941,0.000620562932454,-0.000655527750496],[0.000468215730507,0.000256852130406,0.00254463288002,-0.0000677176794852,-0.000369944405975,0.00109852466267,-0.00144121155608,-0.0000326746885548,0.00172045477666,-0.00155299226753,0.000891255389433,-0.000707419705577,0.000687726540491],[0.0000281084394373,0.000364558392903,-0.0000677176794852,0.00381923164241,0.00155524595175,-0.00112095545046,-0.000936843978707,-0.000358440185664,0.000450125895441,0.000276288570603,-0.00214096554555,0.00288522848859,-0.00172548624687],[0.000199746820726,-0.000692189787515,-0.000369944405975,0.00155524595175,0.0060690571554,-0.00289449025877,0.000339722580975,0.00104520271998,-0.00243583437987,0.00162709190045,0.00140422780532,-0.00236893445253,0.00190728285816],[-0.000224731236813,0.000130589149194,0.00109852466267,-0.00112095545046,-0.00289449025877,0.0107973935083,-0.00361200934276,-0.00152585341129,0.00308877485804,-0.00151085667312,0.00128740409855,-0.000602945568971,0.00113177637104],[0.000134185364004,-0.0000654345349176,-0.00144121155608,-0.000936843978707,0.000339722580975,-0.00361200934276,0.0132986726239,-0.00601232657209,-0.00111741153523,0.00261330557987,-0.00372323114425,0.00428501935676,-0.0033419309184],[-0.0000641299702693,0.000504608498886,-0.0000326746885548,-0.000358440185664,0.00104520271998,-0.00152585341129,-0.00601232657209,0.0192916747183,-0.00760051468387,-0.0033487721812,0.0080386903137,-0.00815320201218,0.00395425688475],[0.000259265420027,-0.000990234431811,0.00172045477666,0.000450125895441,-0.00243583437987,0.00308877485804,-0.00111741153523,-0.00760051468387,0.0222140196711,-0.00626751733944,-0.00702787050977,0.00849989801645,-0.00673714606091],[-0.000694888236467,0.00113961054012,-0.00155299226753,0.000276288570603,0.00162709190045,-0.00151085667312,0.00261330557987,-0.0033487721812,-0.00626751733944,0.0218732282519,-0.0060804001987,-0.00697706872597,0.0065589742735],[0.000432586442912,-0.0010906670941,0.000891255389433,-0.00214096554555,0.00140422780532,0.00128740409855,-0.00372323114425,0.0080386903137,-0.00702787050977,-0.0060804001987,0.0229884814471,-0.00745656760409,-0.00265373964794],[-0.000431552063674,0.000620562932454,-0.000707419705577,0.00288522848859,-0.00236893445253,-0.000602945568971,0.00428501935676,-0.00815320201218,0.00849989801645,-0.00697706872597,-0.00745656760409,0.0266141183674,-0.0112296817824],[0.00016966855037,-0.000655527750496,0.000687726540491,-0.00172548624687,0.00190728285816,0.00113177637104,-0.0033419309184,0.00395425688475,-0.00673714606091,0.0065589742735,-0.00265373964794,-0.0112296817824,0.0234179850668]],"mean":[-650.940551758,157.461090088,-14.3870897293,19.034280777,21.5113048553,27.7477016449,-2.91551756859,4.78720712662,-2.73174667358,6.87374401093,-5.68894529343,4.81844234467,-6.53809976578]},"pitch_salience":{"dmean":0.0761748179793,"dmean2":0.126055568457,"dvar":0.00445408653468,"dvar2":0.0120779080316,"max":0.996093273163,"mean":0.576724410057,"median":0.590439617634,"min":0.0978737697005,"var":0.0107175158337},"silence_rate_20dB":{"dmean":0,"dmean2":0,"dvar":0,"dvar2":0,"max":1,"mean":1,"median":1,"min":1,"var":0},"silence_rate_30dB":{"dmean":0.0449387617409,"dmean2":0.0898815691471,"dvar":0.0429161973298,"dvar2":0.106829099357,"max":1,"mean":0.957134485245,"median":1,"min":0,"var":0.0410234481096},"silence_rate_60dB":{"dmean":0.00486311223358,"dmean2":0.00972666312009,"dvar":0.00483871204779,"dvar2":0.0118805849925,"max":1,"mean":0.0341303087771,"median":0,"min":0,"var":0.0329604744911},"spectral_centroid":{"dmean":192.289291382,"dmean2":296.335021973,"dvar":43902.5898438,"dvar2":95118.3984375,"max":11706.7480469,"mean":1058.37194824,"median":1053.67456055,"min":123.091514587,"var":387686.09375},"spectral_complexity":{"dmean":3.31493163109,"dmean2":5.20205354691,"dvar":10.2956209183,"dvar2":22.7354545593,"max":62,"mean":24.2996082306,"median":26,"min":0,"var":125.290870667},"spectral_contrast_coeffs":{"dmean":[0.0562511086464,0.0524724572897,0.0378360524774,0.0298005770892,0.0244863349944,0.0314723663032],"dmean2":[0.0932012870908,0.0871714502573,0.0631937980652,0.0502196326852,0.0400742664933,0.0478539466858],"dvar":[0.00193800276611,0.00168785720598,0.000918203906622,0.000568506424315,0.000490297388751,0.000813308579382],"dvar2":[0.00534583674744,0.00465065147728,0.00252720387653,0.0015660431236,0.00125130079687,0.00189829582814],"max":[-0.305896729231,-0.420606732368,-0.524414241314,-0.607238650322,-0.53463190794,-0.467529177666],"mean":[-0.657784938812,-0.758419156075,-0.810691952705,-0.802019119263,-0.806303799152,-0.765453398228],"median":[-0.662370026112,-0.765723824501,-0.814783334732,-0.802123904228,-0.803944587708,-0.766515552998],"min":[-0.99890100956,-0.996932268143,-0.993935167789,-0.988106667995,-0.990191280842,-0.964718461037],"var":[0.0055503542535,0.00472150649875,0.00259320274927,0.00232043699361,0.00297178397886,0.00463067553937]},"spectral_contrast_valleys":{"dmean":[0.399141609669,0.368585109711,0.320692241192,0.266604423523,0.348942697048,0.533441722393],"dmean2":[0.665055155754,0.608137905598,0.525595426559,0.434704124928,0.525334179401,0.794933199883],"dvar":[0.103800825775,0.0919092819095,0.0759843438864,0.0694367215037,0.137635320425,0.205447942019],"dvar2":[0.278042584658,0.240206435323,0.191964566708,0.169851183891,0.32346278429,0.501200556755],"max":[-4.95882844925,-4.73871326447,-5.19947624207,-5.16650152206,-5.57615804672,-8.53080844879],"mean":[-6.62836647034,-6.64200115204,-6.94289064407,-6.84256887436,-7.73074531555,-10.6991186142],"median":[-6.46893882751,-6.45871639252,-6.64290857315,-6.39518356323,-7.48331308365,-10.5478668213],"min":[-28.004114151,-27.9739456177,-27.7664089203,-27.545501709,-27.4697971344,-27.3528060913],"var":[1.31592428684,1.40458202362,1.62967348099,2.0697581768,1.7164593935,1.33933365345]},"spectral_decrease":{"dmean":4.15218526229e-9,"dmean2":6.73141631324e-9,"dvar":2.38250449553e-17,"dvar2":6.19160901236e-17,"max":1.12084181936e-8,"mean":-7.69688757174e-9,"median":-6.37945785087e-9,"min":-5.83783936747e-8,"var":4.21444154582e-17},"spectral_energy":{"dmean":0.0159100741148,"dmean2":0.0259315092117,"dvar":0.000338869722327,"dvar2":0.000887898553628,"max":0.243477493525,"mean":0.0549954213202,"median":0.052980132401,"min":1.02137030864e-20,"var":0.000906466913875},"spectral_energyband_high":{"dmean":0.000487819314003,"dmean2":0.000702695862856,"dvar":6.04896342793e-7,"dvar2":0.00000114672536711,"max":0.0308724846691,"mean":0.00129885447677,"median":0.00100464466959,"min":7.12527563539e-21,"var":0.00000216602347791},"spectral_energyband_low":{"dmean":0.0121368085966,"dmean2":0.0203351248056,"dvar":0.000281342625385,"dvar2":0.000756269902922,"max":0.187531590462,"mean":0.0199954528362,"median":0.0145740304142,"min":1.48357504794e-23,"var":0.000365169835277},"spectral_energyband_middle_high":{"dmean":0.00305222650059,"dmean2":0.00490489928052,"dvar":0.0000181035829883,"dvar2":0.0000447160564363,"max":0.0933112204075,"mean":0.00937495660037,"median":0.00782900489867,"min":1.36906610677e-21,"var":0.0000691269306117},"spectral_energyband_middle_low":{"dmean":0.00595949590206,"dmean2":0.00961098913103,"dvar":0.0000634058742435,"dvar2":0.00016224157298,"max":0.165935829282,"mean":0.0138307008892,"median":0.0100164664909,"min":1.86090406897e-22,"var":0.000172086176462},"spectral_entropy":{"dmean":0.211552321911,"dmean2":0.311001509428,"dvar":0.0516926981509,"dvar2":0.123795293272,"max":9.81923294067,"mean":7.43769979477,"median":7.53097867966,"min":3.76591348648,"var":0.27900287509},"spectral_flux":{"dmean":0.0265761930496,"dmean2":0.0429149009287,"dvar":0.000783724652138,"dvar2":0.00177888316102,"max":0.404693216085,"mean":0.12999984622,"median":0.13234744966,"min":6.67345484429e-11,"var":0.00301539688371},"spectral_kurtosis":{"dmean":7.06548929214,"dmean2":10.2160158157,"dvar":68.1989059448,"dvar2":161.630752563,"max":142.273681641,"mean":21.1656742096,"median":18.5896244049,"min":-1.23962640762,"var":156.242828369},"spectral_rms":{"dmean":0.00100071495399,"dmean2":0.00160811387468,"dvar":9.91137881101e-7,"dvar2":0.00000254436281466,"max":0.0154123008251,"mean":0.00697629293427,"median":0.00718943215907,"min":3.15667349031e-12,"var":0.00000498515009895},"spectral_rolloff":{"dmean":4230.75634766,"dmean2":8068.4375,"dvar":54134812,"dvar2":130025368,"max":22006.9335938,"mean":16670.9492188,"median":20951.8066406,"min":64.599609375,"var":68709616},"spectral_skewness":{"dmean":0.55406576395,"dmean2":0.779278934002,"dvar":0.333108812571,"dvar2":0.750879764557,"max":10.3787336349,"mean":3.23635411263,"median":3.1125972271,"min":-0.0684971287847,"var":1.04866266251},"spectral_spread":{"dmean":666516.8125,"dmean2":957468.25,"dvar":460633899008,"dvar2":974798389248,"max":44128404,"mean":4193677.25,"median":3989009.5,"min":1168250.5,"var":2742156787710},"spectral_strongpeak":{"dmean":6.28532457352,"dmean2":11.5875577927,"dvar":340.744628906,"dvar2":896.340332031,"max":281.574584961,"mean":5.30611228943,"median":0.360034793615,"min":0,"var":325.744384766},"zerocrossingrate":{"dmean":0.0423307605088,"dmean2":0.0531030446291,"dvar":0.00122872774955,"dvar2":0.00195662677288,"max":0.80322265625,"mean":0.316040247679,"median":0.31201171875,"min":0.0244140625,"var":0.00888488255441}},"metadata":{"audio_properties":{"analysis_sample_rate":44100,"bit_rate":215190,"codec":"mp3","downmix":"mix","equal_loudness":0,"length":515.658203125,"lossless":false,"md5_encoded":"379ff4f3358d203e7470efc40f4e2a56","replay_gain":1.63048362732,"sample_rate":44100},"tags":{"album":["Somewhere in Time"],"artist":["Iron Maiden"],"date":["1986-06-29"],"file_name":"08 - Iron Maiden - Alexander the Great.mp3","musicbrainz_albumid":["fb627640-6d02-4551-981f-eec3f03fb2e0"],"musicbrainz_artistid":["ca891d65-d9b0-4258-89f7-e6ba29d83767"],"musicbrainz_recordingid":["99629fa4-86cd-4331-998b-e2ecdbcd7f0e"],"title":["Alexander the Great"],"tracknumber":["08/8"]},"version":{"essentia":"2.1-beta1","essentia_build_sha":"ca57ba49d9b1854bd80e60cf9ccf267278fb7d6b","essentia_git_sha":"v2.1_beta1-28-g21ef5f4-dirty","extractor":"music 1.0"}},"rhythm":{"beats_count":1033,"beats_loudness":{"dmean":0.020515114069,"dmean2":0.0367304868996,"dvar":0.000387439184124,"dvar2":0.00116637337487,"max":0.182678073645,"mean":0.0571230426431,"median":0.0572120212018,"min":1.05079305257e-8,"var":0.000704961130396},"beats_loudness_band_ratio":{"dmean":[0.190204620361,0.0917717590928,0.0431742630899,0.0560693852603,0.0360576845706,0.0989535674453],"dmean2":[0.344993203878,0.162938565016,0.0754376724362,0.0992058739066,0.0652535036206,0.173389166594],"dvar":[0.0201144851744,0.0072192423977,0.00369037361816,0.00354671664536,0.00207125442103,0.00729941017926],"dvar2":[0.0633680149913,0.0206267014146,0.0106901694089,0.0106632467359,0.00628631608561,0.0217890068889],"max":[0.973138809204,0.657507777214,0.512095928192,0.497083067894,0.507415950298,0.757621645927],"mean":[0.460139334202,0.12889033556,0.0545257329941,0.0928750932217,0.0673790201545,0.225559130311],"median":[0.448089301586,0.099360793829,0.0338305421174,0.0796363502741,0.0569389387965,0.207045868039],"min":[0.0363336391747,0.00313833542168,0.000536053383257,0.000117018607853,0.0000424792742706,0.0132029736415],"var":[0.0437909998,0.01112981513