{"lowlevel":{"average_loudness":0.948064744473,"barkbands":{"dmean":[0.00378378084861,0.0083388928324,0.00461545214057,0.00141179945786,0.00223140325397,0.00211735977791,0.00149085826706,0.00116775755305,0.00147629482672,0.00132924260106,0.000879577943124,0.000791879894678,0.000436674192315,0.00033769858419,0.000377639313228,0.000346697430359,0.000194806983927,0.000116469054774,0.0000675509872963,0.0000582963948546,0.0000479273840028,0.0000181171017175,0.00000735696221454,0.00000484964084535,0.0000027513360692,0.00000731880709282,0.00040455814451],"dmean2":[0.00641833385453,0.0141921062022,0.00766229908913,0.00239777099341,0.00371615216136,0.00339224049821,0.00245553208515,0.00193812593352,0.0024711729493,0.00219428236596,0.00142305996269,0.00130381644703,0.000727699894924,0.000562737695873,0.000621416606009,0.000566089584026,0.00031205904088,0.000186683770153,0.000106102372229,0.0000859861829667,0.0000708474835847,0.0000256536677625,0.0000106992911242,0.00000726538155504,0.00000454013570561,0.0000105592744148,0.000620359380264],"dvar":[0.000047204157454,0.000134408706799,0.0000764247670304,0.00000389907245335,0.00000720696243661,0.0000129241980176,0.00000624146287009,0.00000536340394319,0.0000094742517831,0.00000703808655089,0.000004150271252,0.00000164491268606,6.1293832232e-7,3.52741835741e-7,3.34809953983e-7,2.95079132684e-7,1.0339281431e-7,3.17505772784e-8,1.57746704588e-8,7.48109769688e-8,5.89333595258e-8,4.1111061222e-9,3.5832967149e-10,5.14068197732e-11,1.60736597643e-11,1.09855881336e-10,4.73234337051e-7],"dvar2":[0.000120480028272,0.000366364925867,0.000190445716726,0.00000998881660053,0.0000188222529687,0.0000277941508102,0.0000163760014402,0.0000139484391184,0.0000256544535659,0.0000188088179129,0.0000101998039099,0.00000422649918619,0.00000163558024724,8.67383846526e-7,8.65205095124e-7,7.62446006775e-7,2.43958197643e-7,7.78459678941e-8,3.50809621352e-8,1.58616742851e-7,1.15986807714e-7,6.1661280526e-9,6.35517305447e-10,1.0651268062e-10,4.01870862976e-11,2.03289690637e-10,0.00000108042092961],"max":[0.117978364229,0.144509062171,0.122716024518,0.0564231947064,0.0388495661318,0.0836511105299,0.0456570535898,0.0429848730564,0.0507821366191,0.0412349365652,0.0393282771111,0.025431400165,0.0177370924503,0.0179586168379,0.00907487235963,0.0101463757455,0.00798741262406,0.00445872778073,0.00322550022975,0.0135206468403,0.0091748861596,0.00244925334118,0.000763094751164,0.000106740662886,0.0000544560462004,0.000160095965839,0.0314954631031],"mean":[0.00464450381696,0.0132084321231,0.00571503583342,0.00185870728455,0.00387697247788,0.00353969167918,0.0023069079034,0.00179223006126,0.00235041952692,0.00192831584718,0.0013273205841,0.00131130486261,0.0007479104097,0.000620504724793,0.000728321145289,0.000676239316817,0.000389093969716,0.00024490992655,0.000137186798383,0.0001070762155,0.0000842199515318,0.0000315605757351,0.0000119425685625,0.00000727720089344,0.0000029198449738,0.0000127606936076,0.00146052078344],"median":[0.00279573607258,0.00997677631676,0.0024210663978,0.00105294969399,0.00267175026238,0.00189894693904,0.00129976088647,0.000766288780142,0.000736052519642,0.00069381686626,0.000514057930559,0.000775673193857,0.000446504884167,0.000386916275602,0.000443645287305,0.000429484440247,0.000267114752205,0.000169717313838,0.0000819142660475,0.000040277998778,0.0000290101270366,0.000013266924725,0.00000569590974919,0.00000331191904479,0.00000142189230701,0.00000651642403682,0.00111024838407],"min":[7.84884553221e-25,2.48416906002e-23,1.19265198133e-23,2.57650096913e-24,4.09320359969e-23,3.62110095572e-23,1.81941774775e-23,5.43620836748e-23,9.55730735095e-23,5.4933673354e-23,4.16012645681e-23,5.9436327318e-23,1.53640316949e-22,6.46129398631e-23,2.50265958098e-22,8.77752528812e-23,1.95461077331e-22,1.50213934317e-22,2.13330354556e-22,4.40197208836e-22,5.1058207986e-22,6.28577647387e-22,6.30003756442e-22,8.25484700446e-22,1.29838820863e-21,1.82817436885e-21,2.52160294597e-21],"var":[0.0000445950063295,0.000170685205376,0.0000889273796929,0.00000661761305309,0.000016699275875,0.0000316925106745,0.0000106293155113,0.0000106416655399,0.0000179171565833,0.0000112067891678,0.00000729291969037,0.00000308102835334,0.00000111737131192,6.39466804842e-7,7.12327107522e-7,6.13216343481e-7,2.06085417176e-7,7.49594590843e-8,3.48895241586e-8,1.28568572677e-7,1.22288341231e-7,1.01977635225e-8,6.92860990803e-10,1.10676225129e-10,1.82889623584e-11,2.97206093069e-10,0.0000019580800199]},"barkbands_crest":{"dmean":2.6910161972,"dmean2":4.47269296646,"dvar":5.39817047119,"dvar2":14.2450475693,"max":25.7299232483,"mean":9.39623737335,"median":8.65180301666,"min":2.5424284935,"var":14.2302532196},"barkbands_flatness_db":{"dmean":0.0231164563447,"dmean2":0.0363430194557,"dvar":0.000415682618041,"dvar2":0.00104312086478,"max":0.356809318066,"mean":0.140534475446,"median":0.136151015759,"min":0.0399171039462,"var":0.00153039570432},"barkbands_kurtosis":{"dmean":3.98185157776,"dmean2":6.46073770523,"dvar":79.1564712524,"dvar2":190.380889893,"max":333.191436768,"mean":7.44055318832,"median":4.16376113892,"min":-1.93333363533,"var":181.751541138},"barkbands_skewness":{"dmean":0.566223800182,"dmean2":0.90443956852,"dvar":0.393434822559,"dvar2":0.969695866108,"max":14.8284339905,"mean":2.11498594284,"median":1.85258579254,"min":-1.8451000452,"var":1.48168098927},"barkbands_spread":{"dmean":7.27504014969,"dmean2":11.4395856857,"dvar":58.6020507812,"dvar2":129.987915039,"max":132.394226074,"mean":31.4925918579,"median":27.1897525787,"min":0.808296978474,"var":359.384185791},"dissonance":{"dmean":0.0189290717244,"dmean2":0.032272387296,"dvar":0.000323325191857,"dvar2":0.000914863194339,"max":0.500000119209,"mean":0.470316946507,"median":0.475695461035,"min":0.308616757393,"var":0.000506798562128},"dynamic_complexity":2.7181096077,"erbbands":{"dmean":[0.42390820384,1.4209471941,4.89357280731,4.64983701706,5.23566675186,9.14853096008,11.5938396454,19.7362346649,20.2095298767,22.4519824982,27.6211681366,32.4222106934,43.6135520935,37.7954406738,29.0420246124,29.4865036011,20.3061447144,13.5837430954,17.427942276,20.0588550568,15.5582742691,10.1640882492,6.46963453293,4.57390451431,2.61441493034,2.80611014366,2.5611140728,1.40146803856,0.725510001183,0.362149775028,0.192545741796,0.112552650273,0.0773399546742,0.0313063077629,0.0198453012854,0.0181896146387,0.0156250447035,0.0161623321474,0.0125574506819,0.00913776829839],"dmean2":[0.726869463921,2.38182139397,8.08009910583,7.79191923141,8.9170665741,15.1571769714,18.5715255737,31.9189834595,33.0503768921,36.8507194519,46.4119262695,54.3265228271,72.3433074951,61.1655502319,46.2436447144,48.3631858826,33.63854599,22.4674739838,28.9629325867,32.7010612488,25.0718898773,16.1621074677,10.2823839188,7.24497699738,3.99797749519,4.09123086929,3.76916193962,1.98955702782,1.02360475063,0.518599510193,0.280881941319,0.167667150497,0.11829841882,0.05138605088,0.0326323769987,0.0282126050442,0.0223424807191,0.0227135997266,0.0174791757017,0.0137905869633],"dvar":[0.43398091197,3.37974691391,85.1368865967,42.6356887817,47.8182258606,143.598342896,526.329711914,1100.90063477,1188.78869629,1613.92358398,3306.53100586,5202.79101562,9436.48046875,7110.88037109,3314.53588867,2069.45117188,1326.34289551,475.474273682,747.920776367,887.333557129,638.284362793,288.981414795,98.5221328735,59.0233764648,41.0141487122,147.746337891,185.196548462,51.2318992615,7.64824056625,1.23506343365,0.234077572823,0.0341656804085,0.0138182044029,0.00203920784406,0.000811655248981,0.000643205887172,0.00054174545221,0.000881322834175,0.000422701763455,0.000150364430738],"dvar2":[1.19921922684,9.00522136688,210.566558838,109.556274414,131.911834717,377.881591797,1071.23583984,2543.10375977,3125.88891602,4074.8984375,8971.4140625,13775.1074219,25457.8984375,18263.6875,8144.82226562,5414.56054688,3579.60913086,1165.24572754,1972.85180664,2271.85229492,1554.84143066,697.566040039,235.472137451,143.057617188,78.8209991455,286.372467041,391.044342041,90.2848968506,12.2790517807,2.1031293869,0.426975339651,0.0695454031229,0.0292079616338,0.00507943332195,0.0020247597713,0.00136940542143,0.000988462008536,0.00166918931063,0.000797307060566,0.000336748809787],"max":[7.40760755539,22.7470722198,127.63809967,105.351234436,110.044670105,192.627319336,636.345703125,757.610412598,798.226257324,838.836914062,1075.6394043,1495.3190918,1607.47851562,1560.63195801,1036.19970703,919.348022461,865.067016602,529.721740723,627.052062988,592.576599121,480.257354736,419.496673584,268.512207031,175.782577515,205.298980713,508.534759521,641.12689209,282.737335205,113.226333618,53.9750061035,15.940776825,4.20507240295,1.7497048378,0.621830880642,0.382054507732,0.370149791241,0.357235580683,0.706336677074,0.489107102156,0.497121661901],"mean":[0.621953010559,2.07999277115,6.1752204895,6.76591968536,7.87662553787,14.8839874268,19.362745285,31.8012561798,32.5472640991,35.4087409973,44.0789985657,52.9841423035,65.5221939087,58.7721824646,50.8515510559,52.0870399475,37.3199501038,28.3913269043,35.5794296265,41.9198455811,33.1370735168,22.0173969269,14.4870529175,9.85601615906,5.39970445633,5.17507362366,4.42921066284,2.4666466713,1.24953103065,0.601232588291,0.310799837112,0.173796072602,0.111376360059,0.0357443988323,0.0218725334853,0.0261563807726,0.0277573019266,0.0336127765477,0.0406184159219,0.0443181730807],"median":[0.407104849815,1.48928260803,2.91239356995,4.03734874725,5.24650287628,9.14975738525,10.4142608643,17.1284408569,18.9599056244,19.0987129211,18.1758403778,16.9955215454,19.349313736,23.6229820251,24.4246692657,32.8571281433,23.4646625519,19.3971214294,22.9139442444,26.3701133728,22.2151279449,15.5225572586,10.4964380264,6.49425840378,2.92123103142,1.9376732111,1.39496958256,0.937662065029,0.508917689323,0.270556122065,0.14999602735,0.083446636796,0.0471590943635,0.0196048114449,0.0112615004182,0.0131915574893,0.0133490031585,0.0154478335753,0.0235196687281,0.0383396074176],"min":[2.94489626663e-22,6.8342680029e-21,1.43159001548e-20,1.44818629587e-20,3.081760246e-20,1.77390497949e-19,3.45702662826e-19,2.66505547547e-19,2.54874948695e-19,5.03768037392e-19,1.08113364261e-18,1.95858109041e-18,2.64746434237e-18,1.37876129201e-18,2.14299087501e-18,2.96763183629e-18,7.03770145526e-18,3.38436646287e-18,8.6240262478e-18,9.39094592555e-18,6.29574443403e-18,1.17039488862e-17,9.07238130086e-18,8.95077168875e-18,1.39334918046e-17,1.9463457243e-17,2.19066377525e-17,2.14681460011e-17,2.22250146072e-17,1.61136851277e-17,1.98201871539e-17,1.4481391427e-17,1.5882994381e-17,1.34710705452e-17,1.00249591856e-17,5.59525976718e-18,3.58320496569e-18,1.54065098105e-18,3.86349413398e-19,3.43008115518e-20],"var":[0.497905224562,4.39006519318,96.6433563232,67.8529968262,74.8535308838,327.91015625,1299.37548828,2314.06079102,2053.90112305,2744.30615234,6313.99902344,9851.02636719,15760.7021484,11213.1494141,7088.66699219,4178.34960938,2498.85644531,991.607543945,1614.86877441,2138.93066406,1398.77954102,607.207885742,244.113204956,136.273361206,91.4772720337,290.347808838,345.100921631,111.803565979,18.7516670227,2.32051324844,0.459110736847,0.0740353912115,0.0273733697832,0.00238220277242,0.000940335099585,0.00124660693109,0.00151442305651,0.00226741610095,0.00219532242045,0.00101176998578]},"erbbands_crest":{"dmean":2.48653745651,"dmean2":4.11845159531,"dvar":5.87005901337,"dvar2":15.1900720596,"max":26.7919788361,"mean":8.0124912262,"median":7.06402492523,"min":2.5244243145,"var":12.6544494629},"erbbands_flatness_db":{"dmean":0.0208806004375,"dmean2":0.0319001488388,"dvar":0.000314294768032,"dvar2":0.000728339015041,"max":0.306687355042,"mean":0.152076244354,"median":0.148358434439,"min":0.03499385342,"var":0.0015064246254},"erbbands_kurtosis":{"dmean":0.866203427315,"dmean2":1.40562665462,"dvar":1.16196715832,"dvar2":3.00417208672,"max":19.2009315491,"mean":0.510803282261,"median":0.0455687046051,"min":-1.63076555729,"var":2.66725301743},"erbbands_skewness":{"dmean":0.324414789677,"dmean2":0.511078715324,"dvar":0.0749530568719,"dvar2":0.183123633265,"max":3.38360500336,"mean":0.112130433321,"median":0.0989964827895,"min":-3.16897702217,"var":0.488481104374},"erbbands_spread":{"dmean":5.46302604675,"dmean2":8.56691455841,"dvar":24.3446750641,"dvar2":55.2902488708,"max":122.320709229,"mean":27.0539989471,"median":25.7909412384,"min":4.11742687225,"var":121.718055725},"gfcc":{"cov":[[24929.8378906,2889.81176758,-1053.35559082,-974.806945801,383.895935059,-737.875366211,243.25239563,-238.961715698,101.37852478,-295.029449463,89.8637924194,-80.2932662964,283.470001221],[2889.81176758,1270.30834961,-113.632514954,-387.070465088,135.342437744,-194.467758179,38.7444000244,-24.1937179565,40.5206184387,-88.1064300537,57.1924362183,-80.57056427,96.7193145752],[-1053.35559082,-113.632514954,366.919921875,142.338195801,-60.8845863342,109.839599609,-82.6876296997,19.8545398712,-27.0226688385,34.5328063965,-8.37488937378,5.63044643402,-40.9153213501],[-974.806945801,-387.070465088,142.338195801,331.102386475,9.05724334717,20.5978984833,33.7880477905,-46.2853355408,-16.450712204,25.3927497864,-30.5620231628,28.5666999817,-48.5632286072],[383.895935059,135.342437744,-60.8845863342,9.05724334717,240.24357605,-8.56980323792,6.76799964905,-63.699344635,36.9739227295,-16.3669815063,13.4184379578,-15.407207489,6.52389478683],[-737.875366211,-194.467758179,109.839599609,20.5978984833,-8.56980323792,204.428192139,-53.8027687073,58.8262367249,-23.6955070496,24.4522972107,2.38598656654,18.4661235809,-7.43891334534],[243.25239563,38.7444000244,-82.6876296997,33.7880477905,6.76799964905,-53.8027687073,172.354766846,4.43665981293,19.7776813507,-13.6536836624,-2.38776278496,11.5198221207,8.55618095398],[-238.961715698,-24.1937179565,19.8545398712,-46.2853355408,-63.699344635,58.8262367249,4.43665981293,141.676925659,11.4223871231,24.2847690582,8.38152503967,-8.07896900177,18.7227706909],[101.37852478,40.5206184387,-27.0226688385,-16.450712204,36.9739227295,-23.6955070496,19.7776813507,11.4223871231,88.7630157471,26.1430339813,9.13604164124,-5.98172521591,-13.785446167],[-295.029449463,-88.1064300537,34.5328063965,25.3927497864,-16.3669815063,24.4522972107,-13.6536836624,24.2847690582,26.1430339813,65.6883850098,27.061416626,5.99491977692,-3.24992775917],[89.8637924194,57.1924362183,-8.37488937378,-30.5620231628,13.4184379578,2.38598656654,-2.38776278496,8.38152503967,9.13604164124,27.061416626,58.5574264526,22.6801452637,17.7707710266],[-80.2932662964,-80.57056427,5.63044643402,28.5666999817,-15.407207489,18.4661235809,11.5198221207,-8.07896900177,-5.98172521591,5.99491977692,22.6801452637,68.9116210938,18.6150550842],[283.470001221,96.7193145752,-40.9153213501,-48.5632286072,6.52389478683,-7.43891334534,8.55618095398,18.7227706909,-13.785446167,-3.24992775917,17.7707710266,18.6150550842,80.2783050537]],"icov":[[0.0000625274333288,-0.000171832478372,0.000178110960405,-0.0000534488426638,0.0000177866422746,0.00000783107952884,0.000049111975386,0.0000225231997319,0.000034291879274,-0.0000756055815145,0.000147863145685,-0.000175184206455,0.0000441891897935],[-0.000171832478372,0.00344235775992,-0.00298929982819,0.00357466610149,-0.00135519378819,0.00230738287792,-0.00164719275199,0.00055757118389,-0.00103802536614,0.00381624791771,-0.00378475571051,0.00351416342892,-0.00253305607475],[0.000178110960405,-0.00298929982819,0.00756395887583,-0.00566422985867,0.0027056816034,-0.00396442087367,0.00359190255404,-0.000493806204759,0.000343901570886,-0.00235311198048,0.00135191867594,-0.00144676619675,0.00254630064592],[-0.0000534488426638,0.00357466610149,-0.00566422985867,0.0109214810655,-0.00414695078507,0.00426739780232,-0.00457458430901,0.00130315800197,0.00298618059605,-0.00313979107887,0.00340901548043,-0.00184613792226,0.00057710101828],[0.0000177866422746,-0.00135519378819,0.0027056816034,-0.00414695078507,0.00865204259753,-0.00458418997005,0.00132279435638,0.0043958495371,-0.00603225501254,0.0049584293738,-0.00529350154102,0.00489498255774,-0.00265220575966],[0.00000783107952884,0.00230738287792,-0.00396442087367,0.00426739780232,-0.00458418997005,0.0111706731841,0.0000690195520292,-0.00486235460266,0.00438922923058,-0.00208734930493,0.00202434672974,-0.0038183927536,0.00139420607593],[0.000049111975386,-0.00164719275199,0.00359190255404,-0.00457458430901,0.00132279435638,0.0000690195520292,0.00927265919745,-0.00231099990197,-0.0020274661947,0.00192869757302,0.000242583730142,-0.00238247076049,0.000552724639419],[0.0000225231997319,0.00055757118389,-0.000493806204759,0.00130315800197,0.0043958495371,-0.00486235460266,-0.00231099990197,0.0133495340124,-0.00473776645958,0.000372996611986,-0.00304771075025,0.00646380987018,-0.00551220960915],[0.000034291879274,-0.00103802536614,0.000343901570886,0.00298618059605,-0.00603225501254,0.00438922923058,-0.0020274661947,-0.00473776645958,0.0215762779117,-0.0153458276764,0.0082871960476,-0.00691058626398,0.00818102806807],[-0.0000756055815145,0.00381624791771,-0.00235311198048,-0.00313979107887,0.0049584293738,-0.00208734930493,0.00192869757302,0.000372996611986,-0.0153458276764,0.0398739725351,-0.0255353115499,0.0126483840868,-0.00661973515525],[0.000147863145685,-0.00378475571051,0.00135191867594,0.00340901548043,-0.00529350154102,0.00202434672974,0.000242583730142,-0.00304771075025,0.0082871960476,-0.0255353115499,0.040963884443,-0.0195046961308,0.00393588701263],[-0.000175184206455,0.00351416342892,-0.00144676619675,-0.00184613792226,0.00489498255774,-0.0038183927536,-0.00238247076049,0.00646380987018,-0.00691058626398,0.0126483840868,-0.0195046961308,0.0302202925086,-0.0108391679823],[0.0000441891897935,-0.00253305607475,0.00254630064592,0.00057710101828,-0.00265220575966,0.00139420607593,0.000552724639419,-0.00551220960915,0.00818102806807,-0.00661973515525,0.00393588701263,-0.0108391679823,0.0213497262448]],"mean":[-1.53049099445,108.666862488,-91.0170822144,-10.6504354477,-3.63587999344,-18.7837772369,-2.63332772255,-13.5162630081,3.23481035233,-9.25812244415,-2.19140195847,-2.14714980125,-1.44332754612]},"hfc":{"dmean":60.6668052673,"dmean2":97.1533660889,"dvar":3798.00390625,"dvar2":9671.84570312,"max":1421.51550293,"mean":286.19833374,"median":288.74520874,"min":1.21155820832e-16,"var":20996.9277344},"melbands":{"dmean":[0.00298940483481,0.00215935171582,0.000778125191573,0.000495749351103,0.000396646297304,0.000431454798672,0.000306308589643,0.000236861465964,0.000233069746173,0.000212645638385,0.000219353139983,0.000156396054081,0.000108069936687,0.0000912230607355,0.0000668208376737,0.0000371906644432,0.0000283175377263,0.0000318102211168,0.0000300505980704,0.0000280437398033,0.00001782347681,0.0000123537693071,0.00000813633141661,0.00000534871287527,0.00000401042689191,0.00000229780630434,0.00000183574559287,0.00000199018336389,0.0000018480370727,0.00000125720487176,7.49200694372e-7,4.44785655418e-7,3.08212491973e-7,1.72206725324e-7,1.1829440183e-7,8.67287894835e-8,6.43008633006e-8,6.2587517391e-8,3.36115029143e-8,2.49599256819e-8],"dmean2":[0.00508606061339,0.00356665998697,0.0012959727319,0.0008362220251,0.000637894961983,0.000695067865308,0.000500214693602,0.000385182560422,0.000391214125557,0.000355930300429,0.000363979575923,0.000253502745181,0.000173405729583,0.000149291430716,0.000111047636892,0.0000615543467575,0.0000471863531857,0.0000532034173375,0.0000496785105497,0.0000457107416878,0.0000287463280984,0.0000198034958885,0.0000130296102725,0.00000861588159751,0.00000643875500828,0.00000362365358342,0.00000281002303382,0.00000295351037494,0.00000281746474684,0.00000187013893083,0.00000106802974642,6.35266985682e-7,4.53610709883e-7,2.52989224236e-7,1.7528920182e-7,1.29624822875e-7,9.74895115746e-8,9.53942773663e-8,5.4192330623e-8,4.12801384186e-8],"dvar":[0.0000205584692594,0.0000130152093334,0.00000111969529826,3.80520560839e-7,4.39761095095e-7,4.98663666804e-7,2.5713757168e-7,1.75542055558e-7,2.2596553606e-7,2.26994345098e-7,2.344175698e-7,1.19060040049e-7,5.40717159936e-8,2.47188829405e-8,1.33995765594e-8,4.38750591414e-9,2.37786834667e-9,2.85840839886e-9,2.43802711353e-9,1.97719951522e-9,9.12283026899e-10,4.52902271242e-10,1.62424268479e-10,7.13056350077e-11,4.62073400376e-11,2.43475690997e-11,3.66117101913e-11,8.01236160752e-11,1.08601870552e-10,3.42926000096e-11,1.66649766903e-11,2.88647968374e-12,1.02416523613e-12,2.48937426662e-13,9.03133768942e-14,3.61640310254e-14,9.64909525029e-15,1.01670643679e-14,2.16125898679e-15,1.35241451996e-15],"dvar2":[0.0000563436551602,0.0000321515617543,0.00000284863949673,0.0000010284286418,9.28143720103e-7,0.00000114197155199,6.70082386023e-7,4.3561871621e-7,6.17988575868e-7,6.08549271419e-7,6.30936142443e-7,3.07580364733e-7,1.32887549853e-7,6.27422451771e-8,3.5864253789e-8,1.15428324676e-8,5.78986414368e-9,7.49698436664e-9,6.19411411051e-9,5.22028775762e-9,2.19564100234e-9,1.10297915246e-9,3.94864890785e-10,1.80297290986e-10,1.14668968765e-10,5.60114662984e-11,6.89168236367e-11,1.64403005098e-10,2.54673671041e-10,6.88538115412e-11,3.05013792001e-11,4.61796746676e-12,1.89728593079e-12,4.50745479353e-13,1.71604497647e-13,7.15545380109e-14,2.06702297151e-14,2.13704023959e-14,5.21141383018e-15,3.38349682473e-15],"max":[0.0515416264534,0.0484334900975,0.0195079874247,0.010498540476,0.0169773902744,0.0145253976807,0.0106782028452,0.00823637843132,0.00750137353316,0.00954171922058,0.00778265902773,0.00687067350373,0.00449781632051,0.00331860873848,0.00227592443116,0.00116053142119,0.00127976946533,0.0014977134997,0.000870051095262,0.000927279877942,0.00069723802153,0.000490948499646,0.000305499823298,0.000259140069829,0.000141695069033,0.000133978552185,0.000212047918467,0.000389768276364,0.000536858919077,0.00022407945653,0.000138326329761,0.0000805021627457,0.0000402701625717,0.0000257832034549,0.00000952222944761,0.00000532710191692,0.00000174267381681,0.00000150597452375,6.76483409734e-7,5.04387230649e-7],"mean":[0.00467867450789,0.00304550933652,0.00121276360005,0.000810191617347,0.000699312950019,0.000712176552042,0.000499462883454,0.000379736156901,0.000364379317034,0.000337966543157,0.00032074880437,0.000232893886277,0.000174186498043,0.000151754924445,0.000112174653623,0.0000646190310363,0.0000522225891473,0.0000578388899157,0.0000563359062653,0.0000543198002561,0.0000345714433934,0.0000236618907365,0.0000164227440109,0.0000107056303023,0.00000783774885349,0.00000434457024312,0.00000330853708874,0.00000344173486155,0.00000297706333185,0.00000203289891942,0.0000012357252217,7.39173515285e-7,4.80743381104e-7,2.72927877631e-7,1.84689454841e-7,1.31876063847e-7,9.56685113351e-8,9.00506051948e-8,4.15724841218e-8,2.62014037133e-8],"median":[0.00346109620295,0.00185976922512,0.000799119530711,0.000561193213798,0.000399654119974,0.000391755544115,0.000290939613478,0.000198768117116,0.000143909433973,0.000102045923995,0.0000906212735572,0.0000901306266314,0.0000755795408622,0.0000863078603288,0.0000678547949065,0.0000390089007851,0.0000329574468196,0.000035820678022,0.0000334253891197,0.0000335198237735,0.0000225112762564,0.0000157369067892,0.0000112355482997,0.00000728366012481,0.0000049673230933,0.00000239945870817,0.00000148311869452,0.00000116566616271,8.83136067387e-7,7.03266266555e-7,4.56774074564e-7,2.92069898933e-7,2.04609364118e-7,1.22047993045e-7,8.75298979963e-8,6.24624689749e-8,4.50006254482e-8,3.52809159665e-8,2.17857341056e-8,1.2527289428e-8],"min":[5.05209321784e-24,8.90959543424e-24,2.75944412393e-24,6.31247009117e-24,1.15874823846e-23,5.79950461008e-24,3.89333070099e-24,7.92377962681e-24,7.99492304755e-24,1.43587483781e-23,1.32996694807e-23,5.29139417344e-24,6.14146634617e-24,7.6783870873e-24,1.40697902062e-23,1.11843421188e-23,5.89700111265e-24,1.05738899959e-23,2.23301026284e-23,6.53059880894e-24,7.1997528328e-24,1.39591082881e-23,5.53425446944e-24,9.44864223457e-24,6.67423499699e-24,8.96905661383e-24,1.37376908092e-23,1.1861958648e-23,1.41096308374e-23,1.26958926987e-23,1.23583004632e-23,1.3708654417e-23,9.94804167468e-24,8.63694853931e-24,1.18805118676e-23,9.82864442123e-24,7.99967120133e-24,1.14987079227e-23,1.0634125048e-23,1.13188997011e-23],"var":[0.0000237819513131,0.0000155699435709,0.00000183863392067,7.02582610757e-7,0.00000116489070479,0.00000110035887246,4.67247105007e-7,3.34483274855e-7,4.22315139303e-7,4.17589774315e-7,3.88576609112e-7,1.83007330179e-7,1.0386050775e-7,4.7301767836e-8,2.23326086513e-8,7.76271757985e-9,4.33123581445e-9,5.18795628679e-9,4.83315565347e-9,4.08363343141e-9,1.78122205874e-9,8.30858659651e-10,3.59101470782e-10,1.53570864359e-10,9.58637752513e-11,4.66923444353e-11,7.16796760836e-11,1.46440859439e-10,1.72706154933e-10,6.33020857954e-11,3.48379450288e-11,7.11223961669e-12,1.83775087162e-12,4.30342258139e-13,1.67360469558e-13,7.09917083344e-14,1.98739340414e-14,2.01483591638e-14,3.03057546506e-15,1.52169352507e-15]},"melbands_crest":{"dmean":4.66171503067,"dmean2":7.80539989471,"dvar":16.6670894623,"dvar2":45.0448112488,"max":36.880607605,"mean":15.8572216034,"median":14.9076633453,"min":2.29267239571,"var":37.0292510986},"melbands_flatness_db":{"dmean":0.030105246231,"dmean2":0.0472567044199,"dvar":0.000675821327604,"dvar2":0.00166595471092,"max":0.510722517967,"mean":0.254930973053,"median":0.253211408854,"min":0.00565293664113,"var":0.00301262573339},"melbands_kurtosis":{"dmean":5.75110149384,"dmean2":9.46855068207,"dvar":130.409927368,"dvar2":348.269500732,"max":283.206451416,"mean":9.53139781952,"median":4.87223625183,"min":-1.74626851082,"var":264.350280762},"melbands_skewness":{"dmean":0.738583385944,"dmean2":1.19435083866,"dvar":0.572537899017,"dvar2":1.48420286179,"max":14.5951776505,"mean":2.30064606667,"median":2.05083250999,"min":-1.5835852623,"var":2.04801940918},"melbands_spread":{"dmean":5.10119533539,"dmean2":8.13711643219,"dvar":41.171257019,"dvar2":89.2977371216,"max":257.896606445,"mean":20.0535678864,"median":16.7072715759,"min":0.446790844202,"var":462.772888184},"mfcc":{"cov":[[10927.78125,2166.75805664,-1164.45275879,265.726470947,-268.003936768,59.5903282166,-99.9240951538,151.889877319,56.8769073486,54.9183120728,-116.060386658,129.334625244,-4.98850107193],[2166.75805664,1538.29748535,-357.487243652,-91.8417129517,26.9992332458,-94.1909790039,-11.7830915451,6.26560783386,56.4748001099,-16.632818222,47.5577888489,6.78235435486,7.02849245071],[-1164.45275879,-357.487243652,527.199157715,-23.7445812225,39.8641777039,1.06116437912,20.2384567261,-9.7606678009,-26.932767868,4.03422307968,19.6254005432,-10.7730321884,-0.470956325531],[265.726470947,-91.8417129517,-23.7445812225,311.651489258,-38.1035766602,73.1206436157,-3.54002571106,0.413828402758,-9.7277135849,10.5631170273,-24.3267784119,0.773436188698,-3.3276078701],[-268.003936768,26.9992332458,39.8641777039,-38.1035766602,238.919113159,63.9553070068,-8.36500358582,-25.5727138519,-13.883146286,-7.86627197266,27.4432373047,-11.4634866714,8.48955917358],[59.5903282166,-94.1909790039,1.06116437912,73.1206436157,63.9553070068,150.18057251,5.81606864929,10.1800823212,-24.9271774292,-1.38404083252,-18.7181930542,2.34861183167,4.22953701019],[-99.9240951538,-11.7830915451,20.2384567261,-3.54002571106,-8.36500358582,5.81606864929,93.5490188599,23.7863903046,15.5469007492,-8.95804691315,-13.5503578186,-3.95358562469,11.0595645905],[151.889877319,6.26560783386,-9.7606678009,0.413828402758,-25.5727138519,10.1800823212,23.7863903046,75.6737060547,22.0507144928,5.9978313446,-8.83831977844,6.31575965881,-0.976158678532],[56.8769073486,56.4748001099,-26.932767868,-9.7277135849,-13.883146286,-24.9271774292,15.5469007492,22.0507144928,66.6619186401,22.8780155182,6.41878795624,-1.35961008072,-0.505158722401],[54.9183120728,-16.632818222,4.03422307968,10.5631170273,-7.86627197266,-1.38404083252,-8.95804691315,5.9978313446,22.8780155182,71.2709197998,31.0115623474,6.80408763885,-7.54113006592],[-116.060386658,47.5577888489,19.6254005432,-24.3267784119,27.4432373047,-18.7181930542,-13.5503578186,-8.83831977844,6.41878795624,31.0115623474,77.5554428101,14.6715078354,-2.01608109474],[129.334625244,6.78235435486,-10.7730321884,0.773436188698,-11.4634866714,2.34861183167,-3.95358562469,6.31575965881,-1.35961008072,6.80408763885,14.6715078354,50.8603515625,16.4816951752],[-4.98850107193,7.02849245071,-0.470956325531,-3.3276078701,8.48955917358,4.22953701019,11.0595645905,-0.976158678532,-0.505158722401,-7.54113006592,-2.01608109474,16.4816951752,46.3546142578]],"icov":[[0.000186353383469,-0.000256011408055,0.000199755610083,-0.000114156478958,0.000113130910904,-0.000117747149488,0.000170444676769,-0.000263643392827,0.000222372487769,-0.000378373311833,0.000500859459862,-0.000444697012426,0.000117280535051],[-0.000256011408055,0.00122643250506,0.000337588164257,0.000231552621699,-0.000404393154895,0.000631945498753,-0.000222247399506,0.000208777375519,-0.000747017678805,0.001099837129,-0.00138635642361,0.000709446147084,-0.00026139288093],[0.000199755610083,0.000337588164257,0.00269258138724,9.25964684484e-7,-0.000341615697835,0.00045600469457,-0.000580601510592,-0.000461442745291,0.00124047650024,-0.000512395810802,-0.000440151779912,0.000159547154908,0.00000178527523076],[-0.000114156478958,0.000231552621699,9.25964684484e-7,0.00412495154887,0.00123874098063,-0.00246910797432,0.000135483307531,0.00103249913082,-0.000386887986679,-0.00046525412472,0.000218928646063,0.000460353534436,0.00000250300308835],[0.000113130910904,-0.000404393154895,-0.000341615697835,0.00123874098063,0.00652872165665,-0.00436560856178,0.000682110025082,0.00191431900021,-0.000955191964749,0.00150636280887,-0.00313575263135,0.00232338323258,-0.00148867408279],[-0.000117747149488,0.000631945498753,0.00045600469457,-0.00246910797432,-0.00436560856178,0.0115522285923,-0.00113208184484,-0.00308521953411,0.0045271627605,-0.00224166503176,0.00310336705297,-0.00133567140438,-0.0000359677724191],[0.000170444676769,-0.000222247399506,-0.000580601510592,0.000135483307531,0.000682110025082,-0.00113208184484,0.0133350519463,-0.0034869927913,-0.00314653315581,0.00185135891661,0.00112197652925,0.0016193294432,-0.00348082045093],[-0.000263643392827,0.000208777375519,-0.000461442745291,0.00103249913082,0.00191431900021,-0.00308521953411,-0.0034869927913,0.017894230783,-0.00609870674089,0.000401316472562,0.000799055909738,-0.00250969361514,0.00207500252873],[0.000222372487769,-0.000747017678805,0.00124047650024,-0.000386887986679,-0.000955191964749,0.0045271627605,-0.00314653315581,-0.00609870674089,0.0229593012482,-0.00867058057338,0.00179417175241,0.00150773150381,-0.00111222604755],[-0.000378373311833,0.001099837129,-0.000512395810802,-0.00046525412472,0.00150636280887,-0.00224166503176,0.00185135891661,0.000401316472562,-0.00867058057338,0.0224408656359,-0.0101995822042,0.000219345834921,0.00228398526087],[0.000500859459862,-0.00138635642361,-0.000440151779912,0.000218928646063,-0.00313575263135,0.00310336705297,0.00112197652925,0.000799055909738,0.00179417175241,-0.0101995822042,0.0222993399948,-0.00785820465535,0.00243976362981],[-0.000444697012426,0.000709446147084,0.000159547154908,0.000460353534436,0.00232338323258,-0.00133567140438,0.0016193294432,-0.00250969361514,0.00150773150381,0.000219345834921,-0.00785820465535,0.0275764800608,-0.0109582627192],[0.000117280535051,-0.00026139288093,0.00000178527523076,0.00000250300308835,-0.00148867408279,-0.0000359677724191,-0.00348082045093,0.00207500252873,-0.00111222604755,0.00228398526087,0.00243976362981,-0.0109582627192,0.0271372143179]],"mean":[-659.567565918,176.151443481,-23.2133178711,25.5647277832,7.85073184967,10.918507576,-1.08111584187,7.23853588104,4.05227136612,1.82882797718,-0.38577568531,5.06287622452,1.85230517387]},"pitch_salience":{"dmean":0.0773579329252,"dmean2":0.129502534866,"dvar":0.00467203743756,"dvar2":0.012914352119,"max":0.824601531029,"mean":0.573977708817,"median":0.589786231518,"min":0.0855835527182,"var":0.0111992796883},"silence_rate_20dB":{"dmean":0,"dmean2":0,"dvar":0,"dvar2":0,"max":1,"mean":1,"median":1,"min":1,"var":0},"silence_rate_30dB":{"dmean":0.0568093396723,"dmean2":0.113633416593,"dvar":0.0535872764885,"dvar2":0.132903471589,"max":1,"mean":0.952535331249,"median":1,"min":0,"var":0.045214779675},"silence_rate_60dB":{"dmean":0.00363164721057,"dmean2":0.00726423645392,"dvar":0.00361848575994,"dvar2":0.00824957340956,"max":1,"mean":0.0566722862422,"median":0,"min":0,"var":0.053460560739},"spectral_centroid":{"dmean":166.047058105,"dmean2":250.63218689,"dvar":38794.1601562,"dvar2":66231.203125,"max":10609.5009766,"mean":1024.89648438,"median":916.630310059,"min":171.211654663,"var":350484.28125},"spectral_complexity":{"dmean":3.20000004768,"dmean2":5.07277202606,"dvar":8.74978733063,"dvar2":18.926700592,"max":59,"mean":23.7227344513,"median":25,"min":0,"var":88.1458892822},"spectral_contrast_coeffs":{"dmean":[0.0542587824166,0.0497641600668,0.0393153354526,0.0282842442393,0.0233051832765,0.0356683433056],"dmean2":[0.0911092162132,0.084043033421,0.0657429099083,0.0475960299373,0.0380365811288,0.0549887828529],"dvar":[0.00189713598229,0.00151724752504,0.00102994067129,0.000493134255521,0.00038453572779,0.000987973064184],"dvar2":[0.00526361120865,0.00427183415741,0.00278546242043,0.00139233632945,0.000996905961074,0.0022888018284],"max":[-0.422046989202,-0.478995352983,-0.550260901451,-0.609276771545,-0.642487883568,-0.464659512043],"mean":[-0.692688286304,-0.766323447227,-0.793658792973,-0.809520363808,-0.795322060585,-0.763317704201],"median":[-0.696014046669,-0.769340634346,-0.798281669617,-0.810898780823,-0.7942019701,-0.765117883682],"min":[-0.971198916435,-0.974558711052,-0.964276850224,-0.955977976322,-0.957953810692,-0.957037210464],"var":[0.00551578309387,0.00405586976558,0.00367640890181,0.00183553330135,0.00194539246149,0.00415062857792]},"spectral_contrast_valleys":{"dmean":[0.380751907825,0.344301491976,0.296983778477,0.237871587276,0.264329522848,0.549026012421],"dmean2":[0.629111230373,0.57159268856,0.476650506258,0.383829712868,0.388869047165,0.86367213726],"dvar":[0.114076592028,0.0898558720946,0.0771608799696,0.0601700656116,0.091355368495,0.227291107178],"dvar2":[0.280233293772,0.211281612515,0.165507793427,0.114481113851,0.17038102448,0.587329864502],"max":[-4.95495223999,-4.48953580856,-5.02436113358,-5.68400526047,-5.54891824722,-9.04310321808],"mean":[-6.72339248657,-6.28468847275,-6.79448604584,-7.1477856636,-7.79351758957,-11.1264867783],"median":[-6.34182786942,-5.93531608582,-6.44349956512,-6.78401899338,-7.48610448837,-10.8726148605],"min":[-26.9103488922,-26.8133296967,-27.1212882996,-27.3322143555,-27.3772068024,-27.2571353912],"var":[3.39512753487,2.93570399284,2.85324931145,2.53461766243,2.10538768768,1.62872004509]},"spectral_decrease":{"dmean":4.20621715236e-9,"dmean2":6.841006428e-9,"dvar":2.50901167862e-17,"dvar2":6.40383113206e-17,"max":8.24365375962e-9,"mean":-9.03900332361e-9,"median":-8.22081425156e-9,"min":-5.01974994904e-8,"var":4.65969070112e-17},"spectral_energy":{"dmean":0.0162884388119,"dmean2":0.0261631328613,"dvar":0.000360189296771,"dvar2":0.000909343827516,"max":0.2038769871,"mean":0.0600743256509,"median":0.0598408579826,"min":1.09207381383e-20,"var":0.000926753389649},"spectral_energyband_high":{"dmean":0.000292637065286,"dmean2":0.000421660137363,"dvar":3.10536279358e-7,"dvar2":5.64581569051e-7,"max":0.0240473262966,"mean":0.000954346382059,"median":0.000652062590234,"min":8.28312492899e-21,"var":0.00000117254523957},"spectral_energyband_low":{"dmean":0.0131843313575,"dmean2":0.0220071803778,"dvar":0.000310050236294,"dvar2":0.000807396078017,"max":0.177865624428,"mean":0.023614237085,"median":0.0189222544432,"min":3.89995381938e-23,"var":0.000418691604864},"spectral_energyband_middle_high":{"dmean":0.00246998528019,"dmean2":0.00381506793201,"dvar":0.0000121113180285,"dvar2":0.0000293603970931,"max":0.0589102245867,"mean":0.00772028043866,"median":0.00605864962563,"min":1.47981955253e-21,"var":0.0000457005080534},"spectral_energyband_middle_low":{"dmean":0.00575822265819,"dmean2":0.00928253121674,"dvar":0.0000424253157689,"dvar2":0.000106072104245,"max":0.0974054336548,"mean":0.0165316704661,"median":0.0134511804208,"min":2.73181218813e-22,"var":0.000164966710145},"spectral_entropy":{"dmean":0.150612488389,"dmean2":0.227958485484,"dvar":0.0204433761537,"dvar2":0.0462771691382,"max":9.7993106842,"mean":7.43528032303,"median":7.44386720657,"min":5.87565040588,"var":0.108335457742},"spectral_flux":{"dmean":0.0285560041666,"dmean2":0.0455827787519,"dvar":0.000909577705897,"dvar2":0.00213585793972,"max":0.378716766834,"mean":0.133891537786,"median":0.134485557675,"min":1.04502337339e-10,"var":0.00274657947011},"spectral_kurtosis":{"dmean":5.77808380127,"dmean2":8.86861038208,"dvar":38.4343795776,"dvar2":93.7666015625,"max":78.7159118652,"mean":25.181558609,"median":23.227098465,"min":-1.15533685684,"var":116.146537781},"spectral_rms":{"dmean":0.000995701760985,"dmean2":0.00157225539442,"dvar":0.00000110993789804,"dvar2":0.00000268680628324,"max":0.0141033465043,"mean":0.00725903874263,"median":0.00764076737687,"min":3.26410469834e-12,"var":0.00000591538582739},"spectral_rolloff":{"dmean":4665.68359375,"dmean2":9022.1171875,"dvar":60964836,"dvar2":146186176,"max":22028.4667969,"mean":16325.6015625,"median":21253.2714844,"min":43.06640625,"var":71952416},"spectral_skewness":{"dmean":0.399060070515,"dmean2":0.602630257607,"dvar":0.165283545852,"dvar2":0.377142161131,"max":6.68887090683,"mean":3.48049044609,"median":3.38166880608,"min":0.00109326501843,"var":0.703574717045},"spectral_spread":{"dmean":448563.3125,"dmean2":686980.9375,"dvar":289600208896,"dvar2":504922898432,"max":39728340,"mean":3683561.25,"median":3571208.75,"min":1618207.125,"var":1062164889600},"spectral_strongpeak":{"dmean":5.21513366699,"dmean2":9.88271331787,"dvar":313.467468262,"dvar2":834.013427734,"max":201.880187988,"mean":4.33974504471,"median":0.276728063822,"min":0,"var":297.478881836},"zerocrossingrate":{"dmean":0.0388927720487,"dmean2":0.0500125028193,"dvar":0.00112153345253,"dvar2":0.0018438011175,"max":0.69384765625,"mean":0.303223609924,"median":0.29296875,"min":0.05224609375,"var":0.00674252258614}},"metadata":{"audio_properties":{"analysis_sample_rate":44100,"bit_rate":229533,"codec":"mp3","downmix":"mix","equal_loudness":0,"length":179.018203735,"lossless":false,"md5_encoded":"416318df03a63fa3a58702a3c87f9580","replay_gain":-11.1575775146},"tags":{"album":["Surf's Up"],"albumartist":["Various Artists"],"albumartistsort":["Various Artists"],"artist":["Pearl Jam"],"artistsort":["Pearl Jam"],"date":["2007-06-05"],"discnumber":["1/1"],"file_name":"09 - Big Wave.mp3","musicbrainz album type":["soundtrack"],"musicbrainz_albumartistid":["89ad4ac3-39f7-470e-963a-56509c546377"],"musicbrainz_albumid":["7a40f64c-94ee-45a7-b823-297dec42f110"],"musicbrainz_artistid":["83b9cbe7-9857-49e2-ab8e-b57b01038103"],"musicbrainz_recordingid":["9997f818-3b53-4e0e-a674-2f8f0d75b69f"],"musicbrainz_releasegroupid":["1b9b7c4a-62e4-3d69-a139-272efcd6c624"],"title":["Big Wave"],"tracknumber":["9/14"]},"version":{"essentia":"2.1-beta1","essentia_build_sha":"0a826ad6289770054bb7564d59068f1232327ff9","essentia_git_sha":"v2.1_beta1-5-gf9dded9","extractor":"music 1.0"}},"rhythm":{"beats_count":456,"beats_loudness":{"dmean":0.0251625925303,"dmean2":0.0447614639997,"dvar":0.000433949229773,"dvar2":0.00140862038825,"max":0.156923130155,"mean":0.0669429376721,"median":0.0683769583702,"min":5.71359959345e-10,"var":0.000827593263239},"beats_loudness_band_ratio":{"dmean":[0.183484435081,0.0824770107865,0.0796580165625,0.0635392218828,0.0312690213323,0.0961866155267],"dmean2":[0.317449420691,0.143218487501,0.138211652637,0.109382376075,0.0569428987801,0.166762903333],"dvar":[0.0177539754659,0.00730830477551,0.00802518613636,0.00572228524834,0.0018173266435,0.00654250802472],"dvar2":[0.0537485033274,0.0194276403636,0.0244705807418,0.0159415826201,0.00542540894821,0.0190775431693],"max":[0.885062098503,0.637985706329,0.783459126949,0.495976924896,0.468460947275,0.568906664848],"mean":[0.436849504709,0.123015224934,0.11569596082,0.0881215929985,0.045049443841,0.216562956572],"