{"lowlevel":{"average_loudness":0.296797424555,"barkbands":{"dmean":[0.00000871876090969,0.000150238687638,0.000526947667822,0.000827954732813,0.00327610294335,0.000908766232897,0.00135399959981,0.000616174249444,0.000333970761858,0.000172809552168,0.0000855045873323,0.0000627547051408,0.0000383875412808,0.0000306170768454,0.0000158688035299,0.00000613049451204,0.00000453852135252,0.00000355093084181,0.00000370068551092,0.00000263025845015,0.000005196240636,0.0000146873862832,0.0000153664877871,0.00000333480033987,0.00000119446201552,2.50226946719e-7,4.11335454586e-9],"dmean2":[0.0000147978280438,0.000239604880335,0.000828991294838,0.00139581772964,0.00467357924208,0.00130529480521,0.0019278608961,0.00083690014435,0.000481862807646,0.000250241719186,0.000128040104755,0.0000937342192628,0.0000582900065638,0.0000455902918475,0.0000245350747718,0.00000972006273514,0.00000721971446183,0.00000558259898753,0.00000591160505792,0.00000398192923967,0.0000073861178862,0.0000206993609027,0.0000210804373637,0.00000474890111946,0.00000168498081621,3.54722743623e-7,6.58847509882e-9],"dvar":[9.48799580569e-11,1.55908381316e-7,0.00000143384306739,0.00000290299340122,0.0000526077528775,0.00000827272560855,0.0000176076009666,0.00000569975009057,0.00000168182555171,5.65157904475e-7,1.51561678763e-7,5.08759825379e-8,2.35791937087e-8,1.89248989813e-8,4.50689841003e-9,3.82485432215e-10,9.2802592e-11,8.5113867343e-11,2.11388226368e-10,1.71647404623e-10,3.25738458429e-9,5.15147320357e-8,4.33011457801e-8,7.2469641399e-10,6.1289105735e-11,6.31889289157e-13,1.16799967135e-16],"dvar2":[2.61958926773e-10,3.61541907523e-7,0.00000364888660442,0.0000081621683421,0.000095935385616,0.0000151195481521,0.0000322105515806,0.00000973475289356,0.00000342961948263,0.00000101985824585,3.42974061596e-7,1.13161739534e-7,4.98526624426e-8,3.95324413205e-8,1.07960564932e-8,8.51300419047e-10,2.20473847512e-10,2.03474487259e-10,3.64650865059e-10,3.39958811102e-10,5.9685296705e-9,1.12629322757e-7,7.48057971123e-8,1.33858757412e-9,1.11144447812e-10,1.32831961576e-12,2.52163243645e-16],"max":[0.000177681475179,0.0119567075744,0.0253230445087,0.0380559116602,0.171041414142,0.111263431609,0.111150145531,0.0803320333362,0.0416451320052,0.0267333351076,0.0193635821342,0.00848696939647,0.00598451681435,0.00480692461133,0.00264957756735,0.00149256223813,0.000375671399524,0.00044559550588,0.00147135090083,0.00105549045838,0.00415434129536,0.021575242281,0.0137653052807,0.00187717669178,0.000709678221028,0.0000399708842451,5.31489376954e-7],"mean":[0.0000195652537514,0.000568244198803,0.00142429757398,0.00156300642993,0.00726946163923,0.00140575889964,0.00226701120846,0.00109417794738,0.000659949786495,0.000330691749696,0.000136730974191,0.000100842429674,0.0000603845146543,0.0000544183712918,0.000024075516194,0.0000104389328044,0.00000803894363344,0.00000608285881754,0.00000672901660437,0.0000047557768994,0.00000700712735124,0.0000175104032678,0.0000199485493795,0.00000492310209665,0.00000191639128388,3.94345818222e-7,9.30938615085e-9],"median":[0.0000182600851986,0.0000653259485262,0.0004720010038,0.000621428305749,0.00209637754597,0.000308104092255,0.000372142996639,0.000126098209876,0.000099481549114,0.0000459628499812,0.0000239865548792,0.0000208522124012,0.00000728099439584,0.00000451258028988,0.000007168700904,0.0000046928298616,0.00000415352815253,0.00000259357329924,0.00000344419777321,0.00000216031139644,0.00000101607713532,6.65671166189e-7,5.12205815539e-7,4.66712691605e-7,2.18517996586e-7,6.98157904822e-8,6.94830060155e-9],"min":[5.79057332413e-25,2.67932386052e-24,1.04659359587e-24,1.02866002648e-24,4.17948605006e-24,6.99406050721e-24,5.3052824641e-24,5.67372507748e-24,5.84753953389e-24,1.02721191452e-23,1.66027989071e-23,2.48098253528e-23,1.80163745403e-23,3.06487355372e-23,4.10241560179e-23,4.86199020368e-23,6.46112485453e-23,8.97885899944e-23,1.10400793385e-22,1.71202430671e-22,2.32735398813e-22,3.333313201e-22,3.24868016412e-22,5.38276878406e-22,8.60067605225e-22,1.16405122968e-21,1.76077267947e-21],"var":[1.39953909573e-10,0.00000129349939471,0.00000681131677993,0.00000641451015326,0.000210419297218,0.0000188561170944,0.0000473210311611,0.0000216941898543,0.00000583518885833,0.00000211023120755,3.59421704843e-7,1.13866342133e-7,5.30367465501e-8,6.58219292404e-8,7.70601005229e-9,7.41891936773e-10,2.00299873909e-10,1.68511496423e-10,4.48311832102e-10,3.09595071801e-10,5.39798827859e-9,6.3025723307e-8,7.52732205456e-8,1.40192224496e-9,1.35475325402e-10,1.23750987756e-12,1.69519138954e-16]},"barkbands_crest":{"dmean":2.55598950386,"dmean2":3.99752116203,"dvar":5.76388835907,"dvar2":13.4369878769,"max":26.7281951904,"mean":12.9776210785,"median":12.0221672058,"min":3.30488085747,"var":24.0164527893},"barkbands_flatness_db":{"dmean":0.022939061746,"dmean2":0.0329172462225,"dvar":0.000534306862392,"dvar2":0.00106253288686,"max":0.513692617416,"mean":0.248381942511,"median":0.243894860148,"min":0.0467118285596,"var":0.00407136650756},"barkbands_kurtosis":{"dmean":8.94005489349,"dmean2":13.0939445496,"dvar":448.928222656,"dvar2":865.447692871,"max":1012.68505859,"mean":18.3399467468,"median":10.4683103561,"min":-1.94204628468,"var":988.705200195},"barkbands_skewness":{"dmean":0.743315458298,"dmean2":1.06460797787,"dvar":0.779662311077,"dvar2":1.48636686802,"max":22.0699577332,"mean":2.40835475922,"median":2.15953230858,"min":-4.48181581497,"var":3.59863829613},"barkbands_spread":{"dmean":1.88337421417,"dmean2":2.76225352287,"dvar":21.9760169983,"dvar2":43.9639663696,"max":102.26108551,"mean":5.90394878387,"median":4.1365275383,"min":0.070423617959,"var":69.2151031494},"dissonance":{"dmean":0.0362647995353,"dmean2":0.0593314245343,"dvar":0.00102109310683,"dvar2":0.00268382718787,"max":0.499999970198,"mean":0.400553971529,"median":0.409319877625,"min":0.109215483069,"var":0.00327698909678},"dynamic_complexity":5.76087093353,"erbbands":{"dmean":[0.0018753814511,0.0473951734602,0.447362363338,1.62412428856,5.96468305588,13.7279109955,12.307393074,6.06834077835,16.8270874023,18.2179679871,10.8630037308,8.04644775391,5.48059797287,4.56673955917,3.00385689735,2.02998495102,1.63280379772,1.52430295944,1.14484786987,0.449486255646,0.31590411067,0.228553488851,0.206973478198,0.134699463844,0.204906061292,0.121807344258,0.141604661942,0.272096604109,0.502125620842,0.621896922588,0.379321277142,0.103604376316,0.0460523441434,0.0191275961697,0.005628305953,0.00184040958993,0.000273265468422,0.000018967255528,0.00000299211365018,0.00000594169887336],"dmean2":[0.00305837695487,0.0751318261027,0.70467209816,2.72821545601,9.2865447998,19.2594890594,16.7775592804,8.85060405731,23.7650318146,24.9510326385,14.6956243515,11.3524713516,7.81819868088,6.58655595779,4.30746221542,2.98983359337,2.43263435364,2.22724199295,1.68437218666,0.671929419041,0.496553778648,0.355212509632,0.321400970221,0.213485434651,0.330403029919,0.184000089765,0.206472620368,0.382229119539,0.704005360603,0.851422786713,0.54030495882,0.145689070225,0.0653449594975,0.0272981915623,0.0079412907362,0.00256677228026,0.000392745394493,0.0000289488125418,0.00000427276154369,0.00000849160187499],"dvar":[0.0000254660790233,0.0137193026021,0.997332811356,9.64933395386,144.802047729,1267.69616699,1583.94995117,342.261199951,3077.9284668,3381.50048828,1629.91357422,1127.81835938,521.341064453,435.569946289,128.820480347,49.9953346252,36.8614196777,42.9603004456,24.3450546265,2.64474773407,0.628829061985,0.2295268327,0.239964023232,0.245949238539,0.751171886921,0.384518921375,1.60870027542,10.7222585678,70.1519546509,71.9754943848,29.4163780212,0.996366679668,0.135408937931,0.0198524352163,0.000990196713246,0.0000392424917663,6.96680217516e-7,3.55163809473e-9,3.21616171195e-11,9.74733974091e-11],"dvar2":[0.0000617826808593,0.0328246243298,2.5632994175,26.2935428619,338.119720459,2228.27856445,2648.22167969,707.122924805,5684.35107422,5763.12109375,2792.89086914,2179.77832031,1020.77307129,838.00982666,265.53414917,107.70022583,73.5373764038,90.3418502808,53.4106178284,4.70692157745,1.24453520775,0.507105886936,0.562235057354,0.473139226437,1.39464330673,0.762356460094,2.89247727394,21.49335289,163.239181519,132.557220459,53.0051956177,1.79787528515,0.255606681108,0.0378902107477,0.001477540005,0.0000749934988562,0.00000156556529873,8.41368397175e-9,5.98595895074e-11,1.88932161582e-10],"max":[0.190979391336,3.1415886879,26.1045818329,69.3927459717,383.978729248,910.516845703,1384.41882324,798.645996094,1594.12561035,2449.82421875,2018.1282959,1286.8951416,885.395751953,1076.1262207,426.264862061,290.28213501,273.710418701,270.15737915,196.79083252,115.423942566,57.5755233765,27.1107578278,17.9024810791,38.1044883728,75.7469558716,43.4838867188,96.8771820068,233.684310913,812.304382324,655.335144043,393.11227417,57.0235900879,30.6328487396,12.261879921,3.33941292763,0.457265436649,0.0161930918694,0.00152254558634,0.000296917598462,0.000205252494197],"mean":[0.00538561493158,0.182810753584,1.36099171638,3.50324058533,12.5031404495,27.1067199707,24.3723621368,10.5324602127,28.0289573669,32.1009979248,19.7333621979,15.8672571182,10.8541631699,9.54036998749,5.72025489807,3.53575253487,2.89063239098,2.88622617722,1.98551154137,0.804603457451,0.593413352966,0.451712042093,0.378272503614,0.253011763096,0.384426802397,0.228829354048,0.21621273458,0.34254693985,0.58052957058,0.766773879528,0.505524337292,0.150195717812,0.0675403177738,0.029702693224,0.0095184808597,0.00299939443357,0.00042353477329,0.0000350765985786,0.00000997658662527,0.0000191105045815],"median":[0.00138843257446,0.0341498032212,0.499279499054,1.67158472538,5.26912975311,5.83851671219,3.54464411736,3.21384930611,4.96377134323,4.9599776268,3.50049781799,2.40257000923,1.88648855686,1.6537361145,1.15179204941,0.783599317074,0.43853032589,0.277799785137,0.381419837475,0.296554505825,0.290804058313,0.241403058171,0.170928806067,0.116222329438,0.208239033818,0.106732100248,0.0497113019228,0.0328917615116,0.0252546295524,0.019568188116,0.0137785123661,0.0114115672186,0.00672878231853,0.00312022119761,0.00121735478751,0.000451584608527,0.000103530743218,0.0000170368130057,0.0000057512006606,0.0000099197613963],"min":[4.42344444044e-23,5.41010300375e-22,2.14847299998e-21,3.76812111408e-21,1.22480544443e-20,1.13106398983e-20,4.87507844361e-20,7.59816832924e-20,7.38450369961e-20,2.28065869946e-19,1.8869645426e-19,1.69873946497e-19,5.14569155036e-19,8.46421402288e-19,8.0955422088e-19,1.01408910299e-18,9.55207078271e-19,2.06912530067e-18,1.91265105971e-18,2.44676675112e-18,3.04411088777e-18,3.64721344227e-18,5.10710326459e-18,5.79147321234e-18,5.18823934292e-18,7.54783531955e-18,8.55372003164e-18,8.52531795812e-18,9.8485256968e-18,1.06948431328e-17,1.00071508141e-17,1.03872080456e-17,9.56211523688e-18,8.02090156623e-18,6.29738225165e-18,3.97239178954e-18,2.05920554397e-18,8.77442381318e-19,2.35302847275e-19,2.60521406341e-20],"var":[0.000121088676678,0.107609815896,5.12147188187,26.3376350403,421.005859375,4209.03076172,6460.02392578,888.316833496,8152.24023438,11887.8994141,5845.65136719,3717.55712891,1633.06079102,2124.96044922,420.244598389,115.487892151,100.290794373,170.8334198,60.6376152039,7.18021154404,2.04182672501,0.616558790207,0.549977898598,0.532970368862,1.35845148563,0.703938484192,2.9825425148,15.7663173676,74.9164276123,112.690673828,51.2518234253,1.94558179379,0.239723175764,0.0392690077424,0.00267498963512,0.0000916007193155,0.00000112819213882,4.7379669077e-9,1.24153312631e-10,5.31497457157e-10]},"erbbands_crest":{"dmean":3.23656368256,"dmean2":5.00049495697,"dvar":9.00288295746,"dvar2":20.3731517792,"max":33.6500167847,"mean":13.2625865936,"median":11.8112306595,"min":2.49248933792,"var":36.9973564148},"erbbands_flatness_db":{"dmean":0.0204647853971,"dmean2":0.0283186007291,"dvar":0.000434150220826,"dvar2":0.000782553222962,"max":0.461422085762,"mean":0.236021056771,"median":0.230211019516,"min":0.0312920771539,"var":0.00389728113078},"erbbands_kurtosis":{"dmean":3.35460138321,"dmean2":4.97345924377,"dvar":36.6844673157,"dvar2":73.7478408813,"max":158.687789917,"mean":6.16788625717,"median":3.33540058136,"min":-1.89723181725,"var":92.77318573},"erbbands_skewness":{"dmean":0.504353046417,"dmean2":0.72245413065,"dvar":0.309718728065,"dvar2":0.590412855148,"max":9.88044071198,"mean":1.53910851479,"median":1.43935978413,"min":-6.59744739532,"var":1.4232032299},"erbbands_spread":{"dmean":5.57919311523,"dmean2":8.19055366516,"dvar":78.0129394531,"dvar2":150.714157104,"max":149.960113525,"mean":19.7402496338,"median":15.9778966904,"min":0.814551770687,"var":297.472473145},"gfcc":{"cov":[[16479.3808594,2153.04418945,-1356.6730957,-66.4052276611,-1298.9354248,250.659698486,-627.75982666,-467.417785645,-280.271087646,-383.595977783,-75.6743087769,-278.793731689,-118.767127991],[2153.04418945,1157.72387695,-222.602554321,-292.746307373,122.459068298,-260.948974609,61.7455062866,-56.7074584961,7.87014341354,-97.4311218262,54.4326820374,-121.187065125,18.3965759277],[-1356.6730957,-222.602554321,533.172241211,188.02545166,128.47492981,77.4195861816,30.1765232086,48.6187362671,15.2152280807,28.2662029266,9.72415924072,51.6437683105,29.4006519318],[-66.4052276611,-292.746307373,188.02545166,463.092346191,13.8433713913,108.752601624,23.7149677277,24.9696884155,-1.46300637722,31.8047599792,-28.7033557892,46.8908119202,5.62058496475],[-1298.9354248,122.459068298,128.47492981,13.8433713913,362.089599609,-56.8825378418,113.555656433,85.5303955078,16.9588832855,34.2680282593,9.78772258759,-10.5160627365,27.8237285614],[250.659698486,-260.948974609,77.4195861816,108.752601624,-56.8825378418,346.636688232,15.8116493225,29.1716823578,1.08194828033,29.5234394073,-8.04014492035,27.5499267578,-22.8715133667],[-627.75982666,61.7455062866,30.1765232086,23.7149677277,113.555656433,15.8116493225,206.211105347,70.0745391846,36.4860725403,23.0190143585,21.211730957,3.46308016777,4.49431562424],[-467.417785645,-56.7074584961,48.6187362671,24.9696884155,85.5303955078,29.1716823578,70.0745391846,193.671264648,22.2886638641,66.2081604004,-6.22827959061,6.60593080521,6.12663173676],[-280.271087646,7.87014341354,15.2152280807,-1.46300637722,16.9588832855,1.08194828033,36.4860725403,22.2886638641,137.824249268,42.5578079224,22.7462539673,9.66742801666,-9.91722393036],[-383.595977783,-97.4311218262,28.2662029266,31.8047599792,34.2680282593,29.5234394073,23.0190143585,66.2081604004,42.5578079224,123.994888306,34.1752586365,18.5686016083,-8.36848163605],[-75.6743087769,54.4326820374,9.72415924072,-28.7033557892,9.78772258759,-8.04014492035,21.211730957,-6.22827959061,22.7462539673,34.1752586365,96.6515655518,28.1089553833,2.21033096313],[-278.793731689,-121.187065125,51.6437683105,46.8908119202,-10.5160627365,27.5499267578,3.46308016777,6.60593080521,9.66742801666,18.5686016083,28.1089553833,95.6227340698,21.8001098633],[-118.767127991,18.3965759277,29.4006519318,5.62058496475,27.8237285614,-22.8715133667,4.49431562424,6.12663173676,-9.91722393036,-8.36848163605,2.21033096313,21.8001098633,66.5848617554]],"icov":[[0.000604907167144,-0.00193355081137,0.000829134252854,-0.00121409562416,0.00194623670541,-0.00137762259692,0.00144760543481,-0.000354932679329,0.000673912407365,-0.0001244701416,0.000390190049075,-0.000141363838338,0.000116097275168],[-0.00193355081137,0.00782991200686,-0.0022267815657,0.00426443014294,-0.00672077853233,0.00501628546044,-0.00496285688132,0.00119174085557,-0.00248757167719,0.00175786716864,-0.00284898816608,0.0022946994286,-0.00103840080556],[0.000829134252854,-0.0022267815657,0.00385631201789,-0.00246151094325,0.00148025667295,-0.00222828192636,0.00240145251155,-0.000715984904673,0.000547526637092,0.000550689990632,-0.000301931722788,-0.000456508336356,-0.000570744974539],[-0.00121409562416,0.00426443014294,-0.00246151094325,0.00544467242435,-0.00384060619399,0.0024332923349,-0.00348850549199,0.00113612355199,-0.00112810055725,-0.000414237467339,0.000489954371005,-0.000447359925602,-0.000234760911553],[0.00194623670541,-0.00672077853233,0.00148025667295,-0.00384060619399,0.0106987524778,-0.00368567602709,0.00278239673935,-0.0020008161664,0.00256811385043,-0.00159433297813,0.00180940469727,0.000190092192497,-0.000681621429976],[-0.00137762259692,0.00501628546044,-0.00222828192636,0.0024332923349,-0.00368567602709,0.00694017158821,-0.00402637571096,0.00045788809075,-0.00127095915377,0.00015039498976,-0.000935773015954,0.000235841420363,0.000872432719916],[0.00144760543481,-0.00496285688132,0.00240145251155,-0.00348850549199,0.00278239673935,-0.00402637571096,0.0104807149619,-0.00289900694042,0.000203977251658,0.000952307949774,-0.000707940431312,-0.000487892830279,0.000534286431503],[-0.000354932679329,0.00119174085557,-0.000715984904673,0.00113612355199,-0.0020008161664,0.00045788809075,-0.00289900694042,0.0081692924723,-0.000132341592689,-0.00434816954657,0.00250547844917,-0.000181006689672,-0.000894857861567],[0.000673912407365,-0.00248757167719,0.000547526637092,-0.00112810055725,0.00256811385043,-0.00127095915377,0.000203977251658,-0.000132341592689,0.00947009492666,-0.00313820387237,0.000275549420621,-0.00107126834337,0.00158917438239],[-0.0001244701416,0.00175786716864,0.000550689990632,-0.000414237467339,-0.00159433297813,0.00015039498976,0.000952307949774,-0.00434816954657,-0.00313820387237,0.0143426842988,-0.0061936895363,0.000851541000884,0.00139981147368],[0.000390190049075,-0.00284898816608,-0.000301931722788,0.000489954371005,0.00180940469727,-0.000935773015954,-0.000707940431312,0.00250547844917,0.000275549420621,-0.0061936895363,0.0163635928184,-0.00609949184582,0.00103120610584],[-0.000141363838338,0.0022946994286,-0.000456508336356,-0.000447359925602,0.000190092192497,0.000235841420363,-0.000487892830279,-0.000181006689672,-0.00107126834337,0.000851541000884,-0.00609949184582,0.0164697133005,-0.00583794573322],[0.000116097275168,-0.00103840080556,-0.000570744974539,-0.000234760911553,-0.000681621429976,0.000872432719916,0.000534286431503,-0.000894857861567,0.00158917438239,0.00139981147368,0.00103120610584,-0.00583794573322,0.0187047719955]],"mean":[-153.75340271,152.923614502,-89.6670608521,12.8013458252,-66.3684310913,-8.251912117,-39.2270774841,-4.26646375656,-25.4190864563,-12.3624839783,-15.6010293961,-12.6353683472,-9.12629032135]},"hfc":{"dmean":1.89428687096,"dmean2":2.62339615822,"dvar":15.6522903442,"dvar2":28.6297016144,"max":246.756744385,"mean":5.92679357529,"median":2.51352572441,"min":1.04385501536e-16,"var":66.8197250366},"melbands":{"dmean":[0.000028303153158,0.000175512454007,0.000380001118174,0.000694918155205,0.000474071071949,0.000146223508636,0.00026310593239,0.000188592282939,0.0000819204651634,0.0000486438002554,0.0000278504321614,0.000020109471734,0.0000114153663162,0.00000758428632253,0.0000043118557187,0.00000369249983123,0.00000302636954075,0.00000222858420784,8.35761511553e-7,4.44802850552e-7,3.8945645997e-7,2.35710231777e-7,3.02761179682e-7,1.38519794746e-7,1.12151823828e-7,1.68100243059e-7,1.18368660651e-7,7.96114321133e-8,7.93065098037e-8,1.18780107528e-7,1.73844981077e-7,2.64523919213e-7,3.38049261472e-7,3.77082585601e-7,2.66160270712e-7,1.05276214413e-7,4.97858358983e-8,3.43556258997e-8,2.58408210385e-8,1.3511131769e-8],"dmean2":[0.000045328244596,0.000275846658042,0.000619602331426,0.00100098981056,0.000650720729027,0.000213342704228,0.000372848415282,0.000257832900388,0.000111694374937,0.0000691665409249,0.0000399977834604,0.0000290550688078,0.0000168452297657,0.0000109953080027,0.0000064056375777,0.00000553873769604,0.00000444469606009,0.00000330774901158,0.00000124590189898,6.9561951932e-7,6.21937999767e-7,3.70875568478e-7,4.80616165532e-7,2.17582936557e-7,1.8118559808e-7,2.73003877282e-7,1.86369476296e-7,1.22569289829e-7,1.17586168358e-7,1.73738882836e-7,2.46356989919e-7,3.86251826967e-7,4.82129337342e-7,5.24477400177e-7,3.83735681453e-7,1.50551784373e-7,7.20106427821e-8,4.94292464737e-8,3.73798982878e-8,1.95769391809e-8],"dvar":[5.73291059069e-9,1.51211921207e-7,5.04948445723e-7,0.0000025002655093,0.00000184754878774,1.84462265906e-7,7.17942839401e-7,3.56477045216e-7,8.3930871142e-8,3.99754114255e-8,1.35444304661e-8,8.29067037245e-9,2.21250018306e-9,7.32809812831e-10,2.87871476656e-10,2.20258269956e-10,1.87687185238e-10,1.06607944694e-10,1.05597371125e-11,2.58627993154e-12,9.7747526219e-13,2.71890067969e-13,4.20460080598e-13,1.54052226704e-13,1.8695208413e-13,4.86537730677e-13,2.92293289182e-13,1.75405886647e-13,3.51990680526e-13,1.6826812296e-12,4.46257831035e-12,2.17267332597e-11,2.67044858449e-11,2.80010164361e-11,1.55155905485e-11,1.64035018207e-12,1.64291282943e-13,7.65292980354e-14,4.46901630285e-14,9.12902549101e-15],"dvar2":[1.32076820591e-8,3.89566309877e-7,0.00000134338893076,0.00000455990311821,0.00000318563206747,3.70407917671e-7,0.00000132349293835,6.06932644587e-7,1.44372464206e-7,7.85291192074e-8,2.64539501416e-8,1.56567594445e-8,5.16847498133e-9,1.51632506551e-9,6.04838956697e-10,4.59994153879e-10,3.85352721954e-10,2.23592241944e-10,1.90849246129e-11,5.46785533517e-12,2.00355899406e-12,6.10130869438e-13,1.0383645983e-12,3.72332590107e-13,3.79420236549e-13,9.31005814976e-13,6.15182601041e-13,3.63300128913e-13,6.77033136585e-13,2.90043965408e-12,9.24529897084e-12,5.34243760342e-11,5.51689562089e-11,5.49019926743e-11,2.94343091567e-11,3.05609465685e-12,3.16101718368e-13,1.52252518861e-13,9.27416102898e-14,1.74484467266e-14],"max":[0.00274995760992,0.0103792110458,0.0156564470381,0.0446221269667,0.0415385700762,0.0177442859858,0.0221554096788,0.0256724655628,0.013582081534,0.00732877291739,0.00451661692932,0.0046657868661,0.00157685775775,0.00109414302278,0.000759036047384,0.000542409368791,0.000467537756776,0.000418528739829,0.000229040379054,0.000132414148538,0.0000706511782482,0.0000296265588986,0.0000181450668606,0.0000183345746336,0.0000297663700621,0.0000698539224686,0.0000471263410873,0.0000286669564957,0.0000357411299774,0.000110904053145,0.000147427010234,0.000448074977612,0.000476702582091,0.000351246912032,0.000290574185783,0.0000900895174709,0.0000204451571335,0.0000209834834095,0.0000164754655998,0.00000885707049747],"mean":[0.000100575554825,0.00056152860634,0.000850271550007,0.00144117779564,0.000993789406493,0.000235658313613,0.000443178869318,0.000338491081493,0.000143863318954,0.0000940393583733,0.0000526087642356,0.0000401991601393,0.0000198812813323,0.0000128052133732,0.00000672660235068,0.00000590263607592,0.00000530847455593,0.00000351835637957,0.00000138068617161,7.41762733014e-7,6.79960180605e-7,4.26897145189e-7,4.95285348734e-7,2.34698134705e-7,1.85859590829e-7,2.93556894349e-7,2.22403400585e-7,1.33344713049e-7,1.21159303035e-7,1.59164329716e-7,2.08247570299e-7,2.96346456707e-7,4.04095032991e-7,4.48820912879e-7,3.40393000897e-7,1.41998413028e-7,7.06813736429e-8,4.86248268317e-8,3.63300536321e-8,2.08818864422e-8],"median":[0.0000139972153193,0.000198998357519,0.000423779012635,0.000479941314552,0.000154053806909,0.0000616113611613,0.0000750938124838,0.0000484428346681,0.0000242111673288,0.0000133014100356,0.00000857515442476,0.00000657768396195,0.00000391144021705,0.00000229280180974,0.00000118687114536,6.71972372857e-7,4.12986508991e-7,5.66804601476e-7,4.38255653989e-7,3.11425878863e-7,3.28239366354e-7,2.09654245964e-7,2.24544777438e-7,8.25511818903e-8,7.50764570512e-8,1.47932709638e-7,1.19326969639e-7,5.30143466904e-8,3.24943449925e-8,1.93837461637e-8,1.70368235075e-8,1.37519720056e-8,1.17145146916e-8,9.4761434255e-9,7.50551265583e-9,7.18508186281e-9,6.24280849237e-9,4.58596272068e-9,3.70483288492e-9,2.08885775344e-9],"min":[8.03002666757e-25,1.64942167394e-24,1.04611515173e-24,1.27366178402e-24,1.51337915957e-24,1.6421096236e-24,1.15975786209e-24,1.96160400946e-24,1.54617023385e-24,1.12028444569e-24,2.15913044139e-24,2.69354603657e-24,2.49613872263e-24,2.22267358174e-24,1.89688901624e-24,1.83866240396e-24,3.44598858646e-24,2.60443551986e-24,3.594819818e-24,2.40028679784e-24,2.88338699113e-24,2.86787404143e-24,3.28389581423e-24,3.69481188204e-24,4.45368897312e-24,3.23323319475e-24,3.40297476231e-24,3.86145362067e-24,4.78138849846e-24,4.55360846195e-24,5.09886359762e-24,4.61734250664e-24,5.70187952319e-24,5.37274782087e-24,5.2225924863e-24,5.59363518522e-24,5.78344419092e-24,5.97909983921e-24,5.60911184732e-24,5.90482424625e-24],"var":[4.17530188201e-8,7.75397268171e-7,0.00000137044685289,0.00000890913270268,0.00000827357780508,4.68558283728e-7,0.00000191246499526,0.00000134836204779,2.84150303287e-7,1.30157090439e-7,4.21100452286e-8,3.97157542409e-8,5.93221738399e-9,2.04957006922e-9,5.65831770327e-10,5.21480025828e-10,6.70822064563e-10,2.48836923289e-10,2.65904659402e-11,4.74891263466e-12,3.00909102323e-12,6.68867522133e-13,8.65926796413e-13,2.93495859126e-13,3.64594151311e-13,8.70635757499e-13,4.48826685453e-13,2.99324557111e-13,6.19415760003e-13,3.07722120355e-12,6.17846485779e-12,2.08362389842e-11,3.54590350138e-11,4.02937162802e-11,2.5428284478e-11,2.91559268048e-12,3.11077064715e-13,1.26545326409e-13,7.06654922295e-14,1.90501081029e-14]},"melbands_crest":{"dmean":3.06675958633,"dmean2":4.83422088623,"dvar":8.15609455109,"dvar2":19.6525268555,"max":39.3841705322,"mean":16.7861995697,"median":15.985294342,"min":1.49872756004,"var":35.6029548645},"melbands_flatness_db":{"dmean":0.0251171346754,"dmean2":0.0358147211373,"dvar":0.000667526503094,"dvar2":0.00132254103664,"max":0.639933645725,"mean":0.341941058636,"median":0.342976540327,"min":0.00331417145208,"var":0.00572899868712},"melbands_kurtosis":{"dmean":10.7764511108,"dmean2":15.9493045807,"dvar":385.837097168,"dvar2":847.143249512,"max":1125.92004395,"mean":21.8622283936,"median":12.8119411469,"min":-1.88405823708,"var":872.520812988},"melbands_skewness":{"dmean":0.812890172005,"dmean2":1.17532503605,"dvar":0.770262658596,"dvar2":1.62593758106,"max":31.4936904907,"mean":2.6649711132,"median":2.44032335281,"min":-2.48698377609,"var":3.57760357857},"melbands_spread":{"dmean":2.22530174255,"dmean2":3.2722363472,"dvar":44.5393409729,"dvar2":86.0930786133,"max":220.890838623,"mean":7.66411209106,"median":4.84511899948,"min":0.2546415627,"var":246.6771698},"mfcc":{"cov":[[6493.74462891,960.546447754,112.150749207,-354.508453369,-349.249237061,299.377960205,-260.086517334,11.8092794418,-319.596588135,-232.173797607,36.5589904785,-41.9036254883,-257.467132568],[960.546447754,1644.63146973,-236.817825317,-8.87439918518,7.64887571335,-205.982437134,38.6478996277,-61.7790374756,-32.6582946777,20.6078872681,-63.5517425537,-20.6466407776,14.9107675552],[112.150749207,-236.817825317,431.904388428,78.5026321411,47.9925994873,105.616424561,-5.72714328766,41.5223197937,8.21030521393,-30.7332820892,-1.64695119858,15.1766443253,18.6168231964],[-354.508453369,-8.87439918518,78.5026321411,375.97668457,77.4315032959,-11.5832996368,48.7898406982,9.36455154419,59.6578140259,18.2292289734,-30.1272220612,-12.2263641357,52.9827690125],[-349.249237061,7.64887571335,47.9925994873,77.4315032959,192.969772339,14.4128770828,45.0909538269,1.59869587421,46.7880401611,22.8542690277,-10.6213579178,13.1300439835,16.9006824493],[299.377960205,-205.982437134,105.616424561,-11.5832996368,14.4128770828,218.717468262,14.3480730057,48.7842597961,-6.41021108627,-18.2988052368,45.5000991821,12.3139705658,-21.0000858307],[-260.086517334,38.6478996277,-5.72714328766,48.7898406982,45.0909538269,14.3480730057,192.399169922,40.0799293518,56.5037727356,36.425655365,-2.56836366653,26.4580402374,17.6498355865],[11.8092794418,-61.7790374756,41.5223197937,9.36455154419,1.59869587421,48.7842597961,40.0799293518,114.825737,40.7674713135,9.61799049377,18.4133167267,8.07524967194,10.4202308655],[-319.596588135,-32.6582946777,8.21030521393,59.6578140259,46.7880401611,-6.41021108627,56.5037727356,40.7674713135,129.141891479,65.1719512939,-1.03025913239,5.92601394653,23.7687034607],[-232.173797607,20.6078872681,-30.7332820892,18.2292289734,22.8542690277,-18.2988052368,36.425655365,9.61799049377,65.1719512939,134.656906128,40.597618103,12.968495369,27.8967342377],[36.5589904785,-63.5517425537,-1.64695119858,-30.1272220612,-10.6213579178,45.5000991821,-2.56836366653,18.4133167267,-1.03025913239,40.597618103,115.026992798,43.2667808533,2.80613136292],[-41.9036254883,-20.6466407776,15.1766443253,-12.2263641357,13.1300439835,12.3139705658,26.4580402374,8.07524967194,5.92601394653,12.968495369,43.2667808533,88.0495223999,30.8863296509],[-257.467132568,14.9107675552,18.6168231964,52.9827690125,16.9006824493,-21.0000858307,17.6498355865,10.4202308655,23.7687034607,27.8967342377,2.80613136292,30.8863296509,108.746444702]],"icov":[[0.000294797122478,-0.000275649566902,-0.000146198392031,0.0000414255155192,0.000440063129645,-0.000554884725716,0.000306893023662,-0.00015806441661,0.000276650098385,0.0000340378537658,0.000116685761895,-0.000223046125029,0.000521530339029],[-0.000275649566902,0.000999774667434,0.000407429237384,-0.0000328604546667,-0.000572706339881,0.00106323638465,-0.000528913340531,0.000117779971333,0.000206354132388,-0.00020341835625,0.000122053839732,0.000260433123913,-0.000544600537978],[-0.000146198392031,0.000407429237384,0.00314431195147,-0.000583467597608,-0.000766389130149,-0.000937409990001,0.000410540407756,-0.000631298637018,0.0000113571122711,0.000412724446505,0.000655351264868,-0.000558392261155,-0.000690749380738],[0.0000414255155192,-0.0000328604546667,-0.000583467597608,0.00346373440698,-0.000803295872174,0.000150539242895,-0.000566101574805,0.000437085225713,-0.00106969708577,0.000460544892121,0.00000116914111459,0.00137138250284,-0.00155506900046],[0.000440063129645,-0.000572706339881,-0.000766389130149,-0.000803295872174,0.00716024637222,-0.00162912486121,-0.000262634392129,0.00106183404569,-0.00145848549437,-0.000340628554113,0.00109581637662,-0.00148857454769,0.000957146461587],[-0.000554884725716,0.00106323638465,-0.000937409990001,0.000150539242895,-0.00162912486121,0.00811663921922,-0.00142645125743,-0.00179381424095,0.00036530487705,0.00115645176265,-0.00315665896051,0.00114362349268,0.000231740879826],[0.000306893023662,-0.000528913340531,0.000410540407756,-0.000566101574805,-0.000262634392129,-0.00142645125743,0.00738854287192,-0.0021113588009,-0.00110506277997,-0.00124968623277,0.00207268516533,-0.00308110634796,0.00115686852951],[-0.00015806441661,0.000117779971333,-0.000631298637018,0.000437085225713,0.00106183404569,-0.00179381424095,-0.0021113588009,0.0123939961195,-0.00474274717271,0.00194093666505,-0.002224086551,0.00142033305019,-0.00165891926736],[0.000276650098385,0.000206354132388,0.0000113571122711,-0.00106969708577,-0.00145848549437,0.00036530487705,-0.00110506277997,-0.00474274717271,0.0147396055982,-0.00654888385907,0.00290069286712,-0.000723445031326,0.000665925443172],[0.0000340378537658,-0.00020341835625,0.000412724446505,0.000460544892121,-0.000340628554113,0.00115645176265,-0.00124968623277,0.00194093666505,-0.00654888385907,0.0133529789746,-0.00650590658188,0.00257904571481,-0.00245213066228],[0.000116685761895,0.000122053839732,0.000655351264868,0.00000116914111459,0.00109581637662,-0.00315665896051,0.00207268516533,-0.002224086551,0.00290069286712,-0.00650590658188,0.0157163105905,-0.00786869507283,0.00210787612014],[-0.000223046125029,0.000260433123913,-0.000558392261155,0.00137138250284,-0.00148857454769,0.00114362349268,-0.00308110634796,0.00142033305019,-0.000723445031326,0.00257904571481,-0.00786869507283,0.01800327003,-0.00573393888772],[0.000521530339029,-0.000544600537978,-0.000690749380738,-0.00155506900046,0.000957146461587,0.000231740879826,0.00115686852951,-0.00165891926736,0.000665925443172,-0.00245213066228,0.00210787612014,-0.00573393888772,0.0133059090003]],"mean":[-797.519348145,182.903305054,25.0279064178,20.0531311035,-4.49091959,-8.08936977386,-6.87325143814,-3.92199897766,-7.22898054123,-2.26392912865,-10.8853254318,-8.23908615112,-2.56665802002]},"pitch_salience":{"dmean":0.0728277117014,"dmean2":0.114852547646,"dvar":0.00443068053573,"dvar2":0.0106155099347,"max":0.853978335857,"mean":0.528901934624,"median":0.540889918804,"min":0.0330742411315,"var":0.0185095760971},"silence_rate_20dB":{"dmean":0,"dmean2":0,"dvar":0,"dvar2":0,"max":1,"mean":1,"median":1,"min":1,"var":0},"silence_rate_30dB":{"dmean":0.00400519603863,"dmean2":0.00801082514226,"dvar":0.00398849369958,"dvar2":0.0094604222104,"max":1,"mean":0.994912564754,"median":1,"min":0,"var":0.00506060151383},"silence_rate_60dB":{"dmean":0.049577832222,"dmean2":0.099161028862,"dvar":0.0471154712141,"dvar2":0.101369120181,"max":1,"mean":0.233317092061,"median":0,"min":0,"var":0.178892120719},"spectral_centroid":{"dmean":80.3047561646,"dmean2":117.249984741,"dvar":41572.3632812,"dvar2":73960.9140625,"max":11868.9072266,"mean":549.300231934,"median":392.503509521,"min":166.0181427,"var":1098230.375},"spectral_complexity":{"dmean":1.33264780045,"dmean2":2.12092018127,"dvar":1.59577918053,"dvar2":3.50363206863,"max":29,"mean":6.85782337189,"median":7,"min":0,"var":9.40406513214},"spectral_contrast_coeffs":{"dmean":[0.0471880398691,0.0463933721185,0.0343317948282,0.0271133873612,0.0183943733573,0.0157912857831],"dmean2":[0.0756001546979,0.0735068693757,0.0547769069672,0.0429429933429,0.0294360145926,0.0242505297065],"dvar":[0.0016201089602,0.00162603473291,0.000814819592051,0.000479505455587,0.000222648217459,0.000274073216133],"dvar2":[0.0039254790172,0.00377917010337,0.00198563374579,0.00116545113269,0.000549630261958,0.000529750832357],"max":[-0.217282637954,-0.368476092815,-0.479012340307,-0.548280239105,-0.659956455231,-0.527283787727],"mean":[-0.543963491917,-0.711675882339,-0.765542089939,-0.803041279316,-0.817021906376,-0.812145352364],"median":[-0.541594445705,-0.722886323929,-0.773232460022,-0.807734847069,-0.816318571568,-0.817544341087],"min":[-0.982516169548,-0.987038969994,-0.98284047842,-0.976083517075,-0.969651579857,-0.966321706772],"var":[0.0149896955118,0.00795856770128,0.00443861726671,0.00253515341319,0.00118785968516,0.00171164493077]},"spectral_contrast_valleys":{"dmean":[0.409053683281,0.37581884861,0.326971143484,0.291938245296,0.224235638976,0.256119936705],"dmean2":[0.678282558918,0.585076332092,0.502256393433,0.440925449133,0.336392432451,0.348062038422],"dvar":[0.137261226773,0.108329437673,0.0865112394094,0.0746089294553,0.0610066391528,0.125856623054],"dvar2":[0.342945814133,0.255300432444,0.190566942096,0.153501182795,0.116557255387,0.219527482986],"max":[-5.85112667084,-4.90167236328,-5.42362260818,-7.01636075974,-6.6609210968,-7.81570148468],"mean":[-8.4279718399,-7.46012544632,-8.5638999939,-9.59821414948,-9.72309494019,-12.2288284302],"median":[-8.21596622467,-7.17325973511,-8.30759716034,-9.3845205307,-9.54087162018,-12.1741371155],"min":[-28.2608566284,-28.21833992,-27.8369598389,-27.8403720856,-27.5713863373,-27.4329624176],"var":[4.32087135315,4.48628330231,4.1394867897,3.64806365967,3.36536312103,2.93081378937]},"spectral_decrease":{"dmean":1.36822653207e-9,"dmean2":1.95949212412e-9,"dvar":5.24106516479e-18,"dvar2":1.01627716115e-17,"max":2.21702727399e-28,"mean":-4.37937286435e-9,"median":-2.26672614012e-9,"min":-4.82299036264e-8,"var":2.84809799256e-17},"spectral_energy":{"dmean":0.00532070733607,"dmean2":0.00761613622308,"dvar":0.0000788883116911,"dvar2":0.000152962165885,"max":0.186494484544,"mean":0.0170663092285,"median":0.00882491562515,"min":9.87365269085e-21,"var":0.000430855492596},"spectral_energyband_high":{"dmean":0.0000383847218473,"dmean2":0.0000502287039126,"dvar":1.92879838323e-7,"dvar2":3.34172057137e-7,"max":0.0394108071923,"mean":0.0000537876949238,"median":0.00000451615551356,"min":6.87476027103e-21,"var":3.3599420135e-7},"spectral_energyband_low":{"dmean":0.000871728232596,"dmean2":0.00140842609107,"dvar":0.00000302323996948,"dvar2":0.00000792655555415,"max":0.0360974371433,"mean":0.00253316876478,"median":0.00125121313613,"min":1.29911238925e-23,"var":0.0000120669647004},"spectral_energyband_middle_high":{"dmean":0.00025476058363,"dmean2":0.000356016040314,"dvar":6.16674867615e-7,"dvar2":0.00000111737631414,"max":0.0328710600734,"mean":0.000697770970874,"median":0.00017185593606,"min":1.09202684064e-21,"var":0.00000414050873587},"spectral_energyband_middle_low":{"dmean":0.00502911861986,"dmean2":0.00715488288552,"dvar":0.0000769179023337,"dvar2":0.000147206024849,"max":0.183100238442,"mean":0.0143409511074,"median":0.00607006205246,"min":1.39450299608e-22,"var":0.000393216585508},"spectral_entropy":{"dmean":0.219714775681,"dmean2":0.311860203743,"dvar":0.0544770769775,"dvar2":0.102642945945,"max":9.82702255249,"mean":6.39197778702,"median":6.38910865784,"min":3.77489566803,"var":0.502831339836},"spectral_flux":{"dmean":0.01880976744,"dmean2":0.0305609554052,"dvar":0.000620703969616,"dvar2":0.00155077502131,"max":0.308160454035,"mean":0.0490012578666,"median":0.0364613942802,"min":6.12143391532e-11,"var":0.00156936759595},"spectral_kurtosis":{"dmean":6.25057983398,"dmean2":10.3268880844,"dvar":44.9279899597,"dvar2":116.162582397,"max":114.731536865,"mean":17.0562267303,"median":14.1087970734,"min":-1.35089457035,"var":163.694320679},"spectral_rms":{"dmean":0.000574690115172,"dmean2":0.000812777434476,"dvar":5.44928184354e-7,"dvar2":0.00000104506352727,"max":0.0134887304157,"mean":0.00343594909646,"median":0.00293422443792,"min":3.1036802902e-12,"var":0.00000484437259729},"spectral_rolloff":{"dmean":135.474731445,"dmean2":232.918533325,"dvar":309999.25,"dvar2":691888.25,"max":19487.5488281,"mean":679.719970703,"median":430.6640625,"min":21.533203125,"var":3421287},"spectral_skewness":{"dmean":0.511226296425,"dmean2":0.810511529446,"dvar":0.221915766597,"dvar2":0.537848472595,"max":8.93379688263,"mean":3.07075572014,"median":2.988478899,"min":-0.880096673965,"var":1.31014239788},"spectral_spread":{"dmean":503298.875,"dmean2":742510.6875,"dvar":488414085120,"dvar2":974391672832,"max":48934144,"mean":3392596.75,"median":2701660,"min":778818.9375,"var":14463189123100},"spectral_strongpeak":{"dmean":0.302277684212,"dmean2":0.469573050737,"dvar":0.23382166028,"dvar2":0.514420092106,"max":12.5446557999,"mean":0.821403264999,"median":0.417261272669,"min":0,"var":0.961659133434},"zerocrossingrate":{"dmean":0.00434402748942,"dmean2":0.00514327315614,"dvar":0.0000809573757579,"dvar2":0.0000888249487616,"max":0.5244140625,"mean":0.0273623540998,"median":0.01904296875,"min":0.00341796875,"var":0.00246317614801}},"metadata":{"audio_properties":{"analysis_sample_rate":44100,"bit_rate":160000,"codec":"vorbis","downmix":"mix","equal_loudness":0,"length":429.004638672,"lossless":false,"md5_encoded":"f123541bd3ac5b90403974919958fc76","replay_gain":-6.02462387085,"sample_rate":44100},"tags":{"album":["Whiskey in the Jar"],"albumartist":["Thin Lizzy"],"albumartistsort":["Thin Lizzy"],"artist":["Thin Lizzy"],"artistsort":["Thin Lizzy"],"asin":["B0000074FO"],"barcode":["731455208528"],"catalognumber":["552 085-2"],"date":["1998"],"discnumber":["1"],"disctotal":["1"],"file_name":"15. Thin Lizzy - Shades of a Blue Orphanage.ogg","isrc":["GBFO77220570"],"label":["Spectrum Music"],"media":["CD"],"musicbrainz_albumartistid":["6a726ac6-019e-455c-8bbb-571a77bed52e"],"musicbrainz_albumid":["0318abf9-b713-3f62-bc89-8cb8dfdc4847"],"musicbrainz_artistid":["6a726ac6-019e-455c-8bbb-571a77bed52e"],"musicbrainz_recordingid":["9a0d65e5-a135-4190-adf6-df6287bf8b39"],"musicbrainz_releasegroupid":["ba3ad3cc-bfd4-3303-972f-0ce176cf21f7"],"musicbrainz_releasetrackid":["a87f03d7-f437-3952-806a-6d75ce543efb"],"originaldate":["1996"],"originalyear":["1996"],"releasecountry":["DE"],"releasestatus":["official"],"releasetype":["album","compilation"],"script":["Latn"],"title":["Shades of a Blue Orphanage"],"totaldiscs":["1"],"totaltracks":["16"],"tracknumber":["15"],"tracktotal":["16"]},"version":{"essentia":"2.1-beta2","essentia_build_sha":"70f2e5ece6736b2c40cc944ad0e695b16b925413","essentia_git_sha":"v2.1_beta2","extractor":"music 1.0"}},"rhythm":{"beats_count":694,"beats_loudness":{"dmean":0.0163582768291,"dmean2":0.0283195190132,"dvar":0.000402944337111,"dvar2":0.00108859955799,"max":0.172283649445,"mean":0.0215513929725,"median":0.0149601660669,"min":0,