{"lowlevel":{"average_loudness":0.590661287308,"barkbands":{"dmean":[0.00000241380621446,0.000532374135219,0.000399331533117,0.000510868732817,0.000640912738163,0.000873701472301,0.000794675259385,0.00103020959068,0.000684680126142,0.000508628727403,0.000213918814552,0.0000996169692371,0.000162428652402,0.000150434483658,0.0000640168218524,0.0000332838571921,0.0000486423996335,0.0000133223629746,0.0000150147743625,0.00000770496262703,0.00000450539937447,0.00000261004197455,5.58901604109e-7,2.45650966235e-7,3.43934267732e-8,1.07545146122e-8,1.14577192178e-8],"dmean2":[0.00000391015782952,0.000828289950732,0.000654623436276,0.000891899457201,0.000960347300861,0.001326123951,0.0010102421511,0.00136790063698,0.000761013536248,0.000682068581227,0.000276925595244,0.000136899237987,0.000236877254792,0.000224580900976,0.000100011333416,0.0000521558831679,0.0000767710153013,0.0000210201978916,0.0000235683364735,0.0000124760272229,0.00000732673788661,0.00000387597810914,9.45099372984e-7,4.23660907245e-7,5.83182071523e-8,1.83609429882e-8,1.94956601973e-8],"dvar":[1.0878261833e-11,0.00000174373826667,8.59086640048e-7,0.00000253490020441,0.00000134464801249,0.00000396078849008,0.00000403822286899,0.0000074569447861,0.00000277286403616,0.00000283536178358,0.00000108726555936,6.0584234518e-8,1.75395726387e-7,1.85020326171e-7,3.51033584423e-8,9.93034010577e-9,1.91903897218e-8,2.33235675218e-9,4.73642591814e-9,9.78098713134e-10,2.97145696937e-10,1.7239538963e-10,5.61483411848e-12,9.60210643636e-13,8.97017039098e-15,4.80447887353e-16,1.57605594081e-16],"dvar2":[2.73984272769e-11,0.00000360416834155,0.00000218751074499,0.00000860014461068,0.00000346345245816,0.0000109340089693,0.00000761714545661,0.0000158307630045,0.00000373830448552,0.00000574853538637,0.00000144512080169,1.20709799489e-7,3.3261554222e-7,4.13596126236e-7,8.52296224707e-8,2.36195418779e-8,4.27221316102e-8,5.36775290882e-9,1.03405337626e-8,2.40015252118e-9,6.80705880551e-10,3.15065390444e-10,1.49655444287e-11,2.70128992959e-12,2.26646399402e-14,1.42793650693e-15,4.43503407158e-16],"max":[0.0000975768853095,0.0434831939638,0.022395234555,0.0678600743413,0.0361529886723,0.055244717747,0.0529824644327,0.0738588124514,0.0701050311327,0.0529129467905,0.0794156491756,0.00658272719011,0.0134311253205,0.00895979627967,0.00639175996184,0.00299951876514,0.00322712492198,0.0013584732078,0.00259071588516,0.00136298220605,0.000530576449819,0.000930962734856,0.0000933449118747,0.0000430042782682,0.00000296701682601,6.17409455117e-7,1.97664490997e-7],"mean":[0.00000293722018796,0.0024589151144,0.00165788200684,0.00129763083532,0.00218381453305,0.00347426044755,0.00302748079412,0.00294432626106,0.00209795380943,0.00131767732091,0.000473059364595,0.00022985121177,0.000323159474647,0.00029341285699,0.000135081529152,0.0000675493574818,0.000100389443105,0.0000260437445831,0.000029656366678,0.0000136725311677,0.0000083757122411,0.00000613758538748,0.00000112496138627,5.59782620257e-7,1.19579809166e-7,5.15382616584e-8,3.42470976022e-8],"median":[0.00000187435955468,0.000379397970391,0.000388177431887,0.000334938551532,0.000962623220403,0.00122206402011,0.000778036948759,0.000629193556961,0.000310577859636,0.000147694940097,0.0000596358659095,0.0000554403850401,0.0000626810578979,0.0000452784006484,0.0000273118057521,0.0000111821073006,0.0000145424137372,0.00000175820503046,0.0000016076647853,0.0000013080308463,4.97084613471e-7,2.34203682226e-7,1.17409527434e-7,6.15580546537e-8,2.96379454312e-8,3.09134584597e-8,2.94255482203e-8],"min":[3.22675743558e-24,9.43546036885e-24,3.89183265413e-24,3.98983954971e-24,2.98664347993e-23,2.68119180426e-23,1.97847230108e-23,1.79982686048e-23,2.73773135861e-23,2.66632146065e-23,5.15852017805e-23,2.52361573404e-23,4.92478226956e-23,5.02411153267e-23,5.19547704929e-23,8.4142138205e-23,1.17538684534e-22,1.36301318336e-22,2.33111653911e-22,2.74840956915e-22,2.82083962202e-22,4.51744516902e-22,5.3083578699e-22,7.81987793657e-22,9.18622137512e-22,1.45647734768e-21,2.03975489108e-21],"var":[1.61965354323e-11,0.0000200987396966,0.00000883019401954,0.0000109969596451,0.0000116817009257,0.0000299958392134,0.0000305776920868,0.0000327995294356,0.0000218628920265,0.0000121568527902,0.00000475670958622,2.22818783868e-7,6.39868687813e-7,4.70249631235e-7,8.791502637e-8,2.37058319641e-8,5.72690197487e-8,5.50219736439e-9,1.02378692191e-8,1.63506264084e-9,5.09700781581e-10,9.38892963376e-10,8.44937227823e-12,1.85870394596e-12,3.53447638182e-14,2.28578807663e-15,5.43507849149e-16]},"barkbands_crest":{"dmean":1.59898436069,"dmean2":2.52157950401,"dvar":2.63215827942,"dvar2":7.12221431732,"max":24.4992904663,"mean":11.7513980865,"median":10.9811077118,"min":3.47402882576,"var":17.171667099},"barkbands_flatness_db":{"dmean":0.0133415050805,"dmean2":0.0210641790181,"dvar":0.000205342308618,"dvar2":0.000532368489075,"max":0.445639461279,"mean":0.273632466793,"median":0.263430953026,"min":0.0199956409633,"var":0.00419482355937},"barkbands_kurtosis":{"dmean":1.84254193306,"dmean2":2.90477061272,"dvar":7.60161209106,"dvar2":19.8658351898,"max":61.6879119873,"mean":5.1112985611,"median":3.31411409378,"min":-1.86367833614,"var":36.6156806946},"barkbands_skewness":{"dmean":0.328300535679,"dmean2":0.516384601593,"dvar":0.120938040316,"dvar2":0.317676663399,"max":5.78499937057,"mean":1.3294852972,"median":1.23218393326,"min":-3.48893690109,"var":0.948774337769},"barkbands_spread":{"dmean":1.12637281418,"dmean2":1.7571413517,"dvar":3.28098082542,"dvar2":8.11264038086,"max":92.763343811,"mean":6.42258453369,"median":5.61617612839,"min":0.405944854021,"var":27.9615192413},"dissonance":{"dmean":0.0314084663987,"dmean2":0.0530144460499,"dvar":0.000911743089091,"dvar2":0.00249524298124,"max":0.499987483025,"mean":0.396121203899,"median":0.403449803591,"min":0.183085754514,"var":0.00326659227721},"dynamic_complexity":6.02845239639,"erbbands":{"dmean":[0.00678881816566,0.147747859359,0.448011904955,1.00105535984,1.95155060291,2.19699120522,3.6257622242,7.98724842072,10.8531103134,21.7226829529,15.7012310028,17.30119133,18.4202213287,8.00458335876,8.06767845154,5.35021877289,7.79310941696,8.54538249969,2.92509007454,3.23396086693,1.85854160786,1.80733454227,1.06756305695,1.02791166306,0.443055063486,0.402931123972,0.218970045447,0.126511752605,0.0859487056732,0.0434028729796,0.0132382381707,0.00807707104832,0.00214331527241,0.000625683518592,0.000214269166463,0.0000713291447028,0.0000195758566406,0.0000105254557639,0.00000279158643934,0.00000401352372137],"dmean2":[0.0101551031694,0.231540486217,0.737513184547,1.67186963558,3.31103420258,3.26664090157,4.95544433594,12.5313749313,13.9624462128,30.1054553986,19.2544269562,18.9688434601,22.9040184021,11.7212228775,10.6339302063,7.3871254921,11.2337083817,12.7726755142,4.43178749084,5.18094778061,2.89098215103,2.84766149521,1.70192074776,1.60126554966,0.684828341007,0.656482219696,0.356438696384,0.2002928406,0.128949567676,0.0717659518123,0.0221334546804,0.013987951912,0.0036873749923,0.00106424209662,0.000364138948498,0.000121791963466,0.000033209893445,0.0000179562593985,0.00000443945737061,0.00000571340387978],"dvar":[0.000277164450381,0.130673959851,1.02533328533,6.33470916748,34.5102615356,21.8252048492,65.9394226074,347.613616943,635.465698242,3175.33740234,1838.45373535,1734.82348633,2973.52612305,1222.73803711,1229.19238281,155.838897705,422.376312256,615.713867188,101.836074829,83.0946121216,32.2367324829,30.2195339203,11.7204113007,21.4225769043,4.85366010666,1.87641167641,0.783707261086,0.229848518968,0.236187756062,0.0394020974636,0.0027973044198,0.0010258014081,0.0000656410629745,0.00000382318376069,4.07151389936e-7,3.16195603034e-8,1.00325736607e-9,1.07611718148e-10,1.3348647708e-11,4.30880157942e-11],"dvar2":[0.000535704311915,0.274057596922,2.57356977463,19.5296077728,112.983940125,55.2435646057,129.490707397,1010.0491333,1174.90356445,7214.73535156,2983.92407227,2233.15673828,4665.30224609,2972.22021484,1870.78198242,302.175598145,780.234191895,1379.96594238,246.190628052,203.889938354,76.8442306519,65.5436401367,25.7114963531,47.3508720398,10.1374254227,4.43484258652,1.81969428062,0.470849215984,0.477847993374,0.0931619331241,0.00710213044658,0.00295821693726,0.000172440486494,0.0000100764809758,0.00000106692482404,9.4995222355e-8,2.84566459285e-9,3.02761232751e-10,3.22827840848e-11,9.54087434057e-11],"max":[0.581674575806,11.802312851,26.1504936218,124.285133362,176.3331604,159.908096313,219.946182251,480.511871338,780.32208252,1307.53137207,1986.72888184,1957.3125,1842.19384766,1494.94470215,2452.33154297,355.685089111,699.348449707,570.814331055,381.354217529,357.513092041,194.980377197,167.422821045,107.369194031,184.298065186,109.433303833,51.481338501,30.5371494293,29.4175014496,31.2209281921,8.90793800354,2.76252150536,1.37042057514,0.313162833452,0.0628522634506,0.0301569066942,0.00434941146523,0.00114420708269,0.000225331270485,0.0000739006500226,0.000150068648509],"mean":[0.0314695686102,0.691306889057,1.96924555302,3.22637295723,4.36928510666,8.38018894196,16.7098903656,29.8130702972,42.1975135803,59.614151001,55.5083007812,55.8949279785,50.8181533813,20.8019866943,19.1594581604,13.0718832016,16.4319725037,17.0769462585,6.69054174423,6.54875898361,4.23092603683,4.14685153961,2.22963047028,2.00225424767,0.917585372925,0.726701319218,0.398983895779,0.28210991621,0.205163553357,0.0827882960439,0.029872206971,0.0161485429853,0.00537415640429,0.00191126274876,0.000765272940043,0.000283972738544,0.000103103360743,0.0000485641648993,0.0000147024056787,0.0000251486508205],"median":[0.00487536890432,0.126213222742,0.55555331707,1.24968874454,1.60722672939,2.97707724571,6.0558886528,10.6820106506,11.769692421,16.7217273712,14.8319168091,10.2648763657,6.1035695076,4.31525039673,3.57262706757,3.92512702942,3.90791273117,2.8825917244,1.69694006443,1.17696797848,0.758507966995,0.601483821869,0.23495708406,0.118088878691,0.0546747259796,0.0804686248302,0.0144895389676,0.0245003830642,0.0097734592855,0.0059077735059,0.00205790274777,0.00170141342096,0.000684530823492,0.000354513205821,0.000226841773838,0.000132719971589,0.0000683366233716,0.0000455845693068,0.0000119053802337,0.0000198160123546],"min":[3.22607734281e-22,1.37995738549e-21,2.94639694513e-21,1.27642951181e-20,3.46644802157e-20,1.0504840289e-19,1.33068881184e-19,2.76955501171e-19,3.53416406381e-19,5.66305890231e-19,4.07738339485e-19,8.09032786901e-19,7.70846355815e-19,8.84425233254e-19,2.08236060406e-18,1.45054299159e-18,2.21732566755e-18,1.89489045799e-18,2.76068779064e-18,2.42845752185e-18,6.110021707e-18,7.15879904257e-18,8.08392114838e-18,1.00886413394e-17,1.03725355159e-17,1.16739172669e-17,1.43384347648e-17,9.18622285984e-18,1.51998325305e-17,1.66817150174e-17,1.4414131717e-17,1.39212809644e-17,1.20575106954e-17,1.06795708972e-17,6.6412962398e-18,4.78097862269e-18,2.37992001107e-18,1.19413809481e-18,2.55958296803e-19,2.8019347383e-20],"var":[0.00401440868154,1.45617699623,10.4169149399,40.3326873779,69.9948577881,217.567855835,743.141967773,2254.75268555,5968.59765625,10744.0664062,14551.8232422,14993.3867188,16295.1464844,3368.20678711,4982.14892578,601.028442383,1604.85974121,1601.08508301,213.355422974,212.423171997,80.3998565674,113.866706848,32.1613311768,44.5009002686,11.1679773331,3.74088382721,1.21894526482,0.858821511269,1.07295048237,0.071040943265,0.00520761869848,0.00162831542548,0.000137019378599,0.0000115589700727,0.00000160061767929,1.26106712628e-7,7.02787206208e-9,6.99102442603e-10,1.46714765337e-10,5.16372056225e-10]},"erbbands_crest":{"dmean":1.98084878922,"dmean2":3.00007295609,"dvar":4.33251571655,"dvar2":9.54718399048,"max":31.4759197235,"mean":12.6969299316,"median":11.4447689056,"min":2.64426040649,"var":27.6100177765},"erbbands_flatness_db":{"dmean":0.0109530789778,"dmean2":0.0162863079458,"dvar":0.000125422331621,"dvar2":0.000277892599115,"max":0.447650104761,"mean":0.278693914413,"median":0.280414551497,"min":0.0425286032259,"var":0.00206329370849},"erbbands_kurtosis":{"dmean":1.13149559498,"dmean2":1.72703289986,"dvar":2.844591856,"dvar2":6.4376449585,"max":56.9386711121,"mean":2.35048103333,"median":1.35401344299,"min":-1.56704223156,"var":12.9991149902},"erbbands_skewness":{"dmean":0.273850440979,"dmean2":0.418794065714,"dvar":0.086079031229,"dvar2":0.210415005684,"max":4.24772119522,"mean":0.867010772228,"median":0.845287680626,"min":-6.69358110428,"var":0.561089992523},"erbbands_spread":{"dmean":2.21672391891,"dmean2":3.37472653389,"dvar":6.39379692078,"dvar2":15.6377286911,"max":93.8643722534,"mean":14.5559597015,"median":13.2710542679,"min":1.06528580189,"var":60.2434654236},"gfcc":{"cov":[[17234.5175781,1439.75805664,-4496.45507812,89.3362197876,-895.237670898,-956.839538574,272.581542969,-138.612197876,465.562194824,-343.150543213,48.2991333008,-342.70010376,357.779296875],[1439.75805664,1490.04174805,535.815551758,-390.015441895,562.981689453,-25.176399231,-61.7779045105,-19.1080875397,38.0488624573,-56.9687347412,-6.48277854919,-9.05139446259,42.8069419861],[-4496.45507812,535.815551758,2182.1574707,-155.809585571,547.391418457,432.707275391,-74.0667724609,3.50917482376,-172.585006714,64.0277252197,-36.4356040955,75.0762939453,-137.79347229],[89.3362197876,-390.015441895,-155.809585571,471.395111084,-100.741317749,17.9502506256,142.962371826,4.24775218964,-19.4906215668,-2.4221394062,-3.90385484695,-35.8273162842,-49.768825531],[-895.237670898,562.981689453,547.391418457,-100.741317749,556.661987305,84.3782119751,-11.0575647354,51.3438720703,12.8329229355,18.4617366791,15.4591007233,35.0870742798,-7.37599754333],[-956.839538574,-25.176399231,432.707275391,17.9502506256,84.3782119751,251.468460083,65.2916717529,13.8221635818,-33.4161148071,30.452922821,-11.9029874802,7.37279510498,-22.9203548431],[272.581542969,-61.7779045105,-74.0667724609,142.962371826,-11.0575647354,65.2916717529,195.356079102,60.3355064392,28.5232963562,5.15864372253,-2.76876950264,-26.6316184998,12.1162309647],[-138.612197876,-19.1080875397,3.50917482376,4.24775218964,51.3438720703,13.8221635818,60.3355064392,140.027755737,67.4448547363,18.0108375549,14.0864171982,13.9520578384,4.80450391769],[465.562194824,38.0488624573,-172.585006714,-19.4906215668,12.8329229355,-33.4161148071,28.5232963562,67.4448547363,123.965026855,29.7223491669,16.2290019989,6.17156553268,33.7058906555],[-343.150543213,-56.9687347412,64.0277252197,-2.4221394062,18.4617366791,30.452922821,5.15864372253,18.0108375549,29.7223491669,84.2212142944,32.9080276489,17.1405105591,-6.67887163162],[48.2991333008,-6.48277854919,-36.4356040955,-3.90385484695,15.4591007233,-11.9029874802,-2.76876950264,14.0864171982,16.2290019989,32.9080276489,78.9897537231,33.2691421509,0.857775568962],[-342.70010376,-9.05139446259,75.0762939453,-35.8273162842,35.0870742798,7.37279510498,-26.6316184998,13.9520578384,6.17156553268,17.1405105591,33.2691421509,87.6513900757,35.3937187195],[357.779296875,42.8069419861,-137.79347229,-49.768825531,-7.37599754333,-22.9203548431,12.1162309647,4.80450391769,33.7058906555,-6.67887163162,0.857775568962,35.3937187195,113.728164673]],"icov":[[0.00104632193688,-0.0032075853087,0.00243283435702,-0.00156986818183,0.00249102292582,-0.00158068817109,0.000439088849816,-0.000126367842313,-0.000596023106482,0.000691792869475,-0.000959070399404,0.000586176931392,0.0000199532460101],[-0.0032075853087,0.0118725514039,-0.00798958167434,0.00629296572879,-0.00939286220819,0.00610398966819,-0.00269055482931,0.00222928030416,0.000179086448043,-0.0000317291815009,0.00198069843464,-0.000408306863392,-0.000433680601418],[0.00243283435702,-0.00798958167434,0.00709166983142,-0.00379746453837,0.00535542936996,-0.00560138560832,0.00189896987285,-0.00115622789599,0.000411115441239,0.000307009555399,-0.000845608592499,-0.000142620658153,0.00129617482889],[-0.00156986818183,0.00629296572879,-0.00379746453837,0.00679794605821,-0.00475407624617,0.00370383029804,-0.00476691126823,0.00233620055951,0.000360535923392,0.000202871437068,0.00121536513325,-0.00102138868533,0.00200490746647],[0.00249102292582,-0.00939286220819,0.00535542936996,-0.00475407624617,0.0101545527577,-0.00448702462018,0.00201721768826,-0.00231288210489,-0.00107050733641,0.000601954874583,-0.00244966940954,0.000427340448368,-0.0000176959147211],[-0.00158068817109,0.00610398966819,-0.00560138560832,0.00370383029804,-0.00448702462018,0.0112262666225,-0.00540831591934,0.00187399657443,0.000881424813997,-0.00209882343188,0.0021003736183,-0.000693193171173,-0.000206722266739],[0.000439088849816,-0.00269055482931,0.00189896987285,-0.00476691126823,0.00201721768826,-0.00540831591934,0.0122678102925,-0.00584012223408,0.000877756334376,-0.000574439705815,-0.00126563862432,0.00422225520015,-0.00377162941732],[-0.000126367842313,0.00222928030416,-0.00115622789599,0.00233620055951,-0.00231288210489,0.00187399657443,-0.00584012223408,0.0143779069185,-0.00849707610905,0.00306525290944,-0.000688875094056,-0.00252940808423,0.00291305896826],[-0.000596023106482,0.000179086448043,0.000411115441239,0.000360535923392,-0.00107050733641,0.000881424813997,0.000877756334376,-0.00849707610905,0.0182617306709,-0.00854449998587,0.00219255243428,0.000296244194033,-0.00318561983295],[0.000691792869475,-0.0000317291815009,0.000307009555399,0.000202871437068,0.000601954874583,-0.00209882343188,-0.000574439705815,0.00306525290944,-0.00854449998587,0.0207180324942,-0.00862143840641,0.00108370056842,0.00132094847504],[-0.000959070399404,0.00198069843464,-0.000845608592499,0.00121536513325,-0.00244966940954,0.0021003736183,-0.00126563862432,-0.000688875094056,0.00219255243428,-0.00862143840641,0.0212341584265,-0.00993105769157,0.0039817080833],[0.000586176931392,-0.000408306863392,-0.000142620658153,-0.00102138868533,0.000427340448368,-0.000693193171173,0.00422225520015,-0.00252940808423,0.000296244194033,0.00108370056842,-0.00993105769157,0.0223812609911,-0.0096797067672],[0.0000199532460101,-0.000433680601418,0.00129617482889,0.00200490746647,-0.0000176959147211,-0.000206722266739,-0.00377162941732,0.00291305896826,-0.00318561983295,0.00132094847504,0.0039817080833,-0.0096797067672,0.015581253916]],"mean":[-148.37878418,184.999008179,-104.811149597,-12.9901647568,-46.686794281,-9.14782333374,-26.3504772186,-7.69055700302,-9.14888286591,-1.46176421642,-9.18033599854,-6.39809894562,-11.6287755966]},"hfc":{"dmean":1.81050944328,"dmean2":2.43511986732,"dvar":13.4511823654,"dvar2":26.1267757416,"max":104.537750244,"mean":10.409403801,"median":5.74895763397,"min":1.08808198043e-16,"var":135.113372803},"melbands":{"dmean":[0.0001074654283,0.000221284630243,0.000211283229874,0.000134667527163,0.000122623067,0.000180014889338,0.000167090096511,0.000241946487222,0.000127155741211,0.0000993524154183,0.0000919569283724,0.000033080294088,0.0000311358671752,0.0000136987073347,0.0000165032179211,0.000014201706108,0.0000171564515767,0.00000468748658022,0.00000390978038922,0.00000377579476663,0.00000237919607571,0.00000203265562959,0.00000200307636078,8.05485569799e-7,9.25630217807e-7,3.29870147198e-7,3.06499543967e-7,2.5886473054e-7,1.2502653135e-7,1.49008840822e-7,7.96655967861e-8,6.2228437514e-8,3.64111905071e-8,2.15466897657e-8,9.1163459004e-9,5.3311159931e-9,4.73866768047e-9,1.62014590632e-9,1.38691325091e-9,4.5957207484e-10],"dmean2":[0.000164089782629,0.0003585453087,0.000361648271792,0.000213246865314,0.000167124671862,0.00027695854078,0.00021967451903,0.000336745928507,0.000149324347149,0.000109850254375,0.000115166985779,0.0000494168780278,0.0000403173798986,0.0000189910933841,0.000023752971174,0.0000204901371035,0.0000258175114141,0.00000709368305252,0.00000614468308413,0.00000602310319664,0.00000372077010979,0.00000316939690492,0.00000326908639181,0.00000128604813199,0.00000144824548443,5.09001154114e-7,4.92566016419e-7,4.22892895813e-7,2.02665077609e-7,2.44376593628e-7,1.23710790945e-7,9.05756110114e-8,6.01392358135e-8,3.65283696624e-8,1.53499932765e-8,9.03993679913e-9,8.28949797693e-9,2.78113354568e-9,2.42021269692e-9,7.84920850538e-10],"dvar":[7.2251275185e-8,2.39087256659e-7,3.45470994034e-7,7.48014343799e-8,6.94082871178e-8,1.73783163859e-7,1.56982068233e-7,4.16211065613e-7,1.01922566387e-7,5.68622731123e-8,7.61243867942e-8,2.5555507932e-8,2.42515643123e-8,1.05618003232e-9,1.46535461543e-9,1.35933919676e-9,2.41783482124e-9,2.41890230068e-10,1.13117092082e-10,1.09406456117e-10,5.961416083e-11,4.47560634387e-11,4.89264358194e-11,9.19240725206e-12,2.05902118272e-11,2.33188381799e-12,2.60539940317e-12,8.57724048037e-13,2.92731496595e-13,4.26462847241e-13,9.21774931232e-14,1.40464042849e-13,2.92847343597e-14,7.9903895932e-15,1.28661244781e-15,3.41366639131e-16,5.2451996451e-16,3.69339882361e-17,2.56756630526e-17,1.40854134503e-18],"dvar2":[1.44482513065e-7,5.67627921555e-7,0.00000115369641662,2.23184613901e-7,1.41032302281e-7,4.98231713664e-7,3.05005272594e-7,9.60237571235e-7,1.53944156978e-7,7.54964730731e-8,1.225555053e-7,6.47836060352e-8,3.26746238954e-8,2.20903495496e-9,2.81235124078e-9,2.66120414594e-9,5.52459145098e-9,5.84999160225e-10,2.78081613292e-10,2.60577642797e-10,1.42397219016e-10,9.7066341076e-11,1.11086320698e-10,2.19637433241e-11,4.60121246659e-11,4.58565217049e-12,6.29502699967e-12,1.99099244036e-12,7.04885314614e-13,9.98380306379e-13,1.76804900473e-13,2.52550178036e-13,6.58964934485e-14,2.08234071533e-14,3.38736247134e-15,8.94431746312e-16,1.51613243614e-15,9.3639002628e-17,7.5421011381e-17,3.8592099071e-18],"max":[0.00865580420941,0.0118330949917,0.0246906653047,0.00720006739721,0.0092264348641,0.0104251364246,0.0119200544432,0.0163763109595,0.0149164702743,0.010541504249,0.0091412588954,0.0070231212303,0.0118291545659,0.000760753406212,0.00114429893438,0.000959649391007,0.000973509217147,0.000547977979295,0.000308278889861,0.000353283568984,0.000245196511969,0.000221452704864,0.000243138943915,0.0000900725499378,0.000181721348781,0.0000773740248405,0.0000900649247342,0.0000367597967852,0.0000207390257856,0.000023528436941,0.0000208912970265,0.0000291682717943,0.00000887324404175,0.0000029832144719,0.00000187010880381,6.14433020019e-7,0.00000120553863781,2.56958230693e-7,1.20753227861e-7,3.52834348405e-8],"mean":[0.00051035231445,0.00103870767634,0.000613020325545,0.000419663963839,0.000583110668231,0.000681272591464,0.000644552288577,0.000651972135529,0.000453792396002,0.00031366822077,0.00024391883926,0.0000792285281932,0.0000697626092006,0.0000325780456478,0.000035705488699,0.0000296357848129,0.0000325911569234,0.00000991674642137,0.00000873776752996,0.00000743488908483,0.0000048393844736,0.00000465635548608,0.00000348766093339,0.00000142614396736,0.00000171747205968,6.7749971322e-7,5.2759639857e-7,4.445655577e-7,2.16397893382e-7,2.3935911031e-7,1.69915850279e-7,1.47894439806e-7,6.18069364577e-8,3.67312757987e-8,1.84139938852e-8,1.05843174225e-8,8.55785398102e-9,3.52054319031e-9,2.92835178328e-9,1.20040455354e-9],"median":[0.0000780439877417,0.000302534463117,0.00024285564723,0.000200043898076,0.000214034706005,0.00023394850723,0.000174608227098,0.000177407011506,0.000108251042548,0.0000510027784912,0.0000228974658967,0.0000136242415465,0.00000978764546744,0.00000848707713885,0.00000986635131994,0.0000060454681261,0.00000465986522613,0.00000220442734644,0.00000169581016962,0.00000110513678919,6.91328352787e-7,6.15313524577e-7,3.25672971258e-7,8.6495646201e-8,8.24742159011e-8,3.16194075367e-8,3.91710983649e-8,4.81009401199e-8,5.42583844521e-9,4.24501189755e-9,1.80175039333e-8,6.91947921183e-9,1.28174937331e-9,3.71155017831e-9,1.10234399386e-9,9.37813937618e-10,8.67933946935e-10,3.79474507373e-10,4.14214024191e-10,2.67348976291e-10],"min":[3.11648375293e-24,1.5492405791e-24,2.48973928576e-24,5.94333643564e-24,4.27667844675e-24,5.20895387011e-24,5.20413984643e-24,5.85931328291e-24,3.20769855611e-24,4.36930057778e-24,3.40591563576e-24,2.53914584146e-24,7.6502768178e-24,3.61760882626e-24,4.11156828156e-24,4.62852658212e-24,3.19035880176e-24,4.42643343441e-24,4.06621193495e-24,3.54815159571e-24,5.24918932615e-24,6.33229889889e-24,6.80918779863e-24,5.0626592208e-24,7.60942565583e-24,6.15559168954e-24,7.63426688573e-24,7.32123662335e-24,9.77334369405e-24,5.74004855809e-24,5.27297387687e-24,7.20927122849e-24,1.06682906138e-23,9.05264983737e-24,8.08421263569e-24,6.48594730955e-24,7.45721336644e-24,8.09312834164e-24,8.42586356057e-24,8.04765287703e-24],"var":[9.30040130243e-7,0.00000233666901295,0.00000147805553752,3.54093145916e-7,8.78635432855e-7,0.00000117472347938,0.0000013851025642,0.00000129156171624,8.84173971372e-7,4.70121733542e-7,4.01671002237e-7,5.88185145034e-8,1.04490119668e-7,3.61971963514e-9,5.51411716287e-9,4.81939910202e-9,5.8212248355e-9,4.82936191037e-10,3.69249991694e-10,2.85623441565e-10,1.32319349921e-10,1.69698075037e-10,1.16986850762e-10,1.86702753951e-11,4.03611970234e-11,7.56133176905e-12,3.85281260021e-12,1.66305315873e-12,4.12943496671e-13,6.32128193106e-13,4.77654970698e-13,8.20566054341e-13,5.2501267087e-14,1.20291231538e-14,2.19241688199e-15,6.48535328867e-16,6.32690836435e-16,6.70964642197e-17,5.10830979023e-17,3.89148980332e-18]},"melbands_crest":{"dmean":2.01244616508,"dmean2":3.28913998604,"dvar":4.93714904785,"dvar2":15.2082958221,"max":30.7024860382,"mean":14.0576906204,"median":13.3989849091,"min":1.75175917149,"var":21.5127296448},"melbands_flatness_db":{"dmean":0.0144810946658,"dmean2":0.0230595953763,"dvar":0.000282828084892,"dvar2":0.000715171045158,"max":0.593920350075,"mean":0.371104091406,"median":0.358843743801,"min":0.00411323271692,"var":0.00927491672337},"melbands_kurtosis":{"dmean":2.34118413925,"dmean2":3.72097849846,"dvar":12.263504982,"dvar2":32.6030158997,"max":68.2768936157,"mean":7.12830877304,"median":4.49680995941,"min":-1.94425570965,"var":69.0993423462},"melbands_skewness":{"dmean":0.357555270195,"dmean2":0.561680853367,"dvar":0.155073955655,"dvar2":0.421657830477,"max":6.43117904663,"mean":1.62349438667,"median":1.45715010166,"min":-2.2664141655,"var":1.25288760662},"melbands_spread":{"dmean":1.52691578865,"dmean2":2.39409446716,"dvar":7.76039934158,"dvar2":18.9559402466,"max":145.227752686,"mean":8.83857154846,"median":7.52760982513,"min":0.854761838913,"var":106.774291992},"mfcc":{"cov":[[12166.9501953,914.535583496,-3682.92138672,420.52746582,-1380.43054199,-568.916259766,-807.368835449,-11.0534353256,8.26272201538,124.231369019,-98.3476333618,-146.56338501,-146.454940796],[914.535583496,1864.9362793,204.158554077,-182.518997192,422.799804688,62.25623703,35.3133583069,18.844461441,67.7742843628,-12.3213062286,-4.91259384155,-35.0647392273,33.9535903931],[-3682.92138672,204.158554077,1635.77990723,-126.010871887,454.49609375,289.539245605,327.33026123,29.5198040009,9.16730594635,-31.6187133789,18.4935112,58.9864959717,59.3996696472],[420.52746582,-182.518997192,-126.010871887,304.150299072,-40.5399742126,-4.07352876663,23.2809257507,23.4425449371,1.83000040054,2.58045005798,28.3419151306,21.1507740021,0.0344394892454],[-1380.43054199,422.799804688,454.49609375,-40.5399742126,494.061981201,118.912696838,128.986312866,37.0244293213,27.8467845917,-16.4016780853,31.4920158386,13.6272745132,35.4803733826],[-568.916259766,62.25623703,289.539245605,-4.07352876663,118.912696838,180.985107422,119.335586548,12.4736938477,20.9915962219,5.62275791168,4.74291181564,10.1002902985,11.3201265335],[-807.368835449,35.3133583069,327.33026123,23.2809257507,128.986312866,119.335586548,206.439468384,64.0179901123,25.0515937805,18.8318080902,22.2029380798,17.3056755066,17.3264331818],[-11.0534353256,18.844461441,29.5198040009,23.4425449371,37.0244293213,12.4736938477,64.0179901123,111.958564758,60.6862754822,21.921705246,21.195936203,16.434879303,9.82820606232],[8.26272201538,67.7742843628,9.16730594635,1.83000040054,27.8467845917,20.9915962219,25.0515937805,60.6862754822,124.281242371,54.7198867798,8.94313049316,10.8596887589,9.98973655701],[124.231369019,-12.3213062286,-31.6187133789,2.58045005798,-16.4016780853,5.62275791168,18.8318080902,21.921705246,54.7198867798,103.307815552,36.2773361206,2.92253112793,8.28065872192],[-98.3476333618,-4.91259384155,18.4935112,28.3419151306,31.4920158386,4.74291181564,22.2029380798,21.195936203,8.94313049316,36.2773361206,94.6565933228,49.8374519348,5.05278968811],[-146.56338501,-35.0647392273,58.9864959717,21.1507740021,13.6272745132,10.1002902985,17.3056755066,16.434879303,10.8596887589,2.92253112793,49.8374519348,94.3768997192,37.2661743164],[-146.454940796,33.9535903931,59.3996696472,0.0344394892454,35.4803733826,11.3201265335,17.3264331818,9.82820606232,9.98973655701,8.28065872192,5.05278968811,37.2661743164,83.1945800781]],"icov":[[0.00168408022728,-0.00225301249884,0.00278862449341,-0.00213072262704,0.00363436993212,-0.00284614902921,0.00300255510956,-0.00368856219575,0.00292954361066,-0.00282043265179,0.00230984715745,-0.00147677608766,0.000991896144114],[-0.00225301249884,0.00375959184021,-0.00361726409756,0.0032258220017,-0.00554426619783,0.00382431154139,-0.00396018382162,0.00510275969282,-0.0044213202782,0.0040850979276,-0.00330797629431,0.00243253912777,-0.00161757937167],[0.00278862449341,-0.00361726409756,0.00588415004313,-0.00295575452037,0.00532033992931,-0.00532320374623,0.00345512293279,-0.00539189577103,0.00476436922327,-0.0042487368919,0.00406433967873,-0.00309625733644,0.00154900131747],[-0.00213072262704,0.0032258220017,-0.00295575452037,0.00665707560256,-0.00463280780241,0.00354491476901,-0.00503265438601,0.00459745852277,-0.00402832077816,0.00454961322248,-0.00415417831391,0.00175062497146,-0.00146240671165],[0.00363436993212,-0.00554426619783,0.00532033992931,-0.00463280780241,0.0117377210408,-0.00687560718507,0.00591190299019,-0.00813328195363,0.00552222225815,-0.00424965564162,0.00256669591181,-0.0015053297393,0.000801530433819],[-0.00284614902921,0.00382431154139,-0.00532320374623,0.00354491476901,-0.00687560718507,0.0155696254224,-0.0108074909076,0.00988892279565,-0.0074317632243,0.0052034095861,-0.00322866160423,0.00199136626907,-0.00119703146629],[0.00300255510956,-0.00396018382162,0.00345512293279,-0.00503265438601,0.00591190299019,-0.0108074909076,0.018498044461,-0.0140085313469,0.00865248963237,-0.00799509696662,0.0044663650915,-0.00226271059364,0.00168790342286],[-0.00368856219575,0.00510275969282,-0.00539189577103,0.00459745852277,-0.00813328195363,0.00988892279565,-0.0140085313469,0.0255217980593,-0.0155176147819,0.00983160082251,-0.00823119282722,0.00376110943034,-0.00300261355005],[0.00292954361066,-0.0044213202782,0.00476436922327,-0.00402832077816,0.00552222225815,-0.0074317632243,0.00865248963237,-0.0155176147819,0.0218822583556,-0.0146972760558,0.0100303217769,-0.00680534355342,0.00352339399979],[-0.00282043265179,0.0040850979276,-0.0042487368919,0.00454961322248,-0.00424965564162,0.0052034095861,-0.00799509696662,0.00983160082251,-0.0146972760558,0.0238432940096,-0.0150641724467,0.00991089269519,-0.0061256242916],[0.00230984715745,-0.00330797629431,0.00406433967873,-0.00415417831391,0.00256669591181,-0.00322866160423,0.0044663650915,-0.00823119282722,0.0100303217769,-0.0150641724467,0.026397658512,-0.0164303071797,0.00795455556363],[-0.00147677608766,0.00243253912777,-0.00309625733644,0.00175062497146,-0.0015053297393,0.00199136626907,-0.00226271059364,0.00376110943034,-0.00680534355342,0.00991089269519,-0.0164303071797,0.0239664446563,-0.0108915176243],[0.000991896144114,-0.00161757937167,0.00154900131747,-0.00146240671165,0.000801530433819,-0.00119703146629,0.00168790342286,-0.00300261355005,0.00352339399979,-0.0061256242916,0.00795455556363,-0.0108915176243,0.0177274383605]],"mean":[-789.67565918,216.522827148,5.24872398376,5.727247715,-4.70787525177,1.27241075039,-10.4225912094,-5.31001520157,-2.9636323452,-0.0632248967886,2.81085348129,4.58705854416,-0.795820534229]},"pitch_salience":{"dmean":0.0473166778684,"dmean2":0.0759991183877,"dvar":0.00234847865067,"dvar2":0.00655198283494,"max":0.966190993786,"mean":0.521736860275,"median":0.530543327332,"min":0.148120224476,"var":0.0119966967031},"silence_rate_20dB":{"dmean":0,"dmean2":0,"dvar":0,"dvar2":0,"max":1,"mean":1,"median":1,"min":1,"var":0},"silence_rate_30dB":{"dmean":0.0013840830652,"dmean2":0.00276848534122,"dvar":0.00138216081541,"dvar2":0.00345291476697,"max":1,"mean":0.998962044716,"median":1,"min":0,"var":0.00103679078165},"silence_rate_60dB":{"dmean":0.0205305647105,"dmean2":0.0410658679903,"dvar":0.0201085023582,"dvar2":0.0483810193837,"max":1,"mean":0.18579171598,"median":0,"min":0,"var":0.15128710866},"spectral_centroid":{"dmean":48.3443717957,"dmean2":77.4865341187,"dvar":19327.6113281,"dvar2":35161.0390625,"max":11260.0673828,"mean":544.867492676,"median":492.061096191,"min":162.326675415,"var":204537.203125},"spectral_complexity":{"dmean":1.18454444408,"dmean2":1.97439146042,"dvar":1.85367310047,"dvar2":4.23463487625,"max":34,"mean":10.4563484192,"median":10,"min":0,"var":33.6213378906},"spectral_contrast_coeffs":{"dmean":[0.0387980081141,0.0304088164121,0.0247374102473,0.0256040338427,0.0181380454451,0.0126289613545],"dmean2":[0.0656310841441,0.050708964467,0.0377149134874,0.0408853814006,0.029599621892,0.0211560633034],"dvar":[0.00111136981286,0.000741790689062,0.000527637894265,0.000561080058105,0.000244271213887,0.000160324503668],"dvar2":[0.00319530279376,0.00200672424398,0.00120355503168,0.00134639220778,0.000621377432253,0.000381227087928],"max":[-0.284731835127,-0.363925725222,-0.42945098877,-0.477279782295,-0.564528822899,-0.577035546303],"mean":[-0.609285712242,-0.664903223515,-0.704862654209,-0.699140071869,-0.738581895828,-0.784702599049],"median":[-0.616068720818,-0.663890898228,-0.715966701508,-0.697235584259,-0.730612874031,-0.790690481663],"min":[-0.974294781685,-0.978670239449,-0.969715058804,-0.966800570488,-0.967469513416,-0.960894703865],"var":[0.00966845080256,0.00771167967469,0.00841645244509,0.00456545641646,0.00439757201821,0.00560728367418]},"spectral_contrast_valleys":{"dmean":[0.346940636635,0.248923107982,0.224155440927,0.234880909324,0.183230891824,0.120633602142],"dmean2":[0.581878125668,0.410389751196,0.354184240103,0.375784397125,0.292206913233,0.199613422155],"dvar":[0.102688141167,0.0718168616295,0.0683817490935,0.089749597013,0.0657824501395,0.0273548588157],"dvar2":[0.250620782375,0.145456105471,0.129486471415,0.172316282988,0.114532068372,0.045838098973],"max":[-5.57791757584,-4.4897274971,-5.44347524643,-6.2913517952,-6.65088415146,-10.324213028],"mean":[-8.09691810608,-7.12259817123,-8.37809467316,-9.77976036072,-10.6805667877,-13.187666893],"median":[-7.99383640289,-6.8903837204,-8.0704498291,-9.52032184601,-10.8123321533,-13.422252655],"min":[-27.5338745117,-27.7029819489,-27.3655757904,-27.4675292969,-27.4819698334,-27.3320045471],"var":[1.95844936371,2.32192206383,2.16578316689,2.27457118034,2.19642758369,0.791987001896]},"spectral_decrease":{"dmean":9.04446240124e-10,"dmean2":1.29623722867e-9,"dvar":2.1107190438e-18,"dvar2":4.78533827811e-18,"max":7.7097629846e-29,"mean":-5.62418644989e-9,"median":-4.47937553716e-9,"min":-3.24069375779e-8,"var":2.53317908371e-17},"spectral_energy":{"dmean":0.003564955201,"dmean2":0.00509325135499,"dvar":0.000033267919207,"dvar2":0.0000746657096897,"max":0.130105867982,"mean":0.022171087563,"median":0.0175769869238,"min":1.01144042544e-20,"var":0.000397986616008},"spectral_energyband_high":{"dmean":0.00000818139960757,"dmean2":0.0000127403327497,"dvar":1.45253264972e-9,"dvar2":3.08994896336e-9,"max":0.002023329027,"mean":0.0000217381384573,"median":0.00000156546354901,"min":7.48807753674e-21,"var":4.3304724251e-9},"spectral_energyband_low":{"dmean":0.000940734928008,"dmean2":0.00149430031888,"dvar":0.00000392294805351,"dvar2":0.00000908034235181,"max":0.0573740638793,"mean":0.00474415719509,"median":0.00167751242407,"min":2.45058819792e-23,"var":0.0000442451528215},"spectral_energyband_middle_high":{"dmean":0.000709033687599,"dmean2":0.000998310395516,"dvar":0.00000401589977628,"dvar2":0.00000813636415842,"max":0.0877146497369,"mean":0.00254504941404,"median":0.000819523236714,"min":1.38494409712e-21,"var":0.0000195089105546},"spectral_energyband_middle_low":{"dmean":0.00302379601635,"dmean2":0.00430985307321,"dvar":0.0000242041787715,"dvar2":0.0000562189852644,"max":0.101182639599,"mean":0.0159221608192,"median":0.0104669583961,"min":2.22601653759e-22,"var":0.000260821834672},"spectral_entropy":{"dmean":0.110777743161,"dmean2":0.176048651338,"dvar":0.0174756180495,"dvar2":0.0444962084293,"max":9.8093624115,"mean":6.01896286011,"median":6.04449939728,"min":4.44559335709,"var":0.281045168638},"spectral_flux":{"dmean":0.0107428552583,"dmean2":0.0172798801214,"dvar":0.000243892412982,"dvar2":0.000585713540204,"max":0.253536194563,"mean":0.035607304424,"median":0.0310001913458,"min":6.74573522041e-11,"var":0.000779956171755},"spectral_kurtosis":{"dmean":12.2638216019,"dmean2":21.5398731232,"dvar":151.316223145,"dvar2":440.620300293,"max":182.351074219,"mean":43.4498977661,"median":30.2070579529,"min":-1.22440350056,"var":1197.11779785},"spectral_rms":{"dmean":0.000346742162947,"dmean2":0.000498898036312,"dvar":1.99825905156e-7,"dvar2":4.24231899387e-7,"max":0.0112664354965,"mean":0.00408558454365,"median":0.00414104806259,"min":3.14129126357e-12,"var":0.00000493828429171},"spectral_rolloff":{"dmean":81.7845153809,"dmean2":143.468322754,"dvar":68862.546875,"dvar2":148998.9375,"max":19207.6171875,"mean":715.932617188,"median":581.396484375,"min":86.1328125,"var":2131132},"spectral_skewness":{"dmean":0.747135877609,"dmean2":1.31489884853,"dvar":0.442952990532,"dvar2":1.3021800518,"max":11.2333335876,"mean":4.62686729431,"median":4.00387239456,"min":-0.0150183178484,"var":4.43500852585},"spectral_spread":{"dmean":242424.734375,"dmean2":426221.65625,"dvar":297660153856,"dvar2":519510032384,"max":41854240,"mean":1826416.375,"median":1703261.125,"min":548900.25,"var":2315300372480},"spectral_strongpeak":{"dmean":0.290590435266,"dmean2":0.465694874525,"dvar":0.251023739576,"dvar2":0.580223381519,"max":10.0921936035,"mean":1.09036672115,"median":0.58267813921,"min":0,"var":1.25846362114},"zerocrossingrate":{"dmean":0.0024129091762,"dmean2":0.00319542875513,"dvar":0.0000294418441626,"dvar2":0.0000509444435011,"max":0.5078125,"mean":0.0264471508563,"median":0.02294921875,"min":0.0029296875,"var":0.0015290871961}},"metadata":{"audio_properties":{"analysis_sample_rate":44100,"bit_rate":320041,"codec":"mp3","downmix":"mix","equal_loudness":0,"length":201.299591064,"lossless":false,"md5_encoded":"21ea9a44db4e3c0a8ab13e040f16f79c","replay_gain":-8.12817764282,"sample_rate":44100},"tags":{"album":["Queen Forever"],"albumartist":["Queen"],"artist":["Queen"],"discnumber":["2"],"file_name":"2166636.mp3","genre":["null"],"label":["网易云音乐"],"musicbrainz_recordingid":["9a1e6599-73d3-40fb-b877-83d080712700"],"title":["Forever"],"tracknumber":["36"]},"version":{"essentia":"2.1-beta2","essentia_build_sha":"70f2e5ece6736b2c40cc944ad0e695b16b925413","essentia_git_sha":"v2.1_beta2","extractor":"music 1.0"}},"rhythm":{"beats_count":447,"beats_loudness":{"dmean":0.0134788844734,"dmean2":0.0226399376988,"dvar":0.000194123538677,"dvar2":0.000490943610203,"max":0.0994207262993,"mean":0.0281844716519,"median":0.024098392576,"min":1.8756891873e-10,"var":0.000522961840034},"beats_loudness_band_ratio":{"dmean":[0.132377058268,0.150595426559,0.167732194066,0.0609087496996,0.0141166187823,0.00394544703886],"dmean2":[0.208926573396,0.249605774879,0.286291599274,0.10579457134,0.0244931653142,0.00545403640717],"dvar":[0.0211993418634,0.0184526164085,0.0226917564869,0.00760892406106,0.00117230962496,0.0009318649536],"dvar2":[0.0443792715669,0.0429866015911,0.0612852796912,0.0225941948593,0.00250221253373,0.000576983322389],"max":[0.969858944416,0.889347672462,0.942878484726,0.865810334682,0.495643407106,0.788085758686],"mean":[0.321225404739,0.271383345127,0.359838843346,0.0867081135511,0.0165960378945,0.00419214414433],"median":[0.216973260045,0.228107005358,0.319043517113,0.0498441495001,0.00738289952278,0.000827914103866],"min":[0.00182294030674,0.00270244991407,0.0067386594601,0.00151739607099,0.000126243103296,0.00000761986029829],"var":[0.081503