{"lowlevel":{"average_loudness":0.87422811985,"barkbands":{"dmean":[0.000315650511766,0.00605183467269,0.00248627038673,0.00135870371014,0.00100024219137,0.00125234527513,0.000745441298932,0.00132455513813,0.00151939631905,0.00139043515082,0.000710142950993,0.000481646653498,0.000762821699027,0.000434822839452,0.000294153840514,0.000208780111279,0.000186578807188,0.0000747240046621,0.0000921019745874,0.0000700028977008,0.0000671592933941,0.000072859111242,0.0000564442307223,0.0000476009918202,0.0000351264534402,0.0000143021607073,0.00000673766407999],"dmean2":[0.000511898600962,0.0102014904842,0.00448791170493,0.00240518106148,0.00166635739151,0.00201656064019,0.00117404037155,0.00202049966902,0.00235079834238,0.00214506522752,0.00113823474385,0.000762657029554,0.0012350397883,0.000709017855115,0.000485385011416,0.000344411324477,0.000312021671562,0.000122950834339,0.000149542363943,0.000113869151392,0.000108682077553,0.000116784780403,0.000086859894509,0.0000703606929164,0.0000538873027836,0.0000211424357985,0.0000102046615211],"dvar":[3.42604039361e-7,0.00023508752929,0.000032064923289,0.00000702630995875,0.00000348279263562,0.00000719654099157,0.00000265022276835,0.00000950214325712,0.0000115167567856,0.0000100778515844,0.00000222390281124,7.92845639808e-7,0.00000145222611536,8.14544193872e-7,1.90211665085e-7,8.39099669747e-8,7.44819317333e-8,1.46419374403e-8,2.28276135772e-8,1.7666765828e-8,1.92087981077e-8,4.49113706225e-8,4.68507543872e-8,4.25071355892e-8,1.89081692525e-8,1.43870626523e-9,3.23349819142e-10],"dvar2":[8.40945403979e-7,0.000635656819213,0.000091244430223,0.0000199708811124,0.00000912456471269,0.0000180746574188,0.00000627215013083,0.0000207008342841,0.0000276123573713,0.0000230862588069,0.00000553863674213,0.00000179779499376,0.00000363542153536,0.00000215672821469,4.98777751545e-7,2.17732477381e-7,1.9900960524e-7,3.79654139238e-8,5.81069272698e-8,4.42192806815e-8,4.92145453279e-8,1.08714139913e-7,8.03060160592e-8,7.96870338604e-8,4.00687980573e-8,3.05915492937e-9,6.83704648452e-10],"max":[0.00663685798645,0.139115303755,0.058222796768,0.0376829989254,0.028867252171,0.0458203479648,0.0351428352296,0.0672822594643,0.0991216078401,0.0629841536283,0.0560728758574,0.0147273102775,0.0222924146801,0.0230652093887,0.00890959892422,0.00673428084701,0.00540821207687,0.0025513744913,0.00275296997279,0.00254842475988,0.00299831805751,0.00384258967824,0.00829669367522,0.00766261667013,0.00524161336944,0.00120375817642,0.000691625406034],"mean":[0.000545717251953,0.00681628333405,0.00366584886797,0.00189688440878,0.00172541337088,0.00203802320175,0.00124651694205,0.00249744928442,0.00305819232017,0.00285742455162,0.00122665741947,0.000826025905553,0.00142027251422,0.000808215932921,0.00054954882944,0.000424179685069,0.000373456219677,0.000143281926285,0.000188437668839,0.000132633780595,0.00012315940694,0.000112688510853,0.0000874991383171,0.0000764336436987,0.0000545611510461,0.0000213966923184,0.00000877339516592],"median":[0.000249553646427,0.0033344712574,0.00238378625363,0.00116299453657,0.000942189362831,0.000686016865075,0.000468200829346,0.00052956136642,0.000800219248049,0.000761769129895,0.000480750633869,0.000387081992812,0.000660309626255,0.000401015480747,0.000381760706659,0.00031746464083,0.000262394081801,0.0000905006818357,0.000118655952974,0.0000744730350561,0.0000691060704412,0.0000387380532629,0.0000185817752936,0.0000161885618581,0.0000149330335262,0.00000569946632822,0.00000148228707531],"min":[1.83723671044e-25,1.82744716847e-24,5.40201396881e-25,1.25681418027e-24,8.0780902862e-24,8.87405488387e-24,1.23135917714e-23,7.6266038909e-24,1.89541708067e-23,8.20516000081e-24,2.27034326295e-23,1.53188047215e-23,2.91806306827e-23,4.25099566003e-23,5.35472408468e-23,3.83519275668e-23,6.80919616056e-23,9.38832198546e-23,1.42546206319e-22,1.73930488386e-22,2.54516492117e-22,3.52224197992e-22,3.31932171155e-22,5.94032708906e-22,9.29180807226e-22,1.37945029307e-21,1.88144552732e-21],"var":[5.14442376698e-7,0.000177054927917,0.0000241116013058,0.00000658563340039,0.00000579951074542,0.0000158544207807,0.00000588287412029,0.0000337069868692,0.0000385128769267,0.0000375778763555,0.00000650688161841,0.0000016809740373,0.00000423563415097,0.00000204185630537,3.98807571855e-7,1.92522662701e-7,1.63486333804e-7,3.00879570148e-8,4.81608353198e-8,3.30705738349e-8,2.93891009306e-8,6.41949071678e-8,1.30641055307e-7,1.0882849466e-7,3.69929011867e-8,3.322938813e-9,7.47219897068e-10]},"barkbands_crest":{"dmean":2.61645269394,"dmean2":4.16785144806,"dvar":6.42279577255,"dvar2":16.2730770111,"max":25.5002479553,"mean":9.85475254059,"median":9.02289962769,"min":2.21470284462,"var":16.4148807526},"barkbands_flatness_db":{"dmean":0.0206605438143,"dmean2":0.0317965298891,"dvar":0.000597379344981,"dvar2":0.00133032002486,"max":0.5372838974,"mean":0.135170176625,"median":0.122649200261,"min":0.0130591494963,"var":0.00454593356699},"barkbands_kurtosis":{"dmean":4.04399824142,"dmean2":6.54769659042,"dvar":486.00970459,"dvar2":1182.95495605,"max":700.932800293,"mean":5.2529335022,"median":0.927372932434,"min":-1.90091502666,"var":616.379577637},"barkbands_skewness":{"dmean":0.523239076138,"dmean2":0.818117558956,"dvar":0.706095159054,"dvar2":1.70089673996,"max":20.4221477509,"mean":1.26520192623,"median":0.97481584549,"min":-6.94586467743,"var":2.2049908638},"barkbands_spread":{"dmean":4.30744934082,"dmean2":6.67874336243,"dvar":32.2172241211,"dvar2":65.0655288696,"max":122.846054077,"mean":18.8816490173,"median":17.5927886963,"min":0.21395522356,"var":133.807846069},"dissonance":{"dmean":0.019998377189,"dmean2":0.0336933806539,"dvar":0.000457842106698,"dvar2":0.00127211341169,"max":0.500000178814,"mean":0.46006950736,"median":0.468416124582,"min":0,"var":0.00107440468855},"dynamic_complexity":3.41232633591,"erbbands":{"dmean":[0.15385261178,1.48325753212,3.1558880806,3.76775431633,2.91830611229,3.75986123085,6.86649084091,10.9034481049,10.1387557983,18.9180393219,27.5996265411,37.1335945129,39.9315299988,30.6248054504,26.9440631866,19.5507698059,34.1970100403,23.2007579803,17.6001167297,11.2176799774,10.3756999969,8.69256877899,4.30425024033,4.53955316544,4.00382518768,3.25671410561,3.01840877533,2.63999629021,2.64003276825,1.99222230911,1.66600978374,1.14161753654,0.730074644089,0.452465981245,0.22738969326,0.0745243355632,0.0245292074978,0.00660195341334,0.00107324810233,0.0000828198826639],"dmean2":[0.236678421497,2.65004873276,5.76548099518,6.70935487747,5.04845190048,6.23748254776,11.0353298187,17.8846302032,16.1913471222,29.0996646881,41.5278739929,56.6876335144,61.6539268494,47.6624755859,42.9087486267,30.8427371979,55.1365737915,37.392665863,29.1937522888,18.5795631409,17.0815486908,14.4625501633,7.05922222137,7.42005872726,6.51578712463,5.29694652557,4.92041301727,4.23270940781,4.22625780106,3.1580593586,2.54208183289,1.68442952633,1.11100816727,0.694564521313,0.348152637482,0.11196256429,0.0365596525371,0.0098760491237,0.00162266695406,0.000128359883092],"dvar":[0.119340986013,16.0130023956,61.6376609802,47.3759346008,31.6278953552,57.6848526001,175.826797485,650.171081543,529.742553711,1888.51464844,4743.24267578,7862.18798828,8648.60253906,7324.41357422,2421.5480957,1150.90808105,2976.67797852,2167.52758789,743.594909668,232.594390869,222.909118652,189.034210205,47.8947296143,52.1941337585,49.5581169128,36.2535705566,34.5890350342,35.4605865479,57.8249893188,36.1934509277,46.7662963867,26.0648841858,10.6150999069,3.43226957321,0.716481149197,0.0470520630479,0.00489515485242,0.000377265329007,0.00000921876835491,3.56872718044e-8],"dvar2":[0.28403839469,45.0408401489,176.108139038,133.824996948,88.1620178223,147.749740601,395.456970215,1666.51977539,1351.32434082,4119.35302734,10577.0136719,18995.5292969,19841.7089844,18677.4882812,6040.97412109,2689.17993164,7379.86035156,5508.97216797,1960.13269043,596.532958984,576.769775391,500.15612793,125.318443298,135.573745728,124.043388367,91.2503662109,88.6319961548,88.4777755737,137.656021118,79.0443191528,82.8971176147,47.5869789124,21.1255722046,7.12435054779,1.53384923935,0.101198852062,0.0106407226995,0.000754978798795,0.000019558439817,8.13768608054e-8],"max":[3.21109247208,33.7614479065,71.2672653198,92.0123596191,91.025390625,152.335525513,365.716033936,533.686828613,472.099212646,812.384643555,1870.6484375,2908.51293945,2335.59570312,2285.54785156,902.913574219,646.986755371,1127.81481934,1115.49133301,544.448059082,322.865753174,396.528045654,372.90737915,131.525299072,116.809715271,198.892456055,106.681861877,118.25113678,133.055389404,147.097213745,165.883300781,316.789672852,199.705947876,107.387466431,66.0535507202,35.5634536743,8.93271160126,2.49313306808,0.79377245903,0.117338657379,0.00497692450881],"mean":[0.207474038005,1.4806830883,4.18998622894,5.83281707764,4.67000961304,6.19469594955,11.3001432419,17.2074222565,17.3229846954,33.6454734802,57.5347938538,77.1854553223,84.4722366333,67.3262252808,51.6658935547,38.9415893555,65.2931060791,47.5789527893,35.4761161804,23.9328117371,23.1809940338,18.5101299286,9.3563337326,9.44630146027,8.13021850586,6.36026144028,5.61834526062,4.66237783432,4.13580036163,2.92374491692,2.49949097633,1.8073964119,1.15540993214,0.699579417706,0.339616775513,0.114280633628,0.035315964371,0.00925688166171,0.00144056777935,0.000125318183564],"median":[0.105919152498,0.722373962402,2.48731946945,3.9723033905,3.14461731911,3.16167235374,4.48478364944,5.57803630829,6.85652780533,11.2034349442,15.1275224686,21.7936573029,25.2694396973,20.2385120392,24.5023937225,21.9906425476,33.5114135742,24.0915756226,23.8749389648,18.717830658,17.5241088867,12.9941120148,6.43363857269,5.88687992096,5.26515436172,3.78612875938,3.25799942017,2.2196059227,1.42847645283,0.772024869919,0.508290588856,0.363250494003,0.25072145462,0.175166770816,0.0916121155024,0.033138435334,0.00848426204175,0.00174001243431,0.000257247273112,0.0000549457363377],"min":[6.10416340166e-23,6.45338000749e-22,1.98241083746e-21,4.11510076283e-21,1.1685653215e-20,2.88304205918e-20,6.86730579044e-20,9.12034350752e-20,1.90552053019e-19,1.70198860457e-19,2.11244997093e-19,4.83874705552e-19,4.16191608357e-19,7.19989585695e-19,9.56871365663e-19,1.09588847678e-18,1.90051115025e-18,2.37001100772e-18,2.62209305862e-18,3.78864561058e-18,2.61790318202e-18,4.57982153261e-18,3.60608519503e-18,8.15421164811e-18,8.07327698825e-18,8.5135686847e-18,9.49038461571e-18,1.10448894244e-17,1.24256226116e-17,1.08799917965e-17,9.09707346933e-18,1.17091592969e-17,8.03803578544e-18,9.23156393794e-18,6.72663935873e-18,4.24711997766e-18,2.35596031104e-18,1.04440909815e-18,2.53570562417e-19,2.50449529186e-20],"var":[0.123100273311,10.2991628647,41.255821228,43.9954223633,31.84907341,98.7526321411,397.569915771,1333.34680176,1075.34973145,4902.13378906,19756.4863281,25878.4472656,30996.4902344,28932.7851562,6192.76904297,2749.89794922,8143.74902344,5797.453125,1679.6060791,570.486572266,583.845336914,409.554504395,105.875137329,115.762573242,97.132598877,69.757522583,56.0207710266,55.3211517334,86.1962356567,67.6972045898,122.613540649,68.9476318359,23.9505348206,6.80568790436,1.36585760117,0.101831682026,0.0105604249984,0.000968488282524,0.0000213429430005,5.9271702213e-8]},"erbbands_crest":{"dmean":2.69893479347,"dmean2":4.33460998535,"dvar":6.39638566971,"dvar2":15.490814209,"max":30.7784023285,"mean":10.088259697,"median":8.77505874634,"min":2.38654351234,"var":26.194360733},"erbbands_flatness_db":{"dmean":0.0180877074599,"dmean2":0.026179978624,"dvar":0.000349546520738,"dvar2":0.000676288967952,"max":0.355126708746,"mean":0.165923312306,"median":0.165897220373,"min":0.0269023161381,"var":0.00245790556073},"erbbands_kurtosis":{"dmean":0.925668418407,"dmean2":1.46127033234,"dvar":1.84610974789,"dvar2":4.44779586792,"max":48.391292572,"mean":1.21964085102,"median":0.427356004715,"min":-1.7706040144,"var":11.1632823944},"erbbands_skewness":{"dmean":0.326691538095,"dmean2":0.511460065842,"dvar":0.0969803929329,"dvar2":0.228994101286,"max":5.50035047531,"mean":0.374182075262,"median":0.295387297869,"min":-4.50453948975,"var":0.601872563362},"erbbands_spread":{"dmean":6.36247014999,"dmean2":9.91589069366,"dvar":67.7150497437,"dvar2":166.476638794,"max":126.420837402,"mean":28.0189723969,"median":24.7736625671,"min":2.38185548782,"var":248.626296997},"gfcc":{"cov":[[19348.1953125,-346.133911133,-2096.27441406,-51.6148605347,-1019.36798096,448.728149414,-444.425689697,377.847137451,-143.923324585,349.779846191,-153.962585449,95.4246063232,-109.638305664],[-346.133911133,1428.0168457,-216.23399353,-80.2762145996,310.569396973,-52.0816116333,190.005874634,-10.6437330246,79.0826721191,-47.4785308838,53.3546104431,-71.5100784302,74.959602356],[-2096.27441406,-216.23399353,855.204772949,215.385040283,194.841903687,88.6467895508,45.4848442078,18.7639694214,29.5902633667,-15.901506424,37.1980857849,10.9214925766,-3.80480337143],[-51.6148605347,-80.2762145996,215.385040283,344.850402832,123.648674011,90.9430007935,17.953792572,13.4957923889,32.4444313049,3.98398280144,33.8218841553,1.88385295868,14.3202953339],[-1019.36798096,310.569396973,194.841903687,123.648674011,321.188079834,63.2332344055,122.294212341,22.5872516632,55.5131645203,-1.4751329422,41.9066200256,-20.4150218964,39.5728530884],[448.728149414,-52.0816116333,88.6467895508,90.9430007935,63.2332344055,186.732925415,65.4622497559,66.8973770142,19.8167629242,24.5259475708,12.425866127,3.77498817444,13.5131473541],[-444.425689697,190.005874634,45.4848442078,17.953792572,122.294212341,65.4622497559,185.269744873,40.613193512,34.1893157959,-8.35398197174,10.2184514999,-8.45908260345,12.6007127762],[377.847137451,-10.6437330246,18.7639694214,13.4957923889,22.5872516632,66.8973770142,40.613193512,112.057861328,32.6165962219,28.3178424835,7.61757326126,-2.74102091789,3.41742444038],[-143.923324585,79.0826721191,29.5902633667,32.4444313049,55.5131645203,19.8167629242,34.1893157959,32.6165962219,94.218536377,31.4275188446,15.7755661011,-16.5409545898,2.30996608734],[349.779846191,-47.4785308838,-15.901506424,3.98398280144,-1.4751329422,24.5259475708,-8.35398197174,28.3178424835,31.4275188446,77.985168457,17.0591678619,6.75800514221,-0.859762847424],[-153.962585449,53.3546104431,37.1980857849,33.8218841553,41.9066200256,12.425866127,10.2184514999,7.61757326126,15.7755661011,17.0591678619,71.2054595947,15.6303310394,16.3652915955],[95.4246063232,-71.5100784302,10.9214925766,1.88385295868,-20.4150218964,3.77498817444,-8.45908260345,-2.74102091789,-16.5409545898,6.75800514221,15.6303310394,57.4532852173,19.0435180664],[-109.638305664,74.959602356,-3.80480337143,14.3202953339,39.5728530884,13.5131473541,12.6007127762,3.41742444038,2.30996608734,-0.859762847424,16.3652915955,19.0435180664,69.9593429565]],"icov":[[0.0001511509181,-0.000166596728377,0.000332401134074,-0.000287411559839,0.000378804950742,-0.000537592219189,0.00038309788215,-0.000450806342997,0.000302747677779,-0.000473893014714,0.000326941226376,-0.000366896565538,0.000342451705365],[-0.000166596728377,0.00163740711287,0.000219712805119,0.000849840871524,-0.0017996133538,0.00112375756726,-0.00109844899271,0.000745838915464,-0.000943435239606,0.00148693181109,-0.00139820913319,0.0017779355403,-0.00132268806919],[0.000332401134074,0.000219712805119,0.00256801769137,-0.00100476341322,-0.000686618674081,-0.00134965940379,0.000985715887509,-0.000997443217784,0.000220671587158,0.0000973200949375,0.00016693166981,-0.0012657076586,0.00145051057916],[-0.000287411559839,0.000849840871524,-0.00100476341322,0.00507004652172,-0.00243393355049,-0.000890496827196,0.000387063948438,0.00168380571995,-0.0018998819869,0.00210181553848,-0.00188627361786,0.000862245680764,-0.000761557195801],[0.000378804950742,-0.0017996133538,-0.000686618674081,-0.00243393355049,0.00873044971377,-0.00161435292102,-0.00189362489618,-0.000550906464923,0.00027857394889,-0.00231876317412,-0.000247513700742,0.00118813524023,-0.00157907162793],[-0.000537592219189,0.00112375756726,-0.00134965940379,-0.000890496827196,-0.00161435292102,0.0111233461648,-0.00418631825596,-0.00242088548839,0.000637668708805,-0.000499490706716,-0.000835406593978,0.00188780261669,-0.00264645670541],[0.00038309788215,-0.00109844899271,0.000985715887509,0.000387063948438,-0.00189362489618,-0.00418631825596,0.0104076545686,-0.0028328828048,-0.00110285391565,0.00160087295808,0.00156244612299,-0.00292457197793,0.00238196970895],[-0.000450806342997,0.000745838915464,-0.000997443217784,0.00168380571995,-0.000550906464923,-0.00242088548839,-0.0028328828048,0.0146209178492,-0.00387477572076,-0.00102929503191,-0.0011960339034,0.00186395226046,-0.00144159491174],[0.000302747677779,-0.000943435239606,0.000220671587158,-0.0018998819869,0.00027857394889,0.000637668708805,-0.00110285391565,-0.00387477572076,0.017296936363,-0.00791056826711,-0.000441800628323,0.00396819412708,0.000348225847119],[-0.000473893014714,0.00148693181109,0.0000973200949375,0.00210181553848,-0.00231876317412,-0.000499490706716,0.00160087295808,-0.00102929503191,-0.00791056826711,0.0208200868219,-0.00484963599592,-0.00162825512234,0.000503965071402],[0.000326941226376,-0.00139820913319,0.00016693166981,-0.00188627361786,-0.000247513700742,-0.000835406593978,0.00156244612299,-0.0011960339034,-0.000441800628323,-0.00484963599592,0.0196445118636,-0.00692441733554,-0.000271401368082],[-0.000366896565538,0.0017779355403,-0.0012657076586,0.000862245680764,0.00118813524023,0.00188780261669,-0.00292457197793,0.00186395226046,0.00396819412708,-0.00162825512234,-0.00692441733554,0.0266330745071,-0.00910732615739],[0.000342451705365,-0.00132268806919,0.00145051057916,-0.000761557195801,-0.00157907162793,-0.00264645670541,0.00238196970895,-0.00144159491174,0.000348225847119,0.000503965071402,-0.000271401368082,-0.00910732615739,0.020065754652]],"mean":[-7.6235742569,107.126976013,-116.343345642,16.1316452026,-41.9934310913,16.6317157745,-23.7802619934,6.98426580429,-18.6386356354,2.91561365128,-16.8922386169,-3.87673783302,-9.65092658997]},"hfc":{"dmean":5.74874401093,"dmean2":9.0079908371,"dvar":65.0853881836,"dvar2":151.75050354,"max":128.648529053,"mean":22.0525054932,"median":18.3888511658,"min":1.03561556854e-16,"var":306.338134766},"melbands":{"dmean":[0.00151115620974,0.00178108213004,0.000610416580457,0.00021259910136,0.000229480181588,0.00024249269336,0.000156977432198,0.000224896692089,0.000242749913014,0.000225742885959,0.00020229909569,0.0001330209343,0.0000933366100071,0.0000596858481003,0.0000692460962455,0.0000658575736452,0.0000467336831207,0.000030702631193,0.0000178197478817,0.0000169945669768,0.0000128871042762,0.0000106618263089,0.0000066714624154,0.00000360550598089,0.00000404228558182,0.00000343895726473,0.00000248325613939,0.00000233641731029,0.00000216938383346,0.00000161144760114,0.00000164077914633,0.00000152629195327,0.00000149545132899,0.00000105257333871,0.00000106766765384,7.98378096079e-7,6.89069509008e-7,5.26052133409e-7,4.88389900966e-7,3.68207935253e-7],"dmean2":[0.0024445054587,0.00325301266275,0.00108501780778,0.000357036595233,0.000369045708794,0.00039578761789,0.000250387733104,0.0003447252966,0.000367344357073,0.000345407577697,0.000311154086376,0.000206379598239,0.000148065009853,0.000094011084002,0.000110149470856,0.000105770741357,0.0000754618013161,0.0000508149605594,0.0000293164976028,0.0000283399604086,0.0000213053262996,0.0000177452311618,0.000011331380847,0.00000595523215452,0.00000666469759381,0.00000559872796657,0.00000412970985053,0.00000381535119232,0.00000356919849764,0.00000265498852059,0.00000264463278654,0.00000246031459028,0.00000243702061198,0.00000166875065588,0.00000167342784607,0.00000120705033169,0.00000103034710719,7.96617371179e-7,7.61253090786e-7,5.74466014314e-7],"dvar":[0.0000132283821586,0.0000215337950067,0.00000124112295907,1.55607878582e-7,1.76742901203e-7,3.05408690338e-7,1.20694778616e-7,2.65060862148e-7,3.47108368715e-7,2.79246023638e-7,2.22703562258e-7,1.38154007345e-7,2.98179472225e-8,1.09718740759e-8,1.25752652735e-8,1.26102772668e-8,1.0092430891e-8,2.41226727482e-9,7.23635207311e-10,5.29709831554e-10,3.73915037821e-10,2.85855117355e-10,1.21666121622e-10,3.32175224826e-11,4.26249556484e-11,3.32355115651e-11,2.42012659912e-11,1.84646568868e-11,1.71552962808e-11,1.16051048979e-11,1.43748702178e-11,1.64191490265e-11,2.90316486129e-11,1.19403809756e-11,2.16379674595e-11,1.26407998652e-11,1.03199011836e-11,5.31562727862e-12,6.57136714835e-12,2.00288700555e-12],"dvar2":[0.0000341392224072,0.0000611596842646,0.00000349274068867,4.19623574999e-7,4.0547550384e-7,7.80106574894e-7,3.05627452235e-7,5.69865562738e-7,7.81598316735e-7,6.71076406888e-7,5.05340096879e-7,3.4760392964e-7,7.42174748325e-8,2.55098537849e-8,2.87583823422e-8,3.09962615574e-8,2.61926480505e-8,6.28720586704e-9,1.82051163033e-9,1.38990374765e-9,9.69433977538e-10,7.58978102589e-10,3.31208643845e-10,8.78298059281e-11,1.12004724939e-10,8.33491331509e-11,6.07961181398e-11,4.7073036441e-11,4.39779185291e-11,3.06130537586e-11,3.57372187398e-11,3.88405210772e-11,7.36529934264e-11,2.55224626156e-11,4.04505907936e-11,2.23804308419e-11,1.96838222805e-11,1.05607545278e-11,1.39923688955e-11,4.13035361121e-12],"max":[0.0340023413301,0.036523886025,0.0147684272379,0.00536156073213,0.0101385060698,0.0104098841548,0.00718137575313,0.0107449237257,0.0147492634133,0.0160294305533,0.0117279300466,0.00927516072989,0.0041753007099,0.0018998173764,0.0020866044797,0.00303336419165,0.00257585057989,0.000988368876278,0.000917772122193,0.000427448161645,0.000413468427723,0.000408044288633,0.000249360105954,0.000139612675412,0.000103318830952,0.000110584602226,0.000147723636474,0.0000719751915312,0.0000719839154044,0.0000921917453525,0.0000885976915015,0.0000954010029091,0.000128332612803,0.000139183001011,0.000217896958929,0.000178862072062,0.00013648867025,0.0000798559049144,0.000138053612318,0.0000523355120094],"mean":[0.00187440367881,0.00215434958227,0.000977647141553,0.000369785673684,0.00038605183363,0.000388318352634,0.000262268993538,0.000401719677029,0.000502838054672,0.000462862080894,0.000414918089518,0.000275767670246,0.000170377010363,0.000106882645923,0.000127485880512,0.000125881837448,0.0000865599286044,0.0000581984568271,0.0000347905952367,0.0000322363412124,0.0000263824949798,0.0000210185498872,0.0000119994801935,0.00000680285893395,0.00000774992713559,0.00000664698836772,0.00000470402756036,0.00000414832175011,0.00000380033179681,0.00000274229228125,0.0000027476867217,0.00000242312648879,0.00000196632458938,0.00000151276879023,0.00000150358323481,0.0000012463275425,0.00000104043033389,8.00964414793e-7,7.28043232812e-7,5.44874239949e-7],"median":[0.00093544536503,0.00131578603759,0.000712196982931,0.000231328362133,0.00016276104725,0.000126563958474,0.0000982697092695,0.000119492426165,0.000123875492136,0.000125050559291,0.000110812979983,0.0000683928228682,0.0000747094964026,0.0000543137539353,0.0000678182259435,0.0000594552984694,0.0000398888259951,0.0000363241670129,0.0000253670514212,0.0000241166308115,0.0000185784574569,0.0000141062373586,0.00000734306377126,0.00000417476167058,0.00000462794378109,0.00000412801682614,0.00000273854175248,0.00000234141384681,0.00000209473773793,0.00000147563423525,0.00000119266189813,8.45809779548e-7,4.95835422498e-7,3.72913689262e-7,2.83737250584e-7,2.51618445191e-7,2.01693481472e-7,1.6475618736e-7,1.60203228461e-7,1.37498076924e-7],"min":[9.46781392115e-25,1.62278588408e-24,8.55782342394e-25,1.05083431488e-24,2.98443060676e-24,2.21627236992e-24,3.27916462095e-24,1.80497488787e-24,1.59260051598e-24,2.79889900211e-24,1.81437179897e-24,2.5536541768e-24,3.38180331333e-24,2.05309333623e-24,2.75320995341e-24,2.84945473094e-24,3.6701347352e-24,3.45949427958e-24,3.80053659828e-24,3.05377897451e-24,2.83001502887e-24,4.50139020876e-24,3.52010640724e-24,3.75970673555e-24,5.9550447092e-24,5.00758765772e-24,4.48644011132e-24,4.93742321336e-24,5.28179413065e-24,5.28511010746e-24,5.39732833225e-24,6.54148232842e-24,6.73229594848e-24,5.45286335111e-24,4.30765938108e-24,6.92812199073e-24,6.55840378926e-24,4.7457741896e-24,6.08567889181e-24,7.34238598422e-24],"var":[0.0000114410777314,0.000013657722775,0.00000110280097942,2.11782463566e-7,3.97803802343e-7,6.43151111035e-7,2.51807676932e-7,7.47411263546e-7,0.00000147198943523,9.92267246147e-7,7.99619101599e-7,5.45379577943e-7,8.32537310202e-8,2.40997515277e-8,3.43804842373e-8,4.06517841611e-8,2.50054412732e-8,5.44409894943e-9,1.68911096221e-9,1.08176412272e-9,9.16924924876e-10,5.76006242703e-10,2.22565493813e-10,7.35686025988e-11,8.57516488373e-11,6.46310435726e-11,4.41143579999e-11,3.22249033013e-11,2.77693857492e-11,1.55712543554e-11,2.23506855385e-11,2.68152375305e-11,3.16155955582e-11,2.3912155242e-11,4.99371967388e-11,3.74086352173e-11,2.384977979e-11,1.18489471707e-11,1.09181439931e-11,4.00261507966e-12]},"melbands_crest":{"dmean":3.2136631012,"dmean2":5.15504789352,"dvar":8.92080402374,"dvar2":22.4647789001,"max":39.7813949585,"mean":14.184838295,"median":13.4135055542,"min":1.00037062168,"var":28.4076042175},"melbands_flatness_db":{"dmean":0.0248092394322,"dmean2":0.0382070802152,"dvar":0.000882676918991,"dvar2":0.0019825079944,"max":0.695931077003,"mean":0.217396408319,"median":0.200947672129,"min":-2.50230584697e-7,"var":0.00731620239094},"melbands_kurtosis":{"dmean":7.71833086014,"dmean2":12.3406476974,"dvar":971.811340332,"dvar2":2222.4987793,"max":1614.61193848,"mean":11.8415880203,"median":3.43930482864,"min":-1.81285750866,"var":1615.86218262},"melbands_skewness":{"dmean":0.691291987896,"dmean2":1.08501434326,"dvar":1.02466273308,"dvar2":2.49585914612,"max":36.6284599304,"mean":2.05597090721,"median":1.67445635796,"min":-2.33990311623,"var":3.59690451622},"melbands_spread":{"dmean":5.29062986374,"dmean2":8.30363845825,"dvar":48.1746940613,"dvar2":100.288703918,"max":229.266204834,"mean":22.1072731018,"median":21.0384483337,"min":0.212954744697,"var":255.334487915},"mfcc":{"cov":[[10258.6142578,-357.714141846,-650.939147949,-453.785064697,-342.363189697,-105.961509705,-143.959655762,-94.672416687,62.8989028931,56.6149330139,91.6262359619,86.8837127686,7.07278108597],[-357.714141846,1423.96105957,-322.026947021,42.2748260498,26.4206867218,33.0218086243,94.9138565063,41.547088623,93.1384048462,30.5046100616,18.1912021637,33.2310562134,17.833026886],[-650.939147949,-322.026947021,585.153808594,115.228569031,160.888702393,67.2122192383,49.3727340698,59.5052261353,-14.1002531052,29.7988910675,15.6591491699,-12.5053539276,16.4446277618],[-453.785064697,42.2748260498,115.228569031,239.189697266,125.910850525,74.8125152588,46.139667511,34.072845459,11.1974811554,32.1753311157,-2.19379734993,-2.58090305328,27.0161933899],[-342.363189697,26.4206867218,160.888702393,125.910850525,234.086105347,77.6302719116,63.530292511,31.3329296112,27.513420105,57.9703102112,14.5455703735,-1.71997356415,31.057308197],[-105.961509705,33.0218086243,67.2122192383,74.8125152588,77.6302719116,142.357437134,69.3153686523,43.6610679626,39.7948226929,34.427986145,10.4663963318,17.2999744415,9.88792037964],[-143.959655762,94.9138565063,49.3727340698,46.139667511,63.530292511,69.3153686523,150.183670044,73.0160217285,44.7436218262,31.7961235046,16.2269744873,8.6826839447,10.1258440018],[-94.672416687,41.547088623,59.5052261353,34.072845459,31.3329296112,43.6610679626,73.0160217285,104.998390198,39.4067115784,30.983133316,14.9756774902,3.73649430275,4.38244247437],[62.8989028931,93.1384048462,-14.1002531052,11.1974811554,27.513420105,39.7948226929,44.7436218262,39.4067115784,100.635688782,45.0071525574,20.2950725555,18.1630840302,2.64960432053],[56.6149330139,30.5046100616,29.7988910675,32.1753311157,57.9703102112,34.427986145,31.7961235046,30.983133316,45.0071525574,93.4442138672,36.2515525818,12.0932292938,10.8705205917],[91.6262359619,18.1912021637,15.6591491699,-2.19379734993,14.5455703735,10.4663963318,16.2269744873,14.9756774902,20.2950725555,36.2515525818,78.0465240479,26.24193573,6.38492965698],[86.8837127686,33.2310562134,-12.5053539276,-2.58090305328,-1.71997356415,17.2999744415,8.6826839447,3.73649430275,18.1630840302,12.0932292938,26.24193573,66.9605636597,16.8692817688],[7.07278108597,17.833026886,16.4446277618,27.0161933899,31.057308197,9.88792037964,10.1258440018,4.38244247437,2.64960432053,10.8705205917,6.38492965698,16.8692817688,60.2628479004]],"icov":[[0.000119737371278,0.000062119885115,0.000131255728775,0.000165152931004,0.0000596830468567,-0.0000627752669971,0.0000457096612081,0.0000152865231939,-0.0000575345839025,-0.000145577345393,-0.0000866313566803,-0.0000374857372663,-0.000123080782942],[0.000062119885115,0.000964585109614,0.000733181834221,-0.000177532609086,-0.000282680703094,0.000144178266055,-0.000441777985543,-0.000165845980518,-0.000527694239281,0.000156617767061,-0.000150259176735,-0.000198577763513,-0.000138438408612],[0.000131255728775,0.000733181834221,0.00296201813035,-0.000233971353737,-0.00165255391039,-0.000282862485619,0.000101784986327,-0.00152005290147,0.000782104325481,0.000289620802505,-0.000686597952154,0.000114387374197,0.00000985466976999],[0.000165152931004,-0.000177532609086,-0.000233971353737,0.00679211225361,-0.00234591937624,-0.00210945704021,0.000478471658425,-0.000848645460792,0.00092360842973,-0.000623204745352,0.00088802567916,0.000470351922559,-0.00156544905622],[0.0000596830468567,-0.000282680703094,-0.00165255391039,-0.00234591937624,0.0086680976674,-0.00162487325724,-0.00163087714463,0.00225105998106,-0.000378065014957,-0.00336307124235,0.000062237115344,0.00167286291253,-0.00236260402016],[-0.0000627752669971,0.000144178266055,-0.000282862485619,-0.00210945704021,-0.00162487325724,0.01163870655,-0.00312594487332,-0.000705796293914,-0.00191921158694,-0.000479450158309,0.00115614873357,-0.00291588762775,0.00135648227297],[0.0000457096612081,-0.000441777985543,0.000101784986327,0.000478471658425,-0.00163087714463,-0.00312594487332,0.0123611232266,-0.00650307815522,-0.00123559427448,0.000928104273044,-0.000726988888346,0.000298327795463,-0.00048718220205],[0.0000152865231939,-0.000165845980518,-0.00152005290147,-0.000848645460792,0.00225105998106,-0.000705796293914,-0.00650307815522,0.0167214479297,-0.0031791171059,-0.00206525321119,-0.000546397292055,0.00138134113513,-0.000141564683872],[-0.0000575345839025,-0.000527694239281,0.000782104325481,0.00092360842973,-0.000378065014957,-0.00191921158694,-0.00123559427448,-0.0031791171059,0.0159805286676,-0.00566181680188,0.000455302826595,-0.00251617538743,0.00145877199247],[-0.000145577345393,0.000156617767061,0.000289620802505,-0.000623204745352,-0.00336307124235,-0.000479450158309,0.000928104273044,-0.00206525321119,-0.00566181680188,0.0187171399593,-0.00657518673688,0.00109750218689,-0.000760719995014],[-0.0000866313566803,-0.000150259176735,-0.000686597952154,0.00088802567916,0.000062237115344,0.00115614873357,-0.000726988888346,-0.000546397292055,0.000455302826595,-0.00657518673688,0.0182078741491,-0.0063523859717,0.000799110974185],[-0.0000374857372663,-0.000198577763513,0.000114387374197,0.000470351922559,0.00167286291253,-0.00291588762775,0.000298327795463,0.00138134113513,-0.00251617538743,0.00109750218689,-0.0063523859717,0.0202342905104,-0.00579164130613],[-0.000123080782942,-0.000138438408612,0.00000985466976999,-0.00156544905622,-0.00236260402016,0.00135648227297,-0.00048718220205,-0.000141564683872,0.00145877199247,-0.000760719995014,0.000799110974185,-0.00579164130613,0.0200453419238]],"mean":[-647.826782227,143.889602661,-12.2054843903,13.4456100464,2.92791247368,11.9477424622,5.31985187531,4.38284683228,6.71809911728,4.29989671707,1.37131822109,1.24183225632,-1.4738984108]},"pitch_salience":{"dmean":0.0698364153504,"dmean2":0.112382508814,"dvar":0.00477101374418,"dvar2":0.0123052150011,"max":0.996097743511,"mean":0.539939165115,"median":0.546546757221,"min":0.0199091210961,"var":0.0123109333217},"silence_rate_20dB":{"dmean":0,"dmean2":0,"dvar":0,"dvar2":0,"max":1,"mean":1,"median":1,"min":1,"var":0},"silence_rate_30dB":{"dmean":0.00181122962385,"dmean2":0.0036228238605,"dvar":0.00180797628127,"dvar2":0.00521983066574,"max":1,"mean":0.998993873596,"median":1,"min":0,"var":0.00100508809555},"silence_rate_60dB":{"dmean":0.00885490048677,"dmean2":0.0177115835249,"dvar":0.00877681560814,"dvar2":0.0178021527827,"max":1,"mean":0.0622799061239,"median":0,"min":0,"var":0.0583987757564},"spectral_centroid":{"dmean":178.61819458,"dmean2":280.922546387,"dvar":79380.90625,"dvar2":161265.953125,"max":11539.3125,"mean":1160.04785156,"median":1075.20874023,"min":122.097946167,"var":732831.875},"spectral_complexity":{"dmean":3.19299650192,"dmean2":5.02686929703,"dvar":12.6346855164,"dvar2":28.9632110596,"max":50,"mean":20.6802501678,"median":21,"min":0,"var":87.3960876465},"spectral_contrast_coeffs":{"dmean":[0.0473414584994,0.0467350184917,0.0377954728901,0.029433850199,0.0197528041899,0.0173430517316],"dmean2":[0.0792423635721,0.0762899592519,0.0610177665949,0.0486199520528,0.0325891822577,0.027372000739],"dvar":[0.00169836019631,0.00154859363101,0.000931785267312,0.000555969774723,0.00027562212199,0.000270502991043],"dvar2":[0.00469717895612,0.00387143623084,0.00234190165065,0.00143935892265,0.000714141468052,0.000648843124509],"max":[-0.257712066174,-0.428217500448,-0.50651538372,-0.578820407391,-0.660574316978,-0.61111330986],"mean":[-0.661604166031,-0.725535273552,-0.748777449131,-0.772395312786,-0.801447153091,-0.762680649757],"median":[-0.669160425663,-0.736333370209,-0.755509674549,-0.772040188313,-0.80015796423,-0.76115167141],"min":[-0.980304419994,-0.99906617403,-0.998807787895,-0.993356049061,-0.989396095276,-0.985879004002],"var":[0.00644969474524,0.00735972030088,0.00544238975272,0.00273926462978,0.00139986514114,0.00176338886376]},"spectral_contrast_valleys":{"dmean":[0.345068991184,0.35767570138,0.291760087013,0.265300422907,0.264207780361,0.327478528023],"dmean2":[0.568534016609,0.59112149477,0.478433519602,0.424244135618,0.392318755388,0.448684722185],"dvar":[0.117692239583,0.147603005171,0.106050141156,0.114914275706,0.151919454336,0.219795048237],"dvar2":[0.274268656969,0.349775403738,0.232349082828,0.235975936055,0.297686070204,0.42263880372],"max":[-5.21839618683,-4.63302659988,-5.15147209167,-5.72962141037,-5.81844043732,-7.58629655838],"mean":[-7.22333574295,-6.8320441246,-7.09657526016,-7.51211214066,-7.80529880524,-10.6330013275],"median":[-6.83338546753,-6.53648662567,-6.76110696793,-7.12598705292,-7.38060474396,-10.250872612],"min":[-28.3238162994,-27.9276294708,-27.5867061615,-27.6479091644,-27.4458885193,-27.4084434509],"var":[3.55872535706,3.4697701931,3.48107171059,3.49877262115,3.4690258503,3.27110719681]},"spectral_decrease":{"dmean":3.03805403057e-9,"dmean2":5.040572848e-9,"dvar":2.80424451608e-17,"dvar2":7.4638624253e-17,"max":2.63728782947e-24,"mean":-8.19383672024e-9,"median":-7.02029900879e-9,"min":-4.41100276305e-8,"var":3.56569305582e-17},"spectral_energy":{"dmean":0.0118579845876,"dmean2":0.0196436569095,"dvar":0.000410937907873,"dvar2":0.00109176675323,"max":0.167955726385,"mean":0.032925631851,"median":0.0283578746021,"min":9.99969756786e-21,"var":0.000553234422114},"spectral_energyband_high":{"dmean":0.00029313826235,"dmean2":0.000438024464529,"dvar":5.55504698241e-7,"dvar2":0.00000112100292426,"max":0.0157707836479,"mean":0.00055771676125,"median":0.000230317484238,"min":7.16612979504e-21,"var":0.00000145707872434},"spectral_energyband_low":{"dmean":0.00846255198121,"dmean2":0.0144380163401,"dvar":0.000394470233005,"dvar2":0.00106427853461,"max":0.163800567389,"mean":0.0121952528134,"median":0.00839052256197,"min":1.0378022144e-23,"var":0.000304265093291},"spectral_energyband_middle_high":{"dmean":0.00230776052922,"dmean2":0.00357406795956,"dvar":0.0000110265827971,"dvar2":0.0000267066479864,"max":0.0733607038856,"mean":0.00830458570272,"median":0.00579605950043,"min":1.18033907429e-21,"var":0.0000738907983759},"spectral_energyband_middle_low":{"dmean":0.00482066068798,"dmean2":0.00775867188349,"dvar":0.0000410339416703,"dvar2":0.000105097809865,"max":0.103896453977,"mean":0.0137148499489,"median":0.010559540242,"min":1.7151098257e-22,"var":0.000140716059832},"spectral_entropy":{"dmean":0.146882846951,"dmean2":0.213156729937,"dvar":0.0295129232109,"dvar2":0.0586455650628,"max":9.81999969482,"mean":7.49025774002,"median":7.53107023239,"min":4.24230480194,"var":0.28790807724},"spectral_flux":{"dmean":0.0288929976523,"dmean2":0.0452043414116,"dvar":0.00156811776105,"dvar2":0.00279488321394,"max":0.373595923185,"mean":0.091729812324,"median":0.0817125365138,"min":6.33731608857e-11,"var":0.00327272270806},"spectral_kurtosis":{"dmean":2.04837083817,"dmean2":3.38860058784,"dvar":7.34061813354,"dvar2":19.3978729248,"max":65.9797592163,"mean":7.0585231781,"median":5.78254699707,"min":-1.24612367153,"var":40.8047637939},"spectral_rms":{"dmean":0.000895915611181,"dmean2":0.00142677477561,"dvar":0.00000162915500823,"dvar2":0.00000412299277741,"max":0.0128007521853,"mean":0.00528864050284,"median":0.00525986868888,"min":3.12342794857e-12,"var":0.00000415285512645},"spectral_rolloff":{"dmean":319.875915527,"dmean2":526.462585449,"dvar":417436.5625,"dvar2":820773.6875,"max":19767.4804688,"mean":1302.52355957,"median":1098.19335938,"min":21.533203125,"var":3155580.25},"spectral_skewness":{"dmean":0.236452877522,"dmean2":0.377582788467,"dvar":0.0688362419605,"dvar2":0.167130067945,"max":6.91760253906,"mean":1.89885258675,"median":1.82024526596,"min":-0.0802178606391,"var":0.461831569672},"spectral_spread":{"dmean":458591.0625,"dmean2":675254.9375,"dvar":917544894464,"dvar2":1845040775170,"max":44518632,"mean":4096936,"median":3704963.5,"min":1315047.375,"var":8982972334080},"spectral_strongpeak":{"dmean":0.611138641834,"dmean2":1.02669692039,"dvar":0.790846049786,"dvar2":1.95061051846,"max":8.83846664429,"mean":1.30016124249,"median":0.46900972724,"min":0,"var":2.46598696709},"zerocrossingrate":{"dmean":0.00737664336339,"dmean2":0.00873810704798,"dvar":0.000126186670968,"dvar2":0.000140458025271,"max":0.537109375,"mean":0.0502225197852,"median":0.04345703125,"min":0.001953125,"var":0.00219002156518}},"metadata":{"audio_properties":{"analysis_sample_rate":44100,"bit_rate":0,"codec":"flac","downmix":"mix","equal_loudness":0,"length":230.746673584,"lossless":true,"md5_encoded":"39538617afb8850abc4ae9fa1fbf3800","replay_gain":-14.2950458527,"sample_rate":44100},"tags":{"acoustid_id":["69ed65a3-abc4-4360-916f-ac55ce893335"],"album":["The Weight of Your Love"],"albumartist":["Editors"],"albumartistsort":["Editors"],"artist":["Editors"],"artistsort":["Editors"],"barcode":["4582214509648"],"catalognumber":["HSE-30305","PIASR660CDJ"],"date":["2013-06-26"],"discnumber":["1"],"disctotal":["1"],"file_name":"07. Formaldehyde.flac","genre":["Podcast"],"isrc":["GBENL1300895"],"label":["Hostess Entertainment Unlimited.","[PIAS] Recordings"],"language":["eng"],"media":["CD"],"musicbrainz_albumartistid":["0efe858c-89e5-4e47-906a-356fa953fd6e"],"musicbrainz_albumid":["dac5f628-f9c3-4ded-a392-5c8d781bb807"],"musicbrainz_artistid":["0efe858c-89e5-4e47-906a-356fa953fd6e"],"musicbrainz_recordingid":["9a86e3af-47df-4506-acdb-aa7fc21c3dce"],"musicbrainz_releasegroupid":["1db9eb6b-4f42-4f1e-a0a7-e3243b657c7d"],"musicbrainz_workid":["772ed33b-92de-4f69-8c7a-1256ceced3e8"],"originaldate":["2013-06-26"],"releasecountry":["JP"],"releasestatus":["official"],"releasetype":["album"],"script":["Latn"],"title":["Formaldehyde"],"totaldiscs":["1"],"totaltracks":["14"],"tracknumber":["7"],"tracktotal":["14"],"writer":["Ed Lay","Russell Leetch","Justin Lockey","Elliott Williams","Tom Smith"]},"version":{"essentia":"2.1-beta2","essentia_build_sha":"70f2e5ece6736b2c40cc944ad0e695b16b925413","essentia_git_sha":"v2.1_beta2","extractor":"music 1.0"}},"rhythm":{"beats_count":577,"beats_loudness":{"dmean":0.0125346779823,"dmean2":0.0207179449499,"dvar":0.000110928667709,"dvar2":0.000314368982799,"max":0.102049000561,"mean":0.0367645397782,"median":0.0356204472482,"min":0,"var":0.000302163360175},"beats_loudness_band_ratio":{"dmean":[0.224327668548,0.0881795585155,0.13757