{"lowlevel":{"average_loudness":0.64850962162,"barkbands":{"dmean":[0.00000249834351962,0.00048947671894,0.000893583113793,0.000584027089644,0.000681096746121,0.00115238735452,0.0011146311881,0.000869789335411,0.000774157175329,0.000132215500344,0.000138501331094,0.000144240111695,0.000121268923976,0.000078370612755,0.000115402355732,0.000087858599727,0.0000882031745277,0.000080576952314,0.000193759900867,0.0000331823575834,0.0000146593756654,0.00000999158146442,0.00000576318689127,0.00000380371534447,0.00000152576581058,0.00000137067024752,0.00000375851118406],"dmean2":[0.00000422376251663,0.000746721460018,0.00137958722189,0.000967628846411,0.00112577853724,0.00181638251524,0.00165754405316,0.00124307116494,0.00105018750764,0.000189669925021,0.000201928371098,0.000216007552808,0.000177593436092,0.000110669745482,0.000170188068296,0.000135505470098,0.000133479741635,0.000117345785839,0.000279440631857,0.0000499226625834,0.0000218247441808,0.0000153253204189,0.00000883324446477,0.00000544882550457,0.00000215853060581,0.00000210862481254,0.00000643475323159],"dvar":[2.71617277281e-11,0.00000183578060842,0.00000577901346333,0.00000107080325051,0.00000213380167224,0.00000488668320031,0.00000777083732828,0.00000412790814153,0.00000827662097436,1.07937374594e-7,1.27102069314e-7,1.72105032448e-7,1.1374832809e-7,7.11054752855e-8,1.1554016055e-7,5.93859788012e-8,3.25009246183e-8,2.77716392105e-8,2.63659273969e-7,7.80097586528e-9,8.14750156231e-10,4.22775092712e-10,1.27945667949e-10,5.87387083417e-11,7.5201546379e-12,7.56840163457e-12,9.20284751182e-11],"dvar2":[5.33342536801e-11,0.00000400998669647,0.0000125456454043,0.00000299022531181,0.00000569523581362,0.0000121953544294,0.0000173896587512,0.00000852318225952,0.0000155513553182,1.9409034735e-7,2.51081786473e-7,3.77162649556e-7,2.30471016494e-7,1.26209556583e-7,2.38244922457e-7,1.32227526706e-7,7.117130707e-8,6.11775945458e-8,5.47545312202e-7,1.67438773957e-8,1.87428472742e-9,9.63470636606e-10,2.90258789226e-10,1.22240287337e-10,1.47064721512e-11,1.76571309657e-11,2.37149772042e-10],"max":[0.000290273863357,0.019242240116,0.0448542907834,0.0172886513174,0.0239695645869,0.0339346714318,0.0913321152329,0.0418562069535,0.123044215143,0.0137439398095,0.0133079066873,0.0238416679204,0.00918179191649,0.0139968255535,0.0108759254217,0.00667852349579,0.00461452966556,0.00318711297587,0.0121311508119,0.00348739349283,0.000713760615326,0.000447944534244,0.000175232024048,0.000165630350239,0.0000497835681017,0.000037707213778,0.000102557642094],"mean":[0.00000860105774336,0.000885586661752,0.00153285602573,0.000980109907687,0.00112748448737,0.00216019339859,0.00204611616209,0.0016992802266,0.00172856729478,0.00026818914921,0.000261677778326,0.000259955908405,0.000222633287194,0.000152878536028,0.000225122348638,0.000180802177056,0.00020786751702,0.000192424151464,0.000494619307574,0.0000638912533759,0.0000294641140499,0.0000151785543494,0.00000847976662044,0.00000554874668524,0.00000233851073972,0.0000015262588704,0.00000282857968159],"median":[0.00000807884953247,0.000157215923537,0.000436185597209,0.000411015440477,0.000556709768716,0.000996343791485,0.000563694979064,0.000367570406524,0.000253606645856,0.000073069917562,0.0000684337937855,0.0000839312051539,0.0000586630703765,0.0000269567462965,0.0000568159848626,0.0000483792173327,0.0000483593976242,0.0000450084626209,0.0000548641219211,0.0000176361118065,0.00000988678948488,0.00000400782573706,0.00000255100144386,0.00000155943575919,5.81369533847e-7,2.45932824328e-7,1.91340532751e-7],"min":[2.76944165401e-25,1.7862140006e-24,1.45906391688e-24,6.90763685074e-25,8.04989008656e-24,3.98105795011e-24,6.90110271586e-24,4.30377779099e-24,1.22357879981e-23,1.1899973855e-23,1.09117457109e-23,1.80702332298e-23,2.6523213884e-23,2.69799327937e-23,5.03247251163e-23,2.87769516249e-23,6.47908942616e-23,8.9979854054e-23,1.38650836412e-22,1.26859132928e-22,2.16605427356e-22,3.17545670651e-22,3.91927226564e-22,5.24513792586e-22,8.99980685368e-22,1.31101018506e-21,1.80403325616e-21],"var":[4.94931630401e-11,0.0000032831298995,0.00001284679729,0.0000022504309527,0.00000278822722066,0.0000108785443445,0.0000207573666557,0.0000154780555022,0.0000316767836921,5.15660019573e-7,4.29633331578e-7,4.05844190254e-7,3.25334525542e-7,3.71478620309e-7,4.37118018226e-7,2.28057345453e-7,1.65375311667e-7,1.14682919161e-7,0.00000134514596084,2.98137194932e-8,2.53895282576e-9,7.81308406861e-10,2.12579481795e-10,1.10827451383e-10,1.70031627666e-11,9.14680397396e-12,6.94143145741e-11]},"barkbands_crest":{"dmean":2.29170179367,"dmean2":3.63338303566,"dvar":4.16371154785,"dvar2":10.4159317017,"max":24.8093318939,"mean":9.91227912903,"median":9.24533557892,"min":2.94038295746,"var":12.3127775192},"barkbands_flatness_db":{"dmean":0.0207631848752,"dmean2":0.0292102973908,"dvar":0.000380781275453,"dvar2":0.000744919234421,"max":0.293134391308,"mean":0.158871293068,"median":0.160109370947,"min":0.0333700999618,"var":0.00172875262797},"barkbands_kurtosis":{"dmean":2.04140543938,"dmean2":3.2465698719,"dvar":7.96127128601,"dvar2":20.0789699554,"max":57.6119346619,"mean":3.95676279068,"median":2.76915597916,"min":-1.78211724758,"var":24.2002468109},"barkbands_skewness":{"dmean":0.39545327425,"dmean2":0.611659288406,"dvar":0.166630670428,"dvar2":0.393576383591,"max":6.48715639114,"mean":1.52453446388,"median":1.50398099422,"min":-2.19972348213,"var":0.928159952164},"barkbands_spread":{"dmean":3.49275064468,"dmean2":5.32057476044,"dvar":15.8342504501,"dvar2":35.7127151489,"max":84.6008148193,"mean":15.0110559464,"median":12.851184845,"min":1.5124604702,"var":75.6730117798},"dissonance":{"dmean":0.0214718133211,"dmean2":0.0357911139727,"dvar":0.00048267171951,"dvar2":0.00130368291866,"max":0.49989771843,"mean":0.444869011641,"median":0.449818283319,"min":0,"var":0.00114900863264},"dynamic_complexity":4.43148899078,"erbbands":{"dmean":[0.00417024455965,0.149695277214,0.906113862991,1.39351916313,2.25719690323,2.03999090195,5.46876382828,10.8123254776,13.5070571899,18.6091117859,18.047700882,18.0191383362,5.65903520584,5.12645149231,4.95992183685,6.08674907684,5.50413894653,3.76405143738,5.51210546494,4.62276220322,4.49871635437,4.45183324814,3.55306196213,9.02268695831,6.48330211639,1.40135550499,0.651634812355,0.57104164362,0.360206335783,0.262929856777,0.152222275734,0.110895492136,0.0441202148795,0.0202791579068,0.00950748939067,0.00584530178457,0.00255184038542,0.00106155802496,0.000519479915965,0.0000694114496582],"dmean2":[0.00635037291795,0.227682501078,1.40648841858,2.21692276001,3.78611660004,3.31312513351,9.01093959808,16.7323360443,20.0652770996,28.2090091705,24.9061203003,24.6796836853,7.78169965744,7.47377586365,7.17061424255,8.96448802948,7.86292219162,5.22652673721,7.78637647629,6.60444736481,6.84659051895,6.58885717392,5.02692461014,12.8850946426,9.35067844391,2.06877827644,0.95597422123,0.858995735645,0.541633486748,0.421366661787,0.227849557996,0.16172799468,0.062441918999,0.0285279788077,0.01380472444,0.00884016696364,0.00395608739927,0.00173739646561,0.000881390878931,0.000118140240374],"dvar":[0.00012979361054,0.162433192134,6.07865190506,5.57174253464,23.3055820465,16.1655464172,184.597686768,445.952484131,1113.78527832,1893.03515625,1867.10339355,6081.69140625,367.859161377,217.612075806,153.165252686,216.449890137,231.107498169,111.717964172,237.852752686,274.931152344,106.18006134,87.3780212402,53.0118217468,487.603942871,339.520751953,11.6633882523,1.51975739002,1.30471789837,0.544473409653,0.295492768288,0.0936798527837,0.0507304742932,0.00855603907257,0.00139356637374,0.000310355302645,0.000133710113005,0.0000270233431365,0.00000592888636675,0.00000168654878507,3.1212380236e-8],"dvar2":[0.000288175448077,0.354701906443,13.4184579849,14.1633472443,63.0589294434,41.3453178406,490.071350098,1070.81591797,2342.25683594,4409.25292969,3561.47998047,11123.6767578,708.227416992,399.976135254,316.291381836,477.404205322,462.44140625,206.368728638,405.074157715,502.877746582,254.356430054,187.32623291,116.243598938,990.536071777,720.585998535,25.659204483,3.364985466,3.05836629868,1.20286083221,0.733610868454,0.214120805264,0.109082512558,0.0173779372126,0.00274644908495,0.000633493065834,0.000305710884277,0.0000637070988887,0.0000147114742504,0.00000430467071055,8.13307110548e-8],"max":[0.178962215781,5.40899801254,42.6268348694,35.2785301208,88.5330123901,70.8232192993,216.656356812,402.21194458,998.711914062,885.912597656,1250.92932129,3777.50830078,922.422546387,598.078552246,550.967041016,555.472045898,457.239593506,563.388549805,564.547973633,894.126098633,384.980102539,267.909240723,194.393737793,602.639587402,615.92199707,138.742263794,26.3766918182,24.469291687,14.2956695557,8.46869754791,4.96596622467,5.3627576828,2.72457242012,0.788290679455,0.319303572178,0.178677409887,0.0674143508077,0.0279417913407,0.0142716923729,0.00179403030779],"mean":[0.00842296238989,0.275538384914,1.57743275166,2.59631562233,3.58487725258,3.48158955574,8.75879192352,20.655298233,27.4610977173,34.2236595154,39.2898178101,41.2276115417,13.006269455,10.1133460999,10.015745163,11.7919826508,11.285068512,8.09510993958,10.8870534897,11.0922260284,10.2709999084,11.2159528732,9.51539611816,24.1100101471,16.7634429932,3.14112496376,1.36188411713,1.07291841507,0.5769302845,0.338213115931,0.2319650352,0.163805365562,0.0626456737518,0.0311543736607,0.0138653153554,0.0070707090199,0.00273343129084,0.000934240291826,0.000404653546866,0.0000654571631458],"median":[0.00167667807546,0.0654673054814,0.504635453224,1.25229489803,1.48078250885,1.63889622688,3.75579857826,8.46298217773,9.4071598053,8.51659107208,9.61823654175,6.53314733505,3.2859146595,2.7692489624,2.77698230743,4.2601776123,3.50465798378,2.09837269783,2.95543336868,2.70324778557,2.92690443993,2.57512688637,2.55111479759,3.18647813797,2.10232853889,0.949717640877,0.511066138744,0.321303874254,0.152555733919,0.0961958616972,0.0707464590669,0.0453751608729,0.0176910515875,0.0078950272873,0.00342652178369,0.00136629596818,0.000386126892408,0.00010591440514,0.0000355388947355,0.0000159104638442],"min":[6.84705201768e-23,4.81412805619e-22,1.06564379787e-21,4.010655478e-21,1.0266594178e-20,2.55956451803e-20,3.08743418801e-20,4.56456744324e-20,8.17633461944e-20,1.04276527056e-19,2.21403938238e-19,3.14531395418e-19,5.15600390766e-19,6.50395261845e-19,5.90288337731e-19,1.24294619705e-18,1.48005265995e-18,1.76509299858e-18,2.31826610411e-18,3.34264719508e-18,2.952941729e-18,4.66193078894e-18,5.89501968142e-18,6.71126041678e-18,7.65748390001e-18,6.3197198505e-18,7.45272526554e-18,1.07241410429e-17,1.02871076109e-17,9.50482967074e-18,1.17934010248e-17,1.07563936422e-17,9.55154055993e-18,8.99055245876e-18,6.17199904158e-18,3.84417879459e-18,2.46112929489e-18,9.47277414726e-19,2.36576808816e-19,2.77631863493e-20],"var":[0.000269190553809,0.292376667261,12.7860937119,12.4500217438,35.1897354126,27.671667099,239.993652344,1130.56311035,3574.39257812,5098.28466797,8261.78613281,21222.9453125,1552.6550293,853.901916504,557.65222168,629.516723633,722.540527344,522.91986084,893.003723145,1621.47277832,539.526184082,486.305877686,247.60333252,2617.62353516,1896.6015625,53.3575439453,4.93590354919,3.61089277267,1.09650576115,0.38397538662,0.16185104847,0.0942824557424,0.0161138866097,0.00313917128369,0.000637836172245,0.000186083416338,0.0000315243851219,0.00000513575423611,0.00000130713976887,2.38595152524e-8]},"erbbands_crest":{"dmean":2.35500454903,"dmean2":3.70972466469,"dvar":5.4538269043,"dvar2":13.1855192184,"max":31.4475002289,"mean":10.3056192398,"median":9.57545566559,"min":2.58257627487,"var":17.6228256226},"erbbands_flatness_db":{"dmean":0.0199879165739,"dmean2":0.0266705602407,"dvar":0.000383133185096,"dvar2":0.000683368416503,"max":0.318269938231,"mean":0.194673091173,"median":0.199401915073,"min":0.039313685149,"var":0.00185631413478},"erbbands_kurtosis":{"dmean":0.777233302593,"dmean2":1.22517716885,"dvar":1.18317186832,"dvar2":2.85352730751,"max":24.3518333435,"mean":0.312399476767,"median":-0.13016462326,"min":-1.83230769634,"var":3.5264005661},"erbbands_skewness":{"dmean":0.325227230787,"dmean2":0.496086210012,"dvar":0.0946236476302,"dvar2":0.219942718744,"max":4.70129728317,"mean":0.611451506615,"median":0.64381814003,"min":-3.18536877632,"var":0.551727414131},"erbbands_spread":{"dmean":5.27946519852,"dmean2":8.05853557587,"dvar":33.4379882812,"dvar2":76.032585144,"max":106.305969238,"mean":31.036945343,"median":30.1975536346,"min":4.61284303665,"var":134.796920776},"gfcc":{"cov":[[33429.0117188,2753.11035156,-4000.20141602,681.826049805,-1643.19372559,-781.154602051,-760.942810059,223.410827637,-384.942443848,-269.688049316,-188.082260132,-253.569137573,-601.931152344],[2753.11035156,1341.76538086,-417.800323486,-58.0674514771,116.561630249,-64.7910690308,-65.3524932861,15.0022239685,-11.9868164062,4.29303598404,33.0873260498,-45.2477798462,-7.72781801224],[-4000.20141602,-417.800323486,973.296264648,-60.5945892334,239.832748413,189.666442871,91.4689407349,-69.2076263428,36.7661399841,44.2853240967,36.6840667725,94.3685836792,86.9840621948],[681.826049805,-58.0674514771,-60.5945892334,350.513763428,-13.0874061584,-35.0097351074,-27.9401092529,36.9076423645,17.7560825348,-2.06623673439,21.439332962,9.01346111298,-11.6206016541],[-1643.19372559,116.561630249,239.832748413,-13.0874061584,355.228424072,82.5073623657,44.8496665955,13.0379371643,81.1934127808,65.6368713379,12.0389375687,15.2214975357,70.4958496094],[-781.154602051,-64.7910690308,189.666442871,-35.0097351074,82.5073623657,223.287261963,87.8008041382,5.68786048889,18.7679615021,19.516418457,-1.89200043678,-2.46789240837,33.6061553955],[-760.942810059,-65.3524932861,91.4689407349,-27.9401092529,44.8496665955,87.8008041382,199.133178711,92.9779205322,31.3100070953,-4.25119304657,7.95672035217,2.51443243027,7.86964178085],[223.410827637,15.0022239685,-69.2076263428,36.9076423645,13.0379371643,5.68786048889,92.9779205322,185.95690918,43.0218544006,3.58519911766,10.2723064423,-7.97992181778,-25.7983417511],[-384.942443848,-11.9868164062,36.7661399841,17.7560825348,81.1934127808,18.7679615021,31.3100070953,43.0218544006,126.970993042,49.7771682739,-7.252617836,-5.94055318832,30.7693347931],[-269.688049316,4.29303598404,44.2853240967,-2.06623673439,65.6368713379,19.516418457,-4.25119304657,3.58519911766,49.7771682739,103.431503296,23.1981487274,-0.842046141624,19.0191383362],[-188.082260132,33.0873260498,36.6840667725,21.439332962,12.0389375687,-1.89200043678,7.95672035217,10.2723064423,-7.252617836,23.1981487274,92.4811401367,36.2687110901,-7.91498470306],[-253.569137573,-45.2477798462,94.3685836792,9.01346111298,15.2214975357,-2.46789240837,2.51443243027,-7.97992181778,-5.94055318832,-0.842046141624,36.2687110901,85.92137146,29.0529575348],[-601.931152344,-7.72781801224,86.9840621948,-11.6206016541,70.4958496094,33.6061553955,7.86964178085,-25.7983417511,30.7693347931,19.0191383362,-7.91498470306,29.0529575348,100.620376587]],"icov":[[0.0000982389537967,-0.000176638612174,0.000250675395364,-0.000161694435519,0.000326194771333,-0.000175700653926,0.000198639914743,-0.0000948758242885,0.0000270035707217,-0.000163337273989,0.000371824804461,-0.000395370007027,0.00029504954],[-0.000176638612174,0.00141743081622,0.000221400201553,0.00061059021391,-0.0015045562759,0.000291699223453,-0.0000219760386244,0.000146768055856,0.000186656179721,0.000694582762662,-0.0015723593533,0.00113107380457,-0.000711307220627],[0.000250675395364,0.000221400201553,0.0027554386761,-0.000145571073517,-0.000551311706658,-0.00143174093682,0.000105589395389,0.000753667321987,0.0000674585971865,-0.00028280884726,0.000487509591039,-0.00256627402268,0.000979343545623],[-0.000161694435519,0.00061059021391,-0.000145571073517,0.003500147257,-0.000748318969272,0.000337418663548,0.000710185384378,-0.000713729998097,-0.000728299608454,0.000981895835139,-0.00173603359144,0.000544591806829,-0.000473962893011],[0.000326194771333,-0.0015045562759,-0.000551311706658,-0.000748318969272,0.00624063704163,-0.000986533006653,0.000500810216181,-0.000827874231618,-0.00152700569015,-0.0020257581491,0.00144196068868,-0.000810742960311,-0.000870841788128],[-0.000175700653926,0.000291699223453,-0.00143174093682,0.000337418663548,-0.000986533006653,0.00712942611426,-0.00321813416667,0.000752720690798,0.000780467700679,-0.000625592540018,-0.000472496263683,0.00260825525038,-0.00190797378309],[0.000198639914743,-0.0000219760386244,0.000105589395389,0.000710185384378,0.000500810216181,-0.00321813416667,0.00965388026088,-0.00494890287519,-0.000833865022287,0.00194460432976,-0.000699447875377,-0.000204288720852,-0.00023120806145],[-0.0000948758242885,0.000146768055856,0.000753667321987,-0.000713729998097,-0.000827874231618,0.000752720690798,-0.00494890287519,0.00944944564253,-0.0027911523357,0.000243201837293,-0.0006843865267,-0.000605487730354,0.00277674314566],[0.0000270035707217,0.000186656179721,0.0000674585971865,-0.000728299608454,-0.00152700569015,0.000780467700679,-0.000833865022287,-0.0027911523357,0.0130760101601,-0.00540038989857,0.00245545967482,0.00103025278077,-0.00288993678987],[-0.000163337273989,0.000694582762662,-0.00028280884726,0.000981895835139,-0.0020257581491,-0.000625592540018,0.00194460432976,0.000243201837293,-0.00540038989857,0.0152112729847,-0.00638658832759,0.00346236000769,-0.00175330671482],[0.000371824804461,-0.0015723593533,0.000487509591039,-0.00173603359144,0.00144196068868,-0.000472496263683,-0.000699447875377,-0.0006843865267,0.00245545967482,-0.00638658832759,0.0183735843748,-0.00981823354959,0.00524493679404],[-0.000395370007027,0.00113107380457,-0.00256627402268,0.000544591806829,-0.000810742960311,0.00260825525038,-0.000204288720852,-0.000605487730354,0.00103025278077,0.00346236000769,-0.00981823354959,0.0210382305086,-0.00825567357242],[0.00029504954,-0.000711307220627,0.000979343545623,-0.000473962893011,-0.000870841788128,-0.00190797378309,-0.00023120806145,0.00277674314566,-0.00288993678987,-0.00175330671482,0.00524493679404,-0.00825567357242,0.0167362336069]],"mean":[-99.0476913452,121.898216248,-122.047058105,14.9135723114,-49.9002876282,-17.3142910004,-32.7659988403,1.76635050774,-18.5079193115,-3.96121430397,-8.20299053192,-8.20601272583,-17.3490467072]},"hfc":{"dmean":2.80508542061,"dmean2":3.70991039276,"dvar":22.1933002472,"dvar2":40.6793708801,"max":149.889007568,"mean":10.0278501511,"median":4.88965654373,"min":1.06247240249e-16,"var":175.608306885},"melbands":{"dmean":[0.0000852245648275,0.000378775119316,0.000268264411716,0.000149211104144,0.000162091469974,0.000231330195675,0.000220546731725,0.000201008704607,0.000152913518832,0.00010975155601,0.0000260372853518,0.0000205273972824,0.0000160425370268,0.0000151406748046,0.0000159935334523,0.0000114951071737,0.00000731254704078,0.00000902499323274,0.00000753960557631,0.00000617474461251,0.00000569634994463,0.0000052711175158,0.00000345334206031,0.00000381255404136,0.00000823667141958,0.00000743016244087,0.00000221644722842,7.46366822568e-7,4.34110177139e-7,3.58169415904e-7,3.46683719954e-7,2.29507676863e-7,1.63460953218e-7,1.3963583001e-7,8.97747369777e-8,8.47609555876e-8,6.28079632747e-8,3.15583719157e-8,2.47224889449e-8,1.4976867746e-8],"dmean2":[0.000129885214847,0.00058122468181,0.000430830928963,0.0002465446305,0.000265076960204,0.00035939773079,0.000327774207108,0.000302089611068,0.000209337493288,0.000150983512867,0.0000364326624549,0.0000301466516248,0.0000232844504353,0.0000222439375648,0.0000234454364545,0.0000166986446857,0.0000102870144474,0.0000126557488329,0.000010695545825,0.00000902227657207,0.00000881910818862,0.00000789574278315,0.00000506084415974,0.00000546797082279,0.0000118653088066,0.0000106034121927,0.00000343366559719,0.00000112136422104,6.48685556826e-7,5.44022498161e-7,5.3095760677e-7,3.49007791556e-7,2.57951512594e-7,2.2696876556e-7,1.37273730161e-7,1.25721001609e-7,9.2541760921e-8,4.52497737058e-8,3.54814773118e-8,2.14052668923e-8],"dvar":[5.60829995777e-8,9.61525643106e-7,1.99372323095e-7,1.01467620084e-7,1.42539079206e-7,1.98380504912e-7,2.98873857218e-7,2.2345045636e-7,1.6934092173e-7,2.18570960442e-7,8.33283575474e-9,3.36371419607e-9,1.37562394809e-9,2.32804664435e-9,1.39486056039e-9,9.83090608919e-10,4.84143947155e-10,8.39786573614e-10,5.10296360723e-10,3.64212188186e-10,1.59845275904e-10,1.28014571166e-10,6.63671825829e-11,6.1398525153e-11,4.1328188094e-10,4.92880902758e-10,3.62616117688e-11,4.97610416414e-12,6.77316059142e-13,6.19388383898e-13,4.88008938815e-13,2.40398331667e-13,1.12328637331e-13,8.76834547895e-14,3.67429272229e-14,2.69842013453e-14,1.85880888996e-14,5.01279222734e-15,2.40143094382e-15,7.70220240889e-16],"dvar2":[1.23111448147e-7,0.0000020989236873,5.18854051279e-7,2.7025831173e-7,3.74827749283e-7,4.79945470033e-7,6.42547547614e-7,5.09741482801e-7,3.24190949641e-7,3.99179839405e-7,1.6190750074e-8,6.14789863462e-9,2.81632317467e-9,5.01425923005e-9,2.86162893381e-9,1.93931826153e-9,8.8580798252e-10,1.31481614485e-9,9.6769725566e-10,6.63081090035e-10,3.92862437026e-10,2.78630507555e-10,1.64956076576e-10,1.26245833232e-10,8.52400761087e-10,1.04030173365e-9,8.49630713007e-11,1.14931666614e-11,1.53091591053e-12,1.49940303229e-12,1.16615723154e-12,5.42692301687e-13,2.72162636395e-13,2.21485901993e-13,8.68803591353e-14,5.95674429379e-14,4.12544449286e-14,1.04308312747e-14,5.01127476782e-15,1.54667887943e-15],"max":[0.00353863765486,0.0154498629272,0.00681419391185,0.00541330175474,0.00594832189381,0.00775865279138,0.0176806058735,0.00994883198291,0.0136931585148,0.0212509501725,0.00459631811827,0.00218846090138,0.00124759203754,0.00313905999064,0.00085592904361,0.000943871971685,0.00100921583362,0.00123426015489,0.000783025636338,0.000858243613038,0.000406827923143,0.000300061161397,0.000228643039009,0.000192420528037,0.000558537372854,0.000647831417155,0.000283196684904,0.0000826764517114,0.0000163398835866,0.0000223194947466,0.0000155848338181,0.000010179527635,0.00000500088935951,0.00000442526470579,0.00000348972503161,0.00000300854344459,0.0000032811346955,0.00000245192086368,0.00000102548608538,6.08947516412e-7],"mean":[0.000161444811965,0.000683512946125,0.000505938602146,0.000243926522671,0.000270325690508,0.000446464051493,0.000438104209024,0.000372480077203,0.00033096561674,0.000248300784733,0.0000556975137442,0.0000389690358134,0.000031261377444,0.0000282973505819,0.0000312850861519,0.0000211784445128,0.0000141104237628,0.0000167668276845,0.0000154496392497,0.0000143053794091,0.000011573582924,0.0000122339297377,0.00000840112170408,0.00000950437788561,0.0000209475438169,0.0000182116727956,0.0000049725840654,0.00000131193360176,8.42349663799e-7,6.63007426738e-7,6.15494059275e-7,3.56629669795e-7,2.11762980484e-7,1.72287869304e-7,1.31853582275e-7,1.26312471593e-7,8.70833005706e-8,4.32453148846e-8,3.39947767714e-8,2.33328059096e-8],"median":[0.0000276554237644,0.000245748728048,0.000253879843513,0.000111041015771,0.000127490304294,0.000190444363398,0.000142205914017,0.0000853779565659,0.0000681226010784,0.0000362985483662,0.0000140275578815,0.0000100439438029,0.00000850782907946,0.00000950088906393,0.00000978448770184,0.00000566920925849,0.00000278531570075,0.00000404532465836,0.0000036704896047,0.00000349230663232,0.00000296890743812,0.00000257914189206,0.0000018126975192,0.00000227006739806,0.00000253771736425,0.00000167668576978,8.53987046412e-7,4.57417428379e-7,3.16651323828e-7,2.21049901938e-7,1.61669433396e-7,8.55578363712e-8,5.78285259678e-8,4.78620520994e-8,3.8627025134e-8,3.53652147567e-8,2.26329390784e-8,1.16349472279e-8,8.3941200657e-9,5.5905196028e-9],"min":[8.56525054936e-25,5.94760397592e-25,1.20189654367e-24,1.63868360069e-24,1.17376418607e-24,9.35642281703e-25,1.13688484014e-24,1.05305673327e-24,2.02827518051e-24,1.94677815761e-24,1.53273119947e-24,2.57697231352e-24,2.16749631129e-24,1.84431755058e-24,3.52767434433e-24,2.36133087419e-24,2.92633533983e-24,2.99929156292e-24,4.20844513389e-24,2.49910779787e-24,2.63435267526e-24,3.40688159594e-24,4.44493577251e-24,4.76930512155e-24,4.87736683822e-24,4.67497589551e-24,4.23024767159e-24,3.37687372154e-24,4.29659402916e-24,5.00607935567e-24,5.34681875178e-24,5.38048417977e-24,4.26733044502e-24,4.41921220168e-24,6.11390670158e-24,6.55955670948e-24,6.02604337396e-24,6.36951065108e-24,6.47339416597e-24,6.94535702378e-24],"var":[1.04923969957e-7,0.00000198327325052,4.32581515497e-7,1.3985346925e-7,1.9705966281e-7,5.28995997229e-7,9.01307259937e-7,6.70267866099e-7,7.58118005706e-7,7.83071357091e-7,3.35334782164e-8,1.35546658342e-8,4.97592500537e-9,5.17951947998e-9,4.5399319859e-9,2.73653388838e-9,2.06996220165e-9,3.16505421871e-9,2.33244423775e-9,2.06907757594e-9,6.51031006882e-10,6.41731723316e-10,2.64595623189e-10,2.70739014541e-10,2.08964445747e-9,2.39308550753e-9,2.34980090941e-10,9.53438716866e-12,1.9305366767e-12,1.48262381105e-12,1.27481478065e-12,4.61844321467e-13,1.6090462838e-13,1.05356173818e-13,5.77356427099e-14,5.16554538672e-14,3.03942966986e-14,9.21420735935e-15,4.23337580269e-15,1.8530601197e-15]},"melbands_crest":{"dmean":2.99090766907,"dmean2":4.77198171616,"dvar":7.55507898331,"dvar2":18.0991210938,"max":31.1064281464,"mean":13.3662939072,"median":12.7047290802,"min":1.69502806664,"var":23.8512554169},"melbands_flatness_db":{"dmean":0.0253031253815,"dmean2":0.035630453378,"dvar":0.000590842508245,"dvar2":0.00116232712753,"max":0.401422977448,"mean":0.235496118665,"median":0.234976232052,"min":0.00302560371347,"var":0.00409151287749},"melbands_kurtosis":{"dmean":3.56295490265,"dmean2":5.59098339081,"dvar":29.637254715,"dvar2":73.7289505005,"max":192.803833008,"mean":8.78841972351,"median":6.65303421021,"min":-1.79841518402,"var":84.5496139526},"melbands_skewness":{"dmean":0.465799808502,"dmean2":0.721319556236,"dvar":0.240840688348,"dvar2":0.550718963146,"max":9.86799240112,"mean":2.15877723694,"median":2.06824445724,"min":-0.584486722946,"var":1.05932366848},"melbands_spread":{"dmean":4.49379682541,"dmean2":6.97230768204,"dvar":38.774055481,"dvar2":88.6910400391,"max":165.281051636,"mean":19.1886348724,"median":14.1616239548,"min":1.65112650394,"var":419.262573242},"mfcc":{"cov":[[10554.8222656,974.162414551,-784.724121094,610.228515625,-463.627990723,-500.830230713,-292.852203369,190.965286255,-223.465393066,22.1056118011,203.580749512,-32.7374763489,-120.145278931],[974.162414551,1665.22692871,-198.513458252,49.5348854065,155.147171021,-21.2445335388,48.6391601562,-30.3511600494,6.36739730835,19.7931232452,0.689240157604,49.1021003723,41.5992164612],[-784.724121094,-198.513458252,446.725830078,-47.2984199524,31.666841507,115.890113831,53.8906898499,13.7409448624,-15.3859376907,-35.7454528809,-29.9431381226,7.35421466827,15.8306322098],[610.228515625,49.5348854065,-47.2984199524,307.176452637,55.0170593262,-47.8214683533,-37.5890579224,21.3413295746,-12.6482782364,-4.25009775162,37.4188613892,-0.455304533243,13.6679077148],[-463.627990723,155.147171021,31.666841507,55.0170593262,259.404693604,91.7957458496,-1.15286946297,-40.4122200012,42.5937995911,24.0383682251,-7.99398374557,10.7551774979,31.2380313873],[-500.830230713,-21.2445335388,115.890113831,-47.8214683533,91.7957458496,197.621154785,35.382484436,-37.4239616394,40.874546051,23.2673358917,-52.6133232117,14.7423334122,22.3344211578],[-292.852203369,48.6391601562,53.8906898499,-37.5890579224,-1.15286946297,35.382484436,160.973083496,64.2775650024,20.383852005,25.8955535889,8.46456623077,28.4219970703,19.2350006104],[190.965286255,-30.3511600494,13.7409448624,21.3413295746,-40.4122200012,-37.4239616394,64.2775650024,159.849029541,30.6764087677,15.4018907547,40.4624977112,4.55882644653,2.14949011803],[-223.465393066,6.36739730835,-15.3859376907,-12.6482782364,42.5937995911,40.874546051,20.383852005,30.6764087677,156.340011597,78.1665649414,-5.93252849579,4.08342075348,16.7587375641],[22.1056118011,19.7931232452,-35.7454528809,-4.25009775162,24.0383682251,23.2673358917,25.8955535889,15.4018907547,78.1665649414,141.668548584,24.5165996552,7.44808673859,10.1849508286],[203.580749512,0.689240157604,-29.9431381226,37.4188613892,-7.99398374557,-52.6133232117,8.46456623077,40.4624977112,-5.93252849579,24.5165996552,140.742752075,22.8254528046,-9.50638008118],[-32.7374763489,49.1021003723,7.35421466827,-0.455304533243,10.7551774979,14.7423334122,28.4219970703,4.55882644653,4.08342075348,7.44808673859,22.8254528046,80.8014755249,34.6761245728],[-120.145278931,41.5992164612,15.8306322098,13.6679077148,31.2380313873,22.3344211578,19.2350006104,2.14949011803,16.7587375641,10.1849508286,-9.50638008118,34.6761245728,88.4160079956]],"icov":[[0.000171286301338,-0.000123333244119,0.000163665099535,-0.00030681170756,0.000373632356059,-0.0000874293327797,0.000360715930583,-0.000300254032481,0.000267491675913,-0.000211080347071,-0.0000114896047307,-0.0000598942788201,0.000123679215903],[-0.000123333244119,0.000812958751339,0.000244239432504,0.000226620250032,-0.000820739427581,0.000340733007761,-0.00067945435876,0.000354854739271,-0.0000695484413882,0.000175321911229,0.000190217950149,-0.000298676226521,-0.000155179688591],[0.000163665099535,0.000244239432504,0.00328530883417,-0.0000887026690179,0.000114011476398,-0.0019626126159,-0.000312450196361,-0.000947208318394,0.00088424666319,0.000766727142036,-0.0000860161089804,0.000136182890856,-0.00023912335746],[-0.00030681170756,0.000226620250032,-0.0000887026690179,0.0045750066638,-0.00205826992169,0.00103943864815,0.000491329759825,-0.000586332229432,0.000166050696862,0.00035138768726,-0.000559070846066,0.000302949803881,-0.00109376863111],[0.000373632356059,-0.000820739427581,0.000114011476398,-0.00205826992169,0.00679891882464,-0.00295541412197,0.00100947869942,0.000731048814487,-0.000776230474003,-0.000258656567894,-0.00110274855979,0.000621113518719,-0.000886540161446],[-0.0000874293327797,0.000340733007761,-0.0019626126159,0.00103943864815,-0.00295541412197,0.00968091841787,-0.00193592894357,0.002236363478,-0.00151230581105,-0.00104719330557,0.00273983646184,-0.00155881396495,0.000190323757124],[0.000360715930583,-0.00067945435876,-0.000312450196361,0.000491329759825,0.00100947869942,-0.00193592894357,0.0102905258536,-0.00501433387399,0.00149078620598,-0.0019256164087,0.000198525216547,-0.00234707770869,-0.000313505850499],[-0.000300254032481,0.000354854739271,-0.000947208318394,-0.000586332229432,0.000731048814487,0.002236363478,-0.00501433387399,0.0106148533523,-0.00348970782943,0.00127006007824,-0.00209620688111,0.001278376556,-0.000516716914717],[0.000267491675913,-0.0000695484413882,0.00088424666319,0.000166050696862,-0.000776230474003,-0.00151230581105,0.00149078620598,-0.00348970782943,0.0108565343544,-0.00551024172455,0.00144794362132,-0.0000636727418168,-0.000613397627603],[-0.000211080347071,0.000175321911229,0.000766727142036,0.00035138768726,-0.000258656567894,-0.00104719330557,-0.0019256164087,0.00127006007824,-0.00551024172455,0.0112041169778,-0.00265107187442,0.000860098050907,-0.000685532984789],[-0.0000114896047307,0.000190217950149,-0.0000860161089804,-0.000559070846066,-0.00110274855979,0.00273983646184,0.000198525216547,-0.00209620688111,0.00144794362132,-0.00265107187442,0.0101708723232,-0.00418050587177,0.00246605928987],[-0.0000598942788201,-0.000298676226521,0.000136182890856,0.000302949803881,0.000621113518719,-0.00155881396495,-0.00234707770869,0.001278376556,-0.0000636727418168,0.000860098050907,-0.00418050587177,0.0174794178456,-0.0067500192672],[0.000123679215903,-0.000155179688591,-0.00023912335746,-0.00109376863111,-0.000886540161446,0.000190323757124,-0.000313505850499,-0.000516716914717,-0.000613397627603,-0.000685532984789,0.00246605928987,-0.0067500192672,0.0152167407796]],"mean":[-727.619384766,157.300674438,-17.2492733002,29.4970321655,-3.26672911644,-11.0557794571,-6.97543764114,-1.92467045784,-10.6761388779,1.45224368572,0.292597055435,1.23479771614,-1.22458314896]},"pitch_salience":{"dmean":0.0665236264467,"dmean2":0.104410804808,"dvar":0.0040417406708,"dvar2":0.00944767519832,"max":0.901742696762,"mean":0.585288703442,"median":0.590773046017,"min":0.185325190425,"var":0.0134527655318},"silence_rate_20dB":{"dmean":0,"dmean2":0,"dvar":0,"dvar2":0,"max":1,"mean":1,"median":1,"min":1,"var":0},"silence_rate_30dB":{"dmean":0.000710732070729,"dmean2":0.00142171676271,"dvar":0.000710211170372,"dvar2":0.00141963222995,"max":1,"mean":0.999111771584,"median":1,"min":0,"var":0.000887452566531},"silence_rate_60dB":{"dmean":0.061122957617,"dmean2":0.122267641127,"dvar":0.0573845170438,"dvar2":0.119049988687,"max":1,"mean":0.186889320612,"median":0,"min":0,"var":0.151960477233},"spectral_centroid":{"dmean":197.502929688,"dmean2":302.529724121,"dvar":82048.8046875,"dvar2":180712.125,"max":11663.5595703,"mean":1276.42028809,"median":946.387878418,"min":268.089385986,"var":2453200.5},"spectral_complexity":{"dmean":2.35607671738,"dmean2":3.52621293068,"dvar":7.23536634445,"dvar2":14.0869760513,"max":41,"mean":12.3517494202,"median":11,"min":0,"var":48.5857048035},"spectral_contrast_coeffs":{"dmean":[0.0487975254655,0.0448193028569,0.037013925612,0.0289871450514,0.0263948310167,0.0197503529489],"dmean2":[0.0811715722084,0.0708362907171,0.057814784348,0.0449766330421,0.0394821837544,0.0302373878658],"dvar":[0.00174803077243,0.00153224775568,0.0010735236574,0.000657027121633,0.000582574692089,0.000389589607948],"dvar2":[0.00457639014348,0.00379404355772,0.00249790260568,0.00144123123027,0.00120974425226,0.00089857110288],"max":[-0.295738458633,-0.381212115288,-0.401694476604,-0.554710626602,-0.557820260525,-0.639922380447],"mean":[-0.621881663799,-0.692446768284,-0.761254072189,-0.772161006927,-0.766617715359,-0.774794518948],"median":[-0.618689060211,-0.69275200367,-0.768298447132,-0.775019049644,-0.773630976677,-0.769903302193],"min":[-0.978478372097,-0.976197063923,-0.976819753647,-0.974015712738,-0.968515515327,-0.96373462677],"var":[0.0090800775215,0.00835949275643,0.00641894945875,0.00396965257823,0.00502484897152,0.00265668751672]},"spectral_contrast_valleys":{"dmean":[0.446064829826,0.383972048759,0.369993686676,0.321018666029,0.366327494383,0.394898891449],"dmean2":[0.721860468388,0.595683813095,0.561302006245,0.474227517843,0.494080364704,0.469035178423],"dvar":[0.174166128039,0.167347744107,0.159924462438,0.132589638233,0.170816138387,0.168936222792],"dvar2":[0.376750767231,0.318572968245,0.295581668615,0.22566151619,0.290987610817,0.240870296955],"max":[-5.88696527481,-4.53195667267,-5.60364532471,-6.40862560272,-6.35164070129,-9.23153591156],"mean":[-8.56361198425,-7.41484928131,-8.40895462036,-8.83646678925,-8.83986186981,-11.9311923981],"median":[-8.06602287292,-6.90716028214,-7.94293212891,-8.36332416534,-8.30636024475,-11.5633773804],"min":[-28.0809650421,-28.0723781586,-27.7840538025,-27.6204586029,-27.57654953,-27.4354877472],"var":[9.01712799072,10.1103544235,9.0640296936,8.70670604706,8.94667339325,6.32625341415]},"spectral_decrease":{"dmean":1.17868659277e-9,"dmean2":1.68724489935e-9,"dvar":3.32600907745e-18,"dvar2":7.2310226634e-18,"max":2.70670603644e-28,"mean":-3.67086183672e-9,"median":-2.26848873019e-9,"min":-3.75088511362e-8,"var":1.50124297997e-17},"spectral_energy":{"dmean":0.00466878153384,"dmean2":0.00664806971326,"dvar":0.0000521666879649,"dvar2":0.00011233985424,"max":0.154869899154,"mean":0.0147642232478,"median":0.00903281848878,"min":9.83926249532e-21,"var":0.000246670213528},"spectral_energyband_high":{"dmean":0.0000439833929704,"dmean2":0.0000629248534096,"dvar":6.6677769972e-9,"dvar2":1.33933983903e-8,"max":0.00152024929412,"mean":0.0000837916086311,"median":0.0000317882695526,"min":7.2032915303e-21,"var":1.67869558254e-8},"spectral_energyband_low":{"dmean":0.00146430404857,"dmean2":0.00223330501467,"dvar":0.0000106987645268,"dvar2":0.0000230896366702,"max":0.0508796684444,"mean":0.00286819995381,"median":0.00129698193632,"min":8.77216482049e-24,"var":0.0000231434205489},"spectral_energyband_middle_high":{"dmean":0.000752766849473,"dmean2":0.0010106950067,"dvar":0.00000171127908288,"dvar2":0.00000305409048451,"max":0.0318284966052,"mean":0.00245210970752,"median":0.00106412044261,"min":1.0691623447e-21,"var":0.0000127799785332},"spectral_energyband_middle_low":{"dmean":0.00351418368518,"dmean2":0.00523604312912,"dvar":0.0000361368183803,"dvar2":0.000086102358182,"max":0.127248093486,"mean":0.00984008330852,"median":0.00557947577909,"min":1.59859847787e-22,"var":0.000130751068355},"spectral_entropy":{"dmean":0.195366635919,"dmean2":0.269158005714,"dvar":0.0380681455135,"dvar2":0.0717269405723,"max":9.82633304596,"mean":7.15857744217,"median":7.09939718246,"min":5.97755622864,"var":0.299859434366},"spectral_flux":{"dmean":0.0173370055854,"dmean2":0.027267716825,"dvar":0.000474763364764,"dvar2":0.0010673640063,"max":0.241926088929,"mean":0.0498168468475,"median":0.0408554896712,"min":6.35914029767e-11,"var":0.00128724006936},"spectral_kurtosis":{"dmean":3.04957818985,"dmean2":4.98563861847,"dvar":11.3202342987,"dvar2":29.3886890411,"max":44.5802345276,"mean":7.86386156082,"median":6.38633060455,"min":-1.27005553246,"var":29.8732910156},"spectral_rms":{"dmean":0.000553530349862,"dmean2":0.000760870345403,"dvar":4.77501316709e-7,"dvar2":9.32889122396e-7,"max":0.0122919725254,"mean":0.00330859562382,"median":0.00296858651564,"min":3.09827055504e-12,"var":0.00000345733269569},"spectral_rolloff":{"dmean":283.24987793,"dmean2":478.257293701,"dvar":304019.8125,"dvar2":641553.25,"max":19745.9472656,"mean":1420.55822754,"median":710.595703125,"min":129.19921875,"var":7530562},"spectral_skewness":{"dmean":0.317692965269,"dmean2":0.505128026009,"dvar":0.0963361635804,"dvar2":0.2382132411,"max":5.2899723053,"mean":1.80159842968,"median":1.71712303162,"min":-0.0633707717061,"var":0.483880400658},"spectral_spread":{"dmean":457829.8125,"dmean2":649487.3125,"dvar":533273083904,"dvar2":984397512704,"max":42826908,"mean":4003304,"median":2968953.5,"min":1354499,"var":31919674753000},"spectral_strongpeak":{"dmean":0.352814257145,"dmean2":0.556282877922,"dvar":0.268667399883,"dvar2":0.638176143169,"max":9.53317928314,"mean":0.899643242359,"median":0.56845253706,"min":0,"var":1.00613176823},"zerocrossingrate":{"dmean":0.00673234695569,"dmean2":0.00842781923711,"dvar":0.000102563441033,"dvar2":0.000189001089893,"max":0.537109375,"mean":0.0508003346622,"median":0.03759765625,"min":0.0029296875,"var":0.00506622018293}},"metadata":{"audio_properties":{"analysis_sample_rate":44100,"bit_rate":268603,"codec":"aac","downmix":"mix","equal_loudness":0,"length":130.681900024,"lossless":false,"md5_encoded":"c5a5dc7da0a2cb5c945f9b4a40b5447c","replay_gain":-8.24308395386,"sample_rate":44100},"tags":{"album":["Greatest!"],"artist":["Johnny Cash"],"bpm":["131"],"compilation":["0"],"composer":["Charlie Feathers/Stan Kesler"],"date":["1959"],"file_name":"05 I Forgot to Remember to Forget.m4a","genre":["Country"],"mood":["bored, very depressed"],"musicbrainz_albumid":["aaeabc4c-263f-46ac-9711-b13abe5c2df6"],"musicbrainz_recordingid":["9a8b2fdd-9b10-4cb0-bd8a-603f7b37abae"],"musicbrainz_releasegroupid":["540082ac-df53-399a-816d-9a123a46eec2"],"title":["I Forgot to Remember to Forget"],"tracknumber":["5/16"]},"version":{"essentia":"2.1-beta2","essentia_build_sha":"cead25079874084f62182a551b7393616cd33d87","essentia_git_sha":"v2.1_beta2-1-ge3940c0","extractor":"music 1.0"}},"rhythm":{"beats_count":284,"beats_loudness":{"dmean":0.0142165245488,"dmean2":0.0243320930749,"dvar":0.000178541231435,"dvar2":0.000486607314087,"max":0.0945174619555,"mean":0.0266668256372,"median":0.0224327929318,"min":0,"var":0.000300339830574},"beats_loudness_band_ratio":{"dmean":[0.306162148714,0.180181831121,0.171526372433,0.070566251874,0.0453798212111,0.0292473416775],"dmean2":[0.591306447983,0.334932535887,0.301977157593,0.130703628063,0.0797652080655,0.0514276660979],"dvar":[0.0407348126173,0.0186029430479,0.0170877240598,0.00346085289493,0.00218332209624,0.00088688719552],"dvar2":[0.133277699351,0.0601062513888,0.0520675741136,0.0113357231021,0.00625072745606,0.00227221497335],"max":[0.899834990501,0.698962330818,0.770197093487,0.373