{"lowlevel":{"average_loudness":0.919322550297,"barkbands":{"dmean":[0.00649936590344,0.021409066394,0.00633149361238,0.00233363965526,0.00372393033467,0.00205470202491,0.000839230953716,0.000695604074281,0.000618198828306,0.000724033103324,0.000523249502294,0.000725067278836,0.000469472288387,0.00032304940396,0.000331614690367,0.000204269963433,0.000116962575703,0.0000669906075927,0.0000481808747281,0.0000322907399095,0.0000250684133789,0.0000117178515211,0.00000625903248874,0.000005531835086,0.00000436584832642,0.0000130323769554,0.000109119362605],"dmean2":[0.011049201712,0.0362712852657,0.0109946848825,0.00400659907609,0.00596977118403,0.00326853897423,0.00136012374423,0.00111377751455,0.00100109481718,0.00114944530651,0.000862305052578,0.00117823050823,0.00074977154145,0.000518791784998,0.000532895035576,0.000318687205436,0.000188987483853,0.000106743274955,0.0000767685633036,0.000049839643907,0.0000379304256057,0.0000179673625098,0.00000985486713034,0.00000890848787094,0.00000724815936337,0.0000188046069525,0.000157244576258],"dvar":[0.000175002569449,0.000789971614722,0.0000841489381855,0.0000103671700344,0.0000263598176389,0.0000104446216938,0.00000298408758681,0.00000232428465097,0.00000143987995216,0.00000159137766786,8.02023180313e-7,0.0000014141136262,6.8461599767e-7,2.58950763055e-7,2.3075128297e-7,9.61471258165e-8,2.90226420674e-8,1.4633149803e-8,6.35342933819e-9,3.89607235363e-9,4.86807039124e-9,4.74276395934e-10,7.558734888e-11,6.95794255545e-11,4.06479953863e-11,8.81044459611e-10,2.5840778406e-8],"dvar2":[0.000450596446171,0.00213119690306,0.000238816282945,0.0000285455607809,0.0000637591947452,0.0000239688597503,0.00000706987748345,0.00000525164568899,0.00000335563959197,0.00000365268124369,0.00000197696795112,0.00000331016576638,0.00000138460177368,5.89973353726e-7,5.55350482045e-7,2.08118379419e-7,7.03368527866e-8,3.49027047264e-8,1.52253232244e-8,8.02529154242e-9,9.71313252052e-9,9.60486801205e-10,1.70784178466e-10,1.64170607664e-10,1.01375623174e-10,1.85320081503e-9,4.81281148268e-8],"max":[0.173050224781,0.333836913109,0.147080466151,0.0689341798425,0.103929504752,0.0775851309299,0.0412848293781,0.0384588688612,0.032458126545,0.0352004244924,0.0199348703027,0.037605907768,0.0540352351964,0.0170507226139,0.0103239230812,0.00812096148729,0.00587918935344,0.00400363886729,0.00212942040525,0.00228514475748,0.00291093648411,0.000702948018443,0.000170836981852,0.000119582124171,0.0000743932178011,0.000555349397473,0.00351847335696],"mean":[0.00646765390411,0.0281497631222,0.00873205345124,0.00310222781263,0.00771274184808,0.00376718863845,0.00132180505898,0.00117032323033,0.0010450030677,0.00135551788844,0.000802365306299,0.00143133557867,0.000975859235041,0.000738629256375,0.000732547137886,0.000486128818011,0.000264067522949,0.000143340934301,0.000106077553937,0.0000731785039534,0.0000531313089596,0.0000236378327827,0.000010141511666,0.00000681936762703,0.00000435882384409,0.0000235672905546,0.000434141984442],"median":[0.00255548721179,0.0188243836164,0.00453622639179,0.00163755915128,0.00391196645796,0.00188082875684,0.000618301797658,0.000422518060077,0.000551735749468,0.000640238984488,0.000494273670483,0.000833697326016,0.000567048089579,0.000395625160309,0.000500526279211,0.000303628447,0.000177510577487,0.0000877710117493,0.0000576443817408,0.0000361968996003,0.0000263590318355,0.0000129522086354,0.00000568438872506,0.00000334760443366,0.000001851140496,0.00000865172114572,0.000341028295225],"min":[7.14222929281e-25,4.1814747684e-24,1.57567373032e-24,2.10811244007e-24,9.29091344088e-24,8.85116766243e-24,1.06319375367e-23,6.94439382462e-24,8.45705906507e-24,1.75369048821e-23,2.47976090528e-23,3.57148665349e-23,4.23170359327e-23,4.86219499197e-23,6.75633869337e-23,5.63765819912e-23,7.56858206691e-23,1.12752545516e-22,1.4762200244e-22,1.59786856065e-22,2.98338763009e-22,3.51499960573e-22,3.72706636919e-22,6.73713163427e-22,9.62557928644e-22,1.49715793268e-21,2.00245320559e-21],"var":[0.000152800639626,0.000913073599804,0.000148960840306,0.0000169651520991,0.000124279235024,0.0000351859744114,0.00000560651551496,0.00000662622369418,0.00000301782051793,0.00000566528160562,0.00000113276348657,0.0000039213805394,0.00000346861133949,0.00000109949064608,7.29181294901e-7,4.24873405791e-7,1.01224379989e-7,3.82197988813e-8,1.82022397155e-8,1.16136922301e-8,1.08944631094e-8,1.2017599138e-9,1.61952437572e-10,9.70321392679e-11,4.53945492307e-11,1.8150072556e-9,1.79749179097e-7]},"barkbands_crest":{"dmean":3.53027701378,"dmean2":5.89089918137,"dvar":8.91250038147,"dvar2":23.438709259,"max":26.2969245911,"mean":12.5539627075,"median":11.8151884079,"min":3.12443161011,"var":24.466217041},"barkbands_flatness_db":{"dmean":0.0357604324818,"dmean2":0.0577288679779,"dvar":0.00120172847528,"dvar2":0.00308492570184,"max":0.551550686359,"mean":0.181082993746,"median":0.168984174728,"min":0.0263277478516,"var":0.00480664102361},"barkbands_kurtosis":{"dmean":13.4467325211,"dmean2":21.8373775482,"dvar":1364.54101562,"dvar2":3312.93530273,"max":897.403076172,"mean":18.843334198,"median":6.96976900101,"min":-1.77989673615,"var":1867.92932129},"barkbands_skewness":{"dmean":0.969173192978,"dmean2":1.55514895916,"dvar":1.65520858765,"dvar2":4.08695363998,"max":23.388841629,"mean":2.86668801308,"median":2.34785413742,"min":-2.12632632256,"var":4.28647327423},"barkbands_spread":{"dmean":4.52151823044,"dmean2":7.17367887497,"dvar":24.4243335724,"dvar2":55.2320671082,"max":124.013893127,"mean":15.8025751114,"median":14.7616062164,"min":0.15100504458,"var":108.970581055},"dissonance":{"dmean":0.0205465275794,"dmean2":0.0348184816539,"dvar":0.000508455501404,"dvar2":0.00139076751657,"max":0.500000119209,"mean":0.466570407152,"median":0.475213825703,"min":0.174215897918,"var":0.000935307820328},"dynamic_complexity":2.17481470108,"erbbands":{"dmean":[0.903570950031,4.06140756607,7.15936183929,7.48855018616,9.58440685272,13.4481163025,15.0384435654,18.8991546631,13.7969398499,11.5547466278,16.0224876404,13.8395290375,17.909570694,22.3973331451,21.3158340454,30.8068275452,21.3231945038,15.9124279022,17.3848323822,12.2566480637,8.4999666214,6.34068536758,3.91791343689,2.8841779232,2.03884100914,1.49463057518,1.20207238197,0.792281806469,0.468496710062,0.257193416357,0.172317534685,0.126577734947,0.0862262398005,0.0502160266042,0.0312940105796,0.0356924049556,0.0292175374925,0.0164159946144,0.00981786567718,0.00226574437693],"dmean2":[1.54502630234,6.86810159683,12.4319963455,12.768078804,16.1514072418,21.2769470215,23.9485187531,29.9270782471,22.1942462921,18.6731185913,25.7857627869,22.4205932617,29.2499198914,35.3162841797,35.017036438,50.1682167053,34.0878372192,25.2950115204,28.0705223083,19.8079853058,13.4746894836,10.1288375854,6.28132486343,4.52385663986,3.21131420135,2.30608868599,1.81874239445,1.20581889153,0.72045147419,0.39951261878,0.271137923002,0.200745090842,0.14076256752,0.0832329690456,0.0518522150815,0.0564119964838,0.0414988808334,0.0220897551626,0.0135326897725,0.00332508329302],"dvar":[2.21491670609,22.7937583923,95.4558868408,108.688941956,178.724517822,478.916534424,532.55847168,1111.20129395,780.469604492,717.184143066,1496.55004883,738.151794434,1068.61450195,1665.43383789,1180.09985352,2910.72363281,1318.14758301,612.200012207,732.276062012,279.166992188,150.024658203,95.3103103638,52.3176460266,20.1164188385,13.502866745,7.80956029892,10.6288204193,4.67030239105,0.803446650505,0.157605141401,0.0563235580921,0.034277357161,0.0178448613733,0.00529718259349,0.0020494426135,0.0082513699308,0.00496995914727,0.0015703488607,0.00064357201336,0.00000923929837882],"dvar2":[6.10721731186,60.6711578369,276.223693848,294.317932129,469.496795654,1108.05432129,1226.91210938,2504.9519043,1784.94091797,1614.2956543,3555.68505859,1711.08178711,2680.8671875,3658.38793945,2996.6340332,6656.99560547,2618.95068359,1333.48901367,1754.64868164,687.687194824,338.643280029,222.315658569,126.205085754,47.0168762207,31.6988391876,15.9929666519,21.1897583008,9.21081352234,1.59823429585,0.34265935421,0.129091590643,0.0778935998678,0.0436178632081,0.0131878778338,0.00509829586372,0.0203911587596,0.0101752877235,0.002724775346,0.00111744063906,0.0000185131520993],"max":[14.9036188126,59.9431304932,123.234474182,199.307220459,216.906997681,508.223968506,596.471374512,959.052856445,724.213623047,1030.62390137,1155.92736816,921.360107422,1074.14929199,1340.95117188,911.616210938,1866.41772461,2837.91308594,764.900939941,662.666809082,335.727050781,315.161590576,368.826202393,245.074813843,130.551071167,114.669822693,108.791900635,130.168899536,83.4815673828,29.7808170319,13.4628458023,3.60881447792,3.0512304306,1.91064810753,0.841969251633,0.523719549179,2.11485886574,1.29332089424,1.29055607319,0.789285242558,0.0828647017479],"mean":[1.04183733463,5.42253255844,10.2348012924,11.6169023514,14.9185876846,28.1154022217,29.2226486206,34.4418830872,22.0707778931,19.6981830597,27.1934013367,24.0674648285,30.3908672333,45.641330719,38.6718521118,61.4346427917,46.8774185181,41.5971717834,41.5332794189,31.3902282715,21.8178710938,15.042840004,8.84136009216,6.47065210342,4.66322469711,3.46025872231,2.60324978828,1.66216611862,0.943625688553,0.46402323246,0.273574084044,0.174313783646,0.0966995358467,0.0512460209429,0.0316318459809,0.0403077080846,0.0538219697773,0.0438379049301,0.0308055523783,0.0101453633979],"median":[0.573898673058,3.62346601486,6.14086675644,6.48985910416,8.86087703705,11.5022373199,13.936000824,15.4675369263,10.6250276566,9.06827735901,10.2200508118,12.9680042267,17.0851688385,23.1763458252,26.8782310486,36.1143951416,31.1976165771,23.4506473541,27.9031982422,24.7312717438,15.2541418076,10.1365814209,5.87188482285,3.68404865265,2.39917373657,1.70964419842,1.2993645668,0.833815395832,0.506731212139,0.260078847408,0.151404008269,0.0874805897474,0.0457458123565,0.0225317813456,0.0136243505403,0.0145107684657,0.0177425239235,0.0174875371158,0.0145726334304,0.00896942708641],"min":[1.55859351121e-22,5.25065616567e-22,1.94647916986e-21,5.99048965593e-21,1.4319315506e-20,1.89979734508e-20,6.44996473707e-20,8.72967967515e-20,1.38372504777e-19,1.08138058187e-19,3.39947553714e-19,2.5236471403e-19,6.27785779066e-19,1.05997932562e-18,1.29499343516e-18,1.58998454977e-18,2.03228825966e-18,2.41133715792e-18,2.94380779388e-18,3.40124466968e-18,3.23207196555e-18,5.19908781666e-18,6.93035533203e-18,7.08021936592e-18,7.34445559516e-18,8.58122130546e-18,1.00142554684e-17,1.17930105956e-17,1.10052633372e-17,1.10347945122e-17,1.09258564799e-17,1.10135789839e-17,1.14909655949e-17,8.62021873544e-18,6.47435671652e-18,4.7111430723e-18,2.59404915431e-18,1.00331093961e-18,2.67152325238e-19,2.70861826388e-20],"var":[2.00225496292,31.0430107117,144.858200073,211.15461731,338.666717529,2680.74804688,1854.81921387,4074.41674805,1367.9576416,1905.64440918,3506.85131836,1571.52185059,1824.62194824,7285.55126953,1915.83276367,8101.41650391,5645.51806641,3741.48168945,2723.92700195,928.483398438,646.01361084,359.254394531,134.748535156,63.2416305542,38.2729949951,25.0216617584,24.582901001,10.1440629959,2.01916146278,0.387222647667,0.118489772081,0.0592705644667,0.0209374744445,0.00597690884024,0.00231664464809,0.0081835007295,0.0107648819685,0.00509643508121,0.00221469881944,0.0000788621473475]},"erbbands_crest":{"dmean":2.39339709282,"dmean2":3.91796731949,"dvar":5.49225568771,"dvar2":13.447435379,"max":32.237663269,"mean":8.47105407715,"median":7.31392192841,"min":2.18511080742,"var":17.5708007812},"erbbands_flatness_db":{"dmean":0.0249120686203,"dmean2":0.0387487597764,"dvar":0.000539019121788,"dvar2":0.0013284094166,"max":0.359709769487,"mean":0.155139431357,"median":0.149220317602,"min":0.0427869670093,"var":0.0019693672657},"erbbands_kurtosis":{"dmean":0.877538740635,"dmean2":1.40690374374,"dvar":1.88559746742,"dvar2":4.39709663391,"max":26.5576438904,"mean":0.283715486526,"median":-0.193382501602,"min":-1.82214450836,"var":3.839220047},"erbbands_skewness":{"dmean":0.338822752237,"dmean2":0.531042456627,"dvar":0.110532902181,"dvar2":0.257013440132,"max":3.9847779274,"mean":0.0116718644276,"median":-0.0919842720032,"min":-3.3851544857,"var":0.497461974621},"erbbands_spread":{"dmean":6.13320732117,"dmean2":9.71972942352,"dvar":38.4028930664,"dvar2":89.6181106567,"max":129.078018188,"mean":30.5916175842,"median":29.8614692688,"min":2.61326026917,"var":133.984817505},"gfcc":{"cov":[[8828.02148438,-372.691619873,-1033.32666016,-220.307510376,87.048789978,-423.620422363,22.3285503387,-409.278320312,-96.3418273926,-64.1956634521,-88.4879760742,22.6405982971,-134.622772217],[-372.691619873,1053.50744629,20.5146102905,-299.365753174,97.6814804077,86.615562439,-22.341003418,36.0446014404,102.617019653,-59.4583511353,57.6832542419,-75.7352981567,89.0637893677],[-1033.32666016,20.5146102905,436.355926514,222.118728638,-151.125457764,179.099838257,-35.3807220459,194.257751465,-23.6386032104,55.2538871765,3.74158501625,4.61668395996,14.3711194992],[-220.307510376,-299.365753174,222.118728638,346.900360107,-27.061290741,12.2724227905,33.3184928894,52.6211242676,-45.7893981934,39.8836669922,-24.1499633789,33.2229003906,-27.7443599701],[87.048789978,97.6814804077,-151.125457764,-27.061290741,239.452774048,-78.6943130493,50.8336448669,-121.962532043,28.0914459229,-41.8856239319,3.86755919456,-4.84341049194,4.13797712326],[-423.620422363,86.615562439,179.099838257,12.2724227905,-78.6943130493,283.313110352,-53.5359420776,149.117218018,-26.3325786591,18.2629108429,16.1173686981,-13.8476028442,29.103887558],[22.3285503387,-22.341003418,-35.3807220459,33.3184928894,50.8336448669,-53.5359420776,192.280044556,9.05110359192,15.0185346603,-7.49627304077,-6.62758016586,24.1091003418,-36.6402053833],[-409.278320312,36.0446014404,194.257751465,52.6211242676,-121.962532043,149.117218018,9.05110359192,206.090377808,24.7882442474,39.9947624207,7.43848276138,-10.3326835632,8.78348350525],[-96.3418273926,102.617019653,-23.6386032104,-45.7893981934,28.0914459229,-26.3325786591,15.0185346603,24.7882442474,89.6496276855,29.7399902344,13.0588407516,-14.75050354,-0.881033360958],[-64.1956634521,-59.4583511353,55.2538871765,39.8836669922,-41.8856239319,18.2629108429,-7.49627304077,39.9947624207,29.7399902344,73.0540618896,31.5427818298,9.89780521393,-10.0155725479],[-88.4879760742,57.6832542419,3.74158501625,-24.1499633789,3.86755919456,16.1173686981,-6.62758016586,7.43848276138,13.0588407516,31.5427818298,58.2064285278,22.6457099915,13.9530153275],[22.6405982971,-75.7352981567,4.61668395996,33.2229003906,-4.84341049194,-13.8476028442,24.1091003418,-10.3326835632,-14.75050354,9.89780521393,22.6457099915,66.0008392334,12.3327827454],[-134.622772217,89.0637893677,14.3711194992,-27.7443599701,4.13797712326,29.103887558,-36.6402053833,8.78348350525,-0.881033360958,-10.0155725479,13.9530153275,12.3327827454,70.3800888062]],"icov":[[0.00023374868033,-0.000371344125597,0.0013277848484,-0.000612024683505,0.000273413344985,0.0000325180226355,0.000297600810882,-0.000426765618613,0.000816735846456,-0.000948507804424,0.000876000267453,-0.000484628428239,0.000369817425963],[-0.000371344125597,0.00356068019755,-0.00504872156307,0.00344837759621,-0.000851750548463,-0.000383708742447,-0.00160666776355,0.00222090166062,-0.00483563262969,0.00644051237032,-0.00607134634629,0.00410542218015,-0.00239054556005],[0.0013277848484,-0.00504872156307,0.018390154466,-0.0112848579884,0.00462298421189,-0.0016626274446,0.00356068136171,-0.00690948450938,0.00676266895607,-0.00823337305337,0.00665033468977,-0.00419081468135,0.00218571792357],[-0.000612024683505,0.00344837759621,-0.0112848579884,0.0135182188824,-0.00704566435888,0.00322372163646,-0.00143139692955,-0.000897604797501,0.00361985783093,-0.0039074793458,0.00330033292994,-0.000960023258813,-0.000450049730716],[0.000273413344985,-0.000851750548463,0.00462298421189,-0.00704566435888,0.0139917032793,-0.0047280471772,-0.00343924784102,0.00986335426569,-0.0106621999294,0.0100699756294,-0.00738482456654,0.00399156752974,-0.00194533728063],[0.0000325180226355,-0.000383708742447,-0.0016626274446,0.00322372163646,-0.0047280471772,0.00986031070352,0.00269411085173,-0.00941914133728,0.00959829054773,-0.00512329488993,0.00172826019116,-0.000384133163607,0.0000524242495885],[0.000297600810882,-0.00160666776355,0.00356068136171,-0.00143139692955,-0.00343924784102,0.00269411085173,0.00996847171336,-0.00743128824979,0.00337847182527,-0.00180495006498,0.00438347132877,-0.00771208107471,0.00678409496322],[-0.000426765618613,0.00222090166062,-0.00690948450938,-0.000897604797501,0.00986335426569,-0.00941914133728,-0.00743128824979,0.0243360158056,-0.0177228413522,0.0101252226159,-0.00791185349226,0.00699673825875,-0.00459902686998],[0.000816735846456,-0.00483563262969,0.00676266895607,0.00361985783093,-0.0106621999294,0.00959829054773,0.00337847182527,-0.0177228413522,0.0390088893473,-0.0312815234065,0.0170211251825,-0.00364197627641,0.00165655603632],[-0.000948507804424,0.00644051237032,-0.00823337305337,-0.0039074793458,0.0100699756294,-0.00512329488993,-0.00180495006498,0.0101252226159,-0.0312815234065,0.055641528219,-0.036967433989,0.00899657607079,0.00277850078419],[0.000876000267453,-0.00607134634629,0.00665033468977,0.00330033292994,-0.00738482456654,0.00172826019116,0.00438347132877,-0.00791185349226,0.0170211251825,-0.036967433989,0.0510958507657,-0.0207362715155,0.000746866629925],[-0.000484628428239,0.00410542218015,-0.00419081468135,-0.000960023258813,0.00399156752974,-0.000384133163607,-0.00771208107471,0.00699673825875,-0.00364197627641,0.00899657607079,-0.0207362715155,0.0319097563624,-0.0108548551798],[0.000369817425963,-0.00239054556005,0.00218571792357,-0.000450049730716,-0.00194533728063,0.0000524242495885,0.00678409496322,-0.00459902686998,0.00165655603632,0.00277850078419,0.000746866629925,-0.0108548551798,0.0236860569566]],"mean":[9.98687648773,121.797271729,-81.5681686401,-2.63298201561,-1.65253901482,-4.8064031601,-6.67361927032,-13.5251159668,-5.90209722519,-4.91568946838,-6.29526901245,0.637136518955,-3.60095834732]},"hfc":{"dmean":10.9126577377,"dmean2":16.801115036,"dvar":223.948806763,"dvar2":489.940704346,"max":418.106689453,"mean":52.5018463135,"median":47.5158538818,"min":1.07507135584e-16,"var":1546.80029297},"melbands":{"dmean":[0.00699553918093,0.0040028183721,0.00123693316709,0.000819243490696,0.000544117297977,0.000406873441534,0.000197307803319,0.000126194849145,0.000134966088808,0.0000872242744663,0.000092073030828,0.0000947645894485,0.0000720870157238,0.000075564654253,0.0000728572558728,0.0000432239830843,0.0000325260807585,0.000029476459531,0.000022872871341,0.0000177429465111,0.00000892216576176,0.00000773475676397,0.00000454124847238,0.00000315672173201,0.00000256354019257,0.00000171553131167,0.00000136271216888,0.00000101301407085,8.22943775347e-7,7.0657500828e-7,4.21279708007e-7,3.16398541145e-7,1.80970545216e-7,1.3380461894e-7,1.0422048291e-7,8.61921023443e-8,7.72245840608e-8,6.42116120275e-8,4.92661733631e-8,4.01209589995e-8],"dmean2":[0.0118475910276,0.00684882421046,0.0021067596972,0.00132141308859,0.000859886407852,0.000643277540803,0.000317989324685,0.000202569484827,0.000216893371544,0.000141241616802,0.000150530977407,0.000149522049469,0.000118508483865,0.000121756762383,0.000119995842397,0.0000682445315761,0.0000519474197063,0.0000477566609334,0.0000371257920051,0.0000277544859273,0.000014533434296,0.0000124455946207,0.00000740638051866,0.00000505069328938,0.00000409078575103,0.0000027551589028,0.00000217190722651,0.00000157868237238,0.00000126576298953,0.00000108514802832,6.50964125271e-7,4.96557561291e-7,2.81691228565e-7,2.11899603642e-7,1.6569192951e-7,1.36697096309e-7,1.23157008147e-7,1.04748792751e-7,8.13804916788e-8,6.66491501988e-8],"dvar":[0.000108515509055,0.0000214605206565,0.000002651098157,0.00000132865261548,6.95449784871e-7,4.6852588298e-7,1.52524066266e-7,8.15666041376e-8,1.14936085538e-7,2.87245978114e-8,2.81330425622e-8,3.06869480937e-8,1.52296912859e-8,1.52531622888e-8,1.28670025745e-8,7.67083641051e-9,2.67141397892e-9,2.18598361634e-9,1.09691655759e-9,7.65484120535e-10,1.48716275405e-10,1.53809784353e-10,6.640465261e-11,2.97523013171e-11,1.58908424613e-11,1.02385365811e-11,6.5828024455e-12,3.6445889709e-12,4.99226614908e-12,3.09708291998e-12,1.3661905808e-12,3.73502742406e-13,9.44897575439e-14,4.07603706104e-14,2.08627416693e-14,1.46517997388e-14,1.45853838854e-14,1.08023246787e-14,5.2660995478e-15,3.45126602502e-15],"dvar2":[0.000293818913633,0.0000611409195699,0.00000726009875507,0.00000328405940309,0.00000159058424742,0.0000010616788586,3.53271531139e-7,1.79215390972e-7,2.7097408406e-7,6.56077858707e-8,7.04641536231e-8,6.69191209113e-8,3.78169708881e-8,3.5431209966e-8,3.21753290677e-8,1.45837102394e-8,5.85729376112e-9,5.30414245858e-9,2.67207433957e-9,1.64545888026e-9,3.62993080039e-10,3.58234802933e-10,1.65135266572e-10,7.32681901261e-11,3.86309699507e-11,2.49346931991e-11,1.54769669303e-11,7.66332483582e-12,1.01985754911e-11,6.23498691912e-12,2.86881607879e-12,7.81481867065e-13,2.0323148817e-13,9.28191171926e-14,4.85496551002e-14,3.42657285467e-14,3.31640436142e-14,2.6386670423e-14,1.3143730421e-14,8.61746841284e-15],"max":[0.107951521873,0.050628438592,0.0296098701656,0.0246900096536,0.0169543828815,0.0186287276447,0.00963915977627,0.00971446465701,0.0101558910683,0.00620222045109,0.00556537415832,0.00590621167794,0.0032133217901,0.00404130108654,0.00230198237114,0.00650648958981,0.001305904123,0.00105050695129,0.000731343228836,0.000694227346685,0.000247113435762,0.000534472696017,0.0002835119667,0.000154796056449,0.000109965636511,0.000110345215944,0.0000752176129026,0.0000701410099282,0.0000851594595588,0.0000661606682115,0.000040776674723,0.0000211404349102,0.00000997869119601,0.00000649830644761,0.00000238350503423,0.0000017566974293,0.00000245808814725,0.00000145259400597,9.43170846313e-7,6.88022169015e-7],"mean":[0.00886213313788,0.0061052441597,0.00205390132032,0.00154962879606,0.00115624046884,0.00074754760135,0.000316396646667,0.000214127940126,0.000222555056098,0.000147605969687,0.000152221575263,0.000188438047189,0.000118273055705,0.000150337989908,0.000138356728712,0.0000906364002731,0.0000766628945712,0.0000662349993945,0.0000499263624079,0.0000420554533775,0.0000205554752029,0.0000168458082044,0.00000950130106503,0.0000065221083787,0.00000518174192621,0.00000352493566425,0.00000291812352771,0.00000214374949792,0.00000165040000866,0.00000137905249176,8.10775134141e-7,6.00907299031e-7,3.25048887362e-7,2.22403357952e-7,1.60742686717e-7,1.25620630342e-7,9.9447213131e-8,7.12794019364e-8,5.13625160181e-8,3.99382997784e-8],"median":[0.00550537277013,0.00435538496822,0.00130723393522,0.000787114724517,0.000527422991581,0.000347419118043,0.000153541506734,0.0000941477483138,0.0000827324693091,0.0000783832292655,0.0000825519819045,0.000089556837338,0.0000768385798438,0.0000860456057126,0.0000925378408283,0.0000492528779432,0.000037853478716,0.0000410050488426,0.0000353085961251,0.0000257231204159,0.0000145196027006,0.0000106298357423,0.00000657146620142,0.00000385942803405,0.00000281704592453,0.00000177728975359,0.00000139092924201,0.00000103547017716,8.05999377462e-7,6.57210250665e-7,3.93815724919e-7,3.08885262257e-7,1.7656344653e-7,1.23997423884e-7,8.73196484008e-8,6.5980771069e-8,4.72066332691e-8,3.30750609123e-8,2.28486065623e-8,1.69053571142e-8],"min":[2.00966338796e-24,1.08780753526e-24,1.2409919971e-24,1.53114016563e-24,2.9479018109e-24,2.41598986302e-24,2.30735148902e-24,1.22597011331e-24,2.94956887121e-24,1.4416861e-24,2.5631027583e-24,3.9435156652e-24,4.01070610394e-24,4.68987826687e-24,2.07091449294e-24,3.86447298579e-24,3.63891280387e-24,4.18103221743e-24,4.6417881228e-24,3.99224754762e-24,3.05782366158e-24,4.31137767695e-24,4.51817716883e-24,4.77897418966e-24,4.34225960924e-24,4.63805838844e-24,6.1841314938e-24,5.39971148104e-24,4.44470700285e-24,5.59659617463e-24,5.61062724912e-24,5.62808434652e-24,4.80386275122e-24,6.22024475718e-24,6.63230309557e-24,5.74795097221e-24,6.51106976837e-24,6.9457522431e-24,7.2063169444e-24,7.14605112668e-24],"var":[0.000109981898277,0.0000326371373376,0.00000515880083185,0.00000462906200482,0.00000353595942215,0.00000166169525073,2.69256275942e-7,2.32991482108e-7,2.5398853154e-7,6.10341359675e-8,4.81905217953e-8,1.38202622679e-7,2.22012808138e-8,4.54080399948e-8,2.83580785521e-8,4.33843077019e-8,1.38578322151e-8,7.96291654837e-9,3.0990843225e-9,3.38159944491e-9,5.09444153529e-10,5.7396887243e-10,1.45955816877e-10,7.81254505533e-11,4.30247920624e-11,2.36887731653e-11,1.72977968754e-11,1.05784235538e-11,1.0723191432e-11,6.9321453959e-12,2.64497711927e-12,8.62806842031e-13,2.20806418939e-13,8.882781663e-14,4.20014941067e-14,2.75055196311e-14,2.27537190072e-14,1.23211970547e-14,5.90406951708e-15,3.84058079054e-15]},"melbands_crest":{"dmean":4.5366897583,"dmean2":7.63559675217,"dvar":15.749669075,"dvar2":43.4042701721,"max":38.0795898438,"mean":17.8159103394,"median":17.1209831238,"min":1.67033493519,"var":36.9125862122},"melbands_flatness_db":{"dmean":0.0438216216862,"dmean2":0.0708254575729,"dvar":0.00162855628878,"dvar2":0.00420939736068,"max":0.708166003227,"mean":0.306723386049,"median":0.29552680254,"min":0.00319120683707,"var":0.00676358072087},"melbands_kurtosis":{"dmean":14.2633152008,"dmean2":23.4772815704,"dvar":731.032287598,"dvar2":1938.61352539,"max":691.883117676,"mean":23.0919322968,"median":10.6237621307,"min":-1.73512554169,"var":1384.5177002},"melbands_skewness":{"dmean":1.02992367744,"dmean2":1.68263542652,"dvar":1.2447707653,"dvar2":3.25273895264,"max":21.4678153992,"mean":3.40618896484,"median":2.97977924347,"min":-1.05265617371,"var":3.79747843742},"melbands_spread":{"dmean":4.11507034302,"dmean2":6.63848972321,"dvar":19.7065849304,"dvar2":49.9109039307,"max":172.66229248,"mean":12.3964910507,"median":10.6606111526,"min":0.210706248879,"var":119.209503174},"mfcc":{"cov":[[5208.94433594,-281.667602539,-983.949462891,97.8979644775,-259.511108398,67.4600143433,-159.284957886,-147.113037109,-208.108276367,-69.6088867188,-160.248519897,-67.5291824341,-67.0885848999],[-281.667602539,1173.71398926,-131.212661743,-273.725860596,108.467163086,-18.1453380585,-23.6912021637,5.94472789764,66.4278030396,-21.1077518463,38.5711708069,20.4657688141,6.06814908981],[-983.949462891,-131.212661743,697.503479004,-24.06590271,60.6064910889,-67.1310348511,91.7811355591,70.1476898193,81.1532592773,50.8550033569,76.8321685791,35.0473747253,34.1882820129],[97.8979644775,-273.725860596,-24.06590271,382.735778809,-51.5476799011,41.0058517456,9.70744609833,4.2694029808,-24.2629451752,12.060918808,-25.4789237976,-8.84344577789,-9.59722900391],[-259.511108398,108.467163086,60.6064910889,-51.5476799011,178.831832886,33.0816192627,-1.45639908314,-16.9068870544,13.6090173721,-5.56090974808,4.8772778511,-13.3831911087,-0.252723783255],[67.4600143433,-18.1453380585,-67.1310348511,41.0058517456,33.0816192627,95.177986145,27.0064640045,4.46432065964,-20.5800495148,-7.69408988953,-22.042432785,-4.24872398376,-2.27872037888],[-159.284957886,-23.6912021637,91.7811355591,9.70744609833,-1.45639908314,27.0064640045,109.242416382,62.0375328064,23.3017349243,-1.0360096693,8.2844285965,15.3797655106,16.7585735321],[-147.113037109,5.94472789764,70.1476898193,4.2694029808,-16.9068870544,4.46432065964,62.0375328064,92.1093063354,43.9609832764,13.1457109451,8.54961204529,14.4848299026,9.86924266815],[-208.108276367,66.4278030396,81.1532592773,-24.2629451752,13.6090173721,-20.5800495148,23.3017349243,43.9609832764,78.8478469849,33.4204673767,26.6752300262,8.00224494934,4.7330827713],[-69.6088867188,-21.1077518463,50.8550033569,12.060918808,-5.56090974808,-7.69408988953,-1.0360096693,13.1457109451,33.4204673767,67.3495788574,41.3043785095,8.29262828827,-6.45053768158],[-160.248519897,38.5711708069,76.8321685791,-25.4789237976,4.8772778511,-22.042432785,8.2844285965,8.54961204529,26.6752300262,41.3043785095,85.3839263916,40.0552864075,6.15315294266],[-67.5291824341,20.4657688141,35.0473747253,-8.84344577789,-13.3831911087,-4.24872398376,15.3797655106,14.4848299026,8.00224494934,8.29262828827,40.0552864075,64.282989502,31.0915794373],[-67.0885848999,6.06814908981,34.1882820129,-9.59722900391,-0.252723783255,-2.27872037888,16.7585735321,9.86924266815,4.7330827713,-6.45053768158,6.15315294266,31.0915794373,50.791229248]],"icov":[[0.000293231772957,0.0000770526166889,0.000362187041901,0.0000721591786714,0.00023336680897,0.0000579267798457,-0.0000347451386915,0.000121582881548,0.00029226343031,-0.000244848983129,0.000267212657491,-0.0000932314724196,0.000105924525997],[0.0000770526166889,0.00126722967252,0.000555296428502,0.000675461837091,-0.000537910556886,0.0000367185748473,0.000272422388662,-0.000109668486402,-0.00134580710437,0.00103962188587,-0.000638966215774,-0.000335307529895,0.000174735687324],[0.000362187041901,0.000555296428502,0.00294452137314,0.000048560774303,-0.00139544915874,0.00281257834285,-0.00224695890211,-0.000261882552877,-0.0000193578398466,-0.00122707162518,-0.000438227783889,-0.000151172833284,-0.00065765727777],[0.0000721591786714,0.000675461837091,0.000048560774303,0.0034716934897,0.000873953860719,-0.00157258752733,0.000176782064955,-0.0000269817919616,0.000175613953616,-0.001039632014,0.000923070183489,-0.00033273542067,0.000462084426545],[0.00023336680897,-0.000537910556886,-0.00139544915874,0.000873953860719,0.00927843432873,-0.00657346984372,0.00190726248547,0.00322767347097,-0.00368356960826,0.00327910855412,-0.00277739041485,0.00406393082812,-0.00141980545595],[0.0000579267798457,0.0000367185748473,0.00281257834285,-0.00157258752733,-0.00657346984372,0.0202736146748,-0.00840495526791,-0.0010942784138,0.00721480231732,-0.00683088973165,0.00678469892591,-0.00485518947244,0.00235477974638],[-0.0000347451386915,0.000272422388662,-0.00224695890211,0.000176782064955,0.00190726248547,-0.00840495526791,0.0203965678811,-0.0112109826878,-0.00137078808621,0.00647718925029,-0.00502081634477,0.00283146207221,-0.00362627953291],[0.000121582881548,-0.000109668486402,-0.000261882552877,-0.0000269817919616,0.00322767347097,-0.0010942784138,-0.0112109826878,0.0252607576549,-0.0118241552263,-0.000900334271137,0.00470507936552,-0.00457425788045,0.00232011009939],[0.00029226343031,-0.00134580710437,-0.0000193578398466,0.000175613953616,-0.00368356960826,0.00721480231732,-0.00137078808621,-0.0118241552263,0.0292198844254,-0.0128457378596,0.000992235145532,0.00180919060949,-0.00193378259428],[-0.000244848983129,0.00103962188587,-0.00122707162518,-0.001039632014,0.00327910855412,-0.00683088973165,0.00647718925029,-0.000900334271137,-0.0128457378596,0.0320740640163,-0.017187256366,0.00630516186357,0.0014225327177],[0.000267212657491,-0.000638966215774,-0.000438227783889,0.000923070183489,-0.00277739041485,0.00678469892591,-0.00502081634477,0.00470507936552,0.000992235145532,-0.017187256366,0.0326589904726,-0.021756997332,0.00901829637587],[-0.0000932314724196,-0.000335307529895,-0.000151172833284,-0.00033273542067,0.00406393082812,-0.00485518947244,0.00283146207221,-0.00457425788045,0.00180919060949,0.00630516186357,-0.021756997332,0.0391473695636,-0.0209831353277],[0.000105924525997,0.000174735687324,-0.00065765727777,0.000462084426545,-0.00141980545595,0.00235477974638,-0.00362627953291,0.00232011009939,-0.00193378259428,0.0014225327177,0.00901829637587,-0.0209831353277,0.0332947671413]],"mean":[-657.559265137,185.040969849,-12.5225353241,26.0730762482,14.9431066513,21.5138721466,6.31695175171,6.59364461899,3.72187232971,1.58164823055,-1.6288267374,2.8016731739,0.880014121532]},"pitch_salience":{"dmean":0.101008661091,"dmean2":0.167694434524,"dvar":0.00790062826127,"dvar2":0.0217827949673,"max":0.96167331934,"mean":0.500389873981,"median":0.512714147568,"min":0.0546144917607,"var":0.0189535301179},"silence_rate_20dB":{"dmean":0,"dmean2":0,"dvar":0,"dvar2":0,"max":1,"mean":1,"median":1,"min":1,"var":0},"silence_rate_30dB":{"dmean":0.132031455636,"dmean2":0.264085710049,"dvar":0.114610172808,"dvar2":0.241880998015,"max":1,"mean":0.851391077042,"median":1,"min":0,"var":0.126528888941},"silence_rate_60dB":{"dmean":0.000345632084645,"dmean2":0.000691323890351,"dvar":0.000345631298842,"dvar2":0.000690844899509,"max":1,"mean":0.00855365488678,"median":0,"min":0,"var":0.00847980659455},"spectral_centroid":{"dmean":147.715179443,"dmean2":228.822998047,"dvar":37717.0585938,"dvar2":72577.5859375,"max":11637.0507812,"mean":785.088195801,"median":717.909545898,"min":102.409370422,"var":424602.75},"spectral_complexity":{"dmean":3.03672337532,"dmean2":4.84013128281,"dvar":7.13094520569,"dvar2":16.2141113281,"max":48,"mean":21.23371315,"median":22,"min":0,"var":75.3988647461},"spectral_contrast_coeffs":{"dmean":[0.0561372078955,0.0516062825918,0.0382719710469,0.0290112197399,0.0265363901854,0.0329094342887],"dmean2":[0.0947935283184,0.0859293490648,0.063456133008,0.0478198267519,0.0436878092587,0.0531405769289],"dvar":[0.00192116154358,0.00163395109121,0.000959333789069,0.000547081814148,0.000620356935542,0.00103267165832],"dvar2":[0.00539589812979,0.00442809099331,0.00254919426516,0.0014295312576,0.00157979037613,0.00261121871881],"max":[-0.323775023222,-0.430306911469,-0.506231188774,-0.584576070309,-0.655413627625,-0.544117987156],"mean":[-0.672758340836,-0.759997665882,-0.804449319839,-0.803095340729,-0.819727122784,-0.779181599617],"median":[-0.679628610611,-0.769159853458,-0.81271314621,-0.805449485779,-0.811787724495,-0.789719820023],"min":[-0.976401388645,-0.976593255997,-0.974451243877,-0.98825776577,-0.972428977489,-0.964805901051],"var":[0.00654629524797,0.0055208732374,0.00353623786941,0.00315594836138,0.0022116091568,0.00461571430787]},"spectral_contrast_valleys":{"dmean":[0.405659943819,0.381330698729,0.337231189013,0.277396827936,0.348948687315,0.696217179298],"dmean2":[0.679050147533,0.630790710449,0.546930372715,0.445246517658,0.545750677586,1.12205731869],"dvar":[0.121752850711,0.114437282085,0.110008485615,0.0990716665983,0.164492979646,0.371108353138],"dvar2":[0.296841919422,0.26867005229,0.23399733007,0.207796707749,0.376096874475,0.950939118862],"max":[-4.64387845993,-4.60643959045,-5.1570892334,-5.76289129257,-6.10458803177,-8.87285614014],"mean":[-6.2432923317,-6.33958053589,-6.7104473114,-7.10298585892,-7.79174280167,-10.9243907928],"median":[-6.13470363617,-6.18561077118,-6.50250720978,-6.8288064003,-7.53888463974,-10.794626236],"min":[-28.0324058533,-27.9869556427,-27.5780830383,-27.5749759674,-27.4834327698,-27.3976020813],"var":[1.67997014523,1.78054535389,1.81140375137,1.84814107418,1.80495142937,1.50239038467]},"spectral_decrease":{"dmean":7.79277353757e-9,"dmean2":1.29891528644e-8,"dvar":9.47947592322e-17,"dvar2":2.51484214389e-16,"max":1.21969229218e-15,"mean":-1.73572871631e-8,"median":-1.48809586875e-8,"min":-9.86722810126e-8,"var":1.21005154846e-16},"spectral_energy":{"dmean":0.0296939536929,"dmean2":0.0494609102607,"dvar":0.00136803276837,"dvar2":0.0036273135338,"max":0.377031028271,"mean":0.0702726319432,"median":0.0612858906388,"min":9.78136631479e-21,"var":0.00178828183562},"spectral_energyband_high":{"dmean":0.000130680942675,"dmean2":0.000183295545867,"dvar":5.86994204355e-8,"dvar2":9.84844632512e-8,"max":0.00675563653931,"mean":0.000448465638328,"median":0.000284772948362,"min":7.02450258012e-21,"var":2.7324725238e-7},"spectral_energyband_low":{"dmean":0.0277388375252,"dmean2":0.0468506366014,"dvar":0.00126594572794,"dvar2":0.00341447675601,"max":0.358844012022,"mean":0.0435561127961,"median":0.0321951210499,"min":2.03584126378e-23,"var":0.00152184977196},"spectral_energyband_middle_high":{"dmean":0.00178901676554,"dmean2":0.0027955181431,"dvar":0.0000044990083552,"dvar2":0.0000102652202258,"max":0.0637592747808,"mean":0.00692720944062,"median":0.00660246424377,"min":1.06635738251e-21,"var":0.0000283892259176},"spectral_energyband_middle_low":{"dmean":0.00655906368047,"dmean2":0.0105179166421,"dvar":0.0000511345278937,"dvar2":0.000127050865558,"max":0.121494270861,"mean":0.0184297412634,"median":0.0159895867109,"min":1.33482611036e-22,"var":0.000196992783458},"spectral_entropy":{"dmean":0.209888488054,"dmean2":0.328737348318,"dvar":0.0501547642052,"dvar2":0.125902369618,"max":9.8221654892,"mean":7.27740716934,"median":7.34184789658,"min":5.18170690536,"var":0.179553687572},"spectral_flux":{"dmean":0.0442565530539,"dmean2":0.0725998282433,"dvar":0.00223786849529,"dvar2":0.0050638508983,"max":0.520502746105,"mean":0.142249464989,"median":0.13037955761,"min":6.40287614595e-11,"var":0.00409177364781},"spectral_kurtosis":{"dmean":6.80808115005,"dmean2":11.0086183548,"dvar":88.0896530151,"dvar2":231.079681396,"max":162.095977783,"mean":20.5857105255,"median":16.8563480377,"min":-1.26076972485,"var":171.548278809},"spectral_rms":{"dmean":0.00165943731554,"dmean2":0.00271456339397,"dvar":0.00000290801199299,"dvar2":0.00000751713696445,"max":0.0191790293902,"mean":0.00793766230345,"median":0.00773247145116,"min":3.08914178959e-12,"var":0.00000555208589503},"spectral_rolloff":{"dmean":416.410430908,"dmean2":737.809020996,"dvar":2425244.25,"dvar2":6660654.5,"max":22006.9335938,"mean":916.001708984,"median":516.796875,"min":21.533203125,"var":4545279},"spectral_skewness":{"dmean":0.427195131779,"dmean2":0.681200265884,"dvar":0.279033750296,"dvar2":0.724450647831,"max":9.39281272888,"mean":3.10555577278,"median":2.86364793777,"min":-0.114521406591,"var":0.782812774181},"spectral_spread":{"dmean":595024.0625,"dmean2":941522.25,"dvar":492070699008,"dvar2":1067301011460,"max":42528256,"mean":3515793.5,"median":3411511,"min":717927.8125,"var":4937646866430},"spectral_strongpeak":{"dmean":0.410912036896,"dmean2":0.706921517849,"dvar":0.429396897554,"dvar2":1.13523650169,"max":12.547088623,"mean":0.662228405476,"median":0.411655008793,"min":0,"var":0.706191062927},"zerocrossingrate":{"dmean":0.0172537565231,"dmean2":0.0229758433998,"dvar":0.000271403579973,"dvar2":0.000462241179775,"max":0.52294921875,"mean":0.088404007256,"median":0.08203125,"min":0.001953125,"var":0.00278385845013}},"metadata":{"audio_properties":{"analysis_sample_rate":44100,"bit_rate":320000,"codec":"mp3","downmix":"mix","equal_loudness":0,"length":268.721618652,"lossless":false,"md5_encoded":"b18b0b371c04964346ca4e97cbcef463","replay_gain":-0.138355255127},"tags":{"album":["Wolfmother"],"albumartist":["Wolfmother"],"albumartistsort":["Wolfmother"],"artist":["Wolfmother"],"artistsort":["Wolfmother"],"date":["2006-05-02"],"discnumber":["1/1"],"file_name":"09 - Pyramid.mp3","mp3gain_album_minmax":["104,175"],"mp3gain_minmax":["104,173"],"mp3gain_undo":["+007,+007,N"],"musicbrainz album release country":["US"],"musicbrainz album type":["album"],"musicbrainz_albumartistid":["f0c8f75f-8736-4b1d-b312-9349fcff321d"],"musicbrainz_albumid":["192aaa67-e116-4552-b147-2aac4238941d"],"musicbrainz_artistid":["f0c8f75f-8736-4b1d-b312-9349fcff321d"],"musicbrainz_recordingid":["9b258802-2374-43d3-bc0c-b55b6c03381c"],"musicbrainz_releasegroupid":["bad80049-06eb-35f0-a109-f640ebd0a550"],"title":["Pyramid"],"tracknumber":["9/13"]},"version":{"essentia":"2.1-beta1","essentia_build_sha":"0a826ad6289770054bb7564d59068f1232327ff9","essentia_git_sha":"v2.1_beta1-5-gf9dded9","extractor":"music 1.0"}},"rhythm":{"beats_count":670,"beats_loudness":{"dmean":0.0326330699027,"dmean2":0.0566604696214,"dvar":0.000771294464357,"dvar2":0.00223209010437,"max":0.262434214354,"mean":0.073343962431,"median":0.068312689662,"min":0,"var":0.00114980817307},"beats_loudness_band_ratio":{"dmean":[0.174733787775,0.117498129606,0.0475794002414,0.049747582525,0.0218522455543,0.0218838453293],"dmean2":[0.308549493551,0.210883140564,0.0845640525222,0.0865486189723,0.0390387102962,0.0393759347498],"dvar":[0.0244232863188,0.0145520539954,0.00423254957423,0.00293837650679,0.000694290909451,0.000739296723623],"dvar2":[0.0734161660075,0.0423764921725,0.0124389892444,0.00817383266985,0.00210109632462,0.00218324852176],"max":[0.986281096935,0.813576281071,0.514670848846,0.441752046347,0.204003721476,0.217304006219],"mean":[0.674263894558,0.158067286015,0.0617743097246,0.07