{"lowlevel":{"average_loudness":0.888690412045,"barkbands":{"dmean":[0.000787328346632,0.00744973495603,0.00646738195792,0.00200950424187,0.00167381961364,0.00119291804731,0.000850242329761,0.000455917150248,0.000563332927413,0.00045973827946,0.000193298823433,0.000207218894502,0.00027736480115,0.000350248941686,0.000224401213927,0.000293561199214,0.000238173422986,0.000195210930542,0.000187143741641,0.000170742947375,0.000116345530841,0.000102537786006,0.0000512496553711,0.0000521357360412,0.0000279003197647,0.0000123362988234,5.64593278796e-7],"dmean2":[0.0011662854813,0.0124493651092,0.0107435649261,0.00344191794284,0.00274869729765,0.00198742561042,0.0013428220991,0.00068830588134,0.000882888620254,0.000726248312276,0.000312038202537,0.00033292392618,0.000448028353276,0.000564087822568,0.000361355138011,0.000478485657368,0.000391046429286,0.000313388358336,0.000298724451568,0.000258132087765,0.000178619622602,0.000158513619681,0.0000756627778173,0.0000755263245082,0.0000391976536775,0.0000176258163265,8.23296829822e-7],"dvar":[0.00000379207767764,0.000128845640575,0.000098467200587,0.00000927870860323,0.00000649485400572,0.00000387955469705,0.00000261812897406,9.58886175795e-7,0.00000146615639096,0.00000117056640647,1.27932750615e-7,1.92073187577e-7,2.82298032062e-7,4.47413356142e-7,1.52567622536e-7,1.71016964146e-7,1.21492021776e-7,1.1245678877e-7,1.01061722546e-7,1.69300591324e-7,6.22304625608e-8,4.87707758623e-8,1.46987826355e-8,4.07583797823e-8,7.99068633484e-9,1.21203391767e-9,2.87718590272e-12],"dvar2":[0.00000785804604675,0.000340852537192,0.000251195568126,0.0000260710021394,0.0000178012469405,0.0000105996441562,0.0000060529196162,0.00000233641389968,0.00000330933971782,0.00000275339925793,3.22253669083e-7,4.35851205793e-7,7.35391438411e-7,0.00000109411769245,3.73465269377e-7,4.32520579352e-7,3.04906478732e-7,2.7436055916e-7,2.53318717114e-7,3.29532326759e-7,1.38074867095e-7,1.14528788231e-7,3.00231626227e-8,7.63707461715e-8,1.42203591125e-8,2.7535453917e-9,7.05557487435e-12],"max":[0.0442299172282,0.208211913705,0.132453650236,0.0459132939577,0.0475328043103,0.0445203334093,0.03260242939,0.0238297861069,0.0313833840191,0.0272610317916,0.0142563506961,0.0272929854691,0.01845767349,0.0252815373242,0.0139030497521,0.00960674416274,0.00929042045027,0.00947643723339,0.00994255021214,0.0192140303552,0.00776569824666,0.00818332936615,0.00482401484624,0.00931006204337,0.00514523684978,0.000736638961826,0.0000457522655779],"mean":[0.000855546328239,0.0110964262858,0.0106123518199,0.00298509723507,0.00368510303088,0.00211803172715,0.0016739082057,0.000974237453192,0.00102745031472,0.000797301298007,0.000342956220265,0.000381351535907,0.000550636264961,0.000666689360514,0.000438742077677,0.000581706466619,0.000514626386575,0.000432681234088,0.000388632237446,0.000354886840796,0.000205384698347,0.000179236711119,0.000102262318251,0.00010908835975,0.0000635877877357,0.0000239316395891,9.9324176972e-7],"median":[0.00014820213255,0.00786338374019,0.00556250615045,0.00155219458975,0.00223339674994,0.000991476466879,0.000682180630974,0.000401016965043,0.000398245028919,0.000259953259956,0.000181449489901,0.000219860550715,0.000326919078361,0.000304349552607,0.000285528658424,0.000406769046094,0.000378786236979,0.00026588109904,0.000264743721345,0.000143691067933,0.0000872946475283,0.0000765406803112,0.000041954608605,0.0000375600211555,0.0000194046733668,0.00000707301705916,3.51854993141e-7],"min":[8.813846653e-24,1.57736461422e-23,5.57186088874e-23,2.89610717601e-23,4.40675813903e-23,2.77262299199e-23,3.95479826941e-23,1.61600885893e-23,1.09276041817e-22,1.46138312849e-23,2.73248511804e-23,8.93169773908e-23,1.12852964353e-22,7.31671013947e-23,1.14004209026e-22,1.21265478021e-22,1.04867382208e-22,3.36198002765e-22,3.25597908387e-22,2.52030154005e-22,4.95987673486e-22,5.20870997009e-22,6.13110218115e-22,6.86381890912e-22,1.47397415634e-21,1.71107439196e-21,2.3081630849e-21],"var":[0.00000468928374175,0.000163351200172,0.000193905216292,0.0000158432394528,0.0000188557496585,0.00000980848835752,0.00000724552546671,0.00000261619061348,0.00000406986418966,0.00000281911002276,3.22037010392e-7,5.5590322745e-7,6.62284151076e-7,0.00000117922184018,3.36791202926e-7,4.38353396248e-7,3.22428377331e-7,3.30461773501e-7,2.60335440316e-7,6.56242548303e-7,1.29108784108e-7,9.09850896846e-8,4.02417157375e-8,1.09511773871e-7,2.87789845288e-8,2.53441467812e-9,4.34117238685e-12]},"barkbands_crest":{"dmean":2.55714559555,"dmean2":4.22367954254,"dvar":4.86428546906,"dvar2":12.9711675644,"max":25.8709754944,"mean":10.3504524231,"median":9.74565696716,"min":2.78309774399,"var":14.4423055649},"barkbands_flatness_db":{"dmean":0.0216562729329,"dmean2":0.0341987870634,"dvar":0.000405228201998,"dvar2":0.00096149352612,"max":0.336916476488,"mean":0.137165650725,"median":0.131790876389,"min":0.0225971955806,"var":0.00205756467767},"barkbands_kurtosis":{"dmean":2.93629288673,"dmean2":4.70553541183,"dvar":19.7779750824,"dvar2":47.0060768127,"max":122.074928284,"mean":4.57436466217,"median":2.59632062912,"min":-1.86613643169,"var":47.6226539612},"barkbands_skewness":{"dmean":0.543618142605,"dmean2":0.864691376686,"dvar":0.270703852177,"dvar2":0.666989326477,"max":9.06116580963,"mean":1.86394441128,"median":1.73945701122,"min":-1.99775457382,"var":1.17392230034},"barkbands_spread":{"dmean":4.99574756622,"dmean2":7.85637140274,"dvar":29.9575614929,"dvar2":68.1484527588,"max":133.406051636,"mean":20.9689502716,"median":18.8368835449,"min":1.07914412022,"var":143.459884644},"dissonance":{"dmean":0.0138948736712,"dmean2":0.0233955066651,"dvar":0.000178634334588,"dvar2":0.000490535632707,"max":0.500000059605,"mean":0.470085322857,"median":0.474828362465,"min":0.243665859103,"var":0.000417725736042},"dynamic_complexity":3.93462705612,"erbbands":{"dmean":[0.225548878312,1.7716127634,6.94762563705,6.60135555267,5.54318094254,5.62667751312,8.45310783386,9.08430671692,12.3451986313,9.74387073517,10.4105596542,12.801779747,12.0213661194,10.3410739899,6.57067728043,7.76521444321,12.6929655075,13.1540355682,14.7695569992,11.5975933075,17.6785850525,12.4481487274,10.443195343,9.59568595886,8.03959941864,7.87658882141,5.04753112793,4.52867650986,4.02820444107,2.25943112373,1.34381461143,1.45674407482,0.656095027924,0.337220847607,0.205622524023,0.0891671180725,0.0162114575505,0.00130950135645,0.000104217564513,0.0000192426832655],"dmean2":[0.370251178741,2.99325871468,11.4771213531,11.2329149246,9.37155151367,9.30956459045,13.9222049713,14.8385906219,19.7370815277,15.1163854599,15.9032125473,20.1334400177,18.6267871857,16.4854316711,10.5368051529,12.3302116394,20.4244098663,21.2019443512,23.5328655243,18.938457489,29.0006008148,20.3426456451,16.6978034973,15.3762197495,12.4262313843,11.9046621323,7.78543901443,6.98968744278,6.29073572159,3.40254974365,1.95685565472,2.11227846146,0.963727831841,0.480111092329,0.293444901705,0.129155725241,0.0225029848516,0.00177293363959,0.000148216000525,0.0000301516956824],"dvar":[0.223093390465,5.76480436325,105.254463196,98.8744812012,86.627571106,78.918762207,177.325881958,259.606689453,637.99407959,404.357147217,450.1300354,788.819580078,858.218017578,514.305969238,128.332702637,358.017150879,607.157043457,602.29498291,888.170715332,302.67401123,611.409362793,346.130523682,347.535491943,165.421737671,319.746765137,368.704437256,115.620254517,102.743743896,76.4701156616,22.4507732391,10.9118452072,26.8240013123,9.07982444763,1.24583482742,0.399895042181,0.0722426176071,0.00151540501975,0.00000950112007558,8.33358058117e-8,7.47348405383e-10],"dvar2":[0.572302341461,15.7798242569,264.255767822,270.980651855,238.858078003,218.976028442,481.249572754,648.291809082,1498.36376953,956.028930664,1074.23364258,1788.08532715,1880.60986328,1191.09082031,311.085540771,752.622131348,1554.45861816,1465.40856934,2082.6418457,754.08013916,1613.04882812,853.644470215,833.476257324,409.275665283,743.045593262,742.155395508,260.983459473,230.360412598,184.796234131,49.3312034607,21.5589561462,52.0268783569,17.0832901001,2.21899700165,0.743746936321,0.165059819818,0.00307529908605,0.0000180362130777,2.00332024747e-7,1.83754389482e-9],"max":[9.15661525726,33.6927871704,145.039642334,146.616699219,175.888092041,187.151687622,345.478607178,442.611114502,585.370056152,557.61315918,653.456970215,820.858459473,857.169494629,763.599487305,316.807830811,1379.89868164,1025.83850098,879.533447266,1580.93762207,425.121124268,391.210021973,482.747955322,600.168151855,249.625473022,691.982971191,645.628051758,309.520355225,491.715789795,301.435394287,129.300598145,135.521255493,187.13192749,198.376068115,69.8323516846,29.62657547,7.04035139084,1.04905557632,0.0817948281765,0.00898500904441,0.000729959341697],"mean":[0.301150500774,2.66373848915,11.3338327408,11.4092531204,9.83177280426,11.8162250519,18.0611381531,16.7759666443,22.4689083099,22.6902351379,23.2939872742,23.5573043823,22.1081352234,19.7337608337,13.2947654724,16.3086795807,26.9821147919,27.5423469543,29.5040473938,25.1018753052,35.7814064026,28.8703269958,24.9248104095,22.5666007996,18.0119762421,16.5538806915,9.60702419281,7.71204185486,6.78935289383,4.27014827728,2.74509263039,2.97479772568,1.34237384796,0.733811438084,0.442583143711,0.169980674982,0.032838139683,0.00272349268198,0.000212730097701,0.0000578936342208],"median":[0.156292811036,1.96239316463,6.17068052292,8.02789783478,6.30585336685,6.92153644562,8.34270191193,8.14169406891,9.06627941132,10.0377397537,11.5395383835,9.77777957916,7.68414449692,9.64673995972,8.06640052795,10.1935930252,16.8045825958,14.2114515305,16.0141906738,18.0386600494,24.5992622375,21.2819728851,16.520067215,16.7024669647,10.1634263992,6.97264051437,4.30771160126,3.3028512001,2.83575201035,1.78358650208,1.14481651783,1.00515389442,0.440412402153,0.223104327917,0.125936597586,0.0480759069324,0.00983848329633,0.000892700161785,0.0000965934159467,0.0000547540512343],"min":[3.36750154911e-22,4.77631574419e-21,4.69802883454e-20,1.0275658268e-19,8.48616610386e-20,1.42494862758e-19,2.80516306913e-19,2.06071964638e-19,4.06000639813e-19,7.12847242997e-19,8.6353370121e-19,2.57079111024e-18,5.04650484009e-19,8.92436167294e-19,1.6269188879e-18,4.10588012884e-18,5.78733565491e-18,4.27118803836e-18,4.83353271573e-18,7.0721948868e-18,4.85369152085e-18,6.17072931934e-18,1.63281101948e-17,1.53552647307e-17,2.02477055274e-17,1.0691445902e-17,1.74860737169e-17,2.10078795472e-17,1.80255989627e-17,1.69624766609e-17,1.86998719303e-17,1.59980138452e-17,1.02135613283e-17,1.61370744867e-17,9.6993023143e-18,7.08367367216e-18,3.10754426702e-18,1.33824443465e-18,2.96677710022e-19,3.48442498272e-20],"var":[0.236140996218,7.83685302734,211.690200806,165.600479126,140.560424805,205.272293091,685.260314941,669.776794434,1687.41931152,1313.20141602,1261.94934082,2100.98510742,2171.95727539,1275.00878906,336.122833252,1089.01184082,1461.95593262,1888.84729004,2097.48242188,819.06036377,1544.50695801,981.529541016,997.140808105,565.392883301,1221.72241211,1256.13195801,264.080383301,188.290298462,132.116699219,52.8464927673,30.8410015106,71.8575592041,20.8415241241,4.23015737534,1.35436832905,0.153041601181,0.00412524491549,0.0000266491188086,1.44554206827e-7,1.80706505315e-9]},"erbbands_crest":{"dmean":2.08530974388,"dmean2":3.36908364296,"dvar":3.82268476486,"dvar2":9.48447132111,"max":29.6357860565,"mean":7.63869047165,"median":6.6571803093,"min":2.26375555992,"var":13.7148504257},"erbbands_flatness_db":{"dmean":0.0121608991176,"dmean2":0.0181829910725,"dvar":0.000134310917929,"dvar2":0.00028444925556,"max":0.381254017353,"mean":0.150576174259,"median":0.136462554336,"min":0.0446843095124,"var":0.00255199451931},"erbbands_kurtosis":{"dmean":0.482797533274,"dmean2":0.770532429218,"dvar":0.53509503603,"dvar2":1.0995361805,"max":36.7886047363,"mean":-0.322884351015,"median":-0.634018182755,"min":-1.69948923588,"var":2.32069540024},"erbbands_skewness":{"dmean":0.271878868341,"dmean2":0.424774497747,"dvar":0.0559179224074,"dvar2":0.133576899767,"max":5.55397319794,"mean":0.0357931852341,"median":-0.00742109958082,"min":-2.12621974945,"var":0.36089193821},"erbbands_spread":{"dmean":6.69357824326,"dmean2":10.6256847382,"dvar":39.8933982849,"dvar2":97.942779541,"max":129.287536621,"mean":43.7668380737,"median":43.9810791016,"min":3.34130263329,"var":250.242675781},"gfcc":{"cov":[[18256.6875,462.359069824,2325.92871094,2684.84643555,714.458679199,1406.84655762,-191.197174072,773.865966797,-122.424705505,-117.469078064,-317.897003174,24.1711788177,-157.015777588],[462.359069824,982.392089844,-66.0606994629,196.009460449,373.338592529,-90.8342895508,173.272491455,-42.852191925,105.66557312,-137.712921143,95.3310012817,-74.1392364502,14.5423259735],[2325.92871094,-66.0606994629,1061.50256348,605.685241699,237.211196899,403.139160156,-21.0549545288,237.539718628,26.3321971893,-12.7535028458,-83.1996841431,45.785774231,-2.10747098923],[2684.84643555,196.009460449,605.685241699,753.510803223,335.231231689,310.135864258,54.2889633179,130.895828247,44.1667480469,-73.7471618652,-20.6322193146,-11.4358701706,-4.19878959656],[714.458679199,373.338592529,237.211196899,335.231231689,409.145843506,118.246574402,115.570411682,65.095916748,54.2963943481,-77.9005050659,11.0899515152,-20.4136734009,-1.5614156723],[1406.84655762,-90.8342895508,403.139160156,310.135864258,118.246574402,285.042144775,14.0019817352,113.926345825,-1.1847038269,-12.8199272156,-50.4580688477,8.66967773438,-10.8455228806],[-191.197174072,173.272491455,-21.0549545288,54.2889633179,115.570411682,14.0019817352,168.697692871,24.0626792908,48.8671760559,-24.0255641937,14.3248748779,-19.7115383148,8.2205915451],[773.865966797,-42.852191925,237.539718628,130.895828247,65.095916748,113.926345825,24.0626792908,160.011276245,34.2866783142,3.45868253708,-37.352142334,6.27846717834,2.01298499107],[-122.424705505,105.66557312,26.3321971893,44.1667480469,54.2963943481,-1.1847038269,48.8671760559,34.2866783142,105.589805603,5.30034542084,14.4506673813,-7.54366731644,11.8732919693],[-117.469078064,-137.712921143,-12.7535028458,-73.7471618652,-77.9005050659,-12.8199272156,-24.0255641937,3.45868253708,5.30034542084,93.4894943237,7.81543016434,22.5912628174,-5.99852228165],[-317.897003174,95.3310012817,-83.1996841431,-20.6322193146,11.0899515152,-50.4580688477,14.3248748779,-37.352142334,14.4506673813,7.81543016434,94.6812820435,11.8736066818,3.62909150124],[24.1711788177,-74.1392364502,45.785774231,-11.4358701706,-20.4136734009,8.66967773438,-19.7115383148,6.27846717834,-7.54366731644,22.5912628174,11.8736066818,74.8985443115,25.2737064362],[-157.015777588,14.5423259735,-2.10747098923,-4.19878959656,-1.5614156723,-10.8455228806,8.2205915451,2.01298499107,11.8732919693,-5.99852228165,3.62909150124,25.2737064362,77.4600372314]],"icov":[[0.000334347307216,-0.000864982430357,0.000503092189319,-0.00139677757397,0.000911684008315,-0.000827524403576,0.000762421288528,-0.00132614688482,0.00110428547487,-0.000903978478163,0.000927659624722,-0.000798518070951,0.00061197479954],[-0.000864982430357,0.00512451305985,-0.00159349327441,0.00344541156664,-0.00439542112872,0.0039626522921,-0.00274527980946,0.00418536784127,-0.00414380896837,0.00456202449277,-0.00414648419246,0.00363604142331,-0.0019268700853],[0.000503092189319,-0.00159349327441,0.00384842557833,-0.00341212493367,0.00123203929979,-0.00332466303371,0.00244013080373,-0.0039299079217,0.00157893355936,-0.00206169346347,0.00234457687475,-0.00287171988748,0.00106666318607],[-0.00139677757397,0.00344541156664,-0.00341212493367,0.0100318454206,-0.00544947106391,0.000848561816383,-0.00268733059056,0.00627119280398,-0.00530403945595,0.00488329865038,-0.00503833033144,0.00443826103583,-0.00291693210602],[0.000911684008315,-0.00439542112872,0.00123203929979,-0.00544947106391,0.0092746373266,-0.00314939836971,0.0000966693260125,-0.0043638763018,0.00310828117654,-0.00134877348319,0.00286480085924,-0.00359862018377,0.00271954201162],[-0.000827524403576,0.0039626522921,-0.00332466303371,0.000848561816383,-0.00314939836971,0.013353493996,-0.00372106884606,0.00147334276699,-0.00118670018855,0.00278900563717,-0.00118664628826,0.00227126874961,-0.000590621551964],[0.000762421288528,-0.00274527980946,0.00244013080373,-0.00268733059056,0.0000966693260125,-0.00372106884606,0.0110286138952,-0.00445523578674,0.00016844162019,-0.00222363183275,0.00171131361276,-0.000853861507494,0.000408284860896],[-0.00132614688482,0.00418536784127,-0.0039299079217,0.00627119280398,-0.0043638763018,0.00147334276699,-0.00445523578674,0.0171233322471,-0.0080609805882,0.00331868999638,-0.00137890200131,0.00324475904927,-0.00259625515901],[0.00110428547487,-0.00414380896837,0.00157893355936,-0.00530403945595,0.00310828117654,-0.00118670018855,0.00016844162019,-0.0080609805882,0.0176891870797,-0.0068669389002,0.00189834437333,-0.000918511068448,-0.000172510975972],[-0.000903978478163,0.00456202449277,-0.00206169346347,0.00488329865038,-0.00134877348319,0.00278900563717,-0.00222363183275,0.00331868999638,-0.0068669389002,0.0195433665067,-0.00559146469459,-0.00082127348287,0.00112873723265],[0.000927659624722,-0.00414648419246,0.00234457687475,-0.00503833033144,0.00286480085924,-0.00118664628826,0.00171131361276,-0.00137890200131,0.00189834437333,-0.00559146469459,0.0179909430444,-0.00708918273449,0.00294155580923],[-0.000798518070951,0.00363604142331,-0.00287171988748,0.00443826103583,-0.00359862018377,0.00227126874961,-0.000853861507494,0.00324475904927,-0.000918511068448,-0.00082127348287,-0.00708918273449,0.0221133660525,-0.00869288947433],[0.00061197479954,-0.0019268700853,0.00106666318607,-0.00291693210602,0.00271954201162,-0.000590621551964,0.000408284860896,-0.00259625515901,-0.000172510975972,0.00112873723265,0.00294155580923,-0.00869288947433,0.0171916671097]],"mean":[-7.0531539917,100.093261719,-124.631507874,38.8627967834,-49.1829414368,9.66725349426,-36.7383880615,8.71298980713,-19.2003211975,4.21520471573,-14.5888586044,-1.62897908688,-11.8120756149]},"hfc":{"dmean":5.08486318588,"dmean2":7.40400886536,"dvar":51.1584281921,"dvar2":104.377159119,"max":143.575668335,"mean":21.3267211914,"median":18.8170528412,"min":1.17975370933e-16,"var":275.330780029},"melbands":{"dmean":[0.00197687093168,0.00307353702374,0.00107134704012,0.000389652966987,0.000275725411484,0.000215200445382,0.00017613642558,0.000104344588181,0.0000924154446693,0.0000760175535106,0.0000637249322608,0.0000480777052871,0.0000264786067419,0.0000192564202735,0.0000305712055706,0.0000256023977272,0.0000268085332209,0.0000293099892588,0.000014700718566,0.0000166302270372,0.000022211965188,0.0000142046856126,0.0000125381557154,0.0000103712209238,0.00000835517221276,0.00000715756686986,0.00000634855678072,0.00000531203795617,0.00000347295599568,0.00000314865519613,0.00000252665358857,0.0000025562785595,0.00000180181325504,0.00000109506015633,7.34798334179e-7,0.00000106533354938,8.74322097388e-7,5.11004259351e-7,3.56663321099e-7,2.84482752022e-7],"dmean2":[0.00325846672058,0.00510243838653,0.00181378284469,0.000651047041174,0.000450497755082,0.00035289968946,0.000280607375316,0.000160413372214,0.000143097655382,0.000119210351841,0.0000991033375612,0.0000765217773733,0.0000426353144576,0.0000309577881126,0.0000495444219268,0.0000415260437876,0.0000432858760178,0.0000469051738037,0.0000238065040321,0.0000270124783128,0.0000367118263966,0.0000233968839893,0.0000203377549042,0.0000167868911376,0.0000135294758365,0.0000114288623081,0.00000961595924309,0.00000815047133074,0.00000543687474419,0.00000489196145281,0.0000039534879761,0.00000408157438869,0.00000279015876004,0.00000164905770816,0.00000109513189273,0.00000160356330525,0.00000128526914978,7.64368962791e-7,5.19648267527e-7,4.17345376036e-7],"dvar":[0.000012168477042,0.0000178785394382,0.00000242062446887,3.97062365209e-7,1.72322600633e-7,1.2963752738e-7,1.21100384831e-7,4.26429913603e-8,3.26063194223e-8,3.02797857898e-8,2.38509763051e-8,1.18568115326e-8,2.29204144553e-9,1.8629799925e-9,3.53237750161e-9,2.73020184238e-9,2.61742183483e-9,3.88473786472e-9,6.37240649137e-10,7.05031977244e-10,9.84747172694e-10,4.50825710097e-10,4.82597184437e-10,3.55973750477e-10,1.23358545601e-10,1.74870312675e-10,3.38152478241e-10,1.74103231831e-10,5.5219179923e-11,4.61495806847e-11,3.9483499803e-11,3.42316730517e-11,1.47208564782e-11,5.48876612563e-12,3.09510815415e-12,1.08714105426e-11,1.21439204179e-11,5.4269757091e-12,2.36270356578e-12,8.60095740289e-13],"dvar2":[0.0000312769479933,0.0000457936803286,0.00000662167894916,0.00000109018014882,4.61079764591e-7,3.32472495757e-7,2.83928500266e-7,1.02999493379e-7,7.66533077012e-8,6.73548186114e-8,5.29467598653e-8,2.77024732043e-8,5.68431524073e-9,4.32858504595e-9,8.34314040077e-9,7.19070358812e-9,6.32652197297e-9,9.20872267329e-9,1.5828732769e-9,1.64792934854e-9,2.61620747288e-9,1.13962628223e-9,1.17763021557e-9,8.84948558877e-10,3.09482439675e-10,4.31542551693e-10,6.37922492608e-10,3.57550045127e-10,1.27965249508e-10,1.06159664393e-10,9.13368963795e-11,8.43928329997e-11,3.50714561559e-11,1.1683809302e-11,6.41325447609e-12,2.29024976067e-11,2.51079400326e-11,1.06575312811e-11,4.5062989798e-12,1.62984740721e-12],"max":[0.0687021687627,0.0568945258856,0.020863590762,0.0110064325854,0.0123757757246,0.00924974866211,0.00772999273613,0.00526813045144,0.00562736205757,0.00448185298592,0.00447880337015,0.00329868937843,0.0017479986418,0.00285461661406,0.002624273533,0.00194124609698,0.00192721083295,0.00320058059879,0.000746563018765,0.000987160601653,0.00047426961828,0.000646405562293,0.000763827119954,0.000649806461297,0.000208759476664,0.000467245117761,0.00113220047206,0.000393855851144,0.00019644171698,0.000221927053644,0.000394421454985,0.000234554128838,0.000118060466775,0.0000649253488518,0.0000671121451887,0.000159076749696,0.000140971998917,0.000153456567205,0.000102616693766,0.0000602475010965],"mean":[0.00291221635416,0.00515043688938,0.00199053855613,0.000777338573243,0.000629738380667,0.000400062213885,0.00032710537198,0.00024290944566,0.000197629895411,0.000136386253871,0.000113181304187,0.0000880594234332,0.0000489718913741,0.0000352708266291,0.0000603132320975,0.0000524758688698,0.0000521304100403,0.0000535898434464,0.0000290714178846,0.0000349610745616,0.0000420963442593,0.0000295297413686,0.0000256049370364,0.0000213978073589,0.0000178765494638,0.0000144411278598,0.0000130674607135,0.0000102827716546,0.00000610667257206,0.00000521590936842,0.00000405088576372,0.00000404273441745,0.00000312594465868,0.00000201622583518,0.0000013856509895,0.00000204452658181,0.00000169146017015,9.61037130764e-7,6.98304972957e-7,5.89458466038e-7],"median":[0.00191674171947,0.00345508917235,0.00148718780838,0.000474550586659,0.000326899811625,0.000195541870198,0.000137256763992,0.000106249266537,0.000095927658549,0.0000525123396073,0.0000350873197021,0.0000391756293538,0.0000274993180938,0.0000188908998098,0.0000392648798879,0.0000289405561489,0.0000248804499279,0.0000254461174336,0.0000186169745575,0.0000258902928181,0.0000273050827673,0.0000209876525332,0.0000170910952875,0.000012591099221,0.0000128816500364,0.00000929654379433,0.00000494888809044,0.00000395040615331,0.00000243459953708,0.00000206084382626,0.00000167565394804,0.00000156353507919,0.00000127820476337,7.75698481448e-7,5.54326618385e-7,6.73489694236e-7,5.26563155745e-7,2.93536885465e-7,1.96961352117e-7,1.60520713166e-7],"min":[3.89796170894e-24,1.88854058016e-23,1.67096059405e-23,8.01293195315e-24,9.16335778795e-24,5.0583421795e-24,6.63526605713e-24,7.05170730672e-24,1.12628566558e-23,1.43784067918e-23,2.03983041505e-24,3.44341611104e-24,4.02172254648e-24,9.80879352541e-24,1.30393516928e-23,1.05946386154e-23,7.1824057815e-24,6.88882882904e-24,7.61512202042e-24,1.07260494316e-23,4.48260664175e-24,4.88571338103e-24,1.04035291725e-23,1.76449930257e-23,1.05051305128e-23,1.71969310755e-23,1.06915351892e-23,6.03400889695e-24,9.63668221969e-24,1.12647972536e-23,1.33235025463e-23,1.08808318298e-23,8.82649051559e-24,9.62006013156e-24,1.12563824743e-23,1.127648975e-23,8.50403809856e-24,6.11160559432e-24,9.09970539037e-24,1.53520283874e-23],"var":[0.0000145535823322,0.0000338818645105,0.0000042751971705,8.30748319913e-7,7.857510127e-7,3.48783800064e-7,3.18093213991e-7,1.36429946451e-7,9.68298792259e-8,8.07484710208e-8,6.02661742732e-8,2.84930123939e-8,5.68499425313e-9,6.29087937298e-9,8.82883632869e-9,6.1595963885e-9,7.74501973666e-9,8.93473917074e-9,1.48010370626e-9,1.90476190376e-9,2.42852404853e-9,1.14804776796e-9,1.10031939116e-9,9.19293419166e-10,3.65335456332e-10,4.78032113893e-10,1.57369806075e-9,4.66313598846e-10,1.1961827362e-10,9.22721204999e-11,6.17981082973e-11,5.38492167523e-11,2.79245047224e-11,1.34432239646e-11,7.49145624007e-12,2.71280619496e-11,2.86410426625e-11,1.12383253745e-11,5.77794236067e-12,2.72421668557e-12]},"melbands_crest":{"dmean":3.47770786285,"dmean2":5.70711278915,"dvar":9.19291305542,"dvar2":23.7242507935,"max":32.9482116699,"mean":15.8084869385,"median":15.0552301407,"min":1.970241189,"var":31.1611499786},"melbands_flatness_db":{"dmean":0.0277148205787,"dmean2":0.0435212813318,"dvar":0.000664910650812,"dvar2":0.00158450636081,"max":0.452240377665,"mean":0.211843848228,"median":0.207235664129,"min":0.00739270960912,"var":0.00308626121841},"melbands_kurtosis":{"dmean":8.17296409607,"dmean2":13.1912117004,"dvar":144.697891235,"dvar2":349.046447754,"max":266.993682861,"mean":16.882818222,"median":11.3393297195,"min":-1.70980250835,"var":375.77645874},"melbands_skewness":{"dmean":0.793447852135,"dmean2":1.27203774452,"dvar":0.602029263973,"dvar2":1.49010694027,"max":12.308848381,"mean":3.244130373,"median":3.02526473999,"min":-1.02635025978,"var":2.82346320152},"melbands_spread":{"dmean":5.80410337448,"dmean2":9.38887500763,"dvar":44.0560493469,"dvar2":108.54574585,"max":170.823760986,"mean":18.9400157928,"median":16.3949317932,"min":0.7526871562,"var":173.155105591},"mfcc":{"cov":[[12586.40625,503.11932373,1438.29748535,1685.7121582,1258.85314941,877.269897461,505.454345703,832.340576172,363.937988281,327.627502441,59.7888336182,10.84141922,-66.5793685913],[503.11932373,883.809020996,-256.531433105,272.43862915,125.091453552,46.5043106079,66.4078674316,92.8870391846,2.19451475143,6.21483659744,44.6798210144,16.2532577515,13.5743951797],[1438.29748535,-256.531433105,735.619995117,225.731750488,290.512115479,167.59286499,73.3853302002,166.360031128,123.669876099,80.9431304932,-23.1555480957,10.4163351059,13.5953426361],[1685.7121582,272.43862915,225.731750488,522.010437012,320.108856201,211.181289673,129.902709961,198.545791626,92.4221420288,49.311832428,25.132610321,22.6608104706,32.0302085876],[1258.85314941,125.091453552,290.512115479,320.108856201,393.539581299,173.281509399,107.824836731,186.668029785,93.5907897949,50.33984375,6.59220170975,8.04571437836,18.8452568054],[877.269897461,46.5043106079,167.59286499,211.181289673,173.281509399,207.546951294,93.5563430786,109.988685608,54.518573761,17.1560192108,16.3412570953,4.86001873016,6.52510643005],[505.454345703,66.4078674316,73.3853302002,129.902709961,107.824836731,93.5563430786,134.635940552,95.9181442261,41.6923217773,24.50847435,8.70788097382,2.96047067642,5.1065864563],[832.340576172,92.8870391846,166.360031128,198.545791626,186.668029785,109.988685608,95.9181442261,196.675506592,88.3036956787,52.7203178406,13.2988548279,-0.857805669308,6.56911277771],[363.937988281,2.19451475143,123.669876099,92.4221420288,93.5907897949,54.518573761,41.6923217773,88.3036956787,148.48815918,50.1627578735,13.0663690567,-4.72179460526,-5.56909227371],[327.627502441,6.21483659744,80.9431304932,49.311832428,50.33984375,17.1560192108,24.50847435,52.7203178406,50.1627578735,99.0485916138,15.3070201874,2.53321743011,-4.34327983856],[59.7888336182,44.6798210144,-23.1555480957,25.132610321,6.59220170975,16.3412570953,8.70788097382,13.2988548279,13.0663690567,15.3070201874,80.1430587769,19.7111434937,3.43507790565],[10.84141922,16.2532577515,10.4163351059,22.6608104706,8.04571437836,4.86001873016,2.96047067642,-0.857805669308,-4.72179460526,2.53321743011,19.7111434937,71.964630127,28.6702194214],[-66.5793685913,13.5743951797,13.5953426361,32.0302085876,18.8452568054,6.52510643005,5.1065864563,6.56911277771,-5.56909227371,-4.34327983856,3.43507790565,28.6702194214,76.4388122559]],"icov":[[0.000177103531314,-0.0000013088781543,-0.000164133831277,-0.00041808624519,-0.00000934970012167,-0.000160398616572,0.00000866708523972,-0.00013414392015,0.000195250584511,-0.0002238201414,-4.21247534632e-8,0.00000627257213637,0.000384979561204],[-0.0000013088781543,0.00204097689129,0.00129337096587,-0.00131328066345,-0.000549537362531,0.000591926742345,-0.0000304912664433,-0.000603141903412,0.000271020981018,-0.0000973554124357,-0.000310572766466,-0.000190336286323,0.00019506564422],[-0.000164133831277,0.00129337096587,0.00325989467092,-0.00007287319022,-0.00154733192176,-0.000673140631989,0.0007742382586,-0.0006221041549,-0.000736095884349,-0.000924439460505,0.00113864836749,-0.000717550166883,-0.000369423214579],[-0.00041808624519,-0.00131328066345,-0.00007287319022,0.00672966847196,-0.00199052435346,-0.00232819211669,-0.000251174991718,-0.000757094472647,-0.000653958530165,0.000317693687975,-0.00000873507269716,-0.000640493060928,-0.00195555342361],[-0.00000934970012167,-0.000549537362531,-0.00154733192176,-0.00199052435346,0.00734997028485,-0.00129951012786,-0.0000716702488717,-0.0026041099336,-0.000145408921526,0.000181981071364,0.000547331874259,0.000196732231416,-0.000372445414541],[-0.000160398616572,0.000591926742345,-0.000673140631989,-0.00232819211669,-0.00129951012786,0.0112716248259,-0.00396725861356,-0.000225786381634,-0.000307778886054,0.00248207501136,-0.00196422846057,0.000490471313242,0.000516031577718],[0.00000866708523972,-0.0000304912664433,0.0007742382586,-0.000251174991718,-0.0000716702488717,-0.00396725861356,0.0133511722088,-0.00452977837995,0.000156482245075,-0.000879683590028,0.000692009460181,-0.000481061695609,-0.0000550632285012],[-0.00013414392015,-0.000603141903412,-0.0006221041549,-0.000757094472647,-0.0026041099336,-0.000225786381634,-0.00452977837995,0.0141291320324,-0.00335451192223,-0.00196149665862,-0.000492717488669,0.00140613294207,-0.000693294510711],[0.000195250584511,0.000271020981018,-0.000736095884349,-0.000653958530165,-0.000145408921526,-0.000307778886054,0.000156482245075,-0.00335451192223,0.0106234094128,-0.00304076983593,-0.00109897577204,0.00083826383343,0.00120302685536],[-0.0002238201414,-0.0000973554124357,-0.000924439460505,0.000317693687975,0.000181981071364,0.00248207501136,-0.000879683590028,-0.00196149665862,-0.00304076983593,0.0141257625073,-0.00237913080491,-0.000393693393562,0.000659897632431],[-4.21247534632e-8,-0.000310572766466,0.00113864836749,-0.00000873507269716,0.000547331874259,-0.00196422846057,0.000692009460181,-0.000492717488669,-0.00109897577204,-0.00237913080491,0.0150378523394,-0.00442204298452,0.000652663584333],[0.00000627257213637,-0.000190336286323,-0.000717550166883,-0.000640493060928,0.000196732231416,0.000490471313242,-0.000481061695609,0.00140613294207,0.00083826383343,-0.000393693393562,-0.00442204298452,0.0179974399507,-0.00625674985349],[0.000384979561204,0.00019506564422,-0.000369423214579,-0.00195555342361,-0.000372445414541,0.000516031577718,-0.0000550632285012,-0.000693294510711,0.00120302685536,0.000659897632431,0.000652663584333,-0.00625674985349,0.0168217755854]],"mean":[-642.347167969,123.99331665,-10.0816011429,30.2437381744,7.69536447525,6.2162733078,-2.43672633171,2.8373696804,-1.00214409828,2.74308228493,2.11827373505,2.35637187958,-1.81620931625]},"pitch_salience":{"dmean":0.0730225518346,"dmean2":0.119755417109,"dvar":0.00403224071488,"dvar2":0.0103961797431,"max":0.882389128208,"mean":0.515289068222,"median":0.523878872395,"min":0.0984526202083,"var":0.0115310912952},"silence_rate_20dB":{"dmean":0,"dmean2":0,"dvar":0,"dvar2":0,"max":1,"mean":1,"median":1,"min":1,"var":0},"silence_rate_30dB":{"dmean":0.0288042705506,"dmean2":0.0576125904918,"dvar":0.0279712174088,"dvar2":0.0689001977444,"max":1,"mean":0.975482940674,"median":1,"min":0,"var":0.0239154454321},"silence_rate_60dB":{"dmean":0.00519881956279,"dmean2":0.0103983702138,"dvar":0.00517476396635,"dvar2":0.0112727051601,"max":1,"mean":0.147242709994,"median":0,"min":0,"var":0.125600963831},"spectral_centroid":{"dmean":235.280319214,"dmean2":365.866882324,"dvar":55725.9570312,"dvar2":118121.4375,"max":10863.8339844,"mean":1330.9753418,"median":1262.02148438,"min":225.454208374,"var":256679.109375},"spectral_complexity":{"dmean":3.90220594406,"dmean2":5.88646125793,"dvar":19.2074565887,"dvar2":38.557510376,"max":59,"mean":22.5246219635,"median":23,"min":0,"var":138.043243408},"spectral_contrast_coeffs":{"dmean":[0.0491023920476,0.0459601655602,0.0371356345713,0.0301823262125,0.0212398115546,0.0176256839186],"dmean2":[0.0821507126093,0.0756187289953,0.0604403652251,0.0491253323853,0.0342529863119,0.0279795583338],"dvar":[0.00155873061158,0.00133229920175,0.000888197799213,0.000569557247218,0.000296767859254,0.000260812987108],"dvar2":[0.00435367878526,0.00356757966802,0.00229721749201,0.00143189646769,0.000732032000087,0.00061579636531],"max":[-0.311440110207,-0.464239358902,-0.513190031052,-0.57716101408,-0.592203438282,-0.580188453197],"mean":[-0.638615071774,-0.714365959167,-0.768199443817,-0.771766424179,-0.777879238129,-0.745215296745],"median":[-0.640288829803,-0.716168642044,-0.775540292263,-0.774586796761,-0.779453992844,-0.743862986565],"min":[-0.960124075413,-0.959803640842,-0.959814012051,-0.954955995083,-0.95851957798,-0.961060881615],"var":[0.0061088684015,0.00475999107584,0.00346332928166,0.00190340506379,0.00151083606761,0.00144261680543]},"spectral_contrast_valleys":{"dmean":[0.376778006554,0.33870318532,0.302233546972,0.269276797771,0.237772330642,0.259208351374],"dmean2":[0.631327271461,0.554422557354,0.48828369379,0.419774323702,0.3472212255,0.354603379965],"dvar":[0.101250782609,0.0836178138852,0.0728106498718,0.0645741373301,0.0635825544596,0.106418527663],"dvar2":[0.258159965277,0.202913954854,0.160660684109,0.130839422345,0.115131989121,0.19836397469],"max":[-4.98220777512,-4.81210756302,-5.73610162735,-5.79507017136,-5.63757896423,-7.61922073364],"mean":[-7.2951374054,-6.80842781067,-7.52577972412,-7.56657314301,-7.50250148773,-10.4557685852],"median":[-6.52962255478,-6.54974460602,-7.25210762024,-7.25190734863,-7.14932775497,-10.0204401016],"min":[-27.1165828705,-27.4862918854,-27.3898906708,-27.4474029541,-27.2265205383,-27.1838645935],"var":[4.24319267273,1.3026740551,1.29934954643,1.40696644783,1.66179859638,2.34103369713]},"spectral_decrease":{"dmean":3.74711639495e-9,"dmean2":6.05870820181e-9,"dvar":2.37350394329e-17,"dvar2":5.85609132102e-17,"max":4.12556793672e-29,"mean":-1.0393765848e-8,"median":-9.8693977435e-9,"min":-7.6549405037e-8,"var":5.71130427357e-17},"spectral_energy":{"dmean":0.0143903670833,"dmean2":0.0232275575399,"dvar":0.000346925400663,"dvar2":0.000853383506183,"max":0.293500721455,"mean":0.0411628521979,"median":0.0394736416638,"min":1.05450026542e-20,"var":0.000863898079842},"spectral_energyband_high":{"dmean":0.000365085026715,"dmean2":0.000519802328199,"dvar":5.26669509782e-7,"dvar2":0.00000102409501324,"max":0.0183226149529,"mean":0.000840245222207,"median":0.000424463913077,"min":7.75713176346e-21,"var":0.00000170385681031},"spectral_energyband_low":{"dmean":0.0128839947283,"dmean2":0.0209844335914,"dvar":0.000313637137879,"dvar2":0.00077922741184,"max":0.262534558773,"mean":0.0242286026478,"median":0.0191510953009,"min":9.38305618114e-23,"var":0.000566799368244},"spectral_energyband_middle_high":{"dmean":0.00134639278986,"dmean2":0.00206241919659,"dvar":0.00000335338813784,"dvar2":0.00000773749525251,"max":0.0424316488206,"mean":0.00524006923661,"median":0.00413341494277,"min":1.46087235053e-21,"var":0.0000212960821955},"spectral_energyband_middle_low":{"dmean":0.00408847816288,"dmean2":0.00671518873423,"dvar":0.0000246576673817,"dvar2":0.0000651314039715,"max":0.070943005383,"mean":0.0126094743609,"median":0.0114140342921,"min":2.67777105094e-22,"var":0.000094330018328},"spectral_entropy":{"dmean":0.132030546665,"dmean2":0.192947641015,"dvar":0.0175785198808,"dvar2":0.0355241671205,"max":9.79843902588,"mean":7.59508180618,"median":7.61066484451,"min":5.69194364548,"var":0.115155883133},"spectral_flux":{"dmean":0.0256493035704,"dmean2":0.0403700619936,"dvar":0.000803772301879,"dvar2":0.00190420309082,"max":0.402384072542,"mean":0.0934203565121,"median":0.09226167202,"min":1.02688864356e-10,"var":0.00279081333429},"spectral_kurtosis":{"dmean":1.41334021091,"dmean2":2.39584851265,"dvar":2.61666083336,"dvar2":7.72635889053,"max":39.6271934509,"mean":4.35044956207,"median":3.82616472244,"min":-1.17475640774,"var":6.74903249741},"spectral_rms":{"dmean":0.000998970936053,"dmean2":0.0016023555072,"dvar":0.00000118884565836,"dvar2":0.00000292249796985,"max":0.0169216487557,"mean":0.0057622436434,"median":0.00620571244508,"min":3.20746120636e-12,"var":0.00000695530388839},"spectral_rolloff":{"dmean":410.528045654,"dmean2":693.323059082,"dvar":404412.8125,"dvar2":935949.5,"max":18949.21875,"mean":1119.26257324,"median":818.26171875,"min":86.1328125,"var":1250340},"spectral_skewness":{"dmean":0.187983378768,"dmean2":0.303274869919,"dvar":0.0322942510247,"dvar2":0.0836548432708,"max":4.99851179123,"mean":1.43752741814,"median":1.4184294939,"min":0.0448105633259,"var":0.132750377059},"spectral_spread":{"dmean":361356.8125,"dmean2":531384.375,"dvar":241646862336,"dvar2":401340825600,"max":40114968,"mean":4180589.75,"median":4128648,"min":1475227.5,"var":1684460666880},"spectral_strongpeak":{"dmean":0.315015226603,"dmean2":0.548654735088,"dvar":0.348725527525,"dvar2":0.94670599699,"max":18.3012237549,"mean":0.560810029507,"median":0.408703267574,"min":0,"var":0.362084358931},"zerocrossingrate":{"dmean":0.00797053799033,"dmean2":0.0097048683092,"dvar":0.0000688770014676,"dvar2":0.0000855648031575,"max":0.501953125,"mean":0.0503214374185,"median":0.046875,"min":0.005859375,"var":0.000771585153416}},"metadata":{"audio_properties":{"analysis_sample_rate":44100,"bit_rate":0,"codec":"flac","downmix":"mix","equal_loudness":0,"length":330.506652832,"lossless":true,"md5_encoded":"dc457b96256effe5c52dcf46062b47f5","replay_gain":-7.95229721069,"sample_rate":44100},"tags":{"album":["Achtung Baby"],"albumartist":["U2"],"albumartistsort":["U2"],"artist":["U2"],"artistsort":["U2"],"asin":["B00000E5ES"],"barcode":["731451049026"],"catalognumber":["314-510 490-2"],"date":["1991"],"discnumber":["1"],"disctotal":["1"],"file_name":"01-10 Ultra Violet (Light My Way).flac","genre":["Rock"],"label":["Island Records"],"media":["CD"],"musicbrainz_albumartistid":["a3cb23fc-acd3-4ce0-8f36-1e5aa6a18432"],"musicbrainz_albumid":["9b746946-202a-39b5-9964-9c578ad1c373"],"musicbrainz_artistid":["a3cb23fc-acd3-4ce0-8f36-1e5aa6a18432"],"musicbrainz_recordingid":["9b540e47-143b-44d8-86c1-fd8b56eac6b8"],"musicbrainz_releasegroupid":["744c7a1b-ac79-35c4-bd92-7e2c6a24c8d8"],"originaldate":["1991-11-18"],"performer":["Adam Clayton (bass guitar)","Bono (guitar)","The Edge (guitar and keyboard)","Bono (vocal)","The Edge (vocal)","Larry Mullen, Jr. (drums and percussion)"],"releasecountry":["US"],"releasestatus":["official"],"releasetype":["album"],"replaygain_album_gain":["-2.26 dB"],"replaygain_album_peak":["0.99966431"],"replaygain_track_gain":["-2.26 dB"],"replaygain_track_peak":["0.99966431"],"script":["Latn"],"title":["Ultra Violet (Light My Way)"],"totaldiscs":["1"],"totaltracks":["12"],"tracknumber":["10"],"tracktotal":["12"]},"version":{"essentia":"2.1-beta1","essentia_build_sha":"ca57ba49d9b1854bd80e60cf9ccf267278fb7d6b","essentia_git_sha":"v2.1_beta1-28-g21ef5f4-dirty","extractor":"music 1.0"}},"rhythm":{"beats_count":605,"beats_loudness":{"dmean":0.0197062641382,"dmean2":0.0354766920209,"dvar":0.000469697144581,"dvar2":0.00147521635517,"max":0.144405514002,"mean":0.0434110946953,"median":0.0430461652577,"min":1.34457089906e-9,"var":0.000809975783341},"beats_loudness_ban