{"lowlevel":{"average_loudness":0.930511415005,"barkbands":{"dmean":[0.000116915514809,0.00387305417098,0.00207915832289,0.00185452657752,0.0023069193121,0.000835740938783,0.000625381420832,0.000721833377611,0.00073851266643,0.000608889735304,0.000298303115414,0.000469657563372,0.000555428676307,0.000571716926061,0.00066539098043,0.000342141051078,0.000420404219767,0.000184260701644,0.000169400067534,0.000125317223137,0.000116569804959,0.000127826453536,0.0000943406193983,0.0000857337436173,0.0000655492476653,0.0000243653612415,0.00000402601381211],"dmean2":[0.000194123073015,0.00652731629089,0.00354686402716,0.00321594928391,0.00403256947175,0.00133533403277,0.000975127564743,0.00108623527922,0.00114661897533,0.000922912266105,0.000482839910546,0.000741257157642,0.000862661690917,0.000920545076951,0.00106806692202,0.000565243302844,0.000693770125508,0.000304230605252,0.000273934041616,0.000202862604056,0.00018462195294,0.000192978026462,0.000138593677548,0.000129113061121,0.0000941307735047,0.0000366723616025,0.00000592928381593],"dvar":[7.40079997286e-8,0.00006324408605,0.0000141345844895,0.0000121170942293,0.0000287012717308,0.00000204275352189,0.0000015613738924,0.00000292990876005,0.00000196315841094,0.00000186786485301,4.00256709554e-7,8.91645129286e-7,0.00000151112851654,0.00000126749864648,0.00000186879901776,5.76979687139e-7,4.24355562245e-7,9.49815088802e-8,1.05383769267e-7,6.01648793008e-8,5.13253759493e-8,1.40298823226e-7,7.74032500317e-8,7.76659234702e-8,5.38524780325e-8,5.018002458e-9,2.39178565842e-10],"dvar2":[1.80334637889e-7,0.000166180558153,0.0000397304793296,0.0000330537513946,0.0000830669450806,0.00000515546344104,0.00000375385980078,0.00000655395706417,0.00000459724651591,0.00000442363307229,0.00000101742023162,0.00000221569894165,0.00000369250892618,0.00000316159434988,0.00000478436868434,0.00000155727991569,0.00000115745808671,2.49800791607e-7,2.3300515295e-7,1.43476881931e-7,1.13165683047e-7,3.03816477754e-7,1.60825990747e-7,1.78904144832e-7,1.09693658601e-7,1.1834576874e-8,5.14254305806e-10],"max":[0.0106462566182,0.0764600858092,0.0485768616199,0.0478642210364,0.0549627952278,0.0355052873492,0.0258806888014,0.0468699857593,0.0321097038686,0.0310301650316,0.0109665356576,0.01982620731,0.0506589598954,0.0292079783976,0.0205788463354,0.0169571340084,0.0160649139434,0.00653075613081,0.0183012839407,0.00853253621608,0.00798350293189,0.0132220154628,0.00835160724819,0.0103261107579,0.0069917216897,0.00221221707761,0.000627309374977],"mean":[0.000135471404064,0.0071221543476,0.00535353226587,0.00239860964939,0.00342144211754,0.00181779137347,0.00122674251907,0.00126092566643,0.00142993673217,0.0011153141968,0.000515802879818,0.000850118871313,0.00100614863914,0.00107511214446,0.00113462808076,0.0006714220508,0.000977210118435,0.000429507897934,0.000415923335822,0.000315815530485,0.000305639172439,0.00030609179521,0.000218312183279,0.000205926698982,0.000146552629303,0.0000491593818879,0.00000694518939781],"median":[0.0000379497359972,0.0053706150502,0.00407854327932,0.00105212116614,0.00203390768729,0.00112423603423,0.000657948083244,0.000447343016276,0.000742142030504,0.000504620955326,0.000237839820329,0.000418533862103,0.00053361634491,0.000583761779126,0.000504672469106,0.000369993038476,0.00067189958645,0.000311832904117,0.000303853623336,0.00023159198463,0.000203920717468,0.000170705985511,0.00010845864017,0.000101144578366,0.0000596218560531,0.0000165643323271,0.00000140171880503],"min":[2.37354263821e-24,4.37306241878e-23,6.975624039e-24,3.91825633901e-24,3.75747765129e-23,1.28552615343e-23,7.09005146874e-23,2.49894158487e-23,5.35745038797e-23,5.22303290734e-23,5.4618072194e-23,6.01699174727e-23,9.27335150386e-23,9.82414617857e-23,1.16551800609e-22,6.94461644117e-23,1.93000828427e-22,2.07159733094e-22,2.89160158118e-22,2.1643624509e-22,3.86375513814e-22,4.46757451855e-22,5.72169321633e-22,7.49210408475e-22,1.35156546109e-21,1.55301160718e-21,2.33970197108e-21],"var":[9.60292751984e-8,0.000068168323196,0.0000271961816907,0.0000132401946757,0.0000257185056398,0.00000522014579474,0.00000314915064337,0.00000656833890389,0.00000488339082949,0.0000040923614506,7.92392086169e-7,0.00000190211312656,0.00000263231186182,0.00000258882801063,0.0000036217033994,0.00000112709960831,0.00000119993956105,2.38129530317e-7,2.89795877961e-7,1.57843601301e-7,1.58313724796e-7,3.2803495742e-7,1.81308763558e-7,1.61007505994e-7,1.38681627959e-7,1.03878194935e-8,5.20748943966e-10]},"barkbands_crest":{"dmean":1.98109066486,"dmean2":3.24737167358,"dvar":4.10094022751,"dvar2":11.0022325516,"max":26.9241580963,"mean":8.54786872864,"median":7.82960700989,"min":2.48434925079,"var":10.6650190353},"barkbands_flatness_db":{"dmean":0.0148181403056,"dmean2":0.0230366885662,"dvar":0.000266490707872,"dvar2":0.000577967730351,"max":0.922421395779,"mean":0.122294440866,"median":0.0967008918524,"min":0.0223304759711,"var":0.00477694300935},"barkbands_kurtosis":{"dmean":3.34885644913,"dmean2":5.4317278862,"dvar":14019.0898438,"dvar2":35299.765625,"max":9835.19238281,"mean":3.12050223351,"median":0.454512387514,"min":-1.83853006363,"var":10537.7734375},"barkbands_skewness":{"dmean":0.401196420193,"dmean2":0.63326716423,"dvar":0.376647025347,"dvar2":0.844247281551,"max":41.5287780762,"mean":1.04000222683,"median":0.983817219734,"min":-2.42321133614,"var":1.31205439568},"barkbands_spread":{"dmean":4.46742248535,"dmean2":6.85271787643,"dvar":33.6952629089,"dvar2":70.1844406128,"max":99.6642913818,"mean":26.7410049438,"median":27.0161075592,"min":0.003021243494,"var":213.59526062},"dissonance":{"dmean":0.0120801804587,"dmean2":0.0205877851695,"dvar":0.000148257720866,"dvar2":0.000414429407101,"max":0.500000059605,"mean":0.477296203375,"median":0.481349468231,"min":0.301817297935,"var":0.000316217978252},"dynamic_complexity":3.11208605766,"erbbands":{"dmean":[0.102938659489,0.939991831779,2.30804848671,4.38168334961,7.06454277039,7.78461647034,8.33423233032,6.21286201477,7.9148182869,9.69869804382,16.6962013245,17.744764328,13.309753418,18.9508342743,14.8525714874,16.6834011078,23.0668315887,26.3250389099,38.5796890259,23.7722759247,17.4641914368,20.7496109009,11.1479215622,7.94143438339,8.72547531128,5.74464941025,5.41566514969,4.10210990906,4.73546695709,3.7852628231,2.63641643524,1.74957621098,1.4532289505,0.902583539486,0.392317831516,0.150352612138,0.0354477502406,0.00658033881336,0.000749902275857,0.0000285281257675],"dmean2":[0.170230180025,1.60180568695,3.93938994408,7.61387443542,12.5302095413,13.5199174881,13.5692996979,9.96524333954,12.2894191742,15.025229454,24.9851284027,27.6242370605,20.5072956085,28.9110221863,23.699388504,26.4763641357,35.1226768494,41.962852478,61.6613349915,38.348400116,28.7547092438,34.0730705261,18.5677719116,12.9111061096,14.1034584045,9.22744083405,8.71055603027,6.43027734756,7.28845882416,5.55227184296,3.94312763214,2.63678359985,2.18298268318,1.3084359169,0.578647196293,0.225040629506,0.0541109070182,0.00974682718515,0.00110455893446,0.0000422108423663],"dvar":[0.0511824153364,3.58113598824,17.4358882904,64.6223068237,276.336364746,273.707855225,244.277740479,121.928665161,222.055465698,530.921142578,1612.40979004,1179.02453613,786.914672852,1849.63354492,829.611816406,1030.93469238,3203.6875,2250.56494141,6680.00830078,2878.30517578,1241.59204102,1104.68713379,307.464508057,356.149749756,231.464782715,125.030166626,105.196968079,79.9710769653,188.515548706,152.921432495,54.3960952759,27.3544464111,26.3053798676,11.8331842422,1.46172106266,0.17581269145,0.0126589210704,0.000638167955913,0.00000896422625374,8.11611311491e-9],"dvar2":[0.1285366714,9.65546894073,48.5720825195,181.478759766,785.02947998,790.03314209,654.254333496,301.088592529,532.58984375,1205.81640625,3603.69580078,2806.81689453,1769.8848877,4406.02587891,2098.15527344,2608.50732422,7496.21386719,5555.80322266,16905.9042969,7569.39501953,3461.26855469,2942.29711914,833.913513184,824.84777832,545.259155273,297.101501465,244.476928711,168.327880859,430.799926758,320.661804199,113.38609314,62.3641395569,60.3203773499,24.6551456451,3.00655412674,0.402780920267,0.0307134892792,0.0014715672005,0.0000202130340767,1.82803798765e-8],"max":[2.31582355499,19.9141311646,49.6931381226,91.2217636108,182.354675293,179.529525757,279.558349609,298.983825684,295.872528076,743.252685547,1369.64196777,986.135375977,696.205993652,1019.81848145,527.597351074,967.305053711,2639.29296875,1041.76733398,1260.99865723,1282.90100098,910.114807129,676.87322998,465.770141602,1381.36462402,454.987243652,378.369750977,328.408630371,389.795471191,488.966522217,354.973205566,226.36114502,201.544433594,176.153961182,105.993766785,33.4702835083,9.82925033569,4.26675033569,1.18347680569,0.13457916677,0.00393257755786],"mean":[0.144406527281,1.83359205723,6.39385032654,7.07812213898,9.03691196442,11.2891702652,16.9720001221,12.6595315933,17.0941295624,18.19972229,31.2838497162,35.5805358887,26.0271892548,36.3476066589,29.4027462006,33.365272522,44.94348526,53.676815033,68.4678497314,45.9611778259,39.8727531433,50.7354431152,28.8572540283,20.6369800568,21.5727596283,15.0948295593,13.8911495209,10.5700473785,11.0731239319,8.51771068573,6.1908826828,4.35899019241,3.23673987389,1.92031884193,0.871080219746,0.314302682877,0.0682219639421,0.0117358537391,0.0013187059667,0.0000787070239312],"median":[0.0767693445086,1.4360678196,5.12409591675,4.60913133621,4.54605531693,6.23772096634,9.85714626312,6.82074546814,9.61804962158,9.10389518738,13.7559528351,19.6390247345,14.8947124481,18.3278980255,16.7472267151,19.5525074005,25.6167869568,31.7586402893,30.8242359161,25.2033424377,24.6731376648,35.0049247742,21.4580726624,15.544549942,15.8338022232,11.3256816864,9.46663475037,7.08144521713,6.40551185608,3.99778199196,3.14574384689,2.28712177277,1.43609058857,0.743974506855,0.363702297211,0.114730961621,0.0209598150104,0.00265285070054,0.000297160935588,0.0000556294726266],"min":[8.45213594193e-22,1.06001596067e-20,1.31069401466e-20,9.33164824903e-21,7.07841068382e-20,1.18828514574e-19,1.63897825065e-19,1.27276768664e-19,7.47295955088e-19,9.26269922299e-19,7.21955328722e-19,1.12146965761e-18,1.19508883553e-18,2.22909603408e-18,2.91047593071e-18,2.72065803926e-18,3.4649522593e-18,5.7352712528e-18,7.19766329647e-18,7.2418769274e-18,3.88312700733e-18,1.2503940072e-17,1.07938516891e-17,1.08341668178e-17,1.38384032573e-17,8.21880121906e-18,1.37859674511e-17,1.67539758614e-17,1.49145759876e-17,1.41367383529e-17,1.87864231465e-17,1.63380231273e-17,1.22038778233e-17,1.14176343793e-17,1.02260840156e-17,5.5067146321e-18,3.0506460282e-18,1.10109919765e-18,3.24130438686e-19,3.52573037586e-20],"var":[0.0548554398119,3.82604908943,35.1721191406,69.7566680908,247.975189209,276.53427124,505.125854492,319.879333496,555.931884766,1057.13928223,3425.06713867,2933.18115234,1738.61572266,4117.24707031,1682.65332031,2082.671875,5507.29003906,4709.75195313,13385.03125,5027.44677734,3090.63037109,3402.59887695,936.62677002,830.966125488,629.808532715,345.996887207,303.49130249,233.488647461,399.909790039,350.455047607,131.2865448,57.6133422852,53.3794898987,28.529335022,3.74549150467,0.389247000217,0.0234620366246,0.00120271323249,0.0000185918088391,1.78362888903e-8]},"erbbands_crest":{"dmean":2.43156290054,"dmean2":3.88030743599,"dvar":6.16198015213,"dvar2":15.0767469406,"max":30.5092334747,"mean":8.85261535645,"median":7.51729774475,"min":2.16181111336,"var":22.3468799591},"erbbands_flatness_db":{"dmean":0.0133544569835,"dmean2":0.0200773440301,"dvar":0.000167798862094,"dvar2":0.000370959052816,"max":0.47918587923,"mean":0.161312773824,"median":0.133839637041,"min":0.0431457608938,"var":0.00785444863141},"erbbands_kurtosis":{"dmean":0.729790270329,"dmean2":1.12004578114,"dvar":4.22945165634,"dvar2":8.47528648376,"max":176.561737061,"mean":0.51162648201,"median":0.0012015713146,"min":-1.64166378975,"var":7.0724196434},"erbbands_skewness":{"dmean":0.264377146959,"dmean2":0.405826568604,"dvar":0.0698841363192,"dvar2":0.14886765182,"max":10.9216814041,"mean":-0.103348642588,"median":-0.109913192689,"min":-2.69079256058,"var":0.420584499836},"erbbands_spread":{"dmean":6.16629981995,"dmean2":9.58183002472,"dvar":42.9679412842,"dvar2":101.457893372,"max":110.568107605,"mean":34.8259353638,"median":34.70495224,"min":1.50550591946,"var":292.709381104},"gfcc":{"cov":[[14746.3769531,-412.276489258,4078.30371094,3392.20263672,-933.30279541,609.510498047,-431.61151123,227.923782349,-507.89666748,-79.6374588013,-519.361755371,-36.5396499634,-256.410247803],[-412.276489258,851.526123047,23.3963356018,78.7689285278,141.552017212,-41.7027778625,5.38660955429,-25.2425193787,47.6527748108,-68.4107284546,54.496887207,-30.3016757965,45.2866249084],[4078.30371094,23.3963356018,2145.11083984,1368.42150879,-297.386779785,260.363586426,-187.264587402,60.0859718323,-209.094085693,-55.2474060059,-176.571472168,29.0665397644,-74.2900619507],[3392.20263672,78.7689285278,1368.42150879,1244.60925293,-249.656723022,179.157577515,-122.370170593,19.1324176788,-122.074836731,-51.9884185791,-117.551750183,-7.28271389008,-31.7989711761],[-933.30279541,141.552017212,-297.386779785,-249.656723022,272.568359375,-6.11894321442,31.7649097443,20.5377845764,58.9392433167,9.06494235992,39.1230506897,5.89337062836,19.6341781616],[609.510498047,-41.7027778625,260.363586426,179.157577515,-6.11894321442,176.150604248,7.59988737106,16.0436000824,-22.3487892151,-7.70065689087,-19.909318924,0.936023950577,-27.9946212769],[-431.61151123,5.38660955429,-187.264587402,-122.370170593,31.7649097443,7.59988737106,111.200187683,9.30880737305,17.2626571655,10.8943195343,21.3972663879,-7.47523260117,3.74307727814],[227.923782349,-25.2425193787,60.0859718323,19.1324176788,20.5377845764,16.0436000824,9.30880737305,95.0583877563,20.1686820984,5.51644182205,-8.85031414032,10.7473068237,-9.5769109726],[-507.89666748,47.6527748108,-209.094085693,-122.074836731,58.9392433167,-22.3487892151,17.2626571655,20.1686820984,95.3968505859,23.6975288391,20.251121521,-9.79129505157,9.80853843689],[-79.6374588013,-68.4107284546,-55.2474060059,-51.9884185791,9.06494235992,-7.70065689087,10.8943195343,5.51644182205,23.6975288391,60.5901794434,15.9994068146,-1.49776077271,-7.7891459465],[-519.361755371,54.496887207,-176.571472168,-117.551750183,39.1230506897,-19.909318924,21.3972663879,-8.85031414032,20.251121521,15.9994068146,72.1252441406,17.6450042725,10.3919343948],[-36.5396499634,-30.3016757965,29.0665397644,-7.28271389008,5.89337062836,0.936023950577,-7.47523260117,10.7473068237,-9.79129505157,-1.49776077271,17.6450042725,55.4892425537,16.6670951843],[-256.410247803,45.2866249084,-74.2900619507,-31.7989711761,19.6341781616,-27.9946212769,3.74307727814,-9.5769109726,9.80853843689,-7.7891459465,10.3919343948,16.6670951843,55.4023246765]],"icov":[[0.000296826707199,-0.000084311584942,0.000158156180987,-0.000675294490065,0.000287687784294,-0.000273361394648,0.000409715430578,-0.000740628805943,0.00086754426593,-0.000752540596295,0.000936395837925,-0.000159856310347,0.00048442100524],[-0.000084311584942,0.00227176724002,-0.000720327720046,-0.000017603932065,-0.00141706038266,0.00111780129373,-0.000578765291721,0.000858330109622,-0.00189318088815,0.00374376960099,-0.00354428309947,0.00272021256387,-0.00126070925035],[0.000158156180987,-0.000720327720046,0.00259515899234,-0.00226759701036,0.000509748060722,-0.00126128760166,0.00154237751849,-0.00154296401888,0.00292346603237,-0.00238976511173,0.00315954303369,-0.00251236720942,0.00161986832973],[-0.000675294490065,-0.000017603932065,-0.00226759701036,0.00471594836563,0.00049191492144,-0.000196451423108,-0.000621928833425,0.00177842983976,-0.0026902584359,0.00234073586762,-0.00251391995698,0.00207947916351,-0.00271767494269],[0.000287687784294,-0.00141706038266,0.000509748060722,0.00049191492144,0.00633661821485,-0.00221424712799,0.000983131118119,-0.00225068442523,-0.0000148300496221,-0.00199781591073,0.00139274087269,-0.00118956319056,-0.000545947812498],[-0.000273361394648,0.00111780129373,-0.00126128760166,-0.000196451423108,-0.00221424712799,0.00904387142509,-0.00331068318337,0.00143797846977,-0.00195828685537,0.00319189298898,-0.00192792247981,-0.000136659757118,0.00304208602756],[0.000409715430578,-0.000578765291721,0.00154237751849,-0.000621928833425,0.000983131118119,-0.00331068318337,0.0128267891705,-0.00384784326889,0.00336287403479,-0.00310686533339,-0.000254422979197,0.00243670446798,-0.00118998205289],[-0.000740628805943,0.000858330109622,-0.00154296401888,0.00177842983976,-0.00225068442523,0.00143797846977,-0.00384784326889,0.0160634573549,-0.00800313614309,0.00317345815711,0.000152144348249,-0.00454339198768,0.00258470000699],[0.00086754426593,-0.00189318088815,0.00292346603237,-0.0026902584359,-0.0000148300496221,-0.00195828685537,0.00336287403479,-0.00800313614309,0.0218533091247,-0.0104101942852,0.00370179861784,0.0025217263028,-0.00144176918548],[-0.000752540596295,0.00374376960099,-0.00238976511173,0.00234073586762,-0.00199781591073,0.00319189298898,-0.00310686533339,0.00317345815711,-0.0104101942852,0.0279421508312,-0.0115530425683,0.00444020330906,0.00127802032512],[0.000936395837925,-0.00354428309947,0.00315954303369,-0.00251391995698,0.00139274087269,-0.00192792247981,-0.000254422979197,0.000152144348249,0.00370179861784,-0.0115530425683,0.0300062224269,-0.0141718732193,0.00495591107756],[-0.000159856310347,0.00272021256387,-0.00251236720942,0.00207947916351,-0.00118956319056,-0.000136659757118,0.00243670446798,-0.00454339198768,0.0025217263028,0.00444020330906,-0.0141718732193,0.0310782529414,-0.0122496448457],[0.00048442100524,-0.00126070925035,0.00161986832973,-0.00271767494269,-0.000545947812498,0.00304208602756,-0.00118998205289,0.00258470000699,-0.00144176918548,0.00127802032512,0.00495591107756,-0.0122496448457,0.0273828655481]],"mean":[15.3609981537,84.1236953735,-132.036758423,27.4801464081,-46.7828788757,20.7210865021,-36.4430541992,10.3025455475,-19.9566307068,3.54386854172,-16.3380889893,-1.39795851707,-10.7264299393]},"hfc":{"dmean":6.13765335083,"dmean2":9.19045352936,"dvar":105.222373962,"dvar2":221.002868652,"max":208.700973511,"mean":29.4039154053,"median":27.4834918976,"min":1.18601672389e-16,"var":500.228790283},"melbands":{"dmean":[0.000991104519926,0.00117504247464,0.000793861690909,0.00055907224305,0.000278733146843,0.000138250223245,0.000125177801237,0.000114985297841,0.00013567811402,0.000109117652755,0.0000694299669703,0.0000838330524857,0.0000477223838971,0.0000559753716516,0.0000442168311565,0.0000525780924363,0.0000521875517734,0.0000678571232129,0.0000373965958715,0.0000284144807665,0.0000222101880354,0.0000234765720961,0.0000202967221412,0.00000873135741131,0.00000701340650267,0.00000746677369534,0.0000058094792621,0.00000390051309296,0.00000370846396436,0.00000319774471791,0.00000260447859546,0.00000292454160444,0.00000272699162451,0.00000215359341382,0.00000175458546892,0.00000116989485832,0.00000120567301565,0.00000115679188184,0.00000101944920061,7.30644273972e-7],"dmean2":[0.00166111334693,0.00200557312928,0.0013850252144,0.000984019250609,0.000459803384729,0.000221816764679,0.000194460328203,0.000176737521542,0.000203860792681,0.000170255196281,0.000106744577351,0.000127336577862,0.0000763174903113,0.0000881149535417,0.0000687114370521,0.0000819259657874,0.0000832665900816,0.000108494328742,0.0000601787978667,0.0000467374702566,0.0000367837019439,0.0000386854771932,0.0000339849539159,0.0000145263466038,0.0000114745262181,0.0000122025085147,0.00000942885344557,0.00000632787123322,0.00000607715446677,0.0000051935880947,0.00000411248220189,0.00000460602632302,0.0000041337325456,0.0000032095952065,0.00000267122595687,0.0000018000800992,0.0000018692270487,0.00000178270340712,0.00000154900919824,0.00000107899461455],"dvar":[0.00000452234417025,0.00000461253875983,0.00000203899526241,0.0000016873846107,2.78157926914e-7,5.81701868896e-8,5.7115180141e-8,6.9237387379e-8,9.52869640969e-8,4.44544667744e-8,2.19424887149e-8,3.74501993861e-8,8.76711414577e-9,1.32506050576e-8,9.25279053376e-9,1.37593083593e-8,8.81755202187e-9,2.04003978155e-8,5.75988901019e-9,4.46672387966e-9,2.04089389833e-9,1.43481271309e-9,9.67067648183e-10,2.28273955294e-10,3.16540987866e-10,1.73243738799e-10,1.21163315492e-10,6.04791980385e-11,5.51910392388e-11,3.47000067569e-11,3.10836148487e-11,6.31807314799e-11,6.87961007606e-11,4.94302793141e-11,2.46512827512e-11,8.08702410593e-12,1.5600446282e-11,1.36345787091e-11,1.68774300091e-11,7.06081720869e-12],"dvar2":[0.0000116413821161,0.0000127169405459,0.00000561433762414,0.00000485879763801,7.68338281887e-7,1.43821239362e-7,1.37808626732e-7,1.57044837579e-7,2.15296225292e-7,1.05518687121e-7,4.95749077345e-8,8.90825617716e-8,2.21992255689e-8,3.28824114604e-8,2.19457518824e-8,3.35078631508e-8,2.16796589569e-8,5.15389757538e-8,1.48768508623e-8,1.16196101629e-8,5.60229551638e-9,3.82389009346e-9,2.67121125219e-9,6.04412242478e-10,7.26617543911e-10,4.20913304211e-10,2.99393704273e-10,1.47393042216e-10,1.36006317319e-10,8.19033244004e-11,6.66463828569e-11,1.48421080981e-10,1.54278090303e-10,1.08862939496e-10,5.35345344443e-11,1.76328118773e-11,3.80172143766e-11,3.24806327667e-11,3.82886604366e-11,1.47021908536e-11],"max":[0.0186479724944,0.0238795373589,0.0181462671608,0.0138081666082,0.00809331983328,0.0066912365146,0.00482157990336,0.00751968612894,0.0116496859118,0.00616031046957,0.00361636304297,0.004421741236,0.00159776268993,0.00242004310712,0.00427999999374,0.00357691268437,0.00251907831989,0.00272450014018,0.00191366416402,0.00163141172379,0.00109949940816,0.000710891908966,0.000505889998749,0.000313540367642,0.00132585060783,0.000418569659814,0.000321593484841,0.000283214700175,0.000262521556579,0.000172124957317,0.000247026298894,0.000283546658466,0.000251271267189,0.0002375729091,0.000142147589941,0.0000907094727154,0.000169890059624,0.000146262187627,0.000131638138555,0.0000773662977736],"mean":[0.00164014217444,0.00308727286756,0.00129379041027,0.00075362197822,0.000559099833481,0.000288897048449,0.000264225032879,0.000211764127016,0.000258560845396,0.000210880520171,0.000129734049551,0.000154610606842,0.0000887247078936,0.000102498481283,0.0000842357039801,0.0000960554825724,0.000100204044429,0.00011404389079,0.0000664402687107,0.0000528783057234,0.0000456865491287,0.00005344159581,0.0000415435388277,0.0000190514947462,0.0000158821458172,0.0000166061981872,0.0000133474013637,0.00000906494278752,0.00000860287855176,0.00000737457366995,0.00000590345644014,0.0000062893550421,0.00000582946540817,0.000004312490546,0.00000374882642973,0.00000276407354249,0.00000271548651654,0.00000240820713771,0.00000202934234039,0.00000146324828165],"median":[0.00110009289347,0.00259836297482,0.000868092640303,0.000396303832531,0.000351271330146,0.000161852876772,0.000149096085806,0.0000990298212855,0.000121481418319,0.000109944026917,0.0000680053199176,0.0000720848911442,0.000046020893933,0.0000512735641678,0.0000495276472066,0.0000491304526804,0.000056696266256,0.0000471344683319,0.000032199841371,0.0000286307331407,0.0000275448182947,0.000036692530557,0.0000264502068603,0.0000137618899316,0.0000111350063889,0.0000116472456284,0.00000923780044104,0.0000066106936174,0.000005874384442,0.00000461754598291,0.00000371165810975,0.00000360688113688,0.00000290438651973,0.00000182271207905,0.00000180684003226,0.00000149837967456,0.00000133847561301,0.00000103975298771,8.03550676665e-7,5.23116511886e-7],"min":[1.02482064046e-23,1.02328575379e-23,2.9763863949e-24,7.65525847442e-24,5.66880810746e-24,3.2935577826e-24,1.22649095872e-23,9.09851736584e-24,5.30261848083e-24,6.50125870529e-24,5.51186501923e-24,8.61530298493e-24,8.78500747603e-24,8.67887649643e-24,9.39093705936e-24,8.3819855393e-24,1.08353618872e-23,1.13267906767e-23,6.00207422978e-24,5.76133360303e-24,4.40236331604e-24,1.17254691453e-23,1.14393414064e-23,9.57695046081e-24,8.60673122234e-24,9.2802811736e-24,1.05748839606e-23,3.63968588755e-24,7.87834044981e-24,1.03170755393e-23,9.87567236409e-24,7.72435243452e-24,8.46397264204e-24,7.12226697039e-24,9.97790163766e-24,1.11760472463e-23,9.19103970597e-24,7.23129464724e-24,9.05045917064e-24,9.70773965459e-24],"var":[0.00000474575699627,0.00000723471566744,0.00000225549138122,0.0000015089384533,4.94421669828e-7,1.56821002406e-7,1.33934861424e-7,1.48912093323e-7,1.98791227035e-7,1.05458020982e-7,4.81890509718e-8,8.25091319712e-8,1.79497696706e-8,2.81756626919e-8,1.67899418813e-8,2.50852050243e-8,1.81639396857e-8,4.06921323304e-8,1.09172182405e-8,7.40011607547e-9,4.5779979807e-9,3.82386167175e-9,2.50888199105e-9,4.99181307401e-10,6.65865196314e-10,4.1604314438e-10,2.89635898598e-10,1.46152617786e-10,1.27621885282e-10,9.43957481625e-11,8.32115487626e-11,1.24907223453e-10,1.46812770274e-10,1.00244958168e-10,5.43902076156e-11,1.95404040171e-11,2.70624130744e-11,2.62380967647e-11,3.41741461518e-11,1.69091182028e-11]},"melbands_crest":{"dmean":2.59028553963,"dmean2":4.24379730225,"dvar":5.98481178284,"dvar2":15.8385982513,"max":39.9117774963,"mean":14.164317131,"median":13.6273593903,"min":1.85678565502,"var":23.7526321411},"melbands_flatness_db":{"dmean":0.0190785583109,"dmean2":0.0297914054245,"dvar":0.000456950423541,"dvar2":0.00101868074853,"max":0.917533934116,"mean":0.182325482368,"median":0.16537772119,"min":0.00368849537335,"var":0.00414616661146},"melbands_kurtosis":{"dmean":12.6219730377,"dmean2":20.3392791748,"dvar":289719.75,"dvar2":718651.5625,"max":44750.0507813,"mean":14.5303945541,"median":4.83636188507,"min":-1.67046618462,"var":220797.171875},"melbands_skewness":{"dmean":0.578038156033,"dmean2":0.919088184834,"dvar":3.60759925842,"dvar2":9.09018039703,"max":154.870269775,"mean":2.18055391312,"median":2.11295056343,"min":-2.12730169296,"var":4.61489057541},"melbands_spread":{"dmean":6.13454627991,"dmean2":9.62807941437,"dvar":58.3169746399,"dvar2":133.234146118,"max":146.773345947,"mean":26.9243335724,"median":25.0312480927,"min":0.00420195935294,"var":242.724517822},"mfcc":{"cov":[[12075.6445313,-839.512878418,3488.71899414,2486.04248047,374.113800049,511.663208008,132.00289917,155.820907593,49.5598449707,21.0454750061,-283.997802734,-204.894180298,-87.7623901367],[-839.512878418,739.739807129,-276.894958496,-65.21434021,86.0417404175,-33.5798301697,2.49838352203,17.9765491486,2.63815164566,-18.0335636139,38.7278709412,7.83178758621,5.8950510025],[3488.71899414,-276.894958496,2006.77172852,1108.71252441,223.068099976,280.037506104,66.0919342041,78.7788085938,-7.65982961655,-62.4292297363,-116.746490479,-105.837440491,-14.6552629471],[2486.04248047,-65.21434021,1108.71252441,908.713623047,166.647918701,163.409301758,33.4907302856,37.3018798828,13.5391254425,-23.641122818,-87.6014099121,-69.2348175049,3.15921473503],[374.113800049,86.0417404175,223.068099976,166.647918701,207.094039917,64.3480758667,1.98847413063,37.5441627502,16.8266677856,-4.99466323853,-3.54858350754,-12.0088729858,6.02132701874],[511.663208008,-33.5798301697,280.037506104,163.409301758,64.3480758667,156.068725586,43.6925392151,21.6341152191,0.277285546064,-1.04182875156,-3.67421269417,-14.9517707825,-9.38901996613],[132.00289917,2.49838352203,66.0919342041,33.4907302856,1.98847413063,43.6925392151,89.7292022705,28.5202312469,-2.12681555748,-3.19425106049,6.37610912323,0.286517739296,-2.5033788681],[155.820907593,17.9765491486,78.7788085938,37.3018798828,37.5441627502,21.6341152191,28.5202312469,86.1022033691,19.0929470062,-1.22746825218,3.38430333138,3.03462576866,-0.436118364334],[49.5598449707,2.63815164566,-7.65982961655,13.5391254425,16.8266677856,0.277285546064,-2.12681555748,19.0929470062,68.3717880249,25.3984375,0.604402422905,-0.758792757988,2.43608212471],[21.0454750061,-18.0335636139,-62.4292297363,-23.641122818,-4.99466323853,-1.04182875156,-3.19425106049,-1.22746825218,25.3984375,69.3884658813,22.9520568848,4.01230192184,-4.75598669052],[-283.997802734,38.7278709412,-116.746490479,-87.6014099121,-3.54858350754,-3.67421269417,6.37610912323,3.38430333138,0.604402422905,22.9520568848,70.1828994751,25.7165107727,1.12263679504],[-204.894180298,7.83178758621,-105.837440491,-69.2348175049,-12.0088729858,-14.9517707825,0.286517739296,3.03462576866,-0.758792757988,4.01230192184,25.7165107727,64.1054840088,18.1368236542],[-87.7623901367,5.8950510025,-14.6552629471,3.15921473503,6.02132701874,-9.38901996613,-2.5033788681,-0.436118364334,2.43608212471,-4.75598669052,1.12263679504,18.1368236542,51.4601745605]],"icov":[[0.000236678068177,0.000160586947459,-0.000117297786346,-0.000492710561957,0.0000176116700459,0.0000295213321806,-0.0000654102332192,-0.000156931419042,0.0000666296182317,-0.000378449331038,0.000249711825745,-0.000157914517331,0.000392979098251],[0.000160586947459,0.00185828108806,0.000507368647959,-0.000841539760586,-0.000995508744381,0.000431558059063,-0.000324895197991,-0.000316103105433,0.0000466577839688,0.000831294571981,-0.000981100834906,0.00037519831676,0.000397677096771],[-0.000117297786346,0.000507368647959,0.00203053001314,-0.0018253182061,-0.00024657175527,-0.00100009341259,0.000160401556059,-0.000753467262257,0.000476857123431,0.00125238625333,-0.000388509128243,0.00074950454291,0.000117453011626],[-0.000492710561957,-0.000841539760586,-0.0018253182061,0.00495602795854,-0.000727026315872,-0.00031899267924,-0.000124057594803,0.00108930934221,-0.000695807277225,-0.000466486177174,0.00152415968478,0.000513530976605,-0.00176232459489],[0.0000176116700459,-0.000995508744381,-0.00024657175527,-0.000727026315872,0.00737452507019,-0.00244367285632,0.00225605303422,-0.00239917403087,-0.000995667069219,0.000345890934113,-0.000822688976768,0.000534515711479,-0.00119217368774],[0.0000295213321806,0.000431558059063,-0.00100009341259,-0.00031899267924,-0.00244367285632,0.010783453472,-0.00451173726469,0.000720959738828,0.000357195123797,-0.00074017996667,-0.00120853353292,0.000154395966092,0.00166233477648],[-0.0000654102332192,-0.000324895197991,0.000160401556059,-0.000124057594803,0.00225605303422,-0.00451173726469,0.015046489425,-0.00493256933987,0.00114868069068,0.000792168022599,-0.00156523066107,0.000214641055209,-0.000440698844614],[-0.000156931419042,-0.000316103105433,-0.000753467262257,0.00108930934221,-0.00239917403087,0.000720959738828,-0.00493256933987,0.0158665273339,-0.00484010344371,0.00169372954406,-0.000673521601129,-0.00165376160294,0.000777113600634],[0.0000666296182317,0.0000466577839688,0.000476857123431,-0.000695807277225,-0.000995667069219,0.000357195123797,0.00114868069068,-0.00484010344371,0.0193960778415,-0.00798488873988,0.00256486097351,0.000457549816929,-0.00139003619552],[-0.000378449331038,0.000831294571981,0.00125238625333,-0.000466486177174,0.000345890934113,-0.00074017996667,0.000792168022599,0.00169372954406,-0.00798488873988,0.0214356705546,-0.00816671829671,0.00146456877701,0.00154310313519],[0.000249711825745,-0.000981100834906,-0.000388509128243,0.00152415968478,-0.000822688976768,-0.00120853353292,-0.00156523066107,-0.000673521601129,0.00256486097351,-0.00816671829671,0.0224323943257,-0.0073107201606,0.00133900681976],[-0.000157914517331,0.00037519831676,0.00074950454291,0.000513530976605,0.000534515711479,0.000154395966092,0.000214641055209,-0.00165376160294,0.000457549816929,0.00146456877701,-0.0073107201606,0.0220719650388,-0.00767426285893],[0.000392979098251,0.000397677096771,0.000117453011626,-0.00176232459489,-0.00119217368774,0.00166233477648,-0.000440698844614,0.000777113600634,-0.00139003619552,0.00154310313519,0.00133900681976,-0.00767426285893,0.0235106851906]],"mean":[-620.848449707,113.402572632,-17.0990791321,12.5129404068,9.9863319397,9.46389102936,0.687322974205,5.47495555878,3.1420841217,3.46270442009,2.29382133484,2.08811211586,-2.41973042488]},"pitch_salience":{"dmean":0.056864887476,"dmean2":0.0929816365242,"dvar":0.00265934318304,"dvar2":0.00694751553237,"max":0.882077634335,"mean":0.552948951721,"median":0.55719190836,"min":0.00618802849203,"var":0.0104147884995},"silence_rate_20dB":{"dmean":0,"dmean2":0,"dvar":0,"dvar2":0,"max":1,"mean":1,"median":1,"min":1,"var":0},"silence_rate_30dB":{"dmean":0,"dmean2":0,"dvar":0,"dvar2":0,"max":1,"mean":1,"median":1,"min":1,"var":0},"silence_rate_60dB":{"dmean":0.00610687024891,"dmean2":0.0122149055824,"dvar":0.00607037590817,"dvar2":0.0143590690568,"max":1,"mean":0.118213914335,"median":0,"min":0,"var":0.104223437607},"spectral_centroid":{"dmean":192.314880371,"dmean2":297.943328857,"dvar":63180.7890625,"dvar2":120914.65625,"max":11138.953125,"mean":1556.33410645,"median":1551.06188965,"min":64.334777832,"var":272554.15625},"spectral_complexity":{"dmean":3.25343513489,"dmean2":5.19438886642,"dvar":10.0431718826,"dvar2":22.784318924,"max":59,"mean":27.2743053436,"median":29,"min":0,"var":154.908966064},"spectral_contrast_coeffs":{"dmean":[0.0443710833788,0.0418937243521,0.0352629348636,0.0306526497006,0.0212227981538,0.0158324409276],"dmean2":[0.0750677883625,0.0686455443501,0.0571263097227,0.0495823062956,0.0351808108389,0.025806652382],"dvar":[0.00146250764374,0.0012220517965,0.000810952216852,0.000672330614179,0.000329740636516,0.000220830683247],"dvar2":[0.00407430808991,0.00325603899546,0.00208624335937,0.00159880134743,0.000890975177754,0.000560500891879],"max":[-0.336275190115,-0.448883086443,-0.549013316631,-0.538191020489,-0.606931328773,-0.534684240818],"mean":[-0.655093312263,-0.733286321163,-0.764516592026,-0.754044294357,-0.781242132187,-0.76156270504],"median":[-0.654136776924,-0.736759841442,-0.768936157227,-0.760754287243,-0.787077903748,-0.756101608276],"min":[-0.952729284763,-0.971096456051,-0.972981512547,-0.992020010948,-0.98228520155,-0.959610998631],"var":[0.00476660160348,0.00358076905832,0.00300984224305,0.0036150792148,0.00164020166267,0.00138576433528]},"spectral_contrast_valleys":{"dmean":[0.35890430212,0.310172408819,0.271808892488,0.247257560492,0.200075462461,0.206152781844],"dmean2":[0.59737765789,0.513378441334,0.438008636236,0.385503232479,0.314136862755,0.293563872576],"dvar":[0.132893204689,0.114514827728,0.0950461030006,0.100470669568,0.0915048271418,0.0977097526193],"dvar2":[0.275275558233,0.223578482866,0.166694924235,0.165476188064,0.158618435264,0.161653459072],"max":[-5.08498001099,-4.71249008179,-5.15077018738,-5.64590597153,-5.58687353134,-7.17762327194],"mean":[-7.32414627075,-6.80016613007,-7.02228069305,-7.28456830978,-7.28809356689,-9.9672908783],"median":[-6.7105588913,-6.41841650009,-6.77824878693,-7.00317716599,-6.79278421402,-9.42893314362],"min":[-27.7499675751,-27.3549022675,-27.0967178345,-27.2567806244,-27.327747345,-27.3285427094],"var":[3.4137506485,1.49028837681,0.803147673607,0.991831183434,1.6281876564,2.41857552528]},"spectral_decrease":{"dmean":2.2022794699e-9,"dmean2":3.68004138274e-9,"dvar":1.23725440861e-17,"dvar2":3.28723097441e-17,"max":6.56023077128e-29,"mean":-8.27856094787e-9,"median":-8.33649682619e-9,"min":-3.36824221847e-8,"var":2.52727301413e-17},"spectral_energy":{"dmean":0.00863527599722,"dmean2":0.0143798673525,"dvar":0.000183661788469,"dvar2":0.000487332086777,"max":0.1308632195,"mean":0.0339122787118,"median":0.0345734059811,"min":1.06253732673e-20,"var":0.000407181447372},"spectral_energyband_high":{"dmean":0.000427406514063,"dmean2":0.000597598031163,"dvar":0.00000131973024509,"dvar2":0.00000250309722105,"max":0.0274843778461,"mean":0.00138482195325,"median":0.000905022316147,"min":7.60623592515e-21,"var":0.00000446075682703},"spectral_energyband_low":{"dmean":0.0057579819113,"dmean2":0.00972205493599,"dvar":0.000120083430375,"dvar2":0.000315298617352,"max":0.102054543793,"mean":0.0139650693163,"median":0.0122408615425,"min":6.74941312571e-23,"var":0.000149902407429},"spectral_energyband_middle_high":{"dmean":0.00216195755638,"dmean2":0.0033775458578,"dvar":0.00000775684020482,"dvar2":0.0000193839969143,"max":0.0584568418562,"mean":0.00828114151955,"median":0.00704499101266,"min":1.55316114996e-21,"var":0.0000388545013266},"spectral_energyband_middle_low":{"dmean":0.00454558245838,"dmean2":0.00763761205599,"dvar":0.0000676512354403,"dvar2":0.000187155324966,"max":0.0887213274837,"mean":0.0117228077725,"median":0.010049357079,"min":2.44961707859e-22,"var":0.000105031547719},"spectral_entropy":{"dmean":0.102753266692,"dmean2":0.153299942613,"dvar":0.0159593448043,"dvar2":0.0320399403572,"max":9.80631446838,"mean":7.69559144974,"median":7.84287261963,"min":3.80879640579,"var":0.219760015607},"spectral_flux":{"dmean":0.020983107388,"dmean2":0.0327122919261,"dvar":0.000790425925516,"dvar2":0.0016344912583,"max":0.32178363204,"mean":0.0830837488174,"median":0.0792484134436,"min":1.04461037043e-10,"var":0.00236697983928},"spectral_kurtosis":{"dmean":2.36219906807,"dmean2":4.0680847168,"dvar":30.9625091553,"dvar2":93.0304641724,"max":149.084594727,"mean":6.79486703873,"median":3.60784888268,"min":-1.277998209,"var":101.932449341},"spectral_rms":{"dmean":0.000648805813398,"dmean2":0.00106131960638,"dvar":7.749245583e-7,"dvar2":0.00000200815907192,"max":0.0112991780043,"mean":0.00537179550156,"median":0.00580776669085,"min":3.21966108288e-12,"var":0.0000042289184421},"spectral_rolloff":{"dmean":384.06741333,"dmean2":627.821411133,"dvar":484170,"dvar2":928975.75,"max":19186.0839844,"mean":1686.24133301,"median":1614.99023438,"min":21.533203125,"var":1376736.5},"spectral_skewness":{"dmean":0.221318304539,"dmean2":0.367103338242,"dvar":0.124389149249,"dvar2":0.359409540892,"max":9.16229152679,"mean":1.67211294174,"median":1.45340013504,"min":-0.407689392567,"var":0.616954743862},"spectral_spread":{"dmean":364513.03125,"dmean2":532292.5,"dvar":490986373120,"dvar2":680041250816,"max":45369940,"mean":4350254.5,"median":4423856,"min":494427,"var":2733168918530},"spectral_strongpeak":{"dmean":0.464861780405,"dmean2":0.831431925297,"dvar":1.10664284229,"dvar2":2.91516971588,"max":11.1783227921,"mean":0.781536757946,"median":0.469052761793,"min":0,"var":1.10846102238},"zerocrossingrate":{"dmean":0.00797161087394,"dmean2":0.00956321135163,"dvar":0.00011715713481,"dvar2":0.000129094623844,"max":0.52490234375,"mean":0.0673449859023,"median":0.0654296875,"min":0,"var":0.000891205796506}},"metadata":{"audio_properties":{"analysis_sample_rate":44100,"bit_rate":320000,"codec":"mp3","downmix":"mix","equal_loudness":0,"length":243.335983276,"lossless":false,"md5_encoded":"5aba395e7ad9b3c6e035544beb104de0","replay_gain":-15.6325063705,"sample_rate":48000},"tags":{"acoustid_fingerprint":["AQADtJEScVGiSILXKBv6ow5PiJr0YPrwrKFxmcOTw_jxhch5XEmfopTywfHRt3iPNok-5Icj6jjR58LDE_Wh5TxuHOEl-LDao7-K8DgPbyIHfXiO0MWPKzvQw5TIIZdIHD4eHp8Wws5RNheuPfhRHtYd9GHww87xI6eD_rg743YFj3gTHTn8EFq1FUf-EH_Rn8gHebwQ5sOVqA7uK8UfnMoN_zmePJgZHrwIN_mQPxGkZjTyvMEkF82k7HiSPfgfoR-aB-9xpUaZXIF1Kuh7fDwufMzx4sGX42aCfOKRbDdcZcFvwc9z_EezrDzOAJfEE3kYPUEPP8fFocyJ_PiOZ0b3EY1Zpnjyo7nRI-yRLJMYnDmePER4JMtwqVTxN0HXh2hWfCTyRUj2Hc2JSym-N8HDC__wI30KtTROnEXJBb6OI7w74cfJCq6G406OxscPK13Qo5auwGaO8IWQR65x9XiL_miqD0-kyMP1JsTRXKg55MuhP4gVnvhI1D5sKVSHelkD5DvU5vjRvXCso_9xMcenZMdl9GFY-M-CiseP97iHuhH8RHBOTWh5FV3YUPAP7cd3hHfhirBQ5iMu4lXhOsO1DU13XEd66Gh-5JKOZ2GIF92DyjqSJ8iTHyWP46h__DPWE46OP0dO6PKJfGisLDrCQ8c7xA8XIZeGQ_sSI0cTKjh-9MzRPCvy48xy6E4R9gjzY1egI1duPEPdE84G5IWuIw2PL7nwwLh4fLkwK8qOV-gu4j8CXRKuQuMRPiSeNbi842txhNF1JLPAGU90oPmEWokObjq-I5SZQfyONh_24MeDi4Z2uA38482Gm9ARlaEFRwzx49dx4aJx0sffEKHeQ8eF3dDyI_3RJ4_wHXeOhzF6BdEEzTpy4w-c48c_XMLTSOiiHWGk48KPR7iikOiPb4e74LVwnVAPK6xxHRcP50JP3LkMuUxx4_iIi8ePPoe30HAP1Tt-BdLW4_iC48UP2Zzg2Ahf4gv6E814fMel5Ki6Iz9yRiv84T-u41QK_3C-E_1x_njQC5T0wfh6oe6c4slxGHmGX4fW5RG2UU_g59glwdZxicmOdsev4MeRT3lihD0Hc8R3nIoG49oOLR_ug4uKH39QShn-46lwHX6Omzl8tNIInjke9INz-FkO7TkmPDr87Lg2E3noIBUu6Dt-2NqJFjt-C88sQ_dEFC6NhzuuC_zR4z-u4TrOB42ZFX6H0sfPHd9RkuFBHZV1yM2Ouy5CMix-TLlwHE0aS-jm4t8Q6kdzHFqjw-eO-Dp-9EHOBP_x5XgiK9DyHo947CrcIz16fAdZ4tLxoJeOlw5ySE71osJVGd_RkHQMTbSQYz-aaTnqJkVjHaE5DXqGWA_We-jhKjlOhNoNVdyP_GDUHo6ytOiiE19QHTmk50gnG0xJFf-FDz3c5QJ1pgilQ0f-D_9QHX6G8_C0C_xxw8e5I-x1nDSe8dAoHw0v4gyN0waL_9CzJwjlHZca9Lhe4Sh_BmGkRUmh46SQkyku_ahkuXBHgtmLH42lB6X249MRkjTEI_vhVMQ3-Aj9IDzhRUEl-ejD8BgzEcVl9GjG5fgQvkifD98V-DhDfNGCwx-eIIcoHXGTSzDuDn7wuvhRo-dT-Mf04Dzy2Dq0PukQ_yilH9fSodbRHLeO5zq-XXhEo1d2eDJ-q6AeDy1xfEsYNC5CbzlOHhEd