{"lowlevel":{"average_loudness":0.838815689087,"barkbands":{"dmean":[0.00699024228379,0.00843880046159,0.00274329353124,0.00203630421311,0.00154103536624,0.00101894256659,0.00184814608656,0.00067096966086,0.00051492638886,0.00049281748943,0.000460826297058,0.00059771805536,0.000302032160107,0.000320620369166,0.000224562099902,0.000361897808034,0.000139229858178,0.0000686042039888,0.0000724714482203,0.0000702610923327,0.0000560619118914,0.0000313144810207,0.0000134981273732,0.00000652457538308,0.00000306315678245,0.0000100269662653,0.000204078765819],"dmean2":[0.0115568386391,0.0144918393344,0.0047022793442,0.00365112908185,0.00261697988026,0.00159380596597,0.00284579303116,0.00107667746488,0.000827189534903,0.00079822994303,0.000735912763048,0.00098991591949,0.000496423162986,0.000537858111784,0.000385404011467,0.000614797347225,0.000235365907429,0.00011343004735,0.000123020436149,0.00010888063116,0.0000848717900226,0.0000433157401858,0.0000187443893083,0.00000893145079317,0.00000472673400509,0.0000129066793306,0.000324875378283],"dvar":[0.000258664484136,0.000244273600401,0.0000189472266356,0.00000809306402516,0.00000466354049422,0.00000542020779903,0.0000271248354693,0.00000953386370384,0.00000174145952769,0.00000142419060012,0.0000016559802134,0.00000120176423479,2.63066482376e-7,2.19603478513e-7,1.14001529994e-7,2.76481728179e-7,4.01481976553e-8,1.85604882574e-8,1.95561291605e-8,3.52813884774e-8,3.91764132246e-8,1.11580522599e-8,1.34679223329e-9,1.84872839259e-10,2.24832270856e-11,4.24947632638e-10,7.27354461105e-8],"dvar2":[0.000649474503007,0.000654613075312,0.0000520868306921,0.000025747996915,0.0000131960232466,0.0000125987826323,0.0000610393690295,0.0000244370930886,0.00000402108389608,0.00000341331156051,0.00000407397237723,0.0000031330996535,6.49356024951e-7,5.97506868871e-7,3.21206869103e-7,7.57457598866e-7,1.08374074159e-7,4.73038568316e-8,5.06575936754e-8,7.74544446358e-8,7.84498297435e-8,2.08249897327e-8,2.51366816251e-9,3.35323740996e-10,4.83291531794e-11,6.56522447517e-10,1.88883348073e-7],"max":[0.146696597338,0.219367414713,0.0872526317835,0.0421342551708,0.0349334515631,0.0517833903432,0.10284730047,0.0998683124781,0.0540049672127,0.0406080707908,0.0321523882449,0.0231338255107,0.0150446826592,0.00805560126901,0.00554525339976,0.0114125208929,0.00297729275189,0.00189225526992,0.00317469448783,0.00725344056264,0.00666556693614,0.00414972193539,0.00159075495321,0.00060139055131,0.0000684020778863,0.000717769376934,0.00430869590491],"mean":[0.00706001743674,0.00932322070003,0.00344219990075,0.00281970994547,0.00309525546618,0.00190034601837,0.00441081309691,0.000859714811668,0.00084578897804,0.000751455663703,0.000658839126118,0.00102543318644,0.000543865200598,0.000598954153247,0.000402148201829,0.000710782827809,0.000274288613582,0.000109001914097,0.000102605197753,0.000137085065944,0.000110140827019,0.0000651427471894,0.0000278544266621,0.0000127204439195,0.0000040631275624,0.0000226408246817,0.000794295861851],"median":[0.00130226218607,0.00418834108859,0.00186365214176,0.00175362313166,0.00204139761627,0.000913670519367,0.000656352960505,0.000214224855881,0.000325254513882,0.000335862219799,0.00025823287433,0.000527677708305,0.000320781691698,0.000368572742445,0.00024733733153,0.000488239602419,0.000189097772818,0.0000535662693437,0.00004799996168,0.0000635033284198,0.0000467851677968,0.0000271696062555,0.0000115366192404,0.00000483412532049,0.00000167433643128,0.00000948098022491,0.000535633473191],"min":[7.93614560326e-15,5.56993450115e-15,2.45559298332e-15,2.66020988536e-15,3.59211892206e-15,2.97106250667e-15,1.91999541605e-15,2.92838750448e-15,1.289379048e-14,9.39050964402e-15,6.15761570083e-15,1.70580577116e-15,5.243069569e-15,9.00461413875e-15,5.30792645825e-15,5.71195058618e-15,7.61735204806e-15,1.66118339787e-14,3.30509409988e-14,3.71160215193e-14,4.12302333388e-14,2.11119980547e-14,4.62252103457e-14,8.98285216827e-14,7.94617464276e-14,1.25751134766e-13,2.07666945706e-13],"var":[0.000252761761658,0.000218331508222,0.0000235408897424,0.0000109039692688,0.000010866525372,0.000012064189832,0.000131710257847,0.0000117749814308,0.00000368773089576,0.00000223229767471,0.00000234783465203,0.00000239937821789,5.41347048966e-7,4.84844463244e-7,2.16953722543e-7,6.25403345111e-7,8.87458853072e-8,2.67529269848e-8,2.60026755683e-8,7.95454226932e-8,9.40623010592e-8,2.74787090859e-8,3.34470362517e-9,5.05826713848e-10,4.06268282904e-11,1.49060042087e-9,6.11871371348e-7]},"barkbands_crest":{"dmean":2.76347517967,"dmean2":4.58407878876,"dvar":5.25131702423,"dvar2":13.5945672989,"max":25.2129249573,"mean":10.2050619125,"median":9.53653526306,"min":2.70436692238,"var":17.2132129669},"barkbands_flatness_db":{"dmean":0.0280213914812,"dmean2":0.0455296263099,"dvar":0.000778607674874,"dvar2":0.00204197037965,"max":0.46506100893,"mean":0.149371877313,"median":0.133416891098,"min":0.0200260747224,"var":0.00416838843375},"barkbands_kurtosis":{"dmean":7.33212804794,"dmean2":12.3373184204,"dvar":288.764801025,"dvar2":809.851379395,"max":422.099609375,"mean":12.9746618271,"median":5.48957157135,"min":-1.95606780052,"var":590.816894531},"barkbands_skewness":{"dmean":0.747900426388,"dmean2":1.2318021059,"dvar":0.819243371487,"dvar2":2.20740365982,"max":17.0221042633,"mean":2.52699351311,"median":2.10411262512,"min":-2.00472187996,"var":2.59668731689},"barkbands_spread":{"dmean":6.42325496674,"dmean2":10.2727508545,"dvar":50.0923423767,"dvar2":116.179595947,"max":140.816345215,"mean":24.485956192,"median":22.2491359711,"min":0.422595083714,"var":276.901641846},"dissonance":{"dmean":0.0190021451563,"dmean2":0.032212715596,"dvar":0.000372109556338,"dvar2":0.0010158601217,"max":0.500000119209,"mean":0.465164393187,"median":0.473968207836,"min":0.269014388323,"var":0.000849044357892},"dynamic_complexity":3.12394618988,"erbbands":{"dmean":[0.477688193321,1.19873321056,2.96145033836,4.61073303223,6.16997528076,5.96073913574,6.2203040123,9.7412519455,17.0888671875,31.1203861237,11.4006299973,11.2831192017,13.6262216568,16.5607624054,19.0213909149,19.5910263062,13.0552110672,14.5672283173,12.4273033142,13.9349870682,16.8554000854,7.6251912117,3.76336026192,3.06572747231,3.99974751472,3.17762732506,3.05148720741,1.7382338047,1.10646998882,0.774399697781,0.329865574837,0.169252544641,0.0952447503805,0.0427235029638,0.0181717332453,0.023539474234,0.019296022132,0.019865302369,0.00873053167015,0.0048827487044],"dmean2":[0.830294787884,2.05048274994,5.07652854919,8.17890834808,10.7045078278,10.2586545944,10.1887350082,14.9840536118,26.0080242157,48.1431121826,18.3944396973,18.1426963806,22.2206764221,26.2866325378,30.9452323914,32.5296096802,21.5008735657,24.3955478668,20.9033432007,23.589717865,28.6645240784,12.9409618378,6.16178798676,5.16396331787,6.74736309052,4.88436174393,4.64573907852,2.56407427788,1.52723097801,1.07567775249,0.453133016825,0.237049594522,0.132059663534,0.0628337487578,0.0286911632866,0.0322826914489,0.0251229871064,0.0259512737393,0.012422897853,0.007792388089],"dvar":[1.16270756721,2.95853281021,21.6586227417,37.3324508667,71.5196609497,84.8736572266,93.4549865723,629.233215332,2126.47680664,9810.2734375,1632.30065918,885.353515625,842.623962402,1602.04785156,2537.14624023,1179.80395508,535.299743652,455.985809326,311.148712158,392.864532471,608.913146973,123.974639893,53.3960571289,32.0968399048,65.4633255005,72.8092269897,99.5066680908,41.08335495,13.8331127167,5.81968545914,0.819799482822,0.158837631345,0.034054286778,0.00523290736601,0.000770174898207,0.00213135359809,0.00163916766178,0.0019852288533,0.000247092684731,0.0000381468817068],"dvar2":[3.13688898087,8.1097536087,58.6315689087,112.227104187,205.043640137,243.570449829,225.74949646,1456.31958008,4690.38818359,23865.5820312,4129.11425781,1980.12036133,2091.79467773,3747.27880859,6454.33251953,3042.94970703,1299.08898926,1226.15307617,847.942077637,1085.83203125,1677.72912598,336.565856934,135.119537354,81.905166626,163.998687744,156.858551025,201.529205322,80.6339263916,24.8142375946,10.8150720596,1.49730396271,0.305572986603,0.0592334344983,0.00976063217968,0.00177221989725,0.00354087166488,0.00264753308147,0.00313978875056,0.00045692382264,0.0000954424394877],"max":[11.7747373581,28.1116142273,96.485748291,72.4558181763,129.112808228,181.310775757,287.233062744,562.618286133,1364.33154297,2472.43310547,1371.81530762,815.338317871,720.936157227,1004.62670898,1431.24365234,803.241394043,758.303588867,446.968811035,323.537231445,283.313995361,403.604675293,184.952148438,108.269348145,66.4546890259,240.079803467,296.254821777,370.746124268,216.715103149,166.108825684,74.9280776978,46.4324188232,19.6812610626,5.75176429749,1.39627063274,0.485439419746,0.861514151096,1.66780757904,0.991523981094,0.407391130924,0.105539992452],"mean":[0.430541157722,1.53533172607,3.83706474304,6.6920003891,10.72448349,10.8179969788,11.0579090118,18.4233398438,37.4267959595,67.0166397095,18.2039699554,18.9152927399,22.1726646423,26.5203952789,32.5182495117,36.2806091309,25.5080318451,27.898065567,25.2471218109,29.0379543304,33.8896827698,15.7136583328,6.70544672012,4.69041013718,6.04003810883,6.35160064697,5.59417438507,3.5757329464,2.3558113575,1.55683135986,0.688060760498,0.343155771494,0.173802554607,0.0640816017985,0.0226339064538,0.0427847951651,0.0450860336423,0.0515769422054,0.0294652041048,0.0230033975095],"median":[0.119942031801,0.877829134464,2.19485974312,4.68449735641,6.26957082748,5.87036037445,6.53288841248,8.01651000977,8.77096176147,8.39877033234,6.01193332672,7.21614074707,10.8843097687,12.4337129593,16.6725063324,20.424282074,15.6659545898,17.956029892,16.4037952423,19.867893219,23.8057365417,11.1756801605,3.88719296455,2.23330044746,2.88515424728,2.98662662506,2.26933884621,1.5728096962,1.02367556095,0.624202907085,0.283631026745,0.143287971616,0.0565854795277,0.0227884445339,0.0106129422784,0.0142332259566,0.0201041512191,0.0261312443763,0.0204667896032,0.0156177859753],"min":[2.69893645193e-13,9.12456742108e-13,2.52821505051e-12,6.55068404035e-12,9.73167119805e-12,1.15899833134e-11,2.01873691374e-11,2.50539190089e-11,2.81347306563e-11,3.20853031643e-11,9.0670748687e-11,2.78273876164e-10,3.82407744359e-10,2.41554609648e-10,1.90079604834e-10,7.28522173143e-11,2.14405146415e-10,4.7518994295e-10,3.66299351962e-10,3.22837312439e-10,2.66819094596e-10,5.25113175165e-10,9.84846648677e-10,8.16614109667e-10,1.98592298162e-9,1.5491561367e-9,1.69452929466e-9,1.61086610717e-9,8.03334898603e-10,9.30696353318e-10,1.60109003833e-9,1.9105634852e-9,1.17679488376e-9,6.15189343911e-10,8.30689073084e-10,5.76773462324e-10,1.82622805767e-10,1.27485438872e-10,2.32225905172e-11,2.99589910172e-12],"var":[0.908259630203,3.60517811775,26.1373577118,46.8672866821,159.347015381,208.810150146,223.964599609,1393.44445801,7455.50683594,34777.1132812,2577.98852539,1900.59777832,1409.57824707,2533.69067383,3904.54638672,2504.01904297,1152.32019043,1040.52929688,782.335144043,997.886352539,1351.06896973,277.559753418,80.7640228271,47.3065299988,100.616592407,171.795852661,234.714523315,99.2921676636,36.0668754578,13.5250635147,2.06716537476,0.390755653381,0.0992877855897,0.0127424718812,0.00107002945151,0.00640691025183,0.00557291740552,0.00698709813878,0.00120702350978,0.000443316355813]},"erbbands_crest":{"dmean":2.45118522644,"dmean2":4.0155415535,"dvar":5.96570444107,"dvar2":14.7841415405,"max":30.2430114746,"mean":9.03312015533,"median":7.36022758484,"min":2.55202794075,"var":23.686164856},"erbbands_flatness_db":{"dmean":0.0201800893992,"dmean2":0.0311463940889,"dvar":0.000370730733266,"dvar2":0.000941748730838,"max":0.312183022499,"mean":0.141078174114,"median":0.138570025563,"min":0.0372993201017,"var":0.00156743836123},"erbbands_kurtosis":{"dmean":1.21633708477,"dmean2":2.00832462311,"dvar":7.38408231735,"dvar2":20.269695282,"max":74.3322753906,"mean":0.996157348156,"median":0.0590481758118,"min":-1.7843157053,"var":15.4404745102},"erbbands_skewness":{"dmean":0.38391572237,"dmean2":0.607543468475,"dvar":0.181155696511,"dvar2":0.441409170628,"max":8.04125404358,"mean":0.281989067793,"median":0.0863557830453,"min":-5.0920586586,"var":1.03909409046},"erbbands_spread":{"dmean":6.77555179596,"dmean2":10.7634372711,"dvar":51.5698051453,"dvar2":121.135116577,"max":137.309799194,"mean":32.4934997559,"median":29.751449585,"min":3.89363336563,"var":220.922897339},"gfcc":{"cov":[[9059.20117188,-943.659362793,-1762.02526855,-217.423126221,-192.075698853,-636.645446777,250.044967651,-201.475814819,356.393249512,161.884063721,78.0755081177,141.050537109,-141.085647583],[-943.659362793,947.794311523,43.1014213562,-267.076171875,213.73399353,-20.2273483276,-39.6854362488,-24.1294021606,45.3738174438,-48.741027832,43.3965988159,-62.0011177063,124.152381897],[-1762.02526855,43.1014213562,662.834777832,156.490524292,-86.3626403809,215.017868042,-108.16368866,100.764213562,-119.137359619,-24.6816864014,-46.6462135315,-26.8370990753,-22.0028457642],[-217.423126221,-267.076171875,156.490524292,307.888793945,-4.29385709763,53.9894218445,35.4387588501,20.9551372528,-70.1863250732,-7.2571811676,-35.73853302,8.80932044983,-39.8093566895],[-192.075698853,213.73399353,-86.3626403809,-4.29385709763,278.36895752,45.4957466125,50.3490371704,-53.3540840149,7.48485088348,-45.6180229187,26.1691436768,-10.3679475784,55.6041107178],[-636.645446777,-20.2273483276,215.017868042,53.9894218445,45.4957466125,227.634246826,-35.5180625916,56.0101585388,-68.8476638794,-10.5751228333,-10.6130361557,10.365647316,11.3629074097],[250.044967651,-39.6854362488,-108.16368866,35.4387588501,50.3490371704,-35.5180625916,150.932327271,-27.7462272644,32.5925216675,-1.96037518978,12.2623929977,4.18775367737,-6.48604202271],[-201.475814819,-24.1294021606,100.764213562,20.9551372528,-53.3540840149,56.0101585388,-27.7462272644,163.173965454,17.8892326355,35.2479019165,3.96405529976,-12.7707891464,-8.71726512909],[356.393249512,45.3738174438,-119.137359619,-70.1863250732,7.48485088348,-68.8476638794,32.5925216675,17.8892326355,128.686340332,45.8736534119,21.8257389069,3.96490001678,-4.09534931183],[161.884063721,-48.741027832,-24.6816864014,-7.2571811676,-45.6180229187,-10.5751228333,-1.96037518978,35.2479019165,45.8736534119,83.7295150757,39.217956543,8.39127826691,-6.1714553833],[78.0755081177,43.3965988159,-46.6462135315,-35.73853302,26.1691436768,-10.6130361557,12.2623929977,3.96405529976,21.8257389069,39.217956543,74.5427017212,23.8218326569,10.0389118195],[141.050537109,-62.0011177063,-26.8370990753,8.80932044983,-10.3679475784,10.365647316,4.18775367737,-12.7707891464,3.96490001678,8.39127826691,23.8218326569,64.9565734863,17.0296440125],[-141.085647583,124.152381897,-22.0028457642,-39.8093566895,55.6041107178,11.3629074097,-6.48604202271,-8.71726512909,-4.09534931183,-6.1714553833,10.0389118195,17.0296440125,84.9362945557]],"icov":[[0.000308152870275,0.000112581103167,0.000890855269972,-0.000145272235386,0.000332569121383,-0.0000709102241672,0.000147050246596,0.0000417646733695,-0.000252806523349,0.0000594396769884,0.00000477815228805,-0.000196065710043,0.000348151952494],[0.000112581103167,0.00305714039132,-0.00135326466989,0.00234533916228,-0.0019504269585,0.00151935173199,0.000232205580687,-0.000105242826976,-0.000838433625177,0.00131650688127,-0.00159701996017,0.00237773079425,-0.00268517970107],[0.000890855269972,-0.00135326466989,0.00721178017557,-0.00415315758437,0.00505220424384,-0.00493669975549,0.00219518132508,0.000481611699797,-0.0019304578891,0.00330934580415,-0.00250060856342,0.00222320831381,0.000946732005104],[-0.000145272235386,0.00234533916228,-0.00415315758437,0.00986784417182,-0.00690475059673,0.00524849351496,-0.00343828252517,-0.00281460932456,0.00721492152661,-0.00769350957125,0.00825511943549,-0.00607860693708,0.00317821023054],[0.000332569121383,-0.0019504269585,0.00505220424384,-0.00690475059673,0.0142031880096,-0.00908074714243,0.000742812815588,0.00469713238999,-0.00886330101639,0.0130997775123,-0.0127329453826,0.0101420395076,-0.00607269117609],[-0.0000709102241672,0.00151935173199,-0.00493669975549,0.00524849351496,-0.00908074714243,0.0135649321601,-0.00135219295043,-0.00515124201775,0.0088586807251,-0.008958555758,0.00886403676122,-0.00907854922116,0.00288931909017],[0.000147050246596,0.000232205580687,0.00219518132508,-0.00343828252517,0.000742812815588,-0.00135219295043,0.0098875798285,0.00156256707851,-0.00472242757678,0.00437609292567,-0.00446682376787,0.00276228575967,-0.000463590171421],[0.0000417646733695,-0.000105242826976,0.000481611699797,-0.00281460932456,0.00469713238999,-0.00515124201775,0.00156256707851,0.0104778846726,-0.00627887807786,0.00235059647821,-0.00538100115955,0.00676387781277,-0.00301449978724],[-0.000252806523349,-0.000838433625177,-0.0019304578891,0.00721492152661,-0.00886330101639,0.0088586807251,-0.00472242757678,-0.00627887807786,0.02309384197,-0.0187322869897,0.0143991159275,-0.0120944688097,0.00777486199513],[0.0000594396769884,0.00131650688127,0.00330934580415,-0.00769350957125,0.0130997775123,-0.008958555758,0.00437609292567,0.00235059647821,-0.0187322869897,0.0391858145595,-0.0281866714358,0.0161028522998,-0.00932929851115],[0.00000477815228805,-0.00159701996017,-0.00250060856342,0.00825511943549,-0.0127329453826,0.00886403676122,-0.00446682376787,-0.00538100115955,0.0143991159275,-0.0281866714358,0.0398964844644,-0.0224617440253,0.0102544678375],[-0.000196065710043,0.00237773079425,0.00222320831381,-0.00607860693708,0.0101420395076,-0.00907854922116,0.00276228575967,0.00676387781277,-0.0120944688097,0.0161028522998,-0.0224617440253,0.0346994698048,-0.0143097164109],[0.000348151952494,-0.00268517970107,0.000946732005104,0.00317821023054,-0.00607269117609,0.00288931909017,-0.000463590171421,-0.00301449978724,0.00777486199513,-0.00932929851115,0.0102544678375,-0.0143097164109,0.0226099528372]],"mean":[-3.23185586929,99.1468582153,-81.9031524658,0.912195980549,-10.4830770493,-9.54641437531,-6.50527381897,-21.2597885132,-1.79225003719,-7.28041028976,-9.6547870636,-2.64151191711,-3.31109642982]},"hfc":{"dmean":39.1264266968,"dmean2":66.8393249512,"dvar":1828.27734375,"dvar2":5400.51953125,"max":776.160461426,"mean":158.090667725,"median":162.334381104,"min":9.33788157909e-9,"var":9697.3515625},"melbands":{"dmean":[0.00355131318793,0.00145584472921,0.000849978241604,0.000386438245187,0.000215144638787,0.000209349833312,0.00030335818883,0.000302559579723,0.0000864646863192,0.0000744946664781,0.0000712411347195,0.0000699674419593,0.0000606215435255,0.0000797590400907,0.0000388110602216,0.0000258577692875,0.0000298227660096,0.0000233501541516,0.0000178858226718,0.0000270431937679,0.000018837647076,0.00000933305364015,0.00000451864116258,0.0000031020329061,0.00000244226043833,0.00000320942672261,0.00000249883464676,0.00000233436639974,0.00000219120965994,0.00000153003270498,0.0000010447903378,6.9907781608e-7,5.77386799705e-7,3.9103247218e-7,2.14089538986e-7,1.29129716697e-7,1.00374236922e-7,7.06139715589e-8,5.82813726169e-8,2.85471664085e-8],"dmean2":[0.0060935234651,0.00248300866224,0.00149844249245,0.000664780032821,0.000355671480065,0.000322297768435,0.000460043083876,0.000470276281703,0.000141481737955,0.000119607728266,0.000116353628982,0.000111230481707,0.0000978838143055,0.000132047425723,0.0000638016863377,0.000042821495299,0.0000502031725773,0.0000394106573367,0.0000306830334011,0.0000460190203739,0.0000321946608892,0.0000159461160365,0.00000755874134484,0.00000509513802172,0.00000414126907344,0.00000550319691683,0.0000040670256567,0.00000363683057003,0.00000337553137797,0.00000237758831645,0.00000156177850386,0.00000101191733393,8.1342619751e-7,5.64711456263e-7,3.05350397412e-7,1.85383001394e-7,1.45094404047e-7,1.00447095974e-7,8.24680554956e-8,4.42985026439e-8],"dvar":[0.0000565042901144,0.00000417934143115,0.0000012351931673,2.90310396167e-7,1.00669169001e-7,2.76709386071e-7,6.71332429647e-7,9.78706680144e-7,8.62271818391e-8,3.76851083672e-8,2.42765860747e-8,2.87550943057e-8,3.0375996829e-8,2.26311058782e-8,4.37890657068e-9,2.4795780984e-9,1.92172566749e-9,1.16358678248e-9,7.72997221787e-10,1.68440861259e-9,7.73769104345e-10,1.88432644488e-10,5.49121234594e-11,4.27184988772e-11,1.9505367807e-11,3.72264163939e-11,3.26806880169e-11,4.38666464264e-11,4.90074300585e-11,2.2082880663e-11,1.78666404588e-11,5.92592945201e-12,3.73382054442e-12,1.2766469739e-12,3.75451135026e-13,9.20839196995e-14,5.77328373367e-14,1.86417670715e-14,1.40290085999e-14,2.03398783954e-15],"dvar2":[0.000150476422277,0.0000113324285849,0.00000375754302695,8.39974973132e-7,2.48198091413e-7,6.41360884401e-7,0.00000148571677983,0.00000242972237174,2.08915039934e-7,8.72112906336e-8,6.00834582087e-8,6.73939197782e-8,7.62018217415e-8,5.88385518085e-8,1.11898579291e-8,5.80564663011e-9,5.19358955842e-9,3.16727577498e-9,2.17862616836e-9,4.58614080046e-9,2.15201323428e-9,5.16468867673e-10,1.4284416705e-10,1.07909882419e-10,4.99958095757e-11,9.71982216935e-11,7.77803516039e-11,9.83516740272e-11,9.891976821e-11,4.53121290489e-11,3.8445961692e-11,1.12807827315e-11,7.09176077238e-12,2.45605770964e-12,7.50039570382e-13,1.77983875468e-13,1.17411776916e-13,3.41301084074e-14,2.4617369368e-14,4.34269811002e-15],"max":[0.0854990780354,0.0377754606307,0.0157945938408,0.00903737265617,0.00783494114876,0.0117626320571,0.0194809883833,0.0233389139175,0.0140096871182,0.00435811188072,0.00423139939085,0.00428326334804,0.00503807887435,0.00310813356191,0.0021669275593,0.00184313964564,0.000785314012319,0.000646801723633,0.000472181563964,0.000997774885036,0.00041612808127,0.000224689545576,0.000103380363726,0.000102820544271,0.0000527579395566,0.000130323591293,0.000213023362448,0.000241257876041,0.000269386713626,0.000154241031851,0.000155854475452,0.000117332703667,0.000063408871938,0.0000368387081835,0.0000315996294376,0.0000142766803037,0.0000118347907119,0.00000410369011661,0.00000216881403503,7.78867104145e-7],"mean":[0.00362074445002,0.00204251357354,0.00137820572127,0.000744333490729,0.000408078747569,0.000398392527131,0.000704198668245,0.000624682346825,0.000127060251543,0.000120344091556,0.000112302441266,0.000108281332359,0.0000961464102147,0.000131138236611,0.0000683051548549,0.0000474939006381,0.00005354458699,0.0000432122251368,0.0000311903895636,0.0000507953154738,0.0000354687872459,0.0000173991866177,0.00000800252018962,0.00000468886173621,0.00000351460448655,0.00000425162716056,0.00000426636006523,0.00000432455135524,0.00000372542717741,0.00000272189754469,0.00000191685762729,0.00000138673215133,0.00000110682981358,7.48533011574e-7,4.13409679823e-7,2.53833377428e-7,1.90405586409e-7,1.24363381815e-7,9.56183683343e-8,3.73965214351e-8],"median":[0.00134246447124,0.00128546706401,0.000981654040515,0.000470961560495,0.000261416018475,0.000178787799086,0.000141121141496,0.0000804008159321,0.0000435059300798,0.0000445873411081,0.00005252698611,0.0000490771126351,0.0000450298648502,0.0000640813668724,0.0000377529249818,0.0000292038130283,0.000033213666029,0.0000268083695119,0.0000194049989659,0.0000333165444317,0.0000243763042818,0.0000117271783893,0.00000502251577927,0.00000210327357308,0.00000159660180543,0.0000018967300548,0.00000206797676583,0.00000189209220025,0.00000139504390972,0.00000120149070426,7.27007432033e-7,5.94005598487e-7,4.25877942689e-7,2.9830127346e-7,1.66191568951e-7,1.05166662934e-7,7.64788055108e-8,4.03418276562e-8,2.59754191489e-8,1.50372816421e-8],"min":[2.35877288228e-15,1.28694755522e-15,1.25209553758e-15,7.33073028652e-16,6.86378325731e-16,5.65478242675e-16,4.22919712446e-16,3.92960580618e-16,7.99470459079e-16,1.93515942338e-15,1.9092838374e-15,9.72938995029e-16,7.84689787089e-16,1.91377313849e-16,2.08522888592e-16,7.01903433802e-16,8.74418898868e-16,6.28354980657e-16,3.37232324255e-16,4.13690070876e-16,2.74929239336e-16,4.10357816792e-16,1.03918110079e-15,6.68791804164e-16,5.47058452446e-16,1.69870964676e-15,8.95334789313e-16,1.16910653166e-15,1.36505119274e-15,7.0618290895e-16,9.35082975033e-16,3.64826222456e-16,5.13071678954e-16,4.82357523132e-16,9.34774549162e-16,1.14852405455e-15,1.12492942241e-15,9.40478574907e-16,6.08329004202e-16,4.82084037369e-16],"var":[0.0000473768741358,0.00000549157903151,0.00000186212469089,6.88935358539e-7,2.32957660273e-7,6.16465229086e-7,0.00000284215479951,0.0000029843295124,1.5679862031e-7,7.2807146978e-8,3.96646271383e-8,4.46779111485e-8,4.24497343943e-8,4.27959534477e-8,9.62640989144e-9,4.67655114633e-9,4.03925115577e-9,2.54799825683e-9,1.32033839417e-9,3.62467389436e-9,1.53151058502e-9,3.74513475787e-10,9.26944354607e-11,5.80448154819e-11,2.8188137588e-11,4.72807383523e-11,6.26997412323e-11,9.16086512204e-11,1.11715608986e-10,4.94006537066e-11,3.68806582496e-11,1.4230422396e-11,7.96305556217e-12,2.93383676728e-12,8.16196611166e-13,2.31617432482e-13,1.26113231186e-13,5.08900918367e-14,3.84833766416e-14,3.6203251192e-15]},"melbands_crest":{"dmean":4.70768976212,"dmean2":7.89390277863,"dvar":21.1457824707,"dvar2":53.896812439,"max":38.7166824341,"mean":15.8722753525,"median":14.6919937134,"min":2.79435491562,"var":37.9163894653},"melbands_flatness_db":{"dmean":0.034847676754,"dmean2":0.0568318106234,"dvar":0.00106986367609,"dvar2":0.00282502314076,"max":0.650873363018,"mean":0.26166665554,"median":0.245015755296,"min":0.0116709480062,"var":0.00633361795917},"melbands_kurtosis":{"dmean":10.1261024475,"dmean2":17.0282478333,"dvar":396.4559021,"dvar2":1067.66638184,"max":404.368896484,"mean":18.4383430481,"median":8.46031093597,"min":-1.67055439949,"var":908.145935059},"melbands_skewness":{"dmean":0.912433981895,"dmean2":1.49435174465,"dvar":1.10445404053,"dvar2":2.93308210373,"max":16.7665805817,"mean":2.96987128258,"median":2.55559515953,"min":-0.580577552319,"var":3.48047971725},"melbands_spread":{"dmean":5.17539310455,"dmean2":8.43302440643,"dvar":52.8051071167,"dvar2":120.666976929,"max":252.195175171,"mean":15.9211559296,"median":13.7165555954,"min":0.390008538961,"var":161.166778564},"mfcc":{"cov":[[8488.9140625,-659.186706543,-1756.89147949,90.3514099121,-733.502624512,-155.932235718,-448.689544678,-87.4864578247,-135.7368927,202.050537109,70.4583587646,85.9054870605,112.623703003],[-659.186706543,1071.39794922,-188.63822937,-184.757736206,137.453414917,-23.5481948853,-20.4867897034,-62.8519439697,57.1041984558,-35.1287307739,-54.9382171631,24.5908222198,59.3721504211],[-1756.89147949,-188.63822937,817.397521973,-12.7576494217,127.44115448,-16.1613388062,90.5615386963,36.2623977661,13.2410030365,-37.6174087524,35.8538169861,-35.8161277771,-56.3918838501],[90.3514099121,-184.757736206,-12.7576494217,242.172561646,-36.6416015625,26.9631710052,28.4462890625,19.6921348572,-9.38219547272,19.9845581055,-6.55650043488,-3.4274559021,-31.2958698273],[-733.502624512,137.453414917,127.44115448,-36.6416015625,233.978012085,50.2671432495,75.462928772,25.5767402649,25.7376651764,-29.2297000885,0.694842755795,-17.6144943237,-4.77073907852],[-155.932235718,-23.5481948853,-16.1613388062,26.9631710052,50.2671432495,160.676925659,60.0640563965,22.6837692261,-5.1939868927,-24.8914604187,-37.3547439575,-1.69174253941,-6.28367996216],[-448.689544678,-20.4867897034,90.5615386963,28.4462890625,75.462928772,60.0640563965,146.874298096,41.528175354,5.9188990593,-18.0550003052,-6.19147777557,-12.690205574,-12.4582433701],[-87.4864578247,-62.8519439697,36.2623977661,19.6921348572,25.5767402649,22.6837692261,41.528175354,85.0432815552,16.387834549,7.067299366,12.9830636978,-16.5519924164,-18.063211441],[-135.7368927,57.1041984558,13.2410030365,-9.38219547272,25.7376651764,-5.1939868927,5.9188990593,16.387834549,76.216583252,20.8584461212,-3.16839742661,-0.212506875396,-1.27393090725],[202.050537109,-35.1287307739,-37.6174087524,19.9845581055,-29.2297000885,-24.8914604187,-18.0550003052,7.067299366,20.8584461212,86.9009780884,46.8085975647,4.14826345444,1.67585217953],[70.4583587646,-54.9382171631,35.8538169861,-6.55650043488,0.694842755795,-37.3547439575,-6.19147777557,12.9830636978,-3.16839742661,46.8085975647,100.079406738,15.2887277603,2.62882184982],[85.9054870605,24.5908222198,-35.8161277771,-3.4274559021,-17.6144943237,-1.69174253941,-12.690205574,-16.5519924164,-0.212506875396,4.14826345444,15.2887277603,57.5273513794,33.5733261108],[112.623703003,59.3721504211,-56.3918838501,-31.2958698273,-4.77073907852,-6.28367996216,-12.4582433701,-18.063211441,-1.27393090725,1.67585217953,2.62882184982,33.5733261108,68.2793426514]],"icov":[[0.000357569049811,0.000311257637804,0.000743851880543,0.000137366514537,0.000391496578231,0.000118375486636,0.000400004617404,-0.0000879660074133,0.000162838347023,-0.0000731165200705,-0.000240370325628,0.000150983119966,-0.000155328700203],[0.000311257637804,0.00173368037213,0.00110521249007,0.00093559891684,-0.000757414672989,0.000661079771817,0.000234536608332,0.000751983025111,-0.00068870454561,0.0000282204582618,0.000602767744567,-0.000419330346631,-0.000260212051217],[0.000743851880543,0.00110521249007,0.00327237439342,0.000581573287491,-0.0000593443146499,0.000975262606516,0.0000489544690936,0.000179151655175,-0.000253635720583,0.00094952917425,-0.00123702175915,0.000379761680961,0.000756022636779],[0.000137366514537,0.00093559891684,0.000581573287491,0.00565414084122,0.000385411869502,-0.0000594528610236,-0.0011611552909,-0.000345635897247,0.000906734087039,-0.00226450851187,0.0018622596981,-0.00209730002098,0.00278198020533],[0.000391496578231,-0.000757414672989,-0.0000593443146499,0.000385411869502,0.0077858902514,-0.00203727674671,-0.00164708588272,-0.000217805078137,-0.00209742342122,0.00248384522274,-0.00319514004514,0.00307292654179,-0.00134919036645],[0.000118375486636,0.000661079771817,0.000975262606516,-0.0000594528610236,-0.00203727674671,0.00934671983123,-0.00255175097845,-0.00170662323944,0.00176953885239,-0.000559368287213,0.00424189306796,-0.00302855833434,0.00118145532906],[0.000400004617404,0.000234536608332,0.0000489544690936,-0.0011611552909,-0.00164708588272,-0.00255175097845,0.0112333726138,-0.00359741598368,0.000356212083716,0.00100150995422,-0.00057733716676,0.000787985627539,-0.000990648753941],[-0.0000879660074133,0.000751983025111,0.000179151655175,-0.000345635897247,-0.000217805078137,-0.00170662323944,-0.00359741598368,0.0169656407088,-0.00460855942219,0.000986737315543,-0.00394558347762,0.00417256727815,0.00113035819959],[0.000162838347023,-0.00068870454561,-0.000253635720583,0.000906734087039,-0.00209742342122,0.00176953885239,0.000356212083716,-0.00460855942219,0.0183629337698,-0.0081464452669,0.00586698157713,-0.00368562689982,0.00152741151396],[-0.0000731165200705,0.0000282204582618,0.00094952917425,-0.00226450851187,0.00248384522274,-0.000559368287213,0.00100150995422,0.000986737315543,-0.0081464452669,0.0214801635593,-0.0116537055001,0.00451131537557,-0.00204057665542],[-0.000240370325628,0.000602767744567,-0.00123702175915,0.0018622596981,-0.00319514004514,0.00424189306796,-0.00057733716676,-0.00394558347762,0.00586698157713,-0.0116537055001,0.0200289040804,-0.00865330826491,0.00260148639791],[0.000150983119966,-0.000419330346631,0.000379761680961,-0.00209730002098,0.00307292654179,-0.00302855833434,0.000787985627539,0.00417256727815,-0.00368562689982,0.00451131537557,-0.00865330826491,0.0296834409237,-0.0137902898714],[-0.000155328700203,-0.000260212051217,0.000756022636779,0.00278198020533,-0.00134919036645,0.00118145532906,-0.000990648753941,0.00113035819959,0.00152741151396,-0.00204057665542,0.00260148639791,-0.0137902898714,0.0239196363837]],"mean":[-670.112915039,161.612792969,-7.82915687561,27.9212856293,7.61283111572,24.1576766968,-1.29326343536,3.15752673149,4.89102649689,1.44306445122,-8.12317371368,4.48970508575,5.29545116425]},"pitch_salience":{"dmean":0.085238546133,"dmean2":0.142584189773,"dvar":0.00664843060076,"dvar2":0.0171542242169,"max":0.905174911022,"mean":0.551947414875,"median":0.570763289928,"min":0.0857141017914,"var":0.0139044243842},"silence_rate_20dB":{"dmean":0,"dmean2":0,"dvar":0,"dvar2":0,"max":1,"mean":1,"median":1,"min":1,"var":0},"silence_rate_30dB":{"dmean":0.072914481163,"dmean2":0.14584428072,"dvar":0.0675941109657,"dvar2":0.163226380944,"max":1,"mean":0.940119743347,"median":1,"min":0,"var":0.0562905594707},"silence_rate_60dB":{"dmean":0.00672410149127,"dmean2":0.0134496167302,"dvar":0.00667939847335,"dvar2":0.0166312437505,"max":1,"mean":0.0277340058237,"median":0,"min":0,"var":0.0269660782069},"spectral_centroid":{"dmean":192.486968994,"dmean2":306.249725342,"dvar":65531.859375,"dvar2":129034.8125,"max":11181.4833984,"mean":949.80682373,"median":879.193481445,"min":120.957603455,"var":318401.25},"spectral_complexity":{"dmean":3.46543383598,"dmean2":5.51287174225,"dvar":15.0511894226,"dvar2":33.2566375732,"max":55,"mean":19.9183731079,"median":22,"min":0,"var":117.984321594},"spectral_contrast_coeffs":{"dmean":[0.0567859485745,0.0498598180711,0.0377936176956,0.0279577672482,0.0244930479676,0.0314832627773],"dmean2":[0.0952885225415,0.0826590210199,0.0627275258303,0.0472104735672,0.0402662307024,0.0493681952357],"dvar":[0.00194771622773,0.00159348011948,0.000898667203728,0.00049216276966,0.000530001416337,0.0008492290508],"dvar2":[0.00543370423838,0.00434880424291,0.00240326370113,0.00134944764432,0.00133471807931,0.00202919379808],"max":[-0.374730736017,-0.458020567894,-0.579342365265,-0.643786668777,-0.574349045753,-0.480296164751],"mean":[-0.669060945511,-0.753298044205,-0.804391980171,-0.815888941288,-0.818488299847,-0.748228669167],"median":[-0.671089828014,-0.765876412392,-0.808734178543,-0.815378665924,-0.811982631683,-0.74134773016],"min":[-0.964241147041,-0.973366558552,-0.966061234474,-0.989302039146,-0.980707108974,-0.959772408009],"var":[0.00516811013222,0.00638662744313,0.00276582455263,0.00155362847727,0.00213304627687,0.00498000578955]},"spectral_contrast_valleys":{"dmean":[0.413715451956,0.377411544323,0.326014846563,0.319434225559,0.367694556713,0.505778968334],"dmean2":[0.69038194418,0.620390295982,0.528610229492,0.512967467308,0.571428835392,0.770940124989],"dvar":[0.132019788027,0.115335606039,0.0991988033056,0.13402120769,0.195498526096,0.211007326841],"dvar2":[0.308901697397,0.263357043266,0.217304885387,0.293895602226,0.45589569211,0.52100199461],"max":[-5.12006807327,-4.71697473526,-5.27961587906,-5.69754266739,-5.85014677048,-8.90593147278],"mean":[-6.70864343643,-6.61816215515,-7.00824260712,-7.29340600967,-7.82325077057,-10.9434843063],"median":[-6.61781024933,-6.43462657928,-6.75738430023,-6.91878557205,-7.5345864296,-10.8372812271],"min":[-27.3269462585,-26.9766330719,-27.2495975494,-27.3522453308,-27.2049980164,-27.2214260101],"var":[0.575786948204,0.962908983231,1.03623306751,1.31045246124,1.22546958923,0.815998911858]},"spectral_decrease":{"dmean":4.83809969865e-9,"dmean2":7.97216515025e-9,"dvar":6.01961698719e-17,"dvar2":1.54610922331e-16,"max":4.00294242198e-9,"mean":-8.37494251726e-9,"median":-5.74995295821e-9,"min":-7.94359209522e-8,"var":7.93678275732e-17},"spectral_energy":{"dmean":0.0185033120215,"dmean2":0.0304717943072,"dvar":0.000850940588862,"dvar2":0.00217125355266,"max":0.315648257732,"mean":0.0459482781589,"median":0.038730725646,"min":8.5035960478e-13,"var":0.00133201526478},"spectral_energyband_high":{"dmean":0.000245401111897,"dmean2":0.000357649551006,"dvar":2.03348832883e-7,"dvar2":3.64264423069e-7,"max":0.0131375929341,"mean":0.000789396988694,"median":0.000636320037302,"min":6.23342740272e-13,"var":8.52620075875e-7},"spectral_energyband_low":{"dmean":0.0147753460333,"dmean2":0.0250473227352,"dvar":0.000692249916028,"dvar2":0.00181558646727,"max":0.29663708806,"mean":0.0186099540442,"median":0.0101837422699,"min":1.31104682842e-14,"var":0.000652817660011},"spectral_energyband_middle_high":{"dmean":0.00166793435346,"dmean2":0.0026747577358,"dvar":0.00000606956609772,"dvar2":0.0000149434645209,"max":0.0486579574645,"mean":0.00515589397401,"median":0.00398918613791,"min":1.07016724313e-13,"var":0.0000247768075496},"spectral_energyband_middle_low":{"dmean":0.00504469219595,"dmean2":0.00820820312947,"dvar":0.000051857005019,"dvar2":0.000131212203996,"max":0.122343540192,"mean":0.0140986470506,"median":0.00931273959577,"min":3.0930590527e-14,"var":0.000227636672207},"spectral_entropy":{"dmean":0.196813881397,"dmean2":0.306630164385,"dvar":0.0534013174474,"dvar2":0.139067292213,"max":9.80735683441,"mean":7.39829206467,"median":7.52297592163,"min":4.74721765518,"var":0.236363187432},"spectral_flux":{"dmean":0.0334604009986,"dmean2":0.0551326572895,"dvar":0.00203243386932,"dvar2":0.00489481957629,"max":0.457518965006,"mean":0.114811889827,"median":0.106333114207,"min":0.0000223126608034,"var":0.00402699038386},"spectral_kurtosis":{"dmean":4.44529724121,"dmean2":6.97249507904,"dvar":54.8321495056,"dvar2":147.016143799,"max":161.531234741,"mean":17.4154911041,"median":16.1534175873,"min":-1.17041122913,"var":101.654754639},"spectral_rms":{"dmean":0.00118469039444,"dmean2":0.00190339901019,"dvar":0.00000224522136705,"dvar2":0.00000538826679986,"max":0.0175484903157,"mean":0.00619293935597,"median":0.0061470377259,"min":2.8803109231e-8,"var":0.00000647504339213},"spectral_rolloff":{"dmean":5050.23388672,"dmean2":9733.1484375,"dvar":65295324,"dvar2":158761824,"max":22006.9335938,"mean":12165.2207031,"median":19982.8125,"min":43.06640625,"var":100393192},"spectral_skewness":{"dmean":0.371405333281,"dmean2":0.576701819897,"dvar":0.244864374399,"dvar2":0.641986489296,"max":10.7124919891,"mean":2.85069274902,"median":2.80530047417,"min":-0.00263749132864,"var":0.759838938713},"spectral_spread":{"dmean":507744.0625,"dmean2":778886.5,"dvar":363706712064,"dvar2":794531004416,"max":39191020,"mean":4086202.25,"median":3860002.75,"min":947099.8125,"var":1366603333630},"spectral_strongpeak":{"dmean":3.52382111549,"dmean2":6.68276882172,"dvar":142.442169189,"dvar2":429.692871094,"max":117.377952576,"mean":3.06817269325,"median":0.319212734699,"min":0,"var":121.401000977},"zerocrossingrate":{"dmean":0.0399390272796,"dmean2":0.0519072152674,"dvar":0.00125089823268,"dvar2":0.002073550364,"max":0.71728515625,"mean":0.262311309576,"median":0.2568359375,"min":0.017578125,"var":0.0109867760912}},"metadata":{"audio_properties":{"analysis_sample_rate":44100,"bit_rate":256000,"codec":"mp3","downmix":"mix","equal_loudness":0,"length":220.99697876,"lossless":false,"md5_encoded":"1c8df54688942f1681852969f3798fdb","replay_gain":-4.03124046326},"tags":{"album":["All We Know Is Falling"],"albumartist":["Paramore"],"albumartistsort":["Paramore"],"artist":["Paramore"],"artistsort":["Paramore"],"asin":["B0009W5K0Y"],"barcode":["645131207623"],"catalognumber":["FBR076"],"composer":[""],"conductor":[""],"copyright":["2005 Fueled By Ramen, Inc"],"date":["2006"],"discnumber":["1/1"],"file_name":"06. Never Let This Go.mp3","genre":["Alternative & Punk"],"label":["Fueled by Ramen"],"media":["CD"],"musicbrainz album release country":["GB"],"musicbrainz album status":["official"],"musicbrainz album type":["album"],"musicbrainz_albumartistid":["44cf61b8-5197-448a-b82b-cef6ee89fac5"],"musicbrainz_albumid":["3dffd375-9308-3360-b71e-faee30b2688d"],"musicbrainz_artistid":["44cf61b8-5197-448a-b82b-cef6ee89fac5"],"musicbrainz_recordingid":["9b6ccd6e-5406-48de-bfb9-158f6cfb1e0c"],"originaldate":["2005"],"script":["Latn"],"title":["Never Let This Go"],"tracknumber":["6/10"]},"version":{"essentia":"2.1-beta1","essentia_build_sha":"12879b851c9f4b0d899e1af4e221aa110f283a84","essentia_git_sha":"v2.1_beta1-7-ge0e83e8-dirty","extractor":"music 1.0"}},"rhythm":{"beats_count":531,"beats_loudness":{"dmean":0.0227905306965,"dmean2":0.0398573838174,"dvar":0.000423210440204,"dvar2":0.0011833992321,"max":0.177561789751,"mean":0.0580489709973,"median":0.055203769356,"min":0.0000346343658748,"var":0.000929216912482},"beats_loudness_band_ratio":{"dmean":[0.219634622335,0.0773233249784,0.102946467698,0.0477664023638,0.0257970113307,0.0875804200768],"dmean2":[0.393088102341,0.138979658484,0.18328152597,0.0854610875249,0.0465461723506,0.156466409564],"dvar":[0.0283521283418,0.00653134426102,0.0175847671926,0.00309708784334,0.000549881020561,0.0063390629366],"dvar2":[0.0909207463264,0.0193409