{"lowlevel":{"average_loudness":0.858325660229,"barkbands":{"dmean":[0.000688060303219,0.00989951007068,0.0032421508804,0.00204435735941,0.00183084409218,0.00145986152347,0.00133154576179,0.001129420707,0.00221281778067,0.00103404372931,0.000583194079809,0.000390168337617,0.000297434482491,0.000251122110058,0.000184770367923,0.000206192824407,0.000216793283471,0.0000879744038684,0.000107623738586,0.0000694452464813,0.0000411405162595,0.0000304655532091,0.0000383658989449,0.0000447557031293,0.0000227989148698,0.0000142854732985,0.00000115011846447],"dmean2":[0.000884789100382,0.0146503336728,0.00562367402017,0.0035114493221,0.00307923345827,0.00238404935226,0.00217646732926,0.00180299568456,0.00365295563824,0.00171577406581,0.000962467573117,0.000634706520941,0.000484107993543,0.000410262844525,0.00030307052657,0.00032725330675,0.00036292988807,0.00014091921912,0.000171290637809,0.00011143147276,0.000063093539211,0.0000464559234388,0.0000573024663026,0.0000657212876831,0.0000330598086293,0.0000210237030842,0.00000174768581473],"dvar":[0.00000241864586314,0.000507808290422,0.0000323265012412,0.0000142154203786,0.0000128922047224,0.00000567795223105,0.00000698038820701,0.00000629366513749,0.0000195012671611,0.00000518595015819,0.00000216231069317,7.20989874026e-7,4.48789961638e-7,2.11611833834e-7,1.33548368808e-7,1.8691572734e-7,1.89005376683e-7,2.95167321696e-8,3.69890962304e-8,2.05700150246e-8,1.31027100281e-8,8.2799838097e-9,1.4666567516e-8,3.30980434171e-8,9.0843625955e-9,8.93279406e-9,6.36891997474e-11],"dvar2":[0.00000427053282692,0.00112170679495,0.0000926211796468,0.0000404833226639,0.0000345274565916,0.0000147915743582,0.0000162312408065,0.0000144450486914,0.0000527542506461,0.0000139236035466,0.00000596654399487,0.00000177776610144,0.00000112387544959,5.54027565158e-7,3.33447076173e-7,4.27989760965e-7,5.12521808105e-7,6.8825535493e-8,8.81447661527e-8,4.96418515183e-8,2.82931562623e-8,1.86741022645e-8,3.20502415718e-8,6.15757116407e-8,1.66671991764e-8,1.77588237449e-8,1.305990871e-10],"max":[0.0262654628605,0.284058362246,0.087264418602,0.0490610413253,0.0526355095208,0.0513554960489,0.0472941212356,0.0731455385685,0.0899223834276,0.0491458214819,0.0341804213822,0.025484809652,0.0233660712838,0.00880406051874,0.00921127479523,0.0107069350779,0.0171137619764,0.00569122005254,0.00456990022212,0.00386016792618,0.00299374992028,0.00200889073312,0.00315189361572,0.00566984340549,0.00280165392905,0.00448945676908,0.000340583384968],"mean":[0.00166976603214,0.0164461601526,0.00407026428729,0.00275902240537,0.00270625995472,0.00244791293517,0.0019344225293,0.00166998244822,0.00358323962428,0.00169038318563,0.000925096450374,0.000668632856105,0.000500878610183,0.000456343521364,0.000324468564941,0.000373496848624,0.000401169760153,0.000170830564457,0.000229577315622,0.000138588482514,0.0000734202840249,0.0000516159416293,0.0000651545269648,0.0000803987422842,0.0000393575428461,0.0000222896414925,0.00000157006763857],"median":[0.000114175622002,0.00340730021708,0.00186821224634,0.0010215343209,0.00152524933219,0.0014166070614,0.000969987246208,0.000712814624421,0.00114362500608,0.000613067299128,0.000268499657977,0.00024983464391,0.000198301320779,0.000234828155953,0.000143843732076,0.000151765852934,0.000196621433133,0.0000853759775055,0.00012470591173,0.0000679743970977,0.0000252365734923,0.000014111064047,0.0000101097639345,0.0000088832603069,0.00000463345759272,7.39575114039e-7,3.51212179339e-8],"min":[1.29028740231e-23,3.4014457921e-23,1.5553104299e-23,2.05295418117e-23,9.21537843148e-23,6.41052857825e-23,5.96780658538e-23,5.7173527143e-23,4.40413785865e-23,7.67730035252e-23,3.78034483566e-23,3.58574641875e-23,2.43121301678e-22,1.31341743514e-22,1.29881820724e-22,1.05808196656e-22,6.99402122194e-23,3.29244641958e-22,2.96910609226e-22,4.56683467744e-22,5.16089717373e-22,5.38496749717e-22,7.17753513339e-22,7.02901471304e-22,1.06056318023e-21,1.65008648252e-21,2.24801356422e-21],"var":[0.0000103468073576,0.000969137472566,0.000035179175029,0.0000188524863916,0.0000145232079376,0.0000103130305433,0.0000103292877611,0.0000105376329884,0.0000368861183233,0.0000105575709313,0.00000417314959122,0.00000163947709098,8.00354598596e-7,4.6508239393e-7,2.75682708661e-7,4.50680147424e-7,3.73717341517e-7,8.28973867328e-8,9.77377041522e-8,4.66979841462e-8,2.4203679061e-8,1.32090880456e-8,2.98401765519e-8,9.10884523364e-8,2.45820963585e-8,2.5407237203e-8,1.44324580065e-10]},"barkbands_crest":{"dmean":2.97089982033,"dmean2":4.78372621536,"dvar":7.79050111771,"dvar2":18.3367347717,"max":26.8889503479,"mean":10.6866817474,"median":9.53711700439,"min":2.47122526169,"var":23.1528835297},"barkbands_flatness_db":{"dmean":0.0279638692737,"dmean2":0.0410135239363,"dvar":0.00124800531194,"dvar2":0.00260865874588,"max":0.843069911003,"mean":0.192707926035,"median":0.171512499452,"min":0.0381776019931,"var":0.00916517246515},"barkbands_kurtosis":{"dmean":4.93338012695,"dmean2":7.75255346298,"dvar":392.614074707,"dvar2":963.455078125,"max":953.567687988,"mean":7.08914279938,"median":2.10467624664,"min":-1.95840752125,"var":776.925292969},"barkbands_skewness":{"dmean":0.651550233364,"dmean2":0.995257496834,"dvar":0.969759047031,"dvar2":2.07463240623,"max":26.1690597534,"mean":1.59165561199,"median":1.31615114212,"min":-25.0410404205,"var":2.64251708984},"barkbands_spread":{"dmean":4.03958559036,"dmean2":6.21102190018,"dvar":30.9409122467,"dvar2":63.273235321,"max":108.287864685,"mean":15.1626939774,"median":13.3848800659,"min":0.13312895596,"var":121.763809204},"dissonance":{"dmean":0.0258750058711,"dmean2":0.0438114665449,"dvar":0.000933623115998,"dvar2":0.00259127910249,"max":0.500000059605,"mean":0.453807294369,"median":0.465974122286,"min":0.0501384399831,"var":0.00195790315047},"dynamic_complexity":3.92826366425,"erbbands":{"dmean":[0.419607788324,1.82714736462,3.17923069,5.83610296249,5.56890249252,7.32403373718,8.61162948608,13.1531019211,18.6797046661,17.0846977234,32.1884994507,49.2959899902,34.1024246216,24.8216094971,18.5828113556,14.7448329926,12.8668680191,9.68719005585,11.4516716003,9.24423980713,11.078163147,12.3611440659,5.15932178497,4.51560306549,5.2985329628,2.9281899929,2.02417945862,1.35898733139,1.01412093639,1.08819556236,1.16640996933,1.19262909889,0.588124036789,0.301358759403,0.143370479345,0.0741805285215,0.0270108561963,0.00321568711661,0.000202470851946,0.0000213493040064],"dmean2":[0.577345073223,2.89397096634,5.36576938629,10.07051754,9.41927337646,12.6180257797,14.1757583618,21.6644325256,30.5317974091,27.8959789276,52.0670280457,81.2834701538,55.4189567566,40.4824180603,30.3814601898,23.7658920288,20.9095935822,15.79550457,18.7464523315,15.0014467239,17.5963516235,20.5219764709,8.15446949005,7.07704353333,8.51398468018,4.62563514709,3.13531565666,2.07796573639,1.54816150665,1.65603399277,1.75974988937,1.76435709,0.847976028919,0.435765326023,0.211100712419,0.108895473182,0.0407188311219,0.00469659501687,0.000308469374431,0.0000319033351843],"dvar":[0.954795181751,18.1353149414,28.8691177368,107.914039612,119.189880371,257.988769531,247.130081177,508.070373535,1611.47546387,1061.5513916,4396.43798828,10727.0761719,5521.41699219,2070.30639648,2267.67138672,978.191650391,791.905334473,285.969940186,545.083251953,360.846008301,539.118652344,597.337219238,97.078742981,81.594039917,81.0758972168,41.3926200867,28.575712204,14.8618745804,8.85857105255,10.9508047104,14.4524993896,21.9189300537,6.20221233368,1.50583803654,0.479810982943,0.219206392765,0.0350690335035,0.000512415834237,0.00000179039489012,1.97063076968e-9],"dvar2":[1.83191359043,44.3433074951,79.5421829224,308.313476563,314.986968994,717.784423828,609.864135742,1354.5402832,3729.68383789,2566.61230469,11023.0722656,28845.1523438,14650.6064453,5424.44824219,6046.26074219,2406.90649414,1999.76184082,719.380737305,1406.203125,873.700195313,1233.39086914,1558.80322266,219.73664856,188.812255859,205.338134766,95.3904953003,62.5343399048,32.3507385254,20.0099563599,25.2093086243,31.4788627625,43.8347244263,11.298286438,2.79361367226,0.947415053844,0.427608370781,0.0778795257211,0.000983812380582,0.0000037151644392,4.28405311226e-9],"max":[12.8840513229,57.3123054504,79.2981414795,142.541824341,152.166244507,225.621704102,325.495635986,630.964111328,769.879272461,578.43359375,1376.76135254,2439.80883789,1963.3828125,792.266052246,1367.06359863,722.858276367,793.975463867,363.097015381,829.268920898,435.034759521,718.938415527,967.462097168,408.848388672,249.341659546,179.001724243,167.075088501,132.650512695,99.7190856934,78.8765869141,60.3557510376,93.0093841553,135.315643311,75.4113998413,40.123374939,23.1036205292,23.3758831024,7.9269452095,0.88123857975,0.0557948388159,0.00153085810598],"mean":[0.757982850075,2.55403542519,4.39038467407,8.30297851563,7.78651428223,9.8279914856,13.4076652527,21.6017417908,27.0495796204,27.5514125824,52.6499519348,79.4055480957,58.0395851135,44.2224388123,33.3635444641,27.2234230042,23.6392936707,19.5562725067,21.9529304504,17.7558231354,21.5472431183,23.5060386658,11.3422555923,9.49018573761,11.9463300705,6.13089704514,3.70387244225,2.4276227951,1.78873968124,1.77112400532,1.93980300426,2.03049945831,1.06551492214,0.535215377808,0.230287015438,0.11451844871,0.0397407896817,0.004778589122,0.00029673622339,0.0000591210337006],"median":[0.0923890992999,0.72708684206,2.15307712555,3.81402778625,3.95603227615,4.80631446838,7.58241796494,12.210483551,13.4323987961,14.7927541733,21.6902389526,25.2326774597,23.4178447723,20.0855922699,12.6129550934,11.3625993729,10.5055875778,11.2313156128,10.9735364914,8.24921798706,10.2601079941,11.4395246506,5.88789224625,4.86276054382,6.68329620361,3.1601934433,1.42808783054,0.795607984066,0.530774533749,0.320507049561,0.281103044748,0.213128849864,0.124752752483,0.0703084170818,0.0182520896196,0.00436631031334,0.00115846563131,0.000140662144986,0.0000330218717863,0.0000423039200541],"min":[4.63526488998e-22,9.36729052458e-21,2.04866723712e-20,5.57654860569e-20,3.412313251e-20,4.0366780954e-19,6.41268616256e-19,4.32964375487e-19,1.10098773507e-18,8.46542739344e-19,9.04968470562e-19,1.04288150236e-18,1.88086168159e-18,2.4926971954e-18,1.54852729144e-18,1.65912557864e-18,1.06774202276e-17,9.33564559288e-18,5.27986613938e-18,6.78981775955e-18,5.8234784846e-18,5.29918990567e-18,1.60622526916e-17,1.57158443403e-17,2.00315218743e-17,1.81089324463e-17,1.81992192102e-17,2.27429173518e-17,1.95444564229e-17,1.82176967707e-17,2.09589633945e-17,1.50074634073e-17,1.15657997978e-17,1.06957679207e-17,8.80782247119e-18,5.47588685144e-18,3.10497297609e-18,1.19227528407e-18,3.46521364837e-19,3.13473373253e-20],"var":[2.31036615372,24.3288536072,36.4274330139,149.525924683,136.132614136,247.117919922,358.819213867,858.340087891,2300.0769043,1758.76586914,8654.95703125,19406.203125,11573.6923828,4450.03173828,4783.90869141,2181.86572266,1576.24279785,702.506774902,1184.36279297,808.497680664,1360.61450195,1322.02478027,341.345336914,199.467391968,242.739944458,90.2239303589,53.7676315308,27.0186710358,15.1896371841,17.1138401031,29.2693920135,55.2761306763,17.0502281189,3.94987821579,1.16016161442,0.608209013939,0.0862880051136,0.00132815679535,0.00000406599883718,5.94345372917e-9]},"erbbands_crest":{"dmean":3.0012819767,"dmean2":4.96096324921,"dvar":8.26367664337,"dvar2":21.0416660309,"max":31.1647815704,"mean":9.68411827087,"median":8.54867362976,"min":2.04851651192,"var":21.7542457581},"erbbands_flatness_db":{"dmean":0.0206572394818,"dmean2":0.0307631436735,"dvar":0.000618934107479,"dvar2":0.00122457032558,"max":0.607667207718,"mean":0.207993909717,"median":0.195072546601,"min":0.0326464809477,"var":0.00548786483705},"erbbands_kurtosis":{"dmean":1.69958794117,"dmean2":2.75505924225,"dvar":31.2960338593,"dvar2":79.9687805176,"max":278.012023926,"mean":1.61502754688,"median":0.306732177734,"min":-1.87571406364,"var":37.5429801941},"erbbands_skewness":{"dmean":0.439789235592,"dmean2":0.697462677956,"dvar":0.349990069866,"dvar2":0.872753381729,"max":6.61548471451,"mean":0.55934792757,"median":0.511405169964,"min":-12.5259075165,"var":0.76905298233},"erbbands_spread":{"dmean":6.75320482254,"dmean2":10.4177284241,"dvar":73.9892272949,"dvar2":141.511825562,"max":167.557144165,"mean":28.9616470337,"median":25.2823734283,"min":0.24096609652,"var":362.88659668},"gfcc":{"cov":[[19695.828125,-2457.77001953,-152.165237427,1083.25927734,-1119.17004395,1851.85681152,-1006.55828857,556.842834473,-661.885559082,199.72895813,-120.366722107,225.941833496,-206.031204224],[-2457.77001953,2443.86645508,1.12231314182,-100.172271729,718.862304688,-702.628173828,627.745239258,-277.542388916,273.993896484,-203.919937134,68.0879440308,-207.625701904,108.604904175],[-152.165237427,1.12231314182,2065.93481445,269.302764893,124.166465759,539.650024414,-105.597465515,133.339447021,20.8710899353,56.5559806824,-17.0260829926,26.7272090912,-74.3772888184],[1083.25927734,-100.172271729,269.302764893,661.534606934,99.4800491333,180.742965698,-17.2548370361,-62.5829086304,62.0679473877,-16.4979400635,31.2878303528,20.2550487518,18.3850860596],[-1119.17004395,718.862304688,124.166465759,99.4800491333,625.420654297,-164.261062622,232.901733398,-30.0372562408,79.9995346069,-16.1524200439,24.7219352722,-40.6714286804,52.3544387817],[1851.85681152,-702.628173828,539.650024414,180.742965698,-164.261062622,618.556335449,-169.431777954,183.06892395,-86.1952514648,79.5653915405,-3.36186408997,69.0787734985,-36.8834381104],[-1006.55828857,627.745239258,-105.597465515,-17.2548370361,232.901733398,-169.431777954,368.363952637,-21.1863555908,125.303871155,-30.5653839111,29.3269062042,-47.4265937805,53.8555450439],[556.842834473,-277.542388916,133.339447021,-62.5829086304,-30.0372562408,183.06892395,-21.1863555908,224.387878418,-12.9793796539,73.871635437,-4.48897743225,30.2014007568,-4.16473484039],[-661.885559082,273.993896484,20.8710899353,62.0679473877,79.9995346069,-86.1952514648,125.303871155,-12.9793796539,206.881072998,-10.279091835,32.7792510986,-4.21287631989,31.5023841858],[199.72895813,-203.919937134,56.5559806824,-16.4979400635,-16.1524200439,79.5653915405,-30.5653839111,73.871635437,-10.279091835,120.078849792,31.5559062958,33.6513671875,-10.1971712112],[-120.366722107,68.0879440308,-17.0260829926,31.2878303528,24.7219352722,-3.36186408997,29.3269062042,-4.48897743225,32.7792510986,31.5559062958,97.7569580078,24.7974700928,25.8156471252],[225.941833496,-207.625701904,26.7272090912,20.2550487518,-40.6714286804,69.0787734985,-47.4265937805,30.2014007568,-4.21287631989,33.6513671875,24.7974700928,99.0607223511,20.3054656982],[-206.031204224,108.604904175,-74.3772888184,18.3850860596,52.3544387817,-36.8834381104,53.8555450439,-4.16473484039,31.5023841858,-10.1971712112,25.8156471252,20.3054656982,82.782875061]],"icov":[[0.000141065116622,-0.00031290287734,0.000226393516641,-0.000351458438672,0.000253351405263,-0.000480607559439,0.000338346348144,-0.00037657818757,0.000316695892252,-0.000198026144062,0.000309037422994,-0.000301204097923,0.000262229761574],[-0.00031290287734,0.00258494215086,-0.00100237689912,0.00129180913791,-0.00153090595268,0.00206619128585,-0.00225372286513,0.00168378953822,-0.0011093247449,0.00204540858977,-0.00217759492807,0.00252178986557,-0.00118321110494],[0.000226393516641,-0.00100237689912,0.0012327778386,-0.000686208077241,0.000253769016126,-0.00181791151408,0.00112802884541,-0.00069777679164,0.000159270988661,-0.000689407926984,0.00101252517197,-0.000936733325943,0.0011675702408],[-0.000351458438672,0.00129180913791,-0.000686208077241,0.0032825411763,-0.00151624169666,0.0000768195313867,-0.00083991268184,0.00273147597909,-0.00195513549261,0.00116947875358,-0.00145953416359,0.0012430108618,-0.0011997098336],[0.000253351405263,-0.00153090595268,0.000253769016126,-0.00151624169666,0.00350118940696,-0.000368195731426,0.00000763817024563,-0.0015472600935,0.00136841705535,-0.00161599484272,0.00130230304785,-0.00106940278783,-0.000121008051792],[-0.000480607559439,0.00206619128585,-0.00181791151408,0.0000768195313867,-0.000368195731426,0.00643095094711,-0.00177072861698,-0.001264792867,0.000270795106189,0.00141234090552,-0.00216657388955,0.00105899700429,-0.000883935892489],[0.000338346348144,-0.00225372286513,0.00112802884541,-0.00083991268184,0.00000763817024563,-0.00177072861698,0.00706566218287,-0.00205728271976,-0.00110339955427,-0.00117211486213,0.00111034885049,-0.000200886453968,-0.00051658693701],[-0.00037657818757,0.00168378953822,-0.00069777679164,0.00273147597909,-0.0015472600935,-0.001264792867,-0.00205728271976,0.00981234479696,-0.00211219210178,-0.00264734984376,0.000564949470572,0.00140193407424,-0.00217510876246],[0.000316695892252,-0.0011093247449,0.000159270988661,-0.00195513549261,0.00136841705535,0.000270795106189,-0.00110339955427,-0.00211219210178,0.00800152588636,-0.000467166653834,-0.000440085685113,-0.0016171883326,0.00011909915338],[-0.000198026144062,0.00204540858977,-0.000689407926984,0.00116947875358,-0.00161599484272,0.00141234090552,-0.00117211486213,-0.00264734984376,-0.000467166653834,0.0148768685758,-0.006606628187,-0.000639323960058,0.00245259213261],[0.000309037422994,-0.00217759492807,0.00101252517197,-0.00145953416359,0.00130230304785,-0.00216657388955,0.00111034885049,0.000564949470572,-0.000440085685113,-0.006606628187,0.0159836933017,-0.00415642000735,-0.00223431177437],[-0.000301204097923,0.00252178986557,-0.000936733325943,0.0012430108618,-0.00106940278783,0.00105899700429,-0.000200886453968,0.00140193407424,-0.0016171883326,-0.000639323960058,-0.00415642000735,0.0168073307723,-0.00611611735076],[0.000262229761574,-0.00118321110494,0.0011675702408,-0.0011997098336,-0.000121008051792,-0.000883935892489,-0.00051658693701,-0.00217510876246,0.00011909915338,0.00245259213261,-0.00223431177437,-0.00611611735076,0.0179632678628]],"mean":[-48.6804199219,143.093139648,-129.87512207,22.9781475067,-49.1955299377,0.88278311491,-23.6482658386,9.96187496185,-11.4037494659,-4.76406478882,-7.7269525528,-7.93834161758,-3.99116849899]},"hfc":{"dmean":4.81919670105,"dmean2":7.35990810394,"dvar":40.6606559753,"dvar2":89.7057571411,"max":104.538856506,"mean":18.8293380737,"median":16.0929107666,"min":1.15381941337e-16,"var":224.452285767},"melbands":{"dmean":[0.00312997377478,0.00171870307531,0.000933821254876,0.000448793260148,0.000291736942017,0.00029091903707,0.000275285827229,0.000192408726434,0.000313087744871,0.000298469676636,0.000176657486008,0.000110839719127,0.0000756403605919,0.0000426224942203,0.0000427815284638,0.000023719490855,0.0000196093515115,0.0000219863995881,0.000014218180695,0.0000132547311296,0.0000139821913763,0.0000148867475218,0.00000655335406918,0.00000447889169664,0.0000039145570554,0.00000461975423605,0.00000345941316482,0.00000191873095901,0.00000138982898079,0.00000106808784039,7.51932645926e-7,6.17724992935e-7,5.85649331697e-7,6.13776649061e-7,6.50432525617e-7,8.09947835023e-7,7.40146163025e-7,4.61450440525e-7,3.29019599121e-7,2.44118325554e-7],"dmean2":[0.00449271220714,0.00281727965921,0.00159058964346,0.00076191133121,0.000483768351842,0.00047634029761,0.000450378021924,0.000310905947117,0.000511963560712,0.000492236111313,0.000288068345981,0.000180926552275,0.000124319834867,0.0000696591523592,0.0000690636443323,0.0000385741768696,0.0000320750696119,0.0000359732075594,0.0000233453338296,0.0000212282502616,0.0000224660871027,0.000025045734219,0.0000107061141534,0.00000710392305336,0.00000619607817498,0.00000745843408367,0.00000564570382267,0.00000304452601085,0.00000218414220399,0.00000165349126746,0.00000117389890875,9.65176809586e-7,8.96404060313e-7,9.47958255892e-7,0.00000100109980394,0.00000123407778574,0.00000110302244138,6.7633902745e-7,4.88267403398e-7,3.61007181482e-7],"dvar":[0.0000521233523614,0.00000896478559298,0.00000275360252999,8.29229577448e-7,2.56833061485e-7,2.31186476185e-7,3.30559203121e-7,1.49844140651e-7,4.1390393335e-7,3.77525253725e-7,1.47450265331e-7,4.22046220194e-8,4.24111057384e-8,9.81974057623e-9,1.05020809826e-8,2.2789281573e-9,1.26917509835e-9,2.18447326894e-9,8.63183524658e-10,9.68263691448e-10,9.11249853353e-10,9.84834658269e-10,1.17405474231e-10,9.22707812934e-11,6.76709799308e-11,6.57570178864e-11,4.48116023455e-11,2.08738391155e-11,1.20657737274e-11,1.04776083643e-11,4.00918664586e-12,3.26356996982e-12,3.1656496001e-12,3.40833047549e-12,4.26021197486e-12,8.85639738629e-12,9.64021831112e-12,4.2051731021e-12,1.94715467708e-12,1.03865115293e-12],"dvar2":[0.000109109860205,0.0000226005740842,0.00000770944734541,0.00000222894868784,6.44684121198e-7,6.11428163211e-7,7.6751382494e-7,3.45991367112e-7,0.00000108387257569,0.00000101137561614,3.91338573991e-7,1.09934326531e-7,1.15517472921e-7,2.42465230116e-8,2.55361722878e-8,5.77131675783e-9,3.14461989781e-9,5.70368818842e-9,2.14808970611e-9,2.25494778405e-9,2.19055529271e-9,2.64069832667e-9,3.02291025545e-10,2.07708447664e-10,1.59595336946e-10,1.62224178535e-10,1.19393731013e-10,4.8998537866e-11,2.70958481347e-11,2.29823070297e-11,9.02356661614e-12,7.67899979714e-12,7.06895089339e-12,8.10426812464e-12,9.66089621496e-12,1.93443056712e-11,1.92785423042e-11,8.02702956187e-12,3.7676476522e-12,2.0310294245e-12],"max":[0.094544172287,0.03946531564,0.0233170446008,0.0130257215351,0.00895418599248,0.0123914284632,0.0114223342389,0.00956087000668,0.0127793988213,0.0134056722745,0.00965738855302,0.00374749233015,0.00568711478263,0.00319665996358,0.00338676688261,0.00111893203575,0.000738919829018,0.00165627268143,0.000935879827011,0.000653337163385,0.000838665873744,0.00136222678702,0.000235902058193,0.000327678601025,0.000238410138991,0.000200451962883,0.00017658653087,0.000130450600409,0.000103670165117,0.0000958860255196,0.0000393549744331,0.0000478460460727,0.0000354440089723,0.0000317733720294,0.0000458193244413,0.0000766605153331,0.0000995921363938,0.0000701118769939,0.00004121699385,0.0000416933580709],"mean":[0.00544801121578,0.0026254367549,0.00138829473872,0.000644869636744,0.000462162308395,0.000488229386974,0.00040290877223,0.000304197106743,0.000503116287291,0.000476943852846,0.000287655624561,0.000188069330761,0.000124671001686,0.0000723239645595,0.000073443276051,0.000040910232201,0.000036018598621,0.0000388228763768,0.0000247583193413,0.0000233945847867,0.0000249747990893,0.0000260236993199,0.0000132599116114,0.00000830208682601,0.00000733934484742,0.00000944577550399,0.0000071000627031,0.00000342440534951,0.0000024156888685,0.00000176167748123,0.0000012792806956,0.00000102299770788,9.50204764649e-7,9.66183051787e-7,0.00000103513878003,0.00000129970442231,0.00000121951927667,7.82595520832e-7,5.68873417706e-7,4.09248116284e-7],"median":[0.000906198634766,0.00137297587935,0.00071068824036,0.000343772466294,0.000274358899333,0.000288419862045,0.00020492215117,0.000158830109285,0.00019377307035,0.000147822313011,0.000104918464785,0.0000803876537248,0.000038813912397,0.0000269169740932,0.0000235602838075,0.0000173331391125,0.0000190026930795,0.0000173812441062,0.0000108747781269,0.00000899338283489,0.0000114227086669,0.0000121605980894,0.00000669934479447,0.00000374892965738,0.00000346623414771,0.00000505665047967,0.00000367185020878,0.00000153934365699,9.07287358132e-7,5.37078051366e-7,4.09907698895e-7,3.03831058091e-7,1.99341997131e-7,1.63577965395e-7,1.51393948045e-7,1.49987556597e-7,1.07749251299e-7,7.70627650581e-8,6.93442245847e-8,4.90397198405e-8],"min":[8.06489264326e-24,1.2045626766e-23,8.10306404474e-24,1.21895867814e-23,2.42393006357e-23,1.18228414023e-23,1.52363356248e-23,1.09140357741e-23,6.3308328009e-24,7.21091521461e-24,9.47083604728e-24,1.02413953795e-23,5.1417444987e-24,4.98075770947e-24,7.45512998479e-24,2.75771036544e-23,1.64531661928e-23,7.01330319127e-24,1.05705420702e-23,8.51652734441e-24,6.38184330804e-24,4.61886974135e-24,9.5148402863e-24,1.81956305593e-23,1.16906046487e-23,1.2715894267e-23,1.69113728942e-23,1.08068934749e-23,1.07173151636e-23,1.10348561327e-23,1.40801337504e-23,1.0660956574e-23,1.04461765707e-23,1.0191365032e-23,1.31425118223e-23,9.81759721311e-24,9.31016401355e-24,7.49071313364e-24,9.15863408885e-24,8.68243820341e-24],"var":[0.000111683781142,0.0000134115434776,0.00000378578783966,9.08691959012e-7,3.69425464442e-7,4.08418316056e-7,4.80832113681e-7,2.51606621759e-7,8.29121404422e-7,6.89739067639e-7,3.08493412149e-7,8.73254322187e-8,8.17401044628e-8,2.22016982576e-8,2.12290025559e-8,4.74133976525e-9,2.89076695914e-9,4.44593606375e-9,1.77768955112e-9,2.21868190486e-9,2.00218486235e-9,1.80761072777e-9,3.38131550537e-10,2.54549131773e-10,1.46431186621e-10,1.6353934873e-10,1.10703911316e-10,3.74937893233e-11,2.2650534226e-11,1.70616611117e-11,7.25533045101e-12,5.1983044605e-12,4.91062746022e-12,5.27834026487e-12,7.84867049825e-12,1.87612338859e-11,2.36196097403e-11,1.07669177393e-11,4.69336245215e-12,2.50136088058e-12]},"melbands_crest":{"dmean":3.85471582413,"dmean2":6.06656837463,"dvar":12.9076509476,"dvar2":29.6200733185,"max":39.2836303711,"mean":15.4634075165,"median":14.0185918808,"min":2.5118803978,"var":48.7373466492},"melbands_flatness_db":{"dmean":0.0341906808317,"dmean2":0.0500605255365,"dvar":0.00197229394689,"dvar2":0.00415086280555,"max":1,"mean":0.267703801394,"median":0.241615623236,"min":0.00543625140563,"var":0.0135399345309},"melbands_kurtosis":{"dmean":8.41589069366,"dmean2":13.1989040375,"dvar":747.963562012,"dvar2":1681.18737793,"max":1416.69226074,"mean":14.4439544678,"median":5.48852491379,"min":-1.74806189537,"var":1830.25524902},"melbands_skewness":{"dmean":0.800989806652,"dmean2":1.2226177454,"dvar":1.07896161079,"dvar2":2.13120651245,"max":30.1692581177,"mean":2.34143805504,"median":1.94665420055,"min":-12.4411649704,"var":3.95147871971},"melbands_spread":{"dmean":4.8568649292,"dmean2":7.60566663742,"dvar":44.4531478882,"dvar2":103.761985779,"max":165.026000977,"mean":17.0914649963,"median":15.1850633621,"min":0.118036553264,"var":151.151046753},"mfcc":{"cov":[[13255.9375,-855.799377441,-240.200714111,-117.261299133,-19.2062911987,421.160827637,217.239929199,191.441757202,-238.339797974,49.0594673157,-128.628143311,8.56306838989,-52.0992774963],[-855.799377441,2046.80737305,-329.228973389,418.873138428,88.1687240601,-12.349108696,149.13470459,23.7785568237,143.056762695,-13.6454725266,87.7563476563,-50.0164680481,27.6818580627],[-240.200714111,-329.228973389,1526.51611328,-40.267791748,309.744232178,206.149520874,48.687953949,104.669639587,2.50659608841,122.633865356,26.3243236542,64.1992492676,-37.4328536987],[-117.261299133,418.873138428,-40.267791748,591.484191895,126.680740356,165.780853271,22.1929550171,28.2998409271,53.9799728394,-21.8781089783,22.8642139435,12.3214731216,6.20003223419],[-19.2062911987,88.1687240601,309.744232178,126.680740356,366.043121338,125.320098877,93.3635940552,43.8176307678,19.8168449402,40.7248153687,3.90969538689,14.1661367416,2.75875902176],[421.160827637,-12.349108696,206.149520874,165.780853271,125.320098877,261.006103516,65.3136367798,68.1629638672,15.362950325,16.4142589569,18.924446106,14.3379774094,-1.19467771053],[217.239929199,149.13470459,48.687953949,22.1929550171,93.3635940552,65.3136367798,200.605743408,56.2561912537,35.2182731628,36.8967170715,16.1140537262,3.12741589546,12.9021091461],[191.441757202,23.7785568237,104.669639587,28.2998409271,43.8176307678,68.1629638672,56.2561912537,132.792892456,64.4052200317,41.6930007935,19.1993865967,14.6837825775,16.6198501587],[-238.339797974,143.056762695,2.50659608841,53.9799728394,19.8168449402,15.362950325,35.2182731628,64.4052200317,136.56237793,48.3218994141,33.8061561584,6.12723636627,15.1904840469],[49.0594673157,-13.6454725266,122.633865356,-21.8781089783,40.7248153687,16.4142589569,36.8967170715,41.6930007935,48.3218994141,106.122817993,36.6889915466,17.6896572113,5.8037352562],[-128.628143311,87.7563476563,26.3243236542,22.8642139435,3.90969538689,18.924446106,16.1140537262,19.1993865967,33.8061561584,36.6889915466,87.4232940674,33.2665748596,18.0663986206],[8.56306838989,-50.0164680481,64.1992492676,12.3214731216,14.1661367416,14.3379774094,3.12741589546,14.6837825775,6.12723636627,17.6896572113,33.2665748596,83.6825256348,33.0303955078],[-52.0992774963,27.6818580627,-37.4328536987,6.20003223419,2.75875902176,-1.19467771053,12.9021091461,16.6198501587,15.1904840469,5.8037352562,18.0663986206,33.0303955078,70.453994751]],"icov":[[0.0000960290126386,0.0000191874514712,0.000069062502007,0.0000289042382065,0.000045811291784,-0.000191509883734,-0.00007804359484,-0.000191428684047,0.000272642471828,-0.000175298628164,0.000168459431734,-0.0000851120203151,0.00010439165635],[0.0000191874514712,0.000766988901887,0.0000668921638862,-0.000562629604246,-0.000122126584756,0.000524017959833,-0.000610485498328,0.0000584649169468,-0.000399918004405,0.000425946112955,-0.000916436489206,0.000807094271295,-0.000182686373591],[0.000069062502007,0.0000668921638862,0.0010858590249,0.000326140085235,-0.000722955621313,-0.000686734216288,0.0003182333312,-0.000588850874919,0.00048409003648,-0.000904825981706,0.000174915781827,-0.000816584739368,0.000978450174443],[0.0000289042382065,-0.000562629604246,0.000326140085235,0.00292759155855,-0.000690086337272,-0.00213089864701,0.000887492729817,0.000350422633346,-0.000927416025661,0.000740144751035,0.000345174223185,-0.00103190960363,0.000438043032773],[0.000045811291784,-0.000122126584756,-0.000722955621313,-0.000690086337272,0.00435712840408,-0.000945217150729,-0.00147194170859,0.00043795487727,0.000256347004324,-0.00103354710154,0.00125708640553,-0.000122842844576,-0.000496813212521],[-0.000191509883734,0.000524017959833,-0.000686734216288,-0.00213089864701,-0.000945217150729,0.00744322221726,-0.00133726722561,-0.00236066780053,0.000694646907505,0.00135333230719,-0.00208704778925,0.000899673148524,0.000292272568913],[-0.00007804359484,-0.000610485498328,0.0003182333312,0.000887492729817,-0.00147194170859,-0.00133726722561,0.00720621924847,-0.00159444962628,-0.00010163011757,-0.00136222492438,0.000207033037441,0.000231893835007,-0.000663122220431],[-0.000191428684047,0.0000584649169468,-0.000588850874919,0.000350422633346,0.00043795487727,-0.00236066780053,-0.00159444962628,0.013231061399,-0.00571433827281,-0.00112698739395,0.000872762117069,-0.000321611674735,-0.00214270409197],[0.000272642471828,-0.000399918004405,0.00048409003648,-0.000927416025661,0.000256347004324,0.000694646907505,-0.00010163011757,-0.00571433827281,0.013150760904,-0.00447795214131,-0.00151747604832,0.00114584749099,-0.000548710348085],[-0.000175298628164,0.000425946112955,-0.000904825981706,0.000740144751035,-0.00103354710154,0.00135333230719,-0.00136222492438,-0.00112698739395,-0.00447795214131,0.0157251413912,-0.0053370394744,-0.000160600320669,0.000849837844726],[0.000168459431734,-0.000916436489206,0.000174915781827,0.000345174223185,0.00125708640553,-0.00208704778925,0.000207033037441,0.000872762117069,-0.00151747604832,-0.0053370394744,0.0180391296744,-0.00645578326657,-0.000613506184891],[-0.0000851120203151,0.000807094271295,-0.000816584739368,-0.00103190960363,-0.000122842844576,0.000899673148524,0.000231893835007,-0.000321611674735,0.00114584749099,-0.000160600320669,-0.00645578326657,0.0188397485763,-0.00808050576597],[0.00010439165635,-0.000182686373591,0.000978450174443,0.000438043032773,-0.000496813212521,0.000292272568913,-0.000663122220431,-0.00214270409197,-0.000548710348085,0.000849837844726,-0.000613506184891,-0.00808050576597,0.0194691885263]],"mean":[-677.417480469,160.856292725,-11.2724971771,21.7349510193,0.558393776417,-4.71553707123,0.803424477577,6.24007844925,3.31290555,7.95955848694,-0.361614108086,0.391013681889,0.857327103615]},"pitch_salience":{"dmean":0.0860006734729,"dmean2":0.137953400612,"dvar":0.0063837626949,"dvar2":0.0154809691012,"max":0.911768019199,"mean":0.554893255234,"median":0.571745634079,"min":0.0289105828851,"var":0.0181873533875},"silence_rate_20dB":{"dmean":0,"dmean2":0,"dvar":0,"dvar2":0,"max":1,"mean":1,"median":1,"min":1,"var":0},"silence_rate_30dB":{"dmean":0.0603448264301,"dmean2":0.120700962842,"dvar":0.0567038804293,"dvar2":0.122993797064,"max":1,"mean":0.914738118649,"median":1,"min":0,"var":0.0779868960381},"silence_rate_60dB":{"dmean":0.0191154424101,"dmean2":0.0382344685495,"dvar":0.018750783056,"dvar2":0.040336292237,"max":1,"mean":0.101845778525,"median":0,"min":0,"var":0.0914770439267},"spectral_centroid":{"dmean":182.892913818,"dmean2":287.808441162,"dvar":54199.15625,"dvar2":112035.671875,"max":11248.2666016,"mean":1032.72485352,"median":948.969421387,"min":82.6715240479,"var":293913.90625},"spectral_complexity":{"dmean":3.20277357101,"dmean2":4.94630289078,"dvar":12.3547277451,"dvar2":25.9049320221,"max":55,"mean":18.2222423553,"median":18,"min":0,"var":107.876487732},"spectral_contrast_coeffs":{"dmean":[0.0535997748375,0.0510638356209,0.0429094284773,0.0290014129132,0.0227442476898,0.0234459862113],"dmean2":[0.0881488397717,0.0839816480875,0.07047829777,0.0476822070777,0.0371386967599,0.0370173305273],"dvar":[0.00220709503628,0.00176467816345,0.00124479399528,0.000569596304558,0.000430762825999,0.000772192201111],"dvar2":[0.00575813883916,0.00442332308739,0.00309882219881,0.00143936963286,0.00104786490556,0.00174243061338],"max":[-0.311038434505,-0.464375048876,-0.460405796766,-0.55037945509,-0.588687956333,-0.573099732399],"mean":[-0.667156755924,-0.737006366253,-0.756241858006,-0.798382043839,-0.793286442757,-0.761466681957],"median":[-0.672704398632,-0.741910398006,-0.760673820972,-0.804717719555,-0.79521471262,-0.766851842403],"min":[-0.97348845005,-0.96405261755,-0.97081643343,-0.964586257935,-0.961257696152,-0.96395355463],"var":[0.00788034219295,0.00494919391349,0.00510972877964,0.00282342918217,0.00196840148419,0.00342399789952]},"spectral_contrast_valleys":{"dmean":[0.399774134159,0.383282512426,0.360348641872,0.333876341581,0.3286921978,0.385370999575],"dmean2":[0.632712721825,0.62379604578,0.578489601612,0.525987327099,0.490187883377,0.521687626839],"dvar":[0.140355557203,0.154610276222,0.191386729479,0.24630177021,0.314036399126,0.242709234357],"dvar2":[0.29153200984,0.343176782131,0.418628931046,0.537889540195,0.643094062805,0.46032255888],"max":[-5.04988765717,-4.51910209656,-4.96785020828,-5.51127719879,-5.88219928741,-7.88059186935],"mean":[-7.26824092865,-6.4715719223,-7.19137525558,-7.75653743744,-7.93384647369,-11.3588857651],"median":[-6.81640672684,-6.1910443306,-6.90296459198,-7.39514970779,-7.54443454742,-10.7244367599],"min":[-27.6356716156,-27.5579566956,-27.0234584808,-27.0474643707,-27.2717895508,-27.3130989075],"var":[2.54753899574,1.50029420853,1.79298627377,1.82901453972,2.11382436752,3.80835771561]},"spectral_decrease":{"dmean":3.72005382054e-9,"dmean2":5.47617151625e-9,"dvar":3.27995211589e-17,"dvar2":7.12603458395e-17,"max":-4.58214784771e-29,"mean":-1.10730917768e-8,"median":-8.22129742062e-9,"min":-8.43779375259e-8,"var":1.15473288547e-16},"spectral_energy":{"dmean":0.0143062397838,"dmean2":0.0210958141834,"dvar":0.000473001186037,"dvar2":0.00102954602335,"max":0.320420533419,"mean":0.0435002632439,"median":0.0328086428344,"min":1.06384183257e-20,"var":0.00169727008324},"spectral_energyband_high":{"dmean":0.000187019148143,"dmean2":0.000267202703981,"dvar":2.46261578241e-7,"dvar2":4.63308424514e-7,"max":0.00805363617837,"mean":0.000389845576137,"median":0.000114461778139,"min":7.32645339207e-21,"var":7.03761202203e-7},"spectral_energyband_low":{"dmean":0.0118948156014,"dmean2":0.017445737496,"dvar":0.000514820567332,"dvar2":0.00111518532503,"max":0.312385290861,"mean":0.0239547044039,"median":0.00941825844347,"min":7.16118589647e-23,"var":0.00130905921105},"spectral_energyband_middle_high":{"dmean":0.00180706230458,"dmean2":0.00288171391003,"dvar":0.00000772596285969,"dvar2":0.000020209034119,"max":0.0454823672771,"mean":0.00561971496791,"median":0.00408680224791,"min":1.72289826835e-21,"var":0.0000349717411154},"spectral_energyband_middle_low":{"dmean":0.00643439264968,"dmean2":0.0105074383318,"dvar":0.0000808529366623,"dvar2":0.000210181518923,"max":0.101034902036,"mean":0.0155471637845,"median":0.0124772200361,"min":3.62331159641e-22,"var":0.000183881900739},"spectral_entropy":{"dmean":0.187426581979,"dmean2":0.283684164286,"dvar":0.0689038038254,"dvar2":0.151647090912,"max":9.79715824127,"mean":7.24197721481,"median":7.34005498886,"min":3.26245045662,"var":0.405815571547},"spectral_flux":{"dmean":0.0284937545657,"dmean2":0.0450076945126,"dvar":0.0010747917695,"dvar2":0.0024965594057,"max":0.44754165411,"mean":0.0999364331365,"median":0.0928412005305,"min":1.03142709651e-10,"var":0.00358970626257},"spectral_kurtosis":{"dmean":7.71079015732,"dmean2":12.6113996506,"dvar":1077.3059082,"dvar2":2510.88476563,"max":1110.80456543,"mean":12.6602230072,"median":6.02293109894,"min":-1.19460725784,"var":1412.57189941},"spectral_rms":{"dmean":0.000951417547185,"dmean2":0.00138393812813,"dvar":0.00000119071773952,"dvar2":0.00000245434671342,"max":0.0176806505769,"mean":0.00576801644638,"median":0.00565759977326,"min":3.22163693292e-12,"var":0.00000916918179428},"spectral_rolloff":{"dmean":300.120666504,"dmean2":502.867492676,"dvar":488018.65625,"dvar2":1043209.6875,"max":18820.0195313,"mean":1019.46887207,"median":753.662109375,"min":21.533203125,"var":1106692.25},"spectral_skewness":{"dmean":0.517348349094,"dmean2":0.831481039524,"dvar":1.43252170086,"dvar2":3.14675402641,"max":29.7863388062,"mean":2.07778930664,"median":1.75770401955,"min":-0.357628107071,"var":3.15944743156},"spectral_spread":{"dmean":469584.375,"dmean2":681924.8125,"dvar":629690859520,"dvar2":978525749248,"max":40182796,"mean":3339409.75,"median":3040978,"min":99001.484375,"var":3472183525380},"spectral_strongpeak":{"dmean":0.494805514812,"dmean2":0.84269875288,"dvar":0.58908110857,"dvar2":1.53748297691,"max":8.69617557526,"mean":0.802890300751,"median":0.465155869722,"min":0,"var":0.878974676132},"zerocrossingrate":{"dmean":0.00714761018753,"dmean2":0.00837527494878,"dvar":0.000121829478303,"dvar2":0.000130929518491,"max":0.5068359375,"mean":0.0411739647388,"median":0.0361328125,"min":0,"var":0.000799045141321}},"metadata":{"audio_properties":{"analysis_sample_rate":44100,"bit_rate":0,"codec":"flac","downmix":"mix","equal_loudness":0,"length":247.793991089,"lossless":true,"md5_encoded":"b9a220c9530042fcd90d53c46ff85535","replay_gain":-13.2315406799,"sample_rate":44100},"tags":{"acoustid_id":["bcb84eda-2dd2-401a-8769-ad0e1ed3f870"],"album":["Ash & Ice"],"albumartist":["The Kills"],"albumartistsort":["Kills, The"],"artist":["The Kills"],"artistsort":["Kills, The"],"catalognumber":["WIG289D"],"copyright":["(P) 2016 Domino Recording Co Ltd"],"date":["2016-05-03"],"discnumber":["1"],"disctotal":["1"],"file_name":"01 Doing It to Death.flac","genre":["Rock"],"label":["Domino"],"media":["Digital Media"],"musicbrainz_albumartistid":["2c629b8c-d751-4131-b785-5690bb5e0fd7"],"musicbrainz_albumid":["811065a6-c5eb-4e34-ba8f-3e09a4d7d99d"],"musicbrainz_artistid":["2c629b8c-d751-4131-b785-5690bb5e0fd7"],"musicbrainz_recordingid":["9b78962f-b516-48f0-9ff7-95fca9228127"],"musicbrainz_releasegroupid":["8595cf30-77c4-4635-80f2-6a1375763422"],"musicbrainz_releasetrackid":["2ac42e65-61af-4518-8d77-5a4be94708bd"],"originaldate":["2016-05-03"],"originalyear":["2016"],"releasecountry":["XW"],"releasestatus":["official"],"releasetype":["album"],"script":["Latn"],"title":["Doing It to Death"],"totaldiscs":["1"],"totaltracks":["13"],"tracknumber":["1"],"tracktotal":["13"]},"version":{"essentia":"2.1-beta2","essentia_build_sha":"2d9f1f26377add8aeb1075a9c2973f962c4f09fd","essentia_git_sha":"v2.1_beta2-1-ge3940c0","extractor":"music 1.0"}},"rhythm":{"beats_count":549,"beats_loudness":{"dmean":0.0520924478769,"dmean2":0.0871933251619,"dvar":0.00229255319573,"dvar2":0.00592726841569,"max":0.280222475529,"mean":0.0638829618692,"median":0.0512027554214,"min":7.38575920423e-8,"var":0.00295248418115},"beats_loudness_band_ratio":{"dmean":[0.33383718133,0.140801802278,0.174956351519,0.0818357989192,0.0586036071181,0.0454554371536],"dmean2":[0.562546312809,0.24055570364,0.306802093983,0.141083955765,0.103179484606,0.08143474