{"lowlevel":{"average_loudness":0.222928479314,"barkbands":{"dmean":[0.00230025267228,0.00801256671548,0.00205381656997,0.000681063218508,0.000789465382695,0.000945629493799,0.00110811123159,0.000960971054155,0.000806659285445,0.00123352184892,0.000762456387747,0.000792398233898,0.000321727304254,0.00021125463536,0.000260495289695,0.000159623712534,0.000174264176167,0.000110856119136,0.0000700849850546,0.0000470242848678,0.000142417498864,0.000182680712896,0.000176151806954,0.000252523517702,0.000339932332281,0.000233694634517,0.000200178619707],"dmean2":[0.00360999349505,0.0111645115539,0.00379976350814,0.00125025270972,0.00129092705902,0.00145547685679,0.00180431944318,0.0014882623218,0.00132372323424,0.00191518710926,0.00117682630662,0.00132866064087,0.000525018491317,0.000353489303961,0.000424030295108,0.000258284970187,0.000273456942523,0.000184594930033,0.00012358748063,0.0000800275010988,0.000235169820371,0.000301805644995,0.000286259601125,0.000421491859015,0.000568911957089,0.000375235918909,0.000329525093548],"dvar":[0.000119784264825,0.000915471056942,0.000203448405955,0.000015978139345,0.00000459190141555,0.00000795616779214,0.0000171817155206,0.0000184971486306,0.00000939914207265,0.0000148936933329,0.0000138408413477,0.00000867760445544,0.0000024425137326,5.40742803423e-7,4.61050888134e-7,2.38658117269e-7,2.51523260886e-7,1.15218163899e-7,8.40606801944e-8,1.94385822994e-8,1.47898617797e-7,2.03297290113e-7,2.22598487198e-7,6.5553871309e-7,0.00000143496470173,4.66599914262e-7,6.10665381373e-7],"dvar2":[0.000301532418234,0.00166515121236,0.000574779289309,0.0000459597140434,0.0000121654602481,0.0000186236702575,0.000042816180212,0.0000436098453065,0.0000220467973122,0.0000335151598847,0.0000315235374728,0.0000219638222916,0.0000058294936025,0.00000140149222716,0.0000010888959423,5.76481227199e-7,5.39578252301e-7,3.13125440243e-7,2.34314953218e-7,5.08923498899e-8,3.89935195244e-7,5.23036874256e-7,5.76095317228e-7,0.00000174183412582,0.00000385082239518,0.0000011780875866,0.00000163119159424],"max":[0.195361465216,0.396447777748,0.165052205324,0.0695159062743,0.0575776286423,0.0686981827021,0.115133456886,0.118982411921,0.125408500433,0.106291875243,0.0941510871053,0.087120950222,0.0662030205131,0.0301615800709,0.0172471720725,0.0125209381804,0.0172018762678,0.00592474080622,0.00450839661062,0.00265991175547,0.00672695459798,0.00636248523369,0.00601543253288,0.0111131938174,0.018963066861,0.0132949901745,0.0119501613081],"mean":[0.00413249572739,0.0206429734826,0.00132464291528,0.000703495228663,0.00145809049718,0.00189007481094,0.00156950752717,0.00147211621515,0.00105186563451,0.00210424466059,0.000950804969762,0.00110487674829,0.000428816740168,0.000288990442641,0.000342656974681,0.000184894714039,0.000239585555391,0.000131619439344,0.0000580255327804,0.0000471646380902,0.000190383972949,0.000248280644882,0.000211115751881,0.000248319673119,0.0003008908825,0.000255187012954,0.000278559426079],"median":[7.26597249923e-7,0.00000211602491618,0.00000773538704379,0.0000329548856826,0.00047721597366,0.000423930876423,0.000324579887092,0.00017456014757,0.000149675528519,0.000192782070371,0.0000771273334976,0.000109504893771,0.0000421437289333,0.0000492590479553,0.0000654390023556,0.0000342796556652,0.0000447198326583,0.0000248993692367,0.00000830745739222,0.00000674756938679,0.0000259048574662,0.0000350362606696,0.0000279936939478,0.0000258607578871,0.0000157433114509,0.0000150281393871,0.00000697646146364],"min":[8.84022616167e-24,6.8891120301e-24,2.30934415167e-24,2.38706923616e-24,1.04331863982e-23,1.86267730207e-23,1.26352024739e-23,1.69555080841e-23,4.25000863726e-23,1.63614879339e-23,3.82195219971e-23,3.4556484249e-23,5.1024457361e-23,4.76907122429e-23,6.41276768104e-23,7.03798223138e-23,1.02101982973e-22,1.40088431282e-22,2.08499143181e-22,2.3339523994e-22,3.0450944758e-22,2.65039795618e-22,5.40707781684e-22,6.67238950423e-22,9.95645658017e-22,1.39167503702e-21,2.1526583804e-21],"var":[0.00015734299086,0.00243227137253,0.000121485623822,0.00000978556636255,0.00000764874494052,0.0000213184484892,0.0000214021347347,0.0000329004906234,0.0000144764799188,0.0000354372532456,0.000018504462787,0.0000141580485433,0.00000404617549066,9.1887943654e-7,7.87254350598e-7,2.95847740972e-7,5.08823745804e-7,1.14393543527e-7,5.5684061806e-8,1.8670435864e-8,2.02680269012e-7,2.74247128118e-7,2.43415712475e-7,5.35771164323e-7,0.0000010940706261,4.73467309803e-7,7.29057774151e-7]},"barkbands_crest":{"dmean":2.83737134933,"dmean2":4.46165180206,"dvar":8.23956298828,"dvar2":19.0159683228,"max":26.6075325012,"mean":13.5558576584,"median":12.9250850677,"min":2.2101893425,"var":31.0921077728},"barkbands_flatness_db":{"dmean":0.0296097099781,"dmean2":0.0438321568072,"dvar":0.00105450698175,"dvar2":0.0022066286765,"max":0.567996740341,"mean":0.203672990203,"median":0.194440186024,"min":0.0297297183424,"var":0.00645200861618},"barkbands_kurtosis":{"dmean":10.5223407745,"dmean2":16.3371315002,"dvar":758.71270752,"dvar2":1682.13024902,"max":778.866455078,"mean":16.0818710327,"median":4.33616781235,"min":-1.93871581554,"var":1548.7956543},"barkbands_skewness":{"dmean":0.95382809639,"dmean2":1.43050432205,"dvar":1.59417152405,"dvar2":3.48284077644,"max":21.124332428,"mean":2.47990393639,"median":1.86698412895,"min":-3.88885211945,"var":5.88744735718},"barkbands_spread":{"dmean":7.19088935852,"dmean2":11.1575708389,"dvar":120.730583191,"dvar2":271.460083008,"max":136.901367188,"mean":19.2561416626,"median":13.5608043671,"min":0.108330965042,"var":332.021179199},"dissonance":{"dmean":0.0308738984168,"dmean2":0.0519452504814,"dvar":0.000923790270463,"dvar2":0.00244940933771,"max":0.500000059605,"mean":0.442640930414,"median":0.453306496143,"min":0.060409925878,"var":0.00200429791585},"dynamic_complexity":5.77552652359,"erbbands":{"dmean":[0.410685777664,1.38029825687,2.34030580521,2.29089188576,1.98976325989,2.99014139175,4.37549829483,8.89295578003,14.5083503723,18.4561405182,19.1593704224,19.1051025391,43.5127563477,28.7536182404,25.8918209076,36.8695373535,15.8870639801,12.5080871582,12.1057844162,10.2288646698,9.51468086243,8.09055423737,6.50317525864,3.51210069656,3.47549080849,1.94657814503,4.76499557495,5.8708319664,5.97978162766,6.50570392609,5.1749162674,4.69232654572,4.46242809296,3.79437398911,2.40237617493,1.14454722404,0.40547478199,0.139275461435,0.0343217179179,0.00240464694798],"dmean2":[0.585550427437,1.99934959412,4.03024864197,4.07800483704,3.41614508629,4.9004983902,7.09520053864,13.7196998596,23.2747688293,29.0083332062,30.4175872803,30.5718784332,66.8483734131,45.8366279602,40.1838111877,61.265171051,25.9350547791,20.3029441833,19.8942260742,16.4056682587,14.7202177048,12.9095363617,10.7117366791,6.14987850189,6.10867071152,3.32591199875,7.93910932541,9.65522193909,9.79819107056,10.8314561844,8.44826793671,7.71614646912,7.53017044067,6.39091825485,3.99854683876,1.86029291153,0.653087437153,0.227746158838,0.0567116811872,0.00387214520015],"dvar":[2.26592183113,39.036907196,235.402130127,237.749206543,60.7370033264,53.2671966553,156.364685059,813.285949707,2462.7109375,5761.93408203,8034.14013672,6033.67822266,21073.4453125,19864.0683594,16418.1699219,19586.0195312,4709.88964844,1794.43737793,1070.59448242,899.534057617,789.526611328,472.822753906,394.884918213,204.088256836,176.415359497,33.632434845,195.448638916,211.139755249,213.908477783,338.804290771,196.577667236,210.796447754,224.282287598,232.399307251,60.8695755005,11.2535257339,1.50134718418,0.222536399961,0.0201491042972,0.0000748027232476],"dvar2":[4.38191127777,82.7043991089,636.343505859,673.81036377,166.223999023,144.710205078,374.470245361,1900.38635254,6051.50683594,13915.0302734,19437.7617188,13948.3427734,46353.3007812,48314.3046875,38043.7617188,48986.4492188,11279.6972656,4544.41650391,2657.48339844,1991.40319824,1741.93945312,1110.53198242,1066.14172363,571.155090332,485.022949219,89.4310684204,519.873046875,538.490234375,541.12121582,901.116394043,509.177886963,549.43951416,603.58581543,635.445068359,161.36605835,28.2717761993,3.83042025566,0.587204098701,0.0545576885343,0.000191377883311],"max":[19.1723155975,78.2104721069,207.501739502,257.053619385,234.280517578,111.41557312,379.384307861,666.491455078,1288.61157227,2430.96044922,2795.21655273,3278.51855469,4195.66796875,4559.36767578,4284.43408203,4293.58935547,2862.33154297,1622.05749512,1021.9810791,727.260620117,861.826538086,707.702636719,349.330505371,218.123901367,224.345565796,84.5744552612,261.639678955,201.933670044,235.034942627,270.117858887,196.96661377,221.677108765,213.687011719,245.869567871,116.423210144,57.1334495544,26.511095047,6.30698919296,2.24827408791,0.126639187336],"mean":[1.0902132988,2.65383982658,1.86671769619,2.04351663589,2.82737708092,5.53010702133,8.79600143433,17.5844230652,22.107542038,26.0766525269,29.9359397888,29.2637786865,77.7992858887,37.5332298279,34.8431625366,53.5082702637,22.4462413788,18.8336524963,16.942565918,13.3269014359,13.4304819107,11.3235015869,8.30981063843,3.31461715698,2.93838453293,2.00891852379,6.05428171158,8.16327762604,8.48288726807,8.00330543518,6.03961372375,5.02935409546,4.18574571609,3.29829502106,2.16535973549,1.1499928236,0.45059248805,0.162613838911,0.0433309301734,0.00394603703171],"median":[0.000119726217235,0.00244994973764,0.0307782571763,0.140021294355,0.668048858643,1.64436137676,1.78978514671,3.17241978645,4.84563779831,5.55445957184,4.24457359314,4.92242193222,8.29466819763,5.37248182297,4.79983758926,5.62673091888,3.17183017731,3.61788654327,4.03750514984,2.69748497009,2.35683059692,2.26452064514,1.58835506439,0.738873004913,0.392466247082,0.3193333745,0.781637132168,1.19383001328,1.22293019295,1.04399597645,0.778751850128,0.546474456787,0.40635818243,0.174078673124,0.108785420656,0.0645164474845,0.0255239084363,0.00717513728887,0.00114838173613,0.0000993068970274],"min":[3.05969483965e-22,5.17229665558e-22,3.22666031733e-21,7.7666192989e-21,2.44315581048e-20,5.23704912537e-20,1.28940035005e-19,1.22806477839e-19,1.38715345292e-19,3.5007105534e-19,9.33126112204e-19,9.88063209189e-19,6.2277880312e-19,6.08157765407e-19,1.61846841076e-18,1.61829925233e-18,2.77628138596e-18,3.29038551039e-18,2.96038738848e-18,4.19006850364e-18,5.39010449961e-18,6.30909719707e-18,8.25402174236e-18,8.90414186325e-18,1.04006257423e-17,1.06510563271e-17,1.12448752268e-17,1.20701020387e-17,9.73419610126e-18,1.36463898217e-17,1.59656429591e-17,1.06905202869e-17,1.29982474897e-17,9.97936829891e-18,7.44997323564e-18,4.09903272773e-18,2.75091754684e-18,1.10207309943e-18,2.85288828855e-19,3.00870598074e-20],"var":[6.1641960144,62.9400787354,163.922653198,145.229751587,55.2079620361,104.801803589,549.036682129,2425.06738281,3474.92822266,7164.54296875,15979.9755859,10141.3974609,53680.6445312,22581.4648438,21729.4277344,33728.5625,7747.97900391,3163.46875,1944.05200195,1381.60705566,1334.81677246,819.449462891,427.300323486,139.884384155,123.523086548,29.9700698853,256.704528809,316.577514648,320.359130859,346.455505371,209.945953369,189.848968506,173.782974243,165.875366211,48.6138343811,10.6510219574,1.52667355537,0.230568394065,0.0201799944043,0.000151645843289]},"erbbands_crest":{"dmean":3.68233394623,"dmean2":5.84942531586,"dvar":12.0538539886,"dvar2":27.613243103,"max":34.0218963623,"mean":13.2548179626,"median":11.8526706696,"min":2.67991280556,"var":42.7897377014},"erbbands_flatness_db":{"dmean":0.0219931676984,"dmean2":0.0327588021755,"dvar":0.000465309829451,"dvar2":0.000942207756452,"max":0.487251669168,"mean":0.195722520351,"median":0.192038372159,"min":0.0356589071453,"var":0.00609996262938},"erbbands_kurtosis":{"dmean":2.79116797447,"dmean2":4.31313800812,"dvar":43.5303268433,"dvar2":92.2126235962,"max":196.764663696,"mean":3.86564731598,"median":1.01751065254,"min":-1.8776999712,"var":102.736679077},"erbbands_skewness":{"dmean":0.553076028824,"dmean2":0.849963784218,"dvar":0.326139986515,"dvar2":0.744133174419,"max":10.0760011673,"mean":1.01148116589,"median":0.820147752762,"min":-4.00140810013,"var":1.64895832539},"erbbands_spread":{"dmean":10.3921117783,"dmean2":16.0743675232,"dvar":184.322647095,"dvar2":413.238861084,"max":173.394592285,"mean":35.3209533691,"median":27.8560447693,"min":0.400802999735,"var":717.842834473},"gfcc":{"cov":[[21131.6113281,-5027.14697266,1751.49279785,121.197380066,-326.097259521,1701.69006348,1456.3840332,1687.03125,909.242797852,1389.83068848,178.339126587,1245.30187988,389.86114502],[-5027.14697266,4285.84667969,-459.582977295,348.498321533,487.383178711,-492.956665039,-98.0350952148,-597.352600098,-231.728652954,-726.8359375,-177.26512146,-576.871826172,-125.672439575],[1751.49279785,-459.582977295,2275.90283203,549.963745117,592.547302246,482.683807373,476.995239258,526.181762695,206.323883057,368.554595947,242.709640503,264.701049805,92.6810455322],[121.197380066,348.498321533,549.963745117,1080.73901367,258.999938965,239.812210083,415.192871094,286.643096924,303.980438232,152.12008667,315.677825928,45.4803466797,117.163673401],[-326.097259521,487.383178711,592.547302246,258.999938965,1031.84289551,403.981109619,362.457885742,261.001525879,211.898086548,141.563751221,198.061538696,120.283546448,95.6685180664],[1701.69006348,-492.956665039,482.683807373,239.812210083,403.981109619,815.287780762,506.227813721,493.621368408,253.509521484,313.05947876,253.935302734,246.966812134,124.114822388],[1456.3840332,-98.0350952148,476.995239258,415.192871094,362.457885742,506.227813721,783.561950684,485.095703125,388.499511719,263.672332764,298.836975098,163.337234497,143.404937744],[1687.03125,-597.352600098,526.181762695,286.643096924,261.001525879,493.621368408,485.095703125,648.177978516,397.31628418,392.372497559,273.925415039,235.920425415,103.558433533],[909.242797852,-231.728652954,206.323883057,303.980438232,211.898086548,253.509521484,388.499511719,397.31628418,504.931976318,316.809143066,266.208892822,156.782669067,87.8169021606],[1389.83068848,-726.8359375,368.554595947,152.12008667,141.563751221,313.05947876,263.672332764,392.372497559,316.809143066,452.332977295,237.786392212,231.013961792,54.9603652954],[178.339126587,-177.26512146,242.709640503,315.677825928,198.061538696,253.935302734,298.836975098,273.925415039,266.208892822,237.786392212,390.180023193,123.909408569,94.7261810303],[1245.30187988,-576.871826172,264.701049805,45.4803466797,120.283546448,246.966812134,163.337234497,235.920425415,156.782669067,231.013961792,123.909408569,291.439758301,103.90461731],[389.86114502,-125.672439575,92.6810455322,117.163673401,95.6685180664,124.114822388,143.404937744,103.558433533,87.8169021606,54.9603652954,94.7261810303,103.90461731,157.874557495]],"icov":[[0.0000994752699626,0.0000586712558288,-0.0000268368876277,-0.00000514702742294,0.000101929843368,-0.0000823588343337,-0.000161235628184,-0.0000128918218252,-0.0000421326913056,-0.000076730568253,0.00027367164148,-0.000182613948709,-0.0000153456330736],[0.0000586712558288,0.000551386678126,0.0000441860720457,-0.000204780095373,-0.00034225199488,0.0000912547475309,-0.0002475072979,0.000198613546672,-0.000239962144406,0.000652841816191,0.000120647775475,0.000342482642736,0.000258677871898],[-0.0000268368876277,0.0000441860720457,0.000747358193621,-0.000359881261829,-0.000399956654292,0.000235155166592,-0.000162177413586,-0.000456871784991,0.000702852848917,-0.000325347355101,0.0000855058096931,-0.000245727831498,0.000267004128546],[-0.00000514702742294,-0.000204780095373,-0.000359881261829,0.00162966665812,0.000234977240325,-0.000072733797424,-0.000163843113114,0.00000128273859445,-0.000544145004824,0.000150184860104,-0.000856839702465,0.000518879445735,-0.00066267530201],[0.000101929843368,-0.00034225199488,-0.000399956654292,0.000234977240325,0.00184664712287,-0.000826708681416,-0.00014181152801,0.000205453980016,-0.000469130405691,-0.000136039074278,0.000061415033997,-0.000474046682939,-0.000355341471732],[-0.0000823588343337,0.0000912547475309,0.000235155166592,-0.000072733797424,-0.000826708681416,0.00338048115373,-0.0010987467831,-0.00159008835908,0.00153264997061,-0.000293487042654,-0.000495577696711,-0.000701683864463,0.0000851876247907],[-0.000161235628184,-0.0002475072979,-0.000162177413586,-0.000163843113114,-0.00014181152801,-0.0010987467831,0.00392080564052,-0.00111711677164,-0.00136136356741,0.000867716036737,-0.000850924639963,0.000850991986226,-0.00105534994509],[-0.0000128918218252,0.000198613546672,-0.000456871784991,0.00000128273859445,0.000205453980016,-0.00159008835908,-0.00111711677164,0.00635346584022,-0.00220880517736,-0.00165294099133,0.000194470441784,-0.0000227911896218,0.000132293673232],[-0.0000421326913056,-0.000239962144406,0.000702852848917,-0.000544145004824,-0.000469130405691,0.00153264997061,-0.00136136356741,-0.00220880517736,0.00655916985124,-0.00287803844549,-0.000831864832435,-0.000164060969837,-0.000370399211533],[-0.000076730568253,0.000652841816191,-0.000325347355101,0.000150184860104,-0.000136039074278,-0.000293487042654,0.000867716036737,-0.00165294099133,-0.00287803844549,0.00914442632347,-0.0022976770997,-0.00274416338652,0.00300009478815],[0.00027367164148,0.000120647775475,0.0000855058096931,-0.000856839702465,0.000061415033997,-0.000495577696711,-0.000850924639963,0.000194470441784,-0.000831864832435,-0.0022976770997,0.0062763816677,-0.0000332942836394,-0.00147769588511],[-0.000182613948709,0.000342482642736,-0.000245727831498,0.000518879445735,-0.000474046682939,-0.000701683864463,0.000850991986226,-0.0000227911896218,-0.000164060969837,-0.00274416338652,-0.0000332942836394,0.00922426395118,-0.00444075651467],[-0.0000153456330736,0.000258677871898,0.000267004128546,-0.00066267530201,-0.000355341471732,0.0000851876247907,-0.00105534994509,0.000132293673232,-0.000370399211533,0.00300009478815,-0.00147769588511,-0.00444075651467,0.010904122144]],"mean":[-69.9717712402,60.3255996704,-109.631797791,-14.367978096,-67.0620117188,1.65262770653,-41.1160011292,-8.74811267853,-13.6993732452,-3.38159584999,-17.4042797089,6.51960277557,-8.49493789673]},"hfc":{"dmean":19.7340984344,"dmean2":31.8591575623,"dvar":2849.03881836,"dvar2":7564.08056641,"max":725.885925293,"mean":33.5600891113,"median":11.9486789703,"min":1.10292729162e-16,"var":3397.22143555},"melbands":{"dmean":[0.00276617030613,0.00121835060418,0.000393507070839,0.000167847829289,0.00014671619283,0.000201842369279,0.000229200217291,0.000204521071282,0.000142809760291,0.000131733191665,0.000214194747969,0.00011177280976,0.0000853086894494,0.0000957345764618,0.0000565057016502,0.0000358551951649,0.0000230697696679,0.0000194279164134,0.0000171586470969,0.0000119284313769,0.000012151660485,0.00000953592734732,0.00000787566841609,0.00000417720048063,0.00000273634373116,0.00000285170472125,0.00000202942601391,0.00000106851848614,0.00000262052708422,0.0000036392139009,0.0000035850553104,0.00000349810238731,0.00000367312441085,0.00000345777402799,0.00000295196400657,0.00000285857890958,0.00000295242875836,0.00000320658318742,0.00000309679285238,0.00000330883494826],"dmean2":[0.00393575010821,0.001898524235,0.000695763563272,0.000277585408185,0.000238552602241,0.000311151699862,0.000367715314496,0.000319689512253,0.000228129152674,0.000209910300327,0.000329338887241,0.000179838563781,0.00013236416271,0.000156167006935,0.0000961756159086,0.0000567452589166,0.0000379759912903,0.0000320003382512,0.0000278058214462,0.0000195035008801,0.000018621862182,0.0000150897139974,0.0000127586472445,0.00000716394288247,0.0000048278493523,0.00000506949572809,0.00000351714493263,0.0000018264265691,0.00000441561769549,0.00000602106229053,0.00000590517765886,0.00000572645421926,0.00000612052463111,0.00000575292961003,0.00000484122028865,0.00000466096480523,0.00000487991155751,0.00000547379340787,0.00000517796934218,0.00000562586455999],"dvar":[0.000101390192867,0.0000434505163867,0.00000564374204259,2.49114862072e-7,1.50878662453e-7,4.20122631795e-7,6.28124610103e-7,7.2860018463e-7,4.43598196398e-7,2.86465876798e-7,5.15475733209e-7,2.97870940358e-7,1.64704871963e-7,1.23097223081e-7,3.74583848384e-8,4.02270572408e-8,6.8891723437e-9,2.84381296289e-9,2.1577744036e-9,1.18354903655e-9,1.40143296967e-9,8.35019775547e-10,5.03747155101e-10,1.94677440835e-10,1.35416136637e-10,1.52528767394e-10,4.78630399203e-11,9.62897209883e-12,5.9361709992e-11,1.03665090401e-10,7.9271769704e-11,7.66025506915e-11,1.01601255187e-10,9.63342045024e-11,6.01232189035e-11,7.31777832774e-11,8.6019552592e-11,1.15298354197e-10,1.09494052714e-10,2.06868078223e-10],"dvar2":[0.000184501986951,0.000100248187664,0.0000157918693731,6.8053486757e-7,3.68052752719e-7,9.84553025773e-7,0.00000153987070917,0.00000173898968114,0.00000107228129309,6.56184681702e-7,0.00000113566841264,7.29431917534e-7,3.85424499427e-7,3.04319911493e-7,9.58162402753e-8,9.44124138869e-8,1.76775696303e-8,7.11708381118e-9,4.98947860805e-9,2.87979129432e-9,2.92492186027e-9,1.85009929599e-9,1.32485811211e-9,5.29783494851e-10,3.79875714218e-10,4.28684254761e-10,1.26330612638e-10,2.5738475587e-11,1.57264382072e-10,2.72906003351e-10,2.02644248604e-10,1.91169788333e-10,2.68041255858e-10,2.56746679472e-10,1.5626373806e-10,1.8823734238e-10,2.2622084761e-10,3.14917231181e-10,2.85193396676e-10,5.75429981442e-10],"max":[0.133005440235,0.0962627381086,0.0387906543911,0.0147336786613,0.0104801515117,0.0165174268186,0.0182851459831,0.029472541064,0.021202525124,0.0230920556933,0.0207217242569,0.0174263287336,0.0117409620434,0.00976417399943,0.00509065948427,0.00869193859398,0.00370333204046,0.00149846961722,0.000900924496818,0.000960959936492,0.00111042289063,0.00109957822133,0.000384427898098,0.000235918210819,0.000184846532647,0.000186460601981,0.000158545255545,0.0000522442933288,0.000137195020216,0.000210562633583,0.000134181405883,0.000187909332453,0.000153531742399,0.000161328207469,0.000134618399898,0.000154452951392,0.000126659011585,0.000155096742674,0.000138499570312,0.000240203138674],"mean":[0.00751333823428,0.00172707182355,0.000374481052859,0.000290463358397,0.000299680366879,0.000391057837987,0.00034823155147,0.000290003488772,0.00021500949515,0.000195692264242,0.000379510252969,0.000136969407322,0.0001061464136,0.000139723502798,0.0000730115571059,0.0000499921952724,0.0000330283619405,0.0000256578186963,0.000021596059014,0.0000141297232403,0.0000169565810211,0.0000128510346258,0.0000101766181615,0.00000457382793684,0.00000243896965912,0.00000225130997933,0.00000180360041213,0.00000109538495963,0.00000315957754538,0.00000468024927613,0.0000048510137276,0.00000492164690513,0.00000461830086351,0.0000041551375034,0.00000344360410054,0.00000318487536788,0.00000304974332721,0.00000294112192023,0.0000028290451155,0.00000277499111689],"median":[6.56962356516e-7,0.0000105714680103,0.000028837188438,0.0000953721901169,0.0000726800353732,0.0000727019214537,0.0000769871185184,0.0000562093591725,0.0000265628586931,0.0000285623973468,0.0000349741094396,0.0000156200039783,0.0000104860846477,0.000015379384422,0.00000824135076982,0.00000485061536892,0.00000522004211234,0.00000582460415899,0.0000041520825107,0.0000028034735351,0.00000263009087575,0.00000234157164414,0.00000185556837096,9.4157417152e-7,4.72046849609e-7,2.52253784083e-7,2.37433397388e-7,1.73635839928e-7,3.7957852328e-7,6.06481421528e-7,6.96975462233e-7,6.7846588081e-7,5.79433901748e-7,5.43199575986e-7,4.31100545484e-7,3.29799803467e-7,3.09355044692e-7,2.93613823033e-7,1.88614791341e-7,1.18742164545e-7],"min":[2.86523825993e-24,1.78946686855e-24,1.46378751737e-24,2.0953859443e-24,4.06658979933e-24,2.86513432751e-24,2.25290687314e-24,3.62704044724e-24,7.13292448122e-24,5.28353001907e-24,3.05350247876e-24,2.09785862881e-24,5.13937357725e-24,4.81708248227e-24,4.76353973162e-24,4.42699904768e-24,4.62436376313e-24,4.83573746496e-24,4.69618205437e-24,4.03841129336e-24,5.01186367825e-24,5.80289197881e-24,6.85114652132e-24,6.47655315946e-24,6.86743649901e-24,7.21816090203e-24,6.85954552338e-24,6.46971570756e-24,6.87033871828e-24,6.5845458508e-24,6.91087039159e-24,4.47643459403e-24,6.35059179442e-24,7.82565637425e-24,7.17551113719e-24,6.21803594664e-24,5.94535236969e-24,8.73478780194e-24,8.54496183574e-24,7.76552387403e-24],"var":[0.000295824575005,0.0000502648399561,0.00000359259342986,3.11764665639e-7,5.13289649007e-7,0.00000109926452296,8.724092595e-7,9.37084507768e-7,8.99012775335e-7,4.83163489662e-7,0.000001314508836,3.32799970693e-7,2.12993995774e-7,1.99246983357e-7,5.8127497482e-8,6.7504316803e-8,1.28050494652e-8,4.76039074826e-9,3.31437832735e-9,1.41932121611e-9,2.57656918023e-9,1.52002854747e-9,6.46257547476e-10,1.63509136786e-10,9.21648105057e-11,9.68595065265e-11,4.23741111644e-11,8.92974062749e-12,7.55752890824e-11,1.46723605488e-10,1.15622018904e-10,1.18352272427e-10,1.15070460105e-10,9.73474495458e-11,6.74637221088e-11,7.14097045384e-11,7.49640349795e-11,8.61220261772e-11,9.05908958959e-11,1.39129194276e-10]},"melbands_crest":{"dmean":3.51967930794,"dmean2":5.47002840042,"dvar":14.3741369247,"dvar2":31.8566074371,"max":39.3427658081,"mean":19.7632102966,"median":17.8857460022,"min":1.74524819851,"var":79.689994812},"melbands_flatness_db":{"dmean":0.0345270968974,"dmean2":0.0505420081317,"dvar":0.00155154906679,"dvar2":0.00316470256075,"max":0.672603011131,"mean":0.265624672174,"median":0.250040382147,"min":0.00497070141137,"var":0.0103492233902},"melbands_kurtosis":{"dmean":24.9876403809,"dmean2":39.6195793152,"dvar":5414.8203125,"dvar2":13137.7890625,"max":2031.63000488,"mean":38.7303504944,"median":10.8341436386,"min":-1.89549827576,"var":9388.40820312},"melbands_skewness":{"dmean":1.29503107071,"dmean2":1.9726473093,"dvar":4.1382226944,"dvar2":9.2214756012,"max":33.0688438416,"mean":3.55677056313,"median":2.53376340866,"min":-3.4602355957,"var":13.2344388962},"melbands_spread":{"dmean":6.81009864807,"dmean2":10.7864713669,"dvar":142.639968872,"dvar2":352.008361816,"max":236.674407959,"mean":17.2112808228,"median":12.9922103882,"min":0.127102717757,"var":321.933013916},"mfcc":{"cov":[[13495.6201172,-2036.70251465,861.411987305,-218.7059021,-370.042388916,618.793395996,356.22644043,1006.67816162,1092.45874023,510.907196045,664.94317627,829.030090332,688.754638672],[-2036.70251465,2786.78857422,-262.217498779,157.745269775,209.27961731,16.4301319122,-44.0312957764,-66.3230743408,-77.6283035278,-219.218582153,-167.273147583,-254.191635132,-370.745422363],[861.411987305,-262.217498779,1489.15856934,553.812072754,295.34262085,232.182144165,439.592895508,290.065063477,182.159393311,302.38067627,230.970230103,176.086502075,239.581558228],[-218.7059021,157.745269775,553.812072754,883.259338379,234.915740967,167.093963623,256.841552734,180.823959351,151.963882446,235.187026978,187.494140625,129.939971924,149.251083374],[-370.042388916,209.27961731,295.34262085,234.915740967,672.538513184,279.081756592,328.681396484,209.052185059,164.765518188,166.851913452,181.030654907,117.295181274,184.681594849],[618.793395996,16.4301319122,232.182144165,167.093963623,279.081756592,418.009124756,329.693664551,283.591796875,230.074920654,166.69569397,182.201202393,147.099227905,169.19303894],[356.22644043,-44.0312957764,439.592895508,256.841552734,328.681396484,329.693664551,663.676208496,397.898223877,246.932601929,327.848052979,272.228851318,184.553390503,257.017730713],[1006.67816162,-66.3230743408,290.065063477,180.823959351,209.052185059,283.591796875,397.898223877,488.120849609,347.357757568,294.338317871,286.454650879,217.290405273,256.749633789],[1092.45874023,-77.6283035278,182.159393311,151.963882446,164.765518188,230.074920654,246.932601929,347.357757568,412.930877686,264.5418396,270.751525879,213.028503418,216.758407593],[510.907196045,-219.218582153,302.38067627,235.187026978,166.851913452,166.69569397,327.848052979,294.338317871,264.5418396,436.769287109,339.006103516,248.94960022,285.231292725],[664.94317627,-167.273147583,230.970230103,187.494140625,181.030654907,182.201202393,272.228851318,286.454650879,270.751525879,339.006103516,420.733428955,294.709442139,316.452545166],[829.030090332,-254.191635132,176.086502075,129.939971924,117.295181274,147.099227905,184.553390503,217.290405273,213.028503418,248.94960022,294.709442139,328.461425781,291.509887695],[688.754638672,-370.745422363,239.581558228,149.251083374,184.681594849,169.19303894,257.017730713,256.749633789,216.758407593,285.231292725,316.452545166,291.509887695,413.529571533]],"icov":[[0.000141002557939,0.0000640333892079,-0.0000986618033494,0.0000961334371823,0.0001757958089,-0.000125395250507,0.0000913291660254,-0.000157982984092,-0.000304121233057,0.00016335498367,0.0000489862868562,-0.000263416528469,0.0000540847322554],[0.0000640333892079,0.000526103307493,0.0000837464176584,-0.000140747841215,-0.000187835496035,-0.00000864505909703,-0.00000150902837959,-0.000263041059952,-0.000117311676149,0.000324481050484,-0.000328619906213,-0.00000360418744094,0.000710675085429],[-0.0000986618033494,0.0000837464176584,0.00110993604176,-0.000588389812037,-0.000258231360931,0.000125199760078,-0.000432612432633,-0.0000729288367438,0.000391099514673,-0.000242914436967,0.000077577358752,0.000159909905051,-0.0000225643470912],[0.0000961334371823,-0.000140747841215,-0.000588389812037,0.00175737089012,-0.0000290031348413,-0.000259217311395,0.000118721611216,0.00012563803466,-0.000261546112597,-0.000551938486751,0.0000498711742694,-0.000250064622378,0.0000434401990788],[0.0001757958089,-0.000187835496035,-0.000258231360931,-0.0000290031348413,0.00271500227973,-0.0012635019375,-0.000508566037752,0.00042710537673,-0.000570030824747,0.000424793921411,-0.00020994496299,0.000235376879573,-0.000945251842495],[-0.000125395250507,-0.00000864505909703,0.000125199760078,-0.000259217311395,-0.0012635019375,0.00561751844361,-0.00167520123068,-0.000899263133761,-0.00111255154479,0.00127667619381,0.000013179906091,-0.000656684220303,0.000242939888267],[0.0000913291660254,-0.00000150902837959,-0.000432612432633,0.000118721611216,-0.000508566037752,-0.00167520123068,0.00467932131141,-0.00272395182401,0.00146293803118,-0.00192464503925,0.000165183781064,0.00068460428156,-0.000298534490867],[-0.000157982984092,-0.000263041059952,-0.0000729288367438,0.00012563803466,0.00042710537673,-0.000899263133761,-0.00272395182401,0.00865073688328,-0.00421712826937,-0.000290317868348,-0.000333195202984,0.000577665690798,-0.00121814035811],[-0.000304121233057,-0.000117311676149,0.000391099514673,-0.000261546112597,-0.000570030824747,-0.00111255154479,0.00146293803118,-0.00421712826937,0.0084752580151,-0.0018970281817,-0.0012610652484,-0.000395002803998,0.000797491287813],[0.00016335498367,0.000324481050484,-0.000242914436967,-0.000551938486751,0.000424793921411,0.00127667619381,-0.00192464503925,-0.000290317868348,-0.0018970281817,0.0085972128436,-0.00404898729175,-0.000515681982506,-0.000450377468951],[0.0000489862868562,-0.000328619906213,0.000077577358752,0.0000498711742694,-0.00020994496299,0.000013179906091,0.000165183781064,-0.000333195202984,-0.0012610652484,-0.00404898729175,0.0110915200785,-0.00433034310117,-0.00222795526497],[-0.000263416528469,-0.00000360418744094,0.000159909905051,-0.000250064622378,0.000235376879573,-0.000656684220303,0.00068460428156,0.000577665690798,-0.000395002803998,-0.000515681982506,-0.00433034310117,0.0118100671098,-0.00463624531403],[0.0000540847322554,0.000710675085429,-0.0000225643470912,0.0000434401990788,-0.000945251842495,0.000242939888267,-0.000298534490867,-0.00121814035811,0.000797491287813,-0.000450377468951,-0.00222795526497,-0.00463624531403,0.00909307599068]],"mean":[-720.324157715,107.706291199,0.601461827755,-14.4074449539,-10.7149829865,-1.07304823399,-24.0814571381,-4.63319826126,-4.39295959473,-13.6998882294,-4.61875200272,-0.181525498629,-7.28419589996]},"pitch_salience":{"dmean":0.0831039175391,"dmean2":0.130609259009,"dvar":0.00749210966751,"dvar2":0.0173737108707,"max":0.975978195667,"mean":0.466071933508,"median":0.492425501347,"min":0.0335619300604,"var":0.0301303956658},"silence_rate_20dB":{"dmean":0.00825495645404,"dmean2":0.0165110304952,"dvar":0.00818713288754,"dvar2":0.0188110396266,"max":1,"mean":0.993031144142,"median":1,"min":0,"var":0.00691884569824},"silence_rate_30dB":{"dmean":0.0313959009945,"dmean2":0.06279604882,"dvar":0.0304054897279,"dvar2":0.0645496696234,"max":1,"mean":0.84668469429,"median":1,"min":0,"var":0.12983956933},"silence_rate_60dB":{"dmean":0.0284187030047,"dmean2":0.056841250509,"dvar":0.02760396339,"dvar2":0.0663349404931,"max":1,"mean":0.200473606586,"median":0,"min":0,"var":0.160262197256},"spectral_centroid":{"dmean":247.341018677,"dmean2":382.28213501,"dvar":129477.078125,"dvar2":302912.125,"max":11698.2958984,"mean":1095.85205078,"median":973.722351074,"min":127.297485352,"var":443587.46875},"spectral_complexity":{"dmean":3.30739569664,"dmean2":5.28704833984,"dvar":28.3968734741,"dvar2":66.1921768188,"max":52,"mean":10.2684707642,"median":9,"min":0,"var":51.7781486511},"spectral_contrast_coeffs":{"dmean":[0.0464693419635,0.0500306263566,0.045323163271,0.032139133662,0.022490920499,0.0207155942917],"dmean2":[0.0759700611234,0.0805615484715,0.0728258416057,0.0519286207855,0.0357874259353,0.0321080423892],"dvar":[0.00184468436055,0.00205134204589,0.00161440344527,0.000827046693303,0.000404881633585,0.000464872806333],"dvar2":[0.00497480621561,0.00490418914706,0.00378855643794,0.00195426749997,0.000925336382352,0.00101495045237],"max":[-0.186773553491,-0.30952000618,-0.397153556347,-0.49322989583,-0.457955509424,-0.577426671982],"mean":[-0.532353758812,-0.70636755228,-0.741994023323,-0.797606468201,-0.794957816601,-0.781320810318],"median":[-0.536700129509,-0.719272494316,-0.755992770195,-0.810740947723,-0.810846745968,-0.783358871937],"min":[-0.969214320183,-0.984480381012,-0.970570027828,-0.976763248444,-0.965671658516,-0.961261630058],"var":[0.0219990536571,0.00877990853041,0.0106547288597,0.00498817395419,0.00408342247829,0.00356387230568]},"spectral_contrast_valleys":{"dmean":[0.508801400661,0.448637127876,0.433927744627,0.385349154472,0.343882411718,0.317222714424],"dmean2":[0.815977931023,0.721136212349,0.702780663967,0.615790903568,0.532429695129,0.470621019602],"dvar":[0.286144554615,0.253896564245,0.20454210043,0.181118309498,0.166158273816,0.141509249806],"dvar2":[0.650230765343,0.618793010712,0.494368731976,0.421528339386,0.370727449656,0.302754938602],"max":[-4.67661476135,-4.1412768364,-4.67645454407,-5.53759288788,-5.54008626938,-6.93630170822],"mean":[-9.81100940704,-7.37328577042,-7.84413337708,-8.25935745239,-8.79119873047,-10.6108837128],"median":[-9.98556137085,-7.14976596832,-7.66949796677,-8.11190319061,-8.52698802948,-10.1015911102],"min":[-28.298910141,-27.5839252472,-27.4248638153,-27.4833393097,-27.3251743317,-27.2966213226],"var":[4.09082794189,1.86643898487,1.61107623577,1.35643112659,2.16349577904,3.88584637642]},"spectral_decrease":{"dmean":2.99334845799e-9,"dmean2":4.12760892132e-9,"dvar":5.55746323802e-17,"dvar2":8.38448930078e-17,"max":4.94112861738e-10,"mean":-1.03322257416e-8,"median":-3.47493500641e-9,"min":-1.11977911388e-7,"var":2.74793767004e-16},"spectral_energy":{"dmean":0.0121927252039,"dmean2":0.0171813163906,"dvar":0.000842146808282,"dvar2":0.00134574761614,"max":0.426549226046,"mean":0.042040258646,"median":0.0155004411936,"min":1.03431196937e-20,"var":0.00414970191196},"spectral_energyband_high":{"dmean":0.00141908903606,"dmean2":0.00232848757878,"dvar":0.0000168063161254,"dvar2":0.0000447165912192,"max":0.0535260848701,"mean":0.00173209421337,"median":0.000235650848481,"min":7.31097122056e-21,"var":0.0000151022613863},"spectral_energyband_low":{"dmean":0.00827564485371,"dmean2":0.0106618423015,"dvar":0.000820514047518,"dvar2":0.00118311913684,"max":0.413033545017,"mean":0.0260293334723,"median":0.000347782333847,"min":2.11894918009e-23,"var":0.00349072250538},"spectral_energyband_middle_high":{"dmean":0.00275265262462,"dmean2":0.00438012648374,"dvar":0.0000507485056005,"dvar2":0.00012579561735,"max":0.145204991102,"mean":0.00498206214979,"median":0.00148451374844,"min":1.28100832809e-21,"var":0.0000826550094644},"spectral_energyband_middle_low":{"dmean":0.00469246925786,"dmean2":0.00750762736425,"dvar":0.000118523457786,"dvar2":0.000301388092339,"max":0.157342627645,"mean":0.00972803588957,"median":0.00519320042804,"min":2.01752590149e-22,"var":0.000185216369573},"spectral_entropy":{"dmean":0.228928819299,"dmean2":0.338347882032,"dvar":0.0512670353055,"dvar2":0.108290612698,"max":9.80978107452,"mean":7.3590130806,"median":7.45053768158,"min":4.13526630402,"var":0.597866177559},"spectral_flux":{"dmean":0.0324646197259,"dmean2":0.0519425086677,"dvar":0.00334442965686,"dvar2":0.0075667235069,"max":0.664348244667,"mean":0.0781422778964,"median":0.0530817769468,"min":6.63493426867e-11,"var":0.00765384314582},"spectral_kurtosis":{"dmean":3.02177596092,"dmean2":5.01904630661,"dvar":37.3114471436,"dvar2":106.95589447,"max":124.803153992,"mean":8.70066165924,"median":3.90460109711,"min":-1.19703328609,"var":190.919845581},"spectral_rms":{"dmean":0.000791676400695,"dmean2":0.00112752569839,"dvar":0.00000183100962659,"dvar2":0.00000315069769385,"max":0.0203996468335,"mean":0.0049878465943,"median":0.00388875068165,"min":3.17660958302e-12,"var":0.000016136233171},"spectral_rolloff":{"dmean":868.495910645,"dmean2":1496.54504395,"dvar":4691536,"dvar2":11336836,"max":21813.1347656,"mean":2120.44506836,"median":818.26171875,"min":43.06640625,"var":15114247},"spectral_skewness":{"dmean":0.322857290506,"dmean2":0.517626702785,"dvar":0.160229474306,"dvar2":0.43459430337,"max":8.96535015106,"mean":2.02910137177,"median":1.72407603264,"min":-0.0616259165108,"var":1.32457816601},"spectral_spread":{"dmean":886022.875,"dmean2":1340524.125,"dvar":1357702365180,"dvar2":3085943963650,"max":40539516,"mean":6076290,"median":5750459.5,"min":673261.1875,"var":11720832581600},"spectral_strongpeak":{"dmean":0.596732437611,"dmean2":1.00560283661,"dvar":5.23473548889,"dvar2":13.8873271942,"max":71.8787460327,"mean":1.24771046638,"median":0.632536649704,"min":0,"var":5.56007623672},"zerocrossingrate":{"dmean":0.015503087081,"dmean2":0.018796350807,"dvar":0.000491223705467,"dvar2":0.000678826007061,"max":0.51708984375,"mean":0.0744833052158,"median":0.05224609375,"min":0.00146484375,"var":0.00543007673696}},"metadata":{"audio_properties":{"analysis_sample_rate":44100,"bit_rate":0,"codec":"flac","downmix":"mix","equal_loudness":0,"length":343.14666748,"lossless":true,"md5_encoded":"86a88439d6d77916da4ada803d74c6db","replay_gain":-12.2861938477,"sample_rate":44100},"tags":{"album":["Recess"],"albumartist":["Skrillex"],"albumartistsort":["Skrillex"],"artist":["Skrillex with Kid Harpoon"],"artistsort":["Skrillex with Kid Harpoon"],"asin":["B00IX132IK"],"catalognumber":["[none]","[none]"],"compilation":["1"],"date":["2014-03-14"],"discnumber":["1"],"disctotal":["1"],"file_name":"01-11 Fire Away.flac","genre":["Dubstep"],"label":["Big Beat","OWSLA"],"media":["Digital Media"],"musicbrainz_albumartistid":["ae002c5d-aac6-490b-a39a-30aa9e2edf2b"],"musicbrainz_albumid":["a552252e-ca8d-48c4-9c00-1fd3acc01233"],"musicbrainz_artistid":["ae002c5d-aac6-490b-a39a-30aa9e2edf2b","7b98b4c7-37e2-4dd0-9290-7312c55aa8da"],"musicbrainz_recordingid":["9b805a72-a743-4987-a1df-b885f41dba89"],"musicbrainz_releasegroupid":["c2142471-c85b-4433-849c-839aafc8e3a4"],"originaldate":["2014-03-14"],"releasecountry":["US"],"releasestatus":["official"],"releasetype":["album"],"script":["Latn"],"title":["Fire Away"],"totaldiscs":["1"],"totaltracks":["11"],"tracknumber":["11"],"tracktotal":["11"]},"version":{"essentia":"2.1-beta1","essentia_build_sha":"ca57ba49d9b1854bd80e60cf9ccf267278fb7d6b","essentia_git_sha":"v2.1_beta1-28-g21ef5f4-dirty","extractor":"music 1.0"}},"rhythm":{"beats_count":813,"beats_loudness":{"dmean":0.0488833971322,"dmean2":0.077563367784,"dvar":0.0065168957226,"dvar2":0.0159150678664,"max":0.408249557018,"mean":0.05097059533,"median":0.0194918513298,"min":1.70943685873e-8,"var":0.00689008040354},"beats_loudness_band_ratio":{"dmean":[0.203218922019,0.165597975254,0.184546649456,0.130336180329,0.0659577697515,0.06