{"lowlevel":{"average_loudness":0.731441915035,"barkbands":{"dmean":[0.000224737057579,0.00368139869533,0.00180095399264,0.00293227029033,0.00124951091129,0.000890502356924,0.000611988885794,0.000527444528416,0.000758777721785,0.000339625083143,0.000299034756608,0.000464890879812,0.0002108735207,0.000273900514003,0.000185308686923,0.000208358615055,0.000189511556528,0.00014381489018,0.000251021207077,0.000257410050835,0.000147159938933,0.0000872500095284,0.0000363756917068,0.0000287705333903,0.0000228643493756,0.0000288125665975,0.0000314098833769],"dmean2":[0.000331234914484,0.0059251030907,0.00317583978176,0.00472751818597,0.00201930152252,0.00132115534507,0.000893722637556,0.000753146072384,0.00113658374175,0.00054250221001,0.000474119820865,0.000720933487173,0.000335030345013,0.000433457607869,0.000297396356473,0.0003336785594,0.000315149867674,0.000239957284066,0.000433992332546,0.000447811034974,0.000242878551944,0.000136820483021,0.0000498200060974,0.0000381442478101,0.0000302350563288,0.0000373478796973,0.0000415429312852],"dvar":[3.15692233244e-7,0.0000922426843317,0.0000275396796496,0.0000494444175274,0.00000618846570433,0.00000303910746879,0.00000167691064235,0.00000314520866596,0.00000407630750487,0.00000116357273328,0.00000169517181803,0.00000363475078302,5.2847644838e-7,5.72424596612e-7,2.82628434434e-7,3.7767779304e-7,1.24836205373e-7,9.51540357619e-8,3.6795699998e-7,5.00546263993e-7,1.0899650249e-7,4.74094790093e-8,4.60084326193e-9,2.61435317839e-9,2.30592478445e-9,3.33360516969e-9,5.22265475311e-9],"dvar2":[6.17965554284e-7,0.000221252819756,0.0000765547956689,0.000117598399811,0.0000156126552611,0.00000677761363477,0.00000380899587071,0.00000672688702252,0.00000983170957625,0.00000275551246887,0.00000411334485761,0.00000875554451341,0.00000120730203435,0.00000139698045132,6.78028357015e-7,9.83897280094e-7,3.15764339121e-7,2.42932912897e-7,0.00000103109971406,0.00000142668591252,2.95364685599e-7,1.27451045273e-7,9.31583166164e-9,4.91021223681e-9,3.90340959555e-9,5.325774044e-9,8.63189697498e-9],"max":[0.00801155995578,0.114744856954,0.070957928896,0.079971536994,0.0651880279183,0.0724896043539,0.0331460945308,0.0443391911685,0.0514808595181,0.0395223125815,0.0384204275906,0.0454621426761,0.024668622762,0.0190800931305,0.0161711014807,0.0243078880012,0.0077010137029,0.00832962896675,0.00768588483334,0.00830760411918,0.00407865224406,0.0037651991006,0.00129260018002,0.000874858058523,0.00199276860803,0.00118122762069,0.00120197236538],"mean":[0.000382841710234,0.00440117996186,0.00176879728679,0.0034691025503,0.00219120085239,0.00177211139817,0.00119487615302,0.000917368161026,0.00137919641566,0.000485114665935,0.000454708875623,0.000670731358696,0.000311348499963,0.000426172453444,0.000285095535219,0.000309034192469,0.000252530240687,0.000207304226933,0.000331479444867,0.000328206864651,0.00023823932861,0.000140124524478,0.0000712260589353,0.0000555745173187,0.0000459149596281,0.0000632949740975,0.0000609691996942],"median":[0.000208029989153,0.0010704259621,0.000353949610144,0.000924042775296,0.00108849524986,0.00084011425497,0.000510629557539,0.000162122843903,0.000336074794177,0.000118606818432,0.000058040881413,0.0000779243273428,0.0000597868638579,0.000103926096926,0.0000606642715866,0.000091841975518,0.0000957165029831,0.0000619800703134,0.00011219434964,0.0000990714106592,0.0000926625943976,0.0000402396763093,0.0000279348205368,0.0000258733834926,0.0000191174749489,0.0000170295043063,0.0000104788641693],"min":[1.9052142598e-24,1.69039205252e-24,2.10890070933e-24,3.97958080806e-24,1.76963100053e-23,2.48995141045e-23,2.1631859753e-23,1.70707164862e-23,1.35178794511e-23,7.88530135843e-24,2.80745624966e-23,5.15061200525e-23,1.57222912973e-23,8.50261231136e-23,8.03703985796e-23,8.57300584092e-23,1.04737068697e-22,9.0287232128e-23,1.87331329277e-22,2.21836950931e-22,2.56944719579e-22,3.48064288315e-22,5.25752695482e-22,6.59623022187e-22,1.0114167167e-21,1.52006433291e-21,2.13836164596e-21],"var":[4.31442373383e-7,0.000101988844108,0.0000201951825147,0.0000524211391166,0.0000119218193504,0.0000082047745309,0.00000530058150616,0.00000935068965191,0.00000982954315987,0.00000271666817753,0.00000362707964996,0.00000717812326911,0.00000112827535759,0.00000116254307159,5.7257602748e-7,6.94085883879e-7,1.75862282958e-7,1.37035542025e-7,3.52289816874e-7,4.45343403044e-7,1.48222198959e-7,7.07132628008e-8,1.25490817737e-8,6.21431262005e-9,6.26203533471e-9,1.1715756365e-8,1.48662877564e-8]},"barkbands_crest":{"dmean":2.76288604736,"dmean2":4.44211673737,"dvar":6.99178028107,"dvar2":17.6690540314,"max":26.4185791016,"mean":9.9041633606,"median":8.95539569855,"min":2.07207965851,"var":19.4562091827},"barkbands_flatness_db":{"dmean":0.0237131323665,"dmean2":0.0354827307165,"dvar":0.000680441735312,"dvar2":0.00138743512798,"max":0.480311602354,"mean":0.11903077364,"median":0.109460897744,"min":0.0162242222577,"var":0.00355480704457},"barkbands_kurtosis":{"dmean":4.07160997391,"dmean2":6.01911354065,"dvar":227.100860596,"dvar2":354.742492676,"max":643.477294922,"mean":5.46027374268,"median":1.93090772629,"min":-1.81477081776,"var":461.748077393},"barkbands_skewness":{"dmean":0.61117118597,"dmean2":0.914861798286,"dvar":0.676451146603,"dvar2":1.28597855568,"max":23.0061302185,"mean":1.62187612057,"median":1.47077465057,"min":-2.62582087517,"var":1.76744520664},"barkbands_spread":{"dmean":7.58230161667,"dmean2":11.5414733887,"dvar":79.9206695557,"dvar2":173.681442261,"max":109.73638916,"mean":27.4246349335,"median":22.6654472351,"min":0.372459948063,"var":333.480316162},"dissonance":{"dmean":0.0188170112669,"dmean2":0.031118158251,"dvar":0.000639009696897,"dvar2":0.00169039785396,"max":0.500000059605,"mean":0.462254583836,"median":0.471941262484,"min":0.127258405089,"var":0.00119286729023},"dynamic_complexity":4.82315206528,"erbbands":{"dmean":[0.110882163048,0.892656862736,2.08779144287,5.69731760025,8.03643989563,3.10555148125,3.67021822929,8.47382259369,7.42794418335,11.3161249161,11.2691488266,17.0963382721,13.9159603119,7.77956676483,16.8803749084,13.0315637589,8.74046611786,11.4672279358,10.8334035873,10.9889497757,12.1379156113,9.27652454376,7.26857852936,10.2737112045,13.8380088806,11.7754821777,7.43120670319,4.92385625839,3.36099672318,1.82697308064,0.920162916183,0.697110831738,0.443672716618,0.276624053717,0.160185113549,0.100064516068,0.0570329464972,0.0249806120992,0.00554383732378,0.000342905754223],"dmean2":[0.170345187187,1.52222406864,3.62828016281,9.33383178711,12.9601821899,4.87688922882,5.46418523788,12.685338974,11.2069206238,16.0991573334,16.0752353668,25.1989746094,22.0326442719,12.098441124,26.3855190277,20.0230827332,13.8793201447,17.7166481018,17.2302093506,17.5469055176,19.6598320007,15.2581501007,11.9768409729,17.4232120514,24.2397174835,20.4693450928,12.4075231552,8.0081987381,5.30110836029,2.7300901413,1.23389232159,0.953009724617,0.591094613075,0.371459305286,0.216555729508,0.133500829339,0.0762238577008,0.0337148830295,0.00737442355603,0.000464920449303],"dvar":[0.0874664857984,5.69878816605,35.2622566223,175.383361816,338.869720459,31.7941265106,34.1836204529,360.671386719,281.598754883,980.089416504,1179.32714844,2000.65539551,1529.80395508,641.456481934,3759.87988281,2391.34130859,751.587524414,1365.15283203,811.637145996,858.729187012,954.897644043,275.095428467,216.090072632,552.091125488,1333.95874023,1064.53588867,293.458435059,133.876983643,74.3147659302,15.2350282669,3.01530909538,1.55806517601,0.615618050098,0.311679750681,0.133262991905,0.0372670032084,0.013609061949,0.00306564709172,0.000168662139913,6.24722815701e-7],"dvar2":[0.191025257111,15.1239614487,97.1517028809,425.329711914,836.128295898,76.6692123413,76.6298141479,811.186340332,693.461181641,2016.26965332,2481.1796875,4799.16601562,3742.40283203,1458.51196289,9528.56933594,5529.92529297,1933.4630127,3137.79541016,2014.82788086,2141.43652344,2512.65356445,683.382568359,542.045959473,1507.29504395,3776.55297852,3031.59936523,811.802490234,359.947113037,200.989456177,37.7245903015,5.8392868042,3.06936049461,1.14436519146,0.554117619991,0.235526844859,0.0666934177279,0.0227628853172,0.00519730895758,0.000284051697236,0.00000108431356693],"max":[4.16905641556,27.4602050781,70.9121551514,152.853149414,243.259902954,167.593826294,131.741226196,824.63067627,453.373352051,979.734558105,839.027404785,1352.56787109,1091.39196777,1154.95556641,2014.265625,1391.06762695,1015.32397461,1190.69287109,761.940429688,1092.41308594,1086.36291504,522.172668457,401.268707275,263.808654785,476.502990723,351.307739258,186.992660522,147.798233032,139.448257446,64.9539489746,27.974937439,18.0547714233,13.9830608368,22.7252864838,15.519947052,5.65125846863,2.60620355606,0.914426922798,0.235685259104,0.0134518621489],"mean":[0.125283166766,0.979907929897,2.18796634674,6.7957906723,10.999124527,6.29263925552,8.09185791016,16.4616069794,14.5946674347,21.9755783081,20.8340473175,31.3795719147,21.7277946472,12.6536722183,26.0402603149,20.3865184784,13.9457120895,18.1883869171,18.3292655945,17.3556919098,17.9045619965,13.5782785416,11.6119480133,14.4315252304,17.8712387085,15.1949357986,11.0725755692,8.05244159698,5.43382978439,3.25358629227,1.77273786068,1.324442029,0.847664058208,0.538084387779,0.31025442481,0.211417123675,0.121765248477,0.0515765212476,0.0105997491628,0.000620391394477],"median":[0.0205478388816,0.24994404614,0.505760133266,2.27191972733,3.89389491081,3.35289740562,4.47119665146,7.51439094543,5.79087686539,7.29392576218,5.40530586243,9.30209827423,5.88153028488,3.89021205902,4.2816362381,3.86781072617,3.4562690258,4.32730102539,5.10818195343,4.37898111343,6.0764670372,5.61849498749,4.11186981201,5.24586439133,5.25720834732,5.06319141388,4.49427318573,2.56620621681,1.52292621136,1.12857854366,0.723967075348,0.601147532463,0.392624408007,0.242439374328,0.115784130991,0.0684445798397,0.0316296331584,0.0105494530872,0.00173341308255,0.00012217258336],"min":[1.85678470043e-22,4.30730322615e-22,2.79592358286e-21,5.99517485862e-21,3.40463953523e-20,4.46352183842e-20,8.13151435494e-20,1.61830674865e-19,3.42172075026e-19,3.40751004583e-19,7.12258859087e-19,4.76856078054e-19,5.52539433489e-19,1.22160824596e-18,1.35199165944e-18,2.23386059441e-18,9.36333815222e-19,3.88774391592e-18,3.11037136356e-18,5.1863972117e-18,6.26255381196e-18,5.23114644207e-18,4.540757101e-18,8.22621523889e-18,1.0259592275e-17,1.10536128712e-17,1.38313697406e-17,1.20418116346e-17,1.14748645243e-17,1.27163898318e-17,1.22707504127e-17,1.25112556574e-17,1.1369059025e-17,9.33061468039e-18,8.55384576309e-18,5.30947672376e-18,2.68484814977e-18,1.18145348691e-18,2.99764877315e-19,3.20525669587e-20],"var":[0.105825975537,5.10440063477,26.9124011993,178.820220947,421.686553955,88.1199264526,116.555557251,864.69543457,647.457336426,3518.81103516,3418.67602539,4662.54980469,3293.3605957,1338.63684082,7938.78320312,5181.81396484,1456.46374512,2893.83251953,1873.70861816,1696.77819824,1814.13659668,463.705566406,363.427337646,610.621398926,1217.71337891,915.41192627,327.431488037,206.407501221,110.717163086,29.4904270172,7.52972602844,3.66616225243,1.44852495193,0.812344193459,0.329423695803,0.116479709744,0.0451963767409,0.00952026899904,0.000470175553346,0.00000154515100803]},"erbbands_crest":{"dmean":2.62432646751,"dmean2":4.1795759201,"dvar":7.2617931366,"dvar2":16.7508144379,"max":33.2061576843,"mean":8.97188282013,"median":7.52138757706,"min":2.28069901466,"var":24.311712265},"erbbands_flatness_db":{"dmean":0.01999287121,"dmean2":0.027569482103,"dvar":0.000472232524771,"dvar2":0.000834134290926,"max":0.427976578474,"mean":0.135122507811,"median":0.12515167892,"min":0.0374278612435,"var":0.00261257681996},"erbbands_kurtosis":{"dmean":1.5440864563,"dmean2":2.40925264359,"dvar":36.6584892273,"dvar2":80.9131774902,"max":219.96484375,"mean":0.899874508381,"median":-0.413512229919,"min":-1.81156015396,"var":56.547744751},"erbbands_skewness":{"dmean":0.48118275404,"dmean2":0.730934798717,"dvar":0.371410697699,"dvar2":0.808121204376,"max":12.8514184952,"mean":0.305502772331,"median":0.188915520906,"min":-3.37940979004,"var":1.15825891495},"erbbands_spread":{"dmean":9.6990814209,"dmean2":14.4270486832,"dvar":96.954246521,"dvar2":209.505264282,"max":133.807617188,"mean":44.8691825867,"median":42.5437393188,"min":0.897665083408,"var":469.982116699},"gfcc":{"cov":[[23893.5625,511.99319458,-764.031433105,246.278182983,-492.60647583,-525.008972168,27.3868865967,-259.045288086,-649.297851562,70.3547973633,-236.589584351,-58.4417266846,-232.464782715],[511.99319458,2089.60522461,-440.202026367,168.051589966,147.246154785,117.333099365,-42.3578681946,9.05910778046,49.3115081787,-142.479171753,106.711082458,-90.0947647095,50.3231315613],[-764.031433105,-440.202026367,954.145996094,120.042724609,-33.7567863464,12.2333631516,77.574798584,46.5793838501,38.1692390442,39.3974266052,-20.7780284882,22.2037448883,12.6126146317],[246.278182983,168.051589966,120.042724609,772.391235352,44.5306015015,39.8178253174,9.49756240845,-14.5562553406,-4.9317688942,-11.0779056549,-37.9990005493,-29.5092334747,-40.3701057434],[-492.60647583,147.246154785,-33.7567863464,44.5306015015,272.450164795,98.5453643799,-0.0753401443362,15.4068775177,30.7052192688,-13.3522539139,16.7486038208,12.2268924713,21.593120575],[-525.008972168,117.333099365,12.2333631516,39.8178253174,98.5453643799,266.049926758,66.8453445435,23.2196578979,13.4600467682,-5.62316560745,43.8383026123,-1.17275071144,1.54067993164],[27.3868865967,-42.3578681946,77.574798584,9.49756240845,-0.0753401443362,66.8453445435,180.578338623,40.247959137,-4.55482959747,21.5995140076,23.1553478241,9.58722019196,-11.4321718216],[-259.045288086,9.05910778046,46.5793838501,-14.5562553406,15.4068775177,23.2196578979,40.247959137,141.012863159,78.3373794556,-4.04896736145,-4.17994117737,12.8024253845,17.8865127563],[-649.297851562,49.3115081787,38.1692390442,-4.9317688942,30.7052192688,13.4600467682,-4.55482959747,78.3373794556,148.677597046,25.2159099579,2.04562854767,-2.11003899574,16.436882019],[70.3547973633,-142.479171753,39.3974266052,-11.0779056549,-13.3522539139,-5.62316560745,21.5995140076,-4.04896736145,25.2159099579,112.662612915,37.6659011841,8.80059242249,-21.9714736938],[-236.589584351,106.711082458,-20.7780284882,-37.9990005493,16.7486038208,43.8383026123,23.1553478241,-4.17994117737,2.04562854767,37.6659011841,104.475547791,36.4479637146,9.1566734314],[-58.4417266846,-90.0947647095,22.2037448883,-29.5092334747,12.2268924713,-1.17275071144,9.58722019196,12.8024253845,-2.11003899574,8.80059242249,36.4479637146,85.1069564819,38.48878479],[-232.464782715,50.3231315613,12.6126146317,-40.3701057434,21.593120575,1.54067993164,-11.4321718216,17.8865127563,16.436882019,-21.9714736938,9.1566734314,38.48878479,81.3920822144]],"icov":[[0.0000596283134655,-0.0000689588414389,0.0000319228856824,-0.00000380086294172,0.0000618122357992,0.0000614450400462,-0.000027016390959,-0.0000816576648504,0.000323404616211,-0.000265392125584,0.00032313389238,-0.000191598432139,0.000119995755085],[-0.0000689588414389,0.000980238895863,0.000289638584945,-0.0002950639755,-0.000281788408756,0.0000622262377874,-0.00000317047056342,0.0000699138909113,-0.000812438491266,0.00175849359948,-0.00246874173172,0.00217257835902,-0.00104734743945],[0.0000319228856824,0.000289638584945,0.00131805823185,-0.00031122090877,0.000176243207534,-0.0000027514379326,-0.000497532193549,-0.000143864599522,-0.000182665084139,-0.000148621751578,0.0000424442769145,0.000210808226257,-0.000639179954305],[-0.00000380086294172,-0.0002950639755,-0.00031122090877,0.00152270193212,-0.000204595460673,-0.000250733282883,0.00000787245244283,0.000262632238446,0.000039500551793,-0.000277124694549,0.00117431313265,-0.00068486505188,0.00108643516432],[0.0000618122357992,-0.000281788408756,0.000176243207534,-0.000204595460673,0.00468421587721,-0.00170471682213,0.000394567730837,0.000202063165489,-0.000546944793314,-0.000212801838643,0.000857488543261,-0.00132438505534,-0.00039463196299],[0.0000614450400462,0.0000622262377874,-0.0000027514379326,-0.000250733282883,-0.00170471682213,0.00546724256128,-0.00180836394429,-0.000355886906618,0.0000890920782695,0.00115993560757,-0.00262973457575,0.00159818958491,0.0000212826489587],[-0.000027016390959,-0.00000317047056342,-0.000497532193549,0.00000787245244283,0.000394567730837,-0.00180836394429,0.0075203301385,-0.00310116983019,0.00206943089142,-0.00136392225977,-0.000779399939347,-0.000338766491041,0.00113492866512],[-0.0000816576648504,0.0000699138909113,-0.000143864599522,0.000262632238446,0.000202063165489,-0.000355886906618,-0.00310116983019,0.0124219227582,-0.0074783153832,0.00272640236653,0.0010811269749,-0.00227575190365,-0.000135418667924],[0.000323404616211,-0.000812438491266,-0.000182665084139,0.000039500551793,-0.000546944793314,0.0000890920782695,0.00206943089142,-0.0074783153832,0.0137945050374,-0.0062613254413,0.00260639493354,0.00104178802576,-0.00171044957824],[-0.000265392125584,0.00175849359948,-0.000148621751578,-0.000277124694549,-0.000212801838643,0.00115993560757,-0.00136392225977,0.00272640236653,-0.0062613254413,0.0166888851672,-0.00950321182609,0.00220882939175,0.00307828467339],[0.00032313389238,-0.00246874173172,0.0000424442769145,0.00117431313265,0.000857488543261,-0.00262973457575,-0.000779399939347,0.0010811269749,0.00260639493354,-0.00950321182609,0.0216329824179,-0.0115486374125,0.00243608560413],[-0.000191598432139,0.00217257835902,0.000210808226257,-0.00068486505188,-0.00132438505534,0.00159818958491,-0.000338766491041,-0.00227575190365,0.00104178802576,0.00220882939175,-0.0115486374125,0.0240073539317,-0.0111567275599],[0.000119995755085,-0.00104734743945,-0.000639179954305,0.00108643516432,-0.00039463196299,0.0000212826489587,0.00113492866512,-0.000135418667924,-0.00171044957824,0.00307828467339,0.00243608560413,-0.0111567275599,0.0203859955072]],"mean":[-34.8992996216,69.5461578369,-93.950050354,24.2910060883,-48.644695282,-4.19511556625,-28.7863521576,3.58839654922,-20.1940765381,2.40359663963,-16.6632785797,-3.77539873123,-11.357208252]},"hfc":{"dmean":6.56831645966,"dmean2":9.59934425354,"dvar":117.200798035,"dvar2":276.051696777,"max":125.074577332,"mean":17.0785770416,"median":12.0707378387,"min":1.09770791431e-16,"var":294.475036621},"melbands":{"dmean":[0.000975841889158,0.00111199368257,0.00111960188951,0.000368826877093,0.000121410994325,0.000184585151146,0.000110907407361,0.000127908730065,0.0000965929939412,0.000106313214928,0.0000721043543308,0.0000341152554029,0.0000528322307218,0.0000570609445276,0.0000224305404117,0.0000208494857361,0.0000222263061005,0.0000205420328712,0.0000146570482684,0.0000139571811815,0.0000156565183715,0.0000112550014819,0.00000660076284476,0.00000763615389587,0.00000868348433869,0.0000101561081465,0.0000109541224447,0.00000742213160265,0.00000502764578414,0.00000374532191927,0.00000270926148005,0.00000207645348382,0.00000151840401941,9.196329529e-7,5.5199069493e-7,4.87131273985e-7,4.25817347605e-7,3.24246911987e-7,2.98463220361e-7,2.25562615697e-7],"dmean2":[0.00151726359036,0.00190314021893,0.00181558309123,0.000587617803831,0.000181458308361,0.000275532831438,0.000165977675351,0.000181683091796,0.000138338349643,0.000158501061378,0.000114120361104,0.0000531324985786,0.0000831910583656,0.0000880039297044,0.0000355539050361,0.0000326908957504,0.0000343231549778,0.0000329418580804,0.0000233515766013,0.0000222453072638,0.000025778039344,0.0000188957710634,0.0000108238155008,0.0000127305966089,0.0000148019335029,0.000017702453988,0.0000194045060198,0.0000128877809402,0.00000847437877383,0.00000630312297289,0.00000443186218035,0.00000333214393322,0.00000243174577008,0.00000137141262258,7.62875572491e-7,6.74503553455e-7,5.97411428771e-7,4.42135700496e-7,4.14825763073e-7,3.12037343519e-7],"dvar":[0.00000633715944787,0.00000925051699596,0.0000066210877776,5.72193300741e-7,3.45693038639e-8,1.53064021902e-7,5.43089662131e-8,1.23070478253e-7,6.7896749556e-8,7.95919774532e-8,4.1650963567e-8,1.31545538906e-8,4.05930151715e-8,6.29788416973e-8,1.02070831787e-8,5.43965139599e-9,4.34101732338e-9,3.25329785333e-9,1.88079285479e-9,2.39301933824e-9,1.56760648906e-9,4.45736475507e-10,1.59452562265e-10,2.87205953464e-10,3.84336645842e-10,6.40008324115e-10,8.60449045348e-10,4.20917883881e-10,1.33008909442e-10,7.42139474874e-11,4.13696958634e-11,2.79531588848e-11,1.71976443503e-11,3.33017966501e-12,1.14235823492e-12,7.74554194654e-13,5.95285919083e-13,3.35596080005e-13,2.68858015278e-13,2.66809876059e-13],"dvar2":[0.0000142642466017,0.0000251913988905,0.0000158398397616,0.0000013867488633,7.96956882709e-8,3.43785075074e-7,1.33462251029e-7,2.60194411794e-7,1.48532649291e-7,1.92640214891e-7,1.01292002341e-7,2.94167996628e-8,9.98559741561e-8,1.46793951217e-7,2.68116817637e-8,1.27809602901e-8,1.00005728143e-8,8.14348499745e-9,4.46223236139e-9,6.11925532468e-9,4.19592005585e-9,1.13032472271e-9,4.12493317281e-10,7.22826187793e-10,1.05029573927e-9,1.80331738431e-9,2.44914200032e-9,1.19713849944e-9,3.67257391165e-10,2.03484396e-10,1.10208904502e-10,7.52901560541e-11,4.73866779149e-11,7.82278929135e-12,2.33292226683e-12,1.55286005409e-12,1.23266479489e-12,6.53619356989e-13,5.33732942825e-13,4.84301617906e-13],"max":[0.0345796234906,0.0306877456605,0.0308802612126,0.0179151874036,0.00405178358778,0.0169117730111,0.00592615548521,0.00994044914842,0.00547928595915,0.00741533702239,0.00560214137658,0.00532317487523,0.00552645791322,0.00694700237364,0.00411469303071,0.00242595653981,0.00198837392963,0.00166388705838,0.00120541511569,0.00243801646866,0.0014923006529,0.000707754632458,0.000222855480388,0.000586279493291,0.000220460133278,0.000388720538467,0.000352238857886,0.000233598519117,0.000133617853862,0.000120427561342,0.000106762963696,0.0000861017979332,0.0000846547845867,0.0000455907829746,0.0000180361275852,0.000012149244867,0.0000113771802717,0.0000101024834294,0.00001203681677,0.0000248154356086],"mean":[0.00117995764595,0.0012146232184,0.00140037143137,0.000611086259596,0.000282075605355,0.000367548665963,0.000219220135477,0.000242368638283,0.000176621048013,0.000191068684217,0.000107811087219,0.0000521593537997,0.0000817730542622,0.0000831066790852,0.000034301141568,0.0000309835450025,0.0000343026513292,0.0000329945069097,0.0000222641792789,0.0000209211466426,0.0000212531595025,0.000014626400116,0.0000102173207779,0.0000108751346488,0.0000115495840873,0.0000129746904349,0.0000132484801725,0.00000920644379221,0.0000071237186603,0.00000573604665988,0.00000424621975981,0.00000320717367686,0.00000232189927374,0.00000163577544754,0.00000100347881471,8.82436552274e-7,7.6757851275e-7,5.79885352181e-7,5.49421713458e-7,4.17237458805e-7],"median":[0.00027739565121,0.000300713290926,0.000482559727971,0.00029824100784,0.000172274259967,0.000176819114131,0.0000884186520125,0.0000669500368531,0.0000446519588877,0.0000484293777845,0.0000235072930082,0.0000146345273606,0.0000119000469567,0.00000922961407923,0.00000680429184285,0.00000573825582251,0.00000782842835179,0.00000771103259467,0.00000448944092568,0.00000563445109947,0.00000639930703983,0.00000555360929866,0.00000366683934772,0.00000297629230772,0.00000401848865295,0.00000422956554758,0.00000328600685862,0.00000307625123241,0.00000272387615041,0.00000210269445233,0.00000122699395888,8.10680489849e-7,7.38486392038e-7,5.6408657656e-7,3.9383485273e-7,3.81010863748e-7,3.41506250834e-7,2.61501753585e-7,2.48070108455e-7,1.81642889174e-7],"min":[2.48114661835e-24,1.49064852702e-24,2.66166797017e-24,4.96308367532e-24,2.59905667177e-24,3.97112974119e-24,5.23391737345e-24,4.96446812621e-24,7.62841511554e-24,1.94910450842e-24,2.37308036572e-24,4.52991344694e-24,4.48985548461e-24,5.43129668282e-24,3.86289092524e-24,1.71351021299e-24,5.97588917533e-24,3.5979464682e-24,5.41616278079e-24,6.28515302132e-24,6.54546686485e-24,5.42916518066e-24,5.35742577551e-24,3.59289815283e-24,5.81181241793e-24,7.41192486187e-24,6.60701182052e-24,6.85761833618e-24,6.96119182874e-24,5.38278331488e-24,7.58947536353e-24,6.07804902914e-24,6.51305138696e-24,7.16861964832e-24,6.23533290528e-24,7.44788114193e-24,7.63115246288e-24,7.20915842138e-24,5.50428012162e-24,7.27883140539e-24],"var":[0.0000077109070844,0.00000756100052968,0.00000716617205399,9.85681595012e-7,1.25311402144e-7,3.84348538773e-7,1.36348859314e-7,4.21041477239e-7,1.88180209193e-7,1.87115190897e-7,9.09923727477e-8,2.7057737384e-8,8.86358364482e-8,1.32096644734e-7,1.79980350623e-8,1.20745946575e-8,9.23843845868e-9,7.33136262809e-9,3.75715591971e-9,4.07266487201e-9,2.73806577411e-9,6.24973628405e-10,2.80201029046e-10,4.30561891696e-10,4.20587314975e-10,5.8457944041e-10,7.99003030405e-10,3.48583661935e-10,1.47372905546e-10,9.22640644441e-11,6.36534228105e-11,4.29950935965e-11,1.95585925927e-11,7.72248064107e-12,2.59794377851e-12,1.72918688916e-12,1.28433819569e-12,7.2319879035e-13,6.29588449517e-13,6.45263465056e-13]},"melbands_crest":{"dmean":3.41290473938,"dmean2":5.49145650864,"dvar":10.4853591919,"dvar2":24.9773616791,"max":33.4503974915,"mean":13.6652698517,"median":12.6386070251,"min":1.7053886652,"var":29.7749881744},"melbands_flatness_db":{"dmean":0.0304592251778,"dmean2":0.0451705791056,"dvar":0.00112767179962,"dvar2":0.00231290259399,"max":0.624076604843,"mean":0.196947142482,"median":0.188311725855,"min":0.00494566885754,"var":0.00557522429153},"melbands_kurtosis":{"dmean":9.36238574982,"dmean2":14.3392381668,"dvar":641.651062012,"dvar2":1140.14086914,"max":800.934082031,"mean":16.3602600098,"median":8.7557592392,"min":-1.72849011421,"var":1331.16491699},"melbands_skewness":{"dmean":0.855322420597,"dmean2":1.28694427013,"dvar":1.0179438591,"dvar2":2.18180418015,"max":17.0452365875,"mean":2.81997847557,"median":2.55908799171,"min":-2.13829302788,"var":3.03921985626},"melbands_spread":{"dmean":8.02961826324,"dmean2":12.6081943512,"dvar":102.684295654,"dvar2":241.310516357,"max":146.445266724,"mean":23.7175006866,"median":19.4926490784,"min":0.2888712883,"var":303.023864746},"mfcc":{"cov":[[15009.3105469,683.599304199,-636.0234375,579.598266602,-474.279327393,-90.944770813,33.6251678467,-183.690246582,-250.889877319,-182.825332642,-69.9466171265,-226.668228149,-78.7219009399],[683.599304199,1559.73962402,-241.935119629,-77.0508041382,101.837776184,-44.7563591003,33.9452133179,38.9231491089,-21.1860389709,13.6890087128,-27.0497951508,-3.38874769211,-5.61949968338],[-636.0234375,-241.935119629,732.81640625,193.380325317,-20.2892284393,47.7342338562,40.1367301941,18.1644077301,46.1470756531,20.0754699707,15.4971017838,33.5250053406,6.0116443634],[579.598266602,-77.0508041382,193.380325317,498.939117432,78.8285827637,65.6755065918,-4.34146976471,21.1029758453,20.463848114,-13.7609443665,5.48717689514,13.8882522583,7.05354070663],[-474.279327393,101.837776184,-20.2892284393,78.8285827637,258.372406006,75.3748016357,-2.24798250198,35.2256660461,37.2187156677,8.6840133667,-17.4733943939,12.3757286072,4.57062864304],[-90.944770813,-44.7563591003,47.7342338562,65.6755065918,75.3748016357,212.925994873,94.0502548218,27.7035541534,-12.9836626053,14.3903799057,26.9851360321,2.80902647972,-1.67570817471],[33.6251678467,33.9452133179,40.1367301941,-4.34146976471,-2.24798250198,94.0502548218,170.020965576,54.6874504089,-19.7045612335,4.98842906952,20.1333065033,-9.9334526062,1.36746191978],[-183.690246582,38.9231491089,18.1644077301,21.1029758453,35.2256660461,27.7035541534,54.6874504089,127.004867554,60.150592804,14.3848896027,-1.62058579922,7.85479164124,2.63001513481],[-250.889877319,-21.1860389709,46.1470756531,20.463848114,37.2187156677,-12.9836626053,-19.7045612335,60.150592804,124.957038879,45.7754440308,-6.49788808823,14.4926042557,3.61330413818],[-182.825332642,13.6890087128,20.0754699707,-13.7609443665,8.6840133667,14.3903799057,4.98842906952,14.3848896027,45.7754440308,93.0194168091,44.1257019043,9.54208278656,-2.23450064659],[-69.9466171265,-27.0497951508,15.4971017838,5.48717689514,-17.4733943939,26.9851360321,20.1333065033,-1.62058579922,-6.49788808823,44.1257019043,89.1797103882,38.1768455505,9.48948192596],[-226.668228149,-3.38874769211,33.5250053406,13.8882522583,12.3757286072,2.80902647972,-9.9334526062,7.85479164124,14.4926042557,9.54208278656,38.1768455505,84.0420150757,40.4218673706],[-78.7219009399,-5.61949968338,6.0116443634,7.05354070663,4.57062864304,-1.67570817471,1.36746191978,2.63001513481,3.61330413818,-2.23450064659,9.48948192596,40.4218673706,76.0994338989]],"icov":[[0.0000949882523855,-0.0000533386300958,0.000119158452435,-0.000207710327231,0.000247808580752,-0.0000201701495826,-0.0000626507535344,0.000127696970594,-0.0000378247495973,0.000107837448013,-0.0000155810048454,0.000191485029063,-0.00000925932818063],[-0.0000533386300958,0.000782690360211,0.000154789231601,0.000115583854495,-0.000528253847733,0.000476997025544,-0.000352900533471,-0.000335566961439,0.000608022790402,-0.000708904408384,0.000587239861488,-0.000527612108272,0.000197188404854],[0.000119158452435,0.000154789231601,0.00190870498773,-0.000961111916695,0.000729886407498,-0.0000921663449844,-0.000888369162567,0.000639672856778,-0.000703067926224,-0.000334751151968,0.000713190238457,-0.000923423212953,0.000446101417765],[-0.000207710327231,0.000115583854495,-0.000961111916695,0.00299484957941,-0.00120789452922,-0.000640852609649,0.000953700335231,-0.000665026949719,-0.000227174779866,0.00105419545434,-0.00102209590841,0.000234809194808,-0.000299243169138],[0.000247808580752,-0.000528253847733,0.000729886407498,-0.00120789452922,0.00618536397815,-0.00275594973937,0.00113042129669,-0.000340758793755,-0.00109235849231,-0.000366476248018,0.00225926958956,-0.000936177268159,0.0000875650002854],[-0.0000201701495826,0.000476997025544,-0.0000921663449844,-0.000640852609649,-0.00275594973937,0.00822457578033,-0.00446059415117,0.000306864414597,0.00133582216222,-0.00106360961217,-0.00119150721002,-0.000202674462344,0.000658795295749],[-0.0000626507535344,-0.000352900533471,-0.000888369162567,0.000953700335231,0.00113042129669,-0.00446059415117,0.0115327872336,-0.00618120003492,0.00350349582732,0.000122388009913,-0.00218550418504,0.00320779392496,-0.00186293560546],[0.000127696970594,-0.000335566961439,0.000639672856778,-0.000665026949719,-0.000340758793755,0.000306864414597,-0.00618120003492,0.0147568834946,-0.00873717106879,0.00258666602895,-0.000148833656567,-0.000976270239335,0.0007746515912],[-0.0000378247495973,0.000608022790402,-0.000703067926224,-0.000227174779866,-0.00109235849231,0.00133582216222,0.00350349582732,-0.00873717106879,0.0183467157185,-0.0109634231776,0.00702076079324,-0.00366171076894,0.000292868237011],[0.000107837448013,-0.000708904408384,-0.000334751151968,0.00105419545434,-0.000366476248018,-0.00106360961217,0.000122388009913,0.00258666602895,-0.0109634231776,0.0227234940976,-0.0145110525191,0.0061718611978,-0.000386093131965],[-0.0000155810048454,0.000587239861488,0.000713190238457,-0.00102209590841,0.00225926958956,-0.00119150721002,-0.00218550418504,-0.000148833656567,0.00702076079324,-0.0145110525191,0.0257130041718,-0.0134076736867,0.00310409045778],[0.000191485029063,-0.000527612108272,-0.000923423212953,0.000234809194808,-0.000936177268159,-0.000202674462344,0.00320779392496,-0.000976270239335,-0.00366171076894,0.0061718611978,-0.0134076736867,0.0245397128165,-0.0107696289197],[-0.00000925932818063,0.000197188404854,0.000446101417765,-0.000299243169138,0.0000875650002854,0.000658795295749,-0.00186293560546,0.0007746515912,0.000292868237011,-0.000386093131965,0.00310409045778,-0.0107696289197,0.0184623356909]],"mean":[-683.058898926,111.602134705,8.00646686554,31.8180732727,-0.110152341425,0.47096440196,-0.426939547062,-2.69139885902,0.769905686378,3.77949881554,-2.49781370163,-1.12887060642,-2.00914525986]},"pitch_salience":{"dmean":0.0740696191788,"dmean2":0.118946641684,"dvar":0.00525723677129,"dvar2":0.0132291903719,"max":0.887920200825,"mean":0.577645003796,"median":0.595344245434,"min":0.0504562072456,"var":0.0153293162584},"silence_rate_20dB":{"dmean":0,"dmean2":0,"dvar":0,"dvar2":0,"max":1,"mean":1,"median":1,"min":1,"var":0},"silence_rate_30dB":{"dmean":0.0140268849209,"dmean2":0.0280565023422,"dvar":0.013831416145,"dvar2":0.037600133568,"max":1,"mean":0.991039276123,"median":1,"min":0,"var":0.00888175051659},"silence_rate_60dB":{"dmean":0.0327293984592,"dmean2":0.0654651746154,"dvar":0.0316554792225,"dvar2":0.0785100460052,"max":1,"mean":0.142008379102,"median":0,"min":0,"var":0.121835194528},"spectral_centroid":{"dmean":330.45715332,"dmean2":517.633300781,"dvar":167775.71875,"dvar2":400876.3125,"max":11342.0283203,"mean":1458.35461426,"median":1340.67175293,"min":158.357025146,"var":587205.75},"spectral_complexity":{"dmean":4.42762517929,"dmean2":6.62756919861,"dvar":44.3752212524,"dvar2":91.8683547974,"max":64,"mean":15.7232885361,"median":13,"min":0,"var":139.126480103},"spectral_contrast_coeffs":{"dmean":[0.0516309030354,0.0483822785318,0.0410371758044,0.03254846856,0.0221202969551,0.0216140057892],"dmean2":[0.0813474953175,0.0763057172298,0.0645587816834,0.0519829317927,0.0359871052206,0.0359681248665],"dvar":[0.00200617336668,0.00158439902589,0.00124373915605,0.000821193738375,0.000367045489838,0.000799926230684],"dvar2":[0.00485746469349,0.00380704714917,0.00293711852282,0.00196543359198,0.000911096693017,0.0020757811144],"max":[-0.271610200405,-0.391848117113,-0.438634008169,-0.491094827652,-0.623967885971,-0.562191843987],"mean":[-0.647746741772,-0.716459512711,-0.753310441971,-0.787985503674,-0.799835026264,-0.767098605633],"median":[-0.650481641293,-0.716528296471,-0.760770082474,-0.798413515091,-0.799762845039,-0.769232749939],"min":[-0.972558498383,-0.978895127773,-0.982005476952,-0.976761579514,-0.964156925678,-0.963137328625],"var":[0.00762375164777,0.00641779415309,0.0068812048994,0.00488151004538,0.00189443526324,0.00244762492366]},"spectral_contrast_valleys":{"dmean":[0.495503723621,0.409705221653,0.403732359409,0.37138441205,0.368410795927,0.328687489033],"dmean2":[0.752785205841,0.653412938118,0.628232300282,0.572286427021,0.546243667603,0.392836809158],"dvar":[0.297400146723,0.227983444929,0.215312957764,0.227989584208,0.291132926941,0.172696337104],"dvar2":[0.562036633492,0.516345024109,0.460537701845,0.477020949125,0.622401893139,0.292922735214],"max":[-5.08684206009,-5.12008237839,-5.62163639069,-5.86284637451,-5.25795269012,-8.28566932678],"mean":[-7.76778697968,-7.23219394684,-8.0441608429,-8.33816719055,-7.85571718216,-10.4369478226],"median":[-7.397772789,-6.83900308609,-7.69691801071,-8.07186412811,-7.58765792847,-10.0296087265],"min":[-28.2853679657,-27.4957275391,-27.7828998566,-27.8103313446,-27.3722133636,-27.2648677826],"var":[3.0809431076,2.5824534893,2.43877482414,2.25009155273,2.62010335922,2.25067877769]},"spectral_decrease":{"dmean":2.530028409e-9,"dmean2":3.79782161275e-9,"dvar":2.15645373579e-17,"dvar2":4.81270621042e-17,"max":1.35534876313e-28,"mean":-5.4752020695e-9,"median":-3.6303893225e-9,"min":-5.18247915693e-8,"var":3.83681142775e-17},"spectral_energy":{"dmean":0.00997540540993,"dmean2":0.0149133624509,"dvar":0.00032808346441,"dvar2":0.000726474740077,"max":0.203511938453,"mean":0.0222137514502,"median":0.0148536060005,"min":1.02431915905e-20,"var":0.00060280947946},"spectral_energyband_high":{"dmean":0.000424836965976,"dmean2":0.000625060813036,"dvar":7.58534270062e-7,"dvar2":0.00000194750919036,"max":0.0105744376779,"mean":0.000817996275146,"median":0.000357870740118,"min":7.32108883499e-21,"var":0.00000128495901208},"spectral_energyband_low":{"dmean":0.00582158379257,"dmean2":0.0091567216441,"dvar":0.000190427206689,"dvar2":0.00045097473776,"max":0.134838357568,"mean":0.00785836204886,"median":0.00243688211776,"min":1.54350607308e-23,"var":0.000228528006119},"spectral_energyband_middle_high":{"dmean":0.00177794380579,"dmean2":0.00273171067238,"dvar":0.0000110570281322,"dvar2":0.0000261701588897,"max":0.0623553879559,"mean":0.00388473365456,"median":0.00185391271953,"min":1.08773018666e-21,"var":0.0000376827447326},"spectral_energyband_middle_low":{"dmean":0.00506898155436,"dmean2":0.00780937541276,"dvar":0.0000811296704342,"dvar2":0.000188908496057,"max":0.108911439776,"mean":0.0110243055969,"median":0.00770794134587,"min":2.12488507442e-22,"var":0.000149508545292},"spectral_entropy":{"dmean":0.181708157063,"dmean2":0.25168299675,"dvar":0.0479688383639,"dvar2":0.086278937757,"max":9.82720375061,"mean":7.60694217682,"median":7.71608304977,"min":3.78297662735,"var":0.270593881607},"spectral_flux":{"dmean":0.0267725903541,"dmean2":0.0418225452304,"dvar":0.00152624584734,"dvar2":0.00330747920088,"max":0.375320106745,"mean":0.0724310949445,"median":0.0572983324528,"min":6.52751810937e-11,"var":0.00326263462193},"spectral_kurtosis":{"dmean":1.41116964817,"dmean2":2.27778244019,"dvar":4.69387149811,"dvar2":11.6180877686,"max":50.751953125,"mean":4.98885059357,"median":3.98701810837,"min":-1.24204969406,"var":13.4546098709},"spectral_rms":{"dmean":0.000884147011675,"dmean2":0.00126939278562,"dvar":0.00000158550346896,"dvar2":0.00000322017285725,"max":0.0140907149762,"mean":0.00402426440269,"median":0.00380674703047,"min":3.16122735627e-12,"var":0.00000547717763766},"spectral_rolloff":{"dmean":750.901855469,"dmean2":1228.32678223,"dvar":1626910,"dvar2":3290056.75,"max":19444.4824219,"mean":1774.75256348,"median":1076.66015625,"min":21.533203125,"var":4554120},"spectral_skewness":{"dmean":0.229348659515,"dmean2":0.367897093296,"dvar":0.089722007513,"dvar2":0.221230298281,"max":5.41973257065,"mean":1.55956852436,"median":1.48547577858,"min":-0.0663632825017,"var":0.333915680647},"spectral_spread":{"dmean":679807.25,"dmean2":969030.375,"dvar":1154995060740,"dvar2":2200113250300,"max":47900116,"mean":5152577,"median":4767923.5,"min":1306200.125,"var":4517283233790},"spectral_strongpeak":{"dmean":0.464955151081,"dmean2":0.760740995407,"dvar":0.625308513641,"dvar2":1.53100860119,"max":12.6675386429,"mean":0.859682798386,"median":0.48092648387,"min":0,"var":1.36513066292},"zerocrossingrate":{"dmean":0.015075600706,"dmean2":0.0165005773306,"dvar":0.00034322947613,"dvar2":0.000356596894562,"max":0.509765625,"mean":0.07737852633,"median":0.06201171875,"min":0.0029296875,"var":0.00287368125282}},"metadata":{"audio_properties":{"analysis_sample_rate":44100,"bit_rate":904973,"codec":"alac","downmix":"mix","equal_loudness":0,"length":238.373336792,"lossless":true,"md5_encoded":"777a1a3093a8343707361f574f644ac3","replay_gain":-6.53087425232,"sample_rate":44100},"tags":{"album":["The Complete Picture: the Very Best of Deborah Harry and Blondie"],"albumartistsort":["Harry, Deborah & Blondie"],"artist":["Blondie"],"artistsort":["Blondie"],"asin":["B0000070RI"],"barcode":["094632181725"],"catalognumber":["CCD1817"],"compilation":["1"],"composer":["Chris Stein"],"composersort":["Harry, Deborah"],"date":["1991"],"discnumber":["1/1"],"encodedby":["X Lossless Decoder 20141129, QuickTime 7.7.3"],"file_name":"01 Heart of Glass.m4a","genre":["Pop"],"label":["Chrysalis"],"language":["English"],"media":["CD"],"musicbrainz_albumartistid":["2e229823-0fc2-438b-aacb-5de02bd0b9b7"],"musicbrainz_albumid":["45409445-aead-4e6d-a876-17ad927d543a"],"musicbrainz_artistid":["4d2956d1-a3f7-44bb-9a41-67563e1a0c94"],"musicbrainz_recordingid":["9bbb5fe2-630c-43a3-a625-d360f7dddbec"],"musicbrainz_releasegroupid":["70affaeb-f091-34c1-9406-129e2cde5266"],"script":["Latin"],"title":["Heart of Glass"],"tracknumber":["1/20"]},"version":{"essentia":"2.1-beta2","essentia_build_sha":"cead25079874084f62182a551b7393616cd33d87","essentia_git_sha":"v2.1_beta2-1-ge3940c0","extractor":"music 1.0"}},"rhythm":{"beats_count":457,"beats_loudness":{"dmean":0.0236694253981,"dmean2":0.0432859063148,"dvar":0.000460046925582,"dvar2":0.00147838506382,"max":0.137462228537,"mean":0.05882788077,"median":0.0605711191893,"min":1.91351245959e-9,"var":0.000943298859056},"beats_loudness_band_ratio":{"dmean":[0.13168784976,0.054908324033,0.0521137751639,0.041836630553,0.0364524312317,0.0471020638943],"dmean2":[0.223900988698,0.0971960052848,0.0889135673642,0.0731091350317,0.