{"lowlevel":{"average_loudness":0.670256435871,"barkbands":{"dmean":[0.00000730358578949,0.000737735826988,0.000830946140923,0.00123634096235,0.000951386580709,0.000720211537555,0.000832181307487,0.000819558510557,0.000948490691371,0.000583512475714,0.000573488767259,0.000396936840843,0.000347404798958,0.000327952060616,0.00014707921946,0.000121843506349,0.000151888889377,0.0000871921583894,0.000141798009281,0.0000781613052823,0.0000578758263146,0.0000419034295192,0.0000206350869121,0.0000144522209666,0.00000582093889534,0.0000014138536244,5.55022339199e-8],"dmean2":[0.0000120292634165,0.00110960216261,0.00128447799943,0.00186437834054,0.00151188706513,0.00108158856165,0.00122762541287,0.00120130169671,0.00128875917289,0.000836196762975,0.000849627132993,0.000593960110564,0.000489368685521,0.000489500293043,0.000219329536776,0.000187596233445,0.000231520229136,0.000136647446197,0.00020895981288,0.00012322490511,0.000090437628387,0.0000676151103107,0.0000348354369635,0.0000254668848356,0.0000094427005024,0.00000223345841732,8.81266828401e-8],"dvar":[4.71770900123e-10,0.00000335885533786,0.00000491904529554,0.00000858047042129,0.00000378243248633,0.00000410334905609,0.0000086218215074,0.00000612732583249,0.0000106576771941,0.00000462080606667,0.0000104839700725,0.00000401308261644,0.00000163394020092,0.00000204200364351,5.0103585636e-7,2.71781715355e-7,2.62341046664e-7,1.78678007501e-7,2.80131644104e-7,1.74540701892e-7,8.81116974938e-8,6.09368342452e-8,1.45576493082e-8,1.57445150251e-8,2.65992938786e-9,1.33908134581e-10,2.47773074844e-13],"dvar2":[1.15104270559e-9,0.00000699932343196,0.0000119429814731,0.0000194271706278,0.00000951557467488,0.00000782364531915,0.0000176017110789,0.0000119336164062,0.0000183863048733,0.00000985068436421,0.000020906833015,0.00000797191478341,0.00000314842372973,0.00000471826206194,0.00000104449270566,6.85084160068e-7,5.67862855405e-7,4.30827924447e-7,5.89378601035e-7,4.51902565146e-7,2.13464261378e-7,1.61720748793e-7,3.91896683993e-8,4.5976900509e-8,7.07192615579e-9,3.00292818389e-10,6.6420008599e-13],"max":[0.000367322354577,0.0385483726859,0.03860861063,0.0433845818043,0.0400481745601,0.0939405933022,0.0982647016644,0.0860409885645,0.122646294534,0.108334332705,0.135439142585,0.0874631181359,0.0366446189582,0.050652936101,0.0427708588541,0.0319286622107,0.0183388199657,0.019749365747,0.0179025251418,0.0160325746983,0.0156453289092,0.0138238333166,0.00500084040686,0.00677253771573,0.00300212274306,0.000607951544225,0.000030879786209],"mean":[0.00000667580206937,0.00215965299867,0.00153898110148,0.00256500509568,0.001589344698,0.00116019987036,0.00116163038183,0.00139984232374,0.00177465670276,0.000967816216871,0.000703084748238,0.000508952187374,0.000584869238082,0.000537238374818,0.000210675993003,0.000175012974069,0.000234985302086,0.000107950807433,0.000203079165658,0.0000979564210866,0.0000798973342171,0.0000515903229825,0.0000227950204135,0.0000124765829241,0.00000631998909739,0.00000173468833964,1.37082992069e-7],"median":[0.00000126897782593,0.000179649607162,0.000197680317797,0.000538354623131,0.000583342276514,0.000338175828801,0.000197867106181,0.000159771880135,0.000174788699951,0.00010827920778,0.00002858433254,0.0000193692685571,0.0000288095779979,0.0000308330527332,0.0000190997816389,0.0000167812504515,0.0000246745439654,0.00000550761797058,0.00000925095082493,0.00000851032200444,0.00000461973013444,0.00000150578921421,8.42919575916e-7,5.01372653616e-7,2.99425153116e-7,1.83405262533e-7,8.71787122492e-8],"min":[2.3246295771e-14,3.01668751286e-14,1.79656670671e-14,2.04599690326e-14,6.193157288e-14,2.93963326446e-14,5.06934480558e-15,6.61325462843e-15,6.8448664705e-15,9.8714634218e-15,3.07325978461e-15,2.21409177749e-14,2.27067086786e-14,2.03864550431e-14,2.82929367055e-14,1.78082002541e-14,3.37858200076e-14,1.38218917648e-13,9.05212048982e-14,2.28316680612e-14,1.89328099639e-13,9.58171936976e-14,5.80882862427e-14,1.12425625992e-13,7.35608270261e-14,6.36611938295e-14,6.82911504581e-14],"var":[4.22927776134e-10,0.0000146786123878,0.0000105925219032,0.0000222022827074,0.00000739228426028,0.00000904726584849,0.000013365297491,0.000012648174561,0.0000299037892546,0.00000872356667969,0.0000167562175193,0.00000786378586781,0.00000437610378867,0.00000413872612626,8.95642529031e-7,3.71700110691e-7,5.82340931032e-7,2.2531477839e-7,5.0268454288e-7,1.78173280574e-7,1.24301294591e-7,7.22364816852e-8,1.66962479398e-8,9.51409617755e-9,2.6877353676e-9,2.08264072654e-10,2.62527440108e-13]},"barkbands_crest":{"dmean":2.46320700645,"dmean2":3.95169115067,"dvar":5.22490501404,"dvar2":13.3719711304,"max":24.7282581329,"mean":10.4289703369,"median":9.85469055176,"min":1.75258100033,"var":14.3704090118},"barkbands_flatness_db":{"dmean":0.0243694409728,"dmean2":0.0344429463148,"dvar":0.000678323325701,"dvar2":0.0011924135033,"max":0.440448224545,"mean":0.192257747054,"median":0.185410261154,"min":0.00811681337655,"var":0.00488519668579},"barkbands_kurtosis":{"dmean":3.65942192078,"dmean2":5.68387508392,"dvar":39.3654708862,"dvar2":91.9034957886,"max":179.103378296,"mean":6.99753427505,"median":3.69428777695,"min":-1.90051305294,"var":110.551994324},"barkbands_skewness":{"dmean":0.555071413517,"dmean2":0.840203046799,"dvar":0.349810391665,"dvar2":0.769165992737,"max":9.77962779999,"mean":1.71674370766,"median":1.59059691429,"min":-4.74316453934,"var":1.69506394863},"barkbands_spread":{"dmean":4.12775039673,"dmean2":6.19591808319,"dvar":36.4865036011,"dvar2":80.4245452881,"max":97.0088653564,"mean":12.9760770798,"median":10.1562623978,"min":0.618767738342,"var":117.621513367},"dissonance":{"dmean":0.0268866233528,"dmean2":0.0440667420626,"dvar":0.000761756498832,"dvar2":0.00193230016157,"max":0.500000119209,"mean":0.440127313137,"median":0.452887713909,"min":0.143869236112,"var":0.00220794137567},"dynamic_complexity":6.99214315414,"erbbands":{"dmean":[0.0103746270761,0.207001239061,0.847873032093,2.65259361267,3.33801722527,3.83453249931,3.22046661377,6.26884269714,9.06435108185,15.3874826431,19.622505188,22.8323307037,18.0957450867,18.7847766876,19.5587997437,15.8946580887,15.6676826477,14.9682950974,11.742348671,5.37959003448,7.35259246826,7.66800308228,5.1006231308,5.92993354797,6.28258514404,3.6106698513,2.55811548233,2.15815234184,1.65585660934,0.915952324867,0.547317802906,0.373751312494,0.190865248442,0.078214302659,0.0372958891094,0.011172006838,0.00161098991521,0.000162152515259,0.0000118226153063,0.00000704966578269],"dmean2":[0.0168380998075,0.310544371605,1.29210555553,3.96178007126,5.17334938049,6.14892625809,5.02078819275,9.27789115906,13.5360584259,21.7461624146,27.6900482178,30.7590827942,24.5568389893,27.0837860107,28.5572719574,23.4826965332,21.0335006714,22.1625328064,16.6462860107,7.93534708023,10.9635772705,11.4582519531,7.8321595192,8.8164100647,9.34821987152,5.63920259476,3.97262024879,3.32888054848,2.68164277077,1.50840735435,0.913342237473,0.649112045765,0.335250049829,0.131048947573,0.0592028163373,0.017391178757,0.00255160755478,0.000251481542364,0.0000177360871021,0.00000926275515667],"dvar":[0.00075059273513,0.262792259455,4.92788791656,39.1364440918,41.3267326355,73.0284042358,69.6886825562,343.27355957,1307.27868652,3196.25219727,3554.80541992,7412.64355469,6107.16210938,5387.87060547,14324.8876953,6939.29101562,3194.25585938,4885.34912109,2087.52758789,555.358520508,843.482543945,762.329528809,564.234130859,606.257385254,686.82043457,349.662536621,156.922409058,124.393463135,101.309127808,39.5935325623,8.58452129364,7.83825445175,3.8766438961,0.553603291512,0.0954240560532,0.0091516263783,0.000121139775729,0.00000135796210543,5.41549516342e-9,2.76143025113e-10],"dvar2":[0.00180067063775,0.54781961441,11.8350324631,90.0075149536,96.7573623657,187.312026978,168.395401001,619.356506348,2698.36279297,6184.29931641,6579.38183594,13397.0761719,11661.2412109,12006.0429688,28447.734375,14450.6826172,5585.47314453,11634.1582031,4382.63818359,1240.08117676,2009.01745605,1647.13598633,1335.83154297,1205.55371094,1637.69238281,900.242736816,384.024810791,295.7890625,270.19921875,110.05368042,22.5594959259,22.5558261871,11.4005622864,1.55780696869,0.233866497874,0.0206613279879,0.000285620510112,0.00000285044689008,1.38269458105e-8,6.40579200795e-10],"max":[0.444868981838,10.7077569962,40.9115219116,92.5117340088,127.334358215,155.74432373,282.79486084,871.099304199,832.675598145,2001.53674316,2471.31518555,3043.52905273,4043.71557617,3051.70117188,5863.93554688,3878.63061523,1465.07019043,2760.80859375,1540.72412109,1077.67602539,1700.35571289,1055.5645752,1258.6595459,1120.06115723,724.186279297,754.812988281,645.153442383,548.558227539,584.269348145,358.603485107,91.3855743408,113.072647095,123.208076477,46.4009666443,14.8758201599,4.39144039154,0.44592615962,0.0875280275941,0.00427106954157,0.000974345777649],"mean":[0.0230771899223,0.612176120281,1.83564972878,5.48683357239,6.74462366104,5.87057781219,5.44349050522,10.2140855789,12.6324329376,22.9145317078,37.5699272156,42.4207077026,33.900352478,30.308549881,25.0467529297,22.3884143829,27.4466075897,23.968328476,21.0025558472,8.09184265137,11.5211210251,12.3992977142,7.37315416336,8.49569129944,8.69917201996,4.7084107399,3.45999336243,2.95862483978,2.05371785164,1.02390408516,0.613948583603,0.341136902571,0.16548460722,0.0781297981739,0.0416395030916,0.0132848583162,0.00203161244281,0.000254640821368,0.0000325918554154,0.0000222026155825],"median":[0.00238932855427,0.0576526708901,0.280990898609,1.20402908325,2.24363350868,1.8154425621,2.07286381721,2.79137039185,2.23365020752,5.21093940735,4.27270507812,4.21965122223,3.94842481613,2.55337333679,1.24270546436,1.08681488037,1.41840219498,1.56514883041,1.62808227539,0.847704172134,1.28796219826,1.3280582428,0.553639054298,0.405291885138,0.508167743683,0.429904282093,0.230436176062,0.166179955006,0.0637050718069,0.0316368639469,0.0234418399632,0.0114843025804,0.00794617645442,0.00372078130022,0.00192326214164,0.000888198788743,0.000320744904457,0.0000838598352857,0.0000200840440812,0.0000120640033856],"min":[1.17638982323e-12,5.88786137901e-12,1.86290340792e-11,4.90550135235e-11,1.18306572872e-10,2.2699465918e-10,2.92567053917e-10,2.09204487067e-10,8.19328146995e-11,1.15780850185e-10,1.25973495524e-10,1.37276343071e-10,3.37756017599e-10,2.20525861461e-10,2.10727962857e-10,9.84217485289e-10,9.7441510416e-10,1.33189859142e-9,1.51669199422e-9,9.55103995892e-10,9.61107304853e-10,2.14782591712e-9,6.28306340289e-9,7.11278991261e-9,2.81115397627e-9,1.48299916791e-9,8.1772562055e-9,4.36583347252e-9,3.28884786072e-9,2.74432299108e-9,1.6379287926e-9,2.20938844997e-9,1.94836546896e-9,1.18045273556e-9,3.59216212331e-10,1.69659425397e-10,1.62670529824e-10,5.62197025045e-11,1.02607930832e-11,5.754968984e-13],"var":[0.00173907366116,1.16318273544,12.2565736771,95.2649078369,108.775222778,123.264129639,117.276397705,832.825317383,2099.35302734,5059.14746094,8670.01660156,17508.9375,14261.4521484,10456.4414062,21481.9785156,12966.6621094,9831.56542969,7626.02539062,5299.50830078,895.062744141,1343.27954102,1759,864.415283203,1187.5604248,946.936950684,370.998596191,205.829864502,187.670410156,114.422805786,37.4815940857,11.2065486908,5.3001203537,2.25708842278,0.432198822498,0.12232259661,0.0135961174965,0.000180720977369,0.00000239144446823,7.38411687351e-9,8.01738841982e-10]},"erbbands_crest":{"dmean":2.63150191307,"dmean2":4.21000385284,"dvar":6.29618883133,"dvar2":15.5387020111,"max":30.4765911102,"mean":10.1512308121,"median":9.28635406494,"min":2.0794210434,"var":19.3984851837},"erbbands_flatness_db":{"dmean":0.0192289836705,"dmean2":0.0266548544168,"dvar":0.000412875146139,"dvar2":0.000748321646824,"max":0.397938251495,"mean":0.201168328524,"median":0.201897621155,"min":0.0258647762239,"var":0.00357713643461},"erbbands_kurtosis":{"dmean":1.25655341148,"dmean2":1.906945467,"dvar":3.92311310768,"dvar2":8.3282623291,"max":61.8321762085,"mean":1.42487943172,"median":0.385711312294,"min":-1.88268947601,"var":14.8518610001},"erbbands_skewness":{"dmean":0.395933866501,"dmean2":0.587168812752,"dvar":0.173288732767,"dvar2":0.357149451971,"max":6.71667718887,"mean":0.618522524834,"median":0.590802550316,"min":-3.504737854,"var":0.879797637463},"erbbands_spread":{"dmean":6.73225021362,"dmean2":10.0369358063,"dvar":68.8607177734,"dvar2":147.64805603,"max":131.765533447,"mean":29.4674968719,"median":24.3526191711,"min":1.93720388412,"var":352.147857666},"gfcc":{"cov":[[12626.4453125,1122.91809082,-3137.37255859,495.127929688,-731.301635742,-173.770629883,91.6527481079,40.4211044312,123.080818176,-147.338912964,96.575592041,-281.535430908,-33.1224784851],[1122.91809082,1910.52355957,345.713134766,-480.532867432,380.573272705,-47.6606559753,138.4559021,-2.51239562035,83.6020355225,-111.504333496,19.7273540497,-256.236541748,-21.7234249115],[-3137.37255859,345.713134766,1911.44885254,151.526000977,330.947723389,229.39755249,47.7954368591,17.5184707642,13.0310239792,26.3310222626,-39.4149055481,19.070810318,3.07176017761],[495.127929688,-480.532867432,151.526000977,845.320373535,16.1655292511,18.1687641144,-18.6088638306,-14.7957429886,38.7528038025,67.7436523438,2.45112156868,86.3638839722,52.6836891174],[-731.301635742,380.573272705,330.947723389,16.1655292511,506.234222412,96.0879592896,1.54984652996,4.39856052399,13.8368291855,26.9588699341,10.7412948608,-68.1324005127,-3.05083560944],[-173.770629883,-47.6606559753,229.39755249,18.1687641144,96.0879592896,278.236541748,78.7688751221,39.1156425476,8.6477098465,4.61059093475,11.9122028351,8.0345697403,-28.7716674805],[91.6527481079,138.4559021,47.7954368591,-18.6088638306,1.54984652996,78.7688751221,236.283828735,97.5141143799,6.77131271362,-50.0377883911,0.683085620403,-0.327255755663,-15.6082201004],[40.4211044312,-2.51239562035,17.5184707642,-14.7957429886,4.39856052399,39.1156425476,97.5141143799,142.994857788,19.0068626404,-29.5276813507,2.63323807716,-0.429521352053,-9.81270694733],[123.080818176,83.6020355225,13.0310239792,38.7528038025,13.8368291855,8.6477098465,6.77131271362,19.0068626404,101.320068359,25.3920345306,7.72546577454,-8.35991287231,2.94106793404],[-147.338912964,-111.504333496,26.3310222626,67.7436523438,26.9588699341,4.61059093475,-50.0377883911,-29.5276813507,25.3920345306,116.484359741,28.9288635254,-1.96492171288,5.27337312698],[96.575592041,19.7273540497,-39.4149055481,2.45112156868,10.7412948608,11.9122028351,0.683085620403,2.63323807716,7.72546577454,28.9288635254,86.2436523438,14.6479635239,-9.34474468231],[-281.535430908,-256.236541748,19.070810318,86.3638839722,-68.1324005127,8.0345697403,-0.327255755663,-0.429521352053,-8.35991287231,-1.96492171288,14.6479635239,127.254455566,27.1570072174],[-33.1224784851,-21.7234249115,3.07176017761,52.6836891174,-3.05083560944,-28.7716674805,-15.6082201004,-9.81270694733,2.94106793404,5.27337312698,-9.34474468231,27.1570072174,74.7178268433]],"icov":[[0.000720373762306,-0.00165151886176,0.00151911389548,-0.00166999222711,0.00167966529261,-0.00172477890737,0.00120433757547,-0.00122365704738,0.0010878139874,-0.000533431768417,0.000487684301334,0.0000871644442668,0.000473682390293],[-0.00165151886176,0.00540391588584,-0.00384887889959,0.00451899971813,-0.0047028879635,0.00484946602955,-0.00402204366401,0.00424871454015,-0.00434753578156,0.00336205307394,-0.00284129800275,0.00246125413105,-0.00211202749051],[0.00151911389548,-0.00384887889959,0.00394867733121,-0.00373976887204,0.00333535787649,-0.00424223765731,0.00278010475449,-0.00288132764399,0.00271118339151,-0.00176179059781,0.00193574058358,-0.000732607441023,0.00125995208509],[-0.00166999222711,0.00451899971813,-0.00373976887204,0.00557471858338,-0.0043461760506,0.00436997367069,-0.00342577835545,0.00352082960308,-0.00372741254978,0.00135324022267,-0.00151541014202,-0.0000234424933296,-0.00208119978197],[0.00167966529261,-0.0047028879635,0.00333535787649,-0.0043461760506,0.00701104290783,-0.00524109229445,0.00374167412519,-0.00369572546333,0.0035576056689,-0.00246369000524,0.00126273371279,0.000652568240184,0.000823582813609],[-0.00172477890737,0.00484946602955,-0.00424223765731,0.00436997367069,-0.00524109229445,0.00950859114528,-0.00502101145685,0.00345071707852,-0.00370824593119,0.00178898242302,-0.00224064989015,0.000198097099201,0.000257732288446],[0.00120433757547,-0.00402204366401,0.00278010475449,-0.00342577835545,0.00374167412519,-0.00502101145685,0.00971358362585,-0.0068938867189,0.0031716087833,-0.000393110676669,0.00159094866831,-0.00154129357543,0.0016709046904],[-0.00122365704738,0.00424871454015,-0.00288132764399,0.00352082960308,-0.00369572546333,0.00345071707852,-0.0068938867189,0.0136009333655,-0.00553911272436,0.00433644000441,-0.00284398137592,0.00203634705395,-0.00133112934418],[0.0010878139874,-0.00434753578156,0.00271118339151,-0.00372741254978,0.0035576056689,-0.00370824593119,0.0031716087833,-0.00553911272436,0.0149896917865,-0.00588855659589,0.00238177692518,-0.00171835871879,0.001135386643],[-0.000533431768417,0.00336205307394,-0.00176179059781,0.00135324022267,-0.00246369000524,0.00178898242302,-0.000393110676669,0.00433644000441,-0.00588855659589,0.015320728533,-0.00675547681749,0.00466832425445,-0.00245620380156],[0.000487684301334,-0.00284129800275,0.00193574058358,-0.00151541014202,0.00126273371279,-0.00224064989015,0.00159094866831,-0.00284398137592,0.00238177692518,-0.00675547681749,0.0163273848593,-0.00578423356637,0.00405403412879],[0.0000871644442668,0.00246125413105,-0.000732607441023,-0.0000234424933296,0.000652568240184,0.000198097099201,-0.00154129357543,0.00203634705395,-0.00171835871879,0.00466832425445,-0.00578423356637,0.0153144178912,-0.00570218451321],[0.000473682390293,-0.00211202749051,0.00125995208509,-0.00208119978197,0.000823582813609,0.000257732288446,0.0016709046904,-0.00133112934418,0.001135386643,-0.00245620380156,0.00405403412879,-0.00570218451321,0.0174105893821]],"mean":[-115.470596313,125.83719635,-109.807746887,16.0062255859,-52.3016815186,-2.15264487267,-30.4688587189,0.479080975056,-21.1271305084,-3.55685663223,-19.794467926,-10.1634693146,-11.5593500137]},"hfc":{"dmean":4.60313224792,"dmean2":6.11192321777,"dvar":143.639038086,"dvar2":308.115020752,"max":554.469177246,"mean":11.5889806747,"median":3.71301174164,"min":6.86916834525e-9,"var":438.944732666},"melbands":{"dmean":[0.000148253209773,0.000377794291126,0.00046630424913,0.000251176097663,0.000114396905701,0.000145095269545,0.000145253347,0.000163716555107,0.000167025704286,0.000138128132676,0.0000920699603739,0.0000772316925577,0.0000752504347474,0.0000477370595036,0.0000396776813432,0.0000318153724947,0.0000294578840112,0.0000226991123782,0.00000971306144493,0.00000685201121087,0.00000950035337155,0.00000878514492797,0.00000683077223584,0.00000360844023817,0.00000514678049512,0.00000579630113862,0.00000331342721438,0.00000231536182582,0.0000016539435137,0.00000149168488406,0.00000121404366382,0.00000104724006178,6.86828684593e-7,4.64011122858e-7,3.33071255909e-7,2.61178200844e-7,2.22011294682e-7,1.38808218253e-7,9.9254378938e-8,5.69072788892e-8],"dmean2":[0.00022717200045,0.000562517205253,0.000693179084919,0.000395884562749,0.00017650348309,0.000214839194086,0.000214714455069,0.000230300895055,0.00023619782587,0.000185022887308,0.000126159764477,0.000111550674774,0.000110372129711,0.0000703774348949,0.0000570845804759,0.0000453334578197,0.0000439719406131,0.0000326462213707,0.0000143485376611,0.0000105820290628,0.0000142625531225,0.000013347526874,0.0000103456595753,0.00000568245332033,0.00000772801286075,0.00000865260335559,0.00000521089077665,0.00000366272547581,0.00000257040255747,0.00000234759795603,0.00000187466275747,0.00000169800114236,0.00000110647420115,7.86902774053e-7,5.61160447887e-7,4.41548166918e-7,3.93541597532e-7,2.45234105023e-7,1.71214850297e-7,9.472329765e-8],"dvar":[1.36782759341e-7,8.65787910698e-7,0.00000109620759758,2.58546123177e-7,6.92584478656e-8,1.87518679695e-7,2.88980913865e-7,3.08024539208e-7,2.67339572702e-7,2.69236096528e-7,1.56147962116e-7,8.33378450693e-8,2.18088942461e-7,6.23898088747e-8,3.51035147617e-8,1.41156073497e-8,2.09904147397e-8,8.15089240547e-9,2.71272471153e-9,1.08180864267e-9,1.13629938792e-9,1.04814057433e-9,7.99309896049e-10,3.58813340151e-10,5.07589081877e-10,5.44118972101e-10,2.67900368556e-10,1.68500824405e-10,6.62885718539e-11,7.0875402769e-11,3.56958039516e-11,4.10862038835e-11,1.86467404018e-11,1.06795015539e-11,3.12500893218e-12,2.34848815742e-12,3.28224643645e-12,2.25639190492e-12,9.40778054417e-13,2.95371095204e-13],"dvar2":[2.93763122272e-7,0.00000194834888134,0.0000024198329811,6.49110234008e-7,1.64568447758e-7,3.43971947814e-7,5.9453719814e-7,5.87000727137e-7,4.87494844492e-7,4.61568930632e-7,2.97614491274e-7,1.87367831472e-7,4.3355072421e-7,1.28450523107e-7,6.92078501174e-8,2.71887881098e-8,5.01818782084e-8,1.7243140249e-8,5.34025845766e-9,2.85900614294e-9,2.66635979962e-9,2.32990049476e-9,1.77552383906e-9,9.02818375614e-10,1.0042894294e-9,1.24048404881e-9,6.84731382705e-10,4.3634668101e-10,1.61670260512e-10,1.78165690534e-10,8.337096985e-11,1.10190509495e-10,5.08349126682e-11,2.99509930746e-11,8.23002863776e-12,6.40314580871e-12,9.52700331819e-12,6.65432856387e-12,2.72758248279e-12,8.17098450533e-13],"max":[0.00725487340242,0.0160237401724,0.0157477911562,0.00994553044438,0.00790211651474,0.0204385481775,0.0157712213695,0.0192704815418,0.0207207333297,0.0180257335305,0.0204328633845,0.0113427741453,0.0220569614321,0.0126981493086,0.00717408908531,0.00349074741825,0.00590993044898,0.00368711957708,0.00386286224239,0.00198665284552,0.00161069759633,0.00132571184076,0.0011755063897,0.00109067442827,0.001114820363,0.000640514888801,0.00055398081895,0.000510389101692,0.000388902903069,0.000454906752566,0.000242342677666,0.000362986931577,0.000244871451287,0.00017688870139,0.0000582146785746,0.0000493516090501,0.0000736891743145,0.0000962022168096,0.0000585183406656,0.0000336821685778],"mean":[0.000414666545112,0.00095590390265,0.00102414458524,0.000456479552668,0.000200980532099,0.000235034662182,0.000203637522645,0.000251940800808,0.000317287427606,0.000253740581684,0.000164463825058,0.000122190074762,0.0000936372598517,0.0000600607745582,0.000060132573708,0.0000529657336301,0.000045392276661,0.0000403334852308,0.0000135974678415,0.00000953155449679,0.0000144772038766,0.0000133893436214,0.0000100603656392,0.00000435952188127,0.00000707006029188,0.00000798195742391,0.00000419294474341,0.0000028693468721,0.00000214755823436,0.00000199013720703,0.00000160284923822,0.00000125327358091,7.85312693097e-7,4.8537742714e-7,3.71879394834e-7,2.61893518427e-7,1.87369820992e-7,1.18056391329e-7,8.74854819699e-8,5.86174806472e-8],"median":[0.0000350160480593,0.000133809779072,0.0002601777378,0.000163262157002,0.000081518330262,0.0000647066553938,0.0000343365536537,0.0000529515527887,0.0000311358453473,0.0000243923786911,0.0000178581703949,0.0000105061535578,0.00000415858721681,0.00000222775315706,0.00000283039025817,0.00000284488783109,0.0000026249374514,0.00000263787069343,0.00000115329748951,8.71592192198e-7,0.00000153402243086,0.00000137103438647,7.0439477895e-7,2.22259700422e-7,2.67729035386e-7,3.25411463109e-7,3.22039284129e-7,2.41078566887e-7,1.37188067129e-7,9.59286836633e-8,8.46587724368e-8,3.29332543458e-8,1.60458455412e-8,1.51773882351e-8,1.38225662027e-8,7.57018980835e-9,5.71647440495e-9,5.44527667401e-9,3.96689170401e-9,2.67679745036e-9],"min":[1.05147078652e-14,9.1803734753e-15,1.02445619533e-14,1.24958374607e-14,1.0595093833e-14,4.77553364014e-15,1.18522165112e-15,1.35546193274e-15,9.14870121934e-16,9.76546825988e-16,1.71699338232e-15,9.2421797754e-16,4.62920234575e-16,2.14714148865e-15,2.1767978062e-15,2.64953367033e-15,2.30383369005e-15,2.17771726047e-15,1.94182133751e-15,1.10319910979e-15,1.08976940241e-15,1.7618878226e-15,3.72429460183e-15,7.43105308055e-15,5.73451173225e-15,2.85979287058e-15,7.21412984858e-16,7.90112015561e-16,4.02057529183e-15,6.2166242511e-15,1.1708044092e-15,1.26836079362e-15,2.75283103231e-15,1.03962738127e-15,5.71268136386e-16,1.97622591001e-15,9.52540218197e-16,1.49399660649e-15,1.19308921077e-15,8.31211112953e-16],"var":[5.35056074114e-7,0.00000283248755295,0.00000303776027977,5.56598422463e-7,1.26807009337e-7,4.40874686092e-7,4.7016010285e-7,5.12797953434e-7,6.34600269223e-7,6.79895094891e-7,3.54712312856e-7,1.59238936703e-7,3.23857051399e-7,1.11926340196e-7,6.68451818342e-8,3.41132349035e-8,3.16133039746e-8,2.22359393121e-8,5.25085352976e-9,1.29115840242e-9,1.96310590006e-9,2.24228080548e-9,1.71907332813e-9,3.83214432409e-10,9.90955095759e-10,8.25224666379e-10,2.82453949119e-10,1.71279088135e-10,8.36682043093e-11,8.94083071468e-11,5.75166615724e-11,4.56507193158e-11,1.89690225333e-11,9.5266607103e-12,4.06535092048e-12,2.32594065536e-12,2.02654885061e-12,1.27886058948e-12,6.03195173931e-13,2.54512882124e-13]},"melbands_crest":{"dmean":3.17418527603,"dmean2":5.11724472046,"dvar":8.74009418488,"dvar2":22.301448822,"max":33.6408309937,"mean":14.1951780319,"median":13.4828720093,"min":2.43933153152,"var":24.5063591003},"melbands_flatness_db":{"dmean":0.0298574734479,"dmean2":0.041435521096,"dvar":0.00116830342449,"dvar2":0.0020268606022,"max":0.581886470318,"mean":0.272573500872,"median":0.260032683611,"min":0.00782358273864,"var":0.00867403391749},"melbands_kurtosis":{"dmean":6.82786512375,"dmean2":10.6892938614,"dvar":131.47946167,"dvar2":318.48449707,"max":256.870635986,"mean":14.6334867477,"median":7.61146211624,"min":-1.85684931278,"var":422.002380371},"melbands_skewness":{"dmean":0.684593975544,"dmean2":1.0378549099,"dvar":0.569936275482,"dvar2":1.26366651058,"max":13.4101839066,"mean":2.45850992203,"median":2.18963980675,"min":-3.10497093201,"var":2.97818517685},"melbands_spread":{"dmean":5.28152656555,"dmean2":7.83280754089,"dvar":94.4451370239,"dvar2":184.222000122,"max":209.831375122,"mean":15.6073646545,"median":11.2775039673,"min":0.515944719315,"var":302.271240234},"mfcc":{"cov":[[14081.2666016,-227.839828491,-2495.02441406,201.039505005,-1008.14074707,-211.463592529,-344.117675781,77.2327575684,-97.7056427002,69.0424346924,50.9500007629,100.674339294,16.8949298859],[-227.839828491,2387.68652344,142.298538208,-292.482330322,238.232406616,-72.2988891602,170.654800415,3.88350534439,39.0147972107,176.564453125,130.232971191,-50.7662773132,-206.494674683],[-2495.02441406,142.298538208,1327.0625,196.945663452,250.114700317,187.776321411,105.474662781,75.5134277344,90.9628295898,13.3676786423,-17.9712982178,-3.77926659584,71.8113937378],[201.039505005,-292.482330322,196.945663452,566.252258301,137.083358765,96.0243148804,-8.63525772095,-24.7547283173,69.8334960938,-17.0221290588,-68.7278671265,49.8948974609,80.5765457153],[-1008.14074707,238.232406616,250.114700317,137.083358765,483.19821167,159.828460693,83.3591308594,-47.3964004517,20.5309562683,59.4393997192,24.2230262756,18.6123218536,-29.5757541656],[-211.463592529,-72.2988891602,187.776321411,96.0243148804,159.828460693,240.480377197,64.4028549194,8.89534568787,28.6886100769,9.92640304565,13.1291122437,35.9161987305,27.8181018829],[-344.117675781,170.654800415,105.474662781,-8.63525772095,83.3591308594,64.4028549194,213.500228882,97.6954727173,31.8546905518,39.8455734253,46.6190109253,15.6547870636,-19.8806209564],[77.2327575684,3.88350534439,75.5134277344,-24.7547283173,-47.3964004517,8.89534568787,97.6954727173,242.731842041,54.7058410645,-2.33493947983,37.8703422546,8.28024673462,13.9331893921],[-97.7056427002,39.0147972107,90.9628295898,69.8334960938,20.5309562683,28.6886100769,31.8546905518,54.7058410645,133.332015991,19.8065738678,-17.2722358704,19.9095249176,6.35980939865],[69.0424346924,176.564453125,13.3676786423,-17.0221290588,59.4393997192,9.92640304565,39.8455734253,-2.33493947983,19.8065738678,143.02671814,60.8705825806,-20.747882843,-30.3395557404],[50.9500007629,130.232971191,-17.9712982178,-68.7278671265,24.2230262756,13.1291122437,46.6190109253,37.8703422546,-17.2722358704,60.8705825806,143.323104858,-7.3244304657,-32.9314537048],[100.674339294,-50.7662773132,-3.77926659584,49.8948974609,18.6123218536,35.9161987305,15.6547870636,8.28024673462,19.9095249176,-20.747882843,-7.3244304657,113.493331909,33.1658554077],[16.8949298859,-206.494674683,71.8113937378,80.5765457153,-29.5757541656,27.8181018829,-19.8806209564,13.9331893921,6.35980939865,-30.3395557404,-32.9314537048,33.1658554077,133.484237671]],"icov":[[0.000160336436238,-0.000083374674432,0.00030953483656,-0.000268780626357,0.000359025376383,-0.000311836134642,0.00025631612516,-0.000237614891375,0.000180331029696,-0.000283690402284,0.000015377323507,-0.000115692731924,0.0000134331567097],[-0.000083374674432,0.000649886205792,-0.000264869420789,0.000433982320828,-0.000496282242239,0.000599746010266,-0.000453161395853,0.00028053560527,-0.000369350338588,-0.00017554871738,-0.000136690388899,-0.0000281368666037,0.000515668361913],[0.00030953483656,-0.000264869420789,0.00160091882572,-0.000667111191433,0.000346890854416,-0.00106367282569,0.000350537826307,-0.000696947798133,-0.00000937476488616,-0.000374493160052,0.000154272085638,0.000360102014383,-0.000620079808868],[-0.000268780626357,0.000433982320828,-0.000667111191433,0.00301487999968,-0.0013650523033,0.000439997966168,-0.000320295162965,0.000737560796551,-0.00146008236334,0.000371775386157,0.000607363937888,-0.000208308294532,-0.000918816425838],[0.000359025376383,-0.000496282242239,0.000346890854416,-0.0013650523033,0.00438646785915,-0.00254672463052,-0.000116527589853,0.000387167878216,0.00086701894179,-0.0013532906305,0.0000358548968507,-0.00056400813628,0.00106916308869],[-0.000311836134642,0.000599746010266,-0.00106367282569,0.000439997966168,-0.00254672463052,0.00726773077622,-0.00189578044228,0.000973798218183,-0.00113530468661,0.000934027542826,-0.0010317764245,-0.000785543408711,-0.000981962075457],[0.00025631612516,-0.000453161395853,0.000350537826307,-0.000320295162965,-0.000116527589853,-0.00189578044228,0.00795974582434,-0.0034686923027,0.00052312889602,-0.00161405373365,-0.000349218636984,-0.00120801851153,0.001010329579],[-0.000237614891375,0.00028053560527,-0.000696947798133,0.000737560796551,0.000387167878216,0.000973798218183,-0.0034686923027,0.00703453784809,-0.00313545158133,0.00203140452504,-0.00224460591562,0.000675938790664,-0.00108486891259],[0.000180331029696,-0.000369350338588,-0.00000937476488616,-0.00146008236334,0.00086701894179,-0.00113530468661,0.00052312889602,-0.00313545158133,0.0108593497425,-0.00308947172016,0.00296481931582,-0.00191373249982,0.00111344654579],[-0.000283690402284,-0.00017554871738,-0.000374493160052,0.000371775386157,-0.0013532906305,0.000934027542826,-0.00161405373365,0.00203140452504,-0.00308947172016,0.0110220471397,-0.00446502817795,0.00233542104252,-0.000234963110415],[0.000015377323507,-0.000136690388899,0.000154272085638,0.000607363937888,0.0000358548968507,-0.0010317764245,-0.000349218636984,-0.00224460591562,0.00296481931582,-0.00446502817795,0.0107447765768,-0.000871785276104,0.0014535265509],[-0.000115692731924,-0.0000281368666037,0.000360102014383,-0.000208308294532,-0.00056400813628,-0.000785543408711,-0.00120801851153,0.000675938790664,-0.00191373249982,0.00233542104252,-0.000871785276104,0.0109347077087,-0.00261854450218],[0.0000134331567097,0.000515668361913,-0.000620079808868,-0.000918816425838,0.00106916308869,-0.000981962075457,0.001010329579,-0.00108486891259,0.00111344654579,-0.000234963110415,0.0014535265509,-0.00261854450218,0.0107837598771]],"mean":[-764.363525391,163.108673096,-1.65309107304,22.98295784,-3.60438895226,1.4687911272,-3.33395004272,-2.14758062363,0.964606106281,2.56898450851,-2.93249440193,-2.79916977882,-6.86654520035]},"pitch_salience":{"dmean":0.0682737976313,"dmean2":0.108631037176,"dvar":0.0039170649834,"dvar2":0.00965487025678,"max":0.932897627354,"mean":0.584247469902,"median":0.590969324112,"min":0.120774261653,"var":0.0126325963065},"silence_rate_20dB":{"dmean":0,"dmean2":0,"dvar":0,"dvar2":0,"max":1,"mean":1,"median":1,"min":1,"var":0},"silence_rate_30dB":{"dmean":0.00574086885899,"dmean2":0.0114828748628,"dvar":0.00570825394243,"dvar2":0.0131322788075,"max":1,"mean":0.991785407066,"median":1,"min":0,"var":0.00814781337976},"silence_rate_60dB":{"dmean":0.0613679103553,"dmean2":0.122747972608,"dvar":0.0576006770134,"dvar2":0.11678570509,"max":1,"mean":0.305423587561,"median":0,"min":0,"var":0.212123498321},"spectral_centroid":{"dmean":210.686782837,"dmean2":307.650817871,"dvar":103367.179688,"dvar2":189503.203125,"max":11502.6347656,"mean":923.214172363,"median":759.745361328,"min":134.752822876,"var":440216.21875},"spectral_complexity":{"dmean":2.7876868248,"dmean2":3.97624230385,"dvar":18.3813171387,"dvar2":35.8121337891,"max":58,"mean":10.4677352905,"median":8,"min":0,"var":78.804145813},"spectral_contrast_coeffs":{"dmean":[0.0468855313957,0.0471488535404,0.0386725701392,0.0301646068692,0.0236064102501,0.0234952103347],"dmean2":[0.0776762366295,0.0733444094658,0.0595513246953,0.0461826883256,0.0360293127596,0.0347923189402],"dvar":[0.00147440331057,0.00170932989568,0.00119995034765,0.000751195126213,0.000483640324092,0.000605348264799],"dvar2":[0.00394425867125,0.00379434367642,0.00257075182162,0.00159896933474,0.00104314868804,0.00127811857965],"max":[-0.338434964418,-0.353298157454,-0.397301137447,-0.502517342567,-0.554112136364,-0.537505805492],"mean":[-0.622026920319,-0.726840555668,-0.756392657757,-0.787480711937,-0.802895128727,-0.774566709995],"median":[-0.619314193726,-0.739130973816,-0.767576217651,-0.800490021706,-0.808210849762,-0.779766798019],"min":[-0.958501636982,-0.956478536129,-0.961643338203,-0.968116998672,-0.958164393902,-0.957975208759],"var":[0.00732230395079,0.00914597325027,0.0087818345055,0.00563128991053,0.00404060678557,0.00507614668459]},"spectral_contrast_valleys":{"dmean":[0.436864495277,0.39966365695,0.389753907919,0.382885813713,0.370790034533,0.3225671947],"dmean2":[0.695919215679,0.613331377506,0.574079751968,0.530380904675,0.499112725258,0.446737080812],"dvar":[0.183309331536,0.162292033434,0.17528514564,0.182037979364,0.213642641902,0.210311576724],"dvar2":[0.354441612959,0.302386641502,0.308446645737,0.287037909031,0.33251991868,0.38235065341],"max":[-5.40891551971,-4.79624843597,-5.26085329056,-5.39692687988,-4.77873897552,-6.99479913712],"mean":[-8.16873168945,-7.4055981636,-8.22284698486,-8.79906082153,-8.87649059296,-11.7793226242],"median":[-8.1230430603,-7.24585533142,-8.15619468689,-8.7512550354,-8.86861228943,-12.0210170746],"min":[-27.2182998657,-27.3150310516,-27.3819980621,-27.2676925659,-27.3681869507,-27.2336082458],"var":[1.68087768555,1.54336690903,1.52108621597,1.65761184692,1.76518368721,0.976584613323]},"spectral_decrease":{"dmean":1.41622524819e-9,"dmean2":1.8289542103e-9,"dvar":5.41105491657e-18,"dvar2":8.78695601305e-18,"max":-1.730961381e-19,"mean":-4.45426273643e-9,"median":-2.36758435079e-9,"min":-6.18649522721e-8,"var":3.00905609011e-17},"spectral_energy":{"dmean":0.00569724757224,"dmean2":0.00735311955214,"dvar":0.0000906621353352,"dvar2":0.000148818144226,"max":0.261098980904,"mean":0.0178624913096,"median":0.0095025151968,"min":1.27636106979e-12,"var":0.000494899344631},"spectral_energyband_high":{"dmean":0.000162768323207,"dmean2":0.000252104800893,"dvar":8.21847436328e-7,"dvar2":0.00000215157888306,"max":0.0528667978942,"mean":0.000222104907152,"median":0.0000168708465935,"min":6.73849539536e-13,"var":9.59833982961e-7},"spectral_energyband_low":{"dmean":0.00181872630492,"dmean2":0.00262550683692,"dvar":0.0000162370251928,"dvar2":0.0000332429044647,"max":0.059098623693,"mean":0.00494757993147,"median":0.000953563197982,"min":6.9351581498e-14,"var":0.0000630744980299},"spectral_energyband_middle_high":{"dmean":0.00197175797075,"dmean2":0.00267863413319,"dvar":0.0000268980820692,"dvar2":0.0000495538224641,"max":0.162334427238,"mean":0.00409991759807,"median":0.000591414223891,"min":3.92684826713e-13,"var":0.0000927359578782},"spectral_energyband_middle_low":{"dmean":0.00368113536388,"dmean2":0.00499849114567,"dvar":0.0000387866020901,"dvar2":0.0000703150872141,"max":0.154496997595,"mean":0.00997084379196,"median":0.00515684532002,"min":1.34309718295e-13,"var":0.000164099532412},"spectral_entropy":{"dmean":0.211753576994,"dmean2":0.297121882439,"dvar":0.0579857863486,"dvar2":0.100380077958,"max":9.79001140594,"mean":7.00227022171,"median":7.07587623596,"min":4.94967937469,"var":0.433492124081},"spectral_flux":{"dmean":0.0191245861351,"dmean2":0.0285034328699,"dvar":0.000616501260083,"dvar2":0.00127794861328,"max":0.515259027481,"mean":0.0565916709602,"median":0.0397746451199,"min":0.0000245759456448,"var":0.00277080293745},"spectral_kurtosis":{"dmean":4.1949057579,"dmean2":6.84420537949,"dvar":29.2856330872,"dvar2":71.4867935181,"max":98.1396636963,"mean":11.5157337189,"median":6.83007287979,"min":-1.18068802357,"var":149.87727356},"spectral_rms":{"dmean":0.000619769736659,"dmean2":0.000764128402807,"dvar":6.28894099464e-7,"dvar2":9.0839631639e-7,"max":0.0159602854401,"mean":0.00340553931892,"median":0.00304479012266,"min":3.52878224419e-8,"var":0.00000582910433877},"spectral_rolloff":{"dmean":310.942382812,"dmean2":503.188568115,"dvar":421984.78125,"dvar2":888463.75,"max":13522.8515625,"mean":1001.12750244,"median":667.529296875,"min":21.533203125,"var":1230455.75},"spectral_skewness":{"dmean":0.422113567591,"dmean2":0.652916669846,"dvar":0.201007395983,"dvar2":0.427687108517,"max":8.47392749786,"mean":2.27676916122,"median":1.9419605732,"min":-0.0209063570946,"var":1.60281085968},"spectral_spread":{"dmean":427366.75,"dmean2":632914.25,"dvar":355891838976,"dvar2":641308426240,"max":40740496,"mean":3428025.75,"median":3204641.75,"min":1045631.5625,"var":2199655284740},"spectral_strongpeak":{"dmean":0.402271509171,"dmean2":0.631097972393,"dvar":0.622616887093,"dvar2":1.38774299622,"max":13.4175548553,"mean":0.839229524136,"median":0.336945712566,"min":0,"var":1.68749594688},"zerocrossingrate":{"dmean":0.00720759760588,"dmean2":0.00825143139809,"dvar":0.000106408246211,"dvar2":0.000112742265628,"max":0.482421875,"mean":0.0400791242719,"median":0.0341796875,"min":0,"var":0.00106125080492}},"metadata":{"audio_properties":{"analysis_sample_rate":44100,"bit_rate":320000,"codec":"vorbis","downmix":"mix","equal_loudness":0,"length":234.578140259,"lossless":false,"md5_encoded":"54673904cdb98fa0273696b5af22f19b","replay_gain":-3.5903339386,"sample_rate":44100},"tags":{"album":["That's Where It's At!"],"albumartist":["John Lee Hooker"],"albumartistsort":["Hooker, John Lee"],"artist":["John Lee Hooker"],"artistsort":["Hooker, John Lee"],"asin":["B000000ZHO"],"barcode":["025218413428"],"catalognumber":["SCD-4134-2"],"date":["1990"],"discnumber":["1"],"disctotal":["1"],"file_name":"10 Grinder Man.ogg","label":["Stax"],"media":["CD"],"musicbrainz_albumartistid":["b0122194-c49a-46a1-ade7-84d1d76bd8e9"],"musicbrainz_albumid":["c5e2f6bd-6019-3dfe-abbd-1f0631e63cac"],"musicbrainz_artistid":["b0122194-c49a-46a1-ade7-84d1d76bd8e9"],"musicbrainz_recordingid":["9c1e32ff-cfa2-43a6-9122-9fe7450d1ac0"],"musicbrainz_releasegroupid":["d170e2ba-3ac5-32bb-84de-a9b2ad70f5e8"],"originaldate":["1969"],"producer":["Henry Stone"],"releasecountry":["US"],"releasestatus":["official"],"releasetype":["album"],"script":["Latn"],"title":["Grinder Man"],"totaldiscs":["1"],"totaltracks":["10"],"tracknumber":["10"],"tracktotal":["10"]},"version":{"essentia":"2.1-beta2","essentia_build_sha":"cead25079874084f62182a551b7393616cd33d87","essentia_git_sha":"v2.1_beta2-1-ge3940c0","extractor":"music 1.0"}},"rhythm":{"beats_count":296,"beats_loudness":{"dmean":0.0207073763013,"dmean2":0.0358667708933,"dvar":0.000491308048368,"dvar2":0.00126896519214,"max":0.213737979531,"mean":0.0360369347036,"median":0.0343624204397,"min":7.1820568337e-7,"var":0.000810048193671},"beats_loudness_band_ratio":{"dmean":[0.262845665216,0.15185880661,0.15012909472,0.104871369898,0.0636453554034,0.0299802329391],"dmean2":[0.455352306366,0.266451358795,0.262151390314,0.185115113854,0.114213630557,0.0531169511378],"dvar":[0.0451101772487,0.0206623170525,0.018