{"lowlevel":{"average_loudness":0.955259799957,"barkbands":{"dmean":[0.0000176368739631,0.000393919384805,0.000992426765151,0.000509780831635,0.00130004109815,0.000980604905635,0.000425974256359,0.000318549835356,0.000796128180809,0.000342639395967,0.000404490332585,0.000609601149336,0.00065270694904,0.00067983136978,0.000476311892271,0.000460721930722,0.000451387342764,0.000466477475129,0.000221714595682,0.000240519584622,0.000138628907735,0.0000687167412252,0.0000404217898904,0.0000301762302115,0.00000974372687779,9.39088636187e-7,8.30271673635e-9],"dmean2":[0.0000243489521381,0.000659792043734,0.00163854134735,0.000869663839694,0.00211648596451,0.00151104817633,0.000694653659593,0.000510081241373,0.00121409725398,0.000545282440726,0.000629666028544,0.000938636949286,0.0010226177983,0.00108641083352,0.000766813405789,0.000739292241633,0.000719190284144,0.000745826750062,0.000340085709468,0.000375403848011,0.000223488779739,0.000108441097836,0.0000613996089669,0.0000455360968772,0.000014694370293,0.00000145382955452,1.30038388946e-8],"dvar":[3.33964689236e-10,3.86129357821e-7,0.00000159377168529,7.28087968582e-7,0.00000408007826991,0.00000232235356634,5.29682040451e-7,6.94375160037e-7,0.00000256111434283,6.40740211111e-7,0.00000105329127109,0.00000308087442136,0.00000238975121647,0.00000234205299421,8.64210448981e-7,8.21710216314e-7,8.90666797204e-7,7.03550597336e-7,1.60596400178e-7,1.96161693111e-7,5.25851220345e-8,1.64152318405e-8,6.30002716662e-9,4.16553769256e-9,8.74819161556e-10,5.61640404323e-12,1.27653317926e-15],"dvar2":[7.05595748496e-10,0.0000010501454426,0.00000424985591962,0.00000197317967832,0.0000108980566438,0.00000578617482461,0.00000131545755266,0.00000164704192684,0.00000593558979745,0.00000153840949224,0.00000240235135607,0.00000658342196402,0.00000563438425161,0.00000569006215301,0.00000211743531509,0.00000201761895369,0.00000225391568165,0.00000173531270775,3.69574422621e-7,4.75860218785e-7,1.32784506945e-7,3.8388094481e-8,1.38400748639e-8,8.45640180103e-9,1.95236049549e-9,1.3245884424e-11,3.61457164791e-15],"max":[0.000644823012408,0.00988274626434,0.0256042033434,0.0155468340963,0.0336083546281,0.0290724318475,0.011813913472,0.0252267345786,0.0281139425933,0.017388664186,0.0198443662375,0.0429976470768,0.0425086840987,0.0252327881753,0.0152372131124,0.0162912402302,0.0300587173551,0.0142118306831,0.00845549162477,0.00785016175359,0.00407144194469,0.00367885897867,0.00275534810498,0.00200178101659,0.000968668609858,0.000054310370615,0.00000179037726866],"mean":[0.0000589367264183,0.000736020097975,0.00227588275447,0.000783206371125,0.00214512832463,0.00174605182838,0.000700304284692,0.000454980006907,0.00132967578247,0.000486427277792,0.000611304189079,0.00106892758049,0.00105356692802,0.00106487586163,0.000738277740311,0.000833007623442,0.000845715287142,0.000926507927943,0.000446166726761,0.000477197521832,0.000299478298984,0.000160900992341,0.000093714974355,0.0000638213896309,0.000017411315639,0.00000162156948136,2.39157742499e-8],"median":[0.0000578831459279,0.000385523366276,0.00150353903882,0.000453912041849,0.00137710408308,0.000965519517194,0.000402973557357,0.000129176769406,0.0003605777747,0.000157249276526,0.000126530590933,0.000160678187967,0.000269789015874,0.000258096522884,0.000285026122583,0.000238538181293,0.000317238736898,0.000343843712471,0.000230257428484,0.000236609703279,0.000216240645386,0.000122458426631,0.000064321764512,0.0000424773061241,0.00000934521085583,7.60543571232e-7,1.98200780233e-8],"min":[7.96826477515e-25,1.24899163832e-24,7.62002360766e-25,3.45994466986e-25,3.99157149382e-24,4.9017907607e-24,8.41981536401e-24,3.87110020625e-24,1.06445608889e-23,9.56120716372e-24,1.43752576591e-23,1.68035403416e-23,2.7456594107e-23,3.13524909725e-23,3.72546252031e-23,3.9623713341e-23,6.64040769474e-23,8.9180624361e-23,9.00238030728e-23,1.47987794086e-22,1.94132686054e-22,3.20657417688e-22,3.8613819921e-22,5.6612288581e-22,8.35809614896e-22,1.26683952795e-21,1.81529753355e-21],"var":[8.94809337737e-10,9.20722357023e-7,0.00000592650212639,0.00000108601318516,0.00000591602201894,0.00000514643124916,9.74777094598e-7,9.84737994258e-7,0.00000577684886593,0.00000102819433323,0.00000237904987443,0.0000111116023618,0.00000553098880118,0.00000482567929794,0.00000162740286669,0.00000213847238228,0.00000227747136705,0.00000197247322831,4.55984661585e-7,4.35648900066e-7,1.00280367121e-7,3.46724746692e-8,1.58307109643e-8,9.78125491713e-9,1.40709988106e-9,8.90319849095e-12,9.75625254142e-16]},"barkbands_crest":{"dmean":2.20119738579,"dmean2":3.5474383831,"dvar":4.17856884003,"dvar2":10.2175045013,"max":26.9169902802,"mean":8.32803344727,"median":7.35321378708,"min":2.37368893623,"var":14.1659975052},"barkbands_flatness_db":{"dmean":0.0146751385182,"dmean2":0.0223308540881,"dvar":0.000328998808982,"dvar2":0.000633093644865,"max":1,"mean":0.119147479534,"median":0.112198933959,"min":0.0436575897038,"var":0.00224488694221},"barkbands_kurtosis":{"dmean":9.29996967316,"dmean2":17.851852417,"dvar":209831.625,"dvar2":629538.9375,"max":27574.9765625,"mean":6.82807064056,"median":-0.379330039024,"min":-1.86013686657,"var":107758.773438},"barkbands_skewness":{"dmean":0.433908373117,"dmean2":0.665726184845,"dvar":1.49626326561,"dvar2":4.29979372025,"max":82.8788909912,"mean":0.738039076328,"median":0.526859879494,"min":-2.22511482239,"var":3.7100880146},"barkbands_spread":{"dmean":4.93862438202,"dmean2":7.72487306595,"dvar":22.6974411011,"dvar2":51.465259552,"max":87.8715133667,"mean":28.4731578827,"median":28.0769348145,"min":0.00306498771533,"var":117.540962219},"dissonance":{"dmean":0.012909905985,"dmean2":0.0218484327197,"dvar":0.000240938810748,"dvar2":0.000670459703542,"max":0.500000119209,"mean":0.47514167428,"median":0.479950904846,"min":0,"var":0.000388415239286},"dynamic_complexity":3.21114587784,"erbbands":{"dmean":[0.00422947993502,0.119382321835,0.911596119404,1.3943567276,2.96761751175,5.18374681473,6.60747528076,7.9508099556,6.65074443817,4.73000955582,9.72228908539,17.5031356812,12.7955560684,10.7641706467,18.9924278259,22.9994983673,26.8837127686,31.493019104,24.8851470947,25.0500354767,25.9524650574,20.477180481,23.3559570312,15.188123703,10.6496353149,11.6444597244,7.69227838516,4.44111633301,2.75716996193,1.49441623688,1.17969369888,0.785850286484,0.442266851664,0.159952759743,0.0459383279085,0.00915121287107,0.000732541782781,0.0000420293945353,0.00000485991813548,0.00000551991342945],"dmean2":[0.00699727702886,0.199673861265,1.49969017506,2.37382769585,4.93656492233,8.50375461578,10.4108533859,12.3114547729,10.8044309616,7.64916038513,15.378903389,26.5876026154,19.8396930695,17.0735740662,29.1725101471,35.1779403687,41.7484321594,49.9693527222,39.640411377,39.1411476135,41.2382164001,32.2367897034,37.1321372986,23.5383014679,16.0699863434,18.0542049408,12.5397605896,7.19929552078,4.35749721527,2.33810853958,1.79543948174,1.19403445721,0.674064457417,0.241362974048,0.0696961805224,0.0140668135136,0.00109040655661,0.0000621503568254,0.00000712653763912,0.00000831633860798],"dvar":[0.0000615713579464,0.032443381846,1.36503553391,3.60590457916,29.3295955658,61.921836853,124.946777344,190.488235474,106.278007507,147.199417114,530.076782227,1413.68029785,724.417907715,606.895568848,2423.69702148,4298.89550781,4698.46044922,5320.09375,2260.64404297,2843.03051758,2688.56420898,1579.66845703,1697.54296875,754.210998535,411.928588867,474.692138672,171.381164551,54.3492012024,25.4406681061,9.39051532745,4.94993591309,2.38567590714,1.090924263,0.207221701741,0.0270225238055,0.000669883796945,0.00000384370741813,1.65157878484e-8,9.13257039437e-11,4.26839223688e-11],"dvar2":[0.000155238056323,0.0897774174809,3.78907895088,9.97295761108,80.2011260986,163.046203613,304.540588379,465.126739502,269.08706665,377.812652588,1276.77600098,3268.59716797,1668.49609375,1468.41394043,5368.58447266,9020.27539062,10905.6630859,12569.2041016,5560.45214844,6955.99951172,6552.39697266,3907.8125,4139.50292969,1775.9317627,926.338928223,1137.95129395,444.676818848,134.023040771,59.5064468384,20.9720726013,10.8234138489,4.93636274338,2.3119995594,0.443206429482,0.063149638474,0.001589128864,0.00000896922028915,3.97107164929e-8,2.21692594837e-10,9.54569687184e-11],"max":[0.1648414433,2.77599835396,19.8368206024,45.4422073364,79.3032455444,126.416053772,185.651077271,374.582092285,180.653717041,277.209716797,597.201171875,813.290527344,759.481384277,548.102355957,1244.13781738,2115.56567383,2151.44506836,1462.34802246,614.931030273,1181.97875977,1092.25817871,1045.32104492,752.422424316,622.934387207,402.954742432,426.0184021,188.253112793,153.49331665,137.540878296,109.433601379,69.6560668945,51.5238952637,28.1431007385,16.9042491913,8.04400920868,0.981871664524,0.0421871952713,0.00288545014337,0.000304092973238,0.0000845882823342],"mean":[0.0079884622246,0.244576215744,2.11505508423,2.99015378952,4.36343431473,8.05176639557,11.7883253098,13.698800087,11.2900714874,7.85078430176,15.5423555374,29.353685379,20.722486496,17.530210495,33.6518325806,41.5762825012,46.2670326233,53.4686584473,41.7229423523,43.2441635132,50.9132957458,42.8254470825,50.2314376831,33.2722549438,22.5538024902,23.5387248993,14.7922086716,9.89985275269,6.4435338974,3.511541605,2.7416844368,1.78301239014,0.854920446873,0.295614302158,0.0804699808359,0.0167097039521,0.00128100893926,0.0000825154711492,0.0000193641099031,0.0000256399125647],"median":[0.00504909455776,0.156022131443,1.51764154434,2.110060215,2.67445445061,4.858045578,6.45967817307,6.89860248566,7.07668876648,3.64568281174,5.42327022552,8.17029762268,7.66293334961,6.28886795044,6.76989364624,9.37901687622,12.398223877,15.6136674881,14.9972686768,16.4488563538,17.2924594879,17.0613861084,20.0509490967,16.7243537903,12.4754390717,11.8280496597,9.46327781677,7.74833297729,4.93565177917,2.51941108704,1.88708293438,1.26025915146,0.495173841715,0.160656929016,0.0407544933259,0.00854845996946,0.000577152008191,0.0000444635079475,0.0000181868726941,0.0000256439889199],"min":[3.80775648994e-23,3.30364193355e-22,1.70550647285e-21,4.22952916445e-21,1.76047638079e-20,1.77335131778e-20,3.23655417294e-20,8.43179190329e-20,1.4265881254e-19,1.97601182801e-19,1.82674282133e-19,3.7143764755e-19,4.64932838211e-19,6.73798269326e-19,5.73011481565e-19,1.28147606318e-18,1.55656324769e-18,1.76797344826e-18,2.13669913248e-18,2.60089490106e-18,3.33311828122e-18,4.62071113824e-18,5.82570856353e-18,5.32800846462e-18,5.42894972836e-18,7.95754945747e-18,8.95160796834e-18,7.56815501129e-18,1.13528653101e-17,1.03914994586e-17,1.28247091331e-17,9.37813620658e-18,9.29019036386e-18,7.60993176813e-18,6.19968436309e-18,4.21972747809e-18,2.38279715204e-18,8.82709143676e-19,2.55352542101e-19,2.34257953372e-20],"var":[0.000106022329419,0.0791387408972,4.57947063446,8.87549972534,31.9677944183,93.7116699219,262.343658447,434.402923584,197.336090088,245.55632019,854.065856934,3094.80419922,1293.65942383,1172.01525879,7289.65332031,14038.8173828,10969.2412109,11187.7548828,4640.78222656,6111.66015625,7465.99267578,4488.55322266,5092.390625,2202.48828125,1070.14379883,1065.79272461,295.568206787,101.518608093,52.8585853577,21.8634185791,12.7415952682,6.10659980774,2.23704743385,0.363772600889,0.0363920927048,0.000984389800578,0.00000590147010371,2.25657945663e-8,1.86867216145e-10,2.07588418677e-10]},"erbbands_crest":{"dmean":2.43304204941,"dmean2":3.97538423538,"dvar":5.97901821136,"dvar2":14.523267746,"max":35.771396637,"mean":8.52791118622,"median":7.66437244415,"min":2.06718325615,"var":17.1658439636},"erbbands_flatness_db":{"dmean":0.0134736672044,"dmean2":0.0202519148588,"dvar":0.000174895772943,"dvar2":0.000351604016032,"max":0.340056598186,"mean":0.178704306483,"median":0.179565757513,"min":0.029277253896,"var":0.00156285555568},"erbbands_kurtosis":{"dmean":0.966024816036,"dmean2":1.53092575073,"dvar":25.4781398773,"dvar2":46.7356643677,"max":319.895202637,"mean":0.686376988888,"median":-0.0615783929825,"min":-1.72606122494,"var":61.7749938965},"erbbands_skewness":{"dmean":0.31742143631,"dmean2":0.485315769911,"dvar":0.138250142336,"dvar2":0.275051653385,"max":16.6365070343,"mean":-0.296550422907,"median":-0.306924134493,"min":-3.26301169395,"var":0.776652514935},"erbbands_spread":{"dmean":7.01919698715,"dmean2":10.7857980728,"dvar":45.5705375671,"dvar2":98.4566879272,"max":132.917160034,"mean":35.8259963989,"median":32.8864555359,"min":2.92869877815,"var":273.123413086},"gfcc":{"cov":[[39836.09375,2066.96411133,-5231.29492188,1941.96643066,-2629.703125,680.80847168,-1322.12841797,26.5142021179,-802.620300293,-239.835784912,-289.609283447,-423.722259521,-47.5796928406],[2066.96411133,844.229248047,-384.676513672,-53.1911735535,12.2644557953,-131.656188965,-28.2224884033,-59.0982398987,-13.6701335907,-107.596221924,25.3100261688,-90.4110412598,-29.9175987244],[-5231.29492188,-384.676513672,1144.41174316,-69.2696609497,254.181930542,-7.12163591385,128.495407104,20.9203662872,118.069335938,96.2467269897,-14.9305963516,69.7699050903,1.34104013443],[1941.96643066,-53.1911735535,-69.2696609497,426.402862549,-99.6329040527,31.3347034454,-122.41027832,24.6895904541,26.015953064,3.07801270485,-39.5513343811,15.508849144,25.7695884705],[-2629.703125,12.2644557953,254.181930542,-99.6329040527,368.249542236,-99.7182312012,69.0569992065,-4.54213619232,75.5448684692,-22.4703998566,24.5994472504,23.2359981537,-0.213084846735],[680.80847168,-131.656188965,-7.12163591385,31.3347034454,-99.7182312012,249.637969971,63.224861145,-39.0991363525,-68.1842422485,61.1803588867,0.49437224865,-15.8211526871,-16.6935272217],[-1322.12841797,-28.2224884033,128.495407104,-122.41027832,69.0569992065,63.224861145,214.599121094,-8.74975204468,-12.1224212646,9.83762836456,56.4563102722,-19.0121536255,-23.4028491974],[26.5142021179,-59.0982398987,20.9203662872,24.6895904541,-4.54213619232,-39.0991363525,-8.74975204468,112.196098328,48.1489295959,-7.29719924927,-27.8080234528,5.61838579178,5.37485742569],[-802.620300293,-13.6701335907,118.069335938,26.015953064,75.5448684692,-68.1842422485,-12.1224212646,48.1489295959,122.776481628,2.420835495,-20.3072528839,12.3511657715,15.8573541641],[-239.835784912,-107.596221924,96.2467269897,3.07801270485,-22.4703998566,61.1803588867,9.83762836456,-7.29719924927,2.420835495,85.5462493896,7.70962572098,3.54307460785,-9.47939014435],[-289.609283447,25.3100261688,-14.9305963516,-39.5513343811,24.5994472504,0.49437224865,56.4563102722,-27.8080234528,-20.3072528839,7.70962572098,95.2804107666,13.5899772644,-3.35956931114],[-423.722259521,-90.4110412598,69.7699050903,15.508849144,23.2359981537,-15.8211526871,-19.0121536255,5.61838579178,12.3511657715,3.54307460785,13.5899772644,90.1915512085,29.2503910065],[-47.5796928406,-29.9175987244,1.34104013443,25.7695884705,-0.213084846735,-16.6935272217,-23.4028491974,5.37485742569,15.8573541641,-9.47939014435,-3.35956931114,29.2503910065,65.0833435059]],"icov":[[0.000542956520803,-0.00105838757008,0.00143471255433,-0.00152361067012,0.00156103947666,-0.00125597347505,0.00137073872611,-0.00148814939894,0.0014249853557,-0.00036733224988,0.000216955508222,0.0000704441554262,0.000361715705367],[-0.00105838757008,0.00413046777248,-0.00230300193653,0.00307453027926,-0.00299754017033,0.00330862286501,-0.00259244116023,0.00435901712626,-0.00353865907528,0.00234963325784,-0.000993506982923,0.00150460738223,-0.0000213884995901],[0.00143471255433,-0.00230300193653,0.00539985112846,-0.00410577468574,0.0033953608945,-0.00274654524401,0.00242411554791,-0.00330576044507,0.00298176775686,-0.00259053474292,0.00183507078327,-0.000666359032039,0.0012463319581],[-0.00152361067012,0.00307453027926,-0.00410577468574,0.00753035116941,-0.00384581345133,0.00211652228609,-0.00170003215317,0.00376533763483,-0.00542078027502,0.00205413554795,-0.00122802110855,-0.000133606037707,-0.00137294468004],[0.00156103947666,-0.00299754017033,0.0033953608945,-0.00384581345133,0.00908546801656,-0.00238030334003,0.00285630580038,-0.00268446910195,0.00166511582211,0.000617027515545,0.000102765516203,-0.00047207067837,0.00178569741547],[-0.00125597347505,0.00330862286501,-0.00274654524401,0.00211652228609,-0.00238030334003,0.0116734178737,-0.00752899004146,0.00599083025008,-0.000131062130095,-0.00427674502134,0.00282032857649,-0.000104416598333,-0.000792847247794],[0.00137073872611,-0.00259244116023,0.00242411554791,-0.00170003215317,0.00285630580038,-0.00752899004146,0.0134745212272,-0.00600118655711,0.00286882626824,0.00249987770803,-0.00589624373242,0.0032437981572,0.00175548868719],[-0.00148814939894,0.00435901712626,-0.00330576044507,0.00376533763483,-0.00268446910195,0.00599083025008,-0.00600118655711,0.0175219364464,-0.00891214516014,0.00216571427882,0.00273687043227,-0.00072263146285,0.000368843029719],[0.0014249853557,-0.00353865907528,0.00298176775686,-0.00542078027502,0.00166511582211,-0.000131062130095,0.00286882626824,-0.00891214516014,0.0188823118806,-0.00523366080597,0.00308631616645,0.000319048820529,-0.00210756086744],[-0.00036733224988,0.00234963325784,-0.00259053474292,0.00205413554795,0.000617027515545,-0.00427674502134,0.00249987770803,0.00216571427882,-0.00523366080597,0.0204575397074,-0.00515636056662,0.00148030975834,0.00300004868768],[0.000216955508222,-0.000993506982923,0.00183507078327,-0.00122802110855,0.000102765516203,0.00282032857649,-0.00589624373242,0.00273687043227,0.00308631616645,-0.00515636056662,0.0172418318689,-0.00500096799806,0.000162459415151],[0.0000704441554262,0.00150460738223,-0.000666359032039,-0.000133606037707,-0.00047207067837,-0.000104416598333,0.0032437981572,-0.00072263146285,0.000319048820529,0.00148030975834,-0.00500096799806,0.0167831741273,-0.00565559929237],[0.000361715705367,-0.0000213884995901,0.0012463319581,-0.00137294468004,0.00178569741547,-0.000792847247794,0.00175548868719,0.000368843029719,-0.00210756086744,0.00300004868768,0.000162459415151,-0.00565559929237,0.0200413577259]],"mean":[-40.458404541,98.7696075439,-149.960357666,53.7108917236,-63.0609169006,11.2993364334,-42.6681480408,-2.68932294846,-22.0543174744,-8.63208293915,-10.4373159409,-11.2459545135,-4.90819644928]},"hfc":{"dmean":5.97709274292,"dmean2":8.72191619873,"dvar":66.7711105347,"dvar2":144.938705444,"max":107.556388855,"mean":23.5696983337,"median":20.4703521729,"min":1.04995259379e-16,"var":299.15914917},"melbands":{"dmean":[0.0000710762833478,0.000358407094609,0.000254249927821,0.000314602075377,0.000209935533348,0.000176050540176,0.0000971848348854,0.0000508613047714,0.0000978805110208,0.000107938256406,0.0000639573408989,0.0000429734391219,0.0000621527797193,0.0000714508278179,0.0000561353881494,0.0000622018487775,0.0000633381787338,0.0000465229386464,0.0000349075344275,0.0000312897536787,0.0000350911395799,0.0000229477991525,0.000022889862521,0.0000276378723356,0.000012144786524,0.00000760075818107,0.00000927762266656,0.00000797747452452,0.00000540779228686,0.00000334175479111,0.00000242757801061,0.00000170060252458,0.00000140161159834,7.41942074001e-7,7.26577184196e-7,6.84333656409e-7,4.47207639809e-7,3.48423981222e-7,2.20861579692e-7,1.17550470691e-7],"dmean2":[0.000119110045489,0.000588714145124,0.000434694928117,0.000508828903548,0.000333997857524,0.000272163480986,0.000157431451953,0.0000820066634333,0.000152976281242,0.000163858931046,0.0000997272290988,0.0000684651386109,0.0000955046125455,0.000108573491161,0.000087461048679,0.000097095122328,0.000100953198853,0.0000744001736166,0.0000558069878025,0.0000494587948197,0.0000559771542612,0.0000367808279407,0.0000363997423847,0.0000447508573416,0.0000188130834431,0.000011743270079,0.0000143706183735,0.0000124865991893,0.00000882251788425,0.00000547545232621,0.00000395950110033,0.00000271793214779,0.00000227790792451,0.00000116557350793,0.00000112321504275,0.00000106915888409,6.89947000865e-7,5.40334610832e-7,3.38960830959e-7,1.79838323788e-7],"dvar":[1.33213173825e-8,2.0833054748e-7,1.35001442914e-7,2.60306165956e-7,1.08842762359e-7,8.43104075443e-8,2.24508394098e-8,1.73406728976e-8,5.00629084854e-8,4.872717696e-8,1.85573068023e-8,1.03940456242e-8,2.25375114127e-8,4.45103403024e-8,1.82687074357e-8,2.38027215715e-8,2.31317525135e-8,9.39643829412e-9,5.33258148749e-9,4.43059500199e-9,5.44848655082e-9,2.54655474485e-9,1.96654581508e-9,2.97241853353e-9,5.42701217299e-10,2.33585872866e-10,3.10545311688e-10,2.51484527647e-10,9.1129805091e-11,3.25612627139e-11,1.68787379906e-11,1.02454329742e-11,5.38577125606e-12,2.76013326778e-12,2.05832247947e-12,1.32398692704e-12,8.94163974634e-13,6.87078757604e-13,3.03944152832e-13,1.33626901319e-13],"dvar2":[3.54076270526e-8,5.80583673582e-7,3.70458678844e-7,6.78050184888e-7,2.73578990573e-7,2.0782859167e-7,5.58791590777e-8,4.24321271453e-8,1.18668857851e-7,1.1381590781e-7,4.29725659501e-8,2.51827891873e-8,5.0148294406e-8,9.41934246157e-8,4.32261977323e-8,5.49210241729e-8,5.43785816376e-8,2.3702755314e-8,1.29406254601e-8,1.08828563938e-8,1.3291491463e-8,6.43099351549e-9,4.70633665373e-9,7.63477903121e-9,1.26463006733e-9,5.54801204977e-10,7.51729567483e-10,6.04487959688e-10,2.36508784779e-10,8.46684111711e-11,4.12303455266e-11,2.44639447589e-11,1.27886919804e-11,6.24651589134e-12,4.66480196484e-12,2.86061690828e-12,1.87186767822e-12,1.48230885032e-12,6.72206268513e-13,2.94243470735e-13],"max":[0.00203390326351,0.00766228372231,0.00650245556608,0.00915221404284,0.00491483369842,0.00719657540321,0.00240130722523,0.00315464637242,0.00445170514286,0.00459715398028,0.00369572546333,0.00238323141821,0.00257165217772,0.00578185031191,0.00382765033282,0.00433085253462,0.00316130602732,0.00146595900878,0.00136283622123,0.00107144576032,0.00152310484555,0.00164707691874,0.000978926429525,0.00113216089085,0.000546452705748,0.000392073823605,0.000290160765871,0.00030806590803,0.000173289547092,0.0000928202134673,0.0000968077874859,0.0000841699511511,0.0000565494774492,0.0000663472237648,0.0000441859847342,0.0000400333592552,0.0000274016365438,0.000022425178031,0.0000172090967681,0.0000157447993843],"mean":[0.000135690439492,0.000858168292325,0.000543130561709,0.000479674898088,0.000391929788748,0.000310565344989,0.00016515115567,0.0000804991068435,0.000153911285452,0.000181386465556,0.0000993664725684,0.0000659535435261,0.000102686404716,0.000131642009364,0.0000919310332392,0.000101427576737,0.000101320270915,0.0000716273134458,0.0000552989840799,0.0000530505312781,0.0000640915022814,0.0000431302432844,0.0000434742905782,0.0000514639796165,0.0000238008706219,0.0000145920785144,0.0000180775714398,0.0000148426306623,0.00000944842395256,0.00000701819590176,0.00000502562352267,0.0000035969212604,0.00000304990248878,0.00000153971313921,0.00000151932579229,0.00000157026829584,8.95846142157e-7,6.34303034985e-7,3.9584531919e-7,1.99329960537e-7],"median":[0.0000751521365601,0.000657527474687,0.000400144810556,0.000279113824945,0.000238968277699,0.000164388038684,0.000103237049188,0.0000333378557116,0.0000450453371741,0.0000506358410348,0.0000321755433106,0.0000205593823921,0.0000203924355446,0.0000182985022548,0.0000206139557122,0.0000294700021186,0.0000266617244051,0.000019441033146,0.0000208217752515,0.0000150935557031,0.0000209195950447,0.0000171578667505,0.0000144966543303,0.000018497423298,0.0000110577602754,0.00000743925920688,0.00000951601032284,0.00000628532507108,0.00000505265779793,0.00000507762297275,0.00000386755709769,0.00000263739184447,0.00000221100049203,9.91293291008e-7,9.91439037534e-7,0.00000110320479507,5.96431334543e-7,3.54778677547e-7,2.08894604725e-7,1.03124961015e-7],"min":[4.7986763852e-25,7.01008917473e-25,7.88404056149e-25,8.75130437993e-25,1.09542635388e-24,1.95745538996e-24,1.9811780151e-24,1.98619162058e-24,1.22707530744e-24,1.62497388841e-24,2.04469374253e-24,2.26296978007e-24,1.43320860628e-24,2.30591102901e-24,2.10757384528e-24,2.52620595882e-24,2.48944011026e-24,2.67968022844e-24,2.81630876786e-24,3.41596256825e-24,2.99028336303e-24,3.27791171262e-24,3.97564518101e-24,3.85694449174e-24,3.48378764559e-24,3.48873143688e-24,3.87246809106e-24,4.47979001389e-24,4.19370132357e-24,4.84967032627e-24,4.05992984114e-24,5.87246635521e-24,5.09696638714e-24,4.50914668361e-24,5.59085168951e-24,4.908472807e-24,5.59873753755e-24,6.12810738117e-24,6.08855823411e-24,6.14040611711e-24],"var":[2.93324315948e-8,6.77995330989e-7,2.59188738028e-7,3.7261571606e-7,2.26601343911e-7,1.94627787664e-7,4.25817461291e-8,2.75365366065e-8,8.89041515961e-8,1.07954114981e-7,3.26367448622e-8,1.90676416878e-8,6.01089027441e-8,1.85455718338e-7,4.31523723421e-8,5.03704633559e-8,4.63370284365e-8,1.93896720901e-8,1.07669402283e-8,1.01119086438e-8,1.40817926209e-8,5.81633718966e-9,5.30957811051e-9,7.01667079994e-9,1.43106893002e-9,5.37808741985e-10,6.53658793759e-10,5.32928590147e-10,1.61166371915e-10,5.57098742138e-11,2.97208924138e-11,1.86237743977e-11,1.24918322214e-11,5.83237494758e-12,4.51878378466e-12,3.80322466229e-12,2.02178269786e-12,1.33414633507e-12,5.61070070612e-13,2.04941044604e-13]},"melbands_crest":{"dmean":2.8892416954,"dmean2":4.61348867416,"dvar":7.32532835007,"dvar2":17.5860328674,"max":40,"mean":11.9926176071,"median":10.8205013275,"min":1.48592460155,"var":30.2481651306},"melbands_flatness_db":{"dmean":0.0193347018212,"dmean2":0.0289801154286,"dvar":0.000527902971953,"dvar2":0.00103590730578,"max":1,"mean":0.152924522758,"median":0.145027458668,"min":0.00304646627046,"var":0.00409051449969},"melbands_kurtosis":{"dmean":7718883,"dmean2":15378317,"dvar":183121136165000000,"dvar2":379731905614000000,"max":25609746432,"mean":14057193,"median":1.90158224106,"min":-1.80338966846,"var":352186184401000000},"melbands_skewness":{"dmean":32.2164268494,"dmean2":63.7403030396,"dvar":3155064.75,"dvar2":6468700.5,"max":106927.875,"mean":60.8893547058,"median":1.48902642727,"min":-1.32710695267,"var":6174821},"melbands_spread":{"dmean":8.53183841705,"dmean2":13.1479892731,"dvar":77.103805542,"dvar2":177.723754883,"max":165.521682739,"mean":40.0209274292,"median":36.6475448608,"min":1.24894175002e-8,"var":540.096679688},"mfcc":{"cov":[[13363.4785156,850.909851074,-731.889770508,439.168945312,-405.887695312,93.7299118042,-85.4949188232,19.8564949036,-183.414169312,55.8616065979,-111.614257812,-33.0645828247,-254.614822388],[850.909851074,1003.57836914,-210.428924561,42.6846351624,16.7248477936,-65.7191162109,16.167930603,3.46682357788,-71.1387863159,3.22791051865,15.1191358566,-48.1856422424,-24.9800872803],[-731.889770508,-210.428924561,518.737548828,31.987859726,11.60820961,90.1400299072,-11.4691333771,-26.7969512939,54.3876876831,0.688508152962,10.2605028152,44.4497146606,-16.8636665344],[439.168945312,42.6846351624,31.987859726,310.167297363,127.331108093,-39.6157951355,-89.5173950195,30.310798645,34.7026977539,-17.9198875427,-31.1163043976,37.4714355469,13.4465761185],[-405.887695312,16.7248477936,11.60820961,127.331108093,218.366378784,-24.821723938,-85.9067382812,5.03117179871,47.9960136414,-26.2732009888,-21.6497249603,12.8650026321,17.6603374481],[93.7299118042,-65.7191162109,90.1400299072,-39.6157951355,-24.821723938,210.302398682,86.4952163696,-24.9470825195,-20.3803939819,10.4078369141,23.7401237488,7.46752595901,-31.7441387177],[-85.4949188232,16.167930603,-11.4691333771,-89.5173950195,-85.9067382812,86.4952163696,182.802581787,6.45131874084,-56.3721084595,24.9589443207,37.2870178223,-25.2084999084,-3.76871442795],[19.8564949036,3.46682357788,-26.7969512939,30.310798645,5.03117179871,-24.9470825195,6.45131874084,81.6561508179,24.9993057251,-7.94154977798,-4.3202252388,11.1119184494,13.6404037476],[-183.414169312,-71.1387863159,54.3876876831,34.7026977539,47.9960136414,-20.3803939819,-56.3721084595,24.9993057251,116.540817261,14.2201881409,-20.91639328,18.0500793457,4.79331922531],[55.8616065979,3.22791051865,0.688508152962,-17.9198875427,-26.2732009888,10.4078369141,24.9589443207,-7.94154977798,14.2201881409,85.5145111084,34.35779953,-14.2582321167,-18.6826210022],[-111.614257812,15.1191358566,10.2605028152,-31.1163043976,-21.6497249603,23.7401237488,37.2870178223,-4.3202252388,-20.91639328,34.35779953,78.8419799805,3.00021600723,-17.2240409851],[-33.0645828247,-48.1856422424,44.4497146606,37.4714355469,12.8650026321,7.46752595901,-25.2084999084,11.1119184494,18.0500793457,-14.2582321167,3.00021600723,69.7200622559,18.4825286865],[-254.614822388,-24.9800872803,-16.8636665344,13.4465761185,17.6603374481,-31.7441387177,-3.76871442795,13.6404037476,4.79331922531,-18.6826210022,-17.2240409851,18.4825286865,77.6330413818]],"icov":[[0.000131509688799,-0.0000687552528689,0.00021398847457,-0.000349590030964,0.000471410836326,-0.0002412195754,0.000239377171965,-0.0000366213935195,0.00011926771549,-0.000124086320284,0.000290083524305,-0.0000698496951372,0.000372171169147],[-0.0000687552528689,0.00122686487157,0.00025331787765,-0.000107611718704,-0.000435070192907,0.000491491809953,-0.000331152259605,0.0000129363679662,0.000498844019603,0.0000881072264747,-0.000368782930309,0.000434863031842,0.000329584028805],[0.00021398847457,0.00025331787765,0.00292386696674,-0.00105947826523,0.00107346184086,-0.00122038694099,0.000217182401684,0.00125407823361,-0.00136950833257,0.000519920431543,-0.000238678258029,-0.00101320561953,0.00104690110311],[-0.000349590030964,-0.000107611718704,-0.00105947826523,0.0061590494588,-0.00394305726513,0.000794915598817,0.000683659629431,-0.00222748564556,0.00137785437983,-0.00139441154897,0.00128809711896,-0.00221093394794,-0.000440014729975],[0.000471410836326,-0.000435070192907,0.00107346184086,-0.00394305726513,0.0093613807112,-0.00203279056586,0.00313557847403,0.00103891850449,-0.00254047708586,0.00223709782586,-0.00107937678695,0.00217138417065,-0.000730062893126],[-0.0002412195754,0.000491491809953,-0.00122038694099,0.000794915598817,-0.00203279056586,0.00849654059857,-0.0054686604999,0.00256697810255,-0.00038467743434,0.000740398303606,0.00000631256170891,-0.00291122472845,0.00308081461117],[0.000239377171965,-0.000331152259605,0.000217182401684,0.000683659629431,0.00313557847403,-0.0054686604999,0.0127003677189,-0.00478016259149,0.00431426428258,-0.00257933768444,-0.00167582603171,0.00398768484592,-0.00309397815727],[-0.0000366213935195,0.0000129363679662,0.00125407823361,-0.00222748564556,0.00103891850449,0.00256697810255,-0.00478016259149,0.0171919260174,-0.00645690178499,0.00394215900451,-0.00185590598267,-0.00184995459858,-0.000521122361533],[0.00011926771549,0.000498844019603,-0.00136950833257,0.00137785437983,-0.00254047708586,-0.00038467743434,0.00431426428258,-0.00645690178499,0.0160495564342,-0.00757195381448,0.00565324397758,-0.00253249751404,0.000824115879368],[-0.000124086320284,0.0000881072264747,0.000519920431543,-0.00139441154897,0.00223709782586,0.000740398303606,-0.00257933768444,0.00394215900451,-0.00757195381448,0.0191150475293,-0.00929006375372,0.00439448095858,0.000912072136998],[0.000290083524305,-0.000368782930309,-0.000238678258029,0.00128809711896,-0.00107937678695,0.00000631256170891,-0.00167582603171,-0.00185590598267,0.00565324397758,-0.00929006375372,0.0208849683404,-0.00624722708017,0.00458685588092],[-0.0000698496951372,0.000434863031842,-0.00101320561953,-0.00221093394794,0.00217138417065,-0.00291122472845,0.00398768484592,-0.00184995459858,-0.00253249751404,0.00439448095858,-0.00624722708017,0.0216150358319,-0.00641017500311],[0.000372171169147,0.000329584028805,0.00104690110311,-0.000440014729975,-0.000730062893126,0.00308081461117,-0.00309397815727,-0.000521122361533,0.000824115879368,0.000912072136998,0.00458685588092,-0.00641017500311,0.0185909718275]],"mean":[-643.96887207,103.239601135,-18.123708725,30.7067298889,2.91237878799,8.07141685486,-5.60741090775,0.000365621002857,-6.81944131851,-1.63912904263,-5.64558410645,-0.436414659023,-8.80079746246]},"pitch_salience":{"dmean":0.0638170614839,"dmean2":0.102342642844,"dvar":0.00333671784028,"dvar2":0.00813596323133,"max":0.861913442612,"mean":0.577274739742,"median":0.578266143799,"min":0.0000164332323038,"var":0.01174356509},"silence_rate_20dB":{"dmean":0,"dmean2":0,"dvar":0,"dvar2":0,"max":1,"mean":1,"median":1,"min":1,"var":0},"silence_rate_30dB":{"dmean":0,"dmean2":0,"dvar":0,"dvar2":0,"max":1,"mean":1,"median":1,"min":1,"var":0},"silence_rate_60dB":{"dmean":0.00421052612364,"dmean2":0.00842223502696,"dvar":0.0041925678961,"dvar2":0.00863280240446,"max":1,"mean":0.0733932107687,"median":0,"min":0,"var":0.0680068135262},"spectral_centroid":{"dmean":259.354888916,"dmean2":398.61907959,"dvar":93637.0859375,"dvar2":204094.875,"max":11736.0517578,"mean":2066.2878418,"median":1911.546875,"min":140.353240967,"var":2256992},"spectral_complexity":{"dmean":4.11256122589,"dmean2":6.03284692764,"dvar":24.4888553619,"dvar2":45.0298423767,"max":62,"mean":21.674993515,"median":22,"min":0,"var":108.693786621},"spectral_contrast_coeffs":{"dmean":[0.0482646003366,0.0471506044269,0.0380324721336,0.0313396975398,0.022754849866,0.0156459677964],"dmean2":[0.0814919173717,0.077264033258,0.0605308525264,0.0501653328538,0.0351964309812,0.0249915905297],"dvar":[0.00159488688223,0.00145761412568,0.00104709295556,0.000671026995406,0.00037713337224,0.00018589629326],"dvar2":[0.00449106190354,0.0038525313139,0.00245771836489,0.00168089941144,0.000838210864458,0.000448722072178],"max":[-0.375802904367,-0.454005688429,-0.485288888216,-0.544097661972,-0.55247759819,-0.600440740585],"mean":[-0.616164267063,-0.724749863148,-0.76222974062,-0.758927345276,-0.75447934866,-0.729466199875],"median":[-0.608866214752,-0.723852932453,-0.773046851158,-0.765927970409,-0.757925570011,-0.718249201775],"min":[-0.982419252396,-0.994630217552,-0.996364355087,-0.994632363319,-0.987588763237,-0.965348422527],"var":[0.00741151254624,0.00580126419663,0.00666886521503,0.00500615360215,0.00407183216885,0.00260585104115]},"spectral_contrast_valleys":{"dmean":[0.407442986965,0.369207441807,0.342546194792,0.28453168273,0.243418082595,0.245664358139],"dmean2":[0.685156583786,0.597009599209,0.534754097462,0.435955196619,0.352559238672,0.334008306265],"dvar":[0.152655124664,0.136677801609,0.140324130654,0.119101323187,0.108022063971,0.110340155661],"dvar2":[0.374724715948,0.291937023401,0.273790389299,0.219679966569,0.191470146179,0.186697781086],"max":[-6.00578689575,-5.19616794586,-5.50491762161,-5.49687051773,-5.5000834465,-7.95749282837],"mean":[-8.1820898056,-7.45682239532,-7.96110010147,-8.01323699951,-7.88087320328,-10.7296380997],"median":[-7.56967258453,-6.85936927795,-7.4054646492,-7.42903232574,-7.23375415802,-10.0814256668],"min":[-28.3050289154,-28.413766861,-28.0082511902,-27.7082557678,-27.5461502075,-27.3981113434],"var":[9.86877632141,10.6635723114,10.2590427399,10.2507448196,10.5080747604,8.14078330994]},"spectral_decrease":{"dmean":1.02591879436e-9,"dmean2":1.58292390307e-9,"dvar":1.3019547804e-18,"dvar2":3.07291062837e-18,"max":2.12396320944e-28,"mean":-4.57876003779e-9,"median":-4.68456651248e-9,"min":-1.38943470063e-8,"var":6.25416454618e-18},"spectral_energy":{"dmean":0.00427912268788,"dmean2":0.00654841260985,"dvar":0.0000231914982578,"dvar2":0.0000535610270163,"max":0.0567378737032,"mean":0.0194191094488,"median":0.0196950882673,"min":9.76611598004e-21,"var":0.000115662027383},"spectral_energyband_high":{"dmean":0.00032312318217,"dmean2":0.000495099811815,"dvar":3.3379652109e-7,"dvar2":7.88920601735e-7,"max":0.0124099934474,"mean":0.00085409625899,"median":0.000661140889861,"min":6.85413407009e-21,"var":7.32072464871e-7},"spectral_energyband_low":{"dmean":0.0013397448929,"dmean2":0.00221113790758,"dvar":0.00000257668443737,"dvar2":0.0000071083804869,"max":0.029516113922,"mean":0.00347339943983,"median":0.00285898614675,"min":1.97272970924e-23,"var":0.00000875888963492},"spectral_energyband_middle_high":{"dmean":0.00259962817654,"dmean2":0.00387420482002,"dvar":0.0000121892626339,"dvar2":0.0000268798485195,"max":0.0494865290821,"mean":0.00823154486716,"median":0.00597532559186,"min":1.10748356664e-21,"var":0.0000597424950683},"spectral_energyband_middle_low":{"dmean":0.00275697535835,"dmean2":0.00430439645424,"dvar":0.0000120658605738,"dvar2":0.0000305826251861,"max":0.0478548742831,"mean":0.0073670418933,"median":0.00638776365668,"min":1.76869026812e-22,"var":0.0000298651266348},"spectral_entropy":{"dmean":0.112205259502,"dmean2":0.165960431099,"dvar":0.0155616570264,"dvar2":0.0290386304259,"max":9.83184146881,"mean":7.66286945343,"median":7.65727043152,"min":5.07124853134,"var":0.234700188041},"spectral_flux":{"dmean":0.0165307354182,"dmean2":0.025445735082,"dvar":0.000289087533019,"dvar2":0.000616605975665,"max":0.208479985595,"mean":0.072671495378,"median":0.0719904005527,"min":6.27563140343e-11,"var":0.00126759964041},"spectral_kurtosis":{"dmean":1.49534118176,"dmean2":2.62548112869,"dvar":4.44209575653,"dvar2":13.3392887115,"max":50.1892585754,"mean":3.49862146378,"median":2.73548579216,"min":-1.2570643425,"var":12.1845169067},"spectral_rms":{"dmean":0.000471682986245,"dmean2":0.000713360495865,"dvar":2.57277662286e-7,"dvar2":5.66684036585e-7,"max":0.00744002824649,"mean":0.004090401344,"median":0.00438345968723,"min":3.08673247552e-12,"var":0.00000221410209633},"spectral_rolloff":{"dmean":458.268341064,"dmean2":764.913085938,"dvar":438790.90625,"dvar2":967700,"max":19552.1484375,"mean":2498.37939453,"median":2196.38671875,"min":21.533203125,"var":7354967},"spectral_skewness":{"dmean":0.186461433768,"dmean2":0.314078629017,"dvar":0.0402685515583,"dvar2":0.114055849612,"max":5.60009908676,"mean":1.14644801617,"median":1.09993481636,"min":-0.10037137568,"var":0.202309787273},"spectral_spread":{"dmean":328641.625,"dmean2":509816.5625,"dvar":823835557888,"dvar2":1556036190210,"max":47956972,"mean":4665714,"median":3731259.75,"min":1371897.5,"var":33027589668900},"spectral_strongpeak":{"dmean":0.850157797337,"dmean2":1.44667983055,"dvar":1.99858880043,"dvar2":5.06827735901,"max":18.8458156586,"mean":1.41947829723,"median":0.480673253536,"min":0,"var":3.7584002018},"zerocrossingrate":{"dmean":0.00798088032752,"dmean2":0.00954800937325,"dvar":0.0000852872035466,"dvar2":0.000112327863462,"max":0.5244140625,"mean":0.0831132009625,"median":0.07421875,"min":0,"var":0.00472575845197}},"metadata":{"audio_properties":{"analysis_sample_rate":44100,"bit_rate":0,"codec":"flac","downmix":"mix","equal_loudness":0,"length":165.42666626,"lossless":true,"md5_encoded":"969ddaab933467e215a364d89781c964","replay_gain":-12.4787559509,"sample_rate":44100},"tags":{"acoustid_id":["78d98062-a22c-482e-96c1-ffb94c0a46f8"],"album":["Beatles for Sale"],"albumartist":["The Beatles"],"albumartistsort":["Beatles, The"],"artist":["The Beatles"],"artists":["The Beatles"],"artistsort":["Beatles, The"],"catalognumber":["PMC 1240"],"date":["1964-12-04"],"discnumber":["1"],"disctotal":["1"],"file_name":"08 Eight Days a Week.flac","genre":["Rock"],"label":["Parlophone"],"language":["eng"],"media":["12\" Vinyl"],"musicbrainz_albumartistid":["b10bbbfc-cf9e-42e0-be17-e2c3e1d2600d"],"musicbrainz_albumid":["c9f28bf9-3e03-4da2-b0b8-5d76691df7de"],"musicbrainz_artistid":["b10bbbfc-cf9e-42e0-be17-e2c3e1d2600d"],"musicbrainz_recordingid":["9c2b1e21-33f3-4482-813b-c9ea34094a3a"],"musicbrainz_releasegroupid":["f50a3b6f-27f0-3832-bd3f-3568dc557d95"],"musicbrainz_releasetrackid":["71ed02ef-ad0c-3d38-9a9e-9a4ebe394978"],"musicbrainz_workid":["94cd18bf-d7ef-3ce8-be92-ea5e70d455ef"],"originaldate":["1964-12-04"],"producer":["George Martin"],"releasecountry":["GB"],"releasestatus":["official"],"releasetype":["album"],"script":["Latn"],"title":["Eight Days a Week"],"totaldiscs":["1"],"totaltracks":["14"],"tracknumber":["8"],"tracktotal":["14"],"work":["Eight Days a Week"],"writer":["John Lennon","Paul McCartney"]},"version":{"essentia":"2.1-beta1","essentia_build_sha":"ca57ba49d9b1854bd80e60cf9ccf267278fb7d6b","essentia_git_sha":"v2.1_beta1-28-g21ef5f4-dirty","extractor":"music 1.0"}},"rhythm":{"beats_count":379,"beats_loudness":{"dmean":0.00709064537659,"dmean2":0.0113345151767,"dvar":0.0000377378055418,"dvar2":0.0000973535643425,"max":0.0487621799111,"mean":0.0251621585339,"median":0.0273195542395,"min":0,"var":0.0000985108999885},"beats_loudness_band_ratio":{"dmean":[0.135683611035,0.1257600