{"lowlevel":{"average_loudness":0.689576923847,"barkbands":{"dmean":[0.00185472378507,0.00506099127233,0.0014772064751,0.000815915933345,0.0019776141271,0.0026133172214,0.00132436817512,0.000669984903652,0.00111287971959,0.00067254685564,0.000297301798128,0.000165181903867,0.000154398294399,0.000119598102174,0.0000718661249266,0.0000600965940976,0.0000486664648633,0.0000417923292844,0.0000507931144966,0.0000562683962926,0.0000849787029438,0.00006519688759,0.0000328515670844,0.0000131016340674,0.00000159801174959,0.000014516869669,0.0000313604869007],"dmean2":[0.00305639090948,0.00869942642748,0.00252265762538,0.00133357348386,0.00310566346161,0.00411772495136,0.00210185255855,0.00105699873529,0.00172711070627,0.00110527756624,0.000478601519717,0.000266346352873,0.000242192516453,0.000191958402866,0.000115322080092,0.0000976812370936,0.000076296440966,0.0000655654148431,0.0000814511877252,0.0000845492395456,0.000125164471683,0.0000885671397555,0.0000475017150166,0.0000202275969059,0.00000265134281108,0.0000213062357943,0.0000414210189774],"dvar":[0.000023212063752,0.000124105194118,0.00000713831286703,0.0000045556380428,0.0000241017496592,0.0000472655628982,0.0000116984610941,0.00000324029383592,0.00000860530235514,0.00000279253708868,4.4791727305e-7,1.21587461877e-7,9.95945441673e-8,5.65500570815e-8,1.60310680286e-8,1.29793127357e-8,8.76353301038e-9,5.27484189661e-9,1.26791235289e-8,1.74587722057e-8,4.23650554637e-8,3.01413720649e-8,1.62864015607e-8,1.75492920196e-9,1.19303282531e-11,2.69887978632e-9,4.83358286729e-9],"dvar2":[0.0000585279158258,0.000348066940205,0.0000192193729163,0.0000114986778499,0.0000600805979047,0.000111380839371,0.0000287514139927,0.00000750700291974,0.0000213525163417,0.0000078377124737,0.00000109411485028,3.07840792857e-7,2.41474424456e-7,1.41275620535e-7,4.02543314237e-8,3.19996544818e-8,2.11069721701e-8,1.24225500997e-8,3.04766665238e-8,3.77713291755e-8,8.68293739131e-8,5.13667899327e-8,3.06503586955e-8,4.14147827144e-9,3.02390786022e-11,5.43578959622e-9,8.0017548143e-9],"max":[0.0649866685271,0.126203462481,0.0491191521287,0.0550431013107,0.0856145396829,0.145675212145,0.0606635585427,0.035337202251,0.0686290562153,0.0258272141218,0.0128445792943,0.0073152128607,0.00509409373626,0.00585559057072,0.00329764885828,0.00323261367157,0.00241036736406,0.00205918541178,0.00283719366416,0.0032252096571,0.00469361338764,0.00603801291436,0.00568890757859,0.00110732379835,0.0000558528518013,0.00197402900085,0.00175693829078],"mean":[0.00198956904933,0.00701506715268,0.00192145700566,0.000985376420431,0.00258756685071,0.00339824892581,0.00173984770663,0.000887656118721,0.00147087371442,0.000869038864039,0.000413511588704,0.000249628850725,0.00024888117332,0.000203965028049,0.000136842412758,0.000120411787066,0.0000964933424257,0.0000903689287952,0.000104473016108,0.000115267532237,0.000160072930157,0.000118760028272,0.000047957397328,0.0000141815280585,0.00000152493555561,0.0000187340137927,0.0000784429357736],"median":[0.000421731150709,0.00311201857403,0.000773942912929,0.00023291859543,0.000750208972022,0.000445784826297,0.000193931264221,0.000113956455607,0.000177401525434,0.000156627269462,0.0000993501816993,0.0000972679117694,0.0000807138421806,0.0000921349273995,0.0000802947615739,0.0000643798412057,0.00004755948612,0.0000477121357108,0.0000428700004704,0.0000353365103365,0.0000377142350771,0.0000255244758591,0.00000875452042237,0.00000143144279718,2.62361538717e-7,0.00000293432094622,0.0000314301978506],"min":[2.22577055104e-25,2.57034918527e-25,5.69747097402e-25,1.2399130326e-24,1.22674489305e-23,1.1983054319e-23,1.27855609401e-23,2.08437971751e-23,1.43282510155e-23,1.47271180218e-23,2.83227696919e-23,2.66586518351e-23,3.71473906071e-23,2.74603427741e-23,5.38241499572e-23,5.57978168332e-23,7.78877270931e-23,1.39024895321e-22,1.14404445495e-22,1.42862268173e-22,2.32620313474e-22,3.34771717004e-22,3.93282981849e-22,5.83848956382e-22,9.64612248659e-22,1.35615251686e-21,1.9860463124e-21],"var":[0.0000241471152549,0.000132593107992,0.00000976241335593,0.00000536413381269,0.0000293329103442,0.0000723407356418,0.0000185646385944,0.00000550504000785,0.0000124186863104,0.00000393134632759,7.57624661674e-7,1.9014822783e-7,1.9505102955e-7,1.12864803725e-7,3.56916238786e-8,3.82407030486e-8,2.16178612789e-8,1.73890235544e-8,3.21454081131e-8,4.39092708859e-8,9.7058162396e-8,7.07932130695e-8,2.8903460958e-8,2.11117123783e-9,1.25667592651e-11,4.25220303413e-9,1.63349032078e-8]},"barkbands_crest":{"dmean":3.12372994423,"dmean2":5.13200902939,"dvar":7.17304086685,"dvar2":18.626039505,"max":25.4759254456,"mean":11.6249504089,"median":10.8172988892,"min":2.36633515358,"var":23.7443656921},"barkbands_flatness_db":{"dmean":0.0326229631901,"dmean2":0.0508796609938,"dvar":0.000965794955846,"dvar2":0.00226587220095,"max":0.53018695116,"mean":0.163299620152,"median":0.151385754347,"min":0.0247292276472,"var":0.0056439503096},"barkbands_kurtosis":{"dmean":9.86462593079,"dmean2":15.8094654083,"dvar":527.058959961,"dvar2":1290.46228027,"max":521.46685791,"mean":15.9156761169,"median":5.14153957367,"min":-1.8442376852,"var":1256.87780762},"barkbands_skewness":{"dmean":0.903076946735,"dmean2":1.3975777626,"dvar":1.0494235754,"dvar2":2.46957159042,"max":15.0861434937,"mean":2.48177456856,"median":1.92858099937,"min":-2.03272509575,"var":4.36437797546},"barkbands_spread":{"dmean":6.02496528625,"dmean2":9.19602394104,"dvar":69.7983016968,"dvar2":143.963516235,"max":110.171585083,"mean":17.1170196533,"median":12.6230678558,"min":0.182019203901,"var":228.318252563},"dissonance":{"dmean":0.023661531508,"dmean2":0.0392142683268,"dvar":0.00062005140353,"dvar2":0.00163966254331,"max":0.500000178814,"mean":0.460891932249,"median":0.469013512135,"min":0.223748654127,"var":0.00111010565888},"dynamic_complexity":6.97699451447,"erbbands":{"dmean":[0.221041977406,0.924968540668,1.83801877499,2.06873941422,3.20664429665,8.11465930939,16.7709407806,21.3176612854,17.6612472534,19.5528850555,16.0643615723,26.4065303802,18.9368019104,18.2396183014,10.0420999527,6.22111749649,6.93271827698,5.293197155,4.69755029678,2.9598004818,3.26116728783,2.30209946632,2.32082056999,2.18743634224,2.66096186638,2.64871668816,3.33600211143,3.38391280174,2.54863166809,1.34262812138,0.950544595718,0.460329920053,0.130435630679,0.0235495790839,0.0106057617813,0.0166236031801,0.0343619212508,0.0227977465838,0.00593071198091,0.000312871328788],"dmean2":[0.377763032913,1.59048056602,3.14197993279,3.41332221031,5.04110383987,12.9036550522,26.7840595245,33.8876266479,27.5763435364,30.7824058533,24.7489852905,41.2549858093,30.511510849,30.2337875366,16.0573368073,9.88389015198,10.8394231796,8.25707530975,7.52241897583,4.83293485641,5.13263845444,3.5649702549,3.64013981819,3.42100954056,4.13480710983,3.98356199265,4.98348093033,4.92317867279,3.50587391853,1.87519156933,1.38035094738,0.709496557713,0.196666285396,0.0376160144806,0.0176415406168,0.025105593726,0.0515529960394,0.0309628434479,0.00808099471033,0.000421464210376],"dvar":[0.257100880146,3.89855098724,10.4910869598,22.8257045746,60.8160209656,536.655517578,2240.94116211,3318.41113281,1979.98266602,2811.8190918,2104.24804688,5243.828125,2085.95996094,2209.97363281,531.84564209,140.204650879,196.824920654,112.76714325,83.6242752075,26.9066829681,38.8075942993,18.1912822723,15.5645914078,19.9604129791,35.2567825317,37.1768760681,57.6527786255,72.6179962158,45.5614852905,14.1960849762,18.742067337,2.59845590591,0.159755215049,0.00260603055358,0.000531630066689,0.00192104047164,0.0145212858915,0.00457731913775,0.000200993541512,2.97693617313e-7],"dvar2":[0.721379637718,10.7844572067,28.9000644684,59.3092460632,145.910980225,1376.47692871,4986.17382812,8185.22119141,5069.50830078,6949.86083984,4836.77197266,13205.0869141,5324.74707031,6724.1015625,1265.88366699,335.685150146,462.229003906,261.875091553,215.964660645,68.9774475098,90.9568481445,42.8931274414,37.2988166809,48.6860580444,76.5352935791,77.8175964355,123.493209839,140.979446411,78.8767929077,24.5893497467,37.6061134338,6.24459266663,0.340405642986,0.00598455779254,0.00136451923754,0.00388575461693,0.0324533842504,0.0077882707119,0.000350033980794,5.22606569575e-7],"max":[6.18352270126,21.642829895,50.3486251831,103.023719788,240.711776733,467.223602295,1332.93444824,960.916503906,759.155090332,828.045471191,1017.2878418,1817.82543945,689.11126709,899.988830566,440.160491943,182.23236084,223.401992798,225.317733765,190.374328613,79.8570327759,198.238967896,126.286262512,121.374069214,160.482406616,158.135986328,141.970169067,158.289276123,206.555938721,205.235931396,124.110771179,208.238067627,38.5840873718,15.7681474686,1.24138557911,0.394019186497,1.47507572174,3.71396350861,2.44779324532,0.326638400555,0.0174453835934],"mean":[0.284202039242,1.22300219536,2.4657907486,2.88209056854,4.20380687714,9.94919204712,21.5051727295,26.8753814697,23.2262592316,25.7947654724,23.1642189026,34.2689476013,25.9826049805,24.9374141693,15.161113739,10.4917373657,11.6240644455,9.68681812286,9.09082317352,6.60708618164,6.86469316483,5.02753591537,5.06598949432,4.80909633636,5.49326848984,5.54101991653,6.4633936882,6.08900403976,4.66689825058,2.34798622131,1.28212141991,0.508753657341,0.143019661307,0.0251492857933,0.0102246897295,0.0185934193432,0.0412266775966,0.0412305928767,0.0131849544123,0.00101450108923],"median":[0.0991893559694,0.524220049381,1.0751490593,0.987399458885,1.32856798172,2.57033538818,3.57647895813,3.23637700081,2.59385633469,3.3162946701,3.01586914062,4.42916965485,3.79652285576,6.15647983551,4.37549781799,4.59505796432,4.00614690781,3.96130418777,5.02185630798,4.09618663788,3.55652189255,2.68102812767,2.77525687218,2.27896380424,2.13890075684,1.72443115711,1.60096693039,1.27734768391,1.01127040386,0.523619174957,0.197911977768,0.061880685389,0.0132069531828,0.00446393527091,0.00211859913543,0.00244505959563,0.00573637895286,0.00895124487579,0.00363164232112,0.000679593649693],"min":[2.44797675278e-23,2.35314456481e-22,2.78218887079e-21,4.13010431664e-21,1.52528065987e-20,3.0265326923e-20,9.32160301291e-20,6.34295083026e-20,1.38903115291e-19,2.84157013132e-19,3.88958702942e-19,3.4086037337e-19,7.19815826067e-19,8.07363691522e-19,1.24527202213e-18,1.15364077958e-18,1.82850983421e-18,1.99253189147e-18,2.52359942231e-18,3.38674233238e-18,4.20107703682e-18,5.44401765039e-18,6.5624626187e-18,5.99908520633e-18,6.48533795274e-18,8.74850452228e-18,9.06074948709e-18,1.00640542228e-17,9.86343480016e-18,1.12705476043e-17,1.10184229536e-17,1.13475060069e-17,9.3997454729e-18,6.98550470424e-18,7.23249752643e-18,4.85026533875e-18,2.4397915506e-18,9.44350022538e-19,2.58447412513e-19,2.90068588627e-20],"var":[0.281012415886,4.03603982925,14.30148983,32.2159576416,77.7620544434,562.159179688,3748.28491211,4426.69970703,3019.53369141,4175.06152344,3665.48095703,7068.30419922,3208.03149414,2891.67504883,927.921447754,270.136016846,406.420471191,256.326049805,183.430160522,75.7488327026,125.703102112,51.9990463257,51.7592926025,62.3144035339,90.1932830811,98.8415374756,138.400650024,166.045822144,106.082458496,32.8606185913,28.9649162292,2.98192000389,0.216738447547,0.0034160586074,0.000536449020728,0.00285551557317,0.0193776767701,0.0104523655027,0.000587759714108,0.000001546368253]},"erbbands_crest":{"dmean":3.01510071754,"dmean2":5.03932762146,"dvar":8.11339378357,"dvar2":22.2718067169,"max":27.5499420166,"mean":8.65434932709,"median":7.81364822388,"min":2.55580997467,"var":15.9460000992},"erbbands_flatness_db":{"dmean":0.0255763735622,"dmean2":0.0395170710981,"dvar":0.000522821443155,"dvar2":0.00125296181068,"max":0.334558278322,"mean":0.145737871528,"median":0.140250369906,"min":0.0493183881044,"var":0.00190236931667},"erbbands_kurtosis":{"dmean":1.37374067307,"dmean2":2.20098924637,"dvar":4.77487373352,"dvar2":11.9883804321,"max":47.1787071228,"mean":1.03613674641,"median":0.250675201416,"min":-1.79051685333,"var":7.77624559402},"erbbands_skewness":{"dmean":0.460268616676,"dmean2":0.676851212978,"dvar":0.187138006091,"dvar2":0.396237432957,"max":5.8187046051,"mean":0.403965264559,"median":0.426110208035,"min":-3.39190149307,"var":0.837360799313},"erbbands_spread":{"dmean":9.30396461487,"dmean2":14.2672309875,"dvar":91.5705337524,"dvar2":206.984786987,"max":134.987701416,"mean":35.1948471069,"median":33.4496612549,"min":2.54948425293,"var":292.83895874},"gfcc":{"cov":[[26841.3417969,-126.290405273,-2026.03393555,267.043029785,-1624.78613281,-1482.47473145,320.002105713,-804.614929199,389.617156982,230.845870972,-490.984558105,207.784408569,-473.169677734],[-126.290405273,1405.81860352,148.86857605,-391.375427246,4.40836429596,61.8364601135,-46.6922492981,46.656375885,-12.2006158829,-37.2986488342,81.5606231689,-32.4639053345,47.9846305847],[-2026.03393555,148.86857605,692.578857422,86.5285110474,28.9793586731,319.505706787,-125.570228577,203.467498779,-85.745513916,27.629781723,21.8711433411,-40.4681663513,49.8258171082],[267.043029785,-391.375427246,86.5285110474,405.272705078,180.166625977,28.5055046082,80.9559783936,-32.2954177856,30.6004962921,2.10127305984,-39.1947975159,29.2050895691,-12.5113525391],[-1624.78613281,4.40836429596,28.9793586731,180.166625977,398.226501465,151.254364014,86.5828857422,18.0797615051,3.25220942497,-52.9986915588,36.3667984009,13.420375824,51.6124076843],[-1482.47473145,61.8364601135,319.505706787,28.5055046082,151.254364014,385.962677002,-27.8120365143,179.06918335,-79.6581878662,-9.87877464294,22.5254898071,-11.7586231232,53.1385345459],[320.002105713,-46.6922492981,-125.570228577,80.9559783936,86.5828857422,-27.8120365143,219.492156982,-46.182598114,74.0515060425,-35.4747390747,-19.1404304504,24.2112884521,-25.4606132507],[-804.614929199,46.656375885,203.467498779,-32.2954177856,18.0797615051,179.06918335,-46.182598114,218.711151123,-10.3706035614,30.0189857483,14.3848791122,-37.738067627,36.8118629456],[389.617156982,-12.2006158829,-85.745513916,30.6004962921,3.25220942497,-79.6581878662,74.0515060425,-10.3706035614,134.400054932,47.077381134,-0.546429038048,13.7472200394,-41.111125946],[230.845870972,-37.2986488342,27.629781723,2.10127305984,-52.9986915588,-9.87877464294,-35.4747390747,30.0189857483,47.077381134,114.678260803,44.7763023376,0.882552862167,-2.35586237907],[-490.984558105,81.5606231689,21.8711433411,-39.1947975159,36.3667984009,22.5254898071,-19.1404304504,14.3848791122,-0.546429038048,44.7763023376,92.429069519,26.8031959534,25.6904850006],[207.784408569,-32.4639053345,-40.4681663513,29.2050895691,13.420375824,-11.7586231232,24.2112884521,-37.738067627,13.7472200394,0.882552862167,26.8031959534,74.9071273804,23.0433139801],[-473.169677734,47.9846305847,49.8258171082,-12.5113525391,51.6124076843,53.1385345459,-25.4606132507,36.8118629456,-41.111125946,-2.35586237907,25.6904850006,23.0433139801,82.6239776611]],"icov":[[0.000219776775339,-0.000583195185754,0.0011976363603,-0.00161938148085,0.00163509661797,-0.000490256294142,0.00000116056912702,-0.000172128595295,0.000309449795168,-0.00045144703472,0.000501809699927,-0.000292809359962,0.0000675620904076],[-0.000583195185754,0.00290376972407,-0.00413151783869,0.00621225498617,-0.0050931321457,0.00161020027008,-0.000194185122382,0.00113984220661,-0.00176408037078,0.00178443931509,-0.00167870358564,0.00112273800187,-0.000633830786683],[0.0011976363603,-0.00413151783869,0.0112256091088,-0.0134747335687,0.0131495101377,-0.00720608746633,0.00222923746333,-0.000899491074961,-0.0012398614781,0.0013799777953,-0.00201894482598,0.00338187254965,-0.00293677346781],[-0.00161938148085,0.00621225498617,-0.0134747335687,0.0234103593975,-0.0217470582575,0.00968655291945,-0.00320773851126,-0.000273087760434,0.00520666409284,-0.00739242555574,0.0088129574433,-0.00923328008503,0.00749193038791],[0.00163509661797,-0.0050931321457,0.0131495101377,-0.0217470582575,0.0267032664269,-0.0134354522452,0.00234667491168,0.00418566353619,-0.0113196782768,0.0124505739659,-0.0130258854479,0.0139492452145,-0.013200070709],[-0.000490256294142,0.00161020027008,-0.00720608746633,0.00968655291945,-0.0134354522452,0.0146319195628,-0.0037738760002,-0.00833278615028,0.0131509425119,-0.00970743782818,0.00962175708264,-0.0128457127139,0.0104591920972],[0.00000116056912702,-0.000194185122382,0.00222923746333,-0.00320773851126,0.00234667491168,-0.0037738760002,0.00927139539272,0.00218081800267,-0.00903168693185,0.00775560969487,-0.00414467230439,0.00336302095093,-0.0027860160917],[-0.000172128595295,0.00113984220661,-0.000899491074961,-0.000273087760434,0.00418566353619,-0.00833278615028,0.00218081800267,0.0147816129029,-0.0123303383589,0.00647253682837,-0.00716758985072,0.0136731918901,-0.0118512343615],[0.000309449795168,-0.00176408037078,-0.0012398614781,0.00520666409284,-0.0113196782768,0.0131509425119,-0.00903168693185,-0.0123303383589,0.035336881876,-0.0266253501177,0.0207807105035,-0.0241280160844,0.022747527808],[-0.00045144703472,0.00178443931509,0.0013799777953,-0.00739242555574,0.0124505739659,-0.00970743782818,0.00775560969487,0.00647253682837,-0.0266253501177,0.0376376546919,-0.029701827094,0.0229340195656,-0.0169370155782],[0.000501809699927,-0.00167870358564,-0.00201894482598,0.0088129574433,-0.0130258854479,0.00962175708264,-0.00414467230439,-0.00716758985072,0.0207807105035,-0.029701827094,0.0406204462051,-0.0276359952986,0.0148358792067],[-0.000292809359962,0.00112273800187,0.00338187254965,-0.00923328008503,0.0139492452145,-0.0128457127139,0.00336302095093,0.0136731918901,-0.0241280160844,0.0229340195656,-0.0276359952986,0.0434528812766,-0.0261513404548],[0.0000675620904076,-0.000633830786683,-0.00293677346781,0.00749193038791,-0.013200070709,0.0104591920972,-0.0027860160917,-0.0118512343615,0.022747527808,-0.0169370155782,0.0148358792067,-0.0261513404548,0.035220105201]],"mean":[-76.985824585,102.764640808,-87.727645874,15.8324966431,-25.3205986023,-7.23613834381,2.22272253036,-15.6228895187,-2.58429551125,-4.11892938614,-9.07764339447,5.83933353424,-9.22142410278]},"hfc":{"dmean":5.16667366028,"dmean2":7.0478758812,"dvar":55.2872314453,"dvar2":99.9829864502,"max":158.539337158,"mean":16.0337963104,"median":11.2150278091,"min":1.06146185248e-16,"var":288.689147949},"melbands":{"dmean":[0.00166050822008,0.00102364062332,0.000360698322766,0.000382605707273,0.000536490522791,0.000479527778225,0.000270314776571,0.000194990527234,0.000151921412908,0.000159305971465,0.0000959861354204,0.0000787852841313,0.0000397665862693,0.0000196090186364,0.0000171712181327,0.0000139973089972,0.0000103470611066,0.00000907244520931,0.00000570934253119,0.00000415836120737,0.00000393834034185,0.00000271849785349,0.00000252003519563,0.00000209101244764,0.00000188628280284,0.00000208544565794,0.00000200204840439,0.00000188982915006,0.00000212086774809,0.00000218260561269,0.00000203460945158,0.00000159900218932,0.00000111716406082,6.48313175589e-7,5.88048010286e-7,4.3338462774e-7,2.33005948758e-7,1.07183268483e-7,3.72977631002e-8,1.4442043117e-8],"dmean2":[0.00282834842801,0.00173447886482,0.000580707041081,0.000604317057878,0.000847823452204,0.000757706002332,0.000422058074037,0.000304570770822,0.000234593229834,0.000248275289778,0.000155855901539,0.000130680055008,0.0000639852733002,0.0000313947821269,0.0000271449462161,0.0000218320565182,0.0000165215842571,0.0000148348917719,0.00000932504008233,0.00000687817782818,0.00000626610562904,0.00000430387490269,0.00000401613215217,0.00000331045521307,0.00000301833370031,0.00000336897119269,0.00000310389987135,0.0000028970969197,0.00000324280063069,0.00000329231352225,0.00000301789509649,0.00000226054430641,0.0000016049889382,9.1914296263e-7,8.6131660737e-7,6.85967620484e-7,3.62267627452e-7,1.65319448797e-7,5.80078847179e-8,2.41136923762e-8],"dvar":[0.0000141081645779,0.00000338920540344,6.69691928579e-7,0.00000113628277632,0.00000183196743819,0.00000156356497882,4.59296501276e-7,2.64340712874e-7,1.91893036572e-7,1.7808825703e-7,5.51203882537e-8,4.30862030498e-8,8.56053361531e-9,1.80087855739e-9,1.05587694144e-9,9.17751985519e-10,4.39106029315e-10,3.39454436782e-10,9.49517339754e-11,6.71643782257e-11,5.99995539363e-11,2.56373065138e-11,2.04346106009e-11,1.3926944667e-11,1.55457122869e-11,2.24014296696e-11,2.28525653262e-11,1.85814575532e-11,2.28890795206e-11,2.95932930938e-11,2.70807768571e-11,1.78147982477e-11,9.52552880323e-12,3.66874629634e-12,8.3660032027e-12,3.05538320339e-12,5.6151323825e-13,1.35260739783e-13,1.06566748224e-14,9.79965239205e-16],"dvar2":[0.0000388409171137,0.0000092270101959,0.00000168527344613,0.00000284200268652,0.0000041286330088,0.00000382365624318,0.00000115309137527,6.47119577479e-7,4.51125828249e-7,4.4674544597e-7,1.41599159065e-7,1.31166487449e-7,2.08909458621e-8,4.5481387545e-9,2.50948950509e-9,2.1432808861e-9,1.04623354424e-9,8.95928387035e-10,2.47261849884e-10,1.77584627559e-10,1.43081657633e-10,6.25464402493e-11,4.9803862423e-11,3.20051554703e-11,3.90156136565e-11,5.26929749833e-11,5.13866380003e-11,4.03561697948e-11,5.12999330515e-11,6.6005631516e-11,5.317572771e-11,3.12050732476e-11,1.80147806395e-11,6.64411928253e-12,1.69973497083e-11,7.13653788842e-12,1.3865695701e-12,3.04383363132e-13,2.28828203808e-14,2.52960269884e-15],"max":[0.043877735734,0.0210901014507,0.0188801605254,0.0216345451772,0.0345193035901,0.0200076512992,0.0123329637572,0.00779527937993,0.00983990542591,0.00991645082831,0.00361673603766,0.00397307099774,0.00181455910206,0.00101262901444,0.000507562654093,0.000497853092384,0.000488950987346,0.000326214067172,0.000211583683267,0.000192999403225,0.000239104687353,0.000132429806399,0.000116328221338,0.000104564351204,0.000137297029141,0.000122199809994,0.000121788529214,0.0000912112154765,0.000100346660474,0.000145798563608,0.000125474951346,0.000145625846926,0.0000979198230198,0.0000722896511434,0.00014442698739,0.0000488001569465,0.0000159847895702,0.0000158797283802,0.00000305889716401,5.14941916663e-7],"mean":[0.00227014278062,0.00144462939352,0.0005278873723,0.00048741325736,0.0007046390092,0.000616327626631,0.000360370118869,0.000258628599113,0.000207216420677,0.000206661483389,0.000126798579004,0.000104046579509,0.0000565282061871,0.0000289574327326,0.0000280799649772,0.0000226407100854,0.0000176758912858,0.0000156098849402,0.0000107451051008,0.00000807381911727,0.00000778664616519,0.00000526421490576,0.00000487269835503,0.00000424618201578,0.00000378619802177,0.00000398219663111,0.00000384344366466,0.00000365227992916,0.00000394632979805,0.00000379728248845,0.00000345861099049,0.00000283050280814,0.00000187592024758,0.00000107797291093,7.87372869127e-7,4.84517670429e-7,2.42867059796e-7,1.13068132634e-7,3.93387580289e-8,1.35464954809e-8],"median":[0.000938487006351,0.000673797447234,0.000195725471713,0.000146578531712,0.000133493187604,0.000075733390986,0.0000398004049202,0.0000325385990436,0.0000246874315053,0.0000253714169958,0.0000172419895534,0.0000233727478189,0.0000141076097862,0.00000977988474915,0.0000117683575809,0.00000638840037936,0.00000712666587788,0.00000789282785263,0.0000061836635723,0.00000427692066296,0.00000380008896173,0.00000267362202067,0.00000229180614042,0.00000226208976528,0.00000162983883456,0.00000157701811077,0.00000132215689064,0.00000105726326183,9.5347536444e-7,9.03079524051e-7,6.76765580465e-7,6.15056023889e-7,3.94548919758e-7,2.35674932014e-7,1.1466278238e-7,6.05349015359e-8,2.2006277689e-8,7.73716291036e-9,4.32390745431e-9,2.35463826215e-9],"min":[3.63806995529e-25,2.1628789112e-24,7.964765684e-25,2.17731112146e-24,3.32835325384e-24,1.57427932006e-24,1.99723981478e-24,3.21798490788e-24,2.55045159874e-24,1.86294117604e-24,3.24781252757e-24,2.99349521021e-24,3.76021594526e-24,4.21814102327e-24,2.45817183334e-24,3.92607316172e-24,2.97500470502e-24,3.11614395109e-24,3.75297065228e-24,4.36088303749e-24,4.2236823767e-24,4.5838758716e-24,4.85221361382e-24,6.07490186855e-24,4.375276988e-24,4.63968344191e-24,4.0879347977e-24,5.45552772882e-24,5.39580109753e-24,5.02967536863e-24,5.66722407476e-24,5.1010976517e-24,6.64428983703e-24,5.53430692869e-24,5.02779669639e-24,6.64637164096e-24,6.79742114937e-24,5.27498350002e-24,5.17218427445e-24,5.59802992932e-24],"var":[0.000015752735635,0.00000454211613032,9.69045913735e-7,0.00000125372207549,0.00000311238500217,0.00000220412130147,7.39566758057e-7,4.09776703236e-7,3.05338744511e-7,2.47956023713e-7,8.15870251358e-8,5.52911920693e-8,1.42723388663e-8,2.7928399593e-9,2.02545114014e-9,1.81612647143e-9,9.1049512374e-10,6.35973884666e-10,2.11108436288e-10,1.64862276608e-10,1.75661332702e-10,6.06893285626e-11,5.41356612316e-11,4.11369202591e-11,4.26462545833e-11,5.05862435274e-11,4.97411140055e-11,4.49302574312e-11,5.2072953588e-11,5.66997317153e-11,6.01644220555e-11,4.02680354339e-11,1.95793468244e-11,7.95280334642e-12,1.290070481e-11,3.44893232897e-12,6.23011841769e-13,1.6255169411e-13,1.40875639875e-14,9.94480419306e-16]},"melbands_crest":{"dmean":4.35880613327,"dmean2":7.11699295044,"dvar":14.3863687515,"dvar2":34.9400444031,"max":37.5912322998,"mean":17.0123806,"median":16.1723480225,"min":1.60788321495,"var":53.8031616211},"melbands_flatness_db":{"dmean":0.0394525714219,"dmean2":0.0606955140829,"dvar":0.00133636326063,"dvar2":0.00308820628561,"max":0.684736847878,"mean":0.269145190716,"median":0.259554892778,"min":0.00380569184199,"var":0.00949920341372},"melbands_kurtosis":{"dmean":17.2769050598,"dmean2":27.2341060638,"dvar":1315.7479248,"dvar2":3081.01220703,"max":692.149597168,"mean":28.839056015,"median":10.7491836548,"min":-1.80581378937,"var":2906.23950195},"melbands_skewness":{"dmean":1.17663955688,"dmean2":1.8126039505,"dvar":1.84042012691,"dvar2":4.16547870636,"max":23.1275806427,"mean":3.45395946503,"median":2.70126342773,"min":-2.36757254601,"var":7.03004217148},"melbands_spread":{"dmean":5.87152671814,"dmean2":9.14516067505,"dvar":98.5260848999,"dvar2":202.395980835,"max":196.627059937,"mean":16.689031601,"median":11.5730648041,"min":0.128515690565,"var":406.73538208},"mfcc":{"cov":[[17236.2871094,31.5814361572,-1399.85583496,1188.91442871,-2103.59912109,120.589050293,-1439.41125488,-252.003372192,-365.532745361,281.50894165,-209.207931519,46.832901001,-228.730407715],[31.5814361572,1593.23413086,182.185760498,-287.855041504,12.2245807648,-123.525756836,32.4000282288,-27.523853302,-16.0728759766,-64.4771118164,111.957633972,-38.671836853,24.0825462341],[-1399.85583496,182.185760498,701.713745117,-192.557861328,236.26802063,-39.5708274841,152.377151489,29.48087883,45.7830505371,8.00971794128,29.5332889557,34.6377449036,-13.6104402542],[1188.91442871,-287.855041504,-192.557861328,461.724060059,-84.7669219971,146.355621338,-104.659599304,18.3690834045,0.333140820265,37.6419181824,-36.7838859558,2.8465180397,6.13166666031],[-2103.59912109,12.2245807648,236.26802063,-84.7669219971,476.128936768,44.5396957397,247.551773071,54.3783111572,88.7402496338,-50.362827301,35.2005577087,5.44157838821,39.1578025818],[120.589050293,-123.525756836,-39.5708274841,146.355621338,44.5396957397,205.609039307,48.5654907227,73.8221664429,16.2156352997,8.26806259155,-20.5634384155,4.73739051819,9.48749828339],[-1439.41125488,32.4000282288,152.377151489,-104.659599304,247.551773071,48.5654907227,263.290496826,83.541015625,67.5769577026,-29.4283866882,10.804028511,-15.0853643417,18.6782188416],[-252.003372192,-27.523853302,29.48087883,18.3690834045,54.3783111572,73.8221664429,83.541015625,151.21421814,66.9081726074,13.7937107086,-15.2669029236,4.83731842041,-4.42726182938],[-365.532745361,-16.0728759766,45.7830505371,0.333140820265,88.7402496338,16.2156352997,67.5769577026,66.9081726074,121.804840088,21.1888923645,23.409286499,4.7164106369,13.0867977142],[281.50894165,-64.4771118164,8.00971794128,37.6419181824,-50.362827301,8.26806259155,-29.4283866882,13.7937107086,21.1888923645,102.363769531,32.1673660278,25.3607501984,-4.92592144012],[-209.207931519,111.957633972,29.5332889557,-36.7838859558,35.2005577087,-20.5634384155,10.804028511,-15.2669029236,23.409286499,32.1673660278,98.3486022949,29.491771698,25.1358413696],[46.832901001,-38.671836853,34.6377449036,2.8465180397,5.44157838821,4.73739051819,-15.0853643417,4.83731842041,4.7164106369,25.3607501984,29.491771698,71.4260025024,17.9461116791],[-228.730407715,24.0825462341,-13.6104402542,6.13166666031,39.1578025818,9.48749828339,18.6782188416,-4.42726182938,13.0867977142,-4.92592144012,25.1358413696,17.9461116791,67.929649353]],"icov":[[0.000190843624296,-0.000122041368741,0.000083275102952,-0.000270276126685,0.000560850778129,-0.000205431191716,0.00035033482709,0.000156540379976,-0.000196998676984,-0.0000660939185764,0.000234361199546,-0.000343134131981,0.00038330515963],[-0.000122041368741,0.000971874862444,-0.000334983196808,0.000517165055498,-0.000098905453342,0.000213707011426,0.0000460506234958,-0.000632449518889,0.000441894488176,0.000915217562579,-0.00173465185799,0.00131170859095,-0.000619431433734],[0.000083275102952,-0.000334983196808,0.00220718444325,0.000357889774023,-0.000760793162044,0.00017215142725,-0.000393681315472,0.000385039107641,-0.000175507680979,-0.0010726590408,0.00100093649235,-0.00175761326682,0.00140693597496],[-0.000270276126685,0.000517165055498,0.000357889774023,0.00450745411217,-0.00125476124231,-0.00270170788281,0.00189304642845,0.0000340759834216,-0.000527717988007,-0.000891354575288,0.000471037026728,0.00126419099979,-0.00131747697014],[0.000560850778129,-0.000098905453342,-0.000760793162044,-0.00125476124231,0.00706408312544,-0.00104132003617,-0.00315118930303,0.00179566303268,-0.00254326430149,0.00258165225387,-0.000874506542459,-0.00174766604323,0.00040371256182],[-0.000205431191716,0.000213707011426,0.00017215142725,-0.00270170788281,-0.00104132003617,0.00914077367634,-0.00241897022352,-0.00387494149618,0.0025403869804,-0.000284396024654,0.0000957936572377,-0.000300869636703,-0.00121892860625],[0.00035033482709,0.0000460506234958,-0.000393681315472,0.00189304642845,-0.00315118930303,-0.00241897022352,0.0117430472746,-0.00362965813838,-0.000701563141774,0.000295000470942,-0.00040761436685,0.00339509965852,-0.000987142906524],[0.000156540379976,-0.000632449518889,0.000385039107641,0.0000340759834216,0.00179566303268,-0.00387494149618,-0.00362965813838,0.0137796681374,-0.00687434989959,-0.00152593606617,0.00461228145286,-0.00381018174812,0.00274122040719],[-0.000196998676984,0.000441894488176,-0.000175507680979,-0.000527717988007,-0.00254326430149,0.0025403869804,-0.000701563141774,-0.00687434989959,0.0146751198918,-0.00243090419099,-0.00353581947275,0.00276873447001,-0.00237797992304],[-0.0000660939185764,0.000915217562579,-0.0010726590408,-0.000891354575288,0.00258165225387,-0.000284396024654,0.000295000470942,-0.00152593606617,-0.00243090419099,0.0158871542662,-0.00706750154495,-0.00210314523429,0.00248066568747],[0.000234361199546,-0.00173465185799,0.00100093649235,0.000471037026728,-0.000874506542459,0.0000957936572377,-0.00040761436685,0.00461228145286,-0.00353581947275,-0.00706750154495,0.0194405671209,-0.00650560390204,-0.0028406244237],[-0.000343134131981,0.00131170859095,-0.00175761326682,0.00126419099979,-0.00174766604323,-0.000300869636703,0.00339509965852,-0.00381018174812,0.00276873447001,-0.00210314523429,-0.00650560390204,0.0216800794005,-0.00622533587739],[0.00038330515963,-0.000619431433734,0.00140693597496,-0.00131747697014,0.00040371256182,-0.00121892860625,-0.000987142906524,0.00274122040719,-0.00237797992304,0.00248066568747,-0.0028406244237,-0.00622533587739,0.0203535631299]],"mean":[-729.528747559,150.347610474,-1.18458867073,36.2937774658,-6.72450017929,23.5176563263,0.153847381473,10.9890842438,1.117166996,4.26358556747,0.0468236356974,1.58017623425,0.040811073035]},"pitch_salience":{"dmean":0.0921927541494,"dmean2":0.149199128151,"dvar":0.00598921813071,"dvar2":0.0148742049932,"max":0.918424189091,"mean":0.520761966705,"median":0.539026021957,"min":0.0691904351115,"var":0.0226871985942},"silence_rate_20dB":{"dmean":0,"dmean2":0,"dvar":0,"dvar2":0,"max":1,"mean":1,"median":1,"min":1,"var":0},"silence_rate_30dB":{"dmean":0.0127253448591,"dmean2":0.0254560876638,"dvar":0.0125628244132,"dvar2":0.0311709847301,"max":1,"mean":0.986217141151,"median":1,"min":0,"var":0.0135932825506},"silence_rate_60dB":{"dmean":0.0436903499067,"dmean2":0.0873992368579,"dvar":0.0417802929878,"dvar2":0.0988467112184,"max":1,"mean":0.224978789687,"median":0,"min":0,"var":0.174351230264},"spectral_centroid":{"dmean":270.062591553,"dmean2":384.950866699,"dvar":144289.078125,"dvar2":228229.921875,"max":11628.3740234,"mean":1171.41113281,"median":833.138427734,"min":96.7768249512,"var":1458594},"spectral_complexity":{"dmean":2.93234348297,"dmean2":4.1408572197,"dvar":11.2295761108,"dvar2":20.5292205811,"max":58,"mean":12.6882953644,"median":12,"min":0,"var":100.735038757},"spectral_contrast_coeffs":{"dmean":[0.0547605156898,0.0551693588495,0.0422944426537,0.0296910945326,0.0225803554058,0.0462461709976],"dmean2":[0.0894917100668,0.0906374007463,0.0690805912018,0.0492226406932,0.0366785116494,0.0738048106432],"dvar":[0.00207652174868,0.0019175033085,0.00109015894122,0.000597915088292,0.000447856844403,0.00172242161352],"dvar2":[0.00520724477246,0.00481682969257,0.00290623796172,0.00150552159175,0.00106842431705,0.0043898303993],"max":[-0.270931690931,-0.459130644798,-0.578935742378,-0.617731690407,-0.659422516823,-0.436366558075],"mean":[-0.715236067772,-0.767063438892,-0.798402607441,-0.822083771229,-0.836319088936,-0.711803078651],"median":[-0.72314697504,-0.771355271339,-0.802160024643,-0.820574402809,-0.831314444542,-0.699668288231],"min":[-0.978465199471,-0.981551527977,-0.976546645164,-0.983342468739,-0.972185611725,-0.964469790459],"var":[0.00725739449263,0.00700442958623,0.00374438939616,0.00195649382658,0.00177629024256,0.0105572519824]},"spectral_contrast_valleys":{"dmean":[0.418504446745,0.479293555021,0.38807284832,0.326347976923,0.339328974485,0.734283685684],"dmean2":[0.661943018436,0.725011348724,0.565890014172,0.495011180639,0.50533246994,1.16904723644],"dvar":[0.161386951804,0.210917398334,0.150119245052,0.143164515495,0.188064292073,0.408315509558],"dvar2":[0.292956113815,0.372312098742,0.241824686527,0.25169301033,0.365433514118,0.985044836998],"max":[-5.1182808876,-4.39334344864,-5.33202886581,-6.10890483856,-5.74413394928,-8.81359863281],"mean":[-7.39250421524,-7.31295061111,-7.81908750534,-8.33967781067,-8.42267131805,-11.8594512939],"median":[-7.01661968231,-6.91590881348,-7.38344621658,-7.71396636963,-7.76690101624,-11.6081962585],"min":[-28.2871551514,-27.8598651886,-27.8576393127,-27.7408733368,-27.5248336792,-27.4569530487],"var":[4.74572896957,5.55060863495,4.96826982498,4.79042196274,5.22409105301,3.69228887558]},"spectral_decrease":{"dmean":2.86406853789e-9,"dmean2":4.36812763738e-9,"dvar":2.00062002214e-17,"dvar2":4.86986472162e-17,"max":1.56002251425e-28,"mean":-6.30501872934e-9,"median":-3.6970715378e-9,"min":-5.06813115919e-8,"var":5.21374984117e-17},"spectral_energy":{"dmean":0.0111399870366,"dmean2":0.0169093143195,"dvar":0.000296446552966,"dvar2":0.000717506627552,"max":0.197804003954,"mean":0.0252508986741,"median":0.0152988517657,"min":9.77591047704e-21,"var":0.000807290023658},"spectral_energyband_high":{"dmean":0.000243737289566,"dmean2":0.000330250477418,"dvar":3.79380537652e-7,"dvar2":6.5868459842e-7,"max":0.0177094265819,"mean":0.000500875350554,"median":0.000124637852423,"min":7.06216110842e-21,"var":9.93681396722e-7},"spectral_energyband_low":{"dmean":0.00698000518605,"dmean2":0.0116640916094,"dvar":0.000192038627574,"dvar2":0.000513274862897,"max":0.154346942902,"mean":0.0110194757581,"median":0.00527929095551,"min":9.35684170217e-24,"var":0.000254205224337},"spectral_energyband_middle_high":{"dmean":0.00105358380824,"dmean2":0.00157274748199,"dvar":0.00000376342109121,"dvar2":0.00000909803020477,"max":0.0296789221466,"mean":0.00245791184716,"median":0.00126986624673,"min":1.23597838057e-21,"var":0.0000113927162602},"spectral_energyband_middle_low":{"dmean":0.0056984340772,"dmean2":0.00841419957578,"dvar":0.000105668645119,"dvar2":0.00023610307835,"max":0.181606173515,"mean":0.0113233812153,"median":0.00372444838285,"min":1.53981761193e-22,"var":0.00029607579927},"spectral_entropy":{"dmean":0.230862945318,"dmean2":0.353658258915,"dvar":0.0629987642169,"dvar2":0.154585510492,"max":9.82052707672,"mean":7.44659137726,"median":7.53216838837,"min":5.33801078796,"var":0.291623622179},"spectral_flux":{"dmean":0.0247600227594,"dmean2":0.039154484868,"dvar":0.000875073426869,"dvar2":0.00197267718613,"max":0.345769196749,"mean":0.0823506340384,"median":0.0739676952362,"min":6.43377365273e-11,"var":0.00355707295239},"spectral_kurtosis":{"dmean":2.74717140198,"dmean2":4.3653216362,"dvar":17.2848834991,"dvar2":45.0122489929,"max":66.2935714722,"mean":9.55807685852,"median":7.69995880127,"min":-1.26085019112,"var":40.962310791},"spectral_rms":{"dmean":0.000958908931352,"dmean2":0.00140018260572,"dvar":0.00000122720655327,"dvar2":0.00000273309774457,"max":0.0138917062432,"mean":0.00416557956487,"median":0.0038633805234,"min":3.08828006571e-12,"var":0.00000728296390662},"spectral_rolloff":{"dmean":450.526397705,"dmean2":750.455200195,"dvar":1547483,"dvar2":3656306,"max":22006.9335938,"mean":1120.63623047,"median":624.462890625,"min":43.06640625,"var":5034547},"spectral_skewness":{"dmean":0.302223980427,"dmean2":0.456152409315,"dvar":0.131658166647,"dvar2":0.31245842576,"max":6.27920246124,"mean":2.01462697983,"median":1.89797961712,"min":-0.0891687497497,"var":0.663360357285},"spectral_spread":{"dmean":569183,"dmean2":874877.375,"dvar":658949013504,"dvar2":1141376942080,"max":42204544,"mean":4178499.25,"median":3860389,"min":1128119.875,"var":12755838959600},"spectral_strongpeak":{"dmean":0.338922142982,"dmean2":0.581019639969,"dvar":0.29966416955,"dvar2":0.78005439043,"max":6.1417798996,"mean":0.444397330284,"median":0.166571676731,"min":0,"var":0.43316501379},"zerocrossingrate":{"dmean":0.0166559312493,"dmean2":0.0211733207107,"dvar":0.000300464453176,"dvar2":0.000427117920481,"max":0.521484375,"mean":0.0808218345046,"median":0.07080078125,"min":0.0068359375,"var":0.00289157847874}},"metadata":{"audio_properties":{"analysis_sample_rate":44100,"bit_rate":128000,"codec":"mp3","downmix":"mix","equal_loudness":0,"length":109.479187012,"lossless":false,"md5_encoded":"3fb0d0b419124811784cad92db8d04b0","replay_gain":-10.3787746429},"tags":{"album":["Voi-La Intruder"],"albumartist":["Gogol Bordello"],"albumartistsort":["Gogol Bordello"],"artist":["Gogol Bordello"],"artistsort":["Gogol Bordello"],"asin":["B000060K4I"],"barcode":["676180003829"],"catalognumber":["RUB38"],"composer":["Eugene H端tz"],"date":["2002-03-05"],"discnumber":["1/1"],"file_name":"01 Movement One (Songs of Immigration in Voi-La Minor): Sacred Darling.mp3","label":["Rubric Records"],"language":["eng"],"lyricist":["Eugene H端tz"],"media":["CD"],"musicbrainz album release country":["US"],"musicbrainz album status":["official"],"musicbrainz album type":["album"],"musicbrainz_albumartistid":["f47fc54d-b334-4321-8218-00c5b11d4dd1"],"musicbrainz_albumid":["541f56eb-0ba4-4301-83af-9ad4e6642f22"],"musicbrainz_artistid":["f47fc54d-b334-4321-8218-00c5b11d4dd1"],"musicbrainz_recordingid":["9c4c0bd0-01e4-4719-86cc-cc94b80500be"],"originaldate":["2002-03-05"],"performer:accordion":["Sasha Kazatchkoff"],"performer:acoustic guitar":["Eugene H端tz"],"performer:drums":["Eliot Ferguson"],"performer:guitar":["Vlad Solovar"],"performer:vocal":["Eugene H端tz"],"script":["Latn"],"title":["Movement One (Songs of Immigration in Voi-La Minor): Sacred Darling"],"tracknumber":["1/15"]},"version":{"essentia":"2.1-beta1","essentia_build_sha":"eef087cf131c10083d474ad51def18efd0e38295","essentia_git_sha":"v2.1_beta1-7-ge0e83e8-dirty","extractor":"music 1.0"}},"rhythm":{"beats_count":266,"beats_loudness":{"dmean":0.0166501179338,"dmean2":0.0273326057941,"dvar":0.000341395119904,"dvar2":0.000915112206712,"max":0.149524956942,"mean":0.0318134203553,"median":0.0253007542342,"min":0,"var":0.000903175387066},"beats_loudness_band_ratio":{"dmean":[0.229073733091,0.16535128653,0.147203251719,0.0591601319611,0.0234963539988,0.03422