{"lowlevel":{"average_loudness":0.571673691273,"barkbands":{"dmean":[0.0000498985100421,0.000697627663612,0.000467427802505,0.00041346589569,0.000842402281705,0.00141446327325,0.00127509504091,0.00120077573229,0.000800003588665,0.000216085376451,0.000176584988367,0.000341613165801,0.00022331510263,0.000134639602038,0.0000833338563098,0.0000573247343709,0.0000444874276582,0.0000248051710514,0.0000466581768706,0.00000890756473382,0.00000724529854779,0.00000993845424091,0.0000107274645416,0.0000104614500742,0.00000747735339246,0.00000372089516532,5.97775454025e-7],"dmean2":[0.0000739362003515,0.00108565110713,0.000709840736818,0.000655344803818,0.00130525161512,0.00204157689586,0.00183522992302,0.00184290052857,0.00117367249914,0.000325246539433,0.000245115312282,0.000485221564304,0.000322478881571,0.000192920619156,0.00012025587057,0.0000859994033817,0.0000676157360431,0.000037472742406,0.0000663553582854,0.0000132231698444,0.0000101682508102,0.000015083701328,0.0000155008528964,0.0000160006948136,0.0000113187397801,0.00000600095700065,9.88213741948e-7],"dvar":[7.72665043058e-9,0.00000388587113775,0.00000135040534133,6.41090252884e-7,0.00000181615166639,0.00000932187140279,0.00001074042666,0.00000870767598826,0.00000271908629657,3.65731267493e-7,5.57495980047e-7,0.00000163963898103,7.08125298843e-7,2.7954766324e-7,1.86304248473e-7,6.07720593848e-8,1.71296541396e-8,4.70420102872e-9,1.9287796249e-8,2.00357419544e-9,7.84934395259e-10,1.26888455299e-9,3.26510640747e-9,5.73040948026e-9,1.13742326668e-9,1.19501741835e-10,3.11725363404e-12],"dvar2":[1.82878210353e-8,0.00000944450584939,0.00000296737107419,0.00000164478262832,0.00000456872157883,0.0000171038591361,0.0000225592593779,0.0000183979027497,0.00000574430532652,8.69851135121e-7,0.00000101422756416,0.00000320633671436,0.00000129192267195,5.38784604487e-7,3.85044529594e-7,1.08578056768e-7,3.66643995164e-8,1.07200071042e-8,4.04642079843e-8,4.23675272643e-9,1.18806608995e-9,2.53125342908e-9,4.63188465361e-9,1.16223377589e-8,1.79322523497e-9,2.45065912008e-10,6.97653870438e-12],"max":[0.00124111096375,0.031759288162,0.0220125429332,0.0125377960503,0.0302049778402,0.103658467531,0.0768321156502,0.073594905436,0.0321822986007,0.0154945701361,0.0322026126087,0.0340844765306,0.0312954969704,0.0215996000916,0.0230742301792,0.0125423846766,0.00507053406909,0.00182463508099,0.00416810251772,0.00259902491234,0.00169702607673,0.00234985351563,0.00297762290575,0.00397561909631,0.00178861501627,0.000391149573261,0.0000432469678344],"mean":[0.0000738239541533,0.00146461348049,0.000855999300256,0.000679860764649,0.00216684909537,0.00340641918592,0.0026773144491,0.00243930565193,0.00181644340046,0.000415715854615,0.000346285640262,0.000636929820757,0.000407685176469,0.000258422049228,0.000141866563354,0.000123612655443,0.000100997800473,0.0000522829614056,0.0000985412698356,0.0000151081239892,0.000011940514014,0.0000139213198054,0.0000152424900079,0.0000134012934723,0.00000957788506639,0.00000401041688747,6.47439435397e-7],"median":[0.0000296523176075,0.000272469012998,0.000294732191833,0.000270734773949,0.000921750324778,0.000749897793867,0.000351368740667,0.000799428322352,0.000464664452011,0.000108204585558,0.0000402421937906,0.0000619437123532,0.000060720838519,0.0000401172728743,0.0000218940240302,0.0000222197431867,0.0000212890481635,0.0000119177002489,0.0000133031844598,0.00000241371276388,0.00000221198092731,0.00000242356918534,0.00000164260836755,0.00000111302199457,0.00000119156527489,4.36815298599e-7,1.70770604768e-7],"min":[3.12798147951e-23,1.08288025088e-23,1.82928639767e-23,1.12940474271e-23,7.45827091337e-23,3.57496584562e-23,5.1444304912e-23,5.34558655104e-23,5.18837351461e-23,4.91826627848e-23,6.02404479486e-23,2.33022392721e-22,1.3689421357e-22,1.14742923621e-22,1.08146569706e-22,1.50835405249e-22,7.52143405942e-23,2.4143106937e-22,3.65385098951e-22,5.2079930533e-22,4.57459202004e-22,5.19430549618e-22,6.03244079924e-22,7.16724131899e-22,1.38494904486e-21,1.81561297694e-21,2.32600805259e-21],"var":[1.41534783893e-8,0.00000996744711301,0.00000339970029017,0.00000119449794056,0.00000877982620295,0.0000535011749889,0.0000431044609286,0.0000240207336901,0.0000123514737425,0.00000108783433461,0.00000180788777016,0.00000504181252836,0.00000217911792788,9.73842816165e-7,3.78372732257e-7,2.60855586021e-7,9.02811905235e-8,1.3471148641e-8,7.1009431224e-8,4.5403725224e-9,2.35137065374e-9,2.66786792658e-9,9.86540271697e-9,1.17348992745e-8,3.11608294723e-9,1.74247505313e-10,3.55713050161e-12]},"barkbands_crest":{"dmean":2.43183517456,"dmean2":3.83644127846,"dvar":4.72676515579,"dvar2":11.3537521362,"max":25.896987915,"mean":11.8706226349,"median":11.0341711044,"min":3.25238656998,"var":20.2880191803},"barkbands_flatness_db":{"dmean":0.0226084515452,"dmean2":0.0331959165633,"dvar":0.000564424321055,"dvar2":0.00111904949881,"max":0.443266272545,"mean":0.198122426867,"median":0.198669433594,"min":0.0308269876987,"var":0.00348192011006},"barkbands_kurtosis":{"dmean":3.58412456512,"dmean2":5.66340684891,"dvar":65.1408538818,"dvar2":171.654190063,"max":260.263427734,"mean":7.82082796097,"median":3.85347628593,"min":-1.73795962334,"var":305.070861816},"barkbands_skewness":{"dmean":0.523491680622,"dmean2":0.793612003326,"dvar":0.340789794922,"dvar2":0.812484443188,"max":11.4605293274,"mean":1.39987981319,"median":1.29212939739,"min":-2.64656376839,"var":1.74754178524},"barkbands_spread":{"dmean":2.71834850311,"dmean2":4.13660764694,"dvar":20.151222229,"dvar2":42.2712631226,"max":105.899978638,"mean":9.5636844635,"median":7.89377069473,"min":0.314354926348,"var":71.5760421753},"dissonance":{"dmean":0.0364838577807,"dmean2":0.0612638816237,"dvar":0.00112634105608,"dvar2":0.00315263192169,"max":0.499996513128,"mean":0.40911334753,"median":0.418087869883,"min":0.162604436278,"var":0.00298449746333},"dynamic_complexity":4.50975036621,"erbbands":{"dmean":[0.0172988958657,0.173806264997,0.513762831688,0.877549350262,2.70267033577,2.54215192795,4.76392745972,14.8446474075,16.9128398895,23.1146450043,21.6073551178,16.6096916199,11.3606204987,5.90201663971,7.32021045685,13.2430400848,10.5453634262,6.17226266861,5.284907341,3.08658766747,2.83845424652,2.56193733215,1.26649713516,2.1419274807,1.78801226616,0.394235193729,0.283277124166,0.318421691656,0.338070034981,0.363044768572,0.305657982826,0.247391283512,0.158560454845,0.0907440930605,0.0508496016264,0.0207839645445,0.00617642793804,0.00109645479824,0.00011277248268,0.00000690248498358],"dmean2":[0.0276723932475,0.266209989786,0.773565769196,1.39929306507,4.22309780121,3.92129516602,7.40936803818,21.1650428772,24.0095252991,34.4745483398,32.91248703,24.4002990723,16.4087715149,8.69269943237,9.71420097351,18.708820343,14.4485778809,8.73011207581,7.54715013504,4.42420291901,4.17960214615,3.85334801674,1.90023648739,3.02599167824,2.52697396278,0.561422586441,0.40039357543,0.456942468882,0.514833152294,0.549322187901,0.454811513424,0.388365596533,0.243676349521,0.137209579349,0.0792366936803,0.0331944525242,0.0100104603916,0.001791956136,0.000186611432582,0.0000103467909867],"dvar":[0.00219459761865,0.251309990883,1.9112919569,2.9023900032,23.9621868134,22.2537136078,82.8119125366,1293.48303223,1832.00634766,4188.09472656,2952.66943359,1338.75219727,681.740783691,359.164398193,880.828796387,2715.84912109,1456.61828613,359.603515625,732.110839844,147.382797241,106.197616577,60.53855896,12.1861715317,33.7518119812,36.109588623,3.0296330452,2.6128911972,1.02291333675,1.47867512703,2.58302783966,3.59700608253,4.13308095932,0.901089906693,0.186440989375,0.0532776676118,0.00472043454647,0.000319819897413,0.00000978653497441,1.09990757835e-7,1.09073305943e-10],"dvar2":[0.00552657851949,0.60637819767,3.9795422554,7.65530633926,61.0331878662,56.2779426575,191.53817749,2365.54150391,3601.70532227,8887.890625,6246.44775391,2776.11206055,1484.73144531,763.487731934,1463.79858398,5678.25927734,2526.80981445,693.670715332,1714.86657715,266.381408691,178.373352051,123.193367004,26.0628414154,73.331199646,71.7859802246,5.48937606812,4.04357290268,1.57570886612,2.79166078568,4.77332735062,6.42709207535,8.39370822906,1.79794061184,0.297690242529,0.0901809483767,0.0089044906199,0.000705452926923,0.0000213154180528,2.50497208754e-7,2.35545360994e-10],"max":[0.892747282982,7.47188138962,27.8789672852,29.2798194885,92.9845581055,115.38999939,260.107147217,1303.04394531,1336.3059082,1544.67077637,1909.06518555,894.951843262,541.600769043,887.896179199,1493.82543945,1398.98925781,1443.35070801,614.784973145,1320.61584473,548.797851563,467.087677002,327.716674805,88.9636154175,145.43258667,194.11114502,105.590766907,128.045608521,46.5781784058,77.7094192505,106.891105652,105.149475098,111.321456909,41.4138069153,21.366186142,13.3444051743,3.33061075211,0.382249325514,0.0652766674757,0.00731808505952,0.000232563659665],"mean":[0.0297800824046,0.376341938972,1.04855275154,1.61396312714,5.08957433701,6.69746828079,11.492067337,35.4092178345,38.9959716797,48.3349456787,45.6890602112,37.6490859985,27.7181224823,12.580862999,16.4969921112,25.3993453979,21.144990921,13.4171714783,10.1477975845,6.59764814377,6.78828668594,5.97630167007,3.01258778572,4.63072633743,3.69734025002,0.761609494686,0.478667765856,0.508962392807,0.472739577293,0.490374147892,0.423877894878,0.334352642298,0.189974054694,0.117522731423,0.0628096535802,0.0232180431485,0.0063514765352,0.00121425511315,0.000127051403979,0.0000239101318584],"median":[0.00612834282219,0.069253899157,0.348437726498,0.899815440178,2.06045913696,2.72463226318,4.1102347374,6.6832242012,6.94890594482,13.4789810181,17.622428894,10.6699562073,6.90365934372,3.09585285187,1.91001701355,2.4740729332,3.24716567993,2.68337869644,1.62907171249,1.10259342194,1.43352222443,1.35364925861,0.750474452972,0.803545534611,0.454997628927,0.133645713329,0.0921668484807,0.0912877097726,0.0780878812075,0.0720867589116,0.0430806055665,0.0270756427199,0.0168844088912,0.0134292244911,0.00775745650753,0.00239137769677,0.00068811775418,0.000215382155147,0.0000385962812288,0.0000160336458066],"min":[3.28495918296e-22,2.70266240191e-21,1.64162118964e-20,3.39299696811e-20,8.19122580917e-20,3.76153094029e-19,2.46036187807e-19,3.88773311087e-19,7.20444741827e-19,8.5868430317e-19,1.06256860773e-18,8.77560047761e-19,1.7549672739e-18,2.09889739207e-18,4.75678317619e-18,8.8790824266e-18,7.29807144231e-18,6.69139650155e-18,5.51693113985e-18,5.68144206084e-18,7.40540805296e-18,5.2982924147e-18,1.17908466911e-17,1.85265097631e-17,2.19438757694e-17,2.15415086496e-17,1.87477061307e-17,1.8777559079e-17,1.88106380317e-17,1.67774165056e-17,1.96196818822e-17,1.39850433548e-17,1.36292134163e-17,1.26392858454e-17,1.06980856808e-17,6.81645959272e-18,3.34392415516e-18,1.33821806826e-18,3.36295835653e-19,3.27615382918e-20],"var":[0.00501587009057,0.636859357357,5.31142854691,4.61054944992,62.7596282959,92.7708129883,357.236694336,6945.53076172,9334.62011719,14069.4746094,7840.59033203,5667.12792969,3352.46972656,1036.03405762,4090.01831055,8030.05175781,5566.87988281,1542.47741699,1945.45349121,521.171630859,659.715637207,318.943084717,45.7345428467,119.778884888,129.266921997,9.33997249603,6.50719070435,3.0047454834,3.15385723114,6.78181028366,8.48307514191,8.84164333344,1.7672547102,0.49727922678,0.131829634309,0.00908411014825,0.000371820002329,0.0000114508547995,1.18233415947e-7,5.06034492087e-10]},"erbbands_crest":{"dmean":2.78685665131,"dmean2":4.35846233368,"dvar":6.26858091354,"dvar2":14.8045797348,"max":31.1055278778,"mean":12.9407644272,"median":12.0637540817,"min":2.19540905952,"var":26.9729766846},"erbbands_flatness_db":{"dmean":0.0230025053024,"dmean2":0.033189099282,"dvar":0.000606831512414,"dvar2":0.00115556584205,"max":0.417562186718,"mean":0.224538728595,"median":0.22693862021,"min":0.024156363681,"var":0.00335575407371},"erbbands_kurtosis":{"dmean":2.07286739349,"dmean2":3.20964360237,"dvar":10.7379407883,"dvar2":25.6703014374,"max":93.1498565674,"mean":4.21843719482,"median":2.08119463921,"min":-1.71261572838,"var":58.1002311707},"erbbands_skewness":{"dmean":0.407766759396,"dmean2":0.619106113911,"dvar":0.144887849689,"dvar2":0.332808315754,"max":7.83875989914,"mean":1.15642678738,"median":1.05302107334,"min":-1.84772610664,"var":1.00729823112},"erbbands_spread":{"dmean":5.19328927994,"dmean2":7.68229722977,"dvar":53.0452728271,"dvar2":104.888687134,"max":130.959320068,"mean":19.428686142,"median":15.5994768143,"min":1.22791969776,"var":214.048919678},"gfcc":{"cov":[[10666.1757813,-281.505218506,-1627.58374023,424.651947021,-579.815917969,-200.911056519,-539.789306641,46.4146461487,-323.5206604,-16.4279556274,297.536560059,98.7794036865,-103.816184998],[-281.505218506,1223.60229492,95.8899536133,-283.568847656,330.850799561,-123.67640686,138.486099243,-31.1599597931,123.684318542,-80.9169235229,43.8620147705,-53.1816368103,33.9120407104],[-1627.58374023,95.8899536133,756.722106934,77.8773727417,66.062210083,68.0700302124,25.0474967957,-55.048034668,-7.03753328323,-9.55681228638,-35.0780525208,12.8107089996,18.7873649597],[424.651947021,-283.568847656,77.8773727417,482.692504883,-16.8963356018,-5.48153734207,-100.68976593,-15.4786663055,-58.355255127,7.76691150665,39.9532546997,30.4017181396,14.4309225082],[-579.815917969,330.850799561,66.062210083,-16.8963356018,381.855224609,86.3174667358,66.567199707,7.08776807785,118.196128845,30.2628002167,-50.8685760498,-46.252166748,38.5824623108],[-200.911056519,-123.67640686,68.0700302124,-5.48153734207,86.3174667358,285.124450684,127.802352905,29.2597789764,49.8104896545,60.3380393982,-68.0713119507,-33.4685554504,-3.09537363052],[-539.789306641,138.486099243,25.0474967957,-100.68976593,66.567199707,127.802352905,302.348571777,107.267707825,72.9891204834,10.9296598434,-50.1042175293,-23.230134964,-10.4041872025],[46.4146461487,-31.1599597931,-55.048034668,-15.4786663055,7.08776807785,29.2597789764,107.267707825,173.339859009,87.259552002,21.2654209137,-12.8026771545,-10.1914205551,0.895681262016],[-323.5206604,123.684318542,-7.03753328323,-58.355255127,118.196128845,49.8104896545,72.9891204834,87.259552002,206.213058472,78.5747756958,-51.5643196106,-42.2592086792,18.8050003052],[-16.4279556274,-80.9169235229,-9.55681228638,7.76691150665,30.2628002167,60.3380393982,10.9296598434,21.2654209137,78.5747756958,140.56161499,30.0458831787,-18.7478981018,-26.7371940613],[297.536560059,43.8620147705,-35.0780525208,39.9532546997,-50.8685760498,-68.0713119507,-50.1042175293,-12.8026771545,-51.5643196106,30.0458831787,192.992721558,56.7642478943,-43.1337509155],[98.7794036865,-53.1816368103,12.8107089996,30.4017181396,-46.252166748,-33.4685554504,-23.230134964,-10.1914205551,-42.2592086792,-18.7478981018,56.7642478943,102.61882782,26.1321029663],[-103.816184998,33.9120407104,18.7873649597,14.4309225082,38.5824623108,-3.09537363052,-10.4041872025,0.895681262016,18.8050003052,-26.7371940613,-43.1337509155,26.1321029663,102.583450317]],"icov":[[0.000296748796245,-0.00067775696516,0.000719254254363,-0.000502049340867,0.000679141376168,-0.000747022568248,0.000979363336228,-0.000836459395941,0.000788038771134,-0.000634094758425,0.000626315944828,-0.000617192650679,0.000402773817768],[-0.00067775696516,0.00429529929534,-0.00202514091507,0.00228860997595,-0.0035134179052,0.00348677695729,-0.00409274036065,0.003965892829,-0.00400543212891,0.00442404253408,-0.0045700003393,0.00368362269364,-0.00205259467475],[0.000719254254363,-0.00202514091507,0.00326641579159,-0.00168188312091,0.00176497502252,-0.00231162249111,0.00233767949976,-0.00156921439338,0.00200554030016,-0.00175658694934,0.00219230400398,-0.00225582392886,0.00122394738719],[-0.000502049340867,0.00228860997595,-0.00168188312091,0.00381883746013,-0.0021985550411,0.00166833098046,-0.00134000962134,0.00126359530259,-0.00110229023267,0.00169419974554,-0.00256183301099,0.00181877147406,-0.00166040693875],[0.000679141376168,-0.0035134179052,0.00176497502252,-0.0021985550411,0.00682681286708,-0.00381336454302,0.00296972878277,-0.00184597470798,0.000711587665137,-0.0026194495149,0.00268093682826,-0.00142730167136,0.000147120212205],[-0.000747022568248,0.00348677695729,-0.00231162249111,0.00166833098046,-0.00381336454302,0.00888618826866,-0.00598450005054,0.00359637942165,-0.00180093059316,-0.0000475867345813,-0.00126357330009,0.00285769836046,-0.00159752066247],[0.000979363336228,-0.00409274036065,0.00233767949976,-0.00134000962134,0.00296972878277,-0.00598450005054,0.0105568720028,-0.00758682237938,0.00394080532715,-0.00283010303974,0.00454507162794,-0.00422806665301,0.00347201619297],[-0.000836459395941,0.003965892829,-0.00156921439338,0.00126359530259,-0.00184597470798,0.00359637942165,-0.00758682237938,0.0141730746254,-0.00900363642722,0.0054912045598,-0.00511843943968,0.00336597906426,-0.00206624669954],[0.000788038771134,-0.00400543212891,0.00200554030016,-0.00110229023267,0.000711587665137,-0.00180093059316,0.00394080532715,-0.00900363642722,0.016339590773,-0.0113109936938,0.0069003617391,-0.00206703972071,-0.000449662620667],[-0.000634094758425,0.00442404253408,-0.00175658694934,0.00169419974554,-0.0026194495149,-0.0000475867345813,-0.00283010303974,0.0054912045598,-0.0113109936938,0.0183273330331,-0.00897970423102,0.00486884405836,0.000462185853394],[0.000626315944828,-0.0045700003393,0.00219230400398,-0.00256183301099,0.00268093682826,-0.00126357330009,0.00454507162794,-0.00511843943968,0.0069003617391,-0.00897970423102,0.0149850891903,-0.00998957362026,0.0068028899841],[-0.000617192650679,0.00368362269364,-0.00225582392886,0.00181877147406,-0.00142730167136,0.00285769836046,-0.00422806665301,0.00336597906426,-0.00206703972071,0.00486884405836,-0.00998957362026,0.0195243190974,-0.00904628075659],[0.000402773817768,-0.00205259467475,0.00122394738719,-0.00166040693875,0.000147120212205,-0.00159752066247,0.00347201619297,-0.00206624669954,-0.000449662620667,0.000462185853394,0.0068028899841,-0.00904628075659,0.0164781697094]],"mean":[-91.457649231,133.218658447,-101.239128113,-5.19461202621,-55.1010818481,-2.26705360413,-38.7510223389,7.66113185883,-15.2735118866,-0.368822753429,-13.8826799393,-2.83444261551,-17.7054634094]},"hfc":{"dmean":2.50238466263,"dmean2":3.34121203423,"dvar":16.2331352234,"dvar2":26.4676761627,"max":94.4886779785,"mean":10.0788736343,"median":5.57197809219,"min":1.19936887481e-16,"var":148.811859131},"melbands":{"dmean":[0.00017308149836,0.000246810843237,0.000200637237867,0.000189612066606,0.000153554938152,0.000315293291351,0.000258231739281,0.000264838949079,0.000164282158948,0.000112172652734,0.0000575648009544,0.0000243152026087,0.0000236266077991,0.0000318031197821,0.00003639195711,0.0000198755406018,0.0000119046262625,0.00000977546642389,0.00000641553288006,0.00000387910040445,0.00000359509067493,0.00000298704912893,0.00000162997730513,0.00000115187333449,0.00000191824619833,0.00000190521484456,5.85132852393e-7,2.18432248289e-7,1.88294762893e-7,1.69389721805e-7,2.03808980359e-7,1.97648944322e-7,2.01636041197e-7,2.13342929101e-7,1.83800054288e-7,1.69388329141e-7,1.49206584865e-7,1.15977378812e-7,9.46654026279e-8,7.3692604019e-8],"dmean2":[0.000270561140496,0.000372702808818,0.000315287848935,0.000295653357171,0.000236952619161,0.000450204242952,0.000365679356037,0.000399584998377,0.000250526296441,0.000163976146723,0.0000839406202431,0.00003656568515,0.0000313764685416,0.0000465234734293,0.0000497053770232,0.0000290480493277,0.0000171924166352,0.000014213729628,0.00000930610622163,0.00000583790870223,0.00000527016845808,0.00000455774943475,0.00000250645894084,0.00000171813996985,0.00000274594526672,0.00000274382523457,8.70981864409e-7,3.20902358908e-7,2.68495284672e-7,2.40400112261e-7,2.96648380527e-7,3.05076980567e-7,3.13207067393e-7,3.26376010662e-7,2.81492532395e-7,2.56413073885e-7,2.37728173147e-7,1.81443198244e-7,1.49520971604e-7,1.1419400181e-7],"dvar":[2.27474998837e-7,4.41596284873e-7,1.16077195855e-7,1.05222135005e-7,7.51050777126e-8,5.20430489814e-7,4.04067321824e-7,4.80115431856e-7,1.66696594306e-7,5.8182887841e-8,1.78762356029e-8,5.89649440386e-9,1.02153370207e-8,1.73790546398e-8,2.26595702202e-8,5.15120834876e-9,1.64248725731e-9,2.68167643647e-9,1.00385466606e-9,4.06105010731e-10,1.80311737763e-10,8.3552983976e-11,2.71009516911e-11,1.08240187646e-11,2.8040783237e-11,4.27081668641e-11,5.50361102178e-12,1.29950683461e-12,1.58529157683e-12,4.08858981827e-13,4.08259987232e-13,5.60707459196e-13,4.83598512797e-13,1.27955892409e-12,1.26793736101e-12,1.64776818492e-12,1.70752593922e-12,5.18744823572e-13,2.95560830584e-13,1.14183659815e-13],"dvar2":[5.48036439341e-7,9.716590057e-7,2.96920291021e-7,2.59664830082e-7,1.77525592449e-7,9.55407244874e-7,8.24109690711e-7,0.00000101053569779,3.47868564177e-7,1.22985071016e-7,3.96051262896e-8,1.29575967733e-8,1.70272205224e-8,3.79679221396e-8,3.95033978862e-8,9.88264670099e-9,3.3807705524e-9,5.95723559371e-9,2.03735761595e-9,7.81909315073e-10,3.09942765897e-10,1.72143910238e-10,6.122690549e-11,2.49710339212e-11,6.14266623677e-11,8.91117110657e-11,1.14682473587e-11,2.49737990704e-12,2.49263543833e-12,6.76147993931e-13,7.00753203294e-13,1.17218355248e-12,8.66747266407e-13,2.7310983336e-12,2.32483325126e-12,3.4434989582e-12,3.64073831846e-12,1.1160994004e-12,5.8100665121e-13,1.93280545106e-13],"max":[0.00893245916814,0.0119258901104,0.00610172376037,0.00781014375389,0.00822625495493,0.0251784287393,0.0171151440591,0.01763866283,0.0150722777471,0.00488077988848,0.00273008807562,0.00324941030703,0.00483259139583,0.00488153845072,0.0053572813049,0.00310738151893,0.00117353885435,0.00271416944452,0.00115854979958,0.000976087758318,0.000655769195873,0.000357683718903,0.000158163238666,0.000105443141365,0.000127572275233,0.000207679142477,0.0000782749702921,0.0000733689594199,0.000100456789369,0.0000370222078345,0.0000308931339532,0.0000457425921923,0.0000461880408693,0.0000734701461624,0.0000568023206142,0.000074580340879,0.0000653551178402,0.0000336120101565,0.0000309303832182,0.0000161019906955],"mean":[0.000353679002728,0.000543248665053,0.00037504278589,0.000451383704785,0.000382962200092,0.000770560058299,0.000587289163377,0.000555770995561,0.000339271762641,0.000249094562605,0.000134891495691,0.0000475278393424,0.0000508909070049,0.0000610865754425,0.0000657505806885,0.000037958361645,0.0000236015002884,0.0000176501434908,0.0000112510788313,0.00000753305721446,0.00000782522965892,0.00000658307544654,0.00000341918666891,0.00000241513816945,0.00000389823526348,0.00000382068083127,0.00000110432415568,3.59504724656e-7,2.97959616091e-7,2.66327305098e-7,3.10029463435e-7,2.67996512093e-7,2.64638231329e-7,2.74193979521e-7,2.46095225975e-7,2.25239304541e-7,1.95012077597e-7,1.33159375082e-7,1.13199469354e-7,9.47555491848e-8],"median":[0.0000697788855177,0.000173900145455,0.000203963179956,0.000191384358914,0.000144876612467,0.000154187728185,0.0000997588358587,0.00016260574921,0.000126421771711,0.0000623840242042,0.0000317524536513,0.0000109916827569,0.0000055108248489,0.00000612277381151,0.00000596178961132,0.00000624818858341,0.00000408132973462,0.00000238808888753,0.00000168050621596,0.00000123164261367,0.00000154785902851,0.00000129612078581,7.55865301016e-7,5.38874871836e-7,6.2080113139e-7,4.34491084889e-7,1.38443454034e-7,5.96198646008e-8,5.43403793074e-8,4.73373340526e-8,5.16890459323e-8,3.92557524265e-8,4.44580159353e-8,3.5180899971e-8,2.46847324803e-8,1.77771397603e-8,1.43915546147e-8,1.05962145724e-8,1.01593684576e-8,1.08082920391e-8],"min":[3.85229810101e-24,7.17012085062e-24,6.68312230395e-24,1.61037828534e-23,1.13517573355e-23,7.87909854514e-24,1.06833310358e-23,1.05768332359e-23,7.85117839112e-24,6.50423310533e-24,8.8027205588e-24,7.78410943696e-24,1.17658769675e-23,3.00326257039e-23,1.57481580464e-23,1.27893222289e-23,1.20595832931e-23,8.34556619789e-24,6.28534550338e-24,1.04927327748e-23,7.43915634032e-24,4.78188942514e-24,8.21718934076e-24,1.16486585478e-23,1.50878010049e-23,1.5690238301e-23,1.80041219528e-23,1.35171726317e-23,1.08707990968e-23,1.11016474078e-23,1.08594442329e-23,1.11776013023e-23,9.40834643067e-24,8.33605569082e-24,1.21413353153e-23,8.22673140227e-24,8.39873305632e-24,1.00003967952e-23,8.6444671726e-24,1.1385499283e-23],"var":[6.21038168447e-7,0.00000116793455618,2.32304955716e-7,4.26267945386e-7,3.36322926842e-7,0.00000297500332636,0.00000193356777345,0.00000159384137532,4.70564316402e-7,2.43767999564e-7,8.42440357474e-8,1.54642521011e-8,4.13729672744e-8,4.99432566414e-8,6.1929860351e-8,1.84491515398e-8,5.76103209582e-9,7.55161710941e-9,2.2533261923e-9,1.05481301471e-9,9.86881243392e-10,4.15917883467e-10,8.66050009485e-11,2.98490537842e-11,9.10050854119e-11,1.42062570041e-10,1.65384476947e-11,3.21733872183e-12,3.50944295326e-12,1.11267657414e-12,1.069408017e-12,1.04893524422e-12,1.08802463566e-12,2.8615742588e-12,2.73448234542e-12,3.62900551623e-12,3.28130166267e-12,9.20214208652e-13,5.66384667031e-13,2.94629663548e-13]},"melbands_crest":{"dmean":2.79529857635,"dmean2":4.40392112732,"dvar":6.70713710785,"dvar2":16.6185302734,"max":37.8863677979,"mean":13.8097162247,"median":12.9237318039,"min":2.80876231194,"var":24.0291347504},"melbands_flatness_db":{"dmean":0.0260434597731,"dmean2":0.0376985669136,"dvar":0.000810757104773,"dvar2":0.00157774274703,"max":0.587854027748,"mean":0.28993961215,"median":0.292298585176,"min":0.00498888315633,"var":0.00547759188339},"melbands_kurtosis":{"dmean":4.79692459106,"dmean2":7.46942663193,"dvar":252.027282715,"dvar2":678.550415039,"max":648.020996094,"mean":9.20762252808,"median":5.43091440201,"min":-1.6241209507,"var":365.753356934},"melbands_skewness":{"dmean":0.569004714489,"dmean2":0.853872537613,"dvar":0.48063403368,"dvar2":1.10863018036,"max":21.2062950134,"mean":1.6090682745,"median":1.46726500988,"min":-2.9037103653,"var":2.10249567032},"melbands_spread":{"dmean":2.88586044312,"dmean2":4.35683917999,"dvar":22.5464134216,"dvar2":40.1669158936,"max":149.270523071,"mean":11.665438652,"median":10.0007572174,"min":0.483276247978,"var":86.8515930176},"mfcc":{"cov":[[8189.55957031,-583.695068359,-768.429199219,59.6016235352,-182.958251953,-302.387573242,-218.399703979,-76.9765090942,-578.865234375,-167.01675415,0.167326241732,-142.012435913,170.346481323],[-583.695068359,1751.77160645,-160.332336426,-114.665100098,94.9785842896,-9.81697750092,7.19223070145,49.4939880371,81.2653656006,6.10800933838,70.9019546509,16.4660720825,-36.1889877319],[-768.429199219,-160.332336426,569.765075684,103.856636047,9.6556854248,42.2618026733,48.7057037354,-7.580742836,-36.7160415649,-42.3322792053,-29.3338108063,-28.4947452545,-10.9562578201],[59.6016235352,-114.665100098,103.856636047,343.195373535,102.25843811,-31.0585727692,-18.1456851959,-3.62490606308,-65.1662216187,-23.4165725708,-33.3831481934,-48.3664169312,22.2108802795],[-182.958251953,94.9785842896,9.6556854248,102.25843811,300.795501709,89.9211730957,-39.4528121948,-43.3402900696,23.2144451141,43.2812194824,-12.74497509,-21.342414856,-12.6347427368],[-302.387573242,-9.81697750092,42.2618026733,-31.0585727692,89.9211730957,262.041778564,72.49559021,-4.17739295959,109.458435059,53.462310791,12.9225540161,40.2183151245,-43.9126586914],[-218.399703979,7.19223070145,48.7057037354,-18.1456851959,-39.4528121948,72.49559021,179.743423462,75.1474609375,11.5420131683,10.2530555725,22.1121101379,28.8105716705,-9.94927406311],[-76.9765090942,49.4939880371,-7.580742836,-3.62490606308,-43.3402900696,-4.17739295959,75.1474609375,155.114105225,76.4983444214,15.8608732224,9.23644447327,13.6154899597,-0.859089434147],[-578.865234375,81.2653656006,-36.7160415649,-65.1662216187,23.2144451141,109.458435059,11.5420131683,76.4983444214,352.853790283,138.762710571,8.26805400848,60.1360855103,-59.0891647339],[-167.01675415,6.10800933838,-42.3322792053,-23.4165725708,43.2812194824,53.462310791,10.2530555725,15.8608732224,138.762710571,204.553863525,71.4491653442,45.9337272644,-16.7803993225],[0.167326241732,70.9019546509,-29.3338108063,-33.3831481934,-12.74497509,12.9225540161,22.1121101379,9.23644447327,8.26805400848,71.4491653442,131.49168396,59.2714958191,9.90238761902],[-142.012435913,16.4660720825,-28.4947452545,-48.3664169312,-21.342414856,40.2183151245,28.8105716705,13.6154899597,60.1360855103,45.9337272644,59.2714958191,136.596313477,44.0550422668],[170.346481323,-36.1889877319,-10.9562578201,22.2108802795,-12.6347427368,-43.9126586914,-9.94927406311,-0.859089434147,-59.0891647339,-16.7803993225,9.90238761902,44.0550422668,126.445648193]],"icov":[[0.000185391239938,0.0000626421897323,0.000281838467345,-0.0000467342397314,0.000132701577968,-0.000130477157654,0.000252269703196,-0.000183122625458,0.000348664267221,-0.0000587826907577,-0.0000473163563584,0.000175507710082,-0.000114957088954],[0.0000626421897323,0.000693553709425,0.000224129878916,0.000263374211499,-0.000458095688373,0.000265454262262,-0.0000683780526742,-0.000202222247026,-0.000166085752426,0.000454438617453,-0.000619467580691,0.000162769079907,0.000101419282146],[0.000281838467345,0.000224129878916,0.00245990743861,-0.000703465892002,0.000347608380252,-0.000524715636857,-0.000292586104479,0.000108256463136,0.000426821643487,0.000324836117215,-0.0000697762297932,0.000552997516934,-0.0000932485781959],[-0.0000467342397314,0.000263374211499,-0.000703465892002,0.00406049611047,-0.00181659753434,0.000815481878817,-0.0000980831828201,-0.000730135245249,0.00033177548903,-0.0000318891834468,0.000250849639997,0.000754907203373,-0.000678709882777],[0.000132701577968,-0.000458095688373,0.000347608380252,-0.00181659753434,0.00554048502818,-0.00277387187816,0.0018316868227,0.000438266521087,0.000752907071728,-0.00161321589258,0.000797797401901,0.000887090340257,-0.000457067741081],[-0.000130477157654,0.000265454262262,-0.000524715636857,0.000815481878817,-0.00277387187816,0.00737894233316,-0.00412979954854,0.00257212249562,-0.00248461123556,0.000770108948927,-0.000213348917896,-0.00154836976435,0.00153828656767],[0.000252269703196,-0.0000683780526742,-0.000292586104479,-0.0000980831828201,0.0018316868227,-0.00412979954854,0.010687164031,-0.00608648965135,0.00342890433967,-0.00119258684572,0.000197774541448,-0.00153379188851,0.00114381173626],[-0.000183122625458,-0.000202222247026,0.000108256463136,-0.000730135245249,0.000438266521087,0.00257212249562,-0.00608648965135,0.0115884896368,-0.00459840008989,0.00148311548401,-0.00115813850425,0.00156367977615,-0.00154282385483],[0.000348664267221,-0.000166085752426,0.000426821643487,0.00033177548903,0.000752907071728,-0.00248461123556,0.00342890433967,-0.00459840008989,0.00788143370301,-0.00453566992655,0.0035400937777,-0.00322301359847,0.00283921440132],[-0.0000587826907577,0.000454438617453,0.000324836117215,-0.0000318891834468,-0.00161321589258,0.000770108948927,-0.00119258684572,0.00148311548401,-0.00453566992655,0.00982494931668,-0.0057348893024,0.000878178572748,-0.000407063227613],[-0.0000473163563584,-0.000619467580691,-0.0000697762297932,0.000250849639997,0.000797797401901,-0.000213348917896,0.000197774541448,-0.00115813850425,0.0035400937777,-0.0057348893024,0.0134429940954,-0.00563555909321,0.00165363308042],[0.000175507710082,0.000162769079907,0.000552997516934,0.000754907203373,0.000887090340257,-0.00154836976435,-0.00153379188851,0.00156367977615,-0.00322301359847,0.000878178572748,-0.00563555909321,0.0143890660256,-0.00679526012391],[-0.000114957088954,0.000101419282146,-0.0000932485781959,-0.000678709882777,-0.000457067741081,0.00153828656767,0.00114381173626,-0.00154282385483,0.00283921440132,-0.000407063227613,0.00165363308042,-0.00679526012391,0.0122824516147]],"mean":[-744.156311035,178.514724731,3.8221642971,6.25328636169,0.255726873875,-8.66434288025,-10.9922370911,1.69614470005,-4.89307260513,0.938078761101,8.51156425476,-0.943462491035,-3.46820473671]},"pitch_salience":{"dmean":0.0642808005214,"dmean2":0.102011092007,"dvar":0.00315128802322,"dvar2":0.00784419011325,"max":0.867344081402,"mean":0.560467123985,"median":0.569911420345,"min":0.0849672704935,"var":0.0136573482305},"silence_rate_20dB":{"dmean":0,"dmean2":0,"dvar":0,"dvar2":0,"max":1,"mean":1,"median":1,"min":1,"var":0},"silence_rate_30dB":{"dmean":0.000634316529613,"dmean2":0.0012688342249,"dvar":0.000633963616565,"dvar2":0.00158463127445,"max":1,"mean":0.999524354935,"median":1,"min":0,"var":0.000475443870528},"silence_rate_60dB":{"dmean":0.0355217270553,"dmean2":0.0710547193885,"dvar":0.0342613086104,"dvar2":0.0742484331131,"max":1,"mean":0.133819565177,"median":0,"min":0,"var":0.115912280977},"spectral_centroid":{"dmean":102.753204346,"dmean2":149.481079102,"dvar":31852.9824219,"dvar2":47048.890625,"max":10584.5224609,"mean":698.252868652,"median":613.984619141,"min":206.61000061,"var":134515.171875},"spectral_complexity":{"dmean":1.69267368317,"dmean2":2.69944477081,"dvar":2.68512630463,"dvar2":5.67465019226,"max":36,"mean":10.3508796692,"median":9,"min":0,"var":27.7975196838},"spectral_contrast_coeffs":{"dmean":[0.043063018471,0.0444770865142,0.036928396672,0.0282208137214,0.0224715676159,0.0151231708005],"dmean2":[0.0700347870588,0.0717491433024,0.0578822232783,0.0449613519013,0.0352303646505,0.0234181508422],"dvar":[0.00125047017355,0.00136675720569,0.00088692526333,0.000535512866918,0.00040620638174,0.00016152705939],"dvar2":[0.00323309446685,0.00341501715593,0.0020782253705,0.00124683172908,0.000873575801961,0.000372207519831],"max":[-0.254817247391,-0.388460636139,-0.441051214933,-0.520666539669,-0.590497076511,-0.696889340878],"mean":[-0.625261008739,-0.679036557674,-0.733982861042,-0.780262649059,-0.781498432159,-0.81423419714],"median":[-0.633597195148,-0.684169650078,-0.744069159031,-0.785575211048,-0.781704366207,-0.812838852406],"min":[-0.954765379429,-0.965512037277,-0.971872270107,-0.960389733315,-0.960868060589,-0.961115241051],"var":[0.010663529858,0.00809435732663,0.00670228153467,0.0031924857758,0.00288901780732,0.00108064827509]},"spectral_contrast_valleys":{"dmean":[0.367709577084,0.326324343681,0.283178687096,0.258342385292,0.283595472574,0.358155250549],"dmean2":[0.591881871223,0.535142719746,0.455297201872,0.402817308903,0.411148577929,0.514542579651],"dvar":[0.121645569801,0.0911003053188,0.0696132853627,0.0732498764992,0.116934329271,0.232695385814],"dvar2":[0.247699141502,0.190679088235,0.132378727198,0.125785827637,0.195630565286,0.425397753716],"max":[-5.69268655777,-4.6831407547,-4.98802089691,-6.15803718567,-6.35644006729,-7.66887044907],"mean":[-7.98766613007,-6.96346569061,-7.98856544495,-8.54317474365,-9.11632442474,-11.5361480713],"median":[-7.90496873856,-6.8368062973,-7.90765810013,-8.41270160675,-8.95076179504,-11.5504617691],"min":[-27.1661052704,-27.2480831146,-27.4014854431,-27.3603668213,-27.1847343445,-27.2192840576],"var":[1.07531940937,1.26460683346,1.24844837189,1.2755689621,1.44350790977,1.29501652718]},"spectral_decrease":{"dmean":1.11646825118e-9,"dmean2":1.59521029719e-9,"dvar":2.4533935018e-18,"dvar2":4.79403608225e-18,"max":-3.59376812341e-29,"mean":-4.59235804939e-9,"median":-2.95322988286e-9,"min":-2.89573716117e-8,"var":2.02779075459e-17},"spectral_energy":{"dmean":0.00440406659618,"dmean2":0.00627578422427,"dvar":0.0000381921963708,"dvar2":0.0000741495750844,"max":0.113470189273,"mean":0.0182468146086,"median":0.0117487404495,"min":1.10142677087e-20,"var":0.000321923027514},"spectral_energyband_high":{"dmean":0.0000482628893224,"dmean2":0.0000691745808581,"dvar":4.22441424064e-8,"dvar2":5.60039943309e-8,"max":0.0110232541338,"mean":0.000074755786045,"median":0.0000124345124277,"min":7.84068669885e-21,"var":1.41530236419e-7},"spectral_energyband_low":{"dmean":0.00111058319453,"dmean2":0.00168443960138,"dvar":0.00000700184273228,"dvar2":0.0000156768801389,"max":0.0377927646041,"mean":0.00266652368009,"median":0.001035144669,"min":4.15414909996e-23,"var":0.0000203285344469},"spectral_energyband_middle_high":{"dmean":0.000792787235696,"dmean2":0.00104295543861,"dvar":0.00000365028472515,"dvar2":0.00000588257125855,"max":0.0610507391393,"mean":0.00250023952685,"median":0.000727862410713,"min":1.79814363326e-21,"var":0.0000272130455414},"spectral_energyband_middle_low":{"dmean":0.00373393716291,"dmean2":0.00545882014558,"dvar":0.0000297839196719,"dvar2":0.0000617911136942,"max":0.109276749194,"mean":0.0133505100384,"median":0.0082796253264,"min":2.9896556033e-22,"var":0.000210397018236},"spectral_entropy":{"dmean":0.215872988105,"dmean2":0.313597500324,"dvar":0.0618320740759,"dvar2":0.121423088014,"max":9.80398368835,"mean":6.74738311768,"median":6.74514102936,"min":4.329890728,"var":0.370076954365},"spectral_flux":{"dmean":0.0154670979828,"dmean2":0.0250144004822,"dvar":0.000326376961311,"dvar2":0.00080404774053,"max":0.299952566624,"mean":0.0525504313409,"median":0.0442895069718,"min":1.04948882917e-10,"var":0.00124714546837},"spectral_kurtosis":{"dmean":5.07501411438,"dmean2":8.16275882721,"dvar":30.1764755249,"dvar2":71.5028381348,"max":87.5129470825,"mean":16.0974559784,"median":12.5415325165,"min":-1.2155547142,"var":145.958145142},"spectral_rms":{"dmean":0.000484168936964,"dmean2":0.00068112363806,"dvar":3.04030635334e-7,"dvar2":5.32166268385e-7,"max":0.010521531105,"mean":0.00373906781897,"median":0.00338558503427,"min":3.27805230876e-12,"var":0.00000382118014386},"spectral_rolloff":{"dmean":169.246566772,"dmean2":286.640411377,"dvar":345630.40625,"dvar2":832406.125,"max":18690.8203125,"mean":794.395690918,"median":624.462890625,"min":21.533203125,"var":663670.875},"spectral_skewness":{"dmean":0.437694907188,"dmean2":0.682508468628,"dvar":0.188537016511,"dvar2":0.415047347546,"max":7.7535161972,"mean":2.95029306412,"median":2.73300909996,"min":0.0189373940229,"var":1.21690988541},"spectral_spread":{"dmean":622537.9375,"dmean2":954086.1875,"dvar":966849003520,"dvar2":1759034343420,"max":40643388,"mean":3184404.25,"median":2764117.25,"min":1092642.875,"var":2438031998980},"spectral_strongpeak":{"dmean":0.414620548487,"dmean2":0.657714664936,"dvar":0.312954217196,"dvar2":0.717916250229,"max":9.44934844971,"mean":1.19292640686,"median":0.868612706661,"min":0,"var":1.2963244915},"zerocrossingrate":{"dmean":0.00581392273307,"dmean2":0.00711922580376,"dvar":0.000134879068355,"dvar2":0.000212158149225,"max":0.515625,"mean":0.0333528518677,"median":0.0283203125,"min":0.00341796875,"var":0.000592727039475}},"metadata":{"audio_properties":{"analysis_sample_rate":44100,"bit_rate":192000,"codec":"mp3","downmix":"mix","equal_loudness":0,"length":146.416320801,"lossless":false,"md5_encoded":"2f961c95dd9f4ac790c8fc832895c570","replay_gain":-5.02402496338,"sample_rate":44100},"tags":{"acoustid_fingerprint":["AQADtFyWTNKW4UouzDk4_dglhD-SpT-O8yIO3_jx_NCDPkKTKg_ihEj-YAeLK0cvgqqDPLmQZC2eKCUc8WirTPiPHb9BLnmCo0-OXcSzH82R_ESuFF8fPEpxN_iNH5_RKwjzqEjC57iDac0tXCszVIwvPItwTM9D9DL44JKJZknyEEkkI068o-VR8greBReFv2gSpqgU6SiPMB2SJ8EvBdN6XFkIhg-mo-kePLuQPEqLkMzhZYHjo2va40edEj53lNaDE0nF48jL4z6aJ8ePJu4WPJFyXD-a8eizDJ90nMed41KLp-jhOgivI_mOZ8nxnMSzLAv-oEdT6nhvnFHQPEX140ITGsmeKA_CH81nlFlKIUzMkLh3qDzCPDFK7nh6_BFyH1rOBU2k5BJx5WhYGe2i5EhOHc9F_MLOiMFn8Pgx3WiS5rg5EZeSRYoxR_XAc0jmI1J6PDlxhgnOE420DhUXHY-C8x-eB12yk_CeYsx8vEEyK0d-9CeoPSW2aR_KtSG-Z8W5HBWlow_e4sePiPGFM6j4Q0rOHE937Ap0VExyQcsk2sM7hDya46mDS60Ge8SpHCF1IlkSLceHKWWCnnnw_qA4JsVn0Be-TCJ8YUdOIXmKZz_O5Gg0SUTZqAua5USF_TgHTsox9UKuVUdy4eKL5sSVPcGlULgkHs2yFV2D8Cu0PHmSBLmEFV_Ggz_6oDkd7COSZ0vyIMyYPKgeC__xo2QumBHOefDz4TmeBZWPpwqHNyJc5Ejq6Xiah8G34zp6w2eDp8NHNN-Dp5Ei4hKO5kefBTfUF0-EJyduPEkCX3jg7riO50HV0Gg0Z8iPP5CrvHi8CWaOr3jQGKWUC-10BVaOyoli5DSO-2hMISwvJBOJTxe-HN504SqsBz3xHGuPJj56qQmeqJOIr0ii_0gfNEt-PHnwC4-PU_LxUDn-4VmOkmeRHprTZEGcicR_9LiN-UeZKDv45NizCU861DdKJYmOM8Wxo-WRjTeaKRr-HKv2QMcPR0ryII-Y4T96NGOOz8dE5WiqH9mcHsmWo1m4TDiPpmGOXkocnLlhPjo-sMeFPfCPMzj-IPGSILSO5tnwrBGmnAGzdPnwpLikYApKHg-TJwh_IVmq4C1c41ounGmEPkdz3MRxL5TwSFuCmkejdjqe5cFzD0dVuBT68MgraEd6VA6Pc-pwf_iPn3gdJJOeIlWUJEdF8fiDo4fjXHgeo-0VHPmhD5HeGM0zouEYDhMvMfgwpXpQJxnyQ5MyrgmuH3vwVPCVIryU4jyiZ-DU2WiYPIG2yBbuIP6C_sgXQ9kZ5Dd6_LiP7sKkB8-RX4NyxcqRXviPPwriVLKg-khrXMf1oLnRF9_xFzlPqIr44YmkI8zfCeVzPJxRoFaW43Own7gT8EmG4xmDH-EeHOIz1NKQ5-hlIVY_hEqSjzh5HM0p1M7xHn_QRLwihMo-6I2EPOPRM0GYQw9yMUd1WMmP-cSNnkcV3OiJH8fzBdePH9CP_5iW1EcTNQq4c8EOe4_wa0h4E