{"lowlevel":{"average_loudness":0.946662127972,"barkbands":{"dmean":[0.00652481475845,0.011929188855,0.00427993293852,0.00180998269934,0.00122878153343,0.000765496341046,0.000993773224764,0.000517653126735,0.000671345216688,0.000709123967681,0.000919147976674,0.00162003515288,0.00141004717443,0.00122850330081,0.000690354965627,0.000402158329962,0.000423232093453,0.00038253061939,0.00030290443101,0.00017905695131,0.00010389876843,0.0000471491111966,0.000019001758119,0.00000685954273649,0.00000275043498732,0.0000142132930705,0.000637511548121],"dmean2":[0.0107410913333,0.0205412618816,0.00723973568529,0.00300924037583,0.002067216672,0.00126586540136,0.00159614055883,0.000864213216119,0.00110479653813,0.00115857447963,0.00151634763461,0.00267181848176,0.00234339921735,0.00203636707738,0.00117581605446,0.000675333780237,0.000708936946467,0.00065179617377,0.000524464005139,0.000300015410176,0.000165435703821,0.0000752926280256,0.0000300260780932,0.0000109406792035,0.00000456042971564,0.0000219505909627,0.00103800278157],"dvar":[0.000118367017421,0.000252006400842,0.0000441782758571,0.00000655670464766,0.00000363923754776,0.00000195093798538,0.00000625781922281,0.00000102997489648,0.00000265686412604,0.00000262500680037,0.00000355610563929,0.00000565594609725,0.00000830877070257,0.00000317827857543,0.0000010904394685,2.80748849946e-7,4.11181872551e-7,4.69012690019e-7,2.31282527352e-7,1.42837208728e-7,7.70678596496e-8,1.21511369855e-8,1.63192859226e-9,2.27216259696e-10,1.76839497906e-11,8.8755736094e-10,4.16116506585e-7],"dvar2":[0.000282674009213,0.000690340006258,0.000120061398775,0.0000175072182174,0.00000967187952483,0.00000475917613585,0.0000138542536661,0.00000257844021689,0.00000656357633488,0.00000658619728711,0.00000916786666494,0.0000138567947943,0.0000209219251701,0.00000806571824796,0.00000289591753244,7.40196412607e-7,0.00000102241745026,0.00000112943280328,6.00018324803e-7,3.44077989212e-7,1.95583638174e-7,3.0150143715e-8,3.8943448466e-9,5.10641584572e-10,4.34303079611e-11,1.98103244919e-9,0.00000106589266125],"max":[0.122963249683,0.168932780623,0.0742079466581,0.0366640761495,0.0273751337081,0.0383718535304,0.0598313957453,0.0232312213629,0.0556490235031,0.0570446848869,0.0623727925122,0.0512257255614,0.0906239673495,0.0436792746186,0.0219578389078,0.0112288044766,0.0274511482567,0.017558272928,0.00812063924968,0.0090875197202,0.0124717904255,0.00238390965387,0.000694000744261,0.000347479624907,0.0000578839099035,0.00058371265186,0.0122590092942],"mean":[0.00638129515573,0.0151804778725,0.00515456777066,0.00235438207164,0.0017403124366,0.00110045680776,0.00157418753952,0.000724057259504,0.00092083128402,0.000997617607936,0.00133387837559,0.00260562216863,0.00209565646946,0.00212432187982,0.00106183241587,0.000689961365424,0.000714970752597,0.000537387910299,0.000389946711948,0.000245836970862,0.000160750278155,0.0000625574102742,0.0000236791183852,0.00000744423732613,0.00000289578520096,0.0000190807659237,0.00208420446143],"median":[0.00130916142371,0.0103442035615,0.00289635639638,0.00134649372194,0.00112874188926,0.000622245541308,0.000505940930452,0.0004016814637,0.000474067521282,0.000527965137735,0.000778750574682,0.00174116378184,0.00126244837884,0.00164139911067,0.000763086951338,0.000515540828928,0.000525492941961,0.000296403974062,0.000213734994759,0.000137962779263,0.0000978997195489,0.0000328620371874,0.0000104788396129,0.00000276545665656,0.00000130082332817,0.0000093512408057,0.00204808218405],"min":[7.97266316774e-25,1.91808669484e-24,1.08544706621e-24,1.19800430397e-24,8.04618401803e-24,6.41023638417e-24,9.43771808876e-24,8.64078319217e-24,1.36006451596e-23,1.34137876769e-23,7.02118075627e-24,1.3237611371e-23,3.27841031216e-23,3.36494014931e-23,5.70544154572e-23,4.69159814142e-23,8.3019021157e-23,7.81127417777e-23,1.48420960765e-22,1.45706458836e-22,2.29471685611e-22,3.20564597159e-22,3.72032962328e-22,5.31672358202e-22,8.78908178483e-22,1.40617139745e-21,2.03711320417e-21],"var":[0.000131539520225,0.000263085152255,0.0000461680210719,0.00000882960193849,0.00000458596014141,0.000003133292239,0.000016218289602,0.00000151217432176,0.00000308665198645,0.00000292059962703,0.00000429264309787,0.00000994502624962,0.00000973627265921,0.00000459546799902,0.00000124906921428,4.16535726799e-7,5.78461595069e-7,6.5317010467e-7,2.75856478993e-7,1.74340812009e-7,7.89718868077e-8,1.1867337335e-8,1.82160542206e-9,2.59828603077e-10,1.97834110205e-11,1.11775499967e-9,0.00000148828814872]},"barkbands_crest":{"dmean":2.9823513031,"dmean2":4.9698266983,"dvar":5.97792434692,"dvar2":15.9096860886,"max":26.0561103821,"mean":9.06310844421,"median":8.61570072174,"min":2.34208512306,"var":11.9896850586},"barkbands_flatness_db":{"dmean":0.0242056977004,"dmean2":0.0385732799768,"dvar":0.000436668895418,"dvar2":0.00110983045306,"max":0.323680669069,"mean":0.124726608396,"median":0.116656057537,"min":0.0297504141927,"var":0.00184304406866},"barkbands_kurtosis":{"dmean":2.42134809494,"dmean2":3.94731616974,"dvar":14.3996648788,"dvar2":33.8038482666,"max":85.882019043,"mean":2.93801140785,"median":1.47188997269,"min":-1.76293182373,"var":23.6039028168},"barkbands_skewness":{"dmean":0.560293316841,"dmean2":0.904316842556,"dvar":0.305885732174,"dvar2":0.766662478447,"max":8.26048851013,"mean":1.38861942291,"median":1.27297210693,"min":-2.22160792351,"var":0.894091010094},"barkbands_spread":{"dmean":9.52886390686,"dmean2":15.5502672195,"dvar":76.4087219238,"dvar2":198.345413208,"max":123.249885559,"mean":40.8404769897,"median":41.1459503174,"min":2.93308734894,"var":269.906646729},"dissonance":{"dmean":0.0110623259097,"dmean2":0.0191076342016,"dvar":0.000135615031468,"dvar2":0.000387996376958,"max":0.500000119209,"mean":0.484966337681,"median":0.488623946905,"min":0.36988696456,"var":0.00016898123431},"dynamic_complexity":2.88771152496,"erbbands":{"dmean":[0.594053030014,2.01193809509,4.59132289886,5.51492977142,4.58871650696,4.43969869614,3.89974188805,7.61651134491,10.1590833664,17.2046451569,11.0313653946,15.2974472046,18.4758491516,25.3647975922,45.5412788391,62.2004890442,64.7040634155,55.5499382019,48.0223083496,26.7463932037,21.1390342712,22.9114284515,20.2760772705,18.9116230011,12.5415296555,8.41840457916,5.2695555687,3.36266255379,1.76776909828,1.09189736843,0.485772281885,0.210210412741,0.0857172235847,0.0325681753457,0.0195273347199,0.0193610582501,0.0306056886911,0.0373790040612,0.0234741680324,0.0131379235536],"dmean2":[1.03778600693,3.43320965767,7.78200960159,9.14951229095,7.66186094284,7.51496362686,6.54543399811,12.6858053207,16.6725559235,27.4390449524,18.3154582977,25.0469245911,30.4375514984,41.0554733276,74.404548645,102.716514587,107.112007141,91.759513855,80.5477752686,45.0938110352,35.1824684143,38.3441467285,34.1542778015,33.1791687012,21.3015956879,14.0559196472,8.4939661026,5.33927345276,2.82882595062,1.73462128639,0.768936812878,0.331741929054,0.138323709369,0.053853135556,0.0323616936803,0.0309941079468,0.0472805388272,0.0571064390242,0.0357968173921,0.0209671985358],"dvar":[0.905226767063,5.93210554123,49.1563339233,62.4715003967,38.9733123779,60.6601600647,37.7462158203,223.829391479,440.398620605,2857.54418945,401.276916504,1636.97619629,1655.46643066,3231.69213867,6620.53271484,8721.60449219,18107.46875,6326.31982422,5305.31640625,1265.60253906,799.458068848,1249.55236816,1394.53149414,901.034057617,521.612976074,326.217712402,145.139770508,95.516456604,16.715675354,6.64040708542,1.15583562851,0.215864390135,0.0370829962194,0.00247333245352,0.000879137835,0.00144993246067,0.00458382442594,0.00609760778025,0.00119146588258,0.0001622394484],"dvar2":[2.46489906311,16.2354679108,133.74937439,170.353561401,105.387779236,159.57484436,96.1394577026,550.70904541,1072.11328125,6001.1796875,1013.25177002,3994.63574219,4160.01171875,7966.08349609,16806.2285156,21638.3378906,45588.109375,16061.9130859,13694.9082031,3333.29101562,2095.10571289,3067.65307617,3317.51928711,2327.14916992,1306.16003418,787.138000488,348.883483887,252.8175354,41.7259559631,16.4120769501,2.7809252739,0.495172351599,0.0841567143798,0.00596323143691,0.00216344255023,0.00320591800846,0.0102155981585,0.0142851788551,0.00274330284446,0.000406147184549],"max":[8.2031917572,28.4366703033,82.2287216187,133.740188599,88.8787612915,118.793998718,112.471908569,444.006439209,426.220733643,1449.90234375,615.238098145,1434.64929199,1152.75366211,1842.0513916,1883.79406738,2150.28027344,4355.07226562,1818.41369629,1349.78100586,466.311950684,544.720397949,1526.4954834,1127.85180664,533.754455566,475.566802979,491.040893555,377.206726074,501.57711792,101.66570282,57.7116508484,19.7650604248,9.02796936035,5.1719288826,0.65608227253,0.408001184464,1.03997683525,1.43330979347,1.61917030811,1.09306693077,0.209405899048],"mean":[0.596213400364,2.79725646973,6.0093255043,7.64467287064,6.47867202759,5.95325422287,5.52204275131,10.6155366898,15.686050415,27.2513809204,16.2434253693,20.9480552673,26.7325439453,39.0078086853,74.9179916382,104.503669739,101.586235046,100.608161926,81.8107299805,45.4620780945,38.9258041382,40.1670036316,30.2305679321,24.2628231049,16.5113773346,11.652923584,8.17600250244,4.81010818481,2.40371704102,1.37922871113,0.592529952526,0.237037688494,0.0895273759961,0.0347756445408,0.0209722407162,0.0218177959323,0.0397313386202,0.0659374073148,0.0701245814562,0.0577969290316],"median":[0.286210745573,2.02697014809,3.82828211784,4.7412686348,4.5808839798,3.35332036018,3.32904219627,5.85954523087,6.81368207932,8.73586463928,9.79113674164,10.7486143112,14.3457679749,21.6543617249,48.6644325256,71.9740066528,64.4913711548,78.1840133667,62.0578193665,34.3936195374,29.86759758,30.0697898865,17.3027458191,13.2807407379,8.81169319153,6.63352203369,5.20945978165,2.62927055359,1.27464699745,0.672773718834,0.255815982819,0.0883325561881,0.0318799428642,0.0158071648329,0.0098154367879,0.00979845225811,0.0183550622314,0.0445401519537,0.0584582574666,0.058243535459],"min":[1.13234116699e-22,2.39322122315e-22,1.46346950782e-21,7.5317420102e-21,1.20701379112e-20,2.29401126862e-20,3.2611653811e-20,6.60416994406e-20,1.21628016884e-19,1.7016928875e-19,3.03377511092e-19,4.26818966373e-19,5.1629822101e-19,7.87307715293e-19,8.39307700719e-19,8.10863802886e-19,1.49443815798e-18,2.00642294229e-18,2.68007035455e-18,2.86605198912e-18,3.45876225998e-18,4.23225719642e-18,4.95379650499e-18,5.71870572026e-18,7.72982580766e-18,7.7978076463e-18,7.31194408836e-18,9.54889937224e-18,1.05700488754e-17,1.15149769937e-17,1.05544093715e-17,1.01974552946e-17,9.83270669477e-18,7.71029193749e-18,6.68285544813e-18,4.42833870626e-18,2.32901655694e-18,9.3418397281e-19,2.4755114325e-19,2.6950870754e-20],"var":[0.757245898247,7.72946119308,51.4116668701,79.267906189,48.882144928,79.1347351074,58.605556488,339.230133057,915.937561035,6917.484375,552.36932373,1858.43322754,1922.24230957,3946.30126953,9586.90917969,13845.7265625,21167.1132812,9568.26660156,6545.18261719,1794.65856934,1221.39880371,1818.03161621,1975.9720459,1063.05627441,646.58807373,390.908813477,173.680908203,84.839302063,16.5635738373,6.475669384,1.23616015911,0.243432313204,0.0414255447686,0.00287206796929,0.000986175844446,0.00177885824814,0.00554465223104,0.00780878029764,0.00378489727154,0.000838967389427]},"erbbands_crest":{"dmean":2.38276672363,"dmean2":3.99002408981,"dvar":5.05819129944,"dvar2":13.0100078583,"max":28.6130027771,"mean":8.2987947464,"median":7.259349823,"min":2.35914754868,"var":14.0530672073},"erbbands_flatness_db":{"dmean":0.021250795573,"dmean2":0.0328455120325,"dvar":0.000298285158351,"dvar2":0.000703929865267,"max":0.440559089184,"mean":0.164142549038,"median":0.15296703577,"min":0.0340854115784,"var":0.0029464235995},"erbbands_kurtosis":{"dmean":1.14568769932,"dmean2":1.85760045052,"dvar":1.61574935913,"dvar2":3.92775917053,"max":21.4302272797,"mean":1.55877411366,"median":1.16087055206,"min":-1.61099779606,"var":3.43280100822},"erbbands_skewness":{"dmean":0.326108455658,"dmean2":0.526169538498,"dvar":0.0814184471965,"dvar2":0.198741570115,"max":1.89248418808,"mean":-0.512778759003,"median":-0.542103588581,"min":-3.1364812851,"var":0.228347525001},"erbbands_spread":{"dmean":5.48602247238,"dmean2":8.6128988266,"dvar":26.0762863159,"dvar2":60.0389671326,"max":107.833961487,"mean":21.6823806763,"median":21.1803264618,"min":1.61620080471,"var":87.9996643066},"gfcc":{"cov":[[31947.4277344,1702.86425781,-52.3910331726,1415.94714355,377.301452637,-453.549346924,1065.19018555,-231.165725708,342.985412598,97.6080245972,128.94317627,8.62385368347,-554.840881348],[1702.86425781,694.818725586,46.9293823242,-63.5732803345,191.661895752,-40.2840270996,120.173698425,-43.9388160706,44.9191665649,-10.9000310898,25.4101524353,-64.8337020874,22.6354179382],[-52.3910331726,46.9293823242,754.394958496,308.706054688,28.7350444794,92.8915481567,86.0430831909,108.967567444,35.8155097961,57.8206558228,-1.5661097765,-20.9818782806,-35.9643096924],[1415.94714355,-63.5732803345,308.706054688,426.88885498,71.3043365479,-56.5385398865,162.370559692,9.40173912048,50.2076911926,14.4771652222,-8.00183010101,24.1285476685,-93.4225921631],[377.301452637,191.661895752,28.7350444794,71.3043365479,172.357376099,-18.6379547119,84.3842010498,-26.8537101746,17.0396289825,-9.34390640259,8.92506027222,-17.5278606415,8.65359973907],[-453.549346924,-40.2840270996,92.8915481567,-56.5385398865,-18.6379547119,190.328598022,-70.2888717651,68.0730133057,-49.3837547302,4.61206245422,2.93060564995,-6.48445749283,40.4520606995],[1065.19018555,120.173698425,86.0430831909,162.370559692,84.3842010498,-70.2888717651,224.603469849,-22.9480762482,68.7239837646,5.55322408676,4.00660610199,17.2756061554,-51.3667526245],[-231.165725708,-43.9388160706,108.967567444,9.40173912048,-26.8537101746,68.0730133057,-22.9480762482,125.373756409,5.21071195602,31.8029289246,15.8948402405,-15.4304771423,15.9130249023],[342.985412598,44.9191665649,35.8155097961,50.2076911926,17.0396289825,-49.3837547302,68.7239837646,5.21071195602,96.2784881592,34.9694747925,10.8674211502,9.61729717255,-34.3839111328],[97.6080245972,-10.9000310898,57.8206558228,14.4771652222,-9.34390640259,4.61206245422,5.55322408676,31.8029289246,34.9694747925,70.5364685059,37.7841033936,0.489119082689,-2.45163679123],[128.94317627,25.4101524353,-1.5661097765,-8.00183010101,8.92506027222,2.93060564995,4.00660610199,15.8948402405,10.8674211502,37.7841033936,59.256313324,17.3500671387,10.0457906723],[8.62385368347,-64.8337020874,-20.9818782806,24.1285476685,-17.5278606415,-6.48445749283,17.2756061554,-15.4304771423,9.61729717255,0.489119082689,17.3500671387,59.8599090576,2.34182834625],[-554.840881348,22.6354179382,-35.9643096924,-93.4225921631,8.65359973907,40.4520606995,-51.3667526245,15.9130249023,-34.3839111328,-2.45163679123,10.0457906723,2.34182834625,78.8873291016]],"icov":[[0.0000739647293813,-0.000387907522963,0.000295330159133,-0.000559924694244,0.000431434746133,-0.000200055001187,-0.0000719522868167,0.0000204076332011,0.000129034480779,-0.000291224161629,0.0000182567328011,-4.94258472372e-7,0.000152239852468],[-0.000387907522963,0.00553561281413,-0.00259937462397,0.00486974976957,-0.00464306306094,0.00127961870749,-0.00127292098477,0.00135811103974,-0.00275912322104,0.00480929249898,-0.00413662707433,0.00434104399756,-0.00163953448646],[0.000295330159133,-0.00259937462397,0.0042815678753,-0.00541480816901,0.00331425666809,-0.00273135234602,-0.000166605386767,-0.000684799742885,0.00016561531811,-0.00323249748908,0.00157900352497,0.000946159125306,-0.000828311254736],[-0.000559924694244,0.00486974976957,-0.00541480816901,0.0131645053625,-0.00900710001588,0.00460997130722,-0.00168467708863,-0.00248812511563,0.00260292738676,0.000921884377021,0.00203186669387,-0.00542637333274,0.0068806684576],[0.000431434746133,-0.00464306306094,0.00331425666809,-0.00900710001588,0.0171424485743,-0.00415161671117,-0.0031167594716,0.0046063894406,-0.00343749625608,0.00310784042813,-0.00602908013389,0.00896102190018,-0.00839921738952],[-0.000200055001187,0.00127961870749,-0.00273135234602,0.00460997130722,-0.00415161671117,0.0106995087117,0.00137327623088,-0.00540746981278,0.00546453567222,-0.00137280370109,0.00298434565775,-0.00503818551078,0.00150245928671],[-0.0000719522868167,-0.00127292098477,-0.000166605386767,-0.00168467708863,-0.0031167594716,0.00137327623088,0.0101302405819,-0.000969327520579,-0.00284981913865,0.0000697856812621,0.00186536472756,-0.00488122878596,0.00288499076851],[0.0000204076332011,0.00135811103974,-0.000684799742885,-0.00248812511563,0.0046063894406,-0.00540746981278,-0.000969327520579,0.0159907806665,-0.00647626165301,0.0021511616651,-0.007807334885,0.01096252352,-0.00718128168955],[0.000129034480779,-0.00275912322104,0.00016561531811,0.00260292738676,-0.00343749625608,0.00546453567222,-0.00284981913865,-0.00647626165301,0.0261833667755,-0.0177910402417,0.0118779167533,-0.0132184438407,0.0116221904755],[-0.000291224161629,0.00480929249898,-0.00323249748908,0.000921884377021,0.00310784042813,-0.00137280370109,0.0000697856812621,0.0021511616651,-0.0177910402417,0.0413052923977,-0.0290003437549,0.0162459481508,-0.00709562702104],[0.0000182567328011,-0.00413662707433,0.00157900352497,0.00203186669387,-0.00602908013389,0.00298434565775,0.00186536472756,-0.007807334885,0.0118779167533,-0.0290003437549,0.0438274741173,-0.0233409982175,0.00574959442019],[-4.94258472372e-7,0.00434104399756,0.000946159125306,-0.00542637333274,0.00896102190018,-0.00503818551078,-0.00488122878596,0.01096252352,-0.0132184438407,0.0162459481508,-0.0233409982175,0.0395623445511,-0.0144917499274],[0.000152239852468,-0.00163953448646,-0.000828311254736,0.0068806684576,-0.00839921738952,0.00150245928671,0.00288499076851,-0.00718128168955,0.0116221904755,-0.00709562702104,0.00574959442019,-0.0144917499274,0.0300095528364]],"mean":[2.72137951851,92.2559432983,-113.523445129,-6.96920824051,11.0788650513,-12.2330722809,9.32547664642,-22.9986743927,0.307769566774,-6.99524688721,-1.20186579227,-4.10987854004,-8.07798671722]},"hfc":{"dmean":64.1157455444,"dmean2":101.702461243,"dvar":5051.95410156,"dvar2":11542.1845703,"max":1424.19030762,"mean":294.023529053,"median":290.160949707,"min":1.07970833183e-16,"var":21418.5703125},"melbands":{"dmean":[0.0044116540812,0.00231658946723,0.000898439378943,0.000308276212309,0.000144050238305,0.000163675125805,0.000167746460647,0.000168809434399,0.0000934685085667,0.0000978661919362,0.0000952583141043,0.000103759048216,0.000136919799843,0.000194052627194,0.000161157295224,0.00012514986156,0.000113737434731,0.0000911282622837,0.0000480541966681,0.0000303872002405,0.0000265049784502,0.0000261113109445,0.0000229100969591,0.0000166761510627,0.0000162825763255,0.00000974840077106,0.00000815122984932,0.00000530560055267,0.00000368686551155,0.00000256110206465,0.00000180687845841,0.00000106473100914,8.00627617537e-7,5.30051238457e-7,3.00242362528e-7,1.90609569017e-7,1.06901538288e-7,6.6399707066e-8,3.7933112651e-8,2.46221585343e-8],"dmean2":[0.00758477300406,0.0039124195464,0.00148623087443,0.000517149805091,0.000241649802774,0.000271420460194,0.000272830337053,0.00027053616941,0.000156126188813,0.000160876923474,0.000157347982167,0.00016920438793,0.000224504183279,0.000320910126902,0.000266846211161,0.00020904118719,0.0001889073028,0.00015348829038,0.0000819506094558,0.0000511314865435,0.0000444511642854,0.0000439480863861,0.0000389646702388,0.0000284047182504,0.0000288459741569,0.0000165243636729,0.0000139632556966,0.00000883430766407,0.00000605953209742,0.00000408932419305,0.00000291470450975,0.00000172504576312,0.0000012879689848,8.45283864237e-7,4.79531308883e-7,3.04735095824e-7,1.70594034898e-7,1.0753436186e-7,6.24623339718e-8,4.09261105005e-8],"dvar":[0.0000426237857027,0.00000965580966295,0.00000154474992087,2.21922022092e-7,4.97960321866e-8,9.66391837665e-8,1.2257595472e-7,2.43565040137e-7,3.35817986752e-8,6.14329280779e-8,4.45362466905e-8,5.60272894745e-8,6.75165594544e-8,9.22501470768e-8,8.35719546899e-8,7.34043723583e-8,2.77179719177e-8,1.92279472344e-8,5.18351672696e-9,1.59991053739e-9,1.2726415477e-9,1.46049905503e-9,1.55736867846e-9,1.04690422997e-9,6.57987830888e-10,3.07190467508e-10,2.6993829394e-10,1.40184197583e-10,5.80550468809e-11,6.81614348297e-11,2.24864675491e-11,6.05225982178e-12,3.8382682449e-12,1.47482568692e-12,4.49827024587e-13,1.77915150603e-13,6.08860835014e-14,2.6283090152e-14,4.84547103301e-15,1.47578592752e-15],"dvar2":[0.000115455681225,0.0000261209770542,0.00000418869285568,5.94492348682e-7,1.26226780139e-7,2.36841515289e-7,2.91732447977e-7,5.15999943218e-7,8.46356584816e-8,1.51160719497e-7,1.12508978134e-7,1.38253270165e-7,1.7131979746e-7,2.2639815711e-7,2.11793206972e-7,1.88020578662e-7,7.03153801851e-8,4.90989577884e-8,1.3644488206e-8,4.24984625269e-9,3.3743130512e-9,3.69410857459e-9,3.76789932588e-9,2.55406273908e-9,1.73772318757e-9,7.80191744543e-10,6.77983447162e-10,3.41994821351e-10,1.38275099704e-10,1.78460621281e-10,5.91573109943e-11,1.52041226831e-11,9.69919630722e-12,3.61717556949e-12,1.09351330074e-12,4.24962148804e-13,1.39243027915e-13,6.0279194559e-14,1.13236200947e-14,3.63615235334e-15],"max":[0.0581386461854,0.0338982194662,0.0200268924236,0.00684180902317,0.00508078746498,0.00884993560612,0.00608074618503,0.0133196860552,0.00490649510175,0.00797528028488,0.00559463351965,0.00687748612836,0.00591876963153,0.00694601843134,0.00757101736963,0.00936435256153,0.00382262445055,0.00262675038539,0.00146499683615,0.000551182369236,0.000650304660667,0.00141041912138,0.00145351246465,0.000891937408596,0.000390085042454,0.000466648954898,0.000440127594629,0.000401032448281,0.000162812400959,0.000426024314947,0.000206799624721,0.0000484292213514,0.0000538721760677,0.0000242237911152,0.0000128963756652,0.00000782347433415,0.00000504840727444,0.00000449433264293,0.000001679726779,5.34300852451e-7],"mean":[0.005094578024,0.00344481458887,0.00131849292666,0.000440244213678,0.000206988726859,0.000232865320868,0.00026766670635,0.00026915082708,0.000130359621835,0.000131402528496,0.00013320313883,0.000150980704348,0.000214204730582,0.000303938693833,0.000251846533502,0.000189124591998,0.000193253610632,0.000145751328091,0.0000740943287383,0.0000486847384309,0.0000454051296401,0.0000437950438936,0.0000330549373757,0.0000227588134294,0.0000196814817173,0.0000129756081151,0.0000100356246548,0.00000716355498298,0.00000544266003999,0.00000375469653591,0.00000242849318965,0.00000140623524203,0.00000100230704447,6.52624578379e-7,3.62224824357e-7,2.13351810885e-7,1.14439302479e-7,6.67258035492e-8,3.91060979155e-8,2.55168774999e-8],"median":[0.00299154384993,0.00252852984704,0.000883013650309,0.000297931226669,0.000125663951621,0.000128922547447,0.000105627834273,0.0000935753632803,0.0000771756967879,0.0000657849232084,0.000069586058089,0.0000799429180915,0.000133308480144,0.000197450688574,0.000155806890689,0.000118107229355,0.000147507700603,0.00010740407015,0.0000532712292625,0.0000353420473402,0.0000339198377333,0.0000327457673848,0.0000195920656552,0.0000119200913105,0.0000104416303657,0.00000706326045474,0.00000500222586197,0.00000407072639064,0.00000345076796293,0.00000205583069146,0.00000126851705318,7.27048984572e-7,5.07490142354e-7,3.01668706015e-7,1.53262618596e-7,7.84469236237e-8,3.88642398264e-8,2.09331911805e-8,1.52104000506e-8,1.11033280348e-8],"min":[7.80431186892e-25,5.3320508812e-25,1.36040640827e-24,1.50326892099e-24,8.96671468302e-25,1.23548495912e-24,1.97811802365e-24,1.88573846734e-24,2.53707015121e-24,2.50577682796e-24,2.14347214407e-24,2.8447564726e-24,1.92330086821e-24,1.91702311312e-24,2.31777589146e-24,3.20553766887e-24,3.33350451555e-24,3.41064840676e-24,4.77667860443e-24,3.26591885749e-24,3.81744898723e-24,3.62387790387e-24,4.0252483603e-24,3.17424572613e-24,3.98133089598e-24,5.50895530578e-24,4.1059863018e-24,4.55648149337e-24,3.65954269983e-24,5.72536549006e-24,3.61178900493e-24,4.72360207057e-24,4.1673218149e-24,4.19899418581e-24,5.40878653689e-24,5.72511778774e-24,5.04399556064e-24,5.35038953066e-24,5.79422121417e-24,5.83066974344e-24],"var":[0.0000398761621909,0.0000118573061627,0.00000202154114959,2.72509083743e-7,7.68572192555e-8,1.52900710759e-7,2.9552049341e-7,5.86938369906e-7,4.23852100084e-8,6.99563074136e-8,5.0794795925e-8,6.63709656124e-8,9.08492125973e-8,1.57984075599e-7,1.09057317843e-7,8.03811488481e-8,4.09813551983e-8,2.38764314986e-8,6.38399288988e-9,2.30016006242e-9,1.81685833045e-9,2.06302641637e-9,2.08776906874e-9,1.41562883638e-9,7.16028181191e-10,3.74639652634e-10,3.12938064351e-10,1.59378218956e-10,7.13729214619e-11,6.14117437459e-11,2.0344330387e-11,5.89949313359e-12,3.50324847256e-12,1.49448671754e-12,4.71610977267e-13,1.91267425617e-13,6.66786911059e-14,2.78531453408e-14,5.74812101061e-15,1.61766955778e-15]},"melbands_crest":{"dmean":5.28560400009,"dmean2":8.81692314148,"dvar":22.2160949707,"dvar2":58.5748405457,"max":39.1746368408,"mean":15.7357406616,"median":15.0506381989,"min":1.42100465298,"var":36.4525947571},"melbands_flatness_db":{"dmean":0.0336280502379,"dmean2":0.053174726665,"dvar":0.000791508646216,"dvar2":0.00199883850291,"max":0.473893046379,"mean":0.225905150175,"median":0.223317489028,"min":0.000501009868458,"var":0.0030298337806},"melbands_kurtosis":{"dmean":4.7095041275,"dmean2":7.73586750031,"dvar":44.7737426758,"dvar2":106.542228699,"max":184.720291138,"mean":5.30287837982,"median":2.75181150436,"min":-1.70051121712,"var":71.1110534668},"melbands_skewness":{"dmean":0.842859208584,"dmean2":1.35662484169,"dvar":0.585113942623,"dvar2":1.46999323368,"max":11.7702226639,"mean":1.88091146946,"median":1.80645012856,"min":-2.88157868385,"var":2.00949907303},"melbands_spread":{"dmean":8.70273780823,"dmean2":14.2391624451,"dvar":66.7813796997,"dvar2":170.459030151,"max":171.743118286,"mean":28.0005626678,"median":26.477930069,"min":1.35855317116,"var":270.106811523},"mfcc":{"cov":[[13302.6640625,2561.14819336,-201.204544067,1770.74658203,-251.582962036,582.979125977,177.111526489,431.43737793,2.43619465828,271.922637939,193.128723145,265.424407959,219.167831421],[2561.14819336,1473.61132812,-215.858963013,212.199691772,61.8121147156,146.544128418,120.532264709,14.3025417328,86.9658584595,0.843632459641,65.9404144287,54.491268158,51.892993927],[-201.204544067,-215.858963013,467.029449463,45.3372154236,55.3254508972,1.488894701,33.4188346863,20.8688812256,39.2683372498,28.0814743042,14.2148799896,29.0471763611,7.83882522583],[1770.74658203,212.199691772,45.3372154236,653.103149414,-82.6558303833,142.139251709,23.6949272156,110.675811768,10.544216156,70.9033355713,48.3484153748,38.4188728333,56.0705947876],[-251.582962036,61.8121147156,55.3254508972,-82.6558303833,159.210449219,-9.040102005,47.9986038208,-28.0347156525,23.0827045441,-15.5250597,-2.16141581535,-5.73206233978,-9.78443527222],[582.979125977,146.544128418,1.488894701,142.139251709,-9.040102005,138.916687012,26.049905777,46.8857269287,1.94836974144,9.25906181335,-1.63636398315,12.9011678696,6.70441436768],[177.111526489,120.532264709,33.4188346863,23.6949272156,47.9986038208,26.049905777,115.890281677,17.9205951691,28.6224727631,-2.48131966591,7.39402627945,-1.07145905495,7.86899137497],[431.43737793,14.3025417328,20.8688812256,110.675811768,-28.0347156525,46.8857269287,17.9205951691,94.9271774292,8.68082523346,24.8987293243,-2.04025530815,3.08545041084,1.9478110075],[2.43619465828,86.9658584595,39.2683372498,10.544216156,23.0827045441,1.94836974144,28.6224727631,8.68082523346,71.576713562,11.3317174911,15.0146522522,3.17962884903,4.03371429443],[271.922637939,0.843632459641,28.0814743042,70.9033355713,-15.5250597,9.25906181335,-2.48131966591,24.8987293243,11.3317174911,68.611289978,28.8891601562,20.249584198,9.21665382385],[193.128723145,65.9404144287,14.2148799896,48.3484153748,-2.16141581535,-1.63636398315,7.39402627945,-2.04025530815,15.0146522522,28.8891601562,60.1415672302,27.1386699677,21.5757846832],[265.424407959,54.491268158,29.0471763611,38.4188728333,-5.73206233978,12.9011678696,-1.07145905495,3.08545041084,3.17962884903,20.249584198,27.1386699677,59.3239212036,26.8962841034],[219.167831421,51.892993927,7.83882522583,56.0705947876,-9.78443527222,6.70441436768,7.86899137497,1.9478110075,4.03371429443,9.21665382385,21.5757846832,26.8962841034,57.4287796021]],"icov":[[0.000219350142288,-0.000369152170606,-0.0000453353022749,-0.000350572518073,0.000125619961182,0.0000416190487158,-0.0000240453318838,-0.000442280230345,0.00057547527831,-0.000367635308066,0.000180343500688,-0.00035356063745,-0.00000382457028536],[-0.000369152170606,0.00175303337164,0.000860269763507,0.000345356384059,-0.000645188847557,-0.000995593611151,-0.000611279334407,0.00112580752466,-0.00225846702233,0.00118163472507,-0.000985612743534,-0.000307327543851,-0.0000947561857174],[-0.0000453353022749,0.000860269763507,0.00303634465672,-0.000315482640872,-0.00125766627025,-0.000135030277306,-0.000640868034679,-0.000121456949273,-0.00190716201905,-0.000186055520317,0.000138190589496,-0.00196126848459,0.000213104241993],[-0.000350572518073,0.000345356384059,-0.000315482640872,0.00332922139205,0.000724006211385,-0.00199797749519,0.000214244995732,-0.000960029021371,-0.00040529598482,-0.000620664854068,-0.00160910084378,0.00161423510872,-0.00184518040624],[0.000125619961182,-0.000645188847557,-0.00125766627025,0.000724006211385,0.00918495934457,-0.000236269406741,-0.00337159936316,0.00244293455034,-0.000729107996449,0.0000981936827884,0.000434339191997,0.000120615208289,0.00135575188324],[0.0000416190487158,-0.000995593611151,-0.000135030277306,-0.00199797749519,-0.000236269406741,0.0116472793743,-0.00125288660638,-0.00346749043092,0.00158270762768,0.000656169897411,0.00286404555663,-0.00262525654398,0.00153626454994],[-0.0000240453318838,-0.000611279334407,-0.000640868034679,0.000214244995732,-0.00337159936316,-0.00125288660638,0.0124668031931,-0.00294025288895,-0.00236213672906,0.00171135365963,-0.00161621510051,0.0024264708627,-0.00215220055543],[-0.000442280230345,0.00112580752466,-0.000121456949273,-0.000960029021371,0.00244293455034,-0.00346749043092,-0.00294025288895,0.0179890003055,-0.00308998557739,-0.00444408506155,0.00399938970804,0.000920421793126,0.00123490765691],[0.00057547527831,-0.00225846702233,-0.00190716201905,-0.00040529598482,-0.000729107996449,0.00158270762768,-0.00236213672906,-0.00308998557739,0.0202967002988,-0.00308759324253,-0.00268711405806,0.00162201107014,-0.0000601431420364],[-0.000367635308066,0.00118163472507,-0.000186055520317,-0.000620664854068,0.0000981936827884,0.000656169897411,0.00171135365963,-0.00444408506155,-0.00308759324253,0.0236740205437,-0.00991030596197,-0.00334831047803,0.00253191660158],[0.000180343500688,-0.000985612743534,0.000138190589496,-0.00160910084378,0.000434339191997,0.00286404555663,-0.00161621510051,0.00399938970804,-0.00268711405806,-0.00991030596197,0.0291767064482,-0.00776856765151,-0.00396402273327],[-0.00035356063745,-0.000307327543851,-0.00196126848459,0.00161423510872,0.000120615208289,-0.00262525654398,0.0024264708627,0.000920421793126,0.00162201107014,-0.00334831047803,-0.00776856765151,0.0281604751945,-0.00956466887146],[-0.00000382457028536,-0.0000947561857174,0.000213104241993,-0.00184518040624,0.00135575188324,0.00153626454994,-0.00215220055543,0.00123490765691,-0.0000601431420364,0.00253191660158,-0.00396402273327,-0.00956466887146,0.0251568779349]],"mean":[-647.104492188,157.303588867,-49.5028877258,27.6601448059,5.7306060791,28.0292797089,8.61256122589,7.7202091217,0.93141835928,3.13747930527,4.17768478394,6.29047489166,2.42597603798]},"pitch_salience":{"dmean":0.0878044739366,"dmean2":0.145810604095,"dvar":0.00606639683247,"dvar2":0.0163338650018,"max":0.965444028378,"mean":0.579031169415,"median":0.590050339699,"min":0.043700594455,"var":0.0103494646028},"silence_rate_20dB":{"dmean":0,"dmean2":0,"dvar":0,"dvar2":0,"max":1,"mean":1,"median":1,"min":1,"var":0},"silence_rate_30dB":{"dmean":0.08548707515,"dmean2":0.170989602804,"dvar":0.0781800150871,"dvar2":0.188767716289,"max":1,"mean":0.930875599384,"median":1,"min":0,"var":0.0643455460668},"silence_rate_60dB":{"dmean":0.00234953919426,"dmean2":0.00469950307161,"dvar":0.00234420993365,"dvar2":0.00576268183067,"max":1,"mean":0.0736423581839,"median":0,"min":0,"var":0.068227507174},"spectral_centroid":{"dmean":274.351806641,"dmean2":428.101135254,"dvar":79539.2265625,"dvar2":177684.59375,"max":11943.1621094,"mean":1567.46618652,"median":1447.01525879,"min":257.332336426,"var":1109436.5},"spectral_complexity":{"dmean":5.08855962753,"dmean2":7.76466321945,"dvar":21.7419338226,"dvar2":49.1916732788,"max":62,"mean":30.1893920898,"median":31,"min":0,"var":134.695404053},"spectral_contrast_coeffs":{"dmean":[0.0557565316558,0.0467370189726,0.0399009883404,0.0297017619014,0.0215332210064,0.0492886789143],"dmean2":[0.0914105176926,0.0790391266346,0.0673791319132,0.0499216392636,0.0362803190947,0.0769612640142],"dvar":[0.00198340043426,0.00139614578802,0.00100991374347,0.000584510504268,0.000298513361486,0.00168236647733],"dvar2":[0.00528810592368,0.00388250919059,0.00279144919477,0.00158845109399,0.000827876036055,0.00409726332873],"max":[-0.433050394058,-0.452046871185,-0.573972940445,-0.621674954891,-0.670760631561,-0.452279359102],"mean":[-0.705046534538,-0.795305907726,-0.801216602325,-0.797658383846,-0.79821395874,-0.717016756535],"median":[-0.704590082169,-0.802384674549,-0.805867552757,-0.800213575363,-0.797008395195,-0.71257007122],"min":[-0.98028677702,-0.973089039326,-0.976804077625,-0.972337841988,-0.970090568066,-0.965428173542],"var":[0.00488821463659,0.00394870713353,0.0025930411648,0.00171827117447,0.00103159237187,0.0068360180594]},"spectral_contrast_valleys":{"dmean":[0.413241446018,0.367006242275,0.306046724319,0.27617636323,0.358894616365,0.632112205029],"dmean2":[0.686108827591,0.602648615837,0.496439099312,0.442956030369,0.568311095238,0.999682605267],"dvar":[0.114244043827,0.0894913673401,0.0691295266151,0.0641324222088,0.156579524279,0.269017875195],"dvar2":[0.30019107461,0.225412070751,0.160894319415,0.147374227643,0.353624939919,0.700285553932],"max":[-5.0751786232,-4.64206647873,-4.94607639313,-5.02665472031,-5.31254482269,-9.07152843475],"mean":[-7.0639424324,-6.78998661041,-6.77751922607,-6.83163833618,-7.45681285858,-11.3711595535],"median":[-6.42966365814,-6.2835483551,-6.2972407341,-6.38418245316,-6.95061826706,-11.000954628],"min":[-28.222032547,-27.8577022552,-27.6098384857,-27.7539329529,-27.5463562012,-27.4306659698],"var":[7.00775098801,6.02813243866,5.83151531219,5.66192483902,5.89925050735,4.14630079269]},"spectral_decrease":{"dmean":5.88703219506e-9,"dmean2":9.65386526275e-9,"dvar":4.92081937823e-17,"dvar2":1.25942152554e-16,"max":1.44212073394e-8,"mean":-9.03228780658e-9,"median":-7.19158066431e-9,"min":-6.21197102646e-8,"var":6.42697763083e-17},"spectral_energy":{"dmean":0.0220541786402,"dmean2":0.0364328399301,"dvar":0.000674506300129,"dvar2":0.00174205575604,"max":0.267762035131,"mean":0.0607585422695,"median":0.0566722229123,"min":9.73745061753e-21,"var":0.00120225851424},"spectral_energyband_high":{"dmean":0.000479539274238,"dmean2":0.000744633493014,"dvar":5.28070017936e-7,"dvar2":0.00000126620398078,"max":0.0264780074358,"mean":0.00133861694485,"median":0.00117466994561,"min":7.13592962475e-21,"var":0.0000011539980278},"spectral_energyband_low":{"dmean":0.0180899295956,"dmean2":0.0308230873197,"dvar":0.0005186747876,"dvar2":0.00139231793582,"max":0.208855465055,"mean":0.0261960383505,"median":0.0193998403847,"min":7.69741520119e-24,"var":0.000605397915933},"spectral_energyband_middle_high":{"dmean":0.00486838119105,"dmean2":0.00771697796881,"dvar":0.000045291864808,"dvar2":0.000106900806713,"max":0.159019306302,"mean":0.0125604858622,"median":0.0108074415475,"min":1.07334045498e-21,"var":0.0000865847614477},"spectral_energyband_middle_low":{"dmean":0.00373297161423,"dmean2":0.00605160184205,"dvar":0.00002433523332,"dvar2":0.0000605344830547,"max":0.0768139958382,"mean":0.0086787706241,"median":0.00682193646207,"min":1.82207305356e-22,"var":0.0000543446913071},"spectral_entropy":{"dmean":0.124468870461,"dmean2":0.186018586159,"dvar":0.013539343141,"dvar2":0.0288978628814,"max":9.81895065308,"mean":7.6504535675,"median":7.69432258606,"min":6.43725585938,"var":0.119521029294},"spectral_flux":{"dmean":0.0361557230353,"dmean2":0.0571541637182,"dvar":0.00143182720058,"dvar2":0.00295896129683,"max":0.407796502113,"mean":0.146104216576,"median":0.144616007805,"min":6.24794452286e-11,"var":0.00408445298672},"spectral_kurtosis":{"dmean":5.47119188309,"dmean2":8.43163204193,"dvar":32.148147583,"dvar2":79.3005065918,"max":81.2624664307,"mean":24.6373958588,"median":22.9112167358,"min":-1.25385332108,"var":92.9110794067},"spectral_rms":{"dmean":0.00127090653405,"dmean2":0.00205942383036,"dvar":0.00000176309481503,"dvar2":0.00000448306582257,"max":0.0161626506597,"mean":0.00723358709365,"median":0.00743572274223,"min":3.0821992094e-12,"var":0.00000695243170412},"spectral_rolloff":{"dmean":5172.36816406,"dmean2":9882.37890625,"dvar":61825588,"dvar2":139813984,"max":22028.4667969,"mean":16119.328125,"median":20844.140625,"min":21.533203125,"var":69680712},"spectral_skewness":{"dmean":0.429275989532,"dmean2":0.655919909477,"dvar":0.172786742449,"dvar2":0.400746375322,"max":6.69502401352,"mean":3.27325224876,"median":3.18822598457,"min":-0.0822379738092,"var":0.643823623657},"spectral_spread":{"dmean":411099.53125,"dmean2":661405.5625,"dvar":319238832128,"dvar2":725613871104,"max":42157168,"mean":3800273,"median":3439125,"min":1074551.125,"var":14217945022500},"spectral_strongpeak":{"dmean":3.7574365139,"dmean2":7.08142805099,"dvar":197.964126587,"dvar2":514.322875977,"max":132.016906738,"mean":3.06742095947,"median":0.257358849049,"min":0,"var":171.488006592},"zerocrossingrate":{"dmean":0.0437740199268,"dmean2":0.0562496036291,"dvar":0.00143961096182,"dvar2":0.00232312595472,"max":0.75146484375,"mean":0.302199721336,"median":0.3037109375,"min":0.005859375,"var":0.00942591764033}},"metadata":{"audio_properties":{"analysis_sample_rate":44100,"bit_rate":210991,"codec":"mp3","downmix":"mix","equal_loudness":0,"length":256.941467285,"lossless":false,"md5_encoded":"17ecf4dd0815b874d4be09f503d609b6","replay_gain":-11.0385017395,"sample_rate":44100},"tags":{"album":["Christ Illusion"],"albumartist":["Slayer"],"albumartistsort":["Slayer"],"artist":["Slayer"],"asin":["B000G75AE8"],"composer":["King"],"date":["2006"],"encodedby":["EAC"],"file_name":"01-Slayer-Flesh Storm.mp3","genre":["Metal"],"label":["Warner"],"musicbrainz album artist":["Slayer"],"musicbrainz album artist sortname":["Slayer"],"musicbrainz album release country":["US"],"musicbrainz album status":["official"],"musicbrainz album type":["album"],"musicbrainz non-album":["0"],"musicbrainz_albumartistid":["bdacc37b-8633-4bf8-9dd5-4662ee651aec"],"musicbrainz_albumid":["24a80dbb-a639-48e5-80be-9fbf07d4f2bd"],"musicbrainz_artistid":["bdacc37b-8633-4bf8-9dd5-4662ee651aec"],"musicbrainz_recordingid":["9cd3d6a5-a181-4eb7-9ba6-dc208dbba5c9"],"musicip_puid":["c0d828cc-f898-86b3-eac6-28d852390809"],"musicmagic data":["AgEBQcj0qlGjBo4+gP0rVxK/gAGBz51ayY2kGVsXRCAqY4ABgvPDCq+7hgLe6YMQhC2AAWZRgAg//tcSUJDpsMYs+3vB+jyIgqKAAarZljGWJYG3AiAr1YABgkKQtsOookVYfwzjKU+AAYPuw6uzZpdJ7UmhOIFmgAFHiIAFLrLLZ/1D2zjQNOS+qbsPKoglgAE="],"musicmagic fingerprint":["AR8zNM0zsjvyKOEZeBfnEAkO4w9vCwQHfAi8C7UKbgjqCAwIrwmvCTMMvAyjDc8RxhA0DJAOAwlfB1UGewa4BlMF6gRrBFQEYQOrA2EDBwLM1cGpHOhpPeQsdQ2uCOUF/wlOCLcGCgQs/88BkgIrBGMDZwMUAQP/egIVAu4ElAN3AnMCLwSwANYCigLPAkUCSQIhAdQBWQCbASkAnwAWAF0KUzMJunE8BhEZ6FMNzfob8xrsg+/3+dIEofvL+tf8D/tB9Un4vPga7rTuwe7E6Uzlve+57Er2lftQ+yT4Lv3f/W7+TP4g/hT+Qf7n/sX/F+0W73BT1i1/2CHsbQP3AQXzkOqQ8Cb4X/1s/Lb49vps/HD5lvnu/avvsey/7GjlJOiV7Enoe/Q5+xD7xfc9/bj8Q/19/Rj84v3Y/m7+kf9NAOkBFhfX0tVUWymX+iz/NAmQ4uT3+fwE/Y//0PxGAIQB7v/r/X/6fPGn8qvvieX65Ezpw+CB80b7+/2C+cUAFP79//MAXwA1AC7/z//B/47CxyIv8D4NXNeHVG3eFBTGCxTymPSyA/kEJgL6BXMFlgIbBHQEOP2I/t77BP88AXcAcP5N/bb9Nv+2ApACGAHTAq8C5QNYAogCRQHgAeoB8F0212XxSRBK3Yk2jvahBp8KIQO7/YT9E/e9+w4EhwDoAdQCCgt6ACrxF/uM9yH8G/Cg+YHxLPyz/xv94vt9/YMAov49/3AA3QDCAE8AHgAcQ0JBP