{"lowlevel":{"average_loudness":0.778785705566,"barkbands":{"dmean":[0.0038924573455,0.00787588581443,0.00266993953846,0.00119222595822,0.00314003345557,0.00145632098429,0.000597712001763,0.000418287003413,0.000563740497455,0.00058962078765,0.000236134874285,0.000346478132997,0.000245333299972,0.000130766144139,0.00015794528008,0.0000917558791116,0.000131499531562,0.0000918758305488,0.0000770594124333,0.0000450626430393,0.0000249779550359,0.0000189089714695,0.000019202774638,0.0000137726747198,0.00000289340459858,0.0000176411176653,0.0000857672130223],"dmean2":[0.00641306862235,0.0129954973236,0.00469868350774,0.00201094872318,0.00504902983084,0.00217211106792,0.000903948675841,0.000663283397444,0.000893914781045,0.000948952685576,0.000382637954317,0.00056281714933,0.000390983972466,0.000217893801164,0.00025766750332,0.000144786274177,0.000200855763978,0.000138517221785,0.000117997871712,0.000068754539825,0.0000366007589037,0.0000268901603704,0.0000270347336482,0.0000196280197997,0.00000462520802103,0.0000236308533204,0.000133526380523],"dvar":[0.00010878865578,0.000191613085917,0.0000193053037947,0.00000314161866299,0.0000314164462907,0.0000091344163593,0.00000172660111275,0.0000014638878838,0.00000153753444465,0.00000194370272766,6.33793717952e-7,9.50268031374e-7,7.6995524978e-7,7.06343428192e-8,1.31484000576e-7,5.7131458675e-8,2.7401389957e-7,1.11109812906e-7,8.5175940967e-8,1.46499612441e-8,2.06337680275e-9,1.6367813771e-9,1.22207488573e-9,5.59534862887e-10,1.88211304181e-11,8.67415694827e-10,1.75386922763e-8],"dvar2":[0.000258808751823,0.000522049725987,0.0000575473277422,0.00000881770210981,0.0000836614344735,0.0000183934134839,0.00000361629054169,0.00000361626825907,0.00000360872013516,0.00000469392080049,0.00000162050696417,0.00000225556391342,0.00000175885952558,1.76277524133e-7,3.15610748203e-7,1.2288853668e-7,5.83977225688e-7,2.34740340943e-7,1.91573846564e-7,3.41339649879e-8,4.20955359459e-9,3.32270277958e-9,2.51572696008e-9,1.10907283357e-9,4.51224405063e-11,1.60371593783e-9,4.24621227069e-8],"max":[0.19029520452,0.231490150094,0.0981927812099,0.0346806198359,0.137363508344,0.103241123259,0.0662903413177,0.0545986033976,0.0395888499916,0.0422954820096,0.0416591502726,0.0433935262263,0.0358386784792,0.0128801474348,0.0118816308677,0.00837868731469,0.0226114429533,0.0122709088027,0.00950733199716,0.00378136965446,0.00107265613042,0.00123179529328,0.000859638152178,0.000326511042658,0.0000554654798179,0.000431604887126,0.00330338301137],"mean":[0.00594414025545,0.0178068242967,0.00357670406811,0.00182234903332,0.00622688187286,0.00310735148378,0.0012111638207,0.00071497814497,0.00104651250876,0.000997336930595,0.000366584310541,0.000582540873438,0.000403065554565,0.000241468442255,0.000304543762468,0.000189533937373,0.000241812114837,0.000178193760803,0.000152218446601,0.000095022151072,0.0000522065674886,0.0000366644526366,0.0000324617831211,0.0000208170822589,0.00000367116058442,0.0000304817167489,0.000353307434125],"median":[0.00274736480787,0.0135036371648,0.00188114994671,0.000946502201259,0.00335705489852,0.00127169664484,0.000535709143151,0.00028267048765,0.000434671324911,0.000377420801669,0.000164736702573,0.000267617346253,0.000139416486491,0.000114105678222,0.000151145854034,0.0000691821041983,0.0000625579050393,0.0000434408684669,0.0000411124710809,0.0000301737291011,0.0000212701434066,0.0000151526519403,0.0000133592848215,0.00000730565079721,0.00000186016973203,0.0000103068259705,0.000143942117575],"min":[7.387528303e-26,1.6992497772e-24,1.60133636164e-24,4.17971393225e-25,9.25855042224e-24,1.11652075086e-23,8.30172209764e-24,1.09651531719e-23,1.74679111074e-23,1.55560562165e-23,1.15887398289e-23,2.51443102652e-23,1.63538785816e-23,3.65223540238e-23,4.28512556932e-23,5.53294669583e-23,5.91478882166e-23,9.89570911554e-23,1.15440945615e-22,1.86535362313e-22,2.12520793941e-22,2.51508319361e-22,3.92156665181e-22,5.46085162485e-22,8.52681948642e-22,1.24437882782e-21,2.00103896101e-21],"var":[0.000120916825836,0.000336063094437,0.0000248946325883,0.00000643091289021,0.0000943445847952,0.0000369159206457,0.00000586869009567,0.00000310021891892,0.00000346508613802,0.00000396907898903,7.93110643826e-7,0.00000173230318978,0.00000151151425598,1.37582233606e-7,2.67200960025e-7,1.52604798132e-7,6.89607645654e-7,3.14856123396e-7,2.28645063771e-7,4.09217655317e-8,6.73532074558e-9,4.5842747376e-9,2.51945042606e-9,1.05345954182e-9,2.63044031001e-11,2.08972750215e-9,1.91995908949e-7]},"barkbands_crest":{"dmean":2.60691738129,"dmean2":4.24336147308,"dvar":5.21430015564,"dvar2":14.050069809,"max":26.6986579895,"mean":12.5793914795,"median":12.1078968048,"min":2.64864516258,"var":19.4994659424},"barkbands_flatness_db":{"dmean":0.0283867474645,"dmean2":0.0432356037199,"dvar":0.000701035372913,"dvar2":0.00166186736897,"max":0.472621411085,"mean":0.179831266403,"median":0.167112365365,"min":0.0341701582074,"var":0.00519311521202},"barkbands_kurtosis":{"dmean":11.1169490814,"dmean2":18.2044811249,"dvar":964.961914062,"dvar2":2500.23413086,"max":1093.78869629,"mean":23.3106250763,"median":11.4051303864,"min":-1.81775212288,"var":1730.14746094},"barkbands_skewness":{"dmean":0.812767744064,"dmean2":1.2991219759,"dvar":1.16081392765,"dvar2":2.96692180634,"max":27.4608669281,"mean":3.21270847321,"median":2.78077316284,"min":-2.22525691986,"var":4.40516471863},"barkbands_spread":{"dmean":3.82096028328,"dmean2":5.86442947388,"dvar":22.600358963,"dvar2":50.6134567261,"max":123.624084473,"mean":14.8450317383,"median":12.1546850204,"min":0.235379055142,"var":151.444290161},"dissonance":{"dmean":0.0239376891404,"dmean2":0.0403255186975,"dvar":0.000633449177258,"dvar2":0.0017544288421,"max":0.500000119209,"mean":0.455736786127,"median":0.466442465782,"min":0.173697546124,"var":0.0014610288199},"dynamic_complexity":4.17990970612,"erbbands":{"dmean":[0.370864421129,1.38967621326,2.89192175865,3.49172639847,6.96844959259,12.7389097214,10.2937479019,14.1442403793,8.98375701904,7.61070537567,10.7274980545,13.0489997864,13.323217392,18.2221717834,9.28197574615,14.7310380936,11.7112579346,6.7185292244,7.30852127075,6.49803733826,5.12016391754,6.77989292145,5.20415687561,4.62223529816,3.0803732872,2.01001572609,1.3164999485,0.886519491673,0.668881118298,0.640049278736,0.553873538971,0.379988610744,0.168070271611,0.0425593703985,0.017401015386,0.033714145422,0.0420957095921,0.0166438780725,0.00606817798689,0.0022155395709],"dmean2":[0.609041512012,2.27900624275,5.0138092041,6.02045679092,11.0765075684,20.9587745667,16.4709415436,20.7627410889,13.4686031342,11.7392978668,16.7665252686,20.7627429962,21.1989173889,29.3123130798,14.9738044739,23.8330669403,18.5880355835,11.0401983261,11.7802867889,10.5363960266,7.99461078644,10.240237236,7.78178501129,7.03043031693,4.6346654892,3.03712391853,1.97641563416,1.28734874725,0.954445540905,0.910346388817,0.784709990025,0.534018754959,0.244779646397,0.0660144835711,0.0278476979584,0.0489413738251,0.0566982403398,0.0222368091345,0.00838081352413,0.00345771107823],"dvar":[0.617321789265,4.90065670013,23.9158191681,26.3660125732,128.503677368,711.633239746,480.813659668,1087.92089844,399.220306396,281.441040039,836.644714355,762.092346191,1007.44866943,2393.16894531,726.084716797,1767.94274902,1885.39538574,192.589950562,325.152648926,209.012008667,224.222457886,807.233093262,378.428863525,336.119384766,87.9258956909,31.6175727844,7.01262378693,2.95865106583,1.9569593668,1.74510610104,0.965060114861,0.429849535227,0.0814832821488,0.00396970054135,0.000756884168368,0.00308995344676,0.00531492335722,0.000677338684909,0.0000999759649858,0.00000955865107244],"dvar2":[1.69089531898,13.1685905457,67.2874221802,80.3050842285,310.382537842,1964.03417969,1192.52832031,2113.953125,794.946777344,645.133300781,2000.69677734,1887.55603027,2425.90966797,5814.06103516,1735.02929688,4086.51904297,4242.80908203,468.125549316,773.600830078,498.795562744,470.87109375,1697.88659668,796.666259766,761.143188477,179.49949646,73.1956329346,15.6567726135,5.86900615692,3.92112731934,3.59604406357,2.00890779495,0.857202887535,0.165870770812,0.00896870158613,0.00184081750922,0.00632239831612,0.00999724119902,0.00127278105356,0.000208387078601,0.0000228702447203],"max":[13.166683197,29.8328380585,96.28074646,109.671478271,273.588104248,820.198181152,539.391235352,1298.46398926,801.700256348,855.603271484,868.835510254,726.768798828,1111.30725098,1469.47680664,1141.68383789,2251.56591797,1747.10998535,649.163085938,739.792114258,502.246307373,480.166717529,1262.80004883,694.836364746,601.650146484,341.206481934,216.777938843,71.6806640625,48.4949035645,43.0984039307,31.4894561768,21.2545776367,9.09577941895,4.33806371689,0.877436220646,0.376818567514,1.02006959915,1.04397559166,0.412976235151,0.299777656794,0.088887475431],"mean":[0.8490062356,2.68704414368,4.24561023712,5.72878503799,13.0857391357,22.934419632,19.0293540955,30.0782623291,20.0020027161,14.4464740753,19.6006221771,24.4675617218,24.0178394318,31.2327785492,17.1623744965,25.4122028351,20.3763446808,13.4907178879,14.5428686142,13.6997289658,11.3239488602,13.074215889,10.2546005249,9.06849098206,6.43337345123,4.2454829216,2.74432373047,1.80776107311,1.31848800182,1.15151441097,0.913824617863,0.593384385109,0.243987128139,0.0589082017541,0.0216769259423,0.051313418895,0.0703212916851,0.0353887863457,0.0189674217254,0.0129542537034],"median":[0.50623446703,1.88207221031,2.54047060013,3.66890907288,7.16573524475,10.7970981598,8.67898750305,10.9781293869,8.86019992828,6.72749328613,7.88000106812,10.9514455795,11.3129453659,11.5925388336,9.20381736755,11.3317127228,7.63309240341,6.69607973099,7.29172039032,6.59351015091,4.23600530624,3.2724366188,2.40930747986,2.2245850563,2.03678035736,1.40338099003,1.00794506073,0.746443152428,0.54565423727,0.473094522953,0.368510037661,0.210778817534,0.0867356806993,0.029291447252,0.011152532883,0.0191851370037,0.0218847114593,0.0138366017491,0.00719783268869,0.00659110303968],"min":[8.21918720989e-23,3.5413293846e-22,2.84851882005e-21,1.42098330224e-21,6.14701177643e-21,2.63758122072e-20,4.09383705121e-20,7.50403000566e-20,1.1533841985e-19,1.55575690169e-19,1.8386755479e-19,3.54214066986e-19,4.06284569558e-19,8.2675321867e-19,1.031368389e-18,1.40713844671e-18,1.50978266854e-18,2.62078239094e-18,2.23283985353e-18,3.27379867795e-18,3.42093074108e-18,3.95157496224e-18,5.60044908476e-18,6.63824849283e-18,5.87750992221e-18,8.82550428396e-18,9.44291520189e-18,9.54037610321e-18,8.47183576844e-18,9.22457922485e-18,1.17212708754e-17,8.65687193556e-18,9.01115173756e-18,8.26124468347e-18,6.24421273623e-18,4.28957254106e-18,2.15488076914e-18,9.17989430777e-19,2.49736968019e-19,2.75752677163e-20],"var":[1.04292178154,8.09949016571,30.9972743988,45.5303039551,339.588623047,2050.78808594,1237.83496094,4490.20605469,1876.23974609,773.885437012,1999.77172852,1722.52355957,1859.11938477,4852.578125,1213.34387207,3722.91674805,3857.89257812,412.41003418,646.534851074,509.889770508,638.029663086,2081.27709961,1109.31591797,912.978088379,280.384613037,86.7366409302,21.328371048,9.19597148895,5.77770376205,4.11668205261,1.92923772335,0.830330908298,0.148364439607,0.00656609935686,0.000980723649263,0.00614875042811,0.0119313001633,0.00235582957976,0.000844863592647,0.00017828179989]},"erbbands_crest":{"dmean":2.44549870491,"dmean2":3.93501377106,"dvar":5.22495031357,"dvar2":13.2535791397,"max":30.8541603088,"mean":9.05194664001,"median":7.87944793701,"min":2.25941634178,"var":20.9198055267},"erbbands_flatness_db":{"dmean":0.0237897280604,"dmean2":0.0351105928421,"dvar":0.00054134556558,"dvar2":0.0012218747288,"max":0.413215816021,"mean":0.14254629612,"median":0.127817973495,"min":0.0333838313818,"var":0.00329676852562},"erbbands_kurtosis":{"dmean":2.38638448715,"dmean2":3.89369463921,"dvar":87.1346893311,"dvar2":234.682144165,"max":277.371856689,"mean":3.4048333168,"median":0.410089969635,"min":-1.74585187435,"var":169.518936157},"erbbands_skewness":{"dmean":0.395234435797,"dmean2":0.613340914249,"dvar":0.268382966518,"dvar2":0.677021980286,"max":13.7351503372,"mean":0.784037053585,"median":0.552398920059,"min":-3.57145214081,"var":1.62202823162},"erbbands_spread":{"dmean":6.83808326721,"dmean2":10.2518806458,"dvar":58.7720184326,"dvar2":118.210922241,"max":131.411468506,"mean":31.0600967407,"median":29.4843292236,"min":1.24394321442,"var":271.033294678},"gfcc":{"cov":[[32166.9667969,796.411193848,-2946.40673828,552.815490723,723.596923828,537.053771973,1259.68041992,430.267242432,624.481628418,287.441162109,137.460647583,385.98526001,-281.625030518],[796.411193848,1098.64672852,40.332118988,-292.571838379,32.1068382263,-91.4442138672,-20.7540302277,-50.7542152405,8.46184253693,-48.3361549377,55.8144493103,-63.55834198,78.8728637695],[-2946.40673828,40.332118988,707.598693848,57.5939292908,-185.866256714,23.6440868378,-162.450195312,19.8904590607,-76.6952590942,1.49751627445,-17.1818580627,-35.1239547729,35.961025238],[552.815490723,-292.571838379,57.5939292908,425.909729004,101.101783752,63.6351127625,126.193634033,98.6836166382,26.9931812286,45.4934196472,7.96267271042,46.8277435303,-47.8424682617],[723.596923828,32.1068382263,-185.866256714,101.101783752,285.633392334,77.4781723022,150.31300354,39.0746803284,59.0267105103,14.2611303329,30.6095523834,7.22420024872,13.9930438995],[537.053771973,-91.4442138672,23.6440868378,63.6351127625,77.4781723022,253.863601685,89.0896148682,97.7278137207,19.8335437775,48.9285240173,-0.0193561781198,23.8622875214,-3.58070755005],[1259.68041992,-20.7540302277,-162.450195312,126.193634033,150.31300354,89.0896148682,236.958053589,85.1203308105,84.2912063599,25.4812812805,20.1741142273,34.3460121155,-21.1024303436],[430.267242432,-50.7542152405,19.8904590607,98.6836166382,39.0746803284,97.7278137207,85.1203308105,156.041717529,58.863445282,58.6718292236,14.3919401169,23.0657081604,7.33830595016],[624.481628418,8.46184253693,-76.6952590942,26.9931812286,59.0267105103,19.8335437775,84.2912063599,58.863445282,121.09047699,59.3870315552,26.5754318237,28.3263874054,1.64214360714],[287.441162109,-48.3361549377,1.49751627445,45.4934196472,14.2611303329,48.9285240173,25.4812812805,58.6718292236,59.3870315552,102.229751587,48.2612304688,26.7486667633,6.22583293915],[137.460647583,55.8144493103,-17.1818580627,7.96267271042,30.6095523834,-0.0193561781198,20.1741142273,14.3919401169,26.5754318237,48.2612304688,67.3317718506,32.7055931091,11.0278310776],[385.98526001,-63.55834198,-35.1239547729,46.8277435303,7.22420024872,23.8622875214,34.3460121155,23.0657081604,28.3263874054,26.7486667633,32.7055931091,66.8332748413,6.93375873566],[-281.625030518,78.8728637695,35.961025238,-47.8424682617,13.9930438995,-3.58070755005,-21.1024303436,7.33830595016,1.64214360714,6.22583293915,11.0278310776,6.93375873566,68.9953460693]],"icov":[[0.0000921325263334,-0.000250902201515,0.000483970332425,-0.000322183972457,0.000306354864733,-0.000262794404989,-0.0000505192219862,0.0000398253177991,-0.0000718711380614,-0.00023088301532,0.000366175081581,-0.000282741588308,0.000084204308223],[-0.000250902201515,0.00234851520509,-0.00152788008563,0.00159147847444,-0.000547837058548,0.000610966817476,-0.000410652370192,-0.000232737293118,-0.000923930667341,0.00320704653859,-0.00502670975402,0.0036303261295,-0.00159578502644],[0.000483970332425,-0.00152788008563,0.00567331863567,-0.00431262329221,0.00487204268575,-0.00373341958039,0.00164042389952,0.000383948092349,-0.00200304226018,0.00171487871557,-0.0019626498688,0.00302484165877,-0.00304367020726],[-0.000322183972457,0.00159147847444,-0.00431262329221,0.00825492851436,-0.00624194135889,0.00498580886051,-0.00255620200187,-0.00327766896226,0.00550568383187,-0.00534883188084,0.00557918706909,-0.00689069461077,0.00608130637556],[0.000306354864733,-0.000547837058548,0.00487204268575,-0.00624194135889,0.0128443967551,-0.00663420045748,-0.00184105650987,0.00339991715737,-0.00676649622619,0.00848747976124,-0.0117955729365,0.0115472227335,-0.00874480325729],[-0.000262794404989,0.000610966817476,-0.00373341958039,0.00498580886051,-0.00663420045748,0.0107181286439,-0.00296551641077,-0.00448958994821,0.00791871547699,-0.00963655393571,0.0104657793418,-0.00852950848639,0.00496974028647],[-0.0000505192219862,-0.000410652370192,0.00164042389952,-0.00255620200187,-0.00184105650987,-0.00296551641077,0.0122571950778,-0.0027957810089,-0.00635963818058,0.00654868176207,-0.00365418288857,0.000129834355903,0.00203291489743],[0.0000398253177991,-0.000232737293118,0.000383948092349,-0.00327766896226,0.00339991715737,-0.00448958994821,-0.0027957810089,0.0140347583219,-0.004609384574,-0.0020633705426,-0.000663834391162,0.00352624920197,-0.00526703288779],[-0.0000718711380614,-0.000923930667341,-0.00200304226018,0.00550568383187,-0.00676649622619,0.00791871547699,-0.00635963818058,-0.004609384574,0.0240239668638,-0.0195323023945,0.0157125964761,-0.0132837956771,0.00596727011725],[-0.00023088301532,0.00320704653859,0.00171487871557,-0.00534883188084,0.00848747976124,-0.00963655393571,0.00654868176207,-0.0020633705426,-0.0195323023945,0.0412485189736,-0.0363459475338,0.0193506833166,-0.0086029805243],[0.000366175081581,-0.00502670975402,-0.0019626498688,0.00557918706909,-0.0117955729365,0.0104657793418,-0.00365418288857,-0.000663834391162,0.0157125964761,-0.0363459475338,0.0582479201257,-0.0339517816901,0.0110287563875],[-0.000282741588308,0.0036303261295,0.00302484165877,-0.00689069461077,0.0115472227335,-0.00852950848639,0.000129834355903,0.00352624920197,-0.0132837956771,0.0193506833166,-0.0339517816901,0.0430467762053,-0.0151080712676],[0.000084204308223,-0.00159578502644,-0.00304367020726,0.00608130637556,-0.00874480325729,0.00496974028647,0.00203291489743,-0.00526703288779,0.00596727011725,-0.0086029805243,0.0110287563875,-0.0151080712676,0.0260681733489]],"mean":[-39.9895095825,104.919822693,-65.3605804443,0.886444151402,-22.0565032959,-9.32698249817,-10.8134269714,-13.8854255676,-5.33446455002,-10.4687185287,-4.52007913589,-0.844541013241,-3.82767963409]},"hfc":{"dmean":32.7771568298,"dmean2":52.2954063416,"dvar":1557.82092285,"dvar2":3988.26391602,"max":766.063842773,"mean":150.590270996,"median":113.152824402,"min":1.05645343931e-16,"var":15414.0917969},"melbands":{"dmean":[0.00276783597656,0.00151885021478,0.000619626895059,0.000715570175089,0.000401831959607,0.000297130056424,0.000134431000333,0.0000795921296231,0.0000900910672499,0.0000856648548506,0.0000681814926793,0.0000788785691839,0.0000303469969367,0.0000382931975764,0.0000332616291416,0.0000215266300074,0.0000135023237817,0.000011842153981,0.0000115325656225,0.00000732532043912,0.00000678282322042,0.00000789517252997,0.00000617823616267,0.00000427787517765,0.00000406686876886,0.00000277437356999,0.00000197815847969,0.00000129719421693,0.00000100800605196,6.39464644792e-7,5.25940492935e-7,4.04451640179e-7,3.71191987369e-7,3.66776134797e-7,3.44368345395e-7,2.85092937702e-7,2.20651926952e-7,1.37636760655e-7,6.8441863732e-8,2.54391050447e-8],"dmean2":[0.00454829446971,0.00256976042874,0.00104703276884,0.0011517398525,0.000648251443636,0.000438013928942,0.000201448143343,0.00012393668294,0.000140776552144,0.000136480273795,0.000108542270027,0.00012713491742,0.0000492951585329,0.0000621426297585,0.0000532555422978,0.0000344890249835,0.000022570406145,0.0000193549749383,0.0000187961595657,0.0000119189517136,0.0000107261885205,0.000012218421034,0.00000945857391343,0.00000658071121507,0.0000063242955548,0.00000425736834586,0.00000307203436023,0.00000200833642339,0.00000156038845489,9.63379761743e-7,7.79506990511e-7,5.94578693836e-7,5.41616600458e-7,5.35093533927e-7,5.02632644839e-7,4.04771100193e-7,3.18843262903e-7,2.03511532959e-7,1.04356999486e-7,4.07383602408e-8],"dvar":[0.0000306093315885,0.00000586682926951,7.61396904636e-7,0.00000148850222104,7.82119570886e-7,4.4046149128e-7,8.79276740307e-8,3.60241614317e-8,5.0485013503e-8,3.46983419774e-8,2.60799648544e-8,4.49192540941e-8,9.01406949083e-9,1.23922561102e-8,1.10807993892e-8,5.22231546896e-9,7.56897100551e-10,8.35902180807e-10,7.08563041574e-10,3.07850300807e-10,4.44391551335e-10,1.09277997762e-9,6.09382433403e-10,2.36861835701e-10,2.77309203378e-10,8.37556343725e-11,3.19687436245e-11,1.286271957e-11,4.79343474635e-12,1.37465505558e-12,1.20621503237e-12,8.02412335795e-13,6.22651236126e-13,6.00488408997e-13,4.17817012542e-13,2.32481731349e-13,1.55073314758e-13,5.85473577713e-14,1.31936088031e-14,1.50781976067e-15],"dvar2":[0.0000830874560052,0.0000159197807079,0.00000221171512749,0.00000392888341594,0.00000204078537536,8.56761062096e-7,1.76667128926e-7,8.55918358411e-8,1.16932554306e-7,8.58606341581e-8,6.26951788263e-8,1.09001639714e-7,2.27597016789e-8,2.99440436891e-8,2.47697187206e-8,1.19732899151e-8,1.91116056314e-9,2.0151285085e-9,1.72635494788e-9,7.29580951209e-10,9.93736537502e-10,2.43560260849e-9,1.29391064529e-9,5.3809490197e-10,6.562520527e-10,1.82932224924e-10,7.29787688614e-11,3.13721236489e-11,1.1509765363e-11,3.06476025114e-12,2.50200901664e-12,1.7156831511e-12,1.30258390879e-12,1.29378723446e-12,9.1310140872e-13,4.78621753775e-13,3.17260920226e-13,1.22533222718e-13,2.88032909969e-14,3.62848289351e-15],"max":[0.0964537858963,0.0411078855395,0.0162586104125,0.0356324575841,0.0224597323686,0.0250985417515,0.0108918137848,0.0101972408593,0.00733721768484,0.00463878875598,0.00567008927464,0.0066432422027,0.00383332464844,0.00390397640876,0.00416761729866,0.00271462579258,0.0013524988899,0.00122784194537,0.000815496954601,0.000641992548481,0.000668271910399,0.00157297449186,0.000828416435979,0.000485502619995,0.000567614159081,0.00030032361974,0.000186766992556,0.000135630281875,0.0000631579896435,0.0000343899446307,0.0000304926525132,0.0000285758105747,0.0000197073259187,0.0000204647894861,0.0000152842603711,0.0000080144882304,0.00000537861205885,0.00000380759570362,0.00000173936928149,5.12923350016e-7],"mean":[0.00636223051697,0.00266598095186,0.00115720892791,0.00135382683948,0.000766311830375,0.000648200744763,0.000296587939374,0.000147556158481,0.000163067161338,0.0001556641364,0.00011957994866,0.000131058943225,0.0000513918639626,0.0000649820358376,0.0000574727346248,0.0000355311094609,0.0000241788238782,0.0000221086665988,0.0000218839195441,0.0000147908694998,0.0000132204559122,0.0000141012469612,0.0000110891942313,0.00000793464369053,0.0000074024087553,0.00000522556501892,0.00000384066379411,0.00000255044074038,0.00000191237154468,0.0000012217958556,9.84809958027e-7,7.45550039483e-7,6.80855464452e-7,6.14947850863e-7,5.45085015347e-7,4.50899989346e-7,3.23492400867e-7,1.91949823147e-7,9.45288860521e-8,3.17208979084e-8],"median":[0.00451856805012,0.00197040103376,0.000778889516369,0.00073264510138,0.000350808608346,0.000248279451625,0.000133466135594,0.0000681668971083,0.000062728919147,0.000066275766585,0.0000543581518286,0.0000457583737443,0.0000265624948952,0.0000302173211821,0.0000232832808251,0.0000129600330183,0.0000113305513878,0.0000106374709503,0.0000107215855678,0.00000586403075431,0.00000471820931125,0.00000360375020136,0.00000215925842895,0.00000203030299417,0.0000016858066374,0.00000151915241986,0.00000116450132737,8.26724090075e-7,6.4785996301e-7,4.91037326356e-7,3.89393420619e-7,2.97758191437e-7,2.73396778994e-7,2.48258515967e-7,2.1554691898e-7,1.65784641126e-7,1.08991741854e-7,6.3234352865e-8,3.73668278542e-8,1.5770027062e-8],"min":[1.24104978116e-24,1.07322100408e-24,3.60090745761e-25,1.25656983061e-24,1.2819315115e-24,2.15889141654e-24,1.88222606416e-24,1.78245882548e-24,1.12612665094e-24,2.57194194474e-24,1.97885225594e-24,2.83472531733e-24,3.09716928252e-24,3.37624105509e-24,2.48789473174e-24,2.49201791048e-24,4.50213134358e-24,3.03452741576e-24,3.55238541219e-24,2.6928457253e-24,3.70085455658e-24,3.0762212784e-24,4.32510582886e-24,4.2591858506e-24,4.49891239666e-24,3.26144108578e-24,4.71179282282e-24,5.18581657976e-24,4.38671783771e-24,3.96716532071e-24,3.59475868128e-24,4.14009033645e-24,5.47897425264e-24,5.08970295035e-24,5.22120487996e-24,5.65941632395e-24,5.04132329433e-24,5.44468680783e-24,5.60238404709e-24,6.14177400192e-24],"var":[0.0000490590100526,0.00000828884549264,0.00000162731248565,0.00000427664326708,0.000002179548801,0.00000188588830952,3.83245662761e-7,8.43302530029e-8,1.2568742136e-7,7.74002160142e-8,4.75246757503e-8,9.1223917309e-8,1.26501946696e-8,2.08820427616e-8,2.56020236122e-8,9.88996706752e-9,1.37774391895e-9,1.57765389641e-9,1.40152056627e-9,7.20524306885e-10,1.04957498248e-9,2.4475788063e-9,1.6382075696e-9,6.05133387843e-10,6.65787036613e-10,2.3267521243e-10,8.15160924872e-11,3.13254283624e-11,1.21069577974e-11,3.7481862232e-12,3.20861197854e-12,2.05124740978e-12,1.59590266349e-12,1.2002308869e-12,7.48915198519e-13,4.61926124521e-13,2.69773271647e-13,9.94022504824e-14,2.20997960193e-14,2.04577790289e-15]},"melbands_crest":{"dmean":3.60922765732,"dmean2":5.89607000351,"dvar":11.7085056305,"dvar2":30.9101009369,"max":37.843914032,"mean":18.7590751648,"median":18.0364322662,"min":1.00305891037,"var":46.1447486877},"melbands_flatness_db":{"dmean":0.0344270803034,"dmean2":0.0521657466888,"dvar":0.000974353577476,"dvar2":0.00230341986753,"max":0.604303896427,"mean":0.296442508698,"median":0.286454409361,"min":-1.12172443778e-7,"var":0.00764247449115},"melbands_kurtosis":{"dmean":12.3363647461,"dmean2":19.8835372925,"dvar":880.772521973,"dvar2":2198.80493164,"max":971.604858398,"mean":25.705083847,"median":13.1226997375,"min":-1.71662378311,"var":2072.95141602},"melbands_skewness":{"dmean":0.860473811626,"dmean2":1.36088609695,"dvar":0.941811859608,"dvar2":2.34560751915,"max":23.2907848358,"mean":3.32778167725,"median":2.91900038719,"min":-0.886742532253,"var":4.18377017975},"melbands_spread":{"dmean":3.06973218918,"dmean2":4.784096241,"dvar":22.7812194824,"dvar2":49.7587547302,"max":171.04977417,"mean":11.3132410049,"median":8.00580978394,"min":0.267579317093,"var":249.306884766},"mfcc":{"cov":[[16520.3808594,1059.32641602,-1864.5098877,569.774230957,-185.420349121,714.751647949,366.890991211,873.975341797,258.514770508,791.743469238,243.989517212,486.31036377,174.601699829],[1059.32641602,1649.53991699,-19.2387962341,-149.957092285,33.0162582397,-14.1915817261,19.8124065399,-5.66732168198,37.3808097839,-15.3516025543,42.9540481567,-6.523229599,36.6679878235],[-1864.5098877,-19.2387962341,761.899291992,-24.7783279419,22.7381896973,-96.4603271484,-45.5278282166,-95.5818939209,-27.7092380524,-59.3946380615,-25.1010074615,-45.9391174316,-32.2362251282],[569.774230957,-149.957092285,-24.7783279419,376.761627197,24.6339645386,36.785736084,45.8267440796,82.4231948853,9.21646404266,54.7707328796,35.840473175,20.6358547211,17.344499588],[-185.420349121,33.0162582397,22.7381896973,24.6339645386,133.907318115,37.0568389893,45.8179206848,0.101881533861,31.474149704,-2.81315851212,11.5447540283,3.38252139091,14.5842170715],[714.751647949,-14.1915817261,-96.4603271484,36.785736084,37.0568389893,154.506774902,74.0111846924,79.7276535034,26.8888378143,62.1199569702,9.48785591125,35.9441223145,16.2253398895],[366.890991211,19.8124065399,-45.5278282166,45.8267440796,45.8179206848,74.0111846924,135.35697937,76.1616287231,44.0351295471,31.7192325592,28.5959014893,16.587387085,14.3624620438],[873.975341797,-5.66732168198,-95.5818939209,82.4231948853,0.101881533861,79.7276535034,76.1616287231,158.501983643,59.2725601196,77.1265182495,29.3189048767,36.6079330444,8.87118816376],[258.514770508,37.3808097839,-27.7092380524,9.21646404266,31.474149704,26.8888378143,44.0351295471,59.2725601196,99.1138076782,59.1088829041,26.335187912,13.7553005219,16.1089324951],[791.743469238,-15.3516025543,-59.3946380615,54.7707328796,-2.81315851212,62.1199569702,31.7192325592,77.1265182495,59.1088829041,132.413223267,43.3330078125,47.7963523865,19.1973342896],[243.989517212,42.9540481567,-25.1010074615,35.840473175,11.5447540283,9.48785591125,28.5959014893,29.3189048767,26.335187912,43.3330078125,83.7934646606,37.8283348083,27.4828853607],[486.31036377,-6.523229599,-45.9391174316,20.6358547211,3.38252139091,35.9441223145,16.587387085,36.6079330444,13.7553005219,47.7963523865,37.8283348083,73.6290054321,30.8371562958],[174.601699829,36.6679878235,-32.2362251282,17.344499588,14.5842170715,16.2253398895,14.3624620438,8.87118816376,16.1089324951,19.1973342896,27.4828853607,30.8371562958,57.3088264465]],"icov":[[0.000168075232068,-0.000145827390952,0.00027751995367,-0.000140221673064,0.000218986882828,-0.000165438876138,-0.0000317867343256,-0.000333521689754,0.00021746357379,-0.000567458278965,0.000269718846539,-0.000524848990608,0.000112510489998],[-0.000145827390952,0.000794666062575,-0.000228658638662,0.000464583339635,-0.000341959035723,0.000210065452848,0.0000419727512053,0.0000791290440247,-0.000244042254053,0.000616297998931,-0.000714896712452,0.000890288734809,-0.000602676765993],[0.00027751995367,-0.000228658638662,0.00198048702441,-0.000311028619763,-0.000152377819177,0.000547039322555,-0.000213601219002,0.0000725747013348,0.000384186540032,-0.00112381833605,0.00057278922759,-0.000767551595345,0.000841932662297],[-0.000140221673064,0.000464583339635,-0.000311028619763,0.00371335772797,-0.0015222420916,0.00103526888415,-0.000171095365658,-0.00225061643869,0.0023025139235,-0.00109218875878,-0.00111958675552,0.00192061637063,-0.00146120251156],[0.000218986882828,-0.000341959035723,-0.000152377819177,-0.0015222420916,0.0116253783926,-0.00420247996226,-0.00246383878402,0.00382983149029,-0.00549189560115,0.00300579401664,-0.000554380007088,-0.0015389630571,-0.000186642777408],[-0.000165438876138,0.000210065452848,0.000547039322555,0.00103526888415,-0.00420247996226,0.0142258498818,-0.00497707910836,-0.00352434581146,0.00471394602209,-0.00543685257435,0.00465196417645,-0.00180075282697,-0.00156699225772],[-0.0000317867343256,0.0000419727512053,-0.000213601219002,-0.000171095365658,-0.00246383878402,-0.00497707910836,0.0143444454297,-0.00473142229021,-0.00263302610256,0.00353432865813,-0.00413538515568,0.00234310911037,-0.000546240014955],[-0.000333521689754,0.0000791290440247,0.0000725747013348,-0.00225061643869,0.00382983149029,-0.00352434581146,-0.00473142229021,0.0166376307607,-0.00718310242519,-0.000128215164295,-0.0000607697547821,-0.0030073239468,0.00403037713841],[0.00021746357379,-0.000244042254053,0.000384186540032,0.0023025139235,-0.00549189560115,0.00471394602209,-0.00263302610256,-0.00718310242519,0.0216632634401,-0.010406347923,0.000128588828375,0.00471878889948,-0.00435655610636],[-0.000567458278965,0.000616297998931,-0.00112381833605,-0.00109218875878,0.00300579401664,-0.00543685257435,0.00353432865813,-0.000128215164295,-0.010406347923,0.0204798206687,-0.00559036713094,-0.00407423917204,0.00187937077135],[0.000269718846539,-0.000714896712452,0.00057278922759,-0.00111958675552,-0.000554380007088,0.00465196417645,-0.00413538515568,-0.0000607697547821,0.000128588828375,-0.00559036713094,0.020818836987,-0.00801136158407,-0.00366998859681],[-0.000524848990608,0.000890288734809,-0.000767551595345,0.00192061637063,-0.0015389630571,-0.00180075282697,0.00234310911037,-0.0030073239468,0.00471878889948,-0.00407423917204,-0.00801136158407,0.0283327382058,-0.0105690248311],[0.000112510489998,-0.000602676765993,0.000841932662297,-0.00146120251156,-0.000186642777408,-0.00156699225772,-0.000546240014955,0.00403037713841,-0.00435655610636,0.00187937077135,-0.00366998859681,-0.0105690248311,0.0264541842043]],"mean":[-697.878723145,161.690444946,11.9506311417,25.9152393341,6.44575977325,13.3698425293,-0.296702951193,7.97114658356,-3.3140039444,4.63206720352,-5.72854471207,0.226575016975,-1.94035828114]},"pitch_salience":{"dmean":0.0722988992929,"dmean2":0.118680588901,"dvar":0.0042788349092,"dvar2":0.0115713076666,"max":0.996060788631,"mean":0.515338778496,"median":0.528731048107,"min":0.113180801272,"var":0.0166364554316},"silence_rate_20dB":{"dmean":0,"dmean2":0,"dvar":0,"dvar2":0,"max":1,"mean":1,"median":1,"min":1,"var":0},"silence_rate_30dB":{"dmean":0.0529124066234,"dmean2":0.105832651258,"dvar":0.0501168593764,"dvar2":0.116441264749,"max":1,"mean":0.937902927399,"median":1,"min":0,"var":0.058233525604},"silence_rate_60dB":{"dmean":0.00266785244457,"dmean2":0.00533610023558,"dvar":0.00266121863388,"dvar2":0.006347136572,"max":1,"mean":0.108781032264,"median":0,"min":0,"var":0.096954934299},"spectral_centroid":{"dmean":141.233627319,"dmean2":213.62852478,"dvar":39799.2773438,"dvar2":77007.3515625,"max":11841.4638672,"mean":818.937561035,"median":635.958312988,"min":161.260345459,"var":1113752.375},"spectral_complexity":{"dmean":2.58040618896,"dmean2":4.03290605545,"dvar":7.87345838547,"dvar2":15.478266716,"max":57,"mean":16.337310791,"median":15,"min":0,"var":105.957473755},"spectral_contrast_coeffs":{"dmean":[0.051473159343,0.0460850633681,0.0362755134702,0.0268804114312,0.0230820663273,0.0271412562579],"dmean2":[0.085983350873,0.0754225924611,0.0603951252997,0.044716373086,0.0376562103629,0.0408085733652],"dvar":[0.00165592355188,0.00131810212042,0.000821570982225,0.000459991482785,0.000452261010651,0.000674991577398],"dvar2":[0.00460305064917,0.00349300750531,0.00227192626335,0.00121876480989,0.00113773101475,0.00141003204044],"max":[-0.35268047452,-0.423508375883,-0.545252978802,-0.608379483223,-0.603559851646,-0.440495759249],"mean":[-0.671064853668,-0.757857143879,-0.805521965027,-0.833283782005,-0.840238630772,-0.784035563469],"median":[-0.681732058525,-0.762143194675,-0.806175231934,-0.827298462391,-0.83173429966,-0.778411030769],"min":[-0.98389595747,-0.994991064072,-0.997818470001,-0.988478124142,-0.989237308502,-0.965699791908],"var":[0.00881440378726,0.00506650935858,0.00341068487614,0.00263832695782,0.00259698065929,0.0045846872963]},"spectral_contrast_valleys":{"dmean":[0.359416335821,0.340070873499,0.305761873722,0.294924408197,0.364335536957,0.487938672304],"dmean2":[0.603697896004,0.549028217793,0.498243272305,0.473222076893,0.547862648964,0.751745402813],"dvar":[0.096631616354,0.0778215304017,0.0746522769332,0.098814830184,0.156630128622,0.194556921721],"dvar2":[0.260712921619,0.194903373718,0.179261431098,0.231606885791,0.357773721218,0.46763074398],"max":[-4.92875099182,-4.59738492966,-5.1265707016,-5.50379705429,-5.46031141281,-9.10784244537],"mean":[-6.96296262741,-6.84592199326,-7.43428564072,-8.01706790924,-8.32641410828,-11.1598949432],"median":[-6.3288564682,-6.35557365417,-6.85322904587,-7.44423294067,-7.74061965942,-10.6917009354],"min":[-28.2513999939,-28.145198822,-27.6993675232,-27.6979732513,-27.5462608337,-27.4095039368],"var":[6.22439432144,5.45899391174,5.62150907516,5.56269454956,5.49647808075,3.79902243614]},"spectral_decrease":{"dmean":3.685697747e-9,"dmean2":6.02260996629e-9,"dvar":3.44728777596e-17,"dvar2":8.93510505338e-17,"max":2.4056499015e-9,"mean":-1.00913588597e-8,"median":-8.76711947484e-9,"min":-9.89105473082e-8,"var":6.69968253518e-17},"spectral_energy":{"dmean":0.0140597652644,"dmean2":0.0230012852699,"dvar":0.000493443745654,"dvar2":0.00127803836949,"max":0.381834208965,"mean":0.0517460480332,"median":0.0482229925692,"min":9.89142818829e-21,"var":0.00126801407896},"spectral_energyband_high":{"dmean":0.00014193097013,"dmean2":0.000189098325791,"dvar":4.34728164578e-8,"dvar2":7.92272984995e-8,"max":0.00493551231921,"mean":0.000424266239861,"median":0.000210969388718,"min":7.00946388729e-21,"var":2.91303024369e-7},"spectral_energyband_low":{"dmean":0.0114262681454,"dmean2":0.0190533585846,"dvar":0.000399811688112,"dvar2":0.00107197754551,"max":0.336615055799,"mean":0.0269076619297,"median":0.0218544919044,"min":1.236374597e-23,"var":0.00061787274899},"spectral_energyband_middle_high":{"dmean":0.00115924433339,"dmean2":0.00174458161928,"dvar":0.00000574178557144,"dvar2":0.0000119291589726,"max":0.060386557132,"mean":0.00358261261135,"median":0.00211462634616,"min":1.142582702e-21,"var":0.0000247207190114},"spectral_energyband_middle_low":{"dmean":0.00469586160034,"dmean2":0.00734601682052,"dvar":0.0000466666606371,"dvar2":0.000117178809887,"max":0.154583871365,"mean":0.0143830114976,"median":0.0104023981839,"min":1.56396824144e-22,"var":0.000225012001465},"spectral_entropy":{"dmean":0.23969706893,"dmean2":0.357738286257,"dvar":0.0672718808055,"dvar2":0.150251999497,"max":9.82145404816,"mean":7.24039173126,"median":7.43824338913,"min":4.38093852997,"var":0.477842599154},"spectral_flux":{"dmean":0.0231447983533,"dmean2":0.0378502383828,"dvar":0.00103090144694,"dvar2":0.00247569708154,"max":0.42952388525,"mean":0.095992423594,"median":0.0908888056874,"min":6.43298261882e-11,"var":0.00308369263075},"spectral_kurtosis":{"dmean":6.74423456192,"dmean2":10.3762483597,"dvar":113.863006592,"dvar2":289.60345459,"max":178.385620117,"mean":18.1547851562,"median":13.8367061615,"min":-1.31078064442,"var":218.832199097},"spectral_rms":{"dmean":0.000870068965014,"dmean2":0.00140582083259,"dvar":0.00000124745542962,"dvar2":0.00000312226188726,"max":0.0193008072674,"mean":0.00652466202155,"median":0.00685906875879,"min":3.10647297816e-12,"var":0.00000791281763668},"spectral_rolloff":{"dmean":3936.29711914,"dmean2":7597.80078125,"dvar":56455280,"dvar2":142409632,"max":22050,"mean":9594.0625,"median":1787.25585938,"min":21.533203125,"var":103360560},"spectral_skewness":{"dmean":0.527326762676,"dmean2":0.782262265682,"dvar":0.455142825842,"dvar2":1.10029411316,"max":10.819642067,"mean":2.99230146408,"median":2.67902374268,"min":-0.0887685120106,"var":1.43770837784},"spectral_spread":{"dmean":663690.75,"dmean2":966559.6875,"dvar":592396353536,"dvar2":1256173338620,"max":51070520,"mean":4533965,"median":4180373,"min":938114.625,"var":13198946205700},"spectral_strongpeak":{"dmean":1.36087977886,"dmean2":2.52546477318,"dvar":58.9108352661,"dvar2":159.792358398,"max":129.107955933,"mean":1.38888084888,"median":0.28674146533,"min":0,"var":52.8130683899},"zerocrossingrate":{"dmean":0.0354056358337,"dmean2":0.0463468022645,"dvar":0.0010423186468,"dvar2":0.00174761377275,"max":0.89697265625,"mean":0.236756846309,"median":0.224609375,"min":0.0087890625,"var":0.0133854495361}},"metadata":{"audio_properties":{"analysis_sample_rate":44100,"bit_rate":320000,"codec":"mp3","downmix":"mix","equal_loudness":0,"length":313.312652588,"lossless":false,"md5_encoded":"69a5e2049a6063024f910bc12a63f5e3","replay_gain":-9.61944007874,"sample_rate":44100},"tags":{"acoustid_id":["4a5e16f4-60a8-4564-843d-d62ec2c34c90"],"album":["X&Y"],"albumartist":["Coldplay"],"albumartistsort":["Coldplay"],"artist":["Coldplay"],"artistsort":["Coldplay"],"asin":["B0006L16N8"],"barcode":["724347478628"],"catalognumber":["4747862"],"composer":["Guy Berryman/Will Champion/Chris Martin/Jon Buckland"],"date":["2005"],"discnumber":["1/1"],"encoding":["Audiograbber 1.83.01, LAME dll 3.97, 320 Kbit/s, Stereo, High quality"],"file_name":"05. Coldplay - Talk.mp3","genre":["Alternative Rock"],"isrc":["GBAYE0500614"],"label":["Parlophone"],"media":["CD"],"musicbrainz album release country":["GB"],"musicbrainz album status":["official"],"musicbrainz album type":["album"],"musicbrainz_albumartistid":["cc197bad-dc9c-440d-a5b5-d52ba2e14234"],"musicbrainz_albumid":["a45b3f71-8ff1-4498-8a7a-e2d18a2f6aa8"],"musicbrainz_artistid":["cc197bad-dc9c-440d-a5b5-d52ba2e14234"],"musicbrainz_recordingid":["9cd3daca-eab7-4db8-8af8-21b3da550c28"],"musicbrainz_workid":["874a58ec-d42b-34dd-b7fd-865b9a359667"],"originaldate":["2005"],"script":["Latn"],"title":["Talk"],"tracknumber":["5/13"]},"version":{"essentia":"2.1-beta1","essentia_build_sha":"ca57ba49d9b1854bd80e60cf9ccf267278fb7d6b","essentia_git_sha":"v2.1_beta1-28-g21ef5f4-dirty","extractor":"music 1.0"}},"rhythm":{"beats_count":637,"beats_loudness":{"dmean":0.0259813033044,"dmean2":0.04589728266,"dvar":0.000824595685117,"dvar2":0.00241407658905,"max":0.22427123785,"mean":0.0558667220175,"median":0.0546545088291,"min":0,"var":0.00138853595126},"beats_loudness_band_ratio":{"dmean":[0.165373906493,0.129333794117,0.0539658367634,0.0375170633197,0.0160172209144,0.0780934244394],"dmean2":[0.275634735823,0.223263785243,0.0902865454555,0.0662244558334,0.0295466594398,0.13538004458],"dvar":[0.0214009806514,0.0151767479256,0.