{"lowlevel":{"average_loudness":0.0802034959197,"barkbands":{"dmean":[0.00000668797156322,0.00027751622838,0.000377926364308,0.000410822103731,0.000380152050639,0.000345599342836,0.00103025743738,0.000548965297639,0.000534585677087,0.0000827600815683,0.000148832506966,0.000284206704237,0.000379468401661,0.000213833423913,0.000128905288875,0.0000678025025991,0.00012212517322,0.000188852063729,0.000141959404573,0.0000321994157275,0.0000164066204889,0.00000693674928698,0.00000252138124779,0.00000180719882792,0.00000108227152396,0.00000152720565438,0.00000106330890048],"dmean2":[0.0000119164415082,0.000472608517157,0.000627414730843,0.000655889743939,0.000593067030422,0.000512605591211,0.00144321937114,0.000780375208706,0.000709110347088,0.000125276230392,0.00021484446188,0.000425310572609,0.000560736109037,0.000312301679514,0.000197913745069,0.000107761617983,0.000177179652383,0.000276467268122,0.000196439475985,0.0000508441189595,0.0000232617694564,0.00000966245261225,0.00000353814402843,0.00000247390516961,0.00000147353762259,0.0000021699829631,0.00000155250620537],"dvar":[3.94774768431e-11,1.71604597199e-7,2.96976907066e-7,6.61240164845e-7,4.03615530331e-7,7.68252846228e-7,0.0000146360189319,0.00000644979036224,0.00000493360766995,1.30202820969e-7,3.94196177922e-7,0.00000163770687323,0.00000458023578176,0.00000119075616567,5.48346974938e-7,6.40751522951e-8,1.10934685438e-7,2.64818851292e-7,1.95348732746e-7,1.13216866993e-8,2.64778821091e-9,4.78230233192e-10,1.84805476477e-10,1.75386274948e-10,4.24458281023e-11,1.03468657253e-10,4.20192595996e-11],"dvar2":[1.16523346527e-10,4.76980233088e-7,8.25804931992e-7,0.00000163008155596,9.17029808534e-7,0.00000153549717652,0.0000269254596788,0.0000124913167383,0.00000812689268059,2.31331227951e-7,7.63324237596e-7,0.00000352967208528,0.00000885342797119,0.00000217729734686,0.00000134990523293,1.35755840347e-7,2.09557484254e-7,5.53024506189e-7,3.27610536033e-7,2.40056543532e-8,4.68926719677e-9,8.30844948396e-10,3.41972256068e-10,3.21004028914e-10,7.36226704601e-11,2.02797389992e-10,7.76242126133e-11],"max":[0.000103438876977,0.00652814749628,0.00816857628524,0.0147105930373,0.0128168808296,0.0299132838845,0.116858489811,0.0810611099005,0.080387249589,0.0153971239924,0.0201835818589,0.0505381822586,0.0881481394172,0.0328505896032,0.022599581629,0.00856296624988,0.00810120534152,0.0185898784548,0.0183749496937,0.00282514886931,0.0018557056319,0.000622935651336,0.000595888879616,0.000600234139711,0.0002775285393,0.000561004329938,0.000329930771841],"mean":[0.0000110672535811,0.000650633999612,0.000639692123514,0.000556163897272,0.000715864414815,0.000652971852105,0.00185793440323,0.000797261134721,0.00123548472766,0.000120443517517,0.000226986652706,0.000408250460168,0.000590112234931,0.000292221753625,0.000170269631781,0.0000985084188869,0.000228334378335,0.000403562182328,0.00029973796336,0.0000405777063861,0.0000301003019558,0.0000124314074128,0.00000392036463381,0.00000260917977357,0.00000184470104614,0.00000275241541203,0.00000299291605188],"median":[0.0000100953184301,0.000255987164564,0.0004232666397,0.000225321724429,0.000378249853384,0.000211594931898,0.000136583636049,0.0000291224041575,0.0000257974206761,0.00000843119869387,0.00000925221411308,0.0000154688896146,0.0000138264749694,0.0000102369067463,0.00000681692927174,0.00000817337968329,0.0000231133471971,0.0000379408957087,0.0000187803998415,0.00000298190207104,0.00000344010504705,0.00000143897250382,4.90470142722e-7,3.42552908705e-7,4.20934497924e-7,6.58286353428e-7,0.00000185229487215],"min":[1.57522629827e-25,1.91420944349e-24,2.59574700584e-24,9.98963456312e-25,5.5323525258e-24,7.34415224378e-24,5.78424370144e-24,8.14985611819e-24,2.57039881448e-23,1.89441207188e-23,1.3059518133e-23,2.69286031923e-23,3.61877160723e-23,3.26305655459e-23,4.39749312547e-23,5.3660395055e-23,3.62545168138e-23,9.67739974863e-23,1.2422907067e-22,1.54587871425e-22,2.57391656614e-22,2.95957034164e-22,3.94302568791e-22,5.43068406922e-22,8.14080422329e-22,1.34966240042e-21,1.88212326612e-21],"var":[4.81974113398e-11,7.73917690822e-7,4.83313499444e-7,9.48882700413e-7,0.00000109997438358,0.00000246588228947,0.0000448585597042,0.0000122005676531,0.0000288766659651,4.02578791636e-7,0.00000108697702217,0.00000371063606508,0.0000116676710604,0.00000241173188442,8.1293239873e-7,1.52047263668e-7,3.93500840801e-7,0.00000132109778406,8.93263688795e-7,2.28714309713e-8,9.19185794146e-9,1.40675371352e-9,3.23826049309e-10,3.02261937701e-10,7.83079781574e-11,2.18719028999e-10,9.11419897887e-11]},"barkbands_crest":{"dmean":2.60200691223,"dmean2":4.15939617157,"dvar":5.15217924118,"dvar2":13.0372085571,"max":26.7816352844,"mean":10.7423534393,"median":10.108546257,"min":2.84694266319,"var":15.7351636887},"barkbands_flatness_db":{"dmean":0.0257979314774,"dmean2":0.0383969768882,"dvar":0.000637039833236,"dvar2":0.00136181456037,"max":0.402397662401,"mean":0.17338886857,"median":0.170377522707,"min":0.0459170937538,"var":0.00251026335172},"barkbands_kurtosis":{"dmean":7.69977474213,"dmean2":11.8198003769,"dvar":195.201934814,"dvar2":438.734710693,"max":493.835327148,"mean":13.0512189865,"median":4.0379447937,"min":-1.92334508896,"var":475.71484375},"barkbands_skewness":{"dmean":0.771562457085,"dmean2":1.1682767868,"dvar":0.791977584362,"dvar2":1.70754122734,"max":21.1641979218,"mean":2.25839591026,"median":1.89946329594,"min":-2.36351704597,"var":3.44732952118},"barkbands_spread":{"dmean":5.249376297,"dmean2":7.99726915359,"dvar":47.3390922546,"dvar2":96.6305465698,"max":131.047897339,"mean":15.6664829254,"median":13.2264995575,"min":0.872078418732,"var":147.959854126},"dissonance":{"dmean":0.0246962122619,"dmean2":0.0402733869851,"dvar":0.000528039061464,"dvar2":0.00138295488432,"max":0.499993294477,"mean":0.443180829287,"median":0.44999653101,"min":0.246405363083,"var":0.00141980370972},"dynamic_complexity":6.27161359787,"erbbands":{"dmean":[0.00357946916483,0.0802761316299,0.39865809679,0.777989506721,1.49451184273,1.42267084122,1.47913837433,3.7041258812,10.8811397552,16.1599636078,9.67235469818,14.817317009,4.51329374313,4.99258518219,3.7869656086,12.850186348,16.2414493561,11.553853035,8.12705516815,4.24130058289,4.24160289764,7.11007642746,9.93345928192,9.03695583344,4.66672945023,1.36095511913,0.746989548206,0.592843711376,0.281489491463,0.0883361026645,0.067824922502,0.0435081645846,0.0289339348674,0.0154583482072,0.00643473910168,0.00470004836097,0.0034190332517,0.00166002311744,0.0000923212355701,0.00000952478694671],"dmean2":[0.00636645872146,0.135890141129,0.661801934242,1.25671255589,2.39734578133,2.16799378395,2.33133196831,5.44579124451,15.4147996902,22.9213409424,13.1085786819,19.1006813049,6.24717378616,7.18648338318,5.65624284744,18.843126297,23.5988140106,16.2076625824,11.2429294586,5.87561893463,6.45313739777,10.3649692535,14.6112394333,12.274512291,6.40908288956,2.11994981766,1.11425507069,0.804783761501,0.388112723827,0.122956238687,0.0947353988886,0.0613640323281,0.039690412581,0.0214841086417,0.00891159847379,0.00675739720464,0.0049604778178,0.00235512317158,0.000133371489937,0.0000150725090862],"dvar":[0.0000345961852872,0.0136803006753,0.335895389318,1.92703473568,8.56713867188,7.57553005219,8.65917205811,103.937812805,1310.89697266,3555.80541992,2340.70703125,3820.64501953,359.867370605,494.128845215,117.75617218,3654.63208008,7143.93261719,3084.4440918,1737.95007324,433.506835938,181.207626343,358.048614502,858.320373535,706.089355469,278.853393555,17.1543712616,4.94414758682,4.19695901871,0.775145828724,0.150475844741,0.16417402029,0.0726105496287,0.0589687004685,0.0113016907126,0.00114343769383,0.00065002014162,0.000709070125595,0.000147467129864,1.92918591324e-7,1.78362186132e-10],"dvar2":[0.000102557052742,0.0376377440989,0.917972683907,4.87543678284,20.5617141724,15.7519016266,20.4206047058,211.594161987,2392.90844727,6849.79736328,4200.80810547,6202.20947266,613.584106445,916.538574219,257.462799072,7501.76708984,13699.0166016,5753.953125,3475.19067383,866.293701172,395.971710205,675.916748047,1816.80786133,1228.37402344,497.591674805,33.9469490051,9.95598697662,6.56158018112,1.34622299671,0.293789684772,0.305652976036,0.122209735215,0.115204706788,0.0209099277854,0.00182792567648,0.00129472662229,0.00141133239958,0.000264999136562,3.35208227398e-7,3.7143796372e-10],"max":[0.138472527266,1.84535360336,7.12839841843,22.6574707031,48.4639472961,67.142074585,56.7615280151,388.589141846,955.364990234,1520.77612305,2347.83251953,2581.48754883,614.045410156,689.477600098,293.358886719,2599.40234375,3414.73681641,1960.48974609,1333.39599609,651.813293457,575.12109375,511.599731445,1125.44384766,965.679504395,586.329772949,127.723579407,82.6450271606,79.4576950073,23.9662475586,12.1192522049,19.882610321,11.8094501495,10.4634475708,4.15027284622,1.53954339027,1.02160418034,1.57418644428,0.614324271679,0.0212212670594,0.00056716328254],"mean":[0.00793127436191,0.186425939202,0.70521658659,1.27917897701,2.14906954765,2.79342365265,2.72684502602,7.000207901,18.7084331512,28.2719860077,16.2026500702,33.7580566406,9.1135635376,9.51179790497,6.32668972015,19.5379123688,25.9767951965,18.5328960419,11.6610012054,6.8656167984,7.09966945648,13.8156862259,21.100353241,20.6270275116,9.39344024658,1.96412849426,1.22444427013,1.14726555347,0.51696062088,0.152032345533,0.104788981378,0.0658696964383,0.0401231348515,0.0238972250372,0.0116340080276,0.00823051296175,0.00586419599131,0.00279871444218,0.000304760207655,0.0000501270915265],"median":[0.0031494111754,0.0852297097445,0.483306705952,0.762065052986,0.973459362984,1.19042563438,1.30232048035,2.10591173172,2.06462955475,2.12169671059,0.91423022747,0.669080853462,0.418924659491,0.395442426205,0.45242074132,0.751615941525,0.725328505039,0.632011532784,0.450887769461,0.345622718334,0.738403022289,1.58616423607,2.00360536575,1.77468204498,0.523691415787,0.179574742913,0.1593516469,0.113831624389,0.0590339973569,0.0210164468735,0.0133915431798,0.00818809494376,0.00558763416484,0.00427252985537,0.00329554034397,0.0022814469412,0.0012845993042,0.000583537621424,0.000212916609598,0.0000415205067839],"min":[2.93488410713e-23,3.77613376993e-22,3.73522695224e-21,5.00241352851e-21,5.98873270492e-21,1.8067272477e-20,7.99815022197e-20,7.12998604124e-20,8.49338454718e-20,1.78512477977e-19,1.44355515073e-19,4.72616001933e-19,4.78385586706e-19,7.52274289906e-19,1.08553217551e-18,1.410095514e-18,2.05556139978e-18,2.0473133751e-18,2.12904357591e-18,2.75073742826e-18,3.13607062442e-18,3.99734369272e-18,5.10531614088e-18,4.32308328204e-18,7.30901669617e-18,8.5477610225e-18,9.279611551e-18,8.90723965465e-18,1.1485227443e-17,1.05409900204e-17,1.14769597728e-17,1.12468157925e-17,9.40043285999e-18,7.40439144798e-18,5.2961760731e-18,3.78697056984e-18,2.18768985416e-18,1.00799991631e-18,2.57862647519e-19,2.7561670935e-20],"var":[0.000151036103489,0.0574071779847,0.530473768711,2.89860582352,12.4086284637,26.8398284912,22.311630249,328.110656738,3636.64770508,8940.20898438,5331.78320313,22419.0566406,1423.41271973,2000.14892578,340.61138916,8377.18652344,18523.4042969,7870.58154297,3143.08886719,1070.63549805,562.26751709,1288.20532227,4046.0793457,3333.8449707,1190.2557373,44.2541389465,12.7672557831,15.8917770386,2.30940413475,0.320061415434,0.276325941086,0.146179914474,0.0875280052423,0.0178930070251,0.00239291391335,0.00125269556884,0.00135183986276,0.000342001440004,4.79622599414e-7,1.03395436657e-9]},"erbbands_crest":{"dmean":2.87999081612,"dmean2":4.63828992844,"dvar":6.82872486115,"dvar2":16.4681510925,"max":26.7359104156,"mean":9.98377990723,"median":9.32513427734,"min":2.60499095917,"var":15.6064872742},"erbbands_flatness_db":{"dmean":0.0190781150013,"dmean2":0.0278555955738,"dvar":0.000342604063917,"dvar2":0.000654292991385,"max":0.319036483765,"mean":0.175793498755,"median":0.170885980129,"min":0.0272023137659,"var":0.00230843294412},"erbbands_kurtosis":{"dmean":1.68846130371,"dmean2":2.60848641396,"dvar":6.51494503021,"dvar2":14.0096998215,"max":34.6593284607,"mean":1.2457754612,"median":-0.213287472725,"min":-1.86668932438,"var":14.1791162491},"erbbands_skewness":{"dmean":0.566698491573,"dmean2":0.844124913216,"dvar":0.356043189764,"dvar2":0.742363989353,"max":5.01688194275,"mean":0.591427862644,"median":0.512014806271,"min":-5.54961872101,"var":1.2945895195},"erbbands_spread":{"dmean":8.30132770538,"dmean2":12.9808864594,"dvar":85.9679489136,"dvar2":198.010375977,"max":135.611831665,"mean":34.0876464844,"median":32.196105957,"min":5.70314788818,"var":214.188171387},"gfcc":{"cov":[[27519.1328125,2822.10986328,-4639.58251953,187.869476318,-919.064025879,-904.535705566,-294.190460205,262.42767334,-402.900909424,-62.3845558167,-137.658798218,-50.8787345886,-883.640319824],[2822.10986328,958.936096191,-339.039855957,-220.858764648,-8.00831413269,-113.190727234,-17.9319133759,16.671421051,1.56335365772,-74.7391891479,12.0442380905,32.5520973206,-70.6287078857],[-4639.58251953,-339.039855957,2081.43286133,163.431777954,166.877853394,281.218505859,-116.839172363,-153.010848999,20.1768341064,18.0881938934,10.734744072,33.3388977051,245.691070557],[187.869476318,-220.858764648,163.431777954,448.498535156,83.2312698364,-30.5109939575,-63.4105987549,-34.8738441467,-0.0545066036284,54.2064208984,-18.9991226196,-21.5597229004,62.114025116],[-919.064025879,-8.00831413269,166.877853394,83.2312698364,316.119750977,60.9115638733,-108.415176392,-82.3824234009,49.4698791504,72.9465255737,-13.1155939102,-43.1103973389,76.2948532104],[-904.535705566,-113.190727234,281.218505859,-30.5109939575,60.9115638733,227.739028931,52.0384979248,-40.5780944824,4.1138253212,34.2701339722,9.26807022095,-22.0345935822,19.7365207672],[-294.190460205,-17.9319133759,-116.839172363,-63.4105987549,-108.415176392,52.0384979248,312.101043701,147.269210815,-54.857219696,-76.7659835815,9.98075008392,32.8987731934,-17.901058197],[262.42767334,16.671421051,-153.010848999,-34.8738441467,-82.3824234009,-40.5780944824,147.269210815,187.789916992,-5.57567739487,-64.9888153076,23.2862701416,42.1803398132,-31.4461345673],[-402.900909424,1.56335365772,20.1768341064,-0.0545066036284,49.4698791504,4.1138253212,-54.857219696,-5.57567739487,129.504364014,61.9511985779,-0.0616421736777,-10.3706979752,1.54135084152],[-62.3845558167,-74.7391891479,18.0881938934,54.2064208984,72.9465255737,34.2701339722,-76.7659835815,-64.9888153076,61.9511985779,142.611953735,10.7677869797,-40.4453811646,-3.76205587387],[-137.658798218,12.0442380905,10.734744072,-18.9991226196,-13.1155939102,9.26807022095,9.98075008392,23.2862701416,-0.0616421736777,10.7677869797,101.597953796,44.3320655823,-22.7923545837],[-50.8787345886,32.5520973206,33.3388977051,-21.5597229004,-43.1103973389,-22.0345935822,32.8987731934,42.1803398132,-10.3706979752,-40.4453811646,44.3320655823,99.6014251709,13.9578409195],[-883.640319824,-70.6287078857,245.691070557,62.114025116,76.2948532104,19.7365207672,-17.901058197,-31.4461345673,1.54135084152,-3.76205587387,-22.7923545837,13.9578409195,130.281143188]],"icov":[[0.000334120006301,-0.00109206058551,0.000590927898884,-0.000967916450463,0.00107535219286,-0.00089948187815,0.00140734529123,-0.0011772204889,0.0016362387687,-0.0011703473283,0.00117832992692,-0.000499095709529,0.000643436156679],[-0.00109206058551,0.00499423546717,-0.00185417407192,0.00380043522455,-0.00411185063422,0.00369894085452,-0.00470914877951,0.0043961298652,-0.00564236706123,0.00467424327508,-0.00392299937084,0.00123416131828,-0.00136985490099],[0.000590927898884,-0.00185417407192,0.00189578242134,-0.00192680640612,0.00215078145266,-0.00277812615968,0.00306015950628,-0.00198479299434,0.00268601137213,-0.00151921983343,0.00173058023211,-0.00107599084731,-0.000208589583053],[-0.000967916450463,0.00380043522455,-0.00192680640612,0.00588202942163,-0.00377455214038,0.00395101727918,-0.00403898674995,0.00313008180819,-0.00387192005292,0.00212327041663,-0.00311829149723,0.00162440724671,-0.00247535249218],[0.00107535219286,-0.00411185063422,0.00215078145266,-0.00377455214038,0.00888734031469,-0.00477767689154,0.00609901640564,-0.00419382657856,0.00449411245063,-0.00464747287333,0.00292293750681,0.000406751903938,-0.00156659295317],[-0.00089948187815,0.00369894085452,-0.00277812615968,0.00395101727918,-0.00477767689154,0.0110365878791,-0.00783438421786,0.00629144487903,-0.00470608239993,0.00195572758093,-0.0043089161627,0.00264951377176,-0.0000975905204541],[0.00140734529123,-0.00470914877951,0.00306015950628,-0.00403898674995,0.00609901640564,-0.00783438421786,0.0138145014644,-0.0110118901357,0.00925969984382,-0.00458641443402,0.00574534758925,-0.00222978880629,0.0010045102099],[-0.0011772204889,0.0043961298652,-0.00198479299434,0.00313008180819,-0.00419382657856,0.00629144487903,-0.0110118901357,0.0168757326901,-0.00978112593293,0.00810152571648,-0.00631004944444,0.000463720760308,-0.000091442358098],[0.0016362387687,-0.00564236706123,0.00268601137213,-0.00387192005292,0.00449411245063,-0.00470608239993,0.00925969984382,-0.00978112593293,0.0197569578886,-0.0119025902823,0.00779608776793,-0.00373595533893,0.00299886311404],[-0.0011703473283,0.00467424327508,-0.00151921983343,0.00212327041663,-0.00464747287333,0.00195572758093,-0.00458641443402,0.00810152571648,-0.0119025902823,0.0188846513629,-0.00856590270996,0.00576197728515,-0.00123032473493],[0.00117832992692,-0.00392299937084,0.00173058023211,-0.00311829149723,0.00292293750681,-0.0043089161627,0.00574534758925,-0.00631004944444,0.00779608776793,-0.00856590270996,0.0198506619781,-0.0107074109837,0.00657622283325],[-0.000499095709529,0.00123416131828,-0.00107599084731,0.00162440724671,0.000406751903938,0.00264951377176,-0.00222978880629,0.000463720760308,-0.00373595533893,0.00576197728515,-0.0107074109837,0.0189516227692,-0.00598847353831],[0.000643436156679,-0.00136985490099,-0.000208589583053,-0.00247535249218,-0.00156659295317,-0.0000975905204541,0.0010045102099,-0.000091442358098,0.00299886311404,-0.00123032473493,0.00657622283325,-0.00598847353831,0.0156399924308]],"mean":[-134.285079956,104.474693298,-88.8595733643,16.8453884125,-29.3488769531,-22.3817176819,-30.0734176636,1.02032649517,-20.8118896484,-1.63188755512,-8.99136257172,0.00188316649292,-21.1919002533]},"hfc":{"dmean":2.89757061005,"dmean2":3.77291035652,"dvar":48.9465560913,"dvar2":74.676612854,"max":207.577911377,"mean":8.64636421204,"median":1.71951639652,"min":1.10466238568e-16,"var":340.063476563},"melbands":{"dmean":[0.000054991851357,0.00016883565695,0.00016449096438,0.0000972743000602,0.0000519522836839,0.0000770984988776,0.000186569945072,0.000168642567587,0.0000726117650629,0.0000954678107519,0.0000220562124014,0.0000192116294784,0.0000147919281517,0.000025603809263,0.0000330928560288,0.0000419761890953,0.0000213254170376,0.0000154363988258,0.00000976012142928,0.00000411687324231,0.0000055457317103,0.00000805977742857,0.00000794112384028,0.00000909267328097,0.00000788785655459,0.00000460242699774,0.00000191533945326,7.35729088319e-7,4.98595852605e-7,4.04245611207e-7,3.49813660705e-7,1.98487583702e-7,6.25410052635e-8,4.7050502161e-8,3.889796929e-8,3.75127164887e-8,2.41383020239e-8,1.98367064996e-8,1.97350455977e-8,1.12927898144e-8],"dmean2":[0.0000957207230385,0.000280752778053,0.000262424669927,0.000152122040163,0.000080853846157,0.000113857749966,0.000261221022811,0.000237595726503,0.0000974340291577,0.000123202960822,0.0000312141855829,0.0000278454990621,0.0000218413024413,0.0000365377927665,0.0000489723970531,0.0000615292228758,0.0000310379982693,0.0000223890474444,0.0000147981309055,0.00000632236287856,0.00000850905325933,0.0000118733114505,0.0000118078742162,0.0000132421600938,0.0000109333686851,0.00000637527455183,0.00000281805046143,0.00000122457208818,7.85002271186e-7,5.64744880194e-7,4.76452640896e-7,2.78419918232e-7,9.07423753915e-8,6.73646667337e-8,5.50859056148e-8,5.36672750684e-8,3.45378765587e-8,2.71613149749e-8,2.89306374412e-8,1.60070552369e-8],"dvar":[7.09528391596e-9,5.62954198813e-8,9.18497633506e-8,2.92150534875e-8,8.54447801402e-9,4.42288161651e-8,4.27598365604e-7,3.71623201545e-7,1.3407546362e-7,1.67072712998e-7,9.60875823353e-9,7.18647008568e-9,2.82387024875e-9,1.50509986696e-8,1.92238847063e-8,7.20614963257e-8,1.10020801358e-8,6.61633148269e-9,3.00541502796e-9,3.65157265536e-10,2.85993978499e-10,5.10978148682e-10,5.39686240142e-10,6.26446339247e-10,5.86197257402e-10,2.57641158408e-10,5.96987875801e-11,5.83912388927e-12,2.49230800928e-12,1.73438509648e-12,1.54598523653e-12,3.96520923734e-13,5.98695355444e-14,5.46701898162e-14,5.29905471987e-14,4.16162499698e-14,2.79530986167e-14,2.76759765414e-14,2.72720858212e-14,4.82702900817e-15],"dvar2":[2.05593977398e-8,1.53150025994e-7,2.25823569622e-7,6.56183303249e-8,2.00183141175e-8,9.06362771502e-8,7.73672184096e-7,7.10224071554e-7,2.44923484161e-7,2.66207337063e-7,1.62948534665e-8,1.31205126763e-8,5.79587711158e-9,2.99960269956e-8,4.48910704165e-8,1.37969664138e-7,2.08985699857e-8,1.24576180482e-8,7.08635816693e-9,8.00573163318e-10,6.09728822987e-10,9.8576391494e-10,1.16799170335e-9,1.29210142585e-9,1.04720043748e-9,4.08940631358e-10,1.18779514002e-10,1.26200274189e-11,5.29909319549e-12,3.07918989785e-12,2.47149978434e-12,6.99288283529e-13,1.31250045554e-13,1.11102323359e-13,1.03359581636e-13,7.22755392319e-14,5.03618787027e-14,5.06333595386e-14,5.9029543135e-14,8.4058431602e-15],"max":[0.00142685242463,0.00275924801826,0.00513005303219,0.00360104278661,0.00182766641956,0.00745743187144,0.0193319655955,0.0141370939091,0.0195895917714,0.0156667456031,0.00323317456059,0.00289307930507,0.00168521259911,0.00506946397945,0.00403919024393,0.0121825868264,0.00385971483774,0.00242144311778,0.00137283897493,0.00062265607994,0.000712352513801,0.000592391355895,0.000838812266011,0.000776455563027,0.000848538475111,0.000652868766338,0.000243005706579,0.000103051454062,0.0000535438157385,0.0000605362765782,0.0000368029541278,0.0000177321981027,0.00000802315935289,0.00000824493326945,0.0000103552083601,0.00000959021144809,0.00000787070985098,0.00000746974137655,0.00000735910134608,0.0000027901512567],"mean":[0.000129658379592,0.000340606522514,0.000264064903604,0.000175428780494,0.000102100995719,0.000145637008245,0.000331469607772,0.000287972914521,0.000118779142213,0.000216829328565,0.0000368918626918,0.0000355717929779,0.0000219888988795,0.0000415229551436,0.0000460752671643,0.0000654586838209,0.0000305487992591,0.0000201045331778,0.000013098621821,0.00000628094539934,0.0000087394610091,0.0000142466815305,0.0000159516239364,0.0000195475258806,0.0000170416333276,0.00000952773825702,0.00000290489879262,8.84218366082e-7,7.26419443708e-7,7.44419253351e-7,6.50591289286e-7,3.48620545765e-7,1.05775718851e-7,7.34009546477e-8,5.82390953241e-8,5.52113661456e-8,3.42773986972e-8,2.69833684285e-8,2.64322075338e-8,1.77954646574e-8],"median":[0.0000514802450198,0.000231284779147,0.000151181418914,0.0000874298566487,0.000051136194088,0.0000416519542341,0.0000321165207424,0.0000202024893952,0.00000551260745851,0.00000383525639336,0.00000191203616851,0.00000144080672726,0.00000131770480039,0.00000152135964981,0.00000178443110599,0.00000134900096782,0.00000105014339624,6.9701513894e-7,5.09406731908e-7,4.16696110506e-7,8.24221615403e-7,0.0000014032210629,0.00000152990799052,0.00000178460845746,0.00000133981654926,4.24706513513e-7,1.29586595676e-7,7.55016031917e-8,9.29050827381e-8,6.81388740986e-8,6.20434263965e-8,3.51616833427e-8,1.42803759928e-8,8.39108160733e-9,7.4957391405e-9,6.12309136727e-9,4.18599821472e-9,3.74120467939e-9,3.70413921758e-9,3.56157681125e-9],"min":[4.77257593607e-25,1.96704162768e-24,1.29719902685e-24,8.33041947686e-25,2.70406115801e-24,1.68432275393e-24,1.09911092595e-24,2.17049733539e-24,9.09940601765e-25,2.76420982988e-24,1.95541421237e-24,2.90658581263e-24,2.65104812745e-24,2.56327275782e-24,3.04946903295e-24,2.79770289176e-24,3.28066582326e-24,2.55197074763e-24,2.33330974597e-24,2.83936618604e-24,3.3211434596e-24,2.1440787781e-24,3.25356845116e-24,4.51389010424e-24,2.50296532769e-24,4.5592070078e-24,4.5591383769e-24,3.99746389036e-24,5.58325338128e-24,5.42694019848e-24,4.66289922392e-24,4.91044377597e-24,5.20729016246e-24,5.5693611463e-24,5.71454350173e-24,6.10189905531e-24,6.18445965993e-24,5.72121687056e-24,5.61594693263e-24,6.04523083776e-24],"var":[3.15885273494e-8,1.15935719691e-7,1.36766814762e-7,7.35059870749e-8,2.45960318779e-8,1.39251994824e-7,0.00000127541704842,8.78778791957e-7,3.36255254751e-7,9.67247274275e-7,2.76778866493e-8,2.913932029e-8,6.8138472642e-9,4.55609523442e-8,3.49593953786e-8,1.86369177868e-7,2.34802293164e-8,1.15983000981e-8,5.06270225742e-9,8.17425738209e-10,8.97786567311e-10,1.67213409785e-9,2.13044670794e-9,3.06526026783e-9,2.46509346269e-9,1.21744991866e-9,1.69353142621e-10,1.08156860204e-11,5.27097723108e-12,7.16579877033e-12,5.01697468291e-12,1.12167631953e-12,1.29969887392e-13,9.85189780776e-14,8.52459582415e-14,7.61244501679e-14,5.24963881773e-14,4.44433782853e-14,3.42798265631e-14,8.23446383102e-15]},"melbands_crest":{"dmean":3.39003682137,"dmean2":5.44052791595,"dvar":8.34860992432,"dvar2":20.9859580994,"max":39.6663360596,"mean":14.7819948196,"median":14.3367977142,"min":1.54850709438,"var":26.9449920654},"melbands_flatness_db":{"dmean":0.0324379093945,"dmean2":0.0475092940032,"dvar":0.00106284278445,"dvar2":0.00226238416508,"max":0.496386259794,"mean":0.269654691219,"median":0.265956223011,"min":0.00298412144184,"var":0.00581317488104},"melbands_kurtosis":{"dmean":9.61409091949,"dmean2":15.1283884048,"dvar":275.809844971,"dvar2":649.231140137,"max":799.155151367,"mean":18.2044715881,"median":10.086812973,"min":-1.74833905697,"var":714.848815918},"melbands_skewness":{"dmean":0.784785628319,"dmean2":1.22089278698,"dvar":0.736098229885,"dvar2":1.70999085903,"max":24.2864322662,"mean":2.79861187935,"median":2.5287771225,"min":-0.933090031147,"var":2.92239975929},"melbands_spread":{"dmean":6.40419387817,"dmean2":9.82501983643,"dvar":77.5626983643,"dvar2":169.636077881,"max":171.472885132,"mean":18.5140419006,"median":12.7491188049,"min":0.630726754665,"var":469.068206787},"mfcc":{"cov":[[10913.3300781,1125.7388916,-2851.37036133,276.32321167,-857.35144043,-510.491424561,-90.8197631836,261.236328125,-224.663406372,-87.0869293213,624.131713867,202.408355713,-300.076599121],[1125.7388916,1395.30700684,-73.7758636475,-74.1273422241,50.676109314,-63.4346084595,-31.3536014557,81.9697494507,-30.6158638,-111.76599884,85.4492950439,58.9075469971,-34.7840995789],[-2851.37036133,-73.7758636475,1485.0144043,85.8753356934,266.499633789,183.13923645,75.786819458,-39.2850532532,30.2640590668,-2.78319430351,-176.266464233,-56.716758728,101.477500916],[276.32321167,-74.1273422241,85.8753356934,423.402648926,126.940895081,2.09485840797,-11.3888311386,-51.0841827393,34.6418647766,10.127166748,-53.2854003906,-22.4619216919,17.2368793488],[-857.35144043,50.676109314,266.499633789,126.940895081,482.71270752,184.012420654,-114.440620422,-197.934707642,7.27898454666,61.4135551453,-93.5621795654,-12.5812158585,35.5083961487],[-510.491424561,-63.4346084595,183.13923645,2.09485840797,184.012420654,260.271087646,3.09731197357,-135.970458984,23.0041694641,61.086643219,-43.4598388672,0.522061049938,8.87704658508],[-90.8197631836,-31.3536014557,75.786819458,-11.3888311386,-114.440620422,3.09731197357,237.130310059,110.867485046,10.6389198303,4.95101356506,-21.7238521576,-6.70722007751,19.9919300079],[261.236328125,81.9697494507,-39.2850532532,-51.0841827393,-197.934707642,-135.970458984,110.867485046,260.581970215,7.25958395004,-53.4250335693,52.1307907104,-4.85772800446,-0.476278632879],[-224.663406372,-30.6158638,30.2640590668,34.6418647766,7.27898454666,23.0041694641,10.6389198303,7.25958395004,125.618041992,32.4723205566,-39.2149009705,-18.0235900879,-1.71524572372],[-87.0869293213,-111.76599884,-2.78319430351,10.127166748,61.4135551453,61.086643219,4.95101356506,-53.4250335693,32.4723205566,138.980285645,4.79922437668,-25.1544628143,-1.88190960884],[624.131713867,85.4492950439,-176.266464233,-53.2854003906,-93.5621795654,-43.4598388672,-21.7238521576,52.1307907104,-39.2149009705,4.79922437668,197.545654297,59.3550109863,-54.2522659302],[202.408355713,58.9075469971,-56.716758728,-22.4619216919,-12.5812158585,0.522061049938,-6.70722007751,-4.85772800446,-18.0235900879,-25.1544628143,59.3550109863,112.708679199,10.3120384216],[-300.076599121,-34.7840995789,101.477500916,17.2368793488,35.5083961487,8.87704658508,19.9919300079,-0.476278632879,-1.71524572372,-1.88190960884,-54.2522659302,10.3120384216,92.396194458]],"icov":[[0.000356338307029,-0.000308375427267,0.000566931383219,-0.000675090414006,0.000612611242104,-0.000279265164863,0.000184394099051,-0.000133241919684,0.00064730620943,-0.0003468633804,-0.000124127458548,-0.000184318836546,0.000247935327934],[-0.000308375427267,0.00113689166028,-0.000446852209279,0.000795088184532,-0.00111747486517,0.000456239184132,-0.000280925160041,-0.000151667336468,-0.000738300732337,0.00108400324825,-0.00028208034928,0.0000103609099824,0.0000561395208933],[0.000566931383219,-0.000446852209279,0.00181410147343,-0.00109111389611,0.000505818636157,-0.000956731673796,0.0000164825432876,-0.000543836678844,0.000990599743091,-0.000118966658192,0.0000148575909407,0.0000925697968341,-0.000210325481021],[-0.000675090414006,0.000795088184532,-0.00109111389611,0.00416686432436,-0.00234972219914,0.00171301269438,-0.00108763482422,0.00101097032893,-0.00229700701311,0.00128250976559,-0.0000959567259997,0.000816358369775,-0.000657163269352],[0.000612611242104,-0.00111747486517,0.000505818636157,-0.00234972219914,0.00608441233635,-0.00286214845255,0.00262419460341,0.000520099594723,0.00221051741391,-0.00236346130259,0.00141891848762,-0.000755696441047,-0.000266316230409],[-0.000279265164863,0.000456239184132,-0.000956731673796,0.00171301269438,-0.00286214845255,0.00826022401452,-0.00300539308228,0.00392963550985,-0.00219071097672,-0.000195421249373,-0.000846732233185,-0.000234076316701,0.000457151705632],[0.000184394099051,-0.000280925160041,0.0000164825432876,-0.00108763482422,0.00262419460341,-0.00300539308228,0.00769207300618,-0.00431632110849,0.00185977492947,-0.00260964105837,0.00272943777964,-0.00153912277892,0.0000273486875813],[-0.000133241919684,-0.000151667336468,-0.000543836678844,0.00101097032893,0.000520099594723,0.00392963550985,-0.00431632110849,0.00995866023004,-0.00300289900042,0.00306874956004,-0.00389165314846,0.00292107858695,-0.00227761361748],[0.00064730620943,-0.000738300732337,0.000990599743091,-0.00229700701311,0.00221051741391,-0.00219071097672,0.00185977492947,-0.00300289900042,0.0117296976969,-0.00441183522344,0.00384198036045,-0.0018770606257,0.00270123127848],[-0.0003468633804,0.00108400324825,-0.000118966658192,0.00128250976559,-0.00236346130259,-0.000195421249373,-0.00260964105837,0.00306874956004,-0.00441183522344,0.0121488124132,-0.00459939008579,0.00461091706529,-0.0023691712413],[-0.000124127458548,-0.00028208034928,0.0000148575909407,-0.0000959567259997,0.00141891848762,-0.000846732233185,0.00272943777964,-0.00389165314846,0.00384198036045,-0.00459939008579,0.0119864791632,-0.00677506811917,0.00618956284598],[-0.000184318836546,0.0000103609099824,0.0000925697968341,0.000816358369775,-0.000755696441047,-0.000234076316701,-0.00153912277892,0.00292107858695,-0.0018770606257,0.00461091706529,-0.00677506811917,0.0141756366938,-0.00568883446977],[0.000247935327934,0.0000561395208933,-0.000210325481021,-0.000657163269352,-0.000266316230409,0.000457151705632,0.0000273486875813,-0.00227761361748,0.00270123127848,-0.0023691712413,0.00618956284598,-0.00568883446977,0.016314804554]],"mean":[-783.508728027,155.491958618,-4.43193149567,42.1569976807,9.91588306427,-6.61192941666,-2.08562088013,0.189467698336,-9.15887355804,-9.16855144501,9.32912826538,5.45901918411,-6.64098739624]},"pitch_salience":{"dmean":0.0744420439005,"dmean2":0.118733242154,"dvar":0.00420635193586,"dvar2":0.0102462079376,"max":0.909776866436,"mean":0.57999753952,"median":0.587176799774,"min":0.0168427471071,"var":0.0137185212225},"silence_rate_20dB":{"dmean":0,"dmean2":0,"dvar":0,"dvar2":0,"max":1,"mean":1,"median":1,"min":1,"var":0},"silence_rate_30dB":{"dmean":0.00330578512512,"dmean2":0.00661278469488,"dvar":0.00329468282871,"dvar2":0.00767098600045,"max":1,"mean":0.993573248386,"median":1,"min":0,"var":0.00638582976535},"silence_rate_60dB":{"dmean":0.0947658419609,"dmean2":0.189566493034,"dvar":0.0857832878828,"dvar2":0.17678296566,"max":1,"mean":0.402130007744,"median":0,"min":0,"var":0.240413174033},"spectral_centroid":{"dmean":296.23449707,"dmean2":446.795410156,"dvar":148542.75,"dvar2":308130.125,"max":11755.28125,"mean":1232.29431152,"median":955.786437988,"min":166.282669067,"var":2110323.5},"spectral_complexity":{"dmean":2.394490242,"dmean2":3.69250559807,"dvar":9.73429489136,"dvar2":20.3462276459,"max":42,"mean":8.91351413727,"median":6,"min":0,"var":50.1349220276},"spectral_contrast_coeffs":{"dmean":[0.0457620546222,0.0487718209624,0.042201358825,0.0354066342115,0.0331716500223,0.0232613198459],"dmean2":[0.0763645917177,0.0764196962118,0.0662229508162,0.0536894053221,0.0497469753027,0.0339460857213],"dvar":[0.00139088951983,0.00172326387838,0.00137776474003,0.00104100035969,0.000979152973741,0.0004976944183],"dvar2":[0.00388494203798,0.0039824899286,0.00312395743094,0.00212066643871,0.00186172255781,0.000965950603131],"max":[-0.411960184574,-0.361095130444,-0.370720982552,-0.486058562994,-0.518425643444,-0.580424427986],"mean":[-0.658511400223,-0.696985423565,-0.784843146801,-0.793714344501,-0.765132308006,-0.783085227013],"median":[-0.656106889248,-0.704303503036,-0.809562027454,-0.813339710236,-0.777510821819,-0.787697076797],"min":[-0.981022179127,-0.979921221733,-0.974461734295,-0.972972154617,-0.966461718082,-0.966628432274],"var":[0.00641553895548,0.00903960783035,0.0100026037544,0.00640470860526,0.00761258136481,0.00454203644767]},"spectral_contrast_valleys":{"dmean":[0.414899349213,0.436803042889,0.581693470478,0.528964102268,0.49753460288,0.175779119134],"dmean2":[0.694429755211,0.668444573879,0.872439324856,0.774204194546,0.715450227261,0.251764267683],"dvar":[0.127520591021,0.167023256421,0.33986350894,0.259926915169,0.252094626427,0.0661287754774],"dvar2":[0.311952233315,0.340874254704,0.704082846642,0.527091383934,0.490380853415,0.104384616017],"max":[-6.31222486496,-5.42529439926,-5.82415246964,-6.15164756775,-5.84295225143,-8.72904968262],"mean":[-8.40420913696,-8.139752388,-9.09967708588,-9.3727350235,-9.22658157349,-12.1790323257],"median":[-7.9506893158,-7.7739610672,-8.81810188293,-9.06134414673,-8.90254020691,-12.051902771],"min":[-28.5205745697,-27.9703559875,-27.9613780975,-27.6249866486,-27.4894313812,-27.4133605957],"var":[7.12805128098,7.42257499695,7.06653261185,6.92321491241,6.95908355713,4.37874650955]},"spectral_decrease":{"dmean":7.64289131983e-10,"dmean2":1.05016018104e-9,"dvar":2.40459108643e-18,"dvar2":3.90658957181e-18,"max":5.66139730325e-20,"mean":-2.45572295832e-9,"median":-1.05090136593e-9,"min":-3.53813121023e-8,"var":1.64168253155e-17},"spectral_energy":{"dmean":0.00311430823058,"dmean2":0.00425647478551,"dvar":0.0000408763335145,"dvar2":0.0000654454706819,"max":0.149504706264,"mean":0.0100526958704,"median":0.00417148694396,"min":9.9601261844e-21,"var":0.000284557550913},"spectral_energyband_high":{"dmean":0.0000368641267414,"dmean2":0.0000522284281033,"dvar":1.40698563911e-8,"dvar2":2.37834214545e-8,"max":0.00450326083228,"mean":0.0000705950515112,"median":0.0000129678192025,"min":7.07595579917e-21,"var":4.09448830396e-8},"spectral_energyband_low":{"dmean":0.000661733967718,"dmean2":0.00109349319246,"dvar":8.15093528672e-7,"dvar2":0.00000219571393245,"max":0.0121464226395,"mean":0.00151143141557,"median":0.00110830634367,"min":2.42261203477e-23,"var":0.00000197290228243},"spectral_energyband_middle_high":{"dmean":0.00115638156421,"dmean2":0.00157569767907,"dvar":0.0000102673157016,"dvar2":0.0000178115224116,"max":0.102437004447,"mean":0.0028496675659,"median":0.000335377611918,"min":1.11333360766e-21,"var":0.0000518915949215},"spectral_energyband_middle_low":{"dmean":0.002175349975,"dmean2":0.00302325305529,"dvar":0.0000222163453145,"dvar2":0.0000404148886446,"max":0.121853135526,"mean":0.00584520446137,"median":0.0019010878168,"min":1.84505465432e-22,"var":0.000123652804177},"spectral_entropy":{"dmean":0.239003837109,"dmean2":0.351628661156,"dvar":0.0522196888924,"dvar2":0.109295576811,"max":9.82279777527,"mean":7.0672750473,"median":7.03714370728,"min":5.40298891068,"var":0.319921195507},"spectral_flux":{"dmean":0.014379917644,"dmean2":0.0221974253654,"dvar":0.000349450536305,"dvar2":0.000773300940637,"max":0.321670502424,"mean":0.0453618727624,"median":0.0334828048944,"min":6.28778834555e-11,"var":0.00161990511697},"spectral_kurtosis":{"dmean":2.46979832649,"dmean2":4.05608844757,"dvar":5.72273492813,"dvar2":15.6014480591,"max":32.4652175903,"mean":9.45151329041,"median":9.05928421021,"min":-1.34293615818,"var":18.1822528839},"spectral_rms":{"dmean":0.000443984783487,"dmean2":0.000607817957643,"dvar":3.35734370083e-7,"dvar2":5.31259672698e-7,"max":0.0120771788061,"mean":0.00252597290091,"median":0.00201736041345,"min":3.11724170782e-12,"var":0.00000342699854627},"spectral_rolloff":{"dmean":401.748016357,"dmean2":682.775268555,"dvar":550893.125,"dvar2":1293554.875,"max":19767.4804688,"mean":1349.29052734,"median":559.86328125,"min":21.533203125,"var":6503975.5},"spectral_skewness":{"dmean":0.370963841677,"dmean2":0.574349224567,"dvar":0.121863923967,"dvar2":0.277712643147,"max":4.81040763855,"mean":2.04124307632,"median":2.0028796196,"min":-0.0781306475401,"var":0.568522751331},"spectral_spread":{"dmean":536799.6875,"dmean2":802087.125,"dvar":911883698176,"dvar2":1992467152900,"max":52558616,"mean":4239711.5,"median":3294980,"min":1696906.5,"var":24506221461500},"spectral_strongpeak":{"dmean":0.316809505224,"dmean2":0.496582984924,"dvar":0.438214480877,"dvar2":1.01985299587,"max":16.781578064,"mean":0.701977610588,"median":0.193652033806,"min":0,"var":1.51120340824},"zerocrossingrate":{"dmean":0.00794710218906,"dmean2":0.00970526225865,"dvar":0.0000949321911321,"dvar2":0.00011220460874,"max":0.52197265625,"mean":0.0503797568381,"median":0.0380859375,"min":0,"var":0.00426314538345}},"metadata":{"audio_properties":{"analysis_sample_rate":44100,"bit_rate":256000,"codec":"mp3","downmix":"mix","equal_loudness":0,"length":126.432655334,"lossless":false,"md5_encoded":"355db26582921ed830da54e2edf55d96","replay_gain":-10.4848384857,"sample_rate":44100},"tags":{"acoustid_fingerprint":["AQADtEkiLlKUREuC5OJRbsqEJ2lQGU-W4ltwlJmKrE8OTbkR6jka7jiFH7xyHFMe8SgVPKHE4kb6Q3WO58b5I0yjI7-H00JPQpfxJJgOo1KW6XjyVOAj4YsEqg6uKLiUPIic5Tjp4HmG5g_u6MiPWsmhUzni6NOASuQxRduLGzeaUYeXRUcv5HgoFkkpOgP84L7wLcelLA2eo7nQs8aTo0n-ovaDuJmHRFfyoReFZsezHVce-MQn4onEwFEu4UmQQy_CpNHQKNpxZR_eoLkP5sW5vHiY5fjBtEiWIT_uRJGLJ6OFSkd_4hh5VGmyHOmkFrp6RD889A_eoU9ooelRhT-aZzXxTlPww4p3xNehP_AYZnhUBbeE5nES9LqgUsGTGZFTOejRPHiK41u84w6aHFeO6dmDk0TyI_7gpA-e0PjB4zw-cNbRJA-SvchnBheKxtvx45lO5BSS9TmaMaOEP8NbVMmTo1k-PHOIvpnROElCXHqE48eVhcazI48O8VkiXB24Sw2-RMa54sizLE3QK3AlVKGEU8RzsE_Re3CbHMk3IpTCB58NPkJ_pPIJTb6Q6wyapQi_D_oqhPlCMNJDVEkmMxSaH_UjGc2R_MjS_UiTZkhK52ia-TjKo1l24lEcwuWOJ3yQ1DnSH88JTjnxvZic-_BJ9MqF50fuEMmz4zouhh6c9NgTDU-YCHWUonaQLfrxP0gOP2PwbcWDox8cZTJyKhBDZUf4xsZ13PCSI_vxQ55z_D6OF2XCHV6Vleg15ExQND2-B0WTPHiy3Dh5IvlyhJfhNg_6FcdcBs_4on8QpkoO1YvwPJiZGWb0BTyeJmiSUILzY3qibGja9AidZMZFyUIjHZX0FE_y4AyaH3kW6F6RJ4mUw2tuTD9-MDkpuEkWBjUefsiP6RuaX8E7aXiSoPkRyuSRhyET6ImNUM5gO-iXHf-CbyJ65eijJ8EtfMuCK0qGJzr8YD-OJ1JxiceTHReeg_nhC2WiHMmHLCJ1-DnqHydzYo52_EfnyEGTNuGGQEd_pD9-5AvCDz_2aA_aKkdTEV-yJ7hTIX8gJUmyzAhFNVLwhMVPNEf4tnihL5IzPFEWNDm0PQrID30iownFjMj5oJaQrkeZSce941v2ojIfiEOZo89jONcD2UoO5_ihhRP-IA6zpMJ-uEqOJy_-4GGCGy3R_DGSnUWY-sGn5SiDKeeR60rA5TipnNB_gk32oN8k2FrGGI-2BD8RZilmMvhjwsmD3SnOgXcEW0uQyyeUH2GuBw8dXKlRSkQV7YIjhhX64Lkq1PrQPImGa0WOKxf0RPkRJilzTPoS4WSHH4yjDB53NLHw5gp-B2ETwTXhEX2oosmvQNsYDa-GHObxHI9Qe8W1HWUWRcd9IT-SB3zCZLgyVMpZeJ-CzlnwDzGlQ9WKPHpRfYbjC-GVE_JzxA8JPseVB09UHn1yNK-Cy8i3EFWUyIHz4Bduo5YUnMGcSERk5ngeNOeL