{"lowlevel":{"average_loudness":0.935758650303,"barkbands":{"dmean":[0.00132944004145,0.00707933586091,0.00199031713419,0.00192832923494,0.00471958890557,0.00242740660906,0.0014611298684,0.00085488188779,0.00105303199962,0.000889615970664,0.000447653204901,0.000472476123832,0.000482636562083,0.000322679756209,0.000347244465956,0.000215386768105,0.00015887117479,0.0000939260207815,0.0000835734899738,0.0000666306368657,0.0000349625588569,0.0000215456184378,0.0000112976158562,0.00000723075800124,0.00000243638919528,0.0000150926616698,0.000199645815883],"dmean2":[0.00223919050768,0.0115557443351,0.00328777683899,0.00331569858827,0.00775314634666,0.00390631752089,0.00227336212993,0.00139779341407,0.00169460917823,0.00139335682616,0.00069759786129,0.000771835620981,0.000797069573309,0.000534937425982,0.000573017867282,0.000355929980287,0.000267127150437,0.000154033012222,0.000131382927066,0.000101707184513,0.0000516228392371,0.0000309219321935,0.0000158078000823,0.0000104755772554,0.00000395465485781,0.0000203815143323,0.000294530589599],"dvar":[0.00000607985566603,0.000120845186757,0.00000669075825499,0.0000104597347672,0.0000819050983409,0.0000343953906849,0.0000158754191943,0.0000038895882426,0.00000557763723918,0.00000266542861027,8.38114942781e-7,6.67789777253e-7,5.37743801488e-7,2.19121616851e-7,1.99788985356e-7,7.55631504035e-8,4.90091558447e-8,1.89160136443e-8,3.90539796058e-8,5.69909417436e-8,6.0303060323e-9,1.95494975763e-9,6.09452543987e-10,2.64047506082e-10,1.41994133465e-11,8.89639251156e-10,4.72079157987e-8],"dvar2":[0.0000155867983267,0.000311015930492,0.0000177526180778,0.0000279516461887,0.000205250355066,0.0000827382245916,0.0000328072637785,0.00000914906649996,0.0000140257916428,0.00000616476745563,0.00000185900546512,0.00000165537198882,0.00000143491547533,5.738589266e-7,5.18763499713e-7,1.95602467556e-7,1.33625391641e-7,4.89800981995e-8,8.89379663249e-8,1.33830099003e-7,1.30307347135e-8,4.10360145864e-9,1.35737965312e-9,5.75385850077e-10,3.39656185122e-11,1.75565262328e-9,1.05400133066e-7],"max":[0.0396937429905,0.119527764618,0.0523904040456,0.0713998824358,0.188804879785,0.146998018026,0.127413153648,0.0699762925506,0.0616421811283,0.0275124479085,0.0200406331569,0.0177573431283,0.0172594748437,0.00912193767726,0.0102904411033,0.00332399574108,0.00308370613493,0.00389399449341,0.00576099799946,0.00721056526527,0.00286812754348,0.00145524938125,0.000895828474313,0.000939918565564,0.0000850050419103,0.00106583838351,0.00605284469202],"mean":[0.0014062684495,0.00867639668286,0.0027415137738,0.00233386969194,0.0063098622486,0.0033499179408,0.00209050416015,0.0011962671997,0.00153273856267,0.00132464582566,0.000667268759571,0.000754432054237,0.00076244288357,0.000494333798997,0.000583555200137,0.000361547514331,0.00026928569423,0.000179845592356,0.000159974661074,0.000123514590086,0.0000755223300075,0.000045051703637,0.0000212090617424,0.00000996104972728,0.00000258596878666,0.0000270443069894,0.000723067729268],"median":[0.0003750686883,0.00450318632647,0.00165043806192,0.00119549804367,0.0028615212068,0.00143684074283,0.000769260048401,0.000472075043945,0.000646197004244,0.000618607737124,0.000299996114336,0.000440482952399,0.000479473936139,0.000336544122547,0.000418504932895,0.000265719019808,0.000205900709261,0.000130646003527,0.000105731101939,0.000064007617766,0.0000448222417617,0.0000266152019321,0.0000115151542559,0.00000314060480378,0.00000103350157588,0.0000122457622638,0.000621552404482],"min":[1.92027724324e-23,1.72868470192e-23,4.07481935406e-23,2.74655334788e-23,2.92844542442e-23,3.70679680912e-23,8.75457763993e-23,6.35335193984e-23,9.00823176193e-23,5.4838139143e-23,6.67071446854e-23,6.82604812276e-23,1.81534362827e-22,9.6124783894e-23,9.54836229938e-23,1.8366861654e-22,9.21247542335e-23,1.91863934712e-22,1.86504956458e-22,4.48598009497e-22,3.41520680795e-22,5.72614415888e-22,5.59643270687e-22,9.20590326538e-22,1.13048518554e-21,1.86711567334e-21,2.43576639765e-21],"var":[0.00000683784628563,0.000134398724185,0.0000104935661511,0.0000125283822854,0.000110108172521,0.0000519673922099,0.0000323055392073,0.00000767990150052,0.0000088902133939,0.00000463173137177,0.00000159273361078,0.00000121623054383,8.94997185696e-7,3.05870543116e-7,3.38928344945e-7,1.22505667832e-7,6.63053398853e-8,3.73935158393e-8,6.11613657497e-8,1.01826884702e-7,1.43690659371e-8,4.88027618317e-9,1.21021115351e-9,5.39520816911e-10,1.6513051343e-11,2.00538230466e-9,3.14865388873e-7]},"barkbands_crest":{"dmean":3.26989197731,"dmean2":5.40463829041,"dvar":8.24505710602,"dvar2":21.2653827667,"max":26.1865329742,"mean":9.90389060974,"median":8.84932518005,"min":2.64331102371,"var":19.7144107819},"barkbands_flatness_db":{"dmean":0.0246334392577,"dmean2":0.0380806215107,"dvar":0.000500802823808,"dvar2":0.00114484038204,"max":0.336377412081,"mean":0.126190602779,"median":0.119186989963,"min":0.0283824875951,"var":0.00186031556223},"barkbands_kurtosis":{"dmean":4.65595149994,"dmean2":7.57607030869,"dvar":72.7620620728,"dvar2":181.761764526,"max":173.550765991,"mean":7.85474729538,"median":4.69008779526,"min":-1.73841977119,"var":116.147399902},"barkbands_skewness":{"dmean":0.650322139263,"dmean2":1.02892577648,"dvar":0.503173172474,"dvar2":1.19982087612,"max":12.8191518784,"mean":2.22039675713,"median":1.97461056709,"min":-1.89074039459,"var":1.40284788609},"barkbands_spread":{"dmean":7.13761138916,"dmean2":10.9524612427,"dvar":51.4716529846,"dvar2":112.255653381,"max":110.71068573,"mean":26.4141731262,"median":23.60181427,"min":1.28521823883,"var":215.040985107},"dissonance":{"dmean":0.0189155191183,"dmean2":0.0321639180183,"dvar":0.000309492694214,"dvar2":0.000832679332234,"max":0.500000059605,"mean":0.468080669641,"median":0.47381618619,"min":0.301255851984,"var":0.000571193697397},"dynamic_complexity":2.43071770668,"erbbands":{"dmean":[0.260817468166,1.43532407284,2.34525299072,4.30623626709,12.5527009964,16.2625865936,17.2922420502,21.8681507111,23.8156051636,15.2701454163,19.3282680511,24.9330234528,19.3257598877,29.0334854126,16.6080493927,20.9706249237,22.3262367249,15.7157592773,17.4279937744,15.2901277542,10.2986268997,7.83221387863,5.44315004349,4.44569396973,4.02214336395,3.11216020584,1.86844360828,1.15024828911,0.801146924496,0.523778438568,0.304603397846,0.180179551244,0.10583139956,0.0356980934739,0.0143447006121,0.0196758974344,0.0322951227427,0.0322441868484,0.0153000671417,0.00448875175789],"dmean2":[0.429204523563,2.37112927437,3.86234903336,7.18358182907,21.1903705597,26.9868431091,28.1132698059,35.1307296753,36.9632492065,24.3204612732,31.3539924622,39.8731384277,30.6802368164,45.4230537415,25.9074707031,34.1034355164,36.7788696289,25.8566570282,28.6061763763,24.9128742218,16.9649620056,13.1242361069,8.94035053253,7.11355638504,6.17713928223,4.74910306931,2.80333971977,1.67763137817,1.14741039276,0.753409981728,0.4253937006,0.255748003721,0.15653988719,0.0559084042907,0.0235028322786,0.029256394133,0.0433790832758,0.0425744913518,0.0207999311388,0.00658989464864],"dvar":[0.24177788198,4.23066425323,8.58545207977,41.7005157471,576.511779785,1334.5592041,1648.80700684,3455.43798828,4213.73486328,1345.41699219,2102.29125977,3451.44213867,1666.51208496,3066.98852539,913.825744629,1551.93811035,1187.60888672,501.096832275,514.566467285,419.347320557,185.727279663,140.928741455,63.392414093,46.6028060913,141.554946899,115.723434448,22.8703250885,6.97649431229,2.82958316803,1.35894274712,0.421904921532,0.172683164477,0.0577528364956,0.00325794378296,0.00052794785006,0.00134376098868,0.00470341974869,0.00344959832728,0.000773431442212,0.0000215496438614],"dvar2":[0.617071628571,11.1513109207,22.5460548401,107.761940002,1515.25415039,3366.52001953,3799.28613281,8585.96289062,8600.97363281,3158.62353516,5091.70410156,8603.26367188,4082.95874023,7296.00244141,2030.3795166,3856.62768555,3178.77075195,1281.47094727,1331.94702148,1104.54394531,483.036773682,387.8984375,166.697616577,111.555099487,311.073974609,265.478393555,53.044593811,14.202917099,5.8537068367,3.12369203568,0.939166545868,0.374115079641,0.129497736692,0.00752747897059,0.00126977567561,0.00283164321445,0.00939911417663,0.00709544774145,0.00167954445351,0.0000496124375786],"max":[5.24696874619,24.8344974518,53.737739563,176.774108887,404.6434021,880.126647949,926.984313965,1543.37243652,2266.80200195,1060.50537109,1062.16491699,1806.14929199,1022.734375,1371.02453613,717.976928711,914.244140625,912.774169922,528.473388672,572.225708008,460.631866455,195.739364624,175.981201172,201.301696777,159.580703735,309.93145752,289.854736328,142.474914551,87.6846694946,51.4988136292,43.3681755066,23.313539505,19.3443470001,15.1662187576,2.13569021225,0.296802401543,2.13415122032,2.45042324066,1.69271397591,0.862255930901,0.101188726723],"mean":[0.280891984701,1.8010917902,3.39188027382,6.07903289795,15.3481578827,20.5760421753,22.506401062,30.480840683,34.5291137695,22.7746543884,28.4477405548,36.6471862793,30.346698761,43.9296913147,28.330247879,34.5349731445,37.227191925,26.9201869965,30.1260375977,26.4154167175,18.7713718414,14.0105543137,10.6599378586,8.89955711365,7.48226213455,5.94937229156,3.90723562241,2.46947455406,1.67923402786,1.01507532597,0.566235661507,0.282339811325,0.12797807157,0.0393819324672,0.0153337260708,0.0242847818881,0.0563643313944,0.0713791549206,0.0461576282978,0.0188446566463],"median":[0.108203567564,1.01090800762,2.28126788139,3.6590616703,6.24376392365,8.86451625824,10.0143108368,11.9497890472,13.0080003738,9.93999481201,11.9000349045,15.4948539734,15.8998947144,20.6189193726,15.4581947327,20.1317882538,24.4701328278,19.6205787659,21.813829422,19.833240509,14.4537305832,11.0016555786,8.0378484726,6.35991048813,4.33368444443,3.20158815384,2.29972863197,1.45744264126,0.966955065727,0.573978841305,0.302962273359,0.11376170069,0.0299962759018,0.0138601344079,0.00683920783922,0.00783794093877,0.0239021126181,0.0398586951196,0.0310998037457,0.0170827135444],"min":[3.92769906716e-22,4.92825202061e-21,4.00775727624e-20,7.55059251932e-20,1.13613916294e-19,1.00026886659e-19,2.62967515121e-19,1.93349668323e-19,5.02523337365e-19,2.31071249755e-18,1.06158467639e-18,1.41395927464e-18,2.13142213376e-18,2.60628605071e-18,2.84346085941e-18,3.3397537173e-18,8.58988767674e-18,5.43196149297e-18,3.9840670303e-18,6.06019482844e-18,1.22029166394e-17,5.4524610965e-18,9.80006614779e-18,1.10886613409e-17,1.36022407109e-17,1.6382139978e-17,1.68695908956e-17,1.53431299911e-17,1.75365036101e-17,2.03568222307e-17,1.56739708033e-17,2.03475908951e-17,1.53588315335e-17,1.19592333669e-17,7.63274623661e-18,6.63868648496e-18,3.24503037023e-18,1.50672416822e-18,3.39667061938e-19,3.56894733169e-20],"var":[0.238191962242,4.89459037781,13.0211076736,62.0528755188,685.028503418,1711.96105957,2260.88842773,5146.25634766,8207.25097656,2465.86401367,3695.55273438,5430.31005859,2606.15893555,5107.44287109,1932.02783203,2778.85473633,2005.5456543,770.123840332,924.405639648,643.626708984,309.658782959,174.881057739,114.159446716,94.3827438354,237.750152588,216.069946289,48.4799766541,16.4123744965,7.15983295441,2.70134973526,0.803488612175,0.379964411259,0.0997770503163,0.00432666717097,0.00059033872094,0.00238332594745,0.0106863975525,0.00867577455938,0.00276804319583,0.000165287652635]},"erbbands_crest":{"dmean":2.69280982018,"dmean2":4.43301868439,"dvar":7.26089334488,"dvar2":17.5709228516,"max":31.7144851685,"mean":7.90432214737,"median":6.70884275436,"min":1.94491994381,"var":16.2979927063},"erbbands_flatness_db":{"dmean":0.0202218350023,"dmean2":0.0296992752701,"dvar":0.000304988119751,"dvar2":0.00063132768264,"max":0.35617557168,"mean":0.139288619161,"median":0.137840852141,"min":0.0220771115273,"var":0.0013488123659},"erbbands_kurtosis":{"dmean":0.840904295444,"dmean2":1.36405754089,"dvar":1.9313095808,"dvar2":4.64880371094,"max":36.5035018921,"mean":0.213413536549,"median":-0.201885461807,"min":-1.62228012085,"var":2.84170436859},"erbbands_skewness":{"dmean":0.347102999687,"dmean2":0.543365120888,"dvar":0.111245140433,"dvar2":0.255125671625,"max":5.23462295532,"mean":0.173704370856,"median":0.0899386331439,"min":-3.06749081612,"var":0.413495719433},"erbbands_spread":{"dmean":6.4010925293,"dmean2":9.96604633331,"dvar":30.7023258209,"dvar2":73.6482543945,"max":135.451568604,"mean":31.3408222198,"median":30.2076911926,"min":2.65661048889,"var":139.893371582},"gfcc":{"cov":[[14814.9921875,1252.1114502,-809.848999023,-399.829284668,75.6800003052,-448.393432617,156.259918213,-352.815032959,88.0418777466,-194.087799072,-39.8035850525,-35.9541664124,-49.7840957642],[1252.1114502,883.585571289,-98.9218902588,-192.569229126,167.327453613,-96.1485824585,56.1335868835,-74.0814056396,48.4193878174,-34.9002189636,31.9163379669,-39.8296203613,56.0944709778],[-809.848999023,-98.9218902588,341.608276367,157.618865967,-24.0105075836,169.666259766,-93.9663848877,109.942832947,-26.9339637756,52.6120147705,5.57020330429,-0.650221168995,13.4980545044],[-399.829284668,-192.569229126,157.618865967,211.426147461,44.9100875854,62.479385376,16.382106781,28.016544342,4.32992601395,23.3263549805,1.56098926067,18.175661087,-21.9215431213],[75.6800003052,167.327453613,-24.0105075836,44.9100875854,191.572113037,21.9281349182,66.4808883667,-23.5890464783,27.6272068024,-18.4636650085,16.7900505066,4.26089286804,18.3351325989],[-448.393432617,-96.1485824585,169.666259766,62.479385376,21.9281349182,220.430725098,-43.8666915894,106.682312012,-34.2512626648,33.0339164734,7.56508636475,4.59686851501,29.1337280273],[156.259918213,56.1335868835,-93.9663848877,16.382106781,66.4808883667,-43.8666915894,177.22177124,-35.9971122742,53.2171707153,-16.0221309662,-0.347401171923,20.7519779205,-23.7741718292],[-352.815032959,-74.0814056396,109.942832947,28.016544342,-23.5890464783,106.682312012,-35.9971122742,162.026275635,18.1654510498,53.9251861572,17.8660888672,-11.0864400864,26.2815723419],[88.0418777466,48.4193878174,-26.9339637756,4.32992601395,27.6272068024,-34.2512626648,53.2171707153,18.1654510498,106.672019958,36.7670783997,12.6739616394,13.4026927948,-18.0109977722],[-194.087799072,-34.9002189636,52.6120147705,23.3263549805,-18.4636650085,33.0339164734,-16.0221309662,53.9251861572,36.7670783997,81.9460678101,37.137840271,6.5550994873,8.33562660217],[-39.8035850525,31.9163379669,5.57020330429,1.56098926067,16.7900505066,7.56508636475,-0.347401171923,17.8660888672,12.6739616394,37.137840271,54.9327430725,25.2321166992,18.7556991577],[-35.9541664124,-39.8296203613,-0.650221168995,18.175661087,4.26089286804,4.59686851501,20.7519779205,-11.0864400864,13.4026927948,6.5550994873,25.2321166992,63.1923484802,14.0408906937],[-49.7840957642,56.0944709778,13.4980545044,-21.9215431213,18.3351325989,29.1337280273,-23.7741718292,26.2815723419,-18.0109977722,8.33562660217,18.7556991577,14.0408906937,69.1059265137]],"icov":[[0.000104699807707,-0.000355670170393,0.000669717148412,-0.000648522458505,0.000474466854939,-0.000318529404467,0.00024749111617,-0.0000112214538603,-0.000114350979857,0.000158925322467,0.0000774206127971,-0.000103374928585,0.0000764255019021],[-0.000355670170393,0.00507820257917,-0.00696150911972,0.00874158926308,-0.00586508587003,0.003599754069,-0.00265494640917,0.0017575918464,-0.00108526099939,0.000737218884751,-0.003272699425,0.00363349472173,-0.00201062299311],[0.000669717148412,-0.00696150911972,0.0199729446322,-0.0194681100547,0.011371023953,-0.0105698043481,0.00745145883411,-0.00210987892933,-0.00157617591321,0.000762729847338,0.00239362986758,-0.00173076498322,0.0000606205248914],[-0.000648522458505,0.00874158926308,-0.0194681100547,0.0283704232424,-0.0172710064799,0.0109007107094,-0.00716343801469,0.0000171380979737,0.00531297875568,-0.00683318637311,0.00242829555646,-0.00297085451894,0.00490865018219],[0.000474466854939,-0.00586508587003,0.011371023953,-0.0172710064799,0.0213329382241,-0.0119703672826,0.00132525118534,0.0048922020942,-0.0104158911854,0.0125315366313,-0.0106739914045,0.00838380027562,-0.00764796184376],[-0.000318529404467,0.003599754069,-0.0105698043481,0.0109007107094,-0.0119703672826,0.0171575117856,-0.00288488646038,-0.00760110840201,0.0103739388287,-0.00867339596152,0.00781352631748,-0.00713517377153,0.00329098640941],[0.00024749111617,-0.00265494640917,0.00745145883411,-0.00716343801469,0.00132525118534,-0.00288488646038,0.0115742255002,-0.0010282167932,-0.00352399097756,0.00178011448588,0.00208088778891,-0.00419022655115,0.0029964405112],[-0.0000112214538603,0.0017575918464,-0.00210987892933,0.0000171380979737,0.0048922020942,-0.00760110840201,-0.0010282167932,0.0171968974173,-0.0107263177633,0.00377700384706,-0.00948303099722,0.0123651055619,-0.00919434241951],[-0.000114350979857,-0.00108526099939,-0.00157617591321,0.00531297875568,-0.0104158911854,0.0103739388287,-0.00352399097756,-0.0107263177633,0.0288162529469,-0.022176893428,0.0173812247813,-0.0166898146272,0.0129078468308],[0.000158925322467,0.000737218884751,0.000762729847338,-0.00683318637311,0.0125315366313,-0.00867339596152,0.00178011448588,0.00377700384706,-0.022176893428,0.0429851599038,-0.0331591702998,0.0178513377905,-0.00888515170664],[0.0000774206127971,-0.003272699425,0.00239362986758,0.00242829555646,-0.0106739914045,0.00781352631748,0.00208088778891,-0.00948303099722,0.0173812247813,-0.0331591702998,0.0543330535293,-0.0282514840364,0.00639897072688],[-0.000103374928585,0.00363349472173,-0.00173076498322,-0.00297085451894,0.00838380027562,-0.00713517377153,-0.00419022655115,0.0123651055619,-0.0166898146272,0.0178513377905,-0.0282514840364,0.0388529151678,-0.0157182198018],[0.0000764255019021,-0.00201062299311,0.0000606205248914,0.00490865018219,-0.00764796184376,0.00329098640941,0.0029964405112,-0.00919434241951,0.0129078468308,-0.00888515170664,0.00639897072688,-0.0157182198018,0.0287649855018]],"mean":[7.00876712799,99.8858413696,-93.1769714355,-5.53873825073,-10.2858772278,-21.917427063,-1.25706493855,-23.8333263397,-1.03920292854,-10.2371997833,-7.49106264114,-1.49406576157,-8.84589481354]},"hfc":{"dmean":22.8360996246,"dmean2":34.4778175354,"dvar":608.311035156,"dvar2":1383.28381348,"max":786.246337891,"mean":93.1561431885,"median":89.0796508789,"min":1.20287903228e-16,"var":2240.49316406},"melbands":{"dmean":[0.00212480966002,0.00139294692781,0.000895722827408,0.00109346443787,0.000610573159065,0.00048155587865,0.000335742457537,0.000167485006386,0.000168595914147,0.000154813882546,0.0000987284001894,0.000124888378195,0.0000610906572547,0.0000494944906677,0.0000515877618454,0.0000480138405692,0.0000302478165395,0.0000290960961138,0.0000247643092735,0.0000185051831068,0.0000120768818306,0.00000922881645238,0.00000668868051434,0.00000451252799394,0.00000387298086935,0.00000325686437463,0.0000027373876037,0.00000211883502743,0.00000139745577599,8.70707935974e-7,6.87180431669e-7,5.04441345583e-7,3.92356980683e-7,2.7412662007e-7,1.94145286514e-7,1.37102034614e-7,1.0689642238e-7,8.14035914232e-8,5.55842838423e-8,2.17899334132e-8],"dmean2":[0.00347631936893,0.00226074154489,0.0015043154126,0.00183172291145,0.000986973522231,0.00077005760977,0.00052115728613,0.000268543488346,0.000272727746051,0.000248526484938,0.000157044662046,0.00019572727615,0.0000943488921621,0.0000806142925285,0.0000840795328259,0.000080109857663,0.0000501708018419,0.0000481102833874,0.0000406003127864,0.0000305570974888,0.0000199886162591,0.0000155847992573,0.0000111638064482,0.00000742047132007,0.0000063105890149,0.00000514078192282,0.00000430804993812,0.00000328958299178,0.00000216124499275,0.00000132114075768,0.00000102916771993,7.38768392239e-7,5.82038182984e-7,4.06442353551e-7,2.80545975784e-7,1.94581843971e-7,1.57655591693e-7,1.22107451261e-7,8.53526103128e-8,3.56007525681e-8],"dvar":[0.000013066522115,0.00000302268722407,0.00000195001803149,0.00000488525074616,0.00000185412375231,0.00000148288847868,8.0796093016e-7,1.55383105493e-7,1.65986136835e-7,1.22144470538e-7,4.40041887373e-8,5.70275346945e-8,1.61318727265e-8,7.06785874272e-9,6.81991263463e-9,5.52187362501e-9,2.04686378957e-9,1.49436241159e-9,1.1109506648e-9,5.55377355216e-10,2.58657095742e-10,1.78307008047e-10,9.62787072289e-11,4.5815393146e-11,3.46622452962e-11,8.20137083246e-11,1.1206676559e-10,5.0737445495e-11,1.50567579238e-11,3.53675183758e-12,2.67020672066e-12,1.19062919246e-12,7.02663296472e-13,3.893223092e-13,1.7827583756e-13,9.04491664401e-14,7.09321653063e-14,3.95575939897e-14,1.19337286093e-14,1.11922529079e-15],"dvar2":[0.0000336399170919,0.00000772849216446,0.0000051169076869,0.0000126224440464,0.00000424859945269,0.00000364344668924,0.00000164563834915,3.61329938414e-7,4.02858120196e-7,3.05209624685e-7,1.07545048422e-7,1.34428745469e-7,3.49241844333e-8,1.74295955446e-8,1.74377898787e-8,1.47292222863e-8,5.27589749666e-9,3.89794374556e-9,2.86890933232e-9,1.45596212864e-9,6.83135381596e-10,4.87873907939e-10,2.64056387866e-10,1.19467505333e-10,8.5637538727e-11,1.85223156257e-10,2.70402811253e-10,1.16402103234e-10,3.69832671432e-11,7.26152428118e-12,5.72824773726e-12,2.52933546503e-12,1.66382825486e-12,9.10770482469e-13,4.14531066808e-13,1.91366616564e-13,1.55090526467e-13,9.11504826153e-14,2.64997611799e-14,2.66883268076e-15],"max":[0.0381335057318,0.0220831334591,0.0270112473518,0.0527403913438,0.0296575408429,0.0318192839622,0.0299008265138,0.0139375003055,0.00928922742605,0.0103348456323,0.00511908903718,0.00538196135312,0.00319531769492,0.00177744985558,0.00234802649356,0.00211272179149,0.00114457623567,0.000814404746052,0.000793512386736,0.00029761181213,0.000230510777328,0.000168123238836,0.000155068337335,0.000188876292668,0.000134176225401,0.000285700545646,0.00037543324288,0.000231873375014,0.000111704306619,0.0000858282510308,0.0000612361181993,0.0000339156322298,0.0000300282044918,0.0000210687867366,0.0000142368826346,0.0000100401775853,0.0000125413816932,0.0000125216565721,0.00000561721662962,4.62850948679e-7],"mean":[0.0025388803333,0.00204355199821,0.00127366208471,0.00138729682658,0.000815490668174,0.000679349293932,0.000492328661494,0.000240916691837,0.000244119815761,0.00022304734739,0.000148948238348,0.00018289059517,0.000096145682619,0.0000808096447145,0.000086424901383,0.0000746613077354,0.0000470426457468,0.0000472662250104,0.0000413708985434,0.0000298756094708,0.0000204219413718,0.00001510121092,0.0000114917775136,0.00000826625819172,0.00000712953851689,0.00000570279826206,0.0000046466175263,0.00000381980271413,0.00000265324547399,0.00000174656133822,0.00000133286914661,9.97582560558e-7,7.31290469957e-7,4.92773494898e-7,3.45593775819e-7,2.33459005017e-7,1.46041045923e-7,9.52999101855e-8,6.03699703561e-8,2.27873080405e-8],"median":[0.00125936593395,0.00144588993862,0.000779280613642,0.00057030422613,0.000377525284421,0.000275755708572,0.000187497964362,0.000102823782072,0.0000968815438682,0.0000936396463658,0.0000750588442315,0.0000810126875876,0.0000447547863587,0.0000473279942526,0.0000548456373508,0.0000470984487038,0.0000319131140714,0.0000330860457325,0.0000302252137772,0.0000216243151954,0.0000153018663696,0.0000113483247333,0.00000831775741972,0.00000575732974539,0.00000493878224006,0.00000341413056049,0.00000230802015722,0.00000201660236598,0.0000014948984699,0.00000106682909973,7.53449228341e-7,5.65404207009e-7,4.13281384226e-7,2.6914202067e-7,1.83767795647e-7,1.15546363588e-7,4.54321131826e-8,1.9329208456e-8,1.41804070708e-8,8.92785578799e-9],"min":[5.07500410511e-24,1.61877902289e-23,1.44779184396e-23,8.1046528106e-24,7.29015077052e-24,4.99832327525e-24,1.07134103021e-23,2.36857490499e-23,8.11229135075e-24,1.08337644439e-23,1.06859934414e-23,1.00841343803e-23,9.19724883016e-24,8.03461695057e-24,1.2838469841e-23,1.65728837238e-23,1.02600905941e-23,6.79210264914e-24,6.27276159422e-24,1.00506022698e-23,1.40204895551e-23,5.24227969348e-24,5.42420561215e-24,1.19366266992e-23,8.72176055295e-24,6.82356636635e-24,1.33269972001e-23,9.97928056652e-24,1.35231285316e-23,5.60565781984e-24,1.04416587643e-23,8.83554111676e-24,1.28022382485e-23,1.05061812755e-23,7.78435635042e-24,1.04500246342e-23,1.32471486993e-23,8.29967263701e-24,1.47174386985e-23,8.09102602732e-24],"var":[0.000013822256733,0.00000432579417975,0.00000257169654105,0.00000620509035798,0.00000256547423305,0.0000022523104235,0.00000163209926995,2.98784897268e-7,2.82242837102e-7,1.94315177282e-7,6.85629188979e-8,9.50132559296e-8,3.30415446115e-8,1.29111610292e-8,1.305754882e-8,8.75656613886e-9,2.82432410792e-9,2.53369147885e-9,1.78858217126e-9,8.51717918415e-10,4.07056138796e-10,2.21142465451e-10,1.41065090165e-10,8.53360923592e-11,6.37527045044e-11,1.18159398932e-10,1.65054511725e-10,9.25784171546e-11,2.74634377739e-11,7.83801062249e-12,5.43739402462e-12,2.74779829966e-12,1.38069872375e-12,7.01314386339e-13,2.98425834825e-13,1.86897643629e-13,1.41205853976e-13,6.53125895923e-14,1.68348187902e-14,1.29203674093e-15]},"melbands_crest":{"dmean":4.11756229401,"dmean2":6.74704265594,"dvar":12.942322731,"dvar2":33.1652374268,"max":39.1522521973,"mean":14.0495195389,"median":12.9597730637,"min":2.31053829193,"var":30.4353542328},"melbands_flatness_db":{"dmean":0.0319870859385,"dmean2":0.0487881824374,"dvar":0.000766228651628,"dvar2":0.00167955702636,"max":0.487118244171,"mean":0.23508438468,"median":0.230106160045,"min":0.00453530903906,"var":0.0030747668352},"melbands_kurtosis":{"dmean":6.89603710175,"dmean2":11.248000145,"dvar":207.128494263,"dvar2":539.787658691,"max":545.776367188,"mean":11.0420284271,"median":6.20209121704,"min":-1.71976566315,"var":353.257568359},"melbands_skewness":{"dmean":0.79760581255,"dmean2":1.26566147804,"dvar":0.676270723343,"dvar2":1.65414595604,"max":21.4382648468,"mean":2.51662635803,"median":2.24285769463,"min":-0.6670768857,"var":2.17724108696},"melbands_spread":{"dmean":5.76243543625,"dmean2":9.04530334473,"dvar":45.6160507202,"dvar2":96.8762054443,"max":136.827484131,"mean":17.4582843781,"median":15.885676384,"min":0.828766942024,"var":117.367332458},"mfcc":{"cov":[[6901.99902344,1014.32745361,-340.023925781,266.96685791,-172.290740967,108.203712463,-121.792366028,73.0253067017,-84.6842346191,71.0802841187,-70.8363876343,4.26705694199,-71.5832901001],[1014.32745361,1146.23071289,-210.03213501,44.8446998596,26.2983856201,40.7731590271,-3.65436577797,-10.7333660126,28.9368991852,-32.2745170593,22.8294429779,-18.1776447296,39.3835411072],[-340.023925781,-210.03213501,403.844329834,-61.616153717,132.803329468,-26.6506595612,47.2808303833,-20.0740089417,26.747133255,19.4470558167,17.5608901978,22.7915477753,-16.9777774811],[266.96685791,44.8446998596,-61.616153717,219.162902832,-31.6538467407,67.8157043457,-18.385641098,32.4942398071,-20.4430866241,27.9626998901,0.923964321613,3.85878181458,6.0366563797],[-172.290740967,26.2983856201,132.803329468,-31.6538467407,216.715988159,12.0605421066,61.348236084,-4.56576013565,39.0675849915,-5.80391120911,14.5915050507,12.6248521805,7.80592823029],[108.203712463,40.7731590271,-26.6506595612,67.8157043457,12.0605421066,129.591293335,26.1683368683,42.0615081787,-7.34926652908,7.44224023819,-14.5600442886,3.90279889107,2.72388529778],[-121.792366028,-3.65436577797,47.2808303833,-18.385641098,61.348236084,26.1683368683,109.729248047,21.0391616821,26.4424705505,-8.27538585663,0.593946993351,-2.93252706528,10.6502132416],[73.0253067017,-10.7333660126,-20.0740089417,32.4942398071,-4.56576013565,42.0615081787,21.0391616821,86.6290206909,20.120344162,16.5870265961,-4.13752889633,8.10493469238,0.276893049479],[-84.6842346191,28.9368991852,26.747133255,-20.4430866241,39.0675849915,-7.34926652908,26.4424705505,20.120344162,72.824546814,23.6115970612,25.3718967438,9.68085765839,8.9973897934],[71.0802841187,-32.2745170593,19.4470558167,27.9626998901,-5.80391120911,7.44224023819,-8.27538585663,16.5870265961,23.6115970612,72.874420166,30.9188194275,19.423784256,-0.654230058193],[-70.8363876343,22.8294429779,17.5608901978,0.923964321613,14.5915050507,-14.5600442886,0.593946993351,-4.13752889633,25.3718967438,30.9188194275,66.6185150146,28.3111858368,14.8377571106],[4.26705694199,-18.1776447296,22.7915477753,3.85878181458,12.6248521805,3.90279889107,-2.93252706528,8.10493469238,9.68085765839,19.423784256,28.3111858368,54.9231376648,23.8874340057],[-71.5832901001,39.3835411072,-16.9777774811,6.0366563797,7.80592823029,2.72388529778,10.6502132416,0.276893049479,8.9973897934,-0.654230058193,14.8377571106,23.8874340057,55.3615837097]],"icov":[[0.000202285140404,-0.00022076642199,0.0000462283715024,-0.000129503241624,0.0000584815934417,0.0000996207454591,-0.0000105943045128,-0.000102227888419,0.000251102406764,-0.000393380323658,0.000456883601146,-0.000445935002062,0.000460810289951],[-0.00022076642199,0.00134974438697,0.000575979531277,-0.0000131424485517,-0.000471912877401,-0.000589747622143,0.000330397306243,0.000527905882336,-0.00104657560587,0.00114995567128,-0.00125551701058,0.00118937494699,-0.00103123567533],[0.0000462283715024,0.000575979531277,0.00405335519463,0.000330346549163,-0.00219339714386,0.000647382636089,-0.00112382764928,0.00112393521704,0.0000386989850085,-0.00127954350319,0.000433954875916,-0.00195604888722,0.00205132318661],[-0.000129503241624,-0.0000131424485517,0.000330346549163,0.00660961028188,-0.000035552886402,-0.00290449312888,0.00125320686493,-0.00149641127791,0.00247698952444,-0.00250483443961,-0.00116526987404,0.00170373055153,-0.0017181688454],[0.0000584815934417,-0.000471912877401,-0.00219339714386,-0.000035552886402,0.00752227660269,-0.00130520015955,-0.00237794336863,0.00146691140253,-0.00306396582164,0.00193561066408,-0.00023194415553,-0.00142395636067,0.000393667112803],[0.0000996207454591,-0.000589747622143,0.000647382636089,-0.00290449312888,-0.00130520015955,0.012338694185,-0.00318406661972,-0.00416505709291,0.00321952137165,-0.00207799626514,0.00350326742046,-0.00239493465051,0.0008205488557],[-0.0000105943045128,0.000330397306243,-0.00112382764928,0.00125320686493,-0.00237794336863,-0.00318406661972,0.0139357121661,-0.00290265283547,-0.0031990383286,0.00277366838418,-0.00141356547829,0.00443586707115,-0.00388690270483],[-0.000102227888419,0.000527905882336,0.00112393521704,-0.00149641127791,0.00146691140253,-0.00416505709291,-0.00290265283547,0.0177835877985,-0.00683006318286,-0.00151607976295,0.00394896930084,-0.00432418938726,0.00236719567329],[0.000251102406764,-0.00104657560587,0.0000386989850085,0.00247698952444,-0.00306396582164,0.00321952137165,-0.0031990383286,-0.00683006318286,0.0241646766663,-0.00756237655878,-0.0047398195602,0.00252999924123,-0.00210375920869],[-0.000393380323658,0.00114995567128,-0.00127954350319,-0.00250483443961,0.00193561066408,-0.00207799626514,0.00277366838418,-0.00151607976295,-0.00756237655878,0.0240253265947,-0.00932323001325,-0.0024350520689,0.00291974237189],[0.000456883601146,-0.00125551701058,0.000433954875916,-0.00116526987404,-0.00023194415553,0.00350326742046,-0.00141356547829,0.00394896930084,-0.0047398195602,-0.00932323001325,0.028007812798,-0.0117406845093,0.0000760706243454],[-0.000445935002062,0.00118937494699,-0.00195604888722,0.00170373055153,-0.00142395636067,-0.00239493465051,0.00443586707115,-0.00432418938726,0.00252999924123,-0.0024350520689,-0.0117406845093,0.0334510840476,-0.014448210597],[0.000460810289951,-0.00103123567533,0.00205132318661,-0.0017181688454,0.000393667112803,0.0008205488557,-0.00388690270483,0.00236719567329,-0.00210375920869,0.00291974237189,0.0000760706243454,-0.014448210597,0.0274391043931]],"mean":[-653.786865234,165.581054688,-23.2951316833,31.0480976105,-1.32133543491,17.9847011566,-4.49146556854,5.39904642105,-2.55186367035,3.01485943794,-2.58473324776,-0.468175709248,-1.26620030403]},"pitch_salience":{"dmean":0.0819493681192,"dmean2":0.133872911334,"dvar":0.00526423379779,"dvar2":0.0135112376884,"max":0.831365406513,"mean":0.588062345982,"median":0.604176878929,"min":0.0446853712201,"var":0.0131615111604},"silence_rate_20dB":{"dmean":0,"dmean2":0,"dvar":0,"dvar2":0,"max":1,"mean":1,"median":1,"min":1,"var":0},"silence_rate_30dB":{"dmean":0.00978987570852,"dmean2":0.0195820890367,"dvar":0.00969458092004,"dvar2":0.0249286796898,"max":1,"mean":0.992598772049,"median":1,"min":0,"var":0.00734598515555},"silence_rate_60dB":{"dmean":0.00453677168116,"dmean2":0.00907462649047,"dvar":0.00451486092061,"dvar2":0.0116206668317,"max":1,"mean":0.026501134038,"median":0,"min":0,"var":0.0257983561605},"spectral_centroid":{"dmean":207.092071533,"dmean2":314.286804199,"dvar":55760.3671875,"dvar2":100629.03125,"max":10898.2773438,"mean":1006.59460449,"median":913.370178223,"min":170.859741211,"var":269464.8125},"spectral_complexity":{"dmean":3.91762185097,"dmean2":5.73444795609,"dvar":12.3394975662,"dvar2":23.5383205414,"max":55,"mean":21.6790027618,"median":22,"min":0,"var":67.8704223633},"spectral_contrast_coeffs":{"dmean":[0.0620093420148,0.0539193935692,0.0401690490544,0.0280919279903,0.0221400521696,0.0431608371437],"dmean2":[0.100212939084,0.0895010456443,0.0660513713956,0.0467236675322,0.0361358970404,0.0664769560099],"dvar":[0.00243290397339,0.00180948048364,0.00100730662234,0.000487613753648,0.000353418901796,0.00130587909371],"dvar2":[0.00647561019287,0.00488382345065,0.00266046915203,0.00131147471257,0.00088239798788,0.00314662535675],"max":[-0.294442355633,-0.383264750242,-0.545614123344,-0.64166533947,-0.654900491238,-0.467683404684],"mean":[-0.656727552414,-0.756237328053,-0.790465354919,-0.808149516582,-0.807315587997,-0.721667826176],"median":[-0.66351878643,-0.764322459698,-0.794987857342,-0.81016844511,-0.809377372265,-0.721807003021],"min":[-0.960284590721,-0.960770666599,-0.974850058556,-0.959768712521,-0.961340725422,-0.960709750652],"var":[0.00713848788291,0.00519387284294,0.00300260703079,0.00152723758947,0.0012296322966,0.00466692028567]},"spectral_contrast_valleys":{"dmean":[0.467838674784,0.38038828969,0.31696087122,0.294666141272,0.257295310497,0.617996871471],"dmean2":[0.725939571857,0.605484843254,0.495004475117,0.444982796907,0.363029658794,0.952820420265],"dvar":[0.164534986019,0.109841041267,0.0845067054033,0.0834715589881,0.083281442523,0.280450671911],"dvar2":[0.342822104692,0.244422197342,0.171557351947,0.151244625449,0.131030917168,0.665705323219],"max":[-5.13242816925,-4.40630817413,-5.19534730911,-5.64786720276,-5.82307338715,-8.81335639954],"mean":[-6.81622266769,-6.38889598846,-6.88445138931,-7.14801216125,-7.62919521332,-11.2522449493],"median":[-6.58418130875,-6.20486688614,-6.6802315712,-6.93019104004,-7.4010014534,-11.108455658],"min":[-27.0803375244,-27.3047599792,-27.3955745697,-27.5367851257,-27.2161884308,-27.2039451599],"var":[1.6959155798,1.6553581953,1.64036107063,1.5636869669,1.36366415024,1.17056155205]},"spectral_decrease":{"dmean":3.90244947468e-9,"dmean2":6.03798655519e-9,"dvar":1.96877704271e-17,"dvar2":4.66658409347e-17,"max":8.87228346347e-10,"mean":-8.13047051906e-9,"median":-6.76526168419e-9,"min":-5.38456461641e-8,"var":3.80734394561e-17},"spectral_energy":{"dmean":0.0154808918014,"dmean2":0.023616630584,"dvar":0.000293490651529,"dvar2":0.000691161782015,"max":0.213064983487,"mean":0.0391357988119,"median":0.0343593470752,"min":1.07149906935e-20,"var":0.000625170359854},"spectral_energyband_high":{"dmean":0.000220629983232,"dmean2":0.000297621299978,"dvar":1.36022293873e-7,"dvar2":2.77684819139e-7,"max":0.0135578783229,"mean":0.000721453630831,"median":0.000539124826901,"min":7.85068718321e-21,"var":5.47075046597e-7},"spectral_energyband_low":{"dmean":0.00915710907429,"dmean2":0.0145832644776,"dvar":0.000161855554325,"dvar2":0.000405427563237,"max":0.133751377463,"mean":0.0136929582804,"median":0.00940560363233,"min":8.12274675541e-23,"var":0.000216777960304},"spectral_energyband_middle_high":{"dmean":0.00201887730509,"dmean2":0.00302479206584,"dvar":0.00000571058717469,"dvar2":0.0000131111373776,"max":0.0483529493213,"mean":0.00547831738368,"median":0.00442993454635,"min":1.45517558834e-21,"var":0.0000199705500563},"spectral_energyband_middle_low":{"dmean":0.0086452588439,"dmean2":0.0136962300166,"dvar":0.000155114350491,"dvar2":0.000373878254322,"max":0.195920318365,"mean":0.0171000827104,"median":0.0118186445907,"min":3.46964199694e-22,"var":0.000292196200462},"spectral_entropy":{"dmean":0.16090978682,"dmean2":0.23612511158,"dvar":0.0226345043629,"dvar2":0.0483768321574,"max":9.81881713867,"mean":7.49358320236,"median":7.52229833603,"min":5.5919175148,"var":0.112483806908},"spectral_flux":{"dmean":0.0306444168091,"dmean2":0.0483609363437,"dvar":0.000960860110354,"dvar2":0.00214556674473,"max":0.330311477184,"mean":0.115912057459,"median":0.110023625195,"min":1.03513239647e-10,"var":0.00225955806673},"spectral_kurtosis":{"dmean":3.72128415108,"dmean2":5.52051734924,"dvar":16.0506439209,"dvar2":37.0911026001,"max":67.706817627,"mean":18.3869857788,"median":17.4295444489,"min":-1.21529459953,"var":46.607170105},"spectral_rms":{"dmean":0.00116698583588,"dmean2":0.00172204803675,"dvar":0.00000125056612887,"dvar2":0.0000027469880024,"max":0.0144176371396,"mean":0.00582590233535,"median":0.00578975956887,"min":3.23321035743e-12,"var":0.00000424021573053},"spectral_rolloff":{"dmean":3963.32885742,"dmean2":7392.87353516,"dvar":46465824,"dvar2":105499664,"max":22050,"mean":6657.34082031,"median":1722.65625,"min":21.533203125,"var":73669544},"spectral_skewness":{"dmean":0.282446950674,"dmean2":0.410080105066,"dvar":0.0788404420018,"dvar2":0.167710751295,"max":5.97166204453,"mean":2.89782190323,"median":2.85504817963,"min":0.01419692114,"var":0.335105389357},"spectral_spread":{"dmean":434212.96875,"dmean2":641888.9375,"dvar":253214883840,"dvar2":410227802112,"max":41070016,"mean":3883615,"median":3763077,"min":1551059.375,"var":1200043196420},"spectral_strongpeak":{"dmean":0.956169307232,"dmean2":1.72643589973,"dvar":19.9547672272,"dvar2":58.5831604004,"max":118.295227051,"mean":0.963717877865,"median":0.351815342903,"min":0,"var":12.6715507507},"zerocrossingrate":{"dmean":0.0351609140635,"dmean2":0.0425946228206,"dvar":0.000946684624068,"dvar2":0.00130823126528,"max":0.66259765625,"mean":0.213088110089,"median":0.19970703125,"min":0,"var":0.00644401926547}},"metadata":{"audio_properties":{"analysis_sample_rate":44100,"bit_rate":192000,"codec":"mp3","downmix":"mix","equal_loudness":0,"length":194.481628418,"lossless":false,"md5_encoded":"2ee87c5c33b53af5e33e01fb91eea08b","replay_gain":-5.60161399841,"sample_rate":44100},"tags":{"album":["Kiss Me Kiss Me Kiss Me"],"albumartist":["The Cure"],"albumartistsort":["Cure, The"],"artist":["The Cure"],"artistsort":["Cure, The"],"asin":["B000002H4Q"],"barcode":["075596073721"],"catalognumber":["E2 60737 553727T"],"composer":["Boris Williams","Laurence Tolhurst","Porl Thompson","Simon Gallup","Robert Smith"],"date":["1987"],"file_name":"05 Why Can't I Be You_.mp3","genre":["Progressive Rock"],"label":["Columbia House"],"lyricist":["Robert Smith"],"musicbrainz album release country":["CA"],"musicbrainz album status":["official"],"musicbrainz album type":["album"],"musicbrainz_albumartistid":["69ee3720-a7cb-4402-b48d-a02c366f2bcf"],"musicbrainz_albumid":["d304235b-0294-4dc8-aade-532ff3767ad8"],"musicbrainz_artistid":["69ee3720-a7cb-4402-b48d-a02c366f2bcf"],"musicbrainz_recordingid":["9d09031e-764e-4095-afb8-4caa0c82a2c3"],"performer:bass":["Simon Gallup"],"performer:keyboard":["Laurence Tolhurst"],"performer:keyboard and guitar":["Robert Smith"],"performer:percussion instruments and drums":["Boris Williams"],"performer:saxophone, keyboard and guitar":["Porl Thompson"],"performer:vocal":["Robert Smith"],"title":["Why Can't I Be You?"],"tracknumber":["5/17"]},"version":{"essentia":"2.1-beta1","essentia_build_sha":"9f04d4dd351e2d05498f0c7e4880499648f24ac0","essentia_git_sha":"v2.1_beta1-34-gf95df8b","extractor":"music 1.0"}},"rhythm":{"beats_count":348,"beats_loudness":{"dmean":0.0197387132794,"dmean2":0.0338659994304,"dvar":0.00033966297633,"dvar2":0.000989235355519,"max":0.158286109567,"mean":0.0505257546902,"median":0.0490471571684,"min":6.47399067688e-9,"var":0.000433635897934},"beats_loudness_band_ratio":{"dmean":[0.161453738809,0.122122474015,0.0680794268847,0.0548796951771,0.0258833114058,0.0586001090705],"dmean2":[0.27419757843,0.20915296