{"lowlevel":{"average_loudness":0.893446326256,"barkbands":{"dmean":[0.0051970067434,0.00765359262004,0.00246264389716,0.00132567225955,0.0019567089621,0.00165362854023,0.00139545521233,0.000610009767115,0.000483130512293,0.00045906053856,0.000391459703678,0.000497386208735,0.000664818042424,0.000531366968062,0.000317178230034,0.000286720867734,0.000215596446651,0.000123719262774,0.000126239028759,0.0000924899213715,0.0000749588070903,0.0000540935070603,0.0000252903300861,0.0000154115132318,0.00000292030176752,0.000013796764506,0.000122726371046],"dmean2":[0.00891877152026,0.012898562476,0.00418024742976,0.00223922193982,0.00311993248761,0.00260858889669,0.00218422524631,0.000972775684204,0.000776122964453,0.000748924911022,0.000648564833682,0.000835771264974,0.00111265445594,0.000871790049132,0.000520552275702,0.000473798892926,0.000354947929736,0.00019967998378,0.000196348002646,0.000140993637615,0.000110539898742,0.0000770121041569,0.0000356397686119,0.0000224934610742,0.00000482116911371,0.0000193297237274,0.000192438878003],"dvar":[0.000201419039513,0.000187388519407,0.0000148771277964,0.00000709821051714,0.0000230736659432,0.0000153290238813,0.000011666026694,0.0000027639352993,0.00000205535457098,9.38285950269e-7,7.63553430261e-7,8.08436993793e-7,0.00000141406167131,7.18456135473e-7,2.47823635391e-7,2.66897671963e-7,1.30780776431e-7,4.78876032162e-8,6.77514790937e-8,3.76171414018e-8,3.00812104115e-8,9.61266888311e-9,3.14103321131e-9,2.2315418402e-9,3.67917848965e-11,1.25275789742e-9,2.49655727202e-8],"dvar2":[0.000539748405572,0.000506826676428,0.0000409023778047,0.0000188448339031,0.0000536459265277,0.0000353918803739,0.0000264296741079,0.00000639800236968,0.00000512461065227,0.00000233458104049,0.00000199584337679,0.00000218601212509,0.00000379823063668,0.00000184608859399,6.25595987458e-7,6.95809092122e-7,3.41753832345e-7,1.22231028854e-7,1.69594230215e-7,8.98480081446e-8,6.71614586167e-8,2.00362499925e-8,6.29227470128e-9,4.56801929616e-9,8.78693784401e-11,2.40900699389e-9,6.2893327879e-8],"max":[0.228379532695,0.220639616251,0.0662007629871,0.065160676837,0.133352413774,0.100060358644,0.11413628608,0.0406794883311,0.0479352176189,0.0332355722785,0.0256565660238,0.0230845864862,0.0293409489095,0.0195483546704,0.0106021780521,0.0168678928167,0.0104789044708,0.00521854450926,0.00531862769276,0.00607011793181,0.00776714086533,0.00287055317312,0.00160792772658,0.00101506651845,0.000122790719615,0.000672027468681,0.00417531048879],"mean":[0.00518588069826,0.0106231858954,0.0033253300935,0.00163433281705,0.0035330154933,0.00257657794282,0.00240625487641,0.000932760012802,0.000797332555521,0.000712792621925,0.000585763424169,0.000843467132654,0.00118276220746,0.000966332503594,0.000595095625613,0.000535558967385,0.000408640509704,0.000211626334931,0.000214198080357,0.000174838191015,0.000149814964971,0.000105628620076,0.0000477699068142,0.0000207361572393,0.00000296525172416,0.0000231200956478,0.000395424634917],"median":[0.000752847292461,0.00568044744432,0.00191929924767,0.000787046097685,0.00115948508028,0.000830404576845,0.0006858977722,0.000253715028521,0.000249620148679,0.000329309026711,0.000256412080489,0.000439566036221,0.000586036534514,0.000611566880252,0.000383039558074,0.00034235289786,0.000282978027826,0.000115914059279,0.0001049681523,0.0000803130824352,0.0000616927136434,0.0000398496413254,0.0000129835088956,0.00000258010277321,8.31604666018e-7,0.00000545515013073,0.000309095717967],"min":[7.52495811769e-16,1.02802864149e-15,5.4664118284e-16,4.01697275483e-16,4.11279097471e-16,7.00446219496e-17,4.11300299764e-16,6.97082069327e-16,3.87132941001e-16,4.22120086874e-16,2.12496426027e-15,2.50203452927e-15,1.25606007529e-15,9.3339716771e-16,2.03951112963e-15,9.82480080026e-16,6.64850983376e-16,2.33020013163e-15,1.6461613109e-15,1.75414329448e-15,1.40744339181e-15,1.31006911946e-15,1.34477015349e-15,3.02736436316e-15,3.69011089317e-15,3.5768875756e-15,1.74566256768e-14],"var":[0.000184090516996,0.00022755007376,0.0000198163670575,0.00000866802656674,0.0000771765189711,0.0000284596044366,0.0000341740051226,0.00000556776194571,0.00000458186787,0.00000163471099768,0.00000124352720832,0.00000144434659433,0.0000031150925679,0.00000151936569637,5.41829535905e-7,5.18797321547e-7,2.32738372574e-7,8.2386044653e-8,1.12421474796e-7,9.31878147981e-8,8.73761081266e-8,2.78946163945e-8,8.71823235826e-9,3.93693033729e-9,4.23130593064e-11,2.75341816014e-9,1.40625871836e-7]},"barkbands_crest":{"dmean":2.92451357841,"dmean2":4.83663034439,"dvar":6.25604200363,"dvar2":16.4106197357,"max":25.0346698761,"mean":9.89929199219,"median":9.25978755951,"min":2.31142401695,"var":15.3798284531},"barkbands_flatness_db":{"dmean":0.0261466503143,"dmean2":0.041090130806,"dvar":0.000503070186824,"dvar2":0.00125648127869,"max":0.390138089657,"mean":0.13515907526,"median":0.127307683229,"min":0.0242746528238,"var":0.00244810362346},"barkbands_kurtosis":{"dmean":3.38482022285,"dmean2":5.46326255798,"dvar":33.6550865173,"dvar2":81.1310958862,"max":162.852340698,"mean":5.12392091751,"median":2.66957855225,"min":-1.78026163578,"var":70.6092071533},"barkbands_skewness":{"dmean":0.585616350174,"dmean2":0.930484056473,"dvar":0.349077612162,"dvar2":0.865095853806,"max":10.6841840744,"mean":1.78477668762,"median":1.5791182518,"min":-1.32698464394,"var":1.17043721676},"barkbands_spread":{"dmean":6.66822862625,"dmean2":10.4773283005,"dvar":43.135345459,"dvar2":102.937904358,"max":89.0517578125,"mean":26.3969268799,"median":25.3199176788,"min":1.02164530754,"var":175.942504883},"dissonance":{"dmean":0.015954984352,"dmean2":0.0269515402615,"dvar":0.000326267938362,"dvar2":0.000883928034455,"max":0.500000119209,"mean":0.473103553057,"median":0.480479925871,"min":0.0231100339442,"var":0.000628006993793},"dynamic_complexity":3.89045119286,"erbbands":{"dmean":[0.380480766296,1.30906844139,2.76748991013,3.62743544579,4.82673358917,7.6482591629,9.58428382874,15.3221693039,15.8886222839,23.4857997894,12.0164308548,10.1343812943,11.1001434326,14.7990140915,15.1989068985,20.1634216309,28.7539691925,27.1770935059,17.6105823517,16.0398101807,14.0809335709,10.8360233307,6.9581694603,6.32431125641,5.62242269516,4.32929468155,3.75394248962,2.51766610146,2.2542848587,1.10009598732,0.656527400017,0.377563387156,0.2195084095,0.0517557263374,0.0174061413854,0.03595610708,0.0288434140384,0.0181932002306,0.0069734682329,0.00303424848244],"dmean2":[0.641942501068,2.23462963104,4.70688486099,6.07536268234,8.12723064423,12.1809568405,15.2080631256,24.2256069183,25.2988071442,36.1626472473,19.1976528168,16.3891029358,17.9695930481,24.1054649353,25.0273361206,33.8778800964,48.1360321045,44.4951133728,28.7463264465,26.4040966034,23.0571422577,17.7715854645,11.2251901627,9.80712604523,8.70921802521,6.54912233353,5.62577199936,3.69945883751,3.22982692719,1.57331109047,0.926079213619,0.543519318104,0.328229367733,0.0810403972864,0.0285821594298,0.0540354438126,0.0407279320061,0.0244264230132,0.00970169343054,0.00472368998453],"dvar":[0.714079499245,4.26417016983,17.6910972595,42.3505439758,82.0709075928,500.435455322,786.180847168,1393.75878906,1805.48657227,5382.94580078,1305.69445801,846.801391602,590.781494141,839.264526367,911.262390137,1381.04101562,2824.98681641,1977.08129883,753.050842285,782.693847656,540.239318848,356.432678223,152.545959473,160.303268433,129.065872192,83.4953155518,74.8764801025,35.3346061707,17.4017124176,5.22874498367,2.2194211483,1.20118308067,0.500841319561,0.0175873730332,0.000916487188078,0.0118921920657,0.00615284964442,0.00114551419392,0.000183256066521,0.000014991255739],"dvar2":[1.92978608608,11.9038553238,49.3735694885,111.258155823,214.107940674,1211.05712891,1770.07092285,3205.61328125,4133.83496094,11601.3369141,2919.95385742,2151.25830078,1425.7557373,2060.57666016,2420.36328125,3803.42871094,7646.67285156,5105.42089844,1945.60461426,1980.23535156,1359.78588867,926.642883301,392.383392334,396.7059021,323.368896484,201.291564941,170.625457764,79.8238677979,36.3548164368,10.9533720016,4.37632751465,2.46454238892,1.05245113373,0.037798691541,0.00222643371671,0.0247145276517,0.0121654225513,0.00208219490014,0.000359574798495,0.0000363628423656],"max":[16.0295715332,23.9400157928,58.4957695007,166.927825928,271.221679688,632.848937988,917.89654541,1084.41772461,1411.4354248,2919.28686523,1693.92614746,757.329772949,649.249023438,765.315063477,698.511291504,993.172851562,1354.46240234,1079.36987305,603.170898438,657.627929688,512.753295898,488.713317871,225.156021118,331.051483154,224.161834717,276.507904053,236.977401733,320.907989502,126.638641357,100.582397461,46.4959182739,30.5644073486,14.7947616577,2.90102386475,0.588599383831,2.2392001152,1.64524459839,1.18809950352,0.676021575928,0.106565579772],"mean":[0.454295396805,1.81833934784,3.91575407982,5.08807420731,7.30403614044,13.7033376694,15.294465065,23.509054184,26.466135025,40.0714263916,20.5374011993,17.0718421936,18.0852851868,24.4661178589,26.4413414001,36.7776031494,53.5752334595,52.7715606689,36.429901123,31.0343608856,29.3271007538,21.7082881927,12.5752429962,11.1043558121,9.96146965027,8.28795051575,7.24265480042,5.11050033569,4.27394580841,2.1883263588,1.22455656528,0.58552312851,0.256124019623,0.0578168481588,0.018720433116,0.0420548468828,0.0480542853475,0.0408261194825,0.018500616774,0.0126380715519],"median":[0.156758069992,1.06282150745,2.39813685417,2.85883426666,3.39226508141,3.42544031143,4.65181684494,7.4058380127,8.44256782532,9.50853252411,6.27371692657,5.73038864136,8.29221248627,12.226272583,13.8353528976,19.9047164917,27.3364543915,34.0013122559,25.4925327301,19.537311554,20.2743434906,15.2721128464,7.36763525009,5.93689870834,4.8294506073,3.85816907883,3.00790905952,2.08732628822,1.57013809681,0.768004953861,0.311293959618,0.100300043821,0.0223136451095,0.011148577556,0.00666569219902,0.0054835146293,0.0104168662801,0.0159306656569,0.0107365474105,0.0105635365471],"min":[3.92090568726e-14,2.01161664908e-13,5.84118148815e-13,1.10108081507e-12,1.47007449616e-12,1.30802996472e-12,6.51692783939e-13,7.07221987136e-13,3.81706168409e-12,1.07117873599e-11,1.56039486887e-11,9.59670017064e-12,4.92136539854e-12,4.18573405103e-11,1.03011571495e-10,9.425693559e-11,6.00110447446e-11,5.12898751248e-11,8.03399985427e-11,9.25957366338e-11,4.67217653455e-11,4.41776060178e-11,1.29022251216e-10,9.8330885101e-11,5.59313637072e-11,8.27592369634e-11,8.2030951476e-11,4.1143696089e-11,3.48460323096e-11,6.29301957766e-11,4.19589259171e-11,8.16814185733e-11,3.43759742893e-11,3.60919211184e-11,2.63516448246e-11,1.43082108661e-11,6.04510885793e-12,4.32355540259e-12,1.25337164692e-12,3.40759403116e-13],"var":[0.747178077698,5.42372751236,23.8479442596,58.720085144,143.350250244,1887.95373535,1604.52038574,2560.72558594,4212.94970703,15760.9599609,3163.66601562,1752.79614258,1182.36242676,1670.06079102,1670.25854492,2644.08154297,6367.96484375,4531.27734375,1689.62463379,1674.57971191,1236.87341309,639.476989746,257.886779785,272.42388916,241.685028076,205.428451538,207.309646606,92.3737030029,46.1687088013,16.327589035,6.15648078918,2.4295861721,0.778096020222,0.0256302915514,0.00108832470141,0.0185279920697,0.0131677687168,0.00428991019726,0.000719326664694,0.000118951189506]},"erbbands_crest":{"dmean":2.54743146896,"dmean2":4.15930557251,"dvar":5.86762666702,"dvar2":14.2663574219,"max":31.8016777039,"mean":8.93921375275,"median":7.60073852539,"min":2.60473561287,"var":21.5154953003},"erbbands_flatness_db":{"dmean":0.0215217247605,"dmean2":0.0327226109803,"dvar":0.000378942466341,"dvar2":0.00085450016195,"max":0.481538802385,"mean":0.160129278898,"median":0.14957806468,"min":0.0453396514058,"var":0.00320208771154},"erbbands_kurtosis":{"dmean":1.28628909588,"dmean2":2.00454974174,"dvar":9.61220550537,"dvar2":20.4828147888,"max":147.375061035,"mean":1.44880187511,"median":0.15313410759,"min":-1.74678719044,"var":43.7416496277},"erbbands_skewness":{"dmean":0.366061061621,"dmean2":0.558368325233,"dvar":0.118677459657,"dvar2":0.266071498394,"max":5.44291162491,"mean":-0.164778336883,"median":-0.199711158872,"min":-4.93100070953,"var":0.736328959465},"erbbands_spread":{"dmean":5.96793842316,"dmean2":9.24092006683,"dvar":32.5761375427,"dvar2":72.5323410034,"max":99.9529571533,"mean":29.0837860107,"median":27.8132362366,"min":0.550476074219,"var":183.672943115},"gfcc":{"cov":[[15329.6464844,-704.080993652,-414.619415283,2625.70410156,11.4742269516,-78.7099533081,713.258300781,217.84916687,391.118621826,-88.0383148193,-508.32220459,587.287963867,-538.698730469],[-704.080993652,862.695251465,-56.0363426208,-291.21585083,107.54434967,-172.615219116,10.1644010544,-59.1248321533,35.1905212402,-33.2031555176,12.4885110855,-68.8644638062,75.8070983887],[-414.619415283,-56.0363426208,356.691497803,97.7582778931,-97.5149993896,118.318367004,-94.7908782959,109.745872498,-82.0802078247,14.5356845856,4.60209655762,-7.75954246521,13.0457954407],[2625.70410156,-291.21585083,97.7582778931,1045.86279297,38.1981620789,-31.9247684479,247.525604248,148.692764282,20.8736133575,-56.4316940308,-165.529556274,146.640029907,-159.001434326],[11.4742269516,107.54434967,-97.5149993896,38.1981620789,267.649688721,45.5288314819,94.2910079956,-65.1004333496,21.5643558502,-37.4297027588,13.9375925064,0.650082528591,19.1859073639],[-78.7099533081,-172.615219116,118.318367004,-31.9247684479,45.5288314819,286.516174316,-35.5135498047,41.4044570923,-41.6221885681,22.8883209229,34.0383491516,15.9328622818,17.5552978516],[713.258300781,10.1644010544,-94.7908782959,247.525604248,94.2910079956,-35.5135498047,279.031036377,-4.86879825592,81.6202850342,-31.2595252991,-43.620388031,42.6249732971,-64.5186157227],[217.84916687,-59.1248321533,109.745872498,148.692764282,-65.1004333496,41.4044570923,-4.86879825592,249.115219116,22.4017105103,30.811214447,-29.1914577484,-11.5396499634,-8.15457057953],[391.118621826,35.1905212402,-82.0802078247,20.8736133575,21.5643558502,-41.6221885681,81.6202850342,22.4017105103,156.310897827,45.9652633667,8.20568180084,25.5165328979,-34.2013206482],[-88.0383148193,-33.2031555176,14.5356845856,-56.4316940308,-37.4297027588,22.8883209229,-31.2595252991,30.811214447,45.9652633667,100.307281494,52.5951118469,-3.69976186752,12.9887456894],[-508.32220459,12.4885110855,4.60209655762,-165.529556274,13.9375925064,34.0383491516,-43.620388031,-29.1914577484,8.20568180084,52.5951118469,102.077720642,13.4132890701,39.4409751892],[587.287963867,-68.8644638062,-7.75954246521,146.640029907,0.650082528591,15.9328622818,42.6249732971,-11.5396499634,25.5165328979,-3.69976186752,13.4132890701,107.067062378,-5.01105690002],[-538.698730469,75.8070983887,13.0457954407,-159.001434326,19.1859073639,17.5552978516,-64.5186157227,-8.15457057953,-34.2013206482,12.9887456894,39.4409751892,-5.01105690002,103.442909241]],"icov":[[0.000179364767973,-0.000131485576276,0.000466205383418,-0.000476301182061,0.000268390489509,-0.000368616339983,0.000208098688745,0.0000989769614534,-0.000255643273704,-0.000128808751469,0.000399065902457,-0.000387719861465,0.000150605032104],[-0.000131485576276,0.00218461710028,-0.00167038675863,0.00172660290264,-0.00215229927562,0.00244413781911,-0.000652150483802,-0.000482662930153,0.000179464390385,-0.00042267923709,0.00145828037057,-0.000759523303714,-0.000361902668374],[0.000466205383418,-0.00167038675863,0.00799177307636,-0.00478870701045,0.00542369298637,-0.00527744879946,0.00209364667535,0.0000684315673425,-0.00117133453023,0.00353029044345,-0.00512300571427,0.00437338184565,-0.00218107388355],[-0.000476301182061,0.00172660290264,-0.00478870701045,0.0083261243999,-0.00711778784171,0.00569089688361,-0.00279552303255,-0.00357228936628,0.00671311561018,-0.0080181825906,0.0104372221977,-0.010974095203,0.00670056743547],[0.000268390489509,-0.00215229927562,0.00542369298637,-0.00711778784171,0.0131846023723,-0.00762075837702,-0.0000279086343653,0.00397195946425,-0.00721285166219,0.0112359523773,-0.0119547238573,0.0120012704283,-0.00816221814603],[-0.000368616339983,0.00244413781911,-0.00527744879946,0.00569089688361,-0.00762075837702,0.009974937886,-0.00147507549264,-0.00305248633958,0.00566556444392,-0.00674325739965,0.00591965857893,-0.0078842472285,0.00434307660908],[0.000208098688745,-0.000652150483802,0.00209364667535,-0.00279552303255,-0.0000279086343653,-0.00147507549264,0.00746064819396,0.000712777371518,-0.00410648901016,0.00301267532632,-0.00127665488981,0.00102445296943,0.000765992561355],[0.0000989769614534,-0.000482662930153,0.0000684315673425,-0.00357228936628,0.00397195946425,-0.00305248633958,0.000712777371518,0.00754957040772,-0.00503629073501,0.00222243089229,-0.00207743328065,0.00632374268025,-0.00465513812378],[-0.000255643273704,0.000179464390385,-0.00117133453023,0.00671311561018,-0.00721285166219,0.00566556444392,-0.00410648901016,-0.00503629073501,0.0194843932986,-0.0159024074674,0.00990250706673,-0.0134140914306,0.0104350149632],[-0.000128808751469,-0.00042267923709,0.00353029044345,-0.0080181825906,0.0112359523773,-0.00674325739965,0.00301267532632,0.00222243089229,-0.0159024074674,0.0333905443549,-0.0253754202276,0.0192622542381,-0.010858447291],[0.000399065902457,0.00145828037057,-0.00512300571427,0.0104372221977,-0.0119547238573,0.00591965857893,-0.00127665488981,-0.00207743328065,0.00990250706673,-0.0253754202276,0.039602316916,-0.0242585819215,0.0081367213279],[-0.000387719861465,-0.000759523303714,0.00437338184565,-0.010974095203,0.0120012704283,-0.0078842472285,0.00102445296943,0.00632374268025,-0.0134140914306,0.0192622542381,-0.0242585819215,0.0339180156589,-0.0145939849317],[0.000150605032104,-0.000361902668374,-0.00218107388355,0.00670056743547,-0.00816221814603,0.00434307660908,0.000765992561355,-0.00465513812378,0.0104350149632,-0.010858447291,0.0081367213279,-0.0145939849317,0.0231829546392]],"mean":[-13.3023672104,98.859664917,-103.55065918,-0.767106413841,-9.57677841187,-13.0821905136,-2.72812008858,-25.228395462,1.75253105164,-2.7422375679,-2.83877301216,-0.958652555943,-8.36172962189]},"hfc":{"dmean":23.4584236145,"dmean2":37.0353813171,"dvar":977.676635742,"dvar2":2388.17602539,"max":658.880371094,"mean":95.3434524536,"median":85.1083374023,"min":1.34701494403e-9,"var":5228.84082031},"melbands":{"dmean":[0.00285174627788,0.00146787159611,0.000620806065854,0.000432694447227,0.000335319229634,0.000335300923325,0.000249409058597,0.000226937307161,0.0000999947442324,0.0000624921158305,0.0000585022098676,0.0000634594689473,0.0000546245173609,0.0000557009007025,0.0000591452335357,0.0000697249270161,0.0000530192737642,0.0000326129193127,0.0000236118121393,0.0000215085328819,0.0000177996698767,0.0000132703380586,0.00000779972288001,0.00000631967577647,0.00000532782769369,0.00000524172719452,0.00000334042942995,0.0000030522301131,0.00000270623081633,0.00000187626199022,0.00000148119636378,0.00000161695913903,7.48440129428e-7,6.0179297634e-7,4.12020455087e-7,3.24651836081e-7,2.06199530339e-7,1.62522141522e-7,1.10900053585e-7,2.59566412808e-8],"dmean2":[0.0047855223529,0.00248329900205,0.00104234484024,0.000696550530847,0.000531492230948,0.000527276366483,0.000395112496335,0.000349152687704,0.000160703784786,0.000100473596831,0.0000949097593548,0.000103634760308,0.0000902036990738,0.0000931463146117,0.0000990662883851,0.000116776900541,0.0000869482537382,0.0000538128806511,0.0000388988664781,0.00003551546979,0.0000293880875688,0.0000219718313019,0.0000128319325086,0.0000103375350591,0.00000841289693199,0.0000083064651335,0.00000523746984982,0.00000474217586088,0.00000418381659983,0.00000284499446934,0.00000223053416448,0.00000236560254052,0.0000011046521422,8.83848485955e-7,6.03225544182e-7,4.72809290386e-7,3.0760492109e-7,2.48687769044e-7,1.69423941543e-7,4.28153370535e-8],"dvar":[0.0000351481940015,0.000004534618256,0.00000117353022233,9.92263039734e-7,9.490201478e-7,6.56216286643e-7,3.81279591011e-7,4.85605937683e-7,1.06973317315e-7,3.08184731068e-8,1.66961449111e-8,1.5859601632e-8,1.41899123562e-8,1.00472625775e-8,1.30198856141e-8,1.49514427505e-8,7.34024219184e-9,2.63430788294e-9,1.4655132663e-9,1.71770531132e-9,8.38503377842e-10,5.28158183855e-10,1.89573190479e-10,1.3048924441e-10,1.20330828635e-10,1.19532356235e-10,4.68999596104e-11,4.83070666801e-11,3.95475110992e-11,2.09130109063e-11,1.23778244598e-11,1.008559989e-11,2.16448517096e-12,1.72929953777e-12,9.17279815472e-13,6.990044394e-13,4.61411291119e-13,2.94043814904e-13,1.31452560967e-13,2.77419193269e-15],"dvar2":[0.0000937243166845,0.0000128308493004,0.00000310784434987,0.00000242179999077,0.00000212122495213,0.00000150525193021,8.83656412043e-7,0.00000105818628526,2.41555596858e-7,7.67605143892e-8,4.04400246623e-8,3.89803673784e-8,3.76493218823e-8,2.68901025891e-8,3.50310997987e-8,4.05920204116e-8,1.89905815517e-8,6.90016621618e-9,3.71185571169e-9,4.405480869e-9,2.12507900166e-9,1.39566591617e-9,4.93225793541e-10,3.37853328647e-10,3.0227631509e-10,3.06264180683e-10,1.14963996656e-10,1.19313781077e-10,9.39862701554e-11,4.9307856409e-11,2.91457795398e-11,2.21281083734e-11,4.77086556025e-12,3.71922761686e-12,1.92492115997e-12,1.495915696e-12,9.8701710867e-13,6.40544691941e-13,2.83703995626e-13,6.59181707157e-15],"max":[0.109358996153,0.026857174933,0.026070939377,0.0283382460475,0.034894362092,0.0224940162152,0.0185827668756,0.0264800358564,0.0169633105397,0.00503207743168,0.00342083629221,0.00339010986499,0.00296588195488,0.00277594779618,0.00280961417593,0.00229767221026,0.00189546321053,0.00111422827467,0.000704931793734,0.00179203099106,0.000665328407194,0.000638244207948,0.000259060703684,0.000288466981146,0.000307804293698,0.000221319773118,0.000153900953592,0.000229291632422,0.000167225050973,0.000192591978703,0.000184088552487,0.0000745570432628,0.0000822813162813,0.0000527331249032,0.0000320344552165,0.0000267157502094,0.0000148059534695,0.0000103827069324,0.00000734802824809,0.00000111084750642],"mean":[0.0037315886002,0.0022266570013,0.000930187525228,0.000770753598772,0.00055954355048,0.000524796254467,0.000426267215516,0.000383509410312,0.000161338917678,0.000102291953226,0.0000917744109756,0.000101033758256,0.0000864523390192,0.0000920102829696,0.000104249222204,0.000121918121295,0.0000951032416197,0.0000614668169874,0.0000433981658716,0.0000381460740755,0.0000344129330188,0.0000246922536462,0.0000131262668219,0.0000103986867543,0.00000872547661857,0.00000832195746625,0.00000587987187828,0.00000541281588085,0.00000486525368615,0.00000342664066011,0.0000027910271001,0.00000278139782495,0.00000145078092828,0.00000110075552584,7.37363166081e-7,5.37742323559e-7,2.722503325e-7,1.8159593651e-7,1.19844557389e-7,2.6243546003e-8],"median":[0.00163688941393,0.00145374285057,0.000566985807382,0.00025793214445,0.000161726682563,0.000165887482581,0.000136063841637,0.0000915478449315,0.000047449448175,0.000033023821743,0.0000404197307944,0.0000484301381221,0.0000405479586334,0.0000487204342789,0.0000498385088576,0.0000626215623925,0.0000591804600845,0.0000409953427152,0.0000271757071459,0.0000227141463256,0.0000231048543355,0.0000169445938809,0.00000778603407525,0.00000557512294108,0.00000437761354988,0.00000381018389817,0.00000270674468084,0.00000241394423028,0.00000195134612113,0.000001367069558,0.00000107637549718,9.28077724893e-7,5.76221339088e-7,3.41931553294e-7,1.86937683111e-7,1.02665211443e-7,3.57225999892e-8,1.16609699674e-8,9.94387328035e-9,7.39333794186e-9],"min":[3.53904764923e-16,2.97726919353e-16,2.04354427701e-16,1.04119797888e-16,2.88960260698e-17,1.60832663878e-17,6.55269121684e-17,1.2729497005e-16,1.26076804323e-16,5.13981412191e-17,2.08826758354e-17,1.48951934915e-16,3.23122581768e-16,3.09392707089e-16,1.72480922003e-16,1.19065978793e-16,8.83122903554e-17,1.12276202392e-16,1.60897521456e-16,8.46089233437e-17,4.77758279812e-17,2.89775860782e-17,1.04750387448e-16,1.11097225174e-16,7.67090043867e-17,6.30313082603e-17,1.76604003766e-17,6.77835336713e-17,6.27329872268e-17,3.11979340569e-17,2.07158020729e-17,1.20585545974e-17,3.89218455232e-17,3.04240966677e-17,2.18517063424e-17,3.33128396686e-17,5.15533831678e-17,1.41880351314e-17,3.80882492978e-17,2.79862068053e-17],"var":[0.0000395957031287,0.00000645985528536,0.00000164142068115,0.00000383524411518,0.0000020913832941,0.00000122992128126,9.18519560855e-7,0.0000013789338027,2.55949316852e-7,6.52874661e-8,3.225409273e-8,3.05173166737e-8,2.35446933061e-8,1.75839893757e-8,2.74419384994e-8,3.11659995589e-8,1.54549439912e-8,5.30809352028e-9,3.06762526492e-9,3.31691984989e-9,1.81091519558e-9,8.88540574451e-10,2.88378598778e-10,2.14973566726e-10,1.88374302268e-10,1.82977258345e-10,9.72792402187e-11,1.03989511446e-10,9.76714473189e-11,5.14147162345e-11,2.77656803799e-11,2.15245356261e-11,7.04750537442e-12,4.61079134942e-12,2.35435434169e-12,1.55206652652e-12,7.75356124791e-13,4.30030495805e-13,1.85199200268e-13,3.21186846786e-15]},"melbands_crest":{"dmean":4.39127445221,"dmean2":7.28234958649,"dvar":15.6477956772,"dvar2":41.1738395691,"max":38.1259651184,"mean":15.609454155,"median":14.6130399704,"min":3.70950770378,"var":37.9347839355},"melbands_flatness_db":{"dmean":0.0331987552345,"dmean2":0.0519348345697,"dvar":0.000754383567255,"dvar2":0.00184946611989,"max":0.482468575239,"mean":0.238386958838,"median":0.233801394701,"min":0.0292102731764,"var":0.0033302383963},"melbands_kurtosis":{"dmean":5.92304611206,"dmean2":9.59144020081,"dvar":94.5492477417,"dvar2":231.835388184,"max":254.798980713,"mean":9.67200469971,"median":5.2667760849,"min":-1.82026255131,"var":212.196273804},"melbands_skewness":{"dmean":0.77089458704,"dmean2":1.22437024117,"dvar":0.58010405302,"dvar2":1.42620837688,"max":15.1624078751,"mean":2.302546978,"median":2.13221526146,"min":-5.53661203384,"var":2.70124101639},"melbands_spread":{"dmean":6.54853582382,"dmean2":10.3890895844,"dvar":47.2293968201,"dvar2":113.193786621,"max":128.283538818,"mean":21.273859024,"median":19.346786499,"min":0.847489655018,"var":157.421173096},"mfcc":{"cov":[[12199.5947266,-295.061157227,-602.438476562,2370.83300781,-140.831130981,469.724700928,-210.161193848,885.460510254,340.831268311,183.900695801,-124.254325867,236.219848633,248.260116577],[-295.061157227,1116.43969727,-203.221298218,-179.316848755,8.39187145233,-97.5441818237,-46.6600494385,-135.818649292,23.0464248657,-68.2215042114,37.423538208,-68.4973678589,21.3355522156],[-602.438476562,-203.221298218,510.557830811,-141.58416748,48.3032226562,-84.1575088501,42.5616264343,-35.4386062622,-28.7786006927,8.68425941467,-7.8841919899,12.6341619492,-35.0574569702],[2370.83300781,-179.316848755,-141.58416748,1034.4407959,-96.8380203247,106.174430847,-24.3877735138,289.216217041,132.074920654,57.7707824707,-52.79637146,21.9569015503,79.6157150269],[-140.831130981,8.39187145233,48.3032226562,-96.8380203247,221.635391235,14.1595020294,60.8054618835,-14.1254959106,9.79216861725,-36.5749778748,-2.68100309372,7.90738534927,-5.27334117889],[469.724700928,-97.5441818237,-84.1575088501,106.174430847,14.1595020294,269.156951904,48.9354629517,88.5249099731,-30.2645053864,2.99498772621,-24.0513305664,20.3746128082,12.855006218],[-210.161193848,-46.6600494385,42.5616264343,-24.3877735138,60.8054618835,48.9354629517,153.394714355,26.3318405151,20.5351009369,-15.4160032272,-7.27499914169,-9.63011169434,-6.4030380249],[885.460510254,-135.818649292,-35.4386062622,289.216217041,-14.1254959106,88.5249099731,26.3318405151,222.815734863,69.9661178589,31.8141365051,-20.8356208801,35.2592506409,30.3953437805],[340.831268311,23.0464248657,-28.7786006927,132.074920654,9.79216861725,-30.2645053864,20.5351009369,69.9661178589,133.176986694,37.58776474,14.3820848465,9.92808914185,28.6339683533],[183.900695801,-68.2215042114,8.68425941467,57.7707824707,-36.5749778748,2.99498772621,-15.4160032272,31.8141365051,37.58776474,106.752166748,36.7282981873,25.3398551941,10.2987995148],[-124.254325867,37.423538208,-7.8841919899,-52.79637146,-2.68100309372,-24.0513305664,-7.27499914169,-20.8356208801,14.3820848465,36.7282981873,89.9531936646,26.0898685455,14.5349225998],[236.219848633,-68.4973678589,12.6341619492,21.9569015503,7.90738534927,20.3746128082,-9.63011169434,35.2592506409,9.92808914185,25.3398551941,26.0898685455,90.6250534058,30.7975349426],[248.260116577,21.3355522156,-35.0574569702,79.6157150269,-5.27334117889,12.855006218,-6.4030380249,30.3953437805,28.6339683533,10.2987995148,14.5349225998,30.7975349426,72.6745071411]],"icov":[[0.000179556984222,-0.0000442928176199,0.0000689521548338,-0.000318206904922,-0.000114450864203,-0.000122739133076,0.000276002363535,-0.000229186640354,-0.0000479264308524,-0.0000582202301302,0.000132634158945,-0.000310681352858,0.0000473313266411],[-0.0000442928176199,0.00125230720732,0.000424351164838,0.000246574607445,0.00000548768002773,0.000151053609443,0.000273914105492,0.000560477958061,-0.000665225670673,0.000865056470502,-0.000625014712568,0.000954322749749,-0.000658266595565],[0.0000689521548338,0.000424351164838,0.00268944306299,0.0000742799675209,-0.000504459661897,0.00130915746558,-0.000899300444871,-0.000174311717274,0.000925892498344,-0.000844645837788,0.000762335432228,-0.000791091762949,0.000519026478287],[-0.000318206904922,0.000246574607445,0.0000742799675209,0.00240562297404,0.000653452938423,0.0000570290649193,0.000119811287732,-0.00141581485514,-0.000774438201915,-0.0000453605389339,0.000570215575863,0.00128937873524,-0.00129378610291],[-0.000114450864203,0.00000548768002773,-0.000504459661897,0.000653452938423,0.00593080418184,-0.000606355140917,-0.00176882487722,0.000677923671901,-0.00178815401159,0.00242528063245,-0.000223722367082,-0.00118436198682,0.000435864902101],[-0.000122739133076,0.000151053609443,0.00130915746558,0.0000570290649193,-0.000606355140917,0.00628550257534,-0.00257293926552,-0.00228488328867,0.00412444537506,-0.00152037141379,0.00110477965791,-0.000552906189114,-0.000879121827893],[0.000276002363535,0.000273914105492,-0.000899300444871,0.000119811287732,-0.00176882487722,-0.00257293926552,0.00964965298772,-0.0011646944331,-0.00304949097335,0.00181378249545,-0.000789717829321,0.00169300229754,0.000460723007564],[-0.000229186640354,0.000560477958061,-0.000174311717274,-0.00141581485514,0.000677923671901,-0.00228488328867,-0.0011646944331,0.0104157598689,-0.00408195937052,-0.0000202522496693,0.0016492169816,-0.00249785766937,0.000419635296566],[-0.0000479264308524,-0.000665225670673,0.000925892498344,-0.000774438201915,-0.00178815401159,0.00412444537506,-0.00304949097335,-0.00408195937052,0.0144041096792,-0.00483377370983,-0.000459132483229,0.00115072820336,-0.00315276440233],[-0.0000582202301302,0.000865056470502,-0.000844645837788,-0.0000453605389339,0.00242528063245,-0.00152037141379,0.00181378249545,-0.0000202522496693,-0.00483377370983,0.0151838725433,-0.00606324803084,-0.00128686102107,0.00171113724355],[0.000132634158945,-0.000625014712568,0.000762335432228,0.000570215575863,-0.000223722367082,0.00110477965791,-0.000789717829321,0.0016492169816,-0.000459132483229,-0.00606324803084,0.0167129281908,-0.00442929565907,-0.00192297017202],[-0.000310681352858,0.000954322749749,-0.000791091762949,0.00128937873524,-0.00118436198682,-0.000552906189114,0.00169300229754,-0.00249785766937,0.00115072820336,-0.00128686102107,-0.00442929565907,0.0174971539527,-0.00660727638751],[0.0000473313266411,-0.000658266595565,0.000519026478287,-0.00129378610291,0.000435864902101,-0.000879121827893,0.000460723007564,0.000419635296566,-0.00315276440233,0.00171113724355,-0.00192297017202,-0.00660727638751,0.0196957867593]],"mean":[-670.756652832,157.173065186,-27.4975757599,28.2432117462,0.32283872366,26.8050422668,-4.03299570084,2.45258975029,-3.61680817604,3.27825832367,2.62890839577,4.05308675766,3.22796392441]},"pitch_salience":{"dmean":0.082767739892,"dmean2":0.136227071285,"dvar":0.00528858462349,"dvar2":0.0138926981017,"max":0.942520499229,"mean":0.551405608654,"median":0.565653145313,"min":0.0888647437096,"var":0.012863160111},"silence_rate_20dB":{"dmean":0.000168321828824,"dmean2":0.000336672004778,"dvar":0.000168278158526,"dvar2":0.000504833296873,"max":1,"mean":0.999915838242,"median":1,"min":0,"var":0.0000841429209686},"silence_rate_30dB":{"dmean":0.0506648719311,"dmean2":0.101338274777,"dvar":0.0480959378183,"dvar2":0.113624721766,"max":1,"mean":0.954304456711,"median":1,"min":0,"var":0.043603848666},"silence_rate_60dB":{"dmean":0.00807944778353,"dmean2":0.016160255298,"dvar":0.00801726430655,"dvar2":0.0177491027862,"max":1,"mean":0.110073216259,"median":0,"min":0,"var":0.0979710966349},"spectral_centroid":{"dmean":226.796524048,"dmean2":334.727600098,"dvar":65162.21875,"dvar2":119142.265625,"max":10978.3886719,"mean":1232.63793945,"median":1158.15979004,"min":196.464752197,"var":307133.28125},"spectral_complexity":{"dmean":3.66975259781,"dmean2":5.4963388443,"dvar":14.4190454483,"dvar2":28.8037719727,"max":60,"mean":22.4264068604,"median":24,"min":0,"var":137.752731323},"spectral_contrast_coeffs":{"dmean":[0.0542653873563,0.0504800714552,0.0371207520366,0.0289201699197,0.0222745649517,0.0469242930412],"dmean2":[0.0897347256541,0.0835564211011,0.0621667802334,0.0480261333287,0.0363450422883,0.0725551396608],"dvar":[0.0017929385649,0.00162654044107,0.000847046205308,0.000514540355653,0.000341856095474,0.00171577651054],"dvar2":[0.00488272262737,0.00429210020229,0.00234702997841,0.0013903680956,0.000879861938301,0.00414235843346],"max":[-0.322377711535,-0.441541433334,-0.574016571045,-0.570567071438,-0.620879888535,-0.419629901648],"mean":[-0.687049865723,-0.755973935127,-0.806868910789,-0.794931828976,-0.809012234211,-0.712992846966],"median":[-0.69427549839,-0.765008270741,-0.811018049717,-0.800701856613,-0.805918455124,-0.704765021801],"min":[-0.967481911182,-0.95590364933,-0.968326926231,-0.97854167223,-0.964806318283,-0.960516154766],"var":[0.00657107820734,0.00547959469259,0.00223439442925,0.00196857983246,0.00200367276557,0.00932702608407]},"spectral_contrast_valleys":{"dmean":[0.394599616528,0.35479554534,0.303166985512,0.262303411961,0.310677170753,0.656455338001],"dmean2":[0.658199369907,0.581132948399,0.490613698959,0.412632584572,0.445809096098,1.04507684708],"dvar":[0.114548429847,0.100658558309,0.0785931050777,0.0700506418943,0.117497235537,0.314618229866],"dvar2":[0.277004212141,0.226443529129,0.166980311275,0.132447034121,0.233309701085,0.79625916481],"max":[-4.99031114578,-4.13881826401,-5.18519353867,-5.44731283188,-5.51882791519,-8.77799987793],"mean":[-7.07293653488,-6.64236307144,-7.05366134644,-7.18625545502,-7.72795820236,-11.359670639],"median":[-6.65164422989,-6.43741464615,-6.8425488472,-6.82695627213,-7.32271766663,-11.1772222519],"min":[-26.9690647125,-27.1963405609,-27.1033172607,-27.5406894684,-27.1347579956,-27.2887058258],"var":[1.97055029869,1.15536046028,1.09898817539,1.45544576645,2.00836849213,1.44694113731]},"spectral_decrease":{"dmean":4.08591649403e-9,"dmean2":6.57300569529e-9,"dvar":4.32580983477e-17,"dvar2":1.09966733974e-16,"max":4.86248774578e-9,"mean":-8.67920313397e-9,"median":-6.56973497826e-9,"min":-1.19866641057e-7,"var":7.61223811312e-17},"spectral_energy":{"dmean":0.0158169288188,"dmean2":0.0253889653832,"dvar":0.000621775630862,"dvar2":0.00158240424935,"max":0.470458388329,"mean":0.0414053164423,"median":0.0345997624099,"min":9.19285670807e-14,"var":0.00125003233552},"spectral_energyband_high":{"dmean":0.000247409538133,"dmean2":0.000337579986081,"dvar":1.78917616722e-7,"dvar2":3.40544431765e-7,"max":0.0169803518802,"mean":0.000662358244881,"median":0.000388996209949,"min":2.68133226126e-14,"var":7.60207797157e-7},"spectral_energyband_low":{"dmean":0.0118390759453,"dmean2":0.0197193082422,"dvar":0.000450374529464,"dvar2":0.00118973839562,"max":0.38977342844,"mean":0.0184563361108,"median":0.0111789265648,"min":2.16893310529e-15,"var":0.000584788969718},"spectral_energyband_middle_high":{"dmean":0.00195362931117,"dmean2":0.00306516955607,"dvar":0.00000790683225205,"dvar2":0.0000193268679141,"max":0.0463144294918,"mean":0.00626993179321,"median":0.00493532186374,"min":1.51900129438e-14,"var":0.0000326430526911},"spectral_energyband_middle_low":{"dmean":0.00494673848152,"dmean2":0.00770476460457,"dvar":0.0000633043091511,"dvar2":0.0001432455756,"max":0.191123619676,"mean":0.0120246196166,"median":0.00713828671724,"min":2.38578899814e-15,"var":0.000219346256927},"spectral_entropy":{"dmean":0.159535557032,"dmean2":0.232866466045,"dvar":0.0253172330558,"dvar2":0.0536665730178,"max":9.80665493011,"mean":7.50105714798,"median":7.58997535706,"min":5.3118929863,"var":0.176104679704},"spectral_flux":{"dmean":0.0274506378919,"dmean2":0.0444341078401,"dvar":0.00120883632917,"dvar2":0.00291490042582,"max":0.537042856216,"mean":0.107289358974,"median":0.102146588266,"min":0.000025351630029,"var":0.00376721913926},"spectral_kurtosis":{"dmean":5.10670566559,"dmean2":7.80247688293,"dvar":83.7959976196,"dvar2":218.334564209,"max":147.883956909,"mean":18.6740875244,"median":13.3828926086,"min":-1.20542109013,"var":290.772064209},"spectral_rms":{"dmean":0.00104806001764,"dmean2":0.00164494104683,"dvar":0.00000155773022925,"dvar2":0.0000038453090383,"max":0.0214239060879,"mean":0.00574072590098,"median":0.00580997997895,"min":9.47029121789e-9,"var":0.0000074396493801},"spectral_rolloff":{"dmean":3305.98022461,"dmean2":6207.10107422,"dvar":41029720,"dvar2":101336944,"max":22050,"mean":7902.79345703,"median":2131.78710938,"min":43.06640625,"var":83157880},"spectral_skewness":{"dmean":0.384711265564,"dmean2":0.562009632587,"dvar":0.295655250549,"dvar2":0.73668384552,"max":10.6291122437,"mean":2.74396443367,"median":2.33828282356,"min":-0.00790697149932,"var":2.04645872116},"spectral_spread":{"dmean":442851.375,"dmean2":676640.0625,"dvar":308767981568,"dvar2":500384563200,"max":41187920,"mean":3593121.25,"median":3489493.25,"min":717544.8125,"var":939410784256},"spectral_strongpeak":{"dmean":2.35448241234,"dmean2":4.37612628937,"dvar":96.3809432983,"dvar2":270.324371338,"max":142.510604858,"mean":2.26857757568,"median":0.299511581659,"min":0,"var":82.8808822632},"zerocrossingrate":{"dmean":0.0340290367603,"dmean2":0.0431254953146,"dvar":0.000951155787334,"dvar2":0.00151144678239,"max":0.85791015625,"mean":0.229345947504,"median":0.2001953125,"min":0.02294921875,"var":0.0158334020525}},"metadata":{"audio_properties":{"analysis_sample_rate":44100,"bit_rate":112087,"codec":"mp3","downmix":"mix","equal_loudness":0,"length":275.879180908,"lossless":false,"md5_encoded":"699a9ed2865d39fb930c57994e942575","replay_gain":-8.36328697205,"sample_rate":44100},"tags":{"album":["Cryptic Writings"],"albumartist":["Megadeth"],"albumartistsort":["Megadeth"],"artist":["Megadeth"],"artistsort":["Megadeth"],"asin":["B000002U5D"],"date":["1997-05-30"],"file_name":"03 - Megadeth - Use the Man.mp3","genre":["90S","Speed Metal","Dave Mustaine","Rock","Metal","Heavy Metal","Thrash Metal","Megadeth","Hard Rock"],"musicbrainz album release country":["US"],"musicbrainz album status":["official"],"musicbrainz album type":["album"],"musicbrainz_albumartistid":["a9044915-8be3-4c7e-b11f-9e2d2ea0a91e"],"musicbrainz_albumid":["b2d4c16d-7b7a-4365-ad0e-9f24d32c8378"],"musicbrainz_artistid":["a9044915-8be3-4c7e-b11f-9e2d2ea0a91e"],"musicbrainz_recordingid":["9d6353b2-47b7-4f56-bc12-9f35f2f63e27"],"title":["Use the Man"],"tracknumber":["3/12"]},"version":{"essentia":"2.1-beta1","essentia_build_sha":"81dca3489dfd3c4275b86ac4d56d870715677d3f","essentia_git_sha":"v2.1_beta1-28-g21ef5f4","extractor":"music 1.0"}},"rhythm":{"beats_count":615,"beats_loudness":{"dmean":0.0289809983224,"dmean2":0.0503804944456,"dvar":0.000953925540671,"dvar2":0.00264905812219,"max":0.261273920536,"mean":0.0494835861027,"median":0.0427102074027,"min":5.06970323499e-8,"var":0.0013525163522},"beats_loudness_band_ratio":{"dmean":[0.187704905868,0.120363302529,0.102039277554,0.0797704532743,0.0484738014638,0.0689580589533],"dmean2":[0.320663571358,0.207415640354,0.182174816728,0.139071375132,0.0844485536218,0.117990538478],"dvar":[0.0251413658261,0.0173392500728,0.0155738359317,0.00621038209647,0.00288681732491,0.00452166935429],"dvar2":[0.0741651728749,0.0450046658516,0.04273748397