{"lowlevel":{"average_loudness":0.929918706417,"barkbands":{"dmean":[0.000153539236635,0.0037077749148,0.0017722066259,0.00240585533902,0.00384232588112,0.000937464879826,0.000701758137438,0.000700538104866,0.000847553252243,0.000552742509171,0.000375309231458,0.000347475608578,0.000440991017967,0.000260340166278,0.000320504826959,0.00024040772405,0.000266322982498,0.000214864165173,0.000190538587049,0.000164300188771,0.0000947345833993,0.0000751081097405,0.0000586002061027,0.0000528896634933,0.0000300493156828,0.00000728049417376,0.0000013027672594],"dmean2":[0.000245134433499,0.00576751399785,0.00319923320785,0.00426147924736,0.00641922466457,0.00146554899402,0.00108385516796,0.00107720028609,0.00127250724472,0.000830323435366,0.000577326631173,0.000520862231497,0.000678287702613,0.000399288197514,0.000497874862049,0.000382316560717,0.000423383200541,0.000337187288096,0.000302699976601,0.000254570535617,0.000149157465785,0.000111825480417,0.0000851740987855,0.0000760697585065,0.0000432050983363,0.0000114273934742,0.00000197547637981],"dvar":[9.24915539713e-8,0.0000540192158951,0.0000133828716571,0.0000182577332453,0.0000497411674587,0.00000220437823373,0.00000159887918016,0.00000228702151617,0.00000284404450213,0.00000132911441142,7.17481725587e-7,7.44259693874e-7,6.47679655685e-7,2.7722495588e-7,3.08736900934e-7,2.6768421435e-7,1.62746175647e-7,1.36158703867e-7,7.83344020761e-8,5.86836215177e-8,2.03054533188e-8,1.60995732301e-8,1.29181652042e-8,1.56026800369e-8,5.26116394894e-9,4.99290941924e-10,9.39588337689e-12],"dvar2":[2.36582607727e-7,0.000112920155516,0.0000384866725653,0.0000500698952237,0.000133629655465,0.0000054522370192,0.00000380682081413,0.00000521130050402,0.00000637260109215,0.00000313972168442,0.0000016347565861,0.00000147628577452,0.00000144351611198,6.18023079824e-7,7.04380170191e-7,6.32125590982e-7,3.9623753878e-7,3.0945577123e-7,1.85068145697e-7,1.29207961663e-7,5.06475075213e-8,3.43694424032e-8,2.57499177536e-8,3.2561182195e-8,1.08341833283e-8,1.36166011799e-9,2.29323660755e-11],"max":[0.00376411317848,0.0635469332337,0.0390375033021,0.0348787531257,0.0925117209554,0.0305365305394,0.0242445766926,0.0276254992932,0.0283011700958,0.0395360738039,0.0189911238849,0.038328949362,0.0213814452291,0.0100695099682,0.00772005319595,0.0176065191627,0.00771896773949,0.00716243032366,0.00496987020597,0.00427998229861,0.00236779684201,0.00234808446839,0.00296199740842,0.00320194964297,0.00226120394655,0.000575491110794,0.0000577796054131],"mean":[0.000260959466686,0.0055303084664,0.0018594795838,0.00237516732886,0.0053047798574,0.00176604895387,0.00132484082133,0.00117583177052,0.00152993807569,0.00111361430027,0.000634825846646,0.000597457226831,0.000759320624638,0.000431189953815,0.000560491578653,0.000438669521827,0.00055120990146,0.000453376444057,0.000454757682746,0.000394050934119,0.000242904367042,0.000184476826689,0.000140159361763,0.000117126379337,0.0000679200893501,0.0000133812336571,0.00000209186987377],"median":[0.0000321753614116,0.001633255044,0.000952796312049,0.000923010404222,0.00308117526583,0.00107774697244,0.000649954832625,0.000341367995134,0.000602244457696,0.000437501643319,0.00022078625625,0.000234847684624,0.000351777212927,0.000187714787899,0.000309128925437,0.00025801724405,0.000374302821001,0.000275335652987,0.000324069755152,0.000276580103673,0.000156246926053,0.000105358507426,0.0000797950269771,0.0000637546108919,0.0000310873874696,0.00000602651425652,7.56643430577e-7],"min":[1.32960201009e-12,5.63214492405e-12,5.19776973198e-12,1.2151679836e-11,4.27685629967e-11,2.07678596542e-11,5.40275506625e-12,3.10242847038e-12,2.85729035918e-12,3.36084957607e-12,2.92065351938e-12,8.71955448383e-13,1.83345482893e-12,1.25990157977e-12,7.73821111355e-13,7.89302434176e-13,7.82998991165e-13,6.81057532419e-13,7.17485749632e-13,5.31145656971e-13,9.70190507793e-13,1.30214144588e-12,6.77242550234e-13,4.71868421073e-12,2.81600871094e-12,3.82113785058e-12,9.41768277946e-12],"var":[1.98460298861e-7,0.0000848770941957,0.00000949332024902,0.0000152591201186,0.0000513082813995,0.00000491897981192,0.00000361639172297,0.00000521061565451,0.00000602414547757,0.00000371176247427,0.00000157456406669,0.0000017919437596,0.00000141898317452,5.76263687435e-7,6.22936681793e-7,5.35496553766e-7,3.93562601175e-7,3.52654438984e-7,2.27138627906e-7,1.84018546179e-7,7.13246777195e-8,5.18020364382e-8,3.44884227843e-8,3.29650760023e-8,1.22697771943e-8,5.15551989988e-10,1.34159341622e-11]},"barkbands_crest":{"dmean":2.53488111496,"dmean2":4.11587619781,"dvar":5.67975378036,"dvar2":13.5982847214,"max":24.4972019196,"mean":8.88291740417,"median":8.0223865509,"min":2.02202248573,"var":14.0257816315},"barkbands_flatness_db":{"dmean":0.017651360482,"dmean2":0.0276572909206,"dvar":0.000312858435791,"dvar2":0.00073788233567,"max":0.302304625511,"mean":0.113112106919,"median":0.104632876813,"min":0.0280495565385,"var":0.0021812284831},"barkbands_kurtosis":{"dmean":2.08277440071,"dmean2":3.34210324287,"dvar":18.2895889282,"dvar2":44.751411438,"max":181.698410034,"mean":2.93553614616,"median":0.881047964096,"min":-1.90495038033,"var":79.6108779907},"barkbands_skewness":{"dmean":0.469594240189,"dmean2":0.734270274639,"dvar":0.264486730099,"dvar2":0.634910583496,"max":11.5273189545,"mean":1.39825963974,"median":1.21472740173,"min":-2.74436306953,"var":1.18707692623},"barkbands_spread":{"dmean":5.29900836945,"dmean2":8.17646598816,"dvar":36.6887321472,"dvar2":81.1731948853,"max":96.9097747803,"mean":24.9735527039,"median":24.302652359,"min":1.50643980503,"var":133.095199585},"dissonance":{"dmean":0.0144222574309,"dmean2":0.0238992664963,"dvar":0.0001989864395,"dvar2":0.000512402504683,"max":0.500000059605,"mean":0.466865003109,"median":0.475120514631,"min":0.204393863678,"var":0.00116233585868},"dynamic_complexity":3.32187104225,"erbbands":{"dmean":[0.12545093894,0.836512506008,1.92185294628,4.75949335098,13.9986410141,11.9664583206,8.66975021362,7.32072305679,9.42800521851,11.3942327499,15.4415121078,19.5754642487,13.7505674362,16.999956131,15.6675443649,12.4545869827,19.813615799,13.3670711517,15.4418554306,13.3604183197,11.6579303741,14.9993171692,11.8282032013,9.00319004059,9.06908893585,7.65780353546,4.94681167603,3.08350419998,2.74278926849,2.30117368698,1.63182151318,1.23772823811,0.832516252995,0.4390861094,0.171332463622,0.0471744202077,0.0107059488073,0.00198598764837,0.000214864383452,0.0000211390433833],"dmean2":[0.188166469336,1.33958208561,3.42875027657,8.54797935486,23.9903488159,19.8408794403,14.0055685043,11.3642959595,14.6044034958,17.5971240997,23.286693573,29.2601890564,20.316204071,25.3064060211,24.1937294006,18.3825721741,30.262052536,20.5998840332,23.9206390381,20.0731906891,18.404209137,23.7190074921,18.2524585724,14.2931003571,13.8983917236,11.9175243378,7.84051465988,4.75530910492,4.11722230911,3.36965680122,2.37514615059,1.81831777096,1.21272337437,0.634293854237,0.251591444016,0.0734787508845,0.0167758837342,0.00307458988391,0.000321260653436,0.0000300483116007],"dvar":[0.0647512823343,2.9133272171,16.5041122437,72.1934432983,822.126586914,410.59274292,210.087738037,144.035217285,301.689666748,601.105773926,1114.86071777,1645.41040039,938.332885742,1274.14672852,1173.77648926,1054.03674316,1375.96582031,697.847961426,687.338623047,910.414123535,366.223510742,528.59967041,422.614532471,164.400161743,199.548355103,129.489776611,58.1646232605,25.3473262787,20.637638092,17.7628059387,9.92278671265,5.95950603485,5.3275308609,1.09824717045,0.207009077072,0.0189864560962,0.0011436016066,0.0000246531599259,2.31345808288e-7,1.15053355731e-9],"dvar2":[0.13340690732,6.79720497131,46.7267875671,202.826004028,2203.03735352,1103.39440918,528.924865723,344.668273926,728.06427002,1387.55407715,2514.16699219,3768.18017578,2024.96618652,2837.7434082,2821.00878906,1844.22705078,3080.86791992,1518.1932373,1630.8548584,1796.88354492,860.805786133,1287.89086914,963.091064453,387.618499756,438.130065918,293.293609619,150.258178711,60.1935348511,45.7876243591,35.3756332397,20.2250518799,12.3408212662,11.5710277557,2.22896146774,0.454578757286,0.0503532141447,0.00312273297459,0.0000634672833257,5.57121666134e-7,2.51176457411e-9],"max":[2.13919758797,15.9412298203,40.0153160095,63.815284729,256.820343018,374.475921631,340.42074585,205.450164795,343.610626221,426.667236328,622.697692871,861.219360352,644.4609375,1261.94067383,654.735351562,1780.28552246,1059.77124023,599.881958008,471.553955078,1293.64331055,478.997650146,497.801818848,417.652069092,281.767425537,255.514450073,235.709777832,136.37071228,116.536804199,77.2662200928,125.275978088,88.6081237793,58.0192832947,81.521194458,33.592918396,16.2789382935,3.56538248062,0.885259270668,0.107616119087,0.00916544906795,0.000578795792535],"mean":[0.19743847847,1.08675611019,2.12227869034,5.07639694214,15.1773786545,16.8800354004,15.2820081711,13.9738740921,18.6800842285,20.5234508514,28.1605396271,35.4191894531,27.3021907806,36.7400741577,30.6993083954,24.5632209778,35.5235290527,25.0711574554,28.3700485229,25.4985980988,24.2587127686,32.4356994629,26.8415107727,22.1553630829,22.992805481,18.7617778778,12.4508142471,7.75137805939,6.539955616,5.44446086884,3.85401701927,2.75233078003,1.77461087704,0.973511576653,0.360818654299,0.0909388586879,0.0194448009133,0.00327623588964,0.000347403984051,0.0000564765141462],"median":[0.034717977047,0.346450120211,1.10194599628,2.59704828262,5.86246776581,10.1690616608,9.2465133667,8.43210506439,9.09076690674,8.81393909454,10.0736484528,15.1987056732,11.4701957703,15.5826711655,13.2677631378,11.3900270462,17.5026092529,12.330373764,16.1715297699,13.6127328873,16.3227500916,22.2646083832,16.9758930206,16.0458564758,15.6901321411,13.2168188095,8.09681510925,5.02830219269,3.74389743805,2.93533229828,2.2289583683,1.57362914085,0.888700485229,0.441768079996,0.169996231794,0.0428622029722,0.00859445612878,0.00130261748563,0.000133545458084,0.0000424305544584],"min":[1.76210088187e-10,1.24960786163e-9,5.10429876144e-9,2.49000819963e-8,8.5970583541e-8,1.55489715326e-7,1.77958682457e-7,1.62600883868e-7,1.02696688487e-7,6.45223110496e-8,6.48520099844e-8,6.39545731929e-8,8.98868606214e-8,1.25906666426e-7,8.39936618036e-8,4.16431262806e-8,7.6649911307e-8,8.70760601401e-8,2.7817320003e-8,5.36204076695e-8,5.18196969779e-8,3.75808895114e-8,4.26187938274e-8,3.69046695425e-8,2.7037685868e-8,2.40625102066e-8,3.34108314348e-8,3.93938925924e-8,5.14208871039e-8,3.36084262642e-8,2.46824427563e-8,9.59514636634e-8,6.43976250103e-8,1.97653964307e-8,2.7623331178e-8,1.78708159382e-8,7.26016802233e-9,5.84125725567e-9,9.1954871495e-10,1.35968888926e-10],"var":[0.118669420481,3.60401034355,12.154209137,55.2860107422,726.605651855,472.426239014,408.162750244,325.729980469,746.183044434,1254.08215332,2505.77490234,3234.67700195,2310.63305664,3794.02026367,2796.12670898,2757.37084961,3003.19995117,1570.18041992,1445.73120117,2138.70532227,898.849975586,1286.83691406,1127.10070801,518.600036621,663.937072754,402.888305664,185.682220459,76.188949585,63.5274085999,52.4221572876,25.799539566,14.3625965118,9.79931545258,2.57893037796,0.391414731741,0.0228124298155,0.00113440491259,0.000029380333217,3.34676570901e-7,2.53764209646e-9]},"erbbands_crest":{"dmean":2.03233075142,"dmean2":3.24892115593,"dvar":3.9864180088,"dvar2":10.0060043335,"max":30.7457180023,"mean":7.59712028503,"median":6.65874004364,"min":2.34574317932,"var":12.7521324158},"erbbands_flatness_db":{"dmean":0.0129549587145,"dmean2":0.0184729304165,"dvar":0.000191113213077,"dvar2":0.000378929893486,"max":0.330142021179,"mean":0.143465742469,"median":0.134447872639,"min":0.0259054917842,"var":0.00166540534701},"erbbands_kurtosis":{"dmean":0.50572013855,"dmean2":0.787342071533,"dvar":0.699494659901,"dvar2":1.73346710205,"max":28.591255188,"mean":-0.202477544546,"median":-0.59806394577,"min":-1.7513153553,"var":2.13440847397},"erbbands_skewness":{"dmean":0.268688321114,"dmean2":0.408712804317,"dvar":0.0715919360518,"dvar2":0.162961661816,"max":3.70586156845,"mean":0.137896046042,"median":0.121484264731,"min":-3.15927433968,"var":0.312364727259},"erbbands_spread":{"dmean":7.06378364563,"dmean2":10.6767902374,"dvar":56.3433876038,"dvar2":130.977127075,"max":132.802505493,"mean":42.6610450745,"median":41.5770606995,"min":2.72150206566,"var":281.684509277},"gfcc":{"cov":[[12603.1113281,-649.569824219,-1639.39758301,645.822937012,-571.494384766,498.032104492,-386.177520752,172.156829834,-268.378601074,162.915344238,-73.5924301147,188.797241211,59.063369751],[-649.569824219,967.828796387,-52.2291641235,-91.3106231689,209.708206177,-154.2605896,146.249893188,8.20270824432,129.983596802,-40.7390098572,118.949493408,-82.7941818237,19.9330692291],[-1639.39758301,-52.2291641235,785.231628418,2.04948449135,111.024795532,26.1094989777,48.2352104187,17.8833408356,66.4097518921,46.5467262268,-53.3041191101,41.1445045471,-20.783624649],[645.822937012,-91.3106231689,2.04948449135,328.089782715,57.7855911255,91.4294967651,-50.5617370605,21.3944072723,22.333688736,34.0664825439,24.2446022034,47.3038711548,42.4756011963],[-571.494384766,209.708206177,111.024795532,57.7855911255,279.757293701,-3.34660577774,72.7733078003,31.4368438721,69.8532333374,22.8548812866,28.2366199493,4.12981891632,8.60469532013],[498.032104492,-154.2605896,26.1094989777,91.4294967651,-3.34660577774,202.991012573,41.2153816223,31.4643058777,-20.9015769958,41.6489639282,11.4700136185,44.7552528381,12.8480548859],[-386.177520752,146.249893188,48.2352104187,-50.5617370605,72.7733078003,41.2153816223,167.159408569,50.2529830933,26.288433075,16.3112735748,32.7198143005,2.28443312645,-0.301561683416],[172.156829834,8.20270824432,17.8833408356,21.3944072723,31.4368438721,31.4643058777,50.2529830933,117.594764709,56.6793251038,41.0743751526,11.44140625,15.0720825195,7.53124713898],[-268.378601074,129.983596802,66.4097518921,22.333688736,69.8532333374,-20.9015769958,26.288433075,56.6793251038,115.017417908,40.9163398743,14.3942365646,-5.27913999557,11.404542923],[162.915344238,-40.7390098572,46.5467262268,34.0664825439,22.8548812866,41.6489639282,16.3112735748,41.0743751526,40.9163398743,88.7639389038,22.3736248016,28.2585983276,5.05945396423],[-73.5924301147,118.949493408,-53.3041191101,24.2446022034,28.2366199493,11.4700136185,32.7198143005,11.44140625,14.3942365646,22.3736248016,92.4840316772,18.0805454254,15.523815155],[188.797241211,-82.7941818237,41.1445045471,47.3038711548,4.12981891632,44.7552528381,2.28443312645,15.0720825195,-5.27913999557,28.2585983276,18.0805454254,76.5565414429,30.3776912689],[59.063369751,19.9330692291,-20.783624649,42.4756011963,8.60469532013,12.8480548859,-0.301561683416,7.53124713898,11.404542923,5.05945396423,15.523815155,30.3776912689,64.3011779785]],"icov":[[0.000295732432278,-0.000573578465264,0.000665900355671,-0.000488640565891,0.000458142603748,-0.000603648659308,0.000718554889318,-0.000818333472125,0.000979216187261,-0.00106985936873,0.00147360493429,-0.00109015544876,0.000672467809636],[-0.000573578465264,0.00393389584497,-0.00119281816296,0.00129020411987,-0.0019281009445,0.00237169419415,-0.00312351575121,0.00270284642465,-0.00458311662078,0.00409790407866,-0.00618956144899,0.00445525022224,-0.00259759626351],[0.000665900355671,-0.00119281816296,0.00324673973955,-0.00101459026337,0.000523792114109,-0.00143110740464,0.000984201091342,-0.000899825943634,0.000733465014491,-0.00267002917826,0.00489543424919,-0.00429827813059,0.0027323612012],[-0.000488640565891,0.00129020411987,-0.00101459026337,0.00593661703169,-0.00243362784386,-0.00162341585383,0.00199365569279,0.000875604397152,-0.00287270406261,0.00241808011197,-0.00395752722397,0.00136605510488,-0.00301447045058],[0.000458142603748,-0.0019281009445,0.000523792114109,-0.00243362784386,0.00640127481893,-0.000423699093517,-0.000952083442826,-0.000771617633291,0.000100071476481,-0.00206073676236,0.00298506533727,-0.00261145154946,0.00192518462427],[-0.000603648659308,0.00237169419415,-0.00143110740464,-0.00162341585383,-0.000423699093517,0.0102487849072,-0.00568142766133,0.00106739019975,0.000768215861171,-0.000509211211465,-0.00319057330489,0.00150586699601,-0.00175101927016],[0.000718554889318,-0.00312351575121,0.000984201091342,0.00199365569279,-0.000952083442826,-0.00568142766133,0.0137710124254,-0.00665780389681,0.00422536022961,-0.00221715983935,0.00168672029395,-0.00258348253556,0.00165474112146],[-0.000818333472125,0.00270284642465,-0.000899825943634,0.000875604397152,-0.000771617633291,0.00106739019975,-0.00665780389681,0.0172711573541,-0.0108838751912,0.00137612014078,-0.00322089553811,0.000994735513814,-0.000989801133983],[0.000979216187261,-0.00458311662078,0.000733465014491,-0.00287270406261,0.000100071476481,0.000768215861171,0.00422536022961,-0.0108838751912,0.0246028602123,-0.0125981820747,0.00689149973914,0.000969537883066,-0.00171043945011],[-0.00106985936873,0.00409790407866,-0.00267002917826,0.00241808011197,-0.00206073676236,-0.000509211211465,-0.00221715983935,0.00137612014078,-0.0125981820747,0.0248234644532,-0.0110482173041,-0.000453483255114,0.000620748731308],[0.00147360493429,-0.00618956144899,0.00489543424919,-0.00395752722397,0.00298506533727,-0.00319057330489,0.00168672029395,-0.00322089553811,0.00689149973914,-0.0110482173041,0.0262479372323,-0.0115114860237,0.0041334386915],[-0.00109015544876,0.00445525022224,-0.00429827813059,0.00136605510488,-0.00261145154946,0.00150586699601,-0.00258348253556,0.000994735513814,0.000969537883066,-0.000453483255114,-0.0115114860237,0.0297496225685,-0.0141631802544],[0.000672467809636,-0.00259759626351,0.0027323612012,-0.00301447045058,0.00192518462427,-0.00175101927016,0.00165474112146,-0.000989801133983,-0.00171043945011,0.000620748731308,0.0041334386915,-0.0141631802544,0.0247774422169]],"mean":[8.91218948364,92.1130828857,-121.871589661,38.1973381042,-59.0849227905,9.51421356201,-37.7150344849,6.61383056641,-25.7620429993,-4.17321205139,-12.8738260269,-4.15813112259,-8.23178482056]},"hfc":{"dmean":4.91380739212,"dmean2":6.82834720612,"dvar":37.7317810059,"dvar2":73.5977706909,"max":109.614883423,"mean":21.9256744385,"median":20.3317279816,"min":4.16838958017e-7,"var":211.991943359},"melbands":{"dmean":[0.00106380414218,0.000991984270513,0.00112261413597,0.00096694851527,0.000318966864143,0.000164340759511,0.000142763237818,0.000129819629365,0.000132529254188,0.000119930300571,0.0000711156972102,0.0000737867376301,0.0000546000374015,0.0000422661360062,0.0000395457791456,0.0000393015398004,0.0000256534585787,0.0000248906908382,0.0000223492879741,0.0000175326713361,0.0000142164462886,0.0000164751927514,0.000015710513253,0.0000098355458249,0.00000795619507699,0.00000768456538935,0.000006891727935,0.00000533269849257,0.00000359824548468,0.00000245402338805,0.00000182378164482,0.0000017429969148,0.00000155246993927,0.00000131790989144,0.00000104973514681,8.65183210408e-7,7.66967502841e-7,6.08050982009e-7,5.49083949863e-7,3.36049765792e-7],"dmean2":[0.00161591928918,0.00168441457208,0.00197040336207,0.00162316078786,0.00051948527107,0.000253510632319,0.000219511566684,0.000200427413802,0.000199946036446,0.000179747556103,0.00010528369603,0.000110007495095,0.0000841526780277,0.0000637423800072,0.0000588581860939,0.0000611182767898,0.0000396425675717,0.0000385241364711,0.0000341458253388,0.0000272386459983,0.0000228243279707,0.0000263597012236,0.000024403565476,0.0000156612677529,0.0000128118081193,0.0000121685170598,0.0000104589034891,0.00000848752370075,0.00000579377274335,0.00000393720029024,0.00000285238070319,0.00000268571761808,0.00000235373909163,0.00000199173859983,0.00000157348142693,0.00000130024443479,0.00000114411807317,9.03094758087e-7,8.23583263809e-7,4.92894514537e-7],"dvar":[0.00000443502585767,0.00000411567680203,0.00000406723074775,0.00000332026888827,2.43582860548e-7,6.79643576973e-8,6.56888374806e-8,7.71265291633e-8,7.5342775574e-8,6.00463394562e-8,2.50309746264e-8,2.49893101767e-8,1.41197178394e-8,1.25903225623e-8,6.13978778929e-9,5.69954794472e-9,2.81841594507e-9,1.98118632611e-9,1.78017089958e-9,2.0478401197e-9,5.38854905141e-10,6.76317724047e-10,6.95268342898e-10,2.85632961727e-10,1.34573893695e-10,1.42055089913e-10,1.2157586049e-10,6.80484280036e-11,3.40027415946e-11,1.59474985301e-11,9.76389715607e-12,8.80780084284e-12,7.45225495896e-12,6.38959414892e-12,4.43230304889e-12,2.44342913958e-12,2.55737033113e-12,2.87172694478e-12,2.00535833599e-12,6.45383052555e-13],"dvar2":[0.00000895304401638,0.0000110052715172,0.0000110552073238,0.00000894691584108,6.16359272954e-7,1.63709003687e-7,1.5830114819e-7,1.77141643576e-7,1.67728359202e-7,1.36276710805e-7,5.41823368394e-8,5.61708048963e-8,3.31478098303e-8,2.59751971043e-8,1.19533716259e-8,1.33093935872e-8,6.06447558837e-9,4.66616789652e-9,3.82083209516e-9,4.72378047789e-9,1.23840393496e-9,1.68572200643e-9,1.57908330856e-9,6.76584122061e-10,3.22034177103e-10,3.30338839616e-10,2.46847764451e-10,1.61501909068e-10,8.88788764808e-11,4.02979490055e-11,2.38934826785e-11,2.04612351368e-11,1.66672231572e-11,1.3673884941e-11,9.61069331756e-12,5.20589647779e-12,5.41499093829e-12,6.21230194023e-12,4.4198121725e-12,1.35264282414e-12],"max":[0.0186904091388,0.0212644524872,0.0160133522004,0.0263065584004,0.00961388926953,0.00416048057377,0.00508959125727,0.00476916274056,0.00474452599883,0.00494423042983,0.00338100804947,0.00585702201352,0.0022864905186,0.00488857831806,0.00208836700767,0.00145280733705,0.00124048476573,0.000898619706277,0.000898349855561,0.00155411357991,0.000643900246359,0.000532755220775,0.000660578662064,0.00040314058424,0.000227031705435,0.000241817731876,0.000245797389653,0.000180000337423,0.000113577727461,0.0000907544599613,0.000090345616627,0.0000579619045311,0.0000683847101755,0.0000689200678607,0.0000620153587079,0.0000305134726659,0.0000411449582316,0.0000599162958679,0.0000374335868401,0.0000261468503595],"mean":[0.00163103861269,0.00122609443497,0.00119231734425,0.00124972534832,0.00056647695601,0.000315308687277,0.000282440159936,0.000230344725423,0.000243706526817,0.000213207487832,0.000134488698677,0.00015314866323,0.0000999219191726,0.0000746998703107,0.0000705093261786,0.0000686957355356,0.0000434536705143,0.0000425144717155,0.0000395778552047,0.000030462821087,0.0000270851542155,0.0000326042936649,0.000030510545912,0.0000205520664167,0.0000174056349351,0.0000175444765773,0.0000157188205776,0.0000115987768368,0.0000081231328295,0.00000565899154026,0.00000406870958614,0.00000378544496016,0.00000339757275469,0.00000283386498268,0.00000228536396207,0.00000186839645266,0.00000158456816735,0.00000122143421777,0.00000113926876111,7.04091576154e-7],"median":[0.000403377081966,0.000587516115047,0.000526076299138,0.000667479529511,0.000368167791748,0.000188345264178,0.000138864314067,0.0000895783814485,0.0000867680209922,0.0000868400675245,0.0000511893740622,0.0000594792472839,0.0000391420689994,0.0000297430215142,0.0000319984756061,0.0000326986628352,0.0000192197221622,0.0000221300470002,0.0000216131156776,0.0000158375587489,0.0000180011265911,0.000022077045287,0.0000176480134542,0.0000125112464957,0.0000121036828205,0.0000118380394269,0.00000989441468846,0.00000773831288825,0.00000502861394125,0.00000358582292392,0.00000250554171544,0.00000206723370866,0.00000186284637493,0.00000147393939187,0.00000129517343339,0.000001055022949,8.74300326359e-7,6.10491213138e-7,4.96246173043e-7,3.13116970574e-7],"min":[1.62841289932e-12,2.30740426765e-12,5.88747930616e-12,8.9802358258e-12,6.55157568821e-12,3.68436271075e-12,1.44127580964e-12,6.91556837837e-13,5.17147739562e-13,3.98245211765e-13,4.49115706647e-13,5.09179937797e-13,3.52046245888e-13,9.48067782592e-14,1.27054156042e-13,2.05452245928e-13,1.52950663745e-13,3.81270197163e-14,7.00779901773e-14,5.45029448548e-14,6.78670444496e-14,4.21319236281e-14,4.13324871562e-14,2.75707818257e-14,3.06877868386e-14,2.55374097791e-14,1.47446633489e-14,1.5449189779e-14,2.04870368174e-14,2.22804918639e-14,2.19533728219e-14,2.56537616128e-14,3.23574446317e-14,1.50307910785e-14,7.42030084431e-15,4.52117252599e-14,5.54741053983e-14,4.76666672984e-14,2.93837186299e-14,1.26741234966e-14],"var":[0.00000763401658332,0.00000378146432922,0.0000034516233427,0.0000032984119116,4.58930969671e-7,1.61418967082e-7,1.64340434594e-7,1.69358614244e-7,1.74734566372e-7,1.19227323125e-7,6.0810286584e-8,7.31622407102e-8,3.35269092488e-8,2.73591194144e-8,1.61531268361e-8,1.16805383144e-8,6.02337069111e-9,3.9871248525e-9,3.72830033513e-9,3.85638410094e-9,1.18376319858e-9,1.4330167053e-9,1.72289771339e-9,7.57027829312e-10,3.59434704222e-10,3.98323013462e-10,3.87752191466e-10,1.86695686688e-10,8.86790849086e-11,4.51724629924e-11,2.35586931907e-11,2.33983526998e-11,1.96870211105e-11,1.57718473698e-11,9.86777066309e-12,6.12309074971e-12,5.42845065774e-12,5.02086566767e-12,3.94346317753e-12,1.4032397206e-12]},"melbands_crest":{"dmean":3.27527499199,"dmean2":5.20194339752,"dvar":7.90349721909,"dvar2":19.246301651,"max":34.7869491577,"mean":12.8995351791,"median":12.0109567642,"min":3.53685545921,"var":25.2435188293},"melbands_flatness_db":{"dmean":0.0239497032017,"dmean2":0.0372382886708,"dvar":0.000613990239799,"dvar2":0.00137932319194,"max":0.445714086294,"mean":0.174674972892,"median":0.164551988244,"min":0.0473381318152,"var":0.00426387228072},"melbands_kurtosis":{"dmean":5.74818229675,"dmean2":9.23699188232,"dvar":111.140380859,"dvar2":283.991729736,"max":441.207061768,"mean":12.0676956177,"median":6.15930843353,"min":-1.39819574356,"var":686.554016113},"melbands_skewness":{"dmean":0.663954377174,"dmean2":1.04224824905,"dvar":0.551060259342,"dvar2":1.35796630383,"max":15.2510728836,"mean":2.55019521713,"median":2.26599574089,"min":-2.14791274071,"var":2.39856696129},"melbands_spread":{"dmean":7.04986906052,"dmean2":10.998717308,"dvar":73.4581604004,"dvar2":172.824310303,"max":146.586227417,"mean":25.9168682098,"median":24.0815982819,"min":0.602463245392,"var":213.20262146},"mfcc":{"cov":[[10119.5244141,-437.776184082,-678.463317871,-12.9192447662,-121.038124084,86.7008514404,-45.0605201721,-10.8000774384,-95.2790374756,-34.7027549744,-70.5282516479,-108.485702515,-53.0481834412],[-437.776184082,1050.80895996,-152.146270752,89.4131622314,15.3687267303,-87.0683135986,24.9374485016,20.5084762573,-2.22185397148,55.7145042419,36.0890388489,67.1863861084,37.5446853638],[-678.463317871,-152.146270752,518.826538086,13.5559101105,32.6992340088,57.0371398926,-22.4693527222,10.0740852356,49.5501861572,-11.8237142563,30.766916275,-5.6166062355,15.7528715134],[-12.9192447662,89.4131622314,13.5559101105,217.497634888,122.581245422,24.2464408875,-16.3836517334,19.153678894,24.9972991943,20.3664646149,7.99315834045,15.3506593704,47.2217674255],[-121.038124084,15.3687267303,32.6992340088,122.581245422,188.056030273,54.9202232361,-13.1708259583,16.8781147003,27.8530769348,22.3986625671,11.2534837723,9.05333709717,34.4712905884],[86.7008514404,-87.0683135986,57.0371398926,24.2464408875,54.9202232361,147.469650269,57.5026054382,21.1786365509,13.3123950958,-6.30721616745,21.6101150513,0.230884894729,7.30965185165],[-45.0605201721,24.9374485016,-22.4693527222,-16.3836517334,-13.1708259583,57.5026054382,133.389648438,48.1567726135,0.547064960003,3.09414124489,25.1162147522,19.1462440491,3.24936532974],[-10.8000774384,20.5084762573,10.0740852356,19.153678894,16.8781147003,21.1786365509,48.1567726135,81.4326934814,32.8634109497,19.0956535339,24.946062088,8.11988449097,10.4924983978],[-95.2790374756,-2.22185397148,49.5501861572,24.9972991943,27.8530769348,13.3123950958,0.547064960003,32.8634109497,94.441696167,41.1406478882,24.6586589813,1.91282439232,13.2937068939],[-34.7027549744,55.7145042419,-11.8237142563,20.3664646149,22.3986625671,-6.30721616745,3.09414124489,19.0956535339,41.1406478882,90.6412734985,43.8963661194,11.4978551865,10.5231342316],[-70.5282516479,36.0890388489,30.766916275,7.99315834045,11.2534837723,21.6101150513,25.1162147522,24.946062088,24.6586589813,43.8963661194,92.6013870239,30.2577075958,11.3459882736],[-108.485702515,67.1863861084,-5.6166062355,15.3506593704,9.05333709717,0.230884894729,19.1462440491,8.11988449097,1.91282439232,11.4978551865,30.2577075958,66.5065460205,26.4378890991],[-53.0481834412,37.5446853638,15.7528715134,47.2217674255,34.4712905884,7.30965185165,3.24936532974,10.4924983978,13.2937068939,10.5231342316,11.3459882736,26.4378890991,73.9781265259]],"icov":[[0.000121240365843,0.0000573260840611,0.000198903479031,-0.0000859355495777,0.000180129674845,-0.000230452118558,0.000203890609555,-0.000129666965222,0.0000851572985994,-0.0000205568740057,-0.0000312944721372,0.000140869175084,-0.0000393047739635],[0.0000573260840611,0.00122182024643,0.000316723657306,-0.000602436834015,0.0000943126433413,0.000786719901953,-0.000400427816203,-0.0000372730028175,0.000205410484341,-0.00040526437806,-0.000189868966118,-0.00069544184953,-0.0000622919760644],[0.000198903479031,0.000316723657306,0.00268417107873,-0.0000614473683527,0.000292099895887,-0.00113384320866,0.00122523680329,-0.000274462334346,-0.00117172440514,0.00125560665037,-0.00126759090926,0.000498831504956,-0.000541327754036],[-0.0000859355495777,-0.000602436834015,-0.0000614473683527,0.00828008074313,-0.00469462713227,-0.000057979083067,0.00105051137507,-0.00113571970724,-0.000234574312344,0.0000210170255741,0.000504296796862,-0.000119282798551,-0.00271548866294],[0.000180129674845,0.0000943126433413,0.000292099895887,-0.00469462713227,0.0104013644159,-0.00433836178854,0.00284234294668,-0.00129089842085,-0.0000222194412345,-0.00182953779586,0.000871807453223,-0.000410312786698,-0.00106682465412],[-0.000230452118558,0.000786719901953,-0.00113384320866,-0.000057979083067,-0.00433836178854,0.0123920692131,-0.0067604673095,0.00213054381311,-0.00128457392566,0.00266889249906,-0.00271225417964,0.00172839558218,0.000155267189257],[0.000203890609555,-0.000400427816203,0.00122523680329,0.00105051137507,0.00284234294668,-0.0067604673095,0.0146233970299,-0.00830103643239,0.00245582382195,-0.000296499230899,-0.000262994668446,-0.00284307473339,-0.0000461869385617],[-0.000129666965222,-0.0000372730028175,-0.000274462334346,-0.00113571970724,-0.00129089842085,0.00213054381311,-0.00830103643239,0.0202248692513,-0.00612981710583,0.000543807924259,-0.00251262402162,0.00160497636534,-0.000567659561057],[0.0000851572985994,0.000205410484341,-0.00117172440514,-0.000234574312344,-0.0000222194412345,-0.00128457392566,0.00245582382195,-0.00612981710583,0.0166810993105,-0.00676022702828,0.000272560777375,0.000964565842878,-0.00116757582873],[-0.0000205568740057,-0.00040526437806,0.00125560665037,0.0000210170255741,-0.00182953779586,0.00266889249906,-0.000296499230899,0.000543807924259,-0.00676022702828,0.0189402252436,-0.00840781722218,0.00161274336278,-0.000331396062393],[-0.0000312944721372,-0.000189868966118,-0.00126759090926,0.000504296796862,0.000871807453223,-0.00271225417964,-0.000262994668446,-0.00251262402162,0.000272560777375,-0.00840781722218,0.0186632759869,-0.00731159187853,0.00114922388457],[0.000140869175084,-0.00069544184953,0.000498831504956,-0.000119282798551,-0.000410312786698,0.00172839558218,-0.00284307473339,0.00160497636534,0.000964565842878,0.00161274336278,-0.00731159187853,0.0225063096732,-0.00698301149532],[-0.0000393047739635,-0.0000622919760644,-0.000541327754036,-0.00271548866294,-0.00106682465412,0.000155267189257,-0.0000461869385617,-0.000567659561057,-0.00116757582873,-0.000331396062393,0.00114922388457,-0.00698301149532,0.0185101088136]],"mean":[-625.482971191,114.230964661,-2.87262940407,26.4136238098,2.74610280991,1.29159331322,1.19262337685,3.27479672432,-4.19826889038,0.507910013199,-4.54894447327,-1.47961437702,-3.29663944244]},"pitch_salience":{"dmean":0.0675634592772,"dmean2":0.110193647444,"dvar":0.00352577189915,"dvar2":0.00911612249911,"max":0.908435881138,"mean":0.5797265172,"median":0.585813045502,"min":0.129777118564,"var":0.00959577783942},"silence_rate_20dB":{"dmean":0,"dmean2":0,"dvar":0,"dvar2":0,"max":1,"mean":1,"median":1,"min":1,"var":0},"silence_rate_30dB":{"dmean":0.000893122982234,"dmean2":0.00178651185706,"dvar":0.000892330950592,"dvar2":0.00237894244492,"max":1,"mean":0.999404668808,"median":1,"min":0,"var":0.000594969256781},"silence_rate_60dB":{"dmean":0.00357249192894,"dmean2":0.00714604742825,"dvar":0.0035600035917,"dvar2":0.00798751506954,"max":1,"mean":0.0458401553333,"median":0,"min":0,"var":0.0437374897301},"spectral_centroid":{"dmean":264.423400879,"dmean2":419.031311035,"dvar":77999.921875,"dvar2":190586.203125,"max":4203.63183594,"mean":1481.43444824,"median":1479.92492676,"min":168.591293335,"var":311595.75},"spectral_complexity":{"dmean":3.81601667404,"dmean2":5.65252351761,"dvar":13.9287443161,"dvar2":27.6538238525,"max":53,"mean":24.0809650421,"median":25,"min":0,"var":108.924690247},"spectral_contrast_coeffs":{"dmean":[0.0571508519351,0.04483981058,0.0362673848867,0.0292645636946,0.020755937323,0.0161024332047],"dmean2":[0.0940141603351,0.0732081830502,0.0579313784838,0.0467395484447,0.033257227391,0.0257166381925],"dvar":[0.00252243876457,0.00136798620224,0.000908224610612,0.000586451380514,0.000309051247314,0.000206494616577],"dvar2":[0.00645578699186,0.00360557250679,0.00219201971777,0.00139045563992,0.00071369484067,0.000500986236148],"max":[-0.302533358335,-0.497236818075,-0.483308374882,-0.522565841675,-0.565978229046,-0.620317518711],"mean":[-0.628841519356,-0.725868105888,-0.756393671036,-0.776822865009,-0.789642214775,-0.763637840748],"median":[-0.637447178364,-0.727625370026,-0.7620267272,-0.781158566475,-0.795361220837,-0.760124146938],"min":[-0.96234691143,-0.930902421474,-0.955957114697,-0.952298045158,-0.943614542484,-0.933328509331],"var":[0.00838584825397,0.0044062230736,0.00441899523139,0.00306920241565,0.00211383146234,0.00126164639369]},"spectral_contrast_valleys":{"dmean":[0.400859564543,0.34056070447,0.294528603554,0.273548126221,0.213656306267,0.252072989941],"dmean2":[0.665328264236,0.538108050823,0.46118927002,0.413248807192,0.31686219573,0.317462325096],"dvar":[0.118796162307,0.0823900774121,0.0625817477703,0.0618515796959,0.0529812350869,0.092309102416],"dvar2":[0.29819303751,0.20006890595,0.141332402825,0.124782294035,0.100291736424,0.15088377893],"max":[-5.09120178223,-4.86752605438,-5.33966302872,-5.99177360535,-5.84478712082,-7.72508382797],"mean":[-7.17049026489,-6.69865465164,-7.2518863678,-7.59494829178,-7.23431062698,-9.98380756378],"median":[-6.96103239059,-6.54216480255,-7.0687661171,-7.34819126129,-6.89494609833,-9.65096282959],"min":[-14.3610467911,-16.2048435211,-16.5237064362,-16.9432983398,-16.8564357758,-17.9614391327],"var":[1.35517585278,1.10946655273,1.27154052258,1.34753489494,1.50327444077,1.61164617538]},"spectral_decrease":{"dmean":2.69370259431e-9,"dmean2":4.13065848193e-9,"dvar":1.46352916886e-17,"dvar2":3.40862998634e-17,"max":-2.7157575318e-17,"mean":-6.96720547921e-9,"median":-5.70882097151e-9,"min":-3.26571019116e-8,"var":2.6596409373e-17},"spectral_energy":{"dmean":0.0104833142832,"dmean2":0.0159852020442,"dvar":0.000217682114453,"dvar2":0.000505726377014,"max":0.129005029798,"mean":0.0282845515758,"median":0.0235930401832,"min":1.40307557239e-10,"var":0.000412506546127},"spectral_energyband_high":{"dmean":0.000298611063045,"dmean2":0.000413195288274,"dvar":2.2940386657e-7,"dvar2":4.44102767005e-7,"max":0.0096984077245,"mean":0.000950075802393,"median":0.00064984918572,"min":2.32103104097e-11,"var":9.99964072435e-7},"spectral_energyband_low":{"dmean":0.00514762243256,"dmean2":0.00808645319194,"dvar":0.0000892805182957,"dvar2":0.000192499152035,"max":0.0923499017954,"mean":0.00852890778333,"median":0.00408510118723,"min":1.65935355734e-11,"var":0.000139074356412},"spectral_energyband_middle_high":{"dmean":0.0016421333421,"dmean2":0.00234565557912,"dvar":0.00000470641589345,"dvar2":0.00000978772004601,"max":0.0448663048446,"mean":0.00611051637679,"median":0.00484847277403,"min":1.37914098544e-11,"var":0.0000250270113611},"spectral_energyband_middle_low":{"dmean":0.00669117923826,"dmean2":0.0108802802861,"dvar":0.000115217866551,"dvar2":0.000300843850709,"max":0.107711017132,"mean":0.0136936204508,"median":0.010353628546,"min":8.7983315078e-11,"var":0.000153760556714},"spectral_entropy":{"dmean":0.118523530662,"dmean2":0.174762904644,"dvar":0.0160065442324,"dvar2":0.0324699580669,"max":8.59659576416,"mean":7.69088840485,"median":7.77504634857,"min":5.56039619446,"var":0.162962928414},"spectral_flux":{"dmean":0.027904657647,"dmean2":0.0424462705851,"dvar":0.00110514287371,"dvar2":0.0022449134849,"max":0.288736611605,"mean":0.0907936394215,"median":0.081983178854,"min":0.0000594617704337,"var":0.00264244619757},"spectral_kurtosis":{"dmean":1.22377002239,"dmean2":2.04278898239,"dvar":3.54106283188,"dvar2":10.8803987503,"max":59.3638954163,"mean":4.09287166595,"median":3.17082834244,"min":-0.953044891357,"var":19.992225647},"spectral_rms":{"dmean":0.000878084858414,"dmean2":0.00130298826844,"dvar":0.00000113925659662,"dvar2":0.00000249446839007,"max":0.0112186707556,"mean":0.0048870802857,"median":0.00479766633362,"min":3.69980284631e-7,"var":0.00000371114697373},"spectral_rolloff":{"dmean":517.190429688,"dmean2":844.939453125,"dvar":557800.6875,"dvar2":1202171.75,"max":9689.94140625,"mean":1564.80407715,"median":1335.05859375,"min":64.599609375,"var":1366733.625},"spectral_skewness":{"dmean":0.161654785275,"dmean2":0.258565217257,"dvar":0.0315611027181,"dvar2":0.0850648581982,"max":6.27215337753,"mean":1.39152622223,"median":1.29757273197,"min":0.211636871099,"var":0.288384228945},"spectral_spread":{"dmean":396005.65625,"dmean2":553842.625,"dvar":235748802560,"dvar2":425315893248,"max":19520504,"mean":4427986,"median":4325439,"min":1411256.625,"var":1690768244740},"spectral_strongpeak":{"dmean":0.475512236357,"dmean2":0.813018798828,"dvar":0.529049932957,"dvar2":1.33135855198,"max":11.7029628754,"mean":0.795390605927,"median":0.418762981892,"min":0,"var":0.88836568594},"zerocrossingrate":{"dmean":0.00962629262358,"dmean2":0.0114388074726,"dvar":0.000115342423669,"dvar2":0.000144104647916,"max":0.44580078125,"mean":0.0640612095594,"median":0.060546875,"min":0.0068359375,"var":0.000851142627653}},"metadata":{"audio_properties":{"analysis_sample_rate":44100,"bit_rate":0,"codec":"flac","downmix":"mix","equal_loudness":0,"length":155.977737427,"lossless":true,"md5_encoded":"7c956d97eeef5f0a9424c27a3831da75","replay_gain":-12.9615879059,"sample_rate":44100},"tags":{"acoustid_id":["5877ac0b-bd98-41d8-ac80-ee417d309e49"],"album":["Lazaretto"],"albumartist":["Jack White"],"albumartistsort":["White, Jack"],"artist":["Jack White"],"artistsort":["White, Jack"],"asin":["B00JJ5CKIC"],"barcode":["886444535823"],"copyright":["2014 Third Man Records under exclusive license to XL Recordings Ltd."],"date":["2014-06-10"],"discnumber":["1"],"disctotal":["1"],"file_name":"06 Just One Drink.flac","genre":["Alternative"],"label":["Columbia","Third Man Records"],"media":["Digital Media"],"musicbrainz_albumartistid":["3ae2fb37-8a23-429d-9920-bac811c4fc22"],"musicbrainz_albumid":["d63f1233-4cf1-4ac9-b842-ba907f1265d2"],"musicbrainz_artistid":["3ae2fb37-8a23-429d-9920-bac811c4fc22"],"musicbrainz_recordingid":["9d687222-6437-48a5-9a41-e5a09724ebc8"],"musicbrainz_releasegroupid":["67e28d5b-f68e-4349-8e43-76189c90be65"],"musicbrainz_releasetrackid":["1bc23791-be08-4d95-bbb0-52fdd1c0f237"],"originaldate":["2014-06-06"],"releasecountry":["US"],"releasestatus":["official"],"releasetype":["album"],"script":["Latn"],"title":["Just One Drink"],"totaldiscs":["1"],"totaltracks":["11"],"tracknumber":["6"],"tracktotal":["11"]},"version":{"essentia":"2.1-beta2","essentia_build_sha":"26c37b627ab5a2028d412893e0969599b764ad4d","essentia_git_sha":"v2.1_beta2","extractor":"music 1.0"}},"rhythm":{"beats_count":312,"beats_loudness":{"dmean":0.0152284093201,"dmean2":0.0265080109239,"dvar":0.000151368643856,"dvar2":0.000435087044025,"max":0.11910315603,"mean":0.0433062463999,"median":0.0442836135626,"min":9.2557556286e-8,"var":0.000387006322853},"beats_loudness_band_ratio":{"dmean":[0.174791619182,0.145618230104,0.0938481464982,0.086