{"lowlevel":{"average_loudness":0.916895806789,"barkbands":{"dmean":[0.0000235743555095,0.000894077878911,0.00161375699099,0.000551411532797,0.000813016202301,0.000540532753803,0.000511177524459,0.000563674664591,0.001392743201,0.000761173665524,0.000870881951414,0.000719205301721,0.000738701783121,0.000733250228222,0.000871879165061,0.000737752357963,0.000399655895308,0.000383367558243,0.00013522010704,0.000124413665617,0.000058752939367,0.0000420394499088,0.0000211300321098,0.0000325621949742,0.0000170626335603,0.00000148702622482,6.61829844262e-8],"dmean2":[0.0000315795368806,0.00144300656393,0.00248957169242,0.000943959050346,0.00128604716156,0.000845621689223,0.000812329992186,0.000869071111083,0.00210037780926,0.00119334016927,0.00137036317028,0.00111777381971,0.0011589411879,0.00117140775546,0.00139053154271,0.00118624686729,0.000621177605353,0.000599199964199,0.000212948943954,0.000196990222321,0.0000883852262632,0.0000591855714447,0.0000299279708997,0.0000432388987974,0.0000219604644371,0.0000020583722744,1.04890240493e-7],"dvar":[1.94296179146e-9,0.00000258529871644,0.00000918425394048,0.00000142739713738,0.00000277290837403,0.00000120278525628,0.00000131333342779,0.00000202134197025,0.00000957439169724,0.00000376791217604,0.0000029529069252,0.00000139753979056,0.00000214453257286,0.00000121449738799,0.00000220005108531,0.00000183487702543,4.83225790049e-7,5.26776489096e-7,4.44288943413e-8,5.70974272307e-8,3.0724354616e-8,2.0205943585e-8,7.45347694675e-9,3.22323856494e-8,1.14379545835e-8,5.06445475834e-11,8.0623740106e-14],"dvar2":[3.69854036286e-9,0.00000591157277086,0.0000197892350116,0.00000383684482586,0.00000649757748761,0.00000272944839708,0.00000310888412969,0.00000481753886561,0.0000231159901887,0.00000998614632408,0.00000781671406003,0.00000336746870744,0.00000530519309905,0.0000029780769637,0.00000580526284466,0.00000471220300824,0.00000111651718271,0.00000132951208798,1.10541385823e-7,1.43057988566e-7,5.5627008777e-8,3.57395784079e-8,1.24109664768e-8,5.63358284467e-8,1.89716242716e-8,7.0971603594e-11,1.7872480568e-13],"max":[0.00141988578252,0.0234380811453,0.0534695982933,0.0253177657723,0.0434440970421,0.0207695197314,0.0229888409376,0.0282783806324,0.0492634028196,0.0369661040604,0.0334345363081,0.0303932894021,0.0457880832255,0.0174227356911,0.0257369726896,0.0297167561948,0.0228284671903,0.019540399313,0.0052455086261,0.00691336672753,0.00870178360492,0.00433746865019,0.00399345392361,0.00617215503007,0.0046677053906,0.00049619039055,0.0000112896577775],"mean":[0.0000488015248266,0.00224966811948,0.00433269701898,0.000830305623822,0.00130766129587,0.000904537038878,0.000838123494759,0.000791429134551,0.0027101514861,0.00119804835413,0.00155767204706,0.00152798870113,0.0015843360452,0.00147748889867,0.00167132006027,0.00137686834205,0.000844826921821,0.000798480003141,0.000302969478071,0.000283662520815,0.000147065889905,0.0000972093475866,0.0000495118329127,0.0000695333001204,0.0000327324050886,0.00000255285408457,1.09013178928e-7],"median":[0.00000705655884303,0.000852833094541,0.00154618313536,0.000333920062985,0.00048761832295,0.000387356732972,0.000341806968208,0.000177400914254,0.000727553793695,0.000403289159294,0.000811019330285,0.00103207060602,0.000902472413145,0.00100279424805,0.0008627778152,0.000723384902813,0.000527259544469,0.000465036981041,0.000216681874008,0.000163781631272,0.000066886030254,0.0000428513449151,0.0000143644792843,0.00000995199661702,0.00000261449281425,2.95431817676e-7,3.00958440391e-8],"min":[2.69483320411e-15,3.91961531727e-15,2.43273241111e-15,2.21904802137e-15,4.34103284325e-15,2.44746252582e-15,9.05300767212e-16,1.92241790381e-16,6.25264739768e-16,1.67093776576e-15,1.80028424961e-15,1.0828386612e-15,1.1373991503e-16,1.78657698012e-16,7.35683266558e-16,3.57018458037e-16,2.4710396879e-16,2.22827644533e-15,1.81482166433e-15,6.00604010783e-16,2.95037584451e-15,3.39160758872e-15,1.02255479695e-15,2.70413404938e-15,2.82201858927e-15,4.36166487178e-15,7.88479728015e-14],"var":[7.97783616946e-9,0.0000103050406324,0.0000379734847229,0.00000219717071559,0.00000558228248337,0.00000265467519966,0.00000263041488324,0.00000355374618266,0.0000340353144566,0.00000691306649969,0.0000062048638938,0.00000296856683235,0.00000564807487535,0.00000254761948781,0.00000523604603586,0.00000395784263674,0.0000014065334426,0.00000129452564579,1.02198391971e-7,1.59542523193e-7,1.10909354589e-7,5.9799283747e-8,2.81430363458e-8,1.15924230215e-7,4.12767491298e-8,1.79383605192e-10,1.92547936146e-13]},"barkbands_crest":{"dmean":2.06977534294,"dmean2":3.27639651299,"dvar":4.01817321777,"dvar2":9.75417613983,"max":23.0473060608,"mean":8.96427154541,"median":8.06608009338,"min":2.20428442955,"var":15.0807657242},"barkbands_flatness_db":{"dmean":0.0147974062711,"dmean2":0.021861249581,"dvar":0.000200385722565,"dvar2":0.000424061930971,"max":0.364920496941,"mean":0.140810772777,"median":0.138253733516,"min":0.03805892542,"var":0.00132515316363},"barkbands_kurtosis":{"dmean":0.669839262962,"dmean2":1.05595886707,"dvar":0.993824005127,"dvar2":2.29151797295,"max":26.893661499,"mean":-0.17768086493,"median":-0.616205453873,"min":-1.9538475275,"var":2.74267101288},"barkbands_skewness":{"dmean":0.34287238121,"dmean2":0.526135265827,"dvar":0.10679987818,"dvar2":0.240602478385,"max":5.1237154007,"mean":0.294860839844,"median":0.237486794591,"min":-2.55758118629,"var":0.530681014061},"barkbands_spread":{"dmean":4.14846324921,"dmean2":6.33449888229,"dvar":23.3827457428,"dvar2":54.9591407776,"max":154.973876953,"mean":26.7795696259,"median":23.794298172,"min":1.97255337238,"var":328.57019043},"dissonance":{"dmean":0.0144001832232,"dmean2":0.0241396743804,"dvar":0.000237499829382,"dvar2":0.000589959148783,"max":0.500000238419,"mean":0.473972082138,"median":0.479025959969,"min":0,"var":0.000436488771811},"dynamic_complexity":3.64987134933,"erbbands":{"dmean":[0.0147462151945,0.254510849714,1.58003413677,1.88909268379,1.41961252689,3.55155277252,5.37092542648,3.55413293839,5.08498048782,8.71113014221,16.2384872437,34.7308120728,19.1919174194,33.7542953491,27.0962657928,32.3569488525,28.5359458923,34.7610015869,43.1992454529,33.6722488403,30.8832015991,18.1899909973,21.2298145294,10.5732803345,6.43434095383,4.58324956894,2.63454651833,2.14636445045,1.5996505022,1.08285939693,0.538042902946,0.695682883263,0.527681410313,0.285411387682,0.0733194947243,0.0131043102592,0.00181367597543,0.000179808019311,0.0000138405157486,0.00000647439446766],"dmean2":[0.0236377939582,0.406080961227,2.43126535416,3.11532187462,2.36707830429,5.61545276642,8.29214668274,5.51699256897,8.24563026428,13.4977817535,24.8275661469,52.012462616,29.5280838013,53.5482597351,42.3809928894,49.6574134827,44.5161590576,55.0683250427,69.0682907104,52.5299987793,49.6476287842,27.685218811,33.2318305969,16.3254299164,10.1542110443,7.10039520264,3.90915679932,3.20659971237,2.26883482933,1.55169427395,0.739315271378,1.00508034229,0.686210930347,0.356028318405,0.100292541087,0.0180242359638,0.00249327695929,0.000260055705439,0.0000205043088499,0.00000968086987996],"dvar":[0.000714944326319,0.203907594085,8.11423778534,13.6130123138,6.47237968445,60.0556640625,124.926208496,69.3852310181,157.310256958,366.551300049,1604.43432617,7022.31982422,1854.3515625,5434.20166016,2533.45483398,3057.47875977,3225.91186523,2873.01660156,5348.59228516,3453.43188477,2571.69897461,1048.56030273,1826.33044434,380.882080078,111.518226624,82.5468978882,45.2324562073,46.902973175,29.4866294861,14.0483465195,5.59273386002,12.2536392212,9.8222360611,3.14913487434,0.223554566503,0.00485289422795,0.0000604428823863,5.21049798863e-7,2.51472020985e-9,5.29683241712e-11],"dvar2":[0.0018674590392,0.45965847373,17.4307479858,35.3293190002,16.7370872498,139.550567627,287.227874756,160.268585205,421.928100586,856.851928711,3767.87719727,16977.6328125,4500.45849609,14735.7822266,6355.27099609,7302.33691406,8145.76318359,7044.453125,14277.8789062,8414.17285156,6502.34326172,2317.54272461,4596.64599609,918.165161133,283.471893311,187.487716675,74.723449707,87.0588989258,53.519908905,26.4454040527,9.00883865356,23.6612491608,16.4880599976,5.18103122711,0.441617876291,0.00696389237419,0.0000887247588253,9.13169742489e-7,4.6473020987e-9,1.12859055434e-10],"max":[0.520569682121,6.581199646,47.0255432129,63.9297714233,57.4492111206,235.690429688,205.495773315,206.952056885,389.550567627,345.794555664,739.882385254,1358.25061035,1111.8717041,1414.76672363,1278.56286621,1531.56298828,1746.50402832,1020.75610352,1608.84448242,1461.89306641,1119.45544434,1002.88983154,1382.20080566,592.69329834,275.374786377,337.965393066,287.366607666,301.957427979,171.071777344,140.801818848,113.767738342,115.728507996,100.687026978,81.1595687866,22.4711837769,4.41420125961,0.391370266676,0.0303670428693,0.00231585395522,0.000180613860721],"mean":[0.0335910283029,0.67240190506,4.30549144745,4.14541530609,2.42345452309,5.4423418045,8.24816322327,6.3042178154,8.11390686035,15.0034809113,25.0750598907,68.2584457397,36.75157547,59.3375816345,53.5430335999,72.314163208,66.8819046021,75.0470123291,90.4054870605,76.8923568726,67.3165206909,43.2278633118,45.844455719,24.1697807312,16.4690189362,11.6509456635,6.84782886505,4.95927047729,3.55915880203,2.51203417778,1.29205060005,1.45566856861,1.09505629539,0.534870922565,0.136964857578,0.0238145068288,0.00332348886877,0.000305659486912,0.000037609555875,0.0000347981549567],"median":[0.0141723733395,0.326812922955,2.17882585526,1.91573107243,1.19228744507,1.78313851357,2.89666366577,2.90048456192,3.56797218323,6.45842838287,7.74470806122,17.1495952606,13.3742218018,27.5085849762,29.2068195343,47.2147598267,41.7065811157,52.1939544678,54.1751708984,45.6248016357,43.5222969055,27.3208045959,26.8681564331,15.6656970978,10.6745090485,6.85274600983,3.52519273758,2.26478004456,1.64410829544,0.834034085274,0.367785692215,0.288493692875,0.126064985991,0.0439050681889,0.0118115590885,0.00241919280961,0.0004286513431,0.0000560282496735,0.0000231439480558,0.0000335770164384],"min":[1.44981859092e-13,7.86976278415e-13,2.53221467232e-12,5.68968743647e-12,1.02124897081e-11,1.52538363885e-11,1.9131108156e-11,1.97127539986e-11,1.56128252687e-11,8.35726279846e-12,4.31129871387e-12,1.30964961098e-11,3.86476649294e-11,6.67668351162e-11,6.91497484273e-11,3.82602595439e-11,7.87194961993e-12,5.73187200828e-12,2.63230704595e-11,3.92996191145e-11,1.269454767e-11,1.71537558463e-11,8.20456341755e-11,1.76678810471e-10,3.94172507134e-11,2.3500305868e-11,6.04306951701e-11,1.40409947558e-10,1.19204410232e-10,7.88083279191e-11,3.13648482186e-11,8.67441327101e-11,2.27706135197e-11,2.33455234311e-11,2.48314580703e-11,1.27256113633e-11,8.85372244269e-12,8.57229651846e-12,7.2163264947e-12,1.73160357581e-12],"var":[0.00195112009533,0.759661376476,29.7578582764,29.7505836487,13.8777008057,116.747741699,238.334915161,143.270324707,245.004745483,788.041564941,2930.64086914,24839.5898438,4531.41259766,10908.5703125,5606.94677734,7036.10302734,8403.46777344,6286.22070312,13077.7705078,9623.45703125,6283.84033203,3460.44116211,4738.10595703,910.874816895,353.146942139,275.734558105,190.678451538,143.454071045,82.8543777466,45.4886932373,21.0333328247,36.3106040955,38.1421661377,11.072634697,0.680330872536,0.017982205376,0.000254036276601,0.00000177211359187,8.61129478835e-9,3.16672549294e-10]},"erbbands_crest":{"dmean":2.27494478226,"dmean2":3.72210407257,"dvar":4.73814105988,"dvar2":12.4858417511,"max":27.7320575714,"mean":9.01883602142,"median":8.31599807739,"min":2.38111901283,"var":13.1825685501},"erbbands_flatness_db":{"dmean":0.0145076187328,"dmean2":0.0210652668029,"dvar":0.000193978950847,"dvar2":0.000377285119612,"max":0.400605171919,"mean":0.211081802845,"median":0.213153973222,"min":0.0264817010611,"var":0.00247418042272},"erbbands_kurtosis":{"dmean":0.872685015202,"dmean2":1.37095451355,"dvar":0.98361748457,"dvar2":2.35956287384,"max":19.0399742126,"mean":1.13992226124,"median":0.745993256569,"min":-1.50784695148,"var":3.23957371712},"erbbands_skewness":{"dmean":0.323899030685,"dmean2":0.493000894785,"dvar":0.0781759470701,"dvar2":0.187995731831,"max":2.79169464111,"mean":-0.320169061422,"median":-0.317884862423,"min":-3.1517970562,"var":0.482981473207},"erbbands_spread":{"dmean":4.01918411255,"dmean2":6.09049749374,"dvar":17.303276062,"dvar2":35.7767982483,"max":113.118621826,"mean":22.2676734924,"median":19.3497276306,"min":2.73623991013,"var":137.024215698},"gfcc":{"cov":[[16937.1054688,1863.26159668,-2058.66430664,618.103210449,-1005.21582031,129.708633423,-707.038818359,132.906539917,-265.962982178,10.7173976898,-294.499450684,-67.5523986816,-71.162979126],[1863.26159668,1418.70153809,-419.053222656,-110.957893372,216.542480469,-133.10899353,130.121765137,-47.1462936401,117.221504211,-75.7121810913,2.26194667816,-76.2984924316,12.7151098251],[-2058.66430664,-419.053222656,823.425842285,108.159805298,85.145324707,117.708076477,32.406703949,100.712257385,18.0506076813,55.8582115173,-24.714509964,35.2298965454,-22.3466701508],[618.103210449,-110.957893372,108.159805298,426.089202881,30.6992454529,97.3682403564,-6.55176830292,34.7411003113,-5.17727613449,-12.5483589172,13.4239816666,4.67755317688,-5.98678636551],[-1005.21582031,216.542480469,85.145324707,30.6992454529,343.741973877,52.184551239,149.131011963,-4.67838144302,82.0783996582,-23.2141170502,24.2249755859,-7.2227063179,16.5021762848],[129.708633423,-133.10899353,117.708076477,97.3682403564,52.184551239,230.736816406,64.8092956543,48.8945999146,-14.8530035019,28.1145038605,-0.776570558548,-0.799344956875,-9.71750545502],[-707.038818359,130.121765137,32.406703949,-6.55176830292,149.131011963,64.8092956543,235.174606323,35.7716255188,57.4094924927,-16.5037612915,31.4125576019,-32.6454811096,0.345105469227],[132.906539917,-47.1462936401,100.712257385,34.7411003113,-4.67838144302,48.8945999146,35.7716255188,143.863128662,51.8744773865,24.964345932,-38.4790802002,-11.1722183228,-10.0313072205],[-265.962982178,117.221504211,18.0506076813,-5.17727613449,82.0783996582,-14.8530035019,57.4094924927,51.8744773865,128.671157837,13.7094345093,-9.42344760895,-17.9936485291,9.83431911469],[10.7173976898,-75.7121810913,55.8582115173,-12.5483589172,-23.2141170502,28.1145038605,-16.5037612915,24.964345932,13.7094345093,85.0323028564,13.4256296158,17.4165935516,-3.30381298065],[-294.499450684,2.26194667816,-24.714509964,13.4239816666,24.2249755859,-0.776570558548,31.4125576019,-38.4790802002,-9.42344760895,13.4256296158,99.8520507812,24.1385364532,8.21130561829],[-67.5523986816,-76.2984924316,35.2298965454,4.67755317688,-7.2227063179,-0.799344956875,-32.6454811096,-11.1722183228,-17.9936485291,17.4165935516,24.1385364532,79.0062713623,29.7610549927],[-71.162979126,12.7151098251,-22.3466701508,-5.98678636551,16.5021762848,-9.71750545502,0.345105469227,-10.0313072205,9.83431911469,-3.30381298065,8.21130561829,29.7610549927,59.8010520935]],"icov":[[0.000583271670621,-0.00115494453348,0.00130106811412,-0.00119195948355,0.00148141919635,-0.00140835880302,0.00121610239148,-0.00113449478522,0.000857554143295,-0.000844779890031,0.00141013017856,-0.000918455771171,0.000547303934582],[-0.00115494453348,0.00341033679433,-0.00202212599106,0.00243090023287,-0.00365120614879,0.00329649425112,-0.00263639190234,0.0022929685656,-0.00214707665145,0.00185244972818,-0.00260537676513,0.00226747081615,-0.000983968377113],[0.00130106811412,-0.00202212599106,0.00475928420201,-0.00288273231126,0.00237600225955,-0.00310341757722,0.00252840761095,-0.00333410594612,0.00206223409623,-0.00261300243437,0.00385682238266,-0.00299948104657,0.00221392815001],[-0.00119195948355,0.00243090023287,-0.00288273231126,0.00538902031258,-0.00329785281792,0.00145868398249,-0.00126250623725,0.00140265515074,-0.00210397737101,0.00351388775744,-0.00436605978757,0.00214603240602,-0.0010117405327],[0.00148141919635,-0.00365120614879,0.00237600225955,-0.00329785281792,0.00959238782525,-0.00502307340503,0.000672429974657,-0.000297163409414,-0.00124766211957,-0.000538779539056,0.00355681311339,-0.00373852998018,0.00112750998233],[-0.00140835880302,0.00329649425112,-0.00310341757722,0.00145868398249,-0.00502307340503,0.0105907386169,-0.00527280755341,0.00102933088783,0.00142196309753,-0.00134244305082,-0.00205109803937,0.00268080760725,-0.00144085753709],[0.00121610239148,-0.00263639190234,0.00252840761095,-0.00126250623725,0.000672429974657,-0.00527280755341,0.0112247588113,-0.00514326011762,0.000500433787238,0.00113745452836,-0.00180814904161,0.00168226542883,0.000247854390182],[-0.00113449478522,0.0022929685656,-0.00333410594612,0.00140265515074,-0.000297163409414,0.00102933088783,-0.00514326011762,0.0150200203061,-0.00716296490282,-0.000474799977383,0.00237647118047,0.000148696592078,0.000606821500696],[0.000857554143295,-0.00214707665145,0.00206223409623,-0.00210397737101,-0.00124766211957,0.00142196309753,0.000500433787238,-0.00716296490282,0.0161340925843,-0.00591661641374,0.00279628974386,0.00224026595242,-0.00307108624838],[-0.000844779890031,0.00185244972818,-0.00261300243437,0.00351388775744,-0.000538779539056,-0.00134244305082,0.00113745452836,-0.000474799977383,-0.00591661641374,0.0188476592302,-0.00690277339891,-0.00162997166626,0.00159378058743],[0.00141013017856,-0.00260537676513,0.00385682238266,-0.00436605978757,0.00355681311339,-0.00205109803937,-0.00180814904161,0.00237647118047,0.00279628974386,-0.00690277339891,0.0191864073277,-0.00756938103586,0.00262175686657],[-0.000918455771171,0.00226747081615,-0.00299948104657,0.00214603240602,-0.00373852998018,0.00268080760725,0.00168226542883,0.000148696592078,0.00224026595242,-0.00162997166626,-0.00756938103586,0.0233998633921,-0.012063045986],[0.000547303934582,-0.000983968377113,0.00221392815001,-0.0010117405327,0.00112750998233,-0.00144085753709,0.000247854390182,0.000606821500696,-0.00307108624838,0.00159378058743,0.00262175686657,-0.012063045986,0.0241002142429]],"mean":[-23.1857070923,113.186943054,-168.066390991,32.0554504395,-42.3393783569,19.1343402863,-28.4180030823,1.82508718967,-16.1770000458,-8.6142282486,-10.1141700745,-10.7298088074,-6.79040193558]},"hfc":{"dmean":5.4402513504,"dmean2":7.91072702408,"dvar":37.7514572144,"dvar2":77.2166824341,"max":109.274345398,"mean":28.0700969696,"median":26.0400810242,"min":2.62705857068e-9,"var":267.733642578},"melbands":{"dmean":[0.000183479525731,0.000642526545562,0.000304460059851,0.000166852463735,0.000176382411155,0.0000834100210341,0.0000884915425559,0.0000944043931668,0.00014754840231,0.000227585216635,0.0000957530646701,0.000138825067552,0.0000963838974712,0.00007483423542,0.0000890596347745,0.0000773610372562,0.0000667787535349,0.0000710889726179,0.0000648369605187,0.0000612889853073,0.0000324258253386,0.0000229513771046,0.0000194553995243,0.0000190074406419,0.00000872532109497,0.00000405908667744,0.00000670321514917,0.00000263127139988,0.00000188438252735,0.00000155473173891,0.00000120727349895,0.00000101598038782,7.83006953498e-7,5.94690050093e-7,3.26549212559e-7,3.61334542731e-7,4.75116223697e-7,3.95483880311e-7,3.65341378483e-7,2.06790048196e-7],"dmean2":[0.000296491140034,0.000989711494185,0.000499801302794,0.000269287935225,0.000270627235295,0.000129796404508,0.00014210032532,0.000146297024912,0.000226233387366,0.000340491824318,0.000147441591253,0.000220201720367,0.000151919783093,0.00011603335588,0.000135343099828,0.00012195972522,0.00010642826237,0.000113744499686,0.000102498524939,0.0000976250521489,0.0000517835578648,0.0000358479846909,0.0000303213910229,0.0000300043593597,0.00001372938641,0.00000638801839159,0.0000109038101073,0.00000404309093938,0.00000285986789095,0.00000234888329942,0.00000185980059086,0.00000149866627908,0.0000011078168427,8.85181975718e-7,4.63426289343e-7,5.20381263414e-7,7.0593006285e-7,5.44019428617e-7,4.89477656629e-7,2.74905971764e-7],"dvar":[1.06026959656e-7,0.00000120019092265,3.24254472162e-7,1.16134003747e-7,1.26343053353e-7,3.28696749818e-8,4.05802147441e-8,4.16911021262e-8,1.32655586071e-7,2.98076713534e-7,5.0900190729e-8,9.42031093132e-8,3.2495492519e-8,1.65843321298e-8,2.1783824522e-8,3.28041593889e-8,1.1156180868e-8,1.39470710536e-8,1.28658559362e-8,1.41817713128e-8,2.82152057274e-9,1.63207691806e-9,1.61152646783e-9,1.60804747296e-9,2.85586471138e-10,3.59372948067e-11,1.73939987413e-10,3.10851032415e-11,2.21357186053e-11,2.30049798655e-11,1.75906737093e-11,1.22198076311e-11,6.54495815183e-12,4.45868385615e-12,2.13103601605e-12,2.72005551763e-12,6.49374781378e-12,5.77951185174e-12,5.03379195965e-12,1.88319628988e-12],"dvar2":[2.56358816841e-7,0.00000258057229985,8.45585645948e-7,2.73954640306e-7,2.85549219825e-7,7.55639035788e-8,1.03782689109e-7,1.00297192773e-7,3.16203141892e-7,7.10714289198e-7,1.25156191189e-7,2.56539408383e-7,8.35979463432e-8,3.99007049623e-8,4.69391530089e-8,8.38567686401e-8,2.74317937254e-8,3.65904497812e-8,3.29744125338e-8,3.58994647343e-8,6.92845913974e-9,3.70516506365e-9,4.15533651932e-9,4.09788869504e-9,6.9625255561e-10,8.8114120167e-11,4.76347628009e-10,6.61766752508e-11,4.24425009027e-11,4.12305120601e-11,3.71144504019e-11,2.4723828887e-11,1.12563777743e-11,9.3075738089e-12,3.61919153501e-12,5.39145984801e-12,1.34301328739e-11,1.11269734746e-11,8.19198181512e-12,3.55994725885e-12],"max":[0.00585704855621,0.0171370208263,0.0102009288967,0.0105153024197,0.00658807205036,0.00425002165139,0.00542479520664,0.00424292497337,0.00680589675903,0.00906534772366,0.00577384419739,0.00623136339709,0.00332258967683,0.00340154604055,0.00304525834508,0.00620189774781,0.00189719256014,0.00249344762415,0.00227983971126,0.00273502268828,0.00143644120544,0.00133488117717,0.0016182390973,0.00112993270159,0.000544034992345,0.000175203225808,0.000342887477018,0.000203541683732,0.000208162455237,0.000248323834967,0.000157755828695,0.000107951709651,0.0000787429453339,0.0000768696845626,0.0000810468554846,0.0000572479002585,0.0000869432915351,0.0000807286778581,0.0000831064098747,0.000069474146585],"mean":[0.000462933472591,0.00182514532935,0.000694282061886,0.000264704343863,0.000284618232399,0.0001464371162,0.000142835167935,0.000157810820383,0.000219471359742,0.00044707080815,0.000173767548404,0.000234475010075,0.000180002549314,0.00015094911214,0.000214884130401,0.000144248930155,0.000135415815748,0.000139274256071,0.000123173958855,0.00011434834596,0.0000689602675266,0.0000476987552247,0.0000400705430366,0.0000380176097678,0.0000178326481546,0.00000951571291807,0.0000141056434586,0.00000606873572906,0.00000435386482422,0.00000366941571883,0.00000247099183071,0.0000020502748157,0.0000017038845499,0.00000124956181935,6.90253955327e-7,8.01209921519e-7,9.01820328636e-7,7.69556265823e-7,6.9226979349e-7,3.65324325458e-7],"median":[0.00018008153711,0.00117536459584,0.000358526041964,0.000104633414594,0.000103885613498,0.0000664743565721,0.0000612984731561,0.0000630254944554,0.000058675686887,0.000108265106974,0.0000612121511949,0.000103868922452,0.0000969937027548,0.0000969292013906,0.000127040286316,0.0000825302413432,0.0000893667747732,0.0000811474310467,0.0000671342713758,0.0000565313748666,0.0000466950441478,0.0000297707338177,0.0000217445867747,0.0000209816207644,0.0000108839403765,0.00000669426026434,0.00000715565829523,0.00000355887596015,0.00000222023300012,0.0000016770691218,0.00000109178199637,9.49272134676e-7,6.74893215091e-7,3.46304716459e-7,1.81973092594e-7,2.08241459632e-7,1.47210073465e-7,8.94498839443e-8,5.48255947308e-8,3.01455429508e-8],"min":[1.32022652681e-15,1.24864334892e-15,1.11291690703e-15,9.25789964811e-16,6.87408794251e-16,4.45981428515e-16,2.25848153435e-16,7.73229047501e-17,3.44183533223e-17,9.21628690464e-17,1.97603482467e-16,2.67395145968e-16,2.4445336447e-16,1.45502419707e-16,4.79796452842e-17,5.70746805805e-18,1.05042185335e-17,3.65703000818e-17,5.95774520086e-17,4.03412411322e-17,8.88632522004e-18,1.50676358338e-17,2.62984407183e-17,1.23552381442e-16,1.56188375611e-16,3.17482705533e-17,2.61415923849e-17,1.06789844261e-17,2.54520430458e-17,7.28982230093e-17,7.91427815071e-17,4.78930791787e-17,9.42875850202e-17,2.43422330159e-17,1.10191591443e-17,4.15374071637e-17,5.462030749e-17,1.24260130409e-17,1.59699459526e-17,1.99714503638e-17],"var":[4.22665493716e-7,0.00000418306353822,7.39499228075e-7,2.25650651942e-7,2.63185086169e-7,7.25713391603e-8,7.13746217684e-8,8.72663648011e-8,2.48358759336e-7,0.00000111136864689,1.16141983142e-7,1.82244008329e-7,6.99662479065e-8,3.53705011946e-8,9.40757018952e-8,6.98332840443e-8,2.28960210791e-8,3.29289733259e-8,2.83037611126e-8,3.1180242388e-8,6.64418653429e-9,4.54163462393e-9,4.11002254452e-9,3.57796059447e-9,5.92096871532e-10,1.01817651532e-10,4.01307542752e-10,9.60721363574e-11,7.68120358985e-11,7.5701937774e-11,4.21648375937e-11,2.94843593984e-11,2.01657267274e-11,1.2804842256e-11,6.94598155035e-12,8.31781605398e-12,1.68437139236e-11,1.92801052901e-11,1.89667257594e-11,5.28147837964e-12]},"melbands_crest":{"dmean":2.84357523918,"dmean2":4.47844743729,"dvar":8.18893527985,"dvar2":19.2529468536,"max":36.8426628113,"mean":13.54570961,"median":12.5732383728,"min":2.81292414665,"var":36.3388671875},"melbands_flatness_db":{"dmean":0.0187796168029,"dmean2":0.0272185709327,"dvar":0.00034969203989,"dvar2":0.000704655307345,"max":0.491671234369,"mean":0.179090574384,"median":0.17700971663,"min":0.0207148063928,"var":0.00234764162451},"melbands_kurtosis":{"dmean":1.69366061687,"dmean2":2.62028622627,"dvar":8.76746368408,"dvar2":18.8491325378,"max":93.8847045898,"mean":2.45933198929,"median":0.527772426605,"min":-1.77923369408,"var":37.8312149048},"melbands_skewness":{"dmean":0.422848135233,"dmean2":0.642944455147,"dvar":0.187044933438,"dvar2":0.387578696012,"max":9.18866062164,"mean":1.19344568253,"median":0.979363918304,"min":-1.79635429382,"var":1.39160442352},"melbands_spread":{"dmean":6.91875219345,"dmean2":10.5749578476,"dvar":47.8477172852,"dvar2":106.733551025,"max":148.895523071,"mean":35.8508872986,"median":33.9873657227,"min":2.38338589668,"var":247.053161621},"mfcc":{"cov":[[9670.88769531,1121.61462402,-528.518920898,295.502258301,-68.702041626,16.3636035919,-164.86869812,50.8986701965,25.747341156,-2.51778817177,-78.1451339722,-49.9222831726,-89.6573410034],[1121.61462402,1609.52368164,-475.034332275,45.7650604248,20.0410404205,42.6757545471,-7.73063802719,68.724571228,68.5322799683,59.0649299622,81.6752090454,-72.3879470825,-30.4589004517],[-528.518920898,-475.034332275,607.926330566,23.3673858643,64.8186950684,-14.6779403687,24.7679481506,-0.691804468632,33.6663017273,-1.33727121353,19.6192722321,28.8332328796,33.8635025024],[295.502258301,45.7650604248,23.3673858643,267.457397461,82.9476623535,40.2363586426,15.4674263,51.510181427,20.8410587311,3.11299324036,-5.46079397202,38.3202285767,7.7483086586],[-68.702041626,20.0410404205,64.8186950684,82.9476623535,186.044952393,71.3398132324,16.853679657,37.3995094299,47.1288642883,7.02518701553,6.33177423477,23.0783252716,14.7944068909],[16.3636035919,42.6757545471,-14.6779403687,40.2363586426,71.3398132324,182.66267395,100.556137085,48.1661872864,14.5980587006,25.961643219,-4.52333974838,26.6570892334,17.7406673431],[-164.86869812,-7.73063802719,24.7679481506,15.4674263,16.853679657,100.556137085,169.144622803,66.8876724243,-1.40388655663,33.9056854248,7.61999177933,25.4913444519,13.6174545288],[50.8986701965,68.724571228,-0.691804468632,51.510181427,37.3995094299,48.1661872864,66.8876724243,118.190177917,62.3692893982,39.2003936768,15.3424949646,6.25812578201,1.42729246616],[25.747341156,68.5322799683,33.6663017273,20.8410587311,47.1288642883,14.5980587006,-1.40388655663,62.3692893982,138.466659546,59.2565612793,35.3496017456,-15.9068031311,-2.08629751205],[-2.51778817177,59.0649299622,-1.33727121353,3.11299324036,7.02518701553,25.961643219,33.9056854248,39.2003936768,59.2565612793,111.164527893,41.9628639221,-1.58981907368,-3.62231302261],[-78.1451339722,81.6752090454,19.6192722321,-5.46079397202,6.33177423477,-4.52333974838,7.61999177933,15.3424949646,35.3496017456,41.9628639221,95.9883575439,5.17064237595,-4.00576353073],[-49.9222831726,-72.3879470825,28.8332328796,38.3202285767,23.0783252716,26.6570892334,25.4913444519,6.25812578201,-15.9068031311,-1.58981907368,5.17064237595,83.3699188232,30.8126869202],[-89.6573410034,-30.4589004517,33.8635025024,7.7483086586,14.7944068909,17.7406673431,13.6174545288,1.42729246616,-2.08629751205,-3.62231302261,-4.00576353073,30.8126869202,68.5821533203]],"icov":[[0.000125198625028,-0.0000806423850008,0.0000161008465511,-0.000144960780744,0.000142196644447,-0.000102435784356,0.000198976762476,-0.0000678750875522,-0.00000444262423116,-0.0000271627013717,0.000161565520102,-0.0000544181602891,0.000126328115584],[-0.0000806423850008,0.00102226936724,0.000786710297689,-0.000152979177074,-0.000305877358187,-0.0000565678419662,-0.0000646435582894,-0.000206854427233,-0.000092437992862,0.0000639718055027,-0.00111454504076,0.00098852487281,-0.000433478766354],[0.0000161008465511,0.000786710297689,0.00256525306031,-0.000267675233772,-0.000940385798458,0.000846272567287,-0.00100466911681,0.000668794265948,-0.000939588178881,0.000413189060055,-0.00101788761094,0.000418355339207,-0.000950607063714],[-0.000144960780744,-0.000152979177074,-0.000267675233772,0.00516947312281,-0.00182038091589,0.000020658451831,0.000730877683964,-0.00224985880777,0.000594771641772,0.000016977877749,0.000703825091477,-0.00222695432603,0.000640356331132],[0.000142196644447,-0.000305877358187,-0.000940385798458,-0.00182038091589,0.00866983830929,-0.00372320460156,0.00184767576866,-0.000489929516334,-0.00243281316943,0.00142044515815,-0.0000124144062283,-0.00118905340787,-0.0000092517293524],[-0.000102435784356,-0.0000565678419662,0.000846272567287,0.000020658451831,-0.00372320460156,0.01062699873,-0.00622765440494,0.000925233587623,-0.000591739371885,-0.000935898511671,0.00151969050057,-0.000833064259496,-0.000912137445994],[0.000198976762476,-0.0000646435582894,-0.00100466911681,0.000730877683964,0.00184767576866,-0.00622765440494,0.0134327700362,-0.00760447885841,0.00476570706815,-0.0024703447707,-0.000431189400842,-0.00101729098242,-0.000205257339985],[-0.0000678750875522,-0.000206854427233,0.000668794265948,-0.00224985880777,-0.000489929516334,0.000925233587623,-0.00760447885841,0.0177842844278,-0.0079536465928,0.0000541098415852,0.0006516125286,-0.000416189315729,0.000735461013392],[-0.00000444262423116,-0.000092437992862,-0.000939588178881,0.000594771641772,-0.00243281316943,-0.000591739371885,0.00476570706815,-0.0079536465928,0.0152480844408,-0.00568803399801,-0.00203310931101,0.00334587390535,-0.00121154938824],[-0.0000271627013717,0.0000639718055027,0.000413189060055,0.000016977877749,0.00142044515815,-0.000935898511671,-0.0024703447707,0.0000541098415852,-0.00568803399801,0.0145088545978,-0.00431798910722,-0.000238995882683,0.000660477031488],[0.000161565520102,-0.00111454504076,-0.00101788761094,0.000703825091477,-0.0000124144062283,0.00151969050057,-0.000431189400842,0.0006516125286,-0.00203310931101,-0.00431798910722,0.014641537331,-0.00331323267892,0.00187477143481],[-0.0000544181602891,0.00098852487281,0.000418355339207,-0.00222695432603,-0.00118905340787,-0.000833064259496,-0.00101729098242,-0.000416189315729,0.00334587390535,-0.000238995882683,-0.00331323267892,0.018118781969,-0.00714923115447],[0.000126328115584,-0.000433478766354,-0.000950607063714,0.000640356331132,-0.0000092517293524,-0.000912137445994,-0.000205257339985,0.000735461013392,-0.00121154938824,0.000660477031488,0.00187477143481,-0.00714923115447,0.0185336563736]],"mean":[-639.45904541,130.954437256,-48.0760803223,15.5095911026,5.68515872955,13.7067270279,2.90290665627,8.00225162506,0.518572747707,2.89100885391,-1.84565591812,-0.0320224948227,-3.55581116676]},"pitch_salience":{"dmean":0.0601384118199,"dmean2":0.0947871506214,"dvar":0.00317783211358,"dvar2":0.00731009803712,"max":0.943416416645,"mean":0.528254330158,"median":0.529511809349,"min":0.116804659367,"var":0.0119805783033},"silence_rate_20dB":{"dmean":0,"dmean2":0,"dvar":0,"dvar2":0,"max":1,"mean":1,"median":1,"min":1,"var":0},"silence_rate_30dB":{"dmean":0,"dmean2":0,"dvar":0,"dvar2":0,"max":1,"mean":1,"median":1,"min":1,"var":0},"silence_rate_60dB":{"dmean":0.00119029905181,"dmean2":0.00238095247187,"dvar":0.00118889589794,"dvar2":0.00267295516096,"max":1,"mean":0.0484974719584,"median":0,"min":0,"var":0.0461451858282},"spectral_centroid":{"dmean":184.207107544,"dmean2":275.029510498,"dvar":37094.1523438,"dvar2":67914.734375,"max":10679.1699219,"mean":1699.63830566,"median":1645.10009766,"min":359.777618408,"var":251794.125},"spectral_complexity":{"dmean":3.00699305534,"dmean2":4.68630933762,"dvar":7.89303445816,"dvar2":16.5864753723,"max":58,"mean":24.6444511414,"median":25,"min":0,"var":68.8355331421},"spectral_contrast_coeffs":{"dmean":[0.046579927206,0.0461731627584,0.0402548462152,0.0318361371756,0.0222523044795,0.0155322840437],"dmean2":[0.077191658318,0.074814260006,0.0641076788306,0.0508622638881,0.0350208431482,0.0238274820149],"dvar":[0.00157339056022,0.00143310811836,0.00108593236655,0.000686901505105,0.000351906201104,0.000199784044526],"dvar2":[0.00410202844068,0.00379370432347,0.00272635184228,0.00163916987367,0.000835744373035,0.000409324100474],"max":[-0.355685114861,-0.466735720634,-0.425807476044,-0.461452543736,-0.569436490536,-0.559560656548],"mean":[-0.630532801151,-0.746368646622,-0.720168232918,-0.712091505527,-0.749306082726,-0.733497083187],"median":[-0.631273984909,-0.750837802887,-0.722854495049,-0.711038649082,-0.747752070427,-0.727092266083],"min":[-0.973081707954,-0.96909403801,-0.960148870945,-0.984523057938,-0.966403663158,-0.961609482765],"var":[0.00750943133608,0.00555116077885,0.00605255737901,0.0042684902437,0.00247882888652,0.00196925946511]},"spectral_contrast_valleys":{"dmean":[0.392216265202,0.352012246847,0.316741377115,0.264512360096,0.217182010412,0.24936042726],"dmean2":[0.645450651646,0.575106322765,0.49925082922,0.409148156643,0.32165363431,0.322661995888],"dvar":[0.128649026155,0.113447800279,0.100977122784,0.0801026895642,0.0723513066769,0.106088533998],"dvar2":[0.286986261606,0.252343684435,0.199698999524,0.142752379179,0.11510310322,0.16479884088],"max":[-5.83483314514,-5.00413560867,-5.33002233505,-5.61004590988,-5.67752790451,-7.54019260406],"mean":[-7.86510181427,-7.08248329163,-7.26070976257,-7.34170198441,-7.57437229156,-10.870923996],"median":[-7.58074998856,-6.81356239319,-7.04671382904,-7.1050825119,-7.27632141113,-10.7309684753],"min":[-27.3785896301,-26.7787628174,-27.5273971558,-27.3042888641,-27.0878486633,-27.3092212677],"var":[1.78873825073,2.04290509224,1.96747231483,1.89551007748,1.74550867081,1.64196670055]},"spectral_decrease":{"dmean":1.26029875425e-9,"dmean2":1.92318783121e-9,"dvar":1.91572610364e-18,"dvar2":4.33964385149e-18,"max":1.42884187927e-15,"mean":-6.48867093389e-9,"median":-6.23616358553e-9,"min":-1.89532940453e-8,"var":1.06946628075e-17},"spectral_energy":{"dmean":0.00509255379438,"dmean2":0.00774449342862,"dvar":0.0000303831402562,"dvar2":0.0000686907878844,"max":0.0773419216275,"mean":0.027035722509,"median":0.0260126329958,"min":1.72038205621e-13,"var":0.000178379370482},"spectral_energyband_high":{"dmean":0.000165250196005,"dmean2":0.000210004975088,"dvar":2.41855303784e-7,"dvar2":3.33458814339e-7,"max":0.0140565503389,"mean":0.000487850513309,"median":0.000212222614209,"min":8.25188983984e-14,"var":0.00000118220395962},"spectral_energyband_low":{"dmean":0.00239013694227,"dmean2":0.00372102577239,"dvar":0.0000149666857396,"dvar2":0.0000330728944391,"max":0.0590797401965,"mean":0.00714813079685,"median":0.00523283705115,"min":8.83639170136e-15,"var":0.0000533501552127},"spectral_energyband_middle_high":{"dmean":0.00299060856923,"dmean2":0.00451769167557,"dvar":0.0000118188527267,"dvar2":0.0000277994149656,"max":0.0545409508049,"mean":0.0124335363507,"median":0.0110143516213,"min":1.04683658457e-14,"var":0.0000634925818304},"spectral_energyband_middle_low":{"dmean":0.00292822252959,"dmean2":0.00446912273765,"dvar":0.0000158689399541,"dvar2":0.0000378276854462,"max":0.052566036582,"mean":0.00764001579955,"median":0.00514660682529,"min":1.11190082749e-14,"var":0.0000558114625164},"spectral_entropy":{"dmean":0.112469382584,"dmean2":0.158485069871,"dvar":0.0124067692086,"dvar2":0.022890502587,"max":9.81156539917,"mean":7.47985935211,"median":7.46965074539,"min":5.80897426605,"var":0.132629409432},"spectral_flux":{"dmean":0.0172532126307,"dmean2":0.0269808135927,"dvar":0.000304330314975,"dvar2":0.000710334861651,"max":0.194668218493,"mean":0.0757578909397,"median":0.0739314034581,"min":0.0000521118963661,"var":0.00123975693714},"spectral_kurtosis":{"dmean":2.62250375748,"dmean2":4.52252054214,"dvar":7.36603164673,"dvar2":22.4475498199,"max":44.9830093384,"mean":6.38300704956,"median":5.52736711502,"min":-1.21966552734,"var":15.1210212708},"spectral_rms":{"dmean":0.000473146501463,"dmean2":0.000710012798663,"dvar":2.35465350329e-7,"dvar2":5.07325069066e-7,"max":0.00868651457131,"mean":0.00490109762177,"median":0.00503767561167,"min":1.29553905381e-8,"var":0.0000023556629003},"spectral_rolloff":{"dmean":312.429290771,"dmean2":514.803100586,"dvar":652680.25,"dvar2":1734266,"max":21727.0019531,"mean":2343.45703125,"median":1873.38867188,"min":107.666015625,"var":7792216},"spectral_skewness":{"dmean":0.256278276443,"dmean2":0.431609272957,"dvar":0.0528288111091,"dvar2":0.152771085501,"max":4.26368618011,"mean":1.54603540897,"median":1.52659153938,"min":-0.00172506598756,"var":0.18946531415},"spectral_spread":{"dmean":291698.0625,"dmean2":404906.71875,"dvar":305772920832,"dvar2":354311208960,"max":41673504,"mean":3095785,"median":2705144.25,"min":1258347.625,"var":2831454044160},"spectral_strongpeak":{"dmean":0.837188005447,"dmean2":1.44639980793,"dvar":1.6274805069,"dvar2":4.32660388947,"max":16.117099762,"mean":1.61740028858,"median":0.677662789822,"min":0,"var":3.30225086212},"zerocrossingrate":{"dmean":0.00748811755329,"dmean2":0.00855429470539,"dvar":0.000143405704875,"dvar2":0.000182084913831,"max":0.716796875,"mean":0.073486186564,"median":0.0615234375,"min":0.00439453125,"var":0.00482232170179}},"metadata":{"audio_properties":{"analysis_sample_rate":44100,"bit_rate":0,"codec":"flac","downmix":"mix","equal_loudness":0,"length":156.039993286,"lossless":true,"md5_encoded":"a38a67a875d02c3d9773514e6f2f46de","replay_gain":-12.006269455,"sample_rate":44100},"tags":{"acoustid_id":["7ed3db8e-91f4-44cb-86c9-f46b46b22a76"],"album":["Revolver"],"album artist":["The Beatles"],"albumartist":["The Beatles"],"albumartistsort":["Beatles, The"],"artist":["The Beatles"],"artistsort":["Beatles, The"],"catalognumber":["PMC 7009"],"date":["1966-08-05"],"disc":["1"],"discnumber":["1"],"disctotal":["1"],"encoder":["reference libFLAC 1.2.0 20070715"],"engineer":["Geoff Emerick"],"ensemble":["The Beatles"],"file_name":"07. The Beatles - She Said She Said.flac","genre":["Classic Rock"],"label":["Parlophone"],"language":["eng"],"media":["12\" Vinyl"],"musicbrainz_albumartistid":["b10bbbfc-cf9e-42e0-be17-e2c3e1d2600d"],"musicbrainz_albumid":["5f3ba07b-4a24-4cd5-b8ad-95ba0fcebec1"],"musicbrainz_artistid":["b10bbbfc-cf9e-42e0-be17-e2c3e1d2600d"],"musicbrainz_recordingid":["9d6ed009-9a63-4076-9053-6ae615a464a2"],"musicbrainz_workid":["25e7aa88-98e5-3777-a640-5aae6e791e4f"],"originaldate":["1966-08-05"],"performer":["John Lennon (lead vocals vocal)"],"producer":["George Martin"],"releasecountry":["GB"],"releasestatus":["official"],"releasetype":["album"],"replaygain_album_gain":["-7.28000020980835 dB"],"replaygain_track_gain":["-6.92999982833862 dB"],"replaygain_track_peak":["0.958648681640625"],"script":["Latn"],"title":["She Said She Said"],"totaldiscs":["1"],"totaltracks":["14"],"tracknumber":["7"],"tracktotal":["14"],"writer":["John Lennon","Paul McCartney"]},"version":{"essentia":"2.1-beta1","essentia_build_sha":"ca57ba49d9b1854bd80e60cf9ccf267278fb7d6b","essentia_git_sha":"v2.1_beta1-28-g21ef5f4-dirty","extractor":"music 1.0"}},"rhythm":{"beats_count":277,"beats_loudness":{"dmean":0.00960087496787,"dmean2":0.0165645834059,"dv