{"lowlevel":{"average_loudness":0.652318060398,"barkbands":{"dmean":[0.000251085206401,0.00555980205536,0.00325784506276,0.00211478513665,0.00159289815929,0.000768256606534,0.000509517500177,0.000281797692878,0.000559745240025,0.000319405051414,0.000293684948701,0.000315918063279,0.000268939562375,0.000295051606372,0.000241468020249,0.000235451778281,0.000247224699706,0.000163102900842,0.000156206166139,0.000105070685095,0.0000903605032363,0.000083291422925,0.000055914882978,0.0000591208699916,0.0000912110044737,0.0000637723860564,0.0000343144092767],"dmean2":[0.000389286171412,0.00988544896245,0.00595648400486,0.00372589798644,0.00268585700542,0.00129197305068,0.000834769569337,0.000460240931716,0.000879613333382,0.00051238090964,0.000467827485409,0.000509840087034,0.000433184148278,0.000487241806695,0.000392489717342,0.000391828391002,0.00041193261859,0.000274976657238,0.000265192822553,0.000176132787601,0.000151761865709,0.00013655461953,0.000088423890702,0.0000886841444299,0.000147826678585,0.0000980777113,0.0000481177157781],"dvar":[4.0184713157e-7,0.00023381144274,0.0000743083655834,0.00001912173866,0.00000808254571893,0.00000328375813297,0.00000131865601816,0.0000010600464293,0.00000491376340506,0.00000153263272296,7.87681358361e-7,0.00000188239300769,0.00000103977902199,0.00000143685861076,8.36201138554e-7,3.74146111426e-7,2.7582666462e-7,1.18091882939e-7,1.0958780905e-7,6.55044729569e-8,5.68073623697e-8,7.38505079312e-8,6.37119370595e-8,2.40730368972e-8,2.15887979493e-7,6.5173225039e-8,7.18439263636e-9],"dvar2":[9.29859140797e-7,0.000644141342491,0.000214528976358,0.0000542812158528,0.0000219996964006,0.0000086107838797,0.00000330394709636,0.00000267262475973,0.0000119881269711,0.00000401978149966,0.00000195159714167,0.00000461921035821,0.00000250572702498,0.00000377775199922,0.00000212333156924,0.00000100965405636,7.27247254417e-7,3.25313123994e-7,3.02478071035e-7,1.75913797307e-7,1.52195525516e-7,1.9146371244e-7,1.66477349239e-7,5.35676853985e-8,5.87034605815e-7,1.69435338648e-7,1.46284317992e-8],"max":[0.00660904450342,0.118641264737,0.0785650014877,0.073226056993,0.0494001843035,0.0688990205526,0.0293655432761,0.0362064242363,0.0907744467258,0.0592127405107,0.0325292758644,0.0632069185376,0.0348203554749,0.0444395132363,0.0386810153723,0.0224891789258,0.0169674474746,0.00726627418771,0.00796186923981,0.00418825121596,0.00413173204288,0.00920867174864,0.0135817434639,0.00514233065769,0.00894655101001,0.00727139925584,0.00132070109248],"mean":[0.000271068362053,0.00471615931019,0.00312545406632,0.00257768388838,0.00263409200124,0.00123413209803,0.00086963531794,0.000403959886171,0.00101129792165,0.000488623394631,0.00049423368182,0.000530771620106,0.00046090935939,0.000479507958516,0.000425913720392,0.000481345254229,0.000520227476954,0.00035992305493,0.000331052287947,0.00017049361486,0.000148526130943,0.000125201404444,0.0000893707256182,0.000101835095847,0.000100548037153,0.0000701708122506,0.0000412820845668],"median":[0.000024416087399,0.00132033391856,0.00133659923449,0.00134782586247,0.00164648424834,0.000698598101735,0.000447178696049,0.000160875439178,0.000234953709878,0.000108635278593,0.000175587454578,0.000102085818071,0.0000882974782144,0.0000915469718166,0.000132810993819,0.000112950408948,0.000129116349854,0.0000623143423581,0.0000739608731237,0.0000621896469966,0.000034125354432,0.0000285581481876,0.0000211546139326,0.0000270464115601,0.0000185961616808,0.0000100319293779,0.00000351436324308],"min":[3.77081281241e-25,2.2066472808e-24,3.64271116913e-25,1.14951775729e-24,7.93966018569e-24,1.23617036092e-23,8.1990684169e-24,5.91580479562e-24,1.03313554994e-23,1.35954370999e-23,1.991861795e-23,1.78443334432e-23,3.44690469062e-23,2.79033828356e-23,2.90376291333e-23,4.49363412834e-23,6.44752047491e-23,1.0533898219e-22,1.36059308432e-22,1.34413100873e-22,2.69134627427e-22,3.54061574948e-22,3.76669874107e-22,6.15476699857e-22,7.06494991474e-22,1.39730051142e-21,1.98312492697e-21],"var":[4.55537247035e-7,0.000158857234055,0.0000464540789835,0.000016275111193,0.0000102964440885,0.00000371958890355,0.00000209483573599,0.00000112061093205,0.0000135737327582,0.00000236810365095,0.00000211787141779,0.00000416424882133,0.00000233920241044,0.00000247852517532,0.00000150304811086,9.22446417917e-7,8.04165381396e-7,3.68624426983e-7,2.65129159516e-7,8.1209940106e-8,7.56168745397e-8,8.20389516321e-8,6.26127487635e-8,4.67509515545e-8,1.59910968023e-7,5.49016085927e-8,1.10250928387e-8]},"barkbands_crest":{"dmean":2.59093022346,"dmean2":4.30035448074,"dvar":6.6731300354,"dvar2":17.6898574829,"max":25.9789409637,"mean":8.66928386688,"median":7.94029045105,"min":2.32758903503,"var":13.2545690536},"barkbands_flatness_db":{"dmean":0.0226114168763,"dmean2":0.0355196706951,"dvar":0.000538572494406,"dvar2":0.00133829296101,"max":0.324669957161,"mean":0.106994204223,"median":0.102592617273,"min":0.0147377839312,"var":0.00192323967349},"barkbands_kurtosis":{"dmean":3.771068573,"dmean2":6.27430868149,"dvar":44.0231666565,"dvar2":116.424423218,"max":103.016098022,"mean":5.33636760712,"median":3.02564620972,"min":-1.88726246357,"var":63.988067627},"barkbands_skewness":{"dmean":0.610419690609,"dmean2":0.974121809006,"dvar":0.535451710224,"dvar2":1.32223820686,"max":8.44025421143,"mean":1.81844174862,"median":1.79043221474,"min":-2.24777436256,"var":1.56326663494},"barkbands_spread":{"dmean":6.37519979477,"dmean2":9.91014575958,"dvar":58.5057983398,"dvar2":132.988082886,"max":103.807441711,"mean":23.7289810181,"median":20.8941650391,"min":1.14343094826,"var":205.324295044},"dissonance":{"dmean":0.0129640996456,"dmean2":0.0219825226814,"dvar":0.00016217805387,"dvar2":0.000446079415269,"max":0.500000178814,"mean":0.472909599543,"median":0.477883398533,"min":0.291210591793,"var":0.000440385454567},"dynamic_complexity":3.68964314461,"erbbands":{"dmean":[0.156925484538,1.29409110546,3.58366727829,5.62278032303,5.33465051651,6.12512350082,6.00169563293,6.86930704117,6.74883413315,8.13195133209,5.98079824448,12.3808403015,12.4648752213,8.84461593628,10.9289245605,12.6342802048,11.6607179642,14.3536596298,11.0745916367,13.2772111893,12.9832839966,12.6734333038,8.25283241272,8.7470293045,6.79708957672,4.73085165024,3.92859339714,3.44920039177,2.98928785324,2.47967624664,1.49666297436,1.28076732159,0.961844325066,1.05309319496,0.644975960255,0.316640257835,0.107761107385,0.0286352820694,0.00558611471206,0.00039207880036],"dmean2":[0.271500825882,2.36508917809,6.58447170258,10.0693836212,9.15470409393,10.3704509735,10.0912160873,11.6339912415,11.4367771149,12.9635286331,9.66268348694,19.7854499817,19.563955307,14.1330242157,17.3243427277,20.4433479309,18.6866912842,23.5794048309,18.0609893799,21.6637516022,21.4740447998,21.0973377228,13.7952508926,14.759349823,11.5468101501,7.94690561295,6.66711044312,5.75483608246,4.92110157013,4.03873920441,2.34469175339,1.96946823597,1.44924330711,1.70485770702,1.05324161053,0.499482780695,0.165192469954,0.0419811233878,0.00791747961193,0.000546708703041],"dvar":[0.180311471224,13.4211950302,93.9972610474,178.038757324,76.0586013794,149.562591553,209.58480835,314.076629639,245.072265625,434.518005371,562.723205566,2560.03491211,2613.23950195,814.375366211,1387.20117188,2724.15185547,1819.93823242,3252.09375,2169.14379883,1351.54345703,1186.10705566,729.387695312,305.093994141,313.497039795,224.38621521,139.330993652,102.875366211,92.0958786011,89.418548584,102.79649353,45.1254081726,10.9439706802,9.07770824432,30.2505626678,10.3716630936,1.85987687111,0.181698337197,0.00690548866987,0.000195301719941,9.09229811441e-7],"dvar2":[0.478992551565,37.9383506775,270.599517822,511.707458496,214.953887939,409.180999756,554.432189941,848.815917969,656.768920898,1048.05371094,1355.04663086,6728.50244141,6345.77685547,2098.06030273,3563.32958984,6870.02685547,4263.73486328,8469.11230469,5666.69091797,3441.48046875,3194.93066406,1914.94250488,822.629455566,845.403503418,622.17565918,373.808776855,279.449035645,244.327194214,231.426361084,268.72555542,118.357223511,25.2133712769,20.5722770691,81.1713562012,28.5787162781,4.90987682343,0.471890389919,0.0161628462374,0.000406553823268,0.00000181069265182],"max":[4.03760099411,28.5838298798,83.6384124756,144.175033569,151.945892334,252.890487671,289.587677002,794.251220703,458.188323975,608.442504883,1060.65490723,1552.97131348,2027.95422363,955.195617676,1146.36486816,2181.92163086,1536.09643555,2485.71142578,2078.28662109,1582.0480957,1777.10144043,675.78918457,335.255859375,334.823913574,322.387664795,202.24206543,172.467758179,219.558486938,290.170074463,436.670654297,437.100799561,149.033569336,107.497184753,128.805343628,71.2237014771,30.8292121887,14.8513345718,2.95643210411,0.220625147223,0.0143122859299],"mean":[0.131334111094,1.07210111618,3.31117534637,6.70247888565,8.19339847565,9.24648189545,9.08065128326,10.8318014145,11.2751560211,13.5479564667,9.70222759247,21.8412914276,21.910949707,15.3212928772,20.0020637512,22.2666339874,22.0108222961,24.7952003479,19.935956955,26.5386104584,28.8906497955,27.6561927795,19.2011089325,20.0965175629,13.7340364456,7.96101808548,6.44267416,5.40063428879,4.52697324753,3.69545340538,2.43374347687,2.17963576317,1.57280981541,1.18309569359,0.692170798779,0.345564097166,0.118667751551,0.033213943243,0.00668264506385,0.000486152013764],"median":[0.0233868137002,0.339564621449,1.40518569946,3.69653367996,5.35464000702,5.23806095123,4.5481595993,6.31352519989,6.00518512726,6.2853345871,3.68557024002,4.88712978363,5.37180137634,4.42404508591,6.76957893372,4.51917791367,4.45102024078,4.61159896851,4.48012161255,9.341132164,6.88654899597,6.18253231049,3.72401332855,3.60190296173,3.71763372421,2.89212632179,1.75515842438,1.20289921761,0.966308534145,0.832041025162,0.604597449303,0.609750390053,0.367699742317,0.208944797516,0.125348001719,0.0540966466069,0.0161290802062,0.00387243740261,0.000572330667637,0.0000632689916529],"min":[8.55358787196e-23,3.48002795029e-22,4.92960568068e-22,3.998211822e-21,1.53990495461e-20,2.52565318253e-20,4.68425595423e-20,7.57657439161e-20,1.27183219707e-19,1.86234105598e-19,1.44072761475e-19,2.53721600427e-19,7.16585168787e-19,9.64152519607e-19,7.43299690453e-19,9.62302530168e-19,1.99634581448e-18,1.99201531717e-18,2.52320175523e-18,2.78807636111e-18,2.72066755183e-18,3.68982068844e-18,6.10500237504e-18,7.49163997745e-18,6.00236994054e-18,7.27979654104e-18,8.48946877756e-18,1.0390424951e-17,1.06306828686e-17,1.24059778993e-17,9.55820267259e-18,1.12411396791e-17,1.04733977839e-17,7.40936363064e-18,5.09130452848e-18,4.14845015189e-18,2.64504442549e-18,9.77792727908e-19,2.52739633642e-19,3.0346836525e-20],"var":[0.136448338628,8.37785720825,57.4364356995,124.950057983,89.3664093018,174.202346802,220.209289551,311.547302246,319.632781982,745.383544922,697.83013916,5344.56152344,6528.79638672,1663.70800781,3340.32714844,6256.38085938,4728.12304688,5496.89794922,3901.26147461,3488.49462891,3077.19091797,2241.87524414,985.134216309,1067.30285645,438.000915527,172.076507568,129.770935059,115.871696472,103.122245789,100.048751831,44.6342773438,20.9118061066,14.9414606094,23.7373104095,7.30100488663,1.4841016531,0.154129251838,0.00804398674518,0.000290462223347,0.00000144363889376]},"erbbands_crest":{"dmean":1.98670983315,"dmean2":3.25606703758,"dvar":4.02342367172,"dvar2":10.3528862,"max":31.3799133301,"mean":7.09136486053,"median":6.07343816757,"min":2.16118049622,"var":13.62150383},"erbbands_flatness_db":{"dmean":0.0159290898591,"dmean2":0.0224480181932,"dvar":0.000223624127102,"dvar2":0.00043790001655,"max":0.310799926519,"mean":0.118075653911,"median":0.115701287985,"min":0.0299739670008,"var":0.00128272990696},"erbbands_kurtosis":{"dmean":0.643810629845,"dmean2":1.04655861855,"dvar":1.00851488113,"dvar2":2.55549693108,"max":46.371471405,"mean":0.000697324925568,"median":-0.417549133301,"min":-1.75468063354,"var":2.87082719803},"erbbands_skewness":{"dmean":0.29111751914,"dmean2":0.458699315786,"dvar":0.074728704989,"dvar2":0.181472152472,"max":6.27670383453,"mean":0.19557915628,"median":0.187675848603,"min":-3.00376582146,"var":0.467944920063},"erbbands_spread":{"dmean":8.54346084595,"dmean2":13.3154058456,"dvar":81.0290679932,"dvar2":189.919525146,"max":161.042297363,"mean":44.7133216858,"median":43.3058624268,"min":3.90365314484,"var":287.502532959},"gfcc":{"cov":[[12349.3164062,-569.144165039,-849.616943359,302.293273926,-175.773452759,171.61000061,-16.462015152,96.453163147,-129.406021118,-84.8114318848,-293.465179443,-75.4282226562,-185.032241821],[-569.144165039,973.600219727,-209.55255127,109.915122986,-19.5882987976,13.510468483,-30.9930438995,28.2289085388,9.3490152359,-23.8519001007,51.8353652954,-28.2445659637,13.2722730637],[-849.616943359,-209.55255127,717.505310059,-78.4266967773,111.789596558,-28.5001010895,35.4037246704,-28.3202724457,8.03388023376,67.8514938354,12.8249149323,29.2016983032,9.88277721405],[302.293273926,109.915122986,-78.4266967773,308.157287598,22.681186676,73.5029144287,7.73314666748,36.5442199707,23.7241363525,-23.0137729645,-1.02926123142,-18.8214931488,4.46381187439],[-175.773452759,-19.5882987976,111.789596558,22.681186676,192.060714722,31.7323894501,64.0734634399,13.4213724136,15.0563545227,5.51030635834,-3.46173357964,-4.05268955231,6.72022771835],[171.61000061,13.510468483,-28.5001010895,73.5029144287,31.7323894501,128.346511841,45.2647323608,23.1043510437,-2.6689312458,-1.77416229248,1.68778443336,-8.05981636047,-3.58103704453],[-16.462015152,-30.9930438995,35.4037246704,7.73314666748,64.0734634399,45.2647323608,123.229125977,31.2107658386,15.3407926559,-4.62246179581,-3.59996271133,4.79889678955,-1.63803446293],[96.453163147,28.2289085388,-28.3202724457,36.5442199707,13.4213724136,23.1043510437,31.2107658386,84.7487640381,32.7170143127,-2.77786898613,-6.02091598511,-5.60240030289,3.07814693451],[-129.406021118,9.3490152359,8.03388023376,23.7241363525,15.0563545227,-2.6689312458,15.3407926559,32.7170143127,65.5985107422,23.9096832275,6.74823284149,-2.05314874649,4.25969743729],[-84.8114318848,-23.8519001007,67.8514938354,-23.0137729645,5.51030635834,-1.77416229248,-4.62246179581,-2.77786898613,23.9096832275,67.4177474976,28.6125793457,13.9440355301,-0.0741528794169],[-293.465179443,51.8353652954,12.8249149323,-1.02926123142,-3.46173357964,1.68778443336,-3.59996271133,-6.02091598511,6.74823284149,28.6125793457,66.3821716309,27.3787727356,8.15988922119],[-75.4282226562,-28.2445659637,29.2016983032,-18.8214931488,-4.05268955231,-8.05981636047,4.79889678955,-5.60240030289,-2.05314874649,13.9440355301,27.3787727356,53.9528656006,21.3654098511],[-185.032241821,13.2722730637,9.88277721405,4.46381187439,6.72022771835,-3.58103704453,-1.63803446293,3.07814693451,4.25969743729,-0.0741528794169,8.15988922119,21.3654098511,44.9389266968]],"icov":[[0.000124552927446,0.0000662211969029,0.000164582888829,-0.000161224685144,0.0000219545599975,-0.0000409665844927,0.0000295628760796,-0.00020223937463,0.000390306988265,-0.000395027338527,0.000680844299495,-0.000394197297283,0.000507620861754],[0.0000662211969029,0.00133122806437,0.000360549049219,-0.000354960851837,-0.0000595378332946,0.000182823496289,0.000217605411308,-0.000495563086588,0.00035411232966,0.000321700703353,-0.00152074941434,0.00131521222647,-0.000481384515297],[0.000164582888829,0.000360549049219,0.00211409642361,-0.000138222036185,-0.00103538588155,0.000582540989853,-0.000348700414179,0.00011050014291,0.00109046918806,-0.00249429955147,0.00120250636246,-0.000783642521128,0.000347694032826],[-0.000161224685144,-0.000354960851837,-0.000138222036185,0.00469433376566,-0.000448298145784,-0.00275349873118,0.00131270033307,-0.000178970585694,-0.00300052203238,0.00294855004176,-0.00148824043572,0.000996386748739,-0.00100136303809],[0.0000219545599975,-0.0000595378332946,-0.00103538588155,-0.000448298145784,0.00722212716937,-0.00064765260322,-0.00335857528262,0.000543514324818,-0.000619905535132,-0.000160265117302,0.000194860753254,0.00181713455822,-0.00175186910201],[-0.0000409665844927,0.000182823496289,0.000582540989853,-0.00275349873118,-0.00064765260322,0.0118056889623,-0.00430548889562,-0.00207491521724,0.00491521833465,-0.00323589658365,-0.0013248489704,0.00253486819565,-0.0004903205554],[0.0000295628760796,0.000217605411308,-0.000348700414179,0.00131270033307,-0.00335857528262,-0.00430548889562,0.0129770617932,-0.00290168845095,-0.00305736321025,0.00355059187859,0.000490726321004,-0.00399697339162,0.00294152204879],[-0.00020223937463,-0.000495563086588,0.00011050014291,-0.000178970585694,0.000543514324818,-0.00207491521724,-0.00290168845095,0.0178425889462,-0.00972289964557,0.00286285835318,0.000849445001222,0.000281476735836,-0.0016291247448],[0.000390306988265,0.00035411232966,0.00109046918806,-0.00300052203238,-0.000619905535132,0.00491521833465,-0.00305736321025,-0.00972289964557,0.0276906080544,-0.0131825478747,0.00167957146186,0.00343946670182,-0.00198708637618],[-0.000395027338527,0.000321700703353,-0.00249429955147,0.00294855004176,-0.000160265117302,-0.00323589658365,0.00355059187859,0.00286285835318,-0.0131825478747,0.028059957549,-0.0114075625315,-0.00137727078982,0.00225559412502],[0.000680844299495,-0.00152074941434,0.00120250636246,-0.00148824043572,0.000194860753254,-0.0013248489704,0.000490726321004,0.000849445001222,0.00167957146186,-0.0114075625315,0.0294868517667,-0.0148890893906,0.00450740708038],[-0.000394197297283,0.00131521222647,-0.000783642521128,0.000996386748739,0.00181713455822,0.00253486819565,-0.00399697339162,0.000281476735836,0.00343946670182,-0.00137727078982,-0.0148890893906,0.0348713248968,-0.0163765791804],[0.000507620861754,-0.000481384515297,0.000347694032826,-0.00100136303809,-0.00175186910201,-0.0004903205554,0.00294152204879,-0.0016291247448,-0.00198708637618,0.00225559412502,0.00450740708038,-0.0163765791804,0.0321089811623]],"mean":[-4.11417388916,78.7306900024,-97.1908111572,27.7381858826,-43.0283660889,6.26868438721,-39.181854248,5.9899597168,-24.4209899902,-2.74197030067,-16.854598999,-0.777603924274,-11.1443357468]},"hfc":{"dmean":7.06594228745,"dmean2":10.9604692459,"dvar":238.895645142,"dvar2":602.718017578,"max":276.063293457,"mean":18.0487232208,"median":7.14734268188,"min":1.04982401683e-16,"var":547.82635498},"melbands":{"dmean":[0.00146098341793,0.0018168380484,0.000964706297964,0.000352503382601,0.000239105458604,0.000151245723828,0.000100878649391,0.0000820059431135,0.0000529728022229,0.0000817129039206,0.000063150007918,0.0000359999648936,0.0000406054423365,0.0000363193321391,0.0000297073038382,0.0000278605275525,0.0000283731005766,0.0000194585081772,0.0000189611491805,0.0000172212712641,0.0000172093878064,0.0000157459453476,0.00000965207891568,0.00000823277059681,0.00000778417961556,0.00000592791457166,0.00000436194795839,0.00000309706047119,0.00000260231809079,0.00000232865386351,0.0000020288819087,0.00000174498416072,0.00000167090092873,0.00000133230764732,9.20342870359e-7,8.66764878538e-7,7.2832585829e-7,6.42507870907e-7,8.20338811991e-7,9.52054165282e-7],"dmean2":[0.00256463186815,0.00332380644977,0.00171334040351,0.000596393772867,0.000401856697863,0.000255140039371,0.000169479229953,0.000131120716105,0.0000857522099977,0.000129219319206,0.0000990655171336,0.0000575111698708,0.0000644377068966,0.0000586589630984,0.0000475727247249,0.0000455154367955,0.0000466146375402,0.0000319936589221,0.0000308909257001,0.0000286123868136,0.0000287387701974,0.0000262349822151,0.0000162239666679,0.0000139035637403,0.0000131826918732,0.000010156960343,0.00000735292132958,0.00000522048003404,0.00000445037176178,0.00000392198489862,0.00000340475503435,0.00000289874174086,0.00000276045375358,0.00000218741161007,0.00000147274556639,0.00000135182801841,0.0000011270375353,9.8218936273e-7,0.00000125456278965,0.0000015907684201],"dvar":[0.0000159817609529,0.0000247553052759,0.00000463878131995,3.03040934568e-7,3.18739409977e-7,1.37447585757e-7,5.39219655593e-8,4.80068784725e-8,4.25755253275e-8,1.14254127936e-7,6.73142679375e-8,1.4131892101e-8,1.60101798485e-8,3.08663636872e-8,1.31171029594e-8,1.17064011818e-8,1.30575399382e-8,7.31467864057e-9,5.90968962655e-9,2.00641636638e-9,2.19945550661e-9,1.16656984073e-9,4.57112903085e-10,2.93858715139e-10,2.50563320092e-10,1.71322414588e-10,1.00524290281e-10,6.40469066671e-11,4.42366109021e-11,3.67013468228e-11,3.28767672808e-11,2.74560461172e-11,3.68954138075e-11,3.72503972113e-11,2.13003659849e-11,6.58810159204e-12,3.24515067596e-12,3.39311564956e-12,1.1255849551e-11,2.97679554617e-11],"dvar2":[0.0000433739114669,0.0000705837737769,0.0000133070998345,8.28762324545e-7,8.59158205913e-7,3.67095935871e-7,1.41382045626e-7,1.17800574628e-7,9.9872217163e-8,2.93934220963e-7,1.63126429698e-7,3.62399603659e-8,4.00393496136e-8,7.33182474733e-8,3.21394857394e-8,2.91573929445e-8,3.42287052035e-8,1.92339992822e-8,1.49880623468e-8,5.41063993609e-9,5.99871929907e-9,3.09685010969e-9,1.23571519683e-9,8.24231627394e-10,6.80173917189e-10,4.8302889466e-10,2.71379640981e-10,1.73593042718e-10,1.21193263758e-10,9.86557155414e-11,8.81085482352e-11,7.15765224868e-11,9.59125695532e-11,9.92718199311e-11,5.67895036552e-11,1.61532297954e-11,7.39130544963e-12,7.68684681879e-12,2.69296772382e-11,8.19664752738e-11],"max":[0.0340797714889,0.0384525209665,0.0269582960755,0.00840131007135,0.0100837862119,0.0160769931972,0.00659582577646,0.00666256062686,0.00903467461467,0.010397143662,0.0102679366246,0.00383888604119,0.00516908057034,0.00975865498185,0.00475346716121,0.00443231966347,0.00441814074293,0.00301276752725,0.00393425207585,0.00171114085242,0.00280291773379,0.000948009488638,0.000645015272312,0.000417218601797,0.000285812013317,0.000273854762781,0.000242220616201,0.000146559264977,0.000115922870464,0.00011883211846,0.000151011845446,0.000118226511404,0.000269389332971,0.000333145813784,0.000311596144456,0.000138507413794,0.0000751378320274,0.0000617296682321,0.0000913220792427,0.000121059529192],"mean":[0.00124292843975,0.00167334766593,0.00124796363525,0.000596834172029,0.000362370454241,0.000243985574343,0.000173563661519,0.00013401338947,0.0000850347496453,0.000143941942952,0.000107259540528,0.0000588700386288,0.0000702600445948,0.0000604227243457,0.0000507576150994,0.0000480675262224,0.0000460176961496,0.0000317025042023,0.0000337238961947,0.0000337893616233,0.0000348021203536,0.0000313051023113,0.0000188591347978,0.0000172686050064,0.0000164204648172,0.0000114259810289,0.00000745193301555,0.00000471256771561,0.00000400159842684,0.00000362017453881,0.00000297579890685,0.00000254594715443,0.00000237582526097,0.00000192293032342,0.00000139338385452,0.00000140540657867,0.00000122530161661,0.00000106939876332,0.00000110051962565,9.6554947504e-7],"median":[0.000301881140331,0.000699363125023,0.000758004956879,0.000403416139307,0.000194725667825,0.000143243320053,0.0000930515889195,0.0000613804149907,0.0000278513252852,0.0000318494276144,0.0000261001769104,0.0000160900126502,0.000025070628908,0.000012597447494,0.00000953930430114,0.00000951859055931,0.00000823420396046,0.00000640495454718,0.0000104389600892,0.00000987115890894,0.00000863469358592,0.00000695028211339,0.00000425245343649,0.00000297852920994,0.00000288610431198,0.00000268111080004,0.00000264555319518,0.00000167920711647,0.00000109517918645,8.9823822691e-7,6.16208126303e-7,5.13527766088e-7,5.32381022822e-7,4.23130188665e-7,3.18480886108e-7,3.82788869047e-7,3.37665369443e-7,2.56682028521e-7,2.08871483665e-7,1.56435945087e-7],"min":[8.21622693045e-25,2.61083180129e-25,9.8916866349e-25,1.4976102245e-24,1.68929711359e-24,2.04194949266e-24,1.94922697907e-24,2.42709150254e-24,1.06428054762e-24,1.52848377514e-24,3.45242608587e-24,3.32609711165e-24,2.22879573401e-24,1.88583687774e-24,3.04985774416e-24,2.75817879104e-24,2.77454647153e-24,3.45751029441e-24,2.4189881261e-24,4.00308886304e-24,3.00066832242e-24,3.80078706162e-24,3.50048112564e-24,4.86328685435e-24,5.15375214497e-24,4.79872963331e-24,2.98629527673e-24,4.50805016696e-24,4.92054237885e-24,5.74619536226e-24,4.80731480654e-24,5.35833848757e-24,5.835161123e-24,6.09486241604e-24,5.56456802744e-24,5.41784620996e-24,6.04360341771e-24,5.79842189849e-24,6.70013487823e-24,5.57040323156e-24],"var":[0.0000113890209832,0.0000153602559294,0.00000344366617355,4.26467551051e-7,3.23479866893e-7,1.45930059148e-7,7.43536077152e-8,7.52886180067e-8,6.20947560037e-8,2.63283965296e-7,1.66049446193e-7,2.67162612033e-8,4.37077289916e-8,6.62520776018e-8,2.78035034995e-8,2.49192044777e-8,2.08908392807e-8,1.28856170178e-8,1.00386943203e-8,5.31408428373e-9,4.59655735696e-9,3.13409476149e-9,1.01846620026e-9,8.83582540467e-10,7.45492945153e-10,3.27380539344e-10,1.46179499061e-10,6.92455398577e-11,5.16585108024e-11,4.82242717981e-11,3.8293181126e-11,3.17596227095e-11,3.76681325021e-11,3.31976876544e-11,1.88113830069e-11,1.0204080636e-11,6.36059607761e-12,6.0062571236e-12,1.36673519724e-11,2.06522056401e-11]},"melbands_crest":{"dmean":3.32141804695,"dmean2":5.41620540619,"dvar":8.67096424103,"dvar2":21.8357124329,"max":30.8309879303,"mean":12.8689060211,"median":12.1890201569,"min":1.5976151228,"var":21.8175086975},"melbands_flatness_db":{"dmean":0.0288331974298,"dmean2":0.0452908426523,"dvar":0.000935300951824,"dvar2":0.00222754222341,"max":0.406988084316,"mean":0.187262073159,"median":0.18675121665,"min":0.00290362653323,"var":0.00382450059988},"melbands_kurtosis":{"dmean":9.90399742126,"dmean2":16.5246505737,"dvar":344.363494873,"dvar2":897.30279541,"max":238.326950073,"mean":16.5868453979,"median":11.1361274719,"min":-1.80258989334,"var":412.9246521},"melbands_skewness":{"dmean":0.862910032272,"dmean2":1.38054919243,"dvar":1.21548843384,"dvar2":2.97078180313,"max":12.1529331207,"mean":3.04334163666,"median":2.86417341232,"min":-1.15979194641,"var":2.76807236671},"melbands_spread":{"dmean":6.53041124344,"dmean2":10.3427858353,"dvar":76.8887710571,"dvar2":172.070724487,"max":203.450119019,"mean":22.6500930786,"median":16.5534324646,"min":1.00641870499,"var":348.222747803},"mfcc":{"cov":[[6347.27099609,-504.73928833,-478.817352295,102.144493103,-71.5019836426,91.9450531006,52.0531692505,212.567153931,119.13974762,7.54142904282,160.474746704,-66.1786651611,-197.622436523],[-504.73928833,778.641174316,11.4806032181,36.3786087036,37.9932250977,-23.7736854553,13.1661720276,-16.2707977295,-14.5371017456,6.27514266968,-19.6106910706,22.9696731567,37.694393158],[-478.817352295,11.4806032181,399.494445801,36.2877731323,39.8109169006,18.8819770813,8.26996707916,-42.0926780701,-7.49905157089,5.48415803909,-25.0431652069,14.5668497086,57.4439315796],[102.144493103,36.3786087036,36.2877731323,177.979949951,61.2809867859,27.3532009125,9.81953048706,32.9369163513,22.7975826263,21.9072990417,-4.53324079514,9.15398216248,5.75193119049],[-71.5019836426,37.9932250977,39.8109169006,61.2809867859,124.287841797,31.9646377563,21.7129955292,5.01406860352,17.1443138123,19.6981754303,-2.9289457798,4.74174642563,6.99238634109],[91.9450531006,-23.7736854553,18.8819770813,27.3532009125,31.9646377563,109.530731201,50.7412567139,17.5995254517,7.66648101807,9.72763633728,9.69468021393,5.63801813126,-1.97431230545],[52.0531692505,13.1661720276,8.26996707916,9.81953048706,21.7129955292,50.7412567139,94.4800949097,42.8982467651,16.6090278625,4.18729400635,8.55487728119,8.41031932831,0.823505222797],[212.567153931,-16.2707977295,-42.0926780701,32.9369163513,5.01406860352,17.5995254517,42.8982467651,93.1926574707,41.507610321,12.6095066071,9.04201793671,4.59355974197,-12.9451465607],[119.13974762,-14.5371017456,-7.49905157089,22.7975826263,17.1443138123,7.66648101807,16.6090278625,41.507610321,76.6707763672,28.5540809631,12.2089090347,-4.70864343643,-6.11747694016],[7.54142904282,6.27514266968,5.48415803909,21.9072990417,19.6981754303,9.72763633728,4.18729400635,12.6095066071,28.5540809631,66.4921646118,14.1595163345,3.47085881233,-2.62079453468],[160.474746704,-19.6106910706,-25.0431652069,-4.53324079514,-2.9289457798,9.69468021393,8.55487728119,9.04201793671,12.2089090347,14.1595163345,68.3198699951,14.7602958679,-6.6015048027],[-66.1786651611,22.9696731567,14.5668497086,9.15398216248,4.74174642563,5.63801813126,8.41031932831,4.59355974197,-4.70864343643,3.47085881233,14.7602958679,52.1594924927,21.9777069092],[-197.622436523,37.694393158,57.4439315796,5.75193119049,6.99238634109,-1.97431230545,0.823505222797,-12.9451465607,-6.11747694016,-2.62079453468,-6.6015048027,21.9777069092,61.6360359192]],"icov":[[0.000215385545744,0.0000948010783759,0.000156719426741,-0.000194405656657,0.000126469603856,-0.000140356321936,0.0000606260000495,-0.000249892676948,-0.0000977811869234,0.00017673925322,-0.000416022230638,0.000202837443794,0.000313480064506],[0.0000948010783759,0.00145810155664,0.000266641261987,-0.00039828728768,-0.000283284985926,0.000625299056992,-0.000694047252182,0.000374874682166,0.000206191005418,-0.000215451524127,0.000227247481234,-0.00030369736487,-0.000514994841069],[0.000156719426741,0.000266641261987,0.0033818713855,-0.00080426275963,-0.00025591623853,-0.000312064425088,-0.000901156454347,0.0018758935621,-0.000559974636417,-0.000238724431256,0.000704497098923,0.0000604601664236,-0.0023241546005],[-0.000194405656657,-0.00039828728768,-0.00080426275963,0.0081120505929,-0.00344671797939,-0.00139389617834,0.00259176525287,-0.00366082717665,0.00019498738402,-0.00108594447374,0.00115681823809,-0.000970218854491,-0.000401298049837],[0.000126469603856,-0.000283284985926,-0.00025591623853,-0.00344671797939,0.0112261055037,-0.00176700355951,-0.0020523336716,0.00252401223406,-0.0020465773996,-0.0014979550615,0.000679058663081,-0.000128408180899,0.000217968932702],[-0.000140356321936,0.000625299056992,-0.000312064425088,-0.00139389617834,-0.00176700355951,0.0136647941545,-0.00756520219147,0.00163956556935,0.0010896284366,-0.00111929583363,-0.000814410450403,-0.000272172590485,0.000742459262256],[0.0000606260000495,-0.000694047252182,-0.000901156454347,0.00259176525287,-0.0020523336716,-0.00756520219147,0.0192082542926,-0.00930503197014,0.000502197130118,0.00155500019901,-0.00107126717921,-0.000502095557749,-0.000823332520667],[-0.000249892676948,0.000374874682166,0.0018758935621,-0.00366082717665,0.00252401223406,0.00163956556935,-0.00930503197014,0.0217686165124,-0.00922474358231,0.000363253173418,0.00192979362328,-0.00370835652575,0.00265416875482],[-0.0000977811869234,0.000206191005418,-0.000559974636417,0.00019498738402,-0.0020465773996,0.0010896284366,0.000502197130118,-0.00922474358231,0.021449347958,-0.00683293072507,-0.00254021445289,0.00451485207304,-0.00165658036713],[0.00017673925322,-0.000215451524127,-0.000238724431256,-0.00108594447374,-0.0014979550615,-0.00111929583363,0.00155500019901,0.000363253173418,-0.00683293072507,0.0195965263993,-0.00326943024993,-0.00102766184136,0.00138320738915],[-0.000416022230638,0.000227247481234,0.000704497098923,0.00115681823809,0.000679058663081,-0.000814410450403,-0.00107126717921,0.00192979362328,-0.00254021445289,-0.00326943024993,0.0189899932593,-0.00737509457394,0.00235163071193],[0.000202837443794,-0.00030369736487,0.0000604601664236,-0.000970218854491,-0.000128408180899,-0.000272172590485,-0.000502095557749,-0.00370835652575,0.00451485207304,-0.00102766184136,-0.00737509457394,0.0268861763179,-0.00986837875098],[0.000313480064506,-0.000514994841069,-0.0023241546005,-0.000401298049837,0.000217968932702,0.000742459262256,-0.000823332520667,0.00265416875482,-0.00165658036713,0.00138320738915,0.00235163071193,-0.00986837875098,0.0239804182202]],"mean":[-652.138549805,118.823959351,3.91665697098,26.4006080627,14.0264673233,2.63712310791,-0.149073675275,3.35969543457,-1.44223105907,-0.875755667686,-6.0433511734,-1.79903650284,-0.587894201279]},"pitch_salience":{"dmean":0.0733589604497,"dmean2":0.121017128229,"dvar":0.00438675610349,"dvar2":0.0117712430656,"max":0.863219082355,"mean":0.623931705952,"median":0.637112379074,"min":0.140316262841,"var":0.0102905612439},"silence_rate_20dB":{"dmean":0,"dmean2":0,"dvar":0,"dvar2":0,"max":1,"mean":1,"median":1,"min":1,"var":0},"silence_rate_30dB":{"dmean":0.0129070105031,"dmean2":0.0258155353367,"dvar":0.0127413356677,"dvar2":0.034187849611,"max":1,"mean":0.991200268269,"median":1,"min":0,"var":0.00872144196182},"silence_rate_60dB":{"dmean":0.0208858903497,"dmean2":0.0417742319405,"dvar":0.0204494632781,"dvar2":0.0466049574316,"max":1,"mean":0.0586647875607,"median":0,"min":0,"var":0.0552266165614},"spectral_centroid":{"dmean":224.77973938,"dmean2":360.288604736,"dvar":73015.859375,"dvar2":170526.078125,"max":11721.8916016,"mean":1300.49658203,"median":1146.08764648,"min":261.071075439,"var":813128.9375},"spectral_complexity":{"dmean":3.31487250328,"dmean2":5.26953744888,"dvar":17.3844451904,"dvar2":38.3802261353,"max":63,"mean":19.1464271545,"median":13,"min":0,"var":178.250473022},"spectral_contrast_coeffs":{"dmean":[0.0524184666574,0.0425200723112,0.0347030796111,0.0273759644479,0.0206466335803,0.0183629542589],"dmean2":[0.0874503478408,0.0702740028501,0.0567128024995,0.0451080836356,0.0333433821797,0.0298621412367],"dvar":[0.00186295970343,0.00118317804299,0.000794875319116,0.000478166039102,0.000300461571896,0.000328393100062],"dvar2":[0.00513442791998,0.00325587205589,0.00210362183861,0.00127596175298,0.000735732319299,0.000831024721265],"max":[-0.306459397078,-0.477354854345,-0.46234869957,-0.559638917446,-0.630881905556,-0.620500028133],"mean":[-0.644056379795,-0.74983471632,-0.783091425896,-0.793201863766,-0.794602692127,-0.783505737782],"median":[-0.643959164619,-0.754381656647,-0.789439082146,-0.796949028969,-0.795699059963,-0.787547886372],"min":[-0.979815363884,-0.979266107082,-0.983674764633,-0.978066861629,-0.969507753849,-0.963990330696],"var":[0.00496900640428,0.00397886475548,0.00297458469868,0.00168235064484,0.00113423110452,0.00156407093164]},"spectral_contrast_valleys":{"dmean":[0.436338722706,0.331994622946,0.291536092758,0.263800770044,0.279699772596,0.322953134775],"dmean2":[0.710357964039,0.545358896255,0.47089651227,0.409382611513,0.410028666258,0.419617921114],"dvar":[0.164959385991,0.105104662478,0.0764140635729,0.0734745115042,0.116334296763,0.135011672974],"dvar2":[0.376874595881,0.248081505299,0.167124465108,0.147734329104,0.226885586977,0.24206726253],"max":[-4.88788127899,-4.570271492,-4.77165079117,-5.26075839996,-5.27348852158,-7.47064971924],"mean":[-7.20507574081,-6.91996002197,-7.51574468613,-7.80692958832,-7.66959476471,-10.1838293076],"median":[-7.02539730072,-6.77864074707,-7.43910121918,-7.8283290863,-7.71989345551,-10.1362667084],"min":[-28.2552814484,-28.1669597626,-28.170003891,-27.7327156067,-27.5727405548,-27.4391098022],"var":[2.66806030273,2.64840817451,2.66912722588,2.66301941872,2.81096482277,2.28880620003]},"spectral_decrease":{"dmean":3.16894332997e-9,"dmean2":5.43342482118e-9,"dvar":4.58866467239e-17,"dvar2":1.24054963147e-16,"max":2.01682986553e-28,"mean":-5.46568657001e-9,"median":-3.33399263752e-9,"min":-5.65205162673e-8,"var":4.39898620223e-17},"spectral_energy":{"dmean":0.0124389119446,"dmean2":0.0212255995721,"dvar":0.000680882541928,"dvar2":0.00183557369746,"max":0.218223497272,"mean":0.0222658626735,"median":0.0134170614183,"min":9.72753737487e-21,"var":0.000691582681611},"spectral_energyband_high":{"dmean":0.000457142014056,"dmean2":0.000699217780493,"dvar":0.00000171667625182,"dvar2":0.0000043886225285,"max":0.0241086445749,"mean":0.000753583852202,"median":0.000217477150727,"min":7.03337457687e-21,"var":0.00000210153939406},"spectral_energyband_low":{"dmean":0.00915722735226,"dmean2":0.0161187797785,"dvar":0.000568943214603,"dvar2":0.00155505759176,"max":0.18496760726,"mean":0.00941159855574,"median":0.00404343381524,"min":4.81130210399e-24,"var":0.000405320402933},"spectral_energyband_middle_high":{"dmean":0.00143921526615,"dmean2":0.0022926654201,"dvar":0.000010379948435,"dvar2":0.0000254076148849,"max":0.071173876524,"mean":0.00456882128492,"median":0.00125497905537,"min":1.24472527029e-21,"var":0.0000543848982488},"spectral_energyband_middle_low":{"dmean":0.00429315073416,"dmean2":0.00726076355204,"dvar":0.0000514952625963,"dvar2":0.0001390207035,"max":0.105180241168,"mean":0.00893492717296,"median":0.00631527462974,"min":1.5872934069e-22,"var":0.0000803625152912},"spectral_entropy":{"dmean":0.150714322925,"dmean2":0.224245786667,"dvar":0.0233085025102,"dvar2":0.0480661429465,"max":9.82115459442,"mean":7.68989229202,"median":7.70337104797,"min":5.65877771378,"var":0.143227398396},"spectral_flux":{"dmean":0.029593044892,"dmean2":0.0462018214166,"dvar":0.00230243662372,"dvar2":0.0041056885384,"max":0.406764030457,"mean":0.0805174782872,"median":0.0593459196389,"min":6.47807710252e-11,"var":0.00420516217127},"spectral_kurtosis":{"dmean":1.12975645065,"dmean2":1.82111513615,"dvar":1.29453921318,"dvar2":3.38280677795,"max":16.0257530212,"mean":4.84714365005,"median":4.60539245605,"min":-1.28556644917,"var":3.9967353344},"spectral_rms":{"dmean":0.00102177553345,"dmean2":0.0016564859543,"dvar":0.00000259077546616,"dvar2":0.00000657840791973,"max":0.0145911267027,"mean":0.00412781955674,"median":0.00361798517406,"min":3.08062993518e-12,"var":0.0000046840827963},"spectral_rolloff":{"dmean":530.722045898,"dmean2":883.06439209,"dvar":1135254,"dvar2":2685153.75,"max":19573.6816406,"mean":1471.29455566,"median":925.927734375,"min":64.599609375,"var":3583774.25},"spectral_skewness":{"dmean":0.173410981894,"dmean2":0.273107081652,"dvar":0.0293039344251,"dvar2":0.0694782882929,"max":3.15856337547,"mean":1.67825448513,"median":1.67476582527,"min":-0.0754049122334,"var":0.144975364208},"spectral_spread":{"dmean":655459.9375,"dmean2":916523.5625,"dvar":730634387456,"dvar2":1521455333380,"max":46041688,"mean":5155250.5,"median":4710426,"min":1928309.25,"var":8333068599300},"spectral_strongpeak":{"dmean":0.341588318348,"dmean2":0.587562561035,"dvar":0.527691781521,"dvar2":1.35536086559,"max":12.6650428772,"mean":0.555947065353,"median":0.286126792431,"min":0,"var":0.965716719627},"zerocrossingrate":{"dmean":0.0131733668968,"dmean2":0.0156656224281,"dvar":0.000235662402702,"dvar2":0.000309788068989,"max":0.52783203125,"mean":0.0688111335039,"median":0.05859375,"min":0.00830078125,"var":0.00234813545831}},"metadata":{"audio_properties":{"analysis_sample_rate":44100,"bit_rate":0,"codec":"flac","downmix":"mix","equal_loudness":0,"length":395.773345947,"lossless":true,"md5_encoded":"d6f3fbdb82f72adf17517f578942c3d5","replay_gain":-11.4250183105,"sample_rate":44100},"tags":{"acoustid_id":["dea91079-ea1e-42bf-b36b-a18d3a276c64"],"album":["King for a Day... Fool for a Lifetime"],"albumartist":["Faith No More"],"albumartistsort":["Faith No More"],"artist":["Faith No More"],"artistsort":["Faith No More"],"asin":["B000006YLX"],"barcode":["9399609342125"],"catalognumber":["RMD53421","TVD93421"],"date":["1995"],"discnumber":["1"],"disctotal":["1"],"file_name":"11. King for a Day.flac","genre":["Rock","Pop/Rock","Alternative Rock","Alternative And Punk"],"isrc":["GBANC9500011"],"label":["Slash Records","Liberation Records"],"language":["eng"],"lyricist":["Mike Patton"],"media":["CD"],"musicbrainz_albumartistid":["b15ebd71-a252-417d-9e1c-3e6863da68f8"],"musicbrainz_albumid":["e7fd0a35-f51c-4770-bc47-8b008d330d69"],"musicbrainz_artistid":["b15ebd71-a252-417d-9e1c-3e6863da68f8"],"musicbrainz_recordingid":["9d988bae-48b2-4b5a-b590-836b837f2947"],"musicbrainz_releasegroupid":["1428e1d2-119e-3739-bee7-42bb6835a7f9"],"originaldate":["1995-03-13"],"performer":["Mike Patton (vocal)","Trey Spruance (guitars)"],"releasecountry":["AU"],"releasestatus":["official"],"releasetype":["album"],"script":["Latn"],"title":["King for a Day"],"totaldiscs":["1"],"totaltracks":["14"],"tracknumber":["11"],"tracktotal":["14"]},"version":{"essentia":"2.1-beta2","essentia_build_sha":"70f2e5ece6736b2c40cc944ad0e695b16b925413","essentia_git_sha":"v2.1_beta2","extractor":"music 1.0"}},"rhythm":{"beats_count":680,"beats_loudness":{"dmean":0.0136229582131,"dmean2":0.0227475892752,"dvar":0.000140342875966,"dvar2":0.000431196385762,"max":0.101598583162,"mean":0.0264404825866,"median":0.0218545272946,"min":0,"var":0.000330875802319},