{"lowlevel":{"average_loudness":0.816311657429,"barkbands":{"dmean":[0.00109780998901,0.00394426938146,0.00188757816795,0.00185713951942,0.00163135665935,0.00214844895527,0.000961368496064,0.000984964426607,0.00086888554506,0.000772907631472,0.000346195505699,0.00025876131258,0.000217791792238,0.000270469172392,0.000277244689642,0.000161084448337,0.000117895870062,0.000115113747597,0.0000739119859645,0.0000423981909989,0.0000297945571219,0.0000302864700643,0.000014554979316,0.00000495884614793,0.00000233356536228,0.0000174341694219,0.000215300577111],"dmean2":[0.00192139262799,0.00674212444574,0.00313305156305,0.00308609893546,0.00261259987019,0.00335340597667,0.00147064402699,0.00158061995171,0.00138352275826,0.00123806286138,0.000562807486858,0.000421875156462,0.00035663266317,0.000437376351329,0.000450341583928,0.000267341762083,0.000193919273443,0.000179190261406,0.000114023510832,0.0000645417239866,0.0000435205402027,0.000044514745241,0.000021430050765,0.00000731172713131,0.00000368121322936,0.0000248169289989,0.000329454138409],"dvar":[0.00000845451813802,0.000072514594649,0.0000179247253982,0.0000122809979075,0.0000123698555399,0.0000201413367904,0.00000821530829853,0.0000123203426483,0.00000635264495941,0.00000543809665032,9.53375888457e-7,2.0250216437e-7,2.5908269663e-7,5.5842826896e-7,3.29163754031e-7,8.19107910388e-8,4.21039665355e-8,6.09569781318e-8,4.19327221834e-8,3.42479502535e-8,5.19006393418e-9,8.58445492469e-9,1.37251410237e-9,1.28404967215e-10,1.93571495638e-11,1.72191017001e-9,8.8121510089e-8],"dvar2":[0.0000230357945838,0.000197082918021,0.0000462366042484,0.0000339584075846,0.0000297297465295,0.0000496645006933,0.000016511998183,0.0000312511583616,0.0000156212317961,0.0000136800417749,0.00000232050660998,4.99543830301e-7,5.88840805449e-7,0.00000131910621803,7.78262631229e-7,2.06051552709e-7,1.06653246235e-7,1.37371287678e-7,9.47400948803e-8,8.19293717313e-8,9.92921833642e-9,1.98504856996e-8,3.05841840742e-9,2.6833765765e-10,4.44411937806e-11,3.52585494134e-9,1.99398741074e-7],"max":[0.0393306463957,0.123032428324,0.0900381356478,0.066991508007,0.0885242521763,0.103180021048,0.172458916903,0.133240938187,0.0704948082566,0.0804201737046,0.0395937040448,0.0146643733606,0.0193463563919,0.0253374185413,0.014517635107,0.0075376778841,0.00568434642628,0.00782532989979,0.00609485525638,0.00996838603169,0.00340994470753,0.00198341463692,0.000683381396811,0.000394825299736,0.00011067444575,0.000777891546022,0.00610112445429],"mean":[0.00110129697714,0.00499133300036,0.00248044030741,0.00330721028149,0.00259372661822,0.00365707883611,0.00154434109572,0.00146949267946,0.00128567882348,0.00115836015902,0.0005263616913,0.000437460577814,0.000360779027687,0.000449710467365,0.000490515434649,0.000307229871396,0.000237312880927,0.000207693796256,0.000132175817271,0.0000805083545856,0.0000629867936368,0.0000469992701255,0.0000194668627955,0.00000630808654023,0.0000031508354823,0.0000242404312303,0.000773624225985],"median":[0.000320109305903,0.00217347545549,0.000956336676609,0.00100864015985,0.00122550246306,0.00153663754463,0.000427277438575,0.000297469145153,0.000300178711768,0.000250076875091,0.000182795105502,0.000256383733358,0.000164315744769,0.000168810147443,0.000242465845076,0.000187041325262,0.000160609532031,0.0000949360110098,0.0000590726995142,0.0000392018046114,0.0000297800270346,0.0000154110057338,0.00000394779544877,0.00000174678257281,0.00000160131560278,0.00000510039717483,0.00064919696888],"min":[7.96010351605e-24,1.62784666345e-23,6.98598099382e-24,1.88550161186e-24,2.71971503771e-23,5.05892270224e-23,3.04109539277e-23,6.6653495833e-23,3.25154454962e-23,1.68993143664e-23,1.25604364461e-22,6.38163418101e-23,7.89256913395e-23,7.50294820851e-23,1.29090927713e-22,1.35666266374e-22,1.49915303133e-22,1.51569613871e-22,1.92087706152e-22,2.10830561633e-22,4.20211487222e-22,4.99945559041e-22,5.87941036644e-22,6.31853048352e-22,1.12735952931e-21,1.597696021e-21,2.23299223894e-21],"var":[0.0000071388753895,0.0000733193446649,0.0000247209427471,0.0000375929448637,0.0000219354478759,0.0000423369092459,0.00002017864972,0.0000210460730159,0.0000104453938548,0.0000112041389002,0.00000180490519597,3.87101380284e-7,5.56385259642e-7,0.00000116074079415,7.09429059498e-7,1.67426904341e-7,8.25103541047e-8,1.20377521284e-7,7.02662319441e-8,5.41587183989e-8,1.26056391991e-8,1.06539816969e-8,1.9153767461e-9,1.93062205112e-10,2.50992213124e-11,2.82110557137e-9,4.68312066459e-7]},"barkbands_crest":{"dmean":2.62369203568,"dmean2":4.26074457169,"dvar":5.404276371,"dvar2":14.2872962952,"max":25.9579143524,"mean":10.0838794708,"median":9.15298271179,"min":2.5526406765,"var":18.5117034912},"barkbands_flatness_db":{"dmean":0.0233320686966,"dmean2":0.0363293848932,"dvar":0.000505087780766,"dvar2":0.00127583742142,"max":0.505659341812,"mean":0.139567241073,"median":0.125743657351,"min":0.0274126343429,"var":0.00378478621133},"barkbands_kurtosis":{"dmean":5.08266973495,"dmean2":7.96288061142,"dvar":134.272918701,"dvar2":304.333374023,"max":465.362030029,"mean":10.9988012314,"median":5.05987930298,"min":-1.93532288074,"var":402.760223389},"barkbands_skewness":{"dmean":0.589698314667,"dmean2":0.929289162159,"dvar":0.448772668839,"dvar2":1.09240365028,"max":16.1997756958,"mean":2.37220001221,"median":2.07157611847,"min":-5.28858947754,"var":2.1766974926},"barkbands_spread":{"dmean":7.12417602539,"dmean2":11.1886835098,"dvar":57.7746887207,"dvar2":140.528060913,"max":138.777618408,"mean":29.1623687744,"median":26.1439533234,"min":0.298666983843,"var":355.944213867},"dissonance":{"dmean":0.0212940499187,"dmean2":0.035945802927,"dvar":0.000506072712597,"dvar2":0.00136621529236,"max":0.500000119209,"mean":0.460064888,"median":0.470747917891,"min":0.20202203095,"var":0.00121061364189},"dynamic_complexity":3.67856860161,"erbbands":{"dmean":[0.158408805728,0.790459394455,2.02728557587,4.22296142578,5.05975151062,5.9026632309,12.0884952545,19.3848152161,15.1523370743,14.1134119034,21.9957141876,17.9894924164,23.6316757202,18.309589386,11.34582901,9.89738750458,8.98066997528,10.6389598846,14.8792047501,11.6522731781,6.3126039505,6.46608686447,5.87305784225,4.92093467712,3.05441498756,2.03201985359,1.27294850349,1.23592555523,1.11845541,0.764920115471,0.3656488657,0.153567761183,0.0608645230532,0.0281974971294,0.0162289850414,0.0249566696584,0.0361417420208,0.0390126183629,0.0123459389433,0.00482956180349],"dmean2":[0.273433446884,1.35519361496,3.3729300499,7.00174331665,8.38555526733,9.55718994141,19.2872333527,29.8076534271,23.1397247314,21.8960819244,35.7401123047,28.5782375336,37.8981819153,28.8576850891,18.3839912415,16.0702972412,14.6498680115,17.0997276306,23.7423419952,18.9449443817,10.3667612076,10.5686769485,9.17589950562,7.64815807343,4.66741991043,3.10290980339,1.88854396343,1.81884694099,1.63231098652,1.16154372692,0.532280921936,0.224204063416,0.0906445235014,0.0439208373427,0.0255338996649,0.0359719134867,0.0513104237616,0.0557536073029,0.0171864144504,0.00744874449447],"dvar":[0.139320790768,2.66683149338,19.2583389282,66.9035797119,111.376785278,190.272888184,750.993103027,1943.33178711,2150.04663086,1752.16320801,7229.37695312,2570.7722168,5034.33300781,2707.69702148,630.437133789,271.438262939,377.070007324,633.263122559,1122.57165527,583.999389648,105.023605347,123.665550232,151.18347168,161.307830811,86.9341278076,72.6909179688,12.1190824509,9.21805477142,10.6193323135,5.64897823334,0.830314815044,0.139089420438,0.0169449876994,0.00314727332443,0.000883294444066,0.00338741671294,0.00751607818529,0.0127623155713,0.000913149560802,0.0000389013366657],"dvar2":[0.38220885396,7.29405546188,48.994846344,179.390426636,298.047637939,468.351501465,1917.61669922,4532.99609375,4226.21484375,4108.04345703,19093.7480469,6318.58007812,12809.0898438,6562.05810547,1547.86816406,678.270080566,853.012268066,1593.47570801,2575.60424805,1320.75720215,263.9012146,309.565948486,334.80758667,376.934448242,184.335632324,172.822189331,21.7910041809,20.2618217468,23.8030719757,13.81320858,1.81609153748,0.300473302603,0.0348281748593,0.00693535292521,0.0020442835521,0.00665036449209,0.0155948400497,0.0292314384133,0.00176751555409,0.0000892855241545],"max":[5.12103891373,21.1505870819,80.6713180542,164.38142395,275.135253906,386.206634521,561.809997559,1074.4564209,3063.23413086,1251.04553223,4441.95605469,1368.79663086,2355.24902344,1965.66564941,656.725585938,350.987060547,608.07409668,575.406738281,884.907714844,844.406799316,209.809814453,262.741638184,368.691650391,322.927307129,476.475097656,497.4012146,149.242675781,109.973640442,68.084815979,50.5117645264,20.707611084,11.7448644638,3.81788706779,1.66030836105,0.779946327209,1.21689546108,1.85142421722,2.45536160469,1.05819749832,0.145229130983],"mean":[0.182272359729,0.96756708622,2.71939611435,7.6835808754,8.64003658295,9.24525928497,18.3291339874,33.2036247253,25.2739505768,23.651638031,33.0816383362,27.8161239624,35.6365089417,29.8248329163,19.8717269897,17.5699443817,16.161113739,19.521812439,27.8020000458,23.3894481659,14.1383676529,13.504196167,11.4435806274,8.61068916321,5.65235042572,3.88758301735,2.72151732445,2.46919226646,1.81937730312,1.00104248524,0.487539380789,0.197743341327,0.0768248215318,0.038993626833,0.0212330017239,0.0335370376706,0.0500007010996,0.0623657032847,0.0349803827703,0.0235157664865],"median":[0.0617290735245,0.434971302748,1.20164823532,2.88804388046,3.55283212662,4.10362243652,7.66762256622,12.9670581818,7.57076931,6.15601921082,7.64562606812,7.06966114044,7.66412162781,7.96561336517,9.39781093597,10.7377204895,8.24289512634,8.78936672211,12.1257829666,12.883140564,9.88834381104,9.22294712067,5.96347904205,3.70731067657,2.56174755096,1.89276170731,1.36587977409,1.09330105782,0.614056706429,0.225670784712,0.099876716733,0.0472039431334,0.0234606191516,0.0193404778838,0.0103173665702,0.00971466861665,0.0100760553032,0.0197334326804,0.0215932969004,0.0215008109808],"min":[5.31377362089e-22,3.51962119467e-21,9.61074819655e-21,1.05560597325e-20,3.07614188018e-20,1.2489894752e-19,2.68681911437e-19,3.73604834905e-19,3.52953495431e-19,9.73588892638e-19,7.68630804243e-19,8.73787897372e-19,7.66178213726e-19,2.51179658895e-18,3.72976648099e-18,3.05957316817e-18,2.69978103457e-18,4.69284542356e-18,7.36882516318e-18,7.27700397929e-18,8.19453173989e-18,9.86466729927e-18,8.21032344496e-18,1.08203487656e-17,9.65209015365e-18,9.18140535996e-18,1.07087496933e-17,1.83122137362e-17,1.80613894134e-17,1.72940106504e-17,2.02272460421e-17,1.38814621441e-17,1.12312780319e-17,1.16185797111e-17,8.12055118744e-18,5.94772432133e-18,2.81623069403e-18,1.22302034667e-18,2.8832383207e-19,3.46744516195e-20],"var":[0.134304702282,2.62874507904,24.0022773743,163.254989624,219.744979858,319.132659912,1238.98852539,4323.76757812,5483.20068359,4192.55761719,9984.02929688,4478.09570312,8780.93945312,5963.86376953,1403.37683105,528.944091797,831.058898926,1321.16577148,2791.57397461,1333.62854004,243.985626221,254.042068481,310.58380127,254.255722046,164.943695068,116.736793518,30.8699817657,18.6075897217,14.5549211502,5.91494941711,1.19353306293,0.200321555138,0.0262067001313,0.00433268770576,0.00113894336391,0.00545099703595,0.0121591100469,0.0164492782205,0.00258798454888,0.000327087152982]},"erbbands_crest":{"dmean":2.51238107681,"dmean2":4.01553678513,"dvar":6.26082038879,"dvar2":14.9772844315,"max":30.5933227539,"mean":8.98883914948,"median":7.72245407104,"min":2.24919509888,"var":21.1818180084},"erbbands_flatness_db":{"dmean":0.0217643138021,"dmean2":0.0323725044727,"dvar":0.000463015836431,"dvar2":0.00106585002504,"max":0.4066003263,"mean":0.150370657444,"median":0.144505292177,"min":0.0335780568421,"var":0.00257150735706},"erbbands_kurtosis":{"dmean":1.29830241203,"dmean2":2.04166460037,"dvar":9.74799823761,"dvar2":24.2688579559,"max":97.811050415,"mean":1.21658325195,"median":-0.125905871391,"min":-1.7279034853,"var":25.3224601746},"erbbands_skewness":{"dmean":0.372219443321,"dmean2":0.567416965961,"dvar":0.145427763462,"dvar2":0.3164100945,"max":7.85499048233,"mean":0.429660767317,"median":0.261657178402,"min":-3.05763959885,"var":1.04657495022},"erbbands_spread":{"dmean":6.21408033371,"dmean2":9.62275028229,"dvar":34.9363822937,"dvar2":77.9495544434,"max":95.1168670654,"mean":30.9748382568,"median":29.1389579773,"min":1.19946265221,"var":216.970062256},"gfcc":{"cov":[[17312.0449219,524.958862305,-1518.65100098,5.50315713882,151.142654419,-871.80645752,943.422241211,-282.768188477,381.154296875,-67.7093353271,-30.6943588257,184.072280884,-142.686767578],[524.958862305,1196.72424316,122.815048218,-338.875579834,120.877761841,-97.1057434082,-114.227729797,-118.261299133,52.2063751221,-60.0102157593,51.1682014465,-124.342926025,138.329086304],[-1518.65100098,122.815048218,568.544677734,131.095535278,-92.8145675659,193.352233887,-195.440200806,31.5505027771,-53.6138877869,2.96197962761,3.77775502205,17.9297409058,-22.0053920746],[5.50315713882,-338.875579834,131.095535278,434.177246094,78.7588043213,24.4701099396,117.085113525,7.75116872787,-42.2976531982,-1.48678636551,-33.7113494873,42.5536270142,-101.558532715],[151.142654419,120.877761841,-92.8145675659,78.7588043213,290.784332275,-5.67553567886,103.604347229,-62.3299179077,-4.71219539642,-32.4774093628,4.33632230759,-20.4946460724,29.5406913757],[-871.80645752,-97.1057434082,193.352233887,24.4701099396,-5.67553567886,254.695846558,-56.1331710815,54.7944145203,-49.2708396912,2.01882767677,5.6583814621,27.6876773834,8.46786594391],[943.422241211,-114.227729797,-195.440200806,117.085113525,103.604347229,-56.1331710815,264.917236328,22.8063411713,32.2847595215,-6.45655965805,-20.0250110626,24.3442821503,-31.7975158691],[-282.768188477,-118.261299133,31.5505027771,7.75116872787,-62.3299179077,54.7944145203,22.8063411713,140.366104126,30.0054702759,30.3475227356,0.926481544971,-1.30109965801,-10.9544382095],[381.154296875,52.2063751221,-53.6138877869,-42.2976531982,-4.71219539642,-49.2708396912,32.2847595215,30.0054702759,108.647415161,37.9138908386,8.94006729126,3.98443889618,-7.79286670685],[-67.7093353271,-60.0102157593,2.96197962761,-1.48678636551,-32.4774093628,2.01882767677,-6.45655965805,30.3475227356,37.9138908386,81.8003692627,45.4957733154,16.9429168701,1.46979260445],[-30.6943588257,51.1682014465,3.77775502205,-33.7113494873,4.33632230759,5.6583814621,-20.0250110626,0.926481544971,8.94006729126,45.4957733154,82.9595947266,40.373462677,38.4610824585],[184.072280884,-124.342926025,17.9297409058,42.5536270142,-20.4946460724,27.6876773834,24.3442821503,-1.30109965801,3.98443889618,16.9429168701,40.373462677,114.2315979,17.780292511],[-142.686767578,138.329086304,-22.0053920746,-101.558532715,29.5406913757,8.46786594391,-31.7975158691,-10.9544382095,-7.79286670685,1.46979260445,38.4610824585,17.780292511,113.934799194]],"icov":[[0.000128520201542,-0.000367986329366,0.000598414218985,-0.000373148766812,0.000322672800394,-0.000115902170364,-0.000042278184992,0.0000906161294552,-0.000127610575873,-0.0000774083600845,0.000281996966805,-0.000597427191678,0.000302864995319],[-0.000367986329366,0.00504778791219,-0.00599746080115,0.00445138337091,-0.00185248209164,0.00233233300969,-0.00297757517546,0.00273294979706,-0.00305607286282,0.00529279001057,-0.0066081462428,0.0072980648838,-0.00322667998262],[0.000598414218985,-0.00599746080115,0.012050432153,-0.00844082422554,0.00392954796553,-0.00562703609467,0.00672083580866,-0.00256230472587,0.00102594867349,-0.00350209628232,0.0058483434841,-0.00771497795358,0.00320827332325],[-0.000373148766812,0.00445138337091,-0.00844082422554,0.0109539320692,-0.00537374382839,0.00473613524809,-0.00511092506349,0.000558082538191,0.00290017179213,-0.000396316812839,-0.00135055882856,0.00174878921825,0.00231705722399],[0.000322672800394,-0.00185248209164,0.00392954796553,-0.00537374382839,0.0093227783218,-0.00422690948471,-0.00199579866603,0.00441639916971,-0.00395686924458,0.0039422265254,-0.00373156950809,0.0033923832234,-0.00320448772982],[-0.000115902170364,0.00233233300969,-0.00562703609467,0.00473613524809,-0.00422690948471,0.00950335618109,-0.00120673247147,-0.0033548977226,0.00404996378347,-0.00077001133468,0.000516853237059,-0.00123831932433,0.000194012187421],[-0.000042278184992,-0.00297757517546,0.00672083580866,-0.00511092506349,-0.00199579866603,-0.00120673247147,0.0121616441756,-0.00574722280726,0.00117839919403,-0.00277716247365,0.00624223100021,-0.0073347389698,0.0029070423916],[0.0000906161294552,0.00273294979706,-0.00256230472587,0.000558082538191,0.00441639916971,-0.0033548977226,-0.00574722280726,0.0151130910963,-0.00770033663139,0.00319668045267,-0.00607307488099,0.00860614608973,-0.00410953257233],[-0.000127610575873,-0.00305607286282,0.00102594867349,0.00290017179213,-0.00395686924458,0.00404996378347,0.00117839919403,-0.00770033663139,0.021422913298,-0.0154021214694,0.0114100202918,-0.00982093345374,0.00599221326411],[-0.0000774083600845,0.00529279001057,-0.00350209628232,-0.000396316812839,0.0039422265254,-0.00077001133468,-0.00277716247365,0.00319668045267,-0.0154021214694,0.0358176715672,-0.0270732212812,0.0134372208267,-0.00345859793015],[0.000281996966805,-0.0066081462428,0.0058483434841,-0.00135055882856,-0.00373156950809,0.000516853237059,0.00624223100021,-0.00607307488099,0.0114100202918,-0.0270732212812,0.0405337400734,-0.0211417656392,0.00113513425458],[-0.000597427191678,0.0072980648838,-0.00771497795358,0.00174878921825,0.0033923832234,-0.00123831932433,-0.0073347389698,0.00860614608973,-0.00982093345374,0.0134372208267,-0.0211417656392,0.0281129833311,-0.00964261777699],[0.000302864995319,-0.00322667998262,0.00320827332325,0.00231705722399,-0.00320448772982,0.000194012187421,0.0029070423916,-0.00410953257233,0.00599221326411,-0.00345859793015,0.00113513425458,-0.00964261777699,0.018567495048]],"mean":[-25.631975174,97.7991409302,-84.4093475342,-7.93607807159,-10.8343601227,-23.1167411804,-9.73295593262,-18.4992733002,-2.15759634972,-8.41472911835,-9.25112819672,-2.58810782433,-3.53079628944]},"hfc":{"dmean":38.9938926697,"dmean2":60.1416282654,"dvar":2312.10693359,"dvar2":5511.22558594,"max":1240.14355469,"mean":177.742004395,"median":157.063095093,"min":1.14271004687e-16,"var":18823.5097656},"melbands":{"dmean":[0.00123671791516,0.00101546396036,0.00074821326416,0.000340434664395,0.000389046035707,0.000422609591624,0.000217402674025,0.000167623002199,0.000180126502528,0.000116360133688,0.000123397694551,0.0000816906322143,0.0000413958950958,0.0000317290141538,0.0000230955974985,0.0000214345309359,0.0000215445907088,0.0000263809542957,0.0000212217619264,0.0000143382458191,0.00000703476553099,0.0000075557090895,0.00000587937347518,0.00000582781012781,0.00000415550493926,0.00000266756114797,0.00000179252015187,0.00000138331176913,9.04000501123e-7,8.03756677215e-7,7.366668342e-7,6.79518052493e-7,5.79634900078e-7,3.7523852825e-7,2.25380631491e-7,1.44762537957e-7,7.58230598308e-8,4.51169057669e-8,3.0247981897e-8,2.17353974818e-8],"dmean2":[0.0021138661541,0.00169574597385,0.0012355587678,0.000553697929718,0.000618245278019,0.000651701237075,0.000331435760017,0.000261441047769,0.000293080345728,0.000184501288459,0.000198225927306,0.000128962419694,0.0000672793612466,0.0000519124987477,0.0000374717455998,0.0000351688104274,0.0000347159148077,0.0000421259428549,0.0000346810738847,0.0000237995609496,0.0000116413439173,0.000012490167137,0.00000943161558098,0.00000921674654819,0.0000065510935201,0.00000416161719841,0.00000280262020169,0.000002154334652,0.0000013916902617,0.00000122030871808,0.0000010961556427,0.00000100979173112,8.9423775762e-7,5.78574088195e-7,3.32640269107e-7,2.13847940245e-7,1.11956303783e-7,6.77671536664e-8,4.64824729818e-8,3.43959563054e-8],"dvar":[0.00000796974563855,0.00000431902935816,0.00000195330085262,4.86424880819e-7,7.51911898078e-7,8.48230172323e-7,4.00991837068e-7,2.68120203373e-7,5.05530806549e-7,1.12731001423e-7,1.37816442702e-7,5.64556117411e-8,1.0112327864e-8,3.3586651238e-9,2.63633914699e-9,2.60021937315e-9,2.99163160911e-9,4.39450653644e-9,2.10397499423e-9,7.56599782825e-10,1.4070433707e-10,1.68979608084e-10,1.29047411646e-10,1.72701034029e-10,1.20533000247e-10,5.73247456448e-11,6.5019177542e-11,2.84302321268e-11,6.71258057819e-12,4.26046784657e-12,3.09313468935e-12,3.63872560555e-12,3.84866010589e-12,1.2114095534e-12,3.14910397021e-13,1.38853568942e-13,3.27093868213e-14,9.56397267426e-15,3.92798315575e-15,1.86323298539e-15],"dvar2":[0.0000217123579205,0.0000110741757453,0.00000533737284059,0.00000123048630485,0.00000188102808352,0.00000200632234737,7.90926208083e-7,6.30610429653e-7,0.00000134546621666,2.73578507404e-7,3.51446004743e-7,1.35314820682e-7,2.43895215135e-8,8.15163225809e-9,6.04139405169e-9,6.01683902701e-9,7.51228590445e-9,9.91056925415e-9,4.9452166806e-9,1.87140836161e-9,3.64096752747e-10,4.33816427226e-10,3.05521108412e-10,3.9602912616e-10,2.88617768573e-10,1.28556928991e-10,1.60548213612e-10,6.81535800018e-11,1.27685318915e-11,9.39745503636e-12,6.93328510923e-12,8.07353489618e-12,9.44533166958e-12,2.96876434026e-12,6.94291792027e-13,3.13543814393e-13,7.1078851084e-14,2.00304674241e-14,8.24167546953e-15,4.27228807277e-15],"max":[0.040728956461,0.0298468768597,0.0263261832297,0.0174126662314,0.0185704920441,0.0215442366898,0.0403991304338,0.0120859956369,0.0403399839997,0.00857895519584,0.0120519688353,0.00892262067646,0.00287549034692,0.0020844982937,0.00223545334302,0.00226915744133,0.00149200041778,0.00205636071041,0.00128123210743,0.000910162576474,0.000295882142382,0.000349248119164,0.000203230563784,0.000494859123137,0.000294857047265,0.000240115303313,0.000491546932608,0.000295714009553,0.000125252408907,0.000104627579276,0.0000462866737507,0.0000420098331233,0.0000435647380073,0.0000228008593695,0.0000113258638521,0.0000123513436847,0.00000622654215476,0.00000291333549285,0.00000188030514892,0.00000127229429836],"mean":[0.0015310482122,0.00139059463982,0.00139855779707,0.000587775139138,0.000608797825407,0.00073300144868,0.000364665611414,0.000272455508821,0.000264974805759,0.000173967884621,0.000182161733392,0.000128003128339,0.0000669409782859,0.0000537420783076,0.0000380354795197,0.0000356051787094,0.0000364515981346,0.0000457891292172,0.0000374438168365,0.0000264689952019,0.0000142749013321,0.000014582014046,0.0000110353030323,0.00000983550398814,0.00000671810585118,0.00000465152152174,0.00000307462551064,0.00000248050105256,0.00000175948923697,0.00000151238305079,0.00000138252210036,0.00000110702092115,7.40197037885e-7,4.76039190289e-7,2.95593792998e-7,1.84546323112e-7,9.46971070448e-8,5.56305188582e-8,3.82702864954e-8,3.04864222755e-8],"median":[0.000626526714768,0.000658585457131,0.000560981454328,0.000291141710477,0.000268278294243,0.000297319027595,0.00010962637316,0.0000621686485829,0.0000620276696282,0.0000403621415899,0.0000375583622372,0.0000317029771395,0.0000273896694125,0.0000309434290102,0.0000205824762816,0.0000161488278536,0.0000148309354699,0.0000174934866664,0.0000187927980733,0.0000148312137753,0.000010000486327,0.000009686098565,0.00000644317196929,0.00000424834479418,0.0000026860957405,0.00000207391121876,0.0000013668380916,0.00000114496742754,8.74889849456e-7,6.89944954502e-7,5.89136675444e-7,3.82322951964e-7,1.79342634965e-7,9.58758619163e-8,5.94474371951e-8,3.71089079465e-8,2.4488507222e-8,1.62254458758e-8,1.41644349583e-8,1.67448455102e-8],"min":[5.47422609886e-24,4.95837259799e-24,2.39959634733e-24,4.99137656611e-24,8.32522778603e-24,8.66684794534e-24,5.73569996235e-24,1.11085357412e-23,4.97812094189e-24,5.5298695861e-24,3.41170666367e-24,9.07376133292e-24,1.35897178583e-23,7.55101681668e-24,6.75898626834e-24,8.22256148352e-24,7.9964897253e-24,1.24429846814e-23,1.03522879235e-23,1.07075183e-23,1.01569430864e-23,9.71578130266e-24,6.062294688e-24,8.74085650889e-24,8.88619939751e-24,6.91670244026e-24,8.21718776304e-24,5.10114971652e-24,5.24022589411e-24,9.70542592555e-24,1.06926979702e-23,8.89849773902e-24,1.0841754816e-23,9.24118917144e-24,1.18031987657e-23,1.028103564e-23,7.90517592008e-24,7.05222479948e-24,8.12641196095e-24,9.74463467913e-24],"var":[0.0000078691946328,0.00000519082050232,0.00000492575054523,8.27303722417e-7,0.00000131218735078,0.00000188157332559,0.00000102169349248,6.16665374764e-7,6.5936444571e-7,1.94134841536e-7,2.423310832e-7,1.26432695424e-7,2.09175805566e-8,6.46507558599e-9,4.73548977808e-9,5.7019930999e-9,5.82258019577e-9,1.0349506141e-8,4.41775416249e-9,1.51210954868e-9,2.63803145995e-10,3.23665289015e-10,2.38428721211e-10,3.13691211895e-10,1.71712033481e-10,9.77534858615e-11,8.99036262103e-11,4.56673240889e-11,1.57372136156e-11,7.91824852214e-12,5.97710639663e-12,5.23853443263e-12,3.75156112772e-12,1.3173031459e-12,4.43569362013e-13,1.89724782109e-13,4.59191061911e-14,1.43631766501e-14,5.78668218554e-15,2.38844974038e-15]},"melbands_crest":{"dmean":3.59104967117,"dmean2":5.9408082962,"dvar":9.86029243469,"dvar2":26.5220527649,"max":34.583240509,"mean":14.5664186478,"median":13.5972070694,"min":2.04515528679,"var":29.791261673},"melbands_flatness_db":{"dmean":0.0302003771067,"dmean2":0.0471936278045,"dvar":0.00078672345262,"dvar2":0.00199730694294,"max":0.673245131969,"mean":0.25043797493,"median":0.236852735281,"min":0.00545597821474,"var":0.00600647879764},"melbands_kurtosis":{"dmean":6.09840679169,"dmean2":9.88722038269,"dvar":115.837493896,"dvar2":317.918945312,"max":305.04574585,"mean":12.1982221603,"median":6.87527704239,"min":-1.86920976639,"var":290.40725708},"melbands_skewness":{"dmean":0.684230685234,"dmean2":1.08294594288,"dvar":0.455915570259,"dvar2":1.15612399578,"max":14.0938625336,"mean":2.45528125763,"median":2.18666672707,"min":-1.55089843273,"var":2.212464571},"melbands_spread":{"dmean":4.87048768997,"dmean2":7.74493551254,"dvar":40.8684387207,"dvar2":96.8191986084,"max":310.11907959,"mean":18.2026062012,"median":14.7483119965,"min":0.350514441729,"var":550.245666504},"mfcc":{"cov":[[10462.9599609,377.44631958,-1422.07763672,591.278991699,-711.167053223,30.7766151428,-43.9826927185,285.376037598,77.8721389771,157.338867188,214.414596558,-16.0518779755,-46.3073158264],[377.44631958,1458.79394531,-63.2025947571,-254.641418457,132.477752686,-85.5405273438,-66.7481155396,-179.081054688,58.6019821167,-70.109703064,-48.691986084,2.83727812767,37.8576812744],[-1422.07763672,-63.2025947571,765.27142334,-102.987503052,158.698364258,17.8367614746,-49.681060791,4.23400306702,-84.7540588379,10.2453355789,-54.2852020264,27.9006710052,11.2752532959],[591.278991699,-254.641418457,-102.987503052,442.711547852,-36.175693512,76.2186431885,66.1865386963,68.76222229,9.00064659119,6.66563653946,59.7665252686,-3.39695858955,-23.5688171387],[-711.167053223,132.477752686,158.698364258,-36.175693512,226.418914795,65.6184310913,31.8331031799,-30.1487350464,-7.48537778854,-34.7365722656,-37.711555481,8.6334104538,9.64808654785],[30.7766151428,-85.5405273438,17.8367614746,76.2186431885,65.6184310913,160.25994873,70.0990066528,48.9348068237,-7.31671571732,-23.1579647064,-11.6469192505,-3.45343947411,5.00330686569],[-43.9826927185,-66.7481155396,-49.681060791,66.1865386963,31.8331031799,70.0990066528,150.48815918,49.377532959,24.4660396576,-17.6803474426,0.910966932774,-6.2214217186,-2.87637257576],[285.376037598,-179.081054688,4.23400306702,68.76222229,-30.1487350464,48.9348068237,49.377532959,138.528823853,28.361749649,22.0587368011,9.23194313049,2.94251966476,-4.90065050125],[77.8721389771,58.6019821167,-84.7540588379,9.00064659119,-7.48537778854,-7.31671571732,24.4660396576,28.361749649,90.832824707,23.6090717316,18.1812667847,2.89652585983,-5.21140623093],[157.338867188,-70.109703064,10.2453355789,6.66563653946,-34.7365722656,-23.1579647064,-17.6803474426,22.0587368011,23.6090717316,91.564994812,42.3208999634,-2.24938678741,-13.6143398285],[214.414596558,-48.691986084,-54.2852020264,59.7665252686,-37.711555481,-11.6469192505,0.910966932774,9.23194313049,18.1812667847,42.3208999634,87.9892883301,32.7726707458,-2.47089195251],[-16.0518779755,2.83727812767,27.9006710052,-3.39695858955,8.6334104538,-3.45343947411,-6.2214217186,2.94251966476,2.89652585983,-2.24938678741,32.7726707458,75.139755249,36.8138618469],[-46.3073158264,37.8576812744,11.2752532959,-23.5688171387,9.64808654785,5.00330686569,-2.87637257576,-4.90065050125,-5.21140623093,-13.6143398285,-2.47089195251,36.8138618469,64.0795974731]],"icov":[[0.000218977598706,-0.000249429693213,0.000380928104278,-0.000228022414376,0.000477458961541,-0.000269313022727,0.000225002033403,-0.000593190663494,0.000611700234003,-0.000527303025592,0.000216410320718,-0.00036444311263,0.000224019750021],[-0.000249429693213,0.00132697285153,-0.00035039219074,0.000613629468717,-0.00109210435767,0.000538400840014,0.000078595134255,0.00164042576216,-0.00195375224575,0.00140850280877,-0.000479382579215,0.000866029295139,-0.0008011511527],[0.000380928104278,-0.00035039219074,0.00283069512807,-0.000203824296477,-0.000912564166356,-0.0000547839954379,0.00094665895449,-0.00204474246129,0.003265874926,-0.00258953357115,0.00203120918013,-0.0023135393858,0.00105992064346],[-0.000228022414376,0.000613629468717,-0.000203824296477,0.00351172429509,-0.000405306374887,-0.000823031878099,-0.000509281875566,-0.0000858516868902,-0.000553663703613,0.00190244370606,-0.00322922598571,0.00148256774992,0.000278956169495],[0.000477458961541,-0.00109210435767,-0.000912564166356,-0.000405306374887,0.00914372876287,-0.0042548161,-0.00115596398246,0.00191253295634,-0.000551268807612,-0.000770144688431,0.00274466816336,-0.00296008889563,0.00164956878871],[-0.000269313022727,0.000538400840014,-0.0000547839954379,-0.000823031878099,-0.0042548161,0.01129325293,-0.00287121557631,-0.00294464454055,0.00159578106832,0.00194966024719,-0.000604621309321,0.00206341827288,-0.00206575635821],[0.000225002033403,0.000078595134255,0.00094665895449,-0.000509281875566,-0.00115596398246,-0.00287121557631,0.0105458479375,-0.00307396287099,-0.00189548754133,0.002477489179,-0.00166075211018,0.00165641750209,-0.000244646304054],[-0.000593190663494,0.00164042576216,-0.00204474246129,-0.0000858516868902,0.00191253295634,-0.00294464454055,-0.00307396287099,0.0145816700533,-0.00640661409125,-0.00116729002912,0.00254385219887,-0.00154340488371,0.0000652812086628],[0.000611700234003,-0.00195375224575,0.003265874926,-0.000553663703613,-0.000551268807612,0.00159578106832,-0.00189548754133,-0.00640661409125,0.0192065481097,-0.00666470499709,0.00101893267129,-0.00330730667338,0.00228674546815],[-0.000527303025592,0.00140850280877,-0.00258953357115,0.00190244370606,-0.000770144688431,0.00194966024719,0.002477489179,-0.00116729002912,-0.00666470499709,0.0218357611448,-0.0132140545174,0.0087153641507,-0.00149147282355],[0.000216410320718,-0.000479382579215,0.00203120918013,-0.00322922598571,0.00274466816336,-0.000604621309321,-0.00166075211018,0.00254385219887,0.00101893267129,-0.0132140545174,0.02765243873,-0.0173091478646,0.00693425629288],[-0.00036444311263,0.000866029295139,-0.0023135393858,0.00148256774992,-0.00296008889563,0.00206341827288,0.00165641750209,-0.00154340488371,-0.00330730667338,0.0087153641507,-0.0173091478646,0.0306753516197,-0.0162895377725],[0.000224019750021,-0.0008011511527,0.00105992064346,0.000278956169495,0.00164956878871,-0.00206575635821,-0.000244646304054,0.0000652812086628,0.00228674546815,-0.00149147282355,0.00693425629288,-0.0162895377725,0.0255586858839]],"mean":[-689.727722168,165.152023315,-15.2217035294,29.255941391,5.10542678833,10.7928295135,-5.97714042664,0.785945773125,3.00517129898,-2.58740091324,-1.60011529922,-1.72544395924,0.00595545396209]},"pitch_salience":{"dmean":0.0669971853495,"dmean2":0.109190396965,"dvar":0.00331004383042,"dvar2":0.00900536589324,"max":0.871068000793,"mean":0.583113253117,"median":0.594307720661,"min":0.114444464445,"var":0.00942389853299},"silence_rate_20dB":{"dmean":0,"dmean2":0,"dvar":0,"dvar2":0,"max":1,"mean":1,"median":1,"min":1,"var":0},"silence_rate_30dB":{"dmean":0.0245330352336,"dmean2":0.0490706302226,"dvar":0.0239297281951,"dvar2":0.0596704296768,"max":1,"mean":0.976491332054,"median":1,"min":0,"var":0.022954037413},"silence_rate_60dB":{"dmean":0.00929281674325,"dmean2":0.0185873601586,"dvar":0.00920485518873,"dvar2":0.0227072518319,"max":1,"mean":0.0516632609069,"median":0,"min":0,"var":0.0489876531065},"spectral_centroid":{"dmean":171.976257324,"dmean2":262.401519775,"dvar":42947.84375,"dvar2":84667.9609375,"max":11116.8193359,"mean":981.112426758,"median":885.499267578,"min":133.20161438,"var":409173.4375},"spectral_complexity":{"dmean":3.08986163139,"dmean2":4.71059465408,"dvar":10.7523336411,"dvar2":20.0137500763,"max":53,"mean":17.6736660004,"median":18,"min":0,"var":89.279838562},"spectral_contrast_coeffs":{"dmean":[0.0524297095835,0.049640391022,0.0381669141352,0.0285945944488,0.0233765989542,0.0301704052836],"dmean2":[0.0870367065072,0.0810985565186,0.0630939528346,0.0473755411804,0.0387795902789,0.0468679405749],"dvar":[0.00175319658592,0.0015538749285,0.000986461760476,0.00053366884822,0.000574789533857,0.000777308363467],"dvar2":[0.00468344986439,0.00413275882602,0.00256344093941,0.00143013475463,0.00145111628808,0.00186030159239],"max":[-0.312457114458,-0.434519648552,-0.503226518631,-0.601241350174,-0.636332035065,-0.504466235638],"mean":[-0.662566721439,-0.739013135433,-0.80116301775,-0.812063276768,-0.817547857761,-0.754222035408],"median":[-0.668315947056,-0.744149565697,-0.809804201126,-0.814942836761,-0.810635864735,-0.745429217815],"min":[-0.942784905434,-0.9707878232,-0.972811043262,-0.981724858284,-0.973260521889,-0.960793972015],"var":[0.00720489956439,0.00563342077658,0.00394164724275,0.00211438979022,0.00199765898287,0.00562221929431]},"spectral_contrast_valleys":{"dmean":[0.415449857712,0.368822813034,0.332257419825,0.266907244921,0.30630466342,0.52672880888],"dmean2":[0.67847186327,0.593464851379,0.530389130116,0.42753303051,0.463624238968,0.796137571335],"dvar":[0.143173143268,0.110832206905,0.0989820063114,0.0853870585561,0.162572279572,0.213076725602],"dvar2":[0.336261719465,0.243462070823,0.21679469943,0.177331402898,0.360927224159,0.508510231972],"max":[-4.85941743851,-4.23002910614,-5.12313508987,-5.71982431412,-5.52373600006,-8.86381244659],"mean":[-7.179438591,-6.64332056046,-7.25039720535,-7.56848955154,-7.96657657623,-11.2446041107],"median":[-6.94063711166,-6.45799827576,-6.98069238663,-7.23467636108,-7.59594535828,-11.0906152725],"min":[-28.0729923248,-27.427362442,-27.1064624786,-27.4584560394,-27.3481369019,-27.2621459961],"var":[1.92519414425,1.87908840179,1.8598870039,1.77794718742,1.92139935493,1.18967735767]},"spectral_decrease":{"dmean":2.64942578987e-9,"dmean2":4.20830881254e-9,"dvar":1.97392640746e-17,"dvar2":4.98627947406e-17,"max":5.81068837491e-9,"mean":-4.90742957382e-9,"median":-3.0351674507e-9,"min":-5.53528245462e-8,"var":3.3691976248e-17},"spectral_energy":{"dmean":0.0109787825495,"dmean2":0.0170417595655,"dvar":0.000313608441502,"dvar2":0.000772522820625,"max":0.237392231822,"mean":0.034643497318,"median":0.0266760159284,"min":1.04067415151e-20,"var":0.000827610550914},"spectral_energyband_high":{"dmean":0.000231333106058,"dmean2":0.000331857940182,"dvar":1.93508313373e-7,"dvar2":3.88970164522e-7,"max":0.0108229657635,"mean":0.000667877378874,"median":0.000495637475979,"min":7.56068848488e-21,"var":5.63797357245e-7},"spectral_energyband_low":{"dmean":0.00629042135552,"dmean2":0.0103772645816,"dvar":0.000157380462042,"dvar2":0.000408761959989,"max":0.173741713166,"mean":0.0100849168375,"median":0.00554654933512,"min":3.24566879806e-23,"var":0.000192200794118},"spectral_energyband_middle_high":{"dmean":0.00147528934758,"dmean2":0.00225136848167,"dvar":0.00000805829313322,"dvar2":0.000019839628294,"max":0.0862003713846,"mean":0.00418310519308,"median":0.00252333004028,"min":1.58964484349e-21,"var":0.0000286293725367},"spectral_energyband_middle_low":{"dmean":0.00562788825482,"dmean2":0.00871999189258,"dvar":0.000080099562183,"dvar2":0.000196458262508,"max":0.212653115392,"mean":0.0141918817535,"median":0.00843138527125,"min":2.29958053069e-22,"var":0.000251876714174},"spectral_entropy":{"dmean":0.183571726084,"dmean2":0.27539601922,"dvar":0.0438531525433,"dvar2":0.108122266829,"max":9.79655265808,"mean":7.34695625305,"median":7.46763849258,"min":4.26930522919,"var":0.325452208519},"spectral_flux":{"dmean":0.0224566143006,"dmean2":0.035067923367,"dvar":0.000847416755278,"dvar2":0.00183219567407,"max":0.414426028728,"mean":0.0927810817957,"median":0.0850488096476,"min":1.02013439363e-10,"var":0.00275153294206},"spectral_kurtosis":{"dmean":6.3217215538,"dmean2":9.67507648468,"dvar":116.690383911,"dvar2":300.780212402,"max":162.073410034,"mean":22.1117725372,"median":19.2773513794,"min":-1.23869645596,"var":208.56086731},"spectral_rms":{"dmean":0.000825407041702,"dmean2":0.00124535348732,"dvar":0.00000108034237201,"dvar2":0.00000248546439252,"max":0.0152184814215,"mean":0.00531597062945,"median":0.00510150752962,"min":3.1863643668e-12,"var":0.00000553899144506},"spectral_rolloff":{"dmean":3442.10229492,"dmean2":6587.28857422,"dvar":48085732,"dvar2":116155096,"max":22050,"mean":16256.9667969,"median":21533.203125,"min":64.599609375,"var":77035488},"spectral_skewness":{"dmean":0.447615504265,"dmean2":0.673053205013,"dvar":0.412800580263,"dvar2":1.04699873924,"max":10.2541751862,"mean":3.23871541023,"median":3.077917099,"min":0.000763662101235,"var":1.21851539612},"spectral_spread":{"dmean":496826.375,"dmean2":742088.5625,"dvar":359119683584,"dvar2":648480358400,"max":41061764,"mean":4037870.75,"median":3867938,"min":1047854.9375,"var":2112997949440},"spectral_strongpeak":{"dmean":4.96180391312,"dmean2":9.31543636322,"dvar":193.7993927,"dvar2":530.23034668,"max":142.245544434,"mean":4.51130628586,"median":0.487549245358,"min":0,"var":188.808898926},"zerocrossingrate":{"dmean":0.0388468764722,"dmean2":0.0486347191036,"dvar":0.00112611649092,"dvar2":0.00165916571859,"max":0.7216796875,"mean":0.312469184399,"median":0.31201171875,"min":0.02099609375,"var":0.0107472566888}},"metadata":{"audio_properties":{"analysis_sample_rate":44100,"bit_rate":320000,"codec":"mp3","downmix":"mix","equal_loudness":0,"length":249.862289429,"lossless":false,"md5_encoded":"2df0c3885cc6c1b69b6c74e2ce563b2e","replay_gain":-10.251373291,"sample_rate":44100},"tags":{"album":["Van Halen II"],"albumartist":["Van Halen"],"albumartistsort":["Van Halen"],"artist":["Van Halen"],"artistsort":["Van Halen"],"asin":["B00004Y6O8"],"catalognumber":["WB 56 616"],"composer":["Alex Van Halen/David Lee Roth/Eddie Van Halen/Michael Anthony"],"date":["1979"],"discnumber":["1/1"],"file_name":"09. Van Halen - Women in Love.mp3","genre":["Classic Rock"],"label":["Warner Bros. Records"],"length":["249826"],"musicbrainz album release country":["US"],"musicbrainz album status":["official"],"musicbrainz album type":["album"],"musicbrainz_albumartistid":["b665b768-0d83-4363-950c-31ed39317c15"],"musicbrainz_albumid":["a9e62245-3166-47c0-aa3d-b1f5d9dc7922"],"musicbrainz_artistid":["b665b768-0d83-4363-950c-31ed39317c15"],"musicbrainz_recordingid":["9db5ae35-428c-4f90-b1f1-fbe1277db678"],"musicip_puid":["e9785789-eb91-d007-ad61-aa512f0c58f3"],"title":["Women in Love"],"tracknumber":["9/10"]},"version":{"essentia":"2.1-beta1","essentia_build_sha":"ca57ba49d9b1854bd80e60cf9ccf267278fb7d6b","essentia_git_sha":"v2.1_beta1-28-g21ef5f4-dirty","extractor":"music 1.0"}},"rhythm":{"beats_count":437,"beats_loudness":{"dmean":0.0219758599997,"dmean2":0.037563174963,"dvar":0.000402151286835,"dvar2":0.00114810129162,"max":0.174434140325,"mean":0.0493376664817,"median":0.0467728413641,"min":9.47778744376e-10,"var":0.000924118445255},"beats_loudness_band_ratio":{"dmean":[0.174187213182,0.129902288318,0.089487195015,0.0436403043568,0.0378079563379,0.0877167955041],"dmean2":[0.287357747555,0.230473741889,0.152941808105,0.0757578611374,0.0680383965373,0.148639261723],"dvar":[0.0194775406271,0.0157991610467,0.0123707000166,0.00415599951521,0.00178242777474,0.00558061758056],"dvar2":[0.0534032396972,0.0474569201469,0.0325921438634,0.0119638890028,0.0051201698370