{"lowlevel":{"average_loudness":0.964488744736,"barkbands":{"dmean":[0.000058304045524,0.00272568524815,0.00300412788056,0.000809642719105,0.00130616594106,0.00119012955111,0.00110899028368,0.000739850336686,0.000957802811172,0.000802336551715,0.000488647085149,0.000657732598484,0.000809194985777,0.000801293121185,0.000481694529299,0.000429529027315,0.000367573346011,0.000203560965019,0.0000969693865045,0.000107588930405,0.0000507699478476,0.0000511816360813,0.0000349997753801,0.0000277379476756,0.0000166149657161,0.00000270523401014,4.6495620154e-7],"dmean2":[0.0000869438081281,0.00465355906636,0.00515638943762,0.00140887289308,0.00215904437937,0.00187642790843,0.00169850036036,0.00118810986169,0.00144925585482,0.00114448007662,0.000776483793743,0.00103457225487,0.00122846104205,0.00119543645997,0.000741633994039,0.000638974132016,0.000567122886423,0.000304318149574,0.000150977415615,0.000164662837051,0.0000800592679298,0.0000793092040112,0.0000548832249478,0.0000423693272751,0.0000254797232628,0.00000456002317151,8.07744413578e-7],"dvar":[2.10029913461e-8,0.0000255179274973,0.0000279338764813,0.00000174063188751,0.0000043999425543,0.00000302793910123,0.00000445037858299,0.00000336602306561,0.000004855237421,0.00000291381547868,7.74858676778e-7,0.00000113648832212,0.00000181148539014,0.00000232580646298,9.04736964458e-7,7.54517088808e-7,5.12134192832e-7,1.47604254153e-7,2.5168864326e-8,3.17930499705e-8,8.34454549903e-9,1.55603334662e-8,8.19973511312e-9,5.67424018882e-9,2.13471196275e-9,5.30928287445e-11,2.5495625576e-12],"dvar2":[4.59652014229e-8,0.0000726245052647,0.0000746139121475,0.00000495309950566,0.0000117028148452,0.00000779785659688,0.00000989350428426,0.00000938977245823,0.0000111303943413,0.00000600224939262,0.00000204909269996,0.00000290206389764,0.00000414546866523,0.00000510801874043,0.00000218708601096,0.00000182970291007,0.00000122811673009,3.11699352551e-7,5.76557290799e-8,7.43433403727e-8,2.1663689509e-8,3.86163065969e-8,2.02070129518e-8,1.21417587096e-8,4.29127577917e-9,1.44955797365e-10,7.24603927207e-12],"max":[0.00269063469023,0.0712918937206,0.0532001331449,0.0187630355358,0.0251169893891,0.0237891189754,0.0441272445023,0.0402743332088,0.040758267045,0.0319630540907,0.022778712213,0.0175370462239,0.0236193090677,0.0605909898877,0.026488814503,0.0291510745883,0.0173602346331,0.0123909814283,0.00434285681695,0.00428953161463,0.00141200737562,0.00278061884455,0.00204948056489,0.00249412702397,0.00146120763384,0.000126692335471,0.0000240809131355],"mean":[0.0000783307987149,0.00514412950724,0.00750645762309,0.00122583960183,0.00225646980107,0.00257588527165,0.00204431917518,0.00105737103149,0.00173596513923,0.00149464898277,0.000886224093847,0.00131544086616,0.00175979046617,0.00155977508985,0.000988046871498,0.0009137665038,0.000786861521192,0.000437030394096,0.000213238294236,0.000232187565416,0.000106890511233,0.0000819415217848,0.0000478440306324,0.0000375258387066,0.0000212996183109,0.00000297814972328,7.16556769476e-7],"median":[0.00000445921295977,0.00237603439018,0.0048508150503,0.000785084906965,0.00154646555893,0.00188215565868,0.00106182717718,0.000328538910253,0.000670833222102,0.000474477303214,0.000425304606324,0.000695926253684,0.000840902095661,0.000838164356537,0.000465799355879,0.00041004398372,0.000350279093254,0.000211990060052,0.000134447895107,0.000147763435962,0.0000644555257168,0.0000349795955117,0.0000173937351065,0.00000765993172536,0.00000442013515567,5.31504326773e-7,3.8168093397e-7],"min":[1.70468131798e-12,3.26440523918e-12,1.93410999022e-12,1.22763496417e-12,1.38587719859e-12,7.0279730386e-13,2.88597596342e-13,1.93630783065e-13,1.83248300431e-13,7.08258525071e-14,1.22138261419e-13,1.20596105801e-13,4.19799760817e-14,1.7150454776e-13,2.28244072947e-13,3.98285327245e-14,2.32112235248e-13,6.9265021507e-14,8.71268186179e-14,2.66638599221e-13,3.47312537887e-13,1.19804624663e-13,2.73646231543e-13,6.8350365515e-13,3.10243475875e-13,3.73617288366e-13,3.29073920891e-11],"var":[4.00949922152e-8,0.0000424433092121,0.0000589030896663,0.00000232722686633,0.00000650269021207,0.00000666192863719,0.0000106932948256,0.00000480026983496,0.0000112689340312,0.00000740505993235,0.0000015634442434,0.00000278506536233,0.00000517874013894,0.00000582844586461,0.00000265041785497,0.00000229092120207,0.00000172665954778,4.67222321276e-7,6.62540386998e-8,9.01405030618e-8,1.48402437006e-8,2.27359855387e-8,1.19185994407e-8,1.44290268622e-8,4.50376980154e-9,4.98808216953e-11,2.01010237101e-12]},"barkbands_crest":{"dmean":1.95139193535,"dmean2":3.19013690948,"dvar":3.73146343231,"dvar2":9.552110672,"max":23.1925621033,"mean":9.28756809235,"median":8.7730178833,"min":2.78553843498,"var":12.5028038025},"barkbands_flatness_db":{"dmean":0.0187492910773,"dmean2":0.0281417835504,"dvar":0.000400659831939,"dvar2":0.000896653509699,"max":0.40340295434,"mean":0.146095216274,"median":0.14292165637,"min":0.0407287813723,"var":0.0016254222719},"barkbands_kurtosis":{"dmean":1.35809028149,"dmean2":2.17485022545,"dvar":6.99996232986,"dvar2":17.0493888855,"max":54.4455795288,"mean":1.20493006706,"median":-0.0155012607574,"min":-1.95338594913,"var":14.2133779526},"barkbands_skewness":{"dmean":0.414553850889,"dmean2":0.649416208267,"dvar":0.216773271561,"dvar2":0.528561353683,"max":6.40222024918,"mean":0.912568390369,"median":0.835517764091,"min":-2.09217405319,"var":0.897269904613},"barkbands_spread":{"dmean":4.09952449799,"dmean2":6.28486633301,"dvar":21.1461200714,"dvar2":48.3131103516,"max":144.991394043,"mean":23.069934845,"median":21.8014526367,"min":1.15602636337,"var":217.905273438},"dissonance":{"dmean":0.0178533829749,"dmean2":0.0294816382229,"dvar":0.000301358290017,"dvar2":0.000759003916755,"max":0.499848276377,"mean":0.463668763638,"median":0.470764756203,"min":0.294773131609,"var":0.000790828664321},"dynamic_complexity":3.62516880035,"erbbands":{"dmean":[0.0425973944366,0.767718553543,3.25503802299,3.01564908028,2.9088306427,5.63339185715,6.49216985703,10.8927459717,13.6814413071,16.7988986969,16.9285469055,19.1448955536,21.0920009613,27.0382175446,18.6687583923,24.6449317932,35.0689277649,38.6877098083,32.6450805664,18.5652122498,26.0958175659,18.279006958,12.1316633224,5.79142522812,5.36734867096,5.05361461639,2.16931319237,1.9264112711,1.92001497746,1.46539056301,0.896558940411,0.639817178249,0.41695228219,0.219839647412,0.10222389549,0.020694417879,0.00383820850402,0.000679798249621,0.0000816005922388,0.0000128068995764],"dmean2":[0.0715348422527,1.30688726902,5.54220151901,5.22010469437,4.92655849457,9.36036586761,10.7583580017,16.9754447937,20.7687797546,26.0243587494,27.0000667572,29.0079498291,31.2001171112,39.789150238,28.9844703674,38.8652076721,52.6129150391,57.5150680542,49.2141189575,27.302898407,38.980796814,28.3398075104,18.0716819763,8.88652133942,8.22560119629,7.73258018494,3.42587423325,3.03677940369,2.98892879486,2.29465889931,1.41358101368,0.991414964199,0.643207490444,0.336423933506,0.160118460655,0.0343356691301,0.00645226240158,0.00115543452557,0.00014034177002,0.0000205597971217],"dvar":[0.00752235949039,1.99578654766,32.5557250977,25.2941074371,17.8165359497,102.991355896,125.438331604,271.872894287,755.471557617,1354.08447266,1779.29943848,1893.36206055,2173.23339844,2863.29785156,830.420532227,1723.64221191,3765.45605469,4290.82910156,4356.01855469,1099.13476562,2661.33129883,1370.63012695,502.855926514,86.9937667847,69.9147644043,71.5841293335,17.037191391,11.5083408356,22.4463653564,13.1223964691,5.52019119263,2.73896193504,1.5401301384,0.401930242777,0.0801413580775,0.0029972998891,0.000110654029413,0.00000418306262873,7.5534096311e-8,4.39970643251e-10],"dvar2":[0.0213117226958,5.57762527466,87.1631622314,71.8549575806,48.4115905762,277.938323975,344.496398926,682.693847656,1585.5579834,3194.19677734,5188.12158203,4287.85351562,4978.49267578,6101.87744141,2077.1652832,4430.82128906,8236.42089844,9885.33007812,10482.6308594,2390.046875,6323.54052734,3537.640625,1043.17333984,197.510696411,152.492080688,170.228729248,44.3828468323,29.1850166321,56.7790298462,31.561000824,13.7599315643,5.86451005936,3.35786008835,0.766795635223,0.171316921711,0.00801486335695,0.000298055208987,0.0000114449112516,2.13981394381e-7,1.21160914635e-9],"max":[1.11974644661,20.1880245209,69.5581054688,57.5631370544,51.9584465027,142.568283081,168.788314819,231.650878906,738.235717773,816.39251709,1094.21569824,1057.19104004,955.350524902,1173.87670898,445.698913574,645.450866699,1207.13244629,1613.49951172,1623.64001465,754.50604248,1873.26452637,1231.59179688,785.864746094,216.354827881,163.605743408,195.284988403,82.6215591431,53.5598678589,95.1513366699,68.9493713379,50.9675445557,43.5095825195,47.6728897095,25.2143936157,9.48123931885,0.987266719341,0.195675745606,0.0336501896381,0.00400382978842,0.000326459266944],"mean":[0.0744159147143,1.48204469681,7.97016620636,6.40361499786,5.31077432632,8.86738109589,10.568608284,23.9733371735,28.3924179077,28.2646923065,26.1214694977,34.3946800232,40.2054901123,54.0384788513,39.3591766357,52.5567512512,80.337059021,84.582611084,65.0942764282,44.3511962891,57.7818183899,41.7388114929,28.2898788452,14.0000267029,12.1725378036,10.991276741,4.77650213242,3.82080078125,2.98678874969,2.2650578022,1.22302436829,0.85972315073,0.564078211784,0.28818705678,0.127914711833,0.0232740323991,0.00424510100856,0.000766704266425,0.000121829187265,0.0000499149027746],"median":[0.023778013885,0.736131548882,6.3824467659,4.07797431946,3.66626930237,5.02894496918,6.37968349457,17.1519737244,16.4342155457,11.9670972824,9.90652656555,14.5224714279,19.4607181549,23.8304023743,26.9038257599,31.6934947968,44.0320358276,49.7246551514,29.7730445862,22.473657608,26.9308319092,21.5766906738,15.8595895767,9.29817008972,8.17192554474,6.57248497009,3.2116932869,1.96213722229,1.3199236393,0.993025302887,0.429522514343,0.211921662092,0.10234362632,0.0581817924976,0.0249040797353,0.0040347026661,0.000843505025841,0.000192957988475,0.0000609240596532,0.0000478142683278],"min":[1.11728737373e-10,6.8107131046e-10,2.07596917434e-9,3.53913387485e-9,4.22469392802e-9,4.52863613276e-9,5.82584647191e-9,5.38400657391e-9,3.72200292809e-9,5.17919440668e-9,3.5245848462e-9,4.1049652566e-9,3.26571747422e-9,3.54025919691e-9,4.97257657273e-9,4.65940175332e-9,1.98784477767e-9,6.78472789062e-9,1.31098873979e-8,6.33187680066e-9,3.26231130998e-9,1.35220865616e-8,5.91645088477e-9,2.14457052117e-9,6.59437038308e-9,1.43642591155e-8,2.2370649333e-8,5.21055998348e-9,4.15502610096e-9,4.07517486423e-9,7.47212602903e-9,1.53913912726e-8,9.76214842296e-9,3.8390548518e-9,2.39813746639e-9,1.62404634185e-9,5.83812720389e-10,1.73263858816e-9,2.61785770839e-9,8.12557021668e-10],"var":[0.0134919285774,3.12108898163,60.7331390381,40.4841995239,28.6643562317,140.555450439,177.623336792,628.489440918,1962.78991699,2918.14599609,2438.46582031,3883.23242188,4673.97607422,7427.86181641,1846.95849609,4221.98876953,10451.5058594,11022.1386719,11459.6894531,4246.70068359,8548.52441406,4353.78369141,1738.81176758,275.483093262,210.182189941,204.852783203,31.1711349487,21.614490509,30.6131629944,19.9227294922,8.0616941452,6.58213710785,3.6379070282,0.917635321617,0.152041956782,0.00308605981991,0.0001107318094,0.0000040158874981,6.1599791934e-8,7.42367278761e-10]},"erbbands_crest":{"dmean":2.23140621185,"dmean2":3.53972458839,"dvar":4.46070194244,"dvar2":10.8857927322,"max":27.8195133209,"mean":8.85277366638,"median":8.25879096985,"min":2.40547919273,"var":11.6812610626},"erbbands_flatness_db":{"dmean":0.0166655946523,"dmean2":0.0238509234041,"dvar":0.000254381477134,"dvar2":0.000551769451704,"max":0.290515512228,"mean":0.184223607183,"median":0.188530653715,"min":0.023064116016,"var":0.00138735293876},"erbbands_kurtosis":{"dmean":0.785133481026,"dmean2":1.22970604897,"dvar":0.767770528793,"dvar2":1.84932005405,"max":16.8092899323,"mean":0.768589138985,"median":0.398669481277,"min":-1.78034222126,"var":2.4972012043},"erbbands_skewness":{"dmean":0.309776484966,"dmean2":0.465462088585,"dvar":0.0800910070539,"dvar2":0.18096204102,"max":2.92191457748,"mean":-0.152079463005,"median":-0.192984312773,"min":-2.82387804985,"var":0.448479831219},"erbbands_spread":{"dmean":5.43661499023,"dmean2":8.38906478882,"dvar":43.653465271,"dvar2":99.0365219116,"max":136.208312988,"mean":27.6035957336,"median":24.7149467468,"min":5.26097822189,"var":207.082748413},"gfcc":{"cov":[[18615.9746094,1888.00622559,-2174.55859375,355.32434082,-1124.1829834,232.685333252,-591.762207031,167.818084717,-414.725738525,219.397720337,-178.311950684,-69.2677383423,-102.961112976],[1888.00622559,1134.80627441,-225.958709717,6.37760305405,39.1477622986,-127.54838562,92.1711044312,-63.6243133545,53.7971801758,-59.139503479,62.1088066101,-65.3263320923,-26.2159080505],[-2174.55859375,-225.958709717,900.286682129,-23.7339076996,-38.9652862549,90.3583602905,17.3157672882,23.2566795349,53.5192527771,12.7983074188,40.5620765686,43.8383483887,-4.02236795425],[355.32434082,6.37760305405,-23.7339076996,217.824935913,16.545124054,-44.5430717468,-27.1455688477,-32.0511817932,7.80538129807,-3.87652349472,-0.616236209869,-6.84372615814,-1.68172180653],[-1124.1829834,39.1477622986,-38.9652862549,16.545124054,313.002838135,-2.75746822357,76.0177536011,-23.2572517395,52.3060760498,-18.9629306793,30.2779464722,15.6891355515,36.3108406067],[232.685333252,-127.54838562,90.3583602905,-44.5430717468,-2.75746822357,270.967193604,11.1010370255,38.3926887512,-13.8596563339,57.0538711548,23.7799472809,55.5417098999,33.4823951721],[-591.762207031,92.1711044312,17.3157672882,-27.1455688477,76.0177536011,11.1010370255,177.551849365,13.0841770172,17.8155117035,-16.7203426361,41.4580307007,-17.791387558,-5.77601051331],[167.818084717,-63.6243133545,23.2566795349,-32.0511817932,-23.2572517395,38.3926887512,13.0841770172,127.825714111,13.1846427917,7.869764328,-3.9446849823,9.08623695374,0.707528591156],[-414.725738525,53.7971801758,53.5192527771,7.80538129807,52.3060760498,-13.8596563339,17.8155117035,13.1846427917,104.598312378,3.3723115921,0.694323778152,-1.79740834236,8.80006790161],[219.397720337,-59.139503479,12.7983074188,-3.87652349472,-18.9629306793,57.0538711548,-16.7203426361,7.869764328,3.3723115921,89.1496047974,17.9650917053,2.50999379158,1.18052351475],[-178.311950684,62.1088066101,40.5620765686,-0.616236209869,30.2779464722,23.7799472809,41.4580307007,-3.9446849823,0.694323778152,17.9650917053,88.7746124268,20.3587665558,0.538745343685],[-69.2677383423,-65.3263320923,43.8383483887,-6.84372615814,15.6891355515,55.5417098999,-17.791387558,9.08623695374,-1.79740834236,2.50999379158,20.3587665558,83.0190734863,32.6613082886],[-102.961112976,-26.2159080505,-4.02236795425,-1.68172180653,36.3108406067,33.4823951721,-5.77601051331,0.707528591156,8.80006790161,1.18052351475,0.538745343685,32.6613082886,60.1952323914]],"icov":[[0.000493699742947,-0.00113335403148,0.000982511322945,-0.00110701832455,0.00135458156001,-0.00102293095551,0.00102634285577,-0.00120546878316,0.00126695982181,-0.00114649347961,0.000977677875198,-0.000658973876853,0.00043617922347],[-0.00113335403148,0.00383276306093,-0.00188172096387,0.00267523154616,-0.00279961177148,0.00245397444814,-0.00258345669135,0.00333399930969,-0.00392154790461,0.00360684166662,-0.00366228283383,0.00236273021437,-0.0010302568553],[0.000982511322945,-0.00188172096387,0.00334622501396,-0.00211079255678,0.00315172644332,-0.00244666845538,0.00191770656966,-0.00213594874367,0.00124930101447,-0.00168283691164,0.00103842688259,-0.00165706232656,0.00143468007445],[-0.00110701832455,0.00267523154616,-0.00211079255678,0.00752162188292,-0.00332003342919,0.00291475537233,-0.00134698278271,0.00368692819029,-0.00338803371415,0.00264471257105,-0.00285713584162,0.00183252687566,-0.000975767907221],[0.00135458156001,-0.00279961177148,0.00315172644332,-0.00332003342919,0.0083284843713,-0.0027922061272,0.00101881031878,-0.00211373553611,0.00112195045222,-0.00211413786747,0.00145939574577,-0.00209046667442,-0.0011340060737],[-0.00102293095551,0.00245397444814,-0.00244666845538,0.00291475537233,-0.0027922061272,0.00794127676636,-0.00330457882956,0.00147215882316,-0.00119770108722,-0.00136665068567,-0.00153820647392,-0.00156399386469,-0.00276598334312],[0.00102634285577,-0.00258345669135,0.00191770656966,-0.00134698278271,0.00101881031878,-0.00330457882956,0.0107035590336,-0.00373954209499,0.00214902078733,0.000393559283111,-0.00231889518909,0.00248763849959,0.00136454182211],[-0.00120546878316,0.00333399930969,-0.00213594874367,0.00368692819029,-0.00211373553611,0.00147215882316,-0.00373954209499,0.0121944304556,-0.00536942668259,0.0030405386351,-0.00187220925,0.000712803157512,-0.000340255384799],[0.00126695982181,-0.00392154790461,0.00124930101447,-0.00338803371415,0.00112195045222,-0.00119770108722,0.00214902078733,-0.00536942668259,0.0159775819629,-0.00568240415305,0.00482131261379,-0.00175553117879,-0.000608226226177],[-0.00114649347961,0.00360684166662,-0.00168283691164,0.00264471257105,-0.00211413786747,-0.00136665068567,0.000393559283111,0.0030405386351,-0.00568240415305,0.0187064316124,-0.00804635044187,0.00571432942525,-0.000955931493081],[0.000977677875198,-0.00366228283383,0.00103842688259,-0.00285713584162,0.00145939574577,-0.00153820647392,-0.00231889518909,-0.00187220925,0.00482131261379,-0.00804635044187,0.0196799859405,-0.00828993227333,0.00361648155376],[-0.000658973876853,0.00236273021437,-0.00165706232656,0.00183252687566,-0.00209046667442,-0.00156399386469,0.00248763849959,0.000712803157512,-0.00175553117879,0.00571432942525,-0.00828993227333,0.021800108254,-0.00940614193678],[0.00043617922347,-0.0010302568553,0.00143468007445,-0.000975767907221,-0.0011340060737,-0.00276598334312,0.00136454182211,-0.000340255384799,-0.000608226226177,-0.000955931493081,0.00361648155376,-0.00940614193678,0.0245150737464]],"mean":[-12.4534626007,122.150558472,-138.109725952,28.8195285797,-43.9098548889,13.4204187393,-30.9280929565,-1.44848263264,-15.8313331604,-2.66344213486,-8.63182735443,-5.87632846832,-9.25485134125]},"hfc":{"dmean":5.66497373581,"dmean2":8.15050506592,"dvar":50.5198707581,"dvar2":108.674240112,"max":152.534088135,"mean":24.7522392273,"median":22.409526825,"min":0.00000106398545086,"var":272.323577881},"melbands":{"dmean":[0.000554835540242,0.0014630460646,0.00049442454474,0.000313086115057,0.00021851695783,0.000239920860622,0.000214084066101,0.000178019865416,0.000138948234962,0.000128637548187,0.000110389526526,0.000116601629998,0.0000691596069373,0.0000700033342582,0.0000673710310366,0.0000858442945173,0.0000744261851651,0.000060797232436,0.0000300259889627,0.0000246434938163,0.0000330788789142,0.0000214070478251,0.0000161893967743,0.0000105911058199,0.00000447578440799,0.00000374255569113,0.00000501588920088,0.00000304844343191,0.00000146464128647,0.00000130467378767,0.00000111950623705,0.00000112837938104,9.97958409243e-7,7.98867404228e-7,5.54309110612e-7,4.18252767531e-7,3.87315253647e-7,3.23087590459e-7,2.09580548471e-7,1.8726869655e-7],"dmean2":[0.000948411936406,0.0024871090427,0.000854717160109,0.000521986221429,0.000361897662515,0.000374306982849,0.000326889567077,0.000277111161267,0.000221784765017,0.000193827610929,0.000163262651768,0.000170170140336,0.000108485401142,0.000109433436592,0.000103673730337,0.000130106258439,0.00011060576071,0.0000918623627513,0.0000457698297396,0.0000358500801667,0.0000497299770359,0.0000338451172865,0.0000247262323683,0.0000160422023328,0.00000699748534316,0.0000059265771597,0.00000765776439948,0.00000472153533337,0.00000232215165852,0.00000211040446629,0.00000178935351869,0.00000176907724381,0.00000157720137395,0.0000012721047824,8.91528770808e-7,6.66553034989e-7,6.0251272771e-7,5.01635781802e-7,3.28077391032e-7,2.90589952101e-7],"dvar":[0.00000108624976747,0.00000641668066237,6.25743382443e-7,2.44620309786e-7,1.4114368696e-7,1.28080230866e-7,1.65597185742e-7,1.49732812815e-7,1.19428037237e-7,8.74541541407e-8,5.89022519648e-8,5.53717818264e-8,1.24205499219e-8,1.48532430799e-8,1.16592282495e-8,2.07328874069e-8,1.71118319514e-8,1.70562763913e-8,3.62283314459e-9,2.39382380585e-9,4.18133305757e-9,1.8694619186e-9,1.51003609616e-9,4.35469271753e-10,6.12824166413e-11,3.582736538e-11,6.65393504184e-11,3.06549056972e-11,8.17954818461e-12,6.5200570637e-12,4.15355076722e-12,7.51517945097e-12,6.93354314935e-12,4.22650412932e-12,2.40440089713e-12,1.17671042181e-12,1.14707234596e-12,1.14274225933e-12,3.32334284875e-13,3.39656362931e-13],"dvar2":[0.00000316041746373,0.0000174888918991,0.00000176610296876,6.53893152958e-7,3.86367361216e-7,3.19381257441e-7,3.5432614709e-7,3.64676083109e-7,3.43257880786e-7,1.96805643782e-7,1.33882963382e-7,1.16331214883e-7,3.1735481798e-8,3.72845434526e-8,2.68661572989e-8,4.88596576531e-8,3.80858864446e-8,4.0449595673e-8,8.29311819217e-9,5.31314237051e-9,9.84420456263e-9,4.84302775661e-9,3.55983531541e-9,9.5026075897e-10,1.43111245077e-10,8.30970778298e-11,1.42411527015e-10,7.74456887509e-11,2.10398209272e-11,1.74706134975e-11,1.06221654736e-11,1.89143926216e-11,1.75064390068e-11,1.02329039339e-11,6.208417027e-12,2.74543235368e-12,2.41160477005e-12,2.51922723134e-12,7.40911943343e-13,6.4368361986e-13],"max":[0.0124914199114,0.031906414777,0.00947924610227,0.00595160759985,0.00506088649854,0.00485817017034,0.0106323910877,0.00795440562069,0.00975984334946,0.00594491930678,0.00461560115218,0.00522610871121,0.00213418458588,0.00216681160964,0.00202487967908,0.00204572640359,0.00415126839653,0.00415901234373,0.00161502300762,0.0013270463096,0.0023354482837,0.00142431014683,0.0010527020786,0.00049418391427,0.000205282558454,0.000136678776471,0.000223852402996,0.000178130387212,0.0000874458273756,0.000051206061471,0.0000318122874887,0.0000517683292856,0.0000647682827548,0.000043287029257,0.0000361135535059,0.0000350684313162,0.0000300701776723,0.0000428415914939,0.0000189445436263,0.0000221426325879],"mean":[0.00102661072742,0.00350769096985,0.00111311092041,0.00053791643586,0.000363302300684,0.000529609911609,0.000441377807874,0.000288739509415,0.000214568892261,0.000230633202591,0.000205529970117,0.000227376323892,0.000134935602546,0.00013737664267,0.000147374623339,0.00018609232211,0.000152060820255,0.000111570581794,0.0000642568120384,0.0000542270718142,0.0000685888298904,0.0000433791574324,0.0000332678828272,0.000022235830329,0.00000969840857579,0.00000786846612755,0.000010349396689,0.00000617068963038,0.00000304201421386,0.0000024581145226,0.00000201887223739,0.00000168139354173,0.00000154597114488,0.00000114192641831,7.26957580355e-7,5.53677978132e-7,5.11197811193e-7,4.32121879612e-7,2.75836100627e-7,2.37250304735e-7],"median":[0.000421461911174,0.00314315664582,0.000835796294268,0.000361666054232,0.000227070471738,0.000384233950172,0.000259978347458,0.000110166714876,0.00007988584548,0.0000922833496588,0.0000965834915405,0.0000899879814824,0.0000803620496299,0.0000655457479297,0.0000853955571074,0.0000920401071198,0.000082464350271,0.000044756452553,0.0000307298287225,0.0000243154718191,0.0000291922278848,0.0000209780191653,0.0000135227965075,0.0000090887724582,0.00000627697136224,0.00000504799936607,0.00000624300400887,0.00000340541350852,0.00000178665413841,0.00000126985037241,0.00000100667830338,6.53054314625e-7,6.13160580087e-7,4.97789301335e-7,2.38164801658e-7,1.79319457061e-7,1.10258170594e-7,7.61130749538e-8,4.6805652687e-8,4.78791122305e-8],"min":[1.03431922315e-12,1.04720453229e-12,6.41221342516e-13,3.13422221119e-13,2.0499417051e-13,1.21554513417e-13,5.80939918567e-14,5.53230387662e-14,2.57913265397e-14,2.7244392926e-14,1.53523976301e-14,1.29106142484e-14,1.68042781702e-14,1.47337738933e-14,6.76234809726e-15,5.51757685358e-15,1.29274964621e-14,2.11982124562e-14,1.56270836386e-14,3.09273561317e-15,3.33159233979e-15,1.33048911447e-14,1.14024822502e-14,2.29744600284e-15,1.43731676155e-15,3.42418362883e-15,5.45788601827e-15,1.04588672182e-14,1.61853444194e-14,6.91664192487e-15,1.82039196475e-15,2.47364494949e-15,2.08615553997e-15,1.99586881581e-15,2.39248119369e-15,9.00212386188e-15,1.03647152709e-14,6.88785127499e-15,4.78816205435e-15,3.01984440465e-15],"var":[0.00000178007508111,0.0000102556041384,0.000001005896479,3.71801405663e-7,1.94797749486e-7,2.98872834037e-7,4.23803214744e-7,3.03030958548e-7,1.75907572952e-7,1.94369192741e-7,1.26687140778e-7,1.45285454778e-7,2.70527653612e-8,3.52533540138e-8,3.37576153697e-8,5.53453212149e-8,4.29703810312e-8,4.34935927274e-8,1.17361738106e-8,8.03849431463e-9,1.3179436209e-8,5.31339017229e-9,4.19797441253e-9,1.32030675282e-9,1.58221921676e-10,8.84104803256e-11,1.95719551677e-10,7.8137309123e-11,1.69132902128e-11,9.70642750203e-12,6.85607907253e-12,1.02236543884e-11,9.74753784633e-12,5.90436553816e-12,2.966837713e-12,2.25450170685e-12,2.85494241095e-12,2.6098496194e-12,6.77472238465e-13,7.28340456523e-13]},"melbands_crest":{"dmean":2.92275238037,"dmean2":4.84886074066,"dvar":9.22554016113,"dvar2":23.7723007202,"max":32.0217666626,"mean":14.5754814148,"median":14.1947250366,"min":3.66948199272,"var":29.7561702728},"melbands_flatness_db":{"dmean":0.0245128404349,"dmean2":0.0368336774409,"dvar":0.000753293803427,"dvar2":0.00169204059057,"max":0.532224833965,"mean":0.209556490183,"median":0.204403281212,"min":0.0512218661606,"var":0.00348748639226},"melbands_kurtosis":{"dmean":3.47881221771,"dmean2":5.62427520752,"dvar":45.9427375793,"dvar2":115.79006958,"max":334.076660156,"mean":6.69983482361,"median":2.82916879654,"min":-1.7546813488,"var":299.377258301},"melbands_skewness":{"dmean":0.551637172699,"dmean2":0.871724307537,"dvar":0.399244904518,"dvar2":0.995607018471,"max":14.3511772156,"mean":1.92509412766,"median":1.68653035164,"min":-1.27221822739,"var":1.9948413372},"melbands_spread":{"dmean":5.72829771042,"dmean2":8.92362213135,"dvar":37.8132553101,"dvar2":87.7735595703,"max":81.0762252808,"mean":26.5067157745,"median":25.5008277893,"min":1.07719039917,"var":177.04649353},"mfcc":{"cov":[[10727.078125,1300.30395508,-650.422058105,187.178039551,-212.58215332,1.68019449711,-44.8377075195,-62.5472221375,-119.937995911,25.1493854523,-30.2999382019,-78.8337097168,-14.7036886215],[1300.30395508,1269.1418457,-106.9453125,150.866867065,-29.590877533,31.7744960785,26.5093841553,63.773223877,-34.4737434387,33.5897903442,30.5702190399,22.904882431,17.9396648407],[-650.422058105,-106.9453125,739.078674316,-88.7255401611,-2.28138065338,11.4519281387,-28.5397415161,19.2667732239,-8.96226501465,-10.7462387085,56.4283638,7.18381929398,10.3250608444],[187.178039551,150.866867065,-88.7255401611,294.267089844,3.89259529114,-29.772518158,-45.0500450134,-20.8316955566,-32.1044425964,3.4028980732,-22.6212348938,-15.2528343201,-1.92384076118],[-212.58215332,-29.590877533,-2.28138065338,3.89259529114,194.146179199,59.2415542603,-6.06906414032,12.111790657,42.8739395142,-22.2064800262,-6.44718170166,34.9216995239,23.3119945526],[1.68019449711,31.7744960785,11.4519281387,-29.772518158,59.2415542603,170.548339844,46.9019546509,-6.84803247452,17.1734046936,-14.8318576813,-1.51183521748,45.5873031616,4.63134145737],[-44.8377075195,26.5093841553,-28.5397415161,-45.0500450134,-6.06906414032,46.9019546509,157.57333374,34.4751815796,-8.67091751099,10.3920888901,27.8245010376,20.1641025543,6.25411367416],[-62.5472221375,63.773223877,19.2667732239,-20.8316955566,12.111790657,-6.84803247452,34.4751815796,113.187950134,30.6753406525,-0.958466351032,11.9683389664,4.37800359726,11.4090003967],[-119.937995911,-34.4737434387,-8.96226501465,-32.1044425964,42.8739395142,17.1734046936,-8.67091751099,30.6753406525,95.4873352051,18.7187423706,-5.4012966156,6.99739408493,5.65598106384],[25.1493854523,33.5897903442,-10.7462387085,3.4028980732,-22.2064800262,-14.8318576813,10.3920888901,-0.958466351032,18.7187423706,89.7458190918,35.0609703064,-24.7706928253,-7.10700082779],[-30.2999382019,30.5702190399,56.4283638,-22.6212348938,-6.44718170166,-1.51183521748,27.8245010376,11.9683389664,-5.4012966156,35.0609703064,88.0556640625,15.2254629135,-7.79734039307],[-78.8337097168,22.904882431,7.18381929398,-15.2528343201,34.9216995239,45.5873031616,20.1641025543,4.37800359726,6.99739408493,-24.7706928253,15.2254629135,88.6456985474,23.5599975586],[-14.7036886215,17.9396648407,10.3250608444,-1.92384076118,23.3119945526,4.63134145737,6.25411367416,11.4090003967,5.65598106384,-7.10700082779,-7.79734039307,23.5599975586,63.8688812256]],"icov":[[0.000117026036605,-0.000117378040159,0.0000986751983874,0.0000306738875224,0.000109604479803,-0.0000755348082748,0.0000818476910354,0.0000750852486817,0.000045097873226,0.0000812196230981,-0.0000662440725137,0.000154428766109,-0.0000710815074854],[-0.000117378040159,0.0010780824814,0.0000442427808593,-0.000523245311342,0.000142166856676,-0.000406798761105,0.000141784476,-0.000960807665251,0.000551770266611,-0.000593773205765,-0.000158635361004,-0.000440069969045,-0.000189363971003],[0.0000986751983874,0.0000442427808593,0.00169196759816,0.000421807548264,0.000251003832091,-0.000552582729142,0.000923023675568,-0.000417819799623,0.000426197337219,0.000644392275717,-0.00158191495575,0.000612721021753,-0.000703007157426],[0.0000306738875224,-0.000523245311342,0.000421807548264,0.00433275010437,-0.000773794250563,0.000511434453074,0.00116973591503,0.000126253129565,0.00192131265067,-0.00101104262285,0.00114499498159,-0.0000397214244003,0.0001963951363],[0.000109604479803,0.000142166856676,0.000251003832091,-0.000773794250563,0.00726511143148,-0.00232130149379,0.000877714715898,-0.000152018794324,-0.00312687316909,0.00221922621131,-0.00135410809889,-0.000279842934106,-0.00215903786011],[-0.0000755348082748,-0.000406798761105,-0.000552582729142,0.000511434453074,-0.00232130149379,0.0089305723086,-0.0031990238931,0.00226166518405,-0.00145902903751,0.0000733743581804,0.0019771293737,-0.00363498739898,0.00203016353771],[0.0000818476910354,0.000141784476,0.000923023675568,0.00116973591503,0.000877714715898,-0.0031990238931,0.00936531275511,-0.00365983415395,0.00314506795257,-0.00159133563284,-0.00191961484961,-0.000596574740484,-0.000956535281148],[0.0000750852486817,-0.000960807665251,-0.000417819799623,0.000126253129565,-0.000152018794324,0.00226166518405,-0.00365983415395,0.0127193303779,-0.00585602410138,0.0035743159242,-0.00211263587698,0.00173269340303,-0.00164446246345],[0.000045097873226,0.000551770266611,0.000426197337219,0.00192131265067,-0.00312687316909,-0.00145902903751,0.00314506795257,-0.00585602410138,0.0171069912612,-0.00755998771638,0.00420519709587,-0.00269646616653,0.000981470569968],[0.0000812196230981,-0.000593773205765,0.000644392275717,-0.00101104262285,0.00221922621131,0.0000733743581804,-0.00159133563284,0.0035743159242,-0.00755998771638,0.0197348389775,-0.0101471198723,0.00778997782618,-0.00249403575435],[-0.0000662440725137,-0.000158635361004,-0.00158191495575,0.00114499498159,-0.00135410809889,0.0019771293737,-0.00191961484961,-0.00211263587698,0.00420519709587,-0.0101471198723,0.0195432733744,-0.00745334010571,0.00486955232918],[0.000154428766109,-0.000440069969045,0.000612721021753,-0.0000397214244003,-0.000279842934106,-0.00363498739898,-0.000596574740484,0.00173269340303,-0.00269646616653,0.00778997782618,-0.00745334010571,0.0189329907298,-0.00661478657275],[-0.0000710815074854,-0.000189363971003,-0.000703007157426,0.0001963951363,-0.00215903786011,0.00203016353771,-0.000956535281148,-0.00164446246345,0.000981470569968,-0.00249403575435,0.00486955232918,-0.00661478657275,0.0195118356496]],"mean":[-640.500793457,146.057189941,-23.4517555237,19.5307388306,5.12362909317,13.4502735138,-0.602643728256,3.39864015579,-3.03888106346,0.74458527565,0.71947658062,1.61258721352,0.232763662934]},"pitch_salience":{"dmean":0.0663733929396,"dmean2":0.107712820172,"dvar":0.00440694531426,"dvar2":0.0114785162732,"max":0.851461350918,"mean":0.513841450214,"median":0.507140994072,"min":0.163365438581,"var":0.0117757637054},"silence_rate_20dB":{"dmean":0,"dmean2":0,"dvar":0,"dvar2":0,"max":1,"mean":1,"median":1,"min":1,"var":0},"silence_rate_30dB":{"dmean":0.000345841253875,"dmean2":0.000691802124493,"dvar":0.000345721608028,"dvar2":0.00103722431231,"max":1,"mean":0.999827086926,"median":1,"min":0,"var":0.000172865795321},"silence_rate_60dB":{"dmean":0.0013833650155,"dmean2":0.00276720849797,"dvar":0.00138144509401,"dvar2":0.00379722658545,"max":1,"mean":0.053769018501,"median":0,"min":0,"var":0.050878405571},"spectral_centroid":{"dmean":187.461486816,"dmean2":280.505462646,"dvar":46457.1328125,"dvar2":86229.703125,"max":11027.703125,"mean":1298.08349609,"median":1316.80383301,"min":174.66267395,"var":245078.796875},"spectral_complexity":{"dmean":3.23569083214,"dmean2":4.75164318085,"dvar":12.7083044052,"dvar2":23.5603618622,"max":49,"mean":21.7076416016,"median":22,"min":0,"var":79.9007415771},"spectral_contrast_coeffs":{"dmean":[0.0468892753124,0.0456023477018,0.04049115628,0.0343685597181,0.0221015177667,0.0175513308495],"dmean2":[0.078789152205,0.0733701065183,0.0640258640051,0.0537705309689,0.0344031527638,0.0269729979336],"dvar":[0.00148213747889,0.00144889613148,0.00118849880528,0.000845273549203,0.000377621967345,0.000256765750237],"dvar2":[0.00405276473612,0.00372405932285,0.00292580411769,0.00200082943775,0.000812460901216,0.000575882731937],"max":[-0.314741790295,-0.459505707026,-0.478200346231,-0.523623943329,-0.536966323853,-0.601363003254],"mean":[-0.613860368729,-0.716539740562,-0.72783690691,-0.726265609264,-0.760319173336,-0.751155018806],"median":[-0.613040208817,-0.713478803635,-0.72908949852,-0.724489033222,-0.763787150383,-0.749776601791],"min":[-0.966500401497,-0.972158849239,-0.965733110905,-0.957792937756,-0.95581227541,-0.963547468185],"var":[0.00787927396595,0.00515907770023,0.00527655426413,0.00432342104614,0.003354646964,0.00208946387284]},"spectral_contrast_valleys":{"dmean":[0.420394331217,0.366700321436,0.34225487709,0.320108920336,0.266327053308,0.352087765932],"dmean2":[0.709692955017,0.583102166653,0.537382721901,0.487794667482,0.381745964289,0.456690758467],"dvar":[0.147198334336,0.144288435578,0.133428484201,0.134447038174,0.124143071473,0.163270786405],"dvar2":[0.35367205739,0.306965172291,0.25601875782,0.242193728685,0.202069684863,0.317714005709],"max":[-5.59925031662,-4.53833770752,-5.07592868805,-5.37246751785,-6.06760072708,-7.93028497696],"mean":[-7.47318649292,-6.7203168869,-7.33277416229,-7.60288619995,-7.78357315063,-10.7471094131],"median":[-7.19782543182,-6.47804546356,-7.06498432159,-7.3720998764,-7.50377082825,-10.6304550171],"min":[-27.0559196472,-27.1217937469,-27.0622882843,-27.3990764618,-27.2905635834,-27.2099971771],"var":[1.98583853245,2.22156834602,2.21976089478,2.11650371552,1.88196659088,1.70842218399]},"spectral_decrease":{"dmean":2.13191775345e-9,"dmean2":3.38291750168e-9,"dvar":6.96144863767e-18,"dvar2":1.83737923697e-17,"max":2.29536844278e-15,"mean":-8.54901482938e-9,"median":-8.34372571035e-9,"min":-3.39695560569e-8,"var":1.89729077069e-17},"spectral_energy":{"dmean":0.00841420795768,"dmean2":0.0132667636499,"dvar":0.000104947946966,"dvar2":0.00027428107569,"max":0.131228506565,"mean":0.0345109142363,"median":0.0337136946619,"min":6.68805913429e-11,"var":0.000303004751913},"spectral_energyband_high":{"dmean":0.000184551056009,"dmean2":0.000277021288639,"dvar":1.40684164762e-7,"dvar2":3.46642480054e-7,"max":0.00550923869014,"mean":0.000361159560271,"median":0.000207234435948,"min":3.16242448894e-11,"var":2.67692342959e-7},"spectral_energyband_low":{"dmean":0.00548988720402,"dmean2":0.00932704657316,"dvar":0.0000823026348371,"dvar2":0.000230545017985,"max":0.106098264456,"mean":0.0134693263099,"median":0.0123562123626,"min":6.77463684109e-12,"var":0.000124746002257},"spectral_energyband_middle_high":{"dmean":0.00275283842348,"dmean2":0.0040272413753,"dvar":0.0000133952835313,"dvar2":0.000027962591048,"max":0.0776816308498,"mean":0.0104202721268,"median":0.00863823108375,"min":1.24450677628e-12,"var":0.0000716057475074},"spectral_energyband_middle_low":{"dmean":0.00399551261216,"dmean2":0.00632828567177,"dvar":0.0000288787832687,"dvar2":0.0000746422447264,"max":0.0589511208236,"mean":0.0111114783213,"median":0.00896097533405,"min":4.01222674876e-12,"var":0.0000691866225679},"spectral_entropy":{"dmean":0.152033016086,"dmean2":0.214395418763,"dvar":0.0269898343831,"dvar2":0.0542091876268,"max":9.80580425262,"mean":7.38661956787,"median":7.37546682358,"min":5.22647857666,"var":0.14760106802},"spectral_flux":{"dmean":0.0226341541857,"dmean2":0.0350654609501,"dvar":0.000680431257933,"dvar2":0.00143120915163,"max":0.276532649994,"mean":0.0797231942415,"median":0.0744432583451,"min":0.0000565339905734,"var":0.00180226343218},"spectral_kurtosis":{"dmean":2.30511522293,"dmean2":3.87345910072,"dvar":5.63917589188,"dvar2":15.4957075119,"max":51.4169845581,"mean":6.07446098328,"median":5.38034772873,"min":-1.20204269886,"var":10.8882427216},"spectral_rms":{"dmean":0.000680540397298,"dmean2":0.00105606613215,"dvar":5.70835993585e-7,"dvar2":0.00000143631075389,"max":0.0113149378449,"mean":0.00552170816809,"median":0.00573510304093,"min":2.55439545072e-7,"var":0.00000317990043186},"spectral_rolloff":{"dmean":287.479644775,"dmean2":482.257873535,"dvar":297560.78125,"dvar2":645014.9375,"max":21877.734375,"mean":1733.7935791,"median":1442.72460938,"min":107.666015625,"var":7650162.5},"spectral_skewness":{"dmean":0.257983386517,"dmean2":0.415665328503,"dvar":0.0644470602274,"dvar2":0.158002451062,"max":5.68941307068,"mean":1.69789266586,"median":1.64309382439,"min":0.00241010240279,"var":0.191467285156},"spectral_spread":{"dmean":468900.0625,"dmean2":666730.375,"dvar":535182606336,"dvar2":976057532416,"max":40733128,"mean":3515056,"median":3055083.25,"min":1436228.25,"var":2808255086590},"spectral_strongpeak":{"dmean":0.573454141617,"dmean2":0.994458258152,"dvar":1.31220364571,"dvar2":3.25532102585,"max":16.1409263611,"mean":0.991786956787,"median":0.530110239983,"min":0,"var":1.88236606121},"zerocrossingrate":{"dmean":0.00673453230411,"dmean2":0.00807825941592,"dvar":0.0000951313122641,"dvar2":0.000115694921988,"max":0.7734375,"mean":0.0582119226456,"median":0.0478515625,"min":0.00390625,"var":0.00615544617176}},"metadata":{"audio_properties":{"analysis_sample_rate":44100,"bit_rate":0,"codec":"flac","downmix":"mix","equal_loudness":0,"length":134.266662598,"lossless":true,"md5_encoded":"585a4d0585c645e6760bfb3ee79c427c","replay_gain":-10.7466812134,"sample_rate":44100},"tags":{"acoustid_id":["a4f779ee-83d6-4cc1-b536-8d28610276ac"],"album":["Revolver"],"album artist":["The Beatles"],"albumartist":["The Beatles"],"albumartistsort":["Beatles, The"],"artist":["The Beatles"],"artistsort":["Beatles, The"],"catalognumber":["PMC 7009"],"date":["1966-08-05"],"disc":["1"],"discnumber":["1"],"disctotal":["1"],"encoder":["reference libFLAC 1.2.0 20070715"],"engineer":["Geoff Emerick"],"ensemble":["The Beatles"],"file_name":"11. The Beatles - Doctor Robert.flac","genre":["Classic Rock"],"label":["Parlophone"],"language":["eng"],"media":["12\" Vinyl"],"musicbrainz_albumartistid":["b10bbbfc-cf9e-42e0-be17-e2c3e1d2600d"],"musicbrainz_albumid":["5f3ba07b-4a24-4cd5-b8ad-95ba0fcebec1"],"musicbrainz_artistid":["b10bbbfc-cf9e-42e0-be17-e2c3e1d2600d"],"musicbrainz_recordingid":["9de5674f-db98-49d0-bc7a-d5ce048b0966"],"musicbrainz_workid":["78445e3c-d460-3c8e-90c3-2bd5c26c8c2a"],"originaldate":["1966-08-05"],"releasecountry":["GB"],"releasestatus":["official"],"releasetype":["album"],"replaygain_album_gain":["-7.28000020980835 dB"],"replaygain_track_gain":["-6.40000009536743 dB"],"replaygain_track_peak":["0.95849609375"],"script":["Latn"],"title":["Doctor Robert"],"totaldiscs":["1"],"totaltracks":["14"],"tracknumber":["11"],"tracktotal":["14"],"writer":["John Lennon","Paul McCartney"]},"version":{"essentia":"2.1-beta1","essentia_build_sha":"ca57ba49d9b1854bd80e60cf9ccf267278fb7d6b","essentia_git_sha":"v2.1_beta1-28-g21ef5f4-dirty","extractor":"music 1.0"}},"rhythm":{"beats_count":364,"beats_loudness":{"dmean":0.0139095354825,"dmean2":0.0225684717298,"dvar":0.000133068082505,"dvar2":0.000379466335289,"max":0.096989788115,"mean":0.0440402403474,