{"lowlevel":{"average_loudness":0.886318802834,"barkbands":{"dmean":[0.0000341172635672,0.00192748894915,0.00162233784795,0.00102033640724,0.00146187667269,0.00101474707481,0.000485605822178,0.00027785130078,0.000554114230908,0.000410678389017,0.000249007542152,0.000291985285003,0.000232539736317,0.000276394654065,0.000234892926528,0.00035337288864,0.000404074642574,0.000333630741807,0.000337757373927,0.000256617728155,0.000119104610349,0.0000962523554335,0.0000646008265903,0.0000405395403504,0.0000180568586075,0.0000453000138805,0.0000082133747128],"dmean2":[0.0000548404423171,0.00329680670984,0.00281157856807,0.00175421801396,0.00243162107654,0.00164628529456,0.000794423860498,0.000452127394965,0.000862719782162,0.000648387416732,0.000398664822569,0.000464584067231,0.000372629438061,0.000443838856881,0.000377533520805,0.000569139898289,0.000653938623145,0.000542105932254,0.000535581319127,0.000417584000388,0.000191315877601,0.000149974526721,0.000100905330328,0.0000610015413258,0.000027333619073,0.0000696861825418,0.0000126121203721],"dvar":[3.47651263333e-9,0.0000133531711981,0.00000981762605079,0.00000273071123047,0.00000533121055923,0.00000295773565995,7.35563730814e-7,4.37394675146e-7,0.00000182895303169,0.00000148084745888,5.90396666666e-7,4.99413488342e-7,5.06659830535e-7,5.4557273188e-7,2.5007599902e-7,3.20575423984e-7,3.97516032535e-7,2.43654199039e-7,4.53494976682e-7,2.56121296616e-7,3.0633440673e-8,3.39924284276e-8,1.74422183363e-8,1.81316952563e-8,9.94710092073e-10,1.07129833893e-8,3.45965533999e-10],"dvar2":[8.50601722391e-9,0.0000363217404811,0.0000275012607744,0.00000760649527365,0.0000139117337312,0.00000746500472815,0.00000183636882412,0.00000102708679606,0.00000421931554229,0.00000353962855115,0.00000140219538025,0.00000112989073386,0.00000109779261948,0.00000128999306526,5.79004449719e-7,7.59000045036e-7,9.75226839728e-7,6.20942557816e-7,0.00000106668630906,6.4901649921e-7,7.12445711315e-8,7.23963111682e-8,3.77954592068e-8,3.41288455274e-8,2.26404384129e-9,2.46947564619e-8,7.98401900148e-10],"max":[0.00101358327083,0.0547053441405,0.0414289832115,0.0247231796384,0.0324690937996,0.0376817397773,0.0362403281033,0.0208851471543,0.037255384028,0.0348137281835,0.0415664091706,0.0288059543818,0.0349026024342,0.034643728286,0.0177041366696,0.0152873881161,0.0198192186654,0.0154903242365,0.0161148514599,0.0211514942348,0.00600874656811,0.00608406914398,0.00508128572255,0.00627576326951,0.00131035246886,0.00197753612883,0.000410855049267],"mean":[0.0000422294870077,0.00224752421491,0.0019499809714,0.00142502167728,0.00252228463069,0.00178671930917,0.000843145011459,0.000427660503192,0.00100077816751,0.000715938978828,0.000404055026593,0.000496170832776,0.000391778798075,0.000473870954011,0.000421903590905,0.000675051182043,0.000802921305876,0.000745678320527,0.000772504601628,0.000589642382693,0.00030758898356,0.000223755312618,0.000163026459632,0.0000980903205345,0.0000495961903653,0.0000866531481734,0.0000152407783389],"median":[0.0000118867028505,0.0010638225358,0.000887451809831,0.00075387355173,0.00164048699662,0.000914387986995,0.000524929782841,0.000217537090066,0.00051612831885,0.000296635291306,0.000175287335878,0.000235225292272,0.000190885330085,0.000273304322036,0.00025929993717,0.000470077065984,0.000605028588325,0.000568154151551,0.000435883121099,0.000437181966845,0.000242860929575,0.000141739408718,0.000107557920273,0.0000541043264093,0.0000318384918501,0.0000232574857364,0.00000346665183315],"min":[4.6262220236e-25,9.15498560716e-24,3.8937945512e-24,2.24778381321e-24,1.63500825829e-23,2.0906358578e-23,1.9834834611e-23,1.26941714043e-23,9.91087370427e-24,1.02374313535e-23,1.65377383928e-23,3.19927494159e-23,2.89064794301e-23,3.66750017644e-23,7.02588930924e-23,6.80476717989e-23,8.74482795023e-23,1.37982664915e-22,1.44503212452e-22,1.87503263089e-22,2.5006602919e-22,3.63904438587e-22,3.96295117842e-22,6.81135221207e-22,9.85070024639e-22,1.41909569062e-21,1.95584250704e-21],"var":[4.80258366409e-9,0.0000133400326376,0.00000954922506935,0.00000377909918825,0.0000094712995633,0.00000742955626265,0.0000014463532807,7.72411340222e-7,0.00000404565798817,0.00000377116316486,0.00000120826280181,0.00000112100826755,0.00000106233062525,9.43379063756e-7,5.3061427252e-7,7.15724240763e-7,7.51502284402e-7,6.01766146247e-7,0.00000142826331739,5.30407078259e-7,8.46065901783e-8,7.48406279172e-8,4.07382962919e-8,4.30304893939e-8,3.59530782923e-9,2.28323582263e-8,7.11086856064e-10]},"barkbands_crest":{"dmean":2.2648460865,"dmean2":3.76523423195,"dvar":4.25233411789,"dvar2":10.9119987488,"max":26.2196483612,"mean":7.5955324173,"median":6.74636173248,"min":2.00595664978,"var":11.9205627441},"barkbands_flatness_db":{"dmean":0.0141012528911,"dmean2":0.0225095469505,"dvar":0.000162665077369,"dvar2":0.000409856351325,"max":0.337719500065,"mean":0.0844608843327,"median":0.0759251564741,"min":0.0188418962061,"var":0.00136208068579},"barkbands_kurtosis":{"dmean":1.08590090275,"dmean2":1.76212489605,"dvar":4.83366298676,"dvar2":11.5899658203,"max":81.7953567505,"mean":0.491485983133,"median":-0.494489312172,"min":-1.88516736031,"var":16.6250457764},"barkbands_skewness":{"dmean":0.405423760414,"dmean2":0.641904115677,"dvar":0.143732890487,"dvar2":0.337369292974,"max":8.15540885925,"mean":0.842515528202,"median":0.77198767662,"min":-4.20854759216,"var":0.774811685085},"barkbands_spread":{"dmean":5.23087453842,"dmean2":8.31209087372,"dvar":23.51080513,"dvar2":55.7644615173,"max":83.9610137939,"mean":33.7440414429,"median":34.7661819458,"min":1.23720633984,"var":154.522171021},"dissonance":{"dmean":0.00936393253505,"dmean2":0.0159117821604,"dvar":0.0000930607784539,"dvar2":0.000257763138507,"max":0.500000059605,"mean":0.483486682177,"median":0.486800849438,"min":0.341402322054,"var":0.000175017004949},"dynamic_complexity":3.01395201683,"erbbands":{"dmean":[0.0486819371581,0.47314414382,1.63353562355,2.49940371513,4.68431806564,5.22643566132,6.20216703415,8.76492023468,7.72687101364,6.09293746948,7.14356231689,12.3458347321,14.3817834854,10.4045181274,8.75504970551,12.3973312378,10.4523267746,12.5243854523,12.3957176208,11.9758005142,21.3730792999,21.4127159119,17.7720336914,14.6485509872,17.6604099274,11.4252357483,5.94524478912,3.96727228165,3.36540675163,2.86312460899,1.72384250164,1.16923570633,0.507459938526,0.226707488298,0.132302582264,0.138268351555,0.101593211293,0.0209370050579,0.00126069912221,0.0000474015832879],"dmean2":[0.0829578116536,0.810431003571,2.83005285263,4.27995729446,7.9238524437,8.71398162842,10.1814041138,14.219367981,12.752571106,9.73740959167,11.5622806549,19.2009944916,22.5044116974,16.4494972229,13.8986749649,19.6168231964,16.6427211761,20.0518455505,19.8027648926,18.9314937592,34.3920249939,34.6978721619,29.0620574951,23.4180736542,28.1088905334,18.5399837494,9.7609539032,6.24972438812,5.24068689346,4.50577020645,2.67295718193,1.77574682236,0.773236572742,0.353980213404,0.199762448668,0.213055878878,0.159071668983,0.032381400466,0.00191848084796,0.0000706259670551],"dvar":[0.00840019993484,0.788159132004,9.60436248779,16.7575912476,87.9246826172,61.3245315552,115.077278137,242.485671997,200.898529053,136.918777466,302.184051514,965.193664551,1986.05566406,666.094055176,580.274658203,1007.68322754,1050.91625977,1315.10095215,565.688476562,742.72277832,1082.6451416,1132.80737305,713.050720215,701.454711914,1200.58618164,747.084838867,71.1011962891,48.0126037598,45.9410133362,27.3834571838,13.507686615,13.5641498566,2.46327900887,0.159338518977,0.0789095684886,0.091531060636,0.0573156885803,0.00240324460901,0.00000797957454779,8.96326834976e-9],"dvar2":[0.0225106049329,2.15116763115,26.5143718719,46.4230117798,230.380691528,164.730270386,286.208312988,607.232543945,507.680084229,329.278411865,710.539428711,2187.38745117,4735.16455078,1409.52160645,1364.58215332,2269.67456055,2244.43115234,3096.71972656,1325.98388672,1662.38391113,2684.39160156,2867.46875,1830.98681641,1680.87023926,2834.59741211,1921.21008301,178.705368042,108.813812256,97.2556152344,62.9747505188,28.3320579529,26.2944431305,4.75150585175,0.384405225515,0.175078570843,0.211210474372,0.135661393404,0.00553384935483,0.000018025692043,1.97521572431e-8],"max":[1.03015375137,13.9046106339,44.5983810425,59.5943908691,147.414764404,185.863677979,273.922119141,387.117156982,626.976257324,418.006988525,559.858764648,794.757568359,1360.10913086,1175.59204102,1003.99108887,1437.72497559,1391.91040039,1883.73339844,622.497924805,905.637939453,958.484802246,776.671875,752.719543457,802.085144043,1004.64605713,1487.65393066,214.35925293,262.143371582,252.467483521,187.588363647,142.598327637,163.843383789,79.3847961426,9.40569210052,15.1702184677,6.67585802078,4.49686861038,1.07551229,0.058260191232,0.00211210129783],"mean":[0.0534471720457,0.55890661478,2.01295995712,3.76261210442,6.30646562576,9.31262397766,11.3999767303,14.9714775085,13.1062602997,10.7803564072,11.9140996933,22.1032314301,26.1423606873,19.126127243,15.9894332886,21.5195293427,19.3814086914,23.0150165558,23.4846935272,25.1872768402,42.1536026001,45.9211540222,42.4115333557,34.6258850098,41.8574485779,27.6100959778,15.1350364685,9.89249706268,7.82419157028,6.79779911041,4.32119178772,2.6925508976,1.27321135998,0.607336938381,0.336477518082,0.284996628761,0.180933386087,0.0372528322041,0.00243709259667,0.000118860138173],"median":[0.0200358889997,0.281662911177,1.02359473705,2.33552622795,3.48314833641,5.37950134277,5.89163017273,7.56229972839,7.98481273651,6.29501724243,6.70640182495,11.2668046951,10.5814743042,10.8318538666,7.98343420029,10.1663074493,10.0741577148,13.428730011,15.3748703003,15.707698822,31.2553253174,36.1744613647,33.3060455322,23.179693222,25.3101005554,20.268497467,12.4002494812,6.94521045685,4.90340232849,4.44693756104,2.82041239738,1.48549890518,0.744896173477,0.391497910023,0.191006422043,0.106511645019,0.0406867936254,0.00734234135598,0.000582861248404,0.0000622622101218],"min":[2.60739986192e-22,1.4902528123e-21,3.42719547422e-21,8.87692105536e-21,3.24425470746e-20,4.33945960993e-20,8.29867140086e-20,1.17529711765e-19,2.45970556196e-19,2.19808022493e-19,3.83290008354e-19,2.31549282601e-19,3.14417735632e-19,9.79656365829e-19,1.03680348262e-18,1.70813427217e-18,1.64818725241e-18,2.55159245501e-18,2.84027600725e-18,3.74320857953e-18,3.21137797457e-18,6.11703206269e-18,5.8156277134e-18,8.39584185838e-18,6.36064254335e-18,9.78873046468e-18,1.07252626999e-17,1.06500686734e-17,1.45677755527e-17,1.15136915551e-17,1.16124254873e-17,1.31757538317e-17,1.10798907449e-17,9.16802323201e-18,7.42006817495e-18,4.59665672603e-18,2.61547395936e-18,9.85535035044e-19,2.64229120652e-19,2.71328133303e-20],"var":[0.00873842369765,0.784409701824,9.38869857788,22.0786457062,92.0252838135,171.662124634,373.906951904,545.633972168,398.823577881,272.229919434,543.946777344,2028.5859375,5246.13867188,1546.35876465,1332.73999023,2121.68823242,2388.3659668,2526.56005859,1163.93115234,1965.33813477,2100.97827148,2146.88183594,1813.05688477,1935.42175293,3644.03881836,1538.96069336,181.588989258,113.915740967,97.7597961426,61.8152236938,31.1282577515,30.7485542297,5.92230129242,0.531266987324,0.231979817152,0.212796375155,0.110122971237,0.00479198154062,0.0000174910856003,2.19031619508e-8]},"erbbands_crest":{"dmean":1.98019433022,"dmean2":3.23476862907,"dvar":4.15470790863,"dvar2":10.3193082809,"max":34.4364395142,"mean":7.07986974716,"median":5.9367609024,"min":2.15016674995,"var":15.3631544113},"erbbands_flatness_db":{"dmean":0.0122316293418,"dmean2":0.018572056666,"dvar":0.000133944937261,"dvar2":0.000281226704828,"max":0.41722086072,"mean":0.136845529079,"median":0.122083798051,"min":0.0543568469584,"var":0.00235537835397},"erbbands_kurtosis":{"dmean":0.62256872654,"dmean2":1.00153434277,"dvar":1.50752210617,"dvar2":3.7756049633,"max":58.8226547241,"mean":-0.16766692698,"median":-0.505230307579,"min":-1.87329173088,"var":2.6357049942},"erbbands_skewness":{"dmean":0.283195465803,"dmean2":0.438547819853,"dvar":0.0756070315838,"dvar2":0.169990077615,"max":5.19964408875,"mean":-0.34573918581,"median":-0.380279183388,"min":-7.40141963959,"var":0.375380694866},"erbbands_spread":{"dmean":6.42362070084,"dmean2":10.1416702271,"dvar":34.6943740845,"dvar2":83.2800598145,"max":109.538993835,"mean":41.0330467224,"median":40.7762145996,"min":1.82487213612,"var":213.256484985},"gfcc":{"cov":[[12791.2060547,95.0955657959,1150.77758789,1288.1348877,20.9343032837,420.454284668,-286.249298096,82.6924438477,-88.4291610718,341.763214111,-238.997238159,114.884368896,15.0924596786],[95.0955657959,613.042907715,0.748745560646,131.579742432,32.5414581299,-38.0524368286,24.9410667419,-49.2315368652,22.6239242554,-24.49725914,24.8162078857,-57.2478218079,34.3117637634],[1150.77758789,0.748745560646,910.494934082,312.00958252,195.007705688,113.340858459,-27.6654205322,47.067905426,35.228427887,165.615112305,-128.808349609,77.4268417358,-3.99772977829],[1288.1348877,131.579742432,312.00958252,485.059692383,13.9734153748,146.838119507,-35.8484077454,-2.25490307808,52.1178741455,46.3752670288,-16.8435688019,-5.04599189758,37.4705467224],[20.9343032837,32.5414581299,195.007705688,13.9734153748,265.19833374,1.20745921135,40.171459198,63.4382400513,23.7379055023,80.9731521606,-45.2106246948,43.6452026367,-11.393321991],[420.454284668,-38.0524368286,113.340858459,146.838119507,1.20745921135,203.228775024,38.3533973694,29.5146694183,32.4045333862,13.1345481873,-7.30354452133,-6.96521568298,2.12085771561],[-286.249298096,24.9410667419,-27.6654205322,-35.8484077454,40.171459198,38.3533973694,130.363235474,44.2979431152,3.59983992577,-2.76808953285,5.20264816284,-4.89059877396,-10.7070989609],[82.6924438477,-49.2315368652,47.067905426,-2.25490307808,63.4382400513,29.5146694183,44.2979431152,113.354248047,39.8243751526,33.9490509033,-14.6104192734,20.8037033081,-5.4191737175],[-88.4291610718,22.6239242554,35.228427887,52.1178741455,23.7379055023,32.4045333862,3.59983992577,39.8243751526,85.7327194214,31.7946929932,-5.70016479492,2.33340740204,6.72589015961],[341.763214111,-24.49725914,165.615112305,46.3752670288,80.9731521606,13.1345481873,-2.76808953285,33.9490509033,31.7946929932,109.671081543,-8.76682567596,40.8714561462,4.59122991562],[-238.997238159,24.8162078857,-128.808349609,-16.8435688019,-45.2106246948,-7.30354452133,5.20264816284,-14.6104192734,-5.70016479492,-8.76682567596,98.0764007568,5.64541721344,7.96265745163],[114.884368896,-57.2478218079,77.4268417358,-5.04599189758,43.6452026367,-6.96521568298,-4.89059877396,20.8037033081,2.33340740204,40.8714561462,5.64541721344,80.9732894897,18.0720062256],[15.0924596786,34.3117637634,-3.99772977829,37.4705467224,-11.393321991,2.12085771561,-10.7070989609,-5.4191737175,6.72589015961,4.59122991562,7.96265745163,18.0720062256,60.8736381531]],"icov":[[0.000173169886693,-0.000157593749464,0.000171436593519,-0.00047667673789,0.00028398190625,-0.000248654047027,0.000418674491812,-0.000478664005641,0.000961877172813,-0.000771277525928,0.000596983300056,-0.000351027527358,0.000421429838752],[-0.000157593749464,0.0027463962324,-0.000452974432847,-0.000451102445368,-0.00132428947836,0.00177069799975,-0.00175403722096,0.00188772531692,-0.00219023250975,0.00170850974973,-0.00180845474824,0.00265185441822,-0.00214862055145],[0.000171436593519,-0.000452974432847,0.00301685999148,-0.00184893654659,-0.0000932704861043,-0.000973832095042,0.000782956543844,-0.00026986352168,0.00218015885912,-0.00363817345351,0.00376250525005,-0.00240054167807,0.0019332326483],[-0.00047667673789,-0.000451102445368,-0.00184893654659,0.00566463079304,-0.000519395631272,-0.00201569055207,0.000570799398702,0.00136048987042,-0.00359589862637,0.00215911446139,-0.00260808249004,0.0021588250529,-0.00310657848604],[0.00028398190625,-0.00132428947836,-0.0000932704861043,-0.000519395631272,0.00719858566299,0.0000504607378389,-0.000797180400696,-0.00271664001048,0.00211179512553,-0.00463111000136,0.00345411035232,-0.00303441169672,0.002518102061],[-0.000248654047027,0.00177069799975,-0.000973832095042,-0.00201569055207,0.0000504607378389,0.00891830027103,-0.0042515299283,0.000531144090928,-0.00349041377194,0.00226854463108,-0.00172937614843,0.00203974661417,-0.000926196225919],[0.000418674491812,-0.00175403722096,0.000782956543844,0.000570799398702,-0.000797180400696,-0.0042515299283,0.0127251185477,-0.00587941100821,0.00457246555015,-0.00118765211664,0.000372242124286,-0.000183956726687,0.00188896851614],[-0.000478664005641,0.00188772531692,-0.00026986352168,0.00136048987042,-0.00271664001048,0.000531144090928,-0.00587941100821,0.0167088788003,-0.0091468822211,0.00140052125789,-0.000473927590065,-0.00105944066308,-0.000592613127083],[0.000961877172813,-0.00219023250975,0.00218015885912,-0.00359589862637,0.00211179512553,-0.00349041377194,0.00457246555015,-0.0091468822211,0.0230951737612,-0.00965757202357,0.0046319225803,-0.000500427559018,0.00157880806364],[-0.000771277525928,0.00170850974973,-0.00363817345351,0.00215911446139,-0.00463111000136,0.00226854463108,-0.00118765211664,0.00140052125789,-0.00965757202357,0.0221734344959,-0.00668430607766,-0.00169251020998,-0.00259827473201],[0.000596983300056,-0.00180845474824,0.00376250525005,-0.00260808249004,0.00345411035232,-0.00172937614843,0.000372242124286,-0.000473927590065,0.0046319225803,-0.00668430607766,0.017770845443,-0.00642682053149,0.00302964868024],[-0.000351027527358,0.00265185441822,-0.00240054167807,0.0021588250529,-0.00303441169672,0.00203974661417,-0.000183956726687,-0.00105944066308,-0.000500427559018,-0.00169251020998,-0.00642682053149,0.0226292274892,-0.00935436785221],[0.000421429838752,-0.00214862055145,0.0019332326483,-0.00310657848604,0.002518102061,-0.000926196225919,0.00188896851614,-0.000592613127083,0.00157880806364,-0.00259827473201,0.00302964868024,-0.00935436785221,0.0227586627007]],"mean":[14.3575973511,61.2528686523,-126.185882568,32.1856269836,-50.5484085083,-3.01503562927,-34.7915763855,6.1295170784,-25.5498104095,-2.18666386604,-18.5537128448,3.40120983124,-14.8629236221]},"hfc":{"dmean":5.34857034683,"dmean2":7.91650438309,"dvar":48.8968162537,"dvar2":100.367256165,"max":144.05557251,"mean":24.0612106323,"median":22.3798027039,"min":1.09381751845e-16,"var":249.059509277},"melbands":{"dmean":[0.000484274176415,0.00073679164052,0.000487470417283,0.00033527269261,0.000214581217733,0.000194543550606,0.000111734640086,0.000061624807131,0.0000650090369163,0.0000795962405391,0.0000725069985492,0.0000436616865045,0.0000329368231178,0.0000329396316374,0.0000282378423435,0.0000235127427004,0.0000251827750617,0.0000217198921746,0.0000170424918906,0.0000183246993402,0.0000298087670672,0.0000249236400123,0.0000228273438552,0.0000146115298776,0.0000128358196889,0.0000153412092914,0.0000131204415084,0.00000700556120137,0.00000404753109251,0.00000307059849547,0.00000245956130129,0.00000206645449907,0.00000203893455364,0.0000016213410845,0.00000112859970613,9.0368206429e-7,7.12750704679e-7,4.24467458515e-7,2.59547846326e-7,1.83913968499e-7],"dmean2":[0.000825753842946,0.00126059260219,0.00082935183309,0.000561931810807,0.000352723611286,0.000315452605719,0.000183966301847,0.0000984731013887,0.000104491176899,0.000123550358694,0.000113314628834,0.0000688040672685,0.0000523356757185,0.0000524061142642,0.0000449741419288,0.0000375365307264,0.000040411723603,0.0000347382774635,0.0000271388016699,0.0000289976433123,0.0000483129442728,0.0000404412821808,0.0000375381969207,0.000023956030418,0.0000205990309041,0.0000244876246143,0.0000213667262869,0.0000114965814646,0.00000673269096296,0.00000500565329276,0.0000039131741687,0.00000327360703523,0.00000324981760969,0.00000258371255768,0.00000177701792836,0.00000142548219628,0.00000108564154289,6.58304543322e-7,4.09440900739e-7,2.92417155379e-7],"dvar":[8.40164545934e-7,0.00000176042169642,6.04871502219e-7,3.14240764965e-7,1.09577236174e-7,1.12785393469e-7,3.84669220921e-8,1.4509923929e-8,2.39476722896e-8,4.22047250481e-8,5.0657313011e-8,1.13677973701e-8,9.12791353613e-9,6.48967324324e-9,6.27629548333e-9,4.90170481982e-9,4.95379604004e-9,2.04152961203e-9,1.66599745111e-9,1.46113543487e-9,2.24585949837e-9,1.67358904513e-9,1.26137866818e-9,5.34047639444e-10,6.04595817855e-10,1.04309549886e-9,5.71155678308e-10,3.56879303887e-10,3.36564075221e-11,2.16471666981e-11,2.01014621615e-11,1.90756195562e-11,1.34251412071e-11,9.3088705147e-12,5.46412134289e-12,4.7463773363e-12,6.82577388708e-12,2.04329587104e-12,3.02995963822e-13,9.84800281145e-14],"dvar2":[0.00000226441147788,0.00000473229283671,0.00000165433687016,8.35001344512e-7,2.77157994333e-7,2.83846901539e-7,9.71090443613e-8,3.47260993294e-8,5.6767714085e-8,9.59967394465e-8,1.20347806387e-7,2.38655673002e-8,2.12516191311e-8,1.43559564236e-8,1.37800286737e-8,1.08818589695e-8,1.17786980169e-8,4.77312234182e-9,3.71163388913e-9,3.0790059391e-9,5.61405899546e-9,4.19114654093e-9,3.16679771295e-9,1.36025690711e-9,1.46270529022e-9,2.4313524527e-9,1.42630451894e-9,9.12091457916e-10,8.79863404357e-11,5.20581459884e-11,4.71899810894e-11,4.13474011973e-11,3.13757665682e-11,2.24454673597e-11,1.21237490533e-11,1.01549905637e-11,1.36105094209e-11,4.26163097866e-12,6.77835771453e-13,2.50646047971e-13],"max":[0.0124487336725,0.0196860209107,0.00987826660275,0.00837983004749,0.00803026929498,0.00789634231478,0.00816290825605,0.0040222001262,0.00498946150765,0.00594775751233,0.00676535768434,0.00460633635521,0.00388949061744,0.00320794805884,0.00412777066231,0.00267113745213,0.00332352053374,0.0014294780558,0.00188724894542,0.00146438134834,0.00127078953665,0.000985523802228,0.000911025854293,0.00103608786594,0.000769742124248,0.000965841813013,0.000710576830897,0.00109882804099,0.000140028394526,0.000166739424458,0.000152125809109,0.000178938294994,0.000100389384897,0.000108415108116,0.0000966580264503,0.0000990836706478,0.000117550785944,0.0000758547685109,0.0000223309180001,0.00000630762770015],"mean":[0.000559695821721,0.000966499384958,0.000747921701986,0.000547748000827,0.000416607654188,0.000337938196026,0.0001940880029,0.000106376275653,0.000107325817226,0.000141105498187,0.000128535917611,0.0000767493474996,0.0000558538813493,0.0000543067981198,0.0000482951982121,0.0000407880397688,0.0000429719511885,0.0000380782439606,0.0000316657933581,0.0000356817654392,0.0000530125689693,0.0000465494122182,0.0000466311648779,0.0000314141398121,0.0000268399871857,0.0000321574079862,0.0000282631262962,0.0000153936725837,0.00000933146202442,0.00000716670592738,0.00000535571825822,0.00000431064108852,0.00000434266257798,0.00000357251565219,0.00000258027171185,0.0000020128579763,0.0000014692102468,9.38108826176e-7,6.48737966458e-7,4.49794299584e-7],"median":[0.000248603348155,0.000546369410586,0.000484553631395,0.000354078074452,0.000233566301176,0.000174524553586,0.000122564073536,0.0000613656666246,0.0000590757590544,0.0000703896948835,0.0000493148618261,0.0000420226933784,0.0000249225122388,0.0000249892473221,0.0000232769634749,0.0000204958341783,0.0000242207024712,0.0000236856885749,0.0000189827405848,0.0000221772497753,0.0000380576457246,0.0000341290433425,0.000034802040318,0.0000238884676946,0.0000169418181031,0.0000174416854861,0.0000183968513738,0.0000108954791358,0.00000746338264435,0.00000561489196116,0.00000337963138008,0.00000256977023128,0.00000268603730547,0.00000231318290389,0.0000016570961634,0.00000119663570786,7.41749829558e-7,5.1446818361e-7,3.96826408178e-7,2.86993241616e-7],"min":[2.67219571339e-24,2.1651196706e-24,2.96545337439e-24,2.75398106495e-24,2.78092204537e-24,2.85147697587e-24,4.05307542873e-24,2.27275579681e-24,2.95201434001e-24,1.30701945765e-24,1.1820048243e-24,3.64345861483e-24,2.59012262481e-24,4.05032743177e-24,4.33204346609e-24,3.88239472226e-24,4.41226785913e-24,3.57495630041e-24,4.52167695023e-24,4.3188698834e-24,2.99140058729e-24,5.50089433062e-24,4.96892558475e-24,6.10510932477e-24,5.26538858483e-24,4.98948172222e-24,2.653648213e-24,6.03237516601e-24,6.21068967946e-24,6.61728633938e-24,5.7377016969e-24,6.86983858047e-24,7.92386166834e-24,5.44036148349e-24,6.02747752308e-24,7.01702898133e-24,7.9163461905e-24,7.62345475816e-24,6.45891501848e-24,7.57026896707e-24],"var":[8.64390017341e-7,0.00000189447496268,7.90138187767e-7,4.76781195857e-7,3.82548734024e-7,2.62641435711e-7,7.64660441632e-8,2.82987695499e-8,4.34809805938e-8,8.90372859885e-8,1.34394923634e-7,2.65723176796e-8,2.03431760326e-8,1.49349332901e-8,1.20081926624e-8,1.08024877932e-8,9.12736819458e-9,3.86178733436e-9,3.79497011593e-9,4.05303257622e-9,3.73880304494e-9,2.76505818242e-9,2.67689936884e-9,1.15221832075e-9,1.46941248058e-9,2.83570900095e-9,1.40481082322e-9,6.88278545269e-10,7.50248890791e-11,5.04941921609e-11,4.12939057948e-11,3.52575607598e-11,2.81832925053e-11,1.89480185014e-11,1.12316067905e-11,1.01927789126e-11,1.38240729627e-11,4.13816420367e-12,8.3021258054e-13,2.94379754948e-13]},"melbands_crest":{"dmean":3.18955373764,"dmean2":5.26696825027,"dvar":7.37768650055,"dvar2":19.624042511,"max":31.6999530792,"mean":11.7355518341,"median":10.8741178513,"min":1.64808392525,"var":20.5460681915},"melbands_flatness_db":{"dmean":0.0205412320793,"dmean2":0.0329267457128,"dvar":0.000326973124174,"dvar2":0.000826294708531,"max":0.364705979824,"mean":0.137768268585,"median":0.132259130478,"min":0.00282991421409,"var":0.00173267966602},"melbands_kurtosis":{"dmean":3.59823799133,"dmean2":5.85316705704,"dvar":39.3167037964,"dvar2":102.335868835,"max":234.454437256,"mean":6.35243034363,"median":3.69855165482,"min":-1.92881321907,"var":116.258552551},"melbands_skewness":{"dmean":0.562950491905,"dmean2":0.899122357368,"dvar":0.3018437922,"dvar2":0.753104388714,"max":11.7939414978,"mean":2.09000349045,"median":1.97797572613,"min":-2.84329843521,"var":1.49448263645},"melbands_spread":{"dmean":9.32115459442,"dmean2":14.8502540588,"dvar":77.115486145,"dvar2":182.431015015,"max":208.220413208,"mean":37.9769668579,"median":35.9961853027,"min":1.45694494247,"var":318.067626953},"mfcc":{"cov":[[8360.40917969,153.875854492,722.485046387,740.133850098,390.707427979,375.053253174,-49.1622657776,58.1753578186,89.2384719849,100.524307251,-71.1773757935,27.5029525757,59.6657028198],[153.875854492,614.372619629,-92.8691101074,125.493278503,22.0841407776,-28.1929855347,16.3705558777,-34.8772773743,16.1546363831,-8.06408023834,-18.4663295746,18.4883346558,3.25360608101],[722.485046387,-92.8691101074,638.559692383,211.982467651,154.141067505,184.204421997,-9.00692272186,-7.14882993698,104.386375427,2.58338022232,14.0709514618,40.5650405884,8.52010440826],[740.133850098,125.493278503,211.982467651,308.942810059,137.629592896,85.0674285889,-2.8982629776,-16.2741374969,69.121383667,3.22970247269,-2.64817810059,32.1171264648,33.9407348633],[390.707427979,22.0841407776,154.141067505,137.629592896,192.837005615,79.5251083374,-7.22078323364,-1.14724349976,71.1598968506,16.9351463318,17.3548641205,25.289232254,22.8807048798],[375.053253174,-28.1929855347,184.204421997,85.0674285889,79.5251083374,161.049957275,28.0129642487,12.503329277,55.9038467407,9.69963741302,15.2087545395,20.6177444458,4.98060798645],[-49.1622657776,16.3705558777,-9.00692272186,-2.8982629776,-7.22078323364,28.0129642487,103.792152405,40.0237770081,10.9373569489,14.412446022,10.9490385056,13.594414711,9.1865901947],[58.1753578186,-34.8772773743,-7.14882993698,-16.2741374969,-1.14724349976,12.503329277,40.0237770081,92.135848999,27.4130592346,21.1821212769,20.6849975586,2.17454409599,1.13822925091],[89.2384719849,16.1546363831,104.386375427,69.121383667,71.1598968506,55.9038467407,10.9373569489,27.4130592346,147.280960083,25.4422607422,29.8744907379,25.9665241241,8.20306873322],[100.524307251,-8.06408023834,2.58338022232,3.22970247269,16.9351463318,9.69963741302,14.412446022,21.1821212769,25.4422607422,74.4493331909,24.6774902344,7.55096721649,2.20627093315],[-71.1773757935,-18.4663295746,14.0709514618,-2.64817810059,17.3548641205,15.2087545395,10.9490385056,20.6849975586,29.8744907379,24.6774902344,68.023651123,20.3885746002,12.144118309],[27.5029525757,18.4883346558,40.5650405884,32.1171264648,25.289232254,20.6177444458,13.594414711,2.17454409599,25.9665241241,7.55096721649,20.3885746002,65.3477554321,24.5665569305],[59.6657028198,3.25360608101,8.52010440826,33.9407348633,22.8807048798,4.98060798645,9.1865901947,1.13822925091,8.20306873322,2.20627093315,12.144118309,24.5665569305,61.5584335327]],"icov":[[0.000177714173333,-0.0000182780968316,-0.0000446985322924,-0.000358017801773,-0.0000322935884469,-0.000280720094452,0.000258394720731,-0.000328086782247,0.000244574912358,-0.000328651804011,0.000311320007313,0.0000634226162219,-0.0000730195824872],[-0.0000182780968316,0.0021641345229,0.000721311604138,-0.0013939946657,0.0000655831463519,0.000554578902666,-0.000842684472445,0.000972066540271,-0.000458765600342,0.000216235173866,0.000230523291975,-0.000672688067425,0.000886985857505],[-0.0000446985322924,0.000721311604138,0.0030604256317,-0.0013688741019,-0.000307508627884,-0.00223042513244,0.000522897928022,0.000463397387648,-0.000703401863575,0.000509961566422,0.0000257558785961,-0.000861630949657,0.000958744378295],[-0.000358017801773,-0.0013939946657,-0.0013688741019,0.007421430666,-0.00268975761719,-0.000123731704662,-0.000224300805712,0.000980812590569,-0.00110285531264,0.000573521363549,0.001042444841,-0.000186665885849,-0.00246135843918],[-0.0000322935884469,0.0000655831463519,-0.000307508627884,-0.00268975761719,0.00948413740844,-0.00224957847968,0.00161098735407,0.00030137313297,-0.00196771882474,-0.00110615429003,-0.000761762144975,-0.0000648507848382,-0.0015577118611],[-0.000280720094452,0.000554578902666,-0.00223042513244,-0.000123731704662,-0.00224957847968,0.0118954852223,-0.00402239523828,0.000779905647505,-0.00145531725138,0.000940399360843,-0.00122939562425,-0.000434199348092,0.00165529805236],[0.000258394720731,-0.000842684472445,0.000522897928022,-0.000224300805712,0.00161098735407,-0.00402239523828,0.0138973379508,-0.00604415033013,0.00103840709198,-0.00173003226519,0.00111694959924,-0.00197666324675,-0.00189802725799],[-0.000328086782247,0.000972066540271,0.000463397387648,0.000980812590569,0.00030137313297,0.000779905647505,-0.00604415033013,0.0160073097795,-0.00316270138137,-0.00115113693755,-0.00304898573086,0.00160183268599,0.000517549400683],[0.000244574912358,-0.000458765600342,-0.000703401863575,-0.00110285531264,-0.00196771882474,-0.00145531725138,0.00103840709198,-0.00316270138137,0.0106581775472,-0.0018719957443,-0.00180471257772,-0.00168664101511,0.000921210506931],[-0.000328651804011,0.000216235173866,0.000509961566422,0.000573521363549,-0.00110615429003,0.000940399360843,-0.00173003226519,-0.00115113693755,-0.0018719957443,0.0169836524874,-0.00521208625287,-0.0000431967710028,0.00122107041534],[0.000311320007313,0.000230523291975,0.0000257558785961,0.001042444841,-0.000761762144975,-0.00122939562425,0.00111694959924,-0.00304898573086,-0.00180471257772,-0.00521208625287,0.0207927320153,-0.00438399286941,-0.00254506175406],[0.0000634226162219,-0.000672688067425,-0.000861630949657,-0.000186665885849,-0.0000648507848382,-0.000434199348092,-0.00197666324675,0.00160183268599,-0.00168664101511,-0.0000431967710028,-0.00438399286941,0.0212359260768,-0.00686274282634],[-0.0000730195824872,0.000886985857505,0.000958744378295,-0.00246135843918,-0.0015577118611,0.00165529805236,-0.00189802725799,0.000517549400683,0.000921210506931,0.00122107041534,-0.00254506175406,-0.00686274282634,0.0212860796601]],"mean":[-624.810241699,97.0220336914,-18.0196151733,32.3663520813,-0.0413503795862,-1.37886989117,-3.69160294533,5.08536624908,-5.38347148895,-0.253104001284,-5.25664567947,-2.55017662048,-2.5070745945]},"pitch_salience":{"dmean":0.0660036876798,"dmean2":0.109146766365,"dvar":0.00340917846188,"dvar2":0.00905653368682,"max":0.860029578209,"mean":0.631706237793,"median":0.647843599319,"min":0.0970638170838,"var":0.00963841658086},"silence_rate_20dB":{"dmean":0,"dmean2":0,"dvar":0,"dvar2":0,"max":1,"mean":1,"median":1,"min":1,"var":0},"silence_rate_30dB":{"dmean":0,"dmean2":0,"dvar":0,"dvar2":0,"max":1,"mean":1,"median":1,"min":1,"var":0},"silence_rate_60dB":{"dmean":0.0119753163308,"dmean2":0.0239520967007,"dvar":0.0118264649063,"dvar2":0.0279056597501,"max":1,"mean":0.0885263904929,"median":0,"min":0,"var":0.0806698203087},"spectral_centroid":{"dmean":249.748748779,"dmean2":390.715423584,"dvar":51513.0976562,"dvar2":116421.179688,"max":11358.9990234,"mean":2059.88671875,"median":2085.39648438,"min":283.084533691,"var":364001.53125},"spectral_complexity":{"dmean":3.94134545326,"dmean2":6.22577285767,"dvar":13.1792821884,"dvar2":30.1149959564,"max":59,"mean":28.3688297272,"median":31,"min":0,"var":154.273223877},"spectral_contrast_coeffs":{"dmean":[0.0525252483785,0.0457269065082,0.0353163219988,0.0269370116293,0.0202924497426,0.015942517668],"dmean2":[0.0875192284584,0.0764162912965,0.0582301318645,0.0448442548513,0.0334233157337,0.0258968379349],"dvar":[0.00176890194416,0.0012997679878,0.000792670296505,0.000449418148492,0.000276356731774,0.000186862031114],"dvar2":[0.0047795609571,0.00358400773257,0.0021040532738,0.00118695641868,0.000701169425156,0.000459484697785],"max":[-0.303155124187,-0.466289132833,-0.451178759336,-0.587050378323,-0.558931589127,-0.606423676014],"mean":[-0.638779401779,-0.753747999668,-0.789543569088,-0.803415060043,-0.785208523273,-0.736791968346],"median":[-0.644080221653,-0.759691357613,-0.799136996269,-0.810462415218,-0.794226050377,-0.733826994896],"min":[-0.974174082279,-0.976185679436,-0.974595963955,-0.967764496803,-0.9651004076,-0.963866889477],"var":[0.0066007245332,0.00442762672901,0.00367192202248,0.00213250750676,0.0018587858649,0.00107861834113]},"spectral_contrast_valleys":{"dmean":[0.420369714499,0.340951681137,0.281040430069,0.229730769992,0.173724919558,0.175769999623],"dmean2":[0.699089288712,0.56753796339,0.465181738138,0.377730041742,0.272501736879,0.265045583248],"dvar":[0.113040924072,0.0774988606572,0.0562770590186,0.0402696095407,0.029772946611,0.0458513759077],"dvar2":[0.300792306662,0.20856103301,0.145092710853,0.100703507662,0.0620783306658,0.0941328778863],"max":[-5.34991455078,-4.75469589233,-5.55338668823,-5.756316185,-5.48567962646,-7.933573246],"mean":[-7.65808868408,-6.78805541992,-7.16125059128,-7.36135721207,-6.90893697739,-10.0400695801],"median":[-7.12694454193,-6.54405784607,-6.9927315712,-7.12495803833,-6.58567142487,-9.73307037354],"min":[-28.217010498,-27.6158943176,-27.8121452332,-27.5958042145,-27.3557777405,-27.339176178],"var":[2.89447689056,1.52956104279,1.21998488903,1.2930586338,1.56566655636,1.66806077957]},"spectral_decrease":{"dmean":1.47882162072e-9,"dmean2":2.37706920814e-9,"dvar":3.71400041851e-18,"dvar2":9.0608768729e-18,"max":1.14676766125e-28,"mean":-4.63592364497e-9,"median":-4.22945101164e-9,"min":-2.64351633916e-8,"var":8.75912221262e-18},"spectral_energy":{"dmean":0.00590824801475,"dmean2":0.00943023897707,"dvar":0.0000583059882047,"dvar2":0.000140734715387,"max":0.1080461815,"mean":0.0196795221418,"median":0.0181405749172,"min":1.02630738136e-20,"var":0.000149006416905},"spectral_energyband_high":{"dmean":0.000344372820109,"dmean2":0.0005085337325,"dvar":3.59002569894e-7,"dvar2":7.0038248623e-7,"max":0.0207518134266,"mean":0.00114880583715,"median":0.000928114517592,"min":7.24021173527e-21,"var":0.0000011667381159},"spectral_energyband_low":{"dmean":0.00322333304211,"dmean2":0.00537931127474,"dvar":0.0000289473045996,"dvar2":0.0000743233904359,"max":0.0729026868939,"mean":0.00491699203849,"median":0.00328451255336,"min":2.22470876399e-23,"var":0.0000373837465304},"spectral_energyband_middle_high":{"dmean":0.00161645247135,"dmean2":0.00244072568603,"dvar":0.0000055732234614,"dvar2":0.0000117799490909,"max":0.0529456958175,"mean":0.00616694008932,"median":0.00494753755629,"min":1.30198268806e-21,"var":0.0000299130242638},"spectral_energyband_middle_low":{"dmean":0.00322718289681,"dmean2":0.00522815762088,"dvar":0.0000214286374103,"dvar2":0.0000543137648492,"max":0.0783464536071,"mean":0.00829932373017,"median":0.00683603156358,"min":1.50720042231e-22,"var":0.0000461249073851},"spectral_entropy":{"dmean":0.0846237391233,"dmean2":0.129650190473,"dvar":0.00676686223596,"dvar2":0.0143072428182,"max":9.82036972046,"mean":7.83863449097,"median":7.90527439117,"min":5.50813531876,"var":0.089342854917},"spectral_flux":{"dmean":0.0162146631628,"dmean2":0.0249946955591,"dvar":0.000316629739245,"dvar2":0.000652711722068,"max":0.238474518061,"mean":0.0778239518404,"median":0.0761899799109,"min":6.42261938077e-11,"var":0.00121161527932},"spectral_kurtosis":{"dmean":1.00953865051,"dmean2":1.71254253387,"dvar":1.23521602154,"dvar2":3.6807308197,"max":22.3332557678,"mean":4.50134801865,"median":4.1553235054,"min":-1.26214051247,"var":4.99264478683},"spectral_rms":{"dmean":0.000609063368756,"dmean2":0.000957181036938,"dvar":4.42047138449e-7,"dvar2":0.00000104092612219,"max":0.0102669810876,"mean":0.00411142362282,"median":0.00420691352338,"min":3.16429369686e-12,"var":0.00000229576926358},"spectral_rolloff":{"dmean":533.755981445,"dmean2":875.860107422,"dvar":380282.75,"dvar2":858915.1875,"max":19229.1503906,"mean":2579.03027344,"median":2627.05078125,"min":107.666015625,"var":1689841.125},"spectral_skewness":{"dmean":0.146590664983,"dmean2":0.238336876035,"dvar":0.020020486787,"dvar2":0.0527007877827,"max":2.87121939659,"mean":1.33999633789,"median":1.28782320023,"min":-0.0435829423368,"var":0.12587530911},"spectral_spread":{"dmean":338538.53125,"dmean2":509948.8125,"dvar":173324730368,"dvar2":350940856320,"max":41702272,"mean":4212388,"median":4166123.5,"min":1714247.25,"var":2611925483520},"spectral_strongpeak":{"dmean":0.489825248718,"dmean2":0.839347779751,"dvar":1.08388626575,"dvar2":2.83632397652,"max":18.6774082184,"mean":0.808896064758,"median":0.36326238513,"min":5.10906261741e-10,"var":1.74724376202},"zerocrossingrate":{"dmean":0.00996747706085,"dmean2":0.01223877538,"dvar":0.0000880513471202,"dvar2":0.000120489894471,"max":0.515625,"mean":0.090467736125,"median":0.08740234375,"min":0.00732421875,"var":0.00113734544721}},"metadata":{"audio_properties":{"analysis_sample_rate":44100,"bit_rate":0,"codec":"flac","downmix":"mix","equal_loudness":0,"length":380.026672363,"lossless":true,"md5_encoded":"0952620f79836a90571a3115760c4344","replay_gain":-11.9608516693},"tags":{"album":["Live at Wembley '86 (disc 1)"],"albumartist":["Queen"],"albumartistsort":["Queen"],"artist":["Queen"],"artistsort":["Queen"],"asin":["B0000A1LTJ"],"barcode":["0077779959426"],"catalognumber":["CDPCSP 725"],"date":["1992-05-26"],"discnumber":["1"],"file_name":"13 Now I'm Here.flac","format":["CD"],"label":["Parlophone"],"language":["eng"],"musicbrainz_albumartistid":["0383dadf-2a4e-4d10-a46a-e9e041da8eb3"],"musicbrainz_albumid":["4fdc0364-5c4f-45aa-91ec-b94a5cc9ec7c"],"musicbrainz_artistid":["0383dadf-2a4e-4d10-a46a-e9e041da8eb3"],"musicbrainz_recordingid":["9dedc87f-59c9-4363-91c5-3139dab9f613"],"releasecountry":["GB"],"releasestatus":["official"],"releasetype":["live"],"replaygain_album_gain":["-6.35 dB"],"replaygain_album_peak":["0.94003296"],"replaygain_reference_loudness":["89.0 dB"],"replaygain_track_gain":["-6.80 dB"],"replaygain_track_peak":["0.94003296"],"script":["Latn"],"title":["Now I'm Here"],"totaltracks":["13"],"tracknumber":["13"],"tracktotal":["13"]},"version":{"essentia":"2.1-beta1","essentia_build_sha":"d95b123ab7c93145a6f110a2dd6bea92b4529a00","essentia_git_sha":"v2.1_beta1-6-g5578087-dirty","extractor":"music 1.0"}},"rhythm":{"beats_count":858,"beats_loudness":{"dmean":0.0090231243521,"dmean2":0.0159254223108,"dvar":0.0000624182430329,"dvar2":0.00019270669145,"max":0.0752918049693,"mean":0.0246504824609,"median":0.0255630984902,"min":2.62108168503e-10,"var":0.000160888987011},"beats_loudness_band_ratio":{"dmean":[0.143127843738,0.133249819279,0.0786929726601,0.0670459419489,0.0761955007911,0.0649007111788],"dmean2":[0.246548369527,0.24067209661,0.131968021393,0.11666187644,0.133496597409,0.116269960999],"dvar":[0.0177602041513,0.013053313829,0.00692945439368,0.00839923974