{"lowlevel":{"average_loudness":0.941006422043,"barkbands":{"dmean":[0.00645118113607,0.0108142606914,0.00375406141393,0.0014555255184,0.00151617114898,0.00218464341015,0.0015198684996,0.00112189946231,0.0012927222997,0.00114140438382,0.00116548943333,0.00092509877868,0.000682843266986,0.000380490964744,0.00029157276731,0.000146677688463,0.000073395887739,0.0000510076642968,0.0000419754651375,0.0000311865915137,0.0000255960239883,0.0000345309344993,0.0000365210726159,0.0000407647894463,0.00000446189733339,0.000144523044582,0.000321793864714],"dmean2":[0.00998069811612,0.0179712604731,0.00654063653201,0.00244625355117,0.0025004982017,0.00337523943745,0.00238665775396,0.00183998944703,0.00213504093699,0.00184180459473,0.00186169066001,0.00147899833973,0.00108607707079,0.000613716198131,0.000479367939988,0.000234055652982,0.000117015144497,0.0000783533032518,0.0000641770238872,0.0000452704116469,0.0000371078567696,0.0000501324902871,0.0000515174469911,0.0000552581477677,0.00000714497491572,0.000188952632016,0.000441009324277],"dvar":[0.000156484093168,0.000354386662366,0.000029126782465,0.00000543943451703,0.00000640501593807,0.0000216346179513,0.0000185448625416,0.00000789887417341,0.00000843995894684,0.00000776377055445,0.00000611672248851,0.00000225826192946,0.00000117038109693,7.6144368677e-7,5.60686828521e-7,1.15132017697e-7,1.31932811342e-8,7.17382286908e-9,1.32714612633e-8,3.31894378647e-9,1.88143611801e-9,4.00677580004e-9,3.68926422745e-9,4.29190771811e-9,4.6849267521e-11,5.78401646578e-8,2.13641385471e-7],"dvar2":[0.000340691913152,0.000908863556106,0.0000807910255389,0.0000145372523548,0.0000165348610608,0.0000505599673488,0.0000404047932534,0.0000206679433177,0.0000221406589844,0.0000193903015315,0.0000146629436131,0.00000549290416529,0.00000290247839985,0.0000019636770503,0.00000152881557369,3.00383049989e-7,3.23530535695e-8,1.72597030001e-8,3.32307941164e-8,6.25127238862e-9,4.08799394336e-9,9.25675180952e-9,7.95860266578e-9,7.91399656919e-9,1.10446984891e-10,1.01301480981e-7,4.65989955956e-7],"max":[0.143038630486,0.225592851639,0.0689027458429,0.0503120496869,0.0391726642847,0.108158484101,0.188993796706,0.11206612736,0.0803276672959,0.0888668820262,0.0738523900509,0.0280970036983,0.0204582437873,0.0199190862477,0.0198562368751,0.0098000979051,0.00312358886003,0.00182176509406,0.00710216769949,0.00233413465321,0.00167538505048,0.000917584344279,0.000867500726599,0.000757212052122,0.0000896591882338,0.00272718514316,0.0119505980983],"mean":[0.00615064287558,0.0128433145583,0.00446338253096,0.00194445776287,0.00205133249983,0.00355328340083,0.00223702914082,0.00154386216309,0.00172421091702,0.00177061837167,0.00168686313555,0.00136454659514,0.00106794503517,0.000557653198484,0.000401170342229,0.000218583343667,0.000123686491861,0.0000916799472179,0.0000816451793071,0.0000657993805362,0.0000537754021934,0.0000556341692572,0.0000578462640988,0.0000651854061289,0.00000489883132104,0.000242645299295,0.000781441049185],"median":[0.00102853646968,0.00620385725051,0.00270643993281,0.00110530422535,0.00121893326286,0.001247660839,0.000749983708374,0.000595605873968,0.000602829677518,0.000686822400894,0.000630510447081,0.000708859064616,0.000571306562051,0.000220427275053,0.000172897460288,0.00011244698544,0.0000775871740188,0.0000541922308912,0.0000473429827252,0.000040290371544,0.000033993692341,0.0000287240200123,0.0000219217345148,0.0000147068931255,0.00000184825898941,0.0000514084349561,0.000552856246941],"min":[2.50742928211e-14,1.59964733517e-13,1.89604706718e-13,6.64149114936e-14,8.56072144054e-14,1.29304580281e-13,3.27150382251e-14,9.85663644888e-14,4.25025547526e-14,1.44926225968e-13,9.61087966481e-15,2.05792549885e-13,1.61953336484e-13,1.38723898362e-13,2.38957887765e-13,2.83426792235e-13,3.37356661703e-13,8.96312212818e-13,3.45608687068e-13,2.95071475934e-13,9.31418462323e-13,9.84398652003e-13,1.87388494478e-12,1.14202668589e-12,2.58618625647e-12,4.32270191864e-12,4.73514673652e-12],"var":[0.000170548504684,0.000341767183272,0.0000292565819109,0.00000730340161681,0.00000743178406992,0.0000449508224847,0.0000357849967259,0.0000110952050818,0.0000115586954053,0.000012642081856,0.0000113206615424,0.00000350363256985,0.0000020158438474,0.00000129974739593,7.34165894301e-7,1.46651103705e-7,2.33309691566e-8,1.4868107634e-8,3.11239283235e-8,1.31820758753e-8,5.24765342291e-9,5.55393597779e-9,6.72055877615e-9,1.03717621158e-8,6.00749242019e-11,1.5169297285e-7,6.50836398108e-7]},"barkbands_crest":{"dmean":2.95246911049,"dmean2":4.83290815353,"dvar":6.2181224823,"dvar2":16.0840549469,"max":22.8362674713,"mean":9.58968544006,"median":9.02646255493,"min":2.43738794327,"var":13.7005023956},"barkbands_flatness_db":{"dmean":0.0253735166043,"dmean2":0.0388776026666,"dvar":0.00045154223335,"dvar2":0.00106125150342,"max":0.340465545654,"mean":0.127460554242,"median":0.124326519668,"min":0.0302454251796,"var":0.00153602904174},"barkbands_kurtosis":{"dmean":4.40947151184,"dmean2":7.03209400177,"dvar":38.6565170288,"dvar2":93.200920105,"max":99.6119918823,"mean":7.38645792007,"median":4.79500627518,"min":-1.73265767097,"var":72.4567489624},"barkbands_skewness":{"dmean":0.664287388325,"dmean2":1.04474473,"dvar":0.413071781397,"dvar2":0.982659041882,"max":9.09670162201,"mean":2.17697095871,"median":1.95868253708,"min":-2.11985349655,"var":1.22840857506},"barkbands_spread":{"dmean":8.22482967377,"dmean2":12.3865919113,"dvar":68.8390731812,"dvar2":148.457046509,"max":114.478286743,"mean":27.5895366669,"median":24.5839710236,"min":2.06303596497,"var":232.696212769},"dissonance":{"dmean":0.021996891126,"dmean2":0.0376958884299,"dvar":0.000490305013955,"dvar2":0.00137582595926,"max":0.500000059605,"mean":0.465727388859,"median":0.472914844751,"min":0.176871791482,"var":0.00076176848961},"dynamic_complexity":3.22990512848,"erbbands":{"dmean":[0.497028231621,1.98176681995,4.55192470551,4.15642404556,5.48319959641,4.91607570648,8.89120197296,20.4020328522,22.3663043976,21.2382774353,29.4595317841,26.1134872437,36.9956741333,32.3788986206,43.9696235657,36.4979743958,30.9198226929,21.3817558289,13.2161283493,12.9149112701,6.44090890884,3.97441935539,2.86128783226,2.1227543354,2.08797097206,1.51009869576,1.07905077934,1.0577236414,1.23164379597,1.18291521072,1.02183651924,0.962835729122,0.602711856365,0.0833013132215,0.0266051925719,0.22040219605,0.360864192247,0.14630407095,0.0287622585893,0.00712370499969],"dmean2":[0.820913851261,3.40767550468,7.91123867035,6.98733091354,9.18597698212,8.21404457092,14.1856718063,31.4581375122,35.2672233582,33.6586227417,48.3175773621,42.7275466919,59.9840393066,51.8829421997,69.5805587769,57.4456481934,48.4810256958,34.1050987244,21.2268295288,21.0144844055,10.1748723984,6.25928258896,4.39575242996,3.2616121769,3.10758757591,2.1742579937,1.57013761997,1.52272331715,1.79018628597,1.72225904465,1.4456499815,1.32485723495,0.83993935585,0.123755373061,0.0408580750227,0.312151372433,0.475559562445,0.195638209581,0.0372296124697,0.009810956195],"dvar":[0.899195611477,10.8942842484,42.051235199,37.2520866394,67.1342391968,92.0437774658,420.33001709,2059.74316406,5510.40722656,1791.12353516,6733.48876953,3647.00488281,10924.1044922,3151.68139648,8097.34082031,3458.42016602,2230.59765625,2470.20776367,655.868286133,1080.19702148,251.976516724,37.294593811,21.3759269714,15.3190793991,40.4193840027,7.66438961029,3.40992975235,3.06191277504,5.40605115891,4.50547885895,2.74762964249,2.3636636734,0.979202985764,0.0159017108381,0.00149126478937,0.162210375071,0.385474056005,0.0511358268559,0.00222403556108,0.0000913797703106],"dvar2":[2.26989030838,28.9637508392,115.272735596,100.364059448,179.355422974,244.0625,1075.59570312,4757.43701172,12054.0917969,4255.49951172,17784.1328125,9373.359375,27357.0292969,7989.68164062,19528.2949219,8027.04882812,5315.66796875,6445.3046875,1716.91809082,2948.86352539,665.348632812,90.6617507935,50.6044158936,37.2374076843,88.8993988037,14.3108062744,7.13862085342,6.76909971237,12.4776945114,10.44921875,5.83239030838,4.54497480392,1.90118396282,0.0332739129663,0.00335629330948,0.322069734335,0.691377699375,0.0992489159107,0.0036753420718,0.00019483116921],"max":[10.0325841904,41.2771034241,73.7897491455,123.965751648,171.366439819,198.973678589,719.543457031,1202.50048828,3419.43017578,1073.22167969,2901.2253418,1992.3314209,3117.3449707,1449.29589844,3003.04150391,1404.96228027,1059.97216797,1114.88427734,460.863098145,913.232727051,608.942199707,134.052612305,100.506828308,176.840484619,479.717529297,118.928451538,59.6808166504,70.4860839844,35.4514427185,38.2183685303,20.4065933228,18.5591259003,12.0842914581,1.59222221375,0.672501802444,5.06173944473,8.34635066986,2.70636892319,1.8057384491,0.20960226655],"mean":[0.489143878222,2.42013406754,5.56720685959,5.94329166412,7.31239414215,6.21615791321,13.6020870209,32.3289222717,32.0800170898,33.3413543701,40.1689147949,36.3994560242,52.0490531921,57.6840515137,67.431602478,57.217250824,51.1043968201,33.5883140564,20.2660560608,18.9233493805,10.2285480499,7.00901699066,5.37468147278,4.20633840561,4.14505434036,3.14518475533,2.28800058365,2.10604381561,1.97640120983,1.82041537762,1.61731779575,1.56314885616,0.896020293236,0.111121572554,0.0340594090521,0.317128837109,0.602608501911,0.260643601418,0.0705212503672,0.0198707990348],"median":[0.164209738374,1.26303601265,3.29224038124,3.824893713,4.42929315567,3.2811024189,5.34217166901,11.0026483536,10.7936286926,12.2870731354,13.7748947144,13.794049263,17.2150936127,28.4690036774,29.1415939331,31.3161354065,28.5769348145,14.3271598816,10.1402330399,8.68436145782,5.58755731583,4.52081727982,3.35644578934,2.62187767029,2.39172792435,1.88572609425,1.45671844482,1.30040287971,1.01589584351,0.80759459734,0.610796511173,0.413381248713,0.166184931993,0.0384394936264,0.0158976130188,0.042582064867,0.114615283906,0.10021327436,0.0441725663841,0.0154174501076],"min":[3.63099893035e-12,4.09494937958e-11,1.9048519706e-10,2.62312643828e-10,1.15213193153e-10,3.3959202117e-10,8.46468339866e-10,1.05546082985e-9,6.71975475264e-10,1.02000385915e-9,1.82095938328e-9,9.27987520161e-10,3.57043705712e-9,2.99212454813e-9,1.77630232745e-9,9.42537869975e-9,6.56100196395e-9,7.53399653775e-9,8.99267593724e-9,1.90802449396e-8,1.0260558625e-8,2.03781702623e-8,4.57768862816e-8,3.09675662891e-8,1.46471572648e-8,1.39896574325e-8,4.63568206044e-8,2.21706617509e-8,3.29864882076e-8,4.9399574209e-8,5.77282897041e-8,2.80942185071e-8,1.99374134979e-8,2.76758669315e-8,2.0046188709e-8,1.31573978379e-8,7.91649767962e-9,3.11694514643e-9,5.72409175614e-10,8.25169585439e-11],"var":[0.798211753368,10.8459720612,44.4343757629,48.1332206726,82.9503097534,90.9773254395,786.111816406,3963.55737305,10232.7333984,4095.14257812,9235.19335938,4881.24707031,16221.1572266,6826.65087891,14850.9169922,5695.89697266,4194.20947266,4437.09863281,987.903442383,1532.07299805,281.806121826,67.417098999,45.8971328735,40.1135635376,95.4854431152,29.191619873,11.0641078949,7.33710336685,7.41575193405,6.39450883865,5.20567560196,5.60496377945,2.14670395851,0.0283490624279,0.00221872818656,0.326638072729,0.988093018532,0.12512640655,0.00989044178277,0.000301645719446]},"erbbands_crest":{"dmean":2.8178601265,"dmean2":4.61096048355,"dvar":6.77777814865,"dvar2":17.1470165253,"max":29.6414718628,"mean":8.91283035278,"median":7.95453929901,"min":2.32060170174,"var":16.1016044617},"erbbands_flatness_db":{"dmean":0.0227890908718,"dmean2":0.0330298803747,"dvar":0.000414018548327,"dvar2":0.000816116633359,"max":0.300007790327,"mean":0.129196882248,"median":0.125478938222,"min":0.0299445334822,"var":0.00196035788395},"erbbands_kurtosis":{"dmean":1.35422074795,"dmean2":2.15131998062,"dvar":3.33410143852,"dvar2":8.32980728149,"max":39.112613678,"mean":1.77681720257,"median":1.05794239044,"min":-1.72237288952,"var":7.42799854279},"erbbands_skewness":{"dmean":0.387554436922,"dmean2":0.59403783083,"dvar":0.122346505523,"dvar2":0.280654072762,"max":5.47547960281,"mean":0.436263382435,"median":0.390990287066,"min":-2.61377978325,"var":0.533290863037},"erbbands_spread":{"dmean":7.4776391983,"dmean2":11.2326278687,"dvar":67.3600921631,"dvar2":139.916702271,"max":143.164657593,"mean":29.4671001434,"median":25.9940547943,"min":2.54492688179,"var":274.430603027},"gfcc":{"cov":[[5557.77587891,-612.93182373,139.954177856,-144.25730896,-333.948272705,268.618041992,-97.0286483765,307.054199219,-59.3551063538,-9.88694095612,-24.850566864,141.429351807,-150.015899658],[-612.93182373,957.631347656,-271.249267578,-173.91847229,190.387664795,-256.621643066,151.844512939,-152.220230103,94.3804397583,-21.2725963593,66.3026046753,-99.3879623413,132.261611938],[139.954177856,-271.249267578,377.951751709,135.358642578,-117.700912476,203.578598022,-111.846641541,114.563072205,-70.9953918457,13.05007267,-45.718372345,43.5975189209,-70.1051330566],[-144.25730896,-173.91847229,135.358642578,239.477920532,67.1038818359,16.5939807892,17.7729225159,-9.19327259064,-21.5073165894,9.02318668365,-12.3260507584,9.02321147919,-33.3752822876],[-333.948272705,190.387664795,-117.700912476,67.1038818359,221.524291992,-41.7716522217,82.8125228882,-82.0646591187,32.0050773621,-5.55676984787,22.3464870453,-28.9737567902,42.4570770264],[268.618041992,-256.621643066,203.578598022,16.5939807892,-41.7716522217,329.298675537,-80.8396759033,118.468017578,-47.6530838013,-0.721926033497,-30.8403682709,38.55027771,-31.4297409058],[-97.0286483765,151.844512939,-111.846641541,17.7729225159,82.8125228882,-80.8396759033,223.383529663,-23.7724876404,33.4852409363,-26.4993400574,1.1500531435,-13.0706377029,-3.82904839516],[307.054199219,-152.220230103,114.563072205,-9.19327259064,-82.0646591187,118.468017578,-23.7724876404,177.743667603,-4.67473936081,4.93204259872,-20.89635849,10.7873630524,-23.8866977692],[-59.3551063538,94.3804397583,-70.9953918457,-21.5073165894,32.0050773621,-47.6530838013,33.4852409363,-4.67473936081,103.830467224,34.9253196716,17.6765403748,-2.90937232971,8.74313163757],[-9.88694095612,-21.2725963593,13.05007267,9.02318668365,-5.55676984787,-0.721926033497,-26.4993400574,4.93204259872,34.9253196716,76.8275527954,34.7141494751,4.44619035721,10.535943985],[-24.850566864,66.3026046753,-45.718372345,-12.3260507584,22.3464870453,-30.8403682709,1.1500531435,-20.89635849,17.6765403748,34.7141494751,65.9883346558,17.534614563,24.5785121918],[141.429351807,-99.3879623413,43.5975189209,9.02321147919,-28.9737567902,38.55027771,-13.0706377029,10.7873630524,-2.90937232971,4.44619035721,17.534614563,72.2312088013,-3.31492114067],[-150.015899658,132.261611938,-70.1051330566,-33.3752822876,42.4570770264,-31.4297409058,-3.82904839516,-23.8866977692,8.74313163757,10.535943985,24.5785121918,-3.31492114067,95.0543289185]],"icov":[[0.000232685008086,-0.000099099263025,0.000471450941404,-0.000164135184605,0.000286875554593,-0.000173243577592,0.000110873334052,-0.000405210157624,0.000275558792055,-0.000220137124415,0.000205851945793,-0.000573108671233,0.000438252754975],[-0.000099099263025,0.00677252095193,-0.00992801506072,0.00997317768633,-0.00646848604083,0.00474186707288,-0.00375120621175,0.00350603903644,-0.00557756284252,0.00723472889513,-0.0088139148429,0.00913015287369,-0.00590468663722],[0.000471450941404,-0.00992801506072,0.0260627958924,-0.0213923994452,0.0143060460687,-0.0108894528821,0.00762466900051,-0.00741079309955,0.0108947316185,-0.0133642125875,0.0162154510617,-0.0158006418496,0.010458544828],[-0.000164135184605,0.00997317768633,-0.0213923994452,0.0254021976143,-0.0166996885091,0.0104567939416,-0.00665178289637,0.00521261710674,-0.00604353100061,0.00750288972631,-0.0108712492511,0.0111746620387,-0.00611076736823],[0.000286875554593,-0.00646848604083,0.0143060460687,-0.0166996885091,0.0194084458053,-0.00933623872697,0.00167434709147,0.00031230316381,0.00163570535369,-0.00291047082283,0.00402380805463,-0.00364783126861,0.00153512484394],[-0.000173243577592,0.00474186707288,-0.0108894528821,0.0104567939416,-0.00933623872697,0.0105809504166,-0.001564082806,-0.000807225995231,-0.00170941033866,0.00349191599526,-0.00360063440166,0.0030273089651,-0.00302143953741],[0.000110873334052,-0.00375120621175,0.00762466900051,-0.00665178289637,0.00167434709147,-0.001564082806,0.00900091696531,-0.00383410346694,0.00207725656219,-0.00176231504884,0.00527285272256,-0.00628954125568,0.00523793743923],[-0.000405210157624,0.00350603903644,-0.00741079309955,0.00521261710674,0.00031230316381,-0.000807225995231,-0.00383410346694,0.0124445511028,-0.00616911612451,0.00500233937055,-0.00562111055478,0.00802924763411,-0.00484048062935],[0.000275558792055,-0.00557756284252,0.0108947316185,-0.00604353100061,0.00163570535369,-0.00170941033866,0.00207725656219,-0.00616911612451,0.0215092357248,-0.0171583946794,0.0123569648713,-0.0118950037286,0.00765986321494],[-0.000220137124415,0.00723472889513,-0.0133642125875,0.00750288972631,-0.00291047082283,0.00349191599526,-0.00176231504884,0.00500233937055,-0.0171583946794,0.0350194647908,-0.025792337954,0.0164167080075,-0.00905709341168],[0.000205851945793,-0.0088139148429,0.0162154510617,-0.0108712492511,0.00402380805463,-0.00360063440166,0.00527285272256,-0.00562111055478,0.0123569648713,-0.025792337954,0.0424886569381,-0.0235633905977,0.00645717512816],[-0.000573108671233,0.00913015287369,-0.0158006418496,0.0111746620387,-0.00364783126861,0.0030273089651,-0.00628954125568,0.00802924763411,-0.0118950037286,0.0164167080075,-0.0235633905977,0.0340079404414,-0.0103902565315],[0.000438252754975,-0.00590468663722,0.010458544828,-0.00611076736823,0.00153512484394,-0.00302143953741,0.00523793743923,-0.00484048062935,0.00765986321494,-0.00905709341168,0.00645717512816,-0.0103902565315,0.0205730125308]],"mean":[22.261423111,86.0312042236,-74.2500610352,-14.83680439,-17.6496124268,-2.52003836632,1.92859435081,-16.6424770355,-2.4515786171,-5.18054866791,-5.02269172668,3.41932487488,-15.1123380661]},"hfc":{"dmean":27.7082252502,"dmean2":37.6589851379,"dvar":1170.96582031,"dvar2":2261.66723633,"max":570.408325195,"mean":86.8296813965,"median":73.4663772583,"min":2.57633786305e-7,"var":4155.95117188},"melbands":{"dmean":[0.00383493863046,0.00242255022749,0.000722633791156,0.000373534887331,0.000271646713372,0.000455470377347,0.000328217167407,0.00021959390142,0.000259665801423,0.000162322074175,0.000187194018508,0.000130948246806,0.000164290118846,0.000101990204712,0.0000992625282379,0.0000610613860772,0.0000383776241506,0.000021309382646,0.0000248875876423,0.0000123271629491,0.00000693249194228,0.00000444237866759,0.00000334894821208,0.00000252002155321,0.00000178203060841,0.00000170534292465,0.00000138553457418,0.00000104923776689,6.96506560871e-7,6.69200858283e-7,6.75509568282e-7,7.51632740048e-7,6.83617088271e-7,6.82354823311e-7,6.14390103237e-7,5.5469780591e-7,6.4915366238e-7,5.16700538356e-7,2.09435015108e-7,3.08011856021e-8],"dmean2":[0.00614951411262,0.00416115997359,0.0012055701809,0.00061859987909,0.000434625690104,0.000702364079189,0.000516917149071,0.000350559101207,0.000427094404586,0.000266526243649,0.000304282293655,0.000210773054278,0.000261235516518,0.000163010365213,0.00015690503642,0.0000976453811745,0.0000622253865004,0.0000343499632436,0.0000411370383517,0.0000197769040824,0.0000110809423859,0.00000710065660314,0.00000529704811925,0.00000392151741835,0.00000279217874777,0.00000266734036813,0.00000206757977139,0.00000155595341766,0.00000104319008187,0.00000100417344129,0.00000100077420484,0.00000111556414595,0.00000102880619579,0.00000100644547274,8.89655780156e-7,8.00675934443e-7,9.1117408374e-7,7.34648779144e-7,3.1303210335e-7,4.96911134462e-8],"dvar":[0.0000470350933028,0.0000121881948871,0.0000010200176348,3.91213887951e-7,3.34594034257e-7,0.00000101527268725,0.00000100798490621,1.75096687371e-7,5.04926219946e-7,1.31682128313e-7,2.77126446235e-7,5.32316803969e-8,1.2902219737e-7,2.97467437349e-8,2.50578899852e-8,1.16579892406e-8,8.10400369033e-9,1.69483838075e-9,5.70311753378e-9,8.48964121225e-10,3.0079311264e-10,5.09978899388e-11,2.98059979476e-11,1.87279965841e-11,1.16947701523e-11,3.14314962946e-11,1.12416629824e-11,3.99511587007e-12,1.45348891343e-12,1.48445405274e-12,1.39332284859e-12,2.09890546783e-12,1.55534959911e-12,1.53358933625e-12,1.03408015657e-12,7.7957779121e-13,1.16124113363e-12,7.45085742236e-13,1.31636672049e-13,2.35334403637e-15],"dvar2":[0.000115767732495,0.0000326838126057,0.0000027230410069,0.00000101404111774,8.46279931466e-7,0.00000235465154219,0.00000222448761633,4.18243871536e-7,0.00000132524314722,3.38445062198e-7,6.94726736583e-7,1.3645038166e-7,3.10742564125e-7,7.56334870289e-8,5.98000582386e-8,2.95735738121e-8,2.12817763412e-8,4.42867564843e-9,1.57009889534e-8,2.27486607329e-9,7.93077215011e-10,1.2631673485e-10,7.2331640677e-11,4.54450990728e-11,2.97648850012e-11,8.1061171664e-11,2.18107927552e-11,8.38682508858e-12,3.04107130103e-12,3.5308052055e-12,3.31884519866e-12,4.89335221648e-12,3.71862653517e-12,3.5840466879e-12,2.25574268466e-12,1.64284232919e-12,2.30094957844e-12,1.48756256878e-12,2.83783657381e-13,5.63627369806e-15],"max":[0.0775580853224,0.0446360707283,0.0188355762511,0.00945904012769,0.0189897511154,0.0250624716282,0.044872790575,0.010067647323,0.0204783566296,0.0108799235895,0.015990594402,0.00530540663749,0.012061082758,0.00300967064686,0.00286320387386,0.0024275497999,0.00193040061276,0.000802763155662,0.00215552025475,0.000724825018551,0.000627041736152,0.000183476091479,0.00013801419118,0.0000989678446786,0.000142169534229,0.000329826259986,0.000223194409045,0.0000652960588923,0.0000364403458661,0.0000375659001293,0.0000444208890258,0.0000219605462917,0.0000157705362653,0.0000236876621784,0.0000121282664622,0.0000116912806334,0.0000142719827636,0.0000110676310214,0.00000421425284003,7.28715633613e-7],"mean":[0.00428853090852,0.00311240623705,0.00110165704973,0.000498680456076,0.000419359217631,0.000735420093406,0.0004777412978,0.000338476209436,0.000341091421433,0.000222787843086,0.00025967010879,0.000228041113587,0.000242947819061,0.000149407889694,0.000148851351696,0.0000955136856646,0.0000563892390346,0.0000303645483655,0.0000332738418365,0.0000181535433512,0.0000103607208075,0.00000725955533198,0.00000571268219574,0.00000435534957433,0.00000325610471918,0.00000310466703013,0.00000266727420239,0.0000019677279397,0.00000140487350109,0.00000127499731661,0.00000122966469007,0.00000114922102057,0.00000101828550214,0.00000101120895124,9.29030591124e-7,8.83975530996e-7,0.00000100579472928,7.5336424743e-7,2.63658762378e-7,3.28297957708e-8],"median":[0.00179410376586,0.00187283207197,0.000756709603593,0.000291710981401,0.000174181550392,0.000256214931142,0.000164246899658,0.000130849788547,0.000106336883618,0.0000812132275314,0.0000823534064693,0.000111113884486,0.0000928182853386,0.0000764365831856,0.0000789189434727,0.0000475673477922,0.0000223610459216,0.0000150950218085,0.0000128176216094,0.00000921630544326,0.0000052852542467,0.00000439046152678,0.0000036376980006,0.00000241760517383,0.00000200038721232,0.00000167999576206,0.00000157497208875,0.00000112458656076,8.86349937446e-7,7.88059196566e-7,7.34285663384e-7,5.86483110965e-7,4.7964448413e-7,4.09949080904e-7,3.46778648463e-7,3.01656825741e-7,2.175934668e-7,1.26430876435e-7,5.16684295349e-8,1.31284583205e-8],"min":[3.95360488597e-14,8.66721516606e-14,4.07776263656e-14,1.33078701596e-14,2.79254904248e-14,2.39919337923e-14,8.98760487013e-15,1.43555973993e-14,1.26715315758e-14,6.23892281696e-15,1.88603337592e-14,1.36930507691e-14,2.20802113471e-15,2.28703266449e-14,1.66468333801e-14,1.70875327641e-14,1.28187187969e-14,1.35857376239e-14,1.9108368723e-14,2.95267689422e-14,7.11187412536e-15,1.67937427745e-14,3.00469793089e-14,5.20669661899e-14,2.25353844065e-14,1.21125474288e-14,1.0847192861e-14,6.72470510605e-15,2.81893106947e-14,2.316266482e-14,8.4598880974e-15,1.94318539937e-14,1.85573720968e-14,2.81369589764e-14,3.35791642972e-14,2.54077188705e-14,1.52757987466e-14,8.78370201687e-15,2.64596456995e-14,1.99173275393e-14],"var":[0.0000464965160063,0.0000134422361953,0.00000140520069181,4.48699353228e-7,6.39313270767e-7,0.0000020019490421,0.0000018619380171,3.84176047419e-7,6.85686813995e-7,1.84233812206e-7,4.10587318811e-7,1.14084713232e-7,2.39683629388e-7,4.51071002772e-8,4.08213196579e-8,2.01999679206e-8,1.36499105352e-8,2.26563035e-9,7.21791870717e-9,1.11559650406e-9,3.25472926388e-10,8.56311271891e-11,5.22478761644e-11,3.70936233118e-11,2.60061260721e-11,6.1852148403e-11,3.13718426237e-11,1.16005200237e-11,4.76369031027e-12,3.25290532358e-12,2.6376667777e-12,2.74594344658e-12,1.99899276819e-12,2.16517537406e-12,1.79247046893e-12,1.61339127822e-12,2.58174883382e-12,1.58301236702e-12,2.13882893601e-13,2.75997215533e-15]},"melbands_crest":{"dmean":4.73858976364,"dmean2":7.74354362488,"dvar":16.2707118988,"dvar2":41.4585723877,"max":36.3852424622,"mean":15.472527504,"median":14.6847162247,"min":4.05734682083,"var":33.8507270813},"melbands_flatness_db":{"dmean":0.033150844276,"dmean2":0.0509782396257,"dvar":0.000744004966691,"dvar2":0.00181637657806,"max":0.511097431183,"mean":0.242185652256,"median":0.239946559072,"min":0.0142502505332,"var":0.00262026186101},"melbands_kurtosis":{"dmean":7.92983722687,"dmean2":12.9559993744,"dvar":184.92225647,"dvar2":473.648254395,"max":242.265670776,"mean":11.8156547546,"median":5.73624134064,"min":-1.64412724972,"var":335.434387207},"melbands_skewness":{"dmean":0.899827718735,"dmean2":1.42697095871,"dvar":0.822777211666,"dvar2":2.01269435883,"max":13.2717552185,"mean":2.45484900475,"median":2.08431410789,"min":-1.52447760105,"var":2.81601214409},"melbands_spread":{"dmean":5.32804918289,"dmean2":8.52428627014,"dvar":27.4201889038,"dvar2":64.3354797363,"max":160.084869385,"mean":16.7639465332,"median":15.6529541016,"min":1.24443340302,"var":80.7859954834},"mfcc":{"cov":[[4819.89746094,-158.671417236,-5.7183432579,-240.08026123,-166.057540894,-81.435874939,-80.0497665405,240.759887695,-70.6490249634,88.7156295776,-40.0840911865,134.74446106,-52.0071029663],[-158.671417236,951.633483887,-377.922119141,46.4286460876,-104.285202026,-31.8795833588,-7.06273174286,-110.747024536,63.2370796204,-64.8879394531,58.6791419983,-61.3534240723,64.7001419067],[-5.7183432579,-377.922119141,527.080871582,-125.606430054,102.260848999,-9.69057369232,11.1483449936,82.0500335693,-27.9337310791,42.7921524048,-43.5417671204,47.6989364624,-39.2440605164],[-240.08026123,46.4286460876,-125.606430054,339.884307861,-44.0594940186,34.9180450439,14.9082288742,-39.183467865,1.26092064381,-21.2244091034,31.4767093658,-20.0577030182,16.4141921997],[-166.057540894,-104.285202026,102.260848999,-44.0594940186,202.888717651,49.9894790649,16.9740161896,-11.6089715958,0.513104856014,4.3828754425,-17.3101520538,7.1413602829,2.81945300102],[-81.435874939,-31.8795833588,-9.69057369232,34.9180450439,49.9894790649,156.454467773,31.4971389771,20.6276569366,-11.5411872864,7.8104300499,-16.0749073029,2.20913672447,2.89974069595],[-80.0497665405,-7.06273174286,11.1483449936,14.9082288742,16.9740161896,31.4971389771,121.763702393,39.050453186,28.6779766083,-13.5881376266,5.96487045288,-8.29608917236,0.849842965603],[240.759887695,-110.747024536,82.0500335693,-39.183467865,-11.6089715958,20.6276569366,39.050453186,158.691741943,16.9963722229,33.8917427063,-23.0173282623,29.0631656647,-25.2266178131],[-70.6490249634,63.2370796204,-27.9337310791,1.26092064381,0.513104856014,-11.5411872864,28.6779766083,16.9963722229,86.4017486572,19.4037055969,20.4741172791,-14.029759407,7.56650114059],[88.7156295776,-64.8879394531,42.7921524048,-21.2244091034,4.3828754425,7.8104300499,-13.5881376266,33.8917427063,19.4037055969,74.8317565918,13.511141777,17.4873104095,-13.9687156677],[-40.0840911865,58.6791419983,-43.5417671204,31.4767093658,-17.3101520538,-16.0749073029,5.96487045288,-23.0173282623,20.4741172791,13.511141777,73.3853683472,12.7730140686,13.687915802],[134.74446106,-61.3534240723,47.6989364624,-20.0577030182,7.1413602829,2.20913672447,-8.29608917236,29.0631656647,-14.029759407,17.4873104095,12.7730140686,68.3219680786,9.88204193115],[-52.0071029663,64.7001419067,-39.2440605164,16.4141921997,2.81945300102,2.89974069595,0.849842965603,-25.2266178131,7.56650114059,-13.9687156677,13.687915802,9.88204193115,58.8793792725]],"icov":[[0.000260550528765,0.0000109593593152,0.000151095358888,0.000149599494762,0.000136767674121,0.00014406281116,0.000084985709691,-0.00035602558637,0.000263475492829,-0.000184229094884,0.00011390823056,-0.000352173054125,0.0000647516644676],[0.0000109593593152,0.00177080347203,0.000868460163474,0.000423327554017,0.000508699624334,-0.000153616143507,0.000303679378703,0.000362103659427,-0.00109451974276,0.00112305954099,-0.000757596630137,0.000676690426189,-0.000871747732162],[0.000151095358888,0.000868460163474,0.00340480799787,0.000672532129101,-0.00112453242764,0.0011033260962,-0.000584546942264,-0.000706027727574,0.00080397882266,-0.00100277725141,0.000985201448202,-0.0012362585403,0.000603705935646],[0.000149599494762,0.000423327554017,0.000672532129101,0.00378407514654,0.000957902520895,-0.00115485477727,-0.000148331950186,0.00029448789428,0.000164506374858,0.000804015027825,-0.00165275635663,0.000710312684532,-0.000365764368325],[0.000136767674121,0.000508699624334,-0.00112453242764,0.000957902520895,0.00704891886562,-0.00252954266034,-0.000700865173712,0.00243547232822,-0.00174912402872,0.00022050649568,0.00124141003471,-0.0011068074964,-0.000439866067609],[0.00014406281116,-0.000153616143507,0.0011033260962,-0.00115485477727,-0.00252954266034,0.00898441392928,-0.00269990274683,-0.00131216063164,0.00326809636317,-0.00348437367938,0.00251334812492,-0.0000439433642896,-0.00131471618079],[0.000084985709691,0.000303679378703,-0.000584546942264,-0.000148331950186,-0.000700865173712,-0.00269990274683,0.0125725120306,-0.00434454251081,-0.00410740170628,0.00630846293643,-0.0040535768494,0.00229030451737,0.0000991982378764],[-0.00035602558637,0.000362103659427,-0.000706027727574,0.00029448789428,0.00243547232822,-0.00131216063164,-0.00434454251081,0.0125248758122,-0.00390253472142,-0.00317004951648,0.00559241836891,-0.00601281924173,0.00357039854862],[0.000263475492829,-0.00109451974276,0.00080397882266,0.000164506374858,-0.00174912402872,0.00326809636317,-0.00410740170628,-0.00390253472142,0.019378202036,-0.00759634748101,-0.00348022975959,0.00642289500684,-0.00432585179806],[-0.000184229094884,0.00112305954099,-0.00100277725141,0.000804015027825,0.00022050649568,-0.00348437367938,0.00630846293643,-0.00317004951648,-0.00759634748101,0.0229206345975,-0.006743717473,-0.00234767817892,0.00479819066823],[0.00011390823056,-0.000757596630137,0.000985201448202,-0.00165275635663,0.00124141003471,0.00251334812492,-0.0040535768494,0.00559241836891,-0.00348022975959,-0.006743717473,0.0222761519253,-0.00822230055928,-0.000629451533314],[-0.000352173054125,0.000676690426189,-0.0012362585403,0.000710312684532,-0.0011068074964,-0.0000439433642896,0.00229030451737,-0.00601281924173,0.00642289500684,-0.00234767817892,-0.00822230055928,0.0246111247689,-0.00823223497719],[0.0000647516644676,-0.000871747732162,0.000603705935646,-0.000365764368325,-0.000439866067609,-0.00131471618079,0.0000991982378764,0.00357039854862,-0.00432585179806,0.00479819066823,-0.000629451533314,-0.00823223497719,0.0233396813273]],"mean":[-651.095336914,158.396026611,-0.988885939121,12.9103908539,-3.46392393112,23.3626422882,2.78924942017,12.4920377731,-4.3719367981,7.29067754745,-2.03645944595,8.40869903564,0.974598109722]},"pitch_salience":{"dmean":0.0889863446355,"dmean2":0.145333319902,"dvar":0.00571718392894,"dvar2":0.0143172368407,"max":0.834842264652,"mean":0.56547576189,"median":0.577695250511,"min":0.123761326075,"var":0.0117786582559},"silence_rate_20dB":{"dmean":0,"dmean2":0,"dvar":0,"dvar2":0,"max":1,"mean":1,"median":1,"min":1,"var":0},"silence_rate_30dB":{"dmean":0.0833536460996,"dmean2":0.166727602482,"dvar":0.0764101296663,"dvar2":0.17207762599,"max":1,"mean":0.926160573959,"median":1,"min":0,"var":0.0683884397149},"silence_rate_60dB":{"dmean":0.00560565432534,"dmean2":0.0110907983035,"dvar":0.0055742370896,"dvar2":0.0129173025489,"max":1,"mean":0.035213842988,"median":0,"min":0,"var":0.0339737273753},"spectral_centroid":{"dmean":163.916488647,"dmean2":247.376373291,"dvar":26694.3652344,"dvar2":53647.5898438,"max":3790.02929688,"mean":898.73651123,"median":847.039978027,"min":198.990097046,"var":117491.515625},"spectral_complexity":{"dmean":3.40043878555,"dmean2":4.93662405014,"dvar":9.4332036972,"dvar2":17.9348602295,"max":54,"mean":18.149263382,"median":19,"min":0,"var":51.8875541687},"spectral_contrast_coeffs":{"dmean":[0.0534453950822,0.0508958771825,0.0379423201084,0.0308799427003,0.0192158594728,0.0362587571144],"dmean2":[0.0892077460885,0.0838080123067,0.0635902807117,0.050955042243,0.0315583720803,0.0561883188784],"dvar":[0.00170083565172,0.00166456995066,0.000897562364116,0.000586593232583,0.000249697623076,0.00103981862776],"dvar2":[0.00469352072105,0.00438943272457,0.00241067120805,0.00156642356887,0.000652453047223,0.00259772059508],"max":[-0.446611493826,-0.486087650061,-0.565411329269,-0.613608837128,-0.698967933655,-0.448100328445],"mean":[-0.693791508675,-0.75839138031,-0.798627316952,-0.795823097229,-0.829047977924,-0.740487575531],"median":[-0.69576048851,-0.767302632332,-0.8058822155,-0.799627125263,-0.83027869463,-0.747704923153],"min":[-0.933892250061,-0.9417989254,-0.943279027939,-0.945266366005,-0.931977391243,-0.91278475523],"var":[0.00406134454533,0.00475625693798,0.00282170623541,0.00165071047377,0.000709495798219,0.00300446222536]},"spectral_contrast_valleys":{"dmean":[0.444974064827,0.397249102592,0.363339841366,0.322675406933,0.268775433302,0.588178873062],"dmean2":[0.693705677986,0.624452233315,0.542718827724,0.465467780828,0.377257496119,0.851381063461],"dvar":[0.132229685783,0.110336184502,0.0980553552508,0.0882273092866,0.0698399543762,0.254140675068],"dvar2":[0.304438441992,0.243763908744,0.195365026593,0.163842156529,0.125666365027,0.60141056776],"max":[-4.88202190399,-4.33487462997,-4.77148914337,-5.53542327881,-5.95870637894,-8.82342433929],"mean":[-6.708984375,-6.2744269371,-6.58992099762,-7.26319503784,-7.79177618027,-10.8060493469],"median":[-6.64051628113,-6.18375349045,-6.47713375092,-7.18125152588,-7.67477655411,-10.646487236],"min":[-17.7230625153,-17.5251903534,-17.9098072052,-17.2565116882,-16.9348659515,-18.2287025452],"var":[0.573345541954,0.65852689743,0.667111098766,0.535953521729,0.521079421043,1.01927888393]},"spectral_decrease":{"dmean":5.82663250981e-9,"dmean2":8.79949357824e-9,"dvar":6.07389724073e-17,"dvar2":1.36755229575e-16,"max":2.41332838844e-19,"mean":-1.05289359453e-8,"median":-7.74722064278e-9,"min":-8.50825543353e-8,"var":9.37380260735e-17},"spectral_energy":{"dmean":0.0236454755068,"dmean2":0.0350713245571,"dvar":0.000952212256379,"dvar2":0.00210659997538,"max":0.339912414551,"mean":0.0476144291461,"median":0.0368233919144,"min":2.2457291235e-11,"var":0.00161698518787},"spectral_energyband_high":{"dmean":0.000472197192721,"dmean2":0.000598208978772,"dvar":4.02731046734e-7,"dvar2":7.21373396573e-7,"max":0.0139113897458,"mean":0.00105628720485,"median":0.000642374856398,"min":1.64096635585e-11,"var":0.00000127426449126},"spectral_energyband_low":{"dmean":0.016847351566,"dmean2":0.0266953054816,"dvar":0.000682646292262,"dvar2":0.00163238332607,"max":0.275895565748,"mean":0.0225760880858,"median":0.0124750006944,"min":4.13625893519e-13,"var":0.000785095617175},"spectral_energyband_middle_high":{"dmean":0.00317032192834,"dmean2":0.0046565211378,"dvar":0.0000207422581298,"dvar2":0.000046031887905,"max":0.0930424705148,"mean":0.00707564875484,"median":0.00455437321216,"min":2.92406029945e-12,"var":0.0000561419037695},"spectral_energyband_middle_low":{"dmean":0.00629507098347,"dmean2":0.0096483444795,"dvar":0.0000870896255947,"dvar2":0.000201512506464,"max":0.234785065055,"mean":0.0136648444459,"median":0.00906302779913,"min":4.93242653752e-13,"var":0.000214556508581},"spectral_entropy":{"dmean":0.186803638935,"dmean2":0.264329642057,"dvar":0.0293761566281,"dvar2":0.0557526834309,"max":8.77816104889,"mean":7.53985548019,"median":7.56076717377,"min":5.76126337051,"var":0.119571387768},"spectral_flux":{"dmean":0.0414003618062,"dmean2":0.063057154417,"dvar":0.00203263713047,"dvar2":0.00422002747655,"max":0.496178001165,"mean":0.126425683498,"median":0.114711679518,"min":0.000289192044875,"var":0.00443677650765},"spectral_kurtosis":{"dmean":4.26910209656,"dmean2":6.16036224365,"dvar":24.3689517975,"dvar2":51.9071655273,"max":87.9219360352,"mean":16.1473026276,"median":14.4411506653,"min":2.08234453201,"var":77.3773193359},"spectral_rms":{"dmean":0.00155017734505,"dmean2":0.00221332348883,"dvar":0.00000267327936854,"dvar2":0.00000541839472135,"max":0.0182104874402,"mean":0.0062416815199,"median":0.00599376857281,"min":1.48018756363e-7,"var":0.00000749450873627},"spectral_rolloff":{"dmean":2719.41162109,"dmean2":4976.12548828,"dvar":28314880,"dvar2":67993000,"max":21877.734375,"mean":3585.57324219,"median":1205.859375,"min":43.06640625,"var":35232448},"spectral_skewness":{"dmean":0.351208180189,"dmean2":0.49679800868,"dvar":0.129594698548,"dvar2":0.257729738951,"max":7.4020614624,"mean":2.94007539749,"median":2.84688234329,"min":1.27047431469,"var":0.505227386951},"spectral_spread":{"dmean":722168.375,"dmean2":989728.3125,"dvar":546211364864,"dvar2":945705844736,"max":11165342,"mean":4997328,"median":4630496,"min":1586949.625,"var":2814105354240},"spectral_strongpeak":{"dmean":0.485455185175,"dmean2":0.830342292786,"dvar":0.879492521286,"dvar2":2.25435447693,"max":23.7392311096,"mean":0.625485002995,"median":0.268691539764,"min":0,"var":1.08553564548},"zerocrossingrate":{"dmean":0.0285523738712,"dmean2":0.0355481244624,"dvar":0.000558918807656,"dvar2":0.000828731863294,"max":0.49072265625,"mean":0.180624738336,"median":0.17724609375,"min":0.03369140625,"var":0.00312045612372}},"metadata":{"audio_properties":{"analysis_sample_rate":44100,"bit_rate":203638,"codec":"mp3","downmix":"mix","equal_loudness":0,"length":190.538208008,"lossless":false,"md5_encoded":"0314d887f782afc14ba108b3a9a307a8","replay_gain":-1.41743469238,"sample_rate":44100},"tags":{"album":["Reggatta de Blanc"],"artist":["The Police"],"date":["1979-10"],"file_name":"03 - The Police - It's Alright for You.mp3","musicbrainz_albumid":["94247050-8844-45a8-a459-9b685e759863"],"musicbrainz_artistid":["9e0e2b01-41db-4008-bd8b-988977d6019a"],"musicbrainz_recordingid":["9e021edb-2273-470a-8981-e12171f2f932"],"title":["It's Alright for You"],"tracknumber":["03/11"]},"version":{"essentia":"2.1-beta1","essentia_build_sha":"ca57ba49d9b1854bd80e60cf9ccf267278fb7d6b","essentia_git_sha":"v2.1_beta1-28-g21ef5f4-dirty","extractor":"music 1.0"}},"rhythm":{"beats_count":545,"beats_loudness":{"dmean":0.0312791839242,"dmean2":0.0514012500644,"dvar":0.000661980186123,"dvar2":0.00193016638514,"max":0.18069241941,"mean":0.0625860691071,"median":0.0580435320735,"min":0.00000285006808554,"var":0.0011973209912},"beats_loudness_band_ratio":{"dmean":[0.237463563681,0.101038739085,0.110169313848,0.0959832519293,0.0198236219585,0.0504248067737],"dmean2":[0.418078660965,0.182120412588,0.19281232357,0.169901967049,0.0347445309162,0.0878437384963],"dvar":[0.0255328565836,0.00885404739529,0.0143444593996,0.0077639259398,0.000547404459212,0.00168356508948],"dvar2":[0.0850280895829,0.0269439499825,0.0388572514057,0.0230070836842,0.00160482630599,0.00511374464259],"max":[0.960771799088,0.630004405975,0.80353051424,0.659582495689,0.276850163937,0.311974257231],"mean":[0.490329504013,0.121469169855,0.138910129666,0.149477645755,0.0287921130657,0.108309581876],"median":[0.492440015078,0.0919717848301,0.0968659445643,0.124424763024,0.0234328322113,0.101005204022],"min":[0.0380846709013,0.010422793217,0.00613120058551,0.00673555303365,0.00102483364753,0.0114999711514],"var":[0.0447915755212,0.00954972952604,0.0159587264061,0.0100488513708,0.000611682015005,0.00260792113841]},"beats_position":[0.359909296036,0.719818592072,1.06811785698,1.4164172411,1.75