{"lowlevel":{"average_loudness":0.845189392567,"barkbands":{"dmean":[0.000131355103804,0.00860737543553,0.00903583224863,0.00479913549498,0.00528209330514,0.00149410206359,0.000604077591561,0.000244890834438,0.000231243728194,0.000109852458991,0.0000659795914544,0.0000913722906262,0.000082552760432,0.0000758474270697,0.0000778328030719,0.0000847426927066,0.0000926698630792,0.0000722849872545,0.000114817623398,0.0000794206134742,0.0000685156264808,0.0000378594631911,0.0000244728762482,0.00000860459567775,0.00000978752905212,0.00000897201516636,6.32520368526e-7],"dmean2":[0.000195532731595,0.0154089713469,0.0159531459212,0.00831204559654,0.00863602664322,0.00239980197512,0.000975263654254,0.000399816140998,0.000374580704374,0.000174105924089,0.000109067645099,0.000148420978803,0.000133919544169,0.00012163665815,0.000127114675706,0.000138756193337,0.000154063163791,0.000120191492897,0.000192226681975,0.000135317648528,0.00011603605526,0.0000616426259512,0.0000394377093471,0.0000130337139126,0.0000139151861731,0.0000136753478728,9.57589918471e-7],"dvar":[4.38338396691e-8,0.000329669739585,0.000259412889136,0.0000483768380946,0.0000506930518895,0.00000518439310326,0.00000148758249452,2.60012939179e-7,3.14658620937e-7,5.70082718809e-8,2.65702553293e-8,4.66295446699e-8,5.70230298536e-8,3.46340378599e-8,3.08830223616e-8,1.54847299427e-8,1.78199730527e-8,1.53319472673e-8,3.13156292009e-8,2.25695391265e-8,1.32373845219e-8,4.20243972954e-9,1.73397185499e-9,7.95560617384e-10,1.04860298222e-9,7.94738497234e-10,4.75922599941e-12],"dvar2":[8.97947316503e-8,0.000934842042625,0.000751442858018,0.000135215785122,0.000137827591971,0.0000130535781864,0.00000399219061364,6.56789893583e-7,7.77101661242e-7,1.28431835833e-7,6.7119664493e-8,1.09399294956e-7,1.39426106216e-7,8.28574613365e-8,7.77965354359e-8,3.94813071125e-8,4.72293066878e-8,3.99989339428e-8,8.26482846605e-8,6.19054034701e-8,3.64469059377e-8,1.03602246782e-8,4.22487689278e-9,1.98505500926e-9,2.26807395087e-9,1.91744287115e-9,1.10731146474e-11],"max":[0.00261384551413,0.196726292372,0.210032343864,0.0951984599233,0.103951603174,0.0351065844297,0.0269969943911,0.0115559017286,0.0182522069663,0.00869115255773,0.00581657607108,0.00619675964117,0.0062139518559,0.00475866533816,0.00365285063162,0.00254223076627,0.00317312823609,0.00221945554949,0.00406375061721,0.00274893851019,0.00184605189133,0.00112070876639,0.000649851164781,0.00140530068893,0.00213845609687,0.000746877398342,0.0000822099100333],"mean":[0.000222222312004,0.00898344162852,0.0125078968704,0.00684453221038,0.0108321430162,0.00276450184174,0.00104934955016,0.000373886170564,0.000364819716197,0.000193633590243,0.0000986731101875,0.000149588871864,0.000122444907902,0.00011880013335,0.000133355715661,0.000161780902999,0.000202767492738,0.000164325465448,0.000276641570963,0.000176829722477,0.000159027680638,0.0000892662646947,0.0000547919007658,0.0000184483851626,0.000020493476768,0.0000124662883536,8.0205688846e-7],"median":[0.000086993444711,0.00323267746717,0.00813244096935,0.0043382178992,0.00775213912129,0.00168263341766,0.000623234780505,0.000212479324546,0.000149123879964,0.0000927498113015,0.0000490099118906,0.0000670020381222,0.0000435241199739,0.0000520889007021,0.0000640729922452,0.000119225063827,0.000154154724441,0.000104754202766,0.00019416109717,0.000133293797262,0.000121534430946,0.0000633049639873,0.0000361094716936,0.0000112899397209,0.0000103664870039,0.00000355728388968,1.6094874411e-7],"min":[6.17234812068e-23,1.54129205607e-23,6.18546529981e-23,3.77631028545e-23,6.08037577438e-23,8.47835010536e-23,4.89415679595e-23,8.42013785035e-23,5.02235016404e-23,1.53231649135e-22,2.66926738282e-23,1.17427701271e-22,1.12779328921e-22,1.01863557653e-22,1.19543274758e-22,7.35832034341e-23,4.38825966635e-23,3.17222427006e-23,2.28868774998e-23,1.54034794734e-23,1.20341961714e-23,7.6924351223e-24,3.85183661738e-24,4.16310022576e-24,6.28141145404e-24,7.10486864312e-24,9.37302676137e-24],"var":[9.4460034461e-8,0.000272074597888,0.000252697296673,0.0000689664593665,0.000112105582957,0.0000110604487418,0.00000195773668565,3.37398006423e-7,5.10617610416e-7,2.17051336904e-7,3.21767288369e-8,1.17790811771e-7,1.00889089083e-7,5.42258788983e-8,5.6331220577e-8,3.33508509698e-8,4.82487472198e-8,4.49060735264e-8,9.9917258467e-8,4.13965040025e-8,2.74523532795e-8,1.0203276446e-8,4.19426049447e-9,1.0796353811e-9,1.76772185778e-9,9.23698062483e-10,5.9325829839e-12]},"barkbands_crest":{"dmean":2.56141424179,"dmean2":4.25640678406,"dvar":4.79993391037,"dvar2":13.2363500595,"max":26.9193325043,"mean":11.8735923767,"median":11.2897806168,"min":3.94246602058,"var":12.7427511215},"barkbands_flatness_db":{"dmean":0.0245375502855,"dmean2":0.039104886353,"dvar":0.000591010262724,"dvar2":0.00139400816988,"max":1,"mean":0.208309829235,"median":0.185701981187,"min":0.0538581199944,"var":0.00807360745966},"barkbands_kurtosis":{"dmean":9.04935741425,"dmean2":15.930516243,"dvar":37968.25,"dvar2":114729.375,"max":14965.8222656,"mean":16.1282310486,"median":11.9567298889,"min":-1.90569210052,"var":20267.0820312},"barkbands_skewness":{"dmean":0.682608664036,"dmean2":1.12562263012,"dvar":0.799943506718,"dvar2":2.24189519882,"max":60.2699317932,"mean":3.15187048912,"median":3.11981606483,"min":-1.78206467628,"var":2.07214665413},"barkbands_spread":{"dmean":3.21474123001,"dmean2":5.24945306778,"dvar":13.7998991013,"dvar2":35.769821167,"max":78.1707611084,"mean":10.2796392441,"median":8.81006336212,"min":0.00306499144062,"var":54.4158363342},"dissonance":{"dmean":0.0167792662978,"dmean2":0.0282405950129,"dvar":0.000418811541749,"dvar2":0.00117447692901,"max":0.499999940395,"mean":0.461888283491,"median":0.473463445902,"min":0.17503029108,"var":0.00152696867008},"dynamic_complexity":2.37693929672,"erbbands":{"dmean":[0.16039571166,2.31536054611,9.25649261475,13.4949645996,18.7017250061,16.259809494,14.9821186066,11.516450882,10.4799470901,6.00778245926,4.6707983017,5.51024723053,4.325963974,2.37053775787,2.67149615288,3.79165863991,3.67091012001,3.55849528313,3.49094367027,3.81313180923,4.66696834564,4.87530708313,3.80481076241,4.67813873291,6.03783082962,3.49008107185,3.27287817001,2.34687280655,1.34033501148,1.13627326488,0.640325367451,0.276577055454,0.105619676411,0.0793225467205,0.0908330455422,0.0497315973043,0.0146733624861,0.00175737286918,0.000113096655696,0.000025107026886],"dmean2":[0.274291306734,4.19709920883,16.5422267914,23.2973670959,31.171497345,26.7415981293,24.1934986115,18.52891922,16.554693222,9.98264026642,7.66853046417,8.88987827301,6.87236213684,3.80407261848,4.35314035416,6.15847730637,5.99192237854,5.6997756958,5.67343473434,6.19395446777,7.66573429108,8.0696554184,6.32186460495,7.79318189621,10.1794204712,5.94294261932,5.60339975357,3.94389343262,2.1964802742,1.83574044704,1.03046524525,0.437751919031,0.153161287308,0.113210849464,0.132576718926,0.0753910765052,0.0225839428604,0.00267491489649,0.00017001121887,0.0000428465355071],"dvar":[0.0943118408322,24.912525177,309.734588623,404.790740967,738.661376953,557.14855957,637.09362793,340.98614502,400.959777832,133.72215271,140.634063721,204.157821655,84.6192016602,24.0850868225,40.3871994019,84.1261901855,115.327804565,83.8079376221,59.7732963562,64.3734283447,45.789188385,51.8538665771,46.0578422546,50.8489341736,92.9123687744,45.6102485657,35.3498306274,13.7839241028,5.15328502655,4.48451566696,1.17189502716,0.459676861763,0.190322712064,0.100959196687,0.0822722613811,0.0258740633726,0.00210484419949,0.0000350311856891,1.40701132523e-7,1.71812863936e-9],"dvar2":[0.248689204454,71.5290374756,897.573791504,1156.6751709,2018.93591309,1501.65234375,1631.30175781,842.878723145,1035.88378906,360.342407227,356.336273193,505.101135254,200.111114502,54.8568229675,96.601234436,199.296875,283.847137451,201.370269775,147.798492432,160.868423462,118.401908875,137.945281982,119.863456726,133.423233032,245.486419678,125.056610107,98.8455200195,37.302230835,12.9341173172,11.0770330429,2.85466122627,1.17670094967,0.449102967978,0.198458567262,0.190841257572,0.0624844767153,0.00510493060574,0.000083759012341,3.21403916814e-7,4.71328398532e-9],"max":[2.73670172691,54.9399719238,209.011489868,268.513214111,423.380096436,391.292144775,485.409698486,342.317871094,480.418640137,277.437744141,296.558074951,501.937896729,301.945251465,189.600036621,247.224975586,309.43536377,286.889526367,272.93258667,190.476074219,167.046875,145.855941772,196.162857056,145.645080566,153.729980469,176.111099243,149.923706055,101.601203918,55.2650413513,40.4827003479,32.6836891174,16.8498458862,22.3747310638,29.4598884583,26.5373306274,13.1741113663,4.57426548004,1.35803568363,0.16406019032,0.0150513285771,0.0007273730007],"mean":[0.179195970297,2.38147068024,11.8141784668,22.3819160461,32.6372070312,30.8052558899,29.0140762329,21.7801494598,19.4127445221,10.4625587463,7.2308754921,8.61328125,7.90168523788,4.13150691986,4.33703517914,6.41897010803,5.68300580978,5.9076757431,6.29803037643,7.52666425705,10.0369462967,11.3571310043,9.39960193634,11.2513008118,13.746301651,8.15644931793,7.18428373337,5.6569275856,3.2939491272,2.35416078568,1.40861296654,0.589218378067,0.240219995379,0.187116235495,0.168953165412,0.074212692678,0.0192961916327,0.00221412302926,0.000164253942785,0.0000570450974919],"median":[0.0699385553598,0.877846956253,7.09960508347,15.680524826,19.4313545227,20.2883644104,15.891954422,13.7995691299,11.7079496384,6.6751666069,4.14626598358,3.54062604904,3.95877408981,2.38631820679,2.23196578026,2.80097317696,2.16145205498,2.66264986992,3.22286534309,4.29161977768,7.8157324791,8.62149906158,6.09071493149,8.07396125793,9.02551937103,6.2353925705,5.52931165695,4.51987504959,2.39281654358,1.53028023243,0.909354269505,0.363284230232,0.142584055662,0.113655477762,0.074162825942,0.0235715974122,0.0049808579497,0.000516723201144,0.000056141467212,0.0000472423598694],"min":[6.75746430322e-22,3.81873665119e-21,4.99781427505e-20,1.34794496264e-19,3.9371005423e-20,2.12983911686e-19,6.89091598081e-19,6.05340284843e-19,1.07238765519e-18,8.58164265059e-19,1.64374219059e-18,1.14487618061e-18,1.88153583379e-18,5.0938208119e-18,1.72093851107e-18,5.19334428807e-18,5.09205354052e-18,5.21081310184e-18,5.31870268273e-18,1.05870168313e-17,1.0583553426e-17,1.4374451863e-17,1.31082302511e-17,1.30523806705e-17,9.70874706253e-18,1.52351779581e-17,2.0543123157e-17,2.01859664208e-17,1.47213399791e-17,2.44474950576e-17,1.74741275745e-17,2.06487657017e-17,1.48623478037e-17,1.313020844e-17,1.03490129808e-17,5.89194174236e-18,3.02143621282e-18,1.20678372182e-18,3.37158197291e-19,3.24256157214e-20],"var":[0.0899303108454,19.7027893066,265.367431641,589.855529785,1417.45751953,1148.55529785,1604.40820312,710.140197754,667.950927734,180.351089478,158.136428833,304.873291016,281.270385742,44.8294906616,63.7900886536,226.781738281,193.166488647,129.839691162,103.645385742,149.602020264,104.919677734,150.896286011,149.096252441,157.12802124,275.814788818,85.3580703735,59.7186470032,32.8008766174,13.1752758026,8.47564792633,2.83003091812,0.722344398499,0.269662588835,0.179329201579,0.122439414263,0.0306259021163,0.00238163280301,0.0000388548542105,1.85589954071e-7,2.12676809497e-9]},"erbbands_crest":{"dmean":2.33048439026,"dmean2":3.7267639637,"dvar":4.91069173813,"dvar2":12.2787647247,"max":35.7714118958,"mean":9.25428199768,"median":7.94196844101,"min":2.24044299126,"var":22.2798233032},"erbbands_flatness_db":{"dmean":0.0138023449108,"dmean2":0.02014805004,"dvar":0.000189443075215,"dvar2":0.000371741305571,"max":0.474311798811,"mean":0.17063947022,"median":0.141120240092,"min":0.0212402883917,"var":0.00605064863339},"erbbands_kurtosis":{"dmean":0.897256553173,"dmean2":1.37711727619,"dvar":19.277797699,"dvar2":28.4089508057,"max":319.90246582,"mean":0.421602398157,"median":-0.837826013565,"min":-1.8300909996,"var":56.206867218},"erbbands_skewness":{"dmean":0.346197247505,"dmean2":0.53303360939,"dvar":0.133696660399,"dvar2":0.267561584711,"max":16.6366786957,"mean":0.740368247032,"median":0.636191010475,"min":-3.14517998695,"var":0.738829553127},"erbbands_spread":{"dmean":7.51905012131,"dmean2":11.9631700516,"dvar":59.5449104309,"dvar2":150.841262817,"max":155.563446045,"mean":54.4198303223,"median":59.5166091919,"min":0.93827432394,"var":623.217224121},"gfcc":{"cov":[[10476.6044922,-3759.80761719,-957.351379395,2737.94824219,-1010.96014404,535.92767334,-283.638397217,401.568145752,-506.289093018,384.772460938,-210.939117432,324.88394165,-261.092102051],[-3759.80761719,2183.3137207,278.729919434,-1225.3215332,516.264282227,-282.011291504,185.158630371,-223.588745117,297.448425293,-231.729721069,154.820770264,-188.226989746,158.352294922],[-957.351379395,278.729919434,602.235412598,-242.546356201,87.594329834,-16.598733902,36.1911697388,1.58796274662,8.06573009491,-5.63450050354,0.508161008358,2.15108013153,-13.054142952],[2737.94824219,-1225.3215332,-242.546356201,1161.75915527,-307.380950928,158.506317139,-52.9158287048,97.3872909546,-95.4502105713,95.8394546509,-26.1265506744,88.3591461182,-34.6803207397],[-1010.96014404,516.264282227,87.594329834,-307.380950928,275.78326416,-51.2432022095,72.9791183472,-23.3593044281,74.9034500122,-38.9646987915,16.880405426,-39.5259170532,28.8039665222],[535.92767334,-282.011291504,-16.598733902,158.506317139,-51.2432022095,146.664260864,16.6011562347,57.2387580872,-18.8954143524,36.471206665,-10.8217954636,21.3064250946,-17.7729549408],[-283.638397217,185.158630371,36.1911697388,-52.9158287048,72.9791183472,16.6011562347,123.750282288,16.8190479279,29.0504188538,-16.2774162292,15.8168506622,-17.3285503387,4.95227861404],[401.568145752,-223.588745117,1.58796274662,97.3872909546,-23.3593044281,57.2387580872,16.8190479279,102.643814087,-9.89247608185,48.4147071838,-25.5399017334,22.0606002808,-22.2774486542],[-506.289093018,297.448425293,8.06573009491,-95.4502105713,74.9034500122,-18.8954143524,29.0504188538,-9.89247608185,132.672210693,-6.73570156097,34.6717224121,-31.532283783,40.2384185791],[384.772460938,-231.729721069,-5.63450050354,95.8394546509,-38.9646987915,36.471206665,-16.2774162292,48.4147071838,-6.73570156097,97.4261627197,2.45970249176,39.8613777161,-20.9417438507],[-210.939117432,154.820770264,0.508161008358,-26.1265506744,16.880405426,-10.8217954636,15.8168506622,-25.5399017334,34.6717224121,2.45970249176,84.5680770874,11.3017873764,27.5046024323],[324.88394165,-188.226989746,2.15108013153,88.3591461182,-39.5259170532,21.3064250946,-17.3285503387,22.0606002808,-31.532283783,39.8613777161,11.3017873764,78.2565765381,12.3640670776],[-261.092102051,158.352294922,-13.054142952,-34.6803207397,28.8039665222,-17.7729549408,4.95227861404,-22.2774486542,40.2384185791,-20.9417438507,27.5046024323,12.3640670776,82.7723846436]],"icov":[[0.00048942345893,-0.000656461867038,0.000488521123771,-0.0011396423215,0.000512054248247,-0.000719448842574,0.000744497054256,-0.000808912562206,0.00108503608499,-0.000683793972712,0.00088508753106,-0.000983543577604,0.000956649484579],[-0.000656461867038,0.00830777641386,-0.00155439192895,0.00586796365678,-0.00335304718465,0.00499344104901,-0.00571542466059,0.00453395955265,-0.0070837889798,0.00588059658185,-0.00765491370112,0.00664773117751,-0.00546751683578],[0.000488521123771,-0.00155439192895,0.00249638501555,-0.00125843193382,0.000586126116104,-0.00126204930712,0.000957721320447,-0.00129210960586,0.00169268844184,-0.00116498640273,0.00178479298484,-0.00252331094816,0.00216733384877],[-0.0011396423215,0.00586796365678,-0.00125843193382,0.00666981330141,-0.00149026094005,0.00324977049604,-0.00470647029579,0.00351482699625,-0.00576205691323,0.00426816707477,-0.00572838960215,0.00475350860506,-0.00470637343824],[0.000512054248247,-0.00335304718465,0.000586126116104,-0.00149026094005,0.00819725356996,-0.00127391947899,-0.000556979444809,-0.00203745043837,0.00113562564366,-0.00230395724066,0.00403356645256,-0.00282231834717,0.0018031145446],[-0.000719448842574,0.00499344104901,-0.00126204930712,0.00324977049604,-0.00127391947899,0.0132255936041,-0.00555519619957,-0.000732172047719,-0.00429304363206,0.0027961297892,-0.00492387032136,0.00419482635334,-0.00343738123775],[0.000744497054256,-0.00571542466059,0.000957721320447,-0.00470647029579,-0.000556979444809,-0.00555519619957,0.0159396640956,-0.0073920879513,0.00495070265606,-0.00105023791548,0.00195478880778,-0.00319673935883,0.00467506656423],[-0.000808912562206,0.00453395955265,-0.00129210960586,0.00351482699625,-0.00203745043837,-0.000732172047719,-0.0073920879513,0.021503072232,-0.00637032231316,-0.00322518497705,0.00211865198798,0.000844645488542,-0.00172455795109],[0.00108503608499,-0.0070837889798,0.00169268844184,-0.00576205691323,0.00113562564366,-0.00429304363206,0.00495070265606,-0.00637032231316,0.0207091644406,-0.00953980907798,0.00238871690817,0.00275520374998,-0.00218669231981],[-0.000683793972712,0.00588059658185,-0.00116498640273,0.00426816707477,-0.00230395724066,0.0027961297892,-0.00105023791548,-0.00322518497705,-0.00953980907798,0.0241622179747,-0.00826117489487,-0.00447820499539,0.00295919994824],[0.00088508753106,-0.00765491370112,0.00178479298484,-0.00572838960215,0.00403356645256,-0.00492387032136,0.00195478880778,0.00211865198798,0.00238871690817,-0.00826117489487,0.0247392058372,-0.0114163858816,0.0035435911268],[-0.000983543577604,0.00664773117751,-0.00252331094816,0.00475350860506,-0.00282231834717,0.00419482635334,-0.00319673935883,0.000844645488542,0.00275520374998,-0.00447820499539,-0.0114163858816,0.0314984954894,-0.0153089966625],[0.000956649484579,-0.00546751683578,0.00216733384877,-0.00470637343824,0.0018031145446,-0.00343738123775,0.00467506656423,-0.00172455795109,-0.00218669231981,0.00295919994824,0.0035435911268,-0.0153089966625,0.0247403476387]],"mean":[-28.9923152924,127.489196777,-89.5623245239,52.0620536804,-45.7356719971,-5.22505521774,-37.2606239319,-1.75248467922,-24.9534053802,-3.15129041672,-19.2642860413,-2.59618544579,-10.4726762772]},"hfc":{"dmean":3.99753189087,"dmean2":6.63808012009,"dvar":35.613155365,"dvar2":95.2539520264,"max":72.9275741577,"mean":13.7804803848,"median":12.5569324493,"min":1.15944384449e-16,"var":79.987121582},"melbands":{"dmean":[0.00189960014541,0.0042357025668,0.00230535096489,0.00122270802967,0.000567680690438,0.000264655856881,0.000148851046106,0.0000626441833447,0.0000382796824852,0.0000342506536981,0.0000217304186663,0.000009860161299,0.00000874970464793,0.0000100350534922,0.00000994948368316,0.00000744609224057,0.00000722821687305,0.00000596697509536,0.00000633891659163,0.00000542269071957,0.00000601840338277,0.00000584978761253,0.00000461600711787,0.00000326472195411,0.00000423359915658,0.00000523758990312,0.00000350595632881,0.00000229521083384,0.00000239324458562,0.00000171344959199,0.00000132316904455,8.2885185293e-7,8.10674180229e-7,6.10060567396e-7,4.34065412946e-7,2.87958584977e-7,1.43279649478e-7,7.96296788508e-8,6.26617833177e-8,7.55081401849e-8],"dmean2":[0.00335722742602,0.00761242210865,0.00397958885878,0.0020247453358,0.000908711052034,0.00042288727127,0.000236423889874,0.000103598220448,0.0000630156791885,0.0000553655918338,0.0000345961052517,0.0000157433278218,0.0000144426076076,0.0000163599797816,0.0000160661693371,0.0000121075272546,0.0000115852271847,0.00000968353288044,0.0000103354495877,0.00000886551788426,0.00000995079426502,0.00000970492601482,0.00000771652412368,0.00000542372754353,0.00000708317884346,0.0000088405513452,0.00000591646403336,0.00000391717640014,0.00000412653616877,0.00000287703278445,0.00000223645974984,0.00000138049597354,0.0000013133299035,0.00000100003785519,7.09453331638e-7,4.70377045758e-7,2.26186671171e-7,1.19040869606e-7,9.24115184375e-8,1.12001842467e-7],"dvar":[0.0000152194497787,0.0000697857685736,0.0000104465116237,0.00000300003557641,7.82714096204e-7,1.61945848731e-7,8.20764753939e-8,1.32307302891e-8,9.2694865117e-9,7.75190578395e-9,2.18056617207e-9,4.26934737563e-10,4.50402326546e-10,5.87504100924e-10,8.28200730218e-10,3.98645061406e-10,3.65047353457e-10,1.88083118524e-10,2.16265061415e-10,8.08307795697e-11,8.12103717607e-11,6.7199808218e-11,5.72752054118e-11,3.51969876855e-11,4.05318972829e-11,6.90054055563e-11,4.25070777188e-11,1.8359345294e-11,1.87848920447e-11,7.79076542862e-12,4.39625159193e-12,1.94390163688e-12,1.96080846872e-12,1.27611354643e-12,5.14217900031e-13,3.36509439021e-13,1.75191621193e-13,1.05370512391e-13,9.76555330199e-14,7.6425682189e-14],"dvar2":[0.0000423856363341,0.000202021867153,0.0000297417191177,0.00000819396609586,0.00000200790259441,4.03570965091e-7,2.15008000737e-7,3.52006246374e-8,2.3589972642e-8,1.89738109668e-8,5.13686337911e-9,9.40276301264e-10,1.12161502308e-9,1.37848166215e-9,2.01261762811e-9,9.75811542681e-10,8.76109518266e-10,4.54972337582e-10,5.4099241753e-10,2.02555514028e-10,2.13970827168e-10,1.790259746e-10,1.51523474323e-10,9.05264266327e-11,1.08222479589e-10,1.8570812943e-10,1.12721408596e-10,5.07019357054e-11,5.30907019736e-11,2.12701002644e-11,1.19793489364e-11,5.13520866455e-12,4.77977726843e-12,3.21204911627e-12,1.27578232267e-12,9.07538855264e-13,4.55905658277e-13,2.64637351746e-13,2.13915934662e-13,1.55152339544e-13],"max":[0.0380378738046,0.0866761654615,0.0433186329901,0.0255771595985,0.013782415539,0.00675899116322,0.00656693940982,0.00255655986257,0.0021241644863,0.00289334729314,0.00155806040857,0.000700564647559,0.000605613517109,0.000756470428314,0.000901474617422,0.000432274828199,0.000541463145055,0.000397621741286,0.000326238601701,0.000193316693185,0.000218285553274,0.000187733778148,0.000186643475899,0.000120019467431,0.00013923116785,0.000208241253858,0.00010261015268,0.0000973709611571,0.0000738876042305,0.0000416641742049,0.0000351384442183,0.0000290750122076,0.0000185712506209,0.0000166569152498,0.0000120974082165,0.0000128775736812,0.0000185793596756,0.000018456215912,0.0000249265212915,0.000022027259547],"mean":[0.00204040808603,0.00536274630576,0.00419215345755,0.00233163894154,0.0011392198503,0.000506856769789,0.000273962708889,0.000105970648292,0.0000582106367801,0.0000530622492079,0.0000387073232559,0.0000163446529768,0.0000134781066663,0.0000161878160725,0.0000157497852342,0.0000109540260382,0.0000112465868369,0.00000986755458143,0.0000105740527943,0.0000101009363789,0.0000121194925669,0.0000121765333461,0.000009874753232,0.00000733666956876,0.00000903409454622,0.0000113361684271,0.0000072526254371,0.00000493407242175,0.00000470843451694,0.00000391033563574,0.00000295237123282,0.00000189377567494,0.0000015909170088,0.00000118097875657,8.86870850536e-7,5.54454629764e-7,2.83855257521e-7,1.6822413329e-7,1.33913133027e-7,1.68124941524e-7],"median":[0.000804067589343,0.00313817756251,0.00317137781531,0.00160722527653,0.00064730073791,0.00032682827441,0.000169946375536,0.0000655290132272,0.0000302617954731,0.0000213574676309,0.0000186744855455,0.00000904031912796,0.00000674804368828,0.00000777567038313,0.0000056475510064,0.00000424707741331,0.0000048159618018,0.00000481428332932,0.0000051289403018,0.0000065358244683,0.0000095005170806,0.00000930315582082,0.00000637384755464,0.00000449866001873,0.00000626922019364,0.00000746094110582,0.0000044039943532,0.00000377502260562,0.00000355343536285,0.00000285013356915,0.00000233330683841,0.00000136175367516,0.00000101523880858,7.46992952827e-7,5.69656151583e-7,3.00338911075e-7,1.72408107346e-7,9.66084954257e-8,7.51017736889e-8,9.90775390619e-8],"min":[7.28466818723e-24,1.95658898403e-23,1.97375128411e-23,5.82457184864e-24,2.19385846502e-23,1.50202492679e-23,1.47248745014e-23,1.28286011911e-23,1.33891420845e-23,6.30388255136e-24,1.050035396e-23,2.28164527314e-23,3.45720303308e-24,1.48494135502e-23,8.61115752088e-24,1.26829474913e-23,9.55409400494e-24,8.1353276669e-24,8.46737815457e-24,5.80568651857e-24,3.94162239903e-24,2.60644967896e-24,1.99405695824e-24,1.42077132664e-24,9.6098128284e-25,8.8424957145e-25,5.42092641597e-25,4.83136234377e-25,3.65205892433e-25,3.68246507489e-25,1.78920025821e-25,2.07742229959e-25,9.74878559125e-26,9.85566453426e-26,5.58455342405e-26,3.74520959217e-26,7.23530341649e-26,3.9803101716e-26,4.09399642955e-26,4.78209422082e-26],"var":[0.0000128053206936,0.0000577566788706,0.0000162361575349,0.0000058085342971,0.0000021392340841,3.43507991829e-7,1.27845481757e-7,1.90482811746e-8,1.13355609344e-8,1.18687442097e-8,7.32983407303e-9,8.58260851277e-10,6.02800642735e-10,1.20079490795e-9,1.85065995861e-9,6.41885544717e-10,5.38946387518e-10,3.03451042072e-10,3.70058816923e-10,1.82205306398e-10,1.64307095707e-10,1.70892314189e-10,1.71186467779e-10,1.01060049218e-10,1.11340658915e-10,1.7693721488e-10,9.90725695926e-11,3.09877436211e-11,2.72279768176e-11,1.83544741905e-11,9.18480742851e-12,4.5535003719e-12,3.87670321192e-12,2.25902282991e-12,1.1475814873e-12,6.32515307492e-13,2.19068415751e-13,1.33228646756e-13,1.43499619197e-13,1.3295596991e-13]},"melbands_crest":{"dmean":3.11841273308,"dmean2":5.21580886841,"dvar":7.62623310089,"dvar2":21.3393115997,"max":40,"mean":15.7470684052,"median":15.2667484283,"min":1.92477703094,"var":17.1166820526},"melbands_flatness_db":{"dmean":0.0282950252295,"dmean2":0.04557486251,"dvar":0.000773092033342,"dvar2":0.00186250125989,"max":1,"mean":0.302948325872,"median":0.27661344409,"min":0.00485117128119,"var":0.0111583108082},"melbands_kurtosis":{"dmean":364491.34375,"dmean2":546766.8125,"dvar":743010081964000,"dvar2":1114360269240000,"max":2039323008,"mean":911154,"median":35.1338996887,"min":-1.59435558319,"var":1856457469330000},"melbands_skewness":{"dmean":6.93112659454,"dmean2":10.5011577606,"dvar":196704.078125,"dvar2":292942.625,"max":33313.0195312,"mean":19.7552375793,"median":4.88674449921,"min":-1.77735936642,"var":495393.65625},"melbands_spread":{"dmean":2.54438853264,"dmean2":4.17593193054,"dvar":12.9915294647,"dvar2":31.5860671997,"max":137.662414551,"mean":7.46064567566,"median":6.0534529686,"min":8.61445581535e-9,"var":41.7392845154},"mfcc":{"cov":[[8698.36816406,-3051.72509766,-808.852661133,1488.3770752,-247.019454956,245.748321533,158.129943848,163.31010437,-133.859390259,104.673294067,72.6526107788,14.0902881622,24.9970340729],[-3051.72509766,1814.91015625,132.903411865,-633.700012207,152.42276001,-108.490570068,-73.4203109741,-52.796421051,70.2657089233,-42.2070198059,-9.22451400757,0.803125798702,-12.0023260117],[-808.852661133,132.903411865,494.648803711,-90.3916702271,-19.0363578796,-4.58720874786,15.4848060608,0.458379119635,-11.2250547409,-5.04678916931,-16.0072574615,18.7340354919,11.4575242996],[1488.3770752,-633.700012207,-90.3916702271,548.233764648,-7.95092487335,71.0219650269,32.5336875916,44.0140800476,-13.846821785,20.1529541016,4.56917238235,13.9588985443,14.0618181229],[-247.019454956,152.42276001,-19.0363578796,-7.95092487335,116.349533081,6.88288736343,-15.9403219223,-3.94345355034,25.7740306854,3.70315289497,2.10772109032,-1.35570478439,6.22636651993],[245.748321533,-108.490570068,-4.58720874786,71.0219650269,6.88288736343,83.0032424927,31.06158638,22.5340518951,8.88565635681,15.411945343,8.18743038177,9.15938663483,4.24744701385],[158.129943848,-73.4203109741,15.4848060608,32.5336875916,-15.9403219223,31.06158638,91.3132400513,41.5636177063,-1.24949336052,7.34195709229,11.2307386398,7.88645219803,-0.851111769676],[163.31010437,-52.796421051,0.458379119635,44.0140800476,-3.94345355034,22.5340518951,41.5636177063,69.0137710571,25.7051124573,14.2600660324,6.04676103592,7.6404838562,0.521749794483],[-133.859390259,70.2657089233,-11.2250547409,-13.846821785,25.7740306854,8.88565635681,-1.24949336052,25.7051124573,82.3216400146,32.9431724548,6.85878419876,-1.73973608017,5.59215307236],[104.673294067,-42.2070198059,-5.04678916931,20.1529541016,3.70315289497,15.411945343,7.34195709229,14.2600660324,32.9431724548,67.786781311,29.0333805084,3.43855142593,-3.20700216293],[72.6526107788,-9.22451400757,-16.0072574615,4.56917238235,2.10772109032,8.18743038177,11.2307386398,6.04676103592,6.85878419876,29.0333805084,57.5293464661,25.6451969147,0.156855806708],[14.0902881622,0.803125798702,18.7340354919,13.9588985443,-1.35570478439,9.15938663483,7.88645219803,7.6404838562,-1.73973608017,3.43855142593,25.6451969147,64.7033233643,34.4432373047],[24.9970340729,-12.0023260117,11.4575242996,14.0618181229,6.22636651993,4.24744701385,-0.851111769676,0.521749794483,5.59215307236,-3.20700216293,0.156855806708,34.4432373047,78.4754486084]],"icov":[[0.000447081023594,0.000457922229543,0.000522745773196,-0.000509766803589,0.00030712687294,-0.000168166981894,0.0000684467668179,-0.000497238943353,0.000545492512174,-0.000268168485491,-0.000258681888226,0.000170143597643,-0.000192559862626],[0.000457922229543,0.00166192732286,0.000389495427953,0.000685160106514,-0.00108817301225,0.00042069592746,0.000145981801325,-0.000465518591227,-0.000255704246229,0.000463007483631,-0.00023969663016,-0.000497130095027,0.000252739264397],[0.000522745773196,0.000389495427953,0.00285923853517,-0.000284462730633,0.000736146699637,-0.000291367439786,-0.000453396991361,-0.000565781723708,0.00117688497994,-0.00114841258619,0.00127144763246,-0.0010065442184,-0.000208774785278],[-0.000509766803589,0.000685160106514,-0.000284462730633,0.00410581380129,-0.00172075361479,-0.000885312329046,0.000414021167671,-0.000935073418077,0.0000330908442265,0.000034201748349,0.00101597956382,-0.00108340464067,0.000240661975113],[0.00030712687294,-0.00108817301225,0.000736146699637,-0.00172075361479,0.0116763450205,-0.00239410274662,0.0015187143581,0.000786076823715,-0.0023814777378,0.000611638883129,-0.00141962780617,0.00159619259648,-0.00135203474201],[-0.000168166981894,0.00042069592746,-0.000291367439786,-0.000885312329046,-0.00239410274662,0.0164879560471,-0.00460528675467,-0.000495705229696,-0.00111625727732,-0.00201968150213,0.00101459934376,-0.00202361634001,0.000453138258308],[0.0000684467668179,0.000145981801325,-0.000453396991361,0.000414021167671,0.0015187143581,-0.00460528675467,0.0179920904338,-0.0109740383923,0.00379616976716,0.00068660947727,-0.00345699978061,0.00152112625074,-0.000513783248607],[-0.000497238943353,-0.000465518591227,-0.000565781723708,-0.000935073418077,0.000786076823715,-0.000495705229696,-0.0109740383923,0.0265063494444,-0.00990960840136,0.000444577191956,0.00250246282667,-0.00377694540657,0.00238360231742],[0.000545492512174,-0.000255704246229,0.00117688497994,0.0000330908442265,-0.0023814777378,-0.00111625727732,0.00379616976716,-0.00990960840136,0.0217321440578,-0.0104428054765,0.00173935526982,0.00244479579851,-0.00308609683998],[-0.000268168485491,0.000463007483631,-0.00114841258619,0.000034201748349,0.000611638883129,-0.00201968150213,0.00068660947727,0.000444577191956,-0.0104428054765,0.0263729263097,-0.0136921750382,0.00404060259461,0.000458898808574],[-0.000258681888226,-0.00023969663016,0.00127144763246,0.00101597956382,-0.00141962780617,0.00101459934376,-0.00345699978061,0.00250246282667,0.00173935526982,-0.0136921750382,0.0318469442427,-0.0154711445794,0.00572485150769],[0.000170143597643,-0.000497130095027,-0.0010065442184,-0.00108340464067,0.00159619259648,-0.00202361634001,0.00152112625074,-0.00377694540657,0.00244479579851,0.00404060259461,-0.0154711445794,0.029197819531,-0.0125578744337],[-0.000192559862626,0.000252739264397,-0.000208774785278,0.000240661975113,-0.00135203474201,0.000453138258308,-0.000513783248607,0.00238360231742,-0.00308609683998,0.000458898808574,0.00572485150769,-0.0125578744337,0.0186304505914]],"mean":[-673.102722168,144.945632935,19.1266117096,55.2640457153,9.8574590683,8.83634471893,-4.97402477264,0.639223456383,-2.97217917442,-4.29742002487,-5.35817575455,-4.16971445084,-1.63473069668]},"pitch_salience":{"dmean":0.0811911597848,"dmean2":0.134637922049,"dvar":0.00538104912266,"dvar2":0.0148386899382,"max":0.852264106274,"mean":0.552256405354,"median":0.569777607918,"min":0.0000164704852068,"var":0.0153187112883},"silence_rate_20dB":{"dmean":0,"dmean2":0,"dvar":0,"dvar2":0,"max":1,"mean":1,"median":1,"min":1,"var":0},"silence_rate_30dB":{"dmean":0.0648793578148,"dmean2":0.129770308733,"dvar":0.0606717281044,"dvar2":0.13903285563,"max":1,"mean":0.937181651592,"median":1,"min":0,"var":0.0588712468743},"silence_rate_60dB":{"dmean":0.00518319942057,"dmean2":0.0103673255071,"dvar":0.00515617616475,"dvar2":0.0122253941372,"max":1,"mean":0.0391385927796,"median":0,"min":0,"var":0.0376009009778},"spectral_centroid":{"dmean":168.673980713,"dmean2":275.25894165,"dvar":43240.0976562,"dvar2":99925.1796875,"max":10747.5566406,"mean":745.27935791,"median":683.158691406,"min":134.903396606,"var":163641.765625},"spectral_complexity":{"dmean":3.29830217361,"dmean2":5.21798181534,"dvar":16.0969085693,"dvar2":36.3447647095,"max":54,"mean":14.6874275208,"median":13,"min":0,"var":64.6746063232},"spectral_contrast_coeffs":{"dmean":[0.055198919028,0.0484499633312,0.0342113412917,0.0261894129217,0.0188035517931,0.0161527954042],"dmean2":[0.0921272039413,0.079403065145,0.0563432015479,0.043437294662,0.0310895517468,0.0263530258089],"dvar":[0.00199300167151,0.0015292345779,0.000724045501556,0.000458447466372,0.000233477287111,0.00023017564672],"dvar2":[0.00551299704239,0.0041658077389,0.00195091136266,0.00120607065037,0.000607239897363,0.000561554334126],"max":[-0.277516633272,-0.44083404541,-0.505874633789,-0.560597658157,-0.647970914841,-0.615894734859],"mean":[-0.570266366005,-0.71350055933,-0.800119280815,-0.807873487473,-0.80415302515,-0.735052704811],"median":[-0.571482777596,-0.718563556671,-0.809172511101,-0.81536012888,-0.806612014771,-0.722340047359],"min":[-0.989382207394,-0.972644090652,-0.979957461357,-0.994583427906,-0.98753875494,-0.957694351673],"var":[0.00624974351376,0.00503128161654,0.00293101626448,0.00202951906249,0.000891864940058,0.00276475585997]},"spectral_contrast_valleys":{"dmean":[0.44090873003,0.361021399498,0.321673989296,0.282402485609,0.228252157569,0.208159908652],"dmean2":[0.737143218517,0.587778508663,0.51841044426,0.442807167768,0.355818837881,0.29675874114],"dvar":[0.147348448634,0.10740853101,0.0896631255746,0.0825167968869,0.0727916583419,0.0706410780549],"dvar2":[0.381555080414,0.267177253962,0.204627484083,0.179037690163,0.152909517288,0.138061225414],"max":[-4.67410612106,-4.6812286377,-5.60054111481,-6.17619419098,-5.81478595734,-8.10370445251],"mean":[-6.71406030655,-6.78504991531,-7.76691102982,-8.13042545319,-7.82663106918,-10.9586429596],"median":[-6.56012964249,-6.66587924957,-7.59380578995,-7.88471698761,-7.21884727478,-10.3982982635],"min":[-27.2826557159,-26.9193248749,-27.1233997345,-27.2830867767,-27.123664856,-27.3059406281],"var":[0.967926681042,0.703408539295,0.76457285881,1.05343937874,2.49776625633,2.34807348251]},"spectral_decrease":{"dmean":5.51952661354e-9,"dmean2":9.62815427386e-9,"dvar":8.47013624315e-17,"dvar2":2.41233818708e-16,"max":-1.14754706103e-28,"mean":-1.18824212691e-8,"median":-9.67006918984e-9,"min":-9.45191800383e-8,"var":9.47128948214e-17},"spectral_energy":{"dmean":0.0211458113045,"dmean2":0.0368671119213,"dvar":0.0012377317762,"dvar2":0.00352335488424,"max":0.360735177994,"mean":0.0460969507694,"median":0.0377791710198,"min":1.0949610296e-20,"var":0.00139439303894},"spectral_energyband_high":{"dmean":0.000152056003571,"dmean2":0.000241947942413,"dvar":7.28463405153e-8,"dvar2":1.82571838536e-7,"max":0.00568486843258,"mean":0.000442042859504,"median":0.000360562757123,"min":5.85140163911e-23,"var":1.94300966427e-7},"spectral_energyband_low":{"dmean":0.0177560560405,"dmean2":0.0315259844065,"dvar":0.00112956576049,"dvar2":0.00323393638246,"max":0.32111749053,"mean":0.025741038844,"median":0.0167574640363,"min":1.2642768281e-22,"var":0.00101253122557},"spectral_energyband_middle_high":{"dmean":0.000505728996359,"dmean2":0.000791001715697,"dvar":7.34235754862e-7,"dvar2":0.00000177718538907,"max":0.015922870487,"mean":0.00167714594863,"median":0.00119509792421,"min":1.64565805722e-21,"var":0.00000263109541265},"spectral_energyband_middle_low":{"dmean":0.00894505530596,"dmean2":0.0149012571201,"dvar":0.000124555837829,"dvar2":0.000344805186614,"max":0.132174611092,"mean":0.0223323777318,"median":0.0189879909158,"min":3.71917069195e-22,"var":0.000255856488366},"spectral_entropy":{"dmean":0.163241013885,"dmean2":0.25123167038,"dvar":0.0247714556754,"dvar2":0.0547532215714,"max":9.80330181122,"mean":7.08931446075,"median":7.37397432327,"min":3.73065853119,"var":0.627586066723},"spectral_flux":{"dmean":0.037109054625,"dmean2":0.0596905872226,"dvar":0.00241849501617,"dvar2":0.00451045203954,"max":0.470302790403,"mean":0.103191189468,"median":0.0894597098231,"min":0,"var":0.00499347550794},"spectral_kurtosis":{"dmean":4.66424179077,"dmean2":7.62327194214,"dvar":138.303833008,"dvar2":340.850280762,"max":293.161224365,"mean":16.0083255768,"median":3.25849676132,"min":-1.19476616383,"var":1440.10510254},"spectral_rms":{"dmean":0.00132101995405,"dmean2":0.0022377173882,"dvar":0.0000029506154533,"dvar2":0.00000828998327052,"max":0.0187599770725,"mean":0.00623427797109,"median":0.00607105670497,"min":3.26841657038e-12,"var":0.00000610649658483},"spectral_rolloff":{"dmean":125.513160706,"dmean2":220.622192383,"dvar":103683.398438,"dvar2":219586.9375,"max":18453.9550781,"mean":388.044006348,"median":301.46484375,"min":21.533203125,"var":164657.25},"spectral_skewness":{"dmean":0.344483613968,"dmean2":0.564050734043,"dvar":0.330747812986,"dvar2":0.813471257687,"max":14.5408754349,"mean":2.12775731087,"median":1.31027245522,"min":-0.0180885139853,"var":5.01395702362},"spectral_spread":{"dmean":322696.21875,"dmean2":490991.125,"dvar":401865408512,"dvar2":903981301760,"max":42931948,"mean":3964095,"median":4335359,"min":368780.96875,"var":2654195154940},"spectral_strongpeak":{"dmean":0.314768224955,"dmean2":0.534401118755,"dvar":0.101103685796,"dvar2":0.260920405388,"max":3.32443499565,"mean":0.686577737331,"median":0.585282683372,"min":0,"var":0.202402591705},"zerocrossingrate":{"dmean":0.00551975984126,"dmean2":0.00722432835028,"dvar":0.0000489599915454,"dvar2":0.0000677301868564,"max":0.47998046875,"mean":0.0304829999804,"median":0.02880859375,"min":0,"var":0.000253248523222}},"metadata":{"audio_properties":{"analysis_sample_rate":44100,"bit_rate":0,"codec":"flac","downmix":"mix","equal_loudness":0,"length":259.826660156,"lossless":true,"md5_encoded":"b6cc6f2b35be363f539ac1e20a4c5f8f","replay_gain":-10.1597309113},"tags":{"album":["Welcome to Sky Valley"],"albumartist":["Kyuss"],"albumartistsort":["Kyuss"],"artist":["Kyuss"],"artistsort":["Kyuss"],"asin":["B000002HEP"],"barcode":["075596157124"],"catalognumber":["7559-61571-2"],"date":["1994-06-27"],"discnumber":["1"],"disctotal":["1"],"file_name":"07 Odyssey.flac","genre":["Stoner Metal","Rock Pop"],"label":["Elektra"],"media":["CD"],"musicbrainz_albumartistid":["ea0f2a37-7007-4217-a812-396227f5013a"],"musicbrainz_albumid":["6205da21-55a9-457d-aa85-2f1262e25694"],"musicbrainz_artistid":["ea0f2a37-7007-4217-a812-396227f5013a"],"musicbrainz_recordingid":["9e0e7119-858b-4766-8e77-f964e0d1a2f1"],"musicbrainz_releasegroupid":["eecc24d6-b4ba-39a9-818f-a6ec14a9a04f"],"musicbrainz_releasetrackid":["32d8270c-e249-335b-9910-34cc477790e3"],"originaldate":["1994-06-27"],"releasecountry":["GB"],"releasestatus":["official"],"releasetype":["album"],"script":["Latn"],"title":["Odyssey"],"totaldiscs":["1"],"totaltracks":["10"],"tracknumber":["7"],"tracktotal":["10"]},"version":{"essentia":"2.1-beta1","essentia_build_sha":"7598a69e7b456135ce4c070efb04a3d0ebb71fdd","essentia_git_sha":"v2.1_beta1-6-g5578087","extractor":"music 1.0"}},"rhythm":{"beats_count":447,"beats_loudness":{"dmean":0.019790770486,"dmean2":0.0341456457973,"dvar":0.000535218219738,"dvar2":0.00146566657349,"max":0.194602787495,"mean":0.0439959838986,"median":0.0397357307374,"min":0.000660959631205,"var":0.000818140048068},"beats_loudness_band_ratio":{"dmean":[0.176269367337,0.1734367311,0.0628855898976,0.0213504321873,0.017018141225,0.0149962017313],"dmean2":[0.307525187731,0.30346596241,0.10556037724,0.038997285068,0.030382970348,0.0268575530499],"dvar":[0.0224219709635,0.0238299071789,0.00716528389603,0.00202468736097,0.000646002357826,0.000321701867506],"dvar2":[0.0