{"lowlevel":{"average_loudness":0.138218209147,"barkbands":{"dmean":[0.000122460885905,0.00148869317491,0.000509333447553,0.00157174712513,0.00120005209465,0.0015643570805,0.000654347008094,0.000358465389581,0.000188966063433,0.0000364927473129,0.0000271748012892,0.0000247032130574,0.0000332921663357,0.0000552916280867,0.0000511096513947,0.0000755582368583,0.00015017966507,0.000187414378161,0.0000994514484773,0.0000969735556282,0.000217579712626,0.0000875502810231,0.0000361108795914,0.00000767597884987,0.00000210807274925,7.44203560998e-8,1.48690119772e-7],"dmean2":[0.000194432606804,0.00246548419818,0.000832798774354,0.00208853092045,0.00169793679379,0.00214285496622,0.000907161564101,0.000490621489007,0.00027935160324,0.0000541421140952,0.0000428236489824,0.0000380055098503,0.0000524978713656,0.0000944133134908,0.0000870720250532,0.000117919465993,0.000263746333076,0.000320785708027,0.000167204721947,0.000150213352754,0.000300446001347,0.000124132187921,0.0000531848163519,0.0000116213213914,0.00000312726069751,1.21183319379e-7,2.40141446284e-7],"dvar":[0.00000106618279005,0.000508521392476,0.00000228608473662,0.0000171715601027,0.0000491301616421,0.0000362241844414,0.00000619923639533,0.00000547724994249,0.00000180426570751,2.68470490283e-8,3.08879357647e-8,1.46019223379e-8,2.57975418805e-8,2.98957559153e-7,1.32736730052e-7,3.90986599541e-7,0.00000181873042493,0.0000027876801596,4.61265756257e-7,5.91479590639e-7,0.00000234391291087,3.17411803508e-7,8.43630374447e-8,1.85201287639e-9,2.79128664626e-10,4.10071621299e-14,3.81801117414e-14],"dvar2":[0.00000253253347182,0.0014538516989,0.00000520095272805,0.00002791983934,0.0000732136031729,0.0000625330067123,0.0000106991165012,0.00000972755788098,0.00000351936091647,4.75305448333e-8,6.53105942661e-8,3.47923503341e-8,6.80917153772e-8,8.61641126448e-7,3.70703872932e-7,8.53131098211e-7,0.00000509856681674,0.00000760795046517,0.00000118428113183,0.00000155302143412,0.00000370080351786,5.56003840302e-7,1.66602589502e-7,4.44657155541e-9,5.13306119831e-10,9.63458167955e-14,1.03908892666e-13],"max":[0.0359438210726,0.71844124794,0.029862716794,0.0685727968812,0.253575146198,0.169763505459,0.0687173977494,0.0752192139626,0.0434669591486,0.00505087524652,0.00413530832157,0.00233136909083,0.00369874946773,0.0162500441074,0.00871354434639,0.0221186932176,0.029736764729,0.0477856360376,0.0159891713411,0.0220746900886,0.041071690619,0.0153353214264,0.0071207024157,0.00113577104639,0.000619838305283,0.00000447551292382,0.0000053638141253],"mean":[0.00014182869927,0.00212654098868,0.000806127442047,0.00343822012655,0.00208043074235,0.00275829667225,0.000966122373939,0.000546545430552,0.000239366738242,0.000058137527958,0.0000323657113768,0.0000323389504047,0.0000372095564671,0.0000502216971654,0.0000442560776719,0.0000751168408897,0.000118768002721,0.000161282063345,0.0000927124929149,0.000103469203168,0.000282345077721,0.000110695480544,0.000046499662858,0.00000925935546547,0.00000265441781266,3.24603746549e-7,0.00000113541670999],"median":[0.0000496559259773,0.0000857348859427,0.0000179751477845,0.0000114493250294,0.00000954443112278,0.00000745332272345,0.0000035721666336,8.0081406395e-7,5.26274561707e-7,2.62590504008e-7,2.20457849309e-7,2.50647303801e-7,3.72061037979e-7,3.53623050842e-7,3.35791753514e-7,5.29839212504e-7,7.87006968039e-7,0.00000129517843561,7.44045564716e-7,4.5145637273e-7,2.30546717717e-7,2.14820801148e-7,1.79268127454e-7,1.80521567472e-7,1.79614630724e-7,2.79538397763e-7,0.00000113915893962],"min":[6.01231953112e-9,1.46541196955e-7,1.06331476957e-9,2.92081239195e-8,2.73120708272e-8,3.22800417507e-8,5.75242742329e-9,1.87461424161e-9,1.02616724007e-8,4.70745975534e-9,3.13301451449e-9,1.27027988128e-9,1.08865938486e-9,1.37976319259e-9,1.20972509787e-9,3.21716142615e-9,9.57620982511e-10,3.52327389486e-9,4.9233745969e-9,4.3943644279e-9,7.19137860372e-9,1.06869180172e-8,1.10917319773e-8,1.17776774999e-8,1.69696168228e-8,1.63103042183e-8,2.0919305399e-8],"var":[9.41864243487e-7,0.000307721435092,0.00000472769897897,0.0000676622948959,0.0000926296415855,0.000104647311673,0.0000116694100143,0.00000978537718765,0.00000267665336651,9.90823991742e-8,3.89339334106e-8,2.10462793859e-8,2.57371972623e-8,1.80125752536e-7,8.68705853918e-8,4.35883521277e-7,0.00000114800525353,0.00000186662748547,3.64814980003e-7,4.89094702516e-7,0.00000552151414013,6.59523266222e-7,1.38211547096e-7,2.3872221977e-9,4.65834593122e-10,6.11834123946e-14,7.95458127536e-14]},"barkbands_crest":{"dmean":3.05133366585,"dmean2":5.14680147171,"dvar":7.11254930496,"dvar2":19.7186050415,"max":24.7577457428,"mean":11.9149417877,"median":11.4389257431,"min":3.02386116982,"var":16.8378353119},"barkbands_flatness_db":{"dmean":0.0380825921893,"dmean2":0.058587051928,"dvar":0.00120854319539,"dvar2":0.00289120618254,"max":0.409185856581,"mean":0.190076008439,"median":0.185267582536,"min":0.0352080017328,"var":0.00422351341695},"barkbands_kurtosis":{"dmean":14.8531885147,"dmean2":23.71367836,"dvar":516.897766113,"dvar2":1183.43334961,"max":563.293273926,"mean":24.5096302032,"median":15.9595527649,"min":-1.92612361908,"var":1248.9909668},"barkbands_skewness":{"dmean":1.34388458729,"dmean2":2.07854032516,"dvar":1.86306548119,"dvar2":4.27783155441,"max":21.1486320496,"mean":3.54923248291,"median":3.30688476562,"min":-7.03002500534,"var":7.70271015167},"barkbands_spread":{"dmean":8.94340610504,"dmean2":14.8811645508,"dvar":129.553451538,"dvar2":325.839355469,"max":133.013275146,"mean":16.8726329803,"median":12.2939414978,"min":0.689327418804,"var":232.695236206},"dissonance":{"dmean":0.0129092372954,"dmean2":0.0214911457151,"dvar":0.000230702818953,"dvar2":0.00058890460059,"max":0.500000119209,"mean":0.474494665861,"median":0.484201490879,"min":0.339380890131,"var":0.00070503045572},"dynamic_complexity":16.5645141602,"erbbands":{"dmean":[0.0365910418332,0.348042607307,0.63485366106,2.80078196526,4.92861938477,3.65523600578,7.99012184143,14.2140626907,10.6998491287,6.76851987839,8.74346065521,4.70855617523,1.53562092781,1.1896532774,1.01086139679,1.11653125286,1.45708191395,2.46489644051,2.61938714981,3.05120253563,4.98808574677,8.82858657837,11.0209884644,6.73203039169,3.94579529762,3.87682676315,9.10045623779,8.06411933899,3.77555537224,1.34470438957,1.07884073257,0.346612453461,0.0733430609107,0.037514321506,0.00715071009472,0.00052345788572,0.000162391763297,0.0000809105913504,0.0000193521773326,0.0000104156824818],"dmean2":[0.0662783458829,0.557362854481,1.00395357609,3.71127080917,6.5717010498,5.23964166641,11.0083265305,20.2933216095,14.8049631119,9.27101993561,11.4606685638,6.78595209122,2.12557578087,1.76347792149,1.52828121185,1.75949501991,2.30894207954,4.18313884735,4.29922819138,4.99500322342,7.96569299698,15.4507341385,19.2924671173,11.1863985062,6.54918003082,5.76209831238,11.8991889954,11.3994722366,5.37718677521,1.85289919376,1.65401101112,0.518784105778,0.113331437111,0.0549216791987,0.0110312532634,0.000833016296383,0.000261331937509,0.000132004803163,0.0000319478785968,0.0000151419517351],"dvar":[0.584191739559,20.2279777527,6.80545282364,48.5910568237,470.435455322,189.982910156,2654.66186523,4167.1484375,1875.68041992,532.819030762,4014.90063477,1411.49243164,59.2107925415,35.7533035278,43.8821640015,30.5168533325,51.5784454346,517.811767578,340.279846191,374.300262451,1892.90283203,6527.89990234,11003.4199219,2600.69384766,393.687713623,567.243225098,5323.90722656,3328.34887695,588.882629395,87.2587356567,80.1691055298,7.20852231979,0.158570587635,0.0895654410124,0.0024624497164,0.00000612200528849,2.09539891216e-7,5.83823478451e-8,9.78705227972e-10,1.05582509402e-9],"dvar2":[1.69889366627,57.1342811584,16.7915287018,74.5646896362,706.875488281,304.217529297,4170.31542969,8103.2578125,3158.01269531,1038.25561523,7532.84179688,2741.56176758,104.446548462,76.4850997925,102.145431519,74.2758255005,133.517562866,1485.90466309,919.12689209,985.576904297,4444.67626953,18272.0449219,30871.6054688,6469.81542969,989.194458008,1297.62145996,9957.25,5727.05126953,1011.14886475,149.416992188,178.755935669,16.0925254822,0.310304433107,0.167201817036,0.00447930907831,0.0000114897347885,4.71232965538e-7,1.53605157038e-7,2.70974709338e-9,2.59170596095e-9],"max":[23.7995357513,144.981536865,68.8420410156,122.339622498,716.30279541,383.354766846,1899.88391113,2024.67810059,1213.4720459,501.240447998,2225.81860352,1324.92358398,315.738128662,187.355545044,172.657608032,117.883003235,164.868484497,684.693237305,448.527008057,448.440826416,1422.87512207,1798.5090332,2907.53515625,1128.36535645,385.103027344,625.170166016,2050.93579102,1855.71350098,635.526123047,271.200286865,221.541046143,87.1617584229,9.92818927765,10.8336582184,1.88674867153,0.0698717460036,0.00978250429034,0.00528123928234,0.00072690891102,0.00087114283815],"mean":[0.0341681204736,0.553150892258,1.2323564291,6.25954866409,9.27683448792,7.19668102264,14.5191059113,22.8942470551,16.117433548,10.5265741348,12.315073967,6.00601625443,2.46610474586,1.59532296658,1.23790061474,1.43077909946,1.75019061565,2.42049503326,2.35026526451,2.8713722229,4.66659355164,7.06549692154,9.20030975342,6.05120372772,4.33749580383,4.6593003273,10.6737718582,10.1875448227,4.78437948227,1.65816760063,1.32879388332,0.438572049141,0.0949093550444,0.0451024249196,0.0104219233617,0.00144016114064,0.000642653787509,0.000319622282404,0.000113507012429,0.0000381572099286],"median":[0.00466250535101,0.0109992865473,0.0224612280726,0.0308636911213,0.0339015163481,0.0290732979774,0.0438659340143,0.0641796216369,0.0596971288323,0.0353933162987,0.0162948537618,0.0121510531753,0.00841673370451,0.00885096564889,0.00929271243513,0.0114081716165,0.0183060653508,0.0182609297335,0.019812008366,0.0211696997285,0.0354165919125,0.047598041594,0.064610645175,0.0457182079554,0.0351083688438,0.0215433016419,0.0126732438803,0.00846722628921,0.00793248973787,0.00651146192104,0.0051147392951,0.00408883206546,0.00286592193879,0.00196679588407,0.001355418819,0.000897286285181,0.00054842577083,0.000272759469226,0.000108034320874,0.0000252567770076],"min":[0.00000394034350393,0.0000332996496581,0.0000209253648791,0.0000423734891228,0.00014863985416,0.000041286159103,0.000139761294122,0.000301750202198,0.000137731141876,0.0000513101222168,0.0000346108899976,0.000218667177251,0.00017091697373,0.000083276478108,0.000114140071673,0.0000524568822584,0.000047581983381,0.0000949639434111,0.0000881704763742,0.00016326806508,0.000180335904588,0.0000654980831314,0.000154338122229,0.000187367753824,0.000208491197554,0.000218200162635,0.000255440420005,0.00024009529443,0.000358219956979,0.000419891031925,0.000289242248982,0.000232337217312,0.000195061656996,0.000196736145881,0.000118550589832,0.0000583710861974,0.0000303988163068,0.0000111463214125,0.00000308598373522,3.48859913402e-7],"var":[0.322526454926,13.1152420044,11.8825721741,208.497177124,1020.19775391,511.788146973,4910.52783203,9301.12304688,3660.61987305,1156.06713867,6093.88769531,2064.03857422,220.884429932,62.4498214722,48.7006645203,39.954460144,54.7967605591,331.400665283,244.447875977,318.847137451,1822.3605957,4134.35595703,6848.06640625,2163.17236328,362.589080811,706.192138672,9008.71777344,7276.48291016,1207.65112305,166.308898926,113.467895508,10.4123449326,0.241615876555,0.137900799513,0.00514156371355,0.0000130958969748,3.26534745909e-7,6.93086903425e-8,1.39907263552e-9,1.77979930793e-9]},"erbbands_crest":{"dmean":2.41577649117,"dmean2":3.98076868057,"dvar":6.81018590927,"dvar2":17.0226421356,"max":25.7855644226,"mean":7.53078222275,"median":6.59580087662,"min":1.82500708103,"var":18.5908432007},"erbbands_flatness_db":{"dmean":0.0214828439057,"dmean2":0.0325859934092,"dvar":0.000844966620207,"dvar2":0.00195316434838,"max":0.349199295044,"mean":0.120644159615,"median":0.105266936123,"min":0.0188466925174,"var":0.00762493861839},"erbbands_kurtosis":{"dmean":2.60994696617,"dmean2":4.11135578156,"dvar":29.3417816162,"dvar2":67.1294174194,"max":81.9008407593,"mean":2.52185797691,"median":-0.767585754395,"min":-1.90988838673,"var":59.2601470947},"erbbands_skewness":{"dmean":0.599233269691,"dmean2":0.918356180191,"dvar":0.6253439188,"dvar2":1.27793610096,"max":5.64611005783,"mean":0.431923359632,"median":0.131570279598,"min":-7.26058149338,"var":2.15503358841},"erbbands_spread":{"dmean":12.9909582138,"dmean2":21.4589958191,"dvar":193.483795166,"dvar2":499.193206787,"max":129.651626587,"mean":59.6135063171,"median":59.9089584351,"min":1.97032499313,"var":1131.8503418},"gfcc":{"cov":[[16208.8066406,4893.32763672,-3312.75439453,1454.43994141,-2286.80957031,-1662.17700195,-1278.24975586,-449.847167969,251.045257568,-671.157043457,505.381408691,-616.915222168,-475.961791992],[4893.32763672,2529.34545898,-429.2605896,181.27142334,-558.05871582,-700.656066895,-522.244934082,-186.766143799,6.60312318802,-329.322479248,243.936691284,-181.12727356,-278.199951172],[-3312.75439453,-429.2605896,1330.11560059,-242.077362061,451.455108643,218.005859375,120.322166443,20.9279022217,-95.9329833984,37.4318847656,-46.407787323,136.028015137,51.8240814209],[1454.43994141,181.27142334,-242.077362061,494.172180176,-178.609512329,-204.577148438,-195.884094238,-78.1744613647,49.6161155701,-51.8690185547,29.9785308838,-36.7760353088,6.15537691116],[-2286.80957031,-558.05871582,451.455108643,-178.609512329,605.731994629,234.826095581,65.0090408325,62.0773544312,-23.694021225,71.8393249512,-53.1639862061,77.9399261475,39.5817756653],[-1662.17700195,-700.656066895,218.005859375,-204.577148438,234.826095581,429.202514648,247.644607544,65.5495834351,-23.994764328,81.5835037231,-77.6203079224,29.5908584595,54.1697158813],[-1278.24975586,-522.244934082,120.322166443,-195.884094238,65.0090408325,247.644607544,369.331390381,98.6361923218,-35.5491676331,76.703918457,-75.7384490967,42.9990081787,53.095741272],[-449.847167969,-186.766143799,20.9279022217,-78.1744613647,62.0773544312,65.5495834351,98.6361923218,140.829284668,13.9988174438,-2.14410972595,-13.1967363358,11.4987697601,28.0631885529],[251.045257568,6.60312318802,-95.9329833984,49.6161155701,-23.694021225,-23.994764328,-35.5491676331,13.9988174438,73.6960372925,13.9731645584,2.47730970383,-6.00179862976,-0.238585144281],[-671.157043457,-329.322479248,37.4318847656,-51.8690185547,71.8393249512,81.5835037231,76.703918457,-2.14410972595,13.9731645584,129.069259644,-23.261182785,17.7420845032,38.2493438721],[505.381408691,243.936691284,-46.407787323,29.9785308838,-53.1639862061,-77.6203079224,-75.7384490967,-13.1967363358,2.47730970383,-23.261182785,89.272315979,-2.02265715599,-43.1043930054],[-616.915222168,-181.12727356,136.028015137,-36.7760353088,77.9399261475,29.5908584595,42.9990081787,11.4987697601,-6.00179862976,17.7420845032,-2.02265715599,83.3229293823,35.9174156189],[-475.961791992,-278.199951172,51.8240814209,6.15537691116,39.5817756653,54.1697158813,53.095741272,28.0631885529,-0.238585144281,38.2493438721,-43.1043930054,35.9174156189,98.4353103638]],"icov":[[0.00482333544642,-0.00694654881954,0.00681188190356,-0.00655209086835,0.00588179379702,-0.00420391466469,0.00281976070255,-0.000826473755296,-0.000406193052186,0.00067443534499,-0.0014291969128,0.00211154180579,-0.00248330784962],[-0.00694654881954,0.0120139699429,-0.00998121034354,0.0107268756256,-0.00835193134844,0.00836770888418,-0.00453262822703,0.00344249955378,-0.000883314525709,0.00267505482771,-0.000812711019535,0.000166715748492,0.00370850251056],[0.00681188190356,-0.00998121034354,0.0108587983996,-0.00917793717235,0.00766845606267,-0.0062617873773,0.00412832712755,-0.00116560258903,0.000639484962448,0.000817873456981,-0.00154097843915,0.00135425885674,-0.00343213463202],[-0.00655209086835,0.0107268756256,-0.00917793717235,0.0131334504113,-0.00783433858305,0.00796274561435,-0.00374945532531,0.00438754772767,-0.00248122401536,0.00277509517036,-0.000504294584971,0.000302899134113,0.000770281418227],[0.00588179379702,-0.00835193134844,0.00766845606267,-0.00783433858305,0.0108708320186,-0.00695860572159,0.00624579191208,-0.00360557506792,0.00108617078513,-0.00127194565721,0.000623300147709,-0.000340763130225,-0.000700467382558],[-0.00420391466469,0.00836770888418,-0.0062617873773,0.00796274561435,-0.00695860572159,0.0118897464126,-0.00670338049531,0.00493561476469,-0.00279621011578,0.00409057317302,-0.00238741445355,0.00462597608566,0.000254813494394],[0.00281976070255,-0.00453262822703,0.00412832712755,-0.00374945532531,0.00624579191208,-0.00670338049531,0.0110471211374,-0.00727022625506,0.00563499005511,-0.00518292933702,0.00558084249496,-0.00494105136022,0.0024507669732],[-0.000826473755296,0.00344249955378,-0.00116560258903,0.00438754772767,-0.00360557506792,0.00493561476469,-0.00727022625506,0.0170237384737,-0.00932610034943,0.0104900784791,-0.00845986232162,0.0080796033144,-0.00687715550885],[-0.000406193052186,-0.000883314525709,0.000639484962448,-0.00248122401536,0.00108617078513,-0.00279621011578,0.00563499005511,-0.00932610034943,0.0225082878023,-0.00974395032972,0.00685689691454,-0.00724792294204,0.00556735228747],[0.00067443534499,0.00267505482771,0.000817873456981,0.00277509517036,-0.00127194565721,0.00409057317302,-0.00518292933702,0.0104900784791,-0.00974395032972,0.0205588340759,-0.00936173088849,0.00950028095394,-0.00729553820565],[-0.0014291969128,-0.000812711019535,-0.00154097843915,-0.000504294584971,0.000623300147709,-0.00238741445355,0.00558084249496,-0.00845986232162,0.00685689691454,-0.00936173088849,0.0254292283207,-0.0134900230914,0.0118120713159],[0.00211154180579,0.000166715748492,0.00135425885674,0.000302899134113,-0.000340763130225,0.00462597608566,-0.00494105136022,0.0080796033144,-0.00724792294204,0.00950028095394,-0.0134900230914,0.0283579193056,-0.0120614822954],[-0.00248330784962,0.00370850251056,-0.00343213463202,0.000770281418227,-0.000700467382558,0.000254813494394,0.0024507669732,-0.00687715550885,0.00556735228747,-0.00729553820565,0.0118120713159,-0.0120614822954,0.0235932692885]],"mean":[-205.834243774,72.5040130615,-60.1083984375,44.3137969971,-29.3545150757,-6.50030565262,-26.6999893188,-0.798952758312,-11.2966136932,-3.19143843651,-3.6835038662,-0.853502690792,-10.8601074219]},"hfc":{"dmean":4.83388948441,"dmean2":6.87887525558,"dvar":308.613220215,"dvar2":615.258850098,"max":331.668304443,"mean":7.54898166656,"median":0.0989038869739,"min":0.00419759750366,"var":580.72277832},"melbands":{"dmean":[0.000375749892555,0.000376045616576,0.000578069011681,0.000268981588306,0.000252263183938,0.000312534102704,0.000149634783156,0.0000701629396644,0.0000694376285537,0.0000267683280981,0.00000692757430443,0.00000483271651319,0.00000354401277036,0.00000270837335847,0.00000374451292373,0.0000029186564916,0.00000501834983879,0.00000440182384409,0.00000411304426962,0.00000432095293945,0.00000615465569354,0.00000932190960157,0.0000101174318843,0.00000861831813381,0.00000537610367246,0.00000322763025906,0.00000240979693444,0.00000263044194071,0.0000059775511545,0.00000494413870911,0.00000465356652057,0.00000242910550696,9.89132558971e-7,6.75360638525e-7,6.28483746823e-7,5.37588618954e-7,1.17240823272e-7,5.19109626396e-8,4.35668106036e-8,2.78761529415e-8],"dmean2":[0.000644913117867,0.00058980967151,0.000752177496906,0.000374281051336,0.000337764940923,0.000435110385297,0.000207441276871,0.0000973654387053,0.0000911095849006,0.00003805637607,0.00000987460407487,0.00000732064563636,0.00000549531296201,0.00000407927063861,0.000006177749583,0.00000459990360469,0.00000858546809468,0.0000072353750511,0.00000697332052368,0.00000698881603967,0.00000988533520285,0.0000163343102031,0.000017908110749,0.0000147890195876,0.00000891102627065,0.00000546629189557,0.00000390215063817,0.00000409904578191,0.0000086992931756,0.00000692149478709,0.00000653999586575,0.00000349742890648,0.00000144000762248,0.00000100839974948,9.8089083167e-7,8.14727002307e-7,1.81175010994e-7,7.99271475671e-8,6.75540405837e-8,4.00527895295e-8],"dvar":[0.0000444477045676,0.00000848792933539,0.00000238264601649,0.00000144672333136,0.00000216908733819,0.00000162788410307,3.66966105503e-7,6.97969397834e-8,2.845874576e-7,4.68926053543e-8,1.05627218083e-9,5.60214208356e-10,5.30095356499e-10,1.78621714642e-10,3.97201688207e-10,1.83898563044e-10,2.30875496499e-9,1.11480402687e-9,9.89568316179e-10,6.7652572433e-10,3.04639646842e-9,7.96661225877e-9,8.0138056191e-9,5.72944180988e-9,1.72433700651e-9,3.63654356628e-10,1.57525451017e-10,2.87327300841e-10,2.81754397591e-9,1.36971445297e-9,1.14025255904e-9,2.43367576092e-10,4.40471686902e-11,2.73849640881e-11,2.25651632796e-11,2.70354450632e-11,4.2585588376e-13,7.43246542328e-14,1.05851925261e-13,5.07657948339e-14],"dvar2":[0.000127594801597,0.0000234830331465,0.00000356942996405,0.00000221934624278,0.00000332576246365,0.00000308510129798,6.0138546587e-7,1.35703089654e-7,5.54768007532e-7,9.72659393028e-8,1.84128234881e-9,1.21565324473e-9,1.16888076995e-9,4.40113390177e-10,1.03635211524e-9,4.50815468289e-10,6.65321664428e-9,3.02615688064e-9,2.83040280102e-9,1.38281064377e-9,7.24974524857e-9,2.23546177125e-8,2.30511822963e-8,1.53021559868e-8,4.2405692291e-9,9.62628088352e-10,3.6098046774e-10,7.12560954685e-10,6.18736217817e-9,2.14537143606e-9,2.01652072818e-9,4.3832609764e-10,7.04622749037e-11,5.42695818839e-11,5.03361102799e-11,6.08310832262e-11,1.00984910538e-12,1.52173385655e-13,2.07698821249e-13,9.18888378473e-14],"max":[0.211160615087,0.0935358777642,0.0307871960104,0.038857806474,0.0536153763533,0.0398627370596,0.0166033506393,0.00623328704387,0.019136691466,0.00781211769208,0.00114239833783,0.000719234521966,0.000542262161616,0.000273603829555,0.00041542618419,0.000329584610881,0.00142500351649,0.000871509662829,0.000833764264826,0.000728030572645,0.00176103156991,0.00195060577244,0.00232922122814,0.00209196005017,0.00097672874108,0.000387159612728,0.000221550129936,0.000434714951552,0.00134834577329,0.00101434788667,0.00107858260162,0.000403009617003,0.000154292414663,0.000139017021866,0.000121121207485,0.000164777811733,0.0000175127024704,0.00000752133564674,0.00000951935544435,0.00000875127898325],"mean":[0.00046579996706,0.000692086643539,0.00125860795379,0.0005356882466,0.000483776180772,0.000526171701495,0.000224962481298,0.000112881178211,0.0000936679425649,0.0000325940527546,0.0000111805320557,0.00000634665320831,0.00000428364819527,0.00000332646254719,0.00000437064682046,0.00000357501312465,0.00000464359754915,0.00000379933931072,0.00000348063167621,0.00000437843846157,0.00000559836826142,0.00000708721108822,0.0000083168160927,0.00000744452245272,0.00000469214091936,0.00000313325585921,0.00000292192135021,0.00000293736979984,0.00000629209398539,0.00000680708490108,0.00000560667331229,0.00000297205929201,0.00000133009302772,7.53611743676e-7,7.61100636737e-7,6.21799927103e-7,1.41064319337e-7,6.27325604796e-8,5.05754016444e-8,3.31381180274e-8],"median":[0.0000397032526962,0.0000122432975331,0.00000596969994149,0.00000234159938373,0.0000016126035689,0.00000138396580951,8.61354749304e-7,3.05256492084e-7,1.24645438859e-7,6.92697170734e-8,4.12545375639e-8,3.54401237246e-8,3.14222496911e-8,2.80353891213e-8,3.4019311812e-8,3.49670479238e-8,3.11335242031e-8,2.90900121769e-8,2.52769680742e-8,2.96216331463e-8,3.87501231103e-8,4.25071426946e-8,5.13912006284e-8,5.4534112337e-8,3.0886628366e-8,2.47876918991e-8,1.91947808759e-8,1.17510916553e-8,7.68594077272e-9,5.11692244132e-9,4.36336566878e-9,4.15227496831e-9,4.11888168017e-9,3.48083406543e-9,3.00266989051e-9,2.714514169e-9,2.37012787174e-9,2.01498528973e-9,1.75147540915e-9,1.60423030415e-9],"min":[3.86617031722e-8,3.91903114405e-8,1.29923307668e-8,7.00378732787e-9,4.02909527963e-9,6.52629772446e-9,2.02457295373e-9,4.89374762935e-10,2.83663204037e-10,1.32235866701e-9,8.0258449886e-10,2.40754138847e-10,4.08249961614e-10,1.89521606742e-10,1.13299924998e-10,1.22030469063e-10,1.67609107149e-10,1.53934878733e-10,1.07568717822e-10,2.34769481633e-10,1.9150656061e-10,5.51495377143e-11,8.90060178338e-11,1.77335493512e-10,1.30876962046e-10,1.90376034381e-10,1.17126974786e-10,1.40413777827e-10,1.32063929237e-10,1.44176490191e-10,1.39045192027e-10,1.51888404631e-10,1.99291042002e-10,2.30085617225e-10,1.77387549094e-10,1.39458569692e-10,1.49168455366e-10,1.51673701376e-10,1.15401938006e-10,1.82034151641e-10],"var":[0.0000258658965322,0.00000734710556571,0.00000893502783583,0.00000333072784997,0.00000443488033852,0.00000417013325205,6.96073357176e-7,1.67952890706e-7,3.98745498842e-7,6.3312562304e-8,4.21055457167e-9,9.9328123504e-10,6.39630237664e-10,2.28475002806e-10,4.15874862325e-10,2.32807426115e-10,1.42446032747e-9,7.79170394871e-10,6.06605932152e-10,9.16925646521e-10,2.82219470016e-9,4.98162355811e-9,4.7128487779e-9,4.04047284519e-9,1.46254652833e-9,2.78418926802e-10,1.86784226974e-10,3.01959818261e-10,3.41139383409e-9,3.51108497831e-9,2.27985563761e-9,4.64636079611e-10,9.67086272174e-11,3.94738790266e-11,3.18899767704e-11,3.57789700645e-11,5.44187850164e-13,1.0424151234e-13,1.43780888345e-13,8.57128360258e-14]},"melbands_crest":{"dmean":4.7873415947,"dmean2":8.01247310638,"dvar":20.445148468,"dvar2":53.5755805969,"max":39.4218254089,"mean":20.118391037,"median":18.3427047729,"min":3.60422110558,"var":75.8814163208},"melbands_flatness_db":{"dmean":0.0452458821237,"dmean2":0.0695214271545,"dvar":0.0019192219479,"dvar2":0.00422657327726,"max":0.541263580322,"mean":0.287196755409,"median":0.289429605007,"min":0.0343562327325,"var":0.00690951989964},"melbands_kurtosis":{"dmean":50.8098754883,"dmean2":82.8941574097,"dvar":9517.91601562,"dvar2":23134.8183594,"max":2263.41625977,"mean":86.4224395752,"median":41.1093444824,"min":-1.86610925198,"var":17701.7558594},"melbands_skewness":{"dmean":2.0886464119,"dmean2":3.31519818306,"dvar":5.40322113037,"dvar2":13.3841428757,"max":41.896484375,"mean":6.16023874283,"median":4.95539999008,"min":-3.68942093849,"var":22.4789581299},"melbands_spread":{"dmean":8.39030742645,"dmean2":13.960776329,"dvar":401.146789551,"dvar2":948.801818848,"max":246.872024536,"mean":13.5046539307,"median":5.2528553009,"min":0.226459175348,"var":637.684631348},"mfcc":{"cov":[[19856.0839844,2548.74316406,-1335.2355957,1300.1451416,-1166.60864258,-1478.73706055,-1786.09204102,-437.063140869,-1549.39672852,163.736999512,-295.605407715,-98.8344039917,-125.514572144],[2548.74316406,1778.15466309,151.466796875,125.485641479,33.1086463928,-400.382110596,-258.211914062,-26.7405338287,-499.679290771,-3.62412786484,-78.3386306763,-29.8415164948,34.45885849],[-1335.2355957,151.466796875,669.58190918,41.7853469849,80.2453765869,50.4516639709,69.5395584106,27.8843097687,-17.0738201141,-51.9420928955,-56.136631012,-9.14014434814,23.7718811035],[1300.1451416,125.485641479,41.7853469849,457.627044678,53.0801124573,-156.553649902,-220.467422485,-83.7274475098,-149.882858276,-53.1232147217,-58.0546073914,-21.9525279999,-9.16025161743],[-1166.60864258,33.1086463928,80.2453765869,53.0801124573,499.906463623,55.6272315979,14.4084558487,4.70184659958,-19.618429184,-17.3846130371,-17.2144527435,-13.6397199631,1.61747348309],[-1478.73706055,-400.382110596,50.4516639709,-156.553649902,55.6272315979,319.00579834,170.571426392,9.24575901031,163.282348633,-7.31300258636,47.1780052185,10.4440879822,-10.5377950668],[-1786.09204102,-258.211914062,69.5395584106,-220.467422485,14.4084558487,170.571426392,310.658416748,99.061958313,182.91217041,22.1432666779,35.3554725647,12.1352205276,13.1305894852],[-437.063140869,-26.7405338287,27.8843097687,-83.7274475098,4.70184659958,9.24575901031,99.061958313,154.824752808,50.635635376,16.114900589,4.0601811409,3.72513103485,8.03936195374],[-1549.39672852,-499.679290771,-17.0738201141,-149.882858276,-19.618429184,163.282348633,182.91217041,50.635635376,320.5,3.92885184288,30.4485092163,7.54205465317,-1.98968672752],[163.736999512,-3.62412786484,-51.9420928955,-53.1232147217,-17.3846130371,-7.31300258636,22.1432666779,16.114900589,3.92885184288,96.9126586914,21.2868976593,-4.35145902634,-2.0452837944],[-295.605407715,-78.3386306763,-56.136631012,-58.0546073914,-17.2144527435,47.1780052185,35.3554725647,4.0601811409,30.4485092163,21.2868976593,87.2890625,14.9470672607,-8.43732833862],[-98.8344039917,-29.8415164948,-9.14014434814,-21.9525279999,-13.6397199631,10.4440879822,12.1352205276,3.72513103485,7.54205465317,-4.35145902634,14.9470672607,61.7740859985,10.8890695572],[-125.514572144,34.45885849,23.7718811035,-9.16025161743,1.61747348309,-10.5377950668,13.1305894852,8.03936195374,-1.98968672752,-2.0452837944,-8.43732833862,10.8890695572,64.3486328125]],"icov":[[0.000328360009007,-0.00016515488096,0.000558363157324,-0.000364507868653,0.000738358357921,-0.0000843182497192,0.000996123882942,-0.000241019370151,0.000676803756505,-0.000732113083359,0.000860833621118,-0.0000143704901348,0.000378200697014],[-0.00016515488096,0.00138529983815,-0.000602931482717,0.000868537987117,-0.00051586079644,0.00120484083891,-0.000549048185349,0.000148222476128,0.00139928702265,0.000632274372038,-0.000433432927821,0.000470110710012,-0.000486826873384],[0.000558363157324,-0.000602931482717,0.00285927578807,-0.0011362634832,0.00119759363588,-0.000869498297106,0.000890790543053,-0.000641027349047,0.0012566067744,-0.000604574277531,0.00253591686487,0.0000401083052566,0.000265129870968],[-0.000364507868653,0.000868537987117,-0.0011362634832,0.00467541022226,-0.00134155759588,0.00163319811691,0.00080099364277,0.000993763096631,0.000176059125806,0.00223919888958,-0.000355112424586,0.000794296094682,-0.000181551164133],[0.000738358357921,-0.00051586079644,0.00119759363588,-0.00134155759588,0.00387218873948,-0.0010742378654,0.00205494323745,-0.000821568712126,0.00174440303817,-0.0016197306104,0.00227101356722,0.000307795096887,0.0007412644336],[-0.0000843182497192,0.00120484083891,-0.000869498297106,0.00163319811691,-0.0010742378654,0.00713496981189,-0.00242565851659,0.0020862063393,-0.000276806007605,0.00168500188738,-0.00214398954995,0.000321633502608,0.000883253931534],[0.000996123882942,-0.000549048185349,0.000890790543053,0.00080099364277,0.00205494323745,-0.00242565851659,0.0115718347952,-0.0039313682355,-0.000399171578465,-0.00303821801208,0.00207960838452,-0.0000745744691812,-0.000120669355965],[-0.000241019370151,0.000148222476128,-0.000641027349047,0.000993763096631,-0.000821568712126,0.0020862063393,-0.0039313682355,0.009142418392,-0.000787874800153,0.000087102795078,-0.000292874145089,-0.000163700213307,-0.000181210241863],[0.000676803756505,0.00139928702265,0.0012566067744,0.000176059125806,0.00174440303817,-0.000276806007605,-0.000399171578465,-0.000787874800153,0.00912050809711,-0.000576698861551,0.00204567029141,0.00080717378296,0.000617677753326],[-0.000732113083359,0.000632274372038,-0.000604574277531,0.00223919888958,-0.0016197306104,0.00168500188738,-0.00303821801208,0.000087102795078,-0.000576698861551,0.0140830669552,-0.00448239035904,0.00207899743691,-0.000808513432276],[0.000860833621118,-0.000433432927821,0.00253591686487,-0.000355112424586,0.00227101356722,-0.00214398954995,0.00207960838452,-0.000292874145089,0.00204567029141,-0.00448239035904,0.0173970442265,-0.003396976972,0.00290457019582],[-0.0000143704901348,0.000470110710012,0.0000401083052566,0.000794296094682,0.000307795096887,0.000321633502608,-0.0000745744691812,-0.000163700213307,0.00080717378296,0.00207899743691,-0.003396976972,0.0182117633522,-0.00353708188049],[0.000378200697014,-0.000486826873384,0.000265129870968,-0.000181551164133,0.0007412644336,0.000883253931534,-0.000120669355965,-0.000181210241863,0.000617677753326,-0.000808513432276,0.00290457019582,-0.00353708188049,0.0175610110164]],"mean":[-871.801635742,117.077087402,28.299905777,53.0231361389,20.9786262512,8.09523963928,0.644194841385,6.63848114014,-6.40150785446,4.31915950775,1.68189644814,3.30331206322,2.16834020615]},"pitch_salience":{"dmean":0.104317039251,"dmean2":0.171593829989,"dvar":0.00988541636616,"dvar2":0.0263545643538,"max":0.951732337475,"mean":0.544092953205,"median":0.580182313919,"min":0.050102353096,"var":0.0395665988326},"silence_rate_20dB":{"dmean":0.00225733639672,"dmean2":0.00451722182333,"dvar":0.00225221272558,"dvar2":0.00562598789111,"max":1,"mean":0.998307943344,"median":1,"min":0,"var":0.00168918236159},"silence_rate_30dB":{"dmean":0.011286681518,"dmean2":0.0225861091167,"dvar":0.0111594498158,"dvar2":0.0243343859911,"max":1,"mean":0.979695439339,"median":1,"min":0,"var":0.0198920182884},"silence_rate_60dB":{"dmean":0.0609480813146,"dmean2":0.121964991093,"dvar":0.0572340935469,"dvar2":0.122901380062,"max":1,"mean":0.606881022453,"median":1,"min":0,"var":0.238576501608},"spectral_centroid":{"dmean":377.449310303,"dmean2":609.152832031,"dvar":247754.328125,"dvar2":487128,"max":5274.26123047,"mean":1223.59204102,"median":1041.83959961,"min":177.654266357,"var":797413},"spectral_complexity":{"dmean":1.78103840351,"dmean2":2.63297581673,"dvar":14.3345851898,"dvar2":29.8777599335,"max":50,"mean":4.63451766968,"median":0,"min":0,"var":48.475479126},"spectral_contrast_coeffs":{"dmean":[0.045231115073,0.0446962527931,0.0273034032434,0.0258331540972,0.0223661605269,0.0192349571735],"dmean2":[0.0720281377435,0.0724697038531,0.0444574505091,0.0416239313781,0.034478712827,0.0282863695174],"dvar":[0.00158457655925,0.00174055993557,0.000610838236753,0.000681239180267,0.000662720412947,0.000741542724427],"dvar2":[0.00388301280327,0.0041085598059,0.00149188947398,0.00152105093002,0.00151337613352,0.00137465063017],"max":[-0.349826872349,-0.368150383234,-0.505716860294,-0.603674948215,-0.556763350964,-0.415308356285],"mean":[-0.739983856678,-0.786014616489,-0.869014561176,-0.859284043312,-0.835163533688,-0.808456480503],"median":[-0.775749802589,-0.829278588295,-0.884684145451,-0.878966748714,-0.855219900608,-0.84058713913],"min":[-0.931901216507,-0.943594872952,-0.951959908009,-0.976548731327,-0.920462906361,-0.927536308765],"var":[0.0124129559845,0.0128489118069,0.00263478909619,0.0030774786137,0.00402576569468,0.00508220400661]},"spectral_contrast_valleys":{"dmean":[0.45934677124,0.489732325077,0.418687075377,0.378764539957,0.327851742506,0.21554428339],"dmean2":[0.729210615158,0.743039667606,0.652686059475,0.572172820568,0.47260966897,0.305811434984],"dvar":[0.200109109282,0.268051624298,0.213640645146,0.222285747528,0.229643762112,0.104949489236],"dvar2":[0.38988956809,0.540666043758,0.437199532986,0.481859862804,0.462830632925,0.198060616851],"max":[-5.33910131454,-4.17575979233,-5.77174949646,-6.001308918,-5.48579263687,-8.30275058746],"mean":[-8.36091327667,-8.66007709503,-9.67433261871,-9.80502414703,-9.39939689636,-11.9780092239],"median":[-8.90129089355,-9.23209190369,-10.2658843994,-10.2555418015,-9.89688014984,-12.3555002213],"min":[-12.1026763916,-12.1706142426,-12.2832231522,-12.6784849167,-12.7941770554,-13.4532909393],"var":[1.65281808376,3.00760817528,1.72819662094,1.67422401905,1.78591859341,0.617755174637]},"spectral_decrease":{"dmean":1.77575409932e-9,"dmean2":2.46106268698e-9,"dvar":5.95968080349e-17,"dvar2":1.46301727641e-16,"max":-7.02609967277e-14,"mean":-3.62393470787e-9,"median":-9.27167440046e-11,"min":-2.08317842976e-7,"var":9.22275281006e-17},"spectral_energy":{"dmean":0.00709964009002,"dmean2":0.0098698399961,"dvar":0.000878749648109,"dvar2":0.00215537892655,"max":0.791325747967,"mean":0.0143622476608,"median":0.000361895712558,"min":7.29932821741e-7,"var":0.00138201820664},"spectral_energyband_high":{"dmean":0.000392767804442,"dmean2":0.000533247075509,"dvar":0.00000600133171247,"dvar2":0.00000953810558713,"max":0.0628349632025,"mean":0.000516021100339,"median":0.00000259506305156,"min":1.18058444798e-7,"var":0.0000140510592246},"spectral_energyband_low":{"dmean":0.00243494799361,"dmean2":0.00371469301172,"dvar":0.000582832784858,"dvar2":0.00165082118474,"max":0.775468349457,"mean":0.00455259112641,"median":0.00019716002862,"min":2.35493544665e-7,"var":0.000408722757129},"spectral_energyband_middle_high":{"dmean":0.000647689099424,"dmean2":0.00103587412741,"dvar":0.0000147866749103,"dvar2":0.0000373870097974,"max":0.0799654945731,"mean":0.000728413870092,"median":0.00000913549411052,"min":3.24984235078e-8,"var":0.0000128819656311},"spectral_energyband_middle_low":{"dmean":0.00467989174649,"dmean2":0.00603974005207,"dvar":0.000237165993894,"dvar2":0.000343929219525,"max":0.408005386591,"mean":0.0100528933108,"median":0.0000481952956761,"min":1.48731430727e-7,"var":0.000751670100726},"spectral_entropy":{"dmean":0.226175099611,"dmean2":0.350361466408,"dvar":0.0777546539903,"dvar2":0.16782335937,"max":8.81727600098,"mean":7.55684518814,"median":7.80170345306,"min":5.04228305817,"var":0.564782083035},"spectral_flux":{"dmean":0.0189110152423,"dmean2":0.0298825334758,"dvar":0.00149914307985,"dvar2":0.00359494122677,"max":0.84880310297,"mean":0.0403877235949,"median":0.0127565274015,"min":0.000585089321248,"var":0.00320277758874},"spectral_kurtosis":{"dmean":1.87369418144,"dmean2":2.95633292198,"dvar":8.46990299225,"dvar2":19.2822875977,"max":47.8165473938,"mean":6.02186536789,"median":4.34921789169,"min":-0.122374296188,"var":22.1605796814},"spectral_rms":{"dmean":0.00069481448736,"dmean2":0.000942979007959,"dvar":0.00000188598278328,"dvar2":0.00000368848077414,"max":0.027785340324,"mean":0.00229084980674,"median":0.000594196084421,"min":0.0000266857568931,"var":0.00000876395097293},"spectral_rolloff":{"dmean":384.851745605,"dmean2":668.95501709,"dvar":962925,"dvar2":2260356,"max":17614.1601562,"mean":733.126525879,"median":258.3984375,"min":21.533203125,"var":2304223.75},"spectral_skewness":{"dmean":0.266596227884,"dmean2":0.407654285431,"dvar":0.132071763277,"dvar2":0.280550301075,"max":5.63803625107,"mean":1.73294949532,"median":1.64350831509,"min":-0.68663674593,"var":0.437632143497},"spectral_spread":{"dmean":577226.125,"dmean2":891333.6875,"dvar":795759411200,"dvar2":1783751376900,"max":26626996,"mean":5811998,"median":5169829.5,"min":1342547.5,"var":7051082727420},"spectral_strongpeak":{"dmean":0.257152527571,"dmean2":0.415393441916,"dvar":0.764470517635,"dvar2":1.83508646488,"max":15.1816892624,"mean":0.388985902071,"median":0.0183383282274,"min":0,"var":1.07815110683},"zerocrossingrate":{"dmean":0.0174138955772,"dmean2":0.0210410337895,"dvar":0.000346080516465,"dvar2":0.000481111783301,"max":0.361328125,"mean":0.05984460935,"median":0.048828125,"min":0.00390625,"var":0.00190673943143}},"metadata":{"audio_properties":{"analysis_sample_rate":44100,"bit_rate":0,"codec":"flac","downmix":"mix","equal_loudness":0,"length":41.1333351135,"lossless":true,"md5_encoded":"1af82d66e19f0aacd3083a4b0c0e778e","replay_gain":6.4901599884},"tags":{"acoustid_id":["dd96fa85-8363-4852-9ae3-8eba45413f25"],"album":["Family Man"],"albumartist":["Black Flag"],"albumartistsort":["Black Flag"],"artist":["Black Flag"],"artists":["Black Flag"],"artistsort":["Black Flag"],"asin":["B000000LZQ"],"barcode":["018861002620"],"catalognumber":["SST CD 026"],"date":["1990-10-25"],"file_name":"06 - No Deposit - No Return.flac","label":["SST Records"],"media":["CD"],"musicbrainz_albumartistid":["9941a936-196a-4a62-ae53-a69cbc33f20e"],"musicbrainz_albumid":["29888d56-d9f0-41d3-b77c-b42f46200d14"],"musicbrainz_artistid":["9941a936-196a-4a62-ae53-a69cbc33f20e"],"musicbrainz_recordingid":["9e49012d-c8fc-4cc0-90ea-7aaec492d749"],"musicbrainz_releasegroupid":["81494ca4-5c93-3328-90eb-e048d0439d85"],"musicbrainz_releasetrackid":["ca3cef47-e283-3675-bcfa-9927d1772e64"],"originaldate":["1984"],"releasecountry":["US"],"releasestatus":["official"],"releasetype":["album"],"script":["Latn"],"title":["No Deposit - No Return"],"totaltracks":["11"],"tracknumber":["6"],"tracktotal":["11"]},"version":{"essentia":"2.1-beta1","essentia_build_sha":"54ffb56abb88f53c1299e8e9be4cb4f9c55282f9","essentia_git_sha":"v2.1_beta1-6-g5578087","extractor":"music 1.0"}},"rhythm":{"beats_count":72,"beats_loudness":{"dmean":0.0290137678385,"dmean2":0.0510241128504,"dvar":0.00236937077716,"dvar2":0.0058412081562,"max":0.320243269205,"mean":0.0228308215737,"median":0.00127451238222,"min":0.0000159950814123,"var":0.00205214321613},"beats_loudness_band_ratio":{"dmean":[0.289829999208,0.1454678475