{"lowlevel":{"average_loudness":0.936200976372,"barkbands":{"dmean":[0.00078088947339,0.00631737941876,0.00278961285949,0.00145629607141,0.00237382063642,0.000813292863313,0.00051988841733,0.00035992753692,0.000513871491421,0.000323967833538,0.000274950551102,0.000538178544957,0.000359752302757,0.000374758412363,0.00034737837268,0.000486001663376,0.000686852843501,0.000238806256675,0.000182337011211,0.000101093799458,0.0000562616623938,0.0000427886698162,0.0000406554681831,0.0000273282803391,0.0000324190368701,0.0000169441536855,0.00000589490900893],"dmean2":[0.00114434480201,0.0108876079321,0.00482941931114,0.00249151070602,0.00396785000339,0.00136234692764,0.00086399144493,0.000557092542294,0.000815260165837,0.000490183767397,0.000411688204622,0.000854900164995,0.000587201910093,0.000622415682301,0.000575724523515,0.000811619625892,0.00114392209798,0.000395842362195,0.000301392545225,0.000165456483955,0.0000941514299484,0.0000673539398122,0.000062352999521,0.0000414423629991,0.0000465730809083,0.0000243674930971,0.00000894776167115],"dvar":[0.00000240893291448,0.000146426333231,0.000032186795579,0.00000522198752151,0.0000181809591595,0.00000229349529945,0.00000157514659804,0.00000130667388021,0.00000229866600421,0.00000161531363574,8.41387986839e-7,0.00000127766952573,8.53811059187e-7,5.21839410794e-7,2.85900540575e-7,4.31466077089e-7,0.00000103455704448,1.16932881156e-7,5.91734163891e-8,2.77083387346e-8,8.41678460262e-9,8.75418848523e-9,1.24746293295e-8,1.22586367723e-8,2.64978936571e-8,3.53687146237e-9,4.24856538839e-10],"dvar2":[0.00000472709916721,0.000399719603593,0.0000912639006856,0.0000146871889228,0.0000498343470099,0.00000626700966677,0.00000395598726755,0.00000256904627349,0.00000512054612045,0.00000317282024298,0.00000159439980507,0.00000274614717455,0.00000199077771867,0.00000134104777771,7.15329633749e-7,0.00000112293287202,0.00000263556353275,2.97789199522e-7,1.52482698468e-7,6.66986537112e-8,2.16835829292e-8,2.01845473669e-8,2.71382880612e-8,2.29075158842e-8,4.6882508542e-8,7.57578622057e-9,1.08329234472e-9],"max":[0.0157729443163,0.127937614918,0.0786653459072,0.027173191309,0.0550882481039,0.0263652354479,0.0392763763666,0.0317353792489,0.0325985588133,0.0386083498597,0.0297355651855,0.0291822496802,0.0279342494905,0.0229541696608,0.00977706722915,0.0132367890328,0.0257429163903,0.00699209887534,0.00645858794451,0.00413388153538,0.00252865999937,0.00198745215312,0.00301272538491,0.00372073706239,0.0066302488558,0.00325606018305,0.000945477804635],"mean":[0.000924087769818,0.00947662722319,0.00459777051583,0.0023353905417,0.00439549144357,0.00133111490868,0.000792205275502,0.000625068088993,0.000958111195359,0.000526441901457,0.000436902046204,0.00107716384809,0.000704039004631,0.000718655704986,0.000758022884838,0.00114135537297,0.00172331405338,0.000634488940705,0.000506725802552,0.000269560114248,0.000144508885569,0.0000933466144488,0.0000902592655621,0.0000598230726609,0.0000662361489958,0.0000411350447393,0.0000108846979856],"median":[0.000109386222903,0.00599552830681,0.00218317774124,0.00151550339069,0.00277379155159,0.000848737312481,0.000351288617821,0.000181874755071,0.000340877799317,0.000152713284479,0.00014632276725,0.000574335455894,0.000342340063071,0.000498899375089,0.000556407030672,0.000972488196567,0.00124535895884,0.00050563988043,0.000414103356889,0.000191583909327,0.0000961358091445,0.0000374577357434,0.0000296648231597,0.0000223633178393,0.0000210229100048,0.0000161474981724,0.00000322280220644],"min":[1.11370753976e-25,2.25510207583e-24,6.03110786097e-25,1.9516053947e-24,5.86146056229e-24,4.47533255534e-24,5.31991346731e-24,6.07532548686e-24,1.62001501015e-23,1.35874569829e-23,1.10472081167e-23,9.84960839978e-24,1.73157114398e-23,2.22087758211e-23,4.77459356617e-23,4.50080298071e-23,5.51939532766e-23,8.60459814245e-23,1.07442047498e-22,1.47082118658e-22,2.52179318136e-22,3.42903244728e-22,4.0788448166e-22,5.6457681941e-22,8.87754830706e-22,1.36325059893e-21,1.81814440003e-21],"var":[0.00000351465882886,0.00015270235599,0.0000389606429962,0.00000751073230276,0.0000265607905021,0.00000293834364129,0.00000433812238043,0.00000371684132006,0.00000502726425111,0.00000396874111175,0.0000018100276975,0.00000446341437055,0.00000279803657577,0.00000110038115508,7.33670844966e-7,0.0000012252110082,0.00000418913077738,4.09147020264e-7,2.31377356386e-7,8.03903716928e-8,2.65712873926e-8,2.06905692579e-8,2.78604037618e-8,2.53299674569e-8,5.03627362036e-8,7.02182978429e-9,4.94331631185e-10]},"barkbands_crest":{"dmean":2.19596719742,"dmean2":3.65953540802,"dvar":4.74543380737,"dvar2":12.5154266357,"max":26.3103370667,"mean":9.69305896759,"median":8.98217010498,"min":2.88513183594,"var":13.6120510101},"barkbands_flatness_db":{"dmean":0.0178612209857,"dmean2":0.0275302696973,"dvar":0.000373724353267,"dvar2":0.000837753410451,"max":0.556989014149,"mean":0.139174669981,"median":0.110551543534,"min":0.0186662469059,"var":0.00637266878039},"barkbands_kurtosis":{"dmean":1.82082843781,"dmean2":2.95528674126,"dvar":25.9075336456,"dvar2":50.4539031982,"max":440.58605957,"mean":1.77464318275,"median":0.342258691788,"min":-1.85588085651,"var":89.8940963745},"barkbands_skewness":{"dmean":0.43885743618,"dmean2":0.697477400303,"dvar":0.269107192755,"dvar2":0.639231622219,"max":18.3862876892,"mean":1.18818163872,"median":1.15902733803,"min":-4.9472079277,"var":1.01751196384},"barkbands_spread":{"dmean":4.9890460968,"dmean2":7.96880483627,"dvar":38.361995697,"dvar2":94.9924163818,"max":128.474243164,"mean":27.6554794312,"median":27.4938430786,"min":0.542514741421,"var":225.691223145},"dissonance":{"dmean":0.0126275122166,"dmean2":0.0210186149925,"dvar":0.000401081691962,"dvar2":0.00101861730218,"max":0.500000178814,"mean":0.468241661787,"median":0.48591080308,"min":0,"var":0.00230977893807},"dynamic_complexity":5.92780208588,"erbbands":{"dmean":[0.173968970776,1.49872934818,3.3989713192,3.84872794151,7.01611614227,8.48714923859,5.51836872101,6.70064353943,7.08549928665,7.37656450272,9.04979991913,10.8960752487,10.4474248886,9.60143661499,12.676779747,20.7871456146,15.4509153366,18.5801353455,15.9619979858,17.0586719513,30.3321895599,34.9742698669,13.1559114456,10.5225849152,7.10652494431,4.34980392456,3.03296923637,1.70824575424,1.44211745262,1.64375317097,0.994847714901,0.586487591267,0.485803991556,0.432291686535,0.203077241778,0.0862938761711,0.0303589813411,0.00849874783307,0.000854517915286,0.000047790537792],"dmean2":[0.294417589903,2.61939787865,5.88764619827,6.70859289169,11.863035202,13.9642562866,9.00942802429,11.514251709,11.7956905365,11.8871583939,14.0334215164,17.2830047607,16.0704669952,14.5612545013,19.0285167694,32.8502006531,24.5439376831,30.825460434,26.2936573029,28.1351623535,50.4930686951,57.6865158081,21.6653690338,17.3768730164,11.7274532318,6.99922847748,5.03286743164,2.8606569767,2.29609298706,2.48275542259,1.53522074223,0.908755362034,0.730815649033,0.628833115101,0.293646663427,0.12607896328,0.0444247946143,0.0126746818423,0.00128238915931,0.0000724396886653],"dvar":[0.121600545943,8.17267227173,44.8004493713,49.9653511047,159.394836426,200.863098145,75.0077896118,204.776138306,267.156555176,393.32119751,633.831237793,983.85345459,1373.96643066,1290.68884277,1452.72216797,1691.9095459,1585.07348633,1333.38513184,672.006530762,507.342437744,1630.46057129,3059.07958984,334.196838379,194.541503906,116.655044556,52.6028175354,24.1010627747,9.25132274628,10.0779666901,17.7143745422,8.01720046997,4.39462566376,4.73289060593,5.06681871414,0.93223553896,0.12723493576,0.0106698926538,0.000820450368337,0.00000819658725959,1.61793671793e-8],"dvar2":[0.305751413107,23.1199531555,127.153373718,142.966751099,437.255981445,553.739013672,193.085174561,566.595214844,666.299194336,929.647766113,1276.07763672,2260.01806641,2976.91357422,2565.33178711,2708.85986328,3515.453125,3645.56225586,3367.47363281,1697.47241211,1298.31958008,4162.19482422,7392.65136719,892.663635254,500.950958252,290.705291748,123.930740356,61.2872886658,24.8144416809,24.2720623016,38.1760292053,17.2307987213,9.0735502243,8.4500617981,9.24996757507,1.6693829298,0.262376874685,0.0242435131222,0.00204914039932,0.0000203876588785,3.9196770274e-8],"max":[3.53687238693,29.7664146423,80.4244537354,84.4986724854,177.977081299,196.114761353,145.664260864,289.503845215,505.93951416,435.683898926,709.212890625,675.834655762,1297.11999512,1426.63586426,1435.68981934,1319.77087402,1305.97583008,1330.8046875,656.262451172,517.121520996,800.520019531,1609.05712891,377.239898682,444.492431641,411.108062744,173.190383911,130.536712646,58.9984893799,73.5548553467,104.810302734,75.7662734985,54.3200683594,92.685760498,115.419937134,40.339969635,19.997385025,4.85527992249,1.25817251205,0.116390645504,0.00385536649264],"mean":[0.21042740345,2.32195782661,5.97604227066,6.36712360382,12.4193353653,15.2986574173,10.9442014694,9.93696022034,11.2447986603,11.4023838043,16.7974777222,20.7347259521,17.6210403442,18.353559494,23.5410270691,42.7051353455,34.4349212646,36.9383773804,36.6756439209,43.8346405029,78.9191513062,91.5455474854,39.6143875122,30.553647995,21.197719574,12.2230558395,7.9719285965,4.14855051041,3.13548612595,3.7100276947,2.24145650864,1.28715848923,1.0099915266,0.820277869701,0.423152446747,0.194694444537,0.0685540810227,0.0177269987762,0.00167274661362,0.000120225027786],"median":[0.094628199935,1.53847396374,4.09053945541,4.81559705734,7.78380393982,9.66018104553,7.20587825775,6.19402074814,5.79832363129,4.10433149338,5.86606311798,7.89755058289,6.59921264648,5.57630681992,11.1110973358,24.4157180786,17.7158870697,25.1456222534,27.8202037811,37.6323738098,66.5076828003,67.3471069336,32.1303787231,25.7626457214,15.9393339157,8.64205265045,5.94492435455,2.52613449097,1.31248617172,1.10251653194,0.81727039814,0.514033079147,0.363110750914,0.255535423756,0.132790520787,0.0692923143506,0.0263089109212,0.00617871293798,0.000559321371838,0.0000794481893536],"min":[8.32085118573e-23,4.21321547044e-22,8.72361718443e-22,3.99216387157e-21,1.95343709975e-20,1.64659364373e-20,2.72094470904e-20,3.79989486625e-20,1.35894892048e-19,7.96448461728e-20,2.23774948066e-19,3.87751510386e-19,4.19544843464e-19,6.93609503491e-19,9.08518626354e-19,6.43090533254e-19,1.0144472722e-18,1.44910710945e-18,1.67057613646e-18,3.06068427853e-18,2.70099512892e-18,4.68060894076e-18,4.144408961e-18,4.05188260564e-18,5.3720744438e-18,7.31506421363e-18,7.91165582273e-18,1.00474651157e-17,1.04799060409e-17,9.26178250008e-18,1.18551922438e-17,9.85206106674e-18,9.83869217368e-18,8.37696228808e-18,6.39116426719e-18,4.31827901704e-18,2.47104470889e-18,9.09696324751e-19,2.60265038512e-19,2.58288810324e-20],"var":[0.123025670648,8.41011714935,52.653881073,52.7963294983,234.057693481,312.754516602,160.554870605,218.321807861,647.672851562,868.347839355,1739.27185059,2294.0637207,3049.83764648,3568.30297852,3535.70751953,5942.98291016,5823.86914062,3167.83081055,1743.1171875,1529.38830566,5849.92333984,11653.7167969,1474.69335938,834.156066895,457.308654785,163.693618774,70.1529312134,23.5020675659,21.5879020691,47.1407623291,16.9471492767,8.54305553436,9.55103683472,9.31362915039,1.72854506969,0.229120403528,0.0188065581024,0.00117450975813,0.0000106284169306,2.40090276549e-8]},"erbbands_crest":{"dmean":2.03670835495,"dmean2":3.31242489815,"dvar":3.86811280251,"dvar2":9.36114597321,"max":27.570772171,"mean":8.58945941925,"median":7.54974412918,"min":2.05850553513,"var":15.4315261841},"erbbands_flatness_db":{"dmean":0.0116523075849,"dmean2":0.0173891745508,"dvar":0.000157961141667,"dvar2":0.000296515441732,"max":0.499215036631,"mean":0.167234376073,"median":0.141766473651,"min":0.0218892395496,"var":0.00532767223194},"erbbands_kurtosis":{"dmean":0.778526723385,"dmean2":1.23490858078,"dvar":1.66591072083,"dvar2":3.51612782478,"max":94.0725021362,"mean":0.582977473736,"median":0.248150348663,"min":-1.72114443779,"var":5.51960229874},"erbbands_skewness":{"dmean":0.27882489562,"dmean2":0.436814337969,"dvar":0.0756946876645,"dvar2":0.16817997396,"max":8.63748931885,"mean":-0.464000403881,"median":-0.63238209486,"min":-2.93038606644,"var":0.619545578957},"erbbands_spread":{"dmean":5.88823986053,"dmean2":9.39734840393,"dvar":40.5750274658,"dvar2":102.093322754,"max":142.196243286,"mean":33.1739349365,"median":32.1959762573,"min":2.77472758293,"var":177.971954346},"gfcc":{"cov":[[50065.8710938,456.934417725,-1431.19482422,4440.22216797,1187.6607666,2049.61303711,-497.250976562,1589.94213867,-465.476013184,186.998825073,-721.784179688,596.03918457,-540.731445312],[456.934417725,2181.69848633,-694.847351074,-188.669998169,199.275939941,-430.973724365,13.6572217941,-221.22467041,55.0185203552,-153.504516602,92.0459976196,-267.938293457,67.0643005371],[-1431.19482422,-694.847351074,1535.57800293,298.456237793,403.152404785,432.137451172,137.778106689,205.168548584,41.2929573059,111.623497009,-66.4948425293,168.901870728,-93.4954910278],[4440.22216797,-188.669998169,298.456237793,1052.3013916,496.908813477,426.45614624,136.079437256,320.41394043,61.1378593445,50.9118843079,-28.6410160065,87.2286071777,-13.7666492462],[1187.6607666,199.275939941,403.152404785,496.908813477,653.534057617,236.393325806,194.729141235,186.43762207,53.8666191101,26.2289543152,1.55763101578,38.9042930603,9.58597183228],[2049.61303711,-430.973724365,432.137451172,426.45614624,236.393325806,430.359924316,84.709777832,198.381362915,-19.3786945343,57.4750518799,-63.0637245178,117.3048172,-59.7085494995],[-497.250976562,13.6572217941,137.778106689,136.079437256,194.729141235,84.709777832,170.894683838,72.9324035645,56.6209793091,3.04093837738,15.2004547119,3.76586723328,22.9428977966],[1589.94213867,-221.22467041,205.168548584,320.41394043,186.43762207,198.381362915,72.9324035645,206.47013855,44.4404754639,46.313495636,-35.6779251099,55.7045707703,-13.2491426468],[-465.476013184,55.0185203552,41.2929573059,61.1378593445,53.8666191101,-19.3786945343,56.6209793091,44.4404754639,103.527160645,20.841917038,29.9136257172,-21.8522968292,25.6611690521],[186.998825073,-153.504516602,111.623497009,50.9118843079,26.2289543152,57.4750518799,3.04093837738,46.313495636,20.841917038,69.2984542847,12.1947822571,37.1260147095,-10.0261173248],[-721.784179688,92.0459976196,-66.4948425293,-28.6410160065,1.55763101578,-63.0637245178,15.2004547119,-35.6779251099,29.9136257172,12.1947822571,82.1962051392,-2.80679583549,34.9014205933],[596.03918457,-267.938293457,168.901870728,87.2286071777,38.9042930603,117.3048172,3.76586723328,55.7045707703,-21.8522968292,37.1260147095,-2.80679583549,102.170349121,-4.01448583603],[-540.731445312,67.0643005371,-93.4954910278,-13.7666492462,9.58597183228,-59.7085494995,22.9428977966,-13.2491426468,25.6611690521,-10.0261173248,34.9014205933,-4.01448583603,78.1985931396]],"icov":[[0.000135666268761,-0.000259162596194,0.000342190585798,-0.000473699881695,0.0000821254870971,-0.000126236860524,0.000541738525499,-0.000627580564469,0.000271552969934,-0.0002748753177,0.000779291731305,-0.00099389476236,0.000591190881096],[-0.000259162596194,0.00156821636483,-0.000311635114485,0.0010344783077,-0.00133755116258,0.000492842285894,-0.000410151958931,0.00184784957673,-0.00113815150689,0.00164665048942,-0.00207344745286,0.00328231439926,-0.00067525357008],[0.000342190585798,-0.000311635114485,0.00228936807252,-0.000717953662388,-0.00096398947062,-0.00115528830793,0.00153596349992,-0.000523632916156,-0.00127592333592,-0.000820004846901,0.00284792738967,-0.0038500695955,0.00278579257429],[-0.000473699881695,0.0010344783077,-0.000717953662388,0.00456452881917,-0.00181887473445,-0.00190954073332,-0.000125945487525,-0.000223558352445,-0.00220115622506,0.00268623093143,-0.00431420188397,0.00412394246086,-0.00224961573258],[0.0000821254870971,-0.00133755116258,-0.00096398947062,-0.00181887473445,0.00515647837892,0.000325799104758,-0.0033922358416,-0.00225301971659,0.0031234594062,-0.00159758608788,0.0000264172085735,-0.000606579298619,-0.000800330773927],[-0.000126236860524,0.000492842285894,-0.00115528830793,-0.00190954073332,0.000325799104758,0.0098906038329,-0.0041980962269,-0.00186144234613,0.00394600490108,-0.00155899382662,0.00170470634475,-0.00316603016108,0.00299715693109],[0.000541738525499,-0.000410151958931,0.00153596349992,-0.000125945487525,-0.0033922358416,-0.0041980962269,0.0154867088422,-0.00379106751643,-0.00494056893513,0.00430559087545,-0.000196351902559,-0.00168212433346,0.000110998516902],[-0.000627580564469,0.00184784957673,-0.000523632916156,-0.000223558352445,-0.00225301971659,-0.00186144234613,-0.00379106751643,0.0214045215398,-0.0100242486224,-0.0034706229344,0.00586625095457,0.000198250389076,-0.00275959959254],[0.000271552969934,-0.00113815150689,-0.00127592333592,-0.00220115622506,0.0031234594062,0.00394600490108,-0.00494056893513,-0.0100242486224,0.0248243547976,-0.00818879529834,-0.00474208360538,0.00736916251481,-0.00337930489331],[-0.0002748753177,0.00164665048942,-0.000820004846901,0.00268623093143,-0.00159758608788,-0.00155899382662,0.00430559087545,-0.0034706229344,-0.00818879529834,0.0289259031415,-0.0107226064429,-0.00327026098967,0.00434747524559],[0.000779291731305,-0.00207344745286,0.00284792738967,-0.00431420188397,0.0000264172085735,0.00170470634475,-0.000196351902559,0.00586625095457,-0.00474208360538,-0.0107226064429,0.029540585354,-0.0125316185877,-0.00148413155694],[-0.00099389476236,0.00328231439926,-0.0038500695955,0.00412394246086,-0.000606579298619,-0.00316603016108,-0.00168212433346,0.000198250389076,0.00736916251481,-0.00327026098967,-0.0125316185877,0.0328476279974,-0.0109388697892],[0.000591190881096,-0.00067525357008,0.00278579257429,-0.00224961573258,-0.000800330773927,0.00299715693109,0.000110998516902,-0.00275959959254,-0.00337930489331,0.00434747524559,-0.00148413155694,-0.0109388697892,0.0240433830768]],"mean":[-41.0483016968,93.2746658325,-125.820472717,26.0561599731,-29.1500053406,0.262180149555,-39.2439575195,2.72659921646,-23.8978385925,-2.37093663216,-14.9120559692,-0.538145422935,-10.8428936005]},"hfc":{"dmean":4.90587282181,"dmean2":7.76750802994,"dvar":42.1493492126,"dvar2":97.1702194214,"max":167.011230469,"mean":25.1544628143,"median":23.1905612946,"min":1.07050068664e-16,"var":316.322875977},"melbands":{"dmean":[0.00163745239843,0.00183829967864,0.000686103594489,0.000619173166342,0.000191312006791,0.000150624444359,0.000107959611341,0.0000792269929661,0.0000774326908868,0.0000712411128916,0.0000537014311703,0.0000405084101658,0.0000378946315323,0.0000626885084785,0.0000503426053911,0.0000330545735778,0.0000371157511836,0.0000271696480922,0.000028073989597,0.0000284398211079,0.0000442508571723,0.0000461244308099,0.0000178902209882,0.0000119410487969,0.00000962791727943,0.00000700590908309,0.00000474577382192,0.00000303993738271,0.0000023105415039,0.00000139658322951,0.00000101224327409,8.25766619528e-7,9.28697090785e-7,0.00000102365697785,6.71269447139e-7,4.29170427196e-7,3.6613008092e-7,3.34362596277e-7,4.00109627208e-7,3.85057234098e-7],"dmean2":[0.00277314148843,0.00320699694566,0.00118496606592,0.00104053551331,0.000312126649078,0.000256452476606,0.000179792274139,0.00012531907123,0.000119998090668,0.000113164860522,0.0000824662856758,0.0000613289885223,0.0000555562510272,0.0000982966666925,0.0000793271101429,0.0000538188833161,0.0000614466916886,0.0000447245874966,0.0000466693636554,0.0000472694518976,0.0000738285743864,0.0000763392672525,0.0000299678722513,0.0000198258367163,0.0000160055333254,0.0000116047531264,0.00000783497671364,0.00000493204106533,0.00000384545319321,0.00000234164986068,0.00000169821032614,0.0000013469662008,0.00000143630359162,0.00000155825512138,0.00000104609625851,6.67614358463e-7,5.73020145112e-7,5.12969393185e-7,5.96754944127e-7,5.6786842606e-7],"dvar":[0.000010009757716,0.0000128461169879,0.00000130602631998,0.00000130193143377,7.93655416942e-8,9.57384926892e-8,6.33716581433e-8,4.75906674069e-8,4.06615114912e-8,4.83021196374e-8,3.72888955269e-8,2.5466356135e-8,1.57137112211e-8,2.11996749044e-8,1.33535156266e-8,6.14017992007e-9,5.72334357685e-9,2.10513739773e-9,1.98220129199e-9,1.59139412759e-9,3.78306141968e-9,5.39001598909e-9,6.13241346592e-10,2.62880911484e-10,1.6879099507e-10,1.02728471563e-10,6.24550758332e-11,2.75687996737e-11,1.39936829485e-11,6.07238218042e-12,3.60937646958e-12,3.42207620747e-12,4.45600804519e-12,7.49411817325e-12,3.55488251683e-12,2.03780026707e-12,1.72186809082e-12,2.01525601762e-12,4.12109192258e-12,3.79737344e-12],"dvar2":[0.000026034676921,0.0000367125539924,0.00000373037983081,0.0000035849041069,2.07192869084e-7,2.64671626837e-7,1.61091975315e-7,1.04738496987e-7,8.2566856463e-8,1.11632125765e-7,7.94682009087e-8,5.01885146775e-8,2.97764763957e-8,4.38489067278e-8,2.95279711793e-8,1.44345708719e-8,1.43943568176e-8,5.2684629992e-9,4.92369522931e-9,4.09460465534e-9,9.5509502529e-9,1.32391306806e-8,1.63308089274e-9,6.87515711029e-10,4.35597585779e-10,2.60494653626e-10,1.53821982929e-10,6.45079337169e-11,3.61159643858e-11,1.57207614981e-11,9.7486515388e-12,8.64418259194e-12,9.78551094322e-12,1.64762908178e-11,7.79295725173e-12,4.54639667927e-12,3.60666466311e-12,4.0074697033e-12,6.99183246022e-12,7.1823727521e-12],"max":[0.0351882167161,0.036146890372,0.0128342676908,0.015361729078,0.00506127951667,0.00587857980281,0.00755679700524,0.00585909746587,0.00480467779562,0.004483981058,0.00670536374673,0.00629383465275,0.00468303263187,0.00398997683078,0.00316452025436,0.00252670771442,0.00276201427914,0.00143293954898,0.000939254998229,0.00125205621589,0.00134601583704,0.00229032919742,0.000729042396415,0.000356272561476,0.000418618350523,0.000251522171311,0.000211142352782,0.000136290109367,0.0000896745477803,0.0000847279297886,0.0000312277879857,0.0000445465630037,0.0000440339499619,0.0000660704317852,0.0000530482466274,0.0000497348992212,0.0000349274341715,0.0000461357158201,0.000101565594377,0.000094115275715],"mean":[0.00234351260588,0.00322628137656,0.00127962697297,0.00109248433728,0.000414222071413,0.000232500518905,0.000172851941898,0.00012664856331,0.000143947050674,0.000131721055368,0.0000867837152327,0.0000734751520213,0.0000635765754851,0.000117256182421,0.000100382480014,0.0000675147894071,0.0000677921707393,0.000055266515119,0.0000604342931183,0.000063641135057,0.00010164581181,0.000109387816337,0.0000457826790807,0.0000289659983537,0.0000244206312345,0.0000181497616722,0.0000116380679174,0.00000727562883185,0.00000548694788449,0.0000032300906696,0.00000211694987229,0.00000162981575613,0.00000196670680452,0.00000213986709241,0.00000138723260079,8.82046833794e-7,7.39802658245e-7,6.69200346692e-7,7.40646385111e-7,6.88883744715e-7],"median":[0.00132812222,0.00259281881154,0.00109755108133,0.000693732290529,0.000311444659019,0.000149558778503,0.0000866596601554,0.000042351832235,0.0000488354635308,0.0000485451055283,0.0000294276778732,0.0000195550383069,0.0000253733378486,0.0000621279832558,0.0000502508810314,0.0000342415623891,0.000045428674639,0.0000400897770305,0.0000423683304689,0.0000532397898496,0.0000809986304375,0.0000763016068959,0.0000353012037522,0.0000230242367252,0.000020086639779,0.0000134786032504,0.00000790900685388,0.00000503079991176,0.00000407613924835,0.00000214839883483,0.00000110092912564,6.90922604463e-7,6.67743677241e-7,5.51887637812e-7,4.71874670893e-7,3.56617306352e-7,2.76153400591e-7,2.45271053245e-7,2.24559116191e-7,2.00377513693e-7],"min":[9.94171126313e-25,5.50303105899e-25,1.47618772055e-24,1.35067413268e-24,1.08619106065e-24,7.05186527612e-25,1.9392165314e-24,7.95015598004e-25,1.66175245736e-24,2.07606851567e-24,1.8232496396e-24,2.37612221337e-24,2.09623811129e-24,1.59763729425e-24,3.08192710933e-24,1.81615363854e-24,2.04362404714e-24,2.16605545685e-24,2.50702480591e-24,2.59143134505e-24,2.92078116741e-24,3.06959583287e-24,2.82151722198e-24,3.95213475945e-24,2.71775006408e-24,3.29160495743e-24,4.28267576178e-24,3.66372524035e-24,4.20173981619e-24,4.0766935298e-24,4.88976142076e-24,4.8764016669e-24,5.31555856068e-24,4.32544267246e-24,5.32632217331e-24,4.78255049058e-24,6.02568799212e-24,6.76081169248e-24,6.33959467897e-24,5.63650346453e-24],"var":[0.0000106995457827,0.0000133482908495,0.00000161537104759,0.00000177842196081,1.77651031663e-7,1.05381424476e-7,1.65298445154e-7,1.18492458512e-7,1.12885075509e-7,1.07936706684e-7,8.29133028901e-8,6.67966801871e-8,3.34982033223e-8,6.50284732728e-8,4.66088572182e-8,2.67729980408e-8,1.17247553888e-8,4.91919527335e-9,5.19105025631e-9,4.39071046188e-9,1.20756089572e-8,1.92501801166e-8,2.63220378827e-9,8.14908085456e-10,6.13673223349e-10,3.76983749772e-10,1.74198447334e-10,7.03809024949e-11,3.44755196613e-11,1.51011772531e-11,7.65082181636e-12,6.02367244626e-12,1.16416052146e-11,1.81629242896e-11,7.06628202132e-12,3.65239522654e-12,3.19208201538e-12,3.72227595968e-12,8.3297735029e-12,6.54595128102e-12]},"melbands_crest":{"dmean":2.74100470543,"dmean2":4.46041154861,"dvar":7.24469423294,"dvar2":18.8031635284,"max":35.3113136292,"mean":14.0444040298,"median":13.7218523026,"min":1.56463110447,"var":21.4042491913},"melbands_flatness_db":{"dmean":0.0235563591123,"dmean2":0.0366131737828,"dvar":0.000633831310552,"dvar2":0.00145976536442,"max":0.630088686943,"mean":0.209734886885,"median":0.191595003009,"min":0.00286227697507,"var":0.00690307142213},"melbands_kurtosis":{"dmean":4.90080690384,"dmean2":8.13462638855,"dvar":95.6320419312,"dvar2":239.35559082,"max":385.794952393,"mean":8.34177112579,"median":5.57014560699,"min":-1.62672710419,"var":134.691314697},"melbands_skewness":{"dmean":0.619592249393,"dmean2":0.993375957012,"dvar":0.571876943111,"dvar2":1.43053197861,"max":12.9340782166,"mean":2.44948673248,"median":2.28964328766,"min":-1.1593118906,"var":1.62175309658},"melbands_spread":{"dmean":6.77783346176,"dmean2":10.864484787,"dvar":56.5897712708,"dvar2":143.234100342,"max":163.267288208,"mean":28.5551528931,"median":24.6200752258,"min":0.484471082687,"var":390.106719971},"mfcc":{"cov":[[24117.8808594,1962.40319824,-12.2136583328,3015.59692383,2189.89306641,1294.49987793,1074.57824707,1338.16186523,905.527770996,481.779174805,266.083587646,410.847259521,431.439483643],[1962.40319824,1678.2130127,-245.894683838,380.104736328,307.101867676,50.7156906128,68.8445892334,20.4627914429,35.5180778503,22.2796535492,-9.51011276245,74.3422088623,-18.6870269775],[-12.2136583328,-245.894683838,862.553527832,40.9124641418,247.679672241,209.812271118,103.022895813,153.447891235,95.4715118408,44.225025177,72.3852539062,17.3978595734,48.3963279724],[3015.59692383,380.104736328,40.9124641418,854.739562988,548.688598633,296.17565918,303.741790771,287.446655273,263.628326416,138.396240234,63.0545310974,159.618835449,74.7710876465],[2189.89306641,307.101867676,247.679672241,548.688598633,583.361022949,297.952148438,276.421966553,266.135986328,216.026428223,106.49382782,63.6102485657,114.020004272,69.9240341187],[1294.49987793,50.7156906128,209.812271118,296.17565918,297.952148438,273.478485107,203.663543701,192.623809814,124.058326721,69.3092727661,47.8026733398,41.8269119263,63.2726287842],[1074.57824707,68.8445892334,103.022895813,303.741790771,276.421966553,203.663543701,230.90562439,183.745178223,133.297653198,62.6829376221,33.0004844666,50.5586395264,49.8820762634],[1338.16186523,20.4627914429,153.447891235,287.446655273,266.135986328,192.623809814,183.745178223,230.272369385,152.638977051,80.7956314087,42.3385047913,41.5800514221,59.026802063],[905.527770996,35.5180778503,95.4715118408,263.628326416,216.026428223,124.058326721,133.297653198,152.638977051,173.538635254,87.8045883179,38.53465271,57.1017951965,30.5976428986],[481.779174805,22.2796535492,44.225025177,138.396240234,106.49382782,69.3092727661,62.6829376221,80.7956314087,87.8045883179,90.1143875122,44.2507896423,33.3592224121,21.7523765564],[266.083587646,-9.51011276245,72.3852539062,63.0545310974,63.6102485657,47.8026733398,33.0004844666,42.3385047913,38.53465271,44.2507896423,65.7802505493,32.481426239,21.1068992615],[410.847259521,74.3422088623,17.3978595734,159.618835449,114.020004272,41.8269119263,50.5586395264,41.5800514221,57.1017951965,33.3592224121,32.481426239,91.1990814209,21.168340683],[431.439483643,-18.6870269775,48.3963279724,74.7710876465,69.9240341187,63.2726287842,49.8820762634,59.026802063,30.5976428986,21.7523765564,21.1068992615,21.168340683,67.6261062622]],"icov":[[0.0000988635074464,-0.0000402888472308,0.00010934266902,-0.000267189083388,-0.000122163182823,-0.000166916797752,0.000421262986492,-0.000451167608844,0.0000868083443493,0.00018734265177,-0.000180747214472,0.000216668879148,-0.000170084240381],[-0.0000402888472308,0.000861414184328,0.000277484185062,-0.000121526500152,-0.000919392332435,0.000158689188538,0.000151577434735,0.000518134329468,0.000556389975827,-0.000294883531751,0.000199697780772,-0.0000221473746933,0.000456673733424],[0.00010934266902,0.000277484185062,0.00221310276538,0.000765998382121,-0.0015672246227,-0.00202459469438,0.00211017299443,-0.00102411361877,-0.000755996094085,0.00135374849197,-0.00160615693312,0.000221313064685,0.000139133873745],[-0.000267189083388,-0.000121526500152,0.000765998382121,0.00544547056779,-0.00191459793132,-0.00096044834936,-0.00143206934445,0.00043508617091,-0.00207819137722,-0.00120305595919,0.0017667823704,-0.00399072468281,0.000681864388753],[-0.000122163182823,-0.000919392332435,-0.0015672246227,-0.00191459793132,0.00880369637161,-0.00218815775588,-0.00269878027029,-0.000934996409342,-0.00162260327488,0.000752502877731,0.000526311865542,-0.00274029816501,0.000700599281117],[-0.000166916797752,0.000158689188538,-0.00202459469438,-0.00096044834936,-0.00218815775588,0.0172818787396,-0.00952195376158,-0.00217355065979,0.00396847678348,-0.00229422864504,-0.00200543599203,0.00351034943014,-0.00289705744945],[0.000421262986492,0.000151577434735,0.00211017299443,-0.00143206934445,-0.00269878027029,-0.00952195376158,0.021743638441,-0.00790720619261,-0.00278412620537,0.00416749995202,0.000127042061649,-0.000454582128441,0.0000121215634863],[-0.000451167608844,0.000518134329468,-0.00102411361877,0.00043508617091,-0.000934996409342,-0.00217355065979,-0.00790720619261,0.0238323416561,-0.00955567229539,-0.00222428585403,0.000171280960785,0.00466318754479,-0.0051697678864],[0.0000868083443493,0.000556389975827,-0.000755996094085,-0.00207819137722,-0.00162260327488,0.00396847678348,-0.00278412620537,-0.00955567229539,0.0250914860517,-0.0134714059532,0.00390701694414,-0.00401418283582,0.00381518225186],[0.00018734265177,-0.000294883531751,0.00135374849197,-0.00120305595919,0.000752502877731,-0.00229422864504,0.00416749995202,-0.00222428585403,-0.0134714059532,0.030938450247,-0.0148439202458,0.00263237743638,-0.000726833066437],[-0.000180747214472,0.000199697780772,-0.00160615693312,0.0017667823704,0.000526311865542,-0.00200543599203,0.000127042061649,0.000171280960785,0.00390701694414,-0.0148439202458,0.0296316742897,-0.00915435142815,-0.00188276625704],[0.000216668879148,-0.0000221473746933,0.000221313064685,-0.00399072468281,-0.00274029816501,0.00351034943014,-0.000454582128441,0.00466318754479,-0.00401418283582,0.00263237743638,-0.00915435142815,0.0227753128856,-0.00462275231257],[-0.000170084240381,0.000456673733424,0.000139133873745,0.000681864388753,0.000700599281117,-0.00289705744945,0.0000121215634863,-0.0051697678864,0.00381518225186,-0.000726833066437,-0.00188276625704,-0.00462275231257,0.0221768449992]],"mean":[-664.632446289,119.983360291,-27.8329544067,26.5179290771,18.0970439911,2.60170221329,-0.803732573986,0.717001855373,-3.91462683678,-3.53793621063,-4.02665805817,0.349843919277,-0.0250823274255]},"pitch_salience":{"dmean":0.0644701495767,"dmean2":0.105428867042,"dvar":0.00373805291019,"dvar2":0.00957588944584,"max":0.977111458778,"mean":0.596486866474,"median":0.599567949772,"min":0.159146174788,"var":0.0117254024372},"silence_rate_20dB":{"dmean":0,"dmean2":0,"dvar":0,"dvar2":0,"max":1,"mean":1,"median":1,"min":1,"var":0},"silence_rate_30dB":{"dmean":0.000394166330807,"dmean2":0.000788410368841,"dvar":0.000394046335714,"dvar2":0.00118213531096,"max":1,"mean":0.999802947044,"median":1,"min":0,"var":0.00019700852863},"silence_rate_60dB":{"dmean":0.00591249484569,"dmean2":0.0118261557072,"dvar":0.00587752368301,"dvar2":0.0130657982081,"max":1,"mean":0.167011529207,"median":0,"min":0,"var":0.139115452766},"spectral_centroid":{"dmean":197.122055054,"dmean2":314.288421631,"dvar":70421.015625,"dvar2":145215.78125,"max":11804.0742188,"mean":1674.75598145,"median":1608.35900879,"min":177.438674927,"var":1457926.625},"spectral_complexity":{"dmean":3.1468269825,"dmean2":5.06080627441,"dvar":9.19366455078,"dvar2":22.3286952972,"max":54,"mean":28.2281017303,"median":33,"min":0,"var":193.497039795},"spectral_contrast_coeffs":{"dmean":[0.0485806539655,0.0442408323288,0.0365842655301,0.0276885703206,0.0208205301315,0.0154246371239],"dmean2":[0.0801494270563,0.0721099004149,0.0586562529206,0.0452029556036,0.0343536064029,0.0247798394412],"dvar":[0.00167277804576,0.0014973700745,0.000978370080702,0.000562934903428,0.000336545926984,0.000208327677683],"dvar2":[0.00437924591824,0.00373058510013,0.0023217338603,0.00138212507591,0.000807221629657,0.000482796574943],"max":[-0.242419108748,-0.254988372326,-0.416731208563,-0.509528517723,-0.544711887836,-0.606932759285],"mean":[-0.623469650745,-0.727060854435,-0.768171072006,-0.786065518856,-0.773530185223,-0.768290638924],"median":[-0.63151705265,-0.750437259674,-0.783132970333,-0.796539962292,-0.770952939987,-0.763130784035],"min":[-0.982258498669,-0.988307952881,-0.992059350014,-0.987383306026,-0.987201094627,-0.964461803436],"var":[0.0117124868557,0.0128570776433,0.00691346125677,0.00450356025249,0.00286764814518,0.00265275407583]},"spectral_contrast_valleys":{"dmean":[0.425113588572,0.374295473099,0.310935646296,0.256780207157,0.203730612993,0.211224272847],"dmean2":[0.720602333546,0.60614657402,0.503495335579,0.411365717649,0.32061290741,0.312998443842],"dvar":[0.173835858703,0.174890786409,0.134397879243,0.127940788865,0.108416579664,0.105068027973],"dvar2":[0.411857426167,0.350514322519,0.244826123118,0.21588768065,0.17193621397,0.18345323205],"max":[-4.89957475662,-4.68007707596,-5.53947401047,-5.40327978134,-5.82527446747,-7.746134758],"mean":[-7.96258115768,-7.62496137619,-7.97965478897,-7.75063037872,-7.81137704849,-11.0459003448],"median":[-6.61987733841,-6.6478266716,-7.05096673965,-6.7167801857,-6.71055936813,-10.0473937988],"min":[-28.1089630127,-27.9885921478,-27.9237537384,-27.6964321136,-27.592672348,-27.4745521545],"var":[11.2484817505,9.09177398682,8.20431232452,8.86501693726,9.19999599457,7.34388256073]},"spectral_decrease":{"dmean":2.84799828165e-9,"dmean2":4.85598583566e-9,"dvar":2.28568813336e-17,"dvar2":6.33649995369e-17,"max":5.12545558997e-17,"mean":-8.52025294762e-9,"median":-8.80367956313e-9,"min":-5.03411463626e-8,"var":3.74526900372e-17},"spectral_energy":{"dmean":0.0110014043748,"dmean2":0.0187445115298,"dvar":0.000332413910655,"dvar2":0.000922874663956,"max":0.192425861955,"mean":0.03443903476,"median":0.0359972193837,"min":9.92547991831e-21,"var":0.000581439293455},"spectral_energyband_high":{"dmean":0.000195854765479,"dmean2":0.000289851275738,"dvar":2.03435959634e-7,"dvar2":3.86037527278e-7,"max":0.0141112562269,"mean":0.000626430904958,"median":0.000372491573216,"min":6.97753907773e-21,"var":6.58052158542e-7},"spectral_energyband_low":{"dmean":0.00894520431757,"dmean2":0.0152807421982,"dvar":0.000305782275973,"dvar2":0.000836138322484,"max":0.180358722806,"mean":0.0159838553518,"median":0.0129973785952,"min":1.30700817694e-23,"var":0.00032838381594},"spectral_energyband_middle_high":{"dmean":0.00178796018008,"dmean2":0.00280569656752,"dvar":0.000005710534424,"dvar2":0.0000129685467982,"max":0.0492404103279,"mean":0.00830805487931,"median":0.00690508680418,"min":1.12334348262e-21,"var":0.0000467829777335},"spectral_energyband_middle_low":{"dmean":0.00414391653612,"dmean2":0.00690767355263,"dvar":0.0000411530272686,"dvar2":0.00011028238805,"max":0.073237977922,"mean":0.0105914743617,"median":0.0091832941398,"min":1.27630310727e-22,"var":0.0000774468571763},"spectral_entropy":{"dmean":0.102197706699,"dmean2":0.153708308935,"dvar":0.0174297187477,"dvar2":0.0318979918957,"max":9.82684230804,"mean":7.51820230484,"median":7.70017242432,"min":3.74496769905,"var":0.523285210133},"spectral_flux":{"dmean":0.0237880665809,"dmean2":0.0375851541758,"dvar":0.000952073023655,"dvar2":0.00197105435655,"max":0.340049892664,"mean":0.0887777283788,"median":0.0873698890209,"min":6.46395575954e-11,"var":0.003322920762},"spectral_kurtosis":{"dmean":2.77919888496,"dmean2":4.81882667542,"dvar":30.2558689117,"dvar2":90.0309066772,"max":120.890449524,"mean":8.81458568573,"median":5.99040699005,"min":-1.27670943737,"var":118.414772034},"spectral_rms":{"dmean":0.000778031826485,"dmean2":0.00128923554439,"dvar":0.00000116199942113,"dvar2":0.00000316961336466,"max":0.0137015525252,"mean":0.00522247655317,"median":0.00592614896595,"min":3.11181549278e-12,"var":0.00000632464707451},"spectral_rolloff":{"dmean":437.284790039,"dmean2":729.381591797,"dvar":686091.625,"dvar2":1704109.625,"max":22028.4667969,"mean":2045.43737793,"median":1636.5234375,"min":86.1328125,"var":9092473},"spectral_skewness":{"dmean":0.256560325623,"dmean2":0.435661494732,"dvar":0.151568934321,"dvar2":0.435231119394,"max":9.52391433716,"mean":1.80322086811,"median":1.63740980625,"min":-0.117199294269,"var":0.885276556015},"spectral_spread":{"dmean":351586.375,"dmean2":537467.25,"dvar":666941259776,"dvar2":1122185248770,"max":43375784,"mean":4078859.25,"median":3504098.75,"min":695410.1875,"var":20025991757800},"spectral_strongpeak":{"dmean":0.390947550535,"dmean2":0.691724598408,"dvar":0.918112337589,"dvar2":2.48020219803,"max":14.5237998962,"mean":0.679905414581,"median":0.403348505497,"min":0,"var":1.11882424355},"zerocrossingrate":{"dmean":0.00753939338028,"dmean2":0.00949990190566,"dvar":0.0000943106570048,"dvar2":0.000129754916998,"max":0.59814453125,"mean":0.0680636316538,"median":0.0556640625,"min":0.00732421875,"var":0.00562575366348}},"metadata":{"audio_properties":{"analysis_sample_rate":44100,"bit_rate":0,"codec":"flac","downmix":"mix","equal_loudness":0,"length":235.626663208,"lossless":true,"md5_encoded":"6928be55d0c0546462d4f411b5e52b8b","replay_gain":-12.3831977844},"tags":{"acoustid_id":["1284b6f7-0957-45ab-a573-66422b4a57ed"],"album":["Have a Little Faith"],"albumartist":["The BellRays"],"albumartistsort":["BellRays, The"],"artist":["The BellRays"],"artistsort":["BellRays, The"],"barcode":["3526186609020"],"catalognumber":["Reverb 90"],"date":["2006-05-02"],"discnumber":["1"],"disctotal":["1"],"file_name":"08 Detroit Breakdown _ Horn (interlude).flac","label":["Vicious Circle"],"media":["CD"],"musicbrainz_albumartistid":["c754774d-d3ea-4216-9486-368c04b1bbe7"],"musicbrainz_albumid":["126ace5c-07ef-48b7-901c-02c22c9a8460"],"musicbrainz_artistid":["c754774d-d3ea-4216-9486-368c04b1bbe7"],"musicbrainz_recordingid":["9e835407-09fd-46b4-b965-055182274f71"],"musicbrainz_releasegroupid":["543df7c5-eb50-3165-ad61-5e543190f81c"],"musicbrainz_releasetrackid":["7bf6fb2b-6666-39af-91ad-52b4d1e57d11"],"originaldate":["2006-05-02"],"releasecountry":["FR"],"releasestatus":["official"],"releasetype":["album"],"script":["Latn"],"title":["Detroit Breakdown / Horn (interlude)"],"totaldiscs":["1"],"totaltracks":["14"],"tracknumber":["8"],"tracktotal":["14"]},"version":{"essentia":"2.1-beta1","essentia_build_sha":"7598a69e7b456135ce4c070efb04a3d0ebb71fdd","essentia_git_sha":"v2.1_beta1-6-g5578087","extractor":"music 1.0"}},"rhythm":{"beats_count":372,"beats_loudness":{"dmean":0.0101897027344,"dmean2":0.0180202331394,"dvar":0.000136421396746,"dvar2":0.000398698815843,"max":0.114922523499,"mean":0.0341210886836,"median":0.0379277393222,"min":0,"var":0.000445353332907},"beats_loudness_band_ratio":{"dmean":[0.124675162137,0.132887989283,0.0777419060469,0.0709832832217,0.0562941394746,0.0260033160448],"dmean2":[0.212744116783,0.219692543149,0.126753374934,0.124237686396,0.0986137390137,0.0460392422974],"dvar":[0.01521