{"lowlevel":{"average_loudness":0.856711089611,"barkbands":{"dmean":[0.000115487047879,0.00260738446377,0.00246644648723,0.00177187880035,0.00222275662236,0.000788324861787,0.000545154151041,0.000496080552693,0.000721086282283,0.00043357515824,0.000363185623428,0.000398058502469,0.000273910205578,0.000279543310171,0.000261012843112,0.00031964603113,0.00019608779985,0.00019458855968,0.000136342961923,0.000150366482558,0.0000857493578224,0.0000647386405035,0.0000582744905842,0.0000795646410552,0.0000621463404968,0.0000309763272526,0.00000605636660111],"dmean2":[0.000175399443833,0.00414873613045,0.00434731226414,0.00280419434421,0.00371388043277,0.0012663815869,0.000850715499837,0.000797848333605,0.00114119611681,0.000667091400828,0.000534342427272,0.000606098095886,0.000418765848735,0.000425531354267,0.000404353399063,0.000498725567013,0.000296332087601,0.000301186577417,0.000200773836696,0.000217076740228,0.000121612829389,0.0000897594509297,0.000081388221588,0.000106581319415,0.0000840461507323,0.0000400315366278,0.00000832962905406],"dvar":[7.53466053993e-8,0.0000419741008955,0.0000391426074202,0.0000133342409754,0.0000373073598894,0.00000192395327758,0.00000195526786229,0.00000192505217456,0.00000365138976122,0.00000109224868083,0.00000129633656343,0.00000126092027131,5.08317270942e-7,2.74715233672e-7,2.75456670806e-7,2.71794988294e-7,1.26418754576e-7,1.19271476251e-7,7.36903800203e-8,1.09588370378e-7,4.79540460674e-8,7.41993417819e-8,8.79261961018e-8,1.24061145357e-7,4.15665546427e-8,1.14391225381e-8,6.47187303748e-10],"dvar2":[1.71498300006e-7,0.0000964894861681,0.000107261061203,0.0000293556659017,0.000099398639577,0.00000458962904304,0.00000454912697023,0.00000462062507722,0.00000881532650965,0.00000251811161434,0.00000258446220869,0.00000263689366875,0.00000114510294225,5.80659104799e-7,6.34813318356e-7,6.38504843664e-7,2.77080175692e-7,2.6573991363e-7,1.63305259093e-7,2.34971111013e-7,1.00791559987e-7,1.5977093426e-7,1.98054621592e-7,2.34507197661e-7,8.00127963885e-8,2.06515053947e-8,1.3559493528e-9],"max":[0.00343964714557,0.071893543005,0.0588363409042,0.0639596581459,0.0861206799746,0.021757401526,0.0312477052212,0.0250953137875,0.0652040615678,0.0432941094041,0.0700738504529,0.0436353459954,0.0167657006532,0.0147685883567,0.0196286253631,0.0137068703771,0.00827549397945,0.00698727369308,0.00503007275984,0.00629514548928,0.00450634723529,0.0158011652529,0.0134463682771,0.0152095817029,0.003487508744,0.00191740214359,0.000540443696082],"mean":[0.000137801325764,0.00312171550468,0.00260343705304,0.00254861428402,0.00313400197774,0.00130035472102,0.000830944278277,0.000653698458336,0.00110989331733,0.000737255846616,0.000640463375021,0.000693576061167,0.000413813511841,0.000449983781436,0.000424861966167,0.000565917231143,0.000362120539648,0.000358872988727,0.000262018758804,0.000271299883025,0.000152510270709,0.000106243955088,0.0000878067075973,0.000109228240035,0.0000770757105784,0.0000375312120013,0.00000693770380167],"median":[0.0000526296971657,0.00108522642404,0.00118995411322,0.00118528795429,0.00172730884515,0.000625003944151,0.000288851471851,0.00015354588686,0.000322758161929,0.00020538723038,0.000144007412018,0.000210237485589,0.000145934871398,0.000222116083023,0.000187114230357,0.000312762596877,0.000146061298437,0.000189365455299,0.000112702407932,0.0000715067362762,0.0000268345793302,0.0000090919647846,0.00000844405258249,0.00000734082050258,0.00000303944648294,0.00000100585941709,1.41143388532e-7],"min":[3.65872578506e-25,2.36228342373e-24,8.61464014456e-25,1.84393988342e-24,1.92275726416e-23,7.83060805415e-24,1.04485257985e-23,1.3751132999e-23,2.44135852532e-23,1.19636743731e-23,1.06464068234e-23,2.04737661902e-23,4.6496231682e-23,2.3538643846e-23,6.29324010777e-23,5.94370846244e-23,8.83031649098e-23,9.8714658422e-23,1.68973437918e-22,2.22360476893e-22,2.70938708141e-22,3.55568867256e-22,4.53921924461e-22,5.65263040045e-22,7.94304020223e-22,1.25300424558e-21,1.96880819963e-21],"var":[7.9415251264e-8,0.00004371223622,0.0000275765905826,0.000022431697289,0.0000352367133019,0.00000377163519261,0.00000327443149217,0.00000260651199824,0.00000634260368315,0.00000243106296693,0.00000383526275982,0.00000402147770728,8.33644719478e-7,5.17115154253e-7,5.38011931894e-7,6.00253940775e-7,3.13181999445e-7,2.70944951808e-7,1.76003027264e-7,2.41024167735e-7,1.27212885559e-7,1.32588041879e-7,1.27692871388e-7,2.40946405938e-7,7.05720140104e-8,1.90999926986e-8,9.04962105253e-10]},"barkbands_crest":{"dmean":2.27110171318,"dmean2":3.74087381363,"dvar":4.58306789398,"dvar2":11.7090387344,"max":22.8738689423,"mean":8.18227005005,"median":7.60912895203,"min":2.19881486893,"var":10.0027256012},"barkbands_flatness_db":{"dmean":0.0207374282181,"dmean2":0.0311375353485,"dvar":0.00047918400378,"dvar2":0.00117181323003,"max":0.368837863207,"mean":0.125435218215,"median":0.123955234885,"min":0.01244438719,"var":0.00223759189248},"barkbands_kurtosis":{"dmean":2.36714553833,"dmean2":3.78970527649,"dvar":21.9266433716,"dvar2":56.1133537292,"max":87.475227356,"mean":2.41874408722,"median":0.549662590027,"min":-1.93901288509,"var":30.8914089203},"barkbands_skewness":{"dmean":0.523934364319,"dmean2":0.797127127647,"dvar":0.3354126513,"dvar2":0.769866585732,"max":7.40867376328,"mean":1.31536722183,"median":1.13417899609,"min":-3.78993630409,"var":1.05573916435},"barkbands_spread":{"dmean":5.51850938797,"dmean2":8.52391147614,"dvar":43.1112823486,"dvar2":98.4803237915,"max":131.255569458,"mean":23.7378826141,"median":21.9214744568,"min":1.19852948189,"var":183.203796387},"dissonance":{"dmean":0.0139285326004,"dmean2":0.0231843199581,"dvar":0.000200853624847,"dvar2":0.000541419081856,"max":0.500000119209,"mean":0.473509460688,"median":0.478606164455,"min":0.276019871235,"var":0.000425362522947},"dynamic_complexity":4.13083600998,"erbbands":{"dmean":[0.071233458817,0.67831403017,2.65338349342,3.90504479408,8.2421245575,6.76299619675,4.55590009689,6.94774913788,7.43607664108,8.75207614899,12.030090332,17.8239612579,13.3091239929,12.9362649918,12.7020196915,15.5526609421,12.3251056671,14.5395641327,9.46797275543,18.9210567474,16.1002979279,10.3141727448,10.6717853546,7.03035068512,7.36702394485,6.92439556122,4.44982051849,2.88227343559,2.32385897636,1.91154968739,1.66638422012,1.62773263454,1.36581516266,0.769903302193,0.389068037271,0.157222032547,0.0547232367098,0.0115705924109,0.000928817025851,0.0000410989741795],"dmean2":[0.107611760497,1.12094569206,4.69221019745,6.25682592392,13.6336479187,11.2661590576,7.45334339142,11.1752662659,11.7730875015,13.7121210098,19.093208313,28.2467727661,20.3675899506,19.4236507416,18.6852970123,23.5200424194,18.282951355,22.079240799,14.1581382751,29.3336315155,24.8600063324,15.3677434921,16.2517719269,10.3438644409,10.7017297745,9.90564727783,6.41640377045,4.04492855072,3.25582289696,2.6619284153,2.35009503365,2.2206056118,1.82070481777,1.04408454895,0.52863830328,0.206937015057,0.072034522891,0.0153344655409,0.00127044296823,0.0000554667494725],"dvar":[0.0302059873939,3.20350980759,51.2455635071,52.6969909668,452.632995605,273.943450928,70.4056091309,171.680297852,365.141082764,610.235473633,1177.32592773,2687.45288086,1001.71728516,1579.12414551,1174.28649902,1814.15869141,1093.67370605,757.983215332,343.441986084,1252.91955566,669.792236328,344.12197876,363.210906982,181.79826355,239.533081055,240.682434082,109.416603088,67.0833129883,79.7579421997,101.208145142,71.6805496216,62.713809967,32.4126319885,7.16184663773,1.56772327423,0.267913520336,0.0402233600616,0.0021289458964,0.000014273722627,1.79445933668e-8],"dvar2":[0.0589786991477,8.3034658432,141.370117188,117.824684143,1190.16345215,735.241271973,176.643203735,405.471466064,845.930358887,1435.87426758,2860.88354492,6516.69482422,2256.51147461,3545.52758789,2539.86206055,3825.81665039,2388.01196289,1621.34423828,735.769348145,2955.2668457,1576.73291016,727.889587402,798.335693359,371.589569092,544.495117188,515.510803223,233.087020874,137.350234985,172.989746094,231.00151062,155.878997803,123.803184509,62.2349052429,14.0517015457,2.97289323807,0.494366556406,0.074026145041,0.00420587556437,0.0000292729728244,3.70361057378e-8],"max":[1.94012987614,18.087015152,66.411491394,132.139022827,254.647033691,256.023651123,148.477630615,239.211883545,369.820556641,599.216003418,654.977355957,2071.97460938,661.502197266,2437.11083984,903.309265137,1600.35595703,861.710083008,747.368591309,334.512268066,1415.21191406,597.517211914,437.194458008,459.652557373,269.125946045,379.43170166,295.2215271,220.863967896,200.102279663,433.715209961,638.506408691,317.91595459,304.651977539,246.961883545,73.0847091675,22.5769824982,10.1613521576,3.66518235207,0.945302248001,0.0745578408241,0.00250166747719],"mean":[0.0845908373594,0.735569059849,2.72680211067,6.02940177917,11.0376462936,9.98950386047,7.80012178421,11.1038732529,11.6314287186,12.7024116516,17.6034088135,27.7950229645,22.5717258453,23.9648017883,23.9591293335,28.1803970337,20.9177093506,24.259054184,17.640619278,31.1118164062,28.9178142548,20.9967327118,20.7910995483,14.0637168884,14.0315532684,12.5507087708,8.3610868454,4.94547653198,3.82584142685,2.99761486053,2.45439124107,2.29437446594,1.78846848011,0.972835838795,0.475890368223,0.191333651543,0.0654615983367,0.0135492542759,0.00110099662561,0.0000619336497039],"median":[0.0220885146409,0.280000597239,1.18632042408,3.23322534561,5.20368528366,5.93086767197,4.66554164886,5.02057647705,4.60955572128,4.44140195847,4.91875886917,7.89180660248,6.78782606125,7.15388154984,7.09842300415,9.21365261078,7.44070386887,12.1640090942,8.5787525177,15.6258182526,15.2957229614,9.23917865753,10.6080312729,7.321144104,5.21149778366,3.39314889908,1.69139027596,0.755169332027,0.348083376884,0.239695578814,0.229761391878,0.175311431289,0.103827022016,0.040019646287,0.0181703735143,0.00653737131506,0.00144963874482,0.000245641364018,0.0000351105009031,0.0000197332719836],"min":[5.98693614678e-23,6.10509223804e-22,1.03569565917e-21,8.78093821594e-21,2.15300217734e-20,3.44499787119e-20,6.35209440721e-20,3.49134454242e-20,1.53786123688e-19,1.86520335939e-19,3.49589920567e-19,5.84660614433e-19,4.36672419378e-19,7.72410967943e-19,5.54020241882e-19,8.46851587905e-19,2.31002821239e-18,1.39455951113e-18,2.83307229809e-18,3.9544651313e-18,3.46066994527e-18,5.41412334306e-18,4.84663070714e-18,7.77468381228e-18,8.82596088766e-18,9.81663871137e-18,1.11241639328e-17,1.08596266098e-17,1.30490272803e-17,1.14017293504e-17,1.10779022027e-17,8.10264934462e-18,1.0182197121e-17,8.21157331487e-18,6.23718873206e-18,4.14090502393e-18,2.12558472018e-18,9.38512091967e-19,2.76088305696e-19,2.94278130151e-20],"var":[0.0374430939555,2.63627123833,34.6252174377,84.6138916016,473.342712402,262.594451904,108.727363586,318.000793457,626.978210449,935.972290039,1649.55993652,4678.97363281,2217.96362305,3991.02124023,2997.63647461,5784.12207031,2306.78857422,1452.47888184,769.467529297,2445.63647461,1485.85656738,949.013244629,888.016967773,453.94354248,562.568847656,505.748840332,317.969085693,161.713439941,153.084594727,138.287231445,108.941970825,113.445678711,60.7770423889,12.5217752457,2.59185481071,0.444667875767,0.064538218081,0.00320028956048,0.0000209612844628,2.67780215779e-8]},"erbbands_crest":{"dmean":2.40797829628,"dmean2":3.92626190186,"dvar":5.33848142624,"dvar2":13.2745475769,"max":29.1134471893,"mean":7.67617416382,"median":6.81430387497,"min":2.10414195061,"var":12.5430908203},"erbbands_flatness_db":{"dmean":0.0186416096985,"dmean2":0.0262085366994,"dvar":0.000449938932434,"dvar2":0.000813105958514,"max":0.36212977767,"mean":0.162337258458,"median":0.163145750761,"min":0.0279632247984,"var":0.00228042830713},"erbbands_kurtosis":{"dmean":0.643173754215,"dmean2":1.00987613201,"dvar":0.853095710278,"dvar2":1.9138944149,"max":26.722661972,"mean":-0.14599378407,"median":-0.450751304626,"min":-1.75135409832,"var":1.9202901125},"erbbands_skewness":{"dmean":0.328500628471,"dmean2":0.500212907791,"dvar":0.0957738757133,"dvar2":0.216276362538,"max":4.14562034607,"mean":-0.113839507103,"median":-0.121125102043,"min":-3.46481442451,"var":0.38725951314},"erbbands_spread":{"dmean":7.52989768982,"dmean2":11.5097455978,"dvar":62.4272994995,"dvar2":138.003616333,"max":121.087478638,"mean":37.8375778198,"median":36.1705551147,"min":4.87379837036,"var":216.418334961},"gfcc":{"cov":[[17906.3730469,-177.001296997,-875.088623047,612.370788574,-1014.50531006,320.084106445,-511.378051758,380.547149658,-399.842132568,63.5690498352,-249.443771362,-97.3453369141,-188.930740356],[-177.001296997,2082.53442383,-729.501037598,-84.9719772339,530.725646973,-384.422546387,228.493225098,-195.605117798,99.5353317261,-151.325683594,81.3596496582,-93.725479126,118.397628784],[-875.088623047,-729.501037598,862.956237793,44.0857810974,-36.6701850891,216.085571289,-125.640380859,60.0027427673,-16.6478919983,78.1973419189,-33.6021728516,61.4464530945,-49.5780258179],[612.370788574,-84.9719772339,44.0857810974,369.400878906,-78.8796234131,57.8780288696,-77.4937744141,-21.6408882141,24.5147800446,7.35103559494,35.3234901428,-34.7272529602,10.6740465164],[-1014.50531006,530.725646973,-36.6701850891,-78.8796234131,458.614532471,-104.73033905,92.193977356,-72.5466995239,18.5065135956,-18.0106163025,2.53639054298,30.3543510437,27.8751430511],[320.084106445,-384.422546387,216.085571289,57.8780288696,-104.73033905,224.805862427,-34.9979057312,39.2098579407,-30.835231781,19.1276473999,-15.8621721268,19.6416893005,-23.7623653412],[-511.378051758,228.493225098,-125.640380859,-77.4937744141,92.193977356,-34.9979057312,196.872512817,-3.08946061134,1.85813105106,-23.4764060974,-3.59457230568,2.15405082703,22.8446617126],[380.547149658,-195.605117798,60.0027427673,-21.6408882141,-72.5466995239,39.2098579407,-3.08946061134,121.804237366,10.9700660706,20.3931541443,-6.16872930527,2.61261868477,-11.4310846329],[-399.842132568,99.5353317261,-16.6478919983,24.5147800446,18.5065135956,-30.835231781,1.85813105106,10.9700660706,96.8130111694,11.7526025772,28.5411949158,-17.5301322937,9.28662967682],[63.5690498352,-151.325683594,78.1973419189,7.35103559494,-18.0106163025,19.1276473999,-23.4764060974,20.3931541443,11.7526025772,75.7802810669,6.61928749084,6.92478656769,-17.9807891846],[-249.443771362,81.3596496582,-33.6021728516,35.3234901428,2.53639054298,-15.8621721268,-3.59457230568,-6.16872930527,28.5411949158,6.61928749084,90.4471130371,-0.916129469872,15.2401380539],[-97.3453369141,-93.725479126,61.4464530945,-34.7272529602,30.3543510437,19.6416893005,2.15405082703,2.61261868477,-17.5301322937,6.92478656769,-0.916129469872,73.5417480469,4.90935516357],[-188.930740356,118.397628784,-49.5780258179,10.6740465164,27.8751430511,-23.7623653412,22.8446617126,-11.4310846329,9.28662967682,-17.9807891846,15.2401380539,4.90935516357,56.7366867065]],"icov":[[0.000170245679328,-0.000339442718541,0.000278619147139,-0.00036946349428,0.000357941753464,-0.000300339830574,0.000521535344888,-0.000860304804519,0.000886932422873,-0.000561645720154,0.000602231535595,-0.000425329024438,0.000455128611065],[-0.000339442718541,0.00231551635079,0.000111787056085,0.000874852295965,-0.0021120745223,0.00132907158695,-0.00140523107257,0.0026234430261,-0.00254028406925,0.00264347647317,-0.00197075353935,0.0025257456582,-0.00177617894951],[0.000278619147139,0.000111787056085,0.0026560111437,-0.000550441967789,-0.000456246343674,-0.00182838714682,0.00170771859121,-0.00141971034463,0.000812247977592,-0.00138953712303,0.00123563443776,-0.00100335176103,0.000785316107795],[-0.00036946349428,0.000874852295965,-0.000550441967789,0.00446257181466,-0.000631852832157,-0.000577688741032,0.0000501402646478,0.00306945526972,-0.00273540103808,0.00115463940892,-0.00239625480026,0.00287402747199,-0.00250113056973],[0.000357941753464,-0.0021120745223,-0.000456246343674,-0.000631852832157,0.0051356414333,0.000074980489444,0.0000631021393929,-0.00080906302901,0.00171941914596,-0.00234194239601,0.00214336859062,-0.00368158356287,0.00135858845897],[-0.000300339830574,0.00132907158695,-0.00182838714682,-0.000577688741032,0.000074980489444,0.00837667658925,-0.00204700278118,0.000782721501309,-0.0000699042793713,0.00205507106148,-0.00119426404126,0.000078885241237,0.00016744970344],[0.000521535344888,-0.00140523107257,0.00170771859121,0.0000501402646478,0.0000631021393929,-0.00204700278118,0.00862795393914,-0.00370523380116,0.00276318867691,-0.00141467328649,0.00232854438946,-0.00125829514582,-0.000374105438823],[-0.000860304804519,0.0026234430261,-0.00141971034463,0.00306945526972,-0.00080906302901,0.000782721501309,-0.00370523380116,0.0154116377234,-0.00721143186092,0.00195707706735,-0.00281026028097,0.00275606755167,-0.00251813884825],[0.000886932422873,-0.00254028406925,0.000812247977592,-0.00273540103808,0.00171941914596,-0.0000699042793713,0.00276318867691,-0.00721143186092,0.0184863172472,-0.00580096663907,0.0000626910987194,0.000328594440361,0.00112979765981],[-0.000561645720154,0.00264347647317,-0.00138953712303,0.00115463940892,-0.00234194239601,0.00205507106148,-0.00141467328649,0.00195707706735,-0.00580096663907,0.0200030729175,-0.00443813763559,0.00123088306282,0.00253157829866],[0.000602231535595,-0.00197075353935,0.00123563443776,-0.00239625480026,0.00214336859062,-0.00119426404126,0.00232854438946,-0.00281026028097,0.0000626910987194,-0.00443813763559,0.0159142632037,-0.00372951570898,-0.000777330540586],[-0.000425329024438,0.0025257456582,-0.00100335176103,0.00287402747199,-0.00368158356287,0.000078885241237,-0.00125829514582,0.00275606755167,0.000328594440361,0.00123088306282,-0.00372951570898,0.0201769638807,-0.00560852652416],[0.000455128611065,-0.00177617894951,0.000785316107795,-0.00250113056973,0.00135858845897,0.00016744970344,-0.000374105438823,-0.00251813884825,0.00112979765981,0.00253157829866,-0.000777330540586,-0.00560852652416,0.0243615359068]],"mean":[-37.0504379272,113.244644165,-125.698295593,31.7084236145,-36.7979774475,3.9593360424,-35.4838180542,4.93837213516,-25.4097595215,-3.86121559143,-16.4802722931,-5.30982351303,-8.3447227478]},"hfc":{"dmean":6.68561172485,"dmean2":8.21904850006,"dvar":164.898742676,"dvar2":255.117797852,"max":279.146453857,"mean":17.1629714966,"median":9.2542514801,"min":1.03852016363e-16,"var":530.832885742},"melbands":{"dmean":[0.000645709747914,0.0012147318339,0.000787528173532,0.000583972607274,0.000158460738021,0.000155740373884,0.000109932247142,0.0000956025760388,0.000106983090518,0.000107795058284,0.0000670080917189,0.000053993822803,0.0000482782161271,0.0000425552170782,0.0000368659602827,0.0000291355063382,0.0000278081952274,0.0000162420710694,0.0000203890795092,0.0000252402551268,0.0000186550932995,0.0000105561239252,0.0000127521279865,0.00000883968004928,0.00000580342157264,0.00000553083509658,0.00000584128065384,0.00000460964611193,0.00000317377498504,0.00000223440406444,0.00000161238426699,0.0000013819689002,0.00000124320786199,0.00000104912908228,9.59945055001e-7,0.00000102811384295,0.00000101492071281,0.00000100113788903,8.06003527032e-7,6.25797440534e-7],"dmean2":[0.00100640021265,0.00211449386552,0.00125090847723,0.000977458083071,0.000256277882727,0.000248939468293,0.0001737701823,0.00015038937272,0.000170630853972,0.000169968043338,0.00010359891894,0.0000816075262264,0.0000705385828041,0.0000653454408166,0.0000553156969545,0.0000445170262537,0.0000426926817454,0.0000247217521974,0.0000312930715154,0.0000396451832785,0.0000290972802759,0.000015961313693,0.0000197668050532,0.0000137846327561,0.00000871720203577,0.00000831899433251,0.00000850923242979,0.00000675851242704,0.00000467877407573,0.00000330854641106,0.00000233089735957,0.00000199481587515,0.0000017977929474,0.00000151344386268,0.00000139978567404,0.00000146310935634,0.00000142506394241,0.00000136852872856,0.00000109357870315,8.75252965216e-7],"dvar":[0.00000241080192609,0.0000107144542199,0.00000220543711293,0.0000025836484383,7.59987415222e-8,8.0385852641e-8,7.41065449006e-8,6.94471111728e-8,8.92488500881e-8,9.83884120842e-8,2.56202685733e-8,2.55759484702e-8,1.91026376939e-8,1.08734692361e-8,1.603283728e-8,5.16182918631e-9,2.90708346284e-9,1.07132713811e-9,1.73613190491e-9,1.92386639952e-9,9.3639540566e-10,3.82281595268e-10,5.47651590743e-10,2.77250028491e-10,1.30272195809e-10,1.37935288191e-10,1.56309798438e-10,1.20751394994e-10,5.61176834168e-11,4.31730137751e-11,2.32914451614e-11,2.67456490982e-11,3.86409480801e-11,2.94214583252e-11,2.39012542397e-11,2.90137705528e-11,2.47170652001e-11,2.03518885772e-11,1.04759170089e-11,4.70310552655e-12],"dvar2":[0.00000487017450723,0.0000293066041195,0.00000493042398375,0.00000692564435667,1.91960069174e-7,1.88269581258e-7,1.74081463911e-7,1.64595604701e-7,2.17826695348e-7,2.34852961967e-7,5.78313610333e-8,5.86492276966e-8,3.8836127203e-8,2.43430253732e-8,3.23362883137e-8,1.19808127863e-8,6.47065512283e-9,2.36901942507e-9,4.03691391426e-9,4.62934002243e-9,2.22639684466e-9,8.33815128054e-10,1.24898702492e-9,6.28550100856e-10,2.75014983009e-10,3.2525290794e-10,3.45892980924e-10,2.66811461813e-10,1.21512383489e-10,1.0010504925e-10,4.93140007995e-11,5.9786037232e-11,8.65924831839e-11,6.82400663754e-11,5.28368633568e-11,6.29804472463e-11,4.83525754158e-11,4.16154888327e-11,2.09177467014e-11,9.66537180153e-12],"max":[0.0174790807068,0.0293565075845,0.0268499851227,0.0222663599998,0.00514048105106,0.00464502442628,0.00483774021268,0.00543705793098,0.00497242575511,0.0124104227871,0.00342944357544,0.00896277744323,0.00498503586277,0.00241313944571,0.00585955334827,0.00209846766666,0.00155335385352,0.000589398841839,0.00133380910847,0.00124149722978,0.000520579807926,0.000435579306213,0.000459658767795,0.000430577609222,0.000252397498116,0.000277400831692,0.000347645167494,0.000245178089244,0.000146276506712,0.000188695979887,0.000109392181912,0.00020973001665,0.000405925762607,0.00031493496499,0.000179756927537,0.00020475461497,0.000196893030079,0.000223667360842,0.000146337944898,0.0000397780895582],"mean":[0.000812081038021,0.00128485169262,0.00122677115723,0.000811164034531,0.000292539683869,0.000255660153925,0.000172805273905,0.000135044901981,0.00015778276429,0.00016531907022,0.000108976069896,0.0000965237995842,0.0000887576461537,0.000068825444032,0.0000660482619423,0.0000437122616859,0.0000444670549768,0.0000273268087767,0.0000329982540279,0.0000430175678048,0.0000311868934659,0.000019757062546,0.0000230428577197,0.0000156573150889,0.0000108046697278,0.000010077400475,0.0000100617535281,0.00000794106108515,0.00000568419363844,0.00000372535055249,0.00000260068463831,0.00000221108643927,0.00000187953014574,0.00000158452826327,0.00000137890026508,0.00000142932356084,0.00000139037877034,0.00000129072725485,0.0000010363646652,7.60563182212e-7],"median":[0.000259705295321,0.000573453959078,0.000654404459056,0.000430347747169,0.000187511803233,0.000118543648568,0.0000669219225529,0.0000433045643149,0.0000440942203568,0.0000463498399768,0.0000305806206597,0.0000289057243208,0.0000210675025301,0.0000233599257626,0.0000183948541235,0.0000171467472683,0.0000220916008402,0.0000120717886603,0.000014826287952,0.0000231814119616,0.0000154755198309,0.00000774083309807,0.0000105062172224,0.00000811595327832,0.00000530931856701,0.00000383025690098,0.00000296299981528,0.00000194608219317,0.00000113794885692,5.69022006403e-7,3.24636829419e-7,1.84853917062e-7,1.29778314317e-7,1.2777870495e-7,1.21645797435e-7,1.15847328175e-7,8.69676597404e-8,7.30265128368e-8,4.38712994821e-8,2.6636840289e-8],"min":[1.14930861054e-24,5.27365150839e-25,2.05108746017e-24,2.89891453476e-24,2.41335664532e-24,8.9238282599e-25,2.17783670004e-24,1.73105329624e-24,2.85867316226e-24,3.22113660441e-24,2.17687231758e-24,2.51914979524e-24,1.6570500575e-24,2.23320546647e-24,2.74555129732e-24,3.69539169481e-24,2.025129006e-24,3.09446171468e-24,4.8984231135e-24,3.25824107152e-24,3.54645633362e-24,5.31276559865e-24,3.04779980328e-24,3.87914461533e-24,5.35998917902e-24,5.58759251068e-24,6.01202531567e-24,5.42555259214e-24,5.25325827069e-24,5.36239559921e-24,5.15005159846e-24,6.47938319796e-24,6.11261533628e-24,5.78996530959e-24,5.67366788507e-24,5.71764135851e-24,4.48032841145e-24,5.60520659141e-24,6.28533998135e-24,5.92399514397e-24],"var":[0.00000294755750474,0.00000749066339267,0.00000355196425517,0.00000242819191953,1.18877196087e-7,1.59671287747e-7,1.26481921825e-7,1.00223878974e-7,1.25474642232e-7,1.68955793356e-7,5.56074759572e-8,6.20088655978e-8,5.7406534637e-8,2.13959356898e-8,6.26118605851e-8,7.89849430305e-9,5.06437913828e-9,2.148024425e-9,3.28692162377e-9,4.05475208964e-9,1.92837945612e-9,9.86271397885e-10,1.21924026431e-9,5.94271631904e-10,2.97207480848e-10,3.03793545875e-10,3.57026047615e-10,2.26776500356e-10,1.463717203e-10,9.66594443375e-11,5.07714321973e-11,5.13721079565e-11,5.53725086616e-11,3.89169321768e-11,3.44928495488e-11,4.58250451474e-11,4.42288324021e-11,3.45637338195e-11,1.89296495146e-11,7.36530281209e-12]},"melbands_crest":{"dmean":3.18638730049,"dmean2":5.28192043304,"dvar":9.26402950287,"dvar2":23.4684848785,"max":34.7963485718,"mean":12.2601070404,"median":11.5620012283,"min":1.65711021423,"var":20.2200069427},"melbands_flatness_db":{"dmean":0.0273124016821,"dmean2":0.0407689958811,"dvar":0.000815981300548,"dvar2":0.00191454298329,"max":0.510701656342,"mean":0.202109947801,"median":0.200905650854,"min":0.00329551193863,"var":0.00438158074394},"melbands_kurtosis":{"dmean":6.25088787079,"dmean2":9.96298027039,"dvar":134.448974609,"dvar2":339.753173828,"max":164.706954956,"mean":9.93289661407,"median":5.19584465027,"min":-1.82405352592,"var":199.411178589},"melbands_skewness":{"dmean":0.719534218311,"dmean2":1.09919333458,"dvar":0.666899323463,"dvar2":1.5386775732,"max":10.1327724457,"mean":2.46256256104,"median":2.20526790619,"min":-0.89701873064,"var":2.03810691833},"melbands_spread":{"dmean":7.49350786209,"dmean2":11.5578050613,"dvar":110.318222046,"dvar2":232.869689941,"max":226.084701538,"mean":25.915813446,"median":23.0856380463,"min":0.929306685925,"var":372.165649414},"mfcc":{"cov":[[10691.0703125,-530.700622559,214.048812866,49.5042877197,-257.776947021,-198.543411255,-9.11699199677,28.8350009918,-53.5277137756,129.807876587,-109.520935059,8.13188171387,-47.8238296509],[-530.700622559,2103.56665039,-851.19152832,271.954803467,117.587631226,-2.40567302704,84.3479309082,1.20165348053,54.6577224731,-77.9247131348,12.0039510727,-45.5425720215,-43.3703231812],[214.048812866,-851.19152832,830.819274902,-124.113449097,70.6371536255,53.5329475403,-45.0777549744,5.39070749283,-33.1321640015,58.4141998291,-23.8338718414,37.0248374939,30.5002059937],[49.5042877197,271.954803467,-124.113449097,274.692901611,77.0336303711,33.5193443298,-7.87509298325,-22.9980392456,-7.14013719559,0.0525520890951,-11.5447721481,5.80493927002,8.18818759918],[-257.776947021,117.587631226,70.6371536255,77.0336303711,251.930114746,57.2879562378,-11.6091661453,-13.076253891,-16.2777366638,-4.26507043839,0.197003871202,2.74807548523,14.4574651718],[-198.543411255,-2.40567302704,53.5329475403,33.5193443298,57.2879562378,155.715499878,31.0883369446,4.95566225052,6.87477016449,-38.3005027771,24.5157642365,-20.5948619843,-4.81229686737],[-9.11699199677,84.3479309082,-45.0777549744,-7.87509298325,-11.6091661453,31.0883369446,121.237251282,28.1071338654,23.9809055328,-20.3234100342,8.043176651,-9.03289604187,-9.99979877472],[28.8350009918,1.20165348053,5.39070749283,-22.9980392456,-13.076253891,4.95566225052,28.1071338654,87.887588501,19.3823928833,-1.57565391064,-0.927962183952,-9.38558387756,5.25336313248],[-53.5277137756,54.6577224731,-33.1321640015,-7.14013719559,-16.2777366638,6.87477016449,23.9809055328,19.3823928833,91.6639328003,-7.06838750839,27.6076126099,-24.6528358459,-14.3424901962],[129.807876587,-77.9247131348,58.4141998291,0.0525520890951,-4.26507043839,-38.3005027771,-20.3234100342,-1.57565391064,-7.06838750839,107.886917114,-16.0604896545,39.7716026306,5.60028076172],[-109.520935059,12.0039510727,-23.8338718414,-11.5447721481,0.197003871202,24.5157642365,8.043176651,-0.927962183952,27.6076126099,-16.0604896545,89.0528335571,-11.3602304459,-7.47717761993],[8.13188171387,-45.5425720215,37.0248374939,5.80493927002,2.74807548523,-20.5948619843,-9.03289604187,-9.38558387756,-24.6528358459,39.7716026306,-11.3602304459,83.8760681152,17.7471675873],[-47.8238296509,-43.3703231812,30.5002059937,8.18818759918,14.4574651718,-4.81229686737,-9.99979877472,5.25336313248,-14.3424901962,5.60028076172,-7.47717761993,17.7471675873,64.308555603]],"icov":[[0.000102973950561,0.0000189823258552,-0.0000407844454458,-0.000106898842205,0.000102827369119,0.000128320229123,-0.0000548640055058,-0.000049630220019,0.0000781329508754,-0.0000733838023734,0.0000507146251039,0.0000835456230561,0.000110999280878],[0.0000189823258552,0.000986549188383,0.000949538021814,-0.000408632564358,-0.000673345173709,0.000137453112984,-0.000330266251694,-0.000145676909597,-0.000292620068649,0.000150064617628,0.000224744188017,-0.0000574717159907,0.000367008004105],[-0.0000407844454458,0.000949538021814,0.00258045783266,0.000733038876206,-0.00119332887698,-0.00106467481237,0.000363211060176,-0.000191063474631,-0.00021520833252,-0.000756880966946,0.000724493467715,-0.000433567387518,-0.000224648640142],[-0.000106898842205,-0.000408632564358,0.000733038876206,0.00511635886505,-0.00119970925152,-0.00163640710525,0.000693395908456,0.00109489890747,-0.000291955977445,-0.000692052475642,0.00101075333077,-0.000475369422929,-0.000944698986132],[0.000102827369119,-0.000673345173709,-0.00119332887698,-0.00119970925152,0.00554877519608,-0.00140080973506,0.000536360021215,0.000364836014342,0.000810458848719,-0.000176712666871,-0.000249349715887,0.000278806401184,-0.00086737528909],[0.000128320229123,0.000137453112984,-0.00106467481237,-0.00163640710525,-0.00140080973506,0.00946300756186,-0.00242240587249,-0.000406929902965,0.000564199057408,0.00259860814549,-0.00222904002294,0.00114882818889,0.000904374348465],[-0.0000548640055058,-0.000330266251694,0.000363211060176,0.000693395908456,0.000536360021215,-0.00242240587249,0.0104500995949,-0.00271992245689,-0.00182608806062,0.00113978562877,0.000533545564394,-0.00138123612851,0.00095790263731],[-0.000049630220019,-0.000145676909597,-0.000191063474631,0.00109489890747,0.000364836014342,-0.000406929902965,-0.00271992245689,0.0134651418775,-0.00238516461104,-0.000756514782552,0.0011127871694,0.00138145277742,-0.00253725214861],[0.0000781329508754,-0.000292620068649,-0.00021520833252,-0.000291955977445,0.000810458848719,0.000564199057408,-0.00182608806062,-0.00238516461104,0.0144749032333,-0.00141961837653,-0.00412065396085,0.00361858610995,0.00164509250317],[-0.0000733838023734,0.000150064617628,-0.000756880966946,-0.000692052475642,-0.000176712666871,0.00259860814549,0.00113978562877,-0.000756514782552,-0.00141961837653,0.0130334254354,0.000950027664658,-0.0055616889149,0.0011606317712],[0.0000507146251039,0.000224744188017,0.000724493467715,0.00101075333077,-0.000249349715887,-0.00222904002294,0.000533545564394,0.0011127871694,-0.00412065396085,0.000950027664658,0.0135730318725,-0.000520444649737,0.000318314065225],[0.0000835456230561,-0.0000574717159907,-0.000433567387518,-0.000475369422929,0.000278806401184,0.00114882818889,-0.00138123612851,0.00138145277742,0.00361858610995,-0.0055616889149,-0.000520444649737,0.0167363509536,-0.00340266083367],[0.000110999280878,0.000367008004105,-0.000224648640142,-0.000944698986132,-0.00086737528909,0.000904374348465,0.00095790263731,-0.00253725214861,0.00164509250317,0.0011606317712,0.000318314065225,-0.00340266083367,0.0179676786065]],"mean":[-672.960693359,143.278045654,-21.2459754944,30.8674049377,12.9746665955,3.34684586525,3.85381960869,1.93413031101,-0.679687678814,1.32004797459,-7.06281375885,-1.55305838585,-3.60983490944]},"pitch_salience":{"dmean":0.0693982318044,"dmean2":0.113865278661,"dvar":0.00430892268196,"dvar2":0.0111850472167,"max":0.84835845232,"mean":0.627737760544,"median":0.63832706213,"min":0.159310951829,"var":0.0093186693266},"silence_rate_20dB":{"dmean":0,"dmean2":0,"dvar":0,"dvar2":0,"max":1,"mean":1,"median":1,"min":1,"var":0},"silence_rate_30dB":{"dmean":0.00437956210226,"dmean2":0.00876003783196,"dvar":0.00436029909179,"dvar2":0.012437264435,"max":1,"mean":0.997393369675,"median":1,"min":0,"var":0.00260012806393},"silence_rate_60dB":{"dmean":0.0154327424243,"dmean2":0.0308687034994,"dvar":0.0151942074299,"dvar2":0.0372117087245,"max":1,"mean":0.0603690966964,"median":0,"min":0,"var":0.0567265152931},"spectral_centroid":{"dmean":260.285186768,"dmean2":394.795288086,"dvar":93460.578125,"dvar2":191737.921875,"max":11523.7216797,"mean":1390.69396973,"median":1300.1887207,"min":184.525238037,"var":734724.1875},"spectral_complexity":{"dmean":3.98769545555,"dmean2":5.60746669769,"dvar":19.4446353912,"dvar2":31.8236675262,"max":64,"mean":19.9401531219,"median":18,"min":0,"var":139.180267334},"spectral_contrast_coeffs":{"dmean":[0.0482447370887,0.0450516305864,0.0360850840807,0.0308416429907,0.0230574887246,0.0192969162017],"dmean2":[0.0801604390144,0.0730126053095,0.0586085058749,0.0503799691796,0.037097401917,0.0297417137772],"dvar":[0.00182804651558,0.0014542194549,0.00088595028501,0.000587326881941,0.000412853172747,0.000390100030927],"dvar2":[0.00477939937264,0.00373187870719,0.00221333699301,0.00154430710245,0.000978328287601,0.000853202829603],"max":[-0.311887562275,-0.435153722763,-0.475740462542,-0.593657612801,-0.604209542274,-0.591035485268],"mean":[-0.651213526726,-0.756196677685,-0.787962019444,-0.78575605154,-0.791386961937,-0.768430054188],"median":[-0.653916180134,-0.763372898102,-0.794689118862,-0.787623882294,-0.793190479279,-0.767469644547],"min":[-0.98004347086,-0.98085474968,-0.974583089352,-0.971488833427,-0.96592861414,-0.963481485844],"var":[0.00557873863727,0.00477367592975,0.00362934428267,0.00232448591851,0.00181109365076,0.00225033564493]},"spectral_contrast_valleys":{"dmean":[0.382572799921,0.363969475031,0.325320601463,0.270005315542,0.28886154294,0.437174856663],"dmean2":[0.607417821884,0.579613626003,0.507256984711,0.402199804783,0.391444087029,0.519722163677],"dvar":[0.152879923582,0.128752931952,0.106170736253,0.0821353122592,0.122658975422,0.323450505733],"dvar2":[0.315149068832,0.272089242935,0.201157093048,0.129942715168,0.191129207611,0.539593398571],"max":[-5.23944139481,-4.71378612518,-4.89978647232,-5.35735321045,-5.38003492355,-7.07447719574],"mean":[-7.26902723312,-7.00633144379,-7.42091560364,-7.65646600723,-7.70569801331,-10.98350811],"median":[-7.02261734009,-6.79494285583,-7.16595840454,-7.38737154007,-7.46840763092,-10.8531913757],"min":[-28.0398044586,-27.6813869476,-27.625005722,-27.6094894409,-27.3858737946,-27.3766899109],"var":[2.97484445572,2.9570479393,2.94853568077,2.84409999847,2.97678947449,3.26674342155]},"spectral_decrease":{"dmean":2.34138464172e-9,"dmean2":3.44902817417e-9,"dvar":1.61947537908e-17,"dvar2":3.63163721774e-17,"max":1.75478422618e-28,"mean":-5.20403009574e-9,"median":-3.32489480392e-9,"min":-3.50910021041e-8,"var":2.79134281463e-17},"spectral_energy":{"dmean":0.00926691479981,"dmean2":0.0134744085371,"dvar":0.000247509829933,"dvar2":0.000543263508007,"max":0.14242079854,"mean":0.0211978890002,"median":0.0135570121929,"min":1.02625285529e-20,"var":0.000457792106317},"spectral_energyband_high":{"dmean":0.000411683606217,"dmean2":0.000521946756635,"dvar":0.00000140014174121,"dvar2":0.00000254193719229,"max":0.0401211306453,"mean":0.000710593594704,"median":0.000118768373795,"min":7.05065974362e-21,"var":0.00000335231925419},"spectral_energyband_low":{"dmean":0.00519888615236,"dmean2":0.00821025017649,"dvar":0.000141010605148,"dvar2":0.000345767562976,"max":0.107159256935,"mean":0.00699258968234,"median":0.00328318635002,"min":1.15776705327e-23,"var":0.000140329910209},"spectral_energyband_middle_high":{"dmean":0.00178094592411,"dmean2":0.002384620253,"dvar":0.0000101262385215,"dvar2":0.0000173361713678,"max":0.0799024179578,"mean":0.00493864063174,"median":0.00284265563823,"min":1.32565316002e-21,"var":0.0000412035442423},"spectral_energyband_middle_low":{"dmean":0.00463339034468,"dmean2":0.00711539434269,"dvar":0.0000808170007076,"dvar2":0.000193135376321,"max":0.108427971601,"mean":0.00981316994876,"median":0.00630505289882,"min":1.71649266731e-22,"var":0.000133760535391},"spectral_entropy":{"dmean":0.143022656441,"dmean2":0.207771599293,"dvar":0.0283050052822,"dvar2":0.0597254224122,"max":9.8197259903,"mean":7.56409645081,"median":7.53181695938,"min":5.48985528946,"var":0.169426336884},"spectral_flux":{"dmean":0.0254953466356,"dmean2":0.0381792224944,"dvar":0.00120988336857,"dvar2":0.00242942641489,"max":0.309146851301,"mean":0.0762303620577,"median":0.0612529441714,"min":6.3466468192e-11,"var":0.00290551129729},"spectral_kurtosis":{"dmean":2.36209559441,"dmean2":4.00349521637,"dvar":8.62295722961,"dvar2":24.5563774109,"max":51.5909194946,"mean":6.03898000717,"median":5.1562204361,"min":-1.25826895237,"var":17.4250507355},"spectral_rms":{"dmean":0.000848140683956,"dmean2":0.00118509330787,"dvar":0.00000137095480568,"dvar2":0.00000271867247648,"max":0.0117875831202,"mean":0.00406643329188,"median":0.00363680534065,"min":3.16420956277e-12,"var":0.00000414507712776},"spectral_rolloff":{"dmean":500.781066895,"dmean2":818.240722656,"dvar":646146.25,"dvar2":1421734.75,"max":19616.7480469,"mean":1605.90869141,"median":1291.9921875,"min":43.06640625,"var":3313449.75},"spectral_skewness":{"dmean":0.2619972229,"dmean2":0.426528513432,"dvar":0.0766782909632,"dvar2":0.201554507017,"max":5.1643242836,"mean":1.56938862801,"median":1.53008615971,"min":-0.0604767762125,"var":0.254402846098},"spectral_spread":{"dmean":543035.875,"dmean2":745344.4375,"dvar":743867875328,"dvar2":1286202720260,"max":42529760,"mean":3883278,"median":3378896.5,"min":1292714,"var":8181181317120},"spectral_strongpeak":{"dmean":0.390343308449,"dmean2":0.652396440506,"dvar":0.432547479868,"dvar2":1.05552184582,"max":11.1143016815,"mean":0.652106583118,"median":0.297214984894,"min":0,"var":0.941300749779},"zerocrossingrate":{"dmean":0.00922836270183,"dmean2":0.010774878785,"dvar":0.000161279574968,"dvar2":0.000211242688238,"max":0.5224609375,"mean":0.0583476498723,"median":0.048828125,"min":0.00537109375,"var":0.00208688946441}},"metadata":{"audio_properties":{"analysis_sample_rate":44100,"bit_rate":0,"codec":"flac","downmix":"mix","equal_loudness":0,"length":222.666671753,"lossless":true,"md5_encoded":"35bc88812dbf8c923f68645db411844d","replay_gain":-6.41850852966,"sample_rate":44100},"tags":{"album":["New Sensations"],"albumartist":["Lou Reed"],"albumartistsort":["Reed, Lou"],"artist":["Lou Reed"],"artistsort":["Reed, Lou"],"asin":["B00000E68U"],"date":["1984"],"discnumber":["01"],"disctotal":["01"],"file_name":"11_down_at_the_arcade.flac","genre":["Rock"],"language":["English"],"musicbrainz_albumartistid":["9d1ebcfe-4c15-4d18-95d3-d919898638a1"],"musicbrainz_albumid":["4b9a915e-b93f-4cb3-9f53-94e9f199eb88"],"musicbrainz_artistid":["9d1ebcfe-4c15-4d18-95d3-d919898638a1"],"musicbrainz_discid":["3fjoSsB4RVrwf576yaU9zUJk5X0-","qovINMS.YhWok2PBP7gH_auK4jU-"],"musicbrainz_recordingid":["9e8d4e32-6277-46fb-8966-06cf3e70d998"],"musicbrainz_releasegroupid":["63174695-db15-33e7-babc-c98e590a5e2d"],"musicip_puid":["5be351ed-d8ad-eeb2-7def-3d497cdf04fa"],"releasecountry":["Germany"],"script":["Latin"],"title":["Down at the Arcade"],"tracknumber":["11"],"tracktotal":["11"]},"version":{"essentia":"2.1-beta2","essentia_build_sha":"70f2e5ece6736b2c40cc944ad0e695b16b925413","essentia_git_sha":"v2.1_beta2","extractor":"music 1.0"}},"rhythm":{"beats_count":473,"beats_loudness":{"dmean":0.0242590960115,"dmean2":0.0436322689056,"dvar":0.000319842481986,"dvar2":0.00103631650563,"max":0.116800040007,"mean":0.0457199625671,"median":0.044127907604,"min":0,"var":0.000638126570266},"beats_loudness_band_ratio":{"dmean":[0.261664122343,0.131411388516,0.0972715914249,0.0970726907253,0.0646769702435,0.0545854568481],"dmean2":[0.476246297359,0.2366194278,0.172273337841,0.176592424512,0.115015789866,0.103160776198],"