{"lowlevel":{"average_loudness":0.936108291149,"barkbands":{"dmean":[0.0000175484601641,0.000994266476482,0.000833187950775,0.00126767961774,0.00114970246796,0.000652558810543,0.000564107962418,0.000550548604224,0.000857759383507,0.000955237424932,0.000354187708581,0.000317777274176,0.00030830266769,0.000369041925296,0.000361691374565,0.000305057037622,0.000364264560631,0.000389231689041,0.000363746687071,0.000253813777817,0.000160586103448,0.000147233440657,0.0000772768617026,0.0000603441258136,0.0000415279027948,0.0000177471501956,0.0000048658284868],"dmean2":[0.0000247341849899,0.00165747047868,0.00142273784149,0.00218103732914,0.00198442698456,0.00108577264473,0.000918311823625,0.00088359991787,0.00136065634433,0.00149823178072,0.000569019699469,0.000504674680997,0.000493566854857,0.000568693096284,0.000582952634431,0.000504362280481,0.00060159759596,0.000638421450276,0.000594604120124,0.000399943557568,0.000263789203018,0.00023195243557,0.000113880916615,0.0000884735054569,0.0000577253194933,0.0000258114305325,0.00000765473760111],"dvar":[1.20034981954e-9,0.00000649956427878,0.0000020799466256,0.00000391456887883,0.00000343971100847,0.00000114914030291,0.00000136831488362,0.00000246272475124,0.00000394540938942,0.0000051345200518,7.17022203389e-7,5.57159637538e-7,5.08678738242e-7,7.1897466114e-7,6.4287752366e-7,3.52500109102e-7,2.14766387785e-7,3.10753250687e-7,2.23325869797e-7,1.35726025974e-7,7.6874435706e-8,1.03530453543e-7,3.09491703376e-8,2.76343907757e-8,1.72811400745e-8,2.58353827221e-9,2.520492981e-10],"dvar2":[2.08365014132e-9,0.0000160399922606,0.00000578474919166,0.0000111190956886,0.00000995306618279,0.00000307089112539,0.00000335012759933,0.00000614719829173,0.00000928450299398,0.0000125506949189,0.0000017871085447,0.00000135479831442,0.00000124542191315,0.00000159465378147,0.00000159754404194,9.7515487596e-7,5.56221550596e-7,7.6817889294e-7,5.48258753952e-7,3.3898928109e-7,1.94783908114e-7,2.33562502672e-7,6.11299100228e-8,5.37499111886e-8,3.35132916973e-8,5.32717514545e-9,5.55615831122e-10],"max":[0.000527498952579,0.0236528739333,0.0164531450719,0.0279201865196,0.0250828880817,0.0300107169896,0.0295013505965,0.0380421169102,0.0339367873967,0.0523169338703,0.0268820244819,0.017733309418,0.0186152309179,0.018698412925,0.0156881641597,0.0172263346612,0.00993860606104,0.010435574688,0.00927686691284,0.00728574860841,0.00364105263725,0.00571745680645,0.00558250537142,0.00492263305932,0.00403073336929,0.001606830745,0.000519612105563],"mean":[0.0000259752196143,0.00101137103047,0.00138618331403,0.00178020377643,0.00212165294215,0.00114833260886,0.000865590001922,0.000800344743766,0.00137296970934,0.00159640447237,0.000599970808253,0.000544724811334,0.000543878006283,0.000629423942883,0.00062916893512,0.00062033435097,0.000815441540908,0.000859433261212,0.000919352285564,0.000638746947516,0.000381725811167,0.000298168888548,0.0001618933602,0.000108958105557,0.0000679641598254,0.0000239285054704,0.00000510493100592],"median":[0.0000118329735415,0.000272387056611,0.000969900691416,0.00115943257697,0.00171578070149,0.000767147750594,0.000416967668571,0.000354414747562,0.00051734119188,0.000568492221646,0.00030180712929,0.000314190343488,0.00028363589081,0.00029093134799,0.000281529559288,0.000382828817237,0.000649780442473,0.000629673537333,0.000757514091674,0.000453060027212,0.000251787074376,0.000134824222187,0.0000661786471028,0.0000385645835195,0.0000235421030084,0.00000629811938779,3.28730692445e-7],"min":[1.68662677012e-25,3.32750128406e-24,9.24225689468e-25,1.74653291656e-24,1.14608851977e-23,5.64598241717e-24,7.05130656538e-24,9.50977185498e-24,9.25972898044e-24,1.71914753135e-23,5.94356204986e-24,2.62103090505e-23,2.03131430659e-23,3.93112518473e-23,3.19462003116e-23,5.26935040207e-23,6.50815232408e-23,8.45284213021e-23,1.23101214145e-22,1.58210143997e-22,2.44622888944e-22,3.05109915879e-22,3.72316396896e-22,5.39457519191e-22,8.9463177929e-22,1.31432648058e-21,1.76210513496e-21],"var":[1.88650250976e-9,0.00000589441515331,0.00000247158141065,0.00000424074778493,0.00000397794656237,0.00000188231797438,0.00000207298535315,0.00000296171492664,0.00000746938712837,0.000010406907677,0.00000132644800033,8.57886107042e-7,9.41422172218e-7,0.00000140623740208,0.00000122027734051,8.09502978427e-7,4.88854084324e-7,7.03593912021e-7,6.46088665235e-7,4.14097087287e-7,1.59320904913e-7,2.05226797334e-7,7.86612659454e-8,6.37396979641e-8,3.36113359367e-8,3.62788799002e-9,2.72530248369e-10]},"barkbands_crest":{"dmean":1.92918038368,"dmean2":3.2043762207,"dvar":3.44265532494,"dvar2":9.08566856384,"max":19.7629718781,"mean":6.41567277908,"median":5.82109069824,"min":2.05850958824,"var":6.74119234085},"barkbands_flatness_db":{"dmean":0.0138104809448,"dmean2":0.0207966435701,"dvar":0.000166048062965,"dvar2":0.000354858930223,"max":0.19352632761,"mean":0.0839335843921,"median":0.080584011972,"min":0.0239228773862,"var":0.000675115501508},"barkbands_kurtosis":{"dmean":0.554266273975,"dmean2":0.920470297337,"dvar":0.536394476891,"dvar2":1.44127047062,"max":14.0103263855,"mean":-0.532444775105,"median":-0.834206700325,"min":-1.8294519186,"var":1.14084529877},"barkbands_skewness":{"dmean":0.301664948463,"dmean2":0.491743445396,"dvar":0.0794795528054,"dvar2":0.20326192677,"max":3.86919808388,"mean":0.475826025009,"median":0.507299184799,"min":-2.79059815407,"var":0.372206091881},"barkbands_spread":{"dmean":4.93615436554,"dmean2":7.6779127121,"dvar":22.3378047943,"dvar2":51.1779289246,"max":90.7354125977,"mean":34.1321792603,"median":33.6910171509,"min":7.34337615967,"var":92.7121658325},"dissonance":{"dmean":0.0090833120048,"dmean2":0.0155322384089,"dvar":0.0000829636846902,"dvar2":0.000232144142501,"max":0.500000238419,"mean":0.485585570335,"median":0.48843511939,"min":0.378697484732,"var":0.000132387693156},"dynamic_complexity":3.44376587868,"erbbands":{"dmean":[0.0221261624247,0.257728904486,0.805915892124,2.65712046623,4.46947860718,3.70707178116,3.71592116356,6.32105255127,8.17210960388,8.5475692749,12.8420343399,19.8721866608,29.1860542297,20.9492683411,12.3219299316,12.4162998199,13.6146268845,16.2255535126,17.859210968,18.7379322052,14.12109375,19.1114463806,22.0180225372,20.9320278168,12.6298103333,12.3827667236,8.33439445496,5.38684225082,5.52416849136,3.1207306385,2.18214797974,1.48423480988,0.912471473217,0.5438798666,0.257424473763,0.0987217277288,0.0283566247672,0.00772255612537,0.000862615124788,0.0000226891697821],"dmean2":[0.0351246297359,0.436733037233,1.36030519009,4.54238462448,7.87932777405,6.33293151855,6.18334245682,10.51404953,13.5537672043,13.7866687775,20.3808288574,31.3546848297,45.726688385,33.0874137878,19.6166706085,19.688999176,21.835100174,25.1534538269,27.6515712738,30.7841320038,23.0641746521,31.5986385345,35.7894058228,34.2897529602,20.2515525818,19.6968688965,13.4362154007,8.88240528107,8.68290901184,4.73520851135,3.32788658142,2.23196434975,1.31958949566,0.773417711258,0.359337180853,0.142159774899,0.0417993962765,0.0117118274793,0.00137384457048,0.0000352991082764],"dvar":[0.00325240078382,0.423999071121,2.14529395103,15.8078126907,66.0737762451,28.7242527008,48.8843154907,114.814041138,198.833053589,561.056762695,1342.36035156,2227.84179688,4777.89257812,3057.47973633,761.708251953,878.107910156,983.582763672,1475.48986816,1749.06994629,2106.22558594,550.647460938,544.698730469,1083.27539062,836.667297363,273.50302124,357.83770752,175.113098145,118.804237366,143.982192993,43.8732376099,27.1918621063,15.7113552094,7.83233737946,3.25755834579,0.597724318504,0.0743717029691,0.00764777604491,0.000620173406787,0.00000753351969252,3.70076147505e-9],"dvar2":[0.007533993572,1.0792119503,5.77464723587,44.0289649963,195.014968872,82.7716369629,133.024261475,305.057769775,517.760986328,1342.19091797,3328.05151367,5261.67236328,11632.0507812,7524.61962891,1923.76049805,2069.67749023,2438.33496094,3380.41210938,4139.72705078,5719.12451172,1476.25952148,1394.42431641,2634.59814453,2009.21264648,666.034790039,925.003723145,414.834594727,306.466186523,323.405700684,90.3646316528,58.364074707,32.7427902222,14.803858757,6.34931898117,1.18013143539,0.152404233813,0.0163020100445,0.00133693835232,0.0000169790328073,8.4546538659e-9],"max":[0.541243553162,6.1826543808,16.7800178528,56.4305992126,119.2397995,85.4031219482,269.784790039,226.216339111,269.523345947,721.367492676,996.693969727,920.468688965,1579.04711914,1330.89013672,1139.42492676,792.550109863,911.071777344,1030.36791992,1014.54718018,907.981018066,693.428222656,631.8828125,756.302246094,627.013427734,430.654266357,430.508209229,232.236404419,136.67074585,223.78237915,191.844390869,144.331985474,119.068817139,82.1128005981,62.2059059143,24.9827442169,7.8476858139,3.15969443321,0.926026165485,0.0830840542912,0.0015559932217],"mean":[0.0237071812153,0.258078485727,1.289483428,4.34377479553,6.46169042587,6.79235029221,7.27636384964,10.681854248,12.7996072769,12.7931222916,19.9943656921,32.4919471741,49.2378959656,38.6728630066,23.4216175079,22.8395385742,26.0131130219,30.0930156708,33.4492721558,36.7245635986,33.9907913208,45.9241981506,50.1753540039,51.7754936218,34.945224762,31.2997360229,20.732875824,12.2274742126,11.0309286118,6.69695997238,4.38185691833,2.66789603233,1.61039304733,0.900803387165,0.408180296421,0.13999094069,0.0364844799042,0.00934523623437,0.000864172820002,0.0000440589246864],"median":[0.00534617900848,0.0841905027628,0.902254343033,3.22677993774,4.59722280502,5.30207204819,5.22052621841,6.40418148041,6.66942834854,6.08728599548,9.28784179688,13.3565196991,18.3028469086,15.8956222534,13.8471755981,13.6176452637,14.6040287018,15.9167423248,15.3627634048,17.5335044861,24.3350734711,37.6254730225,36.7085647583,41.7889862061,29.0775756836,22.1239509583,13.6752700806,7.63891983032,5.09909200668,2.74619102478,1.76899409294,1.00791215897,0.522620797157,0.307061612606,0.140173226595,0.040175139904,0.00888785161078,0.00151236588135,0.0000626447726972,0.0000301946674881],"min":[9.20023608864e-23,6.6310097739e-22,1.55623924735e-21,7.67938244044e-21,1.02788338661e-20,3.58430736481e-20,4.10300324637e-20,3.28703222359e-20,8.09444309256e-20,1.65269652412e-19,2.68276670485e-19,2.75546373148e-19,5.97814750727e-19,9.5846803104e-19,9.2869459547e-19,1.38247140386e-18,1.11537612823e-18,1.48090351861e-18,2.67362930592e-18,3.35126683066e-18,3.23767301227e-18,3.91159980478e-18,4.57371114943e-18,5.16205659499e-18,7.68005931328e-18,7.80300399491e-18,8.28889402262e-18,1.01990228019e-17,9.80362964187e-18,9.10014561812e-18,1.04011427302e-17,9.79379281003e-18,9.31829299799e-18,8.9407942362e-18,6.10304526572e-18,4.09694699182e-18,2.43250160786e-18,1.0015835797e-18,2.47980398289e-19,2.35949408478e-20],"var":[0.00347715429962,0.354088038206,2.29641032219,19.4116401672,58.0695075989,39.955039978,71.3069458008,193.385467529,315.591949463,680.649902344,1662.10559082,4116.45263672,9417.48925781,6647.00146484,1288.4708252,1388.09008789,1905.37548828,2697.2644043,3758.11938477,4285.40185547,1613.41577148,1388.8269043,2454.20507812,2327.14160156,814.565673828,1056.33166504,461.909118652,196.731765747,281.91619873,108.327110291,61.841960907,32.8823471069,17.7065620422,6.27358293533,1.13340556622,0.116033747792,0.00955924578011,0.000715283269528,0.00000785463998909,3.98454158557e-9]},"erbbands_crest":{"dmean":2.09725689888,"dmean2":3.45389080048,"dvar":4.78154087067,"dvar2":12.2179088593,"max":26.4521980286,"mean":7.02355194092,"median":6.03866958618,"min":2.45435523987,"var":11.0785236359},"erbbands_flatness_db":{"dmean":0.0155654372647,"dmean2":0.0216555465013,"dvar":0.000236168605625,"dvar2":0.000417507690145,"max":0.275186657906,"mean":0.15376098454,"median":0.153726905584,"min":0.0374637618661,"var":0.00117420312017},"erbbands_kurtosis":{"dmean":0.494281619787,"dmean2":0.806045055389,"dvar":0.269614130259,"dvar2":0.687089323997,"max":7.08059883118,"mean":-0.215410038829,"median":-0.440621495247,"min":-1.71502816677,"var":0.770949780941},"erbbands_skewness":{"dmean":0.263609111309,"dmean2":0.41751524806,"dvar":0.0530745983124,"dvar2":0.132054284215,"max":2.02931809425,"mean":-0.354885816574,"median":-0.423828840256,"min":-2.07610487938,"var":0.267786920071},"erbbands_spread":{"dmean":5.53433847427,"dmean2":8.89321994781,"dvar":26.8846759796,"dvar2":65.9096450806,"max":108.812965393,"mean":37.0027427673,"median":36.1140708923,"min":9.23133659363,"var":120.058601379},"gfcc":{"cov":[[27558.3339844,974.228027344,-1803.62231445,513.901977539,-1047.51843262,84.5382614136,-675.811828613,223.999908447,-478.742034912,27.334941864,-357.577667236,34.4921989441,-371.544769287],[974.228027344,1091.40930176,-514.618652344,133.778167725,113.151496887,-153.399200439,182.436660767,-13.1203870773,16.03789711,-59.2821502686,22.7304840088,-74.0262756348,57.8462142944],[-1803.62231445,-514.618652344,739.799926758,-116.822868347,136.397659302,74.0847320557,-1.76910603046,62.6654129028,45.0073051453,67.5724487305,31.944814682,66.2882614136,-41.5960578918],[513.901977539,133.778167725,-116.822868347,226.16394043,-42.463142395,19.898273468,-21.8324623108,-17.1342010498,15.3437976837,-3.20550560951,14.0320978165,-9.62011051178,33.1312675476],[-1047.51843262,113.151496887,136.397659302,-42.463142395,319.565002441,-19.2518386841,126.190940857,38.43724823,2.18223786354,16.4156551361,13.1858901978,6.82672357559,11.0982255936],[84.5382614136,-153.399200439,74.0847320557,19.898273468,-19.2518386841,167.508346558,9.01901245117,39.6326217651,-3.42437553406,10.1486577988,-1.57886707783,4.41881942749,-1.18658864498],[-675.811828613,182.436660767,-1.76910603046,-21.8324623108,126.190940857,9.01901245117,182.555236816,35.6589660645,18.7798938751,-17.8468532562,2.10075545311,-14.42918396,19.3425121307],[223.999908447,-13.1203870773,62.6654129028,-17.1342010498,38.43724823,39.6326217651,35.6589660645,101.823867798,15.5325536728,17.7618045807,-15.4537467957,3.06946539879,-2.64273309708],[-478.742034912,16.03789711,45.0073051453,15.3437976837,2.18223786354,-3.42437553406,18.7798938751,15.5325536728,99.0820083618,29.1862831116,14.2188148499,-10.7068538666,14.4945020676],[27.334941864,-59.2821502686,67.5724487305,-3.20550560951,16.4156551361,10.1486577988,-17.8468532562,17.7618045807,29.1862831116,68.2737808228,21.4947013855,16.2050495148,-7.04968261719],[-357.577667236,22.7304840088,31.944814682,14.0320978165,13.1858901978,-1.57886707783,2.10075545311,-15.4537467957,14.2188148499,21.4947013855,68.5252456665,23.5884189606,7.66096496582],[34.4921989441,-74.0262756348,66.2882614136,-9.62011051178,6.82672357559,4.41881942749,-14.42918396,3.06946539879,-10.7068538666,16.2050495148,23.5884189606,62.9679527283,9.36734199524],[-371.544769287,57.8462142944,-41.5960578918,33.1312675476,11.0982255936,-1.18658864498,19.3425121307,-2.64273309708,14.4945020676,-7.04968261719,7.66096496582,9.36734199524,81.4004440308]],"icov":[[0.0000922145991353,-0.000180639442988,0.00014511597692,-0.000131466062157,0.000197444082005,-0.000122672819998,0.00027972375392,-0.000342479994288,0.000322079373291,-0.000347407796653,0.000531717552803,-0.00049567152746,0.000490202801302],[-0.000180639442988,0.00301883020438,0.00132321077399,-0.000884921115357,-0.00111972703598,0.0022950170096,-0.00249532307498,-0.000472399144201,-0.000753258762415,0.00140016002115,-0.00313336099498,0.00234906049445,-0.000889775226824],[0.00014511597692,0.00132321077399,0.00345831597224,0.000071425230999,-0.00138365931343,-0.000168671744177,0.000275751808658,-0.0015440400457,-0.00132435094565,-0.0000125566621136,-0.000614375574514,-0.00215326459147,0.0020710749086],[-0.000131466062157,-0.000884921115357,0.000071425230999,0.00629875436425,-0.000149935804075,-0.00206377869472,0.00167463044636,0.00130842800718,-0.0016193598276,0.000611349998508,-0.00135931395926,0.000847057322972,-0.00249174144119],[0.000197444082005,-0.00111972703598,-0.00138365931343,-0.000149935804075,0.00626077130437,0.000948880508076,-0.0030752683524,-0.00106474349741,0.00326220970601,-0.00359074445441,0.00134456029627,-0.000404261460062,-0.0000645617546979],[-0.000122672819998,0.0022950170096,-0.000168671744177,-0.00206377869472,0.000948880508076,0.00946910306811,-0.00330960215069,-0.00330926850438,0.00181215640623,-0.000257276959019,-0.00263774930499,0.00279933237471,-0.00116824975703],[0.00027972375392,-0.00249532307498,0.000275751808658,0.00167463044636,-0.0030752683524,-0.00330960215069,0.0124588860199,-0.00287699163891,-0.00203662412241,0.00370400189422,0.000944626575802,-0.00129861501046,0.000570460862946],[-0.000342479994288,-0.000472399144201,-0.0015440400457,0.00130842800718,-0.00106474349741,-0.00330926850438,-0.00287699163891,0.0160380080342,-0.00279999012128,-0.00305988895707,0.00464419275522,-0.000863056164235,-0.0013520171633],[0.000322079373291,-0.000753258762415,-0.00132435094565,-0.0016193598276,0.00326220970601,0.00181215640623,-0.00203662412241,-0.00279999012128,0.0170389898121,-0.00898245815188,-0.00045016760123,0.00500585604459,-0.00238321674988],[-0.000347407796653,0.00140016002115,-0.0000125566621136,0.000611349998508,-0.00359074445441,-0.000257276959019,0.00370400189422,-0.00305988895707,-0.00898245815188,0.0257561411709,-0.00822730734944,-0.00194849225227,0.00149895995855],[0.000531717552803,-0.00313336099498,-0.000614375574514,-0.00135931395926,0.00134456029627,-0.00263774930499,0.000944626575802,0.00464419275522,-0.00045016760123,-0.00822730734944,0.0260334964842,-0.0116427065805,0.00285483011976],[-0.00049567152746,0.00234906049445,-0.00215326459147,0.000847057322972,-0.000404261460062,0.00279933237471,-0.00129861501046,-0.000863056164235,0.00500585604459,-0.00194849225227,-0.0116427065805,0.0278314352036,-0.00816752016544],[0.000490202801302,-0.000889775226824,0.0020710749086,-0.00249174144119,-0.0000645617546979,-0.00116824975703,0.000570460862946,-0.0013520171633,-0.00238321674988,0.00149895995855,0.00285483011976,-0.00816752016544,0.0182649679482]],"mean":[-3.82905340195,74.8169937134,-143.561508179,40.5763015747,-58.6191215515,1.40325963497,-35.9066963196,6.86092376709,-32.3648757935,-5.90429639816,-22.0146369934,-3.85073876381,-13.2326259613]},"hfc":{"dmean":6.40085220337,"dmean2":9.38412284851,"dvar":79.5175857544,"dvar2":159.815490723,"max":174.212997437,"mean":26.8444366455,"median":24.2580108643,"min":1.08389856411e-16,"var":331.983123779},"melbands":{"dmean":[0.000238009539316,0.000382561149308,0.000501850561704,0.000276681501418,0.000133935973281,0.000138831834192,0.000121285600471,0.0000957591255428,0.00011005403212,0.000131554887048,0.000149833591422,0.0000910647577257,0.0000441203010269,0.0000359179321094,0.0000312230149575,0.0000316676523653,0.0000335317090503,0.0000319541431963,0.0000260259439528,0.0000245730097959,0.0000179913749889,0.000021233849111,0.0000249420263572,0.0000185622138815,0.0000195966877072,0.0000126990316858,0.00000935829848459,0.00000855135476741,0.00000685913164489,0.00000375374725081,0.00000355627457793,0.00000385136172554,0.00000234740446103,0.00000167308166965,0.00000137096105846,0.00000108580923097,9.04368334886e-7,6.74959665048e-7,5.79881259455e-7,4.35480586702e-7],"dmean2":[0.000393121008528,0.000636015203781,0.000864155997988,0.000482890871353,0.0002235283755,0.000230981240747,0.000200050097192,0.00015448773047,0.00017356465105,0.000207878198125,0.000234809733229,0.000143972109072,0.0000705079364707,0.0000571919554204,0.0000499328416481,0.0000506250325998,0.0000523381386301,0.0000494299274578,0.0000421456097683,0.0000405298051191,0.0000296586513286,0.0000353179275407,0.0000410464817833,0.0000304298209812,0.000032271091186,0.0000209260397241,0.0000150478681462,0.0000137942142828,0.000011244520465,0.00000610343886365,0.00000593524055148,0.00000607747870163,0.00000381790323445,0.00000246460331255,0.00000212345958062,0.00000171450722064,0.00000137005247325,9.97089728116e-7,8.37545997001e-7,6.33743354683e-7],"dvar":[3.87349246012e-7,5.2273151141e-7,6.06865114605e-7,2.24622496603e-7,5.2051678523e-8,5.2626845104e-8,4.57383961816e-8,6.98062763149e-8,9.05420094455e-8,9.53298737727e-8,1.25181401245e-7,5.93454458908e-8,9.89782034111e-9,7.91724197313e-9,7.31928961883e-9,5.48570744385e-9,6.86625112323e-9,5.96494231786e-9,3.41012817984e-9,3.25172466731e-9,9.10944653043e-10,6.63505805854e-10,1.37568989533e-9,7.08368697033e-10,7.9394318897e-10,2.4151564082e-10,1.97700536497e-10,1.69503869274e-10,1.34130415108e-10,3.63099272871e-11,5.42255199076e-11,8.41250055728e-11,3.0236150389e-11,1.2230482252e-11,1.03206037466e-11,7.29796344884e-12,5.75462377403e-12,4.19040279906e-12,3.9610367937e-12,2.19291360244e-12],"dvar2":[9.27905375647e-7,0.00000132132049657,0.00000173284308858,6.54808786749e-7,1.41901921324e-7,1.40392657499e-7,1.16944910644e-7,1.68948986357e-7,2.21681304424e-7,2.23688132905e-7,3.03623210129e-7,1.45997915979e-7,2.52544420931e-8,1.99160243852e-8,1.90641511466e-8,1.32863986479e-8,1.5660022612e-8,1.40867184584e-8,8.46191294812e-9,8.91989682117e-9,2.46613618415e-9,1.69093072877e-9,3.55562490562e-9,1.72932268505e-9,1.89966220532e-9,6.21589613115e-10,4.90283702526e-10,4.45158909734e-10,3.29287458412e-10,9.12561831656e-11,1.40763470324e-10,1.90890345197e-10,7.62261226361e-11,2.38707404537e-11,2.25386376229e-11,1.57913612742e-11,1.21956169122e-11,7.99792957556e-12,8.13935637639e-12,4.43388945351e-12],"max":[0.00544861424714,0.00740079116076,0.0098537504673,0.00681871082634,0.00715245399624,0.00442113354802,0.00415680278093,0.0067156762816,0.00716680847108,0.00614297157153,0.00814204476774,0.00631432142109,0.00421067560092,0.00238949246705,0.00302627822384,0.00231449189596,0.0023575196974,0.00176073703915,0.00143042125273,0.00165372050833,0.000816573330667,0.000579417159315,0.000633646675851,0.000503013201524,0.000617608369794,0.000401107245125,0.000323918764479,0.000273641519016,0.000227897602599,0.0000947222142713,0.0000935548960115,0.00019561467343,0.000123445512145,0.000115786868264,0.0000893516262295,0.0000749094397179,0.000069475172495,0.0000538198255526,0.000066587672336,0.0000484760021209],"mean":[0.000246742129093,0.00056971644517,0.000822941481601,0.000475704466226,0.000275909493212,0.000237566535361,0.000193278479856,0.000141524011269,0.000168431201018,0.000209796126001,0.000247236137511,0.000161113988725,0.0000791270867921,0.0000623252490186,0.0000550314798602,0.0000560572152608,0.0000568183641008,0.0000547412673768,0.0000469211736345,0.0000467184727313,0.0000390711866203,0.0000467585741717,0.0000496090360684,0.0000396909526899,0.0000434310095443,0.0000300430383504,0.0000214610608964,0.000019917046302,0.0000147288492371,0.00000845760860102,0.00000678025662637,0.00000710098811396,0.00000437310336565,0.00000338229892805,0.00000260847309619,0.0000019848289412,0.00000149595837229,0.00000115463956263,9.42246686009e-7,6.91692605415e-7],"median":[0.0000612314761383,0.000365582178347,0.000626390334219,0.000376060197596,0.000200601003598,0.000148119026562,0.0000987564853858,0.0000653360548313,0.0000749586979509,0.000078601660789,0.0000868429051479,0.0000606667163083,0.0000438400165876,0.0000361049242201,0.0000311530748149,0.0000290305397357,0.0000278617735603,0.0000228497683565,0.0000216521111724,0.0000236790656345,0.0000281782067759,0.0000375194795197,0.0000354095973307,0.0000291860269499,0.0000338059107889,0.0000249931872531,0.0000151787680807,0.0000136173021019,0.00000887047917786,0.00000553237077838,0.00000378255549549,0.00000309241022478,0.00000177923334377,0.00000130740045279,0.00000104185232885,7.52885284783e-7,5.1393897138e-7,3.59695775387e-7,2.9950052749e-7,2.33260621485e-7],"min":[1.26737111134e-24,1.01938578325e-24,1.56638627366e-24,1.74786727478e-24,1.75453374108e-24,9.8826265674e-25,1.15524488746e-24,1.58143537315e-24,2.33419110082e-24,1.53430438533e-24,2.70592582797e-24,3.36113634091e-24,1.36038777143e-24,3.05114082643e-24,3.31674713777e-24,2.26463664316e-24,2.10530054537e-24,3.56159181338e-24,2.72074379121e-24,3.80834750453e-24,3.38892317743e-24,3.61961884385e-24,3.86310825642e-24,3.0489671202e-24,2.87071827943e-24,4.91312353647e-24,5.14652026262e-24,5.03143768389e-24,3.73306414177e-24,5.46684236078e-24,5.30065106173e-24,5.67130445779e-24,4.90712464371e-24,4.27811417359e-24,5.95029103338e-24,5.30846394013e-24,5.57891701288e-24,5.94632976835e-24,6.51527913016e-24,6.09819693109e-24],"var":[3.73194694703e-7,5.6024038031e-7,6.67418532885e-7,2.2637637187e-7,8.77832349033e-8,8.84093580567e-8,7.57882858693e-8,8.5569936914e-8,1.17883423911e-7,1.8245552269e-7,2.46895751843e-7,1.27434645947e-7,1.76408736507e-8,1.08134221577e-8,1.03870680945e-8,9.95902649237e-9,1.20027880968e-8,1.20266694381e-8,6.58006715781e-9,6.71189281931e-9,2.3029740337e-9,1.57229329556e-9,2.72626010656e-9,1.58408142159e-9,1.98277994023e-9,6.39640729272e-10,4.69273286896e-10,4.70343874959e-10,3.01906222244e-10,7.8607217957e-11,8.04985661462e-11,1.51722731601e-10,4.84276264923e-11,3.07078702744e-11,2.24229298323e-11,1.56437519189e-11,1.13641023675e-11,9.32568952616e-12,7.53545489895e-12,3.80842883271e-12]},"melbands_crest":{"dmean":2.78320240974,"dmean2":4.63755512238,"dvar":6.03894376755,"dvar2":16.6095504761,"max":29.471540451,"mean":10.274263382,"median":9.73854637146,"min":1.61581003666,"var":13.4604349136},"melbands_flatness_db":{"dmean":0.0177057217807,"dmean2":0.0278150551021,"dvar":0.00027605672949,"dvar2":0.000642749248073,"max":0.25960585475,"mean":0.122396297753,"median":0.120608694851,"min":0.0030897220131,"var":0.00145167612936},"melbands_kurtosis":{"dmean":1.78862297535,"dmean2":2.97948408127,"dvar":6.9220995903,"dvar2":18.8766098022,"max":82.0715255737,"mean":2.68675947189,"median":1.9141740799,"min":-1.65237283707,"var":11.7717733383},"melbands_skewness":{"dmean":0.401026308537,"dmean2":0.650884211063,"dvar":0.160253763199,"dvar2":0.412918955088,"max":8.37600898743,"mean":1.55413448811,"median":1.50433433056,"min":-1.39828968048,"var":0.598858058453},"melbands_spread":{"dmean":8.94584369659,"dmean2":14.4917879105,"dvar":84.6890335083,"dvar2":206.060882568,"max":206.354431152,"mean":46.4846878052,"median":42.8963165283,"min":7.56196689606,"var":407.071136475},"mfcc":{"cov":[[11755.0341797,1057.48901367,-130.973861694,301.199768066,-208.873916626,-45.9141654968,-143.847015381,76.3674850464,-45.723110199,19.5735836029,-12.7738552094,-37.0393867493,-110.801330566],[1057.48901367,1029.21655273,-426.396026611,274.201477051,-59.7460365295,-23.8760757446,109.778884888,53.7702293396,56.4942245483,-4.53499174118,40.4672660828,0.502583384514,-63.5962142944],[-130.973861694,-426.396026611,437.021270752,-124.919776917,60.2936325073,-1.79611766338,-53.1065979004,-5.70774412155,-31.8542671204,17.4854488373,4.24633932114,32.9209785461,40.8743743896],[301.199768066,274.201477051,-124.919776917,229.207092285,13.7654914856,6.65486335754,15.9287061691,-1.49898660183,24.4885425568,-16.2090816498,-5.93885612488,19.813117981,11.1681966782],[-208.873916626,-59.7460365295,60.2936325073,13.7654914856,141.026641846,14.5837373734,29.4368171692,-3.88714814186,11.9297657013,6.42249679565,8.56345558167,16.4069232941,20.904001236],[-45.9141654968,-23.8760757446,-1.79611766338,6.65486335754,14.5837373734,84.6519241333,30.6343822479,13.4679555893,2.1030921936,8.53491973877,2.51278567314,-2.82400274277,7.89701032639],[-143.847015381,109.778884888,-53.1065979004,15.9287061691,29.4368171692,30.6343822479,146.973648071,54.6134147644,32.4607505798,-2.28737449646,13.4580001831,3.54845666885,-16.2842597961],[76.3674850464,53.7702293396,-5.70774412155,-1.49898660183,-3.88714814186,13.4679555893,54.6134147644,81.4211807251,34.4671936035,13.658665657,8.44108390808,-2.21367788315,-10.7226104736],[-45.723110199,56.4942245483,-31.8542671204,24.4885425568,11.9297657013,2.1030921936,32.4607505798,34.4671936035,95.2134857178,37.8838691711,9.11581039429,-12.71235466,-8.44771003723],[19.5735836029,-4.53499174118,17.4854488373,-16.2090816498,6.42249679565,8.53491973877,-2.28737449646,13.658665657,37.8838691711,74.9840393066,24.9483680725,-4.22054815292,-8.30485725403],[-12.7738552094,40.4672660828,4.24633932114,-5.93885612488,8.56345558167,2.51278567314,13.4580001831,8.44108390808,9.11581039429,24.9483680725,72.3337860107,23.846698761,-8.93402099609],[-37.0393867493,0.502583384514,32.9209785461,19.813117981,16.4069232941,-2.82400274277,3.54845666885,-2.21367788315,-12.71235466,-4.22054815292,23.846698761,64.1461791992,26.3455600739],[-110.801330566,-63.5962142944,40.8743743896,11.1681966782,20.904001236,7.89701032639,-16.2842597961,-10.7226104736,-8.44771003723,-8.30485725403,-8.93402099609,26.3455600739,72.2482299805]],"icov":[[0.000106884792331,-0.000165188277606,-0.000135807233164,-0.0000628627603874,0.000069970927143,-0.0000594868142798,0.000222605318413,-0.000177112058736,0.000134492118377,-0.0000608923037362,0.0000864939502208,0.0000569057119719,0.00011388038547],[-0.000165188277606,0.00284293829463,0.00182824861258,-0.00233506108634,0.000490090984385,0.00151178298984,-0.00139776978176,-0.000826664618216,0.000538365333341,-0.000528469448909,-0.00148319581058,0.0000137868373713,0.000644760730211],[-0.000135807233164,0.00182824861258,0.00480972230434,0.000631371047348,-0.00155946251471,0.000831830140669,0.000759001472034,-0.00178629555739,0.000985422870144,-0.00104754697531,-0.000196220018552,-0.00204652990215,-0.000434595596744],[-0.0000628627603874,-0.00233506108634,0.000631371047348,0.00856652762741,-0.00170092959888,-0.00217101047747,0.00175254885107,0.00139462086372,-0.0031881458126,0.00224137865007,0.00248407991603,-0.00371254095808,-0.000955990690272],[0.000069970927143,0.000490090984385,-0.00155946251471,-0.00170092959888,0.00948528666049,-0.000280371459667,-0.00338472449221,0.00270947930403,-0.00114895484876,-0.000666480045766,-0.000942262529861,-0.0000129555792228,-0.00171340047382],[-0.0000594868142798,0.00151178298984,0.000831830140669,-0.00217101047747,-0.000280371459667,0.0148936957121,-0.00418112846091,-0.00157497555483,0.00327129010111,-0.00345320650376,-0.00124669761863,0.00319951493293,-0.00295378221199],[0.000222605318413,-0.00139776978176,0.000759001472034,0.00175254885107,-0.00338472449221,-0.00418112846091,0.0132172852755,-0.0068640015088,-0.00237524579279,0.00388250406832,-0.0000747938320274,-0.00243811029941,0.00285578495823],[-0.000177112058736,-0.000826664618216,-0.00178629555739,0.00139462086372,0.00270947930403,-0.00157497555483,-0.0068640015088,0.0204034112394,-0.0058297556825,-0.000487406330649,0.000464496843051,-0.000755236425903,0.000260126078501],[0.000134492118377,0.000538365333341,0.000985422870144,-0.0031881458126,-0.00114895484876,0.00327129010111,-0.00237524579279,-0.0058297556825,0.0186719559133,-0.00944360345602,-0.00027994113043,0.00470433244482,-0.0014625901822],[-0.0000608923037362,-0.000528469448909,-0.00104754697531,0.00224137865007,-0.000666480045766,-0.00345320650376,0.00388250406832,-0.000487406330649,-0.00944360345602,0.0218268129975,-0.00645686779171,0.00103674712591,0.00128891563509],[0.0000864939502208,-0.00148319581058,-0.000196220018552,0.00248407991603,-0.000942262529861,-0.00124669761863,-0.0000747938320274,0.000464496843051,-0.00027994113043,-0.00645686779171,0.0214321743697,-0.0108349639922,0.00484137888998],[0.0000569057119719,0.0000137868373713,-0.00204652990215,-0.00371254095808,-0.0000129555792228,0.00319951493293,-0.00243811029941,-0.000755236425903,0.00470433244482,0.00103674712591,-0.0108349639922,0.0270958766341,-0.0097276661545],[0.00011388038547,0.000644760730211,-0.000434595596744,-0.000955990690272,-0.00171340047382,-0.00295378221199,0.00285578495823,0.000260126078501,-0.0014625901822,0.00128891563509,0.00484137888998,-0.0097276661545,0.0206009484828]],"mean":[-624.988952637,97.880821228,-25.9097976685,32.7534790039,-4.73109865189,-2.01613426208,0.423101186752,3.48006772995,-3.06325674057,-3.42953062057,-5.58029508591,-6.22758483887,-7.73555326462]},"pitch_salience":{"dmean":0.0565830394626,"dmean2":0.0931122228503,"dvar":0.00241568707861,"dvar2":0.00641958182678,"max":0.958674311638,"mean":0.639758944511,"median":0.645710706711,"min":0.28566879034,"var":0.00657856278121},"silence_rate_20dB":{"dmean":0,"dmean2":0,"dvar":0,"dvar2":0,"max":1,"mean":1,"median":1,"min":1,"var":0},"silence_rate_30dB":{"dmean":0,"dmean2":0,"dvar":0,"dvar2":0,"max":1,"mean":1,"median":1,"min":1,"var":0},"silence_rate_60dB":{"dmean":0.00459367828444,"dmean2":0.00918836146593,"dvar":0.00457257032394,"dvar2":0.011291153729,"max":1,"mean":0.0953630805016,"median":0,"min":0,"var":0.0862686261535},"spectral_centroid":{"dmean":225.515625,"dmean2":366.839569092,"dvar":48280.2890625,"dvar2":114183.390625,"max":11805.8320312,"mean":2295.05517578,"median":2189.22485352,"min":645.201843262,"var":1103755.25},"spectral_complexity":{"dmean":3.91206383705,"dmean2":6.09954071045,"dvar":13.7377910614,"dvar2":28.7072753906,"max":60,"mean":32.1500434875,"median":34,"min":0,"var":162.646987915},"spectral_contrast_coeffs":{"dmean":[0.0509978234768,0.0448615215719,0.0367437601089,0.0281837359071,0.0192809719592,0.020329752937],"dmean2":[0.0853525027633,0.07465428859,0.0593285225332,0.0463057905436,0.0323783159256,0.0308742690831],"dvar":[0.00173301424365,0.00132514047436,0.000869837705977,0.00050914339954,0.000239322442212,0.000403448444558],"dvar2":[0.00473228096962,0.00362154142931,0.00222277315333,0.00135536247399,0.000645810796414,0.000828444957733],"max":[-0.34617459774,-0.497721254826,-0.520830512047,-0.600541472435,-0.635476768017,-0.53502035141],"mean":[-0.605983972549,-0.767863810062,-0.773145914078,-0.7919267416,-0.787804782391,-0.724174201488],"median":[-0.601194798946,-0.769688367844,-0.779096484184,-0.795950055122,-0.787654936314,-0.717778921127],"min":[-0.976060271263,-0.984825134277,-0.978571295738,-0.969540655613,-0.96668022871,-0.965107083321],"var":[0.00771140214056,0.00390513357706,0.00398425897583,0.00239284825511,0.0014391647419,0.00263755815104]},"spectral_contrast_valleys":{"dmean":[0.432449370623,0.333885997534,0.26810953021,0.226761013269,0.173560127616,0.317713737488],"dmean2":[0.706176757812,0.545373737812,0.431931346655,0.359226852655,0.270635187626,0.387211471796],"dvar":[0.140095278621,0.0883061885834,0.0591769702733,0.0492863245308,0.0454203635454,0.169711306691],"dvar2":[0.324530303478,0.205864101648,0.126995787024,0.0945967584848,0.0765845105052,0.270118355751],"max":[-5.54818296432,-4.91580724716,-5.16962242126,-5.69001865387,-5.5726351738,-7.270383358],"mean":[-8.03354549408,-6.99522924423,-7.29127454758,-7.52387857437,-6.99248600006,-10.3012542725],"median":[-7.58325958252,-6.52272224426,-6.81662464142,-7.0666809082,-6.52586650848,-9.86482429504],"min":[-28.0892791748,-28.1539535522,-27.7093715668,-27.8905944824,-27.5129165649,-27.3970832825],"var":[6.00292015076,6.34891939163,6.06017541885,5.86484384537,6.07981348038,5.00314044952]},"spectral_decrease":{"dmean":1.31316835184e-9,"dmean2":2.04729255771e-9,"dvar":2.8984656818e-18,"dvar2":6.67507622806e-18,"max":3.86222987243e-21,"mean":-4.64261651345e-9,"median":-4.26734292347e-9,"min":-2.27982539514e-8,"var":7.93650101961e-18},"spectral_energy":{"dmean":0.00539370253682,"dmean2":0.00833758246154,"dvar":0.0000484986885567,"dvar2":0.000109992775833,"max":0.0963228419423,"mean":0.0199572276324,"median":0.0185590013862,"min":9.74162933365e-21,"var":0.000142912496813},"spectral_energyband_high":{"dmean":0.000490767299198,"dmean2":0.000725629797671,"dvar":8.18569390049e-7,"dvar2":0.00000167196492384,"max":0.0201365090907,"mean":0.00135665631387,"median":0.000842893030494,"min":6.85447657457e-21,"var":0.00000234130811805},"spectral_energyband_low":{"dmean":0.00197988003492,"dmean2":0.00318898260593,"dvar":0.0000111519502752,"dvar2":0.0000257680021605,"max":0.0328673236072,"mean":0.00336088216864,"median":0.00242294743657,"min":6.87612816846e-24,"var":0.0000148784429257},"spectral_energyband_middle_high":{"dmean":0.00205270224251,"dmean2":0.00312173506245,"dvar":0.00000825800816528,"dvar2":0.0000189034890354,"max":0.0589949414134,"mean":0.0078687351197,"median":0.00640080403537,"min":1.09232390672e-21,"var":0.000036915356759},"spectral_energyband_middle_low":{"dmean":0.0033405944705,"dmean2":0.00550733273849,"dvar":0.0000225807252718,"dvar2":0.0000582406428293,"max":0.0574928373098,"mean":0.00871457811445,"median":0.00742521882057,"min":1.28359786183e-22,"var":0.0000440038093075},"spectral_entropy":{"dmean":0.089826144278,"dmean2":0.132133215666,"dvar":0.00966320745647,"dvar2":0.0176663454622,"max":9.82624912262,"mean":7.88181447983,"median":7.86370277405,"min":6.77172517776,"var":0.0889107882977},"spectral_flux":{"dmean":0.0154893044382,"dmean2":0.022686008364,"dvar":0.000298660306726,"dvar2":0.000576963066123,"max":0.227569982409,"mean":0.0781233757734,"median":0.0778321549296,"min":6.22968412967e-11,"var":0.00136539677624},"spectral_kurtosis":{"dmean":1.1656639576,"dmean2":2.01188874245,"dvar":1.44096040726,"dvar2":4.27567768097,"max":16.8864555359,"mean":3.59108901024,"median":3.34176039696,"min":-1.2678027153,"var":3.17060208321},"spectral_rms":{"dmean":0.000541700981557,"dmean2":0.000824469374493,"dvar":3.67719081851e-7,"dvar2":8.00004727353e-7,"max":0.0096939932555,"mean":0.00412925938144,"median":0.00425515463576,"min":3.08286057273e-12,"var":0.00000241977045334},"spectral_rolloff":{"dmean":536.996032715,"dmean2":869.757873535,"dvar":611464.5,"dvar2":1293809.375,"max":19853.6132812,"mean":3111.10302734,"median":2820.84960938,"min":86.1328125,"var":4550417.5},"spectral_skewness":{"dmean":0.170667469501,"dmean2":0.278394877911,"dvar":0.0274415295571,"dvar2":0.0673741102219,"max":2.58302545547,"mean":1.10971403122,"median":1.09349513054,"min":-0.0945248007774,"var":0.098962508142},"spectral_spread":{"dmean":415753.59375,"dmean2":594755.75,"dvar":444752068608,"dvar2":839267516416,"max":42620988,"mean":4267741.5,"median":3712211,"min":1955518.875,"var":17167151005700},"spectral_strongpeak":{"dmean":0.634390711784,"dmean2":1.08781754971,"dvar":1.15903377533,"dvar2":2.9320795536,"max":11.9587316513,"mean":0.950315117836,"median":0.387867093086,"min":0,"var":1.76276791096},"zerocrossingrate":{"dmean":0.00963227264583,"dmean2":0.0113868555054,"dvar":0.000146198857692,"dvar2":0.000186720091733,"max":0.525390625,"mean":0.096517726779,"median":0.08740234375,"min":0.02783203125,"var":0.00292675476521}},"metadata":{"audio_properties":{"analysis_sample_rate":44100,"bit_rate":192000,"codec":"mp3","downmix":"mix","equal_loudness":0,"length":212.297149658,"lossless":false,"md5_encoded":"551c3e9e8f7596d238e3298f9f69a7d4","replay_gain":-9.15650939941,"sample_rate":44100},"tags":{"album":["Hot in the Shade"],"albumartist":["Kiss"],"artist":["Kiss"],"date":["1989"],"file_name":"402775.mp3","genre":["Hard Rock"],"musicbrainz_recordingid":["9e900895-55de-4739-93ad-d02e054daada"],"title":["The Street Giveth And The Street Taketh Away"],"tracknumber":["11"]},"version":{"essentia":"2.1-beta2","essentia_build_sha":"70f2e5ece6736b2c40cc944ad0e695b16b925413","essentia_git_sha":"v2.1_beta2","extractor":"music 1.0"}},"rhythm":{"beats_count":460,"beats_loudness":{"dmean":0.0113081056625,"dmean2":0.0201097968966,"dvar":0.000082924751041,"dvar2":0.000241507848841,"max":0.0765875726938,"mean":0.0269692614675,"median":0.0281788110733,"min":0,"var":0.00019447003433},"beats_loudness_band_ratio":{"dmean":[0.16866979003,0.086305424571,0.119051873684,0.100107870996,0.0762284696102,0.0977876037359],"dmean2":[0.305300325155,0.150887921453,0.211992815137,0.17744730413,0.129540726542,0.180628970265],"dvar":[0.0201317407191,0.00456866668537,0.0102433096617,0.0127436798066,0.00471651740372,0.00685947667807],"dvar2":[0.0641608312726,0.0136942779645,0.0303704291582,0.0361073128879,0.0135059198365,0.0194051023573],"max":[0.79908823967,0.535158991814,0.663369834423,0.696095228195,0.565915286541,0.796053111553],"mean":[0.250540405512,0.147908583283,0.16785132885,0.144957736135,0.167316675186,0.173733785748],"median":[0.20950576663,0.132228091359,0.146983891726,0.109907716513,0.148722797632,0.164001896977],"min":[0,0,0,0,0,0],"var":[0.0240892767906,0.00712170545012,0.0130473673344,0.0131010422483,0.00704099750146,0.0119957961142]},"beats_position":[0.441179126501,0.893968224525,1.34675729275,1.79954648018,2.2523355484,2.71673464775,3.1695237159