{"lowlevel":{"average_loudness":0.93892210722,"barkbands":{"dmean":[0.00274283834733,0.0113300001249,0.00492582190782,0.00170456513297,0.00196245172992,0.00137382466346,0.00105231651105,0.00098807818722,0.00127754569985,0.00147551659029,0.000591897929553,0.000640548358206,0.000466853525722,0.000487185752718,0.00037245627027,0.0003545381187,0.00017930517788,0.0000961510886555,0.000075959804235,0.0000623764135526,0.0000487849392812,0.0000330471521011,0.0000222106991714,0.0000105243843791,0.00000353766358785,0.0000149627176143,0.000320098595694],"dmean2":[0.00478452909738,0.0198225881904,0.00837840232998,0.00289398338646,0.00317677063867,0.00222565396689,0.00169861677568,0.00156809785403,0.00208200351335,0.00238723610528,0.000963286845945,0.0010489912238,0.000765745528042,0.00080373842502,0.000625903427135,0.000598983897362,0.00030478273402,0.000158139155246,0.000117336712719,0.0000961305777309,0.0000739141614758,0.0000502918483107,0.0000352354654751,0.0000171201663761,0.00000648013610771,0.0000234184390138,0.000511027756147],"dvar":[0.0000408998566854,0.00025906888186,0.00004262289076,0.00000734491322874,0.0000150261357703,0.00000791809725342,0.00000472990359413,0.00000690044680596,0.00000571327882426,0.00000749169930714,0.00000166766494658,0.00000166035363236,6.42145892016e-7,7.54603320274e-7,2.73482214652e-7,3.14757187425e-7,6.21182962846e-8,3.74769335565e-8,4.82685216241e-8,5.63738957737e-8,3.21368673895e-8,4.79809436627e-9,1.75473247044e-9,2.53382287374e-10,3.44820248743e-11,6.39909847333e-10,1.94236406514e-7],"dvar2":[0.000109050772153,0.000735352397896,0.000115215319966,0.0000191996277863,0.0000374772971554,0.0000196526689251,0.000011426898709,0.0000156792921189,0.0000151064878082,0.0000194783460756,0.00000413281304645,0.00000420334981754,0.0000015699145024,0.00000128830663471,7.25177528693e-7,8.62018396219e-7,1.69513086234e-7,8.67211085165e-8,8.89516655889e-8,1.13698135351e-7,6.78995490944e-8,1.08297149026e-8,4.13082368311e-9,6.08892825049e-10,9.4732145739e-11,1.40250633329e-9,5.0024976872e-7],"max":[0.0738791152835,0.187212154269,0.0958131998777,0.0948389172554,0.0932239294052,0.0652161389589,0.0500919595361,0.0993383750319,0.0751198381186,0.064031213522,0.0437823422253,0.0427950508893,0.0280247796327,0.0868661105633,0.00926982797682,0.0200812406838,0.00569068221375,0.012229395099,0.0107822557911,0.00827177707106,0.00868226401508,0.00238911062479,0.000898086640518,0.000236186737311,0.0000728820014047,0.000569066032767,0.00971813965589],"mean":[0.00258146878332,0.0147854220122,0.00685681402683,0.00221472186968,0.00301092327572,0.00208298489451,0.00161351286806,0.00150033365935,0.00204102275893,0.00231858203188,0.000949668814428,0.0010965638794,0.000870684161782,0.000969000218902,0.000727689184714,0.000661554571707,0.000361040700227,0.000215162348468,0.00017135530652,0.000139239316923,0.000121812605357,0.0000854678073665,0.0000553484933334,0.00002498565118,0.00000421310733145,0.0000409539825341,0.00125324272085],"median":[0.000471909210319,0.00934123061597,0.00449460977688,0.00119429826736,0.00140104419552,0.000831416109577,0.000700208474882,0.000479619659018,0.000987202860415,0.00117328669876,0.000408289313782,0.000562589033507,0.000533787009772,0.000707938335836,0.000498374691233,0.000454489811091,0.000255996012129,0.000146580190631,0.0000903919863049,0.0000726011494407,0.0000663514219923,0.0000529915414518,0.0000412556510128,0.0000180902661668,0.00000264103528025,0.0000317251069646,0.00092656025663],"min":[6.52330034673e-23,9.52073702156e-23,3.59412033504e-23,1.97502649354e-22,3.98551209544e-21,1.85157303848e-20,5.51254098215e-20,1.23342633047e-19,3.72474079008e-19,7.2414585808e-19,1.19780602044e-18,2.35447366068e-18,3.63775545914e-18,4.77740809758e-18,5.56852818492e-18,5.06580834046e-18,5.14447073517e-18,1.38156334566e-17,4.03442619958e-17,5.92007274878e-17,2.45014867905e-17,3.69854785749e-17,5.91994569384e-17,6.08297769862e-17,9.04753014828e-17,8.73938088556e-17,8.08669832456e-17],"var":[0.0000399861492042,0.000303782406263,0.0000590033705521,0.0000112160623758,0.0000280031763396,0.0000159508508659,0.0000104955406641,0.0000144527721204,0.0000112194993562,0.0000128930860228,0.00000351173889612,0.00000361173010788,0.00000142453131957,0.00000264445725406,6.00656449024e-7,5.28463942828e-7,1.36079023605e-7,1.06794800558e-7,1.71711320718e-7,1.62615819477e-7,9.08601691663e-8,1.63485225357e-8,3.87397003365e-9,7.4702760644e-10,3.07749901951e-11,1.85265047747e-9,0.00000125979715904]},"barkbands_crest":{"dmean":3.15869450569,"dmean2":5.43225193024,"dvar":6.84742593765,"dvar2":19.7295818329,"max":26.053401947,"mean":10.0032653809,"median":9.22838401794,"min":2.36599326134,"var":17.191947937},"barkbands_flatness_db":{"dmean":0.0289197564125,"dmean2":0.0494246184826,"dvar":0.000891064701136,"dvar2":0.00251170666888,"max":0.540480792522,"mean":0.133765697479,"median":0.119759999216,"min":0.0300281737,"var":0.004205849953},"barkbands_kurtosis":{"dmean":5.5350561142,"dmean2":9.45554637909,"dvar":488.084716797,"dvar2":1405.49316406,"max":915.911071777,"mean":8.13665390015,"median":3.65522360802,"min":-1.74561262131,"var":827.10559082},"barkbands_skewness":{"dmean":0.653880119324,"dmean2":1.09728634357,"dvar":0.647081375122,"dvar2":1.86789095402,"max":25.4953041077,"mean":2.06676435471,"median":1.80499005318,"min":-2.16586995125,"var":2.13442134857},"barkbands_spread":{"dmean":7.25084543228,"dmean2":11.881102562,"dvar":47.4748573303,"dvar2":127.039916992,"max":123.370826721,"mean":30.2333927155,"median":28.1397285461,"min":0.308438450098,"var":246.129592896},"dissonance":{"dmean":0.0195782929659,"dmean2":0.0336098261178,"dvar":0.000396228628233,"dvar2":0.00112664524931,"max":0.500000119209,"mean":0.468590915203,"median":0.475651562214,"min":0.235156849027,"var":0.000689055596013},"dynamic_complexity":2.3289308548,"erbbands":{"dmean":[0.448167532682,2.2353951931,5.59177303314,5.32218027115,5.52924203873,7.07153892517,10.1219396591,11.5480356216,14.117351532,15.0868034363,22.5763339996,30.678981781,39.3158454895,39.6159591675,22.7241687775,24.5195007324,21.7190437317,21.6543216705,19.5065555573,18.4529323578,17.335439682,9.19746398926,5.37341785431,4.18796730042,3.65199899673,2.93383574486,2.31889247894,1.63227319717,1.24630749226,0.937628805637,0.589905798435,0.306516557932,0.133811354637,0.0464188419282,0.0227137301117,0.0267650578171,0.0312758125365,0.0231197811663,0.0096279559657,0.00785709545016],"dmean2":[0.789257347584,3.91653037071,9.50493526459,8.98644065857,9.27830314636,11.4242229462,16.3074092865,18.8660964966,22.6939926147,24.3399124146,35.8062782288,49.6345367432,64.182723999,63.9992332458,36.8520889282,40.2360916138,35.4468002319,35.6379852295,32.271648407,31.4755687714,29.2758655548,15.513010025,8.82989215851,6.66870737076,5.52632808685,4.49520349503,3.49197363853,2.4691529274,1.89033150673,1.47720003128,0.931406676769,0.494835793972,0.218911796808,0.0819824934006,0.0429024919868,0.0447048172355,0.0487441122532,0.0345158837736,0.0138844596222,0.0122449342161],"dvar":[0.825653254986,6.97555685043,49.1813735962,61.8193092346,95.8781585693,304.750213623,652.319763184,507.352416992,824.808532715,1201.87817383,3340.87866211,3753.77490234,5911.66796875,6748.08789062,2339.29150391,2217.77661133,1468.11975098,2204.34521484,712.83807373,784.00994873,643.004394531,156.75138855,91.5749359131,147.763702393,148.234481812,140.938858032,88.0409164429,19.3372917175,7.07605409622,4.11895179749,1.02496278286,0.222307413816,0.0367158018053,0.00519877951592,0.00165029754862,0.00139902543742,0.00230965577066,0.00274525745772,0.000313406431815,0.000110468834464],"dvar2":[2.33127474785,20.0662593842,132.890304565,163.460372925,247.973861694,771.179992676,1600.11096191,1273.94006348,1914.12158203,2888.75415039,7900.35986328,10107.5244141,15346.1103516,17600.1328125,5859.546875,5607.28564453,3551.97729492,3222.90185547,1837.94873047,2156.40966797,1745.50170898,425.922790527,218.971908569,319.297576904,292.582427979,299.255187988,179.010726929,36.4074058533,15.4657335281,9.71352481842,2.39548778534,0.532938063145,0.0888689532876,0.0138465221971,0.00458163022995,0.0033782471437,0.00506505835801,0.00581666082144,0.000547168427147,0.000276562437648],"max":[8.18162631989,43.8214530945,94.5603256226,282.968353271,251.941665649,566.902832031,796.220947266,574.489196777,659.234802246,1093.13842773,2579.25317383,2329.71264648,2099.78442383,2254.79052734,1759.48681641,1872.37841797,1502.71118164,5213.26123047,730.748413086,524.740661621,632.703613281,276.181304932,573.12701416,637.849609375,542.789855957,448.375701904,565.567382812,183.149169922,94.6888885498,49.8483428955,20.6870727539,7.0250992775,2.78345870972,0.833482205868,0.513379335403,0.505774378777,0.894594073296,1.5371234417,0.911235332489,0.24062281847],"mean":[0.497644126415,3.02477073669,8.21763515472,7.73019456863,7.98665189743,10.0676460266,14.611281395,17.3926639557,22.5348987579,24.1774349213,36.6416130066,49.8695144653,63.1633110046,63.7039375305,40.8251991272,45.1299209595,42.8326644897,45.9013633728,43.1679039001,37.1147842407,34.3254623413,20.3695678711,12.7366666794,9.50350952148,8.11856555939,6.51901245117,5.60180997849,4.2445397377,3.15830850601,2.24950051308,1.48464822769,0.741379320621,0.304396420717,0.072621949017,0.0220026355237,0.0573176667094,0.0859262421727,0.0708176791668,0.0422809831798,0.0386177673936],"median":[0.213719308376,2.09407186508,5.51612520218,4.9149107933,4.42439699173,4.04201745987,4.07278823853,7.79272174835,10.7031545639,10.5744123459,13.7651987076,24.7754173279,33.4183235168,30.3088912964,21.0038852692,24.7635364532,26.3971061707,34.3050003052,31.799074173,26.1132640839,23.9930305481,14.875418663,9.13338470459,5.48635387421,4.01484298706,3.41925191879,3.02395677567,2.37593698502,1.91262769699,1.54942381382,1.09743690491,0.537888646126,0.219997346401,0.0504701659083,0.0121197458357,0.042822919786,0.0660558715463,0.054071508348,0.0325911194086,0.0305650215596],"min":[4.9815571064e-21,1.07276213537e-20,3.36630036008e-20,4.13121449966e-19,3.17068296318e-18,1.51561640117e-17,5.72448159161e-17,1.92916531532e-16,5.62822370869e-16,1.47965676221e-15,3.58499283387e-15,8.08376565827e-15,1.69626513085e-14,3.33218255235e-14,6.11106692051e-14,1.03961151211e-13,1.62112971701e-13,2.27536197349e-13,2.80002935985e-13,2.939515493e-13,2.72327109864e-13,3.10969864225e-13,6.34595186729e-13,1.44425378774e-12,2.48094340211e-12,2.78783073016e-12,1.72115576999e-12,5.75685983259e-13,1.09487982916e-12,1.9700805657e-12,1.60287646871e-12,1.25928054876e-12,9.65685756187e-13,3.75876304907e-13,1.0115647469e-12,3.3150630678e-13,1.04202691126e-13,1.32531857125e-13,8.37179497682e-15,6.75098599731e-16],"var":[0.761602222919,9.63706874847,74.9419326782,95.0716171265,149.449157715,500.24432373,1220.09667969,959.193481445,1978.95288086,2370.11108398,6795.35888672,7002.19042969,10380.0410156,11065.3378906,5097.6484375,4958.61767578,3478.93237305,8270.38671875,1842.78674316,1395.50952148,1230.46789551,383.164367676,268.174560547,426.670410156,452.437805176,377.407073975,245.376998901,76.1379928589,25.6312599182,8.34215259552,2.64723443985,0.655317544937,0.109193406999,0.00697433389723,0.00115790835116,0.00366758485325,0.00790893193334,0.00633719284087,0.00190004392061,0.000889753224328]},"erbbands_crest":{"dmean":2.78941726685,"dmean2":4.5763130188,"dvar":7.12710189819,"dvar2":17.8896064758,"max":32.1439208984,"mean":8.7756986618,"median":7.62831497192,"min":2.26552462578,"var":18.5742263794},"erbbands_flatness_db":{"dmean":0.0212650652975,"dmean2":0.0352988317609,"dvar":0.000634290394373,"dvar2":0.00168551551178,"max":0.352586835623,"mean":0.14076064527,"median":0.132433563471,"min":0.0223064422607,"var":0.00232576578856},"erbbands_kurtosis":{"dmean":0.922662675381,"dmean2":1.49087691307,"dvar":1.43008542061,"dvar2":3.54344725609,"max":34.4047737122,"mean":0.908503472805,"median":0.46053481102,"min":-1.71418941021,"var":3.34085655212},"erbbands_skewness":{"dmean":0.341685384512,"dmean2":0.548215687275,"dvar":0.0923870876431,"dvar2":0.243808373809,"max":3.90899610519,"mean":0.124307632446,"median":0.0816107243299,"min":-2.12340593338,"var":0.41802111268},"erbbands_spread":{"dmean":5.93099737167,"dmean2":9.55990886688,"dvar":31.3625488281,"dvar2":80.6320495605,"max":175.391387939,"mean":28.3691768646,"median":26.7321548462,"min":2.70761299133,"var":151.770858765},"gfcc":{"cov":[[17683,-952.327026367,-1299.08911133,131.870727539,-331.027740479,-9.36398220062,-6.71598243713,-426.304595947,-96.0034103394,-239.065673828,-326.839233398,39.9394111633,-356.039855957],[-952.327026367,1407.07397461,-72.2294082642,-366.282928467,379.21307373,-369.473510742,151.34526062,-135.542861938,108.135704041,-82.7931900024,144.655395508,-63.731212616,156.292129517],[-1299.08911133,-72.2294082642,526.981689453,125.892929077,-192.052505493,239.917358398,-141.253753662,143.4634552,-37.3641662598,71.2860717773,-4.89298677444,21.0906181335,-16.6773490906],[131.870727539,-366.282928467,125.892929077,257.165374756,-73.7118682861,102.188545227,-17.0127620697,21.3513259888,-37.4576072693,42.564704895,-37.7879600525,21.4497928619,-55.1127204895],[-331.027740479,379.21307373,-192.052505493,-73.7118682861,345.348419189,-159.432678223,126.909683228,-91.2648849487,55.716960907,-53.8228797913,52.6764526367,-29.749414444,70.363861084],[-9.36398220062,-369.473510742,239.917358398,102.188545227,-159.432678223,338.145599365,-100.717254639,124.530799866,-52.3515014648,37.1341514587,-46.3445053101,34.7309761047,-47.5908699036],[-6.71598243713,151.34526062,-141.253753662,-17.0127620697,126.909683228,-100.717254639,191.773635864,-30.4513626099,58.9317741394,-24.7295131683,-1.94763064384,-23.0544872284,20.4575843811],[-426.304595947,-135.542861938,143.4634552,21.3513259888,-91.2648849487,124.530799866,-30.4513626099,160.157699585,25.1143856049,43.7398757935,-14.3619651794,-6.19366645813,-5.36479854584],[-96.0034103394,108.135704041,-37.3641662598,-37.4576072693,55.716960907,-52.3515014648,58.9317741394,25.1143856049,123.388076782,28.4865608215,5.40238666534,-17.0744857788,2.4445066452],[-239.065673828,-82.7931900024,71.2860717773,42.564704895,-53.8228797913,37.1341514587,-24.7295131683,43.7398757935,28.4865608215,80.9007492065,22.5180835724,10.0469932556,-11.053147316],[-326.839233398,144.655395508,-4.89298677444,-37.7879600525,52.6764526367,-46.3445053101,-1.94763064384,-14.3619651794,5.40238666534,22.5180835724,79.1289978027,24.9089050293,27.256105423],[39.9394111633,-63.731212616,21.0906181335,21.4497928619,-29.749414444,34.7309761047,-23.0544872284,-6.19366645813,-17.0744857788,10.0469932556,24.9089050293,62.2182884216,15.6459665298],[-356.039855957,156.292129517,-16.6773490906,-55.1127204895,70.363861084,-47.5908699036,20.4575843811,-5.36479854584,2.4445066452,-11.053147316,27.256105423,15.6459665298,85.8988189697]],"icov":[[0.00012276963389,-0.000290285446681,0.000784621632192,-0.000575784477405,0.000509059987962,-0.00044924337999,0.000321478495607,0.000124043712276,-0.000273650890449,0.000326747249346,0.000140917763929,-0.0000261707300524,0.000095125666121],[-0.000290285446681,0.0044426843524,-0.00553408637643,0.00565417762846,-0.00296882051043,0.00313936383463,-0.00259271892719,0.00211819983087,-0.000348314642906,0.000901892024558,-0.00337868579663,0.00210418156348,-0.000997584313154],[0.000784621632192,-0.00553408637643,0.0132779767737,-0.0110293561593,0.00779852038249,-0.00790685415268,0.00566945271567,-0.00182888284326,-0.00321069709025,0.00311668450013,-0.00178233545739,0.00326041970402,-0.00294630043209],[-0.000575784477405,0.00565417762846,-0.0110293561593,0.0180500298738,-0.00987360812724,0.00751418620348,-0.00609820010141,0.000565580790862,0.00793167389929,-0.0109936753288,0.00892519857734,-0.00899149756879,0.00766938878223],[0.000509059987962,-0.00296882051043,0.00779852038249,-0.00987360812724,0.014792538248,-0.00758747151121,0.00105675298255,0.00487187923864,-0.00916918553412,0.0118258902803,-0.0135290892795,0.0130523415282,-0.0098794028163],[-0.00044924337999,0.00313936383463,-0.00790685415268,0.00751418620348,-0.00758747151121,0.0131171708927,-0.00173542019911,-0.00610967865214,0.00715416809544,-0.00612713489681,0.00936226546764,-0.0112414648756,0.00731109362096],[0.000321478495607,-0.00259271892719,0.00566945271567,-0.00609820010141,0.00105675298255,-0.00173542019911,0.0110673522577,-0.00160004093777,-0.00443452736363,0.00313978805207,0.0014037246583,0.000796410546172,-0.00138505629729],[0.000124043712276,0.00211819983087,-0.00182888284326,0.000565580790862,0.00487187923864,-0.00610967865214,-0.00160004093777,0.0171847343445,-0.00807152222842,0.00255821179599,-0.00804683659226,0.0120630823076,-0.00833856873214],[-0.000273650890449,-0.000348314642906,-0.00321069709025,0.00793167389929,-0.00916918553412,0.00715416809544,-0.00443452736363,-0.00807152222842,0.0221090950072,-0.0181214231998,0.0158882141113,-0.0126052573323,0.0102852918208],[0.000326747249346,0.000901892024558,0.00311668450013,-0.0109936753288,0.0118258902803,-0.00612713489681,0.00313978805207,0.00255821179599,-0.0181214231998,0.0384686663747,-0.0279893856496,0.0162276979536,-0.00901379808784],[0.000140917763929,-0.00337868579663,-0.00178233545739,0.00892519857734,-0.0135290892795,0.00936226546764,0.0014037246583,-0.00804683659226,0.0158882141113,-0.0279893856496,0.0488446764648,-0.0321576073766,0.0138493645936],[-0.0000261707300524,0.00210418156348,0.00326041970402,-0.00899149756879,0.0130523415282,-0.0112414648756,0.000796410546172,0.0120630823076,-0.0126052573323,0.0162276979536,-0.0321576073766,0.046383664012,-0.0212270878255],[0.000095125666121,-0.000997584313154,-0.00294630043209,0.00766938878223,-0.0098794028163,0.00731109362096,-0.00138505629729,-0.00833856873214,0.0102852918208,-0.00901379808784,0.0138493645936,-0.0212270878255,0.0281713679433]],"mean":[17.6787452698,96.3789520264,-90.5827865601,-4.74205064774,-7.92636728287,-7.72159385681,4.85762214661,-15.4852714539,8.34539604187,-10.2124710083,-9.11266803741,-3.8251991272,-7.90137577057]},"hfc":{"dmean":65.0156936646,"dmean2":103.648323059,"dvar":4576.29736328,"dvar2":11575.2402344,"max":1395.2479248,"mean":262.161102295,"median":246.171569824,"min":6.64611638293e-12,"var":18451.9433594},"melbands":{"dmean":[0.0035139748361,0.00276763387956,0.000870834861416,0.000430259096902,0.000344146217685,0.000254734011833,0.000218564789975,0.000174307235284,0.000188732446986,0.000194851643755,0.000199829781195,0.000170041268575,0.0000780895643402,0.0000744576245779,0.0000560889711778,0.000046007160563,0.0000450659426861,0.0000357102726412,0.0000298958839267,0.000026393439839,0.0000204218868021,0.0000110794899228,0.00000721427386452,0.00000425683128924,0.00000370780571757,0.00000287434454549,0.00000268567214334,0.0000019927260837,0.00000162532262493,0.00000133508399358,9.42614065025e-7,8.03433295005e-7,6.36731158465e-7,5.32401259079e-7,3.95317698576e-7,2.73849821042e-7,1.76377000116e-7,1.11564339988e-7,6.12118071786e-8,3.34444756334e-8],"dmean2":[0.00616285437718,0.00472357962281,0.00146234361455,0.000706179009285,0.000551751989406,0.000413796020439,0.000351442489773,0.000280048348941,0.000301196996588,0.00031645866693,0.000325793866068,0.000274479883956,0.000126615370391,0.000121569137264,0.0000923936531763,0.0000753091371735,0.0000746785517549,0.0000594092671236,0.000050657261454,0.0000447589736723,0.0000346370397892,0.0000188227750186,0.0000122005567391,0.00000690525712344,0.00000599701115789,0.00000448849186796,0.00000415595332015,0.00000308671815219,0.0000025171264042,0.0000020742909328,0.00000143884972204,0.00000123679024,0.00000100813338122,8.54099937442e-7,6.31737634649e-7,4.43373664893e-7,2.91463805979e-7,1.82607564625e-7,1.04891341834e-7,6.05626055972e-8],"dvar":[0.000037265537685,0.0000104358841782,0.00000151918220581,7.03916668954e-7,6.69145322263e-7,2.36738202375e-7,1.96961622123e-7,1.74116109974e-7,1.99589507588e-7,1.50798896925e-7,1.51756253786e-7,1.25961065578e-7,2.97290299045e-8,2.16147331145e-8,1.28490285078e-8,7.88536969054e-9,9.17122910948e-9,2.48459963714e-9,1.82499027002e-9,2.18500728622e-9,8.49942061176e-10,2.32331168193e-10,1.14651337035e-10,9.23141771358e-11,1.21143539644e-10,9.27168342102e-11,1.03178958433e-10,6.16828810251e-11,4.52239287685e-11,2.26278423082e-11,5.39745288394e-12,3.15528245892e-12,2.08916304395e-12,1.34086350963e-12,4.64612126983e-13,1.72092212442e-13,7.89749396522e-14,2.4951762729e-14,8.22723355778e-15,3.02580010506e-15],"dvar2":[0.00010506495164,0.0000289594827336,0.00000400407088819,0.00000173212697518,0.00000165780022598,5.91204923239e-7,4.64919253318e-7,4.02857807558e-7,4.77640355712e-7,4.05254809266e-7,3.94367788203e-7,3.27653765453e-7,7.40474916938e-8,5.4578396913e-8,3.4227433332e-8,1.87343953684e-8,1.38791111937e-8,6.45505249253e-9,4.91429918981e-9,6.03935212951e-9,2.29745555913e-9,6.34954977485e-10,3.04345604274e-10,2.13459749876e-10,2.70113376111e-10,1.95908442246e-10,2.23297991209e-10,1.32355418292e-10,9.61830684543e-11,4.77239116281e-11,1.06439640088e-11,7.01902294967e-12,5.10135900536e-12,3.24079109902e-12,1.1155819107e-12,4.1921078154e-13,1.97405785295e-13,6.12165618761e-14,2.12897377543e-14,8.25568878261e-15],"max":[0.0593460835516,0.0432939976454,0.0395938009024,0.0218193493783,0.0212160665542,0.0111886300147,0.0102133499458,0.0157938171178,0.0185557398945,0.0144603224471,0.0108961109072,0.00990025512874,0.00603816704825,0.00519527681172,0.00313969003037,0.00336771132424,0.0104464963078,0.00144155556336,0.00070709863212,0.00186155480333,0.00065635034116,0.000402219622629,0.000410594919231,0.000587265298236,0.000591471500229,0.00046697986545,0.000401544908527,0.000315353827318,0.000428498751717,0.000223920840654,0.0000885582485353,0.0000726125581423,0.0000507097138325,0.0000279533724097,0.000014550342712,0.00000673930935591,0.00000421519598603,0.00000232251727539,0.00000115873967843,7.00680402588e-7],"mean":[0.00432085618377,0.00427671521902,0.00137445610017,0.000638616213109,0.000509499921463,0.000388573273085,0.000347428605892,0.000276669248706,0.000304102606606,0.000310894072754,0.000312573218253,0.000263633759459,0.000132147994009,0.000125914215459,0.000103130427306,0.0000855220132507,0.000087338812591,0.0000719906238373,0.0000559206819162,0.0000470106606372,0.0000380606834369,0.0000218998739001,0.0000145668918776,0.00000929832094698,0.00000753205358706,0.00000602819272899,0.00000534174341738,0.0000040879926928,0.00000360232888852,0.00000299701900985,0.00000225022745326,0.00000188644617083,0.00000141893372074,0.00000117186755233,9.13848623441e-7,6.31081263691e-7,3.84273960208e-7,2.44834296836e-7,1.10903151551e-7,4.16893932709e-8],"median":[0.00237504066899,0.00311754876748,0.000923427287489,0.000322512933053,0.000150401174324,0.000170361396158,0.000162277807249,0.00011543558503,0.000118782831123,0.000152396372869,0.000161002273671,0.000118825628306,0.0000605601635471,0.000066873326432,0.0000554973812541,0.0000548871321371,0.0000636465847492,0.0000514828352607,0.0000379495759262,0.0000303013439407,0.0000255409613601,0.0000153969995154,0.0000104197297333,0.00000593435606788,0.00000412319923271,0.00000292577124128,0.00000251453457167,0.00000209898166759,0.00000193519758795,0.00000156521934969,0.00000125845974708,0.00000108002222987,8.9772879619e-7,8.11259837974e-7,6.54770587971e-7,4.54220156598e-7,2.65778623998e-7,1.69760340896e-7,7.80497515507e-8,2.65162967139e-8],"min":[2.91990079864e-23,1.64654771561e-23,1.2201290164e-22,5.57121793555e-22,1.74705654666e-21,4.30613990244e-21,9.34434918728e-21,1.80896079692e-20,3.2094068161e-20,5.41843820148e-20,8.54760042022e-20,1.27736293344e-19,1.82010611863e-19,2.46019592496e-19,3.1428939339e-19,3.78863713198e-19,4.26469637661e-19,4.43992037221e-19,4.22222375408e-19,3.66512640032e-19,3.047744899e-19,2.93739254294e-19,4.08026637778e-19,7.04949425906e-19,1.17080250255e-18,1.67559536502e-18,1.97483787778e-18,1.83907272384e-18,1.25776441394e-18,5.60418122028e-19,2.36799139455e-19,4.89064126522e-19,9.68713490108e-19,1.15211597552e-18,9.63733035639e-19,7.64329671852e-19,7.78018321918e-19,7.72468663791e-19,3.7324498549e-19,2.58375266854e-19],"var":[0.0000382945872843,0.00001651353341,0.00000250812695413,0.00000118389175441,0.00000128162105284,4.69847407203e-7,4.64995906668e-7,3.57611781965e-7,4.07917980283e-7,2.81957426296e-7,2.6541670195e-7,2.0273841983e-7,6.33976711129e-8,4.47466383946e-8,2.59010857206e-8,1.59967346036e-8,3.3007502509e-8,5.65073143832e-9,3.5438363355e-9,3.34141536662e-9,1.64030056204e-9,5.05564534681e-10,2.51017734376e-10,2.59700677629e-10,3.10756698152e-10,2.69270800102e-10,2.38520536655e-10,1.62107341439e-10,1.10593215141e-10,6.28033042238e-11,2.01201815625e-11,1.13487726161e-11,4.1320610128e-12,2.28187932959e-12,1.06546509896e-12,4.84309261532e-13,1.90451129802e-13,7.36547189342e-14,1.55937139286e-14,2.90969433436e-15]},"melbands_crest":{"dmean":4.54020786285,"dmean2":7.70501995087,"dvar":14.9168424606,"dvar2":41.5444221497,"max":38.7299003601,"mean":16.4143943787,"median":15.6182117462,"min":1.70788812637,"var":40.0208396912},"melbands_flatness_db":{"dmean":0.036738909781,"dmean2":0.0625559613109,"dvar":0.00130060128868,"dvar2":0.00370970508084,"max":0.713390529156,"mean":0.243957445025,"median":0.229236811399,"min":0.00359520222992,"var":0.00659637758508},"melbands_kurtosis":{"dmean":9.34012794495,"dmean2":15.9810905457,"dvar":1264.28857422,"dvar2":3904.06103516,"max":1590.82080078,"mean":13.5296316147,"median":5.48089790344,"min":-1.81463086605,"var":2395.8347168},"melbands_skewness":{"dmean":0.917503118515,"dmean2":1.52873420715,"dvar":0.984866917133,"dvar2":2.87289690971,"max":30.7340927124,"mean":2.55935430527,"median":2.20346879959,"min":-0.615188777447,"var":3.58335185051},"melbands_spread":{"dmean":5.87112903595,"dmean2":9.79926776886,"dvar":34.6336479187,"dvar2":91.3618087769,"max":174.720275879,"mean":19.5422821045,"median":17.8388366699,"min":0.164860039949,"var":176.755706787},"mfcc":{"cov":[[9502.61621094,-1.72003924847,-905.03692627,123.516647339,-315.439453125,313.785522461,-209.648971558,157.363037109,-213.546661377,51.3014564514,-218.187789917,-56.1733055115,-113.488624573],[-1.72003924847,1416.90490723,-463.982757568,31.446390152,50.1248817444,-93.3815536499,7.98297595978,-76.5890197754,51.6092185974,-92.0187149048,31.5474414825,-39.7364501953,11.6511478424],[-905.03692627,-463.982757568,919.9453125,-164.961135864,61.9175605774,9.14655780792,-9.38378620148,38.4050483704,-14.9749155045,67.2151641846,4.61164331436,72.1512985229,6.98423862457],[123.516647339,31.446390152,-164.961135864,261.193115234,-36.504535675,30.4685573578,17.4379138947,-32.1899681091,1.00608634949,-10.8674449921,12.9617919922,-19.9704113007,6.16358423233],[-315.439453125,50.1248817444,61.9175605774,-36.504535675,155.273880005,17.2185134888,18.305103302,6.35835647583,2.12171912193,-8.3894071579,3.54458260536,6.74376249313,14.6909236908],[313.785522461,-93.3815536499,9.14655780792,30.4685573578,17.2185134888,122.812133789,21.8806991577,28.1204929352,-8.32251167297,-0.099214553833,-14.5630664825,6.00064325333,-3.68346905708],[-209.648971558,7.98297595978,-9.38378620148,17.4379138947,18.305103302,21.8806991577,97.8166656494,19.7841358185,9.96190738678,-15.6248445511,-8.98867702484,-11.6309947968,7.69722652435],[157.363037109,-76.5890197754,38.4050483704,-32.1899681091,6.35835647583,28.1204929352,19.7841358185,84.2922744751,30.8529663086,26.3157539368,-6.90973186493,2.7419552803,-6.2821688652],[-213.546661377,51.6092185974,-14.9749155045,1.00608634949,2.12171912193,-8.32251167297,9.96190738678,30.8529663086,109.461753845,40.4002609253,29.6451683044,5.88867616653,-9.61878871918],[51.3014564514,-92.0187149048,67.2151641846,-10.8674449921,-8.3894071579,-0.099214553833,-15.6248445511,26.3157539368,40.4002609253,83.6924362183,31.5054283142,21.2307071686,-6.19816112518],[-218.187789917,31.5474414825,4.61164331436,12.9617919922,3.54458260536,-14.5630664825,-8.98867702484,-6.90973186493,29.6451683044,31.5054283142,70.7227630615,30.6299972534,7.68250131607],[-56.1733055115,-39.7364501953,72.1512985229,-19.9704113007,6.74376249313,6.00064325333,-11.6309947968,2.7419552803,5.88867616653,21.2307071686,30.6299972534,61.0709037781,20.0551338196],[-113.488624573,11.6511478424,6.98423862457,6.16358423233,14.6909236908,-3.68346905708,7.69722652435,-6.2821688652,-9.61878871918,-6.19816112518,7.68250131607,20.0551338196,53.5280303955]],"icov":[[0.000205178788747,-0.0000753949061618,0.000240053108428,-0.0000229913439398,0.000291768781608,-0.000464122800622,0.000480394926853,-0.000507660675794,0.000595401448663,-0.000571332639083,0.000662410224322,-0.00029282073956,0.000237550018937],[-0.0000753949061618,0.00108867918607,0.00037611060543,0.000214627856622,-0.000581166357733,0.00068352103699,-0.000147443381138,0.000755413086154,-0.001063191914,0.00138688634615,-0.000839808199089,0.000299338513287,-0.000176287663635],[0.000240053108428,0.00037611060543,0.00194582226686,0.000698400079273,-0.000334798474796,-0.000227141965297,0.000230035439017,-0.00034657510696,0.000981551362202,-0.00152336235624,0.00131176167633,-0.00191426079255,0.000624211796094],[-0.0000229913439398,0.000214627856622,0.000698400079273,0.00545108923689,0.00123228994198,-0.00230405130424,-0.000987635576166,0.00280985422432,-0.000610809831414,-0.000213095743675,-0.00220915931277,0.00263246404938,-0.00164289446548],[0.000291768781608,-0.000581166357733,-0.000334798474796,0.00123228994198,0.00813965685666,-0.00255189673044,-0.00023083355336,-0.000594495621044,0.000475686683785,0.000175572640728,-0.000474482309073,0.000784754985943,-0.0019193602493],[-0.000464122800622,0.00068352103699,-0.000227141965297,-0.00230405130424,-0.00255189673044,0.0123228160664,-0.00265317689627,-0.00274948822334,0.000222541275434,0.00153741822578,0.00136207533069,-0.00373700563796,0.00219198619016],[0.000480394926853,-0.000147443381138,0.000230035439017,-0.000987635576166,-0.00023083355336,-0.00265317689627,0.0140588041395,-0.00464443769306,-0.000602801737841,0.00244170543738,0.00085786159616,0.00250311754644,-0.00243815639988],[-0.000507660675794,0.000755413086154,-0.00034657510696,0.00280985422432,-0.000594495621044,-0.00274948822334,-0.00464443769306,0.0203923340887,-0.00637398287654,-0.00367253017612,0.00253430893645,0.000736831279937,-0.000694401620422],[0.000595401448663,-0.001063191914,0.000981551362202,-0.000610809831414,0.000475686683785,0.000222541275434,-0.000602801737841,-0.00637398287654,0.0163315292448,-0.00718867685646,-0.00209977850318,-0.00049596640747,0.00324891787022],[-0.000571332639083,0.00138688634615,-0.00152336235624,-0.000213095743675,0.000175572640728,0.00153741822578,0.00244170543738,-0.00367253017612,-0.00718867685646,0.0239283852279,-0.00945708714426,-0.000667763932142,0.00107203808147],[0.000662410224322,-0.000839808199089,0.00131176167633,-0.00220915931277,-0.000474482309073,0.00136207533069,0.00085786159616,0.00253430893645,-0.00209977850318,-0.00945708714426,0.0282881222665,-0.0134570710361,0.00157799443696],[-0.00029282073956,0.000299338513287,-0.00191426079255,0.00263246404938,0.000784754985943,-0.00373700563796,0.00250311754644,0.000736831279937,-0.00049596640747,-0.000667763932142,-0.0134570710361,0.0308837629855,-0.0112914824858],[0.000237550018937,-0.000176287663635,0.000624211796094,-0.00164289446548,-0.0019193602493,0.00219198619016,-0.00243815639988,-0.000694401620422,0.00324891787022,0.00107203808147,0.00157799443696,-0.0112914824858,0.0249902755022]],"mean":[-640.759216309,156.796966553,-16.2872085571,22.0885887146,3.49370384216,22.1333408356,-2.13549375534,13.0012130737,7.86196708679,10.0905628204,0.173485994339,4.12606716156,-1.68821585178]},"pitch_salience":{"dmean":0.0885387808084,"dmean2":0.150574371219,"dvar":0.00528435502201,"dvar2":0.0151981376112,"max":0.994942963123,"mean":0.526187777519,"median":0.540427803993,"min":0.0295454505831,"var":0.0152079192922},"silence_rate_20dB":{"dmean":0,"dmean2":0,"dvar":0,"dvar2":0,"max":1,"mean":1,"median":1,"min":1,"var":0},"silence_rate_30dB":{"dmean":0.0735775306821,"dmean2":0.147166803479,"dvar":0.0681700333953,"dvar2":0.155175372958,"max":1,"mean":0.922039568424,"median":1,"min":0,"var":0.0718925222754},"silence_rate_60dB":{"dmean":0.00367089617066,"dmean2":0.00734237814322,"dvar":0.00365915242583,"dvar2":0.00840528961271,"max":1,"mean":0.0335940010846,"median":0,"min":0,"var":0.0324658975005},"spectral_centroid":{"dmean":176.673095703,"dmean2":278.410797119,"dvar":33403.1796875,"dvar2":66504.421875,"max":10734.1416016,"mean":1083.56799316,"median":1019.59057617,"min":129.35609436,"var":225266.640625},"spectral_complexity":{"dmean":3.19208359718,"dmean2":5.01117324829,"dvar":8.14047336578,"dvar2":17.4332408905,"max":61,"mean":24.1716403961,"median":25,"min":0,"var":86.7164230347},"spectral_contrast_coeffs":{"dmean":[0.0552109330893,0.0535495765507,0.0422309152782,0.027624854818,0.0216994080693,0.0308407973498],"dmean2":[0.0934337452054,0.0894027277827,0.0701236352324,0.0470130965114,0.0371820926666,0.0536831095815],"dvar":[0.00184897868894,0.00176563113928,0.00110888108611,0.000476724526379,0.000457993533928,0.00129701173864],"dvar2":[0.00514711998403,0.00479291286319,0.0030387591105,0.00132536841556,0.00127971568145,0.00354884006083],"max":[-0.391765773296,-0.423771262169,-0.516402959824,-0.556303262711,-0.577634811401,-0.496325314045],"mean":[-0.684909999371,-0.757870554924,-0.775318145752,-0.808896183968,-0.807591080666,-0.726589679718],"median":[-0.683951854706,-0.766362547874,-0.779534459114,-0.81053930521,-0.808618545532,-0.729070484638],"min":[-0.986875593662,-0.98492282629,-0.991143465042,-0.998372256756,-0.976395487785,-0.96052646637],"var":[0.0056312661618,0.00513547239825,0.0036447069142,0.0016076429747,0.00156009034254,0.00362590723671]},"spectral_contrast_valleys":{"dmean":[0.40476667881,0.386159837246,0.326875001192,0.258698046207,0.261673361063,0.535850942135],"dmean2":[0.686430871487,0.65169519186,0.542687356472,0.430904448032,0.43588706851,0.951618134975],"dvar":[0.115563765168,0.111205235124,0.0894357487559,0.0752736628056,0.155906841159,0.575483798981],"dvar2":[0.298544496298,0.285513281822,0.222672075033,0.180077210069,0.405319422483,1.50585436821],"max":[-5.01951551437,-4.62586593628,-4.9863743782,-5.49439716339,-5.6107878685,-9.01713180542],"mean":[-6.67833852768,-6.47108507156,-6.7207531929,-7.00963354111,-7.61519432068,-10.9759244919],"median":[-6.50785398483,-6.28364562988,-6.47284603119,-6.70635128021,-7.29784584045,-10.4189424515],"min":[-27.0417060852,-27.3077526093,-27.047832489,-26.9618873596,-27.2106933594,-27.2089996338],"var":[1.40383076668,1.50964581966,1.73269605637,1.87413585186,1.9238088131,2.11868453026]},"spectral_decrease":{"dmean":4.79897854788e-9,"dmean2":8.01161537112e-9,"dvar":3.23550472373e-17,"dvar2":8.76230636167e-17,"max":1.43759084636e-8,"mean":-8.73645245036e-9,"median":-7.04504543592e-9,"min":-6.46839879437e-8,"var":5.82447846324e-17},"spectral_energy":{"dmean":0.0186517499387,"dmean2":0.0307991858572,"dvar":0.000483901705593,"dvar2":0.00127878622152,"max":0.279592901468,"mean":0.0567520037293,"median":0.0510220229626,"min":6.44028478313e-16,"var":0.00107067578938},"spectral_energyband_high":{"dmean":0.000281017681118,"dmean2":0.000423580844654,"dvar":2.2310494785e-7,"dvar2":4.60657986423e-7,"max":0.015978531912,"mean":0.00107356486842,"median":0.00086011714302,"min":4.6797469193e-16,"var":0.00000101391140106},"spectral_energyband_low":{"dmean":0.0158509481698,"dmean2":0.0270967017859,"dvar":0.00043480869499,"dvar2":0.00119751214515,"max":0.222993344069,"mean":0.0249885506928,"median":0.0179655924439,"min":2.07194733275e-22,"var":0.000592355325352},"spectral_energyband_middle_high":{"dmean":0.00254666083492,"dmean2":0.00403384538367,"dvar":0.0000123138124763,"dvar2":0.0000310544273816,"max":0.0936701521277,"mean":0.00799664482474,"median":0.00652165198699,"min":1.12651887974e-16,"var":0.0000443021999672},"spectral_energyband_middle_low":{"dmean":0.00520426454023,"dmean2":0.00824171956629,"dvar":0.0000453064276371,"dvar2":0.000112448651635,"max":0.128729641438,"mean":0.0132971405983,"median":0.00988893117756,"min":7.39069643897e-19,"var":0.000142849545227},"spectral_entropy":{"dmean":0.151438608766,"dmean2":0.250477045774,"dvar":0.0404358915985,"dvar2":0.110666230321,"max":9.81768226624,"mean":7.5666270256,"median":7.62855529785,"min":5.09700059891,"var":0.167986601591},"spectral_flux":{"dmean":0.0297094769776,"dmean2":0.0474968664348,"dvar":0.000915709300898,"dvar2":0.00216241599992,"max":0.388097733259,"mean":0.133378282189,"median":0.128400743008,"min":0.00000755419250709,"var":0.0027644475922},"spectral_kurtosis":{"dmean":5.50280761719,"dmean2":9.34522628784,"dvar":206.27355957,"dvar2":589.774230957,"max":231.924163818,"mean":21.4118614197,"median":14.5903606415,"min":-1.19537866116,"var":411.694702148},"spectral_rms":{"dmean":0.00114474550355,"dmean2":0.00187079864554,"dvar":0.00000126857253235,"dvar2":0.00000331653291141,"max":0.0165158584714,"mean":0.0070818271488,"median":0.00705532357097,"min":7.92666654537e-10,"var":0.00000521583069713},"spectral_rolloff":{"dmean":4957.57128906,"dmean2":9538.4453125,"dvar":62404356,"dvar2":156395600,"max":22050,"mean":15273.5361328,"median":21167.1386719,"min":43.06640625,"var":81820584},"spectral_skewness":{"dmean":0.345818668604,"dmean2":0.570834040642,"dvar":0.512593567371,"dvar2":1.46028518677,"max":11.9909801483,"mean":3.06824445724,"median":2.75953817368,"min":0.00253134267405,"var":1.49640893936},"spectral_spread":{"dmean":443442.875,"dmean2":747513.9375,"dvar":406349086720,"dvar2":967594999808,"max":40348296,"mean":4184531,"median":4147123.5,"min":719788,"var":1646842478590},"spectral_strongpeak":{"dmean":5.93719625473,"dmean2":11.2152519226,"dvar":326.951080322,"dvar2":895.295715332,"max":165.359115601,"mean":4.67875957489,"median":0.353038191795,"min":0,"var":279.894226074},"zerocrossingrate":{"dmean":0.0413683839142,"dmean2":0.0550787486136,"dvar":0.00130612659268,"dvar2":0.00236399797723,"max":0.81640625,"mean":0.300754398108,"median":0.291015625,"min":0.02734375,"var":0.00893148686737}},"metadata":{"audio_properties":{"analysis_sample_rate":44100,"bit_rate":1065084,"codec":"alac","downmix":"mix","equal_loudness":0,"length":290.946655273,"lossless":true,"md5_encoded":"6e0e88c5ba0f96a2e45c4e7980cc34d0","replay_gain":-10.7059001923,"sample_rate":44100},"tags":{"album":["Bananas"],"albumartistsort":["Deep Purple"],"artist":["Deep Purple"],"artistsort":["Deep Purple"],"asin":["B0000A5BU2"],"barcode":["724359104928"],"catalognumber":["7243 5 91049 2 8"],"composer":["Ian Paice","Roger Glover","Steve Morse","Don Airey","Ian Gillan"],"composersort":["Paice, Ian","Glover, Roger","Morse, Steve","Airey, Don","Gillan, Ian"],"date":["2003-08-25"],"file_name":"10 - Bananas.m4a","label":["EMI"],"media":["CD"],"musicbrainz_albumartistid":["79491354-3d83-40e3-9d8e-7592d58d790a"],"musicbrainz_albumid":["f8785558-cc6c-40b1-8aaf-4fbfc9b375c6"],"musicbrainz_artistid":["79491354-3d83-40e3-9d8e-7592d58d790a"],"musicbrainz_recordingid":["9e938ba9-e7b0-41c7-ba41-7fcd50f82ad2"],"musicbrainz_releasegroupid":["b2c0f9df-aaed-3ed2-af0c-1dd53ea02498"],"musicbrainz_workid":["6fc00261-fde3-3a05-a910-e3ca698d2cda"],"script":["Latn"],"title":["Bananas"],"tracknumber":["10/12"]},"version":{"essentia":"2.1-beta1","essentia_build_sha":"ca57ba49d9b1854bd80e60cf9ccf267278fb7d6b","essentia_git_sha":"v2.1_beta1-28-g21ef5f4-dirty","extractor":"music 1.0"}},"rhythm":{"beats_count":779,"beats_loudness":{"dmean":0.0263206027448,"dmean2":0.0459233783185,"dvar":0.000657937722281,"dvar2":0.0018922702875,"max":0.209483355284,"mean":0.0629924684763,"median":0.057568769902,"min":1.45295775411e-10,"var":0.00105408811942},"beats_loudness_band_ratio":{"dmean":[0.18036070466,0.0828926488757,0.0904436483979,0.0620174072683,0.0334712006152,0.0843186303973],"dmean2":[0.309531122446,0.149097234011,0.162137776613,0.10857475549,0.0583055019379,0.145330503583],"dvar":[0.0196790564805,0.00870363041759,0.0103706587106,0.00472285691649,0.00110143958591,0.00531065743417],"dvar2":[0.058644965291,0.0253776572645,0.0295373424888,0.0129173062742,0.00298233656213,0.01