{"lowlevel":{"average_loudness":0.646475851536,"barkbands":{"dmean":[2.4839573598e-7,0.0000172911386471,0.0000153270539158,0.000774824176915,0.000439331459347,0.0015609015245,0.000503150804434,0.000102894708107,0.000216980755795,0.0000183460469998,0.000116752940812,0.000214913845412,0.000268259173026,0.000310090283165,0.000355729396688,0.000359988276614,0.000451920495834,0.000320838298649,0.000127125676954,0.00000990004446066,0.00000193993764697,3.4681201555e-7,7.81076465728e-8,1.93065172738e-8,4.36374536505e-9,1.39041456126e-9,1.23734178459e-9],"dmean2":[4.51220842024e-7,0.0000236839150602,0.0000253024827543,0.00149034918286,0.000733051623683,0.00224005058408,0.000524888921063,0.000143742756336,0.000272401841357,0.0000281621050817,0.000162717973581,0.000306289381115,0.000418008072302,0.000452169973869,0.000551828998141,0.000563695735764,0.000660285702907,0.000472460698802,0.000178842179594,0.0000146802394738,0.00000276315336123,5.252994697e-7,1.23870890434e-7,2.97955367046e-8,7.1937007462e-9,2.30170082993e-9,2.04934624826e-9],"dvar":[6.68912353893e-14,1.78545755958e-9,9.55756807031e-10,0.00000133719231599,3.34186552209e-7,0.0000121580624182,4.01640079417e-7,3.58853675664e-8,1.01757947846e-7,6.41092789966e-10,3.25370628218e-8,1.8204251262e-7,2.76820742329e-7,1.86209916819e-7,2.93720319178e-7,4.92479728109e-7,3.76078077124e-7,1.67610394897e-7,2.84001355766e-8,4.4993406223e-10,1.12103755098e-11,3.55711797908e-13,3.05572353445e-14,1.55533121511e-15,8.55138456989e-17,3.34087744216e-18,2.00222148516e-18],"dvar2":[2.00072624483e-13,3.76587117046e-9,2.71054889645e-9,0.00000493108700539,8.89550449301e-7,0.000023018259526,5.30537647592e-7,6.96086601693e-8,2.31416294127e-7,1.65556801601e-9,8.09590687822e-8,3.90944222772e-7,6.93588788181e-7,3.90556806451e-7,6.36121285424e-7,0.00000117437764402,7.59322006161e-7,3.52439599283e-7,5.40293108031e-8,9.50346690232e-10,2.1557828439e-11,8.3694986705e-13,7.59578963855e-14,3.66725921481e-15,2.19896105854e-16,8.76923035971e-18,5.35098009741e-18],"max":[0.00000277868730336,0.00119507394265,0.000645795371383,0.0112040294334,0.0110533032566,0.119445294142,0.0239157192409,0.0058090146631,0.00560189271346,0.000453280983493,0.00336899817921,0.0116931041703,0.0152850905433,0.00712615344673,0.0135918073356,0.0192875023931,0.00853461679071,0.00976340472698,0.00218683807179,0.000438123533968,0.0000631078510196,0.00000749993478166,0.00000232071579376,6.29462590496e-7,1.46811188984e-7,2.76873688421e-8,2.91389490314e-8],"mean":[3.06920668436e-7,0.0000811683712527,0.0000528231248609,0.000961437704973,0.00136312353425,0.00497742090374,0.0016435822472,0.000353418494342,0.000592407828663,0.0000528560231032,0.000233608123381,0.000579599465709,0.000571224605665,0.000779557216447,0.00100862886757,0.000975072092842,0.0010190011235,0.000807843345683,0.000288696959615,0.000023101856641,0.00000466668598165,6.02488910317e-7,1.13903226406e-7,2.61814268043e-8,8.19759371495e-9,5.47723377764e-9,6.19179019168e-9],"median":[2.45343471761e-7,0.0000306717956846,0.0000281204956991,0.000393244554289,0.000933259143494,0.00254229153506,0.0011387366103,0.000161569812917,0.000360299716704,0.000040652401367,0.000131712367875,0.000312875228701,0.000271438679192,0.000597397913225,0.000627332890872,0.000446076068329,0.000750779232476,0.00062545289984,0.000213254243135,0.0000112558072942,0.00000249829417953,3.53352902493e-7,5.62778375013e-8,1.10262030617e-8,5.51017587114e-9,5.01630248451e-9,5.92967142055e-9],"min":[1.15377316883e-24,7.8816094894e-24,5.28017637415e-25,1.95774963508e-24,7.03256244141e-24,7.95231745892e-24,1.97005594408e-23,1.30421142837e-23,2.01838124759e-23,5.81231650005e-24,1.981277806e-23,4.25281224892e-23,3.46414792784e-23,4.12944576294e-23,4.53803847761e-23,6.53552074878e-23,5.60470337704e-23,7.62141933926e-23,1.53897359387e-22,1.54340497267e-22,2.89245607531e-22,2.68295834782e-22,3.85941829643e-22,5.91652999545e-22,6.84150815567e-22,1.44255240022e-21,1.81330874579e-21],"var":[6.23596565553e-14,1.74653802532e-8,5.39122524401e-9,0.00000190044511328,0.00000179474091055,0.0000535319741175,0.00000328963665197,3.4455780451e-7,4.70418285659e-7,2.33078689682e-9,1.01137288766e-7,0.00000100318231944,0.00000110805660825,5.65426148569e-7,0.00000168071699136,0.0000028942120025,9.49648551796e-7,5.42787347513e-7,7.62134959587e-8,1.23742027736e-9,3.74641359602e-11,5.46070133556e-13,3.42339275417e-14,1.83169837228e-15,8.51766074719e-17,5.97585011651e-18,4.5478567922e-18]},"barkbands_crest":{"dmean":1.63831579685,"dmean2":2.56079483032,"dvar":2.30974245071,"dvar2":5.67851305008,"max":23.3267631531,"mean":8.53611564636,"median":7.62598466873,"min":3.0388302803,"var":12.5894622803},"barkbands_flatness_db":{"dmean":0.0113900378346,"dmean2":0.0176861006767,"dvar":0.000112768466352,"dvar2":0.0002436372597,"max":0.3853995502,"mean":0.238584056497,"median":0.236251562834,"min":0.0648741051555,"var":0.00129932397977},"barkbands_kurtosis":{"dmean":0.609210312366,"dmean2":0.974714815617,"dvar":2.40045809746,"dvar2":7.96950340271,"max":40.649055481,"mean":-0.166065484285,"median":-1.17538750172,"min":-1.85958790779,"var":10.127612114},"barkbands_skewness":{"dmean":0.289202064276,"dmean2":0.419689804316,"dvar":0.0696775466204,"dvar2":0.169439673424,"max":3.9551949501,"mean":0.432440429926,"median":0.421414196491,"min":-2.1096765995,"var":0.627957046032},"barkbands_spread":{"dmean":2.18333721161,"dmean2":3.26231575012,"dvar":4.11907720566,"dvar2":9.01996612549,"max":37.0875167847,"mean":20.6486377716,"median":21.8946876526,"min":0.78203701973,"var":36.7368927002},"dissonance":{"dmean":0.0120719755068,"dmean2":0.0203527137637,"dvar":0.000225546915317,"dvar2":0.00060305732768,"max":0.499986082315,"mean":0.473118662834,"median":0.477184146643,"min":0.239948585629,"var":0.000472470041132},"dynamic_complexity":3.29631114006,"erbbands":{"dmean":[0.000139484429383,0.00499050365761,0.0278346128762,1.00665271282,2.6936852932,1.63641834259,8.48546028137,10.9489021301,2.66920828819,11.1944475174,1.70186007023,3.69532823563,3.11196780205,1.995875597,3.26465368271,8.51640129089,10.5101060867,18.4978752136,14.2756605148,20.1899776459,23.281867981,27.0317020416,16.1858444214,11.9301919937,2.84124565125,0.549544095993,0.129650488496,0.0381226204336,0.0145533261821,0.00549815502018,0.00182868470438,0.000630036578514,0.000231417361647,0.000073252725997,0.0000233920836763,0.00000837035167933,0.00000341409668181,0.0000012718776361,0.00000169155225649,0.00000346096021531],"dmean2":[0.000220356378122,0.00685511389747,0.0482181236148,1.93684601784,4.93864107132,2.71390771866,12.5498046875,14.8616008759,3.65855336189,10.9133758545,2.27814984322,5.03353261948,3.33764648438,2.86330103874,4.48320674896,12.3825702667,16.0084114075,26.6183872223,21.4489135742,31.9416484833,36.292930603,38.9603919983,23.8447685242,16.8374404907,3.87414956093,0.785907745361,0.184723123908,0.0566761083901,0.0219250265509,0.00838044472039,0.00289586605504,0.000985563383438,0.000355394382495,0.000118702169857,0.0000379451739718,0.0000132622681122,0.00000532512422069,0.00000193253754333,0.00000245288697442,0.00000513437589689],"dvar":[1.14846784527e-7,0.000147376209497,0.00210366793908,2.26688122749,15.9782476425,4.12917280197,367.120513916,597.560791016,13.7002620697,210.893493652,10.1823978424,45.7608566284,16.2200737,12.7025575638,20.2303771973,257.536987305,549.731994629,678.918640137,374.573150635,1010.04992676,1877.72021484,1353.75463867,392.400909424,259.320495605,15.6137685776,1.3605992794,0.0614897422493,0.00375699391589,0.000607637921348,0.000109064210847,0.0000179367016244,0.00000176777552952,2.33799099192e-7,2.60292125631e-8,1.65050939582e-9,1.35411321045e-10,1.74980585577e-11,2.05140483593e-12,5.1231974392e-12,2.44123176535e-11],"dvar2":[2.88627717282e-7,0.000310801522573,0.00606365175918,8.36358070374,52.4062843323,12.0126934052,732.6953125,1086.37731934,28.4580154419,246.9402771,20.4776649475,124.312103271,20.4147434235,32.8691940308,45.2422790527,557.953979492,1364.66052246,1306.16601562,723.952941895,2378.33496094,4646.5,2776.94384766,840.921203613,521.926940918,26.7633647919,2.76674365997,0.118234053254,0.00811748206615,0.00139903789386,0.000257800827967,0.000046019526053,0.00000429361944043,5.64660240343e-7,6.71167299515e-8,4.07800548885e-9,3.24402088525e-10,4.04797376174e-11,4.45223719003e-12,9.86030614797e-12,4.77140549293e-11],"max":[0.00833320990205,0.343851298094,0.926361620426,14.5870828629,64.0594024658,27.9983730316,614.144592285,787.23260498,118.43397522,571.66809082,95.7490692139,139.078643799,106.308990479,97.9550247192,87.820892334,417.792602539,782.528564453,442.438079834,610.364807129,711.487121582,1251.93518066,491.885559082,392.461608887,275.08505249,52.9388847351,26.0249538422,5.33629417419,1.11863958836,0.280878335238,0.164252474904,0.0591615885496,0.0214896015823,0.00710315816104,0.00262801232748,0.000582568463869,0.00018598861061,0.0000796707172412,0.0000289350064122,0.0000748943930375,0.000168037688127],"mean":[0.000507570453919,0.0240829717368,0.0961259901524,1.30635452271,5.24618339539,4.47605705261,17.2953929901,45.684589386,15.5908174515,36.1130142212,6.8482708931,9.78747844696,9.21429347992,5.07490253448,9.30002593994,23.7343654633,25.9700450897,40.2531738281,45.1580162048,53.7172737122,55.913684845,63.5934524536,45.4384231567,27.3469696045,7.26024198532,1.41060185432,0.344969660044,0.0836337655783,0.026744376868,0.0092857228592,0.00272669573314,0.000898677913938,0.000347133143805,0.000138790739584,0.0000669998189551,0.0000357317330781,0.0000180789174919,0.00000685596114636,0.000010214644135,0.000019943145162],"median":[0.000219975161599,0.00962239038199,0.057990860194,0.634398818016,2.10347342491,3.45921492577,6.3370885849,22.199338913,11.4152612686,23.0837135315,3.31277012825,5.85189199448,5.78995323181,3.129997015,5.99141836166,13.3447504044,12.2421245575,27.4023208618,32.232219696,26.5396232605,31.0152244568,48.6316757202,37.0085639954,19.8111515045,5.19075965881,0.755056500435,0.183329477906,0.054730720818,0.0164809413254,0.00521357776597,0.00136180582922,0.000414775160607,0.000177377383807,0.0000929588277359,0.0000539857683179,0.0000317038357025,0.0000164165012393,0.00000629015903542,0.00000860048749018,0.0000163942968356],"min":[2.21242768275e-22,1.16818107429e-21,1.38037319722e-21,4.97312010649e-21,1.96462100168e-20,1.88089093664e-20,2.17204849562e-20,7.80665338652e-20,1.76684434673e-19,3.50720392121e-19,3.75961239826e-19,4.56694015912e-19,3.38836495055e-19,7.92921531617e-19,1.00817641598e-18,2.0280837006e-18,2.09426848937e-18,2.36980338538e-18,2.88422597435e-18,1.8523051321e-18,5.26518120196e-18,3.36047541883e-18,4.82924006194e-18,6.94944211108e-18,8.00256628077e-18,7.66027563457e-18,1.10015153818e-17,1.01414195984e-17,1.02631400527e-17,1.40310594122e-17,1.28833297687e-17,1.03513555563e-17,8.71440813743e-18,6.94250702882e-18,6.15449879495e-18,4.60661473983e-18,2.61195099713e-18,9.81069190315e-19,2.46891363314e-19,2.90854571767e-20],"var":[6.19871968865e-7,0.00148501654621,0.0156698245555,3.17733359337,54.3118362427,14.8460292816,1178.75878906,4201.35253906,246.91847229,1857.95874023,108.292160034,140.287017822,114.792015076,53.3438644409,97.5855789185,1436.0234375,2485.05786133,1966.22058105,2625.09179688,6666.16796875,6837.09863281,3366.93847656,1448.22399902,682.630737305,46.7191085815,4.02957248688,0.221648097038,0.00897097308189,0.000996275339276,0.000154557390488,0.0000193172127183,0.00000202367800739,2.63859561755e-7,2.63072532647e-8,2.47680409515e-9,4.01359667723e-10,8.84556941583e-11,1.15975319626e-11,6.04858663156e-11,2.78208622806e-10]},"erbbands_crest":{"dmean":1.64061248302,"dmean2":2.51569724083,"dvar":2.31504464149,"dvar2":5.57777643204,"max":28.1697597504,"mean":8.93483066559,"median":8.12076568604,"min":2.70842170715,"var":12.3478088379},"erbbands_flatness_db":{"dmean":0.00871131382883,"dmean2":0.0131555283442,"dvar":0.0000708188817953,"dvar2":0.000139784111525,"max":0.396315097809,"mean":0.319700717926,"median":0.320672869682,"min":0.0881564542651,"var":0.00115796353202},"erbbands_kurtosis":{"dmean":0.6873306036,"dmean2":0.987958312035,"dvar":1.18941450119,"dvar2":2.89515256882,"max":33.5229263306,"mean":0.339509099722,"median":-0.530140161514,"min":-1.75970327854,"var":10.2598543167},"erbbands_skewness":{"dmean":0.256933301687,"dmean2":0.360526412725,"dvar":0.054885469377,"dvar2":0.121487632394,"max":3.97924685478,"mean":-0.600549697876,"median":-0.704546391964,"min":-3.27276110649,"var":0.761259078979},"erbbands_spread":{"dmean":3.24173569679,"dmean2":4.74943780899,"dvar":8.09845066071,"dvar2":18.1501159668,"max":48.5959472656,"mean":26.8135623932,"median":27.708978653,"min":2.09627008438,"var":74.1620864868},"gfcc":{"cov":[[18300.046875,2944.72363281,-3827.11474609,552.248168945,218.011352539,-970.382446289,-358.441741943,-412.30065918,-116.394638062,-349.884033203,-64.8875961304,-208.400314331,-154.648132324],[2944.72363281,1292.65270996,149.350402832,34.7566947937,243.403869629,39.1503448486,-20.3251552582,-60.1689758301,38.1460456848,6.82867145538,-7.50647068024,-59.9595603943,-65.2185211182],[-3827.11474609,149.350402832,1840.32983398,18.9311256409,103.785469055,514.421508789,129.073684692,83.2819824219,138.681549072,150.549591064,21.9568977356,9.54023551941,-12.9635591507],[552.248168945,34.7566947937,18.9311256409,302.732910156,77.0281524658,55.5681419373,92.0159606934,0.105796732008,41.6002845764,-0.658847272396,-5.19816112518,-25.8317813873,-0.0657828375697],[218.011352539,243.403869629,103.785469055,77.0281524658,212.551696777,67.4983596802,57.0203208923,-5.51523351669,18.8128547668,4.12819576263,1.34221255779,-7.77882909775,-2.16839051247],[-970.382446289,39.1503448486,514.421508789,55.5681419373,67.4983596802,230.366287231,71.5980911255,21.80078125,51.8304519653,36.3734359741,10.2115859985,3.80256605148,-2.36881136894],[-358.441741943,-20.3251552582,129.073684692,92.0159606934,57.0203208923,71.5980911255,120.821380615,30.3734607697,25.030921936,21.5078201294,-4.65071392059,-15.0685520172,9.54971504211],[-412.30065918,-60.1689758301,83.2819824219,0.105796732008,-5.51523351669,21.80078125,30.3734607697,72.460395813,26.6654415131,6.07253503799,5.91236400604,9.08473110199,-2.6643102169],[-116.394638062,38.1460456848,138.681549072,41.6002845764,18.8128547668,51.8304519653,25.030921936,26.6654415131,80.5133285522,30.5487766266,0.49771335721,-2.66381716728,-5.89088058472],[-349.884033203,6.82867145538,150.549591064,-0.658847272396,4.12819576263,36.3734359741,21.5078201294,6.07253503799,30.5487766266,73.3676452637,18.4634284973,-11.3003435135,1.9451956749],[-64.8875961304,-7.50647068024,21.9568977356,-5.19816112518,1.34221255779,10.2115859985,-4.65071392059,5.91236400604,0.49771335721,18.4634284973,56.4086265564,28.4535865784,-11.7896299362],[-208.400314331,-59.9595603943,9.54023551941,-25.8317813873,-7.77882909775,3.80256605148,-15.0685520172,9.08473110199,-2.66381716728,-11.3003435135,28.4535865784,64.9146652222,15.8434085846],[-154.648132324,-65.2185211182,-12.9635591507,-0.0657828375697,-2.16839051247,-2.36881136894,9.54971504211,-2.6643102169,-5.89088058472,1.9451956749,-11.7896299362,15.8434085846,51.3648071289]],"icov":[[0.00277529540472,-0.00756563805044,0.00667616445571,-0.00594714982435,0.00502487225458,-0.00291742850095,0.00350028788671,0.00247785053216,-0.00286227813922,0.00207578134723,-0.00210684770718,0.00129949382972,-0.00130899553187],[-0.00756563805044,0.0218688324094,-0.0184185113758,0.0163944419473,-0.0152834570035,0.00849410146475,-0.00891172047704,-0.00580394687131,0.00693882070482,-0.00520823942497,0.00546047370881,-0.00255690095946,0.00449851294979],[0.00667616445571,-0.0184185113758,0.0179611090571,-0.014093214646,0.0123911071569,-0.0111924428493,0.00906779803336,0.00463045015931,-0.00618256954476,0.00204332894646,-0.00302652292885,0.00174227531534,-0.00222801370546],[-0.00594714982435,0.0163944419473,-0.014093214646,0.0181864369661,-0.0114453034475,0.00601983582601,-0.0115275653079,-0.00274939788505,0.00228343205526,-0.000924009422306,0.00161640706938,0.000128354353365,0.00180040602572],[0.00502487225458,-0.0152834570035,0.0123911071569,-0.0114453034475,0.0171064902097,-0.00707573117688,0.00307342037559,0.00533543294296,-0.00496471254155,0.00451154494658,-0.00434444705024,0.00134078296833,-0.00321395741776],[-0.00291742850095,0.00849410146475,-0.0111924428493,0.00601983582601,-0.00707573117688,0.0186224225909,-0.0082512749359,0.00106088188477,-0.00112150062341,0.00259356433526,-0.0016785627231,-0.00055944599444,0.000893922231626],[0.00350028788671,-0.00891172047704,0.00906779803336,-0.0115275653079,0.00307342037559,-0.0082512749359,0.0223873052746,-0.00493399938568,-0.000491250364576,-0.00212913891301,-0.000786673277617,0.00496483501047,-0.00485955039039],[0.00247785053216,-0.00580394687131,0.00463045015931,-0.00274939788505,0.00533543294296,0.00106088188477,-0.00493399938568,0.0239297859371,-0.0112591795623,0.00741120474413,-0.00521935569122,-0.000222908958676,0.000987602979876],[-0.00286227813922,0.00693882070482,-0.00618256954476,0.00228343205526,-0.00496471254155,-0.00112150062341,-0.000491250364576,-0.0112591795623,0.0261250846088,-0.0151593051851,0.0122605375946,-0.00866439566016,0.00693812407553],[0.00207578134723,-0.00520823942497,0.00204332894646,-0.000924009422306,0.00451154494658,0.00259356433526,-0.00212913891301,0.00741120474413,-0.0151593051851,0.0339569300413,-0.0241026394069,0.0191213823855,-0.0132131064311],[-0.00210684770718,0.00546047370881,-0.00302652292885,0.00161640706938,-0.00434444705024,-0.0016785627231,-0.000786673277617,-0.00521935569122,0.0122605375946,-0.0241026394069,0.0451366864145,-0.029135549441,0.021108744666],[0.00129949382972,-0.00255690095946,0.00174227531534,0.000128354353365,0.00134078296833,-0.00055944599444,0.00496483501047,-0.000222908958676,-0.00866439566016,0.0191213823855,-0.029135549441,0.0390747152269,-0.0202557519078],[-0.00130899553187,0.00449851294979,-0.00222801370546,0.00180040602572,-0.00321395741776,0.000893922231626,-0.00485955039039,0.000987602979876,0.00693812407553,-0.0132131064311,0.021108744666,-0.0202557519078,0.0339285470545]],"mean":[-135.245269775,178.149795532,-203.973495483,-6.38713693619,-17.6238574982,-61.4454345703,-45.7447357178,-19.4179401398,-18.2875404358,-14.8379297256,-2.71133041382,-7.17588472366,-11.0328788757]},"hfc":{"dmean":3.1316986084,"dmean2":4.33947610855,"dvar":15.4532842636,"dvar2":28.5937252045,"max":94.5974655151,"mean":16.4782371521,"median":13.7935209274,"min":1.10337112365e-16,"var":167.321487427},"melbands":{"dmean":[0.00000297770111501,0.00000823686877993,0.000275585509371,0.000124110432807,0.000240336012212,0.00025798677234,0.0000562116510991,0.000100977784314,0.0000144376308526,0.0000266472943622,0.0000159414466907,0.00000728604254618,0.0000155671077664,0.0000133845824166,0.0000372571812477,0.000029831284337,0.0000328251589963,0.0000252205827564,0.0000247234038397,0.000022894488211,0.0000286305748887,0.0000335464137606,0.0000224597388296,0.0000147595264934,0.0000103363881863,0.00000304106242766,9.85283350019e-7,2.85358737528e-7,9.71693836505e-8,4.60217179921e-8,1.5836230105e-8,9.43465838787e-9,4.92174301314e-9,2.42157294217e-9,1.16943177364e-9,5.67223934489e-10,3.15463072331e-10,1.7781447148e-10,9.35180613504e-11,5.00235061707e-11],"dmean2":[0.00000428494058724,0.0000116620985864,0.000524431059603,0.000219103851123,0.00035699448199,0.000358940422302,0.0000703561017872,0.000100772995211,0.0000222313392442,0.0000335396653099,0.0000169552040461,0.0000104914715848,0.0000216098378587,0.000017128935724,0.0000566581438761,0.0000440188487119,0.0000475250562886,0.0000386906940548,0.0000376733769372,0.0000348881221726,0.0000445060577476,0.0000483687254018,0.0000345832886524,0.0000215880263568,0.0000146857319123,0.00000414527221437,0.00000140860333886,4.3571614583e-7,1.41148476018e-7,6.75379254744e-8,2.44606237487e-8,1.44456500095e-8,7.67293339976e-9,3.79518860782e-9,1.8881474162e-9,9.25692578146e-10,4.89630225253e-10,2.76021927537e-10,1.52723542146e-10,8.40660804857e-11],"dvar":[5.37598750239e-11,3.65320967921e-10,1.69096466607e-7,2.66324811093e-8,2.80301719613e-7,3.31918670327e-7,4.99021091116e-9,1.71965446327e-8,1.03395980666e-9,1.65632130233e-9,4.24291296541e-10,1.72524036723e-10,5.14054077083e-10,3.88958004693e-10,6.49773079786e-9,2.1006978379e-9,2.1986390486e-9,1.07332853716e-9,1.93040827767e-9,1.55077073405e-9,2.82622969472e-9,2.07564831989e-9,8.09798283985e-10,4.59692423016e-10,1.87440674093e-10,1.90921532056e-11,3.09659719741e-12,4.17598166333e-13,4.03970917319e-14,5.45348949376e-15,7.47262101068e-16,2.53407640923e-16,7.60160255567e-17,2.47488452265e-17,7.92932853651e-18,1.75331146511e-18,4.11750527347e-19,1.40019744494e-19,4.60266460344e-20,1.25816182575e-20],"dvar2":[1.21011020648e-10,8.34947944117e-10,6.09311996413e-7,8.06991238278e-8,5.50170511815e-7,6.08536026903e-7,9.29316090748e-9,2.05945180909e-8,2.63879562645e-9,3.88609677771e-9,5.24690957349e-10,4.49115161727e-10,1.24439203386e-9,7.13487380288e-10,1.43931195851e-8,4.41839054233e-9,4.30181001931e-9,2.22323581767e-9,4.09275502378e-9,3.23944338021e-9,6.9766761257e-9,4.352902927e-9,1.76362524584e-9,1.00394903502e-9,3.76128989066e-10,3.43031852923e-11,5.71684539985e-12,9.37142507693e-13,7.78876746085e-14,1.14984663297e-14,1.68321953174e-15,5.96553552169e-16,1.77544961417e-16,6.01560880081e-17,2.07323605744e-17,4.58040138622e-18,9.64278354458e-19,3.36908569692e-19,1.18469867155e-19,3.31540225678e-20],"max":[0.000199745452846,0.000509717210662,0.00474751507863,0.00307884952053,0.0175249502063,0.0194388981909,0.00213506491855,0.00509541295469,0.000632761279121,0.000770808022935,0.000544172595255,0.000358010205673,0.000434458168456,0.000440820062067,0.00189975008834,0.00108270556666,0.000781173876021,0.00078838824993,0.00108209985774,0.00117163651157,0.00157009728719,0.000601526407991,0.000399932323489,0.000578631646931,0.000195704502403,0.0000620335995336,0.0000387391519325,0.0000119006326713,0.00000449670324087,9.5499035524e-7,5.32233741524e-7,1.97805974267e-7,1.05072430756e-7,7.55850848577e-8,4.48231851635e-8,2.04338075349e-8,1.02916475342e-8,5.53312018425e-9,3.2122040583e-9,1.89643190041e-9],"mean":[0.0000128696410684,0.0000389259330404,0.000403088837629,0.000322472478729,0.00051002780674,0.00098121073097,0.000284888403257,0.000329989910824,0.0000419045136368,0.0000728075610823,0.0000462022653664,0.0000178924256033,0.0000337172423315,0.0000442974705948,0.0000845889444463,0.0000584768386034,0.0000710223612259,0.0000693694164511,0.0000740725881769,0.0000656640331727,0.0000597300677327,0.0000691465320415,0.0000523188973602,0.000032705735066,0.0000220742476813,0.00000686071780365,0.00000230064642892,5.91935759076e-7,2.41289257019e-7,9.27507457504e-8,2.96069924133e-8,1.56256554362e-8,8.13418399304e-9,3.66278363195e-9,1.61457669456e-9,7.4633033087e-10,4.11869593986e-10,2.35856723041e-10,1.31961677696e-10,8.26131107967e-11],"median":[0.00000484445081383,0.000017145244783,0.000169142032973,0.000210826066905,0.000216381857172,0.000493232219014,0.000218831642997,0.000209278892726,0.0000125028518596,0.000045081407734,0.0000288412138616,0.0000110362798296,0.0000206976528716,0.0000281740849459,0.0000321228653775,0.0000317979720421,0.0000475151719002,0.0000492206745548,0.0000349731344613,0.0000311743388011,0.0000308662602038,0.0000490283346153,0.0000403999802074,0.0000217501765292,0.0000157962513185,0.000004506251571,0.00000121146274523,2.49552044806e-7,1.06400491973e-7,5.29535348903e-8,1.65119740103e-8,9.05169894594e-9,4.52103510185e-9,1.86779569589e-9,7.41882555388e-10,3.32792376989e-10,1.61810287391e-10,1.03102179572e-10,6.9143031578e-11,5.32529610686e-11],"min":[2.47013234517e-24,1.11121126338e-24,1.46394785335e-24,1.6064144565e-24,8.25171531739e-25,1.94114786011e-24,2.82747884106e-24,3.07276015118e-24,2.64051703158e-24,2.44204061391e-24,1.44051375408e-24,2.66725310538e-24,2.34922955069e-24,4.06893350508e-24,4.12063426551e-24,4.12261548968e-24,4.04935476627e-24,4.25291716742e-24,2.03259439118e-24,2.37328448348e-24,5.27795040589e-24,3.13046079045e-24,5.37338088175e-24,3.72274347454e-24,5.1202760436e-24,4.84535131281e-24,3.50837289013e-24,4.12579696571e-24,5.49805640351e-24,4.41090983509e-24,4.73769152077e-24,4.84861522481e-24,6.13661327388e-24,7.31896707052e-24,6.56450917824e-24,6.02276013487e-24,5.40670552183e-24,5.95821277459e-24,6.28464302274e-24,4.8293745129e-24],"var":[4.38002467629e-10,3.57899998527e-9,3.24533488083e-7,1.11034403005e-7,8.96938900041e-7,0.00000194656240637,7.26227753489e-8,1.54928031293e-7,5.64211921628e-9,7.18923676146e-9,3.00186053792e-9,7.03106073363e-10,1.5876059356e-9,2.84979329024e-9,3.20281543509e-8,7.22402226927e-9,6.4102501085e-9,5.57421975245e-9,1.37306255255e-8,1.30453248204e-8,9.20464238163e-9,4.7085850774e-9,2.25648610908e-9,1.29466437571e-9,4.76540307215e-10,4.99740561433e-11,1.0727099764e-11,1.01165712092e-12,1.44338723916e-13,1.36917709023e-14,1.64318515476e-15,3.83128063348e-16,1.14036958896e-16,3.02885680874e-17,7.96118987935e-18,1.72284247404e-18,4.85464856882e-19,1.53362038528e-19,4.28081961309e-20,1.13849762935e-20]},"melbands_crest":{"dmean":1.94729936123,"dmean2":3.16977643967,"dvar":2.95443320274,"dvar2":8.56264877319,"max":27.1304988861,"mean":11.052488327,"median":10.4391098022,"min":1.49865067005,"var":16.8597869873},"melbands_flatness_db":{"dmean":0.0162701811641,"dmean2":0.0244711190462,"dvar":0.000266553397523,"dvar2":0.000560506072361,"max":0.509086728096,"mean":0.282590985298,"median":0.276495009661,"min":0.00350154447369,"var":0.00363652268425},"melbands_kurtosis":{"dmean":1.0935022831,"dmean2":1.67816662788,"dvar":1.90004622936,"dvar2":5.03272819519,"max":26.3551177979,"mean":1.47028553486,"median":0.519811868668,"min":-1.83519923687,"var":9.70434188843},"melbands_skewness":{"dmean":0.306916594505,"dmean2":0.45442199707,"dvar":0.0707934647799,"dvar2":0.165343463421,"max":4.05947303772,"mean":1.2602134943,"median":1.25004136562,"min":-0.873826026917,"var":0.586282014847},"melbands_spread":{"dmean":4.96711206436,"dmean2":6.94196891785,"dvar":24.3876934052,"dvar2":50.4362640381,"max":159.999801636,"mean":34.454788208,"median":33.8485679626,"min":1.64143824577,"var":306.022949219},"mfcc":{"cov":[[6265.67724609,1978.84680176,-2089.83740234,890.307250977,203.164703369,-117.195106506,39.4772949219,-19.8076953888,14.0680971146,-105.208091736,46.8838920593,-87.0352859497,-61.3608322144],[1978.84680176,1379.21630859,-48.218082428,217.021942139,285.085998535,131.779937744,47.0105552673,5.17213201523,53.6593208313,-9.8003911972,70.3262557983,38.2341499329,-24.9308452606],[-2089.83740234,-48.218082428,1581.14831543,-143.067596436,82.2180786133,401.770202637,28.6136016846,48.9365386963,136.813110352,108.683273315,70.2205734253,112.887001038,60.9775886536],[890.307250977,217.021942139,-143.067596436,337.10067749,48.9598884583,89.4952850342,64.7212905884,20.1016960144,75.2288131714,37.6212387085,25.5008239746,4.48169183731,25.2406673431],[203.164703369,285.085998535,82.2180786133,48.9598884583,171.848632812,75.4663009644,36.6158485413,36.0737113953,23.1121292114,0.547016263008,32.6837463379,33.5784034729,-7.9310503006],[-117.195106506,131.779937744,401.770202637,89.4952850342,75.4663009644,275.376190186,58.8785171509,23.3312664032,98.9623031616,45.4907875061,39.1090927124,49.0573616028,29.375579834],[39.4772949219,47.0105552673,28.6136016846,64.7212905884,36.6158485413,58.8785171509,117.637245178,27.526720047,23.5696372986,41.1463775635,3.22165369987,0.0323566496372,13.275053978],[-19.8076953888,5.17213201523,48.9365386963,20.1016960144,36.0737113953,23.3312664032,27.526720047,104.337890625,25.4133491516,-14.100276947,32.2329444885,7.6503238678,-5.01029348373],[14.0680971146,53.6593208313,136.813110352,75.2288131714,23.1121292114,98.9623031616,23.5696372986,25.4133491516,123.6743927,49.6364097595,-6.97312402725,26.7195529938,15.9580307007],[-105.208091736,-9.8003911972,108.683273315,37.6212387085,0.547016263008,45.4907875061,41.1463775635,-14.100276947,49.6364097595,103.187026978,16.7387466431,-1.87968373299,19.2043304443],[46.8838920593,70.3262557983,70.2205734253,25.5008239746,32.6837463379,39.1090927124,3.22165369987,32.2329444885,-6.97312402725,16.7387466431,98.4382781982,23.9464359283,-7.8624663353],[-87.0352859497,38.2341499329,112.887001038,4.48169183731,33.5784034729,49.0573616028,0.0323566496372,7.6503238678,26.7195529938,-1.87968373299,23.9464359283,65.2369766235,21.9762973785],[-61.3608322144,-24.9308452606,60.9775886536,25.2406673431,-7.9310503006,29.375579834,13.275053978,-5.01029348373,15.9580307007,19.2043304443,-7.8624663353,21.9762973785,58.4294052124]],"icov":[[0.135246098042,-0.190051212907,0.186222583055,-0.181669950485,0.169257640839,-0.16260945797,0.149940446019,-0.139339327812,0.121456116438,-0.0965654477477,0.0768749341369,-0.0590135827661,0.0348948091269],[-0.190051212907,0.268404394388,-0.261670857668,0.254886031151,-0.24017803371,0.228766188025,-0.210971996188,0.197438687086,-0.171932831407,0.13707382977,-0.109371513128,0.0840881541371,-0.0492778904736],[0.186222583055,-0.261670857668,0.257991224527,-0.248901218176,0.233151346445,-0.226570740342,0.207547113299,-0.193170636892,0.168079853058,-0.135029226542,0.106536507607,-0.0825783610344,0.047902546823],[-0.181669950485,0.254886031151,-0.248901218176,0.249790161848,-0.227678522468,0.216931626201,-0.203277006745,0.188280522823,-0.167419880629,0.131138905883,-0.106537468731,0.0823329389095,-0.0504968613386],[0.169257640839,-0.24017803371,0.233151346445,-0.227678522468,0.224371924996,-0.205975815654,0.186939328909,-0.179659083486,0.156515970826,-0.124241627753,0.0995909124613,-0.0814509540796,0.0485611781478],[-0.16260945797,0.228766188025,-0.226570740342,0.216931626201,-0.205975815654,0.207478627563,-0.185691967607,0.173540815711,-0.155280381441,0.123398192227,-0.0990933477879,0.0746208131313,-0.045164655894],[0.149940446019,-0.210971996188,0.207547113299,-0.203277006745,0.186939328909,-0.185691967607,0.182647839189,-0.163676008582,0.143931373954,-0.119229510427,0.0938331633806,-0.0694334208965,0.04047800228],[-0.139339327812,0.197438687086,-0.193170636892,0.188280522823,-0.179659083486,0.173540815711,-0.163676008582,0.166181460023,-0.141090124846,0.116188623011,-0.0946453735232,0.0721574649215,-0.0415533296764],[0.121456116438,-0.171932831407,0.168079853058,-0.167419880629,0.156515970826,-0.155280381441,0.143931373954,-0.141090124846,0.139552935958,-0.107992209494,0.0883825644851,-0.0705203711987,0.0414123758674],[-0.0965654477477,0.13707382977,-0.135029226542,0.131138905883,-0.124241627753,0.123398192227,-0.119229510427,0.116188623011,-0.107992209494,0.0999976024032,-0.0734623596072,0.0592957064509,-0.0360662378371],[0.0768749341369,-0.109371513128,0.106536507607,-0.106537468731,0.0995909124613,-0.0990933477879,0.0938331633806,-0.0946453735232,0.0883825644851,-0.0734623596072,0.071240670979,-0.0511922352016,0.0316551886499],[-0.0590135827661,0.0840881541371,-0.0825783610344,0.0823329389095,-0.0814509540796,0.0746208131313,-0.0694334208965,0.0721574649215,-0.0705203711987,0.0592957064509,-0.0511922352016,0.0623158998787,-0.0326469093561],[0.0348948091269,-0.0492778904736,0.047902546823,-0.0504968613386,0.0485611781478,-0.045164655894,0.04047800228,-0.0415533296764,0.0414123758674,-0.0360662378371,0.0316551886499,-0.0326469093561,0.0381773300469]],"mean":[-739.528137207,199.388961792,-97.4176330566,24.2524662018,15.06828022,-32.8362579346,-18.1344261169,-18.482585907,-23.4504432678,-17.115398407,-3.10131692886,-6.33872747421,-6.58758163452]},"pitch_salience":{"dmean":0.0437126494944,"dmean2":0.0693002417684,"dvar":0.00134628429078,"dvar2":0.00341857550666,"max":0.95300078392,"mean":0.58044064045,"median":0.580063760281,"min":0.253159433603,"var":0.00577127421275},"silence_rate_20dB":{"dmean":0,"dmean2":0,"dvar":0,"dvar2":0,"max":1,"mean":1,"median":1,"min":1,"var":0},"silence_rate_30dB":{"dmean":0.000657030206639,"dmean2":0.00131449231412,"dvar":0.000656611751765,"dvar2":0.0013127468992,"max":1,"mean":0.999014794827,"median":1,"min":0,"var":0.000984246027656},"silence_rate_60dB":{"dmean":0.0197109058499,"dmean2":0.0394347682595,"dvar":0.0193229205906,"dvar2":0.0444532446563,"max":1,"mean":0.122167490423,"median":0,"min":0,"var":0.107241153717},"spectral_centroid":{"dmean":164.747283936,"dmean2":239.328720093,"dvar":52778.0703125,"dvar2":107358.539062,"max":11785.8896484,"mean":1698.87426758,"median":1599.98474121,"min":273.731231689,"var":1452089.625},"spectral_complexity":{"dmean":2.070302248,"dmean2":3.33519554138,"dvar":3.53048753738,"dvar2":7.98168754578,"max":37,"mean":20.8098526001,"median":22,"min":0,"var":56.2085494995},"spectral_contrast_coeffs":{"dmean":[0.0391128994524,0.03554751724,0.0268159750849,0.0275660417974,0.02004301548,0.0210182480514],"dmean2":[0.0690791979432,0.0548263788223,0.0412979535758,0.0448477715254,0.0318587459624,0.0350694432855],"dvar":[0.000934620155022,0.000968920649029,0.000501698406879,0.000557506864425,0.000300148647511,0.000344124040566],"dvar2":[0.00277065765113,0.0022824620828,0.00122208707035,0.00131571025122,0.000713995425031,0.000948802509811],"max":[-0.314126372337,-0.354618370533,-0.567624092102,-0.526502251625,-0.548176348209,-0.627287268639],"mean":[-0.538566052914,-0.61142385006,-0.731667399406,-0.70410490036,-0.639999687672,-0.732782185078],"median":[-0.531977832317,-0.606936216354,-0.733294665813,-0.702000558376,-0.625822305679,-0.720593869686],"min":[-0.97704064846,-0.973269820213,-0.973120093346,-0.968462646008,-0.963624894619,-0.967017829418],"var":[0.0084780389443,0.00573090603575,0.00317543046549,0.0032879919745,0.00427364883944,0.00288683944382]},"spectral_contrast_valleys":{"dmean":[0.282356142998,0.28500571847,0.239137947559,0.249800875783,0.235851615667,0.31289473176],"dmean2":[0.463068008423,0.463990986347,0.392472535372,0.405062317848,0.361421793699,0.525991499424],"dvar":[0.123249948025,0.144040867686,0.121368721128,0.125013783574,0.125292465091,0.12530426681],"dvar2":[0.277371972799,0.287331163883,0.233755528927,0.240091770887,0.232505649328,0.289199054241],"max":[-7.01085281372,-5.3858757019,-6.55754041672,-6.07064437866,-7.04930877686,-12.0227165222],"mean":[-9.42312717438,-7.70708322525,-8.291888237,-8.10799026489,-8.93241500854,-13.8148145676],"median":[-8.72808837891,-7.20897388458,-7.81482696533,-7.59964227676,-8.50986194611,-13.6649913788],"min":[-28.1355762482,-28.0384311676,-27.5659503937,-27.6833152771,-27.4904594421,-27.4033508301],"var":[6.09820127487,6.36231899261,5.65035533905,5.978992939,5.36501502991,2.69855618477]},"spectral_decrease":{"dmean":7.02118918561e-10,"dmean2":1.0647949189e-9,"dvar":1.14770617228e-18,"dvar2":2.28573350421e-18,"max":2.06934263251e-28,"mean":-3.94138277571e-9,"median":-3.19998672005e-9,"min":-3.72887818401e-8,"var":1.18567109474e-17},"spectral_energy":{"dmean":0.00287509267218,"dmean2":0.00432553282008,"dvar":0.0000182389139809,"dvar2":0.0000359855766874,"max":0.147730216384,"mean":0.0163702853024,"median":0.0133503554389,"min":1.02936237585e-20,"var":0.000197594315978},"spectral_energyband_high":{"dmean":0.00000498146619066,"dmean2":0.00000741232634027,"dvar":7.57190768419e-11,"dvar2":1.6178915152e-10,"max":0.000173040214577,"mean":0.0000117716790555,"median":0.00000694734080753,"min":7.27630718302e-21,"var":2.19001830559e-10},"spectral_energyband_low":{"dmean":0.000171613661223,"dmean2":0.000326020643115,"dvar":6.43276507617e-8,"dvar2":2.32520434906e-7,"max":0.00239779613912,"mean":0.000319749990012,"median":0.000202674520551,"min":2.16876259082e-23,"var":1.41848374824e-7},"spectral_energyband_middle_high":{"dmean":0.00135021028109,"dmean2":0.00189187482465,"dvar":0.00000296109215014,"dvar2":0.00000560024545848,"max":0.0388905182481,"mean":0.00632696365938,"median":0.00502010760829,"min":1.25857771827e-21,"var":0.0000289102354145},"spectral_energyband_middle_low":{"dmean":0.00226277927868,"dmean2":0.00349535280839,"dvar":0.0000149334046,"dvar2":0.000030493025406,"max":0.12834584713,"mean":0.00990522745997,"median":0.00751827657223,"min":1.9042333586e-22,"var":0.0000989778418443},"spectral_entropy":{"dmean":0.0922037959099,"dmean2":0.146190717816,"dvar":0.0104961358011,"dvar2":0.0231788307428,"max":9.82595539093,"mean":6.81965875626,"median":6.85506772995,"min":5.08901166916,"var":0.224551960826},"spectral_flux":{"dmean":0.00917831901461,"dmean2":0.0146258706227,"dvar":0.000104832361103,"dvar2":0.000269709300483,"max":0.167375817895,"mean":0.0433967672288,"median":0.0426632091403,"min":6.54295020941e-11,"var":0.000517374195624},"spectral_kurtosis":{"dmean":9.34510326385,"dmean2":16.8037757874,"dvar":58.603061676,"dvar2":179.299041748,"max":117.911254883,"mean":15.4378976822,"median":12.2882480621,"min":-1.23922729492,"var":207.048278809},"spectral_rms":{"dmean":0.000322563544614,"dmean2":0.000480873975903,"dvar":1.21328383784e-7,"dvar2":2.43333147409e-7,"max":0.0120052918792,"mean":0.0036311831791,"median":0.00360897998326,"min":3.16899978481e-12,"var":0.00000278551146948},"spectral_rolloff":{"dmean":206.963806152,"dmean2":333.747650146,"dvar":137810.625,"dvar2":271481.9375,"max":19638.28125,"mean":2348.42504883,"median":2239.453125,"min":322.998046875,"var":4096852.75},"spectral_skewness":{"dmean":0.72081798315,"dmean2":1.2964733839,"dvar":0.331916183233,"dvar2":1.04621875286,"max":8.3383398056,"mean":1.54454290867,"median":1.25713455677,"min":-0.0898794978857,"var":1.42809689045},"spectral_spread":{"dmean":162564.25,"dmean2":275134.1875,"dvar":526048690176,"dvar2":897738342400,"max":41862176,"mean":2046586.375,"median":1517583.75,"min":705317.875,"var":20422074564600},"spectral_strongpeak":{"dmean":0.489433288574,"dmean2":0.83316642046,"dvar":0.698014736176,"dvar2":1.68093705177,"max":6.77988624573,"mean":1.10487675667,"median":0.786946177483,"min":1.27002644512e-10,"var":1.04737186432},"zerocrossingrate":{"dmean":0.005386011675,"dmean2":0.00646013906226,"dvar":0.000106535022496,"dvar2":0.000226230578846,"max":0.52587890625,"mean":0.0679709985852,"median":0.0625,"min":0.00244140625,"var":0.00289741414599}},"metadata":{"audio_properties":{"analysis_sample_rate":44100,"bit_rate":0,"codec":"flac","downmix":"mix","equal_loudness":0,"length":70.6666641235,"lossless":true,"md5_encoded":"607a6d3563f3355821c03fcc521d422f","replay_gain":0.437906265259},"tags":{"acoustid_id":["4bc23a68-0413-4b32-936b-db51f7d7bbd5"],"album":["Bad Moon Rising"],"albumartist":["Sonic Youth"],"albumartistsort":["Sonic Youth"],"artist":["Sonic Youth"],"artists":["Sonic Youth"],"artistsort":["Sonic Youth"],"catalognumber":["BFFP 1 CD"],"date":["1986-11"],"engineer":["Martin Bisi"],"file_name":"01 - Intro.flac","label":["Blast First"],"media":["CD"],"musicbrainz_albumartistid":["5cbef01b-cc35-4f52-af7b-d0df0c4f61b9"],"musicbrainz_albumid":["6e10bfbe-a350-4457-be0b-b23e479abac8"],"musicbrainz_artistid":["5cbef01b-cc35-4f52-af7b-d0df0c4f61b9"],"musicbrainz_recordingid":["9ea442f9-d2c5-4cf4-a4af-a8c8c1fe628e"],"musicbrainz_releasegroupid":["74e5dba6-af28-346b-80b8-4559ef0c1d4f"],"musicbrainz_releasetrackid":["2be162e7-1a94-45f6-bc0e-c8327d0edb14"],"originaldate":["1985"],"releasecountry":["GB"],"releasestatus":["official"],"releasetype":["album"],"script":["Latn"],"title":["Intro"],"totaltracks":["12"],"tracknumber":["1"],"tracktotal":["12"]},"version":{"essentia":"2.1-beta1","essentia_build_sha":"85931cb11b241c07ac43bfc3827c398894034a25","essentia_git_sha":"v2.1_beta1-6-g5578087","extractor":"music 1.0"}},"rhythm":{"beats_count":146,"beats_loudness":{"dmean":0.00794006418437,"dmean2":0.0134185869247,"dvar":0.00008205803897,"dvar2":0.00020581066201,"max":0.0758510231972,"mean":0.0191808827221,"median":0.0164355766028,"min":0,"var":0.000213967126911},"beats_loudness_band_ratio":{"dmean":[0.0560083650053,0.122630298138,0.100035861135,0.0608722083271,0.132195562124,0.0266887079924],"dmean2":[0.100165948272,0.19450776279,0.168104991317,0.100079126656,0.21777535975,0.0497605204582],"dvar":[0.00452412711456,0.0103354817256,0.00648362096399,0.00222100690007,0.0116089293733,0.0011192393722],"dvar2":[0.0140589624643,0.0271545313299,0.0180449075997,0.00661584222689,0.0348278023303,0.0030