{"lowlevel":{"average_loudness":0.759972274303,"barkbands":{"dmean":[0.00315568293445,0.00972462911159,0.00245183776133,0.00153469806537,0.00299875973724,0.00196187128313,0.00114519172348,0.000436592818005,0.000620008213446,0.000419493153458,0.000186824443517,0.000224918621825,0.000139979354572,0.0000931879476411,0.0000715105634299,0.0000433455461462,0.0000365957675967,0.0000397091716877,0.0000322320411215,0.0000408975938626,0.0000537780761078,0.0000193756859517,0.00000871835254657,0.00000528809869138,0.00000240043641497,0.0000139519015647,0.000124422760564],"dmean2":[0.00541539071128,0.0163910575211,0.00417696777731,0.00257896399125,0.00487598963082,0.00311438576318,0.00182249362115,0.000700065807905,0.000971672940068,0.000669101253152,0.000301748601487,0.000366744614439,0.000231832222198,0.000157008224051,0.000117045572551,0.0000707165745553,0.0000586601672694,0.0000616452743998,0.000050350503443,0.000060164838942,0.0000755665023462,0.0000278283241641,0.0000129169256979,0.00000821426874609,0.00000395008873966,0.0000202682167583,0.000188185455045],"dvar":[0.0000473931359011,0.000196405511815,0.0000172076561284,0.00000568629275222,0.0000239324672293,0.0000189516558748,0.00000993341200228,0.0000017754404098,0.00000328019336848,0.0000012831942513,3.3673805433e-7,4.17281654563e-7,6.66188526566e-8,2.81062852991e-8,1.7544669717e-8,8.90900508921e-9,6.08098194022e-9,8.96225316183e-9,7.29145765987e-9,2.41115891697e-8,5.46538991841e-8,2.79683809445e-9,4.02159666679e-10,8.64988497495e-11,1.6190288693e-11,1.51176071661e-9,5.64515900692e-8],"dvar2":[0.000129767751787,0.000548343232367,0.0000467541176477,0.0000147318296513,0.0000599267805228,0.000046201486839,0.0000249843706115,0.00000432103206549,0.00000772608382249,0.00000318529100696,9.03910461147e-7,0.00000103134857454,1.73946588689e-7,7.79458275701e-8,4.57433202428e-8,2.16113082985e-8,1.42103582235e-8,2.00799394889e-8,1.72887926198e-8,4.72234340521e-8,1.14797465756e-7,5.26948706892e-9,7.76477604436e-10,1.91918786419e-10,4.22158419333e-11,2.56294852008e-9,1.1836564795e-7],"max":[0.138850912452,0.20045556128,0.108921669424,0.0384201593697,0.0915654674172,0.107292957604,0.0801243409514,0.0485827103257,0.0453025326133,0.0249475836754,0.0205422993749,0.0209387987852,0.0071678981185,0.00375033193268,0.00344728608616,0.0037568451371,0.00196354906075,0.00415924750268,0.00350364088081,0.00696939509362,0.00934058148414,0.00190553592984,0.00108587869909,0.000283481233055,0.0000586742462474,0.00300578004681,0.00827076286077],"mean":[0.00470980815589,0.0170166157186,0.00345437624492,0.00226346566342,0.00519904121757,0.00342292222194,0.00191822915804,0.000643998442683,0.00101551343687,0.000669963192195,0.000292972312309,0.00038519865484,0.000247957214015,0.000168753205799,0.000135151422,0.000076591168181,0.000064725500124,0.0000726723883417,0.0000554102880415,0.0000747309677536,0.0000970422843238,0.0000329379035975,0.0000134329065986,0.00000712957717042,0.00000262043340626,0.0000216419648496,0.000322841457091],"median":[0.00238828733563,0.0115936435759,0.00161529169418,0.00118500599638,0.00276959687471,0.000976377981715,0.000274788209936,0.000156455120305,0.000164849567227,0.000168482525623,0.0000999380790745,0.000110410474008,0.000120312040963,0.0000692008252372,0.0000626688852208,0.0000254969363596,0.0000250795692409,0.0000215988948185,0.0000170646799234,0.0000196973560378,0.0000183803749678,0.00000933071260079,0.00000406137132813,0.00000251816572927,0.00000109842267193,0.00000557328030482,0.000171190447873],"min":[6.43523374779e-13,1.13878687296e-13,2.05062407484e-13,3.31617220663e-13,6.04123793092e-13,9.16736575974e-14,1.57013453888e-12,9.77713461407e-14,1.35613091937e-13,5.21156306044e-13,5.01453804695e-13,4.75675759632e-13,4.44913447447e-13,3.17091052851e-13,3.30977432961e-13,1.34678162719e-12,2.13685102599e-12,1.02253459606e-12,2.24290182781e-12,2.36587160453e-12,2.3115290064e-12,3.17462028887e-12,4.79359564196e-12,5.31430368461e-12,5.23012579426e-12,1.16671793754e-11,1.41600385931e-11],"var":[0.0000517311636941,0.00034671818139,0.0000314515709761,0.00000952913524088,0.0000504038289364,0.0000426763581345,0.0000235520346905,0.00000299136854665,0.00000747915055399,0.000002759180461,6.39049233087e-7,9.78652224148e-7,1.44109847611e-7,6.32809431522e-8,3.93382464381e-8,1.9379157834e-8,1.38099887081e-8,2.29036913879e-8,1.73149850013e-8,7.25347035768e-8,1.66027703585e-7,8.49862225039e-9,1.34558164611e-9,1.81086812212e-10,1.82055030773e-11,6.63644295074e-9,2.38598005353e-7]},"barkbands_crest":{"dmean":2.91189265251,"dmean2":4.84328508377,"dvar":6.36675453186,"dvar2":17.6928138733,"max":25.7666873932,"mean":13.0876016617,"median":12.6132354736,"min":3.33628797531,"var":21.0893707275},"barkbands_flatness_db":{"dmean":0.032906010747,"dmean2":0.0509920679033,"dvar":0.000848663970828,"dvar2":0.00201999396086,"max":0.583674430847,"mean":0.203541889787,"median":0.193034023046,"min":0.0384863838553,"var":0.00447662593797},"barkbands_kurtosis":{"dmean":14.2173538208,"dmean2":22.4537639618,"dvar":710.744689941,"dvar2":1755.54370117,"max":1342.47167969,"mean":31.664686203,"median":17.8900966644,"min":-1.91436254978,"var":2199.82495117},"barkbands_skewness":{"dmean":0.978668689728,"dmean2":1.53395342827,"dvar":1.07554864883,"dvar2":2.61782717705,"max":28.5632991791,"mean":3.94558811188,"median":3.45259714127,"min":-1.81141638756,"var":4.89792203903},"barkbands_spread":{"dmean":4.88767242432,"dmean2":7.49977350235,"dvar":60.0994911194,"dvar2":121.369621277,"max":121.834350586,"mean":13.0019893646,"median":9.8699760437,"min":0.106197223067,"var":174.697067261},"dissonance":{"dmean":0.0225270390511,"dmean2":0.0373801216483,"dvar":0.00050177925732,"dvar2":0.00137536483817,"max":0.499999940395,"mean":0.454108774662,"median":0.463034033775,"min":0.238484919071,"var":0.0012120117899},"dynamic_complexity":4.57919168472,"erbbands":{"dmean":[0.40862801671,1.89511263371,3.01067638397,3.85862207413,4.93531894684,13.2503118515,16.2481842041,16.2483901978,17.3575973511,11.6178092957,9.42274951935,14.1747198105,15.6676702499,8.91416358948,7.29705190659,7.31186103821,6.06883764267,4.97178554535,3.36336827278,3.67917466164,1.8533475399,1.97311842442,2.17583870888,1.74620521069,1.61353754997,1.96927630901,2.1619925499,1.96647763252,0.77435541153,0.360515475273,0.234258785844,0.14264382422,0.0710007324815,0.0280080549419,0.0171571783721,0.0180708095431,0.0317568928003,0.027341235429,0.0169103648514,0.00354441069067],"dmean2":[0.68717443943,3.20964956284,5.14434671402,6.55971050262,8.13858032227,21.6863155365,26.4506263733,25.7484474182,27.5315093994,18.7178916931,14.9318418503,22.2727127075,24.7926445007,14.2916526794,11.9032716751,11.9751386642,10.0329055786,8.27910709381,5.53115415573,5.93907403946,2.97817778587,3.12296891212,3.36295366287,2.72329640388,2.46232938766,2.91921401024,3.06333875656,2.80928277969,1.10854458809,0.519587397575,0.349492907524,0.216894596815,0.111712820828,0.045813139528,0.0281419754028,0.0282267741859,0.0460164435208,0.038071539253,0.0240293312818,0.00563101144508],"dvar":[0.495287835598,6.74290513992,21.8008785248,35.6696014404,64.5322341919,498.930541992,1095.13769531,1479.27416992,2189.87866211,1384.56384277,847.392333984,2077.88500977,2265.20214844,774.079040527,297.572723389,323.664642334,128.547958374,74.5810317993,39.9771881104,50.3644561768,14.6562347412,18.7070045471,27.1589717865,20.470331192,18.1830368042,59.2192573547,87.0991439819,74.6415481567,4.99518918991,0.671513795853,0.304369479418,0.0777777656913,0.0136821521446,0.00206842250191,0.000814344792161,0.000872173462994,0.00923851598054,0.00512010464445,0.00321261608042,0.0000214669780689],"dvar2":[1.39211773872,18.7498703003,60.4796676636,93.9849243164,168.050033569,1284.79394531,2729.57177734,3570.51293945,5479.17626953,3489.77832031,2139.61572266,4851.38525391,5433.42529297,1981.66809082,787.757324219,810.639709473,330.721496582,206.874420166,108.506904602,130.313049316,36.279750824,43.1514320374,60.9090156555,47.5425300598,38.4075584412,122.587669373,170.970291138,168.670135498,9.32787799835,1.2471293211,0.601596176624,0.158274948597,0.0318607985973,0.00537547050044,0.00212171953171,0.00199750787579,0.0158569850028,0.00889726635069,0.00611926941201,0.0000523916714883],"max":[10.7636260986,51.1032791138,98.5854492188,99.068321228,180.008453369,419.786560059,807.165283203,1368.38586426,1235.09643555,1003.55578613,879.672668457,1300.43798828,1151.45678711,966.97088623,461.213928223,548.12701416,373.067382812,142.241500854,142.171966553,181.47718811,100.347442627,118.811248779,244.614379883,181.494003296,162.369644165,363.808807373,303.551147461,474.158599854,97.2699813843,36.6789741516,31.0980129242,11.9986810684,2.48495554924,0.657927930355,0.416765272617,0.729713141918,7.98289966583,2.89840316772,2.23357415199,0.0990302786231],"mean":[0.69299775362,2.9914894104,4.63509893417,6.15996742249,8.63153839111,21.4909954071,25.8869667053,29.177778244,29.134513855,19.7147541046,15.8532857895,23.3747825623,24.9300441742,15.5079460144,13.1629247665,13.3768053055,11.2707538605,9.84584522247,6.91462421417,7.05435323715,3.63873553276,3.67062878609,4.08821105957,3.1438574791,2.88765716553,3.55092978477,3.93350124359,3.40436887741,1.35324251652,0.592285335064,0.358704000711,0.201955065131,0.0917085111141,0.0319735817611,0.0191672574729,0.0236799698323,0.0487110130489,0.0481535792351,0.0344781056046,0.0153350448236],"median":[0.384524106979,1.93353044987,2.54918885231,3.59427547455,5.27349376678,10.0945129395,9.71279716492,7.34308958054,4.62746334076,3.91849899292,3.61222600937,3.73804092407,6.11698102951,4.4117565155,4.89182376862,4.83291339874,5.62420701981,4.64340782166,3.19500494003,3.02519917488,1.43233656883,1.40974533558,1.30078697205,0.977484166622,0.873784720898,0.931464910507,0.813132166862,0.642786085606,0.371297419071,0.18297983706,0.108782187104,0.063563361764,0.036025904119,0.0150575917214,0.00826241075993,0.0101804789156,0.0113136433065,0.0129194706678,0.0108900368214,0.0112515930086],"min":[8.0731263688e-12,1.68084990371e-11,1.73657810354e-10,7.43932304648e-10,1.84513415658e-9,1.78720649391e-9,1.29398292081e-9,1.22365073629e-9,1.63847744261e-8,1.69202500899e-8,2.37241915002e-9,2.20279638974e-9,7.17402581785e-9,2.87286141543e-8,1.71892455825e-8,1.69555036678e-8,1.67894143033e-8,2.35473915922e-8,1.40956633032e-8,5.15583167271e-8,7.23870456909e-8,1.10702735867e-7,4.45642278635e-8,1.14440375398e-7,1.03924641337e-7,1.16326411614e-7,9.56508117156e-8,1.03746785385e-7,1.30305991775e-7,1.15569648074e-7,1.46990771555e-7,1.02195187424e-7,8.21050889499e-8,4.25767154866e-8,5.16961584651e-8,4.1379820459e-8,2.3058134957e-8,7.29153670775e-9,2.40355557679e-9,1.85586004897e-10],"var":[0.729346513748,11.8444433212,38.0153045654,60.4263496399,116.559524536,997.728393555,1864.71020508,3691.45532227,4664.47363281,3004.27880859,1675.41271973,4550.08154297,4536.24902344,1690.01074219,637.157775879,786.926696777,289.092193604,189.169067383,94.6838531494,117.346382141,37.5688514709,44.3575592041,68.7735214233,50.1623916626,55.3908805847,163.35496521,284.064117432,189.639389038,15.5302381516,2.13344669342,1.00982654095,0.232255443931,0.022418892011,0.00238991854712,0.000935463991482,0.00150347338058,0.0404725335538,0.0183253623545,0.0110946660861,0.000190386461327]},"erbbands_crest":{"dmean":2.64379525185,"dmean2":4.31172943115,"dvar":5.80394983292,"dvar2":14.6068248749,"max":29.4394664764,"mean":9.45004463196,"median":8.53069496155,"min":2.22367691994,"var":19.1353302002},"erbbands_flatness_db":{"dmean":0.0243027005345,"dmean2":0.0365896075964,"dvar":0.000490724749397,"dvar2":0.0011337287724,"max":0.357989758253,"mean":0.140869513154,"median":0.135565578938,"min":0.028469691053,"var":0.00262738554738},"erbbands_kurtosis":{"dmean":1.5913271904,"dmean2":2.4909658432,"dvar":8.87743854523,"dvar2":20.8411483765,"max":105.87260437,"mean":1.81750702858,"median":0.478512138128,"min":-1.84468841553,"var":27.3552360535},"erbbands_skewness":{"dmean":0.449466526508,"dmean2":0.674558520317,"dvar":0.194687694311,"dvar2":0.399948835373,"max":7.84212398529,"mean":0.823483407497,"median":0.759384036064,"min":-3.19136476517,"var":1.07383346558},"erbbands_spread":{"dmean":8.9664478302,"dmean2":13.275097847,"dvar":114.521446228,"dvar2":226.387283325,"max":197.688858032,"mean":36.8586082458,"median":29.9122505188,"min":2.73139357567,"var":556.769714355},"gfcc":{"cov":[[15005.1347656,127.947677612,-1992.10412598,-202.08430481,-532.878417969,-1089.70898438,307.060424805,-62.8469200134,525.696899414,470.000946045,226.78515625,479.866088867,124.835670471],[127.947677612,1231.39904785,-61.1038284302,-697.814147949,38.7229614258,-23.2231731415,-128.510498047,-81.2658462524,49.2960586548,-18.2580089569,133.352706909,-101.794410706,159.965835571],[-1992.10412598,-61.1038284302,573.762817383,136.019790649,19.5943641663,219.385238647,-42.6038894653,31.1427669525,-90.8391265869,-45.5683059692,-30.3534507751,-50.2720756531,-20.7981185913],[-202.08430481,-697.814147949,136.019790649,726.078063965,96.4683685303,7.0510020256,193.4427948,57.7464485168,6.81472539902,12.3601551056,-110.325874329,59.8163299561,-117.567771912],[-532.878417969,38.7229614258,19.5943641663,96.4683685303,243.08354187,75.926612854,60.0722923279,-39.6507148743,-8.95203304291,-45.5094680786,-6.24511861801,-20.8219432831,-5.37462854385],[-1089.70898438,-23.2231731415,219.385238647,7.0510020256,75.926612854,271.342956543,-30.3048839569,39.8054466248,-72.2579879761,-27.1249256134,-9.53666305542,-34.6013793945,3.83126163483],[307.060424805,-128.510498047,-42.6038894653,193.4427948,60.0722923279,-30.3048839569,203.634384155,19.1193504333,57.2407722473,12.4766321182,-17.3033046722,41.5708618164,-35.2324638367],[-62.8469200134,-81.2658462524,31.1427669525,57.7464485168,-39.6507148743,39.8054466248,19.1193504333,139.579086304,32.7740745544,30.3951263428,-10.9264144897,-3.50069785118,-6.36500597],[525.696899414,49.2960586548,-90.8391265869,6.81472539902,-8.95203304291,-72.2579879761,57.2407722473,32.7740745544,105.469741821,50.8175354004,11.7544517517,16.631067276,-4.30935144424],[470.000946045,-18.2580089569,-45.5683059692,12.3601551056,-45.5094680786,-27.1249256134,12.4766321182,30.3951263428,50.8175354004,79.4640808105,27.1037693024,23.5951042175,3.01306223869],[226.78515625,133.352706909,-30.3534507751,-110.325874329,-6.24511861801,-9.53666305542,-17.3033046722,-10.9264144897,11.7544517517,27.1037693024,74.2232971191,21.6453590393,30.3518390656],[479.866088867,-101.794410706,-50.2720756531,59.8163299561,-20.8219432831,-34.6013793945,41.5708618164,-3.50069785118,16.631067276,23.5951042175,21.6453590393,75.0887145996,7.33199834824],[124.835670471,159.965835571,-20.7981185913,-117.567771912,-5.37462854385,3.83126163483,-35.2324638367,-6.36500597,-4.30935144424,3.01306223869,30.3518390656,7.33199834824,73.422744751]],"icov":[[0.00019363372121,-0.000175321780262,0.000559791922569,-0.000195182175958,0.000347059918568,0.0000649988069199,-0.0000357201279257,0.000122286088299,-0.00000765378990764,-0.000484187708935,0.000097383854154,-0.000663482642267,-0.0000403213198297],[-0.000175321780262,0.0035128055606,-0.00137405504938,0.00252558616921,-0.00126175582409,0.000742921838537,-0.000997612369247,0.000883522152435,-0.00272915232927,0.00135088386014,-0.00259008863941,0.00484039355069,-0.00386191206053],[0.000559791922569,-0.00137405504938,0.00531164417043,-0.00313636986539,0.00338188419119,-0.00309671158902,0.000637332501356,0.000978780444711,-0.000153632383444,0.00105522212107,-0.00196823477745,0.0000802773429314,0.0000775089574745],[-0.000195182175958,0.00252558616921,-0.00313636986539,0.00739610893652,-0.00507274456322,0.00323729938827,-0.00260638701729,-0.00204023369588,0.00262274546549,-0.00484910327941,0.00630567595363,-0.00294362474233,0.00185631634668],[0.000347059918568,-0.00126175582409,0.00338188419119,-0.00507274456322,0.0109791653231,-0.00544113200158,-0.00124105298892,0.00468810182065,-0.00519502814859,0.00747408438474,-0.00661652768031,0.00476911384612,-0.00246003782377],[0.0000649988069199,0.000742921838537,-0.00309671158902,0.00323729938827,-0.00544113200158,0.00982165895402,-0.000907116918825,-0.00467747729272,0.00726994080469,-0.00559118296951,0.00311439856887,-0.00154424249195,0.000348726403899],[-0.0000357201279257,-0.000997612369247,0.000637332501356,-0.00260638701729,-0.00124105298892,-0.000907116918825,0.010113411583,-0.00052598118782,-0.0052369623445,0.0029871573206,0.000401500117732,-0.0051871757023,0.00292724953033],[0.000122286088299,0.000883522152435,0.000978780444711,-0.00204023369588,0.00468810182065,-0.00467747729272,-0.00052598118782,0.0124505143613,-0.00765274371952,0.00104100105818,-0.0021840154659,0.00508201727644,-0.00380484224297],[-0.00000765378990764,-0.00272915232927,-0.000153632383444,0.00262274546549,-0.00519502814859,0.00726994080469,-0.0052369623445,-0.00765274371952,0.0289672762156,-0.0177545435727,0.00789523404092,-0.00507508823648,0.00585088226944],[-0.000484187708935,0.00135088386014,0.00105522212107,-0.00484910327941,0.00747408438474,-0.00559118296951,0.0029871573206,0.00104100105818,-0.0177545435727,0.0341790281236,-0.0170080047101,0.00579487578943,-0.00321560143493],[0.000097383854154,-0.00259008863941,-0.00196823477745,0.00630567595363,-0.00661652768031,0.00311439856887,0.000401500117732,-0.0021840154659,0.00789523404092,-0.0170080047101,0.0350566767156,-0.0179852452129,0.00283878250048],[-0.000663482642267,0.00484039355069,0.0000802773429314,-0.00294362474233,0.00476911384612,-0.00154424249195,-0.0051871757023,0.00508201727644,-0.00507508823648,0.00579487578943,-0.0179852452129,0.0359378457069,-0.0124168600887],[-0.0000403213198297,-0.00386191206053,0.0000775089574745,0.00185631634668,-0.00246003782377,0.000348726403899,0.00292724953033,-0.00380484224297,0.00585088226944,-0.00321560143493,0.00283878250048,-0.0124168600887,0.0265149641782]],"mean":[-49.3677864075,107.159637451,-53.1686134338,3.51361131668,-11.9648132324,-9.36204147339,-1.89303612709,-19.2381839752,-6.75832557678,-6.55780076981,-4.39844703674,-2.77212047577,-2.73847532272]},"hfc":{"dmean":93.9782485962,"dmean2":154.805435181,"dvar":15588.9980469,"dvar2":39365.0429688,"max":2638.84838867,"mean":309.039306641,"median":234.693878174,"min":6.88254317538e-7,"var":84438.171875},"melbands":{"dmean":[0.00312859890983,0.00177956337575,0.000652882328723,0.000588347495068,0.000591069692746,0.00036529742647,0.000248129770625,0.000117337069241,0.0000818730768515,0.0000927466462599,0.0000787255703472,0.0000379852790502,0.0000224514878937,0.0000295068111882,0.0000126654094856,0.0000151264548549,0.00000948378419707,0.00000602734871791,0.00000604347223998,0.00000396764062316,0.00000204879916055,0.00000207033122024,0.00000238699817601,0.00000192077050087,0.0000014694606989,0.00000121857942759,0.00000131135675474,0.00000139244116326,0.00000136274695706,0.00000152255961439,0.00000108103802177,5.01610315951e-7,2.62017579189e-7,1.85830870691e-7,1.41728492054e-7,1.12893957294e-7,8.0963253879e-8,5.5966768997e-8,3.18650492659e-8,2.1535475625e-8],"dmean2":[0.00526381237432,0.00301430444233,0.00109927577432,0.000966042221989,0.000953630194999,0.000576897291467,0.000395052105887,0.000188438119949,0.000130916756461,0.000146493359352,0.000124860001961,0.0000609994422121,0.0000366414496966,0.0000477999055875,0.0000210996258829,0.0000251071651292,0.0000159532282851,0.0000100751485661,0.00000993703270069,0.00000646689841233,0.00000331738647219,0.00000333619868798,0.00000377354513148,0.00000303390243062,0.00000233713899433,0.00000190738705896,0.00000201313241632,0.00000211786300497,0.00000197260965251,0.00000223012398237,0.00000158182092491,7.3453333016e-7,3.87751640574e-7,2.75431574437e-7,2.14218928818e-7,1.73082767674e-7,1.25510581483e-7,8.8493393946e-8,5.15087243969e-8,3.55347111736e-8],"dvar":[0.0000247949155892,0.00000619576803729,9.72918314801e-7,7.96217761945e-7,0.0000012580225075,6.73719341648e-7,4.38352202536e-7,1.3415626654e-7,6.53880505297e-8,8.55708037761e-8,5.51430581197e-8,1.24449535122e-8,2.97601254751e-9,8.22374346399e-9,6.97090329904e-10,8.96482610369e-10,2.82236706228e-10,1.4842849172e-10,1.34691480191e-10,7.26749008195e-11,1.90314569659e-11,2.14872824394e-11,3.04781686e-11,2.35255512987e-11,1.56476810675e-11,1.04665833292e-11,1.65553595138e-11,3.42439201995e-11,3.78646905497e-11,4.75854390614e-11,2.25824896977e-11,2.17962887322e-12,4.31282125898e-13,1.8000623778e-13,1.15514517981e-13,7.69669362423e-14,2.39927367795e-14,9.41147370947e-15,2.4106998136e-15,1.36427118128e-15],"dvar2":[0.0000692842440913,0.0000172164509422,0.00000254376482189,0.00000208950223168,0.00000310205177811,0.00000164075186149,0.00000110614018922,3.33713757072e-7,1.65121846862e-7,2.00371047754e-7,1.32874504288e-7,3.16362935848e-8,8.06520183971e-9,2.01426324509e-8,1.79939518841e-9,2.38602804181e-9,7.85659592939e-10,4.17348711146e-10,3.54790696822e-10,1.78752040947e-10,4.7087458932e-11,5.14303911958e-11,6.9896595456e-11,5.55544707459e-11,3.81970531593e-11,2.46856545622e-11,3.66110371186e-11,7.26022852948e-11,7.65719015972e-11,1.09143423466e-10,5.33505045697e-11,4.31994804512e-12,9.08506885174e-13,3.59168668114e-13,2.36977836443e-13,1.58785934705e-13,5.26177747749e-14,2.20469631863e-14,6.03925555195e-15,3.56284207527e-15],"max":[0.0722423195839,0.0479782409966,0.0145265730098,0.0187683328986,0.0226816143841,0.0264644958079,0.0175632499158,0.00924493931234,0.00688489666209,0.00826170295477,0.0055311024189,0.00365476100706,0.00149272393901,0.00305759464391,0.00108564225957,0.000947564316448,0.000260675646132,0.000319532933645,0.000289796880679,0.000382986909244,0.000113820868137,0.000138560353662,0.000171880514245,0.000235482060816,0.000160171272,0.000116429502668,0.000173286360223,0.000268517527729,0.000227483833442,0.000277517188806,0.000254516227869,0.0000623654777883,0.0000298501763609,0.0000175418044819,0.0000150830937855,0.0000201160819415,0.00000490347156301,0.0000024367172955,6.03285172929e-7,5.37676612566e-7],"mean":[0.00562332896516,0.00300220190547,0.00112127396278,0.00102732446976,0.000992754707113,0.000667216372676,0.000421895645559,0.00019042949134,0.000133882262162,0.000148964827531,0.00012223435624,0.0000631216971669,0.0000389395936509,0.0000503320152347,0.0000223413171625,0.000025856825232,0.0000173031148734,0.0000109568964035,0.0000108878593892,0.00000713044073564,0.0000036277772324,0.00000357058024747,0.00000414615260524,0.00000336441007676,0.00000244671741711,0.00000202730961973,0.0000022022372832,0.00000239179189521,0.00000236662322095,0.00000252991117122,0.00000176579362687,8.2621124875e-7,4.2266873379e-7,2.84450067056e-7,2.11258523564e-7,1.62754986377e-7,1.08291715151e-7,7.11834928779e-8,3.7596045388e-8,2.29431691423e-8],"median":[0.00381563790143,0.00195758324116,0.000708394392859,0.000615951721556,0.000415513932239,0.00017141616263,0.000064807391027,0.0000387014843,0.0000278151619568,0.0000232804886764,0.0000299202292808,0.0000171789215528,0.0000147694245243,0.0000136776670843,0.0000107312725959,0.0000118591578939,0.00000755005476094,0.00000441543306806,0.00000491446508022,0.00000247861407843,0.00000133369621835,0.00000132779746309,0.00000131574438456,9.7230145002e-7,7.22735421732e-7,6.06661728852e-7,6.2281492319e-7,5.88167438309e-7,4.91349169351e-7,4.4600557203e-7,3.29258796228e-7,2.18367631533e-7,1.30711313773e-7,8.58742481569e-8,6.31856096334e-8,4.75685233425e-8,3.43835893091e-8,2.5928496683e-8,1.70003762179e-8,8.86988615889e-9],"min":[8.37908572821e-14,6.65737877694e-14,1.63344259451e-13,1.3857276058e-13,5.20001793361e-14,2.57427712231e-14,2.81722318e-13,1.47803617219e-13,1.37923687702e-14,1.61595099145e-14,3.67730036688e-14,1.17312070973e-13,6.24306243638e-14,6.01522615897e-14,2.56606191916e-14,5.20701069881e-14,3.95269517258e-14,1.70320690467e-14,3.39423754131e-14,1.1157642464e-13,8.34500315529e-14,1.32402715094e-13,5.41724088819e-14,4.23188434707e-14,9.83815012421e-14,8.51106023766e-14,5.6154557458e-14,8.88863228897e-14,4.94570137339e-14,6.93252150564e-14,5.49533258254e-14,8.19551132687e-14,4.98839793257e-14,6.59827349551e-14,9.43095766954e-14,5.29427000016e-14,7.17834672996e-14,6.51168165612e-14,4.22882079831e-14,3.42052402299e-14],"var":[0.0000394418748328,0.0000116641122077,0.00000174642445927,0.00000155327563789,0.00000242843702836,0.00000172383806785,9.83399559118e-7,2.76019619605e-7,1.29821231099e-7,1.84008456472e-7,1.09298945006e-7,2.67678750276e-8,6.05573458046e-9,1.94574738543e-8,1.40095202106e-9,1.71496417067e-9,6.37192743014e-10,2.97309121766e-10,2.76556416656e-10,1.60557719897e-10,4.46073178395e-11,4.44202417904e-11,7.0034852917e-11,5.28265729771e-11,3.31556240796e-11,2.54113327602e-11,4.5072719862e-11,8.43314446053e-11,1.07468221822e-10,1.23454857448e-10,4.95367497022e-11,5.90226218594e-12,1.15522012529e-12,4.96867954766e-13,3.343706605e-13,2.69665637476e-13,5.26622236758e-14,1.49594980094e-14,3.04426627034e-15,1.50321327787e-15]},"melbands_crest":{"dmean":3.78463768959,"dmean2":6.31353712082,"dvar":11.6914319992,"dvar2":32.478313446,"max":37.5765724182,"mean":18.4470748901,"median":17.7838077545,"min":3.86045360565,"var":39.210144043},"melbands_flatness_db":{"dmean":0.0398707538843,"dmean2":0.0615884289145,"dvar":0.00123088969849,"dvar2":0.00290404935367,"max":0.749850869179,"mean":0.331685602665,"median":0.322014510632,"min":0.0138782858849,"var":0.00620708381757},"melbands_kurtosis":{"dmean":18.4819278717,"dmean2":29.4305915833,"dvar":1077.71264648,"dvar2":2751.36328125,"max":602.844482422,"mean":41.3194885254,"median":20.5000801086,"min":-1.71269571781,"var":3326.87084961},"melbands_skewness":{"dmean":1.07607507706,"dmean2":1.68428361416,"dvar":1.48270082474,"dvar2":3.60081505775,"max":21.354719162,"mean":4.14077091217,"median":3.4951004982,"min":-0.192198604345,"var":7.46976089478},"melbands_spread":{"dmean":2.6903719902,"dmean2":4.25303125381,"dvar":23.2434806824,"dvar2":53.2099838257,"max":147.654663086,"mean":7.28797483444,"median":5.75960731506,"min":0.287974148989,"var":49.2620277405},"mfcc":{"cov":[[12120.3662109,752.84576416,-1577.73901367,406.710235596,-945.481811523,-318.584442139,-610.342041016,-204.172348022,-111.272750854,128.072753906,58.2105026245,227.606826782,13.9363908768],[752.84576416,1801.79382324,-171.949020386,-648.541259766,16.6559181213,-175.045776367,-87.0820770264,-225.47177124,-82.0764846802,-70.3777084351,43.9348907471,-109.690803528,50.1933708191],[-1577.73901367,-171.949020386,567.140686035,-22.6319961548,112.873008728,50.6005172729,92.5196685791,37.1948623657,15.1589899063,-1.81505131721,-9.7258348465,-10.4227313995,-6.63560438156],[406.710235596,-648.541259766,-22.6319961548,606.754699707,-65.1936798096,110.45526886,12.1311712265,116.856132507,63.5987663269,61.9534187317,-13.2863006592,90.4304962158,-26.4240646362],[-945.481811523,16.6559181213,112.873008728,-65.1936798096,226.841201782,68.0111694336,84.0752105713,14.3711280823,7.40831136703,-20.7232570648,-8.96907806396,-40.8920974731,13.6641407013],[-318.584442139,-175.045776367,50.6005172729,110.45526886,68.0111694336,179.458404541,85.3262252808,57.6607933044,8.37262821198,5.20917749405,-25.9744644165,10.3458099365,-2.42209124565],[-610.342041016,-87.0820770264,92.5196685791,12.1311712265,84.0752105713,85.3262252808,132.044891357,60.4262390137,20.8664588928,-6.97030162811,-8.19284343719,-8.00334453583,6.8058886528],[-204.172348022,-225.47177124,37.1948623657,116.856132507,14.3711280823,57.6607933044,60.4262390137,112.824928284,44.3359870911,23.2129383087,-2.0772588253,23.5308322906,-5.88868522644],[-111.272750854,-82.0764846802,15.1589899063,63.5987663269,7.40831136703,8.37262821198,20.8664588928,44.3359870911,82.3054504395,41.9798355103,18.199754715,12.082493782,4.82255506516],[128.072753906,-70.3777084351,-1.81505131721,61.9534187317,-20.7232570648,5.20917749405,-6.97030162811,23.2129383087,41.9798355103,73.2412643433,27.0681629181,20.9128437042,-1.02600550652],[58.2105026245,43.9348907471,-9.7258348465,-13.2863006592,-8.96907806396,-25.9744644165,-8.19284343719,-2.0772588253,18.199754715,27.0681629181,65.2447509766,25.7964687347,12.2054023743],[227.606826782,-109.690803528,-10.4227313995,90.4304962158,-40.8920974731,10.3458099365,-8.00334453583,23.5308322906,12.082493782,20.9128437042,25.7964687347,68.6165161133,14.9005861282],[13.9363908768,50.1933708191,-6.63560438156,-26.4240646362,13.6641407013,-2.42209124565,6.8058886528,-5.88868522644,4.82255506516,-1.02600550652,12.2054023743,14.9005861282,50.9520683289]],"icov":[[0.000203673596843,-0.000117210787721,0.000379461271223,-0.000148151011672,0.000452399166534,-0.0000329756840074,0.000295485981042,-0.0000170166094904,0.000266618648311,-0.000316786579788,0.000206978598726,-0.000295918202028,-0.000126639482914],[-0.000117210787721,0.00115565524902,0.0000547241943423,0.000932600640226,-0.0000984998769127,-0.0000753169515519,-0.000183385374839,0.00109955260996,-0.000395592534915,0.000405885715736,-0.000847862334922,0.000935578427743,-0.000466084224172],[0.000379461271223,0.0000547241943423,0.00290140253492,0.000097619900771,-0.000012053458704,0.000336432422046,-0.000808491837233,0.00036885443842,0.000419944146415,-0.00100256409496,0.000844093214255,-0.00134795240592,0.000572696037125],[-0.000148151011672,0.000932600640226,0.000097619900771,0.00390339270234,-0.00000466640176455,-0.00149074580986,0.000850364624057,-0.000655947602354,-0.00179351272527,-0.000325445696944,0.00133880821522,-0.00304391933605,0.00163250230253],[0.000452399166534,-0.0000984998769127,-0.000012053458704,-0.00000466640176455,0.00872726179659,-0.00259399390779,-0.00161421007942,0.00049309595488,-0.000485808588564,0.00107003818266,-0.00197139265947,0.0047483635135,-0.00307070394047],[-0.0000329756840074,-0.0000753169515519,0.000336432422046,-0.00149074580986,-0.00259399390779,0.0112417424098,-0.00626204209402,-0.000503666640725,0.00293297809549,-0.00321575254202,0.00481618894264,-0.00332277896814,0.000837863830384],[0.000295485981042,-0.000183385374839,-0.000808491837233,0.000850364624057,-0.00161421007942,-0.00626204209402,0.0187102425843,-0.00808137003332,-0.00156157824676,0.00379541539587,-0.00253574573435,0.00313038611785,-0.00294623570517],[-0.0000170166094904,0.00109955260996,0.00036885443842,-0.000655947602354,0.00049309595488,-0.000503666640725,-0.00808137003332,0.0202290993184,-0.00691068079323,-0.000771889346652,0.00224063894711,-0.00491001270711,0.00342826242559],[0.000266618648311,-0.000395592534915,0.000419944146415,-0.00179351272527,-0.000485808588564,0.00293297809549,-0.00156157824676,-0.00691068079323,0.023154489696,-0.0111337099224,-0.00201258482412,0.00325707881711,-0.00376519979909],[-0.000316786579788,0.000405885715736,-0.00100256409496,-0.000325445696944,0.00107003818266,-0.00321575254202,0.00379541539587,-0.000771889346652,-0.0111337099224,0.0254543293267,-0.0090868184343,0.00103594944812,0.00179157638922],[0.000206978598726,-0.000847862334922,0.000844093214255,0.00133880821522,-0.00197139265947,0.00481618894264,-0.00253574573435,0.00224063894711,-0.00201258482412,-0.0090868184343,0.0272337011993,-0.0138613199815,0.000475576467579],[-0.000295918202028,0.000935578427743,-0.00134795240592,-0.00304391933605,0.0047483635135,-0.00332277896814,0.00313038611785,-0.00491001270711,0.00325707881711,0.00103594944812,-0.0138613199815,0.0330906286836,-0.0116559211165],[-0.000126639482914,-0.000466084224172,0.000572696037125,0.00163250230253,-0.00307070394047,0.000837863830384,-0.00294623570517,0.00342826242559,-0.00376519979909,0.00179157638922,0.000475576467579,-0.0116559211165,0.0263815764338]],"mean":[-722.388549805,169.015853882,16.9783172607,33.9764213562,6.84796094894,22.2333660126,7.52620458603,4.25259399414,0.459299623966,1.87651669979,-1.48114740849,1.88670301437,-3.46543002129]},"pitch_salience":{"dmean":0.0768259167671,"dmean2":0.12725302577,"dvar":0.00469627091661,"dvar2":0.0128579353914,"max":0.820640981197,"mean":0.490734040737,"median":0.503061771393,"min":0.0571087524295,"var":0.015191199258},"silence_rate_20dB":{"dmean":0,"dmean2":0,"dvar":0,"dvar2":0,"max":1,"mean":1,"median":1,"min":1,"var":0},"silence_rate_30dB":{"dmean":0.06295157969,"dmean2":0.125913619995,"dvar":0.0589886792004,"dvar2":0.13431186974,"max":1,"mean":0.883491098881,"median":1,"min":0,"var":0.10293456167},"silence_rate_60dB":{"dmean":0.0086371563375,"dmean2":0.0172757469118,"dvar":0.00856255553663,"dvar2":0.0193028766662,"max":1,"mean":0.0823783427477,"median":0,"min":0,"var":0.0755921527743},"spectral_centroid":{"dmean":172.213180542,"dmean2":251.58682251,"dvar":76210.875,"dvar2":134738.515625,"max":3956.73706055,"mean":656.785339355,"median":506.269805908,"min":86.6086883545,"var":285581.625},"spectral_complexity":{"dmean":2.35179805756,"dmean2":3.71893692017,"dvar":7.46879673004,"dvar2":15.6057214737,"max":57,"mean":12.1838569641,"median":12,"min":0,"var":65.9723434448},"spectral_contrast_coeffs":{"dmean":[0.0497371852398,0.0480954833329,0.0363081619143,0.0280058737844,0.0225145798177,0.034331087023],"dmean2":[0.0834477767348,0.0797495245934,0.0595510751009,0.0464429333806,0.0363647192717,0.0518289618194],"dvar":[0.00161307293456,0.00147162680514,0.000859105261043,0.000488894700538,0.000410480017308,0.00112166709732],"dvar2":[0.004476334434,0.00398268410936,0.00229975953698,0.00132856401615,0.00100515061058,0.00237757479772],"max":[-0.344459980726,-0.469170331955,-0.536604702473,-0.6617385149,-0.678015112877,-0.483047842979],"mean":[-0.679145276546,-0.761179208755,-0.813178777695,-0.829556167126,-0.85332596302,-0.77921384573],"median":[-0.687821388245,-0.767206192017,-0.823751688004,-0.827805995941,-0.845970273018,-0.781069636345],"min":[-0.90912514925,-0.966864466667,-0.967390596867,-0.982786357403,-0.978962957859,-0.945818603039],"var":[0.00573892844841,0.00676460890099,0.00387048115954,0.00188681925647,0.00201957416721,0.00651482166722]},"spectral_contrast_valleys":{"dmean":[0.349386185408,0.376520842314,0.32453468442,0.318685472012,0.415967732668,0.554862856865],"dmean2":[0.587793767452,0.620657384396,0.525381803513,0.502029716969,0.623281180859,0.862219512463],"dvar":[0.0834627524018,0.0976536422968,0.0787510573864,0.0965575054288,0.184402897954,0.214671343565],"dvar2":[0.22795343399,0.25406396389,0.190121874213,0.217892467976,0.433686584234,0.558301150799],"max":[-4.92748355865,-4.46992206573,-5.32581424713,-5.94287633896,-5.57628583908,-9.01383972168],"mean":[-6.67091226578,-6.95828390121,-7.55189371109,-8.1275396347,-8.38925457001,-11.2037401199],"median":[-6.3611907959,-6.67848777771,-7.24150180817,-7.81738901138,-8.05889415741,-10.9891872406],"min":[-17.225818634,-16.8467311859,-16.8670024872,-16.8825054169,-16.1405525208,-17.6366539001],"var":[1.19821679592,1.84694004059,1.66765129566,1.65321242809,1.75004684925,1.16375219822]},"spectral_decrease":{"dmean":4.12399669969e-9,"dmean2":6.83363099441e-9,"dvar":2.81023032586e-17,"dvar2":7.66538943056e-17,"max":2.27828547139e-8,"mean":-7.35264915619e-9,"median":-6.07807049136e-9,"min":-7.64565868394e-8,"var":6.29004152002e-17},"spectral_energy":{"dmean":0.0155428955331,"dmean2":0.0255443714559,"dvar":0.00038029087591,"dvar2":0.00103586411569,"max":0.301392555237,"mean":0.0557813793421,"median":0.0515595152974,"min":6.56852627845e-11,"var":0.00152079656255},"spectral_energyband_high":{"dmean":0.000191036349861,"dmean2":0.000261937675532,"dvar":3.04481062585e-7,"dvar2":5.08745188199e-7,"max":0.0220765713602,"mean":0.000419789517764,"median":0.000148087274283,"min":4.67956645656e-11,"var":0.00000130495607209},"spectral_energyband_low":{"dmean":0.0121553316712,"dmean2":0.0204812120646,"dvar":0.000314839504426,"dvar2":0.000876453297678,"max":0.258180588484,"mean":0.0253973100334,"median":0.0204435102642,"min":7.23364348022e-13,"var":0.000589629984461},"spectral_energyband_middle_high":{"dmean":0.000726304249838,"dmean2":0.00112997728866,"dvar":0.00000187651062333,"dvar2":0.00000471567091154,"max":0.0341389030218,"mean":0.00203452911228,"median":0.00103821477387,"min":1.00515455334e-11,"var":0.00000778413414082},"spectral_energyband_middle_low":{"dmean":0.00543912127614,"dmean2":0.00868384260684,"dvar":0.0000602934887866,"dvar2":0.000151195548824,"max":0.141953483224,"mean":0.0147635499015,"median":0.00951237697154,"min":2.86214931963e-12,"var":0.000257675361354},"spectral_entropy":{"dmean":0.269740313292,"dmean2":0.405328720808,"dvar":0.0715549662709,"dvar2":0.153775021434,"max":8.73186302185,"mean":7.1178021431,"median":7.17958450317,"min":4.40828275681,"var":0.35401442647},"spectral_flux":{"dmean":0.0250058695674,"dmean2":0.0412566587329,"dvar":0.00080598553177,"dvar2":0.0019525422249,"max":0.381189376116,"mean":0.106687262654,"median":0.107095941901,"min":0.0000588025322941,"var":0.00361050758511},"spectral_kurtosis":{"dmean":7.16758346558,"dmean2":11.2163133621,"dvar":125.518035889,"dvar2":328.256988525,"max":175.554763794,"mean":20.316242218,"median":15.6356754303,"min":-0.399833381176,"var":272.747833252},"spectral_rms":{"dmean":0.000969155400526,"dmean2":0.00157384760678,"dvar":0.00000109752227218,"dvar2":0.00000294513984045,"max":0.0171476397663,"mean":0.00675680954009,"median":0.00709238741547,"min":2.5314656682e-7,"var":0.00000876638296177},"spectral_rolloff":{"dmean":3892.05883789,"dmean2":7626.51513672,"dvar":60908920,"dvar2":161558448,"max":22006.9335938,"mean":15848.4306641,"median":21813.1347656,"min":43.06640625,"var":89590520},"spectral_skewness":{"dmean":0.566470682621,"dmean2":0.855122983456,"dvar":0.483894705772,"dvar2":1.22029173374,"max":11.2458515167,"mean":3.192309618,"median":2.95929336548,"min":0.681966662407,"var":1.78613674641},"spectral_spread":{"dmean":655890.25,"dmean2":977256.5625,"dvar":350086561792,"dvar2":795306688512,"max":16096208,"mean":4439707.5,"median":4279134,"min":1170482.25,"var":2060976390140},"spectral_strongpeak":{"dmean":11.7680873871,"dmean2":21.6359863281,"dvar":927.139526367,"dvar2":2403.66308594,"max":263.302246094,"mean":14.4071331024,"median":0.348457813263,"min":0,"var":1412.7097168},"zerocrossingrate":{"dmean":0.0473550483584,"dmean2":0.0628981292248,"dvar":0.00169945810921,"dvar2":0.00284700212069,"max":0.97802734375,"mean":0.340084284544,"median":0.318359375,"min":0.0205078125,"var":0.0228956323117}},"metadata":{"audio_properties":{"analysis_sample_rate":44100,"bit_rate":178190,"codec":"mp3","downmix":"mix","equal_loudness":0,"length":279.589630127,"lossless":false,"md5_encoded":"a4c8796cec55a4c5214d3d2fe0694ed0","replay_gain":0.247180938721,"sample_rate":44100},"tags":{"acoustid_id":["3d882b51-8773-4894-bcb1-90f1d48d82cc"],"album":["Meds"],"albumartist":["Placebo"],"artist":["Placebo"],"date":["2006"],"discnumber":["1/1"],"file_name":"05 - Placebo - Follow the Cops Back Home.mp3","musicbrainz_albumartistid":["847e8284-8582-4b0e-9c26-b042a4f49e57"],"musicbrainz_albumid":["0198aa84-9a91-339a-9f0d-bc07cb6f47cd"],"musicbrainz_artistid":["847e8284-8582-4b0e-9c26-b042a4f49e57"],"musicbrainz_recordingid":["9ef312fc-e6a2-417b-b32a-ff3f3eabed81"],"musicbrainz_releasegroupid":["90bf604b-bde5-3b45-bfd0-ba775be89986"],"replaygain_album_gain":["+0.39 dB"],"replaygain_album_peak":["0.398942"],"replaygain_track_gain":["+0.73 dB"],"replaygain_track_peak":["0.342208"],"title":["Follow the Cops Back Home"],"tracknumber":["5/13"]},"version":{"essentia":"2.1-beta1","essentia_build_sha":"e76a03f03bb3900de42a1fa0d9be1e72f12def64","essentia_git_sha":"v2.1_beta1-28-g21ef5f4-dirty","extractor":"music 1.0"}},"rhythm":{"beats_count":546,"beats_loudness":{"dmean":0.0203516297042,"dmean2":0.0340317264199,"dvar":0.000331140385242,"dvar2":0.000918861769605,"max":0.158213242888,"mean":0.0576126091182,"median":0.0562219209969,"min":5.03590115386e-7,"var":0.00125983729959},"beats_loudness_band_ratio":{"dmean":[0.171922728419,0.0936829596758,0.0487530864775,0.0231012906879,0.00901134032756,0.144706606865],"dmean2":[0.290710300207,0.161236941814,0.0881522446871,0.040912039578,0.0161243919283,0.246098607779],"dvar":[0.0221814680845,0.00954489596188,0.00568435946479,0.00122867093887,0.000114420174214,0.018660640344],"dvar2":[0.0590586178005,0.0264820605516,0.0164677929133,0.00340441707522,0.000325527362293,0.0503803342581],"max":[0.954838573933,0.79