{"lowlevel":{"average_loudness":0.535035550594,"barkbands":{"dmean":[0.000131507404149,0.00340360659175,0.00190560217015,0.00156322924886,0.00325263873674,0.00106772757135,0.00069375190651,0.000486644130433,0.000434252811829,0.000347162364051,0.000436787900981,0.000399176002247,0.000342840590747,0.000363408122212,0.000250492274063,0.000116457944387,0.0000903489853954,0.0000547866402485,0.0000525363066117,0.0000482730938529,0.0000692702597007,0.0000958629680099,0.000096133662737,0.0000541643603356,0.0000912611576496,0.000112748042739,0.0000940794998314],"dmean2":[0.000214522064198,0.00573452468961,0.00331688020378,0.00268324511126,0.00553980562836,0.00179343135096,0.00115984294098,0.000798327382654,0.000708938576281,0.000589303846937,0.000733352848329,0.000667574815452,0.000576846476179,0.000590794486925,0.000403062702389,0.00018693425227,0.000145716985571,0.000087606946181,0.0000828386473586,0.0000751541520003,0.00010329853103,0.000151935397298,0.000137873968924,0.0000754948778194,0.000127464736579,0.00018215404998,0.000143757613841],"dvar":[9.80495258318e-8,0.0000259837051999,0.0000142934450196,0.00000651000573271,0.0000314942262776,0.00000320483968608,0.00000173340265519,7.30874319288e-7,4.83901658299e-7,6.55245173675e-7,0.00000118954858408,0.00000150124560605,7.66119171658e-7,0.0000014189841977,7.79808942752e-7,6.15066539922e-8,2.75128879679e-8,9.31363164369e-9,1.28018067258e-8,8.18769940736e-9,1.62494799838e-8,4.80800004254e-8,3.78399782619e-8,1.17543361711e-8,3.17713215736e-8,7.07001461819e-8,5.13486391185e-8],"dvar2":[2.5083849664e-7,0.0000757157758926,0.0000412488843722,0.0000190002920135,0.0000845935355756,0.00000841647852212,0.00000444347142547,0.00000178853258603,0.0000012622901977,0.00000190017840396,0.00000328413148054,0.00000417822639065,0.00000212165332414,0.00000388957641917,0.00000196075120584,1.52041096158e-7,7.10259939751e-8,2.37893011956e-8,2.73967888376e-8,1.94019911248e-8,3.61658791803e-8,1.20424886063e-7,7.9126699859e-8,2.46309728169e-8,6.0187311135e-8,1.90936347622e-7,1.26706950709e-7],"max":[0.00713399192318,0.0586560703814,0.0561312064528,0.0420177988708,0.102580823004,0.0388131216168,0.0286275520921,0.0221701674163,0.0156711731106,0.0169184543192,0.0214762184769,0.0425904542208,0.0215357206762,0.034584287554,0.0286162905395,0.00847388245165,0.00448367418721,0.00230587413535,0.00515385903418,0.00203143525869,0.00312951602973,0.00440951576456,0.00431215530261,0.0041042342782,0.00254165520892,0.00334359356202,0.00253531942144],"mean":[0.000229213270359,0.00644501438364,0.00259261578321,0.00228560483083,0.00607162900269,0.00165771774482,0.00110610341653,0.000725224555936,0.000761895091273,0.000569129770156,0.000755047309212,0.000716410111636,0.000632567040157,0.000662206322886,0.000462848984171,0.000241304413066,0.000190888313227,0.000118644813483,0.000113372465421,0.000101486191852,0.000136634567752,0.00014939167886,0.000165785444551,0.000112735426228,0.000163876087754,0.000143916695379,0.000103244339698],"median":[0.0000386927131331,0.00514751067385,0.0011582209263,0.00105503085069,0.00197061593644,0.000847299583256,0.000502978975419,0.000330491282512,0.000362616177881,0.000186846853467,0.000168873346411,0.000165026984178,0.000204506592127,0.000128246436361,0.000101136960438,0.0000891629606485,0.0000841128712636,0.0000538855492778,0.0000621804283583,0.0000558421743335,0.0000734729837859,0.0000688330037519,0.0000649117937428,0.0000369609297195,0.0000287202274194,0.0000179268627107,0.0000241694724537],"min":[5.29590034414e-25,3.35760303291e-24,5.55285896503e-24,1.217487492e-24,1.00366047219e-23,1.59177868068e-23,1.43731671777e-23,1.3382050225e-23,1.17941805079e-23,2.67836705113e-23,2.55674300112e-23,3.76089752108e-23,3.33184743433e-23,4.2055367615e-23,7.73668075275e-23,6.5164012848e-23,8.22586854621e-23,1.24764183421e-22,1.42015006318e-22,1.49613579614e-22,2.81460118376e-22,4.05616828413e-22,2.63743842302e-22,5.83847643717e-22,9.2874581039e-22,1.3161917769e-21,2.06424779788e-21],"var":[3.03761765963e-7,0.0000415945396526,0.0000158497732627,0.0000109689763121,0.0001065200413,0.00000533140473635,0.00000332077297571,0.00000127777821035,0.00000109537245407,0.00000125252347516,0.0000027563776257,0.00000390041714127,0.00000182280689387,0.00000326024223796,0.00000182574558494,1.86461946328e-7,8.41546921038e-8,2.76220060158e-8,3.37060299671e-8,2.04193160158e-8,3.46119009009e-8,6.19352249487e-8,7.35104634941e-8,3.05001641721e-8,8.01246855531e-8,7.74545583226e-8,5.41016547118e-8]},"barkbands_crest":{"dmean":2.77154064178,"dmean2":4.5615530014,"dvar":6.48279476166,"dvar2":16.4701442719,"max":26.73919487,"mean":10.861041069,"median":9.92872047424,"min":1.96351456642,"var":23.0365905762},"barkbands_flatness_db":{"dmean":0.0250966381282,"dmean2":0.0374273508787,"dvar":0.00083012302639,"dvar2":0.00166680733673,"max":0.831886172295,"mean":0.133502662182,"median":0.113886542618,"min":0.0152606088668,"var":0.00695871794596},"barkbands_kurtosis":{"dmean":5.21854448318,"dmean2":8.3151845932,"dvar":1080.02111816,"dvar2":3104.03588867,"max":2566.42236328,"mean":8.73093605042,"median":3.40876865387,"min":-1.93731975555,"var":1377.14001465},"barkbands_skewness":{"dmean":0.618511080742,"dmean2":0.975485801697,"dvar":0.72789222002,"dvar2":1.78258621693,"max":49.1166152954,"mean":2.03312945366,"median":1.84968185425,"min":-3.9313750267,"var":2.61800312996},"barkbands_spread":{"dmean":7.00350427628,"dmean2":10.7479839325,"dvar":88.1353302002,"dvar2":193.224975586,"max":153.131439209,"mean":24.5107269287,"median":20.1370487213,"min":0.100299067795,"var":414.4737854},"dissonance":{"dmean":0.0163681469858,"dmean2":0.0277035590261,"dvar":0.000407617219025,"dvar2":0.00111969211139,"max":0.500000119209,"mean":0.469468474388,"median":0.47682800889,"min":0.0527234971523,"var":0.00093799829483},"dynamic_complexity":4.09273481369,"erbbands":{"dmean":[0.0878349021077,0.832566201687,2.07909369469,3.95475816727,7.12454175949,13.4720420837,9.03597831726,8.76053619385,9.49156570435,12.0377597809,9.78655147552,10.0710830688,9.46926116943,11.3615283966,17.2576351166,15.6180238724,15.0855989456,18.1713905334,13.6642723083,9.4897403717,5.47514677048,4.74874448776,2.80658721924,2.90819215775,2.42667341232,2.33242917061,2.60211706161,3.0655567646,3.363240242,3.33143019676,2.74944615364,1.22825074196,0.889447152615,0.803826868534,0.808694243431,0.454796522856,0.227960288525,0.0466600805521,0.0184646323323,0.00124806328677],"dmean2":[0.141994088888,1.41696763039,3.58280706406,6.8612241745,12.0031576157,23.5246486664,15.5962028503,14.6893568039,15.9544734955,20.038225174,16.2683391571,16.5325946808,16.0076599121,19.0489234924,28.9272708893,26.0051021576,25.3370857239,29.4270896912,22.2473335266,15.1265439987,8.78102493286,7.69251441956,4.4922580719,4.66901159286,3.81578087807,3.59529161453,3.97433423996,4.69636249542,5.28805732727,5.11019849777,3.97091221809,1.73500478268,1.23654258251,1.08367371559,1.18332493305,0.707823872566,0.378681868315,0.0730492323637,0.0287909377366,0.00192062405404],"dvar":[0.0257948953658,1.46125161648,12.861284256,47.0583305359,139.502624512,589.72277832,278.402587891,226.898040771,312.353088379,602.649291992,295.813537598,273.760864258,372.493164062,640.196289062,1958.70263672,2656.00927734,1501.60095215,3646.95874023,2975.37866211,670.142211914,120.160324097,75.1727905273,27.1940288544,26.8645496368,31.3882465363,17.6227893829,21.8349742889,36.0544013977,53.5106925964,57.4408874512,31.3821125031,6.39240884781,3.11506676674,2.28337359428,2.63136577606,1.01561546326,0.321006178856,0.0108073363081,0.00206323550083,0.00000956039821176],"dvar2":[0.0709994584322,4.31298017502,36.9542808533,135.063064575,370.921478271,1640.70507812,764.316711426,590.579467773,821.355407715,1510.82885742,764.38470459,714.920959473,1052.95788574,1807.19213867,5482.87060547,7420.86474609,4188.15136719,9951.09863281,7858.59716797,1609.79187012,305.459075928,197.211105347,68.8159790039,64.5768356323,65.8668136597,41.4474983215,51.1858406067,83.3404388428,131.801269531,139.324005127,65.4199295044,12.3664531708,6.690513134,4.00747203827,5.45094537735,2.62959384918,0.878719687462,0.0278064645827,0.00518212513998,0.0000232638285524],"max":[2.18827795982,13.5010023117,49.0242233276,105.70287323,174.061462402,445.487762451,309.573394775,365.833282471,386.697479248,499.977630615,427.271820068,392.230133057,623.205810547,591.919921875,882.938659668,2130.53564453,919.085144043,1959.05957031,2110.01220703,832.60723877,347.338226318,243.428527832,159.438110352,210.627410889,266.634063721,97.2232284546,91.6816864014,146.248184204,132.967651367,166.257171631,117.060623169,113.258003235,62.1500434875,25.1076488495,21.9860935211,14.5468950272,6.48336029053,1.06537044048,0.537479281425,0.0387159250677],"mean":[0.137152373791,1.56233799458,3.28379893303,6.1104388237,13.4906682968,22.8192996979,13.8769741058,13.7484407425,14.4257535934,17.4222431183,15.8304643631,17.4173030853,17.3058261871,21.8849334717,31.7951622009,30.0324516296,30.4648418427,35.623550415,26.9502334595,20.0520534515,12.5983343124,10.6248683929,6.56287813187,6.27796459198,5.30354356766,4.96585464478,5.25579690933,5.52554368973,5.32916879654,5.09777545929,4.7802939415,2.61290645599,1.79201757908,1.53923892975,1.33466422558,0.630428493023,0.271744787693,0.0654660537839,0.0192503817379,0.00129310344346],"median":[0.0660432949662,1.27812170982,2.29034090042,3.11483359337,5.35350704193,6.81327199936,6.93771934509,7.00967693329,6.61784410477,7.45145225525,8.36073875427,8.57001686096,6.32517051697,6.79938697815,7.08066940308,7.32453203201,9.66992950439,7.49868965149,5.72866249084,5.80301809311,4.94400978088,4.7544708252,3.07686281204,3.30382728577,2.85778594017,2.82467556,2.85375356674,2.86987495422,2.48877477646,2.21236753464,1.73761081696,0.88644182682,0.565252482891,0.340635359287,0.189207285643,0.0826711654663,0.0316916927695,0.0111540742218,0.00427172426134,0.000299252278637],"min":[1.80682355184e-22,1.16794832877e-21,6.46832095731e-21,5.56810813226e-21,1.93150582752e-20,4.50634911463e-20,7.78234784745e-20,1.59675248984e-19,2.84706157661e-19,2.32646408437e-19,3.7227304827e-19,3.80334285231e-19,6.10591020577e-19,1.44560089763e-18,1.05599396943e-18,1.88240313266e-18,1.6661201145e-18,2.44414955166e-18,3.15672987381e-18,4.42881640307e-18,4.62307149812e-18,4.93884107952e-18,5.74265094463e-18,6.77767019867e-18,5.96625151269e-18,7.81578476255e-18,9.5117391104e-18,1.05690281345e-17,1.36004200864e-17,1.22994064307e-17,9.33120528735e-18,1.2203120953e-17,9.51197320251e-18,9.28196074394e-18,6.22624637333e-18,4.29536404612e-18,2.26572607315e-18,1.09974996268e-18,2.69055719526e-19,2.94544572781e-20],"var":[0.0404798202217,2.33749628067,15.3917179108,72.025177002,424.956756592,1701.82287598,498.528564453,378.923339844,582.247375488,912.954406738,534.020385742,562.224243164,885.135314941,1585.54541016,4934.78955078,7070.98388672,4201.48583984,9254.60253906,6590.68115234,2155.09204102,422.356689453,252.364242554,84.015335083,72.0721664429,85.5601577759,46.2712097168,49.6602935791,64.111946106,73.6128311157,78.6149597168,61.3014602661,16.6071643829,7.94435024261,6.42376756668,5.79824542999,1.37121129036,0.310419559479,0.013998103328,0.00202763290145,0.00000979774085863]},"erbbands_crest":{"dmean":2.13145422935,"dmean2":3.49839091301,"dvar":4.70003890991,"dvar2":11.5778665543,"max":30.6072502136,"mean":7.37349319458,"median":6.06443691254,"min":1.96504211426,"var":17.0768680573},"erbbands_flatness_db":{"dmean":0.0194517746568,"dmean2":0.0282087251544,"dvar":0.000541211862583,"dvar2":0.00114101951476,"max":0.621923565865,"mean":0.12604534626,"median":0.107980959117,"min":0.0197530183941,"var":0.00510419160128},"erbbands_kurtosis":{"dmean":1.01279675961,"dmean2":1.62529039383,"dvar":7.00872421265,"dvar2":16.9859676361,"max":138.647491455,"mean":0.623384177685,"median":-0.0966373682022,"min":-1.78058791161,"var":12.9948987961},"erbbands_skewness":{"dmean":0.364287883043,"dmean2":0.560700595379,"dvar":0.165743589401,"dvar2":0.391524523497,"max":8.88690948486,"mean":0.451826781034,"median":0.418649315834,"min":-2.83316373825,"var":0.581401646137},"erbbands_spread":{"dmean":9.93754196167,"dmean2":14.8803853989,"dvar":130.660705566,"dvar2":271.647369385,"max":163.373092651,"mean":47.1089096069,"median":42.5970077515,"min":0.92826628685,"var":648.962219238},"gfcc":{"cov":[[27243.0546875,-2020.24267578,138.682983398,-189.553497314,-404.175720215,1057.97229004,-798.104858398,297.077972412,-490.278717041,204.997787476,-506.687927246,387.184875488,-357.823455811],[-2020.24267578,2747.93237305,-880.413879395,70.8820877075,224.820220947,-364.966156006,312.754455566,-251.985031128,189.491043091,-224.618087769,151.374267578,-217.805038452,143.031158447],[138.682983398,-880.413879395,1765.52441406,136.366714478,98.810798645,340.270965576,-84.3076782227,85.2624740601,-28.6632080078,78.9352722168,-54.5630912781,118.920639038,-74.5561523438],[-189.553497314,70.8820877075,136.366714478,377.163604736,28.0451755524,54.8431816101,44.8231697083,20.2904930115,48.7973403931,20.636390686,16.631608963,-26.0242195129,7.53373479843],[-404.175720215,224.820220947,98.810798645,28.0451755524,257.461700439,62.8747329712,67.9493179321,-9.18800354004,53.2038078308,-22.6693878174,35.4501609802,-0.837976872921,24.7801055908],[1057.97229004,-364.966156006,340.270965576,54.8431816101,62.8747329712,335.349761963,-34.1436500549,95.9961395264,-4.27654027939,75.5735931396,-6.84622192383,55.7590141296,-35.3726463318],[-798.104858398,312.754455566,-84.3076782227,44.8231697083,67.9493179321,-34.1436500549,225.381332397,-49.6787528992,96.5741577148,-27.0581207275,49.5087013245,-26.8212299347,13.5461082458],[297.077972412,-251.985031128,85.2624740601,20.2904930115,-9.18800354004,95.9961395264,-49.6787528992,176.197601318,-27.6004886627,71.8852539062,-7.95858240128,33.448387146,-8.83027362823],[-490.278717041,189.491043091,-28.6632080078,48.7973403931,53.2038078308,-4.27654027939,96.5741577148,-27.6004886627,130.179656982,7.61646938324,37.6179161072,-21.006111145,12.2002019882],[204.997787476,-224.618087769,78.9352722168,20.636390686,-22.6693878174,75.5735931396,-27.0581207275,71.8852539062,7.61646938324,105.317955017,6.05350780487,26.9960842133,-13.8760108948],[-506.687927246,151.374267578,-54.5630912781,16.631608963,35.4501609802,-6.84622192383,49.5087013245,-7.95858240128,37.6179161072,6.05350780487,80.9579238892,12.329369545,24.9521789551],[387.184875488,-217.805038452,118.920639038,-26.0242195129,-0.837976872921,55.7590141296,-26.8212299347,33.448387146,-21.006111145,26.9960842133,12.329369545,79.1819763184,6.98224067688],[-357.823455811,143.031158447,-74.5561523438,7.53373479843,24.7801055908,-35.3726463318,13.5461082458,-8.83027362823,12.2002019882,-13.8760108948,24.9521789551,6.98224067688,58.3914794922]],"icov":[[0.0000633714371361,-0.0000449527542514,0.0000751589614083,-0.0000373768925783,0.0000512998994964,-0.000218662811676,0.000126692422782,0.0000696809220244,2.88497517431e-7,0.0000298535196634,0.000401112542022,-0.000491511425935,0.000320556049701],[-0.0000449527542514,0.000867791590281,0.000109820874059,4.90847229528e-9,-0.000446812104201,0.000312426942401,-0.000356067961548,0.000130725820782,-0.000142625242006,0.000743453914765,-0.00128965976182,0.00206271442585,-0.00126874365378],[0.0000751589614083,0.000109820874059,0.000966608058661,-0.000420108117396,-0.000392690417357,-0.00067124288762,0.000270950316917,0.000329229602357,-0.000138762945426,0.000191913131857,0.000939647317864,-0.00157854822464,0.00108873785939],[-0.0000373768925783,4.90847229528e-9,-0.000420108117396,0.00323768658563,0.000302634434775,-0.000456700683571,-0.000452736712759,-0.000478410715004,-0.000571719952859,-0.000395215727622,-0.000740947434679,0.00248300516978,-0.00151035492308],[0.0000512998994964,-0.000446812104201,-0.000392690417357,0.000302634434775,0.00573493912816,-0.00191666884348,-0.000542797788512,-0.00043118733447,-0.00125681248028,0.00187629705761,-0.000568553106859,-0.000116634466394,-0.0017003841931],[-0.000218662811676,0.000312426942401,-0.00067124288762,-0.000456700683571,-0.00191666884348,0.00615215394646,-0.000194654625375,-0.0015324682463,-0.000223246592213,-0.00174068054184,-0.0011932568159,-0.000409279309679,0.00164211995434],[0.000126692422782,-0.000356067961548,0.000270950316917,-0.000452736712759,-0.000542797788512,-0.000194654625375,0.00794938672334,0.00040773791261,-0.00448138033971,0.00173539528623,-0.00149710499682,-0.0012728193542,0.00252354866825],[0.0000696809220244,0.000130725820782,0.000329229602357,-0.000478410715004,-0.00043118733447,-0.0015324682463,0.00040773791261,0.00923575460911,0.00198696251027,-0.00524140894413,0.00113431108184,-0.00110757362563,-0.000867370981723],[2.88497517431e-7,-0.000142625242006,-0.000138762945426,-0.000571719952859,-0.00125681248028,-0.000223246592213,-0.00448138033971,0.00198696251027,0.0139354942366,-0.00456242542714,-0.00244183791801,0.00316460477188,-0.00134486274328],[0.0000298535196634,0.000743453914765,0.000191913131857,-0.000395215727622,0.00187629705761,-0.00174068054184,0.00173539528623,-0.00524140894413,-0.00456242542714,0.0178379472345,-0.00325993890874,-0.00146511290222,0.00237238639966],[0.000401112542022,-0.00128965976182,0.000939647317864,-0.000740947434679,-0.000568553106859,-0.0011932568159,-0.00149710499682,0.00113431108184,-0.00244183791801,-0.00325993890874,0.0227268543094,-0.0102317230776,-0.00180307519622],[-0.000491511425935,0.00206271442585,-0.00157854822464,0.00248300516978,-0.000116634466394,-0.000409279309679,-0.0012728193542,-0.00110757362563,0.00316460477188,-0.00146511290222,-0.0102317230776,0.0280719865113,-0.0104650435969],[0.000320556049701,-0.00126874365378,0.00108873785939,-0.00151035492308,-0.0017003841931,0.00164211995434,0.00252354866825,-0.000867370981723,-0.00134486274328,0.00237238639966,-0.00180307519622,-0.0104650435969,0.027649383992]],"mean":[-19.7290592194,84.5949325562,-86.1502914429,17.8591403961,-46.0722084045,10.3794574738,-26.3349952698,-4.78961181641,-16.9071712494,0.377500653267,-14.1367101669,-1.37011361122,-10.9483623505]},"hfc":{"dmean":7.11270236969,"dmean2":10.4684410095,"dvar":160.377807617,"dvar2":386.038696289,"max":175.756881714,"mean":20.6657276154,"median":13.0845165253,"min":1.10383520506e-16,"var":492.721343994},"melbands":{"dmean":[0.000870778458193,0.00105505797546,0.000682336627506,0.000798875174951,0.000354281393811,0.000196286753635,0.000137731054565,0.000123943973449,0.0000777540335548,0.0000621931540081,0.0000490071251988,0.0000476189816254,0.0000633219387964,0.0000421543918492,0.0000450118313893,0.0000335211370839,0.0000352390597982,0.0000243225476879,0.0000167860689544,0.0000101428458947,0.00000678862124914,0.0000059825979406,0.00000325684118252,0.00000266515644398,0.00000258931663666,0.00000204956518246,0.00000169382826698,0.00000166238874044,0.00000166237896337,0.00000168818644397,0.00000197385338652,0.000001952977982,0.00000191630761037,0.00000193960954675,0.00000183503641438,0.00000109392215109,6.96582560522e-7,6.88975092089e-7,5.75117667267e-7,7.35824642106e-7],"dmean2":[0.00144798425026,0.00181032088585,0.00117164477706,0.00135778414551,0.000614275049884,0.000328475347487,0.000230991558055,0.000204857162316,0.000129198902869,0.000102210091427,0.0000829261043691,0.0000801086425781,0.000106256527943,0.0000719102317817,0.0000743018899811,0.0000565333139093,0.0000571275813854,0.0000400736498705,0.000027173118724,0.0000161900479725,0.0000110379387479,0.00000983525023912,0.00000529305680175,0.00000430556383435,0.00000424150584877,0.00000327275438394,0.00000269038014267,0.0000026026298201,0.00000260886736214,0.00000260947945208,0.00000309965889755,0.00000308312519337,0.00000308968606078,0.00000296975463243,0.00000272578131444,0.00000157313365889,0.00000101877685665,0.00000100734405351,8.08713082279e-7,0.00000101408647879],"dvar":[0.00000192011884792,0.00000255595773524,0.00000113012470138,0.00000213624252865,3.85516926826e-7,1.08915287456e-7,6.58956906818e-8,6.03111729447e-8,1.84608275333e-8,1.04431361336e-8,1.03865591683e-8,1.17962573043e-8,2.66303832319e-8,1.45354066561e-8,2.25897469619e-8,8.43282688123e-9,1.25574697307e-8,9.94407933774e-9,3.47104500698e-9,5.27322963073e-10,1.91334462163e-10,1.23227525406e-10,3.91596893801e-11,2.30715446747e-11,2.20905290588e-11,2.34538673205e-11,1.43505667419e-11,8.94237375121e-12,8.62534609708e-12,1.05293794517e-11,1.47086075958e-11,1.59131267191e-11,2.25687090544e-11,1.79986997528e-11,1.4610685925e-11,4.7142055884e-12,2.16364079431e-12,2.10547594984e-12,1.15224984502e-12,2.03483866042e-12],"dvar2":[0.00000551246284886,0.00000751287780076,0.00000321414972859,0.00000567389679418,0.00000107025505258,2.83394484768e-7,1.71553622863e-7,1.49509318703e-7,4.81582880241e-8,2.7358709076e-8,2.93586275291e-8,3.34295151561e-8,7.39695451557e-8,4.31959357172e-8,5.99263358936e-8,2.35802311011e-8,3.37051240251e-8,2.6488519822e-8,8.34304536568e-9,1.29424782003e-9,4.86338247452e-10,3.30397431636e-10,1.01700391164e-10,5.96149032916e-11,5.52470118265e-11,5.05201054601e-11,3.34357298792e-11,2.2025636523e-11,2.07837930893e-11,2.45504935825e-11,3.49257532617e-11,3.86263694641e-11,5.80670719841e-11,4.28070391634e-11,3.15862301592e-11,9.13308057654e-12,4.6127459491e-12,4.90948124168e-12,2.31177208453e-12,3.56327380796e-12],"max":[0.017573453486,0.0189500413835,0.0162305328995,0.0287825837731,0.0113890916109,0.00785040389746,0.00550601771101,0.00468261959031,0.00351150566712,0.0024468798656,0.0031206747517,0.00252235610969,0.00339374202304,0.00372306699865,0.00470536667854,0.00263213831931,0.00339335366152,0.00422213412821,0.00219285232015,0.000815743173007,0.000456213048892,0.000336515688105,0.00014604475291,0.000100239791209,0.000192953215446,0.000281563436147,0.000124046957353,0.0000628085181233,0.0000606307876296,0.0000621647559456,0.000097564450698,0.0000702442703187,0.0000929733796511,0.0000819230263005,0.0000779104520916,0.0000937398144742,0.0000564188158023,0.0000533303973498,0.0000230248588196,0.0000225402818614],"mean":[0.00152854307089,0.00196189270355,0.00114631524775,0.00152858428191,0.000557875144295,0.000314024044201,0.000215101317735,0.000181633440661,0.0001269330387,0.000106794766907,0.0000856611732161,0.0000857991763041,0.000110580673208,0.0000758234746172,0.0000817338222987,0.0000628600901109,0.0000651630907669,0.0000438877832494,0.0000314977405651,0.0000204718216992,0.0000138693294502,0.0000121387929539,0.00000666272899252,0.00000546936780665,0.00000505789557792,0.00000412163126384,0.00000339297275787,0.00000325396172229,0.00000318323463944,0.00000311301209877,0.00000330626266987,0.00000306806100525,0.00000270255941359,0.00000290797811431,0.00000297433666674,0.00000207918424167,0.00000139127894272,0.00000130107514451,0.0000011102431472,0.00000136132518946],"median":[0.00108450034168,0.00157961272635,0.000727187201846,0.000443931145128,0.000292796263238,0.000163030374097,0.0000987562671071,0.0000793337385403,0.0000693385809427,0.0000505085699842,0.0000298240483971,0.0000268129097094,0.0000238604425249,0.0000185245589819,0.0000203958570637,0.0000187224177353,0.0000128322171804,0.00000904426906345,0.00000753594713387,0.00000696056486049,0.00000523712515133,0.00000521507899975,0.00000311090457217,0.00000241339830609,0.00000266410324912,0.00000216891203308,0.00000175674597358,0.00000177970434834,0.00000172137561094,0.00000161363800544,0.00000163253150731,0.00000145257251916,0.00000114800343454,0.00000123218330828,0.00000105083779545,7.08931224835e-7,4.60548733372e-7,4.03317471864e-7,3.23281625469e-7,2.67930772679e-7],"min":[2.83587133501e-24,3.41926513443e-24,1.90553059302e-24,2.39120464224e-24,2.63421265244e-24,4.04555837316e-24,4.08170279655e-24,1.93301253481e-24,3.08097949017e-24,1.9239134187e-24,3.10860106033e-24,5.09496938576e-24,3.55103014915e-24,2.94765647516e-24,4.03033296326e-24,4.24959921845e-24,3.11136108742e-24,3.86781538944e-24,5.46089474399e-24,3.83053224534e-24,5.46672560937e-24,4.02790327167e-24,5.3448568547e-24,4.97186290833e-24,4.7982113517e-24,4.022610015e-24,3.58542724563e-24,3.66839253589e-24,5.56848669399e-24,4.3995431383e-24,6.18169036372e-24,6.39154826933e-24,5.44137950848e-24,5.00465703945e-24,5.34577429994e-24,5.41236480996e-24,7.8467860136e-24,6.63649746901e-24,6.78867820396e-24,7.1626937252e-24],"var":[0.00000295680251838,0.00000381066661248,0.00000189356819646,0.00000812207417766,6.7524484848e-7,1.88776581922e-7,1.28497603669e-7,9.44492128951e-8,3.33612604209e-8,2.20171791909e-8,2.36542074816e-8,2.60147636766e-8,6.20003319796e-8,3.5523811448e-8,5.36596225231e-8,2.06295958094e-8,3.17040687037e-8,1.97869525209e-8,7.65766294819e-9,1.71858249853e-9,5.58106505455e-10,3.60760976648e-10,9.69603564105e-11,6.29582774803e-11,4.93655151479e-11,5.88634002652e-11,3.19838357188e-11,2.0280926244e-11,1.89479820722e-11,1.97475959196e-11,2.44522197629e-11,2.33946265138e-11,2.53816290902e-11,2.56018869299e-11,2.5304041848e-11,1.14320896499e-11,4.92090005896e-12,4.59206240741e-12,2.98384732721e-12,5.44478264558e-12]},"melbands_crest":{"dmean":3.48302221298,"dmean2":5.86312866211,"dvar":9.89725971222,"dvar2":25.6501350403,"max":39.9604568481,"mean":14.8203678131,"median":14.0597629547,"min":1.33708918095,"var":30.9874362946},"melbands_flatness_db":{"dmean":0.0300099998713,"dmean2":0.0446623824537,"dvar":0.00116338243242,"dvar2":0.00232741096988,"max":1,"mean":0.220141336322,"median":0.203568100929,"min":0.00421514408663,"var":0.0096556711942},"melbands_kurtosis":{"dmean":11.2452173233,"dmean2":18.1658039093,"dvar":4378.78271484,"dvar2":8919.15722656,"max":6183.71435547,"mean":23.7233829498,"median":13.8474502563,"min":-1.79352140427,"var":6425.21826172},"melbands_skewness":{"dmean":0.817390561104,"dmean2":1.30431270599,"dvar":1.23075485229,"dvar2":2.80054736137,"max":73.2844696045,"mean":3.35434293747,"median":3.11998105049,"min":-1.65217125416,"var":4.6112279892},"melbands_spread":{"dmean":5.4313621521,"dmean2":8.46320438385,"dvar":69.0225448608,"dvar2":162.288696289,"max":187.399398804,"mean":18.513551712,"median":14.5561256409,"min":0.129649654031,"var":274.126556396},"mfcc":{"cov":[[13381.4931641,-374.589447021,98.7940216064,-351.858978271,210.467376709,327.245635986,-18.1570491791,128.88230896,-63.073551178,-84.8878326416,-129.973617554,-55.5124473572,89.9029769897],[-374.589447021,1637.30285645,-375.015472412,126.095108032,23.8797893524,53.9037666321,32.8913764954,17.2338981628,-5.81331205368,5.52884292603,-11.3465681076,-33.3333396912,-28.6554203033],[98.7940216064,-375.015472412,1047.46740723,110.659515381,179.787322998,193.03503418,39.7058563232,81.6724700928,29.330406189,13.3367681503,46.3246994019,27.742816925,19.3674736023],[-351.858978271,126.095108032,110.659515381,368.238922119,26.5909996033,62.1166877747,2.37023377419,12.3025407791,23.8461437225,22.4371147156,22.9994812012,7.07414007187,-0.739754021168],[210.467376709,23.8797893524,179.787322998,26.5909996033,232.566146851,80.095161438,43.4879493713,41.6040229797,23.9133739471,22.1138916016,0.199327304959,2.70463228226,16.0472602844],[327.245635986,53.9037666321,193.03503418,62.1166877747,80.095161438,251.569778442,36.5593681335,74.3674240112,26.8203353882,28.8971405029,45.1741218567,22.1318187714,18.1041965485],[-18.1570491791,32.8913764954,39.7058563232,2.37023377419,43.4879493713,36.5593681335,105.257514954,45.8960609436,17.8256511688,14.2759847641,14.453625679,18.5316696167,11.2537088394],[128.88230896,17.2338981628,81.6724700928,12.3025407791,41.6040229797,74.3674240112,45.8960609436,102.866897583,25.6362514496,9.26485538483,16.0859661102,12.7823724747,20.7297859192],[-63.073551178,-5.81331205368,29.330406189,23.8461437225,23.9133739471,26.8203353882,17.8256511688,25.6362514496,69.132019043,36.6063423157,23.7360458374,17.0011138916,9.98837280273],[-84.8878326416,5.52884292603,13.3367681503,22.4371147156,22.1138916016,28.8971405029,14.2759847641,9.26485538483,36.6063423157,69.6852874756,36.3736419678,21.3476219177,11.6353530884],[-129.973617554,-11.3465681076,46.3246994019,22.9994812012,0.199327304959,45.1741218567,14.453625679,16.0859661102,23.7360458374,36.3736419678,71.7437438965,37.4604492188,10.947180748],[-55.5124473572,-33.3333396912,27.742816925,7.07414007187,2.70463228226,22.1318187714,18.5316696167,12.7823724747,17.0011138916,21.3476219177,37.4604492188,58.0099983215,25.1444702148],[89.9029769897,-28.6554203033,19.3674736023,-0.739754021168,16.0472602844,18.1041965485,11.2537088394,20.7297859192,9.98837280273,11.6353530884,10.947180748,25.1444702148,51.9846343994]],"icov":[[0.0000864748872118,0.0000247820553341,0.0000257834453805,0.0000821578942123,-0.0000545078910363,-0.00017311067495,0.0000667836138746,-0.0000481291026517,0.0000537088999408,0.0000391386238334,0.00018489760987,0.0000445184305136,-0.000142028016853],[0.0000247820553341,0.000768936297391,0.000411594606703,-0.000298780971207,-0.000240007706452,-0.000361314509064,-0.000227039126912,-0.000154399167513,0.000220295114559,0.00000379528160011,-0.00000708784318704,0.000361795187928,0.000317363068461],[0.0000257834453805,0.000411594606703,0.00147835141979,-0.000361487851478,-0.000947278458625,-0.00076882657595,0.0000985555525403,-0.000385701016057,0.000097267482488,0.000700877397321,-0.000580221647397,-0.0000476262357552,0.000288671581075],[0.0000821578942123,-0.000298780971207,-0.000361487851478,0.00315816327929,0.0000508688754053,-0.000580402556807,0.000384338927688,0.000285349844489,-0.000703850993887,-0.000324335705955,-0.000122710785945,0.00011562176951,0.0000400223871111],[-0.0000545078910363,-0.000240007706452,-0.000947278458625,0.0000508688754053,0.00608744984493,-0.00095699360827,-0.0016940436326,-0.000030193317798,-0.000789349724073,-0.00195950944908,0.00241806497797,0.000772786443122,-0.00114423420746],[-0.00017311067495,-0.000361314509064,-0.00076882657595,-0.000580402556807,-0.00095699360827,0.00684494385496,0.000240495312028,-0.00334964878857,0.000600277504418,-0.00068598164944,-0.00333588640206,0.000321437226376,0.000158862399985],[0.0000667836138746,-0.000227039126912,0.0000985555525403,0.000384338927688,-0.0016940436326,0.000240495312028,0.0130243254825,-0.00527658034116,-0.00000884238943399,-0.000923850340769,0.000543360889424,-0.00377411511727,0.00137144955806],[-0.0000481291026517,-0.000154399167513,-0.000385701016057,0.000285349844489,-0.000030193317798,-0.00334964878857,-0.00527658034116,0.0166213344783,-0.00476219179109,0.00339844170958,-0.00110988540109,0.00229753414169,-0.00488721951842],[0.0000537088999408,0.000220295114559,0.000097267482488,-0.000703850993887,-0.000789349724073,0.000600277504418,-0.00000884238943399,-0.00476219179109,0.0224450789392,-0.0102707073092,-0.000401800643886,-0.00184322718997,0.000880196515936],[0.0000391386238334,0.00000379528160011,0.000700877397321,-0.000324335705955,-0.00195950944908,-0.00068598164944,-0.000923850340769,0.00339844170958,-0.0102707073092,0.0259197372943,-0.0102094765753,0.000903129694052,-0.00275761797093],[0.00018489760987,-0.00000708784318704,-0.000580221647397,-0.000122710785945,0.00241806497797,-0.00333588640206,0.000543360889424,-0.00110988540109,-0.000401800643886,-0.0102094765753,0.0296137686819,-0.0153687875718,0.0041908682324],[0.0000445184305136,0.000361795187928,-0.0000476262357552,0.00011562176951,0.000772786443122,0.000321437226376,-0.00377411511727,0.00229753414169,-0.00184322718997,0.000903129694052,-0.0153687875718,0.0339540652931,-0.0133426273242],[-0.000142028016853,0.000317363068461,0.000288671581075,0.0000400223871111,-0.00114423420746,0.000158862399985,0.00137144955806,-0.00488721951842,0.000880196515936,-0.00275761797093,0.0041908682324,-0.0133426273242,0.0275191664696]],"mean":[-665.193786621,125.696495056,15.5865526199,16.4884319305,3.74182677269,15.0587835312,-0.190060868859,1.99396514893,-0.819820344448,0.575388550758,0.587864100933,0.453163862228,-1.43655753136]},"pitch_salience":{"dmean":0.0811832994223,"dmean2":0.134756699204,"dvar":0.0059089390561,"dvar2":0.0152286533266,"max":0.992121040821,"mean":0.58018642664,"median":0.597824335098,"min":0.00647471193224,"var":0.0170040037483},"silence_rate_20dB":{"dmean":0,"dmean2":0,"dvar":0,"dvar2":0,"max":1,"mean":1,"median":1,"min":1,"var":0},"silence_rate_30dB":{"dmean":0.00310197751969,"dmean2":0.00620443606749,"dvar":0.00309263635427,"dvar2":0.00833742227405,"max":1,"mean":0.997441053391,"median":1,"min":0,"var":0.00255254656076},"silence_rate_60dB":{"dmean":0.0287708416581,"dmean2":0.057546146214,"dvar":0.0279395449907,"dvar2":0.059814594686,"max":1,"mean":0.113058313727,"median":0,"min":0,"var":0.100285597146},"spectral_centroid":{"dmean":230.528076172,"dmean2":349.579345703,"dvar":86339.0859375,"dvar2":186461.328125,"max":11822.25,"mean":1075.30053711,"median":966.557128906,"min":79.0013504028,"var":530153.6875},"spectral_complexity":{"dmean":2.99100422859,"dmean2":4.55227231979,"dvar":9.109998703,"dvar2":18.4605674744,"max":54,"mean":16.8810482025,"median":15,"min":0,"var":109.910453796},"spectral_contrast_coeffs":{"dmean":[0.0559585802257,0.0438265800476,0.0335706584156,0.0253671854734,0.0176970083266,0.0224627982825],"dmean2":[0.0935783982277,0.0736429840326,0.0567933507264,0.0429171919823,0.0293754078448,0.0348299592733],"dvar":[0.0023401088547,0.00120521313511,0.000706727441866,0.00041199484258,0.000209265868762,0.000505821022671],"dvar2":[0.00630701007321,0.00333870411851,0.00197435962036,0.00113437033724,0.000543871545233,0.00110447686166],"max":[-0.293549001217,-0.48097962141,-0.545626580715,-0.605691432953,-0.661825418472,-0.493341207504],"mean":[-0.637398064137,-0.777989089489,-0.817160785198,-0.822398126125,-0.832238733768,-0.771557927132],"median":[-0.643761277199,-0.78202521801,-0.821426749229,-0.827333331108,-0.832649052143,-0.776697278023],"min":[-0.985453546047,-0.994515240192,-0.996234238148,-0.98713093996,-0.988416731358,-0.964249968529],"var":[0.00812368560582,0.00334737752564,0.00231895293109,0.00190949451644,0.000987428356893,0.00297520169988]},"spectral_contrast_valleys":{"dmean":[0.419861167669,0.380230993032,0.303563773632,0.256174772978,0.258582472801,0.34273314476],"dmean2":[0.682408452034,0.614539027214,0.493217140436,0.394840151072,0.366708993912,0.450134605169],"dvar":[0.154774814844,0.128361523151,0.092868745327,0.0712501108646,0.0943888798356,0.217619642615],"dvar2":[0.3641898036,0.298629552126,0.201211974025,0.138445407152,0.162920728326,0.402583509684],"max":[-5.2548828125,-4.65621805191,-4.96285533905,-5.44500255585,-5.92490100861,-7.80792188644],"mean":[-7.3103761673,-6.71716785431,-7.28191328049,-7.69166994095,-7.94096422195,-10.3427238464],"median":[-6.80791759491,-6.41786766052,-7.0337100029,-7.40695810318,-7.55281686783,-9.72543716431],"min":[-27.8229637146,-27.7755374908,-27.4111919403,-27.5699691772,-27.5860652924,-27.3797607422],"var":[3.32374358177,2.79438614845,3.04157185555,2.99440002441,2.83836984634,4.01929616928]},"spectral_decrease":{"dmean":2.01888394891e-9,"dmean2":3.36921579525e-9,"dvar":5.92663452443e-18,"dvar2":1.60135036293e-17,"max":4.87672575933e-11,"mean":-6.76738487471e-9,"median":-5.49457368493e-9,"min":-3.44852075784e-8,"var":3.04205861132e-17},"spectral_energy":{"dmean":0.00801058020443,"dmean2":0.0133007755503,"dvar":0.0000943914201343,"dvar2":0.000251679099165,"max":0.143051981926,"mean":0.027416113764,"median":0.0222459062934,"min":1.0058616415e-20,"var":0.000496719789226},"spectral_energyband_high":{"dmean":0.000535353610758,"dmean2":0.000755163142458,"dvar":0.00000109862298814,"dvar2":0.00000254107635556,"max":0.0131337847561,"mean":0.00103009922896,"median":0.000431381427916,"min":7.21951687188e-21,"var":0.00000211683936868},"spectral_energyband_low":{"dmean":0.00493231322616,"dmean2":0.00837824586779,"dvar":0.0000489639314765,"dvar2":0.000144307356095,"max":0.0841596126556,"mean":0.0105474889278,"median":0.00811095442623,"min":3.27989873491e-23,"var":0.0000968215317698},"spectral_energyband_middle_high":{"dmean":0.0012147835223,"dmean2":0.00191098637879,"dvar":0.00000641615906716,"dvar2":0.0000169905415532,"max":0.0627963915467,"mean":0.00444260798395,"median":0.00148874428123,"min":1.28109052108e-21,"var":0.000052619856433},"spectral_energyband_middle_low":{"dmean":0.00506201991811,"dmean2":0.00855111889541,"dvar":0.0000548055759282,"dvar2":0.000147429294884,"max":0.115858569741,"mean":0.0127382138744,"median":0.0084679313004,"min":2.30161238394e-22,"var":0.000179727096111},"spectral_entropy":{"dmean":0.189858078957,"dmean2":0.277255922556,"dvar":0.0560909286141,"dvar2":0.112576492131,"max":9.82856464386,"mean":7.70126438141,"median":7.8188829422,"min":3.35453653336,"var":0.390623480082},"spectral_flux":{"dmean":0.0214779805392,"dmean2":0.0331725291908,"dvar":0.000535391329322,"dvar2":0.00108307949267,"max":0.279186427593,"mean":0.0803399831057,"median":0.0762942358851,"min":6.27989049651e-11,"var":0.00197840319015},"spectral_kurtosis":{"dmean":4.01905441284,"dmean2":6.55178594589,"dvar":1248.71313477,"dvar2":3507.35717773,"max":1348.55700684,"mean":7.9599480629,"median":3.98744463921,"min":-1.24630963802,"var":1549.55456543},"spectral_rms":{"dmean":0.00073861295823,"dmean2":0.00119969481602,"dvar":6.04312788255e-7,"dvar2":0.00000155608631758,"max":0.0118136750534,"mean":0.00467123556882,"median":0.00465868227184,"min":3.13261634514e-12,"var":0.00000492696199217},"spectral_rolloff":{"dmean":555.302001953,"dmean2":917.442932129,"dvar":1746880,"dvar2":4094371,"max":21274.8046875,"mean":1573.02514648,"median":796.728515625,"min":21.533203125,"var":8749110},"spectral_skewness":{"dmean":0.29861536622,"dmean2":0.457673460245,"dvar":0.650399565697,"dvar2":1.64666497707,"max":31.5291194916,"mean":1.80684065819,"median":1.63271307945,"min":-0.561114966869,"var":2.17834377289},"spectral_spread":{"dmean":910107.1875,"dmean2":1285830.25,"dvar":1659609939970,"dvar2":3506060656640,"max":42193744,"mean":5806768.5,"median":5206382,"min":94455.203125,"var":8717720354820},"spectral_strongpeak":{"dmean":0.277830243111,"dmean2":0.48453977704,"dvar":0.374173492193,"dvar2":0.988117933273,"max":13.769288063,"mean":0.527430295944,"median":0.311937689781,"min":0,"var":0.478528380394},"zerocrossingrate":{"dmean":0.0147490473464,"dmean2":0.0162408612669,"dvar":0.000296942365821,"dvar2":0.000326936686179,"max":0.685546875,"mean":0.0723092779517,"median":0.0546875,"min":0,"var":0.00542492605746}},"metadata":{"audio_properties":{"analysis_sample_rate":44100,"bit_rate":0,"codec":"flac","downmix":"mix","equal_loudness":0,"length":299.408325195,"lossless":true,"md5_encoded":"5c1803315f01fa008121ec2ae1e0a8c8","replay_gain":-13.9690589905},"tags":{"album":["The Slip"],"albumartist":["Nine Inch Nails"],"albumartistsort":["Nine Inch Nails"],"artist":["Nine Inch Nails"],"artistsort":["Nine Inch Nails"],"date":["2008-05-05"],"discnumber":["1"],"disctotal":["1"],"engineer":["Alan Moulder","Atticus Ross","Michael Tuller"],"file_name":"10 - Demon Seed.flac","license":["http://creativecommons.org/licenses/by-nc-sa/3.0/us/"],"lyricist":["Trent Reznor"],"mixer":["Alan Moulder"],"musicbrainz_albumartistid":["b7ffd2af-418f-4be2-bdd1-22f8b48613da"],"musicbrainz_albumid":["12b57d46-a192-499e-a91f-7da66790a1c1"],"musicbrainz_artistid":["b7ffd2af-418f-4be2-bdd1-22f8b48613da"],"musicbrainz_recordingid":["9f06df64-a373-492e-9a23-6a14a3fde97e"],"musicbrainz_releasegroupid":["5990b23f-6412-3eaf-989c-a4831f4f95f7"],"performer":["Josh Freese","Robin Finck","Alessandro Cortini","Trent Reznor"],"producer":["Alan Moulder","Atticus Ross","Trent Reznor"],"releasecountry":["XW"],"releasetype":["album"],"replaygain_album_gain":["-9.22 dB"],"replaygain_album_peak":["0.99993896"],"replaygain_reference_loudness":["89.0 dB"],"replaygain_track_gain":["-9.03 dB"],"replaygain_track_peak":["0.99993896"],"title":["Demon Seed"],"totaldiscs":["1"],"totaltracks":["10"],"tracknumber":["10"],"tracktotal":["10"]},"version":{"essentia":"2.1-beta1","essentia_build_sha":"de1f7ffc9d3406fe9025cc52cfcd6ebfe2259f32","essentia_git_sha":"v2.1_beta1-5-gf9dded9","extractor":"music 1.0"}},"rhythm":{"beats_count":656,"beats_loudness":{"dmean":0.0127049628645,"dmean2":0.0199686475098,"dvar":0.000121550707263,"dvar2":0.000340764119755,"max":0.122