{"lowlevel":{"average_loudness":0.960450947285,"barkbands":{"dmean":[0.0000768503159634,0.00408559432253,0.00506510352716,0.00213577994145,0.0015902875457,0.00111614540219,0.000569183554035,0.000449474988272,0.000297271821182,0.000329578382662,0.000118529125757,0.000357217184501,0.000278999796137,0.000340768223396,0.000407726853155,0.000318148813676,0.000535466824658,0.000408736086683,0.000279268919257,0.000160896146554,0.00016219454119,0.000192089457414,0.000204553070944,0.000193616448087,0.0000901450985111,0.0000561056185688,0.0000132125023811],"dmean2":[0.000109289954707,0.00685295509174,0.00892127957195,0.0036660975311,0.00266820983961,0.00193005811889,0.000923928921111,0.000679293472786,0.000470563943963,0.000473789667012,0.000187151803402,0.000522608403116,0.000440183473984,0.000548808777239,0.000658404547721,0.000513146165758,0.000882978958543,0.000665297382511,0.000449693150586,0.000258192769252,0.00025540048955,0.000283561937977,0.000317584257573,0.000285209272988,0.000119991629617,0.0000731352192815,0.0000179759445018],"dvar":[2.44476812128e-8,0.0000721614560462,0.000142939810758,0.0000186679626495,0.00000508771790919,0.00000520990306541,0.00000112863756385,6.47630713502e-7,3.1183168403e-7,3.20650542562e-7,6.59912515744e-8,3.65883579434e-7,2.46451747898e-7,8.12330540612e-7,6.59349041143e-7,2.59807080738e-7,7.05341847151e-7,5.39746906725e-7,1.84926449265e-7,7.17702022257e-8,9.21433667145e-8,1.86472092878e-7,1.64087410326e-7,2.54771379105e-7,4.42831975533e-8,1.03269091056e-8,1.1867048455e-9],"dvar2":[4.45161099094e-8,0.000191599610844,0.000396442774218,0.0000495566637255,0.0000142589742609,0.0000150942305481,0.00000288115847979,0.00000156341207003,7.78372111654e-7,6.38381493445e-7,1.64606078101e-7,7.49472462758e-7,5.71180862607e-7,0.00000203532067644,0.00000167339715063,6.4974307179e-7,0.00000197551662495,0.00000135012373903,4.66453940362e-7,1.79011294676e-7,2.33759280377e-7,4.01326445854e-7,3.91284089574e-7,5.90214142449e-7,8.64459863692e-8,1.96738287883e-8,2.90053825402e-9],"max":[0.00178498332389,0.0893802717328,0.096660785377,0.0425074398518,0.0396579317749,0.0255115553737,0.0186267793179,0.0142463762313,0.0105535201728,0.0142462104559,0.00654167914763,0.0167035590857,0.0224745515734,0.0278104059398,0.0255656056106,0.014225856401,0.01583558321,0.0121167078614,0.00980868190527,0.00671440549195,0.00742806261405,0.00942269340158,0.00987153779715,0.0149467205629,0.0049760970287,0.00222558202222,0.00127009302378],"mean":[0.000106261926703,0.00586581695825,0.0044166170992,0.00231061852537,0.00286844326183,0.00169190857559,0.00106626923662,0.000853025121614,0.000571047596168,0.000644261424895,0.000195604734472,0.000710341962986,0.000509896024596,0.000579514889978,0.00073832430644,0.000639440550003,0.00106532638893,0.000841906643473,0.000639281410258,0.000366164342267,0.000360923848348,0.000409900472732,0.00045675993897,0.000449878774816,0.000199244343094,0.00011313498544,0.0000220448418986],"median":[0.0000142178951137,0.00304700573906,0.00112203403842,0.00110005412716,0.00208291830495,0.00108237564564,0.000505335978232,0.000384696642868,0.000336436263751,0.000285625777906,0.0000863039022079,0.000335934339091,0.000317273195833,0.000249500968494,0.000412146619055,0.000399979995564,0.000677505624481,0.000425760896178,0.000429540115874,0.000219704787014,0.000181153780431,0.000147281316458,0.00016558788775,0.000150835287059,0.000046843837481,0.0000295124227705,0.00000526951725988],"min":[1.30838589962e-10,2.00667954475e-10,1.07938949445e-10,3.2941895739e-11,3.40063983917e-11,1.86979685207e-11,1.71778268693e-11,2.90903152261e-11,3.6849828744e-12,6.49977814626e-12,8.61317440981e-12,1.30550318819e-11,1.77776127153e-11,1.21137769954e-11,1.39611412708e-11,1.2643787059e-11,1.51745734034e-11,1.1107018083e-11,1.30384045574e-11,1.42915167547e-11,1.9036864099e-11,1.58206971829e-11,2.14936662218e-11,3.08258973902e-11,4.66812526134e-11,8.24469797989e-11,1.11618631005e-10],"var":[4.33632081354e-8,0.0000790129051893,0.000102279467683,0.0000154141198436,0.00000843040652398,0.0000045178740038,0.00000245737851401,0.00000170048429027,5.89325111378e-7,9.51200377131e-7,1.40010868677e-7,0.0000010466534377,4.81293909615e-7,0.00000163107324624,0.00000124193661577,6.47538229259e-7,0.00000146013849189,0.00000136554058372,4.76736289556e-7,1.98472093871e-7,2.24793225811e-7,5.71353382384e-7,4.98300437357e-7,5.79209540774e-7,1.72170857127e-7,4.0503557841e-8,2.02931360604e-9]},"barkbands_crest":{"dmean":2.21654129028,"dmean2":3.67561793327,"dvar":4.58158636093,"dvar2":12.1231632233,"max":25.2788448334,"mean":8.09328079224,"median":7.18481397629,"min":2.28067135811,"var":14.2477283478},"barkbands_flatness_db":{"dmean":0.0177920721471,"dmean2":0.0286464653909,"dvar":0.00034453778062,"dvar2":0.000968058011495,"max":0.541681349277,"mean":0.0965684354305,"median":0.0855841115117,"min":0.0198754053563,"var":0.00320378947072},"barkbands_kurtosis":{"dmean":2.20916199684,"dmean2":3.64713382721,"dvar":35.1504478455,"dvar2":84.5034103394,"max":384.624938965,"mean":3.0285320282,"median":-0.174011707306,"min":-1.89543843269,"var":331.351898193},"barkbands_skewness":{"dmean":0.521273255348,"dmean2":0.819568574429,"dvar":0.37916213274,"dvar2":0.959874749184,"max":15.0670728683,"mean":1.07947766781,"median":0.903966784477,"min":-6.07743644714,"var":1.73712682724},"barkbands_spread":{"dmean":6.75954437256,"dmean2":10.5839643478,"dvar":58.1579475403,"dvar2":141.880981445,"max":109.225570679,"mean":34.8849411011,"median":32.480381012,"min":0.177690282464,"var":269.045288086},"dissonance":{"dmean":0.0099765425548,"dmean2":0.0165755134076,"dvar":0.000102188321762,"dvar2":0.000269452284556,"max":0.500000119209,"mean":0.478982418776,"median":0.483101814985,"min":0.320517241955,"var":0.000287803792162},"dynamic_complexity":2.82129573822,"erbbands":{"dmean":[0.0902322381735,1.15605032444,5.22685432434,7.07930850983,5.82604980469,5.4002456665,7.45896720886,9.20008563995,8.0641336441,7.45796108246,10.6449022293,6.75827121735,5.72244977951,11.2980413437,6.07626438141,15.7680253983,10.9943742752,15.4445714951,23.4701099396,18.2701225281,21.05119133,21.3572921753,22.1382808685,14.5100288391,12.8204832077,7.52265262604,6.91310453415,6.00620031357,7.02777147293,6.00598144531,5.93613958359,4.96104812622,2.91952681541,1.24459636211,0.567758619785,0.260402619839,0.114264279604,0.0202420279384,0.00211826106533,0.000123701320263],"dmean2":[0.145397081971,1.99916636944,9.38330173492,11.9444875717,9.89352989197,9.16696643829,12.0762863159,16.3121795654,13.3269233704,12.0813446045,15.7393350601,10.6636095047,8.82582950592,16.1530132294,9.25215053558,23.0738735199,16.9494152069,25.0667514801,37.7171287537,29.6337890625,34.5411186218,34.8532028198,35.9625549316,23.2685413361,20.748878479,12.1095962524,11.0608301163,9.30861949921,10.3998165131,9.09964466095,9.29671001434,7.64689731598,4.19579267502,1.69398009777,0.760030508041,0.343117028475,0.154712513089,0.0272280909121,0.00283809262328,0.000166798083228],"dvar":[0.0283475685865,6.3912320137,163.907928467,216.862976074,70.2211227417,97.3078231812,134.575042725,456.074432373,251.92288208,272.173461914,367.315063477,179.433303833,127.899208069,415.153686523,112.347610474,775.445129395,367.059661865,744.795532227,2919.40600586,1261.35827637,1022.85186768,1153.00939941,1463.81237793,471.121002197,425.549865723,167.776351929,160.57232666,140.206985474,276.759552002,167.807647705,148.275527954,141.417221069,59.328502655,8.99045181274,1.77485239506,0.269750773907,0.054143704474,0.00187973852735,0.0000268164967565,1.17630456486e-7],"dvar2":[0.0718493536115,17.9545497894,464.930938721,568.901367188,192.084716797,276.117614746,358.785217285,1324.97424316,660.297546387,703.00579834,852.45690918,457.884429932,318.543670654,808.38104248,265.165649414,1537.63830566,858.444580078,1834.06738281,7336.91845703,3140.52978516,2809.14135742,3071.89306641,3696.75634766,1160.92736816,1099.26000977,424.263122559,412.798980713,335.585754395,597.815979004,368.130249023,365.630950928,345.858337402,134.304138184,18.6862373352,3.54445528984,0.518608272076,0.122349880636,0.00415798323229,0.0000638032943243,2.9967344517e-7],"max":[1.88033890724,25.9593505859,93.4409103394,150.820922852,78.1348648071,189.735275269,161.304946899,256.007537842,306.120147705,355.814544678,393.460998535,231.463241577,364.414245605,550.746765137,275.099212646,670.75604248,623.924926758,912.975036621,1349.60510254,1028.73327637,585.836242676,688.905822754,591.383972168,387.449462891,586.84942627,347.885101318,267.663146973,222.298568726,419.417907715,339.424560547,254.023345947,271.671783447,250.869171143,81.115562439,36.9647369385,13.8335523605,6.45088481903,1.38969802856,0.180232316256,0.0133484210819],"mean":[0.132243156433,1.46947705746,4.64064407349,7.48893547058,8.12030220032,9.23971652985,14.225476265,12.102191925,14.16355896,14.1705207825,22.0003032684,13.7288599014,12.5904216766,22.4760417938,13.171084404,31.8949279785,22.6687469482,28.703918457,41.1378135681,37.4852218628,45.4785423279,47.4503059387,48.9890823364,35.158531189,29.0743236542,17.7099132538,15.3948421478,13.2005214691,14.5707159042,13.3569259644,12.9539642334,11.0959539413,6.59255981445,2.71946644783,1.19907069206,0.541791379452,0.209061726928,0.0371108725667,0.00366701581515,0.000225235213293],"median":[0.0579547397792,0.737739145756,1.45854651928,3.17614483833,5.34003353119,5.74662017822,8.68180179596,7.12712669373,7.19246387482,6.75101804733,9.77418327332,8.58785247803,7.57654571533,9.41444969177,8.62337398529,15.2498703003,14.9009208679,16.4020824432,18.0454940796,23.1387023926,30.3161525726,32.3740577698,26.3068828583,22.6800289154,19.621635437,10.6569509506,7.99083566666,6.0523557663,5.31319475174,4.938372612,4.64878511429,3.79791402817,2.15624451637,0.707176148891,0.284894198179,0.150188997388,0.0469446182251,0.00834066141397,0.000901477586012,0.0000806632742751],"min":[7.14552372827e-9,4.09506348831e-8,1.1878097439e-7,1.33388653012e-7,7.05971814341e-8,1.4434576201e-7,1.05668561901e-7,2.15257543346e-7,7.43302848605e-7,6.06100059031e-7,6.81911842548e-7,1.26214345642e-7,3.0271507967e-7,3.49451511283e-7,5.99385543865e-7,8.21659284611e-7,0.00000103505976767,8.56880319589e-7,7.94877223598e-7,8.05167530871e-7,9.24200207919e-7,0.0000010032595128,6.72857879636e-7,7.42923134567e-7,7.21335311482e-7,6.31440627785e-7,9.10687049327e-7,6.42375312054e-7,6.27379733942e-7,6.83507892063e-7,5.64989761642e-7,6.26177268259e-7,4.5843481189e-7,4.67471210186e-7,2.53160607144e-7,3.31347166593e-7,1.46355304764e-7,6.10678583257e-8,8.21804135853e-9,1.60225788193e-9],"var":[0.0392449572682,5.75524091721,112.067047119,182.964309692,81.3069915771,150.680236816,292.223236084,326.466583252,477.198699951,503.272033691,1153.56005859,317.099243164,294.913238525,1230.27502441,283.182434082,2171.59179688,806.744689941,1545.72595215,6046.95605469,2850.95825195,2435.54760742,2598.76074219,3972.93359375,1387.94555664,1010.12683105,444.161010742,412.724578857,351.025543213,778.090820312,555.45098877,413.598968506,304.273620605,141.768417358,32.586265564,6.16311264038,0.973669588566,0.161603912711,0.00546869449317,0.0000511596444994,1.59327854021e-7]},"erbbands_crest":{"dmean":1.88626623154,"dmean2":3.08605074883,"dvar":3.37333512306,"dvar2":8.22371864319,"max":30.4001541138,"mean":7.01441574097,"median":6.28098773956,"min":2.23809361458,"var":9.81220722198},"erbbands_flatness_db":{"dmean":0.0156713016331,"dmean2":0.0206379834563,"dvar":0.000250423239777,"dvar2":0.000406870967709,"max":0.377400279045,"mean":0.126444935799,"median":0.119598016143,"min":0.0196228902787,"var":0.00200130813755},"erbbands_kurtosis":{"dmean":0.647276878357,"dmean2":0.98295789957,"dvar":0.952265679836,"dvar2":1.78110682964,"max":62.2717895508,"mean":0.264793872833,"median":-0.252508163452,"min":-1.65787541866,"var":8.41862487793},"erbbands_skewness":{"dmean":0.251526594162,"dmean2":0.38626408577,"dvar":0.0529969744384,"dvar2":0.121696680784,"max":5.88369941711,"mean":-0.269590258598,"median":-0.331556856632,"min":-3.03245663643,"var":0.42904534936},"erbbands_spread":{"dmean":8.88859939575,"dmean2":13.5457544327,"dvar":95.5369949341,"dvar2":210.03742981,"max":132.818359375,"mean":43.8052444458,"median":41.457069397,"min":2.29953479767,"var":348.748168945},"gfcc":{"cov":[[12332.5292969,-856.925537109,-270.545501709,99.1618347168,-511.096588135,197.82270813,-593.55682373,71.4465866089,-253.781890869,127.04322052,-65.7205734253,123.530708313,-305.467987061],[-856.925537109,1479.4597168,-172.55670166,-113.27986145,179.933059692,-123.678710938,87.1250839233,-46.0358581543,40.7913589478,-41.9565544128,83.7349777222,-38.1929664612,78.2571411133],[-270.545501709,-172.55670166,970.695861816,234.100250244,212.608322144,118.035736084,127.5519104,70.1353912354,58.0842590332,101.945777893,14.2356071472,75.7988204956,-10.6233654022],[99.1618347168,-113.27986145,234.100250244,353.494689941,72.1324386597,65.6134796143,21.1832065582,15.7291297913,41.8584098816,15.4399814606,25.7722244263,26.7480182648,12.8620023727],[-511.096588135,179.933059692,212.608322144,72.1324386597,277.554748535,36.8467407227,76.7583618164,59.5237083435,50.6833381653,14.4740619659,36.6613693237,20.3292427063,19.7497024536],[197.82270813,-123.678710938,118.035736084,65.6134796143,36.8467407227,138.66973877,51.4363250732,20.1066551208,3.45862913132,24.3333415985,1.83491587639,22.506986618,3.32607603073],[-593.55682373,87.1250839233,127.5519104,21.1832065582,76.7583618164,51.4363250732,148.681808472,35.6248664856,20.8507862091,12.7063350677,9.6816110611,13.3746862411,22.575012207],[71.4465866089,-46.0358581543,70.1353912354,15.7291297913,59.5237083435,20.1066551208,35.6248664856,111.81603241,46.5783538818,20.6186637878,19.8576202393,20.6783466339,-1.45919811726],[-253.781890869,40.7913589478,58.0842590332,41.8584098816,50.6833381653,3.45862913132,20.8507862091,46.5783538818,85.0806655884,25.9277172089,20.9103279114,2.67537331581,6.46006584167],[127.04322052,-41.9565544128,101.945777893,15.4399814606,14.4740619659,24.3333415985,12.7063350677,20.6186637878,25.9277172089,82.257598877,15.5956039429,19.7759056091,-2.83138513565],[-65.7205734253,83.7349777222,14.2356071472,25.7722244263,36.6613693237,1.83491587639,9.6816110611,19.8576202393,20.9103279114,15.5956039429,74.282371521,26.1880130768,5.74937486649],[123.530708313,-38.1929664612,75.7988204956,26.7480182648,20.3292427063,22.506986618,13.3746862411,20.6783466339,2.67537331581,19.7759056091,26.1880130768,69.0536193848,26.5358505249],[-305.467987061,78.2571411133,-10.6233654022,12.8620023727,19.7497024536,3.32607603073,22.575012207,-1.45919811726,6.46006584167,-2.83138513565,5.74937486649,26.5358505249,66.7829284668]],"icov":[[0.000186798322829,-0.000165457313415,0.0000783909781603,-0.00020306231454,0.000246756477281,-0.000530590594281,0.000852408469655,-0.000651246344205,0.000660473655444,-0.000367026979802,0.000444973993581,-0.000749923929106,0.000931185961235],[-0.000165457313415,0.00132315699011,0.0000665000261506,0.000567794835661,-0.0010530607542,0.00142848736141,-0.00154590979218,0.00161956052762,-0.000979990116321,0.000505054311361,-0.00189833296463,0.00179084821139,-0.0020397878252],[0.0000783909781603,0.0000665000261506,0.00202166102827,-0.00100873748306,-0.00109849579167,-0.000092635564215,-0.000839633576106,0.000171087813214,0.000165244215168,-0.00180230441038,0.00156753149349,-0.00236918288283,0.00212757918052],[-0.00020306231454,0.000567794835661,-0.00100873748306,0.00432921247557,-0.000563843525015,-0.000839496788103,-0.000147097394802,0.00183196691796,-0.00281600328162,0.00186200696044,-0.00218164990656,0.00130204996094,-0.00226830295287],[0.000246756477281,-0.0010530607542,-0.00109849579167,-0.000563843525015,0.00652354210615,-0.00166600057855,0.000523607130162,-0.00309794279747,-0.0000900769955479,0.000832071527839,-0.000687791209202,-0.000287410104647,0.000423001882154],[-0.000530590594281,0.00142848736141,-0.000092635564215,-0.000839496788103,-0.00166600057855,0.0123175401241,-0.00620067352429,0.00202892883681,-0.000223311479203,-0.00110391911585,-0.000765244476497,0.000682141748257,-0.00216468446888],[0.000852408469655,-0.00154590979218,-0.000839633576106,-0.000147097394802,0.000523607130162,-0.00620067352429,0.0145275797695,-0.00562375504524,0.00322209717706,-0.00113014411181,0.00202520261519,-0.00154249928892,0.000804451410659],[-0.000651246344205,0.00161956052762,0.000171087813214,0.00183196691796,-0.00309794279747,0.00202892883681,-0.00562375504524,0.0173277147114,-0.00996938720345,0.00178420485463,-0.00239558960311,-0.00185380771291,-0.000124674901599],[0.000660473655444,-0.000979990116321,0.000165244215168,-0.00281600328162,-0.0000900769955479,-0.000223311479203,0.00322209717706,-0.00996938720345,0.0224301479757,-0.00674866465852,-0.00107614835724,0.00317877647467,-0.00015748696751],[-0.000367026979802,0.000505054311361,-0.00180230441038,0.00186200696044,0.000832071527839,-0.00110391911585,-0.00113014411181,0.00178420485463,-0.00674866465852,0.0178503021598,-0.00319966534153,-0.00148709304631,-0.00041005157982],[0.000444973993581,-0.00189833296463,0.00156753149349,-0.00218164990656,-0.000687791209202,-0.000765244476497,0.00202520261519,-0.00239558960311,-0.00107614835724,-0.00319966534153,0.0218572746962,-0.0120904380456,0.007324738428],[-0.000749923929106,0.00179084821139,-0.00236918288283,0.00130204996094,-0.000287410104647,0.000682141748257,-0.00154249928892,-0.00185380771291,0.00317877647467,-0.00148709304631,-0.0120904380456,0.0311783030629,-0.0173426326364],[0.000931185961235,-0.0020397878252,0.00212757918052,-0.00226830295287,0.000423001882154,-0.00216468446888,0.000804451410659,-0.000124674901599,-0.00015748696751,-0.00041005157982,0.007324738428,-0.0173426326364,0.0283650476485]],"mean":[31.2368965149,61.194984436,-112.196800232,40.5916824341,-48.7118301392,12.5871429443,-41.7529449463,6.82071495056,-21.1701488495,-2.51112222672,-14.8333463669,1.00106847286,-14.426527977]},"hfc":{"dmean":8.57495117188,"dmean2":12.0194196701,"dvar":168.971496582,"dvar2":350.027069092,"max":249.335266113,"mean":33.6992645264,"median":25.8433876038,"min":0.00000834880393086,"var":819.869262695},"melbands":{"dmean":[0.000919680693187,0.00232900422998,0.00114069774281,0.000396201794501,0.000239143468207,0.000205078613362,0.000121023433167,0.0000790389167378,0.0000812591097201,0.0000419605494244,0.0000297447259072,0.0000494403502671,0.0000185409808182,0.0000416999610025,0.0000279353553196,0.0000285156602331,0.000029418615668,0.0000403053745686,0.0000239016826526,0.0000252066547546,0.0000310127215926,0.0000271275876003,0.0000201441944228,0.000026428977435,0.0000114013064376,0.0000114680888146,0.00000742135625842,0.00000535207618668,0.00000472877263746,0.00000442910868514,0.00000364206812264,0.00000409386302636,0.00000430490126746,0.00000336669609169,0.00000359818636753,0.00000380812343792,0.00000315846455123,0.00000238628786065,0.00000147614787238,0.00000100499664768],"dmean2":[0.00150567234959,0.0041466630064,0.00191808689851,0.000672834401485,0.000389360269764,0.00036179923336,0.000198541747523,0.000127313061967,0.000120152028103,0.0000666882406222,0.0000456850611954,0.0000704957055859,0.0000287530074274,0.0000611036084592,0.0000419090356445,0.0000456129419035,0.0000476716377307,0.0000647853448754,0.0000387928812415,0.0000408456326113,0.0000512777514814,0.0000444603792857,0.0000328692185576,0.0000431580556324,0.0000185258140846,0.0000184436557902,0.0000121979737742,0.00000876368449099,0.00000768860172684,0.00000712626115273,0.00000574628757022,0.00000617302703176,0.00000652506196275,0.00000524686538483,0.00000573331044507,0.00000606712410445,0.00000493676179758,0.00000356026725967,0.00000210694884117,0.00000139865267101],"dvar":[0.00000313964051202,0.0000306163092318,0.00000503609999214,3.37953963481e-7,1.32788088081e-7,2.14797239551e-7,5.21309750923e-8,2.70449760364e-8,2.0436480952e-8,6.94340362983e-9,3.27534421807e-9,8.09027156379e-9,1.33749367137e-9,4.91795892898e-9,2.39659847523e-9,2.90330159913e-9,2.99852520591e-9,1.06655457799e-8,2.79577383466e-9,1.90781235254e-9,2.55117282855e-9,1.88977566928e-9,1.00240160616e-9,3.1385909427e-9,3.42781553142e-10,3.13323728074e-10,1.46660711353e-10,9.96233859296e-11,7.71216979167e-11,7.30288537976e-11,5.35671160207e-11,1.01297303878e-10,9.19513076791e-11,5.49414229389e-11,5.64459520791e-11,6.39913261269e-11,6.0439271643e-11,3.98080457487e-11,1.5663399397e-11,5.62865596146e-12],"dvar2":[0.00000759500608183,0.0000870664298418,0.0000132218183353,9.46727880091e-7,3.59821456186e-7,6.23670587174e-7,1.35440060944e-7,7.01772648881e-8,4.6946112775e-8,1.7613286829e-8,8.14375233915e-9,1.56527111272e-8,3.25181659377e-9,1.01769916938e-8,5.46874323604e-9,6.79371137124e-9,7.36325578288e-9,2.68267630332e-8,7.08960357088e-9,4.78831019279e-9,7.19240977887e-9,5.20812015736e-9,2.54774490394e-9,7.80703590664e-9,8.53908777021e-10,7.97058197222e-10,3.78547748703e-10,2.58604304637e-10,1.99668503953e-10,1.91679894179e-10,1.29053254194e-10,2.23844345837e-10,2.12255824028e-10,1.2528521276e-10,1.39082037554e-10,1.64715921458e-10,1.48965562108e-10,9.33675498027e-11,3.58203154638e-11,1.16931230323e-11],"max":[0.0166649110615,0.0443645603955,0.0227038282901,0.0102765895426,0.00471669854596,0.00529794814065,0.00440819421783,0.00324953743257,0.00309435697272,0.00146242638584,0.00177047669422,0.00241179461591,0.00108665693551,0.00227197096683,0.0010247832397,0.00264003616758,0.00209260499105,0.00295816943981,0.00153585884254,0.00124008406419,0.000816445506644,0.000771102961153,0.000993463560008,0.000977917108685,0.000356731470674,0.000475573382573,0.000289465358946,0.000324063148582,0.000193896834389,0.000270552292932,0.000153951288667,0.000278442312265,0.000248513038969,0.000198537585675,0.000167856036569,0.000170331375557,0.000174302665982,0.000187785393791,0.000117999581562,0.0000735971480026],"mean":[0.00144301028922,0.0023372778669,0.00130331679247,0.000631903589237,0.000467573700007,0.000278232677374,0.00022013153648,0.00014976975217,0.000169089718838,0.00008066312148,0.0000635921533103,0.0000958694217843,0.0000347187778971,0.0000831152283354,0.0000566598428122,0.0000520369721926,0.0000509997989866,0.0000669204819133,0.0000449807448604,0.0000503114752064,0.0000585956222494,0.0000532632802788,0.0000400200406148,0.0000499100424349,0.0000247693915298,0.0000243189024332,0.0000153048295033,0.0000110648734335,0.0000096843305073,0.00000864946105139,0.0000073488668022,0.00000786982491263,0.0000085923820734,0.00000693290576237,0.00000730225974621,0.00000762217496231,0.00000654572613712,0.00000508747007189,0.0000030161900213,0.00000205239985007],"median":[0.000740606570616,0.000968676118646,0.000647082226351,0.000432119646575,0.000298305385513,0.000169857448782,0.00011461279064,0.0000784819640103,0.0000781483904575,0.0000476326458738,0.0000371031928807,0.0000376056850655,0.0000197653571377,0.0000394398048229,0.0000337413475791,0.000031888452213,0.0000274304948107,0.0000254507231148,0.000026116897061,0.0000310453760903,0.0000341864506481,0.0000340751903423,0.0000256036801147,0.0000203402341867,0.0000154206481966,0.0000161470870808,0.00000965622439253,0.00000582554957873,0.0000048995511861,0.00000423166329711,0.00000313977898259,0.00000278818583865,0.00000311540793518,0.00000247931939157,0.00000256007956523,0.00000263607512352,0.00000213322232412,0.00000162867399922,8.57444604208e-7,4.60759622456e-7],"min":[6.61006457903e-11,6.10322348216e-11,2.11350294904e-11,7.3645091761e-12,4.51468636781e-12,5.16133056433e-12,1.08939871013e-11,6.86492399385e-12,4.22602144251e-12,5.42460336633e-13,1.37642555773e-12,9.92241445258e-13,1.20317406212e-12,1.15037504262e-12,1.91589777897e-12,1.87046710586e-12,1.48190433449e-12,9.79513779115e-13,1.00962977128e-12,6.904755088e-13,1.04053614683e-12,9.09875365156e-13,6.14868887142e-13,5.20269537087e-13,5.60329289478e-13,4.85330796818e-13,4.83345568431e-13,3.69094295058e-13,4.90730774159e-13,3.62183915671e-13,2.86229617482e-13,3.58452633895e-13,2.63275946183e-13,4.54971834946e-13,3.03701833647e-13,3.49651324604e-13,3.89565116277e-13,3.09320440355e-13,2.92158522852e-13,3.91753849412e-13],"var":[0.0000043246614041,0.0000220265083044,0.00000437241851614,5.0625988024e-7,2.71023878895e-7,1.58046574938e-7,1.0726402877e-7,4.74959591656e-8,6.49656684004e-8,1.22383063683e-8,7.70896768643e-9,2.39801618562e-8,3.15205239687e-9,1.41132403542e-8,5.40307620867e-9,5.32077004678e-9,5.8614229026e-9,2.19585452044e-8,5.05494757164e-9,4.61996352286e-9,5.26610000051e-9,3.71965680479e-9,2.18755302761e-9,7.32401561621e-9,8.46456238435e-10,7.37018335251e-10,3.32836896932e-10,2.25853280522e-10,1.90671298195e-10,1.36628652836e-10,1.2761480761e-10,2.53563503527e-10,2.58704391243e-10,1.60713858888e-10,1.53436707784e-10,1.3589364356e-10,1.20663021241e-10,8.67588223485e-11,3.86258872109e-11,2.0832965561e-11]},"melbands_crest":{"dmean":3.25397396088,"dmean2":5.35213661194,"dvar":10.368060112,"dvar2":26.8817195892,"max":33.6197166443,"mean":12.3607120514,"median":11.5283536911,"min":3.28787493706,"var":22.4079055786},"melbands_flatness_db":{"dmean":0.0245488807559,"dmean2":0.039466060698,"dvar":0.000696914328728,"dvar2":0.00184203800745,"max":0.713983714581,"mean":0.152584522963,"median":0.141006931663,"min":0.019520284608,"var":0.00563943665475},"melbands_kurtosis":{"dmean":7.47803401947,"dmean2":12.433719635,"dvar":264.5,"dvar2":718.221252441,"max":374.569366455,"mean":11.1865816116,"median":5.08842945099,"min":-1.69953358173,"var":449.129577637},"melbands_skewness":{"dmean":0.809018850327,"dmean2":1.26691353321,"dvar":1.10989713669,"dvar2":2.80126976967,"max":15.049446106,"mean":2.50372481346,"median":2.18664312363,"min":-3.38231110573,"var":2.94980406761},"melbands_spread":{"dmean":10.3112411499,"dmean2":15.9285535812,"dvar":164.649673462,"dvar2":366.900238037,"max":207.24230957,"mean":37.3993606567,"median":32.7330207825,"min":0.320904791355,"var":564.512756348},"mfcc":{"cov":[[9206.00390625,180.198699951,-100.471534729,-147.187332153,35.1140289307,-143.086853027,-190.155822754,-93.5735778809,-284.773925781,-47.4836044312,-8.21116065979,28.1259002686,-62.4883499146],[180.198699951,1177.4979248,-283.615936279,4.50513792038,-0.113731324673,-45.9798355103,10.1329221725,-10.5794963837,-35.079875946,18.5601997375,-2.05646181107,-38.8890647888,15.2557783127],[-100.471534729,-283.615936279,631.372924805,183.456756592,116.313468933,137.217666626,85.5201797485,43.3030395508,84.1944656372,-2.25870943069,55.5751113892,57.5656051636,60.0431213379],[-147.187332153,4.50513792038,183.456756592,261.278839111,122.889167786,63.5087509155,36.8003082275,42.3961181641,35.5597190857,12.5626955032,11.8310289383,44.8297767639,29.2417106628],[35.1140289307,-0.113731324673,116.313468933,122.889167786,214.76940918,43.2189712524,38.9263916016,50.7172698975,25.9147529602,32.1719245911,21.7774085999,37.115814209,26.1175823212],[-143.086853027,-45.9798355103,137.217666626,63.5087509155,43.2189712524,147.349746704,60.7666931152,15.3036870956,33.2021713257,1.1150226593,3.69567394257,9.132188797,17.767414093],[-190.155822754,10.1329221725,85.5201797485,36.8003082275,38.9263916016,60.7666931152,116.745498657,48.5647506714,32.505241394,5.86230278015,21.0560665131,17.4822444916,20.924451828],[-93.5735778809,-10.5794963837,43.3030395508,42.3961181641,50.7172698975,15.3036870956,48.5647506714,93.4669647217,33.1000595093,14.25877285,10.4160137177,27.0325737,8.21705532074],[-284.773925781,-35.079875946,84.1944656372,35.5597190857,25.9147529602,33.2021713257,32.505241394,33.1000595093,95.6216659546,22.3286800385,14.6250944138,5.08165550232,21.7093048096],[-47.4836044312,18.5601997375,-2.25870943069,12.5626955032,32.1719245911,1.1150226593,5.86230278015,14.25877285,22.3286800385,69.5118865967,24.1372032166,10.3794927597,2.19303417206],[-8.21116065979,-2.05646181107,55.5751113892,11.8310289383,21.7774085999,3.69567394257,21.0560665131,10.4160137177,14.6250944138,24.1372032166,73.8432846069,24.4457836151,13.7225627899],[28.1259002686,-38.8890647888,57.5656051636,44.8297767639,37.115814209,9.132188797,17.4822444916,27.0325737,5.08165550232,10.3794927597,24.4457836151,79.2186660767,26.2584648132],[-62.4883499146,15.2557783127,60.0431213379,29.2417106628,26.1175823212,17.767414093,20.924451828,8.21705532074,21.7093048096,2.19303417206,13.7225627899,26.2584648132,71.4402313232]],"icov":[[0.000125788006699,-0.0000319186146953,-0.0000744886710891,0.000111118009954,-0.000104795370135,0.0000143886172737,0.000178457252332,-0.0000386870015063,0.000356541248038,0.0000167826092365,-0.0000215713080252,-0.0000815256571514,0.0000461265371996],[-0.0000319186146953,0.00107622565702,0.000672773749102,-0.000533782469574,-0.0000109254679046,0.00012617270113,-0.000555084843654,0.000111231631308,0.000255306193139,-0.000218122455408,-0.000356799340807,0.000809540331829,-0.000782202754635],[-0.0000744886710891,0.000672773749102,0.00316257029772,-0.00144772464409,-0.0003240883525,-0.00143697194289,-0.000546304741874,0.000495004002005,-0.00145151617471,0.0014035749482,-0.00186394306365,-0.0000652117232676,-0.000915337586775],[0.000111118009954,-0.000533782469574,-0.00144772464409,0.00670325523242,-0.00267721130513,-0.00101895118132,0.000985824153759,-0.000677178439219,-0.000322895153658,0.000233927567024,0.00131540803704,-0.00218881922774,0.000348293746356],[-0.000104795370135,-0.0000109254679046,-0.0003240883525,-0.00267721130513,0.00758176995441,-0.000599277555011,-0.00016201044491,-0.00244292896241,0.000962506863289,-0.00277180946432,-0.000195697633899,-0.0000873514072737,-0.00115313194692],[0.0000143886172737,0.00012617270113,-0.00143697194289,-0.00101895118132,-0.000599277555011,0.0108950315043,-0.00526448898017,0.00258094165474,-0.00133727944922,-0.00026724053896,0.00221389695071,0.000345850741724,0.000227182696108],[0.000178457252332,-0.000555084843654,-0.000546304741874,0.000985824153759,-0.00016201044491,-0.00526448898017,0.015423563309,-0.00700785638765,-0.0000138652403621,0.00145429512486,-0.00317761301994,0.00050422368804,-0.00162803276908],[-0.0000386870015063,0.000111231631308,0.000495004002005,-0.000677178439219,-0.00244292896241,0.00258094165474,-0.00700785638765,0.0180557947606,-0.00498754624277,-0.000381313497201,0.00195732270367,-0.00489863427356,0.00298244017176],[0.000356541248038,0.000255306193139,-0.00145151617471,-0.000322895153658,0.000962506863289,-0.00133727944922,-0.0000138652403621,-0.00498754624277,0.0168971829116,-0.00487889023498,-0.000543650996406,0.00371992099099,-0.00407992210239],[0.0000167826092365,-0.000218122455408,0.0014035749482,0.000233927567024,-0.00277180946432,-0.00026724053896,0.00145429512486,-0.000381313497201,-0.00487889023498,0.019464828074,-0.00600309949368,-0.00115697365254,0.00194699119311],[-0.0000215713080252,-0.000356799340807,-0.00186394306365,0.00131540803704,-0.000195697633899,0.00221389695071,-0.00317761301994,0.00195732270367,-0.000543650996406,-0.00600309949368,0.0189506541938,-0.00462127663195,-0.000280050153378],[-0.0000815256571514,0.000809540331829,-0.0000652117232676,-0.00218881922774,-0.0000873514072737,0.000345850741724,0.00050422368804,-0.00489863427356,0.00371992099099,-0.00115697365254,-0.00462127663195,0.0193023961037,-0.00623375782743],[0.0000461265371996,-0.000782202754635,-0.000915337586775,0.000348293746356,-0.00115313194692,0.000227182696108,-0.00162803276908,0.00298244017176,-0.00407992210239,0.00194699119311,-0.000280050153378,-0.00623375782743,0.0188558213413]],"mean":[-609.391418457,90.690071106,-0.598395943642,27.3529376984,14.184340477,6.2036523819,-3.97780966759,6.89765930176,-5.07660913467,2.0461397171,-3.56210160255,2.27941250801,-2.9657459259]},"pitch_salience":{"dmean":0.0727616250515,"dmean2":0.123309746385,"dvar":0.00565735809505,"dvar2":0.0166336111724,"max":0.938868701458,"mean":0.569858968258,"median":0.581936657429,"min":0.14778085053,"var":0.0109457112849},"silence_rate_20dB":{"dmean":0,"dmean2":0,"dvar":0,"dvar2":0,"max":1,"mean":1,"median":1,"min":1,"var":0},"silence_rate_30dB":{"dmean":0.000250000011874,"dmean2":0.000500062480569,"dvar":0.00024994648993,"dvar2":0.000749879574869,"max":1,"mean":0.99987500906,"median":1,"min":0,"var":0.000124966274598},"silence_rate_60dB":{"dmean":0.00374999991618,"dmean2":0.00750093767419,"dvar":0.00373538327403,"dvar2":0.00919556152076,"max":1,"mean":0.0372453443706,"median":0,"min":0,"var":0.0358594320714},"spectral_centroid":{"dmean":269.073974609,"dmean2":424.359069824,"dvar":83015.5390625,"dvar2":198743.734375,"max":4881.54589844,"mean":1874.90930176,"median":1847.99938965,"min":96.8223571777,"var":433887.34375},"spectral_complexity":{"dmean":3.89374995232,"dmean2":5.85123157501,"dvar":16.8572750092,"dvar2":31.9475345612,"max":58,"mean":25.8918876648,"median":26,"min":0,"var":115.365745544},"spectral_contrast_coeffs":{"dmean":[0.0539915300906,0.0431387834251,0.035084977746,0.0303096733987,0.0221744459122,0.0165429804474],"dmean2":[0.0889006182551,0.071564771235,0.0554353035986,0.0491535589099,0.0359648130834,0.0257778596133],"dvar":[0.00201781862415,0.0012913387036,0.000806686643045,0.000587844464462,0.000378031400032,0.000216120897676],"dvar2":[0.00539840431884,0.00357029819861,0.00197503576055,0.0014648810029,0.000861506501678,0.000476683606394],"max":[-0.296690106392,-0.507999062538,-0.522451162338,-0.562343537807,-0.594061434269,-0.594921410084],"mean":[-0.644647479057,-0.730281949043,-0.761250317097,-0.764202713966,-0.769004881382,-0.762539684772],"median":[-0.652880549431,-0.73151922226,-0.764152705669,-0.767761230469,-0.773055791855,-0.760276675224],"min":[-0.924403190613,-0.949734330177,-0.95519310236,-0.944489717484,-0.937319159508,-0.913297474384],"var":[0.00741548556834,0.00390160549432,0.00372089911252,0.00270238262601,0.00223469268531,0.001218019519]},"spectral_contrast_valleys":{"dmean":[0.421431303024,0.349660336971,0.292424082756,0.254852026701,0.207398921251,0.304518073797],"dmean2":[0.666858494282,0.567611813545,0.467403143644,0.403947561979,0.314882725477,0.371775180101],"dvar":[0.151802286506,0.101485677063,0.0636145025492,0.0572108924389,0.0576117932796,0.139882072806],"dvar2":[0.347409576178,0.249696284533,0.154255181551,0.12758359313,0.111588269472,0.242120191455],"max":[-5.20214748383,-5.00004577637,-5.67587566376,-5.76596307755,-5.36238050461,-7.17314243317],"mean":[-7.16271591187,-6.83227062225,-7.45734405518,-7.53026103973,-7.13349866867,-9.5176153183],"median":[-6.83391046524,-6.64244651794,-7.28290939331,-7.34231233597,-6.94858980179,-9.36513805389],"min":[-14.0212211609,-14.6025772095,-15.4489173889,-15.1047067642,-14.9785737991,-16.6916275024],"var":[1.43910396099,1.24754178524,1.17813491821,1.20350050926,1.25319933891,1.69240927696]},"spectral_decrease":{"dmean":3.01535929559e-9,"dmean2":4.81692996601e-9,"dvar":2.69803617979e-17,"dvar2":6.87766665671e-17,"max":-3.84373810585e-16,"mean":-6.79219258615e-9,"median":-5.36881783475e-9,"min":-4.24133261845e-8,"var":3.22013570795e-17},"spectral_energy":{"dmean":0.011853040196,"dmean2":0.0187456645072,"dvar":0.000395386159653,"dvar2":0.000996620510705,"max":0.162527680397,"mean":0.0286919604987,"median":0.0232303831726,"min":2.20798068717e-9,"var":0.000511465885211},"spectral_energyband_high":{"dmean":0.000778098008595,"dmean2":0.001058163587,"dvar":0.00000229873103308,"dvar2":0.00000468821326649,"max":0.027582924813,"mean":0.00219592801295,"median":0.000926524051465,"min":4.91654938983e-10,"var":0.00000947888838709},"spectral_energyband_low":{"dmean":0.0093932133168,"dmean2":0.0157549958676,"dvar":0.000380333687644,"dvar2":0.00101429095957,"max":0.157080963254,"mean":0.0118555761874,"median":0.00585309229791,"min":3.97865879131e-10,"var":0.000352012517396},"spectral_energyband_middle_high":{"dmean":0.00168734695762,"dmean2":0.00259376782924,"dvar":0.0000041213984332,"dvar2":0.00000985265251074,"max":0.0423139855266,"mean":0.00670479284599,"median":0.00586293917149,"min":2.5493282485e-10,"var":0.0000234420640481},"spectral_energyband_middle_low":{"dmean":0.00435678847134,"dmean2":0.00721904495731,"dvar":0.000047900226491,"dvar2":0.000126397659187,"max":0.0693799555302,"mean":0.00944805704057,"median":0.00761981215328,"min":2.581070635e-10,"var":0.0000583461551287},"spectral_entropy":{"dmean":0.11886254698,"dmean2":0.171729296446,"dvar":0.0148240756243,"dvar2":0.0293068829924,"max":8.78893089294,"mean":7.84608364105,"median":7.87616682053,"min":4.56862592697,"var":0.179702863097},"spectral_flux":{"dmean":0.0287655275315,"dmean2":0.0434876419604,"dvar":0.00162632286083,"dvar2":0.00305849686265,"max":0.355078458786,"mean":0.092057749629,"median":0.0781607404351,"min":0.0000526238727616,"var":0.0033910064958},"spectral_kurtosis":{"dmean":0.926556646824,"dmean2":1.51726210117,"dvar":2.21675419807,"dvar2":5.89005851746,"max":77.6381835938,"mean":3.8243162632,"median":3.00177097321,"min":-0.689825057983,"var":29.691696167},"spectral_rms":{"dmean":0.000931496324483,"dmean2":0.00141465291381,"dvar":0.00000164953223702,"dvar2":0.00000385017210647,"max":0.0125922039151,"mean":0.00492739491165,"median":0.00476064998657,"min":0.00000146769468756,"var":0.00000371283454115},"spectral_rolloff":{"dmean":712.696350098,"dmean2":1176.19763184,"dvar":1074611,"dvar2":2417252.25,"max":20004.3457031,"mean":2461.06762695,"median":2217.91992188,"min":43.06640625,"var":3467129.25},"spectral_skewness":{"dmean":0.136032760143,"dmean2":0.215066969395,"dvar":0.0203770324588,"dvar2":0.04973179847,"max":7.25211858749,"mean":1.36653864384,"median":1.31021106243,"min":0.118805341423,"var":0.306391119957},"spectral_spread":{"dmean":541121.0625,"dmean2":708222.375,"dvar":364264030208,"dvar2":590761164800,"max":11668866,"mean":5047479,"median":4885869.5,"min":1192238.625,"var":2150886539260},"spectral_strongpeak":{"dmean":0.563158929348,"dmean2":0.996501624584,"dvar":1.47259449959,"dvar2":3.81507849693,"max":11.7117080688,"mean":0.79243016243,"median":0.335014790297,"min":0,"var":1.7143843174},"zerocrossingrate":{"dmean":0.0117858275771,"dmean2":0.0139760514721,"dvar":0.000179871625733,"dvar2":0.000224190531299,"max":0.31396484375,"mean":0.0899893641472,"median":0.07958984375,"min":0.0029296875,"var":0.00205264589749}},"metadata":{"audio_properties":{"analysis_sample_rate":44100,"bit_rate":0,"codec":"flac","downmix":"mix","equal_loudness":0,"length":185.746673584,"lossless":true,"md5_encoded":"30088ea43591327702b051014a8a9af3","replay_gain":-13.2193164825,"sample_rate":44100},"tags":{"album":["Shabooh Shoobah"],"albumartist":["INXS"],"albumartistsort":["INXS"],"artist":["INXS"],"artistsort":["INXS"],"asin":["B000002JJY"],"date":["1982-10"],"discnumber":["1"],"disctotal":["1"],"file_name":"01-07 Golden Playpen.flac","genre":["Rock"],"musicbrainz_albumartistid":["481bf5f9-2e7c-4c44-b08a-05b32bc7c00d"],"musicbrainz_albumid":["5384a23f-ae28-4822-92ff-10ac27f3e7c7"],"musicbrainz_artistid":["481bf5f9-2e7c-4c44-b08a-05b32bc7c00d"],"musicbrainz_recordingid":["9f093128-282b-4e4b-b383-2f827246b80c"],"musicbrainz_releasegroupid":["d0b7bb2d-c91e-345b-a545-a4bf95cd9bff"],"originaldate":["1982-10"],"releasecountry":["AU"],"releasestatus":["official"],"releasetype":["album"],"script":["Latn"],"title":["Golden Playpen"],"totaldiscs":["1"],"totaltracks":["10"],"tracknumber":["7"],"tracktotal":["10"]},"version":{"essentia":"2.1-beta1","essentia_build_sha":"ca57ba49d9b1854bd80e60cf9ccf267278fb7d6b","essentia_git_sha":"v2.1_beta1-28-g21ef5f4-dirty","extractor":"music 1.0"}},"rhythm":{"beats_count":469,"beats_loudness":{"dmean":0.0234509985894,"dmean2":0.0433530025184,"dvar":0.000398557283916,"dvar2":0.00135589158162,"max":0.129852190614,"mean":0.0516742765903,"median":0.048831935972,"min":8.61390461182e-8,"var":0.0004993067123},"beats_loudness_band_ratio":{"dmean":[0.144098863006,0.0668850243092,0.0372776612639,0.0364366956055,0.0515893623233,0.0762981325388],"dmean2":[0.247502282262,0.121241740882,0.0636457428336,0.0650866478682,0.0896101519465,0.143381237984],"dvar":[0.0142926927656,0.00419893721119,0.00154515227769,0.0017031149473,0.00353548396379,0.0036064083688],"dvar2":[0.0383600182831,0.012807874009,0.00374683481641,0.004836039152,0.00928300525993,0.0098967757076],"max":[0.998