{"lowlevel":{"average_loudness":0.880285263062,"barkbands":{"dmean":[0.00115797203034,0.0134714590386,0.00274277175777,0.00114675657824,0.00067330210004,0.000663694227114,0.00147142796777,0.00192600209266,0.000275823433185,0.000245298229856,0.000515025458299,0.000353163981345,0.000278338557109,0.000265791430138,0.000414417707361,0.000193837069673,0.000195982633159,0.000172766929609,0.000135927577503,0.0000960099496297,0.000103307815152,0.0000530981124029,0.0000453388529422,0.0000491656865051,0.0000533509228262,0.0000236031537497,0.0000140954898598],"dmean2":[0.00187755655497,0.0226564090699,0.00497290818021,0.00206685625017,0.00114009110257,0.00105055700988,0.00234631891362,0.00314122135751,0.000404422869906,0.000373139220756,0.000777374545578,0.000524417147972,0.000421445874963,0.000405898725148,0.000658901000861,0.00029852296575,0.000307161390083,0.000274271267699,0.000214381405385,0.000148339095176,0.000158068651217,0.0000798090986791,0.0000602269683441,0.0000588022121519,0.0000650203073747,0.0000300137853628,0.0000185805420188],"dvar":[0.00000383783617508,0.000601115461905,0.0000440987678303,0.00000685005034029,0.00000168282099366,0.00000277124263448,0.0000399088785343,0.0000998208852252,7.58568660331e-7,7.34092907351e-7,0.00000394063772546,0.00000237244307755,6.36296647372e-7,9.81871039585e-7,0.00000290997581942,6.07650576967e-7,1.40214154953e-7,9.96179139179e-8,6.53795950711e-8,3.2329968036e-8,4.40017196013e-8,2.17902034194e-8,3.25729843098e-8,2.44884290623e-8,2.73055889011e-8,3.16447112958e-9,1.40488320977e-9],"dvar2":[0.00000951105539571,0.00153427221812,0.000125145990751,0.0000192182451428,0.00000451045752925,0.0000064094406298,0.0000929870002437,0.000265893206233,0.00000168001054135,0.00000159577439263,0.00000928379085963,0.0000046501977522,0.00000146234333442,0.00000228653721024,0.000007554207059,0.00000140530778481,3.2018030538e-7,2.31520388638e-7,1.62228545264e-7,7.75590933699e-8,1.06001849076e-7,4.85526285843e-8,5.00267702819e-8,3.28494635937e-8,3.64301975253e-8,5.09381470337e-9,2.45432629775e-9],"max":[0.0227244310081,0.213484689593,0.055227547884,0.0265921968967,0.0164679754525,0.0487541109324,0.177416354418,0.257788866758,0.026904925704,0.0231765378267,0.0549355447292,0.0972317159176,0.0254813209176,0.0392972715199,0.0538304746151,0.0370688773692,0.00671329954639,0.00424056826159,0.00406908337027,0.00274292216636,0.00306847481988,0.00674017006531,0.00986691750586,0.00530769955367,0.00681609893218,0.00115975795779,0.000936645665206],"mean":[0.0016284143785,0.0185105148703,0.00259638880379,0.0011710068211,0.000931311165914,0.000898087455425,0.00162397627719,0.00215493189171,0.000487796904054,0.000388255779399,0.000784392235801,0.00053905142704,0.000383660109947,0.000354244373739,0.000563601613976,0.000275562371826,0.000285862450255,0.000227676617214,0.000188842124771,0.000132122862851,0.000141036856803,0.0000851429722388,0.0000800478374003,0.0000937124714255,0.0000984143262031,0.0000360081612598,0.0000191939398064],"median":[0.000379888515454,0.0050513879396,0.000852890952956,0.000401877012337,0.000499329762533,0.000260456115939,0.000179912021849,0.000144764009747,0.0000734022105462,0.0000521135261806,0.0000390017230529,0.0000478555448353,0.0000607366127952,0.0000737846494303,0.000116408860777,0.0000868543502293,0.000104681384983,0.0000848082854645,0.0000836523322505,0.0000506100368511,0.0000487137476739,0.00000891006038728,0.00000545712146049,0.00000439777386418,0.000003168997182,9.13545079584e-7,2.19023490899e-7],"min":[1.56151497869e-23,5.68792567818e-23,9.4116249366e-24,1.17152092204e-23,2.08144547048e-23,9.48524396063e-23,3.49717911166e-23,2.75141841086e-23,1.4686945438e-22,4.96604411252e-23,2.02278400652e-22,6.11844052186e-23,7.61482509318e-23,1.01043514654e-22,1.14068946107e-22,1.43101968293e-22,2.31226213238e-22,2.0862645902e-22,1.20708920875e-22,3.14386970612e-22,4.41203770108e-22,4.4460952876e-22,6.00633947448e-22,7.73797221272e-22,1.43937514617e-21,1.72270338815e-21,2.47716763549e-21],"var":[0.00000660817477183,0.000987399602309,0.0000303692449961,0.00000505180014443,0.00000192443280866,0.0000052363316172,0.0000409643907915,0.000101957659354,0.00000189684772067,0.00000135556001624,0.00000796071162767,0.00000724903884475,9.67787173067e-7,0.00000146911679622,0.00000475911429021,0.00000105770118353,2.49144306963e-7,1.4061878062e-7,8.50220231996e-8,4.51460735462e-8,6.23150100409e-8,6.19564985982e-8,1.32144393206e-7,1.22929336044e-7,1.33481407261e-7,1.1021012547e-8,3.62971186441e-9]},"barkbands_crest":{"dmean":3.72450613976,"dmean2":6.08254003525,"dvar":10.4361696243,"dvar2":25.1859970093,"max":26.4422645569,"mean":13.0902204514,"median":12.2403450012,"min":1.90825092793,"var":34.3214683533},"barkbands_flatness_db":{"dmean":0.0414864569902,"dmean2":0.0630994737148,"dvar":0.00165054644458,"dvar2":0.003497463651,"max":0.564199626446,"mean":0.184673935175,"median":0.177733704448,"min":0.0182863473892,"var":0.00611833576113},"barkbands_kurtosis":{"dmean":14.7943916321,"dmean2":24.0274734497,"dvar":1361.14294434,"dvar2":3254.32910156,"max":789.126220703,"mean":18.0263385773,"median":3.35547018051,"min":-1.96592330933,"var":2062.88745117},"barkbands_skewness":{"dmean":1.25550115108,"dmean2":1.98330891132,"dvar":2.35249567032,"dvar2":5.53076076508,"max":22.8066883087,"mean":2.58418178558,"median":1.85136258602,"min":-4.0076341629,"var":7.61997175217},"barkbands_spread":{"dmean":7.99805307388,"dmean2":12.6694974899,"dvar":96.6390533447,"dvar2":209.236206055,"max":123.176475525,"mean":20.6107578278,"median":17.1231498718,"min":0.132482618093,"var":312.737762451},"dissonance":{"dmean":0.0188797228038,"dmean2":0.0305883940309,"dvar":0.000512896338478,"dvar2":0.00127892196178,"max":0.500000119209,"mean":0.464223176241,"median":0.474345684052,"min":0.149876713753,"var":0.00110847398173},"dynamic_complexity":5.71385955811,"erbbands":{"dmean":[0.542583286762,2.6904592514,3.28151392937,3.67345356941,2.51993179321,2.26108646393,3.64858174324,6.23970556259,13.1716651917,36.7962913513,32.0675582886,6.9615111351,6.14829111099,14.6127099991,16.7690238953,12.874382019,12.1344470978,13.0234718323,13.961400032,20.8155422211,9.7195148468,11.2566766739,10.945394516,7.28335666656,5.50629520416,4.22610378265,6.16331672668,2.12967801094,1.90729892254,1.69038021564,1.27145123482,0.957871258259,0.915247559547,0.700509667397,0.339270949364,0.115328289568,0.0424229986966,0.0156459473073,0.00259461882524,0.0000972420166363],"dmean2":[0.771577894688,4.83333730698,5.80536603928,6.61405992508,4.52964401245,3.81332230568,5.95782709122,9.90337848663,20.9841499329,59.7644844055,51.7685699463,10.3510074615,8.95082855225,21.8913707733,25.2621059418,18.7691955566,18.1368732452,19.9590377808,21.5633945465,32.7099227905,15.0610675812,17.3593502045,17.2552680969,11.5213365555,8.49516391754,6.46675252914,9.3204832077,3.296905756,2.88960623741,2.44472146034,1.66141271591,1.19881498814,1.12563204765,0.861426055431,0.432686388493,0.149872794747,0.0541324131191,0.0202906318009,0.00340790231712,0.000129548789118],"dvar":[0.8918222785,26.8598575592,63.1162109375,67.0142593384,31.0702438354,21.763584137,58.9044380188,279.088409424,2302.67504883,36821.1796875,31314.7324219,509.601959229,297.523834229,3501.61938477,4020.234375,3338.43969727,1227.77600098,2330.1940918,1874.78479004,9087.16113281,619.32244873,466.003295898,418.036743164,185.251800537,97.2461166382,71.9488677979,160.065765381,23.7703399658,22.7303581238,36.5301895142,28.5875034332,7.96105289459,11.3596744537,6.23591041565,0.93372297287,0.0784764140844,0.0107480911538,0.00178924552165,0.0000470742852485,6.31404191154e-8],"dvar2":[1.84201920033,76.4096908569,174.971405029,187.578674316,87.5041275024,58.5301170349,146.288314819,651.885986328,5503.08642578,91777.7734375,82625.078125,1201.97387695,658.973571777,7660.34228516,9518.16992188,6469.37207031,2850.64501953,5490.52978516,4047.2878418,23471.2929688,1524.54858398,1040.48059082,967.353820801,465.557434082,235.264251709,176.572814941,379.613800049,58.9885597229,53.7210655212,73.5838775635,40.6193618774,12.3361358643,16.5489997864,9.26101112366,1.44462525845,0.13020157814,0.0177682433277,0.00300012691878,0.000083302751591,1.42120597957e-7],"max":[9.5074338913,35.8473014832,65.1262588501,69.5595703125,85.4298095703,68.1613006592,143.77557373,473.237701416,983.049194336,5518.18701172,4683.26074219,766.270141602,607.745605469,1841.90930176,2757.62670898,3407.05224609,1260.01574707,2033.09313965,2583.33300781,3016.93115234,1182.80383301,333.278503418,320.924346924,194.206329346,296.795898438,129.081771851,192.056335449,73.2183837891,155.076126099,292.313415527,314.588531494,107.802536011,114.98764801,132.052368164,30.5284442902,6.59006357193,2.2555103302,1.24997162819,0.175034984946,0.0112002957612],"mean":[0.773968994617,3.14910149574,3.4715628624,3.84779882431,2.80170583725,3.05183839798,5.34795570374,8.25316238403,15.3994398117,41.7050361633,37.8054351807,11.722536087,10.6863412857,22.6627407074,28.0204601288,20.1479072571,17.5629234314,18.0005836487,19.9929504395,29.4358177185,15.4945611954,16.7985630035,14.7962532043,10.0348882675,8.24039649963,5.67369174957,8.00604820251,3.11833143234,2.9645690918,2.88880467415,2.24232935905,1.72299969196,1.75901544094,1.31125593185,0.569255113602,0.179015800357,0.0629414394498,0.0221661496907,0.00355488946661,0.000148604696733],"median":[0.183081641793,0.793957352638,1.21148049831,1.4956151247,1.21538341045,1.43554902077,2.68347811699,2.21812415123,2.47344279289,3.78174138069,3.39046859741,2.18022298813,2.20125603676,2.50137734413,2.26783633232,2.15455269814,3.1203930378,4.03137969971,5.17488050461,6.32408571243,6.26736879349,6.52018117905,5.62060546875,4.64837789536,3.66684150696,2.03581953049,2.56904673576,0.816795766354,0.359673142433,0.240465447307,0.139846116304,0.110729455948,0.0618772134185,0.0419229529798,0.0172819718719,0.00516418647021,0.00140577729326,0.000339611258823,0.0000541783956578,0.0000296516900562],"min":[1.13500670906e-21,1.42498355657e-20,1.67305583007e-20,3.37636029804e-20,3.40884490854e-20,1.01219862048e-19,3.73400107704e-19,8.87768800688e-19,4.348411449e-19,7.34440172502e-19,1.15953268369e-18,2.6709548242e-18,1.98416950906e-18,5.46688712638e-18,5.39885896562e-18,3.41870914075e-18,3.48318848988e-18,4.12726067973e-18,6.40813222309e-18,5.82555967102e-18,1.04838607914e-17,1.16766510988e-17,1.06390167133e-17,8.39986774642e-18,1.00561529936e-17,1.31679948775e-17,1.43452374981e-17,1.8905552044e-17,1.67807450803e-17,1.56794004168e-17,1.67725923882e-17,1.37292261698e-17,1.60280405014e-17,1.21881440209e-17,1.12346645093e-17,5.06051397095e-18,3.72146076046e-18,1.46945978502e-18,3.39753269668e-19,3.68124356219e-20],"var":[1.80422067642,33.2863616943,48.5907440186,49.4483680725,23.8217258453,25.1360054016,83.4937362671,526.970031738,2428.46289062,34643.7695312,32770.1328125,1037.67687988,666.725769043,6106.75390625,11929.9013672,8091.69384766,1872.04956055,3017.81298828,3370.42480469,15945.4648438,1103.0333252,834.080627441,602.541625977,226.681472778,158.046325684,93.8884353638,212.305526733,39.1158943176,55.822479248,128.881973267,113.047927856,35.4119758606,53.5365905762,28.2083587646,3.81761193275,0.278136312962,0.0353118814528,0.00504914671183,0.000124319587485,1.26034933601e-7]},"erbbands_crest":{"dmean":2.90080523491,"dmean2":4.65483188629,"dvar":8.90586566925,"dvar2":20.5315341949,"max":32.2469749451,"mean":9.19445133209,"median":7.67907190323,"min":2.00523066521,"var":24.8785915375},"erbbands_flatness_db":{"dmean":0.0241733491421,"dmean2":0.0324640274048,"dvar":0.000606115208939,"dvar2":0.0010655883234,"max":0.487140625715,"mean":0.164894536138,"median":0.162006288767,"min":0.0339825861156,"var":0.00364465010352},"erbbands_kurtosis":{"dmean":1.72914493084,"dmean2":2.7470600605,"dvar":14.6495332718,"dvar2":32.5152702332,"max":103.360023499,"mean":1.03826379776,"median":-0.171044826508,"min":-1.9312864542,"var":23.3757648468},"erbbands_skewness":{"dmean":0.565730214119,"dmean2":0.856379032135,"dvar":0.494934380054,"dvar2":1.0183057785,"max":9.17677879333,"mean":0.0158892590553,"median":-0.120222337544,"min":-5.69216680527,"var":1.34549570084},"erbbands_spread":{"dmean":12.2053308487,"dmean2":18.9844779968,"dvar":199.162765503,"dvar2":452.141937256,"max":216.4140625,"mean":44.0843429565,"median":38.3741226196,"min":1.31717729568,"var":719.223571777},"gfcc":{"cov":[[26883.5429688,447.843597412,-563.537780762,-795.920837402,-678.515808105,616.955932617,-52.685043335,384.054260254,4.70833492279,373.416503906,-20.171957016,248.023788452,-240.271148682],[447.843597412,2992.00097656,-1349.16699219,60.2646903992,350.609802246,-596.965942383,234.179046631,-197.053085327,102.549293518,-244.360778809,201.383758545,-193.045211792,245.277603149],[-563.537780762,-1349.16699219,2203.04980469,304.116821289,148.177963257,675.38470459,-30.4359416962,239.010406494,-44.1341171265,46.0029182434,-193.734725952,78.6414489746,-167.791366577],[-795.920837402,60.2646903992,304.116821289,753.017272949,235.069046021,-126.000663757,-3.58785200119,-69.8788986206,8.61633014679,-11.6991081238,7.70189666748,-73.7258224487,58.1097755432],[-678.515808105,350.609802246,148.177963257,235.069046021,439.955474854,-35.9661445618,101.554077148,31.8262729645,-3.6301510334,-44.6670913696,1.50633609295,-39.304649353,52.0577659607],[616.955932617,-596.965942383,675.38470459,-126.000663757,-35.9661445618,565.365539551,82.5014572144,139.748931885,-12.5954990387,14.5324144363,-73.4478988647,88.31590271,-83.2808227539],[-52.685043335,234.179046631,-30.4359416962,-3.58785200119,101.554077148,82.5014572144,238.294799805,53.763633728,14.4883756638,-26.1780509949,30.5978736877,-5.1819062233,24.4503631592],[384.054260254,-197.053085327,239.010406494,-69.8788986206,31.8262729645,139.748931885,53.763633728,190.555252075,33.5802116394,48.6474838257,-17.2516326904,39.6704406738,-22.4337882996],[4.70833492279,102.549293518,-44.1341171265,8.61633014679,-3.6301510334,-12.5954990387,14.4883756638,33.5802116394,139.164718628,35.8432769775,21.228515625,-4.82931137085,10.0729665756],[373.416503906,-244.360778809,46.0029182434,-11.6991081238,-44.6670913696,14.5324144363,-26.1780509949,48.6474838257,35.8432769775,158.427154541,32.9875144958,30.0825119019,-26.370847702],[-20.171957016,201.383758545,-193.734725952,7.70189666748,1.50633609295,-73.4478988647,30.5978736877,-17.2516326904,21.228515625,32.9875144958,119.751617432,27.0249347687,39.9053153992],[248.023788452,-193.045211792,78.6414489746,-73.7258224487,-39.304649353,88.31590271,-5.1819062233,39.6704406738,-4.82931137085,30.0825119019,27.0249347687,120.930793762,29.5430374146],[-240.271148682,245.277603149,-167.791366577,58.1097755432,52.0577659607,-83.2808227539,24.4503631592,-22.4337882996,10.0729665756,-26.370847702,39.9053153992,29.5430374146,125.765815735]],"icov":[[0.0000496109460073,-0.0000772086277721,0.0000454901601188,-0.0000463421420136,0.0000869785581017,-0.000105014609289,0.0000594007979089,-0.000121440221847,0.0000959539538599,-0.000168749029399,0.00013440445764,-0.000153697881615,0.000139097566716],[-0.0000772086277721,0.00102072418667,0.000154323366587,0.000341647362802,-0.000685715407599,0.000399972719606,-0.000425403093686,0.000347766414052,-0.000770433864091,0.00135052704718,-0.00132205779664,0.0014126872411,-0.000964202394243],[0.0000454901601188,0.000154323366587,0.00132775574457,-0.00078506564023,-0.000404460530262,-0.00126535620075,0.00064741470851,-0.000876883394085,0.000162232114235,0.000136140515679,0.000624979438726,-0.000466470402898,0.000894160650205],[-0.0000463421420136,0.000341647362802,-0.00078506564023,0.00250268704258,-0.0010268590413,0.000816472631413,-0.000199080008315,0.00139996584039,-0.000543490517884,-0.000139602518175,-0.000936043506954,0.00195360206999,-0.00185212038923],[0.0000869785581017,-0.000685715407599,-0.000404460530262,-0.0010268590413,0.00402393005788,0.000253366801189,-0.00101388280746,-0.00139530154411,0.0010008669924,-0.000328166061081,0.000836027611513,-0.0000379600205633,-0.000516594212968],[-0.000105014609289,0.000399972719606,-0.00126535620075,0.000816472631413,0.000253366801189,0.00496303662658,-0.00253166491166,0.0000654269751976,-0.000602882297244,0.00105484493542,0.000842668232508,-0.00225872336887,0.00117201404646],[0.0000594007979089,-0.000425403093686,0.00064741470851,-0.000199080008315,-0.00101388280746,-0.00253166491166,0.00700412364677,-0.00230757286772,0.000365213665646,0.000773092906456,-0.00232336181216,0.00173819251359,-0.000669458997436],[-0.000121440221847,0.000347766414052,-0.000876883394085,0.00139996584039,-0.00139530154411,0.0000654269751976,-0.00230757286772,0.00962075404823,-0.00242030876689,-0.00207565259188,0.00131667393725,-0.00133254961111,-0.000287508621113],[0.0000959539538599,-0.000770433864091,0.000162232114235,-0.000543490517884,0.0010008669924,-0.000602882297244,0.000365213665646,-0.00242030876689,0.00913892965764,-0.00269439723343,-0.0000850996220834,0.000924706517253,-0.000649951805826],[-0.000168749029399,0.00135052704718,0.000136140515679,-0.000139602518175,-0.000328166061081,0.00105484493542,0.000773092906456,-0.00207565259188,-0.00269439723343,0.0113196698949,-0.0051578246057,-0.0000556076920475,0.00184261519462],[0.00013440445764,-0.00132205779664,0.000624979438726,-0.000936043506954,0.000836027611513,0.000842668232508,-0.00232336181216,0.00131667393725,-0.0000850996220834,-0.0051578246057,0.0157187040895,-0.00659009860829,0.000485809141537],[-0.000153697881615,0.0014126872411,-0.000466470402898,0.00195360206999,-0.0000379600205633,-0.00225872336887,0.00173819251359,-0.00133254961111,0.000924706517253,-0.0000556076920475,-0.00659009860829,0.0181790851057,-0.00889442767948],[0.000139097566716,-0.000964202394243,0.000894160650205,-0.00185212038923,-0.000516594212968,0.00117201404646,-0.000669458997436,-0.000287508621113,-0.000649951805826,0.00184261519462,0.000485809141537,-0.00889442767948,0.0155886169523]],"mean":[-75.7443008423,100.744232178,-108.654144287,44.6252708435,-32.064704895,6.9366941452,-25.7117195129,11.4009437561,-10.9287433624,6.26038742065,-6.88711357117,-1.35448873043,-4.71119689941]},"hfc":{"dmean":6.61871910095,"dmean2":8.65978813171,"dvar":106.377258301,"dvar2":200.131759644,"max":202.8152771,"mean":15.7718133926,"median":7.80217266083,"min":1.1782211091e-16,"var":450.772064209},"melbands":{"dmean":[0.00411229394376,0.00221702735871,0.00060202536406,0.000155056171934,0.000121713390399,0.000139291660162,0.000228032062296,0.000437408190919,0.000210784157389,0.0000391382782254,0.0000316796686093,0.0000575878875679,0.0000607238034718,0.0000455177723779,0.0000268451185548,0.0000292105087283,0.0000251745132118,0.0000207818920899,0.0000358036595571,0.0000184462805919,0.0000108972108137,0.0000124622420117,0.0000104188275145,0.00000770883434598,0.00000615581984675,0.00000507267441208,0.00000359916771231,0.00000265500580099,0.00000474135913464,0.00000185771807537,0.00000112878478831,0.00000111540623493,0.00000107427831608,9.35225500598e-7,7.96161373273e-7,6.49520586649e-7,5.71844623209e-7,6.7609727239e-7,6.53316533317e-7,5.91568607433e-7],"dmean2":[0.00646902341396,0.00395066151395,0.00108754867688,0.000270795659162,0.000197641740669,0.000220877671381,0.000362925376976,0.00071116926847,0.000338629237376,0.000057526071032,0.0000461414638266,0.0000863994137035,0.0000911618262762,0.0000672624519211,0.0000400247045036,0.0000448457394668,0.0000390298991988,0.0000323127642332,0.0000567834395042,0.0000292922868539,0.0000171248721017,0.0000195064822037,0.0000162539254234,0.0000123807640193,0.0000099100798252,0.0000080210966189,0.00000558720739718,0.00000420077412855,0.00000718724686521,0.00000287894204121,0.00000179531855338,0.00000174537206021,0.00000161004265919,0.000001380158551,0.00000108208735128,8.79459435055e-7,7.37018126529e-7,8.60753459619e-7,8.31671627566e-7,7.54016866722e-7],"dvar":[0.0000545442999282,0.0000190578302863,0.00000181385519227,1.00305705075e-7,6.17321518348e-8,1.41645443819e-7,6.80302491674e-7,0.00000460783167,0.00000135508992116,1.73948446758e-8,8.62471694063e-9,5.26059231731e-8,4.89590377128e-8,5.03933641482e-8,6.0706151217e-9,7.80066145012e-9,1.07487716505e-8,6.30717478245e-9,2.57236401069e-8,7.20070447713e-9,4.78051098707e-10,5.6911658719e-10,3.98254013101e-10,2.05627390115e-10,1.42573619577e-10,9.2574989341e-11,3.82767116613e-11,3.31474396542e-11,1.01827435373e-10,1.40365306184e-11,8.2233742385e-12,7.96723624574e-12,1.15394499511e-11,1.2358621071e-11,1.23880211644e-11,6.21500637413e-12,3.00666002512e-12,6.86056723584e-12,5.75880359024e-12,4.40030000284e-12],"dvar2":[0.000126859071315,0.0000518625747645,0.00000509367919221,2.77252127034e-7,1.53821304139e-7,3.3286909229e-7,0.00000161228535944,0.0000117415311252,0.0000035713867419,3.95730701541e-8,1.87355517767e-8,1.14253900563e-7,1.12674996444e-7,9.55684669179e-8,1.19641931917e-8,1.88349655872e-8,2.5549409699e-8,1.29831461138e-8,6.7184224406e-8,1.81665527066e-8,1.13256271028e-9,1.28368549124e-9,9.17486808749e-10,4.85485707191e-10,3.64253960328e-10,2.2630729235e-10,9.24562024163e-11,8.23156889873e-11,2.39617159448e-10,3.4411903882e-11,2.11284895829e-11,2.02269936911e-11,2.37869203501e-11,2.62153510705e-11,1.9257791542e-11,1.11905276712e-11,5.03584543857e-12,1.10641669437e-11,9.22582756718e-12,7.09237746657e-12],"max":[0.0695635303855,0.0351276062429,0.0108262198046,0.0043020658195,0.00491723185405,0.0106726419181,0.0187020488083,0.0588718540967,0.0307693481445,0.00466605415568,0.00321789691225,0.00697030872107,0.00782542768866,0.0149942813441,0.00302900653332,0.00202933861874,0.00437902007252,0.00554224383086,0.00518567068502,0.00339776673354,0.000748584163375,0.000326171139022,0.000398649397539,0.000189922051504,0.000182261486771,0.000180826085852,0.000205047486816,0.0000792552746134,0.000160800977028,0.0000842602385092,0.0000430455620517,0.0000754388383939,0.000186438861419,0.000168941347511,0.000194944004761,0.000129500622279,0.0000646051557851,0.0000823491864139,0.000103763282823,0.000108066422399],"mean":[0.0059054759331,0.00262371893041,0.000638388912193,0.000193389249034,0.000181995914318,0.000184181815712,0.000263148365775,0.00050087843556,0.00025557045592,0.0000662022284814,0.0000527331067133,0.0000879749204614,0.0000952738919295,0.0000709647283657,0.0000415809481638,0.0000386216852348,0.0000326303597831,0.0000278160696325,0.0000488358418806,0.0000259745720541,0.0000162465184985,0.0000178685168066,0.000014449919945,0.00000996798553388,0.00000810841538623,0.00000701593444319,0.00000527349857293,0.00000317266517413,0.0000058672681007,0.00000265114113063,0.00000153420410243,0.0000016048170437,0.00000175352386123,0.00000153052974383,0.00000132053150992,0.00000112040538625,9.99291273729e-7,0.00000124345774566,0.00000121793561902,0.00000105636593162],"median":[0.00154750351794,0.000900377635844,0.000274511898169,0.0000953385024332,0.0000945484644035,0.0000479414884467,0.0000376539064746,0.0000400403405365,0.000021374438802,0.0000109215761768,0.00000841755172587,0.00000820288187242,0.00000626465498499,0.00000551536140847,0.00000394420430894,0.00000694163145454,0.000006343316727,0.00000655512440062,0.00000933540377446,0.00000609511926086,0.000006602180747,0.00000651146410746,0.00000548805974177,0.00000363681215276,0.00000360463195648,0.00000293687912745,0.00000211048973142,8.84848986971e-7,0.00000165269500485,9.81675498224e-7,2.43685605028e-7,1.95223165633e-7,1.45004818819e-7,1.19169243362e-7,7.70989032617e-8,7.33886906801e-8,5.75717180595e-8,4.06803408737e-8,4.05180280438e-8,3.25668700896e-8],"min":[1.4102810346e-23,1.30141546867e-23,5.11019321794e-24,4.50683887104e-24,1.19744628348e-23,1.93859222688e-23,6.1468018069e-24,7.52342561766e-24,1.21320788214e-23,1.83074768361e-23,9.08216033497e-24,2.01714604919e-23,2.17823412816e-23,9.68800551018e-24,8.2324735208e-24,6.44327506217e-24,7.87969019082e-24,1.0391349949e-23,8.52101201866e-24,8.70745850474e-24,1.38851352232e-23,1.46594653106e-23,7.33011919714e-24,1.00112396884e-23,6.44695983146e-24,3.8361931112e-24,1.22002395591e-23,7.66540401452e-24,6.80559927037e-24,1.39764774275e-23,9.63167295294e-24,9.86659967482e-24,7.99744740244e-24,9.55609928936e-24,9.92464090478e-24,8.1776090337e-24,8.1041605614e-24,9.58634263875e-24,1.38190807442e-23,9.1383359089e-24],"var":[0.000100333498267,0.0000207730208786,0.0000013060036963,9.58683230579e-8,8.8858826075e-8,2.57248501612e-7,7.18685726042e-7,0.00000447420234195,0.00000143148622556,3.74442095108e-8,1.86543527292e-8,9.06352468633e-8,1.20373272239e-7,1.62692245453e-7,1.26571642056e-8,1.09404050264e-8,1.32565425304e-8,1.12435420974e-8,4.36425580119e-8,1.36384636917e-8,7.82272469024e-10,9.8435881668e-10,6.50819953485e-10,2.78530642994e-10,1.61758384465e-10,1.24477844698e-10,6.73692282516e-11,3.82347729866e-11,1.29613708655e-10,2.24271313326e-11,1.20771630543e-11,1.52223806477e-11,3.62347027383e-11,3.95198943015e-11,4.2969815206e-11,2.22607297179e-11,1.18541123098e-11,2.88994349285e-11,2.51492628806e-11,1.83291541667e-11]},"melbands_crest":{"dmean":4.66859865189,"dmean2":7.41017818451,"dvar":17.255821228,"dvar2":41.1950912476,"max":38.4557266235,"mean":19.6427364349,"median":19.1775588989,"min":1.82961499691,"var":63.6631355286},"melbands_flatness_db":{"dmean":0.0498350486159,"dmean2":0.0765338614583,"dvar":0.00242448807694,"dvar2":0.00529913511127,"max":0.687847554684,"mean":0.26810503006,"median":0.260293662548,"min":0.0053832931444,"var":0.00997733324766},"melbands_kurtosis":{"dmean":33.5171432495,"dmean2":54.5601005554,"dvar":4704.71679688,"dvar2":11352.8886719,"max":1551.67297363,"mean":50.1435623169,"median":12.9322633743,"min":-1.95788443089,"var":10380.734375},"melbands_skewness":{"dmean":1.68693232536,"dmean2":2.66526794434,"dvar":4.01854515076,"dvar2":9.28340435028,"max":36.0311164856,"mean":4.36157131195,"median":3.21340537071,"min":-3.0690882206,"var":15.0098724365},"melbands_spread":{"dmean":9.61410045624,"dmean2":15.534822464,"dvar":206.674026489,"dvar2":472.070129395,"max":274.038116455,"mean":20.8698654175,"median":14.8275022507,"min":0.173617750406,"var":544.689147949},"mfcc":{"cov":[[15321.1640625,755.576965332,-587.83392334,-602.565124512,-552.625732422,65.7922592163,13.6276063919,87.7709274292,74.6972808838,74.9371337891,184.951156616,260.894714355,308.058197021],[755.576965332,2215.74438477,-932.448120117,254.781692505,-48.1623039246,-137.572189331,98.9642715454,52.0169830322,28.3085231781,6.21240711212,-99.4253387451,29.445734024,17.0600757599],[-587.83392334,-932.448120117,1600.97338867,-98.6349105835,339.603759766,328.416870117,107.917625427,213.824508667,119.821296692,40.1585426331,128.49331665,-41.402797699,-0.901346623898],[-602.565124512,254.781692505,-98.6349105835,846.965881348,234.075088501,7.21475458145,38.0413131714,-95.6107711792,-7.68031740189,75.366355896,-57.5694274902,-11.1972341537,-76.9734954834],[-552.625732422,-48.1623039246,339.603759766,234.075088501,355.166259766,101.185112,60.5540275574,58.612159729,55.779914856,40.1010246277,4.08703327179,-32.6654968262,-27.8426361084],[65.7922592163,-137.572189331,328.416870117,7.21475458145,101.185112,249.967453003,103.245437622,105.750663757,49.7302207947,10.8345108032,31.3262863159,-8.37214756012,0.735447406769],[13.6276063919,98.9642715454,107.917625427,38.0413131714,60.5540275574,103.245437622,231.361907959,113.889587402,47.3759803772,14.4598121643,12.4110336304,10.96139431,0.0923160836101],[87.7709274292,52.0169830322,213.824508667,-95.6107711792,58.612159729,105.750663757,113.889587402,221.681625366,89.3429870605,9.22413539886,20.35871315,-6.65298748016,19.341375351],[74.6972808838,28.3085231781,119.821296692,-7.68031740189,55.779914856,49.7302207947,47.3759803772,89.3429870605,124.462684631,50.1862182617,21.4283447266,2.46383333206,6.8822054863],[74.9371337891,6.21240711212,40.1585426331,75.366355896,40.1010246277,10.8345108032,14.4598121643,9.22413539886,50.1862182617,102.421592712,46.8678588867,15.0625305176,-4.10402727127],[184.951156616,-99.4253387451,128.49331665,-57.5694274902,4.08703327179,31.3262863159,12.4110336304,20.35871315,21.4283447266,46.8678588867,120.087593079,53.3194580078,16.5098819733],[260.894714355,29.445734024,-41.402797699,-11.1972341537,-32.6654968262,-8.37214756012,10.96139431,-6.65298748016,2.46383333206,15.0625305176,53.3194580078,96.8054275513,41.9069595337],[308.058197021,17.0600757599,-0.901346623898,-76.9734954834,-27.8426361084,0.735447406769,0.0923160836101,19.341375351,6.8822054863,-4.10402727127,16.5098819733,41.9069595337,98.4117279053]],"icov":[[0.0000775905500632,-0.0000276259415841,0.000015473098756,0.0000265702292381,0.000103034515632,-0.000100239274616,0.0000240680219576,0.000010547738384,-0.0000272715478786,-0.0000789328769315,-0.000042880201363,-0.0000623583546258,-0.000157001282787],[-0.0000276259415841,0.000737026392017,0.000504946568981,-0.000191265862668,-0.000219929759623,0.000201238857699,-0.000236034698901,-0.000585765053984,-0.000175681983819,0.0000974993163254,0.000136198257678,-0.0000623388186796,-0.000114597110951],[0.000015473098756,0.000504946568981,0.00154864403885,0.000130165717565,-0.00107219337951,-0.000875881582033,0.00010024439689,-0.000653854629491,-0.000297340884572,0.00040182043449,-0.00122151500545,0.000714382214937,-0.000250094919465],[0.0000265702292381,-0.000191265862668,0.000130165717565,0.00225788028911,-0.00153914524708,-0.000384313432733,-0.000403129146434,0.0011860668892,0.000655438925605,-0.00205244473182,0.00186100590508,-0.0013580423547,0.00118654768448],[0.000103034515632,-0.000219929759623,-0.00107219337951,-0.00153914524708,0.00544683169574,-0.000474496511742,-0.0000498684421473,-0.000324859662214,-0.000973119342234,-0.00018587942759,-0.000188207821338,0.00122925185133,-0.000321201834595],[-0.000100239274616,0.000201238857699,-0.000875881582033,-0.000384313432733,-0.000474496511742,0.00703662727028,-0.00193710450549,-0.00136944896076,-0.000291963864584,0.00100672291592,-0.000995233654976,0.000784223142546,-0.0000501742688357],[0.0000240680219576,-0.000236034698901,0.00010024439689,-0.000403129146434,-0.0000498684421473,-0.00193710450549,0.00686278240755,-0.00313766207546,0.000383875711123,-0.000341616716469,0.000546709925402,-0.00182364089414,0.000905532855541],[0.000010547738384,-0.000585765053984,-0.000653854629491,0.0011860668892,-0.000324859662214,-0.00136944896076,-0.00313766207546,0.0104328133166,-0.00535778794438,0.001795022632,-0.000578946026508,0.00157399661839,-0.00126250926405],[-0.0000272715478786,-0.000175681983819,-0.000297340884572,0.000655438925605,-0.000973119342234,-0.000291963864584,0.000383875711123,-0.00535778794438,0.015505630523,-0.00800215639174,0.00237865722738,-0.00119057763368,0.0000951308757067],[-0.0000789328769315,0.0000974993163254,0.00040182043449,-0.00205244473182,-0.00018587942759,0.00100672291592,-0.000341616716469,0.001795022632,-0.00800215639174,0.0185219533741,-0.00858362205327,0.00236093066633,-0.0000173686112248],[-0.000042880201363,0.000136198257678,-0.00122151500545,0.00186100590508,-0.000188207821338,-0.000995233654976,0.000546709925402,-0.000578946026508,0.00237865722738,-0.00858362205327,0.0181612595916,-0.0102601433173,0.0024204980582],[-0.0000623583546258,-0.0000623388186796,0.000714382214937,-0.0013580423547,0.00122925185133,0.000784223142546,-0.00182364089414,0.00157399661839,-0.00119057763368,0.00236093066633,-0.0102601433173,0.0199913084507,-0.00742533430457],[-0.000157001282787,-0.000114597110951,-0.000250094919465,0.00118654768448,-0.000321201834595,-0.0000501742688357,0.000905532855541,-0.00126250926405,0.0000951308757067,-0.0000173686112248,0.0024204980582,-0.00742533430457,0.0145037770271]],"mean":[-713.246765137,127.003700256,-4.56596469879,41.3628463745,17.5571231842,7.09102296829,5.06119775772,4.28409337997,5.76367998123,7.03388404846,3.73607158661,5.76221704483,3.75653743744]},"pitch_salience":{"dmean":0.101730667055,"dmean2":0.163259610534,"dvar":0.00822250638157,"dvar2":0.0198364332318,"max":0.939120709896,"mean":0.444279551506,"median":0.451603859663,"min":0.0380441695452,"var":0.0267976727337},"silence_rate_20dB":{"dmean":0,"dmean2":0,"dvar":0,"dvar2":0,"max":1,"mean":1,"median":1,"min":1,"var":0},"silence_rate_30dB":{"dmean":0.0748795419931,"dmean2":0.149768829346,"dvar":0.0692771747708,"dvar2":0.140382394195,"max":1,"mean":0.899472594261,"median":1,"min":0,"var":0.0904353037477},"silence_rate_60dB":{"dmean":0.0352910533547,"dmean2":0.0705867037177,"dvar":0.0340485237539,"dvar2":0.0760326683521,"max":1,"mean":0.129695937037,"median":0,"min":0,"var":0.112887427211},"spectral_centroid":{"dmean":383.286773682,"dmean2":603.186157227,"dvar":199531.515625,"dvar2":440880.625,"max":10954.2490234,"mean":1463.11352539,"median":1377.98095703,"min":93.5743789673,"var":651899.8125},"spectral_complexity":{"dmean":4.45149087906,"dmean2":6.3913526535,"dvar":35.5629196167,"dvar2":69.2701873779,"max":61,"mean":13.7714691162,"median":12,"min":0,"var":119.889549255},"spectral_contrast_coeffs":{"dmean":[0.0528435111046,0.0558732263744,0.043784443289,0.0383233614266,0.0310598574579,0.0239886622876],"dmean2":[0.0863060578704,0.0888019651175,0.0657174736261,0.0572600141168,0.0448308512568,0.0357964970171],"dvar":[0.00202217651531,0.00241920887493,0.0014779396588,0.00115492776968,0.000765823642723,0.000630635593552],"dvar2":[0.00520631531253,0.00552615802735,0.00298992265016,0.0022306041792,0.00147366244346,0.00121626839973],"max":[-0.32881462574,-0.309299886227,-0.434366315603,-0.45912656188,-0.586006641388,-0.593377888203],"mean":[-0.712084591389,-0.718326747417,-0.770789146423,-0.769887626171,-0.780030548573,-0.772528529167],"median":[-0.717784285545,-0.726140618324,-0.784118533134,-0.778020441532,-0.785782039165,-0.775255382061],"min":[-0.982105910778,-0.966948628426,-0.964700162411,-0.963244080544,-0.960461735725,-0.957323074341],"var":[0.00637567834929,0.00969919469208,0.00819160602987,0.00591161381453,0.00366923538968,0.00282564037479]},"spectral_contrast_valleys":{"dmean":[0.429649114609,0.533817946911,0.507669746876,0.540016651154,0.543498337269,0.49247020483],"dmean2":[0.692373931408,0.799172222614,0.739242553711,0.752550303936,0.718441188335,0.543095171452],"dvar":[0.167787224054,0.25661662221,0.245270162821,0.282754987478,0.303796768188,0.340986847878],"dvar2":[0.364544659853,0.506779968739,0.457930594683,0.515834629536,0.546194434166,0.551809847355],"max":[-5.25508975983,-4.64342355728,-5.26234531403,-5.35608291626,-5.67729234695,-7.49827861786],"mean":[-7.4333524704,-7.68837976456,-8.43574619293,-8.51548099518,-8.2692937851,-11.1407356262],"median":[-6.96746444702,-7.39683961868,-8.20827865601,-8.29198455811,-8.03330516815,-10.9424152374],"min":[-26.81823349,-27.5781784058,-27.0167446136,-27.3186321259,-27.1340675354,-27.2825012207],"var":[3.43644595146,2.88869571686,2.92581796646,2.67958045006,2.40203475952,3.22128772736]},"spectral_decrease":{"dmean":4.74391725902e-9,"dmean2":7.65854224483e-9,"dvar":5.04877561631e-17,"dvar2":1.20772353135e-16,"max":1.47166378192e-19,"mean":-8.80940120851e-9,"median":-4.4966146362e-9,"min":-7.04984586264e-8,"var":1.14775995143e-16},"spectral_energy":{"dmean":0.0182823911309,"dmean2":0.0293689221144,"dvar":0.000738149741665,"dvar2":0.00175729184411,"max":0.279917299747,"mean":0.0346793532372,"median":0.0182330776006,"min":1.05859666738e-20,"var":0.00172316795215},"spectral_energyband_high":{"dmean":0.00031967004179,"dmean2":0.00040411631926,"dvar":3.97523024276e-7,"dvar2":6.09300684573e-7,"max":0.0188068840653,"mean":0.000614750722889,"median":0.000132784291054,"min":7.84411012799e-21,"var":0.00000193097230294},"spectral_energyband_low":{"dmean":0.0152893150225,"dmean2":0.0255943778902,"dvar":0.000638574711047,"dvar2":0.00158854876645,"max":0.221296474338,"mean":0.0234061907977,"median":0.00884629320353,"min":7.89694131664e-23,"var":0.00119354773778},"spectral_energyband_middle_high":{"dmean":0.00189632130787,"dmean2":0.00263565848581,"dvar":0.000014185487089,"dvar2":0.0000282459168375,"max":0.143511638045,"mean":0.00402980763465,"median":0.00163741386496,"min":1.4967794814e-21,"var":0.0000562892055314},"spectral_energyband_middle_low":{"dmean":0.00491574220359,"dmean2":0.00782280042768,"dvar":0.000175385197508,"dvar2":0.000433412904385,"max":0.273346066475,"mean":0.00733081623912,"median":0.00313197192736,"min":3.49028087014e-22,"var":0.000209129677387},"spectral_entropy":{"dmean":0.258092612028,"dmean2":0.360491722822,"dvar":0.0844048112631,"dvar2":0.158879980445,"max":9.80699920654,"mean":7.42196750641,"median":7.417927742,"min":4.33896017075,"var":0.356252163649},"spectral_flux":{"dmean":0.0383579060435,"dmean2":0.0602274127305,"dvar":0.00189606484491,"dvar2":0.00415377970785,"max":0.429205238819,"mean":0.0926019400358,"median":0.0734227374196,"min":1.02888128573e-10,"var":0.00509139336646},"spectral_kurtosis":{"dmean":2.58705472946,"dmean2":4.25498914719,"dvar":13.8331851959,"dvar2":37.4493675232,"max":57.7380065918,"mean":5.32210636139,"median":4.24588775635,"min":-1.22261297703,"var":23.6712322235},"spectral_rms":{"dmean":0.00134170951787,"dmean2":0.00204025348648,"dvar":0.00000228111775868,"dvar2":0.00000472257306683,"max":0.0165254361928,"mean":0.00487609393895,"median":0.00421762606129,"min":3.21368517735e-12,"var":0.0000100571805888},"spectral_rolloff":{"dmean":591.458862305,"dmean2":1015.21618652,"dvar":1167087.375,"dvar2":2438445,"max":19509.0820312,"mean":1387.85168457,"median":581.396484375,"min":43.06640625,"var":5686575.5},"spectral_skewness":{"dmean":0.349523663521,"dmean2":0.541196584702,"dvar":0.152201294899,"dvar2":0.349534511566,"max":5.81306695938,"mean":1.46713340282,"median":1.42707693577,"min":-0.176152274013,"var":0.427852988243},"spectral_spread":{"dmean":735671.6875,"dmean2":960008.8125,"dvar":952455659520,"dvar2":1465457311740,"max":41169896,"mean":4502675.5,"median":3851161.5,"min":974921.5625,"var":5710325219330},"spectral_strongpeak":{"dmean":0.392257809639,"dmean2":0.663225412369,"dvar":0.721251666546,"dvar2":1.82395124435,"max":23.5918884277,"mean":0.572792828083,"median":0.254732817411,"min":0,"var":1.14967000484},"zerocrossingrate":{"dmean":0.0123434560373,"dmean2":0.0139697017148,"dvar":0.000265968497843,"dvar2":0.000243814080022,"max":0.5078125,"mean":0.0532859526575,"median":0.03857421875,"min":0.00146484375,"var":0.00425517326221}},"metadata":{"audio_properties":{"analysis_sample_rate":44100,"bit_rate":320000,"codec":"mp3","downmix":"mix","equal_loudness":0,"length":356.597564697,"lossless":false,"md5_encoded":"b4b29a7e833d55966ea8b3ff13291406","replay_gain":-12.9696121216},"tags":{"album":["Random Access Memories"],"albumartist":["Daft Punk"],"albumartistsort":["Daft Punk"],"artist":["Daft Punk feat. Pharrell Williams"],"asin":["B00C061I3K"],"composer":["Bangalter, de Homem-Christo, Pharrell Williams, Rodgers"],"date":["2013"],"discnumber":["1/1"],"file_name":"06 Daft Punk feat. Pharrell Williams - Lose Yourself to Dance.mp3","label":["Daft Life"],"language":["eng"],"media":["CD"],"musicbrainz album release country":["DE"],"musicbrainz album status":["official"],"musicbrainz album type":["album"],"musicbrainz_albumartistid":["056e4f3e-d505-4dad-8ec1-d04f521cbb56"],"musicbrainz_albumid":["95fefca0-4c4c-4619-a19d-2e183989b5c4"],"musicbrainz_artistid":["056e4f3e-d505-4dad-8ec1-d04f521cbb56/149f91ef-1287-46da-9a8e-87fee02f1471"],"musicbrainz_recordingid":["9f381fef-7bbd-4f2a-be8b-2acd072bb7e1"],"script":["Latn"],"title":["Lose Yourself to Dance"],"tracknumber":["6/13"]},"version":{"essentia":"2.1-beta1","essentia_build_sha":"64f180f9acd5298eba7f7ec621f9a19721d71d50","essentia_git_sha":"v2.1_beta1-3-gbee56e8","extractor":"music 1.0"}},"rhythm":{"beats_count":594,"beats_loudness":{"dmean":0.0269542559981,"dmean2":0.0466936528683,"dvar":0.000751712999772,"dvar2":0.00207797950134,"max":0.222515404224,"mean":0.0903132334352,"median":0.0906938016415,"min":1.71771180613e-10,"var":0.00174920924474},"beats_loudness_band_ratio":{"dmean":[0.145434319973,0.0406936593354,0.0813026279211,0.0692624598742,0.0387454666197,0.0238963644952],"dmean2":[0.251296877861,0.0780883878469,0.139845401049,0.132933184505,0.0664033666253,0.0440631508827],"dvar":[0.0205305628479,0.00