{"lowlevel":{"average_loudness":0.168021813035,"barkbands":{"dmean":[0.0000137411534524,0.00208502961323,0.00161095976364,0.00150156102609,0.000561192864552,0.000476707908092,0.000549372576643,0.000289568590233,0.000288167299004,0.000341520848451,0.000336783792591,0.000130099040689,0.000187563739019,0.0001761810272,0.000243050890276,0.000134317189804,0.000172246189322,0.000157599090016,0.000100545839814,0.0000837325642351,0.0000592943251831,0.0000410620341427,0.000035444911191,0.0000260103934124,0.0000152963057189,0.00000571210284761,3.52519805347e-7],"dmean2":[0.0000231318044825,0.00341945071705,0.00265650055371,0.00215516216122,0.000897475634702,0.000715532049071,0.000825389230158,0.000406233855756,0.000416629045503,0.000496319960803,0.000485329917865,0.000194726817426,0.000291709176963,0.000273798825219,0.000388271815609,0.000213076826185,0.000280491134617,0.000253651931416,0.000164341079653,0.000134939415148,0.0000931485119509,0.000064281084633,0.0000525466020918,0.0000360954727512,0.0000211476472032,0.00000807755804999,4.93316179018e-7],"dvar":[3.2606273237e-9,0.0000981889024843,0.0000432859596913,0.0000344760264852,0.00000378402000933,0.00000154201904934,0.00000258673935605,0.00000121313382806,7.86988834989e-7,0.00000212511804421,0.00000222786366066,3.53577519263e-7,6.96145662005e-7,4.34494523915e-7,7.74146997173e-7,2.71421470188e-7,2.73813668628e-7,2.26094698519e-7,7.4421805607e-8,5.1962910419e-8,2.82280936403e-8,1.3061516313e-8,1.65471973901e-8,7.19151627138e-9,3.12101278155e-9,8.65128690908e-10,1.98658190592e-12],"dvar2":[9.01275232223e-9,0.000264507107204,0.000121721968753,0.0000833352751215,0.0000100762254078,0.00000341028180628,0.0000059238382164,0.00000235431571127,0.00000157217186825,0.00000480744347442,0.00000436959180661,5.99211034569e-7,0.00000169881036527,9.51295362484e-7,0.00000194708763956,5.84430722483e-7,7.10923018232e-7,5.83386167818e-7,1.99562848024e-7,1.37352913043e-7,6.76905713703e-8,3.22364748229e-8,3.76627333765e-8,1.45205056867e-8,6.11626482794e-9,2.07033101773e-9,4.40112789962e-12],"max":[0.00217759772204,0.20255792141,0.160425826907,0.193851202726,0.0706335008144,0.034775197506,0.0479835420847,0.139218539,0.0358630083501,0.0809496641159,0.0829750150442,0.058772508055,0.0476573817432,0.0326323993504,0.0424052961171,0.0299163609743,0.0283000785857,0.0177449751645,0.0112498728558,0.00654926709831,0.00730455713347,0.00440586172044,0.00450737820938,0.0033343876712,0.00193786819,0.00107258278877,0.0000480204907944],"mean":[0.0000199721143872,0.00338247092441,0.00276205036789,0.00252427486703,0.00113840796985,0.000952633447014,0.000957950775046,0.000664010061882,0.00053533911705,0.000647177337669,0.000741854717489,0.000250000972301,0.000323500309605,0.000328505266225,0.000380727782613,0.000251049787039,0.000311965035507,0.000321787840221,0.000208789322642,0.00019442033954,0.00015638138575,0.000104956874566,0.0000810987112345,0.0000596220634179,0.0000345073676726,0.00000858105067891,4.99678208143e-7],"median":[1.53664828417e-7,0.0000248166325036,0.0000452724889328,0.0000466719175165,0.000183927768376,0.00027508745552,0.000220959685976,0.0000923304105527,0.000108059262857,0.0000958458185778,0.0000735117937438,0.0000413462148572,0.0000524266943103,0.0000432751476183,0.0000493680672662,0.0000447391248599,0.0000429187930422,0.0000415066569985,0.0000288107130473,0.0000210534853977,0.0000117051440611,0.00000702213492332,0.00000287392845166,0.00000205087781069,0.00000133189189455,3.86795761642e-7,3.19876427568e-8],"min":[2.05652125241e-23,4.93135221872e-23,3.50512869966e-24,4.37061994764e-24,1.0143292164e-22,5.52209007651e-23,1.51982648819e-22,2.67770882559e-23,6.29140363959e-23,6.87320307223e-23,9.13559935042e-24,1.50748668415e-22,1.17872921744e-22,1.04279958512e-22,1.92071020166e-22,1.18577734253e-22,1.75944784754e-22,1.39320939041e-22,2.81282706714e-22,4.20664760387e-22,4.03159166972e-22,5.14941943689e-22,6.19006050925e-22,6.76253926631e-22,1.20068042702e-21,2.0395200251e-21,2.24074221042e-21],"var":[5.18589748921e-9,0.00010773626127,0.0000606996254646,0.0000526194417034,0.00000683139114699,0.00000344671366292,0.00000498494227941,0.00000807133164926,0.00000189247225535,0.00000608241316513,0.0000116539467854,9.96152607513e-7,0.00000160262948157,0.00000175907769062,0.00000130945056753,6.98291671597e-7,6.44111992187e-7,7.09877951977e-7,2.13359442114e-7,2.00649466819e-7,1.51160591599e-7,5.29960857421e-8,4.86829243584e-8,2.61036348093e-8,9.73133218451e-9,1.04354225261e-9,2.69152191854e-12]},"barkbands_crest":{"dmean":1.9996740818,"dmean2":3.14233422279,"dvar":4.19634199142,"dvar2":10.4530038834,"max":25.8221626282,"mean":10.105006218,"median":9.25361728668,"min":2.33723402023,"var":19.3437652588},"barkbands_flatness_db":{"dmean":0.0157514549792,"dmean2":0.0234184209257,"dvar":0.00032091603498,"dvar2":0.000695241789799,"max":0.396220833063,"mean":0.161203473806,"median":0.149961665273,"min":0.0108668198809,"var":0.00345178460702},"barkbands_kurtosis":{"dmean":2.52084350586,"dmean2":3.77442169189,"dvar":39.7909317017,"dvar2":90.4250793457,"max":171.655319214,"mean":4.51526117325,"median":1.12175512314,"min":-1.94525134563,"var":123.190223694},"barkbands_skewness":{"dmean":0.430972635746,"dmean2":0.648094296455,"dvar":0.293192356825,"dvar2":0.648963928223,"max":11.6396150589,"mean":1.38757383823,"median":1.10883378983,"min":-3.67640948296,"var":2.03815722466},"barkbands_spread":{"dmean":3.40369486809,"dmean2":5.14724588394,"dvar":21.4888019562,"dvar2":45.70936203,"max":151.662612915,"mean":17.9340267181,"median":14.6554298401,"min":0.781991422176,"var":168.766906738},"dissonance":{"dmean":0.0189282316715,"dmean2":0.0319010987878,"dvar":0.000398536503781,"dvar2":0.0011000612285,"max":0.499999970198,"mean":0.450358003378,"median":0.462145835161,"min":0.177169442177,"var":0.00171872950159},"dynamic_complexity":7.2604932785,"erbbands":{"dmean":[0.0333752334118,0.564166545868,1.66669332981,3.98514533043,2.74822998047,1.72979617119,3.41379165649,3.58582997322,7.69332790375,6.72668933868,6.05318450928,7.29162311554,9.0434961319,12.2862071991,10.0336503983,5.89075088501,8.57042312622,9.98269557953,9.85770893097,9.48343849182,8.44417285919,6.56824350357,8.61845779419,6.58296585083,4.80442857742,3.56076002121,2.92835307121,1.83186125755,1.6258534193,1.10863363743,1.01471757889,0.656537771225,0.40991511941,0.21630422771,0.0925365760922,0.0365680456161,0.00818655546755,0.00106495828368,0.0000611630166532,0.00000831745910546],"dmean2":[0.0525610148907,0.932313740253,2.78320598602,5.77821683884,4.31177854538,2.68737602234,5.19790410995,5.45629930496,11.5494585037,9.6747341156,8.55546092987,10.4247970581,13.1604785919,17.6553382874,14.3589992523,8.65658569336,13.182756424,15.4271221161,15.5961723328,15.1539392471,13.3553934097,10.4331598282,13.8109502792,10.7630224228,7.88807344437,5.67072153091,4.60861444473,2.80931401253,2.57178258896,1.69721436501,1.50996315479,0.935378015041,0.574637532234,0.305617213249,0.12707144022,0.0510505363345,0.0118666132912,0.00148009206168,0.0000835395330796,0.0000118128755275],"dvar":[0.0212447512895,7.30903816223,56.5510940552,186.656829834,160.072799683,28.9415283203,73.0098114014,104.902832031,617.486450195,519.519775391,415.17980957,516.653564453,1768.87207031,3369.44067383,1973.64013672,805.074584961,1529.72351074,1268.67565918,1103.12902832,977.541748047,1072.89257812,358.307800293,774.073730469,414.318695068,194.221038818,81.146446228,69.7767486572,27.792760849,19.6292934418,16.3652210236,12.3927183151,4.70920181274,1.9431385994,0.58809864521,0.134678170085,0.0331276990473,0.00200097099878,0.0000212664217543,6.12592785387e-8,5.14294384857e-10],"dvar2":[0.0535333752632,19.9296092987,159.999328613,444.143890381,429.800354004,74.5076141357,166.30480957,240.473495483,1448.77185059,1051.94628906,870.367248535,1020.25469971,4113.26660156,7061.79248047,3700.81420898,1311.26037598,3683.36621094,2860.9375,2601.43652344,2474.77685547,2274.6809082,879.805847168,2008.67932129,1115.25927734,524.669311523,204.11505127,171.202865601,62.442489624,49.0216598511,40.1599159241,28.1122722626,9.9315776825,4.10446739197,1.21439981461,0.267540186644,0.0766329541802,0.0050072572194,0.0000483281182824,1.37172108339e-7,1.19086063233e-9],"max":[3.82435369492,51.636882782,164.649429321,366.184326172,402.506469727,189.943527222,238.011474609,343.632629395,922.617797852,1971.05114746,1406.74707031,912.00769043,2784.53564453,3471.58105469,3195.79052734,2965.13354492,2525.25219727,1952.29858398,1959.89086914,1486.41357422,2063.63330078,1128.68322754,1039.94372559,938.392456055,499.390991211,286.353942871,363.252319336,263.458587646,166.554519653,164.605499268,140.26864624,77.4114685059,56.8447303772,27.1076030731,16.130241394,5.78283023834,1.76063203812,0.149401888251,0.0078882984817,0.000411868124502],"mean":[0.0594849660993,0.906713545322,2.88774466515,7.16515302658,4.68692398071,3.77897644043,6.5741686821,7.11578607559,13.098443985,15.1294622421,12.9828557968,14.0510940552,16.1557254791,24.5804157257,27.2755756378,12.2513799667,15.6895589828,19.5684680939,16.9117488861,16.9553585052,16.1265869141,14.0460004807,17.8750801086,14.3868732452,10.0485620499,8.82719993591,7.40360832214,5.08579730988,4.20000696182,2.69463014603,2.27811431885,1.45177042484,0.915675997734,0.487341910601,0.194276377559,0.0595979988575,0.0118192350492,0.00154354586266,0.0000977682357188,0.0000241100387939],"median":[0.000373214163119,0.00789694767445,0.0508992187679,0.131349459291,0.392385780811,0.611125469208,1.61232316494,2.06337332726,2.8631799221,3.38148546219,2.52622389793,3.21139335632,2.88588285446,3.51724410057,3.35841989517,2.54568767548,2.78970146179,3.2965760231,2.61627411842,3.05714178085,2.51389837265,2.37635374069,2.45780444145,2.01802301407,1.26393091679,1.02111339569,0.621148705482,0.40360635519,0.254409193993,0.161469370127,0.0901781097054,0.0455655008554,0.0307030435652,0.0182437747717,0.00841994117945,0.00269887945615,0.000580757448915,0.000078890741861,0.0000091019037427,0.00000647599381409],"min":[2.6519775965e-21,6.45249830082e-21,5.09082613051e-21,8.68067487841e-21,1.00370942095e-19,3.15557952407e-19,6.7331514415e-19,5.01250254704e-19,1.8663295658e-18,1.43988766453e-18,7.93322093828e-19,1.42245007684e-18,2.26143941642e-18,1.06572037266e-18,1.33761236526e-18,6.2042106954e-18,5.96142367304e-18,5.06429956302e-18,5.88346355467e-18,1.19346239165e-17,7.46292109377e-18,9.76885745046e-18,8.01823804466e-18,9.34011071382e-18,1.72572441266e-17,2.10153671861e-17,1.26513486203e-17,1.65932894099e-17,1.75086590563e-17,2.20693359072e-17,1.54758560835e-17,1.52192448052e-17,1.13257238599e-17,1.43457668937e-17,8.41633277652e-18,8.01888489989e-18,3.02701471887e-18,1.52558864248e-18,2.99627384388e-19,3.21074290666e-20],"var":[0.032013989985,7.64280366898,67.0533294678,345.589508057,173.87411499,79.2188949585,170.065811157,225.46043396,1013.91217041,2976.23876953,1390.44616699,1270.93273926,3804.67749023,11045.0869141,19751.6777344,2246.24487305,3729.20629883,5377.38769531,2020.34033203,1982.83740234,2870.29003906,1159.49584961,2186.77539062,1183.84509277,518.770019531,386.168273926,324.096954346,152.347457886,86.5440139771,47.2180137634,37.3596954346,15.8231964111,6.49937343597,1.85234081745,0.352147042751,0.0466978028417,0.00210193358362,0.0000279841697193,8.49394936608e-8,1.35097888432e-9]},"erbbands_crest":{"dmean":2.35549592972,"dmean2":3.73795819283,"dvar":5.49971723557,"dvar2":13.8063077927,"max":33.7195739746,"mean":10.0155534744,"median":8.65449523926,"min":2.31815385818,"var":25.816034317},"erbbands_flatness_db":{"dmean":0.0124865183607,"dmean2":0.018582617864,"dvar":0.000160865558428,"dvar2":0.000330450508045,"max":0.45458060503,"mean":0.196909174323,"median":0.193085834384,"min":0.0346836335957,"var":0.00421952363104},"erbbands_kurtosis":{"dmean":0.775909900665,"dmean2":1.20939099789,"dvar":1.9689759016,"dvar2":4.40070438385,"max":57.3318252563,"mean":0.440612912178,"median":-0.167445659637,"min":-1.88388085365,"var":6.78056335449},"erbbands_skewness":{"dmean":0.310284256935,"dmean2":0.472313702106,"dvar":0.1004569754,"dvar2":0.222863674164,"max":6.84568500519,"mean":0.287044078112,"median":0.26786917448,"min":-6.0225687027,"var":0.679648220539},"erbbands_spread":{"dmean":5.58835220337,"dmean2":8.41677570343,"dvar":53.6203117371,"dvar2":111.485321045,"max":168.218078613,"mean":33.0488967896,"median":26.9121799469,"min":1.05113184452,"var":432.125},"gfcc":{"cov":[[18540.7929688,-1974.2878418,395.484985352,3279.06542969,-834.956604004,1092.75537109,97.7855758667,411.516479492,-109.864044189,90.1207962036,-283.550231934,-550.887695312,-539.285766602],[-1974.2878418,1727.75061035,-237.359069824,-600.87298584,467.307861328,-377.342254639,132.9584198,-114.522285461,99.7701950073,-104.874710083,134.97277832,79.2129516602,175.962844849],[395.484985352,-237.359069824,1474.32788086,681.580627441,161.385635376,314.645111084,-74.056350708,136.899703979,46.9926185608,62.2991294861,-34.4358940125,1.41486144066,-123.09765625],[3279.06542969,-600.87298584,681.580627441,1294.32080078,4.55591535568,357.51171875,14.5449390411,144.616134644,71.0908966064,19.2380104065,-91.3382263184,-151.456680298,-161.810897827],[-834.956604004,467.307861328,161.385635376,4.55591535568,390.734588623,6.85330057144,81.4435348511,11.5100889206,70.7646636963,-17.5994510651,28.6008815765,22.5602207184,20.356092453],[1092.75537109,-377.342254639,314.645111084,357.51171875,6.85330057144,380.654174805,55.4936523438,89.632598877,-4.11351585388,22.3108139038,-45.4700126648,-38.4891777039,-80.4236373901],[97.7855758667,132.9584198,-74.056350708,14.5449390411,81.4435348511,55.4936523438,211.7787323,44.4098320007,18.3324699402,-5.44842815399,24.8487319946,-5.54802703857,3.374386549],[411.516479492,-114.522285461,136.899703979,144.616134644,11.5100889206,89.632598877,44.4098320007,142.868881226,53.8119163513,11.5743684769,-10.2597560883,-6.48740386963,-16.2986392975],[-109.864044189,99.7701950073,46.9926185608,71.0908966064,70.7646636963,-4.11351585388,18.3324699402,53.8119163513,138.473052979,25.8753395081,9.11642837524,9.44868373871,17.5024642944],[90.1207962036,-104.874710083,62.2991294861,19.2380104065,-17.5994510651,22.3108139038,-5.44842815399,11.5743684769,25.8753395081,98.6284942627,28.7803611755,11.1780233383,-15.7303991318],[-283.550231934,134.97277832,-34.4358940125,-91.3382263184,28.6008815765,-45.4700126648,24.8487319946,-10.2597560883,9.11642837524,28.7803611755,107.805099487,50.4784507751,33.2556800842],[-550.887695312,79.2129516602,1.41486144066,-151.456680298,22.5602207184,-38.4891777039,-5.54802703857,-6.48740386963,9.44868373871,11.1780233383,50.4784507751,117.417198181,69.9812469482],[-539.285766602,175.962844849,-123.09765625,-161.810897827,20.356092453,-80.4236373901,3.374386549,-16.2986392975,17.5024642944,-15.7303991318,33.2556800842,69.9812469482,129.512619019]],"icov":[[0.00018750820891,-0.000299951119814,0.000275929662166,-0.000626745342743,0.000514334533364,-0.000315534940455,0.000130185653688,-0.000419695308665,0.000517537759151,-0.000443761324277,0.000161682182807,-0.000175099892658,0.000263795780484],[-0.000299951119814,0.00239791418426,-0.000789041630924,0.00162992731202,-0.00245888158679,0.0016317430418,-0.00108924612869,0.00176280189771,-0.00206755404361,0.00256596272811,-0.00175295898225,0.00166887254454,-0.00143109320197],[0.000275929662166,-0.000789041630924,0.00176987994928,-0.00158233183902,0.000266711664153,-0.0010813960107,0.00130089523736,-0.00157092115842,0.0014520175755,-0.00149955914821,0.000624930486083,-0.00173017045017,0.00137730455026],[-0.000626745342743,0.00162992731202,-0.00158233183902,0.00385541003197,-0.00192358193453,0.000590565497987,-0.000743193726521,0.00161554059014,-0.0030885594897,0.00253097945824,-0.00120871944819,0.00272722076625,-0.00105805357452],[0.000514334533364,-0.00245888158679,0.000266711664153,-0.00192358193453,0.00655702780932,-0.00184210389853,-0.000575605372433,-0.000721333373804,0.0000869427822181,-0.00112746085506,0.000997243914753,-0.00158638798166,0.00153481413145],[-0.000315534940455,0.0016317430418,-0.0010813960107,0.000590565497987,-0.00184210389853,0.00594027293846,-0.00213249120861,-0.000245776696829,-0.000052014580433,0.000715144502465,0.000507907534484,0.0000168219594343,0.000136444286909],[0.000130185653688,-0.00108924612869,0.00130089523736,-0.000743193726521,-0.000575605372433,-0.00213249120861,0.00731723941863,-0.00317048677243,0.0014778173063,-0.000724497833289,-0.00143067014869,0.00024954523542,0.000451348663773],[-0.000419695308665,0.00176280189771,-0.00157092115842,0.00161554059014,-0.000721333373804,-0.000245776696829,-0.00317048677243,0.0127872107551,-0.00650782277808,0.00286162947305,-0.000634174444713,0.000627975736279,-0.000914175179787],[0.000517537759151,-0.00206755404361,0.0014520175755,-0.0030885594897,0.0000869427822181,-0.000052014580433,0.0014778173063,-0.00650782277808,0.013744212687,-0.00634628674015,0.002276371466,-0.00149048666935,-0.000825409428217],[-0.000443761324277,0.00256596272811,-0.00149955914821,0.00253097945824,-0.00112746085506,0.000715144502465,-0.000724497833289,0.00286162947305,-0.00634628674015,0.0166718754917,-0.00644643558189,0.000859519001096,0.00147654709872],[0.000161682182807,-0.00175295898225,0.000624930486083,-0.00120871944819,0.000997243914753,0.000507907534484,-0.00143067014869,-0.000634174444713,0.002276371466,-0.00644643558189,0.0156302526593,-0.00640773121268,0.000613148848061],[-0.000175099892658,0.00166887254454,-0.00173017045017,0.00272722076625,-0.00158638798166,0.0000168219594343,0.00024954523542,0.000627975736279,-0.00149048666935,0.000859519001096,-0.00640773121268,0.0186324138194,-0.00901807099581],[0.000263795780484,-0.00143109320197,0.00137730455026,-0.00105805357452,0.00153481413145,0.000136444286909,0.000451348663773,-0.000914175179787,-0.000825409428217,0.00147654709872,0.000613148848061,-0.00901807099581,0.0154742076993]],"mean":[-103.218582153,104.696136475,-138.757095337,16.1697998047,-59.4023857117,0.0308110415936,-40.4922447205,3.86927723885,-22.72082901,-0.781828284264,-14.651766777,-1.96939003468,-8.59752845764]},"hfc":{"dmean":3.04617977142,"dmean2":4.10987329483,"dvar":39.9179458618,"dvar2":75.8390350342,"max":172.568267822,"mean":12.5942325592,"median":3.83999490738,"min":1.16844251077e-16,"var":350.497283936},"melbands":{"dmean":[0.000455513363704,0.000834120612126,0.000631730887108,0.000144339821418,0.00010416508303,0.0000852056255098,0.000117812640383,0.0000691557143,0.0000503058327013,0.0000451684645668,0.0000450465413451,0.0000492133622174,0.0000365626874554,0.000018156322767,0.000015621075363,0.0000199878850253,0.000020308772946,0.0000140630272654,0.0000179169855983,0.0000110620158011,0.000011507581803,0.00000781533526606,0.00000917177749216,0.00000692484900355,0.00000575813146497,0.00000367598931916,0.00000332112335855,0.00000254959513768,0.00000187143120911,0.00000188467038242,0.00000103831882825,0.00000112500731575,7.21150854588e-7,6.54718292026e-7,5.86884311815e-7,5.97993050633e-7,3.89820172586e-7,3.26729065137e-7,2.3153455686e-7,1.83804118592e-7],"dmean2":[0.000733815948479,0.0013852592092,0.000927392393351,0.000229595985729,0.000158899129019,0.000129210893647,0.000176284884219,0.000098859272839,0.000071445996582,0.0000647312263027,0.000065797859861,0.0000710148669896,0.0000527634365426,0.0000262339654,0.0000239023647737,0.0000313294367515,0.0000315836805385,0.00002229590973,0.0000285347832687,0.0000179373582796,0.0000183752290468,0.0000125934830066,0.0000148282470036,0.0000110844976007,0.00000950248795561,0.00000609901053394,0.00000542014231542,0.00000411421842728,0.00000295175459541,0.00000301631575894,0.00000161477385063,0.00000182092242085,0.00000113233431875,0.00000101866191926,8.83750658431e-7,9.05004071683e-7,5.66621167764e-7,4.72462659218e-7,3.35484543257e-7,2.68011632443e-7],"dvar":[0.00000438159486293,0.0000145048616105,0.00000515208012075,3.0930812045e-7,6.58545218357e-8,6.03515530884e-8,1.31861838781e-7,6.12718835669e-8,2.54595793336e-8,1.97071887698e-8,4.45632970525e-8,5.39569064983e-8,2.44123938842e-8,5.70066838179e-9,3.60290219881e-9,1.06648307963e-8,5.7239382123e-9,2.23856222448e-9,6.35043528874e-9,1.07170916586e-9,2.52761234165e-9,5.96698246369e-10,7.77951925102e-10,4.48009351839e-10,3.52658069414e-10,1.14049741873e-10,1.25461668832e-10,4.68140942678e-11,2.90137358583e-11,3.08220463041e-11,8.75261495226e-12,9.22619706328e-12,6.11734404452e-12,6.60369458769e-12,3.78224274816e-12,4.68483151578e-12,1.60010199535e-12,1.37644930176e-12,5.70384885157e-13,4.50924725077e-13],"dvar2":[0.0000115145103337,0.0000403645426559,0.0000126713939608,8.27096528155e-7,1.53082694965e-7,1.38108660508e-7,3.04079947e-7,1.19942612287e-7,5.26210648388e-8,3.93340009452e-8,1.04701364023e-7,1.12704263699e-7,4.49413803949e-8,1.02314832162e-8,6.94784896282e-9,2.70369415745e-8,1.2940201799e-8,5.0494342041e-9,1.64803388714e-8,2.6564190847e-9,5.55189672014e-9,1.48319057036e-9,1.98257987805e-9,1.12332887436e-9,9.5744590034e-10,3.11555059529e-10,3.46678546981e-10,1.1877783479e-10,6.85043480275e-11,7.72790789694e-11,2.0558081279e-11,2.40722337896e-11,1.55431639781e-11,1.64616740378e-11,8.48577111356e-12,1.11405468184e-11,3.47125149805e-12,3.10202709873e-12,1.22688957518e-12,9.6312736432e-13],"max":[0.0477794110775,0.068344950676,0.0680653080344,0.0183323901147,0.00679913489148,0.00909985415637,0.012249940075,0.0276833325624,0.0111218085513,0.00653232913464,0.0140615357086,0.0142018431798,0.00962459668517,0.0049105444923,0.00485458783805,0.00659096939489,0.00421580392867,0.00246817641892,0.00455051707104,0.00136788655072,0.00299794739112,0.00129678868689,0.00120026292279,0.00102025875822,0.000879522063769,0.00033331711893,0.000384353566915,0.000244125418249,0.00025840496528,0.000230549805565,0.000118976298836,0.0000902216415852,0.0000955883369897,0.0000895148114068,0.0000911557872314,0.0000886999696377,0.0000447698912467,0.0000535162835149,0.0000261042550846,0.0000252729969361],"mean":[0.000771760300267,0.00145484926179,0.00114278134424,0.000281564658508,0.000210665835766,0.00016641287948,0.000203244228032,0.000161132134963,0.000103749931441,0.0000836251638248,0.0000777319801273,0.0000952906484599,0.000089738969109,0.0000434180437878,0.0000282854944089,0.0000335280710715,0.000037820864236,0.0000234677809203,0.00002765188583,0.0000202911160159,0.0000197557710635,0.0000149887528096,0.000016172456526,0.0000152749835252,0.0000112561847345,0.00000688333966536,0.00000667162248646,0.00000581152289669,0.0000044018738663,0.00000438167899119,0.0000025677575195,0.00000259452008322,0.00000167491043612,0.00000140964937145,0.00000129384920911,0.0000011666655837,7.98629912424e-7,6.83008295255e-7,4.8823136467e-7,3.882588544e-7],"median":[0.00000511833832206,0.0000216919361264,0.0000278095048998,0.000038367947127,0.0000518622473464,0.0000471527819172,0.0000444242505182,0.0000337494930136,0.0000192405768757,0.0000173326807271,0.0000121564635265,0.0000120607701319,0.00000981551420409,0.00000656140082356,0.00000513417853654,0.00000504441686644,0.00000500321903019,0.00000350874051946,0.00000330590728481,0.00000403401418225,0.00000230444084082,0.00000229111219596,0.0000022167428142,0.00000186405668501,0.00000144070713759,8.27858457342e-7,7.14820487246e-7,6.10327049344e-7,3.92086576539e-7,2.5888701316e-7,2.22017902729e-7,1.48766147845e-7,9.92397630739e-8,7.18597661375e-8,4.97109589048e-8,3.71508619423e-8,2.48059564001e-8,1.96893008564e-8,2.16974846978e-8,1.30701796053e-8],"min":[1.8964888271e-23,4.17769849125e-24,3.96099051197e-24,1.25241308584e-23,2.39223410572e-23,1.06211238314e-23,3.04352003565e-23,1.3010443885e-23,6.75015102621e-24,9.59090935453e-24,1.16932670543e-23,4.82110527846e-24,2.0288177196e-24,1.5055405643e-23,1.62847128351e-23,1.0742624188e-23,9.44668664839e-24,8.11913945226e-24,1.69192409929e-23,1.15150326102e-23,8.92540262905e-24,1.07106114236e-23,1.03431103158e-23,4.18982131121e-24,7.17629132062e-24,1.39176867796e-23,1.40721930765e-23,1.32950814656e-23,6.80621063757e-24,9.86465118839e-24,9.25310885972e-24,8.96416725394e-24,1.1946524537e-23,1.26215985676e-23,7.2749509986e-24,9.90203925099e-24,9.87155766561e-24,6.1752398481e-24,1.06192621197e-23,1.25666086516e-23],"var":[0.00000543221631233,0.0000160169929586,0.00000850739252201,4.69799431357e-7,1.64243843415e-7,1.23637249771e-7,2.29374322203e-7,4.18740370378e-7,7.77681492536e-8,4.68217074001e-8,9.43251521335e-8,1.81551513379e-7,1.91042630604e-7,3.41051737962e-8,9.49151246488e-9,2.19241709232e-8,2.49810874209e-8,4.18385548429e-9,1.01178212475e-8,2.98689539768e-9,6.10196115858e-9,1.79207759743e-9,1.61876967386e-9,2.14138728971e-9,8.81605954905e-10,2.6240723483e-10,3.05867886574e-10,2.03449909697e-10,1.23086471571e-10,1.4465101339e-10,4.11313066939e-11,3.30518737379e-11,1.82392764086e-11,1.51724414282e-11,1.19431461248e-11,1.1503423214e-11,5.04276264843e-12,3.95782625423e-12,1.68945727633e-12,1.31033270172e-12]},"melbands_crest":{"dmean":2.47303819656,"dmean2":3.87478661537,"dvar":6.48914480209,"dvar2":15.9155397415,"max":34.829284668,"mean":13.8369703293,"median":12.8159799576,"min":2.77263379097,"var":34.2032661438},"melbands_flatness_db":{"dmean":0.0181268118322,"dmean2":0.0264847818762,"dvar":0.000480478018289,"dvar2":0.00101888133213,"max":0.530124425888,"mean":0.213954791427,"median":0.198721662164,"min":0.0082372231409,"var":0.00572006078437},"melbands_kurtosis":{"dmean":6.08093547821,"dmean2":9.23948097229,"dvar":279.409118652,"dvar2":643.101745605,"max":531.901855469,"mean":13.4907665253,"median":4.10064554214,"min":-1.86860609055,"var":844.624816895},"melbands_skewness":{"dmean":0.553046941757,"dmean2":0.832193791866,"dvar":0.58456659317,"dvar2":1.29974150658,"max":17.5059185028,"mean":2.29068231583,"median":1.75279474258,"min":-3.00209450722,"var":3.99404454231},"melbands_spread":{"dmean":4.85009241104,"dmean2":7.43948173523,"dvar":57.1105232239,"dvar2":115.722038269,"max":211.018539429,"mean":22.2314872742,"median":18.308095932,"min":0.602287352085,"var":313.088439941},"mfcc":{"cov":[[15381.1552734,-2499.08911133,565.508056641,1988.15258789,20.2430934906,693.777404785,446.633300781,331.342285156,211.898269653,502.931091309,360.597076416,90.0749130249,-358.674102783],[-2499.08911133,1629.39050293,-425.494354248,-367.396484375,50.5618476868,-176.433547974,-30.215461731,-27.5636501312,-24.5293521881,-81.0620346069,-98.656539917,-24.1852092743,76.9389801025],[565.508056641,-425.494354248,1221.5625,401.025726318,361.880584717,218.670684814,65.0482559204,110.341529846,30.4427185059,91.5746765137,53.5634460449,66.7201385498,24.4962787628],[1988.15258789,-367.396484375,401.025726318,738.842041016,224.119430542,179.793609619,72.719291687,98.2622375488,66.9538497925,138.892105103,72.5018920898,33.6411972046,-39.338092804],[20.2430934906,50.5618476868,361.880584717,224.119430542,349.823028564,125.724685669,23.1686687469,81.816986084,37.6765098572,67.2936706543,4.99264669418,31.4386348724,19.79986763],[693.777404785,-176.433547974,218.670684814,179.793609619,125.724685669,248.026153564,97.9257583618,83.0017242432,39.7279243469,72.0493927002,36.5485801697,15.0663776398,-6.84600687027],[446.633300781,-30.215461731,65.0482559204,72.719291687,23.1686687469,97.9257583618,171.820068359,77.5172195435,15.7442960739,44.7280845642,26.4723968506,11.1218109131,-9.62095355988],[331.342285156,-27.5636501312,110.341529846,98.2622375488,81.816986084,83.0017242432,77.5172195435,167.963424683,71.7550354004,60.3934135437,14.5024604797,18.6564483643,11.8027572632],[211.898269653,-24.5293521881,30.4427185059,66.9538497925,37.6765098572,39.7279243469,15.7442960739,71.7550354004,120.915901184,56.0396156311,8.68418598175,11.474606514,8.76819229126],[502.931091309,-81.0620346069,91.5746765137,138.892105103,67.2936706543,72.0493927002,44.7280845642,60.3934135437,56.0396156311,144.866622925,55.6569900513,8.44916439056,-8.12170314789],[360.597076416,-98.656539917,53.5634460449,72.5018920898,4.99264669418,36.5485801697,26.4723968506,14.5024604797,8.68418598175,55.6569900513,107.096481323,33.4146957397,-11.7733154297],[90.0749130249,-24.1852092743,66.7201385498,33.6411972046,31.4386348724,15.0663776398,11.1218109131,18.6564483643,11.474606514,8.44916439056,33.4146957397,89.5397186279,34.8591003418],[-358.674102783,76.9389801025,24.4962787628,-39.338092804,19.79986763,-6.84600687027,-9.62095355988,11.8027572632,8.76819229126,-8.12170314789,-11.7733154297,34.8591003418,98.0648498535]],"icov":[[0.00014895464119,0.000124375161249,0.0000731290856493,-0.00034933569259,0.000214728235733,-0.000133777401061,-0.000112543741125,-0.0000733875713195,0.0000254397109529,-0.000124007361592,0.0000373514667444,-0.000181675874046,0.000290438882075],[0.000124375161249,0.00104076368734,0.000449371727882,0.0000732575863367,-0.000819095410407,0.000556747196242,-0.000591757299844,-0.0000213776256714,0.00000399736973122,-0.000010331460544,0.000197857007151,0.000114307666081,-0.000313842698233],[0.0000731290856493,0.000449371727882,0.0015204010997,-0.000350279122358,-0.00130432075821,-0.000248249241849,-0.000190566061065,-0.000168072758242,0.000372639769921,0.000164447934367,-0.000208994213608,-0.00025951967109,-0.000310383707983],[-0.00034933569259,0.0000732575863367,-0.000350279122358,0.00314681255259,-0.00156009779312,0.0000566615271964,0.0000816399478936,0.000187816011021,-0.000371152797015,-0.000672541325912,-0.000324567197822,0.0000821495486889,0.000228315402637],[0.000214728235733,-0.000819095410407,-0.00130432075821,-0.00156009779312,0.00667530205101,-0.00227557728067,0.00170626607724,-0.00142873765435,0.000671566929668,-0.00161398109049,0.00180236331653,-0.00157175562344,0.000542099180166],[-0.000133777401061,0.000556747196242,-0.000248249241849,0.0000566615271964,-0.00227557728067,0.00778442015871,-0.00329840439372,-0.00033295690082,-0.000716089038178,-0.000275002530543,-0.000833055877592,0.0010629381286,-0.000558601343073],[-0.000112543741125,-0.000591757299844,-0.000190566061065,0.0000816399478936,0.00170626607724,-0.00329840439372,0.00972617790103,-0.00403329124674,0.00228089117445,-0.00107642810326,-0.000190181628568,-0.000849981734063,0.000984098995104],[-0.0000733875713195,-0.0000213776256714,-0.000168072758242,0.000187816011021,-0.00142873765435,-0.00033295690082,-0.00403329124674,0.0113586597145,-0.00518652796745,-0.000761928677093,0.000603276654147,-0.000258512562141,-0.00106692453846],[0.0000254397109529,0.00000399736973122,0.000372639769921,-0.000371152797015,0.000671566929668,-0.000716089038178,0.00228089117445,-0.00518652796745,0.0130942165852,-0.00416710972786,0.00181467528455,-0.00131853297353,-0.000318976119161],[-0.000124007361592,-0.000010331460544,0.000164447934367,-0.000672541325912,-0.00161398109049,-0.000275002530543,-0.00107642810326,-0.000761928677093,-0.00416710972786,0.0131949223578,-0.00626804772764,0.00312032760121,-0.000859858701006],[0.0000373514667444,0.000197857007151,-0.000208994213608,-0.000324567197822,0.00180236331653,-0.000833055877592,-0.000190181628568,0.000603276654147,0.00181467528455,-0.00626804772764,0.015475993976,-0.00689206132665,0.00301659852266],[-0.000181675874046,0.000114307666081,-0.00025951967109,0.0000821495486889,-0.00157175562344,0.0010629381286,-0.000849981734063,-0.000258512562141,-0.00131853297353,0.00312032760121,-0.00689206132665,0.0172031838447,-0.00688344240189],[0.000290438882075,-0.000313842698233,-0.000310383707983,0.000228315402637,0.000542099180166,-0.000558601343073,0.000984098995104,-0.00106692453846,-0.000318976119161,-0.000859858701006,0.00301659852266,-0.00688344240189,0.0145178074017]],"mean":[-735.364257812,130.642791748,-16.4358329773,12.5563220978,-2.60178422928,-4.85160827637,-7.97740650177,-2.36068177223,-3.34065198898,-3.57432627678,-3.3974776268,-1.64716160297,-1.39563930035]},"pitch_salience":{"dmean":0.0546209663153,"dmean2":0.0870337709785,"dvar":0.00305562117137,"dvar2":0.00787925161421,"max":0.923247277737,"mean":0.536875128746,"median":0.540972709656,"min":0.101687841117,"var":0.014477012679},"silence_rate_20dB":{"dmean":0,"dmean2":0,"dvar":0,"dvar2":0,"max":1,"mean":1,"median":1,"min":1,"var":0},"silence_rate_30dB":{"dmean":0.0147309992462,"dmean2":0.0294630471617,"dvar":0.0145118264481,"dvar2":0.035917006433,"max":1,"mean":0.988400638103,"median":1,"min":0,"var":0.0114620225504},"silence_rate_60dB":{"dmean":0.0349416434765,"dmean2":0.0698857754469,"dvar":0.0337204523385,"dvar2":0.0724019780755,"max":1,"mean":0.425796121359,"median":0,"min":0,"var":0.24443551898},"spectral_centroid":{"dmean":170.901504517,"dmean2":260.527587891,"dvar":46665.03125,"dvar2":96292.8125,"max":10683.4628906,"mean":1270.91345215,"median":1180.33935547,"min":153.53414917,"var":394755.6875},"spectral_complexity":{"dmean":2.04540276527,"dmean2":3.09504318237,"dvar":7.14348125458,"dvar2":13.3459148407,"max":59,"mean":12.0898065567,"median":9,"min":0,"var":112.398132324},"spectral_contrast_coeffs":{"dmean":[0.04162440449,0.0376236177981,0.033242624253,0.0287000015378,0.020235626027,0.0142946084961],"dmean2":[0.068271972239,0.0609768889844,0.0525311492383,0.0459324605763,0.0323425978422,0.0224799010903],"dvar":[0.00126771302894,0.00112294231076,0.000876810168847,0.000656527059618,0.000350869988324,0.000223080234719],"dvar2":[0.00336401048116,0.00287390756421,0.00206788955256,0.00153740076348,0.000794211926404,0.000462326570414],"max":[-0.267172992229,-0.368892967701,-0.380790889263,-0.457764238119,-0.51258713007,-0.575918197632],"mean":[-0.627403557301,-0.71177136898,-0.739452302456,-0.741579890251,-0.759732425213,-0.769469976425],"median":[-0.632476210594,-0.71510052681,-0.751889526844,-0.747312366962,-0.765676259995,-0.7733066082],"min":[-0.958918690681,-0.965481758118,-0.984514296055,-0.968268215656,-0.955690324306,-0.955702900887],"var":[0.00698310928419,0.00669596111402,0.00668940553442,0.005137687549,0.00325746205635,0.00334032298997]},"spectral_contrast_valleys":{"dmean":[0.400419324636,0.315038144588,0.290720522404,0.257522255182,0.208098813891,0.195250973105],"dmean2":[0.648484289646,0.497929036617,0.452901989222,0.395763427019,0.307967156172,0.254133969545],"dvar":[0.120894737542,0.0949104428291,0.0927123948932,0.0873319879174,0.0733112171292,0.0895108953118],"dvar2":[0.287336468697,0.199611574411,0.18691085279,0.173644334078,0.134637638927,0.126370549202],"max":[-5.05960416794,-4.87761306763,-5.31690979004,-5.78880262375,-5.52861070633,-7.60339927673],"mean":[-8.82152366638,-7.58010864258,-8.27595710754,-8.81682109833,-8.88991546631,-11.5360498428],"median":[-9.14610385895,-7.46790504456,-8.19299602509,-8.69263648987,-8.67949390411,-11.4924678802],"min":[-27.2767372131,-27.1518135071,-27.1881256104,-26.9926567078,-27.4719562531,-27.3179244995],"var":[2.91668152809,1.44420397282,1.730910182,2.09444451332,2.59732270241,2.89390349388]},"spectral_decrease":{"dmean":1.54792989537e-9,"dmean2":2.29969754351e-9,"dvar":2.08430241055e-17,"dvar2":5.20504757025e-17,"max":8.28630560905e-17,"mean":-4.29234736643e-9,"median":-1.1888194873e-9,"min":-7.31034219825e-8,"var":4.44910904601e-17},"spectral_energy":{"dmean":0.00605477858335,"dmean2":0.00895419251174,"dvar":0.000307214038912,"dvar2":0.0007624719874,"max":0.279000550508,"mean":0.0173426549882,"median":0.00490558100864,"min":1.07057406493e-20,"var":0.000695829745382},"spectral_energyband_high":{"dmean":0.000165223857039,"dmean2":0.000229917379329,"dvar":1.95088645683e-7,"dvar2":4.02105911235e-7,"max":0.0171565692872,"mean":0.000542822526768,"median":0.0000444007491751,"min":7.6642556981e-21,"var":0.00000128243357267},"spectral_energyband_low":{"dmean":0.00406991597265,"dmean2":0.00639844313264,"dvar":0.000238547479967,"dvar2":0.000628745357972,"max":0.26533010602,"mean":0.00790213048458,"median":0.000116954615805,"min":6.65896548977e-23,"var":0.000348920730175},"spectral_energyband_middle_high":{"dmean":0.00105473422445,"dmean2":0.00150018499698,"dvar":0.00000716378508514,"dvar2":0.0000144434725371,"max":0.0917776226997,"mean":0.00373485474847,"median":0.000928134133574,"min":1.62192074033e-21,"var":0.0000511718317284},"spectral_energyband_middle_low":{"dmean":0.00276048807427,"dmean2":0.00388577091508,"dvar":0.0000600185339863,"dvar2":0.000139179202961,"max":0.231573835015,"mean":0.00701919477433,"median":0.0024097035639,"min":4.29338746735e-22,"var":0.000132620334625},"spectral_entropy":{"dmean":0.118262305856,"dmean2":0.173587098718,"dvar":0.0214122794569,"dvar2":0.0422876253724,"max":9.78622436523,"mean":7.18817615509,"median":7.3377161026,"min":5.11143875122,"var":0.363220572472},"spectral_flux":{"dmean":0.01515033748,"dmean2":0.0237213056535,"dvar":0.000979460543022,"dvar2":0.0021072360687,"max":0.475353211164,"mean":0.0458056516945,"median":0.031506229192,"min":1.03468546231e-10,"var":0.00252683553845},"spectral_kurtosis":{"dmean":2.87155818939,"dmean2":4.99386644363,"dvar":18.670425415,"dvar2":57.2260017395,"max":87.0614852905,"mean":8.85569477081,"median":5.32195472717,"min":-1.17082536221,"var":99.1073989868},"spectral_rms":{"dmean":0.000511426012963,"dmean2":0.000706951890606,"dvar":0.00000107230164303,"dvar2":0.00000229780880545,"max":0.0164983533323,"mean":0.00313461059704,"median":0.00218767742626,"min":3.23181455555e-12,"var":0.00000709379992259},"spectral_rolloff":{"dmean":301.537322998,"dmean2":501.422119141,"dvar":367450,"dvar2":761338.9375,"max":21274.8046875,"mean":1527.47583008,"median":1248.92578125,"min":86.1328125,"var":2868770.75},"spectral_skewness":{"dmean":0.269005119801,"dmean2":0.451776951551,"dvar":0.0996183678508,"dvar2":0.29052016139,"max":7.68055343628,"mean":1.92305886745,"median":1.68286836147,"min":0.0249237082899,"var":0.903455078602},"spectral_spread":{"dmean":333068.03125,"dmean2":482699.40625,"dvar":260930912256,"dvar2":417008812032,"max":40755944,"mean":3772609.75,"median":3517913.5,"min":974002.1875,"var":3373445677060},"spectral_strongpeak":{"dmean":0.327119678259,"dmean2":0.534173369408,"dvar":0.47452890873,"dvar2":1.17498898506,"max":16.8653068542,"mean":0.798266947269,"median":0.436622917652,"min":0,"var":1.52738368511},"zerocrossingrate":{"dmean":0.00666782585904,"dmean2":0.00793964788318,"dvar":0.0000995666268864,"dvar2":0.000109362044896,"max":0.666015625,"mean":0.0569688268006,"median":0.05126953125,"min":0.00341796875,"var":0.00197909516282}},"metadata":{"audio_properties":{"analysis_sample_rate":44100,"bit_rate":0,"codec":"flac","downmix":"mix","equal_loudness":0,"length":652.559997559,"lossless":true,"md5_encoded":"44d5a091456e4881104b28ca832dc563","replay_gain":-11.3282318115},"tags":{"album":["Even in the Quietest Moments…"],"albumartist":["Supertramp"],"albumartistsort":["Supertramp"],"albumsort":["Even in the Quietest Moments… (1977-04, Supertramp, 40b675af-1750-4903-9a01-a04716b031aa)"],"artist":["Supertramp"],"artists":["Supertramp"],"artistsort":["Supertramp"],"catalognumber":["SP-4634"],"composer":["Roger Hodgson"],"composersort":["Hodgson, Roger"],"date":["1977-04"],"discnumber":["1"],"disctotal":["1"],"file_name":"07 - Supertramp - Fool’s Overture.flac","genre":["Art Rock"],"label":["A&M Records"],"lyricist":["Roger Hodgson"],"media":["12\" Vinyl"],"musicbrainz_albumartistid":["d2ff6b6b-fc30-48dc-8952-06f9d8fc64f8"],"musicbrainz_albumid":["40b675af-1750-4903-9a01-a04716b031aa"],"musicbrainz_artistid":["d2ff6b6b-fc30-48dc-8952-06f9d8fc64f8"],"musicbrainz_discid":["Rx9m1d9h05CAx_8r1bqUy5pzyzo-"],"musicbrainz_recordingid":["9f3c9e21-f7a8-4244-b8f5-cfc6fd4068a5"],"musicbrainz_releasegroupid":["c4b68591-5d85-393e-9c97-d42a0d89900c"],"musicbrainz_releasetrackid":["8c2a5a93-6d7b-3470-a465-076759beba13"],"musicbrainz_workid":["c9f49df8-8547-31ed-8606-f56987d61bea"],"musicip_puid":["53c23a3b-0c3f-bda0-02b0-1199c62543ef"],"originaldate":["1977-04"],"performer":["Roger Hodgson (guitar and keyboard)","Roger Hodgson (vocals)","Roger Hodgson (lead vocals)"],"producer":["Supertramp"],"releasecountry":["US"],"releasestatus":["official"],"releasetype":["album"],"replaygain_album_gain":["-7.03 dB"],"replaygain_album_peak":["0.998962"],"replaygain_track_gain":["-5.22 dB"],"replaygain_track_peak":["0.998932"],"script":["Latn"],"title":["Fool’s Overture"],"tracknumber":["7"],"tracktotal