{"lowlevel":{"average_loudness":0.249106958508,"barkbands":{"dmean":[0.0132362134755,0.0100198062137,0.00311318784952,0.0013488708064,0.00197442364879,0.00186620804016,0.000977173447609,0.000860364350956,0.000511716294568,0.000460275099613,0.000417176401243,0.000299888197333,0.000258688203758,0.0001137653162,0.000154510446009,0.000051877428632,0.0000403898557124,0.0000470951854368,0.0000437827293354,0.0000506374854012,0.0000481479582959,0.0000328910682583,0.0000143794759424,0.00000750011122364,0.00000393469053961,0.00000932615512284,0.0000645976688247],"dmean2":[0.0221803896129,0.0171580780298,0.00547170266509,0.0023193678353,0.00323091982864,0.00284220604226,0.00150782126002,0.00129741220735,0.000824549759272,0.000734771718271,0.00067137053702,0.000476585933939,0.000412105437135,0.00018532545073,0.000248764874414,0.0000843903617351,0.0000634345051367,0.00007713928062,0.0000695664566592,0.0000779555848567,0.0000724798301235,0.0000485490018036,0.0000213554048969,0.0000115170250865,0.00000647565366307,0.0000136728094731,0.0000974891590886],"dvar":[0.000668027147185,0.000501798058394,0.0000839791537146,0.00000974936119746,0.0000204588486667,0.0000314703975164,0.00000814273153082,0.00000506779542775,0.00000200341105483,0.00000183312988611,0.00000231302487919,8.00394161615e-7,5.03559704157e-7,9.1699682514e-8,1.21986900581e-7,1.63715903057e-8,1.06664357347e-8,2.1669055883e-8,1.70196994276e-8,1.52177470625e-8,1.3979594371e-8,8.4954647761e-9,1.35990685379e-9,3.23062965268e-10,5.93328164378e-11,4.3455752885e-10,3.09628340744e-8],"dvar2":[0.00182908563875,0.00142633926589,0.000238044332946,0.0000276963255601,0.0000502171824337,0.0000675611227052,0.0000178414502443,0.0000108532767626,0.00000486454655402,0.00000397946496378,0.0000060870611378,0.00000188197134321,0.00000119866774639,2.31608154877e-7,3.08937046611e-7,4.1679676599e-8,2.47789131436e-8,5.69568108233e-8,4.26017514599e-8,3.49808608746e-8,2.93761690529e-8,1.70824900891e-8,2.75038503084e-9,6.74444777804e-10,1.51180817864e-10,8.37918456842e-10,6.05982890534e-8],"max":[0.556356549263,0.39879861474,0.157508000731,0.0755994766951,0.141615629196,0.206888526678,0.153092890978,0.0724641829729,0.0430232435465,0.05677665025,0.0399991832674,0.0237602740526,0.0199283156544,0.0128154773265,0.00702004646882,0.00270228739828,0.00205965060741,0.0032121585682,0.00367413158529,0.00418496970087,0.00345439650118,0.00300333509222,0.00117370637599,0.000550323282368,0.000128968706122,0.000506369164214,0.00676319980994],"mean":[0.0222894940525,0.014628588222,0.00325787789188,0.00166224304121,0.00316814729013,0.00346199353226,0.00187395245302,0.00145962182432,0.000777630019002,0.000685806910042,0.000614837976173,0.000493363419082,0.000406431528972,0.000191731014638,0.000260380387772,0.0000839247586555,0.0000648789864499,0.0000714047055226,0.0000773746578488,0.0000937340882956,0.0000974710055743,0.0000625927350484,0.0000267901577899,0.0000118601628856,0.00000468114649266,0.0000179712205863,0.000215627573198],"median":[0.00328899198212,0.00437550991774,0.000812815618701,0.000500139081851,0.0011366403196,0.000674343667924,0.000407815852668,0.00030580710154,0.000204422482057,0.000143844576087,0.0000891833551577,0.0000783247814979,0.0000816904503154,0.0000529607932549,0.0000581813146709,0.0000250906050496,0.0000160520139616,0.0000166747959156,0.0000217682645598,0.0000272951619991,0.0000301947147818,0.0000162065643963,0.00000873115550348,0.00000371042847291,0.00000134233869176,0.00000641989845462,0.0000744145654608],"min":[6.22105554841e-23,1.53778777815e-23,1.06650334071e-23,4.98283833011e-23,1.61745436766e-23,3.14521588148e-23,1.46985221296e-22,2.85179875223e-23,4.38186168886e-23,4.47775025624e-23,9.95111807444e-23,6.41037017498e-23,1.11221032021e-22,1.72213788216e-22,8.98101732287e-23,1.12783683433e-22,1.15492126911e-22,2.09328166572e-22,2.65405246477e-22,2.76861980688e-22,4.61979816753e-22,4.87936495978e-22,5.87093560218e-22,1.0217101272e-21,1.3341670013e-21,1.73175976377e-21,2.28640536712e-21],"var":[0.00160649430472,0.000721384305507,0.0000736333167879,0.0000117357594718,0.0000411239961977,0.0000856201222632,0.0000286289468931,0.0000127383500512,0.00000366801350538,0.00000374446085516,0.00000413311317971,0.00000184101747891,0.00000107236837721,1.73336317744e-7,2.88361150069e-7,2.88696835327e-8,1.95479366027e-8,2.64933390781e-8,2.83578138749e-8,3.95044530421e-8,4.41727365796e-8,2.3858602205e-8,3.57336049639e-9,6.67594979298e-10,8.11922751254e-11,1.23979471134e-9,1.52559479716e-7]},"barkbands_crest":{"dmean":3.21088218689,"dmean2":5.45627307892,"dvar":7.43859481812,"dvar2":21.9546585083,"max":26.2594165802,"mean":12.2737474442,"median":11.7531795502,"min":2.63551449776,"var":20.9953670502},"barkbands_flatness_db":{"dmean":0.0352149382234,"dmean2":0.0571999847889,"dvar":0.00113826594315,"dvar2":0.0031720539555,"max":0.51183360815,"mean":0.193769797683,"median":0.186661481857,"min":0.0252042543143,"var":0.00535428896546},"barkbands_kurtosis":{"dmean":12.0709199905,"dmean2":20.1705570221,"dvar":514.509277344,"dvar2":1415.12023926,"max":620.109741211,"mean":21.9468765259,"median":11.589761734,"min":-1.81079375744,"var":1013.6897583},"barkbands_skewness":{"dmean":0.984145283699,"dmean2":1.61304628849,"dvar":1.16487360001,"dvar2":3.13837695122,"max":18.65350914,"mean":2.95951271057,"median":2.56865787506,"min":-2.35548043251,"var":4.16451931},"barkbands_spread":{"dmean":4.44419431686,"dmean2":7.04778957367,"dvar":41.3224182129,"dvar2":93.4685668945,"max":126.590576172,"mean":14.5407896042,"median":9.90874481201,"min":0.227595597506,"var":208.295471191},"dissonance":{"dmean":0.0309428181499,"dmean2":0.0517911203206,"dvar":0.00104752206244,"dvar2":0.00287127518095,"max":0.500000059605,"mean":0.442617863417,"median":0.458475321531,"min":0.163162767887,"var":0.00269642635249},"dynamic_complexity":5.66018152237,"erbbands":{"dmean":[0.532860040665,1.58175182343,3.30974626541,4.32169818878,3.62380313873,8.82212162018,10.2149829865,16.6083145142,15.130616188,19.6654186249,12.1850357056,11.4238319397,13.1635513306,15.4411306381,15.1908502579,12.3264541626,11.8499927521,6.11804389954,7.83108663559,4.68937206268,2.60625815392,2.30712246895,2.57288455963,2.43205165863,2.11355423927,2.43171548843,2.11698508263,1.77134215832,1.30288076401,0.690398991108,0.376710653305,0.204874813557,0.101111136377,0.0472849160433,0.0270564593375,0.021297711879,0.0196961164474,0.0150665678084,0.00640660803765,0.00228616618551],"dmean2":[0.893454551697,2.71234464645,5.75323867798,7.50320005417,6.0655412674,14.5087451935,16.4184303284,25.3894538879,22.94871521,29.8507614136,18.6712436676,18.3525409698,21.0865306854,24.5322742462,24.2568569183,19.7215099335,18.9038543701,9.91300106049,12.5919752121,7.56516695023,4.16469192505,3.59922242165,4.24530267715,3.92129802704,3.31990528107,3.74389147758,3.17394518852,2.65982341766,1.93366611004,1.0164951086,0.560170352459,0.309752851725,0.156963258982,0.0770112350583,0.0445287898183,0.0334048271179,0.028696089983,0.021053487435,0.00902284029871,0.00337488600053],"dvar":[1.71257925034,13.9819726944,83.7021484375,115.898124695,71.3348693848,509.874267578,903.966369629,2846.43920898,2260.06762695,2995.87426758,1286.77929688,1084.35266113,1321.6730957,2581.82641602,2911.91796875,1336.14587402,1129.51965332,270.682250977,350.24822998,107.875061035,44.6119232178,35.0818557739,67.7094955444,60.6909637451,34.796459198,36.934223175,25.8815841675,20.7682476044,12.9773006439,3.7151556015,0.916507720947,0.27349281311,0.0497439987957,0.00823217257857,0.00290042231791,0.00184988765977,0.00221822783351,0.00143602862954,0.000283112836769,0.0000243232698267],"dvar2":[4.75269842148,39.0967216492,230.401199341,333.105682373,182.192199707,1239.67150879,2115.46923828,6151.68164062,4795.08447266,6072.60253906,2986.91699219,2617.09619141,3209.84204102,5876.42822266,7369.10400391,3290.41479492,2734.1965332,677.873840332,889.89642334,255.923538208,107.143630981,81.4485397339,178.99041748,155.261535645,85.5844192505,85.5037384033,56.1354484558,43.1719932556,26.2788333893,7.41382312775,1.88684177399,0.554052889347,0.107323743403,0.020568953827,0.00741899572313,0.004155902192,0.00422243122011,0.0025390367955,0.000462434516521,0.0000456085108453],"max":[19.0290470123,64.5859298706,163.85496521,246.996780396,264.490753174,746.964782715,1227.47387695,2032.47961426,1852.55041504,3478.66235352,1327.46728516,1246.37353516,1191.36999512,2044.81030273,1366.11340332,1218.88867188,857.348083496,758.199951172,382.312133789,293.252258301,152.018508911,107.929290771,178.276733398,180.515060425,153.794326782,197.261566162,168.680175781,146.972290039,103.605133057,76.750793457,29.9555988312,17.09582901,6.79997253418,1.47362494469,0.91229146719,1.08527171612,1.40884184837,1.27071607113,0.433162540197,0.153296530247],"mean":[0.813406586647,2.0410182476,3.76652383804,5.26768016815,5.45795202255,13.3066530228,16.7304573059,31.2152462006,31.6872501373,35.1526870728,21.2641906738,17.9733200073,19.8841152191,24.2296085358,24.5555038452,21.1199245453,19.4098243713,11.280002594,13.9412813187,8.73506736755,4.33460187912,3.7968916893,3.87130403519,3.99320983887,3.98831129074,4.48201227188,4.25690364838,3.47606706619,2.46562123299,1.30072009563,0.69597530365,0.343345969915,0.153110250831,0.0616094432771,0.0304337888956,0.0328185223043,0.0374913625419,0.0347308479249,0.018520347774,0.00994490738958],"median":[0.168177053332,0.661030352116,1.07641768456,1.7236199379,2.10095882416,4.1577372551,5.3433880806,5.27632665634,5.46909427643,8.24391555786,5.52167510986,4.96512889862,4.92858600616,4.99350357056,3.64043188095,3.55324840546,4.00879573822,3.27228116989,3.04595756531,2.69896602631,1.35544490814,0.939016222954,0.898329854012,1.04685616493,1.17413210869,1.26469969749,1.35126042366,0.988088965416,0.611907184124,0.388298630714,0.227391719818,0.10686096549,0.0483426004648,0.0188120789826,0.00838178861886,0.0110269486904,0.0126958684996,0.0117742894217,0.00723203644156,0.00482045486569],"min":[1.04940007898e-21,1.95375759184e-21,1.13434136989e-20,9.85409019248e-20,9.84610272969e-20,3.35575606909e-20,1.67260805394e-19,3.6576052606e-19,1.45669969689e-18,2.16165455117e-18,5.97755762409e-19,9.47908967124e-19,1.2623013962e-18,2.50695386005e-18,2.96677053448e-18,3.31501708788e-18,4.44613797868e-18,9.74806626577e-18,5.09133099826e-18,4.68740133436e-18,7.15149834649e-18,7.82364049683e-18,9.89884722936e-18,1.22733783655e-17,1.29384597022e-17,1.38402577962e-17,1.77767830344e-17,1.74149477647e-17,1.92866755112e-17,1.68464132948e-17,1.6810421012e-17,1.84227151399e-17,1.81978692514e-17,1.1911892166e-17,1.08798759912e-17,5.11846376312e-18,3.92769053565e-18,1.29526350963e-18,2.71632283737e-19,3.49669245895e-20],"var":[2.63216376305,16.4574985504,80.0872573853,118.80557251,118.078369141,970.27166748,1576.44177246,7930.94824219,10935.1220703,8770.60742188,2898.26098633,2080.25366211,2191.47631836,5403.70019531,5839.66259766,3109.69384766,2467.33422852,529.548034668,863.167053223,272.42880249,77.4344940186,64.911277771,80.1979370117,81.8775939941,70.2874984741,91.8392791748,82.1687316895,62.8888816833,36.6642608643,9.86822509766,2.3557677269,0.597050786018,0.101404368877,0.013036718592,0.0037000188604,0.00382317788899,0.00597433792427,0.0049264463596,0.00114376912825,0.00019426959625]},"erbbands_crest":{"dmean":2.98991823196,"dmean2":4.90714693069,"dvar":7.40893697739,"dvar2":18.3913784027,"max":32.055229187,"mean":10.7369766235,"median":9.71906757355,"min":2.13652157784,"var":26.0223960876},"erbbands_flatness_db":{"dmean":0.0252480898052,"dmean2":0.0396143980324,"dvar":0.000551257515326,"dvar2":0.0013979668729,"max":0.391791790724,"mean":0.158332109451,"median":0.149190247059,"min":0.0447203479707,"var":0.00334945344366},"erbbands_kurtosis":{"dmean":2.78235793114,"dmean2":4.55379772186,"dvar":23.9119491577,"dvar2":60.976436615,"max":160.840499878,"mean":5.07482147217,"median":1.90915417671,"min":-1.80765807629,"var":85.271156311},"erbbands_skewness":{"dmean":0.488640218973,"dmean2":0.766480386257,"dvar":0.228326126933,"dvar2":0.545895159245,"max":8.00571060181,"mean":1.04283809662,"median":0.936500370502,"min":-3.47505497932,"var":1.53231287003},"erbbands_spread":{"dmean":7.27055358887,"dmean2":11.370880127,"dvar":62.654384613,"dvar2":144.600112915,"max":120.933242798,"mean":26.6567192078,"median":23.3701286316,"min":1.23146617413,"var":304.126586914},"gfcc":{"cov":[[17709.25,-393.036224365,-1641.29589844,1649.53051758,951.188964844,1050.5625,923.924682617,182.434753418,133.887084961,583.895690918,56.5452003479,405.917602539,-26.0584392548],[-393.036224365,1114.03771973,638.08392334,-151.938308716,36.6059989929,-13.2867202759,-120.490486145,-20.8366794586,-44.2481117249,-21.6968364716,75.2230682373,-107.325454712,79.2695236206],[-1641.29589844,638.08392334,1191.99438477,105.229301453,-165.919418335,-89.6886367798,-253.051208496,57.6417579651,-55.4091873169,-66.5885696411,13.4028291702,-55.2870597839,23.2832508087],[1649.53051758,-151.938308716,105.229301453,653.7421875,153.743133545,135.702514648,104.292411804,54.9547996521,1.72900116444,53.3273849487,-28.4243240356,88.2548828125,-43.5389595032],[951.188964844,36.6059989929,-165.919418335,153.743133545,350.889587402,134.737808228,65.4504318237,41.5447807312,7.40343332291,5.62572383881,44.5233230591,11.5824632645,19.8136291504],[1050.5625,-13.2867202759,-89.6886367798,135.702514648,134.737808228,340.099090576,119.672317505,56.2789268494,-40.3434715271,64.38306427,12.5838165283,55.4670562744,7.99090433121],[923.924682617,-120.490486145,-253.051208496,104.292411804,65.4504318237,119.672317505,267.846343994,-8.00856971741,26.3157634735,34.1076850891,-3.38090252876,57.3711433411,-5.22250652313],[182.434753418,-20.8366794586,57.6417579651,54.9547996521,41.5447807312,56.2789268494,-8.00856971741,236.991714478,81.5746078491,34.4633369446,10.0118150711,-0.17162053287,24.9816398621],[133.887084961,-44.2481117249,-55.4091873169,1.72900116444,7.40343332291,-40.3434715271,26.3157634735,81.5746078491,158.04045105,66.157989502,2.30901360512,-3.94255018234,-1.67866396904],[583.895690918,-21.6968364716,-66.5885696411,53.3273849487,5.62572383881,64.38306427,34.1076850891,34.4633369446,66.157989502,136.293869019,44.4470405579,13.0866107941,2.32475733757],[56.5452003479,75.2230682373,13.4028291702,-28.4243240356,44.5233230591,12.5838165283,-3.38090252876,10.0118150711,2.30901360512,44.4470405579,92.753616333,26.1705207825,17.7862892151],[405.917602539,-107.325454712,-55.2870597839,88.2548828125,11.5824632645,55.4670562744,57.3711433411,-0.17162053287,-3.94255018234,13.0866107941,26.1705207825,95.3132476807,19.345123291],[-26.0584392548,79.2695236206,23.2832508087,-43.5389595032,19.8136291504,7.99090433121,-5.22250652313,24.9816398621,-1.67866396904,2.32475733757,17.7862892151,19.345123291,89.3810424805]],"icov":[[0.000134736241307,-0.000224545030505,0.000253416976193,-0.000242352121859,-0.000147605795064,0.0000369645094906,-0.0000531212572241,-0.000148593477206,0.000238329477725,-0.0005711010308,0.000445386162028,-0.000493559869938,0.000159724339028],[-0.000224545030505,0.00260369013995,-0.00171097833663,0.000647387467325,-0.000117907111417,-0.000853343342897,-0.00054753141012,0.00137921376154,-0.00107956421562,0.00163002393674,-0.00301498733461,0.00416386127472,-0.00229250872508],[0.000253416976193,-0.00171097833663,0.00321617745794,-0.0026841876097,0.00268204929307,-0.00127309432719,0.00184375524987,-0.000438408518676,-0.00113110931125,0.00267223548144,-0.00248108059168,0.00104440120049,-0.000627542263828],[-0.000242352121859,0.000647387467325,-0.0026841876097,0.00594903994352,-0.0051328279078,0.00335831358097,-0.00167589285411,-0.00174000614788,0.00446097180247,-0.00735518708825,0.00871858000755,-0.007719702553,0.00438921852037],[-0.000147605795064,-0.000117907111417,0.00268204929307,-0.0051328279078,0.0102353747934,-0.00625419151038,0.0018285040278,0.00224584201351,-0.00728292856365,0.0125451441854,-0.0139059582725,0.0110032521188,-0.00544542027637],[0.0000369645094906,-0.000853343342897,-0.00127309432719,0.00335831358097,-0.00625419151038,0.0100813191384,-0.0030732373707,-0.0045334151946,0.00980533566326,-0.0124599346891,0.0116101223975,-0.0102623067796,0.00472671724856],[-0.0000531212572241,-0.00054753141012,0.00184375524987,-0.00167589285411,0.0018285040278,-0.0030732373707,0.00699925934896,0.00149732199498,-0.00367026100866,0.00341978971846,-0.00199319049716,-0.000355034077074,-0.000651053735055],[-0.000148593477206,0.00137921376154,-0.000438408518676,-0.00174000614788,0.00224584201351,-0.0045334151946,0.00149732199498,0.00825831666589,-0.00782247632742,0.00629631755874,-0.00657280860469,0.00660122837871,-0.00474457815289],[0.000238329477725,-0.00107956421562,-0.00113110931125,0.00446097180247,-0.00728292856365,0.00980533566326,-0.00367026100866,-0.00782247632742,0.0203331131488,-0.01891900599,0.0157966427505,-0.0118617266417,0.00650210119784],[-0.0005711010308,0.00163002393674,0.00267223548144,-0.00735518708825,0.0125451441854,-0.0124599346891,0.00341978971846,0.00629631755874,-0.01891900599,0.0337186045945,-0.028213204816,0.0205039940774,-0.00917387194932],[0.000445386162028,-0.00301498733461,-0.00248108059168,0.00871858000755,-0.0139059582725,0.0116101223975,-0.00199319049716,-0.00657280860469,0.0157966427505,-0.028213204816,0.0405960157514,-0.0274017080665,0.0103450734168],[-0.000493559869938,0.00416386127472,0.00104440120049,-0.007719702553,0.0110032521188,-0.0102623067796,-0.000355034077074,0.00660122837871,-0.0118617266417,0.0205039940774,-0.0274017080665,0.0370746850967,-0.0145841306075],[0.000159724339028,-0.00229250872508,-0.000627542263828,0.00438921852037,-0.00544542027637,0.00472671724856,-0.000651053735055,-0.00474457815289,0.00650210119784,-0.00917387194932,0.0103450734168,-0.0145841306075,0.0191005226225]],"mean":[-60.1063346863,96.5710830688,-63.5704498291,-2.29203605652,-34.4015388489,-15.1960258484,-5.06816673279,-17.2483882904,-3.52551674843,-1.23897576332,-4.23688077927,-3.67395544052,-5.66825389862]},"hfc":{"dmean":53.7591438293,"dmean2":84.0899734497,"dvar":14775.3046875,"dvar2":32073.3222656,"max":3383.06396484,"mean":176.180557251,"median":89.0094680786,"min":1.14533942243e-16,"var":70241.71875},"melbands":{"dmean":[0.00388465286233,0.00172566366382,0.000696055707522,0.000406021397794,0.000371955247829,0.000369458983187,0.000222401708015,0.000218053392018,0.0000917016441235,0.0000749883183744,0.000066885848355,0.0000633944291621,0.0000562625718885,0.0000333592834068,0.000031239582313,0.0000236314444919,0.0000111803437903,0.0000126631402964,0.0000104783593997,0.00000422405400968,0.00000305276353174,0.0000025606127565,0.00000237290714722,0.00000225044595936,0.00000209800327866,0.00000163106551554,0.00000169925021964,0.00000171222188783,0.00000142186024732,0.00000129187367293,0.00000102991714357,8.4351137275e-7,5.55315352813e-7,3.52850520358e-7,2.39401600766e-7,1.6837626049e-7,1.15261379108e-7,7.85821328009e-8,5.14625817516e-8,3.62142813515e-8],"dmean2":[0.00650712335482,0.0029447406996,0.00119671376888,0.000669620058034,0.000599047751166,0.000560343440156,0.000338814483257,0.000330114678945,0.000141529235407,0.000120551514556,0.000107371917693,0.000100923214632,0.0000901442763279,0.0000532961275894,0.0000492962972203,0.0000381507015845,0.0000182966268767,0.0000204526659218,0.0000170700841409,0.00000692328057994,0.00000486229509988,0.00000404004822485,0.00000386554074794,0.00000370634393221,0.0000034295956084,0.00000262474145529,0.00000269013821708,0.00000264544837592,0.00000216225612348,0.00000201929333343,0.00000156458975198,0.00000127223768231,8.37015363686e-7,5.28129248778e-7,3.62078566241e-7,2.52717967442e-7,1.7819117204e-7,1.23092192439e-7,8.22128285449e-8,5.96110467654e-8],"dvar":[0.0000806060488685,0.0000178184182005,0.0000028282695439,0.00000104137097878,8.64714252202e-7,0.00000133998889851,4.60003548142e-7,3.32123875069e-7,7.26922166905e-8,4.91018994353e-8,3.38768870733e-8,4.55338984295e-8,4.67602951915e-8,1.04843218551e-8,7.78768605159e-9,4.90141527365e-9,9.77702585558e-10,9.87439463529e-10,5.88450677075e-10,9.97843960238e-11,6.92566420879e-11,4.45465053733e-11,4.81580469947e-11,4.70864770785e-11,4.65107535819e-11,2.08837964283e-11,2.14548743355e-11,1.82234609347e-11,1.18033638419e-11,1.26252749574e-11,7.7045375288e-12,5.95960650621e-12,2.62885568349e-12,9.46452009647e-13,3.99688284856e-13,1.72708161249e-13,9.69386111096e-14,3.32064020378e-14,1.06711023346e-14,5.06059156711e-15],"dvar2":[0.000223617724259,0.0000480545859318,0.00000808294225862,0.00000248525111601,0.00000207485959436,0.00000285119267573,9.81997800409e-7,6.78163814882e-7,1.6905113398e-7,1.18407868399e-7,8.22347914209e-8,1.00872206588e-7,1.21610923998e-7,2.45265834309e-8,1.84709794127e-8,1.17264287169e-8,2.51875809099e-9,2.48162090877e-9,1.45206568991e-9,2.59218174703e-10,1.65455080192e-10,1.06396023936e-10,1.2342649125e-10,1.24520713185e-10,1.20696924677e-10,5.22268617242e-11,5.31947402793e-11,4.3162324409e-11,2.64816484713e-11,3.01241219469e-11,1.66529741386e-11,1.29364496546e-11,5.69559113414e-12,1.97257921802e-12,8.80581089817e-13,3.53507316735e-13,2.0521640485e-13,7.28334628936e-14,2.47227656777e-14,1.29235501356e-14],"max":[0.141759172082,0.080390073359,0.0378167144954,0.0380656532943,0.0346836000681,0.0445457585156,0.0259679369628,0.0312011837959,0.0093828048557,0.00815404765308,0.00578544475138,0.00915581919253,0.00620276667178,0.00291511323303,0.00264303875156,0.00186990108341,0.00152602011804,0.000692928500939,0.000760674767662,0.000240350593231,0.000194883425138,0.000140903706779,0.00014172543888,0.000140243180795,0.000170931132743,0.000107359548565,0.000184383272426,0.000109690052341,0.00012728011643,0.00011995647219,0.0000800673806225,0.000067133900302,0.0000633350209682,0.0000329402828356,0.0000241546149482,0.0000136666531034,0.0000100097677205,0.00000538507629244,0.0000023463078378,0.00000118930154258],"mean":[0.00708957621828,0.00221687206067,0.000904684362467,0.000638194789644,0.000619994068984,0.000718113849871,0.000458031194285,0.000383733509807,0.000152362277731,0.000113576337753,0.0000977147283265,0.0000959015160333,0.0000853168094181,0.000057253826526,0.0000501336508023,0.00003692514656,0.0000185662338481,0.0000217962242459,0.0000178054888238,0.0000072445918704,0.0000045042097554,0.00000396525456381,0.00000349054266735,0.00000337134360961,0.00000321331071973,0.00000286045838038,0.0000029416075904,0.0000029597563298,0.00000270586360784,0.00000236212417803,0.00000188547073776,0.0000014823795027,9.96335302261e-7,6.17250577761e-7,4.2170455572e-7,2.83689445268e-7,1.79880217388e-7,1.14401018436e-7,7.4597330979e-8,4.24760209228e-8],"median":[0.0019595073536,0.000754301785491,0.000326136301737,0.000230418751016,0.000208167970413,0.000124635029351,0.0000838248088257,0.0000861676089698,0.0000403896119678,0.0000291626929538,0.0000227045366046,0.0000188793128473,0.0000118262123578,0.0000089900513558,0.00000872080909176,0.00000758996111472,0.00000527992960997,0.00000450816742159,0.00000419808566221,0.00000238300913225,0.00000118046557418,9.41639143548e-7,8.157121556e-7,7.7320555647e-7,8.14142140371e-7,7.94637628587e-7,7.8420691807e-7,7.72515932113e-7,8.00157920366e-7,6.97186919751e-7,4.78836795992e-7,3.39607709066e-7,2.50989444339e-7,1.86024237792e-7,1.33069335106e-7,8.59706119627e-8,5.30264010479e-8,3.40444898939e-8,2.24748042399e-8,1.17938654398e-8],"min":[1.00213513075e-23,4.15113991115e-24,1.76467726959e-23,4.06632079776e-24,5.07532201605e-24,7.8854472977e-24,2.39025769361e-23,1.97789043728e-23,4.93063979844e-24,5.74303084674e-24,6.22601882457e-24,9.60011615015e-24,1.27797951558e-23,4.96521833293e-24,1.25207640001e-23,9.59543347182e-24,1.98291911e-23,7.78402266226e-24,6.93491960515e-24,6.94184738162e-24,7.87797520721e-24,8.88187722861e-24,6.35732551111e-24,1.03530744179e-23,9.67088565082e-24,1.16639340504e-23,7.88208122822e-24,8.93340720066e-24,1.09104567122e-23,1.08170082494e-23,9.93611646437e-24,1.14898498035e-23,8.90551702336e-24,9.72803389024e-24,9.95761844607e-24,7.46070565367e-24,1.33335983882e-23,1.1370062064e-23,1.3583129292e-23,8.87311140623e-24],"var":[0.000157223199494,0.0000207224202313,0.00000309832716994,0.00000194846893464,0.00000167782150129,0.00000414627356804,0.00000208187066164,9.83488916972e-7,1.56526866135e-7,9.20386185044e-8,5.54784946871e-8,9.46219458342e-8,8.29603408192e-8,2.5356854394e-8,1.70289933266e-8,9.91221416058e-9,1.63236058004e-9,2.34860975112e-9,1.3834186019e-9,2.00005262352e-10,1.03932355777e-10,7.67603272611e-11,6.28928645274e-11,5.88761817077e-11,5.78814531027e-11,3.93600083082e-11,4.1356581354e-11,4.32438494735e-11,3.52604508091e-11,2.85121249527e-11,2.09514783994e-11,1.45292111675e-11,6.31732166578e-12,2.26276289372e-12,8.98405807213e-13,4.13287324285e-13,1.79513494998e-13,6.23822892756e-14,2.10867869661e-14,6.86757669436e-15]},"melbands_crest":{"dmean":4.01845312119,"dmean2":6.60463523865,"dvar":12.6585159302,"dvar2":32.2287368774,"max":39.2035217285,"mean":18.2462692261,"median":16.6930675507,"min":2.40007019043,"var":62.3287239075},"melbands_flatness_db":{"dmean":0.0382919237018,"dmean2":0.060165617615,"dvar":0.00127567339223,"dvar2":0.00318506616168,"max":0.649035692215,"mean":0.296213328838,"median":0.292261302471,"min":0.00596775114536,"var":0.00790302827954},"melbands_kurtosis":{"dmean":12.6633148193,"dmean2":20.8822345734,"dvar":925.72644043,"dvar2":2454.12084961,"max":1037.19250488,"mean":21.0005741119,"median":9.75354003906,"min":-1.80870139599,"var":1467.60559082},"melbands_skewness":{"dmean":0.958037674427,"dmean2":1.53265547752,"dvar":1.22568488121,"dvar2":3.13227009773,"max":29.1883678436,"mean":2.79276108742,"median":2.25960564613,"min":-1.82323670387,"var":5.07621955872},"melbands_spread":{"dmean":3.99049377441,"dmean2":6.14834833145,"dvar":56.0247383118,"dvar2":105.390808105,"max":177.679443359,"mean":12.2634344101,"median":8.00559997559,"min":0.163027584553,"var":235.710876465},"mfcc":{"cov":[[16349.40625,-261.64730835,-2221.79980469,785.434570312,-43.9017486572,1358.28479004,642.983093262,544.40020752,292.549224854,582.864807129,217.637268066,270.078125,172.932006836],[-261.64730835,1315.2298584,411.584838867,-136.365356445,149.130737305,-82.3095245361,32.8102416992,-129.935012817,-37.3908729553,-25.630859375,8.92417812347,-52.3234596252,25.5671386719],[-2221.79980469,411.584838867,1152.58850098,90.0582580566,109.699539185,-212.379486084,-107.426773071,-93.5156173706,-40.6338424683,-118.771903992,-10.4920377731,-16.1528816223,-19.7960414886],[785.434570312,-136.365356445,90.0582580566,442.624389648,91.1660232544,81.2763290405,9.59876441956,66.977645874,21.566072464,20.8937149048,3.24100327492,41.8741111755,0.12163451314],[-43.9017486572,149.130737305,109.699539185,91.1660232544,356.018554688,-29.8768634796,47.4483222961,27.5069007874,23.0105266571,-8.90358352661,39.8822631836,16.8030223846,32.6597442627],[1358.28479004,-82.3095245361,-212.379486084,81.2763290405,-29.8768634796,362.736022949,160.040496826,68.86378479,-3.03930974007,38.223613739,3.55301880836,9.40578651428,15.0106048584],[642.983093262,32.8102416992,-107.426773071,9.59876441956,47.4483222961,160.040496826,218.815811157,84.9618759155,11.1665000916,3.24718141556,4.27785587311,2.21590089798,32.5880584717],[544.40020752,-129.935012817,-93.5156173706,66.977645874,27.5069007874,68.86378479,84.9618759155,171.099136353,70.2023849487,21.6670207977,10.6550559998,19.4578533173,6.40559911728],[292.549224854,-37.3908729553,-40.6338424683,21.566072464,23.0105266571,-3.03930974007,11.1665000916,70.2023849487,135.845428467,72.6918258667,30.7770786285,17.5310821533,0.0877062156796],[582.864807129,-25.630859375,-118.771903992,20.8937149048,-8.90358352661,38.223613739,3.24718141556,21.6670207977,72.6918258667,137.385299683,64.9340820312,29.1274490356,5.35188245773],[217.637268066,8.92417812347,-10.4920377731,3.24100327492,39.8822631836,3.55301880836,4.27785587311,10.6550559998,30.7770786285,64.9340820312,102.301437378,48.0306358337,15.5010995865],[270.078125,-52.3234596252,-16.1528816223,41.8741111755,16.8030223846,9.40578651428,2.21590089798,19.4578533173,17.5310821533,29.1274490356,48.0306358337,84.916885376,34.2074737549],[172.932006836,25.5671386719,-19.7960414886,0.12163451314,32.6597442627,15.0106048584,32.5880584717,6.40559911728,0.0877062156796,5.35188245773,15.5010995865,34.2074737549,72.3145599365]],"icov":[[0.000150109161041,-0.000130000786157,0.000250779587077,-0.000254007958574,0.0000580994346819,-0.000333820004016,0.000025677614758,-0.000157913542353,-0.0000394491362385,-0.000209466816159,-0.0000189622114704,-0.000198665293283,-0.0000848686977406],[-0.000130000786157,0.00120293512009,-0.000620221893769,0.000562849629205,-0.000456955953268,0.000342129787896,-0.000601203297265,0.000945048697758,0.0000273104906228,-0.000293490564218,0.0000233156169998,0.000828795484267,-0.000337938428856],[0.000250779587077,-0.000620221893769,0.00176445918623,-0.00103453232441,0.000127431703731,-0.0000675860210322,0.000237338783336,0.000149358689669,-0.000587795919273,0.00127288408112,-0.000859351595864,-0.000289030460408,0.000168060549186],[-0.000254007958574,0.000562849629205,-0.00103453232441,0.00374624528922,-0.00130549061578,-0.000572001852561,0.000866625807248,-0.000936343451031,0.000778341840487,-0.0011008947622,0.00194978422951,-0.00164946250152,0.000962508027442],[0.0000580994346819,-0.000456955953268,0.000127431703731,-0.00130549061578,0.00399071723223,0.000744439195842,-0.00107904872857,-0.0000743653945392,-0.000958749267738,0.00162205158267,-0.00257730064914,0.00106875284109,-0.00147629843559],[-0.000333820004016,0.000342129787896,-0.0000675860210322,-0.000572001852561,0.000744439195842,0.00598881999031,-0.00392896914855,0.000366024411051,0.00150615314487,-0.00111830490641,0.000292069948046,0.000395377603127,0.000649897556286],[0.000025677614758,-0.000601203297265,0.000237338783336,0.000866625807248,-0.00107904872857,-0.00392896914855,0.0098864203319,-0.00430226046592,0.000562227738556,0.00104831031058,-0.000550798373297,0.00171966152266,-0.00333026330918],[-0.000157913542353,0.000945048697758,0.000149358689669,-0.000936343451031,-0.0000743653945392,0.000366024411051,-0.00430226046592,0.0118157258257,-0.00628387089819,0.00294432067312,-0.000420288590249,-0.0010497973999,0.00131212943234],[-0.0000394491362385,0.0000273104906228,-0.000587795919273,0.000778341840487,-0.000958749267738,0.00150615314487,0.000562227738556,-0.00628387089819,0.0147978635505,-0.00873169489205,0.00215324922465,-0.000481404043967,0.000740519841202],[-0.000209466816159,-0.000293490564218,0.00127288408112,-0.0011008947622,0.00162205158267,-0.00111830490641,0.00104831031058,0.00294432067312,-0.00873169489205,0.0183421578258,-0.0100750373676,0.00168737093918,-0.000264102825895],[-0.0000189622114704,0.0000233156169998,-0.000859351595864,0.00194978422951,-0.00257730064914,0.000292069948046,-0.000550798373297,-0.000420288590249,0.00215324922465,-0.0100750373676,0.0209144707769,-0.0101945716888,0.00226967362687],[-0.000198665293283,0.000828795484267,-0.000289030460408,-0.00164946250152,0.00106875284109,0.000395377603127,0.00171966152266,-0.0010497973999,-0.000481404043967,0.00168737093918,-0.0101945716888,0.0228969566524,-0.00991113856435],[-0.0000848686977406,-0.000337938428856,0.000168060549186,0.000962508027442,-0.00147629843559,0.000649897556286,-0.00333026330918,0.00131212943234,0.000740519841202,-0.000264102825895,0.00226967362687,-0.00991113856435,0.0203321371228]],"mean":[-728.471862793,156.029434204,20.5716896057,26.8632545471,-8.28418254852,13.2889518738,-1.46344172955,-1.47790932655,-1.60144412518,5.27337360382,0.733685910702,2.32941699028,0.746772170067]},"pitch_salience":{"dmean":0.0836069658399,"dmean2":0.140615344048,"dvar":0.00551207968965,"dvar2":0.0154359657317,"max":0.852506399155,"mean":0.49602124095,"median":0.511187672615,"min":0.0380377322435,"var":0.0231228154153},"silence_rate_20dB":{"dmean":0.00713301450014,"dmean2":0.0142671857029,"dvar":0.00708259921521,"dvar2":0.0189264379442,"max":1,"mean":0.993110716343,"median":1,"min":0,"var":0.00684148492292},"silence_rate_30dB":{"dmean":0.0556050911546,"dmean2":0.111219197512,"dvar":0.0525149963796,"dvar2":0.121865153313,"max":1,"mean":0.791700422764,"median":1,"min":0,"var":0.164904907346},"silence_rate_60dB":{"dmean":0.0188052207232,"dmean2":0.0376134887338,"dvar":0.0184491612017,"dvar2":0.0413781218231,"max":1,"mean":0.17142161727,"median":0,"min":0,"var":0.142058849335},"spectral_centroid":{"dmean":170.22492981,"dmean2":253.282104492,"dvar":71865.7109375,"dvar2":119603.773438,"max":10519.53125,"mean":844.477966309,"median":647.721435547,"min":106.818466187,"var":418937.21875},"spectral_complexity":{"dmean":2.58182692528,"dmean2":4.06468868256,"dvar":10.9210176468,"dvar2":22.6874160767,"max":54,"mean":12.1200361252,"median":11,"min":0,"var":73.1940078735},"spectral_contrast_coeffs":{"dmean":[0.0523323900998,0.0486268773675,0.0410255715251,0.0315643325448,0.0249409973621,0.0288248509169],"dmean2":[0.0877342000604,0.0799930766225,0.0677527338266,0.0515914484859,0.0406519286335,0.0455386042595],"dvar":[0.00177544611506,0.00151228276081,0.00111268600449,0.000672752619721,0.000499200366903,0.000716018490493],"dvar2":[0.00478925229982,0.00398069340736,0.00295513635501,0.00176217465196,0.00125731655862,0.00167804921512],"max":[-0.328438997269,-0.394721448421,-0.478204101324,-0.57622385025,-0.636257946491,-0.514924049377],"mean":[-0.684374988079,-0.753718554974,-0.800817847252,-0.833689212799,-0.855261743069,-0.770346641541],"median":[-0.689159631729,-0.762274026871,-0.808478593826,-0.835503160954,-0.847454309464,-0.769783377647],"min":[-0.937862038612,-0.948220729828,-0.958960294724,-0.989102244377,-0.979942142963,-0.959144055843],"var":[0.00778582878411,0.00546235358343,0.00432758592069,0.00445914873853,0.00297480961308,0.00651495484635]},"spectral_contrast_valleys":{"dmean":[0.407818883657,0.362398087978,0.378409564495,0.39932307601,0.423323631287,0.511322617531],"dmean2":[0.681379139423,0.59204107523,0.610918164253,0.637831330299,0.660379767418,0.814568281174],"dvar":[0.13004539907,0.103785514832,0.122548341751,0.164763316512,0.200960308313,0.212123453617],"dvar2":[0.314369380474,0.237938791513,0.284088820219,0.403682082891,0.493823051453,0.549734652042],"max":[-4.72932481766,-4.35858058929,-5.43454027176,-5.81436395645,-5.80773591995,-8.62040615082],"mean":[-7.2909860611,-6.77707290649,-7.65484285355,-8.24326705933,-8.41369342804,-11.1600456238],"median":[-6.79673576355,-6.56922245026,-7.29781579971,-7.82871627808,-8.04054641724,-10.9204235077],"min":[-27.7682762146,-27.5383148193,-27.2031726837,-27.3113918304,-27.2595348358,-27.2531967163],"var":[2.57867789268,1.29813742638,1.68837893009,1.91154265404,2.05345630646,1.49519479275]},"spectral_decrease":{"dmean":5.78131365003e-9,"dmean2":9.58813117791e-9,"dvar":1.0762555476e-16,"dvar2":2.92571506259e-16,"max":2.79641856338e-8,"mean":-1.25718218058e-8,"median":-5.24300247662e-9,"min":-1.53828011662e-7,"var":3.19851340526e-16},"spectral_energy":{"dmean":0.0223180837929,"dmean2":0.0367388501763,"dvar":0.00156374822836,"dvar2":0.00424585817382,"max":0.663737595081,"mean":0.0634289011359,"median":0.0352414771914,"min":1.04624744244e-20,"var":0.00593776581809},"spectral_energyband_high":{"dmean":0.000157683898578,"dmean2":0.000223057839321,"dvar":1.14543766472e-7,"dvar2":2.01824320811e-7,"max":0.00889458507299,"mean":0.000415262387833,"median":0.000173390784767,"min":7.78935707223e-21,"var":4.90637546591e-7},"spectral_energyband_low":{"dmean":0.0155554013327,"dmean2":0.026203263551,"dvar":0.00106731709093,"dvar2":0.00296754110605,"max":0.513776063919,"mean":0.0323275849223,"median":0.0119916917756,"min":7.9358914816e-23,"var":0.00259496923536},"spectral_energyband_middle_high":{"dmean":0.00117006222717,"dmean2":0.00179809890687,"dvar":0.00000579293919145,"dvar2":0.0000138965660881,"max":0.0641310065985,"mean":0.00288526760414,"median":0.00104408664629,"min":1.4218204793e-21,"var":0.0000222763083002},"spectral_energyband_middle_low":{"dmean":0.0048013376072,"dmean2":0.00745386164635,"dvar":0.000077934077126,"dvar2":0.000178094196599,"max":0.256168067455,"mean":0.0126196397468,"median":0.0059679672122,"min":3.25931703835e-22,"var":0.000332891533617},"spectral_entropy":{"dmean":0.258583426476,"dmean2":0.405881941319,"dvar":0.0729543194175,"dvar2":0.185303226113,"max":9.79398155212,"mean":7.17771339417,"median":7.3429069519,"min":4.52922487259,"var":0.472713053226},"spectral_flux":{"dmean":0.0283624567091,"dmean2":0.045705948025,"dvar":0.00141922722105,"dvar2":0.0035781825427,"max":0.591507434845,"mean":0.109898075461,"median":0.0981348231435,"min":1.02286235037e-10,"var":0.00687915133312},"spectral_kurtosis":{"dmean":5.63903808594,"dmean2":9.1197013855,"dvar":109.142105103,"dvar2":295.952545166,"max":189.606460571,"mean":16.6555423737,"median":12.3538455963,"min":-1.23416364193,"var":216.573516846},"spectral_rms":{"dmean":0.0011313467985,"dmean2":0.00182695698459,"dvar":0.00000216673834075,"dvar2":0.0000057998227021,"max":0.0254469811916,"mean":0.00647193612531,"median":0.00586361065507,"min":3.19488532852e-12,"var":0.0000199960468308},"spectral_rolloff":{"dmean":2564.76904297,"dmean2":4960.03759766,"dvar":39521160,"dvar2":104713096,"max":22050,"mean":10976.2304688,"median":5092.60253906,"min":21.533203125,"var":108750856},"spectral_skewness":{"dmean":0.481501936913,"dmean2":0.757221639156,"dvar":0.454921394587,"dvar2":1.21154165268,"max":12.1677885056,"mean":2.88240218163,"median":2.57998847961,"min":0.037123426795,"var":1.71619772911},"spectral_spread":{"dmean":583342.625,"dmean2":924906,"dvar":430726479872,"dvar2":960503676928,"max":41471704,"mean":4422720,"median":4399872,"min":1004209.75,"var":1236110802940},"spectral_strongpeak":{"dmean":6.13374662399,"dmean2":11.3547172546,"dvar":475.32119751,"dvar2":1380.48400879,"max":316.660247803,"mean":7.36897230148,"median":0.294894933701,"min":0,"var":507.322143555},"zerocrossingrate":{"dmean":0.0388587079942,"dmean2":0.0503859855235,"dvar":0.0013122317614,"dvar2":0.00198855926283,"max":0.89892578125,"mean":0.285041153431,"median":0.24072265625,"min":0.00439453125,"var":0.0332144238055}},"metadata":{"audio_properties":{"analysis_sample_rate":44100,"bit_rate":320000,"codec":"mp3","downmix":"mix","equal_loudness":0,"length":286.459838867,"lossless":false,"md5_encoded":"42d82bc607ba8d267246aa834abc46e6","replay_gain":-6.84595108032,"sample_rate":44100},"tags":{"acoustid_fingerprint":["AQADtEmUSIkSRdmGHs-DUnh0mMiP_4SjS3iO84CPSyue4_jRPxgV5cfzo2puDScuOIePzsef4JI25NKHHz9s47nw41CUmCHRSnuQH9aDq_h-9OFAHYy2LPjx42s-9Md1UP9R4_VxGo-jHO-DfBmJHuZRSnzQa_DQSsuF44f2GybHIdeOw9lRStnxH_0HXyueKeqJqhMuPDfOPJiTo3eQvOiPEzGO8Be85MF7fOrx9XhxfBp0XImPPHlwHc0YMzgeHUdSSSHCfUdTZaiExsecKMf1MOjDDS93uMZvoTpeCRfoIxcaHr_hCNpE4lnwZ8hiuOJx3viHb0_g8fgI-EFf3DgT8MePJ0uOMg_Gi8bxFM4HV0fnI36Ciyv0D-dxmMd-PI9wg0mo5UafZUKeB1PEHm0c_MFhXsYp5nhyoHaOhr-QCz_0o4fzo__Qo3Ey9DB64xlO9GgeHA-abqjOB_0Loz2eT3jyGQ1Kqce14PnwPIiPB03M40eNdyt8Ij9e5cGlQ-vhUccl5Dw-hEfJw8uObz5E9FDN4pOSIMd5Eld2Bf3hisYZOEe4QzVy1Md7HCYHHD1uxD96-Pjx4zB6NEfRGw16-Dh84Gie40B5HD2Ooy9-9OhxwvoA4xuQ5nCe4_gu7Hh25FNwX3h2Ql-Fk8eP0ziV5bBzXDmucOhx5niIy0fY8eCLJ9PwHz564d3x7PCYS8H1QlGO6jmeJVbw4zm6OWicDKce_Dx-PGNwW_iWo40IT1OyZegZ4uuFeD40iiPCyMdP_D7K5fCSHT3-od_RdAqaRTsq6VLw7LgUIicUXkivMDhFNGKyEBWNHj_6-Hg4Epd-dOxx_WhexrhS_Md14UduaUj8ClWDprtwEU8y_Hg8oonuGIkThHl47PiJPwqanUGncMO54_nx48X_YAqXJVQUHF8Nvjv6kEF04YeqJ8dzJWiP6LiEF33xL-iLaNGjEk8_6FpihHnG4XjgGXty4doSB9-D7FAkfQij4jl6w_kOP8kR2m-gqwlySceuOAiTD71U6McXhMyy4CKapzmeWHgWTM6SMmg6PEfJL_ASG71xsUPs5EESPMWV8Gj8GNeCfTxOlGEl_Mlw9fjT46KFXEbyRHnxnsZJ_Cn6Y2u0DxWHvMmRVDHeD79i7KmLLoIjZseZEr3wh3iOHNqfFGH2YFR-fA6Yo1FzJcSb4wqHXJWhWXSEUPJGnBd-Ic-RiDOq5kLT48eZofmNPjkx6UkFLZ9xmngW_MGbB-aJS8F51MqD8BL2JsdznAdDHlu2HCH14ydOA_l11EoOsclxIz169jiX4DsiJmSheYxWpM3xoMelI1d86DOLPHkwHlOS4Un04LkQ_dDSNPiKJtEJ9cJ-Ivwy3OADP8qPSzl-BeePB422DX2PK3h65EdyJzj4fMF7XDjzg41CZpjk_Gh8xDmSW8d_fHiOS0-RR0fyPULzHNVFPNESJzCVFpeyCc_RSwr8oM_xCx8j5DrmM3iOOyG0Zw5cHVUe3BkJxVScoa0e9OFwHSOqHFqu4cmCHw2zJRV8hFxI4w-Pw8cTxcG3WDHeoRfCVOFxfDhOIFfwg9-RNzP0RoiNM5mKKS5RUxd-tA88Zivh76gufMpSJNWCSI0NP1GCZp-MH9dxfR0ufQFDWcVz-MnRq3