{"lowlevel":{"average_loudness":0.663366556168,"barkbands":{"dmean":[0.000704311882146,0.00942895840853,0.00331357959658,0.00376070057973,0.00455148657784,0.0007331064553,0.000803910894319,0.000448211474577,0.000280674983514,0.000347428809619,0.0001203248612,0.000205190212,0.000062868151872,0.0000401211327699,0.000137974959216,0.0000620839855401,0.0000734799396014,0.0000432371671195,0.0000539975917491,0.0000192612060346,0.0000259842618107,0.0000262325302174,0.0000311666772177,0.0000205185024242,0.00000672830810799,0.000001824832907,6.55831684071e-7],"dmean2":[0.00119512178935,0.0165762491524,0.00574806984514,0.00639950158074,0.00711318384856,0.00114854821004,0.00122184213251,0.000669425236993,0.000417465722421,0.000499152287375,0.000188764315681,0.000290850963211,0.0000984426369541,0.0000635798933217,0.000181618903298,0.0000885730260052,0.00010141745588,0.000073168783274,0.0000783246941864,0.0000333443967975,0.000044197342504,0.0000406495892094,0.000043573716539,0.0000293946905003,0.00000973713667918,0.00000271205067293,9.72593056758e-7],"dvar":[0.00000813890164864,0.00142861681525,0.000121317316371,0.0000968068779912,0.0000405428545491,0.00000228666931434,0.0000041814191718,0.00000151545168592,0.00000106792663246,0.000001084935775,1.98642212013e-7,5.39464622307e-7,7.64417364962e-8,2.3260970039e-8,3.72796307602e-7,6.67562289891e-8,1.06860525761e-7,2.22019362894e-8,8.1572046895e-8,1.76915637695e-8,3.23687849857e-8,2.0896679942e-8,4.13265190957e-8,2.31793926275e-8,1.46062606454e-9,2.00393160399e-10,1.70230912699e-11],"dvar2":[0.0000217228898691,0.00406736880541,0.000339381746016,0.000264762202278,0.000104970247776,0.00000556235045224,0.00000935204116104,0.0000030500111734,0.0000022228114176,0.00000218732816393,4.47207526122e-7,0.00000100762360944,1.79556650437e-7,5.28055110749e-8,6.37594098407e-7,1.24314837535e-7,1.80668067173e-7,6.68755291144e-8,1.49943673478e-7,4.94033081111e-8,9.06626524966e-8,4.54157600416e-8,7.3972209691e-8,4.64643079567e-8,3.01062241803e-9,4.23921286963e-10,4.39224143167e-11],"max":[0.0566334947944,0.506603240967,0.195310741663,0.191745698452,0.0914604365826,0.0460780598223,0.0547784678638,0.0483964756131,0.0328120402992,0.0344794839621,0.0200541522354,0.0267975982279,0.0096491612494,0.00608994159847,0.0181776639074,0.00841399561614,0.0130861066282,0.00268393708393,0.0089950338006,0.00362158496864,0.00423061195761,0.00579613028094,0.00714184343815,0.00740777421743,0.00124330155086,0.00124012597371,0.000213589722989],"mean":[0.00182587886229,0.0264707840979,0.00439020525664,0.00625028694049,0.0112652024254,0.00176881125662,0.00163830036763,0.00100427039433,0.000597202742938,0.000853319012094,0.000223526440095,0.000483262439957,0.000106681873149,0.000060563259467,0.000346515909769,0.000141541429912,0.000157807953656,0.0000677832067595,0.000129529289552,0.0000206104814424,0.0000282922937913,0.0000367969441868,0.0000489854028274,0.000030194512874,0.0000100043516795,0.0000025800873118,7.36020126624e-7],"median":[0.0000364806655853,0.0253674536943,0.00220629363321,0.00380784180015,0.00845419988036,0.000782190880273,0.000313704222208,0.000099831901025,0.0000617245823378,0.0000450849911431,0.000011945053302,0.0000185160351975,0.0000119911255752,0.00000916037788556,0.00000737293066777,0.0000048101505854,0.00000447191087005,0.00000798127075541,0.0000050862918215,0.00000231485978475,0.00000172057502823,0.00000161661182574,0.00000156849250743,6.55125745652e-7,4.43730499455e-7,1.28649560338e-7,3.13247667805e-8],"min":[1.83150649878e-25,5.48334438429e-23,4.83871565153e-23,1.51145433896e-23,1.37682007935e-23,1.04186614179e-22,3.98122605637e-23,1.279420938e-22,8.08433427804e-23,7.08673257314e-23,9.80623524949e-23,1.76775272271e-22,7.99662556715e-23,1.28233278137e-22,8.17859179661e-23,2.11725899827e-22,1.85934755174e-22,2.7444359821e-22,2.90685120911e-22,3.22645195708e-22,3.49343151749e-22,5.3592195821e-22,9.35946280297e-22,1.22597739134e-21,1.25802054266e-21,1.74087672392e-21,2.11128521338e-21],"var":[0.0000175629429577,0.00146637542639,0.0000903398031369,0.000116578288726,0.000108091182483,0.00000756344070396,0.0000111612689579,0.00000799003191787,0.00000399986311095,0.00000521526044395,5.87849683598e-7,0.00000239678479375,1.60281402373e-7,3.27876890083e-8,0.00000195416350834,3.33524212692e-7,4.99098632645e-7,3.6505294787e-8,4.22437437919e-7,1.30594086656e-8,2.35073152055e-8,3.67565249348e-8,1.00793087654e-7,4.29696065396e-8,2.61450994188e-9,3.79423464869e-10,1.54273208791e-11]},"barkbands_crest":{"dmean":2.07881879807,"dmean2":3.33935236931,"dvar":4.73925209045,"dvar2":12.8804244995,"max":26.9358119965,"mean":14.143204689,"median":13.7026996613,"min":3.82106637955,"var":22.7562236786},"barkbands_flatness_db":{"dmean":0.023288462311,"dmean2":0.0348399877548,"dvar":0.000808585027698,"dvar2":0.00181500473991,"max":0.652271568775,"mean":0.322942495346,"median":0.310370087624,"min":0.0461122989655,"var":0.00865403842181},"barkbands_kurtosis":{"dmean":11.2049474716,"dmean2":17.8693351746,"dvar":1465.64379883,"dvar2":3443.95556641,"max":2645.3034668,"mean":27.0176506042,"median":9.19128227234,"min":-1.96684634686,"var":12008.1357422},"barkbands_skewness":{"dmean":0.76901870966,"dmean2":1.17773234844,"dvar":1.26656508446,"dvar2":2.95057272911,"max":17.3191452026,"mean":2.20264482498,"median":2.00129556656,"min":-46.9691200256,"var":11.653963089},"barkbands_spread":{"dmean":1.79046416283,"dmean2":2.70319414139,"dvar":24.9569129944,"dvar2":49.9003944397,"max":132.491439819,"mean":6.72092580795,"median":3.06199216843,"min":0.10447524488,"var":133.41229248},"dissonance":{"dmean":0.0325121283531,"dmean2":0.0540937185287,"dvar":0.00098585174419,"dvar2":0.00265351985581,"max":0.500000119209,"mean":0.40835082531,"median":0.416190952063,"min":0.11030946672,"var":0.00303927576169},"dynamic_complexity":4.4469037056,"erbbands":{"dmean":[0.234404727817,2.28419995308,4.08882570267,8.76346206665,14.1836891174,15.840634346,12.4771509171,3.94375658035,11.4610900879,8.56930828094,9.62680053711,5.89667844772,6.79771327972,10.6723804474,6.41851949692,7.98659181595,2.98075461388,2.28838562965,8.11282062531,3.32009363174,3.83254384995,2.52509832382,1.80607736111,2.19651603699,3.20720148087,1.01161289215,1.04866290092,0.99472039938,0.852556467056,1.11336243153,0.811715960503,0.488708376884,0.307623445988,0.11010915041,0.0326255224645,0.0102888531983,0.00300257396884,0.000732144108042,0.0000969180546235,0.0000259159078269],"dmean2":[0.411606997252,4.01721715927,7.07031869888,15.1652603149,22.5515117645,25.2781105042,19.4180393219,6.31741046906,17.6430206299,13.1014442444,14.2083711624,8.91716861725,9.83086204529,15.1850690842,9.58407783508,11.1659116745,4.55606794357,3.56241774559,10.5495548248,4.6401181221,5.37359952927,3.63563632965,2.90139245987,3.68913292885,4.60130977631,1.72003531456,1.80883848667,1.65366530418,1.33240580559,1.6889616251,1.12474226952,0.71358704567,0.435082703829,0.159934699535,0.0467224568129,0.0149138942361,0.00445490470156,0.00113879574928,0.000143150333315,0.0000414455134887],"dvar":[0.583789646626,98.0514602661,264.16708374,409.192077637,704.491638184,574.049377441,495.051635742,106.402770996,970.799316406,456.544952393,743.96472168,444.209655762,536.800048828,1161.7512207,511.905456543,789.822387695,157.309234619,66.6674880981,1388.10083008,136.69670105,263.128875732,90.9865951538,36.163356781,64.2018203735,341.043823242,40.5000495911,57.972328186,41.0015640259,20.4435901642,47.1694259644,30.6676502228,16.2084712982,4.17754840851,0.474057346582,0.027836907655,0.00578604219481,0.000557125080377,0.0000551210905542,1.99986274652e-7,3.87287402148e-9],"dvar2":[1.75669360161,275.168518066,718.169433594,1134.50646973,1947.93518066,1556.85766602,1159.53601074,273.189331055,2265.21850586,1019.22662354,1517.92077637,1036.08068848,1111.49389648,2261.56689453,1049.61633301,1480.42004395,363.063964844,146.662033081,2360.47851562,250.08644104,459.813812256,173.913772583,93.7428970337,190.252655029,618.934082031,112.881942749,165.934524536,108.877937317,46.614315033,98.7783203125,52.9564247131,35.1008987427,7.85100126266,0.970290184021,0.0546504110098,0.0128399627283,0.00116385007277,0.000147207159898,4.64315263571e-7,9.51242551395e-9],"max":[11.754242897,132.312545776,225.556137085,368.519500732,537.828857422,328.770019531,423.988189697,366.389923096,958.815795898,632.97454834,1019.2711792,643.593811035,989.668945312,1296.78173828,952.071411133,819.809387207,433.254821777,335.780517578,1113.89709473,335.688415527,565.230102539,327.286193848,143.249938965,154.781417847,588.951171875,166.445526123,177.318145752,135.238998413,116.216682434,286.604553223,220.629928589,218.601745605,99.9456634521,22.6227588654,7.8632235527,6.76317071915,1.9532866478,0.342503458261,0.0162306651473,0.000790976628195],"mean":[0.936146616936,5.16048192978,6.11116170883,14.2254304886,30.6967601776,36.909526825,30.5788440704,9.60040187836,23.2544345856,18.7406482697,21.4482975006,12.8041324615,17.2265720367,27.0571498871,14.5195569992,20.0571918488,5.77459621429,4.31683063507,20.8044624329,7.96188879013,9.4779958725,5.30865383148,3.28074860573,3.86402535439,7.87026596069,1.31160902977,1.10793459415,1.13984501362,1.15737271309,1.66312634945,1.29440736771,0.710200190544,0.454242765903,0.162484377623,0.0491562709212,0.0150854699314,0.0041778543964,0.000808149226941,0.000136285685585,0.000072807786637],"median":[0.618263840675,3.76175785065,2.95341682434,9.38007736206,21.1041755676,23.163684845,14.2966270447,4.5045671463,5.11751747131,3.98935604095,2.8326253891,1.77903819084,1.52879095078,1.49374032021,0.90351831913,0.692706823349,0.636572360992,0.560906410217,0.480324089527,0.344786882401,0.28879070282,0.280253410339,0.437382489443,0.335978031158,0.250070333481,0.122489526868,0.0778260678053,0.0626132413745,0.0563953444362,0.0499832108617,0.0462112501264,0.0172074045986,0.00935539416969,0.00595456454903,0.00230572209693,0.00079924298916,0.000219964931603,0.0000334832184308,0.0000308576745738,0.0000615185272181],"min":[5.07248972141e-22,1.61996375944e-20,5.87997913389e-20,4.57870964677e-20,6.18354084776e-20,3.23962217291e-20,2.84359129545e-19,1.03169347098e-18,6.56292284131e-19,1.56206523954e-18,2.588388137e-18,1.796442937e-18,2.63608812741e-18,1.8680488607e-18,5.09323268649e-18,7.38394354324e-18,4.54923735664e-18,5.1958647074e-18,6.14786976952e-18,5.84967901691e-18,1.22198523353e-17,1.23622812562e-17,1.57678342961e-17,1.04913203062e-17,1.93964374154e-17,1.66859369473e-17,1.26025118769e-17,1.600344015e-17,1.82799354943e-17,2.4615578158e-17,2.42902959996e-17,2.15053575481e-17,2.24667647587e-17,1.3470977901e-17,9.32624137649e-18,6.78990378634e-18,2.89872293497e-18,1.41752866238e-18,2.89146463189e-19,3.19634285541e-20],"var":[1.59985685349,81.3838729858,204.188964844,463.1512146,1190.94445801,1567.23486328,1948.23583984,279.88949585,2392.28735352,1759.14489746,2684.39428711,1321.96069336,2521.38232422,5943.55859375,2097.93676758,3921.2487793,331.011077881,136.655075073,7357.1796875,685.16986084,1448.9630127,377.175811768,74.4050674438,133.703277588,1789.66223145,32.8184509277,37.9048156738,37.5457992554,31.1937389374,102.949676514,73.5466690063,25.9879665375,8.90971469879,0.82367837429,0.0573111325502,0.0107883363962,0.00107755907811,0.0000449584258604,2.55239740454e-7,5.91670801242e-9]},"erbbands_crest":{"dmean":2.33830213547,"dmean2":3.72870993614,"dvar":5.1549949646,"dvar2":13.3756914139,"max":29.0723247528,"mean":13.0479822159,"median":12.2728281021,"min":2.94808506966,"var":22.0094013214},"erbbands_flatness_db":{"dmean":0.0186040177941,"dmean2":0.0264601819217,"dvar":0.000446786842076,"dvar2":0.000859513762407,"max":0.503133893013,"mean":0.249936044216,"median":0.239994481206,"min":0.0371832251549,"var":0.00551944831386},"erbbands_kurtosis":{"dmean":3.51634979248,"dmean2":5.36784982681,"dvar":35.8831787109,"dvar2":82.6472473145,"max":153.907196045,"mean":9.2644443512,"median":4.08965682983,"min":-1.93386340141,"var":181.843719482},"erbbands_skewness":{"dmean":0.473779499531,"dmean2":0.709572553635,"dvar":0.32097312808,"dvar2":0.677393496037,"max":9.76105499268,"mean":1.6952829361,"median":1.54942274094,"min":-5.87542295456,"var":2.69567251205},"erbbands_spread":{"dmean":5.92670726776,"dmean2":8.9223947525,"dvar":143.581634521,"dvar2":296.615966797,"max":210.044204712,"mean":21.4854278564,"median":15.6535577774,"min":0.815172016621,"var":551.090637207},"gfcc":{"cov":[[22000.8476562,970.947570801,-3862.37231445,346.502807617,-1318.55163574,2011.45178223,-109.11315918,512.138183594,-169.107727051,603.587402344,-83.8125076294,290.780517578,-196.945526123],[970.947570801,2408.92675781,-232.929702759,-533.445007324,508.727783203,-295.529693604,269.553649902,20.4255924225,115.574554443,-6.16215324402,179.758041382,-75.6896820068,97.0810165405],[-3862.37231445,-232.929702759,2702.21386719,501.560272217,-17.2909374237,54.3428115845,-114.7709198,-19.9218158722,57.2075271606,-54.6111030579,-32.224521637,8.78402519226,13.0374069214],[346.502807617,-533.445007324,501.560272217,711.964355469,-147.359909058,135.606262207,-205.751037598,-29.8058853149,15.3063278198,-5.83860111237,-86.2882614136,-0.741297066212,16.843788147],[-1318.55163574,508.727783203,-17.2909374237,-147.359909058,610.021850586,-203.79498291,117.344070435,20.3936138153,140.009628296,23.791059494,65.25050354,-36.3991203308,112.863128662],[2011.45178223,-295.529693604,54.3428115845,135.606262207,-203.79498291,604.138916016,100.654800415,106.969764709,17.6509513855,113.511764526,29.6524219513,88.3012161255,-36.2663040161],[-109.11315918,269.553649902,-114.7709198,-205.751037598,117.344070435,100.654800415,384.465698242,63.4519958496,30.5673789978,62.4207954407,115.083900452,18.3852138519,20.3869171143],[512.138183594,20.4255924225,-19.9218158722,-29.8058853149,20.3936138153,106.969764709,63.4519958496,163.286117554,63.8881378174,33.8775749207,14.6476793289,35.9691619873,10.8881626129],[-169.107727051,115.574554443,57.2075271606,15.3063278198,140.009628296,17.6509513855,30.5673789978,63.8881378174,213.44090271,54.977432251,32.8956222534,8.04480457306,43.0593757629],[603.587402344,-6.16215324402,-54.6111030579,-5.83860111237,23.791059494,113.511764526,62.4207954407,33.8775749207,54.977432251,143.163421631,31.2997589111,11.5234899521,13.6323709488],[-83.8125076294,179.758041382,-32.224521637,-86.2882614136,65.25050354,29.6524219513,115.083900452,14.6476793289,32.8956222534,31.2997589111,120.977737427,23.0581378937,17.0788249969],[290.780517578,-75.6896820068,8.78402519226,-0.741297066212,-36.3991203308,88.3012161255,18.3852138519,35.9691619873,8.04480457306,11.5234899521,23.0581378937,94.1792144775,16.899066925],[-196.945526123,97.0810165405,13.0374069214,16.843788147,112.863128662,-36.2663040161,20.3869171143,10.8881626129,43.0593757629,13.6323709488,17.0788249969,16.899066925,111.954414368]],"icov":[[0.000414859707234,-0.000686498824507,0.000672655529343,-0.000633278861642,0.000635620264802,-0.00112717342563,0.000653884664644,-0.000772032828536,0.000565450871363,-0.00120203755796,0.000670328096021,-0.000531697995029,0.000199028931092],[-0.000686498824507,0.00177502119914,-0.0011288105743,0.0013937545009,-0.00129396875855,0.00192718673497,-0.00113038823474,0.00120871060062,-0.00104204239324,0.00221440917812,-0.00174619443715,0.00147356826346,-0.000632956041954],[0.000672655529343,-0.0011288105743,0.00152837694623,-0.00137551745865,0.000977029907517,-0.00182756001595,0.00101627560798,-0.00121492403559,0.000794328923803,-0.00171908002812,0.00102148985025,-0.000967476691585,0.000441259297077],[-0.000633278861642,0.0013937545009,-0.00137551745865,0.00346645247191,-0.000759981048759,0.00091554451501,-0.0000161895441124,0.00166821596213,-0.00136457674671,0.0020450160373,-0.000664915249217,0.00177385320421,-0.00167104741558],[0.000635620264802,-0.00129396875855,0.000977029907517,-0.000759981048759,0.00404395302758,-0.000913824536838,0.000418302981416,-0.00128794228658,-0.000493075000122,-0.00203956360929,0.000766350131016,0.000154805384227,-0.00178521114867],[-0.00112717342563,0.00192718673497,-0.00182756001595,0.00091554451501,-0.000913824536838,0.00632184930146,-0.00275828456506,0.000819076260086,-0.00141221575905,0.00127658667043,-0.00193989335094,-0.000511718390044,0.000573690515012],[0.000653884664644,-0.00113038823474,0.00101627560798,-0.0000161895441124,0.000418302981416,-0.00275828456506,0.00576017657295,-0.00224540336058,0.00165121059399,-0.00243425020017,-0.00219647516496,0.000182321440661,-0.000162289783475],[-0.000772032828536,0.00120871060062,-0.00121492403559,0.00166821596213,-0.00128794228658,0.000819076260086,-0.00224540336058,0.0102195516229,-0.00362158869393,0.00243854359724,0.000580158142839,-0.00132074707653,-0.00033021409763],[0.000565450871363,-0.00104204239324,0.000794328923803,-0.00136457674671,-0.000493075000122,-0.00141221575905,0.00165121059399,-0.00362158869393,0.00799130834639,-0.00374749721959,-0.000390315573895,-0.000535096682142,-0.000374679249944],[-0.00120203755796,0.00221440917812,-0.00171908002812,0.0020450160373,-0.00203956360929,0.00127658667043,-0.00243425020017,0.00243854359724,-0.00374749721959,0.0134215708822,-0.00310127111152,0.0029562395066,-0.00163260044064],[0.000670328096021,-0.00174619443715,0.00102148985025,-0.000664915249217,0.000766350131016,-0.00193989335094,-0.00219647516496,0.000580158142839,-0.000390315573895,-0.00310127111152,0.0149079440162,-0.004589561373,0.000563382927794],[-0.000531697995029,0.00147356826346,-0.000967476691585,0.00177385320421,0.000154805384227,-0.000511718390044,0.000182321440661,-0.00132074707653,-0.000535096682142,0.0029562395066,-0.004589561373,0.0161696951836,-0.00448870705441],[0.000199028931092,-0.000632956041954,0.000441259297077,-0.00167104741558,-0.00178521114867,0.000573690515012,-0.000162289783475,-0.00033021409763,-0.000374679249944,-0.00163260044064,0.000563382927794,-0.00448870705441,0.0130129447207]],"mean":[-123.782562256,161.081619263,-57.3439979553,33.411907196,-40.0055656433,-5.44602251053,-29.4872016907,-3.80055236816,-17.7532844543,-14.455906868,-8.31255531311,-6.21255493164,-5.62546396255]},"hfc":{"dmean":4.0782327652,"dmean2":6.26544141769,"dvar":60.5534057617,"dvar2":140.289413452,"max":122.168731689,"mean":12.961596489,"median":9.09947967529,"min":1.17238584618e-16,"var":159.954193115},"melbands":{"dmean":[0.00237242132425,0.00247923145071,0.00157081056386,0.0011180548463,0.000456876587123,0.0000961185360211,0.00017197082343,0.0000908026413526,0.0000733330380172,0.0000385086605093,0.0000359809419024,0.000047435212764,0.0000185018943739,0.0000244461916736,0.0000122300134535,0.00000574740079173,0.00000388406851926,0.0000123793706734,0.00000622823972662,0.00000505352272739,0.00000514053817824,0.00000334513060807,0.00000188225578768,0.00000174217802851,0.00000168898498032,0.00000289517561214,0.00000101432181054,6.46237253932e-7,6.87902627305e-7,6.02140517003e-7,5.95629160216e-7,4.87431805141e-7,5.48191337657e-7,6.94814957569e-7,5.35802826107e-7,3.37431259823e-7,3.09943743559e-7,2.4307178137e-7,1.54048265699e-7,7.83411095995e-8],"dmean2":[0.00417632469907,0.0043013188988,0.00269085052423,0.00174555997364,0.000721855205484,0.000153953631525,0.00026245781919,0.000139162279083,0.000108543499664,0.0000576203492528,0.0000520728935953,0.0000674685506965,0.0000281929224002,0.0000350472291757,0.0000177580386662,0.00000895141147339,0.00000615965655015,0.0000162521337188,0.00000842802637635,0.00000694736036166,0.00000711230677553,0.000004693576102,0.00000293868174595,0.00000290992534246,0.00000290980437967,0.00000410673965234,0.00000157246211074,0.00000111995007046,0.00000118548291539,0.00000104086393549,9.78706225396e-7,7.70601559452e-7,8.63213699631e-7,0.0000010398420045,7.4743377354e-7,4.89368460421e-7,4.65273529926e-7,3.4329153209e-7,2.27614961545e-7,1.16236854808e-7],"dvar":[0.0000748809616198,0.000109334148874,0.0000132552704599,0.00000286525255433,5.59201509986e-7,5.84408752502e-8,2.05929183039e-7,5.16307281373e-8,4.55187603166e-8,2.08939781032e-8,1.42869849284e-8,2.25970921974e-8,4.30581126309e-9,7.66117036477e-9,2.20991314137e-9,5.89817139574e-10,2.09029710208e-10,3.08249115122e-9,5.92612625638e-10,4.96648444592e-10,5.28317056769e-10,1.9578891286e-10,3.88840314114e-11,3.46234534099e-11,4.16045219109e-11,2.96619617757e-10,2.40749521013e-11,2.0781838056e-11,2.44160264923e-11,1.95192629421e-11,1.32604994693e-11,6.71230432348e-12,9.9574784182e-12,1.96863064045e-11,1.33688086643e-11,6.17309588863e-12,7.97940619829e-12,2.6926425499e-12,9.65869636875e-13,2.45870679502e-13],"dvar2":[0.0002188248327,0.000297697202768,0.0000366968197341,0.00000740634277463,0.00000135804464207,1.47920843574e-7,4.66221536044e-7,1.14327441736e-7,9.5577263437e-8,4.66120013698e-8,2.9587452488e-8,4.37996803271e-8,9.46395140033e-9,1.47298919728e-8,4.63091209824e-9,1.39669475985e-9,4.64638744146e-10,5.29105692593e-9,1.04562780656e-9,8.73221106534e-10,8.99289198664e-10,3.48484102686e-10,9.35710883776e-11,1.00319273721e-10,1.3112862185e-10,5.37168365344e-10,5.25583430944e-11,5.91076007583e-11,7.00118157893e-11,5.51409369554e-11,3.39364508717e-11,1.59411268907e-11,2.12896731494e-11,4.16158982275e-11,2.32823673535e-11,1.23700086632e-11,1.85660341268e-11,5.19470317456e-12,1.97010333394e-12,5.25896329522e-13],"max":[0.111639082432,0.130601689219,0.0635193288326,0.0259997993708,0.0143205150962,0.00842683855444,0.0130847711116,0.0087469117716,0.00665896153077,0.00416332995519,0.00495821703225,0.00571712572128,0.00291205872782,0.00306959543377,0.00186120090075,0.000783946539741,0.000579250219744,0.00165601831395,0.000694911985192,0.000759266666137,0.000911810609978,0.000537682091817,0.000183135562111,0.000116705203254,0.000132362823933,0.000555897830054,0.000155495479703,0.000123135905596,0.000116720839287,0.0000979845717666,0.0000789055193309,0.0000746712030377,0.000150675346958,0.000146290025441,0.000142923003295,0.000119675518363,0.00016754954413,0.0000736268484616,0.0000462091375084,0.0000182563380804],"mean":[0.00784722529352,0.00454442668706,0.00287173548713,0.00264981715009,0.00113175576553,0.000226142670726,0.000356069707777,0.000204306226806,0.000158624199685,0.0000813416263554,0.0000899886072148,0.000117833587865,0.0000387585823773,0.0000582207576372,0.0000267073573923,0.0000099770277302,0.0000061887112679,0.00003122430644,0.0000151646490849,0.0000114828062578,0.0000118576699606,0.00000683183407091,0.00000332894342137,0.00000276837295132,0.00000254241922448,0.00000720346861272,0.00000192997413251,6.84418239416e-7,7.17037323739e-7,5.94673565502e-7,6.9318707574e-7,6.17219711785e-7,7.70407780237e-7,0.00000100167869732,8.25741267363e-7,4.94074015478e-7,4.17734810298e-7,3.48198881284e-7,2.157613892e-7,1.09376451007e-7],"median":[0.00778473820537,0.0026899962686,0.00199368270114,0.00189973495435,0.000617264420725,0.000104009151983,0.0000757538509788,0.0000405818936997,0.000018669248675,0.00000874715988175,0.00000709178402758,0.00000607913625572,0.0000025052768251,0.00000232041702475,0.0000012059851997,0.00000117583351766,8.71735494457e-7,6.80669359099e-7,4.92532308272e-7,3.59001091965e-7,3.00424318311e-7,2.44668797222e-7,3.45355886111e-7,3.47876209617e-7,2.26742912446e-7,1.79291106406e-7,1.11709077544e-7,6.11865687006e-8,4.40510063981e-8,3.52749509602e-8,2.89486656868e-8,2.88345098909e-8,2.78687153354e-8,2.2662575816e-8,2.66293938012e-8,1.27954900009e-8,7.39142791417e-9,6.14805983901e-9,5.19112752784e-9,4.14155909567e-9],"min":[1.01275304076e-23,2.87824073869e-23,9.40015016587e-24,3.17966539776e-24,8.25692978658e-24,2.22121347909e-23,9.73459957955e-24,1.90714838897e-23,2.09361238777e-23,1.07642855196e-23,1.31991212697e-23,7.28041938239e-24,1.48445178795e-23,1.93008609751e-23,1.83827183893e-23,6.15120443961e-24,9.42023456452e-24,1.04598680406e-23,6.49808196242e-24,1.05803515555e-23,1.37462389059e-23,1.31840966249e-23,9.91706626237e-24,1.57497625895e-23,6.9735012143e-24,1.2495180452e-23,1.25365948607e-23,1.09278471509e-23,7.1103677925e-24,7.94019503339e-24,1.00829495112e-23,1.04409401121e-23,1.02593466983e-23,1.63541578383e-23,1.45096211816e-23,1.30798257793e-23,1.28295486131e-23,1.66671510243e-23,1.32887185136e-23,1.06716132959e-23],"var":[0.000106306964881,0.0000867228663992,0.0000160420568136,0.00000717212060408,0.00000219854382522,1.54821293563e-7,5.45724503809e-7,2.61258577439e-7,1.42523930435e-7,7.20518329445e-8,6.84075587287e-8,1.15943386447e-7,1.55313912842e-8,3.23389031109e-8,7.41704386797e-9,1.40414502248e-9,3.55556001308e-10,1.62311994956e-8,3.03042080319e-9,2.39406894309e-9,2.69951483389e-9,8.45974623687e-10,1.01638898686e-10,5.63708732471e-11,6.17275883186e-11,1.57944313184e-9,7.55658521867e-11,1.38204144309e-11,1.60404536875e-11,1.32767347463e-11,1.3944515681e-11,8.86289132362e-12,1.92469564592e-11,4.18346503273e-11,3.12681755488e-11,1.1738408856e-11,1.06639185329e-11,5.61196401849e-12,1.74228481035e-12,3.87942770356e-13]},"melbands_crest":{"dmean":2.48013210297,"dmean2":4.00141048431,"dvar":6.3948431015,"dvar2":17.2004394531,"max":34.9805183411,"mean":18.4339447021,"median":17.954826355,"min":1.81302535534,"var":30.6493759155},"melbands_flatness_db":{"dmean":0.0258860941976,"dmean2":0.0380825102329,"dvar":0.0010864015203,"dvar2":0.00238630315289,"max":0.820091962814,"mean":0.429270148277,"median":0.421102911234,"min":0.00519619742408,"var":0.0141613418236},"melbands_kurtosis":{"dmean":13.4551086426,"dmean2":20.9745998383,"dvar":772.587890625,"dvar2":1876.21630859,"max":814.484436035,"mean":29.4783992767,"median":14.4887294769,"min":-1.88451504707,"var":1896.01281738},"melbands_skewness":{"dmean":0.782713472843,"dmean2":1.19025492668,"dvar":1.19262361526,"dvar2":2.67027783394,"max":23.7419281006,"mean":2.93958473206,"median":2.37341165543,"min":-2.3958902359,"var":4.88332080841},"melbands_spread":{"dmean":1.65818333626,"dmean2":2.48900222778,"dvar":31.4300327301,"dvar2":63.8315353394,"max":231.733398438,"mean":7.22253513336,"median":2.59426307678,"min":0.285357713699,"var":222.088363647},"mfcc":{"cov":[[14466.0126953,931.79888916,-2644.59521484,-815.302246094,-841.099060059,239.445999146,146.196777344,500.162841797,70.7477493286,256.080444336,318.92590332,5.15036535263,113.170906067],[931.79888916,3049.76123047,-591.72088623,-107.415298462,64.5667495728,-194.719345093,179.095581055,65.0810165405,49.2372894287,90.4738998413,135.633148193,37.3301696777,97.3929214478],[-2644.59521484,-591.72088623,2500.3425293,401.669464111,263.728546143,258.383117676,-47.8937911987,36.0092773438,-43.1808319092,-54.8844947815,32.4060211182,54.7235183716,-175.336669922],[-815.302246094,-107.415298462,401.669464111,477.585021973,235.470535278,2.78072953224,-90.091293335,-91.9786224365,29.8473548889,-14.6086034775,-88.9103927612,6.63514852524,2.38020563126],[-841.099060059,64.5667495728,263.728546143,235.470535278,441.5546875,20.659154892,-103.545425415,-55.0913124084,67.7356262207,36.5702552795,-51.4368171692,16.608663559,-7.93746948242],[239.445999146,-194.719345093,258.383117676,2.78072953224,20.659154892,273.281585693,94.7964782715,54.716178894,30.7460308075,46.2008247375,83.0702285767,39.1331253052,-20.8060112],[146.196777344,179.095581055,-47.8937911987,-90.091293335,-103.545425415,94.7964782715,269.820892334,71.5646514893,8.96714687347,33.7496604919,55.093662262,33.9070320129,11.7653503418],[500.162841797,65.0810165405,36.0092773438,-91.9786224365,-55.0913124084,54.716178894,71.5646514893,204.681304932,23.661485672,19.096736908,67.4433822632,22.6479244232,12.1429252625],[70.7477493286,49.2372894287,-43.1808319092,29.8473548889,67.7356262207,30.7460308075,8.96714687347,23.661485672,163.392471313,54.6366958618,16.7316551208,39.6082229614,36.6012992859],[256.080444336,90.4738998413,-54.8844947815,-14.6086034775,36.5702552795,46.2008247375,33.7496604919,19.096736908,54.6366958618,134.096786499,45.8758468628,23.3621559143,24.9230041504],[318.92590332,135.633148193,32.4060211182,-88.9103927612,-51.4368171692,83.0702285767,55.093662262,67.4433822632,16.7316551208,45.8758468628,168.955596924,46.5274772644,-4.27303647995],[5.15036535263,37.3301696777,54.7235183716,6.63514852524,16.608663559,39.1331253052,33.9070320129,22.6479244232,39.6082229614,23.3621559143,46.5274772644,105.862304688,23.6712684631],[113.170906067,97.3929214478,-175.336669922,2.38020563126,-7.93746948242,-20.8060112,11.7653503418,12.1429252625,36.6012992859,24.9230041504,-4.27303647995,23.6712684631,106.324493408]],"icov":[[0.000124330283143,-0.0000470655286335,0.00015157838061,-0.0000439102841483,0.000241718109464,-0.000308457383653,0.000261404376943,-0.000293906778097,0.0000233943574131,-0.00019143926329,0.0000757269299356,-0.0000486644894409,0.000174746121047],[-0.0000470655286335,0.00047038361663,0.00000171776662228,6.64009462525e-7,-0.000422064622398,0.000760590191931,-0.000607235706411,0.0000805859817774,0.0000226482861763,0.0000163481581694,-0.000679010292515,0.000145400699694,-0.000273926736554],[0.00015157838061,0.00000171776662228,0.000834962935187,-0.000595645862631,0.000131497188704,-0.000785321346484,0.000390313303797,-0.000709580606781,0.000304848974338,-0.0000115291750262,-0.0000560998887522,-0.000442033429863,0.0011152428342],[-0.0000439102841483,6.64009462525e-7,-0.000595645862631,0.00372438319027,-0.00138715433422,-0.0000696645365679,0.000127997802338,0.00118496909272,-0.000368875887943,0.000439884257503,0.00119560759049,-0.000197611661861,-0.00117027445231],[0.000241718109464,-0.000422064622398,0.000131497188704,-0.00138715433422,0.00444322032854,-0.00143051077612,0.00200852216221,-0.000435559049947,-0.00100647297222,-0.00162757374346,0.00148050952703,-0.000748005579226,0.0012105028145],[-0.000308457383653,0.000760590191931,-0.000785321346484,-0.0000696645365679,-0.00143051077612,0.00734241819009,-0.00307803344913,0.000414003065089,-0.000572137767449,-0.00047480216017,-0.00297922827303,0.000167717051227,0.000112629459181],[0.000261404376943,-0.000607235706411,0.000390313303797,0.000127997802338,0.00200852216221,-0.00307803344913,0.00636695325375,-0.00155966647435,0.000271613447694,-0.00120468565729,0.00136759039015,-0.00144096440636,0.000504637486301],[-0.000293906778097,0.0000805859817774,-0.000709580606781,0.00118496909272,-0.000435559049947,0.000414003065089,-0.00155966647435,0.00721512502059,-0.00104530027602,0.000935666554142,-0.001779209706,0.000473353458801,-0.00159696734045],[0.0000233943574131,0.0000226482861763,0.000304848974338,-0.000368875887943,-0.00100647297222,-0.000572137767449,0.000271613447694,-0.00104530027602,0.0085202883929,-0.00235454412177,0.000325554225128,-0.00210642814636,-0.00153151841369],[-0.00019143926329,0.0000163481581694,-0.0000115291750262,0.000439884257503,-0.00162757374346,-0.00047480216017,-0.00120468565729,0.000935666554142,-0.00235454412177,0.010723634623,-0.00258011277765,0.000691589724738,-0.00198884191923],[0.0000757269299356,-0.000679010292515,-0.0000560998887522,0.00119560759049,0.00148050952703,-0.00297922827303,0.00136759039015,-0.001779209706,0.000325554225128,-0.00258011277765,0.0108796562999,-0.00372645864263,0.00176108488813],[-0.0000486644894409,0.000145400699694,-0.000442033429863,-0.000197611661861,-0.000748005579226,0.000167717051227,-0.00144096440636,0.000473353458801,-0.00210642814636,0.000691589724738,-0.00372645864263,0.0130459731445,-0.00321474950761],[0.000174746121047,-0.000273926736554,0.0011152428342,-0.00117027445231,0.0012105028145,0.000112629459181,0.000504637486301,-0.00159696734045,-0.00153151841369,-0.00198884191923,0.00176108488813,-0.00321474950761,0.013354241848]],"mean":[-775.349060059,184.673217773,43.9541091919,42.0865020752,16.2390594482,5.00577259064,0.329747796059,7.30606269836,-5.15244865417,-1.8790564537,-3.00225710869,-6.8368563652,-2.37890219688]},"pitch_salience":{"dmean":0.0614583864808,"dmean2":0.101509451866,"dvar":0.00421083718538,"dvar2":0.0114698288962,"max":0.871857762337,"mean":0.493176043034,"median":0.496378391981,"min":0.0890118032694,"var":0.0148424394429},"silence_rate_20dB":{"dmean":0.000648455868941,"dmean2":0.00129701686092,"dvar":0.000648067565635,"dvar2":0.00178182742093,"max":1,"mean":0.99959474802,"median":1,"min":0,"var":0.000405057595344},"silence_rate_30dB":{"dmean":0.0517143569887,"dmean2":0.103437095881,"dvar":0.0490436516702,"dvar2":0.111874811351,"max":1,"mean":0.893742918968,"median":1,"min":0,"var":0.094956792891},"silence_rate_60dB":{"dmean":0.00875415373594,"dmean2":0.0175097268075,"dvar":0.00867717340589,"dvar2":0.0223898328841,"max":1,"mean":0.0737558752298,"median":0,"min":0,"var":0.0683178976178},"spectral_centroid":{"dmean":76.3500061035,"dmean2":115.228286743,"dvar":38503.9296875,"dvar2":65578.203125,"max":10931.4208984,"mean":478.644134521,"median":285.546386719,"min":120.176025391,"var":313831.03125},"spectral_complexity":{"dmean":1.54300069809,"dmean2":2.49254226685,"dvar":6.54925680161,"dvar2":15.5589876175,"max":52,"mean":8.41676139832,"median":7,"min":0,"var":34.2261238098},"spectral_contrast_coeffs":{"dmean":[0.0425505675375,0.0402660667896,0.0326415486634,0.0262114405632,0.0200475417078,0.0167736597359],"dmean2":[0.0698227584362,0.0656188502908,0.0528660789132,0.0419631898403,0.0318675301969,0.0258704330772],"dvar":[0.0013728721533,0.00127476255875,0.000814697996248,0.000539912318345,0.000359096913598,0.000315010984195],"dvar2":[0.00371274957433,0.00328789860941,0.00202844617888,0.00131049752235,0.000823276699521,0.000717894581612],"max":[-0.254527390003,-0.3751552701,-0.449354052544,-0.515414595604,-0.546998202801,-0.617225468159],"mean":[-0.598298847675,-0.696008622646,-0.771384894848,-0.798419237137,-0.805109143257,-0.801070332527],"median":[-0.610211610794,-0.702920675278,-0.785992801189,-0.818165898323,-0.821442246437,-0.805701732635],"min":[-0.955883860588,-0.958712995052,-0.961839735508,-0.96337389946,-0.962332427502,-0.965786993504],"var":[0.0122797312215,0.00678401160985,0.00645061163232,0.00602171383798,0.00503976177424,0.00296826800331]},"spectral_contrast_valleys":{"dmean":[0.323475837708,0.351915925741,0.333889335394,0.317447215319,0.296488463879,0.317988276482],"dmean2":[0.530566036701,0.588038980961,0.54875099659,0.506777942181,0.445488721132,0.42579343915],"dvar":[0.095130212605,0.117441385984,0.121479891241,0.133812755346,0.150047391653,0.185981363058],"dvar2":[0.223956376314,0.280563801527,0.28306299448,0.294758379459,0.316700428724,0.314484864473],"max":[-4.5258102417,-4.50265216827,-5.07279968262,-5.85660934448,-5.56695604324,-7.64420938492],"mean":[-6.87305545807,-7.49518203735,-8.63603496552,-9.48355770111,-9.4558095932,-12.0756845474],"median":[-6.24870586395,-7.32130813599,-8.39268398285,-9.14187240601,-9.20007610321,-11.9644832611],"min":[-27.4912471771,-27.7827320099,-27.4266242981,-27.14960289,-27.0853939056,-27.1779499054],"var":[2.57129406929,2.59474945068,3.03087663651,2.78656363487,1.9006434679,2.46176981926]},"spectral_decrease":{"dmean":4.73354200281e-9,"dmean2":8.02112687381e-9,"dvar":1.53815889265e-16,"dvar2":4.26841395582e-16,"max":1.4940592234e-14,"mean":-1.50452965642e-8,"median":-1.42451686003e-8,"min":-1.57375282583e-7,"var":1.90502196465e-16},"spectral_energy":{"dmean":0.0181815531105,"dmean2":0.0307570435107,"dvar":0.00223092990927,"dvar2":0.00618791021407,"max":0.59862947464,"mean":0.0579597242177,"median":0.0546912662685,"min":1.12664026992e-20,"var":0.00277447537519},"spectral_energyband_high":{"dmean":0.000110940229206,"dmean2":0.000166655168869,"dvar":3.29794318077e-7,"dvar2":6.93991580647e-7,"max":0.0151737034321,"mean":0.000169339298736,"median":0.0000131983606479,"min":8.22629422817e-21,"var":6.35123058146e-7},"spectral_energyband_low":{"dmean":0.0132685862482,"dmean2":0.0231911055744,"dvar":0.00210528005846,"dvar2":0.00585694191977,"max":0.571341216564,"mean":0.0356566570699,"median":0.0357239991426,"min":1.0866065458e-22,"var":0.00224550324492},"spectral_energyband_middle_high":{"dmean":0.000841545523144,"dmean2":0.00119441002607,"dvar":0.00000512143924425,"dvar2":0.00000993204412225,"max":0.039559148252,"mean":0.00253706378862,"median":0.000248885859037,"min":1.7469503218e-21,"var":0.0000277486560663},"spectral_energyband_middle_low":{"dmean":0.00795079115778,"dmean2":0.0127339651808,"dvar":0.000175010412931,"dvar2":0.000456516689155,"max":0.239206850529,"mean":0.0226173270494,"median":0.019236586988,"min":4.07102714192e-22,"var":0.000363178929547},"spectral_entropy":{"dmean":0.221705764532,"dmean2":0.330530673265,"dvar":0.0721414089203,"dvar2":0.143170148134,"max":9.81978225708,"mean":6.06519556046,"median":6.15550708771,"min":3.76377892494,"var":0.760937452316},"spectral_flux":{"dmean":0.0310619343072,"dmean2":0.0517799034715,"dvar":0.00270351744257,"dvar2":0.00602649571374,"max":0.599287748337,"mean":0.0751087740064,"median":0.0601989552379,"min":1.0614330942e-10,"var":0.00524801854044},"spectral_kurtosis":{"dmean":9.63903141022,"dmean2":15.759428978,"dvar":180.518661499,"dvar2":466.384368896,"max":279.04006958,"mean":29.0159358978,"median":16.254524231,"min":-1.39717054367,"var":1119.90319824},"spectral_rms":{"dmean":0.000979585922323,"dmean2":0.00158411241136,"dvar":0.00000295717995868,"dvar2":0.00000786268446973,"max":0.0241666864604,"mean":0.00679678143933,"median":0.00730461068451,"min":3.3153601392e-12,"var":0.0000103497868622},"spectral_rolloff":{"dmean":113.954231262,"dmean2":201.910369873,"dvar":557705.0625,"dvar2":1349606.75,"max":21037.9394531,"mean":759.357971191,"median":236.865234375,"min":64.599609375,"var":6424801},"spectral_skewness":{"dmean":0.672353327274,"dmean2":1.06988632679,"dvar":0.575516521931,"dvar2":1.40636003017,"max":13.9437570572,"mean":3.73854756355,"median":3.19309210777,"min":-0.373048335314,"var":4.92131567001},"spectral_spread":{"dmean":536378.3125,"dmean2":791171.5625,"dvar":576193822720,"dvar2":1016489967620,"max":40253696,"mean":3258412.75,"median":2618037,"min":387043.78125,"var":9948315516930},"spectral_strongpeak":{"dmean":0.240392625332,"dmean2":0.402508407831,"dvar":0.370323300362,"dvar2":0.84956407547,"max":13.4219827652,"mean":0.783721327782,"median":0.519737362862,"min":0,"var":1.10520458221},"zerocrossingrate":{"dmean":0.00423942273483,"dmean2":0.00521031254902,"dvar":0.00013014455908,"dvar2":0.000159895062097,"max":0.8720703125,"mean":0.0297654867172,"median":0.01220703125,"min":0.00146484375,"var":0.00792050082237}},"metadata":{"audio_properties":{"analysis_sample_rate":44100,"bit_rate":237570,"codec":"mp3","downmix":"mix","equal_loudness":0,"length":286.458770752,"lossless":false,"md5_encoded":"cdd6895443de58708b453a1f58a3bd8c","replay_gain":-8.53306007385,"sample_rate":44100},"tags":{"album":["HYMNS (Deluxe Edition)"],"albumartist":["Bloc Party"],"artist":["Bloc Party"],"bpm":["135"],"date":["2016"],"discnumber":["01/01"],"encoding":["LAME 64bits version 3.99.5 (http://lame.sf.net)"],"file_name":"copy2798273598717870318.mp3","initialkey":["D"],"length":["286426"],"musicbrainz_recordingid":["9f7d8848-12f8-46fe-afe0-7b418442e2b8"],"title":["Evening Song"],"tracknumber":["15/15"]},"version":{"essentia":"2.1-beta2","essentia_build_sha":"cead25079874084f62182a551b7393616cd33d87","essentia_git_sha":"v2.1_beta2-1-ge3940c0","extractor":"music 1.0"}},"rhythm":{"beats_count":640,"beats_loudness":{"dmean":0.0278609134257,"dmean2":0.0497891269624,"dvar":0.00095831771614,"dvar2":0.00314547307789,"max":0.249548017979,"mean":0.0654700696468,"median":0.0602433383465,"min":5.40365689972e-8,"var":0.00213832384907},"beats_loudness_band_ratio":{"dmean":[0.148737981915,0.140845939517,0.054160464555,0.0266561992466,0.0110704274848,0.0208867546171],"dmean2":[0.252923667431,0.245145410299,0.0945029780269,0.0455167479813,0.0176880676299,0.0379820540547],"dvar":[0.0218330789357,0.017316237092,0.00770566379651,0.00208709621802,0.00137587392237,0.0080774705857],"dvar2":[0.0620030686259,0.0495739355683,0.0217157434672,0.00581658957526,0.00331633398309,0.0235923286527],"max":[0.990265786648,0.964977443218,0.893452227116,0.425950735807,0.593993544579,0.996726334095],"mean":[0.651977717876,0.26765447855,0.0615876205266,0.0325587615371,0.0214607659727,0.0235080122948],"median":[0.723896741867,0.204328358173,0.0297102965415,0.00328284525312,0.00133568258025,0.00129109108821],"min":[0.0001292