{"lowlevel":{"average_loudness":0.849679708481,"barkbands":{"dmean":[0.0000122700457723,0.000435687950812,0.000435749534518,0.00072498107329,0.00191982614342,0.00062721822178,0.00125320255756,0.00220966106281,0.000448660226539,0.000344916508766,0.00031192615279,0.000195509390323,0.000461642775917,0.000174611617695,0.0000807156320661,0.0000652759481454,0.000087886408437,0.0000728381201043,0.0000456155248685,0.0000539108805242,0.000124130252516,0.000179949522135,0.000202463736059,0.00018686587282,0.0000941510661505,0.00000867507606017,1.98531665774e-7],"dmean2":[0.0000191356939467,0.000549103715457,0.000632045150269,0.00114254362416,0.00262476573698,0.000930048990995,0.0018122229958,0.00324180652387,0.000638860394247,0.000524464005139,0.000514867191669,0.000302219064906,0.000721498159692,0.000257235049503,0.000126726386952,0.000101214784081,0.000130451735458,0.000115099028335,0.000067629662226,0.0000788403849583,0.000173529289896,0.000238051172346,0.000271979370154,0.000243360118475,0.000131062886794,0.00001252587208,3.10491202526e-7],"dvar":[2.20803086926e-9,7.63488230859e-7,9.56716576184e-7,0.00000155274301505,0.00000933660976443,0.00000219878938879,0.00000673243175697,0.0000282054224954,0.00000185306976164,0.00000201515149456,0.0000012660327684,3.35604653401e-7,0.00000417307273892,7.50397532556e-7,5.65194930857e-8,2.00489736812e-7,6.41610995444e-8,3.27705897973e-8,1.89857569666e-8,4.0628545861e-8,4.59258018282e-7,9.60184706855e-7,0.00000128347710415,8.53452206684e-7,2.32899040498e-7,1.5305761103e-9,8.14457550881e-13],"dvar2":[4.6429025069e-9,0.00000108432618617,0.00000238765619542,0.00000375429794985,0.0000158221955644,0.00000474459557154,0.0000141627679113,0.0000651353620924,0.00000374662522518,0.00000470373743156,0.00000361559932571,7.87373039657e-7,0.000010960333384,0.00000156365638304,1.35762718401e-7,4.28754418635e-7,1.44351673725e-7,7.77900908133e-8,4.0686256142e-8,8.28909421102e-8,8.97932352473e-7,0.00000166879567587,0.00000222765447688,0.00000131339140808,3.83440863061e-7,3.10189363084e-9,2.05450890675e-12],"max":[0.00118830113206,0.0267693977803,0.0246767997742,0.0213846378028,0.0529087148607,0.0307747591287,0.0476920977235,0.0651381984353,0.0387819893658,0.0325019806623,0.0244187600911,0.0140003515407,0.0604507289827,0.0302887689322,0.00697513250634,0.0202070269734,0.00784413702786,0.00512721203268,0.0041431253776,0.00523186801001,0.0197019092739,0.0255059171468,0.0306236837059,0.0283682197332,0.0138016240671,0.00121869542636,0.0000344134496117],"mean":[0.0000139065723488,0.00101055286359,0.00095369288465,0.00131475937087,0.00403205770999,0.00130543066189,0.00247515714727,0.00404991023242,0.000777269306127,0.000505626667291,0.000525359413587,0.000329720642185,0.00072759098839,0.000287668313831,0.000138845804031,0.000118115109217,0.00021289025608,0.0001371736289,0.0000940440731938,0.000093318427389,0.000170303246705,0.0002604702604,0.000288515526336,0.000283320201561,0.00013355370902,0.0000109265383799,2.85139861944e-7],"median":[0.00000266814163297,0.000282098306343,0.000324173248373,0.000702289689798,0.00222027068958,0.000423975521699,0.000592544791289,0.000311296258587,0.0000980126787908,0.0000438572096755,0.0000334704309353,0.0000503519841004,0.0000514418788953,0.0000486765202368,0.0000271133249043,0.0000250436096394,0.0000272728248092,0.0000335463191732,0.0000217604556383,0.000019043638531,0.0000133977264341,0.0000213816711039,0.0000223118477152,0.0000271011358564,0.00000826437280921,0.0000011734924783,1.08080058681e-7],"min":[4.41540338402e-25,2.32945063842e-24,8.7260509702e-25,2.69582096351e-25,3.22737787468e-24,4.29796033625e-24,7.86642707242e-24,9.36084990443e-24,1.38235614742e-23,2.13983206375e-23,1.42022999056e-23,3.40612279064e-23,3.12010265233e-23,3.25606125162e-23,5.41120273896e-23,6.28256713527e-23,6.11603228729e-23,7.3813241585e-23,1.19184286248e-22,1.47879196339e-22,2.69677287999e-22,2.56241207113e-22,3.72388643933e-22,5.07651859183e-22,8.52870770388e-22,1.28328014652e-21,1.82063220227e-21],"var":[2.83766987685e-9,0.0000032748864669,0.00000304805575979,0.00000318605543725,0.000030543160392,0.00000597593225393,0.0000181444484042,0.0000760885886848,0.00000426323686042,0.00000335512868332,0.00000314339126817,7.02560839727e-7,0.00000885907866177,0.00000168628673691,1.19837437751e-7,4.00287348157e-7,2.60102581251e-7,8.51157224702e-8,4.96509535708e-8,1.00285141968e-7,9.03204352198e-7,0.00000202850856112,0.00000264680488726,0.00000205615128834,5.19773095675e-7,2.55224019696e-9,9.60000958936e-13]},"barkbands_crest":{"dmean":2.44242548943,"dmean2":3.81954693794,"dvar":5.0860581398,"dvar2":12.4667072296,"max":24.2844638824,"mean":11.0224132538,"median":10.3577709198,"min":2.84060430527,"var":16.9534664154},"barkbands_flatness_db":{"dmean":0.0225584134459,"dmean2":0.0331349931657,"dvar":0.000458909693407,"dvar2":0.000960688630585,"max":0.368692100048,"mean":0.166415765882,"median":0.165338218212,"min":0.0251000337303,"var":0.0026753381826},"barkbands_kurtosis":{"dmean":5.3255314827,"dmean2":7.96341133118,"dvar":80.0619354248,"dvar2":154.556091309,"max":213.639205933,"mean":11.7293863297,"median":8.1516160965,"min":-1.92814397812,"var":235.669769287},"barkbands_skewness":{"dmean":0.656830072403,"dmean2":0.953906834126,"dvar":0.549489080906,"dvar2":1.06559300423,"max":11.4618997574,"mean":2.1821937561,"median":2.21511507034,"min":-5.78790330887,"var":2.94551229477},"barkbands_spread":{"dmean":5.41076183319,"dmean2":8.25516891479,"dvar":93.9133605957,"dvar2":197.348907471,"max":110.912498474,"mean":15.3428649902,"median":9.63579750061,"min":0.600249528885,"var":269.751159668},"dissonance":{"dmean":0.0244905110449,"dmean2":0.0395506508648,"dvar":0.000606266665272,"dvar2":0.00151072558947,"max":0.499999910593,"mean":0.429709732533,"median":0.438230454922,"min":0.225154966116,"var":0.00213202880695},"dynamic_complexity":4.72690820694,"erbbands":{"dmean":[0.00531986262649,0.124143376946,0.524993658066,1.13482511044,7.14889574051,4.86766958237,2.31984066963,6.21655416489,14.7489557266,31.8937301636,41.5297966003,10.1702079773,15.753616333,4.20191574097,13.6763648987,10.6965179443,17.9343833923,10.0595369339,4.68268728256,3.73833394051,3.52871322632,4.2582821846,4.18082809448,2.13779616356,2.81124782562,2.54793953896,3.31535863876,6.26267719269,6.50222444534,5.3056936264,6.27172517776,4.36213254929,2.88922786713,1.62570774555,0.364828199148,0.072695851326,0.00984518695623,0.000868784554768,0.0000467354038847,0.0000101332598206],"dmean2":[0.00823627598584,0.155869320035,0.709866940975,1.75126433372,9.86515712738,6.97244215012,3.44223046303,9.15854740143,21.5602817535,46.2909317017,60.581073761,14.1703290939,23.7042560577,6.17881345749,22.5129528046,16.9316139221,27.9181900024,14.6130065918,6.99085283279,5.82249355316,5.30027294159,6.24572372437,6.49838495255,3.20339465141,4.07917833328,3.73463773727,4.74865722656,8.58813381195,8.77795124054,7.23654985428,8.27234840393,5.82431554794,3.78881597519,2.28934788704,0.500290215015,0.103304997087,0.013883208856,0.00122609152459,0.0000684720653226,0.0000139431331263],"dvar":[0.000243064190727,0.0631518065929,1.36601173878,2.97472286224,186.627838135,55.0719795227,25.8599567413,240.880645752,891.860229492,6691.32617188,13222.3886719,809.201904297,3778.25341797,144.837158203,2875.98730469,1086.52819824,6323.07617188,2452.13110352,178.70022583,262.805114746,310.464111328,135.475021362,110.823303223,29.5230007172,78.8480606079,91.6734695435,384.409088135,1298.07250977,1298.2331543,913.11505127,1341.22338867,498.478149414,206.417053223,77.1342086792,3.2143611908,0.112944580615,0.00168052664958,0.0000134400388561,3.96767561028e-8,5.08042274916e-10],"dvar2":[0.000601966690738,0.082520365715,2.70141792297,7.03127002716,301.202178955,122.322761536,58.3674850464,505.714416504,1817.24682617,14563.9248047,31301.8789063,1589.26965332,8528.03417969,277.114257813,8168.08984375,2843.06152344,16117.5673828,4970.10498047,391.904388428,551.897705078,743.841552734,288.628662109,250.911819458,66.3431549072,168.361083984,196.109619141,866.950683594,2444.11352539,2407.17724609,1698.84533691,2356.2668457,822.232299805,318.036834717,130.524475098,4.82317972183,0.211713030934,0.00335532543249,0.0000285744536086,9.27974568299e-8,8.45712611053e-10],"max":[0.393372952938,8.09676456451,34.4263153076,27.1137714386,238.337661743,103.125442505,127.341514587,286.432952881,532.634887695,1719.02294922,1727.87939453,813.116333008,1388.01818848,379.046295166,1101.56689453,740.40802002,2479.35327148,1764.36999512,511.698120117,705.297180176,760.033630371,314.107055664,349.023742676,144.805358887,216.736022949,281.644104004,796.409729004,1207.27539063,1102.10559082,1028.55749512,1014.33850098,639.22845459,463.70690918,229.615478516,76.9052886963,10.6789102554,0.915709376335,0.0875723287463,0.00715262256563,0.000578311446588],"mean":[0.00947657041252,0.294084399939,1.24897241592,2.48061871529,13.4733448029,10.6616134644,5.43237018585,12.7294597626,30.7680091858,61.7409095764,76.6208572388,20.5797538757,24.4045085907,8.6196308136,24.3134021759,19.6298732758,30.2284088135,18.7763843536,8.21175765991,7.88742637634,7.67319202423,10.8073482513,8.37606906891,4.67852401733,5.54541444778,4.39273309708,4.77952766418,8.78743934631,9.23801231384,7.5434346199,8.92622947693,6.73031759262,4.18724584579,2.30829834938,0.522472679615,0.0960006713867,0.0127797471359,0.00119818537496,0.0000780920818215,0.0000298260001728],"median":[0.00434501841664,0.0761437267065,0.379806905985,1.66335821152,5.9506778717,5.74628257751,2.33649516106,4.5860786438,11.590306282,9.82284832001,7.13845062256,2.90686941147,2.83766055107,1.23879003525,1.78097426891,2.41069889069,2.74470949173,2.8738193512,1.72331476212,1.65024828911,1.45053172112,1.55488038063,2.03086662292,1.20042347908,1.26024103165,0.937221825123,0.547796368599,0.587834239006,0.756144583225,0.676003754139,0.642091393471,0.707363367081,0.314045250416,0.127532690763,0.0411320179701,0.00927363336086,0.00155861978419,0.000231771613471,0.0000319907849189,0.0000196594573936],"min":[8.58433135916e-23,4.48967070183e-22,7.31096849426e-22,3.30793586123e-21,5.92569168716e-21,1.32814760636e-20,3.07443743576e-20,4.36534939376e-20,1.32429780763e-19,1.8149706195e-19,3.12380053741e-19,2.92628893568e-19,5.96649304942e-19,8.5066271918e-19,9.39802286928e-19,8.80166390473e-19,1.61966523771e-18,1.51240638204e-18,2.86052373429e-18,2.86414058152e-18,3.71620857716e-18,4.35339076609e-18,4.62551333529e-18,7.2576504345e-18,6.54452396634e-18,6.70612279799e-18,8.96171528825e-18,9.48354383204e-18,7.99617631054e-18,8.94970131703e-18,1.0635241461e-17,1.08021243224e-17,7.52290161434e-18,8.17756461116e-18,6.46850317292e-18,4.19740518208e-18,2.10433445024e-18,1.03274926364e-18,2.28014558898e-19,2.63310216695e-20],"var":[0.000305326335365,0.291291773319,5.58822393417,7.58925676346,571.670776367,166.075897217,85.4741821289,619.424560547,2640.9855957,18350.578125,35599.5390625,2169.75976563,6855.36279297,626.715637207,7498.04589844,2481.12451172,14067.2763672,6724.79248047,534.634399414,692.753479004,704.212097168,638.212158203,345.555511475,87.3343887329,204.540527344,206.998138428,612.876220703,2632.25073242,2554.00878906,1781.06591797,2710.0769043,1156.30078125,485.035949707,171.763137817,7.48011493683,0.210549086332,0.00302312872373,0.0000230403347814,5.5855629455e-8,1.61695756784e-9]},"erbbands_crest":{"dmean":2.93913602829,"dmean2":4.52777099609,"dvar":8.65385818481,"dvar2":19.2987480164,"max":32.3496322632,"mean":11.722369194,"median":10.4058580399,"min":2.20845627785,"var":34.072429657},"erbbands_flatness_db":{"dmean":0.0196400880814,"dmean2":0.0278501678258,"dvar":0.000364366685972,"dvar2":0.000710194755811,"max":0.31558200717,"mean":0.174699023366,"median":0.175271958113,"min":0.035162627697,"var":0.00205583521165},"erbbands_kurtosis":{"dmean":2.32155942917,"dmean2":3.40645503998,"dvar":11.376750946,"dvar2":22.8934288025,"max":54.1299819946,"mean":3.76678371429,"median":1.66038155556,"min":-1.85851538181,"var":35.6080513},"erbbands_skewness":{"dmean":0.505567312241,"dmean2":0.715278744698,"dvar":0.325639456511,"dvar2":0.54155009985,"max":5.71322107315,"mean":1.06819403172,"median":1.14091491699,"min":-4.49373197556,"var":1.84251344204},"erbbands_spread":{"dmean":9.39091491699,"dmean2":14.1787261963,"dvar":163.263366699,"dvar2":385.391784668,"max":137.474060059,"mean":34.2132720947,"median":31.2545013428,"min":3.18188261986,"var":429.066894531},"gfcc":{"cov":[[37749.9648438,2380.82128906,-4205.859375,777.549560547,-3098.86938477,522.435180664,-1539.21801758,356.970611572,-608.508178711,-165.018661499,-187.562713623,-416.986206055,-501.19744873],[2380.82128906,1555.21484375,-283.220550537,-247.156661987,58.569934845,-206.558807373,-49.0248947144,2.35931587219,68.9762954712,-112.017852783,84.4411087036,-91.2527923584,-84.6919631958],[-4205.859375,-283.220550537,1023.06781006,146.989990234,289.571044922,-5.87931776047,163.737518311,-104.458221436,64.1859741211,61.5304260254,-38.7531394958,32.08253479,54.4187088013],[777.549560547,-247.156661987,146.989990234,479.695343018,48.0105361938,33.3907699585,-86.6006011963,-39.660358429,-22.7853317261,36.8872833252,-83.4648971558,28.345949173,41.2118988037],[-3098.86938477,58.569934845,289.571044922,48.0105361938,661.51776123,-51.8901519775,113.971412659,-12.8167486191,60.1228408813,-1.02821552753,-1.47440576553,89.8845443726,46.8392944336],[522.435180664,-206.558807373,-5.87931776047,33.3907699585,-51.8901519775,216.842559814,64.2290802002,40.8938865662,-35.1703414917,16.8208408356,-1.91279757023,18.4979953766,-4.52129554749],[-1539.21801758,-49.0248947144,163.737518311,-86.6006011963,113.971412659,64.2290802002,231.134658813,55.7968292236,26.5227622986,-6.49413490295,38.384513855,22.3497695923,18.3770313263],[356.970611572,2.35931587219,-104.458221436,-39.660358429,-12.8167486191,40.8938865662,55.7968292236,146.999435425,44.3053436279,-1.60524559021,18.5308208466,-1.00167346001,-0.017831902951],[-608.508178711,68.9762954712,64.1859741211,-22.7853317261,60.1228408813,-35.1703414917,26.5227622986,44.3053436279,124.659957886,26.8996524811,12.2272520065,-10.5880355835,7.54341745377],[-165.018661499,-112.017852783,61.5304260254,36.8872833252,-1.02821552753,16.8208408356,-6.49413490295,-1.60524559021,26.8996524811,87.2304916382,6.00258970261,4.97564792633,4.21642446518],[-187.562713623,84.4411087036,-38.7531394958,-83.4648971558,-1.47440576553,-1.91279757023,38.384513855,18.5308208466,12.2272520065,6.00258970261,97.7874603271,7.91875314713,-12.2114915848],[-416.986206055,-91.2527923584,32.08253479,28.345949173,89.8845443726,18.4979953766,22.3497695923,-1.00167346001,-10.5880355835,4.97564792633,7.91875314713,93.1280441284,27.1579093933],[-501.19744873,-84.6919631958,54.4187088013,41.2118988037,46.8392944336,-4.52129554749,18.3770313263,-0.017831902951,7.54341745377,4.21642446518,-12.2114915848,27.1579093933,68.2655334473]],"icov":[[0.000451557309134,-0.0010300836293,0.00100922677666,-0.00128562375903,0.00143451360054,-0.00136536697391,0.00123335444368,-0.00110215728637,0.00103365548421,-0.000674333423376,0.000846291601192,-0.000545216316823,0.000897660444025],[-0.0010300836293,0.00338465976529,-0.0020655260887,0.00306205893867,-0.0035333877895,0.00369165185839,-0.00271272077225,0.00279155280441,-0.00303498725407,0.00272348546423,-0.00264879385941,0.00193933490664,-0.00124398095068],[0.00100922677666,-0.0020655260887,0.0041028726846,-0.00339747243561,0.00285175722092,-0.002768576378,0.000884949637111,-0.000429902807809,0.00116928399075,-0.00215577729978,0.00247892830521,-0.000861206382979,0.00203907676041],[-0.00128562375903,0.00306205893867,-0.00339747243561,0.00683924090117,-0.00439262483269,0.00311183836311,-0.0016663861461,0.00274902768433,-0.0024370115716,0.00120356958359,-0.000839228450786,0.00123252859339,-0.00383670721203],[0.00143451360054,-0.0035333877895,0.00285175722092,-0.00439262483269,0.00691067613661,-0.00366421975195,0.00282746204175,-0.00322807859629,0.00245015579276,-0.00191988877486,0.00320905842818,-0.00405253190547,0.00281469314359],[-0.00136536697391,0.00369165185839,-0.002768576378,0.00311183836311,-0.00366421975195,0.011384815909,-0.00652142427862,0.00158485234715,-0.000734518398531,0.00045130669605,-0.00188180943951,0.000599074235652,-0.000613527954556],[0.00123335444368,-0.00271272077225,0.000884949637111,-0.0016663861461,0.00282746204175,-0.00652142427862,0.0124661801383,-0.00631301198155,0.00303601985797,0.000175440000021,-0.000406285573263,-0.00114270357881,0.000296348822303],[-0.00110215728637,0.00279155280441,-0.000429902807809,0.00274902768433,-0.00322807859629,0.00158485234715,-0.00631301198155,0.014285706915,-0.00807875953615,0.0027539904695,-0.00212243781425,0.00130855781026,-0.00210010702722],[0.00103365548421,-0.00303498725407,0.00116928399075,-0.0024370115716,0.00245015579276,-0.000734518398531,0.00303601985797,-0.00807875953615,0.0158199854195,-0.00655732862651,0.00176330714021,0.000824380840641,0.000457971735159],[-0.000674333423376,0.00272348546423,-0.00215577729978,0.00120356958359,-0.00191988877486,0.00045130669605,0.000175440000021,0.0027539904695,-0.00655732862651,0.0169722400606,-0.00444618472829,0.000699621916283,-0.000676830240991],[0.000846291601192,-0.00264879385941,0.00247892830521,-0.000839228450786,0.00320905842818,-0.00188180943951,-0.000406285573263,-0.00212243781425,0.00176330714021,-0.00444618472829,0.0158276241273,-0.00405961181968,0.00376616232097],[-0.000545216316823,0.00193933490664,-0.000861206382979,0.00123252859339,-0.00405253190547,0.000599074235652,-0.00114270357881,0.00130855781026,0.000824380840641,0.000699621916283,-0.00405961181968,0.0163146257401,-0.00587717443705],[0.000897660444025,-0.00124398095068,0.00203907676041,-0.00383670721203,0.00281469314359,-0.000613527954556,0.000296348822303,-0.00210010702722,0.000457971735159,-0.000676830240991,0.00376616232097,-0.00587717443705,0.0213374104351]],"mean":[-78.664894104,95.2779464722,-98.890411377,29.2080898285,-72.7135925293,9.96750640869,-50.3315811157,1.97074341774,-20.1177120209,-3.89757180214,-11.269536972,-10.2728805542,-18.6773662567]},"hfc":{"dmean":7.70597267151,"dmean2":10.1598443985,"dvar":673.166442871,"dvar2":1014.95605469,"max":656.072937012,"mean":18.8512420654,"median":7.70389699936,"min":1.05553877607e-16,"var":1939.97949219},"melbands":{"dmean":[0.0000800828056526,0.000236419626162,0.000383210339351,0.000467323145131,0.000099237789982,0.000143324563396,0.00023307914671,0.000385105056921,0.000296651909593,0.0000577891914872,0.0000773731298978,0.0000142020880958,0.000044468059059,0.0000268870971922,0.0000504849813296,0.0000308092967316,0.000019011193217,0.00000836608433019,0.00000536922880201,0.00000536532434126,0.00000468501730211,0.00000496397478855,0.00000424446807301,0.0000039586470848,0.00000162322032793,0.0000019185210931,0.00000232383649745,0.0000015323049638,0.00000179649316578,0.00000283233498521,0.00000411230394093,0.00000389626529795,0.00000344608838532,0.00000289727267955,0.00000379321522814,0.00000329259682985,0.00000256708244706,0.00000218482091441,0.00000171699150542,0.00000128684416723],"dmean2":[0.000108300169813,0.000309899944114,0.000566978589632,0.000644757237751,0.000145394631545,0.000213380801142,0.000337833771482,0.000558393890969,0.00043242648826,0.0000813537481008,0.000116823932331,0.0000205726646527,0.0000732537810109,0.0000420689066232,0.0000809040575405,0.0000462865791633,0.0000281570246443,0.0000126334552988,0.00000837146399135,0.00000838443611428,0.00000710259018888,0.00000712549353921,0.00000680381754137,0.00000626701603323,0.00000247381331064,0.00000283550116364,0.00000348188882526,0.0000022743295176,0.00000268163375949,0.00000404580623581,0.00000576128104512,0.00000541393637832,0.00000461198578705,0.00000418681293013,0.00000516168574904,0.00000443632779934,0.00000350870095644,0.00000292474328489,0.00000233782748182,0.00000185168141797],"dvar":[2.79289764649e-8,2.59287276094e-7,4.47401674819e-7,5.74701971345e-7,3.92029022578e-8,1.18857713005e-7,2.08130515489e-7,8.80548668647e-7,7.07089782281e-7,3.38620829154e-8,9.1674742464e-8,2.25181850944e-9,2.70045656947e-8,6.13515238612e-9,5.49354446377e-8,1.72299543522e-8,9.21301612777e-9,7.17677417494e-10,3.27420562884e-10,1.624624546e-9,4.83947049101e-10,1.85300955136e-10,1.28380139852e-10,9.67298047216e-11,2.05370408179e-11,3.57311125132e-11,8.28984034196e-11,2.9846482924e-11,1.29877678057e-10,2.51684950658e-10,6.0872745733e-10,4.74789429994e-10,4.25706775387e-10,2.91714902234e-10,5.40484212941e-10,3.1999655703e-10,1.72682410038e-10,1.2186505971e-10,8.84299578008e-11,5.15345092988e-11],"dvar2":[5.26942081081e-8,4.32008306461e-7,8.62761964981e-7,0.00000100640249912,8.92327989277e-8,2.57516461488e-7,4.21062651412e-7,0.00000192622792383,0.00000168554242919,6.55127578852e-8,2.06821113125e-7,3.9121945683e-9,7.61767040558e-8,1.50640104835e-8,1.497269011e-7,3.89586247707e-8,1.89522282312e-8,1.49598933241e-9,7.37923611105e-10,3.50047457687e-9,1.16398057859e-9,3.71520397779e-10,3.00012681365e-10,2.31676844376e-10,4.75241478115e-11,7.32103197509e-11,1.84484483245e-10,6.34402252953e-11,3.15936221629e-10,4.90318674551e-10,1.20679444215e-9,9.24460397123e-10,7.94736054743e-10,5.99091276587e-10,1.00410157966e-9,5.65394009389e-10,3.02437519473e-10,2.15589407437e-10,1.41692491074e-10,9.3266290524e-11],"max":[0.00412106513977,0.0160063374788,0.0104042030871,0.0127485655248,0.00420796684921,0.00738832959905,0.00765229342505,0.0180104468018,0.014081235975,0.00624441215768,0.00683286925778,0.00169912783895,0.00394494272768,0.00174975721166,0.0070179165341,0.00475322781131,0.00374877685681,0.00108891259879,0.000669896486215,0.00196324428543,0.00114291917998,0.00031901607872,0.000298566796118,0.000226709846174,0.000129114821902,0.000185901793884,0.000262863119133,0.000157316651894,0.000384684884921,0.000541223038454,0.000821250549052,0.000763277290389,0.000566293194424,0.000614571501501,0.000712483422831,0.000440990610514,0.000353054929292,0.000326243927702,0.000317297963193,0.000190518680029],"mean":[0.000174731903826,0.000573330151383,0.000772649189457,0.000966622552369,0.000226694377488,0.00029019539943,0.000485221709823,0.000735625857487,0.000540355686098,0.000109839864308,0.000117539806524,0.0000272812285402,0.0000766956291045,0.0000468250946142,0.0000775873413659,0.000052305895224,0.0000329230133502,0.0000131612141558,0.00000931957765715,0.0000105194440039,0.00000917050510907,0.0000126641543829,0.00000794391507952,0.00000711846041668,0.00000317107605952,0.00000367573102267,0.00000404253933084,0.00000250449352279,0.00000256211751548,0.0000037703741782,0.00000563069397685,0.00000537397500011,0.00000472688725495,0.00000394177095586,0.00000519649029229,0.0000048359511311,0.00000383979522667,0.00000301024715554,0.00000249808567787,0.00000174201795744],"median":[0.0000622027728241,0.000165665100212,0.000424693047535,0.000511421938427,0.000097660747997,0.0000974095601123,0.000171005027369,0.000101875957625,0.0000444771212642,0.0000152325528688,0.0000113552341645,0.00000392086712964,0.00000497320343129,0.00000569035546505,0.00000584421468375,0.00000544748490938,0.00000483504845761,0.00000261118066192,0.00000194774474949,0.00000197508825295,0.0000015375392195,0.00000143985118939,0.00000166701840953,0.00000158770080816,7.81146866302e-7,8.09140090041e-7,8.16160195427e-7,5.05150183017e-7,3.15946294904e-7,2.98354166262e-7,3.20411174926e-7,4.01085884505e-7,3.95837389533e-7,3.38039626513e-7,3.08228010226e-7,4.65618796852e-7,3.81302783126e-7,2.30136492974e-7,1.30753420535e-7,9.15831463999e-8],"min":[1.04862136283e-24,5.00916321016e-25,7.56840745255e-25,5.71579325462e-25,8.53662377318e-25,9.57330730393e-25,2.08931585685e-24,1.95104135915e-24,2.18625029602e-24,1.43868261071e-24,2.42540294577e-24,2.63534466784e-24,2.52183054181e-24,3.00376420704e-24,2.19983112815e-24,2.14541076974e-24,2.39601787705e-24,3.18236468257e-24,3.9743459271e-24,3.72279632822e-24,3.75680057197e-24,4.1117540583e-24,3.59734456733e-24,3.30191576389e-24,5.41474756432e-24,3.9931125336e-24,3.67193294364e-24,4.13191260988e-24,3.6467402762e-24,4.3876814313e-24,5.16028904086e-24,4.03229367704e-24,4.95071039202e-24,4.61341595148e-24,5.52408802452e-24,5.30689805124e-24,6.17839489729e-24,4.80565031003e-24,5.56554897598e-24,5.87967181072e-24],"var":[8.6257472276e-8,0.00000116011494811,0.00000120145205074,0.00000180769279723,1.27461845523e-7,3.12318235274e-7,6.23851292403e-7,0.00000244563420893,0.00000188668377632,8.41976941501e-8,1.65519054462e-7,1.05461515076e-8,7.01273492609e-8,1.50861119153e-8,1.0056331945e-7,4.92596505808e-8,2.27262795249e-8,1.79508252707e-9,6.50168530125e-10,3.26831672837e-9,1.06018149815e-9,9.74862190972e-10,3.92295640417e-10,2.4068436133e-10,4.90829737965e-11,8.9447338425e-11,1.87167545351e-10,6.51602174995e-11,1.75583922402e-10,4.83873441315e-10,1.16377685266e-9,8.77062256155e-10,7.94935950399e-10,5.01808650188e-10,9.99450966432e-10,6.76653399978e-10,3.7822864285e-10,2.47015657928e-10,2.07221143023e-10,1.03450248368e-10]},"melbands_crest":{"dmean":3.10071897507,"dmean2":4.89529800415,"dvar":7.95744514465,"dvar2":19.7479419708,"max":31.5938186646,"mean":14.8344268799,"median":14.4587726593,"min":1.60277712345,"var":27.218126297},"melbands_flatness_db":{"dmean":0.0260008983314,"dmean2":0.037317506969,"dvar":0.000693800975569,"dvar2":0.00136808492243,"max":0.503859639168,"mean":0.22739033401,"median":0.233220010996,"min":0.00288637448102,"var":0.00593626545742},"melbands_kurtosis":{"dmean":9.526222229,"dmean2":14.7408733368,"dvar":259.655487061,"dvar2":598.055053711,"max":342.033050537,"mean":20.9499607086,"median":13.5248088837,"min":-1.89454388618,"var":628.477233887},"melbands_skewness":{"dmean":0.797342479229,"dmean2":1.19098818302,"dvar":0.803040862083,"dvar2":1.79865562916,"max":12.8275117874,"mean":2.84871673584,"median":2.60930371284,"min":-2.82137203217,"var":3.50372266769},"melbands_spread":{"dmean":7.88849687576,"dmean2":11.7918386459,"dvar":403.41583252,"dvar2":729.023742676,"max":263.021881104,"mean":21.8042964935,"median":9.73505115509,"min":0.708393990993,"var":1339.10974121},"mfcc":{"cov":[[12930.7695313,586.459899902,-272.895141602,-417.848876953,-541.398803711,-390.518096924,-223.70135498,62.4155349731,-242.249984741,74.298614502,64.9541320801,140.152740479,-102.217559814],[586.459899902,1908.7409668,-130.682281494,30.51039505,94.9538650513,-146.087478638,-42.4355430603,46.1098442078,-115.004188538,33.278263092,67.4695358276,30.266784668,29.9140167236],[-272.895141602,-130.682281494,669.09552002,117.357147217,-51.1217536926,120.074180603,-15.0137271881,-57.8612060547,13.253323555,42.2504119873,-6.74691486359,-23.5995121002,-33.17445755],[-417.848876953,30.51039505,117.357147217,405.980804443,209.886901855,94.6743240356,-36.7045135498,-34.731388092,56.8125038147,-16.7813739777,-52.1096038818,-29.4180850983,10.0558242798],[-541.398803711,94.9538650513,-51.1217536926,209.886901855,302.546478271,89.2056350708,-3.25711894035,-0.870630681515,49.299369812,-25.6551036835,-22.6404781342,8.81942653656,26.7399406433],[-390.518096924,-146.087478638,120.074180603,94.6743240356,89.2056350708,195.806854248,55.4222145081,-1.02670454979,36.9718894958,-28.7052116394,-10.9673662186,-11.0493087769,5.36962795258],[-223.70135498,-42.4355430603,-15.0137271881,-36.7045135498,-3.25711894035,55.4222145081,171.448760986,74.4898910522,19.4676094055,-7.26840305328,10.7524147034,15.616309166,22.3619709015],[62.4155349731,46.1098442078,-57.8612060547,-34.731388092,-0.870630681515,-1.02670454979,74.4898910522,141.018493652,43.4497070313,3.53741955757,6.66967868805,23.2453269958,35.0825996399],[-242.249984741,-115.004188538,13.253323555,56.8125038147,49.299369812,36.9718894958,19.4676094055,43.4497070313,134.225463867,25.815279007,-11.2077178955,4.35918998718,22.4533786774],[74.298614502,33.278263092,42.2504119873,-16.7813739777,-25.6551036835,-28.7052116394,-7.26840305328,3.53741955757,25.815279007,111.79473877,36.5522651672,3.14693164825,-9.7925195694],[64.9541320801,67.4695358276,-6.74691486359,-52.1096038818,-22.6404781342,-10.9673662186,10.7524147034,6.66967868805,-11.2077178955,36.5522651672,93.3359909058,30.3547706604,-5.8215174675],[140.152740479,30.266784668,-23.5995121002,-29.4180850983,8.81942653656,-11.0493087769,15.616309166,23.2453269958,4.35918998718,3.14693164825,30.3547706604,91.0032730103,39.4257125854],[-102.217559814,29.9140167236,-33.17445755,10.0558242798,26.7399406433,5.36962795258,22.3619709015,35.0825996399,22.4533786774,-9.7925195694,-5.8215174675,39.4257125854,101.815589905]],"icov":[[0.0000958387827268,-0.0000228626977332,0.0000544918802916,-0.0000392045913031,0.000199584363145,-0.0000291282940452,0.00017392168229,-0.000152506981976,0.000127798281028,-0.0000716957365512,0.000105859500763,-0.000260528817307,0.000159888586495],[-0.0000228626977332,0.000684721686412,-0.000054796168115,-0.000124496000353,-0.000521074864082,0.000585180416238,0.0000704966005287,-0.00049494067207,0.0008188370266,-0.000190680366359,-0.000511196209118,0.0002547801123,-0.000295443169307],[0.0000544918802916,-0.000054796168115,0.00229262793437,-0.00101360864937,0.0016634844942,-0.00199063261971,0.000438752584159,0.000381841207854,0.000238925393205,-0.0013064139057,0.000497129105497,-0.000717141432688,0.000485866388772],[-0.0000392045913031,-0.000124496000353,-0.00101360864937,0.00505805248395,-0.0033296039328,-0.000248958967859,0.000613093085121,0.000738303468097,-0.00114173220936,0.000170102124684,0.00124004960526,0.00132858171128,-0.000509481993504],[0.000199584363145,-0.000521074864082,0.0016634844942,-0.0033296039328,0.00754369655624,-0.00304193561897,0.000913847004995,0.0000278101306321,-0.000851963297464,0.0000196351611521,0.000525455863681,-0.00231211562641,0.00030838168459],[-0.0000291282940452,0.000585180416238,-0.00199063261971,-0.000248958967859,-0.00304193561897,0.0099689476192,-0.00360986753367,0.00115810194984,-0.00146926147863,0.00302799977362,-0.00190259271767,0.00184057885781,-0.000364497303963],[0.00017392168229,0.0000704966005287,0.000438752584159,0.000613093085121,0.000913847004995,-0.00360986753367,0.00957234669477,-0.00497750146315,0.00104153866414,-0.000292851007544,-0.000277483166428,-0.000743902695831,-0.000186282661161],[-0.000152506981976,-0.00049494067207,0.000381841207854,0.000738303468097,0.0000278101306321,0.00115810194984,-0.00497750146315,0.0121809476987,-0.00439599668607,0.000682382029481,-0.0000651972150081,-0.000318282400258,-0.00197394820862],[0.000127798281028,0.0008188370266,0.000238925393205,-0.00114173220936,-0.000851963297464,-0.00146926147863,0.00104153866414,-0.00439599668607,0.0120276389644,-0.00439372751862,0.00175217259675,-0.000443821103545,-0.00113744614646],[-0.0000716957365512,-0.000190680366359,-0.0013064139057,0.000170102124684,0.0000196351611521,0.00302799977362,-0.000292851007544,0.000682382029481,-0.00439372751862,0.0131631502882,-0.0056138811633,0.0015312677715,0.000526951509528],[0.000105859500763,-0.000511196209118,0.000497129105497,0.00124004960526,0.000525455863681,-0.00190259271767,-0.000277483166428,-0.0000651972150081,0.00175217259675,-0.0056138811633,0.0162699483335,-0.00618498492986,0.0027406392619],[-0.000260528817307,0.0002547801123,-0.000717141432688,0.00132858171128,-0.00231211562641,0.00184057885781,-0.000743902695831,-0.000318282400258,-0.000443821103545,0.0015312677715,-0.00618498492986,0.0171200465411,-0.0066559035331],[0.000159888586495,-0.000295443169307,0.000485866388772,-0.000509481993504,0.00030838168459,-0.000364497303963,-0.000186282661161,-0.00197394820862,-0.00113744614646,0.000526951509528,0.0027406392619,-0.0066559035331,0.0139725068584]],"mean":[-705.139709473,118.983581543,23.9576530457,14.6219549179,4.76849842072,-1.33103311062,-11.2717666626,-2.81213760376,-11.8190050125,-0.0717288181186,1.80302476883,4.13810157776,-4.03568744659]},"pitch_salience":{"dmean":0.0646668672562,"dmean2":0.100624799728,"dvar":0.00359562505037,"dvar2":0.00844048615545,"max":0.965937674046,"mean":0.549048364162,"median":0.550780773163,"min":0.119955100119,"var":0.0135397259146},"silence_rate_20dB":{"dmean":0,"dmean2":0,"dvar":0,"dvar2":0,"max":1,"mean":1,"median":1,"min":1,"var":0},"silence_rate_30dB":{"dmean":0,"dmean2":0,"dvar":0,"dvar2":0,"max":1,"mean":1,"median":1,"min":1,"var":0},"silence_rate_60dB":{"dmean":0.0386456288397,"dmean2":0.0773049667478,"dvar":0.0371538624167,"dvar2":0.0833900049329,"max":1,"mean":0.136299178004,"median":0,"min":0,"var":0.117722831666},"spectral_centroid":{"dmean":226.282669067,"dmean2":328.907348633,"dvar":209263.390625,"dvar2":351547.34375,"max":11611.6171875,"mean":1189.97949219,"median":659.335327148,"min":182.535140991,"var":3189811.25},"spectral_complexity":{"dmean":1.93157243729,"dmean2":3.02943253517,"dvar":4.94465875626,"dvar2":10.7856283188,"max":42,"mean":10.3738040924,"median":9,"min":0,"var":45.1559410095},"spectral_contrast_coeffs":{"dmean":[0.0465941540897,0.0469194687903,0.035904943943,0.0269714985043,0.0215011350811,0.0163931902498],"dmean2":[0.0737069994211,0.0728628784418,0.0563661828637,0.0429656095803,0.0338884741068,0.0257087685168],"dvar":[0.00154962879606,0.00191913440358,0.000949240289629,0.000488114310429,0.000361576589057,0.000215985259274],"dvar2":[0.00384112354368,0.00422619096935,0.00219525117427,0.00117281521671,0.000823812442832,0.000493577623274],"max":[-0.267354607582,-0.366448611021,-0.448889583349,-0.535616219044,-0.630407571793,-0.654812693596],"mean":[-0.582945525646,-0.65751773119,-0.755892336369,-0.783504366875,-0.797004818916,-0.805137693882],"median":[-0.577118515968,-0.658412337303,-0.764952123165,-0.78636932373,-0.799613595009,-0.804156422615],"min":[-0.97997713089,-0.990712463856,-0.986379563808,-0.983865499496,-0.974676132202,-0.965466916561],"var":[0.0104906158522,0.011953484267,0.00725705455989,0.00382361933589,0.00303925387561,0.00163149891887]},"spectral_contrast_valleys":{"dmean":[0.384295254946,0.368032693863,0.324004352093,0.268282562494,0.258717030287,0.298891931772],"dmean2":[0.618661880493,0.590763032436,0.506760656834,0.410257011652,0.370113641024,0.40336021781],"dvar":[0.115804642439,0.129789158702,0.102270595729,0.0739738643169,0.085647970438,0.125156462193],"dvar2":[0.265439063311,0.296324700117,0.207416206598,0.137109473348,0.159289553761,0.210770979524],"max":[-6.21220159531,-4.8971991539,-5.68767547607,-6.19392061234,-6.06313514709,-6.59828042984],"mean":[-8.39524555206,-7.83712768555,-8.72451210022,-8.93395137787,-8.8976726532,-10.7110891342],"median":[-7.8208231926,-7.22300291061,-8.19815254211,-8.4066619873,-8.36293125153,-10.2708816528],"min":[-28.2531337738,-28.3335552216,-27.7846260071,-27.7139987946,-27.5412330627,-27.4161434174],"var":[9.89729118347,10.5836935043,9.8376865387,9.65466403961,9.67949390411,8.2647600174]},"spectral_decrease":{"dmean":1.43121525742e-9,"dmean2":2.00430272379e-9,"dvar":3.60343987143e-18,"dvar2":7.74797166875e-18,"max":4.20073617055e-21,"mean":-4.91241225475e-9,"median":-3.64325236646e-9,"min":-2.62642654292e-8,"var":1.94315429606e-17},"spectral_energy":{"dmean":0.00593793438748,"dmean2":0.00829808879644,"dvar":0.0000620806167717,"dvar2":0.000135435402626,"max":0.107576929033,"mean":0.0202504340559,"median":0.0151092689484,"min":1.00093620101e-20,"var":0.000333038420649},"spectral_energyband_high":{"dmean":0.000739937589969,"dmean2":0.000927233370021,"dvar":0.0000131410988615,"dvar2":0.0000190902192116,"max":0.0929236337543,"mean":0.00118368212134,"median":0.000120129814604,"min":6.92146931845e-21,"var":0.0000340979640896},"spectral_energyband_low":{"dmean":0.000900967221241,"dmean2":0.00120170647278,"dvar":0.00000278129732578,"dvar2":0.00000485800819661,"max":0.0516970641911,"mean":0.00234202970751,"median":0.00112975481898,"min":5.96439665523e-24,"var":0.0000120428521768},"spectral_energyband_middle_high":{"dmean":0.00104104378261,"dmean2":0.00154314632528,"dvar":0.00000808837557997,"dvar2":0.0000206329223147,"max":0.0643990635872,"mean":0.00289232749492,"median":0.000618495512754,"min":1.14435893908e-21,"var":0.0000353805262421},"spectral_energyband_middle_low":{"dmean":0.00500027602538,"dmean2":0.00703182350844,"dvar":0.0000498738445458,"dvar2":0.000104893333628,"max":0.0859760418534,"mean":0.0143396900967,"median":0.00970741454512,"min":1.88629617623e-22,"var":0.00020305516955},"spectral_entropy":{"dmean":0.223154067993,"dmean2":0.315949559212,"dvar":0.0527147166431,"dvar2":0.09654481709,"max":9.82043647766,"mean":7.27046394348,"median":7.19757843018,"min":5.21219158173,"var":0.465632468462},"spectral_flux":{"dmean":0.018803441897,"dmean2":0.0296109784395,"dvar":0.000426071637776,"dvar2":0.00103511940688,"max":0.260770738125,"mean":0.0582176558673,"median":0.0476632639766,"min":6.35419009076e-11,"var":0.0017387525877},"spectral_kurtosis":{"dmean":1.45283102989,"dmean2":2.29861712456,"dvar":3.33722543716,"dvar2":8.30185127258,"max":44.1069984436,"mean":4.44248056412,"median":3.90884160995,"min":-1.25982570648,"var":13.3704957962},"spectral_rms":{"dmean":0.000622535357252,"dmean2":0.000849653326441,"dvar":4.63520706262e-7,"dvar2":8.96874269074e-7,"max":0.0102446619421,"mean":0.00394146516919,"median":0.00383936846629,"min":3.12493694116e-12,"var":0.00000422141556555},"spectral_rolloff":{"dmean":445.812927246,"dmean2":737.273742676,"dvar":1590227.75,"dvar2":3081823.25,"max":19961.2792969,"mean":1723.31262207,"median":581.396484375,"min":107.666015625,"var":11636827},"spectral_skewness":{"dmean":0.232221335173,"dmean2":0.340364158154,"dvar":0.05802969262,"dvar2":0.11167331785,"max":5.38209819794,"mean":1.70268535614,"median":1.74630951881,"min":-0.247276470065,"var":0.42474141717},"spectral_spread":{"dmean":648379.3125,"dmean2":977203.8125,"dvar":833371635712,"dvar2":1739119263740,"max":43077068,"mean":5981177,"median":4888460,"min":1779000.25,"var":32845017907200},"spectral_strongpeak":{"dmean":0.545695543289,"dmean2":0.881696999073,"dvar":1.09421849251,"dvar2":2.75195598602,"max":15.8512182236,"mean":1.17951261997,"median":0.602737724781,"min":0,"var":2.10548377037},"zerocrossingrate":{"dmean":0.0121815828606,"dmean2":0.0132923312485,"dvar":0.000467900536023,"dvar2":0.00039841918624,"max":0.52880859375,"mean":0.0647234022617,"median":0.03759765625,"min":0.00439453125,"var":0.00782493501902}},"metadata":{"audio_properties":{"analysis_sample_rate":44100,"bit_rate":320000,"codec":"mp3","downmix":"mix","equal_loudness":0,"length":130.977966309,"lossless":false,"md5_encoded":"9ca3f8c581018f0c80106a30a58e72c2","replay_gain":-5.58617591858,"sample_rate":44100},"tags":{"acoustid_id":["ffa67fb5-3ccb-456b-9490-c6beb0bccc35"],"album":["Kinda Kinks"],"albumartist":["The Kinks"],"albumartistsort":["Kinks, The"],"artist":["The Kinks"],"artistsort":["Kinks, The"],"asin":["B0001XLXE8"],"barcode":["5050749202628"],"catalognumber":["SMRCD026"],"composer":["Ray Davies"],"contentgroup":["Rock; R&B"],"date":["1965"],"discnumber":["1/1"],"file_name":"10. The Kinks ~ So Long.mp3","genre":["Rock; R&B"],"initialkey":["G m"],"label":["Sanctuary Midline"],"language":["eng"],"lyricist":["Ray Davies"],"media":["CD"],"mood":["Unknown"],"musicbrainz album release country":["GB"],"musicbrainz album status":["official"],"musicbrainz album type":["album"],"musicbrainz_albumartistid":["17b53d9f-5c63-4a09-a593-dde4608e0db9"],"musicbrainz_albumid":["7d3faf48-9450-388d-b524-095e08406696"],"musicbrainz_artistid":["17b53d9f-5c63-4a09-a593-dde4608e0db9"],"musicbrainz_recordingid":["9fa7d6a9-195d-4eb6-aa14-783164054b9f"],"musicbrainz_releasegroupid":["f0aeab3c-4084-33c6-a448-e30c6caf0fe0"],"musicbrainz_workid":["ed9e37dd-2757-478f-9c79-b70550884833"],"originaldate":["1965-03-05"],"originalyear":["1965"],"script":["Latn"],"title":["So Long"],"tracknumber":["10/23"],"work":["So Long"]},"version":{"essentia":"2.1-beta2","essentia_build_sha":"2d9f1f26377add8aeb1075a9c2973f962c4f09fd","essentia_git_sha":"v2.1_beta2-1-ge3940c0","extractor":"music 1.0"}},"rhythm":{"beats_count":238,"beats_loudness":{"dmean":0.0148362647742,"dmean2":0.025480857119,"dvar":0.000168102938915,"dvar2":0.000527270662133,"max":0.0825775712729,"mean":0.0249069221318,"median":0.0228975303471,"min":0,"var":0.00032556662336},