{"lowlevel":{"average_loudness":0.862482249737,"barkbands":{"dmean":[0.00446532014757,0.0109613640234,0.0028019156307,0.00124937284272,0.00150026823394,0.0013468983816,0.00179804768413,0.00074718950782,0.000715518719517,0.000738485250622,0.000772613624576,0.000740954652429,0.000445019919425,0.000617927929852,0.000376450771,0.000351930706529,0.000241887217271,0.000195978485863,0.000130807369715,0.000105248502223,0.0000662240563543,0.0000369029039575,0.0000218987679546,0.00000718616411177,0.00000267326754511,0.0000200971844606,0.000301552703604],"dmean2":[0.00786521472037,0.0187359061092,0.0047101797536,0.00212432607077,0.00244230986573,0.002106040949,0.00261308532208,0.00120613747276,0.0011712196283,0.00121859728824,0.00128262676299,0.00124069303274,0.000754279491957,0.00104820798151,0.000648166635074,0.000596316589508,0.000418576120865,0.00034400910954,0.000219112931518,0.000160074414453,0.0000999931216938,0.0000552877208975,0.0000328582282236,0.000011483461094,0.00000443965836894,0.000029970660762,0.000474896893138],"dvar":[0.000100830729934,0.000332207855536,0.0000194539370568,0.00000384597660741,0.00000955271298153,0.00000865748279466,0.0000159365554282,0.00000215214208765,0.00000137042661663,0.00000162515505053,0.00000131207389131,0.00000111206406928,6.14789087194e-7,5.93425852458e-7,2.21598256189e-7,2.05313767765e-7,1.42039127127e-7,1.4555284622e-7,6.00217688884e-8,7.37245287041e-8,2.76160321278e-8,3.86900378402e-9,1.13878995123e-9,1.39754943729e-10,1.78062946332e-11,8.86409612377e-10,1.04917646127e-7],"dvar2":[0.000266889197519,0.00089479208691,0.0000521207330166,0.0000103947522803,0.0000234782837651,0.0000193343821593,0.0000291949272651,0.00000517117268828,0.00000316626687891,0.00000427438226325,0.00000336357902597,0.00000296807797895,0.00000161055163517,0.00000160608362876,6.22263939931e-7,5.66402832192e-7,4.00188355343e-7,4.15628562678e-7,1.55884194442e-7,1.4836436435e-7,5.48864491634e-8,7.3777504106e-9,2.57185317487e-9,3.51070811311e-10,4.48202724934e-11,1.97203275931e-9,2.64490097379e-7],"max":[0.101113557816,0.208116576076,0.052932176739,0.0374490134418,0.0377218350768,0.063989803195,0.0936372280121,0.0430071242154,0.0259832367301,0.0265057552606,0.023127336055,0.0237157400697,0.0204099267721,0.0128344120458,0.00688987737522,0.00547499815002,0.00483190827072,0.00634814845398,0.00503870751709,0.0072682145983,0.00418834621087,0.00169912155252,0.000925490516238,0.000197227564058,0.0000569630719838,0.000480954389786,0.00599890202284],"mean":[0.00397816952318,0.0144066056237,0.00354944379069,0.00164444744587,0.0018330150051,0.00220863916911,0.00443852832541,0.00126919418108,0.00121196371038,0.00113472377416,0.00126896437723,0.00133817619644,0.000739045848604,0.00111603515688,0.000694915652275,0.00064231059514,0.000424213794759,0.000301071850117,0.000243723654421,0.000204055409995,0.00013368249347,0.0000809732737252,0.0000413423622376,0.0000096929989013,0.0000027678402148,0.0000363156286767,0.00124559458345],"median":[0.00128503539599,0.00906421244144,0.00196644663811,0.000889801769517,0.00081787473755,0.00111156108323,0.00114899897017,0.00058989028912,0.000743142911233,0.000665494357236,0.000768694269937,0.00094783375971,0.000496991793625,0.000879314786289,0.000571502721868,0.000515650841407,0.000333063799189,0.000224542163778,0.000168860220583,0.000102982914541,0.0000736093134037,0.0000518683664268,0.0000245700466621,0.00000553963764105,0.00000119296350931,0.0000220630026888,0.00123491021805],"min":[1.528865288e-24,2.03509014987e-24,1.4767674347e-24,3.17355216948e-25,8.67711418116e-24,1.23811750629e-23,9.68917223546e-24,5.00171932144e-24,1.62158389672e-23,1.8126679383e-23,1.44339252446e-23,2.12053021512e-23,1.67741868273e-23,3.3393797938e-23,5.10894973649e-23,5.81843293307e-23,8.49451607411e-23,8.22353982882e-23,1.45422834941e-22,1.79591114428e-22,2.15906408241e-22,3.21036853473e-22,3.97424236544e-22,5.01760014854e-22,8.98503937753e-22,1.29121702124e-21,1.89115217677e-21],"var":[0.0000771601335146,0.000333921459969,0.000023556933229,0.00000530328816239,0.0000101028672361,0.0000163488912222,0.000119783006085,0.00000468301459478,0.00000267984069069,0.00000273116779681,0.00000238942993747,0.0000020468371531,9.90516127786e-7,0.0000011238460047,3.6292433947e-7,3.50600544152e-7,1.81535895649e-7,1.33917794187e-7,9.70579918658e-8,2.10195494788e-7,7.76541497771e-8,1.24819541369e-8,2.56326249115e-9,1.63669813813e-10,1.92435685442e-11,1.78527970185e-9,6.40364191895e-7]},"barkbands_crest":{"dmean":2.83757543564,"dmean2":4.62033033371,"dvar":6.27884197235,"dvar2":16.2691898346,"max":24.7528400421,"mean":9.84584140778,"median":9.1257982254,"min":2.57099080086,"var":18.4412384033},"barkbands_flatness_db":{"dmean":0.0250873025507,"dmean2":0.0400280691683,"dvar":0.000638515863102,"dvar2":0.00162111024838,"max":0.508778512478,"mean":0.121712870896,"median":0.1097112149,"min":0.0301161687821,"var":0.00298481108621},"barkbands_kurtosis":{"dmean":4.11339950562,"dmean2":6.76059961319,"dvar":74.672164917,"dvar2":191.006225586,"max":191.869491577,"mean":6.40657567978,"median":2.84039545059,"min":-1.85791790485,"var":171.835357666},"barkbands_skewness":{"dmean":0.639566481113,"dmean2":1.03310000896,"dvar":0.61257237196,"dvar2":1.59656381607,"max":11.232175827,"mean":1.83817315102,"median":1.62631356716,"min":-3.75385308266,"var":1.50764715672},"barkbands_spread":{"dmean":7.9341506958,"dmean2":12.5251045227,"dvar":67.3804855347,"dvar2":161.639633179,"max":119.682937622,"mean":33.2130126953,"median":32.891746521,"min":0.165701240301,"var":270.546051025},"dissonance":{"dmean":0.0167752150446,"dmean2":0.0282583013177,"dvar":0.000343276449712,"dvar2":0.000900603539776,"max":0.500000119209,"mean":0.470280855894,"median":0.479267418385,"min":0.181503891945,"var":0.00102001917548},"dynamic_complexity":2.3225505352,"erbbands":{"dmean":[0.539016008377,1.78518748283,3.5498919487,3.21113228798,4.56520795822,5.96075963974,5.5378074646,13.1013565063,19.3072242737,30.6288299561,16.1942062378,14.2346200943,20.8837490082,19.4903354645,29.8236618042,28.094543457,18.8848762512,27.4153137207,22.4719295502,17.0047569275,18.8748340607,13.553068161,11.0775880814,7.94836950302,5.91697025299,4.82377195358,3.62305855751,1.98871910572,1.35207545757,1.05692195892,0.561921060085,0.238370090723,0.0824860930443,0.0317457020283,0.0188625566661,0.0190653130412,0.0405109450221,0.0516703613102,0.0193256381899,0.00626299716532],"dmean2":[0.933537304401,3.03357172012,5.91919517517,5.44462203979,7.4691734314,9.88651180267,8.84260845184,20.4384841919,30.1917552948,43.4525909424,26.5356273651,23.2389202118,34.7611083984,31.7217693329,49.8418769836,47.3568000793,31.7458267212,46.3541145325,38.5172309875,29.1707935333,32.2410240173,23.5304927826,19.4515571594,13.6435222626,9.69856357574,7.40270709991,5.39021253586,3.04696536064,2.04804897308,1.58062911034,0.843986213207,0.369349092245,0.135816276073,0.0526938177645,0.0312961898744,0.0310034099966,0.060365781188,0.0752507895231,0.0279330573976,0.00984188821167],"dvar":[1.15601062775,7.14946985245,31.6469020844,22.7918453217,58.4038124084,226.928695679,114.353378296,914.900085449,1804.53356934,6945.13769531,848.089904785,559.371826172,1224.52001953,934.801269531,2137.59545898,1603.63952637,1093.47644043,1223.41589355,783.441101074,476.342895508,626.117248535,445.662994385,442.5574646,250.595962524,127.749954224,168.341629028,110.282936096,18.4256706238,5.48656082153,2.84695100784,0.767619550228,0.139747083187,0.0224363300949,0.00241582212038,0.00087169080507,0.00104777596425,0.00378915830515,0.00580808427185,0.000878322520293,0.0000457894566352],"dvar2":[3.08688950539,19.6518039703,83.5441513062,61.5284385681,146.74156189,573.39642334,254.510101318,2031.40673828,4383.24267578,11685.9072266,2155.40332031,1250.11230469,3182.90551758,2350.57739258,5588.31005859,4320.86767578,2806.3527832,3320.32885742,2132.0402832,1318.9675293,1716.0802002,1253.17480469,1256.0078125,702.770812988,307.745178223,359.590606689,214.955993652,37.0552864075,10.9578180313,5.82902050018,1.7589840889,0.340114295483,0.0570437610149,0.0060499291867,0.00219678226858,0.00260949973017,0.00857637356967,0.0122081097215,0.00166629278101,0.000114853537525],"max":[11.3670454025,41.2706947327,79.7130584717,105.479148865,137.509643555,182.752410889,543.370727539,686.977539062,987.238525391,2232.36791992,745.091125488,659.722229004,742.658569336,591.90625,1055.43469238,1023.22961426,1086.43652344,505.333099365,489.866149902,293.541625977,321.144561768,290.769805908,391.997833252,262.906585693,332.072570801,318.896453857,266.550811768,113.265342712,63.5599746704,43.5597114563,27.2608966827,7.62146997452,2.87450766563,0.708710551262,0.381885051727,0.671928226948,0.961361944675,1.53460764885,0.874268293381,0.152521640062],"mean":[0.615482985973,2.39671039581,4.66193246841,4.55395889282,6.3377904892,6.19273090363,8.83761405945,21.4154052734,36.2326469421,81.8870239258,28.8945102692,25.3347301483,33.5035400391,36.2406539917,55.3813514709,53.5523757935,35.5262756348,50.388381958,45.1827964783,34.2703552246,34.804019928,24.6729011536,17.4342784882,14.0426864624,11.5969772339,9.38754177094,6.87704610825,4.27230739594,2.97574162483,2.11222934723,1.04256987572,0.373101234436,0.0933242589235,0.0339774787426,0.0199850164354,0.0230355970562,0.0721355602145,0.120923906565,0.0636056438088,0.034554861486],"median":[0.27649217844,1.54824900627,2.67479515076,2.83225917816,3.15360212326,2.15581798553,4.98503684998,10.1267719269,14.6585845947,14.2983646393,16.3838195801,16.5683288574,21.0810947418,24.6431484222,40.1245880127,40.2581863403,26.5700588226,39.4061889648,38.9057121277,29.0490131378,28.3577613831,19.6575336456,13.2689533234,10.3050861359,7.72113323212,4.72295379639,3.16518783569,2.61614274979,1.94527649879,1.24521076679,0.61827814579,0.221643105149,0.0448468700051,0.0154163148254,0.00896898750216,0.0123213753104,0.0434227995574,0.0792310833931,0.0529648140073,0.0357100702822],"min":[7.91431140268e-23,5.16728732572e-22,4.19929102786e-21,6.91603529113e-21,1.59106736796e-20,2.66801823609e-20,3.99770638557e-20,1.37072913562e-19,1.60922210833e-19,2.18653459303e-19,1.74928071738e-19,3.22755095821e-19,5.05853669909e-19,7.02163016314e-19,7.50106559714e-19,1.210129564e-18,8.32884384768e-19,2.13292367337e-18,2.32005281424e-18,2.69807828328e-18,3.29455656863e-18,4.84865109579e-18,4.24060965265e-18,5.546858948e-18,8.56744378518e-18,9.53918744467e-18,7.76735333769e-18,1.02891830071e-17,9.5446600716e-18,1.08102091857e-17,1.01873223321e-17,1.13010035672e-17,9.90550768766e-18,8.73670561802e-18,7.26717376489e-18,4.66237663929e-18,2.24207573866e-18,9.96102163972e-19,2.27818568792e-19,2.57965256689e-20],"var":[0.995465636253,8.28366947174,39.7143173218,31.7292366028,83.9214782715,199.697860718,198.147964478,1844.12145996,4202.79492188,62090.828125,1528.25036621,1149.08483887,1973.91101074,1893.76171875,3806.51489258,2998.07299805,1857.27880859,2359.83276367,1497.69885254,836.552490234,1015.20263672,582.203125,415.97442627,288.222625732,263.244567871,442.607757568,308.106292725,53.5592918396,17.0629005432,8.0297794342,1.59810423851,0.209050104022,0.0220592860132,0.00266417069361,0.000948329630774,0.00112179492135,0.00711130676791,0.0177702549845,0.00418836995959,0.000403857644415]},"erbbands_crest":{"dmean":2.23382425308,"dmean2":3.58378195763,"dvar":5.06189966202,"dvar2":11.9093379974,"max":33.2357940674,"mean":8.37003326416,"median":6.62617111206,"min":2.34120082855,"var":27.2876968384},"erbbands_flatness_db":{"dmean":0.0191218089312,"dmean2":0.0289621241391,"dvar":0.000356578617357,"dvar2":0.0007987555,"max":0.515058159828,"mean":0.144989058375,"median":0.134966537356,"min":0.0327510870993,"var":0.00243504345417},"erbbands_kurtosis":{"dmean":1.27003931999,"dmean2":1.9955984354,"dvar":17.6908969879,"dvar2":39.8791809082,"max":188.856933594,"mean":1.55165958405,"median":0.29028403759,"min":-1.63779056072,"var":61.1931648254},"erbbands_skewness":{"dmean":0.360437780619,"dmean2":0.561435222626,"dvar":0.163727551699,"dvar2":0.372620046139,"max":9.39378261566,"mean":0.125705391169,"median":-0.0284560136497,"min":-4.35381937027,"var":0.941664636135},"erbbands_spread":{"dmean":5.55049753189,"dmean2":8.6745300293,"dvar":31.556842804,"dvar2":74.8458938599,"max":130.941848755,"mean":27.1712799072,"median":25.4637546539,"min":0.336131602526,"var":147.326522827},"gfcc":{"cov":[[21871.7695312,666.554443359,-1953.75256348,46.3318328857,380.273345947,-261.744384766,654.794067383,-254.712539673,463.801330566,11.1624479294,86.0260620117,272.584686279,-259.053039551],[666.554443359,739.834655762,-9.6545715332,-259.294494629,30.7980232239,-20.4975395203,-70.3250579834,-10.7480812073,29.4878177643,-2.79796481133,35.7845344543,-68.9405899048,73.1734237671],[-1953.75256348,-9.6545715332,537.47088623,162.251037598,-66.1543045044,109.113563538,-124.17389679,75.6019744873,-93.0849380493,-1.99514007568,-24.1871185303,-16.2035827637,20.1026477814],[46.3318328857,-259.294494629,162.251037598,426.387817383,74.4860916138,9.8169670105,82.599647522,-21.9870109558,-52.8173141479,-30.8229255676,-43.3359947205,40.9153060913,-51.5798187256],[380.273345947,30.7980232239,-66.1543045044,74.4860916138,236.177566528,61.0089454651,99.4367523193,-12.6949634552,40.8725662231,-23.9613323212,6.13154792786,13.9675197601,-2.2597694397],[-261.744384766,-20.4975395203,109.113563538,9.8169670105,61.0089454651,182.417144775,-18.0432567596,59.7617301941,-33.6039848328,11.6801433563,-2.19169735909,-8.88892173767,23.7812404633],[654.794067383,-70.3250579834,-124.17389679,82.599647522,99.4367523193,-18.0432567596,225.102386475,-15.1930351257,93.9480056763,-3.67154717445,7.13718748093,46.3441085815,-42.455619812],[-254.712539673,-10.7480812073,75.6019744873,-21.9870109558,-12.6949634552,59.7617301941,-15.1930351257,145.556671143,29.1019248962,39.3606262207,13.6905088425,-16.0006217957,27.4524421692],[463.801330566,29.4878177643,-93.0849380493,-52.8173141479,40.8725662231,-33.6039848328,93.9480056763,29.1019248962,152.048797607,42.6195869446,29.2709636688,33.1755828857,-25.9036521912],[11.1624479294,-2.79796481133,-1.99514007568,-30.8229255676,-23.9613323212,11.6801433563,-3.67154717445,39.3606262207,42.6195869446,85.8246002197,47.6190338135,5.81642341614,17.9754810333],[86.0260620117,35.7845344543,-24.1871185303,-43.3359947205,6.13154792786,-2.19169735909,7.13718748093,13.6905088425,29.2709636688,47.6190338135,71.4440536499,29.6114025116,16.6960678101],[272.584686279,-68.9405899048,-16.2035827637,40.9153060913,13.9675197601,-8.88892173767,46.3441085815,-16.0006217957,33.1755828857,5.81642341614,29.6114025116,84.0712585449,-6.97003555298],[-259.053039551,73.1734237671,20.1026477814,-51.5798187256,-2.2597694397,23.7812404633,-42.455619812,27.4524421692,-25.9036521912,17.9754810333,16.6960678101,-6.97003555298,84.2999038696]],"icov":[[0.000113591027912,-0.000350484275259,0.000665031257086,-0.000449206272606,0.000237846077653,-0.000332719850121,0.000135138616315,-0.000175146909896,-0.0000515752581123,-0.0000958257223829,0.000185890108696,-0.000499110552482,0.000371685047867],[-0.000350484275259,0.00355348014273,-0.00290738698095,0.00251856329851,-0.00138322776183,0.00147938367445,-0.000233659986407,0.00182169745676,-0.00161849509459,0.00238974951208,-0.00299162557349,0.00439239526168,-0.00314374011941],[0.000665031257086,-0.00290738698095,0.00802990049124,-0.00583225861192,0.00389967509545,-0.00496747018769,0.00311263930053,-0.00207048770972,-0.00176764733624,0.00155428145081,-0.00020347534155,-0.00262805284001,0.0017800591886],[-0.000449206272606,0.00251856329851,-0.00583225861192,0.00962113775313,-0.00624277116731,0.00609136233106,-0.00402061454952,-0.000803603732493,0.00813648011535,-0.0068181687966,0.00643969280645,-0.00334298517555,0.0024643226061],[0.000237846077653,-0.00138322776183,0.00389967509545,-0.00624277116731,0.011931293644,-0.00839496403933,-0.000057248496887,0.00286109535955,-0.00891827326268,0.010501534678,-0.00836676824838,0.00499861268327,-0.00399986002594],[-0.000332719850121,0.00147938367445,-0.00496747018769,0.00609136233106,-0.00839496403933,0.0139464186504,-0.00231571542099,-0.00468875933439,0.00983608234674,-0.00899993721396,0.0070927310735,-0.00396645674482,0.00201515713707],[0.000135138616315,-0.000233659986407,0.00311263930053,-0.00402061454952,-0.000057248496887,-0.00231571542099,0.0104623287916,0.000517249689437,-0.00741758942604,0.00388978095725,-0.00206193700433,-0.000558169092983,0.000421701901359],[-0.000175146909896,0.00182169745676,-0.00207048770972,-0.000803603732493,0.00286109535955,-0.00468875933439,0.000517249689437,0.0133640058339,-0.00874588359147,0.00306763825938,-0.00508052343503,0.00783077999949,-0.00649741152301],[-0.0000515752581123,-0.00161849509459,-0.00176764733624,0.00813648011535,-0.00891827326268,0.00983608234674,-0.00741758942604,-0.00874588359147,0.0276454593986,-0.0202502608299,0.0139310956001,-0.0139641016722,0.0116440746933],[-0.0000958257223829,0.00238974951208,0.00155428145081,-0.0068181687966,0.010501534678,-0.00899993721396,0.00388978095725,0.00306763825938,-0.0202502608299,0.0396553948522,-0.029238415882,0.0162925235927,-0.0106711871922],[0.000185890108696,-0.00299162557349,-0.00020347534155,0.00643969280645,-0.00836676824838,0.0070927310735,-0.00206193700433,-0.00508052343503,0.0139310956001,-0.029238415882,0.0427634194493,-0.0219771973789,0.00577628845349],[-0.000499110552482,0.00439239526168,-0.00262805284001,-0.00334298517555,0.00499861268327,-0.00396645674482,-0.000558169092983,0.00783077999949,-0.0139641016722,0.0162925235927,-0.0219771973789,0.0301394201815,-0.0092637417838],[0.000371685047867,-0.00314374011941,0.0017800591886,0.0024643226061,-0.00399986002594,0.00201515713707,0.000421701901359,-0.00649741152301,0.0116440746933,-0.0106711871922,0.00577628845349,-0.0092637417838,0.022412782535]],"mean":[12.682258606,90.2995147705,-97.5031280518,-6.38622045517,-8.04998397827,-16.1695842743,5.84394216537,-18.6328334808,8.14609527588,-5.80112123489,-3.6729362011,1.7773399353,-10.8583450317]},"hfc":{"dmean":38.4520149231,"dmean2":62.4861488342,"dvar":1913.67578125,"dvar2":4953.96142578,"max":783.659545898,"mean":192.246765137,"median":189.829650879,"min":1.07885812251e-16,"var":11124.9833984},"melbands":{"dmean":[0.00389969768003,0.00194466125686,0.000577165279537,0.000377138581825,0.000195233471459,0.000292730517685,0.00030240684282,0.000291323813144,0.000139654264785,0.0000889698494575,0.000110580185719,0.00008424189582,0.000110310284072,0.000087863751105,0.0000709650703357,0.0000369226108887,0.0000577994323976,0.0000426952283306,0.0000287800085061,0.0000228215685638,0.0000231988851738,0.0000150720534293,0.0000123442696349,0.00000926167467696,0.00000669078463034,0.00000499747466165,0.00000400646831622,0.00000336510697707,0.0000026775517199,0.00000167764221715,0.00000110345399662,7.9702073208e-7,7.78658147738e-7,5.48423429336e-7,3.56287756631e-7,2.50612117725e-7,1.10100536688e-7,6.35537418248e-8,3.81840621344e-8,2.40246773586e-8],"dmean2":[0.00674617383629,0.00323988683522,0.000967521220446,0.000614670163486,0.000312262156513,0.000457124901004,0.000461199699203,0.000417434552219,0.0002322850778,0.000145601938129,0.000183853291674,0.000137018374517,0.000183777374332,0.000147470680531,0.00012068493379,0.0000621006402071,0.0000980788463494,0.0000731054897187,0.0000496895809192,0.0000389035740227,0.0000397162584704,0.0000260235046881,0.0000215927811951,0.0000162555752468,0.0000115032817121,0.00000834139427752,0.00000640743382974,0.00000518181741427,0.00000403868034482,0.00000262792332251,0.00000174381523266,0.00000124545181279,0.00000118182526876,8.40050461193e-7,5.42565885553e-7,3.90544471429e-7,1.74742595505e-7,1.05539456285e-7,6.33709973386e-8,4.00034565473e-8],"dvar":[0.000054245650972,0.00000852288849273,6.78385049468e-7,5.96987263179e-7,1.35015696401e-7,4.23353952783e-7,3.87019241543e-7,5.80114374316e-7,5.99220726372e-8,2.16563851296e-8,3.43082966481e-8,1.86827389115e-8,2.76130425192e-8,1.64849804918e-8,1.78339654155e-8,3.74879371989e-9,5.34831201549e-9,2.91035107125e-9,1.36446898225e-9,9.65283963872e-10,9.62286472728e-10,5.04039365801e-10,4.89188745068e-10,3.37813887974e-10,1.739523664e-10,8.64341515028e-11,6.97299301633e-11,1.01197161761e-10,6.84350978664e-11,1.76980166633e-11,5.35728145873e-12,2.08626800731e-12,1.64208349609e-12,7.77208592623e-13,3.06678944392e-13,1.76042082929e-13,3.28533790342e-14,1.47496252679e-14,4.18784058199e-15,1.48633688755e-15],"dvar2":[0.000144994075526,0.0000228172066272,0.00000181668940513,0.0000014694417132,3.11747442083e-7,9.5332040928e-7,8.88073941496e-7,9.99979988592e-7,1.51926570879e-7,4.9307022465e-8,8.92559413046e-8,4.76891734991e-8,7.16334156436e-8,4.36268692283e-8,4.7029136141e-8,9.68895186304e-9,1.45449670086e-8,7.89435539161e-9,3.83449672015e-9,2.66623056966e-9,2.64082022916e-9,1.4195008502e-9,1.38460110044e-9,9.68858993033e-10,4.86403917144e-10,2.21274124024e-10,1.60166491181e-10,2.25834920209e-10,1.3822863687e-10,3.90757599888e-11,1.14014526986e-11,4.4811047234e-12,3.36321985886e-12,1.72329565982e-12,7.12986202196e-13,4.31462564244e-13,8.19852066553e-14,3.78230534729e-14,1.06483942283e-14,3.75228692315e-15],"max":[0.080739043653,0.0420285649598,0.0155918989331,0.00869722850621,0.0141572346911,0.0138586396351,0.0129708126187,0.0200155228376,0.0052401884459,0.0035380104091,0.00383414328098,0.00269809132442,0.00340943364426,0.00279184430838,0.00552244624123,0.00183928571641,0.000839133863337,0.00108549231663,0.000426595361205,0.000441693235189,0.000391868816223,0.000277318584267,0.000390919827623,0.000306742382236,0.000212547034607,0.000240778652369,0.000202879877179,0.000256799336057,0.0002303061774,0.000132849294459,0.0000674507100484,0.0000407303923566,0.000039407863369,0.0000179691251105,0.000016562114979,0.0000137883971547,0.00000284461339106,0.00000245857881964,9.26167388116e-7,4.86710064251e-7],"mean":[0.00476386211812,0.00273820362054,0.000886960537173,0.000453011482023,0.000293896882795,0.000490708975121,0.000629548099823,0.00075399572961,0.000219053239562,0.00015286859707,0.000171599924215,0.00014670562814,0.000188832345884,0.00015472486848,0.000119264310342,0.0000624531676294,0.000100928889879,0.0000784921503509,0.0000515745414305,0.0000421626500611,0.0000396802533942,0.00002621697422,0.0000182755848073,0.0000138586137837,0.0000111059580377,0.00000889731472853,0.00000756623330744,0.00000591417347096,0.00000468047574032,0.00000314305407301,0.00000223014831136,0.00000167133987361,0.00000151142103277,0.00000102760770915,6.37763264422e-7,4.03208900934e-7,1.49800868599e-7,6.60226575633e-8,3.9324461909e-8,2.43899425101e-8],"median":[0.00264192884788,0.00177846220322,0.000568419112824,0.000191738887224,0.000163171585882,0.000242489069933,0.000227108655963,0.000136914692121,0.00013298727572,0.0000987653329503,0.000104115868453,0.0000939042220125,0.000123290185002,0.000107276384369,0.0000813992592157,0.0000437278213212,0.0000762413037592,0.0000636452750769,0.0000416800976382,0.0000330642724293,0.0000313009368256,0.0000205519791052,0.0000131871765916,0.0000101784407889,0.00000771007034928,0.00000599014583713,0.00000458644080936,0.00000259437319983,0.00000188932597212,0.00000169916279447,0.00000139226324336,0.0000010943037978,8.75215732776e-7,5.98996052759e-7,3.73953497501e-7,2.27045731549e-7,8.48361167982e-8,2.74631641872e-8,1.62275615168e-8,1.0020563046e-8],"min":[5.88249435504e-25,2.32872251981e-24,1.5616177081e-24,2.03538242283e-24,2.1517737218e-24,3.48834016187e-24,2.48548062016e-24,2.31036592376e-24,1.51601365917e-24,2.02368361561e-24,2.15129429159e-24,2.80804899975e-24,2.18986091238e-24,2.52259218701e-24,1.3955735316e-24,2.16689973523e-24,3.0066494658e-24,3.2186509037e-24,3.04163919404e-24,3.1624420004e-24,3.47510899234e-24,4.59599159181e-24,2.7868104976e-24,3.6359186823e-24,4.36399233275e-24,5.48568982553e-24,4.49927842812e-24,4.89400628129e-24,4.34568799873e-24,4.53331738175e-24,5.51393775126e-24,5.10423219051e-24,5.60478336753e-24,4.36858508094e-24,5.54456369818e-24,4.91378933507e-24,6.23965349646e-24,5.80708004136e-24,7.01076305916e-24,6.80114062854e-24],"var":[0.0000480882954434,0.0000111486033347,0.00000105406707007,6.32999444861e-7,2.05138704246e-7,8.40564723603e-7,0.00000138782274917,0.00000502298507854,9.32456529767e-8,4.2245499543e-8,5.57247723521e-8,3.52898155143e-8,4.89761831091e-8,2.88379258251e-8,2.5563089423e-8,6.01690697266e-9,9.87139170405e-9,5.17995957239e-9,2.07885952896e-9,1.59947821654e-9,1.44144185477e-9,6.83466616636e-10,4.70096683802e-10,3.03251951328e-10,1.98363381276e-10,1.43216799531e-10,1.63221422489e-10,2.31749300306e-10,1.7558914045e-10,4.17374988737e-11,1.3706089215e-11,5.65576188313e-12,4.56762969461e-12,1.88326546198e-12,6.17229466322e-13,2.7004695138e-13,3.96586687372e-14,1.37599062325e-14,4.26507982239e-15,1.57846516721e-15]},"melbands_crest":{"dmean":4.85608720779,"dmean2":7.98557138443,"dvar":20.1233997345,"dvar2":51.7032661438,"max":37.5630149841,"mean":16.344367981,"median":15.6611042023,"min":1.12788772583,"var":43.2736930847},"melbands_flatness_db":{"dmean":0.0334486626089,"dmean2":0.053391546011,"dvar":0.000977748655714,"dvar2":0.00248597632162,"max":0.662669062614,"mean":0.22840026021,"median":0.220392331481,"min":0.0000418136005464,"var":0.00473824702203},"melbands_kurtosis":{"dmean":6.78027820587,"dmean2":11.2473621368,"dvar":175.111785889,"dvar2":450.521911621,"max":298.994628906,"mean":9.69226169586,"median":4.00696086884,"min":-1.892182827,"var":334.648162842},"melbands_skewness":{"dmean":0.845116496086,"dmean2":1.36155724525,"dvar":0.911135971546,"dvar2":2.34846067429,"max":13.9280176163,"mean":2.23028850555,"median":1.87367272377,"min":-2.8505256176,"var":2.44870209694},"melbands_spread":{"dmean":6.88371086121,"dmean2":11.0255947113,"dvar":62.676776886,"dvar2":143.581298828,"max":170.07359314,"mean":23.088973999,"median":20.6812973022,"min":0.381777137518,"var":308.542938232},"mfcc":{"cov":[[9098.53417969,666.794494629,-1153.81213379,552.310058594,-238.854187012,470.416534424,-33.8962974548,437.890625,-21.1599655151,238.985122681,150.272262573,165.23991394,74.818572998],[666.794494629,1053.2746582,-98.3272476196,-218.833724976,64.2531814575,-36.5010147095,-28.8836650848,-65.2477416992,49.0038871765,0.167698562145,15.1406641006,21.0119380951,53.0689811707],[-1153.81213379,-98.3272476196,571.187194824,-3.44780540466,104.353294373,-78.906539917,28.6829872131,-61.6234016418,-7.88509654999,-45.0627937317,-28.4440059662,-33.0475387573,-32.9144477844],[552.310058594,-218.833724976,-3.44780540466,424.942932129,-44.880443573,123.03553772,9.90773868561,103.050834656,-35.5204086304,27.5557918549,-11.953915596,-10.1847543716,-30.3000125885],[-238.854187012,64.2531814575,104.353294373,-44.880443573,207.237609863,3.62758779526,63.2862167358,-13.169049263,29.0154857635,-23.9726467133,5.29184770584,-8.63276004791,-22.2818050385],[470.416534424,-36.5010147095,-78.906539917,123.03553772,3.62758779526,185.696456909,35.1372108459,81.0064163208,-17.9749450684,24.3293190002,-7.88880825043,4.03368806839,-11.5672683716],[-33.8962974548,-28.8836650848,28.6829872131,9.90773868561,63.2862167358,35.1372108459,118.688514709,12.1143398285,27.669675827,-9.19406700134,-1.42498755455,-8.48448562622,-7.19845151901],[437.890625,-65.2477416992,-61.6234016418,103.050834656,-13.169049263,81.0064163208,12.1143398285,152.442367554,14.2618818283,37.4289245605,19.0090084076,8.0845413208,-13.5158748627],[-21.1599655151,49.0038871765,-7.88509654999,-35.5204086304,29.0154857635,-17.9749450684,27.669675827,14.2618818283,92.1636505127,32.125995636,21.3632640839,5.62616014481,10.4477586746],[238.985122681,0.167698562145,-45.0627937317,27.5557918549,-23.9726467133,24.3293190002,-9.19406700134,37.4289245605,32.125995636,84.5648269653,29.7005081177,23.0346717834,9.30042266846],[150.272262573,15.1406641006,-28.4440059662,-11.953915596,5.29184770584,-7.88880825043,-1.42498755455,19.0090084076,21.3632640839,29.7005081177,78.3611068726,32.4993171692,22.0524520874],[165.23991394,21.0119380951,-33.0475387573,-10.1847543716,-8.63276004791,4.03368806839,-8.48448562622,8.0845413208,5.62616014481,23.0346717834,32.4993171692,63.4813613892,33.4577217102],[74.818572998,53.0689811707,-32.9144477844,-30.3000125885,-22.2818050385,-11.5672683716,-7.19845151901,-13.5158748627,10.4477586746,9.30042266846,22.0524520874,33.4577217102,69.4496612549]],"icov":[[0.000206946657272,-0.000182519754162,0.00031094357837,-0.000238831882598,0.000048760422942,-0.0000921965402085,-0.00008959734987,-0.000270709744655,0.000214729298023,-0.00016294301895,-0.000148877152242,-0.000226569260121,0.0000439508912677],[-0.000182519754162,0.00134505250026,-0.0000411483670177,0.000675336224958,-0.000598398852162,-0.000238189983065,0.000724418030586,0.000546833558474,-0.000718972703908,0.000172756204847,0.000281578570139,0.000343705411069,-0.000776152417529],[0.00031094357837,-0.0000411483670177,0.00278158439323,-0.000738600385375,-0.00119941518642,0.00109759322368,-0.00040010738303,0.0000497301443829,0.000747385201976,-0.000295612495393,0.000321132538375,-0.0000427021332143,0.000304462941131],[-0.000238831882598,0.000675336224958,-0.000738600385375,0.00392752233893,0.000562996370718,-0.00157630315516,0.0000944986240938,-0.00109244894702,0.000717671820894,-0.000523297465406,0.000325400091242,0.000769562786445,0.000308050977765],[0.000048760422942,-0.000598398852162,-0.00119941518642,0.000562996370718,0.00768196675926,-0.00137429486495,-0.00282597914338,0.000541134329978,-0.00222775782458,0.00257939100266,-0.0019481634954,-0.00128933030646,0.00335951102898],[-0.0000921965402085,-0.000238189983065,0.00109759322368,-0.00157630315516,-0.00137429486495,0.0102094607428,-0.00337201706134,-0.00358806992881,0.0041021774523,-0.0030467917677,0.00272652041167,-0.000604409258813,-0.000458153954241],[-0.00008959734987,0.000724418030586,-0.00040010738303,0.0000944986240938,-0.00282597914338,-0.00337201706134,0.0125578632578,0.000496914261021,-0.00503229768947,0.00308461859822,-0.000157507849508,0.0010736847762,-0.00079867587192],[-0.000270709744655,0.000546833558474,0.0000497301443829,-0.00109244894702,0.000541134329978,-0.00358806992881,0.000496914261021,0.0112856086344,-0.0029808236286,-0.000856139406096,-0.00234317476861,-0.000355750205927,0.00272306217812],[0.000214729298023,-0.000718972703908,0.000747385201976,0.000717671820894,-0.00222775782458,0.0041021774523,-0.00503229768947,-0.0029808236286,0.0184440184385,-0.00864230375737,-0.00078154617222,0.00271762558259,-0.00282619288191],[-0.00016294301895,0.000172756204847,-0.000295612495393,-0.000523297465406,0.00257939100266,-0.0030467917677,0.00308461859822,-0.000856139406096,-0.00864230375737,0.0203631650656,-0.00428347336128,-0.00439396174625,0.00219843350351],[-0.000148877152242,0.000281578570139,0.000321132538375,0.000325400091242,-0.0019481634954,0.00272652041167,-0.000157507849508,-0.00234317476861,-0.00078154617222,-0.00428347336128,0.0194488093257,-0.00653669564053,-0.00273919710889],[-0.000226569260121,0.000343705411069,-0.0000427021332143,0.000769562786445,-0.00128933030646,-0.000604409258813,0.0010736847762,-0.000355750205927,0.00271762558259,-0.00439396174625,-0.00653669564053,0.0267869774252,-0.0108248777688],[0.0000439508912677,-0.000776152417529,0.000304462941131,0.000308050977765,0.00335951102898,-0.000458153954241,-0.00079867587192,0.00272306217812,-0.00282619288191,0.00219843350351,-0.00273919710889,-0.0108248777688,0.02288752608]],"mean":[-644.355407715,157.060409546,-28.0943279266,27.8212757111,-3.50707244873,21.7316474915,-5.15557909012,11.6793746948,-0.172087773681,8.01038455963,1.01654684544,4.82540273666,6.38017082214]},"pitch_salience":{"dmean":0.0827863141894,"dmean2":0.135361030698,"dvar":0.0062416838482,"dvar2":0.016205733642,"max":0.990630090237,"mean":0.550705730915,"median":0.56752961874,"min":0.10825279355,"var":0.0142214605585},"silence_rate_20dB":{"dmean":0,"dmean2":0,"dvar":0,"dvar2":0,"max":1,"mean":1,"median":1,"min":1,"var":0},"silence_rate_30dB":{"dmean":0.059338863939,"dmean2":0.118691585958,"dvar":0.0558149516582,"dvar2":0.135678872466,"max":1,"mean":0.942420005798,"median":1,"min":0,"var":0.0542692355812},"silence_rate_60dB":{"dmean":0.00467235129327,"dmean2":0.00934579409659,"dvar":0.00465010665357,"dvar2":0.00995960086584,"max":1,"mean":0.0372576490045,"median":0,"min":0,"var":0.0358700491488},"spectral_centroid":{"dmean":216.356277466,"dmean2":332.013916016,"dvar":70614.53125,"dvar2":144510.125,"max":11593.8515625,"mean":1338.8918457,"median":1197.25695801,"min":175.158416748,"var":1157629.375},"spectral_complexity":{"dmean":3.80773282051,"dmean2":5.99135494232,"dvar":13.487033844,"dvar2":28.7385616302,"max":60,"mean":26.0628356934,"median":28,"min":0,"var":114.02973938},"spectral_contrast_coeffs":{"dmean":[0.0537155978382,0.049774389714,0.0371938832104,0.0273218806833,0.0221897736192,0.0430802404881],"dmean2":[0.0888563096523,0.0813861489296,0.0620459578931,0.045977011323,0.0370505042374,0.0672942996025],"dvar":[0.00181173079181,0.00156272994354,0.000864449364599,0.000452281878097,0.000368383945897,0.00133008230478],"dvar2":[0.00484257237986,0.00422037765384,0.00235847034492,0.00128012453206,0.000992977875285,0.00330499536358],"max":[-0.368480503559,-0.287673741579,-0.48448163271,-0.578837513924,-0.651593148708,-0.409122258425],"mean":[-0.70870834589,-0.752333819866,-0.802956283092,-0.815434932709,-0.80627566576,-0.708932697773],"median":[-0.712827682495,-0.764580249786,-0.804784059525,-0.813604831696,-0.801183700562,-0.703763663769],"min":[-0.979307293892,-0.988122522831,-0.987480401993,-0.988606870174,-0.980896413326,-0.965151250362],"var":[0.00574528845027,0.00648426590487,0.00256236759014,0.0018196972087,0.0016826428473,0.00669746473432]},"spectral_contrast_valleys":{"dmean":[0.409173250198,0.344077408314,0.303039759398,0.28392970562,0.286078095436,0.59505456686],"dmean2":[0.663835763931,0.564883351326,0.495972931385,0.458710640669,0.441682875156,0.938218176365],"dvar":[0.119102537632,0.0958516523242,0.0868086144328,0.0952204763889,0.116080842912,0.255011320114],"dvar2":[0.276675790548,0.22381387651,0.194379791617,0.214200899005,0.257295399904,0.657615602016],"max":[-5.08649539948,-4.48989200592,-5.10887479782,-5.39157533646,-5.41460132599,-9.13083171844],"mean":[-6.99857378006,-6.47099113464,-6.78835248947,-7.06489753723,-7.5621099472,-11.2151250839],"median":[-6.59368038177,-6.10841321945,-6.37400054932,-6.60373687744,-7.10764455795,-10.9804878235],"min":[-27.9797058105,-28.1088790894,-27.6608428955,-27.7601184845,-27.5140609741,-27.4757499695],"var":[4.82649993896,4.88263225555,4.84027814865,4.81062078476,4.68139600754,3.17277431488]},"spectral_decrease":{"dmean":4.94761120962e-9,"dmean2":8.22962942237e-9,"dvar":5.2704656453e-17,"dvar2":1.37511577057e-16,"max":3.27701821234e-9,"mean":-8.89472140386e-9,"median":-6.91501167438e-9,"min":-7.23418551729e-8,"var":6.68386220966e-17},"spectral_energy":{"dmean":0.0188301559538,"dmean2":0.0311961267143,"dvar":0.000735773006454,"dvar2":0.00191644195002,"max":0.285315513611,"mean":0.0510080717504,"median":0.045911129564,"min":1.02174851759e-20,"var":0.00115710136015},"spectral_energyband_high":{"dmean":0.000327364192344,"dmean2":0.00047277007252,"dvar":2.4436232593e-7,"dvar2":4.4921230824e-7,"max":0.0123040070757,"mean":0.00111168646254,"median":0.000953374546953,"min":7.00359930599e-21,"var":0.00000116348996926},"spectral_energyband_low":{"dmean":0.0156284235418,"dmean2":0.026664853096,"dvar":0.00064504542388,"dvar2":0.00171746662818,"max":0.270137816668,"mean":0.0218418687582,"median":0.0147100081667,"min":2.55035448997e-23,"var":0.000655661628116},"spectral_energyband_middle_high":{"dmean":0.0024417291861,"dmean2":0.0040850774385,"dvar":0.00000908527545107,"dvar2":0.000024744305847,"max":0.0505754761398,"mean":0.00789337512106,"median":0.00780872814357,"min":1.07006323648e-21,"var":0.0000295294412354},"spectral_energyband_middle_low":{"dmean":0.00469705695286,"dmean2":0.00717072421685,"dvar":0.0000383962433261,"dvar2":0.0000845535469125,"max":0.110144101083,"mean":0.0128591395915,"median":0.00868340954185,"min":1.75167523259e-22,"var":0.000194370353711},"spectral_entropy":{"dmean":0.141413763165,"dmean2":0.210350170732,"dvar":0.0324790291488,"dvar2":0.0720538049936,"max":9.81734466553,"mean":7.60277509689,"median":7.70241451263,"min":4.04024744034,"var":0.253721445799},"spectral_flux":{"dmean":0.0336802490056,"dmean2":0.0548933409154,"dvar":0.00174643786158,"dvar2":0.0039407084696,"max":0.445115536451,"mean":0.123748086393,"median":0.117912396789,"min":6.44149594775e-11,"var":0.0036060330458},"spectral_kurtosis":{"dmean":4.3774561882,"dmean2":6.87132501602,"dvar":80.3827438354,"dvar2":227.905075073,"max":348.934875488,"mean":19.8393630981,"median":17.9042816162,"min":-1.27608644962,"var":142.149139404},"spectral_rms":{"dmean":0.00117058737669,"dmean2":0.00188413180877,"dvar":0.00000201396778721,"dvar2":0.00000503389219375,"max":0.0166840218008,"mean":0.00661380635574,"median":0.00669263396412,"min":3.15725809212e-12,"var":0.00000602171758146},"spectral_rolloff":{"dmean":4908.82324219,"dmean2":9300.99511719,"dvar":58249820,"dvar2":128308744,"max":22006.9335938,"mean":13116.4716797,"median":20133.5449219,"min":43.06640625,"var":90119368},"spectral_skewness":{"dmean":0.338869333267,"dmean2":0.519212067127,"dvar":0.247281566262,"dvar2":0.642288267612,"max":15.6849155426,"mean":2.99281668663,"median":2.90259599686,"min":-0.0811649411917,"var":0.898656368256},"spectral_spread":{"dmean":440725.5,"dmean2":699303.0625,"dvar":514873655296,"dvar2":1231187738620,"max":52211748,"mean":4226683.5,"median":3846026.75,"min":530567,"var":12773902778400},"spectral_strongpeak":{"dmean":3.28980612755,"dmean2":6.16932678223,"dvar":157.413375854,"dvar2":443.844268799,"max":174.04347229,"mean":3.21516394615,"median":0.314733624458,"min":0,"var":137.730361938},"zerocrossingrate":{"dmean":0.0380753874779,"dmean2":0.048258613795,"dvar":0.0011408313876,"dvar2":0.00174550781958,"max":0.892578125,"mean":0.280593305826,"median":0.268310546875,"min":0.009765625,"var":0.0166629888117}},"metadata":{"audio_properties":{"analysis_sample_rate":44100,"bit_rate":256000,"codec":"mp3","downmix":"mix","equal_loudness":0,"length":198.766784668,"lossless":false,"md5_encoded":"0ea01b2de7bfbbc06123b9a54f210bf6","replay_gain":-3.46371269226},"tags":{"album":["Brand New Eyes"],"albumartist":["Paramore"],"albumartistsort":["Paramore"],"artist":["Paramore"],"artistsort":["Paramore"],"asin":["B002G4FQAC"],"barcode":["075678958045"],"catalognumber":["7567895804"],"composer":[""],"conductor":[""],"copyright":["2009 Atlantic Recording Corporation for the United States and WEA International Inc. for the world outside of the United States."],"date":["2009"],"discnumber":["1/1"],"file_name":"09. Where the Lines Overlap.mp3","genre":["Rock"],"isrc":["USAT20902326"],"label":["Fueled by Ramen"],"media":["CD"],"musicbrainz album release country":["GB"],"musicbrainz album status":["official"],"musicbrainz album type":["album"],"musicbrainz_albumartistid":["44cf61b8-5197-448a-b82b-cef6ee89fac5"],"musicbrainz_albumid":["f0541336-457e-422d-bb70-34d6feec462d"],"musicbrainz_artistid":["44cf61b8-5197-448a-b82b-cef6ee89fac5"],"musicbrainz_recordingid":["9fe12bce-0ae8-4274-b137-71622b73ba48"],"originaldate":["2009"],"script":["Latn"],"title":["Where the Lines Overlap"],"tracknumber":["9/12"]},"version":{"essentia":"2.1-beta1","essentia_build_sha":"12879b851c9f4b0d899e1af4e221aa110f283a84","essentia_git_sha":"v2.1_beta1-7-ge0e83e8-dirty","extractor":"music 1.0"}},"rhythm":{"beats_count":528,"beats_loudness":{"dmean":0.0186908934265,"dmean2":0.0319728478789,"dvar":0.000287444650894,"dvar2":0.000800166279078,"max":0.144015580416,"mean":0.0537883266807,"median":0.0538802370429,"min":0,"var":0.000683723774273},"beats_loudness_band_ratio":{"dmean":[0.170590147376,0.102147065103,0.102253310382,0.0591338910162,0.0265480671078,0.0756798684597],"dmean2":[0.288802415133,0.179712802172,0.180291682482,0.103804796934,0.0460541136563,0.130603969097],"dvar":[0.0204936582595,0.0104027753696,0.0181935038418,0.00500228162855,0.000696086732205,0.