{"lowlevel":{"average_loudness":0.860126316547,"barkbands":{"dmean":[0.00014134979574,0.00136291922536,0.00138206256088,0.00275827920996,0.00260770879686,0.00186040869448,0.000500655325595,0.000514937448315,0.000704765552655,0.000510688463692,0.000342333718436,0.00024279578065,0.0000728454397176,0.0000263418023678,0.0000508993907715,0.0000356676064257,0.0000448984428658,0.0000342189523508,0.0000306823021674,0.0000471332095913,0.0000318868478644,0.00000862159413373,0.00000217828073801,0.00000184223824817,0.00000127883095047,0.00000162836897744,0.0000124940388559],"dmean2":[0.000237718748394,0.00212828000076,0.00225426000543,0.00479922955856,0.00392365129665,0.00272633042186,0.000771373743191,0.000792411330622,0.00110270723235,0.000815296778455,0.000551745935809,0.000386131025152,0.000117886767839,0.0000429300671385,0.0000787628669059,0.0000561211381864,0.0000704647827661,0.0000527073425474,0.0000454676774098,0.0000667753556627,0.0000437800808868,0.0000122936080516,0.00000344801082974,0.00000293118796435,0.00000214736292037,0.00000259624448518,0.0000176758694579],"dvar":[5.98900342652e-8,0.00000350002414962,0.00000711162238076,0.0000276995506283,0.0000360212980013,0.0000276313821814,0.00000349187348547,0.00000441706697529,0.00000499024508827,0.00000355337692781,0.00000268137796411,7.05555351033e-7,6.53031761999e-8,5.20108978108e-9,2.09766657377e-8,9.87097692473e-9,1.77014829461e-8,7.61162777252e-9,1.21456640301e-8,4.62176075189e-8,2.22049827414e-8,1.53526935609e-9,3.61993456044e-11,2.0631949274e-11,6.63806292919e-12,1.05611274934e-11,1.01074226766e-9],"dvar2":[1.60315579478e-7,0.00000837073275761,0.0000153499968292,0.0000802419090178,0.0000788065590314,0.0000590861927776,0.00000700464715919,0.0000087849339252,0.0000115636494229,0.00000869988434715,0.00000721953574612,0.00000168406336343,1.60710925456e-7,1.35063666917e-8,4.64182363658e-8,2.26096563694e-8,4.29777990973e-8,1.79920238708e-8,2.64131898575e-8,9.32988868385e-8,4.06840072742e-8,3.08591219245e-9,8.20716550276e-11,4.33576889669e-11,1.67581851174e-11,2.33088132129e-11,1.66127245294e-9],"max":[0.00411803275347,0.0258436445147,0.0768640488386,0.127628445625,0.111731402576,0.103061340749,0.0630492717028,0.0675575137138,0.0398370623589,0.0498816035688,0.0421542264521,0.0230077859014,0.00715721817687,0.00216821650974,0.00493905041367,0.0023609821219,0.00281602470204,0.00167896784842,0.00307230884209,0.00577828567475,0.00462200120091,0.00146509963088,0.000258767075138,0.00010811536049,0.0000458659415017,0.000080612662714,0.000954265822656],"mean":[0.000141660842928,0.00268840836361,0.00199230015278,0.00414032768458,0.00470038736239,0.00367887318134,0.00076512148371,0.000677642470691,0.000986367929727,0.000639457139187,0.000430659099948,0.000344450614648,0.000097988442576,0.0000399674390792,0.0000835594910313,0.000057080967963,0.0000748765814933,0.0000629839050816,0.0000528699201823,0.0000785746378824,0.0000540063338121,0.0000144074574564,0.00000299919975078,0.0000021124083105,0.0000012228668993,0.00000205746391657,0.0000309013375954],"median":[0.0000535778417543,0.00153331249021,0.000816638814285,0.0012780331308,0.00144558795728,0.000588681024965,0.000144212768646,0.0000479295413243,0.0000757322559366,0.0000471165803901,0.000027919159038,0.0000529695098521,0.0000203979416256,0.0000122565143101,0.0000164535376825,0.0000097717393146,0.00000816651572677,0.00000773421197664,0.00000716204385753,0.00000578654817218,0.00000365165124094,0.00000205809101317,8.77755326201e-7,5.04984541294e-7,3.51466951543e-7,6.93087940817e-7,0.0000113103287731],"min":[8.94987151661e-25,2.30657722205e-24,6.37161128906e-25,9.38220476357e-25,6.82612621999e-24,3.84138973241e-24,8.29399283849e-24,4.43516928007e-24,1.72458246745e-23,7.3021935211e-24,1.44471291985e-23,1.92555914032e-23,3.12408513772e-23,2.61422761083e-23,4.02429786179e-23,5.04768522087e-23,8.05220113347e-23,8.52644979465e-23,1.26552423808e-22,1.72379865525e-22,2.76060270817e-22,2.94840007122e-22,3.95804585199e-22,5.82185456992e-22,8.04816039859e-22,1.29041144911e-21,1.8954298476e-21],"var":[6.27082172855e-8,0.0000100976276372,0.0000153300316015,0.0000658677017782,0.000086557585746,0.000083335537056,0.00000697106906955,0.00000793020990386,0.00000907736739464,0.00000509876599608,0.00000372385284209,0.00000110906114514,8.43528553673e-8,8.42653857802e-9,4.54019861706e-8,1.95415150728e-8,3.98853323702e-8,2.11723225618e-8,2.91368351668e-8,1.14523686534e-7,5.86275810122e-8,3.68250230309e-9,7.23000340153e-11,3.3631753632e-11,6.70004243059e-12,1.91527314841e-11,4.01110833437e-9]},"barkbands_crest":{"dmean":3.11194181442,"dmean2":5.07693529129,"dvar":6.86970949173,"dvar2":17.946521759,"max":26.2732372284,"mean":13.436829567,"median":12.705619812,"min":3.86380648613,"var":24.192483902},"barkbands_flatness_db":{"dmean":0.0372105315328,"dmean2":0.0588121972978,"dvar":0.00109448691364,"dvar2":0.00269157649018,"max":0.541189968586,"mean":0.218913674355,"median":0.214315861464,"min":0.0410459712148,"var":0.00452501606196},"barkbands_kurtosis":{"dmean":13.4379043579,"dmean2":21.6555519104,"dvar":495.394317627,"dvar2":1189.6217041,"max":591.843017578,"mean":26.4483699799,"median":16.8827018738,"min":-1.87411570549,"var":1247.40063477},"barkbands_skewness":{"dmean":0.997379541397,"dmean2":1.56601846218,"dvar":0.965307533741,"dvar2":2.3392136097,"max":18.7052574158,"mean":3.21295833588,"median":2.98606204987,"min":-2.15330839157,"var":4.74920129776},"barkbands_spread":{"dmean":3.26040816307,"dmean2":5.00980091095,"dvar":36.3800773621,"dvar2":68.9173812866,"max":135.067474365,"mean":9.28176212311,"median":5.24576473236,"min":0.172696605325,"var":175.423660278},"dissonance":{"dmean":0.0286262370646,"dmean2":0.047833956778,"dvar":0.000774768879637,"dvar2":0.00206386623904,"max":0.500000119209,"mean":0.441420346498,"median":0.451944410801,"min":0.214745461941,"var":0.00195480743423},"dynamic_complexity":5.60509395599,"erbbands":{"dmean":[0.0349590778351,0.339811384678,1.27089166641,5.18428373337,8.52683258057,9.50162792206,17.6916942596,12.8948640823,7.34132003784,7.72650527954,11.2863531113,15.7388715744,17.2272624969,15.9754648209,10.8447875977,8.14167785645,3.46847295761,1.32526040077,2.07823848724,2.18571829796,2.07039260864,2.33880901337,1.94853246212,1.44551336765,1.68782901764,2.19406080246,1.85297584534,0.825127065182,0.349805772305,0.122157081962,0.0584999136627,0.043795298785,0.0274483785033,0.0146101517603,0.00904684234411,0.00556270964444,0.00335636828095,0.00222678622231,0.00192119786516,0.000476054672617],"dmean2":[0.0536388531327,0.535135567188,2.05814385414,8.75940990448,14.2414169312,14.2483549118,25.6195735931,18.7723369598,11.1468172073,11.8505439758,17.3036994934,24.6355934143,27.6691036224,25.7294616699,17.2243366241,12.9063568115,5.55417299271,2.09839248657,3.23153185844,3.41861653328,3.19330430031,3.66999578476,2.94420647621,2.18535685539,2.43212962151,3.09375143051,2.57800984383,1.15441727638,0.493147432804,0.181799262762,0.0928841605783,0.0691469684243,0.044402692467,0.0244847163558,0.0151790715754,0.00918237306178,0.00526229431853,0.00317406910472,0.00257104611956,0.000772734463681],"dvar":[0.00219350028783,0.229870930314,5.27443504333,93.6246948242,279.94039917,749.48223877,2222.39892578,1581.32775879,857.959228516,643.094787598,2030.89428711,2910.03930664,4286.93798828,5699.68652344,2448.62695312,647.577514648,120.243392944,13.4294834137,32.3222541809,34.9680252075,35.6281089783,46.1645317078,26.0388031006,18.2392120361,47.6085624695,101.154342651,81.1165924072,15.0503091812,2.38655877113,0.230733901262,0.0235998481512,0.0125673385337,0.00411285832524,0.000848500989377,0.000329853763105,0.000117298688565,0.0000541302797501,0.0000556548729946,0.0000578506405873,5.4250165249e-7],"dvar2":[0.00486285984516,0.55904430151,11.6941366196,248.994659424,718.242492676,1647.71154785,4891.89648438,3148.69287109,1751.7878418,1308.57348633,4173.83154297,6613.04101562,10918.9326172,16207.4863281,6330.30273438,1491.26953125,290.933837891,34.741443634,70.0260543823,80.2056732178,80.8988342285,111.935501099,60.5963783264,41.1579017639,98.7364196777,205.640670776,148.618240356,27.9911174774,4.69555950165,0.452819496393,0.0550225265324,0.025885714218,0.00928071793169,0.00214017974213,0.000832849589642,0.000288653012831,0.000110035303805,0.000101883611933,0.0000919218800846,0.00000151130041104],"max":[0.668900549412,6.91376018524,67.1475143433,259.731292725,400.880859375,660.401000977,1042.65905762,1139.43359375,1119.14221191,671.329040527,1847.62878418,1241.80151367,1771.75012207,2132.43554688,1269.6048584,718.410461426,272.466766357,112.979598999,231.720596313,158.768005371,126.517654419,141.204101562,107.088783264,114.580284119,195.67628479,248.460891724,230.109207153,102.98008728,51.0644226074,17.428647995,6.53169393539,3.31132245064,1.8900052309,0.517383396626,0.323648512363,0.215332299471,0.214438915253,0.266513377428,0.246801584959,0.0170427318662],"mean":[0.0663157179952,0.65605866909,2.04923820496,8.65093135834,12.8216123581,16.7669620514,31.2663040161,26.3796157837,12.2746505737,11.9282255173,15.4978599548,22.4084358215,22.654548645,21.0337371826,15.3638954163,12.189160347,5.32300901413,2.23791098595,3.5122988224,3.76275348663,3.56646943092,4.13527393341,3.64895367622,2.72461867332,2.98402810097,3.68847990036,3.14083099365,1.40392756462,0.601924777031,0.192443341017,0.0795954614878,0.0535457767546,0.0292786769569,0.0142139811069,0.00876003317535,0.00588332954794,0.00441065663472,0.00403520604596,0.00402316544205,0.00182807631791],"median":[0.0355591885746,0.373192310333,1.04404711723,3.25330209732,5.34807634354,3.75477981567,5.80632162094,3.93146181107,2.18123054504,1.94223582745,1.3178768158,1.71576213837,1.78714609146,1.51321339607,1.40560424328,2.06388616562,1.20694303513,0.741063117981,0.921975016594,0.763839364052,0.589877963066,0.486440837383,0.446725577116,0.391513198614,0.35578006506,0.274129271507,0.183986902237,0.116858869791,0.0796968862414,0.0430946499109,0.0239341091365,0.0134790111333,0.0069823875092,0.00415953341872,0.00263488967903,0.00183137180284,0.00141727714799,0.00108362687752,0.000843308400363,0.00125862821005],"min":[7.75952805783e-23,5.59860971053e-22,9.25866127298e-22,4.14403835178e-21,1.35666166915e-20,2.25836236916e-20,4.00400749851e-20,4.86936669686e-20,8.29523020027e-20,1.0109037597e-19,3.36651781811e-19,3.68595299869e-19,5.17936762406e-19,6.32567916983e-19,9.00342669782e-19,1.07261709442e-18,1.76358298037e-18,2.72420312857e-18,2.29180252837e-18,3.09935228383e-18,3.31048744684e-18,4.78156509375e-18,3.99963581019e-18,7.11437778932e-18,7.12481680865e-18,8.15199976715e-18,7.51140380383e-18,9.13081747523e-18,1.09507736415e-17,1.13638659851e-17,1.09804950681e-17,1.09932683911e-17,9.37933810001e-18,6.94888624571e-18,5.54351713833e-18,4.17245658762e-18,2.35086467167e-18,1.0287489148e-18,2.44535501231e-19,2.63737200219e-20],"var":[0.00611368892714,0.638808071613,11.4227819443,261.630737305,507.869720459,1826.46166992,5067.88378906,5313.97949219,1807.84191895,1313.81982422,3584.83227539,5459.29980469,5772.51171875,7638.37939453,3605.45532227,1160.72619629,184.134933472,24.0803775787,69.1172561646,76.9950790405,77.2488327026,109.354812622,71.8853149414,50.309387207,118.978637695,249.377349854,211.148101807,36.9202232361,6.09294605255,0.580257415771,0.0433575510979,0.0219980701804,0.00602365564555,0.000866263348144,0.00033411331242,0.000141134354635,0.000110270710138,0.000164330733242,0.00019281115965,0.00000384423083233]},"erbbands_crest":{"dmean":3.13011360168,"dmean2":5.10387134552,"dvar":7.67221212387,"dvar2":19.0835666656,"max":30.2513465881,"mean":11.1165142059,"median":10.2521514893,"min":2.60771298409,"var":21.9998626709},"erbbands_flatness_db":{"dmean":0.030482146889,"dmean2":0.0482687726617,"dvar":0.000693673908245,"dvar2":0.00169741455466,"max":0.361924171448,"mean":0.176956817508,"median":0.176369071007,"min":0.029362488538,"var":0.00271205022},"erbbands_kurtosis":{"dmean":2.33360695839,"dmean2":3.78009557724,"dvar":9.78768920898,"dvar2":26.1190013885,"max":54.3801231384,"mean":3.19793796539,"median":1.71909761429,"min":-1.88939023018,"var":21.8464756012},"erbbands_skewness":{"dmean":0.519998729229,"dmean2":0.800266623497,"dvar":0.244707688689,"dvar2":0.540170490742,"max":6.15700054169,"mean":1.11772179604,"median":1.1640034914,"min":-5.02864980698,"var":1.32025277615},"erbbands_spread":{"dmean":8.1220369339,"dmean2":12.8730134964,"dvar":77.0114440918,"dvar2":185.310211182,"max":146.223205566,"mean":28.1780147552,"median":24.8684768677,"min":1.53548705578,"var":300.792205811},"gfcc":{"cov":[[33612.8320312,2881.72387695,-3230.01293945,-539.269592285,-747.397949219,-1279.34558105,-31.8811836243,-576.364013672,-482.527648926,-573.663269043,-270.349487305,-21.747335434,27.052318573],[2881.72387695,1296.51599121,-47.0073242188,-310.345062256,-23.7944984436,-114.366218567,-18.6989078522,-85.3142089844,65.8241882324,-53.8459739685,25.7965011597,-60.4441223145,8.48343372345],[-3230.01293945,-47.0073242188,926.673522949,158.913467407,39.8217926025,325.525024414,-132.939971924,114.956100464,73.6321105957,148.724533081,75.5620651245,-46.8505096436,-36.0563163757],[-539.269592285,-310.345062256,158.913467407,466.152282715,149.429519653,80.9150924683,100.098365784,21.7740707397,-3.1350839138,32.3614959717,-24.5563278198,25.762966156,-19.465877533],[-747.397949219,-23.7944984436,39.8217926025,149.429519653,289.227508545,101.242668152,98.3184280396,-33.9422073364,4.25601768494,-38.6943435669,11.4393854141,9.04231548309,15.0005693436],[-1279.34558105,-114.366218567,325.525024414,80.9150924683,101.242668152,404.247375488,-28.3009052277,129.921539307,-16.2279930115,60.1913642883,23.9877624512,22.8132820129,8.70640850067],[-31.8811836243,-18.6989078522,-132.939971924,100.098365784,98.3184280396,-28.3009052277,250.459640503,-20.539100647,2.81058692932,-39.3862342834,-14.4141302109,17.7404747009,14.4089717865],[-576.364013672,-85.3142089844,114.956100464,21.7740707397,-33.9422073364,129.921539307,-20.539100647,192.878494263,45.521194458,64.5634155273,15.3337802887,11.8497276306,4.79929685593],[-482.527648926,65.8241882324,73.6321105957,-3.1350839138,4.25601768494,-16.2279930115,2.81058692932,45.521194458,147.646331787,78.3756866455,16.9097366333,-6.8594455719,-15.2413864136],[-573.663269043,-53.8459739685,148.724533081,32.3614959717,-38.6943435669,60.1913642883,-39.3862342834,64.5634155273,78.3756866455,138.082641602,43.4607429504,-5.93990707397,-3.62607073784],[-270.349487305,25.7965011597,75.5620651245,-24.5563278198,11.4393854141,23.9877624512,-14.4141302109,15.3337802887,16.9097366333,43.4607429504,87.627281189,22.6500358582,-4.56572580338],[-21.747335434,-60.4441223145,-46.8505096436,25.762966156,9.04231548309,22.8132820129,17.7404747009,11.8497276306,-6.8594455719,-5.93990707397,22.6500358582,86.1794281006,28.8733997345],[27.052318573,8.48343372345,-36.0563163757,-19.465877533,15.0005693436,8.70640850067,14.4089717865,4.79929685593,-15.2413864136,-3.62607073784,-4.56572580338,28.8733997345,88.6234664917]],"icov":[[0.000100604709587,-0.000288416078547,0.000502882176079,-0.000468043435831,0.000461137067759,-0.000237538231886,0.000243332644459,0.000120579410577,0.0000448363680334,0.000216673768591,-0.000353909854311,0.000333407631842,-0.000112398418423],[-0.000288416078547,0.00190858973656,-0.00148046645336,0.00180742959492,-0.00108670408372,0.000469124555821,-0.00077637436334,0.00017258648586,-0.00134337937925,0.00062849780079,0.000110602610221,0.0000403951453336,-0.000258037005551],[0.000502882176079,-0.00148046645336,0.00519807310775,-0.00419838773087,0.00392193673179,-0.00393556850031,0.00243993126787,0.00157544889953,-0.00229314574972,0.00283013377339,-0.00535399094224,0.00510200532153,-0.00179497292265],[-0.000468043435831,0.00180742959492,-0.00419838773087,0.0078961532563,-0.00657056830823,0.00398188456893,-0.00292910495773,-0.00208626850508,0.00426388578489,-0.00718916207552,0.00822283793241,-0.00674886582419,0.00436783907935],[0.000461137067759,-0.00108670408372,0.00392193673179,-0.00657056830823,0.0122081916779,-0.00686000986025,0.000450872612419,0.00473312614486,-0.00742145767435,0.0107492376119,-0.0101886764169,0.00792988017201,-0.00555135495961],[-0.000237538231886,0.000469124555821,-0.00393556850031,0.00398188456893,-0.00686000986025,0.00887452065945,-0.00100183254108,-0.00527333421633,0.0071613015607,-0.00764397298917,0.00721421325579,-0.00679943570867,0.00354453525506],[0.000243332644459,-0.00077637436334,0.00243993126787,-0.00292910495773,0.000450872612419,-0.00100183254108,0.00646059727296,0.000299616222037,-0.00178090832196,0.00280092726462,-0.00229955441318,0.00174914044328,-0.00157518626656],[0.000120579410577,0.00017258648586,0.00157544889953,-0.00208626850508,0.00473312614486,-0.00527333421633,0.000299616222037,0.00989885441959,-0.00546827213839,0.00272917468101,-0.00361017370597,0.00269101769663,-0.00262994109653],[0.0000448363680334,-0.00134337937925,-0.00229314574972,0.00426388578489,-0.00742145767435,0.0071613015607,-0.00178090832196,-0.00546827213839,0.0193563792855,-0.0163905005902,0.0102359391749,-0.00810289755464,0.00708233239129],[0.000216673768591,0.00062849780079,0.00283013377339,-0.00718916207552,0.0107492376119,-0.00764397298917,0.00280092726462,0.00272917468101,-0.0163905005902,0.0280713457614,-0.0177185852081,0.0123761342838,-0.00884084962308],[-0.000353909854311,0.000110602610221,-0.00535399094224,0.00822283793241,-0.0101886764169,0.00721421325579,-0.00229955441318,-0.00361017370597,0.0102359391749,-0.0177185852081,0.028268892318,-0.0161213818938,0.00905460119247],[0.000333407631842,0.0000403951453336,0.00510200532153,-0.00674886582419,0.00792988017201,-0.00679943570867,0.00174914044328,0.00269101769663,-0.00810289755464,0.0123761342838,-0.0161213818938,0.024664696306,-0.0103700486943],[-0.000112398418423,-0.000258037005551,-0.00179497292265,0.00436783907935,-0.00555135495961,0.00354453525506,-0.00157518626656,-0.00262994109653,0.00708233239129,-0.00884084962308,0.00905460119247,-0.0103700486943,0.0172630548477]],"mean":[-119.997505188,123.022331238,-65.4848632812,10.3062419891,-22.7337303162,-16.8233833313,-9.98006057739,-16.0290374756,-15.6020689011,-12.4640388489,-9.50342178345,-4.96447992325,-3.94089627266]},"hfc":{"dmean":14.280207634,"dmean2":24.3486061096,"dvar":568.134399414,"dvar2":1862.99243164,"max":419.203552246,"mean":46.6613693237,"median":31.6803359985,"min":1.03968172373e-16,"var":2609.85961914},"melbands":{"dmean":[0.000349573325366,0.000567010021769,0.00102501141373,0.000562328088563,0.000580802327022,0.000296976853861,0.000109008338768,0.0000926834254642,0.0000931845061132,0.000105130275188,0.0000868438291945,0.0000655004259897,0.0000403661397286,0.0000280040676444,0.0000167906564457,0.000005002092621,0.00000240311260313,0.00000314833778248,0.0000041462203626,0.0000023341835913,0.0000026755565159,0.00000271143881037,0.00000220542483476,0.00000157735109951,0.00000121787786611,0.00000126393786104,0.00000138445057019,0.00000160154763762,0.00000137294500746,7.6097416013e-7,4.33270855638e-7,2.28369557931e-7,1.13880354036e-7,5.2128285688e-8,3.47833903902e-8,2.87640258279e-8,2.71663278539e-8,2.08860821971e-8,1.4316602126e-8,1.17671596911e-8],"dmean2":[0.000542709778529,0.000903516367543,0.00175329949707,0.000886074500158,0.000836758990772,0.000435343768913,0.000165727047715,0.000141664189869,0.000142995573697,0.000165586388903,0.000139385141665,0.000105952829472,0.0000639663994662,0.0000448094506282,0.0000267368868663,0.00000806057505542,0.00000384813210985,0.00000500846999785,0.000006511715128,0.00000364995662494,0.00000418115678258,0.00000433128116129,0.00000341932650372,0.00000244372245106,0.00000187105422356,0.00000190527066479,0.00000201417606149,0.00000233298419516,0.00000196526866603,0.00000106598133698,6.28668715308e-7,3.30049431341e-7,1.7170138733e-7,7.99973705057e-8,5.60406299144e-8,4.63013911656e-8,4.31260005485e-8,3.38131833644e-8,2.37824888671e-8,1.97637177735e-8],"dvar":[2.18057351731e-7,8.28226689009e-7,0.00000340818633049,0.00000169861471022,0.00000202811975214,7.44098144878e-7,1.69830428831e-7,1.07203149469e-7,1.2202428934e-7,1.28905710994e-7,1.08314324621e-7,9.19519749232e-8,3.66172656641e-8,1.1400019595e-8,3.03143288249e-9,2.93473190194e-10,4.99444062496e-11,7.20025566947e-11,1.65538124874e-10,3.93104958307e-11,6.48794906688e-11,6.61976029548e-11,4.5803354165e-11,1.62727661207e-11,1.39189102952e-11,2.47406609089e-11,3.17376888659e-11,6.26726032182e-11,4.79299828993e-11,1.32771215897e-11,4.57525423797e-12,1.08045647082e-12,2.69668185351e-13,3.43910690941e-14,9.36230429391e-15,5.16940861929e-15,6.34657392829e-15,2.98824668759e-15,8.14081989178e-16,5.64084979356e-16],"dvar2":[5.08047207859e-7,0.00000188383853583,0.000009610309462,0.00000381005429517,0.00000439154518972,0.00000150478831529,3.45545601022e-7,2.15091759515e-7,2.53742143741e-7,2.93117494721e-7,2.75643259329e-7,2.55825455042e-7,9.40492910217e-8,2.85972081571e-8,7.11378289608e-9,7.13000603003e-10,1.29749697098e-10,1.63595623159e-10,3.76926961865e-10,9.11750119847e-11,1.49470852362e-10,1.6660800517e-10,1.05226542757e-10,3.94677901472e-11,3.33379504558e-11,5.44755074383e-11,6.60987098389e-11,1.36473166101e-10,9.61539042832e-11,2.3781381378e-11,9.71737447453e-12,2.2841708993e-12,5.8980972233e-13,6.72754495341e-14,2.29823128708e-14,1.14099141173e-14,1.33707623559e-14,6.76249590451e-15,2.01168990896e-15,1.42397885136e-15],"max":[0.00669181486592,0.0245276726782,0.041785273701,0.028649225831,0.0276292543858,0.0226082317531,0.01467383001,0.00991575233638,0.0137471510097,0.00803360063583,0.00906581711024,0.00824125017971,0.00580704445019,0.00272548012435,0.00154478137847,0.000517137465067,0.000223025825107,0.000296166574117,0.000372984010028,0.000162790660397,0.000188436999451,0.000193423125893,0.000245881965384,0.000100668956293,0.0000966995939962,0.000136487127747,0.000168425220181,0.000207713208511,0.000164815515745,0.00010897089669,0.0000529169192305,0.00003548251334,0.0000214336432691,0.00000621022945779,0.00000416503644374,0.00000211006727113,0.00000220593756239,0.00000167858945588,4.73706762705e-7,4.22593586791e-7],"mean":[0.000695723749232,0.00100599019788,0.00169112870935,0.000971831672359,0.00105352711398,0.000608450092841,0.000176007699338,0.00013553777535,0.000125299673527,0.000146977807162,0.000110658285848,0.000084391074779,0.000054314827139,0.000039866528823,0.0000229273955483,0.0000072409875429,0.00000360999138138,0.00000501531258124,0.0000065658659878,0.00000382785310649,0.00000428831299359,0.00000444523766419,0.00000372250019609,0.00000286248518933,0.00000209352401725,0.00000207444213629,0.00000231022636399,0.00000249953632192,0.00000218058994506,0.00000127225223423,6.72276769365e-7,3.73235394591e-7,1.79435289738e-7,7.52870121801e-8,4.53149375801e-8,3.66562602494e-8,3.12536343472e-8,2.21303864123e-8,1.40808529281e-8,1.11973328387e-8],"median":[0.000391392415622,0.000587012036704,0.00069965433795,0.000361812359188,0.000205242569791,0.0000916423741728,0.0000319115933962,0.0000183093998203,0.0000103953752841,0.0000105109011201,0.00000811507015896,0.00000583442761126,0.00000412875033362,0.00000534427181265,0.00000410222401115,0.00000163846675605,0.00000109264317416,0.00000132757418214,0.00000120445611174,7.01888609456e-7,6.11610403212e-7,4.64116794774e-7,3.93985885694e-7,3.41575457696e-7,2.82268672436e-7,2.63708415105e-7,2.12888622286e-7,1.58610873768e-7,1.12950274911e-7,7.99204968871e-8,5.69995961541e-8,4.45642491798e-8,3.14541601654e-8,1.89141786677e-8,1.3460152104e-8,1.07524638082e-8,6.81952627701e-9,4.84729323347e-9,3.8174556849e-9,3.15677595175e-9],"min":[9.15887035269e-25,5.93803114884e-25,1.0127794676e-24,1.31566675368e-24,2.23933905722e-24,1.13480165571e-24,1.328239816e-24,7.14934333906e-25,3.17478372927e-24,2.15671258272e-24,1.89477131914e-24,2.21648753173e-24,3.19456441647e-24,2.34292951028e-24,1.65418668963e-24,2.64801298512e-24,3.07893634042e-24,2.80073842852e-24,2.90341498623e-24,4.30228644945e-24,3.10833659471e-24,4.20925687176e-24,3.32283083307e-24,3.65303814724e-24,5.09940317848e-24,4.13001461054e-24,4.22399752663e-24,4.32114022509e-24,3.63774292314e-24,4.33320506377e-24,4.55828640712e-24,4.98400466096e-24,4.8475297522e-24,5.78119948721e-24,6.35583732501e-24,5.76192288213e-24,5.39555023977e-24,6.17754647739e-24,5.65215407046e-24,5.77640479063e-24],"var":[6.35991227682e-7,0.00000190368712083,0.00000832768546388,0.0000039384935917,0.00000481444658362,0.00000249087179327,3.4930548054e-7,2.07232673688e-7,2.14047034319e-7,2.40800318352e-7,1.44945076386e-7,1.24363424447e-7,5.33504156408e-8,1.75666183821e-8,4.62102889287e-9,4.43003328465e-10,7.99559654596e-11,1.39732517224e-10,3.12764480981e-10,8.37533167819e-11,1.29910374125e-10,1.41277822774e-10,9.98006052799e-11,4.55116742903e-11,3.28391411286e-11,5.31038615859e-11,8.18289047633e-11,1.31215274757e-10,1.09245931745e-10,3.45900634524e-11,9.07310424708e-12,2.45376744097e-12,6.02323095913e-13,8.19306170759e-14,1.49438990506e-14,8.58771892167e-15,9.80310701593e-15,4.28084268202e-15,9.03495210606e-16,5.68428987826e-16]},"melbands_crest":{"dmean":3.77131032944,"dmean2":6.2394194603,"dvar":10.2376556396,"dvar2":27.8238945007,"max":33.5000305176,"mean":17.4048290253,"median":16.851726532,"min":1.62687325478,"var":34.0272026062},"melbands_flatness_db":{"dmean":0.043203342706,"dmean2":0.0679729059339,"dvar":0.00147660181392,"dvar2":0.00362648628652,"max":0.718719542027,"mean":0.33638432622,"median":0.334838300943,"min":0.00247822841629,"var":0.00793781504035},"melbands_kurtosis":{"dmean":14.6399765015,"dmean2":23.7476615906,"dvar":410.028808594,"dvar2":1083.87316895,"max":347.60925293,"mean":30.1387615204,"median":19.0687942505,"min":-1.90490889549,"var":1212.70959473},"melbands_skewness":{"dmean":1.00535547733,"dmean2":1.60512983799,"dvar":0.887956261635,"dvar2":2.22353625298,"max":12.7042207718,"mean":3.40388441086,"median":3.13696336746,"min":-1.80877912045,"var":4.13629579544},"melbands_spread":{"dmean":3.43772101402,"dmean2":5.25861644745,"dvar":57.1497688293,"dvar2":114.32434082,"max":208.55632019,"mean":10.0577583313,"median":4.57862758636,"min":0.292508691549,"var":403.282012939},"mfcc":{"cov":[[12275.0800781,2185.23608398,-1579.86108398,571.618103027,-933.792297363,-372.309631348,-265.983551025,-43.4733810425,-169.016265869,-419.555328369,-446.691497803,-198.850570679,-241.69593811],[2185.23608398,2066.85839844,143.425125122,-31.3477916718,9.25206851959,-47.2321624756,-60.4511032104,-52.7349281311,-44.7279548645,-50.0315818787,16.3576221466,-61.9416351318,-9.07634830475],[-1579.86108398,143.425125122,853.536804199,-85.2626495361,266.448242188,90.7920837402,27.8679962158,-34.5958099365,1.80822217464,124.933273315,145.596008301,51.310798645,51.6490974426],[571.618103027,-31.3477916718,-85.2626495361,466.378387451,-31.0742225647,80.6952362061,42.2002792358,26.2287750244,28.852388382,-0.619892597198,-51.4017868042,13.9050941467,12.9062280655],[-933.792297363,9.25206851959,266.448242188,-31.0742225647,322.909088135,122.31729126,62.8083572388,31.5355682373,19.7147941589,37.7222900391,42.4804534912,35.7570304871,45.0012435913],[-372.309631348,-47.2321624756,90.7920837402,80.6952362061,122.31729126,217.390045166,115.53440094,46.7979850769,36.9825630188,9.21958637238,-24.8587875366,16.5397510529,37.0418891907],[-265.983551025,-60.4511032104,27.8679962158,42.2002792358,62.8083572388,115.53440094,202.441299438,90.1615753174,30.4353370667,1.49910974503,-43.4769477844,4.91068506241,24.6958732605],[-43.4733810425,-52.7349281311,-34.5958099365,26.2287750244,31.5355682373,46.7979850769,90.1615753174,142.160324097,44.3700866699,-13.4881286621,-15.1707811356,3.81947779655,12.2460107803],[-169.016265869,-44.7279548645,1.80822217464,28.852388382,19.7147941589,36.9825630188,30.4353370667,44.3700866699,123.671333313,43.9980812073,-10.1444826126,15.3116970062,19.90259552],[-419.555328369,-50.0315818787,124.933273315,-0.619892597198,37.7222900391,9.21958637238,1.49910974503,-13.4881286621,43.9980812073,136.396530151,62.6613922119,20.7340164185,14.4179916382],[-446.691497803,16.3576221466,145.596008301,-51.4017868042,42.4804534912,-24.8587875366,-43.4769477844,-15.1707811356,-10.1444826126,62.6613922119,145.641693115,42.7239608765,8.19622421265],[-198.850570679,-61.9416351318,51.310798645,13.9050941467,35.7570304871,16.5397510529,4.91068506241,3.81947779655,15.3116970062,20.7340164185,42.7239608765,96.2422866821,28.1010074615],[-241.69593811,-9.07634830475,51.6490974426,12.9062280655,45.0012435913,37.0418891907,24.6958732605,12.2460107803,19.90259552,14.4179916382,8.19622421265,28.1010074615,77.4242553711]],"icov":[[0.000210017504287,-0.000244643015321,0.000230190664297,-0.000194296400878,0.000295422243653,0.0000212322083826,0.000220632762648,-0.000192197214346,0.00022583307873,-0.0000149907200466,0.000410293025197,-0.000228333330597,0.000268100760877],[-0.000244643015321,0.000806805328466,-0.000406253850088,0.000179742870387,-0.000362472550478,0.0000857062914292,-0.000226928197662,0.000380878220312,-0.000343987165252,0.000401847384637,-0.000658802629914,0.000703560304828,-0.000418282928877],[0.000230190664297,-0.000406253850088,0.00230619870126,-0.0000408296000387,-0.000936134369113,-0.000268934410997,-0.00017741015472,0.000560614047572,0.000513796287123,-0.000975239730906,-0.00084469030844,-0.00011372280278,-0.0000397562471335],[-0.000194296400878,0.000179742870387,-0.0000408296000387,0.00271928729489,0.00032560681575,-0.00131222163327,0.000137316819746,-0.000159543415066,-0.000101147023088,-0.000587887479924,0.000513861654326,-0.00054734328296,-0.000311797426548],[0.000295422243653,-0.000362472550478,-0.000936134369113,0.00032560681575,0.00585017679259,-0.00254242611118,0.000599983497523,-0.00126122287475,0.000591841118876,-0.0000601307474426,0.000275874248473,-0.000928449735511,-0.000559043546673],[0.0000212322083826,0.0000857062914292,-0.000268934410997,-0.00131222163327,-0.00254242611118,0.00904834922403,-0.00397134525701,0.000992866116576,-0.00136845023371,0.000820229062811,0.000661209749524,0.0000722432887414,-0.00116426835302],[0.000220632762648,-0.000226928197662,-0.00017741015472,0.000137316819746,0.000599983497523,-0.00397134525701,0.0105075528845,-0.00596030242741,0.0021040472202,-0.00216790661216,0.0039816070348,-0.00100486364681,-0.000293907389278],[-0.000192197214346,0.000380878220312,0.000560614047572,-0.000159543415066,-0.00126122287475,0.000992866116576,-0.00596030242741,0.0125059820712,-0.00489988690242,0.00361201283522,-0.00344500225037,0.00127678841818,-0.000233357190154],[0.00022583307873,-0.000343987165252,0.000513796287123,-0.000101147023088,0.000591841118876,-0.00136845023371,0.0021040472202,-0.00489988690242,0.0127517227083,-0.00602316856384,0.0040592039004,-0.00213607703336,-0.00105737301055],[-0.0000149907200466,0.000401847384637,-0.000975239730906,-0.000587887479924,-0.0000601307474426,0.000820229062811,-0.00216790661216,0.00361201283522,-0.00602316856384,0.0131382700056,-0.00594307435676,0.00153961882461,-0.00031636536005],[0.000410293025197,-0.000658802629914,-0.00084469030844,0.000513861654326,0.000275874248473,0.000661209749524,0.0039816070348,-0.00344500225037,0.0040592039004,-0.00594307435676,0.0145080359653,-0.0055912216194,0.00103636225685],[-0.000228333330597,0.000703560304828,-0.00011372280278,-0.00054734328296,-0.000928449735511,0.0000722432887414,-0.00100486364681,0.00127678841818,-0.00213607703336,0.00153961882461,-0.0055912216194,0.0145837655291,-0.00427842931822],[0.000268100760877,-0.000418282928877,-0.0000397562471335,-0.000311797426548,-0.000559043546673,-0.00116426835302,-0.000293907389278,-0.000233357190154,-0.00105737301055,-0.00031636536005,0.00103636225685,-0.00427842931822,0.0165687091649]],"mean":[-771.769836426,173.822509766,12.897315979,38.1602134705,3.3730802536,9.8861541748,5.39538097382,2.88535261154,-1.18907487392,-4.57249355316,-6.75560331345,-3.02943634987,-2.22972130775]},"pitch_salience":{"dmean":0.0824086219072,"dmean2":0.133690267801,"dvar":0.00482317386195,"dvar2":0.0126530742273,"max":0.874000072479,"mean":0.525494158268,"median":0.53720241785,"min":0.084755435586,"var":0.0177968684584},"silence_rate_20dB":{"dmean":0,"dmean2":0,"dvar":0,"dvar2":0,"max":1,"mean":1,"median":1,"min":1,"var":0},"silence_rate_30dB":{"dmean":0.00497447326779,"dmean2":0.00995024852455,"dvar":0.00494959112257,"dvar2":0.0129935666919,"max":1,"mean":0.996335089207,"median":1,"min":0,"var":0.00365142594092},"silence_rate_60dB":{"dmean":0.0329886116087,"dmean2":0.0659858584404,"dvar":0.0318971760571,"dvar2":0.0736735910177,"max":1,"mean":0.0920157060027,"median":0,"min":0,"var":0.083541341126},"spectral_centroid":{"dmean":152.417907715,"dmean2":228.788299561,"dvar":109128.117188,"dvar2":196527.5625,"max":11773.1435547,"mean":716.41595459,"median":408.265563965,"min":113.540908813,"var":1709418.5},"spectral_complexity":{"dmean":1.93402278423,"dmean2":3.00523686409,"dvar":5.25712966919,"dvar2":10.2311306,"max":39,"mean":8.56361293793,"median":7,"min":0,"var":38.2228279114},"spectral_contrast_coeffs":{"dmean":[0.0549222193658,0.048915810883,0.0404407233,0.0344168841839,0.0282240714878,0.0360942035913],"dmean2":[0.0912382900715,0.079277805984,0.0655105188489,0.0556280165911,0.0450885333121,0.0572129115462],"dvar":[0.00190257432405,0.00160624936689,0.00120993959717,0.000774832733441,0.000577107130084,0.00138695095666],"dvar2":[0.00531053403392,0.00418956205249,0.00298642716371,0.00193930207752,0.00138531671837,0.00318317231722],"max":[-0.325763255358,-0.41572535038,-0.496892988682,-0.621304571629,-0.643809437752,-0.444885522127],"mean":[-0.635304510593,-0.750996649265,-0.811611950397,-0.831891655922,-0.842849731445,-0.795687615871],"median":[-0.632845878601,-0.754962801933,-0.826308012009,-0.830367743969,-0.839275836945,-0.815775811672],"min":[-0.981022655964,-0.98008108139,-0.984928786755,-0.987671911716,-0.975223064423,-0.96556520462],"var":[0.0126062836498,0.008330184035,0.0064820246771,0.00378880999051,0.00367401540279,0.00623637158424]},"spectral_contrast_valleys":{"dmean":[0.402037829161,0.434825360775,0.403884142637,0.422542154789,0.444312214851,0.714546978474],"dmean2":[0.667175710201,0.699570178986,0.629174768925,0.662061154842,0.676660180092,1.1565836668],"dvar":[0.127065807581,0.164685338736,0.154713019729,0.182866603136,0.223405018449,0.392814218998],"dvar2":[0.311012119055,0.37150016427,0.331860631704,0.413470119238,0.493984997272,0.968463301659],"max":[-5.64254570007,-4.50824451447,-5.27510595322,-6.37495183945,-5.79312038422,-9.11773014069],"mean":[-7.60487413406,-7.57336854935,-8.23341178894,-8.98683452606,-9.03757953644,-11.9689512253],"median":[-7.14587020874,-7.14021253586,-7.80388736725,-8.53001022339,-8.65607070923,-11.6368246078],"min":[-28.0821266174,-28.067150116,-27.8137264252,-27.5878295898,-27.5019264221,-27.4534549713],"var":[6.7613992691,7.25294828415,6.8983540535,6.25415945053,6.36077690125,4.58501052856]},"spectral_decrease":{"dmean":2.0301242909e-9,"dmean2":3.12971826233e-9,"dvar":8.16973948257e-18,"dvar2":1.94338838817e-17,"max":2.31908270365e-9,"mean":-5.12918640894e-9,"median":-3.19316928454e-9,"min":-3.96963280025e-8,"var":2.85333503846e-17},"spectral_energy":{"dmean":0.00784828513861,"dmean2":0.0121119162068,"dvar":0.00012357273954,"dvar2":0.00029134057695,"max":0.158355414867,"mean":0.0235910881311,"median":0.0166989043355,"min":9.99292906556e-21,"var":0.000484182150103},"spectral_energyband_high":{"dmean":0.0000750570034143,"dmean2":0.000103659462184,"dvar":9.73557661155e-8,"dvar2":1.62971772966e-7,"max":0.0073274075985,"mean":0.000144025558257,"median":0.0000203232430067,"min":7.01142763345e-21,"var":2.97439157748e-7},"spectral_energyband_low":{"dmean":0.00321971951053,"dmean2":0.0051191765815,"dvar":0.0000201126385946,"dvar2":0.0000475137712783,"max":0.0982743352652,"mean":0.00670577678829,"median":0.00456551276147,"min":1.00908602084e-23,"var":0.0000569294352317},"spectral_energyband_middle_high":{"dmean":0.0009372420609,"dmean2":0.0014240964083,"dvar":0.00000833776721265,"dvar2":0.0000209561876545,"max":0.0638652071357,"mean":0.00179282040335,"median":0.000351084250724,"min":1.27329591901e-21,"var":0.0000174699198396},"spectral_energyband_middle_low":{"dmean":0.00640687346458,"dmean2":0.00991235952824,"dvar":0.000108505111712,"dvar2":0.000255875085713,"max":0.147761970758,"mean":0.0151745416224,"median":0.00736986845732,"min":1.42695067527e-22,"var":0.000358103658073},"spectral_entropy":{"dmean":0.33045861125,"dmean2":0.523375809193,"dvar":0.0999197810888,"dvar2":0.250910133123,"max":9.82932662964,"mean":6.86564731598,"median":6.8468503952,"min":4.86857652664,"var":0.433109045029},"spectral_flux":{"dmean":0.0205809939653,"dmean2":0.0340573638678,"dvar":0.000538596068509,"dvar2":0.00142747361679,"max":0.310500770807,"mean":0.0691903084517,"median":0.0631560832262,"min":6.3248219162e-11,"var":0.00185668107588},"spectral_kurtosis":{"dmean":6.08383083344,"dmean2":9.82359409332,"dvar":63.7143325806,"dvar2":165.006286621,"max":129.176635742,"mean":16.719373703,"median":13.9146347046,"min":-1.25756049156,"var":122.149047852},"spectral_rms":{"dmean":0.000733493536245,"dmean2":0.00111739861313,"dvar":6.24560470897e-7,"dvar2":0.00000143814986586,"max":0.0124295251444,"mean":0.00426183314994,"median":0.0040362868458,"min":3.12237063461e-12,"var":0.00000485243754156},"spectral_rolloff":{"dmean":2609.36645508,"dmean2":5085.90771484,"dvar":42607660,"dvar2":110517688,"max":22050,"mean":6445.94287109,"median":689.0625,"min":64.599609375,"var":87867728},"spectral_skewness":{"dmean":0.516782701015,"dmean2":0.806643903255,"dvar":0.335684090853,"dvar2":0.839939117432,"max":9.91990184784,"mean":2.83689379692,"median":2.71623802185,"min":-0.0826685652137,"var":1.14690601826},"spectral_spread":{"dmean":672548.6875,"dmean2":1076511,"dvar":836697522176,"dvar2":1723608465410,"max":42469908,"mean":4077294.75,"median":3401215.75,"min":1193217.125,"var":19050319052800},"spectral_strongpeak":{"dmean":2.41292929649,"dmean2":4.53625440598,"dvar":98.3734664917,"dvar2":294.53515625,"max":96.1441955566,"mean":2.48109531403,"median":0.432104349136,"min":0,"var":93.7321243286},"zerocrossingrate":{"dmean":0.0347882658243,"dmean2":0.0436018928885,"dvar":0.00122239394113,"dvar2":0.00182400911581,"max":0.8583984375,"mean":0.189130306244,"median":0.15625,"min":0.00390625,"var":0.0182077493519}},"metadata":{"audio_properties":{"analysis_sample_rate":44100,"bit_rate":320000,"codec":"mp3","downmix":"mix","equal_loudness":0,"length":177.371429443,"lossless":false,"md5_encoded":"80cd0b4510338b7fcae9552845c67734","replay_gain":-8.62658309937,"sample_rate":44100},"tags":{"album":["Backspacer"],"albumartist":["Pearl Jam"],"albumartistsort":["Pearl Jam"],"artist":["Pearl Jam"],"artistsort":["Pearl Jam"],"barcode":["804879199724"],"catalognumber":["MWR9724"],"composer":["Eddie Vedder"],"date":["2009"],"discnumber":["1/1"],"file_name":"11. Pearl Jam - The End.mp3","genre":["Grunge"],"isrc":["USA320900011"],"label":["Monkeywrench"],"lyricist":["Eddie Vedder"],"musicbrainz album release country":["US"],"musicbrainz album status":["official"],"musicbrainz album type":["album"],"musicbrainz_albumartistid":["83b9cbe7-9857-49e2-ab8e-b57b01038103"],"musicbrainz_albumid":["2fe339f1-dd0b-4694-b0d9-cab1f1126a12"],"musicbrainz_artistid":["83b9cbe7-9857-49e2-ab8e-b57b01038103"],"musicbrainz_recordingid":["9ffcd701-72bc-463e-a6b3-87681d14348f"],"musicip_puid":["8fecc1bc-e154-7fc9-e16e-fb2fa39a8958"],"title":["The End"],"tracknumber":["11/11"]},"version":{"essentia":"2.1-beta1","essentia_build_sha":"ca57ba49d9b1854bd80e60cf9ccf267278fb7d6b","essentia_git_sha":"v2.1_beta1-28-g21ef5f4-dirty","extractor":"music 1.0"}},"rhythm":{"beats_count":342,"beats_loudness":{"dmean":0.0193191282451,"dmean2":0.0332913324237,"dvar":0.00040904225898,"dvar2":0.00109757797327,"max":0.0958709269762,"mean":0.0267941821367,"median":0.0197193175554,"min":0,"var":0.000536254083272},"beats_loudness_band_ratio":{"dmean":[0.238809227943,0.209093958139,0.0942097082734,0.0586372502148,0.0186592526734,0.101019762456],"dmean2":[0.412496268749,0.37112095952,0.168054312468,0.107854925096,0.0