{"lowlevel":{"average_loudness":0.543534338474,"barkbands":{"dmean":[0.0000168172482518,0.00192315503955,0.00353996851481,0.00582775659859,0.00213508540764,0.00102236680686,0.000930421869271,0.000355452561053,0.000382155150874,0.000195135915419,0.000138758274261,0.000228716831771,0.000149991625221,0.000163029268151,0.000179286318598,0.000214722618693,0.000134161717142,0.0000918587757042,0.0000756055815145,0.0000453472894151,0.000039406138967,0.0000271716799034,0.0000254992919508,0.0000192813022295,0.0000072799193731,9.79632318376e-7,1.13867258733e-7],"dmean2":[0.0000275905058515,0.00319922738709,0.00616101548076,0.00976240634918,0.00351977767423,0.00160571560264,0.00146942900028,0.000568272487726,0.000587353715673,0.000311136594974,0.000225858893828,0.000374673487386,0.000245621107752,0.000265173788648,0.000287842965918,0.000345909269527,0.000213285282371,0.000147090060636,0.000122334415209,0.0000745982688386,0.000060921171098,0.0000419704883825,0.0000349940346496,0.0000274454469036,0.0000102554477053,0.00000136029052555,1.67754066638e-7],"dvar":[8.68228211548e-10,0.00000920124512049,0.0000298516952171,0.000111930821731,0.00000843785073812,0.00000379134348805,0.00000722301274436,8.719393918e-7,7.4316477594e-7,3.46432017295e-7,2.03368159646e-7,2.16745903003e-7,1.19793071462e-7,1.67534921047e-7,3.88745263535e-7,2.46850277108e-7,6.45527578058e-8,3.18745989603e-8,1.92638580643e-8,1.50785286479e-8,2.01293506308e-8,1.78185892707e-8,2.50779077504e-8,2.24449276942e-8,2.01125538446e-9,3.8567350702e-11,3.47613675041e-13],"dvar2":[2.18202811375e-9,0.000024272238079,0.0000849796633702,0.000284187146463,0.000022211286705,0.00000948441811488,0.0000170172570506,0.00000216824059862,0.00000171005660832,8.22772221909e-7,5.43780458884e-7,5.32760452643e-7,3.2472297562e-7,4.11718502846e-7,0.00000100686872884,6.20206606072e-7,1.60665109661e-7,8.20164345328e-8,4.78497028666e-8,3.59869538613e-8,4.28159125931e-8,3.74631810018e-8,5.03864754364e-8,5.20184570973e-8,5.00397367986e-9,8.50346459913e-11,7.34268331901e-13],"max":[0.000604699540418,0.0590823814273,0.0929411500692,0.142416477203,0.0430395938456,0.0489647909999,0.147946968675,0.0260154549032,0.0330274440348,0.0199396684766,0.0202648099512,0.0251020621508,0.0101127903908,0.013176982291,0.0189871173352,0.0131140965968,0.00517887622118,0.00636118836701,0.00416433811188,0.00450681895018,0.00410478608683,0.00393925607204,0.00939493812621,0.00750639056787,0.00210550683551,0.00037575874012,0.0000412042427342],"mean":[0.0000212159357034,0.00305047142319,0.00460568303242,0.00650829169899,0.00365843949839,0.00197773706168,0.00164893292822,0.000579566985834,0.000718747265637,0.000349932088284,0.000242649941356,0.000405236030929,0.000281965767499,0.000293144170428,0.000374089780962,0.000486008182634,0.0003010679211,0.000229734287132,0.000167275356944,0.0000869719224283,0.0000807015385362,0.0000458607937617,0.0000427813683928,0.0000284089474007,0.00000964404443948,0.00000140894007927,1.56060053769e-7],"median":[0.00000629208534519,0.00133812054992,0.00242624618113,0.00269635790028,0.00249286368489,0.00105539453216,0.00034494115971,0.000196670822334,0.00026219827123,0.0000936156720854,0.0000581266285735,0.000197778077563,0.000136116490467,0.0000892225725693,0.0000623271262157,0.000113688671263,0.0000869438154041,0.0000845604590722,0.0000750417239033,0.0000253053567576,0.0000147040027514,0.00000590189301874,0.00000217695060201,0.00000107331993604,2.96507352004e-7,3.74648578827e-8,1.20133556436e-8],"min":[3.49073041042e-24,1.22253056143e-23,4.55221904124e-23,7.61792799866e-24,1.09484515666e-22,5.72140619718e-23,7.07259303028e-23,4.69347657701e-23,7.41659002749e-23,3.69768104804e-23,6.65979347817e-23,8.56503645251e-23,1.57964032016e-22,2.54325549913e-22,1.44042290492e-22,2.23415329073e-22,7.79513850127e-23,3.82547329613e-22,2.76294581438e-22,3.35687098577e-22,3.76258379016e-22,6.01710130428e-22,5.7481943989e-22,6.49364548758e-22,1.12017905229e-21,1.67536385785e-21,2.39027267565e-21],"var":[1.50460222059e-9,0.0000234492854361,0.000039837868826,0.000117838972074,0.0000139538369694,0.00000868307779456,0.0000237290805671,0.00000159363571584,0.00000193634468815,0.0000010347865782,5.01546594478e-7,4.82858240503e-7,3.38695372193e-7,4.7301253403e-7,0.00000146556135405,0.00000114695660614,2.57050317032e-7,1.75932441948e-7,6.42281818841e-8,3.36756507124e-8,4.80968260774e-8,4.13197120963e-8,6.25457445835e-8,3.44648185546e-8,2.52110310406e-9,4.97776854458e-11,5.25914110438e-13]},"barkbands_crest":{"dmean":2.61867642403,"dmean2":4.37762975693,"dvar":5.08287811279,"dvar2":13.6355581284,"max":23.3317375183,"mean":9.83051681519,"median":9.21132469177,"min":2.91900348663,"var":11.8903236389},"barkbands_flatness_db":{"dmean":0.0281527731568,"dmean2":0.0454934686422,"dvar":0.00100330961868,"dvar2":0.00236897845753,"max":0.530511796474,"mean":0.21670652926,"median":0.196905046701,"min":0.0458688661456,"var":0.0069733094424},"barkbands_kurtosis":{"dmean":5.24876117706,"dmean2":8.45252418518,"dvar":123.833015442,"dvar2":288.483154297,"max":308.546142578,"mean":9.06664943695,"median":4.44652843475,"min":-1.97852778435,"var":412.964447021},"barkbands_skewness":{"dmean":0.65617954731,"dmean2":1.04532659054,"dvar":0.491249799728,"dvar2":1.13472151756,"max":14.7390985489,"mean":2.06933164597,"median":1.936373353,"min":-11.5346269608,"var":2.6328625679},"barkbands_spread":{"dmean":3.82510089874,"dmean2":6.08901309967,"dvar":29.3331775665,"dvar2":63.6668701172,"max":153.24961853,"mean":13.6258497238,"median":11.2306280136,"min":0.465141415596,"var":143.639450073},"dissonance":{"dmean":0.0216691456735,"dmean2":0.0359183698893,"dvar":0.000587600574363,"dvar2":0.00149428786244,"max":0.500000059605,"mean":0.450748383999,"median":0.462990641594,"min":0.100337035954,"var":0.00191846466623},"dynamic_complexity":4.000415802,"erbbands":{"dmean":[0.0340912044048,0.522844612598,2.90498828888,13.6941375732,11.3544778824,6.57728815079,8.24294471741,9.25358390808,14.6543216705,8.16479301453,7.78646469116,7.66700553894,6.92140436172,5.97147226334,6.46285247803,7.282579422,6.68409156799,7.68022871017,8.91725730896,7.65991830826,12.4549598694,7.11062431335,4.38069486618,4.28974962234,3.034314394,1.93209254742,1.82777810097,1.30426681042,1.02700579166,0.766296327114,0.729819178581,0.38402274251,0.345696687698,0.122353546321,0.0319312438369,0.00711541576311,0.00128848163877,0.000209738005651,0.0000207603661693,0.0000123254158098],"dmean2":[0.0565381906927,0.871547460556,4.98243999481,22.8686027527,18.9909305573,10.9286527634,13.8342990875,14.3470954895,23.230424881,12.7923660278,12.3186998367,11.9239177704,10.6193552017,9.49460411072,10.4916334152,11.8339481354,10.8963766098,12.4921035767,14.4498806,12.2201471329,20.2175369263,11.3342123032,6.96494436264,6.93002223969,4.92808485031,3.15095043182,2.8979344368,1.95210182667,1.59355926514,1.09954452515,1.00258028507,0.545370995998,0.50436270237,0.176087260246,0.0419778898358,0.00973043218255,0.00179167720489,0.00029226069455,0.0000304085515381,0.0000195285047084],"dvar":[0.00263232947327,0.685944139957,20.2328681946,520.473815918,385.639129639,82.8051528931,176.769744873,385.811035156,1950.11608887,591.906616211,336.867736816,442.934783936,270.49331665,279.850067139,282.195404053,230.05897522,253.377212524,367.233123779,1182.91833496,443.822723389,820.826538086,180.230667114,69.1467819214,74.5255355835,30.6165466309,31.7769069672,32.9227752686,32.6723899841,24.7635536194,19.0038070679,23.8547897339,6.09845876694,8.58892822266,0.685770273209,0.0240954756737,0.00158137478866,0.0000727589285816,0.00000254191604654,1.00878647658e-8,3.03182756678e-10],"dvar2":[0.00706227961928,1.81957495213,57.9145736694,1321.11816406,989.584533691,222.025009155,486.998809814,946.748168945,4663.03662109,1457.14428711,827.342102051,1000.62353516,559.390441895,687.998168945,752.292663574,538.308837891,688.014465332,899.05279541,3072.24755859,1042.16296387,2198.60522461,443.784729004,177.802276611,195.297912598,77.255821228,74.4758987427,71.8461608887,69.0791091919,52.2755393982,37.9968223572,49.527141571,13.4034252167,19.8946876526,1.67186653614,0.0521795153618,0.00341879646294,0.000154629669851,0.00000525590485267,2.25869190018e-8,7.18735293503e-10],"max":[1.15078616142,16.243434906,73.5426635742,283.487579346,241.28314209,179.93788147,289.849761963,577.012145996,2530.00805664,830.561767578,608.253540039,750.851989746,629.41973877,659.664733887,676.627258301,997.66784668,554.546508789,733.94708252,1159.17529297,557.794006348,700.920471191,333.289611816,212.769104004,342.389251709,123.770729065,228.901290894,152.802093506,182.8775177,173.652389526,145.97718811,321.283782959,120.611938477,135.489944458,37.5931167603,5.57450866699,1.94805181026,0.566307604313,0.126530125737,0.00668085273355,0.000243587637669],"mean":[0.0512791983783,0.848576128483,4.17819929123,16.7898044586,14.6470737457,10.9739723206,14.1311883926,18.0429401398,26.9390354156,14.8123636246,13.8531389236,14.8247241974,13.3603544235,11.9325065613,12.3027906418,14.329158783,13.6298055649,15.075304985,18.7962665558,19.0918521881,28.0525970459,17.6718978882,12.256893158,11.5964241028,7.17186021805,3.95193338394,3.58780813217,2.55071282387,1.74582874775,1.33459377289,1.21995830536,0.610117137432,0.488200426102,0.163764774799,0.043873898685,0.0102099440992,0.0019466066733,0.000313305819873,0.0000378059012291,0.000031447289075],"median":[0.0260050967336,0.391917139292,2.34277153015,7.65918254852,7.62383937836,7.27638149261,8.68375682831,8.65005874634,6.90412187576,4.86076450348,5.22362327576,5.02407360077,5.13797950745,3.76368951797,4.27377557755,7.67095756531,6.9204583168,5.26009082794,3.71606779099,3.55392551422,6.91466331482,5.63773012161,5.05222845078,5.19051408768,3.35785961151,1.0519323349,0.630294322968,0.386262089014,0.259452611208,0.109657332301,0.059408262372,0.0304056480527,0.0134234307334,0.00515880249441,0.00112764874939,0.000263113965048,0.0000601954598096,0.0000152633001562,0.000013586813111,0.0000224831564992],"min":[4.04419829808e-22,3.56432166339e-21,4.42495001871e-20,4.1217715221e-20,8.09311507994e-20,5.38048883518e-19,4.07095180709e-19,6.63783748746e-19,1.19765061388e-18,5.51794143757e-19,1.35627304289e-18,1.75753298137e-18,1.38644373195e-18,1.36729563815e-18,3.61045188148e-18,4.16600954193e-18,6.70320698633e-18,9.84802442535e-18,1.16215650059e-17,1.03824236329e-17,8.95318126587e-18,6.28279161282e-18,1.74620044154e-17,1.64227032609e-17,1.49092224747e-17,1.64116140776e-17,1.85670333413e-17,1.13031972502e-17,1.96082717528e-17,1.98273290314e-17,1.77384481761e-17,1.26059132436e-17,1.27104763176e-17,1.17149702407e-17,8.32884022877e-18,7.47483745767e-18,2.71833386853e-18,1.05390988788e-18,3.61746580439e-19,3.80488121438e-20],"var":[0.00520577467978,1.74451732635,29.5584259033,608.921813965,428.339080811,139.819046021,337.024383545,857.738586426,6498.90527344,1301.93066406,693.259399414,1100.82995605,779.378845215,833.224914551,710.277709961,576.504272461,686.004089355,1227.09863281,4099.11865234,2175.43383789,3339.83764648,844.036560059,413.993713379,438.756256104,105.134788513,72.181854248,77.5930252075,76.4574661255,56.5749359131,45.8211746216,56.8414611816,11.3975257874,12.7737159729,0.942576706409,0.0365428738296,0.00220970390365,0.0000986741288216,0.00000363317872143,1.46965684067e-8,8.12885203594e-10]},"erbbands_crest":{"dmean":2.32779860497,"dmean2":3.86935925484,"dvar":4.82331371307,"dvar2":12.3325986862,"max":28.2081394196,"mean":8.57497406006,"median":7.62794828415,"min":2.28391003609,"var":14.9419193268},"erbbands_flatness_db":{"dmean":0.0188636835665,"dmean2":0.0281976927072,"dvar":0.000660300604068,"dvar2":0.00139657210093,"max":0.460806399584,"mean":0.211023122072,"median":0.202529773116,"min":0.0182402450591,"var":0.00380656355992},"erbbands_kurtosis":{"dmean":0.990344941616,"dmean2":1.55247449875,"dvar":6.52022981644,"dvar2":13.6497545242,"max":93.5076065063,"mean":0.501038908958,"median":-0.595006465912,"min":-1.82478845119,"var":22.7331790924},"erbbands_skewness":{"dmean":0.362624496222,"dmean2":0.565967619419,"dvar":0.136653766036,"dvar2":0.30306121707,"max":8.24378490448,"mean":0.412969917059,"median":0.352408528328,"min":-3.94600534439,"var":0.887339949608},"erbbands_spread":{"dmean":6.94891929626,"dmean2":10.8084383011,"dvar":69.6295089722,"dvar2":149.808197021,"max":189.522674561,"mean":36.9258270264,"median":36.2575721741,"min":1.51029872894,"var":329.22668457},"gfcc":{"cov":[[23152.2089844,-593.209533691,-4595.86816406,1546.17321777,-1070.21472168,446.655731201,-628.925231934,405.88482666,-107.270950317,201.053070068,-89.2299423218,-35.7603225708,94.9622650146],[-593.209533691,2428.38867188,-24.4904327393,-653.28326416,378.993621826,-389.950531006,224.142745972,-243.586074829,148.320846558,-263.121459961,258.892120361,-89.8264923096,68.9499588013],[-4595.86816406,-24.4904327393,1862.17687988,-424.384429932,-46.1046676636,98.3666610718,70.2289505005,-64.460975647,-71.2710342407,26.9674835205,-121.578437805,21.8423404694,-52.0783119202],[1546.17321777,-653.28326416,-424.384429932,566.684814453,-120.288002014,88.3994064331,-47.2617340088,34.0415916443,-9.44466686249,39.9836616516,-14.274725914,-11.8156795502,21.6384334564],[-1070.21472168,378.993621826,-46.1046676636,-120.288002014,381.569580078,-143.721679688,59.2084541321,-26.4797058105,37.3572425842,-34.1576576233,53.4455413818,-1.75094246864,-14.7122964859],[446.655731201,-389.950531006,98.3666610718,88.3994064331,-143.721679688,206.001403809,-28.1433258057,36.5559539795,-37.1409339905,38.5089607239,-51.2259368896,7.04771947861,-2.27922105789],[-628.925231934,224.142745972,70.2289505005,-47.2617340088,59.2084541321,-28.1433258057,171.289505005,-24.6594772339,10.8215379715,-20.891418457,18.1558074951,-6.91152334213,23.020483017],[405.88482666,-243.586074829,-64.460975647,34.0415916443,-26.4797058105,36.5559539795,-24.6594772339,116.920761108,8.13503074646,40.7680053711,-35.8429336548,25.9250335693,-6.73990535736],[-107.270950317,148.320846558,-71.2710342407,-9.44466686249,37.3572425842,-37.1409339905,10.8215379715,8.13503074646,102.866371155,-3.6121969223,28.4644012451,-5.57610654831,32.4456710815],[201.053070068,-263.121459961,26.9674835205,39.9836616516,-34.1576576233,38.5089607239,-20.891418457,40.7680053711,-3.6121969223,115.612091064,-31.0812625885,31.9386138916,-2.7607665062],[-89.2299423218,258.892120361,-121.578437805,-14.274725914,53.4455413818,-51.2259368896,18.1558074951,-35.8429336548,28.4644012451,-31.0812625885,129.059326172,1.07736098766,9.46657180786],[-35.7603225708,-89.8264923096,21.8423404694,-11.8156795502,-1.75094246864,7.04771947861,-6.91152334213,25.9250335693,-5.57610654831,31.9386138916,1.07736098766,61.135559082,11.9676618576],[94.9622650146,68.9499588013,-52.0783119202,21.6384334564,-14.7122964859,-2.27922105789,23.020483017,-6.73990535736,32.4456710815,-2.7607665062,9.46657180786,11.9676618576,76.2994766235]],"icov":[[0.000378412136342,-0.00103322870564,0.000855930091348,-0.000967546307947,0.000865518930368,-0.00107295240741,0.00106601102743,-0.00112780800555,0.00112430355512,-0.00117706542369,0.00122674042359,-0.000430565822171,0.000429571809946],[-0.00103322870564,0.0046159545891,-0.00208136439323,0.00445170421153,-0.00247102091089,0.00410120561719,-0.00381818716414,0.00457045156509,-0.00397156272084,0.00464593200013,-0.00484156189486,0.00261855614372,-0.00231978739612],[0.000855930091348,-0.00208136439323,0.00281211780384,-0.00127647584304,0.00205498212017,-0.00281871901825,0.00190525443759,-0.00146102940198,0.00233001704328,-0.00265066465363,0.00338698760606,-0.00132787134498,0.00140647997614],[-0.000967546307947,0.00445170421153,-0.00127647584304,0.00690605165437,-0.00194945640396,0.00298614171334,-0.00347731867805,0.00445362646133,-0.00338685768656,0.00357949268073,-0.00452558975667,0.00355621613562,-0.00291918590665],[0.000865518930368,-0.00247102091089,0.00205498212017,-0.00194945640396,0.00593337370083,-0.000393875379814,0.00140967045445,-0.00254635512829,0.00169291475322,-0.00256925518624,0.00257805013098,-0.00186870596372,0.00275373505428],[-0.00107295240741,0.00410120561719,-0.00281871901825,0.00298614171334,-0.000393875379814,0.0117615628988,-0.00350794638507,0.00230853445828,-0.00195012893528,0.00336920749396,-0.00391822354868,0.00288347457536,-0.00261879502796],[0.00106601102743,-0.00381818716414,0.00190525443759,-0.00347731867805,0.00140967045445,-0.00350794638507,0.010430091992,-0.00382319604978,0.00428396789357,-0.00375253730454,0.0035466349218,-0.000567447335925,-0.00121586653404],[-0.00112780800555,0.00457045156509,-0.00146102940198,0.00445362646133,-0.00254635512829,0.00230853445828,-0.00382319604978,0.0177981648594,-0.00789431482553,0.00318444124423,-0.000949838373344,-0.00353325903416,0.00146111589856],[0.00112430355512,-0.00397156272084,0.00233001704328,-0.00338685768656,0.00169291475322,-0.00195012893528,0.00428396789357,-0.00789431482553,0.0181460604072,-0.00575314369053,0.00128827302251,0.00316726625897,-0.00556237343699],[-0.00117706542369,0.00464593200013,-0.00265066465363,0.00357949268073,-0.00256925518624,0.00336920749396,-0.00375253730454,0.00318444124423,-0.00575314369053,0.0169968903065,-0.00298936874606,-0.00370887247846,-0.000524964765646],[0.00122674042359,-0.00484156189486,0.00338698760606,-0.00452558975667,0.00257805013098,-0.00391822354868,0.0035466349218,-0.000949838373344,0.00128827302251,-0.00298936874606,0.0163697078824,-0.00654575973749,0.00400944799185],[-0.000430565822171,0.00261855614372,-0.00132787134498,0.00355621613562,-0.00186870596372,0.00288347457536,-0.000567447335925,-0.00353325903416,0.00316726625897,-0.00370887247846,-0.00654575973749,0.0262560285628,-0.00894761923701],[0.000429571809946,-0.00231978739612,0.00140647997614,-0.00291918590665,0.00275373505428,-0.00261879502796,-0.00121586653404,0.00146111589856,-0.00556237343699,-0.000524964765646,0.00400944799185,-0.00894761923701,0.020656818524]],"mean":[-89.2372970581,164.100860596,-119.047592163,37.4717788696,-39.9209976196,-5.35466241837,-29.5258655548,-7.53944063187,-18.0448722839,-14.5121994019,-6.41814088821,-10.8217611313,-7.91736268997]},"hfc":{"dmean":2.97153353691,"dmean2":4.42575979233,"dvar":22.3036270142,"dvar2":47.5325088501,"max":127.340942383,"mean":12.1331863403,"median":7.32568836212,"min":1.1860154004e-16,"var":167.4765625},"melbands":{"dmean":[0.000425073114457,0.00120346795302,0.00221947138198,0.000567875045817,0.000279264349956,0.000203314120881,0.000212067025132,0.000083031860413,0.0000614741074969,0.0000510083009431,0.000035759043385,0.0000261121385847,0.0000208311485039,0.0000271554217761,0.0000182076237252,0.0000150978339661,0.0000142596063597,0.0000151717840708,0.000012101446373,0.0000111719127744,0.0000156262012752,0.00000823701338959,0.00000526630628883,0.00000517771150044,0.00000376036337002,0.00000292234562949,0.00000204254251912,0.00000127894668367,0.0000013337139535,9.60665602179e-7,7.85754707522e-7,6.24260110271e-7,5.39976326763e-7,4.48115912377e-7,4.7087553412e-7,3.38164198865e-7,2.24530126047e-7,2.72843209359e-7,1.86703857707e-7,8.06317288493e-8],"dmean2":[0.000703657919075,0.00205174996518,0.00369620649144,0.000933065835852,0.000467794772703,0.000315860670526,0.000333494041115,0.000130392916617,0.0000969878237811,0.0000788200268289,0.0000550341501366,0.0000415846661781,0.000033775515476,0.0000445609657618,0.0000294274432235,0.0000245558640017,0.0000231689173233,0.0000244800066866,0.0000192860989046,0.0000177524289029,0.000025550598366,0.0000131104525281,0.00000850494689075,0.00000839682434162,0.00000609825019637,0.00000478913034385,0.00000337390156346,0.00000211088013202,0.00000218734317059,0.00000150294818013,0.00000119756145978,9.90693251879e-7,8.41383837269e-7,6.32500871234e-7,6.55179974274e-7,4.807010896e-7,3.27075525774e-7,4.07191407703e-7,2.74022085023e-7,1.18371175972e-7],"dvar":[4.28936914432e-7,0.00000320467074744,0.0000141209229696,7.18583464732e-7,1.7552977738e-7,1.76126064844e-7,3.86169176636e-7,5.64590472152e-8,2.02115479908e-8,1.64498210609e-8,7.28502547176e-9,5.59275825651e-9,4.35686953182e-9,3.76315822948e-9,1.48249368337e-9,1.23336696412e-9,1.3749833494e-9,3.24906901383e-9,1.43923217788e-9,7.67484409359e-10,1.31209076937e-9,2.78207346049e-10,1.04991938754e-10,9.76061453883e-11,6.12294520641e-11,2.62845283733e-11,2.13229659624e-11,1.70425392548e-11,1.59653922027e-11,1.40022030429e-11,1.17987789677e-11,9.00731399189e-12,7.39905879621e-12,6.74502250927e-12,1.07173809757e-11,4.20190618411e-12,2.88970214944e-12,6.19522575601e-12,2.26003612526e-12,2.9237211068e-13],"dvar2":[0.00000113921328193,0.00000912691666599,0.0000356571254088,0.00000185056512692,4.84183999561e-7,4.37070582393e-7,9.10056030534e-7,1.40208314292e-7,4.79472248571e-8,3.68122812233e-8,1.52773029782e-8,1.36690694319e-8,1.18156764373e-8,9.25453491618e-9,3.77250364281e-9,3.12791992307e-9,3.34938587976e-9,7.99759547476e-9,3.51349904726e-9,1.84485782206e-9,3.55876372815e-9,6.94225121833e-10,2.73707972953e-10,2.57535825998e-10,1.57849580629e-10,6.84454645739e-11,5.57614857066e-11,3.94940607995e-11,3.68786702565e-11,3.16168410897e-11,2.55469274207e-11,1.99399819573e-11,1.60342138872e-11,1.38837014801e-11,2.26547131749e-11,8.76177429221e-12,7.04391579787e-12,1.50292903123e-11,5.34986161274e-12,7.50627533221e-13],"max":[0.0139981340617,0.0278011020273,0.0498554930091,0.012031561695,0.00807242747396,0.0113339861855,0.0359165109694,0.00739257317036,0.00466469721869,0.00474692508578,0.00310388300568,0.0028250485193,0.00309766200371,0.00367913278751,0.00126506004017,0.00120630674064,0.00141834001988,0.00189187331125,0.00119720038492,0.000834955426399,0.000918815145269,0.000352117902366,0.000284447654849,0.000309691968141,0.000303889304632,0.000103581689473,0.000143375145853,0.000183409210877,0.000112292189442,0.000098792501376,0.000114923568617,0.0000973851783783,0.0000788673132774,0.0000879826620803,0.000216772983549,0.0000945553838392,0.0000972712223302,0.000127193939989,0.0000646646367386,0.0000254446640611],"mean":[0.000672884343658,0.001872374909,0.00281133293174,0.000868551782332,0.000493117899168,0.000399037147872,0.000394883652916,0.000147815837408,0.000109853761387,0.0000958751625149,0.0000671105735819,0.0000494369087392,0.0000383808619517,0.0000455285371572,0.0000347730456269,0.0000285578098556,0.000026356185117,0.0000290516854875,0.0000259366152022,0.0000269871707133,0.0000325969995174,0.0000183129650395,0.0000116629880722,0.0000121033735923,0.00000911413826543,0.00000619894854026,0.00000387967111237,0.00000225080202654,0.00000234077356254,0.00000176464629931,0.00000138465031796,0.0000010125480685,7.9294011357e-7,7.24436290511e-7,7.57888585667e-7,5.13819315984e-7,3.22455235846e-7,3.7401034092e-7,2.44882045308e-7,1.02596615648e-7],"median":[0.000310893665301,0.00107642298099,0.00137704517692,0.000532402191311,0.000318592617987,0.000191828672541,0.000107201121864,0.0000513077975484,0.0000382252183044,0.000033661013731,0.0000251368583122,0.0000147723130794,0.0000108500335045,0.0000198487905436,0.0000173255903064,0.0000134070114655,0.00000850009382702,0.00000507662298332,0.00000480110702483,0.0000054735392041,0.00000708661445969,0.00000460236242361,0.00000401748002332,0.0000044561265895,0.00000371091755369,0.00000281591837847,0.00000144065029417,4.27805446179e-7,4.32220389257e-7,2.55907195879e-7,2.00389351335e-7,1.59741887273e-7,6.76461553439e-8,4.79044892643e-8,3.59362637425e-8,2.34356356543e-8,1.53876413833e-8,9.72449143433e-9,5.7927689312e-9,3.20785265018e-9],"min":[3.59666733024e-24,1.64220172311e-23,7.00277505363e-24,2.17193775596e-23,1.77177165348e-23,1.39262411873e-23,1.64820006366e-23,6.23589102437e-24,1.15747099377e-23,1.06461110006e-23,6.74781836451e-24,4.90200296429e-24,9.77829379623e-24,1.00084431765e-23,1.74616175751e-23,1.33928844407e-23,1.95143882672e-23,2.14080378261e-23,1.03306747125e-23,1.69794342354e-23,9.04739129058e-24,4.18849720818e-24,1.4988313023e-23,1.62680647146e-23,1.29764739567e-23,1.03458176864e-23,1.00482838076e-23,1.10820868128e-23,1.12746887805e-23,9.17616336702e-24,5.33847418112e-24,8.19709074261e-24,1.67817867133e-23,8.94377204409e-24,9.77888859735e-24,1.01930957929e-23,6.5228308956e-24,9.32417812753e-24,8.12156362183e-24,1.04043424881e-23],"var":[0.00000102138278635,0.00000544538943359,0.000016247813619,0.00000104854996152,3.4288800066e-7,4.09039955684e-7,0.00000130690239075,1.20998663533e-7,4.46513119812e-8,4.12740739364e-8,2.09979216237e-8,1.62168110052e-8,1.03185140432e-8,7.25379578626e-9,4.07560118987e-9,3.61702778839e-9,4.24287360801e-9,1.05344328816e-8,5.64754376597e-9,3.94499855005e-9,4.6573651602e-9,1.04208919272e-9,4.17063883429e-10,4.53700771397e-10,3.19676451976e-10,8.0449397144e-11,4.61114930961e-11,3.46204627466e-11,3.30555825767e-11,2.90367053318e-11,2.5629238315e-11,1.90438203401e-11,1.52050334129e-11,1.54914692185e-11,2.48080340992e-11,9.02493704769e-12,3.96870080202e-12,8.40137074493e-12,3.13731462684e-12,3.2408751789e-13]},"melbands_crest":{"dmean":4.07526826859,"dmean2":6.79610490799,"dvar":11.5457639694,"dvar2":30.3093452454,"max":34.6403656006,"mean":15.0891723633,"median":14.2528009415,"min":1.89337968826,"var":26.6143684387},"melbands_flatness_db":{"dmean":0.0335980392992,"dmean2":0.0540073812008,"dvar":0.00137237203307,"dvar2":0.00319559755735,"max":0.682866454124,"mean":0.297120392323,"median":0.270717054605,"min":0.00629132427275,"var":0.0119902426377},"melbands_kurtosis":{"dmean":11.2353048325,"dmean2":18.2297611237,"dvar":646.257202148,"dvar2":1692.70458984,"max":710.866760254,"mean":21.2234783173,"median":11.8271141052,"min":-1.58437335491,"var":1778.953125},"melbands_skewness":{"dmean":0.866260051727,"dmean2":1.38002884388,"dvar":0.945233166218,"dvar2":2.22248983383,"max":19.5243186951,"mean":3.21961212158,"median":2.9154458046,"min":-0.720208227634,"var":3.30973935127},"melbands_spread":{"dmean":4.37345409393,"dmean2":7.02188253403,"dvar":46.0092163086,"dvar2":99.0386199951,"max":185.777236938,"mean":13.7305583954,"median":10.086192131,"min":0.372101575136,"var":231.203445435},"mfcc":{"cov":[[13104.9550781,-734.84375,-2501.87451172,797.993713379,-272.504302979,91.0715713501,-258.241119385,31.0476379395,191.304229736,139.777099609,-99.1108551025,103.283981323,4.93839693069],[-734.84375,2092.57104492,-46.6886138916,-86.4745407104,147.179595947,-152.71913147,43.7383613586,53.3935127258,-107.006568909,-84.801864624,63.4503211975,13.3615818024,-14.7350225449],[-2501.87451172,-46.6886138916,1527.39074707,-278.340789795,-85.7623443604,82.2205734253,68.3595199585,-44.6027565002,0.218020021915,-6.2382311821,-42.2454147339,-74.6783065796,-1.3072385788],[797.993713379,-86.4745407104,-278.340789795,297.629608154,0.967123448849,27.5600738525,-7.69779396057,-5.99881744385,17.705329895,3.84583640099,-11.5330305099,24.2674179077,13.1001281738],[-272.504302979,147.179595947,-85.7623443604,0.967123448849,226.257949829,-29.6758155823,-11.9609575272,2.90181183815,-42.9718513489,-15.3047914505,27.0983715057,8.39442443848,-1.4416731596],[91.0715713501,-152.71913147,82.2205734253,27.5600738525,-29.6758155823,119.353416443,26.7159633636,-14.8740158081,25.0544109344,8.26940631866,-13.4043321609,-1.26332986355,-3.36187505722],[-258.241119385,43.7383613586,68.3595199585,-7.69779396057,-11.9609575272,26.7159633636,113.872825623,17.4961948395,-13.4342222214,-15.5067138672,10.2668685913,2.70944809914,-3.20418524742],[31.0476379395,53.3935127258,-44.6027565002,-5.99881744385,2.90181183815,-14.8740158081,17.4961948395,76.2783050537,4.63070297241,1.31177473068,4.63907337189,-0.93085962534,-5.64205360413],[191.304229736,-107.006568909,0.218020021915,17.705329895,-42.9718513489,25.0544109344,-13.4342222214,4.63070297241,122.339111328,25.9585323334,-19.9506492615,-4.09499740601,2.48645687103],[139.777099609,-84.801864624,-6.2382311821,3.84583640099,-15.3047914505,8.26940631866,-15.5067138672,1.31177473068,25.9585323334,69.0346832275,2.86373353004,-6.97494888306,1.59315991402],[-99.1108551025,63.4503211975,-42.2454147339,-11.5330305099,27.0983715057,-13.4043321609,10.2668685913,4.63907337189,-19.9506492615,2.86373353004,63.7250366211,14.2546005249,-4.81171894073],[103.283981323,13.3615818024,-74.6783065796,24.2674179077,8.39442443848,-1.26332986355,2.70944809914,-0.93085962534,-4.09499740601,-6.97494888306,14.2546005249,61.1838378906,14.4460763931],[4.93839693069,-14.7350225449,-1.3072385788,13.1001281738,-1.4416731596,-3.36187505722,-3.20418524742,-5.64205360413,2.48645687103,1.59315991402,-4.81171894073,14.4460763931,62.403263092]],"icov":[[0.000139615251101,0.00000582731217946,0.000217630586121,-0.000138339979458,0.000203616466024,-0.00018663755327,0.000211447724723,-0.0000429695974162,8.97462996363e-7,-0.000144984878716,0.000191496394109,-0.0000314492208418,0.0000512606384291],[0.00000582731217946,0.000588722119574,-0.0000119926307889,0.0000494747218909,-0.000216363579966,0.000624818436336,-0.00022633979097,-0.000228868826525,0.000126033934066,0.000498473295011,-0.000272200297331,-0.0000159233404702,0.0000892119642231],[0.000217630586121,-0.0000119926307889,0.00129184883554,0.000690516375471,0.000502614537254,-0.000926094944589,-0.00014690097305,0.000506995129399,0.0000678531068843,-0.000174752189196,0.000756990222726,0.000730844098143,-0.000246994779445],[-0.000138339979458,0.0000494747218909,0.000690516375471,0.00464759068564,-0.000260349013843,-0.00117957778275,-0.000365199608495,0.000543283356819,-0.000200760827283,0.000106000043161,0.000974498922005,-0.000802422000561,-0.000711563217919],[0.000203616466024,-0.000216363579966,0.000502614537254,-0.000260349013843,0.00548506667838,-0.0000937758159125,0.00118228665087,-0.000161507210578,0.00129858427681,0.000452210952062,-0.00134249730036,0.0000660569567117,-0.0000163433178386],[-0.00018663755327,0.000624818436336,-0.000926094944589,-0.00117957778275,-0.0000937758159125,0.0118591692299,-0.00365990283899,0.00230652675964,-0.00168285216205,-0.000699808530044,0.00100115616806,-0.000783135532402,0.00139128230512],[0.000211447724723,-0.00022633979097,-0.00014690097305,-0.000365199608495,0.00118228665087,-0.00365990283899,0.0115782096982,-0.00345116201788,0.00125402957201,0.00225906190462,-0.00214901869185,-0.000281052605715,-0.0000922594044823],[-0.0000429695974162,-0.000228868826525,0.000506995129399,0.000543283356819,-0.000161507210578,0.00230652675964,-0.00345116201788,0.0150589253753,-0.00145860249177,-0.000991534558125,0.00018157211889,0.000454756314866,0.00114293175284],[8.97462996363e-7,0.000126033934066,0.0000678531068843,-0.000200760827283,0.00129858427681,-0.00168285216205,0.00125402957201,-0.00145860249177,0.0103184469044,-0.00303565291688,0.00231033656746,-0.000318693637382,-0.000136610353366],[-0.000144984878716,0.000498473295011,-0.000174752189196,0.000106000043161,0.000452210952062,-0.000699808530044,0.00225906190462,-0.000991534558125,-0.00303565291688,0.0176792405546,-0.00387976621278,0.00267582945526,-0.00114663934801],[0.000191496394109,-0.000272200297331,0.000756990222726,0.000974498922005,-0.00134249730036,0.00100115616806,-0.00214901869185,0.00018157211889,0.00231033656746,-0.00387976621278,0.0202482864261,-0.00499174930155,0.00238469312899],[-0.0000314492208418,-0.0000159233404702,0.000730844098143,-0.000802422000561,0.0000660569567117,-0.000783135532402,-0.000281052605715,0.000454756314866,-0.000318693637382,0.00267582945526,-0.00499174930155,0.0202213637531,-0.00495315995067],[0.0000512606384291,0.0000892119642231,-0.000246994779445,-0.000711563217919,-0.0000163433178386,0.00139128230512,-0.0000922594044823,0.00114293175284,-0.000136610353366,-0.00114663934801,0.00238469312899,-0.00495315995067,0.0177244152874]],"mean":[-714.116210938,175.065444946,-6.4015545845,38.8744049072,9.01166534424,4.49774599075,0.473068654537,3.76604270935,-7.18301773071,-4.10508394241,-2.86704850197,0.120360173285,-4.85470104218]},"pitch_salience":{"dmean":0.0847906395793,"dmean2":0.143895998597,"dvar":0.00514665292576,"dvar2":0.0142669687048,"max":0.827852487564,"mean":0.558648169041,"median":0.564166724682,"min":0.120666868985,"var":0.0101320696995},"silence_rate_20dB":{"dmean":0,"dmean2":0,"dvar":0,"dvar2":0,"max":1,"mean":1,"median":1,"min":1,"var":0},"silence_rate_30dB":{"dmean":0.00547036901116,"dmean2":0.0109416441992,"dvar":0.00544077018276,"dvar2":0.0136408172548,"max":1,"mean":0.995193123817,"median":1,"min":0,"var":0.00478358659893},"silence_rate_60dB":{"dmean":0.0188976377249,"dmean2":0.0377984084189,"dvar":0.018534950912,"dvar2":0.0413485392928,"max":1,"mean":0.0585115216672,"median":0,"min":0,"var":0.0550831779838},"spectral_centroid":{"dmean":185.295715332,"dmean2":293.295288086,"dvar":54433.9453125,"dvar2":109454.007812,"max":10453.9833984,"mean":850.143737793,"median":745.772216797,"min":152.416061401,"var":354655.375},"spectral_complexity":{"dmean":2.28810620308,"dmean2":3.71551728249,"dvar":4.7515912056,"dvar2":11.4055023193,"max":43,"mean":14.9472894669,"median":14,"min":0,"var":69.9380264282},"spectral_contrast_coeffs":{"dmean":[0.0605232641101,0.0441898442805,0.0343427434564,0.0284914821386,0.0223243460059,0.0193172656],"dmean2":[0.101153686643,0.0734862610698,0.0555778816342,0.0459708310664,0.0354454405606,0.030298832804],"dvar":[0.00231212098151,0.00133029161952,0.000755289918743,0.000537134998012,0.000416759226937,0.000352864008164],"dvar2":[0.00624457420781,0.00355319096707,0.00194444484077,0.00135773106012,0.000944313476793,0.000800817157142],"max":[-0.328555732965,-0.402824133635,-0.539286017418,-0.579406738281,-0.532219469547,-0.589995741844],"mean":[-0.610236763954,-0.724791944027,-0.780413150787,-0.775272786617,-0.770763158798,-0.748593449593],"median":[-0.612769782543,-0.726240515709,-0.781204342842,-0.775397896767,-0.767882347107,-0.73789948225],"min":[-0.948868215084,-0.963316142559,-0.962123513222,-0.964185655117,-0.956967115402,-0.961409091949],"var":[0.00578109547496,0.00478552468121,0.00273013394326,0.00339312711731,0.00374943669885,0.00366192148067]},"spectral_contrast_valleys":{"dmean":[0.433441698551,0.345689088106,0.327946126461,0.332697331905,0.309277802706,0.379103899002],"dmean2":[0.722981750965,0.553557991982,0.50179541111,0.490662992001,0.439010828733,0.505338132381],"dvar":[0.130920797586,0.101091690361,0.111588574946,0.151805087924,0.191990956664,0.283944278955],"dvar2":[0.328370898962,0.221481710672,0.219833299518,0.283671140671,0.344996929169,0.522115528584],"max":[-5.2455534935,-4.69240045547,-5.44549703598,-5.99470472336,-5.96532201767,-7.52173852921],"mean":[-7.11793804169,-7.01089429855,-7.82846641541,-8.44274425507,-8.60375785828,-12.090086937],"median":[-6.90419387817,-6.78689527512,-7.57321453094,-8.0704908371,-8.21741294861,-11.8776769638],"min":[-27.5054607391,-26.9466171265,-27.2644424438,-27.0083580017,-27.3141689301,-27.2173805237],"var":[1.88146412373,2.11774611473,2.51323509216,2.86544132233,3.15137243271,2.76222872734]},"spectral_decrease":{"dmean":2.74871481132e-9,"dmean2":4.43488268331e-9,"dvar":1.4940976284e-17,"dvar2":3.65372161661e-17,"max":6.35416059064e-17,"mean":-6.64919186377e-9,"median":-4.71649252987e-9,"min":-4.71573109451e-8,"var":3.59418975879e-17},"spectral_energy":{"dmean":0.0105603886768,"dmean2":0.0170164555311,"dvar":0.000219688139623,"dvar2":0.000535881961696,"max":0.181226328015,"mean":0.0261961817741,"median":0.018632337451,"min":1.08148097445e-20,"var":0.000551373814233},"spectral_energyband_high":{"dmean":0.000112247595098,"dmean2":0.000155796427862,"dvar":2.68375288215e-7,"dvar2":5.11821724558e-7,"max":0.0149919977412,"mean":0.000244330614805,"median":0.0000412971203332,"min":7.48144393597e-21,"var":7.31374825591e-7},"spectral_energyband_low":{"dmean":0.0074133654125,"dmean2":0.0123786618933,"dvar":0.000107426843897,"dvar2":0.000281979213469,"max":0.125191792846,"mean":0.011805116199,"median":0.0072013088502,"min":6.63199906858e-23,"var":0.000170454659383},"spectral_energyband_middle_high":{"dmean":0.000743420328945,"dmean2":0.00116625067312,"dvar":0.00000182986491382,"dvar2":0.00000442311102233,"max":0.0342194885015,"mean":0.00315144727938,"median":0.0014344251249,"min":1.85707116423e-21,"var":0.0000202811534109},"spectral_energyband_middle_low":{"dmean":0.00775084458292,"dmean2":0.0124118421227,"dvar":0.00014791621652,"dvar2":0.000361123151379,"max":0.160951003432,"mean":0.0151533847675,"median":0.00998828932643,"min":3.8221641193e-22,"var":0.000249253556831},"spectral_entropy":{"dmean":0.210993245244,"dmean2":0.331557452679,"dvar":0.0754751712084,"dvar2":0.170524030924,"max":9.81135463715,"mean":6.90077018738,"median":7.0560798645,"min":4.19207000732,"var":0.539667546749},"spectral_flux":{"dmean":0.0255655329674,"dmean2":0.041389875114,"dvar":0.000896126381122,"dvar2":0.00210715644062,"max":0.364131361246,"mean":0.0805656835437,"median":0.0731170848012,"min":1.03994278466e-10,"var":0.002169709187},"spectral_kurtosis":{"dmean":9.09482002258,"dmean2":14.8389854431,"dvar":491.645843506,"dvar2":1071.58825684,"max":365.380462646,"mean":19.5668869019,"median":6.63265419006,"min":-1.19252085686,"var":1911.33776855},"spectral_rms":{"dmean":0.000946515705436,"dmean2":0.00148225727025,"dvar":0.00000112182988232,"dvar2":0.0000024730604764,"max":0.013296848163,"mean":0.00455546192825,"median":0.0042635537684,"min":3.24823544798e-12,"var":0.00000480484141008},"spectral_rolloff":{"dmean":288.645721436,"dmean2":491.546051025,"dvar":544404.9375,"dvar2":1409459.375,"max":21727.0019531,"mean":921.79083252,"median":452.197265625,"min":107.666015625,"var":3717067},"spectral_skewness":{"dmean":0.587988197803,"dmean2":0.960142672062,"dvar":1.00130319595,"dvar2":2.15206241608,"max":15.925661087,"mean":2.41106295586,"median":1.67417049408,"min":-0.11090990901,"var":5.56658220291},"spectral_spread":{"dmean":389602.875,"dmean2":566892.5625,"dvar":329526706176,"dvar2":545828995072,"max":40905180,"mean":2980062.25,"median":2639559.5,"min":241963.40625,"var":4361274785790},"spectral_strongpeak":{"dmean":0.322616964579,"dmean2":0.545192360878,"dvar":0.268399357796,"dvar2":0.723274052143,"max":8.37795639038,"mean":0.536755442619,"median":0.372424781322,"min":0,"var":0.361973285675},"zerocrossingrate":{"dmean":0.00605088332668,"dmean2":0.00752055924386,"dvar":0.000102284437162,"dvar2":0.000114852329716,"max":0.79296875,"mean":0.0377695634961,"median":0.029296875,"min":0.00537109375,"var":0.00388766499236}},"metadata":{"audio_properties":{"analysis_sample_rate":44100,"bit_rate":0,"codec":"flac","downmix":"mix","equal_loudness":0,"length":280.14666748,"lossless":true,"md5_encoded":"5e4856dc58a9a8883f612bb55b796b22","replay_gain":-14.2245674133,"sample_rate":44100},"tags":{"album":["In This Light and on This Evening"],"albumartist":["Editors"],"albumartistsort":["Editors"],"artist":["Editors"],"artistsort":["Editors"],"asin":["B002I6251G"],"composer":["Ed Lay","Chris Urbanowicz","Russell Leetch","Thomas Smith"],"date":["2009-10-09"],"discid":["670a3c09"],"file_name":"06 - Editors - The Boxer.flac","format":["CD"],"genre":["Alternative Rock","Rock","Britpop","Indie Rock","Indie","Post Punk","British","Synthpop","New Wave","Post-Punk","Masterpiece","Lieder Des Tages","Alternative","Nostalgic"],"isrc":["GBGAC0900032"],"label":["Kitchenware Records"],"language":["eng"],"mixer":["Darren Lawson","Rob Kirwan","Ben Hillier"],"musicbrainz_albumartistid":["0efe858c-89e5-4e47-906a-356fa953fd6e"],"musicbrainz_albumid":["f2fc5441-88f1-456b-aa80-770fe66961a8"],"musicbrainz_artistid":["0efe858c-89e5-4e47-906a-356fa953fd6e"],"musicbrainz_recordingid":["a00f500a-5c91-4cf3-8e3a-605bab7dad5d"],"musicip_puid":["f306bacc-8aa9-51ff-d65a-c7a230361d19"],"originaldate":["2009-10-09"],"producer":["Flood"],"releasecountry":["DE"],"releasestatus":["official"],"releasetype":["album"],"replaygain_album_gain":["-9.77 dB"],"replaygain_album_peak":["1.00000000"],"replaygain_reference_loudness":["89.0 dB"],"replaygain_track_gain":["-9.05 dB"],"replaygain_track_peak":["0.97802734"],"script":["Latn"],"title":["The Boxer"],"totaltracks":["9"],"tracknumber":["6"],"tracktotal":["9"]},"version":{"essentia":"2.1-beta1","essentia_build_sha":"81dca3489dfd3c4275b86ac4d56d870715677d3f","essentia_git_sha":"v2.1_beta1-28-g21ef5f4","extractor":"music 1