{"lowlevel":{"average_loudness":0.445073872805,"barkbands":{"dmean":[0.000570416566916,0.00155733397696,0.0013395587448,0.00123100972269,0.00308715482242,0.00147935934365,0.000499169400427,0.000443774973974,0.000468367972644,0.000315474113449,0.000070860805863,0.000137964176247,0.000127909035655,0.000359770521754,0.00019779415743,0.0000165829624166,0.0000101430305222,0.0000103838256109,0.0000102432595668,0.000008730722584,0.0000175418335857,0.00000431439639215,0.00000181379971309,0.00000144528530654,0.00000127367923142,0.000001362455464,0.0000096672492873],"dmean2":[0.000918684643693,0.00267077144235,0.00220977212302,0.00202243728563,0.00470390589908,0.00229703029618,0.000773316423874,0.000707857019734,0.00073403067654,0.000479951238958,0.000112098496174,0.000219410329009,0.000210046157008,0.000573877012357,0.000322101957863,0.0000273133355222,0.0000162781052495,0.0000156823152793,0.0000154933040903,0.0000130269518195,0.0000276971732092,0.00000654213772577,0.00000290476054943,0.00000237363474298,0.0000021331525204,0.00000222370636038,0.000014832389752],"dvar":[0.00000148435174196,0.00000473087311548,0.00000387644331568,0.00000529388580617,0.0000315529578074,0.0000146368729474,0.00000196072278413,0.00000135121945277,0.00000302313878819,0.00000301351360577,6.69866082603e-8,1.30446338176e-7,9.04883137309e-8,7.17414820883e-7,5.50994684545e-7,2.41796516143e-9,5.70581526471e-10,1.1164006386e-9,1.89415749752e-9,1.10101494588e-9,1.8102422894e-9,1.12043339884e-10,1.79030505698e-11,1.04622881539e-11,8.7346692379e-12,9.07071032868e-12,4.57443610768e-10],"dvar2":[0.00000369552117263,0.0000139191215567,0.0000106513798528,0.0000126594622998,0.0000660049990984,0.0000360410595022,0.00000462591515316,0.00000311503799821,0.00000673380964145,0.00000649569847155,1.59378586773e-7,3.35528341111e-7,2.39998854568e-7,0.00000186611782738,0.00000146416266489,6.24939877625e-9,1.51994083986e-9,2.02918282177e-9,2.93704327525e-9,1.42870315578e-9,4.11030853797e-9,2.06676314951e-10,4.15196037273e-11,2.56029728668e-11,2.15075457444e-11,2.19724932693e-11,1.00510100243e-9],"max":[0.0217037647963,0.0239969156682,0.0327861942351,0.0576577149332,0.0920566767454,0.0924604162574,0.0358178019524,0.02445913665,0.0614126101136,0.0557138435543,0.00694308290258,0.0088304374367,0.00706329010427,0.0137234320864,0.0166374053806,0.0016734902747,0.000665683706757,0.0020749066025,0.00309302308597,0.00241444632411,0.000787012104411,0.000384869548725,0.000114152797323,0.0000776814194978,0.000057772074797,0.0000606107169006,0.000720737152733],"mean":[0.000757184519898,0.00237047323026,0.00206648162566,0.0018572062254,0.0059735593386,0.00274222739972,0.00085538480198,0.000704777077772,0.000699172611348,0.000530986289959,0.000113605026854,0.000248127704253,0.000233980317716,0.00066790758865,0.000321660889313,0.0000236596915784,0.0000171125666384,0.0000177353831532,0.0000172016661963,0.0000125005899463,0.000017598782506,0.00000619634511168,0.00000242851774601,0.00000164612629305,0.00000117068805139,0.00000161171863056,0.0000196338332898],"median":[0.000185552140465,0.00136874383315,0.00113494950347,0.000725516001694,0.00185685697943,0.000216279018787,0.000114000249596,0.0000736846923246,0.0000643202365609,0.0000269942029263,0.0000166431746038,0.0000410504580941,0.0000393853224523,0.0000689983135089,0.0000186981233128,0.00000586500482314,0.00000476002378491,0.00000446429248768,0.00000459392413177,0.00000304302602672,0.00000313291684506,0.00000211920701076,8.71110614753e-7,4.27286181548e-7,2.75883110135e-7,4.99944121657e-7,0.00000443185581389],"min":[7.97077926929e-25,3.47786527234e-23,1.70370037265e-23,1.66295917788e-23,1.51808897472e-23,2.03183407126e-22,5.04576513343e-23,6.64169637792e-23,5.54084161577e-23,6.71953486116e-23,7.69920985975e-23,4.12717731452e-23,8.13630254121e-23,1.88837712818e-22,1.68891775038e-22,1.47357752969e-22,4.78162263238e-23,1.85628828604e-22,3.62320279671e-22,3.54264154428e-22,4.0701663369e-22,6.33622469674e-22,5.59827649569e-22,9.605135041e-22,1.19012731089e-21,1.74066043719e-21,1.91021368156e-21],"var":[0.00000276191894955,0.00000759787872084,0.00000785395604908,0.0000131201004478,0.000104424034362,0.0000442582750111,0.00000505029811393,0.00000300432020595,0.00000650655874779,0.00000880142033566,1.56210134605e-7,3.73225049088e-7,2.2121403731e-7,0.00000181715040526,0.00000115955083402,3.15729420386e-9,1.32525412866e-9,2.68676703108e-9,4.30486224445e-9,2.69535549435e-9,1.95039651096e-9,2.45683751121e-10,2.73816056634e-11,1.38561002949e-11,8.70652161478e-12,1.16790370777e-11,1.49947354533e-9]},"barkbands_crest":{"dmean":2.82146430016,"dmean2":4.66302871704,"dvar":5.42400121689,"dvar2":14.2913780212,"max":26.7752761841,"mean":11.3722877502,"median":10.7994308472,"min":3.09373116493,"var":13.1905326843},"barkbands_flatness_db":{"dmean":0.0378843359649,"dmean2":0.0601390749216,"dvar":0.00105577614158,"dvar2":0.00273739174008,"max":0.425636976957,"mean":0.213881447911,"median":0.210537567735,"min":0.0333856232464,"var":0.00317626772448},"barkbands_kurtosis":{"dmean":7.86448669434,"dmean2":12.9520330429,"dvar":492.761108398,"dvar2":1432.86291504,"max":1178.30969238,"mean":15.6399831772,"median":10.7727069855,"min":-1.88732850552,"var":566.375183105},"barkbands_skewness":{"dmean":0.741592466831,"dmean2":1.19918823242,"dvar":0.689815461636,"dvar2":1.81862914562,"max":31.7986698151,"mean":2.62193465233,"median":2.479429245,"min":-2.50547671318,"var":2.17066693306},"barkbands_spread":{"dmean":3.31940531731,"dmean2":5.27664422989,"dvar":26.3451347351,"dvar2":65.3371582031,"max":136.103897095,"mean":8.54651165009,"median":6.1329832077,"min":0.362969428301,"var":69.4341125488},"dissonance":{"dmean":0.0240950193256,"dmean2":0.0409791059792,"dvar":0.000471983017633,"dvar2":0.00131708453409,"max":0.500000059605,"mean":0.456363171339,"median":0.462142109871,"min":0.218755722046,"var":0.000888817361556},"dynamic_complexity":6.33190011978,"erbbands":{"dmean":[0.0685019493103,0.306785166264,1.33386397362,2.60167837143,7.64161157608,11.7049598694,11.9119930267,12.8692150116,7.26983118057,7.0420293808,10.1283798218,10.2721319199,12.1885786057,4.72730493546,2.93864488602,5.91774654388,5.86512470245,13.3572731018,16.7508850098,2.83282971382,0.802216291428,0.565725326538,0.546338617802,0.52853089571,0.474800348282,0.400725752115,0.7345469594,0.514852523804,0.176791772246,0.0828935429454,0.0485592037439,0.0339608490467,0.0221867319196,0.0144098820165,0.00897514168173,0.00502599356696,0.00263305101544,0.00159166764934,0.00104697374627,0.000134556365083],"dmean2":[0.119745664299,0.518086969852,2.18845248222,4.29147148132,11.8318004608,17.9506378174,18.4012260437,20.1979179382,11.2844600677,11.2596387863,15.9157657623,16.0581932068,18.1166172028,7.17749881744,4.48413419724,9.22747516632,9.493724823,21.309545517,26.7048721313,4.492000103,1.29482591152,0.898056387901,0.836816549301,0.803350150585,0.70658749342,0.594172716141,1.16342794895,0.811212182045,0.268132686615,0.125850602984,0.0773646757007,0.0553328990936,0.0367207303643,0.0241251550615,0.0150281889364,0.00838591624051,0.00426688650623,0.00241310498677,0.00160479836632,0.000201690010726],"dvar":[0.0135089857504,0.163142025471,3.52526664734,16.6982364655,261.395477295,616.683044434,814.995483398,1380.52575684,345.653656006,455.584503174,874.326599121,1360.73413086,4285.67919922,436.605987549,98.8667984009,231.640686035,204.412353516,902.157653809,2983.79760742,91.9232177734,5.00239276886,1.6235203743,1.89700520039,4.45557451248,5.23287153244,2.31955337524,3.18840503693,1.54891729355,0.199587583542,0.0433387048542,0.011294557713,0.005819151178,0.00246593914926,0.00111361418385,0.00043352987268,0.000132251923787,0.0000334401556756,0.000011924201317,0.00000643453904559,9.8832650508e-8],"dvar2":[0.0417787618935,0.451907545328,9.6649312973,43.665927887,566.862365723,1310.5838623,1914.29003906,3453.07641602,783.099487305,1094.7421875,1998.6081543,3155.86987305,8344.87695312,1069.3918457,230.538269043,578.421081543,541.613586426,2346.98242188,7897.66943359,243.597930908,12.2977590561,4.2640004158,3.74297714233,7.01498317719,6.42001247406,3.18554520607,7.16222667694,3.5026550293,0.38182285428,0.0818066447973,0.0255830772221,0.0141349267215,0.00605868687853,0.00274152937345,0.00106731045526,0.000325388275087,0.0000805346644484,0.0000220223337237,0.0000124406233226,2.09743816981e-7],"max":[1.4072984457,5.85421705246,32.3990440369,70.0041351318,376.740600586,477.533416748,496.302368164,1025.51513672,375.240753174,733.72454834,617.283874512,1270.17126465,2702.12475586,637.718688965,308.781768799,372.730743408,364.403686523,497.807952881,1182.4395752,188.704574585,90.9092178345,34.7554931641,57.2100715637,142.500793457,170.341400146,110.049766541,40.9917564392,33.6789054871,16.230009079,8.23780727386,2.91924381256,2.27531313896,0.973300099373,0.650089740753,0.407706588507,0.223609670997,0.139713585377,0.135461688042,0.107749685645,0.011610721238],"mean":[0.0911689698696,0.467443436384,2.10679149628,4.41530752182,14.1425952911,20.4214057922,21.8888969421,22.6554470062,13.4585371017,12.3976430893,16.1011295319,15.9543228149,21.263010025,8.38273048401,5.70290517807,10.9764690399,11.6645917892,26.2251911163,31.6990356445,5.49020242691,1.33009314537,0.998535215855,0.971797823906,0.94477891922,0.777881741524,0.584364950657,0.730434179306,0.559983551502,0.246468707919,0.118291147053,0.0652422904968,0.0427014790475,0.0229737069458,0.013388379477,0.00827693846077,0.00488155940548,0.00331862038001,0.002279819455,0.00131773261819,0.000349078734871],"median":[0.0381893441081,0.301403641701,1.23991632462,2.39273357391,4.25840806961,5.66824817657,3.19640994072,1.88909339905,1.61891150475,1.83415317535,1.60728120804,1.60646009445,0.954304456711,0.888381719589,0.909241676331,2.00975799561,2.05053567886,3.27928304672,2.31394648552,0.620486021042,0.325724422932,0.279087424278,0.259356975555,0.244929879904,0.205087959766,0.145169973373,0.133442848921,0.120439499617,0.0806640833616,0.0418925173581,0.0232357345521,0.0120496144518,0.00577613338828,0.00325130065903,0.00196440052241,0.00124517525546,0.00100936251692,0.000873289420269,0.000348122499418,0.0000921608880162],"min":[5.44762350032e-22,9.34652134418e-21,2.53641444687e-20,4.06288627913e-20,5.24231270825e-20,4.59395723502e-20,4.63789312713e-19,1.97432564618e-18,8.78268424558e-19,1.66737763583e-18,9.7444636874e-19,9.07160602583e-19,1.69793492843e-18,2.80453766889e-18,3.09052668028e-18,1.61400959707e-18,3.60519638946e-18,6.67336065547e-18,9.33377864623e-18,8.96066807759e-18,8.65126695973e-18,4.51477329001e-18,1.14798027926e-17,1.88046575159e-17,1.27733991197e-17,1.7778736835e-17,1.24156575668e-17,2.20123001496e-17,1.98185642256e-17,1.98833192327e-17,1.47194655878e-17,2.35960631638e-17,1.33870596007e-17,1.06608501456e-17,9.18199596691e-18,5.34604348351e-18,3.39657730307e-18,1.46769054909e-18,2.35029774276e-19,2.82473164211e-20],"var":[0.0185163877904,0.249781429768,6.98319005966,39.0045433044,1037.38098145,1619.58605957,2474.06616211,3533.23925781,994.307678223,982.799621582,1804.14367676,2788.74462891,13134.9199219,1373.71875,328.56729126,658.706970215,536.240783691,2520.60107422,7127.60693359,236.570266724,8.83161830902,4.16644859314,5.45821094513,10.6575164795,13.209028244,5.28924798965,3.53379464149,1.8014497757,0.391323685646,0.094608232379,0.0181368216872,0.00908264517784,0.00280679902062,0.00111649930477,0.00043273170013,0.000137312395964,0.0000499246343679,0.0000260008928308,0.0000104684240796,4.12561377061e-7]},"erbbands_crest":{"dmean":2.83535552025,"dmean2":4.66945457458,"dvar":6.16079187393,"dvar2":16.0762290955,"max":28.8709583282,"mean":10.0855016708,"median":9.39698791504,"min":2.15847992897,"var":16.0806922913},"erbbands_flatness_db":{"dmean":0.03074365668,"dmean2":0.0489331670105,"dvar":0.000664225895889,"dvar2":0.00170525617432,"max":0.322362542152,"mean":0.18205922842,"median":0.18271549046,"min":0.0286844503134,"var":0.0025143371895},"erbbands_kurtosis":{"dmean":1.55737614632,"dmean2":2.52048397064,"dvar":5.29437732697,"dvar2":13.5914535522,"max":43.2146453857,"mean":1.37738013268,"median":0.274864912033,"min":-1.78006064892,"var":12.0264062881},"erbbands_skewness":{"dmean":0.475705325603,"dmean2":0.751938760281,"dvar":0.182974860072,"dvar2":0.43884241581,"max":5.54292488098,"mean":0.794922530651,"median":0.77382349968,"min":-3.49577999115,"var":1.0306404829},"erbbands_spread":{"dmean":8.03512859344,"dmean2":12.5682439804,"dvar":86.5359954834,"dvar2":188.895553589,"max":132.817977905,"mean":30.022228241,"median":27.3048248291,"min":3.00878620148,"var":229.619430542},"gfcc":{"cov":[[11752.3125,1024.6159668,-1257.37109375,-1135.93762207,-117.112411499,-419.913085938,-404.985534668,-708.287597656,-14.4104585648,226.970794678,69.4693374634,-396.958404541,-19.3923549652],[1024.6159668,1020.70428467,-39.6771202087,-188.11505127,97.9103775024,-97.3669128418,55.8218154907,-205.372116089,51.851940155,-48.1063537598,43.5314331055,-83.0851745605,-60.5983505249],[-1257.37109375,-39.6771202087,513.340209961,291.639312744,-65.1622467041,156.33392334,-24.656867981,218.200408936,-88.6517486572,-24.9997749329,-37.9491653442,42.5654411316,-8.89317989349],[-1135.93762207,-188.11505127,291.639312744,386.533355713,63.0927581787,24.0035800934,118.492340088,109.505233765,-20.0750637054,-11.8650255203,-29.5280418396,60.7965660095,5.13782453537],[-117.112411499,97.9103775024,-65.1622467041,63.0927581787,196.664459229,50.1202583313,93.1695785522,-62.1902923584,20.3229084015,-19.5755023956,18.4393482208,0.0317798033357,-3.92298269272],[-419.913085938,-97.3669128418,156.33392334,24.0035800934,50.1202583313,310.754974365,-10.8697366714,144.66368103,-94.5407867432,-57.2956848145,-36.2446098328,29.4806747437,10.950879097],[-404.985534668,55.8218154907,-24.656867981,118.492340088,93.1695785522,-10.8697366714,288.29586792,-10.7888345718,26.5825748444,-64.3534164429,-40.724357605,33.8809394836,15.5530223846],[-708.287597656,-205.372116089,218.200408936,109.505233765,-62.1902923584,144.66368103,-10.7888345718,284.600250244,-38.5866546631,-32.263092041,-36.026927948,48.558380127,45.4912872314],[-14.4104585648,51.851940155,-88.6517486572,-20.0750637054,20.3229084015,-94.5407867432,26.5825748444,-38.5866546631,122.84992218,51.4867248535,34.5956954956,5.38979768753,-8.89340877533],[226.970794678,-48.1063537598,-24.9997749329,-11.8650255203,-19.5755023956,-57.2956848145,-64.3534164429,-32.263092041,51.4867248535,129.285568237,73.8324356079,-13.6969060898,-3.07050704956],[69.4693374634,43.5314331055,-37.9491653442,-29.5280418396,18.4393482208,-36.2446098328,-40.724357605,-36.026927948,34.5956954956,73.8324356079,91.1227264404,13.3404169083,-4.65400838852],[-396.958404541,-83.0851745605,42.5654411316,60.7965660095,0.0317798033357,29.4806747437,33.8809394836,48.558380127,5.38979768753,-13.6969060898,13.3404169083,87.6430511475,43.9265289307],[-19.3923549652,-60.5983505249,-8.89317989349,5.13782453537,-3.92298269272,10.950879097,15.5530223846,45.4912872314,-8.89340877533,-3.07050704956,-4.65400838852,43.9265289307,86.7749252319]],"icov":[[0.000248677039053,-0.000784984906204,0.00188525044359,-0.00128508091439,0.0011606401531,-0.00071813975228,0.000535202445462,-0.000195684246137,0.000846272916533,-0.0011873242911,0.000806190597359,0.000178384172614,-0.0000758956302889],[-0.000784984906204,0.00697886850685,-0.015402440913,0.0150216603652,-0.0123211927712,0.00852510053664,-0.00445420993492,0.00186457647942,-0.00284087378532,0.00490209972486,-0.00234121340327,-0.00113105610944,0.000747512734961],[0.00188525044359,-0.015402440913,0.0463502667844,-0.0486725643277,0.0422965027392,-0.0298989713192,0.0121386088431,-0.0010767764179,0.0000919738595258,0.00191161804833,-0.0104409093037,0.0168470814824,-0.0076396339573],[-0.00128508091439,0.0150216603652,-0.0486725643277,0.0642510205507,-0.0579370744526,0.0418033786118,-0.0138607397676,-0.00771107478067,0.0146670527756,-0.0227456446737,0.0328278616071,-0.0370211452246,0.0212421622127],[0.0011606401531,-0.0123211927712,0.0422965027392,-0.0579370744526,0.0637489557266,-0.0433939062059,0.00861764699221,0.0123580126092,-0.0198716465384,0.0294151939452,-0.0413079150021,0.0421529896557,-0.0247943680733],[-0.00071813975228,0.00852510053664,-0.0298989713192,0.0418033786118,-0.0433939062059,0.0356833897531,-0.00697805220261,-0.0106884771958,0.0177213530988,-0.020870346576,0.0289530642331,-0.0313752442598,0.0191558059305],[0.000535202445462,-0.00445420993492,0.0121386088431,-0.0138607397676,0.00861764699221,-0.00697805220261,0.00926698092371,0.0000216063272092,-0.00153850100469,0.00171607814264,0.000660832505673,0.00218365993351,-0.00249521643855],[-0.000195684246137,0.00186457647942,-0.0010767764179,-0.00771107478067,0.0123580126092,-0.0106884771958,0.0000216063272092,0.0139146242291,-0.0125971147791,0.0162396915257,-0.0161385275424,0.0148550933227,-0.0128882024437],[0.000846272916533,-0.00284087378532,0.0000919738595258,0.0146670527756,-0.0198716465384,0.0177213530988,-0.00153850100469,-0.0125971147791,0.033422332257,-0.0339530035853,0.0310693792999,-0.0295411422849,0.0199355911463],[-0.0011873242911,0.00490209972486,0.00191161804833,-0.0227456446737,0.0294151939452,-0.020870346576,0.00171607814264,0.0162396915257,-0.0339530035853,0.0630811452866,-0.0616545081139,0.0471134707332,-0.0285606905818],[0.000806190597359,-0.00234121340327,-0.0104409093037,0.0328278616071,-0.0413079150021,0.0289530642331,0.000660832505673,-0.0161385275424,0.0310693792999,-0.0616545081139,0.079786375165,-0.057376448065,0.0326787158847],[0.000178384172614,-0.00113105610944,0.0168470814824,-0.0370211452246,0.0421529896557,-0.0313752442598,0.00218365993351,0.0148550933227,-0.0295411422849,0.0471134707332,-0.057376448065,0.0667535364628,-0.0373745895922],[-0.0000758956302889,0.000747512734961,-0.0076396339573,0.0212421622127,-0.0247943680733,0.0191558059305,-0.00249521643855,-0.0128882024437,0.0199355911463,-0.0285606905818,0.0326787158847,-0.0373745895922,0.0353585779667]],"mean":[-109.06313324,135.409973145,-74.4676361084,11.9316396713,-25.5091381073,-4.65660953522,-17.887922287,-22.223941803,-13.8039598465,0.801053404808,-11.3063964844,-8.28252792358,-13.1903858185]},"hfc":{"dmean":2.3801176548,"dmean2":3.50099778175,"dvar":16.3821163177,"dvar2":35.7237358093,"max":95.141708374,"mean":8.21819782257,"median":2.9222445488,"min":1.05065543261e-16,"var":134.435470581},"melbands":{"dmean":[0.000504239171278,0.000567935116123,0.00056105182739,0.000700609001797,0.000424085592385,0.000274470832665,0.00010724781896,0.000078574885265,0.0000799484259915,0.0000681622550474,0.0000616491743131,0.0000217212564166,0.00000958478995017,0.0000137152928801,0.0000174501074071,0.0000114640442916,0.0000298746599583,0.0000325136134052,0.00000890825049282,0.00000151685401306,8.63676689278e-7,6.16743136561e-7,5.55576264105e-7,4.85565635699e-7,4.46384234465e-7,3.93212957306e-7,3.3073891359e-7,2.4538834964e-7,4.11056845451e-7,5.14277701313e-7,2.31225669722e-7,1.06744259654e-7,6.53131309036e-8,4.0052050565e-8,2.89316552937e-8,2.37658905888e-8,2.00968042208e-8,1.61023407941e-8,1.33431115046e-8,1.174842712e-8],"dmean2":[0.000871058960911,0.000935934484005,0.000902480154764,0.00106989732012,0.000658718927298,0.000428709725384,0.000165906152688,0.0001252610964,0.000125405713334,0.000106422987301,0.0000921252576518,0.0000329456561303,0.0000148590906974,0.0000214720475924,0.0000282296459773,0.0000187489786185,0.000047945559345,0.0000517218759342,0.0000143304614539,0.00000249319305112,0.00000140675626881,0.00000100111924439,8.74210741131e-7,7.53996516778e-7,6.88427917339e-7,5.97089751864e-7,4.88499551921e-7,3.7219058413e-7,6.51036884847e-7,8.2434144133e-7,3.6369962686e-7,1.63304363809e-7,9.97850051476e-8,6.28028757887e-8,4.63886742352e-8,3.88615326585e-8,3.28817151285e-8,2.66335540289e-8,2.23464553528e-8,1.96732763413e-8],"dvar":[6.28081295417e-7,5.69779558646e-7,9.84721850728e-7,0.00000184621319477,8.34613615552e-7,5.76376805839e-7,7.69525172473e-8,4.64263791855e-8,5.34561337417e-8,6.57155041495e-8,1.09405654314e-7,1.03209405466e-8,1.10261511033e-9,1.30915556174e-9,1.60742130717e-9,7.53537565679e-10,4.73583128269e-9,1.02509307709e-8,1.12972053934e-9,1.98528207762e-11,5.39143642925e-12,2.20740071187e-12,1.8913590312e-12,2.27898862976e-12,3.07725936746e-12,3.50709630607e-12,2.44476531033e-12,8.54319436375e-13,9.83011415323e-13,1.75682287728e-12,3.01068171045e-13,7.48564892798e-14,3.53183533309e-14,1.0463051561e-14,4.21331340381e-15,2.6110044709e-15,2.20986237257e-15,1.28060041971e-15,9.42423680192e-16,7.43058117732e-16],"dvar2":[0.00000189231093373,0.00000156172984589,0.00000235084712585,0.00000383506448998,0.00000192762036022,0.0000014349329831,1.76746681291e-7,1.116317776e-7,1.2269300953e-7,1.50580277136e-7,2.16689358012e-7,2.55240504288e-8,2.58651233764e-9,3.22721871449e-9,4.22688906099e-9,1.93353133504e-9,1.25004762097e-8,2.69929554264e-8,2.99632962886e-9,5.15950407398e-11,1.32222002444e-11,6.08007784744e-12,4.24953518555e-12,4.16263291197e-12,5.03803812904e-12,5.08078171549e-12,2.93934212907e-12,1.30120632151e-12,2.20209722852e-12,4.16827726848e-12,6.71501862361e-13,1.51004995183e-13,6.70048394481e-14,2.27856064095e-14,9.61873674243e-15,6.24233508918e-15,5.44944872308e-15,3.14723667761e-15,2.3190919298e-15,1.82954415574e-15],"max":[0.00923137925565,0.0121783232316,0.0247957929969,0.0254531111568,0.013424645178,0.0205656643957,0.00679934769869,0.00666685588658,0.00453743943945,0.00748827680945,0.0130158429965,0.00338231027126,0.000988862942904,0.000955949479248,0.000764026946854,0.000603208318353,0.00109436910134,0.00224324828014,0.000711547676474,0.000134531393996,0.0000924912892515,0.000041676528781,0.0000368225628335,0.0000834863894852,0.00011614630057,0.000136680435389,0.00011883960542,0.0000629439018667,0.0000275987313216,0.0000178631944436,0.0000199035384867,0.00000906146669877,0.00000684627912051,0.0000035819821278,0.00000186561055671,0.00000103027593923,0.00000165743119851,7.21387607427e-7,5.82024142659e-7,5.32852141077e-7],"mean":[0.00075666513294,0.000934677955229,0.00105271697976,0.00129401090089,0.000815499923192,0.000499688205309,0.000197428205865,0.000137731651193,0.000124554266222,0.000102226564195,0.000105997140054,0.0000359456753358,0.0000165448764164,0.0000248846481554,0.0000304778932332,0.0000225995663641,0.000054181622545,0.0000597049474891,0.0000155653724505,0.00000214884812522,0.00000130373143747,0.00000100820489024,9.46378236222e-7,8.1624386894e-7,7.63765513057e-7,6.31846944543e-7,4.93206243846e-7,3.44807148167e-7,4.10445835541e-7,4.86806527533e-7,2.69029442279e-7,1.46843831317e-7,9.14267417329e-8,5.39991660276e-8,3.7702172051e-8,3.12913535083e-8,2.39839685889e-8,1.68059131056e-8,1.24849472982e-8,1.08020064005e-8],"median":[0.00037973606959,0.00061322725378,0.000491585931741,0.000410978333093,0.000147360056872,0.0000407414445363,0.0000246031449933,0.000019145085389,0.0000123570007418,0.00000921874016058,0.00000423291703555,0.00000347682566826,0.00000247433717959,0.0000040997956603,0.00000499607313031,0.00000381214022127,0.00000621994968242,0.00000407426477977,0.00000112159273158,4.56152122297e-7,3.24244950889e-7,2.81663005808e-7,2.47336288339e-7,2.00310168452e-7,1.91654862647e-7,1.70813066802e-7,1.13841402083e-7,8.6796916321e-8,7.76574466954e-8,7.17354566859e-8,6.47958273703e-8,4.63697311659e-8,3.01089322363e-8,1.88257729405e-8,1.33363116106e-8,1.00176773543e-8,5.818623805e-9,4.08639611038e-9,3.05784642052e-9,2.54469645355e-9],"min":[7.51300318738e-24,1.31634718565e-23,7.11270124305e-24,3.21968293098e-24,1.35322540745e-23,4.28201524854e-23,1.33121129726e-23,1.87991407062e-23,7.37008131288e-24,6.41270118007e-24,8.25081848115e-24,1.0791262196e-23,1.08871040628e-23,4.556103629e-24,4.77420079232e-24,1.08535616971e-23,1.2954687985e-23,1.6843799069e-23,1.26573213448e-23,9.90486889506e-24,9.88796123927e-24,3.25108255324e-24,1.02686071364e-23,6.74477099483e-24,1.73499101377e-23,9.67316151453e-24,1.02456788942e-23,1.14348172891e-23,7.24521252019e-24,9.70151475319e-24,1.36011216315e-23,1.22396818155e-23,1.06345171119e-23,1.08936239982e-23,6.78284852187e-24,1.33729846355e-23,1.4928343817e-23,9.91882542219e-24,7.83200276023e-24,9.44142179071e-24],"var":[9.89035925159e-7,0.00000109718166641,0.00000339201847055,0.00000581494259677,0.00000263769970843,0.00000157155352554,2.27706536293e-7,1.0634332881e-7,1.0829752739e-7,1.34606793267e-7,3.33828694465e-7,3.14409156488e-8,3.13423464959e-9,4.12940348582e-9,4.05880573595e-9,2.00151362151e-9,1.16331673183e-8,2.40945521313e-8,2.6165525302e-9,2.80616450216e-11,9.32075683996e-12,4.6460851659e-12,5.0855760575e-12,5.58996729114e-12,7.10703631362e-12,7.90932423722e-12,6.20833159187e-12,1.74953573764e-12,1.12731265295e-12,1.69857064612e-12,3.89394977851e-13,1.37474775487e-13,7.55249947868e-14,1.83831984059e-14,6.3996498598e-15,4.11280998001e-15,3.35686970876e-15,1.50609647214e-15,9.52647473744e-16,7.4086414358e-16]},"melbands_crest":{"dmean":3.77605319023,"dmean2":6.2927737236,"dvar":9.87933540344,"dvar2":26.3878059387,"max":39.8575515747,"mean":16.1912555695,"median":15.5055408478,"min":1.00057899952,"var":29.7796726227},"melbands_flatness_db":{"dmean":0.0443340390921,"dmean2":0.0700614973903,"dvar":0.00141693092883,"dvar2":0.00365622434765,"max":0.562545478344,"mean":0.333900272846,"median":0.332669734955,"min":-3.79659866212e-7,"var":0.00492312246934},"melbands_kurtosis":{"dmean":12.543176651,"dmean2":20.1708335876,"dvar":994.886169434,"dvar2":1788.79577637,"max":2202.03588867,"mean":25.9980678558,"median":17.5531921387,"min":-1.53876590729,"var":1928.56286621},"melbands_skewness":{"dmean":0.884325921535,"dmean2":1.40789103508,"dvar":0.944072544575,"dvar2":2.1917386055,"max":44.4853019714,"mean":3.38813114166,"median":3.13500881195,"min":-1.3309084177,"var":3.41886568069},"melbands_spread":{"dmean":3.14471435547,"dmean2":5.00526857376,"dvar":29.7754268646,"dvar2":72.4080734253,"max":198.943572998,"mean":8.51009845734,"median":5.52924919128,"min":0.321930587292,"var":132.797821045},"mfcc":{"cov":[[8454.02929688,1158.8260498,-1353.125,-505.286193848,-489.861297607,142.158874512,-532.186462402,-651.211853027,-472.730834961,79.7273864746,157.257736206,-129.57232666,-370.71685791],[1158.8260498,1059.27880859,-128.810684204,-129.308959961,-22.9115467072,73.0520019531,-57.5393562317,-109.187957764,-141.739562988,27.0966968536,82.3318557739,-59.8980751038,-93.5650482178],[-1353.125,-128.810684204,603.159545898,109.772087097,126.355552673,-82.0042800903,111.801933289,137.940750122,84.2459411621,-7.82251739502,-31.7953834534,16.4811782837,61.9966163635],[-505.286193848,-129.308959961,109.772087097,368.410705566,-16.2246894836,11.8414649963,40.6886253357,1.27368891239,74.3189620972,-7.86892080307,-4.89495944977,47.0933952332,44.0472679138],[-489.861297607,-22.9115467072,126.355552673,-16.2246894836,207.440490723,21.9238567352,47.590637207,45.7310638428,-3.05593013763,3.4926097393,-0.0775374472141,7.48489713669,50.0803489685],[142.158874512,73.0520019531,-82.0042800903,11.8414649963,21.9238567352,177.194580078,63.1962051392,3.2113263607,-9.39895820618,-22.3574008942,17.7030715942,6.34574079514,-11.2892942429],[-532.186462402,-57.5393562317,111.801933289,40.6886253357,47.590637207,63.1962051392,198.803833008,138.50189209,91.636505127,-38.0861816406,-35.0859222412,12.9163446426,26.9224357605],[-651.211853027,-109.187957764,137.940750122,1.27368891239,45.7310638428,3.2113263607,138.50189209,244.242965698,137.648330688,-28.7073764801,-63.5122795105,-10.1017398834,28.9467849731],[-472.730834961,-141.739562988,84.2459411621,74.3189620972,-3.05593013763,-9.39895820618,91.636505127,137.648330688,166.03527832,-9.54566955566,-54.2334976196,10.1588554382,24.3266544342],[79.7273864746,27.0966968536,-7.82251739502,-7.86892080307,3.4926097393,-22.3574008942,-38.0861816406,-28.7073764801,-9.54566955566,75.683265686,34.7480659485,-4.34002637863,-0.168444678187],[157.257736206,82.3318557739,-31.7953834534,-4.89495944977,-0.0775374472141,17.7030715942,-35.0859222412,-63.5122795105,-54.2334976196,34.7480659485,94.7400360107,21.5066661835,-6.87588357925],[-129.57232666,-59.8980751038,16.4811782837,47.0933952332,7.48489713669,6.34574079514,12.9163446426,-10.1017398834,10.1588554382,-4.34002637863,21.5066661835,74.2705688477,39.9220848083],[-370.71685791,-93.5650482178,61.9966163635,44.0472679138,50.0803489685,-11.2892942429,26.9224357605,28.9467849731,24.3266544342,-0.168444678187,-6.87588357925,39.9220848083,85.6218185425]],"icov":[[0.000269037875114,-0.000159410919878,0.000348375731846,0.00014798968914,0.000240608962486,-0.0000976651936071,0.000176723275217,0.000221220427193,0.000123228834127,-0.000150859472342,0.000249677163083,-0.000186833858606,0.000450160150649],[-0.000159410919878,0.00132173020393,-0.000228070784942,0.0000675224291626,-0.0000813189399196,-0.000308465823764,-0.00028497556923,-0.000103688820673,0.000587950460613,-0.0000708754378138,-0.000869153183885,0.000819318229333,0.000397104333388],[0.000348375731846,-0.000228070784942,0.00324466475286,-0.000745752127841,-0.00122909317724,0.00200263271108,-0.00108716951218,-0.000636578304693,0.00058092182735,-0.0000814895174699,-0.0000566087765037,-0.000257034931565,0.000783489609603],[0.00014798968914,0.0000675224291626,-0.000745752127841,0.00401753466576,0.00101674243342,-0.00105696951505,0.0000203295185202,0.00227461871691,-0.00272285519168,0.000426015118137,-0.000288334558718,-0.000601390784141,-0.00129000819288],[0.000240608962486,-0.0000813189399196,-0.00122909317724,0.00101674243342,0.00767548009753,-0.00202756910585,-0.000320201914292,-0.000655089330394,0.00208902312443,-0.00141488178633,0.000278745312244,0.00117719068658,-0.00423758430406],[-0.0000976651936071,-0.000308465823764,0.00200263271108,-0.00105696951505,-0.00202756910585,0.00939052831382,-0.00455446448177,0.000293568504276,0.000782233080827,0.00217764056288,-0.00237308884971,-0.000208312150789,0.00177924858872],[0.000176723275217,-0.00028497556923,-0.00108716951218,0.0000203295185202,-0.000320201914292,-0.00455446448177,0.0122277336195,-0.00416575698182,-0.00244777742773,0.00261202198453,0.000106463092379,-0.00135988520924,-0.000276008475339],[0.000221220427193,-0.000103688820673,-0.000636578304693,0.00227461871691,-0.000655089330394,0.000293568504276,-0.00416575698182,0.0127060171217,-0.00815804302692,0.0018768699374,0.000242974507273,0.00359916361049,-0.00176570285112],[0.000123228834127,0.000587950460613,0.00058092182735,-0.00272285519168,0.00208902312443,0.000782233080827,-0.00244777742773,-0.00815804302692,0.0176177173853,-0.00554824573919,0.0060477158986,-0.0042411913164,0.00201187911443],[-0.000150859472342,-0.0000708754378138,-0.0000814895174699,0.000426015118137,-0.00141488178633,0.00217764056288,0.00261202198453,0.0018768699374,-0.00554824573919,0.0204049963504,-0.0100547829643,0.0057051894255,-0.00308298855089],[0.000249677163083,-0.000869153183885,-0.0000566087765037,-0.000288334558718,0.000278745312244,-0.00237308884971,0.000106463092379,0.000242974507273,0.0060477158986,-0.0100547829643,0.021161518991,-0.0096839312464,0.00420558499172],[-0.000186833858606,0.000819318229333,-0.000257034931565,-0.000601390784141,0.00117719068658,-0.000208312150789,-0.00135988520924,0.00359916361049,-0.0042411913164,0.0057051894255,-0.0096839312464,0.025142211467,-0.0122075965628],[0.000450160150649,0.000397104333388,0.000783489609603,-0.00129000819288,-0.00423758430406,0.00177924858872,-0.000276008475339,-0.00176570285112,0.00201187911443,-0.00308298855089,0.00420558499172,-0.0122075965628,0.0230074692518]],"mean":[-770.545227051,182.357543945,12.8596496582,30.2378292084,7.57918548584,22.7353496552,2.49340224266,-7.98178863525,-6.00418806076,3.2225997448,4.66234111786,-3.29244613647,-9.24177455902]},"pitch_salience":{"dmean":0.0895367115736,"dmean2":0.149699926376,"dvar":0.00546512659639,"dvar2":0.0148131512105,"max":0.996088206768,"mean":0.583369374275,"median":0.603171467781,"min":0.0261444784701,"var":0.0145004941151},"silence_rate_20dB":{"dmean":0,"dmean2":0,"dvar":0,"dvar2":0,"max":1,"mean":1,"median":1,"min":1,"var":0},"silence_rate_30dB":{"dmean":0.00534134544432,"dmean2":0.0106844743714,"dvar":0.00531287305057,"dvar2":0.0115721849725,"max":1,"mean":0.993491292,"median":1,"min":0,"var":0.00646607438102},"silence_rate_60dB":{"dmean":0.0480721071362,"dmean2":0.0961602702737,"dvar":0.0457586161792,"dvar2":0.103935934603,"max":1,"mean":0.160714283586,"median":0,"min":0,"var":0.134878695011},"spectral_centroid":{"dmean":145.106048584,"dmean2":223.374160767,"dvar":62751.9804688,"dvar2":123866.890625,"max":10866.8583984,"mean":533.200317383,"median":414.182922363,"min":140.935638428,"var":203062.390625},"spectral_complexity":{"dmean":1.8547822237,"dmean2":3.00801324844,"dvar":3.91712498665,"dvar2":9.1650056839,"max":39,"mean":8.79856491089,"median":7,"min":0,"var":37.1870079041},"spectral_contrast_coeffs":{"dmean":[0.0527051836252,0.0454000197351,0.0370455496013,0.0326495207846,0.0249290503561,0.050345055759],"dmean2":[0.0868461355567,0.0751258134842,0.061676800251,0.0534793958068,0.0402732528746,0.0793139487505],"dvar":[0.00171966804191,0.00134645297658,0.00089748587925,0.000726164318621,0.000430261046859,0.00237617758103],"dvar2":[0.00462265731767,0.00362311862409,0.00233837356791,0.00186383642722,0.00112405675463,0.00545717170462],"max":[-0.30503359437,-0.459504932165,-0.494485616684,-0.589543700218,-0.728533029556,-0.435130804777],"mean":[-0.642023324966,-0.780537188053,-0.824110269547,-0.806646406651,-0.860061407089,-0.783638596535],"median":[-0.64924120903,-0.7954621315,-0.835928082466,-0.816410303116,-0.859925329685,-0.80332326889],"min":[-0.964684605598,-0.993766486645,-0.990844964981,-0.994690358639,-0.983357608318,-0.959741652012],"var":[0.00977445114404,0.00599786965176,0.00406877649948,0.00557017093524,0.0014425276313,0.00493062799796]},"spectral_contrast_valleys":{"dmean":[0.386009514332,0.385383665562,0.401859253645,0.407817095518,0.478271603584,0.854781746864],"dmean2":[0.647911012173,0.6272996068,0.645260035992,0.646833777428,0.736504673958,1.39079082012],"dvar":[0.100506655872,0.12163721025,0.140489652753,0.170354485512,0.198739126325,0.549034059048],"dvar2":[0.255813986063,0.274219930172,0.313587367535,0.389378577471,0.431602954865,1.49570345879],"max":[-5.64054584503,-4.71040773392,-5.59306573868,-5.95087003708,-5.98707389832,-9.02514743805],"mean":[-7.20155954361,-7.1279592514,-8.04677391052,-8.43262195587,-8.91299533844,-11.8576393127],"median":[-7.06279706955,-7.09791278839,-7.96044015884,-8.35824966431,-8.8157119751,-11.7372846603],"min":[-27.3452396393,-27.3335437775,-27.1116275787,-27.2823982239,-27.1783218384,-27.2440929413],"var":[1.17364883423,1.5972224474,1.39912903309,1.48325741291,1.06012892723,1.31460678577]},"spectral_decrease":{"dmean":1.6247748702e-9,"dmean2":2.4788702202e-9,"dvar":4.4508218889e-18,"dvar2":1.01801101443e-17,"max":8.25875073392e-18,"mean":-5.18025089491e-9,"median":-3.08897818435e-9,"min":-4.05698017403e-8,"var":3.05009913774e-17},"spectral_energy":{"dmean":0.00630195112899,"dmean2":0.00959742255509,"dvar":0.0000674220427754,"dvar2":0.000153681394295,"max":0.161748856306,"mean":0.0202968791127,"median":0.0119487904012,"min":1.01153469495e-20,"var":0.000473551393952},"spectral_energyband_high":{"dmean":0.0000343886604242,"dmean2":0.0000530291908944,"dvar":5.40151567918e-9,"dvar2":1.06190984894e-8,"max":0.00295843114145,"mean":0.000043681688112,"median":0.0000140696956805,"min":7.41252945118e-21,"var":8.92778473371e-9},"spectral_energyband_low":{"dmean":0.00287848431617,"dmean2":0.00478712003678,"dvar":0.0000127075891214,"dvar2":0.000036951234506,"max":0.0544317439198,"mean":0.00569755071774,"median":0.00413238303736,"min":6.41408854974e-23,"var":0.000028703647331},"spectral_energyband_middle_high":{"dmean":0.000799159286544,"dmean2":0.00122092664242,"dvar":0.00000442625832875,"dvar2":0.0000102723379314,"max":0.0639084801078,"mean":0.00206598592922,"median":0.000339629215887,"min":1.58300861739e-21,"var":0.0000193067135115},"spectral_energyband_middle_low":{"dmean":0.00480884267017,"dmean2":0.00726194819435,"dvar":0.0000582323664275,"dvar2":0.000128544197651,"max":0.130784139037,"mean":0.0130814602599,"median":0.00495279859751,"min":4.2159501041e-22,"var":0.000326936744386},"spectral_entropy":{"dmean":0.329196274281,"dmean2":0.51784569025,"dvar":0.0847572684288,"dvar2":0.209045022726,"max":9.80683422089,"mean":6.87698364258,"median":6.86213064194,"min":4.95390796661,"var":0.270395487547},"spectral_flux":{"dmean":0.016598418355,"dmean2":0.0273783095181,"dvar":0.00026791219716,"dvar2":0.000725067860913,"max":0.228332102299,"mean":0.065237402916,"median":0.0594088286161,"min":1.00575082984e-10,"var":0.00148712017108},"spectral_kurtosis":{"dmean":5.22095680237,"dmean2":8.41434764862,"dvar":26.6743392944,"dvar2":67.5353088379,"max":53.2762336731,"mean":14.1425170898,"median":12.7057056427,"min":-1.23665082455,"var":60.9221611023},"spectral_rms":{"dmean":0.000658018980175,"dmean2":0.000997661612928,"dvar":3.78573076887e-7,"dvar2":8.65641084147e-7,"max":0.0125619964674,"mean":0.00386520754546,"median":0.00341428723186,"min":3.14143763086e-12,"var":0.00000486197677674},"spectral_rolloff":{"dmean":179.917327881,"dmean2":312.582855225,"dvar":237392.828125,"dvar2":591117.0625,"max":19013.8183594,"mean":543.668884277,"median":279.931640625,"min":21.533203125,"var":1406744.875},"spectral_skewness":{"dmean":0.489443063736,"dmean2":0.751227557659,"dvar":0.190562173724,"dvar2":0.427749246359,"max":5.6604514122,"mean":2.71672177315,"median":2.74690246582,"min":0.0195200033486,"var":0.603492617607},"spectral_spread":{"dmean":733310.5625,"dmean2":1188067.5,"dvar":549422366720,"dvar2":1176948703230,"max":41275556,"mean":3331024.25,"median":3140371,"min":1200067.25,"var":1605651398660},"spectral_strongpeak":{"dmean":0.291743725538,"dmean2":0.484150677919,"dvar":0.266222238541,"dvar2":0.676504075527,"max":9.26576709747,"mean":0.536128997803,"median":0.23271971941,"min":0,"var":0.605312228203},"zerocrossingrate":{"dmean":0.00435883319005,"dmean2":0.0054811402224,"dvar":0.0000633757008472,"dvar2":0.0000945834544837,"max":0.51513671875,"mean":0.0215997640043,"median":0.01708984375,"min":0,"var":0.00102365622297}},"metadata":{"audio_properties":{"analysis_sample_rate":44100,"bit_rate":142963,"codec":"mp3","downmix":"mix","equal_loudness":0,"length":139.103103638,"lossless":false,"md5_encoded":"cc65306321f7db6e31ae23a484673bd7","replay_gain":-1.14081764221,"sample_rate":44100},"tags":{"album":["The Complete Columbia Album Collection"],"albumartist":["Johnny Cash"],"albumartistsort":["Cash, Johnny"],"artist":["Johnny Cash"],"artists":["Johnny Cash"],"artistsort":["Cash, Johnny"],"asin":["B008DDC874"],"barcode":["886979104723"],"catalognumber":["88697910472"],"date":["2012-12-04"],"discnumber":["2/63"],"file_name":"12 - God Will.mp3","label":["Columbia","Legacy"],"media":["CD"],"musicbrainz album release country":["US"],"musicbrainz album status":["official"],"musicbrainz album type":["album","compilation"],"musicbrainz release track id":["cbf2e44f-ee0d-39b3-8551-112b69a356e1"],"musicbrainz_albumartistid":["d43d12a1-2dc9-4257-a2fd-0a3bb1081b86"],"musicbrainz_albumid":["de36c451-000c-4488-9375-b6d40b6636e5"],"musicbrainz_artistid":["d43d12a1-2dc9-4257-a2fd-0a3bb1081b86"],"musicbrainz_recordingid":["a03620d6-b21b-4da9-910b-3360191f1216"],"musicbrainz_releasegroupid":["30578604-ce5e-4d3d-a09c-6c06fc4c526b"],"originaldate":["2012"],"script":["Latn"],"title":["God Will"],"tracknumber":["12/12"]},"version":{"essentia":"2.1-beta1","essentia_build_sha":"ca57ba49d9b1854bd80e60cf9ccf267278fb7d6b","essentia_git_sha":"v2.1_beta1-28-g21ef5f4-dirty","extractor":"music 1.0"}},"rhythm":{"beats_count":279,"beats_loudness":{"dmean":0.0176691487432,"dmean2":0.0309880468994,"dvar":0.000311184994644,"dvar2":0.000829199096188,"max":0.129100009799,"mean":0.0256393887103,"median":0.0185856055468,"min":2.79176752827e-8,"var":0.00053743366152},"beats_loudness_band_ratio":{"dmean":[0.230948969722,0.192987337708,0.0679611489177,0.0432740673423,0.0324167609215,0.0189508609474],"dmean2":[0.404466480017,0.330729871988,0.120362527