{"lowlevel":{"average_loudness":0.94496691227,"barkbands":{"dmean":[0.0000195578122657,0.000076854666986,0.0000522294103575,0.000113944035547,0.000517621054314,0.0010974900797,0.00160483119544,0.00125319487415,0.000912687683012,0.000592281343415,0.000465952296508,0.000476669170894,0.000306672503939,0.000393388909288,0.00029756850563,0.000320847670082,0.000522299378645,0.000221693509957,0.000136702947202,0.000190088088857,0.000122477038531,0.000123064091895,0.00009903042519,0.0000410581160395,0.00000579265588385,5.44569502381e-7,4.41409504504e-8],"dmean2":[0.0000252899535553,0.000116941904707,0.0000796694803284,0.00016696297098,0.00073236139724,0.00167188735213,0.0025178687647,0.00201334315352,0.00136534718331,0.000951505440753,0.000769697886426,0.000774896994699,0.000501878152136,0.000629382964689,0.000460192473838,0.000505049771164,0.000841516070068,0.0003350971092,0.000218158820644,0.000304084387608,0.000193352389033,0.00019470519328,0.000149943225551,0.0000612465519225,0.00000873827502801,8.54549114138e-7,7.37350305258e-8],"dvar":[8.77977957003e-9,2.51744324942e-7,1.19359896189e-7,8.87881341782e-8,0.0000020464121917,0.00000690090564603,0.0000189037800737,0.0000120529557535,0.0000085714918896,0.00000625447546554,0.0000024391408715,0.00000326773169945,0.00000145367550886,0.00000376844172933,9.62115564107e-7,9.30615385641e-7,0.00000232385445997,5.11639484557e-7,1.56268285423e-7,7.39690563023e-7,9.37631696729e-8,1.79384869625e-7,1.16775346726e-7,1.64122369029e-8,2.04537886628e-10,1.63217822504e-12,2.17268677415e-14],"dvar2":[1.66567524218e-8,5.85500060879e-7,3.14650435485e-7,2.16561971911e-7,0.00000371221085516,0.000015008938135,0.0000438348688476,0.0000293040320685,0.0000194264612219,0.0000141172895383,0.00000582638494961,0.00000861236185301,0.00000392756146539,0.00000857405484567,0.00000205023525268,0.00000237456993091,0.00000586379701417,0.00000125184919852,3.92132449178e-7,0.00000183276813459,2.37422895566e-7,4.42789485078e-7,2.63196795913e-7,3.34486180975e-8,4.35128821863e-10,3.5811689985e-12,5.68917403964e-14],"max":[0.00155977613758,0.00745695829391,0.00818156264722,0.00351416412741,0.0310211963952,0.0336975567043,0.0525006204844,0.0337186977267,0.0339750349522,0.0380741842091,0.0173479933292,0.0251086074859,0.0158598553389,0.0314379930496,0.0111050214618,0.0119357015938,0.0198204480112,0.0156507398933,0.00565004814416,0.0138992359862,0.00303626642562,0.00561037613079,0.00767352059484,0.00159925210755,0.000199742411496,0.0000141608170452,0.00000166772338162],"mean":[0.0000222648068302,0.0000674382172292,0.0000554126854695,0.000150235762703,0.000755956803914,0.00126682105474,0.00158019119408,0.00123291241471,0.00105852819979,0.000615774304606,0.00047400360927,0.000438105576904,0.000283241970465,0.000365572515875,0.000358297344064,0.000346702581737,0.000675607821904,0.000350214133505,0.000150957392179,0.00020297129231,0.000147834885865,0.00013291896903,0.000121137869428,0.0000483529656776,0.0000074676654549,6.69275721066e-7,5.16992884059e-8],"median":[1.16112623516e-7,3.7921324747e-7,0.00000138892960422,0.0000159668306878,0.000196611028514,0.000109201107989,0.0000584658191656,0.0000218098903133,0.0000205101678148,0.0000166257377714,0.00000726816824681,0.00000802317663329,0.00000495068115924,0.00000456675570604,0.00000667798576615,0.0000193067517102,0.0000228370627156,0.0000129087347887,0.000021875515813,0.0000145857757161,0.000011248467672,0.00000921328683035,0.0000062505423557,0.0000047005714805,8.86493126018e-7,1.13945468172e-7,2.00797494188e-8],"min":[1.6882909215e-23,1.45171863577e-23,4.11340435532e-24,6.77443610917e-24,2.98628533708e-23,2.9371749592e-23,4.00933506369e-23,9.60773954417e-23,1.40704146685e-22,5.60321400765e-23,1.36816842093e-22,7.1772748724e-23,1.95090287462e-22,5.34713776713e-23,1.66450319956e-22,2.93251758752e-22,1.67672221322e-22,1.83055842011e-22,3.84064037766e-22,2.93459033533e-22,3.93070708845e-22,2.56820167909e-22,4.58071610502e-22,8.14044727951e-22,1.13192527952e-21,1.7707650859e-21,3.09451296382e-21],"var":[1.32871118552e-8,2.3725220899e-7,9.33977162276e-8,1.11070022513e-7,0.00000382013513445,0.00000947584157984,0.0000211456554098,0.0000127427783809,0.0000125958340504,0.00000679674076309,0.00000276851596936,0.0000028500692224,0.00000134247636652,0.00000401752276957,0.00000155931206791,0.00000110788005259,0.00000400655426347,0.00000198203088075,1.57315653837e-7,6.60617331505e-7,1.33422361159e-7,1.96407683006e-7,1.7814262776e-7,2.49999594359e-8,3.46235345949e-10,2.46649163767e-12,1.86853960446e-14]},"barkbands_crest":{"dmean":3.99355435371,"dmean2":6.60329389572,"dvar":11.4767723083,"dvar2":28.7377815247,"max":25.8471279144,"mean":12.1208953857,"median":11.5062065125,"min":2.55439257622,"var":23.944486618},"barkbands_flatness_db":{"dmean":0.0437816157937,"dmean2":0.0630164891481,"dvar":0.00188178254757,"dvar2":0.00409119296819,"max":0.409436643124,"mean":0.212848216295,"median":0.217164486647,"min":0.0165575519204,"var":0.00593568524346},"barkbands_kurtosis":{"dmean":11.5734491348,"dmean2":19.0253601074,"dvar":730.211608887,"dvar2":1782.08886719,"max":500.769439697,"mean":12.6988754272,"median":3.67937254906,"min":-1.89803421497,"var":961.40637207},"barkbands_skewness":{"dmean":1.31381571293,"dmean2":1.99154782295,"dvar":2.47083306313,"dvar2":5.33876276016,"max":17.8130016327,"mean":1.32125997543,"median":1.22439992428,"min":-7.14572620392,"var":6.38925552368},"barkbands_spread":{"dmean":9.76903438568,"dmean2":16.0157165527,"dvar":171.68006897,"dvar2":433.94140625,"max":108.213432312,"mean":16.9769020081,"median":12.3862514496,"min":0.363048970699,"var":257.522766113},"dissonance":{"dmean":0.0363703966141,"dmean2":0.0543162152171,"dvar":0.0015114126727,"dvar2":0.00344228674658,"max":0.500000119209,"mean":0.426247686148,"median":0.446722984314,"min":0.178486838937,"var":0.00481672585011},"dynamic_complexity":6.24163246155,"erbbands":{"dmean":[0.0035165110603,0.0129265803844,0.0448486208916,0.233637854457,0.746866762638,1.78247392178,6.56489276886,9.58359909058,18.5694618225,27.2045688629,24.647233963,19.429933548,16.5746269226,17.4076843262,19.0682373047,18.4986610413,13.6244525909,17.0322341919,18.1900978088,12.7983093262,19.3751354218,27.1293735504,14.7538728714,5.97093105316,8.01746368408,8.7529335022,6.00055217743,4.31991291046,4.62876701355,3.60072851181,2.76139044762,1.34763658047,0.447366684675,0.105813041329,0.0233174450696,0.00444084499031,0.00069011002779,0.0000996314702206,0.0000108171543616,0.00000792791252024],"dmean2":[0.00524460617453,0.0207893420011,0.0688483864069,0.333460748196,1.10081410408,2.60096073151,8.98733520508,14.6924524307,29.2216396332,42.6339912415,37.4896965027,29.4662246704,23.257900238,28.306892395,30.8915805817,29.5515995026,21.4745101929,25.3176956177,28.1386909485,18.901884079,29.0406856537,43.6719970703,20.9266452789,8.8887386322,12.6447124481,13.9735736847,9.40409851074,6.91942453384,7.48068761826,5.57394599915,4.06105947495,2.02360200882,0.672473549843,0.158744201064,0.0348776467144,0.00691063189879,0.00108555785846,0.000159338713274,0.0000170875991898,0.0000112976758828],"dvar":[0.000474171596579,0.00800944119692,0.114944495261,0.4266448915,5.72388887405,44.8954162598,237.896102905,667.759094238,3056.4597168,4391.05957031,4901.15234375,4209.36230469,4115.72216797,4685.85205078,3989.15991211,5380.05761719,2516.56982422,7069.7578125,6031.52587891,1390.99743652,3122.41210938,6461.75683594,2282.83984375,248.571884155,854.543579102,1587.24938965,310.308563232,138.512390137,292.351837158,130.489593506,101.022224426,19.7701320648,1.68953156471,0.0683285072446,0.00300891627558,0.000103595288238,0.00000280899485006,7.35512557526e-8,8.4768125852e-10,1.17872309136e-10],"dvar2":[0.00111386645585,0.0182899534702,0.296736985445,1.0513035059,13.7058048248,87.0653533936,472.605926514,1517.05236816,7207.4921875,10208.0332031,12059.6962891,9883.50878906,7254.01660156,12824.3984375,8844.43457031,14413.3300781,6516.73242188,13924.8076172,13550.7958984,2362.33813477,7342.75976562,16049.2539062,5115.11669922,598.558410645,2204.85986328,3845.9465332,725.217651367,351.619903564,746.487976074,290.662689209,231.800064087,43.5714111328,3.08073472977,0.138267621398,0.00557909486815,0.000219091452891,0.00000647139358989,1.71419770822e-7,2.23265117505e-9,2.51770770898e-10],"max":[0.310841977596,1.40327048302,8.31790733337,10.9933490753,41.6077194214,151.830245972,204.897628784,297.709655762,745.031860352,640.872070312,810.59967041,833.774841309,1419.10009766,1144.29711914,763.143066406,970.191833496,751.482543945,1858.95983887,1471.51489258,509.759368896,762.79486084,1164.7734375,995.05847168,268.267608643,523.255615234,605.23034668,195.011276245,133.900436401,226.402145386,214.204467773,216.61958313,53.3665008545,19.0870189667,4.21033668518,0.647107303143,0.112562946975,0.0170396808535,0.0026625758037,0.000344458851032,0.000107650143036],"mean":[0.00310275657102,0.0113059049472,0.0490812025964,0.32495033741,1.04715681076,2.49459481239,8.1805524826,10.4640645981,18.7937412262,26.7564716339,26.0529994965,23.3964424133,21.5903491974,18.0513515472,20.4535732269,17.4896869659,13.7392435074,17.4565620422,19.6291484833,16.7534179688,23.1636543274,37.542175293,25.1425762177,8.46882152557,8.51674556732,9.59578514099,7.80171585083,4.81925582886,4.72340869904,4.55795764923,3.23531484604,1.55349361897,0.544236660004,0.137030914426,0.0310434456915,0.00555603718385,0.000872737145983,0.000141792494105,0.0000152654392878,0.000014521675439],"median":[0.0000242402584263,0.000223830604227,0.00407431367785,0.054864987731,0.223730221391,0.554308354855,0.779920339584,1.1095366478,1.37175655365,1.6356369257,0.808861374855,0.627032756805,0.614439964294,0.420495182276,0.422668933868,0.360544323921,0.254839062691,0.29291164875,0.315919756889,0.62073123455,1.80826163292,1.53088951111,0.88525724411,1.21109247208,1.21755886078,0.822779357433,0.428812026978,0.466565072536,0.342225074768,0.265514373779,0.181375920773,0.142878443003,0.0467440225184,0.0148282088339,0.00341745698825,0.000799522676971,0.000177998532308,0.0000450359584647,0.00000668321763442,0.00000849550815474],"min":[5.87224725698e-22,2.76916723849e-21,5.80786691749e-21,1.17814688411e-20,2.52395196928e-20,1.22454887304e-19,2.74239324383e-19,1.57726773352e-19,3.25334529314e-19,1.52962352611e-18,1.90143717894e-18,3.50279142963e-18,1.76630916087e-18,3.42947944591e-18,5.40076024026e-18,4.43125658587e-18,8.40509718226e-18,3.30342683993e-18,6.83027847203e-18,9.87069248286e-18,1.55412414022e-17,9.18471408241e-18,9.85872566093e-18,1.6783848662e-17,1.69896561615e-17,1.40575126482e-17,1.33458436723e-17,1.76524015401e-17,1.01042072241e-17,1.258514522e-17,1.13382912149e-17,1.8198893301e-17,1.14567517504e-17,1.33663718136e-17,8.52236326898e-18,7.08464974528e-18,2.97241769652e-18,1.55779316187e-18,4.81566096161e-19,4.15580128014e-20],"var":[0.000444842793513,0.00771833769977,0.0917485952377,0.525681018829,7.1796836853,62.4966163635,416.492523193,788.093139648,3317.58251953,4940.50195312,5531.52246094,6058.41455078,7142.54003906,3898.34106445,5235.24462891,4504.11767578,2608.48339844,9186.02148438,7158.82421875,2802.2890625,4301.24365234,11685.7773438,8934.76367188,556.516052246,744.702941895,1462.25952148,467.098571777,151.933807373,290.824554443,215.672042847,136.675476074,26.8618679047,2.89531159401,0.124809019268,0.00583832757547,0.000168087120983,0.00000381889640266,9.46607059404e-8,8.45634562374e-10,2.85929446786e-10]},"erbbands_crest":{"dmean":4.25037384033,"dmean2":7.0177025795,"dvar":12.8004226685,"dvar2":33.1793518066,"max":29.4583244324,"mean":12.7039985657,"median":11.9770832062,"min":2.77399873734,"var":27.6007766724},"erbbands_flatness_db":{"dmean":0.0394737236202,"dmean2":0.0567800812423,"dvar":0.00154220138211,"dvar2":0.00331805483438,"max":0.439128130674,"mean":0.246957793832,"median":0.256648242474,"min":0.039553064853,"var":0.00509412679821},"erbbands_kurtosis":{"dmean":4.49937820435,"dmean2":7.51175165176,"dvar":61.0231552124,"dvar2":154.013702393,"max":74.8919067383,"mean":4.52105331421,"median":1.19303679466,"min":-1.86421024799,"var":76.3005828857},"erbbands_skewness":{"dmean":0.951274693012,"dmean2":1.45068883896,"dvar":1.09681999683,"dvar2":2.54914879799,"max":6.44702291489,"mean":0.459810853004,"median":0.446197271347,"min":-6.26095962524,"var":2.97459292412},"erbbands_spread":{"dmean":14.6488828659,"dmean2":23.3478469849,"dvar":298.861450195,"dvar2":757.818847656,"max":153.601959229,"mean":28.469669342,"median":22.4545822144,"min":1.57085108757,"var":495.08480835},"gfcc":{"cov":[[21607.1992188,1148.59729004,-5748.92382812,-1122.75195312,-2288.53857422,-1108.58117676,-891.171630859,-556.698730469,271.097747803,-654.687438965,407.313323975,-600.057189941,350.184844971],[1148.59729004,4261.01074219,546.417785645,-1444.91564941,213.482055664,-750.237365723,-117.153106689,-159.537796021,-98.3430099487,-388.638977051,87.0398406982,-90.0092849731,34.1624069214],[-5748.92382812,546.417785645,2670.96606445,628.180053711,709.315063477,186.019836426,20.3379249573,0.643849492073,-148.453842163,38.1904716492,-161.277801514,212.500335693,-121.45085144],[-1122.75195312,-1444.91564941,628.180053711,1670.96691895,370.083862305,108.412910461,-233.908981323,-64.3752593994,19.7019119263,63.1895294189,-87.119644165,93.7350540161,-73.7733154297],[-2288.53857422,213.482055664,709.315063477,370.083862305,759.94128418,124.990776062,-106.331253052,22.5003871918,7.96846580505,114.597427368,-30.0670452118,37.2427864075,-42.999042511],[-1108.58117676,-750.237365723,186.019836426,108.412910461,124.990776062,682.693237305,299.38583374,102.465530396,22.3584976196,170.37272644,-4.61588668823,39.5048904419,-16.3845462799],[-891.171630859,-117.153106689,20.3379249573,-233.908981323,-106.331253052,299.38583374,699.878540039,234.702148438,-88.7688446045,10.2489585876,24.3731555939,90.2808456421,-7.23101520538],[-556.698730469,-159.537796021,0.643849492073,-64.3752593994,22.5003871918,102.465530396,234.702148438,267.773010254,51.8547706604,44.2582435608,14.5231389999,35.020690918,9.52290821075],[271.097747803,-98.3430099487,-148.453842163,19.7019119263,7.96846580505,22.3584976196,-88.7688446045,51.8547706604,258.297912598,76.3309020996,7.44331598282,-31.483215332,21.7259197235],[-654.687438965,-388.638977051,38.1904716492,63.1895294189,114.597427368,170.37272644,10.2489585876,44.2582435608,76.3309020996,263.759338379,46.0501327515,-22.0132675171,-22.6692790985],[407.313323975,87.0398406982,-161.277801514,-87.119644165,-30.0670452118,-4.61588668823,24.3731555939,14.5231389999,7.44331598282,46.0501327515,161.71333313,13.2110137939,-0.552342534065],[-600.057189941,-90.0092849731,212.500335693,93.7350540161,37.2427864075,39.5048904419,90.2808456421,35.020690918,-31.483215332,-22.0132675171,13.2110137939,173.565795898,32.4718055725],[350.184844971,34.1624069214,-121.45085144,-73.7733154297,-42.999042511,-16.3845462799,-7.23101520538,9.52290821075,21.7259197235,-22.6692790985,-0.552342534065,32.4718055725,135.863876343]],"icov":[[0.000326216570102,-0.000503089569975,0.000743440818042,-0.000601242587436,0.000867316324729,-0.000513861887157,0.000524758419488,-0.000136335074785,0.000181539362529,0.0000109588509076,-0.0000686306957505,0.0000367500288121,-0.000162465483299],[-0.000503089569975,0.00177201139741,-0.00159796606749,0.00190681545064,-0.00219840160571,0.00171057379339,-0.00124825036619,0.000995651469566,-0.00085259944899,0.00133615196683,-0.000914095086046,0.000718403956853,0.0000162403139257],[0.000743440818042,-0.00159796606749,0.00255241245031,-0.00184624269605,0.00187806377653,-0.00161011749879,0.00140506227035,-0.000620083941612,0.000920574995689,-0.000654164236039,0.000917736848351,-0.00106789043639,0.000285802729195],[-0.000601242587436,0.00190681545064,-0.00184624269605,0.00287147634663,-0.00263443170115,0.00166482874192,-0.00100846611895,0.00102566927671,-0.000933262344915,0.00124279956799,-0.000501355738379,0.0000447351339972,0.000564350630157],[0.000867316324729,-0.00219840160571,0.00187806377653,-0.00263443170115,0.00513864820823,-0.00242429645732,0.00238634902053,-0.00164707144722,0.00118397618644,-0.00171680538915,0.000600339903031,-0.000486381381052,-0.000215042571654],[-0.000513861887157,0.00171057379339,-0.00161011749879,0.00166482874192,-0.00242429645732,0.00409553246573,-0.00259281089529,0.00146593875252,-0.00115933141205,-0.000222496091737,-0.000346266373526,0.000641715480015,-0.00016158616927],[0.000524758419488,-0.00124825036619,0.00140506227035,-0.00100846611895,0.00238634902053,-0.00259281089529,0.00452658953145,-0.00329253962263,0.00205878703855,-0.000195297776372,0.000268113857601,-0.00139678479172,0.000557115767151],[-0.000136335074785,0.000995651469566,-0.000620083941612,0.00102566927671,-0.00164707144722,0.00146593875252,-0.00329253962263,0.0071987924166,-0.00262836343609,0.000529886689037,-0.000726239522919,0.000265331298579,-0.00047827893286],[0.000181539362529,-0.00085259944899,0.000920574995689,-0.000933262344915,0.00118397618644,-0.00115933141205,0.00205878703855,-0.00262836343609,0.00587515346706,-0.00203267624602,0.000844195776153,-0.00010126963025,-0.000659681973048],[0.0000109588509076,0.00133615196683,-0.000654164236039,0.00124279956799,-0.00171680538915,-0.000222496091737,-0.000195297776372,0.000529886689037,-0.00203267624602,0.00776163954288,-0.00336136692204,0.00210626283661,0.000211166130612],[-0.0000686306957505,-0.000914095086046,0.000917736848351,-0.000501355738379,0.000600339903031,-0.000346266373526,0.000268113857601,-0.000726239522919,0.000844195776153,-0.00336136692204,0.00876870006323,-0.00276646972634,0.00116929190699],[0.0000367500288121,0.000718403956853,-0.00106789043639,0.0000447351339972,-0.000486381381052,0.000641715480015,-0.00139678479172,0.000265331298579,-0.00010126963025,0.00210626283661,-0.00276646972634,0.00923874601722,-0.00322685809806],[-0.000162465483299,0.0000162403139257,0.000285802729195,0.000564350630157,-0.000215042571654,-0.00016158616927,0.000557115767151,-0.00047827893286,-0.000659681973048,0.000211166130612,0.00116929190699,-0.00322685809806,0.00922923069447]],"mean":[-169.041412354,60.5272102356,-140.551956177,27.4300708771,-83.8218231201,-14.1074953079,-51.9907226562,-4.9466714859,-20.3597946167,-12.4902086258,-14.3320055008,-2.42072939873,-7.66409254074]},"hfc":{"dmean":7.63985204697,"dmean2":10.9943618774,"dvar":150.773468018,"dvar2":325.21875,"max":135.115982056,"mean":13.4994573593,"median":5.61254453659,"min":1.27353322679e-16,"var":370.140625},"melbands":{"dmean":[0.0000261553104792,0.0000210778362089,0.0000495451095048,0.0000859512147144,0.000194638108951,0.000215830878005,0.00030217517633,0.000297175021842,0.000199838774279,0.000120293858345,0.0000850913711474,0.0000748446473153,0.0000651118170936,0.0000536560946784,0.0000384138838854,0.0000309336428472,0.0000343823048752,0.0000345062653651,0.0000219963130803,0.000017297164959,0.000023528949896,0.0000278842362604,0.0000251503461186,0.00000798868404672,0.00000462364550913,0.00000588341163166,0.00000635757942291,0.00000605954755883,0.00000432925435234,0.00000296398934552,0.00000241533030021,0.0000028728277357,0.00000220629158321,0.0000019745816644,0.00000171847909769,0.00000121377104279,6.81815208736e-7,3.60303744174e-7,1.55641103561e-7,6.96514277365e-8],"dmean2":[0.0000384236882383,0.0000313641648972,0.0000717884904589,0.00012206282554,0.000266074173851,0.000329278642312,0.000470423838124,0.000464821379865,0.000301482068608,0.000182659612619,0.000123887788504,0.000123459816677,0.000104771555925,0.0000855579419294,0.0000628312918707,0.0000515335632372,0.0000539562788617,0.000054668624216,0.0000330370894517,0.000027276293622,0.0000354429466825,0.0000455741064798,0.0000387964973925,0.0000110518440124,0.00000714768020771,0.0000092394893727,0.000010296599612,0.00000962714057096,0.0000065871518018,0.00000474490434499,0.00000389233218812,0.0000046937566367,0.00000342665066455,0.00000308681660499,0.00000257982651419,0.00000181248310582,0.00000104835362436,5.52334597614e-7,2.39341005681e-7,1.05922346449e-7],"dvar":[2.66373447744e-8,1.80813515271e-8,1.81348003281e-8,1.22121178947e-7,1.91479031741e-7,2.94929037636e-7,7.28901738967e-7,5.3963975688e-7,3.8348773046e-7,1.60878187216e-7,1.11441522677e-7,9.30734316285e-8,4.56700917084e-8,4.89440878937e-8,2.07665298291e-8,1.782211001e-8,3.31367608908e-8,2.6541043141e-8,5.16443332543e-9,2.63550026247e-9,4.4106172048e-9,6.9312018347e-9,8.73276295721e-9,5.30649968411e-10,1.81142878475e-10,3.03155001102e-10,9.47596001666e-10,7.91415100121e-10,1.94297633538e-10,7.79670286666e-11,5.0534403051e-11,1.22958726534e-10,6.04734456955e-11,4.20285369007e-11,4.47392331515e-11,1.73664312098e-11,5.2577061628e-12,1.34323845449e-12,1.72926993905e-13,2.90768385931e-14],"dvar2":[6.20584117428e-8,4.2854342297e-8,4.59790818752e-8,2.71012794428e-7,3.6209701193e-7,6.62104639559e-7,0.00000169468398781,0.00000126838767756,9.54553343036e-7,3.67249640476e-7,1.97884077124e-7,2.52711004123e-7,1.02848595418e-7,1.28598088622e-7,4.87249742775e-8,4.87745737132e-8,6.50400835411e-8,6.44923972004e-8,1.09320117403e-8,6.36266639376e-9,1.01458343948e-8,1.72847425262e-8,2.00951841833e-8,1.00717179041e-9,4.55718601744e-10,7.36242622423e-10,2.48306641915e-9,1.91312277131e-9,4.54620202595e-10,1.98445995747e-10,1.26968477399e-10,3.19588522313e-10,1.4850458363e-10,9.55899109867e-11,1.04320559136e-10,4.02642294506e-11,1.15164301706e-11,2.51653342262e-12,3.71064181985e-13,6.00958153141e-14],"max":[0.00242808414623,0.00342909758911,0.00203681946732,0.00819213688374,0.00635031564161,0.00578529341146,0.0115734152496,0.00754115963355,0.00804029032588,0.00581845641136,0.00715825986117,0.0051880707033,0.00273381499574,0.00357149820775,0.00163315481041,0.00199585291557,0.00391027377918,0.00319762248546,0.000982032739557,0.000719791452866,0.000814922270365,0.0010763911996,0.00138488749508,0.000843933725264,0.000201773829758,0.000269141572062,0.000486189557705,0.000439478841145,0.00017544903676,0.000108656808152,0.0000846862676553,0.000140718620969,0.000102868521935,0.000136817863677,0.000154152265168,0.0000576773672947,0.0000282484616037,0.0000171888968907,0.00000533844149686,0.00000305342700813],"mean":[0.0000239189739659,0.0000212728555198,0.0000724976998754,0.000117019466416,0.000254392041825,0.000236785199377,0.000301952532027,0.000291716540232,0.000209502657526,0.000143980956636,0.000107442472654,0.0000732383487048,0.0000669520159136,0.0000519348322996,0.0000382806720154,0.0000276129958365,0.0000329426402459,0.0000322476589645,0.0000251481687883,0.0000203684958251,0.0000277534727502,0.000037974838051,0.0000348298126482,0.000014852559616,0.00000569328403799,0.00000629550731901,0.00000609637072557,0.00000648923742119,0.00000549643982595,0.00000336598145623,0.000002529605581,0.00000276565833701,0.00000246460126618,0.00000251271649176,0.00000195778056877,0.00000137780727982,7.71448412706e-7,4.32128700822e-7,1.82080185596e-7,8.91026914474e-8],"median":[1.42843788353e-7,5.44911699762e-7,0.0000165971978277,0.0000283189638139,0.0000343093197444,0.0000227150667342,0.000017448921426,0.0000116397004604,0.00000444439046987,0.00000307736627292,0.00000271677890851,0.00000159221656304,0.00000131854221763,0.00000103419085917,6.7516953095e-7,4.94884432101e-7,4.45349257916e-7,4.04382689112e-7,5.99657198563e-7,9.8177451946e-7,0.00000206137201531,0.00000132524132823,7.07108824827e-7,5.28778173248e-7,8.13905614905e-7,7.17771285963e-7,4.75737408578e-7,3.77553163844e-7,1.81281833989e-7,2.17925773427e-7,1.99556438929e-7,1.47099854075e-7,1.6418275095e-7,1.12370315719e-7,8.44046752491e-8,8.76256578408e-8,7.31933909037e-8,3.19994946096e-8,1.52021009114e-8,9.62577928476e-9],"min":[5.34040965135e-24,3.14017225984e-24,2.47681715248e-24,4.55370430855e-24,9.42667561381e-24,4.11462314542e-24,5.92957120728e-24,1.79064215296e-23,1.38527461722e-23,2.33968303211e-23,7.82290640514e-24,1.24559795871e-23,2.0392207439e-23,7.83191125237e-24,2.08422241864e-23,1.32329641914e-23,5.36322666417e-24,9.1743639753e-24,1.38513672433e-23,1.48639017696e-23,1.88821446507e-23,7.80975136068e-24,1.13236951865e-23,8.06446902495e-24,1.42559408695e-23,1.46906568708e-23,8.64337065594e-24,1.02452757863e-23,8.48788853811e-24,8.60843200645e-24,1.07894517602e-23,4.92871655555e-24,5.46559162182e-24,8.65820676299e-24,5.43437836795e-24,1.00863211028e-23,1.07275624668e-23,6.81725390139e-24,1.00576199764e-23,1.14074256719e-23],"var":[2.57023238248e-8,1.75380261425e-8,2.10553228186e-8,1.39334972005e-7,3.68683657825e-7,3.65162065918e-7,8.18688192794e-7,5.95861763486e-7,4.1800950612e-7,2.48460452212e-7,1.88575782545e-7,7.45385619894e-8,5.67017437447e-8,4.26103774487e-8,2.18411688735e-8,1.43448257717e-8,4.11101126474e-8,2.59273207348e-8,7.95154520006e-9,3.8348733078e-9,6.13762596302e-9,1.21914034423e-8,1.66212963393e-8,4.55005322308e-9,2.52505183429e-10,3.2274263817e-10,7.24980853128e-10,7.40678240962e-10,2.76323686155e-10,9.74796493525e-11,5.24873894348e-11,1.18876256061e-10,6.60769286509e-11,7.11059752745e-11,5.66550105441e-11,2.25113486879e-11,6.91811235035e-12,2.13839189411e-12,2.68043345766e-13,5.27166336842e-14]},"melbands_crest":{"dmean":5.04172182083,"dmean2":8.12881946564,"dvar":18.0584449768,"dvar2":44.8459663391,"max":38.6225891113,"mean":15.3389930725,"median":14.4736814499,"min":2.27510881424,"var":40.5795402527},"melbands_flatness_db":{"dmean":0.0507849007845,"dmean2":0.0707504972816,"dvar":0.00313087482937,"dvar2":0.00625887000933,"max":0.533397495747,"mean":0.235537558794,"median":0.22986587882,"min":0.00883763097227,"var":0.00970176979899},"melbands_kurtosis":{"dmean":14.6547956467,"dmean2":23.8655319214,"dvar":873.12286377,"dvar2":1830.20874023,"max":637.782958984,"mean":19.2310504913,"median":6.96998691559,"min":-1.92052662373,"var":2245.5871582},"melbands_skewness":{"dmean":1.40711522102,"dmean2":2.13135290146,"dvar":2.63186717033,"dvar2":5.99133396149,"max":19.2546234131,"mean":2.1195192337,"median":1.91190361977,"min":-5.66155338287,"var":6.420586586},"melbands_spread":{"dmean":19.5829143524,"dmean2":32.1928443909,"dvar":1093.79394531,"dvar2":2697.2565918,"max":236.922683716,"mean":30.1265506744,"median":15.1353874207,"min":0.350299119949,"var":1357.72155762},"mfcc":{"cov":[[17857.4257812,536.776062012,-3739.15966797,-1237.48986816,-1613.38684082,-1134.93798828,-1287.22387695,-457.579345703,-656.479553223,-67.6093521118,-407.6222229,12.7052316666,-281.808502197],[536.776062012,5194.69042969,167.121078491,-692.885375977,-190.572021484,-728.011962891,-36.8182792664,-182.829223633,-101.602905273,-341.794464111,-236.626861572,-69.6937179565,96.4613189697],[-3739.15966797,167.121078491,1777.07263184,594.396606445,435.745422363,378.256530762,213.612045288,153.481262207,82.877822876,-101.700386047,23.191778183,-84.9677124023,19.7152919769],[-1237.48986816,-692.885375977,594.396606445,1191.55078125,574.286376953,177.656234741,-74.8659515381,41.7444343567,-71.0179443359,-120.465011597,-16.1232128143,-101.567100525,-53.052154541],[-1613.38684082,-190.572021484,435.745422363,574.286376953,986.850036621,296.959655762,-124.178192139,-125.728141785,-43.9177894592,90.7252426147,-28.8663330078,-53.5209732056,46.472076416],[-1134.93798828,-728.011962891,378.256530762,177.656234741,296.959655762,578.160888672,222.333206177,91.6984634399,100.708862305,119.413772583,107.123931885,24.9902973175,36.9783554077],[-1287.22387695,-36.8182792664,213.612045288,-74.8659515381,-124.178192139,222.333206177,608.854736328,236.974090576,157.233123779,55.2646560669,147.887817383,91.5554122925,56.3946685791],[-457.579345703,-182.829223633,153.481262207,41.7444343567,-125.728141785,91.6984634399,236.974090576,374.799499512,150.575073242,-1.35133671761,74.2268066406,34.7781257629,18.5639953613],[-656.479553223,-101.602905273,82.877822876,-71.0179443359,-43.9177894592,100.708862305,157.233123779,150.575073242,302.171295166,86.4592514038,87.1631851196,40.7946739197,19.0979499817],[-67.6093521118,-341.794464111,-101.700386047,-120.465011597,90.7252426147,119.413772583,55.2646560669,-1.35133671761,86.4592514038,334.341491699,126.528381348,40.070602417,68.8068618774],[-407.6222229,-236.626861572,23.191778183,-16.1232128143,-28.8663330078,107.123931885,147.887817383,74.2268066406,87.1631851196,126.528381348,254.870544434,79.5675201416,17.2280712128],[12.7052316666,-69.6937179565,-84.9677124023,-101.567100525,-53.5209732056,24.9902973175,91.5554122925,34.7781257629,40.7946739197,40.070602417,79.5675201416,159.028289795,40.5895957947],[-281.808502197,96.4613189697,19.7152919769,-53.052154541,46.472076416,36.9783554077,56.3946685791,18.5639953613,19.0979499817,68.8068618774,17.2280712128,40.5895957947,190.980880737]],"icov":[[0.000158131719218,-0.0000670421213727,0.000293294840958,-0.000107796993689,0.000290085270535,-0.000225732204854,0.000322332110954,-0.000124354453874,0.000235907165916,-0.000179383438081,0.00016898609465,-0.000116986993817,0.0001476600155],[-0.0000670421213727,0.000375118281227,-0.000275546539342,0.000393352209358,-0.000393710390199,0.000669925066177,-0.000351744965883,0.000174047789187,-0.000150530628162,0.000470091938041,-0.000124275742564,0.000258214422502,-0.000295620993711],[0.000293294840958,-0.000275546539342,0.00146907486487,-0.000569346244447,0.000440799049102,-0.000998670118861,0.000461782765342,-0.000390917062759,0.000270351942163,-0.0000295684985758,0.000210090584005,0.000190579507034,0.000174048080225],[-0.000107796993689,0.000393352209358,-0.000569346244447,0.00199729483575,-0.00140345061664,0.000748564954847,-0.000251547142398,-0.000411164393881,0.000162503536558,0.00122611923143,-0.00075917027425,0.000825989467558,0.00000160820570727],[0.000290085270535,-0.000393710390199,0.000440799049102,-0.00140345061664,0.00291987345554,-0.00173627235927,0.00118700333405,0.000482711184304,0.000415871356381,-0.00147959799506,0.000984861282632,-0.000604033702984,-0.0000491965729452],[-0.000225732204854,0.000669925066177,-0.000998670118861,0.000748564954847,-0.00173627235927,0.00425386335701,-0.00171398033854,0.000196237495402,-0.000610705697909,0.00028054008726,-0.000702816527337,0.000474637403386,-0.000352005736204],[0.000322332110954,-0.000351744965883,0.000461782765342,-0.000251547142398,0.00118700333405,-0.00171398033854,0.00374547834508,-0.00142785604112,0.000254412123468,-0.000388192856917,-0.000331928691594,-0.00106598529965,-0.0000175212844624],[-0.000124354453874,0.000174047789187,-0.000390917062759,-0.000411164393881,0.000482711184304,0.000196237495402,-0.00142785604112,0.00463410560042,-0.00184807530604,0.000615312950686,-0.000257997307926,0.000149848594447,-0.000574995356146],[0.000235907165916,-0.000150530628162,0.000270351942163,0.000162503536558,0.000415871356381,-0.000610705697909,0.000254412123468,-0.00184807530604,0.00521392701194,-0.001279999502,-0.000131488020997,-0.000447777827503,0.00060972920619],[-0.000179383438081,0.000470091938041,-0.0000295684985758,0.00122611923143,-0.00147959799506,0.00028054008726,-0.000388192856917,0.000615312950686,-0.001279999502,0.0058158962056,-0.00271688704379,0.00121046265122,-0.00177747895941],[0.00016898609465,-0.000124275742564,0.000210090584005,-0.00075917027425,0.000984861282632,-0.000702816527337,-0.000331928691594,-0.000257997307926,-0.000131488020997,-0.00271688704379,0.00686242850497,-0.00273521686904,0.00105333782267],[-0.000116986993817,0.000258214422502,0.000190579507034,0.000825989467558,-0.000604033702984,0.000474637403386,-0.00106598529965,0.000149848594447,-0.000447777827503,0.00121046265122,-0.00273521686904,0.00897859036922,-0.00179080897942],[0.0001476600155,-0.000295620993711,0.000174048080225,0.00000160820570727,-0.0000491965729452,-0.000352005736204,-0.0000175212844624,-0.000574995356146,0.00060972920619,-0.00177747895941,0.00105333782267,-0.00179080897942,0.00659200176597]],"mean":[-798.310424805,80.7552490234,-12.4588737488,15.7909736633,-14.9113426208,-16.4282436371,-25.931678772,-5.72316741943,-13.515748024,-10.2926912308,-14.9591646194,-4.09999036789,-3.77868819237]},"pitch_salience":{"dmean":0.103932492435,"dmean2":0.164429664612,"dvar":0.00914441049099,"dvar2":0.0217570364475,"max":0.935533583164,"mean":0.616293370724,"median":0.64026248455,"min":0.10243973881,"var":0.0215226896107},"silence_rate_20dB":{"dmean":0,"dmean2":0,"dvar":0,"dvar2":0,"max":1,"mean":1,"median":1,"min":1,"var":0},"silence_rate_30dB":{"dmean":0,"dmean2":0,"dvar":0,"dvar2":0,"max":1,"mean":1,"median":1,"min":1,"var":0},"silence_rate_60dB":{"dmean":0.164705887437,"dmean2":0.329764455557,"dvar":0.137578502297,"dvar2":0.248858943582,"max":1,"mean":0.375,"median":0,"min":0,"var":0.234375},"spectral_centroid":{"dmean":552.167297363,"dmean2":798.085388184,"dvar":649329.5625,"dvar2":1107690.25,"max":10474.6855469,"mean":1717.77709961,"median":1324.34594727,"min":185.593170166,"var":1800715.75},"spectral_complexity":{"dmean":2.99893045425,"dmean2":3.98608136177,"dvar":13.2310199738,"dvar2":22.4055900574,"max":35,"mean":7.35470104218,"median":6,"min":0,"var":48.5044631958},"spectral_contrast_coeffs":{"dmean":[0.0673858299851,0.0791300833225,0.0541771836579,0.0499653406441,0.044068288058,0.0365668162704],"dmean2":[0.0903137847781,0.106852181256,0.0766049623489,0.072249121964,0.062819160521,0.0504161901772],"dvar":[0.00400994624943,0.00511770183221,0.00246943207458,0.00206726789474,0.00146177760325,0.00115903734695],"dvar2":[0.00582426041365,0.00894948933274,0.00451034633443,0.00395442778245,0.00297558493912,0.00215882435441],"max":[-0.231742888689,-0.296730548143,-0.387853682041,-0.443283438683,-0.496247589588,-0.562339305878],"mean":[-0.551400899887,-0.659358739853,-0.767922341824,-0.772530734539,-0.764825165272,-0.757308006287],"median":[-0.51167845726,-0.674675822258,-0.790447592735,-0.794887781143,-0.767458438873,-0.752198338509],"min":[-0.962156951427,-0.969610452652,-0.962391972542,-0.966660618782,-0.953494369984,-0.959420442581],"var":[0.0240969583392,0.0266550760716,0.0142800118774,0.0101585648954,0.00719218235463,0.00491964817047]},"spectral_contrast_valleys":{"dmean":[0.658886134624,0.855707943439,0.802195429802,0.774073839188,0.697332262993,0.600102066994],"dmean2":[0.989998877048,1.22311925888,1.1166934967,1.06213223934,0.917428791523,0.778940439224],"dvar":[0.499566972256,0.732234179974,0.70262491703,0.701502025127,0.645159363747,0.538413643837],"dvar2":[0.825195908546,1.25355231762,1.16953933239,1.08510077,0.922281146049,0.77299207449],"max":[-6.37876033783,-5.02270936966,-5.549223423,-6.1569852829,-5.62854671478,-8.33795928955],"mean":[-10.8094921112,-8.79849433899,-9.23361968994,-9.50615596771,-8.99963283539,-11.4964494705],"median":[-10.8755779266,-8.65948295593,-9.11094284058,-9.35071086884,-8.67478179932,-11.4063196182],"min":[-27.2541770935,-27.0052127838,-27.2857723236,-27.3025836945,-27.2863807678,-27.2041244507],"var":[1.51163613796,2.66115522385,3.06123375893,2.84314799309,2.70462679863,2.19669651985]},"spectral_decrease":{"dmean":1.451080478e-9,"dmean2":2.03921057818e-9,"dvar":4.23611227166e-18,"dvar2":8.91508711712e-18,"max":1.1741443943e-28,"mean":-2.56613885696e-9,"median":-1.30771804496e-9,"min":-1.8886796127e-8,"var":9.56523453497e-18},"spectral_energy":{"dmean":0.00606597959995,"dmean2":0.0085357343778,"dvar":0.0000724463388906,"dvar2":0.000152232925757,"max":0.0802872851491,"mean":0.0109096402302,"median":0.00570920668542,"min":1.1108176942e-20,"var":0.000169440434547},"spectral_energyband_high":{"dmean":0.000437971262727,"dmean2":0.000666923762765,"dvar":0.00000133975186145,"dvar2":0.00000319270770888,"max":0.0148281203583,"mean":0.000575646583457,"median":0.0000584423469263,"min":7.9313792982e-21,"var":0.00000185363990113},"spectral_energyband_low":{"dmean":0.000178719114047,"dmean2":0.000250708195381,"dvar":5.73797990455e-7,"dvar2":0.00000126084785279,"max":0.0157967060804,"mean":0.000212276325328,"median":0.0000164701323229,"min":2.7244223285e-23,"var":6.72843611937e-7},"spectral_energyband_middle_high":{"dmean":0.00258070160635,"dmean2":0.00364246382378,"dvar":0.0000225036819756,"dvar2":0.0000483695694129,"max":0.0580512471497,"mean":0.00406685518101,"median":0.000687868800014,"min":1.79832255954e-21,"var":0.0000517225198564},"spectral_energyband_middle_low":{"dmean":0.00422300351784,"dmean2":0.00610290281475,"dvar":0.0000426982987847,"dvar2":0.0000965057988651,"max":0.0570043101907,"mean":0.00622741179541,"median":0.00249274820089,"min":3.45827861337e-22,"var":0.0000689454900566},"spectral_entropy":{"dmean":0.367754071951,"dmean2":0.517174184322,"dvar":0.164477154613,"dvar2":0.334770768881,"max":9.78543186188,"mean":7.13631153107,"median":7.1240606308,"min":4.76015520096,"var":0.575634121895},"spectral_flux":{"dmean":0.0282221790403,"dmean2":0.0420486479998,"dvar":0.000812003971078,"dvar2":0.00163984391838,"max":0.254569917917,"mean":0.0699011012912,"median":0.0626690685749,"min":1.0539533829e-10,"var":0.00277590937912},"spectral_kurtosis":{"dmean":3.45136547089,"dmean2":5.5149564743,"dvar":16.5391025543,"dvar2":37.2417640686,"max":43.2990760803,"mean":6.45918607712,"median":4.62299633026,"min":-1.15140628815,"var":37.1504669189},"spectral_rms":{"dmean":0.000919397221878,"dmean2":0.00116111582611,"dvar":9.37587628869e-7,"dvar2":0.00000158220416324,"max":0.00885037053376,"mean":0.00260330317542,"median":0.00236007547937,"min":3.29199731711e-12,"var":0.00000386635565519},"spectral_rolloff":{"dmean":992.486877441,"dmean2":1641.52624512,"dvar":2877727.75,"dvar2":5397139,"max":18669.2871094,"mean":2357.10302734,"median":1313.52539062,"min":43.06640625,"var":5865755},"spectral_skewness":{"dmean":0.498851239681,"dmean2":0.733184635639,"dvar":0.254442572594,"dvar2":0.555478274822,"max":5.42259693146,"mean":1.64224243164,"median":1.471180439,"min":-0.443762928247,"var":0.854146659374},"spectral_spread":{"dmean":893235.3125,"dmean2":1368202.375,"dvar":1945949175810,"dvar2":3476277428220,"max":38987532,"mean":3892323.25,"median":3415033,"min":1420212,"var":3747553214460},"spectral_strongpeak":{"dmean":0.677423238754,"dmean2":1.03977668285,"dvar":0.827492535114,"dvar2":1.94194853306,"max":11.6539011002,"mean":1.17530918121,"median":0.665434360504,"min":0,"var":2.49784898758},"zerocrossingrate":{"dmean":0.0238051470369,"dmean2":0.0253142975271,"dvar":0.00101452833042,"dvar2":0.000922238163184,"max":0.5068359375,"mean":0.0832154378295,"median":0.05615234375,"min":0.0068359375,"var":0.00526644662023}},"metadata":{"audio_properties":{"analysis_sample_rate":44100,"bit_rate":170517,"codec":"mp3","downmix":"mix","equal_loudness":0,"length":21.7077560425,"lossless":false,"md5_encoded":"31f358ef76668de4ea02fc6eddf2ac65","replay_gain":-5.18295669556,"sample_rate":44100},"tags":{"acoustid_id":["316a7df1-f3f7-4270-8b0f-3bdf6ba7a203"],"album":["Revolverlution"],"albumartist":["Public Enemy"],"albumartistsort":["Public Enemy"],"artist":["Public Enemy"],"artistsort":["Public Enemy"],"asin":["B000068CPU"],"barcode":["099923838821"],"catalognumber":["KOC-CD-8388"],"date":["2002-07-23"],"file_name":"06 - PESA #1.mp3","label":["Koch Records","SLAMjamz Records"],"media":["CD"],"musicbrainz album release country":["US"],"musicbrainz album status":["official"],"musicbrainz album type":["album"],"musicbrainz_albumartistid":["bf2e15d0-4b77-469e-bfb4-f8414415baca"],"musicbrainz_albumid":["cc199d55-07ea-4c9b-a210-8dd5d5c48436"],"musicbrainz_artistid":["bf2e15d0-4b77-469e-bfb4-f8414415baca"],"musicbrainz_recordingid":["a060e244-db46-4a85-9574-5dc679595ad8"],"musicbrainz_releasegroupid":["8cd9d98f-9930-3a2d-bcf7-74906007d875"],"originaldate":["2002"],"script":["Latn"],"title":["PESA #1"],"tracknumber":["6/21"]},"version":{"essentia":"2.1-beta2","essentia_build_sha":"70f2e5ece6736b2c40cc944ad0e695b16b925413","essentia_git_sha":"v2.1_beta2","extractor":"music 1.0"}},"rhythm":{"beats_count":41,"beats_loudness":{"dmean":0.0139173213392,"dmean2":0.0232918448746,"dvar":0.000113647955004,"dvar2":0.000330742419465,"max":0.0502348691225,"mean":0.0223852973431,"median":0.0201744455844,"min":0.0000049748073252,"var":0.000176533256308},"beats_loudness_band_ratio":{"dmean":[0.0442200265825,0.233426049352,0.27568295598,0.161446630955,0.209410816431,0.123692080379],"dmean2":[0.0698601678014,0.434920042753,