{"lowlevel":{"average_loudness":0.935139417648,"barkbands":{"dmean":[0.00172623677645,0.00350457266904,0.00213002460077,0.00181180075742,0.00250511383638,0.0030501964502,0.00161466177087,0.000925033702515,0.000880365842022,0.000556903192773,0.000396193296183,0.000408077350585,0.000203532879823,0.000229879806284,0.000367680186173,0.000180013055797,0.000137080176501,0.000149404979311,0.000141567739774,0.000120431526739,0.0000889168804861,0.0000754640059313,0.0000544465547136,0.0000135941299959,0.00000260202318714,0.00000874920442584,0.000101082805486],"dmean2":[0.00278862449341,0.00581909902394,0.00351403350942,0.00297252694145,0.0040664630942,0.00483280373737,0.00260738749057,0.00148966419511,0.00143940374255,0.000915046955924,0.000639466335997,0.000661687809043,0.000338416110026,0.000382770696888,0.000600692641456,0.000293239485472,0.000218483546632,0.000230423029279,0.000215152904275,0.000176668094355,0.000131225577206,0.000105401399196,0.0000770806218497,0.0000194612748601,0.0000041115526983,0.0000120241647892,0.000145058482303],"dvar":[0.0000124483094623,0.0000330741386279,0.0000111900581032,0.0000103757274701,0.000018004751837,0.0000308971830236,0.00000669066412229,0.00000330632065015,0.00000304614673041,0.00000138635630265,6.50870731533e-7,3.80756574714e-7,1.08432715251e-7,1.18665852256e-7,4.81467282043e-7,7.76484867515e-8,6.33006891348e-8,1.63936732633e-7,2.91310641387e-7,8.6669658117e-8,1.81292012513e-8,9.59984358673e-9,5.56482193659e-9,3.51118134567e-10,1.28562412452e-11,1.60437427232e-10,2.26744543141e-8],"dvar2":[0.0000287796319753,0.0000871907177498,0.0000279820160358,0.0000274678877759,0.0000427638406109,0.0000821972062113,0.000017091007976,0.00000817635645944,0.00000784534040577,0.00000357040175913,0.00000164480024978,0.00000100295085304,2.90456540597e-7,3.23374564459e-7,0.00000127852194964,1.87576134181e-7,1.50777836438e-7,3.43352184018e-7,5.84602048548e-7,1.50113990571e-7,3.66866927948e-8,1.81161201596e-8,1.08028199719e-8,6.9682587478e-10,3.19963916473e-11,3.00523911312e-10,5.39143343303e-8],"max":[0.0419888570905,0.0653681382537,0.0758593901992,0.0643478631973,0.11394239217,0.0999446287751,0.0577739365399,0.0397390276194,0.0336481146514,0.0258431974798,0.0252147652209,0.0105178337544,0.00555805582553,0.00657552294433,0.0111453076825,0.00882594566792,0.00815058406442,0.0156158115715,0.0148465298116,0.0116359340027,0.0033015999943,0.00149806065019,0.0010096388869,0.000349634879967,0.000055343076383,0.000232339181821,0.00440133595839],"mean":[0.00189985055476,0.00529660051689,0.00296772364527,0.00261191581376,0.00374559895135,0.00508618913591,0.00250964984298,0.00138989987317,0.00136062654201,0.000854192709085,0.000638571975287,0.000769011909142,0.000361039245035,0.000422380602686,0.000725169782527,0.000371576636098,0.000281242158962,0.00030571615207,0.000288826442556,0.000275153230177,0.000227379612625,0.000186815857887,0.000118070754979,0.0000271824083029,0.00000369583563042,0.0000178901864274,0.000455147383036],"median":[0.000739249924663,0.00304869422689,0.00151630630717,0.00104596046731,0.00189926591702,0.00284478766844,0.00125186610967,0.000677281524986,0.000662757956889,0.000310137751512,0.000313134572934,0.000404173828429,0.000205944321351,0.000270343851298,0.000326527835568,0.000247316871537,0.000189511454664,0.000180054659722,0.000156012523803,0.00017869079602,0.000175606299308,0.000132258370286,0.0000763798961998,0.0000172656527866,0.00000246893614531,0.0000113093165055,0.000222494243644],"min":[9.64531626822e-20,1.4458389447e-19,9.53564504369e-20,9.51688743083e-20,2.40647855749e-19,2.38325701276e-19,2.40550920521e-19,2.38091402367e-19,3.3543070813e-19,3.35278998036e-19,3.35510453511e-19,4.29179636444e-19,4.80267525997e-19,5.26982189199e-19,6.22546623861e-19,7.1831986993e-19,8.14148278605e-19,1.00450704278e-18,1.2461012707e-18,1.53165994138e-18,2.01107645362e-18,2.44195400752e-18,2.91979205236e-18,3.97498251922e-18,5.55334032169e-18,7.8049884012e-18,1.11071198763e-17],"var":[0.0000137614197229,0.0000481812530779,0.0000207089906326,0.0000212451177504,0.0000365209998563,0.0000559517175134,0.0000131533906824,0.00000594114362684,0.00000524273491465,0.00000291136734631,0.00000113504017918,9.97310735329e-7,2.29290506581e-7,2.45800578114e-7,0.00000136171047416,2.01619158702e-7,1.30253582142e-7,3.0636374504e-7,5.17353214491e-7,2.39964350612e-7,4.94696301701e-8,2.96779756326e-8,1.5440869916e-8,9.13544906389e-10,1.70201873428e-11,4.02476385553e-10,2.6077859161e-7]},"barkbands_crest":{"dmean":2.5347442627,"dmean2":4.12893819809,"dvar":5.07685613632,"dvar2":12.7313251495,"max":25.2632961273,"mean":8.74685955048,"median":7.89246988297,"min":2.52505779266,"var":14.140663147},"barkbands_flatness_db":{"dmean":0.0179767366499,"dmean2":0.0271765049547,"dvar":0.000247239251621,"dvar2":0.000536270788871,"max":0.284724891186,"mean":0.102639377117,"median":0.0982698276639,"min":0.0223511848599,"var":0.00107805780135},"barkbands_kurtosis":{"dmean":2.75415992737,"dmean2":4.18480920792,"dvar":22.5175971985,"dvar2":47.5041160583,"max":153.971435547,"mean":5.12247419357,"median":3.26818466187,"min":-1.83163428307,"var":58.0612068176},"barkbands_skewness":{"dmean":0.475325405598,"dmean2":0.721184313297,"dvar":0.221625581384,"dvar2":0.480065822601,"max":9.94438076019,"mean":1.78132724762,"median":1.71650850773,"min":-5.16335248947,"var":1.28084790707},"barkbands_spread":{"dmean":5.9192481041,"dmean2":8.7746629715,"dvar":30.452091217,"dvar2":66.4564056396,"max":117.256752014,"mean":27.0910263062,"median":24.9184589386,"min":1.51142191887,"var":187.420532227},"dissonance":{"dmean":0.0156017895788,"dmean2":0.0264849830419,"dvar":0.000203315998078,"dvar2":0.000576285761781,"max":0.500000119209,"mean":0.473571062088,"median":0.477660059929,"min":0.350631684065,"var":0.00035875022877},"dynamic_complexity":2.5300245285,"erbbands":{"dmean":[0.142373919487,0.721721112728,2.03572058678,4.71471214294,5.46213579178,9.64742088318,18.2530136108,27.417596817,25.6047515869,18.4472637177,19.2354278564,19.6752223969,17.739358902,14.8618116379,15.1884298325,15.7671728134,8.93953418732,9.29903697968,16.8040237427,15.2062120438,7.30347537994,7.76754045486,7.86999511719,7.58151626587,7.07164382935,5.40112447739,4.31239652634,3.17577314377,2.83865571022,2.32286906242,1.54142248631,0.480926960707,0.146258205175,0.038871102035,0.015905957669,0.0108973970637,0.0168808754534,0.0190908368677,0.0112315826118,0.00204621627927],"dmean2":[0.239722132683,1.20658874512,3.38018608093,7.72922897339,8.66944313049,15.9527864456,29.8156909943,43.8048858643,41.0330314636,29.7552204132,31.0811004639,32.0154037476,28.9508171082,24.2567005157,24.4798927307,25.627828598,14.8783664703,15.5151052475,27.3523292542,24.844581604,11.7179107666,12.2690782547,12.1481676102,11.8435945511,10.4979429245,7.94804286957,6.45549821854,4.64496994019,4.05952692032,3.23901891708,2.19163918495,0.67754805088,0.210303857923,0.0597337037325,0.0256073754281,0.0168034117669,0.0229135490954,0.0248471926898,0.0157588440925,0.00304454378784],"dvar":[0.0566767677665,1.44870388508,9.62711715698,62.5028190613,116.159103394,311.816711426,1745.70336914,1968.17675781,1583.09753418,1098.0489502,1438.91137695,1547.75061035,1798.40966797,856.027954102,745.815185547,573.891052246,202.79447937,180.429428101,878.041564941,1065.98754883,109.778617859,204.125396729,372.588287354,858.773986816,692.233825684,189.523071289,64.6605606079,17.9445953369,13.67192173,9.78772640228,4.55272626877,0.465238213539,0.0352003499866,0.00229189591482,0.000603529508226,0.000215336447582,0.000601233798079,0.000715540605597,0.000293655757559,0.0000100468241726],"dvar2":[0.151584997773,3.83315491676,25.0053653717,164.740982056,245.472869873,794.734313965,4697.64648438,5007.84375,4009.70483398,2701.94482422,3513.30371094,3930.83007812,4643.91162109,2328.63110352,1867.13061523,1474.06494141,546.072937012,494.245605469,2283.48339844,2877.39257812,260.626342773,485.188934326,762.250549316,1949.46704102,1394.70446777,330.375823975,132.177719116,37.1648445129,26.716835022,18.8284416199,9.11911678314,0.912621080875,0.0694595053792,0.00532253226265,0.00151697173715,0.000514297513291,0.00113058416173,0.00122540770099,0.000619047088549,0.0000248900905717],"max":[2.59331178665,15.7427396774,64.5907897949,147.451126099,556.467285156,332.477142334,870.451416016,909.835144043,931.487121582,607.289001465,839.206665039,723.212768555,1214.76550293,873.640197754,629.883239746,378.791748047,225.749359131,223.938217163,610.666442871,745.946472168,222.659500122,516.472412109,620.774353027,1321.73852539,772.636352539,640.600646973,199.728042603,84.0562133789,60.859046936,43.4211387634,29.5153846741,12.8548498154,3.03821706772,0.647701978683,0.368618786335,0.207518965006,0.379047989845,0.473618268967,0.586923480034,0.0783433094621],"mean":[0.201388075948,1.02075433731,2.96266770363,7.00433158875,8.63339996338,12.8847570419,28.142156601,45.7886009216,41.9832763672,29.4570560455,30.8901996613,30.7734279633,28.2319164276,25.5284385681,27.9046154022,30.5842704773,17.698677063,18.6212501526,34.0353660583,32.8345298767,17.4233837128,16.9606170654,16.8440093994,15.5918149948,14.4230012894,12.3794126511,10.655921936,7.91133499146,6.84902191162,5.3690032959,3.23662686348,0.980559170246,0.295266449451,0.0674581676722,0.0190434493124,0.0176062565297,0.0350447557867,0.0506532639265,0.0417001917958,0.00970526784658],"median":[0.120358355343,0.52492505312,1.68629789352,3.36764621735,3.8487534523,6.22507286072,14.1210317612,26.6807556152,23.0296020508,16.2040462494,16.7870979309,15.161485672,9.88307380676,13.2948884964,15.2249660492,16.7785358429,11.053565979,12.5594596863,18.2985973358,16.7437458038,12.0496072769,11.8679838181,10.3219795227,8.61999607086,8.20363998413,7.95559215546,7.94887971878,5.93404006958,4.77093076706,3.64151954651,2.08378505707,0.607142567635,0.196138650179,0.0486352704465,0.0102216787636,0.0121281202883,0.0217645149678,0.0390234552324,0.0254007074982,0.00438392488286],"min":[5.27830649033e-18,2.91379962513e-17,9.83096349434e-17,2.39421856415e-16,4.85594194842e-16,8.62091816628e-16,1.40233440671e-15,2.12395290293e-15,3.07543073006e-15,4.26656170653e-15,5.73140608595e-15,7.50426722038e-15,9.58968012421e-15,1.20383346371e-14,1.48722112642e-14,1.81043517715e-14,2.17783571803e-14,2.58906597875e-14,3.04814394482e-14,3.5536803128e-14,4.10399016474e-14,4.69569654969e-14,5.3191622656e-14,5.96666406604e-14,6.61459886972e-14,7.23812286149e-14,7.80217768647e-14,8.25774995258e-14,8.55291721778e-14,8.61895122872e-14,8.39804029269e-14,7.8365123364e-14,6.91897711e-14,5.68277385869e-14,4.23708275768e-14,2.76621715985e-14,1.49481901195e-14,6.07042085869e-15,1.53775485794e-15,1.63540714238e-16],"var":[0.0683323815465,2.20230555534,16.3484840393,108.121246338,384.253814697,418.123687744,2787.29125977,3817.12890625,3229.06347656,1918.55126953,2980.4309082,2640.23388672,3687.97485352,1558.26928711,1540.62573242,1546.56091309,456.041473389,403.632415771,2216.13623047,3021.08251953,361.626068115,437.383666992,779.556762695,1211.68054199,1342.38537598,519.959472656,163.57043457,50.296295166,40.4049377441,27.6705760956,12.1723670959,1.22615492344,0.0953525528312,0.00433044089004,0.000683815975208,0.000327238551108,0.00148815766443,0.00198701047339,0.00201671686955,0.000124969184981]},"erbbands_crest":{"dmean":2.58451724052,"dmean2":4.23227596283,"dvar":5.79208850861,"dvar2":14.4796705246,"max":30.3569374084,"mean":7.99378442764,"median":7.08333444595,"min":2.33474159241,"var":14.083647728},"erbbands_flatness_db":{"dmean":0.0151293966919,"dmean2":0.0226091481745,"dvar":0.000179151116754,"dvar2":0.000384862389183,"max":0.287339836359,"mean":0.126296341419,"median":0.124799638987,"min":0.0383481644094,"var":0.000868118018843},"erbbands_kurtosis":{"dmean":0.751392364502,"dmean2":1.17689478397,"dvar":0.916734993458,"dvar2":2.05648446083,"max":21.0174808502,"mean":0.121400438249,"median":-0.300881624222,"min":-1.71977341175,"var":2.42343401909},"erbbands_skewness":{"dmean":0.323797106743,"dmean2":0.488580644131,"dvar":0.0838944986463,"dvar2":0.177585229278,"max":4.38228321075,"mean":0.415504932404,"median":0.442475169897,"min":-3.43886685371,"var":0.566978633404},"erbbands_spread":{"dmean":7.59907102585,"dmean2":11.2143363953,"dvar":48.7148017883,"dvar2":99.3364181519,"max":121.981536865,"mean":42.5742378235,"median":39.4766921997,"min":6.9376282692,"var":304.540252686},"gfcc":{"cov":[[15118.0498047,1880.04052734,-1024.16259766,111.697067261,155.639007568,-627.466308594,456.894195557,-693.317871094,238.449966431,-357.962799072,-51.6096076965,37.8035469055,-102.864952087],[1880.04052734,736.305297852,-165.036392212,-126.36769104,126.897796631,-175.454574585,122.598327637,-114.436027527,43.1542129517,-31.5466823578,6.88926649094,-43.0314750671,16.6472682953],[-1024.16259766,-165.036392212,397.6668396,153.061721802,-142.120330811,138.913497925,-105.644546509,98.2969055176,-8.8212556839,43.6461219788,-10.2369346619,13.8172073364,-27.347202301],[111.697067261,-126.36769104,153.061721802,263.905944824,17.2471122742,37.5673866272,-2.84672832489,-5.67804479599,7.81317663193,-28.5241909027,-12.2373466492,19.3799648285,-32.0153427124],[155.639007568,126.897796631,-142.120330811,17.2471122742,324.430297852,-104.127319336,119.168357849,-57.2475242615,-15.7173757553,-30.612985611,8.77429389954,-47.6840744019,30.2253570557],[-627.466308594,-175.454574585,138.913497925,37.5673866272,-104.127319336,291.398742676,-69.7859344482,76.3416824341,-37.2148246765,9.21751785278,-14.0650758743,47.9925460815,-13.8304128647],[456.894195557,122.598327637,-105.644546509,-2.84672832489,119.168357849,-69.7859344482,167.809799194,-27.5140781403,35.2648887634,-15.5572595596,14.4444799423,-11.0978841782,5.0367565155],[-693.317871094,-114.436027527,98.2969055176,-5.67804479599,-57.2475242615,76.3416824341,-27.5140781403,143.639801025,12.0533847809,43.3480758667,-3.4860830307,-6.21422147751,8.22379207611],[238.449966431,43.1542129517,-8.8212556839,7.81317663193,-15.7173757553,-37.2148246765,35.2648887634,12.0533847809,104.33631134,39.0353622437,16.8534355164,-0.972742438316,-11.0754079819],[-357.962799072,-31.5466823578,43.6461219788,-28.5241909027,-30.612985611,9.21751785278,-15.5572595596,43.3480758667,39.0353622437,97.485534668,45.7783088684,5.71874237061,5.18377590179],[-51.6096076965,6.88926649094,-10.2369346619,-12.2373466492,8.77429389954,-14.0650758743,14.4444799423,-3.4860830307,16.8534355164,45.7783088684,71.1094818115,31.8059806824,9.31937217712],[37.8035469055,-43.0314750671,13.8172073364,19.3799648285,-47.6840744019,47.9925460815,-11.0978841782,-6.21422147751,-0.972742438316,5.71874237061,31.8059806824,75.9505081177,17.7144565582],[-102.864952087,16.6472682953,-27.347202301,-32.0153427124,30.2253570557,-13.8304128647,5.0367565155,8.22379207611,-11.0754079819,5.18377590179,9.31937217712,17.7144565582,61.6908111572]],"icov":[[0.000183469892363,-0.000482074887259,0.000627714325674,-0.000651373062283,0.000414225971326,0.0000109319689727,-0.0000272738579952,0.000180382325198,-0.0000947888474911,0.0000536155239388,0.000161769901752,-0.000157213115017,0.000153098255396],[-0.000482074887259,0.00345430593006,-0.00248337141238,0.00326540367678,-0.00140386878047,0.000322290317854,-0.000884517852683,0.00120489019901,-0.00107598537579,0.00107658095658,-0.000845637288876,0.00118465244304,-0.000966591760516],[0.000627714325674,-0.00248337141238,0.00881244707853,-0.00714969495311,0.00361049454659,-0.00108675984666,0.00149821757805,-0.00203941646032,0.00192784960382,-0.00334544572979,0.000694530375767,0.00145715416875,0.000153705608682],[-0.000651373062283,0.00326540367678,-0.00714969495311,0.0112859094515,-0.00484786834568,0.000819396693259,-0.000410458102124,0.00101455207914,-0.00301327882335,0.00403477950022,0.000628956535365,-0.00435424409807,0.00345274386927],[0.000414225971326,-0.00140386878047,0.00361049454659,-0.00484786834568,0.00846215710044,-0.000680065073539,-0.00344268465415,0.00162183272187,0.00237912428565,0.0000776550950832,-0.0036599941086,0.00775169767439,-0.00533183664083],[0.0000109319689727,0.000322290317854,-0.00108675984666,0.000819396693259,-0.000680065073539,0.00651045842096,0.000238202235778,-0.00283663044684,0.00234164949507,-0.00130742206238,0.00407737540081,-0.00707807810977,0.0039729764685],[-0.0000272738579952,-0.000884517852683,0.00149821757805,-0.000410458102124,-0.00344268465415,0.000238202235778,0.0110255945474,-0.00205655395985,-0.00396087393165,0.00308779999614,-0.00238423934206,-0.00115440424997,0.00147955794819],[0.000180382325198,0.00120489019901,-0.00203941646032,0.00101455207914,0.00162183272187,-0.00283663044684,-0.00205655395985,0.0136061664671,-0.00240886118263,-0.00283131212927,0.000908068614081,0.00537943234667,-0.00535478396341],[-0.0000947888474911,-0.00107598537579,0.00192784960382,-0.00301327882335,0.00237912428565,0.00234164949507,-0.00396087393165,-0.00240886118263,0.0169473104179,-0.0100260451436,0.00365179218352,-0.00225848378614,0.00340884644538],[0.0000536155239388,0.00107658095658,-0.00334544572979,0.00403477950022,0.0000776550950832,-0.00130742206238,0.00308779999614,-0.00283131212927,-0.0100260451436,0.0285301338881,-0.02009755373,0.00816672854125,-0.0033023939468],[0.000161769901752,-0.000845637288876,0.000694530375767,0.000628956535365,-0.0036599941086,0.00407737540081,-0.00238423934206,0.000908068614081,0.00365179218352,-0.02009755373,0.037075150758,-0.0215578917414,0.00684706028551],[-0.000157213115017,0.00118465244304,0.00145715416875,-0.00435424409807,0.00775169767439,-0.00707807810977,-0.00115440424997,0.00537943234667,-0.00225848378614,0.00816672854125,-0.0215578917414,0.0366174243391,-0.0165529008955],[0.000153098255396,-0.000966591760516,0.000153705608682,0.00345274386927,-0.00533183664083,0.0039729764685,0.00147955794819,-0.00535478396341,0.00340884644538,-0.0033023939468,0.00684706028551,-0.0165529008955,0.027290308848]],"mean":[23.6345767975,80.955909729,-96.157951355,15.3718900681,-35.034740448,-19.5672054291,-5.38646173477,-23.2532730103,4.28170204163,-6.59073448181,-4.51617717743,1.92474412918,-8.79997062683]},"hfc":{"dmean":7.93116092682,"dmean2":11.6550989151,"dvar":92.0249176025,"dvar2":190.554855347,"max":422.780914307,"mean":42.688129425,"median":36.812953949,"min":5.41079388326e-13,"var":754.707885742},"melbands":{"dmean":[0.00114486226812,0.000980456941761,0.00077730033081,0.000507213699166,0.000587316637393,0.000593876407947,0.000366446998669,0.000201402770472,0.000161444710102,0.000122827928863,0.0000907889552764,0.0000625215834589,0.0000526125113538,0.0000477148860227,0.00003182717046,0.0000179989783646,0.0000194289914361,0.0000282395158138,0.0000273836067208,0.0000161966327141,0.00000863126115291,0.00000891828676686,0.00000825803454063,0.00000707652498022,0.00000669478413329,0.00000564908714296,0.00000512720771439,0.00000360195485882,0.00000321618949783,0.00000242487840296,0.00000184415591775,0.00000164399568803,0.00000164212747222,0.00000132241655137,0.00000106189497728,4.90869524583e-7,2.36632331507e-7,1.21768806594e-7,4.63480454016e-8,2.96755846563e-8],"dmean2":[0.00188938190695,0.00162528385408,0.00125554017723,0.000815236067865,0.000962028570939,0.000945715117268,0.00058603240177,0.000323719839798,0.000261991459411,0.000200442111236,0.000148447579704,0.000102779275039,0.0000843933521537,0.0000769743419369,0.0000526873591298,0.0000299686889775,0.000032658863347,0.000046142773499,0.0000449242070317,0.0000265376111201,0.0000139573312481,0.0000144337636812,0.0000130143325805,0.0000109071916086,0.0000106354309537,0.00000866991467774,0.00000770928454585,0.00000548219350094,0.00000496749953527,0.00000366859103451,0.00000279281925941,0.00000242835426434,0.00000236511937146,0.00000191981212083,0.00000155722261752,7.09251594344e-7,3.47107260268e-7,1.77897803155e-7,7.05838800741e-8,4.68370977558e-8],"dvar":[0.00000358933561984,0.00000209335985346,0.00000157394867983,8.98901930668e-7,0.00000140041754548,9.22912477108e-7,3.24634157778e-7,1.31823014726e-7,9.26794001543e-8,6.3129839134e-8,4.67065710552e-8,1.46598830852e-8,1.03726476297e-8,5.43444667045e-9,2.1668329353e-9,1.14201004209e-9,8.08510425276e-10,2.53946152995e-9,3.16596149297e-9,8.01587685118e-10,1.69302613595e-10,2.20531537476e-10,4.47869047404e-10,3.8551598025e-10,6.74374778242e-10,5.12115683193e-10,2.38122355167e-10,7.97391597196e-11,4.0483397884e-11,1.30601545204e-11,5.77410038186e-12,4.43366393946e-12,4.77097398047e-12,3.27974409783e-12,2.21020857866e-12,5.06529009275e-13,1.15870095636e-13,2.53111384797e-14,3.11484762001e-15,1.39740022803e-15],"dvar2":[0.0000092673844847,0.00000551160610485,0.0000040137592805,0.0000021315727281,0.00000373774742002,0.00000237894255406,8.28015629395e-7,3.25977737248e-7,2.27530023267e-7,1.62689019589e-7,1.20812345017e-7,3.97147736919e-8,2.57377674728e-8,1.41108245089e-8,5.76458392132e-9,3.10212011634e-9,2.220713613e-9,6.67066979432e-9,8.44735037475e-9,1.98624494629e-9,4.18270029723e-10,5.40539002447e-10,1.07365061286e-9,8.06532951536e-10,1.60147928252e-9,1.08724473868e-9,4.47715142737e-10,1.52197476844e-10,8.82234771349e-11,2.78504441731e-11,1.28806462024e-11,9.14857859607e-12,9.73733680493e-12,6.74308872628e-12,4.66583108955e-12,1.04338206911e-12,2.41069181761e-13,5.2543042752e-14,6.99432162239e-15,3.39820703417e-15],"max":[0.0209707915783,0.0236086267978,0.0259356405586,0.0277372840792,0.0231319703162,0.0184594187886,0.0135001363233,0.00618399679661,0.00841640029103,0.00468821404502,0.00588509766385,0.00338614801876,0.00263103796169,0.00137004104909,0.000836779363453,0.000710607739165,0.000459961796878,0.00116695137694,0.00116690178402,0.000775447289925,0.000255001476035,0.000550897617359,0.000979504897259,0.000757994421292,0.00116791052278,0.000629915622994,0.000456547742942,0.000454637687653,0.000149239785969,0.0000915111158974,0.0000374757401005,0.0000357947028533,0.0000330883158313,0.0000245515930146,0.0000236884334299,0.0000127677767523,0.00000602293266638,0.00000260468755187,7.22371964912e-7,5.14059649959e-7],"mean":[0.00173161085695,0.00151848408859,0.00126621266827,0.000738268601708,0.000926909793634,0.00101163529325,0.00060454919003,0.000310821953462,0.000253638339927,0.00018756413192,0.000139338051667,0.000102769547084,0.0000904883490875,0.0000896350611583,0.0000588665025134,0.0000313614364131,0.0000346530650859,0.0000527459087607,0.0000547815579921,0.0000319585778925,0.000017845113689,0.0000175533295987,0.0000161797815963,0.000013866961126,0.0000125484793898,0.0000104252403617,0.0000101542955235,0.00000761236924518,0.00000700800637787,0.0000055280511333,0.00000414649275626,0.0000037027880353,0.00000362725745617,0.00000275987304121,0.00000211142310036,9.51723052367e-7,4.50415825526e-7,2.34347439232e-7,8.2343646568e-8,4.57728432934e-8],"median":[0.00101491832174,0.000895273406059,0.000644447165541,0.000359074299922,0.000490199483465,0.00059711385984,0.000332296476699,0.000160189985763,0.000134929534397,0.0000889318034751,0.0000463442556793,0.0000513506201969,0.0000466339515697,0.0000458461145172,0.0000338314239343,0.0000180139522854,0.0000225459716603,0.0000283055214823,0.000024682511139,0.000018893777451,0.0000117478093671,0.000011984808225,0.00000994596939563,0.00000785008160165,0.00000662067532176,0.00000553890959054,0.00000610825873082,0.00000472422152598,0.00000492205163027,0.00000415019621869,0.00000304524041894,0.00000258259842667,0.00000246486047217,0.00000180477820777,0.00000133894320697,5.78331480483e-7,2.77375903579e-7,1.50852372371e-7,5.82604542387e-8,3.21960449412e-8],"min":[4.76951436469e-20,4.78944715563e-20,4.79987544747e-20,4.77666495335e-20,4.80252177919e-20,4.78144386009e-20,4.7893815628e-20,4.78604246731e-20,4.78271823522e-20,4.79306348587e-20,4.78612098484e-20,4.78988982651e-20,4.78405400266e-20,4.79071409906e-20,4.78954958386e-20,4.7878593566e-20,4.78701472764e-20,4.78887394532e-20,4.78709647635e-20,4.7872418792e-20,4.78949562325e-20,4.78915602683e-20,4.78721764539e-20,4.78660307604e-20,4.78960160576e-20,4.78867587434e-20,4.78872951183e-20,4.78769165865e-20,4.78889882536e-20,4.788039333e-20,4.7876832576e-20,4.78888557755e-20,4.78860188044e-20,4.78722830826e-20,4.78873371236e-20,4.78785224801e-20,4.78792914996e-20,4.78779764117e-20,4.78767000979e-20,4.78841770351e-20],"var":[0.00000490301681566,0.00000346768456438,0.00000350621485268,0.00000178628931735,0.00000235944298765,0.00000180288259344,6.65221762119e-7,2.27791659313e-7,1.94425581412e-7,1.06517454412e-7,9.4838235043e-8,2.65444572989e-8,2.01136103328e-8,1.40905909163e-8,5.0531050455e-9,2.1492136959e-9,1.57004098611e-9,5.79059289407e-9,9.22561937955e-9,2.07166972466e-9,4.34159930229e-10,4.55846055347e-10,7.41555261641e-10,6.88751500277e-10,8.59389059915e-10,8.4024831537e-10,5.38471323086e-10,1.93878968435e-10,8.82067405228e-11,3.18806717137e-11,1.42303200473e-11,1.21922003743e-11,1.26589494095e-11,8.1727975082e-12,5.42610357687e-12,1.21069083578e-12,2.72856525785e-13,6.36315070188e-14,6.64805878872e-15,2.22452070124e-15]},"melbands_crest":{"dmean":3.59862685204,"dmean2":5.95930624008,"dvar":9.82099151611,"dvar2":26.3627872467,"max":32.8660926819,"mean":12.8675022125,"median":11.7538938522,"min":1.00306415558,"var":23.7943611145},"melbands_flatness_db":{"dmean":0.0233971066773,"dmean2":0.0349785685539,"dvar":0.000394195463741,"dvar2":0.000857970444486,"max":0.42614030838,"mean":0.191930502653,"median":0.189011767507,"min":-1.12172443778e-7,"var":0.0021082314197},"melbands_kurtosis":{"dmean":6.04066228867,"dmean2":9.31871604919,"dvar":139.787643433,"dvar2":283.977996826,"max":367.8699646,"mean":13.0405263901,"median":8.41923522949,"min":-1.7472114563,"var":376.221282959},"melbands_skewness":{"dmean":0.645070016384,"dmean2":0.992887794971,"dvar":0.450862169266,"dvar2":0.953247487545,"max":15.6835222244,"mean":2.61193275452,"median":2.39504289627,"min":-1.48875713348,"var":2.12035369873},"melbands_spread":{"dmean":5.7525601387,"dmean2":8.70304107666,"dvar":43.5329666138,"dvar2":93.8332366943,"max":243.356887817,"mean":22.1674556732,"median":18.5359325409,"min":0.85566341877,"var":323.643951416},"mfcc":{"cov":[[6923.17089844,1221.26257324,-334.937408447,328.753234863,-204.559539795,181.814041138,-143.718338013,96.6187133789,-71.748260498,-6.43882989883,-113.006355286,-41.9779624939,-11.1669530869],[1221.26257324,925.475891113,-317.453430176,90.0283203125,-72.8115234375,-4.10268783569,17.2753238678,-61.3314056396,20.44871521,9.75022697449,26.9703273773,-36.2423934937,5.18763542175],[-334.937408447,-317.453430176,635.316223145,-94.6029891968,38.8255767822,6.46600961685,-70.9766998291,45.9947319031,-21.565202713,31.0410079956,5.3330488205,56.8347663879,-21.2968330383],[328.753234863,90.0283203125,-94.6029891968,322.816375732,30.6006355286,16.7912540436,11.4702148438,-3.61643123627,9.02014923096,6.91974449158,6.91938447952,-9.84675979614,1.97139167786],[-204.559539795,-72.8115234375,38.8255767822,30.6006355286,133.025222778,30.1791954041,29.8179950714,7.86051845551,7.3330988884,-11.7243728638,-11.3126783371,-4.46207046509,-2.06847810745],[181.814041138,-4.10268783569,6.46600961685,16.7912540436,30.1791954041,129.373519897,31.9683208466,36.9341392517,-13.3607397079,-15.0030374527,-19.1914958954,7.63136529922,11.6892681122],[-143.718338013,17.2753238678,-70.9766998291,11.4702148438,29.8179950714,31.9683208466,110.113098145,24.9512405396,12.8654327393,-18.0858020782,-5.67569112778,-4.77089595795,8.36170578003],[96.6187133789,-61.3314056396,45.9947319031,-3.61643123627,7.86051845551,36.9341392517,24.9512405396,92.8909988403,20.1834774017,-2.1584084034,-22.30418396,0.276190340519,-4.90898513794],[-71.748260498,20.44871521,-21.565202713,9.02014923096,7.3330988884,-13.3607397079,12.8654327393,20.1834774017,68.4256286621,31.8030261993,10.4655895233,-12.4921655655,-8.59146022797],[-6.43882989883,9.75022697449,31.0410079956,6.91974449158,-11.7243728638,-15.0030374527,-18.0858020782,-2.1584084034,31.8030261993,75.5174026489,40.3531417847,8.31224727631,-7.90626430511],[-113.006355286,26.9703273773,5.3330488205,6.91938447952,-11.3126783371,-19.1914958954,-5.67569112778,-22.30418396,10.4655895233,40.3531417847,75.6332397461,32.0630950928,9.2688627243],[-41.9779624939,-36.2423934937,56.8347663879,-9.84675979614,-4.46207046509,7.63136529922,-4.77089595795,0.276190340519,-12.4921655655,8.31224727631,32.0630950928,65.591003418,31.2668399811],[-11.1669530869,5.18763542175,-21.2968330383,1.97139167786,-2.06847810745,11.6892681122,8.36170578003,-4.90898513794,-8.59146022797,-7.90626430511,9.2688627243,31.2668399811,60.7167015076]],"icov":[[0.000270280637778,-0.00038248533383,0.0000668154316372,-0.00020611412765,0.000199605288799,-0.000279167434201,0.000542563095223,-0.000592281052377,0.000470238679554,-0.000311124254949,0.00056944147218,-0.000243306072662,0.000114846960059],[-0.00038248533383,0.00198317179456,0.000409132597269,0.0000413187517552,0.000507101591211,-0.000111185850983,-0.000822933914606,0.00166767614428,-0.00118164019659,0.000529880926479,-0.00132246420253,0.000924954423681,-0.000183415031643],[0.0000668154316372,0.000409132597269,0.00265916902572,0.000503326300532,-0.00106250774115,0.0000549946489627,0.00170511379838,-0.00149701803457,0.00123611697927,-0.00143639859743,0.000793245853856,-0.00271567027085,0.00175631488673],[-0.00020611412765,0.0000413187517552,0.000503326300532,0.00362020358443,-0.00133941916283,-0.000101323697891,-0.0000195808806893,0.0000890754672582,-0.0000857806444401,-0.0003656046174,-0.000849488656968,0.000435259164078,-0.000152868800797],[0.000199605288799,0.000507101591211,-0.00106250774115,-0.00133941916283,0.0100459698588,-0.00247629382648,-0.00220485031605,0.00214296975173,-0.00266412110068,0.00180628488306,0.000736434943974,0.000658523931634,0.000366772874258],[-0.000279167434201,-0.000111185850983,0.0000549946489627,-0.000101323697891,-0.00247629382648,0.011118574068,-0.00250459741801,-0.00392154185101,0.00387490889989,-0.00144922093023,0.00160835299175,-0.00105118064675,-0.00156094192062],[0.000542563095223,-0.000822933914606,0.00170511379838,-0.0000195808806893,-0.00220485031605,-0.00250459741801,0.0140956696123,-0.00461862282827,-0.0015610086266,0.00342191709206,-0.00185125030112,0.0000970560431597,-0.000681407167576],[-0.000592281052377,0.00166767614428,-0.00149701803457,0.0000890754672582,0.00214296975173,-0.00392154185101,-0.00461862282827,0.0191461388022,-0.00892916601151,0.000928497640416,0.00510351266712,-0.00321109243669,0.00196455046535],[0.000470238679554,-0.00118164019659,0.00123611697927,-0.0000857806444401,-0.00266412110068,0.00387490889989,-0.0015610086266,-0.00892916601151,0.0263336393982,-0.0122098522261,-0.000273780955467,0.00511249061674,-0.00117453886196],[-0.000311124254949,0.000529880926479,-0.00143639859743,-0.0003656046174,0.00180628488306,-0.00144922093023,0.00342191709206,0.000928497640416,-0.0122098522261,0.0272866096348,-0.0139783909544,0.00171247008257,0.00242739333771],[0.00056944147218,-0.00132246420253,0.000793245853856,-0.000849488656968,0.000736434943974,0.00160835299175,-0.00185125030112,0.00510351266712,-0.000273780955467,-0.0139783909544,0.0303308106959,-0.0157988425344,0.00255320081487],[-0.000243306072662,0.000924954423681,-0.00271567027085,0.000435259164078,0.000658523931634,-0.00105118064675,0.0000970560431597,-0.00321109243669,0.00511249061674,0.00171247008257,-0.0157988425344,0.0339674651623,-0.0152723826468],[0.000114846960059,-0.000183415031643,0.00175631488673,-0.000152868800797,0.000366772874258,-0.00156094192062,-0.000681407167576,0.00196455046535,-0.00117453886196,0.00242739333771,0.00255320081487,-0.0152723826468,0.0253182463348]],"mean":[-627.216003418,131.065673828,-6.76420021057,37.802028656,-11.635392189,17.4302482605,-13.1433229446,4.53928279877,-4.81507778168,4.00007152557,-2.61233496666,1.84154736996,2.86612057686]},"pitch_salience":{"dmean":0.0726971998811,"dmean2":0.11857727915,"dvar":0.00388232106343,"dvar2":0.00986212678254,"max":0.995980620384,"mean":0.618483960629,"median":0.632064402103,"min":0.146519705653,"var":0.0105862133205},"silence_rate_20dB":{"dmean":0,"dmean2":0,"dvar":0,"dvar2":0,"max":1,"mean":1,"median":1,"min":1,"var":0},"silence_rate_30dB":{"dmean":0.00291313556954,"dmean2":0.00582704273984,"dvar":0.00290455645882,"dvar2":0.00738249951974,"max":1,"mean":0.997352063656,"median":1,"min":0,"var":0.0026410005521},"silence_rate_60dB":{"dmean":0.00331038143486,"dmean2":0.00662163970992,"dvar":0.00329921301454,"dvar2":0.00790150742978,"max":1,"mean":0.0283331125975,"median":0,"min":0,"var":0.0275303386152},"spectral_centroid":{"dmean":224.561920166,"dmean2":328.353240967,"dvar":44316.2460938,"dvar2":87288.8359375,"max":6256.40576172,"mean":1270.61340332,"median":1155.29418945,"min":188.867523193,"var":409339.25},"spectral_complexity":{"dmean":3.74708676338,"dmean2":5.43464422226,"dvar":11.3055343628,"dvar2":20.4810409546,"max":62,"mean":23.0076789856,"median":23,"min":0,"var":96.6328201294},"spectral_contrast_coeffs":{"dmean":[0.0565211735666,0.0517089851201,0.03825802356,0.0269672702998,0.0172709003091,0.0277256909758],"dmean2":[0.0938797816634,0.0853942409158,0.0638134852052,0.045307379216,0.0286942906678,0.0424834601581],"dvar":[0.00204921257682,0.00160823925398,0.000895367411431,0.000443774159066,0.000186771925655,0.000641815189738],"dvar2":[0.0053745158948,0.00439774570987,0.00249631819315,0.00122313480824,0.000499659625348,0.0016214112984],"max":[-0.319084584713,-0.435956150293,-0.56226760149,-0.583178758621,-0.679489374161,-0.503866910934],"mean":[-0.66778922081,-0.744359791279,-0.79731297493,-0.808885931969,-0.821216821671,-0.684223175049],"median":[-0.673459529877,-0.748704731464,-0.801371455193,-0.812529206276,-0.822064578533,-0.681085526943],"min":[-0.970152318478,-0.978845059872,-0.986697375774,-0.991041600704,-0.992251455784,-0.956842005253],"var":[0.00695529393852,0.00478784833103,0.00287616043352,0.00179536291398,0.000822016503662,0.00284030521289]},"spectral_contrast_valleys":{"dmean":[0.38688787818,0.357812345028,0.311749100685,0.23545229435,0.18797031045,0.366989642382],"dmean2":[0.640318751335,0.573925554752,0.500574290752,0.373042017221,0.266935229301,0.539087772369],"dvar":[0.107410460711,0.0851509794593,0.0678350329399,0.040901850909,0.0348227024078,0.126808270812],"dvar2":[0.275766819715,0.205062493682,0.156881451607,0.0876189917326,0.0573453083634,0.294575691223],"max":[-5.28545379639,-4.59076023102,-5.38807201385,-5.84400033951,-5.27565336227,-9.11595249176],"mean":[-6.94780826569,-6.16969776154,-6.96501541138,-7.27893924713,-7.21399641037,-10.6244869232],"median":[-6.72841215134,-5.96011447906,-6.7435131073,-7.05721330643,-7.01492118835,-10.4148988724],"min":[-25.2774982452,-24.2536640167,-23.4718666077,-23.0753269196,-22.5189647675,-24.0879268646],"var":[1.9963862896,1.75081431866,1.71748018265,1.57542669773,1.46419537067,0.97551214695]},"spectral_decrease":{"dmean":2.6092472627e-9,"dmean2":4.03493016776e-9,"dvar":9.10606823131e-18,"dvar2":2.21259084437e-17,"max":8.53984960004e-13,"mean":-7.95056465108e-9,"median":-7.10966929773e-9,"min":-4.15946814769e-8,"var":2.45044530602e-17},"spectral_energy":{"dmean":0.0102128377184,"dmean2":0.015736637637,"dvar":0.000138145580422,"dvar2":0.000333394942572,"max":0.162154376507,"mean":0.033879224211,"median":0.0310908183455,"min":4.90789881706e-17,"var":0.00039430623292},"spectral_energyband_high":{"dmean":0.000299211853417,"dmean2":0.000379973906092,"dvar":1.41262461284e-7,"dvar2":2.33467218891e-7,"max":0.00985253695399,"mean":0.00107005995233,"median":0.000929738103878,"min":3.56217588385e-17,"var":6.26626615485e-7},"spectral_energyband_low":{"dmean":0.00600277772173,"dmean2":0.00968298874795,"dvar":0.0000692756948411,"dvar2":0.000173704465851,"max":0.0910031497478,"mean":0.0110167264938,"median":0.00761653715745,"min":3.34193478578e-19,"var":0.000116759605589},"spectral_energyband_middle_high":{"dmean":0.00145611376502,"dmean2":0.00221831747331,"dvar":0.00000382522330256,"dvar2":0.00000893155629456,"max":0.0402684137225,"mean":0.00503305532038,"median":0.00394800724462,"min":7.18107253493e-18,"var":0.0000177169222297},"spectral_energyband_middle_low":{"dmean":0.0065903570503,"dmean2":0.0102626234293,"dvar":0.0000699469819665,"dvar2":0.00017474219203,"max":0.152333542705,"mean":0.0170078482479,"median":0.0134889697656,"min":1.48319336134e-18,"var":0.000203579213121},"spectral_entropy":{"dmean":0.117762103677,"dmean2":0.173476114869,"dvar":0.0117348898202,"dvar2":0.0246894210577,"max":9.04080867767,"mean":7.7434630394,"median":7.74510622025,"min":6.29929924011,"var":0.0691997036338},"spectral_flux":{"dmean":0.0219591539353,"dmean2":0.0348150469363,"dvar":0.000517664768267,"dvar2":0.00116575683933,"max":0.277843236923,"mean":0.100096426904,"median":0.0974621102214,"min":0.00000151892947997,"var":0.00157239253167},"spectral_kurtosis":{"dmean":1.23390221596,"dmean2":1.81516003609,"dvar":2.24608325958,"dvar2":4.79080533981,"max":43.2620658875,"mean":7.76187229156,"median":6.26716995239,"min":-1.04082751274,"var":19.4538936615},"spectral_rms":{"dmean":0.000822761678137,"dmean2":0.00124768808018,"dvar":6.74643558796e-7,"dvar2":0.00000154609119818,"max":0.0125777339563,"mean":0.00546696409583,"median":0.00550749525428,"min":2.18819420916e-10,"var":0.00000316506566378},"spectral_rolloff":{"dmean":719.611083984,"dmean2":1230.19763184,"dvar":3886287.5,"dvar2":9998556,"max":22050,"mean":2040.71691895,"median":1141.25976562,"min":64.599609375,"var":12638228},"spectral_skewness":{"dmean":0.159497842193,"dmean2":0.22884054482,"dvar":0.0249210298061,"dvar2":0.0494279079139,"max":4.91259717941,"mean":1.72447347641,"median":1.66371905804,"min":0.173020154238,"var":0.21181640029},"spectral_spread":{"dmean":339606.875,"dmean2":496047.71875,"dvar":103658250240,"dvar2":209310416896,"max":15070621,"mean":4550831.5,"median":4382063.5,"min":1586803,"var":1872922148860},"spectral_strongpeak":{"dmean":0.484301745892,"dmean2":0.828189313412,"dvar":1.68180000782,"dvar2":4.52240753174,"max":70.0259475708,"mean":0.706359624863,"median":0.443045735359,"min":0,"var":1.98237740993},"zerocrossingrate":{"dmean":0.0166391916573,"dmean2":0.0210917331278,"dvar":0.000207874574699,"dvar2":0.000325813918607,"max":0.68310546875,"mean":0.125067293644,"median":0.10888671875,"min":0.0146484375,"var":0.00507808802649}},"metadata":{"audio_properties":{"analysis_sample_rate":44100,"bit_rate":320000,"codec":"mp3","downmix":"mix","equal_loudness":0,"length":175.334945679,"lossless":false,"md5_encoded":"073261c6d901dc15fbd2aa79494d4ad2","replay_gain":-12.3949356079,"sample_rate":44100},"tags":{"album":["Diver Down"],"albumartist":["Van Halen"],"albumartistsort":["Van Halen"],"artist":["Van Halen"],"artistsort":["Van Halen"],"asin":["B00004Y6O6"],"catalognumber":["WB K 57 003"],"composer":["Roy Orbison"],"contentgroup":["Cover"],"date":["1982"],"discnumber":["1/1"],"file_name":"06. Van Halen - Oh, Pretty Woman.mp3","genre":["Classic Rock"],"label":["Warner Bros. Records"],"length":["175306"],"musicbrainz album release country":["US"],"musicbrainz album status":["official"],"musicbrainz album type":["album"],"musicbrainz_albumartistid":["b665b768-0d83-4363-950c-31ed39317c15"],"musicbrainz_albumid":["f960f3b2-15bd-4cbb-97ad-7603c49bbbda"],"musicbrainz_artistid":["b665b768-0d83-4363-950c-31ed39317c15"],"musicbrainz_recordingid":["a099b2db-dcba-4c44-ae02-85e9fe80cb42"],"musicip_puid":["fe21d172-ae8a-ccae-2c5d-a16d328a4a83"],"title":["Oh, Pretty Woman"],"tracknumber":["6/12"]},"version":{"essentia":"2.1-beta1","essentia_build_sha":"ca57ba49d9b1854bd80e60cf9ccf267278fb7d6b","essentia_git_sha":"v2.1_beta1-28-g21ef5f4-dirty","extractor":"music 1.0"}},"rhythm":{"beats_count":372,"beats_loudness":{"dmean":0.0179115645587,"dmean2":0.0305675715208,"dvar":0.000206467884709,"dvar2":0.00062973855529,"max":0.106509774923,"mean":0.0450018905103,"median":0.0438217073679,"min":4.54202286893e-10,"var":0.000342233804986},"beats_loudness_band_ratio":{"dmean":[0.202670767903,0.176487907767,0.102936983109,0.0439535006881,0.0357466191053,0.0410714223981],"dmean2":[0.36936584115,0.316483616829,0.177286192775,0.0770199894905,0.0632496848702,0.0701451376081],"dvar":[0.0238856133074,0.01