{"lowlevel":{"average_loudness":0.3069036901,"barkbands":{"dmean":[0.000682062469423,0.00506318220869,0.00196937914006,0.00116431980859,0.00107318337541,0.00042905373266,0.000241151981754,0.000225344629143,0.000232339763897,0.000231552243349,0.000267598166829,0.000268791394774,0.000163801028975,0.000139782059705,0.00013810856035,0.000115854862088,0.0000948377200984,0.0000984681755654,0.0000938183220569,0.0000668595384923,0.0000766124721849,0.0000424150130129,0.0000174596625584,0.000010294463209,0.0000132388468046,0.00000338371000908,0.00000114995179956],"dmean2":[0.00108453095891,0.00836346205324,0.00336489756592,0.00200461409986,0.0017960651312,0.000718969269656,0.000406509381719,0.000379904435249,0.000377162592486,0.000359342433512,0.000415095797507,0.000439686409663,0.000267871888354,0.000233642102103,0.000234061531955,0.000194911146536,0.000156366921146,0.00016062076611,0.000153187633259,0.000108243431896,0.000120490542031,0.000067681845394,0.0000276782320725,0.0000158910152095,0.0000193840023712,0.00000498063309351,0.00000176703554189],"dvar":[0.000003575511073,0.0000969872853602,0.0000258915770246,0.00000825125789561,0.00000604893557465,0.00000138876703204,5.58943497708e-7,4.41816695229e-7,4.11568038317e-7,4.61410422758e-7,8.54082884416e-7,9.66571178651e-7,2.98260886211e-7,1.70472276295e-7,1.86207515185e-7,1.37853930937e-7,8.4842099568e-8,9.44183469187e-8,9.20843987728e-8,4.10319351829e-8,7.48384323401e-8,2.12001296518e-8,3.27219518148e-9,1.23793597595e-9,2.53538012807e-9,1.48788356635e-10,2.01935829169e-11],"dvar2":[0.00000836861727294,0.000269637879683,0.0000741352851037,0.0000233461123571,0.000016994528778,0.00000383353517464,0.00000154212125381,0.00000114554620723,9.64561536421e-7,9.59732915362e-7,0.00000182345468147,0.0000023083830456,7.25395750578e-7,4.61691854525e-7,5.27705196873e-7,3.76548058512e-7,2.26240175039e-7,2.41096756781e-7,2.39664615265e-7,1.04896152209e-7,1.86349140563e-7,5.17964373614e-8,7.53347428883e-9,2.80729395286e-9,5.49862688715e-9,3.03855052231e-10,4.69187223795e-11],"max":[0.031607221812,0.164192989469,0.115463748574,0.0523624196649,0.0474649481475,0.0397640317678,0.0245595443994,0.0204463284463,0.0381205454469,0.0337858349085,0.043024931103,0.0389035120606,0.0221756044775,0.0109368423,0.0104605834931,0.00942885223776,0.0065376800485,0.00780069548637,0.00701788719743,0.00548401288688,0.00962342415005,0.00266800168902,0.00107418757398,0.000615728495177,0.00102542724926,0.000217348599108,0.000070137786679],"mean":[0.000755871820729,0.0165132861584,0.0025421702303,0.00155743281357,0.00185065087862,0.000842857698444,0.000341707607731,0.000323439599015,0.00038831558777,0.00042898816173,0.000501697068103,0.000477398163639,0.000298769009532,0.000250457582297,0.000269241572823,0.000229055716773,0.000193015512195,0.000220728907152,0.000206829659874,0.000160571595188,0.000164470548043,0.000096828545793,0.0000435718720837,0.0000284057841782,0.0000290698153549,0.00000882868062035,0.00000225835560741],"median":[0.0000371492860722,0.00695980200544,0.000909423979465,0.00048659730237,0.00089219934307,0.000267796305707,0.0000920680322452,0.0000591165553487,0.0000563081703149,0.0000515766660101,0.000042945946916,0.0000709302476025,0.0000162407050084,0.0000116515548143,0.0000060644288169,0.00000289090439765,0.00000202029264074,0.00000109799225356,5.24026859239e-7,3.85596194974e-7,2.25355051953e-7,1.0903315939e-7,6.98333479932e-8,5.84477461985e-8,4.36376836888e-8,2.38933743901e-8,1.46247245425e-8],"min":[1.1304665537e-10,7.23206355913e-11,8.59885253279e-12,2.96441690639e-11,2.78550155164e-10,2.6812504994e-10,7.52610543331e-11,2.03470892912e-10,1.62136845616e-10,2.04870093112e-10,1.63223892735e-10,8.78511846603e-11,5.17170924141e-11,1.96763872556e-11,2.08483560277e-11,1.58023854419e-11,8.45295621693e-12,6.98411250707e-12,9.87011600923e-12,8.64968773689e-12,1.27958980217e-11,1.41882885649e-11,1.27660234814e-11,2.25868559967e-11,2.17504556033e-11,2.91512265715e-11,5.12030522148e-11],"var":[0.00000495757967656,0.000413849833421,0.0000274788835668,0.00000987785642792,0.00000812455800769,0.00000245920955422,6.34708953839e-7,7.18274122846e-7,0.00000119626167816,0.00000208830897463,0.00000342922362506,0.00000267155905931,8.05853289876e-7,4.0689124603e-7,5.03543446939e-7,3.65010549785e-7,2.38943044906e-7,3.00874830828e-7,2.56191952985e-7,1.30607958226e-7,1.50206474814e-7,5.19049478953e-8,1.08566400314e-8,4.97181362746e-9,6.36267749599e-9,6.09769068571e-10,4.47062283027e-11]},"barkbands_crest":{"dmean":2.15384554863,"dmean2":3.50859355927,"dvar":4.93862915039,"dvar2":13.248872757,"max":26.7805271149,"mean":14.8452806473,"median":13.8347330093,"min":2.25900769234,"var":45.0468826294},"barkbands_flatness_db":{"dmean":0.0223292354494,"dmean2":0.0348280854523,"dvar":0.000696846400388,"dvar2":0.00154114537872,"max":0.622771859169,"mean":0.265991359949,"median":0.278026342392,"min":0.0203636642545,"var":0.016507325694},"barkbands_kurtosis":{"dmean":7.6255364418,"dmean2":12.0364780426,"dvar":755.219726562,"dvar2":1826.22131348,"max":2071.77270508,"mean":19.3324146271,"median":6.02682352066,"min":-1.85421299934,"var":3717.41308594},"barkbands_skewness":{"dmean":0.668198525906,"dmean2":1.04670584202,"dvar":0.55032402277,"dvar2":1.31893408298,"max":37.6532669067,"mean":2.61432528496,"median":2.12166261673,"min":-3.83216357231,"var":6.08417463303},"barkbands_spread":{"dmean":2.8136074543,"dmean2":4.51156330109,"dvar":19.521270752,"dvar2":46.9042549133,"max":69.7673416138,"mean":11.4278736115,"median":6.03671073914,"min":0.0232193619013,"var":162.037322998},"dissonance":{"dmean":0.0282158125192,"dmean2":0.0478432886302,"dvar":0.00112179084681,"dvar2":0.00306978425942,"max":0.500000059605,"mean":0.442884296179,"median":0.457583248615,"min":0.0427187792957,"var":0.0031344438903},"dynamic_complexity":7.13186168671,"erbbands":{"dmean":[0.13932736218,1.19707489014,2.22521424294,3.37045955658,3.43174052238,3.72782111168,3.95018172264,3.56708335876,3.23133277893,4.78567266464,3.8439655304,5.47064876556,5.46980857849,7.46137142181,13.107421875,10.1752691269,7.46919727325,6.77718162537,6.4352107048,7.07624816895,5.40631198883,5.12952232361,5.55131578445,4.58684492111,4.65461111069,3.051248312,3.12427139282,2.78510570526,1.60331892967,0.784166395664,0.504929840565,0.251938223839,0.177908316255,0.17464825511,0.0757373422384,0.0216880273074,0.00495786871761,0.00102588918526,0.000211348844459,0.0000198778561753],"dmean2":[0.237372785807,1.97358334064,3.73519849777,5.77767467499,5.84424161911,6.22212934494,6.49361896515,6.03425073624,5.46360015869,8.1361989975,6.53280830383,8.87726211548,8.89843654633,11.5040006638,20.3024177551,16.5241413116,12.2555904388,11.1216497421,10.9354419708,11.9083003998,8.91495800018,8.38546466827,9.01806640625,7.4257144928,7.55076932907,4.9172706604,5.01070404053,4.38814163208,2.57286047935,1.25515913963,0.802899599075,0.39107298851,0.273810833693,0.270801514387,0.110278315842,0.0314489156008,0.00712327612564,0.00155920314137,0.000318576436257,0.0000313072960125],"dvar":[0.0967225506902,5.25340270996,25.3029174805,68.3610992432,67.5811920166,81.9252548218,97.4232559204,104.57131958,93.0861740112,223.218658447,120.640701294,258.91784668,194.613861084,549.06451416,2419.60400391,1494.32177734,586.049682617,380.59854126,382.529541016,530.225585938,292.39352417,250.718887329,303.462799072,212.017608643,223.99798584,82.2192764282,117.699050903,98.2992401123,30.2133541107,6.66932916641,2.80294346809,0.698690235615,0.381370007992,0.425117522478,0.0809813141823,0.00607478711754,0.000315590237733,0.0000150928799485,7.09470612037e-7,3.49784201603e-9],"dvar2":[0.271039485931,14.4831571579,71.9614868164,192.047821045,190.006637573,230.31640625,263.980743408,288.518981934,260.222076416,594.543029785,319.709136963,579.688781738,491.937042236,1133.12536621,5235.84814453,3535.46142578,1479.26623535,1008.25543213,1073.36120605,1515.36999512,760.415283203,652.562255859,758.166137695,540.60345459,573.068725586,208.162994385,306.171722412,237.301239014,75.1974334717,16.1610088348,6.4988694191,1.60913264751,0.848843157291,0.955781936646,0.175309374928,0.0125017715618,0.000650969799608,0.0000328372370859,0.00000163457593771,8.29317770012e-9],"max":[5.78409814835,38.3552703857,117.592048645,129.822418213,146.940643311,179.07208252,198.92124939,335.888031006,313.771942139,430.602081299,239.780166626,1084.37695312,326.609405518,1214.88806152,2429.49829102,1584.8848877,894.63067627,522.143371582,379.982269287,654.342163086,477.655944824,382.038604736,480.676513672,362.641784668,446.7109375,291.692932129,330.517181396,343.315643311,113.006874084,44.2917060852,31.8603153229,23.3543338776,11.6844835281,13.0209369659,5.38734149933,1.36996984482,0.413969010115,0.0788335874677,0.0137154683471,0.000966982974205],"mean":[0.325922399759,4.15678358078,4.31053590775,4.78803873062,5.09469842911,6.10037326813,8.34380149841,5.69643783569,4.97314882278,6.88622188568,5.68977689743,9.23281383514,9.63069820404,15.5177669525,25.7525043488,19.2054347992,14.765171051,13.652633667,12.6043891907,14.8150587082,11.694439888,11.2229413986,12.5118608475,10.540476799,10.213555336,7.53990936279,6.95338916779,5.85479593277,3.68804121017,1.93153643608,1.18942940235,0.680635631084,0.460832089186,0.3715672791,0.167665600777,0.0537781491876,0.0131926964968,0.002700897865,0.000418412935687,0.0000529393000761],"median":[0.158295154572,1.6276242733,2.28433513641,1.68497896194,1.875218153,2.72676372528,2.39965772629,1.78441023827,1.58362770081,1.34332764149,1.31714963913,1.28410410881,1.60453701019,1.78401255608,2.10647058487,3.07054758072,1.03066015244,0.736355483532,0.44026824832,0.26541697979,0.147710025311,0.100400060415,0.0699614137411,0.0334974899888,0.0219452921301,0.0187629498541,0.0118807889521,0.00677939970046,0.00426576146856,0.00335228675976,0.00144259282388,0.00122793728951,0.000946956104599,0.000570206902921,0.000298138766084,0.000127323670313,0.0000470042141387,0.0000104650280264,0.000017185760953,0.0000325516375597],"min":[8.86478623841e-9,4.69778669299e-8,4.9371482902e-8,2.86110690695e-7,6.97758423485e-7,0.00000275507954939,0.00000973046462605,0.00000316663545163,0.0000014481239532,0.00000189454704014,0.00000963371167018,0.00000479118580188,0.0000126331497086,0.000012339881323,0.00000755455039325,0.00000326800568473,0.00000204351840694,0.00000219735557039,0.00000163133904607,0.00000146425713865,0.00000141789564623,9.80978597909e-7,6.86171006237e-7,4.88595276238e-7,5.9453503809e-7,4.83964811338e-7,5.13343252351e-7,5.25980112798e-7,4.78205947729e-7,4.42171085524e-7,4.34696403318e-7,4.39481937065e-7,3.47193605421e-7,2.10836262227e-7,1.47186369759e-7,1.08197006909e-7,6.68739659204e-8,2.18391793538e-8,8.31288549108e-9,8.42705905058e-9],"var":[0.176349759102,26.8839206696,36.0791664124,87.2011184692,83.6753997803,102.035316467,275.650665283,143.627914429,113.67464447,334.623779297,175.865951538,806.405639648,457.960876465,2853.05053711,10069.2451172,4239.75683594,1895.19763184,1129.64868164,925.765258789,1623.27807617,879.817565918,787.397155762,997.375671387,655.113220215,616.552185059,279.909210205,250.908203125,198.392318726,74.0304641724,20.1574306488,8.37729167938,2.78516745567,1.34963846207,1.0237095356,0.211632713675,0.0213714558631,0.00144653837197,0.0000741555195418,0.00000151232757162,6.4113119258e-9]},"erbbands_crest":{"dmean":2.32390165329,"dmean2":3.73480796814,"dvar":6.02265834808,"dvar2":15.3283634186,"max":33.4253005981,"mean":10.2779026031,"median":9.05203151703,"min":2.15645694733,"var":30.2199935913},"erbbands_flatness_db":{"dmean":0.015721378848,"dmean2":0.0241346545517,"dvar":0.000396895135054,"dvar2":0.000840939814225,"max":0.659601807594,"mean":0.229063093662,"median":0.236094772816,"min":0.0694993659854,"var":0.00869767181575},"erbbands_kurtosis":{"dmean":1.37208652496,"dmean2":2.15586066246,"dvar":10.2708263397,"dvar2":22.1195011139,"max":295.899597168,"mean":1.82374930382,"median":0.242435485125,"min":-1.78886342049,"var":74.1158294678},"erbbands_skewness":{"dmean":0.36332654953,"dmean2":0.570775687695,"dvar":0.143740206957,"dvar2":0.33245909214,"max":11.8139276505,"mean":0.29765111208,"median":0.182393610477,"min":-3.85062932968,"var":1.18510007858},"erbbands_spread":{"dmean":5.07767868042,"dmean2":8.0529499054,"dvar":37.727268219,"dvar2":87.7782058716,"max":109.443695068,"mean":26.8564109802,"median":22.3350563049,"min":0.216917932034,"var":334.30456543},"gfcc":{"cov":[[30838.6582031,-6673.74414062,-1578.99462891,6501.62792969,-256.920257568,1543.5546875,-360.975830078,1243.92468262,-552.798706055,1240.18322754,-249.351974487,760.220092773,-91.7420043945],[-6673.74414062,3667.16918945,1036.32080078,-1453.54370117,748.211242676,-151.126296997,381.732269287,-332.587524414,226.574691772,-352.692169189,310.980651855,-188.466033936,198.016921997],[-1578.99462891,1036.32080078,1439.42077637,167.983322144,164.287475586,85.5735702515,256.453918457,-63.2363815308,140.509628296,-26.7195701599,189.084365845,-30.9220027924,136.307189941],[6501.62792969,-1453.54370117,167.983322144,2085.66723633,-19.5353374481,324.648040771,-16.7448711395,225.007095337,-60.2072296143,320.428161621,26.8242607117,150.392486572,34.8832359314],[-256.920257568,748.211242676,164.287475586,-19.5353374481,505.229278564,102.429359436,127.296981812,-43.0216293335,60.5647163391,-51.2935523987,112.531944275,-15.6918878555,66.3324584961],[1543.5546875,-151.126296997,85.5735702515,324.648040771,102.429359436,272.004974365,67.4750671387,85.1612548828,-33.680519104,58.036075592,22.1366252899,60.7937698364,28.5677776337],[-360.975830078,381.732269287,256.453918457,-16.7448711395,127.296981812,67.4750671387,214.209350586,-4.2034535408,68.4692306519,-34.8362503052,70.0624237061,-22.0474967957,44.0732116699],[1243.92468262,-332.587524414,-63.2363815308,225.007095337,-43.0216293335,85.1612548828,-4.2034535408,175.791656494,7.60646915436,80.399810791,-23.216342926,47.4824142456,-6.74870443344],[-552.798706055,226.574691772,140.509628296,-60.2072296143,60.5647163391,-33.680519104,68.4692306519,7.60646915436,152.449432373,19.8387928009,50.3976669312,-30.5987262726,23.4811954498],[1240.18322754,-352.692169189,-26.7195701599,320.428161621,-51.2935523987,58.036075592,-34.8362503052,80.399810791,19.8387928009,144.90322876,31.3010101318,46.8466186523,1.1321157217],[-249.351974487,310.980651855,189.084365845,26.8242607117,112.531944275,22.1366252899,70.0624237061,-23.216342926,50.3976669312,31.3010101318,133.849578857,26.4948444366,49.9145698547],[760.220092773,-188.466033936,-30.9220027924,150.392486572,-15.6918878555,60.7937698364,-22.0474967957,47.4824142456,-30.5987262726,46.8466186523,26.4948444366,87.1503372192,23.42445755],[-91.7420043945,198.016921997,136.307189941,34.8832359314,66.3324584961,28.5677776337,44.0732116699,-6.74870443344,23.4811954498,1.1321157217,49.9145698547,23.42445755,70.9187240601]],"icov":[[0.000207859513466,-0.00000612811390965,0.000236458115978,-0.000504652503878,-0.0000643702296657,-0.000379083037842,-0.000100024175481,-0.000289117830107,0.000185490003787,-0.000338135054335,0.0003039414878,-0.000381400022889,0.000183347379789],[-0.00000612811390965,0.00131715182215,-0.000563189038076,0.000753218773752,-0.00117784284521,0.000361973594408,-0.000021491690859,-0.000199930145754,0.000411578279454,0.000791341764852,-0.00159349071328,0.00167593453079,-0.00160439813044],[0.000236458115978,-0.000563189038076,0.00170515547507,-0.00113646232057,0.000991057488136,-0.0011269923998,-0.000388734944863,-0.000233409722568,-0.000479281734442,0.000408229563618,-0.000675296527334,0.000243511502049,-0.000546519004274],[-0.000504652503878,0.000753218773752,-0.00113646232057,0.00258612004109,-0.000838876061607,0.000933142378926,-0.000196516615688,0.000704256235622,0.000527577183675,-0.00129367306363,-0.000409901025705,0.00135372055229,-0.00155847391579],[-0.0000643702296657,-0.00117784284521,0.000991057488136,-0.000838876061607,0.00493456237018,-0.00262579927221,0.00092652591411,-0.0000544883296243,-0.00174279138446,0.0032228208147,-0.00314815808088,0.00145495205652,-0.00016466123634],[-0.000379083037842,0.000361973594408,-0.0011269923998,0.000933142378926,-0.00262579927221,0.00911781843752,-0.00384899578057,-0.000910072820261,0.00335339200683,-0.0032442221418,0.0027704408858,-0.00295421550982,-0.000738115224522],[-0.000100024175481,-0.000021491690859,-0.000388734944863,-0.000196516615688,0.00092652591411,-0.00384899578057,0.0109404437244,-0.00238280487247,-0.00349220610224,0.00720392167568,-0.00665490236133,0.00529760261998,-0.00159213820007],[-0.000289117830107,-0.000199930145754,-0.000233409722568,0.000704256235622,-0.0000544883296243,-0.000910072820261,-0.00238280487247,0.0120603889227,-0.00301061337814,-0.00551098911092,0.00664530182257,-0.00636754976586,0.00184334744699],[0.000185490003787,0.000411578279454,-0.000479281734442,0.000527577183675,-0.00174279138446,0.00335339200683,-0.00349220610224,-0.00301061337814,0.0133018009365,-0.00633271876723,-0.00119668815751,0.00565051566809,-0.00341175799258],[-0.000338135054335,0.000791341764852,0.000408229563618,-0.00129367306363,0.0032228208147,-0.0032442221418,0.00720392167568,-0.00551098911092,-0.00633271876723,0.0247739553452,-0.0141304377466,0.0031673903577,0.0010962743545],[0.0003039414878,-0.00159349071328,-0.000675296527334,-0.000409901025705,-0.00314815808088,0.0027704408858,-0.00665490236133,0.00664530182257,-0.00119668815751,-0.0141304377466,0.0262473989278,-0.0141750834882,-0.000231088022701],[-0.000381400022889,0.00167593453079,0.000243511502049,0.00135372055229,0.00145495205652,-0.00295421550982,0.00529760261998,-0.00636754976586,0.00565051566809,0.0031673903577,-0.0141750834882,0.0313015580177,-0.0126593383029],[0.000183347379789,-0.00160439813044,-0.000546519004274,-0.00155847391579,-0.00016466123634,-0.000738115224522,-0.00159213820007,0.00184334744699,-0.00341175799258,0.0010962743545,-0.000231088022701,-0.0126593383029,0.0277069434524]],"mean":[-156.161315918,161.792266846,-90.3838348389,8.10259056091,-32.3956680298,11.1493730545,-17.0795230865,-3.59458136559,-17.5603561401,-4.50136613846,-6.41191673279,-3.9880194664,-2.63723874092]},"hfc":{"dmean":2.82322096825,"dmean2":4.27206516266,"dvar":60.8976287842,"dvar2":139.751953125,"max":170.369415283,"mean":11.1058864594,"median":3.52076435089,"min":0.0000467569916509,"var":340.349365234},"melbands":{"dmean":[0.00133725104388,0.00128173956182,0.000543668749742,0.000261810986558,0.000135102396598,0.0000777752356953,0.0000494093837915,0.0000531749938091,0.0000299397252093,0.0000362411301467,0.000028180760637,0.0000317299891321,0.000037382964365,0.0000315400757245,0.0000256785970123,0.0000171176579897,0.0000135194104587,0.0000109207558125,0.0000106762890937,0.00000916796398087,0.00000645640329822,0.00000561211709282,0.00000589784576732,0.00000486597309646,0.00000403256080972,0.00000381844984076,0.00000319296032103,0.00000202005412575,0.00000191221147361,0.00000234731032833,0.00000155252428158,0.00000104059813566,6.91890306825e-7,3.85774086453e-7,3.32424463068e-7,2.24955627459e-7,1.50787087705e-7,1.27198845234e-7,1.57630140052e-7,1.55493879106e-7],"dmean2":[0.00223401980475,0.00212422991171,0.000929175934289,0.000438855349785,0.000222625865717,0.000131532986416,0.0000830914214021,0.0000901724488358,0.0000507662625751,0.0000587547874602,0.0000458611139038,0.0000487186152895,0.0000583682231081,0.0000508037119289,0.0000421825170633,0.0000277922208625,0.0000224629202421,0.0000185970948223,0.0000181170598808,0.0000154763583851,0.0000106013485492,0.00000923074821912,0.00000958678083407,0.00000809999619378,0.00000663473610985,0.00000629654869044,0.00000520200956089,0.0000033044632346,0.00000315154306918,0.00000374745354748,0.00000248155743066,0.0000016789140318,0.00000112727343549,6.22777463377e-7,5.34825630893e-7,3.60076711559e-7,2.36751688476e-7,2.04905489909e-7,2.46679405791e-7,2.40185585199e-7],"dvar":[0.00000746956629882,0.00000631407192486,0.00000172278157606,3.7075622572e-7,1.0838165565e-7,4.91457932128e-8,2.21036593473e-8,2.73634572778e-8,7.40838901336e-9,1.11150191273e-8,5.11565056982e-9,1.03431254672e-8,1.70600742422e-8,1.03936619311e-8,1.26538699519e-8,3.71578412484e-9,1.60158686313e-9,1.09743614196e-9,1.21898058314e-9,8.97061258609e-10,4.00223937325e-10,2.96203783723e-10,3.17537579564e-10,2.40393871476e-10,1.71301292595e-10,1.47623968605e-10,9.6323504728e-11,3.51884285599e-11,4.22854910809e-11,7.10195999232e-11,2.84032571768e-11,1.21659861005e-11,5.44554245446e-12,1.46872282131e-12,1.16833452635e-12,6.13654147028e-13,2.14503965263e-13,1.82812708656e-13,3.11802070708e-13,3.45104207797e-13],"dvar2":[0.0000208009787457,0.0000177637884917,0.00000482702716909,0.00000104114201349,2.96042458103e-7,1.36117236593e-7,6.14184614278e-8,7.21954620531e-8,1.97313543282e-8,2.46874662935e-8,1.29277113459e-8,2.07630801441e-8,3.74609179232e-8,2.4990795211e-8,3.01245286494e-8,8.54010018259e-9,4.35406777299e-9,3.05568703673e-9,3.45548389902e-9,2.54937781996e-9,1.03788755368e-9,7.84702858247e-10,7.93669630017e-10,6.27930485386e-10,4.46517600672e-10,3.87823023695e-10,2.46194648001e-10,9.20911610858e-11,1.14415005248e-10,1.77514988819e-10,6.98122046283e-11,3.0800698797e-11,1.37342966861e-11,3.63133720142e-12,2.75443947165e-12,1.51865260818e-12,4.97389239171e-13,4.32151195254e-13,7.03849305228e-13,7.83798698688e-13],"max":[0.045949537307,0.0484017804265,0.0199357550591,0.0119889965281,0.00572812277824,0.0074934666045,0.0050292131491,0.00518133910373,0.0017902282998,0.00726724695414,0.00161680066958,0.00537113565952,0.00607641320676,0.00370070640929,0.00496798101813,0.00300091085956,0.000964621489402,0.000765756762121,0.000798831577413,0.000693918031175,0.000481147435494,0.000452038395451,0.000416711700382,0.000444058270659,0.000345350592397,0.000344464642694,0.000227076932788,0.000185918979696,0.000194602631382,0.000287621456664,0.000162291791639,0.0000755748842494,0.0000416536422563,0.0000204439947993,0.000021714507966,0.0000242901351157,0.00000849021944305,0.00000980602271738,0.00000981910761766,0.0000118656844279],"mean":[0.00410747528076,0.00364565989003,0.000809924327768,0.000414205191191,0.000276053120615,0.000130982298288,0.0000756245135562,0.0000765374570619,0.0000436674054072,0.0000604871929681,0.0000485861346533,0.0000627745757811,0.000071210997703,0.0000618936755927,0.0000421436889155,0.0000307395748678,0.0000247702791967,0.0000197382087208,0.0000208268102142,0.0000176425146492,0.0000128233095893,0.0000110831224447,0.000012208730368,0.0000101431842268,0.00000832133719086,0.00000776788419898,0.00000655313533571,0.00000458985596197,0.00000409168842452,0.00000440634084953,0.00000308240100821,0.00000221257278099,0.0000014965257833,9.08079300643e-7,7.17647083093e-7,5.11673192705e-7,3.82218559025e-7,3.10128115188e-7,3.37571663067e-7,3.06303178377e-7],"median":[0.00188905373216,0.00187636632472,0.000307274691295,0.000175093300641,0.0000954522984102,0.0000422222728957,0.0000231727281061,0.0000142918033816,0.000009928568943,0.0000078670491348,0.00000769958023739,0.00000629533406027,0.00000624481299383,0.00000872085820447,0.00000415184331359,0.0000015780844933,0.00000125191922962,6.94048139849e-7,4.14493030121e-7,2.67682935373e-7,1.5479230342e-7,1.0910348891e-7,8.48545980148e-8,3.95833694711e-8,2.57371972623e-8,1.6669208236e-8,1.28392940724e-8,1.29203705512e-8,7.43120986968e-9,5.74432768019e-9,3.10247894042e-9,2.48205478393e-9,1.96103866479e-9,1.72566638756e-9,7.69909580534e-10,6.96467994388e-10,7.50578155184e-10,6.7521466196e-10,4.82114459466e-10,4.6577952606e-10],"min":[7.30206797805e-11,2.57393776432e-11,5.4171441638e-11,5.16689746544e-11,7.20549522826e-11,5.21935168696e-11,2.28080783427e-11,2.38189832441e-11,7.4338632472e-11,3.05330691286e-11,5.89762266801e-11,4.77625647366e-11,2.84308167287e-11,8.59936254149e-12,3.70588282284e-12,4.75683511678e-12,3.04845450098e-12,2.02823283342e-12,1.40562062857e-12,1.30894080297e-12,7.65333759908e-13,6.20363569542e-13,3.47766195181e-13,3.60615535914e-13,3.47611425321e-13,3.86211678957e-13,2.85706760984e-13,2.19772361117e-13,2.82706285682e-13,2.9058331262e-13,2.37225712164e-13,2.20202165963e-13,1.96718224934e-13,1.79148688072e-13,1.99544089477e-13,2.11921490556e-13,2.19103828505e-13,2.12061433951e-13,1.59672039588e-13,1.57953904405e-13],"var":[0.000025108916816,0.0000191506296687,0.00000232559523283,4.66228726737e-7,2.54321975035e-7,6.820265952e-8,2.70986006967e-8,4.27572928174e-8,1.08150182143e-8,3.55374147887e-8,1.2147445716e-8,5.18511313885e-8,6.73943176821e-8,3.98234440979e-8,2.74743872097e-8,9.69754321289e-9,3.94678467686e-9,2.3840531771e-9,3.27592641902e-9,2.26184115881e-9,1.0909121384e-9,8.10671141327e-10,9.9491392902e-10,6.59062471264e-10,4.34918046022e-10,3.70496577862e-10,2.4945440158e-10,1.05300830555e-10,8.64715590798e-11,1.21301232947e-10,5.59756026253e-11,2.75090731444e-11,1.25459911557e-11,4.5696385044e-12,3.11898206914e-12,1.67847452517e-12,8.81794799939e-13,6.28859215136e-13,7.9257845946e-13,7.53306813629e-13]},"melbands_crest":{"dmean":2.54617786407,"dmean2":4.16798305511,"dvar":7.12587356567,"dvar2":19.3129482269,"max":34.1096382141,"mean":16.6964054108,"median":17.5723876953,"min":2.65631699562,"var":26.3481845856},"melbands_flatness_db":{"dmean":0.0264007747173,"dmean2":0.0411188416183,"dvar":0.000971472996753,"dvar2":0.00216102181002,"max":0.714245378971,"mean":0.374287486076,"median":0.392136722803,"min":0.0159590896219,"var":0.0237753931433},"melbands_kurtosis":{"dmean":8.79037380219,"dmean2":14.0838670731,"dvar":184.976898193,"dvar2":463.187530518,"max":378.423919678,"mean":24.7001781464,"median":14.420633316,"min":-1.84952330589,"var":917.366516113},"melbands_skewness":{"dmean":0.703828930855,"dmean2":1.11212539673,"dvar":0.507902085781,"dvar2":1.26969003677,"max":15.9570884705,"mean":3.206127882,"median":3.08538150787,"min":-4.37860202789,"var":4.94299554825},"melbands_spread":{"dmean":3.2791466713,"dmean2":5.3020234108,"dvar":28.1770954132,"dvar2":68.6681594849,"max":118.731613159,"mean":11.5279760361,"median":6.43626976013,"min":0.209657758474,"var":179.153671265},"mfcc":{"cov":[[23023.8769531,-3872.04125977,-2384.30981445,2815.62841797,590.854736328,828.686035156,275.722045898,236.718719482,353.824798584,191.079467773,286.013885498,167.183685303,218.99937439],[-3872.04125977,3824.14453125,737.45916748,-372.837432861,558.352233887,297.152709961,400.230072021,217.905807495,13.6175928116,-7.26749038696,10.3479175568,168.006713867,151.76600647],[-2384.30981445,737.45916748,1001.28076172,113.182235718,38.3964729309,35.0245132446,80.0801086426,30.1547012329,23.9790039062,-3.31774187088,-0.878850162029,63.4975662231,35.7438697815],[2815.62841797,-372.837432861,113.182235718,960.37310791,249.553573608,211.893951416,99.4056243896,36.5667533875,86.8362350464,67.3424072266,78.7567672729,98.33543396,88.2865982056],[590.854736328,558.352233887,38.3964729309,249.553573608,377.235900879,210.043960571,128.295730591,62.391078949,25.3461303711,27.8355312347,37.6402397156,70.2221984863,65.3181228638],[828.686035156,297.152709961,35.0245132446,211.893951416,210.043960571,247.944122314,154.520828247,60.7823905945,26.6303653717,5.63286066055,25.1073036194,52.351272583,47.9473495483],[275.722045898,400.230072021,80.0801086426,99.4056243896,128.295730591,154.520828247,186.65612793,99.5908050537,32.3205413818,6.07463788986,14.4176006317,41.2032699585,34.826171875],[236.718719482,217.905807495,30.1547012329,36.5667533875,62.391078949,60.7823905945,99.5908050537,117.69833374,52.3908882141,11.4658517838,9.01697444916,16.1431331635,14.8037223816],[353.824798584,13.6175928116,23.9790039062,86.8362350464,25.3461303711,26.6303653717,32.3205413818,52.3908882141,84.6848526001,53.7366218567,22.4758815765,15.4565238953,15.172876358],[191.079467773,-7.26749038696,-3.31774187088,67.3424072266,27.8355312347,5.63286066055,6.07463788986,11.4658517838,53.7366218567,87.0144195557,43.7821998596,13.5532922745,9.24559020996],[286.013885498,10.3479175568,-0.878850162029,78.7567672729,37.6402397156,25.1073036194,14.4176006317,9.01697444916,22.4758815765,43.7821998596,65.6031265259,45.0824012756,22.8164520264],[167.183685303,168.006713867,63.4975662231,98.33543396,70.2221984863,52.351272583,41.2032699585,16.1431331635,15.4565238953,13.5532922745,45.0824012756,91.5833053589,65.6265945435],[218.99937439,151.76600647,35.7438697815,88.2865982056,65.3181228638,47.9473495483,34.826171875,14.8037223816,15.172876358,9.24559020996,22.8164520264,65.6265945435,85.0440750122]],"icov":[[0.000170748840901,0.0000652675298625,0.000424661120633,-0.000448273000075,0.000140407981235,-0.000372863723896,0.0000759782851674,-0.000247167190537,-0.000317067606375,0.000330091628712,-0.000270878750598,0.000117451192637,-0.000152282300405],[0.0000652675298625,0.000743445300031,-0.0002882675617,0.000557449879125,-0.00119510234799,0.000335880933562,-0.00109408423305,-0.000120038697787,0.0000131219585455,-0.0000775447770138,0.000221815658733,-0.000368279172108,-0.000524105736986],[0.000424661120633,-0.0002882675617,0.00247775530443,-0.00169760093559,0.00112928031012,-0.000688851636369,-0.0000115329594337,-0.000119806099974,-0.00130346813239,0.000950477202423,0.000206379554584,-0.000982609577477,0.000520518573467],[-0.000448273000075,0.000557449879125,-0.00169760093559,0.00349597935565,-0.00214205542579,0.000509977573529,-0.0010505518876,0.00157164840493,-0.00087410164997,-0.000480136863189,-0.000107589039544,-0.000543323636521,-0.000585616799071],[0.000140407981235,-0.00119510234799,0.00112928031012,-0.00214205542579,0.00829612277448,-0.00616396963596,0.00390723953024,-0.00344564463012,0.00371555308811,-0.00356948608533,0.00138959661126,-0.0013062832877,-0.0000162597571034],[-0.000372863723896,0.000335880933562,-0.000688851636369,0.000509977573529,-0.00616396963596,0.016387404874,-0.0128489835188,0.00746753811836,-0.0047232224606,0.00549217732623,-0.00304569047876,0.00188443006482,-0.000813588849269],[0.0000759782851674,-0.00109408423305,-0.0000115329594337,-0.0010505518876,0.00390723953024,-0.0128489835188,0.024039901793,-0.0164937078953,0.00801674555987,-0.0060616703704,0.00447190040722,-0.00422176485881,0.00140883331187],[-0.000247167190537,-0.000120038697787,-0.000119806099974,0.00157164840493,-0.00344564463012,0.00746753811836,-0.0164937078953,0.0281764753163,-0.0197820849717,0.0120758218691,-0.00636762147769,0.00466719269753,-0.000121324723295],[-0.000317067606375,0.0000131219585455,-0.00130346813239,-0.00087410164997,0.00371555308811,-0.0047232224606,0.00801674555987,-0.0197820849717,0.0386793725193,-0.0262167677283,0.0114832324907,-0.0059319594875,-0.000335856719175],[0.000330091628712,-0.0000775447770138,0.000950477202423,-0.000480136863189,-0.00356948608533,0.00549217732623,-0.0060616703704,0.0120758218691,-0.0262167677283,0.0383150503039,-0.0260275565088,0.0138895781711,-0.00381074822508],[-0.000270878750598,0.000221815658733,0.000206379554584,-0.000107589039544,0.00138959661126,-0.00304569047876,0.00447190040722,-0.00636762147769,0.0114832324907,-0.0260275565088,0.0462002418935,-0.0287268608809,0.0108073288575],[0.000117451192637,-0.000368279172108,-0.000982609577477,-0.000543323636521,-0.0013062832877,0.00188443006482,-0.00422176485881,0.00466719269753,-0.0059319594875,0.0138895781711,-0.0287268608809,0.0446607992053,-0.0250192135572],[-0.000152282300405,-0.000524105736986,0.000520518573467,-0.000585616799071,-0.0000162597571034,-0.000813588849269,0.00140883331187,-0.000121324723295,-0.000335856719175,-0.00381074822508,0.0108073288575,-0.0250192135572,0.0302720759064]],"mean":[-788.576965332,175.820800781,18.4355297089,14.1381969452,7.74360084534,14.909040451,11.5384950638,5.62008237839,2.32425403595,-1.62826395035,-0.221711605787,1.57762801647,0.819548547268]},"pitch_salience":{"dmean":0.0678214281797,"dmean2":0.109016671777,"dvar":0.0044034733437,"dvar2":0.0114591624588,"max":0.924096763134,"mean":0.460460782051,"median":0.481375932693,"min":0.0465458370745,"var":0.0353925302625},"silence_rate_20dB":{"dmean":0,"dmean2":0,"dvar":0,"dvar2":0,"max":1,"mean":1,"median":1,"min":1,"var":0},"silence_rate_30dB":{"dmean":0.0162086486816,"dmean2":0.0324196889997,"dvar":0.0159459300339,"dvar2":0.0388841256499,"max":1,"mean":0.979077637196,"median":1,"min":0,"var":0.0204846076667},"silence_rate_60dB":{"dmean":0.0251970831305,"dmean2":0.0503978766501,"dvar":0.0245621893555,"dvar2":0.055668130517,"max":1,"mean":0.24311183393,"median":0,"min":0,"var":0.184008464217},"spectral_centroid":{"dmean":128.768218994,"dmean2":204.525741577,"dvar":39401.1054688,"dvar2":91318.546875,"max":3622.36621094,"mean":800.689208984,"median":515.605407715,"min":94.0569000244,"var":484371.9375},"spectral_complexity":{"dmean":2.40624761581,"dmean2":3.71109628677,"dvar":14.7827262878,"dvar2":28.5219726562,"max":64,"mean":13.3196554184,"median":7,"min":0,"var":244.501693726},"spectral_contrast_coeffs":{"dmean":[0.0440124571323,0.0401962697506,0.0320032611489,0.0251930709928,0.0169627349824,0.0146758612245],"dmean2":[0.072890393436,0.0671549737453,0.0531058646739,0.0421316362917,0.028412533924,0.0240173302591],"dvar":[0.00142039754428,0.00109000760131,0.000690234533977,0.000416684604716,0.00022963876836,0.000249560485827],"dvar2":[0.00385621935129,0.00303332088515,0.00186185259372,0.00115252973046,0.000623537576757,0.000587479444221],"max":[-0.407012432814,-0.418526887894,-0.472059428692,-0.59195047617,-0.67816901207,-0.57470703125],"mean":[-0.67580717802,-0.775218844414,-0.804780900478,-0.817980587482,-0.834953665733,-0.792613327503],"median":[-0.680526614189,-0.780124425888,-0.816918313503,-0.823660850525,-0.836574077606,-0.801528930664],"min":[-0.900966048241,-0.968053042889,-0.950799167156,-0.946237802505,-0.966363251209,-0.968826532364],"var":[0.00407243147492,0.00377346598543,0.00359516241588,0.001833637245,0.00109996937681,0.00360229727812]},"spectral_contrast_valleys":{"dmean":[0.385972827673,0.366891115904,0.320292204618,0.303560733795,0.24370855093,0.210562989116],"dmean2":[0.631008267403,0.60097104311,0.519437074661,0.482261538506,0.371515631676,0.317579865456],"dvar":[0.113597407937,0.12646690011,0.115238137543,0.139798223972,0.124264761806,0.105849467218],"dvar2":[0.283500492573,0.300305634737,0.253943175077,0.290356576443,0.236701831222,0.193049520254],"max":[-4.74814462662,-4.28064203262,-5.1255106926,-5.26347732544,-5.35383415222,-8.22948932648],"mean":[-7.61906909943,-7.49847984314,-7.95186042786,-8.85838890076,-9.5632610321,-12.5556364059],"median":[-6.91939926147,-7.34744119644,-7.86317539215,-8.97752666473,-10.0941085815,-13.2279624939],"min":[-14.8450489044,-13.6401157379,-14.4301719666,-14.8958740234,-15.2278356552,-16.9701385498],"var":[3.9271235466,1.52990591526,1.70988225937,3.03477573395,5.41007232666,5.15894317627]},"spectral_decrease":{"dmean":2.04871408727e-9,"dmean2":3.34852368056e-9,"dvar":1.54549366858e-17,"dvar2":4.16820347307e-17,"max":-3.96558506586e-15,"mean":-7.34440996908e-9,"median":-5.45326361845e-9,"min":-6.43697717351e-8,"var":5.79986950914e-17},"spectral_energy":{"dmean":0.0079095447436,"dmean2":0.0128969922662,"dvar":0.000231219251873,"dvar2":0.000619880971499,"max":0.245426505804,"mean":0.028726844117,"median":0.0214589666575,"min":1.93579605678e-8,"var":0.000891297997441},"spectral_energyband_high":{"dmean":0.000165194040164,"dmean2":0.000247528689215,"dvar":3.32328880859e-7,"dvar2":7.65514528211e-7,"max":0.0134474867955,"mean":0.000449198094429,"median":7.81818016549e-7,"min":2.07314471146e-10,"var":0.00000103385514194},"spectral_energyband_low":{"dmean":0.00662903347984,"dmean2":0.0109386695549,"dvar":0.000163756820257,"dvar2":0.000457277987152,"max":0.211111485958,"mean":0.0205996651202,"median":0.011966291815,"min":7.22785220564e-10,"var":0.000558126834221},"spectral_energyband_middle_high":{"dmean":0.000889663060661,"dmean2":0.00136542099062,"dvar":0.0000055895143305,"dvar2":0.0000128755127662,"max":0.0779419466853,"mean":0.00313255214132,"median":0.000305332650896,"min":1.41131029086e-9,"var":0.0000444673969469},"spectral_energyband_middle_low":{"dmean":0.00237732403912,"dmean2":0.00396398128942,"dvar":0.0000301094896713,"dvar2":0.0000804646988399,"max":0.102085851133,"mean":0.00537952268496,"median":0.00269243330695,"min":7.27971904979e-9,"var":0.0000582022294111},"spectral_entropy":{"dmean":0.160643726587,"dmean2":0.248402446508,"dvar":0.046391800046,"dvar2":0.096977673471,"max":8.38201236725,"mean":6.69937038422,"median":6.52110719681,"min":3.09980773926,"var":0.908978462219},"spectral_flux":{"dmean":0.0165051613003,"dmean2":0.0258408784866,"dvar":0.000628930865787,"dvar2":0.0013257546816,"max":0.354661494493,"mean":0.0555160418153,"median":0.0364523008466,"min":0.0000616319593973,"var":0.00283137103543},"spectral_kurtosis":{"dmean":11.6748847961,"dmean2":20.0259418488,"dvar":297.340789795,"dvar2":814.833740234,"max":367.205200195,"mean":36.3564376831,"median":24.8629894257,"min":-0.020752184093,"var":1811.10449219},"spectral_rms":{"dmean":0.000618397782091,"dmean2":0.000987762236036,"dvar":8.67965638918e-7,"dvar2":0.00000225508438234,"max":0.0154738649726,"mean":0.00440638326108,"median":0.00457554124296,"min":0.00000434578123532,"var":0.00000860997624841},"spectral_rolloff":{"dmean":333.411651611,"dmean2":604.933532715,"dvar":3044824,"dvar2":8147175,"max":21640.8691406,"mean":1088.88146973,"median":322.998046875,"min":64.599609375,"var":8899255},"spectral_skewness":{"dmean":0.705748200417,"dmean2":1.20533454418,"dvar":0.741367042065,"dvar2":2.04307889938,"max":15.2626094818,"mean":3.8141412735,"median":3.62551140785,"min":0.199726849794,"var":6.32700395584},"spectral_spread":{"dmean":320545.46875,"dmean2":528391,"dvar":183806017536,"dvar2":387776643072,"max":14920051,"mean":2577783.5,"median":1952226.5,"min":249511.015625,"var":2362855391230},"spectral_strongpeak":{"dmean":0.175507366657,"dmean2":0.303200036287,"dvar":0.217120662332,"dvar2":0.581326544285,"max":9.4834022522,"mean":0.466695845127,"median":0.363182127476,"min":0,"var":0.377738058567},"zerocrossingrate":{"dmean":0.00567133631557,"dmean2":0.00711324904114,"dvar":0.000143181867315,"dvar2":0.00021267356351,"max":0.46728515625,"mean":0.0349274352193,"median":0.02099609375,"min":0.001953125,"var":0.00259685702622}},"metadata":{"audio_properties":{"analysis_sample_rate":44100,"bit_rate":0,"codec":"flac","downmix":"mix","equal_loudness":0,"length":315.160003662,"lossless":true,"md5_encoded":"2101211a3bcbccf8922fcf99309030f4","replay_gain":-12.5153388977},"tags":{"album":["The Fragile"],"album artist":["Nine Inch Nails"],"albumartist":["Nine Inch Nails"],"artist":["Nine Inch Nails"],"date":["1999-09-20"],"discnumber":["2"],"discsubtitle":["Right"],"disctotal":["2"],"file_name":"2-04. The Mark Has Been Made.flac","genre":["Industrial"],"musicbrainz_albumartistid":["b7ffd2af-418f-4be2-bdd1-22f8b48613da"],"musicbrainz_albumid":["c162e9d3-b9f8-38ab-972e-c900dae920e5"],"musicbrainz_artistid":["b7ffd2af-418f-4be2-bdd1-22f8b48613da"],"musicbrainz_recordingid":["a0d8186c-6b85-43b6-b165-13e4b3095717"],"musicbrainz_releasegroupid":["fc4d7589-a6b9-35ca-a6b6-8c8e70c3baaa"],"title":["The Mark Has Been Made"],"totaldiscs":["2"],"totaltracks":["11"],"tracknumber":["4"],"tracktotal":["11"]},"version":{"essentia":"2.1-beta1","essentia_build_sha":"dbf9221a02c8614ba002a04270c5f9c8cf066e4e","essentia_git_sha":"v2.1_beta1-6-g5578087","extractor":"music 1.0"}},"rhythm":{"beats_count":608,"beats_loudness":{"dmean":0.0187543388456,"dmean2":0.0330109894276,"dvar":0.000539971806575,"dvar2":0.00166362768505,"max":0.186379671097,"mean":0.0375997126102,"median":0.033848375082,"min":8.16710894469e-7,"var":0.00118652055971},"beats_loudness_band_ratio":{"dmean":[0.154572144151,0.0907468274236,0.0690882131457,0.0892466828227,0.0305249616504,0.0299740992486],"dmean2":[0.261064648628,0.158413261175,0.121920697391,0.153559073806,0.0554234087467,0.0553960315883],"dvar":[0.0302200559527,0.0114927776158,0.01354762353,0.0184543542564,0.00286159734242,0.00477296905592],"dvar2":[0.0769931077957,0.0325709059834,0.0385270752013,0.05128101632,0.00883882027119,0.013708117418],"max":[0.989095032215,0.897714197636,0.985726892948,0.982432663441,0.454926043749,0.5621044039