{"lowlevel":{"average_loudness":0.121018961072,"barkbands":{"dmean":[0.000112874062324,0.000718418916222,0.00164740381297,0.00208050408401,0.00527804298326,0.00103206466883,0.000279277213849,0.000279960135231,0.000319833430694,0.000180138318683,0.0000807526012068,0.0000811372010503,0.0000368594883184,0.0000402143923566,0.0000812162325019,0.0000207483335544,0.00000868403822096,0.0000108679441837,0.0000216222961171,0.00000827846906759,0.00000223672464017,0.00000223729625759,0.00000128698457047,0.0000010340247627,9.78397338258e-7,9.97210804599e-7,0.00000467902691526],"dmean2":[0.000181465467904,0.00113995943684,0.00244787847623,0.0033957422711,0.00795905478299,0.00156812591013,0.000425727019319,0.000429822073784,0.000464066892164,0.000276411068626,0.0001198332684,0.000119400989206,0.0000538693020644,0.0000605791028647,0.000127961757244,0.0000321576480928,0.0000126495178847,0.000015709139916,0.0000297861697618,0.0000118609932542,0.00000341198619935,0.00000335488334713,0.00000203167041946,0.0000016483430727,0.00000156421174324,0.00000158339469181,0.00000642327677269],"dvar":[9.34368458161e-8,0.00000301961449622,0.0000258256459347,0.0000494123523822,0.000145948273712,0.0000149584820974,9.5385178156e-7,9.42667156778e-7,0.00000141295095091,5.18698186625e-7,1.31245286639e-7,1.83727820513e-7,4.85485038837e-8,4.64460683247e-8,3.14129096068e-7,1.02320711903e-8,1.49119427917e-9,5.15094145115e-9,1.81901569363e-8,1.60456870013e-9,4.17545789611e-11,5.76540030994e-11,1.07060350168e-11,7.63244415586e-12,7.0693654923e-12,6.8709504232e-12,3.51789763986e-10],"dvar2":[2.02895904522e-7,0.00000789950627222,0.0000486236931465,0.000120609940495,0.000302163389279,0.0000344040745404,0.00000214751912608,0.00000204511138691,0.0000025376357371,0.00000122195353924,2.58159531086e-7,3.34156197823e-7,9.38910176274e-8,1.06979364034e-7,6.46280909677e-7,2.62207446866e-8,3.0986562205e-9,1.17886962414e-8,3.46075132995e-8,3.00316727042e-9,8.54823364871e-11,1.09780982915e-10,2.45551252942e-11,1.69688568752e-11,1.57248727928e-11,1.5329633396e-11,6.08780914568e-10],"max":[0.0101728513837,0.051233805716,0.220931410789,0.236695170403,0.162963032722,0.0854625478387,0.0260006934404,0.0289379693568,0.0592402592301,0.0305756963789,0.0199069976807,0.0223012361676,0.0119522539899,0.00768869789317,0.0328937508166,0.00341850053519,0.00134092313237,0.0037027481012,0.00610751425847,0.00151473365258,0.000309044407913,0.000257082720054,0.0000700485761627,0.0000653407914797,0.0000632693991065,0.0000619497004664,0.000774127722252],"mean":[0.000120995064208,0.00121665408369,0.00266214483418,0.0029351725243,0.00725336000323,0.00145336799324,0.000385500228731,0.000362391205272,0.000481635943288,0.000268379691988,0.000139248324558,0.000173793028807,0.0000645962136332,0.0000698034200468,0.000126742655993,0.0000296798516501,0.0000136284679684,0.0000149384977703,0.0000283671743091,0.0000110815390144,0.00000318518073072,0.00000345109447153,0.00000171104022684,0.00000108270705823,9.54468646341e-7,0.00000112293082566,0.00000848667514219],"median":[0.000027000598493,0.00036912196083,0.000437560782302,0.000473552237963,0.00134507822804,0.000120951299323,0.0000484755291836,0.0000459626280644,0.0000492027611472,0.0000255082177318,0.0000106200695882,0.00000802810791356,0.00000567253073314,0.00000459327065983,0.00000540291330253,0.00000179734684025,0.00000102885678643,0.00000100733848285,0.00000113440353289,7.84415647104e-7,4.53702398318e-7,4.1856000621e-7,3.08417725137e-7,1.64935698876e-7,9.09711701524e-8,1.80077194045e-7,7.24615972558e-7],"min":[1.38299001687e-25,4.13077270587e-24,9.03646970856e-25,4.17966906579e-24,2.18901801451e-23,6.85933016435e-24,1.91720305229e-23,1.58894114801e-23,8.66874515582e-24,2.79493481829e-23,2.50802626483e-23,3.50201672227e-23,3.02759356506e-23,5.20001268395e-23,7.57155954351e-23,5.28587356705e-23,1.3841922685e-22,1.00672857313e-22,1.67689538396e-22,2.22246123616e-22,2.53451113376e-22,3.63711931282e-22,4.86061960519e-22,7.47137206285e-22,8.6843109592e-22,1.29506444103e-21,2.20503975425e-21],"var":[1.26765272057e-7,0.00000797953725851,0.0000883224711288,0.000109260079626,0.000256146799074,0.0000277650942735,0.00000166096833709,0.00000142544786286,0.00000404864476877,0.00000123852998968,4.31646071775e-7,9.94920128505e-7,1.81572332281e-7,1.29330544496e-7,6.16313002411e-7,2.19385096756e-8,3.91827104096e-9,8.90103812878e-9,3.11961656507e-8,3.00564884093e-9,1.51111484437e-10,2.03161515389e-10,2.24142926442e-11,1.01462328123e-11,9.20498399726e-12,9.68359333692e-12,1.14739018287e-9]},"barkbands_crest":{"dmean":3.29784083366,"dmean2":5.44932842255,"dvar":7.33049583435,"dvar2":18.7545814514,"max":25.6669864655,"mean":12.694355011,"median":12.12022686,"min":3.54299521446,"var":17.7981472015},"barkbands_flatness_db":{"dmean":0.0410109907389,"dmean2":0.0646030306816,"dvar":0.00125480652787,"dvar2":0.00295895244926,"max":0.4802493155,"mean":0.234487220645,"median":0.235473960638,"min":0.035705793649,"var":0.00472734728828},"barkbands_kurtosis":{"dmean":9.24104881287,"dmean2":15.0988702774,"dvar":140.061294556,"dvar2":353.64630127,"max":298.977050781,"mean":17.2792778015,"median":12.7783079147,"min":-1.59894251823,"var":287.653564453},"barkbands_skewness":{"dmean":0.851528942585,"dmean2":1.3667974472,"dvar":0.634460866451,"dvar2":1.58877050877,"max":13.7794122696,"mean":2.3626408577,"median":2.23612737656,"min":-2.17665791512,"var":2.07504677773},"barkbands_spread":{"dmean":2.608700037,"dmean2":4.02337598801,"dvar":19.8122138977,"dvar2":37.3949737549,"max":84.7938690186,"mean":6.38069152832,"median":3.78732538223,"min":0.36493563652,"var":60.7750968933},"dissonance":{"dmean":0.0361022092402,"dmean2":0.0611888058484,"dvar":0.00122812809423,"dvar2":0.00337601988576,"max":0.500000298023,"mean":0.440220147371,"median":0.450291097164,"min":0.168657928705,"var":0.00211501680315},"dynamic_complexity":7.71822118759,"erbbands":{"dmean":[0.0168833248317,0.191953852773,1.38412153721,4.68306541443,10.9330472946,22.3969860077,15.6649360657,6.28903007507,3.79305553436,4.65331029892,6.70431566238,7.27819108963,6.04931926727,4.54167366028,2.78658676147,2.89947962761,1.89854848385,1.70250439644,3.55816864967,3.30387425423,0.794406473637,0.489492863417,0.506620764732,0.917238473892,1.00626635551,0.361829549074,0.10922986269,0.0904658958316,0.0825461447239,0.0540045276284,0.0340611338615,0.023310771212,0.0164238195866,0.0110624879599,0.00689451536164,0.00382563308813,0.00185096205678,0.000872480275575,0.00040768229519,0.0000978376847343],"dmean2":[0.026697549969,0.305281281471,2.07694268227,7.53018760681,17.0445613861,34.3157234192,23.7721004486,9.34614372253,5.7684264183,7.04073810577,10.1917362213,10.4275417328,8.82600688934,6.82517004013,4.07041692734,4.33612394333,2.75527071953,2.5168838501,5.5824174881,5.12879276276,1.15895664692,0.707214057446,0.726494133472,1.29181540012,1.37955009937,0.515156447887,0.162447839975,0.138223513961,0.12483278662,0.0830193608999,0.0539421997964,0.0370982997119,0.0262268856168,0.0176794826984,0.0110203279182,0.00611015968025,0.00293835392222,0.0013231409248,0.000558185856789,0.000133048146381],"dvar":[0.00167593732476,0.21096329391,15.5213356018,289.20010376,727.47454834,3549.16870117,2275.79101562,593.031433105,179.913040161,270.865356445,554.985046387,956.913330078,566.246948242,303.453033447,187.025222778,224.319900513,100.902732849,83.2995376587,295.950286865,1111.20922852,16.6144676208,4.13659381866,10.2971420288,37.385181427,34.3777732849,2.78607559204,0.0919332653284,0.0887696072459,0.0788935795426,0.0217375699431,0.00770109752193,0.00377486716025,0.00195156503469,0.000902895932086,0.000350981135853,0.000107323867269,0.000023620965294,0.00000498348299516,0.00000223476968131,1.58931811711e-7],"dvar2":[0.00419964129105,0.542477309704,29.8329181671,689.243286133,1606.7064209,7462.40722656,4901.25585938,1329.60668945,406.921875,585.885925293,1212.06140137,1582.29309082,1176.30688477,717.175415039,350.202911377,428.804656982,196.359695435,177.62991333,745.122253418,2114.71386719,33.4530181885,8.40274715424,23.9712963104,76.9680328369,61.0213088989,4.84957742691,0.163804367185,0.190430253744,0.150408491492,0.0456694476306,0.0177706945688,0.00841612182558,0.00433422718197,0.00200765300542,0.000780502392445,0.000238566819462,0.0000526678632013,0.0000101529840322,0.00000364286279364,2.78288894151e-7],"max":[1.23885285854,14.6197710037,172.289215088,580.075683594,792.583007812,918.865661621,1134.4230957,716.874633789,447.237792969,430.614318848,717.956176758,1679.93835449,1367.68237305,635.885925293,977.586791992,859.131591797,455.592407227,332.493286133,500.420532227,2190.00219727,230.921264648,65.0523452759,186.653076172,338.242340088,243.39074707,66.9460678101,15.0020332336,11.9578065872,9.97194862366,4.05268621445,1.95588171482,1.44028306007,1.04849517345,0.714902937412,0.445993423462,0.246432393789,0.114295311272,0.0675669834018,0.0671081542969,0.0157120339572],"mean":[0.0279679857194,0.328960508108,2.32368040085,7.47961902618,15.7832145691,27.546667099,21.2812595367,8.95224094391,5.50189304352,6.40890026093,9.16351413727,11.1923046112,9.00309562683,7.68000555038,5.65614128113,6.37448263168,3.78411960602,3.22002077103,6.38713502884,4.54300928116,1.32355606556,0.812931120396,0.747994363308,1.22862529755,1.31872057915,0.503002047539,0.158703997731,0.133648693562,0.127510637045,0.0778163969517,0.0447918251157,0.0260534826666,0.0165919661522,0.0108378436416,0.00674114283174,0.00379986758344,0.00211635581218,0.0013079282362,0.000641960185021,0.000193955886061],"median":[0.00836293026805,0.0962354242802,0.45437169075,1.31665623188,3.62620210648,3.91106891632,1.79210495949,0.931154549122,0.763352751732,0.708061814308,1.32923817635,1.18840765953,0.940721929073,0.701189637184,0.431331396103,0.362524330616,0.294087648392,0.237880855799,0.315814316273,0.208138674498,0.0923487991095,0.0596712902188,0.0551025718451,0.0601453483105,0.0531275980175,0.0368435680866,0.0219183601439,0.0173148643225,0.0150469150394,0.0116424132138,0.00851027946919,0.00471089035273,0.00221313536167,0.00106443965342,0.000647869193926,0.000419573741965,0.000375118339434,0.000199346337467,0.000069982423156,0.0000284120269498],"min":[5.91776124955e-23,1.1775603654e-21,2.66335597474e-21,1.04825505179e-20,4.18946688484e-20,4.65481220183e-20,3.83851321486e-20,9.35394512862e-20,2.5541956958e-19,2.70056789013e-19,4.22057844014e-19,3.017302843e-19,7.54597788548e-19,6.59107128057e-19,1.05508262319e-18,1.64909311858e-18,1.22594877283e-18,2.35458553686e-18,2.19029712745e-18,3.53856244163e-18,5.6625686944e-18,7.13518303609e-18,5.60306835217e-18,7.51542472879e-18,9.637509441e-18,1.07008401923e-17,1.10500849459e-17,9.95189184051e-18,1.03381893225e-17,1.5098074426e-17,1.43456146925e-17,1.32923135062e-17,1.28773012764e-17,9.15641127057e-18,6.46889815166e-18,4.77034397515e-18,2.53833378377e-18,1.1117379811e-18,2.68408709191e-19,3.1635002308e-20],"var":[0.00372497062199,0.649383366108,55.2975006104,691.508239746,1708.8548584,5260.85546875,4157.70947266,1011.68017578,315.371643066,476.008544922,862.052612305,2829.12915039,1503.03833008,782.351989746,834.404174805,1264.43664551,460.444091797,288.071044922,1007.90264893,1659.9708252,48.9109268188,13.8985452652,19.9100856781,62.5993232727,62.0265846252,5.95467472076,0.337788045406,0.262689560652,0.288226485252,0.0595474466681,0.0147894052789,0.00523466616869,0.00256232358515,0.00117723329458,0.000457575370092,0.000140266638482,0.0000335842523782,0.0000164113389474,0.00000637696712147,5.02087516452e-7]},"erbbands_crest":{"dmean":3.50874567032,"dmean2":5.80117273331,"dvar":8.95491981506,"dvar2":23.1791667938,"max":31.0080223083,"mean":12.0608539581,"median":11.3548336029,"min":2.33163523674,"var":20.56665802},"erbbands_flatness_db":{"dmean":0.0365904420614,"dmean2":0.0577480867505,"dvar":0.00105020939372,"dvar2":0.00258487300016,"max":0.42684802413,"mean":0.209402546287,"median":0.205686211586,"min":0.0446976795793,"var":0.00336000998504},"erbbands_kurtosis":{"dmean":3.06627631187,"dmean2":4.98157930374,"dvar":17.6682014465,"dvar2":42.3734512329,"max":69.2234191895,"mean":4.59016656876,"median":2.65927600861,"min":-1.74866521358,"var":39.702671051},"erbbands_skewness":{"dmean":0.633515238762,"dmean2":0.980715095997,"dvar":0.344347119331,"dvar2":0.788594305515,"max":6.54294967651,"mean":1.30947506428,"median":1.30152690411,"min":-3.99772071838,"var":1.44773280621},"erbbands_spread":{"dmean":6.09908390045,"dmean2":9.72384548187,"dvar":45.5900878906,"dvar2":109.459915161,"max":94.8343200684,"mean":20.2071094513,"median":17.1173019409,"min":0.949606060982,"var":160.630889893},"gfcc":{"cov":[[10415.8945312,525.699829102,-672.930786133,-416.872161865,217.848800659,-108.558708191,-278.223114014,-52.5947875977,-385.955047607,20.3947525024,48.8457374573,-235.297744751,223.077606201],[525.699829102,1189.84521484,435.741912842,-157.354293823,-101.14969635,0.0448474921286,17.9652175903,-49.0029411316,-5.93833875656,-14.2817316055,14.8878965378,-48.5231666565,64.3448944092],[-672.930786133,435.741912842,832.230895996,161.860931396,-259.516143799,162.65788269,-152.94229126,168.501678467,-78.3638381958,82.2075881958,-16.656288147,40.7295265198,42.8668899536],[-416.872161865,-157.354293823,161.860931396,329.293762207,155.445999146,2.01156973839,2.64986181259,31.5875930786,22.6276454926,21.9178562164,3.3758919239,3.22144007683,-25.7732181549],[217.848800659,-101.14969635,-259.516143799,155.445999146,403.387512207,-4.22316455841,123.615234375,-84.6148147583,39.1611366272,-43.6713104248,23.7090702057,-61.1149520874,-15.7480506897],[-108.558708191,0.0448474921286,162.65788269,2.01156973839,-4.22316455841,280.509246826,40.2743644714,98.7835617065,-88.6926803589,-14.1046123505,-37.8060188293,17.7277450562,1.02516973019],[-278.223114014,17.9652175903,-152.94229126,2.64986181259,123.615234375,40.2743644714,238.597961426,-8.40674972534,32.9078483582,-89.1977081299,-24.9329166412,-13.4216375351,-35.2648239136],[-52.5947875977,-49.0029411316,168.501678467,31.5875930786,-84.6148147583,98.7835617065,-8.40674972534,173.034317017,-18.8488941193,24.2098789215,-22.9311141968,8.13525390625,15.7138357162],[-385.955047607,-5.93833875656,-78.3638381958,22.6276454926,39.1611366272,-88.6926803589,32.9078483582,-18.8488941193,136.070678711,36.4394798279,12.1432666779,-5.52309131622,-26.5886631012],[20.3947525024,-14.2817316055,82.2075881958,21.9178562164,-43.6713104248,-14.1046123505,-89.1977081299,24.2098789215,36.4394798279,114.575447083,54.1059188843,10.5085573196,12.2391309738],[48.8457374573,14.8878965378,-16.656288147,3.3758919239,23.7090702057,-37.8060188293,-24.9329166412,-22.9311141968,12.1432666779,54.1059188843,82.6413497925,28.2454166412,6.33460140228],[-235.297744751,-48.5231666565,40.7295265198,3.22144007683,-61.1149520874,17.7277450562,-13.4216375351,8.13525390625,-5.52309131622,10.5085573196,28.2454166412,79.0924606323,15.0154561996],[223.077606201,64.3448944092,42.8668899536,-25.7732181549,-15.7480506897,1.02516973019,-35.2648239136,15.7138357162,-26.5886631012,12.2391309738,6.33460140228,15.0154561996,83.4318389893]],"icov":[[0.000240688736085,-0.000607103283983,0.000907279667445,-0.000154436362209,-0.000423520366894,0.000543988600839,0.000298659317195,-0.000845616625156,0.00185053679161,-0.00164025952108,0.0013758103596,-0.000639615114778,0.000350698886905],[-0.000607103283983,0.00498509546742,-0.00738140102476,0.00550181046128,-0.0015830246266,0.000247864110861,-0.00250145094469,0.00413761800155,-0.00623296108097,0.00599817512557,-0.00544475577772,0.00379298627377,-0.00200323481113],[0.000907279667445,-0.00738140102476,0.0176193639636,-0.018831551075,0.0153818773106,-0.0106075173244,0.00684517156333,-0.00300749042071,0.000952842878178,0.00383046478964,-0.00826423242688,0.00932602677494,-0.00641893874854],[-0.000154436362209,0.00550181046128,-0.018831551075,0.0323252007365,-0.031788226217,0.0233413726091,-0.00811975542456,-0.00575634371489,0.0156583748758,-0.0264130141586,0.0336257480085,-0.0302884858102,0.0189590770751],[-0.000423520366894,-0.0015830246266,0.0153818773106,-0.031788226217,0.0405403599143,-0.0299514960498,0.00697727547958,0.012129872106,-0.0280490089208,0.0413036197424,-0.0511996597052,0.0448671728373,-0.0258704088628],[0.000543988600839,0.000247864110861,-0.0106075173244,0.0233413726091,-0.0299514960498,0.0308581590652,-0.00967656448483,-0.0117417052388,0.030325172469,-0.0397268086672,0.0456961244345,-0.0372807979584,0.0218357201666],[0.000298659317195,-0.00250145094469,0.00684517156333,-0.00811975542456,0.00697727547958,-0.00967656448483,0.0138046797365,-0.00173253368121,-0.00982774980366,0.0181364566088,-0.0139201739803,0.00880258716643,-0.00361740076914],[-0.000845616625156,0.00413761800155,-0.00300749042071,-0.00575634371489,0.012129872106,-0.0117417052388,-0.00173253368121,0.0173512194306,-0.0153050730005,0.0149856014177,-0.0177305862308,0.0171974413097,-0.0115542244166],[0.00185053679161,-0.00623296108097,0.000952842878178,0.0156583748758,-0.0280490089208,0.030325172469,-0.00982774980366,-0.0153050730005,0.0523292161524,-0.0588625147939,0.0575057193637,-0.0419642515481,0.0257661286741],[-0.00164025952108,0.00599817512557,0.00383046478964,-0.0264130141586,0.0413036197424,-0.0397268086672,0.0181364566088,0.0149856014177,-0.0588625147939,0.0927273929119,-0.0893656611443,0.0621998682618,-0.0340105332434],[0.0013758103596,-0.00544475577772,-0.00826423242688,0.0336257480085,-0.0511996597052,0.0456961244345,-0.0139201739803,-0.0177305862308,0.0575057193637,-0.0893656611443,0.109152026474,-0.0772830098867,0.0394415445626],[-0.000639615114778,0.00379298627377,0.00932602677494,-0.0302884858102,0.0448671728373,-0.0372807979584,0.00880258716643,0.0171974413097,-0.0419642515481,0.0621998682618,-0.0772830098867,0.0755213797092,-0.0361766926944],[0.000350698886905,-0.00200323481113,-0.00641893874854,0.0189590770751,-0.0258704088628,0.0218357201666,-0.00361740076914,-0.0115542244166,0.0257661286741,-0.0340105332434,0.0394415445626,-0.0361766926944,0.0339603088796]],"mean":[-163.179046631,138.928253174,-65.1622161865,6.96224355698,-39.2020225525,-7.14692497253,-20.4955749512,-15.8702077866,-18.4495563507,-13.3084459305,-20.0665531158,-8.31027793884,-13.1933488846]},"hfc":{"dmean":2.50955152512,"dmean2":3.56751894951,"dvar":20.9484539032,"dvar2":40.0192909241,"max":105.664390564,"mean":5.45967960358,"median":1.57938408852,"min":1.10004863692e-16,"var":85.6090011597},"melbands":{"dmean":[0.000170849772985,0.000547396135516,0.000908439862542,0.00120541208889,0.000640671700239,0.00014688554802,0.0000563317516935,0.000051940434787,0.0000580726846238,0.0000445808836957,0.0000304232271446,0.0000194775620912,0.0000103185930129,0.00000795996220404,0.00000763450861996,0.00000285648911813,0.00000345977514371,0.00000563481717109,0.00000543051146451,0.00000284345628643,7.32261753456e-7,5.55677388547e-7,3.89436365822e-7,5.40719554465e-7,7.68293546116e-7,9.15588202588e-7,5.23264475305e-7,1.85121535878e-7,7.44141175346e-8,5.12424342958e-8,5.52210011051e-8,5.00608017262e-8,4.04226128126e-8,2.78321312663e-8,2.05643839735e-8,1.62068385379e-8,1.35851196958e-8,1.17319292059e-8,1.02194128715e-8,9.02511931855e-9],"dmean2":[0.000269510637736,0.000820751127321,0.00144243682735,0.00184199051,0.000962844875176,0.000220532601816,0.0000854680183693,0.0000787875324022,0.0000887642090674,0.0000638326382614,0.0000449762337666,0.0000296909911413,0.0000152796619659,0.0000116977025755,0.0000111052804641,0.00000422994662586,0.00000512273800268,0.00000889645161806,0.00000847953651828,0.00000442687996838,0.00000107914320324,8.06149614618e-7,5.72506507979e-7,7.90665410477e-7,0.00000111192616714,0.00000129881948396,7.3719837701e-7,2.7583880069e-7,1.12185134071e-7,8.06801381259e-8,8.33504216757e-8,7.58528315714e-8,6.11364541214e-8,4.34540048388e-8,3.27009317402e-8,2.5843954532e-8,2.16513882378e-8,1.87330577717e-8,1.63326205893e-8,1.4425874717e-8],"dvar":[1.81652538345e-7,0.00000235702214013,0.00000754409666115,0.00000857380382513,0.00000293893685921,3.09159759126e-7,3.80457692017e-8,3.14576880101e-8,4.07799589652e-8,3.23695807936e-8,1.4072813137e-8,5.8588915941e-9,2.28046981299e-9,1.51734380616e-9,2.31241092941e-9,2.05253522512e-10,4.00012911683e-10,7.11333270065e-10,1.61974089696e-9,6.66179944542e-10,1.35468147117e-11,6.33051944199e-12,3.17583004165e-12,1.20154936348e-11,2.90966539057e-11,3.40760544781e-11,8.35374130981e-12,5.9115716879e-13,5.33370446605e-14,2.33823021573e-14,3.94982576377e-14,3.72867054344e-14,1.85316121308e-14,5.8625941253e-15,2.8613448467e-15,1.76765685812e-15,1.30360234055e-15,9.87392235845e-16,7.67445678591e-16,6.01486513235e-16],"dvar2":[4.69913402412e-7,0.00000462798834633,0.000017616281184,0.0000180527786142,0.00000611980476606,6.98609142091e-7,8.51239079225e-8,6.79121399116e-8,8.95071607943e-8,5.42733644693e-8,3.00043829782e-8,1.4067397025e-8,4.54623449997e-9,2.7394511104e-9,4.33697300295e-9,3.99281191443e-10,8.6768775498e-10,1.79308823345e-9,3.27548388412e-9,1.27473354095e-9,2.84357901809e-11,1.27197931007e-11,6.87660692278e-12,2.76070034888e-11,6.20830054032e-11,6.66848520847e-11,1.50416571559e-11,1.17545079573e-12,9.48591520004e-14,5.53980689447e-14,8.07107879879e-14,7.00244915763e-14,3.7695720704e-14,1.2992898417e-14,6.7614646419e-15,3.94505849294e-15,2.90399464966e-15,2.19209733881e-15,1.7059424611e-15,1.33759101987e-15],"max":[0.0132765639573,0.068908944726,0.0942228958011,0.0444754548371,0.0318177677691,0.0155532145873,0.00600858032703,0.0046519129537,0.00520776677877,0.00936762616038,0.0065361559391,0.00293119065464,0.00280792778358,0.00198123673908,0.00277133542113,0.000878845283296,0.000748623569962,0.000715234898962,0.00231163483113,0.00163052428979,0.000260887376498,0.0000927942601265,0.0000773342762841,0.000190833510715,0.000298294966342,0.000235570158111,0.000119944372273,0.000025932527933,0.0000128424226205,0.00000745873239794,0.00000774856926,0.00000670563667882,0.0000065419449129,0.00000190529681277,0.00000127771488678,9.8187229014e-7,8.47658270686e-7,7.45942486446e-7,6.58756164285e-7,5.83459780046e-7],"mean":[0.000297185964882,0.000968522625044,0.00150418630801,0.00160273851361,0.00087402947247,0.000211332226172,0.0000813586375443,0.0000703371333657,0.0000786920281826,0.0000682857207721,0.0000439374161942,0.0000315538745781,0.0000195392713067,0.0000165613182617,0.0000159380160767,0.00000494617916047,0.00000601758983976,0.0000101203058875,0.00000770695623942,0.00000378012737201,0.00000113461101137,8.97918937426e-7,5.48712648651e-7,7.56167708005e-7,9.98625637294e-7,0.00000118314937936,6.63328762585e-7,2.4859176051e-7,1.0454186139e-7,6.67714914471e-8,8.17625647187e-8,7.67229266785e-8,5.6272604354e-8,3.81402003313e-8,2.70385012158e-8,1.92801881127e-8,1.4442929519e-8,1.18422516238e-8,1.0040335674e-8,8.808228813e-9],"median":[0.0000940648387768,0.000214514046093,0.000307568174321,0.000313779397402,0.0000829146956676,0.0000208752207982,0.000011176704902,0.00000788424222264,0.0000108781914605,0.0000066443740252,0.00000444410306955,0.00000276006767308,0.00000143147690324,8.99929261777e-7,8.58805037751e-7,4.82239045141e-7,3.90203297229e-7,4.93870231821e-7,3.7621549609e-7,1.67469238477e-7,8.53402539747e-8,5.97955960302e-8,4.80940904879e-8,4.66790339715e-8,4.6609144988e-8,4.10006251172e-8,3.23576045957e-8,2.1415290874e-8,1.39948657107e-8,1.00368309219e-8,9.58844914578e-9,8.76943140327e-9,7.42503569739e-9,5.92583626613e-9,4.95925256416e-9,4.04861522085e-9,2.31156382924e-9,1.63593072422e-9,1.02655439704e-9,8.45800096627e-10],"min":[7.43971268447e-25,1.53489139645e-24,1.92044657224e-24,3.68737213484e-24,2.41122908745e-24,1.67708258854e-24,4.06670260644e-24,3.22160735716e-24,3.68815981246e-24,1.59273915828e-24,4.13075022333e-24,1.87664447883e-24,3.77705457572e-24,3.5181669927e-24,3.59698957992e-24,2.8362856842e-24,3.4922572507e-24,1.92819752506e-24,5.77344104021e-24,3.20758535457e-24,5.8268729559e-24,6.96706489817e-24,4.29407480186e-24,4.61426476582e-24,5.74066031972e-24,6.17779260199e-24,5.674283591e-24,6.90794923966e-24,5.94639287722e-24,6.01184782197e-24,5.16130391042e-24,4.86013732719e-24,7.6567257557e-24,7.90938922618e-24,7.05764348503e-24,8.41805541533e-24,6.62781763247e-24,8.34831301156e-24,7.94921723556e-24,7.19106589652e-24],"var":[4.53225652564e-7,0.00000888857630343,0.0000217019587581,0.0000141867458296,0.00000549448941456,5.58987721888e-7,6.77287133044e-8,5.43037756984e-8,6.68708750595e-8,9.83804326893e-8,3.44257209406e-8,1.3731992432e-8,8.81571171618e-9,8.44820746693e-9,1.15991332095e-8,7.2707168064e-10,1.19531962106e-9,2.50941134539e-9,2.61994381745e-9,1.01618680137e-9,4.33759590746e-11,2.08250066497e-11,7.29157099283e-12,2.19086658537e-11,4.56583833242e-11,5.61559479473e-11,1.47298440806e-11,1.23933177089e-12,1.86892493668e-13,5.12962881807e-14,1.18571520874e-13,1.2378178994e-13,4.71960828979e-14,1.34320426486e-14,5.68926916144e-15,2.6086173203e-15,1.76127975882e-15,1.29873052467e-15,1.0007738741e-15,7.83731157551e-16]},"melbands_crest":{"dmean":3.72416090965,"dmean2":6.21037721634,"dvar":9.10458660126,"dvar2":24.4969768524,"max":31.0111579895,"mean":15.8930997849,"median":15.5857801437,"min":1.73825562,"var":21.4663314819},"melbands_flatness_db":{"dmean":0.0471104457974,"dmean2":0.0737715736032,"dvar":0.00164085568395,"dvar2":0.00385052640922,"max":0.625246942043,"mean":0.353471696377,"median":0.358380019665,"min":0.00368484086357,"var":0.00709374109283},"melbands_kurtosis":{"dmean":10.5379524231,"dmean2":17.2699832916,"dvar":169.260513306,"dvar2":419.940429688,"max":258.051147461,"mean":21.2276592255,"median":15.1377620697,"min":-1.8788163662,"var":459.808746338},"melbands_skewness":{"dmean":0.827955365181,"dmean2":1.33379280567,"dvar":0.584776580334,"dvar2":1.44697260857,"max":9.71466064453,"mean":2.76232790947,"median":2.61269235611,"min":-2.1419301033,"var":2.49525022507},"melbands_spread":{"dmean":3.07443928719,"dmean2":4.7245721817,"dvar":41.4702911377,"dvar2":79.6983337402,"max":183.286712646,"mean":7.48637485504,"median":3.8187456131,"min":0.455983519554,"var":150.639648438},"mfcc":{"cov":[[8066.94189453,759.352722168,-1203.8848877,70.754119873,-122.644950867,100.094642639,-14.5319433212,-116.326072693,-214.721557617,-66.7528457642,-51.8598213196,-154.100662231,-29.8112449646],[759.352722168,1158.31640625,371.199157715,-105.133392334,-64.1578521729,-10.1547603607,18.2522411346,-59.9689598083,-20.5677318573,-5.66678619385,-15.7230949402,-35.3024597168,-45.7366294861],[-1203.8848877,371.199157715,1076.33532715,-37.5522689819,11.5966501236,-100.904289246,-2.09328770638,-20.4810810089,66.5863189697,-60.4143333435,-11.005525589,127.219406128,-39.7952270508],[70.754119873,-105.133392334,-37.5522689819,329.250671387,144.918426514,18.5576896667,-10.0186414719,-24.4498634338,-12.603014946,47.2208862305,27.9630050659,-21.8921165466,29.2879066467],[-122.644950867,-64.1578521729,11.5966501236,144.918426514,198.994659424,75.6047592163,27.3293018341,-13.7505512238,0.133565619588,24.829158783,16.5190525055,3.2138633728,17.5866222382],[100.094642639,-10.1547603607,-100.904289246,18.5576896667,75.6047592163,153.356246948,91.8441467285,41.9076652527,3.12384486198,4.43786144257,-1.72104537487,-16.6593990326,6.22470903397],[-14.5319433212,18.2522411346,-2.09328770638,-10.0186414719,27.3293018341,91.8441467285,174.580154419,111.680480957,34.9790611267,-1.65893554688,-12.5282115936,-14.9547395706,-8.88821983337],[-116.326072693,-59.9689598083,-20.4810810089,-24.4498634338,-13.7505512238,41.9076652527,111.680480957,160.558486938,73.3938751221,-1.24029827118,-11.0465011597,-8.19566059113,-15.6004343033],[-214.721557617,-20.5677318573,66.5863189697,-12.603014946,0.133565619588,3.12384486198,34.9790611267,73.3938751221,102.350105286,37.1096916199,-3.96255040169,-4.83679389954,-19.6359462738],[-66.7528457642,-5.66678619385,-60.4143333435,47.2208862305,24.829158783,4.43786144257,-1.65893554688,-1.24029827118,37.1096916199,89.3741073608,40.5257453918,-21.2982692719,-3.05225753784],[-51.8598213196,-15.7230949402,-11.005525589,27.9630050659,16.5190525055,-1.72104537487,-12.5282115936,-11.0465011597,-3.96255040169,40.5257453918,72.1466064453,32.3918533325,4.71961021423],[-154.100662231,-35.3024597168,127.219406128,-21.8921165466,3.2138633728,-16.6593990326,-14.9547395706,-8.19566059113,-4.83679389954,-21.2982692719,32.3918533325,97.7507476807,29.1012783051],[-29.8112449646,-45.7366294861,-39.7952270508,29.2879066467,17.5866222382,6.22470903397,-8.88821983337,-15.6004343033,-19.6359462738,-3.05225753784,4.71961021423,29.1012783051,65.025428772]],"icov":[[0.000223235372687,-0.000294441706501,0.000477300520288,-0.000331417308189,0.000179416747415,0.0000190684459085,-0.000168564263731,0.000308346381644,-0.000157724804012,0.000393173511839,0.000296919693938,-0.000644040934276,0.000574714969844],[-0.000294441706501,0.0016092719743,-0.00132486259099,0.000831951445434,0.00024996191496,-0.000453298096545,-0.000157757734996,0.000168898128322,0.000838773092255,-0.00091671734117,-0.000889338669367,0.00235879444517,-0.000974703580141],[0.000477300520288,-0.00132486259099,0.00314797251485,-0.00125627638772,-0.000294896599371,0.00167605292518,-0.00174659292679,0.00244648149237,-0.00313373981044,0.00255226832815,0.00162179709878,-0.00500223226845,0.0033413216006],[-0.000331417308189,0.000831951445434,-0.00125627638772,0.00628191325814,-0.00458644330502,0.00158313428983,0.000895168690477,-0.00184146885294,0.00212196074426,-0.00190436944831,-0.00247431825846,0.00487859500572,-0.00384794711135],[0.000179416747415,0.00024996191496,-0.000294896599371,-0.00458644330502,0.0110965007916,-0.00581799494103,-0.000815496779978,0.00323940231465,-0.00153649831191,-0.000586445559748,0.000758641923312,-0.00217002583668,0.000789467652794],[0.0000190684459085,-0.000453298096545,0.00167605292518,0.00158313428983,-0.00581799494103,0.0142471455038,-0.00717027438805,0.00138202530798,-0.000967837055214,0.00237345229834,-0.00155067176092,0.000935871968977,-0.000923398882151],[-0.000168564263731,-0.000157757734996,-0.00174659292679,0.000895168690477,-0.000815496779978,-0.00717027438805,0.0169156994671,-0.0130453035235,0.0065222773701,-0.00494822720066,0.00297788484022,0.000833550526295,-0.00042283986113],[0.000308346381644,0.000168898128322,0.00244648149237,-0.00184146885294,0.00323940231465,0.00138202530798,-0.0130453035235,0.023853007704,-0.0188077017665,0.0133487535641,-0.0071181464009,0.00130157114472,0.000399186916184],[-0.000157724804012,0.000838773092255,-0.00313373981044,0.00212196074426,-0.00153649831191,-0.000967837055214,0.0065222773701,-0.0188077017665,0.0342776402831,-0.0266457032412,0.0172501690686,-0.0076373484917,0.00579775217921],[0.000393173511839,-0.00091671734117,0.00255226832815,-0.00190436944831,-0.000586445559748,0.00237345229834,-0.00494822720066,0.0133487535641,-0.0266457032412,0.0432570762932,-0.0306801944971,0.0177832972258,-0.007334953174],[0.000296919693938,-0.000889338669367,0.00162179709878,-0.00247431825846,0.000758641923312,-0.00155067176092,0.00297788484022,-0.0071181464009,0.0172501690686,-0.0306801944971,0.0438356213272,-0.0271789636463,0.0130110802129],[-0.000644040934276,0.00235879444517,-0.00500223226845,0.00487859500572,-0.00217002583668,0.000935871968977,0.000833550526295,0.00130157114472,-0.0076373484917,0.0177832972258,-0.0271789636463,0.0361984707415,-0.0186703633517],[0.000574714969844,-0.000974703580141,0.0033413216006,-0.00384794711135,0.000789467652794,-0.000923398882151,-0.00042283986113,0.000399186916184,0.00579775217921,-0.007334953174,0.0130110802129,-0.0186703633517,0.0274651590735]],"mean":[-826.34197998,183.76600647,29.4060306549,23.4131736755,3.73483085632,9.03676509857,0.582484662533,0.980907976627,-2.94296383858,2.40650677681,-5.79069948196,-14.0370464325,-7.57943916321]},"pitch_salience":{"dmean":0.0918883532286,"dmean2":0.152580991387,"dvar":0.00560767529532,"dvar2":0.0147524084896,"max":0.87401676178,"mean":0.582554399967,"median":0.594864308834,"min":0.142660751939,"var":0.0140491258353},"silence_rate_20dB":{"dmean":0.000640922924504,"dmean2":0.00128205132205,"dvar":0.000640566693619,"dvar2":0.00192165095359,"max":1,"mean":0.99967956543,"median":1,"min":0,"var":0.000320322957123},"silence_rate_30dB":{"dmean":0.0115366131067,"dmean2":0.0230769235641,"dvar":0.0114031396806,"dvar2":0.0279943495989,"max":1,"mean":0.981416225433,"median":1,"min":0,"var":0.0182366929948},"silence_rate_60dB":{"dmean":0.063451372087,"dmean2":0.126923084259,"dvar":0.0594267547131,"dvar2":0.128124505281,"max":1,"mean":0.389138102531,"median":0,"min":0,"var":0.237724497914},"spectral_centroid":{"dmean":116.279472351,"dmean2":173.526657104,"dvar":56660.5703125,"dvar2":90587.96875,"max":11534.5068359,"mean":486.236297607,"median":318.813201904,"min":139.30368042,"var":425736.6875},"spectral_complexity":{"dmean":1.58724558353,"dmean2":2.44775652885,"dvar":3.4608540535,"dvar2":6.68842124939,"max":34,"mean":5.84428071976,"median":5,"min":0,"var":22.2162265778},"spectral_contrast_coeffs":{"dmean":[0.0606194324791,0.0448942482471,0.0372642986476,0.0306682027876,0.0260143205523,0.0314009152353],"dmean2":[0.0961808934808,0.0739327520132,0.0598989054561,0.0485896095634,0.0411736741662,0.0511480271816],"dvar":[0.00230589625426,0.00135462998878,0.000956762407441,0.000692191068083,0.000530907534994,0.001177196973],"dvar2":[0.0056811068207,0.00355787645094,0.00238721608184,0.00164699926972,0.00122884253506,0.0028880329337],"max":[-0.267630308867,-0.479348897934,-0.543427169323,-0.576335608959,-0.666734695435,-0.53007799387],"mean":[-0.606458067894,-0.794229447842,-0.814266741276,-0.849142313004,-0.878338098526,-0.813045799732],"median":[-0.612686157227,-0.804566860199,-0.823535144329,-0.856776237488,-0.886149942875,-0.832673966885],"min":[-0.966096937656,-0.973894894123,-0.966329097748,-0.981759727001,-0.965266346931,-0.965389490128],"var":[0.00989452376962,0.00473595224321,0.00355364778079,0.0028408432845,0.00227836146951,0.00278011057526]},"spectral_contrast_valleys":{"dmean":[0.428155124187,0.409040689468,0.39510345459,0.435602158308,0.520122826099,0.79395878315],"dmean2":[0.693070948124,0.632183551788,0.591418385506,0.660613179207,0.797934889793,1.25510156155],"dvar":[0.138769820333,0.130349680781,0.126972660422,0.165639668703,0.244226843119,0.476382046938],"dvar2":[0.317148864269,0.267673403025,0.249512091279,0.345868051052,0.565829396248,1.24198210239],"max":[-5.18044471741,-4.70983934402,-5.17278242111,-6.04716777802,-6.36444282532,-8.95347309113],"mean":[-7.81505823135,-7.50701522827,-8.38845825195,-9.13394260406,-9.48227787018,-12.3057546616],"median":[-7.57851171494,-7.44816684723,-8.357172966,-9.0875749588,-9.55819129944,-12.3160820007],"min":[-28.1549091339,-27.5128860474,-27.8794994354,-27.490983963,-27.4390830994,-27.3627872467],"var":[1.94687700272,1.91780400276,1.84847342968,1.81541001797,1.70711541176,1.90237784386]},"spectral_decrease":{"dmean":2.26195884245e-9,"dmean2":3.31315841429e-9,"dvar":1.9630997713e-17,"dvar2":4.08257936089e-17,"max":1.49090389781e-28,"mean":-4.59576199319e-9,"median":-1.44745571085e-9,"min":-1.09962932981e-7,"var":6.31175997418e-17},"spectral_energy":{"dmean":0.00875022262335,"dmean2":0.0128101613373,"dvar":0.000291396048851,"dvar2":0.000605169916525,"max":0.420458257198,"mean":0.0178406555206,"median":0.00563192181289,"min":1.02455592335e-20,"var":0.000938191020396},"spectral_energyband_high":{"dmean":0.0000132055374706,"dmean2":0.0000195930388145,"dvar":1.12507747563e-9,"dvar2":2.16191553548e-9,"max":0.000988986925222,"mean":0.0000199655150936,"median":0.00000267050245384,"min":7.0331693973e-21,"var":3.56908502752e-9},"spectral_energyband_low":{"dmean":0.00277383555658,"dmean2":0.0042839506641,"dvar":0.0000808168479125,"dvar2":0.000182342802873,"max":0.365606069565,"mean":0.00542948255315,"median":0.00140250707045,"min":1.63594163851e-23,"var":0.000276299397228},"spectral_energyband_middle_high":{"dmean":0.000379009055905,"dmean2":0.000549956108443,"dvar":0.00000145398462337,"dvar2":0.00000275810907624,"max":0.0546435825527,"mean":0.000884248584043,"median":0.000100652105175,"min":1.19834933674e-21,"var":0.00000991925571725},"spectral_energyband_middle_low":{"dmean":0.00748958997428,"dmean2":0.0111243380234,"dvar":0.000227780416026,"dvar2":0.000474372878671,"max":0.332192152739,"mean":0.0129656940699,"median":0.00302126188762,"min":1.96778563395e-22,"var":0.00056305876933},"spectral_entropy":{"dmean":0.392353028059,"dmean2":0.615008711815,"dvar":0.123713500798,"dvar2":0.294611036777,"max":9.81373596191,"mean":6.52556705475,"median":6.52556037903,"min":4.23880815506,"var":0.440646648407},"spectral_flux":{"dmean":0.0217858273536,"dmean2":0.0357941351831,"dvar":0.000937251723371,"dvar2":0.00240391609259,"max":0.449821859598,"mean":0.0585896708071,"median":0.0443325042725,"min":6.51927400952e-11,"var":0.00256842304952},"spectral_kurtosis":{"dmean":9.15651893616,"dmean2":15.1003341675,"dvar":168.105789185,"dvar2":448.785522461,"max":155.681686401,"mean":19.9609336853,"median":14.7054262161,"min":-1.23780739307,"var":258.631774902},"spectral_rms":{"dmean":0.000837539730128,"dmean2":0.00117666251026,"dvar":0.00000122862309127,"dvar2":0.00000224425934903,"max":0.0202534738928,"mean":0.00317488354631,"median":0.00234404718503,"min":3.16159251557e-12,"var":0.00000732561193217},"spectral_rolloff":{"dmean":155.114089966,"dmean2":254.549484253,"dvar":135400.03125,"dvar2":251155.5,"max":19444.4824219,"mean":536.23638916,"median":279.931640625,"min":86.1328125,"var":1054699.125},"spectral_skewness":{"dmean":0.700243771076,"dmean2":1.11688220501,"dvar":0.619033575058,"dvar2":1.57372915745,"max":10.0684480667,"mean":3.29214310646,"median":3.02292299271,"min":-0.0374243780971,"var":1.55818796158},"spectral_spread":{"dmean":738035.4375,"dmean2":1195737.25,"dvar":592610328576,"dvar2":1408170328060,"max":41471116,"mean":3152468.5,"median":2947857.5,"min":663686.8125,"var":4181203353600},"spectral_strongpeak":{"dmean":0.287066161633,"dmean2":0.457903504372,"dvar":0.202910885215,"dvar2":0.473304897547,"max":9.53664016724,"mean":0.511116743088,"median":0.235366076231,"min":0,"var":0.548528492451},"zerocrossingrate":{"dmean":0.0038486670237,"dmean2":0.00447121635079,"dvar":0.0000522470909345,"dvar2":0.000068797795393,"max":0.51708984375,"mean":0.0207004025578,"median":0.01416015625,"min":0.0048828125,"var":0.000769811624195}},"metadata":{"audio_properties":{"analysis_sample_rate":44100,"bit_rate":138580,"codec":"mp3","downmix":"mix","equal_loudness":0,"length":144.902282715,"lossless":false,"md5_encoded":"b77000eac936736b86dec2bdf2b5d85f","replay_gain":-2.46937561035,"sample_rate":44100},"tags":{"album":["The Complete Columbia Album Collection"],"albumartist":["Johnny Cash"],"albumartistsort":["Cash, Johnny"],"artist":["Johnny Cash"],"artists":["Johnny Cash"],"artistsort":["Cash, Johnny"],"asin":["B008DDC874"],"barcode":["886979104723"],"catalognumber":["88697910472"],"date":["2012-12-04"],"discnumber":["15/63"],"file_name":"01 - Hiawatha’s Vision.mp3","label":["Columbia","Legacy"],"media":["CD"],"musicbrainz album release country":["US"],"musicbrainz album status":["official"],"musicbrainz album type":["album","compilation"],"musicbrainz release track id":["37f63a8c-5d7f-3f75-a398-3429895dedc8"],"musicbrainz_albumartistid":["d43d12a1-2dc9-4257-a2fd-0a3bb1081b86"],"musicbrainz_albumid":["de36c451-000c-4488-9375-b6d40b6636e5"],"musicbrainz_artistid":["d43d12a1-2dc9-4257-a2fd-0a3bb1081b86"],"musicbrainz_recordingid":["a0e92c34-1427-4727-9f35-ba55e315a659"],"musicbrainz_releasegroupid":["30578604-ce5e-4d3d-a09c-6c06fc4c526b"],"originaldate":["2012"],"script":["Latn"],"title":["Hiawatha’s Vision"],"tracknumber":["1/26"]},"version":{"essentia":"2.1-beta1","essentia_build_sha":"ca57ba49d9b1854bd80e60cf9ccf267278fb7d6b","essentia_git_sha":"v2.1_beta1-28-g21ef5f4-dirty","extractor":"music 1.0"}},"rhythm":{"beats_count":316,"beats_loudness":{"dmean":0.0301024094224,"dmean2":0.0527129508555,"dvar":0.0012836039532,"dvar2":0.00347607349977,"max":0.33543202281,"mean":0.027653099969,"median":0.0157190877944,"min":0.0000172767668118,"var":0.00144884805195},"beats_loudness_band_ratio":{"dmean":[0.298835933208,0.254918307