{"lowlevel":{"average_loudness":0.899384558201,"barkbands":{"dmean":[0.00379244494252,0.0149445477873,0.00334354816005,0.00304969027638,0.00225149630569,0.00232863007113,0.000725736550521,0.000468602462206,0.000617430894636,0.000638519995846,0.000413683708757,0.000420030439273,0.000261751702055,0.000147370505147,0.000157082904479,0.000118504482089,0.0000993187641143,0.000081407444668,0.0000604376837146,0.0000445343866886,0.0000431504595326,0.0000259818498307,0.0000141595046443,0.00000801161695563,0.00000332569788952,0.0000154234294314,0.000192243853235],"dmean2":[0.00650018407032,0.0248974859715,0.00581442611292,0.00526137463748,0.00373801775277,0.00356333586387,0.00118472950999,0.000771971826907,0.00100780837238,0.00104225543328,0.00066868745489,0.0006878952845,0.00043081244803,0.000238857130171,0.000256727187661,0.000192704173969,0.000160012816195,0.000129722742713,0.0000922604376683,0.0000655988696963,0.0000621158542344,0.0000377380965801,0.0000204902880796,0.0000127182602228,0.00000562522200198,0.0000222691833187,0.000266723422101],"dvar":[0.0000618605117779,0.000476101442473,0.0000227422460739,0.0000260332562902,0.0000129866293719,0.0000219544272113,0.00000256001226262,0.00000151469168941,0.0000018774627506,0.00000181508107744,0.00000140290808304,8.48706406487e-7,2.52009925816e-7,7.16828907343e-8,1.4593807407e-7,6.90383075153e-8,4.0921836586e-8,3.71982444847e-8,2.22602576372e-8,1.55816408665e-8,2.37952146875e-8,5.90735105277e-9,1.64009428261e-9,6.94823865111e-10,3.02213948311e-11,2.40402564522e-9,1.12199501245e-7],"dvar2":[0.000162365453434,0.00125168892555,0.0000644786705379,0.0000740348332329,0.0000325684741256,0.0000472971114505,0.00000614186274106,0.00000387838008464,0.00000490384991281,0.00000465079210699,0.00000340467613569,0.00000209890936276,6.5042758024e-7,1.72521509967e-7,4.01693881713e-7,1.74593409952e-7,1.09081241817e-7,9.60997397215e-8,4.93906426868e-8,2.80995120505e-8,4.10835667708e-8,1.1491072982e-8,3.193430409e-9,1.47037759746e-9,7.79938544304e-11,4.66710359248e-9,1.92084200989e-7],"max":[0.121670521796,0.324340671301,0.0898711904883,0.0901865065098,0.0676852315664,0.0911967977881,0.0415118336678,0.068460457027,0.0281291548163,0.0289075523615,0.0340298824012,0.029279416427,0.0121777383611,0.00576388277113,0.0135101126507,0.0141103221104,0.00797112286091,0.00966011546552,0.00733090611175,0.00729788234457,0.00646424759179,0.00293865683489,0.00112749449909,0.000887182948645,0.000109198328573,0.00155938859098,0.013402829878],"mean":[0.00429018680006,0.0218352358788,0.00444972841069,0.00453877216205,0.0036488736514,0.00426926091313,0.00118092016783,0.000702029617969,0.000991795444861,0.00095185538521,0.000623732456006,0.000709745276254,0.000449155340903,0.000253399950452,0.000279887346551,0.000219955923967,0.000198792855372,0.000156799374963,0.000119993543194,0.0000883042157511,0.0000806558891782,0.0000462661409983,0.0000239862674789,0.00000890300452738,0.000003400437663,0.0000241625875788,0.000657409720588],"median":[0.00147626968101,0.0127414632589,0.0025188694708,0.00175665062852,0.0020077843219,0.0013105123071,0.000472661515232,0.000267531548161,0.000398587435484,0.000385362829547,0.000222293194383,0.000354231917299,0.000194466279936,0.000130512795295,0.000110603112262,0.0000987110033748,0.0000719120071153,0.0000482091054437,0.0000225342773774,0.0000139872454383,0.0000118296411529,0.00000630717568129,0.00000311346639137,0.00000193341429622,0.00000142730868902,0.00000402970317737,0.000299096893286],"min":[1.15124743343e-23,1.59258663202e-23,1.95993533199e-23,3.53064543116e-23,2.21874481777e-23,3.9388560216e-23,1.26680017326e-22,1.35094916509e-22,6.35531588795e-23,4.1868824099e-23,1.28435340125e-22,5.65010957965e-23,5.89855658859e-23,5.42291069697e-23,1.09933232371e-22,1.46107881751e-22,1.05454591333e-22,1.77523718254e-22,2.50828737779e-22,3.46432015195e-22,6.18781130904e-22,5.99852760582e-22,5.13502304091e-22,1.07953895794e-21,1.14102769938e-21,1.63108828855e-21,2.8186213704e-21],"var":[0.0000619628845016,0.000698678835761,0.0000312815609504,0.0000551900411665,0.000025067711249,0.0000753725689719,0.00000701873750586,0.0000040176728362,0.00000371654346054,0.00000303403612634,0.00000281099937638,0.00000182121402759,5.46924241007e-7,1.51713152263e-7,3.1657171462e-7,1.50383414166e-7,1.17478116124e-7,9.28610432993e-8,7.58266978096e-8,5.09596240761e-8,6.618080306e-8,1.56912154381e-8,4.09012024249e-9,9.02706576156e-10,3.12497527855e-11,4.80856998664e-9,0.00000101223179172]},"barkbands_crest":{"dmean":3.24641537666,"dmean2":5.42584514618,"dvar":7.45873212814,"dvar2":19.8394203186,"max":25.8613681793,"mean":12.2375249863,"median":11.7027597427,"min":2.82733011246,"var":21.6171798706},"barkbands_flatness_db":{"dmean":0.0331035926938,"dmean2":0.0527101941407,"dvar":0.000833520025481,"dvar2":0.00212189997546,"max":0.512756288052,"mean":0.180548474193,"median":0.174474984407,"min":0.0306228492409,"var":0.00450325431302},"barkbands_kurtosis":{"dmean":10.3262786865,"dmean2":16.850528717,"dvar":390.621673584,"dvar2":980.837402344,"max":517.923400879,"mean":20.1705913544,"median":11.7885026932,"min":-1.91694808006,"var":906.018127441},"barkbands_skewness":{"dmean":0.871312618256,"dmean2":1.40704655647,"dvar":0.844928383827,"dvar2":2.10367012024,"max":19.1329097748,"mean":3.20205760002,"median":2.84647512436,"min":-2.1619489193,"var":3.24375939369},"barkbands_spread":{"dmean":5.5548248291,"dmean2":8.69351768494,"dvar":44.575088501,"dvar2":100.622962952,"max":140.201202393,"mean":18.7519207001,"median":13.8150320053,"min":0.288058578968,"var":270.232910156},"dissonance":{"dmean":0.0224031768739,"dmean2":0.037716653198,"dvar":0.000465226650704,"dvar2":0.00125584949274,"max":0.500000119209,"mean":0.459894955158,"median":0.468352973461,"min":0.213801026344,"var":0.00101088697556},"dynamic_complexity":2.75329327583,"erbbands":{"dmean":[0.618836820126,2.84625005722,4.20539093018,6.64951896667,9.5545129776,6.55588626862,16.6684703827,17.3244495392,10.577009201,9.68511009216,11.0629901886,13.6214199066,18.3994693756,15.7871541977,15.300078392,15.4315052032,12.0343084335,7.58424949646,7.15951013565,7.33666563034,6.07358312607,5.32997560501,4.5039896965,3.37548851967,2.63525986671,2.13873171806,1.91528213024,1.63226366043,0.958396375179,0.659168958664,0.358673870564,0.231756612659,0.0940171033144,0.0379462093115,0.0239323694259,0.0210027433932,0.0366475023329,0.0331326462328,0.0170160755515,0.00557468179613],"dmean2":[1.02453231812,4.80901432037,7.26244354248,11.4406023026,16.4548130035,10.8123636246,26.1905193329,26.5600910187,17.2372093201,15.9189605713,18.0722351074,22.3341388702,30.109210968,25.7289505005,24.8368587494,25.2542934418,19.7823619843,12.1776819229,11.6200227737,11.9566679001,9.81488323212,8.51217460632,7.19907569885,5.19166660309,4.03720998764,3.11747837067,2.76810336113,2.34741806984,1.39519417286,0.97292047739,0.515244960785,0.353546917439,0.153005987406,0.0640914365649,0.0403767861426,0.0342096909881,0.0533056035638,0.0460526123643,0.0223506838083,0.00811904668808],"dvar":[1.17906916142,14.3782644272,29.2634735107,129.018753052,226.711730957,121.207931519,1188.31115723,1342.75842285,555.37286377,670.382324219,834.308227539,978.381408691,1755.49475098,1355.50891113,1703.97949219,919.231140137,547.474609375,200.870895386,215.063232422,275.736114502,154.130889893,117.698410034,110.155281067,70.4940795898,44.7370529175,37.9391937256,43.6493988037,35.2478675842,8.93810844421,3.87864136696,1.01233661175,0.611239910126,0.0845116749406,0.00399164156988,0.00151164992712,0.00285367178731,0.0166075341403,0.00986947491765,0.00187812454533,0.0000560142070753],"dvar2":[3.13313174248,38.2625389099,82.501625061,359.443206787,642.629577637,295.660400391,2705.81152344,2844.74658203,1278.3548584,1669.31628418,1916.75219727,2558.60131836,4383.34765625,3256.13647461,4186.25537109,2289.03369141,1415.07519531,488.511383057,563.842102051,713.054626465,384.684173584,314.297821045,293.511383057,161.943435669,99.1545944214,68.9951705933,86.6521682739,64.2853393555,17.5670871735,7.92142915726,1.91662764549,1.26439166069,0.190760120749,0.0101960208267,0.0038999512326,0.00646141869947,0.0329509079456,0.0195463635027,0.0029392556753,0.000107332321932],"max":[16.3367614746,58.7909164429,89.3168487549,178.119781494,237.515335083,196.649642944,864.293762207,1003.50976562,730.662109375,770.726745605,1608.99108887,756.157653809,1375.02331543,1659.28295898,1242.46154785,933.910949707,606.112426758,322.906188965,406.647247314,574.603759766,441.412628174,455.83883667,555.947570801,399.795501709,298.907409668,375.645172119,359.198242188,233.048049927,120.364219666,51.7622108459,27.9526138306,25.5412769318,9.81945228577,1.23777782917,0.767819285393,1.88163936138,3.84582829475,2.52364253998,2.18243861198,0.346369326115],"mean":[0.849171519279,3.95675802231,6.08878183365,10.5355939865,13.936589241,10.4666442871,28.5799617767,30.9351081848,18.1487846375,15.5456342697,17.8734836578,22.0052967072,29.2666244507,25.7546691895,26.5875282288,27.5928344727,21.7287788391,14.0998973846,13.5912427902,13.9497175217,12.1251840591,11.2102518082,9.20669746399,6.81790685654,5.30423402786,4.26781988144,3.58658909798,2.95627188683,1.71637964249,1.10756897926,0.608893454075,0.301150619984,0.0932001471519,0.0389803424478,0.0249922033399,0.0227906145155,0.0550238788128,0.0647175312042,0.0452107824385,0.0246257148683],"median":[0.363827377558,2.37732958794,3.8502407074,5.22916984558,7.33696079254,5.63201093674,9.26030731201,10.2409257889,7.77465057373,6.14157438278,7.15997409821,8.96782398224,11.8458681107,11.7077054977,11.4504642487,14.4651441574,9.93784427643,7.03206825256,6.76625776291,5.70175075531,5.3301897049,4.0935125351,2.92256164551,1.64706456661,0.902764499187,0.671723723412,0.564498603344,0.397428065538,0.240154385567,0.137653663754,0.084575265646,0.0507137663662,0.0247276257724,0.0159318130463,0.0109535055235,0.00855289958417,0.00801365450025,0.00738798547536,0.00860393047333,0.0182784870267],"min":[1.02528087769e-21,1.50738308463e-21,1.31886016139e-20,9.908552281e-20,6.45159066396e-20,4.76053266958e-20,1.81675681263e-19,3.21951386458e-19,1.05211428556e-18,3.58280957336e-18,2.03530560774e-18,1.02790157166e-18,2.13219906315e-18,2.89336569974e-18,4.05296248993e-18,2.7836523924e-18,2.5429959805e-18,3.05780569e-18,3.4270053487e-18,5.68797430614e-18,1.05066339009e-17,6.4423411045e-18,8.28356118922e-18,9.05465068443e-18,1.47947985805e-17,1.83466227953e-17,2.38446210117e-17,2.47464579833e-17,1.90390126727e-17,1.98111460699e-17,1.51516029378e-17,1.92991874451e-17,1.81586112595e-17,1.33618446541e-17,7.84489986575e-18,5.22860327527e-18,3.51061821258e-18,1.34739904928e-18,4.11201537914e-19,4.1557208239e-20],"var":[1.59513521194,21.2624225616,44.7920532227,234.183517456,354.746551514,240.497146606,3588.1796875,4041.68920898,1774.54711914,1237.43139648,2280.78173828,1846.0279541,3213.04296875,2512.35302734,3692.65136719,2013.40820312,1196.04309082,468.417327881,500.036956787,652.579284668,418.198242188,362.081115723,281.274078369,222.741760254,155.678604126,120.217323303,111.141998291,93.3176040649,23.0533542633,9.07548809052,2.55985808372,0.946926653385,0.0906875580549,0.00419340422377,0.00159164029174,0.00323277525604,0.0298015791923,0.0265112183988,0.00947570148855,0.000553265679628]},"erbbands_crest":{"dmean":2.36428952217,"dmean2":3.84614992142,"dvar":5.11533927917,"dvar2":12.4139375687,"max":29.6002788544,"mean":8.20241737366,"median":6.9831867218,"min":2.50514364243,"var":16.7062702179},"erbbands_flatness_db":{"dmean":0.0248362272978,"dmean2":0.0392426177859,"dvar":0.000490490172524,"dvar2":0.00125210534316,"max":0.31313097477,"mean":0.14583389461,"median":0.140224441886,"min":0.0338620394468,"var":0.00181904167403},"erbbands_kurtosis":{"dmean":1.17401051521,"dmean2":1.87615776062,"dvar":5.31352615356,"dvar2":12.6648178101,"max":70.1297531128,"mean":1.05472755432,"median":0.0145993232727,"min":-1.75694441795,"var":13.1398334503},"erbbands_skewness":{"dmean":0.367461651564,"dmean2":0.569612562656,"dvar":0.127752810717,"dvar2":0.289381712675,"max":7.46353435516,"mean":0.415114283562,"median":0.269951313734,"min":-4.186378479,"var":0.773522436619},"erbbands_spread":{"dmean":6.53420448303,"dmean2":10.3106908798,"dvar":40.959564209,"dvar2":96.1564941406,"max":135.162872314,"mean":30.8213024139,"median":29.4435977936,"min":2.68284320831,"var":192.165344238},"gfcc":{"cov":[[10545.4521484,-351.890472412,-1117.82751465,275.059631348,-166.65284729,-451.392028809,416.562896729,-202.605895996,103.708786011,102.654716492,-48.7110671997,273.74420166,-74.6369018555],[-351.890472412,946.005859375,130.649230957,-306.706420898,215.298568726,-6.55093812943,-68.2000732422,27.7320556641,17.3799610138,-65.6711959839,78.7707214355,-78.1165237427,119.351203918],[-1117.82751465,130.649230957,603.884521484,153.124481201,-90.3098602295,168.463470459,-111.709922791,90.2012481689,-77.5520858765,47.1275863647,19.9833126068,-35.6001625061,57.2221260071],[275.059631348,-306.706420898,153.124481201,418.060089111,-77.51953125,-19.0999145508,107.893821716,-18.7977962494,-26.2407188416,67.025138855,-27.5851173401,47.1662368774,-21.2991542816],[-166.65284729,215.298568726,-90.3098602295,-77.51953125,267.711914062,20.5675373077,32.0914611816,-7.16666650772,34.3697395325,-50.92370224,26.3776397705,-25.8555622101,6.86270141602],[-451.392028809,-6.55093812943,168.463470459,-19.0999145508,20.5675373077,248.011672974,-62.3093490601,96.5299682617,-35.9329490662,14.2458276749,22.1570644379,-14.7066631317,24.2683811188],[416.562896729,-68.2000732422,-111.709922791,107.893821716,32.0914611816,-62.3093490601,213.431625366,-41.1373558044,44.1361465454,8.26285552979,-17.0706577301,37.4209098816,-33.4906959534],[-202.605895996,27.7320556641,90.2012481689,-18.7977962494,-7.16666650772,96.5299682617,-41.1373558044,139.391586304,9.26438426971,29.1717700958,16.8056774139,-24.6829509735,31.9815235138],[103.708786011,17.3799610138,-77.5520858765,-26.2407188416,34.3697395325,-35.9329490662,44.1361465454,9.26438426971,99.2810668945,18.4897117615,7.44676780701,6.21190357208,-26.8758850098],[102.654716492,-65.6711959839,47.1275863647,67.025138855,-50.92370224,14.2458276749,8.26285552979,29.1717700958,18.4897117615,82.5498809814,27.3890151978,17.8113193512,12.3711509705],[-48.7110671997,78.7707214355,19.9833126068,-27.5851173401,26.3776397705,22.1570644379,-17.0706577301,16.8056774139,7.44676780701,27.3890151978,65.9554748535,22.4116897583,26.8415737152],[273.74420166,-78.1165237427,-35.6001625061,47.1662368774,-25.8555622101,-14.7066631317,37.4209098816,-24.6829509735,6.21190357208,17.8113193512,22.4116897583,81.0025863647,17.6502418518],[-74.6369018555,119.351203918,57.2221260071,-21.2991542816,6.86270141602,24.2683811188,-33.4906959534,31.9815235138,-26.8758850098,12.3711509705,26.8415737152,17.6502418518,95.9883422852]],"icov":[[0.000165277830092,-0.000326634210069,0.000551306642592,-0.000354706862709,0.000222443588427,-0.000081968944869,0.000102148616861,-0.0001618397946,0.000259620981524,-0.000411550048739,0.000402863981435,-0.000580378924496,0.00034146787948],[-0.000326634210069,0.00433288840577,-0.00330508127809,0.00321754487231,-0.00193366466556,0.00190879881848,-0.00191947689746,0.00126200774685,-0.00191463192459,0.00294543267228,-0.00435419706628,0.00474197324365,-0.00496182963252],[0.000551306642592,-0.00330508127809,0.00671332282946,-0.00507136480883,0.00325701199472,-0.00346224335954,0.002524118172,-0.000604687142186,0.00101384939626,-0.0010593617335,0.000767077377532,-0.00045383014367,0.00142481410876],[-0.000354706862709,0.00321754487231,-0.00507136480883,0.00852282345295,-0.00341704930179,0.00326887145638,-0.00377817777917,-0.0000432723136328,0.00278980121948,-0.00436201086268,0.00243451190181,-0.00151642819401,-0.000306684261886],[0.000222443588427,-0.00193366466556,0.00325701199472,-0.00341704930179,0.00893997959793,-0.003745009657,-0.000741029565688,0.00183595903218,-0.00418746611103,0.00692362571135,-0.00617822166532,0.00480336556211,-0.00190553977154],[-0.000081968944869,0.00190879881848,-0.00346224335954,0.00326887145638,-0.003745009657,0.00913869123906,-0.000559322477784,-0.00527898827568,0.00418465351686,-0.00170335138682,0.000110146720544,-0.0025410738308,0.00170079153031],[0.000102148616861,-0.00191947689746,0.002524118172,-0.00377817777917,-0.000741029565688,-0.000559322477784,0.00906960759312,-0.000166331912624,-0.00165058777202,-0.00167269352823,0.00418175850064,-0.00478212395683,0.00300065265037],[-0.0001618397946,0.00126200774685,-0.000604687142186,-0.0000432723136328,0.00183595903218,-0.00527898827568,-0.000166331912624,0.0149568524212,-0.00687102135271,0.00030016200617,-0.0034739410039,0.00890965107828,-0.00781148765236],[0.000259620981524,-0.00191463192459,0.00101384939626,0.00278980121948,-0.00418746611103,0.00418465351686,-0.00165058777202,-0.00687102135271,0.0213055554777,-0.0118987560272,0.00600759731606,-0.00888842437416,0.011005316861],[-0.000411550048739,0.00294543267228,-0.0010593617335,-0.00436201086268,0.00692362571135,-0.00170335138682,-0.00167269352823,0.00030016200617,-0.0118987560272,0.0321134962142,-0.0199381355196,0.0103706577793,-0.00886864587665],[0.000402863981435,-0.00435419706628,0.000767077377532,0.00243451190181,-0.00617822166532,0.000110146720544,0.00418175850064,-0.0034739410039,0.00600759731606,-0.0199381355196,0.0375271774828,-0.0193859189749,0.00616303412244],[-0.000580378924496,0.00474197324365,-0.00045383014367,-0.00151642819401,0.00480336556211,-0.0025410738308,-0.00478212395683,0.00890965107828,-0.00888842437416,0.0103706577793,-0.0193859189749,0.0326263606548,-0.0151549698785],[0.00034146787948,-0.00496182963252,0.00142481410876,-0.000306684261886,-0.00190553977154,0.00170079153031,0.00300065265037,-0.00781148765236,0.011005316861,-0.00886864587665,0.00616303412244,-0.0151549698785,0.0245790127665]],"mean":[-17.2991313934,115.847328186,-70.3009643555,-5.48277187347,-4.88886976242,-11.7260055542,-1.58653998375,-14.310760498,-2.35889434814,-11.7443475723,-3.45466804504,-1.30804145336,-2.84904193878]},"hfc":{"dmean":111.516975403,"dmean2":185.429473877,"dvar":15000.0947266,"dvar2":40757.3359375,"max":2319.78930664,"mean":354.453826904,"median":328.027160645,"min":1.27007270015e-16,"var":48431.90625},"melbands":{"dmean":[0.00479293148965,0.00259792804718,0.00121848075651,0.000524463248439,0.00050633813953,0.000398566189688,0.000152030566824,0.00010198946984,0.0000969450484263,0.0000855581602082,0.0000959716198849,0.0000685950362822,0.000055808781326,0.0000510233439854,0.0000337931014656,0.0000238313659793,0.0000144310843098,0.0000121189514175,0.0000126564073071,0.00000885333156475,0.0000074474601206,0.00000617954901827,0.0000048137903832,0.00000413103043684,0.00000287454145109,0.00000232271531786,0.00000166470590557,0.00000147137563999,0.00000126479915252,0.00000117844365377,9.1780486855e-7,5.88275895552e-7,4.61734572355e-7,3.43930906865e-7,2.11905742731e-7,1.8835108051e-7,1.27466023514e-7,7.53565814193e-8,3.79313398469e-8,3.01475040487e-8],"dmean2":[0.00793956685811,0.00443178135902,0.00210102181882,0.000881723128259,0.000797976157628,0.000608892529272,0.000247912394116,0.000168758546351,0.000158711452968,0.000140618081787,0.000157077491167,0.000112449262815,0.0000910240050871,0.0000832448786241,0.0000557991988899,0.0000391341163777,0.0000234283306781,0.0000197494664462,0.0000208807068702,0.0000144245504998,0.0000120672330013,0.00000999551230052,0.00000785539850767,0.00000663631089992,0.00000452286121799,0.00000359545356332,0.00000258337990999,0.00000218278501052,0.00000187084356185,0.00000172866555204,0.00000134653009809,8.69678160598e-7,7.01841884165e-7,5.16918646554e-7,3.08495202717e-7,2.82927715034e-7,1.99750076035e-7,1.23245229133e-7,6.41874109419e-8,5.10339681625e-8],"dvar":[0.0000596608588239,0.0000100495426523,0.00000375128752239,6.74536522638e-7,9.80485765467e-7,6.47194951853e-7,1.09951081129e-7,7.20886248473e-8,5.5946568267e-8,3.86952940801e-8,4.59285409704e-8,2.45732945103e-8,2.84946288787e-8,1.47719507737e-8,3.85947851456e-9,2.26012475402e-9,7.07278513534e-10,5.39132238853e-10,1.19408705146e-9,4.033106904e-10,2.37513786416e-10,1.68781613685e-10,1.0291675151e-10,1.04092852393e-10,5.20053132502e-11,3.88174353771e-11,2.07576872358e-11,2.03979680369e-11,1.91385102211e-11,1.80137883776e-11,1.1101366354e-11,3.32192151391e-12,2.17040144537e-12,1.09053380475e-12,3.42208873001e-13,3.58198767956e-13,2.10158428745e-13,6.78747355087e-14,5.38013220536e-15,2.54408950334e-15],"dvar2":[0.000157881615451,0.0000273711102636,0.0000106288243842,0.0000017595399413,0.00000227664713748,0.00000138203313327,2.57408032667e-7,1.84504528988e-7,1.32059753355e-7,1.02281070724e-7,1.15086152164e-7,6.03969638746e-8,6.9902228006e-8,3.53991076452e-8,9.78718617262e-9,5.86519899315e-9,1.72138303611e-9,1.42254819036e-9,3.33968519506e-9,9.93629623025e-10,6.11028616593e-10,4.52075654689e-10,2.79452988527e-10,2.7110977352e-10,1.23772131433e-10,8.81656414542e-11,4.97040256175e-11,3.89241590348e-11,4.23410230488e-11,3.23243237732e-11,2.15691388361e-11,6.680807383e-12,4.73952734698e-12,2.31574676969e-12,6.71418433004e-13,7.61778281514e-13,4.418982541e-13,1.54642086896e-13,1.35187593406e-14,6.57020629647e-15],"max":[0.114376030862,0.0432549081743,0.0335187055171,0.0130446404219,0.0244965385646,0.0202557332814,0.00975535716861,0.00735109811649,0.0108096972108,0.00467486074194,0.00663362024352,0.00658503873274,0.0053616464138,0.00409324001521,0.00142145191785,0.00153647339903,0.000619605358224,0.000577696075197,0.0012889187783,0.00114175444469,0.000559945649002,0.000562201894354,0.000344545172993,0.00052756437799,0.000281354150502,0.000333749660058,0.000139348223456,0.000272500794381,0.000222989503527,0.000200304042664,0.000124416619656,0.0000726122307242,0.0000475849083159,0.0000262921839749,0.0000155890011229,0.0000188732574316,0.0000140213451232,0.00000816751344246,0.00000200191493605,0.00000100800002656],"mean":[0.00687977019697,0.00394796673208,0.0019990846049,0.000828632968478,0.00089373398805,0.000730782980099,0.000258066662354,0.000161767515237,0.000153696513735,0.000135408830829,0.000148216786329,0.000107119427412,0.0000891719464562,0.0000848752242746,0.0000576570164412,0.0000402631376346,0.0000242574387812,0.0000210685539059,0.0000215803484025,0.0000161102198035,0.0000136820062835,0.0000119699843708,0.00000927071141632,0.00000748686397856,0.00000528563532498,0.0000043164473027,0.00000311764188154,0.00000274920444099,0.0000022572751277,0.00000201876582651,0.00000159746730333,0.00000100826798644,7.4726551702e-7,5.50641800601e-7,3.48972861275e-7,2.844125504e-7,1.40919951264e-7,7.03837486071e-8,3.73721427138e-8,3.05159595371e-8],"median":[0.00364416046068,0.00273274932988,0.00108180346433,0.000485858181491,0.000319963874063,0.000245259463554,0.000108665786684,0.0000617979385424,0.0000616442266619,0.0000537533996976,0.0000577833670832,0.0000472218453069,0.0000336863740813,0.0000404180209443,0.0000286607028102,0.0000169298491528,0.0000120671929835,0.0000106492107079,0.00000805224590295,0.00000704427884557,0.00000579283914703,0.00000435352194472,0.00000309258984998,0.00000208435039895,0.00000120779134249,7.58351404784e-7,4.75843449976e-7,4.21752503144e-7,3.60113233455e-7,2.79072850162e-7,2.07474499803e-7,1.41280338539e-7,9.50234664288e-8,6.61521681877e-8,4.90489604488e-8,3.8238116673e-8,2.52069636275e-8,1.54352761683e-8,1.36902249537e-8,1.25406645068e-8],"min":[7.29190361945e-24,5.51296548019e-24,1.54206324649e-23,3.00160272816e-24,5.53033540846e-24,7.42232283746e-24,1.94531631946e-23,3.79133209035e-23,1.36724898776e-23,7.85399146911e-24,1.05150054736e-23,1.03668187414e-23,1.64647261605e-23,7.32542153045e-24,5.42188044463e-24,5.92251445205e-24,5.79551770707e-24,4.24536106324e-24,1.0094282287e-23,5.11365789503e-24,1.43911200742e-23,5.86663825084e-24,7.67986541264e-24,7.6064942487e-24,6.92691424468e-24,9.74645615896e-24,1.05234786286e-23,1.25068611155e-23,1.25289058335e-23,1.84295767271e-23,1.19953928924e-23,1.05139917873e-23,1.14767878447e-23,1.06385268919e-23,8.9767511631e-24,8.56806441621e-24,1.29980982118e-23,1.2551452267e-23,1.21768940095e-23,1.12109432973e-23],"var":[0.0000821335415822,0.0000161394273164,0.00000707934850652,0.00000112451562018,0.00000295663471661,0.00000208837650462,3.4470909327e-7,1.40628785061e-7,1.38539888894e-7,7.11914012186e-8,8.34542035477e-8,4.28011972531e-8,5.6999287068e-8,3.11436494371e-8,7.80262610078e-9,4.87140683347e-9,1.46008416468e-9,1.11190034957e-9,2.24359553158e-9,8.60413018611e-10,5.71470315514e-10,4.58213328391e-10,2.49416293174e-10,2.38451036694e-10,1.42395789604e-10,1.16447379517e-10,5.76968056665e-11,5.65808823405e-11,4.198450268e-11,4.71622497999e-11,2.74039940046e-11,8.3103688861e-12,4.46473587268e-12,2.33568004347e-12,8.30890044268e-13,6.78605500785e-13,2.7302601369e-13,6.90656977139e-14,5.30495040799e-15,2.60525417598e-15]},"melbands_crest":{"dmean":4.31857347488,"dmean2":7.22167730331,"dvar":13.0714302063,"dvar2":35.2460289001,"max":37.4218788147,"mean":17.6813316345,"median":16.9362659454,"min":2.98028588295,"var":37.3216285706},"melbands_flatness_db":{"dmean":0.0412774831057,"dmean2":0.0659068599343,"dvar":0.00121597282123,"dvar2":0.00311145023443,"max":0.676344156265,"mean":0.309119045734,"median":0.305439740419,"min":0.00824336800724,"var":0.00680322991684},"melbands_kurtosis":{"dmean":11.251001358,"dmean2":18.5659389496,"dvar":294.500427246,"dvar2":739.460205078,"max":468.085327148,"mean":21.5131092072,"median":12.7201337814,"min":-1.81994342804,"var":800.936340332},"melbands_skewness":{"dmean":0.948453068733,"dmean2":1.54199123383,"dvar":0.84573507309,"dvar2":2.13260197639,"max":16.3029689789,"mean":3.30858969688,"median":2.9971549511,"min":-1.13779270649,"var":3.17324781418},"melbands_spread":{"dmean":3.72017908096,"dmean2":5.91858243942,"dvar":25.0599994659,"dvar2":54.4421920776,"max":209.420883179,"mean":10.9941616058,"median":7.9519777298,"min":0.157159328461,"var":132.321670532},"mfcc":{"cov":[[8376.84082031,-459.618041992,-993.047363281,684.394897461,-829.653320312,207.891723633,-263.832214355,139.545135498,-166.151855469,142.483444214,-140.998703003,16.6776695251,66.3542404175],[-459.618041992,1234.93029785,-53.959651947,-257.296936035,252.379440308,-104.320014954,40.5150871277,-22.3865089417,51.9158287048,-90.5724868774,37.2995452881,-3.2555680275,-16.7716388702],[-993.047363281,-53.959651947,722.218078613,1.37344241142,114.314468384,-20.47889328,94.1725082397,-64.5097885132,25.4990653992,1.85256946087,2.72982692719,-13.3952474594,11.4815406799],[684.394897461,-257.296936035,1.37344241142,456.675048828,-174.872573853,88.6199111938,-3.28061819077,1.20748329163,-10.635684967,33.8449325562,-27.1777057648,-11.8788995743,24.6861248016],[-829.653320312,252.379440308,114.314468384,-174.872573853,319.960571289,-32.6703987122,71.4887619019,-4.10592746735,31.7796630859,-28.1279449463,32.7411689758,4.87286996841,-10.1734952927],[207.891723633,-104.320014954,-20.47889328,88.6199111938,-32.6703987122,135.02293396,27.0929832458,38.8779335022,-14.0594987869,14.3886938095,-10.3347969055,6.4309129715,15.2787561417],[-263.832214355,40.5150871277,94.1725082397,-3.28061819077,71.4887619019,27.0929832458,131.834991455,13.8037128448,36.674495697,-13.9414243698,0.0450748167932,2.26157164574,19.3214359283],[139.545135498,-22.3865089417,-64.5097885132,1.20748329163,-4.10592746735,38.8779335022,13.8037128448,90.2822036743,12.3776798248,21.0910148621,2.24181985855,9.72268772125,3.16782283783],[-166.151855469,51.9158287048,25.4990653992,-10.635684967,31.7796630859,-14.0594987869,36.674495697,12.3776798248,85.8064727783,9.73857975006,15.5440378189,8.17247867584,1.09258830547],[142.483444214,-90.5724868774,1.85256946087,33.8449325562,-28.1279449463,14.3886938095,-13.9414243698,21.0910148621,9.73857975006,81.73777771,31.0994644165,13.6543655396,5.22959089279],[-140.998703003,37.2995452881,2.72982692719,-27.1777057648,32.7411689758,-10.3347969055,0.0450748167932,2.24181985855,15.5440378189,31.0994644165,69.9380569458,25.1195602417,1.42813766003],[16.6776695251,-3.2555680275,-13.3952474594,-11.8788995743,4.87286996841,6.4309129715,2.26157164574,9.72268772125,8.17247867584,13.6543655396,25.1195602417,50.3117637634,16.0642719269],[66.3542404175,-16.7716388702,11.4815406799,24.6861248016,-10.1734952927,15.2787561417,19.3214359283,3.16782283783,1.09258830547,5.22959089279,1.42813766003,16.0642719269,50.5807609558]],"icov":[[0.000207566466997,-0.0000697004070389,0.000204453768674,-0.000164990648045,0.000316005636705,-0.0000201480361284,0.000050799058954,-0.000104570470285,0.000220719099161,-0.000376114971004,0.000417521980125,-0.000169167222339,-0.000128445259179],[-0.0000697004070389,0.00117554247845,0.00014995339734,0.000267744442681,-0.000729248742573,0.000401165569201,0.0000298850663967,0.0000404794118367,-0.000570105738007,0.00132790394127,-0.000893996562809,0.000458310998511,-0.000210588710615],[0.000204453768674,0.00014995339734,0.00203707255423,-0.000263498601271,-0.000343617546605,0.000242567242822,-0.00124444009271,0.00147804629523,0.000139134121127,-0.00119390385225,0.000725682359189,0.000224163173698,-0.000283129309537],[-0.000164990648045,0.000267744442681,-0.000263498601271,0.00352019653656,0.0012638886692,-0.00184961548075,-0.000275381549727,0.00109870976303,-0.000828578544315,-0.00048348409473,-0.0000512398546562,0.00130998971872,-0.000850426091347],[0.000316005636705,-0.000729248742573,-0.000343617546605,0.0012638886692,0.00600914331153,-0.00016472642892,-0.00221863645129,-0.000384711544029,0.000286047841655,0.000449544808362,-0.0015709066065,-0.0000132014638439,0.000930681126192],[-0.0000201480361284,0.000401165569201,0.000242567242822,-0.00184961548075,-0.00016472642892,0.0114591661841,-0.00310567207634,-0.00425611482933,0.00334050925449,-0.000788242497947,0.00109028967563,-0.00151574623305,-0.000574614212383],[0.000050799058954,0.0000298850663967,-0.00124444009271,-0.000275381549727,-0.00221863645129,-0.00310567207634,0.012974569574,-0.00176096498035,-0.00498945452273,0.00322519708425,-0.0000866868431331,0.00142737629358,-0.00467042578384],[-0.000104570470285,0.0000404794118367,0.00147804629523,0.00109870976303,-0.000384711544029,-0.00425611482933,-0.00176096498035,0.0158011000603,-0.00237700855359,-0.00438534189016,0.00220754812472,-0.00158513814677,0.00111603841651],[0.000220719099161,-0.000570105738007,0.000139134121127,-0.000828578544315,0.000286047841655,0.00334050925449,-0.00498945452273,-0.00237700855359,0.0158175323159,-0.00277728959918,-0.000734439876396,-0.00199904106557,0.00159859936684],[-0.000376114971004,0.00132790394127,-0.00119390385225,-0.00048348409473,0.000449544808362,-0.000788242497947,0.00322519708425,-0.00438534189016,-0.00277728959918,0.0209237802774,-0.0108774937689,0.00117516366299,-0.00135758053511],[0.000417521980125,-0.000893996562809,0.000725682359189,-0.0000512398546562,-0.0015709066065,0.00109028967563,-0.0000866868431331,0.00220754812472,-0.000734439876396,-0.0108774937689,0.0251469817013,-0.010563949123,0.00205123098567],[-0.000169167222339,0.000458310998511,0.000224163173698,0.00130998971872,-0.0000132014638439,-0.00151574623305,0.00142737629358,-0.00158513814677,-0.00199904106557,0.00117516366299,-0.010563949123,0.0290186125785,-0.0093033676967],[-0.000128445259179,-0.000210588710615,-0.000283129309537,-0.000850426091347,0.000930681126192,-0.000574614212383,-0.00467042578384,0.00111603841651,0.00159859936684,-0.00135758053511,0.00205123098567,-0.0093033676967,0.0254259202629]],"mean":[-688.918334961,182.60546875,-3.39069151878,27.8699493408,10.1592187881,16.5078773499,4.72140693665,10.9780330658,3.0310087204,-1.0238455534,-0.107560932636,2.7250225544,0.273157924414]},"pitch_salience":{"dmean":0.0790790989995,"dmean2":0.130192622542,"dvar":0.00450482824817,"dvar2":0.0119017325342,"max":0.92343890667,"mean":0.503119289875,"median":0.509150862694,"min":0.0904944688082,"var":0.0154079832137},"silence_rate_20dB":{"dmean":0,"dmean2":0,"dvar":0,"dvar2":0,"max":1,"mean":1,"median":1,"min":1,"var":0},"silence_rate_30dB":{"dmean":0.108764126897,"dmean2":0.217548415065,"dvar":0.0969422385097,"dvar2":0.204512253404,"max":1,"mean":0.838351070881,"median":1,"min":0,"var":0.135514751077},"silence_rate_60dB":{"dmean":0.00833796523511,"dmean2":0.0166774764657,"dvar":0.0082676038146,"dvar2":0.0180637408048,"max":1,"mean":0.0294580832124,"median":0,"min":0,"var":0.0285921748728},"spectral_centroid":{"dmean":152.69758606,"dmean2":233.513549805,"dvar":42356.4335938,"dvar2":78832.828125,"max":10949.4765625,"mean":743.751708984,"median":628.858154297,"min":111.779594421,"var":241692.53125},"spectral_complexity":{"dmean":3.3038725853,"dmean2":4.93245601654,"dvar":12.4444236755,"dvar2":22.7323627472,"max":58,"mean":17.6454849243,"median":16,"min":0,"var":105.29095459},"spectral_contrast_coeffs":{"dmean":[0.0548869073391,0.0505344904959,0.0364974737167,0.0266695227474,0.0299403164536,0.0366944782436],"dmean2":[0.0930551812053,0.0840493142605,0.0610052980483,0.0446682572365,0.0489272177219,0.0579768791795],"dvar":[0.00187900138553,0.0015952520771,0.000820520450361,0.000463697011583,0.000838759297039,0.00138320284896],"dvar2":[0.00522816600278,0.00424340879545,0.00222309399396,0.00123780907597,0.00219461205415,0.00322211324237],"max":[-0.317349016666,-0.421130955219,-0.548018157482,-0.584422826767,-0.579500794411,-0.387158900499],"mean":[-0.680859923363,-0.754106879234,-0.809287786484,-0.82759064436,-0.817721247673,-0.784919798374],"median":[-0.684872984886,-0.764846861362,-0.815262019634,-0.829690098763,-0.815896809101,-0.816896378994],"min":[-0.96242493391,-0.969884634018,-0.978744626045,-0.973290979862,-0.970109462738,-0.959716260433],"var":[0.00532424263656,0.00572597840801,0.00266301631927,0.00154036644381,0.00257906224579,0.00773185817525]},"spectral_contrast_valleys":{"dmean":[0.407060623169,0.377545922995,0.328666061163,0.31661298871,0.415777862072,0.67934012413],"dmean2":[0.668621361256,0.617295324802,0.515331149101,0.486011385918,0.643105387688,1.12175500393],"dvar":[0.119703374803,0.114803500473,0.0961459875107,0.116915248334,0.195411518216,0.348676413298],"dvar2":[0.285779356956,0.262655287981,0.198398500681,0.227572083473,0.457931905985,0.902164518833],"max":[-4.80288171768,-4.56213235855,-4.92665100098,-5.50059366226,-5.43762922287,-8.68051815033],"mean":[-6.52603721619,-6.52276611328,-6.96909427643,-7.54903507233,-8.09989261627,-11.081240654],"median":[-6.33953380585,-6.3802022934,-6.7969751358,-7.37963819504,-7.96865272522,-10.9606161118],"min":[-27.2161712646,-27.6667919159,-27.5260715485,-27.0026683807,-27.1708316803,-27.2725257874],"var":[1.04489004612,1.08825409412,1.12729811668,1.190148592,1.48987436295,1.0317274332]},"spectral_decrease":{"dmean":5.87525406104e-9,"dmean2":9.67967128673e-9,"dvar":5.9915305658e-17,"dvar2":1.55372140252e-16,"max":1.19421583733e-8,"mean":-8.91989770935e-9,"median":-6.50607345776e-9,"min":-1.04200601925e-7,"var":9.93209525778e-17},"spectral_energy":{"dmean":0.0226413514465,"dmean2":0.0367865823209,"dvar":0.000908362620976,"dvar2":0.00231899716891,"max":0.460310548544,"mean":0.0658156052232,"median":0.0584438592196,"min":1.11998712054e-20,"var":0.00193351367489},"spectral_energyband_high":{"dmean":0.00023989174224,"dmean2":0.00031578715425,"dvar":2.78531899767e-7,"dvar2":4.30273217944e-7,"max":0.020596774295,"mean":0.000686576124281,"median":0.000205638891202,"min":8.36792305868e-21,"var":0.00000162960225225},"spectral_energyband_low":{"dmean":0.0188292507082,"dmean2":0.0313623063266,"dvar":0.000731365464162,"dvar2":0.00191076239571,"max":0.3808414042,"mean":0.0318330638111,"median":0.0222900602967,"min":7.32612598324e-23,"var":0.00109698949382},"spectral_energyband_middle_high":{"dmean":0.00137178367004,"dmean2":0.00210069445893,"dvar":0.0000056995218074,"dvar2":0.0000131615770442,"max":0.0583628118038,"mean":0.00386641221121,"median":0.00213967077434,"min":1.27022408202e-21,"var":0.0000221077025344},"spectral_energyband_middle_low":{"dmean":0.00650337105617,"dmean2":0.0105807287619,"dvar":0.0000880276202224,"dvar2":0.000228019620408,"max":0.162500232458,"mean":0.015628984198,"median":0.0105002401397,"min":4.40480895839e-22,"var":0.000250455748755},"spectral_entropy":{"dmean":0.235745996237,"dmean2":0.369085937738,"dvar":0.0555159635842,"dvar2":0.136861249804,"max":9.80289840698,"mean":7.23046541214,"median":7.29560709,"min":4.91246175766,"var":0.254696339369},"spectral_flux":{"dmean":0.0339342616498,"dmean2":0.0547315850854,"dvar":0.00146282592323,"dvar2":0.00337287923321,"max":0.514596283436,"mean":0.129513949156,"median":0.123960316181,"min":1.05829442432e-10,"var":0.00378073076718},"spectral_kurtosis":{"dmean":8.00009727478,"dmean2":12.978726387,"dvar":93.1301040649,"dvar2":256.951599121,"max":112.804275513,"mean":23.7902984619,"median":19.5582237244,"min":-1.18767368793,"var":204.622238159},"spectral_rms":{"dmean":0.0012779890094,"dmean2":0.00203919387423,"dvar":0.00000188967942449,"dvar2":0.00000466560959467,"max":0.0211915895343,"mean":0.00751601578668,"median":0.0075510526076,"min":3.30555634948e-12,"var":0.00000772016664996},"spectral_rolloff":{"dmean":4213.07519531,"dmean2":8244.46679688,"dvar":63594540,"dvar2":162479312,"max":22028.4667969,"mean":17625.2050781,"median":21877.734375,"min":64.599609375,"var":68046080},"spectral_skewness":{"dmean":0.574227452278,"dmean2":0.91067391634,"dvar":0.3840688169,"dvar2":1.03460788727,"max":8.76290607452,"mean":3.46859049797,"median":3.21484971046,"min":0.0213479734957,"var":1.2782664299},"spectral_spread":{"dmean":638519.3125,"dmean2":1032166.9375,"dvar":441868124160,"dvar2":1014298705920,"max":40480376,"mean":3905446.25,"median":3834474.5,"min":1438894.25,"var":1168018374660},"spectral_strongpeak":{"dmean":16.1419258118,"dmean2":30.2576084137,"dvar":1161.4642334,"dvar2":3117.00952148,"max":300.873504639,"mean":14.7435121536,"median":0.453305780888,"min":0,"var":1192.86108398},"zerocrossingrate":{"dmean":0.0523877739906,"dmean2":0.0686216801405,"dvar":0.0020281097386,"dvar2":0.00319417146966,"max":0.91845703125,"mean":0.334328055382,"median":0.32177734375,"min":0.009765625,"var":0.0140159763396}},"metadata":{"audio_properties":{"analysis_sample_rate":44100,"bit_rate":128000,"codec":"mp3","downmix":"mix","equal_loudness":0,"length":250.618774414,"lossless":false,"md5_encoded":"923ad09fba1854474304d3cfaf310315","replay_gain":-6.53259658813,"sample_rate":44100},"tags":{"album":["Vitalogy"],"album artist credit":["Pearl Jam"],"albumartist":["Pearl Jam"],"albumartistsort":["Pearl Jam"],"artist":["Pearl Jam"],"artist credit":["Pearl Jam"],"artistsort":["Pearl Jam"],"asin":["B000025AP3"],"bpm":["0"],"catalognumber":["EPC 477861 2"],"date":["1994"],"discnumber":["1/1"],"file_name":"04 - Pearl Jam - Tremor Christ.mp3","genre":["Rock - Alternative Metal / Punk"],"label":["Epic"],"language":["eng"],"media":["CD"],"musicbrainz album release country":["XE"],"musicbrainz album status":["Official"],"musicbrainz album type":["album"],"musicbrainz_albumartistid":["83b9cbe7-9857-49e2-ab8e-b57b01038103"],"musicbrainz_albumid":["826fc187-ddcc-3825-a361-d0086616d315"],"musicbrainz_artistid":["83b9cbe7-9857-49e2-ab8e-b57b01038103"],"musicbrainz_recordingid":["a1015b6b-b7fc-4d95-9035-1d84947674fc"],"musicbrainz_releasegroupid":["6e384e83-6cb1-36bd-813c-ca7d4cf4b9ba"],"originaldate":["1994-11-22"],"replaygain_album_gain":["0.00 dB"],"replaygain_album_peak":["0.000000"],"replaygain_track_gain":["0.00 dB"],"replaygain_track_peak":["0.000000"],"script":["Latn"],"title":["Tremor Christ"],"tracknumber":["4/14"]},"version":{"essentia":"2.1-beta1","essentia_build_sha":"5a811adb4c06fd6d02ca903f7349a26d851abfa8","essentia_git_sha":"v2.1_beta1-34-gf95df8b","extractor":"music 1.0"}},"rhythm":{"beats_count":650,"beats_loudness":{"dmean":0.0323088765144,"dmean2":0.0559899173677,"dvar":0.000735968758818,"dvar2":0.00210514175706,"max":0.210056141019,"mean":0.081161275506,"median":0.079358741641,"min":4.15451104629e-8,"var":0.00171359430533},"beats_loudness_band_ratio":{"dmean":[0.174451828003,0.0901452302933,0.0423302575946,0.037274312228,0.0187960192561,0.0841347575188],"dmean2":[0.3