{"lowlevel":{"average_loudness":0.962090849876,"barkbands":{"dmean":[0.000378850148991,0.0151316579431,0.00489467941225,0.0023871276062,0.00215939269401,0.000673684000503,0.000507174059749,0.000590361829381,0.000616754521616,0.00049125374062,0.000366968946764,0.000421898643253,0.000384449289413,0.0003783631837,0.000454032822745,0.00060356099857,0.000651285343338,0.000446826772531,0.000497154542245,0.000192424718989,0.00012724926637,0.0000638958226773,0.0000282962409983,0.0000220046804316,0.0000178652189788,0.0000130516073114,0.00000440329267803],"dmean2":[0.000631010334473,0.0263081211597,0.00854947883636,0.00418436340988,0.00395183777437,0.00114644586574,0.000868237635586,0.00100075616501,0.000996608636342,0.000814212369733,0.000576323189307,0.000688236730639,0.000628466834314,0.000610478164162,0.000738304574043,0.00099250942003,0.0010770476656,0.000749227241613,0.000827035517432,0.000321263942169,0.000210825251997,0.000106684790808,0.0000470970553579,0.0000360719568562,0.0000282631899609,0.0000201768871193,0.00000685799386702],"dvar":[5.47120237115e-7,0.000756675202865,0.0000495235872222,0.000015172527128,0.0000161154421221,8.98099870028e-7,0.00000110071709969,0.0000020433658392,0.00000123619781789,0.00000117325942028,5.48549962787e-7,6.07325773672e-7,4.72145643471e-7,5.07156073581e-7,4.67959353045e-7,5.32028991529e-7,5.28311204562e-7,2.41389642497e-7,2.42507582016e-7,3.83132281456e-8,2.1524344973e-8,8.5590690091e-9,2.86329737698e-9,1.55413359959e-9,1.42728084906e-9,1.20840581985e-9,2.32719329918e-10],"dvar2":[0.00000138151528972,0.00198498251848,0.000139797586598,0.0000404190104746,0.0000461783529317,0.00000242048963628,0.00000305113098875,0.00000543723172086,0.00000287168495561,0.00000306715219267,0.00000111131384983,0.00000152901441197,0.00000118826369544,0.00000123064501167,0.00000110873406811,0.00000132297975597,0.00000134654010253,6.59368538436e-7,6.5021026785e-7,1.03592903145e-7,5.71771501257e-8,2.27002789899e-8,7.51607576177e-9,3.63298791051e-9,3.1431388603e-9,2.4886595007e-9,5.18579235109e-10],"max":[0.0062111672014,0.177659794688,0.0684508830309,0.0592175349593,0.0444557592273,0.0159857720137,0.0144656337798,0.0325359404087,0.0455424077809,0.0287241991609,0.025244390592,0.0164689533412,0.0139674292877,0.01746420376,0.0161845628172,0.0211306530982,0.0163048580289,0.00789996422827,0.00973808765411,0.00344656803645,0.00287100020796,0.00171584053896,0.00108472222928,0.00167896726634,0.00141690683085,0.00147171108983,0.000916416873224],"mean":[0.000296964455629,0.0163316726685,0.00881273113191,0.00321745988913,0.00223647686653,0.00111148739234,0.000715637987014,0.000800273206551,0.00108167447615,0.0007212976343,0.000638572848402,0.000760759052355,0.000679142074659,0.000672113441397,0.000867306429427,0.00127417582553,0.00144712463953,0.0010516612092,0.00131419522222,0.000510056212079,0.000341197388479,0.000147710408783,0.0000489014564664,0.0000425523758167,0.000036700086639,0.0000286291742668,0.00000942674250837],"median":[0.0000259637126874,0.00850778352469,0.00685964524746,0.00162979098968,0.00108958338387,0.000790212070569,0.000426624144893,0.000310511270072,0.000639676232822,0.000369716697605,0.000311689014779,0.000354648800567,0.000382863858249,0.000389357388485,0.000596055295318,0.00103337620385,0.00121266033966,0.000911399023607,0.00120847299695,0.000478361325804,0.000315191631671,0.000122133933473,0.0000350648260792,0.0000313308009936,0.0000227584641834,0.0000160435156431,0.00000462469233753],"min":[8.08707146761e-24,1.80198723496e-23,5.35337797243e-23,1.34716632461e-23,4.44898838764e-23,1.16457957716e-23,1.32487674419e-23,9.91428394996e-23,3.43427471199e-23,9.88433689673e-23,9.07558786146e-23,5.78640518032e-23,9.41021887092e-23,5.31731819382e-23,1.33417760359e-22,3.68644823673e-22,1.71050111096e-22,2.84599633318e-22,3.25467172047e-22,3.93882566624e-22,3.18959082201e-22,7.25035822832e-22,6.44058051843e-22,6.54427394939e-22,1.20746357058e-21,1.89202519966e-21,2.27323368717e-21],"var":[4.52188658073e-7,0.000589797215071,0.000062822997279,0.0000216367225221,0.00001204651835,0.00000126932900457,0.00000103380057226,0.0000025565047963,0.00000264736740974,0.00000156469616286,0.00000146627189679,0.00000150771859353,9.05863657863e-7,0.00000104867126538,9.59934595812e-7,0.00000112257691853,0.00000108290691969,4.77743640204e-7,5.50276922695e-7,7.24328685919e-8,3.72337858323e-8,1.15643778997e-8,2.91158253063e-9,2.9525430989e-9,3.50371709423e-9,3.01492342203e-9,4.20011497804e-10]},"barkbands_crest":{"dmean":3.21998262405,"dmean2":5.43880367279,"dvar":12.6579475403,"dvar2":34.5876464844,"max":26.8825855255,"mean":10.8234319687,"median":10.0591068268,"min":2.3836171627,"var":18.2049160004},"barkbands_flatness_db":{"dmean":0.0220428090543,"dmean2":0.0362638495862,"dvar":0.000612409319729,"dvar2":0.00158375059254,"max":0.500658333302,"mean":0.112588614225,"median":0.105424374342,"min":0.0289159044623,"var":0.00127919763327},"barkbands_kurtosis":{"dmean":3.27864003181,"dmean2":5.22640037537,"dvar":439.852264404,"dvar2":724.86920166,"max":2619.68115234,"mean":3.26560163498,"median":-0.216833353043,"min":-1.91651439667,"var":3321.52954102},"barkbands_skewness":{"dmean":0.663196384907,"dmean2":1.05894696712,"dvar":0.715565085411,"dvar2":1.6347206831,"max":8.35656261444,"mean":1.28112709522,"median":1.09143328667,"min":-47.37758255,"var":2.57723212242},"barkbands_spread":{"dmean":7.37821817398,"dmean2":11.9485120773,"dvar":56.5915641785,"dvar2":139.554992676,"max":136.632095337,"mean":32.7339248657,"median":34.303817749,"min":0.123074516654,"var":114.357078552},"dissonance":{"dmean":0.00770325306803,"dmean2":0.0131341665983,"dvar":0.0000613170486758,"dvar2":0.000158277049195,"max":0.500000178814,"mean":0.486668735743,"median":0.489339292049,"min":0.211441382766,"var":0.000113053691166},"dynamic_complexity":1.31917178631,"erbbands":{"dmean":[0.42749145627,3.40344357491,5.49149847031,7.22691297531,6.06431293488,8.68111515045,5.61048221588,5.8332157135,6.79618215561,9.04140949249,14.1621284485,13.7567043304,13.995759964,15.8720750809,13.4973888397,17.6775512695,17.4503078461,18.5003662109,19.9479141235,22.5871124268,37.038318634,31.8178195953,23.5627059937,27.2796440125,18.9998321533,9.49964427948,5.8154053688,4.59535503387,2.45679140091,1.21609866619,0.777255117893,0.491212725639,0.376255512238,0.230534493923,0.118709340692,0.0604468137026,0.0251021776348,0.00584502797574,0.000665536383167,0.000058047928178],"dmean2":[0.756741225719,5.88379096985,9.49951648712,12.6405143738,10.9774618149,15.9988355637,9.69577121735,10.0566167831,11.6517753601,15.50228405,23.6965122223,22.350025177,23.4581756592,25.0879707336,21.8013973236,28.608707428,28.3307437897,29.6722240448,32.3679618835,36.7901802063,60.9925575256,52.306427002,39.3808288574,45.3484954834,31.6131534576,15.8706331253,9.63283729553,7.66531610489,4.09959316254,2.03058767319,1.29861927032,0.810036182404,0.61451625824,0.373324871063,0.187716424465,0.0939984843135,0.0393682569265,0.00917172525078,0.00103636924177,0.0000900408922462],"dvar":[0.684380531311,36.9085083008,64.5852203369,125.96988678,89.3182220459,314.500854492,73.5022277832,93.3201904297,158.262207031,453.968292236,1219.43029785,526.010681152,1013.79962158,1209.74450684,590.002563477,1069.62365723,995.808044434,1419.09240723,1032.94018555,908.904846191,2099.87792969,1310.41271973,651.98046875,812.836425781,368.882141113,98.3639678955,43.902885437,30.1583538055,12.1546611786,4.93441772461,2.26640629768,0.657545685768,0.598578870296,0.242710486054,0.0747257620096,0.0205190107226,0.0048419139348,0.000392637477489,0.00000507973390995,2.12581614534e-8],"dvar2":[1.79948604107,97.4895706177,180.250427246,339.622009277,250.47467041,906.376464844,204.063201904,249.645355225,432.53793335,1259.93005371,3128.49829102,1290.87219238,2772.98608398,2628.72900391,1458.35168457,2670.76538086,2510.55859375,3345.51928711,2595.22167969,2162.64331055,5240.47070312,3167.12329102,1783.88195801,2188.27319336,998.40435791,265.477203369,115.901016235,80.447883606,31.9500770569,13.1162986755,5.99730062485,1.6390786171,1.41947257519,0.585021436214,0.158154919744,0.0425269044936,0.0100687714294,0.000868605275173,0.0000112564257506,4.52097985715e-8],"max":[4.58501386642,41.9135055542,71.9286117554,159.658248901,119.417236328,183.179168701,120.728713989,161.466598511,178.028579712,345.716918945,865.163757324,706.290466309,648.025390625,1138.58703613,641.805358887,687.357788086,679.253662109,978.86895752,865.387268066,776.744445801,1459.75695801,1081.16503906,288.458282471,468.589904785,295.125274658,181.122741699,117.860679626,114.515899658,54.5801010132,38.9374961853,31.6448249817,24.3389587402,34.736946106,21.0857334137,13.080947876,5.64308738708,3.15886497498,1.11960315704,0.14031149447,0.00777514372021],"mean":[0.363032400608,4.05317306519,10.3162794113,11.4945755005,7.49346876144,8.10488986969,8.11607456207,8.85424137115,10.3151874542,12.7825374603,20.7589702606,23.8681602478,21.5796775818,26.4638500214,24.9222240448,33.5800933838,33.3274536133,34.6587638855,40.318775177,49.310333252,82.692527771,76.8513412476,58.7053146362,69.7257003784,51.6425056458,25.6411056519,15.120382309,12.2028408051,6.0809803009,2.18142580986,1.36531889439,0.973770499229,0.683437347412,0.448624759912,0.238882407546,0.129786163568,0.0517402514815,0.0113450875506,0.00143522233702,0.000153234810568],"median":[0.114080622792,2.31865000725,8.45768737793,7.27342319489,3.94380450249,3.63046431541,5.15660238266,5.80699014664,6.69758033752,6.63109588623,8.6219329834,14.8521547318,11.6224460602,13.5367937088,13.8611049652,16.8538703918,19.1714401245,19.7259426117,27.9411315918,37.8564453125,68.1758346558,65.3363037109,50.7959976196,63.4161911011,47.2753448486,23.9989242554,13.9798851013,11.0341806412,5.05822658539,1.63450038433,0.989360392094,0.739897549152,0.477679699659,0.284418731928,0.139916986227,0.0818423479795,0.025951448828,0.00483869155869,0.000740051968023,0.000105736449768],"min":[4.54615869622e-22,4.90986623513e-21,4.48518427694e-20,7.33576595943e-20,4.71252388231e-20,1.97704929345e-19,1.68676020949e-19,8.20923120466e-20,1.79741901012e-19,7.14703746484e-19,2.18770370943e-18,8.41204736056e-19,2.94082125827e-18,3.27002611398e-18,2.93230026399e-18,2.0409389145e-18,3.28867138537e-18,3.95644540169e-18,6.33178014383e-18,8.68254348587e-18,2.15570976955e-17,1.02928093669e-17,1.8560468836e-17,1.81856120891e-17,1.12369764791e-17,1.62136846463e-17,1.68789330734e-17,1.17737827823e-17,2.70127938953e-17,1.92586191992e-17,2.1071190297e-17,1.43201706169e-17,1.16730280477e-17,1.37621305874e-17,8.73884470709e-18,5.96083513403e-18,3.72136149878e-18,1.27787606976e-18,3.60570949993e-19,3.37676581041e-20],"var":[0.499506294727,29.2155628204,70.5316162109,165.90524292,100.161254883,206.722549438,86.4197540283,112.501304626,163.253738403,499.81930542,1758.78356934,973.94934082,1203.0546875,2541.1315918,1286.97277832,2757.03222656,2006.62512207,2861.99682617,2192.57739258,1997.32141113,4403.97216797,2850.38232422,1344.67724609,1684.50549316,833.772888184,183.667709351,73.6103057861,50.4285926819,18.1780033112,4.74711275101,2.29991579056,1.08704018593,1.05783951283,0.468353927135,0.194251611829,0.0496212951839,0.0119600258768,0.000713315734174,0.00000930924670683,4.40963709991e-8]},"erbbands_crest":{"dmean":1.76748096943,"dmean2":2.91947865486,"dvar":3.04452347755,"dvar2":7.71587991714,"max":26.4785366058,"mean":6.65760135651,"median":5.96708583832,"min":2.3002717495,"var":6.72483348846},"erbbands_flatness_db":{"dmean":0.0134293260053,"dmean2":0.0205391030759,"dvar":0.000146896767546,"dvar2":0.000343795923982,"max":0.252010673285,"mean":0.137997180223,"median":0.135747820139,"min":0.0315094962716,"var":0.000563234672882},"erbbands_kurtosis":{"dmean":0.868136167526,"dmean2":1.41262471676,"dvar":0.699220955372,"dvar2":1.85876452923,"max":15.0990161896,"mean":0.56222230196,"median":0.356200456619,"min":-1.77189552784,"var":1.67790830135},"erbbands_skewness":{"dmean":0.298623889685,"dmean2":0.482544571161,"dvar":0.0683695077896,"dvar2":0.182310506701,"max":1.38435125351,"mean":-0.817345798016,"median":-0.865318536758,"min":-2.90679788589,"var":0.242848083377},"erbbands_spread":{"dmean":8.26517868042,"dmean2":13.4473838806,"dvar":73.3178329468,"dvar2":192.051177979,"max":108.850379944,"mean":36.9397888184,"median":35.1046142578,"min":8.00788974762,"var":151.140380859},"gfcc":{"cov":[[4079.23706055,126.134269714,-309.828216553,35.8427276611,-177.132614136,36.2985076904,-35.3837814331,118.273468018,-54.2869796753,99.1983413696,-48.1398658752,64.2117767334,-21.4849872589],[126.134269714,333.399200439,-91.3721923828,102.713218689,-25.5256462097,1.95279848576,2.06709480286,-31.7045497894,1.07827532291,-28.849861145,8.80613040924,-21.0154190063,24.7597084045],[-309.828216553,-91.3721923828,347.175689697,-1.4358869791,65.8212127686,31.8241844177,6.0434551239,35.2125396729,15.3202676773,18.0903644562,19.2830924988,22.3390388489,0.150636970997],[35.8427276611,102.713218689,-1.4358869791,211.734741211,36.2370414734,21.3619728088,-0.406961083412,-0.619501650333,23.6264286041,-6.11969566345,13.0153408051,-5.99080514908,27.2996883392],[-177.132614136,-25.5256462097,65.8212127686,36.2370414734,125.013999939,36.8747138977,38.8656387329,14.6575260162,5.20626020432,16.8334503174,7.79141616821,7.62789011002,4.39244842529],[36.2985076904,1.95279848576,31.8241844177,21.3619728088,36.8747138977,81.3553314209,41.0797996521,17.4598388672,2.91498184204,3.84772062302,14.5302276611,2.9338157177,5.87404966354],[-35.3837814331,2.06709480286,6.0434551239,-0.406961083412,38.8656387329,41.0797996521,84.1254196167,39.8740959167,13.7818698883,11.6425457001,13.5442800522,12.8141717911,3.22608351707],[118.273468018,-31.7045497894,35.2125396729,-0.619501650333,14.6575260162,17.4598388672,39.8740959167,77.7363510132,39.0754547119,30.9336395264,7.69856548309,9.70490455627,0.232570722699],[-54.2869796753,1.07827532291,15.3202676773,23.6264286041,5.20626020432,2.91498184204,13.7818698883,39.0754547119,70.7822570801,35.9297981262,16.168056488,-7.16033697128,5.36042881012],[99.1983413696,-28.849861145,18.0903644562,-6.11969566345,16.8334503174,3.84772062302,11.6425457001,30.9336395264,35.9297981262,66.22681427,25.6455917358,12.498213768,-0.977003097534],[-48.1398658752,8.80613040924,19.2830924988,13.0153408051,7.79141616821,14.5302276611,13.5442800522,7.69856548309,16.168056488,25.6455917358,51.1112709045,22.8374729156,9.23129749298],[64.2117767334,-21.0154190063,22.3390388489,-5.99080514908,7.62789011002,2.9338157177,12.8141717911,9.70490455627,-7.16033697128,12.498213768,22.8374729156,55.9186515808,18.8439693451],[-21.4849872589,24.7597084045,0.150636970997,27.2996883392,4.39244842529,5.87404966354,3.22608351707,0.232570722699,5.36042881012,-0.977003097534,9.23129749298,18.8439693451,43.8117523193]],"icov":[[0.000490463571623,-0.000347358349245,0.000447857630206,-0.000359923986252,0.000812710437458,-0.00104259361979,0.000975246250164,-0.00155223766342,0.00146057864185,-0.00174519640859,0.00139575393405,-0.00112561392598,0.000626720138825],[-0.000347358349245,0.00472784787416,0.000318202277413,-0.00174769968726,0.00074348639464,0.00129224616103,-0.00263160304166,0.00265070935711,-0.000840808672365,0.00220086844638,-0.0028328273911,0.0032211644575,-0.00245902175084],[0.000447857630206,0.000318202277413,0.00428061792627,0.000019123115635,-0.00152076291852,-0.00222248141654,0.00357556156814,-0.00356579921208,0.000599885475822,0.0000522120026289,-0.000238205917412,-0.00220242305659,0.00114449963439],[-0.000359923986252,-0.00174769968726,0.000019123115635,0.00748317502439,-0.00376290176064,-0.000745573837776,0.00243765395135,0.000115597278636,-0.00404638005421,0.00387458549812,-0.00247087725438,0.00114115700126,-0.00294335256331],[0.000812710437458,0.00074348639464,-0.00152076291852,-0.00376290176064,0.0144166387618,-0.00359995802864,-0.00535288406536,0.00118124857545,0.00445185601711,-0.00816335901618,0.00535841146484,-0.00112835038453,0.000383044301998],[-0.00104259361979,0.00129224616103,-0.00222248141654,-0.000745573837776,-0.00359995802864,0.0217009410262,-0.0106013631448,0.00184384651948,0.00120252731722,0.00445867469534,-0.00873995479196,0.00810879655182,-0.00424099573866],[0.000975246250164,-0.00263160304166,0.00357556156814,0.00243765395135,-0.00535288406536,-0.0106013631448,0.0276404842734,-0.0155618200079,0.00161743327044,0.00174573401455,-0.000783443683758,-0.00659167394042,0.0032808536198],[-0.00155223766342,0.00265070935711,-0.00356579921208,0.000115597278636,0.00118124857545,0.00184384651948,-0.0155618200079,0.0342845767736,-0.0173181500286,-0.00119511212688,0.00475354399532,-0.00246295169927,0.000429268111475],[0.00146057864185,-0.000840808672365,0.000599885475822,-0.00404638005421,0.00445185601711,0.00120252731722,0.00161743327044,-0.0173181500286,0.036360040307,-0.0171002652496,-0.00334805576131,0.0111067527905,-0.00582574587315],[-0.00174519640859,0.00220086844638,0.0000522120026289,0.00387458549812,-0.00816335901618,0.00445867469534,0.00174573401455,-0.00119511212688,-0.0171002652496,0.0369275249541,-0.016639156267,-0.000481027498608,0.00221287715249],[0.00139575393405,-0.0028328273911,-0.000238205917412,-0.00247087725438,0.00535841146484,-0.00873995479196,-0.000783443683758,0.00475354399532,-0.00334805576131,-0.016639156267,0.0400541722775,-0.018134361133,0.00389174022712],[-0.00112561392598,0.0032211644575,-0.00220242305659,0.00114115700126,-0.00112835038453,0.00810879655182,-0.00659167394042,-0.00246295169927,0.0111067527905,-0.000481027498608,-0.018134361133,0.0378471538424,-0.0173787008971],[0.000626720138825,-0.00245902175084,0.00114449963439,-0.00294335256331,0.000383044301998,-0.00424099573866,0.0032808536198,0.000429268111475,-0.00582574587315,0.00221287715249,0.00389174022712,-0.0173787008971,0.034055326134]],"mean":[49.7386245728,84.4104766846,-125.010986328,47.7789039612,-27.0676078796,5.58212518692,-24.3238925934,15.2972869873,-22.2772293091,2.29618382454,-18.2499866486,-1.38735806942,-12.2711772919]},"hfc":{"dmean":6.63989448547,"dmean2":10.5518426895,"dvar":56.4184875488,"dvar2":143.036422729,"max":123.877670288,"mean":30.7955284119,"median":30.1838645935,"min":1.19334210304e-16,"var":155.588943481},"melbands":{"dmean":[0.00410993024707,0.0032225465402,0.00115703407209,0.000540031003766,0.000226048796321,0.000127399893245,0.000104131773696,0.00010323740571,0.000123846402857,0.0000823974842206,0.0000701598328305,0.0000647137785563,0.0000461230738438,0.0000443746866949,0.0000513158047397,0.000032694057154,0.0000383275364584,0.0000319939535984,0.0000350602094841,0.0000346471133525,0.0000501803297084,0.0000406536964874,0.0000264422778855,0.0000219600060518,0.0000250402699749,0.0000201249822567,0.00000942543829296,0.00000652407288726,0.00000415475778937,0.00000358615352525,0.00000268507869805,0.00000167126847828,9.55550945037e-7,6.14422617673e-7,4.75586176663e-7,3.86486419757e-7,2.96289954349e-7,2.89224715289e-7,2.39032942773e-7,1.92677745758e-7],"dmean2":[0.00720955291763,0.00548351695761,0.00204042461701,0.000989366555586,0.000401586934458,0.000218501285417,0.000178310248884,0.000176259985892,0.000204936295631,0.000133896071929,0.000117867471999,0.000102762824099,0.0000735591893317,0.0000724241690477,0.0000833140366012,0.0000532977646799,0.0000614539312664,0.0000524354072695,0.000057119235862,0.0000571198215766,0.000083457241999,0.0000671747111483,0.0000438890674559,0.0000371391870431,0.0000418480885855,0.0000338128047588,0.0000158291604748,0.0000109824995889,0.00000692798948876,0.00000601040119363,0.00000450934430773,0.00000280526728602,0.00000160211595812,0.00000103043464605,7.98567270976e-7,6.4537198341e-7,4.92335686886e-7,4.76811237604e-7,3.93325393588e-7,3.13798608431e-7],"dvar":[0.0000593472650507,0.0000247694679274,0.00000325051860273,9.4367857173e-7,1.48599440308e-7,3.92756902556e-8,3.92909420555e-8,5.81422412438e-8,8.9843958051e-8,1.7521845308e-8,2.58661376762e-8,2.0084783614e-8,7.00206914672e-9,7.07282099555e-9,9.51519041337e-9,3.62470498061e-9,6.70872157826e-9,2.67464472792e-9,2.92407387192e-9,1.79036796499e-9,3.73476849447e-9,2.30257612976e-9,9.33193744501e-10,6.15402340198e-10,6.86712076092e-10,4.22365281638e-10,8.63319832289e-11,4.76346982692e-11,2.2252253859e-11,1.75710210271e-11,1.08175976857e-11,5.1405325309e-12,2.54066060724e-12,1.33755224778e-12,8.67215208065e-13,4.77773148735e-13,2.39289301264e-13,3.6389736168e-13,2.39473127743e-13,1.75663642161e-13],"dvar2":[0.000155667308718,0.0000660088117002,0.00000891711988515,0.00000269332736025,4.23906186597e-7,1.05175516296e-7,1.07967011331e-7,1.59761668783e-7,2.23338744831e-7,4.34283471407e-8,7.08842193831e-8,4.4404206534e-8,1.62647353363e-8,1.8257543033e-8,2.39437607519e-8,9.01956642707e-9,1.57213850827e-8,6.89382950725e-9,6.73647893024e-9,4.29815560921e-9,9.52998391313e-9,5.59515100917e-9,2.48009168757e-9,1.69497671454e-9,1.85181447954e-9,1.14443077237e-9,2.35181180086e-10,1.30304031454e-10,5.90390722421e-11,4.76147107853e-11,2.92147694925e-11,1.3721797136e-11,6.84671199944e-12,3.56683411105e-12,2.30704539673e-12,1.27010598219e-12,5.85606812608e-13,8.59246538937e-13,5.97471182771e-13,4.21622209801e-13],"max":[0.0463859513402,0.0375903472304,0.0235397499055,0.00992928445339,0.00468148430809,0.00316810654476,0.00279295141809,0.00514409644529,0.00908303912729,0.00380920059979,0.00324576394632,0.00494960090145,0.0023896493949,0.00182030559517,0.00267338496633,0.00182965188287,0.00223311642185,0.00143727078103,0.00149243429769,0.000839508080389,0.00182099558879,0.00152173440438,0.000706958351657,0.00037297810195,0.000444047240308,0.000318822916597,0.000131691151182,0.00011480867397,0.0000712636538083,0.000076837328379,0.0000700456585037,0.0000344988839061,0.0000321931693179,0.000027217065508,0.0000196884102479,0.0000197057124751,0.0000137888819154,0.0000306602523779,0.0000173327589437,0.0000175872428372],"mean":[0.00400933576748,0.0055781044066,0.00188246043399,0.000553287216462,0.000294309458695,0.000201621485758,0.000156790410983,0.00014483416453,0.000186487653991,0.00014361749345,0.000103726859379,0.00010323706374,0.000082304715761,0.0000803988659754,0.000092573936854,0.0000593244913034,0.0000657500277157,0.0000599557824899,0.0000663060054649,0.0000708510706318,0.000103538644908,0.0000864761605044,0.0000572743447265,0.0000493344123242,0.0000578967192268,0.0000475497654406,0.0000238056545641,0.0000150920959641,0.00000935805019253,0.00000841305882204,0.00000653434017295,0.00000386407418773,0.0000017695662109,9.54561755862e-7,7.71412032918e-7,7.1157955972e-7,5.50052618564e-7,4.89799845127e-7,4.28312489476e-7,3.58602562756e-7],"median":[0.00183911155909,0.00447111297399,0.00124708528165,0.000259869411821,0.000183659198228,0.000139707830385,0.000101039782749,0.0000712328765076,0.0000790368576418,0.000091132344096,0.0000537758896826,0.0000508414814249,0.0000441204610979,0.0000382902981073,0.0000493430052302,0.0000343685242115,0.0000346427004843,0.0000406462713727,0.0000450274419563,0.0000548767275177,0.0000851909571793,0.0000713846093277,0.0000468991711386,0.0000425054458901,0.0000518977612955,0.0000421492004534,0.0000219119719986,0.0000137315601023,0.00000840950815473,0.0000075444477261,0.00000583111796004,0.0000031662211768,0.00000137277129397,6.58567500977e-7,5.34339505975e-7,5.43726969227e-7,3.97140468067e-7,3.32155309479e-7,2.85318606075e-7,2.16678557763e-7],"min":[5.07377663754e-24,1.86686994001e-23,1.14529752894e-23,7.96474675134e-24,7.25111477748e-24,1.96637681515e-24,2.71100155625e-24,1.23661827614e-23,1.52218237395e-23,5.34639434461e-24,1.4158622255e-23,1.26680971848e-23,1.19800953017e-23,7.39233823446e-24,4.55798269567e-24,9.16085709888e-24,6.92324840805e-24,9.40767589891e-24,8.66458943657e-24,1.7413473394e-23,2.732285694e-23,9.06502075409e-24,1.59929904947e-23,1.32019761573e-23,1.55479325269e-23,9.6658274747e-24,9.14327733361e-24,1.09258450219e-23,1.12317266268e-23,9.25548806421e-24,5.51386872593e-24,1.38966084163e-23,1.612655569e-23,8.33452766724e-24,1.2015267454e-23,1.01178676504e-23,9.03459202239e-24,7.91062852666e-24,8.76873485328e-24,1.2269862056e-23],"var":[0.0000448770369985,0.0000226072279474,0.00000397555595555,7.18118258192e-7,1.29017237782e-7,5.01139041376e-8,3.92254371206e-8,6.92432138294e-8,1.48872445038e-7,3.19300852425e-8,3.02720231105e-8,4.06611029291e-8,1.67759459657e-8,1.65789604267e-8,1.94826430544e-8,7.0351435788e-9,1.30281350152e-8,5.67916824679e-9,6.07402972364e-9,3.79256359651e-9,7.16487180696e-9,4.58394344705e-9,1.85478998826e-9,1.09119868696e-9,1.31784749779e-9,8.60485960263e-10,1.74297437594e-10,7.72506988933e-11,3.42079177484e-11,2.80709986505e-11,1.61610100302e-11,7.83310135505e-12,2.61922319771e-12,1.23121911971e-12,8.42088714297e-13,5.65083244954e-13,4.25395450202e-13,6.14784210953e-13,4.02289529813e-13,3.41767114826e-13]},"melbands_crest":{"dmean":3.46708989143,"dmean2":5.74194383621,"dvar":11.2942047119,"dvar2":30.8714694977,"max":32.6673316956,"mean":17.5495853424,"median":17.471736908,"min":2.5673854351,"var":26.3651218414},"melbands_flatness_db":{"dmean":0.029492713511,"dmean2":0.0472675934434,"dvar":0.00104689947329,"dvar2":0.00258471118286,"max":0.382383406162,"mean":0.187130346894,"median":0.179255694151,"min":0.00768948765472,"var":0.00214050640352},"melbands_kurtosis":{"dmean":9.79658603668,"dmean2":16.456325531,"dvar":306.527801514,"dvar2":800.254272461,"max":230.444580078,"mean":12.528128624,"median":6.59359884262,"min":-1.82231152058,"var":320.959350586},"melbands_skewness":{"dmean":1.01921033859,"dmean2":1.64024853706,"dvar":1.63127374649,"dvar2":4.05490970612,"max":12.8549089432,"mean":3.03099656105,"median":2.65686130524,"min":-0.722587525845,"var":2.63895845413},"melbands_spread":{"dmean":9.8448638916,"dmean2":15.7346467972,"dvar":99.4605407715,"dvar2":237.969818115,"max":237.330734253,"mean":29.9632987976,"median":29.2347431183,"min":1.5431368351,"var":236.913452148},"mfcc":{"cov":[[2158.20874023,91.9657516479,-99.6407852173,-4.93083333969,-60.3287086487,-27.5784187317,3.44571185112,18.7165679932,21.1181468964,7.62288284302,36.0802764893,-5.8240647316,22.1367454529],[91.9657516479,229.917449951,-10.093079567,17.8130493164,-9.15073013306,8.22851753235,9.6240272522,1.27439749241,-2.2737057209,-11.1458082199,-4.1406121254,1.86590611935,-6.60280609131],[-99.6407852173,-10.093079567,217.824111938,18.2258682251,47.0160522461,2.71361017227,2.80600643158,15.7159147263,-4.87984514236,20.5977420807,-0.526715099812,3.16049551964,9.82452297211],[-4.93083333969,17.8130493164,18.2258682251,140.940765381,54.2135734558,23.4390735626,1.33185744286,6.05249214172,18.0602359772,2.07033419609,2.19920992851,6.30106210709,9.86025047302],[-60.3287086487,-9.15073013306,47.0160522461,54.2135734558,89.6959228516,32.6486473083,15.3035926819,2.70785021782,10.766125679,15.3954877853,1.56644141674,7.40644836426,3.2569231987],[-27.5784187317,8.22851753235,2.71361017227,23.4390735626,32.6486473083,67.939781189,35.860206604,10.9777097702,3.09331464767,-0.656139910221,-0.0566588528454,2.93800806999,4.13171815872],[3.44571185112,9.6240272522,2.80600643158,1.33185744286,15.3035926819,35.860206604,80.1507568359,35.6995773315,14.7493305206,-5.54174566269,13.3346347809,10.4445896149,9.11547660828],[18.7165679932,1.27439749241,15.7159147263,6.05249214172,2.70785021782,10.9777097702,35.6995773315,58.4366111755,22.6579093933,3.58122491837,4.79380941391,7.53288507462,9.37124729156],[21.1181468964,-2.2737057209,-4.87984514236,18.0602359772,10.766125679,3.09331464767,14.7493305206,22.6579093933,57.9897384644,27.4623432159,14.5707912445,6.74988985062,9.39449119568],[7.62288284302,-11.1458082199,20.5977420807,2.07033419609,15.3954877853,-0.656139910221,-5.54174566269,3.58122491837,27.4623432159,77.9842376709,25.7442321777,13.4594135284,-2.06623125076],[36.0802764893,-4.1406121254,-0.526715099812,2.19920992851,1.56644141674,-0.0566588528454,13.3346347809,4.79380941391,14.5707912445,25.7442321777,58.73204422,25.437953949,13.4262399673],[-5.8240647316,1.86590611935,3.16049551964,6.30106210709,7.40644836426,2.93800806999,10.4445896149,7.53288507462,6.74988985062,13.4594135284,25.437953949,48.3800048828,21.1486606598],[22.1367454529,-6.60280609131,9.82452297211,9.86025047302,3.2569231987,4.13171815872,9.11547660828,9.37124729156,9.39449119568,-2.06623125076,13.4262399673,21.1486606598,46.7553825378]],"icov":[[0.000503870949615,-0.000214504558244,0.000232678372413,-0.0000677265707054,0.000170647632331,0.000198649519007,0.00000629086707704,-0.000246906216489,0.0000813181904959,-0.000160194525961,-0.000362999620847,0.000466963188956,-0.000415042915847],[-0.000214504558244,0.0047073783353,-0.000224490635446,-0.00107796373777,0.00143446912989,-0.000651903508697,-0.000823066569865,0.000604702916462,-0.000174331624294,0.000518061104231,0.000615106720943,-0.0012387043098,0.00147937517613],[0.000232678372413,-0.000224490635446,0.00608255015686,0.000278292573057,-0.00393472518772,0.00189279101323,0.00035028156708,-0.00311048747972,0.00331470463425,-0.00227704527788,0.000187456273125,0.00160456285812,-0.00236294651404],[-0.0000677265707054,-0.00107796373777,0.000278292573057,0.0105126323178,-0.00656124623492,-0.00188249885105,0.00372509215958,-0.00142055668402,-0.00307595473714,0.00250908196904,-0.0010384201305,-0.0000278312909359,-0.00117406260688],[0.000170647632331,0.00143446912989,-0.00393472518772,-0.00656124623492,0.021213741973,-0.00697642192245,-0.00299186538905,0.00469584017992,-0.00225663511083,-0.00273643457331,0.00250635971315,-0.00298079522327,0.00207420880906],[0.000198649519007,-0.000651903508697,0.00189279101323,-0.00188249885105,-0.00697642192245,0.0244271084666,-0.011151063256,0.000763772753999,0.00382687966339,-0.00232010474429,0.00235774018802,0.00189687858801,-0.00224503967911],[0.00000629086707704,-0.000823066569865,0.00035028156708,0.00372509215958,-0.00299186538905,-0.011151063256,0.0258064121008,-0.0127419093624,-0.00280842371285,0.00600305618718,-0.0066042128019,-0.00116705719847,0.000991982524283],[-0.000246906216489,0.000604702916462,-0.00311048747972,-0.00142055668402,0.00469584017992,0.000763772753999,-0.0127419093624,0.0294345524162,-0.00964212417603,0.000273316574749,0.00428719678894,-0.0029926316347,-0.000582568813115],[0.0000813181904959,-0.000174331624294,0.00331470463425,-0.00307595473714,-0.00225663511083,0.00382687966339,-0.00280842371285,-0.00964212417603,0.0290394797921,-0.0107631962746,-0.00165507057682,0.00477213785052,-0.00580560555682],[-0.000160194525961,0.000518061104231,-0.00227704527788,0.00250908196904,-0.00273643457331,-0.00232010474429,0.00600305618718,0.000273316574749,-0.0107631962746,0.0216477420181,-0.00774465780705,-0.00431376276538,0.00656330492347],[-0.000362999620847,0.000615106720943,0.000187456273125,-0.0010384201305,0.00250635971315,0.00235774018802,-0.0066042128019,0.00428719678894,-0.00165507057682,-0.00774465780705,0.0274106319994,-0.0106028057635,-0.00260133040138],[0.000466963188956,-0.0012387043098,0.00160456285812,-0.0000278312909359,-0.00298079522327,0.00189687858801,-0.00116705719847,-0.0029926316347,0.00477213785052,-0.00431376276538,-0.0106028057635,0.0335934050381,-0.0131599083543],[-0.000415042915847,0.00147937517613,-0.00236294651404,-0.00117406260688,0.00207420880906,-0.00224503967911,0.000991982524283,-0.000582568813115,-0.00580560555682,0.00656330492347,-0.00260133040138,-0.0131599083543,0.0306708421558]],"mean":[-590.762512207,115.690330505,-26.3290996552,47.4503974915,14.3563661575,6.42453050613,10.1765537262,8.84694385529,8.85920619965,2.64307332039,2.55710434914,2.54837036133,-0.917369544506]},"pitch_salience":{"dmean":0.0936808884144,"dmean2":0.160009428859,"dvar":0.00857021100819,"dvar2":0.0245162397623,"max":0.885213911533,"mean":0.498479515314,"median":0.498028099537,"min":0.100602135062,"var":0.0135012120008},"silence_rate_20dB":{"dmean":0,"dmean2":0,"dvar":0,"dvar2":0,"max":1,"mean":1,"median":1,"min":1,"var":0},"silence_rate_30dB":{"dmean":0.0578549988568,"dmean2":0.115720525384,"dvar":0.054510474205,"dvar2":0.153823703527,"max":1,"mean":0.96770966053,"median":1,"min":0,"var":0.0312458276749},"silence_rate_60dB":{"dmean":0.000181933952263,"dmean2":0.000363901024684,"dvar":0.000181900861207,"dvar2":0.000363755883882,"max":1,"mean":0.00500272866338,"median":0,"min":0,"var":0.00497747259215},"spectral_centroid":{"dmean":265.977996826,"dmean2":438.378875732,"dvar":68266.2734375,"dvar2":175368.203125,"max":11002.4121094,"mean":2032.46350098,"median":2100.19262695,"min":312.414550781,"var":200546.015625},"spectral_complexity":{"dmean":4.17028999329,"dmean2":6.59825325012,"dvar":12.3135986328,"dvar2":28.3664283752,"max":60,"mean":37.7957992554,"median":40,"min":0,"var":87.7725601196},"spectral_contrast_coeffs":{"dmean":[0.0508768931031,0.0458012446761,0.035433974117,0.0288469530642,0.0205993857235,0.0178568419069],"dmean2":[0.0852784514427,0.0764911994338,0.0589165240526,0.0482151918113,0.0346461385489,0.0288912151009],"dvar":[0.001738329418,0.00130158383399,0.000757452158723,0.0005100031849,0.000256975152297,0.000229224970099],"dvar2":[0.00479862513021,0.00357028166763,0.0020736544393,0.00138926086947,0.000716722977813,0.000578609062359],"max":[-0.331152200699,-0.48456081748,-0.568932652473,-0.608414769173,-0.628773212433,-0.607206523418],"mean":[-0.642847299576,-0.76477855444,-0.794914424419,-0.787961423397,-0.776558101177,-0.717260479927],"median":[-0.648769676685,-0.767965435982,-0.799266934395,-0.794111847878,-0.778604745865,-0.717241287231],"min":[-0.984235107899,-0.978935539722,-0.982091724873,-0.965084195137,-0.964255571365,-0.958310842514],"var":[0.00455825636163,0.0030126569327,0.00213065813296,0.00182858388871,0.000778961169999,0.000896398443729]},"spectral_contrast_valleys":{"dmean":[0.461948007345,0.373364627361,0.301889538765,0.234868407249,0.17244105041,0.254162043333],"dmean2":[0.748324036598,0.625315129757,0.501745998859,0.385960429907,0.276215940714,0.391232013702],"dvar":[0.164671450853,0.112171925604,0.074858173728,0.0479355566204,0.0345630459487,0.0846108943224],"dvar2":[0.398091822863,0.286341160536,0.181376367807,0.104680009186,0.0642557740211,0.189839288592],"max":[-4.8908457756,-4.52161312103,-5.10562944412,-5.56891107559,-5.49569272995,-8.30120944977],"mean":[-6.7194776535,-6.53451299667,-6.83742761612,-6.86634683609,-6.45672702789,-9.96661186218],"median":[-6.6602807045,-6.50510120392,-6.81726646423,-6.78647232056,-6.33335208893,-9.8961353302],"min":[-27.5765037537,-27.1965103149,-27.0022735596,-27.1640968323,-27.1405277252,-27.2753009796],"var":[0.710727512836,0.59163838625,0.538442075253,0.504865407944,0.5182107687,0.462226212025]},"spectral_decrease":{"dmean":5.31377875035e-9,"dmean2":8.95301788262e-9,"dvar":6.18431592633e-17,"dvar2":1.5589002149e-16,"max":1.40062414131e-15,"mean":-1.12349693993e-8,"median":-8.90422580113e-9,"min":-5.1668713752e-8,"var":5.79491370466e-17},"spectral_energy":{"dmean":0.0203801225871,"dmean2":0.0342885963619,"dvar":0.000889954390004,"dvar2":0.00224134721793,"max":0.197595000267,"mean":0.0451964959502,"median":0.0365111455321,"min":1.09253700267e-20,"var":0.000848026305903},"spectral_energyband_high":{"dmean":0.000282548106043,"dmean2":0.000457836984424,"dvar":1.2943336003e-7,"dvar2":3.2821685636e-7,"max":0.00634159427136,"mean":0.000879871950019,"median":0.000812146463431,"min":7.73025162473e-21,"var":2.38736703295e-7},"spectral_energyband_low":{"dmean":0.0182079989463,"dmean2":0.0307904817164,"dvar":0.000883804052137,"dvar2":0.00225640879944,"max":0.189827471972,"mean":0.0276075210422,"median":0.018666036427,"min":9.00318431431e-23,"var":0.000779152964242},"spectral_energyband_middle_high":{"dmean":0.00238765822724,"dmean2":0.00375088513829,"dvar":0.00000695139306117,"dvar2":0.0000170677467395,"max":0.0446320734918,"mean":0.00958467274904,"median":0.00893323775381,"min":1.82588225461e-21,"var":0.0000240041990764},"spectral_energyband_middle_low":{"dmean":0.00521604157984,"dmean2":0.00929704122245,"dvar":0.0000568508985452,"dvar2":0.000157621325343,"max":0.0679508000612,"mean":0.00944111123681,"median":0.00710971932858,"min":2.71033750103e-22,"var":0.0000593706354266},"spectral_entropy":{"dmean":0.0730736032128,"dmean2":0.114174164832,"dvar":0.00521667068824,"dvar2":0.0111765926704,"max":9.79755783081,"mean":7.7915019989,"median":7.82806301117,"min":6.65706777573,"var":0.0316467471421},"spectral_flux":{"dmean":0.0400874204934,"dmean2":0.0634731501341,"dvar":0.00234971288592,"dvar2":0.00457342434675,"max":0.364021271467,"mean":0.11696755141,"median":0.0955058783293,"min":1.04524493227e-10,"var":0.004217766691},"spectral_kurtosis":{"dmean":1.18935120106,"dmean2":2.04940605164,"dvar":1.08494925499,"dvar2":3.31197619438,"max":15.4329299927,"mean":4.98748111725,"median":4.90915822983,"min":-1.18354868889,"var":1.92811059952},"spectral_rms":{"dmean":0.00129706435837,"dmean2":0.00212721596472,"dvar":0.00000271502676696,"dvar2":0.00000660673094899,"max":0.0138843655586,"mean":0.00638209283352,"median":0.00596830202267,"min":3.26479663616e-12,"var":0.00000336312245963},"spectral_rolloff":{"dmean":638.973388672,"dmean2":1076.58911133,"dvar":579215.6875,"dvar2":1330527.5,"max":21813.1347656,"mean":1838.96411133,"median":2088.72070312,"min":86.1328125,"var":1700602.5},"spectral_skewness":{"dmean":0.147401034832,"dmean2":0.24699215591,"dvar":0.0154289221391,"dvar2":0.0435927845538,"max":2.7036254406,"mean":1.29122698307,"median":1.2795689106,"min":0.00722147803754,"var":0.064251512289},"spectral_spread":{"dmean":339641.9375,"dmean2":533920.0625,"dvar":188425568256,"dvar2":379577958400,"max":41228308,"mean":3509975.5,"median":3390233.5,"min":2171050.5,"var":1751152066560},"spectral_strongpeak":{"dmean":0.242144152522,"dmean2":0.426152706146,"dvar":0.303339064121,"dvar2":0.795646190643,"max":11.2104711533,"mean":0.529128849506,"median":0.430390298367,"min":2.90797896874e-9,"var":0.312795907259},"zerocrossingrate":{"dmean":0.00900977291167,"dmean2":0.0117042688653,"dvar":0.000107263796963,"dvar2":0.000147032624227,"max":0.88525390625,"mean":0.0600480660796,"median":0.05908203125,"min":0.0048828125,"var":0.00135802733712}},"metadata":{"audio_properties":{"analysis_sample_rate":44100,"bit_rate":0,"codec":"flac","downmix":"mix","equal_loudness":0,"length":255.240005493,"lossless":true,"md5_encoded":"eb4285bf497df5c6e930a32df5c1d1c3","replay_gain":-13.2951946259},"tags":{"album":["Leviathan"],"albumartist":["Mastodon"],"albumartistsort":["Mastodon"],"artist":["Mastodon"],"artistsort":["Mastodon"],"asin":["B0002N66FS"],"barcode":["781676662227"],"catalognumber":["RR6622-2"],"date":["2004-08-31"],"discnumber":["1"],"disctotal":["1"],"file_name":"03 Seabeast.flac","genre":["Metal"],"label":["Relapse Records"],"language":["eng"],"media":["CD"],"musicbrainz_albumartistid":["bc5e2ad6-0a4a-4d90-b911-e9a7e6861727"],"musicbrainz_albumid":["9a5820c8-dbc6-34eb-97dd-401d3c421dd0"],"musicbrainz_artistid":["bc5e2ad6-0a4a-4d90-b911-e9a7e6861727"],"musicbrainz_recordingid":["a116fc1e-7115-44d7-82de-5a182c57b222"],"originaldate":["2004-08-31"],"releasecountry":["US"],"releasestatus":["official"],"releasetype":["album"],"replaygain_album_gain":["-9.39 dB"],"replaygain_album_peak":["1.00000000"],"replaygain_reference_loudness":["89.0 dB"],"replaygain_track_gain":["-8.63 dB"],"replaygain_track_peak":["0.99124146"],"script":["Latn"],"title":["Seabeast"],"totaldiscs":["1"],"totaltracks":["10"],"tracknumber":["3"],"tracktotal":["10"]},"version":{"essentia":"2.1-beta1","essentia_build_sha":"eef087cf131c10083d474ad51def18efd0e38295","essentia_git_sha":"v2.1_beta1-7-ge0e83e8-dirty","extractor":"music 1.0"}},"rhythm":{"beats_count":556,"beats_loudness":{"dmean":0.0274761766195,"dmean2":0.0486140139401,"dvar":0.0005143378512,"dvar2":0.00151866022497,"max":0.165825501084,"mean":0.0551123917103,"median":0.0493119433522,"min":1.45738582091e-7,"var":0.000672065420076},"beats_loudness_band_ratio":{"dmean":[0.24971395731,0.0542762503028,0.0616774559021,0.0578885190189,0.0912463590503,0.0419285185635],"dmean2":[0.458961516619,0.0960055738688,0.112454168499,0.104133732617,0.16350774467,0.0765785574913],"dvar":[0.0400138087571,0.00264983298257,0.00467344000936,0.003968250472