{"lowlevel":{"average_loudness":0.536236286163,"barkbands":{"dmean":[0.0000468006583105,0.00159205507953,0.000671581015922,0.00081615318777,0.0011124368757,0.000598120212089,0.000306034111418,0.000393006048398,0.000534992781468,0.000613818410784,0.000358348188456,0.000314117816743,0.000488615536597,0.000976810581051,0.000352851900971,0.000256570026977,0.000175169334398,0.000148544248077,0.000112976886157,0.000116005736345,0.0000984986982075,0.0000681638121023,0.0000895847260836,0.00009647954721,0.000104942606413,0.0000646615444566,0.000016529325876],"dmean2":[0.0000719373347238,0.00269838562235,0.00112288072705,0.00141134788282,0.00177519966383,0.00093580171233,0.00044597897795,0.000567317998502,0.00080157618504,0.000888157053851,0.000560712069273,0.000495981308632,0.000764738651924,0.00145419128239,0.000564037880395,0.000414324284066,0.000277177139651,0.000232411213801,0.000179182898137,0.000173713822733,0.000145690792124,0.0000993063295027,0.000126933126012,0.000136565387947,0.0001452313154,0.000101248566352,0.0000256985440501],"dvar":[1.95473024434e-8,0.0000325657128997,0.00000395278129872,0.0000154301105795,0.00000792539412942,0.00000153808480263,5.14591476986e-7,7.92742525846e-7,0.00000317291392093,0.00000238194093072,9.40901145441e-7,6.9000560643e-7,0.00000173863963937,0.00000808908953331,8.25426468509e-7,6.61819456127e-7,1.59705152214e-7,1.22220257026e-7,7.73796386966e-8,7.40040562164e-8,6.87014463097e-8,3.76642077526e-8,9.32164923029e-8,1.05434587283e-7,1.11617737275e-7,5.77115066847e-8,3.21777227086e-9],"dvar2":[4.33395790367e-8,0.00008617444837,0.0000105574836198,0.0000422354751208,0.0000201519706025,0.00000401461466026,0.00000116165836062,0.00000164820460213,0.00000669515384288,0.00000493269408253,0.00000231526018979,0.00000170159660229,0.00000411094697483,0.0000167359885381,0.00000195232291844,0.00000166897029885,3.68760197489e-7,2.79502472722e-7,1.93841401597e-7,1.48817989043e-7,1.41083404515e-7,7.99559316533e-8,1.89846403487e-7,2.16730228431e-7,2.14101703477e-7,1.46531263567e-7,7.70569474895e-9],"max":[0.00183961016592,0.107769906521,0.0787052959204,0.0634848773479,0.0520068779588,0.0262152906507,0.0201050154865,0.0236530825496,0.0593647621572,0.0491889975965,0.0344389565289,0.0286394450814,0.0387312993407,0.113953530788,0.029938172549,0.0401627607644,0.01651574485,0.00873918551952,0.00799150485545,0.00854190904647,0.00915577728301,0.00379712693393,0.00536695169285,0.00554613443092,0.0065251076594,0.00778690120205,0.00107119104359],"mean":[0.0000534918508492,0.00204226281494,0.00143959082197,0.00098629668355,0.00230677030049,0.00123122648802,0.000664783699904,0.000888792332262,0.00094338360941,0.00133914127946,0.000589187024161,0.000588948256336,0.000841224566102,0.00178481708281,0.000615029071923,0.000408943131333,0.000341319740983,0.000288383133011,0.000229710989515,0.000259608990746,0.000204991854844,0.000122023484437,0.000140394331538,0.000133302164613,0.000157955815666,0.0000663740283926,0.0000166415866261],"median":[0.00000112179179723,0.000420217344072,0.000335212156642,0.000160493451403,0.00123247655574,0.000521792739164,0.000249793607509,0.000280983163975,0.000150363324792,0.000298091676086,0.000158622307936,0.000127657069243,0.000225027950364,0.000250357930781,0.000173570675543,0.000128572239191,0.000131578097353,0.0000897775680642,0.0000809999692137,0.0000772338535171,0.0000589582632529,0.0000378977201763,0.0000266578608716,0.0000210074686038,0.0000199256755877,0.00000336572520609,5.80774099035e-7],"min":[2.46543740284e-11,2.6897464811e-10,6.65109243722e-12,1.84775441475e-11,6.87587903281e-11,4.5920357794e-11,2.43312522907e-11,3.44848732903e-11,3.16345144524e-11,2.04698931416e-11,3.38114293508e-11,2.04272345566e-11,4.19052943387e-12,1.79052848936e-11,4.97656117704e-11,1.67606033219e-11,4.07317513051e-11,3.96339315534e-11,5.44845002448e-11,7.26577548127e-11,1.66314892414e-10,1.54279006237e-10,1.56734750179e-10,2.605360927e-10,2.72850964045e-10,7.73201058735e-10,5.27673682527e-10],"var":[2.35067592058e-8,0.0000279923242488,0.00000721044170859,0.0000116162345876,0.000012077408428,0.00000389331398765,0.00000137564222769,0.00000347631203113,0.00000775513490225,0.0000108009362521,0.00000203504191632,0.00000218011700781,0.00000448633545602,0.0000238039156102,0.00000239702308136,0.00000131008539483,4.14472850707e-7,3.00598941294e-7,1.92288922563e-7,2.32603682093e-7,1.81530680265e-7,6.72868125662e-8,1.67037384813e-7,1.55598172569e-7,2.14547085875e-7,5.30597290549e-8,3.46932593764e-9]},"barkbands_crest":{"dmean":2.34406614304,"dmean2":3.7427175045,"dvar":5.97651863098,"dvar2":15.0143089294,"max":26.5057964325,"mean":9.64384937286,"median":8.3214302063,"min":2.27065753937,"var":22.7877063751},"barkbands_flatness_db":{"dmean":0.0172723010182,"dmean2":0.0256675481796,"dvar":0.000314644363243,"dvar2":0.00071320135612,"max":0.364331156015,"mean":0.1191816926,"median":0.11248755455,"min":0.0185181461275,"var":0.00227379193529},"barkbands_kurtosis":{"dmean":2.0293970108,"dmean2":3.12818479538,"dvar":31.7677841187,"dvar2":69.9487304688,"max":293.628234863,"mean":2.99624443054,"median":0.585774898529,"min":-1.8186519146,"var":129.261322021},"barkbands_skewness":{"dmean":0.440267682076,"dmean2":0.668026089668,"dvar":0.269259989262,"dvar2":0.623253703117,"max":14.9870901108,"mean":1.08698189259,"median":0.935335814953,"min":-3.73656821251,"var":1.75452661514},"barkbands_spread":{"dmean":5.36074018478,"dmean2":8.11583328247,"dvar":47.3933410645,"dvar2":110.410591125,"max":125.975006104,"mean":24.1989574432,"median":21.5319824219,"min":0.556465566158,"var":202.786331177},"dissonance":{"dmean":0.0174348391593,"dmean2":0.0294303651899,"dvar":0.000300666870316,"dvar2":0.000828792806715,"max":0.500000059605,"mean":0.462045788765,"median":0.468878209591,"min":0.253833025694,"var":0.000840570311993},"dynamic_complexity":7.73153400421,"erbbands":{"dmean":[0.0469541922212,0.362532705069,0.742238044739,1.65555560589,3.25022435188,4.02852392197,4.9811706543,5.12159919739,4.45032405853,6.425344944,7.67557859421,13.4318180084,20.3507995605,11.7607765198,15.2122039795,14.5126628876,21.5139427185,51.2680244446,21.6884784698,15.2073965073,10.6192531586,7.72274684906,8.10506343842,7.74287128448,3.89567542076,5.2612118721,4.74522352219,3.22741222382,2.46809959412,2.51611256599,2.52549433708,1.90602898598,1.68452644348,1.17209327221,0.815934538841,0.304553091526,0.120379798114,0.0228298660368,0.00303005799651,0.000136101618409],"dmean2":[0.077078320086,0.630342245102,1.2531015873,2.8179359436,5.47259998322,6.46402835846,7.67431497574,8.0616607666,6.50706148148,9.356590271,11.123290062,19.8793506622,28.902130127,17.7234077454,23.7517986298,22.6948070526,33.5890426636,76.5219345093,33.249797821,24.2021617889,16.6981582642,11.9754161835,12.6137113571,12.4058294296,6.01325178146,7.88644981384,6.95573711395,4.73575973511,3.60224556923,3.62112927437,3.61247229576,2.71941947937,2.40202474594,1.64885210991,1.15367019176,0.451841264963,0.195944353938,0.0363500714302,0.00473389122635,0.000209559948416],"dvar":[0.0267183147371,1.74018442631,4.79100847244,43.5276260376,203.872619629,85.0206604004,100.412208557,129.217468262,120.29800415,191.84664917,404.772338867,1879.86169434,3208.84936523,1084.1307373,1143.76647949,1437.43615723,3333.06445312,20735.7109375,2789.19018555,1622.76000977,861.380493164,330.334899902,343.514556885,501.724456787,67.1770172119,135.291732788,162.288238525,71.4289855957,48.3442382812,65.1891174316,76.1918563843,45.4207115173,30.7353382111,12.7084026337,9.0117149353,1.07908654213,0.230145186186,0.00692218821496,0.000130458487547,2.25721109359e-7],"dvar2":[0.0681256130338,4.73182725906,13.2111635208,118.461547852,537.108215332,228.065200806,250.311737061,339.966094971,261.627990723,419.126556396,839.258728027,3917.77441406,6502.77246094,2510.94433594,2764.86523438,3507.55004883,7985.22753906,43420.3203125,5972.68212891,3850.26342773,2102.19287109,747.505249023,761.538269043,1312.65551758,157.740020752,280.309173584,300.972808838,152.560119629,103.759552002,132.711395264,158.950622559,93.3735275269,64.0349731445,24.9758834839,18.4723453522,2.51883769035,0.614316403866,0.0178702455014,0.000312418851536,5.27438828613e-7],"max":[2.76398205757,25.5294342041,62.8896408081,143.966598511,231.996109009,196.746398926,238.853820801,276.053985596,329.629119873,332.202301025,656.207519531,1227.84069824,1933.45983887,921.840637207,985.789794922,1146.59924316,1847.34033203,5868.3203125,1876.94799805,995.948059082,1569.07055664,1047.29455566,579.920410156,640.950073242,186.614608765,343.945037842,519.771240234,174.127258301,161.843170166,146.955703735,150.344177246,124.289619446,97.7467803955,65.8168716431,68.5820541382,26.2511882782,16.6257724762,2.66942763329,0.244284391403,0.00920083280653],"mean":[0.0545830577612,0.47846493125,1.53750145435,2.55900120735,4.79470252991,8.28605461121,10.3080339432,10.1506576538,9.70795822144,14.6966791153,17.3881759644,25.1952972412,45.7872161865,23.919927597,26.7177085876,29.3700561523,40.5863189697,97.797958374,42.3097648621,28.0687942505,20.3186988831,16.4311065674,16.7372741699,15.8886566162,8.71982765198,12.0912075043,10.7001123428,6.69329452515,4.5152926445,4.32545804977,3.80458211899,2.69565320015,2.27534627914,1.72932219505,1.18285930157,0.34715500474,0.116355530918,0.0227098595351,0.0030274966266,0.000155423738761],"median":[0.00647812336683,0.117380447686,0.378361344337,0.718404889107,1.54607224464,3.89397907257,4.91688966751,4.18582248688,3.86251449585,5.95109653473,4.93017435074,5.0176410675,9.76807880402,5.53301000595,8.32920455933,7.52475881577,13.4624929428,17.3751964569,12.7108411789,9.83004760742,8.00454139709,6.96494722366,5.76472425461,5.1366815567,3.3490524292,3.61997818947,2.92887973785,2.03048753738,1.35246610641,1.04556274414,0.729046046734,0.466394931078,0.325056493282,0.254703700542,0.0990341156721,0.0228762850165,0.00486035831273,0.000856486090925,0.000114126429253,0.0000256537168752],"min":[1.09039666185e-8,5.78704799636e-8,1.03743118984e-7,1.61487818673e-7,1.70905423147e-7,2.21414182988e-7,3.38341692441e-7,3.16786326948e-7,4.5429916895e-7,7.7303729995e-7,8.80469599451e-7,7.35939011065e-7,5.34530443019e-7,9.02154113192e-7,0.00000130185401304,7.15029329967e-7,2.68617299071e-7,8.90228363915e-7,0.00000269449219559,0.00000119078379157,0.00000112304758204,0.00000186105910416,0.00000202345790967,0.00000230975115301,0.00000356233863386,0.00000348920161741,0.00000606785397395,0.00000619104912403,0.00000576181537326,0.00000382155531042,0.00000503196679347,0.00000412263989347,0.00000512625365445,0.00000235562902162,0.00000274264061773,0.00000323044355355,0.00000140038332574,3.3264413446e-7,7.44316395185e-8,7.74135688886e-9],"var":[0.0244131051004,1.42772698402,7.38808345795,38.7417068481,171.699127197,156.735580444,230.466842651,326.852294922,307.228820801,642.400085449,1911.4354248,4807.44091797,15422.6845703,3320.0637207,2743.58105469,4933.39550781,8942.9296875,63138.3828125,8182.12451172,3697.02539062,1996.94250488,853.043823242,945.971496582,1163.11328125,198.352157593,461.874328613,567.395568848,168.655029297,89.490814209,127.97706604,121.482574463,65.8097305298,44.9008026123,21.3542404175,17.2899303436,1.22280085087,0.184168681502,0.00626913225278,0.000136826070957,2.55119886106e-7]},"erbbands_crest":{"dmean":2.67580938339,"dmean2":4.22423696518,"dvar":7.11306190491,"dvar2":16.7958698273,"max":32.4391441345,"mean":10.1835889816,"median":8.62676143646,"min":2.22451281548,"var":29.6987781525},"erbbands_flatness_db":{"dmean":0.0167317651212,"dmean2":0.0236273854971,"dvar":0.000280644773738,"dvar2":0.000547472503968,"max":0.358649164438,"mean":0.159745678306,"median":0.155670300126,"min":0.032155200839,"var":0.00232660328038},"erbbands_kurtosis":{"dmean":0.97384673357,"dmean2":1.46827435493,"dvar":3.47262978554,"dvar2":7.03902196884,"max":75.6957244873,"mean":1.02318739891,"median":-0.00422859191895,"min":-1.70538079739,"var":14.0118932724},"erbbands_skewness":{"dmean":0.305754065514,"dmean2":0.466825187206,"dvar":0.0897751972079,"dvar2":0.206522062421,"max":7.15222167969,"mean":0.297857910395,"median":0.233788788319,"min":-2.88698554039,"var":0.533993244171},"erbbands_spread":{"dmean":6.60709476471,"dmean2":9.95979690552,"dvar":58.3685340881,"dvar2":128.652267456,"max":137.928710938,"mean":33.5522651672,"median":31.1989040375,"min":1.25898492336,"var":280.596496582},"gfcc":{"cov":[[28470.3964844,2567.83129883,-668.339477539,86.8528442383,-918.721862793,-48.4223709106,-1077.33776855,516.819213867,-18.7384471893,861.150390625,-88.2853546143,-923.320861816,-645.29675293],[2567.83129883,2152.26269531,-221.2706604,110.401252747,-89.2968978882,-231.198974609,-159.42338562,-150.984542847,77.1672744751,47.6243438721,68.7032852173,-282.848052979,-94.7203598022],[-668.339477539,-221.2706604,835.35748291,40.2961082458,66.1868362427,68.2406616211,21.276184082,18.0059185028,-19.6243438721,-9.8455324173,-46.9193305969,48.8163642883,-44.811164856],[86.8528442383,110.401252747,40.2961082458,283.601165771,68.0549926758,54.3472671509,33.419128418,23.531621933,41.7143287659,-32.5910224915,19.5362453461,15.5977897644,13.8386707306],[-918.721862793,-89.2968978882,66.1868362427,68.0549926758,361.345001221,152.305389404,104.571403503,45.2144088745,64.9254379272,-10.4083480835,1.66809284687,72.5800857544,-9.54402351379],[-48.4223709106,-231.198974609,68.2406616211,54.3472671509,152.305389404,269.15335083,90.3624343872,65.3755722046,35.1374702454,4.19930171967,-1.95607376099,46.6327972412,-8.4289855957],[-1077.33776855,-159.42338562,21.276184082,33.419128418,104.571403503,90.3624343872,219.326812744,65.5102157593,20.932516098,-46.2538757324,14.2522678375,76.7491912842,30.6816177368],[516.819213867,-150.984542847,18.0059185028,23.531621933,45.2144088745,65.3755722046,65.5102157593,180.202682495,55.0481147766,24.8319091797,-4.45551013947,28.9770870209,-2.81668639183],[-18.7384471893,77.1672744751,-19.6243438721,41.7143287659,64.9254379272,35.1374702454,20.932516098,55.0481147766,125.215698242,30.0435009003,15.4201011658,12.6670761108,-5.44361305237],[861.150390625,47.6243438721,-9.8455324173,-32.5910224915,-10.4083480835,4.19930171967,-46.2538757324,24.8319091797,30.0435009003,121.409072876,21.5662250519,-31.1367435455,-24.2790145874],[-88.2853546143,68.7032852173,-46.9193305969,19.5362453461,1.66809284687,-1.95607376099,14.2522678375,-4.45551013947,15.4201011658,21.5662250519,83.8111114502,28.4136619568,10.9279241562],[-923.320861816,-282.848052979,48.8163642883,15.5977897644,72.5800857544,46.6327972412,76.7491912842,28.9770870209,12.6670761108,-31.1367435455,28.4136619568,137.143737793,49.3286628723],[-645.29675293,-94.7203598022,-44.811164856,13.8386707306,-9.54402351379,-8.4289855957,30.6816177368,-2.81668639183,-5.44361305237,-24.2790145874,10.9279241562,49.3286628723,91.4163665771]],"icov":[[0.000107634863525,-0.000142211574712,0.000109006738057,-0.000165235906024,0.000254075450357,-0.000246671057539,0.000393889524275,-0.000554768077563,0.000421158358222,-0.000540479028132,0.000266052084044,-0.00012569433602,0.0004629221512],[-0.000142211574712,0.00112113286741,-0.00013844978821,-0.0000897720747162,-0.000635837262962,0.000974802242126,-0.00061916426057,0.00124041677918,-0.00141927890945,0.00112945598084,-0.00170482031535,0.00243140757084,-0.000519701396115],[0.000109006738057,-0.00013844978821,0.00154546764679,-0.000556741317268,0.000298329483485,-0.000358561926987,0.000377613847377,-0.000435306807049,0.000872552860528,-0.000969424378127,0.00146676343866,-0.00141232740134,0.00170704862103],[-0.000165235906024,-0.0000897720747162,-0.000556741317268,0.00476825004444,-0.000838971696794,-0.000506626092829,-0.000137093578815,0.000175630979356,-0.00176520028617,0.00294781033881,-0.00199129851535,0.000955676310696,-0.00193686410785],[0.000254075450357,-0.000635837262962,0.000298329483485,-0.000838971696794,0.00522256549448,-0.00244024116546,-0.000186171309906,-0.000582124048378,-0.000408293388318,-0.00171959341969,0.0022076992318,-0.00310000125319,0.00270055257715],[-0.000246671057539,0.000974802242126,-0.000358561926987,-0.000506626092829,-0.00244024116546,0.00661227758974,-0.00230695772916,0.000788649835158,-0.00120227923617,0.000410134496633,-0.000747341196984,0.001116298954,-0.000152456792421],[0.000393889524275,-0.00061916426057,0.000377613847377,-0.000137093578815,-0.000186171309906,-0.00230695772916,0.00916633941233,-0.00451992126182,0.00175812770613,0.00121027277783,-0.000720677606296,-0.00193750241306,0.000454622437246],[-0.000554768077563,0.00124041677918,-0.000435306807049,0.000175630979356,-0.000582124048378,0.000788649835158,-0.00451992126182,0.0112574053928,-0.00529867270961,0.000325731089106,0.000549655058421,0.0000774445798015,-0.00133146764711],[0.000421158358222,-0.00141927890945,0.000872552860528,-0.00176520028617,-0.000408293388318,-0.00120227923617,0.00175812770613,-0.00529867270961,0.013653527014,-0.0050090723671,0.00138580380008,-0.00290964683518,0.00217753346078],[-0.000540479028132,0.00112945598084,-0.000969424378127,0.00294781033881,-0.00171959341969,0.000410134496633,0.00121027277783,0.000325731089106,-0.0050090723671,0.0160690322518,-0.00755846221,0.00511878821999,-0.00199334137142],[0.000266052084044,-0.00170482031535,0.00146676343866,-0.00199129851535,0.0022076992318,-0.000747341196984,-0.000720677606296,0.000549655058421,0.00138580380008,-0.00755846221,0.0195510927588,-0.00939013343304,0.00235732481815],[-0.00012569433602,0.00243140757084,-0.00141232740134,0.000955676310696,-0.00310000125319,0.001116298954,-0.00193750241306,0.0000774445798015,-0.00290964683518,0.00511878821999,-0.00939013343304,0.0202100910246,-0.00736974179745],[0.0004629221512,-0.000519701396115,0.00170704862103,-0.00193686410785,0.00270055257715,-0.000152456792421,0.000454622437246,-0.00133146764711,0.00217753346078,-0.00199334137142,0.00235732481815,-0.00736974179745,0.0181676503271]],"mean":[-55.9950027466,72.7440185547,-122.157104492,20.552362442,-53.7423477173,13.4001789093,-38.0106887817,-0.0761933028698,-26.680021286,1.80385410786,-15.4694290161,-2.11492943764,-7.17989110947]},"hfc":{"dmean":7.17426252365,"dmean2":9.8064661026,"dvar":230.568222046,"dvar2":427.01348877,"max":329.729095459,"mean":21.3787479401,"median":11.4677867889,"min":0.000031694144127,"var":794.137878418},"melbands":{"dmean":[0.000431859021774,0.000407687475672,0.000350668822648,0.000235022394918,0.000182305026101,0.000113301866804,0.0000659379220451,0.0000736548026907,0.0000629717396805,0.000088811153546,0.000101852914668,0.0000486623430334,0.0000484043084725,0.0000387461332139,0.0000409060776292,0.0000497274377267,0.000112836271001,0.0000378320473828,0.0000238458887907,0.0000241810575972,0.0000114508611659,0.00000969406028162,0.00000805337094789,0.00000732962143957,0.00000705145839675,0.00000295111522064,0.00000306353581436,0.00000403079275202,0.00000364982111023,0.00000263179845206,0.00000179893731911,0.00000150178470903,0.000001292655611,0.00000162565470418,0.00000157375666276,0.00000129009595184,0.00000114874944757,0.00000121470395698,0.00000115657530841,9.4119059213e-7],"dmean2":[0.000720513460692,0.000692068482749,0.000594411802012,0.000381883175578,0.000281898130197,0.000177282869117,0.0000961010009632,0.000106814957689,0.0000920355159906,0.00013130455045,0.000145210084156,0.0000737597656553,0.0000756828449084,0.0000604131237196,0.0000640070793452,0.0000778743924457,0.000168318641954,0.0000574946388952,0.0000377933865821,0.0000391221692553,0.0000179918006324,0.0000150538880916,0.0000127626735775,0.0000116155069918,0.0000114117801786,0.00000467708287033,0.0000047301318773,0.00000614168948232,0.00000545225793758,0.0000040020850065,0.00000270631403509,0.00000225735334425,0.00000192752713701,0.00000235094671552,0.00000229115380534,0.00000187620912584,0.00000166404856827,0.00000177546507985,0.00000169121597082,0.00000135280254199],"dvar":[0.00000237539643422,0.00000161006357757,0.00000225909252549,4.73125794542e-7,1.29973571461e-7,5.98273004471e-8,2.44426789919e-8,2.49830378607e-8,2.8129930385e-8,8.7636152557e-8,8.03096682489e-8,1.98268512719e-8,1.63746420867e-8,7.39604644195e-9,1.35935955825e-8,1.84965038841e-8,1.08724719894e-7,9.37191391159e-9,4.21763424185e-9,5.57780843735e-9,9.49770484482e-10,5.31877542009e-10,3.6303027251e-10,2.88720908292e-10,4.43664188721e-10,4.89476167931e-11,3.93571078505e-11,8.67306643171e-11,1.23447432832e-10,4.73590923422e-11,2.34536331328e-11,1.73520624952e-11,1.52663801739e-11,3.06175154674e-11,3.01393736357e-11,2.11117859306e-11,1.71496289392e-11,1.65850128769e-11,1.43613766712e-11,7.84150609029e-12],"dvar2":[0.00000618231024418,0.00000439051200374,0.00000609053540757,0.00000120537220027,3.29271756527e-7,1.55623880005e-7,5.32802353348e-8,5.39583062675e-8,5.92246145459e-8,1.84058691843e-7,1.6318915641e-7,4.60528966073e-8,4.04339033366e-8,1.74185590396e-8,3.38641257258e-8,4.34095390744e-8,2.26784962365e-7,1.94329299319e-8,9.63844382085e-9,1.40613227728e-8,2.2224235785e-9,1.18045317965e-9,8.44661118826e-10,6.77170985952e-10,1.16477627543e-9,1.23043908395e-10,8.83970605048e-11,1.85291657018e-10,2.27092539218e-10,1.05346127655e-10,5.20938223114e-11,3.8767381666e-11,3.2437087738e-11,6.41143041435e-11,6.38040661971e-11,4.54530094118e-11,3.60884828965e-11,3.5456668851e-11,3.02968726495e-11,1.58409813045e-11],"max":[0.0287219118327,0.0316910780966,0.0253105964512,0.0110025694594,0.00673837400973,0.00565313408151,0.00450963759795,0.00417332910001,0.00500616617501,0.00796479638666,0.00954378861934,0.00380172673613,0.00490784039721,0.00262391171418,0.00432094419375,0.00385390571319,0.0134762078524,0.00380196189508,0.00264654750936,0.0032519500237,0.00123181112576,0.000989115214907,0.000738390954211,0.000376100681024,0.000603462103754,0.000207127101021,0.000170609535417,0.000277870945865,0.000518935266882,0.00022425003408,0.00011131438805,0.000108556021587,0.0000753535787226,0.000117413110274,0.000101786376035,0.000095130300906,0.0000860087675392,0.0000764218348195,0.0000707683720975,0.0000550961776753],"mean":[0.000528022181243,0.000762360461522,0.00052682554815,0.000451493891887,0.000392209272832,0.000229154422414,0.000145889556734,0.000167486388818,0.00013459022739,0.000162511467352,0.000225304160267,0.0000920913080336,0.0000815939201857,0.0000740625400795,0.0000732909102226,0.000088221844635,0.000206181939575,0.0000697811628925,0.0000419862080889,0.0000383036312996,0.0000208559904422,0.0000186936813407,0.0000149348434206,0.0000142614462675,0.0000132551149363,0.00000569831672692,0.00000640248026684,0.00000850854848977,0.00000757447787691,0.00000508286166223,0.00000339184816767,0.00000265559856416,0.00000207534367291,0.00000265607263827,0.00000234203707805,0.00000178726679678,0.00000157071451667,0.00000157201498041,0.00000158905777425,0.00000136570758968],"median":[0.0000933507835725,0.000218970642891,0.000160124473041,0.00020737037994,0.000207240969758,0.0000948078450165,0.0000578733270231,0.0000669015134918,0.0000338544923579,0.0000281877964881,0.0000465278826596,0.0000171704523382,0.0000223462448048,0.0000212454688153,0.0000196339551621,0.000022918693503,0.0000282862802123,0.0000183850061148,0.0000122234887385,0.0000122861420095,0.00000700997725289,0.00000691397599439,0.00000536209563506,0.00000425138932769,0.00000396886616727,0.00000202707178687,0.00000210879193219,0.00000232099068853,0.00000192092602447,0.00000132041975576,0.00000101722139334,7.68656548189e-7,5.31317823516e-7,5.39331267646e-7,4.1650432081e-7,3.15827719533e-7,2.49345504244e-7,2.02535332505e-7,2.13394883986e-7,1.94063275671e-7],"min":[9.8793542791e-11,7.01090643873e-11,5.31723658159e-11,1.83297960143e-11,1.25364796669e-11,6.94868468321e-12,6.5297025599e-12,8.5735221006e-12,5.4920356457e-12,4.5246540889e-12,2.77555951313e-12,3.60271968508e-12,5.41402599835e-12,2.58621509625e-12,5.35717087011e-13,6.06808765562e-13,1.65651238386e-12,3.18816500977e-12,3.10639795137e-12,1.01104953402e-12,1.43619046777e-12,1.70634101467e-12,2.20013655731e-12,2.16377827114e-12,1.69353756279e-12,2.47786968895e-12,3.17111896637e-12,1.74990176429e-12,3.62273232246e-12,3.76787359993e-12,4.05374041626e-12,3.38587729902e-12,2.32272664644e-12,1.982288899e-12,3.00813302219e-12,2.1715207757e-12,2.77508051261e-12,4.97753140788e-12,1.32576079021e-12,2.08529721268e-12],"var":[0.00000207966309063,0.00000190301818748,0.00000186620763998,6.11674579432e-7,3.00631540995e-7,1.55524460865e-7,6.57583285602e-8,8.69925003144e-8,1.20217094945e-7,2.21975781756e-7,3.81683349815e-7,5.551029858e-8,3.60572194325e-8,2.4938978882e-8,3.39630688018e-8,5.163168737e-8,3.21520019497e-7,2.46743798726e-8,1.29363844081e-8,1.07415898398e-8,2.1322963395e-9,1.32524302643e-9,8.61847315736e-10,7.2232597681e-10,9.78010672448e-10,1.17100967811e-10,1.16537196559e-10,2.61018567871e-10,3.95195404179e-10,1.16413392814e-10,4.72403852148e-11,3.15380638272e-11,2.45916637748e-11,6.040127426e-11,4.81973592981e-11,2.88500161261e-11,2.39315702671e-11,2.32220197932e-11,2.05523011804e-11,1.28209743169e-11]},"melbands_crest":{"dmean":2.78624343872,"dmean2":4.4097776413,"dvar":7.94576215744,"dvar2":19.8807888031,"max":31.9926929474,"mean":12.6609401703,"median":11.4938592911,"min":3.38806009293,"var":26.3298397064},"melbands_flatness_db":{"dmean":0.0201831851155,"dmean2":0.0302245691419,"dvar":0.000494015403092,"dvar2":0.00110781693365,"max":0.449193000793,"mean":0.174583390355,"median":0.164886534214,"min":0.0384141653776,"var":0.00344769586809},"melbands_kurtosis":{"dmean":4.55737781525,"dmean2":7.1561923027,"dvar":118.647476196,"dvar2":277.347320557,"max":494.351715088,"mean":8.78063774109,"median":3.81035757065,"min":-1.79012095928,"var":380.222900391},"melbands_skewness":{"dmean":0.573317229748,"dmean2":0.874178528786,"dvar":0.46715310216,"dvar2":1.12382614613,"max":14.7791404724,"mean":1.96396541595,"median":1.744322896,"min":-3.6324737072,"var":2.45978879929},"melbands_spread":{"dmean":6.75037908554,"dmean2":10.5271444321,"dvar":73.6203918457,"dvar2":183.078887939,"max":144.090362549,"mean":29.0205287933,"median":26.7519435883,"min":0.606469392776,"var":285.284057617},"mfcc":{"cov":[[23538.3125,1882.92407227,-318.104064941,300.418579102,137.662582397,-115.036804199,-40.4130973816,-309.535095215,-1.94947814941,412.602844238,499.51763916,99.5727386475,-749.739746094],[1882.92407227,1603.96899414,-109.267181396,214.636978149,67.3637161255,70.6380310059,-36.4851379395,-95.0694122314,-58.6200180054,46.0674476624,69.1075515747,-38.1780853271,-160.814987183],[-318.104064941,-109.267181396,559.718322754,41.0423469543,35.1139259338,39.6380081177,21.4424991608,37.3063354492,-8.9830198288,-5.9995059967,-36.6594543457,-8.82709598541,-0.184745654464],[300.418579102,214.636978149,41.0423469543,237.770385742,44.9987602234,11.6040048599,-7.40831422806,12.1856613159,-8.05199813843,0.677258133888,-5.02789592743,11.7751274109,-9.44003200531],[137.662582397,67.3637161255,35.1139259338,44.9987602234,228.953689575,98.6741333008,13.4300403595,52.3482704163,24.8456268311,36.2063827515,44.480796814,13.7570257187,13.4154958725],[-115.036804199,70.6380310059,39.6380081177,11.6040048599,98.6741333008,183.338928223,39.7324829102,51.0939598083,-0.491536736488,27.3870983124,24.8126926422,-1.58779394627,21.0989971161],[-40.4130973816,-36.4851379395,21.4424991608,-7.40831422806,13.4300403595,39.7324829102,130.967941284,59.5054206848,26.1409358978,8.42002296448,14.5555772781,4.08691692352,20.465215683],[-309.535095215,-95.0694122314,37.3063354492,12.1856613159,52.3482704163,51.0939598083,59.5054206848,181.955474854,53.4503135681,31.9524993896,15.5445899963,4.80121803284,74.0554885864],[-1.94947814941,-58.6200180054,-8.9830198288,-8.05199813843,24.8456268311,-0.491536736488,26.1409358978,53.4503135681,110.414985657,37.7843780518,17.6893196106,5.25259542465,15.0646686554],[412.602844238,46.0674476624,-5.9995059967,0.677258133888,36.2063827515,27.3870983124,8.42002296448,31.9524993896,37.7843780518,99.3467941284,54.2078514099,5.86548614502,-6.1951174736],[499.51763916,69.1075515747,-36.6594543457,-5.02789592743,44.480796814,24.8126926422,14.5555772781,15.5445899963,17.6893196106,54.2078514099,101.797554016,26.8886203766,-10.8871116638],[99.5727386475,-38.1780853271,-8.82709598541,11.7751274109,13.7570257187,-1.58779394627,4.08691692352,4.80121803284,5.25259542465,5.86548614502,26.8886203766,88.3434906006,39.455871582],[-749.739746094,-160.814987183,-0.184745654464,-9.44003200531,13.4154958725,21.0989971161,20.465215683,74.0554885864,15.0646686554,-6.1951174736,-10.8871116638,39.455871582,145.71005249]],"icov":[[0.0000620253995294,-0.000032611151255,0.0000172974559973,-0.0000344696418324,-0.0000126343047668,0.0000736611182219,-0.0000380341225537,-0.00000900660415937,0.0000438999668404,-0.000170864455868,-0.000124907761347,-0.000161090501933,0.000303844863083],[-0.000032611151255,0.000917877594475,0.00021330351592,-0.000814814702608,0.0000153041000885,-0.00044986300054,0.0000716580398148,0.000276912003756,0.00030823002453,-0.000132077824674,-0.000413232832216,0.000416466384195,0.000524511095136],[0.0000172974559973,0.00021330351592,0.00201312731951,-0.0004038848856,-0.000264484027866,-0.000330171198584,-0.000248402095167,-0.000429471110692,0.000451382016763,-0.000376539188437,0.00103105825838,-0.000232020902331,0.00070331589086],[-0.0000344696418324,-0.000814814702608,-0.0004038848856,0.00541856326163,-0.00104948238004,0.000552626268473,0.000300390413031,-0.00104181712959,0.000344207976013,0.000104853010271,0.00159180595074,-0.00149212393444,0.000269650045084],[-0.0000126343047668,0.0000153041000885,-0.000264484027866,-0.00104948238004,0.00664682127535,-0.00326707749628,0.0011076683877,-0.000760475057177,-0.00125556823332,0.000317023863317,-0.0021157914307,-0.000289275369141,0.0000391221365135],[0.0000736611182219,-0.00044986300054,-0.000330171198584,0.000552626268473,-0.00326707749628,0.008534245193,-0.0020742516499,-0.000872102798894,0.00212157797068,-0.001641046023,-0.000166424462805,0.000814195082057,-0.000804520852398],[-0.0000380341225537,0.0000716580398148,-0.000248402095167,0.000300390413031,0.0011076683877,-0.0020742516499,0.00980648864061,-0.00278696394525,-0.0016026077792,0.00178593641613,-0.00146813166793,-0.00022852337861,0.000333815638442],[-0.00000900660415937,0.000276912003756,-0.000429471110692,-0.00104181712959,-0.000760475057177,-0.000872102798894,-0.00278696394525,0.0103436727077,-0.0029067452997,-0.00155829195864,-0.000903085165191,0.00269828015007,-0.00504194479436],[0.0000438999668404,0.00030823002453,0.000451382016763,0.000344207976013,-0.00125556823332,0.00212157797068,-0.0016026077792,-0.0029067452997,0.0127078248188,-0.00462225219235,0.000943814637139,-0.000548256153706,0.000808359589428],[-0.000170864455868,-0.000132077824674,-0.000376539188437,0.000104853010271,0.000317023863317,-0.001641046023,0.00178593641613,-0.00155829195864,-0.00462225219235,0.0174530614167,-0.00786134134978,0.00153972709086,-0.0000534208047611],[-0.000124907761347,-0.000413232832216,0.00103105825838,0.00159180595074,-0.0021157914307,-0.000166424462805,-0.00146813166793,-0.000903085165191,0.000943814637139,-0.00786134134978,0.0183181595057,-0.00589515222237,0.00242292601615],[-0.000161090501933,0.000416466384195,-0.000232020902331,-0.00149212393444,-0.000289275369141,0.000814195082057,-0.00022852337861,0.00269828015007,-0.000548256153706,0.00153972709086,-0.00589515222237,0.01648828201,-0.00667981849983],[0.000303844863083,0.000524511095136,0.00070331589086,0.000269650045084,0.0000391221365135,-0.000804520852398,0.000333815638442,-0.00504194479436,0.000808359589428,-0.0000534208047611,0.00242292601615,-0.00667981849983,0.0135560939088]],"mean":[-694.488098145,109.204536438,-8.27938556671,10.9428606033,2.9163479805,7.01233100891,-0.248678028584,-5.31859016418,-2.21557593346,-1.59430730343,-3.36817216873,-3.16630625725,-3.7959280014]},"pitch_salience":{"dmean":0.0612241476774,"dmean2":0.0972522720695,"dvar":0.00349722104147,"dvar2":0.00887622777373,"max":0.852358877659,"mean":0.535878419876,"median":0.546879351139,"min":0.0891550928354,"var":0.0112556135282},"silence_rate_20dB":{"dmean":0,"dmean2":0,"dvar":0,"dvar2":0,"max":1,"mean":1,"median":1,"min":1,"var":0},"silence_rate_30dB":{"dmean":0.00285757263191,"dmean2":0.00571557506919,"dvar":0.00284921191633,"dvar2":0.0073366635479,"max":1,"mean":0.997894585133,"median":1,"min":0,"var":0.00210074638017},"silence_rate_60dB":{"dmean":0.0242141671479,"dmean2":0.0484319776297,"dvar":0.0236231572926,"dvar2":0.0508864335716,"max":1,"mean":0.253176927567,"median":0,"min":0,"var":0.18907661736},"spectral_centroid":{"dmean":201.775115967,"dmean2":309.179077148,"dvar":53188.1601562,"dvar2":118325.664062,"max":10851.6767578,"mean":1460.86083984,"median":1416.9576416,"min":251.844177246,"var":375026.75},"spectral_complexity":{"dmean":2.56700253487,"dmean2":3.84823656082,"dvar":10.4200677872,"dvar2":19.5881080627,"max":58,"mean":16.2230243683,"median":16,"min":0,"var":117.377479553},"spectral_contrast_coeffs":{"dmean":[0.0442180149257,0.0370048359036,0.0355478785932,0.0305804554373,0.0203013978899,0.0153241734952],"dmean2":[0.0712381154299,0.0595072433352,0.0563975684345,0.0492435730994,0.0324612632394,0.0238354876637],"dvar":[0.00150176649913,0.000982824596576,0.000873508572113,0.000657571945339,0.000307421112666,0.000209717414691],"dvar2":[0.00371741154231,0.00247277109884,0.00210310076363,0.00161519553512,0.000705279060639,0.000453478685813],"max":[-0.33469453454,-0.432527333498,-0.450249701738,-0.512849807739,-0.592839539051,-0.618368983269],"mean":[-0.636531352997,-0.732812523842,-0.725366353989,-0.73052418232,-0.773690760136,-0.768212854862],"median":[-0.634547650814,-0.729923605919,-0.728885769844,-0.73154258728,-0.776609420776,-0.76476174593],"min":[-0.957391798496,-0.968074321747,-0.964131712914,-0.954748511314,-0.958600461483,-0.960898637772],"var":[0.0121185583994,0.00666879257187,0.00529898703098,0.00436788843945,0.00217139697634,0.00192186865024]},"spectral_contrast_valleys":{"dmean":[0.405114293098,0.317534118891,0.278813183308,0.241855174303,0.201121449471,0.268677443266],"dmean2":[0.655381917953,0.507067382336,0.44847458601,0.383585184813,0.295621812344,0.336655467749],"dvar":[0.148596838117,0.0953405499458,0.0749630257487,0.0655680298805,0.0642781034112,0.141215696931],"dvar2":[0.330525279045,0.20446972549,0.156131997705,0.126445055008,0.10584422946,0.214536249638],"max":[-5.33547210693,-5.04766750336,-5.09070777893,-5.61434984207,-5.64596748352,-7.31478691101],"mean":[-8.25639915466,-7.634329319,-8.14496135712,-8.3868560791,-8.37919425964,-10.7415475845],"median":[-7.84535360336,-7.10097265244,-7.71525335312,-7.87573814392,-7.80732584,-10.3337755203],"min":[-27.3710746765,-27.534734726,-27.2336101532,-27.3920192719,-27.1339015961,-27.2387523651],"var":[3.32565331459,3.32843518257,2.95292496681,3.08397722244,2.99637079239,2.87794685364]},"spectral_decrease":{"dmean":1.39229716645e-9,"dmean2":2.12197415195e-9,"dvar":7.4843078485e-18,"dvar2":1.81492624643e-17,"max":-5.30707963707e-16,"mean":-4.43685577167e-9,"median":-3.2925813187e-9,"min":-4.9348489739e-8,"var":2.10407550135e-17},"spectral_energy":{"dmean":0.00575822219253,"dmean2":0.00861111376435,"dvar":0.000124306287034,"dvar2":0.000291297183139,"max":0.216159775853,"mean":0.0186847876757,"median":0.0136762568727,"min":4.8777684114e-9,"var":0.000378479657229},"spectral_energyband_high":{"dmean":0.000523078080732,"dmean2":0.0007107151323,"dvar":0.00000211761107494,"dvar2":0.00000403432886742,"max":0.0262828562409,"mean":0.00100148806814,"median":0.000271432043519,"min":2.31419061691e-9,"var":0.0000044054013415},"spectral_energyband_low":{"dmean":0.00228836014867,"dmean2":0.00380149343982,"dvar":0.000046403358283,"dvar2":0.000119723197713,"max":0.127752244473,"mean":0.00396219361573,"median":0.00134963728487,"min":5.91788118509e-10,"var":0.0000525415271113},"spectral_energyband_middle_high":{"dmean":0.00205085612833,"dmean2":0.00299065606669,"dvar":0.0000146156644405,"dvar2":0.0000306883048324,"max":0.124614626169,"mean":0.00673532253131,"median":0.00326471403241,"min":3.53303886147e-10,"var":0.0000841567889438},"spectral_energyband_middle_low":{"dmean":0.00287851132452,"dmean2":0.00440051825717,"dvar":0.0000498253684782,"dvar2":0.000124188038171,"max":0.106376230717,"mean":0.00787806604058,"median":0.00524286972359,"min":1.18063259169e-9,"var":0.00009447971388},"spectral_entropy":{"dmean":0.138242200017,"dmean2":0.194583162665,"dvar":0.0221332237124,"dvar2":0.0431845150888,"max":9.79315662384,"mean":7.49451684952,"median":7.52060079575,"min":5.09488391876,"var":0.218670874834},"spectral_flux":{"dmean":0.0171984098852,"dmean2":0.0266089942306,"dvar":0.000653196126223,"dvar2":0.00138017255813,"max":0.341902494431,"mean":0.0580603405833,"median":0.050305634737,"min":0.000100757177279,"var":0.00225894153118},"spectral_kurtosis":{"dmean":1.14444625378,"dmean2":1.89065396786,"dvar":1.49394083023,"dvar2":4.08526277542,"max":21.9597911835,"mean":4.55430793762,"median":3.93929862976,"min":-1.23186552525,"var":6.61156797409},"spectral_rms":{"dmean":0.000548323034309,"dmean2":0.000791055615991,"dvar":6.75804074035e-7,"dvar2":0.0000014724854509,"max":0.0145219694823,"mean":0.00361466710456,"median":0.00365276471712,"min":0.00000218146692532,"var":0.0000051632468967},"spectral_rolloff":{"dmean":549.998535156,"dmean2":922.574279785,"dvar":1066172.25,"dvar2":2523458.75,"max":16559.0332031,"mean":2015.91503906,"median":1571.92382812,"min":64.599609375,"var":4112138.5},"spectral_skewness":{"dmean":0.16088925302,"dmean2":0.257213622332,"dvar":0.0228447373956,"dvar2":0.0555477589369,"max":3.54065513611,"mean":1.61309146881,"median":1.54767847061,"min":0.0373182334006,"var":0.1580439955},"spectral_spread":{"dmean":538612.8125,"dmean2":754249.9375,"dvar":658869977088,"dvar2":1169759666180,"max":41170044,"mean":4885178,"median":4463040.5,"min":1916899.375,"var":3134070456320},"spectral_strongpeak":{"dmean":0.633625268936,"dmean2":1.04756700993,"dvar":1.40346515179,"dvar2":3.25986599922,"max":22.5007858276,"mean":1.32129836082,"median":0.43348428607,"min":0,"var":4.04610729218},"zerocrossingrate":{"dmean":0.0110925547779,"dmean2":0.0133032314479,"dvar":0.000185211320058,"dvar2":0.000252544414252,"max":0.39306640625,"mean":0.0758683085442,"median":0.06591796875,"min":0.00732421875,"var":0.00217953254469}},"metadata":{"audio_properties":{"analysis_sample_rate":44100,"bit_rate":0,"codec":"flac","downmix":"mix","equal_loudness":0,"length":308.773345947,"lossless":true,"md5_encoded":"86241781886284142aad6a028c3353da","replay_gain":-2.57555389404},"tags":{"album":["Breakfast in America"],"albumartist":["Supertramp"],"albumartistsort":["Supertramp"],"albumsort":["Breakfast in America (1985, Supertramp, 2bce1651-d6d0-388f-90bb-fb6fe5d13a91)"],"artist":["Supertramp"],"artists":["Supertramp"],"artistsort":["Supertramp"],"barcode":["075021370821"],"catalognumber":["CD-3708"],"composer":["Roger Hodgson","Rick Davies"],"composersort":["Hodgson, Roger","Davies, Rick"],"date":["1985"],"discnumber":["1"],"disctotal":["1"],"engineer":["Lenise Bent","Jeff Harris","Peter Henderson","Russel Pope"],"file_name":"06 - Supertramp - Take the Long Way Home.flac","genre":["Progressive Rock"],"label":["A&M Records"],"language":["eng"],"lyricist":["Roger Hodgson","Rick Davies"],"media":["CD"],"musicbrainz_albumartistid":["d2ff6b6b-fc30-48dc-8952-06f9d8fc64f8"],"musicbrainz_albumid":["2bce1651-d6d0-388f-90bb-fb6fe5d13a91"],"musicbrainz_artistid":["d2ff6b6b-fc30-48dc-8952-06f9d8fc64f8"],"musicbrainz_recordingid":["a1369840-e111-4ea7-9f2c-08e217c4645b"],"musicbrainz_releasegroupid":["d584f7e7-55b4-39a1-87e9-af3b86773132"],"musicbrainz_releasetrackid":["e2b707de-b7f9-3500-8395-dab99936259c"],"musicbrainz_workid":["6ecdcb5e-6d2b-3221-937a-b7bf0de9a9f7"],"musicip_puid":["c33566de-87a3-5478-f334-378a3660c53d"],"originaldate":["1979"],"performer":["John Helliwell (woodwind)","Bob Siebenberg (drums)","Roger Hodgson (guitars and keyboard)","Dougie Thomson (bass)","Rick Davies (keyboard)","Roger Hodgson (vocals)","Rick Davies (vocals)","Dick Hyde (guest trombone and tuba)"],"producer":["Peter Henderson","Supertramp"],"