{"lowlevel":{"average_loudness":0.928659319878,"barkbands":{"dmean":[0.000212561761145,0.00504435785115,0.00182637921534,0.00187435373664,0.00163764448371,0.00101347558666,0.000665119383484,0.000454592081951,0.00117336842231,0.000745325291064,0.00075983221177,0.00059963442618,0.000762348528951,0.000801912799943,0.000416451162891,0.000262550980551,0.000280321750324,0.000174811357283,0.000108418280433,0.000116429568152,0.000096429423138,0.0000881363303051,0.0000691433742759,0.000070330381277,0.0000589528935961,0.0000141207174238,0.00000130073624405],"dmean2":[0.00036112361704,0.00862218346447,0.00314442627132,0.0032868811395,0.00281510013156,0.00164607679471,0.00104104005732,0.00073354243068,0.00178327038884,0.00115479831584,0.00120850023814,0.000960650853813,0.00119784066919,0.00127219734713,0.000665002793539,0.000425592152169,0.000455801578937,0.000283982924884,0.000177655761945,0.000186758421478,0.00015153203276,0.000130560714751,0.000101243938843,0.0000977644012892,0.0000810121637187,0.0000186569923244,0.00000218227114601],"dvar":[2.0002997303e-7,0.0000783697760198,0.0000206029617402,0.0000162539417943,0.0000140898482641,0.00000359643331649,0.00000155508689659,9.40119321058e-7,0.00000456631914858,0.0000023950024115,0.00000264032382802,0.00000233260357163,0.00000317823082696,0.00000300497436001,0.00000106856464299,6.02731176969e-7,4.97878602346e-7,1.22893638377e-7,4.58590783126e-8,4.743447235e-8,3.63085916888e-8,2.53277772089e-8,1.81750490214e-8,7.76634436761e-8,6.74565967529e-8,3.05809688683e-9,1.01548795414e-11],"dvar2":[5.86486805787e-7,0.000220731148147,0.0000557885214221,0.0000498343870277,0.0000397982366849,0.00000919258127396,0.00000367279267266,0.00000235181687458,0.0000108656367956,0.00000550018603462,0.000006549738373,0.00000593701724938,0.00000786456803326,0.00000736942001822,0.00000248508763434,0.00000142228316236,0.00000119738865578,2.96000848721e-7,1.16243192849e-7,1.22188808405e-7,9.08683261969e-8,5.52465806436e-8,3.78481885832e-8,1.28886313178e-7,1.14278165597e-7,5.13395237434e-9,2.62474712104e-11],"max":[0.00443795090541,0.0858396887779,0.0510392189026,0.0551658421755,0.0697451084852,0.0374978706241,0.0316094830632,0.023570664227,0.0489122867584,0.0381603352726,0.0339082181454,0.0382647030056,0.0410735681653,0.0377103686333,0.031490623951,0.0244110748172,0.0309890173376,0.0130730690435,0.0112010575831,0.00641956459731,0.004857881926,0.00552264321595,0.00377238797955,0.0102339657024,0.0071490094997,0.00163933122531,0.0000849273637868],"mean":[0.000251048419159,0.00887821428478,0.00291397795081,0.00276459846646,0.00268755992875,0.00184623978566,0.00137732201256,0.000844186521135,0.00262310449034,0.0014790345449,0.00142921041697,0.00108788628131,0.00131038553081,0.00147699913941,0.00075113796629,0.000517898588441,0.000570131756831,0.000352937291609,0.000235692146816,0.000266139977612,0.000214803498238,0.000202273935429,0.000157716989634,0.000152581487782,0.000115516988444,0.0000264039244939,0.00000167194548339],"median":[0.0000407481165894,0.00490518519655,0.00127546128351,0.00118311797269,0.00149193161633,0.00101819064002,0.000761961913668,0.000434807501733,0.00123016687576,0.000692549510859,0.000607118359767,0.000401737052016,0.000491291459184,0.000576261023525,0.000305849505821,0.000241609493969,0.000249280419666,0.00018080220616,0.000138318442623,0.00015458445705,0.000125691192807,0.000097719792393,0.0000662229649606,0.0000377546384698,0.0000165870660567,0.00000327803309119,1.66384495515e-7],"min":[6.05566362184e-26,2.35134843108e-24,9.08731672428e-25,7.76086535456e-25,1.66732189423e-23,1.36698156392e-23,7.13692400601e-24,1.96390046244e-23,1.68137403131e-23,1.54856330257e-23,2.07159464882e-23,2.0114070861e-23,3.69841563531e-23,4.05582737e-23,7.33768247996e-23,5.30816803841e-23,8.04620831494e-23,1.12381679916e-22,1.3285421075e-22,2.23468391013e-22,2.70824279134e-22,3.79243201489e-22,4.29056220935e-22,5.46879576971e-22,1.01977182653e-21,1.40958311358e-21,2.05280600785e-21],"var":[2.45176210001e-7,0.00012276340567,0.0000217306023842,0.0000179612870852,0.0000158755083248,0.00000673219346936,0.00000395751203541,0.00000181321604487,0.0000134721713039,0.00000654394989397,0.00000636831418888,0.00000544951990378,0.00000606709591011,0.00000710085805622,0.00000235931338466,0.00000145075262026,0.00000141714599522,2.92736814345e-7,1.07815161243e-7,1.29206355837e-7,8.82051551798e-8,8.57582875824e-8,6.63936106093e-8,2.68237386081e-7,2.41741872742e-7,9.49810363693e-9,1.44492699056e-11]},"barkbands_crest":{"dmean":2.49852609634,"dmean2":4.15330696106,"dvar":5.54264545441,"dvar2":15.6247024536,"max":25.8206100464,"mean":9.41446781158,"median":8.64054489136,"min":2.70581293106,"var":14.2000827789},"barkbands_flatness_db":{"dmean":0.0185365527868,"dmean2":0.0289275441319,"dvar":0.000334985728841,"dvar2":0.000771081715357,"max":0.49646744132,"mean":0.15345479548,"median":0.12544170022,"min":0.0257816743106,"var":0.00606964249164},"barkbands_kurtosis":{"dmean":1.76509785652,"dmean2":2.88276362419,"dvar":11.8860807419,"dvar2":30.5321788788,"max":120.229187012,"mean":2.43573975563,"median":0.740161418915,"min":-1.86857461929,"var":31.2137336731},"barkbands_skewness":{"dmean":0.426267057657,"dmean2":0.681139111519,"dvar":0.207079127431,"dvar2":0.510156929493,"max":9.38297271729,"mean":1.16054284573,"median":0.999924182892,"min":-2.9854798317,"var":1.07083380222},"barkbands_spread":{"dmean":4.14207649231,"dmean2":6.45262145996,"dvar":27.8932285309,"dvar2":57.5893363953,"max":100.801803589,"mean":20.8876743317,"median":19.9376316071,"min":0.604664504528,"var":155.391693115},"dissonance":{"dmean":0.0184465311468,"dmean2":0.0312113314867,"dvar":0.000366086111171,"dvar2":0.00100529298652,"max":0.500000059605,"mean":0.462334603071,"median":0.470686584711,"min":0.227004349232,"var":0.000972366251517},"dynamic_complexity":3.85616016388,"erbbands":{"dmean":[0.165614873171,1.13383042812,2.21072220802,3.74053144455,6.43520593643,5.45779848099,6.70772886276,8.05543327332,6.67970991135,13.8442277908,11.8020048141,27.5324554443,24.4833946228,20.8652381897,25.9657649994,25.8715629578,34.4172706604,36.7924232483,23.5209560394,20.1581363678,13.8545026779,12.9071655273,9.95601558685,6.91751003265,4.71536493301,5.99531412125,4.16050291061,3.5503616333,2.89135766029,3.00881838799,1.89655089378,1.64158010483,1.14141333103,0.845333397388,0.321001142263,0.0937781259418,0.0202643293887,0.00345563702285,0.000123313511722,0.0000108165568236],"dmean2":[0.275189638138,1.95023941994,3.81264305115,6.4468126297,11.3764038086,9.21392726898,11.0163631439,13.0462827682,10.8070716858,21.8784675598,18.3882656097,41.2938613892,37.9391059875,32.9317016602,41.2690124512,41.2345199585,53.8425674438,58.0495185852,36.7491188049,32.4669418335,22.3080978394,20.78565979,16.0332260132,11.2817802429,7.66307210922,9.63895988464,6.60267162323,5.4973154068,4.27576732635,4.51203250885,2.75774240494,2.34600305557,1.6043138504,1.19096422195,0.438547462225,0.127674400806,0.0268249046057,0.00511970417574,0.000193464002223,0.0000172971176653],"dvar":[0.0938176289201,4.25872755051,32.0739860535,55.76770401,245.25604248,146.924468994,190.132141113,241.636032104,194.766891479,672.777587891,614.233154297,2881.59448242,2945.75415039,2041.41308594,2947.7878418,4463.97167969,7043.65869141,6803.05029297,3309.08862305,2846.20019531,1528.3762207,1034.64904785,395.034210205,186.192306519,90.507484436,123.569900513,63.11901474,48.1688499451,25.0620174408,35.2335662842,15.1020679474,32.6078186035,24.3364944458,14.5461874008,2.02372646332,0.168899744749,0.00451217452064,0.0000923244515434,8.5948819617e-8,2.96227958829e-10],"dvar2":[0.267430007458,12.1422262192,87.1524047852,165.438766479,739.945068359,386.508178711,490.118621826,610.690734863,463.370666504,1571.65759277,1531.7364502,6671.45263672,6913.79052734,4997.86474609,7336.11083984,11354.9882812,17325.3769531,16882.2851562,8026.42919922,6595.58300781,3414.11132812,2488.94775391,957.976745605,478.018554688,225.754577637,321.07925415,157.814498901,116.957046509,55.0932197571,80.1917572021,31.1277446747,57.2843093872,44.8210449219,25.8405323029,3.63557457924,0.303807675838,0.00767593458295,0.000177744121174,1.92319745906e-7,6.69631405881e-10],"max":[3.01483082771,22.2121257782,62.2311058044,86.7184906006,210.624267578,267.373077393,253.904159546,310.071746826,558.670532227,602.543579102,515.774658203,1400.37060547,1498.71337891,989.367431641,1326.69921875,1979.93786621,2043.21166992,2099.875,1415.25488281,1714.78234863,1574.64599609,1204.76428223,743.511535645,695.639953613,417.884979248,259.167572021,203.495147705,245.364837646,182.7759552,182.035263062,116.334022522,186.908248901,180.218704224,125.385307312,37.6808624268,12.1314744949,1.77117669582,0.336916834116,0.00892530195415,0.00035810758709],"mean":[0.242278531194,2.01398491859,3.61834144592,6.75277662277,9.24575805664,9.12295150757,11.471578598,14.7931499481,13.4735908508,27.6806507111,26.7066440582,62.7088356018,52.3800849915,44.7035598755,52.719078064,50.6232719421,64.0962142944,72.8295669556,46.9263420105,39.9432983398,30.5601978302,28.4825439453,21.3148097992,15.5808420181,11.0035705566,13.4425048828,9.29728126526,7.90227413177,6.78547954559,6.6459031105,4.24725484848,3.54943990707,2.29376983643,1.6244250536,0.603813409805,0.170520097017,0.0373860932887,0.00624437257648,0.00021179887699,0.000048004079872],"median":[0.114754572511,1.0854767561,2.03562045097,3.5551264286,4.7060379982,4.47009515762,6.00285243988,7.9823975563,8.11992454529,14.50025177,15.4573144913,28.836101532,25.9458084106,25.3376331329,26.6113777161,21.5666332245,26.6907043457,29.1734714508,19.5679130554,18.9698200226,14.8193655014,13.3429660797,11.9641933441,8.76382637024,7.09252405167,7.62530612946,5.68487882614,4.21194124222,3.41502594948,2.97578668594,1.73210465908,1.05317378044,0.481128275394,0.229916870594,0.0880228355527,0.0224851667881,0.0044391383417,0.0010401410982,0.0000512933511345,0.0000470580089313],"min":[5.05509988229e-23,4.51611129989e-22,1.98833802275e-21,4.9410991695e-21,1.31139299843e-20,6.01420211297e-20,6.77627650273e-20,1.3019163682e-19,1.82027633689e-19,1.54481446541e-19,5.22715746696e-19,3.44784828388e-19,7.63413982914e-19,6.97423116307e-19,8.0207490548e-19,1.2682619563e-18,1.87029879196e-18,1.77964041721e-18,4.19632240266e-18,5.0485868537e-18,3.07365033463e-18,5.39916254091e-18,5.62550521269e-18,6.73561757709e-18,7.99690422948e-18,9.95538750577e-18,9.63167533614e-18,1.11403998339e-17,1.23907586032e-17,1.24137798668e-17,1.20809008816e-17,8.47390785587e-18,1.15760576645e-17,9.99562901539e-18,7.72642278662e-18,4.11103098252e-18,2.57957783629e-18,1.01537071596e-18,2.64826034861e-19,2.82151371565e-20],"var":[0.127798244357,6.36845159531,30.8201808929,77.5054702759,211.940216064,229.833633423,279.137969971,462.197631836,405.72958374,1799.37805176,1386.58105469,8638.01269531,9081.94726562,4712.39697266,7335.1640625,10400.4111328,13867.2509766,17639.28125,8479.3125,6168.76855469,5130.95263672,3175.21801758,931.444763184,442.620391846,233.588516235,345.700805664,149.908737183,131.685058594,88.59715271,105.960449219,53.4066696167,105.630393982,75.930305481,49.0299987793,6.51310062408,0.500220656395,0.0144299874082,0.00025542487856,2.00220327429e-7,1.40322731212e-9]},"erbbands_crest":{"dmean":2.41775894165,"dmean2":3.81740689278,"dvar":5.56116819382,"dvar2":13.9120960236,"max":30.1514339447,"mean":9.23393726349,"median":8.2693605423,"min":2.19290399551,"var":17.5950546265},"erbbands_flatness_db":{"dmean":0.0161852296442,"dmean2":0.0222129393369,"dvar":0.000279873172985,"dvar2":0.000458186317701,"max":0.426529854536,"mean":0.183309346437,"median":0.167808607221,"min":0.0373562909663,"var":0.00473822327331},"erbbands_kurtosis":{"dmean":0.739637374878,"dmean2":1.14885020256,"dvar":0.856034517288,"dvar2":2.05479717255,"max":22.6814479828,"mean":0.551671683788,"median":0.158665180206,"min":-1.8910793066,"var":2.52028632164},"erbbands_skewness":{"dmean":0.284759670496,"dmean2":0.440786153078,"dvar":0.0682872906327,"dvar2":0.16213747859,"max":3.16753840446,"mean":0.277251452208,"median":0.267681986094,"min":-3.21397900581,"var":0.32926812768},"erbbands_spread":{"dmean":6.15630483627,"dmean2":9.02183246613,"dvar":54.2920799255,"dvar2":105.525154114,"max":181.674468994,"mean":30.5377197266,"median":26.7055435181,"min":3.29936790466,"var":287.6199646},"gfcc":{"cov":[[22490.2929688,-5180.25,-897.497802734,2570.37036133,-2356.58349609,1862.72644043,-294.516418457,124.857833862,-408.259094238,911.706359863,-374.115661621,138.832519531,-480.198181152],[-5180.25,3383.2109375,-77.2945556641,-1098.61462402,1057.63378906,-872.620910645,168.450042725,-80.4030761719,200.741821289,-465.519775391,191.340423584,-129.692230225,251.721588135],[-897.497802734,-77.2945556641,773.992858887,115.698921204,71.3781738281,137.71975708,4.85582828522,15.0399980545,-55.2211494446,35.8172302246,-10.0079784393,27.0936794281,-36.2004051208],[2570.37036133,-1098.61462402,115.698921204,790.639404297,-357.050628662,375.566253662,18.0112743378,-7.26881694794,-54.8687782288,164.402084351,-70.4986495972,34.9721374512,-79.6432723999],[-2356.58349609,1057.63378906,71.3781738281,-357.050628662,600.840026855,-265.093109131,86.1925048828,29.8654537201,55.5748100281,-143.07762146,64.2369308472,-23.185760498,63.7119026184],[1862.72644043,-872.620910645,137.71975708,375.566253662,-265.093109131,450.276641846,37.7688331604,21.0011405945,-56.4586486816,146.323669434,-30.8685321808,26.494342804,-68.7414474487],[-294.516418457,168.450042725,4.85582828522,18.0112743378,86.1925048828,37.7688331604,203.939544678,23.7798843384,42.40051651,2.06727480888,25.5607185364,-9.7251625061,9.81021595001],[124.857833862,-80.4030761719,15.0399980545,-7.26881694794,29.8654537201,21.0011405945,23.7798843384,131.177963257,21.754535675,24.1786365509,5.77836179733,6.40481901169,-9.97657203674],[-408.259094238,200.741821289,-55.2211494446,-54.8687782288,55.5748100281,-56.4586486816,42.40051651,21.754535675,121.600090027,4.93245410919,12.4266138077,-11.9164075851,35.4470787048],[911.706359863,-465.519775391,35.8172302246,164.402084351,-143.07762146,146.323669434,2.06727480888,24.1786365509,4.93245410919,151.786148071,2.03306055069,20.746509552,-34.8969802856],[-374.115661621,191.340423584,-10.0079784393,-70.4986495972,64.2369308472,-30.8685321808,25.5607185364,5.77836179733,12.4266138077,2.03306055069,92.0504455566,15.2026128769,20.1602745056],[138.832519531,-129.692230225,27.0936794281,34.9721374512,-23.185760498,26.494342804,-9.7251625061,6.40481901169,-11.9164075851,20.746509552,15.2026128769,73.7240142822,8.66967201233],[-480.198181152,251.721588135,-36.2004051208,-79.6432723999,63.7119026184,-68.7414474487,9.81021595001,-9.97657203674,35.4470787048,-34.8969802856,20.1602745056,8.66967201233,91.9887466431]],"icov":[[0.000189366372069,-0.00038488509017,0.000428584258771,-0.000421450415161,0.000476587360026,-0.000599177321419,0.000362783786841,-0.000500922556967,0.000559361418709,-0.00074425432831,0.000615470577031,-0.000406448874855,0.000380189885618],[-0.00038488509017,0.00285324361175,-0.00125787127763,0.00156282878015,-0.00236301939003,0.00257061352022,-0.00165578152519,0.00229501863942,-0.00233297771774,0.00385436718352,-0.00338262785226,0.00286811380647,-0.00214350689203],[0.000428584258771,-0.00125787127763,0.0026034777984,-0.00120970944408,0.000599697174039,-0.00220757955685,0.00121727376245,-0.00134136795532,0.00198891130276,-0.00238991063088,0.00207552593201,-0.00173673138488,0.00135199551005],[-0.000421450415161,0.00156282878015,-0.00120970944408,0.00368593935855,-0.000912484130822,0.000594943296164,-0.00164262321778,0.00199606828392,-0.00157060963102,0.00159735337365,-0.000866442802362,0.000938737590332,-0.000980575219728],[0.000476587360026,-0.00236301939003,0.000599697174039,-0.000912484130822,0.00563593767583,-0.00123289471958,0.000116476774565,-0.00297653954476,0.00189376820344,-0.00169808231294,0.00179086322896,-0.00213474943303,0.001674841973],[-0.000599177321419,0.00257061352022,-0.00220757955685,0.000594943296164,-0.00123289471958,0.00816378090531,-0.00345448101871,0.0017703253543,-0.000723564065993,0.00140061299317,-0.00309173273854,0.00258145108819,-0.00175639311783],[0.000362783786841,-0.00165578152519,0.00121727376245,-0.00164262321778,0.000116476774565,-0.00345448101871,0.00772872753441,-0.00192000879906,-0.000692251254804,-0.00169873982668,0.000470064813271,-0.000691770808771,0.00137148948852],[-0.000500922556967,0.00229501863942,-0.00134136795532,0.00199606828392,-0.00297653954476,0.0017703253543,-0.00192000879906,0.0108422311023,-0.0039043398574,0.00193996517919,-0.00255165272392,0.00113623787183,-0.000237041575019],[0.000559361418709,-0.00233297771774,0.00198891130276,-0.00157060963102,0.00189376820344,-0.000723564065993,-0.000692251254804,-0.0039043398574,0.0145637132227,-0.00729533052072,0.00380822480656,-0.000103051701444,-0.00267953006551],[-0.00074425432831,0.00385436718352,-0.00238991063088,0.00159735337365,-0.00169808231294,0.00140061299317,-0.00169873982668,0.00193996517919,-0.00729533052072,0.01852860488,-0.00783581938595,0.00209693494253,-0.000015694899048],[0.000615470577031,-0.00338262785226,0.00207552593201,-0.000866442802362,0.00179086322896,-0.00309173273854,0.000470064813271,-0.00255165272392,0.00380822480656,-0.00783581938595,0.018259037286,-0.00654595764354,0.00083343195729],[-0.000406448874855,0.00286811380647,-0.00173673138488,0.000938737590332,-0.00213474943303,0.00258145108819,-0.000691770808771,0.00113623787183,-0.000103051701444,0.00209693494253,-0.00654595764354,0.0192012190819,-0.00577608635649],[0.000380189885618,-0.00214350689203,0.00135199551005,-0.000980575219728,0.001674841973,-0.00175639311783,0.00137148948852,-0.000237041575019,-0.00267953006551,-0.000015694899048,0.00083343195729,-0.00577608635649,0.0171480160207]],"mean":[-18.8885307312,125.00328064,-125.54499054,21.300693512,-47.9055557251,17.6994476318,-29.431060791,7.73229694366,-16.6246452332,-2.18727493286,-13.6129159927,-1.91459834576,-8.48852157593]},"hfc":{"dmean":5.15920162201,"dmean2":7.81031227112,"dvar":60.6490783691,"dvar2":127.244277954,"max":155.555053711,"mean":26.5340118408,"median":23.755065918,"min":1.11287013493e-16,"var":509.140411377},"melbands":{"dmean":[0.00141503952909,0.00118863489479,0.000740801275242,0.000406321458286,0.000225601674174,0.000182699717698,0.000108275606181,0.000136725997436,0.000124941187096,0.000166194673511,0.000124135491205,0.0000848845666042,0.000105396175059,0.0000682201498421,0.0000797440807219,0.0000677646748954,0.0000751942352508,0.0000460623559775,0.000028387110433,0.000022065891244,0.0000187398454727,0.0000148333492689,0.0000137291808642,0.00000915777854971,0.00000589512046645,0.00000382129792342,0.00000413867110183,0.00000409969698012,0.00000283060899164,0.00000256364364759,0.00000211463384403,0.00000166611414443,0.00000213022940443,0.00000164075993325,0.00000116925264138,0.00000114479121294,0.00000104229172848,8.86439863734e-7,7.66340519931e-7,7.77211255354e-7],"dmean2":[0.00239381263964,0.00201140833087,0.00129128235858,0.000706603867002,0.000368291366613,0.000295315345284,0.000172925574589,0.000216714994167,0.000191679093405,0.000251175632002,0.000192504914594,0.000133589695906,0.00016656635853,0.000108825057396,0.000126210536109,0.000106701110781,0.000118592011859,0.0000722051918274,0.0000452867461718,0.0000357552235073,0.0000301394757116,0.0000240265744651,0.0000222222552111,0.0000150669702634,0.00000965950403042,0.0000063194129325,0.00000677741536492,0.00000661803824187,0.00000455980671177,0.00000406759545513,0.00000333458433488,0.00000251441133514,0.00000329195700033,0.00000251263918472,0.00000176058540546,0.00000169815848494,0.00000151331425968,0.00000129719398956,0.00000109791517389,0.00000111804206426],"dvar":[0.00000627603958492,0.00000715193391443,0.00000248977812589,8.76024955687e-7,2.0067058415e-7,1.18745283828e-7,4.30189217582e-8,6.24448617259e-8,5.86330166641e-8,1.01687085419e-7,7.42477013205e-8,3.36272485413e-8,5.06924813237e-8,3.33107763595e-8,3.25185389727e-8,2.44974494024e-8,2.9182743333e-8,1.31559323435e-8,5.05521491334e-9,4.13473388861e-9,3.06740854938e-9,1.63597968506e-9,1.0455458721e-9,3.38498451491e-10,1.50789797315e-10,5.41367645157e-11,8.96143992346e-11,5.92066742855e-11,2.99436447859e-11,2.79691408922e-11,1.58232333486e-11,8.21807986245e-12,1.80490466323e-11,1.02915818229e-11,5.14886657615e-12,1.06282031787e-11,1.56968622128e-11,1.66881716779e-11,1.0351679583e-11,1.36905018572e-11],"dvar2":[0.0000179146773007,0.0000194620242837,0.00000750558456275,0.00000252755376096,5.176692639e-7,2.9975657867e-7,1.02384802858e-7,1.47320832866e-7,1.43136347219e-7,2.38160822619e-7,1.74024449962e-7,8.16650214119e-8,1.26111302734e-7,8.40592875306e-8,8.19070464786e-8,6.0432086002e-8,7.13967196475e-8,3.18493960094e-8,1.15105507348e-8,1.00941575099e-8,6.6442478186e-9,3.96753119247e-9,2.64343813505e-9,8.58089765909e-10,3.91160104307e-10,1.37718059179e-10,2.38111474982e-10,1.50723919456e-10,7.48278938811e-11,7.03730754226e-11,3.9115807815e-11,1.8608415156e-11,4.30296354104e-11,2.43733835198e-11,1.1745115297e-11,2.13655759751e-11,2.85283723728e-11,3.41117654956e-11,1.8962418441e-11,2.65523644738e-11],"max":[0.0258176978678,0.0304687544703,0.0212623551488,0.0147385755554,0.00761369103566,0.00672825332731,0.0073410961777,0.00536686880514,0.00454497197643,0.00836522225291,0.00741107296199,0.00379983964376,0.00531552731991,0.004851159174,0.00407963991165,0.00333686871454,0.0048208986409,0.00230983481742,0.00322975125164,0.00240532308817,0.00246689282358,0.00167149782646,0.00121767679229,0.000451634055935,0.00066695449641,0.000319782207953,0.000408906053053,0.000216992906644,0.000139866751852,0.000175446242793,0.000110401051643,0.000107784282591,0.000144881109009,0.0000891867821338,0.000070940470323,0.000116592549603,0.000149270723341,0.000169418883161,0.0000970377222984,0.000119539428852],"mean":[0.00235516787507,0.0022343583405,0.00128058902919,0.000651792041026,0.000406607228797,0.000339133053785,0.000224971328862,0.000271467288258,0.000276066944934,0.000371874397388,0.000252615776844,0.000173577485839,0.000201256072614,0.00012565527868,0.000145176352817,0.000121551616758,0.000140205505886,0.0000814050945337,0.0000525482901139,0.0000419495518145,0.0000367925567843,0.0000299081493722,0.0000251167712122,0.0000172839045263,0.000012069337572,0.00000791062757344,0.00000877298407431,0.0000086539912445,0.00000570458905713,0.00000518955084772,0.00000433126797361,0.00000357857652489,0.00000431702392234,0.00000339527423421,0.00000240843883148,0.00000230614182328,0.00000210265170608,0.00000166664540302,0.00000139105088692,0.00000140264546644],"median":[0.00128095317632,0.00143045373261,0.000712406239472,0.000359313649824,0.000228685588809,0.000185626922757,0.000137331138831,0.000148490842548,0.000141443219036,0.000178140413482,0.000113862086437,0.0000938309458434,0.0000906634086277,0.0000439999785158,0.0000597101752646,0.0000527330739715,0.0000506792239321,0.0000289645577141,0.00002236166074,0.0000197588215087,0.0000159926203196,0.0000133325884235,0.0000106737998067,0.00000831774013932,0.00000616156376054,0.00000464088316221,0.00000498651388625,0.0000046552868298,0.00000325512814925,0.000002856467745,0.00000217623414756,0.0000017966527821,0.00000188679086932,0.00000147383934745,9.82506776381e-7,7.86524879004e-7,5.48364312181e-7,3.42155857425e-7,2.23479332817e-7,1.77245354394e-7],"min":[6.55530297426e-25,1.0930201309e-24,1.4017050516e-24,2.5855892384e-24,2.57886459361e-24,3.02374585656e-24,2.49546109112e-24,2.01907844286e-24,3.08845020015e-24,1.92357322243e-24,3.98448357859e-24,2.56697606534e-24,3.00828221066e-24,2.25816206728e-24,3.97197658337e-24,3.44990685857e-24,2.62162539063e-24,5.29077452319e-24,6.57408910507e-24,4.57139057005e-24,3.04795560331e-24,3.95079842908e-24,4.56393386234e-24,4.80565977636e-24,4.54646927076e-24,4.33510109096e-24,6.07826636031e-24,6.50226253079e-24,6.03767394471e-24,4.933242645e-24,5.73128944103e-24,6.95681680615e-24,6.90439463242e-24,5.94795994941e-24,6.65845225686e-24,4.35124591824e-24,5.38480516538e-24,6.71005007095e-24,7.09061550429e-24,7.4500489317e-24],"var":[0.00000937677214097,0.00000835548598843,0.00000285422015622,9.64579498941e-7,3.06187331489e-7,2.31583243249e-7,9.84983614671e-8,1.60804873417e-7,1.43628810179e-7,2.89416504984e-7,2.25487710281e-7,7.61001999194e-8,1.21377993878e-7,8.24797368182e-8,6.43640376552e-8,4.55956836731e-8,7.48571267195e-8,3.03497493803e-8,1.16131184669e-8,7.5981949621e-9,1.01390007501e-8,4.47479786558e-9,2.04564565287e-9,7.88837328791e-10,3.09828579459e-10,1.31788732705e-10,1.73202938103e-10,1.5473122783e-10,6.41245320732e-11,5.99804164669e-11,4.02560866586e-11,2.52870415579e-11,4.77300872437e-11,2.86092347729e-11,1.54738912655e-11,3.07490977125e-11,4.65075304656e-11,4.38024720661e-11,3.1869007433e-11,4.10719097621e-11]},"melbands_crest":{"dmean":3.01814436913,"dmean2":5.04852342606,"dvar":8.43301200867,"dvar2":22.8757266998,"max":30.3634605408,"mean":12.6681852341,"median":11.9833059311,"min":1.54496479034,"var":21.6031646729},"melbands_flatness_db":{"dmean":0.0233038049191,"dmean2":0.0359792485833,"dvar":0.000539178785402,"dvar2":0.00119852088392,"max":0.664860963821,"mean":0.223857060075,"median":0.191165789962,"min":0.00314253289253,"var":0.0103271743283},"melbands_kurtosis":{"dmean":4.38191890717,"dmean2":7.12462568283,"dvar":73.0658035278,"dvar2":186.863494873,"max":198.445465088,"mean":8.21188163757,"median":3.85943651199,"min":-1.66918075085,"var":186.394332886},"melbands_skewness":{"dmean":0.581659972668,"dmean2":0.921979546547,"dvar":0.425686299801,"dvar2":1.01024746895,"max":11.415930748,"mean":2.05592012405,"median":1.79621779919,"min":-1.13216710091,"var":2.0326333046},"melbands_spread":{"dmean":5.38554382324,"dmean2":8.60353088379,"dvar":54.9462547302,"dvar2":118.150184631,"max":204.525772095,"mean":24.1013336182,"median":21.2995452881,"min":0.613459229469,"var":280.658569336},"mfcc":{"cov":[[14982.28125,-3682.26879883,-253.791793823,593.178161621,-769.859802246,875.80480957,303.358032227,-106.736465454,-164.696762085,609.276611328,253.589691162,-54.2085189819,19.7745876312],[-3682.26879883,2758.53662109,-284.186889648,-271.621520996,313.28692627,-347.714660645,-119.654273987,91.5444412231,73.9368209839,-180.516967773,-105.875366211,-17.9510383606,-3.34564352036],[-253.791793823,-284.186889648,649.959899902,110.450065613,44.2829055786,128.527908325,79.639289856,9.7301607132,5.84873437881,-31.0198516846,25.1830101013,7.21779727936,23.048789978],[593.178161621,-271.621520996,110.450065613,306.4090271,-1.65339124203,122.034606934,50.2340736389,8.51507472992,20.4165439606,39.4750747681,14.6268129349,9.87014007568,12.7598161697],[-769.859802246,313.28692627,44.2829055786,-1.65339124203,225.86265564,-30.5796127319,-7.83860778809,35.7378692627,21.0428981781,-42.2211532593,-17.389081955,2.26394939423,-5.33962106705],[875.80480957,-347.714660645,128.527908325,122.034606934,-30.5796127319,240.120956421,106.566955566,11.2569570541,-5.08254480362,57.0553474426,35.5637245178,-11.3303890228,8.61617088318],[303.358032227,-119.654273987,79.639289856,50.2340736389,-7.83860778809,106.566955566,172.701644897,53.814781189,-5.10214471817,51.6385421753,38.2261886597,-7.78469753265,12.7148284912],[-106.736465454,91.5444412231,9.7301607132,8.51507472992,35.7378692627,11.2569570541,53.814781189,108.964546204,32.48204422,6.20243835449,11.1836042404,6.02957105637,2.53721857071],[-164.696762085,73.9368209839,5.84873437881,20.4165439606,21.0428981781,-5.08254480362,-5.10214471817,32.48204422,100.781440735,33.0867767334,1.97209215164,1.43517553806,7.21583795547],[609.276611328,-180.516967773,-31.0198516846,39.4750747681,-42.2211532593,57.0553474426,51.6385421753,6.20243835449,33.0867767334,139.73777771,54.2782478333,-6.56713438034,9.94671821594],[253.589691162,-105.875366211,25.1830101013,14.6268129349,-17.389081955,35.5637245178,38.2261886597,11.1836042404,1.97209215164,54.2782478333,91.5536575317,21.1576805115,3.93273043633],[-54.2085189819,-17.9510383606,7.21779727936,9.87014007568,2.26394939423,-11.3303890228,-7.78469753265,6.02957105637,1.43517553806,-6.56713438034,21.1576805115,72.0042572021,17.885471344],[19.7745876312,-3.34564352036,23.048789978,12.7598161697,-5.33962106705,8.61617088318,12.7148284912,2.53721857071,7.21583795547,9.94671821594,3.93273043633,17.885471344,69.7062683105]],"icov":[[0.000142998673255,0.000115332411951,0.000138203671668,-0.0000882024687598,0.000192482126295,-0.000334856566042,0.000160359530128,-0.000133966983412,0.00026499555679,-0.000337516190484,0.00000808838467492,0.000073839466495,-0.0000314948156301],[0.000115332411951,0.000688774103764,0.000340297003277,0.000159304952831,-0.000479270063806,0.000248855678365,-0.0000679228396621,-0.000298610160826,-0.000251499412116,0.000319144804962,-0.0000261239983956,0.000391823879909,-0.000304123444948],[0.000138203671668,0.000340297003277,0.00224533304572,-0.000376390933525,-0.00041623506695,-0.000988543382846,-0.000688953208737,0.000465341174277,-0.000674528710078,0.00156000291463,-0.000978132360615,0.000374260911485,-0.000690992223099],[-0.0000882024687598,0.000159304952831,-0.000376390933525,0.00450783828273,-0.000567231851164,-0.00170797703322,-0.0000510454883624,0.000156595167937,-0.00104733917397,-0.000365180399967,0.000872065778822,-0.00112081039697,-0.0000978555908659],[0.000192482126295,-0.000479270063806,-0.00041623506695,-0.000567231851164,0.0061622527428,-0.000396590679884,0.000458833790617,-0.00153179047629,-0.000183451003977,0.000464307609946,0.000160283030709,-0.0000893707328942,0.000623601779807],[-0.000334856566042,0.000248855678365,-0.000988543382846,-0.00170797703322,-0.000396590679884,0.0089212404564,-0.00394523749128,0.00092016311828,-0.000312564283377,0.0000385967505281,-0.000544570910279,0.00121433020104,0.0000454838118458],[0.000160359530128,-0.0000679228396621,-0.000688953208737,-0.0000510454883624,0.000458833790617,-0.00394523749128,0.0118028670549,-0.00620014732704,0.0039363889955,-0.00355851626955,-0.00116825115401,0.0016457970487,-0.00147210725117],[-0.000133966983412,-0.000298610160826,0.000465341174277,0.000156595167937,-0.00153179047629,0.00092016311828,-0.00620014732704,0.0143881030381,-0.00554518448189,0.002692442853,-0.00112260400783,-0.00144887773786,0.000842219102196],[0.00026499555679,-0.000251499412116,-0.000674528710078,-0.00104733917397,-0.000183451003977,-0.000312564283377,0.0039363889955,-0.00554518448189,0.0150752738118,-0.00687762442976,0.0022826329805,-0.000200126625714,-0.000820684537757],[-0.000337516190484,0.000319144804962,0.00156000291463,-0.000365180399967,0.000464307609946,0.0000385967505281,-0.00355851626955,0.002692442853,-0.00687762442976,0.0157112982124,-0.00770612992346,0.00336043629795,-0.00171344948467],[0.00000808838467492,-0.0000261239983956,-0.000978132360615,0.000872065778822,0.000160283030709,-0.000544570910279,-0.00116825115401,-0.00112260400783,0.0022826329805,-0.00770612992346,0.0178331118077,-0.00664398213848,0.00205573928542],[0.000073839466495,0.000391823879909,0.000374260911485,-0.00112081039697,-0.0000893707328942,0.00121433020104,0.0016457970487,-0.00144887773786,-0.000200126625714,0.00336043629795,-0.00664398213848,0.0181732270867,-0.00507204188034],[-0.0000314948156301,-0.000304123444948,-0.000690992223099,-0.0000978555908659,0.000623601779807,0.0000454838118458,-0.00147210725117,0.000842219102196,-0.000820684537757,-0.00171344948467,0.00205573928542,-0.00507204188034,0.0163815300912]],"mean":[-648.354858398,144.704696655,-5.46394109726,10.3486537933,4.26752901077,9.92852973938,-0.464409321547,8.98557853699,2.9604640007,2.08025479317,0.539902746677,1.93376195431,-2.3209707737]},"pitch_salience":{"dmean":0.0669060647488,"dmean2":0.110545888543,"dvar":0.00361455697566,"dvar2":0.00993723236024,"max":0.850301384926,"mean":0.56009054184,"median":0.561551988125,"min":0.091703787446,"var":0.0101786898449},"silence_rate_20dB":{"dmean":0,"dmean2":0,"dvar":0,"dvar2":0,"max":1,"mean":1,"median":1,"min":1,"var":0},"silence_rate_30dB":{"dmean":0.00137665192597,"dmean2":0.00275349360891,"dvar":0.00137476704549,"dvar2":0.00412269774824,"max":1,"mean":0.999311745167,"median":1,"min":0,"var":0.000687509367708},"silence_rate_60dB":{"dmean":0.0174834802747,"dmean2":0.0349693670869,"dvar":0.0171772912145,"dvar2":0.0433816201985,"max":1,"mean":0.107990913093,"median":0,"min":0,"var":0.0963235646486},"spectral_centroid":{"dmean":180.010986328,"dmean2":282.885223389,"dvar":50075.7734375,"dvar2":113838.71875,"max":12084.1396484,"mean":1229.70983887,"median":1204.03222656,"min":169.85534668,"var":515665.90625},"spectral_complexity":{"dmean":2.86797904968,"dmean2":4.64128875732,"dvar":8.50806331635,"dvar2":20.2599449158,"max":55,"mean":22.5469741821,"median":23,"min":0,"var":136.298278809},"spectral_contrast_coeffs":{"dmean":[0.0473272018135,0.0416519455612,0.0350964702666,0.0297225825489,0.022590700537,0.0190383717418],"dmean2":[0.0795841813087,0.0689432173967,0.0568876489997,0.0483109094203,0.0363428033888,0.0299198944122],"dvar":[0.00163063802756,0.00115677912254,0.000829901255202,0.000582650711294,0.000378882221412,0.00029010430444],"dvar2":[0.00448605883867,0.00307178474031,0.00209975847974,0.00147237628698,0.000869932409842,0.000637486227788],"max":[-0.295718938112,-0.445801824331,-0.478417754173,-0.537187814713,-0.573068976402,-0.605883479118],"mean":[-0.664390921593,-0.734883487225,-0.750743985176,-0.765415370464,-0.772868037224,-0.761637628078],"median":[-0.670769870281,-0.739572584629,-0.755041599274,-0.768112003803,-0.78068703413,-0.746575534344],"min":[-0.973435163498,-0.970907986164,-0.976183354855,-0.967423975468,-0.965049803257,-0.963349342346],"var":[0.00645979773253,0.00487422430888,0.00436610775068,0.00308875902556,0.00284472899511,0.00313654425554]},"spectral_contrast_valleys":{"dmean":[0.36163008213,0.315254837275,0.273258447647,0.239225074649,0.241710051894,0.329379916191],"dmean2":[0.604328632355,0.526310861111,0.450415730476,0.391445606947,0.362227618694,0.435831844807],"dvar":[0.112129330635,0.0770746916533,0.0609077215195,0.0543443001807,0.0819522514939,0.147044554353],"dvar2":[0.274635493755,0.194300815463,0.147698357701,0.124984882772,0.146429151297,0.23634403944],"max":[-4.91457557678,-4.69338655472,-5.04426431656,-5.61143302917,-5.70957946777,-7.36068820953],"mean":[-7.12054920197,-6.6744146347,-7.03138494492,-7.60519981384,-8.02590274811,-10.8075065613],"median":[-6.74507522583,-6.43624401093,-6.71402215958,-7.13944244385,-7.20002889633,-9.97960758209],"min":[-28.4856739044,-27.8484134674,-27.6801700592,-27.5487976074,-27.6039028168,-27.4035053253],"var":[2.36915040016,2.02168798447,2.11844849586,2.43379950523,3.85334682465,4.94311141968]},"spectral_decrease":{"dmean":2.12942574684e-9,"dmean2":3.60861873716e-9,"dvar":1.20454297226e-17,"dvar2":3.2442873966e-17,"max":7.99604414259e-20,"mean":-8.51244053024e-9,"median":-8.98243257552e-9,"min":-3.80235078978e-8,"var":3.43237900347e-17},"spectral_energy":{"dmean":0.00824904348701,"dmean2":0.0139509998262,"dvar":0.000175942041096,"dvar2":0.000472198356874,"max":0.145961746573,"mean":0.0345347002149,"median":0.0366385951638,"min":1.01965269718e-20,"var":0.000546856434084},"spectral_energyband_high":{"dmean":0.000342264596839,"dmean2":0.000462120777229,"dvar":5.18375827596e-7,"dvar2":8.22671665901e-7,"max":0.0157366730273,"mean":0.000990113592707,"median":0.000477340625366,"min":7.28946048567e-21,"var":0.00000268220469479},"spectral_energyband_low":{"dmean":0.00613723695278,"dmean2":0.0104324193671,"dvar":0.000126607104903,"dvar2":0.000336654629791,"max":0.117332682014,"mean":0.0134284393862,"median":0.00924809835851,"min":9.58573442699e-24,"var":0.000224439645535},"spectral_energyband_middle_high":{"dmean":0.00239616492763,"dmean2":0.00376729643904,"dvar":0.0000130850012283,"dvar2":0.0000326953268086,"max":0.0667828842998,"mean":0.00902059394866,"median":0.00669958721846,"min":1.27090182083e-21,"var":0.0000780872942414},"spectral_energyband_middle_low":{"dmean":0.00445801299065,"dmean2":0.00748146744445,"dvar":0.0000561875458516,"dvar2":0.000164892655448,"max":0.0942360535264,"mean":0.0127957360819,"median":0.0117161236703,"min":2.22546875258e-22,"var":0.0000911414826987},"spectral_entropy":{"dmean":0.138153523207,"dmean2":0.193851739168,"dvar":0.0237751957029,"dvar2":0.0418220534921,"max":9.81711101532,"mean":7.41996622086,"median":7.60989761353,"min":5.30851745605,"var":0.40074685216},"spectral_flux":{"dmean":0.0209880005568,"dmean2":0.0331896394491,"dvar":0.000733372173272,"dvar2":0.00155785493553,"max":0.346982955933,"mean":0.0853535309434,"median":0.0794261991978,"min":6.36940084009e-11,"var":0.00288600451313},"spectral_kurtosis":{"dmean":4.88455629349,"dmean2":8.22007274628,"dvar":110.432701111,"dvar2":300.274414062,"max":296.230072021,"mean":11.3336343765,"median":4.01339483261,"min":-1.27445447445,"var":437.961975098},"spectral_rms":{"dmean":0.000618931371719,"dmean2":0.00102888559923,"dvar":6.62583261146e-7,"dvar2":0.00000171239275915,"max":0.0119332186878,"mean":0.00533274002373,"median":0.0059787100181,"min":3.15401827919e-12,"var":0.00000525424093212},"spectral_rolloff":{"dmean":317.988739014,"dmean2":535.312805176,"dvar":571720,"dvar2":1081687,"max":19702.8808594,"mean":1382.61364746,"median":1098.19335938,"min":86.1328125,"var":2690037.75},"spectral_skewness":{"dmean":0.389179676771,"dmean2":0.632315695286,"dvar":0.338187098503,"dvar2":0.96674478054,"max":13.7329854965,"mean":1.98354399204,"median":1.54318082333,"min":-0.0857895463705,"var":1.64328324795},"spectral_spread":{"dmean":454832.34375,"dmean2":626331.9375,"dvar":517597102080,"dvar2":884464484352,"max":45129276,"mean":3872298.75,"median":3815467,"min":294626.59375,"var":6412356288510},"spectral_strongpeak":{"dmean":0.605512440205,"dmean2":1.04320037365,"dvar":1.29587328434,"dvar2":3.23813986778,"max":15.4603509903,"mean":1.02686011791,"median":0.440236747265,"min":0,"var":2.23201704025},"zerocrossingrate":{"dmean":0.00725407525897,"dmean2":0.00856712274253,"dvar":0.000135828813654,"dvar2":0.000121372650028,"max":0.5283203125,"mean":0.0534753166139,"median":0.04833984375,"min":0.00244140625,"var":0.00181713129859}},"metadata":{"audio_properties":{"analysis_sample_rate":44100,"bit_rate":256020,"codec":"mp3","downmix":"mix","equal_loudness":0,"length":337.31918335,"lossless":false,"md5_encoded":"51a2c2a0523211b8fbfa4d5ba1d6a976","replay_gain":-14.5702285767,"sample_rate":44100},"tags":{"album":["Eyes Wide, Tongue Tied"],"albumartist":["The Fratellis"],"artist":["The Fratellis"],"artistsort":["Fratellis, The"],"composer":["The Fratellis"],"date":["2015"],"file_name":"01. The Fratellis - Me and the Devil.mp3","genre":["Alternative Rock"],"label":["Cooking Vinyl"],"musicbrainz_albumid":["b264c2b1-9002-425c-a7c4-69e11315fc1f"],"musicbrainz_artistid":["f4ad883e-9a92-45ed-a540-a49c2d1c36dd"],"musicbrainz_recordingid":["a14cd982-92d7-411a-9ddb-26657b9f43a4"],"title":["Me and the Devil"],"tracknumber":["1/11"]},"version":{"essentia":"2.1-beta2","essentia_build_sha":"c0e182ba78c2de26e491b7b7a4a2c98c1ed34208","essentia_git_sha":"v2.1_beta2-2-gbb40004","extractor":"music 1.0"}},"rhythm":{"beats_count":592,"beats_loudness":{"dmean":0.0114194508642,"dmean2":0.0195957701653,"dvar":0.00012479670113,"dvar2":0.000360681995517,"max":0.109083011746,"mean":0.0479775927961,"median":0.056569788605,"min":9.65176133461e-11,"var":0.000846967799589},"beats_loudness_band_ratio":{"dmean":[0.140906661749,0.062780469656,0.0879240259528,0.0791411399841,0.0448998212814,0.0228001475334],"dmean2":[0.239685833454,0.109933778644,0.1512285918,0.1364081949,0.079989284277,0.0415749251842],"dvar":[0.0152425542474,0.0059607331641,0.00938132032752,0.0080498047173,0.00345427938737,0.00434615602717],"dvar2":[0.0393884368241,0.0172372758389,0.0248167682439,0.0236219149083,0.010218498297,0.0128494678065],"max":[0.982469201088,0.757999122143,0.836475491524,0.591116547585,0.484890013933,0.886985838413],"mean":[0.572270929813,0.0962788909674,0.137107893825,0.121927544475,0.0604975856841,0.0418763272464],"median":[0.608367621899,0.0602858439088,0.082976