{"lowlevel":{"average_loudness":0.185363158584,"barkbands":{"dmean":[0.00106088642497,0.00364503823221,0.00209871958941,0.00167178420816,0.00188350491226,0.00132014474366,0.000704152451362,0.000483152311062,0.000592573895119,0.000343518389855,0.000289525691187,0.000178676244104,0.000169875507709,0.000121851720905,0.000111629407911,0.000102060919744,0.0000774034560891,0.000094434901257,0.000120390825032,0.0000922226608964,0.0000678856304148,0.0000473378931929,0.0000131581391543,0.00000513406666869,0.00000264761092694,0.00000694309937899,0.0000802251670393],"dmean2":[0.00186616915744,0.00618506083265,0.0035879407078,0.00280680204742,0.00292087811977,0.00200114701875,0.00111224199645,0.000800669426098,0.000919252401218,0.000552588957362,0.000466847384814,0.000288234266918,0.000278714956949,0.000199415750103,0.000176464804099,0.000160807088832,0.000118575662782,0.000140880525578,0.000171351013705,0.000134109592182,0.0000968569875113,0.0000669309447403,0.0000181518953468,0.00000732753915145,0.00000433141985923,0.00000953204016696,0.000109006054117],"dvar":[0.0000151163285409,0.000100474440842,0.0000210998568946,0.0000112533480205,0.0000179089256562,0.0000128547144413,0.00000519764353157,0.00000353718792212,0.00000767247092881,0.00000209318977795,0.00000172771979123,1.95380508217e-7,2.30461637329e-7,1.03869382428e-7,1.11105542544e-7,1.13898522613e-7,8.47498995427e-8,1.0335465106e-7,2.46425656769e-7,1.31717371232e-7,8.12751679291e-8,4.26533155462e-8,1.83030191003e-9,2.127090587e-10,5.58503659986e-11,3.62017471556e-10,3.1490657193e-8],"dvar2":[0.0000423235687776,0.000267044611974,0.0000593540062255,0.0000307202426484,0.0000381736936106,0.0000281885531876,0.0000123294948935,0.00000992270543065,0.0000164775683515,0.00000511855296281,0.00000375860508939,4.8333038194e-7,6.17655018686e-7,2.82248805661e-7,2.62788745431e-7,2.66904550017e-7,1.96503151528e-7,2.15784851321e-7,5.05963214437e-7,2.59896580701e-7,1.64129431823e-7,9.13554956128e-8,3.84420451027e-9,4.26221391514e-10,1.40630826428e-10,6.98878899197e-10,5.37050937055e-8],"max":[0.0928820967674,0.14117026329,0.068452745676,0.0587580725551,0.0959259569645,0.106095418334,0.0795026049018,0.0501704961061,0.115175627172,0.044720955193,0.0579207986593,0.0121111320332,0.0185336340219,0.0062068249099,0.0101635698229,0.00822749920189,0.00844470597804,0.00759878568351,0.012564538978,0.00834378413856,0.0104964869097,0.00844040233642,0.00093489192659,0.000240855646553,0.000202499853913,0.000272579403827,0.00371110066772],"mean":[0.00114130193833,0.00541824568063,0.00302866124548,0.00235485611483,0.00326363905333,0.00216657156125,0.00108238321263,0.000669287750497,0.000823130656499,0.000443329685368,0.000408882566262,0.000276640668744,0.000269049021881,0.000203328207135,0.00017121018027,0.000151670508785,0.000116633491416,0.000147671904415,0.000179855385795,0.00013879587641,0.0000967017549556,0.0000648753120913,0.0000170397379406,0.00000627066219749,0.00000268243275059,0.00000908047059056,0.000194662803551],"median":[0.000107914805994,0.00130605208687,0.00135243707336,0.000869259471074,0.00114995893091,0.000403233221732,0.000243220827542,0.0000820452260086,0.000054556876421,0.0000470937593491,0.0000550353142899,0.0000371478090528,0.0000435671681771,0.0000321721163346,0.0000308537637466,0.0000225133589993,0.0000150497617142,0.0000140739575727,0.0000105669514596,0.00000864511457621,0.00000648789364277,0.00000424296649726,0.0000017225333977,7.94746711108e-7,5.23841777067e-7,0.00000135599702844,0.0000540524670214],"min":[1.05267075438e-12,1.53273151549e-12,9.54219559271e-13,8.75033606771e-13,1.74787712515e-12,1.06693289186e-12,4.90642736942e-13,1.3809617241e-13,1.43444013178e-14,7.27005261547e-14,1.190736149e-13,9.55990318917e-14,1.37595257453e-13,3.38005610914e-13,3.63425272949e-13,2.29390670955e-13,6.35942714504e-14,1.7406129977e-13,7.86966317307e-14,5.61495836805e-14,5.28928199254e-14,4.11263193368e-14,5.63344808085e-14,5.78383573132e-14,1.05675247741e-13,1.29511730658e-13,8.56923202102e-13],"var":[0.0000132191034936,0.000122310171719,0.0000238977518165,0.0000185561948456,0.0000440553703811,0.0000287258808385,0.00000994912807073,0.00000531634123035,0.0000186221750482,0.00000307336449623,0.00000275819820672,3.90695362285e-7,3.49438067815e-7,2.07582019129e-7,1.89778930348e-7,2.00701819608e-7,1.53128794977e-7,2.29144987429e-7,5.15528199685e-7,3.11783054485e-7,1.64484958987e-7,8.15855116798e-8,2.9086881792e-9,3.40167616297e-10,5.45942874242e-11,6.23444185166e-10,1.41207934234e-7]},"barkbands_crest":{"dmean":2.81998801231,"dmean2":4.70326328278,"dvar":6.22847890854,"dvar2":16.2910308838,"max":25.5404529572,"mean":11.0149326324,"median":10.5992832184,"min":2.65662789345,"var":15.3553695679},"barkbands_flatness_db":{"dmean":0.0358846224844,"dmean2":0.0568516813219,"dvar":0.00108912528958,"dvar2":0.00287885707803,"max":0.482511639595,"mean":0.185018464923,"median":0.17417730391,"min":0.0254924912006,"var":0.00586114032194},"barkbands_kurtosis":{"dmean":12.3185472488,"dmean2":20.3064670563,"dvar":440.798156738,"dvar2":1227.35229492,"max":448.128570557,"mean":27.9754047394,"median":14.0965166092,"min":-1.69469070435,"var":1545.88232422},"barkbands_skewness":{"dmean":0.924199700356,"dmean2":1.45289516449,"dvar":0.838673174381,"dvar2":2.08247661591,"max":17.7771663666,"mean":3.47100925446,"median":3.06284952164,"min":-1.78049719334,"var":4.86644506454},"barkbands_spread":{"dmean":5.12517309189,"dmean2":7.79747438431,"dvar":53.8897285461,"dvar2":106.989593506,"max":87.0968704224,"mean":14.7354593277,"median":10.2662696838,"min":0.378234237432,"var":204.265792847},"dissonance":{"dmean":0.0231057684869,"dmean2":0.0382065735757,"dvar":0.000525100971572,"dvar2":0.00131766998675,"max":0.500000059605,"mean":0.449855774641,"median":0.459870070219,"min":0.00166854343843,"var":0.00162153423298},"dynamic_complexity":5.21690177917,"erbbands":{"dmean":[0.140935346484,0.744558632374,2.15293765068,4.1870765686,5.74225568771,7.12103176117,6.91710567474,13.8937034607,9.66451072693,10.8606967926,9.41402244568,13.4954576492,11.65629673,9.91482925415,10.3332967758,7.16888141632,7.80823040009,5.64062595367,5.22194194794,6.24043130875,4.70091867447,4.31294107437,4.6626291275,5.90959739685,5.68615818024,4.14621162415,3.22618508339,2.52093219757,1.86624550819,0.788314700127,0.324565917253,0.136613458395,0.0730047896504,0.0324476584792,0.0180506203324,0.0158341675997,0.0136535977945,0.0180824063718,0.00938503909856,0.0018891224172],"dmean2":[0.237778574228,1.27159893513,3.6683485508,7.13524341583,9.18411064148,11.0139255524,10.7159767151,20.9170703888,14.9669475555,17.4979171753,15.9126567841,21.0754699707,18.6606483459,16.0730724335,16.6809597015,11.4571876526,12.6929750443,9.17866230011,8.28273105621,9.58241176605,7.10657596588,6.48334264755,6.84516859055,8.42542457581,8.22587490082,5.99193811417,4.49671554565,3.63504815102,2.63834238052,1.07773792744,0.451414108276,0.195168614388,0.103596925735,0.0503767132759,0.0301533825696,0.0227847639471,0.0186682511121,0.0240050014108,0.0121351145208,0.0026970107574],"dvar":[0.167613700032,4.50761175156,22.970823288,74.7566223145,134.548828125,360.144104004,429.807189941,1456.79516602,1019.28460693,1512.17077637,1392.49401855,5186.58203125,2652.73266602,1509.60791016,1952.48840332,297.364471436,438.38973999,220.061889648,202.718032837,398.707397461,234.35093689,270.749511719,261.025817871,545.982177734,564.267028809,267.449432373,160.731826782,144.184494019,70.730430603,8.12694358826,1.08102035522,0.174050927162,0.0386939570308,0.00739314313978,0.00281062023714,0.00164996751118,0.00145618920214,0.00320947961882,0.000747298123315,0.0000133150360853],"dvar2":[0.452941000462,11.9465532303,63.3129692078,211.314666748,325.629302979,769.807739258,968.778991699,3111.85107422,2240.81225586,3876.74365234,4009.07885742,10496.046875,6270.37548828,3534.77050781,4830.31445312,764.394470215,1159.00598145,590.590148926,487.872406006,911.360229492,511.364868164,617.956359863,534.868103027,1096.62805176,1155.76025391,508.092041016,307.61151123,336.559265137,151.97203064,16.0929603577,2.28903841972,0.367848366499,0.074634090066,0.0173342563212,0.00725430389866,0.00327085773461,0.00286801252514,0.00630028080195,0.00129740696866,0.0000246602157858],"max":[7.006980896,33.1185874939,66.862953186,137.669158936,225.993789673,422.362976074,782.837036133,1075.97094727,1408.42724609,907.173156738,896.527893066,3611.59350586,1659.73669434,1145.45336914,1924.2947998,369.810302734,746.139648438,312.403076172,440.027801514,666.512878418,468.103973389,514.085876465,410.561248779,689.550231934,539.554321289,321.243225098,505.75668335,505.982513428,346.477783203,81.9412384033,20.3336925507,6.82504367828,3.33514332771,2.26418733597,1.43927133083,0.782329559326,0.546726047993,1.52897715569,0.700526297092,0.0837883129716],"mean":[0.20860761404,1.00622224808,3.13511395454,6.25774335861,9.26468372345,11.2478103638,11.3082923889,22.2870769501,16.0179634094,17.0780467987,13.4389820099,19.1691112518,15.829410553,14.0396795273,15.4488143921,11.9430351257,12.9577217102,10.4016342163,9.16824817657,9.65690422058,7.53988409042,6.77738857269,7.57518482208,9.13843536377,8.72434139252,6.39375638962,4.63615512848,3.48576831818,2.55514979362,1.08934354782,0.419943243265,0.170546025038,0.0878076702356,0.0353344939649,0.0174978915602,0.0188530590385,0.0180397424847,0.0267986655235,0.0170629750937,0.00722050853074],"median":[0.0277220010757,0.313886940479,1.40266799927,2.76673603058,3.04356908798,3.49734020233,3.15021181107,3.82403111458,3.92045974731,2.76884293556,1.63213276863,1.30784296989,1.40286159515,1.76036679745,2.34086418152,1.73686599731,2.12730717659,1.92168617249,1.86460137367,1.42497777939,1.22382819653,0.905994057655,0.769141077995,0.691789805889,0.489810913801,0.414787650108,0.319720834494,0.223064512014,0.158825531602,0.0901292562485,0.0442571826279,0.0211994573474,0.0112174227834,0.00613927841187,0.00380651652813,0.00302566960454,0.00264968676493,0.00288488762453,0.00263458373956,0.00361682102084],"min":[5.66668829916e-11,3.07878222916e-10,9.92764093155e-10,2.24006546645e-9,4.05396827219e-9,6.15432860229e-9,7.9685165133e-9,8.74575967202e-9,7.86253906426e-9,5.32774846462e-9,2.20179696697e-9,3.74096503775e-10,1.21565402189e-9,3.7353515836e-9,4.83961581921e-9,3.82903664331e-9,6.00205884993e-9,1.45910190597e-8,2.01496899166e-8,1.6311691553e-8,1.1034109626e-8,3.68140273821e-9,7.3320909344e-9,8.69945360193e-9,2.94429347569e-9,2.21415086266e-9,2.3133761573e-9,1.79458525817e-9,1.79766801445e-9,2.26684759852e-9,1.2540346539e-9,9.64371027479e-10,1.03139596863e-9,1.33026001325e-9,7.20617177041e-10,4.19411144703e-10,2.39157416093e-10,1.4613170396e-10,6.29091917448e-11,2.91140202224e-11],"var":[0.230325818062,4.54138469696,25.8204498291,100.751655579,299.131530762,765.69342041,768.132751465,3252.8815918,1845.62792969,2987.14770508,1915.33789062,14389.6894531,4275.73193359,2280.03979492,2771.37426758,664.758789062,760.560119629,475.054626465,426.269226074,730.640930176,450.954437256,502.850219727,602.795227051,1134.70178223,1249.546875,649.305786133,358.099273682,233.706436157,134.869491577,14.789358139,1.67090511322,0.256043970585,0.0654353052378,0.00902942474931,0.0024677796755,0.00268482021056,0.00245405221358,0.00673145987093,0.00231034774333,0.00010050326091]},"erbbands_crest":{"dmean":2.85442852974,"dmean2":4.63753461838,"dvar":6.81515312195,"dvar2":17.458656311,"max":29.1586894989,"mean":9.81994628906,"median":8.78102588654,"min":2.30447626114,"var":20.486164093},"erbbands_flatness_db":{"dmean":0.029926488176,"dmean2":0.0460831709206,"dvar":0.000773078296334,"dvar2":0.00205110828392,"max":0.376311779022,"mean":0.153862372041,"median":0.147929191589,"min":0.0520906001329,"var":0.00255421083421},"erbbands_kurtosis":{"dmean":2.01281070709,"dmean2":3.20829200745,"dvar":13.0511617661,"dvar2":33.7713470459,"max":89.4371414185,"mean":2.61974978447,"median":0.50398015976,"min":-1.7676769495,"var":44.5686683655},"erbbands_skewness":{"dmean":0.467512845993,"dmean2":0.708610892296,"dvar":0.198350384831,"dvar2":0.464142680168,"max":7.64892435074,"mean":0.875065267086,"median":0.776678621769,"min":-3.37909436226,"var":1.45135104656},"erbbands_spread":{"dmean":8.2293214798,"dmean2":12.5524635315,"dvar":62.1941070557,"dvar2":142.131820679,"max":100.348670959,"mean":31.3672447205,"median":29.4068336487,"min":1.26841342449,"var":240.339035034},"gfcc":{"cov":[[11482.4511719,-1212.20288086,-2244.04394531,-72.4568099976,-697.860473633,-503.477905273,739.119384766,-67.0358505249,-23.2821025848,91.9613494873,-44.8934288025,257.238555908,-293.038787842],[-1212.20288086,1166.10339355,371.527404785,-379.820343018,157.542327881,104.116119385,-107.186386108,7.65540885925,14.4004955292,-28.3474502563,107.087631226,-72.2876968384,124.358016968],[-2244.04394531,371.527404785,889.783691406,50.7212562561,103.917350769,299.742034912,-235.806793213,101.926925659,-41.0595817566,19.2975959778,18.8987255096,-65.329864502,74.5025024414],[-72.4568099976,-379.820343018,50.7212562561,394.390258789,67.6644668579,-23.0982112885,75.46118927,-31.63920784,-2.71366000175,-6.35167074203,-44.7005348206,25.3603286743,-48.4908294678],[-697.860473633,157.542327881,103.917350769,67.6644668579,267.466705322,59.4095535278,5.27969789505,-37.9073944092,28.4140834808,-8.02124881744,38.5902252197,-3.48240113258,33.6853027344],[-503.477905273,104.116119385,299.742034912,-23.0982112885,59.4095535278,312.016052246,-58.5730438232,95.006729126,-43.6420593262,42.475605011,28.0976333618,-6.05084896088,39.2029876709],[739.119384766,-107.186386108,-235.806793213,75.46118927,5.27969789505,-58.5730438232,218.390686035,-30.5116500854,38.1675949097,4.77563142776,1.02271449566,31.2493019104,-40.7107276917],[-67.0358505249,7.65540885925,101.926925659,-31.63920784,-37.9073944092,95.006729126,-30.5116500854,154.607162476,19.8097057343,35.4150924683,0.498491883278,-15.1807451248,12.4680604935],[-23.2821025848,14.4004955292,-41.0595817566,-2.71366000175,28.4140834808,-43.6420593262,38.1675949097,19.8097057343,118.375511169,43.3762435913,19.6621246338,6.05312633514,-7.10958147049],[91.9613494873,-28.3474502563,19.2975959778,-6.35167074203,-8.02124881744,42.475605011,4.77563142776,35.4150924683,43.3762435913,87.7871704102,43.9426612854,10.3727769852,2.03667426109],[-44.8934288025,107.087631226,18.8987255096,-44.7005348206,38.5902252197,28.0976333618,1.02271449566,0.498491883278,19.6621246338,43.9426612854,81.594078064,32.4036026001,24.5886173248],[257.238555908,-72.2876968384,-65.329864502,25.3603286743,-3.48240113258,-6.05084896088,31.2493019104,-15.1807451248,6.05312633514,10.3727769852,32.4036026001,70.8865432739,18.1364917755],[-293.038787842,124.358016968,74.5025024414,-48.4908294678,33.6853027344,39.2029876709,-40.7107276917,12.4680604935,-7.10958147049,2.03667426109,24.5886173248,18.1364917755,77.9330825806]],"icov":[[0.000255802995525,-0.000200599679374,0.000662559876218,-0.000136635353556,0.000362038816093,-0.000163754317327,-0.000150226362166,-0.000210013604374,0.000478092115372,-0.000662085658405,0.000432030617958,-0.000727477716282,0.00053845817456],[-0.000200599679374,0.00340981385671,-0.0022883519996,0.00306047755294,-0.00110781542026,0.000801855174359,-0.00186293083243,0.000677553704008,-0.00115396641195,0.00391770154238,-0.00486156623811,0.0044504837133,-0.00281902705319],[0.000662559876218,-0.0022883519996,0.00598478503525,-0.00421041063964,0.00252660224214,-0.00391460163519,0.00348020391539,-0.000447363854619,-0.000414254725911,-0.000794326886535,-0.0000120951681311,0.00048815770424,0.000441578391474],[-0.000136635353556,0.00306047755294,-0.00421041063964,0.00875245127827,-0.00474859308451,0.00358811253682,-0.00400679605082,-0.000225341369514,0.00254113203846,-0.00210500974208,0.00419307174161,-0.0039806496352,0.00215435121208],[0.000362038816093,-0.00110781542026,0.00252660224214,-0.00474859308451,0.00939477421343,-0.00470811408013,0.000857181788888,0.00314106489532,-0.00526609178632,0.00597606040537,-0.00759506970644,0.00590726267546,-0.00360309355892],[-0.000163754317327,0.000801855174359,-0.00391460163519,0.00358811253682,-0.00470811408013,0.00971021875739,-0.00266720773652,-0.00435177376494,0.00694288872182,-0.00659451726824,0.00394660327584,-0.00435313163325,0.00110651995055],[-0.000150226362166,-0.00186293083243,0.00348020391539,-0.00400679605082,0.000857181788888,-0.00266720773652,0.00996312871575,0.000544392853044,-0.00323725980707,0.000910420145374,-0.000137134047691,-0.00168331945315,0.00279226596467],[-0.000210013604374,0.000677553704008,-0.000447363854619,-0.000225341369514,0.00314106489532,-0.00435177376494,0.000544392853044,0.011350447312,-0.00537136523053,0.00108985009138,-0.00124726817012,0.00487055303529,-0.00354192615487],[0.000478092115372,-0.00115396641195,-0.000414254725911,0.00254113203846,-0.00526609178632,0.00694288872182,-0.00323725980707,-0.00537136523053,0.0191484522074,-0.0150794992223,0.00876338966191,-0.00827214494348,0.0048692272976],[-0.000662085658405,0.00391770154238,-0.000794326886535,-0.00210500974208,0.00597606040537,-0.00659451726824,0.000910420145374,0.00108985009138,-0.0150794992223,0.0360789783299,-0.0275066383183,0.0160014107823,-0.00561973266304],[0.000432030617958,-0.00486156623811,-0.0000120951681311,0.00419307174161,-0.00759506970644,0.00394660327584,-0.000137134047691,-0.00124726817012,0.00876338966191,-0.0275066383183,0.0448079258204,-0.0273190923035,0.00716677075252],[-0.000727477716282,0.0044504837133,0.00048815770424,-0.0039806496352,0.00590726267546,-0.00435313163325,-0.00168331945315,0.00487055303529,-0.00827214494348,0.0160014107823,-0.0273190923035,0.0399786047637,-0.0166597831994],[0.00053845817456,-0.00281902705319,0.000441578391474,0.00215435121208,-0.00360309355892,0.00110651995055,0.00279226596467,-0.00354192615487,0.0048692272976,-0.00561973266304,0.00716677075252,-0.0166597831994,0.0255058128387]],"mean":[-77.9618759155,109.185974121,-66.9421310425,7.00948667526,-14.5081911087,-16.278585434,-11.9319992065,-21.2526817322,-6.65585231781,-8.73795127869,-5.79571294785,-5.18251657486,-7.0764875412]},"hfc":{"dmean":36.3762741089,"dmean2":57.527256012,"dvar":6363.87255859,"dvar2":16524.7460938,"max":2831.13671875,"mean":124.192008972,"median":74.8844451904,"min":4.01021509333e-7,"var":27487.3183594},"melbands":{"dmean":[0.00111905578524,0.00104609364644,0.00073497381527,0.000436389353126,0.00026117922971,0.000287196831778,0.000147578859469,0.000116921466542,0.0000821918147267,0.0000865006222739,0.000058395373344,0.0000413147754443,0.0000383735205105,0.0000210441958188,0.0000185254957614,0.0000160511717695,0.0000114448830573,0.00000912456198421,0.00000864225148689,0.00000828475640446,0.00000532760941496,0.00000471501971333,0.0000041227285692,0.00000483388612338,0.00000505875823364,0.00000473795580547,0.00000380858773497,0.00000269230963568,0.0000021883329282,0.00000162611274845,0.00000152218694893,0.00000121869015857,6.81302140038e-7,3.5631467199e-7,2.08791647083e-7,1.10547581755e-7,7.38040597525e-8,5.41307372259e-8,3.92161751961e-8,2.40913173855e-8],"dmean2":[0.00189229566604,0.0017737102462,0.00123176339548,0.000677070464008,0.000404717342462,0.000432745990111,0.000229461104027,0.000188938312931,0.000139002440847,0.00013450604456,0.0000938312077778,0.000067355169449,0.0000615613680566,0.0000337824058079,0.0000300961019093,0.0000263503770839,0.000018950768208,0.0000146442580444,0.0000136347453008,0.0000130824055304,0.00000820762761577,0.00000722666618458,0.00000609628750681,0.00000731849422664,0.00000732358830646,0.00000698688336342,0.00000570860538573,0.00000392078163713,0.00000310435325446,0.00000241243287746,0.00000227620466831,0.00000175761476839,9.50028493207e-7,4.98198971854e-7,2.95942612638e-7,1.61025795364e-7,1.07357173817e-7,7.73711903435e-8,5.7900713557e-8,3.95424528676e-8],"dvar":[0.0000100691777334,0.00000619358070253,0.00000211178371501,9.19956448797e-7,5.36926052064e-7,6.03023522672e-7,2.1282085072e-7,1.76933568241e-7,1.15365033082e-7,2.08260814816e-7,6.75400286809e-8,2.63084736218e-8,3.32667866587e-8,2.90722868002e-9,2.05511563323e-9,2.89062951353e-9,9.54245349405e-10,6.49589382284e-10,7.16492698505e-10,7.2367900561e-10,3.38914979414e-10,3.23823634574e-10,2.23224452811e-10,2.77512096636e-10,4.26382346097e-10,4.13538925326e-10,2.56023396927e-10,1.13497711229e-10,7.47836098602e-11,5.09412859118e-11,5.8341047271e-11,3.46764249259e-11,7.18066535052e-12,1.75414435581e-12,4.7225634861e-13,1.26049561414e-13,5.02579443719e-14,2.21101365976e-14,1.10765473603e-14,4.68722706725e-15],"dvar2":[0.0000269138236035,0.0000165223991644,0.00000580648338655,0.00000193380560631,0.00000118855496112,0.00000130291289224,4.80048640839e-7,4.67884916588e-7,3.27711461523e-7,4.15007320953e-7,1.59559832014e-7,6.15174897689e-8,7.70001662431e-8,7.32089855404e-9,5.27993204713e-9,7.76920572321e-9,2.6411932641e-9,1.56853596778e-9,1.66007518843e-9,1.72938585674e-9,7.3628969588e-10,7.67570729199e-10,4.36076647015e-10,6.31084962066e-10,8.95314655747e-10,8.85496176384e-10,5.59153667812e-10,2.17095855182e-10,1.45056910927e-10,1.06848037362e-10,1.42887868204e-10,7.83302520069e-11,1.38541903644e-11,3.78218940542e-12,1.0423158647e-12,2.74416313241e-13,1.07869564518e-13,4.30073389553e-14,2.26865476004e-14,1.18795007129e-14],"max":[0.0524369478226,0.0411676354706,0.0236179549247,0.0273278988898,0.0208253245801,0.0223760455847,0.0189795158803,0.0106873875484,0.0073215495795,0.02263279818,0.00800075009465,0.00422806525603,0.00883644353598,0.00150465592742,0.000717263726983,0.00247272849083,0.000671441142913,0.000860609638039,0.000784428149927,0.00072194263339,0.000694650167134,0.000549031246919,0.000479438545881,0.000432269036537,0.000649594760034,0.000495332526043,0.000305648049107,0.000245441187872,0.000303958891891,0.000262734363787,0.000293914024951,0.000255026505329,0.0000730959509383,0.0000414190908486,0.000012387521565,0.00000675748697176,0.00000370605607714,0.00000243832892011,0.00000201591569748,0.00000187277953501],"mean":[0.00167162483558,0.00157418102026,0.00119933241513,0.000741641561035,0.000437705079094,0.000468576326966,0.00024244148517,0.000181642113603,0.000110538960143,0.000121239958389,0.0000770112819737,0.0000559074142075,0.000054901225667,0.0000335522599926,0.000030097869967,0.000025036304578,0.0000191101207747,0.0000151116882989,0.0000130705157062,0.000012086341485,0.00000798742166808,0.00000693691936249,0.00000650404945191,0.00000721650212654,0.00000740689574741,0.0000068540398388,0.00000540802193427,0.00000398673864765,0.00000307804907607,0.00000223060624194,0.00000199652504307,0.00000160494960255,9.34237220918e-7,4.65746921918e-7,2.61432717252e-7,1.36213017754e-7,8.87103865921e-8,6.4725874438e-8,4.48375025996e-8,2.41200339701e-8],"median":[0.000316879362799,0.000700286822394,0.00053976039635,0.000256354687735,0.000123543664813,0.0000804406299721,0.0000591806892771,0.0000274120247923,0.0000117623912956,0.00000768808422436,0.00000665147035761,0.00000658663248032,0.00000771391751186,0.00000474224543723,0.00000445619207312,0.00000399815098717,0.0000032150021525,0.00000287473380922,0.00000204278740057,0.00000164241237144,0.00000129068598653,9.11184145025e-7,6.73290230679e-7,6.92199023433e-7,5.07013851347e-7,3.75440777134e-7,2.76528652421e-7,2.57430457395e-7,2.07421365417e-7,1.45644008853e-7,1.18032275509e-7,9.42153448591e-8,6.47204529969e-8,4.22957455726e-8,2.65716124659e-8,1.65106008865e-8,1.10737081727e-8,7.91263410349e-9,5.9303237876e-9,4.62135751889e-9],"min":[5.16110374923e-13,4.89191152864e-13,4.38809958422e-13,3.70369479443e-13,2.84483049097e-13,1.97690144419e-13,1.15771690737e-13,5.1815021322e-14,1.41919048941e-14,1.60183014754e-15,6.22095724814e-15,1.46215962379e-14,1.65845713763e-14,1.17549080956e-14,9.15593996291e-15,1.63230601182e-14,2.85135244138e-14,3.30249167585e-14,2.6325279169e-14,1.79660262091e-14,1.18125461466e-14,4.110855875e-15,2.67946950875e-15,9.71142247565e-15,7.1381109709e-15,1.45547206574e-15,2.74802009693e-15,1.02424801581e-15,1.7341341528e-15,7.27758320424e-16,1.10876972785e-15,8.95494455024e-16,9.02958509355e-16,1.48499836373e-15,6.82655827686e-16,5.20782431631e-16,6.38864118434e-16,7.6347050003e-16,8.67708703859e-16,1.1541469769e-15],"var":[0.0000129246727738,0.00000692208959663,0.00000357309568244,0.00000231663852901,0.00000106151082946,0.00000136975779697,4.05161216577e-7,3.45837776194e-7,1.55118769385e-7,5.72492012907e-7,1.05917230542e-7,3.92430088425e-8,4.78798192205e-8,6.08967187787e-9,4.19004031471e-9,3.58312912674e-9,1.83668713571e-9,1.28677069e-9,1.21468901604e-9,1.28059718385e-9,6.02841221387e-10,5.45736622559e-10,5.14764619819e-10,5.50458512105e-10,7.97023558263e-10,8.22493462227e-10,5.12005715603e-10,2.61797528101e-10,1.59938548516e-10,9.1892389531e-11,8.55263013189e-11,6.17338888342e-11,1.36359049052e-11,2.68244107482e-12,6.81084095372e-13,1.73957893988e-13,7.20343245773e-14,3.68735363152e-14,1.69383024994e-14,4.50285382914e-15]},"melbands_crest":{"dmean":3.69680643082,"dmean2":6.15278768539,"dvar":10.7770576477,"dvar2":28.1929855347,"max":34.4748687744,"mean":16.5417499542,"median":15.7949018478,"min":3.33509135246,"var":31.0674591064},"melbands_flatness_db":{"dmean":0.0445093885064,"dmean2":0.0692337974906,"dvar":0.00163993495516,"dvar2":0.0042249369435,"max":0.656979382038,"mean":0.305949985981,"median":0.297920763493,"min":0.0614086985588,"var":0.0094851301983},"melbands_kurtosis":{"dmean":12.4996833801,"dmean2":20.2089290619,"dvar":305.222412109,"dvar2":766.119934082,"max":273.127960205,"mean":26.2399425507,"median":15.1625156403,"min":-1.82099843025,"var":1108.30432129},"melbands_skewness":{"dmean":0.965055763721,"dmean2":1.5330953598,"dvar":0.862322628498,"dvar2":2.13796472549,"max":11.5682573318,"mean":3.29658198357,"median":3.02489376068,"min":-1.28808474541,"var":3.47845077515},"melbands_spread":{"dmean":4.82350301743,"dmean2":7.22318744659,"dvar":108.497245789,"dvar2":197.868240356,"max":165.273788452,"mean":12.0295171738,"median":6.98929309845,"min":0.308647334576,"var":343.642272949},"mfcc":{"cov":[[12058.8300781,-924.448669434,-2268.85473633,238.950195312,-1547.18029785,-209.385055542,-127.034370422,163.461288452,-230.903259277,22.3938560486,189.839889526,-9.21901607513,-162.065673828],[-924.448669434,1233.61694336,226.310897827,-367.231933594,181.315872192,-58.1258239746,53.7170333862,-65.2366409302,5.66093635559,-33.0350952148,33.47889328,-1.59911811352,-4.09743785858],[-2268.85473633,226.310897827,881.726074219,-158.26512146,380.759979248,41.2540054321,79.7589263916,-21.6248493195,58.6398086548,21.3618164062,-27.7423343658,32.7050094604,10.0196285248],[238.950195312,-367.231933594,-158.26512146,411.150482178,-74.6955337524,55.5663452148,-32.3273887634,33.1642189026,-9.06510639191,-0.261398941278,-14.1010837555,-18.1052684784,1.32668566704],[-1547.18029785,181.315872192,380.759979248,-74.6955337524,396.743164062,76.5752029419,60.9384765625,-15.9740142822,42.8660850525,-5.43798398972,-27.0138683319,25.0466327667,50.790309906],[-209.385055542,-58.1258239746,41.2540054321,55.5663452148,76.5752029419,171.306228638,71.2509918213,20.4521217346,0.11354264617,-0.204949617386,-8.72756004333,21.7450962067,26.4843997955],[-127.034370422,53.7170333862,79.7589263916,-32.3273887634,60.9384765625,71.2509918213,134.440246582,35.0867614746,12.0980587006,-7.10097122192,3.38678216934,11.3404779434,5.03165054321],[163.461288452,-65.2366409302,-21.6248493195,33.1642189026,-15.9740142822,20.4521217346,35.0867614746,81.2153091431,27.0065326691,6.98756361008,1.81108880043,5.31820344925,0.257594347],[-230.903259277,5.66093635559,58.6398086548,-9.06510639191,42.8660850525,0.11354264617,12.0980587006,27.0065326691,75.4508209229,37.113243103,10.2936105728,7.03720903397,9.39337158203],[22.3938560486,-33.0350952148,21.3618164062,-0.261398941278,-5.43798398972,-0.204949617386,-7.10097122192,6.98756361008,37.113243103,76.6760101318,40.6346931458,15.6823415756,5.11201429367],[189.839889526,33.47889328,-27.7423343658,-14.1010837555,-27.0138683319,-8.72756004333,3.38678216934,1.81108880043,10.2936105728,40.6346931458,77.250793457,32.9348754883,5.20907735825],[-9.21901607513,-1.59911811352,32.7050094604,-18.1052684784,25.0466327667,21.7450962067,11.3404779434,5.31820344925,7.03720903397,15.6823415756,32.9348754883,72.2386016846,40.8091850281],[-162.065673828,-4.09743785858,10.0196285248,1.32668566704,50.790309906,26.4843997955,5.03165054321,0.257594347,9.39337158203,5.11201429367,5.20907735825,40.8091850281,71.6653900146]],"icov":[[0.000242929672822,0.0000710350359441,0.00043081046897,0.000157556409249,0.000467983656563,0.0000837596817291,-0.000220424466534,-0.000306876143441,0.000422326527769,-0.000247962598223,-0.0000202446044568,-0.000431030901382,0.000353487441316],[0.0000710350359441,0.00131575134583,0.000103875165223,0.000991879263893,-0.000317128869938,0.000236706211581,-0.000340836500982,0.000524322909769,-0.000242941576289,0.00119061535224,-0.00152575946413,0.000761963892728,-0.000013771259546],[0.00043081046897,0.000103875165223,0.00311597925611,0.000532716803718,-0.00137581420131,0.000751803920139,-0.00119775382336,0.00000633090530755,0.000555388862267,-0.00195534387603,0.00173118128441,-0.00281661166809,0.00286071212031],[0.000157556409249,0.000991879263893,0.000532716803718,0.00396544951946,0.000293203251204,-0.00162809866015,0.00138687260915,-0.00136112351902,0.000305693742121,0.000608201604337,-0.00101114378776,0.00154860119801,-0.000325273431372],[0.000467983656563,-0.000317128869938,-0.00137581420131,0.000293203251204,0.00699527421966,-0.00180040823761,-0.000689537613653,0.000975463422947,-0.00201215478592,0.00133433670271,0.000416501687141,0.000363571685739,-0.00308903981932],[0.0000837596817291,0.000236706211581,0.000751803920139,-0.00162809866015,-0.00180040823761,0.0101243341342,-0.00558566953987,-0.000179067341378,0.00287928828038,-0.00304107810371,0.00288209295832,-0.00278997747228,-0.000725974678062],[-0.000220424466534,-0.000340836500982,-0.00119775382336,0.00138687260915,-0.000689537613653,-0.00558566953987,0.013267387636,-0.00518985604867,-0.00106122717261,0.00386769417673,-0.00345426402055,0.00167175766546,0.000426196173066],[-0.000306876143441,0.000524322909769,0.00000633090530755,-0.00136112351902,0.000975463422947,-0.000179067341378,-0.00518985604867,0.019283130765,-0.00895338319242,0.00216614641249,0.00123302987777,-0.00206124875695,0.00113339768723],[0.000422326527769,-0.000242941576289,0.000555388862267,0.000305693742121,-0.00201215478592,0.00287928828038,-0.00106122717261,-0.00895338319242,0.0250333882868,-0.0133979804814,0.00275138393044,0.000623907602858,-0.00155422207899],[-0.000247962598223,0.00119061535224,-0.00195534387603,0.000608201604337,0.00133433670271,-0.00304107810371,0.00386769417673,0.00216614641249,-0.0133979804814,0.0282903593034,-0.0151583822444,0.0036944928579,-0.00159558898304],[-0.0000202446044568,-0.00152575946413,0.00173118128441,-0.00101114378776,0.000416501687141,0.00288209295832,-0.00345426402055,0.00123302987777,0.00275138393044,-0.0151583822444,0.0281138196588,-0.0145159969106,0.00546463672072],[-0.000431030901382,0.000761963892728,-0.00281661166809,0.00154860119801,0.000363571685739,-0.00278997747228,0.00167175766546,-0.00206124875695,0.000623907602858,0.0036944928579,-0.0145159969106,0.0315055809915,-0.0171333905309],[0.000353487441316,-0.000013771259546,0.00286071212031,-0.000325273431372,-0.00308903981932,-0.000725974678062,0.000426196173066,0.00113339768723,-0.00155422207899,-0.00159558898304,0.00546463672072,-0.0171333905309,0.0264587122947]],"mean":[-747.899169922,166.996002197,8.2657327652,36.4449157715,9.62716197968,17.3308753967,-0.796376168728,0.615783333778,-2.76623296738,-1.92898571491,-1.09304404259,-0.448416739702,0.625293791294]},"pitch_salience":{"dmean":0.0756173655391,"dmean2":0.125361785293,"dvar":0.00432493677363,"dvar2":0.0114492671564,"max":0.864242613316,"mean":0.542431175709,"median":0.553792059422,"min":0.0697876438498,"var":0.0145354298875},"silence_rate_20dB":{"dmean":0,"dmean2":0,"dvar":0,"dvar2":0,"max":1,"mean":1,"median":1,"min":1,"var":0},"silence_rate_30dB":{"dmean":0.026515820995,"dmean2":0.0530410185456,"dvar":0.0258116479963,"dvar2":0.0611847229302,"max":1,"mean":0.965888977051,"median":1,"min":0,"var":0.0329451113939},"silence_rate_60dB":{"dmean":0.0330563895404,"dmean2":0.0661244690418,"dvar":0.0319637618959,"dvar2":0.0766038224101,"max":1,"mean":0.157299399376,"median":0,"min":0,"var":0.13255789876},"spectral_centroid":{"dmean":192.923309326,"dmean2":276.29397583,"dvar":102032.414062,"dvar2":168330.078125,"max":4123.27246094,"mean":724.247680664,"median":511.766601562,"min":112.504371643,"var":458522.90625},"spectral_complexity":{"dmean":2.80767202377,"dmean2":4.04313993454,"dvar":18.4468078613,"dvar2":30.1891708374,"max":61,"mean":11.5593852997,"median":8,"min":0,"var":120.037322998},"spectral_contrast_coeffs":{"dmean":[0.0532820820808,0.0496602617204,0.0377080403268,0.0297977924347,0.0249857082963,0.0338539518416],"dmean2":[0.0883149057627,0.0814512446523,0.0625302568078,0.0495754890144,0.0414198674262,0.051300290972],"dvar":[0.00187881244346,0.00151516846381,0.000995177659206,0.000579576590098,0.000537843850907,0.00107320083771],"dvar2":[0.00494540343061,0.00391657464206,0.00253389240243,0.00153513427358,0.00144735595677,0.00219767424278],"max":[-0.309818565845,-0.445558458567,-0.417883694172,-0.603576958179,-0.675212919712,-0.446552753448],"mean":[-0.652015447617,-0.764610528946,-0.831547558308,-0.8323174119,-0.84924608469,-0.779930830002],"median":[-0.659986615181,-0.771306812763,-0.839090228081,-0.832895934582,-0.846482872963,-0.785017251968],"min":[-0.987277984619,-0.946557998657,-0.970898926258,-0.976597905159,-0.96691852808,-0.968206942081],"var":[0.00718199415132,0.00500097218901,0.00429814122617,0.00227148947306,0.00256258365698,0.00759662501514]},"spectral_contrast_valleys":{"dmean":[0.411702156067,0.420456558466,0.411821573973,0.356864243746,0.491638064384,0.638834655285],"dmean2":[0.679175376892,0.688161432743,0.668012440205,0.564547479153,0.728674829006,1.01469361782],"dvar":[0.127945169806,0.131851837039,0.144264608622,0.120516553521,0.255877435207,0.288223832846],"dvar2":[0.315250754356,0.343913674355,0.378001242876,0.298332929611,0.65852701664,0.788863658905],"max":[-4.72540235519,-4.49390077591,-5.24503517151,-5.72072696686,-5.26005649567,-9.10454559326],"mean":[-7.22293376923,-7.11961221695,-7.84027862549,-8.23138237,-8.47443294525,-11.5005950928],"median":[-7.20516490936,-7.01130580902,-7.719373703,-8.12464332581,-8.36610412598,-11.4543991089],"min":[-14.2471981049,-15.5536518097,-16.0780448914,-17.176027298,-17.5996112823,-18.2927894592],"var":[0.792102396488,1.22260546684,1.3082010746,1.23971557617,1.61929321289,0.986384451389]},"spectral_decrease":{"dmean":2.24097673751e-9,"dmean2":3.62137742016e-9,"dvar":1.86491558326e-17,"dvar2":4.79086301742e-17,"max":2.06306829398e-8,"mean":-4.41590719547e-9,"median":-2.15892637101e-9,"min":-6.12161485947e-8,"var":3.89357620098e-17},"spectral_energy":{"dmean":0.0093040112406,"dmean2":0.0147667685524,"dvar":0.000312229327392,"dvar2":0.000778136891313,"max":0.261005461216,"mean":0.0279311705381,"median":0.015869576484,"min":2.81178847567e-11,"var":0.00104972533882},"spectral_energyband_high":{"dmean":0.0002315442689,"dmean2":0.00030247803079,"dvar":5.24538563695e-7,"dvar2":9.27966596009e-7,"max":0.0212884712964,"mean":0.00039958540583,"median":0.0000562846507819,"min":1.04184174309e-12,"var":0.00000148547894696},"spectral_energyband_low":{"dmean":0.00604999205098,"dmean2":0.0101844863966,"dvar":0.000203372750548,"dvar2":0.000534673104994,"max":0.198824182153,"mean":0.0104973381385,"median":0.00450579961762,"min":3.46098887397e-12,"var":0.000273271725746},"spectral_energyband_middle_high":{"dmean":0.00101439503487,"dmean2":0.00147944816854,"dvar":0.00000569505164094,"dvar2":0.0000124009156934,"max":0.067043274641,"mean":0.00236354279332,"median":0.000507408520207,"min":1.70921415042e-12,"var":0.0000189954444068},"spectral_energyband_middle_low":{"dmean":0.00436612311751,"dmean2":0.0067273392342,"dvar":0.0000604243359703,"dvar2":0.000139015959576,"max":0.144877806306,"mean":0.0105141289532,"median":0.00431731063873,"min":4.34372459876e-12,"var":0.000237844229559},"spectral_entropy":{"dmean":0.325452893972,"dmean2":0.504525184631,"dvar":0.116480216384,"dvar2":0.319391995668,"max":8.28449249268,"mean":7.08197164536,"median":7.17332601547,"min":4.35779333115,"var":0.422831326723},"spectral_flux":{"dmean":0.0206960774958,"dmean2":0.0328789949417,"dvar":0.000853943463881,"dvar2":0.00189856439829,"max":0.393571764231,"mean":0.0766046792269,"median":0.063046194613,"min":0.00355534045957,"var":0.00338036590256},"spectral_kurtosis":{"dmean":7.75082159042,"dmean2":12.4596319199,"dvar":129.95173645,"dvar2":368.749145508,"max":140.708404541,"mean":18.8908863068,"median":15.1898097992,"min":2.18255853653,"var":165.675247192},"spectral_rms":{"dmean":0.000751305895392,"dmean2":0.00116511632223,"dvar":0.00000102883086583,"dvar2":0.00000241250540967,"max":0.0159574262798,"mean":0.00446661515161,"median":0.00393478292972,"min":1.65626332205e-7,"var":0.00000729945168132},"spectral_rolloff":{"dmean":4260.52734375,"dmean2":8289.49414062,"dvar":63556732,"dvar2":162295088,"max":22006.9335938,"mean":14285.5947266,"median":21727.0019531,"min":64.599609375,"var":98918480},"spectral_skewness":{"dmean":0.632677018642,"dmean2":0.97257232666,"dvar":0.568326473236,"dvar2":1.57938730717,"max":9.39750766754,"mean":3.01717352867,"median":2.80976343155,"min":0.680768370628,"var":1.22952568531},"spectral_spread":{"dmean":688377,"dmean2":1069407.875,"dvar":466932006912,"dvar2":1095549059070,"max":29016016,"mean":3962690.25,"median":3941134.25,"min":1018358.1875,"var":1226108698620},"spectral_strongpeak":{"dmean":5.31873655319,"dmean2":9.4786939621,"dvar":254.488006592,"dvar2":634.390380859,"max":186.995483398,"mean":6.81844568253,"median":0.304316878319,"min":0,"var":397.742889404},"zerocrossingrate":{"dmean":0.0457714684308,"dmean2":0.0574421100318,"dvar":0.00153074087575,"dvar2":0.00235432665795,"max":0.79150390625,"mean":0.306318044662,"median":0.28759765625,"min":0.02294921875,"var":0.0172331612557}},"metadata":{"audio_properties":{"analysis_sample_rate":44100,"bit_rate":160000,"codec":"vorbis","downmix":"mix","equal_loudness":0,"length":131.333511353,"lossless":false,"md5_encoded":"9abfed69231817f76db8671d06a0b583","replay_gain":-8.81026649475},"tags":{"album":["1970-1975: The Lamb Lies Down on Broadway"],"albumartist":["Genesis"],"albumartistsort":["Genesis"],"artist":["Genesis"],"artistsort":["Genesis"],"date":["2008-11-07"],"discnumber":["1"],"file_name":"03 - Genesis - Broadway Melody of 1974.ogg","genre":["Progressive Rock"],"isrc":["GBAAA0701778"],"musicbrainz_albumartistid":["8e3fcd7d-bda1-4ca0-b987-b8528d2ee74e"],"musicbrainz_albumid":["c3441287-ded3-40f9-a55d-f684c6b3866f"],"musicbrainz_artistid":["8e3fcd7d-bda1-4ca0-b987-b8528d2ee74e"],"musicbrainz_discid":["xwbGM8HfvsfOZTfV._qALZugJCQ-"],"musicbrainz_recordingid":["a197292c-0d32-4d3f-b854-5377ba6bd08c"],"title":["Broadway Melody of 1974"],"tracknumber":["3"]},"version":{"essentia":"2.1-beta1","essentia_build_sha":"ab033649a6180e58ab3ffa3648ee50b8e9460706","essentia_git_sha":"v2.1_beta1-8-g0ed32f5-dirty","extractor":"music 1.0"}},"rhythm":{"beats_count":280,"beats_loudness":{"dmean":0.0253801234066,"dmean2":0.0458642393351,"dvar":0.000672310881782,"dvar2":0.00218635587953,"max":0.237987414002,"mean":0.0357427410781,"median":0.0252374447882,"min":0.0000512213082402,"var":0.00116727652494},"beats_loudness_band_ratio":{"dmean":[0.217285573483,0.134524837136,0.0676730796695,0.0438937246799,0.029341628775,0.162876799703],"dmean2":[0.383936613798,0.22855964303,0.124895468354,0.0797192081809,0.0548226237297,0.300815820694],"dvar":[0.0273660290986,0.0173341054469,0.0108965365216,0.00388655951247,0.00353071675636,0.0228528194129],"dvar2":[0.0782498046756,0.0490658283234,0.0317453369498,0.0115514993668,0.010417197831,0.0661455765367],"max":[0.983074963093,0.818719863892,0.715238749981,0.506008565426,0.465387016535,0.788209021091],"mean":[0.460749864578