{"lowlevel":{"average_loudness":0.884035587311,"barkbands":{"dmean":[0.00159402668942,0.00958178006113,0.00466868607327,0.00197077984922,0.00247776811011,0.00109570799395,0.00086269719759,0.000503630551975,0.000647746550385,0.00063595676329,0.000307418085868,0.000323614105582,0.000302232423564,0.000221482681809,0.000227504482609,0.000198757901671,0.000170170314959,0.000141233278555,0.000106995626993,0.0000999166659312,0.0000711501925252,0.0000441611955466,0.0000155849684234,0.00000731541513233,0.00000289985860036,0.0000135084774229,0.000248380034463],"dmean2":[0.00257840473205,0.0168882571161,0.00781196448952,0.0034399619326,0.0042298361659,0.00178851443343,0.00139214785304,0.000831360463053,0.00106504443102,0.00100441859104,0.000508714176249,0.000539070519153,0.000505064090248,0.000370654772269,0.000382536760299,0.000337015051628,0.000287630246021,0.000231350364629,0.000174088869244,0.000158349372214,0.000108200976683,0.0000656934353174,0.0000237359836319,0.0000113256101031,0.00000545686816622,0.0000196639357455,0.000389273685869],"dvar":[0.0000133323037517,0.000180155067937,0.000069821238867,0.0000115645671031,0.0000226349311561,0.00000548906518816,0.00000297891460832,0.00000252821087088,0.00000273010732599,0.00000160854312981,3.59380663895e-7,3.36887467256e-7,2.17436564753e-7,1.51007171212e-7,1.31035079676e-7,1.31344492615e-7,1.00681546655e-7,6.39442347961e-8,4.00579125426e-8,3.25104174692e-8,1.9375528737e-8,6.37018260363e-9,9.58882417912e-10,1.61756136263e-10,3.28744254041e-11,5.04233876875e-10,1.11065126873e-7],"dvar2":[0.000029612932849,0.000548638752662,0.00017648973153,0.0000326589070028,0.0000600245730311,0.0000136845656016,0.00000804956926004,0.0000066594798227,0.00000753051654101,0.00000411356086261,9.52315701852e-7,8.86152122348e-7,5.89876208323e-7,4.0006361246e-7,3.58359613983e-7,3.58200225037e-7,2.79613942666e-7,1.68583312643e-7,1.03665797724e-7,8.10041171917e-8,4.09153386727e-8,1.29584236674e-8,2.12864437188e-9,3.80068809758e-10,9.08940075983e-11,1.01550534648e-9,2.88904544732e-7],"max":[0.0502024926245,0.204450920224,0.120335690677,0.0580584257841,0.146605342627,0.0678036287427,0.0558134429157,0.113538190722,0.0593214072287,0.0394441783428,0.0138485021889,0.0126484706998,0.00917790923268,0.0128590436652,0.00677767395973,0.00951310060918,0.00584369525313,0.00466962065548,0.00889955554157,0.0077867214568,0.0060900868848,0.00321021536365,0.00102563842665,0.000446618010756,0.0000883241955307,0.000744743214455,0.00781832262874],"mean":[0.00176865572575,0.0150994639844,0.00640144897625,0.00250129727647,0.00388735043816,0.00174692261498,0.00161108456086,0.000826070725452,0.00110129185487,0.00122653169092,0.000513690058142,0.000591034069657,0.000575738260522,0.000431260996265,0.000458388356492,0.000386369705666,0.000333693693392,0.000291802629363,0.000250084733125,0.000255671882769,0.000196690336452,0.000119107484352,0.0000364357219951,0.0000165904766618,0.00000295848394671,0.0000361705751857,0.00119924230967],"median":[0.000488886842504,0.010729631409,0.00306928809732,0.00121766480152,0.00194346497301,0.000720948097296,0.000823725364171,0.000416615483118,0.000580945226829,0.000613346346654,0.000253611826338,0.000300965330098,0.00034067343222,0.000240549255977,0.000280026695691,0.000235701634665,0.000207746779779,0.000159206349053,0.000129413238028,0.000158042370458,0.000139202282298,0.0000861615917529,0.000024838711397,0.0000105470517155,0.00000139945302635,0.0000252663503488,0.000990928267129],"min":[1.61997295401e-25,4.48421197369e-24,9.52091510691e-26,7.3011586342e-25,5.84462587614e-24,6.34224051845e-24,7.09669209984e-24,8.99044184411e-24,2.0787060721e-23,1.16449611568e-23,1.81826585306e-23,2.70812036012e-23,3.12099690505e-23,1.93657148078e-23,2.73384353652e-23,5.61511823425e-23,6.70273464823e-23,9.6886173507e-23,1.26622323195e-22,1.5890915049e-22,1.95646970826e-22,2.92687489702e-22,3.93060990079e-22,6.5051045442e-22,8.06217814133e-22,1.30402832429e-21,1.81707023653e-21],"var":[0.0000157620925165,0.000244807917625,0.000100410099549,0.0000147054097397,0.0000421823460783,0.0000114375552585,0.00000640216376269,0.0000050193707466,0.00000470058830615,0.0000037261113448,6.97262294125e-7,7.73013312028e-7,5.4452209497e-7,4.01329231181e-7,3.23749361542e-7,2.64001812411e-7,1.72916685415e-7,1.42381580304e-7,1.26194436234e-7,1.06639184594e-7,7.27206810325e-8,2.4946988475e-8,1.99141148016e-9,3.7949152154e-10,2.55828882384e-11,1.56396240403e-9,0.00000104013690816]},"barkbands_crest":{"dmean":3.0627746582,"dmean2":5.27437448502,"dvar":6.89788484573,"dvar2":20.3474693298,"max":25.4979343414,"mean":10.9233598709,"median":10.2826194763,"min":2.31883382797,"var":17.9578514099},"barkbands_flatness_db":{"dmean":0.0266939550638,"dmean2":0.0455723665655,"dvar":0.000853797362652,"dvar2":0.00233106664382,"max":0.457228600979,"mean":0.132925748825,"median":0.119452752173,"min":0.018156144768,"var":0.00382945802994},"barkbands_kurtosis":{"dmean":4.17059421539,"dmean2":6.94604873657,"dvar":63.796421051,"dvar2":173.129653931,"max":257.186737061,"mean":7.44196653366,"median":4.56369924545,"min":-1.72340369225,"var":112.648139954},"barkbands_skewness":{"dmean":0.593743026257,"dmean2":0.98206704855,"dvar":0.406434357166,"dvar2":1.09332346916,"max":13.9643745422,"mean":2.25569057465,"median":2.08193898201,"min":-2.21634030342,"var":1.44351172447},"barkbands_spread":{"dmean":7.40083646774,"dmean2":12.0547237396,"dvar":48.5106658936,"dvar2":125.772026062,"max":104.67716217,"mean":31.6875667572,"median":30.6001701355,"min":0.667423784733,"var":272.218811035},"dissonance":{"dmean":0.0166603494436,"dmean2":0.0282956976444,"dvar":0.000511793245096,"dvar2":0.00143182592001,"max":0.500000059605,"mean":0.465862512589,"median":0.478784918785,"min":0.0798294320703,"var":0.00223406148143},"dynamic_complexity":3.45794343948,"erbbands":{"dmean":[0.3461779356,2.09399986267,5.26482820511,5.5319185257,6.74728345871,9.60545158386,9.60238265991,8.88454818726,11.37038517,12.8801488876,10.0516386032,15.607542038,18.763710022,14.7788219452,12.2249164581,13.4494628906,13.8090295792,11.1320495605,11.4487552643,10.5572795868,9.61744689941,9.00821685791,7.78386163712,6.18556070328,5.24714517593,4.49819278717,3.21397304535,2.515396595,1.70090246201,0.922619044781,0.392770498991,0.216924250126,0.087320253253,0.0351810231805,0.0197792761028,0.0195683706552,0.0277694948018,0.0386785939336,0.0169289540499,0.00578673556447],"dmean2":[0.605622947216,3.69578909874,8.77232837677,9.61839485168,11.5622825623,16.4500160217,16.2901268005,14.4245510101,18.2688274384,21.1306400299,16.4971313477,25.5986804962,29.512424469,23.9511985779,20.3187141418,22.2636928558,23.0991344452,18.6571998596,19.1744709015,17.7832813263,16.3824310303,15.2856197357,12.7731266022,10.0000553131,8.44159412384,7.16145372391,4.96658945084,3.82346010208,2.55257678032,1.38136589527,0.592853486538,0.330914288759,0.140551894903,0.0640989840031,0.0379069782794,0.0325840078294,0.0393873751163,0.0544963926077,0.0246333237737,0.00920980237424],"dvar":[0.328542709351,7.6779794693,81.7294464111,94.5865325928,135.468826294,427.854431152,427.031555176,396.579803467,514.754272461,1371.70178223,686.295410156,1822.67907715,1479.35412598,934.930664062,509.95300293,640.17364502,467.964630127,384.012542725,353.253875732,318.322479248,326.633392334,314.12109375,201.877212524,137.110626221,91.9202880859,64.2472381592,49.6030769348,23.3170795441,9.73739814758,3.17232227325,0.589265465736,0.147771805525,0.0245267208666,0.00479456037283,0.00156119780149,0.00107062223833,0.00193845422473,0.00323892757297,0.000544753449503,0.000050819136959],"dvar2":[0.950997471809,23.7321872711,206.070526123,268.645324707,365.660797119,1140.9161377,1128.44238281,1000.6673584,1319.04833984,3643.5246582,1845.2265625,4997.96191406,3662.30053711,2410.23388672,1346.77172852,1681.20544434,1278.52575684,1025.81396484,952.905456543,861.510620117,912.074401855,875.073608398,531.253356934,359.415740967,227.132705688,158.828521729,113.622680664,47.9300346375,20.3242416382,6.92327356339,1.30697000027,0.343223690987,0.0599743723869,0.0129419863224,0.00435392232612,0.00265396293253,0.00383946136571,0.00659142341465,0.00123448681552,0.000130558561068],"max":[7.33496284485,39.2321434021,124.266799927,122.941375732,321.75680542,702.075622559,619.032714844,575.799865723,604.186706543,2872.61254883,1218.52978516,1683.7298584,1402.55212402,937.701049805,714.289550781,568.346557617,467.59262085,682.125610352,402.483673096,384.518341064,368.116699219,339.879760742,254.799942017,337.368499756,598.945007324,353.126831055,345.850799561,222.017196655,137.511535645,57.9167137146,25.4737358093,15.097486496,4.07668304443,1.44938838482,0.570231199265,0.803468048573,1.59080052376,2.09051775932,0.620749056339,0.191856026649],"mean":[0.492522954941,3.1787519455,7.56413698196,7.8275513649,10.1980581284,13.6766853333,14.25776577,14.4579877853,21.2905216217,23.2239341736,18.1623725891,26.9212627411,37.0245933533,27.8524627686,22.9964942932,25.9147377014,27.3644542694,23.8426742554,24.2704029083,22.7121906281,20.0642566681,18.5121364594,16.6342792511,13.967423439,13.4018554688,11.7100343704,8.50728607178,6.87247896194,4.57621622086,2.24807262421,0.930296480656,0.51004576683,0.180131435394,0.0453134775162,0.0177499409765,0.0386279150844,0.078802652657,0.129368260503,0.0769474208355,0.0348468050361],"median":[0.294764608145,2.23675894737,3.98940658569,4.38292217255,5.14896345139,5.8508477211,6.15867090225,6.02953624725,10.2109212875,11.570599556,10.3598842621,14.2396936417,18.3997840881,14.9635429382,12.5821380615,13.7664661407,16.8661003113,13.7488231659,15.2303180695,14.4132728577,12.9023427963,11.732011795,9.39301013947,7.3041601181,7.41438865662,7.3739771843,5.84742069244,4.92971992493,3.33025288582,1.57477068901,0.635397255421,0.332590550184,0.112998135388,0.0253760144114,0.00750475144014,0.0253180973232,0.0554726980627,0.100513137877,0.0577727109194,0.0299610365182],"min":[7.10084371701e-23,3.74455838158e-22,1.11300766295e-21,2.47788031137e-21,4.4606578871e-21,2.97986742729e-20,4.65718420686e-20,8.92670957341e-20,6.59111083014e-20,2.42666098896e-19,2.95510868371e-19,4.627104107e-19,4.32069366065e-19,6.71597658704e-19,9.32755121699e-19,1.24646771171e-18,1.54845088063e-18,1.53923412405e-18,1.89033476076e-18,1.16238294129e-18,3.96194946149e-18,4.44945952243e-18,6.01449020447e-18,5.2941453447e-18,7.34489151934e-18,8.58107241295e-18,7.62143123301e-18,8.56213163129e-18,9.58399250973e-18,1.07658714777e-17,1.14118995361e-17,1.10092263595e-17,9.38269314458e-18,8.52632132821e-18,5.71343451181e-18,3.80092221164e-18,2.12367703489e-18,9.27352494926e-19,2.58677187778e-19,2.59825249845e-20],"var":[0.391401290894,10.7097396851,120.101890564,114.34287262,245.681884766,705.414245605,705.333679199,820.034545898,1235.38098145,2763.34082031,1194.95947266,3020.35400391,3604.50439453,1842.89257812,1074.24169922,1478.05737305,1157.07397461,1081.3482666,945.652282715,781.809936523,630.334960938,527.906921387,433.644866943,359.53704834,349.210205078,212.972351074,154.305999756,88.5921630859,37.5176048279,8.47952461243,1.24642491341,0.349279284477,0.0485641174018,0.00475648185238,0.00106042786501,0.00207326980308,0.00700416369364,0.0157715771347,0.00575118465349,0.000706892693415]},"erbbands_crest":{"dmean":1.97350239754,"dmean2":3.1805229187,"dvar":3.99552345276,"dvar2":9.52410030365,"max":32.3499832153,"mean":7.24423265457,"median":5.97177028656,"min":2.21537685394,"var":17.3102207184},"erbbands_flatness_db":{"dmean":0.0180634334683,"dmean2":0.0298861358315,"dvar":0.00065909611294,"dvar2":0.00172587065026,"max":0.470426023006,"mean":0.125941187143,"median":0.109824419022,"min":0.033853393048,"var":0.00412783073261},"erbbands_kurtosis":{"dmean":0.704897999763,"dmean2":1.11615109444,"dvar":2.20843935013,"dvar2":5.22073364258,"max":60.9317817688,"mean":0.263632625341,"median":-0.281800508499,"min":-1.75876164436,"var":5.36297178268},"erbbands_skewness":{"dmean":0.280465036631,"dmean2":0.443822652102,"dvar":0.088256187737,"dvar2":0.216526895761,"max":4.25490188599,"mean":0.0975280478597,"median":0.0564973391593,"min":-3.8693151474,"var":0.375494599342},"erbbands_spread":{"dmean":6.24440860748,"dmean2":9.68561935425,"dvar":35.5189666748,"dvar2":78.9024124146,"max":139.464950562,"mean":39.6807441711,"median":38.1295776367,"min":1.15862822533,"var":304.235900879},"gfcc":{"cov":[[24783.5957031,-729.557067871,-1809.84875488,2283.83349609,695.973571777,-96.0782775879,604.75994873,-118.538604736,323.958831787,74.9152984619,-187.666061401,466.342529297,-457.971557617],[-729.557067871,1119.09899902,-107.136779785,-670.922424316,77.5058441162,-197.060958862,5.14966964722,-161.921218872,2.95780229568,-82.3607559204,35.0457229614,-158.110443115,156.828033447],[-1809.84875488,-107.136779785,596.714416504,-148.941726685,-309.173461914,137.051773071,-154.288391113,108.365852356,-79.8581542969,-8.29600429535,-11.7593765259,-40.7522659302,-26.1436805725],[2283.83349609,-670.922424316,-148.941726685,935.489074707,240.420150757,48.4593200684,148.260162354,73.4893951416,75.7440795898,82.5871658325,-25.8274173737,164.398788452,-146.157028198],[695.973571777,77.5058441162,-309.173461914,240.420150757,375.925964355,-49.0908927917,135.968383789,-68.2165603638,72.5993041992,21.4345264435,12.5394201279,19.3774909973,21.0021572113],[-96.0782775879,-197.060958862,137.051773071,48.4593200684,-49.0908927917,199.25440979,-29.7101364136,65.1814804077,-21.3130512238,14.8063783646,-19.9290904999,19.5713348389,-22.1092033386],[604.75994873,5.14966964722,-154.288391113,148.260162354,135.968383789,-29.7101364136,184.554626465,-13.8035745621,69.1666107178,16.2858867645,-2.43238282204,23.8629264832,-16.1286468506],[-118.538604736,-161.921218872,108.365852356,73.4893951416,-68.2165603638,65.1814804077,-13.8035745621,131.995819092,5.46052980423,17.6140632629,-0.481389969587,4.93026018143,-29.7034511566],[323.958831787,2.95780229568,-79.8581542969,75.7440795898,72.5993041992,-21.3130512238,69.1666107178,5.46052980423,104.266799927,46.5475311279,9.70500087738,18.6801528931,-12.7261762619],[74.9152984619,-82.3607559204,-8.29600429535,82.5871658325,21.4345264435,14.8063783646,16.2858867645,17.6140632629,46.5475311279,72.0134429932,26.7972755432,27.0438938141,-6.73191928864],[-187.666061401,35.0457229614,-11.7593765259,-25.8274173737,12.5394201279,-19.9290904999,-2.43238282204,-0.481389969587,9.70500087738,26.7972755432,60.2689743042,23.5631694794,12.7546901703],[466.342529297,-158.110443115,-40.7522659302,164.398788452,19.3774909973,19.5713348389,23.8629264832,4.93026018143,18.6801528931,27.0438938141,23.5631694794,93.3024215698,-7.38475942612],[-457.971557617,156.828033447,-26.1436805725,-146.157028198,21.0021572113,-22.1092033386,-16.1286468506,-29.7034511566,-12.7261762619,-6.73191928864,12.7546901703,-7.38475942612,88.9794464111]],"icov":[[0.0000948242668528,-0.000249304197496,0.000442814372946,-0.000412893219618,0.000450321822427,-0.000278324907413,0.0000790907870396,0.0000672404712532,-0.0000864311368787,0.0000802854920039,0.000122265439131,-0.0000544531176274,0.000212350641959],[-0.000249304197496,0.00374201755039,-0.0016839238815,0.00270900223404,-0.00243421131745,0.00199964107014,-0.000861369306222,0.00109822640661,-0.00139221688733,0.00208192062564,-0.00214583938941,0.00237167277373,-0.00217879191041],[0.000442814372946,-0.0016839238815,0.00632692174986,-0.00381323392503,0.00619467906654,-0.00413391320035,0.00135968450923,0.000194354914129,-0.000951344147325,0.0013440499315,-0.00251423520967,0.00402045529336,-0.000675839954056],[-0.000412893219618,0.00270900223404,-0.00381323392503,0.0102709960192,-0.0100019900128,0.00585983833298,-0.00114394759294,-0.00459850998595,0.00568531453609,-0.00747827021405,0.0102330734953,-0.0125944912434,0.00866048783064],[0.000450321822427,-0.00243421131745,0.00619467906654,-0.0100019900128,0.0154768116772,-0.00708539783955,-0.00105701945722,0.00596163328737,-0.00691473623738,0.00725775072351,-0.0112651642412,0.0135690867901,-0.00931495893747],[-0.000278324907413,0.00199964107014,-0.00413391320035,0.00585983833298,-0.00708539783955,0.0116098644212,-0.000375339965103,-0.00503785070032,0.00558774359524,-0.00698661711067,0.0098035922274,-0.00917651690543,0.00436486769468],[0.0000790907870396,-0.000861369306222,0.00135968450923,-0.00114394759294,-0.00105701945722,-0.000375339965103,0.00983029976487,-0.000490837614052,-0.00476857135072,0.00195854413323,0.00107686745469,-0.00120708718896,0.00143157073762],[0.0000672404712532,0.00109822640661,0.000194354914129,-0.00459850998595,0.00596163328737,-0.00503785070032,-0.000490837614052,0.0148457596079,-0.00648560049012,0.00554901361465,-0.00964983645827,0.0105937318876,-0.00512328092009],[-0.0000864311368787,-0.00139221688733,-0.000951344147325,0.00568531453609,-0.00691473623738,0.00558774359524,-0.00476857135072,-0.00648560049012,0.0259874295443,-0.0208169501275,0.0135531276464,-0.0123157361522,0.0102361859754],[0.0000802854920039,0.00208192062564,0.0013440499315,-0.00747827021405,0.00725775072351,-0.00698661711067,0.00195854413323,0.00554901361465,-0.0208169501275,0.038473714143,-0.0244640000165,0.0143183153123,-0.0117581319064],[0.000122265439131,-0.00214583938941,-0.00251423520967,0.0102330734953,-0.0112651642412,0.0098035922274,0.00107686745469,-0.00964983645827,0.0135531276464,-0.0244640000165,0.0446322113276,-0.0286557003856,0.0138617157936],[-0.0000544531176274,0.00237167277373,0.00402045529336,-0.0125944912434,0.0135690867901,-0.00917651690543,-0.00120708718896,0.0105937318876,-0.0123157361522,0.0143183153123,-0.0286557003856,0.0418427139521,-0.0192298348993],[0.000212350641959,-0.00217879191041,-0.000675839954056,0.00866048783064,-0.00931495893747,0.00436486769468,0.00143157073762,-0.00512328092009,0.0102361859754,-0.0117581319064,0.0138617157936,-0.0192298348993,0.0290226545185]],"mean":[1.08753299713,89.5539245605,-81.621673584,3.57297515869,-12.8389348984,-20.4836559296,10.7375392914,-19.9077663422,2.65227365494,-8.05551052094,-7.9041390419,-2.52335071564,-8.98776054382]},"hfc":{"dmean":69.4701538086,"dmean2":116.285339355,"dvar":7799.31542969,"dvar2":23165.8066406,"max":1862.40026855,"mean":275.192749023,"median":266.750854492,"min":1.04001319155e-16,"var":37005.5742188},"melbands":{"dmean":[0.00278070801869,0.00261243223213,0.000951859750785,0.000555583275855,0.000358559715096,0.000199966758373,0.000174192027771,0.000132191198645,0.000088196255092,0.0000975947768893,0.0000951264009927,0.0000641541191726,0.000041994429921,0.0000380883902835,0.000031540334021,0.0000299593775708,0.0000221425107156,0.0000190783775906,0.0000156812402565,0.0000154051103891,0.0000117441568364,0.0000103681704786,0.00000831871147966,0.00000693348056302,0.00000543619808013,0.0000040376794459,0.00000456122597825,0.00000295573886433,0.00000214855595004,0.0000020711788693,0.00000146599393247,0.00000112849795642,8.03168006769e-7,4.54491043911e-7,2.55637246482e-7,1.81542816335e-7,1.25283690977e-7,7.19320496501e-8,3.96105903633e-8,2.73904205983e-8],"dmean2":[0.00485817529261,0.00444480963051,0.00163638521917,0.000949391513132,0.000607311783824,0.000323807122186,0.000280127307633,0.000217298453208,0.000144994162838,0.000160146388225,0.000149954401422,0.000104255748738,0.0000696606002748,0.0000632320006844,0.0000528809068783,0.0000501952599734,0.0000371085989173,0.000031982362998,0.0000265959206445,0.0000259780790657,0.0000200339090952,0.0000176795510924,0.0000138649229484,0.0000114456906886,0.00000889730108611,0.00000660165005684,0.00000739955794415,0.00000475244678455,0.0000033865687783,0.00000324782786265,0.00000227397595154,0.00000174078627424,0.00000123542429264,6.97443908848e-7,3.96811003611e-7,2.81925366608e-7,1.94964442812e-7,1.15789973165e-7,6.90883510401e-8,5.10328490577e-8],"dvar":[0.0000178555910679,0.0000152311031343,0.00000259231592281,0.00000125228098113,5.36207153345e-7,1.87856628031e-7,1.21474272419e-7,1.65002660424e-7,5.24777377109e-8,6.75489673085e-8,3.85674354675e-8,1.85575714795e-8,6.69814115284e-9,4.57207427473e-9,3.05028846626e-9,2.33032526609e-9,1.53563051164e-9,9.88583548356e-10,6.52598086681e-10,7.73219377415e-10,4.71106209599e-10,4.02987337944e-10,2.39249703382e-10,1.4964350592e-10,1.06297873281e-10,6.70267452652e-11,5.4528700999e-11,3.33455381363e-11,2.77417550737e-11,1.44341682703e-11,9.12595346514e-12,4.18845730668e-12,2.19660552768e-12,7.84537257208e-13,2.48457043784e-13,1.14373544273e-13,4.41238198594e-14,1.60107387417e-14,5.60742883807e-15,3.00488389698e-15],"dvar2":[0.0000523697890458,0.0000408709856856,0.00000724921437723,0.00000327536804434,0.00000142693352245,4.68222992822e-7,3.17854215837e-7,4.35596518855e-7,1.42890812072e-7,1.82525667469e-7,9.62359223422e-8,4.80347743803e-8,1.77489294373e-8,1.17627552143e-8,8.48283221444e-9,6.25698648449e-9,4.06893496674e-9,2.65748822947e-9,1.81050352488e-9,2.06940553582e-9,1.3183358849e-9,1.13215015141e-9,6.47889852878e-10,3.95246224638e-10,2.82507683913e-10,1.7170545541e-10,1.39444011893e-10,8.5293529184e-11,6.80157735689e-11,3.2497060598e-11,1.98388284967e-11,9.06160303044e-12,4.90564359967e-12,1.77535980708e-12,5.60789153829e-13,2.74964079283e-13,1.04641149261e-13,3.94269001941e-14,1.45561409199e-14,8.2661725094e-15],"max":[0.0610769726336,0.0494233742356,0.0221755541861,0.0414773188531,0.0185682941228,0.0128364786506,0.0107675315812,0.0326688140631,0.00961198937148,0.0107465106994,0.00711076939479,0.00385087076575,0.0020756397862,0.00149104290176,0.00162356905639,0.00120431894902,0.00123024033383,0.000658912758809,0.00048574610264,0.000908782472834,0.000370077876141,0.000391149515053,0.000348360015778,0.00019912038988,0.000287518836558,0.000517425709404,0.000299413251923,0.000294650148135,0.000258168875007,0.000144706398714,0.000154556895723,0.000080421945313,0.0000515056599397,0.0000267468767561,0.0000152310221893,0.0000140734073284,0.00000719413128536,0.00000315013699037,0.00000189866716482,9.49444711296e-7],"mean":[0.00438085338101,0.00409461231902,0.00147505477071,0.000856409838889,0.000545906485058,0.000324721680954,0.000329461443471,0.000234901497606,0.000153054425027,0.00016655253421,0.000183338590432,0.000114261943963,0.0000729379753466,0.0000707420986146,0.0000598235565121,0.0000571993223275,0.0000426350816269,0.0000382500511478,0.0000320410435961,0.0000293231951218,0.0000223225779337,0.0000195454413188,0.0000162625474331,0.0000136941771416,0.0000110773426059,0.00000909451591724,0.0000105935041574,0.00000692724279361,0.00000510017980559,0.0000050177727644,0.0000036252395148,0.00000277935532722,0.0000018567781126,9.86861891761e-7,5.47495631054e-7,3.94803777226e-7,2.75744497458e-7,1.43649302231e-7,5.97708122996e-8,2.91996649082e-8],"median":[0.00300434534438,0.00266111711971,0.000884412613232,0.000417932431446,0.000246036564931,0.000133464694954,0.000161367686815,0.000117663890705,0.0000839325075503,0.0000878493228811,0.0000892093012226,0.000056727694755,0.0000373399707314,0.0000364448969776,0.0000353258292307,0.0000325974397128,0.0000225846561079,0.0000228308254009,0.0000200393096748,0.0000173128119059,0.0000135049358505,0.0000120079421322,0.00000930215355766,0.00000724349229131,0.00000549181459064,0.00000465494986202,0.00000607340416536,0.00000429402507507,0.00000334319747708,0.00000339580878972,0.00000251463507084,0.00000196844735001,0.00000129564921281,6.65484094498e-7,3.61968034213e-7,2.60442021727e-7,1.72324973846e-7,8.74826682207e-8,3.50195392684e-8,1.41868241599e-8],"min":[1.67465033316e-24,5.35052945487e-25,6.11042190853e-25,1.1013976365e-24,2.05755690845e-24,1.93076743667e-24,1.0135294771e-24,2.20621459059e-24,3.02320233139e-24,2.79591158586e-24,2.09640219436e-24,2.74956640211e-24,2.81036825081e-24,3.50757692948e-24,2.18779547732e-24,3.27047196542e-24,2.18925092569e-24,2.68699119409e-24,1.18102219944e-24,2.42941903664e-24,3.50817961921e-24,3.71291426766e-24,2.93289590154e-24,4.2346917195e-24,3.73373822341e-24,4.59159448112e-24,3.87426432734e-24,5.12963824482e-24,4.63006012772e-24,4.27531608396e-24,4.71614891274e-24,5.16941655597e-24,5.11072609348e-24,5.24340934229e-24,4.8849268867e-24,6.52858721363e-24,6.37608501786e-24,6.02921932796e-24,5.61459955821e-24,6.21373152711e-24],"var":[0.0000236369032791,0.0000230018849834,0.00000354851772499,0.00000240243412009,8.92493915217e-7,4.02761713758e-7,2.8340383551e-7,3.37745973411e-7,8.41459879553e-8,1.15007566137e-7,9.234364029e-8,3.57582834454e-8,1.3188296677e-8,1.07577218245e-8,6.30786356481e-9,5.96885962878e-9,4.05521838331e-9,2.58780796791e-9,1.51069057264e-9,1.60362145785e-9,8.40276404013e-10,6.43513298204e-10,4.31807173351e-10,3.22827597987e-10,2.48671638836e-10,1.92489205131e-10,1.88517312871e-10,8.72596161994e-11,6.86073697853e-11,4.76529336824e-11,2.79727213615e-11,1.46172345061e-11,6.33500890634e-12,1.69373889913e-12,4.74679865727e-13,2.22530042895e-13,1.0532138448e-13,3.16385914863e-14,7.41013475488e-15,2.49141591248e-15]},"melbands_crest":{"dmean":4.00262355804,"dmean2":6.75976228714,"dvar":11.293803215,"dvar2":31.2603340149,"max":36.2192764282,"mean":16.3944358826,"median":16.0715770721,"min":1.59799039364,"var":28.9368972778},"melbands_flatness_db":{"dmean":0.0335864759982,"dmean2":0.0571117401123,"dvar":0.00124414195307,"dvar2":0.00340307457373,"max":0.580979883671,"mean":0.243545264006,"median":0.232244461775,"min":0.00325059425086,"var":0.00566098606214},"melbands_kurtosis":{"dmean":8.84175300598,"dmean2":14.7626924515,"dvar":267.743438721,"dvar2":717.704528809,"max":487.862304688,"mean":17.7512207031,"median":10.6436271667,"min":-1.85777747631,"var":678.364868164},"melbands_skewness":{"dmean":0.812897801399,"dmean2":1.33983314037,"dvar":0.678462743759,"dvar2":1.82139027119,"max":18.1589069366,"mean":3.19877290726,"median":2.92406344414,"min":-1.9223498106,"var":3.44423365593},"melbands_spread":{"dmean":4.78488111496,"dmean2":7.98227453232,"dvar":28.4816226959,"dvar2":72.5328445435,"max":164.189804077,"mean":16.7506694794,"median":14.4770383835,"min":0.422261059284,"var":188.613983154},"mfcc":{"cov":[[12468.5566406,382.929992676,-1554.69567871,1534.52954102,410.124603271,866.417785645,115.353614807,457.479278564,128.090499878,216.875762939,28.8937206268,275.172271729,114.595603943],[382.929992676,1328.33605957,-363.119567871,-112.892738342,-89.6749038696,-12.7171630859,-13.2942428589,-128.925079346,70.971206665,-73.7456893921,3.99685692787,-48.566028595,-4.71961212158],[-1554.69567871,-363.119567871,868.409912109,-296.792907715,-106.218414307,-183.897949219,-50.8145370483,11.1345624924,-85.0705184937,16.6534175873,-17.0611362457,-29.5869789124,-49.009803772],[1534.52954102,-112.892738342,-296.792907715,552.896728516,114.940116882,160.438354492,35.6336555481,88.2316665649,30.6611804962,51.4201927185,33.1903762817,66.5354766846,29.2265262604],[410.124603271,-89.6749038696,-106.218414307,114.940116882,182.913787842,83.1159210205,33.0938148499,20.226984024,20.2498111725,11.4124517441,5.89340353012,23.8142852783,17.1351470947],[866.417785645,-12.7171630859,-183.897949219,160.438354492,83.1159210205,207.042861938,42.6213264465,48.4504890442,37.4295196533,22.4939556122,13.1440601349,35.1266937256,22.6482620239],[115.353614807,-13.2942428589,-50.8145370483,35.6336555481,33.0938148499,42.6213264465,84.9462280273,31.0119476318,17.9396133423,2.66543340683,3.82461833954,4.35888004303,2.13602995872],[457.479278564,-128.925079346,11.1345624924,88.2316665649,20.226984024,48.4504890442,31.0119476318,106.453170776,13.2594327927,40.5514411926,6.10871601105,21.9046459198,1.92791247368],[128.090499878,70.971206665,-85.0705184937,30.6611804962,20.2498111725,37.4295196533,17.9396133423,13.2594327927,85.2557067871,25.2284450531,21.5614585876,7.31038236618,-0.612195014954],[216.875762939,-73.7456893921,16.6534175873,51.4201927185,11.4124517441,22.4939556122,2.66543340683,40.5514411926,25.2284450531,79.7614898682,33.5228042603,24.1508731842,0.776727020741],[28.8937206268,3.99685692787,-17.0611362457,33.1903762817,5.89340353012,13.1440601349,3.82461833954,6.10871601105,21.5614585876,33.5228042603,58.9559326172,30.7716064453,9.24377059937],[275.172271729,-48.566028595,-29.5869789124,66.5354766846,23.8142852783,35.1266937256,4.35888004303,21.9046459198,7.31038236618,24.1508731842,30.7716064453,64.8759460449,31.3662891388],[114.595603943,-4.71961212158,-49.009803772,29.2265262604,17.1351470947,22.6482620239,2.13602995872,1.92791247368,-0.612195014954,0.776727020741,9.24377059937,31.3662891388,55.4039573669]],"icov":[[0.000192682404304,-0.000136043105158,0.000188540259842,-0.00024836731609,-0.0000505856187374,-0.00036016717786,0.000284081674181,-0.000573897501454,0.000306149246171,-0.00030670556589,0.000504327530507,-0.000470207101898,0.000249306933256],[-0.000136043105158,0.00123610894661,0.000385399413062,0.000394074042561,0.000703786558006,0.000185807570233,-0.000173411885044,0.00124969368335,-0.00110151187982,0.000859858759213,-0.000819940818474,0.000759663700592,-0.000128194136778],[0.000188540259842,0.000385399413062,0.00237910728902,0.000808567623608,0.000251810793998,0.000616934266873,0.000715490488801,-0.00145954883192,0.00153712881729,-0.00102476973552,0.000314132485073,-0.000905930646695,0.00150581623893],[-0.00024836731609,0.000394074042561,0.000808567623608,0.00355170108378,-0.000700618664268,-0.000404466380132,0.000241473026108,-0.00103387224954,0.000425121019362,-0.0000911012539291,-0.00118285266217,-0.000784451374784,0.000445076264441],[-0.0000505856187374,0.000703786558006,0.000251810793998,-0.000700618664268,0.00771250808612,-0.00175376061816,-0.00191056891344,0.00180016132072,-0.0011014881311,-0.0000851590230013,0.000959486467764,-0.00078119256068,-0.0006292485632],[-0.00036016717786,0.000185807570233,0.000616934266873,-0.000404466380132,-0.00175376061816,0.00911979004741,-0.00205949461088,-0.000847602612339,-0.00192526297178,0.000318653299473,0.000119492164231,-0.000950297457166,-0.00106452894397],[0.000284081674181,-0.000173411885044,0.000715490488801,0.000241473026108,-0.00191056891344,-0.00205949461088,0.0158841833472,-0.00616802740842,-0.00121820694767,0.00297375814989,-0.0017429512227,0.00119112001266,0.000499507819768],[-0.000573897501454,0.00124969368335,-0.00145954883192,-0.00103387224954,0.00180016132072,-0.000847602612339,-0.00616802740842,0.0190421957523,-0.00197700364515,-0.00628192024305,0.00408572657034,-0.00205055857077,0.000458135415101],[0.000306149246171,-0.00110151187982,0.00153712881729,0.000425121019362,-0.0011014881311,-0.00192526297178,-0.00121820694767,-0.00197700364515,0.0175349470228,-0.00514595163986,-0.00331081892364,0.000900300219655,0.00196044333279],[-0.00030670556589,0.000859858759213,-0.00102476973552,-0.0000911012539291,-0.0000851590230013,0.000318653299473,0.00297375814989,-0.00628192024305,-0.00514595163986,0.0240402240306,-0.0116683514789,-0.000223355309572,0.00152855005581],[0.000504327530507,-0.000819940818474,0.000314132485073,-0.00118285266217,0.000959486467764,0.000119492164231,-0.0017429512227,0.00408572657034,-0.00331081892364,-0.0116683514789,0.0323313549161,-0.0149284517393,0.00255260360427],[-0.000470207101898,0.000759663700592,-0.000905930646695,-0.000784451374784,-0.00078119256068,-0.000950297457166,0.00119112001266,-0.00205055857077,0.000900300219655,-0.000223355309572,-0.0149284517393,0.0344259478152,-0.0156808421016],[0.000249306933256,-0.000128194136778,0.00150581623893,0.000445076264441,-0.0006292485632,-0.00106452894397,0.000499507819768,0.000458135415101,0.00196044333279,0.00152855005581,0.00255260360427,-0.0156808421016,0.0276663638651]],"mean":[-656.589050293,147.906158447,-9.532371521,40.0738105774,-8.05949687958,19.9154281616,0.314152270555,9.07447147369,3.83374762535,6.13374710083,0.696539223194,3.74720263481,-2.37186574936]},"pitch_salience":{"dmean":0.0822660326958,"dmean2":0.140848457813,"dvar":0.00485947960988,"dvar2":0.013978975825,"max":0.988123297691,"mean":0.530163645744,"median":0.539186477661,"min":0.12560403347,"var":0.01180537045},"silence_rate_20dB":{"dmean":0,"dmean2":0,"dvar":0,"dvar2":0,"max":1,"mean":1,"median":1,"min":1,"var":0},"silence_rate_30dB":{"dmean":0.0596745014191,"dmean2":0.119356714189,"dvar":0.0561087280512,"dvar2":0.130823403597,"max":1,"mean":0.930513381958,"median":1,"min":0,"var":0.064653404057},"silence_rate_60dB":{"dmean":0.00374580221251,"dmean2":0.00749208824709,"dvar":0.00373291783035,"dvar2":0.00911286566406,"max":1,"mean":0.0824023261666,"median":0,"min":0,"var":0.0755985081196},"spectral_centroid":{"dmean":211.632904053,"dmean2":332.314666748,"dvar":52304.8085938,"dvar2":116445.453125,"max":11663.5693359,"mean":1310.9206543,"median":1181.61022949,"min":129.603820801,"var":986633.625},"spectral_complexity":{"dmean":3.40493416786,"dmean2":5.24149084091,"dvar":12.19718647,"dvar2":24.3643264771,"max":58,"mean":22.936712265,"median":24,"min":0,"var":146.362365723},"spectral_contrast_coeffs":{"dmean":[0.0537153370678,0.047771204263,0.0391280204058,0.0279654897749,0.0201290678233,0.0307957977057],"dmean2":[0.091511785984,0.0806532129645,0.0659353807569,0.0480975024402,0.0343611352146,0.0541357286274],"dvar":[0.00181915890425,0.00153243285604,0.00109656038694,0.00064200052293,0.000359974626917,0.00127510447055],"dvar2":[0.00522408727556,0.00426971679553,0.00299223326147,0.00181839615107,0.000994014088064,0.00343795772642],"max":[-0.39713409543,-0.442879617214,-0.499680876732,-0.60743534565,-0.683543086052,-0.477510780096],"mean":[-0.685046076775,-0.762585818768,-0.787333846092,-0.817636191845,-0.817671358585,-0.693706929684],"median":[-0.688456058502,-0.769320368767,-0.793651640415,-0.819019436836,-0.813996493816,-0.684375762939],"min":[-0.97848123312,-0.995124340057,-0.995694458485,-0.988184690475,-0.98602104187,-0.96608710289],"var":[0.00578979402781,0.00438410835341,0.00366223393939,0.00158225477207,0.00134003406856,0.00555426767096]},"spectral_contrast_valleys":{"dmean":[0.409855306149,0.368275403976,0.336915493011,0.30279135704,0.286962360144,0.494867652655],"dmean2":[0.702220439911,0.627410292625,0.571506977081,0.516296803951,0.479133993387,0.876605987549],"dvar":[0.129328727722,0.117750614882,0.123093046248,0.161054164171,0.270517289639,0.429135799408],"dvar2":[0.345322698355,0.300778508186,0.31414809823,0.417797505856,0.721851170063,1.08731865883],"max":[-4.86523914337,-4.56842565536,-5.09874153137,-5.52949810028,-5.64052009583,-8.84714889526],"mean":[-6.86869096756,-6.70304012299,-7.17910289764,-7.58203697205,-7.67887210846,-11.2499418259],"median":[-6.38387918472,-6.33155870438,-6.73042106628,-7.03096818924,-7.13118171692,-10.7153568268],"min":[-28.4323196411,-28.0009479523,-27.8215141296,-27.7127399445,-27.5301551819,-27.38322258],"var":[4.93262529373,4.31034517288,4.42658472061,4.82849788666,5.2457075119,3.59413385391]},"spectral_decrease":{"dmean":4.08949007991e-9,"dmean2":6.89275880816e-9,"dvar":2.80649907956e-17,"dvar2":7.75656524814e-17,"max":1.08386331021e-8,"mean":-7.3481047913e-9,"median":-5.54398305042e-9,"min":-6.96324349292e-8,"var":5.36906722868e-17},"spectral_energy":{"dmean":0.016285309568,"dmean2":0.0273779276758,"dvar":0.000450315972557,"dvar2":0.00122611119878,"max":0.30527690053,"mean":0.0526942126453,"median":0.0496367737651,"min":9.96893759663e-21,"var":0.00128387077712},"spectral_energyband_high":{"dmean":0.000258529908024,"dmean2":0.000365409912774,"dvar":1.36236195658e-7,"dvar2":2.68103491408e-7,"max":0.0139041021466,"mean":0.0012235903414,"median":0.00106180261355,"min":6.85885400791e-21,"var":0.00000112578277367},"spectral_energyband_low":{"dmean":0.0132230017334,"dmean2":0.02263619937,"dvar":0.000319572573062,"dvar2":0.000895725563169,"max":0.255717456341,"mean":0.0242150034755,"median":0.0181382801384,"min":1.50741884211e-23,"var":0.000524641596712},"spectral_energyband_middle_high":{"dmean":0.00133735314012,"dmean2":0.00215358939022,"dvar":0.00000435028277934,"dvar2":0.0000114852246043,"max":0.0475297272205,"mean":0.00493298424408,"median":0.00396327488124,"min":1.0969164151e-21,"var":0.0000205366213777},"spectral_energyband_middle_low":{"dmean":0.00496231764555,"dmean2":0.00830413773656,"dvar":0.0000636139957351,"dvar2":0.000172307481989,"max":0.161303922534,"mean":0.012220505625,"median":0.00918026082218,"min":1.653142719e-22,"var":0.00015254682512},"spectral_entropy":{"dmean":0.149562641978,"dmean2":0.249995023012,"dvar":0.0601937733591,"dvar2":0.163383305073,"max":9.82143688202,"mean":7.60762548447,"median":7.73811626434,"min":4.45115423203,"var":0.369794249535},"spectral_flux":{"dmean":0.0269534401596,"dmean2":0.0431581474841,"dvar":0.000850970391184,"dvar2":0.00194180745166,"max":0.387468278408,"mean":0.114869296551,"median":0.115091815591,"min":6.37729938302e-11,"var":0.00326507631689},"spectral_kurtosis":{"dmean":5.61369657516,"dmean2":9.65966320038,"dvar":324.661743164,"dvar2":952.181396484,"max":255.763824463,"mean":19.7285919189,"median":12.9467754364,"min":-1.2764954567,"var":697.244934082},"spectral_rms":{"dmean":0.00100612931419,"dmean2":0.00166526832618,"dvar":0.00000121998164104,"dvar2":0.00000322380992657,"max":0.0172577835619,"mean":0.00662724254653,"median":0.00695888791233,"min":3.1186203793e-12,"var":0.00000748898401071},"spectral_rolloff":{"dmean":3414.35595703,"dmean2":6525.51513672,"dvar":45043280,"dvar2":118728776,"max":22006.9335938,"mean":17510.4902344,"median":21447.0703125,"min":64.599609375,"var":60891932},"spectral_skewness":{"dmean":0.372309207916,"dmean2":0.620418906212,"dvar":0.947356104851,"dvar2":2.73644423485,"max":14.1877756119,"mean":2.78502845764,"median":2.34127116203,"min":-0.0904923975468,"var":3.09993195534},"spectral_spread":{"dmean":418950.75,"dmean2":674254.625,"dvar":385098776576,"dvar2":912058613760,"max":43363708,"mean":4711700,"median":4430619.5,"min":1007032.25,"var":11003730329600},"spectral_strongpeak":{"dmean":7.15346622467,"dmean2":13.4660272598,"dvar":476.573913574,"dvar2":1368.93762207,"max":300.920471191,"mean":6.26652288437,"median":0.329201489687,"min":0,"var":446.708709717},"zerocrossingrate":{"dmean":0.0402647256851,"dmean2":0.0515672378242,"dvar":0.00124218815472,"dvar2":0.00196855771355,"max":0.8330078125,"mean":0.329229325056,"median":0.3193359375,"min":0.02587890625,"var":0.0110960416496}},"metadata":{"audio_properties":{"analysis_sample_rate":44100,"bit_rate":1021549,"codec":"alac","downmix":"mix","equal_loudness":0,"length":359.533325195,"lossless":true,"md5_encoded":"159271cb0be7ea643c55373ae28bd1df","replay_gain":-7.70764541626,"sample_rate":44100},"tags":{"album":["Purpendicular"],"albumartistsort":["Deep Purple"],"artist":["Deep Purple"],"artistsort":["Deep Purple"],"asin":["B000001Y9I"],"composer":["Ian Paice","Roger Glover","Jon Lord","Steve Morse","Ian Gillan"],"composersort":["Paice, Ian","Glover, Roger","Lord, Jon","Morse, Steve","Gillan, Ian"],"date":["1996-02"],"file_name":"02 - Loosen My Strings.m4a","media":["CD"],"musicbrainz_albumartistid":["79491354-3d83-40e3-9d8e-7592d58d790a"],"musicbrainz_albumid":["2a56a504-e084-49e4-8fc3-6300fce3a70d"],"musicbrainz_artistid":["79491354-3d83-40e3-9d8e-7592d58d790a"],"musicbrainz_recordingid":["a19e4c3a-b561-4f48-9153-8222295f5d9f"],"musicbrainz_releasegroupid":["ed6487db-873e-317b-9a72-6085b53ea966"],"musicbrainz_workid":["5190f169-0a7c-3332-b1b7-25e36da2353c"],"script":["Latn"],"title":["Loosen My Strings"],"tracknumber":["2/12"]},"version":{"essentia":"2.1-beta1","essentia_build_sha":"ca57ba49d9b1854bd80e60cf9ccf267278fb7d6b","essentia_git_sha":"v2.1_beta1-28-g21ef5f4-dirty","extractor":"music 1.0"}},"rhythm":{"beats_count":594,"beats_loudness":{"dmean":0.0324219875038,"dmean2":0.0602055564523,"dvar":0.000879010593053,"dvar2":0.00278741680086,"max":0.220628127456,"mean":0.0677437335253,"median":0.06549166888,"min":0,"var":0.00153204868548},"beats_loudness_band_ratio":{"dmean":[0.163593068719,0.0684876292944,0.0587220229208,0.0341000668705,0.0219684261829,0.107500366867],"dmean2":[0.288610547781,0.119089923799,0.104361176491,0.0606927275658,0.0400240793824,0.189506262541],"dvar":[0.0169660132378,0.00599253270775,0.00402942998335,0.00167304754723,0.000345723878127,0.00887543335557],"dvar2":[0.0513274073601,0.0174829307944,0.0117052299902,0.00457488978282,0.00104101933539,0.0272459667176],"max":[0.89639