{"lowlevel":{"average_loudness":0.751393079758,"barkbands":{"dmean":[0.000964244420175,0.0063410573639,0.00406475458294,0.00193278992083,0.00251426571049,0.00150162703358,0.00137028109748,0.000755000975914,0.000630086811725,0.000810415425804,0.00057451921748,0.000967316620518,0.00115577760153,0.0005741683417,0.000407090148656,0.00017495949578,0.000182536139619,0.000131051448989,0.0000611891082372,0.0000346071428794,0.0000201180118893,0.0000141260716191,0.000011304515283,0.00000367679012925,0.00000215505747292,0.00000750413209971,0.0000494876148878],"dmean2":[0.00163620722014,0.0109118241817,0.00702971918508,0.00330427172594,0.0042406800203,0.0024901626166,0.00226982682943,0.00127318827435,0.00105999526568,0.00135029596277,0.000959886994679,0.00159931497183,0.0019133402966,0.000940712343436,0.000668840308208,0.00028431636747,0.000291835167445,0.000206952070585,0.0000937152508413,0.0000539303546248,0.0000305849462165,0.0000220617148443,0.0000182433941518,0.00000606610137766,0.00000361081288247,0.0000120644717754,0.0000736411675462],"dvar":[0.00000354183271156,0.000131824359414,0.0000516732943652,0.0000155045800057,0.0000270994896709,0.00000795217965788,0.0000121849852803,0.00000339892085321,0.00000178384027549,0.00000441960128228,0.00000155234192789,0.00000551336643184,0.00000820653349365,0.00000284771249426,0.00000191188109966,1.11898003752e-7,2.35494084677e-7,8.77007551026e-8,1.22850547513e-8,3.5485714367e-9,1.5891844507e-9,9.28876753292e-10,8.53714987592e-10,9.8463653897e-11,1.74872633735e-11,4.05495137468e-10,1.15379892307e-8],"dvar2":[0.00000954329061642,0.000366519147065,0.000149085492012,0.0000454869223177,0.0000709303712938,0.0000196728469746,0.0000300881874864,0.00000874585748534,0.00000459365082861,0.0000108376962089,0.0000039485189518,0.000014054678104,0.0000210278049053,0.00000725927111489,0.00000466234359919,2.78123735598e-7,5.61512592867e-7,2.03659496378e-7,2.72674984814e-8,8.36035862761e-9,3.58991414373e-9,2.10889772312e-9,2.21609486317e-9,2.46903691936e-10,4.43301853559e-11,1.01267405572e-9,2.66422297557e-8],"max":[0.0313872434199,0.150081723928,0.0886583328247,0.0676672533154,0.177338063717,0.0607237294316,0.104310244322,0.0582446306944,0.0343557409942,0.0738339796662,0.0337976329029,0.0961336866021,0.115774616599,0.0776241794229,0.0651470422745,0.0120629137382,0.022870413959,0.0120472405106,0.00206561363302,0.00134815089405,0.00162360887043,0.00102439150214,0.00121577130631,0.000279088475509,0.000063042214606,0.000607998284977,0.00336128775962],"mean":[0.0012317947112,0.00880313012749,0.00536728883162,0.0026116007939,0.00372475781478,0.0022042740602,0.00187266629655,0.00104025134351,0.000930858950596,0.00115950149484,0.000853248988278,0.00157491199207,0.00186481897254,0.000983042060398,0.000684392114636,0.000311026378768,0.000340657570632,0.000259004766122,0.000134982299642,0.0000826584873721,0.0000512649021402,0.000033370906749,0.0000224699433602,0.0000044210564738,0.00000205714377444,0.000013585783563,0.000160632494953],"median":[0.000206719501875,0.00278609036468,0.00182431621943,0.000785527052358,0.00183928757906,0.00123166432604,0.000881602638401,0.00049980962649,0.000506098382175,0.000475633569295,0.000423778954428,0.000836285878904,0.000818492262624,0.000442208955064,0.000310305098537,0.000158885246492,0.000173488486325,0.000125672813738,0.0000594127086515,0.0000410280554206,0.0000246420713665,0.0000122641595226,0.00000505183015775,0.00000122771530187,4.42350739149e-7,0.00000352222855327,0.000118452808238],"min":[3.52297761441e-25,3.66467700103e-24,6.78666749612e-25,1.79699753196e-24,1.25969111655e-23,1.03654390237e-23,1.02988907177e-23,3.45621182936e-24,8.69076068596e-24,1.17436981431e-23,1.41354328999e-23,1.86848931367e-23,1.77829979301e-23,4.84424461985e-23,5.24917386447e-23,5.27999371341e-23,7.92847555801e-23,1.10378238274e-22,1.12912993513e-22,1.87963124821e-22,2.28103712449e-22,2.73419896569e-22,3.92065460238e-22,6.2857098309e-22,8.03246194035e-22,1.31756310745e-21,1.88612164233e-21],"var":[0.00000518730075783,0.000185102820978,0.0000733927226975,0.0000235796378547,0.000036296856706,0.0000113905434773,0.0000142064764077,0.00000489848252982,0.000002272759275,0.00000624030508334,0.00000234203162108,0.00000829138571135,0.0000133698495119,0.00000472780129712,0.00000302042849398,2.04121874958e-7,4.34859060761e-7,1.79541316925e-7,3.62053675929e-8,1.14193632328e-8,4.98654717518e-9,2.67131872178e-9,1.51126222647e-9,1.00682490123e-10,1.82787500413e-11,6.0649735234e-10,3.77366013993e-8]},"barkbands_crest":{"dmean":3.04603290558,"dmean2":5.16974115372,"dvar":6.7997803688,"dvar2":19.1422653198,"max":25.1187210083,"mean":9.50079059601,"median":8.79363441467,"min":2.25263810158,"var":13.8090181351},"barkbands_flatness_db":{"dmean":0.0247522331774,"dmean2":0.0407534912229,"dvar":0.000432446511695,"dvar2":0.00113917316776,"max":0.376998454332,"mean":0.148133724928,"median":0.142862468958,"min":0.036457400769,"var":0.00204699742608},"barkbands_kurtosis":{"dmean":2.91704320908,"dmean2":4.9047961235,"dvar":17.0035686493,"dvar2":43.4263305664,"max":141.503036499,"mean":4.71621656418,"median":2.83421134949,"min":-1.72055232525,"var":36.0286026001},"barkbands_skewness":{"dmean":0.576217830181,"dmean2":0.954408168793,"dvar":0.256447851658,"dvar2":0.67283397913,"max":6.65230417252,"mean":1.52826058865,"median":1.45503282547,"min":-2.15959143639,"var":0.896214962006},"barkbands_spread":{"dmean":3.74156236649,"dmean2":6.09606790543,"dvar":13.6357860565,"dvar2":33.5784759521,"max":77.5865020752,"mean":16.6070232391,"median":15.6973457336,"min":0.630677103996,"var":73.4413146973},"dissonance":{"dmean":0.0202701725066,"dmean2":0.0348199270666,"dvar":0.000426990794949,"dvar2":0.00119427847676,"max":0.500000119209,"mean":0.469646334648,"median":0.477083683014,"min":0.131409153342,"var":0.00071313441731},"dynamic_complexity":4.93722057343,"erbbands":{"dmean":[0.166574239731,1.58317148685,4.64351940155,5.14875411987,7.64681577682,9.13332366943,7.9193983078,14.5478687286,21.4409427643,15.2730779648,17.1596660614,14.0192470551,19.9433994293,23.7219600677,26.0048389435,38.4735069275,55.8861923218,29.3102111816,26.3740787506,12.7113990784,9.05119419098,9.73577690125,7.70862627029,3.77324724197,2.58848619461,1.58950412273,1.02112054825,0.690429568291,0.510324895382,0.430152118206,0.295827060938,0.122830115259,0.0429544746876,0.0245211105794,0.0151868555695,0.00955147854984,0.0159224588424,0.010818916373,0.00309964059852,0.00126583327074],"dmean2":[0.286206245422,2.72814083099,8.04253959656,8.72297477722,13.0258169174,15.4797086716,13.3992958069,24.0270519257,35.6366539001,25.444229126,28.8074073792,23.4773674011,33.4143486023,39.6717414856,42.9951095581,63.4301605225,92.4929733276,47.7869644165,43.1300239563,20.426115036,14.4966430664,15.5339097977,12.1932535172,5.76099300385,3.90944957733,2.47940063477,1.56091189384,1.04828548431,0.787070930004,0.695307850838,0.480055451393,0.199616596103,0.0713638663292,0.041073307395,0.0254304390401,0.015915080905,0.0255188886076,0.0167140495032,0.0043228068389,0.00193470809609],"dvar":[0.109097383916,7.93494844437,67.4887161255,85.8159255981,263.548370361,481.219207764,199.385009766,878.456359863,3434.18432617,1297.85388184,1970.56018066,891.145935059,2548.16381836,3973.05517578,2229.11328125,11254.3964844,21598.8828125,8295.38378906,7423.08447266,700.594299316,282.861816406,489.275787354,381.374389648,53.3436508179,22.1562995911,7.5727391243,3.63052821159,2.09693002701,1.26053595543,1.14412605762,0.615094006062,0.118191383779,0.0108262849972,0.00225295010023,0.00086508266395,0.000444120611064,0.00246297079138,0.000658389239106,0.0000275141283055,0.00000676407171341],"dvar2":[0.304068058729,22.270111084,196.328659058,242.621261597,726.609130859,1285.00671387,511.919128418,2154.84863281,8538.29589844,3233.06347656,4969.47509766,2303.02880859,6365.39892578,9963.73632812,5637.12158203,28423.3359375,55341.0976562,21290.7148438,18050.0019531,1708.97192383,691.002685547,1182.34240723,890.260070801,114.185386658,48.3530006409,17.6764621735,8.53936958313,4.59878253937,2.78569531441,2.98643493652,1.57785725594,0.294758737087,0.0271068513393,0.0057040816173,0.00219395733438,0.0011328823166,0.00614100927487,0.00158840464428,0.0000503125920659,0.0000160369436344],"max":[4.32082939148,34.2800598145,99.1887664795,192.206375122,455.765045166,823.520141602,488.93762207,689.369140625,1835.72351074,1285.23571777,1944.17590332,656.489624023,1768.25830078,2483.56347656,1353.85400391,4786.31201172,6350.56347656,4229.45556641,4102.20654297,935.261108398,528.568603516,932.415100098,1128.83679199,186.851791382,89.3258972168,59.2948455811,68.9570846558,54.8959541321,42.7375984192,47.1548957825,29.1536464691,10.2099885941,3.64945173264,0.719117105007,0.442524760962,0.694255590439,1.58873140812,0.912903010845,0.141010701656,0.0988114327192],"mean":[0.224616482854,2.06738758087,6.23143053055,7.76270055771,11.4762144089,11.9534950256,11.0827503204,20.8269309998,29.2710723877,22.1065120697,24.6144008636,21.2280006409,29.7193393707,36.1715126038,45.5634918213,65.9740066528,90.1188354492,54.5350418091,47.267364502,24.0978965759,17.8121147156,19.153175354,15.510102272,8.39890670776,5.978328228,3.8328294754,2.54024267197,1.732031703,1.19839537144,0.951898396015,0.562297642231,0.180620029569,0.0444156266749,0.0236920416355,0.0146491546184,0.0101147955284,0.0269859638065,0.0276487767696,0.0110457520932,0.00442366674542],"median":[0.0610751584172,0.603424072266,2.23959517479,3.27718830109,4.5953950882,5.46007919312,6.12214374542,10.9729833603,13.6884365082,11.5806331635,12.0060443878,11.6923656464,13.804775238,15.9776611328,27.7594013214,35.9066390991,39.9657096863,25.2319831848,22.1543884277,13.0566577911,9.77063465118,10.3477993011,7.87271738052,3.88471245766,2.78349113464,1.91959035397,1.28849983215,0.788277029991,0.464477539062,0.257410287857,0.130205154419,0.0478362068534,0.0116981752217,0.00529112108052,0.00327278254554,0.00295151397586,0.00670748157427,0.00860416144133,0.00650074332952,0.00361509574577],"min":[6.13007274923e-23,4.0223987265e-22,3.02735926706e-21,7.31305775135e-21,1.70611429712e-20,2.59864718638e-20,5.6971683411e-20,9.2132746644e-20,1.67888273587e-19,1.54311215356e-19,1.87948618363e-19,2.65128627869e-19,5.53421104624e-19,6.91268582357e-19,1.20065038437e-18,1.23656377484e-18,1.12099402876e-18,2.31263693325e-18,1.80692972601e-18,3.72909026084e-18,3.56675647921e-18,5.30761432661e-18,5.79483197921e-18,6.20354274706e-18,6.87336920527e-18,8.2470568816e-18,8.53176086791e-18,9.86423633817e-18,1.0978809274e-17,1.0585481584e-17,1.16390987534e-17,1.04523228762e-17,1.00082435197e-17,7.18398421068e-18,6.39968340032e-18,4.27355294773e-18,2.38925743262e-18,1.00440002629e-18,2.56904074436e-19,2.52315451547e-20],"var":[0.14081864059,10.9181785583,96.371925354,148.45513916,416.555328369,506.29699707,275.467010498,1219.43566895,3898.53393555,1723.93676758,2762.14355469,1152.76708984,3386.60913086,5721.91845703,3924.23657227,16769.9492188,33550.3359375,14015.0576172,12196.2724609,1363.76245117,624.742797852,970.211120605,751.640991211,148.171478271,68.1365737915,24.5224342346,11.4996967316,6.29209423065,3.49038791656,2.47644209862,0.987206578255,0.137184590101,0.0107034808025,0.00236885505728,0.000907660170924,0.00044617295498,0.00304250000045,0.00178107444663,0.000167640537256,0.0000224952709686]},"erbbands_crest":{"dmean":2.64686942101,"dmean2":4.45066022873,"dvar":6.21979141235,"dvar2":16.2388534546,"max":33.6946411133,"mean":8.70652103424,"median":7.74653530121,"min":2.51439762115,"var":16.4935188293},"erbbands_flatness_db":{"dmean":0.0236275177449,"dmean2":0.0374363437295,"dvar":0.000400854245527,"dvar2":0.0010346386116,"max":0.393142312765,"mean":0.18836222589,"median":0.180800065398,"min":0.0745657980442,"var":0.00295490864664},"erbbands_kurtosis":{"dmean":1.04936408997,"dmean2":1.72585952282,"dvar":3.06687378883,"dvar2":7.70500278473,"max":49.9849472046,"mean":0.6674015522,"median":0.116878271103,"min":-1.76635038853,"var":5.32681703568},"erbbands_skewness":{"dmean":0.3565312922,"dmean2":0.576985001564,"dvar":0.0985110849142,"dvar2":0.246545165777,"max":4.84152030945,"mean":0.00851824507117,"median":-0.107219949365,"min":-4.7573723793,"var":0.532032251358},"erbbands_spread":{"dmean":5.00909042358,"dmean2":8.06571769714,"dvar":21.782207489,"dvar2":52.4658432007,"max":89.3175888062,"mean":23.0588283539,"median":20.6271533966,"min":1.29409599304,"var":122.209236145},"gfcc":{"cov":[[20891.8691406,206.887115479,73.7623291016,2287.40209961,1364.81933594,792.090209961,1014.63061523,-56.161529541,140.053894043,-306.806213379,-221.712554932,224.400650024,-840.717773438],[206.887115479,692.184020996,-65.0530395508,-159.003005981,89.9642715454,-107.788406372,38.983165741,-104.678215027,5.16737747192,-42.97082901,12.6702423096,-48.4913902283,55.0855331421],[73.7623291016,-65.0530395508,462.114715576,385.954376221,101.304161072,194.7318573,14.6999139786,98.7910690308,-65.7613830566,-16.7515583038,-56.3838005066,-10.0372810364,-41.814453125],[2287.40209961,-159.003005981,385.954376221,844.785339355,407.165039062,211.801589966,285.491973877,41.5579948425,21.4044799805,-76.6377334595,-105.690719604,47.7978820801,-201.76902771],[1364.81933594,89.9642715454,101.304161072,407.165039062,404.884460449,136.36177063,215.789505005,-31.4535369873,40.7698974609,-66.3772964478,-33.9842224121,24.0368728638,-97.3468322754],[792.090209961,-107.788406372,194.7318573,211.801589966,136.36177063,279.69329834,38.4579315186,85.606338501,-34.4249382019,-4.74518060684,-16.9908504486,4.99983644485,-40.4472846985],[1014.63061523,38.983165741,14.6999139786,285.491973877,215.789505005,38.4579315186,302.08605957,-15.0917396545,94.4817581177,-34.0803108215,-29.7283706665,40.5712432861,-113.909309387],[-56.161529541,-104.678215027,98.7910690308,41.5579948425,-31.4535369873,85.606338501,-15.0917396545,136.254043579,5.15372276306,32.9040260315,-1.09053480625,-16.1765136719,10.0834236145],[140.053894043,5.16737747192,-65.7613830566,21.4044799805,40.7698974609,-34.4249382019,94.4817581177,5.15372276306,121.732162476,28.5995159149,8.56880474091,23.7138023376,-41.8784446716],[-306.806213379,-42.97082901,-16.7515583038,-76.6377334595,-66.3772964478,-4.74518060684,-34.0803108215,32.9040260315,28.5995159149,72.0329971313,37.273525238,-1.61840867996,23.4243297577],[-221.712554932,12.6702423096,-56.3838005066,-105.690719604,-33.9842224121,-16.9908504486,-29.7283706665,-1.09053480625,8.56880474091,37.273525238,69.7741699219,27.561466217,31.1064739227],[224.400650024,-48.4913902283,-10.0372810364,47.7978820801,24.0368728638,4.99983644485,40.5712432861,-16.1765136719,23.7138023376,-1.61840867996,27.561466217,72.1406707764,-5.88665819168],[-840.717773438,55.0855331421,-41.814453125,-201.76902771,-97.3468322754,-40.4472846985,-113.909309387,10.0834236145,-41.8784446716,23.4243297577,31.1064739227,-5.88665819168,126.000663757]],"icov":[[0.000179815280717,-0.000579736486543,0.00125742913224,-0.00120802759193,0.000570126401726,-0.00078996270895,0.000423910998506,-0.00032588551403,0.000315770244924,-0.000128061554278,0.0000777758468757,-0.000506305426825,0.000618177000433],[-0.000579736486543,0.00490471627563,-0.00592966657132,0.00536026898772,-0.00314511079341,0.003371930914,-0.00288312858902,0.00325211836025,-0.00269102118909,0.00347769260406,-0.00328705809079,0.00577481696382,-0.00407051155344],[0.00125742913224,-0.00592966657132,0.016740899533,-0.0148655651137,0.00808366108686,-0.00907037872821,0.00501727964729,-0.00379891390912,0.0027619577013,-0.000971706816927,0.000143168799696,-0.00228919135407,0.0018630794948],[-0.00120802759193,0.00536026898772,-0.0148655651137,0.0214644093066,-0.0152463112026,0.0112876594067,-0.0048500970006,-0.00290116295218,0.00702014379203,-0.0091961119324,0.0137079088017,-0.0097399353981,0.00693009607494],[0.000570126401726,-0.00314511079341,0.00808366108686,-0.0152463112026,0.0185594111681,-0.011569772847,-0.000511479738634,0.0070273806341,-0.0107421865687,0.0146974567324,-0.0158476866782,0.0130230458453,-0.00873454660177],[-0.00078996270895,0.003371930914,-0.00907037872821,0.0112876594067,-0.011569772847,0.0148552879691,-0.00181909673847,-0.00631121685728,0.00803100410849,-0.00796529278159,0.00751285348088,-0.00686588324606,0.00498521933332],[0.000423910998506,-0.00288312858902,0.00501727964729,-0.0048500970006,-0.000511479738634,-0.00181909673847,0.0108781158924,-0.00282775308006,-0.00270606717095,-0.000274205231108,0.00280182389542,-0.00555746490136,0.00526897748932],[-0.00032588551403,0.00325211836025,-0.00379891390912,-0.00290116295218,0.0070273806341,-0.00631121685728,-0.00282775308006,0.0200612731278,-0.0123895248398,0.00738261081278,-0.0116234486923,0.0164686702192,-0.0121125206351],[0.000315770244924,-0.00269102118909,0.0027619577013,0.00702014379203,-0.0107421865687,0.00803100410849,-0.00270606717095,-0.0123895248398,0.0322691611946,-0.0275308415294,0.0218878891319,-0.0234421286732,0.0176099650562],[-0.000128061554278,0.00347769260406,-0.000971706816927,-0.0091961119324,0.0146974567324,-0.00796529278159,-0.000274205231108,0.00738261081278,-0.0275308415294,0.0525064319372,-0.0393703579903,0.0300197936594,-0.0172534305602],[0.0000777758468757,-0.00328705809079,0.000143168799696,0.0137079088017,-0.0158476866782,0.00751285348088,0.00280182389542,-0.0116234486923,0.0218878891319,-0.0393703579903,0.0581915788352,-0.0399453639984,0.0159472245723],[-0.000506305426825,0.00577481696382,-0.00228919135407,-0.0097399353981,0.0130230458453,-0.00686588324606,-0.00555746490136,0.0164686702192,-0.0234421286732,0.0300197936594,-0.0399453639984,0.0502611249685,-0.0219066552818],[0.000618177000433,-0.00407051155344,0.0018630794948,0.00693009607494,-0.00873454660177,0.00498521933332,0.00526897748932,-0.0121125206351,0.0176099650562,-0.0172534305602,0.0159472245723,-0.0219066552818,0.0302411857992]],"mean":[-39.6582107544,118.819335938,-113.533592224,-18.8834857941,-18.7659435272,-17.9580020905,-8.6580991745,-23.5493717194,-4.51389980316,-6.2468214035,-4.37148475647,-0.557255327702,-11.4177017212]},"hfc":{"dmean":9.28243637085,"dmean2":14.7924976349,"dvar":185.05406189,"dvar2":465.732879639,"max":266.132354736,"mean":38.0588607788,"median":39.0446395874,"min":1.10105448854e-16,"var":919.305969238},"melbands":{"dmean":[0.00158589170314,0.00225043506362,0.000904841290321,0.000614498625509,0.000287533301162,0.000322164298268,0.000309200608172,0.000159404269652,0.000142129647429,0.0000880674779182,0.000103697311715,0.000102049285488,0.0000831195065985,0.000109745385998,0.000117110430438,0.000106444451376,0.0000555803526368,0.000047406534577,0.0000252493027801,0.0000135697537189,0.0000108975773401,0.0000110190067062,0.0000103545999082,0.00000529695171281,0.00000317246781378,0.00000239980363403,0.00000161678008226,0.00000105339813672,7.46773821447e-7,5.15563613135e-7,4.20996485673e-7,3.24653996131e-7,2.85660092914e-7,2.50549163638e-7,1.9436784271e-7,1.2648749248e-7,5.89812003682e-8,3.15776098603e-8,2.30824834802e-8,1.98503666837e-8],"dmean2":[0.00273068621755,0.00388878211379,0.00153086858336,0.00103912758641,0.00048606575001,0.000531973317266,0.000512936385348,0.000266166287474,0.000238598062424,0.000147911880049,0.000173788386746,0.000170892861206,0.000137812399771,0.000182302712346,0.000193984000362,0.000177002177224,0.0000914108968573,0.0000778265093686,0.000041084986151,0.0000221386817429,0.0000175958011823,0.0000178056525328,0.000016711803255,0.00000831764918985,0.00000496688835483,0.0000037255706502,0.00000253677490036,0.00000168529049915,0.00000117247896014,8.02686827228e-7,6.5759422796e-7,5.08458640525e-7,4.6062734782e-7,4.08148139286e-7,3.17270860251e-7,2.05332952419e-7,9.71915312675e-8,5.26889856189e-8,3.8700854077e-8,3.32612479781e-8],"dvar":[0.00000895901121112,0.0000146963966472,0.00000266766710411,0.00000175139985004,2.89164347578e-7,4.12526844684e-7,6.50884715014e-7,1.3984116265e-7,1.37056332505e-7,3.5253698627e-8,6.7891029687e-8,7.7996901382e-8,3.0689488284e-8,5.32221733351e-8,8.85937296857e-8,6.25195468729e-8,3.58469165462e-8,1.97863680995e-8,4.12613010425e-9,8.27312773843e-10,4.97943131172e-10,5.85690940191e-10,1.50546153321e-9,1.23008603303e-10,3.77100503601e-11,2.00062744149e-11,8.0910417255e-12,3.35310663784e-12,1.9897571004e-12,8.63615277381e-13,8.73730233129e-13,5.29909395443e-13,4.19832788326e-13,3.87915773722e-13,2.59856724897e-13,1.0387823685e-13,3.45416105657e-14,7.77356017013e-15,2.06180313098e-15,1.48236102077e-15],"dvar2":[0.000024847986424,0.0000424896279583,0.00000763769730838,0.00000461817808173,7.28845975573e-7,0.00000101798934793,0.00000161463015047,3.53393431851e-7,3.42211706084e-7,9.12187587687e-8,1.69035430986e-7,1.9451599087e-7,7.72788553149e-8,1.35047827143e-7,2.28820056236e-7,1.59916993425e-7,9.23595138147e-8,4.83825139952e-8,9.907044074e-9,2.06409378478e-9,1.19532161946e-9,1.46271228463e-9,3.48709905396e-9,2.82227213821e-10,8.55656309695e-11,4.61355988135e-11,1.91613721418e-11,8.15755015621e-12,4.89024922987e-12,2.0058238924e-12,1.98608382344e-12,1.18040473229e-12,1.05164564123e-12,1.03500877573e-12,6.71180992728e-13,2.63436164159e-13,8.74439748584e-14,1.95026845828e-14,5.18290143062e-15,3.75949644408e-15],"max":[0.0408379100263,0.0402918532491,0.0265151727945,0.0481576249003,0.0220877099782,0.0142712555826,0.0247364956886,0.0129319066182,0.0184736717492,0.00414046598598,0.00868107937276,0.0113041307777,0.00511514861137,0.00796414539218,0.00909839104861,0.00982624199241,0.00971954222769,0.00631342735142,0.00268137850799,0.00115596922114,0.000976079958491,0.000919523765333,0.00286620808765,0.00026641326258,0.000152195309056,0.0000796063468442,0.0000581162566959,0.0000323085187119,0.0000532621525053,0.0000221555073949,0.0000358689321729,0.0000249628592428,0.0000206375170819,0.0000261949517153,0.0000181507475645,0.00000814109353087,0.00000579398920308,0.00000366448057321,8.00192481165e-7,5.83279870625e-7],"mean":[0.00228210235946,0.00319034699351,0.00148071430158,0.000888528127689,0.000406345527153,0.000471232167911,0.000432686239947,0.000228204313316,0.00020004795806,0.000129059248138,0.000150587584358,0.000148052771692,0.000134744797833,0.000179680500878,0.000186651028343,0.000170484127011,0.0000942534388741,0.0000800067718956,0.0000436161426478,0.0000237879012275,0.0000198880625248,0.0000200851372938,0.0000183969077625,0.0000102341728052,0.0000064198416112,0.00000497251949128,0.00000346296565112,0.00000228100611821,0.00000166922006883,0.00000119484718653,9.46354646203e-7,6.95571941378e-7,5.95060896558e-7,5.02960972426e-7,3.55484104375e-7,2.01975694836e-7,7.0167004651e-8,3.01895752841e-8,2.20352767144e-8,1.89123756655e-8],"median":[0.000822786707431,0.00127126392908,0.00069769565016,0.000401082390454,0.00022487618844,0.000252061930951,0.000209592355532,0.000118054733321,0.0000952785121626,0.0000697537616361,0.0000671078596497,0.000061581042246,0.0000764710712247,0.0000955217037699,0.0000833193480503,0.0000725269055692,0.0000399265918531,0.0000362972205039,0.0000213132843783,0.0000120433069242,0.00000991960132524,0.0000101573587017,0.00000866568734637,0.0000045324813982,0.00000273457453659,0.00000204942170967,0.00000161946127264,0.00000105413789697,8.01243004389e-7,5.45812326891e-7,4.05280388804e-7,2.63507700993e-7,1.81730086979e-7,1.14517263228e-7,7.69574270976e-8,4.72028176546e-8,1.74362568828e-8,5.84445203344e-9,4.65163507712e-9,4.02300059932e-9],"min":[1.09118040866e-24,1.88848054785e-24,2.50226481921e-24,1.39251709003e-24,1.88851900482e-24,1.99991622261e-24,2.56608563859e-24,2.03372364557e-24,1.70909693066e-24,1.52689638979e-24,2.60129979776e-24,2.48245494416e-24,3.86862831061e-24,1.71537330524e-24,1.84923057629e-24,2.77035959228e-24,3.40538315465e-24,1.82297590486e-24,4.3954903654e-24,3.35352659419e-24,4.24386893284e-24,3.80254109384e-24,5.39093500904e-24,4.6368364429e-24,4.26837450243e-24,2.97135523726e-24,6.0751834919e-24,3.91197897836e-24,4.84096327402e-24,4.41204185049e-24,4.45426168613e-24,5.68855763465e-24,3.97111790827e-24,5.62946209209e-24,6.34244286127e-24,5.54652559525e-24,5.89991753142e-24,6.97761117962e-24,5.53628460298e-24,6.36164570785e-24],"var":[0.0000122985620692,0.000022265530788,0.00000499603902426,0.00000224358063861,3.97044573219e-7,5.8278266124e-7,7.60219279528e-7,1.91592022247e-7,1.89142426166e-7,4.45796786153e-8,9.02454004859e-8,1.09855648134e-7,4.86406754874e-8,8.81936301766e-8,1.31778094214e-7,1.02649437395e-7,5.66222198017e-8,3.22567146327e-8,7.38167305059e-9,1.36761146852e-9,1.02520036904e-9,1.11078080067e-9,2.46746045818e-9,2.60064442204e-10,9.22705870043e-11,5.22407186954e-11,2.208832596e-11,9.20322238557e-12,5.25967897708e-12,2.68189788953e-12,2.1653128509e-12,1.2865364156e-12,9.69493148956e-13,7.55856694509e-13,4.12204721311e-13,1.39616454248e-13,3.28753781739e-14,7.14775867617e-15,2.15215761777e-15,1.54875061614e-15]},"melbands_crest":{"dmean":4.0450668335,"dmean2":6.92935037613,"dvar":11.4102363586,"dvar2":33.2029151917,"max":31.4873332977,"mean":13.7024431229,"median":13.1376361847,"min":1.61096048355,"var":23.9137973785},"melbands_flatness_db":{"dmean":0.0315215699375,"dmean2":0.0519801527262,"dvar":0.000662130012643,"dvar2":0.00175620941445,"max":0.490711510181,"mean":0.252217322588,"median":0.249686405063,"min":0.00229517486878,"var":0.00266775977798},"melbands_kurtosis":{"dmean":4.38428115845,"dmean2":7.38203525543,"dvar":35.9248847961,"dvar2":94.469329834,"max":106.31803894,"mean":6.28050994873,"median":3.68606996536,"min":-1.84444737434,"var":75.0954818726},"melbands_skewness":{"dmean":0.714603900909,"dmean2":1.180513978,"dvar":0.414979606867,"dvar2":1.11062276363,"max":9.06403064728,"mean":1.94148433208,"median":1.74798357487,"min":-2.01519227028,"var":1.43886888027},"melbands_spread":{"dmean":5.28897428513,"dmean2":8.75871562958,"dvar":28.5285053253,"dvar2":72.2072296143,"max":147.620498657,"mean":17.9942989349,"median":16.0626449585,"min":0.738750100136,"var":155.346862793},"mfcc":{"cov":[[12845.9550781,362.916931152,-573.403381348,2050.64794922,401.502685547,1551.0715332,442.269805908,1244.3770752,-18.3627490997,454.998962402,231.576202393,195.835678101,-51.151473999],[362.916931152,1016.33514404,-185.260482788,-136.561660767,-5.43192911148,-36.7432022095,-7.97593975067,-108.690139771,2.71963572502,-73.5927886963,-28.6993427277,11.8015346527,5.29242658615],[-573.403381348,-185.260482788,429.562255859,11.2878160477,92.2601547241,-34.725528717,59.3966064453,-6.66177272797,26.6042842865,12.5511779785,-20.3450050354,-27.2724304199,-16.0257606506],[2050.64794922,-136.561660767,11.2878160477,780.846618652,124.669906616,398.872131348,124.983123779,335.378448486,26.9462776184,123.492584229,45.2428588867,13.6172533035,-22.0140514374],[401.502685547,-5.43192911148,92.2601547241,124.669906616,229.209991455,120.313690186,98.4098129272,64.3139648438,32.0154647827,-2.78681826591,-0.812240898609,9.97959136963,-16.2666301727],[1551.0715332,-36.7432022095,-34.725528717,398.872131348,120.313690186,383.955810547,116.604164124,255.022705078,3.08023691177,89.9201889038,26.9110908508,25.6911373138,-10.3178100586],[442.269805908,-7.97593975067,59.3966064453,124.983123779,98.4098129272,116.604164124,147.32875061,90.0839233398,35.7345504761,13.9992265701,12.1174659729,1.99791169167,-10.8879232407],[1244.3770752,-108.690139771,-6.66177272797,335.378448486,64.3139648438,255.022705078,90.0839233398,269.243164062,24.2309398651,95.0090789795,33.4735603333,27.721578598,-9.31579113007],[-18.3627490997,2.71963572502,26.6042842865,26.9462776184,32.0154647827,3.08023691177,35.7345504761,24.2309398651,80.7301864624,28.0135974884,16.6740055084,-1.61088263988,-1.89132726192],[454.998962402,-73.5927886963,12.5511779785,123.492584229,-2.78681826591,89.9201889038,13.9992265701,95.0090789795,28.0135974884,113.816886902,46.1455345154,12.7755088806,-4.19468927383],[231.576202393,-28.6993427277,-20.3450050354,45.2428588867,-0.812240898609,26.9110908508,12.1174659729,33.4735603333,16.6740055084,46.1455345154,74.7020568848,29.386762619,1.52843868732],[195.835678101,11.8015346527,-27.2724304199,13.6172533035,9.97959136963,25.6911373138,1.99791169167,27.721578598,-1.61088263988,12.7755088806,29.386762619,59.4839019775,22.0727405548],[-51.151473999,5.29242658615,-16.0257606506,-22.0140514374,-16.2666301727,-10.3178100586,-10.8879232407,-9.31579113007,-1.89132726192,-4.19468927383,1.52843868732,22.0727405548,53.2296791077]],"icov":[[0.000215233230847,-0.000143896861118,0.000220075686229,-0.000244470807957,-0.00012437471014,-0.000188646503375,-0.0000983263962553,-0.000427886232501,0.000398124189815,-0.000218879809836,-0.000152546708705,-0.000108322310552,0.00006291380123],[-0.000143896861118,0.00132308981847,0.000416337396018,0.000201372371521,0.000150494175614,-0.000371466419892,-0.00027829076862,0.00129067385569,-0.000904087675735,0.000427933293395,0.000765527365729,-0.00073072622763,0.00036437183735],[0.000220075686229,0.000416337396018,0.00371187366545,-0.000529151817318,-0.00178880780004,0.00163863832131,-0.00190884957556,-0.0000472022802569,0.00102047540713,-0.00248379772529,0.00167712487746,0.000402115721954,0.0000666704727337],[-0.000244470807957,0.000201372371521,-0.000529151817318,0.0036261244677,-0.000117073410365,-0.00190571509302,0.000871840282343,-0.00203369930387,-0.00075279281009,0.000722052936908,-0.00106502755079,0.00188511784654,-0.000218341025175],[-0.00012437471014,0.000150494175614,-0.00178880780004,-0.000117073410365,0.00845167972147,-0.00349476910196,-0.00237678480335,0.00235117832199,-0.0035878685303,0.00325618986972,0.000839119835291,-0.00354532082565,0.00268439366482],[-0.000188646503375,-0.000371466419892,0.00163863832131,-0.00190571509302,-0.00349476910196,0.0121050132439,-0.00343308481388,-0.00563513441011,0.00526738306507,-0.00436169048771,0.00206837290898,0.000513837381732,-0.0012782010017],[-0.0000983263962553,-0.00027829076862,-0.00190884957556,0.000871840282343,-0.00237678480335,-0.00343308481388,0.0141940265894,-0.00296257808805,-0.00499662570655,0.00535285845399,-0.00388630642556,0.00275168498047,-0.0000730446627131],[-0.000427886232501,0.00129067385569,-0.0000472022802569,-0.00203369930387,0.00235117832199,-0.00563513441011,-0.00296257808805,0.0164659861475,-0.00320322019979,-0.0040747220628,0.00368767930195,-0.005861105863,0.00239679054357],[0.000398124189815,-0.000904087675735,0.00102047540713,-0.00075279281009,-0.0035878685303,0.00526738306507,-0.00499662570655,-0.00320322019979,0.0196339860559,-0.00696366280317,-0.00188155041542,0.00333219021559,-0.00236855819821],[-0.000218879809836,0.000427933293395,-0.00248379772529,0.000722052936908,0.00325618986972,-0.00436169048771,0.00535285845399,-0.0040747220628,-0.00696366280317,0.0213376227766,-0.0103417336941,0.00253758882172,0.000508089200594],[-0.000152546708705,0.000765527365729,0.00167712487746,-0.00106502755079,0.000839119835291,0.00206837290898,-0.00388630642556,0.00368767930195,-0.00188155041542,-0.0103417336941,0.0254157055169,-0.0132092302665,0.00421543605626],[-0.000108322310552,-0.00073072622763,0.000402115721954,0.00188511784654,-0.00354532082565,0.000513837381732,0.00275168498047,-0.005861105863,0.00333219021559,0.00253758882172,-0.0132092302665,0.0308511182666,-0.0126728601754],[0.00006291380123,0.00036437183735,0.0000666704727337,-0.000218341025175,0.00268439366482,-0.0012782010017,-0.0000730446627131,0.00239679054357,-0.00236855819821,0.000508089200594,0.00421543605626,-0.0126728601754,0.0248075015843]],"mean":[-692.233276367,179.574310303,-32.7824783325,13.3618755341,-4.83555984497,14.0629997253,-5.3450961113,0.521004617214,-7.53450679779,-1.46920740604,0.324905395508,2.74353075027,1.46860396862]},"pitch_salience":{"dmean":0.0834430754185,"dmean2":0.141785606742,"dvar":0.00501750735566,"dvar2":0.0142838582397,"max":0.929676532745,"mean":0.620785832405,"median":0.632796525955,"min":0.143650218844,"var":0.011623121798},"silence_rate_20dB":{"dmean":0,"dmean2":0,"dvar":0,"dvar2":0,"max":1,"mean":1,"median":1,"min":1,"var":0},"silence_rate_30dB":{"dmean":0.0222165249288,"dmean2":0.0444368496537,"dvar":0.0217210687697,"dvar2":0.0564714968204,"max":1,"mean":0.982484638691,"median":1,"min":0,"var":0.0172077268362},"silence_rate_60dB":{"dmean":0.0229001119733,"dmean2":0.0458041355014,"dvar":0.0223766136914,"dvar2":0.0519038848579,"max":1,"mean":0.1466165483,"median":0,"min":0,"var":0.125110715628},"spectral_centroid":{"dmean":156.261413574,"dmean2":249.712890625,"dvar":29311.46875,"dvar2":62776.9921875,"max":11901.7695312,"mean":961.381469727,"median":869.030029297,"min":213.632095337,"var":559231.1875},"spectral_complexity":{"dmean":2.92284035683,"dmean2":4.60348653793,"dvar":7.45193481445,"dvar2":16.3551139832,"max":53,"mean":20.9095172882,"median":23,"min":0,"var":136.105270386},"spectral_contrast_coeffs":{"dmean":[0.0566478706896,0.0509209595621,0.0370272174478,0.0287547186017,0.0204503778368,0.047124132514],"dmean2":[0.095532618463,0.0859402865171,0.062692694366,0.0482859276235,0.0341547690332,0.0764362290502],"dvar":[0.0019877043087,0.00160421943292,0.000876598816831,0.000534125952981,0.000290076393867,0.00168927700724],"dvar2":[0.00561901601031,0.00453688716516,0.00243490305729,0.0014814742608,0.000782106479164,0.00436361413449],"max":[-0.272678077221,-0.47792673111,-0.517221152782,-0.582693397999,-0.626846551895,-0.451080620289],"mean":[-0.65317606926,-0.773113071918,-0.808837532997,-0.801711916924,-0.814423143864,-0.748054206371],"median":[-0.6582685709,-0.77980029583,-0.814051926136,-0.804333388805,-0.809457182884,-0.757404029369],"min":[-0.979235947132,-0.976933836937,-0.975840985775,-0.969954848289,-0.971042156219,-0.964570939541],"var":[0.0063611920923,0.00405345391482,0.00249953288585,0.00198265025392,0.00140929967165,0.00716033391654]},"spectral_contrast_valleys":{"dmean":[0.429542511702,0.338549435139,0.285113662481,0.232695162296,0.23009032011,0.756921052933],"dmean2":[0.723419487476,0.572792112827,0.47614338994,0.375676423311,0.354356855154,1.24074316025],"dvar":[0.11789996922,0.0750069692731,0.0546746440232,0.0411273576319,0.0549702607095,0.398516893387],"dvar2":[0.325211703777,0.197643399239,0.138802587986,0.0945570468903,0.116371281445,1.06269323826],"max":[-4.93205499649,-4.51224946976,-4.82841348648,-5.32553911209,-5.77090215683,-8.98230552673],"mean":[-7.56504869461,-6.40801334381,-6.84904670715,-7.30367803574,-8.1031665802,-11.7027320862],"median":[-6.78090572357,-6.15456104279,-6.55161476135,-6.88737201691,-7.54138994217,-11.4963846207],"min":[-27.9098396301,-27.7888412476,-27.7083072662,-27.7380905151,-27.5130386353,-27.3688697815],"var":[4.63075780869,2.73436594009,2.84327411652,3.0313398838,3.31777501106,2.59371852875]},"spectral_decrease":{"dmean":3.28751981193e-9,"dmean2":5.50218315354e-9,"dvar":2.05659202547e-17,"dvar2":5.65416793082e-17,"max":1.46195018925e-28,"mean":-8.91504647882e-9,"median":-8.25134627291e-9,"min":-4.90839298095e-8,"var":6.59785329305e-17},"spectral_energy":{"dmean":0.0128256203607,"dmean2":0.0214140899479,"dvar":0.000308384682285,"dvar2":0.000843406538479,"max":0.190855175257,"mean":0.0370994359255,"median":0.0352429486811,"min":1.00312572547e-20,"var":0.00108263792936},"spectral_energyband_high":{"dmean":0.0000805270901765,"dmean2":0.000115814313176,"dvar":2.13334878651e-8,"dvar2":4.33510685127e-8,"max":0.00357368309051,"mean":0.000269885204034,"median":0.000153831730131,"min":7.10197725334e-21,"var":1.06250872989e-7},"spectral_energyband_low":{"dmean":0.00958934426308,"dmean2":0.0164294485003,"dvar":0.000237680622377,"dvar2":0.000672092428431,"max":0.161713078618,"mean":0.0163965206593,"median":0.0093381665647,"min":2.2313640679e-23,"var":0.000438053102698},"spectral_energyband_middle_high":{"dmean":0.00301580969244,"dmean2":0.0047942395322,"dvar":0.0000302608295897,"dvar2":0.0000760837210692,"max":0.119759716094,"mean":0.00806955713779,"median":0.00549890240654,"min":1.20937985887e-21,"var":0.0000849542993819},"spectral_energyband_middle_low":{"dmean":0.00556317856535,"dmean2":0.00911709014326,"dvar":0.0000701676763128,"dvar2":0.000182498930371,"max":0.180342167616,"mean":0.0126976035535,"median":0.00929424725473,"min":1.53186425317e-22,"var":0.000167712860275},"spectral_entropy":{"dmean":0.157785534859,"dmean2":0.252537965775,"dvar":0.0229390766472,"dvar2":0.0559325814247,"max":9.82424640656,"mean":7.30862522125,"median":7.36348295212,"min":5.20961141586,"var":0.175394073129},"spectral_flux":{"dmean":0.0215619839728,"dmean2":0.0349598377943,"dvar":0.000601250038017,"dvar2":0.00144605780952,"max":0.372843772173,"mean":0.100520789623,"median":0.10334109515,"min":6.44414591133e-11,"var":0.00380960619077},"spectral_kurtosis":{"dmean":5.38162946701,"dmean2":8.71933460236,"dvar":43.0315818787,"dvar2":117.345840454,"max":76.2942428589,"mean":21.3941764832,"median":17.1302967072,"min":-1.23919844627,"var":142.673812866},"spectral_rms":{"dmean":0.000905608583707,"dmean2":0.00149753619917,"dvar":9.94803372123e-7,"dvar2":0.0000027083083296,"max":0.0136455185711,"mean":0.00522426469252,"median":0.00586373265833,"min":3.12835304536e-12,"var":0.00000890176670509},"spectral_rolloff":{"dmean":524.356567383,"dmean2":952.741516113,"dvar":4450298,"dvar2":12331659,"max":22028.4667969,"mean":1438.8626709,"median":1205.859375,"min":86.1328125,"var":5771069},"spectral_skewness":{"dmean":0.329786270857,"dmean2":0.519526302814,"dvar":0.121916696429,"dvar2":0.320633679628,"max":6.56580114365,"mean":3.02616357803,"median":2.80091571808,"min":-0.0822323709726,"var":0.862799227238},"spectral_spread":{"dmean":424630.96875,"dmean2":689296.4375,"dvar":226144354304,"dvar2":531276693504,"max":42276672,"mean":3029360.75,"median":2863830,"min":1081933.875,"var":6780617752580},"spectral_strongpeak":{"dmean":0.511332154274,"dmean2":0.890460252762,"dvar":1.64462721348,"dvar2":4.32003164291,"max":33.2335968018,"mean":0.675327777863,"median":0.382561683655,"min":0,"var":1.53289544582},"zerocrossingrate":{"dmean":0.0179923065007,"dmean2":0.0242459885776,"dvar":0.000258781306911,"dvar2":0.000446058227681,"max":0.51904296875,"mean":0.116573683918,"median":0.109375,"min":0.01220703125,"var":0.00238940026611}},"metadata":{"audio_properties":{"analysis_sample_rate":44100,"bit_rate":192000,"codec":"mp3","downmix":"mix","equal_loudness":0,"length":271.725708008,"lossless":false,"md5_encoded":"af1825e5fba5449555e1fc47a9f04b49","replay_gain":-0.416864395142},"tags":{"album":["Renegades"],"albumartist":["Rage Against the Machine"],"albumartistsort":["Rage Against the Machine"],"artist":["Rage Against the Machine"],"artistsort":["Rage Against the Machine"],"asin":["B000053EZW"],"barcode":["5099749992177"],"catalognumber":["499921 7"],"composer":["MC5"],"date":["2000-12-05"],"discnumber":["1/1"],"file_name":"13 Rage Against the Machine - Kick Out the Jams (live).mp3","genre":["Alternative Rock / Hip Hop"],"isrc":["USSM10017107"],"label":["Epic"],"language":["eng"],"length":["271773"],"media":["CD"],"mp3gain_album_minmax":["130,189"],"mp3gain_minmax":["130,187"],"musicbrainz album release country":["US"],"musicbrainz album status":["official"],"musicbrainz album type":["album"],"musicbrainz_albumartistid":["3798b104-01cb-484c-a3b0-56adc6399b80"],"musicbrainz_albumid":["2e70de30-5fa5-4ec3-a3d1-8ca806864f78"],"musicbrainz_artistid":["3798b104-01cb-484c-a3b0-56adc6399b80"],"musicbrainz_recordingid":["a1ba1e38-1768-4187-91fe-e92ab1279076"],"originaldate":["2000-12-04"],"replaygain_album_gain":["0.32 dB"],"replaygain_album_peak":["0.350980"],"replaygain_track_gain":["-0.35 dB"],"replaygain_track_peak":["0.306619"],"script":["Latn"],"title":["Kick Out the Jams (live)"],"tracknumber":["13/14"]},"version":{"essentia":"2.1-beta1","essentia_build_sha":"eef087cf131c10083d474ad51def18efd0e38295","essentia_git_sha":"v2.1_beta1-7-ge0e83e8-dirty","extractor":"music 1.0"}},"rhythm":{"beats_count":620,"beats_loudness":{"dmean":0.0128333484754,"dmean2":0.0217961724848,"dvar":0.000241731424467,"dvar2":0.000675376970321,"max":0.143111258745,"mean":0.0388277620077,"median":0.0421645753086,"min":0,"var":0.00101597874891},"beats_loudness_band_ratio":{"dmean":[0.138006910682,0.123714514077,0.0985485985875,0.09759259969,0.0405023470521,0.0243860278279],"d