{"lowlevel":{"average_loudness":0.935850203037,"barkbands":{"dmean":[0.0000354117946699,0.00551296211779,0.00659174565226,0.00328323687427,0.00448662647977,0.00126103521325,0.000399685202865,0.00037636468187,0.00033578890725,0.000130370608531,0.000194895794266,0.000122586017824,0.0000963407510426,0.0000861718872329,0.0000920472521102,0.0001471786818,0.00023435454932,0.000222716102144,0.000342574523529,0.000175494686118,0.000115258058941,0.0000743869532016,0.0000394103190047,0.000025608607757,0.0000245004557655,0.0000118021425806,0.00000124946575397],"dmean2":[0.0000596742684138,0.00943997502327,0.0111202020198,0.0054124314338,0.00738209811971,0.00198287237436,0.0006257967907,0.000598741869908,0.000526687537786,0.000207255856367,0.000287013157504,0.000189391124877,0.000151770640514,0.000136262242449,0.000145897705806,0.000236427425989,0.000385948253097,0.000369508197764,0.000564318499528,0.000286555557977,0.000186175821,0.00011710038234,0.0000606968460488,0.0000393169248127,0.0000374836708943,0.0000178067984962,0.00000188077387975],"dvar":[2.56134735643e-9,0.0000559604886803,0.0000679533040966,0.0000175033455889,0.0000809293269413,0.00000268850794782,3.35725957257e-7,4.17351458282e-7,5.84145368521e-7,1.01507822592e-7,5.17142325407e-7,1.8388854528e-7,1.40519503589e-7,5.72358622719e-8,4.75309143155e-8,5.75314942353e-8,7.84108848961e-8,7.42723784697e-8,1.90948938439e-7,5.02179311468e-8,1.75150294268e-8,1.12310729605e-8,4.29730828699e-9,3.36496319697e-9,3.14654124978e-9,9.47289691133e-10,6.19716734526e-12],"dvar2":[6.76670630639e-9,0.000159472794621,0.000188761361642,0.0000472729298053,0.000211122154724,0.00000659083161736,7.46005525798e-7,9.55252517088e-7,0.0000012247057839,2.38474285652e-7,0.00000104490379726,4.35882270722e-7,3.4035747376e-7,1.23254466189e-7,1.07849068343e-7,1.30464670178e-7,1.91106551028e-7,1.9887544056e-7,4.97687324241e-7,1.25210220858e-7,4.56089175316e-8,2.55734864396e-8,9.81072112438e-9,7.02999125579e-9,6.5650658243e-9,2.00760230662e-9,1.36130412498e-11],"max":[0.000570522388443,0.0720449909568,0.0717667415738,0.0733022689819,0.0861437171698,0.0311605948955,0.0121149150655,0.011931322515,0.0228974726051,0.00922128371894,0.0215943083167,0.0117658311501,0.0172159466892,0.00863345898688,0.00522770779207,0.00656205136329,0.006559912581,0.00593444891274,0.00890698283911,0.00450949277729,0.00194794230629,0.00215546693653,0.00162473879755,0.00263348664157,0.00139313482214,0.000802313850727,0.0000397761941713],"mean":[0.0000426373626397,0.00797921512276,0.0111430827528,0.0051007415168,0.0069484943524,0.00263024773449,0.00082224025391,0.000680052384268,0.00059249898186,0.000220255358727,0.000313851953251,0.00018978305161,0.000148024832015,0.000142913282616,0.000156211885042,0.000290976866381,0.000525589159224,0.000522188551258,0.000881885818671,0.000485702214064,0.000335772900144,0.0002103648294,0.000102261430584,0.0000611411742284,0.0000470799204777,0.0000185885164683,0.00000187751902558],"median":[0.000020125446099,0.00479855947196,0.00821997225285,0.00334210507572,0.00424067443237,0.00182118662633,0.000515309511684,0.000345925916918,0.000224763789447,0.000109835629701,0.0000739865499781,0.000072605907917,0.0000606736648479,0.0000628119596513,0.0000889508010005,0.000193418149138,0.00042594462866,0.000418700074079,0.000648259883747,0.000378596334485,0.000276707927696,0.000154913388542,0.0000620731589152,0.0000336152406817,0.000020817755285,0.00000542762654732,4.65889257839e-7],"min":[1.04682951458e-25,2.22758187429e-24,7.14352401077e-25,1.60319748173e-24,6.06374619206e-24,7.35812612586e-24,1.04707416993e-23,1.07072343101e-23,2.11361695369e-23,2.5198132667e-23,2.73791311216e-23,4.90996998611e-23,3.95426058182e-23,3.78759036531e-23,4.46964897029e-23,5.69455842067e-23,7.65223540166e-23,1.00303020388e-22,1.49268550787e-22,1.90728101226e-22,2.78032927951e-22,3.03165001406e-22,4.02032092998e-22,6.03939287263e-22,8.83151821013e-22,1.43165062019e-21,1.92590527355e-21],"var":[3.34145844327e-9,0.0000807478500064,0.000110196553578,0.0000310452305712,0.0000815209350549,0.00000713301733413,0.00000109088989575,0.00000115641375942,0.00000156576277277,1.78884960178e-7,0.00000114284500796,2.86411903971e-7,1.79925734756e-7,1.25640184478e-7,7.78380595534e-8,1.43274917264e-7,1.8760472642e-7,1.71436454366e-7,5.78283845698e-7,1.64022623039e-7,6.67036630375e-8,4.37934595254e-8,1.63577720258e-8,9.7604306859e-9,7.63050600483e-9,2.20449414279e-9,1.35213168787e-11]},"barkbands_crest":{"dmean":2.6171901226,"dmean2":4.36387777328,"dvar":5.45919132233,"dvar2":15.1807308197,"max":23.8590431213,"mean":10.4508132935,"median":9.96090316772,"min":2.84248876572,"var":11.8664550781},"barkbands_flatness_db":{"dmean":0.0237165782601,"dmean2":0.0385025776923,"dvar":0.000460663519334,"dvar2":0.00128152407706,"max":0.354812949896,"mean":0.15164463222,"median":0.14310246706,"min":0.0301485117525,"var":0.00244186725467},"barkbands_kurtosis":{"dmean":4.5052318573,"dmean2":7.54053497314,"dvar":35.5318832397,"dvar2":101.320671082,"max":74.1514663696,"mean":6.95666599274,"median":4.60779237747,"min":-1.85696363449,"var":68.2844085693},"barkbands_skewness":{"dmean":0.685250580311,"dmean2":1.11569726467,"dvar":0.435486525297,"dvar2":1.21313214302,"max":7.71895503998,"mean":2.41505479813,"median":2.3264234066,"min":-2.36617946625,"var":1.39482474327},"barkbands_spread":{"dmean":6.37340593338,"dmean2":10.3500776291,"dvar":37.2216644287,"dvar2":97.4754714966,"max":101.234054565,"mean":22.821390152,"median":20.792383194,"min":1.76181328297,"var":138.277511597},"dissonance":{"dmean":0.00894119031727,"dmean2":0.0149501636624,"dvar":0.0000716796857887,"dvar2":0.000199616042664,"max":0.500000059605,"mean":0.480015814304,"median":0.482165843248,"min":0.340512037277,"var":0.000146396065247},"dynamic_complexity":1.70080125332,"erbbands":{"dmean":[0.0753245875239,1.53341221809,6.51588439941,9.80525016785,15.3073644638,12.7949199677,15.8572177887,8.49857997894,6.04656505585,6.44933986664,6.93118953705,8.4211807251,4.52325677872,4.87803697586,8.2389125824,4.11838579178,4.08763217926,4.23977184296,4.2737288475,4.9754281044,9.19131374359,11.6869239807,11.7235031128,16.3435497284,12.9579582214,8.49140167236,5.90513658524,3.6845676899,2.84608840942,1.87749814987,1.14330768585,0.626945674419,0.405637532473,0.261187076569,0.185755699873,0.0712487474084,0.019326556474,0.00253810198046,0.000216193526285,0.0000201364509849],"dmean2":[0.126583650708,2.62887501717,11.0413322449,16.0802211761,25.3365345001,21.4277057648,25.1473007202,13.797413826,9.58359050751,10.1423940659,11.1123609543,13.0632972717,7.00011587143,7.56577253342,12.0001115799,6.32608938217,6.33812332153,6.64598035812,6.61796045303,8.0170917511,14.892706871,19.2222251892,19.3670883179,27.2664451599,21.1372070312,13.8246030807,9.69202327728,5.85930633545,4.51101732254,2.92105031013,1.78446388245,0.979579210281,0.611208558083,0.400174081326,0.287508904934,0.108703635633,0.0290558729321,0.00374489487149,0.000320118793752,0.0000315864745062],"dvar":[0.0117023196071,4.33343267441,66.2879638672,152.835144043,1234.56774902,494.651428223,490.790588379,152.061813354,63.5704460144,95.9065933228,145.531082153,398.174865723,83.8148193359,250.14654541,1012.00091553,142.961776733,166.105453491,191.034500122,133.325057983,82.3762283325,174.625274658,196.340820312,208.640518188,387.091247559,267.792602539,120.744361877,47.5054206848,22.966802597,17.4534320831,8.40891647339,3.86748528481,1.55472779274,1.08762657642,0.372251152992,0.209320679307,0.0329504162073,0.00291033391841,0.0000356735399691,1.82711033858e-7,5.96053983948e-10],"dvar2":[0.0317824594676,12.3328514099,186.671875,404.388916016,3160.1171875,1351.3470459,1240.53759766,385.428100586,160.565307617,205.399505615,355.011505127,817.28717041,178.966461182,593.082336426,2157.11694336,326.597930908,375.444396973,441.685638428,301.597198486,184.828491211,406.200561523,476.991790771,543.657653809,1030.27478027,684.184875488,301.963775635,126.835220337,56.080745697,41.1298294067,19.4505119324,9.33919525146,3.65696835518,2.17984366417,0.762172222137,0.457270741463,0.073172211647,0.00607667258009,0.0000738068265491,3.91797186694e-7,1.37946232215e-9],"max":[1.02997016907,21.1759910583,85.5420532227,194.179641724,329.020904541,247.853530884,453.807434082,189.737548828,109.672737122,177.880020142,339.752563477,656.187194824,276.218719482,471.78515625,967.127990723,325.554626465,460.056304932,497.483734131,294.487121582,261.801452637,421.749938965,416.752868652,283.853729248,494.466033936,344.962402344,194.802536011,112.506492615,99.0589752197,93.3947067261,64.7728652954,46.0487174988,31.8278465271,55.4559020996,21.7738952637,11.1735019684,4.24173641205,1.69823122025,0.148357123137,0.00795814208686,0.000363899482181],"mean":[0.106214292347,2.30683469772,11.6129169464,17.0846176147,19.6990127563,20.1419696808,31.0193500519,16.1753845215,12.4732227325,13.4624948502,13.184879303,15.1250238419,8.70932388306,8.33713817596,13.5456542969,7.09617471695,6.88409852982,7.26791810989,7.79491567612,10.2674369812,20.3513393402,28.3658103943,29.0592041016,41.3154792786,36.337677002,23.7691688538,16.8507194519,10.418009758,7.72756385803,4.92054700851,2.90516996384,1.52872848511,0.914457201958,0.544430613518,0.315567821264,0.114578962326,0.0291023273021,0.00384973920882,0.000357884564437,0.0000619837664999],"median":[0.0623414851725,1.38222241402,8.33261203766,12.0949745178,9.287525177,12.811252594,18.9370307922,11.1140785217,8.52972221375,7.92518234253,7.31308555603,5.84485054016,4.92816448212,3.35897827148,3.21416902542,3.0590467453,2.98805975914,3.35038709641,3.8982656002,6.54478931427,15.3274402618,22.9983482361,22.784576416,32.7301902771,26.975271225,18.5052585602,13.595079422,8.45825099945,5.73108959198,3.29343247414,1.79797244072,0.896323978901,0.464403033257,0.259093165398,0.123142264783,0.0378299355507,0.00718784378842,0.000952475238591,0.000111496970931,0.0000533633792656],"min":[6.67987787682e-23,6.91991310415e-22,2.00615108259e-21,8.99212049594e-21,2.32871004129e-20,1.4944746444e-20,4.61420344987e-20,7.3141164456e-20,1.33830443109e-19,2.4221024483e-19,3.04869822466e-19,4.40610109287e-19,7.34550135825e-19,1.10956301308e-18,1.04175260762e-18,2.07142403559e-18,1.85899867762e-18,2.09377776447e-18,2.49076241995e-18,3.28549232348e-18,3.27338219252e-18,4.9974943888e-18,6.01919148548e-18,7.88289971591e-18,9.12103027423e-18,9.01757065911e-18,8.29085857658e-18,1.1467768969e-17,1.15309961735e-17,1.06534187549e-17,1.17891443534e-17,1.20728623404e-17,1.0248229295e-17,9.55530423172e-18,6.8181842643e-18,4.83511180352e-18,2.57557159379e-18,9.95557568936e-19,2.60714740422e-19,2.96962072745e-20],"var":[0.015351222828,6.5351524353,122.198699951,279.800018311,1151.1229248,566.015930176,1261.61425781,295.449676514,158.762313843,320.801330566,373.19241333,1037.11853027,232.251190186,410.089477539,2102.90185547,263.411834717,299.789245605,351.390625,260.289581299,200.089736938,437.855926514,514.108581543,542.819763184,1050.89440918,960.966308594,383.280731201,161.537567139,80.4050979614,60.0543785095,29.7646389008,13.4886159897,4.83119916916,2.74330973625,0.948103547096,0.433658510447,0.0704955905676,0.00677157891914,0.000083061226178,4.30494083048e-7,1.55723278716e-9]},"erbbands_crest":{"dmean":1.8181232214,"dmean2":2.98509168625,"dvar":3.03424358368,"dvar2":8.01369571686,"max":25.0916461945,"mean":6.95593595505,"median":6.28222179413,"min":2.19637537003,"var":7.64287567139},"erbbands_flatness_db":{"dmean":0.011755422689,"dmean2":0.01794821769,"dvar":0.000111960223876,"dvar2":0.000256215018453,"max":0.2766097188,"mean":0.138588115573,"median":0.135666638613,"min":0.0275182984769,"var":0.000953808135819},"erbbands_kurtosis":{"dmean":0.402253746986,"dmean2":0.663911819458,"dvar":0.476978719234,"dvar2":1.25752985477,"max":27.1883907318,"mean":-0.958944022655,"median":-1.29182744026,"min":-1.84440243244,"var":1.8218985796},"erbbands_skewness":{"dmean":0.305492699146,"dmean2":0.492649108171,"dvar":0.0740418806672,"dvar2":0.199877858162,"max":3.85903406143,"mean":-0.173886805773,"median":-0.151120692492,"min":-4.6877655983,"var":0.37315222621},"erbbands_spread":{"dmean":8.2256526947,"dmean2":13.1028699875,"dvar":56.8097114563,"dvar2":141.445877075,"max":124.740150452,"mean":66.4856948853,"median":68.5875091553,"min":11.0616064072,"var":241.158538818},"gfcc":{"cov":[[17829.2617188,525.232727051,-1230.31445312,332.382202148,-896.422180176,142.45401001,-536.537841797,175.089309692,-421.546539307,6.94047403336,-304.788452148,30.1668262482,-230.690368652],[525.232727051,969.79864502,-233.297927856,228.1068573,181.478347778,-197.761962891,170.133590698,-61.998462677,149.165161133,-127.820373535,67.5008850098,-89.3141098022,80.8296585083],[-1230.31445312,-233.297927856,416.770507812,-84.1683502197,61.2748641968,36.0956268311,-23.4223194122,21.2520294189,-0.643852472305,43.4613342285,-17.3390483856,17.1502876282,-28.7533740997],[332.382202148,228.1068573,-84.1683502197,312.486785889,55.9456558228,-89.5029830933,24.1038513184,3.95674729347,65.9498062134,-39.8888893127,44.1438560486,-27.400472641,34.5548629761],[-896.422180176,181.478347778,61.2748641968,55.9456558228,218.85269165,-24.8401241302,91.3335189819,-21.6844596863,70.8056640625,-8.04908752441,33.5916061401,-20.0636997223,24.8088474274],[142.45401001,-197.761962891,36.0956268311,-89.5029830933,-24.8401241302,172.543136597,17.2873859406,25.2522449493,-51.4472961426,34.2750358582,-9.58144569397,20.0636959076,-26.3208580017],[-536.537841797,170.133590698,-23.4223194122,24.1038513184,91.3335189819,17.2873859406,143.83821106,20.1809272766,46.8301315308,-26.7854595184,29.5742816925,-16.6338214874,19.8505554199],[175.089309692,-61.998462677,21.2520294189,3.95674729347,-21.6844596863,25.2522449493,20.1809272766,90.3859634399,16.5596389771,21.2268867493,-6.88633584976,8.35395717621,-6.25036334991],[-421.546539307,149.165161133,-0.643852472305,65.9498062134,70.8056640625,-51.4472961426,46.8301315308,16.5596389771,101.988334656,4.42533826828,27.4783611298,-22.1153659821,18.1750640869],[6.94047403336,-127.820373535,43.4613342285,-39.8888893127,-8.04908752441,34.2750358582,-26.7854595184,21.2268867493,4.42533826828,77.8357696533,15.1997261047,23.7601680756,-17.4492912292],[-304.788452148,67.5008850098,-17.3390483856,44.1438560486,33.5916061401,-9.58144569397,29.5742816925,-6.88633584976,27.4783611298,15.1997261047,69.7145385742,21.0726985931,22.0560455322],[30.1668262482,-89.3141098022,17.1502876282,-27.400472641,-20.0636997223,20.0636959076,-16.6338214874,8.35395717621,-22.1153659821,23.7601680756,21.0726985931,61.1589431763,17.853559494],[-230.690368652,80.8296585083,-28.7533740997,34.5548629761,24.8088474274,-26.3208580017,19.8505554199,-6.25036334991,18.1750640869,-17.4492912292,22.0560455322,17.853559494,60.4485969543]],"icov":[[0.00028635430499,-0.00103503803257,0.000590577896219,-0.000633127288893,0.000404220860219,-0.000873410317581,0.00129180657677,-0.000938847544603,0.000982302590273,-0.000893620832358,0.00167948973831,-0.00146455760114,0.00131863285787],[-0.00103503803257,0.00680969469249,-0.00108078401536,0.0021575386636,-0.00214626616798,0.00507124047726,-0.00656947121024,0.00439655641094,-0.00494998227805,0.00536126364022,-0.00748326955363,0.00727660022676,-0.00548499263823],[0.000590577896219,-0.00108078401536,0.00483380304649,-0.000535606290214,-0.00165415299125,-0.00140611361712,0.00371176074259,-0.00292752124369,0.00118953443598,-0.00100008083973,0.00350649212487,-0.00369901303202,0.00401623127982],[-0.000633127288893,0.0021575386636,-0.000535606290214,0.00685684010386,-0.00237031048164,0.00271276547574,0.000177514302777,-0.00102911540307,-0.00310087064281,0.00557826738805,-0.00866353977472,0.00593534903601,-0.00353564182296],[0.000404220860219,-0.00214626616798,-0.00165415299125,-0.00237031048164,0.010814672336,-0.00136731390376,-0.00457300897688,0.0042513506487,-0.00182048184797,-0.00500212563202,0.00429426180199,-0.00195507472381,0.00000215628574551],[-0.000873410317581,0.00507124047726,-0.00140611361712,0.00271276547574,-0.00136731390376,0.0143214706331,-0.0101587027311,0.00199376721866,0.00294671044685,-0.00143187772483,-0.0052387714386,0.00557537050918,-0.00302913086489],[0.00129180657677,-0.00656947121024,0.00371176074259,0.000177514302777,-0.00457300897688,-0.0101587027311,0.025730162859,-0.012898856774,0.00132412090898,0.00616163574159,-0.00115535850637,-0.00386624853127,0.00599271105602],[-0.000938847544603,0.00439655641094,-0.00292752124369,-0.00102911540307,0.0042513506487,0.00199376721866,-0.012898856774,0.0226433146745,-0.00976737588644,-0.00322904251516,0.00348584773019,-0.0010687741451,-0.00351720070466],[0.000982302590273,-0.00494998227805,0.00118953443598,-0.00310087064281,-0.00182048184797,0.00294671044685,0.00132412090898,-0.00976737588644,0.0285595711321,-0.0127583295107,0.00121165148448,0.00590017158538,-0.00116302014794],[-0.000893620832358,0.00536126364022,-0.00100008083973,0.00557826738805,-0.00500212563202,-0.00143187772483,0.00616163574159,-0.00322904251516,-0.0127583295107,0.0339072421193,-0.0171681698412,-0.00137058179826,0.00512130744755],[0.00167948973831,-0.00748326955363,0.00350649212487,-0.00866353977472,0.00429426180199,-0.0052387714386,-0.00115535850637,0.00348584773019,0.00121165148448,-0.0171681698412,0.0417305417359,-0.023328749463,0.00607618875802],[-0.00146455760114,0.00727660022676,-0.00369901303202,0.00593534903601,-0.00195507472381,0.00557537050918,-0.00386624853127,-0.0010687741451,0.00590017158538,-0.00137058179826,-0.023328749463,0.0454896315932,-0.0231754537672],[0.00131863285787,-0.00548499263823,0.00401623127982,-0.00353564182296,0.00000215628574551,-0.00302913086489,0.00599271105602,-0.00351720070466,-0.00116302014794,0.00512130744755,0.00607618875802,-0.0231754537672,0.0356455482543]],"mean":[5.11822032928,94.592300415,-105.375335693,71.861579895,-51.8675727844,-7.11070585251,-33.7159461975,8.84811019897,-24.907075882,-5.42013549805,-16.7354812622,-2.47345304489,-11.2493333817]},"hfc":{"dmean":3.61113286018,"dmean2":5.49249505997,"dvar":17.4604320526,"dvar2":37.0938529968,"max":76.8900909424,"mean":20.9844150543,"median":19.2292385101,"min":1.10207668525e-16,"var":114.882392883},"melbands":{"dmean":[0.00109436933417,0.00287873507477,0.00171098427381,0.00104198569898,0.000529789249413,0.000193012645468,0.0000904847329366,0.000075840682257,0.0000550438962819,0.0000540673718206,0.0000223968945647,0.0000195753127628,0.0000279078685708,0.0000155955622176,0.00000955488303589,0.00000988657302514,0.00000826565428724,0.00000737174150345,0.00000698077838024,0.00000815397561382,0.0000129011705212,0.0000136578091769,0.0000135248737934,0.0000106046136352,0.0000152938046085,0.0000138747627716,0.00000786851796875,0.00000585198040426,0.00000424051177106,0.00000312422071147,0.0000021992668735,0.00000186916770417,0.00000150924631726,9.65741037362e-7,7.88463864865e-7,4.93147979341e-7,3.89813038737e-7,2.91256128548e-7,2.93310279176e-7,2.15050107499e-7],"dmean2":[0.00186156795826,0.00487391091883,0.00279175909236,0.00172880012542,0.000850695301779,0.000310876115691,0.000142511460581,0.000119307995192,0.0000877248967299,0.0000836791441543,0.0000347680215782,0.0000307986556436,0.0000404515121772,0.0000235668067035,0.0000150396826939,0.0000154124754772,0.0000131093111122,0.0000114232543638,0.0000110971177492,0.0000131047454488,0.0000211520455196,0.0000225929506996,0.0000223595216085,0.0000176809844561,0.0000256148214248,0.0000228439730563,0.0000129401869344,0.00000961001660471,0.00000703142359271,0.00000510971176482,0.00000355202973878,0.00000300993497149,0.00000243901035901,0.0000015267866047,0.00000125650080918,7.78340506713e-7,6.22466529876e-7,4.50897545079e-7,4.48562502697e-7,3.34798698987e-7],"dvar":[0.00000220410834118,0.0000129609925352,0.00000440963322035,0.00000544181148143,5.06362027863e-7,6.79835423512e-8,1.44469858299e-8,1.41535991816e-8,1.02029336091e-8,1.58727804234e-8,2.17873474817e-9,4.04758893069e-9,1.13216680475e-8,2.97921753933e-9,7.61770757585e-10,1.75154513116e-9,6.67547517264e-10,4.01447319831e-10,2.192276638e-10,2.57642629453e-10,2.99343716481e-10,2.74568923153e-10,3.10362208156e-10,1.80328793564e-10,3.52033568962e-10,3.42967043654e-10,1.07659249571e-10,5.94404594989e-11,2.47523460062e-11,1.44591803808e-11,9.11702831285e-12,7.40191415105e-12,5.42052904298e-12,2.49864235205e-12,1.8178972867e-12,8.37632589158e-13,6.97450181376e-13,5.63605640023e-13,5.00127120707e-13,2.50746905878e-13],"dvar2":[0.00000616851320956,0.0000364454790542,0.0000116900919238,0.0000142940298247,0.00000133006756187,1.73206146314e-7,3.53034828038e-8,3.08099110669e-8,2.43405722244e-8,3.26261542227e-8,4.62310723037e-9,9.6067838129e-9,2.30606378437e-8,7.05205005502e-9,1.72394942766e-9,4.22345891593e-9,1.5352166205e-9,8.90197693337e-10,4.99630781192e-10,5.67203006785e-10,7.00784208441e-10,6.80883627258e-10,7.93894616713e-10,4.94220442349e-10,9.33700561312e-10,9.09776587399e-10,2.69992944668e-10,1.51318638175e-10,6.5968550067e-11,3.81359631374e-11,2.24832166773e-11,1.82238703295e-11,1.31066468442e-11,6.03699902568e-12,4.56903482063e-12,1.9755618582e-12,1.75539552512e-12,1.2097626503e-12,1.0051476795e-12,5.43365808077e-13],"max":[0.0134190088138,0.0369651913643,0.0273788701743,0.0219688173383,0.0123668117449,0.00375498645008,0.00188361143228,0.00243185227737,0.00283982348628,0.0040414230898,0.00135758519173,0.00185198069084,0.00346994143911,0.00146302278154,0.000782405550126,0.00200831936672,0.000927299668547,0.000618435675278,0.000357780110789,0.000458286842331,0.000640654470772,0.000390385044739,0.000380331330234,0.000384831801057,0.00047574689961,0.000278069579508,0.000220371541218,0.000144161909702,0.0000819742417661,0.0000605947934673,0.000066182896262,0.0000589910632698,0.00004681207065,0.0000397343210352,0.000033522999729,0.0000188322519534,0.000023049335141,0.0000412421868532,0.0000278987063211,0.0000168765072885],"mean":[0.00156779412646,0.00520087545738,0.00303789717145,0.00141094415449,0.00104783184361,0.000384652317734,0.000187632467714,0.000152017004439,0.000100656819995,0.0000949324166868,0.0000409299536841,0.0000313551863655,0.0000456090310763,0.0000247814969043,0.000015139145944,0.0000152179245561,0.0000131908936964,0.0000122817818919,0.0000121808161566,0.0000158325856319,0.0000264869140665,0.0000297552196571,0.0000287804650725,0.000023776990929,0.0000349124529748,0.0000331114715664,0.0000197004264919,0.0000144568139149,0.0000107884361569,0.00000801951046014,0.00000536850620847,0.00000447576030638,0.00000372117619918,0.00000226960423788,0.00000181252357834,0.00000115188959171,8.45032786856e-7,6.12812868894e-7,6.04330978149e-7,4.10816483054e-7],"median":[0.000973407179117,0.00374412257224,0.00223389081657,0.000757554080337,0.000681355129927,0.000278306950349,0.000125159072923,0.0000861405715114,0.0000537700943823,0.0000332717754645,0.0000220577185246,0.0000125682072394,0.0000104318769445,0.00000844633723318,0.00000670887993692,0.00000610313327343,0.00000583076462135,0.00000556284885533,0.00000729849170966,0.00000940745030675,0.0000202588416869,0.0000239880428126,0.000020972747734,0.0000192404804693,0.0000271093285846,0.0000227011751122,0.0000147534319694,0.0000109242373583,0.00000856439874042,0.00000643979092274,0.00000410510165239,0.00000325384212374,0.00000251730421041,0.0000014247116269,0.00000109091661216,6.84373048898e-7,4.66819471967e-7,3.0373794857e-7,2.96044333936e-7,1.84501601552e-7],"min":[5.3921364442e-25,1.0658475212e-24,2.87278115069e-24,1.50639803638e-24,1.35589432111e-24,1.57478764231e-24,2.0722350461e-24,2.70352966297e-24,2.68253077732e-24,2.56707802561e-24,3.12417159688e-24,4.11200609936e-24,3.03859734639e-24,4.50076740308e-24,4.38243432299e-24,4.08661345569e-24,3.51458595862e-24,3.46576059618e-24,4.62725296619e-24,4.52728851228e-24,3.06254598018e-24,4.80414437456e-24,3.91524565137e-24,4.33353165218e-24,5.71918555373e-24,6.64706347197e-24,4.37650958316e-24,5.54123431073e-24,4.00286719313e-24,4.45155116006e-24,5.10046222424e-24,5.54491395242e-24,4.91690888552e-24,5.71517853476e-24,5.52736061399e-24,6.29276474019e-24,6.91303660364e-24,6.54152019374e-24,5.64665570995e-24,8.48422112376e-24],"var":[0.0000030133137443,0.0000237677704717,0.00000730544206817,0.00000492180288347,0.00000119722039926,1.42039539242e-7,3.99651156613e-8,4.47280399385e-8,2.44767051072e-8,4.36538414306e-8,5.72128699972e-9,6.23340934425e-9,2.48455567231e-8,5.24456256201e-9,1.43103773276e-9,2.14254236575e-9,1.23560162102e-9,7.91371523867e-10,3.65565439031e-10,6.91576906853e-10,7.00456026514e-10,6.26744767196e-10,7.15873860191e-10,3.60957291834e-10,8.56772763846e-10,9.65381996565e-10,3.33769123451e-10,1.56521379191e-10,7.18566386948e-11,4.33786652432e-11,2.60982381539e-11,2.17448663242e-11,1.59298164937e-11,7.72497257134e-12,5.76919761963e-12,2.32776298237e-12,1.80293985037e-12,1.26259658111e-12,1.26294948891e-12,5.73747212934e-13]},"melbands_crest":{"dmean":3.52428102493,"dmean2":5.88768863678,"dvar":9.33230876923,"dvar2":26.1065216064,"max":32.9132728577,"mean":16.8054180145,"median":16.4261245728,"min":1.63359320164,"var":24.6312408447},"melbands_flatness_db":{"dmean":0.0293675418943,"dmean2":0.04752914235,"dvar":0.000710253661964,"dvar2":0.00195278704632,"max":0.465899884701,"mean":0.224147155881,"median":0.217891663313,"min":0.00450781872496,"var":0.00383950700052},"melbands_kurtosis":{"dmean":14.9935207367,"dmean2":25.005147934,"dvar":331.60269165,"dvar2":939.280151367,"max":242.664581299,"mean":31.6625270844,"median":24.8424949646,"min":-1.55144095421,"var":677.914978027},"melbands_skewness":{"dmean":1.06717717648,"dmean2":1.73803758621,"dvar":1.05320620537,"dvar2":2.90552687645,"max":12.517996788,"mean":4.70326328278,"median":4.544465065,"min":-0.320489197969,"var":3.21329855919},"melbands_spread":{"dmean":6.07481002808,"dmean2":9.77461338043,"dvar":48.6912574768,"dvar2":119.941513062,"max":163.063781738,"mean":17.176820755,"median":13.2544164658,"min":1.20719921589,"var":213.016738892},"mfcc":{"cov":[[7225.43798828,579.93359375,192.345245361,104.924331665,-98.0254364014,-48.807598114,-62.8903961182,-57.5940246582,-104.461830139,-135.447753906,-64.7332458496,-26.327583313,-72.4855575562],[579.93359375,884.607421875,-148.940185547,346.549468994,32.2988739014,19.9084949493,-2.37400627136,63.0040206909,36.0866661072,30.2374820709,-7.36954069138,-1.41042923927,23.181470871],[192.345245361,-148.940185547,230.82220459,-45.4810066223,21.1124744415,-18.4922084808,-2.40585947037,-11.1228208542,-4.13013076782,-6.3330245018,10.9804601669,5.03160619736,-7.28372430801],[104.924331665,346.549468994,-45.4810066223,439.746948242,77.3195495605,-20.7700061798,-40.9564285278,43.0855865479,10.2994174957,36.2703895569,-4.40437746048,-8.37067317963,34.0525665283],[-98.0254364014,32.2988739014,21.1124744415,77.3195495605,97.5394210815,23.6354484558,-3.22361421585,-5.24710083008,9.2901058197,16.2818908691,7.41042518616,7.95080709457,13.2664337158],[-48.807598114,19.9084949493,-18.4922084808,-20.7700061798,23.6354484558,90.3200912476,43.0199813843,7.68709182739,-1.62592363358,1.71213293076,8.46176719666,7.7238650322,-3.13872313499],[-62.8903961182,-2.37400627136,-2.40585947037,-40.9564285278,-3.22361421585,43.0199813843,90.2300186157,37.7773170471,12.6301755905,1.88614249229,8.43677139282,11.1694326401,3.21649456024],[-57.5940246582,63.0040206909,-11.1228208542,43.0855865479,-5.24710083008,7.68709182739,37.7773170471,73.4411239624,31.6360912323,14.9654827118,1.76696658134,0.744249761105,5.91682958603],[-104.461830139,36.0866661072,-4.13013076782,10.2994174957,9.2901058197,-1.62592363358,12.6301755905,31.6360912323,63.5801582336,30.0856266022,11.0461874008,5.75884532928,1.19715476036],[-135.447753906,30.2374820709,-6.3330245018,36.2703895569,16.2818908691,1.71213293076,1.88614249229,14.9654827118,30.0856266022,57.1643066406,24.0417938232,6.12286567688,3.94918251038],[-64.7332458496,-7.36954069138,10.9804601669,-4.40437746048,7.41042518616,8.46176719666,8.43677139282,1.76696658134,11.0461874008,24.0417938232,52.7208824158,27.6230354309,5.91141414642],[-26.327583313,-1.41042923927,5.03160619736,-8.37067317963,7.95080709457,7.7238650322,11.1694326401,0.744249761105,5.75884532928,6.12286567688,27.6230354309,54.7561035156,26.0141716003],[-72.4855575562,23.181470871,-7.28372430801,34.0525665283,13.2664337158,-3.13872313499,3.21649456024,5.91682958603,1.19715476036,3.94918251038,5.91141414642,26.0141716003,55.1273574829]],"icov":[[0.000176162342541,-0.000194325228222,-0.000272541336017,-0.0000170803014043,0.000231854617596,0.000002524886213,0.0000282822584268,0.000138117437018,0.000134101894218,0.000285202724626,0.0000972686029854,-0.000156050635269,0.00025562645169],[-0.000194325228222,0.00213411846198,0.00109360390343,-0.00160891644191,0.000412669207435,-0.000764668511692,-0.000129046515212,-0.000202355862712,-0.0012120436877,0.000131819411763,0.000115624156024,-0.000250987650361,-0.00000527370139025],[-0.000272541336017,0.00109360390343,0.00583521230146,0.000286033784505,-0.00283315731212,0.0021210683044,-0.000549654243514,-0.000833311583847,0.000161532050697,0.000785728218034,-0.00167931558099,-0.0000092413101811,0.00082478596596],[-0.0000170803014043,-0.00160891644191,0.000286033784505,0.00534260226414,-0.00418779905885,0.00171589595266,0.00278522865847,-0.00450197514147,0.00326163577847,-0.00200591306202,-0.00013623155246,0.0013790987432,-0.00174539617728],[0.000231854617596,0.000412669207435,-0.00283315731212,-0.00418779905885,0.017270039767,-0.00686019239947,0.000244137016125,0.00612388877198,-0.00451565673575,-0.001605273108,0.00139728432987,-0.000832297722809,-0.00241834693588],[0.000002524886213,-0.000764668511692,0.0021210683044,0.00171589595266,-0.00686019239947,0.0183898676187,-0.00867229420692,0.000218279616092,0.00381415663287,-0.000288121140329,-0.00156457186677,-0.000912250601687,0.00326178548858],[0.0000282822584268,-0.000129046515212,-0.000549654243514,0.00278522865847,0.000244137016125,-0.00867229420692,0.021896827966,-0.0124500356615,0.000994588481262,0.001263098442,-0.00114342640154,-0.00161630380899,-0.00142223457806],[0.000138117437018,-0.000202355862712,-0.000833311583847,-0.00450197514147,0.00612388877198,0.000218279616092,-0.0124500356615,0.0284826271236,-0.0119385942817,-0.00020736415172,0.00194185948931,0.00174764136318,-0.00161323021166],[0.000134101894218,-0.0012120436877,0.000161532050697,0.00326163577847,-0.00451565673575,0.00381415663287,0.000994588481262,-0.0119385942817,0.0283820293844,-0.0122248865664,0.00141483650077,-0.00305277411826,0.00276808114722],[0.000285202724626,0.000131819411763,0.000785728218034,-0.00200591306202,-0.001605273108,-0.000288121140329,0.001263098442,-0.00020736415172,-0.0122248865664,0.0320105478168,-0.0146002937108,0.0053244214505,-0.000993690104224],[0.0000972686029854,0.000115624156024,-0.00167931558099,-0.00013623155246,0.00139728432987,-0.00156457186677,-0.00114342640154,0.00194185948931,0.00141483650077,-0.0146002937108,0.0349364094436,-0.0182237401605,0.00524304807186],[-0.000156050635269,-0.000250987650361,-0.0000092413101811,0.0013790987432,-0.000832297722809,-0.000912250601687,-0.00161630380899,0.00174764136318,-0.00305277411826,0.0053244214505,-0.0182237401605,0.0354666896164,-0.0159950815141],[0.00025562645169,-0.00000527370139025,0.00082478596596,-0.00174539617728,-0.00241834693588,0.00326178548858,-0.00142223457806,-0.00161323021166,0.00276808114722,-0.000993690104224,0.00524304807186,-0.0159950815141,0.0276858936995]],"mean":[-627.472595215,107.91468811,6.8435997963,68.0411834717,6.35471391678,-0.11101667583,-0.580104291439,7.14137554169,-1.83091425896,-1.6726962328,-2.57394003868,-2.41529369354,-1.31021857262]},"pitch_salience":{"dmean":0.088046066463,"dmean2":0.147193461657,"dvar":0.00615616608411,"dvar2":0.0177395436913,"max":0.909049749374,"mean":0.52709966898,"median":0.533648490906,"min":0.112370796502,"var":0.0153472311795},"silence_rate_20dB":{"dmean":0,"dmean2":0,"dvar":0,"dvar2":0,"max":1,"mean":1,"median":1,"min":1,"var":0},"silence_rate_30dB":{"dmean":0.00121197430417,"dmean2":0.00242424244061,"dvar":0.0012105810456,"dvar2":0.00363043835387,"max":1,"mean":0.999394059181,"median":1,"min":0,"var":0.000605566776358},"silence_rate_60dB":{"dmean":0.000484789721668,"dmean2":0.000969696964603,"dvar":0.000484558113385,"dvar2":0.000968770065811,"max":1,"mean":0.0248424615711,"median":0,"min":0,"var":0.024225179106},"spectral_centroid":{"dmean":298.436767578,"dmean2":479.384155273,"dvar":88916.2734375,"dvar2":221831.734375,"max":11725.4707031,"mean":1547.08959961,"median":1452.55224609,"min":241.376953125,"var":615621.6875},"spectral_complexity":{"dmean":4.0654463768,"dmean2":6.49551534653,"dvar":13.3174686432,"dvar2":31.7911891937,"max":56,"mean":24.104095459,"median":24,"min":0,"var":88.7910614014},"spectral_contrast_coeffs":{"dmean":[0.0557411387563,0.0479263179004,0.0361824519932,0.0268700588495,0.0196557510644,0.0165244825184],"dmean2":[0.0916750356555,0.0778403878212,0.0587795376778,0.0443451926112,0.0326717682183,0.0267565902323],"dvar":[0.00227523385547,0.00148766685743,0.000898312369827,0.000475618173368,0.000250386598054,0.000188534366316],"dvar2":[0.00602526124567,0.00388986431062,0.00223260582425,0.00124121189583,0.000636677315924,0.000488583929837],"max":[-0.270325750113,-0.455186903477,-0.522587358952,-0.620515286922,-0.619244098663,-0.627299547195],"mean":[-0.601613163948,-0.730048596859,-0.794739127159,-0.814070224762,-0.795086920261,-0.718841791153],"median":[-0.60421282053,-0.733807325363,-0.804601728916,-0.819854140282,-0.798173189163,-0.714701294899],"min":[-0.979298830032,-0.978350758553,-0.980575084686,-0.971338450909,-0.96622633934,-0.965714931488],"var":[0.00703772110865,0.0049112867564,0.00396519619972,0.00179402006324,0.00123061344493,0.00140465167351]},"spectral_contrast_valleys":{"dmean":[0.402832210064,0.341390997171,0.305465221405,0.257318168879,0.174021884799,0.222059682012],"dmean2":[0.667715609074,0.557099342346,0.494412600994,0.410732865334,0.286298006773,0.333047837019],"dvar":[0.12516386807,0.103037841618,0.0828552767634,0.0664266124368,0.049539104104,0.0851685553789],"dvar2":[0.305918067694,0.236147075891,0.18940885365,0.138178303838,0.100529231131,0.17469958961],"max":[-5.22977256775,-5.10177087784,-5.73961210251,-6.31816911697,-5.66966342926,-7.81546592712],"mean":[-6.8050737381,-6.78717947006,-7.72620439529,-7.91990375519,-6.85663938522,-10.2121744156],"median":[-6.53679227829,-6.50591754913,-7.46422958374,-7.69528102875,-6.63251495361,-9.89938545227],"min":[-28.2130050659,-27.9835071564,-27.5715942383,-27.6019897461,-27.3536243439,-27.4565429688],"var":[2.76636552811,2.93402981758,2.66716313362,2.5593764782,2.738240242,2.4751200676]},"spectral_decrease":{"dmean":3.48632811509e-9,"dmean2":5.78475756186e-9,"dvar":1.54260250691e-17,"dvar2":4.22321396165e-17,"max":1.5843189631e-28,"mean":-1.02511821254e-8,"median":-9.47239442439e-9,"min":-3.64226835359e-8,"var":2.79874475762e-17},"spectral_energy":{"dmean":0.0132824601606,"dmean2":0.0220170337707,"dvar":0.000224358547712,"dvar2":0.000613418640569,"max":0.139404430985,"mean":0.0405937023461,"median":0.0378716886044,"min":1.04076898647e-20,"var":0.00041230689385},"spectral_energyband_high":{"dmean":0.000261608831352,"dmean2":0.000392004294554,"dvar":1.08906696994e-7,"dvar2":2.25371678653e-7,"max":0.00690256804228,"mean":0.000999408541247,"median":0.000819256878458,"min":7.28438673428e-21,"var":6.3879440404e-7},"spectral_energyband_low":{"dmean":0.0112556600943,"dmean2":0.0188190769404,"dvar":0.000182040879736,"dvar2":0.000502539100125,"max":0.121562071145,"mean":0.022440938279,"median":0.0178427658975,"min":1.92517890936e-23,"var":0.000336146506015},"spectral_energyband_middle_high":{"dmean":0.000928549095988,"dmean2":0.00141219212674,"dvar":0.00000155280156378,"dvar2":0.00000344273917108,"max":0.0309955850244,"mean":0.00363834016025,"median":0.00301189301535,"min":1.22075995367e-21,"var":0.00000742614247429},"spectral_energyband_middle_low":{"dmean":0.00699240947142,"dmean2":0.0114586176351,"dvar":0.000125229984405,"dvar2":0.000328384106979,"max":0.115021936595,"mean":0.0168528221548,"median":0.014190826565,"min":1.97926248727e-22,"var":0.000156999274623},"spectral_entropy":{"dmean":0.107394784689,"dmean2":0.17047713697,"dvar":0.0106805935502,"dvar2":0.0272874869406,"max":9.81967449188,"mean":7.66018009186,"median":7.68170166016,"min":6.12498807907,"var":0.0744416713715},"spectral_flux":{"dmean":0.028931196779,"dmean2":0.0459142364562,"dvar":0.000863733584993,"dvar2":0.00207963795401,"max":0.315284878016,"mean":0.0991434156895,"median":0.0930317938328,"min":6.46998774001e-11,"var":0.0021364428103},"spectral_kurtosis":{"dmean":0.981972515583,"dmean2":1.73322165012,"dvar":1.02844142914,"dvar2":3.18951702118,"max":13.846075058,"mean":2.68599820137,"median":2.53314828873,"min":-1.29984498024,"var":1.41487038136},"spectral_rms":{"dmean":0.000983364880085,"dmean2":0.00161084311549,"dvar":0.00000101484079096,"dvar2":0.000002762227723,"max":0.0116620892659,"mean":0.00605221977457,"median":0.00607848586515,"min":3.18650964989e-12,"var":0.00000297415590467},"spectral_rolloff":{"dmean":493.276306152,"dmean2":864.647338867,"dvar":601672.375,"dvar2":1477410.25,"max":19358.3496094,"mean":1053.95397949,"median":452.197265625,"min":86.1328125,"var":2374196.25},"spectral_skewness":{"dmean":0.144286036491,"dmean2":0.243443399668,"dvar":0.0166472773999,"dvar2":0.0482802502811,"max":2.96309447289,"mean":0.957622826099,"median":0.958020687103,"min":-0.0596735924482,"var":0.0639309734106},"spectral_spread":{"dmean":356998.21875,"dmean2":555114.75,"dvar":446936940544,"dvar2":973690241024,"max":50763696,"mean":4388182.5,"median":4112727.25,"min":2208727,"var":5726946197500},"spectral_strongpeak":{"dmean":0.306558936834,"dmean2":0.522343337536,"dvar":0.171883702278,"dvar2":0.454240351915,"max":8.02699661255,"mean":0.637375950813,"median":0.547994196415,"min":0,"var":0.228587627411},"zerocrossingrate":{"dmean":0.00838966760784,"dmean2":0.0108091263101,"dvar":0.0000724568672013,"dvar2":0.000113090085506,"max":0.5390625,"mean":0.0535757914186,"median":0.04833984375,"min":0.00634765625,"var":0.00145176972728}},"metadata":{"audio_properties":{"analysis_sample_rate":44100,"bit_rate":256000,"codec":"vorbis","downmix":"mix","equal_loudness":0,"length":191.577682495,"lossless":false,"md5_encoded":"a43beb83c3271ce7c09a901e13c55dab","replay_gain":-12.4816551208,"sample_rate":44100},"tags":{"album":["In Search of..."],"albumartist":["Fu Manchu"],"albumartistsort":["Fu Manchu"],"artist":["Fu Manchu"],"artistsort":["Fu Manchu"],"asin":["B000004AXQ"],"barcode":["035498013423"],"bpm":["0"],"catalognumber":["MR0134-2"],"compilation":["0"],"date":["1996"],"discnumber":["0"],"disctotal":["0"],"file_name":"03 Asphalt Risin'.ogg","genre":["Alternative Rock / Stoner / Just Rock / Skater Rock / Metal / 4N7H3M / 00S / Stoner Rock / Desert Rock / Fu Manchu / Rock / Hard Rock / True Rock N Roll"],"label":["Mammoth Records"],"language":["eng"],"musicbrainz_albumartistid":["f96de591-5dae-41da-855b-eb387d88d7d4"],"musicbrainz_albumid":["bec76d99-7925-4723-9603-4da2674fc7a7"],"musicbrainz_artistid":["f96de591-5dae-41da-855b-eb387d88d7d4"],"musicbrainz_recordingid":["a1ba15fa-f13f-473e-9c06-0a0bd3e2e855"],"musicip_puid":["f9e6a330-37c4-840d-6238-6a39faa2d1ea"],"releasecountry":["US"],"releasestatus":["official"],"releasetype":["album"],"script":["Latn"],"title":["Asphalt Risin'"],"totaldiscs":["0"],"totaltracks":["12"],"tracknumber":["3"],"tracktotal":["12"]},"version":{"essentia":"2.1-beta2","essentia_build_sha":"70f2e5ece6736b2c40cc944ad0e695b16b925413","essentia_git_sha":"v2.1_beta2","extractor":"music 1.0"}},"rhythm":{"beats_count":477,"beats_loudness":{"dmean":0.0181452203542,"dmean2":0.0325486697257,"dvar":0.000221849797526,"dvar2":0.000682936282828,"max":0.1106922701,"mean":0.0448632501066,"median":0.044308014214,"min":0,"var":0.000346450280631},"beats_loudness_band_ratio":{"dmean":[0.172753408551,0.183645680547,0.043058488518,0.0297929327935,0.0287282913923,0.0386743992567],"dmean2":[0.301433801651,0.335320532322,0.0763695091009,0.0538951046765,0.0492630936205,0.0