{"lowlevel":{"average_loudness":0.692565441132,"barkbands":{"dmean":[0.0000182002295332,0.000880979583599,0.00053398712771,0.000980607233942,0.00113009091001,0.000315267156111,0.000666240230203,0.000645018124487,0.000424313242547,0.00074753217632,0.000198880225071,0.000137555151014,0.0000956306030275,0.000141182987136,0.000193143176148,0.000125268663396,0.000125326958369,0.000141636119224,0.000130281288875,0.000228145407164,0.0000464072800241,0.0000394580274587,0.0000528039199708,0.0000331073970301,0.00000748857655708,0.00000189289823993,1.80217611501e-7],"dmean2":[0.0000298312406812,0.00135530764237,0.000830121978652,0.00147190887947,0.00163786055055,0.000438214628957,0.000926175736822,0.000791945902165,0.000577134022024,0.00102577824146,0.000280089618172,0.000214904372115,0.00014863924298,0.000220361238462,0.000294600264169,0.000198232519324,0.000195606713532,0.00021691985603,0.000200304522878,0.000347359193256,0.0000716315771569,0.0000561934211873,0.0000723307894077,0.0000492377585033,0.0000109224620246,0.00000279434107142,2.96960280366e-7],"dvar":[3.85979603834e-9,0.00000404440379498,6.76339936945e-7,0.00000419001571572,0.00000546010915059,4.73465945561e-7,0.0000036591350181,0.00000854198151501,0.00000181553718903,0.00000861484477355,8.89865248155e-7,3.08664652948e-7,8.25317556519e-8,2.59053734908e-7,8.74833858688e-7,2.08373819532e-7,1.92200502624e-7,1.59641516007e-7,1.8038170424e-7,6.93329980095e-7,3.13139238983e-8,4.94462497613e-8,1.62028115369e-7,3.59454759291e-8,1.25776589144e-9,1.75465336705e-10,9.85717800786e-13],"dvar2":[1.06068371863e-8,0.00000797858592705,0.00000180244285275,0.000010353172911,0.000011837521015,8.31743648178e-7,0.00000790738249634,0.0000117539802886,0.00000321145375892,0.0000137638435262,0.00000144286650539,7.4650785109e-7,1.75571912564e-7,5.73345232624e-7,0.00000165629319326,4.1509738935e-7,3.62220788475e-7,3.15206875712e-7,3.87602057117e-7,0.00000132336833758,5.78297978393e-8,8.40518836753e-8,2.45146964062e-7,7.68479679891e-8,2.69710409562e-9,3.54613560738e-10,2.25262972338e-12],"max":[0.00230273418128,0.0384934023023,0.0194192864001,0.0459959805012,0.0644063949585,0.025231435895,0.0613799393177,0.121438086033,0.0484052114189,0.13848914206,0.0417448729277,0.0250291209668,0.0106085808948,0.0194473732263,0.0638534873724,0.0215350203216,0.0280025303364,0.0147094065323,0.0235558468848,0.0349007993937,0.0092082740739,0.0120377913117,0.0304339155555,0.00718402909115,0.00181545538362,0.000946879561525,0.0000411678811361],"mean":[0.0000438586321252,0.00412181345746,0.00127974024508,0.00201407819986,0.00301276845858,0.000798735884018,0.00155710312538,0.00132680113893,0.000861708307639,0.00144905422349,0.000386443105526,0.000233868675423,0.000164465353009,0.00023394159507,0.000327690126142,0.000216108179302,0.000222885471885,0.000273941084743,0.000246344687184,0.000426374201197,0.0000747980884626,0.0000605447894486,0.0000811067875475,0.0000512784026796,0.0000121226985357,0.00000341325380759,3.19712512464e-7],"median":[0.0000056921326177,0.00220523308963,0.000935390242375,0.00102173665073,0.00124860275537,0.000278498162515,0.000371683156118,0.00015974038979,0.000186340403161,0.000192831837921,0.0000407148218073,0.0000655423064018,0.0000591637071921,0.00006507877697,0.000110757850052,0.000079143588664,0.0000569422300032,0.0000767567544244,0.000077953991422,0.000129143707454,0.0000232147831412,0.0000128282081278,0.0000100670513348,0.00000581975291425,0.00000208603614738,6.24590200005e-7,1.97021051918e-7],"min":[8.58445154705e-26,2.53883009989e-24,5.01678557866e-25,3.20908221813e-25,6.44961079853e-24,6.25482723597e-24,8.07565428373e-24,3.11218761644e-24,1.39688049663e-23,1.73408887244e-23,1.32052380971e-23,2.42934843359e-23,4.05011380823e-23,3.01420880431e-23,2.76519539325e-23,5.7675899011e-23,6.33835032978e-23,1.00843301756e-22,1.44432669355e-22,1.70530220205e-22,2.57631419842e-22,3.41616429576e-22,3.69553036078e-22,6.04387360257e-22,8.20527220839e-22,1.12814985434e-21,2.0064645065e-21],"var":[6.76434641633e-9,0.0000259970656771,0.00000161476327776,0.00000903253385331,0.0000231362628256,0.00000295716836263,0.0000154036824824,0.0000401565193897,0.00000528839291292,0.0000396947289119,0.00000317793933391,6.04522256253e-7,1.97438097871e-7,6.26519863545e-7,0.00000182622682132,5.12666815666e-7,6.20235425686e-7,5.32734986791e-7,3.44973841493e-7,0.00000152711106693,5.73727056974e-8,8.87961419949e-8,3.06716714249e-7,5.03647399341e-8,2.03235739349e-9,2.547244915e-10,1.17549806694e-12]},"barkbands_crest":{"dmean":1.8029551506,"dmean2":2.75946784019,"dvar":3.17435598373,"dvar2":7.26342153549,"max":25.9006252289,"mean":11.0615539551,"median":10.3119182587,"min":2.77283763885,"var":17.4524898529},"barkbands_flatness_db":{"dmean":0.0142147317529,"dmean2":0.0200652256608,"dvar":0.000223754628678,"dvar2":0.000417229428422,"max":0.509637773037,"mean":0.158797040582,"median":0.150576815009,"min":0.0222022309899,"var":0.00247509777546},"barkbands_kurtosis":{"dmean":2.25404238701,"dmean2":3.36087656021,"dvar":19.8943881989,"dvar2":39.0251464844,"max":271.150848389,"mean":5.44574451447,"median":2.6843650341,"min":-1.93468153477,"var":109.757217407},"barkbands_skewness":{"dmean":0.387908816338,"dmean2":0.574981629848,"dvar":0.176974073052,"dvar2":0.381123185158,"max":10.7453260422,"mean":1.81767392159,"median":1.66229557991,"min":-3.70789384842,"var":1.43781816959},"barkbands_spread":{"dmean":4.15159511566,"dmean2":6.28630065918,"dvar":39.6433868408,"dvar2":85.9053726196,"max":151.679077148,"mean":19.986032486,"median":17.6882324219,"min":0.278627514839,"var":220.532699585},"dissonance":{"dmean":0.0170378219336,"dmean2":0.0280350632966,"dvar":0.000255507882684,"dvar2":0.000674548442475,"max":0.499845713377,"mean":0.456796318293,"median":0.46250718832,"min":0.287082910538,"var":0.000781634473242},"dynamic_complexity":4.15710687637,"erbbands":{"dmean":[0.0158611163497,0.230022162199,0.612656950951,1.75418508053,3.49673748016,4.43175268173,3.01783084869,2.72827148438,8.35455703735,10.8271417618,12.6723022461,9.79500579834,11.7080917358,23.6250171661,7.8745341301,5.09455299377,4.49983310699,6.18668222427,8.3776884079,8.89308452606,6.53226184845,6.58825159073,6.84983348846,7.09425973892,6.78716897964,11.5707559586,3.45459794998,1.57224583626,1.29740810394,1.60128617287,1.50835764408,0.944978952408,0.417383044958,0.115245386958,0.0423884429038,0.0142134483904,0.00230315350927,0.00028611253947,0.0000314094540954,0.00000619650836597],"dmean2":[0.024135235697,0.354514539242,0.957416296005,2.65197920799,5.35477304459,6.20977973938,4.3273897171,3.75428271294,11.6300611496,13.8082332611,15.9853048325,13.1958847046,15.7033109665,32.6957740784,10.9927530289,7.86680984497,6.91053724289,9.59928321838,12.8950662613,13.5107488632,10.2633018494,10.2390289307,10.1558122635,11.0240402222,10.0097742081,17.5267753601,5.41877222061,2.3114771843,1.87869799137,2.12142634392,2.05408620834,1.40616178513,0.618511199951,0.17123785615,0.061492331326,0.0210652239621,0.00344289513305,0.000440203031758,0.0000505450116179,0.0000083394061221],"dvar":[0.00228721252643,0.256412744522,0.970665693283,12.3461284637,48.9677124023,130.254989624,62.2663650513,43.4906234741,624.19921875,2382.66992188,2861.39892578,1070.98449707,1498.94812012,11283.6074219,984.495666504,380.971252441,137.638397217,620.15234375,1100.54858398,2357.00463867,638.057006836,455.348052979,395.741790771,398.741577148,578.209838867,1832.4666748,100.295249939,59.4018440247,46.0257301331,136.238525391,142.217407227,40.2916793823,3.72874498367,0.26428604126,0.0683507919312,0.00894050393254,0.000292234064545,0.00000369883514395,2.35553283545e-8,2.11616738022e-10],"dvar2":[0.00475571444258,0.508354961872,2.56664872169,31.1172771454,125.928436279,263.315917969,125.118049622,76.2976531982,1390.5135498,3029.0090332,3950.2019043,1887.19604492,2243.89086914,18081.8398438,1639.92700195,865.331359863,278.78918457,1382.18383789,1894.26721191,4737.80810547,1247.01611328,916.535888672,719.809814453,870.994628906,1124.96289062,3401.58642578,212.591522217,106.046676636,80.7596511841,207.217788696,223.000686646,79.7071456909,8.38133716583,0.594348788261,0.142435222864,0.0174098499119,0.000568857998587,0.00000825171809993,5.34334283486e-8,3.27191468363e-10],"max":[1.44110429287,10.3350315094,18.9510860443,103.566932678,108.90146637,342.005828857,226.72303772,300.762878418,1021.83331299,2725.52001953,2728.35253906,1374.74230957,2171.50488281,5484.35058594,1302.96984863,642.403625488,518.775390625,1193.92419434,2805.63891602,4119.88134766,1261.69665527,1201.53039551,738.580444336,1141.20556641,988.062561035,1876.09924316,367.183380127,444.63583374,298.574249268,860.649047852,928.592285156,294.945037842,73.0026931763,12.6850719452,18.240190506,6.32624340057,1.22926151752,0.115575157106,0.00699628004804,0.00093176815426],"mean":[0.0975512042642,0.985356688499,1.71719276905,4.14140033722,7.64342832565,11.9402799606,7.85912942886,7.32611513138,20.5296058655,23.4222888947,27.7475299835,20.4169998169,24.5083351135,48.9684906006,16.2106742859,9.48822402954,8.60125637054,10.8967437744,15.0105323792,16.051197052,12.2117776871,12.9238519669,14.2573242188,14.3504886627,13.5173597336,21.4601783752,6.38900995255,2.43343114853,2.02110624313,2.39786219597,2.29633593559,1.39953398705,0.663484215736,0.184708192945,0.068241275847,0.0256237629801,0.00412273174152,0.00050381856272,0.0000640137950541,0.0000264253103524],"median":[0.055177256465,0.47871619463,1.17252361774,2.50390267372,4.96799182892,3.59672784805,3.18075942993,2.63629055023,4.73448181152,5.51070404053,4.90504074097,4.84353923798,4.51133728027,6.20798110962,3.20396971703,2.9867310524,3.39349889755,3.05388689041,5.2247877121,5.75199985504,4.26103878021,3.41078519821,4.46093130112,5.04085111618,4.35610055923,6.41469430923,2.56233739853,0.698305010796,0.502879559994,0.266717612743,0.283579587936,0.158360809088,0.0773752182722,0.0302320346236,0.0110649345443,0.00411423714831,0.000879426777828,0.000183404481504,0.0000398935735575,0.0000198324523808],"min":[6.14577297451e-23,4.55506663978e-22,4.56635908898e-22,1.42662473056e-21,4.99059672031e-21,2.73480967782e-20,7.72382998899e-20,6.00970496462e-20,9.65521723241e-20,1.2105777925e-19,1.75534860417e-19,3.57314520868e-19,4.32402332111e-19,9.04925250375e-19,6.46782447123e-19,1.11908282795e-18,1.92831351782e-18,1.99626206244e-18,1.99543943132e-18,1.51712203532e-18,3.52820903549e-18,4.04628921033e-18,6.03225597607e-18,5.70708507342e-18,6.11305828703e-18,8.06471649609e-18,9.96979285614e-18,1.08466365655e-17,1.25897327636e-17,1.16484458943e-17,1.13027902774e-17,1.07284729878e-17,1.01538546045e-17,8.14718392162e-18,6.37836778311e-18,3.88923573615e-18,2.00976165004e-18,1.00973606502e-18,2.33822245678e-19,2.63800741261e-20],"var":[0.0148196434602,1.70214402676,3.10241889954,28.3498802185,82.0353775024,586.269470215,297.398071289,323.104187012,2945.43408203,8140.35791016,16585.9902344,2980.29711914,6180.03857422,56252.6835938,3438.03955078,864.222229004,417.63885498,1484.70898438,3597.3347168,4445.96337891,1774.05847168,1710.9630127,1530.11047363,909.767883301,1423.26342773,4002.54077148,186.18812561,103.221847534,79.6759262085,265.695892334,251.005203247,60.5492172241,5.3978433609,0.369039863348,0.115623213351,0.0142692346126,0.000430011190474,0.0000047589528549,2.96998532434e-8,7.80444542325e-10]},"erbbands_crest":{"dmean":2.40398621559,"dmean2":3.7265651226,"dvar":5.46358251572,"dvar2":12.6184129715,"max":30.9836845398,"mean":9.36203861237,"median":8.2027387619,"min":2.00795173645,"var":21.0273094177},"erbbands_flatness_db":{"dmean":0.0124979792163,"dmean2":0.0180009510368,"dvar":0.000156667345436,"dvar2":0.000311331037665,"max":0.35311844945,"mean":0.164452686906,"median":0.162781476974,"min":0.0220995191485,"var":0.00113438174594},"erbbands_kurtosis":{"dmean":0.697407841682,"dmean2":1.05052518845,"dvar":1.15616440773,"dvar2":2.27389955521,"max":30.9759254456,"mean":0.0372966714203,"median":-0.575382471085,"min":-1.85673451424,"var":4.51451301575},"erbbands_skewness":{"dmean":0.309599459171,"dmean2":0.457611918449,"dvar":0.08736102283,"dvar2":0.182698741555,"max":4.19524765015,"mean":0.247840076685,"median":0.188417807221,"min":-3.66375279427,"var":0.577684521675},"erbbands_spread":{"dmean":6.81910467148,"dmean2":10.3739891052,"dvar":48.2786178589,"dvar2":114.837303162,"max":133.526626587,"mean":41.5827255249,"median":40.1012763977,"min":2.36849308014,"var":264.389129639},"gfcc":{"cov":[[21772.140625,1685.42138672,-2502.11572266,1002.01025391,-1609.32910156,176.583831787,-768.046386719,383.188842773,-545.510131836,-262.939239502,-197.835144043,-346.75668335,-86.5722351074],[1685.42138672,1179.6385498,-119.179695129,-76.8041534424,273.233154297,-98.0825653076,153.831893921,-51.4966926575,114.194488525,65.4722213745,26.1109333038,-10.1877679825,9.81071186066],[-2502.11572266,-119.179695129,748.41583252,-9.39281368256,204.233291626,46.2680969238,62.5870742798,16.0540904999,90.7842025757,62.7700805664,58.5572814941,34.6378364563,18.8548316956],[1002.01025391,-76.8041534424,-9.39281368256,368.737457275,-46.02684021,43.5469474792,-60.832408905,8.63382911682,2.94226384163,-11.5236034393,16.9515686035,19.3000583649,4.19548225403],[-1609.32910156,273.233154297,204.233291626,-46.02684021,457.587677002,6.08846998215,165.971786499,-71.9664001465,99.6370239258,59.3168373108,20.3215656281,55.5950889587,23.431470871],[176.583831787,-98.0825653076,46.2680969238,43.5469474792,6.08846998215,189.605606079,37.9828186035,36.7442321777,-17.64412117,-10.6509819031,-6.35630941391,-11.1553621292,21.3920001984],[-768.046386719,153.831893921,62.5870742798,-60.832408905,165.971786499,37.9828186035,212.533599854,5.63610839844,62.6286315918,32.8767814636,10.6402130127,27.3442707062,19.9034156799],[383.188842773,-51.4966926575,16.0540904999,8.63382911682,-71.9664001465,36.7442321777,5.63610839844,138.065673828,20.5345439911,3.44300150871,12.2482671738,-19.7907142639,12.3443565369],[-545.510131836,114.194488525,90.7842025757,2.94226384163,99.6370239258,-17.64412117,62.6286315918,20.5345439911,178.194976807,77.3241653442,40.3688735962,40.9207763672,-12.6730260849],[-262.939239502,65.4722213745,62.7700805664,-11.5236034393,59.3168373108,-10.6509819031,32.8767814636,3.44300150871,77.3241653442,113.310897827,51.3365325928,29.3324584961,-5.5202255249],[-197.835144043,26.1109333038,58.5572814941,16.9515686035,20.3215656281,-6.35630941391,10.6402130127,12.2482671738,40.3688735962,51.3365325928,103.25075531,42.6568870544,4.56973266602],[-346.75668335,-10.1877679825,34.6378364563,19.3000583649,55.5950889587,-11.1553621292,27.3442707062,-19.7907142639,40.9207763672,29.3324584961,42.6568870544,115.238395691,16.282365799],[-86.5722351074,9.81071186066,18.8548316956,4.19548225403,23.431470871,21.3920001984,19.9034156799,12.3443565369,-12.6730260849,-5.5202255249,4.56973266602,16.282365799,75.8539581299]],"icov":[[0.000614866614342,-0.00172399717849,0.00118428154383,-0.00140419055242,0.00151689106133,-0.00146066478919,0.00151457940228,-0.00174329895526,0.00148653704673,-0.000923214189243,0.000976287992671,-0.000724507961422,0.000815539446194],[-0.00172399717849,0.00610569119453,-0.00284988596104,0.00393322249874,-0.00495589943603,0.0047617550008,-0.00477240793407,0.00509550794959,-0.00470319483429,0.00248722475953,-0.00325195863843,0.00303387152962,-0.00271553127095],[0.00118428154383,-0.00284988596104,0.00412391358986,-0.00260475836694,0.00183667102829,-0.00302668730728,0.00316032301635,-0.00366403535008,0.00228750379756,-0.00193288410082,0.00103581883013,-0.000933345465455,0.00127193168737],[-0.00140419055242,0.00393322249874,-0.00260475836694,0.00634961389005,-0.00344895827584,0.00224306248128,-0.00217746081762,0.00407680077478,-0.00410116929561,0.00279328529723,-0.00280527770519,0.00100658368319,-0.00200332188979],[0.00151689106133,-0.00495589943603,0.00183667102829,-0.00344895827584,0.00848435331136,-0.00391908176243,0.00135838903952,-0.00170306302607,0.00261821481399,-0.00262769940309,0.00310245458968,-0.00250131590292,0.0011077785166],[-0.00146066478919,0.0047617550008,-0.00302668730728,0.00224306248128,-0.00391908176243,0.0103989578784,-0.00563969882205,0.00261788396165,-0.00239116302691,0.00205362145789,-0.00206687487662,0.00276630232111,-0.00304225995205],[0.00151457940228,-0.00477240793407,0.00316032301635,-0.00217746081762,0.00135838903952,-0.00563969882205,0.0119467647746,-0.00558491749689,0.00238071498461,-0.00234236405231,0.00288421334699,-0.00294705969281,0.00131187681109],[-0.00174329895526,0.00509550794959,-0.00366403535008,0.00407680077478,-0.00170306302607,0.00261788396165,-0.00558491749689,0.015310366638,-0.00722299329937,0.00324515951797,-0.00449972227216,0.00475281151012,-0.00492147123441],[0.00148653704673,-0.00470319483429,0.00228750379756,-0.00410116929561,0.00261821481399,-0.00239116302691,0.00238071498461,-0.00722299329937,0.0141776455566,-0.00726429466158,0.00295677734539,-0.00422237068415,0.00494771823287],[-0.000923214189243,0.00248722475953,-0.00193288410082,0.00279328529723,-0.00262769940309,0.00205362145789,-0.00234236405231,0.00324515951797,-0.00726429466158,0.0166064854711,-0.00715392362326,0.0012152211275,-0.00056534842588],[0.000976287992671,-0.00325195863843,0.00103581883013,-0.00280527770519,0.00310245458968,-0.00206687487662,0.00288421334699,-0.00449972227216,0.00295677734539,-0.00715392362326,0.0165192112327,-0.00586857553571,0.00127045076806],[-0.000724507961422,0.00303387152962,-0.000933345465455,0.00100658368319,-0.00250131590292,0.00276630232111,-0.00294705969281,0.00475281151012,-0.00422237068415,0.0012152211275,-0.00586857553571,0.0138354357332,-0.00428389711305],[0.000815539446194,-0.00271553127095,0.00127193168737,-0.00200332188979,0.0011077785166,-0.00304225995205,0.00131187681109,-0.00492147123441,0.00494771823287,-0.00056534842588,0.00127045076806,-0.00428389711305,0.016860820353]],"mean":[-58.6629180908,113.563957214,-115.846168518,41.6941986084,-47.3566856384,1.86283004284,-27.4408779144,7.94390821457,-21.8540077209,-3.13674902916,-12.5497789383,-9.90952682495,-7.75656366348]},"hfc":{"dmean":3.8657913208,"dmean2":4.88733911514,"dvar":90.4551467896,"dvar2":129.564971924,"max":409.176422119,"mean":13.1222610474,"median":6.84123516083,"min":1.06778647544e-16,"var":423.133789062},"melbands":{"dmean":[0.000190922306501,0.000314042525133,0.000361682410585,0.000275832455372,0.000125435879454,0.0000597815487708,0.000130963744596,0.000129218809889,0.00009409107588,0.0000602052314207,0.0000625689208391,0.000105076207547,0.0000291192827717,0.0000176684970938,0.0000108433023343,0.00000965584786172,0.0000119061514852,0.0000137977158374,0.000012926270756,0.00000886268389877,0.00000860222189658,0.00000687152123646,0.00000780952177593,0.00000698661506249,0.00000609065045865,0.00000471161047244,0.00000679774575474,0.00000838685264171,0.00000291968308375,9.16382930427e-7,9.34466640956e-7,7.74897671363e-7,7.69471398598e-7,9.67281494013e-7,9.26317795802e-7,7.88659917816e-7,5.11283587912e-7,3.25194804418e-7,1.86842882499e-7,7.24233615301e-8],"dmean2":[0.000291898351861,0.000485324126203,0.000548181240447,0.000400326563977,0.000176818633918,0.000082461956481,0.000182175426744,0.000160752722877,0.000121118711832,0.0000811458594399,0.0000836547551444,0.000145268364577,0.0000410048596677,0.0000273171826848,0.0000164970151673,0.0000149909546963,0.000018396824089,0.0000212729719351,0.0000194792646653,0.0000137062206704,0.0000135954933285,0.0000108381018435,0.0000118763746286,0.0000109976208478,0.00000958768850978,0.00000720089064998,0.0000102720159703,0.0000128797955767,0.00000465509720016,0.00000140087286127,0.00000139903340823,0.00000114630154258,0.00000107758785362,0.00000132888862936,0.00000127120256366,0.00000116198611977,7.71894747231e-7,4.87408783556e-7,2.85588839688e-7,1.09267645598e-7],"dvar":[2.41352267949e-7,3.00764185113e-7,5.46144747204e-7,2.71479990488e-7,1.19202539395e-7,1.95130276381e-8,1.46997479078e-7,3.29965217816e-7,1.3414594946e-7,4.20777581667e-8,4.36135181303e-8,2.1733475819e-7,1.60807918093e-8,5.73922509517e-9,1.38161604379e-9,7.73531294573e-10,2.39112529776e-9,2.98521918296e-9,3.9712628741e-9,1.35488176234e-9,1.47057321875e-9,5.4763887869e-10,8.52338588597e-10,3.4186986575e-10,3.19355153433e-10,1.74150430188e-10,7.64567020806e-10,1.13666842605e-9,6.85469667139e-11,2.08366206234e-11,2.08852015543e-11,1.64194526031e-11,2.1373493253e-11,5.36825757458e-11,5.57465462681e-11,3.2295072866e-11,1.06140729886e-11,2.19469082664e-12,6.7450033189e-13,1.16135440566e-13],"dvar2":[4.74772832604e-7,7.11358495664e-7,0.00000136993878641,5.90466640915e-7,2.43531417254e-7,3.34380700906e-8,3.29457549242e-7,4.15162645595e-7,1.97052287376e-7,7.36724814487e-8,6.50428120252e-8,3.49822528278e-7,2.69354902827e-8,1.38204265809e-8,2.50160692161e-9,1.65998770285e-9,5.22032062023e-9,5.24653298584e-9,7.76064634778e-9,2.80750045434e-9,2.82674017527e-9,1.18811938066e-9,1.6664454261e-9,7.63325291864e-10,7.15194237166e-10,3.47476880602e-10,1.48654233367e-9,2.13771533808e-9,1.57409030255e-10,4.14302758767e-11,3.83003212479e-11,3.12456137352e-11,3.52550835747e-11,8.3007337115e-11,8.6053102144e-11,6.02703581487e-11,2.1853597057e-11,4.99614802654e-12,1.58745716225e-12,2.63984418093e-13],"max":[0.0106541067362,0.0110562583432,0.0150494035333,0.0117613552138,0.00997176486999,0.00602571619675,0.0144999315962,0.0304450634867,0.0181341227144,0.00901626609266,0.0123860789463,0.0238556396216,0.00520672788844,0.00365808932111,0.00202347780578,0.00121332611889,0.00221464107744,0.00472337193787,0.00486909225583,0.0027061200235,0.00198482419364,0.00113396311644,0.00141245790292,0.000742752279621,0.00105460232589,0.000500018009916,0.00119483587332,0.00158712046687,0.000324368826114,0.000210361569771,0.000250601093285,0.0001677559776,0.000272114499239,0.00053220812697,0.000603165128268,0.000293624238111,0.000144343895954,0.0000566861781408,0.0000230913428823,0.0000118372208817],"mean":[0.00104141130578,0.00107130955439,0.000833694124594,0.000728637678549,0.000337255594786,0.000154972061864,0.000321100873407,0.000276928331004,0.000204989119084,0.000120844837511,0.000124378013425,0.000211788210436,0.0000581920212426,0.000029489161534,0.0000197328208742,0.0000174318865902,0.0000196740238607,0.0000233862047025,0.0000223789284064,0.0000157358790602,0.0000144270779856,0.0000121919274534,0.0000145360590977,0.0000130065836856,0.000011526545677,0.00000884334440343,0.0000123989848362,0.0000148661720232,0.00000497687960888,0.00000134928757234,0.00000133703656502,0.00000114172132726,0.00000113852820505,0.00000141234795592,0.00000138877226163,0.0000011293549278,7.29215344109e-7,5.04444244598e-7,2.84711688892e-7,1.08360275419e-7],"median":[0.000581914850045,0.00065657007508,0.000527182477526,0.000345168984495,0.000125327671412,0.0000523719209014,0.0000747122467146,0.0000589998671785,0.0000405402388424,0.0000255127415585,0.0000205889336939,0.000025513005312,0.00000846170587465,0.00000780524715083,0.00000690518118063,0.00000616475790594,0.00000489751982968,0.00000715402075002,0.00000774720592744,0.00000577959144721,0.00000410217126046,0.00000265545850198,0.00000355511770067,0.0000035654511521,0.00000362943865184,0.00000282722339762,0.00000319290347761,0.00000412377721659,0.00000181661380338,3.0046635402e-7,3.25593077832e-7,2.76964044588e-7,1.52467407588e-7,1.12207018788e-7,1.5236169304e-7,1.17172220371e-7,7.67042820371e-8,5.23045144973e-8,3.35423706588e-8,1.88022202252e-8],"min":[7.79162846467e-25,4.08483072865e-25,1.80679506115e-25,1.02836745769e-24,2.00432516621e-24,1.31833211746e-24,1.62409351964e-24,1.74404129939e-24,1.14375226876e-24,2.28794886342e-24,2.06145072588e-24,3.56523319532e-24,1.76970570565e-24,2.89898710996e-24,3.4756576451e-24,3.74932532604e-24,2.99093496214e-24,3.02654059353e-24,2.1919348277e-24,3.16121433562e-24,3.50999518258e-24,4.15326825787e-24,4.6666758955e-24,4.95095769991e-24,4.06617288634e-24,4.78138613188e-24,3.93858962328e-24,5.2222958746e-24,5.78402045381e-24,5.57292206443e-24,4.77381070061e-24,5.67122596613e-24,4.88865504334e-24,4.42130702182e-24,5.46540545064e-24,6.45393493959e-24,5.5961981943e-24,5.71212603749e-24,6.3663583629e-24,6.26629569581e-24],"var":[0.0000015287135966,0.0000015203163457,0.00000110659141228,0.00000109904487999,5.50966490209e-7,1.39968065582e-7,6.92480114139e-7,0.00000120245374546,7.50427943785e-7,1.13663332968e-7,1.77572218263e-7,0.00000106477909867,5.72901548423e-8,1.05076587431e-8,4.08155642617e-9,2.13007411709e-9,5.2308455345e-9,9.96289895028e-9,7.59347074109e-9,2.84210766033e-9,3.4531018045e-9,1.67642910665e-9,2.89294388445e-9,1.06103215103e-9,6.3868443867e-10,4.23549056938e-10,1.7607462155e-9,2.19033635673e-9,1.15608106421e-10,3.27431623481e-11,3.49419070067e-11,2.55296790652e-11,4.10541704798e-11,1.05421150975e-10,9.9023622635e-11,5.11124927105e-11,1.51889664041e-11,3.25888274699e-12,8.62822183492e-13,1.61904696464e-13]},"melbands_crest":{"dmean":2.2282102108,"dmean2":3.45039081573,"dvar":5.10256147385,"dvar2":12.3854265213,"max":31.5281639099,"mean":14.8698225021,"median":14.5382423401,"min":1.5661585331,"var":22.3330440521},"melbands_flatness_db":{"dmean":0.0176546107978,"dmean2":0.024374678731,"dvar":0.000396488205297,"dvar2":0.000723273027688,"max":0.660534739494,"mean":0.232429683208,"median":0.224277704954,"min":0.00322614074685,"var":0.0053500039503},"melbands_kurtosis":{"dmean":5.53213834763,"dmean2":8.45319271088,"dvar":109.678268433,"dvar2":268.621490479,"max":338.924316406,"mean":15.8473424911,"median":9.67845535278,"min":-1.80109620094,"var":393.315795898},"melbands_skewness":{"dmean":0.553773999214,"dmean2":0.825658619404,"dvar":0.365068435669,"dvar2":0.855605840683,"max":14.1775865555,"mean":2.97712683678,"median":2.70398426056,"min":-1.39464747906,"var":2.4842543602},"melbands_spread":{"dmean":4.72589635849,"dmean2":7.11082363129,"dvar":65.7532958984,"dvar2":135.833602905,"max":221.470855713,"mean":20.3706016541,"median":16.0077342987,"min":0.420193076134,"var":388.976318359},"mfcc":{"cov":[[9713.19824219,-28.3449726105,-198.521026611,61.8761291504,-335.503875732,-423.927734375,-86.0756988525,93.0153121948,-231.816680908,246.314682007,-291.794708252,-195.934127808,-188.163040161],[-28.3449726105,1475.74169922,-196.558929443,155.843765259,79.0243759155,123.866241455,61.5262336731,-24.9059772491,115.718070984,13.9644641876,95.7279510498,84.2014312744,83.0000152588],[-198.521026611,-196.558929443,457.48727417,18.5255260468,72.1289291382,-25.896364212,12.4166383743,17.0925598145,-16.3245601654,65.0518264771,-8.61916923523,10.9976053238,-3.36619544029],[61.8761291504,155.843765259,18.5255260468,288.078491211,80.7838439941,68.5580291748,-25.645986557,14.5222377777,12.2026605606,-31.9858283997,22.3841018677,62.7656173706,40.2693786621],[-335.503875732,79.0243759155,72.1289291382,80.7838439941,194.305526733,63.3178939819,22.9002285004,4.54243803024,16.1205940247,12.2895641327,7.75049543381,21.5004615784,14.0002374649],[-423.927734375,123.866241455,-25.896364212,68.5580291748,63.3178939819,226.847686768,36.4348449707,24.6882705688,50.9499168396,-47.3490753174,51.97813797,36.624961853,22.3010559082],[-86.0756988525,61.5262336731,12.4166383743,-25.645986557,22.9002285004,36.4348449707,164.990737915,24.3922576904,25.3944377899,29.7803840637,-5.455286026,-49.4680900574,-35.4536514282],[93.0153121948,-24.9059772491,17.0925598145,14.5222377777,4.54243803024,24.6882705688,24.3922576904,110.562011719,31.7484264374,4.57974910736,8.88199806213,0.890600979328,-1.69331550598],[-231.816680908,115.718070984,-16.3245601654,12.2026605606,16.1205940247,50.9499168396,25.3944377899,31.7484264374,131.118011475,18.225435257,28.54712677,10.9603662491,-2.93738460541],[246.314682007,13.9644641876,65.0518264771,-31.9858283997,12.2895641327,-47.3490753174,29.7803840637,4.57974910736,18.225435257,149.931015015,0.0937817469239,-13.9320640564,-20.1765880585],[-291.794708252,95.7279510498,-8.61916923523,22.3841018677,7.75049543381,51.97813797,-5.455286026,8.88199806213,28.54712677,0.0937817469239,124.787780762,61.6583175659,29.8154830933],[-195.934127808,84.2014312744,10.9976053238,62.7656173706,21.5004615784,36.624961853,-49.4680900574,0.890600979328,10.9603662491,-13.9320640564,61.6583175659,173.934967041,77.2727661133],[-188.163040161,83.0000152588,-3.36619544029,40.2693786621,14.0002374649,22.3010559082,-35.4536514282,-1.69331550598,-2.93738460541,-20.1765880585,29.8154830933,77.2727661133,124.564285278]],"icov":[[0.00014999663108,-0.0000456127927464,0.0000902232059161,-0.000181605209946,0.000254918646533,0.0000898272774066,0.000110581378976,-0.000273894373095,0.000301770749502,-0.00033787425491,0.000279802683508,0.00000712202063369,0.000182135336217],[-0.0000456127927464,0.000944958243053,0.00042085829773,-0.00038177735405,-0.000255848775851,-0.0000655980766169,-0.000522561313119,0.000613041396718,-0.000704716716427,-0.000188539226656,-0.000424845231464,-0.0000738242597436,-0.00056332256645],[0.0000902232059161,0.00042085829773,0.00282656727359,-0.000349747220753,-0.000917588069569,0.00033506724867,-0.000188163743587,-0.000461195973912,0.000487455894472,-0.0013475890737,0.000153306435095,-0.000359534955351,0.00000818705575512],[-0.000181605209946,-0.00038177735405,-0.000349747220753,0.00491221621633,-0.00184536341112,-0.000774343323428,0.000795570376795,-0.000471449282486,-0.0000940690515563,0.0011828726856,0.0000162208452821,-0.000926027249079,-0.000291401578579],[0.000254918646533,-0.000255848775851,-0.000917588069569,-0.00184536341112,0.00739613734186,-0.00159331795294,-0.000490727194119,0.000102998834336,0.000471613224363,-0.00147528271191,0.0012069180375,-0.000175161112566,0.0000349649999407],[0.0000898272774066,-0.0000655980766169,0.00033506724867,-0.000774343323428,-0.00159331795294,0.00703375367448,-0.00168867467437,-0.000656237651128,-0.00162200734485,0.00240512238815,-0.00185861310456,-0.000369139161194,-0.000105765509943],[0.000110581378976,-0.000522561313119,-0.000188163743587,0.000795570376795,-0.000490727194119,-0.00168867467437,0.00833604298532,-0.00170965283178,0.000077501143096,-0.00161777914036,0.000382426689612,0.00202851137146,0.00134968513157],[-0.000273894373095,0.000613041396718,-0.000461195973912,-0.000471449282486,0.000102998834336,-0.000656237651128,-0.00170965283178,0.0109691927209,-0.00304470746778,0.000556661107112,-0.000784168078098,0.00000814193299448,-0.000712835520972],[0.000301770749502,-0.000704716716427,0.000487455894472,-0.0000940690515563,0.000471613224363,-0.00162200734485,0.000077501143096,-0.00304470746778,0.0106127960607,-0.00226929248311,-0.000443266122602,-0.000290837109787,0.00135626085103],[-0.00033787425491,-0.000188539226656,-0.0013475890737,0.0011828726856,-0.00147528271191,0.00240512238815,-0.00161777914036,0.000556661107112,-0.00226929248311,0.00958380568773,-0.00147566990927,-0.000181137089385,0.000443184602773],[0.000279802683508,-0.000424845231464,0.000153306435095,0.0000162208452821,0.0012069180375,-0.00185861310456,0.000382426689612,-0.000784168078098,-0.000443266122602,-0.00147566990927,0.0115099931136,-0.00334017956629,0.0000675063492963],[0.00000712202063369,-0.0000738242597436,-0.000359534955351,-0.000926027249079,-0.000175161112566,-0.000369139161194,0.00202851137146,0.00000814193299448,-0.000290837109787,-0.000181137089385,-0.00334017956629,0.0099737085402,-0.00441098958254],[0.000182135336217,-0.00056332256645,0.00000818705575512,-0.000291401578579,0.0000349649999407,-0.000105765509943,0.00134968513157,-0.000712835520972,0.00135626085103,0.000443184602773,0.0000675063492963,-0.00441098958254,0.0119863003492]],"mean":[-693.189086914,138.321105957,-5.29123830795,39.7571754456,4.14221525192,0.7994607687,5.5188202858,3.74437832832,-1.82673919201,11.3686132431,-6.79440784454,-2.48551368713,-1.21301090717]},"pitch_salience":{"dmean":0.0492384061217,"dmean2":0.0767247155309,"dvar":0.00222492474131,"dvar2":0.00540289841592,"max":0.978817641735,"mean":0.504072487354,"median":0.505633890629,"min":0.115503497422,"var":0.0105967344716},"silence_rate_20dB":{"dmean":0,"dmean2":0,"dvar":0,"dvar2":0,"max":1,"mean":1,"median":1,"min":1,"var":0},"silence_rate_30dB":{"dmean":0.00476133776829,"dmean2":0.00952380988747,"dvar":0.00473886495456,"dvar2":0.0103861363605,"max":1,"mean":0.992501795292,"median":1,"min":0,"var":0.00744227739051},"silence_rate_60dB":{"dmean":0.0128556126729,"dmean2":0.0257142856717,"dvar":0.0126913329586,"dvar2":0.0295742247254,"max":1,"mean":0.0743870511651,"median":0,"min":0,"var":0.0688507556915},"spectral_centroid":{"dmean":225.667190552,"dmean2":343.10144043,"dvar":83916.265625,"dvar2":170977.921875,"max":11688.53125,"mean":1385.25695801,"median":1227.10644531,"min":148.661483765,"var":1287632.375},"spectral_complexity":{"dmean":2.47732400894,"dmean2":3.78738093376,"dvar":8.6281080246,"dvar2":16.7324733734,"max":54,"mean":14.0496311188,"median":13,"min":0,"var":62.9062957764},"spectral_contrast_coeffs":{"dmean":[0.0392135344446,0.0375243425369,0.0359402820468,0.0285808146,0.0215517617762,0.0151794906706],"dmean2":[0.0620784498751,0.0588197223842,0.0556975863874,0.0466493070126,0.0344422981143,0.0241732150316],"dvar":[0.00121228571516,0.00104645092506,0.000934685231186,0.00054818141507,0.000328172725858,0.000193955303985],"dvar2":[0.00305812945589,0.00243639410473,0.00213064718992,0.00138641509693,0.000818653090391,0.000443518918473],"max":[-0.307137101889,-0.385962039232,-0.386919230223,-0.501441240311,-0.511816859245,-0.590980112553],"mean":[-0.645708680153,-0.707766234875,-0.727847695351,-0.76387822628,-0.765184164047,-0.76875436306],"median":[-0.648532986641,-0.712524235249,-0.733528614044,-0.765233159065,-0.76526081562,-0.768734931946],"min":[-0.982391357422,-0.984963476658,-0.98286563158,-0.972018361092,-0.969563543797,-0.963770568371],"var":[0.00976074486971,0.00716382823884,0.00680711958557,0.00312765291892,0.00279023940675,0.00220240117051]},"spectral_contrast_valleys":{"dmean":[0.309799909592,0.304102420807,0.274535030127,0.237544059753,0.220152363181,0.249430581927],"dmean2":[0.500143051147,0.490638256073,0.438403397799,0.369857132435,0.314298301935,0.328683167696],"dvar":[0.114896431565,0.102995894849,0.0931026935577,0.0849063023925,0.0926501899958,0.137114197016],"dvar2":[0.252378821373,0.211253136396,0.173970431089,0.142701804638,0.136702015996,0.208476409316],"max":[-5.66085147858,-5.27290439606,-5.71245241165,-6.30612659454,-5.10950422287,-7.57391452789],"mean":[-7.50416755676,-7.53003883362,-8.28074550629,-8.579205513,-8.19038963318,-11.2698259354],"median":[-7.09745883942,-7.2366361618,-7.98144960403,-8.24003410339,-7.84390163422,-11.0830440521],"min":[-28.4981155396,-28.1447715759,-27.7656154633,-27.6342926025,-27.4484939575,-27.4068050385],"var":[5.06396102905,4.94809341431,4.56996917725,4.46102285385,4.76572608948,3.73644781113]},"spectral_decrease":{"dmean":1.0846318288e-9,"dmean2":1.44976541883e-9,"dvar":3.09386869675e-18,"dvar2":5.01211108381e-18,"max":9.39623971603e-17,"mean":-4.84630069408e-9,"median":-3.65834740279e-9,"min":-5.03375439109e-8,"var":2.04593314153e-17},"spectral_energy":{"dmean":0.00437748897821,"dmean2":0.00580399855971,"dvar":0.0000511842263222,"dvar2":0.0000809683915577,"max":0.201547801495,"mean":0.0194812957197,"median":0.0146057512611,"min":1.00812063621e-20,"var":0.000343261344824},"spectral_energyband_high":{"dmean":0.000267195428023,"dmean2":0.00037592308945,"dvar":0.00000115428281333,"dvar2":0.00000183206395832,"max":0.0602954141796,"mean":0.000509329838678,"median":0.000167609687196,"min":6.86275403525e-21,"var":0.00000249294475907},"spectral_energyband_low":{"dmean":0.00146682665218,"dmean2":0.00225809100084,"dvar":0.00000658476619719,"dvar2":0.0000147300643221,"max":0.0482169054449,"mean":0.00632416503504,"median":0.00430207513273,"min":4.12558633985e-24,"var":0.0000373658331227},"spectral_energyband_middle_high":{"dmean":0.00135324057192,"dmean2":0.00180576054845,"dvar":0.0000142038061313,"dvar2":0.0000209660065593,"max":0.146737709641,"mean":0.00390651961789,"median":0.00154241442215,"min":1.12455547589e-21,"var":0.0000803938310128},"spectral_energyband_middle_low":{"dmean":0.00287349196151,"dmean2":0.00389135442674,"dvar":0.0000264946156676,"dvar2":0.0000458983449789,"max":0.165956869721,"mean":0.00970441475511,"median":0.0059599019587,"min":1.34507284554e-22,"var":0.000142033750308},"spectral_entropy":{"dmean":0.121841281652,"dmean2":0.168908312917,"dvar":0.0198933407664,"dvar2":0.034942638129,"max":9.82076931,"mean":7.32082414627,"median":7.32231664658,"min":5.3963303566,"var":0.210867837071},"spectral_flux":{"dmean":0.0132384002209,"dmean2":0.0210417062044,"dvar":0.000327662448399,"dvar2":0.000768718600739,"max":0.338010936975,"mean":0.0490851290524,"median":0.0412640273571,"min":6.33622876389e-11,"var":0.0011451235041},"spectral_kurtosis":{"dmean":1.70907950401,"dmean2":2.94057750702,"dvar":3.81862735748,"dvar2":10.5081186295,"max":52.8095970154,"mean":4.9626326561,"median":4.02131557465,"min":-1.26049125195,"var":13.0599002838},"spectral_rms":{"dmean":0.000441131240223,"dmean2":0.000584384426475,"dvar":3.09914412355e-7,"dvar2":5.13099848831e-7,"max":0.0140225533396,"mean":0.0039597870782,"median":0.00377485272475,"min":3.13613176227e-12,"var":0.00000332623744725},"spectral_rolloff":{"dmean":362.175354004,"dmean2":608.70715332,"dvar":602548.125,"dvar2":1420923,"max":19724.4140625,"mean":1342.61999512,"median":796.728515625,"min":86.1328125,"var":5848795},"spectral_skewness":{"dmean":0.213975116611,"dmean2":0.348147511482,"dvar":0.0436031073332,"dvar2":0.106260314584,"max":5.86981248856,"mean":1.43844854832,"median":1.34208106995,"min":-0.153874412179,"var":0.285475075245},"spectral_spread":{"dmean":324649.59375,"dmean2":496357.96875,"dvar":514165833728,"dvar2":983731273728,"max":42441844,"mean":4135794.75,"median":3573497,"min":1512444,"var":14205022371800},"spectral_strongpeak":{"dmean":0.332884669304,"dmean2":0.533650457859,"dvar":0.524226605892,"dvar2":1.15030229092,"max":17.6388111115,"mean":0.771134018898,"median":0.35167914629,"min":0,"var":1.52554273605},"zerocrossingrate":{"dmean":0.00687790149823,"dmean2":0.00837855786085,"dvar":0.0000916522258194,"dvar2":0.00011640489538,"max":0.5712890625,"mean":0.0517906472087,"median":0.04248046875,"min":0.00244140625,"var":0.00354110402986}},"metadata":{"audio_properties":{"analysis_sample_rate":44100,"bit_rate":320043,"codec":"mp3","downmix":"mix","equal_loudness":0,"length":195.05632019,"lossless":false,"md5_encoded":"773c27f27156948e7d8b10628187eade","replay_gain":-6.41657447815,"sample_rate":44100},"tags":{"acoustid_fingerprint":["AQADtIqiLEmiKJrw4ziOFwmO60Wsh8IFv_iQOjwYO8exJ7hedLOUENfg5wqOQzuO4fhF8EfYRsd_VP5w_IjKPKjUHVr648ceXJ3AMsfTxVCP2rgS4Lqx_VB_xAnaTSt-HxdVYaqaYsqOL8WFninChx8UFbnlgYcfTL_xBCct4TzO4MNz_Ag-_AgfwhoTHaVxLvh53EmLEMmJZu1x_RhvHHkS6NKO7DwY_XjwdLCPFz_4Gz6PWoh1JOuPZs_xXfiFiupxJgkqpcLxI58WJPtiNJeC83hOcG3QPXCJ5sjGQd-Fy44wPthznIakI8-Hqym-wydO5RFmPXhY4Ypy-IIeHJXhJH2w_ShqJRfu5ejyQFWW48_Rf0FT_BreoFmiHiXB5-j14AyKPAuF6wd4wvGLH-uYaTglCDmqB_txHT1u9NXhRyL-IKWRjNqO6lEOJ32GFx5-fAyaCY9y7Eoc4I-QZ8GXC_6hJwmLpxpi6WhXBz6efsF03Bf-GD04PSgjRcdZ5D9kD-GXBs5RSj_m7NhxHVUPJl9C9HAZhAx0K8h9vMbTHK8OfzoeKbgEvjjFwCf-4MeXEXmHPgy0XMgjNBGPTj146qg0EXDxI5FvpDv64ejR7PhU4_qFKiPBZ-hZ49iv4Dmanwgfkvg7_MWpG8lyHS0jFD76HXiIz8jzIhl6NJ8u9IsyPMVffAzyI_Fk7Dr6MHLBXfixS1EmHXmx44BD6IfWgzyO6KZwB42eoxZxKVmm4C8cfUb-BE-yQtcSlB_MQiOl4FGCnMR-3MbZ4GkuPIsOX8GNfyhvhARPaEx1NGUSxN_x4D6yV0RSnUTDGH2Cn7iZDntmoeMUpA-SH_7xYFMzoz9yIdnC4Dt8-qgcHT-qp0aT6MdlfDx6RkcS5Qd6w59QPvgLVegzMbAUJlDP4iKCi0evFz9-1Ad6kfhFNEmeGNV5JB_COBL6KBn-w34y_MK1OfhR8jC5o0SfIybZwPuDhyIhol_w0MGPR0o8hNON5sdztH8IvyiF3SL6H82s4HJO3EqQ40fyNGB4oWGO5-CDB0c3_DfSH8lxWMmPH2_h5-jB6jhx3XhYNNp29LkW9JiyH5-I3AyhpzPa4_BxHsc7vNZRiXrw4n_wGU2MPhzu4W-EZtmFSl2Ri8HxDP3RTBseBbeDH02P6cE5xGSGH11D_DgY6F7Rw3UQshOOp2CbZMaJH6fxHuGXBr4OjRpyfAk-4gR_XEdzor2Of_jRHs2OP0b0FM2hzXPwB3mIB81F9Jmi4DJ-pJmU4odyZWCOmzj0b9gO_MgZlDzOIy9xrXgc6DzyJMcVnMcTH3eDB_0yKZjCSeBxWce-4wyH8cePs0PVJKnApIbeFzjz4Dqaa6io48F_fFkmPNUzRNKhpcjz4o8jTMy0ozlu_Hj44Ozh4z1OHu_w2cIfNFlPMDxK4vEFX_DRM9iRTHuOMEmD_cK_wKMy4VHw4WB5hGE-JHsefBG-52iiLsV7mEGnB-V7ND9uND_KpMGbH_2JJsepcrie4hnCrAfz4zimfA_q480hVhqeUMh_vMRT_PiN7kFz_MeU0gi5HPqPNBuP99h