{"lowlevel":{"average_loudness":0.810717582703,"barkbands":{"dmean":[0.00441195676103,0.0198154486716,0.00511255534366,0.0013492036378,0.00143054651562,0.000782765389886,0.000376170501113,0.000301382126054,0.000405550410505,0.000454088149127,0.000580153195187,0.000969679560512,0.00115802220535,0.000683359568939,0.000590572366491,0.000325001543388,0.000256713829003,0.000257107865764,0.000207435979974,0.000121131866763,0.0000953037160798,0.0000501536669617,0.0000172044892679,0.00000500709484186,0.00000359392015525,0.00000917754641705,0.00047582379193],"dmean2":[0.00758333690464,0.033110499382,0.00867726746947,0.00226915581152,0.00237186346203,0.00128154689446,0.0006191090215,0.000499179353938,0.000666897569317,0.000747714249883,0.000958297052421,0.0015850213822,0.00191434298176,0.00113618059549,0.000979497330263,0.000547963136341,0.000428689614637,0.00041436086758,0.000318131526001,0.000175862543983,0.000131921915454,0.0000699719021213,0.0000238318662014,0.00000808258209872,0.00000603018952461,0.0000131905726448,0.000736399786547],"dvar":[0.0000916395147215,0.000746243982576,0.0000555466394871,0.00000413249426856,0.00000941507551033,0.00000367515281141,8.47809189963e-7,8.24900268981e-7,0.00000162895821632,0.00000109610698473,0.0000026202992558,0.00000648475679554,0.0000028976971862,0.00000105877279566,8.31969430237e-7,3.36553000579e-7,2.2133257005e-7,2.43385983367e-7,2.73064699741e-7,2.54049979276e-7,2.52981379845e-7,4.7679719728e-8,4.42805747625e-9,1.29625504774e-10,3.41631237188e-11,4.70349981185e-10,3.89686050539e-7],"dvar2":[0.000240700101131,0.00199522590265,0.000151189073222,0.0000111601893877,0.0000233915052377,0.00000929216912482,0.00000213032558349,0.00000215293403016,0.00000427494796895,0.00000281533175439,0.00000694753998687,0.0000161277948791,0.00000755744713388,0.00000279765004052,0.00000219756839215,9.11110589641e-7,5.86374653722e-7,5.96288487031e-7,5.80437244935e-7,5.43991120594e-7,4.9846840966e-7,9.65391038221e-8,7.77503039728e-9,2.74683831236e-10,8.8321898406e-11,8.39045277701e-10,9.57636075327e-7],"max":[0.159984484315,0.494370490313,0.143547400832,0.0389478541911,0.112463817,0.0785081163049,0.0272516682744,0.0395302176476,0.0716855153441,0.0337922684848,0.0437282808125,0.102246031165,0.0356998182833,0.0317410603166,0.0201198738068,0.01128027495,0.00741378497332,0.0103178648278,0.0195581521839,0.0206837542355,0.0243303719908,0.00841054879129,0.00286543834955,0.000465156132123,0.0000997919269139,0.00117519206833,0.0203049220145],"mean":[0.0041962582618,0.028184408322,0.00703557068482,0.00183992832899,0.00207724608481,0.00120185106061,0.000557360297535,0.000431570166256,0.000603000691626,0.00066555099329,0.000818852335215,0.00165914651006,0.00204395223409,0.00119748292491,0.00106884294655,0.000508948171046,0.000438329996541,0.000460223585833,0.000372958078515,0.000219031906454,0.000165506266057,0.0000880874431459,0.0000288854662358,0.00000632600676909,0.00000373350553673,0.0000161819971254,0.00155608542264],"median":[0.00141592824366,0.0175206009299,0.00413335673511,0.00102686078753,0.00107815838419,0.000418888521381,0.000222161601414,0.000193382424186,0.000303789362079,0.000320125807775,0.000304353103274,0.000713157118298,0.0013560235966,0.000826076371595,0.00072889321018,0.000310269009788,0.000244860391831,0.00022156459454,0.000120699660329,0.0000676159688737,0.0000475059641758,0.0000302009593725,0.0000102608919406,0.00000298599411508,0.0000016426234879,0.00000838611686049,0.00125236634631],"min":[2.28160839389e-24,6.65675226161e-24,2.25797767104e-24,2.7195208596e-24,2.15448357734e-23,3.58257330465e-23,3.52581918014e-23,8.14353892006e-24,2.52293778698e-23,3.29162814994e-23,2.8511064479e-23,6.91430083212e-23,5.71066696036e-23,6.18416651922e-23,6.61046821458e-23,7.51045122235e-23,1.14296276887e-22,7.87574683292e-23,2.09245859981e-22,2.13546641284e-22,2.79692186424e-22,4.10612678215e-22,4.09030639757e-22,7.09736061213e-22,1.00643707325e-21,1.42809027004e-21,2.07786457209e-21],"var":[0.0000770785482018,0.00104895443656,0.0000797445245553,0.00000615834551354,0.0000133978264785,0.00000746962132325,0.00000154654060225,0.00000130669025111,0.00000199488727048,0.00000144898876897,0.00000388437774745,0.0000153154451255,0.0000055735058595,0.00000183741940418,0.0000015818460497,4.18337918973e-7,3.37386637739e-7,4.57497549178e-7,6.64948458962e-7,4.70697443689e-7,4.90329625791e-7,1.028689951e-7,1.05018678198e-8,1.9895976533e-10,3.54254334201e-11,1.22547683112e-9,0.00000198237489712]},"barkbands_crest":{"dmean":3.6302895546,"dmean2":6.05973720551,"dvar":8.91620159149,"dvar2":25.0131568909,"max":26.2359256744,"mean":12.380771637,"median":12.1640720367,"min":2.48592758179,"var":20.8010997772},"barkbands_flatness_db":{"dmean":0.0310183726251,"dmean2":0.0505292750895,"dvar":0.000683906371705,"dvar2":0.00182181631681,"max":0.407525092363,"mean":0.151914983988,"median":0.143649429083,"min":0.0235554818064,"var":0.00261448277161},"barkbands_kurtosis":{"dmean":6.02530288696,"dmean2":9.83646583557,"dvar":143.221160889,"dvar2":340.467407227,"max":334.828338623,"mean":8.45690059662,"median":3.60789251328,"min":-1.74896037579,"var":241.563659668},"barkbands_skewness":{"dmean":0.844287693501,"dmean2":1.36265683174,"dvar":0.756484389305,"dvar2":1.83721363544,"max":15.8468732834,"mean":2.28696107864,"median":1.96806120872,"min":-2.02776384354,"var":2.34705805779},"barkbands_spread":{"dmean":9.73478603363,"dmean2":15.8940916061,"dvar":87.3240356445,"dvar2":226.331588745,"max":114.782440186,"mean":33.0716438293,"median":30.8896198273,"min":0.815912425518,"var":365.296112061},"dissonance":{"dmean":0.0124591300264,"dmean2":0.0213684737682,"dvar":0.00027050729841,"dvar2":0.000740778283216,"max":0.500000178814,"mean":0.481278210878,"median":0.487880825996,"min":0.183156192303,"var":0.000465787568828},"dynamic_complexity":2.67927765846,"erbbands":{"dmean":[0.705540537834,4.2071595192,7.03056764603,4.30277347565,4.85898399353,4.55389070511,5.30819225311,6.95007991791,5.12238168716,6.67969846725,7.15719366074,8.83299922943,9.87504196167,17.9406700134,25.0996837616,39.2832946777,51.3782157898,31.0131473541,36.4197654724,24.9415912628,14.7480335236,13.3476772308,14.0424976349,11.2036142349,8.90915966034,5.62526035309,4.48146390915,3.21271538734,2.00313472748,1.00245130062,0.417202323675,0.153292879462,0.0635326355696,0.0399145372212,0.0258529186249,0.016024986282,0.0176488161087,0.0268823038787,0.0172602627426,0.0112771391869],"dmean2":[1.18238914013,7.05108547211,11.8685035706,7.14823627472,8.15391635895,7.56198835373,8.64515590668,11.4923686981,8.45357513428,10.8987932205,11.8880081177,14.5120811462,16.1486549377,29.3045501709,40.9533081055,63.9806518555,84.8234100342,50.8590431213,60.2411499023,41.446849823,24.76720047,22.1429634094,22.7644996643,17.2317962646,13.4295864105,8.11079311371,6.41067743301,4.51409292221,2.80779933929,1.37234342098,0.576914310455,0.233030676842,0.105481207371,0.0670150890946,0.0432994738221,0.0265775825828,0.025228286162,0.0343847237527,0.0228888168931,0.0171716175973],"dvar":[1.45637881756,33.9536399841,107.904884338,38.1413345337,64.1406097412,147.668518066,241.826370239,327.468170166,161.549667358,373.876678467,654.006286621,725.480407715,573.013793945,1654.58618164,4358.60742188,7397.30810547,6013.11279297,2144.41162109,3087.40527344,1539.91577148,817.532409668,595.843200684,666.915466309,615.764587402,760.950866699,481.152893066,542.619934082,263.993011475,82.6057357788,15.237944603,2.4410405159,0.174505010247,0.0154495323077,0.00431337254122,0.00172352814116,0.000625209242571,0.00153156602755,0.00612282054499,0.00239853933454,0.000178192349267],"dvar2":[3.83587646484,91.117515564,286.6434021,99.7106323242,167.289794922,367.67175293,600.561584473,821.38104248,417.262268066,907.456542969,1775.33483887,1882.75769043,1452.39697266,4215.24121094,11158.2529297,18551.4628906,15556.7402344,5722.74755859,8198.0625,4015.6862793,2221.69360352,1559.78149414,1674.41845703,1341.20788574,1603.89648438,979.884521484,1086.12060547,550.173706055,172.160247803,26.1263942719,4.38151407242,0.334419816732,0.0363181419671,0.0111743221059,0.00444801989943,0.00157467508689,0.00273046968505,0.00999980513006,0.00433384720236,0.000429523555795],"max":[18.4950485229,106.681152344,187.637893677,122.665222168,198.468460083,528.313293457,607.095581055,860.097045898,395.021636963,557.693847656,1514.91467285,1467.04296875,765.098632812,1136.68054199,1938.84643555,3078.92944336,1908.45617676,1742.05578613,1161.7611084,820.281433105,611.71661377,434.774841309,567.440673828,694.551208496,1172.67260742,869.16003418,1004.61474609,730.40032959,391.68838501,156.151794434,69.8020172119,16.520778656,3.59395742416,1.13758075237,0.699111521244,0.387232512236,1.41382932663,3.43621468544,2.33929562569,0.393969833851],"mean":[0.858966708183,5.90375804901,10.2502202988,6.67662191391,7.08394908905,6.22098588943,7.33963871002,10.3414545059,7.65251207352,9.69492816925,10.8408536911,13.3701877594,15.2155332565,27.8122272491,42.8205375671,71.5356750488,93.364074707,60.9004325867,68.6597290039,44.2567024231,25.3163967133,24.3592262268,26.1069355011,21.0730571747,16.1491889954,10.3505067825,7.63819646835,5.53040838242,3.4449160099,1.75530922413,0.704481363297,0.227296873927,0.0677075311542,0.0412227064371,0.027332810685,0.0182993449271,0.0317026227713,0.058292850852,0.0512042269111,0.0491015054286],"median":[0.433995574713,3.57997989655,6.08122014999,4.16821813583,3.77858376503,3.02897953987,2.76890897751,3.5899772644,3.2260184288,3.59139919281,5.34136247635,6.85873508453,7.73075866699,12.6415777206,17.6924247742,35.843170166,62.389591217,45.3136825562,47.401802063,30.6340694427,15.2813587189,14.104309082,13.8614816666,7.76067209244,4.9993391037,3.20690059662,2.25186109543,1.66475713253,1.16153621674,0.596510827541,0.262445151806,0.100724831223,0.0282583516091,0.0179226640612,0.0123274922371,0.00898432545364,0.0166678074747,0.0268879681826,0.0304513517767,0.0432785861194],"min":[2.09438177959e-22,8.86360377061e-22,2.53948789944e-21,1.01454695716e-20,6.6724569348e-20,6.06726962667e-20,1.51307813025e-19,2.08383895676e-19,3.52015963755e-19,3.37450786583e-19,2.12284698499e-19,5.72471229228e-19,1.25122761915e-18,1.02048052079e-18,1.1103984655e-18,2.69036027458e-18,3.13392429753e-18,2.84948170029e-18,2.23144233189e-18,4.12872478941e-18,4.4397587618e-18,6.31969089918e-18,4.99201266288e-18,9.34388183024e-18,1.08888418019e-17,8.9061792091e-18,1.08882412688e-17,8.59275303038e-18,1.37988772589e-17,1.36404432203e-17,1.33965796224e-17,1.18104359824e-17,1.13323264155e-17,1.02105131677e-17,7.2422309607e-18,5.7695231476e-18,2.43918977671e-18,1.04176997841e-18,2.85416524862e-19,3.02263298807e-20],"var":[1.52181732655,51.2975387573,166.530731201,61.1549835205,116.679512024,174.32232666,316.913604736,613.515014648,256.190856934,681.66027832,835.72869873,920.48815918,769.017089844,2550.49731445,9783.1796875,18289.1757812,11870.0380859,3902.42724609,6396.60498047,2457.48779297,1063.00720215,970.755432129,1265.27026367,1483.59020996,1700.67077637,982.68951416,1000.67993164,490.574829102,166.404510498,39.6803283691,5.66793680191,0.333454310894,0.0184200499207,0.00443182885647,0.00181753246579,0.000734198838472,0.00391658581793,0.019737964496,0.00820526201278,0.00137680303305]},"erbbands_crest":{"dmean":2.54528236389,"dmean2":4.24917888641,"dvar":5.35622119904,"dvar2":13.9057941437,"max":33.6740684509,"mean":8.6945476532,"median":7.87464237213,"min":2.30614328384,"var":12.9329204559},"erbbands_flatness_db":{"dmean":0.0213344898075,"dmean2":0.0336808934808,"dvar":0.000333022500854,"dvar2":0.000842958921567,"max":0.371418058872,"mean":0.149802148342,"median":0.147284433246,"min":0.0376598648727,"var":0.00122688373085},"erbbands_kurtosis":{"dmean":1.25773048401,"dmean2":2.03416085243,"dvar":2.14158368111,"dvar2":5.40831518173,"max":47.8206596375,"mean":1.72297525406,"median":1.30957639217,"min":-1.75517904758,"var":5.70859003067},"erbbands_skewness":{"dmean":0.358696818352,"dmean2":0.567241847515,"dvar":0.102422609925,"dvar2":0.242395862937,"max":2.94327759743,"mean":-0.659822404385,"median":-0.721639811993,"min":-5.07763242722,"var":0.432705461979},"erbbands_spread":{"dmean":6.85997200012,"dmean2":10.9331884384,"dvar":44.6761283875,"dvar2":103.024559021,"max":95.4568786621,"mean":27.1267929077,"median":24.4848804474,"min":2.40989756584,"var":169.118515015},"gfcc":{"cov":[[6985.86914062,-530.381164551,-845.769287109,402.538024902,328.697692871,-333.710876465,266.114959717,-220.075210571,73.9430618286,41.5305519104,50.0956993103,140.630310059,-20.6807117462],[-530.381164551,745.710388184,189.132553101,-298.270812988,-19.3591938019,78.9717330933,-75.5740509033,7.07240962982,-4.51455688477,-22.9569339752,21.354675293,-61.2752113342,48.8792915344],[-845.769287109,189.132553101,460.54019165,-27.4132652283,-199.628860474,163.408004761,-124.366676331,103.864593506,-75.4630508423,19.6661071777,-39.1393852234,-41.1861381531,16.9313201904],[402.538024902,-298.270812988,-27.4132652283,322.606231689,51.3240699768,-83.2605361938,107.680625916,-4.36913490295,11.516163826,-2.37420749664,-25.0746440887,34.7828865051,-42.9031829834],[328.697692871,-19.3591938019,-199.628860474,51.3240699768,323.416748047,-21.4838619232,50.8866119385,-33.9991073608,55.2704544067,-22.1459732056,43.86353302,-3.44003176689,6.42517518997],[-333.710876465,78.9717330933,163.408004761,-83.2605361938,-21.4838619232,214.74168396,-66.9902191162,58.4721412659,-43.6711502075,11.4358472824,-8.26256370544,-25.6075057983,21.9364891052],[266.114959717,-75.5740509033,-124.366676331,107.680625916,50.8866119385,-66.9902191162,208.434356689,-46.9480361938,54.2737045288,-13.7892694473,-12.3815402985,35.670085907,-39.5857543945],[-220.075210571,7.07240962982,103.864593506,-4.36913490295,-33.9991073608,58.4721412659,-46.9480361938,158.58152771,-4.03621816635,21.8292942047,2.06617093086,-33.846446991,24.7594413757],[73.9430618286,-4.51455688477,-75.4630508423,11.516163826,55.2704544067,-43.6711502075,54.2737045288,-4.03621816635,110.591423035,23.7074375153,14.103313446,15.7598733902,-24.9239654541],[41.5305519104,-22.9569339752,19.6661071777,-2.37420749664,-22.1459732056,11.4358472824,-13.7892694473,21.8292942047,23.7074375153,62.5767555237,28.1359977722,3.38955283165,5.7338643074],[50.0956993103,21.354675293,-39.1393852234,-25.0746440887,43.86353302,-8.26256370544,-12.3815402985,2.06617093086,14.103313446,28.1359977722,66.1136550903,22.8867683411,19.767074585],[140.630310059,-61.2752113342,-41.1861381531,34.7828865051,-3.44003176689,-25.6075057983,35.670085907,-33.846446991,15.7598733902,3.38955283165,22.8867683411,73.4589614868,8.64056587219],[-20.6807117462,48.8792915344,16.9313201904,-42.9031829834,6.42517518997,21.9364891052,-39.5857543945,24.7594413757,-24.9239654541,5.7338643074,19.767074585,8.64056587219,67.3335494995]],"icov":[[0.000226763746468,-0.000245558534516,0.000717572926078,-0.00051863346016,0.000075569972978,-0.000153342291014,0.000197564178961,0.00000840204938868,0.000317359634209,-0.000690396467689,0.00044077844359,-0.000304084824165,-0.0000212987051782],[-0.000245558534516,0.00417660595849,-0.00437897257507,0.00452849734575,-0.00126190669835,0.00185979332309,-0.00227708788589,0.0012796575902,-0.00183494586963,0.00358681939542,-0.00305676064454,0.00304232886992,-0.00189321744256],[0.000717572926078,-0.00437897257507,0.0111684957519,-0.00755988480523,0.0050555979833,-0.00604786118492,0.00443108892068,-0.00155508227181,0.00116746185813,-0.00307887536474,0.00261387275532,-0.000904064741917,0.000481659604702],[-0.00051863346016,0.00452849734575,-0.00755988480523,0.0128853088245,-0.00642220675945,0.00679732253775,-0.00498005654663,-0.00217866734602,0.00380005617626,-0.00243235356174,0.0042278454639,-0.00456469738856,0.00389450020157],[0.000075569972978,-0.00126190669835,0.0050555979833,-0.00642220675945,0.0100715039298,-0.00575422635302,0.00143515004311,0.00274516502395,-0.00685404520482,0.00871545542032,-0.0099650034681,0.00848698616028,-0.00511906249449],[-0.000153342291014,0.00185979332309,-0.00604786118492,0.00679732253775,-0.00575422635302,0.0112428078428,-0.00199828855693,-0.00264233769849,0.00507912971079,-0.00490345340222,0.0051379147917,-0.00411486532539,0.00245513068512],[0.000197564178961,-0.00227708788589,0.00443108892068,-0.00498005654663,0.00143515004311,-0.00199828855693,0.0097902212292,0.0000650459478493,-0.00232731294818,-0.0000121121338452,0.00294236908667,-0.00348715949804,0.00239543966018],[0.00000840204938868,0.0012796575902,-0.00155508227181,-0.00217866734602,0.00274516502395,-0.00264233769849,0.0000650459478493,0.0114421481267,-0.00580290146172,0.00337535375729,-0.00592479528859,0.0094649894163,-0.00740448338911],[0.000317359634209,-0.00183494586963,0.00116746185813,0.00380005617626,-0.00685404520482,0.00507912971079,-0.00232731294818,-0.00580290146172,0.0219329558313,-0.0163384471089,0.0104306833819,-0.0119072329253,0.0112979346886],[-0.000690396467689,0.00358681939542,-0.00307887536474,-0.00243235356174,0.00871545542032,-0.00490345340222,-0.0000121121338452,0.00337535375729,-0.0163384471089,0.0391410663724,-0.0258076880127,0.0146514093503,-0.00775858247653],[0.00044077844359,-0.00305676064454,0.00261387275532,0.0042278454639,-0.0099650034681,0.0051379147917,0.00294236908667,-0.00592479528859,0.0104306833819,-0.0258076880127,0.0418373346329,-0.0213269982487,0.00408973824233],[-0.000304084824165,0.00304232886992,-0.000904064741917,-0.00456469738856,0.00848698616028,-0.00411486532539,-0.00348715949804,0.0094649894163,-0.0119072329253,0.0146514093503,-0.0213269982487,0.0335370823741,-0.0136807672679],[-0.0000212987051782,-0.00189321744256,0.000481659604702,0.00389450020157,-0.00511906249449,0.00245513068512,0.00239543966018,-0.00740448338911,0.0112979346886,-0.00775858247653,0.00408973824233,-0.0136807672679,0.0277968924493]],"mean":[14.1058511734,96.756942749,-95.5542144775,4.62638235092,12.5362644196,-2.84110283852,8.88187408447,-20.6071681976,0.911854088306,-6.83455085754,-1.26488220692,-4.1844291687,-10.0093345642]},"hfc":{"dmean":137.02355957,"dmean2":210.925918579,"dvar":41152.25,"dvar2":83723.9296875,"max":4548.48193359,"mean":387.220794678,"median":312.600708008,"min":1.1168555573e-16,"var":120257.953125},"melbands":{"dmean":[0.00585098844022,0.00425872253254,0.000734078173991,0.000331172574079,0.00018738876679,0.000151822532644,0.0000765573204262,0.0000695794005878,0.0000629712158116,0.000056817469158,0.0000516014806635,0.0000739849274396,0.0000852879529702,0.000108107611595,0.000119133641419,0.000111680106784,0.0000572668577661,0.0000674088078085,0.0000415190697822,0.000027772217436,0.0000175046097866,0.0000137320921567,0.0000172580912476,0.0000114744289021,0.00000961082332651,0.00000803925468063,0.00000550762797502,0.00000350869390786,0.00000296311327475,0.0000024612679681,0.00000179795415534,0.00000127293242258,8.36363255985e-7,4.8820243137e-7,2.6924161034e-7,1.48881738937e-7,7.31355811467e-8,4.59677131914e-8,3.66821879538e-8,3.26001377005e-8],"dmean2":[0.00980813521892,0.00712154898793,0.00121805036906,0.000549752963707,0.00030427207821,0.000249714124948,0.000126207538415,0.000113745023555,0.000105238876131,0.0000932364564505,0.0000845165268402,0.000121446937555,0.000140327581903,0.000177794572664,0.000197715606191,0.000185218028491,0.0000948695887928,0.000112141256977,0.000068929126428,0.0000467222525913,0.0000296724501823,0.0000228719327424,0.0000289449544653,0.0000185337121366,0.0000150560208567,0.0000124774978758,0.00000834622824186,0.00000522055461261,0.00000436954451288,0.00000355618908543,0.00000259533294411,0.00000184536463621,0.00000118641605695,6.81567087213e-7,3.80932050348e-7,2.18152820253e-7,1.16609847112e-7,7.65671401837e-8,6.17489419596e-8,5.47635750081e-8],"dvar":[0.0000787922617747,0.0000365772830264,0.00000101408500086,3.67446659766e-7,3.3730535165e-7,1.47215942548e-7,3.46719204458e-8,3.93809713728e-8,5.74610972137e-8,2.96650579656e-8,1.57921427046e-8,2.87063528503e-8,5.564904626e-8,1.09291242723e-7,3.93138179788e-8,2.81067862318e-8,7.80930786703e-9,1.08634248264e-8,4.42959136038e-9,2.21464580008e-9,1.2588036169e-9,6.87430001811e-10,9.02979080397e-10,5.63474600312e-10,4.63159288699e-10,4.98856234099e-10,4.95160634717e-10,1.79855672022e-10,2.1998937394e-10,1.68303482262e-10,8.30083640713e-11,3.3441666103e-11,1.25422337446e-11,3.69662416996e-12,1.11282532668e-12,2.02368964685e-13,4.11740953832e-14,1.00010848737e-14,3.76241108445e-15,2.86976456596e-15],"dvar2":[0.000209568694117,0.0000962425401667,0.00000268002622761,9.16508440696e-7,8.34130105432e-7,3.70620085732e-7,8.98570178265e-8,9.66027400295e-8,1.59304633485e-7,7.53185886992e-8,4.01480946266e-8,7.32764036115e-8,1.46776528709e-7,2.80717188161e-7,1.0565243258e-7,7.37652996463e-8,2.10539887746e-8,2.90547461645e-8,1.16203926481e-8,5.92202109573e-9,3.4540441618e-9,1.82270076809e-9,2.39390840484e-9,1.38430789054e-9,1.04492381414e-9,1.11909703726e-9,1.14031339926e-9,3.69912156462e-10,4.50777581928e-10,3.37342737078e-10,1.86013426884e-10,7.32512731028e-11,2.48618365478e-11,6.66474037417e-12,2.05806010255e-12,4.08640054303e-13,8.34718782267e-14,2.33251850316e-14,9.71776759946e-15,7.43282168534e-15],"max":[0.141831323504,0.116753004491,0.0179348941892,0.0166446790099,0.0225416440517,0.0174464546144,0.00607142411172,0.00542179355398,0.0160489100963,0.00774301541969,0.00388087471947,0.00514208059758,0.00635650241747,0.0121220657602,0.00448086671531,0.0034503925126,0.00347013492137,0.0025841621682,0.00171372015029,0.000866833666805,0.000764656520914,0.000440796720795,0.000689790176693,0.000566885282751,0.000622812833171,0.000864327128511,0.00101464893669,0.000590651470702,0.000591688789427,0.000704367354047,0.000430413143476,0.00024064113677,0.000133800363983,0.0000863242239575,0.0000486675271532,0.0000150466494233,0.0000104067739812,0.00000325534415424,0.00000105869332856,9.24388757539e-7],"mean":[0.00785718020052,0.00653682090342,0.00121334102005,0.000488013698487,0.000260080298176,0.000231779631577,0.000116351402539,0.000100955265225,0.0000921184255276,0.0000835581886349,0.0000762502313592,0.000109851862362,0.000130042622914,0.000179781258339,0.000204231517273,0.000190300444956,0.000102081343357,0.000117876654258,0.0000729767270968,0.0000431685330113,0.0000273243022093,0.0000233229802689,0.0000287121911242,0.0000199948572117,0.0000168168062373,0.0000135590298669,0.00000932277635002,0.00000613868087385,0.00000481602000946,0.00000404338516091,0.00000291241190098,0.00000206582149076,0.00000140114536862,8.00867155704e-7,4.36913978774e-7,2.35026831774e-7,9.29620895818e-8,4.59012312604e-8,3.7097709793e-8,3.34748335717e-8],"median":[0.00457585137337,0.00410553300753,0.000798409571871,0.000260530563537,0.000104149206891,0.0000811408681329,0.0000492535473313,0.0000376852767658,0.0000459834373032,0.0000415233698732,0.0000374652772734,0.0000491687023896,0.0000486897843075,0.0000733932101866,0.000121612392832,0.000127047736896,0.0000718270093785,0.0000777449167799,0.0000489670746902,0.0000277067338175,0.0000147897417264,0.0000126666755023,0.0000165367655427,0.00000866902610142,0.00000594696484768,0.00000401577244702,0.00000270073496722,0.0000019132437501,0.00000143357476645,0.00000109900656753,8.9351533461e-7,6.84050576183e-7,4.66810945454e-7,2.65327400939e-7,1.5533267117e-7,9.87754518178e-8,4.07583051754e-8,1.70055223236e-8,1.54888937232e-8,1.45000811358e-8],"min":[2.80742363026e-24,1.19610423387e-24,3.72004004822e-24,3.71148366841e-24,5.40647556887e-24,5.32933009994e-24,5.97932624229e-24,2.8771461153e-24,1.53516414511e-24,4.10873982079e-24,6.2734025437e-24,3.61357774703e-24,3.36740107979e-24,6.64609869508e-24,6.41276073907e-24,4.40630564841e-24,5.54843266649e-24,3.55838746038e-24,4.30403535408e-24,4.32908365997e-24,4.8928328507e-24,5.60938084889e-24,5.38709167871e-24,3.79466826201e-24,7.76338369439e-24,7.45543211852e-24,6.91460801456e-24,5.03440103989e-24,5.83403265748e-24,6.9075003778e-24,4.02201521388e-24,6.48621078909e-24,6.93211678235e-24,5.89013723392e-24,7.89972883553e-24,4.81972753289e-24,7.50836074095e-24,8.59840795093e-24,7.06945667709e-24,8.39151024587e-24],"var":[0.000093553957413,0.0000599546656304,0.00000174235276518,6.30328202078e-7,3.99740514467e-7,2.88728841724e-7,5.76086804926e-8,7.05888254515e-8,6.09349797287e-8,3.89856467109e-8,2.06563370853e-8,4.1909586912e-8,9.86254136137e-8,2.23943160904e-7,7.78937661039e-8,4.91403717717e-8,1.27230421754e-8,2.07837320687e-8,7.50975814867e-9,2.82124368312e-9,1.52142753951e-9,1.0075386081e-9,1.41525036135e-9,1.01424557641e-9,1.02818076275e-9,1.04712394311e-9,8.51481329889e-10,3.49147516454e-10,3.88482301883e-10,3.16307174897e-10,1.34126709739e-10,6.14102518837e-11,2.75822437806e-11,8.81740947617e-12,2.47840701954e-12,3.87993185757e-13,6.43139513e-14,1.12192173547e-14,3.82325388457e-15,2.93937902752e-15]},"melbands_crest":{"dmean":4.34284448624,"dmean2":7.23558521271,"dvar":14.2700567245,"dvar2":38.4615936279,"max":38.007194519,"mean":18.7116889954,"median":18.6213607788,"min":1.50793981552,"var":29.4387207031},"melbands_flatness_db":{"dmean":0.0406329408288,"dmean2":0.0660517811775,"dvar":0.0010943338275,"dvar2":0.00292812637053,"max":0.571660995483,"mean":0.270957618952,"median":0.264819055796,"min":0.0013389158994,"var":0.00457375217229},"melbands_kurtosis":{"dmean":11.5761346817,"dmean2":18.831943512,"dvar":358.698364258,"dvar2":821.091552734,"max":336.690246582,"mean":17.1117572784,"median":8.85619068146,"min":-1.83900547028,"var":691.303894043},"melbands_skewness":{"dmean":1.1604475975,"dmean2":1.88033306599,"dvar":1.18398046494,"dvar2":2.9780330658,"max":16.1504802704,"mean":3.31650042534,"median":2.9721262455,"min":-1.09156823158,"var":3.8298022747},"melbands_spread":{"dmean":8.4041261673,"dmean2":13.9588356018,"dvar":87.8100814819,"dvar2":221.030502319,"max":156.073669434,"mean":20.0084552765,"median":16.5110988617,"min":0.521196722984,"var":239.114837646},"mfcc":{"cov":[[5875.2421875,-512.542297363,-1089.35473633,698.660827637,-213.879852295,255.319656372,-109.690986633,87.360824585,-131.014678955,0.0845457836986,-0.0465023368597,-7.59514665604,75.5970153809],[-512.542297363,936.918640137,132.464736938,-314.102203369,94.1799545288,-31.9648113251,10.0131673813,-51.8038597107,8.36814880371,-21.9068260193,-2.21007299423,1.71318304539,-15.0843582153],[-1089.35473633,132.464736938,733.48046875,-222.876266479,-5.7181634903,-98.3122329712,36.4716491699,-48.5341072083,45.0676422119,-8.84411525726,-20.6917953491,-13.7612047195,-25.9076004028],[698.660827637,-314.102203369,-222.876266479,442.35333252,-99.4197387695,60.5474891663,-24.4591846466,71.5198745728,-17.1146564484,32.5577583313,1.58908903599,-4.21729946136,17.253786087],[-213.879852295,94.1799545288,-5.7181634903,-99.4197387695,278.044372559,-29.6011161804,49.1053085327,-25.573425293,25.5519065857,-14.236328125,26.1713199615,18.6209697723,-12.2728786469],[255.319656372,-31.9648113251,-98.3122329712,60.5474891663,-29.6011161804,173.837341309,0.813060760498,40.4154777527,-24.4838008881,2.56650543213,-1.45288455486,-1.51558625698,1.26684451103],[-109.690986633,10.0131673813,36.4716491699,-24.4591846466,49.1053085327,0.813060760498,109.252342224,11.1308479309,22.365152359,-4.35679721832,-8.77216625214,-7.07245111465,1.75437188148],[87.360824585,-51.8038597107,-48.5341072083,71.5198745728,-25.573425293,40.4154777527,11.1308479309,91.6033782959,21.8268680573,14.9365653992,-0.303344935179,5.30564975739,2.90112137794],[-131.014678955,8.36814880371,45.0676422119,-17.1146564484,25.5519065857,-24.4838008881,22.365152359,21.8268680573,68.7344512939,28.3183135986,11.2649784088,0.775508224964,-2.10553145409],[0.0845457836986,-21.9068260193,-8.84411525726,32.5577583313,-14.236328125,2.56650543213,-4.35679721832,14.9365653992,28.3183135986,65.1405792236,29.5303039551,7.64775848389,-3.2223803997],[-0.0465023368597,-2.21007299423,-20.6917953491,1.58908903599,26.1713199615,-1.45288455486,-8.77216625214,-0.303344935179,11.2649784088,29.5303039551,64.604385376,29.7873706818,1.39203238487],[-7.59514665604,1.71318304539,-13.7612047195,-4.21729946136,18.6209697723,-1.51558625698,-7.07245111465,5.30564975739,0.775508224964,7.64775848389,29.7873706818,50.8430671692,20.1747989655],[75.5970153809,-15.0843582153,-25.9076004028,17.253786087,-12.2728786469,1.26684451103,1.75437188148,2.90112137794,-2.10553145409,-3.2223803997,1.39203238487,20.1747989655,46.9669113159]],"icov":[[0.000269308307907,0.0000162722899404,0.000306018919218,-0.000237559142988,0.000103019629023,-0.000150333493366,0.0000596335848968,0.000152186636114,0.000032590716728,0.000154371111421,-0.0000746848454583,0.00015433205408,-0.00020485407731],[0.0000162722899404,0.00141346629243,0.0000468695579912,0.000999093637802,-0.000186637538718,-0.000100267010566,0.000170798608451,0.00000110795429009,0.0000960396355367,-0.000167541802512,0.000162498894497,0.000071295464295,-0.00000854717200127],[0.000306018919218,0.0000468695579912,0.00222652847879,0.000516628671903,0.000812214275356,0.000393583439291,-0.000512732483912,0.000861371401697,-0.00123462930787,0.000371156231267,0.000562151893973,-0.000475263077533,0.000886060588527],[-0.000237559142988,0.000999093637802,0.000516628671903,0.00432399660349,0.000434127025073,0.000208368641324,0.000214835745282,-0.00238622864708,0.00152884225827,-0.00198234478012,0.0000660946243443,0.00115632743109,-0.000919177371543],[0.000103019629023,-0.000186637538718,0.000812214275356,0.000434127025073,0.00538957258686,0.000130517510115,-0.00234637083486,0.00184692128096,-0.00276624108665,0.00297136884183,-0.00204180274159,-0.00246844277717,0.0026418697089],[-0.000150333493366,-0.000100267010566,0.000393583439291,0.000208368641324,0.000130517510115,0.00770380394533,-0.000861624139361,-0.00402409723029,0.00437310058624,-0.00125952449162,-0.000525689276401,0.000947749358602,0.000175494191353],[0.0000596335848968,0.000170798608451,-0.000512732483912,0.000214835745282,-0.00234637083486,-0.000861624139361,0.0115713886917,-0.00159399909899,-0.00283953850158,0.000740127870813,0.00130327476654,0.00269099720754,-0.00259761046618],[0.000152186636114,0.00000110795429009,0.000861371401697,-0.00238622864708,0.00184692128096,-0.00402409723029,-0.00159399909899,0.0177832059562,-0.00886603724211,0.000971561181359,0.00301243527792,-0.00564968260005,0.00266614067368],[0.000032590716728,0.0000960396355367,-0.00123462930787,0.00152884225827,-0.00276624108665,0.00437310058624,-0.00283953850158,-0.00886603724211,0.0269990824163,-0.0118004828691,-0.00101686944254,0.00461919279769,-0.00300467666239],[0.000154371111421,-0.000167541802512,0.000371156231267,-0.00198234478012,0.00297136884183,-0.00125952449162,0.000740127870813,0.000971561181359,-0.0118004828691,0.0274059493095,-0.0118388570845,0.000749391212594,0.00273372512311],[-0.0000746848454583,0.000162498894497,0.000562151893973,0.0000660946243443,-0.00204180274159,-0.000525689276401,0.00130327476654,0.00301243527792,-0.00101686944254,-0.0118388570845,0.0300755724311,-0.0172050371766,0.00534533150494],[0.00015433205408,0.000071295464295,-0.000475263077533,0.00115632743109,-0.00246844277717,0.000947749358602,0.00269099720754,-0.00564968260005,0.00461919279769,0.000749391212594,-0.0172050371766,0.0381819419563,-0.0169673506171],[-0.00020485407731,-0.00000854717200127,0.000886060588527,-0.000919177371543,0.0026418697089,0.000175494191353,-0.00259761046618,0.00266614067368,-0.00300467666239,0.00273372512311,0.00534533150494,-0.0169673506171,0.0302457716316]],"mean":[-651.384460449,161.631530762,-32.3763923645,33.3137435913,12.9873838425,34.8004417419,11.3442163467,12.5403776169,0.774614572525,5.96551990509,8.70154476166,3.30122995377,1.10149765015]},"pitch_salience":{"dmean":0.0933934375644,"dmean2":0.154269337654,"dvar":0.00595741532743,"dvar2":0.0165453534573,"max":0.915696084499,"mean":0.479044049978,"median":0.488545686007,"min":0.0651400387287,"var":0.014334961772},"silence_rate_20dB":{"dmean":0.0011997600086,"dmean2":0.00239966413938,"dvar":0.00119832064956,"dvar2":0.00311380485073,"max":1,"mean":0.999100208282,"median":1,"min":0,"var":0.000898956495803},"silence_rate_30dB":{"dmean":0.129214152694,"dmean2":0.258443832397,"dvar":0.112517856061,"dvar2":0.231844976544,"max":1,"mean":0.784236073494,"median":1,"min":0,"var":0.169209837914},"silence_rate_60dB":{"dmean":0.00107978400774,"dmean2":0.00215969770215,"dvar":0.00107861810829,"dvar2":0.00239499984309,"max":1,"mean":0.0155359609053,"median":0,"min":0,"var":0.0152945946902},"spectral_centroid":{"dmean":230.796890259,"dmean2":352.964477539,"dvar":62461.0507812,"dvar2":122987.171875,"max":11489.7880859,"mean":1305.25805664,"median":1254.93530273,"min":152.780059814,"var":418699.3125},"spectral_complexity":{"dmean":4.10041999817,"dmean2":6.0083990097,"dvar":15.5987939835,"dvar2":29.4285697937,"max":62,"mean":25.6061420441,"median":25,"min":0,"var":128.780273438},"spectral_contrast_coeffs":{"dmean":[0.054256606847,0.0463077314198,0.0374690257013,0.0298015642911,0.0232946127653,0.0461915694177],"dmean2":[0.0914841890335,0.0781876891851,0.0630325973034,0.0503288730979,0.0385918952525,0.0714701861143],"dvar":[0.00179416534957,0.00133388990071,0.000885402841959,0.00055725814309,0.000404283637181,0.00169871735852],"dvar2":[0.00501493830234,0.00370457908139,0.00245058513246,0.00153847003821,0.00106140831485,0.00396776990965],"max":[-0.391305148602,-0.436174839735,-0.526678740978,-0.574256837368,-0.653920173645,-0.37029710412],"mean":[-0.69430911541,-0.79431450367,-0.80610704422,-0.794169902802,-0.803198099136,-0.733231186867],"median":[-0.696144521236,-0.803362429142,-0.813264489174,-0.796257317066,-0.797595202923,-0.737635552883],"min":[-0.969128370285,-0.983332157135,-0.966869950294,-0.97383671999,-0.968634366989,-0.962176501751],"var":[0.0043009868823,0.00377076910809,0.00252246297896,0.00155191752128,0.00181573047303,0.00722110643983]},"spectral_contrast_valleys":{"dmean":[0.392765581608,0.374693065882,0.306055933237,0.278349161148,0.295489281416,0.63754928112],"dmean2":[0.654051303864,0.619148313999,0.493709772825,0.437175124884,0.440653026104,1.03880667686],"dvar":[0.102650672197,0.0922206938267,0.0701697394252,0.0756346732378,0.116655066609,0.298101514578],"dvar2":[0.263109505177,0.232966169715,0.159792602062,0.157370120287,0.255658775568,0.765155732632],"max":[-4.8771905899,-4.43171072006,-4.91744661331,-4.94659471512,-5.07237672806,-8.74872684479],"mean":[-6.51787662506,-6.71215391159,-6.83260631561,-6.82763433456,-7.44501829147,-10.9877700806],"median":[-6.42685031891,-6.64508295059,-6.7230014801,-6.58628559113,-7.29466915131,-10.9007434845],"min":[-28.2130393982,-27.6817131042,-27.5642929077,-27.4906482697,-27.422580719,-27.3011455536],"var":[0.812741279602,0.787188351154,0.834387421608,1.11292517185,1.20761871338,0.925925433636]},"spectral_decrease":{"dmean":7.41629957446e-9,"dmean2":1.20507355206e-8,"dvar":9.11787226408e-17,"dvar2":2.36206254649e-16,"max":4.03317557129e-8,"mean":-9.98258542495e-9,"median":-6.87595225202e-9,"min":-1.34234213078e-7,"var":1.3913193785e-16},"spectral_energy":{"dmean":0.02826526016,"dmean2":0.0457300916314,"dvar":0.00129459518939,"dvar2":0.00330315879546,"max":0.568429291248,"mean":0.0727986618876,"median":0.0607552155852,"min":1.00901429824e-20,"var":0.00276873377152},"spectral_energyband_high":{"dmean":0.000377835531253,"dmean2":0.000507708173245,"dvar":0.0000011805560689,"dvar2":0.00000209071049539,"max":0.04445021227,"mean":0.00106954132207,"median":0.000672902504448,"min":7.34411014385e-21,"var":0.00000349926381205},"spectral_energyband_low":{"dmean":0.0249176286161,"dmean2":0.0414930656552,"dvar":0.00114204070996,"dvar2":0.00301665556617,"max":0.516004621983,"mean":0.0393588133156,"median":0.0265814326704,"min":1.33389941968e-23,"var":0.00167118548416},"spectral_energyband_middle_high":{"dmean":0.0032363764476,"dmean2":0.00503968261182,"dvar":0.0000237249460042,"dvar2":0.0000566769958823,"max":0.146189644933,"mean":0.00930385384709,"median":0.00709757534787,"min":1.25160746953e-21,"var":0.0000869821597007},"spectral_energyband_middle_low":{"dmean":0.00316163897514,"dmean2":0.00508667109534,"dvar":0.000023093100026,"dvar2":0.000056770608353,"max":0.129642352462,"mean":0.00683805253357,"median":0.00470288237557,"min":2.28850694306e-22,"var":0.0000495495114592},"spectral_entropy":{"dmean":0.140807002783,"dmean2":0.218909621239,"dvar":0.0238690953702,"dvar2":0.0597659088671,"max":9.81348419189,"mean":7.5607881546,"median":7.6421546936,"min":5.31777095795,"var":0.122632332146},"spectral_flux":{"dmean":0.0373193100095,"dmean2":0.0608506724238,"dvar":0.00168418255635,"dvar2":0.00402588443831,"max":0.569014668465,"mean":0.144863322377,"median":0.137679576874,"min":6.5545534278e-11,"var":0.00458045769483},"spectral_kurtosis":{"dmean":5.34982395172,"dmean2":8.36005020142,"dvar":54.2504692078,"dvar2":142.930664062,"max":142.45362854,"mean":22.0556812286,"median":19.9936733246,"min":-1.23732352257,"var":108.721496582},"spectral_rms":{"dmean":0.00149954634253,"dmean2":0.00239130645059,"dvar":0.00000240057920564,"dvar2":0.00000600588873567,"max":0.0235492065549,"mean":0.00789623148739,"median":0.00769892055541,"min":3.13752149261e-12,"var":0.00000867261223902},"spectral_rolloff":{"dmean":4812.98583984,"dmean2":9299.11328125,"dvar":62980700,"dvar2":153464560,"max":22028.4667969,"mean":15460.5585938,"median":21124.0722656,"min":21.533203125,"var":84771984},"spectral_skewness":{"dmean":0.389781564474,"dmean2":0.590448915958,"dvar":0.221379891038,"dvar2":0.557330369949,"max":9.09605121613,"mean":3.14462518692,"median":3.01192212105,"min":-0.0503784641623,"var":0.73081856966},"spectral_spread":{"dmean":471341.5,"dmean2":745378.875,"dvar":258327527424,"dvar2":608127942656,"max":41711248,"mean":3710918.5,"median":3615866.25,"min":1092246.125,"var":1323703468030},"spectral_strongpeak":{"dmean":14.1474218369,"dmean2":25.7464313507,"dvar":1333.69238281,"dvar2":3341.16918945,"max":449.855010986,"mean":12.449672699,"median":0.383716017008,"min":0,"var":1463.59741211},"zerocrossingrate":{"dmean":0.0522747412324,"dmean2":0.0665041729808,"dvar":0.00207098247483,"dvar2":0.00322061032057,"max":0.90771484375,"mean":0.311407655478,"median":0.3056640625,"min":0.0029296875,"var":0.0137928491458}},"metadata":{"audio_properties":{"analysis_sample_rate":44100,"bit_rate":160000,"codec":"mp3","downmix":"mix","equal_loudness":0,"length":387.056335449,"lossless":false,"md5_encoded":"36894b9d3c43659f4650535a0f7ac6be","replay_gain":1.88772773743,"sample_rate":44100},"tags":{"acoustid_id":["74f4d58e-b763-4494-ab6b-aa1cd1763ca4"],"album":["Master of Puppets"],"albumartist":["Metallica"],"artist":["Metallica"],"date":["1986"],"discnumber":["1/1"],"file_name":"04 - Metallica - Welcome Home (Sanitarium).mp3","musicbrainz_albumartistid":["65f4f0c5-ef9e-490c-aee3-909e7ae6b2ab"],"musicbrainz_albumid":["fed37cfc-2a6d-4569-9ac0-501a7c7598eb"],"musicbrainz_artistid":["65f4f0c5-ef9e-490c-aee3-909e7ae6b2ab"],"musicbrainz_recordingid":["a20860e9-7636-422b-a9cd-2da671b242a8"],"musicbrainz_releasegroupid":["3d00fb45-f8ab-3436-a8e1-b4bfc4d66913"],"replaygain_album_gain":["+0.28 dB"],"replaygain_album_peak":["0.605101"],"replaygain_track_gain":["+0.42 dB"],"replaygain_track_peak":["0.589761"],"title":["Welcome Home (Sanitarium)"],"tracknumber":["4/8"]},"version":{"essentia":"2.1-beta1","essentia_build_sha":"e76a03f03bb3900de42a1fa0d9be1e72f12def64","essentia_git_sha":"v2.1_beta1-28-g21ef5f4-dirty","extractor":"music 1.0"}},"rhythm":{"beats_count":657,"beats_loudness":{"dmean":0.0425842739642,"dmean2":0.0743723958731,"dvar":0.00176595686935,"dvar2":0.00521463155746,"max":0.394517362118,"mean":0.0869167298079,"median":0.0783889740705,"min":1.36877801538e-7,"var":0.00269229803234},"beats_loudness_band_ratio":{"dmean":[0.187012672424,0.0422495417297,0.0266492199153,0.0644907802343,0.0373319834471,0.110798321664],"dmean2":[0.320914119482,0.0752915292978,0.0479949377477,0.10960675776,0.065140530467,0.191199749708],"dvar":[0.0197912156582,0.00311453593895,0.00207627983764,0.00605712318793,0.00107035588007,0.010298518464],"dvar2":[0.0567838661373,0.00903723854572,0.00598405534402,0.0173787772655,0.00308743794449,0.0289042927325],"