{"lowlevel":{"average_loudness":0.897781312466,"barkbands":{"dmean":[0.000130634769448,0.00515800900757,0.00197983556427,0.000645139720291,0.000456605223008,0.000473211257486,0.000374625029508,0.000197471235879,0.000499040121213,0.000347294466337,0.000475131178973,0.000716058420949,0.000565677997656,0.000535363215022,0.00060675671557,0.000616931763943,0.000702344928868,0.000352290488081,0.000264696107479,0.000223252121941,0.000185925702681,0.000154480047058,0.000102590674942,0.0000605138593528,0.000049763944844,0.0000494774758408,0.0000268838066404],"dmean2":[0.000172307089088,0.00932747405022,0.00342666497454,0.00111572095193,0.000783237512223,0.000795705767814,0.000644985819235,0.000331652758177,0.000811196223367,0.000555353064556,0.000770447775722,0.00113038707059,0.000913400144782,0.000903840584215,0.000979392440058,0.000974998925813,0.00112596445251,0.000562972389162,0.000415480404627,0.000346980785253,0.000282846391201,0.00023906538263,0.000156654932653,0.0000897768113646,0.0000706549108145,0.0000743900163798,0.0000405114296882],"dvar":[7.01457807395e-8,0.000161956326338,0.0000172651034518,0.00000146298464188,0.00000110985968149,0.00000105674519091,0.00000193766845769,2.98053748793e-7,9.7315489711e-7,8.41978931021e-7,0.00000279809319181,0.00000442526925326,0.0000033418118619,0.00000338360632668,0.0000018376611024,0.0000012191260339,0.00000100271734027,2.80777953776e-7,1.76570992494e-7,1.56825151976e-7,1.10206293868e-7,8.43278726848e-8,4.1697209241e-8,9.00571350826e-9,6.14443607105e-9,7.27303506309e-9,2.23825447065e-9],"dvar2":[1.38880579925e-7,0.000447800644906,0.000045788121497,0.00000394463586417,0.00000319496621159,0.00000271245289696,0.00000531367459189,7.97632878857e-7,0.00000238091797655,0.00000174919807705,0.00000675297587804,0.00000945428928389,0.00000819569959276,0.00000939089750318,0.00000463918831883,0.00000300000169773,0.00000242862552113,7.00890609551e-7,3.96741427267e-7,3.33315085754e-7,2.25335298865e-7,1.82219991984e-7,1.0053872046e-7,1.94242897322e-8,1.20144711957e-8,1.56294071019e-8,4.84929918443e-9],"max":[0.00230823084712,0.0744264423847,0.0611154437065,0.0173661671579,0.0249982904643,0.0129371732473,0.0299821551889,0.0116121368483,0.0174984131008,0.01903950423,0.0519509911537,0.0520355962217,0.0440226271749,0.0484761558473,0.0273224432021,0.017806969583,0.0144601454958,0.00891435798258,0.00480451248586,0.00456729205325,0.00358328502625,0.00335036381148,0.00430282996967,0.0013747822959,0.00231511192396,0.00164382345974,0.000720284762792],"mean":[0.000145739497384,0.00384992547333,0.00200613215566,0.000641339633148,0.000574847217649,0.000509752484504,0.000354812858859,0.0002355966717,0.000639476522338,0.000476661109133,0.00056480494095,0.00100083672442,0.000761238567065,0.000774410786107,0.00103348621633,0.00109513662755,0.00135215884075,0.000676966970786,0.000471930659842,0.000383477046853,0.000325884175254,0.000251948251389,0.000183202311746,0.000132877859869,0.000114177368232,0.0000926076318137,0.0000430877807958],"median":[0.00000750492927182,0.000533584039658,0.000768272322603,0.00026542210253,0.000318559876177,0.000175744353328,0.0000761506817071,0.0000848414783832,0.000274290563539,0.000205614356673,0.000155837129569,0.000315772485919,0.000197115950868,0.000249697710387,0.000379224540666,0.000534467573743,0.000890982686542,0.000446873833425,0.00028772096266,0.000226633273996,0.000189774567843,0.000112037938379,0.0000877709680935,0.0000810630444903,0.0000705743223079,0.0000489179728902,0.000021431256755],"min":[2.73448811477e-24,1.57276224193e-24,2.53356090347e-24,4.60560612991e-25,1.62347763621e-23,1.33643860516e-23,1.78211645985e-23,1.50497447771e-23,2.42703139134e-23,2.29862581967e-23,1.18611934529e-23,2.96332033395e-23,4.5644082044e-23,3.83752052744e-23,5.51612250153e-23,6.72512820052e-23,6.17284289424e-23,1.17094057285e-22,1.57551527183e-22,2.08932915704e-22,2.32953225397e-22,4.15305580185e-22,5.18165696353e-22,6.03124930373e-22,9.64433322384e-22,1.49672222903e-21,2.10896583611e-21],"var":[1.05709453635e-7,0.000108777137939,0.0000155755078595,0.00000126338136397,9.41631128626e-7,0.00000104200785245,0.00000140797271797,2.91846617984e-7,0.00000123090228499,0.00000138716006859,0.00000312288057103,0.00000718633373253,0.00000447142474513,0.00000336515654453,0.00000338000222655,0.00000251909091276,0.00000234324306803,5.59307579806e-7,3.18581953707e-7,2.44264271032e-7,1.73697415562e-7,1.29392205395e-7,7.33300282718e-8,2.21858265093e-8,1.77192500672e-8,1.40649252245e-8,3.7230314387e-9]},"barkbands_crest":{"dmean":3.26615262032,"dmean2":5.4773440361,"dvar":11.7576198578,"dvar2":31.7967472076,"max":24.5006542206,"mean":7.89359378815,"median":6.62003469467,"min":1.83361160755,"var":19.4439811707},"barkbands_flatness_db":{"dmean":0.0250832885504,"dmean2":0.0406403131783,"dvar":0.000755783170462,"dvar2":0.00201698881574,"max":0.317058384418,"mean":0.0799885243177,"median":0.0715909078717,"min":0.0150804007426,"var":0.00183082569856},"barkbands_kurtosis":{"dmean":2.78033351898,"dmean2":4.81638288498,"dvar":54.2789649963,"dvar2":135.21522522,"max":153.007507324,"mean":1.57106566429,"median":-0.543359994888,"min":-1.90682268143,"var":69.9493026733},"barkbands_skewness":{"dmean":0.735247671604,"dmean2":1.1932631731,"dvar":0.804467141628,"dvar2":2.00839877129,"max":10.7146272659,"mean":0.321660757065,"median":0.0274087153375,"min":-3.01445913315,"var":1.9662553072},"barkbands_spread":{"dmean":10.8392314911,"dmean2":17.3307151794,"dvar":132.932312012,"dvar2":318.601074219,"max":154.435516357,"mean":38.1126060486,"median":35.7770233154,"min":1.22496080399,"var":400.443511963},"dissonance":{"dmean":0.00728342821822,"dmean2":0.0127088455483,"dvar":0.000124887214042,"dvar2":0.00035926210694,"max":0.500000178814,"mean":0.490766316652,"median":0.494498640299,"min":0.316873192787,"var":0.000138655756018},"dynamic_complexity":4.23369121552,"erbbands":{"dmean":[0.100178480148,1.29718148708,2.72256445885,1.9444988966,1.81093287468,1.55208337307,2.21117067337,4.216984272,5.92864084244,4.00618124008,5.61111927032,11.5235280991,10.1271848679,12.3603725433,21.8943061829,28.2911090851,24.0382823944,24.7711753845,31.7388916016,26.0568943024,36.5987358093,35.2599830627,20.2346000671,14.0924320221,12.3284130096,10.4147825241,8.20887851715,6.94149637222,5.58784532547,4.59626960754,2.60739636421,1.6432338953,0.873416185379,0.550361931324,0.378667980433,0.209746971726,0.0915579050779,0.0267773829401,0.00459916237742,0.000272660021437],"dmean2":[0.178181126714,2.35596060753,4.73269987106,3.36970591545,3.16986131668,2.63880944252,3.73025774956,7.06938362122,10.1972389221,6.95378255844,9.25030040741,18.8458404541,16.0277938843,19.4167575836,34.7050323486,44.6811141968,37.9951210022,41.3621139526,51.1166038513,41.1704940796,57.1979942322,56.0348510742,32.3307762146,22.2465858459,19.3176841736,16.170217514,12.5733547211,10.622595787,8.6282043457,7.14680576324,4.01975870132,2.53057217598,1.26543402672,0.791111171246,0.552886903286,0.316326797009,0.139057293534,0.0405249036849,0.00694755744189,0.000412591994973],"dvar":[0.0651387497783,10.0309743881,35.5651016235,11.6348590851,12.5019626617,15.8309011459,20.1174163818,94.2245254517,353.438690186,414.472106934,151.366485596,534.101074219,654.114929199,1583.14074707,4724.02148438,7555.64550781,5940.64111328,8600.42773438,4112.03369141,3309.92407227,3733.23046875,2445,938.746520996,527.006347656,392.844543457,365.615966797,225.577545166,157.443237305,121.387115479,59.8918075562,34.5101928711,9.07950973511,1.5512008667,0.644275724888,0.426418632269,0.135529458523,0.0250461474061,0.00219864957035,0.0000679926815792,2.33895363522e-7],"dvar2":[0.178783163428,27.8298130035,94.6810531616,31.8416748047,35.5294036865,45.8535308838,50.9903450012,242.732284546,945.768615723,1176.84008789,383.42074585,1293.3416748,1460.49829102,3108.76025391,11798.2197266,16378.9609375,14406.4296875,23846.5332031,10817.3212891,8278.99023438,8942.17871094,5848.38378906,2326.5456543,1217.41943359,840.573913574,785.979797363,469.975067139,329.971313477,263.078948975,135.878662109,85.5349884033,22.0849666595,3.09077095985,1.28840112686,0.872629106045,0.287691235542,0.0541038811207,0.00483122002333,0.000147775368532,5.17138914802e-7],"max":[1.6181344986,19.4315929413,75.41771698,50.0282897949,52.0371055603,99.8133392334,55.6647186279,156.437332153,365.872741699,577.522399902,288.348846436,539.321777344,573.142333984,1876.82165527,1915.62609863,2513.90576172,1893.65478516,2906.21020508,1431.69909668,1264.96826172,1086.11206055,672.294433594,522.085693359,294.505859375,223.172515869,237.696395874,176.999008179,120.308135986,137.78565979,151.678649902,120.390632629,51.5009117126,13.987446785,17.4148540497,21.7406902313,9.66149044037,2.48533439636,0.620784878731,0.169954150915,0.00746576953679],"mean":[0.0751380324364,0.972937524319,2.57887554169,2.1432363987,2.01850247383,1.8873103857,2.52777791023,4.51208543777,5.66959857941,4.16842556,7.35558605194,14.5595388412,14.270567894,17.3883075714,30.5989513397,40.0172653198,34.9146156311,37.09324646,57.1206016541,48.358039856,71.2792205811,71.8749771118,41.6717300415,26.850730896,22.5396270752,17.9408092499,13.8556213379,11.8836050034,8.88599014282,7.98383903503,4.64404249191,3.23406481743,1.95209097862,1.23035490513,0.827577412128,0.415632307529,0.163175076246,0.0449366346002,0.00724164908752,0.000438222952653],"median":[0.00997244287282,0.14975002408,0.835235416889,1.15091609955,1.02820384502,0.991393089294,1.08725845814,1.43861305714,1.27389025688,1.13457918167,3.01549959183,6.1905837059,6.11533117294,7.39865875244,8.88632965088,13.5136861801,10.044219017,13.2656784058,22.8127593994,18.2125720978,39.8135299683,50.1819038391,29.1040802002,16.2132949829,14.6815443039,10.8232488632,7.70819759369,6.79127407074,3.87197780609,4.03080606461,2.10405349731,1.75056660175,1.21246945858,0.757830142975,0.486356317997,0.225018292665,0.0843354389071,0.0231510382146,0.00357225094922,0.000232599137235],"min":[9.15848452082e-23,3.82872062627e-22,3.0167949428e-21,5.15583978016e-21,1.9117216706e-20,2.98922393861e-20,5.75334230575e-20,1.18871618439e-19,2.49862518526e-19,2.50574074799e-19,2.45068619135e-19,6.14228443923e-19,8.91502280383e-19,7.52656499048e-19,1.07792345805e-18,1.44530280241e-18,2.17807615428e-18,2.65187011311e-18,2.83412219709e-18,4.85903800274e-18,5.42708112735e-18,3.66176189488e-18,4.75306665369e-18,7.34402132534e-18,6.82399768964e-18,8.91520540395e-18,9.19198417281e-18,1.264815074e-17,1.37908875214e-17,1.67693730013e-17,1.33513220895e-17,1.33312025755e-17,8.57794070715e-18,9.08858080598e-18,7.55977567169e-18,5.35771003887e-18,2.5964047579e-18,1.04283383608e-18,2.59931116038e-19,3.22053142598e-20],"var":[0.0442855805159,6.72986030579,30.2326450348,10.4321842194,10.7117938995,12.5313587189,20.5322933197,93.7442779541,274.138061523,275.909881592,183.797088623,673.947570801,1061.92785645,2356.74658203,6537.90625,11478.2734375,8394.60449219,8018.61572266,8247.39355469,7310.76318359,8667.46679688,5945.76904297,1973.87646484,1006.25402832,690.350036621,545.163452148,343.298492432,241.591278076,177.631439209,113.109107971,54.2883033752,16.3334007263,4.50473022461,1.90271604061,1.05561494827,0.280649602413,0.0458060577512,0.00373036460951,0.000110635948658,3.65357465171e-7]},"erbbands_crest":{"dmean":2.54411649704,"dmean2":4.10943174362,"dvar":6.75559282303,"dvar2":16.4969387054,"max":30.9011116028,"mean":8.41365909576,"median":7.57389354706,"min":2.61594367027,"var":15.7321176529},"erbbands_flatness_db":{"dmean":0.0206741578877,"dmean2":0.0306772012264,"dvar":0.000377080665203,"dvar2":0.000779942260124,"max":0.287132561207,"mean":0.135081097484,"median":0.131759703159,"min":0.0337999239564,"var":0.00191058800556},"erbbands_kurtosis":{"dmean":1.44412493706,"dmean2":2.26532244682,"dvar":2.9192841053,"dvar2":6.81515169144,"max":25.416809082,"mean":2.12953567505,"median":1.25710344315,"min":-1.76456952095,"var":8.2403459549},"erbbands_skewness":{"dmean":0.410514563322,"dmean2":0.630051136017,"dvar":0.145798385143,"dvar2":0.338056236506,"max":3.71859025955,"mean":-0.413897156715,"median":-0.449196219444,"min":-4.00840187073,"var":0.667998790741},"erbbands_spread":{"dmean":9.13906574249,"dmean2":14.4295663834,"dvar":127.897911072,"dvar2":301.144836426,"max":155.516967773,"mean":29.7888183594,"median":25.0803775787,"min":3.02029442787,"var":404.543365479},"gfcc":{"cov":[[19020.5996094,999.905456543,-1748.22155762,-499.065063477,-859.060791016,214.473876953,-503.766448975,-105.026870728,-270.917633057,-56.9708900452,-186.408401489,147.576583862,-109.958564758],[999.905456543,1339.75866699,-415.241363525,-23.7176113129,8.1143245697,32.9430541992,-14.1192588806,-31.4579601288,36.4459342957,-53.2937202454,-1.69813263416,-22.6942138672,10.5609865189],[-1748.22155762,-415.241363525,1240.09350586,211.388549805,43.4658889771,-15.281955719,177.119659424,26.1302375793,-19.0539455414,76.1073608398,66.644493103,34.4245414734,30.1229381561],[-499.065063477,-23.7176113129,211.388549805,468.910125732,68.3193817139,6.68519353867,33.422000885,26.0697097778,48.57862854,20.9665431976,11.5847320557,-34.3562812805,10.7882585526],[-859.060791016,8.1143245697,43.4658889771,68.3193817139,330.382904053,92.8386154175,55.778465271,35.4039573669,38.0865249634,7.56790065765,-16.986951828,-11.0691833496,8.10936737061],[214.473876953,32.9430541992,-15.281955719,6.68519353867,92.8386154175,207.252502441,77.6510009766,4.78811168671,-12.6308031082,2.19561576843,14.2823162079,-8.10566425323,-15.5332288742],[-503.766448975,-14.1192588806,177.119659424,33.422000885,55.778465271,77.6510009766,148.134185791,36.8384284973,-10.095659256,0.0124014029279,21.108247757,2.6157708168,-2.70314240456],[-105.026870728,-31.4579601288,26.1302375793,26.0697097778,35.4039573669,4.78811168671,36.8384284973,86.0943450928,33.4100608826,-3.09241390228,-14.3072690964,1.4529235363,8.30833339691],[-270.917633057,36.4459342957,-19.0539455414,48.57862854,38.0865249634,-12.6308031082,-10.095659256,33.4100608826,86.2315292358,26.8577632904,-5.7792725563,-14.2505235672,7.01917076111],[-56.9708900452,-53.2937202454,76.1073608398,20.9665431976,7.56790065765,2.19561576843,0.0124014029279,-3.09241390228,26.8577632904,64.0044326782,31.0746536255,4.22155380249,0.345991194248],[-186.408401489,-1.69813263416,66.644493103,11.5847320557,-16.986951828,14.2823162079,21.108247757,-14.3072690964,-5.7792725563,31.0746536255,76.3763580322,33.0613250732,-4.6190199852],[147.576583862,-22.6942138672,34.4245414734,-34.3562812805,-11.0691833496,-8.10566425323,2.6157708168,1.4529235363,-14.2505235672,4.22155380249,33.0613250732,60.6981201172,17.740945816],[-109.958564758,10.5609865189,30.1229381561,10.7882585526,8.10936737061,-15.5332288742,-2.70314240456,8.30833339691,7.01917076111,0.345991194248,-4.6190199852,17.740945816,47.1765785217]],"icov":[[0.000124675032566,-0.000127931081806,0.000101415236713,-0.000121082775877,0.000390664295992,-0.000441070180386,0.00038423485239,-0.000293452176265,0.000572297140025,-0.000836550956592,0.00111459637992,-0.00105551409069,0.000570527103264],[-0.000127931081806,0.00108186516445,0.000214727813727,0.000140110685606,-0.000387703330489,0.000417395232944,-0.000846084381919,0.00109661661554,-0.00159421784338,0.00209824973717,-0.00197298219427,0.00160964252427,-0.00132372463122],[0.000101415236713,0.000214727813727,0.00151617126539,-0.000632582174148,0.000264162255917,0.000487849174533,-0.00178385246545,0.00025706453016,0.00115795980673,-0.00229895347729,0.00110959855374,-0.00130781752523,-0.000222372196731],[-0.000121082775877,0.000140110685606,-0.000632582174148,0.00292600714602,-0.000774820742663,0.000404828053433,0.0000777827663114,-0.000222814458539,-0.00172617053613,0.00193382473662,-0.00329332216643,0.00408089812845,-0.00188304740004],[0.000390664295992,-0.000387703330489,0.000264162255917,-0.000774820742663,0.0052890824154,-0.00320321996696,0.000370878376998,-0.000888572540134,-0.0000817910040496,-0.002958383644,0.00552019663155,-0.00438286922872,0.00144229398575],[-0.000441070180386,0.000417395232944,0.000487849174533,0.000404828053433,-0.00320321996696,0.00916228536516,-0.00565372267738,0.00195003836416,-0.000304619490635,0.00154661189299,-0.00478091929108,0.0046820435673,-0.000820381392259],[0.00038423485239,-0.000846084381919,-0.00178385246545,0.0000777827663114,0.000370878376998,-0.00565372267738,0.0156203964725,-0.00821133051068,0.00479993363842,0.000507705088239,-0.00222421018407,0.000507153570652,0.00149568566121],[-0.000293452176265,0.00109661661554,0.00025706453016,-0.000222814458539,-0.000888572540134,0.00195003836416,-0.00821133051068,0.0207178816199,-0.0113157602027,0.00476272404194,0.00350626721047,-0.00381499854848,-0.000940369383898],[0.000572297140025,-0.00159421784338,0.00115795980673,-0.00172617053613,-0.0000817910040496,-0.000304619490635,0.00479993363842,-0.0113157602027,0.0254541505128,-0.015371282585,0.00513484235853,0.000596945115831,0.000131572523969],[-0.000836550956592,0.00209824973717,-0.00229895347729,0.00193382473662,-0.002958383644,0.00154661189299,0.000507705088239,0.00476272404194,-0.015371282585,0.0354745388031,-0.0217201989144,0.0122216325253,-0.00588151765987],[0.00111459637992,-0.00197298219427,0.00110959855374,-0.00329332216643,0.00552019663155,-0.00478091929108,-0.00222421018407,0.00350626721047,0.00513484235853,-0.0217201989144,0.0416921973228,-0.0297908056527,0.0144965089858],[-0.00105551409069,0.00160964252427,-0.00130781752523,0.00408089812845,-0.00438286922872,0.0046820435673,0.000507153570652,-0.00381499854848,0.000596945115831,0.0122216325253,-0.0297908056527,0.0438035428524,-0.0194905027747],[0.000570527103264,-0.00132372463122,-0.000222372196731,-0.00188304740004,0.00144229398575,-0.000820381392259,0.00149568566121,-0.000940369383898,0.000131572523969,-0.00588151765987,0.0144965089858,-0.0194905027747,0.0319013223052]],"mean":[-2.10999155045,28.2142391205,-114.938652039,31.6028118134,-31.359544754,14.7750091553,-28.8504924774,10.6282052994,-20.591545105,-1.43936944008,-21.2042694092,1.18062663078,-12.6636648178]},"hfc":{"dmean":9.36053085327,"dmean2":13.4561386108,"dvar":159.235931396,"dvar2":301.389953613,"max":122.110969543,"mean":27.3955459595,"median":22.8104686737,"min":1.12095374093e-16,"var":489.805786133},"melbands":{"dmean":[0.0011806380935,0.00158457248472,0.000332561379764,0.000114994036267,0.0000706254795659,0.0000960434481385,0.0000881318628672,0.0000413629932154,0.0000526437943336,0.000073479655839,0.0000510142999701,0.0000499080524605,0.0000693060428603,0.0000823349037091,0.0000654379909975,0.0000534658429387,0.000048516656534,0.0000533156744495,0.0000424952886533,0.000039391034079,0.0000492780927743,0.0000434713365394,0.0000257842002611,0.000015443587472,0.0000122309120343,0.00000964896571531,0.00000930210717343,0.0000068047388595,0.00000547505169379,0.00000490868296765,0.00000405011587645,0.00000344005138686,0.00000286730642074,0.00000255372992797,0.00000162796845871,0.00000126407451262,9.35230843879e-7,6.64396338834e-7,5.82480708999e-7,4.53522574162e-7],"dmean2":[0.00212905160151,0.00279518333264,0.000570993404835,0.000199526039069,0.000118334726722,0.000160989759024,0.000151594751514,0.0000714244597475,0.0000866995324031,0.000120360855362,0.0000807511169114,0.000078755976574,0.000112032779725,0.000131557404529,0.000104394384834,0.0000867288981681,0.0000819320121082,0.0000864970497787,0.0000689110092935,0.0000620708742645,0.0000783048453741,0.0000701486787875,0.0000420830328949,0.0000248259566433,0.0000196604396479,0.000015247713236,0.0000147043529068,0.0000107000896605,0.0000085290575953,0.00000769902544562,0.00000624557605988,0.0000053897269936,0.00000449022854809,0.00000398796373702,0.0000025660274332,0.00000197105259758,0.0000014532380419,9.8439318208e-7,8.58231658185e-7,6.65012748868e-7],"dvar":[0.00000878071477928,0.0000127350294861,3.33320144819e-7,6.8983219137e-8,2.01619734241e-8,4.79110759954e-8,8.04466822046e-8,4.04446502955e-8,1.17520961851e-8,2.2716209358e-8,1.72666982934e-8,2.46406610671e-8,5.22469996156e-8,6.69400250786e-8,3.74229500721e-8,3.48333308864e-8,3.38302221792e-8,1.3772961438e-8,1.40062912379e-8,5.94047389058e-9,6.56402621146e-9,3.87626108989e-9,1.49527168425e-9,5.27029475617e-10,4.25830620765e-10,2.50799825352e-10,2.24820967398e-10,1.65804259211e-10,1.03973558929e-10,7.21421325456e-11,5.60983412501e-11,5.18051296305e-11,2.56055402575e-11,1.81943609484e-11,1.38616540121e-11,8.49862541452e-12,2.59052002939e-12,8.95460084121e-13,6.85582721236e-13,4.8091473295e-13],"dvar2":[0.000024300898076,0.0000344657273672,9.08929905563e-7,1.99947152169e-7,5.23561851651e-8,1.23315743394e-7,2.16587963564e-7,1.1487203011e-7,2.93199367007e-8,5.53040813145e-8,3.8136878544e-8,4.78793644731e-8,1.29847563812e-7,1.3876842786e-7,9.0710244649e-8,8.86336195549e-8,9.33478574439e-8,3.70899648772e-8,3.58641329967e-8,1.50413317357e-8,1.59991788706e-8,9.51958956108e-9,3.80884523921e-9,1.28345911676e-9,1.02207364794e-9,5.71778402403e-10,4.92093366056e-10,3.71055186577e-10,2.24085888734e-10,1.56745019741e-10,1.23094978655e-10,1.18257362236e-10,5.74664794917e-11,4.2543229356e-11,3.46684105035e-11,2.20755583952e-11,6.24685676451e-12,1.89116365797e-12,1.42313678203e-12,1.02659753528e-12],"max":[0.0181143395603,0.0325769782066,0.00818721204996,0.00642386265099,0.00214058556594,0.00309992651455,0.00600145151839,0.00576368905604,0.00270878523588,0.00337066501379,0.0030043523293,0.00693335616961,0.0062904432416,0.00686248997226,0.00350884976797,0.00584219722077,0.00512807909399,0.0034041244071,0.00295113329776,0.00127937516663,0.00138001376763,0.000762359239161,0.000616481294855,0.000291299016681,0.000290352036245,0.00019696848176,0.000204224590561,0.000178882139153,0.000110845678137,0.0000947437147261,0.0000777457753429,0.000109304535727,0.0000734355344321,0.0000878831342561,0.0000851796503412,0.0000743381606298,0.0000285553742287,0.0000107055702756,0.0000109262464321,0.0000180659462785],"mean":[0.000883257365786,0.0013926862739,0.000384314422263,0.000138620642247,0.0000858112689457,0.000103146317997,0.0000837864354253,0.0000443517310487,0.0000678889336996,0.0000923736370169,0.0000703194600646,0.0000678834549035,0.0000900694649317,0.000114830596431,0.0000904630142031,0.0000718388328096,0.0000672812748235,0.0000917169381864,0.0000691565292072,0.0000672541209497,0.0000887330243131,0.0000811116915429,0.0000490039201395,0.0000287991424557,0.0000210154557863,0.0000165088003996,0.0000156854221132,0.0000108388121589,0.00000850353353599,0.0000082270553321,0.00000636697677692,0.00000505647449245,0.00000464713048132,0.00000430026602771,0.00000270310488304,0.00000223083225137,0.00000180613415068,0.00000137800145694,0.00000122118035506,9.57582642513e-7],"median":[0.000124277372379,0.000403822748922,0.000214656654862,0.0000744391363696,0.0000410652937717,0.0000336447810696,0.0000186115994438,0.0000126052455016,0.0000273178429779,0.0000384811974072,0.0000294459259749,0.0000281755583273,0.0000254368951573,0.0000342508064932,0.000026592746508,0.0000201258353627,0.0000220172696572,0.0000352658207703,0.0000220939436986,0.0000264799400611,0.0000487708348373,0.0000530771503691,0.0000328533315042,0.0000188868834812,0.0000117251365737,0.0000097861247923,0.00000939636720432,0.00000615863336861,0.00000429245255873,0.00000486868111693,0.00000331673027176,0.00000203515924113,0.0000021801524781,0.00000219434309656,0.0000011686987591,0.00000109643860924,9.95349182631e-7,8.41526571094e-7,7.36136485102e-7,5.630743658e-7],"min":[9.03465138417e-25,1.42496116412e-24,9.09471229527e-25,2.85318860682e-24,1.94650698667e-24,2.82043155216e-24,3.4345950684e-24,2.95053838126e-24,1.78660705055e-24,3.64425142004e-24,4.21178477653e-24,2.09222320371e-24,2.02870589856e-24,3.77779926041e-24,4.76512139774e-24,4.33176973135e-24,3.94761182545e-24,4.55335247659e-24,4.53845996599e-24,6.42033262047e-24,5.82507987506e-24,3.15440271892e-24,4.34814017286e-24,4.96635942023e-24,5.95096038186e-24,6.3936332287e-24,3.46307728581e-24,5.94386812789e-24,5.82911687074e-24,5.55697721338e-24,6.7382905025e-24,6.80130155616e-24,7.15297732543e-24,8.32580838766e-24,6.72351040457e-24,6.69918824515e-24,6.8381642374e-24,5.18866831193e-24,7.74601534384e-24,7.69469678652e-24],"var":[0.00000585676434639,0.00000982267829386,3.14193556505e-7,5.67217384173e-8,2.08156958337e-8,4.73138079826e-8,6.1592260181e-8,2.71964069043e-8,1.48378838105e-8,2.81899357191e-8,2.81249974421e-8,3.73370312445e-8,6.36254142705e-8,1.10141087362e-7,5.74242946527e-8,4.25078745536e-8,3.02544513886e-8,2.44635458557e-8,2.14370619034e-8,1.14780611682e-8,1.39778340014e-8,8.38018543448e-9,2.9883515662e-9,1.03428465792e-9,7.22510162809e-10,4.15734113801e-10,3.59619639623e-10,2.33413344208e-10,1.50896573015e-10,1.08064113213e-10,7.976130173e-11,6.7220805311e-11,4.10105803483e-11,3.51953952094e-11,2.09647750549e-11,1.10833234951e-11,5.06995790836e-12,2.36754821477e-12,1.84178995839e-12,1.26254724991e-12]},"melbands_crest":{"dmean":3.93588590622,"dmean2":6.5275888443,"dvar":12.0694990158,"dvar2":30.7364368439,"max":30.1801280975,"mean":11.7666893005,"median":10.475730896,"min":1.78241980076,"var":31.6586017609},"melbands_flatness_db":{"dmean":0.0357822887599,"dmean2":0.0568227507174,"dvar":0.00154370593373,"dvar2":0.00393414450809,"max":0.43999543786,"mean":0.125506684184,"median":0.109514512122,"min":0.00397600419819,"var":0.00438225502148},"melbands_kurtosis":{"dmean":9.31966018677,"dmean2":16.252784729,"dvar":581.313903809,"dvar2":1505.8112793,"max":388.850921631,"mean":8.86723899841,"median":0.433468580246,"min":-1.79234075546,"var":790.481994629},"melbands_skewness":{"dmean":1.10377883911,"dmean2":1.80161058903,"dvar":2.2149438858,"dvar2":5.69436502457,"max":15.7545661926,"mean":1.62687027454,"median":0.993774294853,"min":-2.07847762108,"var":5.08231306076},"melbands_spread":{"dmean":16.7588882446,"dmean2":27.1667041779,"dvar":314.422943115,"dvar2":814.541503906,"max":189.707000732,"mean":54.8613891602,"median":55.7976799011,"min":0.851802945137,"var":839.049987793},"mfcc":{"cov":[[11325.0351562,1183.40039062,-1260.5213623,-453.484832764,-256.869598389,-24.9727935791,-292.388122559,-6.74027252197,-133.421203613,-212.161651611,-72.2775115967,-11.3460559845,-65.3137893677],[1183.40039062,1096.69543457,-247.77507019,-100.077140808,-3.09103012085,23.1178836823,-15.2380247116,37.1669960022,15.3132629395,-36.8398551941,-2.52674508095,13.1208343506,-28.4775390625],[-1260.5213623,-247.77507019,916.438598633,262.113098145,-41.7224121094,38.7038192749,121.104972839,-6.69750356674,-19.4845333099,42.969581604,17.8935718536,-1.31091403961,53.2232437134],[-453.484832764,-100.077140808,262.113098145,383.609619141,101.116279602,15.9391803741,10.1570243835,3.30343747139,43.6598854065,39.3768844604,11.1704835892,16.8903865814,-2.74403619766],[-256.869598389,-3.09103012085,-41.7224121094,101.116279602,210.781402588,81.7651519775,25.4129829407,26.7484703064,57.1462669373,39.4910850525,14.9382677078,3.45005059242,2.36644458771],[-24.9727935791,23.1178836823,38.7038192749,15.9391803741,81.7651519775,169.788070679,93.9186706543,28.9188499451,4.15160274506,37.262928009,25.2969608307,-4.05524921417,15.3077783585],[-292.388122559,-15.2380247116,121.104972839,10.1570243835,25.4129829407,93.9186706543,166.450073242,65.9870986938,11.0264196396,9.12521743774,18.9752044678,12.7290296555,14.2302904129],[-6.74027252197,37.1669960022,-6.69750356674,3.30343747139,26.7484703064,28.9188499451,65.9870986938,98.8883972168,39.4961204529,9.40451717377,6.46144485474,9.10819530487,3.61905097961],[-133.421203613,15.3132629395,-19.4845333099,43.6598854065,57.1462669373,4.15160274506,11.0264196396,39.4961204529,102.738098145,39.1698608398,-3.13818073273,-3.81698417664,-10.2995042801],[-212.161651611,-36.8398551941,42.969581604,39.3768844604,39.4910850525,37.262928009,9.12521743774,9.40451717377,39.1698608398,81.7033233643,29.930223465,-7.58824157715,-1.01652657986],[-72.2775115967,-2.52674508095,17.8935718536,11.1704835892,14.9382677078,25.2969608307,18.9752044678,6.46144485474,-3.13818073273,29.930223465,52.7781143188,18.6051826477,5.70880508423],[-11.3460559845,13.1208343506,-1.31091403961,16.8903865814,3.45005059242,-4.05524921417,12.7290296555,9.10819530487,-3.81698417664,-7.58824157715,18.6051826477,50.3372039795,16.9347896576],[-65.3137893677,-28.4775390625,53.2232437134,-2.74403619766,2.36644458771,15.3077783585,14.2302904129,3.61905097961,-10.2995042801,-1.01652657986,5.70880508423,16.9347896576,50.4667167664]],"icov":[[0.000129297201056,-0.0000887434944161,0.000150165476953,-0.0000688305080985,0.000269914628007,-0.000309643073706,0.000300998770399,-0.000168684768141,0.0000381521203963,0.00024361978285,-0.0000297647111438,0.000053763451433,-0.0000383429432986],[-0.0000887434944161,0.0011103504803,0.0000192841598619,0.00019683552091,0.0000413442139688,-0.000508036988322,0.000346261513187,-0.000357517215889,-0.000472738611279,0.000663509999868,-0.000263879424892,-0.000516118132509,0.000702155288309],[0.000150165476953,0.0000192841598619,0.00238327938132,-0.00190725515131,0.00158754608128,0.00030853273347,-0.00200147787109,0.000816528918222,0.00060034514172,-0.000869223673362,0.00000257850251728,0.00178263499402,-0.00256761768833],[-0.0000688305080985,0.00019683552091,-0.00190725515131,0.00484466878697,-0.00276957056485,0.000265482114628,0.00127787271049,-0.0000745978395571,-0.000703191501088,-0.000590822543018,0.000879075145349,-0.00326001946814,0.00283029698767],[0.000269914628007,0.0000413442139688,0.00158754608128,-0.00276957056485,0.0095948278904,-0.00539105944335,0.00162818364333,-0.000329851987772,-0.00400236342102,0.00127569388133,-0.00120246654842,0.000413347355789,-0.0014961300185],[-0.000309643073706,-0.000508036988322,0.00030853273347,0.000265482114628,-0.00539105944335,0.0148681709543,-0.00910008046776,0.00195131148212,0.00446690572426,-0.00635152682662,-0.000413277943153,0.00417478568852,-0.00339985941537],[0.000300998770399,0.000346261513187,-0.00200147787109,0.00127787271049,0.00162818364333,-0.00910008046776,0.0162891112268,-0.00847174692899,-0.00149689556565,0.00513288937509,-0.00218427740037,-0.00335263903253,0.00263357535005],[-0.000168684768141,-0.000357517215889,0.000816528918222,-0.0000745978395571,-0.000329851987772,0.00195131148212,-0.00847174692899,0.018092084676,-0.00629073660821,0.000389694061596,-0.000790252350271,-0.000358384888386,-0.00183659372851],[0.0000381521203963,-0.000472738611279,0.00060034514172,-0.000703191501088,-0.00400236342102,0.00446690572426,-0.00149689556565,-0.00629073660821,0.0199907757342,-0.0122524816543,0.00880635902286,-0.00181283871643,0.00226237461902],[0.00024361978285,0.000663509999868,-0.000869223673362,-0.000590822543018,0.00127569388133,-0.00635152682662,0.00513288937509,0.000389694061596,-0.0122524816543,0.0290633551776,-0.0186114050448,0.00867514498532,-0.000755132990889],[-0.0000297647111438,-0.000263879424892,0.00000257850251728,0.000879075145349,-0.00120246654842,-0.000413277943153,-0.00218427740037,-0.000790252350271,0.00880635902286,-0.0186114050448,0.0365812815726,-0.016314778477,0.00347090535797],[0.000053763451433,-0.000516118132509,0.00178263499402,-0.00326001946814,0.000413347355789,0.00417478568852,-0.00335263903253,-0.000358384888386,-0.00181283871643,0.00867514498532,-0.016314778477,0.033695332706,-0.0122501850128],[-0.0000383429432986,0.000702155288309,-0.00256761768833,0.00283029698767,-0.0014961300185,-0.00339985941537,0.00263357535005,-0.00183659372851,0.00226237461902,-0.000755132990889,0.00347090535797,-0.0122501850128,0.0276784989983]],"mean":[-644.590698242,73.1236114502,-17.7538948059,23.9217624664,14.6292257309,10.3784685135,4.42046737671,11.3842077255,7.07523727417,1.54192829132,-1.77062690258,0.891677618027,-1.14648985863]},"pitch_salience":{"dmean":0.0990780964494,"dmean2":0.165415614843,"dvar":0.0104053411633,"dvar2":0.0283858403563,"max":0.871409654617,"mean":0.614386320114,"median":0.6477175951,"min":0.131737217307,"var":0.0180923249573},"silence_rate_20dB":{"dmean":0,"dmean2":0,"dvar":0,"dvar2":0,"max":1,"mean":1,"median":1,"min":1,"var":0},"silence_rate_30dB":{"dmean":0,"dmean2":0,"dvar":0,"dvar2":0,"max":1,"mean":1,"median":1,"min":1,"var":0},"silence_rate_60dB":{"dmean":0.051062092185,"dmean2":0.102145045996,"dvar":0.0484553202987,"dvar2":0.104788810015,"max":1,"mean":0.144374102354,"median":0,"min":0,"var":0.123529992998},"spectral_centroid":{"dmean":292.619506836,"dmean2":460.497711182,"dvar":144120.390625,"dvar2":323848.625,"max":11533.6435547,"mean":2355.70751953,"median":2373.82861328,"min":201.181945801,"var":584009.625},"spectral_complexity":{"dmean":5.49550676346,"dmean2":7.79693555832,"dvar":38.1173324585,"dvar2":63.2423820496,"max":62,"mean":25.6881771088,"median":27,"min":0,"var":234.889785767},"spectral_contrast_coeffs":{"dmean":[0.0524960756302,0.0462901182473,0.0362932495773,0.0318735986948,0.0229508168995,0.0195917077363],"dmean2":[0.0886339396238,0.0773697122931,0.0598013177514,0.0517298839986,0.0372688472271,0.0309959743172],"dvar":[0.00169125455432,0.00150444498286,0.00094247830566,0.000716152833775,0.000347411172697,0.000382794678444],"dvar2":[0.00473311403766,0.00404703151435,0.00234379782341,0.00181291205809,0.000890523544513,0.000899793754797],"max":[-0.463074207306,-0.432544767857,-0.536898195744,-0.571474313736,-0.637445271015,-0.61424446106],"mean":[-0.699498414993,-0.79815030098,-0.816060066223,-0.790951490402,-0.789565145969,-0.761116325855],"median":[-0.700362622738,-0.803776979446,-0.822543025017,-0.792581319809,-0.788469552994,-0.761164009571],"min":[-0.976178467274,-0.978182375431,-0.984649777412,-0.983406662941,-0.97981595993,-0.976012766361],"var":[0.00402609910816,0.00350526464172,0.0031685451977,0.00288203265518,0.0015415600501,0.00153382634744]},"spectral_contrast_valleys":{"dmean":[0.527131974697,0.468947023153,0.429382830858,0.344391107559,0.298086166382,0.308409631252],"dmean2":[0.831235349178,0.737293601036,0.647095501423,0.511397123337,0.437738746405,0.42295768857],"dvar":[0.228365808725,0.2248442173,0.214944526553,0.167100593448,0.152943745255,0.152745231986],"dvar2":[0.481358736753,0.450963586569,0.418193638325,0.296196848154,0.255899488926,0.285999506712],"max":[-5.22720718384,-5.09932899475,-4.92036485672,-5.43098497391,-5.44134235382,-8.01590538025],"mean":[-7.82792568207,-7.45707607269,-7.39478111267,-7.49002027512,-7.13316488266,-9.74173736572],"median":[-7.57359266281,-7.1426153183,-6.99467802048,-7.14566040039,-6.81278371811,-9.49059772491],"min":[-27.9105491638,-27.7007331848,-27.5546970367,-27.5334243774,-27.3840103149,-27.3724021912],"var":[2.52888131142,2.93653869629,3.1015458107,2.90627884865,2.48780488968,2.16342926025]},"spectral_decrease":{"dmean":2.59127586055e-9,"dmean2":4.23864499055e-9,"dvar":1.77666153303e-17,"dvar2":4.67005196547e-17,"max":1.85697647644e-28,"mean":-4.29482804876e-9,"median":-2.87261525678e-9,"min":-3.25468683116e-8,"var":2.06611353606e-17},"spectral_energy":{"dmean":0.0104652233422,"dmean2":0.0168755799532,"dvar":0.000261748442426,"dvar2":0.000681022123899,"max":0.125298246741,"mean":0.0186945088208,"median":0.0131097333506,"min":1.01105906609e-20,"var":0.000335660093697},"spectral_energyband_high":{"dmean":0.000618088291958,"dmean2":0.000902389816474,"dvar":0.00000109292659545,"dvar2":0.00000207681318898,"max":0.00902698654681,"mean":0.0013158521615,"median":0.000784204457887,"min":7.12115104144e-21,"var":0.00000218253285311},"spectral_energyband_low":{"dmean":0.00715712318197,"dmean2":0.0126512413844,"dvar":0.000258409767412,"dvar2":0.000700486300047,"max":0.110746361315,"mean":0.00634557614103,"median":0.0019976994954,"min":2.30659378813e-23,"var":0.000192886858713},"spectral_energyband_middle_high":{"dmean":0.00301665789448,"dmean2":0.00443837558851,"dvar":0.0000191002363863,"dvar2":0.0000413000343542,"max":0.0627977177501,"mean":0.00836895592511,"median":0.00593171594664,"min":1.08851728051e-21,"var":0.0000707381186658},"spectral_energyband_middle_low":{"dmean":0.0020690576639,"dmean2":0.00337677751668,"dvar":0.0000128375386339,"dvar2":0.0000327628731611,"max":0.0347343459725,"mean":0.00308510451578,"median":0.00183709198609,"min":1.74649273199e-22,"var":0.0000157259346452},"spectral_entropy":{"dmean":0.12311668694,"dmean2":0.186773657799,"dvar":0.0180622283369,"dvar2":0.0394243486226,"max":9.82332897186,"mean":8.01557350159,"median":8.03462409973,"min":6.66627836227,"var":0.0702112913132},"spectral_flux":{"dmean":0.0289797317237,"dmean2":0.044546123594,"dvar":0.00145414622966,"dvar2":0.00304866814986,"max":0.310199707747,"mean":0.0877480730414,"median":0.0765350311995,"min":6.58172474854e-11,"var":0.00304344133474},"spectral_kurtosis":{"dmean":1.16529548168,"dmean2":1.85687804222,"dvar":1.80138981342,"dvar2":4.39278459549,"max":21.1685581207,"mean":4.87028837204,"median":4.40367746353,"min":-1.23490643501,"var":5.42148303986},"spectral_rms":{"dmean":0.00104681053199,"dmean2":0.00159716920462,"dvar":0.00000174732588221,"dvar2":0.00000422623816121,"max":0.0110563188791,"mean":0.00376236229204,"median":0.00357630872168,"min":3.14069907234e-12,"var":0.00000408321466239},"spectral_rolloff":{"dmean":1041.39428711,"dmean2":1683.37145996,"dvar":2689888.75,"dvar2":6312551.5,"max":21770.0683594,"mean":3405.16821289,"median":2756.25,"min":86.1328125,"var":6812503},"spectral_skewness":{"dmean":0.196775123477,"dmean2":0.311643779278,"dvar":0.0441210642457,"dvar2":0.105413921177,"max":3.08041357994,"mean":1.57185530663,"median":1.56298279762,"min":-0.0541993230581,"var":0.132167071104},"spectral_spread":{"dmean":596030.6875,"dmean2":872396.875,"dvar":696680841216,"dvar2":1266124587010,"max":42097092,"mean":5022970.5,"median":4751810,"min":1777512.625,"var":5988564336640},"spectral_strongpeak":{"dmean":0.832874894142,"dmean2":1.42698705196,"dvar":1.51691162586,"dvar2":3.70736908913,"max":11.8395929337,"mean":1.07669579983,"median":0.300076514482,"min":0,"var":2.37311935425},"zerocrossingrate":{"dmean":0.0194407943636,"dmean2":0.0227578971535,"dvar":0.000448655162472,"dvar2":0.000688045460265,"max":0.5244140625,"mean":0.122965812683,"median":0.1123046875,"min":0.00634765625,"var":0.00329825212248}},"metadata":{"audio_properties":{"analysis_sample_rate":44100,"bit_rate":0,"codec":"flac","downmix":"mix","equal_loudness":0,"length":113.666664124,"lossless":true,"md5_encoded":"4992e3db554c43d1407c680e606213b1","replay_gain":-16.4435005188,"sample_rate":44100},"tags":{"album":["Freaky Styley"],"album artist":["Red Hot Chili Peppers"],"albumartist":["Red Hot Chili Peppers"],"albumartistsort":["Red Hot Chili Peppers"],"artist":["Red Hot Chili Peppers"],"artistsort":["Red Hot Chili Peppers"],"date":["2003-03-10"],"discnumber":["1"],"disctotal":["1"],"ensemble":["Red Hot Chili Peppers"],"file_name":"01-09 Battleship.flac","genre":["Funk Rock"],"media":["CD"],"musicbrainz_albumartistid":["8bfac288-ccc5-448d-9573-c33ea2aa5c30"],"musicbrainz_albumid":["7daa8dc5-b99c-3a8b-861c-3a01e281aaf8"],"musicbrainz_artistid":["8bfac288-ccc5-448d-9573-c33ea2aa5c30"],"musicbrainz_recordingid":["a23bbf5d-5c36-4a21-8d6c-79c54371076b"],"musicbrainz_releasegroupid":["9118a7ea-ad1f-3728-98c1-eb78438f4760"],"originaldate":["1985-08-16"],"producer":["George Clinton"],"releasecountry":["GB"],"releasestatus":["official"],"releasetype":["album"],"replaygain_track_peak":["-1"],"script":["Latn"],"title":["Battleship"],"totaldiscs":["1"],"totaltracks":["18"],"tracknumber":["9"],"tracktotal":["18"]},"version":{"essentia":"2.1-beta1","essentia_build_sha":"ca57ba49d9b1854bd80e60cf9ccf267278fb7d6b","essentia_git_sha":"v2.1_beta1-28-g21ef5f4-dirty","extractor":"music 1.0"}},"rhythm":{"beats_count":264,"beats_loudness":{"dmean":0.0131848752499,"dmean2":0.0223863944411,"dvar":0.000150993379066,"dvar2":0.000486140314024,"max":0.0701932609081,"mean":0.025878528133,"median":0.026700168848,"min":6.77743527966e-10,"var":0.000195994463866},"beats_loudness_band_ratio":{"dmean":[0.175999432802,0.0425464771688,0.0599129498005,0.102064743638,0.107847340405,0.130722820759],"dmean2":[0.31502020359,0.0762927532196,0.106735795736,0.178074285388,0.175945729017,0.239860758185],"dvar":[0.0382132455707,0.00171458313707,0.003347368678