{"lowlevel":{"average_loudness":0.833760261536,"barkbands":{"dmean":[0.00000480810103909,0.00136812671553,0.00103196362033,0.00354484305717,0.0015494156396,0.000152897831867,0.00022811848612,0.000545043731108,0.000639718666207,0.000245964532951,0.000368040404283,0.000338389043463,0.00051988044288,0.000593155622482,0.000267530529527,0.000242651876761,0.000132314031362,0.000173579712282,0.000204681477044,0.0000967849773588,0.0000403489284508,0.0000186835786735,0.00000585535144637,0.00000157812405632,3.3961492818e-7,5.53241825685e-8,9.27196897038e-9],"dmean2":[0.00000685584518578,0.00221914891154,0.00176446617115,0.00549919065088,0.00241746660322,0.000249545963015,0.000348343601217,0.000835970800836,0.00091522623552,0.000365992687875,0.000522702408489,0.000512720260303,0.000742292730138,0.000898820173461,0.000416279566707,0.000370383175323,0.000210138576222,0.0002761016367,0.000331302784616,0.000157047019457,0.0000636959521216,0.0000279734886135,0.00000867104699864,0.00000226342876886,4.7767025535e-7,7.62588356906e-8,1.29136186189e-8],"dvar":[2.22640517133e-10,0.00000936803371587,0.00000397597750634,0.000192819803488,0.0000215498166654,2.66890538114e-7,0.00000159927299137,0.00000774202362663,0.00000846068724059,0.00000174634340055,0.00000257878468801,0.00000266316760644,0.00000437074777437,0.00000387338513974,0.00000138630423407,5.41265137599e-7,1.48663517052e-7,1.65426172316e-7,2.22061032673e-7,3.89400511835e-8,7.14661618773e-9,2.475976979e-9,2.63915972409e-10,1.88905748683e-11,8.38454739666e-13,2.30447273406e-14,7.26309047051e-16],"dvar2":[4.25423946071e-10,0.0000243815193244,0.0000111931512947,0.000414553767769,0.0000486616736453,6.05408274623e-7,0.00000332263061864,0.000018042001102,0.0000170864441316,0.00000408127061746,0.00000511001326231,0.00000585653742746,0.00000867577000463,0.00000859113697516,0.00000327994803229,0.00000114740225854,2.9828996162e-7,3.87466883467e-7,5.51247353542e-7,9.78731691248e-8,1.66357843057e-8,5.38110311865e-9,5.7562615785e-10,3.97225828619e-11,1.80965767545e-12,4.65358139393e-14,1.48690228204e-15],"max":[0.000212968501728,0.0428286269307,0.0433083847165,0.184400588274,0.0829541236162,0.0240373909473,0.0450780950487,0.0829637646675,0.0648528039455,0.0350621975958,0.0421251766384,0.0434475839138,0.0459961481392,0.0409179329872,0.0281467586756,0.0256223268807,0.0186565164477,0.00969682820141,0.0197858773172,0.0036703646183,0.00201137270778,0.00131141452584,0.000332411000272,0.000118694217235,0.000024353081244,0.00000460228238808,5.87881231695e-7],"mean":[0.00000492976460009,0.00354349357076,0.0052901217714,0.00375226815231,0.00238059926778,0.000189660262549,0.00029763308703,0.00060256262077,0.000994656118564,0.000335856137099,0.000564919260796,0.00048733438598,0.000798383785877,0.00089459575247,0.000369802524801,0.000471735082101,0.000235632702243,0.000306008587359,0.000400587334298,0.00018198894395,0.0000875370242284,0.0000382910220651,0.000011836835256,0.00000309044867208,6.78766411966e-7,1.08014532429e-7,1.61350879324e-8],"median":[2.13157733242e-7,0.00189128797501,0.00372491101734,0.000360699748853,0.000568134826608,0.0000600354978815,0.0000444913093816,0.0000256463154074,0.0000191606068256,0.0000342483181157,0.0000623258965788,0.0000307417212753,0.0000654331597616,0.000150219231728,0.000116700473882,0.00023400002101,0.000117633731861,0.000138653005706,0.000232489444898,0.0000966764055192,0.0000408715131925,0.00000778685989644,0.00000245153091782,7.81978940267e-7,1.94868320591e-7,1.95265137393e-8,2.84690071517e-9],"min":[1.559492221e-25,1.11301410637e-24,1.65094240055e-24,1.98206745577e-24,5.28102972443e-24,6.89360853726e-24,1.31977778396e-23,1.15811920078e-23,4.54235378342e-24,1.14759484967e-23,1.05561871683e-23,1.5375277696e-23,2.7298317055e-23,3.88567890798e-23,3.74482905553e-23,7.7787099996e-23,5.77892236132e-23,9.03433548482e-23,1.08319841426e-22,1.49446757621e-22,2.31166840411e-22,3.5589360027e-22,3.48548257635e-22,6.03076210324e-22,8.47721288348e-22,1.33528438175e-21,1.75025157216e-21],"var":[2.98466945603e-10,0.0000217045180761,0.0000346345768776,0.000220993664698,0.0000373858856619,4.71465455121e-7,0.00000257247893387,0.0000099219932963,0.0000196491055249,0.00000260160845755,0.00000604793694947,0.00000589665023654,0.0000102834992504,0.00000772938619775,0.00000168577753357,0.000001027890562,2.99423533079e-7,2.89924486196e-7,3.84929990105e-7,7.05408425006e-8,1.75289880389e-8,5.69046187948e-9,5.73817160454e-10,4.23767132496e-11,2.16201882786e-12,7.48021843034e-14,1.54542325897e-15]},"barkbands_crest":{"dmean":2.41259694099,"dmean2":3.84724783897,"dvar":5.79366874695,"dvar2":14.5986995697,"max":25.5635814667,"mean":12.8921298981,"median":12.2562952042,"min":3.5796687603,"var":22.6775054932},"barkbands_flatness_db":{"dmean":0.0212685894221,"dmean2":0.0325961969793,"dvar":0.000517931126524,"dvar2":0.00121800345369,"max":0.580992400646,"mean":0.229091584682,"median":0.217310607433,"min":0.0578016042709,"var":0.0048063332215},"barkbands_kurtosis":{"dmean":4.87900876999,"dmean2":7.76952648163,"dvar":109.281257629,"dvar2":266.262145996,"max":318.566741943,"mean":8.38367843628,"median":2.19517421722,"min":-1.95047688484,"var":319.136383057},"barkbands_skewness":{"dmean":0.685450136662,"dmean2":1.03501236439,"dvar":0.663940966129,"dvar2":1.48891973495,"max":14.7772979736,"mean":1.5497918129,"median":1.29032206535,"min":-5.43515396118,"var":5.35793209076},"barkbands_spread":{"dmean":5.28254318237,"dmean2":8.21764183044,"dvar":34.8719558716,"dvar2":83.7326278687,"max":148.254165649,"mean":19.984041214,"median":18.7069377899,"min":0.257783561945,"var":159.838653564},"dissonance":{"dmean":0.0139460889623,"dmean2":0.0234535355121,"dvar":0.000430933840107,"dvar2":0.00119080243167,"max":0.5,"mean":0.475229918957,"median":0.486308962107,"min":0.214096739888,"var":0.000895221426617},"dynamic_complexity":5.05968809128,"erbbands":{"dmean":[0.0189756341279,0.378102391958,1.25804650784,5.52104043961,11.0083618164,4.29937267303,1.93884444237,1.10796093941,2.35382652283,7.40362977982,12.3070240021,16.6530704498,8.43443775177,6.28756475449,16.4959144592,12.4526433945,23.5259628296,21.7468471527,20.8196563721,13.9858283997,12.6072750092,6.18543434143,9.37601089478,11.205862999,7.13168048859,4.00232553482,1.96544098854,1.40212309361,0.757596969604,0.351521164179,0.150561004877,0.052641004324,0.0172070935369,0.00554954120889,0.00169651408214,0.00039546561311,0.0000792944701971,0.0000138262594191,0.00000448725222668,0.00000856246697367],"dmean2":[0.0269679930061,0.62630045414,2.17059850693,8.60376262665,16.5462684631,6.7509522438,3.22197604179,1.80815589428,3.55481171608,11.4661312103,18.1236877441,23.543056488,12.312707901,9.21830654144,23.5813159943,18.3657722473,33.7359542847,32.3026390076,31.5591506958,20.5072631836,19.1326065063,9.73120689392,14.7981853485,18.0704021454,11.5431165695,6.47404336929,3.07876777649,2.23912549019,1.15071797371,0.521764934063,0.22043941915,0.074692197144,0.0244247484952,0.00795853044838,0.00236544013023,0.000547336472664,0.000108819120214,0.0000189516576938,0.00000627187091595,0.0000125143333207],"dvar":[0.00274984026328,0.697488129139,5.87648630142,425.455413818,1590.30993652,143.900558472,44.0033836365,17.3470783234,166.175247192,1362.37084961,3649.01318359,5952.71728516,1929.54614258,1083.1192627,4593.72851562,3275.17382812,8616.34472656,6427.95458984,3932.09326172,4100.42675781,868.226928711,194.468353271,564.151916504,710.812683105,220.955276489,72.438369751,19.0203304291,10.2625398636,4.12417030334,1.01545357704,0.174030065536,0.0223586559296,0.00215030042455,0.000223766750423,0.0000225113908527,0.0000011466424894,4.7435477768e-8,1.51108570101e-9,7.41940328619e-11,3.42057993041e-10],"dvar2":[0.00463938480243,1.90988969803,17.089679718,901.319030762,3349.62475586,349.977874756,111.001579285,37.8495674133,306.248840332,3220.11621094,8063.24023438,11922.8115234,4249.06103516,2661.87182617,9899.765625,6960.98388672,16691.4140625,13597.5878906,8481.24023438,8985.26855469,1701.61999512,421.292266846,1283.81640625,1846.02368164,557.81237793,182.285797119,45.4996986389,25.1857433319,9.15619182587,2.28281402588,0.378818303347,0.0466650091112,0.00468030106276,0.000510907266289,0.0000451401610917,0.00000232270622291,9.27712520138e-8,3.16744741546e-9,1.37442335291e-10,6.78252620734e-10],"max":[0.720624089241,11.2244138718,46.1601028442,264.513153076,498.327087402,318.053253174,182.123840332,219.514297485,662.297241211,1337.65808105,2329.87353516,1677.89794922,1299.70446777,1192.04528809,1438.90454102,1840.44836426,2146.73803711,2237.33618164,1716.26000977,1583.08068848,1131.78027344,442.771057129,661.088928223,1261.38305664,313.930786133,168.244720459,134.425079346,89.7861099243,51.3970603943,23.8504562378,9.40256118774,4.56858634949,1.31118071079,0.352335900068,0.135288283229,0.0294424630702,0.00717717083171,0.000829163123854,0.000150388746988,0.000247703545028],"mean":[0.0372158735991,1.09343278408,6.29735612869,7.57672166824,12.9875421524,7.2876534462,2.50884318352,1.46098089218,3.49305105209,8.77544879913,15.2737226486,25.9015159607,11.8857650757,9.48720741272,26.9446372986,21.0199508667,38.6074371338,34.5122718811,33.0050926208,22.2931442261,27.5994167328,13.2018604279,17.0881080627,22.788974762,14.384680748,7.81201839447,4.1134519577,2.98286533356,1.54787278175,0.714698851109,0.304415762424,0.105388604105,0.0347090661526,0.0110035743564,0.00342242768966,0.000815155101009,0.000161448959261,0.0000264259524556,0.0000142656863318,0.0000259360094788],"median":[0.0105371801183,0.744418263435,5.1810631752,2.53596973419,2.0149075985,1.74651348591,0.63463395834,0.485122710466,0.652002751827,0.689272940159,0.641220808029,0.542659878731,0.93614000082,1.73779881001,2.85058641434,1.76973676682,3.47684836388,7.54343271255,9.72497653961,6.05106782913,15.4720249176,7.58341932297,8.16391849518,13.2953662872,8.25586795807,4.23995876312,2.09091711044,1.19604110718,0.345126926899,0.144741371274,0.0623352862895,0.0254146680236,0.00940941274166,0.00337340473197,0.000759340357035,0.000164580895216,0.0000356680975528,0.00000709868118065,0.00000991401248029,0.0000184936689038],"min":[3.54196400743e-23,4.46237687181e-22,3.83823274893e-21,8.52433531925e-21,8.72049829346e-21,2.47027424831e-20,4.31896168661e-20,4.9069788578e-20,1.66728967034e-19,2.14823277025e-19,3.00547519422e-19,1.39371234894e-19,1.76150334491e-19,8.72876034144e-19,5.42108996157e-19,8.23826498567e-19,1.4908747673e-18,2.5373980357e-18,2.28923640731e-18,3.79084177511e-18,4.55072421379e-18,4.40003506724e-18,5.38617166939e-18,5.19156709053e-18,8.89414373119e-18,7.274644033e-18,9.43952210702e-18,1.05314369115e-17,1.13693220684e-17,9.8792662099e-18,1.02786984928e-17,1.04812601356e-17,8.90569696281e-18,8.17822221975e-18,6.18655163009e-18,4.39103534218e-18,2.31914312236e-18,8.78198527796e-19,2.53294439189e-19,2.56138043797e-20],"var":[0.00564583437517,1.64668667316,41.0562667847,500.393951416,2039.52197266,319.368377686,48.2159996033,35.8021697998,351.706359863,1875.67346191,5026.96972656,13603.7509766,3239.20703125,1376.56872559,10574.2871094,8617.43652344,21677.1835938,12748.3808594,7681.83642578,6799.23339844,2550.47338867,471.210723877,997.905639648,1145.89624023,434.29006958,131.17666626,38.605670929,24.2524261475,9.32056236267,2.0164847374,0.401644676924,0.0503372699022,0.00507534248754,0.000521869224031,0.0000661431549815,0.000004074269782,1.49716527176e-7,3.23088089615e-9,2.3428450846e-10,7.94134424886e-10]},"erbbands_crest":{"dmean":3.15665531158,"dmean2":5.02325868607,"dvar":9.79131221771,"dvar2":24.1432743073,"max":33.6763725281,"mean":11.9267778397,"median":10.2341556549,"min":2.0400660038,"var":38.4646682739},"erbbands_flatness_db":{"dmean":0.0170231424272,"dmean2":0.0250462703407,"dvar":0.000309909577481,"dvar2":0.000637605960947,"max":0.547283530235,"mean":0.23789742589,"median":0.224099710584,"min":0.0207000859082,"var":0.00486153317615},"erbbands_kurtosis":{"dmean":1.70358645916,"dmean2":2.6768784523,"dvar":7.26574993134,"dvar2":17.7574310303,"max":68.4415817261,"mean":2.02863192558,"median":0.58505487442,"min":-1.87405335903,"var":22.2928905487},"erbbands_skewness":{"dmean":0.451497823,"dmean2":0.682695090771,"dvar":0.20213791728,"dvar2":0.456965774298,"max":4.66313076019,"mean":-0.469692766666,"median":-0.624025285244,"min":-4.40197658539,"var":1.14642262459},"erbbands_spread":{"dmean":7.81221008301,"dmean2":11.953962326,"dvar":75.780960083,"dvar2":171.005050659,"max":102.504455566,"mean":36.8050575256,"median":33.7133865356,"min":0.723760008812,"var":561.614501953},"gfcc":{"cov":[[34471.125,3304.4597168,-3181.55761719,2081.21337891,-1903.61694336,160.625061035,-399.953033447,240.00402832,64.9130325317,-624.314941406,-659.610961914,-203.47442627,-297.317016602],[3304.4597168,1592.0045166,-192.792922974,-11.5611343384,155.835021973,-97.6808929443,238.548171997,8.8806886673,97.520690918,-141.851837158,13.8490791321,-87.7740020752,-17.1394023895],[-3181.55761719,-192.792922974,1736.60583496,245.256744385,189.253051758,378.403320312,207.105422974,133.362533569,231.691650391,93.9850769043,51.0050201416,235.48727417,-10.3153295517],[2081.21337891,-11.5611343384,245.256744385,676.553771973,-22.2326965332,140.778961182,-113.404441833,-48.5126571655,10.5031938553,-20.2393684387,-57.4145736694,74.8228988647,22.6543827057],[-1903.61694336,155.835021973,189.253051758,-22.2326965332,478.341125488,94.2577285767,118.984794617,-46.592212677,-13.8751811981,53.5495872498,108.74420166,-10.9944267273,30.0595188141],[160.625061035,-97.6808929443,378.403320312,140.778961182,94.2577285767,416.074188232,192.274642944,82.1785507202,45.4878959656,63.4125366211,59.2604408264,95.9972763062,-40.2317619324],[-399.953033447,238.548171997,207.105422974,-113.404441833,118.984794617,192.274642944,344.569244385,122.251373291,64.8107757568,7.05748987198,71.3047180176,42.0353240967,-31.5230712891],[240.00402832,8.8806886673,133.362533569,-48.5126571655,-46.592212677,82.1785507202,122.251373291,227.987060547,125.808837891,18.2342262268,-0.0865205675364,37.1895370483,-17.6773204803],[64.9130325317,97.520690918,231.691650391,10.5031938553,-13.8751811981,45.4878959656,64.8107757568,125.808837891,195.998184204,46.8523712158,-11.3134717941,11.5623521805,-17.3788700104],[-624.314941406,-141.851837158,93.9850769043,-20.2393684387,53.5495872498,63.4125366211,7.05748987198,18.2342262268,46.8523712158,136.892303467,62.8082618713,-2.44090461731,-28.5187358856],[-659.610961914,13.8490791321,51.0050201416,-57.4145736694,108.74420166,59.2604408264,71.3047180176,-0.0865205675364,-11.3134717941,62.8082618713,129.63458252,29.760099411,-19.7946414948],[-203.47442627,-87.7740020752,235.48727417,74.8228988647,-10.9944267273,95.9972763062,42.0353240967,37.1895370483,11.5623521805,-2.44090461731,29.760099411,127.278259277,28.3076705933],[-297.317016602,-17.1394023895,-10.3153295517,22.6543827057,30.0595188141,-40.2317619324,-31.5230712891,-17.6773204803,-17.3788700104,-28.5187358856,-19.7946414948,28.3076705933,96.5606842041]],"icov":[[0.000322726496961,-0.000902045401745,0.000708080304321,-0.00089981284691,0.00108210498001,-0.00103525980376,0.000675190880429,-0.000692718778737,0.000237091706367,-0.000163306860486,0.000527657975908,-0.000324704276863,0.000643539882731],[-0.000902045401745,0.00373697606847,-0.0017460269155,0.0020838167984,-0.00331707554869,0.00347315217368,-0.0030986466445,0.00268864934333,-0.00228722230531,0.00236642709933,-0.00243066973053,0.00163139589131,-0.00151852122508],[0.000708080304321,-0.0017460269155,0.00279966648668,-0.00209423596971,0.00161863409448,-0.00240589585155,0.00112627074122,-0.00081777916057,-0.00112937286031,-0.000393853057176,0.00205440679565,-0.00311574782245,0.00238737463951],[-0.00089981284691,0.0020838167984,-0.00209423596971,0.00497833732516,-0.00316548091359,0.00124883465469,0.0000597799044044,0.00240834872238,-0.000899988110177,0.000625202199444,-0.000259307416854,-0.000454431516118,-0.00172352488153],[0.00108210498001,-0.00331707554869,0.00161863409448,-0.00316548091359,0.00773518485948,-0.00425614695996,0.0014479100937,-0.00158819288481,0.00143892690539,-0.000928341352846,-0.00182159757242,0.00279448064975,-0.00154853588901],[-0.00103525980376,0.00347315217368,-0.00240589585155,0.00124883465469,-0.00425614695996,0.00945200119168,-0.00590754393488,0.00186567252968,0.000223105831537,-0.00182644499,-0.000255764636677,-0.00174328370485,0.00051426468417],[0.000675190880429,-0.0030986466445,0.00112627074122,0.0000597799044044,0.0014479100937,-0.00590754393488,0.00980382692069,-0.0043322397396,0.000689346867148,0.00192786578555,-0.000971857807599,-0.000778240093496,0.00185296195559],[-0.000692718778737,0.00268864934333,-0.00081777916057,0.00240834872238,-0.00158819288481,0.00186567252968,-0.0043322397396,0.0112459100783,-0.00699447980151,0.00152227806393,-0.000686324958224,-0.00153191504069,-0.000892725714948],[0.000237091706367,-0.00228722230531,-0.00112937286031,-0.000899988110177,0.00143892690539,0.000223105831537,0.000689346867148,-0.00699447980151,0.0137378070503,-0.0070393178612,0.004230058752,0.000814575818367,0.0000259591579379],[-0.000163306860486,0.00236642709933,-0.000393853057176,0.000625202199444,-0.000928341352846,-0.00182644499,0.00192786578555,0.00152227806393,-0.0070393178612,0.0176499132067,-0.0104049863294,0.00526204658672,0.000434793415479],[0.000527657975908,-0.00243066973053,0.00205440679565,-0.000259307416854,-0.00182159757242,-0.000255764636677,-0.000971857807599,-0.000686324958224,0.004230058752,-0.0104049863294,0.0208288561553,-0.0108529832214,0.00663090730086],[-0.000324704276863,0.00163139589131,-0.00311574782245,-0.000454431516118,0.00279448064975,-0.00174328370485,-0.000778240093496,-0.00153191504069,0.000814575818367,0.00526204658672,-0.0108529832214,0.0215219967067,-0.00990069657564],[0.000643539882731,-0.00151852122508,0.00238737463951,-0.00172352488153,-0.00154853588901,0.00051426468417,0.00185296195559,-0.000892725714948,0.0000259591579379,0.000434793415479,0.00663090730086,-0.00990069657564,0.0182602461427]],"mean":[-126.083053589,130.045043945,-158.811187744,64.2660827637,-19.2713222504,0.629736661911,-17.9539318085,-12.170715332,-18.7072296143,-15.1185398102,-9.54222393036,-20.6924686432,-9.1552438736]},"hfc":{"dmean":3.90763616562,"dmean2":5.44699239731,"dvar":37.649181366,"dvar2":69.48828125,"max":107.511260986,"mean":13.1211824417,"median":7.76035070419,"min":1.08092031686e-16,"var":195.672210693},"melbands":{"dmean":[0.000272932491498,0.000594993121922,0.00126783363521,0.000477887166198,0.0000868635906954,0.0000255725026364,0.0000386022220482,0.0000921196551644,0.000114296533866,0.0000941682083067,0.0000393887130485,0.0000239250384766,0.0000576042912144,0.0000329208378389,0.0000552060409973,0.0000440986950707,0.0000459421462438,0.00004179068128,0.0000217641700146,0.0000159327391884,0.0000157706981554,0.00000747842659621,0.00000703218756826,0.00000959223689279,0.0000102923022496,0.00000685751683704,0.00000491903256261,0.00000241805082624,0.00000146569152548,0.00000100905833733,8.48902459438e-7,4.89524438763e-7,3.03872070617e-7,1.71654448877e-7,1.03564012477e-7,4.88322946524e-8,2.83818444302e-8,1.37259927868e-8,7.71496644347e-9,4.03404643023e-9],"dmean2":[0.000423462479375,0.00102249346673,0.0019520286005,0.00070522032911,0.00014450281742,0.000041669831262,0.0000585203961236,0.000141115218867,0.000166391590028,0.000133413632284,0.0000577667051402,0.0000357522112608,0.000082189530076,0.0000486639146402,0.0000790452613728,0.0000634794923826,0.0000688456857461,0.0000633505624137,0.0000331350202032,0.0000236595624301,0.000024123575713,0.0000119831765915,0.0000111888266474,0.0000152160027937,0.0000166867139342,0.0000112421694212,0.00000807524975244,0.00000394111793867,0.00000235802917814,0.00000162611036103,0.00000137859990446,7.53531821829e-7,4.60928333723e-7,2.62216360625e-7,1.5745087012e-7,7.19034147778e-8,4.22038617387e-8,2.00433127873e-8,1.15473506312e-8,6.01991656524e-9],"dvar":[4.22497777208e-7,0.00000138424763918,0.0000230252644542,0.00000215943055082,7.46665307361e-8,9.14362008331e-9,4.56855353548e-8,2.08277882052e-7,2.71991353884e-7,1.93868316956e-7,4.87517191061e-8,1.84411561577e-8,6.02505849656e-8,2.37013448867e-8,6.54602132499e-8,3.50953790473e-8,3.06279481777e-8,1.95452454221e-8,1.36715723187e-8,4.1282683938e-9,1.47680756513e-9,3.8021383264e-10,3.20528437125e-10,5.56090118398e-10,6.76603884031e-10,2.65825306212e-10,1.01272296105e-10,3.05632116837e-11,1.3895493263e-11,4.22645382234e-12,4.68629822448e-12,1.77388626791e-12,7.72031147778e-13,2.46200304067e-13,8.80726359355e-14,2.05424361603e-14,7.2446041882e-15,1.53444401791e-15,4.59152684965e-16,1.21902824482e-16],"dvar2":[9.57537622526e-7,0.00000403785361414,0.0000486926546728,0.00000439092582383,1.88916516208e-7,1.94379321528e-8,8.81457324908e-8,4.9035821803e-7,5.85041561862e-7,3.94388138147e-7,1.07747574418e-7,4.65605616284e-8,1.22205122466e-7,5.69337892387e-8,1.37540340006e-7,6.64524506533e-8,6.52184795058e-8,4.2136928613e-8,3.23506021971e-8,8.54701109887e-9,2.97659119575e-9,8.03040189901e-10,7.40245198472e-10,1.34800837159e-9,1.78229986325e-9,6.79706402273e-10,2.60703431065e-10,7.68273500373e-11,3.49603783423e-11,1.03551394889e-11,1.22978086048e-11,4.07962422524e-12,1.80206826024e-12,5.74461485325e-13,2.03763506177e-13,4.6102227938e-14,1.58868483147e-14,3.45171558775e-15,1.13523199003e-15,2.78018183206e-16],"max":[0.00935430638492,0.0172963812947,0.0625563710928,0.019358035177,0.00618905387819,0.00525289122015,0.010241500102,0.0156615190208,0.0183976497501,0.0104876365513,0.00657878397033,0.00510860141367,0.00591301731765,0.00408028438687,0.00761189311743,0.00482255825773,0.00507599208504,0.00363511499017,0.00314133940265,0.0022424061317,0.00148420827463,0.000698543270119,0.000496712804306,0.00065953360172,0.00124124158174,0.000434107409092,0.000185010299901,0.000131351684104,0.000134773406899,0.0000499645102536,0.0000589637165831,0.0000311605690513,0.0000248570304393,0.00000962946978689,0.00000631141665508,0.00000493520246891,0.00000250548532676,0.0000012853665794,4.29671814572e-7,3.30820967065e-7],"mean":[0.000642213388346,0.00263911159709,0.00168757967185,0.000721020041965,0.000122502664453,0.0000333120988216,0.0000553318604943,0.00010775620467,0.000152448803419,0.000143139404827,0.0000538059866813,0.0000330171314999,0.0000913023104658,0.0000508716075274,0.0000892605385161,0.0000638284254819,0.0000696806819178,0.0000631659131614,0.0000293406974379,0.00002738735202,0.0000332715680997,0.0000135812088047,0.0000118027910503,0.0000162046053447,0.0000194879521587,0.0000128747442432,0.00000855436883285,0.00000423615847467,0.0000026888544653,0.00000201893294616,0.00000162967808137,9.22701133277e-7,5.7545838672e-7,3.19675422134e-7,1.95180035689e-7,9.15692410786e-8,5.20942542437e-8,2.58637751216e-8,1.39815119482e-8,7.51523110409e-9],"median":[0.00027418974787,0.00226734601893,0.000529684359208,0.000158033551998,0.0000290250409307,0.0000106162387965,0.00000931647446123,0.00000662386764816,0.00000475733168059,0.00000285403666567,0.00000412850204157,0.00000622718380328,0.0000102556268757,0.00000331414662469,0.0000054671286307,0.00000694638583809,0.0000131250953928,0.0000143918769027,0.00000737389973438,0.00000926133270696,0.0000188366066141,0.0000070667529144,0.00000552049732505,0.00000677092066326,0.0000112631150841,0.00000741959911466,0.00000421047752752,0.00000209732866097,0.00000112432201149,0.00000104483706309,4.77746880279e-7,1.84962743788e-7,1.07519774417e-7,6.21645739329e-8,3.5933702236e-8,2.21409219847e-8,1.2313308595e-8,6.49657483365e-9,4.25906776513e-9,2.19369011845e-9],"min":[4.01222298485e-25,2.33193752243e-24,1.4064158331e-24,1.04950745084e-24,2.11556106195e-24,9.07753583513e-25,2.79391892321e-24,2.42994619294e-24,2.61247223754e-24,6.72533405377e-25,7.68732527579e-25,3.00871115378e-24,1.52277321105e-24,2.57564091352e-24,1.8544439608e-24,3.35434267079e-24,4.03714280503e-24,3.72344832176e-24,3.06499953481e-24,4.70982106499e-24,4.35101280984e-24,3.46537681535e-24,4.74854506353e-24,4.80245897324e-24,3.37576576639e-24,5.16019516641e-24,4.29895272327e-24,4.08322253708e-24,4.47827816196e-24,4.74192099851e-24,4.88073566871e-24,5.42230248521e-24,5.83572989171e-24,5.19895821358e-24,5.99866201194e-24,4.95508107587e-24,6.40338039404e-24,5.41597424303e-24,6.45114986616e-24,6.28017097027e-24],"var":[9.39875462791e-7,0.00000655027315588,0.0000274866069958,0.0000038694961404,1.00046101181e-7,2.07639097027e-8,8.87272122441e-8,2.88062039999e-7,4.46661175602e-7,4.19924759854e-7,8.15785128339e-8,2.0436282e-8,1.41881372429e-7,5.07311206377e-8,1.6676483483e-7,7.00931082065e-8,6.09135497598e-8,3.84107856632e-8,1.61758020312e-8,7.65612462317e-9,4.08886702274e-9,7.79865616529e-10,5.18255827142e-10,9.21698162237e-10,9.55389212187e-10,4.36397279424e-10,1.80146009221e-10,4.90660671815e-11,2.25043057106e-11,8.45964704538e-12,9.73749639949e-12,3.67539549143e-12,1.41392919508e-12,4.40042804712e-13,1.84677929416e-13,3.9155283833e-14,1.44070427924e-14,3.25849127886e-15,8.01675497599e-16,2.82810298575e-16]},"melbands_crest":{"dmean":3.07081580162,"dmean2":4.96902751923,"dvar":9.70067024231,"dvar2":25.1312522888,"max":35.791809082,"mean":19.2096233368,"median":19.4774513245,"min":1.50467169285,"var":47.5435905457},"melbands_flatness_db":{"dmean":0.0240580197424,"dmean2":0.036429118365,"dvar":0.000741079682484,"dvar2":0.00172819814179,"max":0.709777474403,"mean":0.27183419466,"median":0.263157993555,"min":0.00200411281548,"var":0.00870947353542},"melbands_kurtosis":{"dmean":12.7709388733,"dmean2":20.2139263153,"dvar":605.805664062,"dvar2":1494.84765625,"max":333.435028076,"mean":26.9695892334,"median":8.62889289856,"min":-1.89652585983,"var":1745.18151855},"melbands_skewness":{"dmean":0.983162760735,"dmean2":1.48263144493,"dvar":1.41148269176,"dvar2":3.16908931732,"max":14.6624498367,"mean":3.36919307709,"median":2.78845047951,"min":-5.68898296356,"var":10.5807847977},"melbands_spread":{"dmean":7.02782583237,"dmean2":10.8558006287,"dvar":68.7831420898,"dvar2":162.345748901,"max":176.331100464,"mean":27.0570793152,"median":19.47108078,"min":0.352835804224,"var":632.81237793},"mfcc":{"cov":[[13584.5185547,1806.59985352,-753.19708252,1365.18347168,-776.648864746,300.73626709,-450.675323486,596.355651855,131.421737671,173.682403564,-15.4670734406,-73.4194030762,100.298088074],[1806.59985352,1562.71240234,-145.838241577,197.593399048,44.5033531189,12.5950021744,125.325645447,172.155181885,86.7003631592,90.0244064331,47.7620506287,-2.95556282997,99.3869247437],[-753.19708252,-145.838241577,1178.17114258,138.219589233,182.237365723,385.630249023,42.6720428467,294.379516602,75.5767059326,64.8543701172,149.696105957,63.7551269531,135.298156738],[1365.18347168,197.593399048,138.219589233,502.612426758,110.228912354,146.587020874,-86.4100570679,62.1150245667,33.9815139771,1.03691458702,-36.9927597046,-52.947052002,19.4185390472],[-776.648864746,44.5033531189,182.237365723,110.228912354,335.800628662,131.540176392,69.3628997803,-21.2068939209,11.8667345047,16.3633136749,2.83063602448,-22.2294960022,3.43878722191],[300.73626709,12.5950021744,385.630249023,146.587020874,131.540176392,413.304443359,130.022659302,162.638153076,12.7978887558,45.5482063293,110.628036499,27.2662963867,31.1998062134],[-450.675323486,125.325645447,42.6720428467,-86.4100570679,69.3628997803,130.022659302,264.485351562,92.3172607422,-1.15692985058,6.46322345734,49.3515434265,53.4695892334,37.4964332581],[596.355651855,172.155181885,294.379516602,62.1150245667,-21.2068939209,162.638153076,92.3172607422,320.093261719,104.934547424,67.0868835449,72.7595367432,48.5463905334,129.684906006],[131.421737671,86.7003631592,75.5767059326,33.9815139771,11.8667345047,12.7978887558,-1.15692985058,104.934547424,135.19078064,66.5507354736,8.87974452972,6.47387981415,56.120300293],[173.682403564,90.0244064331,64.8543701172,1.03691458702,16.3633136749,45.5482063293,6.46322345734,67.0868835449,66.5507354736,150.460235596,108.112739563,16.6649570465,19.4098892212],[-15.4670734406,47.7620506287,149.696105957,-36.9927597046,2.83063602448,110.628036499,49.3515434265,72.7595367432,8.87974452972,108.112739563,197.779785156,67.0458679199,3.00482416153],[-73.4194030762,-2.95556282997,63.7551269531,-52.947052002,-22.2294960022,27.2662963867,53.4695892334,48.5463905334,6.47387981415,16.6649570465,67.0458679199,117.155052185,67.352722168],[100.298088074,99.3869247437,135.298156738,19.4185390472,3.43878722191,31.1998062134,37.4964332581,129.684906006,56.120300293,19.4098892212,3.00482416153,67.352722168,187.417831421]],"icov":[[0.000314184260787,-0.000256260624155,0.000418418378104,-0.000707372440957,0.000793630664703,-0.000621951883659,0.000687400170136,-0.000724867335521,0.000524439034052,-0.000566565082408,0.000506279349793,-0.000456620677141,0.000249631411862],[-0.000256260624155,0.0011014934862,-0.0000841804721858,-0.00000266100596491,-0.000748315185774,0.00102450838313,-0.00123785552569,0.000178117930773,-0.000465836637886,0.000328244728735,-0.0010115330806,0.00094655144494,-0.000636798038613],[0.000418418378104,-0.0000841804721858,0.00240753451362,-0.0006470772787,-0.0000377424657927,-0.00189982063603,0.0021791907493,-0.00243802974001,0.00060228392249,0.000271213182714,-0.00046545630903,-0.000528748496436,-0.000293224555207],[-0.000707372440957,-0.00000266100596491,-0.0006470772787,0.00527907675132,-0.0029004723765,-0.000730370287783,0.00126307271421,0.000785969314165,-0.0011774249142,0.0016070608981,0.0000723455523257,0.00111634063069,-0.000537835643627],[0.000793630664703,-0.000748315185774,-0.0000377424657927,-0.0029004723765,0.00721657974645,-0.00238369428553,-0.000820660789032,0.00161433732137,-0.00000484430074721,-0.00251047383063,0.00186021695845,0.000253214035183,-0.000247952266363],[-0.000621951883659,0.00102450838313,-0.00189982063603,-0.000730370287783,-0.00238369428553,0.0077451011166,-0.00434927083552,-0.000299588369671,0.000270338845439,0.00126550754067,-0.00341642927378,0.00180293351877,0.000263405207079],[0.000687400170136,-0.00123785552569,0.0021791907493,0.00126307271421,-0.000820660789032,-0.00434927083552,0.00983543787152,-0.00461627263576,0.00231220875867,0.00000451351434094,0.00177826406434,-0.00375934550539,0.00117976532783],[-0.000724867335521,0.000178117930773,-0.00243802974001,0.000785969314165,0.00161433732137,-0.000299588369671,-0.00461627263576,0.0118751917034,-0.00654500769451,0.00181584863458,-0.00290205935016,0.00322765787132,-0.00464285537601],[0.000524439034052,-0.000465836637886,0.00060228392249,-0.0011774249142,-0.00000484430074721,0.000270338845439,0.00231220875867,-0.00654500769451,0.0163740962744,-0.00953508075327,0.00648504169658,-0.00253549334593,0.000566577306017],[-0.000566565082408,0.000328244728735,0.000271213182714,0.0016070608981,-0.00251047383063,0.00126550754067,0.00000451351434094,0.00181584863458,-0.00953508075327,0.0198403820395,-0.0137232458219,0.00583528727293,-0.00273176701739],[0.000506279349793,-0.0010115330806,-0.00046545630903,0.0000723455523257,0.00186021695845,-0.00341642927378,0.00177826406434,-0.00290205935016,0.00648504169658,-0.0137232458219,0.0188408624381,-0.0103322472423,0.00567134050652],[-0.000456620677141,0.00094655144494,-0.000528748496436,0.00111634063069,0.000253214035183,0.00180293351877,-0.00375934550539,0.00322765787132,-0.00253549334593,0.00583528727293,-0.0103322472423,0.0190738309175,-0.00831165071577],[0.000249631411862,-0.000636798038613,-0.000293224555207,-0.000537835643627,-0.000247952266363,0.000263405207079,0.00117976532783,-0.00464285537601,0.000566577306017,-0.00273176701739,0.00567134050652,-0.00831165071577,0.0117538012564]],"mean":[-732.665222168,131.794952393,-44.562702179,57.1636390686,15.8263568878,19.9018268585,10.5887947083,5.11300039291,-2.66733384132,4.18563556671,-2.69991183281,-5.54838466644,-6.78963804245]},"pitch_salience":{"dmean":0.0695668458939,"dmean2":0.114227712154,"dvar":0.00539346411824,"dvar2":0.0147887542844,"max":0.904795348644,"mean":0.435418367386,"median":0.432364404202,"min":0.0559688396752,"var":0.0190337169915},"silence_rate_20dB":{"dmean":0,"dmean2":0,"dvar":0,"dvar2":0,"max":1,"mean":1,"median":1,"min":1,"var":0},"silence_rate_30dB":{"dmean":0.0217199884355,"dmean2":0.0434463508427,"dvar":0.0212491340935,"dvar2":0.0503682419658,"max":1,"mean":0.981071174145,"median":1,"min":0,"var":0.0185707844794},"silence_rate_60dB":{"dmean":0.00616378057748,"dmean2":0.0123293707147,"dvar":0.00612593395635,"dvar2":0.0139392418787,"max":1,"mean":0.170946449041,"median":0,"min":0,"var":0.14173309505},"spectral_centroid":{"dmean":252.293212891,"dmean2":386.669830322,"dvar":86058.2578125,"dvar2":187782.859375,"max":11695.0351562,"mean":1703.59765625,"median":1598.75195312,"min":106.491416931,"var":1627614.875},"spectral_complexity":{"dmean":2.9371881485,"dmean2":4.49023914337,"dvar":12.430103302,"dvar2":26.5216884613,"max":49,"mean":12.801027298,"median":12,"min":0,"var":73.7713394165},"spectral_contrast_coeffs":{"dmean":[0.0481134876609,0.0450236387551,0.0371408239007,0.0311190150678,0.0200217328966,0.0148314172402],"dmean2":[0.0789653435349,0.0721314176917,0.0579085089266,0.0490713231266,0.0327235609293,0.024246385321],"dvar":[0.00183087284677,0.00164053461049,0.0011119392002,0.000779353664257,0.000292161887046,0.000187017169083],"dvar2":[0.00470359064639,0.0040474049747,0.00246447185054,0.00177820923273,0.000703169440385,0.00046421715524],"max":[-0.250560492277,-0.338725090027,-0.441882789135,-0.513802170753,-0.557143270969,-0.554822087288],"mean":[-0.587598145008,-0.766356289387,-0.77458190918,-0.765191793442,-0.774252831936,-0.691165268421],"median":[-0.58429056406,-0.784308314323,-0.797293424606,-0.781616210938,-0.77518928051,-0.68084192276],"min":[-0.982090175152,-0.98810762167,-0.991218328476,-0.968337476254,-0.968399703503,-0.966139495373],"var":[0.0102682933211,0.00857950653881,0.00898972246796,0.00561196170747,0.00253047398292,0.00352146476507]},"spectral_contrast_valleys":{"dmean":[0.41773506999,0.367493450642,0.304957985878,0.249133393168,0.203321188688,0.224014550447],"dmean2":[0.69013094902,0.60259616375,0.500374019146,0.402993738651,0.312118887901,0.297712564468],"dvar":[0.145939990878,0.127435937524,0.103920958936,0.0791531652212,0.0770560353994,0.089936286211],"dvar2":[0.346014022827,0.273410767317,0.220377132297,0.153662383556,0.130000367761,0.146206185222],"max":[-5.31218862534,-5.38796281815,-6.09484243393,-5.98162174225,-5.80260419846,-9.70352268219],"mean":[-8.52165222168,-8.37962055206,-8.73374843597,-8.37381267548,-8.14369869232,-12.4743824005],"median":[-7.82806921005,-7.83462381363,-8.15168190002,-7.76776647568,-7.44536447525,-11.9764003754],"min":[-28.1537532806,-28.0711669922,-27.895565033,-27.6786270142,-27.5034885406,-27.403459549],"var":[7.57726287842,6.75922489166,6.51267433167,6.65095472336,7.08162927628,4.91259860992]},"spectral_decrease":{"dmean":1.94233162887e-9,"dmean2":2.87118462339e-9,"dvar":1.96118948039e-17,"dvar2":3.95200327637e-17,"max":5.37400152647e-17,"mean":-5.57841461912e-9,"median":-3.98933641677e-9,"min":-5.90517750254e-8,"var":4.10282113222e-17},"spectral_energy":{"dmean":0.00760908378288,"dmean2":0.0111997611821,"dvar":0.0002884605492,"dvar2":0.000578365521505,"max":0.22671328485,"mean":0.0222442541271,"median":0.0158123429865,"min":1.01255558446e-20,"var":0.000625356798992},"spectral_energyband_high":{"dmean":0.000086352112703,"dmean2":0.000128945001052,"dvar":3.3461901694e-8,"dvar2":7.14417041081e-8,"max":0.00496012391523,"mean":0.000203651507036,"median":0.0000970445616986,"min":7.20062419594e-21,"var":9.05338666257e-8},"spectral_energyband_low":{"dmean":0.00285413162783,"dmean2":0.00468304660171,"dvar":0.0000336338489433,"dvar2":0.0000834024249343,"max":0.0684932768345,"mean":0.0100204413757,"median":0.0088837556541,"min":1.47364281582e-23,"var":0.0000964066348388},"spectral_energyband_middle_high":{"dmean":0.00186449440662,"dmean2":0.00267317309044,"dvar":0.0000135483005579,"dvar2":0.0000278712104773,"max":0.0724247172475,"mean":0.0049087763764,"median":0.00199399655685,"min":1.25463376715e-21,"var":0.0000559824984521},"spectral_energyband_middle_low":{"dmean":0.00583306793123,"dmean2":0.00860832631588,"dvar":0.000298900908092,"dvar2":0.000599370745476,"max":0.224027201533,"mean":0.00839927978814,"median":0.00183134770487,"min":1.77492365767e-22,"var":0.000448109727586},"spectral_entropy":{"dmean":0.131361633539,"dmean2":0.202145040035,"dvar":0.0218117311597,"dvar2":0.0505413301289,"max":9.82064247131,"mean":7.24945735931,"median":7.30718660355,"min":4.57366275787,"var":0.340072780848},"spectral_flux":{"dmean":0.0223946757615,"dmean2":0.0362266860902,"dvar":0.00129121064674,"dvar2":0.00349954888225,"max":0.412642925978,"mean":0.0597826503217,"median":0.0461116172373,"min":6.27906338035e-11,"var":0.0027355379425},"spectral_kurtosis":{"dmean":3.38537526131,"dmean2":5.97142362595,"dvar":15.6145000458,"dvar2":45.9673194885,"max":85.9470214844,"mean":5.8336057663,"median":3.82264900208,"min":-1.25978505611,"var":41.9165458679},"spectral_rms":{"dmean":0.000629235524684,"dmean2":0.000914862437639,"dvar":0.00000105114190774,"dvar2":0.00000200032332032,"max":0.0148722454906,"mean":0.0040406039916,"median":0.00392768066376,"min":3.1430225176e-12,"var":0.00000537526830158},"spectral_rolloff":{"dmean":344.464324951,"dmean2":601.688171387,"dvar":497720.625,"dvar2":1246587,"max":21834.6679688,"mean":1700.85229492,"median":1227.39257812,"min":64.599609375,"var":9212563},"spectral_skewness":{"dmean":0.336661010981,"dmean2":0.584318697453,"dvar":0.116594493389,"dvar2":0.346952170134,"max":6.69177055359,"mean":1.05630993843,"median":0.912962675095,"min":-0.250440448523,"var":0.432080000639},"spectral_spread":{"dmean":233160.734375,"dmean2":371871.625,"dvar":339587825664,"dvar2":647761166336,"max":42354112,"mean":3243749.25,"median":2691736.25,"min":962375.0625,"var":19071110217700},"spectral_strongpeak":{"dmean":0.588488459587,"dmean2":0.988460659981,"dvar":1.53286874294,"dvar2":3.61497282982,"max":13.3584785461,"mean":1.19526219368,"median":0.468999028206,"min":0,"var":3.1256775856},"zerocrossingrate":{"dmean":0.00663178227842,"dmean2":0.00812512077391,"dvar":0.0000694088230375,"dvar2":0.00010285564349,"max":0.79443359375,"mean":0.0611670613289,"median":0.04541015625,"min":0.00341796875,"var":0.00766933616251}},"metadata":{"audio_properties":{"analysis_sample_rate":44100,"bit_rate":0,"codec":"flac","downmix":"mix","equal_loudness":0,"length":158.199996948,"lossless":true,"md5_encoded":"c7e633fe2a936374d7d526b7453e2885","replay_gain":-13.8502883911,"sample_rate":44100},"tags":{"album":["Three Imaginary Boys"],"albumartist":["The Cure"],"albumartistsort":["Cure, The"],"artist":["The Cure"],"artistsort":["Cure, The"],"asin":["B000679N96"],"barcode":["081227889524"],"catalognumber":["R2 78895"],"composer":["Robert Smith","Laurence Tolhurst","Michael Dempsey"],"composersort":["Smith, Robert","Tolhurst, Laurence","Dempsey, Michael"],"date":["2004-12-07"],"discnumber":["2"],"discsubtitle":["Rarities 1977-1979"],"disctotal":["2"],"file_name":"2-15 World War.flac","genre":["Alternative Rock","New Wave","Post-Punk"],"grouping":["Rock"],"label":["Rhino"],"language":["eng"],"lyricist":["Robert Smith"],"media":["CD"],"musicbrainz_albumartistid":["69ee3720-a7cb-4402-b48d-a02c366f2bcf"],"musicbrainz_albumid":["9b62f7ca-2b74-3a22-b76f-c0c184466a3a"],"musicbrainz_artistid":["69ee3720-a7cb-4402-b48d-a02c366f2bcf"],"musicbrainz_recordingid":["a252ad15-21c3-4417-94eb-289851643449"],"musicbrainz_releasegroupid":["76dc56cc-0f0f-31df-90cc-4522ca211a0d"],"musicbrainz_releasetrackid":["05ab14df-217f-37b4-8de9-390fada30b36"],"musicbrainz_workid":["20367906-9737-4966-86d7-2c04f99e4d38"],"originaldate":["1979-05-08"],"originalyear":["1979"],"releasecountry":["US"],"releasestatus":["official"],"releasetype":["album"],"script":["Latn"],"title":["World War"],"totaldiscs":["2"],"totaltracks":["20"],"tracknumber":["15"],"tracktotal":["20"],"work":["World War"]},"version":{"essentia":"2.1-beta2","essentia_build_sha":"70f2e5ece6736b2c40cc944ad0e695b16b925413","essentia_git_sha":"v2.1_beta2","extractor":"music 1.0"}},"rhythm":{"beats_