{"lowlevel":{"average_loudness":0.925509274006,"barkbands":{"dmean":[0.0000555949482077,0.000955443014391,0.00102951179724,0.00119423947763,0.000932738359552,0.000462001451524,0.000970995635726,0.000626171007752,0.000821837922558,0.000862717512064,0.00047042965889,0.000639497244265,0.00069161405554,0.000501771748532,0.00047869925038,0.000458222144516,0.000555496604647,0.000323776475852,0.000204359050258,0.000172919651959,0.000181857540156,0.0000881654632394,0.0000495896892971,0.0000256050479948,0.00000913756139198,0.0000040007644202,0.00000286774002234],"dmean2":[0.000077304772276,0.00148116122,0.00187482591718,0.00203604181297,0.00158479926176,0.000759109971114,0.00152784364764,0.000986212398857,0.00128463888541,0.00137386971619,0.000760903640185,0.00102737394627,0.0011161849834,0.000783052062616,0.000763328862377,0.000749363622162,0.00091069896007,0.000526103773154,0.000325071625412,0.000268684147159,0.000258324231254,0.000124536367366,0.0000676197378198,0.0000352181887138,0.0000122123328765,0.00000517715352544,0.00000390666946259],"dvar":[1.18157341689e-8,0.00000374744740839,0.0000059475873968,0.00000654286350255,0.00000253225948654,4.19374742933e-7,0.00000189896320535,0.00000122653648305,0.00000250273433267,0.00000233946002481,5.336046911e-7,9.52982475155e-7,0.00000148692186031,0.00000100941440451,8.31010027014e-7,3.58434988357e-7,5.75660294544e-7,2.28577590633e-7,1.16903670744e-7,1.09055662278e-7,1.1551388468e-7,2.90284987159e-8,8.79818351507e-9,2.85227730323e-9,4.54708631858e-10,9.71741576095e-11,7.85964626715e-11],"dvar2":[2.21513172249e-8,0.00000818534772407,0.0000170828789123,0.0000172171385202,0.0000069352436185,0.00000114725855838,0.00000493427114634,0.00000298888403449,0.00000583996506975,0.00000570886641071,0.00000135013988256,0.00000235617494582,0.00000392215451939,0.00000232014986068,0.00000201291686608,9.16375483939e-7,0.00000158580814968,5.88404247992e-7,2.95726948707e-7,2.56857532577e-7,2.26018755711e-7,5.85228292493e-8,1.65095848104e-8,5.65844437972e-9,7.08744285483e-10,1.7161963517e-10,1.61335680926e-10],"max":[0.00115944643039,0.0155131816864,0.0215992294252,0.0265777874738,0.0183772705495,0.00850444380194,0.0213230140507,0.0251521412283,0.0586514398456,0.0285916030407,0.0179423522204,0.0231471806765,0.0258322525769,0.0256566293538,0.0216111540794,0.0114233354107,0.0213543754071,0.00912796519697,0.00605682237074,0.00479494221509,0.0118240360171,0.00697832508013,0.00272719538771,0.00353141129017,0.00162125285715,0.000294735276839,0.000265502516413],"mean":[0.0000629466812825,0.00109478761442,0.00106409052387,0.00120660522953,0.00150532496627,0.000927336513996,0.00196069269441,0.00125196529552,0.00175421556924,0.00172837963328,0.000863979395945,0.00128875114024,0.00125375459902,0.000972357927822,0.00096338277217,0.000959034427069,0.00123147643171,0.000691325578373,0.000426141225034,0.000341726525221,0.000374044990167,0.000188559788512,0.000102463149233,0.0000549721371499,0.0000201307866519,0.00000860389627633,0.00000489790681968],"median":[0.0000047841349442,0.000321164232446,0.000507127610035,0.000364155188436,0.00096711673541,0.000673597387504,0.00128224631771,0.000746892183088,0.000976770417765,0.000898759753909,0.000523760449141,0.000795825675596,0.000647766515613,0.000417680537794,0.000496927415952,0.000727766775526,0.00094534875825,0.000502481590956,0.000284750305582,0.000169151797309,0.000161128366017,0.0000877500569914,0.0000483475268993,0.0000281683496723,0.00000955438008532,0.00000344218801729,0.00000103028185094],"min":[1.44187027769e-12,1.6333363427e-13,5.18755714722e-15,2.89397128528e-15,1.37705551308e-14,1.73864896547e-14,1.29969489286e-14,9.46290216189e-15,1.77501158167e-14,1.82214066427e-14,1.69221648277e-14,1.70682763171e-14,1.52000231791e-14,4.23303487193e-15,9.31387010296e-15,9.98289314711e-15,3.03502848667e-14,3.72401389511e-14,2.58426973939e-14,2.47748412633e-14,5.79310159413e-14,1.04399121455e-13,1.21273976104e-13,2.49129547287e-13,3.98808102427e-13,4.73356217504e-13,1.19073566111e-12],"var":[1.76673449204e-8,0.0000042813176151,0.0000038197908907,0.00000547762510905,0.00000311873282044,7.93293509105e-7,0.00000461011268271,0.00000318236493513,0.00000781267044658,0.00000590823538005,0.00000125244218907,0.00000240669010054,0.00000340626365869,0.00000277543313132,0.00000255795794146,8.25400718441e-7,0.00000140216195632,4.76824908446e-7,2.08091435638e-7,2.11987398302e-7,3.23737140207e-7,8.70662617558e-8,2.57927990077e-8,1.14916431926e-8,1.96783012107e-9,3.30724919673e-10,1.77195202955e-10]},"barkbands_crest":{"dmean":1.73363351822,"dmean2":2.80942487717,"dvar":2.55941772461,"dvar2":6.48821401596,"max":24.4661693573,"mean":6.37541770935,"median":5.73896217346,"min":2.08747410774,"var":7.42190217972},"barkbands_flatness_db":{"dmean":0.0145966401324,"dmean2":0.0198074318469,"dvar":0.000190826438484,"dvar2":0.000358780933311,"max":0.247008100152,"mean":0.0959553793073,"median":0.0932398363948,"min":0.0114648193121,"var":0.00103071460035},"barkbands_kurtosis":{"dmean":0.624233603477,"dmean2":1.00406479836,"dvar":1.1841313839,"dvar2":2.97946214676,"max":28.8029632568,"mean":-0.12024319917,"median":-0.467203378677,"min":-1.83876407146,"var":2.18430995941},"barkbands_skewness":{"dmean":0.308572083712,"dmean2":0.480444341898,"dvar":0.0949691087008,"dvar2":0.231391355395,"max":4.87567615509,"mean":0.459435164928,"median":0.420435190201,"min":-4.33319950104,"var":0.345463424921},"barkbands_spread":{"dmean":4.36357498169,"dmean2":6.02982282639,"dvar":19.8559589386,"dvar2":36.8465995789,"max":138.32182312,"mean":24.5857181549,"median":22.5784378052,"min":3.10818243027,"var":139.59803772},"dissonance":{"dmean":0.0116474730894,"dmean2":0.0196927897632,"dvar":0.000115760652989,"dvar2":0.000310581817757,"max":0.500000119209,"mean":0.478467851877,"median":0.482083916664,"min":0.357383698225,"var":0.000248552736593},"dynamic_complexity":2.4126470089,"erbbands":{"dmean":[0.0246761385351,0.246846348047,0.980191230774,2.90146970749,3.23420023918,3.38234853745,3.37486958504,3.98050808907,13.9853429794,10.0012130737,14.4750823975,20.7418022156,18.6746883392,26.2652950287,22.6824474335,22.4479846954,33.5015525818,22.3632526398,25.516374588,21.312166214,27.0567798615,27.2849254608,18.4265022278,12.340045929,8.31865310669,8.01580429077,8.70135116577,6.50457525253,3.31488490105,2.22568106651,1.2707310915,0.726116001606,0.32855913043,0.146824300289,0.0431982316077,0.020339673385,0.00616606371477,0.00196090177633,0.000508749159053,0.0000419197349402],"dmean2":[0.0370122790337,0.397294580936,1.72426056862,4.9739484787,5.56593179703,5.7690076828,5.60703659058,6.60856533051,22.1118144989,15.9515028,22.5144252777,32.0616455078,29.6087474823,41.397518158,36.7637939453,35.7743606567,53.9429168701,34.8160018921,40.4721755981,34.0695419312,44.414981842,44.1711654663,29.8070602417,19.8801059723,13.0376501083,12.2718009949,12.9888410568,9.35191631317,4.725253582,3.06931352615,1.73855555058,1.00251662731,0.450892269611,0.199542880058,0.0569822527468,0.0271339211613,0.00807861797512,0.00258965883404,0.000699445081409,0.0000576173370064],"dvar":[0.0023309669923,0.272168368101,5.11884689331,38.3996391296,49.9443244934,26.5245761871,21.3660526276,37.7777290344,412.710601807,230.036895752,630.890930176,1787.90527344,1373.54956055,2233.12084961,1230.01855469,1212.52685547,3623.04321289,1870.3503418,2833.01831055,1163.38867188,1320.17480469,1175.62268066,657.847961426,494.47164917,201.480422974,212.476913452,281.634033203,149.871109009,43.0596923828,18.1142196655,5.68052721024,1.92573153973,0.737136721611,0.138698771596,0.0110296597704,0.00231174682267,0.000230020974413,0.0000415226604673,0.00000260434399024,1.38895508428e-8],"dvar2":[0.00512264715508,0.624142110348,14.363079071,102.635452271,137.02583313,72.5950088501,58.4515266418,104.319763184,1096.18530273,561.672790527,1574.12036133,4097.84179688,3166.51391602,5663.09960938,3112.88134766,3014.83813477,9469.18164062,4384.31201172,6940.22412109,2645.26635742,3485.71411133,2978.89990234,1659.07629395,1286.62402344,492.258758545,476.3515625,597.091369629,300.955230713,88.2960128784,33.9932861328,10.4060897827,3.68255901337,1.42428541183,0.22834302485,0.0178553275764,0.00405439455062,0.000419599818997,0.0000924668420339,0.00000541103236174,2.82965011422e-8],"max":[0.459204107523,4.25218629837,19.9770717621,59.2749519348,78.1388473511,78.4420547485,91.6999511719,82.2784576416,303.427337646,393.085418701,657.504272461,1842.90637207,1071.13085938,1105.30249023,933.925598145,947.710266113,1201.15905762,1413.79040527,1469.23156738,1048.95727539,708.503356934,834.804931641,498.66809082,411.062988281,362.03692627,284.671112061,638.584838867,392.820953369,259.574157715,180.392059326,60.3059921265,55.0501022339,80.1861495972,30.3619556427,9.84168434143,1.59385240078,0.489084452391,0.313214600086,0.0502140596509,0.00428616115823],"mean":[0.0272780936211,0.267375051975,1.10209155083,3.04621052742,3.85856771469,5.59429740906,6.4354891777,7.97517251968,27.4754257202,21.6589889526,31.8858184814,44.1657180786,40.3368644714,52.6215515137,49.1276397705,51.4386291504,63.6063613892,47.61145401,54.3021469116,47.3917427063,60.116519928,65.0846481323,43.5296974182,26.6787052155,17.6939182281,16.5612258911,17.4884624481,12.971985817,7.1053352356,4.57864332199,2.61320829391,1.49596345425,0.709865629673,0.313986092806,0.0981115698814,0.0433100759983,0.0130076901987,0.00379679701291,0.000878389168065,0.0000871962474776],"median":[0.00518264900893,0.0912797003984,0.508078932762,1.09936451912,1.89875257015,3.47408604622,4.55976772308,5.46568584442,17.4744510651,15.2211685181,20.3484287262,23.6980857849,23.1037025452,28.4187507629,33.2205810547,33.4339599609,34.205406189,25.2620449066,23.7208976746,32.2430496216,46.4293670654,51.8571128845,33.7266769409,18.4331893921,11.0142326355,8.28870773315,7.6754488945,5.74018669128,3.2938015461,2.10741233826,1.20268321037,0.76643371582,0.342050611973,0.147233754396,0.0475524067879,0.0184576138854,0.00530010368675,0.00117796985433,0.000198846770218,0.0000434617140854],"min":[6.17577863848e-11,1.86494292231e-11,1.12064489632e-11,1.37601622804e-11,6.17021711502e-11,5.82208725675e-11,1.54406681885e-10,9.8914466895e-11,1.22097096322e-10,3.10599157505e-10,4.06238431783e-10,6.80274059306e-10,9.06886621355e-10,6.52097320586e-10,5.77308312266e-10,7.57546192443e-10,6.92933099788e-10,2.77567469009e-10,4.13701711777e-10,5.098342859e-10,6.55094478663e-10,1.53498191935e-9,1.9012003083e-9,2.16617146442e-9,8.54214976531e-10,1.09033826412e-9,1.75906222921e-9,2.95006530315e-9,4.52178960941e-9,2.5009920801e-9,3.82078635397e-9,4.58281457227e-9,4.14937195714e-9,3.08398928617e-9,3.42542860743e-9,1.57030788372e-9,1.05098640901e-9,8.78992323372e-10,1.38519543058e-10,1.43292591334e-11],"var":[0.0029044772964,0.26883906126,3.61442160606,31.0194950104,40.782333374,44.2176971436,39.67137146,66.572479248,955.977416992,533.622436523,1738.84521484,5259.10644531,3561.14599609,5578.06738281,3203.43774414,3626.34033203,8305.7734375,4828.49804688,9696.91992188,3567.35302734,3146.8762207,3206.86254883,1543.86694336,813.16973877,398.505828857,489.448852539,714.453491211,388.498840332,127.203269958,55.2497062683,16.5861911774,5.98904848099,3.05090355873,0.502763330936,0.0528653897345,0.00830835942179,0.000735645531677,0.0000888974755071,0.00000563548792343,3.09985530578e-8]},"erbbands_crest":{"dmean":2.06033229828,"dmean2":3.32710385323,"dvar":4.10965013504,"dvar2":10.2602891922,"max":30.2010784149,"mean":7.61601066589,"median":6.69959878922,"min":2.17337560654,"var":12.2864646912},"erbbands_flatness_db":{"dmean":0.0165503565222,"dmean2":0.0221836715937,"dvar":0.000295623933198,"dvar2":0.000491412589327,"max":0.313609272242,"mean":0.174420401454,"median":0.172139078379,"min":0.0394938066602,"var":0.00150975876022},"erbbands_kurtosis":{"dmean":0.509749054909,"dmean2":0.805045962334,"dvar":0.444100379944,"dvar2":1.03162896633,"max":23.5729198456,"mean":-0.0356789678335,"median":-0.283457517624,"min":-1.55467522144,"var":1.37785804272},"erbbands_skewness":{"dmean":0.258368521929,"dmean2":0.394278854132,"dvar":0.0513242296875,"dvar2":0.116462819278,"max":3.64883542061,"mean":-0.027373785153,"median":-0.0286282673478,"min":-3.61756777763,"var":0.299488157034},"erbbands_spread":{"dmean":4.77100086212,"dmean2":7.2800655365,"dvar":26.5687274933,"dvar2":57.7077331543,"max":90.3329467773,"mean":28.1464138031,"median":26.4394073486,"min":4.45080089569,"var":108.818893433},"gfcc":{"cov":[[8894.61132812,366.30871582,-560.267883301,416.29385376,-282.056060791,115.961662292,3.1226568222,15.9489955902,-55.5354614258,26.4667758942,-77.6198959351,-66.7566986084,-63.2278709412],[366.30871582,1005.35491943,-260.674713135,-18.292881012,123.879440308,-105.252281189,-46.9446525574,-22.3426513672,59.9211273193,-100.37928009,21.8387832642,-31.616361618,-6.22014665604],[-560.267883301,-260.674713135,600.600524902,159.655700684,76.8965835571,83.7484817505,61.6660804749,42.7993545532,9.51586818695,39.6429214478,-22.7766685486,16.9891834259,1.86066448689],[416.29385376,-18.292881012,159.655700684,329.422027588,-8.60994243622,65.3965988159,36.6633911133,9.64532470703,13.4198246002,8.21829223633,-12.4791793823,-7.03473138809,11.06590271],[-282.056060791,123.879440308,76.8965835571,-8.60994243622,252.837112427,35.4709777832,21.425447464,29.4920749664,35.7341995239,-11.4442396164,6.74964570999,2.56333518028,-11.4305057526],[115.961662292,-105.252281189,83.7484817505,65.3965988159,35.4709777832,123.989196777,54.2883529663,24.3405056,-4.07319116592,23.2942676544,-0.158256649971,2.89670538902,0.136169835925],[3.1226568222,-46.9446525574,61.6660804749,36.6633911133,21.425447464,54.2883529663,98.0580825806,36.8591957092,9.33684635162,12.1022043228,7.66825342178,2.53774619102,2.17848730087],[15.9489955902,-22.3426513672,42.7993545532,9.64532470703,29.4920749664,24.3405056,36.8591957092,74.8272628784,33.1369667053,11.1196985245,-1.81757557392,6.73887395859,-0.634217441082],[-55.5354614258,59.9211273193,9.51586818695,13.4198246002,35.7341995239,-4.07319116592,9.33684635162,33.1369667053,72.3763504028,19.2620944977,4.00371742249,-2.19978260994,4.67104434967],[26.4667758942,-100.37928009,39.6429214478,8.21829223633,-11.4442396164,23.2942676544,12.1022043228,11.1196985245,19.2620944977,67.4437026978,19.4287643433,3.4717476368,-1.55656313896],[-77.6198959351,21.8387832642,-22.7766685486,-12.4791793823,6.74964570999,-0.158256649971,7.66825342178,-1.81757557392,4.00371742249,19.4287643433,55.9919967651,24.744228363,0.477330088615],[-66.7566986084,-31.616361618,16.9891834259,-7.03473138809,2.56333518028,2.89670538902,2.53774619102,6.73887395859,-2.19978260994,3.4717476368,24.744228363,48.9844169617,18.1832790375],[-63.2278709412,-6.22014665604,1.86066448689,11.06590271,-11.4305057526,0.136169835925,2.17848730087,-0.634217441082,4.67104434967,-1.55656313896,0.477330088615,18.1832790375,48.2761192322]],"icov":[[0.000162644151715,-0.000128219588078,0.000249467877438,-0.000289894989692,0.000141240961966,-0.000170389481355,0.0000126943077703,-0.000213599574636,0.000333312462317,-0.000485461583594,0.000573493947741,-0.000329763715854,0.000354508170858],[-0.000128219588078,0.00196106219664,0.000360166071914,-0.000190821898286,-0.000948881730437,0.00094048853498,0.000197763365577,0.000607296125963,-0.00218605459668,0.0034325949382,-0.00266042933799,0.00203933659941,-0.000533289217856],[0.000249467877438,0.000360166071914,0.00301614450291,-0.00166134827305,-0.000983478268608,0.000109430904558,-0.000784056494012,-0.000522469345015,0.00088503776351,-0.0020587912295,0.00290455459617,-0.00224365852773,0.00109739531763],[-0.000289894989692,-0.000190821898286,-0.00166134827305,0.00470984634012,0.000927805027459,-0.00209269905463,-0.000262584537268,0.00128980400041,-0.00211680540815,0.00176126079168,-0.0011205454357,0.00153835269157,-0.00147219363134],[0.000141240961966,-0.000948881730437,-0.000983478268608,0.000927805027459,0.00594862597063,-0.00302113196813,0.00038719715667,-0.000454867316876,-0.00276465574279,0.00211914535612,-0.000682500132825,-0.000660542340484,0.00187287887093],[-0.000170389481355,0.00094048853498,0.000109430904558,-0.00209269905463,-0.00302113196813,0.0146486964077,-0.00569502310827,-0.00147453963291,0.00429300079122,-0.00427218340337,0.00134089530911,-0.000106296676677,-0.000671880086884],[0.0000126943077703,0.000197763365577,-0.000784056494012,-0.000262584537268,0.00038719715667,-0.00569502310827,0.0166880823672,-0.00713275931776,0.000606517889537,0.00220281560905,-0.00575223751366,0.00440446846187,-0.002196241403],[-0.000213599574636,0.000607296125963,-0.000522469345015,0.00128980400041,-0.000454867316876,-0.00147453963291,-0.00713275931776,0.023570606485,-0.0116253942251,0.00139397499152,0.0045554577373,-0.00657215761021,0.00365111627616],[0.000333312462317,-0.00218605459668,0.00088503776351,-0.00211680540815,-0.00276465574279,0.00429300079122,0.000606517889537,-0.0116253942251,0.026465119794,-0.0122839054093,0.00253333570436,0.00217010919005,-0.0040399893187],[-0.000485461583594,0.0034325949382,-0.0020587912295,0.00176126079168,0.00211914535612,-0.00427218340337,0.00220281560905,0.00139397499152,-0.0122839054093,0.0300438720733,-0.0161087177694,0.00812003109604,-0.000827086216304],[0.000573493947741,-0.00266042933799,0.00290455459617,-0.0011205454357,-0.000682500132825,0.00134089530911,-0.00575223751366,0.0045554577373,0.00253333570436,-0.0161087177694,0.0371786095202,-0.0230689607561,0.0082641215995],[-0.000329763715854,0.00203933659941,-0.00224365852773,0.00153835269157,-0.000660542340484,-0.000106296676677,0.00440446846187,-0.00657215761021,0.00217010919005,0.00812003109604,-0.0230689607561,0.0399843975902,-0.0156567320228],[0.000354508170858,-0.000533289217856,0.00109739531763,-0.00147219363134,0.00187287887093,-0.000671880086884,-0.002196241403,0.00365111627616,-0.0040399893187,-0.000827086216304,0.0082641215995,-0.0156567320228,0.0281769949943]],"mean":[13.2606468201,86.8798370361,-154.946762085,19.6720600128,-57.971736908,2.21086931229,-32.9117202759,2.05304050446,-17.1527175903,-5.89144182205,-16.1885509491,-0.765505194664,-11.0930490494]},"hfc":{"dmean":5.79634380341,"dmean2":8.12372875214,"dvar":54.2137718201,"dvar2":104.724349976,"max":138.261520386,"mean":27.0630893707,"median":23.9590454102,"min":4.81873669855e-8,"var":287.774078369},"melbands":{"dmean":[0.000240154651692,0.000434383342508,0.000496179563925,0.000228624150623,0.000119004092994,0.000092038353614,0.000212864222704,0.000109776272438,0.000124531507026,0.000124047364807,0.0000960370598477,0.000114937283797,0.0000713454937795,0.0000773920328356,0.0000683902253513,0.0000583081382501,0.0000464732402179,0.000044793359848,0.0000325506953232,0.0000294056317216,0.0000359414480045,0.0000325676264765,0.0000267196792265,0.000014321776689,0.0000107095111161,0.00000770259066485,0.00000490763932248,0.0000059200965552,0.00000666516734782,0.0000042493879846,0.00000374425121663,0.0000021361229301,0.00000147354103319,0.00000124126336232,8.0316203821e-7,5.50903507701e-7,4.40936105406e-7,2.59214203879e-7,1.94301165379e-7,1.05251743321e-7],"dmean2":[0.000361557933502,0.00072185753379,0.00084699364379,0.000388829474105,0.000198505367734,0.000152483087732,0.000334822834702,0.000175758963451,0.000193743442651,0.000192480205442,0.000152668653755,0.000181083727512,0.000115114824439,0.000124056154164,0.000110023014713,0.0000937152581173,0.000072420341894,0.0000709867163096,0.0000515690480825,0.0000477205867355,0.000059522662923,0.0000533245402039,0.0000437356720795,0.0000233468490478,0.0000174685555976,0.0000123669396999,0.0000077148733908,0.00000922501294554,0.0000103694328573,0.00000619444836047,0.00000553855761609,0.00000320739241033,0.00000212387499232,0.00000177281458491,0.00000114049396416,7.78842093041e-7,6.32996830063e-7,3.72092614498e-7,2.76057022575e-7,1.46954533875e-7],"dvar":[2.21221327479e-7,9.14495956295e-7,0.00000110216251414,1.56747461233e-7,2.81212972908e-8,2.06214014753e-8,9.3543768287e-8,3.02181959455e-8,4.31111999433e-8,6.2186920502e-8,3.54434028793e-8,4.39853735656e-8,1.12215143844e-8,1.38397906468e-8,1.53293395755e-8,9.55012158244e-9,8.87603235356e-9,9.22188103658e-9,3.75881681336e-9,1.67870917167e-9,2.60516297423e-9,1.8753967268e-9,1.1821170709e-9,5.12212827708e-10,3.78705650173e-10,1.69557867746e-10,8.01246083371e-11,1.19331974857e-10,1.82493020695e-10,6.84678078122e-11,5.15186088235e-11,1.88502650988e-11,8.58562613365e-12,5.83718793787e-12,2.5408260565e-12,9.99400540623e-13,7.91953416908e-13,4.43364502013e-13,3.80589521487e-13,6.56565866128e-14],"dvar2":[4.81360700633e-7,0.00000241218754127,0.000002908288252,4.32515918192e-7,7.56136131486e-8,5.69517659699e-8,2.44857005782e-7,7.32157019456e-8,1.06259854249e-7,1.41224759886e-7,8.14304996766e-8,1.11309944373e-7,2.83146803781e-8,3.36787451261e-8,4.09910683175e-8,2.41061606232e-8,2.08838102367e-8,2.21342997264e-8,8.66998028926e-9,4.20261070389e-9,7.18512938036e-9,4.9661408319e-9,2.99556091043e-9,1.34012156927e-9,9.96920213048e-10,4.30664115481e-10,1.87314150302e-10,2.81775297539e-10,4.3366979452e-10,1.40085484879e-10,1.09073049204e-10,4.31062963102e-11,1.79810905748e-11,1.19905196883e-11,5.08322854295e-12,1.98162580095e-12,1.56956891061e-12,9.50038225173e-13,6.2084669003e-13,1.18850011755e-13],"max":[0.00402815965936,0.00849499367177,0.00991160143167,0.00440051127225,0.00251300563104,0.00193953246344,0.00451052561402,0.00412046071142,0.00498932367191,0.0105962492526,0.00520077953115,0.00482122041285,0.0024928569328,0.00289115379564,0.00264537078328,0.00185909704305,0.00253451545723,0.00265577365644,0.00171386648435,0.000986420782283,0.00120462581981,0.000998249044642,0.000653042981867,0.00050863949582,0.00035525354906,0.000324716907926,0.00014640072186,0.000228318560403,0.000564700458199,0.000172201151145,0.000251233257586,0.000173026986886,0.000140248448588,0.0000860579966684,0.0000457830647065,0.0000222146736633,0.0000402846380894,0.000050482165534,0.0000606968424108,0.0000145150943354],"mean":[0.000275976810372,0.000504829979036,0.000535706756637,0.000351903581759,0.000229338547797,0.000176112167537,0.000426359183621,0.000239092754782,0.000276715611108,0.000261545355897,0.000197127010324,0.000217961918679,0.000145064244862,0.000155596120749,0.000139232259244,0.000109549706394,0.0000885991321411,0.0000881087980815,0.0000660117220832,0.0000617055193288,0.0000725774443708,0.0000697969153407,0.0000548626921955,0.0000292108870781,0.0000208156034205,0.0000151438935063,0.00000949333480094,0.0000113005198727,0.0000121801895148,0.00000807552260085,0.0000071376998676,0.00000425013740823,0.00000289349304694,0.00000237051040131,0.00000154292149546,0.00000109779773538,8.53079200169e-7,5.24298684468e-7,3.84348908256e-7,2.13787956227e-7],"median":[0.000066553518991,0.000224427349167,0.00021330358868,0.00021783952252,0.000163152959431,0.000119106567581,0.000272994744591,0.000165145698702,0.000179134076461,0.000143146928167,0.000108190826722,0.000108610474854,0.0000948685483309,0.000100841250969,0.0000727301667212,0.0000620796781732,0.0000409233471146,0.0000330770708388,0.0000384880186175,0.000044845717639,0.0000542238776688,0.0000526788971911,0.0000419691568823,0.0000202337887458,0.0000136962189572,0.00000953905055212,0.00000493943480251,0.00000543027454114,0.00000534978244104,0.00000315698071063,0.00000313530495077,0.00000191317667486,0.00000131118065383,0.00000108365634333,6.77120681303e-7,5.32390743047e-7,4.27873828812e-7,2.45504651275e-7,1.75320735707e-7,9.76480123427e-8],"min":[5.27246757538e-13,4.31264156941e-15,3.78040291129e-15,3.8646301735e-15,6.03306247055e-15,2.34911480086e-15,2.13531500289e-15,3.65580267068e-15,3.42277183667e-15,2.92095754322e-15,3.90014584146e-15,2.45089915024e-15,2.05061170816e-15,1.94484990382e-15,1.64171587024e-15,1.43054812127e-15,3.6998883533e-16,6.48704259001e-16,6.73138565491e-16,6.81448964555e-16,7.98053531777e-16,1.25046076399e-15,2.41258785004e-15,1.63214619788e-15,1.86724898035e-15,5.83589130576e-16,4.72937828545e-16,8.49729847219e-16,8.70736952525e-16,2.03809785516e-15,1.41531709245e-15,2.87498525353e-15,1.48526030867e-15,1.5875246081e-15,2.66219046014e-15,1.53482137108e-15,3.30533643601e-15,2.85572965354e-15,2.43208231332e-15,2.58515217832e-15],"var":[2.72924467026e-7,7.44200917779e-7,9.07491426005e-7,1.82458165909e-7,5.05822548291e-8,3.4298967222e-8,2.28418343795e-7,7.57142331054e-8,1.27701895281e-7,1.88897217868e-7,9.16832831876e-8,1.07402257754e-7,2.79862675256e-8,3.24459286105e-8,4.16075955911e-8,2.16605080539e-8,2.16877928949e-8,3.07677652245e-8,1.05304271969e-8,4.2377457099e-9,5.51355761047e-9,4.59952032017e-9,2.55902588009e-9,1.07987496722e-9,5.58806168005e-10,3.05310748905e-10,1.4773535173e-10,2.5539667603e-10,3.80378201159e-10,1.61607921489e-10,1.2344625322e-10,4.65983120146e-11,2.36848145263e-11,1.53370580125e-11,6.34684145517e-12,2.68046023745e-12,2.31759706912e-12,1.69378345984e-12,1.12526340242e-12,2.14643922211e-13]},"melbands_crest":{"dmean":2.48051548004,"dmean2":4.01004076004,"dvar":5.19914007187,"dvar2":13.4351472855,"max":33.469078064,"mean":9.1288728714,"median":8.33485031128,"min":2.77313661575,"var":13.9283943176},"melbands_flatness_db":{"dmean":0.0172028876841,"dmean2":0.0246425513178,"dvar":0.000298431201372,"dvar2":0.000668124994263,"max":0.316371649504,"mean":0.133913770318,"median":0.131022721529,"min":0.0317945964634,"var":0.00142196484376},"melbands_kurtosis":{"dmean":1.55705630779,"dmean2":2.52755188942,"dvar":8.91678524017,"dvar2":23.1959571838,"max":97.2934951782,"mean":1.9512257576,"median":1.04428243637,"min":-1.8791115284,"var":12.3912162781},"melbands_skewness":{"dmean":0.392902225256,"dmean2":0.610594689846,"dvar":0.196153342724,"dvar2":0.468564480543,"max":8.06499862671,"mean":1.15949141979,"median":1.07092308998,"min":-2.27687120438,"var":0.541605174541},"melbands_spread":{"dmean":7.01126241684,"dmean2":10.4207401276,"dvar":50.1432304382,"dvar2":114.677780151,"max":228.621078491,"mean":36.2244148254,"median":34.2364196777,"min":3.65234136581,"var":225.549316406},"mfcc":{"cov":[[5806.05175781,1.81021237373,-68.4683837891,234.486038208,-139.165328979,148.051086426,38.3731994629,26.4964752197,6.8743929863,51.8434906006,17.4057025909,44.131313324,-43.496006012],[1.81021237373,931.379211426,-279.217651367,8.59650230408,114.575050354,-65.8604431152,-62.2524032593,41.7333374023,-19.3446674347,-30.2397422791,11.5261669159,0.058933686465,10.9364032745],[-68.4683837891,-279.217651367,463.356170654,130.543838501,12.3610887527,71.7147064209,52.6609725952,9.67760562897,56.6372718811,20.2614440918,-16.6021385193,28.8933086395,15.7297372818],[234.486038208,8.59650230408,130.543838501,213.209472656,56.0734367371,47.3306617737,8.8038816452,30.4300231934,27.8865280151,15.6376447678,-3.29396653175,5.4932847023,17.0793781281],[-139.165328979,114.575050354,12.3610887527,56.0734367371,178.814422607,39.7117385864,16.9165744781,33.6838951111,29.4118824005,14.5076932907,11.8998823166,5.79670476913,10.7972126007],[148.051086426,-65.8604431152,71.7147064209,47.3306617737,39.7117385864,105.352767944,51.9477729797,14.3167190552,16.0032081604,19.3041267395,9.6245880127,2.54573225975,1.00186800957],[38.3731994629,-62.2524032593,52.6609725952,8.8038816452,16.9165744781,51.9477729797,98.3231506348,35.4581336975,10.9843740463,12.3614501953,13.0396223068,7.77599716187,2.31497097015],[26.4964752197,41.7333374023,9.67760562897,30.4300231934,33.6838951111,14.3167190552,35.4581336975,79.4364242554,31.0218582153,7.19279336929,7.86178588867,6.43673038483,11.2349891663],[6.8743929863,-19.3446674347,56.6372718811,27.8865280151,29.4118824005,16.0032081604,10.9843740463,31.0218582153,78.1527404785,35.7155914307,1.68726360798,5.01379919052,0.774091422558],[51.8434906006,-30.2397422791,20.2614440918,15.6376447678,14.5076932907,19.3041267395,12.3614501953,7.19279336929,35.7155914307,67.9727020264,26.7578716278,-0.18741312623,-2.60690641403],[17.4057025909,11.5261669159,-16.6021385193,-3.29396653175,11.8998823166,9.6245880127,13.0396223068,7.86178588867,1.68726360798,26.7578716278,59.4775543213,20.3853855133,2.07373309135],[44.131313324,0.058933686465,28.8933086395,5.4932847023,5.79670476913,2.54573225975,7.77599716187,6.43673038483,5.01379919052,-0.18741312623,20.3853855133,59.8306350708,23.8799190521],[-43.496006012,10.9364032745,15.7297372818,17.0793781281,10.7972126007,1.00186800957,2.31497097015,11.2349891663,0.774091422558,-2.60690641403,2.07373309135,23.8799190521,50.0824241638]],"icov":[[0.000216893313336,-0.0000182515759661,0.000202667462872,-0.000364271021681,0.000371795060346,-0.000418945681304,0.0000367652610294,-0.0000875105397427,0.0000502053626406,-0.00020402984228,0.000213320425246,-0.000477791327285,0.000406672857935],[-0.0000182515759661,0.00165663659573,0.000955791561864,-0.000468696496682,-0.00111663527787,0.000731176114641,0.000646313827019,-0.000829113589134,0.000167293954291,0.000546870171092,-0.000150751700858,-0.000301374064293,0.0000400862154493],[0.000202667462872,0.000955791561864,0.00420618010685,-0.00256187422201,0.000420277152443,-0.000857634353451,-0.00144529109821,0.00137360137887,-0.00233453675173,0.000460400100565,0.00165257952176,-0.00241573690437,0.00034858926665],[-0.000364271021681,-0.000468696496682,-0.00256187422201,0.0078738136217,-0.00162890914362,-0.00193064345513,0.00267058494501,-0.00266095111147,0.00102213374339,-0.00100318295881,0.000264729664195,0.00161358737387,-0.00207963353023],[0.000371795060346,-0.00111663527787,0.000420277152443,-0.00162890914362,0.00846397783607,-0.00355623918585,0.00022471966804,-0.00104595453013,-0.00213551940396,0.000156763824634,-0.000774068466853,-0.000349274545442,-0.000299352919683],[-0.000418945681304,0.000731176114641,-0.000857634353451,-0.00193064345513,-0.00355623918585,0.017215391621,-0.0080586662516,0.00280854827724,-0.0002608486393,-0.00102086330298,-0.00118185416795,0.00179239176214,-0.000285799964331],[0.0000367652610294,0.000646313827019,-0.00144529109821,0.00267058494501,0.00022471966804,-0.0080586662516,0.0187290217727,-0.00952183734626,0.00379463401623,-0.00163619068917,-0.00100150611252,-0.00114956416655,0.00126284721773],[-0.0000875105397427,-0.000829113589134,0.00137360137887,-0.00266095111147,-0.00104595453013,0.00280854827724,-0.00952183734626,0.0224802531302,-0.0105051519349,0.00540081644431,-0.00346048525535,0.00225632963702,-0.00434152968228],[0.0000502053626406,0.000167293954291,-0.00233453675173,0.00102213374339,-0.00213551940396,-0.0002608486393,0.00379463401623,-0.0105051519349,0.0255425926298,-0.0148976780474,0.00775593705475,-0.00444105546921,0.00366470520385],[-0.00020402984228,0.000546870171092,0.000460400100565,-0.00100318295881,0.000156763824634,-0.00102086330298,-0.00163619068917,0.00540081644431,-0.0148976780474,0.0288986861706,-0.0151178902015,0.00707135675475,-0.00225964211859],[0.000213320425246,-0.000150751700858,0.00165257952176,0.000264729664195,-0.000774068466853,-0.00118185416795,-0.00100150611252,-0.00346048525535,0.00775593705475,-0.0151178902015,0.0290867909789,-0.0128013510257,0.00461463816464],[-0.000477791327285,-0.000301374064293,-0.00241573690437,0.00161358737387,-0.000349274545442,0.00179239176214,-0.00114956416655,0.00225632963702,-0.00444105546921,0.00707135675475,-0.0128013510257,0.0278384536505,-0.0128612127155],[0.000406672857935,0.0000400862154493,0.00034858926665,-0.00207963353023,-0.000299352919683,-0.000285799964331,0.00126284721773,-0.00434152968228,0.00366470520385,-0.00225964211859,0.00461463816464,-0.0128612127155,0.0276641100645]],"mean":[-614.617980957,116.995521545,-36.659412384,14.2625637054,-8.18091869354,-0.0129469111562,-9.68910884857,5.21852254868,-0.266475200653,-4.19394302368,-4.18575382233,4.48908138275,-2.88185477257]},"pitch_salience":{"dmean":0.0524033643305,"dmean2":0.0852621495724,"dvar":0.00200932705775,"dvar2":0.0050753178075,"max":0.888814091682,"mean":0.665455639362,"median":0.675844073296,"min":0.140653833747,"var":0.00648227287456},"silence_rate_20dB":{"dmean":0,"dmean2":0,"dvar":0,"dvar2":0,"max":1,"mean":1,"median":1,"min":1,"var":0},"silence_rate_30dB":{"dmean":0,"dmean2":0,"dvar":0,"dvar2":0,"max":1,"mean":1,"median":1,"min":1,"var":0},"silence_rate_60dB":{"dmean":0.00605036038905,"dmean2":0.012101797387,"dvar":0.00601490074769,"dvar2":0.0160528421402,"max":1,"mean":0.027846975252,"median":0,"min":0,"var":0.027070781216},"spectral_centroid":{"dmean":206.827163696,"dmean2":303.798278809,"dvar":40100.9453125,"dvar2":85385.609375,"max":4974.06054688,"mean":1789.48791504,"median":1767.8782959,"min":449.726837158,"var":227622.703125},"spectral_complexity":{"dmean":4.10712718964,"dmean2":5.97882175446,"dvar":17.3069095612,"dvar2":30.3638458252,"max":65,"mean":31.1192169189,"median":31,"min":0,"var":120.965637207},"spectral_contrast_coeffs":{"dmean":[0.0511941052973,0.0422206223011,0.0356605015695,0.0285303425044,0.0213010851294,0.0158081576228],"dmean2":[0.0832410752773,0.0701154023409,0.0586189813912,0.0471669994295,0.0347422584891,0.0252954252064],"dvar":[0.00175365165342,0.00113364926074,0.000813154096249,0.000482037110487,0.000312592543196,0.000213200051803],"dvar2":[0.00459188828245,0.00307630491443,0.0021360674873,0.00129112892319,0.000788099539932,0.000470236147521],"max":[-0.324563205242,-0.522526919842,-0.516238808632,-0.60954451561,-0.610640227795,-0.603724777699],"mean":[-0.630852103233,-0.746350049973,-0.770569324493,-0.780210793018,-0.777639508247,-0.724610328674],"median":[-0.636752188206,-0.747742772102,-0.774119317532,-0.783268094063,-0.780465483665,-0.726127028465],"min":[-0.942328393459,-0.972228169441,-0.965759634972,-0.949505984783,-0.939443647861,-0.931442499161],"var":[0.00600491464138,0.00337046547793,0.0027953167446,0.00187679962255,0.00148232991342,0.00149866275024]},"spectral_contrast_valleys":{"dmean":[0.488168507814,0.313404649496,0.270271748304,0.231977671385,0.217819318175,0.271362900734],"dmean2":[0.735576570034,0.518775045872,0.446059644222,0.373374581337,0.316275328398,0.331143856049],"dvar":[0.195738226175,0.0664666295052,0.0500295236707,0.0403994172812,0.0611103177071,0.104952298105],"dvar2":[0.377979189157,0.175380393863,0.126305162907,0.0948611348867,0.109456315637,0.166136801243],"max":[-5.72184228897,-4.93677949905,-5.12329626083,-5.60699939728,-5.40194988251,-7.77511262894],"mean":[-7.87712621689,-6.44203233719,-6.64578390121,-7.00011110306,-6.97774457932,-10.2640552521],"median":[-7.72029590607,-6.31129360199,-6.50883197784,-6.85629463196,-6.85928535461,-10.1190414429],"min":[-20.0586013794,-18.0350494385,-19.3677330017,-18.9144268036,-18.2509155273,-19.2864265442],"var":[1.35898983479,0.963788926601,0.9400177598,0.927191257477,0.955156087875,0.902812421322]},"spectral_decrease":{"dmean":1.32391198004e-9,"dmean2":1.98382510419e-9,"dvar":3.04597535287e-18,"dvar2":7.11588160367e-18,"max":-7.09609813176e-19,"mean":-5.25862864365e-9,"median":-4.89839280249e-9,"min":-1.73740417608e-8,"var":8.32996354004e-18},"spectral_energy":{"dmean":0.00539455097169,"dmean2":0.007991948165,"dvar":0.0000488373589178,"dvar2":0.000112302259367,"max":0.0714033693075,"mean":0.0223019979894,"median":0.0208069868386,"min":7.04897381784e-12,"var":0.000147687809658},"spectral_energyband_high":{"dmean":0.000396717456169,"dmean2":0.000517595908605,"dvar":5.24278391367e-7,"dvar2":8.87546036665e-7,"max":0.0199683364481,"mean":0.000971411645878,"median":0.000479026697576,"min":2.55632299183e-12,"var":0.00000187713851574},"spectral_energyband_low":{"dmean":0.00225935457274,"dmean2":0.0035432963632,"dvar":0.0000210861708183,"dvar2":0.0000518094930158,"max":0.0358883067966,"mean":0.00293279695325,"median":0.00144747714512,"min":2.28707330852e-12,"var":0.0000211367078009},"spectral_energyband_middle_high":{"dmean":0.00233126990497,"dmean2":0.00355419400148,"dvar":0.00000709329060555,"dvar2":0.0000159315259225,"max":0.0504979714751,"mean":0.0102638695389,"median":0.009117776528,"min":1.84612945048e-13,"var":0.0000507430886501},"spectral_energyband_middle_low":{"dmean":0.00309989275411,"dmean2":0.00497305905446,"dvar":0.0000183630381798,"dvar2":0.0000469791739306,"max":0.0606710799038,"mean":0.0090417554602,"median":0.00775347044691,"min":2.99103867759e-13,"var":0.0000372143149434},"spectral_entropy":{"dmean":0.0922411978245,"dmean2":0.126360431314,"dvar":0.00893065240234,"dvar2":0.0156747922301,"max":8.99062728882,"mean":7.76049470901,"median":7.76554012299,"min":6.79726219177,"var":0.0612032189965},"spectral_flux":{"dmean":0.0183484181762,"dmean2":0.0264559108764,"dvar":0.00043694966007,"dvar2":0.00084830482956,"max":0.235442787409,"mean":0.0815030932426,"median":0.076154962182,"min":0.0000045087158469,"var":0.00139996490907},"spectral_kurtosis":{"dmean":1.62285411358,"dmean2":2.76646971703,"dvar":3.88027453423,"dvar2":10.8531589508,"max":29.6083869934,"mean":4.98220443726,"median":4.53580522537,"min":0.0139126777649,"var":7.73659086227},"spectral_rms":{"dmean":0.00053612946067,"dmean2":0.000776156957727,"dvar":4.0129313561e-7,"dvar2":8.74726708844e-7,"max":0.00834636576474,"mean":0.00445415079594,"median":0.00450549647212,"min":8.29279684922e-8,"var":0.00000191857498066},"spectral_rolloff":{"dmean":381.866210938,"dmean2":594.179199219,"dvar":212148.875,"dvar2":445179.25,"max":17915.625,"mean":2329.05395508,"median":2239.453125,"min":172.265625,"var":2130047},"spectral_skewness":{"dmean":0.188679903746,"dmean2":0.309373110533,"dvar":0.0387272313237,"dvar2":0.0968380570412,"max":3.76905846596,"mean":1.41914963722,"median":1.44575238228,"min":0.295559793711,"var":0.131714791059},"spectral_spread":{"dmean":316087.90625,"dmean2":443171.25,"dvar":124929916928,"dvar2":223289638912,"max":13156063,"mean":3433856.75,"median":3357602,"min":1499422,"var":1071830663170},"spectral_strongpeak":{"dmean":0.753107309341,"dmean2":1.26672172546,"dvar":1.05367875099,"dvar2":2.64529585838,"max":17.5392341614,"mean":1.40660572052,"median":0.962103128433,"min":0,"var":2.08051776886},"zerocrossingrate":{"dmean":0.00755717232823,"dmean2":0.00860188342631,"dvar":0.0000552143501409,"dvar2":0.0000683390026097,"max":0.46484375,"mean":0.0770197212696,"median":0.07177734375,"min":0.02001953125,"var":0.0012171738781}},"metadata":{"audio_properties":{"analysis_sample_rate":44100,"bit_rate":0,"codec":"flac","downmix":"mix","equal_loudness":0,"length":260.959991455,"lossless":true,"md5_encoded":"c6018cc449b7d0ff10f478734984f81b","replay_gain":-17.4924621582,"sample_rate":44100},"tags":{"album":["Some Girls"],"albumartist":["The Rolling Stones"],"albumartistsort":["Rolling Stones, The"],"artist":["The Rolling Stones"],"artistsort":["Rolling Stones, The"],"barcode":["602527015668"],"catalognumber":["2701566"],"date":["2009-06-09"],"discnumber":["1"],"disctotal":["1"],"file_name":"01-02 When the Whip Comes Down.flac","genre":["Rock"],"isrc":["GBCJN7800002"],"label":["Polydor"],"labelno":["2701566"],"media":["CD"],"musicbrainz_albumartistid":["b071f9fa-14b0-4217-8e97-eb41da73f598"],"musicbrainz_albumid":["7ffa7a1c-ecab-3ae0-bed8-9cda89cb90ec"],"musicbrainz_artistid":["b071f9fa-14b0-4217-8e97-eb41da73f598"],"musicbrainz_recordingid":["a25f6e38-808b-4a0a-884f-ce87cc288fcf"],"musicbrainz_releasegroupid":["b44bc358-a28f-3a1f-b07e-604910f12d37"],"originaldate":["1978-06-09"],"publisher":["Polydor"],"release date":["2009-06-09"],"releasecountry":["AR"],"releasestatus":["official"],"releasetype":["album"],"script":["Latn"],"title":["When the Whip Comes Down"],"totaldiscs":["1"],"totaltracks":["10"],"tracknumber":["2"],"tracktotal":["10"]},"version":{"essentia":"2.1-beta1","essentia_build_sha":"ca57ba49d9b1854bd80e60cf9ccf267278fb7d6b","essentia_git_sha":"v2.1_beta1-28-g21ef5f4-dirty","extractor":"music 1.0"}},"rhythm":{"beats_count":569,"beats_loudness":{"dmean":0.00911860540509,"dmean2":0.0161610804498,"dvar":0.0000466194578621,"dvar2":0.00014313228894,"max":0.0593406036496,"mean":0.0316022075713,"median":0.0320875942707,"min":1.53311988105e-10,"var":0.0000974621143541},"beats_loudness_band_ratio":{"dmean":[0.151715755463,0.0536277107894,0.0901601985097,0.0771983787417,0.0854415595531,0.111671946943],"dmean2":[0.269348800182,0.0929624736309,0.152202665806,0.133576452732,0.151897415519,0.