{"lowlevel":{"average_loudness":0.808587491512,"barkbands":{"dmean":[0.00000230171372095,0.00138886040077,0.000473573163617,0.00028904172359,0.000582877662964,0.000924481195398,0.00156071269885,0.00120129436255,0.000910198432393,0.000453841435956,0.00031732217758,0.000312154355925,0.000306894100504,0.000177289330168,0.000163449760294,0.000206740995054,0.0000962523772614,0.0000808037948445,0.000141181357321,0.0000510515492351,0.0000356476739398,0.0000258628861047,0.0000121444381875,0.00000580341156819,0.00000226747533816,3.297012654e-7,2.81440595273e-8],"dmean2":[0.00000381361337531,0.0020970182959,0.0007397813024,0.00047886595712,0.00100155314431,0.00139134947676,0.00228269537911,0.00178214651532,0.00134043523576,0.000682845711708,0.000479883281514,0.000448211329058,0.000425186735811,0.000252524856478,0.000237128973822,0.000301497610053,0.000141054944834,0.000122490106151,0.000203136733035,0.0000783202413004,0.0000544074136997,0.0000391292232962,0.000018571909095,0.00000824489779916,0.00000322196410707,5.04437764448e-7,4.50053256884e-8],"dvar":[1.70656579146e-11,0.00000474844364362,0.00000126393308619,2.11659454408e-7,7.95250230112e-7,0.00000482546829517,0.0000140106903928,0.0000098368327599,0.00000748147931517,0.00000183817780908,0.00000136075664159,0.00000107319715426,9.57425527304e-7,3.09645429297e-7,2.51294011377e-7,5.03922137796e-7,5.81690784429e-8,3.40280585931e-8,1.51992352926e-7,1.56858668277e-8,6.13953998752e-9,3.05368597076e-9,1.33417554782e-9,3.55004220465e-10,8.36674063365e-11,7.1371679183e-13,4.36817728459e-15],"dvar2":[3.73700237422e-11,0.00000948073375184,0.00000216672378883,5.27980489551e-7,0.00000215809154724,0.00000977119361778,0.0000275098900602,0.0000187100340554,0.000014604511307,0.00000405332775699,0.00000291139531328,0.00000195788015844,0.00000164156983828,5.46947660496e-7,4.91613036502e-7,9.4602955869e-7,1.09233234014e-7,7.50594537635e-8,2.96005481459e-7,3.43325297081e-8,1.3298142143e-8,6.2712919302e-9,2.32889907359e-9,6.24152618478e-10,1.49267445626e-10,1.4630140632e-12,1.02879732389e-14],"max":[0.000071084323281,0.0391376614571,0.0333124250174,0.00881659239531,0.0139828836545,0.0555277764797,0.0940095856786,0.0799121260643,0.0703660324216,0.0632208734751,0.0351957678795,0.025220990181,0.0332487411797,0.0191056970507,0.0203408524394,0.0200307462364,0.00749044818804,0.00548421265557,0.0128770833835,0.00339997233823,0.00185960519593,0.00169718428515,0.00176538154483,0.000594651966821,0.000385790510336,0.0000176314806595,0.00000136840503728],"mean":[0.00000411840937886,0.00257802591659,0.000730588741135,0.000422951183282,0.000920954509638,0.00170629937202,0.002847075928,0.00217576138675,0.00183699931949,0.00104700447991,0.000637019460555,0.00052691338351,0.000557140039746,0.000334754062351,0.000321544153849,0.000397691474063,0.000193856991245,0.000170010636793,0.000297281163512,0.0000930953610805,0.0000667637868901,0.0000472847459605,0.0000172783511516,0.00000938936409511,0.0000032589168768,4.52251128991e-7,4.7745693621e-8],"median":[6.55161045415e-7,0.000954004470259,0.000302572938381,0.000192912732018,0.000552568933927,0.000634092022665,0.000608818023466,0.000502786540892,0.000360117439413,0.000226668795221,0.000115541050036,0.0000806251773611,0.0000898625075934,0.0000595002602495,0.0000687030187692,0.0000881403393578,0.0000574314763071,0.0000655164039927,0.0000938543671509,0.0000382152429665,0.0000251527417277,0.0000163647491718,0.00000518387787452,0.00000195292295757,8.6528848442e-7,1.39793925769e-7,2.52048142357e-8],"min":[4.9860737445e-25,2.30251182737e-24,1.12980047479e-24,1.93865604573e-24,6.51867517636e-24,1.12532601629e-23,8.07439841716e-24,7.71574596205e-24,1.02642952227e-23,1.42756466149e-23,1.24949848145e-23,2.92157539257e-23,2.94484836699e-23,2.55326128463e-23,4.40325717433e-23,5.61111271412e-23,7.2705516791e-23,9.2450743114e-23,1.07849087103e-22,1.79548705265e-22,2.28361878224e-22,3.41295508338e-22,3.32747361082e-22,5.1656384171e-22,8.94161643434e-22,1.21869402162e-21,1.83640719894e-21],"var":[5.94703522538e-11,0.0000141920263559,0.00000327951897816,4.44360864549e-7,0.00000127600173983,0.0000124352509374,0.0000435198853665,0.0000272125907941,0.0000266944243776,0.0000103144066088,0.00000463973265141,0.00000270890745924,0.00000269709948952,0.00000101817954601,7.13425038157e-7,0.00000131511671952,1.71325808651e-7,9.38589579391e-8,3.97071829639e-7,3.30181215702e-8,1.34830484555e-8,7.63403207316e-9,2.92224222598e-9,8.55493453855e-10,1.55463836249e-10,1.2263534372e-12,6.02906278098e-15]},"barkbands_crest":{"dmean":2.58815979958,"dmean2":4.14152145386,"dvar":5.48558139801,"dvar2":12.8987751007,"max":25.3292064667,"mean":10.2788038254,"median":9.27382850647,"min":2.54183864594,"var":18.5481243134},"barkbands_flatness_db":{"dmean":0.0209051761776,"dmean2":0.0316792204976,"dvar":0.000425348465797,"dvar2":0.000898139027413,"max":0.333730578423,"mean":0.167934209108,"median":0.166463166475,"min":0.0240533631295,"var":0.00223265541717},"barkbands_kurtosis":{"dmean":1.94343984127,"dmean2":2.99931955338,"dvar":9.02328968048,"dvar2":19.6216278076,"max":72.5444259644,"mean":3.1972053051,"median":1.89568710327,"min":-1.81826162338,"var":28.2174758911},"barkbands_skewness":{"dmean":0.430389583111,"dmean2":0.662010014057,"dvar":0.198311656713,"dvar2":0.44646525383,"max":7.90416574478,"mean":1.1719647646,"median":1.14264917374,"min":-2.12284731865,"var":1.08875918388},"barkbands_spread":{"dmean":4.02064085007,"dmean2":6.14004278183,"dvar":21.387052536,"dvar2":46.0180892944,"max":70.7852783203,"mean":17.4587860107,"median":15.3401832581,"min":1.38286328316,"var":108.767250061},"dissonance":{"dmean":0.0220442637801,"dmean2":0.0367058180273,"dvar":0.000477799767395,"dvar2":0.00127512519248,"max":0.499999910593,"mean":0.4519957304,"median":0.461068242788,"min":0.22979208827,"var":0.00129814492539},"dynamic_complexity":4.64832544327,"erbbands":{"dmean":[0.0232502464205,0.365277320147,0.621284902096,0.637070953846,1.40672075748,2.27838158607,3.07019758224,9.65348720551,21.5807933807,23.2952213287,21.4041824341,22.4231853485,14.1123371124,10.0598230362,12.956618309,13.213092804,12.7589054108,9.91558742523,8.44626903534,9.29330539703,8.14256763458,5.10166454315,4.30270051956,5.99080944061,6.10989618301,2.21346259117,1.58583855629,1.30132246017,1.01948428154,0.569562315941,0.337904930115,0.164180994034,0.0694772675633,0.0338444896042,0.0117776822299,0.00256957905367,0.000427508668508,0.0000595525016251,0.00000655182793707,0.0000057714655668],"dmean2":[0.0312846265733,0.558551609516,0.969397306442,1.04085636139,2.32195329666,3.99610972404,4.86389827728,14.5078268051,31.5285511017,34.1829681396,31.5613613129,33.1649856567,20.8377914429,14.9145956039,19.258190155,18.3923931122,17.0992965698,13.5353069305,11.7270612717,13.0629787445,11.6682252884,7.33098745346,6.42365074158,8.69114112854,8.83139133453,3.29570817947,2.43822097778,1.97570586205,1.53878211975,0.883944272995,0.507357478142,0.23886410892,0.0985606014729,0.0487015917897,0.0168768912554,0.00381783070043,0.000645996828098,0.0000924544947338,0.00000978884236247,0.00000800396719569],"dvar":[0.00148678745609,0.324299514294,1.66665220261,0.881836295128,6.12115573883,15.5577106476,28.2264556885,537.213745117,3258.67358398,3907.23095703,3275.59204102,5148.82617188,2343.08935547,596.023193359,2107.83056641,2064.16992188,1393.42163086,942.500366211,526.02722168,854.232421875,605.002258301,171.711364746,77.3401260376,427.945495605,234.478408813,28.1516036987,13.649228096,7.32496881485,5.02283000946,1.82987618446,1.1893465519,0.248224675655,0.0752132534981,0.0192035604268,0.00220510992222,0.0000571963864786,0.00000105355707092,2.12758184404e-8,1.32657065888e-10,5.87991946799e-11],"dvar2":[0.00206930143759,0.677842438221,3.08911180496,2.12064552307,15.2027187347,43.7989082336,65.2447052002,1084.49743652,6447.72363281,7885.63867188,6084.68701172,10193.2587891,4948.45263672,1305.53479004,4509.76757812,3683.6574707,2299.30151367,1574.15441895,999.488464355,1652.63330078,1130.78942871,336.212768555,162.092605591,914.290039062,460.840820312,61.7089691162,30.5627250671,15.5622587204,10.1184825897,3.62791061401,2.21178793907,0.458636522293,0.139208838344,0.0350246764719,0.00394296180457,0.000106506748125,0.00000218624904846,4.58913191892e-8,3.0606753243e-10,1.03630805326e-10],"max":[0.838169336319,9.71705245972,33.9838371277,16.68151474,67.596321106,60.8619308472,123.857826233,622.125244141,1548.87353516,1850.5324707,1371.91064453,2200.5949707,2326.26245117,629.708129883,1555.72631836,1133.42175293,995.417236328,1110.50805664,683.728820801,1162.85266113,621.578613281,412.299346924,210.079116821,913.313964844,335.172119141,144.849212646,81.2319488525,86.0171890259,66.6341552734,48.1508674622,55.6857261658,19.8198795319,10.7395191193,5.59519052505,2.01603150368,0.222186639905,0.0226924158633,0.00421255314723,0.000205754418857,0.000134590169182],"mean":[0.0512777380645,0.654492259026,1.03221821785,1.06172966957,2.29827833176,3.0501203537,5.48762798309,18.057510376,41.7063941956,44.5731620789,43.0800323486,48.3558235168,33.5698165894,23.7274436951,26.8148975372,24.5925598145,26.15391922,20.7637805939,18.1108150482,18.9406528473,16.7573356628,10.8799324036,10.1312942505,12.8544712067,12.7562427521,4.39720726013,2.94423913956,2.49736022949,1.86364972591,0.907435357571,0.481784909964,0.259626626968,0.103731967509,0.0490764155984,0.016669947654,0.00357738346793,0.000599231978413,0.0000903622349142,0.0000176827070391,0.0000215058862523],"median":[0.0118562551215,0.264328658581,0.508405208588,0.602161705494,1.04613041878,1.68135225773,2.91362977028,6.45079469681,9.79965019226,9.69679450989,9.82898712158,10.2455873489,7.66571998596,5.75073242188,5.76347208023,3.90655207634,4.3828253746,4.77072668076,4.09902906418,4.80147361755,4.81782627106,3.5899143219,4.2337679863,4.61265945435,3.68211340904,1.99717092514,1.24153125286,0.922925055027,0.654904901981,0.322630405426,0.131113559008,0.0569181516767,0.025551257655,0.0123650440946,0.00464820954949,0.00106031482574,0.000194086518604,0.0000354268559022,0.0000124331863844,0.0000145412632264],"min":[6.88624199636e-23,4.19296812469e-22,1.94260680944e-21,5.54009910202e-21,1.62465364733e-20,2.00399625287e-20,5.24513869327e-20,7.42812261352e-20,7.29023871399e-20,1.88500903594e-19,3.40862596418e-19,2.94951228987e-19,5.08241481844e-19,5.44809068773e-19,8.16054206134e-19,1.51611876863e-18,1.3837578765e-18,1.55283183595e-18,1.52659325333e-18,3.37714104022e-18,2.80043733459e-18,4.43304164164e-18,5.2529769792e-18,7.20258502112e-18,6.28485956435e-18,8.04286734739e-18,9.81695221282e-18,9.85295194026e-18,1.0592616844e-17,1.15869400527e-17,9.18267756374e-18,1.1093631042e-17,8.73215612465e-18,7.95292882657e-18,5.98393787495e-18,3.92995163385e-18,2.24713477529e-18,9.07180041328e-19,2.49809087828e-19,2.56931038585e-20],"var":[0.0083532826975,0.845189452171,4.02933645248,1.8904453516,13.532658577,17.5930576324,70.7817230225,1422.46862793,11314.9775391,12752.6455078,10560.9228516,19768.0664062,12482.4316406,2513.32324219,7318.31542969,5685.99365234,4836.54101562,3078.83325195,1878.98693848,2217.62744141,1601.38366699,491.233978271,302.166473389,857.535461426,744.2890625,61.6896286011,26.463432312,18.2147693634,12.7211771011,3.9094851017,2.39578080177,0.59383648634,0.135321781039,0.0345898382366,0.00419177208096,0.000108446503873,0.00000181407608579,3.53949474174e-8,2.93695984199e-10,4.01163768871e-10]},"erbbands_crest":{"dmean":2.70647954941,"dmean2":4.2722325325,"dvar":6.75957298279,"dvar2":16.053653717,"max":31.5700740814,"mean":10.7212495804,"median":9.7607717514,"min":2.50597953796,"var":23.4624557495},"erbbands_flatness_db":{"dmean":0.019066080451,"dmean2":0.0276354979724,"dvar":0.000363938277587,"dvar2":0.000723009230569,"max":0.345384389162,"mean":0.205240502954,"median":0.2050370574,"min":0.0435972213745,"var":0.00235655042343},"erbbands_kurtosis":{"dmean":1.0411812067,"dmean2":1.61750626564,"dvar":2.12314248085,"dvar2":4.79282569885,"max":23.1455383301,"mean":1.07815849781,"median":0.142190217972,"min":-1.70269739628,"var":7.47440671921},"erbbands_skewness":{"dmean":0.353954851627,"dmean2":0.536041855812,"dvar":0.115839600563,"dvar2":0.250866889954,"max":4.41130113602,"mean":0.574770152569,"median":0.555784106255,"min":-2.43155217171,"var":0.917429804802},"erbbands_spread":{"dmean":5.64933109283,"dmean2":8.63820457458,"dvar":40.4423789978,"dvar2":88.4390182495,"max":93.5006332397,"mean":28.1632137299,"median":26.2453422546,"min":3.59847760201,"var":183.523483276},"gfcc":{"cov":[[32849.1835938,2478.09423828,-4437.32910156,1291.21240234,-1753.29992676,172.836395264,-405.189086914,216.577804565,-255.479156494,16.8508777618,118.596290588,-130.543029785,-296.740020752],[2478.09423828,1133.31115723,-340.613067627,-188.808700562,93.8175506592,-132.658676147,45.0664825439,4.05643987656,62.4866790771,-26.9936027527,58.1415672302,-19.1367149353,-14.1851921082],[-4437.32910156,-340.613067627,1016.22412109,-31.8350353241,134.03074646,48.0536384583,59.9155349731,-6.2852473259,19.0520381927,60.3039894104,16.4417686462,67.8550109863,40.1321563721],[1291.21240234,-188.808700562,-31.8350353241,498.842315674,-1.1220883131,86.0411224365,-44.9017181396,24.7224845886,21.5598678589,30.1649971008,-18.2443580627,6.39321708679,39.164604187],[-1753.29992676,93.8175506592,134.03074646,-1.1220883131,499.233154297,30.0385437012,60.7911529541,26.6996231079,112.2889328,-5.97283029556,-24.9526615143,-21.7077503204,47.3440475464],[172.836395264,-132.658676147,48.0536384583,86.0411224365,30.0385437012,218.091445923,62.0244979858,22.6871376038,5.89369058609,25.994228363,-23.3206768036,-6.51801681519,7.19869756699],[-405.189086914,45.0664825439,59.9155349731,-44.9017181396,60.7911529541,62.0244979858,238.831237793,93.1138839722,10.1528329849,-16.1185531616,34.2538108826,-3.47447657585,-11.4176502228],[216.577804565,4.05643987656,-6.2852473259,24.7224845886,26.6996231079,22.6871376038,93.1138839722,133.896347046,25.079662323,-9.25753879547,-2.2093873024,-3.90126276016,-5.88416528702],[-255.479156494,62.4866790771,19.0520381927,21.5598678589,112.2889328,5.89369058609,10.1528329849,25.079662323,122.313606262,36.2603797913,-3.44260835648,-11.6739501953,20.0468635559],[16.8508777618,-26.9936027527,60.3039894104,30.1649971008,-5.97283029556,25.994228363,-16.1185531616,-9.25753879547,36.2603797913,103.278305054,32.5725097656,-4.63909816742,-4.1648645401],[118.596290588,58.1415672302,16.4417686462,-18.2443580627,-24.9526615143,-23.3206768036,34.2538108826,-2.2093873024,-3.44260835648,32.5725097656,112.947769165,25.5892620087,-18.6587982178],[-130.543029785,-19.1367149353,67.8550109863,6.39321708679,-21.7077503204,-6.51801681519,-3.47447657585,-3.90126276016,-11.6739501953,-4.63909816742,25.5892620087,73.4884872437,30.8763122559],[-296.740020752,-14.1851921082,40.1321563721,39.164604187,47.3440475464,7.19869756699,-11.4176502228,-5.88416528702,20.0468635559,-4.1648645401,-18.6587982178,30.8763122559,86.0391464233]],"icov":[[0.000430500193033,-0.000992781249806,0.0014169877395,-0.00113660492934,0.00109877658542,-0.00103627250064,0.000715885136742,-0.00107823580038,0.00059229019098,-0.000689605076332,-0.0000218772638618,-0.000762940209825,0.00077851943206],[-0.000992781249806,0.00354117737152,-0.00279152928852,0.00299057480879,-0.0027724779211,0.00295116263442,-0.0020003837999,0.00271839508787,-0.00202383636497,0.00174057739787,-0.000494494859595,0.0017132704379,-0.00186652177945],[0.0014169877395,-0.00279152928852,0.0060768914409,-0.00349234603345,0.00309108709916,-0.00318248593248,0.00172045151703,-0.0031767047476,0.00208477955312,-0.00345178577118,0.000371208036086,-0.00410712370649,0.00265997787938],[-0.00113660492934,0.00299057480879,-0.00349234603345,0.00558160338551,-0.00289590819739,0.00173322786577,-0.000854290439747,0.00178342219442,-0.00178117118776,0.0015373295173,-0.000464390672278,0.00220740051009,-0.00328507320955],[0.00109877658542,-0.0027724779211,0.00309108709916,-0.00289590819739,0.00586845958605,-0.00304068438709,0.00139825313818,-0.00242664897814,-0.00117633654736,-0.000262542482233,-0.000233463477343,-0.000339747668477,0.000586345617194],[-0.00103627250064,0.00295116263442,-0.00318248593248,0.00173322786577,-0.00304068438709,0.00917615648359,-0.00468657212332,0.00346530484967,-0.000629177084193,-0.00132064055651,0.00289438012987,0.00104822684079,-0.00153727887664],[0.000715885136742,-0.0020003837999,0.00172045151703,-0.000854290439747,0.00139825313818,-0.00468657212332,0.00955432932824,-0.00714940624312,0.00137930328492,0.0016649637837,-0.00433882232755,0.000875885307323,0.000631209579296],[-0.00107823580038,0.00271839508787,-0.0031767047476,0.00178342219442,-0.00242664897814,0.00346530484967,-0.00714940624312,0.0145360529423,-0.00436104508117,0.00221328856423,0.00229680817574,0.00022975790489,0.0000290097832476],[0.00059229019098,-0.00202383636497,0.00208477955312,-0.00178117118776,-0.00117633654736,-0.000629177084193,0.00137930328492,-0.00436104508117,0.014699742198,-0.00694663636386,0.00105292175431,0.000357988785254,-0.00152923061978],[-0.000689605076332,0.00174057739787,-0.00345178577118,0.0015373295173,-0.000262542482233,-0.00132064055651,0.0016649637837,0.00221328856423,-0.00694663636386,0.017379919067,-0.00688377115875,0.00529927155003,-0.00148857606109],[-0.0000218772638618,-0.000494494859595,0.000371208036086,-0.000464390672278,-0.000233463477343,0.00289438012987,-0.00433882232755,0.00229680817574,0.00105292175431,-0.00688377115875,0.0156340841204,-0.00822457112372,0.00511228712276],[-0.000762940209825,0.0017132704379,-0.00410712370649,0.00220740051009,-0.000339747668477,0.00104822684079,0.000875885307323,0.00022975790489,0.000357988785254,0.00529927155003,-0.00822457112372,0.0244739372283,-0.0116000194103],[0.00077851943206,-0.00186652177945,0.00265997787938,-0.00328507320955,0.000586345617194,-0.00153727887664,0.000631209579296,0.0000290097832476,-0.00152923061978,-0.00148857606109,0.00511228712276,-0.0116000194103,0.019702013582]],"mean":[-86.5002059937,131.505020142,-139.203536987,29.9228363037,-60.0763282776,-1.92912817001,-23.8900375366,5.10362863541,-9.34391498566,0.77106910944,-6.57206821442,-4.88439846039,-6.5564904213]},"hfc":{"dmean":3.5172765255,"dmean2":4.71669769287,"dvar":29.1387329102,"dvar2":47.5253982544,"max":133.078948975,"mean":12.9124355316,"median":7.80437898636,"min":1.08650808734e-16,"var":199.932617188},"melbands":{"dmean":[0.000316225137794,0.000385327119147,0.000130044732941,0.000126334343804,0.000105133491161,0.000217391891056,0.000313351716613,0.000252421683399,0.000177948444616,0.000137177674333,0.0000692871471983,0.000043923544581,0.000045708475227,0.0000318507663906,0.0000349206893588,0.0000318421953125,0.0000188302274182,0.0000145544117913,0.0000109607899503,0.0000181743653229,0.00000759271824791,0.00000568991026739,0.00000470326449431,0.0000037293227706,0.00000519845571034,0.00000592585365666,0.00000265724406745,0.00000137274798817,0.00000105455330868,9.81302264336e-7,7.28879285816e-7,6.8333309855e-7,3.99902461368e-7,2.9388363032e-7,2.16025284772e-7,1.51010681293e-7,8.03604081057e-8,5.26736592121e-8,3.65121834989e-8,2.7017510007e-8],"dmean2":[0.000458641705336,0.000589428760577,0.000209846926737,0.000217902692384,0.000171305626282,0.000326480017975,0.000457485730294,0.000370292604202,0.000260899367277,0.000202573006391,0.000102496647742,0.0000652878443361,0.0000684021579218,0.000046274260967,0.0000478357433167,0.000042849307647,0.0000262552457571,0.0000206330132642,0.0000158485727297,0.0000264412537945,0.0000109794536911,0.00000832975001686,0.0000071227987064,0.00000556612940272,0.00000762726131143,0.0000084839621195,0.00000397555731979,0.00000210041184801,0.00000164993343788,0.0000015111824041,0.0000011273424434,0.00000103449758626,6.30626857401e-7,4.59356868987e-7,3.3029050428e-7,2.26866063713e-7,1.18723129106e-7,7.62707017543e-8,5.31595816256e-8,3.93018559919e-8],"dvar":[2.526833498e-7,4.17513433604e-7,3.54666056523e-8,3.9683566655e-8,2.88632140411e-8,2.70851302275e-7,6.29981514066e-7,4.52991542943e-7,2.36652354602e-7,1.92770244212e-7,5.82339900745e-8,1.17944374267e-8,2.99351157196e-8,9.94900695162e-9,1.40742395516e-8,1.12941993535e-8,3.59706131547e-9,1.71668601556e-9,1.56674850871e-9,4.18760182086e-9,3.91549959122e-10,2.30739108376e-10,1.27467911226e-10,6.41660821699e-11,3.62548463473e-10,2.53072146572e-10,5.39958841528e-11,1.17247834705e-11,6.27965171182e-12,4.86286705348e-12,2.37439863777e-12,2.53153205863e-12,8.33116670269e-13,5.82145388752e-13,6.09316254136e-13,2.16777740506e-13,5.95570752546e-14,4.44864312759e-14,2.16570281809e-14,1.3168384162e-14],"dvar2":[4.48045426538e-7,8.5675480932e-7,8.16179266394e-8,1.07783215242e-7,7.04404854446e-8,5.55912663458e-7,0.00000123216477732,8.8979550128e-7,4.40720782535e-7,3.80564529223e-7,1.23188016232e-7,2.55882426359e-8,6.31643501947e-8,1.9584730282e-8,2.53491325708e-8,1.88118995936e-8,5.86426063265e-9,3.19552984074e-9,3.21454263208e-9,7.89335086182e-9,7.26888160774e-10,4.57231724704e-10,2.84069628931e-10,1.30784702512e-10,7.84551423827e-10,4.85018136764e-10,1.18128090643e-10,2.69420943888e-11,1.45035285865e-11,1.11841673076e-11,5.29977450814e-12,5.02615570691e-12,1.89090821993e-12,1.16196744067e-12,1.16906538703e-12,4.28689635873e-13,1.09623851067e-13,8.74427415784e-14,3.70624992014e-14,2.57948485027e-14],"max":[0.0101658022031,0.0129023902118,0.00378440832719,0.00328661245294,0.00342164747417,0.0144107444212,0.0224950518459,0.020324703306,0.0111531345174,0.0132061289623,0.0118199670687,0.00299087841995,0.00569629948586,0.00212969561107,0.00355096324347,0.00407305592671,0.0021694120951,0.0012855748646,0.00184791907668,0.00186257495079,0.00041194082587,0.000483360199723,0.000300289539155,0.000208712634048,0.000846027745865,0.000398901756853,0.000214926723856,0.0000949441164266,0.0000576250240556,0.0000473591753689,0.0000520473804499,0.0000545463008166,0.0000269939828286,0.0000342744096997,0.0000415557042288,0.0000175744480657,0.00000893167998584,0.00000805946820037,0.00000497629298479,0.00000474254011351],"mean":[0.000625363783911,0.000684818136506,0.000230290650507,0.000191038983758,0.000182776813745,0.000413940200815,0.000605690584052,0.000477546069305,0.000344659754774,0.000289281189907,0.000161113712238,0.0000970182882156,0.0000908856964088,0.0000566314847674,0.0000609069502389,0.0000591993957642,0.0000356592099706,0.0000290803909593,0.0000206663571589,0.0000348225912603,0.0000150541136463,0.0000112521584015,0.00000977625677478,0.00000831927809486,0.0000104162909338,0.0000118256266433,0.00000507321783516,0.00000246419358518,0.00000181689745204,0.00000175348486664,0.00000131921842694,0.00000120078846066,6.52056314721e-7,4.26876198389e-7,2.88795803272e-7,2.26664184311e-7,1.24800948242e-7,7.52799138581e-8,5.27419068419e-8,3.73385802277e-8],"median":[0.000196099761524,0.000337216508342,0.000133485576953,0.000106167564809,0.000100273427961,0.000143559678691,0.00014268916857,0.0000964874707279,0.0000656986885588,0.0000585825182498,0.0000351341222995,0.0000220206657104,0.0000169538689079,0.0000118941543406,0.00000782936240284,0.00000934046784096,0.00000689632270223,0.00000568623272557,0.0000046130762712,0.00000672263240631,0.00000441048359789,0.00000314586941386,0.00000336947050528,0.00000317139733852,0.00000314297767545,0.00000300737633552,0.00000143910358474,0.00000103871218471,7.65564323046e-7,6.01710439696e-7,4.71268066349e-7,3.80203999839e-7,2.43752452889e-7,1.39378684594e-7,7.78271527224e-8,4.5884149813e-8,2.82162098131e-8,1.7530133789e-8,1.21757448568e-8,9.1376568534e-9],"min":[6.47574339374e-25,9.64667827065e-25,1.54999985773e-24,1.10576477047e-24,2.28871879166e-24,1.82478121304e-24,1.41840898405e-24,1.75368374345e-24,2.0978870278e-24,1.53529539185e-24,1.84483662105e-24,1.78756512212e-24,2.32912661381e-24,2.84135056565e-24,2.81613679618e-24,3.12682670547e-24,2.54200388452e-24,1.85728938209e-24,3.99423508267e-24,3.80862084484e-24,1.84692335536e-24,4.04810718275e-24,3.72556365228e-24,4.5317495207e-24,4.78481688796e-24,4.87784212691e-24,4.08765987968e-24,3.6253625401e-24,5.66782913108e-24,4.54211673072e-24,4.88310501244e-24,4.61761308593e-24,5.87570462922e-24,5.88914050816e-24,5.24604019341e-24,5.54868194653e-24,6.33716459295e-24,5.51576909185e-24,6.08723965311e-24,6.41627393111e-24],"var":[9.90221224129e-7,9.31244528601e-7,9.14749804792e-8,6.39327240037e-8,6.72601956353e-8,7.88597446899e-7,0.00000218213085645,0.00000153850442075,7.72664236592e-7,7.56213637487e-7,3.17778216186e-7,4.608070725e-8,1.01984291234e-7,2.39328326046e-8,3.76325246521e-8,3.35628875803e-8,1.12257847462e-8,5.88549697866e-9,3.69681152357e-9,1.10942171005e-8,1.06360420471e-9,6.30344110242e-10,3.47998629913e-10,2.11505854497e-10,7.01669056191e-10,7.06546210427e-10,1.51272008808e-10,2.18883158126e-11,1.07526956089e-11,1.08060504989e-11,5.24394546883e-12,6.23663056962e-12,1.68008662538e-12,1.15324460051e-12,1.10731617018e-12,5.07372952246e-13,1.28710207097e-13,7.3398833669e-14,4.17108703262e-14,2.14721734045e-14]},"melbands_crest":{"dmean":3.05503559113,"dmean2":4.79778289795,"dvar":8.14910125732,"dvar2":18.5579299927,"max":31.604265213,"mean":13.3194627762,"median":12.3770904541,"min":1.21006762981,"var":30.3939800262},"melbands_flatness_db":{"dmean":0.0250282622874,"dmean2":0.0371720902622,"dvar":0.0006796370144,"dvar2":0.00141741021071,"max":0.423002809286,"mean":0.219608217478,"median":0.217863708735,"min":0.00289844418876,"var":0.00455869873986},"melbands_kurtosis":{"dmean":3.70048570633,"dmean2":5.82415437698,"dvar":35.7876396179,"dvar2":81.5540771484,"max":147.763031006,"mean":7.41329860687,"median":4.94354534149,"min":-1.74091041088,"var":94.3451309204},"melbands_skewness":{"dmean":0.534930288792,"dmean2":0.828759372234,"dvar":0.321275770664,"dvar2":0.745226383209,"max":9.8255739212,"mean":1.82305169106,"median":1.7374433279,"min":-0.866591691971,"var":1.41758346558},"melbands_spread":{"dmean":5.30118274689,"dmean2":8.12449932098,"dvar":42.9800071716,"dvar2":92.1722640991,"max":153.412216187,"mean":22.9086360931,"median":17.2506275177,"min":1.50182342529,"var":436.789215088},"mfcc":{"cov":[[10853.8134766,1203.20056152,-900.424255371,516.344177246,-460.215209961,50.5019569397,-32.3050003052,175.818603516,-174.943466187,24.074590683,181.331222534,88.0733032227,21.756313324],[1203.20056152,1644.50610352,-309.690917969,51.5311088562,-12.6937112808,-77.6393890381,10.8944740295,54.0547866821,-7.52610874176,-8.00987434387,112.420478821,5.99345207214,61.0723266602],[-900.424255371,-309.690917969,615.323120117,-3.98140573502,-51.9236030579,31.2710952759,15.9539499283,-45.1548576355,-13.2306184769,-22.8311405182,-21.5769844055,46.2633934021,25.0065689087],[516.344177246,51.5311088562,-3.98140573502,316.036224365,97.6089706421,22.3714752197,-7.49835777283,21.2404708862,32.9511413574,27.2331237793,-9.7630853653,10.8513536453,26.1818008423],[-460.215209961,-12.6937112808,-51.9236030579,97.6089706421,319.049468994,98.2404327393,-39.2102890015,-19.1611118317,75.5203552246,52.460269928,-36.3406867981,-19.6593379974,5.56598091125],[50.5019569397,-77.6393890381,31.2710952759,22.3714752197,98.2404327393,182.490951538,29.0778102875,-8.90851783752,47.1783065796,34.0417938232,-9.26842498779,21.1709537506,-4.33860063553],[-32.3050003052,10.8944740295,15.9539499283,-7.49835777283,-39.2102890015,29.0778102875,169.907943726,80.6978225708,19.9871063232,20.2333450317,36.5665130615,21.6452045441,-2.23881745338],[175.818603516,54.0547866821,-45.1548576355,21.2404708862,-19.1611118317,-8.90851783752,80.6978225708,157.219161987,51.7642402649,17.0486373901,18.7876777649,-0.729557752609,-11.298664093],[-174.943466187,-7.52610874176,-13.2306184769,32.9511413574,75.5203552246,47.1783065796,19.9871063232,51.7642402649,154.150527954,62.9239311218,-20.5548381805,-2.85018873215,-2.2182674408],[24.074590683,-8.00987434387,-22.8311405182,27.2331237793,52.460269928,34.0417938232,20.2333450317,17.0486373901,62.9239311218,123.933113098,31.9288139343,-2.4574136734,-4.27910518646],[181.331222534,112.420478821,-21.5769844055,-9.7630853653,-36.3406867981,-9.26842498779,36.5665130615,18.7876777649,-20.5548381805,31.9288139343,120.197128296,34.5072669983,0.199237346649],[88.0733032227,5.99345207214,46.2633934021,10.8513536453,-19.6593379974,21.1709537506,21.6452045441,-0.729557752609,-2.85018873215,-2.4574136734,34.5072669983,82.9842681885,30.9748973846],[21.756313324,61.0723266602,25.0065689087,26.1818008423,5.56598091125,-4.33860063553,-2.23881745338,-11.298664093,-2.2182674408,-4.27910518646,0.199237346649,30.9748973846,94.1652679443]],"icov":[[0.000177715628524,-0.0000803740695119,0.000270039105089,-0.000394629256334,0.000536209496204,-0.000456290435977,0.000310282368446,-0.000242657828494,0.000301992753521,-0.000186536213732,0.0000347086279362,-0.000137883704156,0.0000185420922207],[-0.0000803740695119,0.000811700709164,0.000233101935009,0.0000540837208973,-0.000253607140621,0.000364456034731,-0.000109014006739,0.0000487387078465,-0.000378721393645,0.000536395760719,-0.000937686709221,0.000406911480241,-0.000666185165755],[0.000270039105089,0.000233101935009,0.00241338973865,-0.00073662988143,0.00124987214804,-0.000910696398932,0.000106692496047,0.000302519038087,0.000258436717559,-0.0000165436522366,0.000321334140608,-0.00103170820512,-0.000382634694688],[-0.000394629256334,0.0000540837208973,-0.00073662988143,0.00461333291605,-0.0023711703252,0.00121045531705,-0.000332821859047,-0.000427055463661,-0.000366183288861,-0.000259959575487,0.000485115975607,-0.000507714692503,-0.000748659891542],[0.000536209496204,-0.000253607140621,0.00124987214804,-0.0023711703252,0.00676245894283,-0.00388271268457,0.00214268243872,-0.000118310752441,-0.000499289657455,-0.00139050546568,0.00056364480406,0.00102118775249,-0.000585960922763],[-0.000456290435977,0.000364456034731,-0.000910696398932,0.00121045531705,-0.00388271268457,0.00943501107395,-0.00314460182562,0.00229045678861,-0.00194801483303,-0.000333597854478,0.000963792030234,-0.00270347506739,0.0014648118522],[0.000310282368446,-0.000109014006739,0.000106692496047,-0.000332821859047,0.00214268243872,-0.00314460182562,0.00991978403181,-0.00534574920312,0.00110635347664,-0.00113761401735,-0.00138237490319,-0.000963496451732,-0.000319668761222],[-0.000242657828494,0.0000487387078465,0.000302519038087,-0.000427055463661,-0.000118310752441,0.00229045678861,-0.00534574920312,0.0111970957369,-0.00468096975237,0.00169161113445,-0.00118804664817,0.00102255679667,0.00102454843],[0.000301992753521,-0.000378721393645,0.000258436717559,-0.000366183288861,-0.000499289657455,-0.00194801483303,0.00110635347664,-0.00468096975237,0.012195404619,-0.00606841268018,0.00427416153252,-0.00197805464268,0.000266586925136],[-0.000186536213732,0.000536395760719,-0.0000165436522366,-0.000259959575487,-0.00139050546568,-0.000333597854478,-0.00113761401735,0.00169161113445,-0.00606841268018,0.0135434223339,-0.00617366610095,0.00324077601545,-0.000565843249205],[0.0000347086279362,-0.000937686709221,0.000321334140608,0.000485115975607,0.00056364480406,0.000963792030234,-0.00138237490319,-0.00118804664817,0.00427416153252,-0.00617366610095,0.0144267324358,-0.0068522663787,0.00225920160301],[-0.000137883704156,0.000406911480241,-0.00103170820512,-0.000507714692503,0.00102118775249,-0.00270347506739,-0.000963496451732,0.00102255679667,-0.00197805464268,0.00324077601545,-0.0068522663787,0.0191500522196,-0.00608612410724],[0.0000185420922207,-0.000666185165755,-0.000382634694688,-0.000748659891542,-0.000585960922763,0.0014648118522,-0.000319668761222,0.00102454843,0.000266586925136,-0.000565843249205,0.00225920160301,-0.00608612410724,0.0135524040088]],"mean":[-702.258117676,148.670043945,-18.1454753876,29.4764652252,-12.1924610138,0.550303399563,-6.56210422516,3.13139820099,-0.0728460922837,4.20381402969,5.01141405106,1.17553055286,1.72125720978]},"pitch_salience":{"dmean":0.0713839456439,"dmean2":0.113715641201,"dvar":0.00435345200822,"dvar2":0.0100944582373,"max":0.993931949139,"mean":0.554769337177,"median":0.562026143074,"min":0.115948565304,"var":0.0163704045117},"silence_rate_20dB":{"dmean":0,"dmean2":0,"dvar":0,"dvar2":0,"max":1,"mean":1,"median":1,"min":1,"var":0},"silence_rate_30dB":{"dmean":0.000372578244423,"dmean2":0.000745295314118,"dvar":0.000372436305042,"dvar2":0.00111737498082,"max":1,"mean":0.999813735485,"median":1,"min":0,"var":0.000186223711353},"silence_rate_60dB":{"dmean":0.036140087992,"dmean2":0.0722936466336,"dvar":0.0348364524543,"dvar2":0.0782441273332,"max":1,"mean":0.116036504507,"median":0,"min":0,"var":0.102569028735},"spectral_centroid":{"dmean":202.790420532,"dmean2":307.328613281,"dvar":87415.7109375,"dvar2":175695.328125,"max":11716.0400391,"mean":1410.42053223,"median":1117.70385742,"min":300.860473633,"var":2245287},"spectral_complexity":{"dmean":2.4359164238,"dmean2":3.7644867897,"dvar":6.83314085007,"dvar2":14.0059986115,"max":44,"mean":13.7744455338,"median":13,"min":0,"var":44.6642570496},"spectral_contrast_coeffs":{"dmean":[0.048741903156,0.0456559434533,0.0359463132918,0.0304882563651,0.0248119588941,0.0170856956393],"dmean2":[0.0825157687068,0.0734700337052,0.0566647611558,0.0462123826146,0.0379059016705,0.0267943833023],"dvar":[0.00162323820405,0.00150073552504,0.000909286260139,0.000750805309508,0.000578786537517,0.000256950530456],"dvar2":[0.00445162924007,0.00362942321226,0.00205052550882,0.0015178542817,0.00115796143655,0.000580849882681],"max":[-0.398186326027,-0.391954153776,-0.450045913458,-0.510001063347,-0.591654241085,-0.593509972095],"mean":[-0.688926041126,-0.718267738819,-0.74815094471,-0.763579666615,-0.78651869297,-0.732116162777],"median":[-0.693181633949,-0.725882411003,-0.755554556847,-0.766897976398,-0.791802287102,-0.725326895714],"min":[-0.979110300541,-0.996708095074,-0.998509287834,-0.987202823162,-0.98816293478,-0.980218470097],"var":[0.00608843518421,0.00895344372839,0.0063537247479,0.00563879311085,0.00403807265684,0.00290749338455]},"spectral_contrast_valleys":{"dmean":[0.427351057529,0.330595761538,0.296148210764,0.281860083342,0.30463591218,0.347406893969],"dmean2":[0.693207144737,0.541782319546,0.471260011196,0.431270211935,0.446385085583,0.460784107447],"dvar":[0.144253909588,0.102402321994,0.0845379009843,0.0915138497949,0.135014310479,0.162124618888],"dvar2":[0.321918338537,0.210620552301,0.156633511186,0.164011448622,0.236329212785,0.291668117046],"max":[-5.66328001022,-5.0728468895,-5.32136011124,-6.24579715729,-5.85897254944,-8.25857925415],"mean":[-8.05511474609,-7.18889713287,-8.01836490631,-8.5566110611,-8.51993083954,-11.7750101089],"median":[-7.53624582291,-6.66734886169,-7.53025054932,-8.04598903656,-7.98766231537,-11.3789634705],"min":[-28.0467700958,-28.0672702789,-27.6773338318,-27.7850170135,-27.4684581757,-27.4023227692],"var":[8.67027187347,9.35892963409,8.73552513123,8.49873638153,8.62785243988,6.15240573883]},"spectral_decrease":{"dmean":1.23173693467e-9,"dmean2":1.71155278839e-9,"dvar":2.72363258074e-18,"dvar2":4.89544180791e-18,"max":1.96965457266e-28,"mean":-4.44392433963e-9,"median":-2.92304491722e-9,"min":-3.03006331137e-8,"var":1.77736976507e-17},"spectral_energy":{"dmean":0.00491222646087,"dmean2":0.0068099568598,"dvar":0.0000436180962424,"dvar2":0.0000775972439442,"max":0.119283720851,"mean":0.017943514511,"median":0.0117545537651,"min":1.01006402598e-20,"var":0.000290517113172},"spectral_energyband_high":{"dmean":0.0000907086432562,"dmean2":0.000131739972858,"dvar":4.00624351471e-8,"dvar2":7.52856053055e-8,"max":0.00641687121242,"mean":0.000185309312656,"median":0.000076017837273,"min":6.94981641031e-21,"var":1.09112498592e-7},"spectral_energyband_low":{"dmean":0.001751624397,"dmean2":0.00256991758943,"dvar":0.00000712622295396,"dvar2":0.0000140149113577,"max":0.0418214276433,"mean":0.00347739667632,"median":0.00166804040782,"min":1.2335434541e-23,"var":0.0000204112984648},"spectral_energyband_middle_high":{"dmean":0.00132984633092,"dmean2":0.00178441102616,"dvar":0.00000598532915319,"dvar2":0.0000101934019767,"max":0.0694888755679,"mean":0.00435898499563,"median":0.0019054004224,"min":1.17653719387e-21,"var":0.0000447611164418},"spectral_energyband_middle_low":{"dmean":0.0034670708701,"dmean2":0.00499299354851,"dvar":0.0000312777410727,"dvar2":0.0000614488963038,"max":0.111970052123,"mean":0.0103298677132,"median":0.00499726925045,"min":1.16902206312e-22,"var":0.000156547146617},"spectral_entropy":{"dmean":0.172483503819,"dmean2":0.255388796329,"dvar":0.0346708595753,"dvar2":0.0701841115952,"max":9.82644748688,"mean":7.30271720886,"median":7.27903413773,"min":5.79930448532,"var":0.303228437901},"spectral_flux":{"dmean":0.0190214626491,"dmean2":0.0303671564907,"dvar":0.000445172510808,"dvar2":0.0011119908886,"max":0.240153878927,"mean":0.0615572743118,"median":0.0537573844194,"min":6.30090840614e-11,"var":0.00151448312681},"spectral_kurtosis":{"dmean":2.85055112839,"dmean2":4.90022945404,"dvar":11.5169448853,"dvar2":32.8031959534,"max":59.9154129028,"mean":6.0198969841,"median":4.35442590714,"min":-1.27005267143,"var":35.6585502625},"spectral_rms":{"dmean":0.000556490209419,"dmean2":0.00075923348777,"dvar":3.76854444539e-7,"dvar2":6.06209596299e-7,"max":0.010787694715,"mean":0.00371174025349,"median":0.00338642252609,"min":3.13915321688e-12,"var":0.00000372884551325},"spectral_rolloff":{"dmean":304.887237549,"dmean2":512.114501953,"dvar":327212.0625,"dvar2":706947.0625,"max":19379.8828125,"mean":1562.5916748,"median":947.4609375,"min":86.1328125,"var":6885991.5},"spectral_skewness":{"dmean":0.306383877993,"dmean2":0.50691729784,"dvar":0.0997116044164,"dvar2":0.25239226222,"max":6.17295503616,"mean":1.55659711361,"median":1.42522966862,"min":-0.0705920234323,"var":0.517196774483},"spectral_spread":{"dmean":360563.8125,"dmean2":550406.5625,"dvar":503587078144,"dvar2":1009144561660,"max":43028548,"mean":3979592.75,"median":3136926.5,"min":1290434.375,"var":29065891282900},"spectral_strongpeak":{"dmean":0.528931319714,"dmean2":0.8486571908,"dvar":0.713584065437,"dvar2":1.59818375111,"max":11.0359373093,"mean":1.15967178345,"median":0.493023097515,"min":0,"var":2.12278413773},"zerocrossingrate":{"dmean":0.00662699900568,"dmean2":0.00803776271641,"dvar":0.0000924556225073,"dvar2":0.000145679034176,"max":0.53369140625,"mean":0.054014146328,"median":0.04150390625,"min":0.00390625,"var":0.00464166188613}},"metadata":{"audio_properties":{"analysis_sample_rate":44100,"bit_rate":0,"codec":"flac","downmix":"mix","equal_loudness":0,"length":124.63999939,"lossless":true,"md5_encoded":"f22883541862d42287c1964cfe63dbf4","replay_gain":-10.722158432,"sample_rate":44100},"tags":{"album":["Love, God, Murder (disc 1: Love)"],"albumartist":["Johnny Cash"],"albumartistsort":["Cash, Johnny"],"artist":["Johnny Cash"],"artistsort":["Cash, Johnny"],"asin":["B00004TB88"],"compilation":["true"],"date":["2000-05-23"],"discnumber":["1"],"disctotal":["01"],"file_name":"09_i_feel_better_all_over.flac","genre":["Country"],"label":["Legacy"],"language":["English"],"media":["CD"],"musicbrainz_albumartistid":["d43d12a1-2dc9-4257-a2fd-0a3bb1081b86"],"musicbrainz_albumid":["bd912203-7235-42c9-be8c-e9cc5768dac7"],"musicbrainz_artistid":["d43d12a1-2dc9-4257-a2fd-0a3bb1081b86"],"musicbrainz_discid":["3JfwzKgDZO22WkdsDGg0gPonP68-","oAZG.T.Ccyl2yX0iaTuGTPdcNZ0-"],"musicbrainz_recordingid":["a28253fb-f35f-484a-a1a8-cb81bd9f6b3b"],"musicbrainz_releasegroupid":["2173968b-38c8-3bb4-b528-6a525eeb1ae2"],"musicip_puid":["0e3c8215-34b1-6a06-12a5-1eb6983202ec"],"releasecountry":["United States"],"script":["Latin"],"title":["I Feel Better All Over"],"tracknumber":["09"],"tracktotal":["16"]},"version":{"essentia":"2.1-beta2","essentia_build_sha":"70f2e5ece6736b2c40cc944ad0e695b16b925413","essentia_git_sha":"v2.1_beta2","extractor":"music 1.0"}},"rhythm":{"beats_count":213,"beats_loudness":{"dmean":0.0132089303806,"dmean2":0.0224164519459,"dvar":0.000213960782276,"dvar2":0.000565902329981,"max":0.11360296607,"mean":0.0239999778569,"median":0.0190542750061,"min":0,"var":0.000321084226016},"beats_loudness_band_ratio":{"dmean":[0.214725494385,0.15047173202,0.194993764162,0.0861156955361,0.0663434714079,0.02