{"lowlevel":{"average_loudness":0.932283818722,"barkbands":{"dmean":[0.0000600652929279,0.00280225090683,0.00194309593644,0.00304784975015,0.00354577950202,0.00302768871188,0.00151440186892,0.00128575740382,0.00192405423149,0.000460585666588,0.000177180481842,0.000094345821708,0.0000415294271079,0.0000177817182703,0.0000156603291543,0.0000342116545653,0.0000595336969127,0.0000637299599475,0.0000668836291879,0.0000410957291024,0.0000238809625444,0.0000188210833585,0.0000151965368786,0.00000406071194448,0.00000302612602354,0.00000139281155498,1.26665625544e-7],"dmean2":[0.0000915153868846,0.00468266941607,0.00325478077866,0.00512546254322,0.00591952633113,0.00488894432783,0.00253894343041,0.00209354050457,0.00297150225379,0.000732192245778,0.000286751368549,0.000153499378939,0.00006801692507,0.0000292421154882,0.0000255762406596,0.0000556871600566,0.0000959139069892,0.000102220350527,0.000109184606117,0.000068439381721,0.0000394360613427,0.0000302870976157,0.0000238612628891,0.00000652031167192,0.00000456812449556,0.00000215978047891,2.16936967945e-7],"dvar":[1.43367051564e-8,0.0000393552945752,0.0000149997576955,0.0000240581648541,0.0000430656145909,0.0000307219015667,0.000030341287129,0.0000192873576452,0.0000169287650351,0.00000230600926443,1.94384085717e-7,9.34516037887e-8,9.31338206556e-9,1.71715452968e-9,9.08187636206e-10,3.23365711985e-9,7.64605356807e-9,8.64265548017e-9,1.33790702961e-8,7.50554463025e-9,3.38269989797e-9,1.94226212891e-9,1.01866670654e-9,7.52576473362e-11,2.75975978181e-11,8.34357929969e-12,9.24786082538e-15],"dvar2":[3.14257739831e-8,0.000101148754766,0.0000399244781875,0.000063393257733,0.000117868665257,0.0000798531473265,0.0000784178700997,0.0000471868479508,0.0000412218832935,0.00000544171007277,4.81788731577e-7,2.39199465568e-7,2.42183464394e-8,4.48949100118e-9,2.22232166003e-9,8.01841437692e-9,1.90447000392e-8,2.05628758465e-8,3.35445058397e-8,1.89211917245e-8,8.449233313e-9,4.71054262263e-9,2.3039841146e-9,1.90763654873e-10,6.11339798229e-11,1.89030492648e-11,2.71742535158e-14],"max":[0.00182503950782,0.0728822872043,0.0520456954837,0.0772620663047,0.0790685266256,0.101489588618,0.127547472715,0.108140103519,0.0693402290344,0.0502458587289,0.0109722455963,0.0099611422047,0.00238526542671,0.00133254029788,0.0009866602486,0.00195611594245,0.00186683842912,0.00178828730714,0.00301760341972,0.00161406153347,0.00170996424276,0.000863515422679,0.000641818158329,0.000218854474952,0.0000931387476157,0.0000630074282526,0.00000161895297879],"mean":[0.0000924172854866,0.00425190525129,0.00298492913134,0.00426818430424,0.00600775890052,0.00527347670868,0.00193003355525,0.00177169486415,0.00339315878227,0.000623387924861,0.000254047918133,0.000130824744701,0.0000617965633865,0.0000274780541076,0.0000257019783021,0.0000609425660514,0.000116237279144,0.000128815605422,0.000129202118842,0.0000667639396852,0.0000465596604045,0.0000382914950023,0.0000305036264763,0.0000091631700343,0.00000740330051485,0.00000325577775584,0.00000114095757908],"median":[0.0000417751325585,0.00246211281046,0.00185243715532,0.00281094154343,0.00446515111253,0.00297059584409,0.000977782765403,0.000733675551601,0.00186071638018,0.000292405864457,0.000130806161906,0.0000686522253091,0.0000353360592271,0.0000179738999577,0.0000165295423358,0.0000423282690463,0.000082892482169,0.0000941729813349,0.0000868647111929,0.0000327422458213,0.0000264971840807,0.0000158624206961,0.0000122058281704,0.00000475677143186,0.00000460453247797,0.00000180135225492,0.00000113742407848],"min":[2.53985632904e-23,1.0934374186e-23,1.65353260561e-23,4.26484332436e-23,1.80758830516e-23,1.38027964463e-22,8.92479867715e-23,2.64106150338e-23,4.35888942821e-23,4.21065299779e-23,1.1899666357e-22,8.97399014993e-23,9.6719951048e-23,1.01706681618e-22,1.77177616576e-22,9.03911724409e-23,3.67185696056e-22,1.22160147261e-22,2.28675428346e-22,4.2425509987e-22,4.72086828888e-22,5.85324997177e-22,4.74950002699e-22,7.82479739939e-22,1.50214181704e-21,1.41086235567e-21,2.62214416449e-21],"var":[2.07095354199e-8,0.0000409563290305,0.0000161270218086,0.0000260989199887,0.000045091695938,0.0000483079747937,0.0000264341560978,0.0000193802061403,0.0000257029532804,0.00000264935738414,2.40101854843e-7,9.15839777349e-8,1.0639561232e-8,1.80631787305e-9,1.33752342535e-9,5.39913225239e-9,1.56492117043e-8,1.75623480203e-8,2.23250662401e-8,1.05863326993e-8,5.02233143962e-9,4.16436529704e-9,2.5075770349e-9,2.03260991372e-10,7.5631036156e-11,1.72535093851e-11,1.40546415109e-14]},"barkbands_crest":{"dmean":2.39400792122,"dmean2":3.95972299576,"dvar":5.31479310989,"dvar2":13.8956775665,"max":26.1640644073,"mean":9.47778701782,"median":8.65534973145,"min":3.39149832726,"var":11.6746530533},"barkbands_flatness_db":{"dmean":0.0199943259358,"dmean2":0.0306076016277,"dvar":0.000374462862965,"dvar2":0.000852464116178,"max":0.340364724398,"mean":0.173011153936,"median":0.172013446689,"min":0.0248010642827,"var":0.00127946736757},"barkbands_kurtosis":{"dmean":3.75343537331,"dmean2":6.01027870178,"dvar":30.0151805878,"dvar2":75.3057479858,"max":217.785568237,"mean":8.56934928894,"median":7.12999725342,"min":-1.84310603142,"var":61.5571365356},"barkbands_skewness":{"dmean":0.548168420792,"dmean2":0.859435319901,"dvar":0.30781596899,"dvar2":0.751376748085,"max":13.4293336868,"mean":2.06077170372,"median":2.02929496765,"min":-1.78827106953,"var":0.861831009388},"barkbands_spread":{"dmean":2.88232493401,"dmean2":4.59103631973,"dvar":33.4453582764,"dvar2":84.6260528564,"max":115.967979431,"mean":9.86939144135,"median":8.33917617798,"min":0.848305165768,"var":69.3092269897},"dissonance":{"dmean":0.0267262794077,"dmean2":0.045159265399,"dvar":0.00061625771923,"dvar2":0.00166110333521,"max":0.500000238419,"mean":0.448192983866,"median":0.454211354256,"min":0.230701968074,"var":0.00117638357915},"dynamic_complexity":2.61814022064,"erbbands":{"dmean":[0.0723969638348,0.688179373741,1.90613555908,6.0669336319,13.5470790863,10.0785894394,16.4381809235,28.7026119232,21.7747325897,23.932434082,30.0484008789,44.2962837219,19.7899627686,9.13067722321,5.67631864548,3.54230046272,1.86471760273,0.947384595871,0.783381640911,0.946896255016,2.12562513351,3.39249229431,3.3690340519,3.63274741173,2.68272280693,1.92678868771,1.28405582905,0.745308339596,0.599253833294,0.728763818741,0.381824910641,0.142606914043,0.0437038131058,0.0318234600127,0.0243769474328,0.0115690883249,0.00109087210149,0.0000989561376628,0.0000221042409976,0.0000142927119668],"dmean2":[0.122929684818,1.15665769577,3.18341755867,10.0364542007,23.1874446869,16.7160110474,27.4458122253,45.8545951843,36.4797935486,39.7934684753,47.5560340881,68.8192062378,30.9362201691,14.2566108704,9.14026069641,5.76008081436,3.03638529778,1.54775953293,1.27322387695,1.53880918026,3.43899273872,5.44735574722,5.39061450958,5.90202665329,4.37395048141,3.20565772057,2.1326508522,1.21381449699,0.963791310787,1.15685665607,0.604683101177,0.230470687151,0.067605689168,0.0477202273905,0.0375951491296,0.0177584309131,0.00170077604707,0.000166772806551,0.0000373689836124,0.0000227962682402],"dvar":[0.0279012992978,2.3320376873,15.1968221664,94.7066879272,822.435302734,233.95602417,736.170471191,3231.91650391,6896.8125,5336.95410156,9698.48339844,9543.00195312,3375.77441406,600.727294922,189.700958252,120.711723328,19.5880947113,5.4048037529,1.83491909504,3.06523489952,12.5802946091,24.7876968384,26.07837677,36.7348060608,25.4557189941,15.9625015259,10.6515026093,2.55423927307,1.91334760189,2.90618228912,0.642566502094,0.0976399034262,0.00716260029003,0.00265867286362,0.00211664522067,0.000585084024351,0.0000039561068661,6.43553033086e-9,3.06812769635e-10,4.24685425715e-10],"dvar2":[0.0745049566031,6.00252962112,39.9809379578,245.754486084,2279.72290039,629.203369141,1988.01782227,8343.68164062,18132.4804688,13553.9570312,22521.4726562,23293.8652344,7805.11376953,1356.83312988,463.299194336,309.787017822,50.7013969421,14.0404834747,4.78092908859,7.68714809418,31.0804710388,61.374835968,62.3370857239,92.0455322266,63.8879089355,40.1051216125,26.9677124023,6.28889369965,4.65857887268,6.82083082199,1.47121882439,0.247735336423,0.0164804700762,0.00585819920525,0.00483677349985,0.00131736102048,0.00000893696869753,1.77169212634e-8,8.58755899724e-10,1.02935526769e-9],"max":[2.06078505516,17.1343898773,54.8971252441,154.707397461,338.73059082,170.092788696,370.949523926,1131.43737793,2099.42431641,1971.92871094,2671.57983398,1762.02612305,1771.40466309,868.830383301,454.386474609,359.18548584,96.208404541,83.2580871582,37.0097236633,40.6663208008,122.253288269,123.79434967,103.135414124,173.812866211,92.2675628662,82.5010757446,84.4293136597,44.0717277527,27.4443149567,37.2310028076,20.1494312286,6.39244318008,3.03434085846,0.940340638161,0.773672759533,0.50430393219,0.0444126427174,0.00160703097936,0.000301375897834,0.000229746874538],"mean":[0.105137109756,1.0320674181,3.11292982101,9.31189727783,18.8593082428,18.3869438171,27.0509548187,49.9747505188,30.8374843597,34.422668457,48.5956611633,76.4650344849,30.4504566193,14.5103826523,9.05635452271,5.30370664597,2.93870806694,1.59121155739,1.40800213814,1.72353541851,4.13266801834,7.00193881989,7.07286834717,7.44034767151,4.91216373444,3.19463086128,2.21811580658,1.57669770718,1.23505449295,1.45863771439,0.753989756107,0.291763037443,0.114434733987,0.0807592198253,0.0535649247468,0.0242991372943,0.00331975100562,0.000623703526799,0.000162202792126,0.0000525801006006],"median":[0.0527495667338,0.595268368721,2.06177544594,6.39953613281,13.1211223602,13.7773647308,18.3936157227,24.6905059814,16.9461746216,18.9578437805,26.8769607544,41.6070709229,16.5360183716,8.29434967041,4.99848651886,3.02401399612,1.78798925877,1.05118155479,0.975746572018,1.1734944582,2.9501645565,5.13052272797,5.04775047302,5.41116333008,2.98557710648,1.58810043335,1.14190745354,0.880106389523,0.551781058311,0.514748573303,0.309173345566,0.132563740015,0.0684001669288,0.0516677945852,0.0295841693878,0.0119196940213,0.00233419472352,0.000609149574302,0.000160134310136,0.0000486830322188],"min":[5.45225569156e-22,2.02670337042e-21,1.13543649562e-20,1.152349318e-19,4.26522725854e-20,8.59289114369e-20,5.94414314626e-19,1.11166374164e-18,1.76933953705e-18,4.13799427875e-19,5.88166981351e-19,9.1953594833e-19,1.88679711608e-18,1.95337274768e-18,4.89255494757e-18,3.23301577862e-18,4.90798021163e-18,3.52885795868e-18,1.01567174766e-17,5.79755671215e-18,8.11745339605e-18,2.16444512769e-17,9.33909080013e-18,1.11351646078e-17,1.4065920112e-17,1.56757145e-17,1.53666847863e-17,2.27570356705e-17,1.6484179324e-17,1.96563507987e-17,1.39140911105e-17,1.53232726934e-17,1.45849957987e-17,1.46073164403e-17,1.03596505235e-17,5.44748022844e-18,2.92282904598e-18,1.16795348572e-18,3.76329464446e-19,4.07002588179e-20],"var":[0.0278617311269,2.3960647583,15.9643993378,111.951065063,684.332824707,336.629394531,917.399841309,5238.24951172,5986.66796875,5014.87548828,10639.8203125,13734.3115234,4182.36865234,838.251342773,267.629699707,120.372566223,22.5651187897,5.84304952621,2.81738901138,4.6866979599,22.0292396545,51.9689941406,55.6034011841,64.4418258667,36.5360450745,23.2706680298,14.0184850693,4.75476789474,3.96406722069,6.91767263412,1.46997737885,0.230983763933,0.023773683235,0.00858696456999,0.00484954798594,0.00124555907678,0.00000851185905049,1.36046818255e-8,5.78017467223e-10,7.16030457149e-10]},"erbbands_crest":{"dmean":3.06303095818,"dmean2":4.92848062515,"dvar":9.46262741089,"dvar2":23.2468338013,"max":32.1500358582,"mean":10.7184200287,"median":9.40110397339,"min":2.02171087265,"var":24.8758525848},"erbbands_flatness_db":{"dmean":0.0183012373745,"dmean2":0.0274137146771,"dvar":0.000411360873841,"dvar2":0.000899085309356,"max":0.351263135672,"mean":0.177521780133,"median":0.175316944718,"min":0.0250342655927,"var":0.00140001787804},"erbbands_kurtosis":{"dmean":1.89227104187,"dmean2":3.03398919106,"dvar":9.39115524292,"dvar2":22.6678066254,"max":68.2727813721,"mean":2.95699000359,"median":2.1359705925,"min":-1.70156359673,"var":16.7777900696},"erbbands_skewness":{"dmean":0.3701582551,"dmean2":0.589007079601,"dvar":0.170768380165,"dvar2":0.417363107204,"max":6.18209123611,"mean":1.35987925529,"median":1.34814584255,"min":-3.47135615349,"var":0.433312028646},"erbbands_spread":{"dmean":7.21981287003,"dmean2":11.296421051,"dvar":69.7217788696,"dvar2":171.726318359,"max":144.073486328,"mean":28.8634815216,"median":25.9002151489,"min":1.66737890244,"var":240.206130981},"gfcc":{"cov":[[3894.71655273,754.804321289,-331.178314209,575.178588867,-487.82901001,156.771133423,-42.6320610046,49.901473999,2.48735952377,-99.4548797607,88.8868865967,48.717502594,9.42025184631],[754.804321289,601.955749512,-0.717756807804,-26.3497867584,80.5378265381,-48.1190261841,36.7882385254,31.6020259857,-4.10914850235,-60.0038871765,22.6368141174,5.87330198288,0.215564727783],[-331.178314209,-0.717756807804,447.265380859,107.450775146,66.6179885864,142.175201416,-0.175920397043,50.4721870422,13.1151456833,20.6815090179,17.6699962616,0.565301537514,6.03009366989],[575.178588867,-26.3497867584,107.450775146,370.179138184,-68.551361084,116.560775757,10.9234752655,-9.87835216522,46.1190795898,-24.4994831085,45.5004806519,21.8743515015,-1.98426139355],[-487.82901001,80.5378265381,66.6179885864,-68.551361084,243.614456177,-11.3007564545,28.7674427032,19.7248649597,-2.62251853943,-1.76484119892,-0.220586463809,6.17921113968,0.94314455986],[156.771133423,-48.1190261841,142.175201416,116.560775757,-11.3007564545,183.652526855,31.0718402863,29.1558456421,7.3351020813,12.5115852356,21.4945411682,7.94480037689,6.1104259491],[-42.6320610046,36.7882385254,-0.175920397043,10.9234752655,28.7674427032,31.0718402863,106.493370056,29.7448635101,7.75553178787,-13.4077453613,10.0000257492,-8.96489048004,-5.65519714355],[49.901473999,31.6020259857,50.4721870422,-9.87835216522,19.7248649597,29.1558456421,29.7448635101,113.73462677,20.2523231506,-4.58251571655,-7.39725828171,-0.986451387405,-0.887762188911],[2.48735952377,-4.10914850235,13.1151456833,46.1190795898,-2.62251853943,7.3351020813,7.75553178787,20.2523231506,84.3602600098,7.56125926971,1.88714015484,6.35227489471,-2.94828367233],[-99.4548797607,-60.0038871765,20.6815090179,-24.4994831085,-1.76484119892,12.5115852356,-13.4077453613,-4.58251571655,7.56125926971,81.3335189819,26.0869083405,7.39189767838,13.8187332153],[88.8868865967,22.6368141174,17.6699962616,45.5004806519,-0.220586463809,21.4945411682,10.0000257492,-7.39725828171,1.88714015484,26.0869083405,76.4796142578,37.6850624084,8.86789894104],[48.717502594,5.87330198288,0.565301537514,21.8743515015,6.17921113968,7.94480037689,-8.96489048004,-0.986451387405,6.35227489471,7.39189767838,37.6850624084,63.9929580688,27.0799121857],[9.42025184631,0.215564727783,6.03009366989,-1.98426139355,0.94314455986,6.1104259491,-5.65519714355,-0.887762188911,-2.94828367233,13.8187332153,8.86789894104,27.0799121857,43.2730827332]],"icov":[[0.00690644839779,-0.0120882261544,0.00994156766683,-0.011517142877,0.0111736375839,-0.00914406683296,0.00847877934575,-0.00814011413604,0.00687559694052,-0.00562105420977,0.00322599033825,-0.00164976005908,0.0012667652918],[-0.0120882261544,0.0232971403748,-0.0175239481032,0.0204076115042,-0.0200864747167,0.0166761949658,-0.014924894087,0.0136624537408,-0.0122695593163,0.0121964840218,-0.00791314058006,0.00413688505068,-0.00339192152023],[0.00994156766683,-0.0175239481032,0.017891548574,-0.0172411464155,0.0147104440257,-0.0156646277755,0.0138310315087,-0.0129286162555,0.00993912853301,-0.00861071329564,0.00414009764791,-0.000908313028049,0.00121982453857],[-0.011517142877,0.0204076115042,-0.0172411464155,0.0242331530899,-0.0174492374063,0.0126577746123,-0.0135922757909,0.0150270182639,-0.0145839462057,0.0133267454803,-0.00911028496921,0.00356516963802,-0.00256925798021],[0.0111736375839,-0.0200864747167,0.0147104440257,-0.0174492374063,0.0233475491405,-0.0140466168523,0.0118267340586,-0.0128741310909,0.0110588809475,-0.00931665021926,0.00606173230335,-0.00475686974823,0.00303690182045],[-0.00914406683296,0.0166761949658,-0.0156646277755,0.0126577746123,-0.0140466168523,0.0222033131868,-0.0144667066634,0.00921272020787,-0.00720427650958,0.00542306946591,-0.00367869436741,0.00105398416054,-0.00198822608218],[0.00847877934575,-0.014924894087,0.0138310315087,-0.0135922757909,0.0118267340586,-0.0144667066634,0.0236337594688,-0.0128393117338,0.00679462542757,-0.00287014362402,-0.002020934131,0.00431485334411,-0.000618385325652],[-0.00814011413604,0.0136624537408,-0.0129286162555,0.0150270182639,-0.0128741310909,0.00921272020787,-0.0128393117338,0.0209702719003,-0.0109688481316,0.00692182872444,-0.00146432092879,0.00000759012391427,-0.000735766603611],[0.00687559694052,-0.0122695593163,0.00993912853301,-0.0145839462057,0.0110588809475,-0.00720427650958,0.00679462542757,-0.0109688481316,0.0218795817345,-0.0105070313439,0.00764981750399,-0.00623570103198,0.00513036223128],[-0.00562105420977,0.0121964840218,-0.00861071329564,0.0133267454803,-0.00931665021926,0.00542306946591,-0.00287014362402,0.00692182872444,-0.0105070313439,0.0264926794916,-0.0162998083979,0.0105292284861,-0.0102466782555],[0.00322599033825,-0.00791314058006,0.00414009764791,-0.00911028496921,0.00606173230335,-0.00367869436741,-0.002020934131,-0.00146432092879,0.00764981750399,-0.0162998083979,0.0319728218019,-0.0214641932398,0.0110419588163],[-0.00164976005908,0.00413688505068,-0.000908313028049,0.00356516963802,-0.00475686974823,0.00105398416054,0.00431485334411,0.00000759012391427,-0.00623570103198,0.0105292284861,-0.0214641932398,0.0374382399023,-0.0216696411371],[0.0012667652918,-0.00339192152023,0.00121982453857,-0.00256925798021,0.00303690182045,-0.00198822608218,-0.000618385325652,-0.000735766603611,0.00513036223128,-0.0102466782555,0.0110419588163,-0.0216696411371,0.0376005917788]],"mean":[-27.186504364,125.169944763,-89.6784515381,26.3310127258,-65.9959487915,-16.7962303162,-27.2704048157,14.1818647385,-21.7407455444,-11.1825199127,-17.166601181,1.27211070061,-11.5581741333]},"hfc":{"dmean":4.11713266373,"dmean2":6.37339735031,"dvar":39.8170890808,"dvar2":96.3766860962,"max":77.7569198608,"mean":12.1320152283,"median":10.8205928802,"min":1.18169090015e-16,"var":75.7313079834},"melbands":{"dmean":[0.000717450748198,0.000927639193833,0.00129081541672,0.000816340674646,0.000535055412911,0.000615530356299,0.000325623201206,0.000267646653811,0.000280297885183,0.000265354261501,0.0000984334255918,0.0000400469180022,0.0000223956358241,0.0000116350920507,0.000007224834917,0.00000306469701172,0.00000178163099918,0.00000138718019116,0.00000117102547392,0.00000183654037755,0.00000275651041193,0.00000368850828636,0.00000401416309614,0.00000284492034552,0.00000329751264871,0.00000236876371673,0.00000171460385445,0.00000127469161271,9.09285233774e-7,6.12851067672e-7,4.2292293756e-7,3.34972241944e-7,4.64020615709e-7,4.09802964896e-7,2.54165627211e-7,1.50261868725e-7,6.93196966495e-8,3.29194875803e-8,2.6547812837e-8,3.07228802399e-8],"dmean2":[0.00120132404845,0.00154278543778,0.00215734262019,0.00137030205224,0.000884223496541,0.000986301456578,0.000544592679944,0.000440191361122,0.000440273928689,0.000412335037254,0.000154643668793,0.0000627976187388,0.0000361226739187,0.0000188165613508,0.000011907202861,0.00000499229236084,0.0000029419677503,0.00000225740109272,0.00000191763524526,0.00000300412989418,0.00000448743958259,0.00000595436495132,0.00000645956606604,0.00000463930246042,0.00000539267466593,0.00000388859461964,0.00000283631788989,0.00000214043870983,0.00000152495647399,0.0000010151012475,6.86214946199e-7,5.49911703729e-7,7.49245089082e-7,6.55913311221e-7,4.08761962944e-7,2.4141695576e-7,1.14262441286e-7,5.22447543005e-8,4.08289437814e-8,4.71551508952e-8],"dvar":[0.00000268189091912,0.00000363681465387,0.0000045710366976,0.00000241998282036,7.18228022834e-7,0.00000144726300277,0.00000145926287587,6.53256620353e-7,6.55548944906e-7,3.62745794291e-7,8.66485336815e-8,1.25585168931e-8,2.79877210296e-9,1.44887757347e-9,4.1748005053e-10,5.37491474939e-11,2.1639112377e-11,6.20271759302e-12,6.47384099453e-12,9.53077720911e-12,2.18266706792e-11,3.02108511818e-11,3.91859669713e-11,2.04605030835e-11,3.19035318996e-11,1.75279062098e-11,1.17178627912e-11,7.32154441241e-12,5.51743893629e-12,2.94534101969e-12,6.90677170404e-13,5.66059081119e-13,1.35097250227e-12,8.62611089329e-13,2.96475490642e-13,1.00238177134e-13,2.45426017698e-14,4.83735645737e-15,2.11955934303e-15,2.59524267006e-15],"dvar2":[0.00000696293636793,0.0000092456357379,0.0000120686881928,0.00000666829919282,0.00000192526567844,0.00000374598016606,0.00000382096686735,0.00000166769723364,0.00000150494770423,8.90263322617e-7,2.00790950089e-7,2.81007928038e-8,6.68342048371e-9,3.69046548876e-9,1.09771647328e-9,1.36367098169e-10,5.6934738174e-11,1.61373050339e-11,1.54585684531e-11,2.44418062179e-11,5.53249321356e-11,7.60098650687e-11,9.64098870182e-11,5.00802975478e-11,8.04145292022e-11,4.50735698765e-11,2.94991461813e-11,1.85358863675e-11,1.42167709896e-11,7.60356881624e-12,1.72515051289e-12,1.40733963112e-12,3.33752231581e-12,2.02448973384e-12,7.02631691978e-13,2.43370211137e-13,6.45119808268e-14,1.17613540164e-14,4.69370390469e-15,5.992929626e-15],"max":[0.0200819969177,0.0237944088876,0.0303417313844,0.0195971038193,0.0115683758631,0.0234440620989,0.0292089674622,0.0236188843846,0.0191556327045,0.0118421195075,0.00905260443687,0.0039971950464,0.00132202322129,0.00134510919452,0.000647713604849,0.000150246662088,0.000164456607308,0.0000677969801472,0.0000840195789351,0.0000939128367463,0.000130963249831,0.000149412022438,0.000165815537912,0.000116825089208,0.000168352853507,0.000077098600741,0.0000572395292693,0.0000608618211118,0.0000665768384351,0.000068602967076,0.0000172821255546,0.0000157479444169,0.0000220902893489,0.0000220218043978,0.0000147626487887,0.00000678645892549,0.00000366982203559,0.00000285274813905,0.00000110733526526,7.65104687162e-7],"mean":[0.00108161754906,0.00156876351684,0.00197666883469,0.00133727386128,0.000942889251746,0.00107718177605,0.000459727598354,0.00038763723569,0.000471851381008,0.000451845669886,0.000141907265061,0.0000596471218159,0.0000336328957928,0.0000166410391103,0.000010359864973,0.00000459288958155,0.00000271453359346,0.00000226739871323,0.000001886877385,0.00000310463610731,0.0000050495737014,0.00000692178355166,0.00000766566063248,0.0000054280585573,0.00000628187444818,0.00000421047934651,0.00000272315878647,0.00000195630468625,0.0000014327002873,0.00000110607095394,8.40657094159e-7,6.34525122223e-7,8.43450663979e-7,7.7760756767e-7,4.61617077008e-7,2.77938653426e-7,1.3586945613e-7,7.81041364917e-8,6.66704735863e-8,6.95334065881e-8],"median":[0.000566452392377,0.00107741076499,0.00145761994645,0.000974563648924,0.000679148826748,0.000560483429581,0.000253832724411,0.000206910539418,0.000250262091868,0.000252811762039,0.0000693665642757,0.0000320751278196,0.0000177979363798,0.00000854591144162,0.00000594300036028,0.00000265935409516,0.00000172037823631,0.00000153337077791,0.00000117504339414,0.00000205016885957,0.00000358336683348,0.00000497098244523,0.00000522831942362,0.00000385748808185,0.00000443777889814,0.00000268347844212,0.00000146153092828,8.54090558278e-7,6.58891053718e-7,6.1518954908e-7,4.42987754923e-7,2.81919682266e-7,2.98459895021e-7,2.61252125711e-7,1.82962835993e-7,1.1372065245e-7,6.1140603691e-8,4.39151222054e-8,4.15476080207e-8,4.24463308946e-8],"min":[6.02342080588e-24,4.9606445174e-24,1.66008204439e-23,2.95871354404e-24,1.712723837e-23,2.74251469559e-23,2.39235259263e-23,4.03517380821e-24,4.54588156939e-24,6.46055466587e-24,9.08068753166e-24,6.7537206218e-24,1.73609857448e-23,1.25008144966e-23,5.85854335466e-24,1.16022380279e-23,5.63193753761e-24,1.64704106922e-23,1.31026017713e-23,4.58978917294e-24,9.86263407105e-24,2.47562553864e-23,1.15323015643e-23,5.69696018658e-24,9.47387473949e-24,8.34327219038e-24,1.39354708599e-23,9.77714600361e-24,8.89029121902e-24,1.37105476831e-23,1.30730699745e-23,8.71192345747e-24,1.09299849639e-23,1.04598554188e-23,7.67086529857e-24,8.38723935293e-24,9.67737797607e-24,9.19573737267e-24,1.19963789685e-23,1.29185975986e-23],"var":[0.00000280942140307,0.00000396512587031,0.00000486378075948,0.00000238602979152,9.68978383753e-7,0.00000228167937166,0.00000127375142256,6.24290635187e-7,8.03328418897e-7,4.90509989959e-7,1.06202008965e-7,1.69802039096e-8,3.89934617928e-9,1.49215229062e-9,3.89419441138e-10,6.37643132739e-11,2.12086268686e-11,8.50129515395e-12,9.39366813502e-12,1.48537328271e-11,3.50390827464e-11,5.60682021644e-11,7.75490227589e-11,3.65201584251e-11,5.2445645049e-11,2.53594888144e-11,1.52361716993e-11,1.05034999795e-11,6.85414659057e-12,3.61857635869e-12,1.37263800586e-12,1.06411645988e-12,2.62293962591e-12,2.01027107287e-12,5.90181495255e-13,2.22207303014e-13,5.35930417341e-14,1.31926990897e-14,6.72414775837e-15,6.99824973769e-15]},"melbands_crest":{"dmean":2.80344080925,"dmean2":4.65365839005,"dvar":6.85679674149,"dvar2":18.2961597443,"max":32.9434661865,"mean":11.7885627747,"median":11.0150184631,"min":2.0085914135,"var":14.1038322449},"melbands_flatness_db":{"dmean":0.0230899080634,"dmean2":0.0350567400455,"dvar":0.000509462319314,"dvar2":0.00114870455582,"max":0.475041687489,"mean":0.265089392662,"median":0.263499617577,"min":0.00882267765701,"var":0.00211033737287},"melbands_kurtosis":{"dmean":6.62527990341,"dmean2":10.740644455,"dvar":169.510177612,"dvar2":455.004058838,"max":465.174865723,"mean":14.3340024948,"median":10.9836101532,"min":-1.6520665884,"var":336.488677979},"melbands_skewness":{"dmean":0.691807210445,"dmean2":1.09302663803,"dvar":0.546075344086,"dvar2":1.37210297585,"max":18.0607051849,"mean":2.38581895828,"median":2.2646882534,"min":-1.65562963486,"var":1.74934709072},"melbands_spread":{"dmean":2.71006083488,"dmean2":4.28770875931,"dvar":24.8484020233,"dvar2":59.9928703308,"max":146.789230347,"mean":9.82668495178,"median":8.95290374756,"min":0.776216804981,"var":39.8362388611},"mfcc":{"cov":[[4464.05908203,83.5180969238,148.303710938,274.222869873,-272.188049316,54.4740180969,-119.619308472,200.526489258,-178.19720459,50.6886405945,-44.7602539062,-56.6731719971,121.512763977],[83.5180969238,662.183898926,-142.013519287,-32.4692001343,60.2258338928,-103.03427887,55.9949569702,8.96578598022,28.9872608185,-44.8496208191,9.14636611938,18.7755336761,-36.9752120972],[148.303710938,-142.013519287,467.599212646,67.6279754639,65.8781204224,110.280403137,29.0956554413,70.5575408936,-5.96056318283,64.9679260254,12.4886655807,1.92624354362,59.5141601562],[274.222869873,-32.4692001343,67.6279754639,169.366973877,32.8089408875,34.751750946,-3.06945109367,48.377872467,-19.5066394806,15.9183578491,-2.85732197762,-5.95250272751,39.0752372742],[-272.188049316,60.2258338928,65.8781204224,32.8089408875,165.935775757,35.7443847656,23.6676292419,27.6546096802,22.2495822906,-0.690590977669,19.0631370544,-0.964084506035,19.121515274],[54.4740180969,-103.03427887,110.280403137,34.751750946,35.7443847656,140.849029541,31.0711193085,13.4408655167,-14.37196064,21.038860321,0.225494801998,-1.9187053442,26.9507923126],[-119.619308472,55.9949569702,29.0956554413,-3.06945109367,23.6676292419,31.0711193085,128.812866211,31.8683681488,5.58697891235,16.9564247131,-8.13347244263,28.2650737762,-4.58938503265],[200.526489258,8.96578598022,70.5575408936,48.377872467,27.6546096802,13.4408655167,31.8683681488,137.027374268,20.762298584,26.2559299469,11.923579216,-13.2023897171,34.4976119995],[-178.19720459,28.9872608185,-5.96056318283,-19.5066394806,22.2495822906,-14.37196064,5.58697891235,20.762298584,85.4521026611,16.8704395294,16.8772068024,-0.748384892941,-19.0548114777],[50.6886405945,-44.8496208191,64.9679260254,15.9183578491,-0.690590977669,21.038860321,16.9564247131,26.2559299469,16.8704395294,80.081237793,12.7561397552,13.220293045,3.94855618477],[-44.7602539062,9.14636611938,12.4886655807,-2.85732197762,19.0631370544,0.225494801998,-8.13347244263,11.923579216,16.8772068024,12.7561397552,57.9892463684,7.17510986328,9.41318321228],[-56.6731719971,18.7755336761,1.92624354362,-5.95250272751,-0.964084506035,-1.9187053442,28.2650737762,-13.2023897171,-0.748384892941,13.220293045,7.17510986328,65.0501480103,4.216152668],[121.512763977,-36.9752120972,59.5141601562,39.0752372742,19.121515274,26.9507923126,-4.58938503265,34.4976119995,-19.0548114777,3.94855618477,9.41318321228,4.216152668,81.3507843018]],"icov":[[0.000404436839744,-0.000337144243531,-0.0000832872174215,-0.00044304743642,0.000922828447074,-0.000416420574766,0.000640061276499,-0.000711275613867,0.000670707318932,-0.000243226881139,0.000162150987308,0.0000347305576724,-0.0000764795477153],[-0.000337144243531,0.0024249672424,0.000428742467193,0.000345113017829,-0.00182064727414,0.00196086615324,-0.00173851056024,0.000314864388201,-0.000561008695513,0.00112525036093,-0.000571295444388,-0.000333704199875,0.000570454110857],[-0.0000832872174215,0.000428742467193,0.00324488687329,0.0000259773187281,-0.00111702748109,-0.00136353529524,-0.0000840950015117,-0.000688019557856,0.000261543842498,-0.00177816720679,0.000144240082591,-0.0000409546046285,-0.000932775321417],[-0.00044304743642,0.000345113017829,0.0000259773187281,0.0083884568885,-0.00242608273402,-0.000482039904455,0.000827214389574,-0.00179761473555,0.00142301165033,-0.00109374604654,0.00139707815833,-0.000314710079692,-0.00144963583443],[0.000922828447074,-0.00182064727414,-0.00111702748109,-0.00242608273402,0.0104325572029,-0.00292592891492,0.000487739831442,-0.0012580670882,-0.00124716956634,0.00144915923011,-0.00179819972254,0.000717737770174,-0.00133683998138],[-0.000416420574766,0.00196086615324,-0.00136353529524,-0.000482039904455,-0.00292592891492,0.0118846297264,-0.00438869325444,0.00254340772517,0.00060061365366,-0.000793053070083,-0.000572961755097,0.00213921442628,-0.00169875961728],[0.000640061276499,-0.00173851056024,-0.0000840950015117,0.000827214389574,0.000487739831442,-0.00438869325444,0.0132437841967,-0.00539548089728,0.0017655340489,-0.00144971825648,0.00378062319942,-0.00610841764137,0.00265542417765],[-0.000711275613867,0.000314864388201,-0.000688019557856,-0.00179761473555,-0.0012580670882,0.00254340772517,-0.00539548089728,0.0135292503983,-0.00461854459718,-0.0017739116447,-0.00174947828054,0.00512122642249,-0.00507486099377],[0.000670707318932,-0.000561008695513,0.000261543842498,0.00142301165033,-0.00124716956634,0.00060061365366,0.0017655340489,-0.00461854459718,0.0173740070313,-0.00372794433497,-0.00277188816108,0.000129534542793,0.0045851287432],[-0.000243226881139,0.00112525036093,-0.00177816720679,-0.00109374604654,0.00144915923011,-0.000793053070083,-0.00144971825648,-0.0017739116447,-0.00372794433497,0.0178342834115,-0.0030598139856,-0.00378245091997,0.00210479553789],[0.000162150987308,-0.000571295444388,0.000144240082591,0.00139707815833,-0.00179819972254,-0.000572961755097,0.00378062319942,-0.00174947828054,-0.00277188816108,-0.0030598139856,0.0212640780956,-0.00320468237624,-0.00250594061799],[0.0000347305576724,-0.000333704199875,-0.0000409546046285,-0.000314710079692,0.000717737770174,0.00213921442628,-0.00610841764137,0.00512122642249,0.000129534542793,-0.00378245091997,-0.00320468237624,0.0206155013293,-0.00389983109199],[-0.0000764795477153,0.000570454110857,-0.000932775321417,-0.00144963583443,-0.00133683998138,-0.00169875961728,0.00265542417765,-0.00507486099377,0.0045851287432,0.00210479553789,-0.00250594061799,-0.00389983109199,0.0186874140054]],"mean":[-680.539550781,159.816040039,19.2370929718,41.0854759216,-12.6947841644,-18.5604953766,-6.45823717117,12.7299604416,-1.229205966,-4.86136341095,-0.85732460022,-2.14859175682,-3.79586219788]},"pitch_salience":{"dmean":0.0724131762981,"dmean2":0.118291199207,"dvar":0.00425558444113,"dvar2":0.0110692093149,"max":0.985216617584,"mean":0.645517349243,"median":0.661652266979,"min":0.0801150202751,"var":0.0102218585089},"silence_rate_20dB":{"dmean":0,"dmean2":0,"dvar":0,"dvar2":0,"max":1,"mean":1,"median":1,"min":1,"var":0},"silence_rate_30dB":{"dmean":0.00775262108073,"dmean2":0.0155066074803,"dvar":0.00769316870719,"dvar2":0.0209073312581,"max":1,"mean":0.995066940784,"median":1,"min":0,"var":0.00490820268169},"silence_rate_60dB":{"dmean":0.0248436257243,"dmean2":0.0496916286647,"dvar":0.0242200531065,"dvar2":0.0500185266137,"max":1,"mean":0.0434284694493,"median":0,"min":0,"var":0.0415482372046},"spectral_centroid":{"dmean":133.24319458,"dmean2":206.949188232,"dvar":38243.0429688,"dvar2":78470.03125,"max":10811.4716797,"mean":693.381774902,"median":631.882629395,"min":184.037918091,"var":101076.09375},"spectral_complexity":{"dmean":2.44295668602,"dmean2":3.85621142387,"dvar":5.92333364487,"dvar2":13.6745405197,"max":37,"mean":12.262597084,"median":12,"min":0,"var":20.6618671417},"spectral_contrast_coeffs":{"dmean":[0.0546675510705,0.0523643344641,0.0421491414309,0.0268874894828,0.0205504633486,0.0186948608607],"dmean2":[0.0890479534864,0.0846800282598,0.0674736052752,0.0438001304865,0.0329289846122,0.0295792669058],"dvar":[0.00248437467963,0.00194217090029,0.00117899943143,0.000474613858387,0.000301250169287,0.000354974356014],"dvar2":[0.0062251505442,0.00489106122404,0.00287822936662,0.00121159781702,0.000706792401616,0.000782065733802],"max":[-0.244794338942,-0.41867056489,-0.462979197502,-0.624689638615,-0.652915179729,-0.625792503357],"mean":[-0.618576407433,-0.719118475914,-0.746953248978,-0.823798179626,-0.802848875523,-0.761238753796],"median":[-0.621636331081,-0.723915576935,-0.750136852264,-0.82765853405,-0.804986774921,-0.758529782295],"min":[-0.989150822163,-0.984961807728,-0.987913012505,-0.991875052452,-0.96023529768,-0.95496660471],"var":[0.00600948417559,0.00542059307918,0.00374152790755,0.00125300779473,0.00106841069646,0.00148925499525]},"spectral_contrast_valleys":{"dmean":[0.381628990173,0.39129036665,0.362467646599,0.296699911356,0.2615480721,0.163325846195],"dmean2":[0.617315113544,0.628929495811,0.562693178654,0.462596654892,0.396598041058,0.242153227329],"dvar":[0.137493535876,0.160474479198,0.140549868345,0.100767672062,0.0984407737851,0.0428968966007],"dvar2":[0.30536532402,0.382630050182,0.29756513238,0.184930354357,0.183092817664,0.0708151981235],"max":[-4.97992944717,-4.27361726761,-5.25236225128,-6.99230241776,-6.13781452179,-9.07650566101],"mean":[-6.96006631851,-6.17532777786,-7.34812545776,-8.44536495209,-7.8495631218,-10.8657445908],"median":[-6.60840272903,-6.0276222229,-7.22943592072,-8.3296546936,-7.72565460205,-10.7501125336],"min":[-27.4887104034,-27.1811637878,-27.3990306854,-27.0951709747,-27.3146038055,-27.4295330048],"var":[1.18481349945,0.672676205635,0.550788342953,0.409093827009,0.53959196806,0.433889716864]},"spectral_decrease":{"dmean":3.2125146987e-9,"dmean2":5.11684650206e-9,"dvar":2.3066045532e-17,"dvar2":5.62011125064e-17,"max":-2.57403275499e-29,"mean":-8.11684852664e-9,"median":-7.18215265039e-9,"min":-4.97417182999e-8,"var":3.71200509344e-17},"spectral_energy":{"dmean":0.0124701503664,"dmean2":0.0198429394513,"dvar":0.000346765737049,"dvar2":0.000845000089612,"max":0.192645534873,"mean":0.0317352227867,"median":0.0281239934266,"min":1.08154414391e-20,"var":0.000561617431231},"spectral_energyband_high":{"dmean":0.0000681989258737,"dmean2":0.00010820778698,"dvar":1.91202786937e-8,"dvar2":4.50929604767e-8,"max":0.00239621545188,"mean":0.000166896294104,"median":0.0000927497094381,"min":7.89524346078e-21,"var":4.38598775077e-8},"spectral_energyband_low":{"dmean":0.00489017739892,"dmean2":0.00792303867638,"dvar":0.0000920367019717,"dvar2":0.00021931133233,"max":0.120140962303,"mean":0.00914708059281,"median":0.00659562647343,"min":7.66022940253e-23,"var":0.000115525981528},"spectral_energyband_middle_high":{"dmean":0.000634848431218,"dmean2":0.000977680785581,"dvar":0.0000018599367877,"dvar2":0.00000427809800385,"max":0.0387297160923,"mean":0.00147482519969,"median":0.00113307335414,"min":1.65119467432e-21,"var":0.00000293642210636},"spectral_energyband_middle_low":{"dmean":0.00967958010733,"dmean2":0.015530965291,"dvar":0.000241199406446,"dvar2":0.000621134822723,"max":0.164223015308,"mean":0.0228804256767,"median":0.0196998883039,"min":3.84587891894e-22,"var":0.0003452161327},"spectral_entropy":{"dmean":0.171822041273,"dmean2":0.258518278599,"dvar":0.0302840191871,"dvar2":0.0675580874085,"max":9.79458808899,"mean":7.13703966141,"median":7.14579296112,"min":5.5009560585,"var":0.129157274961},"spectral_flux":{"dmean":0.0303036719561,"dmean2":0.0475649051368,"dvar":0.00126909336541,"dvar2":0.00278931064531,"max":0.367360502481,"mean":0.0870747789741,"median":0.0735141485929,"min":1.03997317702e-10,"var":0.0028738421388},"spectral_kurtosis":{"dmean":2.05009436607,"dmean2":3.44100832939,"dvar":4.73587942123,"dvar2":12.8211231232,"max":51.9844360352,"mean":6.86324119568,"median":6.12583208084,"min":-1.22416913509,"var":18.4545478821},"spectral_rms":{"dmean":0.00100463908166,"dmean2":0.00154007878155,"dvar":0.00000147491118696,"dvar2":0.00000335128652296,"max":0.0137093709782,"mean":0.00516183348373,"median":0.00523813348264,"min":3.24833042409e-12,"var":0.00000431661464972},"spectral_rolloff":{"dmean":151.703857422,"dmean2":262.054626465,"dvar":284538.6875,"dvar2":763507.8125,"max":18755.4199219,"mean":642.037536621,"median":602.9296875,"min":64.599609375,"var":788567.9375},"spectral_skewness":{"dmean":0.259406208992,"dmean2":0.419153183699,"dvar":0.0655677318573,"dvar2":0.1587061584,"max":6.06924295425,"mean":1.94238388538,"median":1.88259387016,"min":0.00655637914315,"var":0.32455393672},"spectral_spread":{"dmean":385212.5,"dmean2":579713.1875,"dvar":426954326016,"dvar2":875695046656,"max":41475496,"mean":3848867,"median":3729792,"min":1621136.875,"var":1341132242940},"spectral_strongpeak":{"dmean":0.497060924768,"dmean2":0.825640499592,"dvar":0.378816902637,"dvar2":0.896399736404,"max":6.11376142502,"mean":0.832404613495,"median":0.518153786659,"min":0,"var":0.718886494637},"zerocrossingrate":{"dmean":0.00644018501043,"dmean2":0.00810013432056,"dvar":0.000124511439935,"dvar2":0.000193026120542,"max":0.5,"mean":0.0345105007291,"median":0.0302734375,"min":0.00390625,"var":0.000615817611106}},"metadata":{"audio_properties":{"analysis_sample_rate":44100,"bit_rate":298984,"codec":"aac","downmix":"mix","equal_loudness":0,"length":263.569702148,"lossless":false,"md5_encoded":"62ab0668f15d150b3f46ad439268e27b","replay_gain":3.23771858215,"sample_rate":44100},"tags":{"album":["Bombs and Bullets"],"albumartistsort":["Rage Against the Machine"],"artist":["Rage Against the Machine"],"artistsort":["Rage Against the Machine"],"bpm":["0"],"catalognumber":["[none]"],"discnumber":["1/1"],"encodedby":["iTunes 10.6.3"],"file_name":"07 Know Your Enemy (demo).m4a","genre":["Crossover"],"label":["[no label]"],"language":["English"],"media":["CD"],"musicbrainz_albumartistid":["3798b104-01cb-484c-a3b0-56adc6399b80"],"musicbrainz_albumid":["ae4bffef-3f21-4930-8c10-9adf5ca8ceeb"],"musicbrainz_artistid":["3798b104-01cb-484c-a3b0-56adc6399b80"],"musicbrainz_recordingid":["a28bf511-fe21-4541-bf3b-2009751ae9b0"],"musicbrainz_releasegroupid":["55399028-fe94-48c7-867a-3ad4fae84569"],"script":["Latin"],"title":["Know Your Enemy (demo)"],"tracknumber":["7/12"]},"version":{"essentia":"2.1-beta2","essentia_build_sha":"c0e182ba78c2de26e491b7b7a4a2c98c1ed34208","essentia_git_sha":"v2.1_beta2-2-gbb40004","extractor":"music 1.0"}},"rhythm":{"beats_count":512,"beats_loudness":{"dmean":0.018644688651,"dmean2":0.033285446465,"dvar":0.000278040271951,"dvar2":0.000858379236888,"max":0.10597550869,"mean":0.0404132753611,"median":0.040041487664,"min":0.0000106393281385,"var":0.000479964714032},"beats_loudness_band_ratio":{"dmean":[0.21260176599,0.197444468737,0.151506975293,0.0333619862795,0.010584730655,0.0153620131314],"dmean2":[0.379695057869,0.353519320488,0.274130880833,0.0616607181728,0.0187193918973,0.0282338466495],"dvar":[0.024341063574,0.0191249661148,0.0203065890819,0.00220754579641,0.000119868520414,0.000415230286308],"dvar2":[0.0775628164411,0.0664259344339,0.0616087317467,0.006283528