{"lowlevel":{"average_loudness":0.715218186378,"barkbands":{"dmean":[0.0000699513475411,0.0043988423422,0.00258384784684,0.00281561817974,0.00173482613172,0.00077201804379,0.00114217004739,0.00101385533344,0.00107225927059,0.000676833791658,0.000230336590903,0.000609210459515,0.000520667876117,0.000516602012794,0.000345388049027,0.00020190399664,0.000166264697327,0.000158178343554,0.000095858493296,0.000052717874496,0.0000448760038125,0.0000472893188999,0.0000289019226329,0.0000234005128732,0.000020045441488,0.0000218431778194,0.00000540099472346],"dmean2":[0.000111710942292,0.00699086254463,0.0046978155151,0.00498788431287,0.00286154472269,0.00124531018082,0.00187173788436,0.00164809566922,0.00176114728674,0.00109323533252,0.00037197090569,0.000925976200961,0.000872019445524,0.000850939715747,0.000575589830987,0.000333059026161,0.000269712938461,0.000255208462477,0.000147656872286,0.0000795033993199,0.0000650477522868,0.0000674570037518,0.0000405888422392,0.0000315001707349,0.0000265609523922,0.0000304319291899,0.00000814118811832],"dvar":[2.64079336176e-8,0.0000683857651893,0.0000412823319493,0.0000450209045084,0.0000116115661513,0.00000199358737518,0.00000718789806342,0.00000661348713038,0.00000619803631707,0.00000362611035598,3.28443491071e-7,0.00000218361765292,0.00000284212410406,7.38666926736e-7,3.50786621084e-7,1.57294365977e-7,7.73282096134e-8,9.25364602722e-8,3.05517851018e-8,9.13823505755e-9,7.66346808234e-9,9.87929293927e-9,3.78539377621e-9,2.69585331836e-9,1.75924996793e-9,2.72910605226e-9,1.89564711151e-10],"dvar2":[6.37747206156e-8,0.000158135866513,0.000119132171676,0.000122060140711,0.0000294621804642,0.00000513900204169,0.0000188563717529,0.0000168448659679,0.0000173211374204,0.00000913360690902,8.23132381811e-7,0.00000470308168588,0.00000817201180325,0.000001962204351,9.21222522265e-7,4.21817588858e-7,1.91656013726e-7,2.30971650694e-7,6.86820555984e-8,1.92271674138e-8,1.49442254127e-8,2.0027725256e-8,7.43846850781e-9,5.43474731884e-9,3.40768990803e-9,5.59364909947e-9,4.05130595738e-10],"max":[0.00170318270102,0.0963230729103,0.0644732937217,0.063568495214,0.0398816764355,0.0325595587492,0.0792966559529,0.0547142736614,0.0626331418753,0.0529536828399,0.0174187812954,0.0683172792196,0.0583856292069,0.0220283623785,0.0105121610686,0.011713004671,0.00736692734063,0.00706285331398,0.00400642491877,0.00179797050077,0.00199927762151,0.00210785190575,0.0010579143418,0.00103174929973,0.000865585636348,0.00149110681377,0.000310792936943],"mean":[0.0000836247927509,0.00669183209538,0.00305634527467,0.0025089639239,0.00237804558128,0.0012313494226,0.00158979173284,0.0014710748801,0.00166035012808,0.00109987752512,0.000349895097315,0.00115345045924,0.000840760883875,0.000850505428389,0.000541105575394,0.000347582594259,0.000304050918203,0.000295448844554,0.000191616549273,0.000103815174953,0.0000893175092642,0.0000860002983245,0.0000499371417391,0.0000386523170164,0.0000343251304002,0.0000352817805833,0.00000764040851209],"median":[0.0000201819038921,0.00427349843085,0.00149140774738,0.00081067206338,0.00113847863395,0.000676968600601,0.000542494934052,0.000494405278005,0.000573944067582,0.000376246520318,0.000108880893094,0.000343790161423,0.000265738228336,0.000487310840981,0.000263562542386,0.000172273546923,0.000167536141817,0.000136148417369,0.0000983457430266,0.0000566410453757,0.0000452378844784,0.0000343696519849,0.0000214771262108,0.0000148041308421,0.0000123577456179,0.00000640422331344,6.77827472373e-7],"min":[1.36607819492e-25,1.69386540709e-24,1.0694443325e-24,2.65136308017e-24,8.58519295304e-24,9.71952208107e-24,5.69893864973e-24,8.0965796081e-24,1.48986794915e-23,1.20769445439e-23,1.78166286483e-23,1.48616124953e-23,3.27476987685e-23,3.57473265834e-23,4.51359325588e-23,4.44238435969e-23,7.09947804102e-23,9.19194863151e-23,1.18783885696e-22,1.63800529864e-22,2.85930700411e-22,3.38594802008e-22,3.58708811338e-22,6.36443688706e-22,8.38070831039e-22,1.30195855522e-21,2.0263544036e-21],"var":[2.73783804516e-8,0.0000836225081002,0.0000276356222457,0.0000324103202729,0.0000140115498652,0.0000029660563996,0.0000112003372124,0.0000112335001177,0.0000100298566394,0.00000812585494714,7.22394304375e-7,0.00000930744590733,0.00000633092804492,0.00000131272429371,6.44769158953e-7,3.27274079837e-7,1.62070975307e-7,2.12037704728e-7,7.40633083751e-8,1.96724005974e-8,1.68020761748e-8,1.91406019923e-8,6.83448053707e-9,4.77999240189e-9,3.2869715838e-9,5.08264408339e-9,3.17278397999e-10]},"barkbands_crest":{"dmean":2.86670422554,"dmean2":4.69495916367,"dvar":6.52514362335,"dvar2":17.1275615692,"max":26.3641872406,"mean":9.68559074402,"median":8.82094955444,"min":2.77294182777,"var":15.8344192505},"barkbands_flatness_db":{"dmean":0.0198592580855,"dmean2":0.0304472167045,"dvar":0.000309443392325,"dvar2":0.000755306624342,"max":0.328874588013,"mean":0.123475462198,"median":0.119485408068,"min":0.0251255147159,"var":0.00152399169747},"barkbands_kurtosis":{"dmean":2.16084051132,"dmean2":3.57166838646,"dvar":9.93794727325,"dvar2":25.0640735626,"max":55.3313217163,"mean":2.25359535217,"median":1.15037369728,"min":-1.89512789249,"var":14.7442941666},"barkbands_skewness":{"dmean":0.532843768597,"dmean2":0.844464063644,"dvar":0.265037953854,"dvar2":0.647612810135,"max":5.91264295578,"mean":1.26060438156,"median":1.2152338028,"min":-4.7786450386,"var":0.900303184986},"barkbands_spread":{"dmean":4.89011192322,"dmean2":7.82520198822,"dvar":20.8442058563,"dvar2":51.3564453125,"max":137.783538818,"mean":22.0452003479,"median":21.1897239685,"min":1.25780856609,"var":89.5801467896},"dissonance":{"dmean":0.0183840058744,"dmean2":0.031358346343,"dvar":0.000322265230352,"dvar2":0.00090772670228,"max":0.500000119209,"mean":0.469423413277,"median":0.475272476673,"min":0.276642531157,"var":0.000568415678572},"dynamic_complexity":3.88405585289,"erbbands":{"dmean":[0.116494759917,1.07908570766,2.60717773438,6.96265506744,7.2331829071,5.65093374252,6.32072639465,6.38994979858,14.193608284,16.7167072296,23.0471458435,27.3585281372,17.772151947,18.9579639435,14.6114997864,20.2728214264,22.7304553986,19.5217399597,28.181344986,9.97994422913,11.2542467117,8.78564453125,8.60304737091,5.8212428093,4.20611572266,2.41039538383,2.03719830513,1.69368195534,1.74911785126,1.23117220402,0.770050883293,0.511602222919,0.388771533966,0.251505583525,0.136257201433,0.0917795971036,0.039859443903,0.0100152026862,0.00102158985101,0.000037968653487],"dmean2":[0.183417260647,1.74531948566,4.68823099136,12.3760299683,12.444521904,9.3198890686,10.370182991,10.2043943405,23.0957336426,27.3892383575,37.5163269043,44.9508705139,28.7338409424,30.2984962463,22.0618877411,31.7428417206,37.8301086426,32.2125053406,46.7462615967,16.1930351257,18.6550178528,14.1801395416,13.7642736435,9.06594848633,6.43597173691,3.6113858223,3.00442814827,2.43915200233,2.52684092522,1.72216677666,1.08298397064,0.69871622324,0.529789924622,0.340511679649,0.185247689486,0.128775462508,0.0567790456116,0.0144378133118,0.00154034839943,0.0000572280623601],"dvar":[0.0546496957541,4.24485063553,40.2911567688,228.313827515,343.09072876,114.548217773,183.851226807,134.593765259,1022.51599121,1561.75378418,3366.12158203,4743.71875,2145.33300781,2171.77148438,1053.08825684,2448.24560547,5142.59375,1258.22436523,2091.14013672,519.125610352,460.043029785,228.415161133,280.181854248,129.64982605,56.0418930054,18.7459144592,16.7023258209,11.7206830978,13.9074668884,6.71207094193,2.78709387779,1.17836177349,0.889391303062,0.303456366062,0.0804973915219,0.0421946384013,0.00976879894733,0.000677377800457,0.00000662048250888,6.04150152128e-9],"dvar2":[0.125459641218,10.4736528397,115.770515442,621.242919922,923.125488281,287.076538086,478.071350098,333.583740234,2703.76733398,3977.31958008,8604.91503906,13313.6923828,5539.17431641,5559.79101562,2217.90332031,6219.00439453,14749.2685547,3345.34619141,5717.48730469,1307.30810547,1267.0859375,554.295959473,695.073181152,309.581268311,122.977859497,39.6477508545,34.0235595703,23.0090827942,29.0514659882,13.1780509949,5.51813745499,2.34000325203,1.87820625305,0.620089530945,0.156930580735,0.0873124226928,0.0201962161809,0.00142758549191,0.0000140139754876,1.30646267138e-8],"max":[2.59554171562,26.51902771,61.6283760071,142.445709229,223.760940552,208.982788086,523.816162109,295.280578613,688.192138672,1594.5723877,1240.79980469,1807.04321289,1305.81005859,1120.45422363,1399.02404785,1543.20031738,2574.10839844,797.444702148,1114.87683105,691.480529785,771.034179688,526.506286621,511.864624023,255.548522949,165.768188477,85.3304824829,89.9142837524,66.2826766968,86.294921875,48.5158081055,32.0932807922,23.3233547211,25.1133308411,14.3990621567,5.13533973694,5.52517366409,2.97517609596,0.577120602131,0.0525392144918,0.00197409163229],"mean":[0.162098109722,1.6076669693,3.53813052177,6.66472530365,7.64406633377,7.79570674896,9.34823608398,10.3596611023,20.2415370941,24.5314102173,35.0410995483,41.7308807373,30.6281051636,30.9287490845,29.2515563965,38.410118103,38.7390480042,35.6507720947,48.0601425171,17.8852767944,20.5372867584,17.6103305817,16.6465873718,11.6237001419,8.70428371429,4.968770504,3.98537278175,3.18791270256,3.14611029625,2.20691537857,1.31986033916,0.857585370541,0.618115842342,0.411600232124,0.23250696063,0.146980896592,0.0629705935717,0.0155517682433,0.0014353444567,0.0000691911118338],"median":[0.0833591148257,1.03386187553,2.05629014969,2.74772763252,2.84949827194,3.51698541641,4.57189273834,5.41763925552,7.31397533417,9.5131111145,14.0254659653,13.4560632706,12.2788486481,10.9237098694,9.92623901367,13.7636232376,13.5877399445,21.715511322,26.3866291046,8.14295291901,11.2625522614,10.1972618103,8.53677654266,5.13444519043,4.70033359528,2.81654834747,2.05671691895,1.52060949802,1.28004550934,0.88147354126,0.563103914261,0.345294177532,0.218898922205,0.150642320514,0.0761554390192,0.0338686183095,0.0100656086579,0.00200450886041,0.000123938720208,0.0000359759251296],"min":[5.1565309864e-23,4.57339951478e-22,2.46462906375e-21,9.80673749514e-21,9.41112301911e-21,1.17054538509e-20,2.68676567075e-20,1.04113501389e-19,1.28368000838e-19,1.43330302251e-19,2.63251961854e-19,3.84209393756e-19,4.32115869125e-19,6.19798264577e-19,1.07013793072e-18,9.63482089721e-19,1.88576189954e-18,1.79559156135e-18,2.3517847033e-18,2.81988476438e-18,3.49219069649e-18,4.40483395557e-18,5.86939776194e-18,6.28101813759e-18,5.51366046771e-18,7.37876291106e-18,1.01849797566e-17,1.26245239802e-17,1.22102826828e-17,9.82913989196e-18,1.03584006536e-17,1.01623257612e-17,9.47454079825e-18,8.21940506091e-18,6.43420247446e-18,4.5367336945e-18,2.29113871592e-18,9.72874311986e-19,2.48080693938e-19,2.66218887459e-20],"var":[0.0637500584126,4.76475954056,28.3120822906,164.618881226,272.515991211,158.192611694,259.130767822,221.508148193,1597.34643555,2446.05444336,5465.1640625,7152.72314453,4742.06640625,4612.99755859,4459.20117188,7083.17236328,11441.0683594,2337.40380859,3969.21875,1117.61486816,967.504760742,540.505981445,631.29119873,314.630859375,139.665664673,41.7719421387,35.6492233276,23.0585765839,26.2029685974,12.7994728088,4.88535022736,2.12052321434,1.46742475033,0.519921183586,0.151372253895,0.0762014389038,0.017580062151,0.00120295200031,0.0000112397028715,1.02300878879e-8]},"erbbands_crest":{"dmean":2.81657195091,"dmean2":4.67306280136,"dvar":6.72639608383,"dvar2":17.6400222778,"max":28.3523597717,"mean":8.93230342865,"median":8.03246498108,"min":2.03629565239,"var":15.6834564209},"erbbands_flatness_db":{"dmean":0.0174961220473,"dmean2":0.0249296221882,"dvar":0.000243230577325,"dvar2":0.000473401654745,"max":0.386915296316,"mean":0.146389976144,"median":0.142133578658,"min":0.0421861372888,"var":0.00163880991749},"erbbands_kurtosis":{"dmean":0.936132669449,"dmean2":1.45572757721,"dvar":2.62726974487,"dvar2":5.30972957611,"max":69.2883911133,"mean":0.802909076214,"median":0.122646927834,"min":-1.54083943367,"var":11.6511201859},"erbbands_skewness":{"dmean":0.346595346928,"dmean2":0.556397676468,"dvar":0.0929956063628,"dvar2":0.23707100749,"max":5.26341438293,"mean":0.0974063798785,"median":0.067227974534,"min":-2.9475569725,"var":0.405602008104},"erbbands_spread":{"dmean":6.86085367203,"dmean2":10.4630813599,"dvar":40.2453613281,"dvar2":91.62159729,"max":96.5179595947,"mean":31.4342250824,"median":30.1402702332,"min":0.932886660099,"var":152.644424438},"gfcc":{"cov":[[17157.8632812,872.630493164,-979.079101562,114.924461365,-499.882843018,14.2735776901,-351.645050049,205.200012207,-73.8128967285,-43.409324646,-147.575744629,-57.0550460815,-211.474945068],[872.630493164,807.758789062,-324.808135986,98.9443588257,-36.819568634,13.0252027512,77.8825454712,11.1326761246,70.6845016479,-29.0022239685,93.0456542969,-58.7683525085,49.2145042419],[-979.079101562,-324.808135986,603.613037109,-131.35218811,194.8019104,-15.178194046,-21.4540061951,29.3890037537,-20.7800827026,60.5017127991,-61.2237548828,25.5700283051,-30.4598464966],[114.924461365,98.9443588257,-131.35218811,281.933441162,-73.2094421387,22.0082893372,-6.68926715851,-27.4620742798,18.89894104,-32.5557594299,30.795791626,-22.3747272491,29.0146274567],[-499.882843018,-36.819568634,194.8019104,-73.2094421387,296.321563721,28.8794784546,32.2145423889,35.0217056274,17.2364940643,62.8918914795,-32.5800666809,9.81841659546,8.54262161255],[14.2735776901,13.0252027512,-15.178194046,22.0082893372,28.8794784546,154.866348267,75.3800201416,0.949037730694,-20.0396556854,0.759079515934,17.1446819305,10.6317110062,5.16411161423],[-351.645050049,77.8825454712,-21.4540061951,-6.68926715851,32.2145423889,75.3800201416,202.032806396,-8.7451171875,-17.1339321136,-18.7003955841,44.421459198,26.6182823181,0.462978899479],[205.200012207,11.1326761246,29.3890037537,-27.4620742798,35.0217056274,0.949037730694,-8.7451171875,105.600273132,46.7276992798,18.6619586945,-10.2721424103,-9.93392086029,-3.02285194397],[-73.8128967285,70.6845016479,-20.7800827026,18.89894104,17.2364940643,-20.0396556854,-17.1339321136,46.7276992798,109.798065186,26.6503295898,8.30108833313,-26.4478931427,6.39110088348],[-43.409324646,-29.0022239685,60.5017127991,-32.5557594299,62.8918914795,0.759079515934,-18.7003955841,18.6619586945,26.6503295898,86.1879272461,1.5692204237,-0.515026688576,-0.842041611671],[-147.575744629,93.0456542969,-61.2237548828,30.795791626,-32.5800666809,17.1446819305,44.421459198,-10.2721424103,8.30108833313,1.5692204237,85.9994506836,19.131652832,11.5012903214],[-57.0550460815,-58.7683525085,25.5700283051,-22.3747272491,9.81841659546,10.6317110062,26.6182823181,-9.93392086029,-26.4478931427,-0.515026688576,19.131652832,69.440246582,10.9964895248],[-211.474945068,49.2145042419,-30.4598464966,29.0146274567,8.54262161255,5.16411161423,0.462978899479,-3.02285194397,6.39110088348,-0.842041611671,11.5012903214,10.9964895248,64.5416793823]],"icov":[[0.0000957742813625,-0.000182440810022,0.000129357431433,-0.0000551883022126,0.000128147104988,-0.00010449065303,0.00021840876434,-0.000294631056022,0.000234914157772,-0.000183475742233,0.00039253293653,-0.000365399289876,0.000481469265651],[-0.000182440810022,0.00253104534931,0.000708370411303,0.000186002842383,-0.000916260643862,0.000567908806261,-0.00101472286042,0.000306011992507,-0.000865751237143,0.00102739688009,-0.00284955417737,0.00306121376343,-0.00209426297806],[0.000129357431433,0.000708370411303,0.00307871960104,0.000302054919302,-0.0014844405232,0.000356688309694,0.000303032167722,-0.000771503488068,0.000778319430538,-0.000671731249895,0.000530337856617,-0.000450770399766,0.00122697534971],[-0.0000551883022126,0.000186002842383,0.000302054919302,0.00481102894992,0.000333808857249,-0.00109647808131,0.000587011920288,0.00150108186062,-0.00142801296897,0.00167029048316,-0.00161819823552,0.00190943351481,-0.00210702302866],[0.000128147104988,-0.000916260643862,-0.0014844405232,0.000333808857249,0.00609605759382,-0.000985740567558,-0.00116957572754,-0.000793467683252,-0.000326987850713,-0.00357837788761,0.00357620208524,-0.0013853329001,-0.000904397165868],[-0.00010449065303,0.000567908806261,0.000356688309694,-0.00109647808131,-0.000985740567558,0.00881004706025,-0.00342500396073,-0.00105467857793,0.00213695131242,-0.00104583182838,-0.000932788476348,0.00107718585059,-0.000955982482992],[0.00021840876434,-0.00101472286042,0.000303032167722,0.000587011920288,-0.00116957572754,-0.00342500396073,0.00838918332011,-0.000212625702261,0.000520576664712,0.00242130970582,-0.00249001849443,-0.00266858073883,0.00260563823394],[-0.000294631056022,0.000306011992507,-0.000771503488068,0.00150108186062,-0.000793467683252,-0.00105467857793,-0.000212625702261,0.0138163082302,-0.00679072365165,0.000701347889844,0.0003802307765,0.000570220930967,-0.000882925000042],[0.000234914157772,-0.000865751237143,0.000778319430538,-0.00142801296897,-0.000326987850713,0.00213695131242,0.000520576664712,-0.00679072365165,0.0156273599714,-0.00423957267776,-0.00145655148663,0.0035776773002,0.0000368852961401],[-0.000183475742233,0.00102739688009,-0.000671731249895,0.00167029048316,-0.00357837788761,-0.00104583182838,0.00242130970582,0.000701347889844,-0.00423957267776,0.0173552166671,-0.00493823457509,0.00130836328026,-0.000576378661208],[0.00039253293653,-0.00284955417737,0.000530337856617,-0.00161819823552,0.00357620208524,-0.000932788476348,-0.00249001849443,0.0003802307765,-0.00145655148663,-0.00493823457509,0.021167403087,-0.00888310745358,0.00189499428961],[-0.000365399289876,0.00306121376343,-0.000450770399766,0.00190943351481,-0.0013853329001,0.00107718585059,-0.00266858073883,0.000570220930967,0.0035776773002,0.00130836328026,-0.00888310745358,0.0235728044063,-0.0072301258333],[0.000481469265651,-0.00209426297806,0.00122697534971,-0.00210702302866,-0.000904397165868,-0.000955982482992,0.00260563823394,-0.000882925000042,0.0000368852961401,-0.000576378661208,0.00189499428961,-0.0072301258333,0.0212137680501]],"mean":[-9.60352802277,99.5320053101,-112.323127747,23.6134376526,-42.1205635071,17.336151123,-30.5517253876,10.5660638809,-19.387550354,7.52843475342,-16.8828258514,-0.0792313143611,-15.3742284775]},"hfc":{"dmean":5.20350265503,"dmean2":7.34456825256,"dvar":54.2692108154,"dvar2":106.47744751,"max":111.399421692,"mean":16.9658908844,"median":12.4841003418,"min":1.0495249745e-16,"var":229.780136108},"melbands":{"dmean":[0.00115262158215,0.00134340301156,0.00120804994367,0.000437109731138,0.000217558612349,0.000142901830259,0.000227762648137,0.000191856277524,0.000185271375813,0.000164931581821,0.0000910488888621,0.0000848224881338,0.0000396414652641,0.0000793950821389,0.000042780295189,0.0000552751589566,0.0000355559568561,0.0000526825424458,0.0000196059645532,0.0000112386378532,0.0000152873290062,0.00000925193853618,0.000010728759662,0.00000695083326718,0.00000491254058943,0.00000377340325031,0.0000025006256692,0.0000015875199324,0.00000148229935348,0.00000106176730696,0.00000107395646864,0.00000110113876417,8.78968933193e-7,6.562451631e-7,4.82260020362e-7,3.85158756444e-7,2.96289783819e-7,2.89235629225e-7,2.35040360508e-7,2.17241847622e-7],"dmean2":[0.00180899864063,0.00230078888126,0.00213029095903,0.000726736383513,0.000354530027835,0.000227933516726,0.000371401867596,0.000312412303174,0.000300273386529,0.000271752098342,0.000147274142364,0.000136066431878,0.0000616202087258,0.00012040547881,0.0000714162815711,0.0000918299483601,0.0000589476803725,0.0000875507030287,0.0000325447726937,0.0000183296215255,0.000025623885449,0.0000149993575178,0.000017586407921,0.0000112240195449,0.00000775425269239,0.00000588496641285,0.00000389335855289,0.00000244618513534,0.00000223686924983,0.00000157139163548,0.00000159225714924,0.00000161782588748,0.00000127654368498,9.3966212944e-7,7.00547332144e-7,5.43866008229e-7,4.15991678437e-7,4.04808815802e-7,3.27117504639e-7,3.02018179354e-7],"dvar":[0.00000477242656416,0.00000878184528119,0.0000072036691563,8.24655046472e-7,1.99377907961e-7,6.64120989313e-8,2.74540838063e-7,1.91268654248e-7,1.90446328929e-7,1.69968757291e-7,6.19868956164e-8,4.71353160947e-8,7.87759635301e-9,3.8236454003e-8,2.6888987037e-8,3.97145889508e-8,4.23568957686e-9,8.40008240743e-9,1.5185900315e-9,7.06535663308e-10,8.69884775323e-10,2.60528959517e-10,3.76392195189e-10,2.13029996421e-10,9.54321066615e-11,4.84696310865e-11,2.11598880778e-11,8.24388474152e-12,9.12647908635e-12,4.59351740673e-12,4.66327584187e-12,5.67880378138e-12,3.57513693129e-12,1.932561099e-12,1.12801944434e-12,6.48177583655e-13,4.30035157874e-13,5.4606248993e-13,2.98158497674e-13,2.32545102966e-13],"dvar2":[0.0000107436026155,0.000024249928174,0.0000194662407011,0.00000211052861232,5.08301013724e-7,1.65826847365e-7,7.24174014977e-7,4.83873805024e-7,4.86969895519e-7,4.77871822113e-7,1.59080059348e-7,1.20335442944e-7,1.88863644723e-8,8.01090820346e-8,7.94719952069e-8,1.14994442413e-7,1.10069375836e-8,2.29272991703e-8,3.84421250388e-9,1.78452774779e-9,2.41586195493e-9,6.42411457363e-10,9.33798149916e-10,5.52096590667e-10,2.31670446715e-10,1.08841491375e-10,4.87716325659e-11,1.82332534487e-11,1.94925724867e-11,9.42769300127e-12,9.69283420887e-12,1.23704631608e-11,7.72407571931e-12,3.93038986773e-12,2.33585525054e-12,1.32982166945e-12,8.97580241469e-13,1.19591218439e-12,6.45101756302e-13,4.89759383222e-13],"max":[0.0252602957189,0.0327408201993,0.0244803801179,0.0103590767831,0.0157123859972,0.0058112484403,0.0133617492393,0.0166785120964,0.00973265711218,0.0106609947979,0.00682333903387,0.00564100733027,0.00282568461262,0.00950316805393,0.00905116740614,0.00747660500929,0.00176449073479,0.00243147206493,0.000822165980935,0.000764514319599,0.00106779811904,0.000568133196793,0.000520663801581,0.000423204503022,0.000226880001719,0.000151618354721,0.000107335319626,0.0000498827175761,0.0000607588553976,0.0000446600861324,0.0000390826535295,0.00005679858441,0.0000438827628386,0.0000256364965026,0.0000214432548091,0.0000166265763255,0.0000134002402774,0.0000195229458768,0.000017555517843,0.000010674853911],"mean":[0.00170538283419,0.00200783694163,0.00119297241326,0.000550208264031,0.000332243798766,0.000230454010307,0.000323652027873,0.000283410859993,0.000284551846562,0.000249866832746,0.00015018817794,0.000132822373416,0.0000722787153791,0.000148485560203,0.0000681110614096,0.0000883846296347,0.0000605549539614,0.0000866361660883,0.0000309937422571,0.0000184952405107,0.0000260028282355,0.0000167431062437,0.0000188644498849,0.0000125284923342,0.00000904028820514,0.00000716798240319,0.00000475785873277,0.00000288661181003,0.00000269557358479,0.00000190109631149,0.00000185008195785,0.00000185856652024,0.00000153624580435,0.00000109991697173,7.81394817295e-7,6.32275828139e-7,4.70354166282e-7,4.38363173316e-7,3.77538810881e-7,3.41873914067e-7],"median":[0.000992228626274,0.00138449214865,0.000506411422975,0.00024031783687,0.000165517398273,0.000120891534607,0.000114189562737,0.000108877182356,0.000115441725939,0.0000793396102381,0.0000553184363525,0.0000428450221079,0.0000252681311395,0.0000431913431385,0.0000216850621655,0.0000326331683027,0.0000347054738086,0.0000439939467469,0.00001386483018,0.0000071450458563,0.0000138447812787,0.00000908388392418,0.00000992128298094,0.00000518274464412,0.00000375139961761,0.00000367073880625,0.00000251612482316,0.0000015318782971,0.00000129366810597,9.16296585274e-7,8.20043794647e-7,7.02573174749e-7,5.56522536499e-7,4.32965578057e-7,3.26710903664e-7,2.47518499918e-7,1.79380151621e-7,1.44060265939e-7,1.37655931098e-7,1.21536828601e-7],"min":[4.61650818762e-25,5.91651053031e-25,1.92669277288e-24,8.39859875275e-25,9.24035376774e-25,2.09944660581e-24,1.75316546184e-24,2.15532083486e-24,1.99217138346e-24,2.42156592633e-24,1.97309416297e-24,1.13837430814e-24,3.24171837986e-24,2.2421481909e-24,3.15171349209e-24,3.36829209818e-24,2.5149112456e-24,3.4776159923e-24,3.45835122013e-24,2.79019865518e-24,3.99589642374e-24,4.51279200986e-24,3.53371070798e-24,4.8044583412e-24,4.3804203611e-24,4.00830441692e-24,4.98763302669e-24,4.46910015976e-24,4.95098333789e-24,6.12480599828e-24,5.64676575605e-24,5.65621315425e-24,5.76834460433e-24,4.32492991287e-24,4.86308490596e-24,4.76779366405e-24,5.16382116557e-24,5.43280104057e-24,5.89378847662e-24,6.72041333666e-24],"var":[0.00000595615574639,0.00000720108164387,0.00000532254716745,8.98780911029e-7,2.94166540016e-7,1.07247736025e-7,4.32360280911e-7,3.1788869137e-7,3.14958015224e-7,2.5952147098e-7,1.36454559652e-7,1.00167071082e-7,2.32477592732e-8,1.70145540324e-7,4.20478194485e-8,7.34322327389e-8,6.94966351134e-9,1.5244436824e-8,2.74816658319e-9,1.47569856335e-9,1.6497003763e-9,5.44964462446e-10,7.5242617692e-10,4.43546588347e-10,2.15426940176e-10,1.08541210742e-10,4.56612213318e-11,1.56617288583e-11,1.91595090487e-11,8.77526697141e-12,8.68045305774e-12,1.09121748096e-11,6.32284242325e-12,3.43150681481e-12,1.83677639071e-12,1.13358703934e-12,7.05584896066e-13,8.33790014029e-13,4.8860026268e-13,3.71314551372e-13]},"melbands_crest":{"dmean":3.41000294685,"dmean2":5.69927406311,"dvar":9.7471818924,"dvar2":26.4608592987,"max":30.9393081665,"mean":13.7443580627,"median":13.1767244339,"min":1.52754426003,"var":23.948135376},"melbands_flatness_db":{"dmean":0.0251260753721,"dmean2":0.0388927981257,"dvar":0.000543762289453,"dvar2":0.00132415094413,"max":0.433866411448,"mean":0.201099351048,"median":0.197038918734,"min":0.00404701987281,"var":0.00266807130538},"melbands_kurtosis":{"dmean":5.06170606613,"dmean2":8.27710151672,"dvar":50.3402557373,"dvar2":126.43497467,"max":96.509513855,"mean":7.72779846191,"median":5.06336593628,"min":-1.76117372513,"var":80.2277832031},"melbands_skewness":{"dmean":0.722393035889,"dmean2":1.14557886124,"dvar":0.512826740742,"dvar2":1.26107621193,"max":7.94715499878,"mean":2.20660758018,"median":2.10937976837,"min":-3.79050898552,"var":1.59109652042},"melbands_spread":{"dmean":6.57655906677,"dmean2":10.642583847,"dvar":39.670173645,"dvar2":102.692108154,"max":171.822097778,"mean":23.2780895233,"median":21.3755683899,"min":1.72981655598,"var":194.739959717},"mfcc":{"cov":[[8570.26953125,680.731018066,-119.257652283,73.9475326538,-58.4100341797,-176.043914795,-195.765716553,106.109954834,-79.6082687378,16.6094646454,155.772705078,-61.2435340881,-95.8549194336],[680.731018066,790.44329834,-105.06136322,23.9978084564,33.2910346985,13.526140213,52.671043396,20.8538017273,44.1908149719,52.278213501,70.331161499,17.331193924,12.1322097778],[-119.257652283,-105.06136322,258.667388916,-2.61146664619,28.5683174133,-1.3501303196,4.43921375275,-9.71424388885,-9.99230194092,-7.2780046463,-10.5492267609,3.82561016083,-9.19793224335],[73.9475326538,23.9978084564,-2.61146664619,170.245697021,25.2622909546,11.6103277206,-16.4243049622,-7.13564014435,2.35367751122,9.88051986694,-21.493396759,4.04607534409,8.761095047],[-58.4100341797,33.2910346985,28.5683174133,25.2622909546,213.275619507,-1.93325531483,-22.6676940918,-42.9634971619,60.0265731812,39.0128097534,4.82682800293,9.83033752441,-8.08645915985],[-176.043914795,13.526140213,-1.3501303196,11.6103277206,-1.93325531483,144.068725586,81.4208755493,20.448015213,6.85497379303,-5.72298574448,-15.925860405,14.8118629456,12.497590065],[-195.765716553,52.671043396,4.43921375275,-16.4243049622,-22.6676940918,81.4208755493,147.090393066,49.1738052368,9.09392166138,-17.8096427917,-10.3652019501,21.249130249,18.9858131409],[106.109954834,20.8538017273,-9.71424388885,-7.13564014435,-42.9634971619,20.448015213,49.1738052368,106.286018372,8.06409835815,-7.64549303055,8.10277175903,2.30525565147,17.2715244293],[-79.6082687378,44.1908149719,-9.99230194092,2.35367751122,60.0265731812,6.85497379303,9.09392166138,8.06409835815,89.9863204956,36.1755828857,-2.09011888504,7.53946018219,-1.55699920654],[16.6094646454,52.278213501,-7.2780046463,9.88051986694,39.0128097534,-5.72298574448,-17.8096427917,-7.64549303055,36.1755828857,92.280090332,38.0337562561,-3.29214072227,-11.0006437302],[155.772705078,70.331161499,-10.5492267609,-21.493396759,4.82682800293,-15.925860405,-10.3652019501,8.10277175903,-2.09011888504,38.0337562561,97.5214996338,8.06490135193,-10.9241991043],[-61.2435340881,17.331193924,3.82561016083,4.04607534409,9.83033752441,14.8118629456,21.249130249,2.30525565147,7.53946018219,-3.29214072227,8.06490135193,65.6401443481,19.9240684509],[-95.8549194336,12.1322097778,-9.19793224335,8.761095047,-8.08645915985,12.497590065,18.9858131409,17.2715244293,-1.55699920654,-11.0006437302,-10.9241991043,19.9240684509,69.8057861328]],"icov":[[0.000145179001265,-0.000144347795867,0.00000746075511415,-0.0000608419104537,-0.0000187277382793,0.0000495582498843,0.000270681950497,-0.000297789112665,0.000170164581505,0.00009865930042,-0.0000895724806469,0.000020496225261,0.000221554495511],[-0.000144347795867,0.0017053791089,0.000578639039304,-0.000346360960975,-0.000121038130601,0.000233501355979,-0.00119239988271,0.000482009141706,-0.000656966643874,-0.000334318814566,-0.00107981299516,0.0000753016211092,-0.000483484735014],[0.00000746075511415,0.000578639039304,0.00430208118632,0.0000312741904054,-0.000973132206127,0.00037222309038,-0.000744984194171,-0.0000562235982215,0.00101929577067,-0.000154755878611,0.000274054764304,-0.000459131144453,0.000682057579979],[-0.0000608419104537,-0.000346360960975,0.0000312741904054,0.00672764051706,-0.000807528209407,-0.00110460619908,0.00157441780902,-0.00054207269568,0.00122768676374,-0.00162268732674,0.00256251054816,-0.000845409755129,-0.000639484846033],[-0.0000187277382793,-0.000121038130601,-0.000973132206127,-0.000807528209407,0.00706509454176,-0.000399261742132,0.000551918172278,0.0030099125579,-0.00486596487463,-0.000417736591771,-0.000698036281392,-0.00044944442925,-0.000191789906239],[0.0000495582498843,0.000233501355979,0.00037222309038,-0.00110460619908,-0.000399261742132,0.010642202571,-0.00622326787561,0.000344794942066,0.000528185511939,-0.000999468844384,0.00107099593151,-0.00056713540107,0.0000546363080502],[0.000270681950497,-0.00119239988271,-0.000744984194171,0.00157441780902,0.000551918172278,-0.00622326787561,0.0135418465361,-0.004695862066,-0.000632704119198,0.00177113851532,0.0009730248712,-0.00235003512353,0.0000280444837699],[-0.000297789112665,0.000482009141706,-0.0000562235982215,-0.00054207269568,0.0030099125579,0.000344794942066,-0.004695862066,0.0140062868595,-0.004135876894,0.00133592472412,-0.00289233122021,0.00201282417402,-0.00324226240627],[0.000170164581505,-0.000656966643874,0.00101929577067,0.00122768676374,-0.00486596487463,0.000528185511939,-0.000632704119198,-0.004135876894,0.0185501780361,-0.00722274184227,0.00477552972734,-0.00240044808015,0.00157322571613],[0.00009865930042,-0.000334318814566,-0.000154755878611,-0.00162268732674,-0.000417736591771,-0.000999468844384,0.00177113851532,0.00133592472412,-0.00722274184227,0.0178547408432,-0.00763007579371,0.00248484825715,0.000444463890744],[-0.0000895724806469,-0.00107981299516,0.000274054764304,0.00256251054816,-0.000698036281392,0.00107099593151,0.0009730248712,-0.00289233122021,0.00477552972734,-0.00763007579371,0.016011390835,-0.0039813448675,0.0025036984589],[0.000020496225261,0.0000753016211092,-0.000459131144453,-0.000845409755129,-0.00044944442925,-0.00056713540107,-0.00235003512353,0.00201282417402,-0.00240044808015,0.00248484825715,-0.0039813448675,0.0187195707113,-0.00537669798359],[0.000221554495511,-0.000483484735014,0.000682057579979,-0.000639484846033,-0.000191789906239,0.0000546363080502,0.0000280444837699,-0.00324226240627,0.00157322571613,0.000444463890744,0.0025036984589,-0.00537669798359,0.0176780056208]],"mean":[-652.039916992,135.708648682,-6.83775138855,18.8308143616,7.78950834274,10.2407245636,2.86498117447,5.06475496292,2.59734368324,5.47171497345,7.17916250229,1.03590154648,-1.63566160202]},"pitch_salience":{"dmean":0.0758971646428,"dmean2":0.125569045544,"dvar":0.00442978227511,"dvar2":0.011412654072,"max":0.870793402195,"mean":0.529719829559,"median":0.536299288273,"min":0.0830152705312,"var":0.01316882018},"silence_rate_20dB":{"dmean":0,"dmean2":0,"dvar":0,"dvar2":0,"max":1,"mean":1,"median":1,"min":1,"var":0},"silence_rate_30dB":{"dmean":0.00494753895327,"dmean2":0.00989592261612,"dvar":0.00492205005139,"dvar2":0.0138908531517,"max":1,"mean":0.997014641762,"median":1,"min":0,"var":0.00297631463036},"silence_rate_60dB":{"dmean":0.018254712224,"dmean2":0.0365125387907,"dvar":0.0179223790765,"dvar2":0.0431990548968,"max":1,"mean":0.062691912055,"median":0,"min":0,"var":0.0587616637349},"spectral_centroid":{"dmean":208.633987427,"dmean2":335.841125488,"dvar":41056.4921875,"dvar2":101675.46875,"max":11863.8642578,"mean":1287.75183105,"median":1185.03588867,"min":233.129898071,"var":760748.875},"spectral_complexity":{"dmean":3.30478549004,"dmean2":4.87143850327,"dvar":13.4286422729,"dvar2":23.4799461365,"max":56,"mean":18.8625049591,"median":18,"min":0,"var":85.5532913208},"spectral_contrast_coeffs":{"dmean":[0.0560516528785,0.0464271269739,0.0400374904275,0.0337657555938,0.0203936398029,0.0158909223974],"dmean2":[0.0929310917854,0.0770192295313,0.0649993643165,0.0551540218294,0.033470120281,0.0248124357313],"dvar":[0.00238468777388,0.00135013752151,0.00100579543505,0.000718649767805,0.000260747678112,0.00019585051632],"dvar2":[0.00622376147658,0.00377243524417,0.00264129741117,0.00190305523574,0.00067904178286,0.00044700698345],"max":[-0.362342774868,-0.435768187046,-0.457332551479,-0.531271994114,-0.619237244129,-0.594284415245],"mean":[-0.681029081345,-0.761741161346,-0.759308636189,-0.757562339306,-0.79152983427,-0.769511580467],"median":[-0.686758637428,-0.76636916399,-0.765763044357,-0.759327590466,-0.793406844139,-0.767787337303],"min":[-0.980819165707,-0.975585281849,-0.975485980511,-0.971776664257,-0.968924939632,-0.964513003826],"var":[0.00553284306079,0.00438967905939,0.00467284489423,0.00319448625669,0.0015487986384,0.00183772947639]},"spectral_contrast_valleys":{"dmean":[0.399488896132,0.357867658138,0.319285154343,0.281226962805,0.229464948177,0.273839235306],"dmean2":[0.650945067406,0.57705616951,0.504578173161,0.432637482882,0.332508772612,0.333916544914],"dvar":[0.117656864226,0.0978849306703,0.0776863247156,0.0702078789473,0.0648280009627,0.096729002893],"dvar2":[0.285252720118,0.228355646133,0.169950693846,0.148697242141,0.110605701804,0.142843723297],"max":[-5.04897928238,-4.53615999222,-5.06747913361,-5.78775596619,-5.71993780136,-8.03305530548],"mean":[-7.12650203705,-6.72270822525,-7.32573461533,-7.81749486923,-7.81087875366,-10.5289144516],"median":[-6.83151531219,-6.42498016357,-7.11189508438,-7.56609010696,-7.56236553192,-10.3177509308],"min":[-28.7603302002,-27.8021945953,-27.7688808441,-27.6196632385,-27.5101032257,-27.4213809967],"var":[3.59574651718,3.73060870171,3.52527236938,3.36990451813,3.33213448524,2.7418692112]},"spectral_decrease":{"dmean":2.96427993263e-9,"dmean2":4.6429682321e-9,"dvar":2.16366145677e-17,"dvar2":5.20272286186e-17,"max":2.27816230895e-28,"mean":-6.7700520745e-9,"median":-5.07518294057e-9,"min":-4.35535625343e-8,"var":3.53491134912e-17},"spectral_energy":{"dmean":0.0115760285407,"dmean2":0.0180443953723,"dvar":0.000324508087942,"dvar2":0.000776251894422,"max":0.168890893459,"mean":0.0270906295627,"median":0.0203385651112,"min":9.96052604221e-21,"var":0.000554017082322},"spectral_energyband_high":{"dmean":0.000182912583114,"dmean2":0.000234205755987,"dvar":1.23633427052e-7,"dvar2":2.10015073776e-7,"max":0.00632586050779,"mean":0.00038830837002,"median":0.000219988476601,"min":7.08520261213e-21,"var":2.75092332913e-7},"spectral_energyband_low":{"dmean":0.00711667537689,"dmean2":0.0115184839815,"dvar":0.000187365920283,"dvar2":0.000464219599962,"max":0.151902019978,"mean":0.0112593127415,"median":0.00773088075221,"min":1.58800382348e-23,"var":0.000200014168513},"spectral_energyband_middle_high":{"dmean":0.00193199713249,"dmean2":0.002907411661,"dvar":0.00000990720036498,"dvar2":0.0000236197101913,"max":0.0835539624095,"mean":0.00590894045308,"median":0.00393034424633,"min":1.22899500518e-21,"var":0.0000511208927492},"spectral_energyband_middle_low":{"dmean":0.0061399503611,"dmean2":0.00994390901178,"dvar":0.00012513587717,"dvar2":0.000309950468363,"max":0.123780176044,"mean":0.0110560338944,"median":0.00674465764314,"min":1.34886909665e-22,"var":0.000176956673386},"spectral_entropy":{"dmean":0.124436184764,"dmean2":0.182088494301,"dvar":0.0115476520732,"dvar2":0.0250583607703,"max":9.82219982147,"mean":7.6068315506,"median":7.610206604,"min":6.12841796875,"var":0.112702533603},"spectral_flux":{"dmean":0.0267962887883,"dmean2":0.0410348922014,"dvar":0.00119745533448,"dvar2":0.00222135824151,"max":0.325759410858,"mean":0.0860893726349,"median":0.0710464119911,"min":6.37755195876e-11,"var":0.00307784159668},"spectral_kurtosis":{"dmean":1.36599397659,"dmean2":2.24240350723,"dvar":1.92408037186,"dvar2":5.50514650345,"max":26.9334793091,"mean":5.54849147797,"median":5.25519990921,"min":-1.26119995117,"var":6.48339605331},"spectral_rms":{"dmean":0.000949044944718,"dmean2":0.00143142230809,"dvar":0.00000141100224482,"dvar2":0.00000316608225148,"max":0.0128363389522,"mean":0.00468262564391,"median":0.00445449259132,"min":3.1173043747e-12,"var":0.00000450290690424},"spectral_rolloff":{"dmean":374.888549805,"dmean2":636.82824707,"dvar":223527.8125,"dvar2":546139.5,"max":19853.6132812,"mean":1328.25317383,"median":1119.7265625,"min":86.1328125,"var":2825053.5},"spectral_skewness":{"dmean":0.177891731262,"dmean2":0.280943751335,"dvar":0.024862723425,"dvar2":0.0621023066342,"max":3.99245357513,"mean":1.77376949787,"median":1.74519443512,"min":-0.0987696498632,"var":0.183411478996},"spectral_spread":{"dmean":452574.75,"dmean2":617320.5,"dvar":295992819712,"dvar2":540472868864,"max":42335352,"mean":4512821.5,"median":4114793.5,"min":1790836.25,"var":9477503844350},"spectral_strongpeak":{"dmean":0.462109148502,"dmean2":0.789192974567,"dvar":0.656627237797,"dvar2":1.6884329319,"max":12.3833332062,"mean":0.754636585712,"median":0.308386981487,"min":0,"var":1.40252280235},"zerocrossingrate":{"dmean":0.00795378163457,"dmean2":0.0100124320015,"dvar":0.0000557719540666,"dvar2":0.0000850245778565,"max":0.53271484375,"mean":0.0552608259022,"median":0.0498046875,"min":0.00634765625,"var":0.00187082099728}},"metadata":{"audio_properties":{"analysis_sample_rate":44100,"bit_rate":183687,"codec":"mp3","downmix":"mix","equal_loudness":0,"length":272.195922852,"lossless":false,"md5_encoded":"9780e3106b08a556bd4c7e383b24798f","replay_gain":-5.8398475647,"sample_rate":44100},"tags":{"acoustid_id":["91069195-eada-4b34-9820-f4d5a3155bda"],"album":["Sandinista!"],"albumartist":["The Clash"],"albumartistsort":["Clash, The"],"artist":["The Clash"],"artistsort":["Clash, The"],"asin":["B00002MVQR"],"barcode":["5099749534827"],"catalognumber":["495348 2"],"date":["1999"],"discnumber":["1/2"],"file_name":"14 - Up in Heaven (Not Only Here).mp3","isrc":["GBBBN8002043"],"label":["Columbia"],"language":["eng"],"media":["CD"],"musicbrainz album release country":["GB"],"musicbrainz album status":["official"],"musicbrainz album type":["album"],"musicbrainz_albumartistid":["8f92558c-2baa-4758-8c38-615519e9deda"],"musicbrainz_albumid":["450f9c81-55c5-4d47-8844-8ebd13bf7538"],"musicbrainz_artistid":["8f92558c-2baa-4758-8c38-615519e9deda"],"musicbrainz_recordingid":["a29478c7-688a-4fc3-8eb7-844850ca9e92"],"musicbrainz_releasegroupid":["ff729e76-b7c5-3877-bf7d-bbad4fde43cb"],"musicbrainz_workid":["c1334c26-1584-4b66-8fa3-d911aceaacc8"],"originaldate":["1980"],"script":["Latn"],"title":["Up in Heaven (Not Only Here)"],"tracknumber":["14/18"],"work":["Up in Heaven (Not Only Here)"]},"version":{"essentia":"2.1-beta2","essentia_build_sha":"70f2e5ece6736b2c40cc944ad0e695b16b925413","essentia_git_sha":"v2.1_beta2","extractor":"music 1.0"}},"rhythm":{"beats_count":689,"beats_loudness":{"dmean":0.0153569616377,"dmean2":0.0267153568566,"dvar":0.000222118120291,"dvar2":0.000642038998194,"max":0.145877674222,"mean":0.0412850342691,"median":0.0422599948943,"min":0,"var":0.00058509176597},"beats_loudness_band_ratio":{"dmean":[0.243229880929,0.11578334868,0.109115719795,0.085885733366,0.046136803925,0.0428957417607],"dmean2":[0.46094