{"lowlevel":{"average_loudness":0.725936233997,"barkbands":{"dmean":[0.000021200026822,0.00287959771231,0.00162856304087,0.000968966807704,0.00193299958482,0.000439535448095,0.000557540857699,0.000581499247346,0.000541519140825,0.000503618794028,0.000307951966533,0.00022369211365,0.000333386240527,0.00023147308093,0.000193811356439,0.000156423469889,0.000161002724781,0.0000684699116391,0.0000507132463099,0.0000358771139872,0.0000233064238273,0.000018707876734,0.0000189326547115,0.0000107382402348,0.00000687908186592,0.00000172163981915,2.20941885232e-7],"dmean2":[0.0000343452120433,0.00468155974522,0.00260150781833,0.00158653687686,0.00317827425897,0.000680197845213,0.000883667264134,0.000926376262214,0.000824670947623,0.000770317972638,0.000479456124594,0.000324296270264,0.000506776035763,0.000335286837071,0.000282252643956,0.000238191336393,0.000237995773205,0.000104214654129,0.0000765212535043,0.0000540116561751,0.000035258319258,0.0000272559573204,0.0000276161918009,0.0000155624147737,0.0000104246046249,0.00000274212243312,3.55639372174e-7],"dvar":[1.70588443371e-9,0.0000152821430675,0.00000631294142295,0.00000338994982485,0.0000222462167585,8.5687935325e-7,0.00000190079572349,0.00000339247435477,0.00000231132798945,0.00000253980374509,0.00000116051262466,9.26416987568e-7,0.0000017729753381,0.00000121999653402,5.9629860516e-7,3.44275946418e-7,4.00080466534e-7,3.12816723635e-8,1.51286165817e-8,8.7649070224e-9,4.44581393921e-9,3.16705528469e-9,5.05898922754e-9,2.38892683413e-9,1.19667997733e-9,8.11396783096e-11,8.07192745804e-13],"dvar2":[4.26972990297e-9,0.0000383070873795,0.0000150237447087,0.00000878957234818,0.0000558788997296,0.00000197167241822,0.00000450136758445,0.00000768140671425,0.00000535260960532,0.00000610830829828,0.00000262971116172,0.00000187224554793,0.00000392327774534,0.00000216584021473,0.00000123885172343,7.21155913652e-7,7.60111163345e-7,7.1427869841e-8,3.34652732192e-8,1.865033461e-8,9.53942880244e-9,6.47443165747e-9,1.01228421201e-8,4.41951719665e-9,2.54791521215e-9,2.08208450481e-10,1.99392433987e-12],"max":[0.000719004077837,0.061645232141,0.0518935993314,0.0498545765877,0.132824152708,0.0226039048284,0.0337241254747,0.0551283918321,0.0402644537389,0.0494761392474,0.0349835678935,0.0333792865276,0.0413039028645,0.0437215603888,0.027485370636,0.0162933059037,0.0209597945213,0.00480389548466,0.00326249119826,0.00234233983792,0.00216325023212,0.00144184031524,0.00231092376634,0.00306496093981,0.00110474578105,0.000370197551092,0.0000310099967464],"mean":[0.0000446464291599,0.00921007338911,0.00297618051991,0.00159515452106,0.00339057249948,0.0011285233777,0.00104998273309,0.00108972075395,0.00112164230086,0.00118620775174,0.000628810783383,0.000473176012747,0.000614208285697,0.000441953743575,0.000380724668503,0.00032598344842,0.000391016277717,0.000143492288771,0.000116782655823,0.0000819396591396,0.0000477330031572,0.0000367443681171,0.0000307196714857,0.0000177520541911,0.00000944889507082,0.00000215578916141,4.69608323783e-7],"median":[0.0000158302409545,0.00515282899141,0.00159925268963,0.000737521855626,0.00164862093516,0.000414766807808,0.000382556609111,0.000222884060349,0.000233123006183,0.000139647221658,0.0000567242059333,0.0000359273581125,0.0000550122167624,0.0000268700568995,0.0000300407191389,0.0000196850887733,0.0000297870919894,0.0000218459517782,0.0000179860144272,0.0000105532053567,0.00000838754567667,0.0000054684933275,0.00000439059203927,0.00000268338931164,0.00000132620903059,4.16875280962e-7,2.7475442721e-7],"min":[3.24296527313e-26,9.65060679796e-25,1.46748737362e-24,4.50951547609e-25,9.65812898112e-24,5.22830896685e-24,1.06112946245e-23,1.16934816245e-23,1.76351685519e-23,1.71967953915e-23,1.36940005368e-23,1.50190612434e-23,2.18837146411e-23,2.69069915589e-23,5.17226371275e-23,3.86312789906e-23,4.2641806812e-23,8.25659941163e-23,1.30718215232e-22,1.78710379626e-22,2.44020729327e-22,2.85397127517e-22,3.27611510558e-22,5.79048087752e-22,8.43545349016e-22,1.20449280876e-21,1.68169615162e-21],"var":[3.75518371953e-9,0.0000995567825157,0.0000169240574905,0.00000647564183964,0.0000324839093082,0.00000403822741646,0.00000425198822995,0.00000883487246028,0.0000078243747339,0.0000107209616544,0.00000423472192779,0.00000400774570153,0.00000462087382402,0.00000458176555185,0.00000222754533752,0.00000106682171008,0.00000195410075321,1.04325238226e-7,5.91836517572e-8,3.19963397999e-8,1.04229265219e-8,7.56079288067e-9,9.40225408641e-9,5.1267514678e-9,1.91040405717e-9,7.30958002459e-11,8.21501503975e-13]},"barkbands_crest":{"dmean":2.18280029297,"dmean2":3.5612590313,"dvar":4.55202579498,"dvar2":11.9083251953,"max":26.4520053864,"mean":12.802526474,"median":11.5994644165,"min":2.7243411541,"var":28.3943347931},"barkbands_flatness_db":{"dmean":0.0205174330622,"dmean2":0.0307703241706,"dvar":0.000442247430328,"dvar2":0.000963840924669,"max":0.504880487919,"mean":0.215570777655,"median":0.204643711448,"min":0.0507036782801,"var":0.00674710702151},"barkbands_kurtosis":{"dmean":6.99740600586,"dmean2":10.900097847,"dvar":554.479614258,"dvar2":1106.98937988,"max":1945.36193848,"mean":29.1567630768,"median":6.24981307983,"min":-1.90654945374,"var":17519.5039062},"barkbands_skewness":{"dmean":0.575577020645,"dmean2":0.907605409622,"dvar":0.481641948223,"dvar2":1.13026547432,"max":39.8424758911,"mean":2.70333576202,"median":2.08427619934,"min":-3.85638141632,"var":12.7142190933},"barkbands_spread":{"dmean":2.40739965439,"dmean2":3.74808835983,"dvar":11.4838685989,"dvar2":24.5426177979,"max":89.9082794189,"mean":11.7293510437,"median":8.62102603912,"min":0.109756961465,"var":105.524971008},"dissonance":{"dmean":0.0229069236666,"dmean2":0.0386460870504,"dvar":0.000513264443725,"dvar2":0.00142054015305,"max":0.500000119209,"mean":0.446532160044,"median":0.458040386438,"min":0.136867314577,"var":0.00190451787785},"dynamic_complexity":4.69267177582,"erbbands":{"dmean":[0.0548642091453,0.753872454166,1.83601152897,2.51947927475,5.4892373085,6.56318855286,4.27089262009,3.50811338425,7.81083106995,8.56595897675,12.36967659,12.557009697,12.4655399323,13.7690792084,12.7540092468,8.67108345032,14.185459137,12.3003559113,10.7019357681,7.39033889771,8.37961864471,7.42515707016,3.72431325912,2.78253316879,2.31666660309,1.64363694191,1.08920109272,0.82284116745,0.68004244566,0.609368264675,0.536523163319,0.272370189428,0.159998625517,0.0856969133019,0.0466403029859,0.0119669921696,0.00248769181781,0.000375344010536,0.0000375669478672,0.00000775802345743],"dmean2":[0.0888927429914,1.22365033627,2.95947885513,4.08491897583,9.08123779297,10.915391922,6.77918624878,5.48650026321,12.4262266159,13.3423194885,19.45753479,19.246679306,18.9883995056,20.7414226532,19.2603645325,12.5498542786,21.5878334045,17.6098976135,15.4662094116,10.9490480423,12.2111749649,10.8674468994,5.65382194519,4.18171262741,3.45767211914,2.43057107925,1.6695202589,1.22572290897,1.0009342432,0.887010574341,0.780646145344,0.399207860231,0.234312936664,0.127627521753,0.0719604343176,0.0188466776162,0.00397835904732,0.00059899140615,0.0000596492500335,0.0000117912122732],"dvar":[0.00640186760575,1.0436617136,6.98450613022,21.2141609192,225.720611572,249.256958008,83.9610977173,63.5855026245,373.502441406,621.09588623,1664.05041504,1227.49560547,1699.34301758,2292.20654297,2191.91235352,1405.09619141,3045.60546875,3135.02001953,2081.92260742,756.908996582,1050.68322754,731.259033203,96.4246902466,47.7468986511,34.0236244202,18.9678554535,9.22709941864,5.9527258873,4.17197084427,4.18939208984,4.45718669891,1.48832261562,0.618425488472,0.195804029703,0.0644649416208,0.00387596758083,0.000161900519743,0.00000240067356572,2.07364188043e-8,1.76563402787e-10],"dvar2":[0.0163822378963,2.61543107033,16.8363113403,54.9356269836,543.772399902,660.039916992,201.245040894,152.820541382,895.802307129,1279.79577637,3781.52148438,2818.93823242,4023.37817383,5192.51806641,4917.98242188,2926.28466797,7107.49316406,5904.546875,4137.17236328,1642.52490234,2102.49462891,1407.73449707,216.428146362,107.240890503,71.1868286133,39.6100349426,20.8761482239,12.4416532516,8.84991264343,8.37338256836,9.09850692749,3.05786108971,1.09288716316,0.371860325336,0.153604790568,0.00981798581779,0.000420896074502,0.00000578431445319,5.10839264223e-8,3.9282885278e-10],"max":[1.06850969791,16.0114841461,55.2313270569,109.877342224,571.896850586,349.07611084,328.756866455,195.998184204,544.068664551,886.35168457,1165.44055176,1028.92626953,1737.95825195,1655.70922852,1676.7479248,1625.22473145,1949.35473633,1784.30834961,1648.12133789,1771.60949707,995.142028809,1013.79333496,318.509185791,179.248641968,161.394073486,131.849761963,91.7668762207,79.4350128174,51.9729690552,65.3011322021,67.7975921631,74.0567398071,47.012752533,18.5029697418,7.97334861755,2.54227972031,0.455469936132,0.0535228550434,0.00460492260754,0.000443470140453],"mean":[0.203508988023,2.28421831131,3.8201944828,4.69979810715,8.55202198029,11.3465061188,10.5474071503,8.54009819031,15.4037151337,16.6501750946,24.6991214752,27.2647666931,29.2833652496,34.5601844788,28.7258968353,20.7946014404,28.4394950867,25.2404537201,21.7446422577,16.2929515839,21.8638057709,19.3694934845,8.89170074463,6.77433586121,5.4257311821,3.90791583061,2.33799672127,1.67381083965,1.35236847401,1.06808054447,0.860645890236,0.454443126917,0.256042540073,0.126835599542,0.0575198568404,0.0146108390763,0.00313066411763,0.000556268205401,0.0000860801374074,0.0000353323557647],"median":[0.136685729027,1.21694731712,2.50421929359,2.55973482132,4.14590215683,4.97179889679,4.13135194778,3.25511312485,5.54329586029,5.57704591751,6.56896924973,6.24319982529,5.15889883041,3.65118122101,3.01938843727,2.01211547852,2.99380302429,1.88659977913,1.69430506229,1.53565251827,1.18070757389,1.67017579079,1.32494080067,1.15521907806,0.816899061203,0.500281095505,0.38201674819,0.279098808765,0.198399439454,0.162199139595,0.123279154301,0.0735251680017,0.034115947783,0.0181350912899,0.00771500356495,0.00242230878212,0.00065846752841,0.00019466651429,0.000053672658396,0.0000273930691037],"min":[4.55930995415e-23,3.03189563379e-22,1.61742678277e-21,5.13134586362e-21,1.39632950316e-20,2.52618535693e-20,4.45818490788e-20,6.3190201074e-20,1.18131175468e-19,2.16020620962e-19,2.94656028906e-19,3.52458479533e-19,5.65596479458e-19,6.18116916585e-19,5.19483745248e-19,5.77970946326e-19,1.44584181398e-18,2.85932204765e-18,1.85344167826e-18,3.06765306839e-18,3.74078452675e-18,3.15433828787e-18,5.32686447383e-18,6.31240881466e-18,6.68154850276e-18,7.84797780481e-18,9.38880104622e-18,8.93498081085e-18,1.10697263495e-17,1.02778572501e-17,9.4219147405e-18,1.03361809279e-17,1.00185328194e-17,7.62929689345e-18,6.88132171968e-18,4.28880533104e-18,2.0995961529e-18,9.51141382162e-19,2.49253196607e-19,2.52879986159e-20],"var":[0.0451390966773,6.40777635574,19.3234214783,41.0834007263,303.130737305,357.365631104,431.454620361,234.072296143,920.630554199,1641.79907227,4569.30615234,4611.66259766,6222.65576172,10978.1191406,8992.84277344,6828.30517578,8636.38574219,11908.4638672,7587.53515625,3272.96850586,4930.79345703,3948.4284668,378.291473389,202.729537964,127.015403748,71.9355697632,22.6042690277,13.9828023911,9.85535240173,8.76586723328,7.84195899963,2.71192979813,1.38970780373,0.380973130465,0.0757084190845,0.00362767116167,0.000144545148942,0.00000261321088146,2.23383391784e-8,8.40533864732e-10]},"erbbands_crest":{"dmean":2.23211836815,"dmean2":3.60455489159,"dvar":4.92457723618,"dvar2":11.9795560837,"max":31.194524765,"mean":10.4526882172,"median":9.22561454773,"min":2.68086767197,"var":24.392911911},"erbbands_flatness_db":{"dmean":0.0149228097871,"dmean2":0.0223099272698,"dvar":0.000233690123423,"dvar2":0.000493302708492,"max":0.320890843868,"mean":0.17725995183,"median":0.177873551846,"min":0.0293446723372,"var":0.00168719841167},"erbbands_kurtosis":{"dmean":1.08170330524,"dmean2":1.69972264767,"dvar":2.17850780487,"dvar2":5.21137189865,"max":35.0428695679,"mean":2.01196265221,"median":1.08370876312,"min":-1.77633261681,"var":11.31731987},"erbbands_skewness":{"dmean":0.30274528265,"dmean2":0.475835710764,"dvar":0.0860670208931,"dvar2":0.206624820828,"max":4.63535881042,"mean":0.672806560993,"median":0.669520258904,"min":-4.97245264053,"var":0.992731809616},"erbbands_spread":{"dmean":5.92986249924,"dmean2":9.17879009247,"dvar":70.0480194092,"dvar2":164.467407227,"max":146.297164917,"mean":29.3784542084,"median":25.9367046356,"min":2.8578543663,"var":263.228546143},"gfcc":{"cov":[[22456.7050781,1091.07043457,-4598.54931641,344.021453857,-1231.75708008,184.582977295,-708.071777344,34.7373085022,-317.17276001,-151.107696533,-171.38835144,-208.138671875,-148.008865356],[1091.07043457,863.993896484,19.2902736664,-258.699920654,82.9794235229,-81.2085876465,33.3819885254,-50.3431434631,35.6118469238,-57.3713340759,51.9064445496,-12.232632637,-16.9661560059],[-4598.54931641,19.2902736664,1850.67590332,52.1767616272,161.809127808,-36.8061218262,198.969741821,12.3795728683,51.8327941895,97.7217102051,18.8418540955,45.1652946472,2.37374305725],[344.021453857,-258.699920654,52.1767616272,348.306182861,-14.7692155838,0.221732914448,-22.2093391418,34.6084403992,8.00652885437,32.7974586487,-39.1505279541,-3.78148293495,12.7810020447],[-1231.75708008,82.9794235229,161.809127808,-14.7692155838,330.0753479,0.790519654751,42.7275085449,16.4673137665,55.8382759094,-3.94101166725,10.3110380173,37.1848068237,44.8829994202],[184.582977295,-81.2085876465,-36.8061218262,0.221732914448,0.790519654751,181.325836182,63.8162841797,11.9720668793,-7.6907954216,25.8216972351,30.3119888306,-6.30481147766,-3.82208871841],[-708.071777344,33.3819885254,198.969741821,-22.2093391418,42.7275085449,63.8162841797,188.751098633,37.1193122864,-0.140179127455,13.3022003174,37.1183624268,13.9133300781,1.81514120102],[34.7373085022,-50.3431434631,12.3795728683,34.6084403992,16.4673137665,11.9720668793,37.1193122864,103.66230011,38.5655517578,4.91673374176,-7.81245946884,17.3618717194,22.6387882233],[-317.17276001,35.6118469238,51.8327941895,8.00652885437,55.8382759094,-7.6907954216,-0.140179127455,38.5655517578,114.017799377,29.1948566437,1.5387955904,0.396364629269,16.3627796173],[-151.107696533,-57.3713340759,97.7217102051,32.7974586487,-3.94101166725,25.8216972351,13.3022003174,4.91673374176,29.1948566437,89.0794067383,28.4104061127,-7.70823144913,-2.73721218109],[-171.38835144,51.9064445496,18.8418540955,-39.1505279541,10.3110380173,30.3119888306,37.1183624268,-7.81245946884,1.5387955904,28.4104061127,100.107048035,13.6268167496,-14.2516880035],[-208.138671875,-12.232632637,45.1652946472,-3.78148293495,37.1848068237,-6.30481147766,13.9133300781,17.3618717194,0.396364629269,-7.70823144913,13.6268167496,77.5190658569,37.268535614],[-148.008865356,-16.9661560059,2.37374305725,12.7810020447,44.8829994202,-3.82208871841,1.81514120102,22.6387882233,16.3627796173,-2.73721218109,-14.2516880035,37.268535614,86.6071014404]],"icov":[[0.000745406490751,-0.00257702358067,0.001610827283,-0.00211073667742,0.00195088516921,-0.00201162113808,0.00188605603762,-0.00236178864725,0.00246828142554,-0.00239452091046,0.00196417956613,-0.00137914705556,0.000889096059836],[-0.00257702358067,0.0107641741633,-0.0055692945607,0.00834463257343,-0.00698209321126,0.00790129415691,-0.00710828835145,0.00899914838374,-0.0095964288339,0.00958333164454,-0.00780286733061,0.00558717176318,-0.00318279676139],[0.001610827283,-0.0055692945607,0.00422152550891,-0.00465761357918,0.0039584627375,-0.00384029280394,0.00309647154063,-0.00468767574057,0.0052117081359,-0.00614102929831,0.00474052038044,-0.00353101594374,0.00229382305406],[-0.00211073667742,0.00834463257343,-0.00465761357918,0.00996891688555,-0.00565369846299,0.00610862439498,-0.00502772629261,0.00577131006867,-0.00685358466581,0.005649455823,-0.00459031574428,0.00435899477452,-0.00267738592811],[0.00195088516921,-0.00698209321126,0.0039584627375,-0.00565369846299,0.00903513934463,-0.00555159663782,0.00435524201021,-0.00542596541345,0.00438914261758,-0.00515241269022,0.00486508943141,-0.00461352942511,0.00088555138791],[-0.00201162113808,0.00790129415691,-0.00384029280394,0.00610862439498,-0.00555159663782,0.0129909384996,-0.00796127691865,0.00644968170673,-0.00615282217041,0.00498787220567,-0.00674452399835,0.00511900754645,-0.0027474372182],[0.00188605603762,-0.00710828835145,0.00309647154063,-0.00502772629261,0.00435524201021,-0.00796127691865,0.0135033065453,-0.00991632882506,0.00821001734585,-0.00569194555283,0.00281198439188,-0.00326686445624,0.00232599978335],[-0.00236178864725,0.00899914838374,-0.00468767574057,0.00577131006867,-0.00542596541345,0.00644968170673,-0.00991632882506,0.0220038406551,-0.0136647252366,0.00899518094957,-0.00476190121844,0.00187594722956,-0.00416871951893],[0.00246828142554,-0.0095964288339,0.0052117081359,-0.00685358466581,0.00438914261758,-0.00615282217041,0.00821001734585,-0.0136647252366,0.0218513458967,-0.0132326949388,0.00690834317356,-0.00281364843249,0.00186151103117],[-0.00239452091046,0.00958333164454,-0.00614102929831,0.005649455823,-0.00515241269022,0.00498787220567,-0.00569194555283,0.00899518094957,-0.0132326949388,0.0255573652685,-0.0125821977854,0.00770989991724,-0.00430229865015],[0.00196417956613,-0.00780286733061,0.00474052038044,-0.00459031574428,0.00486508943141,-0.00674452399835,0.00281198439188,-0.00476190121844,0.00690834317356,-0.0125821977854,0.0204624943435,-0.00920983217657,0.00637004524469],[-0.00137914705556,0.00558717176318,-0.00353101594374,0.00435899477452,-0.00461352942511,0.00511900754645,-0.00326686445624,0.00187594722956,-0.00281364843249,0.00770989991724,-0.00920983217657,0.0223353020847,-0.00996553059667],[0.000889096059836,-0.00318279676139,0.00229382305406,-0.00267738592811,0.00088555138791,-0.0027474372182,0.00232599978335,-0.00416871951893,0.00186151103117,-0.00430229865015,0.00637004524469,-0.00996553059667,0.018084237352]],"mean":[-79.3361663818,133.328201294,-86.7210922241,31.0465450287,-44.2167739868,10.0672683716,-23.4889507294,7.69430446625,-13.8165769577,-4.40041065216,-11.0053110123,-3.35767388344,-8.62373638153]},"hfc":{"dmean":2.83616471291,"dmean2":3.86076307297,"dvar":29.4072170258,"dvar2":50.6221008301,"max":135.496902466,"mean":12.3973321915,"median":5.37276935577,"min":1.06707331341e-16,"var":287.410400391},"melbands":{"dmean":[0.000664434279315,0.00094760209322,0.000463824311737,0.000479843030917,0.000163645963767,0.0000806620810181,0.000116886112664,0.000100167861092,0.000102406149381,0.0000776967426646,0.0000638284618617,0.0000594027260377,0.0000438762690465,0.0000262915855274,0.0000313843011099,0.0000289450672426,0.0000244288676186,0.0000185297813005,0.0000119480555441,0.0000100640645542,0.0000117731678984,0.00000951451238507,0.00000498613962918,0.00000327792577082,0.00000238736197389,0.00000203321383196,0.00000154040799316,0.00000111452231977,7.96349809207e-7,6.13645624981e-7,4.64288888224e-7,4.16247587509e-7,3.68021630948e-7,3.56791815648e-7,3.56223182507e-7,2.26364960554e-7,1.5349361604e-7,1.24834031112e-7,8.6836720925e-8,7.17584640597e-8],"dmean2":[0.00107242853846,0.00153378676623,0.000747634738218,0.000795938249212,0.000262876215857,0.000126079117763,0.000185018070624,0.000156745867571,0.000159918097779,0.000119021802675,0.0000967234373093,0.0000899737569853,0.0000663485698169,0.0000385787934647,0.0000474942353321,0.0000429147657997,0.0000350326117768,0.0000271750250249,0.000017432781533,0.0000152674874698,0.0000172314612428,0.0000137242159326,0.0000078106595538,0.00000500453916175,0.00000365622486243,0.00000315568081533,0.00000230193154493,0.00000168605777162,0.00000124116604638,9.48728597905e-7,7.01368492173e-7,6.2716173943e-7,5.50166475932e-7,5.32551950982e-7,5.26624319264e-7,3.34854377115e-7,2.30894556807e-7,1.8479285302e-7,1.28872727601e-7,1.08318218395e-7],"dvar":[8.58221085309e-7,0.00000157743602358,7.61210401379e-7,0.00000152928487296,1.11660085622e-7,3.22412461173e-8,8.33040019188e-8,8.71900809329e-8,1.05095068648e-7,4.78279496008e-8,4.34900648827e-8,4.50166517396e-8,2.30547421154e-8,1.10965681088e-8,1.65053073431e-8,1.31753115085e-8,1.36260434047e-8,6.93722901346e-9,2.30156316228e-9,1.14440146248e-9,2.42848918752e-9,1.59826096802e-9,2.07901154625e-10,8.1271635255e-11,3.7013919707e-11,2.52691444158e-11,1.84272996168e-11,9.07764835523e-12,4.7986792491e-12,3.26576200978e-12,1.91413811884e-12,1.65700862319e-12,1.45939217742e-12,1.58563646154e-12,2.01764386448e-12,1.01400983964e-12,4.75077659504e-13,3.85019436038e-13,1.81889117483e-13,1.61676566774e-13],"dvar2":[0.0000021160635697,0.00000403297826779,0.00000187611635738,0.00000388252192352,2.80070253211e-7,7.67927872403e-8,1.99199178041e-7,1.82890715905e-7,2.39391511059e-7,1.10714935886e-7,1.02434029259e-7,1.03823538211e-7,5.08997750615e-8,2.14605755389e-8,3.84493326067e-8,2.77980962693e-8,2.55842742547e-8,1.36065576584e-8,4.96870189437e-9,2.43707476422e-9,4.70038408196e-9,2.95660473881e-9,5.00889385524e-10,1.89545421025e-10,8.59344470583e-11,5.94555654709e-11,3.75963114807e-11,1.9847765792e-11,1.12586762829e-11,7.18677201084e-12,4.11780592263e-12,3.72269402804e-12,3.11468971274e-12,3.39764934937e-12,4.28518071721e-12,2.13258165467e-12,9.9953357223e-13,6.82295040778e-13,3.4486831251e-13,3.32177021349e-13],"max":[0.0139962825924,0.0224607922137,0.0283974092454,0.0353951230645,0.0094068646431,0.00425409153104,0.00785530917346,0.00873485114425,0.0110005671158,0.00551310740411,0.00848899036646,0.00734685640782,0.00486137997359,0.00415766425431,0.0066825975664,0.00325750792399,0.00387755804695,0.00353411422111,0.00213287444785,0.00160834915005,0.00157443771604,0.00144688843284,0.000491736689582,0.000253678794252,0.00017940615362,0.000132250701427,0.000134637404699,0.000093711190857,0.0000619719430688,0.0000609563248872,0.0000419642674387,0.0000403485355491,0.0000329015601892,0.0000378000513592,0.0000388948501495,0.0000518370688951,0.0000435862421,0.0000399336895498,0.0000187992736755,0.0000165618876053],"mean":[0.00232286169194,0.002444478916,0.000902260653675,0.000785928685218,0.000387136416975,0.000197123154067,0.000230362609727,0.00019078241894,0.000205723685212,0.000164353536093,0.000144983656355,0.000143010780448,0.0000948035158217,0.0000585887573834,0.0000621669823886,0.0000554530452064,0.0000463245851279,0.0000349429537891,0.0000234491526498,0.000020412622689,0.0000282290984615,0.0000231691701629,0.000010332571037,0.00000670266581437,0.00000528115333509,0.00000437797734776,0.00000329123668052,0.00000242344481194,0.00000153944154135,0.00000117322565529,8.75842147252e-7,7.89885461927e-7,6.53324320865e-7,5.72470582938e-7,5.39691711765e-7,3.59816255013e-7,2.45259627718e-7,1.91607099964e-7,1.32080913318e-7,9.91472504097e-8],"median":[0.0013182873372,0.00171247962862,0.000526145799085,0.000360487290891,0.000168070924701,0.0000742162446841,0.0000833296653582,0.0000560762782698,0.0000541781118955,0.0000333586467605,0.0000219808225665,0.000013127807506,0.00000941481812333,0.00000450623929282,0.0000063045299612,0.00000469854194307,0.00000282181804323,0.00000223243523578,0.00000211455221688,0.00000154612337155,0.00000117905699426,0.0000014670923747,0.00000145445267208,9.52523862452e-7,8.42909457788e-7,6.73521356021e-7,4.05636313872e-7,2.79982344864e-7,2.23987200343e-7,1.92908487406e-7,1.3839816404e-7,1.03381196936e-7,9.94001680965e-8,8.05021684869e-8,6.98163731272e-8,5.67982070265e-8,3.70943240569e-8,2.37332979935e-8,1.75854086848e-8,1.3514357633e-8],"min":[6.54962465486e-25,6.53197537122e-25,1.34912628897e-24,1.67068965977e-24,1.98229642265e-24,1.35043461478e-24,1.82952325316e-24,2.88648169246e-24,2.18863048659e-24,2.06234588579e-24,2.61820272037e-24,2.72181033116e-24,2.25653878875e-24,1.5702944878e-24,2.03426953731e-24,2.04286930447e-24,4.40301373186e-24,1.96960187575e-24,3.19412876803e-24,3.02049870785e-24,3.77969607646e-24,2.71517068613e-24,3.71801109797e-24,3.14394045116e-24,3.45962128619e-24,4.39712409634e-24,3.68604960954e-24,4.87457466504e-24,4.98060348716e-24,4.85929324602e-24,4.44385384978e-24,5.77139197401e-24,5.56858885148e-24,5.77040708116e-24,4.05369507897e-24,4.26191333718e-24,6.21910288102e-24,5.83891649534e-24,6.21239361902e-24,5.94610020982e-24],"var":[0.00000635504193269,0.00000543056012248,0.0000014580982679,0.00000208857068174,4.34470223354e-7,1.20684319427e-7,2.05097407502e-7,2.31777093518e-7,2.96010853162e-7,1.7284145315e-7,1.59937698641e-7,2.06594165775e-7,9.61970911817e-8,5.31373167689e-8,5.26370520504e-8,4.07597404717e-8,4.95845711157e-8,2.31949268681e-8,7.85767806377e-9,3.95646759799e-9,1.07263513627e-8,8.1025195442e-9,6.49752529558e-10,2.53042281573e-10,1.39015715606e-10,8.27521315361e-11,6.3260258143e-11,2.99178182228e-11,1.11180517917e-11,7.0693065117e-12,4.13164944965e-12,3.6010803714e-12,2.88546248527e-12,2.87647054613e-12,3.21854673989e-12,1.74097899725e-12,8.40345859305e-13,8.33993844037e-13,3.83685325265e-13,2.71098763013e-13]},"melbands_crest":{"dmean":2.68117403984,"dmean2":4.45345115662,"dvar":6.62139415741,"dvar2":17.9792556763,"max":35.699760437,"mean":16.1745204926,"median":15.7550630569,"min":1.51614487171,"var":30.5025806427},"melbands_flatness_db":{"dmean":0.0245771948248,"dmean2":0.0366523824632,"dvar":0.000664118153509,"dvar2":0.00140815135092,"max":0.645913004875,"mean":0.309619814157,"median":0.299426615238,"min":0.00309073063545,"var":0.0118497144431},"melbands_kurtosis":{"dmean":9.73359680176,"dmean2":15.7359647751,"dvar":401.158050537,"dvar2":997.86505127,"max":1312.93566895,"mean":30.2617397308,"median":13.3378505707,"min":-1.7841668129,"var":6174.28955078},"melbands_skewness":{"dmean":0.675855338573,"dmean2":1.07351279259,"dvar":0.636714756489,"dvar2":1.57596898079,"max":25.1750030518,"mean":3.16759848595,"median":2.89304447174,"min":-2.08477854729,"var":4.42494058609},"melbands_spread":{"dmean":2.86004567146,"dmean2":4.43102502823,"dvar":19.8074798584,"dvar2":45.8399772644,"max":155.769210815,"mean":13.4305744171,"median":7.83080339432,"min":0.188831269741,"var":278.810180664},"mfcc":{"cov":[[13999.1787109,-487.004211426,-2527.55151367,-328.212615967,-606.320068359,-160.529159546,-329.320709229,-41.3071632385,-237.509689331,-25.1602783203,-132.794555664,-61.2936248779,-57.1496772766],[-487.004211426,1383.81652832,178.635681152,-36.3592834473,75.1620941162,-20.7846908569,13.1059656143,37.3164291382,-35.7688446045,-11.6219749451,34.7488899231,-10.5852251053,-6.53134918213],[-2527.55151367,178.635681152,1116.00708008,189.981460571,33.8033790588,64.4460067749,90.9783096313,-23.3716106415,21.9783859253,50.0486373901,51.1922721863,32.7067909241,-4.74803733826],[-328.212615967,-36.3592834473,189.981460571,290.55557251,72.5612182617,-14.5637159348,-14.2103424072,-5.90017366409,62.9319839478,-11.0902194977,-13.8086805344,8.32646560669,15.6950759888],[-606.320068359,75.1620941162,33.8033790588,72.5612182617,220.959701538,19.5200996399,-25.3083972931,2.32836604118,55.2509994507,3.97854876518,-15.5583457947,6.93613433838,22.0855712891],[-160.529159546,-20.7846908569,64.4460067749,-14.5637159348,19.5200996399,128.840377808,61.1692199707,1.42110979557,-1.15485680103,21.1607265472,29.6826934814,7.02414751053,0.969102799892],[-329.320709229,13.1059656143,90.9783096313,-14.2103424072,-25.3083972931,61.1692199707,166.845230103,44.3954963684,-10.0408153534,10.1446380615,25.0999526978,8.40072154999,6.20741653442],[-41.3071632385,37.3164291382,-23.3716106415,-5.90017366409,2.32836604118,1.42110979557,44.3954963684,107.020118713,32.0563354492,-8.52287197113,4.82303190231,7.87768220901,10.8005161285],[-237.509689331,-35.7688446045,21.9783859253,62.9319839478,55.2509994507,-1.15485680103,-10.0408153534,32.0563354492,144.204345703,13.3737001419,-30.3299713135,0.688645124435,20.0165901184],[-25.1602783203,-11.6219749451,50.0486373901,-11.0902194977,3.97854876518,21.1607265472,10.1446380615,-8.52287197113,13.3737001419,105.697128296,42.9824905396,-2.20516347885,-3.94069290161],[-132.794555664,34.7488899231,51.1922721863,-13.8086805344,-15.5583457947,29.6826934814,25.0999526978,4.82303190231,-30.3299713135,42.9824905396,108.589683533,26.8115215302,-14.0570268631],[-61.2936248779,-10.5852251053,32.7067909241,8.32646560669,6.93613433838,7.02414751053,8.40072154999,7.87768220901,0.688645124435,-2.20516347885,26.8115215302,70.3508605957,22.8490009308],[-57.1496772766,-6.53134918213,-4.74803733826,15.6950759888,22.0855712891,0.969102799892,6.20741653442,10.8005161285,20.0165901184,-3.94069290161,-14.0570268631,22.8490009308,72.1034698486]],"icov":[[0.000172862768522,-0.0000414272108173,0.000421138596721,-0.000270968157565,0.000533684156835,-0.000253903737757,0.000278776860796,-0.0000837074985611,0.000261580920778,-0.000384193554055,0.0003830124042,-0.000268301868346,0.000114534872409],[-0.0000414272108173,0.000832580262795,-0.000309782364639,0.000359963683877,-0.000609476235695,0.000438209244749,-0.0000568207542528,-0.000356619158993,0.000207698452868,0.000375029339921,-0.000533950165845,0.000505344476551,-0.000118465315609],[0.000421138596721,-0.000309782364639,0.00223291409202,-0.00155395222828,0.00143346190453,-0.000946742482483,-0.00000492661229146,0.000356004515197,0.000563304871321,-0.00144053669646,0.000930243171751,-0.00123618135694,0.000649760942906],[-0.000270968157565,0.000359963683877,-0.00155395222828,0.00529706384987,-0.00209654378705,0.0015435856767,-0.000424635480158,0.000817729858682,-0.00220721377991,0.0019711162895,-0.0013733683154,0.000755827873945,-0.000688818458002],[0.000533684156835,-0.000609476235695,0.00143346190453,-0.00209654378705,0.00759136816487,-0.00270040356554,0.0022183554247,-0.000291042786557,-0.000643719627988,-0.0015701323282,0.00191854755394,-0.00132535828743,-0.000630885129794],[-0.000253903737757,0.000438209244749,-0.000946742482483,0.0015435856767,-0.00270040356554,0.0113251050934,-0.00462823407724,0.00192168157082,-0.00109805900138,0.00040622940287,-0.00302334968001,0.000850320328027,-0.000306217611069],[0.000278776860796,-0.0000568207542528,-0.00000492661229146,-0.000424635480158,0.0022183554247,-0.00462823407724,0.00986086111516,-0.00451062852517,0.00177011254709,-0.000954959949013,0.000606645946391,-0.000140133866807,-0.000863548659254],[-0.0000837074985611,-0.000356619158993,0.000356004515197,0.000817729858682,-0.000291042786557,0.00192168157082,-0.00451062852517,0.0131223425269,-0.00436503393576,0.00248066661879,-0.00242904433981,-0.000163254429935,-0.000841659319121],[0.000261580920778,0.000207698452868,0.000563304871321,-0.00220721377991,-0.000643719627988,-0.00109805900138,0.00177011254709,-0.00436503393576,0.011038842611,-0.00397903425619,0.00454112840816,-0.00105819536839,-0.000604215543717],[-0.000384193554055,0.000375029339921,-0.00144053669646,0.0019711162895,-0.0015701323282,0.00040622940287,-0.000954959949013,0.00248066661879,-0.00397903425619,0.0143013205379,-0.00787188857794,0.00410145428032,-0.00155651813839],[0.0003830124042,-0.000533950165845,0.000930243171751,-0.0013733683154,0.00191854755394,-0.00302334968001,0.000606645946391,-0.00242904433981,0.00454112840816,-0.00787188857794,0.0172818116844,-0.00808215048164,0.0046194982715],[-0.000268301868346,0.000505344476551,-0.00123618135694,0.000755827873945,-0.00132535828743,0.000850320328027,-0.000140133866807,-0.000163254429935,-0.00105819536839,0.00410145428032,-0.00808215048164,0.0202652644366,-0.00746139790863],[0.000114534872409,-0.000118465315609,0.000649760942906,-0.000688818458002,-0.000630885129794,-0.000306217611069,-0.000863548659254,-0.000841659319121,-0.000604215543717,-0.00155651813839,0.0046194982715,-0.00746139790863,0.0178872328252]],"mean":[-724.81072998,162.905029297,18.4500675201,31.4351329803,7.83929824829,7.87376642227,2.92411971092,11.3234033585,2.62111544609,5.4640083313,1.90391170979,1.52475202084,-1.13190877438]},"pitch_salience":{"dmean":0.0661906972528,"dmean2":0.108653180301,"dvar":0.00396109325811,"dvar2":0.0105793587863,"max":0.835929989815,"mean":0.469071090221,"median":0.477721631527,"min":0.0315066315234,"var":0.0182524807751},"silence_rate_20dB":{"dmean":0,"dmean2":0,"dvar":0,"dvar2":0,"max":1,"mean":1,"median":1,"min":1,"var":0},"silence_rate_30dB":{"dmean":0.00529777118936,"dmean2":0.0105965100229,"dvar":0.00526948785409,"dvar2":0.013041802682,"max":1,"mean":0.994154691696,"median":1,"min":0,"var":0.00581123540178},"silence_rate_60dB":{"dmean":0.0124223604798,"dmean2":0.0248469896615,"dvar":0.0122665539384,"dvar2":0.0300703346729,"max":1,"mean":0.066216096282,"median":0,"min":0,"var":0.0618386380374},"spectral_centroid":{"dmean":119.163589478,"dmean2":186.158981323,"dvar":43601.2695312,"dvar2":96018.140625,"max":12000.4785156,"mean":838.978881836,"median":591.443664551,"min":98.2059631348,"var":1182241.25},"spectral_complexity":{"dmean":1.9795396328,"dmean2":3.04814100266,"dvar":6.87692117691,"dvar2":12.935965538,"max":56,"mean":12.171248436,"median":10,"min":0,"var":69.9061584473},"spectral_contrast_coeffs":{"dmean":[0.0442492328584,0.03862991184,0.0321806035936,0.0265587028116,0.0195983480662,0.0152385430411],"dmean2":[0.0739885643125,0.0641167908907,0.0516550727189,0.0422887764871,0.0312950126827,0.0238800533116],"dvar":[0.00133683264721,0.00109032157343,0.000716951151844,0.000557571300305,0.000324762309901,0.000200293492526],"dvar2":[0.00365434470586,0.00283865560777,0.00172912294511,0.00127544964198,0.000755617918912,0.000440699164756],"max":[-0.324675709009,-0.431712239981,-0.469546198845,-0.487813949585,-0.506065547466,-0.628315865993],"mean":[-0.672812640667,-0.748672902584,-0.743914544582,-0.777953445911,-0.796194493771,-0.788610816002],"median":[-0.677929997444,-0.758099555969,-0.757197260857,-0.788810312748,-0.802452027798,-0.787380874157],"min":[-0.977371156216,-0.975719034672,-0.98371386528,-0.968205988407,-0.96705520153,-0.965312600136],"var":[0.00619161082432,0.00606063520536,0.00662479177117,0.00557125452906,0.00359900505282,0.00249075749889]},"spectral_contrast_valleys":{"dmean":[0.335429340601,0.320701420307,0.288819521666,0.277625471354,0.234357178211,0.273209899664],"dmean2":[0.563974201679,0.52830517292,0.461778968573,0.431666821241,0.343020200729,0.38309431076],"dvar":[0.100602447987,0.104317992926,0.0863225162029,0.0977964401245,0.0802094787359,0.119513571262],"dvar2":[0.24629676342,0.23397269845,0.180420562625,0.193593561649,0.142202869058,0.21852183342],"max":[-5.18867969513,-4.79038667679,-5.05452728271,-5.56117963791,-5.64346504211,-7.69048595428],"mean":[-7.09293174744,-7.16914844513,-8.24550533295,-8.87506866455,-8.8652305603,-11.3831071854],"median":[-6.75194311142,-6.7879486084,-7.90686893463,-8.52702331543,-8.61051368713,-11.2537698746],"min":[-28.2718601227,-28.103225708,-27.8132534027,-27.7093505859,-27.6186027527,-27.4368610382],"var":[4.45017433167,4.96388530731,4.94169330597,4.9043006897,4.76747751236,3.34708833694]},"spectral_decrease":{"dmean":1.55790214063e-9,"dmean2":2.41697728498e-9,"dvar":4.65990254207e-18,"dvar2":1.08560424362e-17,"max":1.99924973626e-28,"mean":-6.73286892905e-9,"median":-5.27633936542e-9,"min":-5.87218345061e-8,"var":3.03414646332e-17},"spectral_energy":{"dmean":0.00607247836888,"dmean2":0.00937290210277,"dvar":0.0000716340873623,"dvar2":0.000164418699569,"max":0.227696314454,"mean":0.0265357624739,"median":0.0206095203757,"min":9.978961507e-21,"var":0.000484102638438},"spectral_energyband_high":{"dmean":0.0000809497869341,"dmean2":0.000112911744509,"dvar":6.33232986047e-8,"dvar2":1.15383755883e-7,"max":0.00918546505272,"mean":0.000182482035598,"median":0.0000313490490953,"min":7.16130322848e-21,"var":1.71339976873e-7},"spectral_energyband_low":{"dmean":0.00410696305335,"dmean2":0.00664087897167,"dvar":0.0000274942449323,"dvar2":0.0000704298508936,"max":0.0887887701392,"mean":0.0130944894627,"median":0.00937293563038,"min":6.31158104493e-24,"var":0.000138357107062},"spectral_energyband_middle_high":{"dmean":0.00123257178348,"dmean2":0.00170462660026,"dvar":0.00000883841221366,"dvar2":0.0000169562699739,"max":0.0875382348895,"mean":0.00456168223172,"median":0.000767649384215,"min":1.0989973923e-21,"var":0.0000814904269646},"spectral_energyband_middle_low":{"dmean":0.0033238818869,"dmean2":0.00523481750861,"dvar":0.0000396813520638,"dvar2":0.0000922756880755,"max":0.180583104491,"mean":0.00972476880997,"median":0.00616861693561,"min":1.63093962929e-22,"var":0.000118171439681},"spectral_entropy":{"dmean":0.17406205833,"dmean2":0.262056350708,"dvar":0.0366573296487,"dvar2":0.0785644575953,"max":9.81883525848,"mean":6.95677614212,"median":6.96593666077,"min":5.16141223907,"var":0.386333316565},"spectral_flux":{"dmean":0.0173491146415,"dmean2":0.0273754633963,"dvar":0.000366703316104,"dvar2":0.000811359379441,"max":0.379837840796,"mean":0.0609193667769,"median":0.0516154170036,"min":6.30459504047e-11,"var":0.00172325456515},"spectral_kurtosis":{"dmean":2.63946580887,"dmean2":4.29651975632,"dvar":7.98257255554,"dvar2":20.0779418945,"max":47.4574966431,"mean":8.97640132904,"median":7.22985267639,"min":-1.26244747639,"var":42.0375480652},"spectral_rms":{"dmean":0.000562528846785,"dmean2":0.000871644238941,"dvar":3.61167280971e-7,"dvar2":8.3716406607e-7,"max":0.0149044534191,"mean":0.00463539501652,"median":0.00448406627402,"min":3.1201879188e-12,"var":0.00000440180701844},"spectral_rolloff":{"dmean":137.834701538,"dmean2":233.620742798,"dvar":126939.570312,"dvar2":259262.453125,"max":19659.8144531,"mean":821.784667969,"median":409.130859375,"min":64.599609375,"var":3306462.25},"spectral_skewness":{"dmean":0.286420792341,"dmean2":0.451498478651,"dvar":0.0900046303868,"dvar2":0.20259180665,"max":5.73636198044,"mean":2.22329258919,"median":2.07590150833,"min":-0.0889674350619,"var":0.746347129345},"spectral_spread":{"dmean":460483.9375,"dmean2":704833,"dvar":506124206080,"dvar2":1059521167360,"max":42993436,"mean":3977393.75,"median":3359393.75,"min":1356932,"var":13528740134900},"spectral_strongpeak":{"dmean":0.370563477278,"dmean2":0.644607067108,"dvar":0.966765105724,"dvar2":2.44958496094,"max":14.3893041611,"mean":0.742358326912,"median":0.315241724253,"min":0,"var":1.905159235},"zerocrossingrate":{"dmean":0.00463871657848,"dmean2":0.00587244378403,"dvar":0.0000554944890609,"dvar2":0.0000842456647661,"max":0.5205078125,"mean":0.0322965793312,"median":0.0234375,"min":0,"var":0.00236283522099}},"metadata":{"audio_properties":{"analysis_sample_rate":44100,"bit_rate":0,"codec":"flac","downmix":"mix","equal_loudness":0,"length":254.199996948,"lossless":true,"md5_encoded":"2908fbe07eaddab55f449b8633e0e1f6","replay_gain":-8.31854438782},"tags":{"acoustid_id":["e0adf823-7142-44ee-b970-dcb62f6db788"],"album":["Crown of Creation"],"albumartist":["Jefferson Airplane"],"albumartistsort":["Jefferson Airplane"],"artist":["Jefferson Airplane"],"artists":["Jefferson Airplane"],"artistsort":["Jefferson Airplane"],"asin":["B0000A0DRZ"],"barcode":["828765322621"],"catalognumber":["82876 53226 2"],"date":["2003-08-19"],"file_name":"02 - In Time.flac","label":["BMG Heritage"],"media":["CD"],"musicbrainz_albumartistid":["39c2a93d-9afa-4a22-9bba-c087ab056e1c"],"musicbrainz_albumid":["2c792340-9116-4293-9d4f-e36a313972f8"],"musicbrainz_artistid":["39c2a93d-9afa-4a22-9bba-c087ab056e1c"],"musicbrainz_recordingid":["a29b82c6-2574-46e9-8839-7db5cefab4f3"],"musicbrainz_releasegroupid":["8b2b0602-018e-3877-abe8-d21f22a0f59b"],"musicbrainz_releasetrackid":["c2658bcd-ef61-368f-881f-d5f8df0e3782"],"originaldate":["1968"],"releasecountry":["US"],"releasestatus":["official"],"releasetype":["album"],"script":["Latn"],"title":["In Time"],"totaltracks":["15"],"tracknumber":["2"],"tracktotal":["15"]},"version":{"essentia":"2.1-beta1","essentia_build_sha":"5b9e781ab008b0f974ccb13a0d9a9891710afc4b","essentia_git_sha":"v2.1_beta1-9-geaa627a","extractor":"music 1.0"}},"rhythm":{"beats_count":428,"beats_loudness":{"dmean":0.0195576064289,"dmean2":0.0336803309619,"dvar":0.000393685331801,"dvar2":0.00114646751899,"max":0.169825017452,"mean":0.0332441031933,"median":0.0269541181624,"min":0,"var":0.000731624895707},"beats_loudness_band_ratio":{"dmean":[0.188195437193,0.125436395407,0.102886304259,0.0751297473907,0.0444541051984,0.0115959206596],"dmean2":[0.325753360987,0.213453173637,0.