{"lowlevel":{"average_loudness":0.892213344574,"barkbands":{"dmean":[0.0000125629694594,0.0000213058392546,0.000143341312651,0.000470579048852,0.00193846703041,0.00202568992972,0.00170329841785,0.00111907359678,0.000643545819912,0.000216442349483,0.000109125219751,0.000171165389474,0.000276704900898,0.000126473969431,0.000202978189918,0.000182844843948,0.0000922237377381,0.000144302903209,0.0000710347376298,0.0000487571924168,0.0000165836700035,0.0000294211422442,0.0000177230904228,0.0000225062794925,0.00000448357741334,1.94574269585e-7,7.13591186141e-9],"dmean2":[0.0000223493480007,0.000024818968086,0.000184398260899,0.000680887955241,0.00276603200473,0.002873521531,0.0023493275512,0.00159209489357,0.000976057897788,0.000336839759257,0.000174985092599,0.000274488964351,0.0004331083328,0.000206234661164,0.000328151916619,0.000302568136249,0.000149159750436,0.000234983526752,0.000117889168905,0.0000805514791864,0.0000251484398177,0.0000423309393227,0.0000251892815868,0.0000263596957666,0.00000623651385467,2.70376744993e-7,1.08483408923e-8],"dvar":[2.27270716135e-10,2.4592015091e-9,9.73391252046e-8,8.32178557175e-7,0.00000898311736819,0.0000175097229658,0.00000901927069208,0.00000479445543533,0.00000207417838283,2.68858855179e-7,1.05550192586e-7,2.02937357585e-7,8.6165960056e-7,1.44762324794e-7,6.02726458965e-7,2.01775662845e-7,3.80110165565e-8,1.86945371183e-7,2.03946974864e-8,1.18194192211e-8,5.24759080633e-9,2.34604282667e-8,1.18225385037e-8,2.59914010314e-8,1.53002965853e-9,1.65239154824e-12,6.13856529457e-16],"dvar2":[7.06147029739e-10,3.16884829488e-9,2.34653427356e-7,0.00000216582066059,0.0000213271487155,0.0000426678961958,0.0000203646868613,0.0000101033629107,0.00000517934449817,7.123350656e-7,2.66073556077e-7,5.0152817721e-7,0.00000209702830034,3.58573174708e-7,0.00000161169907642,5.67010431496e-7,9.83020598255e-8,5.13554539339e-7,5.26984855753e-8,3.28479821121e-8,1.06895825525e-8,4.0216011854e-8,2.55286352058e-8,3.25505915555e-8,2.95124458205e-9,3.49460976649e-12,1.05433197912e-15],"max":[0.000242775655352,0.00134246703237,0.00405864184722,0.0190678015351,0.053352560848,0.0975515693426,0.0531118884683,0.0529623776674,0.0276447180659,0.0140944309533,0.00832716468722,0.0110737271607,0.0274848937988,0.00940909702331,0.0204919893295,0.00856929365546,0.0031285234727,0.011467223987,0.00259598414414,0.00226750341244,0.00234292331152,0.0056613846682,0.004746011924,0.00691262865439,0.00160956091713,0.0000523283451912,9.6953033335e-7],"mean":[0.0000513408594998,0.0000807379401522,0.000483555486426,0.00108472292777,0.0054825739935,0.00501924240962,0.00397429056466,0.00242806272581,0.00131466938183,0.000426280079409,0.000191882892977,0.000313108728733,0.000509249512106,0.000242866837652,0.000350311078364,0.000364165985957,0.000210445112316,0.000334631535225,0.000183910160558,0.000125134087284,0.0000407946536143,0.0000755621513235,0.0000485677701363,0.0000551735756744,0.0000100664829006,5.00703549733e-7,3.51651650021e-8],"median":[0.0000536779552931,0.0000050035168897,0.000131018168759,0.000486554228701,0.00351977464743,0.00310684065334,0.00168870354537,0.000546229828615,0.000233409096836,0.000127908308059,0.0000404494167014,0.0000641295919195,0.000063953375502,0.0000423249693995,0.0000440915173385,0.0000772672065068,0.0000730228639441,0.0000807875185274,0.0000804118390079,0.0000560046137252,0.00000908237416297,0.0000164978355315,0.0000139060630318,0.00000693165202392,0.00000155320708473,2.1427216268e-7,2.86957444473e-8],"min":[1.37760278714e-24,7.03571788503e-24,4.30412607308e-24,1.70184355185e-24,1.33536670096e-23,6.8277725727e-24,5.0510759817e-24,6.33922667536e-24,1.6245093085e-23,2.42967486423e-23,8.00156210092e-24,2.44680292775e-23,4.40998836666e-23,4.11792050511e-23,5.4125494823e-23,8.97736963005e-23,5.84912656426e-23,1.38939307068e-22,1.39517283365e-22,1.51686100228e-22,2.04327583605e-22,3.61363498678e-22,3.9174802261e-22,7.34022172855e-22,9.34942192893e-22,1.33997362341e-21,1.98490267866e-21],"var":[4.44370457098e-10,3.32040208662e-8,5.08937034738e-7,0.00000226751603805,0.0000366981876141,0.0000476142267871,0.0000327076049871,0.0000222433609451,0.00000631281500318,9.9982150914e-7,2.39314118744e-7,5.66270671243e-7,0.00000225092571782,4.01560839691e-7,0.00000136471282985,6.05755701599e-7,1.36024794983e-7,5.8579121287e-7,7.64689289667e-8,3.52655753488e-8,2.44727740295e-8,1.09184753683e-7,4.82323869733e-8,1.49540667849e-7,5.27742072265e-9,3.43591236192e-12,2.81082123722e-15]},"barkbands_crest":{"dmean":2.22327446938,"dmean2":3.46418452263,"dvar":4.43094968796,"dvar2":10.3972005844,"max":26.4300441742,"mean":11.5679512024,"median":10.7157764435,"min":3.63167905807,"var":19.7916545868},"barkbands_flatness_db":{"dmean":0.0154065443203,"dmean2":0.0228148233145,"dvar":0.000260387110757,"dvar2":0.000540695677046,"max":0.40956389904,"mean":0.19202747941,"median":0.191284954548,"min":0.0449728220701,"var":0.00254027615301},"barkbands_kurtosis":{"dmean":4.12420415878,"dmean2":6.42334318161,"dvar":100.477920532,"dvar2":260.687957764,"max":299.909973145,"mean":10.0441427231,"median":5.73883914948,"min":-1.84666073322,"var":262.842193604},"barkbands_skewness":{"dmean":0.49823307991,"dmean2":0.744404613972,"dvar":0.355354458094,"dvar2":0.795732915401,"max":11.6430387497,"mean":2.16853475571,"median":2.03372216225,"min":-4.96255588531,"var":2.51318788528},"barkbands_spread":{"dmean":2.97975945473,"dmean2":4.38179969788,"dvar":22.9815979004,"dvar2":46.4709815979,"max":82.0134811401,"mean":13.0847406387,"median":9.4286737442,"min":0.34079131484,"var":139.956054688},"dissonance":{"dmean":0.0203351732343,"dmean2":0.03434721753,"dvar":0.00050039117923,"dvar2":0.00137117714621,"max":0.5,"mean":0.446482419968,"median":0.454527586699,"min":0.0441483259201,"var":0.00136958609801},"dynamic_complexity":5.30533647537,"erbbands":{"dmean":[0.000284579815343,0.0076765329577,0.118034906685,0.855903863907,3.40574169159,7.24561262131,15.0447444916,18.2978382111,23.808095932,24.1194267273,16.8638343811,15.4278812408,9.97107696533,4.29818725586,6.27555990219,5.83110666275,13.2053050995,6.63239431381,8.31599712372,9.80076885223,7.07006835938,6.01945495605,8.34263515472,2.59089398384,4.13123416901,2.14817786217,0.69335013628,0.733107328415,1.11214542389,0.769822359085,0.481147527695,0.547778785229,0.322425305843,0.090468339622,0.0103005133569,0.00177419302054,0.000202434326638,0.0000250561752182,0.00000345876333085,0.0000055130049077],"dmean2":[0.000432540546171,0.0086704287678,0.145352214575,1.21429109573,5.19732189178,10.0839595795,20.784029007,26.1559848785,32.3475494385,35.4496040344,23.705488205,23.890247345,15.5172929764,6.32939100266,10.327881813,9.19347763062,20.4680633545,10.586107254,13.6217880249,15.6855640411,11.6600551605,9.75520515442,13.6089677811,4.15492248535,6.74524784088,3.54059147835,1.07491183281,1.0620303154,1.60892081261,1.08669221401,0.68255096674,0.714854598045,0.412612497807,0.122309431434,0.0130600323901,0.00236802874133,0.000280440755887,0.0000346069100488,0.00000480968401462,0.00000791333513916],"dvar":[2.44948040518e-7,0.000289794726996,0.0535073280334,2.65377211571,42.8809280396,161.155975342,492.780395508,2163.76391602,1560.56518555,2196.38232422,1065.32958984,1412.77404785,547.313781738,165.697189331,366.948516846,198.704696655,2096.43725586,343.350006104,876.675170898,699.153686523,251.601211548,172.042526245,605.285461426,21.3605537415,68.7569656372,23.5523071289,6.96461582184,13.5889720917,43.6303634644,12.777973175,10.5888929367,15.4537067413,6.4325876236,0.577336072922,0.00494400551543,0.000128295272589,0.00000104939942958,1.34329996015e-8,6.71450256506e-11,4.72700871501e-11],"dvar2":[5.36396385087e-7,0.000400044023991,0.119562327862,7.25961637497,108.995758057,384.43157959,1122.26672363,5318.09765625,3579.29125977,5207.45263672,2145.66625977,3618.40527344,1404.11120605,346.598388672,937.057983398,500.965301514,4988.29394531,830.023925781,2397.38818359,1899.54602051,678.298583984,460.197052002,1645.12670898,54.8030738831,180.724334717,64.9771194458,16.4453468323,25.2384281158,90.8926773071,20.4486560822,21.7086486816,25.5714569092,9.70134162903,0.962558209896,0.00715278834105,0.000228053540923,0.00000192952961697,2.38747492887e-8,9.86285220161e-11,1.076916889e-10],"max":[0.00862806104124,0.431832104921,3.81771445274,23.7790431976,153.597351074,258.768127441,318.192840576,1061.80456543,583.54284668,927.210327148,785.823364258,668.471130371,480.835845947,322.286254883,513.295715332,236.297653198,1471.08837891,355.693817139,713.957580566,455.290802002,265.558410645,276.102386475,660.416809082,132.296295166,149.019958496,111.169235229,66.5517425537,128.879013062,258.502197266,116.846107483,154.387771606,161.896728516,114.360862732,33.9478263855,3.18539023399,0.496678084135,0.0443815104663,0.00524321151897,0.000354672549292,0.000132737884996],"mean":[0.000766857760027,0.0312950462103,0.431326150894,2.08727359772,7.71333885193,19.2736549377,36.628162384,44.7240791321,59.0919723511,52.8996696472,40.9977226257,31.1632595062,21.4476146698,9.37346363068,11.3711605072,11.7555732727,24.7245483398,14.2240600586,15.8721694946,19.1608657837,15.958193779,14.7906188965,19.9136714935,7.4334487915,11.0408277512,5.91451644897,1.84767246246,1.8024212122,2.64090180397,2.17723870277,1.32159924507,1.30281102657,0.761100649834,0.210613250732,0.0264803115278,0.00444785645232,0.000608058995567,0.0000829436467029,0.000019266281015,0.0000279039686575],"median":[0.00040232684114,0.00368155888282,0.125902935863,1.19644796848,4.24089717865,11.5647621155,23.9327507019,26.8847522736,28.8679504395,14.9553642273,12.0952596664,5.73795413971,5.59546422958,2.81066036224,1.98213994503,2.78942131996,3.80692911148,3.24025654793,2.98321652412,3.35011720657,4.63734722137,5.10521459579,4.70420265198,4.01608324051,5.25793170929,2.64057850838,0.49958884716,0.441089689732,0.55191218853,0.602608501911,0.347336024046,0.195772081614,0.0817312821746,0.0275519471616,0.0058167395182,0.00147070328239,0.000313581520459,0.0000470038394269,0.0000173002135853,0.0000274332742265],"min":[8.25013958745e-23,5.49887800214e-22,5.95086778537e-21,7.80493941013e-21,1.20672662051e-20,1.78286324859e-20,4.56991471353e-20,6.8778904711e-20,1.09156653563e-19,2.57195939945e-19,2.68061887869e-19,3.12471224554e-19,6.551373849e-19,9.47415553888e-19,8.99905711623e-19,1.08780878335e-18,1.90043918553e-18,2.16424217892e-18,2.90941362401e-18,3.81995935985e-18,4.83013879368e-18,4.38729234991e-18,6.309586888e-18,6.98343509835e-18,8.0121648846e-18,8.15408260793e-18,8.8374363643e-18,1.00409378334e-17,1.20053371055e-17,1.29496696538e-17,1.26491326034e-17,1.13208534204e-17,1.13487724204e-17,8.45461138654e-18,7.45647818397e-18,3.85855891595e-18,2.39389357316e-18,1.03547895966e-18,2.44015747463e-19,2.8679663694e-20],"var":[8.69744667398e-7,0.0036645361688,0.366760849953,7.64936876297,111.763450623,554.23449707,1629.98168945,4906.56396484,5758.09619141,7327.88525391,5527.48242188,3747.82250977,1911.45617676,687.537109375,848.723693848,591.95111084,5384.32080078,1028.64111328,1977.71923828,1835.9609375,886.747924805,655.752258301,1945.57226562,99.1014709473,253.498504639,74.7388000488,29.144744873,63.0011024475,150.192016602,67.8295898438,44.4139785767,73.1681594849,32.1729888916,2.45345067978,0.0244650915265,0.000379701989004,0.00000363912613466,6.48249951496e-8,4.41555236819e-10,3.74929393088e-10]},"erbbands_crest":{"dmean":2.4276740551,"dmean2":3.82959461212,"dvar":5.47973966599,"dvar2":13.4701471329,"max":28.8192996979,"mean":10.6233577728,"median":9.85171222687,"min":1.73537516594,"var":18.1877098083},"erbbands_flatness_db":{"dmean":0.0130218137056,"dmean2":0.0192010141909,"dvar":0.000190569116967,"dvar2":0.000391728943214,"max":0.387107998133,"mean":0.218336001039,"median":0.224174052477,"min":0.0227163359523,"var":0.00223919400014},"erbbands_kurtosis":{"dmean":1.46876752377,"dmean2":2.29691410065,"dvar":8.40684509277,"dvar2":20.3195095062,"max":97.5511856079,"mean":1.881300807,"median":0.400740861893,"min":-1.8324021101,"var":23.4941234589},"erbbands_skewness":{"dmean":0.395892471075,"dmean2":0.594878077507,"dvar":0.15430764854,"dvar2":0.3382204175,"max":8.10573863983,"mean":0.994292736053,"median":0.995499432087,"min":-3.20172691345,"var":1.14924931526},"erbbands_spread":{"dmean":5.37558364868,"dmean2":8.1661272049,"dvar":41.5218658447,"dvar2":92.0951843262,"max":114.851593018,"mean":32.0291976929,"median":30.5966835022,"min":2.12333726883,"var":294.329071045},"gfcc":{"cov":[[33092.03125,3543.26513672,-5237.81298828,531.490661621,-2650.51245117,-1052.7545166,-1646.00683594,-500.248779297,-482.072540283,-934.580566406,-64.1709365845,-787.460693359,-427.062866211],[3543.26513672,1456.56469727,-209.617904663,-110.471984863,-77.9984207153,-252.217391968,-106.835365295,-164.8387146,-129.041946411,-284.879486084,6.79313087463,-142.462432861,-133.087036133],[-5237.81298828,-209.617904663,1362.34350586,101.032371521,497.911804199,185.012542725,247.16027832,-4.71178627014,-11.446305275,50.1721496582,-31.1996555328,123.800109863,40.8079109192],[531.490661621,-110.471984863,101.032371521,651.355834961,194.618392944,-27.6366882324,-142.133377075,-33.5381851196,45.5231704712,-101.769073486,-137.799301147,-17.8086280823,16.8477420807],[-2650.51245117,-77.9984207153,497.911804199,194.618392944,508.918426514,52.2542991638,70.5177841187,25.3916511536,89.8719406128,10.1054325104,-71.1267089844,38.9891433716,13.4655065536],[-1052.7545166,-252.217391968,185.012542725,-27.6366882324,52.2542991638,267.758544922,168.080627441,20.525220871,-18.4094753265,102.969306946,28.1935749054,5.81695175171,-30.8295097351],[-1646.00683594,-106.835365295,247.16027832,-142.133377075,70.5177841187,168.080627441,287.584686279,62.4724311829,-30.5797710419,65.5084991455,45.0907936096,17.7761287689,-25.5860691071],[-500.248779297,-164.8387146,-4.71178627014,-33.5381851196,25.3916511536,20.525220871,62.4724311829,154.224655151,71.2815704346,57.8211631775,-9.54935836792,13.5037155151,16.4547119141],[-482.072540283,-129.041946411,-11.446305275,45.5231704712,89.8719406128,-18.4094753265,-30.5797710419,71.2815704346,166.727081299,76.7716522217,-26.3239421844,13.7506027222,25.599407196],[-934.580566406,-284.879486084,50.1721496582,-101.769073486,10.1054325104,102.969306946,65.5084991455,57.8211631775,76.7716522217,193.733306885,48.9663085938,34.1753501892,16.3120517731],[-64.1709365845,6.79313087463,-31.1996555328,-137.799301147,-71.1267089844,28.1935749054,45.0907936096,-9.54935836792,-26.3239421844,48.9663085938,111.416770935,24.8783855438,-18.7147769928],[-787.460693359,-142.462432861,123.800109863,-17.8086280823,38.9891433716,5.81695175171,17.7761287689,13.5037155151,13.7506027222,34.1753501892,24.8783855438,108.488693237,48.7509841919],[-427.062866211,-133.087036133,40.8079109192,16.8477420807,13.4655065536,-30.8295097351,-25.5860691071,16.4547119141,25.599407196,16.3120517731,-18.7147769928,48.7509841919,104.994064331]],"icov":[[0.000886018504389,-0.00220006750897,0.00207937485538,-0.00193906074855,0.00286116707139,-0.00184294302016,0.00240674056113,-0.00126032182015,0.00124229409266,-0.000769198231865,0.000894693657756,-0.000647916749585,0.000470959581435],[-0.00220006750897,0.00700377393514,-0.00521394703537,0.00537577318028,-0.00734708784148,0.00572518678382,-0.00622178288177,0.00412561697885,-0.00343802780844,0.00364759634249,-0.00281823636033,0.00282833678648,0.0000094296729003],[0.00207937485538,-0.00521394703537,0.00647319853306,-0.00460830563679,0.00534633547068,-0.00450489996001,0.00468721566722,-0.00237549096346,0.00373871787451,-0.00223186681978,0.00270310440101,-0.00279651442543,0.000793906918261],[-0.00193906074855,0.00537577318028,-0.00460830563679,0.0071792146191,-0.0071042329073,0.00305746193044,-0.00364016718231,0.00318634184077,-0.00339866499417,0.00373277883045,-0.000309053721139,0.00158557819668,-0.000554002646822],[0.00286116707139,-0.00734708784148,0.00534633547068,-0.0071042329073,0.0136534394696,-0.00601819343865,0.00681826239452,-0.00367192202248,0.00118235999253,-0.00204258901067,0.00414903974161,-0.00283350911923,0.00218997010961],[-0.00184294302016,0.00572518678382,-0.00450489996001,0.00305746193044,-0.00601819343865,0.0136060379446,-0.00971312075853,0.00455121090636,-0.000299639068544,-0.00296172010712,-0.000877583399415,0.00256283767521,0.00189471221529],[0.00240674056113,-0.00622178288177,0.00468721566722,-0.00364016718231,0.00681826239452,-0.00971312075853,0.0157569404691,-0.00781405996531,0.00539655005559,-0.00104667770211,0.000667339831125,-0.00142629363108,0.00163119169883],[-0.00126032182015,0.00412561697885,-0.00237549096346,0.00318634184077,-0.00367192202248,0.00455121090636,-0.00781405996531,0.0132223861292,-0.00636169314384,0.000933760835323,0.000967199972365,0.000679686956573,-0.000391170469811],[0.00124229409266,-0.00343802780844,0.00373871787451,-0.00339866499417,0.00118235999253,-0.000299639068544,0.00539655005559,-0.00636169314384,0.0157534573227,-0.00867839809507,0.00378309749067,-0.00122839794494,0.000611820665654],[-0.000769198231865,0.00364759634249,-0.00223186681978,0.00373277883045,-0.00204258901067,-0.00296172010712,-0.00104667770211,0.000933760835323,-0.00867839809507,0.0160243920982,-0.00639159977436,0.00148240977433,-0.00144697225187],[0.000894693657756,-0.00281823636033,0.00270310440101,-0.000309053721139,0.00414903974161,-0.000877583399415,0.000667339831125,0.000967199972365,0.00378309749067,-0.00639159977436,0.0188325308263,-0.00703978864476,0.00498325331137],[-0.000647916749585,0.00282833678648,-0.00279651442543,0.00158557819668,-0.00283350911923,0.00256283767521,-0.00142629363108,0.000679686956573,-0.00122839794494,0.00148240977433,-0.00703978864476,0.0169934518635,-0.00663201138377],[0.000470959581435,0.0000094296729003,0.000793906918261,-0.000554002646822,0.00218997010961,0.00189471221529,0.00163119169883,-0.000391170469811,0.000611820665654,-0.00144697225187,0.00498325331137,-0.00663201138377,0.016009811312]],"mean":[-99.321182251,110.990188599,-133.455383301,22.4140338898,-81.0481338501,-20.9209423065,-56.7495918274,-10.639128685,-18.4215106964,-12.936788559,-5.38555145264,-8.25109386444,-10.7681045532]},"hfc":{"dmean":2.81648278236,"dmean2":4.05999803543,"dvar":17.5253200531,"dvar2":33.0623855591,"max":129.995056152,"mean":14.8576154709,"median":13.0553369522,"min":1.02049907445e-16,"var":180.044296265},"melbands":{"dmean":[0.00000408049072576,0.0000437257294834,0.000216403946979,0.000327109533828,0.000499277259223,0.000401613797294,0.000362192222383,0.000275188445812,0.000126963423099,0.000099306795164,0.0000493245497637,0.0000177931724465,0.0000178756126843,0.0000180570223165,0.0000236887335632,0.0000256742277998,0.0000124472953758,0.0000124515636344,0.0000175896657311,0.000013917430806,0.00000753531958253,0.00000654587529425,0.00000935500429478,0.00000536677453056,0.0000020838481305,0.00000317488388646,0.00000303218257613,0.00000125603389733,4.45206183031e-7,3.88604803447e-7,5.13713416694e-7,6.80667483266e-7,6.3135507844e-7,4.17713010847e-7,3.30405470095e-7,2.76610762739e-7,3.89004298995e-7,2.71440768529e-7,1.60425216222e-7,5.47582459376e-8],"dmean2":[0.0000053853150348,0.0000533505844942,0.000319661427056,0.000476725690532,0.000687655759975,0.000570319010876,0.000496279273648,0.000399428477976,0.000180627554073,0.000153119093738,0.0000765980657889,0.0000262109297182,0.0000293087014143,0.0000290591124212,0.0000370434245269,0.0000402592304454,0.0000201164093596,0.0000205892338272,0.0000282637756754,0.0000229477609537,0.0000124020616568,0.0000105651179183,0.0000155487578013,0.000008621719644,0.00000339859525411,0.00000520439652973,0.00000500135638504,0.00000205086803362,7.06607863776e-7,5.9128740304e-7,7.78032074322e-7,0.00000102374929156,9.27032090203e-7,6.20137939222e-7,5.01561316923e-7,3.56067005214e-7,5.10596976255e-7,3.76865386897e-7,2.30828604231e-7,7.94715404595e-8],"dvar":[5.50915840725e-11,7.69394770117e-9,1.52979922063e-7,3.54811874104e-7,4.8923010354e-7,8.95361608855e-7,3.73642649265e-7,2.68087774202e-7,6.34799590671e-8,6.01258562938e-8,1.33880293518e-8,2.80373968486e-9,2.87889689865e-9,2.71082556402e-9,4.85035878128e-9,8.90625706518e-9,1.38178757325e-9,1.55513957267e-9,4.23067181288e-9,1.58404955819e-9,4.23820534223e-10,1.84938675485e-10,1.10169806611e-9,1.79979850468e-10,1.68331043549e-11,4.47031404949e-11,3.85779568013e-11,1.0203744967e-11,3.14390549185e-12,3.26385554868e-12,7.4658985591e-12,1.84657809876e-11,9.71092650737e-12,4.03042269698e-12,5.46332206905e-12,3.81703089275e-12,7.8931366651e-12,4.72246113742e-12,1.82562602188e-12,2.10739276507e-13],"dvar2":[8.07523006796e-11,1.67316365207e-8,3.85392525004e-7,9.37566312587e-7,0.00000110114694962,0.00000220867559619,8.66663867782e-7,6.17930595581e-7,1.31238437007e-7,1.51426448269e-7,3.42467423309e-8,5.93071103339e-9,7.44776196271e-9,6.73867717182e-9,1.22946168801e-8,2.23255103293e-8,3.34254646184e-9,4.2192538352e-9,1.11635065636e-8,4.52003501294e-9,1.12761977533e-9,4.77452077874e-10,3.14047210459e-9,4.49180331819e-10,4.4058298676e-11,1.1284647522e-10,1.04410279034e-10,2.89029251921e-11,7.82081257394e-12,7.88344042824e-12,1.49030579544e-11,4.18920488576e-11,1.95268922559e-11,8.39321580987e-12,1.37217598395e-11,6.383367359e-12,1.42876006165e-11,8.17633460937e-12,3.48403185642e-12,4.14095244639e-13],"max":[0.000192308652913,0.00142367568333,0.0096122296527,0.0122026586905,0.0103790694848,0.0225565675646,0.00995341874659,0.00879703648388,0.00710403174162,0.00449846079573,0.00231025577523,0.0013788837241,0.00115861557424,0.00134962983429,0.00151524483226,0.00276711490005,0.000768825993873,0.000856192025822,0.0017981036799,0.000736872956622,0.000423675897764,0.000246307259658,0.000947254477069,0.000275962695014,0.000128252766444,0.000148043385707,0.000122755838674,0.0000914701449801,0.0000442370765086,0.0000522480950167,0.0000936490832828,0.000153397792019,0.000106098705146,0.0000731598775019,0.000108372056275,0.0000906476052478,0.0000960088800639,0.0000832559526316,0.000061491082306,0.0000184570926649],"mean":[0.0000145921567309,0.000159440096468,0.000530986580998,0.00088614562992,0.00128144957125,0.00101515790448,0.000875710393302,0.000596911006141,0.00030245113885,0.000196129098185,0.000102016434539,0.0000364025218005,0.0000321108018397,0.0000337685851264,0.0000419301431975,0.0000494458145113,0.0000241175875999,0.0000223811821343,0.0000303281503875,0.0000268260027951,0.0000158038419613,0.0000140651172842,0.0000203095096367,0.0000126877130242,0.00000492776598549,0.00000764148535382,0.0000076460191849,0.00000298249028674,0.00000105359731606,8.4690333324e-7,0.00000113274097657,0.00000147597506839,0.00000151057622588,0.00000107444930109,7.42322583847e-7,7.34364675736e-7,8.20264858703e-7,5.79275763357e-7,3.52298513917e-7,1.13715024952e-7],"median":[0.00000406189792557,0.0000351017079083,0.000329453439917,0.000540094159078,0.000916152028367,0.000622299849056,0.000417533010477,0.000125693812151,0.0000772745988797,0.0000321440020343,0.000025830047889,0.0000103529710032,0.00000582419261264,0.00000688161389917,0.00000734282457415,0.00000687996089255,0.00000437542485088,0.00000385607063436,0.00000355059569301,0.00000429116698797,0.00000452707399745,0.00000459131524622,0.00000443737280875,0.00000303875049212,0.00000247806997322,0.0000031190622849,0.00000342951193488,0.00000105159244868,2.02510662461e-7,1.55978511884e-7,2.55492466295e-7,2.76020983847e-7,3.25158964642e-7,3.23840367855e-7,2.03178657898e-7,1.28144961309e-7,1.05984184984e-7,5.32291721811e-8,3.65564112315e-8,1.63702313927e-8],"min":[1.49737218573e-24,2.23532848838e-24,1.41226553254e-24,2.25031940938e-24,1.73545099857e-24,1.47856041693e-24,2.02847495953e-24,2.55700289135e-24,1.77353523092e-24,2.14255785428e-24,3.02081898538e-24,3.94133604252e-24,2.07575119637e-24,3.92712668546e-24,2.81608907009e-24,2.77318647533e-24,3.83203581423e-24,3.47916886499e-24,4.59812624942e-24,4.66733025562e-24,5.1392485428e-24,3.50087358394e-24,3.3107920268e-24,6.70320906918e-24,5.12984808182e-24,5.57789307142e-24,4.22876500751e-24,4.13193193697e-24,5.53091522123e-24,5.36448489732e-24,5.782204496e-24,5.79668324906e-24,6.40917733841e-24,6.01077260456e-24,6.22755670891e-24,5.51671888038e-24,7.46986353992e-24,6.70471106034e-24,6.91600903153e-24,6.47815060279e-24],"var":[6.77433775742e-10,5.32489679017e-8,4.72765151471e-7,0.00000118717184705,0.00000179144399226,0.00000217932324631,0.00000134252854878,0.00000100071815723,3.1197981798e-7,1.63134004083e-7,4.64106939546e-8,1.11161222449e-8,6.38797770236e-9,7.56245110978e-9,1.18608918243e-8,2.26849170559e-8,3.77992570577e-9,3.51517814856e-9,9.93972371077e-9,4.37304858991e-9,1.22004994996e-9,6.32694119318e-10,2.83278978053e-9,6.71894317961e-10,5.47582083843e-11,1.56057833323e-10,1.24964621984e-10,2.59177089512e-11,1.1042403103e-11,1.16282773341e-11,2.74048214677e-11,5.32251985541e-11,3.77404774099e-11,1.57485482988e-11,1.43574683392e-11,1.86575303818e-11,3.23961447946e-11,1.93630025208e-11,7.35434282917e-12,6.96390536382e-13]},"melbands_crest":{"dmean":2.79296040535,"dmean2":4.41106271744,"dvar":6.89925098419,"dvar2":16.6226100922,"max":33.9842300415,"mean":13.6741361618,"median":12.918923378,"min":1.60105085373,"var":26.0509681702},"melbands_flatness_db":{"dmean":0.0174611378461,"dmean2":0.0250112935901,"dvar":0.000375848438125,"dvar2":0.000691407709382,"max":0.48340728879,"mean":0.244191452861,"median":0.248777657747,"min":0.0034303420689,"var":0.00538882892579},"melbands_kurtosis":{"dmean":6.61416149139,"dmean2":10.4254369736,"dvar":198.057357788,"dvar2":509.788482666,"max":358.585571289,"mean":17.6387214661,"median":12.0420475006,"min":-1.84917426109,"var":444.63293457},"melbands_skewness":{"dmean":0.580247104168,"dmean2":0.880474746227,"dvar":0.479008316994,"dvar2":1.06935417652,"max":14.1112756729,"mean":2.88424611092,"median":2.67780995369,"min":-2.10006356239,"var":2.39889144897},"melbands_spread":{"dmean":4.48249340057,"dmean2":6.6474943161,"dvar":99.5530090332,"dvar2":201.940261841,"max":200.017654419,"mean":17.1603431702,"median":9.7225856781,"min":0.48481208086,"var":603.073486328},"mfcc":{"cov":[[15625.8828125,1796.00769043,-1585.85009766,111.33366394,-782.358276367,-839.749206543,-936.289306641,-158.770599365,-907.198974609,-82.073600769,-335.58102417,-427.809173584,-144.058197021],[1796.00769043,1763.48120117,23.4663944244,-8.26798915863,-95.2884216309,-160.831375122,-38.3767471313,16.1716117859,-260.60269165,-93.0342559814,-59.2952919006,-87.6534805298,-0.444128602743],[-1585.85009766,23.4663944244,600.522705078,94.7540512085,100.089172363,167.376846313,160.759719849,21.6889152527,53.947429657,-70.1818847656,-13.5272769928,25.322725296,30.0508213043],[111.33366394,-8.26798915863,94.7540512085,534.210571289,331.424957275,41.7949104309,-121.618217468,64.7426147461,71.4428939819,-36.2547302246,-126.013977051,-137.095550537,31.5111274719],[-782.358276367,-95.2884216309,100.089172363,331.424957275,418.106414795,105.278907776,-83.3852157593,32.5628738403,99.4263381958,8.66268062592,-46.599571228,-89.1744918823,21.1501693726],[-839.749206543,-160.831375122,167.376846313,41.7949104309,105.278907776,265.397796631,121.412078857,21.6498851776,40.9113616943,23.3021202087,44.9343109131,0.538362503052,19.7327747345],[-936.289306641,-38.3767471313,160.759719849,-121.618217468,-83.3852157593,121.412078857,280.143341064,53.7193489075,15.7998857498,9.82813930511,37.4952087402,78.6127548218,8.967461586],[-158.770599365,16.1716117859,21.6889152527,64.7426147461,32.5628738403,21.6498851776,53.7193489075,126.288444519,32.0855331421,8.15743637085,-17.9094715118,-22.1788825989,25.2345790863],[-907.198974609,-260.60269165,53.947429657,71.4428939819,99.4263381958,40.9113616943,15.7998857498,32.0855331421,208.952316284,67.2286300659,8.41372013092,19.093044281,1.52644026279],[-82.073600769,-93.0342559814,-70.1818847656,-36.2547302246,8.66268062592,23.3021202087,9.82813930511,8.15743637085,67.2286300659,164.858291626,69.1586456299,16.490814209,8.62539863586],[-335.58102417,-59.2952919006,-13.5272769928,-126.013977051,-46.599571228,44.9343109131,37.4952087402,-17.9094715118,8.41372013092,69.1586456299,155.519973755,63.3521347046,-1.59469199181],[-427.809173584,-87.6534805298,25.322725296,-137.095550537,-89.1744918823,0.538362503052,78.6127548218,-22.1788825989,19.093044281,16.490814209,63.3521347046,150.670013428,11.3435935974],[-144.058197021,-0.444128602743,30.0508213043,31.5111274719,21.1501693726,19.7327747345,8.967461586,25.2345790863,1.52644026279,8.62539863586,-1.59469199181,11.3435935974,90.517250061]],"icov":[[0.000211423728615,-0.000102040270576,0.000318203674396,-0.000404496007832,0.000659468525555,-0.000178609843715,0.000541873218026,-0.0000761660994613,0.000640340498649,-0.000368119566701,0.000355877331458,0.00000687096826368,0.000253239530139],[-0.000102040270576,0.000835854269098,-0.000435805821326,0.000200155933271,-0.00041084876284,0.000724860408809,-0.000394564238377,-0.000246481242357,0.000738965638448,0.00000171504586888,-0.000244756549364,0.000392618967453,-0.000103649013909],[0.000318203674396,-0.000435805821326,0.00330552761443,-0.00117022311315,0.000743938435335,-0.00124941871036,-0.000826655421406,0.000912092102226,-0.00017888614093,0.0011886341963,0.000292648299364,-0.000164613709785,-0.00034403448808],[-0.000404496007832,0.000200155933271,-0.00117022311315,0.0061549548991,-0.00426518730819,0.000180639151949,0.000506569398567,-0.00159994210117,-0.00157496111933,0.000923658837564,0.00160157983191,0.00125824008137,-0.00123480451293],[0.000659468525555,-0.00041084876284,0.000743938435335,-0.00426518730819,0.00821009743959,-0.0028559374623,0.0033356398344,-0.0000794430961832,0.000362911145203,-0.0012794417562,0.000706145365257,0.000485578668304,0.000748664024286],[-0.000178609843715,0.000724860408809,-0.00124941871036,0.000180639151949,-0.0028559374623,0.00810687802732,-0.00458301138133,0.00131740258075,0.000181933806743,0.0000842522931634,-0.00310300220735,0.00252692820504,-0.00132444722112],[0.000541873218026,-0.000394564238377,-0.000826655421406,0.000506569398567,0.0033356398344,-0.00458301138133,0.0105101028457,-0.00500907655805,0.00198583654128,-0.00183333735913,0.0028166375123,-0.00372177874669,0.00219070212916],[-0.0000761660994613,-0.000246481242357,0.000912092102226,-0.00159994210117,-0.0000794430961832,0.00131740258075,-0.00500907655805,0.0121827730909,-0.00244768802077,0.000530697929207,-0.000710915715899,0.00319782877341,-0.00345955044031],[0.000640340498649,0.000738965638448,-0.00017888614093,-0.00157496111933,0.000362911145203,0.000181933806743,0.00198583654128,-0.00244768802077,0.0107953762636,-0.00498892227188,0.00226974580437,-0.00231037382036,0.00261444272473],[-0.000368119566701,0.00000171504586888,0.0011886341963,0.000923658837564,-0.0012794417562,0.0000842522931634,-0.00183333735913,0.000530697929207,-0.00498892227188,0.0108541883528,-0.00508825713769,0.0016252201749,-0.00223123189062],[0.000355877331458,-0.000244756549364,0.000292648299364,0.00160157983191,0.000706145365257,-0.00310300220735,0.0028166375123,-0.000710915715899,0.00226974580437,-0.00508825713769,0.0125570716336,-0.00399324949831,0.00150932371616],[0.00000687096826368,0.000392618967453,-0.000164613709785,0.00125824008137,0.000485578668304,0.00252692820504,-0.00372177874669,0.00319782877341,-0.00231037382036,0.0016252201749,-0.00399324949831,0.012794367969,-0.00334726879373],[0.000253239530139,-0.000103649013909,-0.00034403448808,-0.00123480451293,0.000748664024286,-0.00132444722112,0.00219070212916,-0.00345955044031,0.00261444272473,-0.00223123189062,0.00150932371616,-0.00334726879373,0.0134700415656]],"mean":[-718.807434082,131.822799683,-4.48510980606,21.3375930786,-7.89737939835,-17.2147426605,-27.164106369,-8.43782901764,-24.334854126,-5.37403964996,-5.81662893295,-9.07846355438,-0.943309187889]},"pitch_salience":{"dmean":0.057856824249,"dmean2":0.0916926413774,"dvar":0.00288943294436,"dvar2":0.0072982236743,"max":0.928473711014,"mean":0.56316781044,"median":0.574782788754,"min":0.10479824245,"var":0.0128318686038},"silence_rate_20dB":{"dmean":0,"dmean2":0,"dvar":0,"dvar2":0,"max":1,"mean":1,"median":1,"min":1,"var":0},"silence_rate_30dB":{"dmean":0,"dmean2":0,"dvar":0,"dvar2":0,"max":1,"mean":1,"median":1,"min":1,"var":0},"silence_rate_60dB":{"dmean":0.0143266478553,"dmean2":0.0286635607481,"dvar":0.0141218807548,"dvar2":0.0314255319536,"max":1,"mean":0.167919799685,"median":0,"min":0,"var":0.139723047614},"spectral_centroid":{"dmean":156.133605957,"dmean2":229.992141724,"dvar":100184.65625,"dvar2":165521.859375,"max":11703.0566406,"mean":1110.30163574,"median":791.883361816,"min":233.822738647,"var":1964220.5},"spectral_complexity":{"dmean":1.69340980053,"dmean2":2.74668574333,"dvar":2.77567124367,"dvar2":6.70291519165,"max":32,"mean":12.9681348801,"median":14,"min":0,"var":58.0335922241},"spectral_contrast_coeffs":{"dmean":[0.0408983528614,0.0421692319214,0.0334801152349,0.0280161146075,0.0174542665482,0.0113325519487],"dmean2":[0.0642174258828,0.0671963021159,0.0553291328251,0.0463024377823,0.0284819602966,0.0184714496136],"dvar":[0.00126896426082,0.00120712385979,0.000678184151184,0.000508456258103,0.000199340604013,0.00010707169713],"dvar2":[0.00301407906227,0.00306134438142,0.00185801368207,0.0013768975623,0.0004948709975,0.000252530706348],"max":[-0.239118516445,-0.35802513361,-0.527856171131,-0.580848872662,-0.605830073357,-0.655163228512],"mean":[-0.477510988712,-0.655611872673,-0.757435321808,-0.753329157829,-0.758761107922,-0.777036488056],"median":[-0.448229670525,-0.647786617279,-0.759118318558,-0.743341326714,-0.746077775955,-0.769460916519],"min":[-0.97726380825,-0.975222110748,-0.975278913975,-0.966862499714,-0.966617286205,-0.96471375227],"var":[0.0222233105451,0.00946640968323,0.00601805513725,0.00489746034145,0.00403051497415,0.00221860408783]},"spectral_contrast_valleys":{"dmean":[0.382339000702,0.304988622665,0.265203952789,0.219980344176,0.156940862536,0.13585588336],"dmean2":[0.634598851204,0.487351953983,0.435068905354,0.354077070951,0.242183700204,0.191945895553],"dvar":[0.16545124352,0.124803602695,0.0967075899243,0.0802058652043,0.0839472860098,0.0679212063551],"dvar2":[0.324875712395,0.230683103204,0.161744102836,0.121965833008,0.105690091848,0.0829335227609],"max":[-6.76420259476,-4.95994138718,-6.19561910629,-6.66662073135,-6.26473522186,-7.5027923584],"mean":[-9.63371562958,-7.32478094101,-8.54069328308,-8.80594539642,-8.7779006958,-11.4112663269],"median":[-9.48153018951,-6.69139003754,-7.99341964722,-8.19515895844,-8.1574678421,-10.9612941742],"min":[-28.6458911896,-27.904088974,-27.6613540649,-27.6659317017,-27.4855041504,-27.358247757],"var":[6.20173215866,8.32517433167,7.22112464905,6.9910531044,6.91900634766,5.09000635147]},"spectral_decrease":{"dmean":1.21136489728e-9,"dmean2":1.74250192053e-9,"dvar":2.34499727279e-18,"dvar2":5.39627361262e-18,"max":1.47818577869e-28,"mean":-5.84338266663e-9,"median":-5.81817838352e-9,"min":-3.0166546594e-8,"var":1.71043728776e-17},"spectral_energy":{"dmean":0.00476737227291,"dmean2":0.0068632485345,"dvar":0.0000359622063115,"dvar2":0.0000830139906611,"max":0.118316374719,"mean":0.0234018228948,"median":0.023218235001,"min":9.97679823583e-21,"var":0.00027069504722},"spectral_energyband_high":{"dmean":0.000082802529505,"dmean2":0.000104580896732,"dvar":1.86036160699e-7,"dvar2":2.08685619896e-7,"max":0.0173290409148,"mean":0.000264037196757,"median":0.0000760750845075,"min":7.32807463376e-21,"var":0.00000133718117468},"spectral_energyband_low":{"dmean":0.000326110981405,"dmean2":0.000437869864982,"dvar":4.20724461492e-7,"dvar2":0.00000117747151762,"max":0.00908933952451,"mean":0.000928850553464,"median":0.000511516234837,"min":1.99000465865e-23,"var":0.00000134938341034},"spectral_energyband_middle_high":{"dmean":0.000859491701704,"dmean2":0.00133510178421,"dvar":0.00000212194186133,"dvar2":0.00000527161091668,"max":0.0362008735538,"mean":0.00311715574935,"median":0.0018493613461,"min":1.16779202071e-21,"var":0.0000143914930959},"spectral_energyband_middle_low":{"dmean":0.00463109044358,"dmean2":0.00665207207203,"dvar":0.0000352665665559,"dvar2":0.0000811156569398,"max":0.115703761578,"mean":0.0194964073598,"median":0.0189247187227,"min":1.77175672823e-22,"var":0.00021140681929},"spectral_entropy":{"dmean":0.125792145729,"dmean2":0.183231160045,"dvar":0.0231521390378,"dvar2":0.0420752428472,"max":9.81685829163,"mean":7.02789497375,"median":6.99093818665,"min":4.82791519165,"var":0.413588911295},"spectral_flux":{"dmean":0.013316007331,"dmean2":0.022413438186,"dvar":0.000205659569474,"dvar2":0.00057974725496,"max":0.242582142353,"mean":0.0544727519155,"median":0.054827015847,"min":6.47461945169e-11,"var":0.00100457854569},"spectral_kurtosis":{"dmean":2.26968002319,"dmean2":3.93546247482,"dvar":5.29662179947,"dvar2":15.351524353,"max":46.3184127808,"mean":6.52480173111,"median":5.42241477966,"min":-1.2566883564,"var":22.677532196},"spectral_rms":{"dmean":0.000460564740933,"dmean2":0.000651497510262,"dvar":2.49645665917e-7,"dvar2":5.46878652585e-7,"max":0.0107438638806,"mean":0.00428885919973,"median":0.00475940527394,"min":3.11984964772e-12,"var":0.00000443672524852},"spectral_rolloff":{"dmean":261.972076416,"dmean2":429.470306396,"dvar":430982.09375,"dvar2":716998.6875,"max":19250.6835938,"mean":1334.34106445,"median":602.9296875,"min":21.533203125,"var":6389843.5},"spectral_skewness":{"dmean":0.235990419984,"dmean2":0.393533349037,"dvar":0.0466946288943,"dvar2":0.122662045062,"max":5.51423311234,"mean":1.80853235722,"median":1.71477079391,"min":-0.0731501355767,"var":0.518844485283},"spectral_spread":{"dmean":276757.46875,"dmean2":439899.59375,"dvar":718958362624,"dvar2":1345863417860,"max":42065944,"mean":4125304.5,"median":3242667.75,"min":1786200.25,"var":22177963311100},"spectral_strongpeak":{"dmean":0.438924103975,"dmean2":0.720248281956,"dvar":0.437995493412,"dvar2":1.0665178299,"max":11.1904373169,"mean":1.13465964794,"median":0.936035692692,"min":0,"var":1.0439811945},"zerocrossingrate":{"dmean":0.0061902590096,"dmean2":0.00710745761171,"dvar":0.00015595293371,"dvar2":0.000166230893228,"max":0.5205078125,"mean":0.0508983805776,"median":0.03515625,"min":0,"var":0.00462451064959}},"metadata":{"audio_properties":{"analysis_sample_rate":44100,"bit_rate":0,"codec":"flac","downmix":"mix","equal_loudness":0,"length":64.8266677856,"lossless":true,"md5_encoded":"8492d1c4a882d0cb69464ae94fc275b1","replay_gain":-9.58380126953,"sample_rate":44100},"tags":{"album":["Summer Days (and Summer Nights!!)"],"albumartist":["The Beach Boys"],"albumartistsort":["Beach Boys, The"],"artist":["The Beach Boys"],"artistsort":["Beach Boys, The"],"catalognumber":["T 2354","T-2354"],"date":["1965-07-05"],"discnumber":["1"],"disctotal":["1"],"file_name":"01-12 And Your Dream Comes True.flac","genre":["Pop"],"label":["Capitol Records","Capitol Records"],"media":["12\" Vinyl"],"musicbrainz_albumartistid":["ebfc1398-8d96-47e3-82c3-f782abcdb13d"],"musicbrainz_albumid":["ea15f628-8ab7-4075-957c-c7223abd6f5f"],"musicbrainz_artistid":["ebfc1398-8d96-47e3-82c3-f782abcdb13d"],"musicbrainz_recordingid":["a2e57042-e634-4323-bb18-da61c72dfc6c"],"musicbrainz_releasegroupid":["51d1dbfa-b621-3eed-a611-2591718eba6a"],"originaldate":["1965-07-05"],"performer":["The Beach Boys"],"releasecountry":["US"],"releasestatus":["official"],"releasetype":["album"],"script":["Latn"],"title":["And Your Dream Comes True"],"totaldiscs":["1"],"totaltracks":["12"],"tracknumber":["12"],"tracktotal":["12"]},"version":{"essentia":"2.1-beta1","essentia_build_sha":"ca57ba49d9b1854bd80e60cf9ccf267278fb7d6b","essentia_git_sha":"v2.1_beta1-28-g21ef5f4-dirty","extractor":"music 1.0"}},"rhythm":{"beats_count":127,"beats_loudness":{"dmean":0.0128984265029,"dmean2":0.0212629586458,"dvar":0.000116342656838,"dvar2":0.000309934432153,"max":0.0700892433524,"mean":0.0257024522871,"median":0.0247590895742,"min":9.2720342515e-10,"var":0.000251912686508},"beats_loudness_band_ratio":{"dmean":[0.118064083159,0.204650074244,0.204587504268,0.0488379746675,0.0422123931348,0.061505176127],"dmean2":[0.202742025256,0.347320556641,0.369803696871,0.0803564041853,0.066511847