{"lowlevel":{"average_loudness":0.905457019806,"barkbands":{"dmean":[0.0000736384099582,0.00122223095968,0.00163868360687,0.000501551432535,0.000641152553726,0.000353194132913,0.000224314673687,0.0002785763063,0.000292018929031,0.000256171246292,0.000253215868725,0.000254036509432,0.000344575440977,0.000306538364384,0.000412631838117,0.000524692062754,0.000433353474364,0.000445055018645,0.000298502709484,0.000248328404268,0.000167150821653,0.000101132987766,0.000116174131108,0.0000797435786808,0.0000156557107402,0.00000210998609873,1.41602839676e-7],"dmean2":[0.000109125277959,0.0020534589421,0.00257900357246,0.000848558556754,0.00108776416164,0.000574391626287,0.000360466277925,0.000430835178122,0.000451039202744,0.000399586744606,0.000372924085241,0.000396489078412,0.000524472561665,0.000473535532365,0.000640121055767,0.000831007317174,0.000672766065691,0.000657914904878,0.000438209652202,0.000354347313987,0.000238399443333,0.000146494363435,0.000163219228853,0.000110420274723,0.0000216967109736,0.00000299546786664,2.22967940999e-7],"dvar":[1.43993039714e-8,0.00000308503172164,0.00000594436551182,5.11713381002e-7,7.40666280308e-7,2.58498715766e-7,1.50450631509e-7,3.12094527999e-7,4.16278908233e-7,4.74923893989e-7,4.62221805719e-7,4.27286437343e-7,6.66595269649e-7,6.58766111883e-7,8.55417113144e-7,0.0000013202120499,7.59539545925e-7,4.87538045491e-7,2.26203653142e-7,1.46798967648e-7,6.64400943151e-8,3.69592036975e-8,6.60852990109e-8,5.52867014392e-8,1.71288083717e-9,1.32110147474e-11,1.8385289222e-13],"dvar2":[3.13322736645e-8,0.00000841177006805,0.0000144039058796,0.00000144408750202,0.00000206995605367,7.05908973941e-7,3.69507603182e-7,6.62387151351e-7,9.67107780525e-7,0.00000103430272702,7.99388885753e-7,9.39377684972e-7,0.00000127250348214,0.00000150484720507,0.00000203360082196,0.00000334665560331,0.00000190856303561,0.00000103101103832,4.85737530198e-7,3.08606018962e-7,1.38568651664e-7,8.60092725929e-8,1.36330015721e-7,1.1045545989e-7,4.09066602813e-9,2.91954932452e-11,4.70593507738e-13],"max":[0.00229659210891,0.0187992528081,0.0352982804179,0.0130692506209,0.00800332054496,0.00616164878011,0.0076138721779,0.0114277666435,0.0162320137024,0.022455772385,0.0225846152753,0.0194968432188,0.0266983434558,0.0264005232602,0.0181443430483,0.0225946847349,0.0145874274895,0.0118797710165,0.00911044795066,0.00603367714211,0.00379674392752,0.0105000985786,0.00816740654409,0.00808272138238,0.00242140796036,0.00006053391553,0.00000902040574147],"mean":[0.000125354083139,0.00187649566215,0.00290780025534,0.000753816682845,0.00101563008502,0.000609545095358,0.000367740984075,0.000481195922475,0.000503359420691,0.000404004735174,0.000401241384679,0.000380365760066,0.000524785777088,0.000424928730354,0.000603676540777,0.000772388884798,0.000686540792231,0.000877525890246,0.000541124551091,0.00043471288518,0.000294167984976,0.000166923506185,0.000208410056075,0.000127835242893,0.0000218568457058,0.00000259375474343,1.71707142727e-7],"median":[0.0000636796394247,0.00112663093023,0.00144475046545,0.000425097154221,0.000718054943718,0.000419208256062,0.000213850158616,0.000189123762539,0.000241660251049,0.000140557560371,0.000112040572276,0.000115175447718,0.000145782862091,0.000094281953352,0.000176570581971,0.00023847198463,0.000253567064647,0.000389919616282,0.000240827765083,0.000200534181204,0.000132561472128,0.0000753889471525,0.0000833212980069,0.0000436812042608,0.00000722849790691,6.88587647346e-7,5.892012922e-8],"min":[2.38694124347e-25,1.40866911567e-24,2.20530010359e-25,8.0010488483e-25,8.07491038789e-24,5.14327133898e-24,6.41174231964e-24,5.12744442264e-24,1.51159096967e-23,5.69165351927e-24,1.07360356218e-23,2.28042285428e-23,2.80850164813e-23,2.60773433895e-23,3.57867380742e-23,4.32751832328e-23,7.23575407794e-23,9.0268034409e-23,1.08397313878e-22,1.45566041594e-22,1.83850572041e-22,3.16004249063e-22,3.4363432315e-22,5.22786427018e-22,8.50837856903e-22,1.29248020843e-21,1.92929901627e-21],"var":[2.58609311743e-8,0.00000456238103652,0.0000142037379192,9.98615973913e-7,0.00000105932679162,4.11498035646e-7,2.62434326714e-7,7.52875564558e-7,8.08384186257e-7,0.00000120954450722,0.00000134580750455,0.0000010438299114,0.00000170582302417,0.000001281411528,0.00000144288162574,0.00000227586951951,0.00000131214960675,0.00000162700860074,5.69003134387e-7,3.61904056945e-7,1.79389729738e-7,1.11472054698e-7,2.20808743734e-7,1.22057585372e-7,2.69577071776e-9,2.05236400791e-11,1.69818057728e-13]},"barkbands_crest":{"dmean":2.19806289673,"dmean2":3.51164412498,"dvar":4.23527288437,"dvar2":10.2138328552,"max":24.4249820709,"mean":8.10143852234,"median":7.20715999603,"min":2.26613926888,"var":13.2121582031},"barkbands_flatness_db":{"dmean":0.0211666394025,"dmean2":0.02960245125,"dvar":0.000431111780927,"dvar2":0.000845425820444,"max":0.333361268044,"mean":0.108463458717,"median":0.101110182703,"min":0.0376657098532,"var":0.00158205244225},"barkbands_kurtosis":{"dmean":1.83309042454,"dmean2":2.81998562813,"dvar":15.1897497177,"dvar2":29.6295642853,"max":203.157333374,"mean":1.218796134,"median":-0.345239043236,"min":-1.96853673458,"var":26.5749588013},"barkbands_skewness":{"dmean":0.550303637981,"dmean2":0.800706624985,"dvar":0.315360993147,"dvar2":0.638940811157,"max":11.9659328461,"mean":0.767221152782,"median":0.687306880951,"min":-3.0363047123,"var":1.49325752258},"barkbands_spread":{"dmean":8.2227563858,"dmean2":12.0384788513,"dvar":70.2555389404,"dvar2":143.712387085,"max":122.048301697,"mean":34.1613960266,"median":33.6968269348,"min":1.2822561264,"var":238.023376465},"dissonance":{"dmean":0.0122978100553,"dmean2":0.0198441352695,"dvar":0.000202096634894,"dvar2":0.000505674688611,"max":0.500000119209,"mean":0.477820187807,"median":0.483744680882,"min":0.284949809313,"var":0.000438630959252},"dynamic_complexity":3.56218886375,"erbbands":{"dmean":[0.0201227832586,0.345496058464,1.78755545616,1.58989393711,1.91506183147,2.2961769104,2.65015149117,2.58951854706,3.13243317604,4.16080760956,5.97347164154,6.32792186737,7.60904169083,7.34776067734,11.3832607269,9.87237167358,14.5272903442,15.5276117325,16.504650116,24.2295017242,26.6679058075,22.1355857849,25.7922916412,13.8234949112,16.423418045,11.7468576431,8.30636310577,4.97337245941,3.3945813179,3.72984218597,3.33533477783,2.34382414818,0.92995685339,0.268919557333,0.0720175802708,0.0160753168166,0.0027771173045,0.000329297326971,0.0000285028581857,0.00000749510991227],"dmean2":[0.0348026156425,0.570088028908,2.80388092995,2.59559011459,3.32467269897,3.87592101097,4.28707790375,4.26273584366,5.05859088898,6.43114852905,9.24060535431,9.64521503448,11.9726009369,11.1558227539,16.6726989746,15.1111440659,21.979675293,23.6272697449,25.5097103119,37.9091110229,42.3210449219,33.8516960144,37.6871681213,19.7689571381,23.9208927155,16.6414546967,11.7335615158,7.0225725174,4.91635465622,5.34714508057,4.67752456665,3.23505163193,1.28263807297,0.370500266552,0.0989605560899,0.0224909130484,0.00397036084905,0.000491430226248,0.0000426602782682,0.0000104801902125],"dvar":[0.000806796655525,0.244050577283,6.87129116058,5.26285362244,6.29224777222,11.4594669342,11.5897397995,21.8164710999,28.9316978455,80.7748031616,115.386436462,243.784408569,499.583435059,343.924163818,784.140625,580.690917969,1207.71057129,1694.6229248,1572.45141602,2684.41503906,3595.02905273,1895.31958008,1640.31787109,438.891296387,733.446228027,340.500854492,190.231903076,55.4374542236,63.8075675964,41.2755317688,64.1864242554,46.2681121826,7.56403779984,0.641901552677,0.0124101834372,0.000693153648172,0.0000245778974204,5.6486186395e-7,5.70087088647e-9,1.03029446086e-10],"dvar2":[0.00232739932835,0.64567232132,16.2348232269,14.2199983597,17.7754096985,30.57538414,28.051115036,60.859249115,72.6999130249,164.069030762,264.297058105,558.435119629,1145.49853516,598.664489746,1387.70141602,1273.39904785,2277.32373047,3861.77514648,3562.27270508,6798.67773438,9349.02050781,4789.21044922,3393.84228516,897.673706055,1578.84277344,705.356750488,399.851531982,120.928848267,162.406433105,93.4601974487,130.278900146,94.3276062012,15.0864486694,1.41367590427,0.0261618215591,0.00152255780995,0.0000553428508283,0.00000138550717566,1.43649172557e-8,2.28708954553e-10],"max":[0.582343399525,5.49705696106,38.9703292847,36.2501335144,26.898683548,40.0900993347,60.3100814819,61.5542411804,97.826499939,203.343658447,269.792419434,400.221923828,536.494995117,845.262939453,931.327148438,798.590087891,1181.37634277,1495.48364258,927.191711426,907.200805664,1148.21435547,754.299255371,756.604614258,366.296630859,436.58883667,300.682373047,256.714874268,132.029693604,466.231506348,272.738067627,235.88331604,217.627685547,104.463050842,47.8979148865,2.67110395432,0.447155296803,0.069599673152,0.0123202875257,0.00194788840599,0.000171552543179],"mean":[0.0296176113188,0.53875887394,3.16721749306,2.94240617752,2.73983836174,3.46257424355,5.01464700699,4.21459579468,5.2629160881,7.06542778015,10.9958047867,11.1988792419,12.5743646622,12.2128629684,19.9164161682,16.4816188812,23.0526390076,22.8961105347,23.8498306274,38.7607383728,41.2514343262,38.0197219849,50.9916534424,29.7251110077,29.1632175446,21.0332374573,14.6846485138,8.63589572906,5.69489097595,6.33810567856,5.93623018265,3.80089426041,1.46498656273,0.392507880926,0.096656024456,0.0203742515296,0.0033891540952,0.000391922047129,0.0000429150968557,0.0000226348111028],"median":[0.0206238180399,0.310815125704,1.6671936512,1.82182121277,1.90226089954,2.19301652908,3.58049368858,2.49866676331,2.97114133835,3.02241277695,5.53689956665,5.36423063278,5.08489990234,4.71020317078,5.93853473663,5.63986301422,6.47321271896,6.13480472565,6.54259252548,13.2520532608,14.3554649353,15.0679893494,23.815788269,13.7671966553,13.0920772552,9.46052360535,6.50961780548,3.80876874924,2.46843004227,2.76198720932,2.2815322876,1.33013474941,0.485041677952,0.133066043258,0.0315293744206,0.00594827346504,0.000907104695216,0.000112272136903,0.0000209826903301,0.0000188218200492],"min":[5.02908703617e-23,3.07384132449e-22,2.94477671318e-21,4.6937144091e-21,7.19083131453e-21,1.72202056025e-20,4.67036061241e-20,5.53811637271e-20,1.11268665387e-19,1.59864156356e-19,1.39022927233e-19,3.87952463576e-19,2.76461726044e-19,5.80281830463e-19,7.63833880473e-19,1.28935040902e-18,1.62887610063e-18,1.40057083944e-18,1.8252166214e-18,2.8141538503e-18,3.20098548415e-18,4.66472624582e-18,4.54310339881e-18,5.16649111026e-18,6.07112064356e-18,6.71460470799e-18,7.43720818442e-18,9.22961758196e-18,7.82036155288e-18,1.00621343366e-17,1.07517572949e-17,1.04626874493e-17,9.64341468339e-18,8.05003983049e-18,5.82247015143e-18,4.10775824242e-18,2.4150069447e-18,9.30091600127e-19,2.45978828002e-19,2.60897579649e-20],"var":[0.000977840274572,0.388162314892,15.7450962067,12.6298847198,8.2365694046,16.6567897797,26.5769500732,27.1208515167,51.796421051,199.545272827,279.299438477,468.240753174,996.543029785,1029.30041504,2726.671875,1290.25854492,3222.94360352,3449.62963867,2806.10644531,4980.55712891,5612.81005859,3374.23364258,5196.27783203,1718.72070312,1729.10473633,876.999206543,463.832611084,156.443710327,164.342880249,165.586807251,191.285247803,103.143325806,16.5970840454,1.1581838131,0.0237871408463,0.00113875465468,0.0000362641985703,6.27699876077e-7,6.11582651189e-9,3.22729315494e-10]},"erbbands_crest":{"dmean":2.00078511238,"dmean2":3.1715118885,"dvar":3.80336213112,"dvar2":8.78070354462,"max":26.879737854,"mean":7.32661819458,"median":6.46128082275,"min":2.19470667839,"var":11.0892248154},"erbbands_flatness_db":{"dmean":0.0168270003051,"dmean2":0.0228505469859,"dvar":0.000244495400693,"dvar2":0.000456368492451,"max":0.320189684629,"mean":0.157422691584,"median":0.156174227595,"min":0.0227309688926,"var":0.00132656819187},"erbbands_kurtosis":{"dmean":0.908048987389,"dmean2":1.37289917469,"dvar":1.88463878632,"dvar2":3.70459508896,"max":48.434135437,"mean":0.647722482681,"median":0.0404465198517,"min":-1.62163889408,"var":5.42688512802},"erbbands_skewness":{"dmean":0.345563024282,"dmean2":0.505115091801,"dvar":0.126859843731,"dvar2":0.257080763578,"max":2.62238550186,"mean":-0.512833833694,"median":-0.540384232998,"min":-5.13708400726,"var":0.531999588013},"erbbands_spread":{"dmean":8.6703042984,"dmean2":12.8992757797,"dvar":86.0117111206,"dvar2":185.146713257,"max":134.308380127,"mean":38.6244812012,"median":35.9859809875,"min":3.74758887291,"var":309.375183105},"gfcc":{"cov":[[53377.4453125,3394.16723633,-6632.50634766,2572.05175781,-2717.59716797,741.13067627,-1521.34973145,466.408569336,-889.718383789,-268.662963867,-494.485229492,-415.547607422,-389.133300781],[3394.16723633,1303.24023438,-478.048522949,-1.67521131039,-36.7621231079,-102.247459412,10.1054153442,-38.0924110413,1.37751960754,-133.264587402,21.7303237915,-74.99659729,-8.18418312073],[-6632.50634766,-478.048522949,1302.31176758,-237.003494263,222.976821899,32.1676597595,150.473236084,-37.1358299255,75.6153945923,53.3553771973,14.7670269012,55.5369796753,30.3956813812],[2572.05175781,-1.67521131039,-237.003494263,371.391174316,-115.284164429,30.3240203857,-124.383544922,48.7797889709,-12.5653848648,-8.59262180328,-40.5393562317,-12.8047323227,-12.916059494],[-2717.59716797,-36.7621231079,222.976821899,-115.284164429,353.097839355,-96.9705123901,101.542510986,-13.2464427948,74.1440200806,27.3239707947,12.8379087448,20.1627674103,34.3941650391],[741.13067627,-102.247459412,32.1676597595,30.3240203857,-96.9705123901,210.318344116,5.31403541565,0.66726487875,-27.2230491638,-0.101772800088,11.487783432,-11.8956441879,-27.0048675537],[-1521.34973145,10.1054153442,150.473236084,-124.383544922,101.542510986,5.31403541565,182.40776062,-0.411830991507,6.61446619034,-3.19826579094,33.9688186646,0.553069412708,1.6257853508],[466.408569336,-38.0924110413,-37.1358299255,48.7797889709,-13.2464427948,0.66726487875,-0.411830991507,89.1069564819,16.3172111511,5.98109006882,-20.7936496735,3.9826836586,-1.8259100914],[-889.718383789,1.37751960754,75.6153945923,-12.5653848648,74.1440200806,-27.2230491638,6.61446619034,16.3172111511,128.167663574,-1.77419018745,18.3747520447,-6.91892814636,11.3160705566],[-268.662963867,-133.264587402,53.3553771973,-8.59262180328,27.3239707947,-0.101772800088,-3.19826579094,5.98109006882,-1.77419018745,91.1199645996,-6.97409296036,15.0376768112,6.87326335907],[-494.485229492,21.7303237915,14.7670269012,-40.5393562317,12.8379087448,11.487783432,33.9688186646,-20.7936496735,18.3747520447,-6.97409296036,89.5110549927,7.61793851852,-7.36767911911],[-415.547607422,-74.99659729,55.5369796753,-12.8047323227,20.1627674103,-11.8956441879,0.553069412708,3.9826836586,-6.91892814636,15.0376768112,7.61793851852,76.8257904053,23.5641002655],[-389.133300781,-8.18418312073,30.3956813812,-12.916059494,34.3941650391,-27.0048675537,1.6257853508,-1.8259100914,11.3160705566,6.87326335907,-7.36767911911,23.5641002655,68.1410064697]],"icov":[[0.000419542426243,-0.000853619712871,0.0013008788228,-0.00102607347071,0.00107710785232,-0.00133182608988,0.000970277877059,-0.00117002497427,0.00105200812686,-0.00101427035406,0.000967546540778,-0.0000488001678605,0.000441690528532],[-0.000853619712871,0.00287991669029,-0.00225124997087,0.00217972090468,-0.00212368648499,0.00323442392983,-0.00231077778153,0.00287163513713,-0.00226705987006,0.00333987362683,-0.00205310247838,0.000787898083217,-0.00108050880954],[0.0013008788228,-0.00225124997087,0.00523232109845,-0.00275781750679,0.0030303269159,-0.00446630595252,0.00239118514583,-0.00294705340639,0.00253080273978,-0.00308211822994,0.00358177954331,-0.000704179401509,0.00138760136906],[-0.00102607347071,0.00217972090468,-0.00275781750679,0.00668375194073,-0.00254253228195,0.00263087381609,-0.0000122834308058,0.000899158592802,-0.00253886333667,0.00293191545643,-0.00183696777094,0.000386648345739,-0.000956799543928],[0.00107710785232,-0.00212368648499,0.0030303269159,-0.00254253228195,0.00788985844702,-0.00141676270869,-0.000178675341886,-0.00167531089392,0.000213378967601,-0.00386094162241,0.00329971895553,-0.000753380416427,0.00044911497389],[-0.00133182608988,0.00323442392983,-0.00446630595252,0.00263087381609,-0.00141676270869,0.0106471879408,-0.00441280705854,0.00407112948596,-0.00290132500231,0.00316060520709,-0.00402161153033,0.00104532344267,-0.000210473706829],[0.000970277877059,-0.00231077778153,0.00239118514583,-0.0000122834308058,-0.000178675341886,-0.00441280705854,0.0119033036754,-0.00605369824916,0.00478710979223,-0.00132667634171,-0.000943809631281,0.00137720478233,0.000850129581522],[-0.00117002497427,0.00287163513713,-0.00294705340639,0.000899158592802,-0.00167531089392,0.00407112948596,-0.00605369824916,0.0181795265526,-0.00685553858057,0.00203114305623,0.00174647266977,-0.00231129908934,0.000160598516231],[0.00105200812686,-0.00226705987006,0.00253080273978,-0.00253886333667,0.000213378967601,-0.00290132500231,0.00478710979223,-0.00685553858057,0.0136945582926,-0.00167068443261,-0.00152763526421,0.00297601264901,-0.000730210100301],[-0.00101427035406,0.00333987362683,-0.00308211822994,0.00293191545643,-0.00386094162241,0.00316060520709,-0.00132667634171,0.00203114305623,-0.00167068443261,0.0159842781723,-0.00192265771329,-0.00074325222522,-0.00145872856956],[0.000967546540778,-0.00205310247838,0.00358177954331,-0.00183696777094,0.00329971895553,-0.00402161153033,-0.000943809631281,0.00174647266977,-0.00152763526421,-0.00192265771329,0.0172038972378,-0.00386773329228,0.00378814456053],[-0.0000488001678605,0.000787898083217,-0.000704179401509,0.000386648345739,-0.000753380416427,0.00104532344267,0.00137720478233,-0.00231129908934,0.00297601264901,-0.00074325222522,-0.00386773329228,0.0171618312597,-0.00586914690211],[0.000441690528532,-0.00108050880954,0.00138760136906,-0.000956799543928,0.00044911497389,-0.000210473706829,0.000850129581522,0.000160598516231,-0.000730210100301,-0.00145872856956,0.00378814456053,-0.00586914690211,0.0186492539942]],"mean":[-64.0436096191,88.8079910278,-134.502532959,59.2216682434,-55.7282218933,16.5513477325,-33.8865699768,7.55960226059,-15.2209806442,-10.085811615,-8.71940517426,-6.51048517227,-8.89015102386]},"hfc":{"dmean":7.73694658279,"dmean2":10.1420316696,"dvar":124.879440308,"dvar2":265.243988037,"max":168.488510132,"mean":20.1469573975,"median":12.917798996,"min":1.06202453382e-16,"var":432.757568359},"melbands":{"dmean":[0.00024620781187,0.000750589882955,0.000265652488451,0.000161070565809,0.0000837404222693,0.000059620502725,0.0000470125160064,0.0000490476559207,0.0000514177554578,0.0000395424576709,0.000038455153117,0.0000302312728309,0.000037567839172,0.0000297472215607,0.0000380788769689,0.0000263927286142,0.000030965438782,0.0000256906005234,0.0000312165648211,0.0000381092722819,0.0000310825344059,0.0000224342020374,0.0000289342842734,0.0000208352412301,0.0000108400145109,0.0000129183517856,0.0000112563520815,0.00000723140419723,0.00000547924355487,0.00000473183399663,0.00000251462302003,0.00000187332057067,0.00000223545089284,0.00000212905729313,0.00000207218613468,0.00000178959419372,0.00000136095309244,7.43519478874e-7,3.76328188167e-7,1.80183320708e-7],"dmean2":[0.0004185384023,0.0011793669546,0.000434003362898,0.000275917002,0.00013504436356,0.0000973739442998,0.0000758066380513,0.0000754801294534,0.0000800064444775,0.0000609225025983,0.0000606979265285,0.000046410561481,0.0000551551820536,0.0000457548558188,0.0000568650721107,0.000040728435124,0.0000473911240988,0.0000398994816351,0.0000494049963891,0.0000594590710534,0.0000498019508086,0.0000352049537469,0.000043591040594,0.00003050280975,0.0000160031268024,0.000019286884708,0.0000164328175742,0.0000103833508547,0.00000783581890573,0.00000691532977726,0.00000365114010492,0.00000278579318547,0.00000335306913257,0.00000311642725137,0.00000298236636809,0.00000246872491516,0.00000193113828573,0.00000104998412098,5.30853071723e-7,2.53374196291e-7],"dvar":[1.2134161409e-7,0.00000113109842914,1.19537375554e-7,4.99275110144e-8,1.08512869801e-8,9.94856641512e-9,6.66873178901e-9,1.17138956313e-8,9.14555275955e-9,9.06255692712e-9,1.278241335e-8,5.9882685477e-9,8.55969872759e-9,5.62760993361e-9,9.62000701321e-9,3.61334628884e-9,7.77149100628e-9,4.16669188041e-9,5.64934454772e-9,6.70175159811e-9,5.09070963162e-9,2.25517871044e-9,2.6964628308e-9,1.04532604794e-9,3.01070862685e-10,4.90225804395e-10,3.15877990431e-10,1.41105932494e-10,8.94605223234e-11,5.61218155282e-11,1.49632042867e-11,1.62079048099e-11,2.36903153344e-11,1.52496661132e-11,2.42545879214e-11,2.52009055984e-11,1.62808152376e-11,5.37478785437e-12,1.43693737464e-12,2.28413804797e-13],"dvar2":[3.47689166347e-7,0.00000269226939054,3.21612958487e-7,1.40616535305e-7,2.62639900939e-8,2.74295377523e-8,1.67008256113e-8,2.36131185716e-8,2.12244462006e-8,2.11001296435e-8,2.90523285429e-8,1.0648138371e-8,1.497820179e-8,1.16761684765e-8,1.75952106218e-8,7.92821541751e-9,1.75837175931e-8,9.36313604427e-9,1.40367957258e-8,1.63164859401e-8,1.32726176716e-8,5.84065640297e-9,6.13594375309e-9,2.18833573484e-9,6.45196174265e-10,1.07965658636e-9,6.87435219859e-10,2.98944091703e-10,1.8985303607e-10,1.22367296851e-10,3.4098820989e-11,4.07276469494e-11,5.67149938124e-11,3.65958305326e-11,5.1308630955e-11,5.08219334672e-11,3.34838441696e-11,1.08823280248e-11,3.24467687961e-12,4.73922062618e-13],"max":[0.00502403033897,0.0155895277858,0.005548522342,0.00208633160219,0.00174200744368,0.00131747871637,0.0016054493608,0.0025935031008,0.00256768148392,0.00287458510138,0.00265849218704,0.00314671127126,0.0033733160235,0.00219646305777,0.00287885288708,0.00130239757709,0.00342208030634,0.00193967553787,0.00152636005078,0.00159941788297,0.00105299346615,0.000820051471237,0.000929438974708,0.000689792155754,0.000275793747278,0.00053065107204,0.000281382905087,0.000203406758374,0.000159291943419,0.000143737299368,0.0000712883265805,0.000208196215681,0.000290426280117,0.000175928609679,0.000161881849635,0.000172544270754,0.000120985598187,0.0000813835285953,0.0000672928363201,0.000028561677027],"mean":[0.000388035608921,0.00135069864336,0.000513538834639,0.00023266171047,0.000165903591551,0.000100092140201,0.0000780540067353,0.0000827073235996,0.0000943577397265,0.0000678755313857,0.000062191291363,0.0000475974775327,0.0000628304333077,0.0000472279098176,0.0000595174751652,0.0000383038350265,0.000043561856728,0.0000343172941939,0.0000449825856776,0.0000586015812587,0.000044970001909,0.0000352140195901,0.0000497122673551,0.0000414637579524,0.0000212546947296,0.0000220818328671,0.0000188545072888,0.0000123416639326,0.00000916618773772,0.00000766291577747,0.00000409939320889,0.000003007208079,0.00000348532330463,0.00000350638174496,0.00000353521591023,0.00000292945514957,0.00000208878986996,0.00000114470265089,5.38279323337e-7,2.50339240893e-7],"median":[0.000268846109975,0.000801483285613,0.000359172147,0.000154974637553,0.000123315432575,0.0000619136990281,0.0000438919450971,0.0000333637144649,0.0000469025908387,0.00003210183786,0.0000237187196035,0.0000172469390236,0.0000187248806469,0.0000151314707182,0.0000147909431689,0.0000120134491226,0.0000101623336377,0.0000079114070104,0.0000132797613333,0.0000183165630006,0.0000147953969645,0.0000135766858875,0.0000200099493668,0.0000184748714673,0.00000890666615305,0.00000881587766344,0.00000867834660312,0.0000052443383538,0.00000362252330888,0.00000331914134222,0.00000170015914591,0.00000124166308524,0.00000149149207118,0.00000146317665894,0.00000132544710141,9.71042709352e-7,6.91409809406e-7,3.53295519062e-7,1.7365681515e-7,8.09591540474e-8],"min":[8.49275916255e-25,1.7242594289e-24,1.02410642551e-24,1.55446185222e-24,1.65621425937e-24,1.1428112563e-24,1.57642945906e-24,1.70117163958e-24,8.28150122606e-25,2.08208259399e-24,1.08959844673e-24,2.0655711436e-24,1.92263053365e-24,2.31320227314e-24,2.62569256024e-24,3.37291521751e-24,2.35552091362e-24,2.31815178368e-24,3.42308874324e-24,2.65569944857e-24,3.45690602695e-24,3.89356696483e-24,2.52797655712e-24,4.44984722051e-24,4.02085598278e-24,3.59299912703e-24,4.00192371548e-24,4.10365679554e-24,4.35342199105e-24,3.84315007552e-24,4.53102652968e-24,4.01622536926e-24,5.70433998035e-24,5.13649699596e-24,5.65473522334e-24,5.05015222558e-24,5.41523508036e-24,5.12555865065e-24,6.34729475027e-24,4.75585109881e-24],"var":[1.64874336406e-7,0.0000024894982289,2.97831803664e-7,6.32600745121e-8,2.62111363725e-8,1.36475595269e-8,1.17763327978e-8,2.96545028533e-8,2.20552198726e-8,1.61917821373e-8,2.58371510853e-8,1.87898407944e-8,2.79636527267e-8,1.53262718072e-8,2.68193947051e-8,6.59739418651e-9,1.54713379885e-8,7.29746307826e-9,8.24764612162e-9,1.37211833007e-8,7.35752747616e-9,3.40292438672e-9,6.11168315956e-9,3.90669852024e-9,9.86909998169e-10,1.20247656277e-9,6.85215828522e-10,3.30745458799e-10,2.06548986248e-10,1.36592404054e-10,3.79610579082e-11,4.10686068486e-11,6.8694050448e-11,5.19146947653e-11,6.90514589952e-11,6.00569247111e-11,3.44934636409e-11,1.14776166002e-11,2.4413270884e-12,4.32164612256e-13]},"melbands_crest":{"dmean":3.61907505989,"dmean2":5.75766992569,"dvar":11.0968990326,"dvar2":26.2087802887,"max":35.836315155,"mean":13.8135738373,"median":13.167632103,"min":1.00114798546,"var":38.7202377319},"melbands_flatness_db":{"dmean":0.0306156780571,"dmean2":0.0427566468716,"dvar":0.000936441647355,"dvar2":0.00179406069219,"max":0.460992991924,"mean":0.151478350163,"median":0.14410790801,"min":2.15716724483e-7,"var":0.00433127209544},"melbands_kurtosis":{"dmean":5.71903705597,"dmean2":8.81158828735,"dvar":151.069595337,"dvar2":349.744598389,"max":620.126586914,"mean":8.54887580872,"median":3.66844391823,"min":-1.91145336628,"var":255.845916748},"melbands_skewness":{"dmean":0.76748496294,"dmean2":1.13891148567,"dvar":0.667198419571,"dvar2":1.45443487167,"max":19.7153511047,"mean":2.23975801468,"median":2.01445817947,"min":-1.31646442413,"var":2.65868973732},"melbands_spread":{"dmean":12.7580852509,"dmean2":18.8143215179,"dvar":206.808609009,"dvar2":423.47253418,"max":288.329833984,"mean":44.9154205322,"median":38.8936767578,"min":0.639845132828,"var":1018.11309814},"mfcc":{"cov":[[16342.9804688,1092.62597656,-877.965270996,776.97467041,-121.274612427,37.5060195923,-22.4828300476,100.226402283,-40.9495925903,139.36668396,-162.291870117,53.5045700073,-58.1615982056],[1092.62597656,1473.68811035,-165.451553345,151.895339966,6.76443815231,-5.37884712219,20.3094177246,82.5729141235,-10.3515329361,-1.08476614952,-26.4438896179,9.05260753632,-3.2541821003],[-877.965270996,-165.451553345,657.427185059,-90.9846420288,10.8796396255,65.8123931885,14.7505750656,24.7902469635,-5.8767952919,-1.12306463718,2.7707490921,-0.473823279142,-0.777149736881],[776.97467041,151.895339966,-90.9846420288,300.471191406,64.6231079102,-32.2158317566,-40.4263496399,13.9422254562,37.3422584534,3.46143245697,-17.2685947418,-8.32663345337,28.2915840149],[-121.274612427,6.76443815231,10.8796396255,64.6231079102,166.398010254,17.4470500946,-45.9855117798,6.79259395599,26.118680954,20.9958705902,-5.12197780609,9.47097873688,9.6819190979],[37.5060195923,-5.37884712219,65.8123931885,-32.2158317566,17.4470500946,118.766860962,41.4532203674,1.24708688259,-9.7786359787,9.1576461792,13.1772851944,1.48929822445,-10.0720844269],[-22.4828300476,20.3094177246,14.7505750656,-40.4263496399,-45.9855117798,41.4532203674,134.109176636,19.1417503357,-13.425775528,-7.50558853149,15.5178804398,7.27360868454,-8.96921730042],[100.226402283,82.5729141235,24.7902469635,13.9422254562,6.79259395599,1.24708688259,19.1417503357,108.60471344,3.26282572746,8.86696243286,6.87678337097,16.7221851349,-5.53969907761],[-40.9495925903,-10.3515329361,-5.8767952919,37.3422584534,26.118680954,-9.7786359787,-13.425775528,3.26282572746,105.885871887,7.61313819885,-7.48127841949,-13.1386394501,16.5107765198],[139.36668396,-1.08476614952,-1.12306463718,3.46143245697,20.9958705902,9.1576461792,-7.50558853149,8.86696243286,7.61313819885,91.2368240356,13.0111303329,2.28279948235,-12.8950166702],[-162.291870117,-26.4438896179,2.7707490921,-17.2685947418,-5.12197780609,13.1772851944,15.5178804398,6.87678337097,-7.48127841949,13.0111303329,74.1445846558,18.557466507,-7.29793024063],[53.5045700073,9.05260753632,-0.473823279142,-8.32663345337,9.47097873688,1.48929822445,7.27360868454,16.7221851349,-13.1386394501,2.28279948235,18.557466507,65.6454544067,3.91341328621],[-58.1615982056,-3.2541821003,-0.777149736881,28.2915840149,9.6819190979,-10.0720844269,-8.96921730042,-5.53969907761,16.5107765198,-12.8950166702,-7.29793024063,3.91341328621,63.7128372192]],"icov":[[0.0000870454678079,-0.00002230139944,0.0000915548807825,-0.00025095109595,0.000218782646698,-0.000198591151275,0.0000596716017753,-0.0000433057284681,0.000048563015298,-0.000161798030604,0.000254883547314,-0.000185909200809,0.000126150262076],[-0.00002230139944,0.000784696894698,0.000159084083862,-0.00031247001607,0.0000364135303244,-0.000104774619103,-0.000111670444312,-0.000574116536882,0.000172392552486,0.000064103231125,0.000268623232841,-0.0000207926204894,0.0000730233587092],[0.0000915548807825,0.000159084083862,0.00184469472151,0.000200900423806,0.000109244567284,-0.00115518854,0.000289790448733,-0.00073455699021,0.0000695241324138,-0.0000309847673634,0.000449557526736,0.00000575903914068,-0.000170445244294],[-0.00025095109595,-0.00031247001607,0.000200900423806,0.00513391243294,-0.00214821635745,0.00136582320556,0.000245685427217,-0.000437065551523,-0.000849736970849,0.0004675234959,-0.000557021354325,0.00134266226087,-0.00181479845196],[0.000218782646698,0.0000364135303244,0.000109244567284,-0.00214821635745,0.00884603522718,-0.0032312721014,0.00324764708057,-0.000601139094215,-0.00128969980869,-0.00165536790155,0.0013203433482,-0.00243892637081,0.00000689522903485],[-0.000198591151275,-0.000104774619103,-0.00115518854,0.00136582320556,-0.0032312721014,0.0117121115327,-0.00414985837415,0.00109445699491,0.000677965872455,-0.000407103798352,-0.00179763883352,0.00135097070597,0.000499311950989],[0.0000596716017753,-0.000111670444312,0.000289790448733,0.000245685427217,0.00324764708057,-0.00414985837415,0.010384183377,-0.00191600224935,-0.000127873528982,0.000793352490291,-0.000805134885013,-0.000877033686265,0.000244256574661],[-0.0000433057284681,-0.000574116536882,-0.00073455699021,-0.000437065551523,-0.000601139094215,0.00109445699491,-0.00191600224935,0.0108297411352,-0.000760467315558,-0.000760005146731,-0.000409444415709,-0.00251254672185,0.00120320625138],[0.000048563015298,0.000172392552486,0.0000695241324138,-0.000849736970849,-0.00128969980869,0.000677965872455,-0.000127873528982,-0.000760467315558,0.0109813548625,-0.00112596072722,0.000279894244159,0.00251761008985,-0.00254586432129],[-0.000161798030604,0.000064103231125,-0.0000309847673634,0.0004675234959,-0.00165536790155,-0.000407103798352,0.000793352490291,-0.000760005146731,-0.00112596072722,0.0125352190807,-0.00255037751049,0.00045314556337,0.00238925078884],[0.000254883547314,0.000268623232841,0.000449557526736,-0.000557021354325,0.0013203433482,-0.00179763883352,-0.000805134885013,-0.000409444415709,0.000279894244159,-0.00255037751049,0.016447391361,-0.00486022979021,0.00145922682714],[-0.000185909200809,-0.0000207926204894,0.00000575903914068,0.00134266226087,-0.00243892637081,0.00135097070597,-0.000877033686265,-0.00251254672185,0.00251761008985,0.00045314556337,-0.00486022979021,0.0186447668821,-0.0027872743085],[0.000126150262076,0.0000730233587092,-0.000170445244294,-0.00181479845196,0.00000689522903485,0.000499311950989,0.000244256574661,0.00120320625138,-0.00254586432129,0.00238925078884,0.00145922682714,-0.0027872743085,0.0183166395873]],"mean":[-664.759460449,96.2639083862,-10.0005292892,34.7651634216,7.02958345413,7.80707359314,-1.46571743488,13.4629716873,-3.67940759659,5.85803985596,-4.96631002426,3.31603813171,-2.41429901123]},"pitch_salience":{"dmean":0.0762492865324,"dmean2":0.121053926647,"dvar":0.00471632927656,"dvar2":0.0113155655563,"max":0.996090114117,"mean":0.578757047653,"median":0.582541167736,"min":0.0836737155914,"var":0.0151963708922},"silence_rate_20dB":{"dmean":0,"dmean2":0,"dvar":0,"dvar2":0,"max":1,"mean":1,"median":1,"min":1,"var":0},"silence_rate_30dB":{"dmean":0,"dmean2":0,"dvar":0,"dvar2":0,"max":1,"mean":1,"median":1,"min":1,"var":0},"silence_rate_60dB":{"dmean":0.0323148295283,"dmean2":0.0646400004625,"dvar":0.0312671028078,"dvar2":0.0729440972209,"max":1,"mean":0.125079974532,"median":0,"min":0,"var":0.109439715743},"spectral_centroid":{"dmean":349.850616455,"dmean2":492.109924316,"dvar":160294.125,"dvar2":302268,"max":12076.9560547,"mean":2321.66674805,"median":2150.85888672,"min":212.826248169,"var":3100642.25},"spectral_complexity":{"dmean":5.45992660522,"dmean2":7.11872005463,"dvar":41.7678756714,"dvar2":64.5235214233,"max":63,"mean":20.6871395111,"median":19,"min":0,"var":188.418869019},"spectral_contrast_coeffs":{"dmean":[0.0457172356546,0.0424279272556,0.0358029827476,0.0335269831121,0.0263941567391,0.0192421488464],"dmean2":[0.0765889063478,0.0678790062666,0.0565616302192,0.0516595542431,0.0402226038277,0.0296915117651],"dvar":[0.00139221665449,0.0012090584496,0.000974141992629,0.000830459117424,0.000594220182393,0.000312448391924],"dvar2":[0.00385811273009,0.00303458794951,0.00216039340012,0.00179113901686,0.00122957164422,0.000687218853272],"max":[-0.425540685654,-0.412239551544,-0.462037146091,-0.491445451975,-0.534417331219,-0.59208792448],"mean":[-0.67189848423,-0.764388263226,-0.794233977795,-0.771988213062,-0.779461562634,-0.746681690216],"median":[-0.665489435196,-0.764214754105,-0.799695253372,-0.775367736816,-0.783930778503,-0.74014377594],"min":[-0.991042673588,-0.996771335602,-0.998831927776,-0.988390088081,-0.989030361176,-0.964465022087],"var":[0.00706135667861,0.00495497277007,0.00475266994908,0.00497428048402,0.00381376035511,0.0031424574554]},"spectral_contrast_valleys":{"dmean":[0.425804048777,0.381635904312,0.379344582558,0.399109512568,0.406781435013,0.498785674572],"dmean2":[0.709608852863,0.594681084156,0.575669586658,0.56285661459,0.520666539669,0.571167171001],"dvar":[0.144129112363,0.142896622419,0.166905462742,0.206404432654,0.19395147264,0.251440286636],"dvar2":[0.335982769728,0.28530845046,0.312471836805,0.374614208937,0.302643239498,0.415496706963],"max":[-5.77771091461,-5.22703933716,-5.30435657501,-5.24917936325,-5.38543319702,-7.52423906326],"mean":[-8.19507408142,-7.81851911545,-8.27424430847,-8.49563026428,-8.0621547699,-10.8245182037],"median":[-7.35746669769,-6.92541599274,-7.44731521606,-7.72307109833,-7.18203353882,-10.0644779205],"min":[-28.5667419434,-28.2217559814,-28.0013160706,-27.935874939,-27.6342353821,-27.4447860718],"var":[13.9152116776,14.6268453598,13.9776496887,13.7186698914,14.4236927032,10.8248996735]},"spectral_decrease":{"dmean":1.12896425541e-9,"dmean2":1.67851643695e-9,"dvar":1.84543188159e-18,"dvar2":4.16991838391e-18,"max":1.18950164953e-22,"mean":-3.6263765324e-9,"median":-3.22461568558e-9,"min":-1.56922599359e-8,"var":6.60091162793e-18},"spectral_energy":{"dmean":0.00477753346786,"dmean2":0.0069653741084,"dvar":0.0000342697094311,"dvar2":0.0000760875045671,"max":0.0638232678175,"mean":0.015514167957,"median":0.0135709531605,"min":9.97234244651e-21,"var":0.000125410268083},"spectral_energyband_high":{"dmean":0.000505669391714,"dmean2":0.000669565866701,"dvar":5.57687599212e-7,"dvar2":0.00000111242070489,"max":0.0215661004186,"mean":0.000997641705908,"median":0.000514520099387,"min":6.92390158488e-21,"var":0.00000201900957109},"spectral_energyband_low":{"dmean":0.00266473228112,"dmean2":0.00420153094456,"dvar":0.0000126127579279,"dvar2":0.0000307378722937,"max":0.0510833896697,"mean":0.00536363990977,"median":0.00376871065237,"min":1.01341110853e-23,"var":0.0000286903596134},"spectral_energyband_middle_high":{"dmean":0.00241007073782,"dmean2":0.0033252465073,"dvar":0.0000165543242474,"dvar2":0.0000373833972844,"max":0.0499056354165,"mean":0.00578994676471,"median":0.00306472158991,"min":1.13664198616e-21,"var":0.0000460957271571},"spectral_energyband_middle_low":{"dmean":0.00143065757584,"dmean2":0.00228547328152,"dvar":0.00000299276007354,"dvar2":0.00000765841468819,"max":0.0215103104711,"mean":0.00388896418735,"median":0.00349823571742,"min":1.71458539097e-22,"var":0.00000793821436673},"spectral_entropy":{"dmean":0.17340888083,"dmean2":0.224213078618,"dvar":0.031638417393,"dvar2":0.0558363571763,"max":9.83152961731,"mean":7.81209087372,"median":7.81063938141,"min":6.13379192352,"var":0.255089193583},"spectral_flux":{"dmean":0.0176959838718,"dmean2":0.0261270385236,"dvar":0.000365859246813,"dvar2":0.000754552311264,"max":0.196841716766,"mean":0.0653823912144,"median":0.0624336227775,"min":6.30343346963e-11,"var":0.00128763937391},"spectral_kurtosis":{"dmean":1.34314990044,"dmean2":2.23588180542,"dvar":2.57933211327,"dvar2":6.62386703491,"max":35.6835899353,"mean":2.93195080757,"median":2.59480643272,"min":-1.35627532005,"var":5.45171165466},"spectral_rms":{"dmean":0.000584771332797,"dmean2":0.000832671881653,"dvar":4.14098821011e-7,"dvar2":8.51686650094e-7,"max":0.00789091922343,"mean":0.0035497166682,"median":0.00363867497072,"min":3.11915293941e-12,"var":0.00000253523489846},"spectral_rolloff":{"dmean":694.748901367,"dmean2":1085.7746582,"dvar":904465.5,"dvar2":1814413.125,"max":19702.8808594,"mean":2968.62597656,"median":2583.984375,"min":21.533203125,"var":11876256},"spectral_skewness":{"dmean":0.206249251962,"dmean2":0.324929773808,"dvar":0.0467192865908,"dvar2":0.105663947761,"max":4.67915821075,"mean":1.06284093857,"median":1.04379320145,"min":-0.396352887154,"var":0.17161129415},"spectral_spread":{"dmean":549536,"dmean2":769483.5625,"dvar":955972190208,"dvar2":1857502576640,"max":52768376,"mean":5261459.5,"median":3772041,"min":1763151,"var":44387451011100},"spectral_strongpeak":{"dmean":0.516557574272,"dmean2":0.885004401207,"dvar":1.27532410622,"dvar2":3.06599211693,"max":12.9539241791,"mean":0.796188175678,"median":0.28874206543,"min":0,"var":2.18579006195},"zerocrossingrate":{"dmean":0.0137587357312,"dmean2":0.0148468753323,"dvar":0.000182395640877,"dvar2":0.000204333642614,"max":0.5361328125,"mean":0.0914001241326,"median":0.07470703125,"min":0.00537109375,"var":0.00767676765099}},"metadata":{"audio_properties":{"analysis_sample_rate":44100,"bit_rate":0,"codec":"flac","downmix":"mix","equal_loudness":0,"length":145.133331299,"lossless":true,"md5_encoded":"ecb96e890132688283e4e272fd87c080","replay_gain":-10.8760795593,"sample_rate":44100},"tags":{"album":["The Rolling Stones"],"albumartist":["The Rolling Stones"],"albumartistsort":["Rolling Stones, The"],"artist":["The Rolling Stones"],"artistsort":["Rolling Stones, The"],"asin":["B001B10GGK"],"date":["2010"],"discnumber":["1"],"disctotal":["1"],"file_name":"01-01 (Get Your Kicks on) Route 66.flac","genre":["Rock"],"label":["ABKCO"],"labelno":["820 047-2"],"media":["Digital Media"],"musicbrainz_albumartistid":["b071f9fa-14b0-4217-8e97-eb41da73f598"],"musicbrainz_albumid":["fe94c3f2-d7bb-3db8-baa4-16e09e8a7b51"],"musicbrainz_artistid":["b071f9fa-14b0-4217-8e97-eb41da73f598"],"musicbrainz_recordingid":["a32b623e-edc4-4439-988d-33a19708ef6d"],"musicbrainz_releasegroupid":["919b8534-f40f-3a07-be48-0a9095ab5ada"],"originaldate":["1964-04-17"],"performer":["Mick Jagger (harmonica)","Bill Wyman (bass guitar)","Charlie Watts (drums)","Keith Richards (guitar)","Bill Wyman (vocal)","Brian Jones (vocal)","Mick Jagger (vocal)","Brian Jones (guitar and harmonica)"],"publisher":["London Records"],"release date":["1984"],"releasecountry":["US"],"releasestatus":["official"],"releasetype":["album"],"script":["Latn"],"title":["(Get Your Kicks on) Route 66"],"totaldiscs":["1"],"totaltracks":["12"],"tracknumber":["1"],"tracktotal":["12"]},"version":{"essentia":"2.1-beta1","essentia_build_sha":"ca57ba49d9b1854bd80e60cf9ccf267278fb7d6b","essentia_git_sha":"v2.1_beta1-28-g21ef5f4-dirty","extractor":"music 1.0"}},"rhythm":{"beats_count":404,"beats_loudness":{"dmean":0.00846340507269,"dmean2":0.0145737947896,"dvar":0.0000612053190707,"dvar2":0.000167900245287,"max":0.0571855679154,"mean":0.0234670136124,"median":0.0242896787822,"min":