{"lowlevel":{"average_loudness":0.925272166729,"barkbands":{"dmean":[0.00878075044602,0.0135755911469,0.00611152360216,0.00241125258617,0.002094917465,0.00121820752975,0.000769393227529,0.000553520745598,0.00054237304721,0.00104308547452,0.000784980831668,0.00151084188838,0.000672418915201,0.000793698302004,0.000318057165714,0.0000930934111238,0.000084751729446,0.0000867012495291,0.0000954621718847,0.0000855400649016,0.000059861347836,0.0000338596473739,0.0000207713455893,0.0000149717116074,0.00000394800053982,0.0000178391619556,0.000172567291884],"dmean2":[0.0148992575705,0.0223849434406,0.0106512894854,0.00418576598167,0.00352097232826,0.00203010323457,0.00127136230003,0.000925732892938,0.000892236654181,0.00173620972782,0.0012769169407,0.00247825682163,0.00110438652337,0.00129742070567,0.000527935510036,0.000147539787577,0.000131241235067,0.000128699146444,0.000137703114888,0.00012246890401,0.0000851934310049,0.0000460606352135,0.0000295120680676,0.0000232001966651,0.00000670654617352,0.0000259656862909,0.000245540519245],"dvar":[0.000176202214789,0.000269464479061,0.0000744247590774,0.0000139990024763,0.00000973183978203,0.00000408496907767,0.00000212190366256,9.08692982193e-7,8.55874645822e-7,0.00000471331532026,0.00000394073958887,0.0000126659633679,0.00000184577993423,0.00000286818453787,3.76462480745e-7,3.07380361164e-8,3.79772124859e-8,4.62826612591e-8,5.82652930348e-8,4.86530353783e-8,1.37964661917e-8,5.87699222621e-9,2.27372498607e-9,1.41829714639e-9,6.34196653526e-11,1.9879649038e-9,9.00211318822e-8],"dvar2":[0.000458644033642,0.000666360429022,0.000208561614272,0.0000375787458324,0.0000257775354839,0.0000105385670395,0.00000527776956005,0.00000234927483689,0.00000216325724978,0.000012224609236,0.00000957449719863,0.0000335281147272,0.00000481182587464,0.00000738365042707,9.93142407424e-7,7.42131405218e-8,8.54003943118e-8,9.28310015524e-8,1.21786158047e-7,9.5869772565e-8,2.87728791903e-8,1.13372902177e-8,4.11355660646e-9,3.08222203316e-9,1.48925746735e-10,3.74505715328e-9,1.84683358384e-7],"max":[0.158653259277,0.212136253715,0.0809117257595,0.0458070859313,0.0427556782961,0.0438162945211,0.0472415052354,0.0182989053428,0.0239413883537,0.0616705901921,0.0508985221386,0.059722468257,0.0236334633082,0.0395773090422,0.0112184714526,0.0057383957319,0.00505349272862,0.00526159303263,0.00643798243254,0.00821236241609,0.00346477818675,0.00415104534477,0.00279948441312,0.0013968332205,0.000284000416286,0.00237696664408,0.0069031054154],"mean":[0.0103925624862,0.0204672850668,0.0074478383176,0.00262590777129,0.00298823113553,0.00164739566389,0.00105978234205,0.0007639703108,0.000889912655111,0.00164442858659,0.001320281066,0.00263148755766,0.00127094716299,0.00159894442186,0.000567030918319,0.000161397809279,0.000143990357174,0.000153764573042,0.00017269262753,0.000153568660608,0.000113431160571,0.000064475745603,0.0000398665906687,0.0000191974759218,0.00000367828988601,0.0000285082369373,0.000462053343654],"median":[0.00483136530966,0.0144140776247,0.00425247615203,0.00124374660663,0.00169053534046,0.000910057045985,0.000534247490577,0.000386897940189,0.000482747214846,0.000659327371977,0.000329187692842,0.000621907995082,0.000445465382654,0.000413200294133,0.000207548087928,0.0000614555319771,0.0000533021557203,0.000048953028454,0.0000578337785555,0.0000522421178175,0.000041345563659,0.0000261415952991,0.0000151430504047,0.00000538554195373,0.00000116588898891,0.00000958601413004,0.00020722480258],"min":[6.78103335292e-24,3.54305799973e-23,1.93830445042e-23,5.15283564637e-23,3.64148669923e-23,1.32461156071e-22,6.09417516042e-23,4.0596249464e-23,6.25242759998e-23,5.85286197842e-23,6.25840653455e-23,5.46979806482e-23,1.49268550787e-22,2.18178630571e-22,1.40960785226e-22,1.57051086446e-22,2.08635256397e-22,1.01440071875e-22,1.88298157203e-22,5.62564252225e-22,4.45769469835e-22,6.13223763599e-22,7.16833234518e-22,8.15027459313e-22,1.18728276682e-21,1.55513852764e-21,2.58448301086e-21],"var":[0.000217680208152,0.000443065364379,0.0000843021698529,0.0000156001642608,0.0000143631659739,0.00000532713966095,0.00000319472314914,0.00000137360598274,0.00000175255036083,0.00000845261820359,0.00000825549705041,0.0000267078776233,0.00000446681724497,0.00000857391387399,7.89785133293e-7,6.02627352464e-8,6.82079743797e-8,9.85528316733e-8,1.22280326309e-7,1.04878900231e-7,3.41926806868e-8,1.34354856129e-8,5.70779157272e-9,2.24364304913e-9,6.47742345872e-11,4.25125135095e-9,4.13724279724e-7]},"barkbands_crest":{"dmean":3.01193928719,"dmean2":4.97657060623,"dvar":6.0714225769,"dvar2":15.5517578125,"max":24.5734329224,"mean":10.8221960068,"median":10.2562990189,"min":2.50059652328,"var":17.8026657104},"barkbands_flatness_db":{"dmean":0.0330117046833,"dmean2":0.0510219112039,"dvar":0.000931148941163,"dvar2":0.0020851304289,"max":0.645918548107,"mean":0.162876725197,"median":0.1543071419,"min":0.0274868831038,"var":0.00424161367118},"barkbands_kurtosis":{"dmean":9.49055194855,"dmean2":15.1042146683,"dvar":296.691497803,"dvar2":711.92767334,"max":309.733398438,"mean":14.963303566,"median":5.71644115448,"min":-1.92249810696,"var":628.092834473},"barkbands_skewness":{"dmean":0.943217456341,"dmean2":1.46998691559,"dvar":0.941709756851,"dvar2":2.15184926987,"max":12.5508861542,"mean":2.58084201813,"median":2.12697458267,"min":-1.77120125294,"var":3.74783277512},"barkbands_spread":{"dmean":6.14673280716,"dmean2":9.57488822937,"dvar":53.5261955261,"dvar2":120.201118469,"max":136.444396973,"mean":19.9920978546,"median":17.155538559,"min":0.185315623879,"var":274.941345215},"dissonance":{"dmean":0.0228362716734,"dmean2":0.0391800180078,"dvar":0.000760943628848,"dvar2":0.00217518536374,"max":0.500000119209,"mean":0.466889083385,"median":0.476690262556,"min":0.183195978403,"var":0.00114937324543},"dynamic_complexity":4.55084180832,"erbbands":{"dmean":[0.657355904579,2.43863224983,6.49761343002,7.93138504028,5.59643507004,8.15520477295,11.0007419586,9.87924575806,10.7129430771,11.1583366394,12.0646600723,12.8316478729,16.4431724548,35.5175743103,36.052318573,69.2188491821,30.8313503265,39.5792121887,24.4017181396,7.67102241516,4.98951816559,4.68465328217,4.65224790573,4.79357290268,4.57890176773,4.00516080856,3.11071515083,1.85376393795,1.29684650898,0.841877281666,0.559898495674,0.341467469931,0.245243668556,0.0612684004009,0.023273319006,0.0536364354193,0.0370604433119,0.0215860642493,0.0150773571804,0.00419659586623],"dmean2":[1.08027088642,4.07922363281,11.2232904434,13.7756118774,9.54658794403,13.8734416962,18.1141262054,16.7347774506,17.7139453888,18.697479248,20.082151413,21.0312404633,27.4754753113,58.3353843689,58.3918113708,113.737052917,50.1993980408,64.0487060547,40.2671737671,12.2742137909,7.8074092865,7.15941524506,6.87405729294,6.89761447906,6.61808872223,5.7051897049,4.51207780838,2.56108021736,1.7829669714,1.1733109951,0.803691983223,0.51185387373,0.385244220495,0.100929312408,0.0394252762198,0.0843508541584,0.0536719076335,0.0285258404911,0.0201440416276,0.00600807135925],"dvar":[0.786993026733,8.80564594269,79.837272644,135.874252319,66.1517105103,178.275924683,382.111328125,263.450012207,561.174255371,323.057098389,511.391174316,491.634765625,1428.48413086,5190.63964844,8700.38964844,28934.5214844,3995.01513672,7006.06982422,2306.15380859,169.489364624,95.6488723755,117.380569458,124.779846191,162.643844604,138.99446106,107.661094666,41.6614723206,11.9858560562,8.16142654419,5.00021696091,1.68758702278,0.561236083508,0.568285703659,0.0200352929533,0.00157341116574,0.0249002352357,0.00855579413474,0.00383668276481,0.00104044855107,0.0000476166715089],"dvar2":[1.90843737125,22.9496498108,223.066482544,372.880432129,178.904891968,472.285125732,944.358032227,719.87677002,1405.54284668,803.360168457,1298.17407227,1233.84985352,3771.02929688,13058.8515625,21577.5351562,76817.84375,10356.7509766,17593.3242188,6187.42724609,431.298065186,226.701797485,259.687469482,253.932556152,323.674377441,281.037322998,220.047912598,86.0222320557,24.0390300751,16.7829341888,9.27256774902,3.14831733704,1.18895530701,1.28179037571,0.0446988493204,0.00390457129106,0.0551913976669,0.0169082637876,0.00573454238474,0.00197165692225,0.00010045664385],"max":[9.43846607208,34.4115905762,93.7677230835,130.341766357,137.216812134,211.926315308,475.575653076,398.496246338,828.577270508,652.042602539,510.229248047,542.090332031,1313.34643555,2253.51171875,2413.94848633,3020.59521484,1219.45715332,1964.26367188,1055.54907227,272.202606201,305.161193848,275.254455566,313.998504639,289.261016846,433.188323975,385.198638916,194.752838135,90.7619247437,145.195220947,137.842758179,72.4484024048,34.9335174561,20.8184318542,4.61291646957,0.880094945431,3.35074710846,4.90150594711,4.86837625504,1.03079104424,0.158583179116],"mean":[0.906864285469,3.44328355789,8.49024677277,9.58375167847,7.22741031647,10.5647783279,14.6488208771,13.1563844681,14.6356964111,15.8241882324,17.9534187317,21.3025875092,27.7233867645,61.098236084,66.6926040649,119.436401367,66.4387359619,82.663192749,51.1407356262,15.817483902,9.19042778015,8.30473136902,8.36841011047,8.79504680634,8.49641418457,7.16317558289,5.67572259903,3.56822490692,2.45731592178,1.63438618183,1.05704462528,0.531124055386,0.262750536203,0.0605935715139,0.0229109302163,0.0577669814229,0.0597797520459,0.0455513969064,0.0342616215348,0.0141016440466],"median":[0.498824119568,2.35545825958,5.38846969604,5.56546783447,4.20004272461,5.41681146622,6.82507801056,7.26821517944,6.93920993805,8.86824035645,9.35997200012,11.5487289429,14.5777492523,23.7280349731,16.9158706665,29.0085029602,23.9647483826,23.625951767,17.5677185059,6.54142475128,3.52293372154,3.05324840546,2.80461907387,2.7404718399,2.90524578094,2.46374416351,1.90742826462,1.39443635941,0.99696969986,0.643698334694,0.403476715088,0.193537071347,0.0437775924802,0.0169906113297,0.00885794498026,0.00968377292156,0.0196811333299,0.01895859465,0.0125295193866,0.00800075568259],"min":[6.41343411074e-22,9.44496391501e-21,1.99322367942e-20,1.18732445301e-19,9.51639435364e-20,1.58039925838e-19,4.09658587578e-19,1.39649542396e-18,1.11925860383e-18,7.57012225359e-19,8.0553339932e-19,1.19527660552e-18,2.87116727402e-18,1.72569242145e-18,2.11090329828e-18,2.69771391022e-18,6.74000701102e-18,1.08222124035e-17,1.00379517114e-17,6.3576200254e-18,9.5998611426e-18,1.10545202883e-17,6.87718085354e-18,6.42960459102e-18,1.36784232181e-17,2.39402629429e-17,2.36228356915e-17,1.81040686243e-17,1.84440795607e-17,2.35618840609e-17,2.13247989097e-17,1.86287989177e-17,1.21566102415e-17,9.27728055604e-18,1.12050704685e-17,6.45974002151e-18,2.71366526115e-18,1.30690173406e-18,3.3764292513e-19,3.97156263145e-20],"var":[1.17874610424,13.8759565353,95.3492202759,153.469619751,82.9483947754,228.302032471,524.036315918,323.288299561,779.901794434,570.999572754,864.546875,1001.76641846,2216.22314453,11407.7988281,19149.3886719,57571.234375,11428.1044922,21047.8515625,6717.81005859,446.899414062,199.1121521,220.949920654,262.365325928,341.92288208,299.135894775,221.794525146,102.794082642,30.8029079437,18.1870307922,10.9653453827,4.01141262054,1.12469208241,0.729723751545,0.0230790749192,0.00162903429009,0.0324045009911,0.0184224285185,0.0099791623652,0.00390976155177,0.00026546762092]},"erbbands_crest":{"dmean":2.67959785461,"dmean2":4.3771905899,"dvar":6.1458106041,"dvar2":15.3840427399,"max":31.3289928436,"mean":8.91830062866,"median":8.04354286194,"min":2.05560541153,"var":18.0804386139},"erbbands_flatness_db":{"dmean":0.0235023666173,"dmean2":0.0354533083737,"dvar":0.000491759041324,"dvar2":0.0010914496379,"max":0.421212613583,"mean":0.14661321044,"median":0.136948317289,"min":0.0261902082711,"var":0.00325953727588},"erbbands_kurtosis":{"dmean":1.55015003681,"dmean2":2.47745037079,"dvar":8.59158420563,"dvar2":21.9843406677,"max":87.5544281006,"mean":2.18158388138,"median":0.555895805359,"min":-1.69024181366,"var":24.4247169495},"erbbands_skewness":{"dmean":0.412915438414,"dmean2":0.645545005798,"dvar":0.160816326737,"dvar2":0.391187936068,"max":7.61910533905,"mean":0.00316119659692,"median":0.0354364812374,"min":-3.12577486038,"var":0.742753207684},"erbbands_spread":{"dmean":7.62045240402,"dmean2":11.6140794754,"dvar":66.3087539673,"dvar2":142.200653076,"max":137.469802856,"mean":31.1157417297,"median":28.1120147705,"min":1.04607152939,"var":400.575286865},"gfcc":{"cov":[[22770.3671875,2162.5949707,-1408.69677734,712.721130371,684.323547363,-1000.44262695,482.904174805,-720.822143555,575.010803223,73.9776763916,99.8061141968,-134.221511841,-462.063079834],[2162.5949707,1233.88598633,-89.8328170776,-185.525238037,206.174209595,-67.4209518433,116.875259399,-173.950744629,124.175285339,-10.4964113235,80.6339645386,-81.852935791,-10.1886501312],[-1408.69677734,-89.8328170776,601.169067383,304.952178955,-154.20513916,93.6152877808,-153.804260254,220.69569397,-66.9682540894,63.7031822205,-24.1574573517,42.1488838196,47.3466072083],[712.721130371,-185.525238037,304.952178955,704.422119141,34.17603302,-138.693511963,-6.04440593719,146.984832764,85.6010284424,59.1448287964,-36.9701805115,95.9208984375,-51.5347442627],[684.323547363,206.174209595,-154.20513916,34.17603302,255.358276367,15.4613752365,104.482704163,-35.9112434387,71.2385482788,0.0353269129992,30.1448249817,-26.0520763397,-7.28931713104],[-1000.44262695,-67.4209518433,93.6152877808,-138.693511963,15.4613752365,278.67880249,-23.1954727173,85.8303756714,-71.367767334,37.3537521362,10.5107336044,-31.036491394,47.9866714478],[482.904174805,116.875259399,-153.804260254,-6.04440593719,104.482704163,-23.1954727173,202.545684814,-61.1142539978,70.4590072632,-44.2425231934,17.0526123047,20.509803772,-22.4828586578],[-720.822143555,-173.950744629,220.69569397,146.984832764,-35.9112434387,85.8303756714,-61.1142539978,210.69543457,-16.62241745,52.5550231934,-10.7162799835,17.5284080505,41.2598991394],[575.010803223,124.175285339,-66.9682540894,85.6010284424,71.2385482788,-71.367767334,70.4590072632,-16.62241745,120.267219543,30.0402183533,9.93476104736,5.9166970253,-35.8160171509],[73.9776763916,-10.4964113235,63.7031822205,59.1448287964,0.0353269129992,37.3537521362,-44.2425231934,52.5550231934,30.0402183533,98.8386230469,25.5475330353,-10.6972837448,-5.01020240784],[99.8061141968,80.6339645386,-24.1574573517,-36.9701805115,30.1448249817,10.5107336044,17.0526123047,-10.7162799835,9.93476104736,25.5475330353,55.105091095,11.7900075912,10.4198493958],[-134.221511841,-81.852935791,42.1488838196,95.9208984375,-26.0520763397,-31.036491394,20.509803772,17.5284080505,5.9166970253,-10.6972837448,11.7900075912,74.6620407104,15.8031568527],[-462.063079834,-10.1886501312,47.3466072083,-51.5347442627,-7.28931713104,47.9866714478,-22.4828586578,41.2598991394,-35.8160171509,-5.01020240784,10.4198493958,15.8031568527,71.0606460571]],"icov":[[0.000112643923785,-0.00032332065166,0.000631019356661,-0.000506412121467,0.000294297584333,0.0000270951277344,-0.0000334701835527,-0.0000685966733727,0.000462704279926,-0.000343709456502,0.0000579599363846,0.000164724609931,0.000103374077298],[-0.00032332065166,0.00286463508382,-0.00365462712944,0.00212095701136,-0.00192029087339,0.000565764727071,-0.000111632332846,0.00196344405413,-0.00408822437748,0.00258372351527,-0.00315441587009,0.00253197317943,-0.00145174947102],[0.000631019356661,-0.00365462712944,0.0111465938389,-0.00804764777422,0.00755388149992,-0.0041051148437,0.00215440639295,-0.00314757274464,0.0032559602987,0.000690831860993,-0.00203086435795,0.00289590819739,-0.00228423322551],[-0.000506412121467,0.00212095701136,-0.00804764777422,0.0113705666736,-0.0094740120694,0.00631362292916,-0.00160696764942,-0.00220537558198,0.00150028348435,-0.00702394638211,0.0102085908875,-0.012751204893,0.00775589607656],[0.000294297584333,-0.00192029087339,0.00755388149992,-0.0094740120694,0.0152375567704,-0.00700192060322,0.0000361753918696,0.000813055259641,-0.00579245621338,0.00854096282274,-0.0119664836675,0.0138169955462,-0.00807014200836],[0.0000270951277344,0.000565764727071,-0.0041051148437,0.00631362292916,-0.00700192060322,0.0119495084509,-0.00502735050395,-0.00319066666998,0.00956591032445,-0.0115419635549,0.00814341194928,-0.00478723179549,0.00292376708239],[-0.0000334701835527,-0.000111632332846,0.00215440639295,-0.00160696764942,0.0000361753918696,-0.00502735050395,0.0130675444379,0.000272450211924,-0.00974064692855,0.0117320083082,-0.00657510152087,-0.0019676417578,0.00185978983063],[-0.0000685966733727,0.00196344405413,-0.00314757274464,-0.00220537558198,0.000813055259641,-0.00319066666998,0.000272450211924,0.0133154047653,-0.00523237930611,-0.000119122429169,-0.00134800502565,0.00482558412477,-0.0085949357599],[0.000462704279926,-0.00408822437748,0.0032559602987,0.00150028348435,-0.00579245621338,0.00956591032445,-0.00974064692855,-0.00523237930611,0.0332918092608,-0.0243508759886,0.0170509591699,-0.0124002099037,0.00956373289227],[-0.000343709456502,0.00258372351527,0.000690831860993,-0.00702394638211,0.00854096282274,-0.0115419635549,0.0117320083082,-0.000119122429169,-0.0243508759886,0.0417016893625,-0.032089497894,0.019647045061,-0.00396435242146],[0.0000579599363846,-0.00315441587009,-0.00203086435795,0.0102085908875,-0.0119664836675,0.00814341194928,-0.00657510152087,-0.00134800502565,0.0170509591699,-0.032089497894,0.0523786395788,-0.0294504538178,0.00585749698803],[0.000164724609931,0.00253197317943,0.00289590819739,-0.012751204893,0.0138169955462,-0.00478723179549,-0.0019676417578,0.00482558412477,-0.0124002099037,0.019647045061,-0.0294504538178,0.0459825992584,-0.0192894935608],[0.000103374077298,-0.00145174947102,-0.00228423322551,0.00775589607656,-0.00807014200836,0.00292376708239,0.00185978983063,-0.0085949357599,0.00956373289227,-0.00396435242146,0.00585749698803,-0.0192894935608,0.0324315652251]],"mean":[-15.3946914673,98.9183578491,-82.8957595825,0.691431879997,-15.6856336594,3.04036879539,8.65102100372,-19.8931655884,-6.15875101089,-5.69345188141,-2.1136276722,-0.783955693245,-10.1160583496]},"hfc":{"dmean":24.0510215759,"dmean2":35.1489295959,"dvar":1497.4161377,"dvar2":3339.65893555,"max":1545.35766602,"mean":85.669631958,"median":67.0670928955,"min":1.19722548441e-16,"var":6566.20361328},"melbands":{"dmean":[0.00487320264801,0.00316884415224,0.00124267616775,0.00045375758782,0.000380391691579,0.000220101122977,0.000157794522238,0.000118635492981,0.000101023259049,0.0000790972844698,0.0000885610934347,0.000155259651365,0.0001123619586,0.000158083144925,0.000124542639242,0.0000680938755977,0.0000802404028946,0.0000467245881737,0.0000187194964383,0.00000688586533215,0.00000594070070292,0.00000526853682459,0.00000460335195385,0.00000427608256359,0.00000414481064581,0.00000383385031455,0.00000330586090058,0.00000270035889116,0.00000216067110159,0.00000149905577018,0.00000104499065401,7.86919258644e-7,6.42195857381e-7,4.45676931804e-7,3.51526836084e-7,2.85068438188e-7,1.82892051726e-7,1.83098364914e-7,1.19001484222e-7,3.33311618306e-8],"dmean2":[0.00791996810585,0.00538829993457,0.00214713253081,0.000766576849855,0.000627655594144,0.000371149013517,0.000259845372057,0.000198104928131,0.000167512989719,0.000130009037093,0.00014847406419,0.000255623832345,0.000182644595043,0.000262549845502,0.000203772418899,0.000111084613309,0.000130624117446,0.0000774297659518,0.0000308093913191,0.0000109615011752,0.00000942567385209,0.0000083053155322,0.00000698060694049,0.00000637932726022,0.00000611182304056,0.00000570884139961,0.00000492181834488,0.0000039715814637,0.000003183910394,0.00000224167911256,0.00000148475817241,0.00000112257168894,9.09691891593e-7,6.57369923829e-7,5.1967674608e-7,4.22025522084e-7,2.85962443058e-7,2.89291023137e-7,1.91095239188e-7,5.68908333776e-8],"dvar":[0.0000392218935303,0.0000154977169586,0.00000320688172906,4.5028653517e-7,4.16371705114e-7,1.28014832512e-7,1.06530706034e-7,3.57794789352e-8,3.69068580142e-8,1.77288281833e-8,4.10846539012e-8,1.01091075067e-7,8.20008310143e-8,1.39692090784e-7,7.70937944594e-8,1.84622521715e-8,3.10064862674e-8,8.99870133964e-9,1.15447529314e-9,1.50563131407e-10,1.43518877338e-10,1.5140794174e-10,1.16787385318e-10,1.12216451409e-10,1.2310837072e-10,1.01297130406e-10,8.0529055646e-11,5.02390351542e-11,2.13451912395e-11,9.63268700915e-12,3.78282518157e-12,2.76709904989e-12,2.56760454911e-12,1.40934811564e-12,6.95543340805e-13,3.62456213047e-13,1.87344809262e-13,3.39773321241e-13,1.2856430059e-13,4.33402957484e-15],"dvar2":[0.0000936650321819,0.0000428188577644,0.00000877692036738,0.00000121903394756,0.00000103625654901,3.4365365309e-7,2.67197407311e-7,9.04837946791e-8,9.33902484235e-8,4.49255672663e-8,1.09146199634e-7,2.5596008868e-7,2.00926280058e-7,3.74924923108e-7,2.00247214366e-7,4.72833328047e-8,7.76607009811e-8,2.4575458113e-8,3.0654034866e-9,3.64871577396e-10,3.47243872545e-10,3.55368096061e-10,2.53717907794e-10,2.28390945045e-10,2.56396903708e-10,2.23544363576e-10,1.65321076273e-10,1.12757324311e-10,4.43394661265e-11,2.21029115149e-11,7.87630551058e-12,6.0278631045e-12,4.83423197306e-12,2.75968766068e-12,1.3399275179e-12,7.47259350752e-13,4.23099326841e-13,7.82787842792e-13,2.8467403131e-13,1.0382430118e-14],"max":[0.0737417638302,0.0440073050559,0.0203162375838,0.0102093918249,0.0125782089308,0.00816233642399,0.0113925151527,0.00606388552114,0.00505748018622,0.00292206089944,0.00669335201383,0.0100242309272,0.00737972650677,0.00644571706653,0.00511508714408,0.00306667480618,0.0044824462384,0.0019099683268,0.000511900463607,0.000306355970679,0.000370428344468,0.000318260426866,0.000271406664979,0.000233209415455,0.000234602659475,0.000295154430205,0.000372432114091,0.000218599379878,0.00015039947175,0.000108239692054,0.0000519156637893,0.000072300004831,0.0000969113025349,0.0000713571935194,0.0000445511759608,0.0000298299692076,0.0000188740850717,0.0000172023519553,0.00000863903824211,0.00000257671081272],"mean":[0.0074313422665,0.00455015944317,0.00159828306641,0.000610651099123,0.000525083625689,0.000299576524412,0.00021875964012,0.000167756981682,0.000150545805809,0.000128490049974,0.000141828582855,0.000251859077252,0.000193873987882,0.000281124259345,0.000233385711908,0.000131782857352,0.000159012619406,0.0000922422332224,0.0000338663885486,0.000012376093764,0.0000100371898952,0.00000857033865032,0.00000776045635575,0.00000729189741833,0.00000708663810656,0.00000660989826429,0.00000561449542147,0.00000450704828836,0.00000377591754841,0.00000261772879639,0.00000188952435565,0.00000141453199376,0.00000113866292395,8.21254388939e-7,6.33604713585e-7,4.94633241033e-7,2.39458472606e-7,1.89667190398e-7,1.16074708956e-7,3.04761442749e-8],"median":[0.00481664668769,0.00337067758664,0.00101279653609,0.000351227587089,0.000253637845162,0.000168262748048,0.000107736341306,0.0000921885002754,0.0000769372782088,0.0000676702038618,0.0000711435277481,0.0000960918623605,0.0000477049252368,0.0000688374057063,0.0000623279847787,0.0000445617552032,0.000040689123125,0.0000288139581244,0.0000127131206682,0.00000478535184811,0.00000372605427401,0.00000304790046357,0.00000274951298707,0.00000222901940106,0.00000214977808355,0.00000215776753976,0.00000186411193681,0.00000149721540765,0.00000121213781767,9.46673253566e-7,7.22794538888e-7,5.68911332266e-7,4.43192959665e-7,3.16612386086e-7,2.3719567821e-7,1.85703541433e-7,7.54022693172e-8,2.42306832376e-8,1.69964486929e-8,1.00345705079e-8],"min":[8.91618005621e-24,1.14289954956e-23,1.96309109115e-23,7.63580358677e-24,1.31399425023e-23,2.96752685584e-23,1.57467317859e-23,7.96415668338e-24,6.21165208977e-24,9.04233074787e-24,1.36509949957e-23,5.98717698602e-24,8.14439877845e-24,5.57235645116e-24,1.03092744938e-23,1.78474084231e-23,1.92521503919e-23,1.66816345105e-23,8.71856882173e-24,1.01190651412e-23,1.1076584508e-23,1.21078355481e-23,8.97151549327e-24,4.55091095209e-24,4.86740668043e-24,8.3374866845e-24,1.15512271263e-23,1.79008079954e-23,1.73076177269e-23,9.5503800478e-24,1.05702194261e-23,1.04949510517e-23,1.23570327637e-23,1.30673034013e-23,1.1096655496e-23,1.27694224237e-23,1.0770981371e-23,9.15835719867e-24,6.70878868236e-24,7.91412318047e-24],"var":[0.0000644141982775,0.0000205411433853,0.00000370672933059,6.06687137861e-7,5.97620100962e-7,1.65412828323e-7,1.5215186977e-7,6.1704056975e-8,6.69549891086e-8,3.45416957259e-8,6.09181682876e-8,2.04888365829e-7,1.71506599145e-7,3.06651912751e-7,1.82286811423e-7,4.82594764151e-8,8.668907725e-8,2.45706583968e-8,2.53126875016e-9,3.07574937741e-10,2.70018257753e-10,2.53138815465e-10,2.13849160602e-10,2.32380170662e-10,2.36265840226e-10,1.90343157902e-10,1.53825355231e-10,9.01855048974e-11,5.09972584994e-11,1.89814414187e-11,8.91807634684e-12,5.77394859355e-12,5.52688363825e-12,2.86688077791e-12,1.53755448044e-12,8.12805497821e-13,3.07813616176e-13,4.29201704559e-13,1.50276465534e-13,4.29006263565e-15]},"melbands_crest":{"dmean":4.94827842712,"dmean2":8.14816379547,"dvar":17.1182231903,"dvar2":42.3590965271,"max":38.3212585449,"mean":18.3030509949,"median":17.7708854675,"min":2.59850859642,"var":46.5331344604},"melbands_flatness_db":{"dmean":0.0403831377625,"dmean2":0.061845112592,"dvar":0.00125256052706,"dvar2":0.00277134729549,"max":0.811613082886,"mean":0.274833291769,"median":0.268518686295,"min":0.00580555200577,"var":0.0062464736402},"melbands_kurtosis":{"dmean":15.5925006866,"dmean2":24.9932956696,"dvar":782.080566406,"dvar2":1916.49499512,"max":413.39352417,"mean":25.0186767578,"median":9.53056430817,"min":-1.80448710918,"var":1736.8079834},"melbands_skewness":{"dmean":1.16541683674,"dmean2":1.81334769726,"dvar":1.40007102489,"dvar2":3.27268671989,"max":16.5749111176,"mean":3.28392624855,"median":2.78853654861,"min":-2.42010402679,"var":6.67027139664},"melbands_spread":{"dmean":6.00263977051,"dmean2":9.43289375305,"dvar":57.2182273865,"dvar2":137.88269043,"max":209.468017578,"mean":17.0081748962,"median":13.0577201843,"min":0.144154280424,"var":243.802856445},"mfcc":{"cov":[[14672.8398438,2249.37329102,-1047.74926758,1150.41723633,-90.8934249878,562.605285645,-344.194610596,-34.3232574463,-282.005889893,403.589660645,122.607574463,152.159606934,-100.719100952],[2249.37329102,1650.79248047,-187.548233032,-65.7624893188,9.97311592102,221.521652222,41.987121582,-34.3426246643,-58.4531517029,70.1236495972,103.479377747,-22.6291046143,15.1498117447],[-1047.74926758,-187.548233032,708.174377441,108.70085144,111.338104248,-142.733840942,24.3622074127,-16.3733463287,70.5373916626,-48.5640068054,-19.0261058807,50.9458847046,-8.67984962463],[1150.41723633,-65.7624893188,108.70085144,687.912658691,49.7407531738,9.25655078888,-142.377349854,104.272148132,9.61040210724,67.958694458,-17.62940979,68.1504821777,33.8121147156],[-90.8934249878,9.97311592102,111.338104248,49.7407531738,213.912567139,-11.5541687012,56.0255393982,-20.5034561157,62.0897903442,13.1846380234,44.902633667,10.4087333679,24.6556015015],[562.605285645,221.521652222,-142.733840942,9.25655078888,-11.5541687012,174.398529053,26.9299430847,29.9044914246,-24.8854656219,46.5505561829,17.6511650085,8.97809123993,-5.91026878357],[-344.194610596,41.987121582,24.3622074127,-142.377349854,56.0255393982,26.9299430847,149.804260254,20.6632938385,40.0066108704,-21.4131984711,14.7256784439,-11.3348093033,14.8778581619],[-34.3232574463,-34.3426246643,-16.3733463287,104.272148132,-20.5034561157,29.9044914246,20.6632938385,116.793609619,33.103427887,4.06925964355,-23.3687362671,6.12581729889,23.1449794769],[-282.005889893,-58.4531517029,70.5373916626,9.61040210724,62.0897903442,-24.8854656219,40.0066108704,33.103427887,91.7751922607,13.2958078384,14.3408050537,3.22170495987,24.9705448151],[403.589660645,70.1236495972,-48.5640068054,67.958694458,13.1846380234,46.5505561829,-21.4131984711,4.06925964355,13.2958078384,85.029876709,39.8205299377,22.8328266144,-5.11758565903],[122.607574463,103.479377747,-19.0261058807,-17.62940979,44.902633667,17.6511650085,14.7256784439,-23.3687362671,14.3408050537,39.8205299377,77.8448944092,18.7160758972,9.01311397552],[152.159606934,-22.6291046143,50.9458847046,68.1504821777,10.4087333679,8.97809123993,-11.3348093033,6.12581729889,3.22170495987,22.8328266144,18.7160758972,62.3371543884,15.2182607651],[-100.719100952,15.1498117447,-8.67984962463,33.8121147156,24.6556015015,-5.91026878357,14.8778581619,23.1449794769,24.9705448151,-5.11758565903,9.01311397552,15.2182607651,66.3737869263]],"icov":[[0.00015752366744,-0.000215543259401,0.000305984780425,-0.000387837761082,0.0000325256369251,0.0000368003638869,-0.000195720305783,0.00041967688594,-0.0000758784080972,-0.000140376665513,0.000317889032885,-0.000541790679563,0.000513318984304],[-0.000215543259401,0.00116098171566,-0.000633354997262,0.000497239059769,0.000131083317683,-0.00121417001355,0.000252841069596,-0.000289699586574,0.00067660829518,0.0000752563792048,-0.00163723365404,0.00194755243137,-0.00151362002362],[0.000305984780425,-0.000633354997262,0.0032253570389,-0.00145583390258,-0.000532338221092,0.00178982911166,-0.00141003797762,0.00183026865125,-0.00233984692022,0.00171469419729,0.00176378083415,-0.00454743625596,0.00362287182361],[-0.000387837761082,0.000497239059769,-0.00145583390258,0.00474430480972,-0.00276555679739,0.0000442078089691,0.00476931920275,-0.00580647122115,0.00256769568659,-0.00213139643893,0.000485442462377,0.000148874794831,-0.00255268439651],[0.0000325256369251,0.000131083317683,-0.000532338221092,-0.00276555679739,0.00965542159975,-0.00129376235418,-0.00441972864792,0.00627436675131,-0.00574000412598,0.00145134504419,-0.00349108246155,0.00168207276147,-0.00118068058509],[0.0000368003638869,-0.00121417001355,0.00178982911166,0.0000442078089691,-0.00129376235418,0.0124028204009,-0.00414591096342,-0.00392757542431,0.00551312789321,-0.00666436180472,0.00242270110175,-0.00309329805896,0.0022207160946],[-0.000195720305783,0.000252841069596,-0.00141003797762,0.00476931920275,-0.00441972864792,-0.00414591096342,0.0161322616041,-0.0068719945848,-0.00241416296922,0.00488727586344,-0.00305894948542,0.0010607149452,-0.00145862146746],[0.00041967688594,-0.000289699586574,0.00183026865125,-0.00580647122115,0.00627436675131,-0.00392757542431,-0.0068719945848,0.0216998625547,-0.0106138046831,0.00181111809798,0.00548803573474,-0.00164978730027,-0.00104101491161],[-0.0000758784080972,0.00067660829518,-0.00233984692022,0.00256769568659,-0.00574000412598,0.00551312789321,-0.00241416296922,-0.0106138046831,0.0263382121921,-0.0112403100356,-0.000957191630732,0.00501079857349,-0.00681250216439],[-0.000140376665513,0.0000752563792048,0.00171469419729,-0.00213139643893,0.00145134504419,-0.00666436180472,0.00488727586344,0.00181111809798,-0.0112403100356,0.0288903135806,-0.0118990307674,-0.00554818054661,0.00756436353549],[0.000317889032885,-0.00163723365404,0.00176378083415,0.000485442462377,-0.00349108246155,0.00242270110175,-0.00305894948542,0.00548803573474,-0.000957191630732,-0.0118990307674,0.026993855834,-0.00756781548262,-0.00136382039636],[-0.000541790679563,0.00194755243137,-0.00454743625596,0.000148874794831,0.00168207276147,-0.00309329805896,0.0010607149452,-0.00164978730027,0.00501079857349,-0.00554818054661,-0.00756781548262,0.0287216939032,-0.0103705171496],[0.000513318984304,-0.00151362002362,0.00362287182361,-0.00255268439651,-0.00118068058509,0.0022207160946,-0.00145862146746,-0.00104101491161,-0.00681250216439,0.00756436353549,-0.00136382039636,-0.0103705171496,0.0250001884997]],"mean":[-674.391113281,157.527877808,-6.28506278992,23.5149784088,-5.60289764404,31.9528884888,11.464972496,12.2563095093,-4.23370265961,8.04040908813,0.936437904835,3.43060398102,0.131853312254]},"pitch_salience":{"dmean":0.0953999385238,"dmean2":0.158422365785,"dvar":0.00639668665826,"dvar2":0.016490098089,"max":0.829713761806,"mean":0.515157103539,"median":0.530703425407,"min":0.0898085311055,"var":0.0177304241806},"silence_rate_20dB":{"dmean":0,"dmean2":0,"dvar":0,"dvar2":0,"max":1,"mean":1,"median":1,"min":1,"var":0},"silence_rate_30dB":{"dmean":0.113593421876,"dmean2":0.227212101221,"dvar":0.100689955056,"dvar2":0.228499159217,"max":1,"mean":0.890531241894,"median":1,"min":0,"var":0.0974853560328},"silence_rate_60dB":{"dmean":0.0106702232733,"dmean2":0.0213428195566,"dvar":0.0105563700199,"dvar2":0.0233328342438,"max":1,"mean":0.0783507451415,"median":0,"min":0,"var":0.0722119063139},"spectral_centroid":{"dmean":211.676879883,"dmean2":315.670196533,"dvar":63220.2695312,"dvar2":115193.804688,"max":11594.4980469,"mean":1027.08483887,"median":945.1328125,"min":84.6121292114,"var":349643.9375},"spectral_complexity":{"dmean":3.51672768593,"dmean2":5.0457983017,"dvar":16.9790744781,"dvar2":26.3751811981,"max":59,"mean":18.8648586273,"median":18,"min":0,"var":128.80947876},"spectral_contrast_coeffs":{"dmean":[0.0558671802282,0.0488976277411,0.0390051677823,0.0301795061678,0.0186244808137,0.0482584498823],"dmean2":[0.0930509343743,0.0829312503338,0.0642168223858,0.049365196377,0.0307110305876,0.0751958265901],"dvar":[0.00193119142205,0.00149681174662,0.000944753002841,0.000617690733634,0.000248164316872,0.001741784974],"dvar2":[0.00532854767516,0.00419421400875,0.00252891331911,0.00161317863967,0.000652102928143,0.00417362945154],"max":[-0.400364875793,-0.528776288033,-0.556146979332,-0.58600205183,-0.693286955357,-0.464073419571],"mean":[-0.701094448566,-0.788309037685,-0.791423857212,-0.792321801186,-0.842216908932,-0.727883338928],"median":[-0.701775789261,-0.790842831135,-0.793191194534,-0.795695483685,-0.839397192001,-0.728738963604],"min":[-0.96880865097,-0.96667265892,-0.969196915627,-0.986703753471,-0.975085020065,-0.959922909737],"var":[0.00561963999644,0.00354696903378,0.00311132590286,0.00397764146328,0.00123602105305,0.00722772534937]},"spectral_contrast_valleys":{"dmean":[0.425622582436,0.396013736725,0.318950533867,0.306159675121,0.324301034212,0.680859386921],"dmean2":[0.696030914783,0.645265936852,0.516674101353,0.480007171631,0.464908778667,1.10097897053],"dvar":[0.142885476351,0.124780185521,0.0861559659243,0.106122292578,0.139847666025,0.356559246778],"dvar2":[0.329740166664,0.283693939447,0.196778774261,0.226261645555,0.268948793411,0.901792645454],"max":[-4.96184778214,-4.44523239136,-4.67188835144,-5.53732919693,-5.14553117752,-8.46827125549],"mean":[-6.73378610611,-6.71720552444,-6.94093847275,-7.58086681366,-7.87908172607,-11.2153997421],"median":[-6.26133918762,-6.3119802475,-6.63226222992,-7.23627471924,-7.57590198517,-10.9937210083],"min":[-26.8096923828,-27.2460803986,-27.4329528809,-27.2955951691,-27.356967926,-27.3259601593],"var":[2.85573983192,2.47069716454,2.30113816261,2.5670800209,2.37343525887,1.461627841]},"spectral_decrease":{"dmean":6.35554142647e-9,"dmean2":1.04432356096e-8,"dvar":4.96880875777e-17,"dvar2":1.23286849848e-16,"max":2.75767098046e-9,"mean":-1.42217260191e-8,"median":-1.3285945677e-8,"min":-6.98389399645e-8,"var":9.8816206968e-17},"spectral_energy":{"dmean":0.0241480823606,"dmean2":0.0396645925939,"dvar":0.000709971878678,"dvar2":0.00176532496698,"max":0.265077382326,"mean":0.0614465847611,"median":0.0589966997504,"min":1.10299768702e-20,"var":0.00156615581363},"spectral_energyband_high":{"dmean":0.000261450069956,"dmean2":0.000335600663675,"dvar":2.49051282708e-7,"dvar2":4.2641215714e-7,"max":0.0173248611391,"mean":0.000610364892054,"median":0.00027564103948,"min":8.04367956767e-21,"var":9.03682689568e-7},"spectral_energyband_low":{"dmean":0.021373655647,"dmean2":0.0350139923394,"dvar":0.000587345042732,"dvar2":0.00143300881609,"max":0.254227876663,"mean":0.0374858342111,"median":0.0306629091501,"min":8.87297304003e-23,"var":0.00104428268969},"spectral_energyband_middle_high":{"dmean":0.00298232771456,"dmean2":0.00463502202183,"dvar":0.0000268755793513,"dvar2":0.0000684413607814,"max":0.0906498432159,"mean":0.00964018795639,"median":0.00457321107388,"min":1.50087489381e-21,"var":0.00016488575784},"spectral_energyband_middle_low":{"dmean":0.00489437999204,"dmean2":0.00806466024369,"dvar":0.0000408852138207,"dvar2":0.00010269703489,"max":0.0895616486669,"mean":0.0102076847106,"median":0.00813450850546,"min":4.30188141671e-22,"var":0.0000852844532346},"spectral_entropy":{"dmean":0.190087452531,"dmean2":0.289226621389,"dvar":0.0419188849628,"dvar2":0.0997344851494,"max":9.79961681366,"mean":7.48489046097,"median":7.50812625885,"min":4.2907538414,"var":0.193486154079},"spectral_flux":{"dmean":0.0399331748486,"dmean2":0.0662574470043,"dvar":0.00182770343963,"dvar2":0.00467684492469,"max":0.437593668699,"mean":0.135295942426,"median":0.135779052973,"min":1.05023698072e-10,"var":0.00417886301875},"spectral_kurtosis":{"dmean":4.4691619873,"dmean2":6.93342876434,"dvar":48.5617218018,"dvar2":122.371322632,"max":124.458068848,"mean":15.9137535095,"median":12.6134700775,"min":-1.20391142368,"var":138.805541992},"spectral_rms":{"dmean":0.00146497576497,"dmean2":0.00235856557265,"dvar":0.00000223665279009,"dvar2":0.00000523595190316,"max":0.0160814207047,"mean":0.00714264111593,"median":0.00758668268099,"min":3.28038919813e-12,"var":0.00000893056494533},"spectral_rolloff":{"dmean":1886.71020508,"dmean2":3546.46069336,"dvar":24925224,"dvar2":63205804,"max":22050,"mean":3815.34472656,"median":1162.79296875,"min":43.06640625,"var":49166140},"spectral_skewness":{"dmean":0.372365623713,"dmean2":0.548260450363,"dvar":0.220688745379,"dvar2":0.519290745258,"max":9.64617824554,"mean":2.67926192284,"median":2.49691081047,"min":-0.0781873315573,"var":1.08304405212},"spectral_spread":{"dmean":529498,"dmean2":813629.5,"dvar":357067554816,"dvar2":675578445824,"max":40678072,"mean":4228119,"median":3985683,"min":1051036.875,"var":2880776175620},"spectral_strongpeak":{"dmean":0.996993005276,"dmean2":1.83885204792,"dvar":31.6878452301,"dvar2":89.2273025513,"max":186.663986206,"mean":0.847811877728,"median":0.255088984966,"min":0,"var":19.4898719788},"zerocrossingrate":{"dmean":0.0322058312595,"dmean2":0.0392580628395,"dvar":0.00098944560159,"dvar2":0.00135209271684,"max":0.77685546875,"mean":0.165155947208,"median":0.14208984375,"min":0.00390625,"var":0.0111388182268}},"metadata":{"audio_properties":{"analysis_sample_rate":44100,"bit_rate":192000,"codec":"mp3","downmix":"mix","equal_loudness":0,"length":208.901229858,"lossless":false,"md5_encoded":"a40eea0f987cf81ab374fab6dc46bd1d","replay_gain":-0.0840244293213,"sample_rate":44100},"tags":{"acoustid_id":["e3f87ef9-1b3f-4b19-bb06-e6bf3d4e1b55"],"album":["Silent Alarm"],"albumartist":["Bloc Party"],"artist":["Bloc Party"],"date":["2005"],"discnumber":["1/1"],"file_name":"06 - Bloc Party - She’s Hearing Voices.mp3","musicbrainz_albumartistid":["8c538f11-c141-4588-8ecb-931083524186"],"musicbrainz_albumid":["00897556-cb7a-3417-97aa-756b3fdc77c9"],"musicbrainz_artistid":["8c538f11-c141-4588-8ecb-931083524186"],"musicbrainz_recordingid":["a33d5c9c-0a07-45c0-8775-888a03a370c0"],"musicbrainz_releasegroupid":["f3f82b80-b2c5-3151-be53-5cb5803860e0"],"replaygain_album_gain":["-0.46 dB"],"replaygain_album_peak":["0.423261"],"replaygain_track_gain":["-0.59 dB"],"replaygain_track_peak":["0.394859"],"title":["She’s Hearing Voices"],"tracknumber":["6/13"]},"version":{"essentia":"2.1-beta1","essentia_build_sha":"e76a03f03bb3900de42a1fa0d9be1e72f12def64","essentia_git_sha":"v2.1_beta1-28-g21ef5f4-dirty","extractor":"music 1.0"}},"rhythm":{"beats_count":520,"beats_loudness":{"dmean":0.0280407071114,"dmean2":0.0470236353576,"dvar":0.00051815144252,"dvar2":0.00147494545672,"max":0.186355888844,"mean":0.0655787959695,"median":0.0643212646246,"min":3.05502534381e-9,"var":0.00110116240103},"beats_loudness_band_ratio":{"dmean":[0.275138318539,0.139717921615,0.0612186342478,0.0822055637836,0.0332310162485,0.0815236568451],"dmean2":[0.511960804462,0.272230923176,0.116930477321,0.136012926698,0.0625364333391,0.143067047],"dvar":[0.0338335521519,0.0105671733618,0.00247948546894,0.00732644693926,0.000473612832138,0.00661727786064],"dvar2":[0.102506332099,0.0350866355002,0.00787854753435,0.0195229444653,0.00157724297605,0.0179928950965],"max":[0.997938454151,0.517977058887,0.314018368721,0.734471678734,0.167222797871,0.704898178577],"mean":[0.551989912987,0.125073209405,0.0658010616899,0.126301273704,0.0330073945224,0.1