{"lowlevel":{"average_loudness":0.869476139545,"barkbands":{"dmean":[0.000429139676271,0.00665325857699,0.00468700937927,0.00272711901926,0.0034399384167,0.00102900201455,0.000878273043782,0.000438206654508,0.000820973538794,0.000423582532676,0.000206827462534,0.000283903093077,0.000218399683945,0.000364676932804,0.000360516045475,0.000501750095282,0.000406546343584,0.000185855256859,0.0000897695790627,0.0000441129232058,0.0000156417791004,0.0000162726246344,0.0000229869638133,0.0000218444893108,0.0000020315128495,4.85146074425e-8,1.04173576432e-8],"dmean2":[0.000611876021139,0.011372406967,0.00793270114809,0.00463317800313,0.00582352792844,0.00168018275872,0.00146665761713,0.000718408729881,0.0013331087539,0.000684474536683,0.000335011340212,0.000458362163045,0.000350591057213,0.000601846666541,0.000590491283219,0.000822299392894,0.000665573228616,0.000304729619529,0.000145238023833,0.0000727375227143,0.000025331890356,0.0000246608196903,0.0000324324719259,0.0000304683890135,0.00000293084985969,7.55969580268e-8,1.6064173991e-8],"dvar":[0.00000213238604374,0.000101769415778,0.0000520065404999,0.0000160316103575,0.0000366088715964,0.00000332861850438,0.00000354795520252,0.00000116456124033,0.00000347709328707,7.62477270655e-7,2.07521154039e-7,3.85176548434e-7,2.55573013419e-7,5.14862051659e-7,5.27584006704e-7,0.00000114657541417,6.30885608643e-7,1.17441892655e-7,3.118472236e-8,8.27389357028e-9,1.30620969596e-9,1.35334865536e-9,1.09460991382e-8,2.41935147471e-8,2.10107042875e-10,2.55577639808e-14,3.35605888647e-15],"dvar2":[0.00000379743801204,0.000290724565275,0.000141935161082,0.0000439259747509,0.0000967522355495,0.00000808348067949,0.00000919261219678,0.00000266122538051,0.00000871256906976,0.00000189094464531,5.09237565893e-7,9.3517166988e-7,5.98012661612e-7,0.00000134305537358,0.00000130586556679,0.00000302793000628,0.00000158863178967,2.73495004421e-7,7.73456036995e-8,2.14982947e-8,3.03268432589e-9,2.89239809881e-9,1.84240072088e-8,4.09051708061e-8,4.52829301834e-10,5.89507555184e-14,7.06102038479e-15],"max":[0.0523007586598,0.151217341423,0.100971058011,0.0807667672634,0.0855538547039,0.0312316324562,0.0460037216544,0.0269006714225,0.0385517328978,0.0197615996003,0.0140725122765,0.0137223331258,0.0127191627398,0.0160565581173,0.0207661148161,0.0272446293384,0.0210965275764,0.0108722951263,0.00609679613262,0.00523123750463,0.00168868224137,0.00174124632031,0.00576672470197,0.00614306796342,0.00096381327603,0.00000713352574166,0.00000307923346554],"mean":[0.000587665126659,0.0139682777226,0.00960728991777,0.00434914743528,0.00594279495999,0.00167331798002,0.00120735261589,0.000601527513936,0.00136369874235,0.000684852479026,0.000308114977088,0.000462579744635,0.000366839114577,0.000693171459716,0.000681862991769,0.000998765346594,0.000893864315003,0.000395402603317,0.00020166808099,0.000105333536339,0.0000392536203435,0.0000362333776138,0.0000439054383605,0.0000352631832357,0.00000318804882227,1.17606624883e-7,3.25085416364e-8],"median":[0.0000960912366281,0.00946078449488,0.00529176741838,0.00229512248188,0.0037467344664,0.000781152572017,0.000488883582875,0.000219612964429,0.00057417631615,0.000332926603733,0.00013348745415,0.000196241235244,0.000168980506714,0.000333328789566,0.00033906500903,0.000425502890721,0.000424767233199,0.000267319381237,0.000140472548082,0.0000752776541049,0.0000218455425056,0.0000170522635017,0.000015211146092,0.00000492640447192,7.49799767163e-7,3.87631153842e-8,2.35113279956e-8],"min":[5.08618117945e-25,2.81140974442e-24,1.44780588568e-24,5.8444051923e-25,5.80443893505e-24,2.64538173957e-24,3.75867135561e-24,2.7644938198e-24,1.35917957179e-23,1.34971355647e-23,1.09383074465e-23,2.26483732937e-23,1.95901094478e-23,4.16801285705e-23,4.61266345707e-23,5.4417089368e-23,7.09933036625e-23,5.01423310087e-23,1.28685364856e-22,1.62841275003e-22,2.21473166146e-22,3.30493692761e-22,3.68517823378e-22,5.64572830929e-22,7.70379901074e-22,1.220042532e-21,1.89132302511e-21],"var":[0.00000433506147601,0.000228142511332,0.000129494044813,0.0000336819393851,0.0000522530644957,0.00000698911389918,0.00000453131133327,0.00000182962537565,0.00000738709240977,0.00000131057583985,3.49968331648e-7,8.63698630837e-7,5.10747781846e-7,0.00000145870842516,0.0000014859537032,0.00000360433568858,0.00000211480096368,2.76875397276e-7,7.20325772363e-8,1.81981221203e-8,3.77501274684e-9,3.50529094639e-9,2.68757709421e-8,5.64401183567e-8,3.23933907476e-10,6.03661543495e-14,4.96572260647e-15]},"barkbands_crest":{"dmean":2.40640544891,"dmean2":4.04612445831,"dvar":5.2140045166,"dvar2":14.840344429,"max":24.9444999695,"mean":11.1867380142,"median":10.5300226212,"min":2.73905777931,"var":14.6085681915},"barkbands_flatness_db":{"dmean":0.0208770241588,"dmean2":0.0336039140821,"dvar":0.000394519069232,"dvar2":0.00106660928577,"max":0.496422201395,"mean":0.210356667638,"median":0.197701781988,"min":0.0587409622967,"var":0.00424773711711},"barkbands_kurtosis":{"dmean":4.30608987808,"dmean2":7.3654999733,"dvar":266.575866699,"dvar2":967.103271484,"max":587.701904297,"mean":7.68947172165,"median":3.59736633301,"min":-1.91107654572,"var":660.108215332},"barkbands_skewness":{"dmean":0.576991081238,"dmean2":0.948801040649,"dvar":0.379861533642,"dvar2":1.08918058872,"max":18.9009475708,"mean":2.00462770462,"median":1.89792275429,"min":-3.02926158905,"var":2.26028394699},"barkbands_spread":{"dmean":4.06172418594,"dmean2":6.59141349792,"dvar":20.0628910065,"dvar2":47.7942581177,"max":100.612602234,"mean":15.4794416428,"median":13.9739236832,"min":0.285446375608,"var":90.3984146118},"dissonance":{"dmean":0.0172900240868,"dmean2":0.0294364932925,"dvar":0.000438250688603,"dvar2":0.00122511596419,"max":0.500000178814,"mean":0.459265142679,"median":0.475209057331,"min":0.178108349442,"var":0.00213228934444},"dynamic_complexity":3.95708036423,"erbbands":{"dmean":[0.124330967665,1.77646160126,5.35755681992,6.36712598801,13.683347702,9.20846271515,7.58544921875,9.25119113922,11.8337469101,12.4253387451,9.73313713074,20.8714885712,14.213095665,10.362490654,7.62334299088,11.8464651108,9.36472415924,15.5205459595,21.0165081024,15.9640903473,28.8569068909,21.7249679565,10.6028318405,6.04178667068,3.37814474106,2.15317797661,0.981422543526,0.487862884998,0.553450942039,0.653829693794,0.663812398911,0.599560081959,0.265432715416,0.0465322695673,0.00526294670999,0.000502622162458,0.0000708425213816,0.0000164280718309,0.00000668519896863,0.0000130922535391],"dmean2":[0.206769227982,3.05213499069,9.07545661926,10.7742261887,23.4027023315,15.6616373062,12.6963529587,15.2264308929,19.2912368774,20.8694648743,15.7041044235,34.2445144653,23.0499706268,16.5103149414,12.2890176773,19.1944484711,14.882648468,25.229019165,34.661819458,25.4566459656,47.332195282,35.647731781,17.1637840271,9.85472106934,5.47995758057,3.52939534187,1.60023152828,0.778726696968,0.852088987827,0.954350709915,0.932341635227,0.858203172684,0.356741517782,0.0643750503659,0.00771127734333,0.000753515341785,0.000105974701,0.0000244732163992,0.0000106546676761,0.0000217191700358],"dvar":[0.0563419610262,7.06737232208,61.5509376526,91.091003418,564.856079102,248.725540161,172.451599121,346.946075439,596.856811523,743.003234863,458.510498047,2607.70678711,839.168884277,481.609771729,270.254425049,697.000793457,465.1746521,1071.45532227,1729.24963379,1315.74682617,3799.33154297,1828.35864258,407.633300781,124.403923035,46.8198547363,21.723608017,5.42708587646,1.07883989811,1.3996270895,4.00247859955,10.3019828796,16.7082500458,4.06797504425,0.114368401468,0.000845663889777,0.00000318546358358,5.59404433886e-8,7.20893789108e-9,2.00368735492e-10,2.66348054723e-10],"dvar2":[0.144640654325,20.4349155426,171.471191406,247.655654907,1516.49255371,667.65045166,437.067779541,846.008544922,1475.32714844,1917.43920898,1081.7845459,6819.73583984,2089.97851562,1130.33276367,658.484436035,1696.61682129,1063.42980957,2649.76074219,4381.29101562,3091.88989258,10025.6474609,4677.80957031,918.958435059,337.375854492,114.362945557,56.0893516541,11.9947061539,2.79609107971,3.16214299202,7.37202692032,16.9415740967,29.8982639313,7.05744981766,0.237292066216,0.00177138252184,0.00000638425944999,1.14646162785e-7,1.57995927452e-8,4.1392872463e-10,7.25327853335e-10],"max":[5.51770114899,39.1393814087,108.338897705,183.828079224,326.855407715,225.549514771,284.424072266,380.438690186,579.11895752,452.583129883,535.88067627,1078.48876953,569.352722168,785.968200684,406.918334961,619.651306152,585.448791504,784.387878418,1168.9666748,1105.24353027,1832.046875,968.407653809,656.428649902,520.308410645,307.42489624,269.553527832,136.668075562,38.9203910828,45.5592346191,128.785797119,161.499557495,160.893386841,77.7189559937,18.1831951141,2.10457801819,0.0945615470409,0.0121085718274,0.00535278487951,0.000670185720082,0.000191939732758],"mean":[0.223258942366,3.73823070526,11.6104927063,12.93039608,22.5791015625,14.6623268127,12.2289018631,14.1738681793,17.2108383179,17.0213394165,15.309969902,33.4747200012,24.0730857849,17.476442337,12.9585151672,20.4278621674,17.8657493591,31.203704834,41.7176055908,32.9865951538,61.8521347046,49.4035987854,25.0138683319,13.9559831619,8.15825748444,5.10599279404,2.45486021042,1.24396955967,1.24501717091,1.33741748333,1.23924040794,0.990578174591,0.41003382206,0.0724958330393,0.00955398846418,0.00113388116006,0.000190244449186,0.0000419621028414,0.0000279606101685,0.0000515975298185],"median":[0.0978158116341,2.60993814468,7.5842962265,7.76671409607,14.0095691681,9.40966701508,6.43910741806,6.26629114151,7.23879384995,6.73515033722,6.74688959122,13.9391155243,12.340467453,9.04142379761,6.20196342468,9.05916023254,8.82320404053,15.1207132339,23.3909187317,16.7461204529,28.6296234131,24.7871017456,16.4008674622,10.101354599,5.85801839828,3.68769979477,1.58254265785,0.62760591507,0.605656862259,0.57190489769,0.396576702595,0.173695236444,0.0517734289169,0.0137544553727,0.00265178922564,0.000336313416483,0.0000904197368072,0.0000251047385973,0.0000279859541479,0.0000533176207682],"min":[8.35549543233e-23,5.07288755974e-22,2.40810391085e-21,4.90034113728e-21,1.1942164831e-20,1.97725376216e-20,4.09453239991e-20,5.57193965871e-20,8.99507798975e-20,1.33463950399e-19,2.12086782613e-19,2.51294911004e-19,3.66461665027e-19,6.15900331037e-19,4.36697803483e-19,9.85311696279e-19,1.39791621006e-18,1.78175117534e-18,2.20141960476e-18,3.02390493336e-18,3.83506574579e-18,3.95245715037e-18,4.04121693882e-18,5.57789683254e-18,8.65770821516e-18,8.17126893952e-18,9.38655938676e-18,8.2643151779e-18,1.12707552266e-17,1.05393141525e-17,1.04131666276e-17,9.93787030194e-18,9.91913796979e-18,7.95279234177e-18,6.1443120657e-18,4.35122562084e-18,2.27198927795e-18,9.54044992908e-19,2.38860757885e-19,2.72748234393e-20],"var":[0.0999916940928,15.9413585663,145.557418823,256.710418701,778.891296387,322.619506836,345.547271729,621.742614746,869.880371094,962.042785645,826.014038086,4809.13671875,1477.15283203,865.083068848,513.864929199,1605.43566895,1067.32751465,2969.98217773,4891.67285156,3069.54711914,12971.7138672,5739.4609375,1115.97521973,289.004211426,110.119064331,44.0598602295,13.7962799072,3.25203371048,3.60010361671,9.8830280304,25.8245868683,38.471534729,8.59084224701,0.195426315069,0.00151163188275,0.0000081367452367,1.32189370561e-7,1.12035660749e-8,5.52827672529e-10,1.17968412816e-9]},"erbbands_crest":{"dmean":2.49827456474,"dmean2":4.12357616425,"dvar":6.45739507675,"dvar2":16.5302619934,"max":32.8105545044,"mean":9.61425209045,"median":7.99627780914,"min":2.61126852036,"var":27.4234104156},"erbbands_flatness_db":{"dmean":0.0137633495033,"dmean2":0.0211470257491,"dvar":0.000182131436304,"dvar2":0.000437121401774,"max":0.451956897974,"mean":0.21163380146,"median":0.198503121734,"min":0.0298148095608,"var":0.00315049849451},"erbbands_kurtosis":{"dmean":1.05816888809,"dmean2":1.75715303421,"dvar":4.6562461853,"dvar2":12.9956874847,"max":69.1029205322,"mean":0.49326813221,"median":-0.433987736702,"min":-1.88127624989,"var":10.5306186676},"erbbands_skewness":{"dmean":0.385444045067,"dmean2":0.608439743519,"dvar":0.152477622032,"dvar2":0.387889534235,"max":5.63629865646,"mean":-0.128202602267,"median":-0.169141545892,"min":-6.03261470795,"var":1.01402008533},"erbbands_spread":{"dmean":6.51202964783,"dmean2":10.5116376877,"dvar":41.7887535095,"dvar2":105.534362793,"max":123.538230896,"mean":36.5537338257,"median":36.4968566895,"min":1.7196573019,"var":269.488250732},"gfcc":{"cov":[[25222.4511719,1168.31286621,-3809.06005859,3060.70214844,-928.266174316,992.240844727,-394.822174072,-328.399414062,72.1483917236,-1321.48449707,-40.1137695312,-587.066345215,-121.583686829],[1168.31286621,915.413024902,-95.7437973022,-186.126678467,214.142730713,-293.734924316,52.6953544617,-38.9189605713,-9.44197368622,11.9771604538,10.4464588165,-57.6613578796,10.0301675797],[-3809.06005859,-95.7437973022,993.683654785,-306.614776611,170.253646851,-105.134346008,-8.04114341736,55.7927093506,-23.2713756561,160.08605957,-8.26121711731,65.3613433838,7.33694505692],[3060.70214844,-186.126678467,-306.614776611,1222.421875,195.665161133,160.866836548,-66.2106399536,-67.6701889038,20.4739303589,-318.087341309,-41.9078025818,-160.639526367,-19.0455093384],[-928.266174316,214.142730713,170.253646851,195.665161133,581.926208496,-146.555587769,8.76593780518,-8.98192882538,7.70316123962,36.8285713196,-13.6156673431,-70.4722747803,-0.951240837574],[992.240844727,-293.734924316,-105.134346008,160.866836548,-146.555587769,375.904418945,-36.8582305908,-13.0706415176,28.6003055573,-101.144111633,23.7933769226,-13.7274265289,-31.3917751312],[-394.822174072,52.6953544617,-8.04114341736,-66.2106399536,8.76593780518,-36.8582305908,238.183654785,65.807182312,-23.391242981,1.19688427448,3.99534249306,27.941865921,17.5547351837],[-328.399414062,-38.9189605713,55.7927093506,-67.6701889038,-8.98192882538,-13.0706415176,65.807182312,139.882293701,35.8828010559,3.64957785606,-2.64247274399,22.2874774933,20.2100849152],[72.1483917236,-9.44197368622,-23.2713756561,20.4739303589,7.70316123962,28.6003055573,-23.391242981,35.8828010559,133.945175171,6.13779449463,-3.37579369545,-9.53147983551,20.4311294556],[-1321.48449707,11.9771604538,160.08605957,-318.087341309,36.8285713196,-101.144111633,1.19688427448,3.64957785606,6.13779449463,237.054656982,4.91648435593,34.3067855835,-0.117323614657],[-40.1137695312,10.4464588165,-8.26121711731,-41.9078025818,-13.6156673431,23.7933769226,3.99534249306,-2.64247274399,-3.37579369545,4.91648435593,86.6950378418,32.3443260193,-7.09645414352],[-587.066345215,-57.6613578796,65.3613433838,-160.639526367,-70.4722747803,-13.7274265289,27.941865921,22.2874774933,-9.53147983551,34.3067855835,32.3443260193,113.763221741,30.8291511536],[-121.583686829,10.0301675797,7.33694505692,-19.0455093384,-0.951240837574,-31.3917751312,17.5547351837,20.2100849152,20.4311294556,-0.117323614657,-7.09645414352,30.8291511536,74.4009094238]],"icov":[[0.00118844269309,-0.00384441367351,0.00283045205288,-0.00324806547724,0.00265334895812,-0.00335249607451,0.00232561584562,-0.00249841669574,0.00174643786158,-0.00123279623222,0.00127897958737,-0.000727633887436,0.0000411346263718],[-0.00384441367351,0.0146389286965,-0.00880653597414,0.0114448107779,-0.00925021898001,0.0125556420535,-0.00798791181296,0.00917597394437,-0.00620383489877,0.00549172284082,-0.00524419965222,0.00417515262961,-0.000404247140978],[0.00283045205288,-0.00880653597414,0.00814011599869,-0.00737889902666,0.00563606107607,-0.00784573052078,0.00587556604296,-0.00644661532715,0.00452887732536,-0.00318523077294,0.00338126020506,-0.00228282180615,0.000267341791186],[-0.00324806547724,0.0114448107779,-0.00737889902666,0.0110126985237,-0.00826066918671,0.00949284713715,-0.00635638553649,0.00773614225909,-0.00515496730804,0.00597362359986,-0.00365501688793,0.00385159184225,-0.000525590730831],[0.00265334895812,-0.00925021898001,0.00563606107607,-0.00826066918671,0.00876394379884,-0.0069464771077,0.00493964087218,-0.00571463955566,0.00375491729937,-0.00396448234096,0.00232216995209,-0.000519199180417,-0.000120132564916],[-0.00335249607451,0.0125556420535,-0.00784573052078,0.00949284713715,-0.0069464771077,0.014600221999,-0.00677936570719,0.00814172253013,-0.00657083000988,0.00571967335418,-0.00550746964291,0.00342619325966,0.00136033713352],[0.00232561584562,-0.00798791181296,0.00587556604296,-0.00635638553649,0.00493964087218,-0.00677936570719,0.0100520867854,-0.00800921395421,0.00532864779234,-0.00255372212268,0.00268466887064,-0.00246457778849,-0.000512655940838],[-0.00249841669574,0.00917597394437,-0.00644661532715,0.00773614225909,-0.00571463955566,0.00814172253013,-0.00800921395421,0.0158866085112,-0.00743485754356,0.00451296428218,-0.00261527881958,0.00161527853925,-0.000637274759356],[0.00174643786158,-0.00620383489877,0.00452887732536,-0.00515496730804,0.00375491729937,-0.00657083000988,0.00532864779234,-0.00743485754356,0.0125197116286,-0.00362239149399,0.0017400974175,0.000239830464125,-0.00341511168517],[-0.00123279623222,0.00549172284082,-0.00318523077294,0.00597362359986,-0.00396448234096,0.00571967335418,-0.00255372212268,0.00451296428218,-0.00362239149399,0.0101450327784,-0.00178752490319,0.00152938417159,0.00103408563882],[0.00127897958737,-0.00524419965222,0.00338126020506,-0.00365501688793,0.00232216995209,-0.00550746964291,0.00268466887064,-0.00261527881958,0.0017400974175,-0.00178752490319,0.0161916911602,-0.00738414842635,0.00343434349634],[-0.000727633887436,0.00417515262961,-0.00228282180615,0.00385159184225,-0.000519199180417,0.00342619325966,-0.00246457778849,0.00161527853925,0.000239830464125,0.00152938417159,-0.00738414842635,0.0178737249225,-0.00713317282498],[0.0000411346263718,-0.000404247140978,0.000267341791186,-0.000525590730831,-0.000120132564916,0.00136033713352,-0.000512655940838,-0.000637274759356,-0.00341511168517,0.00103408563882,0.00343434349634,-0.00713317282498,0.0184907633811]],"mean":[-64.406539917,157.047515869,-129.64289856,43.8947029114,-32.6827392578,4.18230438232,-30.3585147858,-0.0794720649719,-2.22601103783,-16.0050354004,-5.89431238174,-13.9198589325,-4.19579601288]},"hfc":{"dmean":3.77526164055,"dmean2":5.75933837891,"dvar":25.5444393158,"dvar2":56.3635749817,"max":117.645889282,"mean":18.4733695984,"median":17.6346950531,"min":1.07270211204e-16,"var":191.260284424},"melbands":{"dmean":[0.00145229441114,0.00259263115004,0.00124817492906,0.000846288283356,0.000275425962172,0.000205340722459,0.000181481533218,0.000127552630147,0.0000912838368095,0.00012671847071,0.0000719617601135,0.0000446221565653,0.0000264933096332,0.0000293653156405,0.000029747166991,0.0000207447501452,0.0000327354537148,0.0000367024404113,0.0000230945806834,0.000029210725188,0.0000380945166398,0.0000266573424597,0.0000142677345139,0.00000881826599652,0.00000513060740559,0.00000350119489667,0.00000185358965155,0.00000151871438447,8.1901583826e-7,3.56146443892e-7,3.04969432818e-7,3.22683405329e-7,3.73170450985e-7,3.92001425098e-7,3.89477037288e-7,4.13525839349e-7,3.76569630589e-7,2.27144752785e-7,8.45800869342e-8,2.44424533946e-8],"dmean2":[0.00245529902168,0.00441238936037,0.00210935110226,0.00143884227145,0.000461960560642,0.000336305471137,0.000296000362141,0.000212415397982,0.000148799168528,0.000207038421649,0.000117482297355,0.0000712423279765,0.0000429141036875,0.0000474264925288,0.0000476851710118,0.0000333115385729,0.0000534799073648,0.0000609837188676,0.0000375191593776,0.0000467972349725,0.0000625930479146,0.0000436261652794,0.0000233565897361,0.0000144685263876,0.00000843225279823,0.00000574560090172,0.000003046625352,0.00000252155882663,0.00000135069706175,5.79994434702e-7,4.90756235649e-7,5.11354187438e-7,5.75447813844e-7,5.81684332701e-7,5.63426397093e-7,5.9391703644e-7,5.48027969671e-7,3.14161951565e-7,1.19833089229e-7,3.68554928798e-8],"dvar":[0.00000545118336959,0.0000135576810862,0.0000029755583455,0.00000234823937717,2.02765065183e-7,1.54121678975e-7,1.3897077622e-7,7.64153611499e-8,4.15378700325e-8,8.95824285863e-8,2.24822738204e-8,9.23998566549e-9,3.29598459636e-9,4.47226433664e-9,4.81158624055e-9,2.21356644126e-9,4.98999863652e-9,4.96313656839e-9,2.19316143024e-9,4.75772488073e-9,6.86433576647e-9,2.87068058213e-9,7.87805598534e-10,2.82455975276e-10,9.51383277714e-11,6.01708960435e-11,1.24382257966e-11,1.20889930011e-11,3.77087857467e-12,6.12516060008e-13,4.18388847873e-13,4.16671878207e-13,9.91149111569e-13,1.58900063246e-12,3.05340019761e-12,6.00446819002e-12,7.49954352092e-12,3.13772662366e-12,4.3134064571e-13,3.87039440211e-14],"dvar2":[0.0000150933601617,0.0000383793812944,0.00000817556883703,0.00000624754738965,5.29203987298e-7,3.73648475716e-7,3.46480248936e-7,1.91678324768e-7,1.03347097991e-7,2.26179551532e-7,5.66731586105e-8,2.17424780402e-8,8.13679257305e-9,1.06301056846e-8,1.1471797734e-8,5.19224752082e-9,1.24994352646e-8,1.29742083743e-8,5.43901368388e-9,1.15789733357e-8,1.76093823967e-8,7.25901383447e-9,1.98062033441e-9,6.77321365661e-10,2.61643262611e-10,1.48272991107e-10,3.25759558217e-11,3.15239744031e-11,8.4344475848e-12,1.59278677487e-12,1.09495268755e-12,1.02351124538e-12,2.09183321706e-12,3.01991981769e-12,5.12137077538e-12,1.08996553103e-11,1.3811267234e-11,5.69253238297e-12,8.56305423704e-13,9.45537458009e-14],"max":[0.0360111407936,0.0478902980685,0.0298224873841,0.0219373945147,0.00847456138581,0.00753600429744,0.00968054495752,0.00444519100711,0.00538928806782,0.00615689065307,0.00295026879758,0.00341269234195,0.00153782556299,0.00182069616858,0.00197203550488,0.00141219864599,0.00174480560236,0.00173619680572,0.00112317502499,0.00165507278871,0.00307605462149,0.00111689185724,0.000823716691229,0.000591698335484,0.000407342158724,0.000337054516422,0.0000977245072136,0.000200146823772,0.000106368381239,0.0000321594634443,0.0000191904764506,0.0000154102508532,0.0000576293750782,0.0000778487228672,0.0000866491391207,0.000105961174995,0.000101870195067,0.0000655115800328,0.0000293059583782,0.0000146059346662],"mean":[0.00301116728224,0.00596404448152,0.00261727767065,0.00142503308598,0.000447686470579,0.000322302716086,0.000263554829871,0.000174317116034,0.000140894102515,0.000205277843634,0.000116083698231,0.0000719388990547,0.0000418266536144,0.0000473473519378,0.0000507065451529,0.0000356810269295,0.0000615758690401,0.0000688873478794,0.0000442821983597,0.0000531001169293,0.0000765912191127,0.0000551821249246,0.0000297026090266,0.0000175744808075,0.0000106585175672,0.000007213934623,0.00000415099157181,0.00000319520586345,0.00000178225025138,8.39381925744e-7,6.72421208492e-7,6.82359825532e-7,7.32407329451e-7,7.49981211356e-7,7.07530432464e-7,6.9134171099e-7,5.79591471705e-7,3.36156546155e-7,1.23351199477e-7,3.6992439334e-8],"median":[0.00185706105549,0.00457036402076,0.00196447200142,0.000886681606062,0.000249298027484,0.000145199563121,0.000111460482003,0.0000662059319438,0.0000566474554944,0.0000871604133863,0.0000563846479054,0.0000349317124346,0.0000188033682207,0.0000205974865821,0.0000218014138227,0.0000168771948665,0.0000265075286734,0.00003722931433,0.0000218422865146,0.000022648164304,0.0000337417586707,0.0000257557567238,0.0000164922385011,0.0000115190723591,0.0000072700495366,0.00000479967729916,0.00000287910984298,0.00000221517439059,0.00000109733196041,4.03621470468e-7,2.91706527378e-7,3.26414294705e-7,3.15010311169e-7,3.04472507651e-7,2.36464472891e-7,1.5688590338e-7,7.80900677455e-8,3.70159938257e-8,1.87167028542e-8,8.12795875049e-9],"min":[1.18174035868e-24,1.33045385274e-24,7.82672439331e-25,1.03159882918e-24,1.63639274862e-24,1.1207327159e-24,1.26155483988e-24,1.58213903708e-24,1.47947391786e-24,1.58637916445e-24,1.51441769495e-24,1.74232572414e-24,1.21962707999e-24,2.141212452e-24,2.35204183981e-24,2.41705009207e-24,2.94720859938e-24,2.74473305134e-24,3.84873402744e-24,3.4195380803e-24,3.77335047933e-24,3.36790910621e-24,3.8766391931e-24,2.75781453452e-24,3.55631709494e-24,4.10258276142e-24,4.39161508621e-24,4.85846612536e-24,4.31693362431e-24,5.21383889126e-24,3.8377629444e-24,5.41227645754e-24,5.65784096872e-24,5.30689647351e-24,5.30089048101e-24,5.74958864745e-24,5.88760459598e-24,6.27468799255e-24,6.44262701294e-24,5.85799154646e-24],"var":[0.0000117226973089,0.0000328329879267,0.00000723265156921,0.00000316380896948,3.84574804002e-7,2.896841238e-7,1.97894323151e-7,1.07258422588e-7,7.78811397595e-8,1.71228109025e-7,3.75620174964e-8,1.59357718132e-8,5.86919535195e-9,9.61287671686e-9,1.03548902786e-8,4.6919739205e-9,1.36786688643e-8,1.30190374037e-8,5.65549251874e-9,1.11433919869e-8,2.21439346859e-8,8.30296009724e-9,1.87179072242e-9,5.91098114899e-10,1.95839552908e-10,1.14479072055e-10,2.83356896974e-11,2.00247492199e-11,8.17284521309e-12,1.68630365747e-12,1.0884007454e-12,1.00460178371e-12,2.13879153103e-12,3.66947184444e-12,7.37014529267e-12,1.39095974322e-11,1.60726917886e-11,6.29273542996e-12,7.30204308477e-13,4.73111031959e-14]},"melbands_crest":{"dmean":3.01390957832,"dmean2":5.00063371658,"dvar":8.104637146,"dvar2":21.8476734161,"max":36.2463989258,"mean":16.4114971161,"median":16.1935577393,"min":1.59701037407,"var":24.6246623993},"melbands_flatness_db":{"dmean":0.0257905088365,"dmean2":0.0411437451839,"dvar":0.000627280620392,"dvar2":0.00161874375772,"max":0.655782103539,"mean":0.291778355837,"median":0.277217030525,"min":0.0028955207672,"var":0.00789399258792},"melbands_kurtosis":{"dmean":8.49646949768,"dmean2":13.9337654114,"dvar":168.787368774,"dvar2":469.708953857,"max":614.970092773,"mean":20.1932983398,"median":12.7292108536,"min":-1.88898813725,"var":1039.08105469},"melbands_skewness":{"dmean":0.791590929031,"dmean2":1.28844022751,"dvar":0.608816802502,"dvar2":1.63328647614,"max":21.5553684235,"mean":3.37665724754,"median":3.24331212044,"min":-1.96732068062,"var":3.56123328209},"melbands_spread":{"dmean":4.6778049469,"dmean2":7.67616176605,"dvar":39.2104492188,"dvar2":92.5232696533,"max":233.028594971,"mean":15.1364574432,"median":11.2460441589,"min":0.339588820934,"var":254.912139893},"mfcc":{"cov":[[16497.9785156,-129.477828979,-2134.0402832,1254.78845215,240.201034546,722.131347656,37.975402832,1073.44848633,-279.430633545,-29.8303070068,-399.532775879,-50.0853538513,-204.449691772],[-129.477828979,1255.36804199,-144.042434692,129.990371704,17.9701747894,-156.005096436,28.11353302,-136.8853302,9.01099872589,24.9369564056,10.761841774,-9.35158061981,17.8389873505],[-2134.0402832,-144.042434692,771.067321777,-290.244689941,-17.3642082214,-56.4863700867,-61.7126655579,-95.0445480347,1.36177694798,-13.1459960938,68.6370620728,-12.4137811661,7.82008361816],[1254.78845215,129.990371704,-290.244689941,777.695007324,334.659240723,86.3818740845,94.3414764404,74.048866272,26.94414711,14.0484170914,-76.7088775635,-18.512008667,-61.3147354126],[240.201034546,17.9701747894,-17.3642082214,334.659240723,528.942138672,127.416877747,-9.79063987732,9.42026996613,5.46443891525,34.1325035095,-11.8076753616,-3.68667936325,-42.8093719482],[722.131347656,-156.005096436,-56.4863700867,86.3818740845,127.416877747,228.697570801,24.3709011078,43.2304382324,-34.8127670288,0.798603415489,-0.67331045866,-4.40003347397,-27.5158500671],[37.975402832,28.11353302,-61.7126655579,94.3414764404,-9.79063987732,24.3709011078,185.906417847,62.3620796204,-9.20516204834,-5.2072892189,-2.05197787285,3.27820181847,-6.87914943695],[1073.44848633,-136.8853302,-95.0445480347,74.048866272,9.42026996613,43.2304382324,62.3620796204,247.707748413,16.4530944824,-19.0945091248,-32.5844459534,9.11639118195,-12.6226129532],[-279.430633545,9.01099872589,1.36177694798,26.94414711,5.46443891525,-34.8127670288,-9.20516204834,16.4530944824,126.643356323,47.5231895447,-1.13023781776,5.00143098831,4.5350151062],[-29.8303070068,24.9369564056,-13.1459960938,14.0484170914,34.1325035095,0.798603415489,-5.2072892189,-19.0945091248,47.5231895447,109.63948822,26.1623058319,-6.0850186348,-5.09850978851],[-399.532775879,10.761841774,68.6370620728,-76.7088775635,-11.8076753616,-0.67331045866,-2.05197787285,-32.5844459534,-1.13023781776,26.1623058319,88.9312591553,23.4281749725,-6.30247211456],[-50.0853538513,-9.35158061981,-12.4137811661,-18.512008667,-3.68667936325,-4.40003347397,3.27820181847,9.11639118195,5.00143098831,-6.0850186348,23.4281749725,71.1868591309,25.483915329],[-204.449691772,17.8389873505,7.82008361816,-61.3147354126,-42.8093719482,-27.5158500671,-6.87914943695,-12.6226129532,4.5350151062,-5.09850978851,-6.30247211456,25.483915329,85.9503326416]],"icov":[[0.000226446078159,-0.0000941154648899,0.000388379907236,-0.000192230567336,0.000233438797295,-0.000489829108119,0.000616943812929,-0.000912856427021,0.000736075860914,-0.00046747084707,0.000461950985482,-0.000100966979517,0.000257726671407],[-0.0000941154648899,0.00107007520273,0.000120321674331,-0.0000773316060076,-0.00027036370011,0.00104407023173,-0.000568329473026,0.000961365993135,-0.000225383322686,0.000216594227822,-0.000593069416936,0.000383360747946,-0.00034920903272],[0.000388379907236,0.000120321674331,0.00251123262569,0.000365022453479,-0.000225003808737,-0.000259919033851,0.000969472748693,-0.00108584854752,0.000801379908808,0.00010760925943,-0.000539258646313,0.000908399990294,0.000308850518195],[-0.000192230567336,-0.0000773316060076,0.000365022453479,0.0028007151559,-0.00175393954851,0.000515075109433,-0.00168435357045,0.000837006547954,-0.00126306700986,0.000555103586521,0.00123075861484,-0.0000741932381061,0.0010147766443],[0.000233438797295,-0.00027036370011,-0.000225003808737,-0.00175393954851,0.00359380384907,-0.00209478172474,0.00164186861366,-0.00093560910318,0.000985885970294,-0.00146195944399,0.000627493136562,-0.000906375877094,0.000670018023811],[-0.000489829108119,0.00104407023173,-0.000259919033851,0.000515075109433,-0.00209478172474,0.00753225525841,-0.00200062245131,0.00149373663589,0.000269335258054,0.000644857471343,-0.00176811614074,0.000714555731975,0.000119014162919],[0.000616943812929,-0.000568329473026,0.000969472748693,-0.00168435357045,0.00164186861366,-0.00200062245131,0.00839188508689,-0.00419974140823,0.00281939632259,-0.0014321062481,0.0000520301255165,-0.000269719748758,0.000377951131668],[-0.000912856427021,0.000961365993135,-0.00108584854752,0.000837006547954,-0.00093560910318,0.00149373663589,-0.00419974140823,0.00920351594687,-0.0043395422399,0.00285650533624,-0.000177521229489,-0.00081417534966,-0.0000205586384254],[0.000736075860914,-0.000225383322686,0.000801379908808,-0.00126306700986,0.000985885970294,0.000269335258054,0.00281939632259,-0.0043395422399,0.0132991159335,-0.00698651419953,0.00302826846018,-0.0019792043604,0.000682084646542],[-0.00046747084707,0.000216594227822,0.00010760925943,0.000555103586521,-0.00146195944399,0.000644857471343,-0.0014321062481,0.00285650533624,-0.00698651419953,0.0144602870569,-0.00635571358725,0.00383384805173,-0.00136391283013],[0.000461950985482,-0.000593069416936,-0.000539258646313,0.00123075861484,0.000627493136562,-0.00176811614074,0.0000520301255165,-0.000177521229489,0.00302826846018,-0.00635571358725,0.0194381270558,-0.00864276941866,0.00532466406003],[-0.000100966979517,0.000383360747946,0.000908399990294,-0.0000741932381061,-0.000906375877094,0.000714555731975,-0.000269719748758,-0.00081417534966,-0.0019792043604,0.00383384805173,-0.00864276941866,0.0201288945973,-0.00708918459713],[0.000257726671407,-0.00034920903272,0.000308850518195,0.0010147766443,0.000670018023811,0.000119014162919,0.000377951131668,-0.0000205586384254,0.000682084646542,-0.00136391283013,0.00532466406003,-0.00708918459713,0.0157904811203]],"mean":[-687.833251953,164.553009033,-13.1277227402,37.7807884216,20.1969394684,8.95066642761,-7.21982049942,12.3196249008,-0.210620492697,10.3000011444,-2.14981818199,-0.356698364019,-2.96314001083]},"pitch_salience":{"dmean":0.0760135278106,"dmean2":0.127135515213,"dvar":0.00487406738102,"dvar2":0.0138187343255,"max":0.850403487682,"mean":0.527176439762,"median":0.530401408672,"min":0.0945230275393,"var":0.0136086177081},"silence_rate_20dB":{"dmean":0,"dmean2":0,"dvar":0,"dvar2":0,"max":1,"mean":1,"median":1,"min":1,"var":0},"silence_rate_30dB":{"dmean":0.0203452128917,"dmean2":0.0406930968165,"dvar":0.0199327692389,"dvar2":0.051899984479,"max":1,"mean":0.983265519142,"median":1,"min":0,"var":0.0164534468204},"silence_rate_60dB":{"dmean":0.00787556637079,"dmean2":0.0157521665096,"dvar":0.00781278684735,"dvar2":0.0186516456306,"max":1,"mean":0.136894598603,"median":0,"min":0,"var":0.118198469281},"spectral_centroid":{"dmean":189.056243896,"dmean2":304.292877197,"dvar":51350.1757812,"dvar2":118292.96875,"max":11663.7988281,"mean":1068.96984863,"median":930.20715332,"min":120.971984863,"var":1078141.25},"spectral_complexity":{"dmean":2.97893285751,"dmean2":4.72236824036,"dvar":8.97403621674,"dvar2":20.6820220947,"max":50,"mean":20.9201335907,"median":24,"min":0,"var":128.839233398},"spectral_contrast_coeffs":{"dmean":[0.048611279577,0.0467109121382,0.0386922284961,0.0306107252836,0.0220719892532,0.0152995400131],"dmean2":[0.0814769938588,0.0776334181428,0.0633492171764,0.0502288378775,0.0360095500946,0.0243956241757],"dvar":[0.00165378965903,0.00158521812409,0.00103247398511,0.000651217938866,0.000349082110915,0.000218211396714],"dvar2":[0.00450873048976,0.00424246303737,0.00274544907734,0.00170603487641,0.000870516407304,0.00050580163952],"max":[-0.327760189772,-0.408996641636,-0.450289964676,-0.486299335957,-0.561778604984,-0.586653053761],"mean":[-0.632504045963,-0.742006182671,-0.764798402786,-0.776887536049,-0.774437129498,-0.765326678753],"median":[-0.628643333912,-0.750121712685,-0.774876594543,-0.784864246845,-0.771021544933,-0.756330370903],"min":[-0.979773461819,-0.980975210667,-0.977929890156,-0.98587334156,-0.96719622612,-0.96637827158],"var":[0.0072540268302,0.00565955927595,0.00533607462421,0.00373680423945,0.00275597651489,0.00370577746071]},"spectral_contrast_valleys":{"dmean":[0.379591226578,0.385136306286,0.353677332401,0.282056897879,0.19760812819,0.245002299547],"dmean2":[0.63630604744,0.630553424358,0.571429431438,0.449774831533,0.318015754223,0.332443863153],"dvar":[0.119268767536,0.133511289954,0.126285523176,0.0823962315917,0.0518558137119,0.0879998132586],"dvar2":[0.29629778862,0.32014515996,0.28993216157,0.18155823648,0.109716311097,0.147398918867],"max":[-4.8947930336,-4.61067819595,-5.26749992371,-5.62847518921,-5.92481613159,-7.83949327469],"mean":[-7.08805370331,-7.06370401382,-7.79919910431,-7.94354963303,-8.16775512695,-11.6399564743],"median":[-6.53671836853,-6.57274341583,-7.09564876556,-7.11424398422,-7.2678899765,-11.0931987762],"min":[-28.2664031982,-27.9612483978,-28.0843906403,-27.974313736,-27.4815731049,-27.3525028229],"var":[5.28054857254,5.23400688171,5.79321336746,5.92589473724,6.03208255768,4.05912065506]},"spectral_decrease":{"dmean":3.12763526189e-9,"dmean2":5.21536014375e-9,"dvar":1.54583943008e-17,"dvar2":4.25408897433e-17,"max":1.33122444427e-28,"mean":-1.15456453287e-8,"median":-1.18194112275e-8,"min":-4.62629721198e-8,"var":6.1907633029e-17},"spectral_energy":{"dmean":0.0119747202843,"dmean2":0.0199378784746,"dvar":0.000225395182497,"dvar2":0.000618505466264,"max":0.176097840071,"mean":0.0452514514327,"median":0.0465132072568,"min":9.9176459363e-21,"var":0.000934479641728},"spectral_energyband_high":{"dmean":0.0000813149381429,"dmean2":0.000117206807772,"dvar":7.60387806054e-8,"dvar2":1.29614718958e-7,"max":0.0120805297047,"mean":0.000209081670619,"median":0.000123769103084,"min":6.96758786878e-21,"var":2.12885112205e-7},"spectral_energyband_low":{"dmean":0.0100822364911,"dmean2":0.0170337278396,"dvar":0.000192126201,"dvar2":0.000539815926459,"max":0.172009035945,"mean":0.0261967647821,"median":0.0215388759971,"min":1.29349072978e-23,"var":0.000551170494873},"spectral_energyband_middle_high":{"dmean":0.00152143323794,"dmean2":0.00235686637461,"dvar":0.00000443640055892,"dvar2":0.0000104278915387,"max":0.0411757677794,"mean":0.00562496297061,"median":0.00444107595831,"min":1.21822449161e-21,"var":0.0000281104239548},"spectral_energyband_middle_low":{"dmean":0.00628957431763,"dmean2":0.0103866448626,"dvar":0.0000892220123205,"dvar2":0.000228857068578,"max":0.121576018631,"mean":0.0153975337744,"median":0.0135914627463,"min":1.44585506422e-22,"var":0.000171678111656},"spectral_entropy":{"dmean":0.131071031094,"dmean2":0.208359211683,"dvar":0.0209510158747,"dvar2":0.053903453052,"max":9.8257188797,"mean":7.09114980698,"median":7.33321714401,"min":4.43723630905,"var":0.538742661476},"spectral_flux":{"dmean":0.0266163144261,"dmean2":0.0411241725087,"dvar":0.00088040571427,"dvar2":0.0018838547403,"max":0.323648929596,"mean":0.0924123823643,"median":0.09183190763,"min":6.25007129385e-11,"var":0.00307713937946},"spectral_kurtosis":{"dmean":3.95376586914,"dmean2":6.92446517944,"dvar":26.8683605194,"dvar2":79.8857574463,"max":129.197113037,"mean":10.9414243698,"median":5.49519538879,"min":-1.28508377075,"var":239.326721191},"spectral_rms":{"dmean":0.000827306765132,"dmean2":0.00136298616417,"dvar":8.88108729669e-7,"dvar2":0.00000236881783167,"max":0.013107355684,"mean":0.00603462848812,"median":0.00673637446016,"min":3.11058709172e-12,"var":0.00000773088413553},"spectral_rolloff":{"dmean":288.252319336,"dmean2":505.600646973,"dvar":255951.3125,"dvar2":596245.3125,"max":19595.2148438,"mean":935.373352051,"median":559.86328125,"min":43.06640625,"var":3299822.75},"spectral_skewness":{"dmean":0.349836736917,"dmean2":0.600628554821,"dvar":0.1322991997,"dvar2":0.387190639973,"max":9.08078575134,"mean":1.95144796371,"median":1.49896943569,"min":-0.425139844418,"var":1.83353829384},"spectral_spread":{"dmean":283379.28125,"dmean2":442890.5625,"dvar":252326903808,"dvar2":494380679168,"max":42579836,"mean":3098419,"median":2694772,"min":705216.75,"var":13264813555700},"spectral_strongpeak":{"dmean":0.327025830746,"dmean2":0.569978177547,"dvar":0.481565624475,"dvar2":1.27518761158,"max":17.5705375671,"mean":0.693077802658,"median":0.558868169785,"min":0,"var":0.760870695114},"zerocrossingrate":{"dmean":0.00540884351358,"dmean2":0.00699441414326,"dvar":0.0000582781685807,"dvar2":0.0000930301903281,"max":0.5380859375,"mean":0.0370461530983,"median":0.03076171875,"min":0.00048828125,"var":0.00223322864622}},"metadata":{"audio_properties":{"analysis_sample_rate":44100,"bit_rate":0,"codec":"flac","downmix":"mix","equal_loudness":0,"length":353.799987793,"lossless":true,"md5_encoded":"500b45c37e982ba4a0fef60d5660c594","replay_gain":-6.765209198},"tags":{"album":["Deep Purple in Rock"],"albumartist":["Deep Purple"],"albumartistsort":["Deep Purple"],"artist":["Deep Purple"],"artistsort":["Deep Purple"],"asin":["B000002KBA"],"barcode":["077774623926"],"catalognumber":["CDP 7 46239 2"],"composer":["Ian Paice","Roger Glover","Jon Lord","Ritchie Blackmore","Ian Gillan"],"date":["1987"],"discnumber":["1"],"disctotal":["1"],"engineer":["Andy Knight"],"file_name":"01 Speed King.flac","genre":["Rock"],"label":["EMI"],"language":["eng"],"media":["CD"],"musicbrainz_albumartistid":["79491354-3d83-40e3-9d8e-7592d58d790a"],"musicbrainz_albumid":["a39bc48e-24e1-3c08-a6a7-12d437dbbb3a"],"musicbrainz_artistid":["79491354-3d83-40e3-9d8e-7592d58d790a"],"musicbrainz_recordingid":["a36a6300-3a97-4db8-ab5a-8518f0800004"],"musicbrainz_releasegroupid":["ebdb53c3-fbae-34b1-81cb-f825c9a56822"],"musicbrainz_releasetrackid":["43530794-1ce4-38a2-a5e9-185288a7be16"],"musicbrainz_workid":["0df0915f-efa3-3ff5-bd9a-7cb2d947c52d"],"originaldate":["1970-06"],"performer":["Roger Glover (bass guitar)","Ian Paice (drums)","Ritchie Blackmore (guitar)","Jon Lord (organ)","Ian Gillan (vocals)"],"releasecountry":["XE"],"releasestatus":["official"],"releasetype":["album"],"script":["Latn"],"title":["Speed King"],"totaldiscs":["1"],"totaltracks":["7"],"tracknumber":["1"],"tracktotal":["7"],"writer":["Ian Paice","Roger Glover","Jon Lord","Ritchie Blackmore","Ian Gillan"]},"version":{"essentia":"2.1-beta1","essentia_build_sha":"7598a69e7b456135ce4c070efb04a3d0ebb71fdd","essentia_git_sha":"v2.1_beta1-6-g5578087","extractor":"music 1.0"}},"rhythm":{"beats_count":634,"beats_loudness":{"dmean":0.0132062938064,"dmean2":