{"lowlevel":{"average_loudness":0.953596591949,"barkbands":{"dmean":[0.000235357088968,0.00424930686131,0.00150176370516,0.00172255572397,0.00124304532073,0.000567051174585,0.000571929616854,0.000335018819897,0.000367831322365,0.000348530156771,0.000269664713414,0.000272883306025,0.000327105342876,0.000361866084859,0.000466210360173,0.000268903328106,0.000348386500264,0.000255631399341,0.000384848332033,0.000260424043518,0.000287445873255,0.00026839011116,0.000226329008001,0.000159255418112,0.000110197397589,0.0000348714274878,0.000010089152056],"dmean2":[0.000356640841346,0.00750169344246,0.00262851035222,0.00289519736543,0.00209828745574,0.000936635420658,0.000928957248107,0.000543808971997,0.000569517025724,0.00055714690825,0.000431969179772,0.000423087534728,0.000518144050147,0.000567646115087,0.000741231429856,0.000424908968853,0.000548524258193,0.000406565115554,0.000614324293565,0.000396920979256,0.000435852765804,0.000391613721149,0.0003261907259,0.000245759874815,0.000155584028107,0.0000524531315023,0.0000154783992912],"dvar":[3.15375871196e-7,0.000158628405188,0.0000105562821773,0.0000145577496369,0.00000329664680976,0.00000113026624149,0.00000108004053345,6.25167956514e-7,8.68533163612e-7,7.25777567823e-7,9.70146516011e-7,4.04794548103e-7,4.78288654904e-7,5.9861815771e-7,0.00000137372580866,2.90092998512e-7,5.17270848377e-7,2.67887656946e-7,0.00000159714704751,2.76790615317e-7,4.33012729673e-7,3.82070112437e-7,3.70383077097e-7,2.174044198e-7,1.10280140575e-7,7.89452592187e-9,7.83285880601e-10],"dvar2":[6.85636507569e-7,0.000432813161751,0.0000299860894302,0.0000374622213712,0.00000922792605706,0.00000301586192109,0.00000283613508145,0.0000015470947119,0.00000207805783248,0.00000179950734491,0.00000229337319979,9.62102717494e-7,0.0000011228855783,0.00000136833466513,0.00000326529311678,6.72996748108e-7,0.00000119278820421,6.1921895167e-7,0.00000414982196162,6.48032369099e-7,0.00000100208876574,8.05092327028e-7,7.34788159207e-7,4.86942496991e-7,2.34676790001e-7,1.71522458459e-8,1.81692116907e-9],"max":[0.00661664269865,0.131851822138,0.0425414890051,0.0480978935957,0.0308296456933,0.0152198625728,0.0164307877421,0.019059188664,0.0257074441761,0.0208634585142,0.0352352708578,0.0174415055662,0.0149637451395,0.0157556310296,0.0343044660985,0.0122882686555,0.0186614319682,0.0211326833814,0.0425623878837,0.0172587241977,0.0128855742514,0.0161180663854,0.0207278095186,0.0155035238713,0.018384244293,0.0030390964821,0.000570648058783],"mean":[0.000246744573815,0.00368266110308,0.00211842800491,0.00233772443607,0.002192591317,0.000926190055907,0.00097112118965,0.000573867524508,0.000615713361185,0.000581153959502,0.000400157558033,0.000478918664157,0.000541656976566,0.000611743598711,0.000748685619328,0.000507607648615,0.000672866590321,0.000463626842247,0.000652858405374,0.000477007182781,0.000448031933047,0.000446824997198,0.0003475281992,0.000215765918256,0.000168102866155,0.0000419010902988,0.0000112415891635],"median":[0.0000193090781977,0.00101006473415,0.00138254009653,0.00140857300721,0.00154027889948,0.000510170531925,0.000513639999554,0.000252657744568,0.000206321245059,0.00019189415616,0.000110111664981,0.000161379022757,0.000205261865631,0.000221458118176,0.000296601385344,0.000204312818823,0.000320170045597,0.000236105086515,0.000312909309287,0.000233762868447,0.00019222033734,0.00019255062216,0.000115378396004,0.0000606160974712,0.0000462326970592,0.0000079609471868,0.0000017674785795],"min":[1.62798834287e-23,2.11125431528e-23,6.6818096394e-24,9.1503439496e-24,3.92044779461e-23,1.3709941838e-23,4.90804863649e-23,5.62832187254e-23,9.01314478764e-23,3.29191813521e-23,8.6635860055e-23,1.54982642666e-22,5.86969437687e-23,6.67751066301e-23,2.97001284054e-22,9.11969528348e-23,1.23101567555e-22,2.90975245019e-22,2.03377201852e-22,3.85607125427e-22,3.40275997126e-22,6.61899788356e-22,7.05653926909e-22,7.81435515292e-22,1.35485257506e-21,2.1165201196e-21,2.44402184596e-21],"var":[3.83826034067e-7,0.000110153509013,0.00000844692203827,0.0000133727016873,0.00000506250762555,0.00000159337059813,0.0000018414606302,0.00000107690209461,0.00000150373216457,0.00000145054207223,0.00000144177090533,8.67505775659e-7,9.81208927442e-7,0.0000012192875829,0.00000201121883947,8.17874081349e-7,0.00000117171191505,5.37184007499e-7,0.00000167960649833,5.40654582437e-7,6.23651146725e-7,6.35295464235e-7,6.1288079678e-7,3.57826962727e-7,1.98436794108e-7,1.13407185864e-8,9.23905230099e-10]},"barkbands_crest":{"dmean":2.26980376244,"dmean2":3.80454421043,"dvar":6.09155988693,"dvar2":16.3442440033,"max":25.5055141449,"mean":7.49893951416,"median":6.6268196106,"min":2.22436523438,"var":11.4249696732},"barkbands_flatness_db":{"dmean":0.0167857781053,"dmean2":0.0266962349415,"dvar":0.000328312045895,"dvar2":0.000852057535667,"max":0.494672745466,"mean":0.0954574197531,"median":0.0842403173447,"min":0.0194806680083,"var":0.00243928190321},"barkbands_kurtosis":{"dmean":2.01254796982,"dmean2":3.32290267944,"dvar":98.9029693604,"dvar2":284.319152832,"max":558.082885742,"mean":2.37317276001,"median":-0.298486351967,"min":-1.96283376217,"var":142.242263794},"barkbands_skewness":{"dmean":0.490013182163,"dmean2":0.769247710705,"dvar":0.367783039808,"dvar2":0.933173775673,"max":7.92552852631,"mean":0.97676306963,"median":0.825316429138,"min":-16.5456314087,"var":1.64552247524},"barkbands_spread":{"dmean":7.00144338608,"dmean2":10.9883069992,"dvar":70.3454818726,"dvar2":168.551971436,"max":130.288085938,"mean":34.8139572144,"median":33.4533615112,"min":0.312807202339,"var":283.759155273},"dissonance":{"dmean":0.01120380871,"dmean2":0.0189789868891,"dvar":0.000130501313834,"dvar2":0.000350362824975,"max":0.499999910593,"mean":0.477992355824,"median":0.482601046562,"min":0.220777973533,"var":0.000331385730533},"dynamic_complexity":3.92948818207,"erbbands":{"dmean":[0.139518380165,0.91044485569,1.73769748211,3.80728983879,4.94396018982,4.426466465,2.84617042542,5.49646282196,7.53838443756,8.43815517426,6.8881816864,7.83161640167,10.2156219482,9.47821903229,11.5134925842,11.2758798599,14.1741943359,17.0549755096,24.9133434296,16.7914295197,14.4532909393,18.4145832062,14.2106151581,17.2773323059,16.7915725708,11.9061489105,11.9877090454,10.763999939,9.05188083649,8.97177410126,6.18654441833,4.22316503525,2.13581800461,1.24596142769,0.795467734337,0.223127439618,0.0504864603281,0.0118624484167,0.00145530386362,0.000125412843772],"dmean2":[0.24033331871,1.64398300648,3.07390522957,6.38488197327,8.44579029083,7.26645231247,4.65746688843,9.17382049561,12.5288352966,13.4135389328,10.9959411621,12.1436872482,16.0067119598,15.0884475708,18.2820110321,17.2157497406,22.041639328,26.4148197174,39.4849281311,26.5057373047,22.5705966949,28.5857505798,22.35795784,27.6220340729,26.4817237854,18.0444793701,18.4745998383,15.9798870087,13.0945587158,13.3598003387,8.90636539459,6.54725790024,3.17925286293,1.78252971172,1.14886200428,0.32792916894,0.0776646733284,0.0188612863421,0.00222678272985,0.000190232109162],"dvar":[0.167486444116,7.60335636139,18.1108951569,62.3219261169,98.8304138184,35.5827903748,21.6952457428,131.278594971,232.850585938,251.211883545,269.019897461,414.274353027,889.104797363,463.436706543,2157.0402832,691.643371582,957.665405273,1393.84008789,4462.07519531,1476.76257324,874.360229492,1574.20080566,854.286682129,7021.23730469,1129.50524902,593.813476562,781.431152344,589.151306152,409.95223999,490.677703857,309.043243408,153.064788818,45.454536438,15.1124448776,5.87629413605,0.351567000151,0.0180687345564,0.00143310893327,0.0000151987233039,1.55801444635e-7],"dvar2":[0.44835755229,21.2369441986,51.4607009888,162.021652222,262.664672852,96.2697601318,56.7618179321,344.745483398,626.765563965,620.803588867,657.035766602,986.07244873,2229.98852539,1110.05822754,5136.06835938,1605.49816895,2220.75585938,3156.78271484,10645.2128906,3751.74902344,1954.75830078,3498.6003418,1999.15441895,18668.546875,2674.23999023,1351.43383789,1860.20031738,1302.23535156,826.857177734,1045.40979004,618.854370117,358.626800537,97.5923614502,30.5938796997,13.6914024353,0.763846695423,0.0416445359588,0.00357328634709,0.0000340699989465,3.79700310305e-7],"max":[3.53298664093,32.3429222107,52.1026077271,110.557411194,116.615203857,134.881866455,97.6859893799,159.776489258,245.067962646,303.727416992,511.486724854,631.298217773,867.734619141,560.569030762,1829.11230469,803.456542969,857.310668945,927.36529541,2041.23376465,918.107971191,810.889282227,1017.44421387,1308.83825684,3068.80322266,871.596740723,678.059814453,698.210144043,559.641479492,581.094482422,543.094604492,754.714538574,349.235626221,301.331695557,207.728393555,117.671073914,15.9679431915,4.54921770096,1.40766811371,0.0879740938544,0.00611199904233],"mean":[0.114895530045,0.794740259647,2.32350826263,5.65926122665,7.15308427811,8.15866374969,5.80033826828,8.30911540985,11.6631221771,15.7336826324,12.4754896164,13.3220586777,18.1901779175,16.149055481,19.1387462616,21.3941383362,25.7946796417,30.915397644,40.454372406,31.6656360626,29.4992904663,37.6920776367,28.3772926331,29.3811969757,32.0810928345,22.6700782776,18.1427974701,17.7565917969,15.7091941833,13.8720731735,9.19351959229,5.47216081619,3.11791944504,1.92081880569,1.14576470852,0.283728003502,0.0599197819829,0.0129482615739,0.00170221843291,0.000153845830937],"median":[0.0173531360924,0.271327614784,1.40778636932,3.87715339661,4.78952980042,5.26923274994,3.62600231171,4.18717575073,6.28180027008,7.25632715225,5.92559909821,5.15166378021,5.5924577713,6.872423172,6.30310249329,7.94064760208,10.8144016266,12.2816009521,16.9716587067,13.4503221512,13.2725515366,18.2955093384,15.7561855316,15.3947315216,16.0655879974,11.5740213394,8.16196346283,7.8069486618,6.83695316315,5.32024669647,2.81057977676,1.53734111786,0.878524661064,0.546672105789,0.293547034264,0.0603558830917,0.0113379908726,0.00214488152415,0.000294582743663,0.0000423758101533],"min":[1.12063101279e-21,2.87178892933e-21,7.30816333013e-21,1.53450000785e-20,6.30866807128e-20,1.98112858634e-19,8.41259872814e-20,1.61910187601e-19,5.8210550522e-19,8.0064176337e-19,1.43744365602e-18,2.10247680938e-18,1.64245127185e-18,1.53714125371e-18,5.90761681496e-18,4.78744593431e-18,3.05306491111e-18,2.44177285496e-18,1.01887740341e-17,1.10904472239e-17,6.32642332218e-18,8.16357781418e-18,1.62260675401e-17,1.42396462386e-17,6.97751662107e-18,1.53985262768e-17,1.97878328115e-17,1.28448303015e-17,2.00234403197e-17,2.5216084813e-17,2.25736844703e-17,1.83105610293e-17,1.24313773072e-17,1.32664889274e-17,9.33288942708e-18,6.61220719279e-18,4.1329918006e-18,1.56238401427e-18,3.24479586452e-19,3.41124437855e-20],"var":[0.124685622752,4.87584257126,13.0434179306,58.2865219116,89.0909500122,84.9853439331,53.6344146729,157.368347168,298.240905762,609.287902832,497.012176514,693.81463623,1640.28649902,909.135253906,3231.82641602,1531.37390137,2143.26245117,2951.59814453,6163.71826172,2946.5637207,2522.55371094,3790.3918457,1727.97399902,5893.65234375,2389.79589844,1199.45263672,1039.39709473,917.934082031,749.23840332,746.870056152,494.291900635,215.773147583,84.1865844727,28.7217693329,8.83469867706,0.537615835667,0.0234277099371,0.00142529630102,0.0000200932336156,1.60578707664e-7]},"erbbands_crest":{"dmean":2.3678894043,"dmean2":3.80950856209,"dvar":6.19755506516,"dvar2":14.8369674683,"max":33.2126426697,"mean":8.04989147186,"median":7.04884147644,"min":2.39983582497,"var":16.5168323517},"erbbands_flatness_db":{"dmean":0.0156264584512,"dmean2":0.0224488396198,"dvar":0.000281662418274,"dvar2":0.00058244675165,"max":0.477413803339,"mean":0.134555011988,"median":0.131656304002,"min":0.0322433486581,"var":0.00164293684065},"erbbands_kurtosis":{"dmean":0.820786476135,"dmean2":1.29265761375,"dvar":2.75920367241,"dvar2":6.86427640915,"max":56.6377487183,"mean":0.387343257666,"median":-0.243149280548,"min":-1.84663045406,"var":5.92351913452},"erbbands_skewness":{"dmean":0.297214746475,"dmean2":0.451094001532,"dvar":0.10117367655,"dvar2":0.218521073461,"max":4.64962482452,"mean":-0.223638132215,"median":-0.242386311293,"min":-5.25168037415,"var":0.620314478874},"erbbands_spread":{"dmean":8.55498886108,"dmean2":13.1471481323,"dvar":84.8004837036,"dvar2":189.16633606,"max":174.913360596,"mean":43.4586906433,"median":40.826499939,"min":0.790032863617,"var":359.913238525},"gfcc":{"cov":[[22646.5585938,823.04095459,-2132.99414062,451.083435059,-699.346740723,188.622055054,-311.127563477,103.605171204,1.55685687065,98.4481506348,-59.1216011047,-60.8761024475,-164.773147583],[823.04095459,1708.26879883,-472.33581543,-76.2826309204,58.1405715942,-182.80406189,-49.8728790283,-140.185791016,-25.3057498932,-124.02381134,16.4427566528,-94.7814483643,34.8113594055],[-2132.99414062,-472.33581543,846.647216797,49.8622245789,68.9391708374,60.4569206238,58.8749046326,24.7357406616,7.72775411606,58.348197937,-7.37757158279,61.4895515442,20.6772041321],[451.083435059,-76.2826309204,49.8622245789,262.184295654,9.0854434967,8.778424263,-31.5254306793,7.28003787994,32.5415458679,20.6735095978,4.97222661972,-0.793587267399,19.1383552551],[-699.346740723,58.1405715942,68.9391708374,9.0854434967,235.907897949,-14.5928516388,13.0593881607,-10.8394670486,26.3335113525,17.4408302307,-5.06644868851,-3.44902157784,23.4135742188],[188.622055054,-182.80406189,60.4569206238,8.778424263,-14.5928516388,159.019699097,58.3934707642,23.0929660797,-13.028134346,8.35484695435,9.36349964142,11.5330629349,-14.8652143478],[-311.127563477,-49.8728790283,58.8749046326,-31.5254306793,13.0593881607,58.3934707642,174.235595703,41.2282943726,-23.8612689972,-16.1669502258,12.3749790192,24.0976085663,-13.2206001282],[103.605171204,-140.185791016,24.7357406616,7.28003787994,-10.8394670486,23.0929660797,41.2282943726,113.033210754,34.442035675,-5.77969789505,0.531544923782,13.1633338928,-10.7405929565],[1.55685687065,-25.3057498932,7.72775411606,32.5415458679,26.3335113525,-13.028134346,-23.8612689972,34.442035675,97.4367141724,32.5917701721,-6.86795949936,-11.8437280655,4.14531898499],[98.4481506348,-124.02381134,58.348197937,20.6735095978,17.4408302307,8.35484695435,-16.1669502258,-5.77969789505,32.5917701721,101.276130676,8.46650505066,0.0278766304255,-0.927645325661],[-59.1216011047,16.4427566528,-7.37757158279,4.97222661972,-5.06644868851,9.36349964142,12.3749790192,0.531544923782,-6.86795949936,8.46650505066,71.7074432373,21.9142932892,-12.1951560974],[-60.8761024475,-94.7814483643,61.4895515442,-0.793587267399,-3.44902157784,11.5330629349,24.0976085663,13.1633338928,-11.8437280655,0.0278766304255,21.9142932892,73.1489181519,12.5688066483],[-164.773147583,34.8113594055,20.6772041321,19.1383552551,23.4135742188,-14.8652143478,-13.2206001282,-10.7405929565,4.14531898499,-0.927645325661,-12.1951560974,12.5688066483,70.936126709]],"icov":[[0.0000850820215419,-0.0000774075597292,0.000221119742491,-0.000200244219741,0.000171121457242,-0.000219618770643,0.000155259665917,-0.000217558641452,0.000158416907652,-0.000338804937201,0.000321165600326,-0.000293750519631,0.00021225506498],[-0.0000774075597292,0.00111210229807,0.000170572049683,0.000339369784342,-0.000375348172383,0.00102214654908,-0.000572097313125,0.00138681824319,-0.000620712118689,0.00153018452693,-0.00120381673332,0.00139802170452,-0.000823778274935],[0.000221119742491,0.000170572049683,0.00213518575765,-0.000713470682967,-0.00000586768055655,-0.000611651747022,-0.0000488604418933,-0.000262035988271,0.00042698715697,-0.00129888101947,0.00122697988991,-0.00158327491954,0.00027453689836],[-0.000200244219741,0.000339369784342,-0.000713470682967,0.00473818648607,-0.000373366288841,0.0000510501449753,0.000411128770793,0.000465221091872,-0.00155860360246,0.000832340389024,-0.00169290590566,0.00124859658536,-0.00183136691339],[0.000171121457242,-0.000375348172383,-0.00000586768055655,-0.000373366288841,0.0052424389869,-0.0000878456048667,-0.000712921959348,0.000439270312199,-0.00127132260241,-0.00118580157869,0.000667329586577,-0.000172250744072,-0.000926954380702],[-0.000219618770643,0.00102214654908,-0.000611651747022,0.0000510501449753,-0.0000878456048667,0.00894605740905,-0.0030032498762,0.000550462282263,0.000472095416626,0.000626053137239,-0.00170458049979,0.00172546156682,-0.0000380742567359],[0.000155259665917,-0.000572097313125,-0.0000488604418933,0.000411128770793,-0.000712921959348,-0.0030032498762,0.00869409460574,-0.00399275915697,0.00284886243753,-0.000305378576741,0.000304963585222,-0.00214776815847,0.00142897514161],[-0.000217558641452,0.00138681824319,-0.000262035988271,0.000465221091872,0.000439270312199,0.000550462282263,-0.00399275915697,0.0149600878358,-0.00782960373908,0.00466971192509,-0.000981543795206,-0.000702614779584,0.00073065928882],[0.000158416907652,-0.000620712118689,0.00042698715697,-0.00155860360246,-0.00127132260241,0.000472095416626,0.00284886243753,-0.00782960373908,0.0168553814292,-0.00622082874179,0.001675837324,0.00155520928092,-0.000221152455197],[-0.000338804937201,0.00153018452693,-0.00129888101947,0.000832340389024,-0.00118580157869,0.000626053137239,-0.000305378576741,0.00466971192509,-0.00622082874179,0.0153722055256,-0.00421144999564,0.00228925887495,-0.000776233151555],[0.000321165600326,-0.00120381673332,0.00122697988991,-0.00169290590566,0.000667329586577,-0.00170458049979,0.000304963585222,-0.000981543795206,0.001675837324,-0.00421144999564,0.0190702769905,-0.00832847505808,0.00536780338734],[-0.000293750519631,0.00139802170452,-0.00158327491954,0.00124859658536,-0.000172250744072,0.00172546156682,-0.00214776815847,-0.000702614779584,0.00155520928092,0.00228925887495,-0.00832847505808,0.0210069455206,-0.00654686195776],[0.00021225506498,-0.000823778274935,0.00027453689836,-0.00183136691339,-0.000926954380702,-0.0000380742567359,0.00142897514161,0.00073065928882,-0.000221152455197,-0.000776233151555,0.00536780338734,-0.00654686195776,0.0181690864265]],"mean":[-2.46480941772,65.9933242798,-114.412757874,46.6335525513,-55.5417938232,13.2067708969,-38.8020057678,3.71071434021,-24.2824039459,0.0830615982413,-17.8635444641,-3.94900989532,-14.316570282]},"hfc":{"dmean":11.3245983124,"dmean2":15.916185379,"dvar":449.621032715,"dvar2":954.414978027,"max":439.763519287,"mean":27.1987915039,"median":19.2397575378,"min":1.23263027046e-16,"var":866.38104248},"melbands":{"dmean":[0.00120967871044,0.000995288137347,0.000677303527482,0.000340725586284,0.000104932078102,0.000119709126011,0.000114162081445,0.0000868782808539,0.0000561640918022,0.0000512821752636,0.0000517948283232,0.0000400065546273,0.0000390609202441,0.0000317357662425,0.0000341989143635,0.0000308493290504,0.0000337038763973,0.0000415271861129,0.0000269278552878,0.0000194618678506,0.0000185115732165,0.0000198124944291,0.0000189813526958,0.0000127289158627,0.0000154218796524,0.000013675048649,0.000010407418813,0.00000813138740341,0.00000744590442991,0.00000828361953609,0.00000603599437454,0.00000533168258698,0.00000548894604435,0.00000490890579385,0.00000385950579584,0.0000031477156881,0.00000233207720157,0.00000154427505095,0.00000127725513721,0.00000102863793927],"dmean2":[0.00210862164386,0.00176618667319,0.00113629223779,0.000573076365981,0.000170327155502,0.000199442612939,0.000188317004358,0.000138038798468,0.0000894303739187,0.0000793173530838,0.0000812456419226,0.0000636635595583,0.0000624824533588,0.0000492166182084,0.0000526263174834,0.0000483788680867,0.0000522637310496,0.0000660619116388,0.0000424717218266,0.0000309087517962,0.0000291853320959,0.0000309986389766,0.0000297608803521,0.0000204440711968,0.0000248699725489,0.0000217172837438,0.0000163629574672,0.0000124412208606,0.0000116416813398,0.0000129361060317,0.00000904058833839,0.00000779362198955,0.0000082285823737,0.00000745923944123,0.00000563899720873,0.00000472125248052,0.00000373212833438,0.00000231253375205,0.00000192755828721,0.00000148454387272],"dvar":[0.000012758894627,0.00000719101444702,0.00000208001097235,2.75224039115e-7,2.40219577563e-8,5.98873128865e-8,4.96408318895e-8,2.79385066193e-8,1.72222769379e-8,1.83958004385e-8,2.2084671869e-8,8.71691341331e-9,2.03393231146e-8,6.63552812696e-9,5.96361893201e-9,4.14192946607e-9,5.88272763835e-9,1.09828048878e-8,4.06000033593e-9,1.8979571248e-9,1.63743518744e-9,2.10931339062e-9,1.4845905616e-9,7.11319003699e-10,7.19037718255e-9,7.53676843157e-10,4.35439184709e-10,3.39071437594e-10,3.06696529284e-10,4.19734330626e-10,1.99771726939e-10,1.41271438991e-10,1.80056122789e-10,1.554429363e-10,1.30223623551e-10,8.81861597635e-11,4.84443180016e-11,2.41919921595e-11,2.0006857282e-11,1.07250744744e-11],"dvar2":[0.0000344852232956,0.000020218130885,0.00000537510231879,7.56507347432e-7,6.18752906689e-8,1.58235934578e-7,1.32557289589e-7,6.92497934551e-8,4.17174668144e-8,4.38578915407e-8,5.53034098516e-8,2.08251549338e-8,4.87429119289e-8,1.56912989269e-8,1.37479254647e-8,9.88747128616e-9,1.30903163864e-8,2.64981263598e-8,9.76937108987e-9,4.64899985175e-9,3.69051966764e-9,4.67689087458e-9,3.39636607727e-9,1.72532599318e-9,1.91526350335e-8,1.80767700808e-9,9.77856573492e-10,8.08513200834e-10,7.39157235419e-10,1.02287500692e-9,4.61108984329e-10,3.00005492671e-10,3.86123660823e-10,3.39569400376e-10,2.69354316629e-10,2.01996655513e-10,1.14465631418e-10,5.21958136435e-11,4.41389251538e-11,2.24236375995e-11],"max":[0.0317869596183,0.0345662012696,0.0191154498607,0.00895954202861,0.00341027253307,0.00332178175449,0.00369799742475,0.00373400491662,0.00368312909268,0.0043513532728,0.00426931073889,0.00234691868536,0.00512459361926,0.00217152573168,0.00153815513477,0.00147409911733,0.00202467292547,0.00299935648218,0.00143987941556,0.000920337450225,0.00098369596526,0.00120971631259,0.00112096092198,0.000774812826421,0.00310444668867,0.00062060035998,0.000706703867763,0.000677850446664,0.000429018691648,0.000317855447065,0.000478181056678,0.000354011688614,0.000358990277164,0.000299733597785,0.000554769474547,0.000298001832562,0.000200396272703,0.000249442411587,0.000202625815291,0.000195591928787],"mean":[0.00102384458296,0.00116825895384,0.00102418381721,0.000578559585847,0.000227606185945,0.00018387203454,0.00018432867364,0.000161197051057,0.0000975034272415,0.0000857400882524,0.0000908236470423,0.0000654346804367,0.0000598028746026,0.0000550683216716,0.0000612793155597,0.0000516656182299,0.0000573204124521,0.0000641270817141,0.0000461879644718,0.0000360249869118,0.0000338923819072,0.0000376711977879,0.0000347719906131,0.0000218695840886,0.0000237498607021,0.0000245750889007,0.0000194567073777,0.0000140181964525,0.000010911231584,0.0000114608137665,0.00000985678161669,0.00000891803210834,0.0000084972652985,0.00000736455467631,0.00000555356791665,0.00000419916659666,0.00000292982576866,0.00000222964831664,0.00000181476821126,0.00000155856218953],"median":[0.000222955233767,0.000644057057798,0.000694904476404,0.000395785027649,0.000151953223394,0.0000942289916566,0.000101636615,0.0000736190704629,0.0000420951619162,0.0000294336059596,0.0000264460049948,0.0000252659901889,0.0000181273408089,0.0000185918052011,0.0000211591468542,0.0000205826872843,0.0000198262496269,0.000025292762075,0.0000192971201614,0.0000137965425893,0.0000136896378535,0.0000160577583301,0.0000163939730555,0.0000109270540634,0.0000110498067443,0.0000116828332466,0.00000907393496163,0.00000655499798086,0.000004791937954,0.00000431330317952,0.0000043444356379,0.0000038759671952,0.00000319431160278,0.00000270089299192,0.00000162687570082,0.00000106619859253,8.27076632959e-7,6.29004318853e-7,4.60835906324e-7,4.35624485817e-7],"min":[8.05115699717e-24,3.63683770526e-24,4.39632064151e-24,8.98401341659e-24,4.53864889818e-24,3.86902037448e-24,8.7834463203e-24,9.15844633995e-24,1.19222426095e-23,1.31021426543e-23,7.59050956018e-24,5.22283742761e-24,1.58629877952e-23,1.93094564035e-23,9.66002698046e-24,4.82579308439e-24,3.92036969738e-24,1.26742763322e-23,2.5988350413e-23,6.37560302385e-24,7.69315929661e-24,6.33405450883e-24,1.690456818e-23,1.10482186475e-23,1.26090990665e-23,4.04721300891e-24,6.37879475507e-24,1.15822301487e-23,1.37725631944e-23,9.22677431612e-24,6.47640367032e-24,1.05221178435e-23,1.36434345528e-23,1.34859826493e-23,1.54419885073e-23,8.35457262285e-24,1.22390570376e-23,7.6734030641e-24,9.91081138426e-24,1.21951995268e-23],"var":[0.00000916680619412,0.00000486306635139,0.0000019177834929,3.78169431769e-7,6.70062973995e-8,7.30749363242e-8,6.82555025833e-8,6.2441920079e-8,3.19603934429e-8,3.05487866115e-8,4.15053982294e-8,1.73696204087e-8,2.92770163668e-8,1.34338611346e-8,1.34775746119e-8,7.87291565274e-9,1.23534755758e-8,1.53404293712e-8,6.65943833411e-9,4.27476676279e-9,3.8944723002e-9,4.73181893668e-9,3.07987901849e-9,1.26740706818e-9,5.80040548925e-9,1.49599288513e-9,1.07096587154e-9,5.45749223591e-10,3.95544014209e-10,5.05927300054e-10,2.92039781247e-10,2.40760023029e-10,2.80090561855e-10,2.24928825565e-10,1.94435481604e-10,1.22863913488e-10,6.89431289835e-11,4.60880916764e-11,3.22990627299e-11,1.89951110396e-11]},"melbands_crest":{"dmean":2.9950978756,"dmean2":4.86796998978,"dvar":8.38381099701,"dvar2":21.6142082214,"max":30.8989143372,"mean":12.1148271561,"median":11.401424408,"min":2.6157579422,"var":18.9660129547},"melbands_flatness_db":{"dmean":0.0226411186159,"dmean2":0.0360626354814,"dvar":0.000587041315157,"dvar2":0.00154354434926,"max":0.478953927755,"mean":0.150123640895,"median":0.137226492167,"min":0.00795260630548,"var":0.00373533810489},"melbands_kurtosis":{"dmean":5.51693105698,"dmean2":8.96606826782,"dvar":114.159133911,"dvar2":299.075042725,"max":282.927337646,"mean":10.3855199814,"median":4.41487312317,"min":-1.9453305006,"var":378.600769043},"melbands_skewness":{"dmean":0.715089261532,"dmean2":1.12031435966,"dvar":0.740035951138,"dvar2":1.79307639599,"max":12.1610050201,"mean":2.38488698006,"median":2.08285403252,"min":-14.5504274368,"var":2.68494915962},"melbands_spread":{"dmean":11.4661769867,"dmean2":18.1660690308,"dvar":279.523132324,"dvar2":665.34173584,"max":311.923034668,"mean":39.4510879517,"median":35.7974319458,"min":0.965143084526,"var":727.797546387},"mfcc":{"cov":[[13833.3681641,502.229370117,-473.368255615,416.319671631,-138.840560913,185.102355957,-57.0381011963,105.729286194,21.0422992706,119.474220276,129.358093262,50.7993469238,54.145401001],[502.229370117,1032.69567871,-183.26991272,84.2063522339,11.8512821198,5.88062906265,10.7292909622,-12.7355527878,-41.9867668152,-43.7478942871,-2.21392679214,-46.5009231567,-40.1798858643],[-473.368255615,-183.26991272,504.480560303,37.3360557556,12.4646224976,33.3570251465,17.3797683716,9.50137233734,12.4982595444,-19.073928833,-13.6188583374,28.6180477142,21.5149860382],[416.319671631,84.2063522339,37.3360557556,234.912811279,66.2231445312,15.8743686676,-27.7197742462,-21.1960449219,23.4381065369,-4.04970169067,-4.82931089401,-1.12867593765,28.1200656891],[-138.840560913,11.8512821198,12.4646224976,66.2231445312,195.83416748,18.74152565,-46.2569885254,-39.1270561218,17.2762699127,27.6776313782,-7.46363544464,-19.126121521,4.02953338623],[185.102355957,5.88062906265,33.3570251465,15.8743686676,18.74152565,127.123252869,36.973033905,-19.8286533356,5.39984083176,-3.37930846214,9.31118297577,4.4699177742,-2.6882815361],[-57.0381011963,10.7292909622,17.3797683716,-27.7197742462,-46.2569885254,36.973033905,134.545196533,57.4424552917,-9.53082752228,-15.4081125259,5.82504796982,13.3613061905,-1.75477468967],[105.729286194,-12.7355527878,9.50137233734,-21.1960449219,-39.1270561218,-19.8286533356,57.4424552917,141.289916992,11.6236162186,-10.1331167221,9.56131076813,14.5429735184,4.48887443542],[21.0422992706,-41.9867668152,12.4982595444,23.4381065369,17.2762699127,5.39984083176,-9.53082752228,11.6236162186,98.6938247681,29.4164733887,-8.70653247833,-3.08782482147,3.74292421341],[119.474220276,-43.7478942871,-19.073928833,-4.04970169067,27.6776313782,-3.37930846214,-15.4081125259,-10.1331167221,29.4164733887,93.7965927124,21.8028507233,-13.0834770203,-7.89931201935],[129.358093262,-2.21392679214,-13.6188583374,-4.82931089401,-7.46363544464,9.31118297577,5.82504796982,9.56131076813,-8.70653247833,21.8028507233,81.8619003296,26.0813121796,-6.18251943588],[50.7993469238,-46.5009231567,28.6180477142,-1.12867593765,-19.126121521,4.4699177742,13.3613061905,14.5429735184,-3.08782482147,-13.0834770203,26.0813121796,76.4933547974,25.4621868134],[54.145401001,-40.1798858643,21.5149860382,28.1200656891,4.02953338623,-2.6882815361,-1.75477468967,4.48887443542,3.74292421341,-7.89931201935,-6.18251943588,25.4621868134,77.660118103]],"icov":[[0.0000920353922993,-0.0000253984708252,0.0000970047840383,-0.000206034223083,0.000175391571247,-0.000246591022005,0.000181097668246,-0.000181579976925,0.0000888389913598,-0.000209033751162,-0.00000353778068529,-0.000074358053098,-0.0000340745391441],[-0.0000253984708252,0.00119529070798,0.000412158115068,-0.000546217896044,-0.0000792654827819,0.0000587668218941,-0.000287966744509,0.0000768741520005,0.000333865726134,0.000710661523044,-0.000200678856345,0.000612616713624,0.000554284371901],[0.0000970047840383,0.000412158115068,0.00239290995523,-0.000688428641297,0.0000446974736406,-0.0007782598841,0.0000165902820299,-0.000353187788278,0.0000559336876904,0.000201881863177,0.000544269569218,-0.000758220499847,0.0000332455674652],[-0.000206034223083,-0.000546217896044,-0.000688428641297,0.00596069125459,-0.00186978990678,0.000160474606673,0.000263012421783,0.000723958946764,-0.00162127031945,0.00135692441836,-0.00060680648312,0.000546089315321,-0.00205106916837],[0.000175391571247,-0.0000792654827819,0.0000446974736406,-0.00186978990678,0.00697927037254,-0.0018452469958,0.00222413754091,0.0000591448988416,0.000209895777516,-0.00222407700494,0.000650070433039,0.000753617787268,-0.000309488881612],[-0.000246591022005,0.0000587668218941,-0.0007782598841,0.000160474606673,-0.0018452469958,0.0110065406188,-0.00508528389037,0.00372832268476,-0.00178915867582,0.00179655058309,-0.00194443436339,0.000291227566777,0.000524861097801],[0.000181097668246,-0.000287966744509,0.0000165902820299,0.000263012421783,0.00222413754091,-0.00508528389037,0.0121129583567,-0.00529983174056,0.00169473409187,-0.000642183062155,0.000932987779379,-0.000964364677202,0.000156977868755],[-0.000181579976925,0.0000768741520005,-0.000353187788278,0.000723958946764,0.0000591448988416,0.00372832268476,-0.00529983174056,0.0105399321765,-0.00271806772798,0.0018483963795,-0.00181116710883,-0.00000591041725784,-0.000424141966505],[0.0000888389913598,0.000333865726134,0.0000559336876904,-0.00162127031945,0.000209895777516,-0.00178915867582,0.00169473409187,-0.00271806772798,0.0129515053704,-0.00511978752911,0.00331524875946,-0.0011012085015,0.000284922833089],[-0.000209033751162,0.000710661523044,0.000201881863177,0.00135692441836,-0.00222407700494,0.00179655058309,-0.000642183062155,0.0018483963795,-0.00511978752911,0.0158162489533,-0.00622153934091,0.00423703948036,-0.00000655254507365],[-0.00000353778068529,-0.000200678856345,0.000544269569218,-0.00060680648312,0.000650070433039,-0.00194443436339,0.000932987779379,-0.00181116710883,0.00331524875946,-0.00622153934091,0.0174257364124,-0.00779230659828,0.00314179179259],[-0.000074358053098,0.000612616713624,-0.000758220499847,0.000546089315321,0.000753617787268,0.000291227566777,-0.000964364677202,-0.00000591041725784,-0.0011012085015,0.00423703948036,-0.00779230659828,0.0195315834135,-0.00620940281078],[-0.0000340745391441,0.000554284371901,0.0000332455674652,-0.00205106916837,-0.000309488881612,0.000524861097801,0.000156977868755,-0.000424141966505,0.000284922833089,-0.00000655254507365,0.00314179179259,-0.00620940281078,0.0162544865161]],"mean":[-634.927978516,90.6073455811,1.12126350403,30.7155036926,5.75795841217,9.98985671997,-2.32632231712,2.24497365952,-3.09374690056,-0.0962464138865,0.983617544174,-3.3245215416,-2.34981274605]},"pitch_salience":{"dmean":0.0624913275242,"dmean2":0.102913551033,"dvar":0.00359214283526,"dvar2":0.00956406164914,"max":0.947588801384,"mean":0.59416615963,"median":0.597036004066,"min":0.19314005971,"var":0.00810691062361},"silence_rate_20dB":{"dmean":0,"dmean2":0,"dvar":0,"dvar2":0,"max":1,"mean":1,"median":1,"min":1,"var":0},"silence_rate_30dB":{"dmean":0.00399527838454,"dmean2":0.00799128226936,"dvar":0.00397910596803,"dvar2":0.011741021648,"max":1,"mean":0.99791175127,"median":1,"min":0,"var":0.00208393880166},"silence_rate_60dB":{"dmean":0.00363207119517,"dmean2":0.00726480223238,"dvar":0.00361847435124,"dvar2":0.00793905183673,"max":1,"mean":0.0660976916552,"median":0,"min":0,"var":0.0617243610322},"spectral_centroid":{"dmean":288.15725708,"dmean2":444.239227295,"dvar":109737.34375,"dvar2":229090.359375,"max":10327.0839844,"mean":1937.71960449,"median":1931.02856445,"min":186.423629761,"var":687845.1875},"spectral_complexity":{"dmean":4.27494764328,"dmean2":6.28568840027,"dvar":25.3704967499,"dvar2":47.8367118835,"max":61,"mean":21.6354637146,"median":21,"min":0,"var":124.694648743},"spectral_contrast_coeffs":{"dmean":[0.0457010567188,0.0420670732856,0.0362217538059,0.0308914929628,0.0235753487796,0.0177391413599],"dmean2":[0.0761433392763,0.0693539306521,0.0589457042515,0.0498962290585,0.0377030149102,0.0280108656734],"dvar":[0.00155406363774,0.00119526439812,0.000888090406079,0.000651763461065,0.00045691957348,0.00026971771149],"dvar2":[0.00425456883386,0.00324820680544,0.00221009785309,0.00159860344138,0.00102594611235,0.000617391604465],"max":[-0.292550891638,-0.503928899765,-0.519705474377,-0.557786107063,-0.525440812111,-0.542720139027],"mean":[-0.639725744724,-0.753762185574,-0.777542114258,-0.766286969185,-0.77935564518,-0.745638370514],"median":[-0.637420892715,-0.754978120327,-0.784190773964,-0.766170442104,-0.783833622932,-0.741415381432],"min":[-0.955714762211,-0.971695959568,-0.977651834488,-0.964783549309,-0.959777593613,-0.96292924881],"var":[0.005107043311,0.00399899575859,0.00419973954558,0.00361406919546,0.0027052774094,0.00208046170883]},"spectral_contrast_valleys":{"dmean":[0.392361909151,0.331664770842,0.310991764069,0.261674404144,0.253924578428,0.298983633518],"dmean2":[0.636697173119,0.536403357983,0.502860963345,0.406121313572,0.378009319305,0.383811354637],"dvar":[0.138228073716,0.0881755053997,0.0797934085131,0.0595935881138,0.0833634734154,0.128348708153],"dvar2":[0.303998231888,0.202619671822,0.177595227957,0.119071640074,0.160223200917,0.228732734919],"max":[-4.89301729202,-4.81469583511,-5.51577091217,-5.70588207245,-5.48394870758,-6.83936500549],"mean":[-7.4354186058,-7.03467655182,-7.67805671692,-7.83150863647,-7.40724992752,-9.83060836792],"median":[-7.16272544861,-6.72747135162,-7.38929271698,-7.50244808197,-7.07456684113,-9.60071182251],"min":[-27.4620494843,-27.0685443878,-27.1414890289,-26.8653774261,-27.2360038757,-27.109369278],"var":[2.12669324875,2.33242273331,2.26258468628,2.27205681801,2.24214076996,2.12102437019]},"spectral_decrease":{"dmean":2.38478015113e-9,"dmean2":3.85743748055e-9,"dvar":2.36973282688e-17,"dvar2":5.99265751666e-17,"max":2.08292389413e-12,"mean":-5.03777242145e-9,"median":-3.94705779172e-9,"min":-4.81751420978e-8,"var":2.47574181264e-17},"spectral_energy":{"dmean":0.00984682701528,"dmean2":0.0156642477959,"dvar":0.000377318792744,"dvar2":0.000935645890422,"max":0.192053392529,"mean":0.0214807093143,"median":0.0168336033821,"min":1.1126533243e-20,"var":0.000424434198067},"spectral_energyband_high":{"dmean":0.00109927833546,"dmean2":0.00153093214612,"dvar":0.00000610940514889,"dvar2":0.0000124041789604,"max":0.0530111156404,"mean":0.00191358255688,"median":0.000849381031003,"min":8.35470594034e-21,"var":0.0000108683798317},"spectral_energyband_low":{"dmean":0.00616207672283,"dmean2":0.0105001190677,"dvar":0.000248784228461,"dvar2":0.000663698185235,"max":0.167675420642,"mean":0.00730263022706,"median":0.00378114334308,"min":3.58741059972e-23,"var":0.000193664425751},"spectral_energyband_middle_high":{"dmean":0.00197707931511,"dmean2":0.00296655413695,"dvar":0.00000940567133512,"dvar2":0.0000213753119169,"max":0.0498807579279,"mean":0.00580705376342,"median":0.004548615776,"min":1.51611543406e-21,"var":0.0000273362456937},"spectral_energyband_middle_low":{"dmean":0.00335426116362,"dmean2":0.00547462236136,"dvar":0.0000361536076525,"dvar2":0.0000910289600142,"max":0.0667816624045,"mean":0.00781380198896,"median":0.0064157913439,"min":2.67492080183e-22,"var":0.0000454566761618},"spectral_entropy":{"dmean":0.120377197862,"dmean2":0.178804129362,"dvar":0.0166902244091,"dvar2":0.0339093916118,"max":9.8079252243,"mean":7.84439468384,"median":7.86690616608,"min":5.35113239288,"var":0.169847562909},"spectral_flux":{"dmean":0.0251454059035,"dmean2":0.0378670394421,"dvar":0.00130834558513,"dvar2":0.00243717688136,"max":0.391398519278,"mean":0.0809288918972,"median":0.0692858994007,"min":1.05482386714e-10,"var":0.00298599852249},"spectral_kurtosis":{"dmean":0.936640202999,"dmean2":1.58767926693,"dvar":2.79060983658,"dvar2":9.54864692688,"max":55.8456230164,"mean":3.09894227982,"median":2.57683968544,"min":-1.20463013649,"var":13.142539978},"spectral_rms":{"dmean":0.000833521247841,"dmean2":0.00126066675875,"dvar":0.00000162047876984,"dvar2":0.00000371500482288,"max":0.0136882858351,"mean":0.00417441641912,"median":0.00405253376812,"min":3.29471606247e-12,"var":0.00000353106747752},"spectral_rolloff":{"dmean":757.049621582,"dmean2":1257.12646484,"dvar":1265771.375,"dvar2":3133558,"max":18540.0878906,"mean":2604.72802734,"median":2239.453125,"min":86.1328125,"var":5117668.5},"spectral_skewness":{"dmean":0.158531084657,"dmean2":0.252710729837,"dvar":0.0299492441118,"dvar2":0.0841071680188,"max":5.78370809555,"mean":1.21852242947,"median":1.18512320518,"min":-0.116467103362,"var":0.209882691503},"spectral_spread":{"dmean":475609.6875,"dmean2":674073.3125,"dvar":408530878464,"dvar2":715220451328,"max":41903128,"mean":5075246,"median":4805451,"min":1323543.375,"var":2340299472900},"spectral_strongpeak":{"dmean":0.67278945446,"dmean2":1.18397212029,"dvar":1.85443139076,"dvar2":4.78484535217,"max":23.6273384094,"mean":0.87454277277,"median":0.341829955578,"min":0,"var":2.1582493782},"zerocrossingrate":{"dmean":0.0122049916536,"dmean2":0.0143069690093,"dvar":0.000205903110327,"dvar2":0.000253846083069,"max":0.578125,"mean":0.092859223485,"median":0.08447265625,"min":0.00732421875,"var":0.00329262157902}},"metadata":{"audio_properties":{"analysis_sample_rate":44100,"bit_rate":278439,"codec":"mp3","downmix":"mix","equal_loudness":0,"length":255.712646484,"lossless":false,"md5_encoded":"b142fefd76f835e30ff3329a917cefc3","replay_gain":-8.59027671814,"sample_rate":44100},"tags":{"acoustid_id":["6a4a390e-92e9-4c72-8398-ce2b1e3909bc"],"album":["Jefferson Airplane"],"albumartist":["Jefferson Airplane"],"albumartistsort":["Jefferson Airplane"],"artist":["Jefferson Airplane"],"artists":["Jefferson Airplane"],"artistsort":["Jefferson Airplane"],"asin":["B00005LV9Z"],"barcode":["5099746565923"],"catalognumber":["465659 2"],"date":["1989"],"file_name":"05 - Ice Age.mp3","label":["Epic"],"media":["CD"],"musicbrainz album release country":["XW"],"musicbrainz album status":["official"],"musicbrainz album type":["album"],"musicbrainz release track id":["771d5b63-3ea5-37bc-ae5b-2069d6050d3a"],"musicbrainz_albumartistid":["39c2a93d-9afa-4a22-9bba-c087ab056e1c"],"musicbrainz_albumid":["0c1dec02-79f3-483d-88ed-ded82995a581"],"musicbrainz_artistid":["39c2a93d-9afa-4a22-9bba-c087ab056e1c"],"musicbrainz_recordingid":["a390b9d1-b4d2-4332-8d13-4bc91a498ce2"],"musicbrainz_releasegroupid":["5a737b23-6f9b-39d5-9ffb-55be35b96b0c"],"originaldate":["1989"],"script":["Latn"],"title":["Ice Age"],"tracknumber":["5/13"]},"version":{"essentia":"2.1-beta1","essentia_build_sha":"65e368e5454dd45657e4cc002e00185f437e13e1","essentia_git_sha":"v2.1_beta1-28-g21ef5f4","extractor":"music 1.0"}},"rhythm":{"beats_count":542,"beats_loudness":{"dmean":0.0308237168938,"dmean2":0.0598711371422,"dvar":0.000688725616783,"dvar2":0.00229388731532,"max":0.155905872583,"mean":0.0432418547571,"median":0.0376866534352,"min":3.05875458295e-9,"var":0.000767632911447},"beats_loudness_band_ratio":{"dmean":[0.170235097408,0.0736264809966