{"lowlevel":{"average_loudness":0.313523352146,"barkbands":{"dmean":[0.000137180017191,0.000548527750652,0.000319772952935,0.000370223948266,0.00105514226016,0.000682480982505,0.000679305754602,0.000409618776757,0.000517449749168,0.000623479543719,0.000347334396793,0.000636667129584,0.00025271915365,0.000191058483324,0.00026884759427,0.0000996138114715,0.0000967826345004,0.0000688972140779,0.0000479476984765,0.0000331109877152,0.0000247252573899,0.0000310207324219,0.0000349483634636,0.0000440528383479,0.000015374575014,8.2660562839e-7,3.66191663659e-8],"dmean2":[0.000213933424675,0.000869335432071,0.000514840125106,0.000598700891715,0.00165599328466,0.00101631926373,0.00100845389534,0.000608278729487,0.000739378738217,0.000933820090722,0.000534687307663,0.000917660538107,0.000381468125852,0.000296928861644,0.000372476875782,0.000153413333464,0.000153919434524,0.000109797692858,0.000078043070971,0.0000527505253558,0.0000385835774068,0.0000459400798718,0.000049223392125,0.0000651169684716,0.0000228599001275,0.00000124956272884,6.08882260167e-8],"dvar":[3.48652747562e-7,0.00000542743464393,6.9911089895e-7,0.00000112087775506,0.00000549092283109,0.00000402754767492,0.00000503195315105,0.00000153265432346,0.00000292040408567,0.00000370796328752,0.00000203721901926,0.00000535282970304,0.00000201879015549,6.01709643888e-7,0.00000159247974807,1.7881666281e-7,9.01274290754e-8,4.50310366773e-8,1.76458616608e-8,1.09965796469e-8,1.16872893585e-8,5.59333095396e-8,4.84837556769e-8,7.97710839606e-8,1.15654152921e-8,1.32749939513e-11,5.13816521611e-14],"dvar2":[6.87335557359e-7,0.0000131419483296,0.00000193319647224,0.00000309240181195,0.0000139401081469,0.00000899011047295,0.0000104272758108,0.00000318839624924,0.00000616404395259,0.00000818976059236,0.00000452126232631,0.0000102165668068,0.0000048701722335,0.00000127345276724,0.00000257660349234,3.70793060256e-7,2.30166335768e-7,1.11834530969e-7,4.37340190729e-8,2.55510599345e-8,2.42632953729e-8,1.19807268106e-7,8.88982185643e-8,1.87650428529e-7,2.48532927571e-8,2.99705676943e-11,1.37893358841e-13],"max":[0.0125674558803,0.0374090075493,0.0181404612958,0.0268953666091,0.0543358698487,0.0644581764936,0.0766863673925,0.0347898602486,0.0442047938704,0.0662545934319,0.049876332283,0.069538064301,0.0468003675342,0.0277357641608,0.0570426136255,0.0125982426107,0.0084856711328,0.00631193816662,0.00317399972118,0.00302252476104,0.00514149852097,0.0108961202204,0.0120932823047,0.0124753182754,0.00625230139121,0.000128004088765,0.00000853066103446],"mean":[0.000218726869207,0.00112295686267,0.000660612538923,0.000749618106056,0.00243854313157,0.00148141128011,0.00125098205172,0.000826947565656,0.000985942780972,0.00117222440895,0.000623791886028,0.00134099554271,0.000445008889074,0.000337627629051,0.000548557378352,0.000179748414666,0.000190579215996,0.000140421441756,0.000108470572741,0.0000729303355911,0.0000466513047286,0.0000524257811776,0.0000674717884976,0.0000734919376555,0.0000239609707933,0.00000131746503484,8.44694483249e-8],"median":[0.000079007804743,0.0000446047633886,0.000139122596011,0.000203907198738,0.00132804689929,0.000604339584243,0.000423748628236,0.000344075582689,0.000272757810308,0.000236893349211,0.0000896109049791,0.000186043602298,0.0000966855877778,0.0000628846464679,0.0000885080298758,0.0000287549046334,0.0000185778098967,0.0000138367295222,0.0000140893289426,0.00000842640565679,0.00000234116396314,0.00000217121532842,0.00000426847873314,0.00000642378699922,0.00000213270664062,2.18887251435e-7,4.41076366542e-8],"min":[4.57343687524e-25,1.82390281643e-24,1.28677339182e-25,7.43451409111e-25,4.44208443477e-24,4.7650172681e-24,6.11533769526e-24,9.7026081144e-24,9.49102299785e-24,1.12057857247e-23,1.12185305615e-23,2.36709216204e-23,2.86476730997e-23,2.5649995349e-23,3.77846734671e-23,5.62930258442e-23,7.84945252123e-23,7.74860959182e-23,9.3350151831e-23,1.35975171683e-22,1.85993648374e-22,3.26965149486e-22,3.81782172401e-22,4.81302693258e-22,8.94071877374e-22,1.30742247091e-21,1.94735764536e-21],"var":[5.82568191021e-7,0.00000795233881945,0.00000154844099143,0.00000280409471998,0.0000145392496051,0.0000103606753328,0.0000106164843601,0.00000337332471645,0.00000724780466044,0.00000970094333752,0.00000774970430939,0.0000252736845141,0.00000454058863397,0.00000151054189246,0.00000645134468868,4.45797724069e-7,2.38393027985e-7,1.19352876027e-7,5.22420471327e-8,2.97922735371e-8,2.49359750626e-8,8.80383907997e-8,1.14463453826e-7,1.34174896971e-7,2.06546086901e-8,2.06648535089e-11,6.35712050492e-14]},"barkbands_crest":{"dmean":1.9910223484,"dmean2":3.10089111328,"dvar":3.64223432541,"dvar2":8.80952167511,"max":26.0359420776,"mean":9.9670715332,"median":8.96576690674,"min":2.67441797256,"var":17.381023407},"barkbands_flatness_db":{"dmean":0.0144979134202,"dmean2":0.0214959532022,"dvar":0.000234245846514,"dvar2":0.000489318626933,"max":0.420829117298,"mean":0.161919862032,"median":0.16091106832,"min":0.0406951233745,"var":0.00285431370139},"barkbands_kurtosis":{"dmean":2.20251393318,"dmean2":3.35437273979,"dvar":39.4867706299,"dvar2":73.0571594238,"max":361.287353516,"mean":5.19979095459,"median":2.22056055069,"min":-1.88929080963,"var":160.310180664},"barkbands_skewness":{"dmean":0.386203020811,"dmean2":0.572789549828,"dvar":0.211839407682,"dvar2":0.445067256689,"max":15.0708503723,"mean":1.2814078331,"median":1.18874585629,"min":-5.53843736649,"var":1.90361166},"barkbands_spread":{"dmean":3.36610364914,"dmean2":5.0470199585,"dvar":38.9586029053,"dvar2":76.2919692993,"max":102.793670654,"mean":15.0997972488,"median":11.5076284409,"min":0.530433297157,"var":144.651809692},"dissonance":{"dmean":0.0241222269833,"dmean2":0.0406451188028,"dvar":0.000566538947169,"dvar2":0.00158671755344,"max":0.499999910593,"mean":0.437724143267,"median":0.445737093687,"min":0.195585370064,"var":0.00169081229251},"dynamic_complexity":6.12218761444,"erbbands":{"dmean":[0.0204966869205,0.113703772426,0.321790784597,0.773582041264,2.56676721573,3.70007348061,5.16657304764,5.32766437531,9.95748901367,6.89219999313,10.2214546204,10.4327135086,15.7085313797,19.8873271942,15.6860790253,24.1297531128,9.96488952637,10.7436513901,14.1292142868,8.25943946838,4.81065225601,3.86778450012,3.52545499802,2.34724926949,2.45564770699,1.63178765774,1.03361618519,0.970581829548,1.09627401829,1.04465997219,1.06402552128,1.10508012772,0.585720539093,0.252974182367,0.0667346566916,0.00885395985097,0.000838401028886,0.0000758894166211,0.00000856045699038,0.00000454307200926],"dmean2":[0.0319750271738,0.187082067132,0.523970127106,1.23284399509,4.17539548874,5.73329114914,7.73515319824,7.91426897049,14.7439098358,10.3575544357,14.8210058212,14.4615602493,23.0405197144,28.9278621674,22.994720459,34.5973930359,15.083990097,16.0985336304,19.366191864,11.6040287018,7.51827192307,5.99732875824,5.42709970474,3.81506586075,3.98048353195,2.61746382713,1.64161479473,1.47886705399,1.63682055473,1.52012455463,1.5187625885,1.65929150581,0.874552130699,0.381390869617,0.0992038249969,0.0131331589073,0.00126277981326,0.000118599062262,0.0000132741261041,0.00000656528345644],"dvar":[0.00910685770214,0.244447186589,0.853678166866,3.76514816284,53.0436706543,78.8240585327,110.179801941,352.738464355,910.304199219,818.698669434,881.200744629,1225.59448242,3292.22875977,3665.30224609,2470.02807617,10806.4306641,3118.57763672,1824.36437988,4860.12744141,973.637756348,263.067230225,165.785476685,114.832839966,43.1494178772,54.9654083252,29.1129341125,13.8481492996,29.7617473602,105.540733337,45.5945701599,49.2549705505,52.5984535217,12.6623401642,3.3169002533,0.240570083261,0.00185335648712,0.0000149549878188,1.19958741607e-7,1.75810976888e-9,8.59207011095e-11],"dvar2":[0.0206922385842,0.636558055878,2.38462090492,10.2409381866,145.871170044,185.475662231,245.318099976,775.050231934,1768.46508789,1937.30883789,1739.74926758,2288.30883789,6906.96875,7455.32714844,5011.36767578,20288.375,8027.45947266,3372.70849609,7867.31689453,1676.99304199,616.320800781,406.839019775,267.973388672,109.648277283,138.89024353,71.177230835,28.4469623566,62.0829200745,243.112609863,89.9978942871,96.743019104,124.539161682,29.6231060028,7.34521818161,0.539291203022,0.00399337988347,0.0000336585544574,2.84903052261e-7,4.51305037785e-9,1.84939563663e-10],"max":[1.51505720615,8.07981109619,17.9023017883,44.8494644165,181.494613647,278.567199707,239.455963135,684.051269531,1069.60717773,1125.81787109,1088.42687988,1031.31408691,1671.09423828,1786.39929199,1705.18566895,3586.79003906,2184.53466797,1446.0144043,3174.43334961,1425.1932373,719.369750977,570.217529297,311.840515137,211.749176025,206.628250122,130.083068848,143.311279297,266.272918701,534.803405762,323.036346436,417.448669434,287.750396729,155.068557739,92.3968505859,31.8405132294,1.85587477684,0.158703386784,0.0115830600262,0.00174037262332,0.000261533918092],"mean":[0.0365328118205,0.238974526525,0.744981586933,1.75114536285,4.97449684143,8.1454706192,12.5298728943,11.012799263,18.9171829224,13.1782922745,21.5485649109,20.7445983887,30.3344993591,39.0746994019,33.9507141113,52.5233955383,20.8768386841,22.2807731628,28.7188205719,18.0075035095,9.99666976929,8.81365203857,8.16906356812,5.84070539474,5.55794811249,3.66341018677,2.12570571899,1.73050045967,1.79667901993,1.84187853336,2.00655150414,1.84412229061,0.979674994946,0.39134773612,0.106923744082,0.0146804330871,0.00141264009289,0.000143003402627,0.0000245998216997,0.0000196670698642],"median":[0.000776378437877,0.0147179989144,0.155862525105,0.635330140591,1.87896621227,3.58856773376,6.31802845001,4.00174999237,6.25946998596,5.17685174942,9.52218818665,6.18670463562,8.03751468658,8.2745256424,7.7521982193,6.17569923401,4.43389415741,4.59802341461,4.21041250229,3.24850606918,1.55624496937,0.930249810219,0.826853215694,0.653352856636,0.701626121998,0.40992000699,0.15364305675,0.0776840299368,0.068891569972,0.0969162285328,0.130742922425,0.121654070914,0.104249693453,0.0344715043902,0.00950102694333,0.00218475493602,0.000242909154622,0.000040815302782,0.0000117015033538,0.0000109097081804],"min":[5.13154302836e-23,2.38828762394e-22,5.8707594022e-22,2.68893677752e-21,1.05345837328e-20,1.43205142716e-20,3.40730945453e-20,5.35917975787e-20,6.00245744074e-20,1.37597682113e-19,3.05365458749e-19,3.40483980342e-19,4.33400764959e-19,6.09318454903e-19,6.34175284009e-19,1.06574322353e-18,1.63765072917e-18,1.35256975529e-18,2.1723411043e-18,2.90706401748e-18,3.74965438446e-18,5.00769848884e-18,4.77456383704e-18,5.61036325799e-18,7.6882335121e-18,7.78004228828e-18,7.09430294303e-18,9.0956838059e-18,1.19476900614e-17,1.19255729062e-17,9.44123437089e-18,8.65292711122e-18,9.80022496647e-18,7.9889078745e-18,5.4719722192e-18,4.43834841886e-18,2.11946916711e-18,8.3208475961e-19,2.09570757684e-19,2.85120626847e-20],"var":[0.0153395431116,0.284700006247,1.96800804138,10.1145458221,81.9343338013,258.15536499,387.164031982,865.715515137,2355.97705078,1231.72460938,2086.26318359,3157.24755859,7130.83935547,11117.9287109,10255.2148438,51446.453125,7986.59765625,6036.10498047,19921.4238281,4446.25244141,772.268920898,501.650299072,455.278503418,146.906402588,156.749099731,76.1427536011,36.1730155945,55.4373321533,136.483169556,98.7493515015,99.5339202881,92.8830032349,20.6576271057,5.71080350876,0.395368397236,0.00331759406254,0.0000229019515245,1.93671169768e-7,3.10778558443e-9,5.74073621973e-10]},"erbbands_crest":{"dmean":2.32854509354,"dmean2":3.69902729988,"dvar":5.2921833992,"dvar2":13.1792430878,"max":31.5248317719,"mean":9.76546573639,"median":8.89538383484,"min":2.07691073418,"var":20.5150566101},"erbbands_flatness_db":{"dmean":0.0135430656374,"dmean2":0.0194148384035,"dvar":0.000195285465452,"dvar2":0.000355430704076,"max":0.355173677206,"mean":0.199435651302,"median":0.207540750504,"min":0.0208763871342,"var":0.00335197313689},"erbbands_kurtosis":{"dmean":1.00305044651,"dmean2":1.51956963539,"dvar":2.57659554482,"dvar2":5.94989967346,"max":43.8521842957,"mean":1.47023868561,"median":0.283736228943,"min":-1.85807871819,"var":12.5191392899},"erbbands_skewness":{"dmean":0.311622738838,"dmean2":0.472137361765,"dvar":0.111004784703,"dvar2":0.248597934842,"max":6.02245950699,"mean":0.558163166046,"median":0.496631830931,"min":-4.94038295746,"var":0.655473709106},"erbbands_spread":{"dmean":5.34903240204,"dmean2":7.99319458008,"dvar":66.6006393433,"dvar2":138.134307861,"max":137.894668579,"mean":28.5436115265,"median":22.9031391144,"min":2.65685534477,"var":379.90802002},"gfcc":{"cov":[[42023.578125,3537.69384766,-5764.15429688,1475.36352539,-2663.68505859,1102.15393066,-1305.85620117,444.457061768,-463.818328857,-337.874084473,145.088272095,-396.755065918,2.93854403496],[3537.69384766,1760.7121582,-748.474304199,-599.844848633,79.0939712524,-347.735595703,-99.0972671509,-146.801177979,-61.2294158936,-71.6598205566,18.8887424469,-115.208328247,-19.7842159271],[-5764.15429688,-748.474304199,1306.15014648,125.405799866,293.492156982,-15.5456056595,142.947723389,4.3499045372,62.2525100708,48.6229438782,-38.5134315491,87.7529373169,-20.1955089569],[1475.36352539,-599.844848633,125.405799866,922.183532715,-59.8189353943,271.092041016,52.2919921875,166.893920898,99.4639205933,49.7659721375,19.328994751,69.2087631226,-11.8195104599],[-2663.68505859,79.0939712524,293.492156982,-59.8189353943,509.126190186,-127.466140747,173.503479004,-12.7099313736,66.6790237427,61.6987190247,9.93562698364,45.2825737,-20.8673667908],[1102.15393066,-347.735595703,-15.5456056595,271.092041016,-127.466140747,326.63861084,37.509552002,98.7807922363,0.21731968224,-1.04956448078,26.4278049469,12.6965742111,4.41676855087],[-1305.85620117,-99.0972671509,142.947723389,52.2919921875,173.503479004,37.509552002,254.61239624,34.2615966797,33.7062301636,41.5240249634,8.13704013824,48.8435173035,-0.854684412479],[444.457061768,-146.801177979,4.3499045372,166.893920898,-12.7099313736,98.7807922363,34.2615966797,147.313934326,33.9585037231,9.98852443695,19.5568599701,1.11978983879,-1.92794895172],[-463.818328857,-61.2294158936,62.2525100708,99.4639205933,66.6790237427,0.21731968224,33.7062301636,33.9585037231,132.375534058,56.4743003845,17.7906513214,18.9873542786,-0.897545993328],[-337.874084473,-71.6598205566,48.6229438782,49.7659721375,61.6987190247,-1.04956448078,41.5240249634,9.98852443695,56.4743003845,123.872161865,19.9307117462,27.6085395813,11.5418510437],[145.088272095,18.8887424469,-38.5134315491,19.328994751,9.93562698364,26.4278049469,8.13704013824,19.5568599701,17.7906513214,19.9307117462,87.021194458,17.3701400757,4.44779491425],[-396.755065918,-115.208328247,87.7529373169,69.2087631226,45.2825737,12.6965742111,48.8435173035,1.11978983879,18.9873542786,27.6085395813,17.3701400757,91.8734741211,16.8150634766],[2.93854403496,-19.7842159271,-20.1955089569,-11.8195104599,-20.8673667908,4.41676855087,-0.854684412479,-1.92794895172,-0.897545993328,11.5418510437,4.44779491425,16.8150634766,72.9643096924]],"icov":[[0.000582601409405,-0.0015265205875,0.00142857758328,-0.00144061120227,0.00137402268592,-0.00164480798412,0.00152873597108,-0.00119544367772,0.00144805421587,-0.000984327751212,0.000921464816201,-0.00121323869098,0.000600460451096],[-0.0015265205875,0.00528816320002,-0.00299879978411,0.00411638384685,-0.00403327401727,0.00518917711452,-0.00405061338097,0.00345070101321,-0.003888475243,0.00306268502027,-0.00296779838391,0.00387349934317,-0.0013357938733],[0.00142857758328,-0.00299879978411,0.00490194279701,-0.00341115472838,0.0026094855275,-0.00365997082554,0.00368991703726,-0.00268805585802,0.00336110964417,-0.00213569006883,0.00263551599346,-0.00330326333642,0.00185338209849],[-0.00144061120227,0.00411638384685,-0.00341115472838,0.00551846856251,-0.00339748547412,0.00311250286177,-0.00346713024192,0.00183883134741,-0.0046000010334,0.0023567401804,-0.00179880938958,0.00183039507829,-0.000769704056438],[0.00137402268592,-0.00403327401727,0.0026094855275,-0.00339748547412,0.00705420831218,-0.00254106125794,0.00139458093327,-0.00298484135419,0.00266539864242,-0.00297341775149,0.00167478015646,-0.00328069692478,0.00228880299255],[-0.00164480798412,0.00518917711452,-0.00365997082554,0.00311250286177,-0.00254106125794,0.0107914470136,-0.00587459793314,0.00163520756178,-0.00303693930618,0.00320052984171,-0.00436876527965,0.00422094110399,-0.00169118773192],[0.00152873597108,-0.00405061338097,0.00368991703726,-0.00346713024192,0.00139458093327,-0.00587459793314,0.0102813532576,-0.00420732377097,0.00388791691512,-0.00333516462706,0.00330640468746,-0.00541526032612,0.00168532505631],[-0.00119544367772,0.00345070101321,-0.00268805585802,0.00183883134741,-0.00298484135419,0.00163520756178,-0.00420732377097,0.0127891404554,-0.00482476921752,0.00277272984385,-0.00351576320827,0.00477819610387,-0.00151113187894],[0.00144805421587,-0.003888475243,0.00336110964417,-0.0046000010334,0.00266539864242,-0.00303693930618,0.00388791691512,-0.00482476921752,0.0146127957851,-0.00641328422353,0.00125290628057,-0.00291567854583,0.0017264574999],[-0.000984327751212,0.00306268502027,-0.00213569006883,0.0023567401804,-0.00297341775149,0.00320052984171,-0.00333516462706,0.00277272984385,-0.00641328422353,0.0128701683134,-0.00317027396522,0.00113769306336,-0.00253288494423],[0.000921464816201,-0.00296779838391,0.00263551599346,-0.00179880938958,0.00167478015646,-0.00436876527965,0.00330640468746,-0.00351576320827,0.00125290628057,-0.00317027396522,0.015239790082,-0.00522602396086,0.00107779877726],[-0.00121323869098,0.00387349934317,-0.00330326333642,0.00183039507829,-0.00328069692478,0.00422094110399,-0.00541526032612,0.00477819610387,-0.00291567854583,0.00113769306336,-0.00522602396086,0.0182518437505,-0.0047530871816],[0.000600460451096,-0.0013357938733,0.00185338209849,-0.000769704056438,0.00228880299255,-0.00169118773192,0.00168532505631,-0.00151113187894,0.0017264574999,-0.00253288494423,0.00107779877726,-0.0047530871816,0.0158956032246]],"mean":[-118.262733459,118.646362305,-121.952041626,5.50073957443,-65.1984024048,8.52777957916,-44.5675811768,0.109139062464,-25.4233818054,-10.1057386398,-7.70273351669,-9.40588283539,-4.31362247467]},"hfc":{"dmean":3.0497148037,"dmean2":4.13368225098,"dvar":49.3406486511,"dvar2":89.4389953613,"max":201.218338013,"mean":12.175037384,"median":4.71478509903,"min":1.0609583311e-16,"var":364.52835083},"melbands":{"dmean":[0.000159792689374,0.000153791945195,0.000169416627614,0.000241795001784,0.000166317855474,0.000122351804748,0.00015012989752,0.0000731995532988,0.0000825045135571,0.0000713461849955,0.000081929640146,0.0000855958278407,0.000052123596106,0.000079420824477,0.0000330539842253,0.0000258768959611,0.0000203122945095,0.0000226746560656,0.0000156098212756,0.00000874493525771,0.00000619224010734,0.00000455468307337,0.00000449776780442,0.00000348701860275,0.00000189954141661,0.00000198568818632,0.00000144057105445,0.00000112004454422,6.5605280497e-7,6.79878269239e-7,5.65034667943e-7,6.48680838822e-7,6.47404021947e-7,5.94152083977e-7,6.5379924763e-7,6.67770279961e-7,7.10224867362e-7,4.551419579e-7,3.18049330872e-7,1.88738781048e-7],"dmean2":[0.000250271899858,0.000247174291871,0.000273780548014,0.000379055389203,0.000250810437137,0.000181609793799,0.000222129398026,0.000109748129034,0.000118276948342,0.000100188073702,0.000120313205116,0.000125020218547,0.0000785510492278,0.000113289788715,0.0000471461535199,0.0000379570483346,0.0000308721173496,0.0000320563303831,0.0000217186370719,0.0000129007330543,0.00000994574656943,0.0000072685897976,0.00000690867818776,0.00000567558981857,0.00000310281757265,0.00000322809569298,0.00000228194858209,0.00000182410633442,0.00000103841932741,0.00000110186454094,8.704330412e-7,9.8948885352e-7,9.82795540949e-7,8.79901392636e-7,9.34733293434e-7,0.00000102216790765,0.00000107673156435,6.81170035932e-7,4.92409185426e-7,2.85763462671e-7],"dvar":[5.01941144648e-7,2.30452755545e-7,2.08598450513e-7,3.77586587774e-7,1.0138185047e-7,1.71335003074e-7,2.08190186868e-7,7.89557859093e-8,6.00561591568e-8,5.58477921686e-8,8.5640017744e-8,6.80807090703e-8,3.56861065143e-8,7.92612695477e-8,2.73031961484e-8,2.23317737635e-8,6.95785429272e-9,1.16347598222e-8,5.13679898617e-9,1.37188937988e-9,4.61965687926e-10,2.74652384169e-10,2.42969727671e-10,1.20590745722e-10,3.25517772459e-11,3.71272144972e-11,1.84362212996e-11,1.56530587103e-11,5.71947177119e-12,7.8475221113e-12,1.17107547618e-11,3.67658924139e-11,2.02150414463e-11,1.57889413349e-11,2.15916381996e-11,1.71324759934e-11,2.20510346094e-11,6.82759100992e-12,4.87624524093e-12,2.45382555421e-12],"dvar2":[0.00000117222271001,6.12862095295e-7,5.77312675887e-7,9.52840480295e-7,2.29410503039e-7,3.70985674181e-7,4.13482439399e-7,1.84735966968e-7,1.15159195957e-7,1.08623858353e-7,1.79732836614e-7,1.39460837545e-7,7.56272555691e-8,1.47946835227e-7,5.28779793285e-8,5.12591569191e-8,1.33922277712e-8,2.04587404795e-8,7.96321319996e-9,2.54918375298e-9,1.13031517479e-9,7.12539194314e-10,5.62796753645e-10,3.22077586823e-10,8.28587476409e-11,9.41619907047e-11,4.23612950273e-11,3.88170780241e-11,1.14489156003e-11,1.87519114819e-11,2.3966061774e-11,8.53412965296e-11,4.28287197374e-11,3.24276924757e-11,4.3990221188e-11,3.78180507743e-11,5.28945220957e-11,1.57127089118e-11,1.18596720985e-11,5.31487831176e-12],"max":[0.0116735454649,0.00959966704249,0.01010357216,0.0151098156348,0.00696587143466,0.0146425673738,0.013646020554,0.010293151252,0.00984993297607,0.00654214667156,0.00805979222059,0.00722870742902,0.00762868486345,0.00916654244065,0.00537310354412,0.00578897772357,0.00331186503172,0.00434486707672,0.0029350288678,0.00114894961007,0.00104790134355,0.000771515944507,0.000532952602953,0.000343339110259,0.000204896117793,0.00018018927949,0.000158842041856,0.000105216735392,0.0000831822835607,0.000127521765535,0.000158783630468,0.000306751811877,0.000185836208402,0.000201330869459,0.000280908338027,0.000159769580932,0.00016900843184,0.000105714032543,0.000106918756501,0.0000974660215434],"mean":[0.000325764878653,0.000364534964319,0.000372916925699,0.000506903335918,0.000412204040913,0.00025513197761,0.000285703019472,0.000142661636346,0.000169962047949,0.000135558584589,0.000154199762619,0.000162757220096,0.000102868994873,0.000164358541952,0.0000636645490886,0.0000476115092169,0.0000382389844162,0.0000435480942542,0.0000321043698932,0.0000168041115103,0.0000113342357508,0.00000920988895814,0.00000898685902939,0.00000692839830663,0.00000433828881796,0.00000421170761911,0.00000326836880049,0.00000221574396164,0.00000127473083467,0.00000119868127513,9.36659375839e-7,9.90993498817e-7,0.00000105034132503,0.00000100642444067,0.00000113711234917,0.00000119511867069,0.00000110186783786,7.43117311686e-7,4.78184745134e-7,2.79877497178e-7],"median":[0.0000119593178169,0.0000597276084591,0.00014453206677,0.000188379694009,0.000222280315938,0.0000917165234569,0.0000962807171163,0.0000601549691055,0.000069822606747,0.000038250174839,0.000039867907617,0.0000311467410938,0.0000214134852285,0.0000235137576965,0.00000726395364836,0.0000104136743175,0.00000736482206776,0.00000573181887376,0.000006138225217,0.00000268959865934,0.00000139633084473,9.13163489713e-7,8.05547188065e-7,6.70454710416e-7,4.54282655937e-7,5.24530946677e-7,3.72429525441e-7,2.14278927047e-7,9.51342471467e-8,4.52674626672e-8,4.07051814477e-8,3.37393686323e-8,3.73971964507e-8,5.42489324573e-8,6.7275387039e-8,6.56461551785e-8,6.90604409215e-8,7.19808070926e-8,4.4163922297e-8,1.9644909699e-8],"min":[8.07949613494e-25,6.50119648389e-25,4.79558109222e-25,1.19470617513e-24,1.08984802259e-24,1.13807049809e-24,9.49895420539e-25,1.23650742146e-24,1.84474373268e-24,1.76779153467e-24,1.73415332238e-24,2.14787260741e-24,1.93091850354e-24,2.58348041598e-24,2.39690495114e-24,3.08099743675e-24,2.11676032774e-24,2.52452805168e-24,3.35224351192e-24,2.98043127919e-24,3.02794318822e-24,4.12136317299e-24,4.09670771983e-24,3.0487119237e-24,3.22820558698e-24,4.80107136691e-24,4.27796310673e-24,4.81138059565e-24,4.51439300306e-24,4.57996272708e-24,5.13723142546e-24,6.1790646402e-24,5.47114125829e-24,5.34992134172e-24,4.22423497377e-24,5.65476046689e-24,4.67002066574e-24,6.2293505786e-24,5.7206591459e-24,6.76690012094e-24],"var":[8.52656285133e-7,4.50505694971e-7,4.34166963714e-7,9.65521053331e-7,3.64361284255e-7,4.46467851134e-7,5.12217980031e-7,1.23358361748e-7,1.39779245956e-7,1.38689543405e-7,1.84908216738e-7,2.00388399207e-7,1.5328895131e-7,3.65404190461e-7,8.2711721916e-8,5.36552953179e-8,2.10491482022e-8,4.56468178811e-8,1.94772589168e-8,4.07138767144e-9,1.10262854403e-9,5.50450907078e-10,8.48332515346e-10,3.20816706534e-10,9.94924073683e-11,9.77014372183e-11,5.55933077351e-11,3.43460052066e-11,1.52855766239e-11,1.37116967086e-11,2.17734909963e-11,4.66178276537e-11,3.30818740457e-11,3.35224799308e-11,3.62421377631e-11,3.85264493918e-11,3.40031648671e-11,1.13119878048e-11,6.53180244267e-12,4.29744651323e-12]},"melbands_crest":{"dmean":2.65383386612,"dmean2":4.12323665619,"dvar":6.55534791946,"dvar2":16.4391231537,"max":37.6347465515,"mean":13.7612485886,"median":12.538643837,"min":1.52868580818,"var":36.06016922},"melbands_flatness_db":{"dmean":0.017516521737,"dmean2":0.0255232807249,"dvar":0.000402283563744,"dvar2":0.000812483252957,"max":0.541379213333,"mean":0.229157865047,"median":0.231838211417,"min":0.00258181453682,"var":0.00585469231009},"melbands_kurtosis":{"dmean":4.9533624649,"dmean2":7.5167632103,"dvar":488.036865234,"dvar2":871.502990723,"max":1436.80151367,"mean":11.525270462,"median":4.49117803574,"min":-1.7685983181,"var":1168.87438965},"melbands_skewness":{"dmean":0.492747485638,"dmean2":0.725031614304,"dvar":0.403940945864,"dvar2":0.857011795044,"max":29.9087524414,"mean":2.01608252525,"median":1.77698552608,"min":-3.48546147346,"var":3.16922569275},"melbands_spread":{"dmean":4.57836389542,"dmean2":6.99866819382,"dvar":96.4033050537,"dvar2":197.682067871,"max":219.473617554,"mean":20.2971439362,"median":14.2441082001,"min":0.187650561333,"var":560.831787109},"mfcc":{"cov":[[19287.90625,714.109191895,-1010.01843262,99.5541381836,-211.370452881,81.2026672363,-27.9284706116,477.836151123,-164.904006958,315.955566406,-19.1519908905,206.191116333,52.6479759216],[714.109191895,2735.06298828,-668.993896484,-330.296234131,-51.1170082092,-290.954528809,-67.7096633911,-230.310302734,-156.221603394,-26.857131958,-70.0345001221,-139.907775879,-33.6437072754],[-1010.01843262,-668.993896484,741.916137695,116.74747467,52.0725746155,87.3363647461,5.41027641296,52.9221611023,41.1804351807,-17.5589370728,-36.0524902344,38.7825164795,-18.017118454],[99.5541381836,-330.296234131,116.74747467,480.175689697,114.856803894,112.069648743,12.976149559,73.4729385376,77.0204696655,-4.9944653511,49.0290336609,65.442527771,44.4692840576],[-211.370452881,-51.1170082092,52.0725746155,114.856803894,200.791061401,22.0147018433,-1.33048319817,15.3543243408,3.6276986599,20.1386051178,8.77079868317,28.7019023895,3.72251605988],[81.2026672363,-290.954528809,87.3363647461,112.069648743,22.0147018433,187.807128906,47.8966445923,49.8929977417,45.2929611206,-9.05279064178,42.9915924072,35.0829391479,19.4309120178],[-27.9284706116,-67.7096633911,5.41027641296,12.976149559,-1.33048319817,47.8966445923,164.900619507,58.7337760925,29.8490409851,-8.12038898468,24.7437553406,13.7109956741,-4.26506233215],[477.836151123,-230.310302734,52.9221611023,73.4729385376,15.3543243408,49.8929977417,58.7337760925,162.443603516,27.6731815338,9.55826187134,12.3573951721,33.415561676,16.7121524811],[-164.904006958,-156.221603394,41.1804351807,77.0204696655,3.6276986599,45.2929611206,29.8490409851,27.6731815338,120.646087646,11.823600769,25.7316169739,13.8600673676,8.398229599],[315.955566406,-26.857131958,-17.5589370728,-4.9944653511,20.1386051178,-9.05279064178,-8.12038898468,9.55826187134,11.823600769,93.0348510742,17.3076553345,14.9229669571,-3.93584465981],[-19.1519908905,-70.0345001221,-36.0524902344,49.0290336609,8.77079868317,42.9915924072,24.7437553406,12.3573951721,25.7316169739,17.3076553345,103.699424744,26.974111557,13.9443349838],[206.191116333,-139.907775879,38.7825164795,65.442527771,28.7019023895,35.0829391479,13.7109956741,33.415561676,13.8600673676,14.9229669571,26.974111557,100.916572571,31.0304527283],[52.6479759216,-33.6437072754,-18.017118454,44.4692840576,3.72251605988,19.4309120178,-4.26506233215,16.7121524811,8.398229599,-3.93584465981,13.9443349838,31.0304527283,79.2746353149]],"icov":[[0.0000759594186093,-0.0000282150158455,0.000113765061542,-0.0000590197923884,0.000153265325935,-0.000124778176541,0.0000912864270504,-0.000279874395346,0.000157596747158,-0.000273271172773,0.000150920372107,-0.000170060258824,0.0000935994467],[-0.0000282150158455,0.000609279202763,0.00038823322393,0.0000976854498731,-0.000216861284571,0.000526390038431,-0.000211515216506,0.000595039164182,0.000199926100322,0.00026504159905,0.000107232765004,0.000336719560437,-0.000103595244582],[0.000113765061542,0.00038823322393,0.0021100465674,-0.000196619294002,-0.000101777441159,-0.00055216246983,0.000296675832942,-0.000364378822269,0.0000046602826842,0.0000494754203828,0.00137547880877,-0.000748699123506,0.000965041224845],[-0.0000590197923884,0.0000976854498731,-0.000196619294002,0.00335993431509,-0.00175092485733,-0.000759640010074,0.000644177314825,-0.000532256963197,-0.00156093016267,0.00117232766934,-0.000796002510469,-0.000470317172585,-0.000885839690454],[0.000153265325935,-0.000216861284571,-0.000101777441159,-0.00175092485733,0.00652344431728,-0.000367377593648,0.0000973298956524,-0.000423583580414,0.00127536209766,-0.00211637536995,0.000568713236134,-0.00130429095589,0.000813808583189],[-0.000124778176541,0.000526390038431,-0.00055216246983,-0.000759640010074,-0.000367377593648,0.00835387408733,-0.00152094580699,0.0000427998056693,-0.0011560251005,0.00177019985858,-0.00244248704985,-0.000112521942356,-0.000830283970572],[0.0000912864270504,-0.000211515216506,0.000296675832942,0.000644177314825,0.0000973298956524,-0.00152094580699,0.00808548834175,-0.00320795713924,-0.00125518674031,0.00115852209274,-0.0011675391579,-0.000765806413256,0.00173081783578],[-0.000279874395346,0.000595039164182,-0.000364378822269,-0.000532256963197,-0.000423583580414,0.0000427998056693,-0.00320795713924,0.00965433754027,-0.000529511249624,-0.000189485726878,0.000564374495298,-0.000377913558623,-0.00144895515405],[0.000157596747158,0.000199926100322,0.0000046602826842,-0.00156093016267,0.00127536209766,-0.0011560251005,-0.00125518674031,-0.000529511249624,0.0109413005412,-0.00233130459674,-0.000782042334322,0.00046118022874,-0.000193395739188],[-0.000273271172773,0.00026504159905,0.0000494754203828,0.00117232766934,-0.00211637536995,0.00177019985858,0.00115852209274,-0.000189485726878,-0.00233130459674,0.0136565435678,-0.00275084679015,-0.00134034035727,0.00134887383319],[0.000150920372107,0.000107232765004,0.00137547880877,-0.000796002510469,0.000568713236134,-0.00244248704985,-0.0011675391579,0.000564374495298,-0.000782042334322,-0.00275084679015,0.0130947362632,-0.00239951140247,-0.000323250307702],[-0.000170060258824,0.000336719560437,-0.000748699123506,-0.000470317172585,-0.00130429095589,-0.000112521942356,-0.000765806413256,-0.000377913558623,0.00046118022874,-0.00134034035727,-0.00239951140247,0.0141998380423,-0.00477476790547],[0.0000935994467,-0.000103595244582,0.000965041224845,-0.000885839690454,0.000813808583189,-0.000830283970572,0.00173081783578,-0.00144895515405,-0.000193395739188,0.00134887383319,-0.000323250307702,-0.00477476790547,0.0158016700298]],"mean":[-739.177490234,148.730484009,-2.45069956779,-1.56496143341,-0.051936134696,-5.88746452332,-2.90291595459,-1.58327519894,-10.1950016022,1.3077031374,-9.47500228882,-5.39892339706,-4.16957950592]},"pitch_salience":{"dmean":0.0547210387886,"dmean2":0.0870021283627,"dvar":0.00249815057032,"dvar2":0.0061580138281,"max":0.854931354523,"mean":0.586878836155,"median":0.592212200165,"min":0.0694089531898,"var":0.0113424910232},"silence_rate_20dB":{"dmean":0,"dmean2":0,"dvar":0,"dvar2":0,"max":1,"mean":1,"median":1,"min":1,"var":0},"silence_rate_30dB":{"dmean":0.000270782562438,"dmean2":0.00054163846653,"dvar":0.000270722055575,"dvar2":0.000812215555925,"max":1,"mean":0.999864637852,"median":1,"min":0,"var":0.000135349502671},"silence_rate_60dB":{"dmean":0.0379095599055,"dmean2":0.0758293867111,"dvar":0.0364699475467,"dvar2":0.0825272276998,"max":1,"mean":0.245160415769,"median":0,"min":0,"var":0.185068011284},"spectral_centroid":{"dmean":151.182754517,"dmean2":228.398513794,"dvar":82908.7578125,"dvar2":164592.03125,"max":11760.0283203,"mean":1154.30566406,"median":794.211608887,"min":176.164779663,"var":2598061.5},"spectral_complexity":{"dmean":1.79122662544,"dmean2":2.93893027306,"dvar":4.14470529556,"dvar2":10.1517677307,"max":49,"mean":12.8827667236,"median":11,"min":0,"var":65.4850311279},"spectral_contrast_coeffs":{"dmean":[0.0398567691445,0.0389424078166,0.0328438393772,0.0256647188216,0.0181091837585,0.0129648409784],"dmean2":[0.0642798841,0.062304597348,0.0522063411772,0.0411598421633,0.0287373457104,0.020544340834],"dvar":[0.001224865322,0.00115727481898,0.000865163863637,0.000477501860587,0.000237771309912,0.000163487857208],"dvar2":[0.00307132513262,0.00291665759869,0.00209475355223,0.00118734419812,0.000583211251069,0.000395093433326],"max":[-0.294773370028,-0.484994292259,-0.453893482685,-0.53260332346,-0.610632419586,-0.645934164524],"mean":[-0.585989654064,-0.707127571106,-0.74046421051,-0.765928030014,-0.79326826334,-0.815120697021],"median":[-0.580658435822,-0.701579511166,-0.741349220276,-0.762543857098,-0.788390874863,-0.809998273849],"min":[-0.984272897243,-0.980126082897,-0.979626774788,-0.972095549107,-0.969736814499,-0.965645253658],"var":[0.0139272203669,0.00614105071872,0.00629771035165,0.00443686917424,0.00283015798777,0.00221417169087]},"spectral_contrast_valleys":{"dmean":[0.351378023624,0.305181026459,0.259178847075,0.22399187088,0.188801720738,0.208739563823],"dmean2":[0.575993299484,0.502496123314,0.427656501532,0.36791741848,0.297471791506,0.297147035599],"dvar":[0.115719549358,0.0990311875939,0.0773831233382,0.0676397755742,0.0660317018628,0.101923026145],"dvar2":[0.270277619362,0.222872018814,0.170414954424,0.14065554738,0.128423243761,0.17164157331],"max":[-5.5210351944,-4.90111684799,-5.28859996796,-5.77268981934,-5.91119861603,-7.26679182053],"mean":[-9.00888061523,-7.81071138382,-8.29558181763,-9.05350112915,-9.30366897583,-11.6224021912],"median":[-8.64191246033,-7.05965185165,-7.58013343811,-8.45529842377,-8.92759990692,-11.2115011215],"min":[-28.4587345123,-28.0989665985,-27.8143825531,-27.7609767914,-27.5059700012,-27.4202804565],"var":[10.2787351608,10.9464960098,10.5040187836,9.84291267395,9.64358139038,7.8944234848]},"spectral_decrease":{"dmean":8.5248386128e-10,"dmean2":1.23302845711e-9,"dvar":2.42899146693e-18,"dvar2":4.90984715827e-18,"max":1.77146049246e-28,"mean":-3.72452912956e-9,"median":-2.14150785993e-9,"min":-2.99993452302e-8,"var":1.89186479674e-17},"spectral_energy":{"dmean":0.00343305943534,"dmean2":0.00494335079566,"dvar":0.0000387073050661,"dvar2":0.0000773307256168,"max":0.118231825531,"mean":0.0151615217328,"median":0.00858741533011,"min":1.00020732887e-20,"var":0.000319640239468},"spectral_energyband_high":{"dmean":0.000136572314659,"dmean2":0.000194684776943,"dvar":5.16758234426e-7,"dvar2":9.88017859527e-7,"max":0.02516971156,"mean":0.000297981518088,"median":0.0000300148676615,"min":6.95578762035e-21,"var":0.00000133098478727},"spectral_energyband_low":{"dmean":0.000878502905834,"dmean2":0.0013595338678,"dvar":0.00000722804588804,"dvar2":0.0000171326555574,"max":0.0457223765552,"mean":0.00228483788669,"median":0.000476731802337,"min":1.1385164806e-23,"var":0.000017067148292},"spectral_energyband_middle_high":{"dmean":0.00143841898534,"dmean2":0.00198264583014,"dvar":0.0000128360370582,"dvar2":0.0000223788083531,"max":0.0887387096882,"mean":0.00496756983921,"median":0.00124772451818,"min":1.10923940694e-21,"var":0.000107794847281},"spectral_energyband_middle_low":{"dmean":0.00240229442716,"dmean2":0.00359791796654,"dvar":0.000022439244276,"dvar2":0.0000493332227052,"max":0.101625554264,"mean":0.00800382345915,"median":0.00521566532552,"min":1.51946739871e-22,"var":0.0000842982190079},"spectral_entropy":{"dmean":0.135615095496,"dmean2":0.194379076362,"dvar":0.0267582219094,"dvar2":0.0489036105573,"max":9.83036327362,"mean":7.14241361618,"median":7.07255506516,"min":5.18372631073,"var":0.513486504555},"spectral_flux":{"dmean":0.0128910867497,"dmean2":0.0203957613558,"dvar":0.000337123317877,"dvar2":0.000749124912545,"max":0.316054165363,"mean":0.0470985211432,"median":0.0349734425545,"min":6.18430237576e-11,"var":0.00182656128891},"spectral_kurtosis":{"dmean":3.03726434708,"dmean2":5.12697076797,"dvar":15.4448432922,"dvar2":45.6986122131,"max":69.3664474487,"mean":9.99561023712,"median":6.78779888153,"min":-1.29631543159,"var":89.5389938354},"spectral_rms":{"dmean":0.000369748449884,"dmean2":0.000529515673406,"dvar":2.51871682622e-7,"dvar2":4.91860191687e-7,"max":0.0107400240377,"mean":0.00324148545042,"median":0.00289447163232,"min":3.12379896256e-12,"var":0.00000428452358392},"spectral_rolloff":{"dmean":306.931640625,"dmean2":520.739807129,"dvar":832373.875,"dvar2":1834035.625,"max":19509.0820312,"mean":1558.28894043,"median":904.39453125,"min":21.533203125,"var":8557501},"spectral_skewness":{"dmean":0.287703305483,"dmean2":0.463424503803,"dvar":0.094509974122,"dvar2":0.241986215115,"max":6.51774311066,"mean":2.24871206284,"median":2.12981915474,"min":-0.436310142279,"var":1.03731954098},"spectral_spread":{"dmean":417541.40625,"dmean2":625866.375,"dvar":696373411840,"dvar2":1453765558270,"max":51152844,"mean":4693205,"median":3616508.75,"min":1169030.625,"var":34174392074200},"spectral_strongpeak":{"dmean":0.420491546392,"dmean2":0.654629230499,"dvar":0.696285545826,"dvar2":1.4890525341,"max":17.0828094482,"mean":1.04162895679,"median":0.486081063747,"min":0,"var":2.87543940544},"zerocrossingrate":{"dmean":0.00750628300011,"dmean2":0.00897650700063,"dvar":0.000209398393054,"dvar2":0.000267010327661,"max":0.53076171875,"mean":0.0572014823556,"median":0.0390625,"min":0,"var":0.00578337907791}},"metadata":{"audio_properties":{"analysis_sample_rate":44100,"bit_rate":0,"codec":"flac","downmix":"mix","equal_loudness":0,"length":171.493331909,"lossless":true,"md5_encoded":"701f4fa16e387766af5190f3c901c7e2","replay_gain":-13.7893829346,"sample_rate":44100},"tags":{"album":["Greatest Hits"],"albumartist":["Bee Gees"],"albumartistsort":["Bee Gees"],"artist":["Bee Gees"],"artistsort":["Bee Gees"],"barcode":["4607147861974"],"catalognumber":["16036-1","16036-2"],"date":["2008"],"discnumber":["1"],"disctotal":["2"],"file_name":"09. First of May.flac","genre":["Pop"],"isrc":["GBA076900170"],"label":["Star Mark","Star Mark"],"language":["eng"],"media":["CD"],"musicbrainz_albumartistid":["bf0f7e29-dfe1-416c-b5c6-f9ebc19ea810"],"musicbrainz_albumid":["084a82ee-cabf-4884-8ae5-dbe166a2391b"],"musicbrainz_artistid":["bf0f7e29-dfe1-416c-b5c6-f9ebc19ea810"],"musicbrainz_recordingid":["a39f289d-06f6-4f4b-b1db-b1f047c41bac"],"musicbrainz_releasegroupid":["2ac2dfb7-e337-4545-9f9d-b5ba3118b3fe"],"musicbrainz_workid":["56ba63a4-5793-3acb-9120-f11668d4cbe7"],"musicip_puid":["24c879c4-85f9-1793-991f-6040d85f5446"],"originaldate":["2008"],"releasecountry":["RU"],"releasestatus":["bootleg"],"releasetype":["album","compilation"],"script":["Latn"],"title":["First of May"],"totaldiscs":["2"],"totaltracks":["23"],"tracknumber":["9"],"tracktotal":["23"],"writer":["Maurice Gibb","Robin Gibb","Barry Gibb"]},"version":{"essentia":"2.1-beta2","essentia_build_sha":"70f2e5ece6736b2c40cc944ad0e695b16b925413","essentia_git_sha":"v2.1_beta2","extractor":"music 1.0"}},"rhythm":{"beats_count":347,"beats_loudness":{"dmean":0.0110340043902,"dmean2":0.0189673211426,"dvar":0.000188486446859,"dvar2":0.000510728277732,"max":0.10607521981,"mean":0.0189595390111,"median":0.0112841529772,"min":0,"var":0.000440146104665},"beats_loudness_band_ratio":{"dmean":[0.1637904495,0.198569372296,0.15320603