{"lowlevel":{"average_loudness":0.87169778347,"barkbands":{"dmean":[0.0000822169313324,0.00292266439646,0.00155948393513,0.00111947068945,0.000547046598513,0.000284099340206,0.000258399639279,0.000175182183739,0.000339362974046,0.000378976692446,0.000209719408303,0.000271831202554,0.000415629911004,0.0003911977401,0.000439788913354,0.000282874534605,0.000438018760178,0.000483245908981,0.00040540858754,0.000224615505431,0.000117010640679,0.0000906254790607,0.0000669120345265,0.0000589109731663,0.0000493101324537,0.0000398913653044,0.00000817380259832],"dmean2":[0.000121771874547,0.00457127345726,0.00270772958174,0.00186926790047,0.000916161690839,0.000455365719972,0.000418769137468,0.000290969735943,0.000536238483619,0.000587747606914,0.000330925860908,0.000427738355938,0.000653895724099,0.000625944405328,0.000688025378622,0.000459773640614,0.00070655538002,0.000775925815105,0.000663060694933,0.000365393672837,0.000185959361261,0.000138907082146,0.0000972902926151,0.0000843125089887,0.0000657741620671,0.0000500469868712,0.0000106820762085],"dvar":[3.18877404482e-8,0.0000469298975077,0.0000125009009935,0.00000718070032235,8.12028645214e-7,1.34713289413e-7,2.41497900788e-7,3.19662348147e-7,0.0000011500568462,0.00000207989955925,6.19472416474e-7,7.59350768931e-7,0.00000144800719681,0.00000120719255392,0.00000185287024124,3.20411317034e-7,5.31787009095e-7,9.49204775225e-7,6.60734826852e-7,1.82894510203e-7,4.58142253024e-8,3.5359267514e-8,1.91880680234e-8,2.92429458426e-8,2.0880889906e-8,1.01782937634e-8,3.83145098981e-10],"dvar2":[6.53299707665e-8,0.0000986294471659,0.0000351985472662,0.000018269962311,0.00000232319030147,3.35244550342e-7,6.23849757631e-7,8.56563474372e-7,0.00000276658397524,0.00000431220769315,0.00000142837325257,0.00000191644198821,0.00000351819926436,0.00000285513192466,0.00000434447065345,7.841319416e-7,0.00000135960829084,0.00000228474073083,0.00000177263382284,4.63228332137e-7,1.17330571925e-7,8.09984399552e-8,4.03751236888e-8,5.84891353128e-8,3.82732778803e-8,1.68091300878e-8,6.72268241075e-10],"max":[0.00220312224701,0.0740407258272,0.0435694083571,0.0320672243834,0.013351842761,0.00925974547863,0.0106573030353,0.0139866899699,0.0279706157744,0.0459312386811,0.0272851102054,0.0220468193293,0.0316469557583,0.0296618826687,0.0482845269144,0.0158153790981,0.0185794718564,0.0281753502786,0.0213451962918,0.00794522464275,0.00501502491534,0.00471659516916,0.00317974179052,0.00486616417766,0.00715241907164,0.00181378237903,0.000303507957142],"mean":[0.000107917461719,0.00386151857674,0.00179856771138,0.00123559148051,0.0010396479629,0.000557488237973,0.000440366682597,0.00024842080893,0.000506914919242,0.000573489756789,0.000300935294945,0.000429763051216,0.000629763759207,0.000625093409326,0.000718085793778,0.000526923162397,0.000859141990077,0.000942147045862,0.000824184331577,0.000486861972604,0.000265481125098,0.000194500098587,0.000144134450238,0.000112538407848,0.0000856837432366,0.0000593636796111,0.0000104976843431],"median":[0.000037350851926,0.00172830908559,0.00089200673392,0.00049958366435,0.000812075682916,0.000411905755755,0.000261260487605,0.0000919031444937,0.00018956392887,0.000118085969007,0.0000516108702868,0.000107953906991,0.0001503812382,0.000257666397374,0.00026423271629,0.000346360960975,0.00058424891904,0.000520966248587,0.000497696804814,0.000259587308392,0.000154648034368,0.0000838468404254,0.0000522867958352,0.0000367879511032,0.0000268695202976,0.0000113447804324,4.75009159118e-7],"min":[7.43740506911e-24,2.82496391305e-23,1.90388960457e-23,1.41053110351e-23,4.29169394076e-23,2.64006659201e-23,6.5691559634e-24,5.63017538012e-23,1.16848677367e-22,8.39122452045e-23,5.26434460631e-23,3.01428737486e-23,6.51164098255e-23,8.60869706371e-23,1.13306161788e-22,6.61357001566e-23,1.22795716716e-22,1.99733611103e-22,2.1916774855e-22,2.63638122318e-22,3.61461746571e-22,4.98184468091e-22,6.15364870935e-22,6.32975225078e-22,1.13270126622e-21,1.43344977841e-21,2.43596713435e-21],"var":[4.14599732323e-8,0.0000569210678805,0.00000969575830823,0.00000670362214805,0.00000108465542326,3.06733767275e-7,4.45050005737e-7,4.44780312137e-7,0.00000180861025001,0.00000484433576275,0.00000125365841086,0.00000138610096201,0.00000277115918834,0.00000212347458728,0.00000326849681187,5.37254720712e-7,0.00000100021134131,0.00000211347924051,0.00000119381763852,4.44605802841e-7,1.03539044005e-7,7.93781325115e-8,5.44404130665e-8,5.93084870104e-8,4.03857001174e-8,2.01468832728e-8,6.80668077457e-10]},"barkbands_crest":{"dmean":2.74568200111,"dmean2":4.3779335022,"dvar":7.8337469101,"dvar2":16.7064838409,"max":24.6971912384,"mean":7.76761770248,"median":6.52433300018,"min":2.11615109444,"var":17.2828197479},"barkbands_flatness_db":{"dmean":0.0184984114021,"dmean2":0.0286762081087,"dvar":0.000365935673472,"dvar2":0.00080835033441,"max":0.287572026253,"mean":0.0901767387986,"median":0.0849091559649,"min":0.0154396016151,"var":0.00118352065329},"barkbands_kurtosis":{"dmean":1.28804123402,"dmean2":2.07150936127,"dvar":9.93738651276,"dvar2":21.1127872467,"max":74.4666290283,"mean":0.105661913753,"median":-0.928657650948,"min":-1.85168683529,"var":13.9918994904},"barkbands_skewness":{"dmean":0.496509760618,"dmean2":0.758891701698,"dvar":0.317678660154,"dvar2":0.647813856602,"max":8.03410720825,"mean":0.563071429729,"median":0.402462005615,"min":-2.82226276398,"var":1.01410639286},"barkbands_spread":{"dmean":7.27332162857,"dmean2":11.3407468796,"dvar":48.5988540649,"dvar2":107.607673645,"max":104.045127869,"mean":39.3968544006,"median":39.3132286072,"min":3.43685030937,"var":162.006866455},"dissonance":{"dmean":0.00742200668901,"dmean2":0.0125880483538,"dvar":0.0000610232491454,"dvar2":0.000170310668182,"max":0.500000119209,"mean":0.487632811069,"median":0.489854931831,"min":0.391396284103,"var":0.0000907527792151},"dynamic_complexity":3.70894789696,"erbbands":{"dmean":[0.0934578105807,0.676261246204,1.59259641171,3.14390063286,2.33474683762,1.87399172783,2.0102314949,2.45277953148,3.21075057983,3.93736767769,4.34852600098,6.35454940796,10.9361467361,11.5389127731,6.78931665421,11.5456352234,16.399679184,20.035905838,19.0109462738,19.816783905,17.5870018005,22.4898719788,25.1083545685,23.0837135315,16.2324771881,10.2425661087,5.31502008438,4.34545516968,3.28589868546,2.70152497292,1.72613549232,1.38736748695,0.924143195152,0.618493616581,0.326972961426,0.194075778127,0.0684843882918,0.0152026079595,0.00144966458902,0.0000398521879106],"dmean2":[0.145036667585,1.076613307,2.75489711761,5.19960355759,3.98163580894,3.09820389748,3.17734789848,3.96504092216,5.24366140366,6.41048192978,7.04701042175,10.1500024796,16.9506435394,17.8746204376,10.6405143738,18.1399936676,25.5097827911,31.3460578918,30.1892089844,30.5813903809,28.3892307281,35.967754364,40.3786849976,36.9675178528,26.3620796204,16.7647819519,8.58607196808,6.89795637131,5.0898103714,4.00379180908,2.51192736626,2.02377748489,1.32256674767,0.865632534027,0.429401189089,0.249161556363,0.0873258709908,0.0194673296064,0.00188389525283,0.0000514510538778],"dvar":[0.0494316890836,2.56575703621,13.9696178436,42.8274040222,27.9545021057,7.67292547226,6.54947471619,11.8021841049,30.784910202,79.8141326904,241.070098877,333.048583984,1542.36157227,2259.97558594,429.472076416,1273.03271484,2457.19921875,3563.35058594,2502.56103516,5091.70410156,989.704345703,1588.51818848,2780.99584961,2429.10693359,871.465026855,418.915496826,111.426460266,65.3135910034,53.2649726868,27.6972866058,14.4247961044,11.7241773605,9.62924957275,4.08139371872,0.715885996819,0.253553897142,0.0299763288349,0.00140806799755,0.000011819140127,6.54613563356e-9],"dvar2":[0.0997275412083,5.96895599365,38.8567962646,108.163002014,76.4110412598,21.4472160339,15.546257019,29.4900608063,79.196434021,208.999710083,621.527282715,769.593017578,3677.19482422,4758.44628906,1017.43261719,3179.6159668,5971.72460938,8352.63867188,5615.8671875,11896.1220703,2493.10766602,4056.77148438,6816.85400391,6388.5390625,2224.92529297,1082.01477051,293.84173584,162.777526855,127.527870178,58.4121284485,30.6437320709,24.047706604,19.5241203308,7.79095649719,1.2370390892,0.428261995316,0.051947504282,0.00245804851875,0.0000201628299692,1.09069437926e-8],"max":[2.05689525604,16.7817668915,41.8306236267,95.8253479004,73.6338424683,78.732635498,63.3940582275,72.0579147339,171.255355835,281.817657471,398.461975098,462.348266602,1064.34887695,1650.64074707,614.989929199,1029.4432373,1528.8939209,1739.8861084,1797.79284668,2837.38671875,981.604187012,1118.90454102,1964.64978027,1392.39990234,866.600463867,458.730865479,300.678314209,199.079483032,206.018005371,105.915611267,102.127349854,93.695640564,99.125,80.9809341431,43.1177253723,11.6828508377,3.42652630806,0.69346755743,0.0611344650388,0.00120420916937],"mean":[0.115358315408,0.847584724426,1.94881176949,3.69105005264,3.26191902161,3.574041605,4.03447389603,4.58699893951,5.53574943542,6.49083614349,6.67997312546,10.0542612076,16.589056015,18.8086204529,11.4962463379,19.0108318329,26.3517532349,34.0044021606,33.9597663879,33.9048500061,36.3028450012,47.7498245239,51.9037475586,47.488494873,36.0135726929,22.8036708832,12.2295999527,9.94955253601,6.98941755295,5.81299972534,3.66112184525,2.7357032299,1.65917563438,1.06481611729,0.554195463657,0.293602406979,0.0999459326267,0.0211155172437,0.0018821953563,0.0000681223755237],"median":[0.044151507318,0.38629925251,1.03787922859,1.63969635963,2.02426099777,2.71634054184,3.03380322456,3.19951987267,3.50739836693,3.57577800751,2.43343830109,4.1628074646,4.75000429153,3.44761610031,2.8570830822,5.36274290085,7.31650543213,12.7076473236,16.3671016693,14.4403800964,25.3029289246,33.579875946,30.8917388916,28.3959236145,21.5698852539,12.3531036377,6.72831344604,5.59346389771,3.12314414978,2.2382144928,1.33789348602,0.907890796661,0.527387797832,0.347091019154,0.162326604128,0.0652717649937,0.0169638544321,0.00235005188733,0.0000884472829057,0.0000281453194475],"min":[1.65473816178e-21,3.28449348997e-21,1.49872202298e-20,3.9156704252e-20,1.03690611763e-19,1.11730490662e-19,1.88209038084e-19,1.28661081268e-19,1.63808825601e-19,8.78065972103e-19,1.72938226736e-18,3.12659278896e-18,2.5726016018e-18,3.12282518807e-18,2.02268903544e-18,1.89890249075e-18,3.29560357249e-18,4.72920001148e-18,4.09739201499e-18,4.72488461022e-18,4.88064850983e-18,6.45636264307e-18,9.71017394909e-18,1.21015406923e-17,9.4034363528e-18,1.29514753891e-17,1.61316035141e-17,1.25571815522e-17,1.45453175991e-17,1.6935373261e-17,1.8995908291e-17,1.3875654509e-17,1.24095091333e-17,1.15470534035e-17,8.17920904622e-18,5.54217131547e-18,2.44878486502e-18,1.40221899681e-18,3.2170041469e-19,3.57537252172e-20],"var":[0.0595844201744,2.75398945808,10.9262933731,42.8834190369,24.4970531464,13.6751747131,15.7552537918,24.8247184753,53.766582489,134.355224609,351.675720215,591.62701416,2790.86206055,5641.96484375,890.142883301,2214.44018555,4685.52392578,6692.29101563,5134.87548828,8201.76855469,1838.33618164,3038.58959961,6291.17529297,4405.57861328,2234.11743164,984.012268066,250.441726685,151.22177124,104.96270752,81.7127990723,36.0186080933,26.5965976715,17.2171764374,7.21525192261,1.51789116859,0.496651858091,0.0571039281785,0.00260192411952,0.0000213887306018,1.27776260683e-8]},"erbbands_crest":{"dmean":2.20098948479,"dmean2":3.61035227776,"dvar":5.24099493027,"dvar2":13.1769247055,"max":30.4617938995,"mean":7.5405664444,"median":6.51285457611,"min":2.37291932106,"var":12.9183540344},"erbbands_flatness_db":{"dmean":0.0169581305236,"dmean2":0.0235888082534,"dvar":0.000292078359053,"dvar2":0.000491535814945,"max":0.309659957886,"mean":0.143804833293,"median":0.140495806932,"min":0.040513549,"var":0.0016435328871},"erbbands_kurtosis":{"dmean":0.904395341873,"dmean2":1.43542253971,"dvar":1.04109013081,"dvar2":2.59656453133,"max":26.5761299133,"mean":0.843860983849,"median":0.482764035463,"min":-1.68576800823,"var":2.79259324074},"erbbands_skewness":{"dmean":0.303426712751,"dmean2":0.469742417336,"dvar":0.0711669325829,"dvar2":0.170514851809,"max":2.20864224434,"mean":-0.730891644955,"median":-0.767141222954,"min":-3.40934157372,"var":0.308261424303},"erbbands_spread":{"dmean":7.1053147316,"dmean2":11.0661315918,"dvar":53.3529129028,"dvar2":121.952903748,"max":120.09752655,"mean":34.1736984253,"median":31.7681083679,"min":2.80230641365,"var":203.261413574},"gfcc":{"cov":[[9042.93066406,-696.946411133,176.248672485,64.4829406738,-171.892120361,319.858001709,-106.477287292,-2.50382566452,-121.160087585,7.41806650162,-111.671104431,119.482666016,-137.060012817],[-696.946411133,1135.89013672,-513.910644531,115.984054565,167.480133057,-213.659362793,131.018600464,-43.1178321838,31.1324748993,-20.7106323242,103.397872925,-96.3161849976,116.299308777],[176.248672485,-513.910644531,780.459411621,-59.1919441223,48.8475837708,87.2777786255,-104.581459045,59.133518219,27.4835128784,33.5397071838,-76.4787139893,60.7916374207,-81.5883255005],[64.4829406738,115.984054565,-59.1919441223,286.692138672,-58.8766593933,34.1471557617,-34.8414726257,-32.904838562,25.9332771301,-2.60938072205,3.10895776749,-37.4395294189,29.8644123077],[-171.892120361,167.480133057,48.8475837708,-58.8766593933,274.259277344,-76.7226638794,62.5933685303,20.8225421906,10.9465990067,31.0595855713,17.2362365723,-1.15801560879,21.6234340668],[319.858001709,-213.659362793,87.2777786255,34.1471557617,-76.7226638794,203.204467773,9.72019863129,22.0519447327,-3.57629561424,-18.3924274445,-2.67446756363,36.1827011108,-25.8145275116],[-106.477287292,131.018600464,-104.581459045,-34.8414726257,62.5933685303,9.72019863129,152.586257935,23.83644104,-6.13893890381,-6.45090579987,30.5662403107,3.25749087334,12.3611984253],[-2.50382566452,-43.1178321838,59.133518219,-32.904838562,20.8225421906,22.0519447327,23.83644104,90.4299316406,33.5939407349,15.6778211594,0.0506224408746,12.4856204987,-0.34045279026],[-121.160087585,31.1324748993,27.4835128784,25.9332771301,10.9465990067,-3.57629561424,-6.13893890381,33.5939407349,94.787109375,28.2785110474,6.98924970627,-11.7772102356,10.1666154861],[7.41806650162,-20.7106323242,33.5397071838,-2.60938072205,31.0595855713,-18.3924274445,-6.45090579987,15.6778211594,28.2785110474,75.4035110474,18.131444931,0.232919812202,-0.674278497696],[-111.671104431,103.397872925,-76.4787139893,3.10895776749,17.2362365723,-2.67446756363,30.5662403107,0.0506224408746,6.98924970627,18.131444931,80.7258682251,18.1463375092,15.3357162476],[119.482666016,-96.3161849976,60.7916374207,-37.4395294189,-1.15801560879,36.1827011108,3.25749087334,12.4856204987,-11.7772102356,0.232919812202,18.1463375092,76.9088363647,5.35079145432],[-137.060012817,116.299308777,-81.5883255005,29.8644123077,21.6234340668,-25.8145275116,12.3611984253,-0.34045279026,10.1666154861,-0.674278497696,15.3357162476,5.35079145432,71.0821151733]],"icov":[[0.00012853780936,0.0000103128568298,0.0000774044747232,-0.000075701464084,-0.0000392657129851,-0.000160755211255,0.0000831491852296,-0.0000327802481479,0.000149399318616,-0.000169680424733,0.000251880148426,-0.000260211294517,0.000232838166994],[0.0000103128568298,0.00240219174884,0.000749975035433,-0.000884046254214,-0.00107750436291,0.00163644202985,-0.000878859893419,0.000129523978103,-0.000717492308468,0.00182099023368,-0.00221145129763,0.00168445077725,-0.00113241549116],[0.0000774044747232,0.000749975035433,0.00271407002583,-0.00038523983676,-0.00158735876903,-0.000404158548918,0.00149496970698,-0.000885403191205,-0.000772974395659,-0.000231791302213,0.0016306929756,-0.00192076049279,0.00217228732072],[-0.000075701464084,-0.000884046254214,-0.00038523983676,0.00539716612548,0.00099276797846,-0.00238998420537,0.00122679525521,0.0019774925895,-0.00111638533417,-0.000761107017752,-0.000121632612718,0.00276442663744,-0.00281253037974],[-0.0000392657129851,-0.00107750436291,-0.00158735876903,0.00099276797846,0.00610873149708,0.00147151388228,-0.00254436791874,-0.0000437113412772,0.000509101198986,-0.00217387755401,0.00021165292128,0.000108724474558,-0.00158077932429],[-0.000160755211255,0.00163644202985,-0.000404158548918,-0.00238998420537,0.00147151388228,0.00917585939169,-0.00285812676884,-0.00164057512302,-0.000601086590905,0.00301308906637,-0.00197654729709,-0.00220065959729,0.00163336459082],[0.0000831491852296,-0.000878859893419,0.00149496970698,0.00122679525521,-0.00254436791874,-0.00285812676884,0.0107178548351,-0.00316762039438,0.00139464961831,0.000894172873814,-0.00148074002936,0.0000583063447266,0.000779871130362],[-0.0000327802481479,0.000129523978103,-0.000885403191205,0.0019774925895,-0.0000437113412772,-0.00164057512302,-0.00316762039438,0.0163071341813,-0.00599225470796,-0.0016446566442,0.00141108362004,-0.00101017334964,-0.00146270927507],[0.000149399318616,-0.000717492308468,-0.000772974395659,-0.00111638533417,0.000509101198986,-0.000601086590905,0.00139464961831,-0.00599225470796,0.015631377697,-0.00458847591653,-0.000821234309115,0.00287591386586,-0.00191913510207],[-0.000169680424733,0.00182099023368,-0.000231791302213,-0.000761107017752,-0.00217387755401,0.00301308906637,0.000894172873814,-0.0016446566442,-0.00458847591653,0.0193126965314,-0.00702294707298,0.00199373089708,0.000543916423339],[0.000251880148426,-0.00221145129763,0.0016306929756,-0.000121632612718,0.00021165292128,-0.00197654729709,-0.00148074002936,0.00141108362004,-0.000821234309115,-0.00702294707298,0.0208880193532,-0.00889504887164,0.00172267435119],[-0.000260211294517,0.00168445077725,-0.00192076049279,0.00276442663744,0.000108724474558,-0.00220065959729,0.0000583063447266,-0.00101017334964,0.00287591386586,0.00199373089708,-0.00889504887164,0.022643905133,-0.00764895789325],[0.000232838166994,-0.00113241549116,0.00217228732072,-0.00281253037974,-0.00158077932429,0.00163336459082,0.000779871130362,-0.00146270927507,-0.00191913510207,0.000543916423339,0.00172267435119,-0.00764895789325,0.0214601866901]],"mean":[-0.742053151131,67.7316818237,-128.039291382,51.0564117432,-38.5206871033,8.77817440033,-37.7667121887,15.1150598526,-23.7394542694,5.05994558334,-16.0808181763,1.55562257767,-13.5491142273]},"hfc":{"dmean":6.05021715164,"dmean2":8.53695201874,"dvar":67.9610366821,"dvar2":134.03944397,"max":157.495559692,"mean":23.2444915771,"median":17.9468574524,"min":1.1421850188e-16,"var":389.444732666},"melbands":{"dmean":[0.000813882390503,0.000810203142464,0.000497724337038,0.000140380696394,0.0000679327349644,0.0000549829601368,0.0000496389402542,0.0000404083548347,0.0000376112475351,0.0000450581610494,0.0000564541842323,0.0000489026642754,0.0000255968552665,0.0000307613954647,0.000032536987419,0.0000407908373745,0.0000393190421164,0.0000328747664753,0.0000317407429975,0.0000192067655007,0.0000252814788837,0.000024979824957,0.0000263417223323,0.0000239378550759,0.0000206498116313,0.0000155178622663,0.0000110112523544,0.00000654906716591,0.00000379862717637,0.00000313732743962,0.0000027108926588,0.00000206092704502,0.00000179794130872,0.00000155931365953,0.00000104535547507,0.00000102265346413,8.40840925775e-7,7.09870221272e-7,5.6726986486e-7,5.39838538316e-7],"dmean2":[0.00126234826166,0.00133735616691,0.000824661634397,0.000236509906244,0.000107471154479,0.0000885961198946,0.0000807659380371,0.0000661223311909,0.0000606433968642,0.0000713256158633,0.0000873409153428,0.0000756353474571,0.0000403703743359,0.0000484036281705,0.000051286395319,0.0000639486170257,0.0000615878598182,0.0000527308329765,0.0000493621737405,0.0000302359876514,0.0000409475796914,0.0000403051526519,0.0000425460129918,0.0000386974752473,0.000033433061617,0.0000255326631304,0.0000178569207492,0.0000107718251456,0.00000621921844868,0.00000505155367136,0.000004370726856,0.00000325108840116,0.00000279017535831,0.00000234295521295,0.00000158382908921,0.00000153241580847,0.00000124541065816,0.00000104387208921,8.24529763577e-7,7.73231761286e-7],"dvar":[0.00000367741426999,0.00000330401462634,0.0000010732460396,6.68985293828e-8,7.14952896885e-9,5.56551826847e-9,7.25967197468e-9,7.85226372813e-9,1.75209713404e-8,1.92029538937e-8,4.02555144774e-8,4.21234815917e-8,7.58925278177e-9,1.04072999108e-8,8.75634853514e-9,1.55523860457e-8,1.53398005409e-8,8.15873946181e-9,1.23321388656e-8,2.49151899112e-9,2.22065343891e-9,1.77198833384e-9,3.22866000602e-9,2.54354559637e-9,2.21799401068e-9,9.58197077239e-10,4.65480959333e-10,1.66928956769e-10,6.60987861667e-11,3.07714062564e-11,2.77532875154e-11,2.24582852315e-11,1.24176164143e-11,9.38546202561e-12,5.16596444441e-12,5.71768804178e-12,4.81531134411e-12,5.79337793016e-12,4.48580799242e-12,2.77351037102e-12],"dvar2":[0.00000739765209801,0.00000849045591167,0.00000272109537036,1.89306589959e-7,1.73446892404e-8,1.39335281091e-8,1.85855864032e-8,2.10324468952e-8,4.3921243531e-8,4.5430954998e-8,9.49322185306e-8,8.73175309835e-8,1.75799286239e-8,2.70501843147e-8,2.00837373399e-8,3.77701212528e-8,3.60327554461e-8,1.81722565884e-8,2.88794375081e-8,5.77607828234e-9,5.64246160906e-9,4.55250859233e-9,7.49209760897e-9,6.21111206911e-9,5.93172000407e-9,2.53664156347e-9,1.16161535946e-9,4.31292862535e-10,1.76334571944e-10,7.90460474853e-11,7.05512939736e-11,5.63231301876e-11,2.80402472075e-11,2.07087784421e-11,1.13780989838e-11,1.28123319246e-11,1.00865314365e-11,1.25876999796e-11,8.77869565236e-12,5.41358711331e-12],"max":[0.0199864264578,0.0180099699646,0.0141051681712,0.0038422786165,0.0017370111309,0.00144485046621,0.00250434922054,0.00273037306033,0.00353634147905,0.0037673341576,0.00515365740284,0.00728303380311,0.00245869089849,0.00290776579641,0.00295399292372,0.00337947113439,0.00384057220072,0.00344953662716,0.00426332186908,0.00158483500127,0.00159856397659,0.00100722315256,0.00274337548763,0.00153720588423,0.00137655076105,0.000673441973049,0.000482906616526,0.000261625042185,0.000303092907416,0.0000992001514533,0.000136591610499,0.000133394612931,0.000068906971137,0.00008444582636,0.0000533085803909,0.0000663850951241,0.0000691501845722,0.0000701672688592,0.0000752184932935,0.0000741437324905],"mean":[0.00105804624036,0.00108081405051,0.000619766302407,0.000240064269747,0.00014550400374,0.000104705432022,0.0000879708823049,0.0000658411445329,0.0000563039357075,0.0000688193249516,0.0000840189750306,0.0000777969326009,0.0000389642227674,0.0000478610709251,0.0000505026764586,0.0000631056536804,0.0000622591032879,0.0000537937921763,0.0000511518628628,0.0000335537079081,0.0000467556237709,0.0000491359569423,0.0000492061408295,0.0000443760218332,0.0000381060526706,0.0000297935912386,0.0000218440618482,0.0000131973774842,0.00000770693986851,0.00000639568406768,0.00000557351995667,0.00000393636491935,0.00000357199496648,0.00000310372092827,0.00000207065932045,0.00000193142773242,0.00000154489123361,0.00000120056301967,9.61381374509e-7,8.87831618002e-7],"median":[0.0004471205757,0.000589663221035,0.000308591406792,0.000172273867065,0.000113625530503,0.000074547388067,0.0000561117049074,0.0000356958262273,0.0000182083567779,0.0000266446331807,0.0000229823235713,0.0000134045203595,0.00000790194098954,0.0000110080090963,0.0000137392307806,0.0000157839185704,0.0000223072711378,0.0000250455814239,0.0000185749013326,0.0000184498785529,0.0000309878087137,0.0000336933371727,0.0000287332404696,0.0000233674436458,0.000021690131689,0.0000171700012288,0.000011414967048,0.00000694046593708,0.00000393734671889,0.00000354031408278,0.0000027914693419,0.00000164428990956,0.00000138630480251,0.00000110980363388,7.29516159481e-7,6.42791178507e-7,4.95168933412e-7,3.61480601896e-7,2.99074514487e-7,2.76321998172e-7],"min":[1.11098058073e-23,5.92299329062e-24,9.24808460461e-24,1.02089479527e-23,5.53574462769e-24,3.57992139094e-24,2.05787659433e-24,9.45184027668e-24,1.47411676345e-23,1.90222921014e-23,1.15962269078e-23,1.17861475373e-23,7.02581294751e-24,3.48492557745e-24,7.32700714087e-24,5.91709339991e-24,7.84964642324e-24,6.50720789981e-24,9.77350777712e-24,3.49767948613e-24,6.45138652443e-24,5.90300158313e-24,8.37799942515e-24,1.05170951661e-23,8.67686095681e-24,5.90308401909e-24,7.29804411273e-24,8.41151260298e-24,1.03016178099e-23,7.30696534071e-24,7.57283670932e-24,8.3285275912e-24,9.47221497614e-24,9.17419831451e-24,1.11190993776e-23,1.02501683016e-23,7.22200502122e-24,7.51717389499e-24,8.70151601554e-24,1.02301509562e-23],"var":[0.00000458360000266,0.00000313151736009,0.0000010741615597,7.52251096969e-8,1.83838437806e-8,1.18656373616e-8,1.34690356646e-8,1.30447324054e-8,2.65760817797e-8,3.19265929249e-8,7.32450757823e-8,1.0645382531e-7,1.48022687441e-8,1.89565643183e-8,1.72442664592e-8,3.03472518226e-8,2.70710351913e-8,1.53911123846e-8,2.03193266657e-8,4.4584989034e-9,3.64249208573e-9,3.23450088935e-9,5.96309712719e-9,5.5383821973e-9,3.50701223617e-9,1.74959635668e-9,1.09282360938e-9,3.52674250914e-10,1.2936199334e-10,6.45818745704e-11,5.59877526285e-11,3.74395514591e-11,2.92328973528e-11,2.65810169015e-11,1.21261898092e-11,1.17742994174e-11,9.83705217977e-12,9.60382207787e-12,7.22020403535e-12,4.83338152488e-12]},"melbands_crest":{"dmean":3.76370215416,"dmean2":6.06241321564,"dvar":13.3011474609,"dvar2":29.9100914001,"max":32.2269477844,"mean":12.4527072906,"median":11.1315174103,"min":1.77944946289,"var":30.863111496},"melbands_flatness_db":{"dmean":0.02562671341,"dmean2":0.0399621240795,"dvar":0.000730289786588,"dvar2":0.00157755357213,"max":0.39483577013,"mean":0.140949755907,"median":0.132708966732,"min":0.00496096117422,"var":0.00261021056212},"melbands_kurtosis":{"dmean":4.94497585297,"dmean2":7.76151847839,"dvar":130.935333252,"dvar2":275.542236328,"max":215.357879639,"mean":6.1268324852,"median":1.965716362,"min":-1.81229841709,"var":201.204605103},"melbands_skewness":{"dmean":0.735391378403,"dmean2":1.12026131153,"dvar":0.814152657986,"dvar2":1.64040803909,"max":12.787399292,"mean":1.97622513771,"median":1.67630589008,"min":-1.9167727232,"var":2.37204694748},"melbands_spread":{"dmean":12.5755519867,"dmean2":19.7524604797,"dvar":164.443847656,"dvar2":373.195251465,"max":225.636169434,"mean":49.2729263306,"median":48.6803741455,"min":1.68593752384,"var":556.51385498},"mfcc":{"cov":[[6747.73486328,-342.721588135,35.4288253784,-13.6970243454,-87.7651596069,187.648162842,-9.42619037628,85.3860778809,-64.039024353,-61.1750526428,31.3431129456,-31.3819789886,-71.4347839355],[-342.721588135,921.404785156,-444.584533691,211.541030884,15.3480930328,-78.7378768921,83.7955703735,-48.4090118408,22.3159503937,25.9717254639,4.06060838699,16.4216594696,12.3628149033],[35.4288253784,-444.584533691,611.502807617,-99.4859619141,101.099449158,48.5111236572,-80.1330871582,46.8765602112,1.68825435638,1.35852646828,12.975736618,-4.14369249344,5.42016792297],[-13.6970243454,211.541030884,-99.4859619141,239.527038574,39.5403556824,0.643874585629,-1.75522994995,-59.2108917236,24.5478076935,22.8980312347,-20.8818645477,10.965508461,5.05971431732],[-87.7651596069,15.3480930328,101.099449158,39.5403556824,166.710708618,4.02966499329,-18.1812725067,-12.1916618347,25.05210495,16.1391143799,6.59616041183,5.18872356415,0.987193346024],[187.648162842,-78.7378768921,48.5111236572,0.643874585629,4.02966499329,105.130203247,21.9597797394,26.2492828369,-8.38176441193,-5.9147605896,3.87739467621,-2.78569960594,-3.44840312004],[-9.42619037628,83.7955703735,-80.1330871582,-1.75522994995,-18.1812725067,21.9597797394,120.608505249,35.7370567322,-2.78905653954,-5.00527763367,2.82259011269,6.08576202393,12.2756061554],[85.3860778809,-48.4090118408,46.8765602112,-59.2108917236,-12.1916618347,26.2492828369,35.7370567322,111.804664612,9.97347640991,-7.10707950592,11.4374866486,-5.97950077057,8.26230621338],[-64.039024353,22.3159503937,1.68825435638,24.5478076935,25.05210495,-8.38176441193,-2.78905653954,9.97347640991,77.3678817749,32.5675201416,2.9357817173,0.183780297637,-6.97907924652],[-61.1750526428,25.9717254639,1.35852646828,22.8980312347,16.1391143799,-5.9147605896,-5.00527763367,-7.10707950592,32.5675201416,73.584022522,21.769487381,9.17151927948,-1.62803721428],[31.3431129456,4.06060838699,12.975736618,-20.8818645477,6.59616041183,3.87739467621,2.82259011269,11.4374866486,2.9357817173,21.769487381,70.6180877686,19.8738956451,0.18086925149],[-31.3819789886,16.4216594696,-4.14369249344,10.965508461,5.18872356415,-2.78569960594,6.08576202393,-5.97950077057,0.183780297637,9.17151927948,19.8738956451,60.3517684937,27.423034668],[-71.4347839355,12.3628149033,5.42016792297,5.05971431732,0.987193346024,-3.44840312004,12.2756061554,8.26230621338,-6.97907924652,-1.62803721428,0.18086925149,27.423034668,65.9532699585]],"icov":[[0.000164553101058,0.0000706138380338,0.0000558134597668,-0.000109474131023,0.0000541128320037,-0.000223972514505,0.0000840530556161,-0.000147904240293,0.000107917861897,0.000100371202279,-0.000127617619,-4.94699463616e-7,0.000173621461727],[0.0000706138380338,0.0023390322458,0.00140775588807,-0.00159668235574,-0.000849938427564,0.00140332512092,-0.000910740229301,-0.000532028323505,0.000369508401491,-0.0000620106875431,-0.00085460714763,0.000308902934194,-0.000121433120512],[0.0000558134597668,0.00140775588807,0.00338911521249,0.000169070553966,-0.00214860215783,-0.000493224943057,0.00150511902757,-0.0013501503272,0.000475888431538,-0.00032994398498,-0.000245780160185,0.000131841399707,-0.00061148457462],[-0.000109474131023,-0.00159668235574,0.000169070553966,0.00723961507902,-0.00103211670648,-0.00239414931275,0.000618496676907,0.00323486351408,-0.00190522207413,-0.00123712513596,0.00267101684585,-0.00099124899134,-0.000845982693136],[0.0000541128320037,-0.000849938427564,-0.00214860215783,-0.00103211670648,0.00811144523323,-0.000508920114953,0.0000917792567634,0.00121520808898,-0.00224671512842,0.000240977737121,-0.000779085501563,-0.0000619244819973,-0.0000475645210827],[-0.000223972514505,0.00140332512092,-0.000493224943057,-0.00239414931275,-0.000508920114953,0.0127550633624,-0.00308919930831,-0.00251894700341,0.00205077114515,0.000120247634186,-0.000911296403501,0.000232390215388,0.00140948197804],[0.0000840530556161,-0.000910740229301,0.00150511902757,0.000618496676907,0.0000917792567634,-0.00308919930831,0.0118483956903,-0.00386030576192,0.000499398447573,0.0000698974690749,0.000481395487441,-0.00101710995659,-0.00131781329401],[-0.000147904240293,-0.000532028323505,-0.0013501503272,0.00323486351408,0.00121520808898,-0.00251894700341,-0.00386030576192,0.014159549959,-0.00461263535544,0.00194433622528,-0.00196243403479,0.00266144610941,-0.00294425128959],[0.000107917861897,0.000369508401491,0.000475888431538,-0.00190522207413,-0.00224671512842,0.00205077114515,0.000499398447573,-0.00461263535544,0.0185503177345,-0.00784687045962,0.00193295278586,-0.000668027088977,0.00282216002233],[0.000100371202279,-0.0000620106875431,-0.00032994398498,-0.00123712513596,0.000240977737121,0.000120247634186,0.0000698974690749,0.00194433622528,-0.00784687045962,0.0196159426123,-0.00631577847525,-0.000346502609318,-0.000196282242541],[-0.000127617619,-0.00085460714763,-0.000245780160185,0.00267101684585,-0.000779085501563,-0.000911296403501,0.000481395487441,-0.00196243403479,0.00193295278586,-0.00631577847525,0.0194589626044,-0.00738107413054,0.00302180368453],[-4.94699463616e-7,0.000308902934194,0.000131841399707,-0.00099124899134,-0.0000619244819973,0.000232390215388,-0.00101710995659,0.00266144610941,-0.000668027088977,-0.000346502609318,-0.00738107413054,0.024196760729,-0.0102441450581],[0.000173621461727,-0.000121433120512,-0.00061148457462,-0.000845982693136,-0.0000475645210827,0.00140948197804,-0.00131781329401,-0.00294425128959,0.00282216002233,-0.000196282242541,0.00302180368453,-0.0102441450581,0.0207217149436]],"mean":[-637.885070801,94.5648040771,-20.5176906586,41.6749458313,16.3083400726,3.77449655533,2.49048638344,5.62236070633,-0.0687365680933,3.81760048866,3.03226971626,-0.247885167599,-2.63367819786]},"pitch_salience":{"dmean":0.0772587731481,"dmean2":0.124872900546,"dvar":0.00566912023351,"dvar2":0.0126365730539,"max":0.843754291534,"mean":0.598887085915,"median":0.619183540344,"min":0.111056737602,"var":0.0133556621149},"silence_rate_20dB":{"dmean":0,"dmean2":0,"dvar":0,"dvar2":0,"max":1,"mean":1,"median":1,"min":1,"var":0},"silence_rate_30dB":{"dmean":0,"dmean2":0,"dvar":0,"dvar2":0,"max":1,"mean":1,"median":1,"min":1,"var":0},"silence_rate_60dB":{"dmean":0.0228700935841,"dmean2":0.0457448996603,"dvar":0.0223446339369,"dvar2":0.0469587557018,"max":1,"mean":0.100947670639,"median":0,"min":0,"var":0.0907588601112},"spectral_centroid":{"dmean":241.287185669,"dmean2":383.64465332,"dvar":62821.609375,"dvar2":141214.421875,"max":11711.0175781,"mean":2316.49902344,"median":2350.74951172,"min":428.509185791,"var":238059.5625},"spectral_complexity":{"dmean":4.05583620071,"dmean2":6.19863986969,"dvar":15.593164444,"dvar2":32.1102790833,"max":60,"mean":25.5113315582,"median":27,"min":0,"var":162.026077271},"spectral_contrast_coeffs":{"dmean":[0.0493201203644,0.0436719022691,0.0385181345046,0.0294213630259,0.0208097063005,0.0187175925821],"dmean2":[0.0807426795363,0.0723927617073,0.062387637794,0.0482091493905,0.0341534353793,0.0290859024972],"dvar":[0.00177458114922,0.00118747341912,0.000954323040787,0.000555511098355,0.000279830564978,0.000342394894687],"dvar2":[0.00463625881821,0.00321995932609,0.00242301239632,0.00143599382136,0.000725270831026,0.00072439853102],"max":[-0.412845700979,-0.530112862587,-0.499417811632,-0.576056241989,-0.61035823822,-0.569689929485],"mean":[-0.704536914825,-0.773144245148,-0.791489064693,-0.794752180576,-0.781219482422,-0.748711943626],"median":[-0.710674643517,-0.775924503803,-0.801900267601,-0.802398085594,-0.78491973877,-0.747187256813],"min":[-0.960898697376,-0.967249214649,-0.964833498001,-0.963657855988,-0.962891042233,-0.96003305912],"var":[0.00453938683495,0.00301382644102,0.00381683791056,0.00224082171917,0.00144911033567,0.00190568470862]},"spectral_contrast_valleys":{"dmean":[0.372540324926,0.328071773052,0.297769486904,0.234077230096,0.188966169953,0.298918038607],"dmean2":[0.594423234463,0.536326467991,0.476442158222,0.372927963734,0.288416922092,0.376545399427],"dvar":[0.11388283968,0.0839975699782,0.0731535926461,0.0551103875041,0.0545162037015,0.172758102417],"dvar2":[0.251355558634,0.185207694769,0.147687539458,0.0996905863285,0.0818000584841,0.296541035175],"max":[-5.39593935013,-5.21325302124,-5.78436803818,-5.80167579651,-5.42573928833,-7.49297142029],"mean":[-7.24180364609,-7.09163093567,-7.58569669724,-7.3609161377,-6.90977573395,-10.0434465408],"median":[-7.01521110535,-6.94614124298,-7.47006988525,-7.20349502563,-6.74810028076,-9.84323310852],"min":[-27.9577312469,-27.5516147614,-27.2662639618,-27.5772953033,-27.5009326935,-27.4378108978],"var":[1.07772815228,0.832342803478,0.857870697975,0.828425824642,0.837372839451,1.38699674606]},"spectral_decrease":{"dmean":1.47617196244e-9,"dmean2":2.18790607853e-9,"dvar":5.03293287419e-18,"dvar2":9.92456510179e-18,"max":1.36442294328e-18,"mean":-4.10062384049e-9,"median":-3.28635962887e-9,"min":-2.54033238889e-8,"var":1.14833844846e-17},"spectral_energy":{"dmean":0.0059173181653,"dmean2":0.00869516283274,"dvar":0.0000758352398407,"dvar2":0.000147677521454,"max":0.0990256294608,"mean":0.0175849739462,"median":0.0142416488379,"min":1.05445268638e-20,"var":0.000195903310669},"spectral_energyband_high":{"dmean":0.000397580879508,"dmean2":0.000552599551156,"dvar":5.08223195084e-7,"dvar2":9.66281277215e-7,"max":0.0148265408352,"mean":0.00106038653757,"median":0.000639877165668,"min":7.59251312804e-21,"var":0.00000159298974722},"spectral_energyband_low":{"dmean":0.00428696768358,"dmean2":0.00655593909323,"dvar":0.0000668344364385,"dvar2":0.000136006608955,"max":0.0832480341196,"mean":0.00656982511282,"median":0.00355357513763,"min":9.537206544e-23,"var":0.0000945457650232},"spectral_energyband_middle_high":{"dmean":0.00193793559447,"dmean2":0.00291051669046,"dvar":0.00000885745066626,"dvar2":0.0000192570478248,"max":0.0538667961955,"mean":0.00663725100458,"median":0.0041865343228,"min":1.45444968485e-21,"var":0.0000476797831652},"spectral_energyband_middle_low":{"dmean":0.00188470748253,"dmean2":0.00302852806635,"dvar":0.0000108657559394,"dvar2":0.0000269995216513,"max":0.0423815250397,"mean":0.00420183036476,"median":0.00329556595534,"min":4.09503678621e-22,"var":0.0000170433431776},"spectral_entropy":{"dmean":0.101482734084,"dmean2":0.14697112143,"dvar":0.0101993950084,"dvar2":0.0195473115891,"max":9.79529476166,"mean":7.88073396683,"median":7.87073421478,"min":6.83765125275,"var":0.0569921806455},"spectral_flux":{"dmean":0.0192978717387,"dmean2":0.0300570577383,"dvar":0.000574050063733,"dvar2":0.00121255940758,"max":0.263570576906,"mean":0.0746114552021,"median":0.0695098415017,"min":1.02686546766e-10,"var":0.00165370549075},"spectral_kurtosis":{"dmean":1.20293974876,"dmean2":2.00920891762,"dvar":1.68850457668,"dvar2":4.91252565384,"max":18.1964569092,"mean":4.45787382126,"median":4.1854763031,"min":-1.21114695072,"var":4.35222768784},"spectral_rms":{"dmean":0.00063373753801,"dmean2":0.000911403039936,"dvar":6.10093195519e-7,"dvar2":0.00000109240329493,"max":0.00982905738056,"mean":0.00379671645351,"median":0.00372750451788,"min":3.20738878165e-12,"var":0.00000274112289844},"spectral_rolloff":{"dmean":624.764831543,"dmean2":1010.19781494,"dvar":704627.1875,"dvar2":1494074.375,"max":19487.5488281,"mean":2816.03686523,"median":2820.84960938,"min":64.599609375,"var":2078614.25},"spectral_skewness":{"dmean":0.171767920256,"dmean2":0.273692667484,"dvar":0.0299479737878,"dvar2":0.0724195763469,"max":2.72642016411,"mean":1.28456711769,"median":1.27231192589,"min":-0.122458964586,"var":0.124383345246},"spectral_spread":{"dmean":508042.71875,"dmean2":658345.0625,"dvar":528296804352,"dvar2":687243853824,"max":41119712,"mean":4053639.25,"median":3839639.5,"min":1623269.75,"var":2014015127550},"spectral_strongpeak":{"dmean":0.696672618389,"dmean2":1.20183086395,"dvar":1.89981138706,"dvar2":4.92408466339,"max":15.6309204102,"mean":0.874834299088,"median":0.213936775923,"min":0,"var":2.64099550247},"zerocrossingrate":{"dmean":0.0129178483039,"dmean2":0.0145994890481,"dvar":0.00017070035392,"dvar2":0.000196886816411,"max":0.51611328125,"mean":0.0943613052368,"median":0.091796875,"min":0.0078125,"var":0.00135523884092}},"metadata":{"audio_properties":{"analysis_sample_rate":44100,"bit_rate":320000,"codec":"mp3","downmix":"mix","equal_loudness":0,"length":225.384490967,"lossless":false,"md5_encoded":"d4eb75b81679488c55ee65b2da78d199","replay_gain":-13.116060257,"sample_rate":44100},"tags":{"acoustid_fingerprint":["AQADtEkSRVGmZEuGNHrRFmd0nEOYTxE0mS_yLD1-4-gzo9GVI3mEHGsSCaOYscXhcviEvDq-o2RTIf5KnMd3UEdfIhcPJrcGbcp4XJfBH1IyZkeoJotx5fgROyShvUZzIz9abDGeHxGtFrrKI-TxKHsw_0XVNRyay8gn6KmOPHhHNKKQ7NKRK_hfXFl-nDqOpuIR6cmKH6eKiyyJFhcvNBUNOVxC_GhCGyHJHE96_AjzrIF2xojoCJ0UfJKS4zn6B-d24UIPhzouRkIeQb2OlMdk5ceVUMcdovmOfhlTPLnx7QjTCdMNPcuR0_iJJzyuH66OZ3qxK_hxZOFZiEd15JKRe6OCnkLD5zi5pnigVqiuoNGMXAebksdDN9hzNKH4oU_IoB_8w2OmIZKa8LgiCeqRJZxQShmuo9KqEg1zDdee4TfyoFETBZobInuAOTvOXOj2wPnxLDp6Isd-6E6O2EXX5Gic4-LRD2F-PMvx7IcUcYoQ5sNfnMZj5ELhMegr5DhxKqHx_qhGJQ-aJzJy6M8QVjpc0FeNS1kUoX_Qd4afKAh1PMGOJ6OES8qDW1CUU8eXFzlKfJXBkNMGV0S5HR855Ap6H1qkH-8SpziuQ0tI9AliNaLwB0947MpkozlN4d2G8MdVA7l49MnRJMp23JJFhNfiw4ee8MiZdZh-PMcd2Cn4RMWV4--Qp2OhOE8R6sau4xp85ugP7sYjyR--INQLLeEy4esR-kKjMEuOmx3m5LiSGy6VIyf0PMhznAyaZz6K8zFeOcapSMdJXB8qMUgrLYR2n7g-I_-HM23wSyk8xcIVfIFrRE-SHol58MeVHWeOG72FMNcHPZGQJ8d9cE_RHWHqQI90I9eJE2HOqEEX5niIjx-aLgpCMiO-49Jx5yKaH7084ieeYWaWHDXMJkccrRfEPEirolyd4xfKP2i4LDHO44on9IyHKWmPB_zxH3mI60mhDz3hbhF6Hv-Rc0cn7mgYHo8W5NnR6BO0jjlyKTvO4HqRacw-6E4m5Npx4ka_GM2Dt0f-gsmHKwvOBJvgWEqMR8fDfYIWV7iQS-iXJ_BFGQ72F02VKMijYDfkZCZyKQ9-9MezCFP-4uCEhqGC6QuFjsqR69CRolXCMfiNf7gTCmmeQ48SRRRi8fiOo-kRPsePM0Uf4hnyookXfC-aPFoRPif0uwh9MfDpY1fgHE8WhKkY6BKRM8L1o1Jz_OhjPNmGB97xJDmNiyNO50iXCfr0Ix_OS7DmiByuzhquBz8ieYKWWUL-Yu44_PiVaAqsH7lyQ2akE7FDNFZ09BdCM0kV-BkJ3UeYKPHx7ByuL3Bu5CRuPNExZT--Iewy_AuOPtN0ND2OJzuamFFGhM8F6GOMJpJCwf-ITg9Oown_IHxXXLvQPCF6HhXCTAnD4YoDrbfQ7FB_4Ucb50gvHFOc4xTirdCySdGGLOeEsocv5FpwQTc8Zh9-Q8-PvMfhXDO6I9bcCR8PjT_8pcib4gi55MV3Qn-4Fc0oGdV4vMe1GuEPKpmDR8a5BDd-_Cp-4dIxz0docQmeQ93RDHUqoVbCCs2fQl_RHF185BGtoFT0Ib2R_6jF48d7hIuWDUav