{"lowlevel":{"average_loudness":0.82452493906,"barkbands":{"dmean":[0.00109006930143,0.00253614597023,0.000680480676237,0.000494746025652,0.000980444368906,0.000565584399737,0.000451756146504,0.000469378515845,0.000439212075435,0.00149992702063,0.00141718564555,0.0026090212632,0.00161164789461,0.0006188803236,0.000618880905677,0.000428749481216,0.000237957152422,0.000132131579448,0.0000581100030104,0.0000333689640684,0.0000135633790705,0.00000513516533829,0.00000258352474702,0.00000186549652881,0.000001892618684,0.00000293049697575,0.000380111159757],"dmean2":[0.00179400329944,0.00414044968784,0.00113809551112,0.000805502117146,0.00154324574396,0.000882296764757,0.000688463565893,0.000722978205886,0.000676510680933,0.00222385767847,0.00217500538565,0.0040191966109,0.00254120305181,0.000927687331568,0.000975327799097,0.000676805211697,0.000368581793737,0.000203081755899,0.0000879702565726,0.0000488162804686,0.0000199925234483,0.00000784208077675,0.00000412823601437,0.00000311580561174,0.00000315281363328,0.00000466098708785,0.000523356779013],"dvar":[0.00000232669049183,0.0000103633083199,0.00000115534044198,0.00000104273362922,0.00000684863471179,0.00000349526158061,0.00000226880888476,0.0000015616649307,7.18222963769e-7,0.0000136324961204,0.0000190651899175,0.0000313525015372,0.0000103883749034,0.00000397027361032,0.00000207344396586,7.88897125403e-7,2.57080984056e-7,1.00779899981e-7,1.54130912478e-8,4.60878579744e-9,7.30431271023e-10,7.96484683763e-11,1.83374340018e-11,9.63443994723e-12,9.52777960694e-12,1.99399542017e-11,5.17653575116e-7],"dvar2":[0.00000599171153226,0.0000259165462921,0.00000300992314806,0.00000237485164689,0.000015865172827,0.00000801864734967,0.00000494129335493,0.00000311889266413,0.00000155466375418,0.000026176803658,0.0000372070971935,0.0000742662523407,0.0000244678594754,0.00000638582696411,0.00000498909957969,0.00000196434757527,6.27620465821e-7,2.48559388183e-7,3.62983421098e-8,1.01614903159e-8,1.5845295076e-9,1.6056535268e-10,4.13533270127e-11,2.46256400688e-11,2.42622068269e-11,4.55144186229e-11,0.00000100893964827],"max":[0.0198934562504,0.0467142686248,0.0213993005455,0.0348730012774,0.0680764615536,0.0485496222973,0.0545799359679,0.0304257832468,0.0236357506365,0.080427005887,0.105845540762,0.145951420069,0.0687836930156,0.151212319732,0.0353324860334,0.0313273444772,0.0186651982367,0.00899072922766,0.00610431563109,0.00249624554999,0.000943508814089,0.000340023019817,0.00012334814528,0.0000482950927108,0.000053513009334,0.000128045256133,0.0473737902939],"mean":[0.00172160367947,0.00460733985528,0.000858656188939,0.000692350207828,0.00162826501764,0.000931512156967,0.000685290666297,0.000674736627843,0.000752604566514,0.00246637058444,0.0021124787163,0.00427758460864,0.00254782522097,0.0011811243603,0.0010427061934,0.000770316633862,0.000453583925264,0.000250530400081,0.000118008174468,0.0000670693334541,0.000025120760256,0.00000901347721083,0.00000386560896004,0.00000200339695766,0.0000020101588234,0.00000435727497461,0.00113978318404],"median":[0.000950429472141,0.00322683691047,0.000450365419965,0.000286030641291,0.000716502196155,0.000328816327965,0.000208972167457,0.000182936084457,0.000367000233382,0.000459850649349,0.000503145798575,0.00164763559587,0.00109808379784,0.000407905812608,0.000409358559409,0.000376179261366,0.000236522202613,0.000113241636427,0.0000523609851371,0.0000298534032481,0.0000107042642412,0.00000408712685385,0.00000186455554285,8.34062007016e-7,8.43251598326e-7,0.00000232947786571,0.000598657934461],"min":[2.35022994464e-23,1.99832193472e-23,3.77861186603e-23,2.33464867959e-23,1.36027451073e-23,4.71325205772e-23,3.12796412457e-23,1.08517094517e-22,9.06474197064e-23,7.77762200264e-23,6.15134107032e-23,6.70060724814e-23,8.43651018512e-23,5.19279902429e-23,1.58783664808e-22,1.49549461e-22,1.94053055279e-22,2.3862537512e-22,3.86515211614e-22,1.56450113276e-22,4.69663700623e-22,9.86282421808e-22,5.16155047678e-22,7.79941299142e-22,1.31895271434e-21,1.70046119618e-21,2.38161635979e-21],"var":[0.00000403249805458,0.0000225070652959,0.00000156650321514,0.00000201744842343,0.000011475564861,0.00000680502353134,0.00000379542211704,0.00000298810527966,0.00000163755578342,0.0000376672833227,0.0000410442517023,0.0000633744712104,0.000019329285351,0.0000225015173783,0.00000440358599008,0.00000166184565842,5.35651793143e-7,2.0441386539e-7,5.01961494592e-8,1.51999923759e-8,2.1338191214e-9,2.65438671043e-10,4.5118502684e-11,1.09256466721e-11,1.06436439523e-11,4.59174469281e-11,0.00000378410391022]},"barkbands_crest":{"dmean":2.7186729908,"dmean2":4.33908033371,"dvar":6.02373409271,"dvar2":13.8238840103,"max":26.4836654663,"mean":9.43891143799,"median":8.3338394165,"min":2.45328617096,"var":18.5039730072},"barkbands_flatness_db":{"dmean":0.0234047602862,"dmean2":0.0358303040266,"dvar":0.000404435093515,"dvar2":0.000900461513083,"max":0.463095933199,"mean":0.141444787383,"median":0.136495247483,"min":0.0341269038618,"var":0.00163253082428},"barkbands_kurtosis":{"dmean":2.30980968475,"dmean2":3.58318924904,"dvar":31.9471969604,"dvar2":61.791343689,"max":308.372406006,"mean":3.63042593002,"median":1.36503696442,"min":-1.82794392109,"var":103.836273193},"barkbands_skewness":{"dmean":0.462713390589,"dmean2":0.712315142155,"dvar":0.257916718721,"dvar2":0.548323214054,"max":15.3483581543,"mean":1.09622955322,"median":0.854333817959,"min":-2.5908498764,"var":1.23897612095},"barkbands_spread":{"dmean":7.54424571991,"dmean2":11.5117235184,"dvar":60.3965568542,"dvar2":134.161178589,"max":125.146514893,"mean":32.5882873535,"median":30.672504425,"min":0.33040151,"var":290.299621582},"dissonance":{"dmean":0.0234331153333,"dmean2":0.0399286933243,"dvar":0.000786628923379,"dvar2":0.00218054885045,"max":0.499952226877,"mean":0.467418700457,"median":0.478606849909,"min":0.223220035434,"var":0.00113855872769},"dynamic_complexity":3.93881011009,"erbbands":{"dmean":[0.121404625475,0.435452282429,0.727071464062,1.14453160763,2.48909330368,3.38892865181,4.96970129013,4.33493280411,6.24437665939,7.44996547699,9.98298454285,10.8991966248,19.7676353455,58.9414100647,85.2645568848,81.0258331299,75.0643844604,42.0385398865,31.7158470154,22.5333423615,17.4077224731,13.6051225662,7.67706489563,4.10792064667,2.32299089432,1.51755416393,0.827440500259,0.374758660793,0.198814153671,0.114587105811,0.0691613182425,0.0429726168513,0.0296575948596,0.0207721740007,0.0137190939859,0.00843701139092,0.00567271048203,0.00761235877872,0.0168836247176,0.0098827695474],"dmean2":[0.196851089597,0.717987120152,1.21260404587,1.8445584774,3.98141932487,5.37942266464,7.74492692947,6.81161546707,9.46487903595,11.4745264053,15.4348974228,16.5762882233,29.7573661804,87.1014633179,130.598907471,124.409347534,118.684173584,62.3422813416,49.7882080078,35.1227264404,26.8388538361,21.056646347,11.5899200439,6.26893424988,3.38130736351,2.20254063606,1.21098303795,0.556471288204,0.301973313093,0.179645940661,0.110884204507,0.0712153241038,0.0496294051409,0.0346520580351,0.0228282753378,0.0139839211479,0.00897624157369,0.0104897180572,0.0217192582786,0.0132888061926],"dvar":[0.0243977513164,0.359321117401,1.27031648159,4.24707365036,34.0762481689,121.084854126,271.887115479,230.164016724,458.716918945,352.949645996,628.390930176,460.604675293,2553.66796875,20180.4746094,43437.65625,21591.8886719,25082.6152344,14822.2001953,6271.95654297,1868.33032227,1280.02514648,994.751525879,347.7550354,82.445854187,19.0341072083,9.08063983917,2.66585373878,0.510326862335,0.133598402143,0.0382572226226,0.013179696165,0.0050028078258,0.00247567379847,0.00117651990149,0.000490372884087,0.000174997025169,0.0000739792740205,0.000203966425033,0.00102063687518,0.000278159277514],"dvar2":[0.0594094581902,0.922968626022,3.24916887283,9.58664035797,74.3298034668,277.622589111,617.252441406,566.49005127,912.421264648,766.948242188,1298.86450195,979.178039551,5192.13134766,39967.9257812,99758.796875,49564.3007812,59784.7617188,24931.8164062,15282.4755859,4336.07421875,3051.31567383,2424.22509766,828.655822754,200.452407837,41.8279151917,19.5366783142,5.70256519318,1.05524909496,0.282572120428,0.0846097320318,0.0297797732055,0.0126429041848,0.00632426980883,0.00299998535775,0.00124687759671,0.000443921482656,0.000166872647242,0.000349334441125,0.00162204867229,0.000489589059725],"max":[1.78040266037,9.71376895905,17.0015029907,82.8012924194,230.907302856,331.915893555,423.361419678,571.712402344,957.289916992,389.783721924,647.777099609,514.475585938,1397.34973145,3282.21435547,3927.38671875,3365.37304688,3583.69116211,8993.82226562,2146.69140625,1016.83325195,1496.96679688,1255.53991699,528.881958008,437.660491943,179.451339722,122.454780579,51.5089874268,31.0788040161,16.3866100311,5.50523281097,3.2208840847,1.21040856838,0.78763628006,0.57175552845,0.397137880325,0.263085454702,0.268743008375,0.657264649868,1.68273222446,0.990152895451],"mean":[0.217135429382,0.71328240633,1.02174139023,1.70746934414,3.59931850433,5.36930656433,7.87411785126,7.20188379288,9.94849014282,11.6893777847,15.4265003204,19.6681480408,33.8037834167,100.872238159,139.903335571,147.295410156,123.579406738,82.4960021973,55.246761322,43.9088783264,35.8517875671,27.0507926941,15.602057457,8.49203872681,4.83634614944,3.03654694557,1.59349370003,0.699678957462,0.353312343359,0.18995501101,0.100386194885,0.0508227720857,0.0307560469955,0.0218139104545,0.0147747835144,0.0094403186813,0.00870071537793,0.0163192693144,0.0429489724338,0.0345593094826],"median":[0.12902776897,0.523086845875,0.624508738518,0.850589632988,1.57268202305,2.02010154724,2.58205008507,2.56035804749,3.08840513229,3.38169932365,5.84014511108,9.60444831848,10.7863922119,23.6282539368,42.5406723022,72.08228302,58.306388855,30.4649505615,21.6266746521,22.9759578705,18.3901844025,14.4528636932,7.75473403931,3.90262913704,2.14901590347,1.30216276646,0.694940149784,0.308745324612,0.160501673818,0.0889595150948,0.0481900312006,0.0225993730128,0.0122769186273,0.00904911663383,0.00631962623447,0.00428593717515,0.00464934157208,0.00733728194609,0.0184575263411,0.0214765761048],"min":[7.91286153944e-22,4.32783562207e-21,3.39727084232e-20,5.54253661911e-20,7.15410869586e-20,2.52035567232e-20,3.58333814177e-19,2.67849069807e-19,3.34949082218e-19,1.55527263914e-18,1.99234867096e-18,1.89926975894e-18,2.72213062754e-18,2.85983572681e-18,2.06892264142e-18,2.92120115453e-18,3.96363773712e-18,2.70597310184e-18,4.24551317932e-18,1.1350583946e-17,7.32115474448e-18,1.05436924195e-17,1.24862673583e-17,1.87224903569e-17,1.55316097112e-17,9.06520302751e-18,1.69233874139e-17,1.86430925987e-17,3.33124757091e-17,2.85503075871e-17,1.3496570042e-17,1.38668028493e-17,1.40024687415e-17,1.27480989734e-17,1.0983187541e-17,6.09311578964e-18,3.0394122951e-18,1.17813483829e-18,3.39614897861e-19,3.61028729839e-20],"var":[0.0575551688671,0.599886834621,1.80585336685,8.20360183716,72.4894332886,183.669921875,469.766998291,439.763366699,899.70526123,696.017578125,1145.98352051,1168.37219238,6728.81787109,55759.2382812,87641.734375,54897.1640625,45583.546875,80598.6328125,12755.2900391,4255.48388672,3576.79223633,2046.44628906,747.960083008,243.312606812,75.477897644,30.2671661377,8.06472873688,1.6315844059,0.416310012341,0.111842535436,0.0295930169523,0.00672081485391,0.00268644466996,0.00129570392892,0.000555611739401,0.000207907287404,0.000185226061149,0.000920214166399,0.00609189085662,0.00223318557255]},"erbbands_crest":{"dmean":3.12192702293,"dmean2":5.02650022507,"dvar":8.30593967438,"dvar2":19.6098251343,"max":34.0524024963,"mean":11.3869714737,"median":9.99827098846,"min":3.11262536049,"var":29.2807655334},"erbbands_flatness_db":{"dmean":0.0267925392836,"dmean2":0.040406730026,"dvar":0.000525222858414,"dvar2":0.00116009416524,"max":0.44496062398,"mean":0.202257469296,"median":0.198898807168,"min":0.0463671423495,"var":0.00303377117962},"erbbands_kurtosis":{"dmean":1.84487521648,"dmean2":2.81640028954,"dvar":8.52594661713,"dvar2":17.8741607666,"max":139.064453125,"mean":3.10081601143,"median":1.81911611557,"min":-1.69162070751,"var":27.9066238403},"erbbands_skewness":{"dmean":0.406128764153,"dmean2":0.619473218918,"dvar":0.152597472072,"dvar2":0.33370962739,"max":5.71598052979,"mean":-0.233942300081,"median":-0.349112093449,"min":-4.00443887711,"var":0.731891393661},"erbbands_spread":{"dmean":3.87473630905,"dmean2":5.92779064178,"dvar":15.6307449341,"dvar2":35.945186615,"max":76.6020965576,"mean":15.4152927399,"median":13.1836242676,"min":0.525468349457,"var":90.3710861206},"gfcc":{"cov":[[13027.7880859,1414.12145996,-869.267944336,-725.845397949,442.137969971,-273.272857666,192.024887085,-170.339096069,38.8195991516,-172.332733154,120.629257202,-22.3134479523,114.202064514],[1414.12145996,806.254272461,-45.6153144836,-187.746063232,133.920761108,-133.908493042,28.785243988,-79.6156387329,24.224149704,-50.0382537842,39.3098449707,-4.46923923492,29.5700302124],[-869.267944336,-45.6153144836,460.158599854,258.64666748,-129.350265503,49.6648674011,-120.83065033,89.9347686768,-42.009098053,42.7255172729,-15.625995636,9.51526165009,-15.4553451538],[-725.845397949,-187.746063232,258.64666748,365.552368164,48.5968322754,-54.4037704468,-10.3570604324,2.05380392075,8.36135196686,11.6073713303,-22.2435741425,11.3722305298,-40.1056060791],[442.137969971,133.920761108,-129.350265503,48.5968322754,287.394165039,-26.2266254425,90.1206817627,-58.4048309326,45.1131858826,-20.3936786652,15.1319417953,-2.07492136955,10.4910917282],[-273.272857666,-133.908493042,49.6648674011,-54.4037704468,-26.2266254425,290.114776611,-21.0046920776,87.8310241699,-42.1532974243,29.5055656433,8.14716053009,3.32558178902,38.1026000977],[192.024887085,28.785243988,-120.83065033,-10.3570604324,90.1206817627,-21.0046920776,245.445877075,-4.72122955322,53.6679763794,-13.6690187454,4.32139015198,18.1467952728,-7.27983522415],[-170.339096069,-79.6156387329,89.9347686768,2.05380392075,-58.4048309326,87.8310241699,-4.72122955322,153.030181885,31.8803882599,31.3307495117,-2.33338117599,-2.83000063896,22.8838100433],[38.8195991516,24.224149704,-42.009098053,8.36135196686,45.1131858826,-42.1532974243,53.6679763794,31.8803882599,115.977394104,52.6005859375,14.7970819473,-6.168009758,-6.6097111702],[-172.332733154,-50.0382537842,42.7255172729,11.6073713303,-20.3936786652,29.5055656433,-13.6690187454,31.3307495117,52.6005859375,98.759437561,42.2947502136,-1.61721467972,-8.9087600708],[120.629257202,39.3098449707,-15.625995636,-22.2435741425,15.1319417953,8.14716053009,4.32139015198,-2.33338117599,14.7970819473,42.2947502136,71.8677978516,33.8566131592,10.5884771347],[-22.3134479523,-4.46923923492,9.51526165009,11.3722305298,-2.07492136955,3.32558178902,18.1467952728,-2.83000063896,-6.168009758,-1.61721467972,33.8566131592,70.5348587036,35.1936149597],[114.202064514,29.5700302124,-15.4553451538,-40.1056060791,10.4910917282,38.1026000977,-7.27983522415,22.8838100433,-6.6097111702,-8.9087600708,10.5884771347,35.1936149597,76.8424072266]],"icov":[[0.000118102718261,-0.000360970414476,0.000603379914537,-0.000393183843698,0.000142087126733,-0.0000168422375282,0.0000659523284412,-0.000366782071069,0.000406722712796,-0.000272264063824,0.0000527741431142,-0.0000211377973756,-0.0000102107715065],[-0.000360970414476,0.00822025723755,-0.0140350656584,0.0139214014634,-0.00712523376569,0.0037538104225,-0.00178725703154,0.00680196564645,-0.00826338212937,0.0105172591284,-0.00753759453073,0.00440524285659,-0.00173773965798],[0.000603379914537,-0.0140350656584,0.0320689193904,-0.0298182740808,0.0147119713947,-0.00652597984299,0.00475189881399,-0.0153112942353,0.0180191267282,-0.0211364161223,0.0133348219097,-0.00786735117435,0.00249392725527],[-0.000393183843698,0.0139214014634,-0.0298182740808,0.0328977182508,-0.0167831331491,0.00814478844404,-0.00341821485199,0.0120129557326,-0.0144504774362,0.0165413822979,-0.00806177500635,0.00217679142952,0.00153989600949],[0.000142087126733,-0.00712523376569,0.0147119713947,-0.0167831331491,0.0142750898376,-0.00557628506795,0.000421648088377,-0.00252181617543,0.00265971245244,-0.00413803057745,0.000481550814584,0.00218074489385,-0.00297877658159],[-0.0000168422375282,0.0037538104225,-0.00652597984299,0.00814478844404,-0.00557628506795,0.00850718095899,-0.0014402072411,-0.00154870923143,0.00320444302633,-0.00109868613072,-0.000982420169748,0.00120940536726,-0.00188364030328],[0.0000659523284412,-0.00178725703154,0.00475189881399,-0.00341821485199,0.000421648088377,-0.0014402072411,0.00669302651659,-0.00269341515377,-0.000848546857014,-0.000721519638319,0.00297863734886,-0.00530759990215,0.00371799548157],[-0.000366782071069,0.00680196564645,-0.0153112942353,0.0120129557326,-0.00252181617543,-0.00154870923143,-0.00269341515377,0.020058427006,-0.0163590814918,0.013065436855,-0.00834846962243,0.00801560934633,-0.00641167536378],[0.000406722712796,-0.00826338212937,0.0180191267282,-0.0144504774362,0.00265971245244,0.00320444302633,-0.000848546857014,-0.0163590814918,0.0339554287493,-0.0294472575188,0.0152489040047,-0.00710905296728,0.0021583668422],[-0.000272264063824,0.0105172591284,-0.0211364161223,0.0165413822979,-0.00413803057745,-0.00109868613072,-0.000721519638319,0.013065436855,-0.0294472575188,0.0470377914608,-0.0324206128716,0.0166387204081,-0.00234267115593],[0.0000527741431142,-0.00753759453073,0.0133348219097,-0.00806177500635,0.000481550814584,-0.000982420169748,0.00297863734886,-0.00834846962243,0.0152489040047,-0.0324206128716,0.045546989888,-0.027426706627,0.00832452531904],[-0.0000211377973756,0.00440524285659,-0.00786735117435,0.00217679142952,0.00218074489385,0.00120940536726,-0.00530759990215,0.00801560934633,-0.00710905296728,0.0166387204081,-0.027426706627,0.0391176044941,-0.0187163259834],[-0.0000102107715065,-0.00173773965798,0.00249392725527,0.00153989600949,-0.00297877658159,-0.00188364030328,0.00371799548157,-0.00641167536378,0.0021583668422,-0.00234267115593,0.00832452531904,-0.0187163259834,0.0259441807866]],"mean":[-26.8711395264,100.873733521,-118.012428284,-24.1081829071,11.6956281662,-11.8106002808,5.16818189621,-16.9831314087,-4.84133863449,-11.7828216553,2.48944616318,-2.08184480667,-0.52382093668]},"hfc":{"dmean":66.8363494873,"dmean2":104.801185608,"dvar":5307.31982422,"dvar2":12798.7861328,"max":1309.3536377,"mean":227.064178467,"median":205.003662109,"min":1.17158090018e-16,"var":25560.8261719},"melbands":{"dmean":[0.00086941831978,0.000402135483455,0.000227828131756,0.000198843234102,0.000172149782884,0.000100269375253,0.0000954167335294,0.0000873191311257,0.0000819342312752,0.0000649800349493,0.00010487036343,0.000245212926529,0.000248068798101,0.00033499035635,0.000155097208335,0.000154005378135,0.000072850190918,0.0000477772773593,0.0000413204106735,0.0000340249971487,0.0000197101453523,0.000015814022845,0.0000102955473267,0.00000567796632822,0.00000348454659616,0.00000199009878088,0.00000150277071498,9.86292661764e-7,6.32426463198e-7,3.23304817584e-7,1.98109148641e-7,1.25710826637e-7,8.22222432362e-8,5.79490269104e-8,4.18055741136e-8,3.2459112731e-8,2.42744970791e-8,2.10190744809e-8,1.88063342677e-8,1.70654654852e-8],"dmean2":[0.00141657888889,0.000659952464048,0.000364744191756,0.000318427773891,0.000266560906311,0.000156819616677,0.000144405232277,0.000134708010592,0.000126976126921,0.0000990071202978,0.000158349706908,0.000364220584743,0.000377580785425,0.000516476051416,0.000249951437581,0.000239159344346,0.000108744003228,0.0000757231318858,0.0000657095879433,0.0000540763430763,0.000030799794331,0.0000249709046329,0.0000157959311764,0.00000887057922228,0.00000547411764273,0.00000301761042465,0.0000022631036245,0.00000148040078329,9.54966594691e-7,4.89586227559e-7,2.98999367487e-7,1.94435173739e-7,1.28752688511e-7,9.24727032725e-8,6.75821993923e-8,5.30661665721e-8,4.05586284558e-8,3.52044686736e-8,3.14268646662e-8,2.84545063067e-8],"dvar":[0.0000012050307987,3.4861596987e-7,1.82860190989e-7,2.49091243631e-7,3.14735302709e-7,1.1072565087e-7,1.06008997136e-7,4.88267595244e-8,3.44805144437e-8,1.54765498195e-8,7.38224983365e-8,3.69422537005e-7,5.13775148647e-7,5.64920583201e-7,6.72563729154e-8,1.25282753061e-7,5.33975992312e-8,1.4671655002e-8,8.47796055581e-9,5.12108311312e-9,1.91098692426e-9,1.27184573984e-9,6.62118193606e-10,1.51979540064e-10,6.93919990913e-11,1.57385753735e-11,1.01248410697e-11,3.9654573028e-12,1.64086712967e-12,4.69856141841e-13,1.38281381246e-13,6.18614588808e-14,1.97697811762e-14,1.01423996155e-14,5.18291794777e-15,2.89685437368e-15,1.64450642028e-15,1.25036356696e-15,9.82486962168e-16,7.891177577e-16],"dvar2":[0.00000298217150885,8.74601937539e-7,4.09887860542e-7,5.46153785308e-7,7.33856040824e-7,2.63721290139e-7,2.18174989186e-7,1.01192206614e-7,7.23657009871e-8,3.28076552591e-8,1.51555525463e-7,7.25363236143e-7,0.00000105478306978,0.0000013322896848,1.69134040107e-7,2.80425581423e-7,9.00828922568e-8,3.58465328532e-8,2.03513010888e-8,1.2863032417e-8,4.42552616775e-9,3.17564130548e-9,1.59084823093e-9,3.72159025819e-10,1.73001044046e-10,3.81634862601e-11,2.43799719996e-11,8.87804673527e-12,3.69419685814e-12,1.12224097203e-12,2.86031208484e-13,1.42171593508e-13,4.41439182571e-14,2.33109345493e-14,1.18361698955e-14,7.01485963027e-15,4.19812864417e-15,3.194917221e-15,2.50704578794e-15,2.01163358127e-15],"max":[0.0134667614475,0.00955487973988,0.0123163377866,0.0160552393645,0.0152206504717,0.0113348187879,0.0130706094205,0.00503528490663,0.00439742812887,0.00277898763306,0.00715232081711,0.0141335781664,0.0172185264528,0.0198969766498,0.00561473798007,0.00867630727589,0.0176158566028,0.00323864398524,0.00237929169089,0.00246583041735,0.00216879090294,0.00131261325441,0.000814808940049,0.000324833672494,0.000406066305004,0.000135025984491,0.000130479354993,0.0000767151286709,0.0000372897848138,0.0000274337944575,0.0000140863312481,0.0000104787650343,0.00000382680946132,0.00000286262365989,0.00000198225143322,0.0000014283107248,6.119590239e-7,5.52375183815e-7,5.06895617036e-7,4.72335159429e-7],"mean":[0.00166596402414,0.00066792051075,0.000362603313988,0.00031061298796,0.000283799803583,0.000168173355632,0.000151563785039,0.000133481386001,0.000129685126012,0.000113454821985,0.00017040198145,0.000408169697039,0.000390710716601,0.000551023695152,0.000256394443568,0.000249493459705,0.000134730304126,0.0000782845017966,0.0000711198154022,0.0000571535456402,0.0000376660573238,0.0000290207462967,0.0000189432885236,0.0000106108900582,0.00000654711857351,0.00000383688347938,0.00000282488008452,0.00000181559130397,0.00000114855038191,5.68675545765e-7,3.42671455655e-7,2.12103856256e-7,1.35853952088e-7,9.06911381549e-8,5.95564451089e-8,4.25232329349e-8,2.61289390124e-8,2.14857056591e-8,1.94784774976e-8,1.79414936241e-8],"median":[0.00120216584764,0.000490313686896,0.000186873425264,0.000136441609357,0.0000923810148379,0.0000591804237047,0.0000460752125946,0.0000363046965504,0.0000532823760295,0.0000547267882212,0.0000481167626276,0.0000866846530698,0.000102004407381,0.000189608181245,0.000148268620251,0.0000982334458968,0.0000436064365203,0.0000286663362203,0.0000309493661916,0.0000272013257927,0.0000177661149792,0.000014741915038,0.00000954178631218,0.00000489018293592,0.00000286534827865,0.00000167792859429,0.00000121994207802,7.54229574795e-7,5.11305074724e-7,2.30806108448e-7,1.51560499262e-7,9.43146929444e-8,6.17654549728e-8,4.22371542186e-8,2.84540782047e-8,1.96866611901e-8,1.07424424911e-8,8.41647285199e-9,7.81911069225e-9,7.49099804409e-9],"min":[6.25085413802e-24,1.36466152399e-23,1.19984039745e-23,2.50855184341e-24,9.83830402301e-24,7.03361162642e-24,4.91874772029e-24,1.89664470602e-23,1.60898168599e-23,1.21816894949e-23,1.31218562883e-23,1.12384090675e-23,7.84051693598e-24,6.57311565072e-24,6.81807037242e-24,9.72252133023e-24,4.03381262872e-24,5.43572022035e-24,1.44110230348e-23,1.24160411372e-23,7.75037143376e-24,9.17062398575e-24,1.51885006772e-23,9.73226218469e-24,1.57773364336e-23,1.46646418159e-23,5.66547832558e-24,5.64838844293e-24,1.05743783008e-23,9.75765640609e-24,1.03416879995e-23,1.58745509184e-23,2.47469263174e-23,1.22226858073e-23,6.79931204896e-24,9.57367905463e-24,7.93387231323e-24,9.88124566639e-24,1.07761129112e-23,1.0585997433e-23],"var":[0.00000284178031507,5.48992431959e-7,3.937299482e-7,4.3177684006e-7,5.30991201231e-7,2.26747204124e-7,1.98209249902e-7,9.64522186564e-8,6.4957298207e-8,3.8317107709e-8,1.87277095165e-7,0.0000010165782669,0.00000107820289941,0.00000117229546959,1.11316722951e-7,2.44805221428e-7,2.94262889611e-7,2.78902572148e-8,1.79203603068e-8,9.10747743887e-9,4.94663687789e-9,2.36509722917e-9,1.27015142848e-9,3.38340799821e-10,1.70271352573e-10,4.8304325817e-11,3.00968867883e-11,1.09527829514e-11,4.22326453323e-12,1.19606982738e-12,3.9682818663e-13,1.61669668538e-13,5.68955079989e-14,2.66056182754e-14,1.09065774939e-14,5.18426727125e-15,1.89107008793e-15,1.34452260811e-15,1.0688858051e-15,8.71555609868e-16]},"melbands_crest":{"dmean":3.96819281578,"dmean2":6.37393093109,"dvar":11.9613485336,"dvar2":27.9327201843,"max":39.4296646118,"mean":14.6529474258,"median":13.5286054611,"min":2.36977171898,"var":40.3628807068},"melbands_flatness_db":{"dmean":0.0288387071341,"dmean2":0.044748660177,"dvar":0.000586727750488,"dvar2":0.00134447962046,"max":0.586275398731,"mean":0.238148793578,"median":0.235809713602,"min":0.00658147595823,"var":0.00245948904194},"melbands_kurtosis":{"dmean":2.6965212822,"dmean2":4.26013994217,"dvar":33.7678451538,"dvar2":76.7508468628,"max":178.465637207,"mean":3.0341823101,"median":0.154611349106,"min":-1.8960801363,"var":104.101333618},"melbands_skewness":{"dmean":0.606022357941,"dmean2":0.91954177618,"dvar":0.34853091836,"dvar2":0.764506161213,"max":12.8471975327,"mean":0.969680011272,"median":0.755819261074,"min":-4.55546426773,"var":2.2873005867},"melbands_spread":{"dmean":6.87135648727,"dmean2":10.6744117737,"dvar":51.5901107788,"dvar2":123.231140137,"max":143.363143921,"mean":30.3119888306,"median":30.4031848907,"min":0.473234564066,"var":204.8074646},"mfcc":{"cov":[[7298.88085938,1410.26428223,-814.614257812,144.537612915,-131.760559082,159.960479736,36.6216163635,125.488296509,27.2016601562,2.15224313736,-25.1265068054,33.4886665344,86.7849349976],[1410.26428223,1111.41149902,-230.541931152,25.9874820709,13.8266534805,20.4827537537,15.9553203583,4.81435251236,2.84577918053,-32.013885498,-9.92824268341,18.6575202942,31.0862503052],[-814.614257812,-230.541931152,582.71673584,9.35091018677,51.2519569397,-81.6010360718,-21.4662189484,-30.4261722565,-24.6654911041,-12.6337242126,8.85146808624,7.13007116318,-25.8443145752],[144.537612915,25.9874820709,9.35091018677,452.465454102,32.0887451172,17.9304561615,-41.5074996948,8.6332025528,-20.4899520874,-4.22149658203,23.0281505585,3.69160795212,-5.13060522079],[-131.760559082,13.8266534805,51.2519569397,32.0887451172,218.03918457,33.3935852051,5.55601596832,-19.7291049957,1.67726194859,-10.1904468536,0.604992687702,21.5392284393,-5.59904575348],[159.960479736,20.4827537537,-81.6010360718,17.9304561615,33.3935852051,138.906768799,59.7912979126,18.2577152252,-0.956310391426,8.09437847137,-0.933729827404,-1.04648303986,12.6350412369],[36.6216163635,15.9553203583,-21.4662189484,-41.5074996948,5.55601596832,59.7912979126,113.706611633,56.4827346802,18.7469406128,-1.15330576897,-8.47185707092,-2.52042984962,8.3887424469],[125.488296509,4.81435251236,-30.4261722565,8.6332025528,-19.7291049957,18.2577152252,56.4827346802,99.7866210938,50.096321106,4.36496543884,-14.3422622681,-8.074010849,10.1405029297],[27.2016601562,2.84577918053,-24.6654911041,-20.4899520874,1.67726194859,-0.956310391426,18.7469406128,50.096321106,87.0660018921,50.2451972961,6.68230676651,-5.06058883667,4.17350101471],[2.15224313736,-32.013885498,-12.6337242126,-4.22149658203,-10.1904468536,8.09437847137,-1.15330576897,4.36496543884,50.2451972961,91.7874450684,53.0564308167,8.71795940399,-1.64157497883],[-25.1265068054,-9.92824268341,8.85146808624,23.0281505585,0.604992687702,-0.933729827404,-8.47185707092,-14.3422622681,6.68230676651,53.0564308167,80.4443511963,43.6379165649,3.79266738892],[33.4886665344,18.6575202942,7.13007116318,3.69160795212,21.5392284393,-1.04648303986,-2.52042984962,-8.074010849,-5.06058883667,8.71795940399,43.6379165649,67.9054489136,32.8971099854],[86.7849349976,31.0862503052,-25.8443145752,-5.13060522079,-5.59904575348,12.6350412369,8.3887424469,10.1405029297,4.17350101471,-1.64157497883,3.79266738892,32.8971099854,60.9849815369]],"icov":[[0.000215972671867,-0.000243721733568,0.000169487349922,-0.0000366556414519,0.000109114524093,-0.000158737195306,0.000222531176405,-0.000419305142714,0.000350385234924,-0.000417010276578,0.000421377539169,-0.000378680852009,0.000110514258267],[-0.000243721733568,0.00130263646133,0.000249471835559,-0.0000730901520001,-0.000211893726373,0.000374000897864,-0.000581150350627,0.000947805761825,-0.000997404102236,0.0013495401945,-0.000807574193459,0.000393342779716,-0.000449573708465],[0.000169487349922,0.000249471835559,0.00236597051844,-0.000163916425663,-0.000650516070891,0.00162726221606,-0.000701600220054,-0.0000251160108746,0.000946154468693,-0.000427761318861,0.000239923057961,-0.000448041915661,0.000474831671454],[-0.0000366556414519,-0.0000730901520001,-0.000163916425663,0.00276649114676,-0.000671896734275,-0.000963130325545,0.0024365792051,-0.00250572548248,0.0014193856623,0.000734405824915,-0.00248573068529,0.00167673733085,-0.00035521981772],[0.000109114524093,-0.000211893726373,-0.000650516070891,-0.000671896734275,0.00636114180088,-0.00264227809384,-0.000393457128666,0.00324883242138,-0.00405687279999,0.00185522960965,0.00263970787637,-0.00544539792463,0.00336670945399],[-0.000158737195306,0.000374000897864,0.00162726221606,-0.000963130325545,-0.00264227809384,0.0127494577318,-0.0073882676661,0.000685004401021,0.0045575867407,-0.00466120801866,0.00112043251283,0.00245123472996,-0.00316716032103],[0.000222531176405,-0.000581150350627,-0.000701600220054,0.0024365792051,-0.000393457128666,-0.0073882676661,0.0186246838421,-0.0115495817736,0.00258396985009,0.000701405340806,-0.00159431667998,0.000158389011631,0.000596122641582],[-0.000419305142714,0.000947805761825,-0.0000251160108746,-0.00250572548248,0.00324883242138,0.000685004401021,-0.0115495817736,0.0270752310753,-0.0193441100419,0.0101666171104,-0.000957815209404,0.000419244577643,-0.0014339821646],[0.000350385234924,-0.000997404102236,0.000946154468693,0.0014193856623,-0.00405687279999,0.0045575867407,0.00258396985009,-0.0193441100419,0.0379063524306,-0.0283675976098,0.013526792638,-0.00286862067878,-0.000576990947593],[-0.000417010276578,0.0013495401945,-0.000427761318861,0.000734405824915,0.00185522960965,-0.00466120801866,0.000701405340806,0.0101666171104,-0.0283675976098,0.0457534119487,-0.0354593023658,0.0176357384771,-0.00500000594184],[0.000421377539169,-0.000807574193459,0.000239923057961,-0.00248573068529,0.00263970787637,0.00112043251283,-0.00159431667998,-0.000957815209404,0.013526792638,-0.0354593023658,0.055001873523,-0.0380840413272,0.0153362452984],[-0.000378680852009,0.000393342779716,-0.000448041915661,0.00167673733085,-0.00544539792463,0.00245123472996,0.000158389011631,0.000419244577643,-0.00286862067878,0.0176357384771,-0.0380840413272,0.0507633388042,-0.0251534953713],[0.000110514258267,-0.000449573708465,0.000474831671454,-0.00035521981772,0.00336670945399,-0.00316716032103,0.000596122641582,-0.0014339821646,-0.000576990947593,-0.00500000594184,0.0153362452984,-0.0251534953713,0.0302821137011]],"mean":[-686.234191895,175.221115112,-55.8857383728,13.1307268143,9.32854557037,16.5751876831,13.2956933975,9.2885351181,1.24700987339,-2.19844007492,-0.0631950721145,5.15313196182,5.68189191818]},"pitch_salience":{"dmean":0.0742756277323,"dmean2":0.11748687923,"dvar":0.00406880211085,"dvar2":0.00953103881329,"max":0.821596264839,"mean":0.521273910999,"median":0.529196918011,"min":0.0253539904952,"var":0.0147271566093},"silence_rate_20dB":{"dmean":0,"dmean2":0,"dvar":0,"dvar2":0,"max":1,"mean":1,"median":1,"min":1,"var":0},"silence_rate_30dB":{"dmean":0.00852651242167,"dmean2":0.0170552972704,"dvar":0.00845368020236,"dvar2":0.0202288292348,"max":1,"mean":0.990009307861,"median":1,"min":0,"var":0.00989066436887},"silence_rate_60dB":{"dmean":0.00879296567291,"dmean2":0.0175882745534,"dvar":0.00871490407735,"dvar2":0.0207435376942,"max":1,"mean":0.0531503930688,"median":0,"min":0,"var":0.0503235720098},"spectral_centroid":{"dmean":153.705352783,"dmean2":230.659194946,"dvar":32409.7871094,"dvar2":58718.265625,"max":10965.8681641,"mean":1340.97973633,"median":1296.63781738,"min":170.913879395,"var":225032.046875},"spectral_complexity":{"dmean":3.35838007927,"dmean2":4.8687543869,"dvar":9.33940410614,"dvar2":17.3339233398,"max":58,"mean":20.6443328857,"median":21,"min":0,"var":89.0556640625},"spectral_contrast_coeffs":{"dmean":[0.0499556660652,0.0468531250954,0.0436871051788,0.0321841053665,0.0223114639521,0.041414886713],"dmean2":[0.082270257175,0.0762356892228,0.0702175945044,0.0526811219752,0.0358720235527,0.0662791281939],"dvar":[0.00162575615104,0.00142480107024,0.00130234111566,0.000661962723825,0.00036024604924,0.00142285181209],"dvar2":[0.00431819399819,0.00373286637478,0.00317207793705,0.00170132739004,0.000860748754349,0.0034625090193],"max":[-0.279272168875,-0.463725686073,-0.488556325436,-0.556189417839,-0.473308205605,-0.469172030687],"mean":[-0.72397851944,-0.781542420387,-0.754491150379,-0.77695953846,-0.792852520943,-0.78382641077],"median":[-0.731043577194,-0.789170861244,-0.764933824539,-0.781063199043,-0.795085310936,-0.79471296072],"min":[-0.96625483036,-0.973149240017,-0.963887214661,-0.963623762131,-0.964290201664,-0.959637582302],"var":[0.00640936568379,0.00449320208281,0.00600150646642,0.00273375026882,0.00160569639411,0.00336258369498]},"spectral_contrast_valleys":{"dmean":[0.38980036974,0.362531721592,0.322629034519,0.247551769018,0.264950305223,0.651998758316],"dmean2":[0.640622138977,0.578954577446,0.500799000263,0.378757804632,0.377245515585,1.06672382355],"dvar":[0.115638457239,0.103383623064,0.0882972478867,0.0587205663323,0.081724435091,0.32773026824],"dvar2":[0.267258793116,0.22194686532,0.170423403382,0.101925812662,0.131552949548,0.810108065605],"max":[-5.39642810822,-5.03298997879,-4.97621250153,-5.31377601624,-5.5682053566,-9.13941383362],"mean":[-7.26816606522,-6.95840358734,-6.8605389595,-7.07851076126,-7.7908000946,-11.4007205963],"median":[-6.99407625198,-6.75673961639,-6.64268875122,-6.86071634293,-7.68513441086,-11.2591953278],"min":[-27.3743171692,-27.1435546875,-27.250421524,-27.259103775,-27.0633602142,-27.1827259064],"var":[1.51985645294,1.50143682957,1.60628938675,1.51397359371,1.21621358395,1.21754980087]},"spectral_decrease":{"dmean":1.81617032524e-9,"dmean2":2.72797828771e-9,"dvar":4.79530208218e-18,"dvar2":1.08960043588e-17,"max":3.76589515128e-9,"mean":-4.44128378518e-9,"median":-3.55842999511e-9,"min":-3.43278472315e-8,"var":1.62042746397e-17},"spectral_energy":{"dmean":0.00985972862691,"dmean2":0.014665003866,"dvar":0.000113637186587,"dvar2":0.000255642720731,"max":0.193257063627,"mean":0.0373577624559,"median":0.0337509997189,"min":1.08203964448e-20,"var":0.000609000504483},"spectral_energyband_high":{"dmean":0.00030032399809,"dmean2":0.000399893906433,"dvar":2.99539578918e-7,"dvar2":5.0863911838e-7,"max":0.0281717721373,"mean":0.000825324095786,"median":0.00040020380402,"min":8.01544072016e-21,"var":0.0000019055547682},"spectral_energyband_low":{"dmean":0.00325022870675,"dmean2":0.0052483282052,"dvar":0.0000162384421856,"dvar2":0.0000402410369134,"max":0.0585401318967,"mean":0.00701401615515,"median":0.00582988839597,"min":6.61606155394e-23,"var":0.0000388471889892},"spectral_energyband_middle_high":{"dmean":0.00553990947083,"dmean2":0.00803823210299,"dvar":0.000072073940828,"dvar2":0.00016025234072,"max":0.155454799533,"mean":0.0151338540018,"median":0.00949462223798,"min":1.51733126435e-21,"var":0.00027887232136},"spectral_energyband_middle_low":{"dmean":0.00234700343572,"dmean2":0.00347813987173,"dvar":0.0000162208943948,"dvar2":0.0000353189789166,"max":0.0810974165797,"mean":0.00566629553214,"median":0.00380232208408,"min":3.42564880198e-22,"var":0.000042818915972},"spectral_entropy":{"dmean":0.16004742682,"dmean2":0.237392947078,"dvar":0.0237318724394,"dvar2":0.0492390729487,"max":9.80678939819,"mean":7.38587093353,"median":7.42287731171,"min":4.22475910187,"var":0.119692653418},"spectral_flux":{"dmean":0.0227859448642,"dmean2":0.0356598459184,"dvar":0.000489777245093,"dvar2":0.00119625357911,"max":0.322369128466,"mean":0.0991306677461,"median":0.096067160368,"min":1.04021131986e-10,"var":0.00197807024233},"spectral_kurtosis":{"dmean":7.29610109329,"dmean2":11.7103509903,"dvar":51.1416130066,"dvar2":132.045150757,"max":123.501586914,"mean":31.6283493042,"median":30.3267593384,"min":-1.18546891212,"var":127.31047821},"spectral_rms":{"dmean":0.000782600836828,"dmean2":0.0011444396805,"dvar":5.43449800716e-7,"dvar2":0.00000114258273243,"max":0.013731113635,"mean":0.00563029386103,"median":0.00573827559128,"min":3.24907440362e-12,"var":0.00000474657235827},"spectral_rolloff":{"dmean":2367.68212891,"dmean2":4526.99511719,"dvar":32552192,"dvar2":77918688,"max":22050,"mean":18137.5234375,"median":21856.2011719,"min":21.533203125,"var":56212348},"spectral_skewness":{"dmean":0.4228951931,"dmean2":0.674903512001,"dvar":0.157060697675,"dvar2":0.392356157303,"max":8.86111354828,"mean":3.89125275612,"median":3.83271288872,"min":0.04666095227,"var":0.547596156597},"spectral_spread":{"dmean":433635.34375,"dmean2":685886.6875,"dvar":264055095296,"dvar2":475355807744,"max":39760368,"mean":3098537.25,"median":2989601,"min":1179151.625,"var":885673689088},"spectral_strongpeak":{"dmean":12.2615385056,"dmean2":22.7880363464,"dvar":560.296020508,"dvar2":1532.33325195,"max":219.614120483,"mean":10.5687828064,"median":1.47350621223,"min":0,"var":495.890655518},"zerocrossingrate":{"dmean":0.0359250344336,"dmean2":0.0443964451551,"dvar":0.000946113141254,"dvar2":0.001383812516,"max":0.76513671875,"mean":0.33333966136,"median":0.34033203125,"min":0,"var":0.00823472626507}},"metadata":{"audio_properties":{"analysis_sample_rate":44100,"bit_rate":128000,"codec":"mp3","downmix":"mix","equal_loudness":0,"length":174.288986206,"lossless":false,"md5_encoded":"57ff1e9e229638d2da076bada164674a","replay_gain":-6.12410163879,"sample_rate":44100},"tags":{"acoustid_fingerprint":["AQADtFKiJEqmTsGlHY7z4CJ5JM4ihcgTBX4KVwyDPYoO_yLK-MhKGYfSLQpxHmG-VAj3ZXh6Yu6OMEdP_MIfHE_W40uE4xmXBNsWqRG-B9-OvjwaTTzyXPgD8ciXoH_Q_LgUeNrKYdxyxDo0i0eWOFk-nCauZzieafhlPMmPLCllBdrZIXLxjWGHpjb6RA-u41FkhJcCLZweIZYUH89_9D2uLCJyQ1xCKOKOU0e45oNzW-iHkksOMzvxZHkwPkUu9dDi5McVGDqr4FeC5uiXQzua6zGe6EfYqMeUn8EfnEcWVYQW7cjzI3_wn7jE4EcoSXmCv2i4RMcfPE4FN5Fy_EieisHTBKF8BU0yVcGT6fjxREfzxkEW5uiPSVQuPIyUQnNz-Dr88Ai7o8-FJjxTPJxyPIqOn-h9eLmCcjmeK8g_VIkFrctSnDN-XPrR9EO445fxG75MHJeu4OwpNIqH6kjfQkfkT0pAOXlwJReeH9eP5lfA00SzTVCpKDmu3mhCZZnQI5fDJUXCMZeK0cfRzTmaNFkRHcmJP7hxfThf_ETzPUjWJRZyo6lCHNeDHQ9PfNnxHz1OC82foDsuXBPS9UieD88X4pUeNEelzsfRPMeXOUKz5UXyiMidD55NfNGPSw_gf8h1qFUoGo_yBSGfKDma7_iH48JHI04YbsEvEU0ZWtCOC_F-bEmkB0_YEUdfoVk84lOuaDgmZZeKssjxC82WIhQblA-aOLGE60MluYEdJTlCLz-SkXiOLy_qHF_EcHjS8ZiMxjtYTTnewd2EPfnx43eQX0gYKgye8MSPZj6mx2BSMVsxyXM2HI6k8Hi24Rf8iUbyF7-CiIk-DukyPBakD_kJvomD5lEaBbkg9kQoYyJz-FIDa2LgTZcStNFDHM9GNM-MWsKPvHiioMxY6GSK0Er04JSqwf2IGyeDPkQz4WHwRXSQ69B2hKlC9DxcZ2jWkcGDHzsDVxm-43xwRbmCE32O_ziljEGWNIyF5NHxo2cmNGoUDj8qPkPT5HhW9Agz--DVHSGXPAqa7MRj3EdzHeFrKLa4IE_04PnQCP1y4riOTxceHT8S8ogl4omOH80flOXx_bhwVNIu4Rfa5RF6oomzFP_xI0xOaCVHxOLxEhV_pCeSPcfx48STfEHrHAlzC6ka9MR3nBGmVHmI4tiTBMksKQgz4LqCoxZzNGqG48f1DfECccqEh7Ww89CR7cZhLcPl49dBXdijIl8PoYqh5WfwC_mOnBu-K9D1IEzipUaJH_MD_vjxC7x0JUjqCDGpGn3YwCNJmE-xOTn64zkeNCN59I8SJFEuL4gl7TAT5QfpffhobLuCPwxqZ8ST7OhJDs1ynNmx68h-6EoUI9JDPEeZmBL-xQn8EMdxh0ey00idXAmHyg9wPGLwp8ifQ0v3ILxQmTlGZ0cOHelz9EuMM9mRJz6SnAyehUPXowl5nMYlyWjI5biQLNQzXHbwKISY4-fxKanxZDGURYmI_HgIV3iOHeGlHFqWP8iPbvIEbz3aoxaJ_EJyBTNTHc0Fvs2KZ4n04FmKCMlOB42apfjhJnzwHJa6I3kURNcD_tjDHH12hFlyocuH5OGWoNeBtzse-FGRhO8R5pZQkjO8cAmu48rx3BGaiMyRpYSuR0b0JBe843rxHz1JOOaOSUmU