{"lowlevel":{"average_loudness":0.966892957687,"barkbands":{"dmean":[0.000105135819467,0.00486733950675,0.00184232043102,0.00157516612671,0.00226855953224,0.00129769009072,0.000743436568882,0.000628637324553,0.000926630222239,0.000527831667569,0.000437535636593,0.000543331843801,0.00057988538174,0.000576116086449,0.000401915691327,0.000468007463496,0.000379922043066,0.000248928874498,0.000304207438603,0.0002184965997,0.000210628524655,0.000136393180583,0.0000957056763582,0.0000717810398783,0.0000314340468321,0.0000103433212644,0.00000200039653464],"dmean2":[0.000178766946192,0.00888250861317,0.00324924453162,0.00266031990759,0.0038551427424,0.00210805959068,0.00126637006178,0.00103114673402,0.00147608714178,0.000864339701366,0.000709960528184,0.000869936775416,0.000910647271667,0.000909927475732,0.00063971336931,0.000757374800742,0.000626111519523,0.000416123279138,0.000503536895849,0.000361334125046,0.000361803337,0.00023306265939,0.000157780261361,0.000111121538794,0.0000495534186484,0.0000160966410476,0.00000321323000207],"dvar":[4.85899462888e-8,0.000146759033669,0.0000105835160866,0.00000433890818385,0.0000134025422085,0.00000352965935235,0.00000180437302788,0.00000168639769527,0.00000321689094562,7.95180142177e-7,6.34653360976e-7,0.00000122770347843,0.0000013523731468,0.00000115309944704,6.91722902957e-7,0.00000122594826735,2.6604286063e-7,1.1887226492e-7,1.66736185747e-7,1.09191198305e-7,7.9123275043e-8,3.66028878318e-8,2.75869229682e-8,3.04514813365e-8,4.56652538006e-9,3.18181175851e-10,2.03808619287e-11],"dvar2":[1.21421436461e-7,0.000405354541726,0.0000299276925944,0.0000117766421681,0.0000373057955585,0.00000917155102798,0.00000504653280586,0.0000042187461986,0.00000807282322057,0.00000205775631912,0.00000165879964698,0.00000305299113279,0.00000338403719979,0.0000027629955639,0.0000016228906361,0.00000331560772793,6.73777151405e-7,3.10679155291e-7,4.25887918709e-7,2.7120469781e-7,2.11312865872e-7,9.70447544546e-8,6.07219803328e-8,6.1962779796e-8,1.07286730611e-8,6.97270907679e-10,4.31968107117e-11],"max":[0.00197199289687,0.0775909870863,0.0554850026965,0.0279386043549,0.0412127487361,0.0326107591391,0.0184461828321,0.0226888302714,0.037914223969,0.0246692858636,0.0155555503443,0.0217167772353,0.0249307993799,0.0211500190198,0.0223571080714,0.0528423115611,0.0128968348727,0.0105293896049,0.00831157341599,0.0110409604385,0.00616715522483,0.00295950914733,0.00414846278727,0.00765855005011,0.00175519753247,0.000503065704834,0.000136695394758],"mean":[0.0000863772074808,0.00364760262892,0.0020800891798,0.00232878467068,0.00362177030183,0.0022749803029,0.00108684739098,0.000879629340488,0.00162792415358,0.000899852602743,0.000741529569495,0.000923942774534,0.00100737158209,0.00103266292717,0.000729458697606,0.000934029289056,0.000817928113975,0.000552881625481,0.00074801541632,0.000517977401614,0.000476604822325,0.000300322659314,0.00020555080846,0.000160568015417,0.0000700711971149,0.0000248315609497,0.00000279763889921],"median":[0.0000103590245999,0.000823465466965,0.00111239170656,0.00151110149454,0.00249293190427,0.00148430094123,0.00069960107794,0.000317225756589,0.000747132173274,0.000535151921213,0.000386400322895,0.000440466101281,0.000406134466175,0.000474947853945,0.000380410347134,0.00052792346105,0.00062627880834,0.000427226332249,0.000579258718062,0.000367940694559,0.000365541665815,0.000244048453169,0.000151108280988,0.000107563944766,0.000051649469242,0.0000193152645807,0.00000126405313949],"min":[1.72395729518e-24,1.11008723519e-24,9.68673307754e-24,4.21343980671e-24,3.92910790963e-23,2.8316547157e-23,2.33312680913e-23,2.13862684206e-23,3.59402851163e-23,5.6108451325e-23,3.44129683622e-23,2.39632371842e-23,4.39659540176e-23,6.36067635557e-23,6.68758283905e-23,1.07290043467e-22,1.50234835976e-22,9.86723628557e-23,2.66438843589e-22,2.04641701707e-22,3.31419777598e-22,3.75566226146e-22,5.37986527106e-22,6.94070520569e-22,1.01388715137e-21,1.4576269389e-21,2.23242092694e-21],"var":[4.19579713196e-8,0.0000939316742006,0.00000891393119673,0.00000627745203019,0.0000144551131598,0.00000626397604719,0.00000173990088115,0.00000259025546256,0.00000693906849847,0.00000144087903209,0.00000120645404422,0.00000227515465667,0.00000280432482214,0.00000261053583017,0.00000149068011979,0.00000216971375266,5.80282005558e-7,2.76196232107e-7,4.75179859905e-7,2.68518562052e-7,1.57958524483e-7,5.04635444543e-8,5.65482594084e-8,7.21501081102e-8,7.24552640108e-9,7.27849280846e-10,3.47367065667e-11]},"barkbands_crest":{"dmean":2.77979469299,"dmean2":4.78580904007,"dvar":10.1861886978,"dvar2":28.069694519,"max":26.4648914337,"mean":7.32853651047,"median":6.41682720184,"min":2.15975809097,"var":12.4680271149},"barkbands_flatness_db":{"dmean":0.0165144056082,"dmean2":0.0274807047099,"dvar":0.00032855963218,"dvar2":0.000919314567,"max":0.41741719842,"mean":0.0829483121634,"median":0.080134652555,"min":0.0233054421842,"var":0.000680780853145},"barkbands_kurtosis":{"dmean":1.4236010313,"dmean2":2.40752744675,"dvar":31.0127067566,"dvar2":66.5708694458,"max":491.597564697,"mean":0.897542595863,"median":-0.243993878365,"min":-1.89315629005,"var":148.576049805},"barkbands_skewness":{"dmean":0.464615672827,"dmean2":0.760182499886,"dvar":0.288929700851,"dvar2":0.730434119701,"max":5.77117776871,"mean":0.852618157864,"median":0.806795239449,"min":-18.8152294159,"var":1.04340171814},"barkbands_spread":{"dmean":5.45370388031,"dmean2":8.76812171936,"dvar":32.3267936707,"dvar2":82.0103988647,"max":136.908462524,"mean":31.5929660797,"median":30.9887447357,"min":0.440942555666,"var":101.813728333},"dissonance":{"dmean":0.00798629689962,"dmean2":0.0136979352683,"dvar":0.000060917911469,"dvar2":0.000174465065356,"max":0.500000119209,"mean":0.486430257559,"median":0.488149106503,"min":0.389046221972,"var":0.0000873527096701},"dynamic_complexity":1.95527052879,"erbbands":{"dmean":[0.119564220309,1.15028679371,2.10722088814,3.75073075294,7.19341659546,7.48119258881,9.35382938385,11.4858026505,9.32466411591,13.1832075119,14.5496778488,20.2977027893,19.030878067,15.2078256607,17.1628360748,21.5567836761,24.1021213531,27.9264793396,22.4671783447,18.9278774261,25.2389984131,20.680896759,12.1537799835,16.2373905182,13.0624132156,10.083029747,8.57676315308,7.85485315323,5.43394899368,3.45979404449,2.74199438095,1.87042033672,1.03855109215,0.464621514082,0.18572871387,0.0593353845179,0.0171560179442,0.00376165146008,0.000339058315149,0.0000174112519744],"dmean2":[0.216442078352,2.11184072495,3.75194621086,6.332259655,12.5565404892,12.5383615494,15.2777338028,18.8076686859,15.5908689499,22.426525116,23.2685241699,32.5454216003,30.8462924957,24.7706947327,27.5120067596,34.1435203552,37.6793518066,43.8214759827,35.1823730469,30.0178833008,40.8593521118,33.8904685974,20.2211418152,27.1592235565,21.6269054413,16.7445774078,14.5730667114,13.5399618149,9.36993503571,5.79222345352,4.52877902985,3.01065182686,1.58352541924,0.73158454895,0.297606378794,0.093285985291,0.0268167741597,0.00590569106862,0.000546216091607,0.0000286803460767],"dvar":[0.0904007479548,8.12224292755,16.2808170319,26.0492610931,163.72883606,128.938873291,202.368545532,312.416931152,207.196624756,742.608703613,895.727172852,1934.8939209,1085.46643066,588.69354248,1124.07019043,1830.75256348,2242.13476562,2741.40991211,2244.82128906,1434.60107422,4137.03076172,819.840026855,233.815322876,535.710571289,343.310821533,229.984848022,147.056777954,112.116989136,55.1235694885,31.5901412964,22.6004009247,17.7140102386,7.12434387207,1.0429494381,0.147704765201,0.0119053320959,0.000852259981912,0.0000516146501468,6.91125762842e-7,6.56019516487e-10],"dvar2":[0.246340110898,22.611618042,45.5728607178,71.3249969482,465.532684326,354.715057373,527.612548828,811.72064209,568.566650391,2029.76574707,2200.61376953,4876.28759766,2827.3125,1478.71105957,2864.34179688,4531.015625,5605.63330078,6470.53710938,5284.81103516,3448.13256836,11313.6835938,2056.94628906,599.375549316,1375.05847168,852.097473145,579.489257812,378.939605713,301.398010254,147.990463257,75.5045089722,49.4099311829,38.1537895203,14.2722520828,2.35012149811,0.36785274744,0.0266914106905,0.00188468035776,0.00011074826034,0.00000145743160829,1.54010715292e-9],"max":[1.98053479195,18.9133224487,37.2787437439,105.087631226,133.510482788,149.704055786,212.202041626,382.789306641,237.634017944,351.143157959,563.993530273,1093.04455566,772.00012207,394.009216309,809.929626465,834.631347656,823.471496582,951.452880859,1374.01831055,990.529724121,3429.97485352,857.022827148,457.49005127,479.707611084,474.353485107,498.9921875,309.640045166,202.26713562,97.2516555786,143.044174194,109.238609314,185.864715576,91.4504699707,27.0803871155,8.04705619812,4.049243927,0.635434925556,0.2176746279,0.0249864794314,0.000604486616794],"mean":[0.0860065594316,0.881127893925,2.23254013062,5.72563171387,9.62741470337,12.188996315,15.8289003372,19.6567726135,15.7589702606,17.0301208496,22.9707317352,34.646938324,34.0922012329,28.5757827759,31.3450489044,39.065486908,46.2137298584,53.5731163025,44.0178527832,40.5856704712,53.9162254333,46.8548583984,30.2668800354,38.2123908997,33.0060577393,24.3513469696,19.7368450165,17.3667545319,11.8003292084,7.38700151443,5.80187416077,4.05339384079,2.24498176575,0.997017204762,0.400875508785,0.138100519776,0.0400090403855,0.00756607530639,0.000465333141619,0.0000464259828732],"median":[0.0128447841853,0.226073741913,1.13521766663,3.95898294449,6.06681346893,8.04218959808,9.90292549133,12.5864486694,10.8478250504,8.86054992676,8.37354660034,14.7743911743,20.5768470764,17.2734680176,16.4509353638,19.4139919281,20.7737674713,24.8352546692,22.16040802,23.1511154175,32.9413452148,35.9394111633,24.5263671875,29.0367584229,24.8331489563,17.7306365967,14.6284751892,13.5191478729,9.69818115234,5.47341156006,4.2347536087,2.85572743416,1.39563941956,0.678290128708,0.307462245226,0.110185615718,0.0308020692319,0.00519124977291,0.000184422824532,0.0000385328639823],"min":[6.22715060331e-23,6.96709077281e-22,9.03175731068e-21,2.60248792168e-20,4.63042846834e-20,1.4107207333e-19,2.09226792721e-19,2.48125154896e-19,1.86034716296e-19,5.41164872886e-19,3.63816057085e-19,9.37293551528e-19,1.2639694059e-18,1.81921232413e-18,1.29825676608e-18,1.31287511545e-18,2.26351605334e-18,2.48440512335e-18,4.27476642169e-18,4.69583154557e-18,5.87079238845e-18,8.63499879863e-18,7.516900419e-18,1.40155332321e-17,1.23309087771e-17,8.48542800026e-18,1.09151047863e-17,1.20747648558e-17,1.29180895524e-17,1.37768726003e-17,1.58553582767e-17,1.5009266661e-17,1.26062250907e-17,9.07210005945e-18,7.03689247262e-18,4.66934977185e-18,2.52009879396e-18,1.26115016758e-18,3.05143386604e-19,3.39610083411e-20],"var":[0.0595443099737,5.10429620743,11.9996032715,34.6204566956,144.944198608,164.936889648,318.173828125,528.762084961,271.854492188,688.199890137,1615.11804199,3787.07641602,2052.69335938,1212.44311523,2159.71655273,3587.58300781,5012.27294922,6497.80078125,5093.25439453,3736.54321289,6339.99121094,1896.05834961,593.030517578,1435.84350586,953.644470215,562.380310059,318.633636475,194.204879761,72.5140380859,53.4199829102,46.629611969,38.7373428345,16.2680969238,1.83503210545,0.202041462064,0.0234866570681,0.00195132836234,0.000103287980892,0.00000116394528504,1.0338594425e-9]},"erbbands_crest":{"dmean":1.85776627064,"dmean2":3.06156420708,"dvar":3.70641589165,"dvar2":9.53142166138,"max":28.6918067932,"mean":6.39540863037,"median":5.49008512497,"min":2.34908175468,"var":9.29399204254},"erbbands_flatness_db":{"dmean":0.0122919604182,"dmean2":0.0186080429703,"dvar":0.000144158504554,"dvar2":0.000323030079016,"max":0.336930215359,"mean":0.133156463504,"median":0.129844874144,"min":0.0238137859851,"var":0.000851865392178},"erbbands_kurtosis":{"dmean":0.507197260857,"dmean2":0.816176772118,"dvar":0.409924387932,"dvar2":1.06205379963,"max":19.7634906769,"mean":-0.149363473058,"median":-0.408841609955,"min":-1.69083309174,"var":1.13387322426},"erbbands_skewness":{"dmean":0.233967840672,"dmean2":0.369227975607,"dvar":0.0414586961269,"dvar2":0.0980592891574,"max":2.2082669735,"mean":-0.189432650805,"median":-0.209430217743,"min":-2.69104576111,"var":0.254796355963},"erbbands_spread":{"dmean":7.31074237823,"dmean2":11.4707489014,"dvar":50.7058296204,"dvar2":118.18321228,"max":131.79397583,"mean":42.1969261169,"median":40.5605392456,"min":5.02536439896,"var":245.032287598},"gfcc":{"cov":[[5978.52099609,539.425109863,-346.375152588,-51.2691268921,-183.082214355,123.618385315,-213.355361938,-20.2310619354,-101.512908936,27.0951251984,-131.663848877,-24.7499980927,-71.2869567871],[539.425109863,427.799255371,-172.007263184,24.2638149261,15.4891443253,-8.12196731567,32.9592514038,-16.4853878021,26.2335739136,-28.4437046051,14.3216114044,-25.7856750488,33.3547668457],[-346.375152588,-172.007263184,539.206787109,31.3749065399,64.7988586426,72.9659957886,16.3500881195,38.8140830994,-19.2214603424,30.9967002869,-24.8671016693,76.2170715332,-29.3017044067],[-51.2691268921,24.2638149261,31.3749065399,284.678833008,52.6118125916,18.054681778,24.1922645569,12.1963806152,20.7887096405,-22.9573745728,26.610912323,4.82723140717,43.5302658081],[-183.082214355,15.4891443253,64.7988586426,52.6118125916,148.961624146,41.8668518066,42.9377746582,23.7859420776,39.0502967834,24.3664512634,6.21403169632,8.09801006317,14.8085403442],[123.618385315,-8.12196731567,72.9659957886,18.054681778,41.8668518066,115.755645752,60.3848114014,31.5833244324,-2.09773826599,17.9118385315,2.86997771263,7.12662172318,-9.7748966217],[-213.355361938,32.9592514038,16.3500881195,24.1922645569,42.9377746582,60.3848114014,134.095504761,53.4209823608,19.4205818176,0.245550200343,21.8456916809,5.57335281372,7.81261253357],[-20.2310619354,-16.4853878021,38.8140830994,12.1963806152,23.7859420776,31.5833244324,53.4209823608,84.6752548218,29.4333705902,21.5755138397,-0.689917564392,21.8193588257,2.15088224411],[-101.512908936,26.2335739136,-19.2214603424,20.7887096405,39.0502967834,-2.09773826599,19.4205818176,29.4333705902,87.1406936646,33.0183143616,10.4167337418,-9.1421957016,12.2282905579],[27.0951251984,-28.4437046051,30.9967002869,-22.9573745728,24.3664512634,17.9118385315,0.245550200343,21.5755138397,33.0183143616,76.4555969238,13.8123140335,11.6545162201,-12.3232145309],[-131.663848877,14.3216114044,-24.8671016693,26.610912323,6.21403169632,2.86997771263,21.8456916809,-0.689917564392,10.4167337418,13.8123140335,61.43176651,16.6648788452,16.7048206329],[-24.7499980927,-25.7856750488,76.2170715332,4.82723140717,8.09801006317,7.12662172318,5.57335281372,21.8193588257,-9.1421957016,11.6545162201,16.6648788452,72.1971740723,18.1803455353],[-71.2869567871,33.3547668457,-29.3017044067,43.5302658081,14.8085403442,-9.7748966217,7.81261253357,2.15088224411,12.2282905579,-12.3232145309,16.7048206329,18.1803455353,61.8649406433]],"icov":[[0.000314921402605,-0.000516718369909,0.000267287046881,-0.000172729924088,0.000383723701816,-0.000908969028387,0.000886985159013,-0.000361092097592,0.000350276764948,-0.000445941259386,0.000723391596694,-0.000390055822209,0.000315910583595],[-0.000516718369909,0.00382154551335,0.000461870513391,0.000270405667834,-0.000975130358711,0.00120674294885,-0.00236684083939,0.00176648318302,-0.00164196745027,0.00166602444369,-0.000896907586139,0.000345663982444,-0.00116873777006],[0.000267287046881,0.000461870513391,0.00343061820604,-0.000794888939708,-0.000682583195157,-0.00194428476971,0.000511152087711,0.000447027763585,0.000191564002307,-0.000545850838535,0.0028015805874,-0.00435566855595,0.00239618192427],[-0.000172729924088,0.000270405667834,-0.000794888939708,0.00483319768682,-0.00148006982636,-0.000321202445775,0.000677684787661,-0.00110431422945,-0.000919258047361,0.00304272840731,-0.00322152604349,0.00186238181777,-0.0027553983964],[0.000383723701816,-0.000975130358711,-0.000682583195157,-0.00148006982636,0.0105141550303,-0.00315383356065,-0.00124106870499,0.00155488296878,-0.00310565228574,-0.00305936671793,0.00285764574073,-0.00075195269892,-0.00177256215829],[-0.000908969028387,0.00120674294885,-0.00194428476971,-0.000321202445775,-0.00315383356065,0.0170462802052,-0.00842822063714,-0.000399671378545,0.00364025845192,-0.00314130168408,-0.00110257347114,0.00279155839235,0.000265740090981],[0.000886985159013,-0.00236684083939,0.000511152087711,0.000677684787661,-0.00124106870499,-0.00842822063714,0.0184498634189,-0.0107363769785,0.000543162168469,0.00476942490786,-0.00575756188482,0.00207696179859,0.000859130523168],[-0.000361092097592,0.00176648318302,0.000447027763585,-0.00110431422945,0.00155488296878,-0.000399671378545,-0.0107363769785,0.0245228931308,-0.00795189850032,-0.0033841310069,0.00769340852275,-0.00914609339088,0.00119624903891],[0.000350276764948,-0.00164196745027,0.000191564002307,-0.000919258047361,-0.00310565228574,0.00364025845192,0.000543162168469,-0.00795189850032,0.0220320448279,-0.0100119579583,-0.000750134000555,0.00753299240023,-0.00480749830604],[-0.000445941259386,0.00166602444369,-0.000545850838535,0.00304272840731,-0.00305936671793,-0.00314130168408,0.00476942490786,-0.0033841310069,-0.0100119579583,0.024982849136,-0.00902687758207,-0.00263189477846,0.00610605208203],[0.000723391596694,-0.000896907586139,0.0028015805874,-0.00322152604349,0.00285764574073,-0.00110257347114,-0.00575756188482,0.00769340852275,-0.000750134000555,-0.00902687758207,0.0276882257313,-0.00947507191449,-0.00182956096251],[-0.000390055822209,0.000345663982444,-0.00435566855595,0.00186238181777,-0.00075195269892,0.00279155839235,0.00207696179859,-0.00914609339088,0.00753299240023,-0.00263189477846,-0.00947507191449,0.0269920993596,-0.0107194976881],[0.000315910583595,-0.00116873777006,0.00239618192427,-0.0027553983964,-0.00177256215829,0.000265740090981,0.000859130523168,0.00119624903891,-0.00480749830604,0.00610605208203,-0.00182956096251,-0.0107194976881,0.0263590440154]],"mean":[45.8241691589,71.8259124756,-131.332244873,41.9066200256,-63.3287315369,11.8907222748,-41.6057167053,3.71817469597,-29.238079071,-1.40639734268,-19.8535633087,-0.0366119630635,-12.0676670074]},"hfc":{"dmean":6.57811880112,"dmean2":10.5548992157,"dvar":64.0264663696,"dvar2":159.192214966,"max":148.947219849,"mean":29.7147846222,"median":27.3016357422,"min":1.15152713046e-16,"var":226.086853027},"melbands":{"dmean":[0.00124180770945,0.00126062508207,0.000717941613402,0.000514622603077,0.000321000843542,0.000248912459938,0.000141699769301,0.000143007055158,0.000123896621517,0.000131209395477,0.0000969675020315,0.0000641090227873,0.0000592722972215,0.0000547850977455,0.0000652942617307,0.0000571124728594,0.0000558378451387,0.0000410385691794,0.0000294959663734,0.0000303954439005,0.0000309103052132,0.0000248495962296,0.000015859854102,0.0000108902577267,0.0000150062433022,0.0000122158053273,0.00000910587550607,0.00000706111541149,0.0000056770863921,0.0000058725895542,0.00000478059610032,0.00000341082500199,0.00000251823530562,0.00000191939102478,0.00000177423612513,0.00000140993381592,0.00000115745490348,8.51629408771e-7,5.46295893855e-7,3.77988669698e-7],"dmean2":[0.00226019322872,0.00225776922889,0.00122166844085,0.000880644831341,0.000526274438016,0.000406342529459,0.000238590713707,0.000241497633397,0.000197613830096,0.0002099575795,0.000157186455908,0.000104583283246,0.0000955506911851,0.0000875470650499,0.000103540049167,0.0000893691612873,0.000088053267973,0.0000649328940199,0.0000471167586511,0.0000487971883558,0.0000503449919051,0.0000408921659982,0.0000266401530098,0.0000182510229934,0.0000251965320786,0.0000203167182917,0.0000150532223415,0.0000118349753393,0.00000956194890023,0.0000100273791759,0.00000829176678963,0.00000589525916439,0.00000430380578109,0.00000321699667438,0.00000296163830171,0.00000230431305681,0.00000186737304375,0.00000131622743993,8.61232820171e-7,6.06061121289e-7],"dvar":[0.0000097208758234,0.00000697949053574,9.19249089293e-7,7.59464114708e-7,2.14102442442e-7,1.37341075401e-7,5.25784571437e-8,8.20300840587e-8,6.40072670421e-8,7.3660331168e-8,2.82817573805e-8,1.04188231376e-8,1.27101511538e-8,1.33801840718e-8,1.85629893679e-8,1.43530600738e-8,1.11295870298e-8,7.95706345258e-9,3.92457977227e-9,3.91585386339e-9,6.36591668268e-9,1.23051224765e-9,4.36129632408e-10,2.38184333368e-10,4.69347671839e-10,3.1233382547e-10,2.28859944884e-10,1.28944674382e-10,7.50593823207e-11,5.91823395846e-11,4.47705553186e-11,2.11054299037e-11,1.36048993252e-11,1.08731435314e-11,8.96814393581e-12,7.16473972165e-12,7.7479281671e-12,5.32388933286e-12,1.54487848295e-12,6.92277940702e-13],"dvar2":[0.0000267459636234,0.0000192781844817,0.00000253204666478,0.00000213414523387,5.68265704715e-7,3.58241038612e-7,1.45736763102e-7,2.19687493086e-7,1.55855545358e-7,1.87017207054e-7,7.3966774039e-8,2.62763730774e-8,3.27325366811e-8,3.14375334654e-8,4.66990961456e-8,3.56658915734e-8,2.64356394553e-8,1.88179321015e-8,9.2721741396e-9,9.95656890268e-9,1.73661014458e-8,3.08692293949e-9,1.12804432462e-9,6.32762786612e-10,1.20626553191e-9,8.02252542176e-10,5.38806832484e-10,3.27217891671e-10,1.87216284142e-10,1.54636428662e-10,1.20978560503e-10,5.73311988161e-11,3.52163367912e-11,2.60321000867e-11,2.01626406543e-11,1.60549681189e-11,1.71122560566e-11,1.10438134332e-11,3.39582073398e-12,1.6412292532e-12],"max":[0.0193236004561,0.0181142371148,0.0149774197489,0.0091567048803,0.00663163373247,0.00770536623895,0.00375837064348,0.00404922477901,0.00517757236958,0.00625753123313,0.00403244653717,0.00177500187419,0.00247569871135,0.00322203198448,0.00348604214378,0.00279361917637,0.00215026200749,0.00229526171461,0.00134116387926,0.00158744025975,0.00424774503335,0.00112088036258,0.000449846673291,0.000529215030838,0.000467199657578,0.000362578604836,0.0005959761329,0.000385626190109,0.000263881578576,0.000260739034275,0.000130294734845,0.0000516876389156,0.0000653427778161,0.000106576029793,0.0000725552454242,0.0000872703094501,0.000120378201245,0.0000781348717283,0.0000354960939148,0.0000188991343748],"mean":[0.000912785355467,0.00121587677859,0.00111574865878,0.000782193092164,0.00057010067394,0.000439596740762,0.000232598787989,0.00018630665727,0.000197921384824,0.000224314979278,0.00016800047888,0.000113472298835,0.000103451035102,0.0000945832143771,0.000111276793177,0.000100658769952,0.000099373064586,0.0000732767293812,0.0000537089945283,0.0000597564030613,0.0000619561542408,0.0000507718541485,0.0000338858226314,0.0000233883019973,0.0000320898252539,0.00002747713188,0.0000196709388547,0.0000152173370225,0.0000117790223157,0.0000123190338854,0.00000929142152017,0.00000689279113431,0.00000504247373101,0.00000372005047211,0.00000343857072949,0.00000288530532089,0.00000231689568864,0.00000170682039879,0.00000109500638246,7.44433464206e-7],"median":[0.000181578594493,0.00053605332505,0.000793321756646,0.000520763744134,0.000386992294807,0.000290226074867,0.000160191353643,0.0000915950513445,0.0000690461238264,0.0001008483232,0.0000999898911687,0.0000670292502036,0.0000529185344931,0.000044353215344,0.000052727657021,0.000038509384467,0.0000445657860837,0.000034452194086,0.0000277832332358,0.000033797139622,0.0000377774704248,0.0000377442338504,0.0000267002287728,0.0000177570727828,0.0000238932698267,0.0000207680132007,0.0000137389415613,0.000010838790331,0.00000818240368972,0.0000096100357041,0.00000705695219949,0.0000056156923165,0.0000039111064325,0.00000263794231614,0.00000244344892053,0.00000208713936445,0.00000156971782417,0.00000101474347503,6.8611569759e-7,5.0529638429e-7],"min":[1.00654312771e-24,5.2364204291e-24,4.18048790341e-24,6.26331616817e-24,7.07279119214e-24,5.35670751765e-24,3.54717577477e-24,5.10962957682e-24,2.46300143702e-24,6.1624934336e-24,5.91222178939e-24,7.33879824482e-24,4.93493001847e-24,2.69805694044e-24,3.93491077045e-24,4.10573781061e-24,3.28077310834e-24,5.72843691999e-24,5.63112422202e-24,7.09631265775e-24,6.19089439834e-24,7.62386338811e-24,7.36556192875e-24,4.29058369792e-24,1.08807064009e-23,9.38967961507e-24,6.26262985918e-24,5.76381772602e-24,6.83514290013e-24,6.12590014835e-24,6.55371913878e-24,6.0534858727e-24,8.10398306769e-24,6.59522702746e-24,8.41295542958e-24,8.25083504723e-24,8.0049202818e-24,7.08309765986e-24,9.68201095617e-24,6.89754337546e-24],"var":[0.00000626138262305,0.00000482488576381,0.0000011424473314,7.60099567287e-7,3.35216725489e-7,2.39115905742e-7,6.18126492213e-8,8.61956408471e-8,1.24647996813e-7,1.44944081626e-7,5.20196508091e-8,2.04099936951e-8,2.41699762427e-8,2.67383235553e-8,3.33993916968e-8,3.04602174594e-8,2.44830804519e-8,1.68771840947e-8,8.44463787786e-9,9.14966147292e-9,9.00613361665e-9,2.59019827809e-9,8.69387450919e-10,5.20708809404e-10,1.13938425361e-9,7.1479611119e-10,4.82063444718e-10,2.72906613974e-10,1.56120422146e-10,1.12751412373e-10,6.48268799752e-11,2.67072631371e-11,1.874151008e-11,1.81681926448e-11,1.69528314997e-11,1.48755729956e-11,1.58600684669e-11,1.1246169794e-11,2.94964768756e-12,1.05847264547e-12]},"melbands_crest":{"dmean":3.39837384224,"dmean2":5.64103126526,"dvar":10.0599803925,"dvar2":25.9390182495,"max":33.7838592529,"mean":10.879907608,"median":10.0267181396,"min":1.83988630772,"var":18.4681415558},"melbands_flatness_db":{"dmean":0.0238679870963,"dmean2":0.0393257960677,"dvar":0.00073045049794,"dvar2":0.00191692775115,"max":0.410618454218,"mean":0.127043828368,"median":0.12182071805,"min":0.00515185017139,"var":0.00137775356416},"melbands_kurtosis":{"dmean":4.87392234802,"dmean2":8.30658054352,"dvar":82.8907089233,"dvar2":225.534820557,"max":172.389923096,"mean":6.59426116943,"median":3.55612277985,"min":-1.70168292522,"var":96.5887069702},"melbands_skewness":{"dmean":0.712535560131,"dmean2":1.16670370102,"dvar":0.755871653557,"dvar2":1.97612202168,"max":11.8376111984,"mean":2.09571552277,"median":1.87097477913,"min":-1.03355467319,"var":1.59381663799},"melbands_spread":{"dmean":9.02804660797,"dmean2":14.6139001846,"dvar":86.0463638306,"dvar2":215.953720093,"max":197.53453064,"mean":37.2967185974,"median":34.5064163208,"min":3.00659751892,"var":319.420440674},"mfcc":{"cov":[[3341.55981445,459.12399292,-183.532669067,-81.1620788574,-23.1581192017,33.957660675,-61.5171813965,-39.9210853577,-12.8776798248,-5.6861448288,-27.3231830597,-14.0498313904,-37.9029121399],[459.12399292,369.788482666,-81.3717727661,-43.72057724,-20.2819538116,9.42140674591,-6.52824783325,5.43389558792,16.9995098114,-2.27095389366,10.1301383972,13.6087360382,-3.13647150993],[-183.532669067,-81.3717727661,353.552246094,40.1299934387,48.5212593079,38.1265792847,32.2416381836,42.7588806152,-5.64386844635,-5.67568922043,-15.0851716995,-0.722149133682,8.43215560913],[-81.1620788574,-43.72057724,40.1299934387,205.890945435,65.1038818359,23.3247127533,8.96057701111,30.8023262024,20.5374565125,-0.7352257967,-16.5998859406,-2.1889128685,14.8551902771],[-23.1581192017,-20.2819538116,48.5212593079,65.1038818359,120.442840576,40.7831497192,-5.95451545715,-0.0297091025859,16.5168323517,17.9791812897,-2.79823875427,-2.58115434647,6.24013948441],[33.957660675,9.42140674591,38.1265792847,23.3247127533,40.7831497192,89.9368667603,42.1888961792,19.8102054596,9.79716587067,21.7412776947,14.4928674698,5.17824649811,-4.52092504501],[-61.5171813965,-6.52824783325,32.2416381836,8.96057701111,-5.95451545715,42.1888961792,108.08820343,55.104133606,11.1579723358,4.98848676682,10.5806407928,13.064748764,-0.662195622921],[-39.9210853577,5.43389558792,42.7588806152,30.8023262024,-0.0297091025859,19.8102054596,55.104133606,92.2813796997,35.447467804,3.98806500435,0.817915678024,12.7927875519,8.27192687988],[-12.8776798248,16.9995098114,-5.64386844635,20.5374565125,16.5168323517,9.79716587067,11.1579723358,35.447467804,70.819984436,34.5934143066,11.8183116913,5.9552116394,5.38873004913],[-5.6861448288,-2.27095389366,-5.67568922043,-0.7352257967,17.9791812897,21.7412776947,4.98848676682,3.98806500435,34.5934143066,71.5539398193,39.5871963501,6.72770261765,-6.7897734642],[-27.3231830597,10.1301383972,-15.0851716995,-16.5998859406,-2.79823875427,14.4928674698,10.5806407928,0.817915678024,11.8183116913,39.5871963501,67.864402771,24.7565689087,-1.78549873829],[-14.0498313904,13.6087360382,-0.722149133682,-2.1889128685,-2.58115434647,5.17824649811,13.064748764,12.7927875519,5.9552116394,6.72770261765,24.7565689087,51.3123245239,22.3148880005],[-37.9029121399,-3.13647150993,8.43215560913,14.8551902771,6.24013948441,-4.52092504501,-0.662195622921,8.27192687988,5.38873004913,-6.7897734642,-1.78549873829,22.3148880005,52.4316215515]],"icov":[[0.000380953075364,-0.000444826175226,0.000112017070933,0.0000462933530798,0.0000465456032543,-0.000313590659061,0.000260174507275,-0.0000483317671751,0.000211748789297,-0.000203443152714,0.00039552882663,-0.0000653680472169,0.000189164929907],[-0.000444826175226,0.00363753573038,0.000568324059714,0.000631043105386,0.000239442146267,-0.000951790774707,0.0005973156658,-0.000435657042544,-0.00147441832814,0.00150827912148,-0.000630783615634,-0.000826044124551,0.000268491188763],[0.000112017070933,0.000568324059714,0.00358441891149,0.000225392883294,-0.00125781190582,-0.000993751571514,0.00023051003518,-0.00224546808749,0.00160581932869,-0.00019120539946,0.000756977824494,0.0000837644620333,-0.000303829438053],[0.0000462933530798,0.000631043105386,0.000225392883294,0.00661456165835,-0.00330577674322,-0.00048841064563,0.000492244202178,-0.00227231462486,-0.000661066675093,0.0008266812074,0.000953144161031,0.000443600263679,-0.00110441283323],[0.0000465456032543,0.000239442146267,-0.00125781190582,-0.00330577674322,0.0136681161821,-0.00634453631938,0.00278508383781,0.00253543304279,-0.00248453603126,-0.00192180043086,0.0018845241284,-0.0000425585203629,-0.00126296188682],[-0.000313590659061,-0.000951790774707,-0.000993751571514,-0.00048841064563,-0.00634453631938,0.0194378532469,-0.00786038860679,0.000231164856814,0.00223947549239,-0.00398713536561,-0.00162462366279,0.000227683631238,0.00141122937202],[0.000260174507275,0.0005973156658,0.00023051003518,0.000492244202178,0.00278508383781,-0.00786038860679,0.0175303313881,-0.00968518201262,0.00208939402364,0.000790127611253,-0.000784594099969,-0.00175218842924,0.00139403378125],[-0.0000483317671751,-0.000435657042544,-0.00224546808749,-0.00227231462486,0.00253543304279,0.000231164856814,-0.00968518201262,0.0231989156455,-0.0119592882693,0.00385999516584,0.00114257296082,-0.00284827547148,-0.000140092030051],[0.000211748789297,-0.00147441832814,0.00160581932869,-0.000661066675093,-0.00248453603126,0.00223947549239,0.00208939402364,-0.0119592882693,0.0276413112879,-0.0149396834895,0.00325179775245,0.000872065487783,-0.00264006946236],[-0.000203443152714,0.00150827912148,-0.00019120539946,0.0008266812074,-0.00192180043086,-0.00398713536561,0.000790127611253,0.00385999516584,-0.0149396834895,0.0317575931549,-0.0164945852011,0.00301748490892,0.00282765645534],[0.00039552882663,-0.000630783615634,0.000756977824494,0.000953144161031,0.0018845241284,-0.00162462366279,-0.000784594099969,0.00114257296082,0.00325179775245,-0.0164945852011,0.0301494635642,-0.0139020578936,0.00377506879158],[-0.0000653680472169,-0.000826044124551,0.0000837644620333,0.000443600263679,-0.0000425585203629,0.000227683631238,-0.00175218842924,-0.00284827547148,0.000872065487783,0.00301748490892,-0.0139020578936,0.0331719852984,-0.0140741746873],[0.000189164929907,0.000268491188763,-0.000303829438053,-0.00110441283323,-0.00126296188682,0.00141122937202,0.00139403378125,-0.000140092030051,-0.00264006946236,0.00282765645534,0.00377506879158,-0.0140741746873,0.0266547743231]],"mean":[-585.807067871,95.3109283447,-9.21051883698,25.8254184723,-0.483666658401,6.10948133469,-2.96177530289,1.77830183506,-3.96453261375,-2.57363939285,-6.30228185654,-2.77581095695,-6.06863164902]},"pitch_salience":{"dmean":0.0790196582675,"dmean2":0.133102536201,"dvar":0.00706465169787,"dvar2":0.019319947809,"max":0.937286973,"mean":0.66357177496,"median":0.683645963669,"min":0.191078916192,"var":0.00901548471302},"silence_rate_20dB":{"dmean":0,"dmean2":0,"dvar":0,"dvar2":0,"max":1,"mean":1,"median":1,"min":1,"var":0},"silence_rate_30dB":{"dmean":0,"dmean2":0,"dvar":0,"dvar2":0,"max":1,"mean":1,"median":1,"min":1,"var":0},"silence_rate_60dB":{"dmean":0.000900171056855,"dmean2":0.00180050416384,"dvar":0.000899501144886,"dvar2":0.00233792234212,"max":1,"mean":0.0140414042398,"median":0,"min":0,"var":0.0138435484841},"spectral_centroid":{"dmean":227.065841675,"dmean2":363.156768799,"dvar":46129.1054688,"dvar2":110443.5,"max":11882.7949219,"mean":1886.17175293,"median":1838.2890625,"min":333.153717041,"var":291072.46875},"spectral_complexity":{"dmean":4.55234479904,"dmean2":7.13611793518,"dvar":16.198425293,"dvar2":35.6672706604,"max":61,"mean":34.7319526672,"median":36,"min":0,"var":101.956771851},"spectral_contrast_coeffs":{"dmean":[0.0573063865304,0.0467294901609,0.0353686437011,0.0286810286343,0.0190404765308,0.0169183574617],"dmean2":[0.0925387665629,0.0777546167374,0.0594226196408,0.0473209619522,0.0320112109184,0.0277140028775],"dvar":[0.00211385102011,0.00139403773937,0.00076125212945,0.000506385636982,0.000215226318687,0.000204656607821],"dvar2":[0.00557374441996,0.00380548532121,0.00210513779894,0.00135460763704,0.000604618981015,0.000522725924384],"max":[-0.306790977716,-0.543418884277,-0.602723002434,-0.569125533104,-0.676222205162,-0.59658575058],"mean":[-0.613463580608,-0.753681242466,-0.797531545162,-0.795304000378,-0.799225986004,-0.725778222084],"median":[-0.613290667534,-0.756393194199,-0.80000346899,-0.800942778587,-0.8017796278,-0.726933836937],"min":[-0.973302841187,-0.973371148109,-0.972300112247,-0.964135289192,-0.959023594856,-0.961794793606],"var":[0.00587713019922,0.0031275677029,0.00179117964581,0.00170303764753,0.000652125861961,0.00099927559495]},"spectral_contrast_valleys":{"dmean":[0.466024488211,0.34712484479,0.281798452139,0.231668487191,0.18756043911,0.19650028646],"dmean2":[0.757932245731,0.565149605274,0.45477065444,0.36716350913,0.297650068998,0.306810259819],"dvar":[0.16432338953,0.0976293310523,0.0624805949628,0.0451920218766,0.0409546270967,0.05905335024],"dvar2":[0.402958899736,0.24110506475,0.145995467901,0.0972423031926,0.0853530466557,0.127060249448],"max":[-5.33482503891,-4.42378759384,-5.03886508942,-5.65620279312,-5.48526763916,-7.62485933304],"mean":[-7.21271657944,-6.38646697998,-6.69078540802,-6.88951063156,-6.6500210762,-9.46819972992],"median":[-7.13421154022,-6.31901788712,-6.63074207306,-6.78917264938,-6.55592870712,-9.40144634247],"min":[-27.4368190765,-27.3789043427,-27.5663070679,-27.3072566986,-27.491809845,-27.2823085785],"var":[1.0694206953,0.936618089676,0.886308968067,0.846707522869,0.726575791836,0.642385005951]},"spectral_decrease":{"dmean":2.65898303375e-9,"dmean2":4.5201478116e-9,"dvar":1.41399478137e-17,"dvar2":3.74149672925e-17,"max":3.40930867149e-16,"mean":-6.64641852666e-9,"median":-5.76039926869e-9,"min":-2.611056793e-8,"var":1.55668294073e-17},"spectral_energy":{"dmean":0.0104356240481,"dmean2":0.0176825430244,"dvar":0.00021115365962,"dvar2":0.000556846091058,"max":0.100667737424,"mean":0.027780406177,"median":0.0245463885367,"min":1.05887034784e-20,"var":0.000245456671109},"spectral_energyband_high":{"dmean":0.000503811752424,"dmean2":0.000830426928587,"dvar":5.30850286395e-7,"dvar2":0.00000126653230836,"max":0.0140776261687,"mean":0.00148668175098,"median":0.00119417149108,"min":7.2108629794e-21,"var":0.00000119061360238},"spectral_energyband_low":{"dmean":0.00673333229497,"dmean2":0.0118462713435,"dvar":0.000192583043827,"dvar2":0.000521130452398,"max":0.091754719615,"mean":0.00698952376842,"median":0.00334071740508,"min":3.1388172729e-23,"var":0.000140135365655},"spectral_energyband_middle_high":{"dmean":0.00214215810411,"dmean2":0.00335411215201,"dvar":0.0000066392417466,"dvar2":0.0000161054340424,"max":0.0627070963383,"mean":0.00851577799767,"median":0.00700377486646,"min":1.38579995441e-21,"var":0.0000324594948324},"spectral_energyband_middle_low":{"dmean":0.00473788985983,"dmean2":0.00792118068784,"dvar":0.0000441414413217,"dvar2":0.000119132644613,"max":0.0671752169728,"mean":0.0121069801971,"median":0.0103063993156,"min":2.76499028941e-22,"var":0.0000612791409367},"spectral_entropy":{"dmean":0.0776723176241,"dmean2":0.1219811216,"dvar":0.00532214809209,"dvar2":0.0120632238686,"max":9.80045127869,"mean":7.97274494171,"median":7.97233295441,"min":6.1932964325,"var":0.0231130197644},"spectral_flux":{"dmean":0.026945412159,"dmean2":0.0419465489686,"dvar":0.00112607574556,"dvar2":0.00198358530179,"max":0.269066035748,"mean":0.101292207837,"median":0.0928643867373,"min":6.6386597608e-11,"var":0.00216371845454},"spectral_kurtosis":{"dmean":0.843180537224,"dmean2":1.44398117065,"dvar":1.14041519165,"dvar2":2.86227965355,"max":79.3172149658,"mean":2.95890951157,"median":2.8537709713,"min":-1.21783173084,"var":2.03778910637},"spectral_rms":{"dmean":0.000883675646037,"dmean2":0.00145506625995,"dvar":0.00000119301103041,"dvar2":0.00000305618277707,"max":0.00991021841764,"mean":0.0050044907257,"median":0.00489363819361,"min":3.21410064362e-12,"var":0.00000205792775887},"spectral_rolloff":{"dmean":571.698547363,"dmean2":937.403930664,"dvar":555200.125,"dvar2":1311671.75,"max":19186.0839844,"mean":2303.56005859,"median":2196.38671875,"min":86.1328125,"var":2110520},"spectral_skewness":{"dmean":0.139229565859,"dmean2":0.231069028378,"dvar":0.0179389826953,"dvar2":0.0455640517175,"max":6.76846218109,"mean":1.19797432423,"median":1.20047998428,"min":-0.0834227204323,"var":0.0667313039303},"spectral_spread":{"dmean":351242.90625,"dmean2":528936.5625,"dvar":214368894976,"dvar2":435718848512,"max":41426588,"mean":4502289,"median":4402933,"min":1449867.5,"var":1716253491200},"spectral_strongpeak":{"dmean":0.566747128963,"dmean2":0.981966018677,"dvar":0.914006412029,"dvar2":2.43420958519,"max":12.4892883301,"mean":0.802662670612,"median":0.440129756927,"min":0,"var":1.15264952183},"zerocrossingrate":{"dmean":0.00972984638065,"dmean2":0.0121948989108,"dvar":0.000112167326733,"dvar2":0.000132313507493,"max":0.794921875,"mean":0.0847719982266,"median":0.07958984375,"min":0.01904296875,"var":0.00171929388307}},"metadata":{"audio_properties":{"analysis_sample_rate":44100,"bit_rate":196236,"codec":"mp3","downmix":"mix","equal_loudness":0,"length":257.933074951,"lossless":false,"md5_encoded":"4ab39bec4e7fa136e32815de73b4d67e","replay_gain":-14.6748924255,"sample_rate":44100},"tags":{"acoustid_id":["9ffed1dd-d103-4fa3-9c8c-6b0b28ec4eed"],"album":["Inferno"],"albumartist":["Motörhead"],"albumartistsort":["Motörhead"],"artist":["Motörhead"],"artistsort":["Motörhead"],"asin":["B000294SFW"],"barcode":["060768524125"],"catalognumber":["06076-85241-2"],"date":["2004-06-22"],"file_name":"09 - In the Year of the Wolf.mp3","isrc":["GBAJE0400495"],"label":["Sanctuary Records"],"media":["CD"],"musicbrainz album release country":["US"],"musicbrainz album status":["official"],"musicbrainz album type":["album"],"musicbrainz_albumartistid":["57961a97-3796-4bf7-9f02-a985a8979ae9"],"musicbrainz_albumid":["169c583d-4e30-43ad-90bb-778e131f6c80"],"musicbrainz_artistid":["57961a97-3796-4bf7-9f02-a985a8979ae9"],"musicbrainz_recordingid":["a3fa4792-863e-45f8-a298-4098b3186687"],"musicbrainz_releasegroupid":["0b4ec2a1-c8fe-4dd0-a0b1-d2926a85be15"],"originaldate":["2004"],"script":["Latn"],"title":["In the Year of the Wolf"],"tracknumber":["9/12"]},"version":{"essentia":"2.1-beta2","essentia_build_sha":"70f2e5ece6736b2c40cc944ad0e695b16b925413","essentia_git_sha":"v2.1_beta2","extractor":"music 1.0"}},"rhythm":{"beats_count":626,"beats_loudness":{"dmean":0.0104762623087,"dmean2":0.017805211246,"dvar":0.0000691577952239,"dvar2":0.000194907974219,"max":0.0761632472277,"mean":0.0307399705052,"median":0.0299912504852,"min":3.82239262464e-9,"var":0.000116498005809},"beats_loudness_band_ratio":{"dmean":[0.203182458878,0.129793599248,0.0921935811639,0.0896268561482,0.0723473727703,0.0482444837689],"dmean2":[0.346135467291,0.235684901476,0.160617411137,0.15499484539,0.124653838575,0.0845043435693],"dvar":[0.0214527864009,0.00925485417247,0.0062670391053,0.00808467902243,0.00555540714413,0.0