{"lowlevel":{"average_loudness":0.283001542091,"barkbands":{"dmean":[0.000338469952112,0.00896607059985,0.00266452413052,0.00119723321404,0.00119288067799,0.00111076212488,0.000740517163649,0.00124999682885,0.000675238610711,0.000294018158456,0.000183787880815,0.000373715651222,0.000301663734717,0.000362449703971,0.00028046706575,0.0000852806406328,0.0000865985130076,0.0000691473469487,0.0000732962653274,0.0000766339508118,0.0000807806645753,0.0000576360434934,0.0000507278309669,0.0000305949688482,0.0000255554550677,0.0000228616027016,0.00000662691445541],"dmean2":[0.000511384394486,0.0139933908358,0.00484473863617,0.00207473360933,0.00204657460563,0.00183286098763,0.00122316740453,0.00199034437537,0.00108539441135,0.000492138497066,0.000305079389364,0.000594568089582,0.000474829459563,0.000578641484026,0.000441949203378,0.00014034450578,0.000139851123095,0.000113341855467,0.000118897951324,0.000122773853946,0.000120814016555,0.0000866164846229,0.0000740277391742,0.0000448069731647,0.0000385483472201,0.0000348484754795,0.000010083916095],"dvar":[6.16768659256e-7,0.000792719481979,0.0000716345093679,0.00000825954793982,0.00000907245430426,0.00000637040557194,0.00000224233508561,0.00000551042285224,0.00000201502189157,4.23538494942e-7,2.63072081452e-7,5.08012874434e-7,7.14824977877e-7,0.0000010568351172,7.38468202144e-7,5.1243510768e-8,4.80919588597e-8,2.4724764458e-8,2.08807691138e-8,1.89117788096e-8,2.56584851144e-8,1.49503769364e-8,1.32147484067e-8,5.40167155449e-9,4.24938928489e-9,4.1151144714e-9,3.81430831364e-10],"dvar2":[0.00000151115466451,0.00184700638056,0.000210663289181,0.0000234542021644,0.0000252826630458,0.0000176570047188,0.00000600793737249,0.0000135300570037,0.00000477917956232,0.00000111703729999,6.82290874465e-7,0.00000127087582769,0.0000015408438685,0.00000258147315435,0.00000175679997483,1.17928273369e-7,1.19451314617e-7,6.34204866401e-8,5.27778212245e-8,4.65769041114e-8,5.76092062943e-8,3.38574963621e-8,2.97368014657e-8,1.22509433709e-8,9.68752367214e-9,9.35563448934e-9,8.44321612625e-10],"max":[0.00941754691303,0.324803203344,0.116195067763,0.0418636240065,0.0774319991469,0.0611050836742,0.0360603667796,0.0590032488108,0.0458812713623,0.0221204068512,0.0200961381197,0.0203934740275,0.029862858355,0.05288926512,0.0311542712152,0.0131747405976,0.00841043703258,0.00285407272168,0.00340848346241,0.0033143456094,0.00189886346925,0.00155974016525,0.00151518417988,0.00111599790398,0.000746125879232,0.000612631614786,0.000195729240659],"mean":[0.000615567842033,0.0138145331293,0.00393160525709,0.00177398708183,0.00190465012565,0.00206970539875,0.00140967092011,0.00236665713601,0.00122124387417,0.000491031154525,0.000294202298392,0.000755381130148,0.000538129068445,0.000646083673928,0.000511414604262,0.000159115807037,0.000172390573425,0.000139167299494,0.00015641223581,0.000161786025274,0.000125384889543,0.0000828342599561,0.000062473161961,0.0000369179178961,0.0000266860533884,0.0000213244129554,0.00000595080700805],"median":[0.0000848552226671,0.00338820624165,0.00061101524625,0.000447489583166,0.000511145335622,0.000647808308713,0.000405838771258,0.000917358847801,0.000394119211705,0.000185890487046,0.0000785040392657,0.000276449660305,0.000156781854457,0.000209808815271,0.000116584160423,0.0000410120592278,0.0000254405003943,0.0000261951881839,0.0000322470332321,0.0000418186682509,0.000038181689888,0.0000199596343009,0.00000985731730907,0.00000479601249026,0.00000204792149816,5.20156049788e-7,2.62878590007e-8],"min":[1.29566861697e-23,1.73792447194e-23,7.13997768657e-24,1.64187371475e-23,4.90945154673e-23,1.84025787514e-23,2.47039870406e-23,4.71919154925e-23,1.77406992084e-23,3.94843279299e-23,6.48578022881e-23,7.88762139836e-23,8.82403274056e-23,1.13010471477e-22,8.71449403961e-23,9.88383265684e-23,8.88579550073e-23,3.0034034925e-22,2.73843003693e-22,2.84809811106e-22,6.54707598332e-22,6.23131200236e-22,7.24513836726e-22,1.02529127803e-21,1.10175610831e-21,1.80239868587e-21,2.57472284509e-21],"var":[0.00000125080998714,0.000925257860217,0.0000675488336128,0.0000121599687191,0.0000154340050358,0.0000128667606987,0.00000597695043325,0.0000132585519168,0.00000509902292833,8.72370208072e-7,5.26824123881e-7,0.00000154786198436,0.00000170415933098,0.00000255102168012,0.00000186081194897,1.25397605188e-7,1.38435922281e-7,6.36872954374e-8,6.59934329406e-8,6.17542283976e-8,4.42341310247e-8,2.3261547355e-8,1.77874692753e-8,6.96495749963e-9,4.80806061631e-9,4.3227719182e-9,3.94258958814e-10]},"barkbands_crest":{"dmean":2.39009022713,"dmean2":3.78517532349,"dvar":6.77741098404,"dvar2":15.1035318375,"max":25.932718277,"mean":11.7938833237,"median":10.8152198792,"min":2.5052716732,"var":24.4380550385},"barkbands_flatness_db":{"dmean":0.0255117435008,"dmean2":0.0342640727758,"dvar":0.000594139215536,"dvar2":0.00110106926877,"max":0.557761371136,"mean":0.182836622,"median":0.170295074582,"min":0.0146670043468,"var":0.00742191681638},"barkbands_kurtosis":{"dmean":5.26232385635,"dmean2":8.1884727478,"dvar":238.660446167,"dvar2":582.82800293,"max":755.777893066,"mean":17.2795734406,"median":2.33045959473,"min":-1.93076646328,"var":2325.56884766},"barkbands_skewness":{"dmean":0.56891065836,"dmean2":0.84900444746,"dvar":0.640155911446,"dvar2":1.27315914631,"max":18.1588439941,"mean":2.11341500282,"median":1.39833605289,"min":-2.87533140182,"var":6.68335103989},"barkbands_spread":{"dmean":4.28712320328,"dmean2":6.29458093643,"dvar":31.5655994415,"dvar2":63.8311691284,"max":156.099105835,"mean":16.3180427551,"median":14.2760438919,"min":0.191773593426,"var":161.418029785},"dissonance":{"dmean":0.0202445015311,"dmean2":0.0341345593333,"dvar":0.000441595329903,"dvar2":0.00120904087089,"max":0.5,"mean":0.463115423918,"median":0.47187691927,"min":0.233617573977,"var":0.000958354212344},"dynamic_complexity":7.80127286911,"erbbands":{"dmean":[0.294184356928,1.97194945812,3.37744307518,3.30323529243,3.74612402916,4.66252946854,5.86306762695,9.822930336,9.3679933548,14.735253334,29.3506679535,17.7071723938,9.26078701019,8.34721660614,7.76747083664,14.9651098251,13.0121269226,13.8546695709,18.9915485382,9.34130573273,4.73323583603,4.25997114182,3.64985966682,3.15340662003,3.94641470909,3.70516514778,3.31298065186,3.00977730751,2.21223926544,1.70157384872,1.40710735321,0.729801416397,0.502852082253,0.312931060791,0.152063965797,0.097203373909,0.0458037815988,0.009063789621,0.00107589212712,0.000069911540777],"dmean2":[0.453573554754,3.15229916573,6.03109836578,5.85794591904,6.57237291336,7.96559047699,9.79581546783,16.3078269958,15.683754921,23.6387252808,46.9274673462,28.5352745056,15.3172702789,13.7681865692,12.5847682953,23.8986034393,20.5488948822,22.0413246155,30.2178955078,14.5911149979,7.7216258049,6.79004383087,5.97741937637,5.05259418488,6.41699886322,5.90198945999,5.04873228073,4.57935094833,3.34651279449,2.51010990143,2.05362582207,1.05502676964,0.750103592873,0.4755833745,0.230683147907,0.148452535272,0.0703331455588,0.013837764971,0.00162457104307,0.000104929145891],"dvar":[0.899636268616,39.3332481384,109.697273254,90.0822219849,65.6107254028,173.845840454,214.035888672,528.296020508,366.101074219,864.282775879,3265.14453125,1412.99658203,408.650421143,665.578430176,208.382141113,989.648254395,1110.59558105,1430.18310547,3102.65356445,992.801696777,132.715133667,103.508209229,64.0432357788,45.0321350098,58.2103843689,43.6848983765,41.7617301941,38.7882843018,22.6918468475,14.0752792358,9.97326850891,2.87530064583,1.58062636852,0.63912153244,0.162518247962,0.0711787939072,0.0176060423255,0.000687309133355,0.00000996212929749,3.11543679743e-8],"dvar2":[2.01547241211,98.3620071411,319.607330322,263.290527344,184.737136841,499.957305908,588.013244629,1493.7791748,977.280517578,2150.57543945,8126.37597656,3352.74316406,1019.9317627,1610.078125,538.833557129,2489.16381836,2554.06103516,3442.73388672,7493.64648438,2193.78637695,328.098052979,253.867416382,163.571395874,112.634910583,147.536865234,108.085151672,94.322227478,87.9489212036,51.3219490051,31.8082771301,22.1864585876,6.39435386658,3.69610142708,1.50107383728,0.368996679783,0.161104246974,0.0406032279134,0.00155279040337,0.0000218717250391,6.88928309955e-8],"max":[10.2388648987,78.4612960815,152.951797485,125.29839325,139.308807373,392.549285889,301.207794189,688.844360352,439.977996826,697.833740234,1611.81408691,1240.98828125,714.703613281,1183.05712891,339.98059082,699.882873535,944.064147949,1558.51049805,1649.32434082,1655.50488281,254.414764404,364.216491699,133.799072266,156.229644775,140.467269897,111.616996765,99.1083755493,79.799949646,63.6657867432,62.9631767273,44.0492668152,21.2147655487,21.2715892792,10.3483476639,4.25730323792,2.59298706055,1.32611179352,0.225727811456,0.03272690624,0.00203040614724],"mean":[0.346242278814,3.16622447968,5.77978754044,4.81476211548,5.63274478912,7.07845973969,10.1697721481,17.6492118835,17.7826404572,30.4049701691,56.1291007996,33.3653869629,16.362241745,14.9820222855,16.2951717377,30.6577911377,25.8617782593,27.2210407257,35.6453285217,18.2339363098,9.86908721924,9.10677528381,7.7235789299,6.95612955093,8.70811080933,7.75427103043,5.69351768494,4.2773065567,3.17862582207,2.26459646225,1.71744430065,0.912685096264,0.57661575079,0.336098313332,0.154390186071,0.0927497148514,0.0420956425369,0.00820359960198,0.000992843997665,0.0000892892639968],"median":[0.0727956667542,0.56016254425,1.08737874031,1.64637100697,1.85022735596,1.69532322884,2.27241206169,5.45304679871,5.4884018898,11.5547037125,23.3077392578,11.9281930923,7.20162773132,5.47243642807,7.34888267517,11.072971344,8.53964042664,9.3290977478,11.3996419907,4.80186223984,2.42304801941,1.49622261524,1.5760627985,1.34093666077,2.04364514351,2.0420088768,1.81033706665,1.08870053291,0.768128156662,0.481873750687,0.2528193295,0.127389505506,0.0696517974138,0.0329435914755,0.00856187101454,0.00302278343588,0.000856088940054,0.00010944193491,0.0000209293175431,0.0000307034970319],"min":[3.16283669907e-22,4.32574343673e-21,9.90210156469e-21,4.29593633878e-20,1.4959775928e-19,1.02584374016e-19,1.33645787962e-19,2.0818171464e-19,4.54890090093e-19,3.77528772936e-19,9.49559192446e-19,5.03115288491e-19,5.67085921549e-19,2.80551870509e-18,1.92820060766e-18,2.99444737739e-18,3.8051478638e-18,5.82824759442e-18,4.32872506741e-18,6.02651327467e-18,5.42790499924e-18,5.19604585995e-18,1.3613013084e-17,1.7391834684e-17,1.4725667788e-17,1.33065219875e-17,1.72199862574e-17,2.79540394056e-17,2.68053006018e-17,2.35029606772e-17,1.9670975352e-17,1.97804460886e-17,1.68701748851e-17,1.31839156228e-17,7.12657953053e-18,5.70795981692e-18,3.66592054541e-18,1.27181955671e-18,3.97204944016e-19,3.7203772831e-20],"var":[0.968922078609,44.2904434204,116.266082764,88.4460525513,89.6078414917,312.396453857,434.698516846,962.557678223,920.668273926,2429.35498047,7635.94726562,3607.359375,797.793334961,1270.07641602,607.487487793,2916.76513672,3073.57397461,3600.61547852,6724.85644531,2846.25488281,341.221618652,317.759460449,179.846740723,137.015151978,195.646606445,139.440368652,85.5185394287,57.889667511,34.6772537231,20.2615814209,13.5159864426,4.03821468353,1.83903384209,0.704433739185,0.181353613734,0.0764520466328,0.0178721509874,0.000705516780727,0.0000105043973235,3.54661544577e-8]},"erbbands_crest":{"dmean":2.78457522392,"dmean2":4.43107700348,"dvar":7.05943775177,"dvar2":16.9105510712,"max":33.2066307068,"mean":10.8328771591,"median":9.52527523041,"min":2.32656288147,"var":29.6645145416},"erbbands_flatness_db":{"dmean":0.0228920206428,"dmean2":0.0295822359622,"dvar":0.000505249947309,"dvar2":0.000825654540677,"max":0.405984282494,"mean":0.181534230709,"median":0.173402309418,"min":0.0429446436465,"var":0.00365950330161},"erbbands_kurtosis":{"dmean":1.30352365971,"dmean2":2.0215549469,"dvar":4.7408041954,"dvar2":9.84214019775,"max":60.776802063,"mean":1.34767115116,"median":0.277772188187,"min":-1.84036588669,"var":13.9931411743},"erbbands_skewness":{"dmean":0.384086281061,"dmean2":0.586562395096,"dvar":0.136862903833,"dvar2":0.307769030333,"max":6.19669723511,"mean":0.616539776325,"median":0.505551159382,"min":-2.96655416489,"var":0.837219536304},"erbbands_spread":{"dmean":8.33832931519,"dmean2":12.3936700821,"dvar":99.2970809937,"dvar2":203.60458374,"max":134.063751221,"mean":33.7133483887,"median":29.6778793335,"min":1.50872278214,"var":383.345336914},"gfcc":{"cov":[[30073.3261719,-674.281555176,-1150.1920166,-917.22668457,-2627.32324219,-299.153900146,-1810.54675293,767.346923828,-605.892089844,-613.4453125,221.459259033,479.863586426,-316.170410156],[-674.281555176,1690.62756348,-588.301086426,-97.6061706543,197.545410156,-167.86491394,240.864929199,-103.360610962,170.630279541,-58.8295211792,29.6164360046,-217.992614746,90.8682022095],[-1150.1920166,-588.301086426,1113.43603516,331.507781982,224.799667358,252.009277344,72.8871688843,41.1444015503,-104.938499451,56.0503578186,-77.5601196289,61.8203239441,-50.3211555481],[-917.22668457,-97.6061706543,331.507781982,522.11138916,281.996704102,85.6548919678,76.3218917847,-18.3937778473,-58.2683181763,-26.7762565613,18.3035297394,42.397769928,5.99984931946],[-2627.32324219,197.545410156,224.799667358,281.996704102,754.815368652,76.1106567383,232.759765625,-137.482421875,9.44183921814,7.38379049301,-40.5038490295,-1.56152272224,40.0377998352],[-299.153900146,-167.86491394,252.009277344,85.6548919678,76.1106567383,216.650588989,20.5059833527,-17.351600647,-31.4299030304,8.77870750427,-28.9737701416,-8.56134128571,-7.09712839127],[-1810.54675293,240.864929199,72.8871688843,76.3218917847,232.759765625,20.5059833527,259.114013672,-2.05981850624,67.4011917114,38.6269111633,-30.6917705536,-62.6324462891,15.7009887695],[767.346923828,-103.360610962,41.1444015503,-18.3937778473,-137.482421875,-17.351600647,-2.05981850624,150.786148071,27.6548995972,4.62220430374,4.41455221176,14.0724544525,-28.7760486603],[-605.892089844,170.630279541,-104.938499451,-58.2683181763,9.44183921814,-31.4299030304,67.4011917114,27.6548995972,131.387908936,49.6162033081,8.99231529236,-39.9647331238,19.6165122986],[-613.4453125,-58.8295211792,56.0503578186,-26.7762565613,7.38379049301,8.77870750427,38.6269111633,4.62220430374,49.6162033081,130.297531128,26.2635250092,5.13647079468,-10.0932350159],[221.459259033,29.6164360046,-77.5601196289,18.3035297394,-40.5038490295,-28.9737701416,-30.6917705536,4.41455221176,8.99231529236,26.2635250092,123.283927917,53.4251976013,6.7792930603],[479.863586426,-217.992614746,61.8203239441,42.397769928,-1.56152272224,-8.56134128571,-62.6324462891,14.0724544525,-39.9647331238,5.13647079468,53.4251976013,120.789512634,13.5958747864],[-316.170410156,90.8682022095,-50.3211555481,5.99984931946,40.0377998352,-7.09712839127,15.7009887695,-28.7760486603,19.6165122986,-10.0932350159,6.7792930603,13.5958747864,72.8061523438]],"icov":[[0.000115397364425,-0.000201129543711,0.0000915280397749,0.0000454301552963,0.000106238789158,-0.000201563583687,0.000635684642475,-0.000626737077255,0.000367904634913,0.000128520288854,0.000207408593269,-0.00050859519979,0.000343152903952],[-0.000201129543711,0.00179435207974,0.0000832770601846,0.000067256296461,-0.000507324468344,0.00109249749221,-0.0018389938632,0.00139453075826,-0.00097570323851,0.000784806266893,-0.00203277915716,0.00367749040015,-0.00185343681369],[0.0000915280397749,0.0000832770601846,0.00207990850322,-0.000747998943552,-0.000138627918204,-0.00157375331037,0.00010958960047,-0.00141523475759,0.00143317400943,-0.00120159389917,0.00149751512799,-0.0011170252692,0.00064900011057],[0.0000454301552963,0.000067256296461,-0.000747998943552,0.0033192189876,-0.00110182969365,-0.000154451248818,-0.000109511463961,-0.000911159673706,0.00112245290074,0.00130523485132,-0.00197201478295,0.000420369033236,-0.000439182913397],[0.000106238789158,-0.000507324468344,-0.000138627918204,-0.00110182969365,0.00354639440775,-0.000503647024743,-0.00215371116064,0.0029765390791,-0.00119132956024,0.000828232790809,0.0018662547227,-0.00377938267775,0.00169889035169],[-0.000201563583687,0.00109249749221,-0.00157375331037,-0.000154451248818,-0.000503647024743,0.00742868240923,-0.00105902494397,0.00182340166066,0.00000953113067226,-0.0000976077499217,-0.00130606454331,0.00420552864671,-0.00204349006526],[0.000635684642475,-0.0018389938632,0.00010958960047,-0.000109511463961,-0.00215371116064,-0.00105902494397,0.0123944012448,-0.00681609520689,0.00134684995282,-0.00204248167574,0.00163423863705,0.00108210544568,-0.000145526821143],[-0.000626737077255,0.00139453075826,-0.00141523475759,-0.000911159673706,0.0029765390791,0.00182340166066,-0.00681609520689,0.0164519306272,-0.00857928674668,0.00293887639418,0.0000995255395537,-0.00273176585324,0.00436788238585],[0.000367904634913,-0.00097570323851,0.00143317400943,0.00112245290074,-0.00119132956024,0.00000953113067226,0.00134684995282,-0.00857928674668,0.0183289181441,-0.0065197669901,-0.0011649223743,0.00486014503986,-0.00595319457352],[0.000128520288854,0.000784806266893,-0.00120159389917,0.00130523485132,0.000828232790809,-0.0000976077499217,-0.00204248167574,0.00293887639418,-0.0065197669901,0.0134622268379,-0.00349286128767,-0.00198078574613,0.00409567868337],[0.000207408593269,-0.00203277915716,0.00149751512799,-0.00197201478295,0.0018662547227,-0.00130606454331,0.00163423863705,0.0000995255395537,-0.0011649223743,-0.00349286128767,0.0157447811216,-0.0114126494154,0.00366340740584],[-0.00050859519979,0.00367749040015,-0.0011170252692,0.000420369033236,-0.00377938267775,0.00420552864671,0.00108210544568,-0.00273176585324,0.00486014503986,-0.00198078574613,-0.0114126494154,0.0265699774027,-0.0119130052626],[0.000343152903952,-0.00185343681369,0.00064900011057,-0.000439182913397,0.00169889035169,-0.00204349006526,-0.000145526821143,0.00436788238585,-0.00595319457352,0.00409567868337,0.00366340740584,-0.0119130052626,0.0227029062808]],"mean":[-86.6342926025,120.85068512,-115.413986206,32.9612121582,-49.5147705078,15.9652767181,-15.3419265747,1.19546818733,-8.79536628723,14.7959070206,-10.0527868271,-10.1259279251,-11.0310735703]},"hfc":{"dmean":4.46852874756,"dmean2":6.41857910156,"dvar":53.0608673096,"dvar2":109.02381897,"max":112.965919495,"mean":14.8192739487,"median":9.4689207077,"min":1.23156486183e-16,"var":269.903747559},"melbands":{"dmean":[0.00254624057561,0.00197124294937,0.000575106125325,0.000289594521746,0.00019669883477,0.000221249531023,0.000143696903251,0.000179677517735,0.000221468362724,0.000100363431557,0.0000466485253128,0.0000355264746759,0.0000260351771431,0.0000419194766437,0.0000318586426147,0.000030124641853,0.0000279155137832,0.0000358329562005,0.000017986209059,0.00000785612337495,0.0000061258228925,0.00000543421674593,0.00000337599044542,0.00000369931035493,0.00000266085407929,0.00000318765887641,0.00000304381455862,0.00000250440257332,0.00000215141380977,0.00000188352248642,0.0000017688726075,0.00000126904194531,0.00000116793171401,9.25974688926e-7,9.19259548482e-7,5.76478441872e-7,4.02705268243e-7,3.84188751923e-7,3.1537527434e-7,2.38912662098e-7],"dmean2":[0.00392366293818,0.00331125687808,0.00101453741081,0.000501277798321,0.000328752037603,0.000365466170479,0.00024019961711,0.000286089314613,0.000352869072231,0.000162726471899,0.0000773992796894,0.0000587613176322,0.0000426843289461,0.0000668267239234,0.000050749451475,0.0000475161832583,0.0000446717858722,0.0000571785712964,0.0000281623397314,0.0000126446584545,0.0000100728284451,0.00000873328826856,0.00000552729898118,0.00000607806668995,0.00000432699243902,0.00000523530525243,0.00000497873452332,0.00000401678744311,0.00000334956598635,0.00000288542810267,0.00000272355464404,0.00000195361030819,0.00000177660399459,0.00000138542452532,0.00000136936830586,8.44453438731e-7,5.92001072164e-7,5.78876893087e-7,4.80958476601e-7,3.66510391814e-7],"dvar":[0.0000660434379824,0.0000365765445167,0.00000227720352086,5.5957184486e-7,2.36007664967e-7,2.50328213269e-7,8.40562748294e-8,1.06300632297e-7,1.81299881774e-7,4.60958027304e-8,1.03491615278e-8,1.1061847438e-8,3.31830474209e-9,5.79981307425e-9,5.52777246199e-9,6.88282408845e-9,6.20177953436e-9,1.19143876987e-8,3.61416185868e-9,5.14862930068e-10,2.36225095041e-10,2.02464003896e-10,5.4792399784e-11,8.31733293349e-11,3.30767462031e-11,3.93282455213e-11,3.40188779924e-11,2.11488465629e-11,1.71743209931e-11,1.41229033676e-11,1.39434097948e-11,7.62567699958e-12,6.19805899313e-12,4.65929421781e-12,4.36099246992e-12,1.8310435633e-12,9.13438270335e-13,9.46470657924e-13,6.56283946458e-13,3.80697480918e-13],"dvar2":[0.000149934130604,0.000100246354123,0.00000661050489725,0.00000158496914082,6.5021026785e-7,7.01780038526e-7,2.26946127668e-7,2.61083300757e-7,4.55999071391e-7,1.10522258012e-7,2.58424446287e-8,2.72939235657e-8,8.89477380639e-9,1.44725609275e-8,1.31262192227e-8,1.4533350523e-8,1.53248524981e-8,2.85875962902e-8,8.16063927545e-9,1.1574146086e-9,5.86139525804e-10,5.04810415691e-10,1.39225853069e-10,2.16217155291e-10,8.44787850784e-11,1.01091308935e-10,8.78730699316e-11,5.27404578343e-11,4.02294170199e-11,3.25459624528e-11,3.20468443449e-11,1.78971247544e-11,1.40312232319e-11,1.09641106957e-11,9.85273928417e-12,4.09173779928e-12,2.07942127059e-12,2.22056639569e-12,1.57852105952e-12,8.9649262406e-13],"max":[0.0889091566205,0.0855716764927,0.0193663202226,0.0168692469597,0.010169159621,0.0139041030779,0.00750633701682,0.00692228227854,0.0125729804859,0.00670223822817,0.00351467193104,0.00481774332002,0.00175632385071,0.00183542165905,0.00296520651318,0.00306982197799,0.00394836859778,0.00405868189409,0.00310439127497,0.00110386474989,0.000326251232764,0.000566527072806,0.000140856136568,0.000208636920433,0.000145217170939,0.00011510666809,0.000221249953029,0.0000737188238418,0.0000612642907072,0.0000469973747386,0.0000512107872055,0.0000427334780397,0.0000309327333525,0.0000395302668039,0.000029933069527,0.0000188337835425,0.0000131690248963,0.0000160554172908,0.0000111128520075,0.000007818778613],"mean":[0.00348905893043,0.00360928778537,0.000904148851987,0.000440440810053,0.000356132979505,0.000406425097026,0.000279581552604,0.000376293435693,0.000434322777437,0.000179089882295,0.0000766872908571,0.0000611124851275,0.0000479586378788,0.0000836633407744,0.0000627347762929,0.0000547389718122,0.0000502505645272,0.0000628651469015,0.0000329879585479,0.0000144413406815,0.0000115208686111,0.0000105349390651,0.00000662490401737,0.0000069544867074,0.00000530303304913,0.00000644966530672,0.00000627327381153,0.00000477648200103,0.00000363819890481,0.00000276547393696,0.00000236994628722,0.00000176422236109,0.00000159986939252,0.00000115090097097,0.0000010809997093,7.17783677828e-7,4.90570471356e-7,4.32932608874e-7,3.40686568734e-7,2.53488764201e-7],"median":[0.000902564439457,0.000682091689669,0.000341119710356,0.000125943755847,0.0000834274978843,0.00012482375314,0.0000853538076626,0.000155059358804,0.000177704161615,0.0000590736781305,0.0000305576540995,0.0000201913135243,0.0000180442948476,0.0000312380798277,0.0000178293539648,0.0000156492751557,0.0000166746140167,0.0000197739100258,0.00000732469106879,0.00000394852122554,0.00000212421832657,0.00000141520388297,0.00000140156907946,0.00000118338709854,9.77831746241e-7,0.00000126197858208,0.00000170833266111,0.00000115280408863,0.00000109870643428,8.21076298507e-7,5.36950608421e-7,4.50875802471e-7,3.4326842524e-7,2.20748461288e-7,1.51492031364e-7,9.9690574018e-8,6.46299156415e-8,4.96076140166e-8,3.84289506883e-8,2.32248336118e-8],"min":[4.48997302488e-24,5.87202656525e-24,9.74251895418e-24,9.98018460112e-24,4.55083640473e-24,5.04104955959e-24,5.74854577333e-24,5.99394620145e-24,7.13752432916e-24,2.77207536475e-24,2.84728516624e-24,1.12399221027e-23,7.25355551312e-24,8.23446855003e-24,7.80326692404e-24,8.69349172242e-24,1.17548463254e-23,7.2994088421e-24,7.35877220294e-24,7.71284768708e-24,6.41261282765e-24,5.52232373711e-24,7.00356233682e-24,1.44934526885e-23,1.42436914373e-23,9.59721393088e-24,1.23913971225e-23,7.76503951343e-24,7.75807702708e-24,1.57502043516e-23,1.59388841029e-23,1.48948472052e-23,1.21060487781e-23,1.44529762355e-23,1.21016327348e-23,8.71756775724e-24,1.37227624054e-23,1.27287274562e-23,1.08446546687e-23,1.12366861953e-23],"var":[0.0000735543580959,0.0000428570710937,0.00000255214285971,7.80392724664e-7,5.20834760209e-7,4.86860301407e-7,2.17667519564e-7,3.04469949697e-7,4.3847978759e-7,1.11308551709e-7,1.95854763518e-8,2.16109281581e-8,8.19235879135e-9,1.74480927484e-8,1.72181415792e-8,1.66012412706e-8,1.52975694334e-8,2.43867948058e-8,9.41197786375e-9,1.37510258735e-9,5.6071203236e-10,5.6361576517e-10,1.42524977931e-10,1.90842300296e-10,8.42928365996e-11,1.17387086163e-10,1.00578365081e-10,5.80540823747e-11,3.53781691442e-11,2.26097716938e-11,1.94831876327e-11,1.08750742786e-11,9.47751512687e-12,5.95199627432e-12,5.55752709477e-12,2.55536867708e-12,1.22403183509e-12,1.07916258395e-12,7.04182968447e-13,4.16615608114e-13]},"melbands_crest":{"dmean":2.84287118912,"dmean2":4.44629478455,"dvar":8.83593463898,"dvar2":20.6410083771,"max":36.8386650085,"mean":16.210773468,"median":15.1458358765,"min":1.72681462765,"var":44.9877967834},"melbands_flatness_db":{"dmean":0.0289875864983,"dmean2":0.0392268523574,"dvar":0.000792753067799,"dvar2":0.00147758389357,"max":0.698969185352,"mean":0.262799292803,"median":0.243260458112,"min":0.00613969704136,"var":0.0109415845945},"melbands_kurtosis":{"dmean":11.6844863892,"dmean2":18.3121128082,"dvar":958.605041504,"dvar2":2239.9152832,"max":856.488952637,"mean":36.0922889709,"median":6.59264945984,"min":-1.80758583546,"var":8292.87207031},"melbands_skewness":{"dmean":0.792474150658,"dmean2":1.18866121769,"dvar":1.27885341644,"dvar2":2.50755405426,"max":23.1405334473,"mean":3.07028412819,"median":2.12525057793,"min":-1.66448116302,"var":10.8520555496},"melbands_spread":{"dmean":4.38692331314,"dmean2":6.66218948364,"dvar":38.0626678467,"dvar2":88.3998565674,"max":162.10635376,"mean":16.8720855713,"median":15.3163557053,"min":0.127494350076,"var":156.476699829},"mfcc":{"cov":[[24014.0917969,1636.99133301,-1668.48059082,-59.0505523682,-1400.98657227,-1136.61291504,-970.491455078,-41.5159683228,-753.413513184,-567.115844727,-618.021179199,-356.893218994,285.792480469],[1636.99133301,1445.14538574,-578.585998535,-98.4702453613,-237.185302734,-122.956604004,-110.162979126,-88.8536987305,23.8462543488,18.9007396698,-24.7627220154,-12.1635065079,-7.26975297928],[-1668.48059082,-578.585998535,926.741821289,122.032501221,179.759719849,185.45274353,157.484481812,100.495620728,46.925693512,92.4725723267,43.6866416931,37.1313972473,-1.53610754013],[-59.0505523682,-98.4702453613,122.032501221,377.162384033,171.15020752,52.0406112671,104.060882568,100.860954285,-7.37856340408,-44.8982963562,-1.46263623238,30.5564117432,33.523525238],[-1400.98657227,-237.185302734,179.759719849,171.15020752,397.40713501,215.215927124,165.417358398,95.5132446289,44.4985847473,-8.08733558655,24.7416324615,12.2520341873,-16.8827972412],[-1136.61291504,-122.956604004,185.45274353,52.0406112671,215.215927124,252.420166016,137.438369751,39.3602485657,36.1734733582,27.1195201874,18.4926166534,-17.9244327545,-32.5032958984],[-970.491455078,-110.162979126,157.484481812,104.060882568,165.417358398,137.438369751,181.138534546,79.5463409424,36.01197052,13.4229326248,24.9857654572,16.6860942841,-16.6791858673],[-41.5159683228,-88.8536987305,100.495620728,100.860954285,95.5132446289,39.3602485657,79.5463409424,132.920928955,37.4768562317,-5.72239494324,-7.7513422966,0.283905357122,3.96878576279],[-753.413513184,23.8462543488,46.925693512,-7.37856340408,44.4985847473,36.1734733582,36.01197052,37.4768562317,132.328323364,66.5289611816,23.6623249054,5.40950298309,-26.7031402588],[-567.115844727,18.9007396698,92.4725723267,-44.8982963562,-8.08733558655,27.1195201874,13.4229326248,-5.72239494324,66.5289611816,111.715110779,49.0900611877,12.9591417313,-7.91673517227],[-618.021179199,-24.7627220154,43.6866416931,-1.46263623238,24.7416324615,18.4926166534,24.9857654572,-7.7513422966,23.6623249054,49.0900611877,87.0769424438,53.5213088989,7.62529277802],[-356.893218994,-12.1635065079,37.1313972473,30.5564117432,12.2520341873,-17.9244327545,16.6860942841,0.283905357122,5.40950298309,12.9591417313,53.5213088989,94.0692214966,43.3570976257],[285.792480469,-7.26975297928,-1.53610754013,33.523525238,-16.8827972412,-32.5032958984,-16.6791858673,3.96878576279,-26.7031402588,-7.91673517227,7.62529277802,43.3570976257,95.7010345459]],"icov":[[0.000100349556305,-0.0000647612541798,0.0000596911595494,-0.0000833367594169,0.000200043112272,0.0000248324631684,0.000342878105585,-0.00046258608927,0.000457679969259,-0.0000319153623423,0.000246218696702,0.000195215921849,-0.000134772999445],[-0.0000647612541798,0.0011133570224,0.000719811883755,-0.000237286832999,0.000530755554792,-0.000492869352456,-0.000278587220237,0.000428411294706,-0.000512755475938,-0.000858361367136,0.000646882981528,-0.000794732768554,0.000326991488691],[0.0000596911595494,0.000719811883755,0.00215229764581,-0.00051256880397,0.000633021409158,-0.00125142675824,0.00000274266267297,-0.00115960044786,0.00107914209366,-0.00266150035895,0.0016161337262,-0.0015090770321,0.00046158611076],[-0.0000833367594169,-0.000237286832999,-0.00051256880397,0.00451088463888,-0.00187679321971,0.00131396902725,-0.00165395031217,-0.00122345099226,0.000128884057631,0.0015530702658,-0.000308225426124,-0.000339926453307,-0.00113686174154],[0.000200043112272,0.000530755554792,0.000633021409158,-0.00187679321971,0.00757693685591,-0.00521370209754,0.000168941507582,-0.00241483771242,-0.000619848608039,0.00205690064467,-0.000584811088629,-0.000835955899674,0.000228544435231],[0.0000248324631684,-0.000492869352456,-0.00125142675824,0.00131396902725,-0.00521370209754,0.0121851516888,-0.00617699790746,0.00332553079352,0.000178490256076,-0.000982896541245,-0.00104972592089,0.00534839276224,-0.000958636053838],[0.000342878105585,-0.000278587220237,0.00000274266267297,-0.00165395031217,0.000168941507582,-0.00617699790746,0.0161627735943,-0.00749496323988,0.00213468819857,-0.00024523268803,-0.000287495611701,-0.00343437260017,0.00274812616408],[-0.00046258608927,0.000428411294706,-0.00115960044786,-0.00122345099226,-0.00241483771242,0.00332553079352,-0.00749496323988,0.0168898757547,-0.00707022054121,0.00245517515577,0.000342961313436,0.00233024172485,-0.0023320261389],[0.000457679969259,-0.000512755475938,0.00107914209366,0.000128884057631,-0.000619848608039,0.000178490256076,0.00213468819857,-0.00707022054121,0.0168443582952,-0.0103459935635,0.00401571346447,-0.00267468043603,0.00391893228516],[-0.0000319153623423,-0.000858361367136,-0.00266150035895,0.0015530702658,0.00205690064467,-0.000982896541245,-0.00024523268803,0.00245517515577,-0.0103459935635,0.0232249759138,-0.0130538875237,0.00631061661988,-0.00345661840402],[0.000246218696702,0.000646882981528,0.0016161337262,-0.000308225426124,-0.000584811088629,-0.00104972592089,-0.000287495611701,0.000342961313436,0.00401571346447,-0.0130538875237,0.029162235558,-0.016519812867,0.00412503397092],[0.000195215921849,-0.000794732768554,-0.0015090770321,-0.000339926453307,-0.000835955899674,0.00534839276224,-0.00343437260017,0.00233024172485,-0.00267468043603,0.00631061661988,-0.016519812867,0.0274128876626,-0.0109019996598],[-0.000134772999445,0.000326991488691,0.00046158611076,-0.00113686174154,0.000228544435231,-0.000958636053838,0.00274812616408,-0.0023320261389,0.00391893228516,-0.00345661840402,0.00412503397092,-0.0109019996598,0.0169905535877]],"mean":[-719.276672363,137.697662354,5.69199943542,22.5710430145,-3.00112867355,18.6216697693,5.05304479599,-3.21293878555,4.26328516006,15.1371507645,10.9599046707,6.92809343338,1.92872536182]},"pitch_salience":{"dmean":0.0655134543777,"dmean2":0.103884443641,"dvar":0.00434774719179,"dvar2":0.0104329800233,"max":0.881975889206,"mean":0.4900585711,"median":0.498299628496,"min":0.0706278011203,"var":0.0183468088508},"silence_rate_20dB":{"dmean":0,"dmean2":0,"dvar":0,"dvar2":0,"max":1,"mean":1,"median":1,"min":1,"var":0},"silence_rate_30dB":{"dmean":0.0502343028784,"dmean2":0.100478023291,"dvar":0.0477122925222,"dvar2":0.0999417454004,"max":1,"mean":0.933183372021,"median":1,"min":0,"var":0.0623513609171},"silence_rate_60dB":{"dmean":0.0183692593127,"dmean2":0.036741964519,"dvar":0.0180304180831,"dvar2":0.0417599976063,"max":1,"mean":0.290506988764,"median":0,"min":0,"var":0.206093519926},"spectral_centroid":{"dmean":199.516372681,"dmean2":299.696258545,"dvar":58315.9609375,"dvar2":123776.867188,"max":11458.34375,"mean":1035.01269531,"median":943.723937988,"min":117.441307068,"var":271012.125},"spectral_complexity":{"dmean":2.56063723564,"dmean2":4.00037479401,"dvar":11.1397686005,"dvar2":22.1303577423,"max":58,"mean":15.3771905899,"median":14,"min":0,"var":152.820617676},"spectral_contrast_coeffs":{"dmean":[0.0403057597578,0.0453866869211,0.035634920001,0.0281662512571,0.0187938492745,0.0173500012606],"dmean2":[0.0674869790673,0.0749571621418,0.0589925423265,0.0460832640529,0.0309546273202,0.0279314219952],"dvar":[0.00133689190261,0.00134360475931,0.0007998822839,0.000506881682668,0.000241889036261,0.000244792492595],"dvar2":[0.00366402301006,0.00363098364323,0.00218420359306,0.00135131028946,0.000635347503703,0.000634847849142],"max":[-0.406447142363,-0.465887963772,-0.562674283981,-0.572213172913,-0.618629872799,-0.590237498283],"mean":[-0.698696672916,-0.731499195099,-0.783751606941,-0.79357367754,-0.822298407555,-0.744644761086],"median":[-0.695602297783,-0.727567434311,-0.782269954681,-0.794755220413,-0.821228682995,-0.747823894024],"min":[-0.964636385441,-0.965616106987,-0.971509754658,-0.96589910984,-0.953289866447,-0.961441636086],"var":[0.00655617937446,0.0055415360257,0.00339788151905,0.00302788754925,0.00135527667589,0.00126323418226]},"spectral_contrast_valleys":{"dmean":[0.345343708992,0.34415012598,0.318781137466,0.263085901737,0.301968634129,0.450304448605],"dmean2":[0.57513743639,0.573968172073,0.518501937389,0.422815531492,0.424810856581,0.514788985252],"dvar":[0.11836707592,0.0982866883278,0.0881290882826,0.0698506906629,0.109527431428,0.23113900423],"dvar2":[0.286914616823,0.237967088819,0.202516168356,0.148492798209,0.202877655625,0.338506877422],"max":[-4.77601289749,-4.42854690552,-5.33879804611,-5.60513162613,-5.73741054535,-8.19280529022],"mean":[-7.58163118362,-7.21029376984,-7.91131067276,-8.21539878845,-8.40986633301,-11.3693447113],"median":[-7.14022493362,-6.58540344238,-7.19317054749,-7.68449258804,-8.01484775543,-10.833565712],"min":[-27.1375617981,-27.0547504425,-27.2381496429,-27.3550453186,-27.4745998383,-27.2018070221],"var":[2.27966618538,3.81726288795,3.48175978661,2.52379393578,2.91646695137,3.7382683754]},"spectral_decrease":{"dmean":3.28544236261e-9,"dmean2":5.09173814223e-9,"dvar":7.22091418544e-17,"dvar2":1.65611273042e-16,"max":4.76442480303e-16,"mean":-8.51834780491e-9,"median":-5.404675818e-9,"min":-1.05822110186e-7,"var":1.3161608216e-16},"spectral_energy":{"dmean":0.0126708615571,"dmean2":0.0195910260081,"dvar":0.00104760727845,"dvar2":0.00239988602698,"max":0.403386741877,"mean":0.0334942787886,"median":0.0215467121452,"min":1.09690910457e-20,"var":0.00196458003484},"spectral_energyband_high":{"dmean":0.000286452210275,"dmean2":0.000408769352362,"dvar":3.52875616727e-7,"dvar2":7.55052781187e-7,"max":0.0071798725985,"mean":0.000430208951002,"median":0.000100648096122,"min":8.39951101832e-21,"var":5.86044109241e-7},"spectral_energyband_low":{"dmean":0.0106521518901,"dmean2":0.0165691375732,"dvar":0.00102096470073,"dvar2":0.00236023403704,"max":0.38845539093,"mean":0.0191884227097,"median":0.00698643177748,"min":4.17659818805e-23,"var":0.00134470593184},"spectral_energyband_middle_high":{"dmean":0.0011213128455,"dmean2":0.00170691253152,"dvar":0.00000395587858293,"dvar2":0.00000907509911485,"max":0.0562715344131,"mean":0.00387979950756,"median":0.00195254781283,"min":1.39508422879e-21,"var":0.0000256071834883},"spectral_energyband_middle_low":{"dmean":0.00376358069479,"dmean2":0.0062045478262,"dvar":0.0000400220196752,"dvar2":0.000104914543044,"max":0.112880825996,"mean":0.0108959702775,"median":0.00721454806626,"min":1.74956676516e-22,"var":0.000146647988004},"spectral_entropy":{"dmean":0.20346480608,"dmean2":0.267737388611,"dvar":0.0396881699562,"dvar2":0.0687980428338,"max":9.7939119339,"mean":7.38938426971,"median":7.44066810608,"min":5.46557092667,"var":0.239548161626},"spectral_flux":{"dmean":0.0243689380586,"dmean2":0.0380260832608,"dvar":0.00216743350029,"dvar2":0.00478510465473,"max":0.501398265362,"mean":0.0728834494948,"median":0.0588341914117,"min":1.04733430262e-10,"var":0.00520483683795},"spectral_kurtosis":{"dmean":2.44949102402,"dmean2":3.92863631248,"dvar":9.39353656769,"dvar2":24.238571167,"max":37.6611785889,"mean":5.13944721222,"median":3.85032558441,"min":-1.16628229618,"var":18.3811302185},"spectral_rms":{"dmean":0.000782657007221,"dmean2":0.00116819469258,"dvar":0.00000224737232202,"dvar2":0.00000455999543192,"max":0.0198380462825,"mean":0.00457444461063,"median":0.00458488613367,"min":3.27132266588e-12,"var":0.000011751857528},"spectral_rolloff":{"dmean":278.710235596,"dmean2":464.708862305,"dvar":398878.8125,"dvar2":921967.625,"max":21210.2050781,"mean":1000.2387085,"median":667.529296875,"min":43.06640625,"var":2589181.75},"spectral_skewness":{"dmean":0.306730926037,"dmean2":0.462665945292,"dvar":0.0913625955582,"dvar2":0.215651273727,"max":4.48915433884,"mean":1.59874808788,"median":1.49878895283,"min":-0.166601285338,"var":0.29790854454},"spectral_spread":{"dmean":639356.375,"dmean2":804937.4375,"dvar":602550829056,"dvar2":942879997952,"max":39706448,"mean":4045478.5,"median":3843598.75,"min":1377261.5,"var":2227003981820},"spectral_strongpeak":{"dmean":0.287786871195,"dmean2":0.489674568176,"dvar":0.319289714098,"dvar2":0.795149505138,"max":14.8242998123,"mean":0.555571079254,"median":0.40472137928,"min":0,"var":0.48357090354},"zerocrossingrate":{"dmean":0.00864431727678,"dmean2":0.0100258979946,"dvar":0.000125099017168,"dvar2":0.000155175715918,"max":0.72216796875,"mean":0.0430622771382,"median":0.03564453125,"min":0.00146484375,"var":0.00211676675826}},"metadata":{"audio_properties":{"analysis_sample_rate":44100,"bit_rate":263661,"codec":"mp3","downmix":"mix","equal_loudness":0,"length":247.745300293,"lossless":false,"md5_encoded":"af59e5b82309dc411d2d0d39c906f7ee","replay_gain":-9.8998966217,"sample_rate":44100},"tags":{"album":["Holy Fire"],"artist":["Foals"],"date":["2013"],"discnumber":["1"],"encoding":["LAME 32bits version 3.99.3 (http://lame.sf.net)"],"file_name":"1892463.mp3","genre":["Indie"],"length":["247706"],"musicbrainz_recordingid":["a407f9f1-2faa-4698-b4d3-c34e97b0e2b9"],"title":["Prelude"],"tracknumber":["01"]},"version":{"essentia":"2.1-beta2","essentia_build_sha":"70f2e5ece6736b2c40cc944ad0e695b16b925413","essentia_git_sha":"v2.1_beta2","extractor":"music 1.0"}},"rhythm":{"beats_count":394,"beats_loudness":{"dmean":0.0503896772861,"dmean2":0.0948158577085,"dvar":0.00243109790608,"dvar2":0.00837573502213,"max":0.243089273572,"mean":0.0592891424894,"median":0.0534272566438,"min":1.91392004467e-8,"var":0.00307371467352},"beats_loudness_band_ratio":{"dmean":[0.397806972265,0.144860222936,0.179334431887,0.0751839056611,0.0448798798025,0.0497796460986],"dmean2":[0.775731384754,0.282343804836,0.341407984495,0.142779678106,0.0827758833766,0.0954279378057],"dvar":[0.0822914168239,0.0164954066277,0.0305060800165,0.00655518006533,0.00220518303104,0.00299882073887],"dvar2":[0.309332489967,0.0577891394496,0.114724002779,0.0205085612833,0.00574933225289,0.00824534334242],"max":[0.999740540981,0.650233268738,0.929196834564,0.489009439945,0.537765622139,0.557557940483],"mean":[0.540768802166,0.120658032596,0.197996750474,0.0791500136256,0.0544059202075,0.0414879880846],"median":[0.530278921127,0.0642744079232,0.152600198984,0.0540830567479,0.0330428108573,0.0204075407237],"min":[0.00532114459202,0.0000458288195659,0.0000067494470386,0.0000743714554119,0.0000845526883495,0.0000708082079655],"var":[0.105036482215,0.0183108132333,0.03548364