{"lowlevel":{"average_loudness":0.909919798374,"barkbands":{"dmean":[0.000184405114851,0.00364827504382,0.00243804091588,0.00199264357798,0.00204163161106,0.000796624459326,0.000498088425957,0.000467411184218,0.00049678364303,0.000412451743614,0.000280837877654,0.000340380385751,0.000299057661323,0.000341284176102,0.000394008151488,0.000383216654882,0.000424258323619,0.000273800687864,0.000226382631809,0.000162156444276,0.000125028775074,0.000134009067551,0.0000998447649181,0.0000627118570264,0.0000641009610263,0.0000261521945504,0.00000595982055529],"dmean2":[0.000306065310724,0.00618708832189,0.0042752600275,0.00347187765874,0.00332386675291,0.00133732554968,0.000797809741925,0.000756351277232,0.000810246390756,0.000671573157888,0.000454241468105,0.000555128674023,0.000488249788759,0.000555190781597,0.000651429989375,0.000633491959888,0.000699508818798,0.000445901998319,0.000367736414773,0.000257956737187,0.000195413565962,0.000202238064958,0.0001480452338,0.0000904239568627,0.0000920763559407,0.0000377045107598,0.00000911999086384],"dvar":[1.77134182877e-7,0.0000672836831654,0.0000345061926055,0.0000162629021361,0.00000931590693654,0.00000272790589406,0.00000115216380436,0.00000204315847441,7.63024161188e-7,5.84690099004e-7,3.19812016869e-7,3.61136414995e-7,3.28519860204e-7,3.58365610964e-7,6.22227048552e-7,5.71506859615e-7,6.65577715608e-7,1.86537747027e-7,1.49792796833e-7,8.39741716163e-8,1.11308082751e-7,1.92988977687e-7,1.08966318635e-7,8.49988168738e-8,3.27888010077e-8,8.15132494836e-9,1.77897377385e-10],"dvar2":[4.87607110244e-7,0.000181483730557,0.0000987218882074,0.0000456432280771,0.0000228502158279,0.00000732574699214,0.00000282248015537,0.0000051588867791,0.00000199404644263,0.00000148375988829,8.11168206383e-7,9.35502896482e-7,8.10943731722e-7,8.65799052008e-7,0.00000167906671322,0.00000148358253682,0.00000175206139374,4.85077464418e-7,3.80053194249e-7,2.04947284033e-7,2.50956276204e-7,3.94726413333e-7,2.23582688363e-7,1.54318598788e-7,6.44647428771e-8,1.57170045867e-8,4.39322495049e-10],"max":[0.00511184521019,0.118180811405,0.0630658566952,0.0790357068181,0.0586394220591,0.022358449176,0.027630051598,0.0324822962284,0.0181427448988,0.0180059242994,0.0153305996209,0.0104808500037,0.0155588230118,0.0163671448827,0.0209574978799,0.0189825817943,0.0206140428782,0.00950880441815,0.0121177472174,0.0060450672172,0.00708627747372,0.0121637256816,0.00918888673186,0.0153324427083,0.00685387244448,0.00560987601057,0.000403674523113],"mean":[0.00022630004969,0.00513866683468,0.00304681179114,0.00216921651736,0.00346972094849,0.00132499402389,0.000907266628928,0.00073175993748,0.000889546587132,0.000735288776923,0.00047991622705,0.000600354920607,0.000530290824827,0.000629229587503,0.000742988428101,0.00075041456148,0.000885758898221,0.000612748088315,0.000535828410648,0.000386198691558,0.000283899775241,0.00030270795105,0.000213159117266,0.000141370750498,0.000145852944115,0.0000625544271315,0.0000110810824481],"median":[0.0000350479713234,0.00255530141294,0.00129345804453,0.000837947882246,0.00236311787739,0.000657832017168,0.000501930015162,0.000251985329669,0.000516043975949,0.000321795465425,0.000196642882656,0.000292171986075,0.000262266548816,0.000322035630234,0.000348200119333,0.000401955854613,0.00052272080211,0.000370314402971,0.000304012268316,0.000193179934286,0.0000868015777087,0.0000707113213139,0.0000606301546213,0.0000464698387077,0.0000595279125264,0.0000254505757766,0.00000527594193045],"min":[1.67322703087e-24,1.2691961016e-23,3.67584056613e-24,1.5707768368e-23,1.76036346261e-23,3.44440810363e-23,2.35092508887e-23,7.20607965504e-23,6.11027044724e-23,2.10658078773e-23,3.47161149863e-23,1.20931884521e-22,1.62696705198e-22,9.22579581305e-23,1.21911170138e-22,1.41664184096e-22,1.5809571499e-22,1.53838453565e-22,3.06895164906e-22,3.40087655007e-22,4.76406404013e-22,4.17364065386e-22,7.0469169331e-22,1.15962643944e-21,1.24036702205e-21,1.91664836317e-21,2.09258156114e-21],"var":[2.29973196042e-7,0.0000709892701707,0.0000286348622467,0.0000146164056787,0.0000147448445205,0.00000393162690671,0.00000210341613638,0.00000334900028065,0.00000154044982992,0.00000126898896724,8.23036202746e-7,8.16412182303e-7,6.96633321695e-7,8.49689058668e-7,0.00000133934725,0.00000135843856697,0.00000173976116002,5.45449609035e-7,4.62426953618e-7,2.87197934767e-7,3.88043929433e-7,7.95039170498e-7,3.08922125214e-7,2.31542429674e-7,9.61063051363e-8,2.45123707998e-8,2.78383149865e-10]},"barkbands_crest":{"dmean":2.3995923996,"dmean2":3.96527194977,"dvar":5.63943529129,"dvar2":15.0139904022,"max":26.022403717,"mean":9.40374755859,"median":8.1374874115,"min":2.25130271912,"var":23.815580368},"barkbands_flatness_db":{"dmean":0.0196318719536,"dmean2":0.0303213875741,"dvar":0.000471432227641,"dvar2":0.00107463554014,"max":0.495200037956,"mean":0.114354275167,"median":0.0921805351973,"min":0.0193780940026,"var":0.00488920882344},"barkbands_kurtosis":{"dmean":3.26837205887,"dmean2":5.07121324539,"dvar":68.0280227661,"dvar2":153.324172974,"max":246.985061646,"mean":4.97491884232,"median":0.359196782112,"min":-1.88140130043,"var":242.199157715},"barkbands_skewness":{"dmean":0.566327869892,"dmean2":0.875809073448,"dvar":0.453170776367,"dvar2":1.06028294563,"max":13.6160621643,"mean":1.43041586876,"median":1.09667015076,"min":-1.84737026691,"var":2.29412722588},"barkbands_spread":{"dmean":5.7447142601,"dmean2":8.9447555542,"dvar":42.0066986084,"dvar2":92.4592437744,"max":102.012245178,"mean":28.0989894867,"median":27.9018516541,"min":0.365732043982,"var":248.955001831},"dissonance":{"dmean":0.0137377893552,"dmean2":0.0226398147643,"dvar":0.000261021865299,"dvar2":0.000656329269987,"max":0.500000059605,"mean":0.471198290586,"median":0.481193006039,"min":0.187883526087,"var":0.000959258468356},"dynamic_complexity":3.94692063332,"erbbands":{"dmean":[0.0957047715783,0.900757431984,2.42560315132,5.10575151443,7.84994983673,6.50160217285,6.103099823,6.33738708496,7.12514209747,7.57425737381,10.6004190445,9.6621837616,14.2984008789,9.80365371704,10.3203296661,13.4703197479,13.171046257,14.5788831711,18.0784568787,20.9129333496,21.0135650635,22.9513492584,15.5195522308,10.6986675262,10.7867364883,7.49054908752,4.87844324112,5.25350093842,5.13355493546,3.95384168625,2.71092486382,1.54770970345,0.99614751339,0.645096242428,0.546299278736,0.174214795232,0.0407674610615,0.00649877544492,0.00102741119917,0.0000742900592741],"dmean2":[0.159455284476,1.55459606647,4.21296882629,8.90424346924,13.334446907,10.5320587158,10.1714782715,10.566742897,11.4843740463,11.9939031601,17.1572875977,15.7540769577,23.2462654114,15.674495697,16.4741744995,21.9667396545,21.5446338654,23.3998680115,29.7361221313,34.226852417,34.5539932251,37.7594032288,25.2423534393,17.2559204102,17.4348773956,11.9143152237,7.56671333313,8.27715778351,7.79608154297,5.81561183929,4.04116868973,2.22306132317,1.42984294891,0.934475004673,0.811194717884,0.254077076912,0.0606847070158,0.00956515129656,0.0015586031368,0.000115647235361],"dvar":[0.0412181466818,4.41488647461,32.5000495911,134.43447876,224.324737549,81.8276138306,178.619644165,148.917953491,220.33984375,401.897369385,863.087097168,338.020141602,687.909729004,337.985534668,394.620056152,584.540893555,658.260009766,786.163818359,1246.96813965,1818.88391113,1906.51855469,2302.19555664,610.016357422,293.39050293,362.189575195,189.357650757,162.819381714,206.999191284,273.309234619,176.580505371,91.727722168,60.8574714661,16.8851642609,4.24034786224,2.21099019051,0.319955796003,0.0209142155945,0.000355639960617,0.00000493918105349,4.03871460719e-8],"dvar2":[0.101206310093,12.3170862198,92.2582168579,375.692169189,585.914672852,202.698272705,474.52520752,392.035491943,536.174560547,1021.61810303,2172.14770508,866.548706055,1791.63720703,828.606018066,979.785949707,1538.41784668,1634.15136719,1806.16271973,3335.45288086,4817.44726562,5056.60693359,6072.27832031,1580.58886719,730.124206543,947.952392578,466.590393066,360.211975098,482.668212891,583.380432129,356.55480957,190.723892212,115.889976501,31.5262260437,8.25224971771,4.7544760704,0.594165682793,0.044245865196,0.000800633511972,0.0000119881660794,1.06693946123e-7],"max":[2.41571307182,29.6892356873,68.6422653198,151.254653931,370.601013184,145.845962524,238.141952515,229.269546509,338.237182617,618.879333496,698.871765137,469.757568359,621.179748535,397.822052002,728.375061035,526.924438477,808.426635742,926.58190918,1127.96862793,1431.68200684,1180.03027344,1343.58728027,518.984436035,550.961730957,480.890899658,253.568496704,294.882202148,357.314697266,453.06137085,465.290039062,318.967895508,376.840209961,195.835662842,94.8079071045,46.3729705811,29.3024673462,8.70687770844,1.33060860634,0.0740028768778,0.00389686902054],"mean":[0.130543425679,1.20661592484,3.23846483231,6.09082937241,9.94055366516,12.0372238159,10.0631904602,11.1560592651,12.7745323181,12.9792604446,17.7320213318,17.8744373322,26.9199810028,19.0146923065,19.8008460999,25.456609726,25.7344455719,28.9669055939,35.8595733643,43.1805229187,44.5792999268,50.6390762329,37.1522445679,26.5664234161,26.5000400543,18.237033844,11.3469934464,11.4587469101,11.2400522232,8.81411743164,5.63942861557,3.28756189346,2.20529723167,1.50800943375,1.10610961914,0.400377929211,0.0925540924072,0.0152092305943,0.00193580659106,0.000138580377097],"median":[0.0524026304483,0.597608804703,1.67819416523,2.78429269791,4.97598552704,7.53084087372,5.58940315247,5.82849788666,6.28795862198,6.97604656219,6.95564126968,10.2095508575,14.6132478714,10.1636886597,9.72364139557,12.7832794189,13.8739900589,15.3224363327,19.4426193237,21.7947044373,25.2900619507,31.8958587646,24.2531967163,17.6854629517,13.6816673279,9.27187919617,4.07046699524,3.34937524796,2.72656965256,2.09501600266,1.6219701767,1.01004219055,0.750633895397,0.592675447464,0.453076958656,0.156706526875,0.037869155407,0.00710254209116,0.000939061050303,0.0000856214392115],"min":[6.42185737816e-22,1.53773350452e-21,4.46605677541e-21,3.32722738524e-20,4.03175876182e-20,8.05806330148e-20,1.5225604635e-19,2.53386902472e-19,4.02006779171e-19,1.03839808004e-18,1.05881744705e-18,1.47085906443e-18,1.03396118663e-18,7.43876390436e-19,2.25215493443e-18,5.40586932131e-18,6.32324198555e-18,5.46340014651e-18,6.61023726216e-18,7.4651594445e-18,5.65337168676e-18,9.1304394537e-18,9.77062265389e-18,1.21436135798e-17,1.45949451271e-17,1.62590306875e-17,1.42246428366e-17,2.11281433365e-17,1.67398575427e-17,1.63586662466e-17,1.93375140316e-17,2.13199797554e-17,1.95788919518e-17,1.33683793809e-17,9.40476894076e-18,5.7386374643e-18,3.34079679205e-18,1.39136163089e-18,2.9368949421e-19,3.47700782219e-20],"var":[0.0539833381772,4.07356452942,27.3457946777,116.390365601,238.262710571,189.947265625,228.873321533,251.070526123,435.295959473,585.918884277,1581.84729004,690.143554688,1369.79125977,823.360290527,1078.63928223,1399.6159668,1470.20593262,1849.35095215,2697.94335938,4583.07421875,4584.70263672,6017.47021484,1874.38574219,920.736999512,1213.28466797,633.835876465,532.233642578,701.805786133,1059.51000977,619.084411621,236.743377686,149.106567383,45.3647422791,12.6186761856,5.2790722847,1.03037381172,0.0501790493727,0.000832046498545,0.00000805146737548,4.08161717758e-8]},"erbbands_crest":{"dmean":2.2869849205,"dmean2":3.70473265648,"dvar":5.90799760818,"dvar2":14.8860197067,"max":31.7576942444,"mean":8.52222919464,"median":6.82418060303,"min":2.26615929604,"var":25.697095871},"erbbands_flatness_db":{"dmean":0.0141469277442,"dmean2":0.0209892392159,"dvar":0.000236709965975,"dvar2":0.000477238325402,"max":0.395753830671,"mean":0.14095197618,"median":0.126432970166,"min":0.0523815900087,"var":0.0028002653271},"erbbands_kurtosis":{"dmean":0.925853729248,"dmean2":1.43179345131,"dvar":3.17150688171,"dvar2":6.76064157486,"max":61.3053665161,"mean":0.709007441998,"median":-0.0753329992294,"min":-1.79869127274,"var":9.42699241638},"erbbands_skewness":{"dmean":0.335527718067,"dmean2":0.507165670395,"dvar":0.134796828032,"dvar2":0.287370234728,"max":6.70073890686,"mean":-0.0600078701973,"median":-0.181948125362,"min":-4.17093372345,"var":0.824862420559},"erbbands_spread":{"dmean":7.06952142715,"dmean2":10.9872074127,"dvar":51.3367118835,"dvar2":119.445465088,"max":123.323631287,"mean":37.3863296509,"median":35.6762008667,"min":3.37806844711,"var":246.375473022},"gfcc":{"cov":[[21114.8945312,-2586.68505859,-824.379211426,1956.34289551,-545.70098877,740.501525879,-170.637374878,785.205566406,-90.1565093994,395.926055908,46.6550369263,401.993347168,99.8715820312],[-2586.68505859,1685.42614746,-215.417678833,-354.71975708,403.286132812,-205.31817627,147.717758179,-96.8603134155,99.5697937012,-112.393836975,64.1600875854,-84.2047348022,26.6855449677],[-824.379211426,-215.417678833,758.418823242,-12.6390762329,-97.219078064,126.058998108,-76.605758667,-80.1011657715,-55.8527412415,20.9066238403,-61.9104957581,-2.19560313225,-5.49822235107],[1956.34289551,-354.71975708,-12.6390762329,541.813537598,6.65169143677,128.788513184,67.3903884888,118.417930603,46.588508606,52.3670005798,48.1961784363,54.4425163269,7.27217197418],[-545.70098877,403.286132812,-97.219078064,6.65169143677,389.575836182,8.68445777893,90.3843536377,64.1234359741,61.1748580933,-15.3519268036,54.1222267151,-1.00356864929,10.8906354904],[740.501525879,-205.31817627,126.058998108,128.788513184,8.68445777893,201.051773071,30.0324382782,62.1127357483,-1.6466588974,38.0173721313,12.3158893585,26.007270813,-3.61811208725],[-170.637374878,147.717758179,-76.605758667,67.3903884888,90.3843536377,30.0324382782,188.86177063,67.5541610718,62.9849967957,14.1366882324,50.6319084167,13.8506202698,-7.20947599411],[785.205566406,-96.8603134155,-80.1011657715,118.417930603,64.1234359741,62.1127357483,67.5541610718,238.203613281,96.8163299561,60.5688743591,54.7183837891,26.1252479553,-14.3064613342],[-90.1565093994,99.5697937012,-55.8527412415,46.588508606,61.1748580933,-1.6466588974,62.9849967957,96.8163299561,149.294265747,46.762802124,37.8124809265,11.433631897,-5.00466156006],[395.926055908,-112.393836975,20.9066238403,52.3670005798,-15.3519268036,38.0173721313,14.1366882324,60.5688743591,46.762802124,111.676292419,39.4469184875,14.9152650833,0.13854944706],[46.6550369263,64.1600875854,-61.9104957581,48.1961784363,54.1222267151,12.3158893585,50.6319084167,54.7183837891,37.8124809265,39.4469184875,89.6048736572,28.5618743896,-6.70911741257],[401.993347168,-84.2047348022,-2.19560313225,54.4425163269,-1.00356864929,26.007270813,13.8506202698,26.1252479553,11.433631897,14.9152650833,28.5618743896,71.8056793213,24.7247638702],[99.8715820312,26.6855449677,-5.49822235107,7.27217197418,10.8906354904,-3.61811208725,-7.20947599411,-14.3064613342,-5.00466156006,0.13854944706,-6.70911741257,24.7247638702,80.4730300903]],"icov":[[0.00014137562539,-0.0000819275883259,0.000285742076812,-0.000431716820458,0.000174542408786,-0.000309757044306,0.000331550021656,-0.000383244128898,0.000456010457128,-0.000465456978418,0.000615960219875,-0.00061838288093,0.000104778897366],[-0.0000819275883259,0.0015781436814,-0.000218526343815,0.000990721862763,-0.00114786403719,0.000764631840866,-0.000956579751801,0.00110468792263,-0.0014997482067,0.00167545943987,-0.00222009490244,0.00222487025894,-0.00119051686488],[0.000285742076812,-0.000218526343815,0.00237284484319,-0.000733654131182,0.00047495382023,-0.00208234391175,0.00112212391105,-0.00000755741530156,0.000815159990452,-0.00165657780599,0.00236260588281,-0.0016249025939,0.000637309451122],[-0.000431716820458,0.000990721862763,-0.000733654131182,0.00414181593806,-0.000771401566453,-0.000104654413008,-0.00171027239412,0.00103337084875,-0.00216595083475,0.0020498870872,-0.00308069749735,0.00190949521493,-0.00106872851029],[0.000174542408786,-0.00114786403719,0.00047495382023,-0.000771401566453,0.0044027059339,-0.00135938636959,0.000133093170007,-0.00152224069461,0.000387109495932,0.000409608503105,-0.00037983772927,-0.000459535483969,-0.000516572734341],[-0.000309757044306,0.000764631840866,-0.00208234391175,-0.000104654413008,-0.00135938636959,0.00902559421957,-0.00231236987747,-0.000805798452348,0.00100897729862,-0.000434978224803,-0.000688608444761,0.00024318927899,0.000168769329321],[0.000331550021656,-0.000956579751801,0.00112212391105,-0.00171027239412,0.000133093170007,-0.00231236987747,0.00878419540823,-0.00142844580114,-0.000636779586785,-0.000370774738258,-0.000505421485286,-0.00197210838087,0.00107281352393],[-0.000383244128898,0.00110468792263,-0.00000755741530156,0.00103337084875,-0.00152224069461,-0.000805798452348,-0.00142844580114,0.00908602122217,-0.0054010823369,0.000506810785737,-0.00334758148529,0.00181169132702,0.000500030757394],[0.000456010457128,-0.0014997482067,0.000815159990452,-0.00216595083475,0.000387109495932,0.00100897729862,-0.000636779586785,-0.0054010823369,0.013851204887,-0.00628224993125,0.0041788732633,-0.00403707008809,0.00161953468341],[-0.000465456978418,0.00167545943987,-0.00165657780599,0.0020498870872,0.000409608503105,-0.000434978224803,-0.000370774738258,0.000506810785737,-0.00628224993125,0.0171887241304,-0.0105037242174,0.00578355370089,-0.00336742447689],[0.000615960219875,-0.00222009490244,0.00236260588281,-0.00308069749735,-0.00037983772927,-0.000688608444761,-0.000505421485286,-0.00334758148529,0.0041788732633,-0.0105037242174,0.0258369687945,-0.0129842311144,0.00621294835582],[-0.00061838288093,0.00222487025894,-0.0016249025939,0.00190949521493,-0.000459535483969,0.00024318927899,-0.00197210838087,0.00181169132702,-0.00403707008809,0.00578355370089,-0.0129842311144,0.0259533915669,-0.00935291498899],[0.000104778897366,-0.00119051686488,0.000637309451122,-0.00106872851029,-0.000516572734341,0.000168769329321,0.00107281352393,0.000500030757394,0.00161953468341,-0.00336742447689,0.00621294835582,-0.00935291498899,0.0165920127183]],"mean":[-1.83336031437,78.2224807739,-108.657249451,24.732000351,-41.1139640808,9.42471313477,-39.9190864563,7.64978170395,-26.661113739,-1.08913457394,-20.9769954681,0.205006271601,-12.0403423309]},"hfc":{"dmean":5.75621747971,"dmean2":8.34815311432,"dvar":98.1247634888,"dvar2":195.625793457,"max":214.74055481,"mean":25.9929046631,"median":21.0825958252,"min":1.18203778662e-16,"var":620.261291504},"melbands":{"dmean":[0.000930776121095,0.00122253375594,0.00094332365552,0.000500760856085,0.000220137517317,0.00014464679407,0.000103064689029,0.0000869248979143,0.0000853803212522,0.0000648707864457,0.0000734753266443,0.0000429078681918,0.000039368038415,0.0000317972153425,0.0000401845973101,0.0000283472381852,0.0000288391056529,0.0000326153167407,0.000028670683605,0.0000270374093816,0.0000263509064098,0.0000278028364846,0.0000195733009605,0.0000133108796945,0.0000093425724117,0.0000094324022939,0.0000074009412856,0.00000513158602189,0.00000321983839058,0.00000336322614203,0.00000323912399836,0.00000308706103169,0.00000281364691546,0.00000222559879148,0.00000186679710623,0.00000119839319268,9.21195294268e-7,7.85356348842e-7,6.15991723407e-7,5.73767408696e-7],"dmean2":[0.00157306087203,0.00211122143082,0.00163788266946,0.000826606818009,0.000360419304343,0.000240954715991,0.00016613212938,0.000138491785037,0.000138667877764,0.000105456427264,0.000119426869787,0.0000687788487994,0.0000635617107037,0.0000518697488587,0.0000659585057292,0.0000460990777356,0.0000463526739622,0.0000537548112334,0.0000470039158245,0.0000446820122306,0.0000433174791397,0.0000460414157715,0.0000319948740071,0.0000218320401473,0.000015279127183,0.0000153300607053,0.0000119797941807,0.00000820922468847,0.00000507643744641,0.00000541850158697,0.0000051617880672,0.00000478488027511,0.00000433409013567,0.00000335340359925,0.0000028778797514,0.0000017752495296,0.00000137462689054,0.0000011500361552,9.019091749e-7,8.53840560922e-7],"dvar":[0.00000418657646151,0.0000078814509834,0.00000362297305401,5.76094976168e-7,1.63121043784e-7,7.68537802287e-8,4.70549004206e-8,5.84439909801e-8,4.75942911748e-8,1.36489051172e-8,1.77993975115e-8,6.29412033604e-9,5.99421356995e-9,3.56697604786e-9,5.71328939714e-9,3.04555292097e-9,3.02758262904e-9,4.09418099423e-9,3.17438630937e-9,2.78408207599e-9,3.00708147272e-9,3.84021259237e-9,1.31494548583e-9,4.81212458769e-10,2.39372910382e-10,2.87602414106e-10,1.68216662821e-10,9.71143374051e-11,7.26931570494e-11,8.34706678776e-11,8.48104780848e-11,9.39540251155e-11,1.10331660474e-10,4.95309245008e-11,3.6169643669e-11,3.965841891e-11,2.24760626777e-11,1.12228195487e-11,5.24069242863e-12,3.05587911746e-12],"dvar2":[0.0000109799666461,0.0000217504475586,0.0000100589113572,0.00000145207468449,4.29402888358e-7,2.03549390676e-7,1.14654653771e-7,1.4783100255e-7,1.20827124306e-7,3.53210793946e-8,4.62658071854e-8,1.54731978341e-8,1.53243444601e-8,8.96027518849e-9,1.48732164362e-8,7.22017468036e-9,7.00012980914e-9,1.08130340237e-8,8.35124769338e-9,7.0451862122e-9,7.9675164244e-9,1.00831698546e-8,3.37247851867e-9,1.28899746432e-9,5.99905292109e-10,7.50236872626e-10,4.3231074276e-10,2.43820158508e-10,1.675563438e-10,1.99290292602e-10,2.02892189161e-10,2.09125536332e-10,2.47768722206e-10,1.03072814173e-10,8.0108850109e-11,8.52125939255e-11,4.27834503935e-11,2.12452937187e-11,1.0689325293e-11,6.29231129007e-12],"max":[0.0282490588725,0.0310929175466,0.0320508666337,0.0169683434069,0.00716866226867,0.00441151065752,0.00553574366495,0.00628748349845,0.00467884540558,0.00277219200507,0.00318383565173,0.00171869609039,0.00217624288052,0.00154080893844,0.00144781789277,0.00162503996398,0.00170132890344,0.00200060708448,0.00181014172267,0.001946358243,0.0013802634785,0.00184933072887,0.00118326162919,0.000381454708986,0.000497096043546,0.000460037321318,0.000289165327558,0.000184645308764,0.000229856232181,0.000206451164559,0.000215468622628,0.000267231924227,0.000365076237358,0.000219793291762,0.000174144399352,0.000326478737406,0.000259062100668,0.000186933408258,0.000103538266558,0.0000841330402181],"mean":[0.00131695636082,0.00173657073174,0.00118102040142,0.000807430187706,0.000400013435865,0.000257221603533,0.000185305674677,0.000144649442518,0.000140520074638,0.000117666008009,0.000135974230943,0.0000781488706707,0.0000693616966601,0.00005777293336,0.0000723139601178,0.000051189592341,0.0000531710211362,0.0000582918655709,0.0000544660979358,0.0000538966305612,0.0000508642260684,0.0000546337105334,0.0000407529696531,0.0000281836219074,0.0000202758619707,0.0000207606990443,0.0000168170026882,0.0000109134271042,0.00000669263272357,0.00000704501871951,0.00000636988170299,0.00000631673765383,0.00000580809910389,0.00000460006867797,0.00000355220117854,0.00000228741282626,0.00000187356670267,0.00000160668128046,0.00000130155524403,0.0000012528504385],"median":[0.000634829688352,0.00103376316838,0.000627393135801,0.000537760090083,0.00024914892856,0.000135084992507,0.0000978055977612,0.0000690843153279,0.0000564984511584,0.0000669079454383,0.0000729319071979,0.0000397670628445,0.0000301444415527,0.0000277275103144,0.0000338782301696,0.0000247460629907,0.0000264614609478,0.0000286742069875,0.0000257836036326,0.0000276223436231,0.0000260920642177,0.0000304204368149,0.000023426298867,0.000016141715605,0.0000129275067593,0.0000105037379399,0.00000809800258139,0.00000520854337083,0.00000226530619329,0.00000204361867873,0.00000173682599325,0.00000150306686919,0.00000126519216792,0.00000112321822598,0.00000100901604583,6.13502777469e-7,5.67624056202e-7,5.15328849815e-7,4.67002337246e-7,4.82077325614e-7],"min":[4.06361776587e-24,2.20988200494e-24,5.97783332303e-24,3.71519801998e-24,5.05693209063e-24,6.59841954754e-24,5.79410446276e-24,1.43018509964e-23,8.61190220557e-24,8.92859514914e-24,4.81749071779e-24,2.57838812163e-24,5.98897006686e-24,1.32446022563e-23,1.62572604756e-23,1.34057807387e-23,9.83011880226e-24,9.78314134649e-24,9.67391803214e-24,1.13304328475e-23,5.30028305812e-24,9.61412316438e-24,8.60432992974e-24,8.20058224098e-24,9.62400364722e-24,1.36477669769e-23,8.21396211079e-24,1.17373091586e-23,8.9215174891e-24,1.1088550739e-23,1.18189262856e-23,8.70326176473e-24,8.55341605806e-24,9.98982684797e-24,9.78398227222e-24,1.36350663163e-23,1.38354527634e-23,1.3924201193e-23,1.40870504828e-23,1.02513784143e-23],"var":[0.00000480131939185,0.00000710415224603,0.00000332717922902,8.41900543946e-7,2.43130301669e-7,1.28936136434e-7,8.85706867848e-8,8.61991580337e-8,8.66556533197e-8,2.8801496299e-8,3.53651934404e-8,1.47101673065e-8,1.56890287428e-8,8.63161275788e-9,1.23894281501e-8,6.46313447206e-9,6.93490997961e-9,8.32609980961e-9,7.44416839282e-9,7.03522529122e-9,6.77262601556e-9,9.21010467891e-9,3.2283189455e-9,1.2618696088e-9,6.13265271898e-10,8.40004177327e-10,5.29097654578e-10,2.66907690394e-10,1.96417909715e-10,2.49895409921e-10,2.44491593637e-10,3.35150546205e-10,3.47787604271e-10,1.54391513463e-10,8.47841449825e-11,7.68717520194e-11,5.54194537483e-11,2.69643751771e-11,1.39690299258e-11,8.24771414359e-12]},"melbands_crest":{"dmean":3.04245829582,"dmean2":5.04629182816,"dvar":7.47423696518,"dvar2":20.3506717682,"max":38.702495575,"mean":13.3749055862,"median":12.6735305786,"min":1.74948716164,"var":25.8775367737},"melbands_flatness_db":{"dmean":0.0263916254044,"dmean2":0.0405228622258,"dvar":0.000786471471656,"dvar2":0.00180067191832,"max":0.657533407211,"mean":0.187742859125,"median":0.165698498487,"min":0.00656717969105,"var":0.00785857904702},"melbands_kurtosis":{"dmean":6.73356389999,"dmean2":10.6889190674,"dvar":149.624633789,"dvar2":347.464996338,"max":281.079803467,"mean":12.5756053925,"median":5.28456115723,"min":-1.85381639004,"var":536.237243652},"melbands_skewness":{"dmean":0.72557580471,"dmean2":1.13963866234,"dvar":0.684201419353,"dvar2":1.65645396709,"max":13.2323532104,"mean":2.54710292816,"median":2.23055005074,"min":-0.98481887579,"var":2.71244597435},"melbands_spread":{"dmean":8.39860153198,"dmean2":13.1523237228,"dvar":105.492706299,"dvar2":234.767303467,"max":190.342269897,"mean":30.667093277,"median":26.9855651855,"min":0.414396226406,"var":495.150512695},"mfcc":{"cov":[[14285.1992188,-1341.22875977,-790.090698242,1094.90270996,-0.797695219517,33.5343399048,220.1434021,378.760955811,200.284408569,389.454284668,179.754196167,268.565826416,328.615600586],[-1341.22875977,1334.76647949,-96.5171813965,-159.323608398,203.228271484,3.4796090126,31.1147918701,20.9995422363,16.3370761871,-50.0946731567,-7.16806125641,-41.5320854187,-15.6437826157],[-790.090698242,-96.5171813965,557.296203613,-33.3841743469,-60.3759613037,95.7256774902,-37.4439544678,-72.160949707,-25.2084922791,-50.9440040588,-28.2278766632,-56.1479148865,-54.8978652954],[1094.90270996,-159.323608398,-33.3841743469,319.67578125,59.985786438,46.0715675354,54.9911079407,74.5001449585,39.1177940369,60.4885673523,41.3339424133,58.2241249084,56.8247337341],[-0.797695219517,203.228271484,-60.3759613037,59.985786438,240.056640625,33.7712211609,47.4901618958,52.3130073547,31.107585907,27.5277175903,16.4280967712,12.6788311005,21.3348770142],[33.5343399048,3.4796090126,95.7256774902,46.0715675354,33.7712211609,153.293838501,49.5286064148,5.39332294464,-0.00582236191258,-9.0961933136,1.5176461935,-10.9211473465,-9.61117076874],[220.1434021,31.1147918701,-37.4439544678,54.9911079407,47.4901618958,49.5286064148,146.29510498,63.1916465759,15.4894208908,25.2205352783,26.8832988739,30.5738925934,26.2364864349],[378.760955811,20.9995422363,-72.160949707,74.5001449585,52.3130073547,5.39332294464,63.1916465759,152.3618927,49.0611495972,41.0955200195,41.5053710938,44.5824241638,46.8911399841],[200.284408569,16.3370761871,-25.2084922791,39.1177940369,31.107585907,-0.00582236191258,15.4894208908,49.0611495972,102.182479858,49.8680305481,29.3266983032,31.4350261688,25.6140518188],[389.454284668,-50.0946731567,-50.9440040588,60.4885673523,27.5277175903,-9.0961933136,25.2205352783,41.0955200195,49.8680305481,118.937683105,56.32629776,47.0234451294,37.3490600586],[179.754196167,-7.16806125641,-28.2278766632,41.3339424133,16.4280967712,1.5176461935,26.8832988739,41.5053710938,29.3266983032,56.32629776,99.703956604,63.9517936707,34.9353103638],[268.565826416,-41.5320854187,-56.1479148865,58.2241249084,12.6788311005,-10.9211473465,30.5738925934,44.5824241638,31.4350261688,47.0234451294,63.9517936707,117.462486267,67.970085144],[328.615600586,-15.6437826157,-54.8978652954,56.8247337341,21.3348770142,-9.61117076874,26.2364864349,46.8911399841,25.6140518188,37.3490600586,34.9353103638,67.970085144,99.8980102539]],"icov":[[0.000116079892905,0.0000740460745874,0.000158738825121,-0.000312501419103,0.000100177683635,-0.0000617105179117,0.00000177162155524,-0.0000595015189901,-0.0000273239038506,-0.000139768890222,0.0000377590949938,0.000122081226436,-0.000142132281326],[0.0000740460745874,0.00107727944851,0.000245394709054,0.000469335442176,-0.000913421798032,-0.0000199125188374,-0.000170345374499,-0.0000543563292013,-0.000355211494025,0.000569331692532,-0.000406628008932,0.00049817567924,-0.000262114277575],[0.000158738825121,0.000245394709054,0.0025891426485,-0.00031474934076,0.000543732370716,-0.00182361691259,0.000618729740381,0.000480646238429,-0.000360464124242,0.000325992557919,-0.000366198684787,0.000660287798382,0.0000877973579918],[-0.000312501419103,0.000469335442176,-0.00031474934076,0.00544425658882,-0.00126680533867,-0.00117128272541,-0.000138161383802,-0.000926595937926,-0.0000608254013059,-0.000547132745851,0.0000897763529792,-0.000965284591075,-0.000693724839948],[0.000100177683635,-0.000913421798032,0.000543732370716,-0.00126680533867,0.00597147829831,-0.00115697784349,-0.000437512178905,-0.00080205348786,-0.000490940874442,-0.00103333755396,0.000443842989625,0.000495544343721,-0.000328587047989],[-0.0000617105179117,-0.0000199125188374,-0.00182361691259,-0.00117128272541,-0.00115697784349,0.00961851794273,-0.0035661610309,0.000835436105262,-0.000315238954499,0.00138224021066,-0.000891269592103,0.00106650532689,0.00073100917507],[0.00000177162155524,-0.000170345374499,0.000618729740381,-0.000138161383802,-0.000437512178905,-0.0035661610309,0.0101735331118,-0.00332269538194,0.00128581176978,-0.000917347380891,-0.000020473053155,-0.00129342335276,-0.0000753376225475],[-0.0000595015189901,-0.0000543563292013,0.000480646238429,-0.000926595937926,-0.00080205348786,0.000835436105262,-0.00332269538194,0.0109256710857,-0.00337166385725,0.000842860084958,-0.00202640704811,0.000625421700533,-0.00219315849245],[-0.0000273239038506,-0.000355211494025,-0.000360464124242,-0.0000608254013059,-0.000490940874442,-0.000315238954499,0.00128581176978,-0.00337166385725,0.013996575959,-0.00482213683426,0.000577672442887,-0.0014923484996,0.000217695662286],[-0.000139768890222,0.000569331692532,0.000325992557919,-0.000547132745851,-0.00103333755396,0.00138224021066,-0.000917347380891,0.000842860084958,-0.00482213683426,0.0149506963789,-0.00629442045465,0.000606722955126,-0.00132656679489],[0.0000377590949938,-0.000406628008932,-0.000366198684787,0.0000897763529792,0.000443842989625,-0.000891269592103,-0.000020473053155,-0.00202640704811,0.000577672442887,-0.00629442045465,0.0190022643656,-0.00892560277134,0.00196866644546],[0.000122081226436,0.00049817567924,0.000660287798382,-0.000965284591075,0.000495544343721,0.00106650532689,-0.00129342335276,0.000625421700533,-0.0014923484996,0.000606722955126,-0.00892560277134,0.0199637711048,-0.00967480614781],[-0.000142132281326,-0.000262114277575,0.0000877973579918,-0.000693724839948,-0.000328587047989,0.00073100917507,-0.0000753376225475,-0.00219315849245,0.000217695662286,-0.00132656679489,0.00196866644546,-0.00967480614781,0.0184036791325]],"mean":[-644.555664062,114.70866394,-4.78108692169,20.9368515015,13.6924905777,4.53944158554,-0.0755303800106,4.6659526825,-0.34565576911,-1.87133800983,-1.91349411011,-6.33885669708,-3.20004057884]},"pitch_salience":{"dmean":0.0648095980287,"dmean2":0.10768289119,"dvar":0.00351720862091,"dvar2":0.00970985367894,"max":0.877681016922,"mean":0.562203288078,"median":0.583302021027,"min":0.0507403090596,"var":0.0146777192131},"silence_rate_20dB":{"dmean":0,"dmean2":0,"dvar":0,"dvar2":0,"max":1,"mean":1,"median":1,"min":1,"var":0},"silence_rate_30dB":{"dmean":0.00144809484482,"dmean2":0.00289645185694,"dvar":0.00144591741264,"dvar2":0.00415495783091,"max":1,"mean":0.999185502529,"median":1,"min":0,"var":0.000813844322693},"silence_rate_60dB":{"dmean":0.0271517783403,"dmean2":0.0543084703386,"dvar":0.0264102257788,"dvar2":0.0582222566009,"max":1,"mean":0.110135748982,"median":0,"min":0,"var":0.0980191156268},"spectral_centroid":{"dmean":244.513717651,"dmean2":384.606445312,"dvar":72224.4296875,"dvar2":160270.28125,"max":11127.7128906,"mean":1539.29846191,"median":1572.45507812,"min":125.147827148,"var":574436.375},"spectral_complexity":{"dmean":3.43578600883,"dmean2":5.31372213364,"dvar":13.1020298004,"dvar2":27.5916290283,"max":62,"mean":24.8215389252,"median":26,"min":0,"var":221.466308594},"spectral_contrast_coeffs":{"dmean":[0.0516711138189,0.042448874563,0.0351779609919,0.0291339177638,0.0214494653046,0.0161595735699],"dmean2":[0.0856389254332,0.0706294998527,0.0578610301018,0.0485664270818,0.034857340157,0.025791535154],"dvar":[0.00189303862862,0.00127064425033,0.00077784556197,0.000564720481634,0.000324184627971,0.000242486174102],"dvar2":[0.00497341249138,0.00347395474091,0.00208069593646,0.00150827586185,0.000807320873719,0.000579934858251],"max":[-0.238299682736,-0.538292586803,-0.528913021088,-0.577058792114,-0.579517900944,-0.58022159338],"mean":[-0.62204426527,-0.755735933781,-0.779185712337,-0.783156096935,-0.777536690235,-0.776123821735],"median":[-0.634987831116,-0.759356379509,-0.784352958202,-0.789129555225,-0.777571558952,-0.778049647808],"min":[-0.970675766468,-0.9593282938,-0.959989964962,-0.968333542347,-0.958900272846,-0.960571825504],"var":[0.00867777038366,0.00342997582629,0.00266032596119,0.00226745847613,0.00214360770769,0.00206455634907]},"spectral_contrast_valleys":{"dmean":[0.397140592337,0.31584662199,0.274944216013,0.283979356289,0.240137666464,0.221702978015],"dmean2":[0.659172773361,0.524707436562,0.447873234749,0.433669030666,0.352602541447,0.301607728004],"dvar":[0.137618511915,0.080677472055,0.0648503899574,0.0947813689709,0.0929087400436,0.085351139307],"dvar2":[0.314489781857,0.196988508105,0.143862709403,0.179865077138,0.17334279418,0.15051728487],"max":[-5.19252586365,-4.97094011307,-5.24421358109,-5.58786678314,-5.52540588379,-7.15758323669],"mean":[-7.42313194275,-6.9538731575,-7.36897706985,-7.54321432114,-7.60550546646,-10.1721115112],"median":[-6.92414569855,-6.58328104019,-7.0061044693,-7.07989549637,-7.02518367767,-9.65347480774],"min":[-27.9237251282,-27.0007743835,-27.3985614777,-27.3786220551,-27.3933429718,-27.2233753204],"var":[2.53005337715,1.68015575409,1.83031916618,2.10176825523,2.90130400658,3.14316320419]},"spectral_decrease":{"dmean":2.22340013067e-9,"dmean2":3.64289376442e-9,"dvar":1.48456768056e-17,"dvar2":3.8156531403e-17,"max":1.74169187479e-29,"mean":-6.25204066296e-9,"median":-5.86486059717e-9,"min":-4.06403195541e-8,"var":2.40296877845e-17},"spectral_energy":{"dmean":0.00867992080748,"dmean2":0.0141559932381,"dvar":0.000215881489567,"dvar2":0.000553154968657,"max":0.15656453371,"mean":0.0259542223066,"median":0.0248353853822,"min":1.0655701069e-20,"var":0.000385415740311},"spectral_energyband_high":{"dmean":0.000450555526186,"dmean2":0.00062507588882,"dvar":0.00000147842763454,"dvar2":0.00000264735831479,"max":0.0258264560252,"mean":0.00132674910128,"median":0.000522749382071,"min":8.05327696304e-21,"var":0.00000699189877196},"spectral_energyband_low":{"dmean":0.00609810836613,"dmean2":0.0102288434282,"dvar":0.000183116993867,"dvar2":0.000482671021018,"max":0.131338194013,"mean":0.00951298605651,"median":0.00584194809198,"min":2.70925221775e-23,"var":0.000195144835743},"spectral_energyband_middle_high":{"dmean":0.00158147024922,"dmean2":0.00246207020245,"dvar":0.00000420667538492,"dvar2":0.0000103796537587,"max":0.0371266268194,"mean":0.00660727592185,"median":0.00546759879217,"min":1.41701077543e-21,"var":0.000033531756344},"spectral_energyband_middle_low":{"dmean":0.00426513236016,"dmean2":0.0070224814117,"dvar":0.0000420143260271,"dvar2":0.000107396874228,"max":0.141120299697,"mean":0.00973559729755,"median":0.0079403584823,"min":2.34953221295e-22,"var":0.0000700868768035},"spectral_entropy":{"dmean":0.138532713056,"dmean2":0.201279118657,"dvar":0.0337104685605,"dvar2":0.0651242658496,"max":9.80350017548,"mean":7.62347698212,"median":7.78375530243,"min":4.50023508072,"var":0.34125199914},"spectral_flux":{"dmean":0.0213288571686,"dmean2":0.0333397760987,"dvar":0.000828593038023,"dvar2":0.00173815723974,"max":0.323429912329,"mean":0.0835883840919,"median":0.0817721784115,"min":1.03226455161e-10,"var":0.0025776559487},"spectral_kurtosis":{"dmean":1.79804837704,"dmean2":2.85130667686,"dvar":16.2621631622,"dvar2":39.8201446533,"max":95.463508606,"mean":6.65816545486,"median":4.80543231964,"min":-1.16796469688,"var":57.4646835327},"spectral_rms":{"dmean":0.000738706323318,"dmean2":0.00117482803762,"dvar":9.79341734819e-7,"dvar2":0.00000235807556237,"max":0.0123590407893,"mean":0.00460818875581,"median":0.00492236157879,"min":3.22425289592e-12,"var":0.00000408581445299},"spectral_rolloff":{"dmean":487.600921631,"dmean2":802.860412598,"dvar":569174.9375,"dvar2":1186373.875,"max":18690.8203125,"mean":1838.08312988,"median":1679.58984375,"min":21.533203125,"var":2220219.25},"spectral_skewness":{"dmean":0.205126211047,"dmean2":0.313872009516,"dvar":0.107588902116,"dvar2":0.239810734987,"max":8.3097038269,"mean":1.798589468,"median":1.66225218773,"min":-0.027714535594,"var":0.588941276073},"spectral_spread":{"dmean":449647.5,"dmean2":654183.25,"dvar":415496503296,"dvar2":777764864000,"max":39539360,"mean":4648159,"median":4562538,"min":729977.6875,"var":2349341605890},"spectral_strongpeak":{"dmean":0.444472968578,"dmean2":0.784423649311,"dvar":0.971871674061,"dvar2":2.72329854965,"max":13.6684799194,"mean":0.647188544273,"median":0.339159727097,"min":0,"var":1.13153922558},"zerocrossingrate":{"dmean":0.0102928392589,"dmean2":0.011925412342,"dvar":0.000140228468808,"dvar2":0.000159015427926,"max":0.48828125,"mean":0.0707237645984,"median":0.06591796875,"min":0.001953125,"var":0.00145850062836}},"metadata":{"audio_properties":{"analysis_sample_rate":44100,"bit_rate":0,"codec":"flac","downmix":"mix","equal_loudness":0,"length":256.546661377,"lossless":true,"md5_encoded":"b65ead5f753e0eef372525c0c94b3f62","replay_gain":-15.9777116776,"sample_rate":44100},"tags":{"album":["Elegantly Wasted"],"albumartist":["INXS"],"albumartistsort":["INXS"],"artist":["INXS"],"artistsort":["INXS"],"asin":["B000007UWB"],"barcode":["731453461321"],"catalognumber":["534 613-2"],"date":["1997-04-07"],"discnumber":["1"],"disctotal":["1"],"engineer":["Mike Plotnikoff","Richard Guy","Paul Silveira"],"file_name":"01-01 Show Me (Cherry Baby).flac","genre":["Rock"],"isrc":["GBAMX9700001"],"label":["Mercury Records"],"media":["CD"],"mixer":["Tom Lord‐Alge"],"musicbrainz_albumartistid":["481bf5f9-2e7c-4c44-b08a-05b32bc7c00d"],"musicbrainz_albumid":["886fca71-a54e-3d79-a11a-85e5b5160938"],"musicbrainz_artistid":["481bf5f9-2e7c-4c44-b08a-05b32bc7c00d"],"musicbrainz_recordingid":["a4757066-b5e6-4f95-889d-26674c356dae"],"musicbrainz_releasegroupid":["88c235fc-9d12-3109-9d98-9b76d86c359b"],"originaldate":["1997-04-07"],"producer":["Bruce Fairbairn","Andrew Farriss"],"releasecountry":["DE"],"releasestatus":["official"],"releasetype":["album"],"script":["Latn"],"title":["Show Me (Cherry Baby)"],"totaldiscs":["1"],"totaltracks":["12"],"tracknumber":["1"],"tracktotal":["12"]},"version":{"essentia":"2.1-beta1","essentia_build_sha":"ca57ba49d9b1854bd80e60cf9ccf267278fb7d6b","essentia_git_sha":"v2.1_beta1-28-g21ef5f4-dirty","extractor":"music 1.0"}},"rhythm":{"beats_count":410,"beats_loudness":{"dmean":0.0169136468321,"dmean2":0.0262327827513,"dvar":0.000256465631537,"dvar2":0.000648904242553,"max":0.119562491775,"mean":0.0352752134204,"median":0.0338180735707,"min":1.73821582128e-10,"var":0.000539428379852},"beats_loudness_band_ratio":{"dmean":[0.23095497489,0.163589462638,0.