{"lowlevel":{"average_loudness":0.948192834854,"barkbands":{"dmean":[0.00616155005991,0.00714784488082,0.0027755855117,0.00107892800588,0.0015090322122,0.00099406123627,0.00074292474892,0.000547554285731,0.00137498870026,0.000986981322058,0.000461803836515,0.000485558324726,0.000458055612398,0.000272530276561,0.000192198393052,0.0000976695446298,0.000111038512841,0.000116029092169,0.000154341789312,0.000201354429009,0.000339294143487,0.000384514336474,0.000198078123503,0.0000529987628397,0.00000326579447574,0.0000321141051245,0.000145416226587],"dmean2":[0.00878624618053,0.0107835587114,0.00465232692659,0.00174856244121,0.00231452425942,0.00144618295599,0.00113706744742,0.000829572149087,0.0020515290089,0.00149868812878,0.000708040548488,0.000760340481065,0.000690567016136,0.000437893846538,0.000307176203933,0.000153219953063,0.000170897634234,0.000171412466443,0.000228952776524,0.00030969423824,0.000549004762433,0.000626447959803,0.000328290567268,0.0000909244117793,0.00000560386843063,0.0000522209629708,0.00021819563699],"dvar":[0.000153386921738,0.000143755532918,0.0000432865090261,0.00000637970424577,0.000014403228306,0.0000121740013128,0.00000441947167928,0.00000207763127946,0.00000912403538678,0.0000118371572171,0.00000234474396166,0.00000174973911271,0.00000243838030656,5.99220754793e-7,2.379247519e-7,8.17795609009e-8,1.13970898497e-7,1.57990868388e-7,2.52205325069e-7,2.66001137561e-7,5.04462036588e-7,6.37081313926e-7,1.69322589727e-7,1.38963391905e-8,4.01601599198e-11,5.12540854203e-9,7.53066231596e-8],"dvar2":[0.00030813695048,0.000325531640556,0.00011331186397,0.0000162136675499,0.0000328603309754,0.0000255308823398,0.0000102003086795,0.00000431536773249,0.0000204226798814,0.000024629798645,0.00000471759449283,0.00000412342842537,0.00000497325936522,0.00000149936522575,5.88421130487e-7,1.96112480921e-7,2.70961123761e-7,3.13066323088e-7,4.58100089418e-7,5.1720871852e-7,0.0000011815528751,0.00000150191499415,4.16280244053e-7,3.55738691837e-8,1.04716200988e-10,1.24953318803e-8,1.61889545325e-7],"max":[0.151737809181,0.154178127646,0.0775542929769,0.0505042821169,0.0897696912289,0.148082524538,0.0592717044055,0.0597519651055,0.0666378289461,0.164740398526,0.0643654689193,0.0354365296662,0.0593181625009,0.0228025782853,0.015067178756,0.0108965663239,0.00742755783722,0.0126940868795,0.0251556970179,0.0322631858289,0.0181003957987,0.0231420341879,0.00618426827714,0.00154254166409,0.0000830669305287,0.00160034513101,0.00766861485317],"mean":[0.00713502243161,0.00974568538368,0.00271920231171,0.0012705672998,0.00222967285663,0.00144930684473,0.00113480421714,0.000795869098511,0.00202778773382,0.00134328717832,0.000628379813861,0.000635164615232,0.000594318844378,0.00032588688191,0.000231238518609,0.000118135176308,0.000149057232193,0.000159245522809,0.000186472636415,0.000204517666134,0.000291782227578,0.000312820047839,0.000152336346218,0.0000381098252547,0.000002809454827,0.0000264867449005,0.00017094994837],"median":[0.00162629783154,0.00339059834369,0.000849784933962,0.000398313335609,0.000539556611329,0.000276676204521,0.000209737510886,0.000195622356841,0.000469596212497,0.000253531674389,0.000123254591017,0.000159365125,0.0000753407075536,0.0000645759282634,0.0000465322009404,0.0000241087382165,0.0000254166843661,0.0000247974003287,0.0000189963211596,0.0000184046457434,0.0000170996700035,0.0000100238066807,0.00000394851213059,0.00000136870710321,6.463757245e-7,0.00000178544473783,0.0000486753851874],"min":[1.42102543846e-25,3.02893025042e-24,2.49687246188e-25,4.98551513237e-25,9.33720458766e-24,6.01624177721e-24,9.97651245361e-24,5.70298037858e-24,4.98526013309e-24,1.67444972583e-23,1.59523042046e-23,1.27844423354e-23,2.64148622609e-23,3.1301842947e-23,4.00547974267e-23,4.42479654803e-23,8.04668289366e-23,8.29554515898e-23,8.62478919509e-23,1.44233169587e-22,2.34716865946e-22,2.70480184318e-22,4.10818842279e-22,4.6702898093e-22,7.91844692709e-22,1.28856119794e-21,1.98386809705e-21],"var":[0.000202592011192,0.00022223443375,0.0000362587379641,0.00000775042644818,0.0000264451609837,0.0000227062246267,0.0000100811248558,0.00000423821711593,0.0000181683790288,0.0000220666024688,0.00000443512726633,0.00000254698397839,0.00000534403807251,6.76624381413e-7,3.01574601735e-7,9.52570928803e-8,1.98613776092e-7,3.36861319283e-7,5.85403370224e-7,4.56337119203e-7,5.70410691125e-7,6.82930533458e-7,1.54478698278e-7,1.10288755906e-8,3.49468683158e-11,5.01149077792e-9,1.12202933167e-7]},"barkbands_crest":{"dmean":3.19320130348,"dmean2":5.09367275238,"dvar":7.50183677673,"dvar2":17.7410926819,"max":25.9882335663,"mean":11.2448892593,"median":10.5597467422,"min":2.62991571426,"var":19.5094223022},"barkbands_flatness_db":{"dmean":0.0414738543332,"dmean2":0.0588630326092,"dvar":0.00121339259204,"dvar2":0.00237593310885,"max":0.541655957699,"mean":0.167949616909,"median":0.164261728525,"min":0.0230072028935,"var":0.00443122489378},"barkbands_kurtosis":{"dmean":9.58027935028,"dmean2":14.43019104,"dvar":570.013183594,"dvar2":1122.68347168,"max":483.101379395,"mean":12.9716558456,"median":3.87747621536,"min":-1.90970206261,"var":1293.92895508},"barkbands_skewness":{"dmean":1.01361048222,"dmean2":1.4864988327,"dvar":1.32549619675,"dvar2":2.7016723156,"max":19.4237213135,"mean":2.11488556862,"median":1.70219039917,"min":-2.59850597382,"var":4.50022172928},"barkbands_spread":{"dmean":10.8628015518,"dmean2":16.9085903168,"dvar":196.347412109,"dvar2":447.58480835,"max":135.384979248,"mean":20.7133960724,"median":15.1545505524,"min":0.230908334255,"var":304.78994751},"dissonance":{"dmean":0.0270642004907,"dmean2":0.0453657284379,"dvar":0.000894009193871,"dvar2":0.00240080105141,"max":0.5,"mean":0.460336834192,"median":0.471596747637,"min":0.0246819425374,"var":0.00142568023875},"dynamic_complexity":4.07238435745,"erbbands":{"dmean":[0.389284342527,1.15504777431,3.04552054405,3.44981193542,3.86898517609,5.43246650696,8.5872297287,7.16240692139,8.06181049347,13.0469560623,14.4380884171,28.5059452057,30.874994278,29.9212779999,16.1642208099,19.9256286621,20.1827163696,15.4745597839,12.3891630173,6.70588970184,5.29552125931,5.99775075912,6.1079211235,7.60237550735,7.77963495255,10.1669845581,13.0149850845,13.9756727219,13.6169776917,9.53832149506,4.93065643311,2.00072169304,0.538769304752,0.0678346902132,0.0160775631666,0.0346430949867,0.0710165724158,0.0717335417867,0.0198765434325,0.00330940634012],"dmean2":[0.588248670101,1.88219404221,5.08318710327,5.53297662735,6.14223670959,8.43879890442,12.34233284,10.5084133148,12.5379629135,19.3864498138,21.9313392639,42.4190864563,46.4794273376,44.4533004761,24.5454158783,30.6538505554,30.1279773712,24.4639835358,19.6252365112,10.5688581467,8.12908935547,9.14828681946,9.00356674194,11.1984577179,11.6744213104,15.6927375793,20.9765071869,22.6861896515,22.2155208588,15.6446313858,8.23229598999,3.40081357956,0.935566484928,0.11789792031,0.0265139751136,0.0576571039855,0.115637153387,0.113171435893,0.030380545184,0.00459944736212],"dvar":[0.52216386795,4.22830867767,47.3371658325,62.0989379883,93.1223602295,278.319244385,802.434692383,628.448913574,579.933837891,1840.43652344,1114.45043945,4297.9140625,8285.390625,12638.1630859,2572.98266602,2421.3125,4977.80029297,1879.1940918,1062.10571289,244.894714355,234.108612061,354.78427124,435.397796631,589.575622559,584.784301758,684.842834473,807.187988281,827.489746094,807.474731445,395.084503174,108.260635376,18.8866882324,1.5090546608,0.0212824363261,0.000848084688187,0.00554404454306,0.024533206597,0.0265916194767,0.00170679145958,0.0000453643078799],"dvar2":[1.14062225819,10.7900533676,123.064796448,157.253158569,225.666656494,639.00390625,1661.79748535,1234.20910645,1433.45483398,3914.23022461,2457.02441406,9594.58398438,16737.9238281,27340.5800781,5140.65673828,5709.14990234,9890.88769531,4575.03662109,2604.25195312,581.451049805,536.693115234,833.536499023,846.788574219,1147.40039062,1015.63165283,1346.98486328,1857.59680176,1958.63122559,1934.70092773,944.873168945,267.649658203,48.0124473572,3.9064040184,0.0564248152077,0.00207985495217,0.0135914040729,0.0595263205469,0.0611777156591,0.00372081203386,0.0000887461210368],"max":[9.31237983704,27.5212497711,88.258972168,133.337188721,231.672821045,439.295593262,1182.56884766,975.064086914,878.564697266,1434.13745117,810.898620605,1837.54760742,4455.578125,7996.09277344,2013.04003906,1142.89379883,2936.56811523,1138.53369141,902.480163574,387.291015625,534.163574219,444.707672119,765.008850098,775.725341797,1379.17749023,1540.97668457,728.524291992,717.902832031,668.971130371,503.138885498,159.836029053,55.2877235413,17.6308078766,2.36804842949,0.399531513453,1.09611749649,2.94752168655,5.41249608994,1.38080239296,0.0873315557837],"mean":[0.490012049675,1.44654726982,3.11586260796,4.00138425827,5.06360912323,7.41813755035,12.8492870331,10.3199338913,11.6856765747,21.0768222809,22.366601944,42.9189033508,44.459651947,42.7451057434,23.3262577057,26.9974479675,27.3136730194,19.1271495819,15.2587423325,8.48754882812,6.97963666916,8.34111404419,8.72343540192,9.4219121933,9.18988323212,10.2247943878,11.6002311707,11.7415723801,11.094452858,7.57833766937,3.74142241478,1.45146656036,0.383130818605,0.0538463555276,0.0155540695414,0.0291918925941,0.0581605322659,0.062265176326,0.0200917553157,0.00536767672747],"median":[0.12135899812,0.593572258949,1.12840461731,1.37715494633,1.60646164417,1.54822564125,2.22057104111,2.15532255173,2.67597365379,3.69519019127,6.07566595078,10.1940689087,10.5856628418,9.00606250763,6.15930366516,6.86820030212,4.28389930725,4.18714237213,3.41030693054,1.85238957405,1.43156599998,1.49118638039,1.4716963768,1.16703021526,0.924676299095,0.916726827621,0.802845239639,0.582457900047,0.387777745724,0.212481439114,0.0893713757396,0.0388237945735,0.0185016971081,0.009017852135,0.00466995453462,0.00402426719666,0.00348326819949,0.00353069184348,0.00273622875102,0.00202805222943],"min":[9.39951749942e-23,3.53811991979e-22,1.24880230539e-21,5.00439625782e-21,7.15018071886e-21,2.43547466301e-20,3.87115776849e-20,6.40775526138e-20,1.01497768884e-19,1.49477688844e-19,1.78817229409e-19,1.91495840248e-19,4.68605726926e-19,6.60744221887e-19,1.07576110453e-18,1.01399956069e-18,1.59051332497e-18,1.21673604876e-18,1.96185321011e-18,3.16899923704e-18,2.96138227997e-18,5.3098121455e-18,4.9572735587e-18,5.20118017002e-18,6.94961830055e-18,7.67639076727e-18,9.75533387463e-18,8.53925264272e-18,1.02466568246e-17,1.26819261788e-17,1.21604508411e-17,9.16022291883e-18,9.22654047008e-18,8.17481423562e-18,6.01985571151e-18,3.98522425597e-18,2.1941176679e-18,9.04247479261e-19,2.33817334293e-19,2.70156008681e-20],"var":[0.750616729259,4.91909980774,40.6733360291,64.0461196899,136.350646973,419.998931885,1568.36474609,1335.27294922,897.328735352,4759.47509766,2221.30151367,8816.32519531,19618.8535156,18360.3183594,5004.05517578,3730.04174805,11136.4316406,2326.70825195,1362.70959473,324.055541992,322.697418213,626.785217285,948.633239746,1307.33581543,1355.61340332,1125.42346191,971.884887695,901.613647461,839.321716309,393.58013916,96.4365310669,15.3205518723,1.16322386265,0.0167043842375,0.000896193087101,0.00527050253004,0.0236897915602,0.0332488901913,0.00255832518451,0.0000806508396636]},"erbbands_crest":{"dmean":3.38291144371,"dmean2":5.3186340332,"dvar":10.2099533081,"dvar2":22.6642303467,"max":33.418586731,"mean":10.392449379,"median":9.10102272034,"min":2.15233111382,"var":28.1039562225},"erbbands_flatness_db":{"dmean":0.0345714427531,"dmean2":0.0502977445722,"dvar":0.000913004507311,"dvar2":0.0018493742682,"max":0.396833121777,"mean":0.161093190312,"median":0.154440954328,"min":0.0432489477098,"var":0.00313979294151},"erbbands_kurtosis":{"dmean":2.35241150856,"dmean2":3.66948080063,"dvar":16.0842266083,"dvar2":36.3065299988,"max":85.4737167358,"mean":2.08844399452,"median":0.620855569839,"min":-1.84863889217,"var":25.0811767578},"erbbands_skewness":{"dmean":0.627083301544,"dmean2":0.959334313869,"dvar":0.413601577282,"dvar2":0.954598128796,"max":6.7433552742,"mean":0.240363016725,"median":0.262543171644,"min":-4.57518720627,"var":1.05925858021},"erbbands_spread":{"dmean":13.2771892548,"dmean2":20.0376014709,"dvar":208.401535034,"dvar2":458.467346191,"max":144.682952881,"mean":31.5396556854,"median":26.154209137,"min":1.09096109867,"var":442.802612305},"gfcc":{"cov":[[29068.71875,411.937164307,-1915.73803711,785.07232666,-1083.47595215,-95.1326828003,391.334411621,-635.139770508,-27.6265335083,-152.405288696,-353.971252441,128.239227295,-427.775146484],[411.937164307,1903.27124023,-272.990783691,-812.79107666,300.199584961,-135.97756958,-150.022644043,29.8745117188,-6.9452996254,-43.1037063599,72.5358734131,-123.917900085,209.03616333],[-1915.73803711,-272.990783691,592.673583984,221.629135132,-87.9841384888,198.333724976,-25.6409473419,76.2147674561,-36.5867042542,66.4961395264,7.88318395615,37.6288261414,-13.3069219589],[785.07232666,-812.79107666,221.629135132,801.8359375,-30.8120937347,28.8480224609,170.843841553,-60.1312255859,-7.81599807739,11.109951973,-46.596118927,92.9777832031,-120.643112183],[-1083.47595215,300.199584961,-87.9841384888,-30.8120937347,397.905334473,-43.107673645,3.97323513031,41.439994812,2.11285281181,-32.8334922791,42.9335441589,-31.378950119,85.3617477417],[-95.1326828003,-135.97756958,198.333724976,28.8480224609,-43.107673645,324.352478027,18.1201267242,50.1230697632,-33.9474182129,23.7467269897,-18.5176525116,13.0164165497,-18.7821769714],[391.334411621,-150.022644043,-25.6409473419,170.843841553,3.97323513031,18.1201267242,302.133605957,-4.22737503052,58.7655906677,-46.2602043152,-31.5603637695,42.5170059204,-36.0012245178],[-635.139770508,29.8745117188,76.2147674561,-60.1312255859,41.439994812,50.1230697632,-4.22737503052,241.61706543,45.7575798035,17.0674419403,4.21455955505,-20.7650661469,47.5847129822],[-27.6265335083,-6.9452996254,-36.5867042542,-7.81599807739,2.11285281181,-33.9474182129,58.7655906677,45.7575798035,157.880569458,45.8732299805,5.050760746,5.60809707642,-31.0371437073],[-152.405288696,-43.1037063599,66.4961395264,11.109951973,-32.8334922791,23.7467269897,-46.2602043152,17.0674419403,45.8732299805,117.1014328,53.3599777222,6.87373209,-15.8514699936],[-353.971252441,72.5358734131,7.88318395615,-46.596118927,42.9335441589,-18.5176525116,-31.5603637695,4.21455955505,5.050760746,53.3599777222,97.4087524414,30.3050441742,26.2158584595],[128.239227295,-123.917900085,37.6288261414,92.9777832031,-31.378950119,13.0164165497,42.5170059204,-20.7650661469,5.60809707642,6.87373209,30.3050441742,104.721992493,24.0412273407],[-427.775146484,209.03616333,-13.3069219589,-120.643112183,85.3617477417,-18.7821769714,-36.0012245178,47.5847129822,-31.0371437073,-15.8514699936,26.2158584595,24.0412273407,143.053131104]],"icov":[[0.000125363600091,-0.000313457479933,0.000744853517972,-0.000625055166893,0.000643421779387,-0.00039317048504,0.000112425987027,-0.0000599102422711,0.0000434822359239,-0.0000404498714488,0.0000525294090039,-0.0000665269762976,-0.00000576548836762],[-0.000313457479933,0.00198965519667,-0.00205904641189,0.00271987123415,-0.00229731528088,0.00130133167841,-0.000528230972122,0.00058941723546,-0.000129185296828,0.0000194612002815,-0.000149043116835,0.000743178185076,-0.000653220515233],[0.000744853517972,-0.00205904641189,0.00734033389017,-0.00496197910979,0.00459748646244,-0.0038692438975,0.00124243786559,-0.00124280888122,0.000657674972899,-0.000930981826968,-0.000316441844916,-0.000204172538361,-0.000659205194097],[-0.000625055166893,0.00271987123415,-0.00496197910979,0.00723941484466,-0.00544891506433,0.00361678004265,-0.00210064975545,0.000382834055927,0.00211280537769,-0.0027005856391,0.00361636420712,-0.00347405998036,0.00295079918578],[0.000643421779387,-0.00229731528088,0.00459748646244,-0.00544891506433,0.00826992746443,-0.00317861605436,0.000941603211686,-0.000238983760937,-0.00205138023011,0.00362038752064,-0.00507392594591,0.00432751420885,-0.003763649147],[-0.00039317048504,0.00130133167841,-0.0038692438975,0.00361678004265,-0.00317861605436,0.00633664848283,-0.00160248368047,-0.000936673139222,0.00288365595043,-0.00311225629412,0.00350312446244,-0.00257143261842,0.0023209261708],[0.000112425987027,-0.000528230972122,0.00124243786559,-0.00210064975545,0.000941603211686,-0.00160248368047,0.00561522180215,-0.0000483390467707,-0.00334484153427,0.0041257115081,-0.0010332033271,-0.000989854335785,0.000196182038053],[-0.0000599102422711,0.00058941723546,-0.00124280888122,0.000382834055927,-0.000238983760937,-0.000936673139222,-0.0000483390467707,0.00629875296727,-0.00345788616687,0.00118483568076,-0.00125948991627,0.00355978659354,-0.0039072977379],[0.0000434822359239,-0.000129185296828,0.000657674972899,0.00211280537769,-0.00205138023011,0.00288365595043,-0.00334484153427,-0.00345788616687,0.0134286312386,-0.00972969736904,0.00668155914173,-0.00593744590878,0.00568169308826],[-0.0000404498714488,0.0000194612002815,-0.000930981826968,-0.0027005856391,0.00362038752064,-0.00311225629412,0.0041257115081,0.00118483568076,-0.00972969736904,0.0226265992969,-0.0157054401934,0.00695261871442,-0.00233234418556],[0.0000525294090039,-0.000149043116835,-0.000316441844916,0.00361636420712,-0.00507392594591,0.00350312446244,-0.0010332033271,-0.00125948991627,0.00668155914173,-0.0157054401934,0.0261196047068,-0.0129604320973,0.00414262292907],[-0.0000665269762976,0.000743178185076,-0.000204172538361,-0.00347405998036,0.00432751420885,-0.00257143261842,-0.000989854335785,0.00355978659354,-0.00593744590878,0.00695261871442,-0.0129604320973,0.0224136728793,-0.0104963248596],[-0.00000576548836762,-0.000653220515233,-0.000659205194097,0.00295079918578,-0.003763649147,0.0023209261708,0.000196182038053,-0.0039072977379,0.00568169308826,-0.00233234418556,0.00414262292907,-0.0104963248596,0.0162336230278]],"mean":[-59.4641571045,98.0442657471,-86.3470611572,5.71814155579,-27.1294193268,-3.62030291557,9.76380634308,-12.1709089279,-0.305485367775,-6.67362260818,-8.47540378571,-2.06597423553,-7.93863391876]},"hfc":{"dmean":29.7486114502,"dmean2":40.8327102661,"dvar":2712.8371582,"dvar2":5226.87841797,"max":761.680908203,"mean":52.6590652466,"median":25.7253265381,"min":1.06050900659e-16,"var":5489.47558594},"melbands":{"dmean":[0.00285087130032,0.00151573796757,0.00058989902027,0.000330244016368,0.000282302120468,0.000167759033502,0.000128892992507,0.000132353539811,0.000134515430545,0.000189823811525,0.000158106791787,0.000127204766613,0.000057760735217,0.0000551836201339,0.0000512784827151,0.0000405052123824,0.0000283947047137,0.0000215436575672,0.0000118980524348,0.00000737521622796,0.00000637264520265,0.00000628873976893,0.00000641534006718,0.00000550147569811,0.00000650799574942,0.00000572181079406,0.00000636521690467,0.00000659350916976,0.00000800348607299,0.00000807258129498,0.00000832851037558,0.00000846728471515,0.0000062699659793,0.00000496270649819,0.00000298159034173,0.00000194614494831,9.34113870699e-7,4.4172526259e-7,1.28432759539e-7,2.80361600602e-8],"dmean2":[0.00415399903432,0.0024924883619,0.000939710356761,0.000517222564667,0.000404865160817,0.000245154398726,0.000199001224246,0.000196152177523,0.000204416370252,0.000283970177406,0.000238412976614,0.000189775237232,0.000087313928816,0.0000868325078045,0.0000776109955041,0.0000616919569438,0.000045696982852,0.0000343599494954,0.0000189666316146,0.0000117596573546,0.00000985554288491,0.00000975299190031,0.0000098916952993,0.00000820102832222,0.00000975401144387,0.00000859687406773,0.00000982244637271,0.0000102299873106,0.0000129395075419,0.0000131617216539,0.0000135981781568,0.0000138915838761,0.000010276608009,0.00000815191742731,0.00000498045665154,0.00000331294813805,0.00000160586432685,7.69635846609e-7,2.28592426765e-7,4.79677453313e-8],"dvar":[0.0000246019462793,0.00000915318287298,0.00000173207683929,8.82201618424e-7,6.65911898068e-7,3.18605856364e-7,1.27704169017e-7,1.75655046064e-7,9.8319276276e-8,1.76152255449e-7,2.21491774255e-7,2.25435741186e-7,3.79926916594e-8,2.53940211081e-8,2.43762006136e-8,1.82055313047e-8,6.6437539914e-9,3.57799678774e-9,9.18570219888e-10,3.82037568247e-10,3.74667630254e-10,3.94795141023e-10,4.82710205141e-10,3.913810942e-10,4.50561560283e-10,4.02372080099e-10,2.83365997333e-10,3.13346681935e-10,3.24232030113e-10,3.26669163941e-10,3.06335040667e-10,3.2185420995e-10,1.91685764483e-10,1.08270628574e-10,4.11650019627e-11,1.85940082775e-11,4.40608313723e-12,1.06589303356e-12,1.02680755879e-13,3.18808357094e-15],"dvar2":[0.0000503917181049,0.0000234373583226,0.00000436762957179,0.00000207556081477,0.00000137202073347,6.42561815312e-7,3.1082379337e-7,3.69648603282e-7,2.1853951182e-7,3.94100737822e-7,4.44497459284e-7,4.90805064146e-7,7.25113977751e-8,6.03778076425e-8,5.16942471052e-8,3.6891002253e-8,1.65025770826e-8,8.77929284826e-9,2.2936148536e-9,9.30183485792e-10,8.71073380093e-10,9.45085121273e-10,1.07688058471e-9,8.17267475917e-10,9.27493581937e-10,7.13888836934e-10,5.60554158646e-10,6.24612750411e-10,7.49243223019e-10,7.7683942612e-10,7.37517602545e-10,7.78756836795e-10,4.60853855078e-10,2.64749833168e-10,1.02307828875e-10,4.75032478631e-11,1.12731751017e-11,2.76682886671e-12,2.77306037291e-13,8.31835651521e-15],"max":[0.0622308254242,0.0421814024448,0.0221123266965,0.0247052870691,0.0308515559882,0.019434440881,0.0119933988899,0.0140723539516,0.00823001097888,0.00991095881909,0.02361478284,0.0332469418645,0.00962572544813,0.00456946156919,0.00595372868702,0.0076565942727,0.00188790133689,0.00191063550301,0.000797260261606,0.000641900929622,0.000662574660964,0.000463661097456,0.000736080866773,0.000673638423905,0.000618999707513,0.0011931421468,0.000847927527502,0.00107389513869,0.000439220573753,0.000520772242453,0.000453324697446,0.000397937081289,0.000506034004502,0.000225853262236,0.000102019912447,0.000065184700361,0.0000249847053055,0.0000154546614795,0.00000430533873441,0.00000104353568986],"mean":[0.00394052173942,0.00173249526415,0.000728596409317,0.00043877333519,0.000432233820902,0.000243935210165,0.000193852625671,0.000212663770071,0.000203162722755,0.000279002269963,0.000221990136197,0.000176933579496,0.0000804790106486,0.0000713947956683,0.000069069203164,0.0000515733227076,0.0000333740354108,0.0000257902029261,0.0000144253044709,0.00000884150449565,0.00000808420736575,0.00000836440267449,0.00000883333359525,0.00000724896563042,0.00000770336828282,0.00000678037758917,0.00000674701550452,0.00000648603145237,0.00000712169685357,0.0000069221978265,0.00000684380120219,0.00000684774795445,0.00000500905298395,0.00000388718490285,0.00000225084909289,0.00000141557904954,6.68896404932e-7,3.10187147079e-7,9.14300173349e-8,2.42766038383e-8],"median":[0.00129834329709,0.000761298346333,0.000273989688139,0.000114622642286,0.0000792287537479,0.0000498405788676,0.0000421345830546,0.0000407233819715,0.0000486677672598,0.0000648423301755,0.0000487574397994,0.0000337786550517,0.0000179280614248,0.000018246955733,0.0000118143098007,0.00000714620910003,0.00000664895878799,0.00000529581757291,0.00000292646473099,0.00000174794229224,0.00000142765225064,0.00000137768336117,0.00000145625585901,0.00000106708807834,8.63543789364e-7,6.62216223191e-7,6.21368826614e-7,5.69529504446e-7,5.19968352819e-7,3.65734734942e-7,3.07567802338e-7,2.34274722288e-7,1.41742376059e-7,1.05568730646e-7,5.11234823364e-8,3.09399830201e-8,1.9081157987e-8,1.27873311939e-8,8.52859827205e-9,5.68594016315e-9],"min":[8.50958457958e-25,4.31312756766e-25,1.01516439133e-24,1.16954555517e-24,1.59212700222e-24,1.48277973809e-24,1.77064504178e-24,1.27849592365e-24,1.27910620616e-24,8.94336242807e-25,2.0638056729e-24,2.13877921054e-24,2.87078336045e-24,2.64011412088e-24,1.7258848768e-24,2.29200617227e-24,1.72756751711e-24,2.44656453398e-24,3.59766050612e-24,3.72302509789e-24,3.06569787393e-24,4.52685148334e-24,3.72249734994e-24,3.81037487706e-24,3.68189152371e-24,4.24427992937e-24,4.37179258938e-24,4.01674996177e-24,5.24619717673e-24,4.68320450362e-24,4.58778270523e-24,4.81200616235e-24,5.52820232857e-24,6.11082659418e-24,6.10227336981e-24,5.88163962424e-24,5.51370582615e-24,5.3619356933e-24,4.99535636938e-24,6.43918126851e-24],"var":[0.0000396520626964,0.00000867413291417,0.00000194848894353,0.00000117755337214,0.00000148814478962,6.62367540372e-7,2.3454758491e-7,4.49248631185e-7,2.01527157628e-7,3.49544762912e-7,5.22562231708e-7,3.25738142237e-7,7.66356009763e-8,3.51418947275e-8,5.07178441467e-8,3.95608132919e-8,7.52424700323e-9,4.52955539743e-9,1.16864073973e-9,4.34783320458e-10,5.13273978875e-10,6.48119335978e-10,8.90847950963e-10,7.7999778858e-10,9.07522723637e-10,8.97468821481e-10,5.48422696145e-10,4.8249076956e-10,3.88631515857e-10,3.70304009678e-10,3.15673209794e-10,3.23669063773e-10,2.01521480059e-10,1.0156428476e-10,3.62941343646e-11,1.4970661863e-11,3.4704275044e-12,8.10029018687e-13,7.2831904353e-14,2.75726313221e-15]},"melbands_crest":{"dmean":5.0282702446,"dmean2":7.766913414,"dvar":20.0051441193,"dvar2":41.8042449951,"max":39.23462677,"mean":18.3047618866,"median":16.8924884796,"min":1.56546831131,"var":65.0962905884},"melbands_flatness_db":{"dmean":0.051458157599,"dmean2":0.0735422149301,"dvar":0.00194017204922,"dvar2":0.00399373145774,"max":0.693222105503,"mean":0.266869932413,"median":0.27002966404,"min":0.00272137671709,"var":0.00758089125156},"melbands_kurtosis":{"dmean":16.7092895508,"dmean2":25.8648834229,"dvar":2365.99169922,"dvar2":4803.640625,"max":1290.76098633,"mean":23.4854049683,"median":6.84244823456,"min":-1.9191018343,"var":5257.67480469},"melbands_skewness":{"dmean":1.27249360085,"dmean2":1.86303305626,"dvar":2.27735900879,"dvar2":4.84514856339,"max":28.5319900513,"mean":2.93263101578,"median":2.32021474838,"min":-2.872215271,"var":8.18481349945},"melbands_spread":{"dmean":9.71938323975,"dmean2":15.4279241562,"dvar":236.277801514,"dvar2":561.023742676,"max":224.48298645,"mean":20.7444553375,"median":14.9371299744,"min":0.0763682723045,"var":552.5859375},"mfcc":{"cov":[[12484.5947266,-540.408996582,-182.665557861,798.879211426,-918.337036133,722.21282959,-342.451629639,296.765197754,-284.37878418,206.861099243,-260.804718018,66.4275665283,-231.039657593],[-540.408996582,2628.40527344,-440.279632568,-570.581054688,279.394775391,-322.12802124,67.3496246338,-186.691421509,145.54850769,-152.926773071,103.015464783,-84.0987167358,57.0566253662],[-182.665557861,-440.279632568,682.046630859,30.4471797943,-70.6365814209,150.059036255,18.1601161957,48.8554954529,-31.8768081665,62.1145591736,-3.46623802185,37.0348777771,-5.4632434845],[798.879211426,-570.581054688,30.4471797943,654.667907715,-67.0593338013,142.399185181,17.0000743866,97.8923568726,-29.0682621002,43.174823761,-28.6098575592,11.5207681656,-7.84007024765],[-918.337036133,279.394775391,-70.6365814209,-67.0593338013,357.91708374,-84.306388855,68.0723724365,-70.6496505737,38.2999839783,-39.1745223999,27.3834629059,-10.93288517,36.0878753662],[722.21282959,-322.12802124,150.059036255,142.399185181,-84.306388855,319.811523438,36.6291542053,78.074836731,-56.3174057007,40.2439918518,-36.186756134,10.8696117401,-16.4530925751],[-342.451629639,67.3496246338,18.1601161957,17.0000743866,68.0723724365,36.6291542053,183.028625488,56.6758308411,32.5100479126,-16.348608017,-8.00764369965,-28.776807785,3.75466394424],[296.765197754,-186.691421509,48.8554954529,97.8923568726,-70.6496505737,78.074836731,56.6758308411,199.172470093,72.3613891602,43.1740036011,-14.6874265671,-1.56383824348,-2.44945716858],[-284.37878418,145.54850769,-31.8768081665,-29.0682621002,38.2999839783,-56.3174057007,32.5100479126,72.3613891602,151.016952515,35.679473877,27.8417472839,-10.502617836,17.9407138824],[206.861099243,-152.926773071,62.1145591736,43.174823761,-39.1745223999,40.2439918518,-16.348608017,43.1740036011,35.679473877,113.919189453,38.3057403564,24.5972957611,-14.5009756088],[-260.804718018,103.015464783,-3.46623802185,-28.6098575592,27.3834629059,-36.186756134,-8.00764369965,-14.6874265671,27.8417472839,38.3057403564,115.687202454,49.4907951355,24.1747837067],[66.4275665283,-84.0987167358,37.0348777771,11.5207681656,-10.93288517,10.8696117401,-28.776807785,-1.56383824348,-10.502617836,24.5972957611,49.4907951355,94.2901687622,39.5128288269],[-231.039657593,57.0566253662,-5.4632434845,-7.84007024765,36.0878753662,-16.4530925751,3.75466394424,-2.44945716858,17.9407138824,-14.5009756088,24.1747837067,39.5128288269,93.8511505127]],"icov":[[0.000149380997755,-0.00010922049114,0.000110113294795,-0.000137477676617,0.000211397869862,-0.000222920294618,0.000241364250542,-0.000180995266419,0.000220283691306,-0.000274638092378,0.000403822719818,-0.000325813540258,0.000242928726948],[-0.00010922049114,0.000761136063375,0.00018079142319,0.000496539811138,-0.000196646346012,0.000112522335257,-0.000356180040399,0.000606380519457,-0.000859505846165,0.000948486616835,-0.00106002308894,0.000838394102175,-0.000323260203004],[0.000110113294795,0.00018079142319,0.00192580325529,0.000227967349929,0.000246247160248,-0.000758628244512,-0.000204713389394,-0.0000414862006437,0.000285161484499,-0.000818997330498,0.000334323616698,-0.000602149521001,0.0000580756386626],[-0.000137477676617,0.000496539811138,0.000227967349929,0.0021975573618,-0.000298865081277,-0.000262540590484,-0.000306896516122,-0.000493319472298,0.000206717420951,-0.00000344651562045,-0.000480119080748,0.000574988953304,-0.000533619546331],[0.000211397869862,-0.000196646346012,0.000246247160248,-0.000298865081277,0.00433773407713,-0.0000470756604045,-0.00155592802912,0.00198203884065,-0.00118068000302,0.000173911030288,0.000184657372301,-0.000348362809746,-0.000581227999646],[-0.000222920294618,0.000112522335257,-0.000758628244512,-0.000262540590484,-0.0000470756604045,0.0055240355432,-0.00154589256272,-0.00157324201427,0.00279764109291,-0.00177665764932,0.000752611376811,0.000135956041049,-0.000736385234632],[0.000241364250542,-0.000356180040399,-0.000204713389394,-0.000306896516122,-0.00155592802912,-0.00154589256272,0.00837041810155,-0.0032103699632,0.000111314344394,0.00150197499897,-0.000571653712541,0.00196002773009,0.000214624058572],[-0.000180995266419,0.000606380519457,-0.0000414862006437,-0.000493319472298,0.00198203884065,-0.00157324201427,-0.0032103699632,0.0109837977216,-0.00698823854327,-0.0000577338687435,0.0013089281274,-0.00107600947376,-0.000037863941543],[0.000220283691306,-0.000859505846165,0.000285161484499,0.000206717420951,-0.00118068000302,0.00279764109291,0.000111314344394,-0.00698823854327,0.0147841824219,-0.00600657844916,-0.000735912064556,0.00329717039131,-0.00309654115699],[-0.000274638092378,0.000948486616835,-0.000818997330498,-0.00000344651562045,0.000173911030288,-0.00177665764932,0.00150197499897,-0.0000577338687435,-0.00600657844916,0.0168021600693,-0.00637905206531,-0.00144280178938,0.00425430946052],[0.000403822719818,-0.00106002308894,0.000334323616698,-0.000480119080748,0.000184657372301,0.000752611376811,-0.000571653712541,0.0013089281274,-0.000735912064556,-0.00637905206531,0.0167150031775,-0.00884075462818,0.000307466660161],[-0.000325813540258,0.000838394102175,-0.000602149521001,0.000574988953304,-0.000348362809746,0.000135956041049,0.00196002773009,-0.00107600947376,0.00329717039131,-0.00144280178938,-0.00884075462818,0.021350171417,-0.00881222914904],[0.000242928726948,-0.000323260203004,0.0000580756386626,-0.000533619546331,-0.000581227999646,-0.000736385234632,0.000214624058572,-0.000037863941543,-0.00309654115699,0.00425430946052,0.000307466660161,-0.00881222914904,0.016373520717]],"mean":[-710.731689453,151.999450684,-1.18954122066,27.2629776001,-12.4245042801,21.8806705475,4.76174116135,13.9470901489,5.88692522049,7.77854728699,4.30624008179,2.6102449894,-2.17749214172]},"pitch_salience":{"dmean":0.0993489399552,"dmean2":0.154002591968,"dvar":0.00754800112918,"dvar2":0.0164925269783,"max":0.97348934412,"mean":0.495739668608,"median":0.509176969528,"min":0.0268868263811,"var":0.022517034784},"silence_rate_20dB":{"dmean":0,"dmean2":0,"dvar":0,"dvar2":0,"max":1,"mean":1,"median":1,"min":1,"var":0},"silence_rate_30dB":{"dmean":0.0654970780015,"dmean2":0.131008088589,"dvar":0.0612100660801,"dvar2":0.14298465848,"max":1,"mean":0.941632986069,"median":1,"min":0,"var":0.0549652986228},"silence_rate_60dB":{"dmean":0.0586921833456,"dmean2":0.117396853864,"dvar":0.0552488304675,"dvar2":0.122975327075,"max":1,"mean":0.0968530699611,"median":0,"min":0,"var":0.0874732062221},"spectral_centroid":{"dmean":460.370391846,"dmean2":685.634277344,"dvar":377597.65625,"dvar2":771008.125,"max":11743.7753906,"mean":1352.0144043,"median":880.687255859,"min":106.38584137,"var":2167834},"spectral_complexity":{"dmean":5.25890493393,"dmean2":7.25584840775,"dvar":41.4808197021,"dvar2":72.6414642334,"max":58,"mean":14.0040397644,"median":12,"min":0,"var":114.032745361},"spectral_contrast_coeffs":{"dmean":[0.0564370192587,0.0492836125195,0.0428179986775,0.0339222215116,0.030418753624,0.0618766285479],"dmean2":[0.0889893621206,0.0797450840473,0.0683396533132,0.0541656017303,0.0472275316715,0.0887708365917],"dvar":[0.00223161652684,0.00162510818336,0.00122912775259,0.000793250277638,0.000688443600666,0.00305268866941],"dvar2":[0.00530202919617,0.00407335208729,0.00303002563305,0.00196078279987,0.00165670877323,0.00557903433219],"max":[-0.372402369976,-0.45111361146,-0.458428174257,-0.568233311176,-0.583889603615,-0.419234871864],"mean":[-0.716347515583,-0.77537715435,-0.780573010445,-0.808093070984,-0.82881373167,-0.730637907982],"median":[-0.720770359039,-0.783651471138,-0.785483896732,-0.811852693558,-0.82892370224,-0.739928007126],"min":[-0.984117507935,-0.978787004948,-0.97918266058,-0.978875517845,-0.967718720436,-0.964572846889],"var":[0.00796779897064,0.00605301046744,0.00506817968562,0.00333220022731,0.00211022119038,0.00971922837198]},"spectral_contrast_valleys":{"dmean":[0.48711836338,0.471272021532,0.435937553644,0.455552816391,0.60426235199,0.877794265747],"dmean2":[0.7237611413,0.712377905846,0.616422832012,0.628294110298,0.78349429369,1.33237826824],"dvar":[0.193286791444,0.190073922276,0.169141888618,0.202818185091,0.306955367327,0.536408245564],"dvar2":[0.370765119791,0.374280452728,0.289275228977,0.33717367053,0.523403465748,1.19325828552],"max":[-4.89760780334,-4.39821100235,-4.80234861374,-4.80908155441,-4.95064783096,-8.48850345612],"mean":[-7.40777921677,-7.22716808319,-7.55244970322,-8.33692550659,-8.41570854187,-11.5076313019],"median":[-6.98977851868,-6.81709957123,-7.15074491501,-8.02849197388,-8.10369968414,-11.2213687897],"min":[-28.17943573,-28.0661964417,-27.7721099854,-27.7341690063,-27.6386241913,-27.4356422424],"var":[7.19619131088,7.41729354858,7.18982744217,6.65489673615,6.9308347702,5.28052473068]},"spectral_decrease":{"dmean":4.33722791016e-9,"dmean2":5.80634473835e-9,"dvar":3.52266245861e-17,"dvar2":6.70811382173e-17,"max":1.34760549941e-10,"mean":-8.17402767694e-9,"median":-5.00274666138e-9,"min":-6.70357493959e-8,"var":8.04358765627e-17},"spectral_energy":{"dmean":0.0182152427733,"dmean2":0.0239312015474,"dvar":0.000600281520747,"dvar2":0.00109443813562,"max":0.303719967604,"mean":0.0356269739568,"median":0.0218259654939,"min":9.90139878429e-21,"var":0.00146723340731},"spectral_energyband_high":{"dmean":0.00120909849647,"dmean2":0.00192758534104,"dvar":0.00000541134977539,"dvar2":0.0000124677890199,"max":0.0579150170088,"mean":0.00106143869925,"median":0.0000873836543178,"min":6.72249804991e-21,"var":0.00000632920227872},"spectral_energyband_low":{"dmean":0.0120223369449,"dmean2":0.017074348405,"dvar":0.000338316807756,"dvar2":0.000671489222441,"max":0.233562156558,"mean":0.0183066502213,"median":0.00826078187674,"min":1.27827226186e-23,"var":0.00061168090906},"spectral_energyband_middle_high":{"dmean":0.00250110868365,"dmean2":0.00352482986636,"dvar":0.0000276466598734,"dvar2":0.0000558696774533,"max":0.213404923677,"mean":0.0043181553483,"median":0.0015980291646,"min":1.17675216793e-21,"var":0.0000604833403486},"spectral_energyband_middle_low":{"dmean":0.00475295027718,"dmean2":0.00675811106339,"dvar":0.0000611224604654,"dvar2":0.00013098938507,"max":0.180969104171,"mean":0.00926740001887,"median":0.00470462720841,"min":1.58290784514e-22,"var":0.000155526140588},"spectral_entropy":{"dmean":0.318811655045,"dmean2":0.44572031498,"dvar":0.0875340029597,"dvar2":0.170569032431,"max":9.82495498657,"mean":7.46065855026,"median":7.44976234436,"min":5.0980682373,"var":0.343698143959},"spectral_flux":{"dmean":0.0383345931768,"dmean2":0.0570239908993,"dvar":0.00176125520375,"dvar2":0.00369532336481,"max":0.404287785292,"mean":0.101930484176,"median":0.0852233022451,"min":6.29474319891e-11,"var":0.00453991256654},"spectral_kurtosis":{"dmean":6.97217178345,"dmean2":10.3272161484,"dvar":69.4072723389,"dvar2":161.450698853,"max":108.490531921,"mean":14.4019622803,"median":11.3921890259,"min":-1.26818966866,"var":143.561309814},"spectral_rms":{"dmean":0.00142900540959,"dmean2":0.00175337947439,"dvar":0.00000218334730562,"dvar2":0.00000339723146681,"max":0.0172137189656,"mean":0.00509583298117,"median":0.00461450172588,"min":3.10803813242e-12,"var":0.00000879061190062},"spectral_rolloff":{"dmean":2078.67382812,"dmean2":3816.98388672,"dvar":21942884,"dvar2":52379428,"max":22028.4667969,"mean":2983.23510742,"median":861.328125,"min":21.533203125,"var":31654344},"spectral_skewness":{"dmean":0.710803031921,"dmean2":0.981046557426,"dvar":0.508369863033,"dvar2":1.07870817184,"max":8.2087392807,"mean":2.3746843338,"median":2.3188867569,"min":-0.0957383960485,"var":1.45453155041},"spectral_spread":{"dmean":840136.125,"dmean2":1250466.25,"dvar":747816026112,"dvar2":1531016249340,"max":43033776,"mean":4581472,"median":3967225.5,"min":1176952.25,"var":22102843326500},"spectral_strongpeak":{"dmean":0.482970029116,"dmean2":0.820042729378,"dvar":3.25682592392,"dvar2":8.06900691986,"max":71.5034713745,"mean":0.579042315483,"median":0.179060652852,"min":0,"var":3.05571961403},"zerocrossingrate":{"dmean":0.0294377785176,"dmean2":0.0353773385286,"dvar":0.000705795304384,"dvar2":0.000950063753407,"max":0.5400390625,"mean":0.141955077648,"median":0.126953125,"min":0.0107421875,"var":0.00630251970142}},"metadata":{"audio_properties":{"analysis_sample_rate":44100,"bit_rate":160000,"codec":"mp3","downmix":"mix","equal_loudness":0,"length":218.383666992,"lossless":false,"md5_encoded":"328bb98170acb83d0b963324a3536119","replay_gain":-2.32493209839,"sample_rate":44100},"tags":{"album":["Bush Doctor"],"album artist credit":["Peter Tosh"],"albumartist":["Peter Tosh"],"albumartistsort":["Tosh, Peter"],"artist":["Peter Tosh"],"artist credit":["Peter Tosh"],"artistsort":["Tosh, Peter"],"bpm":["0"],"catalognumber":["5C 062-61708"],"composer":["Peter Tosh"],"date":["1978"],"discnumber":["1/1"],"encodedby":["iTunes v4.8.0.32"],"file_name":"05 - Peter Tosh - _Moses_ - The Prophet.mp3","genre":["Reggae"],"label":["Rolling Stones Records"],"language":["eng"],"media":["12\" Vinyl"],"musicbrainz album release country":["NL"],"musicbrainz album status":["Official"],"musicbrainz album type":["album"],"musicbrainz_albumartistid":["7db6aae5-6644-4513-9bfc-ca2e79d4469c"],"musicbrainz_albumid":["bfcda83c-31a8-41bf-aa34-2790d30ff35e"],"musicbrainz_artistid":["7db6aae5-6644-4513-9bfc-ca2e79d4469c"],"musicbrainz_recordingid":["a52426a8-a53f-4a04-b403-7cec829fbd7d"],"musicbrainz_releasegroupid":["8bb0a3e8-3f24-36c1-b968-c226be6736c8"],"originaldate":["1978"],"replaygain_album_gain":["0.00 dB"],"replaygain_album_peak":["0.000000"],"replaygain_track_gain":["-0.59 dB"],"replaygain_track_peak":["0.947723"],"script":["Latn"],"title":["\"Moses\" - The Prophet"],"tracknumber":["5/9"]},"version":{"essentia":"2.1-beta1","essentia_build_sha":"5a811adb4c06fd6d02ca903f7349a26d851abfa8","essentia_git_sha":"v2.1_beta1-34-gf95df8b","extractor":"music 1.0"}},"rhythm":{"beats_count":459,"beats_loudness":{"dmean":0.0374200977385,"dmean2":0.0640435740352,"dvar":0.000868745846674,"dvar2":0.00263118930161,"max":0.196130082011,"mean":0.0947257503867,"median":0.0939543545246,"min":0,"var":0.00136556115467},"beats_loudness_band_ratio":{"dmean":[0.159270986915,0