{"lowlevel":{"average_loudness":0.768628656864,"barkbands":{"dmean":[0.000745680474211,0.00412532221526,0.00239617959596,0.00187464756891,0.00369619159028,0.00127978040837,0.000223813098273,0.000173728752998,0.000138680290547,0.000116769137094,0.0000436297195847,0.0000443202261522,0.0000405651589972,0.0000225914882321,0.0000202000192076,0.0000403735648433,0.0000347452041751,0.0000457252681372,0.000054636006098,0.0000523944399902,0.0000333675525326,0.0000101006035038,0.00000388413582186,0.00000151634503709,0.00000123839970456,0.00000187909199667,0.0000171846731973],"dmean2":[0.00129913154524,0.00653687352315,0.00383551022969,0.00296619092114,0.00538898166269,0.00184205139522,0.000349383568391,0.000277067534626,0.000214327374124,0.000187629455468,0.0000715321075404,0.0000730054598534,0.0000662911261315,0.0000365463383787,0.0000322213563777,0.0000654087270959,0.0000531982113898,0.0000653227907605,0.000074652278272,0.0000727749720681,0.0000472128594993,0.0000137641654874,0.00000559255659027,0.00000249309027822,0.00000209764493775,0.00000288145656668,0.0000219204739551],"dvar":[0.00000122298331462,0.0000285706792056,0.0000161077787197,0.0000189066049643,0.000073557595897,0.00002492008025,4.94272967444e-7,4.30689851783e-7,4.44380276576e-7,2.81039604033e-7,2.34761383666e-8,1.99209910789e-8,2.56400163323e-8,9.3395353673e-9,4.98621366418e-9,1.60870268218e-8,1.74128658159e-8,4.02598629989e-8,5.42911422485e-8,4.52293136277e-8,1.99213765484e-8,1.7318756429e-9,1.95729918384e-10,1.01884767983e-11,6.30031833995e-12,2.13935189008e-11,3.19014681338e-9],"dvar2":[0.0000034188826703,0.0000707868020982,0.0000414507449022,0.0000472589526908,0.000149098006659,0.0000471672246931,0.00000104548485069,9.92915943243e-7,0.00000105467563571,7.30558724626e-7,5.79425680769e-8,5.08426367674e-8,6.62419452624e-8,2.3458458287e-8,1.20093774925e-8,3.89282028834e-8,3.91511143505e-8,7.7325111647e-8,8.98610039712e-8,8.35229769791e-8,3.83320859498e-8,2.88293611206e-9,3.2118974147e-10,2.36407941834e-11,1.63022217253e-11,3.86836049304e-11,4.29674251734e-9],"max":[0.018304200843,0.0986512899399,0.0747704133391,0.0774234980345,0.148070663214,0.190868720412,0.032098595053,0.0216487646103,0.026478426531,0.0185458138585,0.00613017007709,0.00598985748366,0.00942621938884,0.0068847136572,0.00293001392856,0.003410264384,0.00626856833696,0.00913207046688,0.00857039447874,0.00679621705785,0.00501987012103,0.00128220545594,0.000545219576452,0.000123294215882,0.0000360088015441,0.000179833412403,0.00152804737445],"mean":[0.00204986543395,0.00801805686206,0.00378019898199,0.00287722540088,0.00700512295589,0.00218323641457,0.000359873170964,0.000265993672656,0.000196625231183,0.000169400969753,0.0000648836721666,0.0000717450166121,0.0000683989783283,0.0000364282859664,0.0000312506308546,0.0000678777651046,0.000058221299696,0.0000752770065446,0.0000867591515998,0.0000751809129724,0.0000457476235169,0.000015620902559,0.00000570304382563,0.00000160434706231,0.000001183361519,0.00000246018817052,0.0000361632992281],"median":[0.00105362990871,0.00590644683689,0.00173252564855,0.000653657945804,0.00125036318786,0.000244111462962,0.0000785775628174,0.0000419232128479,0.0000314861244988,0.0000292661570711,0.0000182201147254,0.0000239647379203,0.0000204272691917,0.0000139569710882,0.0000090380299298,0.0000143027755257,0.000014612918676,0.0000135241898533,0.0000136658127303,0.00000658483486404,0.00000361884985978,0.00000194275889953,9.49639570536e-7,3.54251028511e-7,2.52327168937e-7,5.72320800529e-7,0.0000110374221549],"min":[7.72326725774e-25,3.43024095064e-24,4.74935009609e-24,2.17502855243e-24,7.90532738137e-24,8.12604750721e-24,1.45002968457e-23,2.42759432248e-23,4.24398647311e-23,2.3287350627e-23,1.73989520425e-23,2.64804197576e-23,6.08816845794e-23,2.27053606055e-23,6.97925437688e-23,6.18829636383e-23,1.38954074544e-22,1.2948737765e-22,1.35811631351e-22,1.70293713395e-22,2.61969397514e-22,4.15367149201e-22,4.87600605316e-22,6.58382352243e-22,1.01649349732e-21,1.57223608433e-21,2.15312387144e-21],"var":[0.00000583349583394,0.0000656324846204,0.0000304496425088,0.0000389698434446,0.000243812886765,0.0000844006208354,0.00000117234310437,8.30511396543e-7,8.02886859219e-7,4.55513259112e-7,3.93083645633e-8,2.7813994663e-8,3.35514727112e-8,1.06274633538e-8,7.58029639059e-9,3.13037524791e-8,3.18010542344e-8,8.78168364693e-8,1.25924501049e-7,1.06440189995e-7,4.49679546932e-8,4.87164486529e-9,5.01986507917e-10,1.52475289339e-11,6.68993116112e-12,5.22745423337e-11,1.1235416153e-8]},"barkbands_crest":{"dmean":2.94282746315,"dmean2":4.72424840927,"dvar":5.97154808044,"dvar2":15.9246749878,"max":26.0172595978,"mean":13.6255636215,"median":13.2811975479,"min":3.26631522179,"var":18.2007961273},"barkbands_flatness_db":{"dmean":0.0386155992746,"dmean2":0.0603902451694,"dvar":0.00108149298467,"dvar2":0.00274472497404,"max":0.564556181431,"mean":0.247828036547,"median":0.235638692975,"min":0.0340483114123,"var":0.00711856083944},"barkbands_kurtosis":{"dmean":15.5938272476,"dmean2":24.3964004517,"dvar":428.523651123,"dvar2":980.371520996,"max":429.604156494,"mean":34.784450531,"median":22.869512558,"min":-1.78180897236,"var":1556.66125488},"barkbands_skewness":{"dmean":1.03607475758,"dmean2":1.63213634491,"dvar":0.97046148777,"dvar2":2.38403201103,"max":16.1902427673,"mean":3.82865262032,"median":3.57072782516,"min":-2.13256168365,"var":3.86837434769},"barkbands_spread":{"dmean":3.63351130486,"dmean2":5.30363273621,"dvar":47.825920105,"dvar2":81.961227417,"max":116.149780273,"mean":9.19530200958,"median":4.36466264725,"min":0.218188375235,"var":235.362319946},"dissonance":{"dmean":0.0198347382247,"dmean2":0.0323395133018,"dvar":0.000438169925474,"dvar2":0.00117327983025,"max":0.5,"mean":0.458953052759,"median":0.466322124004,"min":0,"var":0.00103967892937},"dynamic_complexity":6.41690587997,"erbbands":{"dmean":[0.143687859178,0.892637073994,2.4720928669,4.82828998566,8.82337856293,13.9076309204,12.5500259399,8.89987945557,4.05801200867,3.23113775253,3.06236028671,3.05157399178,3.66277217865,2.94874787331,1.54410028458,1.80840110779,1.76289224625,1.37060022354,0.796303212643,1.42953634262,2.18889164925,1.91702711582,2.38433480263,2.50371575356,2.73940658569,2.47906374931,2.01395773888,0.81389439106,0.394398629665,0.214203491807,0.0920459106565,0.0414106696844,0.0213453769684,0.0140131926164,0.00872684270144,0.0049052471295,0.00351316295564,0.00377565762028,0.00308016152121,0.000346727378201],"dmean2":[0.224784776568,1.4336168766,3.99674463272,7.55817127228,13.5353832245,20.1318397522,18.4925727844,12.692281723,6.16782522202,5.15459489822,4.85406780243,4.76242780685,5.89415693283,4.69685173035,2.50014948845,2.97279977798,2.86389279366,2.19295287132,1.24932539463,2.26438975334,3.47010540962,2.88608956337,3.4427318573,3.44777083397,3.79113769531,3.41379165649,2.84455370903,1.10563123226,0.533241927624,0.289095491171,0.131589069963,0.0644752383232,0.0358182303607,0.0237259343266,0.0147750265896,0.00826358981431,0.0053543727845,0.00493931164965,0.0040126433596,0.000474271277199],"dvar":[0.0310840103775,1.63196825981,15.4885311127,116.79876709,360.974365234,1467.11730957,1617.59411621,2156.70166016,202.384933472,116.308998108,121.953346252,286.764038086,314.034576416,186.186859131,23.3002567291,31.2934207916,34.7862014771,63.4691772461,5.12180042267,20.6666946411,48.6711120605,55.6975326538,114.493553162,102.424697876,138.320281982,109.541625977,69.1862106323,13.2619895935,2.73792910576,0.702403008938,0.106039963663,0.0117225944996,0.00178901688196,0.000804953568149,0.000312661897624,0.0000963062411756,0.0000772304265411,0.0001907391852,0.000120404969493,9.24234484501e-7],"dvar2":[0.0773053020239,4.06901264191,40.7544975281,283.490356445,815.655090332,2921.89819336,3164.12426758,3815.19506836,398.176757812,283.142089844,276.32333374,712.911193848,813.088562012,446.45324707,57.0096549988,82.2480239868,90.9695205688,164.367553711,11.52759552,48.0685195923,112.289787292,124.049598694,231.114349365,164.586212158,251.208709717,198.918212891,131.073867798,22.0767383575,4.47338533401,1.19965338707,0.161498203874,0.0215164106339,0.00458810245618,0.00208296254277,0.000809155288152,0.00024917194969,0.000129464198835,0.000280794425635,0.000177288471605,0.00000133169055516],"max":[2.83178496361,23.4262962341,73.7507247925,201.950485229,359.220672607,850.213989258,1091.9777832,2390.85351562,567.787536621,370.536437988,411.518676758,779.071105957,666.007751465,578.820739746,242.233474731,165.168106079,288.653594971,589.634643555,88.4752120972,136.121902466,203.951644897,335.491638184,492.080749512,320.317138672,351.466369629,368.714630127,267.322113037,166.98046875,56.1073875427,32.0797576904,14.3641462326,6.00870704651,0.596217989922,0.407998472452,0.253289401531,0.140522137284,0.420640766621,0.496171563864,0.3859154284,0.0252066217363],"mean":[0.30846375227,1.50738596916,4.07430648804,8.54803085327,15.1701087952,24.9418182373,22.1954631805,16.0566329956,6.92334032059,5.38210058212,4.89798879623,4.40073204041,5.29225063324,4.36956214905,2.6731197834,3.05275297165,3.15048503876,2.34595489502,1.42167747021,2.42450761795,3.83374810219,3.38045024872,3.99598050117,4.21383094788,4.21868658066,3.59858179092,2.73985314369,1.22155451775,0.612998902798,0.329136103392,0.133299410343,0.049446221441,0.0210807491094,0.0134301027283,0.00838953163475,0.0048769293353,0.00465481868014,0.00629552919418,0.00540228048339,0.00102090090513],"median":[0.203749835491,0.968826889992,2.21283054352,2.68733167648,3.69671320915,3.62784671783,3.11404705048,1.72218000889,1.24070596695,1.14219808578,0.830266714096,0.718653798103,0.863963127136,0.917945981026,0.903199791908,1.06839168072,1.01348626614,0.87063485384,0.576538443565,0.643105506897,0.891719460487,0.881195306778,0.786572694778,0.746067285538,0.624315619469,0.325129210949,0.184391796589,0.119020581245,0.073262527585,0.0491484180093,0.0230555720627,0.0100815203041,0.0049180323258,0.00291063752957,0.00184615456965,0.00121037242934,0.00106595526449,0.00114899780601,0.000976080889814,0.000611789524555],"min":[6.6574748582e-23,7.99673928934e-22,4.3716794257e-21,6.97462213516e-21,1.89987521638e-20,1.76692160411e-20,7.95826008317e-20,7.24712515574e-20,1.14501106275e-19,3.44409831227e-19,6.92272727922e-19,8.4419199544e-19,8.45566356028e-19,8.32884229672e-19,7.78057251106e-19,1.32773975786e-18,2.80684219407e-18,1.52206836858e-18,2.68538685114e-18,3.24506655938e-18,4.21226093229e-18,7.93388547451e-18,7.44926682339e-18,9.48654236176e-18,6.83142453077e-18,8.43058675283e-18,1.19173093719e-17,1.11525916489e-17,1.18905600052e-17,1.23909711886e-17,1.36442623132e-17,1.20158108664e-17,1.18435711834e-17,1.05194667809e-17,7.62122112913e-18,4.95463816126e-18,2.6043281142e-18,1.02479726622e-18,2.70076460402e-19,2.82506251435e-20],"var":[0.101412221789,3.22480130196,27.6633739471,295.467651367,952.09185791,4293.11328125,4391.08984375,9091.01855469,597.650817871,233.047576904,253.289077759,444.207244873,464.733825684,356.510742188,38.7160110474,45.860408783,52.5136680603,63.4587974548,8.84216785431,40.6727790833,97.280632019,104.270965576,245.573516846,255.755432129,310.859008789,257.329681396,147.826019287,36.7733840942,7.73510456085,1.81607735157,0.282651752234,0.0265299193561,0.0019830618985,0.000854331010487,0.000332718773279,0.000104039616417,0.000209064048249,0.00059005303774,0.000385212479159,0.00000331373348672]},"erbbands_crest":{"dmean":2.97515654564,"dmean2":4.78208684921,"dvar":7.3375749588,"dvar2":17.3962268829,"max":31.2051258087,"mean":10.3928432465,"median":9.26901912689,"min":2.31768894196,"var":22.6433753967},"erbbands_flatness_db":{"dmean":0.030737362802,"dmean2":0.04831058532,"dvar":0.000721759453882,"dvar2":0.00187444419134,"max":0.354522615671,"mean":0.165047943592,"median":0.160054534674,"min":0.055011395365,"var":0.00202662032098},"erbbands_kurtosis":{"dmean":2.34157967567,"dmean2":3.59437203407,"dvar":13.2062864304,"dvar2":29.2701358795,"max":66.1168823242,"mean":2.78715348244,"median":0.803101539612,"min":-1.87856006622,"var":34.0864257812},"erbbands_skewness":{"dmean":0.570316016674,"dmean2":0.822641015053,"dvar":0.295959502459,"dvar2":0.577173709869,"max":6.86620187759,"mean":1.02948582172,"median":1.07891523838,"min":-4.52190876007,"var":1.88305568695},"erbbands_spread":{"dmean":9.82757568359,"dmean2":15.0367746353,"dvar":104.913665771,"dvar2":229.062438965,"max":192.823074341,"mean":37.5283546448,"median":35.1282730103,"min":2.00582385063,"var":420.158111572},"gfcc":{"cov":[[17649.4902344,1229.42504883,-1398.05773926,281.078674316,-32.9007453918,-969.958129883,203.488754272,-766.020568848,156.60206604,-465.093292236,-102.888671875,117.69367218,-295.857421875],[1229.42504883,1372.78100586,151.58052063,-290.859436035,110.663024902,-1.97498106956,-32.3164672852,-110.443702698,52.2440872192,-107.298110962,63.3990974426,-39.8354682922,29.5405254364],[-1398.05773926,151.58052063,622.334228516,-8.1426115036,-71.1734237671,303.687438965,-60.7244911194,164.115127563,-18.4782371521,83.9015884399,30.7901916504,-51.5281219482,73.2773284912],[281.078674316,-290.859436035,-8.1426115036,365.056488037,157.092575073,-80.5268936157,200.006515503,-57.5419654846,38.7389373779,-8.48899459839,-3.06996273994,26.6155147552,-18.9162902832],[-32.9007453918,110.663024902,-71.1734237671,157.092575073,297.155670166,7.79108715057,155.424743652,-73.7977905273,42.7959709167,-36.3407516479,31.8177947998,14.036939621,1.53834187984],[-969.958129883,-1.97498106956,303.687438965,-80.5268936157,7.79108715057,442.511993408,-74.1111831665,146.119277954,-39.3079414368,87.970375061,19.0339679718,-10.5182218552,46.5306739807],[203.488754272,-32.3164672852,-60.7244911194,200.006515503,155.424743652,-74.1111831665,350.017272949,-66.4953765869,76.4898071289,-5.3116941452,47.9004974365,22.777217865,-2.37704825401],[-766.020568848,-110.443702698,164.115127563,-57.5419654846,-73.7977905273,146.119277954,-66.4953765869,196.398254395,1.39667761326,62.1497421265,13.4526453018,-14.7959098816,39.9981613159],[156.60206604,52.2440872192,-18.4782371521,38.7389373779,42.7959709167,-39.3079414368,76.4898071289,1.39667761326,137.607208252,23.4582233429,8.71127128601,25.0152931213,-20.8915538788],[-465.093292236,-107.298110962,83.9015884399,-8.48899459839,-36.3407516479,87.970375061,-5.3116941452,62.1497421265,23.4582233429,103.841049194,38.5924797058,-7.24101495743,13.418838501],[-102.888671875,63.3990974426,30.7901916504,-3.06996273994,31.8177947998,19.0339679718,47.9004974365,13.4526453018,8.71127128601,38.5924797058,88.1921386719,23.972322464,18.8912754059],[117.69367218,-39.8354682922,-51.5281219482,26.6155147552,14.036939621,-10.5182218552,22.777217865,-14.7959098816,25.0152931213,-7.24101495743,23.972322464,89.619682312,18.2821540833],[-295.857421875,29.5405254364,73.2773284912,-18.9162902832,1.53834187984,46.5306739807,-2.37704825401,39.9981613159,-20.8915538788,13.418838501,18.8912754059,18.2821540833,88.4955291748]],"icov":[[0.000152541178977,-0.000399299344281,0.000791591010056,-0.00109515176155,0.00106792955194,-0.000570344214793,0.000241311427089,0.000214943371248,-0.00045162535389,0.000686105340719,-0.000625916349236,0.000541317393072,-0.000244509341428],[-0.000399299344281,0.00347784464248,-0.00357146863826,0.00564215797931,-0.00395284267142,0.00155531114433,-0.000322032516124,0.00178320286795,-0.00159850693308,0.00238849502057,-0.0014969734475,0.000650602916721,-0.000450606079539],[0.000791591010056,-0.00357146863826,0.0095389932394,-0.0106399115175,0.00985845271498,-0.00702052703127,0.00248237955384,0.0000896660785656,-0.00425445754081,0.00523510761559,-0.0064667025581,0.00733669288456,-0.00472156703472],[-0.00109515176155,0.00564215797931,-0.0106399115175,0.0193347521126,-0.0149538237602,0.00883914995939,-0.00538126239553,-0.000617424258962,0.00560887111351,-0.00774990674108,0.00971875712276,-0.00917451456189,0.005465188995],[0.00106792955194,-0.00395284267142,0.00985845271498,-0.0149538237602,0.0188531503081,-0.0101967277005,0.0026205542963,0.0039391964674,-0.00890300888568,0.0129716731608,-0.0128761250526,0.0111425071955,-0.00676809903234],[-0.000570344214793,0.00155531114433,-0.00702052703127,0.00883914995939,-0.0101967277005,0.0103544387966,-0.00252279755659,-0.00420172233135,0.00800641998649,-0.0113800596446,0.0100428108126,-0.00937290210277,0.00524913100526],[0.000241311427089,-0.000322032516124,0.00248237955384,-0.00538126239553,0.0026205542963,-0.00252279755659,0.00687641790137,0.00230945087969,-0.00554704573005,0.00512519432232,-0.00738165853545,0.00513128330931,-0.00344066484831],[0.000214943371248,0.00178320286795,0.0000896660785656,-0.000617424258962,0.0039391964674,-0.00420172233135,0.00230945087969,0.0125005338341,-0.00723730493337,0.00578023213893,-0.00711991079152,0.00672443164513,-0.00598435895517],[-0.00045162535389,-0.00159850693308,-0.00425445754081,0.00560887111351,-0.00890300888568,0.00800641998649,-0.00554704573005,-0.00723730493337,0.0210232809186,-0.018750153482,0.0160091202706,-0.0154665056616,0.0103965261951],[0.000686105340719,0.00238849502057,0.00523510761559,-0.00774990674108,0.0129716731608,-0.0113800596446,0.00512519432232,0.00578023213893,-0.018750153482,0.0381067171693,-0.0268865134567,0.0192295070738,-0.00964947137982],[-0.000625916349236,-0.0014969734475,-0.0064667025581,0.00971875712276,-0.0128761250526,0.0100428108126,-0.00738165853545,-0.00711991079152,0.0160091202706,-0.0268865134567,0.0358350537717,-0.0204581953585,0.00823524035513],[0.000541317393072,0.000650602916721,0.00733669288456,-0.00917451456189,0.0111425071955,-0.00937290210277,0.00513128330931,0.00672443164513,-0.0154665056616,0.0192295070738,-0.0204581953585,0.0285771302879,-0.0127140395343],[-0.000244509341428,-0.000450606079539,-0.00472156703472,0.005465188995,-0.00676809903234,0.00524913100526,-0.00344066484831,-0.00598435895517,0.0103965261951,-0.00964947137982,0.00823524035513,-0.0127140395343,0.0204669889063]],"mean":[-119.484580994,124.749824524,-61.1939582825,27.2535705566,-10.1517429352,-14.0972337723,-7.51994419098,-11.2984819412,-13.1155061722,-9.77806377411,-5.5130109787,-1.99524390697,-5.70578861237]},"hfc":{"dmean":5.58493900299,"dmean2":8.45753002167,"dvar":54.087726593,"dvar2":117.925041199,"max":134.88508606,"mean":19.6455535889,"median":14.6502065659,"min":1.14589078794e-16,"var":324.380737305},"melbands":{"dmean":[0.00116811483167,0.00120059039909,0.000842674344312,0.000890850555152,0.000443270226242,0.00020336790476,0.0000571364944335,0.0000371217829525,0.0000248364394793,0.0000193943069462,0.0000184606487892,0.0000126102831928,0.00000530230272489,0.00000525376799487,0.0000041095368033,0.00000404903266826,0.00000246547961069,0.00000127232067371,0.00000166181052919,0.00000259772673417,0.00000270461214313,0.00000201692478186,0.00000226011411542,0.00000223885331252,0.00000207144444175,0.00000236610321735,0.00000177599940798,0.0000016884436036,0.000001579476816,6.74905436426e-7,4.22622719043e-7,2.44447505793e-7,1.61639590601e-7,1.06459680183e-7,5.82251296066e-8,3.55089007087e-8,2.13071178479e-8,1.52426231637e-8,1.29482726763e-8,1.14231317738e-8],"dmean2":[0.00183885905426,0.00193068699446,0.00131310685538,0.0012989861425,0.000652064743917,0.000289966992568,0.0000869022042025,0.0000593306249357,0.0000389148153772,0.0000302770567941,0.0000298645500152,0.0000200815848075,0.00000866270602273,0.00000855839698488,0.00000679286904415,0.00000657005875837,0.00000396410177927,0.00000200568820219,0.00000265388234766,0.00000414720489061,0.00000431387479694,0.00000308836524709,0.0000034037595924,0.00000322235746353,0.00000296251300824,0.00000336374932886,0.00000254710084846,0.00000237816493609,0.00000227841428568,9.45995282109e-7,5.92486060214e-7,3.35218942382e-7,2.27510682294e-7,1.5011812593e-7,8.39387368501e-8,5.43348228632e-8,3.45181518924e-8,2.57189931574e-8,2.19308784466e-8,1.93502618373e-8],"dvar":[0.00000210662983591,0.00000321967627315,0.00000288194883069,0.00000464060394734,0.00000163783784046,8.89446482688e-7,3.75905671035e-8,1.75731553753e-8,8.99046082026e-9,1.05608028989e-8,7.97429677846e-9,3.40841466162e-9,2.49546411313e-10,2.6220373095e-10,2.01960947965e-10,3.16073278661e-10,2.09895906211e-10,1.0029252602e-11,4.16200685027e-11,7.00419028332e-11,7.61614799005e-11,5.29701629781e-11,1.11972812966e-10,9.51657641579e-11,7.1650740896e-11,1.29843982788e-10,5.99875496499e-11,5.43019657018e-11,4.65260087401e-11,8.41209654018e-12,4.1258836625e-12,1.0964261183e-12,5.87633023838e-13,1.71203505474e-13,4.6351834995e-14,1.42359997353e-14,2.64755711895e-15,9.33925928028e-16,6.85885934891e-16,5.35937492183e-16],"dvar2":[0.00000521337506143,0.00000829826785775,0.00000707004255673,0.00000943923805607,0.00000320701246892,0.00000160329796017,7.47549080415e-8,4.17572323386e-8,2.02069934119e-8,2.64810289252e-8,2.08473895924e-8,8.20120238387e-9,6.19320039696e-10,6.39065356189e-10,5.40720412889e-10,8.14693534856e-10,5.42038691709e-10,2.28197773178e-11,1.02857118656e-10,1.72827890887e-10,1.80024745111e-10,1.18814555417e-10,2.50099413401e-10,1.83423526368e-10,1.25254862038e-10,2.61282273595e-10,1.24649138233e-10,1.0310432369e-10,9.27624574376e-11,1.63296424993e-11,7.16395692768e-12,1.82011133595e-12,1.26547015054e-12,3.06145516923e-13,7.68352666648e-14,2.41891925191e-14,5.64124916959e-15,2.40561083965e-15,1.77459575202e-15,1.38670675471e-15],"max":[0.0261481087655,0.030043143779,0.029189620167,0.0366448611021,0.0346668623388,0.0460963249207,0.0073730899021,0.00440310733393,0.00400170311332,0.00492997141555,0.00336773134768,0.00268832221627,0.000542278285138,0.000752360676415,0.000525503361132,0.00119370943867,0.00107218907215,0.000140120391734,0.000298171129543,0.000232177917496,0.000260434957454,0.000320550578181,0.000361519894795,0.000414496113081,0.000275351543678,0.000445405079518,0.000213261620956,0.000266533403192,0.000224791598157,0.000122018158436,0.0000875715122675,0.0000374336159439,0.000035418815969,0.0000125276801555,0.00000865771107783,0.00000636717777525,0.00000260114234152,5.08119626375e-7,3.74638005951e-7,3.33247243134e-7],"mean":[0.00258291978389,0.00212358846329,0.00152395723853,0.00161268527154,0.000822840200271,0.000359881814802,0.0000965910803643,0.0000597848993493,0.0000384846571251,0.0000271479202638,0.0000261656241491,0.0000181089271791,0.00000859693773236,0.00000850027663546,0.00000696568531566,0.00000681179881212,0.00000398750398745,0.0000021227324396,0.00000259203238784,0.00000411675955547,0.00000451353434983,0.00000333533034791,0.00000358965530722,0.00000359478599421,0.00000333224966198,0.0000034694205624,0.00000249666527452,0.00000234780327446,0.00000202990213438,9.30835483359e-7,6.17550597326e-7,3.62438697721e-7,2.4146351052e-7,1.58228246505e-7,8.22182357751e-8,4.54202009337e-8,2.31089156699e-8,1.46347947094e-8,1.23278338648e-8,1.08935713783e-8],"median":[0.00189293688163,0.00130960252136,0.00053740281146,0.000283796165604,0.000114442882477,0.0000396288305637,0.0000176383928192,0.0000116827832244,0.0000060971815401,0.00000432549268226,0.0000041498938117,0.00000356261443812,0.00000265510925601,0.00000277381059277,0.0000023689021873,0.0000019813714971,0.00000145815192809,8.37842719648e-7,7.18889964446e-7,8.40299549054e-7,9.97768552224e-7,8.30450517242e-7,7.11404595677e-7,5.9037893152e-7,5.45701368537e-7,5.11304961037e-7,2.92061230311e-7,1.78180130206e-7,1.15822743396e-7,7.70660619764e-8,5.8602381614e-8,3.82364717666e-8,3.23775601885e-8,2.3406895977e-8,1.36112534577e-8,8.08728106705e-9,4.8226058702e-9,3.21463078379e-9,2.58287791155e-9,2.28709029493e-9],"min":[1.64393761153e-24,2.02268018454e-24,2.55333882966e-24,1.72723422338e-24,2.66817981973e-24,1.58010200101e-24,1.91622853297e-24,4.15844318541e-24,5.85332188433e-24,4.90802000084e-24,3.80198691906e-24,2.50266043295e-24,2.16289311069e-24,2.18033305037e-24,4.1070031435e-24,5.80021734591e-24,2.07211218101e-24,3.53212549199e-24,3.59364086538e-24,4.38416429496e-24,5.18393041333e-24,7.75605517658e-24,6.81121359343e-24,6.49242109657e-24,7.19071012025e-24,4.71467768715e-24,4.55227094829e-24,5.47903933367e-24,7.02533332008e-24,6.68501241468e-24,6.23830927747e-24,6.30530092327e-24,7.96724191838e-24,5.99295263114e-24,7.5157247575e-24,7.30879786459e-24,6.43661904829e-24,6.72936138591e-24,7.03634739604e-24,8.09140625828e-24],"var":[0.00000620245191385,0.00000617086789134,0.00000694915297572,0.00001430049997,0.00000515992360306,0.00000365995015272,1.09615335475e-7,3.4763402823e-8,1.9304975396e-8,1.55567008164e-8,1.16447749221e-8,6.42077724322e-9,4.57341137183e-10,3.92898880097e-10,2.69737954195e-10,3.76374598154e-10,2.06153788485e-10,1.75078788273e-11,5.80229995994e-11,1.26197052808e-10,1.41684025623e-10,9.64674382042e-11,1.98851962674e-10,2.06240552414e-10,1.64769101141e-10,2.36863445524e-10,1.17105686259e-10,1.204821104e-10,8.7451330899e-11,1.88737740714e-11,1.09203930621e-11,2.94112694268e-12,1.20173575952e-12,4.05764018305e-13,1.13106457522e-13,3.48658954355e-14,4.59630697421e-15,1.00133408052e-15,7.27103881593e-16,5.68681297765e-16]},"melbands_crest":{"dmean":3.66107392311,"dmean2":5.93345594406,"dvar":9.8005437851,"dvar2":26.1370601654,"max":38.3258743286,"mean":20.4974155426,"median":19.3941879272,"min":1.00011348724,"var":46.7380180359},"melbands_flatness_db":{"dmean":0.0453865155578,"dmean2":0.0708737820387,"dvar":0.00147898937576,"dvar2":0.0037514383439,"max":0.736715435982,"mean":0.374574691057,"median":0.363898277283,"min":1.89830686281e-7,"var":0.00958348903805},"melbands_kurtosis":{"dmean":24.9656219482,"dmean2":39.4921226501,"dvar":1158.43225098,"dvar2":2738.90698242,"max":1137.20092773,"mean":57.4585456848,"median":38.7975502014,"min":-1.86333656311,"var":4484.94677734},"melbands_skewness":{"dmean":1.24059081078,"dmean2":1.96458351612,"dvar":1.39482295513,"dvar2":3.43352723122,"max":22.8177528381,"mean":4.94882917404,"median":4.63705587387,"min":-0.524097383022,"var":6.48285198212},"melbands_spread":{"dmean":3.15632367134,"dmean2":4.75788354874,"dvar":58.1219177246,"dvar2":116.638328552,"max":156.75881958,"mean":7.10501194,"median":3.2932741642,"min":0.159157156944,"var":223.976257324},"mfcc":{"cov":[[11283.5566406,1183.26855469,-1466.71960449,907.308959961,-532.013366699,-85.7890472412,-441.206512451,-12.8424406052,-310.56036377,-203.666534424,-131.988601685,-170.473983765,-65.3292999268],[1183.26855469,1596.06201172,165.96383667,-169.46105957,177.580078125,-32.2052116394,24.887928009,-8.67343235016,-22.3330593109,-49.3196525574,50.8357505798,-47.9740829468,3.43635988235],[-1466.71960449,165.96383667,761.866516113,-281.677947998,148.696670532,-1.54690659046,94.4265518188,-12.2904701233,74.5708770752,83.4082946777,28.754026413,24.7899417877,-8.878490448],[907.308959961,-169.46105957,-281.677947998,587.928405762,-115.926170349,68.5222473145,17.1311206818,53.1714744568,-8.48673057556,12.792183876,-35.0328788757,-0.0233205109835,32.2945823669],[-532.013366699,177.580078125,148.696670532,-115.926170349,250.364685059,53.8705596924,54.2412910461,17.7079410553,37.9943122864,-21.2054710388,22.5050849915,20.344959259,14.1046733856],[-85.7890472412,-32.2052116394,-1.54690659046,68.5222473145,53.8705596924,220.02243042,94.8051300049,45.2777824402,30.241437912,16.9087505341,2.86926364899,34.6867980957,22.033821106],[-441.206512451,24.887928009,94.4265518188,17.1311206818,54.2412910461,94.8051300049,227.662750244,37.0514984131,31.1325435638,49.4614295959,-10.8218698502,25.549036026,12.9187669754],[-12.8424406052,-8.67343235016,-12.2904701233,53.1714744568,17.7079410553,45.2777824402,37.0514984131,101.545783997,39.3947753906,-6.24390077591,13.9336051941,11.300784111,14.0717544556],[-310.56036377,-22.3330593109,74.5708770752,-8.48673057556,37.9943122864,30.241437912,31.1325435638,39.3947753906,99.8915863037,38.4793319702,8.22590827942,15.1859331131,13.7202033997],[-203.666534424,-49.3196525574,83.4082946777,12.792183876,-21.2054710388,16.9087505341,49.4614295959,-6.24390077591,38.4793319702,129.732666016,15.7066135406,19.2279777527,17.3972034454],[-131.988601685,50.8357505798,28.754026413,-35.0328788757,22.5050849915,2.86926364899,-10.8218698502,13.9336051941,8.22590827942,15.7066135406,83.2146377563,23.1967468262,6.00611066818],[-170.473983765,-47.9740829468,24.7899417877,-0.0233205109835,20.344959259,34.6867980957,25.549036026,11.300784111,15.1859331131,19.2279777527,23.1967468262,84.2760848999,37.2094726562],[-65.3292999268,3.43635988235,-8.878490448,32.2945823669,14.1046733856,22.033821106,12.9187669754,14.0717544556,13.7202033997,17.3972034454,6.00611066818,37.2094726562,72.5395812988]],"icov":[[0.000189385260455,-0.000232848586165,0.000255462306086,-0.000166146812262,0.000213610415813,-0.000101505531347,0.000331935007125,-0.00017123593716,0.000262590765487,-0.000160433337442,0.000324025633745,-0.000136649803608,0.000282303721178],[-0.000232848586165,0.00104346463922,-0.000412072491599,0.000259598484263,-0.000717843300663,0.000265291222604,-0.000607440597378,0.000280793057755,-0.0000186944180314,0.00045530643547,-0.000998952309601,0.0010050102137,-0.000850910786539],[0.000255462306086,-0.000412072491599,0.00239781523123,0.000524336530361,-0.000495067622978,0.000191918064957,-0.0000432657361671,-0.00005237593723,-0.000427946128184,-0.00143803551327,0.0005785615067,-0.000574770616367,0.00103822362144],[-0.000166146812262,0.000259598484263,0.000524336530361,0.00268431077711,0.000581518164836,-0.000560244079679,-0.0003519624006,-0.00111744273454,0.000123389589135,-0.000536620791536,0.000576880993322,0.000443602766609,-0.00112620554864],[0.000213610415813,-0.000717843300663,-0.000495067622978,0.000581518164836,0.00663948338479,-0.00142586114816,-0.000712847278919,0.000577358994633,-0.0019874474965,0.00277146790177,-0.000916761578992,-0.000287817616481,-0.00100126536563],[-0.000101505531347,0.000265291222604,0.000191918064957,-0.000560244079679,-0.00142586114816,0.00658529112116,-0.00223173899576,-0.00117791781668,-0.000480168295326,-0.0000421877593908,-0.0000820160057629,-0.00150175287854,-0.000050086848205],[0.000331935007125,-0.000607440597378,-0.0000432657361671,-0.0003519624006,-0.000712847278919,-0.00223173899576,0.0074248528108,-0.00274007348344,0.00164012715686,-0.00328638451174,0.00324267242104,-0.00156197114848,0.00151553144678],[-0.00017123593716,0.000280793057755,-0.00005237593723,-0.00111744273454,0.000577358994633,-0.00117791781668,-0.00274007348344,0.0156372692436,-0.00707418704405,0.00474893208593,-0.00437024096027,0.00119828153402,-0.00203009578399],[0.000262590765487,-0.0000186944180314,-0.000427946128184,0.000123389589135,-0.0019874474965,-0.000480168295326,0.00164012715686,-0.00707418704405,0.0163869578391,-0.00561475101858,0.00216056639329,-0.000527076364961,0.0000811836725916],[-0.000160433337442,0.00045530643547,-0.00143803551327,-0.000536620791536,0.00277146790177,-0.0000421877593908,-0.00328638451174,0.00474893208593,-0.00561475101858,0.0130232460797,-0.00407048873603,0.00053472147556,-0.002963837469],[0.000324025633745,-0.000998952309601,0.0005785615067,0.000576880993322,-0.000916761578992,-0.0000820160057629,0.00324267242104,-0.00437024096027,0.00216056639329,-0.00407048873603,0.0164488889277,-0.00535116810352,0.00257711904123],[-0.000136649803608,0.0010050102137,-0.000574770616367,0.000443602766609,-0.000287817616481,-0.00150175287854,-0.00156197114848,0.00119828153402,-0.000527076364961,0.00053472147556,-0.00535116810352,0.0187987554818,-0.00910905841738],[0.000282303721178,-0.000850910786539,0.00103822362144,-0.00112620554864,-0.00100126536563,-0.000050086848205,0.00151553144678,-0.00203009578399,0.0000811836725916,-0.002963837469,0.00257711904123,-0.00910905841738,0.0201970115304]],"mean":[-781.800598145,170.341262817,15.4121551514,52.5700073242,15.348443985,14.9679756165,10.2642040253,8.43942546844,-1.34268975258,-1.14266335964,-0.85415738821,-0.546047449112,1.11023950577]},"pitch_salience":{"dmean":0.0850003957748,"dmean2":0.137570172548,"dvar":0.00510507170111,"dvar2":0.0141293872148,"max":0.996097207069,"mean":0.489021629095,"median":0.508081555367,"min":0.085476718843,"var":0.0209672451019},"silence_rate_20dB":{"dmean":0,"dmean2":0,"dvar":0,"dvar2":0,"max":1,"mean":1,"median":1,"min":1,"var":0},"silence_rate_30dB":{"dmean":0.0144980065525,"dmean2":0.0289995167404,"dvar":0.0142878144979,"dvar2":0.0346834361553,"max":1,"mean":0.984174907207,"median":1,"min":0,"var":0.015574645251},"silence_rate_60dB":{"dmean":0.00773227028549,"dmean2":0.0154664088041,"dvar":0.00767248217016,"dvar2":0.0174021627754,"max":1,"mean":0.0957960858941,"median":0,"min":0,"var":0.0866191983223},"spectral_centroid":{"dmean":202.345474243,"dmean2":286.869812012,"dvar":121955.53125,"dvar2":197107.609375,"max":11561.5722656,"mean":699.745788574,"median":389.550170898,"min":105.43132782,"var":876215.125},"spectral_complexity":{"dmean":1.87096774578,"dmean2":2.95940065384,"dvar":6.75271177292,"dvar2":12.3755874634,"max":47,"mean":7.20657157898,"median":6,"min":0,"var":35.3168334961},"spectral_contrast_coeffs":{"dmean":[0.050926592201,0.047742407769,0.0341067537665,0.0311702787876,0.0278814509511,0.0388235449791],"dmean2":[0.0816635042429,0.0775827094913,0.0563942715526,0.0509039126337,0.0441266074777,0.0611766204238],"dvar":[0.00174304330721,0.00147341343109,0.00077983335359,0.0006597553147,0.000555858190637,0.00173590879422],"dvar2":[0.00446809688583,0.00381553685293,0.0020554899238,0.00173781532794,0.00136033352464,0.00385915953666],"max":[-0.327678591013,-0.345272749662,-0.497031867504,-0.597196996212,-0.623400092125,-0.401158154011],"mean":[-0.67732489109,-0.774146974087,-0.837030947208,-0.840661048889,-0.8327216506,-0.792453169823],"median":[-0.687015175819,-0.782317757607,-0.844274282455,-0.841262936592,-0.829460263252,-0.82055747509],"min":[-0.975708127022,-0.99785900116,-0.998344361782,-0.98614603281,-0.986947178841,-0.963682234287],"var":[0.0101991277188,0.00567952450365,0.00275528919883,0.00256054778583,0.0029842776712,0.00668656080961]},"spectral_contrast_valleys":{"dmean":[0.341911047697,0.411974489689,0.378050386906,0.405991882086,0.423492282629,0.762539148331],"dmean2":[0.567338705063,0.667344868183,0.612150073051,0.641850650311,0.640149950981,1.25885975361],"dvar":[0.0841632559896,0.123345039785,0.113814227283,0.150731131434,0.178815871477,0.414927691221],"dvar2":[0.216095551848,0.30646944046,0.280172526836,0.377587765455,0.441145151854,1.09191775322],"max":[-5.06313943863,-4.88201332092,-5.88196849823,-6.31182384491,-5.52926778793,-9.2387752533],"mean":[-7.0073056221,-7.59569311142,-8.328373909,-8.8768415451,-8.80835437775,-11.9508771896],"median":[-6.68279790878,-7.38254547119,-8.05743789673,-8.5773563385,-8.53750228882,-11.8033943176],"min":[-27.5748176575,-27.6078186035,-27.6815395355,-27.4407329559,-27.4460964203,-27.3169631958],"var":[2.39367794991,2.24808692932,2.04307436943,2.01957297325,2.19392561913,1.80935239792]},"spectral_decrease":{"dmean":2.50930254353e-9,"dmean2":3.80892828389e-9,"dvar":1.05280901388e-17,"dvar2":2.36152471366e-17,"max":8.70517616325e-11,"mean":-7.0084329451e-9,"median":-5.11039921491e-9,"min":-5.49263248217e-8,"var":4.34415802425e-17},"spectral_energy":{"dmean":0.00960117485374,"dmean2":0.0145587464795,"dvar":0.000155084489961,"dvar2":0.000347210036125,"max":0.21619284153,"mean":0.0282333623618,"median":0.0210551768541,"min":1.02494422972e-20,"var":0.000671727058943},"spectral_energyband_high":{"dmean":0.0000888932772796,"dmean2":0.000116490380606,"dvar":9.17520139865e-8,"dvar2":1.33201183417e-7,"max":0.0108497207984,"mean":0.000147787417518,"median":0.0000249212207564,"min":7.22134894769e-21,"var":2.98883492178e-7},"spectral_energyband_low":{"dmean":0.00637578079477,"dmean2":0.0101173678413,"dvar":0.0000681154779159,"dvar2":0.000168040322023,"max":0.116483166814,"mean":0.0155150461942,"median":0.0122450310737,"min":1.45378813347e-23,"var":0.000194436084712},"spectral_energyband_middle_high":{"dmean":0.000321498780977,"dmean2":0.000462598312879,"dvar":6.63459502448e-7,"dvar2":0.0000013116732589,"max":0.0213949270546,"mean":0.00073557702126,"median":0.000296683807392,"min":1.16959703544e-21,"var":0.00000197512622435},"spectral_energyband_middle_low":{"dmean":0.00579555146396,"dmean2":0.00841298140585,"dvar":0.000113680223876,"dvar2":0.000239252840402,"max":0.198625713587,"mean":0.0129493344575,"median":0.00361311691813,"min":2.24050406278e-22,"var":0.000435007765191},"spectral_entropy":{"dmean":0.335323691368,"dmean2":0.521478056908,"dvar":0.0973742976785,"dvar2":0.246642962098,"max":9.81731700897,"mean":6.89512109756,"median":6.9040184021,"min":4.56646776199,"var":0.355970025063},"spectral_flux":{"dmean":0.0208728276193,"dmean2":0.0347251556814,"dvar":0.000517467095051,"dvar2":0.00138440961018,"max":0.294169515371,"mean":0.0683249980211,"median":0.063554905355,"min":6.65217256279e-11,"var":0.00174899096601},"spectral_kurtosis":{"dmean":5.11996412277,"dmean2":8.35478496552,"dvar":56.3189277649,"dvar2":155.918533325,"max":139.79750061,"mean":14.0470094681,"median":12.0706977844,"min":-1.21895086765,"var":80.7734298706},"spectral_rms":{"dmean":0.00083260028623,"dmean2":0.0012640185887,"dvar":7.14504210464e-7,"dvar2":0.00000164637901889,"max":0.0145230796188,"mean":0.00468064425513,"median":0.00453228782862,"min":3.16219164569e-12,"var":0.00000563631465411},"spectral_rolloff":{"dmean":687.17376709,"dmean2":1286.87426758,"dvar":9138408,"dvar2":24018630,"max":21985.4003906,"mean":1149.88293457,"median":236.865234375,"min":43.06640625,"var":13674801},"spectral_skewness":{"dmean":0.45702958107,"dmean2":0.713338911533,"dvar":0.298312455416,"dvar2":0.794776260853,"max":9.47817611694,"mean":2.53235316277,"median":2.50244855881,"min":-0.0670481994748,"var":0.880996406078},"spectral_spread":{"dmean":665992.0625,"dmean2":1073739.375,"dvar":482415673344,"dvar2":1229805322240,"max":41015264,"mean":3679199.75,"median":3457673.5,"min":949294.6875,"var":3865067913220},"spectral_strongpeak":{"dmean":0.276643037796,"dmean2":0.452794373035,"dvar":1.00828754902,"dvar2":2.92230677605,"max":30.1937179565,"mean":0.507557928562,"median":0.191212534904,"min":0,"var":0.883650481701},"zerocrossingrate":{"dmean":0.0252211987972,"dmean2":0.0327289439738,"dvar":0.000572618970182,"dvar2":0.000924306921661,"max":0.55322265625,"mean":0.101066254079,"median":0.08837890625,"min":0.00244140625,"var":0.00415753526613}},"metadata":{"audio_properties":{"analysis_sample_rate":44100,"bit_rate":224000,"codec":"mp3","downmix":"mix","equal_loudness":0,"length":192.182861328,"lossless":false,"md5_encoded":"5cade58a04f23603d7d72587b2093a30","replay_gain":-0.294300079346,"sample_rate":44100},"tags":{"acoustid_id":["689e1663-6579-4d24-b68b-398953095bce"],"album":["Howl"],"albumartist":["Black Rebel Motorcycle Club"],"artist":["Black Rebel Motorcycle Club"],"date":["2005"],"discnumber":["1/1"],"file_name":"09 - Black Rebel Motorcycle Club - Restless Sinner.mp3","musicbrainz_albumartistid":["32b90c92-9978-4a07-90eb-caa4b22f4907"],"musicbrainz_albumid":["6c666fc8-f5ce-4d17-b3be-c868a150e707"],"musicbrainz_artistid":["32b90c92-9978-4a07-90eb-caa4b22f4907"],"musicbrainz_recordingid":["a5ab8a05-2bf3-4b4d-bd10-0af25bbb896f"],"musicbrainz_releasegroupid":["a5343a48-2ea4-327e-add5-3bcf873b9658"],"replaygain_album_gain":["-0.04 dB"],"replaygain_album_peak":["0.487074"],"replaygain_track_gain":["+3.42 dB"],"replaygain_track_peak":["0.367295"],"title":["Restless Sinner"],"tracknumber":["9/13"]},"version":{"essentia":"2.1-beta1","essentia_build_sha":"e76a03f03bb3900de42a1fa0d9be1e72f12def64","essentia_git_sha":"v2.1_beta1-28-g21ef5f4-dirty","extractor":"music 1.0"}},"rhythm":{"beats_count":388,"beats_loudness":{"dmean":0.020037503913,"dmean2":0.0343249700963,"dvar":0.000411707645981,"dvar2":0.0010971716838,"max":0.122269392014,"mean":0.0326150283217,"median":0.0267792865634,"min":5.22618464061e-8,"var":0.000716010923497},"beats_loudness_band_ratio":{"dmean":[0.20801897347,0.19775941968,0.052881937474,0.0146764898673,0.0166394412518,0.042363408953],"dmean2":[0.35264018178,0.34643882513,0.098565518856,0.0261820890009,0.0316448993981,0.0777419805527],"dvar":[0.0378601998091,0.0427821651101,0.00798036158085,0.00061167171225,0.00190198607743,0.00510441046208],"dvar2":[0.105184443295,0.1089017