{"lowlevel":{"average_loudness":0.650353372097,"barkbands":{"dmean":[0.000104674516479,0.00306590436958,0.00113419501577,0.000817505351733,0.00169583177194,0.000587386719417,0.000646809930913,0.000556657556444,0.00104306335561,0.000324383436237,0.000345918757375,0.000365716987289,0.000418525974965,0.000353574723704,0.000332857453031,0.000254584505456,0.000240721055889,0.000190777849639,0.000287377159111,0.000185972967301,0.000146428370499,0.000110072047391,0.0000575997728447,0.0000613598240307,0.0000705471320543,0.0000481824718008,0.0000175020413735],"dmean2":[0.000160549694556,0.00489261141047,0.00193996855523,0.00139020883944,0.00278987782076,0.000883934146259,0.000958664983045,0.000848348194268,0.001514040865,0.00048825275735,0.000545113813132,0.000567988783587,0.000651151465718,0.000547896604985,0.000522626447491,0.000409547646996,0.000384841870982,0.000325000641169,0.000489117112011,0.000309737515636,0.000232339865761,0.000171125328052,0.0000830504141049,0.0000822851652629,0.0000902006286196,0.0000594254197495,0.0000243444137595],"dvar":[9.24476424302e-8,0.0000613537849858,0.00000942760743783,0.00000427795202995,0.0000114757021947,0.00000104798675693,0.00000186030024452,0.00000186138140634,0.00000709349615136,8.39848610212e-7,6.61235731059e-7,6.27319707291e-7,0.00000119524463571,9.86323129837e-7,6.75036233133e-7,2.78282982435e-7,2.06759608545e-7,2.45724976367e-7,4.66205136718e-7,1.4847459795e-7,8.23609909162e-8,6.70963018479e-8,2.73067843892e-8,2.72558899894e-8,3.8638180655e-8,2.44087736689e-8,3.91373067288e-9],"dvar2":[2.0738998785e-7,0.000147994869621,0.0000261276818492,0.0000129035515783,0.0000296031666949,0.00000244605189437,0.00000399413329433,0.00000443422504759,0.000015084990082,0.00000192477250494,0.00000166953509506,0.00000144243676914,0.00000284746306534,0.00000211929454963,0.00000162783214819,7.16265788014e-7,5.04363754317e-7,6.76226022733e-7,0.00000127801865801,3.9745907543e-7,2.00627809477e-7,1.59036403602e-7,5.55303465433e-8,4.99346484162e-8,6.6232743734e-8,4.10127896089e-8,7.53272910714e-9],"max":[0.00562379043549,0.0935860276222,0.0655391141772,0.0616488084197,0.0654848366976,0.0286105237901,0.0322015993297,0.0288136545569,0.0809006989002,0.033525262028,0.0234688147902,0.02096856758,0.0334731079638,0.0370441526175,0.0197733528912,0.0164894703776,0.00962423626333,0.00662371004,0.00981311872602,0.00572943594307,0.0071187466383,0.0108324112371,0.00705637969077,0.00672615040094,0.00524644320831,0.00454133516178,0.00194888212718],"mean":[0.000184175994946,0.00536183454096,0.00184447818901,0.00145213352516,0.00292565161362,0.0012468615314,0.00127186952159,0.000964488135651,0.00227083987556,0.000566808797885,0.000556527404115,0.000615158234723,0.00067436817335,0.000563602894545,0.000532491772901,0.000436122500105,0.000417081173509,0.000264666858129,0.000437254930148,0.000330474431394,0.000311458134092,0.00022767057817,0.000114351452794,0.000134709174745,0.000144726742292,0.0000776984161348,0.000022353076929],"median":[0.0000351408016286,0.00303929159418,0.00078107684385,0.000743408279959,0.00186900794506,0.000732130953111,0.00050699908752,0.000354164163582,0.000521622423548,0.00018311443273,0.000192566745682,0.000222434813622,0.000192573759705,0.000164093347848,0.000144807563629,0.000191894476302,0.000180468254257,0.0000967935775407,0.000183787968126,0.000161099203979,0.000160060168128,0.000101745623397,0.0000340812330251,0.000038621656131,0.0000329319409502,0.00000982060282695,0.00000128845044856],"min":[1.44295734934e-24,1.02240376786e-24,2.41234335348e-24,2.05999744688e-24,5.01614324866e-24,1.08383966351e-23,1.0188756269e-23,1.01631940202e-23,1.61362776118e-23,9.45419423763e-24,1.34702259415e-23,2.80363027427e-23,2.61885459558e-23,3.25419859325e-23,5.96725312057e-23,6.63233165234e-23,6.39372331661e-23,7.53487688033e-23,1.4549082844e-22,1.6312498725e-22,2.70491644889e-22,2.87042678743e-22,3.21772551464e-22,6.30136638484e-22,8.41709183751e-22,1.25836375395e-21,1.99362381996e-21],"var":[1.70310869407e-7,0.0000778402027208,0.0000103494803625,0.00000570633892494,0.0000147933023982,0.00000289654599328,0.00000552008714294,0.00000369634403796,0.0000355873489752,0.00000194080166693,0.00000128722138015,0.0000013357324633,0.00000249125650953,0.00000197254871637,0.00000153507653522,5.764553066e-7,4.67828726869e-7,2.55705913332e-7,5.50540903532e-7,2.38465190705e-7,1.92775431174e-7,1.29731432708e-7,6.33574472886e-8,7.46749435621e-8,1.04240719168e-7,5.38114974802e-8,6.60168142375e-9]},"barkbands_crest":{"dmean":2.33062386513,"dmean2":3.777156353,"dvar":5.40618848801,"dvar2":13.9059457779,"max":26.934135437,"mean":9.18466186523,"median":8.05377197266,"min":2.27149558067,"var":18.7926921844},"barkbands_flatness_db":{"dmean":0.0164706688374,"dmean2":0.0247179213911,"dvar":0.00028184131952,"dvar2":0.000588320137467,"max":0.631616592407,"mean":0.113653428853,"median":0.101165279746,"min":0.0136768100783,"var":0.00343166408129},"barkbands_kurtosis":{"dmean":3.42720723152,"dmean2":5.45264863968,"dvar":1810.43383789,"dvar2":5217.39111328,"max":5133.45703125,"mean":8.42951202393,"median":0.927629351616,"min":-1.87347328663,"var":14120.484375},"barkbands_skewness":{"dmean":0.430798709393,"dmean2":0.662675321102,"dvar":0.420918703079,"dvar2":0.949803233147,"max":70.2621917725,"mean":1.43219053745,"median":1.17804598808,"min":-2.21255421638,"var":6.29600143433},"barkbands_spread":{"dmean":5.60115623474,"dmean2":8.49603939056,"dvar":41.1268615723,"dvar2":89.7467575073,"max":107.199363708,"mean":27.7009067535,"median":26.7881717682,"min":0.112258203328,"var":205.654754639},"dissonance":{"dmean":0.016992488876,"dmean2":0.0284575372934,"dvar":0.000304957298795,"dvar2":0.000826087896712,"max":0.500000119209,"mean":0.463394641876,"median":0.471163749695,"min":0.209790036082,"var":0.000833717407659},"dynamic_complexity":5.47692680359,"erbbands":{"dmean":[0.0990952849388,0.706697165966,1.24206161499,2.08324289322,5.11766242981,5.49859237671,5.55643892288,3.93383455276,8.50986003876,10.1972341537,13.1664638519,23.8218975067,12.3713922501,10.9836606979,12.8314647675,14.2603063583,18.7824344635,15.4151248932,15.8306846619,14.8382711411,13.6940879822,13.0650539398,11.034324646,12.0303430557,13.0523033142,8.59796142578,7.12557983398,5.25421190262,4.28378915787,2.21083903313,1.5972673893,1.31552553177,1.04556727409,0.91737896204,0.452123403549,0.224308639765,0.085586681962,0.0213092733175,0.00304527953267,0.000153354281792],"dmean2":[0.148497581482,1.19754338264,2.13288664818,3.4764983654,8.4306230545,9.25519275665,8.56068611145,5.964012146,12.7523612976,15.4247217178,19.8473548889,34.4835929871,18.4354953766,16.7685604095,19.9699554443,22.1250076294,29.460067749,23.7285766602,24.6985359192,23.3248767853,21.9940471649,20.831319809,18.5189113617,20.5142688751,22.0151386261,14.4402809143,11.6810865402,8.10222244263,6.66811609268,3.34534978867,2.31960272789,1.86071074009,1.38740003109,1.21651899815,0.571446597576,0.282356828451,0.108266875148,0.0275174323469,0.00431400397792,0.000224461036851],"dvar":[0.0632668584585,3.52828884125,11.9612731934,24.6108760834,134.597839355,99.3003616333,89.8843002319,61.6330032349,326.87902832,707.929931641,1044.62329102,4864.39941406,991.01953125,749.119262695,1050.48266602,991.094848633,2261.21850586,2222.22705078,1390.63708496,1738.22521973,745.67401123,603.166687012,753.792175293,854.350158691,909.246582031,357.277709961,214.068786621,106.260826111,85.0051422119,43.8045196533,21.6515846252,13.8341217041,7.94148588181,6.42766666412,1.7376666069,0.502580821514,0.0820966586471,0.00506558036432,0.000122179277241,3.20262529385e-7],"dvar2":[0.1284802109,9.52515506744,33.2934875488,69.2843399048,350.058135986,269.697052002,215.53503418,144.7681427,681.189697266,1680.5246582,2521.36547852,10329.0009766,2270.6184082,1646.06970215,2570.43774414,2268.40234375,5647.78955078,4908.90283203,3014.71435547,4351.84472656,1923.03857422,1505.8651123,2054.08691406,2348.27832031,2479.02319336,964.925415039,555.893981934,232.5103302,197.467575073,101.193603516,43.735912323,27.3197803497,14.7207126617,11.739821434,2.92788004875,0.857330739498,0.142627447844,0.00876436941326,0.000243977061473,6.82854022216e-7],"max":[4.21759414673,21.4073524475,56.5353126526,107.453140259,216.419296265,191.567626953,228.30607605,322.933654785,449.047119141,771.914489746,780.93572998,2377.33422852,1194.47851562,925.202331543,838.95892334,1011.78839111,1844.640625,1717.20544434,1413.29577637,1330.62573242,742.50970459,485.885406494,447.101989746,399.369750977,480.528106689,298.015991211,333.726531982,228.379623413,280.276641846,327.387268066,161.531661987,148.68598938,112.009941101,77.851272583,31.8316631317,16.7940044403,9.17059993744,2.01057958603,0.358073323965,0.0160906221718],"mean":[0.170827835798,1.13367486,2.09061288834,4.04316997528,7.9888381958,9.05774307251,11.2403049469,8.60106658936,16.8665885925,18.7363147736,25.7297458649,54.8379058838,23.8368911743,20.9639892578,22.6418800354,25.6012992859,32.19506073,26.7815151215,28.0245304108,26.1045455933,25.4788074493,23.7355651855,16.5689506531,18.1319141388,21.3956432343,15.1405801773,13.9741287231,11.5720186234,8.92788600922,4.42494058609,3.18212103844,2.77644228935,2.27944779396,1.9051374197,0.854867041111,0.376107126474,0.132642909884,0.0321093387902,0.00374323688447,0.000196587105165],"median":[0.0679068267345,0.687559962273,1.11399674416,2.29179430008,4.63396167755,5.75415992737,6.85858726501,5.13833808899,7.38708400726,7.10279846191,11.5592660904,10.8096494675,7.08576869965,7.99451065063,7.85820484161,10.6521244049,10.9298124313,8.77926826477,9.86145401001,9.40537643433,12.3871498108,10.9697742462,6.64640331268,7.45910453796,9.71713256836,7.40081691742,6.68150949478,5.76248025894,4.03798389435,1.62416958809,0.94506072998,0.841694891453,0.57594037056,0.430736958981,0.186355859041,0.0569364055991,0.0153534151614,0.00315860053524,0.000217947323108,0.0000359851110261],"min":[8.25072523779e-23,3.92696447988e-22,2.86181974698e-21,6.4452422951e-21,1.19226356137e-20,2.00605079502e-20,2.6959186181e-20,7.30409980537e-20,1.19604306591e-19,1.8247343234e-19,2.13079063306e-19,4.08115637242e-19,4.49479553405e-19,8.01080944577e-19,6.08485070436e-19,1.16695983501e-18,2.06524127411e-18,2.11400067608e-18,2.77904189446e-18,3.20748071311e-18,3.3094226586e-18,4.21700894901e-18,4.97037899473e-18,6.66234385048e-18,7.68441193767e-18,8.15172431601e-18,9.72749345675e-18,8.7824313351e-18,1.02668640198e-17,1.16545058195e-17,9.44023761825e-18,1.16197005408e-17,1.07017517453e-17,7.65520005433e-18,5.87588658026e-18,4.6137243572e-18,2.5484231125e-18,1.00078059412e-18,2.52754522893e-19,2.58992172339e-20],"var":[0.0980525165796,3.53612875938,11.9174480438,34.9082870483,156.16595459,132.653167725,214.294937134,159.473175049,937.509338379,1464.86657715,2227.44140625,27182.7460938,2780.32763672,2236.98657227,2161.65087891,2228.16650391,4746.78857422,4736.37841797,3397.31298828,3714.06738281,1695.06616211,1338.56274414,866.005615234,989.254089355,1196.76672363,512.377441406,434.770721436,283.512756348,186.844360352,77.137802124,50.4482307434,34.1016693115,22.3930683136,18.2471179962,4.08708667755,1.11657214165,0.169623807073,0.0103927217424,0.000194744978216,4.53521693089e-7]},"erbbands_crest":{"dmean":2.44211745262,"dmean2":3.90860342979,"dvar":5.52090358734,"dvar2":13.5047998428,"max":29.175283432,"mean":8.57333278656,"median":7.3143863678,"min":2.24516701698,"var":20.1822052002},"erbbands_flatness_db":{"dmean":0.0141509314999,"dmean2":0.0200747959316,"dvar":0.00017353365547,"dvar2":0.000334735435899,"max":0.347273379564,"mean":0.135892778635,"median":0.131499290466,"min":0.0238545108587,"var":0.00162507267669},"erbbands_kurtosis":{"dmean":0.786980688572,"dmean2":1.24165320396,"dvar":1.17512857914,"dvar2":2.75851988792,"max":28.3211078644,"mean":0.390322655439,"median":-0.25023829937,"min":-1.7935270071,"var":4.55463981628},"erbbands_skewness":{"dmean":0.32656788826,"dmean2":0.499898403883,"dvar":0.0961848497391,"dvar2":0.227865874767,"max":4.7346906662,"mean":0.237553477287,"median":0.158900946379,"min":-3.10051345825,"var":0.610913038254},"erbbands_spread":{"dmean":7.23407268524,"dmean2":11.04621315,"dvar":53.9497337341,"dvar2":119.414543152,"max":258.322113037,"mean":40.9021606445,"median":39.2091445923,"min":3.36493420601,"var":317.757446289},"gfcc":{"cov":[[29782.4550781,682.903564453,-1711.04248047,528.026855469,-953.633605957,447.638977051,-573.13885498,301.576263428,-475.049102783,42.4328155518,-410.560424805,-136.271286011,-263.541442871],[682.903564453,1527.97924805,-209.011627197,152.812255859,-7.16733598709,-56.3326416016,60.9128303528,-56.2602233887,58.7600822449,-32.122631073,148.350463867,-19.5792942047,70.8540267944],[-1711.04248047,-209.011627197,713.932861328,-64.8627090454,78.8428344727,-16.1025104523,11.197725296,26.6143074036,15.8100128174,2.25973629951,26.2592773438,28.5051269531,-10.0693893433],[528.026855469,152.812255859,-64.8627090454,383.986846924,75.4646606445,-22.6829299927,11.5039043427,-12.0434055328,32.2731399536,10.0622377396,13.1058750153,1.06767165661,18.2046127319],[-953.633605957,-7.16733598709,78.8428344727,75.4646606445,379.938995361,-16.9274711609,77.5568618774,-3.47800922394,27.6453552246,35.6334724426,4.35511922836,3.15876793861,0.0254802685231],[447.638977051,-56.3326416016,-16.1025104523,-22.6829299927,-16.9274711609,206.4375,44.4943275452,28.1397533417,-21.2890853882,0.0812303498387,5.23827886581,-11.9512023926,-9.51480579376],[-573.13885498,60.9128303528,11.197725296,11.5039043427,77.5568618774,44.4943275452,219.941299438,16.8995914459,10.4499826431,-15.1940279007,35.2588233948,14.1722412109,-7.2914352417],[301.576263428,-56.2602233887,26.6143074036,-12.0434055328,-3.47800922394,28.1397533417,16.8995914459,121.046974182,24.8863143921,4.56243753433,-8.79701519012,-2.79690980911,1.53691744804],[-475.049102783,58.7600822449,15.8100128174,32.2731399536,27.6453552246,-21.2890853882,10.4499826431,24.8863143921,110.401870728,22.3141326904,13.6724700928,-3.6272816658,19.0795688629],[42.4328155518,-32.122631073,2.25973629951,10.0622377396,35.6334724426,0.0812303498387,-15.1940279007,4.56243753433,22.3141326904,87.6557235718,13.8428821564,-6.05931329727,-0.342656463385],[-410.560424805,148.350463867,26.2592773438,13.1058750153,4.35511922836,5.23827886581,35.2588233948,-8.79701519012,13.6724700928,13.8428821564,107.381813049,23.1147727966,8.04051589966],[-136.271286011,-19.5792942047,28.5051269531,1.06767165661,3.15876793861,-11.9512023926,14.1722412109,-2.79690980911,-3.6272816658,-6.05931329727,23.1147727966,82.9507217407,9.50161552429],[-263.541442871,70.8540267944,-10.0693893433,18.2046127319,0.0254802685231,-9.51480579376,-7.2914352417,1.53691744804,19.0795688629,-0.342656463385,8.04051589966,9.50161552429,90.8069763184]],"icov":[[0.0000641225560685,-0.0000718931623851,0.000104002880107,-0.000123086225358,0.000120711818454,-0.00012105377391,0.000134466798045,-0.000254448677879,0.00029154701042,-0.000179692258826,0.000261425157078,-0.0000961697733146,0.000205767326406],[-0.0000718931623851,0.00101874175016,0.000157762056915,-0.0000828902193462,-0.000124673359096,0.000395822105929,-0.000256682949839,0.000551469973288,-0.000649646332022,0.000883816683199,-0.00174320617225,0.000800961686764,-0.000747490732465],[0.000104002880107,0.000157762056915,0.00178192963358,0.0000793448198237,-0.000224956398597,-0.00000741713665775,0.00037761463318,-0.000720100593753,0.000203080489882,0.00013721549476,-0.000430005457019,-0.000398218835471,0.000439814844867],[-0.000123086225358,-0.0000828902193462,0.0000793448198237,0.00316830584779,-0.000841343367938,0.000331356655806,-0.000156575464644,0.000691661320161,-0.00118711334653,0.000319364247844,-0.000483628886286,0.0000168421629496,-0.000616548000835],[0.000120711818454,-0.000124673359096,-0.000224956398597,-0.000841343367938,0.00354326050729,0.000159275863552,-0.00119751296006,-0.0000688124055159,0.000306589034153,-0.00193159887567,0.0012476388365,-0.000167842183146,0.000347422086634],[-0.00012105377391,0.000395822105929,-0.00000741713665775,0.000331356655806,0.000159275863552,0.00590986479074,-0.00157681351993,-0.000868421106134,0.000913039431907,-0.0000669790897518,-0.0012762742117,0.00142034236342,-0.000447846221505],[0.000134466798045,-0.000256682949839,0.00037761463318,-0.000156575464644,-0.00119751296006,-0.00157681351993,0.00622425135225,-0.00128385366406,-0.00000692526782586,0.00163803715259,-0.00133606954478,-0.000906238507014,0.00124118779786],[-0.000254448677879,0.000551469973288,-0.000720100593753,0.000691661320161,-0.0000688124055159,-0.000868421106134,-0.00128385366406,0.010554230772,-0.00382472085766,0.000498484063428,0.000109188746137,0.000356878910679,-0.00100147910416],[0.00029154701042,-0.000649646332022,0.000203080489882,-0.00118711334653,0.000306589034153,0.000913039431907,-0.00000692526782586,-0.00382472085766,0.0127710551023,-0.003475981066,0.000522021262441,0.000539788044989,-0.00102586264256],[-0.000179692258826,0.000883816683199,0.00013721549476,0.000319364247844,-0.00193159887567,-0.0000669790897518,0.00163803715259,0.000498484063428,-0.003475981066,0.0144888758659,-0.00418626284227,0.00175552931614,-0.000171317675267],[0.000261425157078,-0.00174320617225,-0.000430005457019,-0.000483628886286,0.0012476388365,-0.0012762742117,-0.00133606954478,0.000109188746137,0.000522021262441,-0.00418626284227,0.0146731939167,-0.00430812267587,0.000951013236772],[-0.0000961697733146,0.000800961686764,-0.000398218835471,0.0000168421629496,-0.000167842183146,0.00142034236342,-0.000906238507014,0.000356878910679,0.000539788044989,0.00175552931614,-0.00430812267587,0.0141928885132,-0.00209194771014],[0.000205767326406,-0.000747490732465,0.000439814844867,-0.000616548000835,0.000347422086634,-0.000447846221505,0.00124118779786,-0.00100147910416,-0.00102586264256,-0.000171317675267,0.000951013236772,-0.00209194771014,0.0127843413502]],"mean":[-18.7258434296,80.7155914307,-106.798919678,33.5152893066,-53.273273468,10.9525690079,-32.6834144592,8.67820453644,-24.2650604248,7.29425621033,-17.0625133514,-1.03228080273,-8.10935592651]},"hfc":{"dmean":6.63475322723,"dmean2":8.9974861145,"dvar":138.760879517,"dvar2":257.178497314,"max":206.541107178,"mean":22.3433914185,"median":15.2684192657,"min":1.06541154064e-16,"var":537.796020508},"melbands":{"dmean":[0.000855710182805,0.0007124117692,0.000415199232521,0.000410815206124,0.000189452533959,0.00010001994815,0.000126743776491,0.000113955924462,0.000120651624457,0.000154058405315,0.0000616564066149,0.0000455420631624,0.0000447244419775,0.0000332045274263,0.0000554851940251,0.0000369437366317,0.0000310603063554,0.0000275582060567,0.0000268871681328,0.0000186987927009,0.0000161304142239,0.0000147988903336,0.0000114604281407,0.00000944805560721,0.0000102178037196,0.0000119687074402,0.00000776035540184,0.00000600555404162,0.0000050069079407,0.00000381298923458,0.00000334488913722,0.00000303283627545,0.00000156039777721,0.00000120165600492,9.86408622339e-7,8.82009487668e-7,8.48295826472e-7,7.58506701004e-7,7.96786991941e-7,8.17877946702e-7],"dmean2":[0.00132408051286,0.00121433567256,0.000688675441779,0.000686642015353,0.000297153950669,0.000150500447489,0.000189034020877,0.000171752966708,0.000181646013516,0.000222328540985,0.0000923063926166,0.0000694214104442,0.0000701165699866,0.0000506476644659,0.0000861207008711,0.0000579915467824,0.0000479376903968,0.0000432702472608,0.000042428902816,0.0000298077829939,0.0000260533543042,0.0000237693748204,0.0000185219887499,0.00001640883238,0.0000174695451278,0.0000202711053134,0.0000129897662191,0.0000101433806776,0.00000832782461657,0.00000615378348812,0.00000518459728482,0.00000482850327899,0.0000024289661269,0.00000183880740678,0.0000014600105942,0.00000132327681968,0.00000121626135297,0.00000105779349724,0.00000109506140689,0.00000112044574507],"dvar":[0.000004685766271,0.00000364063407687,8.56308872699e-7,7.53374422402e-7,9.37612654184e-8,3.38052288384e-8,7.00851572333e-8,8.32521109828e-8,8.78336834376e-8,2.09468737467e-7,2.55838212837e-8,1.37691626989e-8,1.29574937446e-8,5.75490277654e-9,2.12956106083e-8,1.03583879252e-8,9.56197698798e-9,5.24258636503e-9,4.7297890049e-9,2.21421569968e-9,1.06000963562e-9,8.48654646557e-10,5.85755277616e-10,6.98240576469e-10,5.78931735884e-10,7.81058218102e-10,2.66118377334e-10,1.76310341327e-10,1.09420555949e-10,5.69731761768e-11,4.84050473315e-11,3.86407711384e-11,2.49325126517e-11,1.19161720422e-11,8.66525861482e-12,6.29628467419e-12,6.10352220154e-12,4.1502075214e-12,5.16951889282e-12,5.08238069685e-12],"dvar2":[0.0000103989941636,0.00000994164201984,0.00000241418206315,0.00000198588372768,2.29079347491e-7,7.85015785709e-8,1.47555184071e-7,1.96833823907e-7,2.08647747968e-7,4.32758668012e-7,5.87762407633e-8,2.9666548329e-8,3.20874526949e-8,1.29888002576e-8,4.73695465075e-8,2.53492427049e-8,2.06410266657e-8,1.11335474173e-8,1.14482476832e-8,5.60995561116e-9,2.71271716201e-9,2.13553219552e-9,1.4736130094e-9,1.95727967167e-9,1.58199608968e-9,2.11238071479e-9,7.14358405762e-10,4.7991011165e-10,2.96802582511e-10,1.43508468997e-10,1.09247735858e-10,9.17949813384e-11,6.13915307479e-11,2.7042259057e-11,1.79170359105e-11,1.34944416752e-11,1.26584801668e-11,8.12546991497e-12,9.93176808156e-12,9.53722430891e-12],"max":[0.0299162864685,0.0254867356271,0.0213435962796,0.0169724263251,0.00607162900269,0.00661436188966,0.00568227283657,0.00859431736171,0.00749175902456,0.0160209406167,0.00610887398943,0.00417292583734,0.00375276827253,0.00204279529862,0.00674444483593,0.00287389871664,0.00397688429803,0.00334881478921,0.00189383327961,0.00151341385208,0.000791953294538,0.000703393539879,0.000803828705102,0.000357515353244,0.000357201701263,0.000566073344089,0.000301272899378,0.00019363577303,0.000272053817753,0.000178701462573,0.000173250824446,0.000120554905152,0.000296732847346,0.000147761034896,0.000104659382487,0.0000741881522117,0.000115826340334,0.0000891475574463,0.0000795471933088,0.0000683331454638],"mean":[0.0015109697124,0.00126357178669,0.000792577979155,0.000661026511807,0.000386291969335,0.000217496184632,0.000252242345596,0.000204138093977,0.000227528566029,0.000352919916622,0.000110531393148,0.0000839933127281,0.0000739940223866,0.0000591248062847,0.0000885176850716,0.0000593160839344,0.0000496285647387,0.0000451111554867,0.0000424635181844,0.0000307655172946,0.0000280059939541,0.0000253241432802,0.0000182781095646,0.0000121748516904,0.0000145855092342,0.0000178000591404,0.0000126278437165,0.00000948027900449,0.00000890382852958,0.00000737016034691,0.00000666828782414,0.00000586628630117,0.00000296782741316,0.00000220460174205,0.0000018232981347,0.00000170213093043,0.00000169115708104,0.0000015677430838,0.0000016409227328,0.00000160055355991],"median":[0.000774181331508,0.000787733006291,0.000494611856993,0.000407447165344,0.000249627570156,0.000132037122967,0.000107432533696,0.0000728994200472,0.0000955699651968,0.0000610365386819,0.0000304213644995,0.0000294329147437,0.0000250434150075,0.0000218134264287,0.0000272100678558,0.0000149344687088,0.0000136731850944,0.0000135195878102,0.0000115240964078,0.0000117194776976,0.0000127126149891,0.0000109706697913,0.00000678834203427,0.00000423882920586,0.00000555629594601,0.00000727791484678,0.00000562788136449,0.00000413087991546,0.00000391461753679,0.00000357183535016,0.00000289110766971,0.00000247663319897,0.00000117445392789,6.79885488353e-7,4.93757283948e-7,4.49683568604e-7,4.92758545079e-7,3.91967432734e-7,3.40161079748e-7,3.57183353117e-7],"min":[1.38915959941e-24,1.19218043973e-24,1.38785689423e-24,1.46376266825e-24,8.40691433277e-25,1.37211872474e-24,2.14900028408e-24,2.14606828531e-24,1.63165080711e-24,2.50152683983e-24,1.84524150391e-24,2.46957955089e-24,1.60743820074e-24,3.05239314311e-24,3.26404097411e-24,2.70981392616e-24,3.09824686652e-24,3.68333592802e-24,3.6858898652e-24,3.5708128085e-24,3.29742201774e-24,3.45931086942e-24,3.40316724437e-24,4.3011071024e-24,4.51499884824e-24,5.26973008083e-24,6.18607327491e-24,4.28489127763e-24,4.2235774582e-24,6.01805891831e-24,4.59570365758e-24,5.41712795211e-24,4.42871048141e-24,5.58090573122e-24,5.43999347987e-24,5.06901191767e-24,5.75773718617e-24,5.84561826316e-24,6.10421909524e-24,6.07203041486e-24],"var":[0.0000066024208536,0.00000373563989342,0.00000119237222407,8.72309215083e-7,2.17160774696e-7,8.9733475761e-8,2.06561267646e-7,1.71189441289e-7,1.92676182564e-7,0.00000123035999877,6.1386408845e-8,4.07231119937e-8,2.4842170987e-8,1.29891333245e-8,4.48219843463e-8,2.20774580839e-8,1.9040980348e-8,1.18049143794e-8,1.03286552644e-8,4.18031342875e-9,2.31691843489e-9,1.7511914141e-9,1.06113740017e-9,6.25409113386e-10,6.91389945295e-10,9.69769597958e-10,4.07488681686e-10,2.31558008879e-10,1.99348718088e-10,1.14236411997e-10,1.18097170931e-10,8.46817407862e-11,3.43784861689e-11,2.22113473447e-11,1.87292473197e-11,1.42214981111e-11,1.36270491419e-11,1.09089360809e-11,1.51129785769e-11,1.30131357079e-11]},"melbands_crest":{"dmean":2.80963039398,"dmean2":4.52226305008,"dvar":7.31643867493,"dvar2":18.4626712799,"max":39.9870986938,"mean":12.6753396988,"median":11.3645858765,"min":1.53195822239,"var":30.2919025421},"melbands_flatness_db":{"dmean":0.0208171252161,"dmean2":0.0314983204007,"dvar":0.000510899175424,"dvar2":0.00110009941272,"max":0.636677086353,"mean":0.180445984006,"median":0.168730974197,"min":0.00306988670491,"var":0.00490656448528},"melbands_kurtosis":{"dmean":12.5789718628,"dmean2":17.6211090088,"dvar":42431.90625,"dvar2":60618.140625,"max":23844.7714844,"mean":32.0838699341,"median":6.11206150055,"min":-1.68905830383,"var":243188.765625},"melbands_skewness":{"dmean":0.613043606281,"dmean2":0.935951292515,"dvar":2.1518907547,"dvar2":3.47132158279,"max":143.71206665,"mean":2.60354924202,"median":2.17592358589,"min":-0.676585018635,"var":20.5369186401},"melbands_spread":{"dmean":7.23160076141,"dmean2":11.3290529251,"dvar":91.5595855713,"dvar2":215.793380737,"max":191.587799072,"mean":28.1525192261,"median":25.302520752,"min":0.0325975418091,"var":346.075531006},"mfcc":{"cov":[[14924.5507812,476.50479126,-408.242492676,257.624572754,-11.7854347229,129.309356689,99.3436355591,76.8442153931,166.618408203,68.084312439,42.9303512573,-44.1053619385,-142.609191895],[476.50479126,1391.74377441,4.42710447311,167.446258545,18.8541202545,26.8371582031,34.7894554138,4.20058870316,-20.9745502472,-34.4425430298,42.196346283,20.3580493927,61.5599899292],[-408.242492676,4.42710447311,523.432189941,-65.5300521851,-6.42440700531,-49.2671165466,-22.589799881,14.1786546707,-34.6077041626,-1.34409296513,-6.44176149368,-5.96849584579,22.7006626129],[257.624572754,167.446258545,-65.5300521851,421.363342285,87.3731536865,42.8114585876,-0.849101305008,-1.6884264946,21.9628944397,2.70936751366,-7.49173212051,15.1605291367,43.4562492371],[-11.7854347229,18.8541202545,-6.42440700531,87.3731536865,218.218856812,20.3060455322,-0.794920146465,-33.8059577942,26.2623081207,23.3833904266,-5.20169210434,0.238431021571,10.0659656525],[129.309356689,26.8371582031,-49.2671165466,42.8114585876,20.3060455322,155.911651611,62.2721939087,15.3869714737,-4.4543838501,14.3868293762,3.33634543419,18.1311283112,-10.0235328674],[99.3436355591,34.7894554138,-22.589799881,-0.849101305008,-0.794920146465,62.2721939087,170.080657959,47.7729682922,4.02544975281,20.7576885223,6.93158912659,11.7315979004,-2.21023654938],[76.8442153931,4.20058870316,14.1786546707,-1.6884264946,-33.8059577942,15.3869714737,47.7729682922,144.956283569,5.30353212357,-1.10693216324,17.1580352783,2.60083889961,-1.59409892559],[166.618408203,-20.9745502472,-34.6077041626,21.9628944397,26.2623081207,-4.4543838501,4.02544975281,5.30353212357,116.766372681,30.0722160339,-10.0843391418,-1.72590410709,2.30301618576],[68.084312439,-34.4425430298,-1.34409296513,2.70936751366,23.3833904266,14.3868293762,20.7576885223,-1.10693216324,30.0722160339,97.8633422852,21.793422699,0.784668266773,-8.72083950043],[42.9303512573,42.196346283,-6.44176149368,-7.49173212051,-5.20169210434,3.33634543419,6.93158912659,17.1580352783,-10.0843391418,21.793422699,93.0891189575,21.1900596619,-7.27132320404],[-44.1053619385,20.3580493927,-5.96849584579,15.1605291367,0.238431021571,18.1311283112,11.7315979004,2.60083889961,-1.72590410709,0.784668266773,21.1900596619,72.2720718384,20.3862476349],[-142.609191895,61.5599899292,22.7006626129,43.4562492371,10.0659656525,-10.0235328674,-2.21023654938,-1.59409892559,2.30301618576,-8.72083950043,-7.27132320404,20.3862476349,85.8912734985]],"icov":[[0.0000726563957869,-0.000027165739084,0.000037604233512,-0.0000419091811636,0.0000294651854347,-0.0000257917236013,-0.0000126475924844,-0.0000215544714592,-0.0000960299439612,-0.0000135987893373,-0.0000200509530259,0.0000389003325836,0.000134445217554],[-0.000027165739084,0.000817778054625,-0.0000588608163525,-0.000283223576844,0.0000233284881688,-0.0000645332183922,-0.000224119416089,0.000137397495564,0.0000714482666808,0.000420828146162,-0.000560326210689,0.000166662139236,-0.00053203292191],[0.000037604233512,-0.0000588608163525,0.0021357878577,0.000345615349943,-0.000196412205696,0.000554194382858,0.000219750436372,-0.000481305381982,0.000750211591367,-0.000477945810417,0.000354650517693,0.0000770787155489,-0.000607217138167],[-0.0000419091811636,-0.000283223576844,0.000345615349943,0.00302411825396,-0.00106324779335,-0.000745126395486,0.000494413834531,-0.000343808613252,-0.000187649333384,-0.0000300807478197,0.000318679783959,-0.000136662114528,-0.00138258899096],[0.0000294651854347,0.0000233284881688,-0.000196412205696,-0.00106324779335,0.00549750216305,-0.000622197170742,-0.000087657419499,0.00139317812864,-0.000982926459983,-0.000883862318005,-0.0000494885207445,0.000385899184039,-0.000230396151892],[-0.0000257917236013,-0.0000645332183922,0.000554194382858,-0.000745126395486,-0.000622197170742,0.00847420655191,-0.00270804925822,-0.000296157551929,0.00113892531954,-0.000883505388629,0.000893944932614,-0.00217158650048,0.00169148854911],[-0.0000126475924844,-0.000224119416089,0.000219750436372,0.000494413834531,-0.000087657419499,-0.00270804925822,0.00782869942486,-0.00239762826823,0.000154699650011,-0.00155331043061,0.000611832190771,-0.000614387739915,-0.000281634216662],[-0.0000215544714592,0.000137397495564,-0.000481305381982,-0.000343808613252,0.00139317812864,-0.000296157551929,-0.00239762826823,0.00835980195552,-0.00108997174539,0.00113019498531,-0.00193993130233,0.000704287842382,-0.000124900398077],[-0.0000960299439612,0.0000714482666808,0.000750211591367,-0.000187649333384,-0.000982926459983,0.00113892531954,0.000154699650011,-0.00108997174539,0.0103932842612,-0.00358428503387,0.00218299101107,-0.000478450005176,-0.000426366401371],[-0.0000135987893373,0.000420828146162,-0.000477945810417,-0.0000300807478197,-0.000883862318005,-0.000883505388629,-0.00155331043061,0.00113019498531,-0.00358428503387,0.0130873508751,-0.0039667384699,0.00102987664286,0.000643482489977],[-0.0000200509530259,-0.000560326210689,0.000354650517693,0.000318679783959,-0.0000494885207445,0.000893944932614,0.000611832190771,-0.00193993130233,0.00218299101107,-0.0039667384699,0.0137096559629,-0.00463491491973,0.00200262945145],[0.0000389003325836,0.000166662139236,0.0000770787155489,-0.000136662114528,0.000385899184039,-0.00217158650048,-0.000614387739915,0.000704287842382,-0.000478450005176,0.00102987664286,-0.00463491491973,0.0171126835048,-0.0046441485174],[0.000134445217554,-0.00053203292191,-0.000607217138167,-0.00138258899096,-0.000230396151892,0.00169148854911,-0.000281634216662,-0.000124900398077,-0.000426366401371,0.000643482489977,0.00200262945145,-0.0046441485174,0.0146705927327]],"mean":[-655.26739502,112.116035461,4.15012598038,26.0876903534,2.24843287468,5.62770557404,3.6814289093,-2.26575613022,4.6439499855,-0.218755543232,0.59907412529,0.385583221912,-0.514243602753]},"pitch_salience":{"dmean":0.0594794601202,"dmean2":0.0966270938516,"dvar":0.00297256209888,"dvar2":0.00757957203314,"max":0.938773691654,"mean":0.539061009884,"median":0.546723127365,"min":0.00226391502656,"var":0.012621672824},"silence_rate_20dB":{"dmean":0,"dmean2":0,"dvar":0,"dvar2":0,"max":1,"mean":1,"median":1,"min":1,"var":0},"silence_rate_30dB":{"dmean":0.00474204868078,"dmean2":0.00948487315327,"dvar":0.00471982127056,"dvar2":0.01217586454,"max":1,"mean":0.996566355228,"median":1,"min":0,"var":0.0034215929918},"silence_rate_60dB":{"dmean":0.00711307348683,"dmean2":0.0142273101956,"dvar":0.00706196390092,"dvar2":0.0163167305291,"max":1,"mean":0.0994113832712,"median":0,"min":0,"var":0.0895312204957},"spectral_centroid":{"dmean":252.883590698,"dmean2":399.909454346,"dvar":82090.015625,"dvar2":195567.15625,"max":11606.5751953,"mean":1609.62280273,"median":1566.47717285,"min":237.204605103,"var":938991.4375},"spectral_complexity":{"dmean":3.30381822586,"dmean2":4.96467685699,"dvar":19.4580230713,"dvar2":36.6497840881,"max":61,"mean":18.9592056274,"median":18,"min":0,"var":123.286735535},"spectral_contrast_coeffs":{"dmean":[0.0448713004589,0.0400288142264,0.0364126414061,0.0320932753384,0.0220039449632,0.0168983228505],"dmean2":[0.0739027261734,0.0640292614698,0.0579256415367,0.0504543855786,0.0353034026921,0.0262808855623],"dvar":[0.00149021658581,0.00110151735134,0.00089673884213,0.000688426604029,0.000350594462361,0.000234208870097],"dvar2":[0.00395437330008,0.00286098546349,0.00222937762737,0.0016166131245,0.000842095061671,0.000540165347047],"max":[-0.3427285254,-0.447671622038,-0.427311569452,-0.513818740845,-0.54868721962,-0.53963971138],"mean":[-0.675737977028,-0.720741987228,-0.741327762604,-0.743307709694,-0.772120833397,-0.750100255013],"median":[-0.679319143295,-0.720009446144,-0.748237729073,-0.744639694691,-0.773305058479,-0.748906135559],"min":[-0.979340434074,-0.974772036076,-0.978521227837,-0.969932556152,-0.966252684593,-0.965105175972],"var":[0.00687555875629,0.00568278133869,0.00638271449134,0.00534025393426,0.00298649445176,0.0025793928653]},"spectral_contrast_valleys":{"dmean":[0.339707791805,0.301905602217,0.296925097704,0.265546381474,0.24814529717,0.231915533543],"dmean2":[0.544558346272,0.484020352364,0.47131857276,0.406605482101,0.3647339046,0.294095754623],"dvar":[0.126954555511,0.0770026296377,0.0797489583492,0.0743573457003,0.0956999734044,0.0926585048437],"dvar2":[0.262719273567,0.174525052309,0.159459188581,0.143610805273,0.179666936398,0.143072649837],"max":[-5.03735494614,-4.55296039581,-5.34638977051,-5.78170776367,-5.36974620819,-7.47005176544],"mean":[-7.36786556244,-7.15754413605,-8.00761413574,-8.28286170959,-7.97691488266,-10.368683815],"median":[-6.8324546814,-6.72681951523,-7.6308631897,-7.86478662491,-7.55130004883,-9.96991920471],"min":[-28.0910434723,-28.1336574554,-27.9274787903,-27.6254367828,-27.5287742615,-27.4388904572],"var":[4.72506427765,4.54223442078,4.39051914215,4.27550983429,4.38856887817,3.91846346855]},"spectral_decrease":{"dmean":1.81613102335e-9,"dmean2":2.70303668337e-9,"dvar":9.0721108128e-18,"dvar2":1.96260677165e-17,"max":1.79800245524e-28,"mean":-5.8086637722e-9,"median":-4.72151828745e-9,"min":-4.19245225203e-8,"var":2.42309193209e-17},"spectral_energy":{"dmean":0.00726673100144,"dmean2":0.0106768365949,"dvar":0.000140432806802,"dvar2":0.000297425838653,"max":0.172187700868,"mean":0.0239497814327,"median":0.0194834545255,"min":9.95199412656e-21,"var":0.000403633835958},"spectral_energyband_high":{"dmean":0.000469336897368,"dmean2":0.000630880182143,"dvar":9.87371095107e-7,"dvar2":0.00000180784741133,"max":0.0194628275931,"mean":0.00120517576579,"median":0.000595164950937,"min":7.03319363111e-21,"var":0.00000305718003801},"spectral_energyband_low":{"dmean":0.00389067525975,"dmean2":0.00610516127199,"dvar":0.0000875200057635,"dvar2":0.000203752555535,"max":0.10738646239,"mean":0.00819629896432,"median":0.00523030525073,"min":1.20511196044e-23,"var":0.000132393179229},"spectral_energyband_middle_high":{"dmean":0.00177092663944,"dmean2":0.00270231091417,"dvar":0.00000750978369979,"dvar2":0.0000174667529791,"max":0.0524735040963,"mean":0.00517145637423,"median":0.00336433295161,"min":1.14279050689e-21,"var":0.0000312611482514},"spectral_energyband_middle_low":{"dmean":0.00368416076526,"dmean2":0.00564434519038,"dvar":0.0000339370781148,"dvar2":0.0000809217890492,"max":0.0989329591393,"mean":0.0102555388585,"median":0.00802610255778,"min":1.78927827557e-22,"var":0.0000910849121283},"spectral_entropy":{"dmean":0.122894905508,"dmean2":0.175261929631,"dvar":0.0170356146991,"dvar2":0.0302624255419,"max":9.82785892487,"mean":7.62687730789,"median":7.67264842987,"min":5.07664012909,"var":0.235215783119},"spectral_flux":{"dmean":0.0184533614665,"dmean2":0.0288313888013,"dvar":0.000616009929217,"dvar2":0.00133164250292,"max":0.346410036087,"mean":0.0697732195258,"median":0.0619002580643,"min":6.39114247636e-11,"var":0.00213398435153},"spectral_kurtosis":{"dmean":1.04966390133,"dmean2":1.73705363274,"dvar":2.70011615753,"dvar2":7.56696081161,"max":63.6162185669,"mean":3.95463991165,"median":3.24026465416,"min":-1.27619659901,"var":12.2699556351},"spectral_rms":{"dmean":0.000635186035652,"dmean2":0.000916492659599,"dvar":6.85193128902e-7,"dvar2":0.00000135757943553,"max":0.0129610188305,"mean":0.00437757745385,"median":0.00435984507203,"min":3.11596907131e-12,"var":0.00000420260266765},"spectral_rolloff":{"dmean":563.560241699,"dmean2":911.44317627,"dvar":879323.8125,"dvar2":1817974.75,"max":19573.6816406,"mean":1797.75244141,"median":1356.59179688,"min":21.533203125,"var":3836531.75},"spectral_skewness":{"dmean":0.162878453732,"dmean2":0.25649034977,"dvar":0.0319812521338,"dvar2":0.0748415961862,"max":6.40937662125,"mean":1.45561611652,"median":1.38079833984,"min":-0.0943386629224,"var":0.286374241114},"spectral_spread":{"dmean":460295.3125,"dmean2":644357.5625,"dvar":426885185536,"dvar2":794411794432,"max":42439628,"mean":5226947,"median":4770382,"min":1177404.375,"var":9422911832060},"spectral_strongpeak":{"dmean":0.516696870327,"dmean2":0.882403492928,"dvar":0.934895038605,"dvar2":2.3256957531,"max":11.2512369156,"mean":0.876266777515,"median":0.331185102463,"min":0,"var":1.74443006516},"zerocrossingrate":{"dmean":0.0112220849842,"dmean2":0.012646404095,"dvar":0.00021686659602,"dvar2":0.000254936196143,"max":0.52587890625,"mean":0.0725790634751,"median":0.064453125,"min":0,"var":0.00258512771688}},"metadata":{"audio_properties":{"analysis_sample_rate":44100,"bit_rate":320000,"codec":"mp3","downmix":"mix","equal_loudness":0,"length":284.003265381,"lossless":false,"md5_encoded":"982c342d7697e5eee550f262bd313477","replay_gain":-8.72754859924,"sample_rate":44100},"tags":{"album":["Twenty 1"],"artist":["Chicago"],"asin":["B000002LN2"],"barcode":["075992639125"],"bpm":["59"],"composer":["Gerard McMahon/Robert Lamm"],"date":["2003"],"file_name":"copy1605951072007355030.mp3","genre":["Blues"," Blues"],"initialkey":["Ab"],"language":["eng"],"musicbrainz_albumid":["450f43e8-5a44-4349-85a3-0615ab3f3563"],"musicbrainz_recordingid":["a5b45b35-e4b3-4c1e-ad22-129910e737d5"],"musicbrainz_releasegroupid":["04b2de8a-3621-3cb9-9fac-369a8bd72476"],"title":["Only Time Can Heal the Wounded"]},"version":{"essentia":"2.1-beta2","essentia_build_sha":"cead25079874084f62182a551b7393616cd33d87","essentia_git_sha":"v2.1_beta2-1-ge3940c0","extractor":"music 1.0"}},"rhythm":{"beats_count":560,"beats_loudness":{"dmean":0.0181139484048,"dmean2":0.0334463529289,"dvar":0.000329738482833,"dvar2":0.000991948880255,"max":0.127997040749,"mean":0.03275956586,"median":0.02950854972,"min":0,"var":0.000551184115466},"beats_loudness_band_ratio":{"dmean":[0.230459630489,0.124350093305,0.145869880915,0.085457444191,0.0499506108463,0.0851156786084],"dmean2":[0.420462787151,0.220469087362,0.262796908617,0.151565298438,0.0860328227282,0.162740767002],"dvar":[0.0329875051975,0.0125993816182,0.0128070292994,0.00739204837009,0.0029380673077,0.0058926269412],"dvar2":[0.106186307967,0.0359923839569,0.0393785201013,0.021929550916,0.008729997091,0.0188486538827],"max":[0.999551236629,0.818870663643,0.820931434631,0.61221575737,0.483194082975,0.732163906097],"mean":[0.413216620684,