{"lowlevel":{"average_loudness":0.966614961624,"barkbands":{"dmean":[0.0000620012797299,0.00560371298343,0.0090453196317,0.00272639025934,0.00215669581667,0.000613141921349,0.000545351533219,0.000459360628156,0.000661233789288,0.000487148470711,0.000466296245577,0.000597183126956,0.000520427536685,0.000365204061382,0.000420096359449,0.000442131073214,0.000370593421394,0.000292181881377,0.000361507962225,0.000306142319459,0.000244575028773,0.000156260735821,0.0000997555471258,0.0000739938113838,0.0000559716281714,0.0000275723868981,0.0000117685813166],"dmean2":[0.000113135458378,0.00986832659692,0.015730207786,0.00488636409864,0.00371178239584,0.00102804880589,0.000900389859453,0.000751622952521,0.00104308698792,0.000748032645788,0.000744471210055,0.000949986628257,0.000832923396956,0.000602341780905,0.000684634258505,0.000724292243831,0.000613139010966,0.000493170751724,0.000607647991274,0.000521750480402,0.000419426884037,0.000270501564955,0.000162332784384,0.0001159921012,0.0000845978938742,0.0000410809880123,0.0000180371425813],"dvar":[1.02889368137e-8,0.0000950993926381,0.000258373707766,0.0000172557447513,0.0000122811989058,8.28629254102e-7,7.09635514795e-7,8.29262489788e-7,0.00000189952686469,0.00000108585629732,8.63466539158e-7,0.00000144808109326,0.00000137703977998,7.1643313504e-7,8.67505264068e-7,5.85557017985e-7,2.25414268584e-7,1.32497888217e-7,1.87805625274e-7,1.42894435839e-7,7.99849502187e-8,5.46046976524e-8,5.32752473248e-8,6.39151025439e-8,1.96333171942e-8,4.59371118922e-9,3.09130809839e-9],"dvar2":[3.28031148911e-8,0.000269640528131,0.000713409797754,0.0000496408028994,0.0000336193916155,0.00000220151332542,0.00000187368186744,0.00000195868324226,0.00000442662167188,0.00000239401629187,0.00000210241159948,0.00000346823617292,0.0000034078545923,0.0000017968601469,0.00000209162135434,0.00000142201292874,5.53130121261e-7,3.45619810105e-7,4.83101018744e-7,3.75035170919e-7,2.21452609139e-7,1.4654693814e-7,1.2667388205e-7,1.46091963416e-7,4.16404368764e-8,1.04563708803e-8,8.18549228399e-9],"max":[0.000889704620931,0.104712553322,0.139485388994,0.0406877174973,0.0342022515833,0.0203154087067,0.0197616070509,0.0237102564424,0.0345356836915,0.0259174853563,0.0194767266512,0.0284779816866,0.0231309887022,0.027250373736,0.0245366431773,0.0164154022932,0.0112467836589,0.0104252966121,0.0109172677621,0.00827933382243,0.00410652626306,0.00363075127825,0.006427555345,0.00659494614229,0.0047817309387,0.00285034882836,0.00174005120061],"mean":[0.0000591239659116,0.00697479769588,0.010100021027,0.00303076673299,0.00280788447708,0.00102665182203,0.000920166086871,0.000729059393052,0.00123606272973,0.00100450241007,0.0008244990604,0.00112090574112,0.000890520226676,0.000610906863585,0.000814230414107,0.000938081298955,0.000821546069346,0.000620885752141,0.000906590954401,0.000775243795943,0.000678022101056,0.000359349563951,0.000208367564483,0.000156893423991,0.000135448339279,0.0000582428037887,0.0000163909026014],"median":[0.0000187850964721,0.00447251601145,0.00582642946392,0.00177786499262,0.00174974196125,0.00070908642374,0.000568169634789,0.000359031313565,0.000548662501387,0.00044522000826,0.000386587809771,0.000509927573148,0.000366516323993,0.000313317053951,0.000416443683207,0.00059893541038,0.000602449115831,0.000474981556181,0.000755429442506,0.00067653041333,0.000626937078778,0.000304920366034,0.000148367325892,0.0000983258578344,0.0000721109536244,0.0000258184409176,0.00000313702798849],"min":[1.86860196301e-23,2.02217345974e-23,1.77351046069e-23,2.30254835163e-23,6.28047886268e-23,2.19609867222e-23,4.89217991052e-23,6.8960396488e-23,6.20495836833e-23,3.58896118472e-23,5.51652576723e-23,4.92222225815e-23,8.03978067629e-23,3.36575551594e-23,5.43991159611e-23,7.163472962e-23,2.39119340886e-22,2.49996558944e-22,3.49843251697e-22,2.14483580847e-22,4.02939901506e-22,6.78971596625e-22,5.20970254644e-22,8.85077499903e-22,1.12411078553e-21,1.6551493287e-21,2.26534699663e-21],"var":[8.77735661931e-9,0.0000849694915814,0.00021354391356,0.0000150959831444,0.0000118367170217,0.00000129288321205,0.00000126248414745,0.00000189789807337,0.00000584410372539,0.00000392001311411,0.00000186332545127,0.00000349619199369,0.00000288060141429,0.00000108726294457,0.00000200024737751,0.00000129473960442,6.17607497588e-7,2.865550357e-7,4.58843260276e-7,2.67642121798e-7,1.67337631751e-7,8.87979183517e-8,8.4122589783e-8,1.03477127311e-7,4.93165970283e-8,8.8582670088e-9,2.75870926103e-9]},"barkbands_crest":{"dmean":2.53915023804,"dmean2":4.24450159073,"dvar":5.00525474548,"dvar2":13.516456604,"max":23.9313907623,"mean":8.26582527161,"median":7.62808847427,"min":2.12327122688,"var":10.2704648972},"barkbands_flatness_db":{"dmean":0.0216128248721,"dmean2":0.0352414436638,"dvar":0.000499130401295,"dvar2":0.00131710164715,"max":0.36872023344,"mean":0.0954720973969,"median":0.0839568153024,"min":0.0172393023968,"var":0.00184880639426},"barkbands_kurtosis":{"dmean":2.07287597656,"dmean2":3.62816786766,"dvar":18.863155365,"dvar2":52.0378494263,"max":112.553649902,"mean":1.10089468956,"median":-0.320688486099,"min":-1.83421432972,"var":32.3049163818},"barkbands_skewness":{"dmean":0.573615968227,"dmean2":0.961177766323,"dvar":0.427550405264,"dvar2":1.17374539375,"max":8.71397304535,"mean":1.13501763344,"median":0.959031283855,"min":-2.07473063469,"var":0.909237325191},"barkbands_spread":{"dmean":7.09955406189,"dmean2":11.7342205048,"dvar":53.4675712585,"dvar2":142.380340576,"max":98.128288269,"mean":35.8934135437,"median":36.5026283264,"min":1.43030321598,"var":130.36390686},"dissonance":{"dmean":0.00932745635509,"dmean2":0.0159852206707,"dvar":0.0000700036471244,"dvar2":0.000197794521227,"max":0.500000119209,"mean":0.484081536531,"median":0.486443668604,"min":0.419447183609,"var":0.000117014766147},"dynamic_complexity":2.45219826698,"erbbands":{"dmean":[0.0657900944352,1.68443822861,9.66108608246,9.20555496216,9.43346881866,5.62282514572,5.20876312256,5.48743867874,6.46581983566,9.63567733765,9.18148422241,16.4418792725,15.8213510513,13.2832870483,20.1463565826,23.0534915924,23.2992191315,17.0705966949,21.4308815002,17.6309909821,24.4027385712,17.9420528412,16.6765232086,16.5661182404,16.9659137726,13.8338012695,11.8853473663,8.26089572906,6.13791799545,4.26005315781,2.49838280678,1.58140230179,1.30571138859,0.72219145298,0.380948871374,0.146111622453,0.0433265864849,0.0181125868112,0.00157876207959,0.0000848684285302],"dmean2":[0.11493062973,2.9522690773,16.833278656,16.3475170135,16.5242385864,9.65623664856,8.87516117096,9.06884098053,10.6527280807,16.0252132416,14.91106987,25.8463287354,24.1919631958,21.2803001404,32.0510063171,36.7670326233,37.2163658142,27.7560825348,34.5449066162,29.1410884857,39.9675331116,29.8356399536,28.024055481,27.7905311584,28.6007595062,23.5990104675,20.2636928558,14.2862329483,10.6627283096,7.1517791748,4.06610774994,2.5374917984,2.04679274559,1.10223972797,0.577296257019,0.219043001533,0.0641757771373,0.0279776137322,0.00240282248706,0.000131730164867],"dvar":[0.0104766124859,8.90713787079,301.916931152,241.73538208,213.081710815,75.5333251953,59.5299682617,69.4604187012,84.2127914429,304.918304443,347.909881592,1199.30249023,1125.20239258,767.942932129,1858.44641113,1953.65734863,2676.01635742,1592.52441406,2099.02001953,905.874572754,1551.42700195,488.356445312,441.434814453,503.737976074,386.053283691,305.608428955,177.146499634,116.541297913,84.5863494873,72.6996459961,31.9508056641,21.7149486542,27.9999542236,3.50987744331,0.892180800438,0.115037351847,0.012313939631,0.00973597262055,0.0000290483276331,4.26095816408e-8],"dvar2":[0.0293210539967,25.083770752,835.910217285,685.745605469,592.865234375,205.907394409,166.494934082,176.451538086,214.865859985,794.611999512,809.909362793,2764.63427734,2372.94262695,1976.77526855,4561.63769531,4659.56298828,6678.28417969,3971.37866211,4936.72314453,2294.77539062,3722.52294922,1267.63867188,1159.03393555,1265.94274902,1018.46881104,806.860595703,478.720825195,328.122344971,228.96546936,185.860107422,74.1514968872,48.7246894836,67.1014709473,7.54132175446,1.91642844677,0.250348716974,0.0280497837812,0.0258212927729,0.0000722188560758,9.44714670936e-8],"max":[1.29760217667,28.6673412323,144.402816772,142.858062744,138.846939087,94.1069717407,131.758132935,183.565887451,180.640533447,343.576751709,469.7706604,922.148376465,983.029174805,823.699951172,910.551696777,853.529724121,1169.53967285,1103.43151855,1175.02307129,871.563476562,965.232849121,387.269470215,535.384887695,514.100708008,351.982147217,389.230438232,244.437683105,164.65675354,145.835403442,201.661117554,216.473968506,144.79095459,185.825057983,61.6475601196,38.6514358521,15.3148059845,5.71402597427,2.90671253204,0.14017984271,0.0058415485546],"mean":[0.0880123972893,2.06209301949,10.9013843536,11.1061677933,10.6962490082,7.59800481796,8.0465555191,9.19463157654,11.3925418854,15.7816104889,16.563791275,31.1154556274,34.0809364319,27.4703865051,37.4927177429,45.1721725464,42.9687843323,32.0057868958,43.0608406067,39.8779716492,56.4681053162,44.0970039368,37.6872596741,38.6577644348,44.7139053345,35.5836143494,33.0595626831,21.1899223328,13.8363809586,8.80736732483,5.47105407715,3.55826187134,2.55389785767,1.69769144058,0.852109730244,0.321381956339,0.089949734509,0.0258275251836,0.00240631308407,0.000159257586347],"median":[0.0475292950869,1.31575059891,6.37558603287,6.87125205994,6.27864265442,4.5691113472,4.99552345276,5.89084911346,7.62273931503,9.01500415802,8.87474918365,13.8398036957,14.6504116058,16.3455028534,17.8800926208,23.2577228546,19.0662689209,17.5666255951,22.2250213623,26.5102386475,37.8734588623,34.6590652466,29.3365974426,30.2804107666,38.9039802551,31.3093414307,30.1053009033,19.3736629486,11.683637619,6.87827825546,3.98055624962,2.49582052231,1.41758191586,0.901641845703,0.442693650723,0.149779826403,0.0389970615506,0.00608517182991,0.000555367034394,0.0000789802725194],"min":[1.08467490944e-21,3.06390364608e-21,1.8217661021e-20,4.42407727854e-20,1.29059640152e-19,2.50040595002e-19,2.06534875589e-19,1.72403438961e-19,6.01960321463e-19,8.08895113028e-19,1.6875339594e-18,1.16162648462e-18,1.21023440914e-18,1.62431978302e-18,2.59249963823e-18,1.85918251851e-18,3.11727129064e-18,2.42103460983e-18,2.37921587357e-18,2.84537598932e-18,5.80247885039e-18,1.28082383127e-17,1.38243792372e-17,1.48495083062e-17,1.83840775335e-17,1.09640457545e-17,1.54110845328e-17,1.60092949344e-17,2.47843759426e-17,2.0834315548e-17,1.39000257314e-17,1.5116444453e-17,1.66943361392e-17,1.22165899349e-17,8.15028171302e-18,6.57261129763e-18,2.94886290139e-18,1.13947417422e-18,3.21137027145e-19,3.32604315987e-20],"var":[0.0125115225092,7.63217449188,245.767028809,200.313186646,190.149597168,85.7079086304,86.9364624023,123.733184814,161.587020874,536.214111328,788.165466309,3800.44677734,4902.85839844,1557.25378418,3758.51220703,4835.28027344,5834.07568359,2432.14819336,5139.09375,2170.72338867,3877.51782227,1233.51757812,1014.97991943,1151.59729004,945.945007324,539.875793457,413.508605957,190.473602295,131.641082764,97.5448684692,62.0917015076,36.5247383118,39.8771820068,8.9174861908,1.9372061491,0.273680180311,0.0213786661625,0.00835846550763,0.0000335602780979,6.79335485643e-8]},"erbbands_crest":{"dmean":1.8926358223,"dmean2":3.1197988987,"dvar":3.97314238548,"dvar2":9.9230594635,"max":24.6407680511,"mean":6.55421113968,"median":5.55838441849,"min":2.19223332405,"var":10.6583194733},"erbbands_flatness_db":{"dmean":0.0111578768119,"dmean2":0.0169147923589,"dvar":0.000109929555038,"dvar2":0.000233497485169,"max":0.284147471189,"mean":0.12875264883,"median":0.1216814816,"min":0.0503054261208,"var":0.00139221874997},"erbbands_kurtosis":{"dmean":0.485515475273,"dmean2":0.79316008091,"dvar":0.266384661198,"dvar2":0.690139889717,"max":7.84652614594,"mean":-0.255668848753,"median":-0.399585485458,"min":-1.77213680744,"var":0.704946935177},"erbbands_skewness":{"dmean":0.243463739753,"dmean2":0.391758054495,"dvar":0.0422398559749,"dvar2":0.108617886901,"max":1.53525459766,"mean":-0.347035825253,"median":-0.375405699015,"min":-2.38048577309,"var":0.159185796976},"erbbands_spread":{"dmean":8.43768310547,"dmean2":13.8736438751,"dvar":75.9392242432,"dvar2":207.527908325,"max":125.634605408,"mean":44.6672515869,"median":42.667049408,"min":12.4374990463,"var":222.546569824},"gfcc":{"cov":[[11336.9443359,-1317.27783203,929.104248047,454.375732422,-187.893051147,984.266235352,-56.1797218323,462.678924561,-238.296722412,85.7471160889,-226.984710693,26.7785053253,-153.193237305],[-1317.27783203,1134.99658203,-564.986816406,135.114837646,139.142959595,-221.14024353,171.071578979,-144.598526001,127.116981506,-77.8299484253,124.057525635,-54.7639961243,77.1477203369],[929.104248047,-564.986816406,621.877197266,-8.82918739319,12.447602272,129.877197266,-50.4930267334,117.493453979,-57.136505127,51.5176467896,-76.0136184692,24.0702209473,-47.311416626],[454.375732422,135.114837646,-8.82918739319,213.001449585,29.0990715027,74.7698898315,47.4308929443,0.664906799793,23.6841697693,-19.4921398163,33.2195091248,-12.1694402695,0.189331308007],[-187.893051147,139.142959595,12.447602272,29.0990715027,218.270339966,9.87399291992,90.9201965332,17.1285037994,32.4966201782,8.37367916107,22.1381282806,0.325383722782,18.6962928772],[984.266235352,-221.14024353,129.877197266,74.7698898315,9.87399291992,243.692504883,26.9049396515,77.350112915,-11.6717166901,17.4605140686,-3.59487223625,7.12624263763,-24.2241859436],[-56.1797218323,171.071578979,-50.4930267334,47.4308929443,90.9201965332,26.9049396515,141.270355225,35.2260360718,27.711643219,-26.1324386597,25.429517746,-6.22482538223,11.7374229431],[462.678924561,-144.598526001,117.493453979,0.664906799793,17.1285037994,77.350112915,35.2260360718,108.186752319,9.66986751556,18.1074066162,-24.6333713531,2.97840929031,-3.77497386932],[-238.296722412,127.116981506,-57.136505127,23.6841697693,32.4966201782,-11.6717166901,27.711643219,9.66986751556,82.5574874878,17.7941570282,19.7195243835,-12.5510549545,9.41201782227],[85.7471160889,-77.8299484253,51.5176467896,-19.4921398163,8.37367916107,17.4605140686,-26.1324386597,18.1074066162,17.7941570282,73.779800415,16.0752086639,8.89289855957,-6.64889955521],[-226.984710693,124.057525635,-76.0136184692,33.2195091248,22.1381282806,-3.59487223625,25.429517746,-24.6333713531,19.7195243835,16.0752086639,82.6493530273,21.5903987885,10.3570051193],[26.7785053253,-54.7639961243,24.0702209473,-12.1694402695,0.325383722782,7.12624263763,-6.22482538223,2.97840929031,-12.5510549545,8.89289855957,21.5903987885,55.5729675293,14.6334629059],[-153.193237305,77.1477203369,-47.311416626,0.189331308007,18.6962928772,-24.2241859436,11.7374229431,-3.77497386932,9.41201782227,-6.64889955521,10.3570051193,14.6334629059,50.9295501709]],"icov":[[0.000191742772586,-0.000137568509672,-0.00000323283938997,-0.00040781593998,0.000136690781801,-0.000533108308446,0.000203891497222,-0.000551534059923,0.000630797294434,-0.000384724262403,0.000577534781769,-0.000264657282969,0.000183830285096],[-0.000137568509672,0.00422124378383,0.00170263822656,-0.00151781074237,-0.000939645105973,0.00285582966171,-0.00316651025787,0.00284968828782,-0.00275608920492,0.00125903543085,-0.00242594769225,0.00300520122983,-0.00227293395437],[-0.00000323283938997,0.00170263822656,0.00384377059527,-0.00157055701129,-0.00147174287122,0.00093275558902,0.000297480000881,-0.00191562576219,0.000924346968532,-0.00107893184759,0.00140673655551,-0.000839292712044,0.00140445912257],[-0.00040781593998,-0.00151781074237,-0.00157055701129,0.0087503651157,0.000112916961371,-0.00276289647445,0.000257676438196,0.00184028455988,-0.00264588766731,0.0037927730009,-0.00407549645752,0.00208751182072,-0.000484495802084],[0.000136690781801,-0.000939645105973,-0.00147174287122,0.000112916961371,0.00766907446086,-0.000876142294146,-0.00534906471148,0.00183960632421,-0.000270561780781,-0.00349989812821,0.00163118261844,-0.000576227961574,-0.0019690792542],[-0.000533108308446,0.00285582966171,0.00093275558902,-0.00276289647445,-0.000876142294146,0.0100332489237,-0.00248444988392,-0.00184840883594,-0.000907074776478,0.00039870274486,-0.00322832656093,0.00133151176851,0.00097025220748],[0.000203891497222,-0.00316651025787,0.000297480000881,0.000257676438196,-0.00534906471148,-0.00248444988392,0.0199832841754,-0.011942230165,0.00110698328353,0.00861584488302,-0.00522531894967,0.0000641362785245,0.00294105010107],[-0.000551534059923,0.00284968828782,-0.00191562576219,0.00184028455988,0.00183960632421,-0.00184840883594,-0.011942230165,0.0248928125948,-0.00747678568587,-0.00450218049809,0.00549766421318,0.0000920345628401,-0.00506966887042],[0.000630797294434,-0.00275608920492,0.000924346968532,-0.00264588766731,-0.000270561780781,-0.000907074776478,0.00110698328353,-0.00747678568587,0.0220940709114,-0.00840493384749,0.000948316417634,0.00270155188628,-0.000350043992512],[-0.000384724262403,0.00125903543085,-0.00107893184759,0.0037927730009,-0.00349989812821,0.00039870274486,0.00861584488302,-0.00450218049809,-0.00840493384749,0.0261927004904,-0.0123860305175,0.0021057499107,0.00196084543131],[0.000577534781769,-0.00242594769225,0.00140673655551,-0.00407549645752,0.00163118261844,-0.00322832656093,-0.00522531894967,0.00549766421318,0.000948316417634,-0.0123860305175,0.0284881796688,-0.0142327686772,0.00271522463299],[-0.000264657282969,0.00300520122983,-0.000839292712044,0.00208751182072,-0.000576227961574,0.00133151176851,0.0000641362785245,0.0000920345628401,0.00270155188628,0.0021057499107,-0.0142327686772,0.0305447708815,-0.0114052016288],[0.000183830285096,-0.00227293395437,0.00140445912257,-0.000484495802084,-0.0019690792542,0.00097025220748,0.00294105010107,-0.00506966887042,-0.000350043992512,0.00196084543131,0.00271522463299,-0.0114052016288,0.0281137339771]],"mean":[43.95652771,73.1040878296,-123.744842529,47.5383834839,-47.1479530334,11.7148351669,-26.7668247223,7.80227851868,-26.5780563354,1.0924166441,-20.9264087677,-3.98287129402,-12.9164142609]},"hfc":{"dmean":7.28421497345,"dmean2":11.7630882263,"dvar":85.3659667969,"dvar2":215.299331665,"max":150.366744995,"mean":34.1264877319,"median":34.1680755615,"min":1.20622679766e-16,"var":278.047698975},"melbands":{"dmean":[0.00104332296178,0.00404013134539,0.00158984900918,0.00054450990865,0.000182762960321,0.000118376781757,0.000102555794001,0.000106528612378,0.0000760366456234,0.00010685367306,0.0000798359978944,0.0000548399984837,0.0000621127619524,0.0000663764731144,0.0000584807748965,0.0000553728641535,0.0000328458481818,0.0000363987601304,0.0000300638330373,0.0000284437355731,0.0000312530137307,0.0000212966042454,0.0000194314561668,0.0000127570438053,0.0000151813437697,0.0000159499286383,0.0000115716002256,0.000010110702533,0.00000862919478095,0.00000720193793313,0.00000470751274406,0.00000390286822949,0.00000303025149151,0.0000024312446385,0.00000162121773428,0.00000115471175377,9.95597474684e-7,0.0000010527134009,7.17009186246e-7,6.42775148663e-7],"dmean2":[0.00182974676136,0.00704546598718,0.00280552357435,0.000943490187638,0.000310313014779,0.0001956459746,0.000168847036548,0.000176230299985,0.000122313518659,0.000168157755979,0.000121798169857,0.0000875711266417,0.0000991330452962,0.000105737381091,0.0000937536096899,0.0000888233989826,0.0000540109613212,0.0000588585462538,0.0000489987323817,0.0000472958054161,0.0000510464087711,0.0000353825380444,0.0000326981898979,0.0000215242089325,0.0000255358772847,0.0000270178352366,0.000019526340111,0.0000172866712091,0.000014800792087,0.0000123150475702,0.00000820843160909,0.00000678255310049,0.00000523693461218,0.00000405243736168,0.00000266410734184,0.00000189042964394,0.00000160839420005,0.00000166796314716,0.0000011268613207,9.98401560537e-7],"dvar":[0.00000302703119814,0.0000531093755853,0.00000610684810454,8.07891296972e-7,6.93505626259e-8,3.13561265841e-8,2.18575468836e-8,3.79378946036e-8,2.6321989921e-8,4.95502732178e-8,2.89489676675e-8,1.39236036034e-8,1.66778839628e-8,1.85880217884e-8,2.17798845625e-8,1.82669150917e-8,7.01029101435e-9,5.60428947693e-9,5.32574073731e-9,2.98889379913e-9,2.53983878373e-9,6.93278101593e-10,6.28233298716e-10,2.55248239212e-10,4.54930898508e-10,3.43002598546e-10,2.04861599906e-10,1.72446196212e-10,9.94628129858e-11,6.53142817608e-11,4.24457621828e-11,3.50817257189e-11,2.11639386571e-11,3.52263045122e-11,1.34227975956e-11,7.71849684861e-12,9.60131453509e-12,1.92085965189e-11,5.07761801355e-12,2.44269643575e-12],"dvar2":[0.00000856710357766,0.000147816870594,0.0000172235504579,0.00000222662197302,1.92853647718e-7,8.0273856895e-8,5.65814737286e-8,9.60710409004e-8,6.14571291635e-8,1.13573854321e-7,6.08897323673e-8,3.58016727375e-8,4.14847249885e-8,4.53867095018e-8,4.98834324958e-8,4.40010943237e-8,1.75793744006e-8,1.32602506753e-8,1.32891724292e-8,7.389311385e-9,5.91912385772e-9,1.77959780245e-9,1.66208513619e-9,6.65282828827e-10,1.13555898018e-9,9.28007171108e-10,5.32833888123e-10,4.50680770481e-10,2.67006611265e-10,1.7864311419e-10,1.1961011348e-10,9.51688727824e-11,5.78700559695e-11,8.90896870165e-11,3.18612115857e-11,1.72168529433e-11,2.23018218476e-11,4.71229513743e-11,1.12303994229e-11,5.45484881223e-12],"max":[0.0208169259131,0.0584172345698,0.0206853281707,0.00918233953416,0.00374836008996,0.00405692495406,0.0027665051166,0.00435784086585,0.0050567924045,0.00602781074122,0.00490727974102,0.00366895576008,0.00291656004265,0.00379811204039,0.00335859041661,0.00280374777503,0.00259733200073,0.00166431930847,0.00268751312979,0.00150637724437,0.00151173723862,0.000428997213021,0.000591950025409,0.000364361767424,0.000486862380058,0.00032489025034,0.000284462497802,0.000348908011802,0.000213759209146,0.000120479046018,0.0000949437235249,0.0000996694725472,0.0000899478691281,0.000146066668094,0.000140635413118,0.0000764424621593,0.000103619822767,0.000154791021487,0.0000650027577649,0.0000565739574085],"mean":[0.00135220796801,0.0047886329703,0.00199991953559,0.000658970908262,0.000290038558887,0.000201798437047,0.000180764007382,0.00017476726498,0.000135120368213,0.000199158515898,0.00016704761947,0.000107951345854,0.000112800138595,0.000125740814838,0.000103710772237,0.0000924603227759,0.000054722528148,0.0000678981523379,0.0000576904203626,0.0000577454957238,0.00006800902338,0.000046685741836,0.0000404074635298,0.0000261675613729,0.000031276664231,0.0000364182633348,0.0000272778597719,0.0000227675427595,0.0000213573111978,0.0000175855238922,0.0000104297751022,0.00000812194957689,0.00000611244740867,0.00000442808914158,0.00000324564462062,0.00000250844914262,0.00000204109187507,0.00000186407328329,0.00000148843139414,0.00000143200043112],"median":[0.000852246710565,0.00297262263484,0.00130080943927,0.000398808857426,0.000181925541256,0.000133739435114,0.000117798088468,0.0000980605109362,0.0000692187240929,0.0000865477777552,0.0000687286446919,0.000060153859522,0.0000542966954526,0.0000579445368203,0.0000463450269308,0.0000343316132785,0.0000281843258563,0.0000333130010404,0.0000306805450236,0.0000371651658497,0.0000434268149547,0.0000343591054843,0.0000299226176139,0.0000201463390113,0.0000229881497944,0.0000304353688989,0.0000233319897234,0.0000193496052816,0.0000187906334759,0.0000159268965945,0.00000919340891414,0.00000668395750836,0.00000496478833156,0.00000314400745083,0.00000231416288443,0.00000170730390892,0.0000013637372831,9.8979694485e-7,8.14021291262e-7,7.28199211153e-7],"min":[8.57973482444e-24,7.37672509942e-24,1.05297800495e-23,1.40463468378e-23,8.87682615223e-24,4.2392055816e-24,9.72612563571e-24,9.63547841795e-24,1.37793584422e-23,7.71492554671e-24,6.11099186054e-24,6.46519632344e-24,8.90905427566e-24,5.22296127877e-24,6.16566859874e-24,7.4841600661e-24,3.91445442388e-24,3.29446221163e-24,4.62319033253e-24,4.13493197499e-24,7.48515560857e-24,1.30827185322e-23,1.51659471439e-23,1.06779383827e-23,1.18493613282e-23,1.29258282977e-23,9.64087895971e-24,6.99093346258e-24,9.82205191064e-24,9.34679713627e-24,8.94047697209e-24,1.28636597475e-23,1.46849092302e-23,1.06530024895e-23,8.03874269311e-24,7.22329717538e-24,1.01478609308e-23,1.27256958637e-23,9.1355188866e-24,1.06195642534e-23],"var":[0.00000298065401694,0.0000431896442024,0.00000527242673343,7.24789686046e-7,1.05391109173e-7,5.50052945414e-8,4.23302282115e-8,7.49906803321e-8,6.35970636154e-8,1.56972078003e-7,1.24490583175e-7,2.71635620663e-8,3.27910534281e-8,4.21973815889e-8,4.68750407379e-8,3.92881389644e-8,9.61856194692e-9,1.33224506982e-8,1.11992788376e-8,6.04385252956e-9,6.81924472445e-9,1.7067615099e-9,1.37012945434e-9,5.01277186427e-10,9.94126447829e-10,7.62527319065e-10,4.08247241568e-10,2.90699353478e-10,2.11697936958e-10,1.29783322977e-10,5.89985005295e-11,5.10407376086e-11,3.24443978628e-11,3.98646220201e-11,2.33085530044e-11,1.6321388685e-11,1.40611732327e-11,2.48156425964e-11,1.02417328091e-11,6.14199880192e-12]},"melbands_crest":{"dmean":4.17252111435,"dmean2":6.92619371414,"dvar":12.3581085205,"dvar2":33.0553436279,"max":29.8789081573,"mean":15.3737649918,"median":14.8435239792,"min":1.67186999321,"var":26.7534599304},"melbands_flatness_db":{"dmean":0.0303232483566,"dmean2":0.0500981025398,"dvar":0.000922076695133,"dvar2":0.00248680519871,"max":0.472232431173,"mean":0.155755802989,"median":0.144454479218,"min":0.00477972673252,"var":0.00278273201548},"melbands_kurtosis":{"dmean":8.19082736969,"dmean2":14.2411327362,"dvar":248.256164551,"dvar2":691.602111816,"max":312.352539062,"mean":10.6683492661,"median":5.56793880463,"min":-1.43124043941,"var":314.830352783},"melbands_skewness":{"dmean":0.9348513484,"dmean2":1.56702280045,"dvar":1.26583790779,"dvar2":3.46329855919,"max":14.3201408386,"mean":2.71020650864,"median":2.36883473396,"min":-0.603804171085,"var":2.33884334564},"melbands_spread":{"dmean":10.4554824829,"dmean2":17.1813755035,"dvar":93.9692840576,"dvar2":247.186218262,"max":164.956573486,"mean":34.2788505554,"median":33.5320739746,"min":1.02864682674,"var":248.115646362},"mfcc":{"cov":[[7471.98388672,-283.026611328,295.652313232,134.079833984,9.07537746429,380.242218018,226.266067505,275.312805176,148.502563477,184.140213013,50.3433799744,-29.0690689087,-20.9797782898],[-283.026611328,637.600097656,-297.128387451,182.211242676,-10.0260295868,-0.619584619999,37.8784561157,6.26580905914,27.9782390594,-12.2572889328,7.64643096924,38.0153579712,10.5890522003],[295.652313232,-297.128387451,379.778015137,-52.2038421631,41.2466125488,2.61021113396,-7.2019329071,4.82768917084,4.08720302582,18.2485027313,9.04753303528,-21.1565799713,-0.102365650237],[134.079833984,182.211242676,-52.2038421631,205.665206909,15.4878253937,33.8326644897,39.3520317078,31.4933624268,17.5907402039,6.65509796143,-0.670143246651,13.6926021576,24.1423091888],[9.07537746429,-10.0260295868,41.2466125488,15.4878253937,113.097358704,35.5847625732,26.1901454926,0.659570455551,27.7173042297,14.7648477554,15.0332117081,7.93785619736,10.667350769],[380.242218018,-0.619584619999,2.61021113396,33.8326644897,35.5847625732,115.009857178,51.2578468323,44.567237854,4.42785835266,22.5683345795,18.6957530975,13.4886045456,16.72108078],[226.266067505,37.8784561157,-7.2019329071,39.3520317078,26.1901454926,51.2578468323,117.868804932,62.9340934753,32.7570953369,10.6813316345,11.2047758102,17.4367790222,17.5678520203],[275.312805176,6.26580905914,4.82768917084,31.4933624268,0.659570455551,44.567237854,62.9340934753,108.464195251,37.3423423767,19.9467983246,5.23845767975,5.53927707672,12.9885845184],[148.502563477,27.9782390594,4.08720302582,17.5907402039,27.7173042297,4.42785835266,32.7570953369,37.3423423767,90.7288208008,37.2537651062,12.2765598297,-3.7520236969,-6.46222257614],[184.140213013,-12.2572889328,18.2485027313,6.65509796143,14.7648477554,22.5683345795,10.6813316345,19.9467983246,37.2537651062,67.1058807373,30.5347824097,4.40009641647,-6.13207817078],[50.3433799744,7.64643096924,9.04753303528,-0.670143246651,15.0332117081,18.6957530975,11.2047758102,5.23845767975,12.2765598297,30.5347824097,56.4336357117,22.0433444977,-0.111624598503],[-29.0690689087,38.0153579712,-21.1565799713,13.6926021576,7.93785619736,13.4886045456,17.4367790222,5.53927707672,-3.7520236969,4.40009641647,22.0433444977,51.6093444824,27.2105846405],[-20.9797782898,10.5890522003,-0.102365650237,24.1423091888,10.667350769,16.72108078,17.5678520203,12.9885845184,-6.46222257614,-6.13207817078,-0.111624598503,27.2105846405,67.9074325562]],"icov":[[0.000189137368579,0.0000597996331635,-0.000134533082019,-0.000100704346551,0.000322503998177,-0.000637490593363,-0.0000842019726406,-0.0000469090955448,-0.000240100736846,-0.000208843732253,0.000140735937748,0.0000376865646103,0.000165197037859],[0.0000597996331635,0.003593968926,0.00228475034237,-0.00268540205434,0.0000845052491059,0.000488914200105,-0.000358966412023,0.00057852989994,-0.00128034036607,0.00113712006714,-0.000969973159954,-0.00120513769798,0.000726904312614],[-0.000134533082019,0.00228475034237,0.00470033567399,-0.000840768858325,-0.00174683495425,0.00145169510506,-3.71087708118e-7,-0.000362203019904,0.000306461792206,-0.0000366459607903,-0.00149054266512,0.0012992802076,-0.000602735090069],[-0.000100704346551,-0.00268540205434,-0.000840768858325,0.00773862702772,-0.000561489083339,-0.00103761989158,-0.000489260768518,-0.000888403505087,0.000426048383815,-0.00114094559103,0.00161611509975,0.0006599976914,-0.00204894901253],[0.000322503998177,0.0000845052491059,-0.00174683495425,-0.000561489083339,0.0132272802293,-0.00563311064616,-0.00167465838604,0.00464156689122,-0.00588520988822,0.00115765910596,-0.000947195279878,-0.000467667239718,-0.00113154668361],[-0.000637490593363,0.000488914200105,0.00145169510506,-0.00103761989158,-0.00563311064616,0.01721178554,-0.00354083650745,-0.00456541869789,0.00698522245511,-0.00400473363698,-0.00254879076965,0.000961979152635,-0.00155264697969],[-0.0000842019726406,-0.000358966412023,-3.71087708118e-7,-0.000489260768518,-0.00167465838604,-0.00354083650745,0.0154354562983,-0.00637683598325,-0.00346783688292,0.00365906301886,-0.000723732169718,-0.00316848000512,-0.000165834571817],[-0.0000469090955448,0.00057852989994,-0.000362203019904,-0.000888403505087,0.00464156689122,-0.00456541869789,-0.00637683598325,0.0174694191664,-0.00598971033469,-0.000806343101431,0.00152583816089,0.000361611630069,-0.00187122565694],[-0.000240100736846,-0.00128034036607,0.000306461792206,0.000426048383815,-0.00588520988822,0.00698522245511,-0.00346783688292,-0.00598971033469,0.0214218050241,-0.0107598826289,0.000670400157105,0.00341768888757,0.000920295366086],[-0.000208843732253,0.00113712006714,-0.0000366459607903,-0.00114094559103,0.00115765910596,-0.00400473363698,0.00365906301886,-0.000806343101431,-0.0107598826289,0.0285001378506,-0.012911436148,0.000577572907787,0.00147258513607],[0.000140735937748,-0.000969973159954,-0.00149054266512,0.00161611509975,-0.000947195279878,-0.00254879076965,-0.000723732169718,0.00152583816089,0.000670400157105,-0.012911436148,0.0315097048879,-0.0142776966095,0.00496047269553],[0.0000376865646103,-0.00120513769798,0.0012992802076,0.0006599976914,-0.000467667239718,0.000961979152635,-0.00316848000512,0.000361611630069,0.00341768888757,0.000577572907787,-0.0142776966095,0.0346299260855,-0.0129683241248],[0.000165197037859,0.000726904312614,-0.000602735090069,-0.00204894901253,-0.00113154668361,-0.00155264697969,-0.000165834571817,-0.00187122565694,0.000920295366086,0.00147258513607,0.00496047269553,-0.0129683241248,0.0217771492898]],"mean":[-591.980102539,97.6024551392,-10.4311923981,37.3623924255,3.08389163017,10.7950639725,7.81982040405,4.87599420547,5.62991046906,1.11293935776,-3.12918543816,0.90656542778,0.2769356668]},"pitch_salience":{"dmean":0.0847526192665,"dmean2":0.141548261046,"dvar":0.00583964958787,"dvar2":0.0156995225698,"max":0.924715340137,"mean":0.543537378311,"median":0.548158049583,"min":0.121433600783,"var":0.0140407755971},"silence_rate_20dB":{"dmean":0,"dmean2":0,"dvar":0,"dvar2":0,"max":1,"mean":1,"median":1,"min":1,"var":0},"silence_rate_30dB":{"dmean":0.0173946656287,"dmean2":0.0347926951945,"dvar":0.0170935261995,"dvar2":0.0478890910745,"max":1,"mean":0.989660859108,"median":1,"min":0,"var":0.0102321924642},"silence_rate_60dB":{"dmean":0.00135291845072,"dmean2":0.00270609837025,"dvar":0.00135111191776,"dvar2":0.00308544095606,"max":1,"mean":0.0410667695105,"median":0,"min":0,"var":0.0393801108003},"spectral_centroid":{"dmean":297.703308105,"dmean2":496.838348389,"dvar":85627.5625,"dvar2":229689.15625,"max":11108.9472656,"mean":2045.77270508,"median":2090.82104492,"min":256.9921875,"var":212914.703125},"spectral_complexity":{"dmean":4.43892526627,"dmean2":7.35034322739,"dvar":14.6799697876,"dvar2":38.6818962097,"max":63,"mean":35.7295379639,"median":38,"min":0,"var":132.56111145},"spectral_contrast_coeffs":{"dmean":[0.0608137995005,0.0456350967288,0.0380224436522,0.0293882973492,0.0189471468329,0.0178917422891],"dmean2":[0.102600000799,0.0764715224504,0.0621713809669,0.0489715188742,0.0321292802691,0.0290592946112],"dvar":[0.00242435745895,0.00126957509201,0.000905175635125,0.00054682220798,0.00021833521896,0.000240594803472],"dvar2":[0.00676140654832,0.00357367796823,0.00241667404771,0.00147130619735,0.00061137060402,0.000578570179641],"max":[-0.325050055981,-0.500157237053,-0.461438477039,-0.576672136784,-0.638350784779,-0.549696803093],"mean":[-0.62307959795,-0.765987634659,-0.773097157478,-0.786500751972,-0.796733081341,-0.71552324295],"median":[-0.627781748772,-0.770410656929,-0.77911657095,-0.791538476944,-0.799048602581,-0.715034484863],"min":[-0.965398490429,-0.966200470924,-0.964072883129,-0.954846382141,-0.958968698978,-0.958068847656],"var":[0.00497093517333,0.0033954824321,0.00410052668303,0.00243523041718,0.000929309404455,0.00135739368852]},"spectral_contrast_valleys":{"dmean":[0.42229232192,0.343421250582,0.285301655531,0.229720160365,0.178135767579,0.194615647197],"dmean2":[0.710632920265,0.582057654858,0.470879435539,0.379766285419,0.2996121943,0.29002892971],"dvar":[0.124110020697,0.0956952869892,0.0658798888326,0.0505882017314,0.0400890000165,0.0624823458493],"dvar2":[0.319079488516,0.234641909599,0.147379904985,0.10800139606,0.0792675763369,0.109665572643],"max":[-5.34420442581,-4.98632383347,-5.20915651321,-5.78338050842,-5.56083679199,-7.45558929443],"mean":[-7.0138874054,-6.61194753647,-6.93889713287,-7.09670639038,-6.59175777435,-9.6621723175],"median":[-6.75472545624,-6.47244024277,-6.77385425568,-6.93597364426,-6.40142583847,-9.28276920319],"min":[-26.9952278137,-27.8908977509,-27.2876625061,-27.2291240692,-27.2344875336,-27.2704105377],"var":[1.41038823128,0.771812200546,0.875697135925,0.816578149796,0.92826372385,1.93295001984]},"spectral_decrease":{"dmean":4.37632063921e-9,"dmean2":7.57098828075e-9,"dvar":4.70425125159e-17,"dvar2":1.30838625029e-16,"max":1.37899400691e-28,"mean":-9.20187837039e-9,"median":-7.77126007989e-9,"min":-5.28342560813e-8,"var":4.69971433136e-17},"spectral_energy":{"dmean":0.0169071778655,"dmean2":0.0291914008558,"dvar":0.000684820348397,"dvar2":0.00190165091772,"max":0.202220395207,"mean":0.0378252714872,"median":0.0326990708709,"min":1.04203730315e-20,"var":0.000707681989297},"spectral_energyband_high":{"dmean":0.000610767572653,"dmean2":0.00101053342223,"dvar":8.46542718591e-7,"dvar2":0.00000212145482692,"max":0.0169521141797,"mean":0.00201660743915,"median":0.00180973892566,"min":7.33073389018e-21,"var":0.00000194518565877},"spectral_energyband_low":{"dmean":0.0145271960646,"dmean2":0.0253272280097,"dvar":0.000663525890559,"dvar2":0.00185662403237,"max":0.190705925226,"mean":0.0188791323453,"median":0.0124996397644,"min":5.76434294961e-23,"var":0.000558492552955},"spectral_energyband_middle_high":{"dmean":0.00199602800421,"dmean2":0.00318728480488,"dvar":0.00000607969468547,"dvar2":0.0000148853960127,"max":0.0512006208301,"mean":0.00871715601534,"median":0.00759873120114,"min":1.30646755794e-21,"var":0.0000332177296514},"spectral_energyband_middle_low":{"dmean":0.00498474342749,"dmean2":0.00857580266893,"dvar":0.0000404450547649,"dvar2":0.000112422909297,"max":0.0584544762969,"mean":0.0102028977126,"median":0.00836809072644,"min":2.92803786732e-22,"var":0.000055988002714},"spectral_entropy":{"dmean":0.0895540937781,"dmean2":0.142793521285,"dvar":0.00701146759093,"dvar2":0.0168880932033,"max":9.77811813354,"mean":7.93658447266,"median":7.97456550598,"min":6.40071201324,"var":0.0575858168304},"spectral_flux":{"dmean":0.0312244016677,"dmean2":0.0509131252766,"dvar":0.00157965789549,"dvar2":0.00336924148723,"max":0.383650124073,"mean":0.108445644379,"median":0.0986424461007,"min":1.02080226216e-10,"var":0.00303880567662},"spectral_kurtosis":{"dmean":0.898750901222,"dmean2":1.56020832062,"dvar":1.35118591785,"dvar2":4.28440093994,"max":18.6480751038,"mean":3.0319442749,"median":2.76582336426,"min":-1.19431173801,"var":2.07688593864},"spectral_rms":{"dmean":0.0011731487466,"dmean2":0.00197551702149,"dvar":0.00000219794424083,"dvar2":0.00000599119630351,"max":0.0140459313989,"mean":0.0057184016332,"median":0.00564814405516,"min":3.18845058862e-12,"var":0.00000420279820901},"spectral_rolloff":{"dmean":747.027832031,"dmean2":1256.4276123,"dvar":683579.25,"dvar2":1698913.5,"max":19530.6152344,"mean":2224.52734375,"median":2217.91992188,"min":86.1328125,"var":2000514.625},"spectral_skewness":{"dmean":0.144350886345,"dmean2":0.239859297872,"dvar":0.0212254822254,"dvar2":0.0598781779408,"max":3.07421040535,"mean":1.09716212749,"median":1.08090758324,"min":-0.056282132864,"var":0.0619391873479},"spectral_spread":{"dmean":344550.28125,"dmean2":518410.71875,"dvar":232402403328,"dvar2":369225367552,"max":40114928,"mean":4455063,"median":4439563,"min":2013620.625,"var":1313757986820},"spectral_strongpeak":{"dmean":0.50955837965,"dmean2":0.90563839674,"dvar":1.04242253304,"dvar2":2.78001475334,"max":11.4521398544,"mean":0.677743792534,"median":0.377746015787,"min":1.24802213008e-9,"var":1.08908748627},"zerocrossingrate":{"dmean":0.0106983520091,"dmean2":0.0136535177007,"dvar":0.0000986092491075,"dvar2":0.000151268061018,"max":0.52197265625,"mean":0.0791440755129,"median":0.07666015625,"min":0.00390625,"var":0.00104165438097}},"metadata":{"audio_properties":{"analysis_sample_rate":44100,"bit_rate":0,"codec":"flac","downmix":"mix","equal_loudness":0,"length":240.279998779,"lossless":true,"md5_encoded":"de922e2068e8dd8402ca782216be37ef","replay_gain":-14.1772670746,"sample_rate":44100},"tags":{"acoustid_id":["4c6db2f6-676a-46d1-8a24-3ebeaeadb7da"],"album":["Emperor of Sand"],"albumartist":["Mastodon"],"albumartistsort":["Mastodon"],"artist":["Mastodon"],"artistsort":["Mastodon"],"asin":["B01N6V8SZC"],"catalognumber":["558742-2"],"discnumber":["1"],"disctotal":["1"],"file_name":"06. Word to the Wise.flac","label":["Reprise Records"],"media":["CD"],"musicbrainz_albumartistid":["bc5e2ad6-0a4a-4d90-b911-e9a7e6861727"],"musicbrainz_albumid":["f575db7a-c5de-4e45-8dd3-d2ff13b93b62"],"musicbrainz_artistid":["bc5e2ad6-0a4a-4d90-b911-e9a7e6861727"],"musicbrainz_discid":["W7k0SR_5f2TxyPN3JurWnk6aJYk-"],"musicbrainz_recordingid":["a5dbc7dd-9885-42cf-b14d-e6779b9a64d7"],"musicbrainz_releasegroupid":["31cedc9c-9227-4e46-9b07-13589c525b77"],"musicbrainz_releasetrackid":["d5f5a8f6-c487-4a05-bd9d-76dbcf7df84a"],"originaldate":["2017-03-31"],"originalyear":["2017"],"releasetype":["album"],"title":["Word to the Wise"],"totaldiscs":["1"],"totaltracks":["11"],"tracknumber":["6"],"tracktotal":["11"]},"version":{"essentia":"2.1-beta2","essentia_build_sha":"70f2e5ece6736b2c40cc944ad0e695b16b925413","essentia_git_sha":"v2.1_beta2","extractor":"music 1.0"}},"rhythm":{"beats_count":610,"beats_loudness":{"dmean":0.0137996505946,"dmean2":0.0242277942598,"dvar":0.000159924675245,"dvar2":0.000453547079815,"max":0.101537428796,"mean":0.0398701876402,"median":0.0392763316631,"min":4.40604086549e-9,"var":0.000313462893246},"beats_loudness_band_ratio":{"dmean":[0.156319499016,0.0837538093328,0.066531188786,0.0667241588235,0.0552258752286,0.040741506964],"dmean2":[0.256735354662,0.148169875145,0.111675590277,0.113823711872,0.0945644378662,0.0696749091148],"dvar":