{"lowlevel":{"average_loudness":0.864467680454,"barkbands":{"dmean":[0.000178397371201,0.0124101852998,0.00931007601321,0.00385625078343,0.00271948100999,0.00091867154697,0.000334409269271,0.000371295289369,0.000122933299281,0.000148499428178,0.0000411532491853,0.000106758503534,0.000122655648738,0.000104664941318,0.0000427738814324,0.000103185506305,0.00013968339772,0.000134901667479,0.000178970571142,0.000160422350746,0.000152445529238,0.000201051385375,0.000275980070001,0.000265880837105,0.000173019245267,0.000071675174695,0.000004007365078],"dmean2":[0.000283133122139,0.0211785621941,0.0166238229722,0.00669726775959,0.0046446188353,0.00153413636144,0.000564813730307,0.000588377821259,0.00020571697678,0.000247736519668,0.0000723185003153,0.000165716061019,0.000202994473511,0.000172640473465,0.000071860391472,0.000171989391674,0.000225099458476,0.000224257062655,0.000294164696243,0.00026098350645,0.000244919589022,0.000328685186105,0.000431819586083,0.000422210257966,0.000259185035247,0.000107815547381,0.00000638052779323],"dvar":[9.17731242112e-8,0.000511201447807,0.00031120661879,0.0000676529452903,0.0000291493033728,0.00000210192297345,3.5056942238e-7,2.52336434414e-7,1.38357620472e-7,8.99526241938e-7,1.09070086296e-8,1.8222191045e-7,4.90548984544e-7,7.35438391075e-7,1.19387655317e-8,2.90708808137e-8,1.80022652785e-7,6.5551027717e-8,1.19048294778e-7,8.47535872595e-8,1.40596966958e-7,3.3244478459e-7,6.49220851301e-7,4.59124692043e-7,2.58673367171e-7,1.93048819597e-7,8.03879574018e-10],"dvar2":[2.03033081903e-7,0.00135614129249,0.00089960929472,0.000186347926501,0.0000781733178883,0.00000558008878215,9.72689576884e-7,6.12718565662e-7,3.20950050536e-7,0.00000251919800576,2.81247274359e-8,3.29299126633e-7,0.0000012024310081,0.00000181521625109,3.35515188965e-8,7.43773611589e-8,4.21487015956e-7,1.61880421956e-7,2.84533058448e-7,2.0279927071e-7,3.66196957202e-7,8.61564046772e-7,0.00000147814694174,9.28214888063e-7,5.52631831852e-7,4.27665412417e-7,2.01047134496e-9],"max":[0.00277643580921,0.170481652021,0.133996844292,0.0975378751755,0.0959110185504,0.0240851454437,0.0107807600871,0.00733829056844,0.0110170356929,0.0396597273648,0.00255804974586,0.0214758217335,0.0273169614375,0.0427614450455,0.00257767457515,0.00520813511685,0.0105345044285,0.00619043456391,0.00819327495992,0.00529231363907,0.0083237523213,0.0112595353276,0.0206209421158,0.0164512004703,0.0112914033234,0.0147116584703,0.00104196812026],"mean":[0.000201004615519,0.0147657496855,0.0106679787859,0.00382667919621,0.0040073604323,0.00154334586114,0.000576613005251,0.000763332529459,0.000179123162525,0.00019855411665,0.0000535508479516,0.000163103148225,0.000184061645996,0.000164326178492,0.0000670911176712,0.000208394267247,0.000270787568297,0.000277526589343,0.000347859546309,0.000330005423166,0.000346236600308,0.000431487540482,0.000580162391998,0.000549821183085,0.000355639727786,0.00010561766976,0.00000468301050205],"median":[0.0000430336003774,0.00779028423131,0.0060749379918,0.00158806843683,0.00223846011795,0.000920400954783,0.000374795024982,0.000469027756481,0.00009791222692,0.000035394616134,0.0000262708490482,0.0000468305079266,0.0000440257208538,0.000047797926527,0.0000356643140549,0.000167792459251,0.000102818150481,0.000151521380758,0.000181690556929,0.000159338233061,0.000168291691807,0.000180950330105,0.00017922319239,0.000166042242199,0.0000643143430352,0.00000995439040707,1.70860516846e-7],"min":[4.15238197264e-24,1.19771512728e-23,7.65464316291e-24,1.66894489666e-23,5.04896285999e-23,3.97621268754e-23,3.39569878263e-23,9.42221460539e-23,4.80261169671e-23,5.03986824039e-23,1.19019168194e-22,5.42120360197e-23,1.91117217912e-22,1.54517239975e-22,2.27881644949e-22,1.42595910866e-22,2.5816744136e-22,1.69218451805e-22,1.34868153708e-22,3.94055308229e-22,3.53713138241e-22,6.10683858676e-22,8.35793610486e-22,7.59427482483e-22,1.23046831968e-21,1.49825330076e-21,2.29284590523e-21],"var":[1.28336267835e-7,0.000487209181301,0.000251190853305,0.0000525903051312,0.0000365043888451,0.00000418757781517,5.9410342601e-7,7.62379272601e-7,1.85833457067e-7,0.00000128403087274,1.4202416132e-8,4.41341995838e-7,9.37636855269e-7,0.00000105507785975,1.99703773518e-8,6.09322015066e-8,5.73200338749e-7,1.92609874716e-7,3.21112707979e-7,2.46186687036e-7,2.9213785524e-7,5.60068031064e-7,0.00000148906894992,0.00000143357442539,6.69696476052e-7,2.45088926931e-7,8.10691680453e-10]},"barkbands_crest":{"dmean":2.87161517143,"dmean2":4.78057432175,"dvar":6.74748754501,"dvar2":18.8358268738,"max":24.756072998,"mean":11.5531244278,"median":10.8966293335,"min":3.23489236832,"var":16.370803833},"barkbands_flatness_db":{"dmean":0.0260080043226,"dmean2":0.0426105819643,"dvar":0.000584258581512,"dvar2":0.00157610396855,"max":0.359160393476,"mean":0.156328991055,"median":0.152527615428,"min":0.0417142398655,"var":0.00223110779189},"barkbands_kurtosis":{"dmean":7.17899847031,"dmean2":11.8836679459,"dvar":208.822113037,"dvar2":523.96661377,"max":325.717224121,"mean":12.0313167572,"median":5.74353599548,"min":-1.86431825161,"var":653.075805664},"barkbands_skewness":{"dmean":0.806506872177,"dmean2":1.28466045856,"dvar":0.78280544281,"dvar2":1.95206952095,"max":15.4347543716,"mean":2.66220355034,"median":2.35406255722,"min":-4.06399440765,"var":3.63850188255},"barkbands_spread":{"dmean":7.67895269394,"dmean2":11.8800230026,"dvar":74.0357437134,"dvar2":164.938781738,"max":105.846382141,"mean":27.1546516418,"median":19.9053153992,"min":0.803433597088,"var":436.018127441},"dissonance":{"dmean":0.0124564906582,"dmean2":0.0207343921065,"dvar":0.000149980071001,"dvar2":0.000422180484748,"max":0.499999970198,"mean":0.470684677362,"median":0.476140379906,"min":0.37371981144,"var":0.000440529896878},"dynamic_complexity":6.83929347992,"erbbands":{"dmean":[0.205839648843,3.40112709999,10.8725204468,11.6621437073,11.1279945374,8.05590724945,10.4264039993,5.53448152542,4.71487474442,4.79358053207,7.75522994995,2.98653078079,5.07863712311,2.18592905998,2.01281380653,5.03621101379,4.98200321198,5.41078138351,2.83428740501,3.10505318642,5.94113111496,7.71071863174,6.79066610336,8.23447132111,8.22304153442,7.874584198,6.63317060471,6.60055112839,7.2188076973,7.84067106247,7.40052652359,6.5909538269,3.96977591515,2.29808688164,1.10661482811,0.392586559057,0.122133478522,0.0208634212613,0.000469785009045,0.0000399047785322],"dmean2":[0.344892650843,5.85836601257,19.1329231262,20.6031837463,19.4706459045,13.5956335068,16.8534355164,9.24540710449,8.04425239563,7.78252840042,12.3776283264,4.91877889633,8.23623180389,3.76832604408,3.45725631714,7.73419427872,8.08340358734,8.72815895081,4.77108716965,5.22194671631,9.935962677,12.4293785095,11.1774196625,13.631775856,13.4854469299,12.8195505142,10.8216285706,10.6001462936,11.896771431,12.4436206818,11.6611843109,10.8316965103,6.04618310928,3.434871912,1.66792023182,0.605618834496,0.181173637509,0.0319400765002,0.000713551824447,0.0000642884697299],"dvar":[0.147059932351,38.6040077209,413.058898926,575.104980469,606.482910156,241.658554077,243.855285645,89.4452438354,98.3524398804,50.4806594849,107.292671204,88.6749954224,978.576904297,68.515083313,27.2486763,461.408477783,586.681335449,2104.32421875,318.574249268,28.2279548645,118.276496887,680.258605957,223.287841797,216.10206604,310.933807373,209.797958374,181.957107544,328.770111084,440.980712891,611.788818359,459.400878906,307.829772949,89.217086792,36.623626709,13.6952352524,4.33423137665,0.614660739899,0.0243185739964,0.0000103595311884,1.20158061279e-8],"dvar2":[0.374565064907,104.405136108,1184.97900391,1607.20983887,1693.58410645,626.059387207,631.550842285,247.860198975,284.618469238,133.798599243,268.058074951,199.102081299,2684.45385742,190.184997559,68.3948669434,891.6796875,1405.27807617,5082.70117188,969.306762695,73.6579437256,301.297271729,1592.04931641,531.182128906,527.204650879,760.273132324,492.677581787,469.073272705,865.534301758,1172.57067871,1506.2824707,1032.34729004,662.378662109,178.305252075,78.3385543823,29.4294033051,9.89263820648,1.36587119102,0.0545389689505,0.0000234979797824,2.76646812125e-8],"max":[2.54966020584,48.9664916992,164.670181274,239.963531494,325.067138672,266.747375488,186.369522095,166.001968384,207.805862427,109.868057251,156.009933472,293.03616333,1173.41516113,358.626647949,112.072715759,1020.02478027,969.450317383,2417.1965332,685.87677002,130.489273071,324.399780273,655.629943848,385.552947998,344.623168945,438.816711426,314.999542236,276.794067383,443.869873047,476.847381592,594.2109375,556.551818848,464.996276855,219.904373169,128.814682007,99.2248458862,78.4674301147,22.9696865082,4.75225734711,0.107692606747,0.00317605235614],"mean":[0.223126336932,4.00831413269,13.2356796265,12.5367155075,12.3664703369,12.1030931473,17.6465568542,9.32378292084,8.39666175842,9.32604217529,16.5745849609,4.99846172333,6.7773308754,3.09451627731,2.8481528759,7.86712169647,8.22817230225,8.72250556946,4.7172908783,6.27411699295,12.3391056061,15.7010068893,14.7651634216,17.5962867737,15.9563522339,16.7257537842,14.3995227814,15.218252182,15.393491745,15.98965168,15.4697399139,12.581407547,8.58545875549,4.8433098793,2.03938555717,0.630999147892,0.172261849046,0.0257813818753,0.000628422596492,0.0000742764314055],"median":[0.0800323784351,2.18976688385,7.99354457855,6.39988517761,5.45240879059,6.0551071167,9.57859802246,5.75669384003,5.56866073608,6.77569770813,10.3063001633,3.16188240051,1.23226809502,1.11413502693,1.32794713974,2.16431045532,2.20144081116,2.4918358326,1.64042806625,4.92751216888,9.32861709595,5.98778152466,7.30191087723,10.3805246353,7.61006069183,8.16710090637,7.03030157089,7.03493595123,6.49445533752,5.19787883759,4.90702724457,3.74663162231,2.50239515305,0.986456990242,0.352109491825,0.0773588940501,0.0135501287878,0.00140547694173,0.0000666658743285,0.0000462339157821],"min":[1.93377676748e-22,3.29908708855e-21,7.01077655184e-21,4.59651277075e-20,9.33680827278e-20,1.53327103072e-19,2.74934233645e-19,3.22100098023e-19,4.39977264419e-19,1.02063106766e-18,1.87316042329e-18,1.43890890307e-18,1.49516225121e-18,2.92406733535e-18,3.42848331366e-18,2.73451558926e-18,9.31881991204e-18,7.63691522689e-18,1.21711222982e-17,8.59690216833e-18,1.02155424259e-17,1.24617761947e-17,9.18490019804e-18,6.26452250181e-18,1.03449490424e-17,1.53813953663e-17,1.46383125522e-17,1.85260498507e-17,2.40886839602e-17,2.24238936419e-17,2.0911261543e-17,1.99966429766e-17,1.06852221951e-17,1.00359623421e-17,1.09903285912e-17,6.36814672587e-18,2.39003994548e-18,1.16160870023e-18,2.78090160327e-19,3.74483921101e-20],"var":[0.14410290122,35.4325675964,350.915130615,446.77331543,506.268218994,425.119659424,537.182983398,164.58682251,144.979431152,92.9862060547,327.851593018,119.492759705,1411.88757324,99.7290725708,41.9113540649,1034.73620605,1264.12011719,2971.17797852,569.032592773,61.834022522,268.682647705,2050.33178711,732.175476074,603.027526855,778.323913574,647.949157715,464.058837891,642.805053711,709.729003906,1110.95935059,1070.5904541,805.460327148,308.084381104,109.606269836,28.6076889038,5.79659795761,0.759075164795,0.0268558692187,0.0000117936415336,1.646952974e-8]},"erbbands_crest":{"dmean":1.91234755516,"dmean2":3.10798954964,"dvar":3.87752962112,"dvar2":9.55114459991,"max":28.0444068909,"mean":9.03588008881,"median":6.21430683136,"min":2.19404840469,"var":41.2919082642},"erbbands_flatness_db":{"dmean":0.0122790588066,"dmean2":0.0182053316385,"dvar":0.000179821523488,"dvar2":0.000343433697708,"max":0.301987081766,"mean":0.123044312,"median":0.111497312784,"min":0.0372108146548,"var":0.00196823105216},"erbbands_kurtosis":{"dmean":0.616645991802,"dmean2":0.953951299191,"dvar":0.769259989262,"dvar2":1.60595881939,"max":11.604716301,"mean":-0.154937326908,"median":-0.991097152233,"min":-1.75491833687,"var":4.1473736763},"erbbands_skewness":{"dmean":0.312060296535,"dmean2":0.477621167898,"dvar":0.0750763863325,"dvar2":0.171401798725,"max":3.33752989769,"mean":0.199932649732,"median":0.114422500134,"min":-3.00505971909,"var":0.907573103905},"erbbands_spread":{"dmean":10.8741140366,"dmean2":16.9580841064,"dvar":119.682006836,"dvar2":282.069244385,"max":145.166305542,"mean":72.7496643066,"median":76.0039825439,"min":6.34675884247,"var":785.810058594},"gfcc":{"cov":[[28070.96875,-585.853942871,360.264526367,1551.46374512,-629.362609863,717.520446777,-648.642150879,-542.502563477,-1361.43652344,-791.907470703,-133.735855103,481.841247559,338.519165039],[-585.853942871,1297.81628418,-472.346832275,-55.1703987122,204.803619385,-122.676506042,93.8949966431,-141.536758423,170.535964966,-182.649276733,132.589675903,-85.6957321167,105.978256226],[360.264526367,-472.346832275,557.162719727,28.2308197021,-28.3340492249,84.7862930298,-34.630027771,34.8436393738,-134.708297729,58.8016700745,-82.7613220215,77.0118103027,-4.18312120438],[1551.46374512,-55.1703987122,28.2308197021,290.453948975,-63.8897476196,51.4206199646,-10.5964775085,-52.0882835388,-55.7493629456,-57.2143363953,29.1059265137,6.5898141861,57.1625328064],[-629.362609863,204.803619385,-28.3340492249,-63.8897476196,183.405792236,20.1033611298,68.7472305298,-33.4096069336,2.81343650818,-42.6074333191,21.3610267639,39.5204772949,35.8541526794],[717.520446777,-122.676506042,84.7862930298,51.4206199646,20.1033611298,131.888183594,16.189031601,0.276940226555,-71.3569869995,-30.6537151337,-0.997559964657,42.8187217712,20.5402565002],[-648.642150879,93.8949966431,-34.630027771,-10.5964775085,68.7472305298,16.189031601,112.299674988,16.4249954224,44.1420860291,-11.568072319,19.895658493,-7.31170654297,7.86740255356],[-542.502563477,-141.536758423,34.8436393738,-52.0882835388,-33.4096069336,0.276940226555,16.4249954224,149.830780029,84.7469406128,92.7076034546,-36.3883552551,-84.313079834,-89.7944641113],[-1361.43652344,170.535964966,-134.708297729,-55.7493629456,2.81343650818,-71.3569869995,44.1420860291,84.7469406128,209.908111572,81.9185028076,17.9111366272,-128.902236938,-75.1671142578],[-791.907470703,-182.649276733,58.8016700745,-57.2143363953,-42.6074333191,-30.6537151337,-11.568072319,92.7076034546,81.9185028076,142.905975342,-20.53399086,-56.5306854248,-83.0850143433],[-133.735855103,132.589675903,-82.7613220215,29.1059265137,21.3610267639,-0.997559964657,19.895658493,-36.3883552551,17.9111366272,-20.53399086,72.305809021,22.8523406982,38.2599105835],[481.841247559,-85.6957321167,77.0118103027,6.5898141861,39.5204772949,42.8187217712,-7.31170654297,-84.313079834,-128.902236938,-56.5306854248,22.8523406982,162.989959717,92.6332244873],[338.519165039,105.978256226,-4.18312120438,57.1625328064,35.8541526794,20.5402565002,7.86740255356,-89.7944641113,-75.1671142578,-83.0850143433,38.2599105835,92.6332244873,132.513824463]],"icov":[[0.000120928329125,-0.000269813084742,0.000136715447297,-0.00060852029128,0.000313133234158,-0.000431459746324,0.000416124123149,-0.000245279836236,0.000627550354693,0.0000608793961874,0.000507404096425,-0.000472318031825,0.000542729976587],[-0.000269813084742,0.00364979333244,-0.0000324377979268,0.00247652106918,-0.00294711254537,0.00241442560218,-0.000268695701379,0.00199911720119,-0.00322835706174,0.00386437820271,-0.00424769474193,0.00487642036751,-0.00309598888271],[0.000136715447297,-0.0000324377979268,0.00368125853129,-0.00141375837848,-0.000258993211901,-0.00142134656198,0.000235010797041,-0.000521561014466,0.00238155946136,-0.00292902253568,0.00402452703565,-0.00144674244802,-0.000310427247314],[-0.00060852029128,0.00247652106918,-0.00141375837848,0.00947728473693,0.000661048921756,0.000449936051155,-0.00274071679451,0.00361230270937,-0.00265431241132,0.00212022475898,-0.00682691065595,0.00775663834065,-0.00582445412874],[0.000313133234158,-0.00294711254537,-0.000258993211901,0.000661048921756,0.0124404421076,-0.00417304225266,-0.00446969177574,0.0010822849581,0.000927102111746,-0.000674662413076,0.00347786745988,-0.00523806596175,0.00230367528275],[-0.000431459746324,0.00241442560218,-0.00142134656198,0.000449936051155,-0.00417304225266,0.015224173665,-0.00302637531422,-0.00371167855337,0.00199883547612,0.00407246500254,-0.00628669001162,0.00254853698425,-0.000913066091016],[0.000416124123149,-0.000268695701379,0.000235010797041,-0.00274071679451,-0.00446969177574,-0.00302637531422,0.0167649909854,-0.00449790526181,-0.00320037011988,0.00425600726157,-0.000559622480068,-0.00244024512358,0.000697297917213],[-0.000245279836236,0.00199911720119,-0.000521561014466,0.00361230270937,0.0010822849581,-0.00371167855337,-0.00449790526181,0.020394127816,-0.00540280109271,-0.00496449600905,0.00264443736523,0.00630066171288,0.000476819404867],[0.000627550354693,-0.00322835706174,0.00238155946136,-0.00265431241132,0.000927102111746,0.00199883547612,-0.00320037011988,-0.00540280109271,0.0254593864083,-0.00943193770945,-0.0039151632227,0.0078082815744,0.0023670794908],[0.0000608793961874,0.00386437820271,-0.00292902253568,0.00212022475898,-0.000674662413076,0.00407246500254,0.00425600726157,-0.00496449600905,-0.00943193770945,0.0255064312369,-0.00739469612017,-0.000403857906349,0.00474090036005],[0.000507404096425,-0.00424769474193,0.00402452703565,-0.00682691065595,0.00347786745988,-0.00628669001162,-0.000559622480068,0.00264443736523,-0.0039151632227,-0.00739469612017,0.033439591527,-0.013554148376,-0.00000560411035622],[-0.000472318031825,0.00487642036751,-0.00144674244802,0.00775663834065,-0.00523806596175,0.00254853698425,-0.00244024512358,0.00630066171288,0.0078082815744,-0.000403857906349,-0.013554148376,0.0297366678715,-0.0133463554084],[0.000542729976587,-0.00309598888271,-0.000310427247314,-0.00582445412874,0.00230367528275,-0.000913066091016,0.000697297917213,0.000476819404867,0.0023670794908,0.00474090036005,-0.00000560411035622,-0.0133463554084,0.0245851166546]],"mean":[-37.593963623,69.012008667,-81.7110137939,71.8459625244,-63.0773277283,16.025396347,-43.5281906128,17.7320995331,-14.6100254059,6.7219786644,-14.047085762,-6.80917978287,-18.8513126373]},"hfc":{"dmean":10.425195694,"dmean2":15.9123220444,"dvar":596.37677002,"dvar2":1364.36535645,"max":458.567687988,"mean":28.8265953064,"median":15.9994001389,"min":1.12171024723e-16,"var":1672.98205566},"melbands":{"dmean":[0.0026383344084,0.00524229975417,0.00198478880338,0.00068011431722,0.000338626297889,0.0001329309016,0.0000709493324393,0.0000608910704614,0.000055005595641,0.0000180187362275,0.00002577408668,0.0000098160790003,0.00000594894481765,0.0000105249346234,0.0000154800272867,0.0000106241404865,0.0000103387455965,0.00000531846080776,0.00000318306820191,0.00000614985992797,0.00000772695875639,0.00000829190412333,0.00000787984208728,0.00000684881570123,0.00000724926485418,0.00000703937894286,0.00000506826972924,0.00000603413673161,0.00000413310408476,0.00000386095825888,0.00000446562944489,0.00000480779908685,0.00000381177619602,0.00000515828924108,0.00000452949143437,0.00000462102707388,0.00000417925230067,0.00000317257081406,0.00000219209027819,0.00000206403956327],"dmean2":[0.00447230646387,0.00912713259459,0.00350857386366,0.00117397611029,0.000547158182599,0.000222710717935,0.000120471697301,0.0000963311613305,0.0000879927829374,0.0000297312581097,0.0000420900069003,0.0000168701608345,0.0000104653145172,0.0000165595301951,0.0000249768072536,0.0000169147406268,0.0000169144914253,0.00000905971683096,0.00000528023838342,0.0000103698957901,0.0000130524676933,0.0000134249912662,0.0000126866034407,0.0000116137371151,0.0000120063605209,0.0000114981685329,0.00000841165274323,0.00000983135032584,0.00000676285344525,0.0000062376338974,0.00000733677916287,0.00000798294422566,0.00000627495865047,0.00000825252482173,0.00000717734747013,0.0000076167852967,0.00000694247773936,0.00000495169888381,0.00000337300980391,0.00000316512728205],"dvar":[0.0000234702019952,0.0000922988983802,0.0000171057181433,0.00000206224035537,2.38889867887e-7,4.9092758303e-8,1.97021385873e-8,7.24762427851e-9,5.43024825106e-9,3.8429726068e-9,2.61099550869e-8,1.91568672037e-9,2.56012128164e-10,2.03952676969e-9,8.53756887409e-9,3.28188431986e-9,7.1172312488e-9,1.49014978135e-9,3.6653360902e-11,1.01358976767e-10,2.4264371068e-10,8.80683970195e-10,4.55932347432e-10,1.47111434146e-10,1.74249656371e-10,2.32809577172e-10,1.06530478883e-10,1.36384861738e-10,6.12523851085e-11,1.01220955229e-10,1.36126471206e-10,1.55625942688e-10,1.56819626729e-10,2.64644861581e-10,1.71147471195e-10,1.60966462381e-10,1.30405922172e-10,5.83577700053e-11,3.29003699284e-11,3.09595474257e-11],"dvar2":[0.0000606704234087,0.000258466374362,0.000047899204219,0.00000554958342036,6.20960861397e-7,1.34916291472e-7,5.65777895645e-8,1.83000015141e-8,1.35198936491e-8,8.5168911923e-9,7.21492696698e-8,5.33318944562e-9,6.73881783708e-10,3.38962569124e-9,2.1487666757e-8,6.63633548115e-9,1.75814864889e-8,4.52183757105e-9,8.68332419857e-11,2.64021138285e-10,6.35347163769e-10,2.02561545315e-9,1.09463582643e-9,3.80865117222e-10,4.25527418857e-10,5.48535161737e-10,2.7682131587e-10,3.19661769277e-10,1.57843696447e-10,2.65601346472e-10,3.58508694953e-10,4.17461260005e-10,4.16835121975e-10,6.39082620157e-10,3.81592618615e-10,3.92580412623e-10,2.7764418542e-10,1.22031412753e-10,7.12318745655e-11,7.06557590213e-11],"max":[0.0340055562556,0.0756464153528,0.0411485172808,0.0242364890873,0.00557321123779,0.00384321133606,0.00271424138919,0.0011679942254,0.00134401442483,0.00205278838985,0.00623407401145,0.00196258467622,0.000396367104258,0.00245951442048,0.00412948522717,0.00191607850138,0.00437849806622,0.00154238287359,0.000139331197715,0.000236278632656,0.000435162015492,0.000844540132675,0.000538190128282,0.000267055816948,0.000315239361953,0.000358565041097,0.000219223031309,0.000243312970269,0.000152052642079,0.000240400971961,0.000264182919636,0.000283418688923,0.000279803294688,0.000445527082775,0.000370772002498,0.00028924405342,0.000325009052176,0.000210361002246,0.000149554485688,0.000127768522361],"mean":[0.00307078822516,0.00661905948073,0.00220611202531,0.000876869133208,0.000590120558627,0.000226446034503,0.000126915474539,0.000122504337924,0.000117712676001,0.0000263210349658,0.0000339614816767,0.0000133021303554,0.00000784987696534,0.0000155783818627,0.0000238731790887,0.0000164033881447,0.0000161814332387,0.00000822603851702,0.00000543681835552,0.0000119326641652,0.0000146464681166,0.0000158603979798,0.0000146649554154,0.0000132328241307,0.0000143376873893,0.0000128675474116,0.00000961088244367,0.0000118345387818,0.00000865887341206,0.00000820153400127,0.00000927034670894,0.00000950373578235,0.00000726108555682,0.00000971271492745,0.00000893358264875,0.0000084443599917,0.0000074461308941,0.00000647304250379,0.0000045950691856,0.00000398795600631],"median":[0.00141604756936,0.00414232816547,0.0011801837245,0.000398868927732,0.000340976344887,0.000141261785757,0.0000858828716446,0.0000838471751194,0.0000769209800637,0.0000136658181873,0.0000054483407439,0.00000436543450633,0.00000382453436032,0.00000524024562765,0.00000518311571795,0.00000466351411887,0.00000454941255157,0.00000244558896156,0.00000335337404067,0.00000967522646533,0.0000106324614535,0.00000588753255215,0.00000480423068439,0.0000075500956882,0.00000828161682875,0.00000610391180089,0.00000475819342682,0.00000520670118931,0.00000416816328652,0.00000381286417905,0.00000406230128647,0.00000389170963899,0.00000281543248093,0.00000271862927548,0.00000276513424069,0.00000251166466114,0.00000213669022742,0.00000190907121578,0.00000119439619084,7.2481884672e-7],"min":[3.04185987788e-24,4.09135529859e-24,8.49516104679e-24,8.58850459112e-24,9.97704020155e-24,7.78731142337e-24,6.69559261714e-24,1.43014833872e-23,1.31899815272e-23,8.61117645354e-24,7.11785487135e-24,1.12768344822e-23,1.58615394466e-23,4.03994444453e-24,1.49790202415e-23,1.88842540647e-23,1.39230920546e-23,1.88689233419e-23,1.63318251861e-23,9.47940465443e-24,1.32726683496e-23,1.37906423086e-23,1.12228677188e-23,6.46919860924e-24,4.66631183619e-24,5.91329030148e-24,9.59176605747e-24,1.09111461766e-23,1.08400390435e-23,8.134629525e-24,1.04227915781e-23,1.16246077565e-23,1.40978689213e-23,1.38892341445e-23,1.09209911607e-23,1.53100310105e-23,1.05999302943e-23,7.21839598258e-24,6.80765819733e-24,8.79595134337e-24],"var":[0.0000229512497754,0.0000826299801702,0.0000132358609335,0.0000023460279408,5.51193352294e-7,9.28252035237e-8,3.13929646722e-8,1.6428719718e-8,1.56381165795e-8,5.16546494467e-9,3.75148232479e-8,2.59647725542e-9,3.25717119942e-10,4.64714400294e-9,1.67550933128e-8,6.36862962367e-9,9.91776349935e-9,2.66228217249e-9,8.57084472838e-11,1.97658847623e-10,4.68442618029e-10,2.47552134347e-9,1.25349808311e-9,3.94585863983e-10,4.35079056116e-10,5.60110957615e-10,2.33495583979e-10,3.87216092523e-10,1.7031064059e-10,1.7934936869e-10,2.70072547659e-10,2.66636962509e-10,2.05194333747e-10,4.79849771029e-10,3.91004312261e-10,3.15367842951e-10,3.36426747571e-10,1.81126544319e-10,9.64476692955e-11,7.92669610505e-11]},"melbands_crest":{"dmean":3.35341787338,"dmean2":5.52768135071,"dvar":8.66824054718,"dvar2":23.4631004333,"max":39.3088226318,"mean":18.2854042053,"median":17.9979934692,"min":1.79831957817,"var":29.375207901},"melbands_flatness_db":{"dmean":0.0313096642494,"dmean2":0.0505620166659,"dvar":0.000862890214194,"dvar2":0.00222925981507,"max":0.419532209635,"mean":0.228153720498,"median":0.227863162756,"min":0.00584746245295,"var":0.00333571992815},"melbands_kurtosis":{"dmean":25.0579090118,"dmean2":41.3630752563,"dvar":1497.54541016,"dvar2":3996.09130859,"max":693.045410156,"mean":48.8111839294,"median":31.0870323181,"min":-1.81064689159,"var":3995.71630859},"melbands_skewness":{"dmean":1.34491753578,"dmean2":2.14763879776,"dvar":2.02825546265,"dvar2":5.13299894333,"max":22.8288326263,"mean":5.24050092697,"median":4.93020629883,"min":-2.05079269409,"var":8.78170585632},"melbands_spread":{"dmean":6.38801193237,"dmean2":10.0891895294,"dvar":94.987953186,"dvar2":215.204925537,"max":217.42338562,"mean":17.8309059143,"median":12.4582080841,"min":0.668858170509,"var":408.125152588},"mfcc":{"cov":[[22340.9570313,413.374450684,1002.82098389,661.958679199,16.0728149414,455.304779053,416.175567627,415.71673584,-408.545928955,-781.397033691,-1157.95996094,-650.058349609,-127.911659241],[413.374450684,1105.32055664,-342.016326904,63.9693603516,56.0205078125,13.2592096329,-66.950378418,54.1498336792,-28.6220664978,-53.0897407532,-22.8936233521,30.301618576,-42.2311897278],[1002.82098389,-342.016326904,438.407470703,46.6128425598,3.31739974022,3.46288895607,38.4563026428,-33.5266151428,9.17370128632,10.9794855118,-60.0148200989,-52.5681762695,25.979845047],[661.958679199,63.9693603516,46.6128425598,174.52835083,-5.34305238724,20.3425483704,-14.558344841,-8.02836418152,-13.8486881256,1.62834119797,-16.5832939148,-1.87517940998,3.58845090866],[16.0728149414,56.0205078125,3.31739974022,-5.34305238724,70.9466552734,20.694070816,15.262597084,9.5680103302,4.49391412735,-0.609715402126,-1.48122024536,-1.91214418411,-3.40960884094],[455.304779053,13.2592096329,3.46288895607,20.3425483704,20.694070816,100.760375977,60.0756340027,47.3578453064,-13.5357313156,-56.8582115173,-69.5407180786,-38.2780380249,5.13684082031],[416.175567627,-66.950378418,38.4563026428,-14.558344841,15.262597084,60.0756340027,118.555755615,65.8762130737,6.50360012054,-45.3838577271,-74.4503555298,-49.3318214417,8.41068553925],[415.71673584,54.1498336792,-33.5266151428,-8.02836418152,9.5680103302,47.3578453064,65.8762130737,97.0246124268,3.59803509712,-45.2852210999,-59.0517044067,-34.4160423279,-7.28168916702],[-408.545928955,-28.6220664978,9.17370128632,-13.8486881256,4.49391412735,-13.5357313156,6.50360012054,3.59803509712,63.811252594,50.9233932495,37.3290214539,13.4966659546,0.905726373196],[-781.397033691,-53.0897407532,10.9794855118,1.62834119797,-0.609715402126,-56.8582115173,-45.3838577271,-45.2852210999,50.9233932495,146.221847534,134.189880371,70.6223297119,-1.51633727551],[-1157.95996094,-22.8936233521,-60.0148200989,-16.5832939148,-1.48122024536,-69.5407180786,-74.4503555298,-59.0517044067,37.3290214539,134.189880371,211.636505127,117.577720642,-4.23775005341],[-650.058349609,30.301618576,-52.5681762695,-1.87517940998,-1.91214418411,-38.2780380249,-49.3318214417,-34.4160423279,13.4966659546,70.6223297119,117.577720642,107.710746765,10.79296875],[-127.911659241,-42.2311897278,25.979845047,3.58845090866,-3.40960884094,5.13684082031,8.41068553925,-7.28168916702,0.905726373196,-1.51633727551,-4.23775005341,10.79296875,45.682258606]],"icov":[[0.0000925722779357,-0.000059376914578,-0.000254034996033,-0.000234661565628,0.0000630970898783,0.0000153984601639,-0.0000630109134363,-0.000263310124865,0.000373127637431,0.0000776476954343,0.000247962510912,-0.000064820094849,0.000373322807718],[-0.000059376914578,0.00164774688892,0.00133497815114,-0.000706798979081,-0.00167595932726,0.000432234955952,0.00141403416637,-0.000822581059765,-0.000435216177721,0.000139143012348,0.00110588944517,-0.00096110854065,0.000431075633969],[-0.000254034996033,0.00133497815114,0.00477007729933,-0.000796910899226,-0.00170444045216,0.000949918467086,-0.000725446385331,0.002485597739,-0.00128654495347,-0.00179523450788,0.00153305009007,0.00103675376158,-0.00196843617596],[-0.000234661565628,-0.000706798979081,-0.000796910899226,0.00787607766688,0.00155908952001,-0.00331164873205,0.00191204214934,0.000813031976577,0.000789534475189,-0.00255453796126,0.000487186945975,-0.000319560611388,-0.00118937448133],[0.0000630970898783,-0.00167595932726,-0.00170444045216,0.00155908952001,0.0173663962632,-0.0046843024902,-0.00228954828344,0.00122626509983,-0.000399047014071,-0.000645818072371,-0.00162301701494,0.000106691863039,0.00172481092159],[0.0000153984601639,0.000432234955952,0.000949918467086,-0.00331164873205,-0.0046843024902,0.0193452294916,-0.00598446885124,-0.00308581884019,0.00130669784267,0.00348067702726,0.000983640784398,0.0000818694970803,-0.00159085658379],[-0.0000630109134363,0.00141403416637,-0.000725446385331,0.00191204214934,-0.00228954828344,-0.00598446885124,0.0215105358511,-0.0105310166255,-0.00306606641971,-0.000597905949689,0.00201328564435,0.00220373668708,-0.00403674365953],[-0.000263310124865,-0.000822581059765,0.002485597739,0.000813031976577,0.00122626509983,-0.00308581884019,-0.0105310166255,0.0232305452228,-0.0054761567153,0.00206290767528,0.00137977430131,-0.00114732002839,0.00368128111586],[0.000373127637431,-0.000435216177721,-0.00128654495347,0.000789534475189,-0.000399047014071,0.00130669784267,-0.00306606641971,-0.0054761567153,0.02754082717,-0.0115285282955,0.000370349182049,0.00284106703475,-0.000738619884942],[0.0000776476954343,0.000139143012348,-0.00179523450788,-0.00255453796126,-0.000645818072371,0.00348067702726,-0.000597905949689,0.00206290767528,-0.0115285282955,0.0245188884437,-0.0117953373119,-0.000807072094176,0.00170589552727],[0.000247962510912,0.00110588944517,0.00153305009007,0.000487186945975,-0.00162301701494,0.000983640784398,0.00201328564435,0.00137977430131,0.000370349182049,-0.0117953373119,0.0245732609183,-0.0161237884313,0.00611416203901],[-0.000064820094849,-0.00096110854065,0.00103675376158,-0.000319560611388,0.000106691863039,0.0000818694970803,0.00220373668708,-0.00114732002839,0.00284106703475,-0.000807072094176,-0.0161237884313,0.0291834268719,-0.0106981480494],[0.000373322807718,0.000431075633969,-0.00196843617596,-0.00118937448133,0.00172481092159,-0.00159085658379,-0.00403674365953,0.00368128111586,-0.000738619884942,0.00170589552727,0.00611416203901,-0.0106981480494,0.0293506998569]],"mean":[-677.098205566,79.2975006104,40.2155303955,49.0557289124,17.5236492157,5.48681163788,-3.96868348122,3.69597101212,-0.312270611525,7.76192331314,8.65557479858,10.8684482574,1.17802631855]},"pitch_salience":{"dmean":0.0815022811294,"dmean2":0.135967850685,"dvar":0.00593724753708,"dvar2":0.0165961571038,"max":0.787731289864,"mean":0.478899180889,"median":0.477124810219,"min":0.0455987527966,"var":0.0151774715632},"silence_rate_20dB":{"dmean":0,"dmean2":0,"dvar":0,"dvar2":0,"max":1,"mean":1,"median":1,"min":1,"var":0},"silence_rate_30dB":{"dmean":0.100896283984,"dmean2":0.201844260097,"dvar":0.0907179415226,"dvar2":0.195945009589,"max":1,"mean":0.913722455502,"median":1,"min":0,"var":0.0788350328803},"silence_rate_60dB":{"dmean":0.00921894982457,"dmean2":0.0184426233172,"dvar":0.00913425069302,"dvar2":0.0201519839466,"max":1,"mean":0.189708143473,"median":0,"min":0,"var":0.153712630272},"spectral_centroid":{"dmean":284.299377441,"dmean2":445.191101074,"dvar":90667.4609375,"dvar2":193327.015625,"max":10757.8466797,"mean":1426.84228516,"median":1242.62548828,"min":255.031341553,"var":540245.875},"spectral_complexity":{"dmean":3.62868118286,"dmean2":5.93954896927,"dvar":24.0551567078,"dvar2":58.8945236206,"max":55,"mean":14.3230924606,"median":13,"min":0,"var":112.172073364},"spectral_contrast_coeffs":{"dmean":[0.0519009307027,0.0446796603501,0.0313872769475,0.0262481290847,0.0181521754712,0.0163840148598],"dmean2":[0.0882765352726,0.0740499421954,0.0530518405139,0.0436072163284,0.0298162400723,0.0264278929681],"dvar":[0.00189296086319,0.0013455611188,0.000668998458423,0.000444662291557,0.000213614970562,0.000280756066786],"dvar2":[0.00536850746721,0.00375961605459,0.00187964073848,0.00123125256505,0.000559795589652,0.000652978778817],"max":[-0.43797442317,-0.49972012639,-0.488723784685,-0.592928826809,-0.638360977173,-0.613508999348],"mean":[-0.662959516048,-0.731920957565,-0.842250466347,-0.815337061882,-0.804454445839,-0.778810381889],"median":[-0.652547001839,-0.73314756155,-0.848404526711,-0.815955281258,-0.806727409363,-0.77520775795],"min":[-0.974132418633,-0.951804161072,-0.974846601486,-0.959588050842,-0.959679841995,-0.957466721535],"var":[0.00698448112234,0.00518718268722,0.00276932842098,0.00171766115818,0.00169883132912,0.00169615645427]},"spectral_contrast_valleys":{"dmean":[0.437442272902,0.3391956985,0.360570728779,0.277742296457,0.215942502022,0.263133466244],"dmean2":[0.71689760685,0.564332306385,0.599436402321,0.450118482113,0.342880725861,0.384428113699],"dvar":[0.156719699502,0.107698127627,0.146042376757,0.0904755070806,0.0785678550601,0.172527134418],"dvar2":[0.345521658659,0.227133512497,0.334308683872,0.172821313143,0.139841079712,0.349026560783],"max":[-4.94642925262,-5.16020441055,-5.89236879349,-6.02177476883,-5.75957632065,-6.89540290833],"mean":[-7.16499185562,-7.23896360397,-8.44301795959,-8.46100711823,-7.74434185028,-9.75887966156],"median":[-6.56911182404,-6.64920425415,-7.83898639679,-7.90899419785,-7.1878118515,-9.24903774261],"min":[-26.7337188721,-27.2632389069,-26.9066581726,-27.3790454865,-27.2286720276,-27.2515773773],"var":[2.82143092155,2.47899651527,2.64745044708,2.38596081734,2.55985784531,3.25228714943]},"spectral_decrease":{"dmean":6.17095263777e-9,"dmean2":1.0490782465e-8,"dvar":1.22853566026e-16,"dvar2":3.25178860127e-16,"max":-7.91276081557e-29,"mean":-1.02154089632e-8,"median":-7.65244489997e-9,"min":-7.98915777978e-8,"var":1.34859212497e-16},"spectral_energy":{"dmean":0.023878345266,"dmean2":0.0405303388834,"dvar":0.00182921288069,"dvar2":0.00484256213531,"max":0.308862447739,"mean":0.04117000103,"median":0.0317267552018,"min":1.04728949614e-20,"var":0.00206102011725},"spectral_energyband_high":{"dmean":0.00098294718191,"dmean2":0.00145812274422,"dvar":0.00000708128891347,"dvar2":0.0000156983587658,"max":0.0469190254807,"mean":0.00257367012091,"median":0.000985053135082,"min":7.64277565936e-21,"var":0.0000204601437872},"spectral_energyband_low":{"dmean":0.0207641851157,"dmean2":0.0353916026652,"dvar":0.00140041194391,"dvar2":0.00371573516168,"max":0.280681759119,"mean":0.028004784137,"median":0.0177935454994,"min":3.31741096422e-23,"var":0.00140575144906},"spectral_energyband_middle_high":{"dmean":0.000733928987756,"dmean2":0.00117271661293,"dvar":0.0000031836477774,"dvar2":0.00000763440766605,"max":0.0484614670277,"mean":0.00203542341478,"median":0.00111940875649,"min":1.63641710076e-21,"var":0.0000123790359794},"spectral_energyband_middle_low":{"dmean":0.00637147435918,"dmean2":0.0110154636204,"dvar":0.000150537016452,"dvar2":0.000416767084971,"max":0.123502649367,"mean":0.010988207534,"median":0.00825075060129,"min":2.95707375465e-22,"var":0.000156704409164},"spectral_entropy":{"dmean":0.132587388158,"dmean2":0.207723036408,"dvar":0.0167121812701,"dvar2":0.0398999042809,"max":9.80030536652,"mean":7.84361743927,"median":7.89445066452,"min":6.54258775711,"var":0.127842068672},"spectral_flux":{"dmean":0.036230172962,"dmean2":0.057443536818,"dvar":0.0028714465443,"dvar2":0.00575941894203,"max":0.470594644547,"mean":0.0999237596989,"median":0.0833384394646,"min":1.02337166519e-10,"var":0.00698171230033},"spectral_kurtosis":{"dmean":0.617771267891,"dmean2":1.04951143265,"dvar":0.594609498978,"dvar2":1.76207196712,"max":11.794549942,"mean":1.62672305107,"median":1.22199177742,"min":-1.17878210545,"var":2.13181734085},"spectral_rms":{"dmean":0.00143365853,"dmean2":0.00235189404339,"dvar":0.00000427977511208,"dvar2":0.0000109197044367,"max":0.0173588376492,"mean":0.00537589332089,"median":0.00556353572756,"min":3.1964758531e-12,"var":0.0000112657698992},"spectral_rolloff":{"dmean":606.338317871,"dmean2":1017.25695801,"dvar":1510213.875,"dvar2":3351968.5,"max":18884.6191406,"mean":1404.28039551,"median":538.330078125,"min":21.533203125,"var":4777625},"spectral_skewness":{"dmean":0.116029679775,"dmean2":0.184538468719,"dvar":0.0126678906381,"dvar2":0.0320601016283,"max":2.35260367393,"mean":1.04629015923,"median":1.01795506477,"min":0.00174633401912,"var":0.0975413843989},"spectral_spread":{"dmean":541203,"dmean2":795890.0625,"dvar":629245804544,"dvar2":1007910387710,"max":40183400,"mean":6416478,"median":6470490,"min":2368465.25,"var":3002921123840},"spectral_strongpeak":{"dmean":0.228651076555,"dmean2":0.393691211939,"dvar":0.128948286176,"dvar2":0.34914535284,"max":7.89691972733,"mean":0.45968541503,"median":0.388149678707,"min":0,"var":0.15177616477},"zerocrossingrate":{"dmean":0.0123507026583,"dmean2":0.0148427998647,"dvar":0.0002128812921,"dvar2":0.000278985011391,"max":0.52490234375,"mean":0.0695468261838,"median":0.054443359375,"min":0.0009765625,"var":0.00250598369166}},"metadata":{"audio_properties":{"analysis_sample_rate":44100,"bit_rate":192000,"codec":"mp3","downmix":"mix","equal_loudness":0,"length":90.6710205078,"lossless":false,"md5_encoded":"7a4b4bf2a375120d03a4d1d5e229b4bf","replay_gain":-2.456823349,"sample_rate":44100},"tags":{"album":["Ozma"],"albumartist":["Melvins"],"albumartistsort":["Melvins"],"artist":["Melvins"],"artistsort":["Melvins"],"contentgroup":["Rock"],"date":["1988"],"discnumber":["1/1"],"file_name":"11 - Ever Since My Accident.mp3","genre":["Rock","Grunge","Stoner Rock","Sludge Metal","Experimental","Alternative"],"language":["eng"],"musicbrainz album release country":["US"],"musicbrainz album status":["official"],"musicbrainz album type":["album"],"musicbrainz_albumartistid":["9ccfbc94-a4f4-42f7-b6f5-d903ab77cccb"],"musicbrainz_albumid":["2d187c12-c53d-4d66-a40b-8e73df68c12b"],"musicbrainz_artistid":["9ccfbc94-a4f4-42f7-b6f5-d903ab77cccb"],"musicbrainz_recordingid":["a5dc6451-b8c3-4da0-84f1-953074578d41"],"musicip_puid":["065dc946-eaaa-f757-c1c9-3d8a5a9ebc60"],"script":["Latn"],"title":["Ever Since My Accident"],"tracknumber":["11/17"]},"version":{"essentia":"2.1-beta2","essentia_build_sha":"2d9f1f26377add8aeb1075a9c2973f962c4f09fd","essentia_git_sha":"v2.1_beta2-1-ge3940c0","extractor":"music 1.0"}},"rhythm":{"beats_count":192,"beats_loudness":{"dmean":0.0311992857605,"dmean2":0.055878855288,"dvar":0.00110068381764,"dvar2":0.0031863367185,"max":0.208750650287,"mean":0.0640375465155,"median":0.064959436655,"min":0.00000101528758023,"var":0.00204636645503},"beats_loudness_band_ratio":{"dmean":[0.177058175206,0.0884247422218,0.0420129150152,0.0088116787374,0.0131061840802,0.0881371051073],"dmean2":[0.309122055769,0.162522479892,0.0714760646224,0.0160394012928,0.0227210242301,0.160085693002],"dvar":[0.0309945456684,0.0116708241403,0.00380187411793,0.000258836051216,0.000228234610404,0.0176723916084],"dvar2":[0.079698048532,0.0329322144389,0.0091788507998