{"lowlevel":{"average_loudness":0.971051156521,"barkbands":{"dmean":[0.00738740572706,0.0147428121418,0.0059332610108,0.00251085008495,0.00166282313876,0.00119082618039,0.000689569103997,0.000631675065961,0.000636484706774,0.000672598718666,0.000817159947474,0.00112111005001,0.000733365130145,0.000596829515416,0.000548926880583,0.000359191326424,0.000299404811813,0.000332944095135,0.000277763640042,0.000159311792231,0.0000927218134166,0.0000408070045523,0.0000223186034418,0.0000091917509053,0.00000353023233401,0.0000161274929269,0.000675205665175],"dmean2":[0.0126354908571,0.0251474454999,0.0100871389732,0.00407979218289,0.00282369973138,0.00189970515203,0.00112262344919,0.00103545864113,0.00103418831713,0.00108550244477,0.00134430418257,0.00185385136865,0.00121793814469,0.000991089036688,0.00091207906371,0.000606556772254,0.000489269965328,0.000538969761692,0.000446440768428,0.0002531541395,0.000145283192978,0.0000645111795166,0.0000353244286089,0.0000145086696648,0.0000059072053773,0.0000251187284448,0.00102280266583],"dvar":[0.000142577424413,0.000283712579403,0.000127091261675,0.0000173052540049,0.0000078633411249,0.00000655948269923,0.00000322906794281,0.00000305483740703,0.00000182412668437,0.00000140222402933,0.00000226624115385,0.00000255664031101,0.0000010146356999,6.38777237327e-7,3.51950916411e-7,1.47305001974e-7,1.31321058916e-7,1.82879091426e-7,2.29742809665e-7,8.09020974657e-8,1.77585448569e-8,2.86258194926e-9,1.03856889755e-9,1.51406942539e-10,2.15799426939e-11,4.66736371774e-10,4.32267029282e-7],"dvar2":[0.000368506967789,0.000776750617661,0.000340871105436,0.0000387211366615,0.0000207702778425,0.0000154040008056,0.00000793338222138,0.00000796758558863,0.00000459422381027,0.00000335708045895,0.00000580196774536,0.00000651311074762,0.00000272364718512,0.00000174320530277,9.42702286011e-7,4.06637838068e-7,3.37745802881e-7,4.58258767821e-7,5.43244709661e-7,1.88007660995e-7,4.10918836735e-8,6.88495704892e-9,2.52434739778e-9,3.61446067521e-10,5.65133322084e-11,1.09519981972e-9,0.00000101648652162],"max":[0.121577873826,0.173043265939,0.126244664192,0.0782071352005,0.0533213354647,0.0538969449699,0.0460245832801,0.0431642979383,0.0344944521785,0.0314441472292,0.0412731021643,0.0335473790765,0.0156246172264,0.0219417996705,0.00941720977426,0.00591290323064,0.00847052130848,0.00721848756075,0.0167453940958,0.00636479258537,0.00268760835752,0.000801989983302,0.000582461012527,0.000244392023887,0.000041140257963,0.000410115520936,0.0111533664167],"mean":[0.00727914366871,0.0214398466051,0.00601114099845,0.00340559380129,0.00207912176847,0.00181697495282,0.000897300546058,0.000821862427983,0.000903325970285,0.000982487923466,0.00123719102703,0.00188350165263,0.00125968409702,0.00108217820525,0.00107824290171,0.000687889405526,0.000580979336519,0.000608012662269,0.000482013856526,0.000300071260426,0.000196500739548,0.0000970185210463,0.0000501417089254,0.0000202085575438,0.00000380208052775,0.0000408515479648,0.00222092727199],"median":[0.00341805303469,0.0164238419384,0.00242627528496,0.00127540656831,0.00104938982986,0.000611547497101,0.000340373429935,0.00029984334833,0.000444489734946,0.000547793111764,0.000704311183654,0.00124478840735,0.000890502007678,0.000853323726915,0.000917764031328,0.000596316240262,0.000469937804155,0.000452394888271,0.000315861165291,0.000198926427402,0.000146972801303,0.000075292904512,0.0000347295208485,0.0000145838657772,0.00000202636738322,0.0000309214374283,0.00200650445186],"min":[5.94550461984e-25,7.01383803897e-24,1.4557329517e-24,3.47093946803e-24,1.17850265659e-23,1.4848462184e-23,2.05169531694e-23,1.23430746589e-23,2.0900885461e-23,2.89988203322e-23,3.55958053362e-23,2.26846309187e-23,4.17076976814e-23,2.0521310837e-23,7.16025125406e-23,5.88198609195e-23,5.66451922849e-23,1.35585297691e-22,1.55853141208e-22,2.09809018315e-22,2.68156061251e-22,3.24483860084e-22,4.50710086752e-22,6.65903364735e-22,9.37199370068e-22,1.36846167523e-21,1.95423903681e-21],"var":[0.000128186875372,0.000363567203749,0.000109291577246,0.0000355217380275,0.00000944403655012,0.0000184101991181,0.0000045221640903,0.00000432632077718,0.00000289445779345,0.00000229000897889,0.00000373689863409,0.000005016983323,0.0000017106777932,0.00000104268690393,6.95879009527e-7,2.58639374806e-7,2.50123804335e-7,3.26780678961e-7,3.99281447017e-7,1.53120396362e-7,3.8720955331e-8,7.96915688994e-9,2.68352629007e-9,4.03048372455e-10,2.39035978511e-11,1.45271261687e-9,0.00000209840413845]},"barkbands_crest":{"dmean":3.41824102402,"dmean2":5.64113283157,"dvar":7.6402349472,"dvar2":19.7377510071,"max":24.6844539642,"mean":10.9044885635,"median":10.3854694366,"min":2.69234752655,"var":18.2663593292},"barkbands_flatness_db":{"dmean":0.0285734254867,"dmean2":0.0453540794551,"dvar":0.000648809655104,"dvar2":0.00158618681598,"max":0.436475306749,"mean":0.120511241257,"median":0.111721105874,"min":0.0206940788776,"var":0.00192888651509},"barkbands_kurtosis":{"dmean":6.31728124619,"dmean2":9.93601036072,"dvar":339.857971191,"dvar2":753.217895508,"max":415.108459473,"mean":6.83917331696,"median":2.28754377365,"min":-1.5880907774,"var":411.044281006},"barkbands_skewness":{"dmean":0.871028125286,"dmean2":1.34315121174,"dvar":1.01071035862,"dvar2":2.09881520271,"max":17.3167686462,"mean":2.02970170975,"median":1.69248628616,"min":-2.66932559013,"var":2.51650500298},"barkbands_spread":{"dmean":12.4173145294,"dmean2":19.5342006683,"dvar":120.163574219,"dvar2":291.51260376,"max":104.200332642,"mean":41.3987197876,"median":39.9842185974,"min":0.428748995066,"var":376.270141602},"dissonance":{"dmean":0.00973694585264,"dmean2":0.0167686119676,"dvar":0.000106260857137,"dvar2":0.000292502809316,"max":0.500000119209,"mean":0.48627910018,"median":0.489987313747,"min":0.336097568274,"var":0.000155483314302},"dynamic_complexity":1.64393079281,"erbbands":{"dmean":[0.729177594185,2.60851550102,6.7720952034,7.11869525909,5.54937791824,6.5470495224,6.60904407501,10.9992599487,9.27545928955,12.0735254288,13.7090272903,14.2422819138,16.6340484619,25.5561752319,33.9582176208,43.5701637268,33.3833045959,25.3602733612,31.8637752533,23.9497451782,16.3769626617,16.6940670013,17.4804897308,16.5638008118,11.1380968094,7.26187610626,4.95893335342,2.9132142067,1.50763773918,1.08553159237,0.542441725731,0.251827597618,0.125040054321,0.0416666194797,0.0251825470477,0.0245902109891,0.0323953144252,0.0364999994636,0.0260421447456,0.0148441446945],"dmean2":[1.25751543045,4.36490058899,11.279173851,11.8083257675,9.20244312286,11.3230991364,10.8521776199,17.5160694122,14.8788166046,19.4147205353,22.2620754242,23.0526103973,26.8373699188,41.4401626587,55.49792099,71.8363037109,55.0337677002,41.6518173218,52.5609436035,39.9880981445,27.2066822052,27.2245159149,28.2828102112,26.6513252258,17.765127182,11.519613266,7.83870649338,4.59287166595,2.38424158096,1.72830784321,0.858294963837,0.3979383111,0.199340119958,0.0690562278032,0.0420436151326,0.0396102033556,0.0500778704882,0.0562256127596,0.0383671522141,0.0222339611501],"dvar":[0.938814222813,7.80095672607,135.714813232,126.920410156,73.0014572144,145.453933716,194.911331177,697.604797363,550.734619141,1358.80200195,1349.52880859,954.07598877,1002.21112061,2333.17578125,2931.41088867,3979.92114258,2232.12841797,1046.76196289,1370.10400391,637.627502441,332.972839355,414.908172607,510.762542725,560.046447754,401.704223633,183.242019653,64.580871582,15.189201355,3.8482735157,2.45079493523,0.588349997997,0.118608035147,0.0268824975938,0.00279218447395,0.0010657774983,0.000855579215568,0.00185650528874,0.00218783086166,0.00108955067117,0.00019893811259],"dvar2":[2.60700511932,20.3944034576,355.693328857,322.444793701,180.399169922,386.483520508,480.599273682,1628.36279297,1348.37927246,3305.00415039,3574.37963867,2384.72094727,2427.53808594,5713.43261719,7526.26855469,10193.3867188,5955.52636719,2807.81884766,3656.52539062,1764.36022949,898.696716309,1051.55834961,1283.76086426,1339.31079102,923.206176758,421.609710693,149.362991333,35.6457443237,9.35257148743,5.90757513046,1.42474222183,0.283749014139,0.0647795200348,0.00728774582967,0.00279535329901,0.0020770856645,0.00430606910959,0.00509818969294,0.00218576076441,0.000443438621005],"max":[10.3834943771,35.4547233582,124.892448425,197.529144287,136.496353149,240.217956543,556.635864258,671.912597656,815.253845215,1213.86206055,969.074768066,857.329772949,649.153808594,1243.67944336,1561.0769043,1525.49304199,859.200500488,719.149475098,614.317016602,334.215576172,416.507965088,448.609161377,413.076019287,600.356323242,538.7421875,386.067230225,161.497390747,69.4045562744,33.6273460388,28.1014156342,13.5690479279,7.19762849808,2.97728419304,0.476682007313,0.287711173296,0.566016018391,0.733585417271,0.939114868641,1.07933652401,0.248212635517],"mean":[0.898651897907,3.67119979858,7.6090965271,9.64447975159,7.7512254715,7.58100318909,9.26798057556,16.9506626129,13.0795059204,15.9601402283,19.0758914948,20.3520145416,25.0109367371,40.485004425,58.3967590332,76.0264892578,60.7445831299,51.3709754944,62.6063804626,50.1416473389,34.7998847961,33.8139915466,32.6226158142,29.3994197845,20.4217414856,13.9039354324,9.90012645721,6.41597318649,3.611130476,2.46310067177,1.24246263504,0.563929021358,0.258772790432,0.0565716065466,0.0287306141108,0.0507674962282,0.0830440372229,0.108105555177,0.0923906862736,0.0591136962175],"median":[0.580378651619,2.68656253815,3.53654503822,4.10643434525,3.7971842289,3.58604001999,3.68204283714,5.35660934448,5.05929374695,5.58106040955,7.86232662201,9.97747516632,13.4239091873,23.6445121765,38.3507423401,51.3390235901,43.8231735229,41.8566207886,52.0773086548,44.1858825684,30.7770786285,27.8254013062,24.8634243011,20.3381023407,13.459239006,9.13087749481,7.07537889481,4.92446660995,2.84878778458,1.73604106903,0.870021998882,0.403543621302,0.18522913754,0.0376007184386,0.0161872766912,0.0386233776808,0.0632718652487,0.0908695831895,0.0765688940883,0.0540344752371],"min":[9.64834884139e-23,1.97191941656e-21,3.88569667944e-21,1.03238045418e-20,1.77885788497e-20,5.25070956082e-20,8.31712140593e-20,1.52790159457e-19,2.42907428839e-19,4.42705564574e-19,5.43447529485e-19,4.85804362825e-19,7.95097481917e-19,1.38824967402e-18,1.89625820113e-18,1.35307474905e-18,2.1861479895e-18,1.67285129674e-18,2.22096774379e-18,3.78336902545e-18,5.62946782142e-18,3.83516542105e-18,6.88396952482e-18,5.78332796484e-18,9.59530337742e-18,8.9628609334e-18,1.01037133973e-17,1.25012732417e-17,9.75885352814e-18,1.36729332204e-17,1.30630000152e-17,1.17987065613e-17,1.14194508679e-17,8.10692752275e-18,7.91959262071e-18,4.9125768543e-18,2.22353407164e-18,1.06233637678e-18,2.52826694402e-19,3.02229662283e-20],"var":[0.984192013741,11.5077505112,131.467712402,207.802749634,121.823883057,158.162246704,468.188751221,2123.61376953,868.546630859,1852.94580078,2007.47106934,1578.05554199,1641.578125,3797.67553711,5439.96923828,7634.69042969,3883.87207031,1992.40258789,2631.76391602,1278.87207031,630.874267578,809.097839355,918.462341309,1030.60412598,751.059082031,347.432678223,127.441474915,35.7401390076,10.6384038925,6.22144126892,1.60081350803,0.31728759408,0.0668620988727,0.00353923090734,0.00120698090177,0.00209413655102,0.0059144445695,0.00791147071868,0.00552789308131,0.00116102199536]},"erbbands_crest":{"dmean":2.07053279877,"dmean2":3.46151781082,"dvar":4.26065635681,"dvar2":11.1825780869,"max":30.8705234528,"mean":6.79643106461,"median":6.07139587402,"min":2.48521232605,"var":8.24459934235},"erbbands_flatness_db":{"dmean":0.0168042816222,"dmean2":0.0259720738977,"dvar":0.000215264488361,"dvar2":0.00049786362797,"max":0.340895742178,"mean":0.125215396285,"median":0.122227989137,"min":0.0413845553994,"var":0.000982100958936},"erbbands_kurtosis":{"dmean":0.940273106098,"dmean2":1.49693119526,"dvar":1.24313831329,"dvar2":3.01315283775,"max":49.1100959778,"mean":0.929241001606,"median":0.678439855576,"min":-1.74831020832,"var":2.75647854805},"erbbands_skewness":{"dmean":0.332163065672,"dmean2":0.52316403389,"dvar":0.0976013839245,"dvar2":0.227018624544,"max":3.23769497871,"mean":-0.386033535004,"median":-0.427844494581,"min":-2.95544981956,"var":0.291182339191},"erbbands_spread":{"dmean":7.77080440521,"dmean2":11.9570322037,"dvar":57.9078903198,"dvar2":122.630584717,"max":103.489936829,"mean":30.5517234802,"median":28.0087909698,"min":1.35198199749,"var":190.227416992},"gfcc":{"cov":[[11052.3271484,135.123916626,-504.293640137,257.054290771,-43.1705551147,-263.502349854,344.703369141,-316.996002197,24.0643100739,-87.7287216187,-0.896915316582,33.6977462769,-142.474487305],[135.123916626,587.721130371,-17.4734210968,-214.819412231,77.7430953979,-49.0867767334,-41.2775802612,7.74955511093,-0.674494326115,-12.8980703354,57.2685165405,-45.184753418,55.6126213074],[-504.293640137,-17.4734210968,295.963684082,136.643478394,-28.0607967377,96.5543899536,-49.8182640076,55.6396141052,-16.8702049255,18.6380615234,-30.9264526367,-5.05654525757,-13.5169696808],[257.054290771,-214.819412231,136.643478394,322.936798096,7.49381446838,3.18715143204,39.0524864197,-1.54547595978,-27.3265075684,-14.0412244797,-59.8524703979,2.35568571091,-54.8739585876],[-43.1705551147,77.7430953979,-28.0607967377,7.49381446838,190.90713501,7.61518144608,32.819229126,-0.850535392761,11.2343196869,-19.0199356079,29.7165489197,-15.0840682983,39.8787651062],[-263.502349854,-49.0867767334,96.5543899536,3.18715143204,7.61518144608,173.953826904,5.78827190399,33.6348991394,-5.09698581696,8.34329032898,-6.33767032623,22.463842392,6.09991168976],[344.703369141,-41.2775802612,-49.8182640076,39.0524864197,32.819229126,5.78827190399,125.869110107,-0.6600253582,33.7167053223,0.487195551395,3.71864414215,13.4688091278,-7.59392595291],[-316.996002197,7.74955511093,55.6396141052,-1.54547595978,-0.850535392761,33.6348991394,-0.6600253582,105.285514832,22.3640804291,25.7305774689,2.27078175545,-17.4646205902,11.1156749725],[24.0643100739,-0.674494326115,-16.8702049255,-27.3265075684,11.2343196869,-5.09698581696,33.7167053223,22.3640804291,91.3495178223,37.1108169556,19.9863567352,9.88714027405,-2.26213145256],[-87.7287216187,-12.8980703354,18.6380615234,-14.0412244797,-19.0199356079,8.34329032898,0.487195551395,25.7305774689,37.1108169556,68.074836731,36.8645439148,13.5762367249,13.5742502213],[-0.896915316582,57.2685165405,-30.9264526367,-59.8524703979,29.7165489197,-6.33767032623,3.71864414215,2.27078175545,19.9863567352,36.8645439148,70.7631149292,29.1298923492,34.5176544189],[33.6977462769,-45.184753418,-5.05654525757,2.35568571091,-15.0840682983,22.463842392,13.4688091278,-17.4646205902,9.88714027405,13.5762367249,29.1298923492,61.8317565918,20.1725158691],[-142.474487305,55.6126213074,-13.5169696808,-54.8739585876,39.8787651062,6.09991168976,-7.59392595291,11.1156749725,-2.26213145256,13.5742502213,34.5176544189,20.1725158691,73.255859375]],"icov":[[0.000134016518132,-0.000203189963941,0.000379173143301,-0.000486759614432,0.000374527298845,-0.000206043216167,-0.000189167054486,0.00034693145426,-0.000225986499572,0.000222874281462,-0.000405663158745,0.000341058301274,-0.0000897819918464],[-0.000203189963941,0.0038115286734,-0.00300475093536,0.00354625890031,-0.0011692562839,0.00191923265811,-0.000622998806648,0.00000974642352958,0.000436873669969,0.00235168379731,-0.00284999399446,0.00261549162678,-0.000575713231228],[0.000379173143301,-0.00300475093536,0.0108548300341,-0.00835951976478,0.00370459002443,-0.00667270552367,0.0045502493158,-0.000849076197483,-0.00278101302683,-0.00056524813408,-0.0012093342375,0.00278264982626,-0.00227856286801],[-0.000486759614432,0.00354625890031,-0.00835951976478,0.014410527423,-0.00918050203472,0.00811393000185,-0.00416027847677,-0.00284332595766,0.00882135611027,-0.00839612074196,0.0130478851497,-0.0120927747339,0.00894550420344],[0.000374527298845,-0.0011692562839,0.00370459002443,-0.00918050203472,0.0169078633189,-0.00724175712094,-0.000779628695454,0.00483710411936,-0.0102392733097,0.0164970960468,-0.0205119475722,0.0198613628745,-0.0131704965606],[-0.000206043216167,0.00191923265811,-0.00667270552367,0.00811393000185,-0.00724175712094,0.0132113015279,-0.00309329852462,-0.00435720337555,0.00701818754897,-0.00666687637568,0.0108588645235,-0.0132453674451,0.00615446362644],[-0.000189167054486,-0.000622998806648,0.0045502493158,-0.00416027847677,-0.000779628695454,-0.00309329852462,0.013315862976,-0.00144894106779,-0.005356580019,0.00155146466568,-0.000417477829615,-0.00157960655633,0.000289295741823],[0.00034693145426,0.00000974642352958,-0.000849076197483,-0.00284332595766,0.00483710411936,-0.00435720337555,-0.00144894106779,0.016628773883,-0.00634267181158,0.00150781299453,-0.00661207688972,0.0139650246128,-0.00776823470369],[-0.000225986499572,0.000436873669969,-0.00278101302683,0.00882135611027,-0.0102392733097,0.00701818754897,-0.005356580019,-0.00634267181158,0.0252785552293,-0.0202368032187,0.0154810314998,-0.0167896524072,0.0125795705244],[0.000222874281462,0.00235168379731,-0.00056524813408,-0.00839612074196,0.0164970960468,-0.00666687637568,0.00155146466568,0.00150781299453,-0.0202368032187,0.0493948683143,-0.0401796847582,0.024211358279,-0.0137513307855],[-0.000405663158745,-0.00284999399446,-0.0012093342375,0.0130478851497,-0.0205119475722,0.0108588645235,-0.000417477829615,-0.00661207688972,0.0154810314998,-0.0401796847582,0.0649269297719,-0.0409315302968,0.0107488734648],[0.000341058301274,0.00261549162678,0.00278264982626,-0.0120927747339,0.0198613628745,-0.0132453674451,-0.00157960655633,0.0139650246128,-0.0167896524072,0.024211358279,-0.0409315302968,0.0567556992173,-0.0232060756534],[-0.0000897819918464,-0.000575713231228,-0.00227856286801,0.00894550420344,-0.0131704965606,0.00615446362644,0.000289295741823,-0.00776823470369,0.0125795705244,-0.0137513307855,0.0107488734648,-0.0232060756534,0.0323216244578]],"mean":[42.2582969666,76.524597168,-98.2582015991,6.66796922684,5.87855386734,-7.40207767487,7.81332731247,-16.3767528534,1.01799798012,-8.55633926392,-1.46367037296,-0.444637745619,-8.05814361572]},"hfc":{"dmean":109.778495789,"dmean2":165.812423706,"dvar":16306.4560547,"dvar2":34330.4335938,"max":1826.51171875,"mean":326.342895508,"median":285.08416748,"min":1.12349788379e-16,"var":38117.1640625},"melbands":{"dmean":[0.00523251993582,0.00334011041559,0.00115002307575,0.000407819228712,0.00023291647085,0.000238718028413,0.000140834788908,0.000132233908516,0.000114778631541,0.0000894188488019,0.0000854563841131,0.00010467627726,0.000113669128041,0.000130667031044,0.0000982049605227,0.0000674171969877,0.0000509475175932,0.0000583620203543,0.00003897166971,0.0000301485524687,0.0000193075629795,0.0000197778699658,0.0000160937725013,0.000016583402612,0.0000142506860357,0.0000101286595964,0.00000677399293636,0.00000474192211186,0.00000362414766641,0.00000243571980718,0.00000164975608641,9.63866455095e-7,7.34132015623e-7,6.13521649484e-7,3.58839685077e-7,2.15087851529e-7,1.43241209116e-7,1.04193659922e-7,5.27028980457e-8,3.20500213036e-8],"dmean2":[0.00897476822138,0.00548071879894,0.00188977573998,0.00069549359614,0.000382178724976,0.000378965167329,0.000225658353884,0.000212954982999,0.000186399134691,0.000145432379213,0.000138372095535,0.000170180937857,0.000186469915207,0.000216015527258,0.000162857046234,0.000111948545964,0.0000846133407322,0.000096635070804,0.0000652993549011,0.0000511765283591,0.0000322144478559,0.0000328218156938,0.0000260646284005,0.000027094494726,0.0000232014608628,0.0000164368411788,0.0000109060565592,0.00000763921252656,0.00000581249832976,0.00000391747744288,0.00000263331367023,0.0000015529093389,0.00000118754292089,9.89483055491e-7,5.7642620277e-7,3.43549459103e-7,2.29701711874e-7,1.66885158137e-7,8.59920064045e-8,5.36924389394e-8],"dvar":[0.0000446459489467,0.00002190521991,0.0000032011755593,4.47683220273e-7,2.05187461688e-7,3.00479172211e-7,1.17574465719e-7,1.50335992544e-7,8.69710987672e-8,3.67569263915e-8,2.64357833402e-8,3.85482863408e-8,3.90612946433e-8,3.7260964092e-8,2.03166479196e-8,8.47155323669e-9,4.60112303813e-9,5.08684205869e-9,1.83790360708e-9,1.03097463899e-9,4.92207108405e-10,5.63201763004e-10,4.82329010065e-10,4.62101246157e-10,4.35237734742e-10,3.77523068362e-10,1.47974160702e-10,8.12993561361e-11,3.82431586399e-11,1.28103161759e-11,4.82135035021e-12,1.66381762968e-12,9.7711574075e-13,8.43175735395e-13,2.715711499e-13,8.72118607258e-14,4.05403385558e-14,2.01344864582e-14,4.19450884887e-15,1.83774047005e-15],"dvar2":[0.000123278121464,0.0000559860891371,0.00000789363093645,0.00000118888215184,5.12097187766e-7,6.9898936772e-7,2.84839700271e-7,3.67713596461e-7,2.26506827516e-7,9.20937921478e-8,6.4049928028e-8,9.38729982636e-8,9.98958569198e-8,9.42201410226e-8,5.36755457858e-8,2.25215917027e-8,1.2427091356e-8,1.37021727298e-8,4.99019447986e-9,2.88612489463e-9,1.33286637283e-9,1.49112222569e-9,1.20311871576e-9,1.17374521214e-9,1.06394537625e-9,8.93042417793e-10,3.57722601541e-10,1.90682789003e-10,9.06034969272e-11,3.17155052221e-11,1.16973670333e-11,4.25228255385e-12,2.39437766489e-12,2.08253856868e-12,6.77596271193e-13,2.12200550642e-13,1.00316002521e-13,4.94386466715e-14,1.05798658747e-14,4.81672824049e-15],"max":[0.0702757313848,0.0512447729707,0.0282778330147,0.0146958557889,0.0145471310243,0.0130129549652,0.0108373239636,0.0115001341328,0.00808119494468,0.0052294973284,0.003333424218,0.00486433040351,0.00415804516524,0.00459420448169,0.00313439732417,0.00160011532716,0.00170255335979,0.00148209719919,0.000741108553484,0.000433344539488,0.000565415015444,0.000483561278088,0.00048289593542,0.000288840412395,0.000530761375558,0.000720892392565,0.000311572657665,0.000267506664386,0.000130746979266,0.0000727940641809,0.0000414979513153,0.000023274198611,0.0000157011418196,0.0000151450931298,0.00000868526694831,0.00000499969610246,0.00000534195578439,0.00000245113005803,0.00000109357802103,3.78670961254e-7],"mean":[0.0071378336288,0.00435010297224,0.00164536526427,0.000525919778738,0.000327500136336,0.000369451532606,0.000197438435862,0.000174751039594,0.000158743394422,0.0001254005183,0.000124091617181,0.000158613271196,0.000182750198292,0.000214704894461,0.000166993500898,0.000115827686386,0.000093004811788,0.000105207400338,0.0000759383328841,0.0000565066729905,0.0000372862305085,0.0000367468710465,0.0000288669289148,0.0000286072099698,0.0000236218966165,0.0000170869643625,0.0000116793671623,0.00000858924704517,0.00000666921459924,0.00000465556877316,0.00000340114615938,0.00000210045755011,0.00000160178205988,0.00000127792225157,7.71195971083e-7,4.54843871012e-7,2.98117754483e-7,2.0762925601e-7,8.84749695729e-8,3.34280656489e-8],"median":[0.00510461302474,0.00262378528714,0.000744345132262,0.000272931385553,0.000139645737363,0.000120045304357,0.0000759784379625,0.0000597071448283,0.0000670362860546,0.0000608240698057,0.0000647569613648,0.0000906013156055,0.000112308916869,0.000140028219903,0.000114577305794,0.0000830096396385,0.000072704955528,0.0000838794949232,0.000064625775849,0.000048670823162,0.0000319110404234,0.0000296670568787,0.0000214630945266,0.0000209004774661,0.0000157686372404,0.0000109626562335,0.00000745694978832,0.00000554241205464,0.00000453369284514,0.00000337789174409,0.00000255407962868,0.00000163222057381,0.00000119524281672,8.44375676934e-7,5.35821982339e-7,3.15055132205e-7,2.1228930791e-7,1.4396718484e-7,6.32669099332e-8,1.69394347438e-8],"min":[1.57924145237e-24,2.11831576423e-24,1.84054048456e-24,2.60117397444e-24,2.40155784997e-24,3.45172991612e-24,4.06197180759e-24,5.48421899437e-24,4.26339718455e-24,3.11945736411e-24,4.02044025308e-24,5.52426433494e-24,6.35384939553e-24,3.34360627387e-24,3.11791671876e-24,6.05956246825e-24,2.21998041061e-24,2.36045583023e-24,5.38468210307e-24,5.43139213499e-24,6.2722535678e-24,3.40066261099e-24,4.87486338814e-24,7.09395317478e-24,3.64995488439e-24,6.45890476329e-24,5.60188272598e-24,5.32667518856e-24,4.84672748066e-24,5.47281088239e-24,6.25208831091e-24,5.07348397014e-24,7.01650596655e-24,6.62408632039e-24,6.21342663237e-24,7.99090064579e-24,5.7978274918e-24,7.29974331912e-24,5.70070372601e-24,7.26502397296e-24],"var":[0.0000488491168653,0.0000260091746895,0.00000562826744499,5.34735818292e-7,4.43325120614e-7,8.85683220986e-7,1.86549755199e-7,2.12735855598e-7,1.33266155444e-7,5.88378128441e-8,4.23833697027e-8,6.14654496189e-8,6.86723495846e-8,7.14105894417e-8,3.46074138236e-8,1.4191817499e-8,7.62762741857e-9,8.74536265627e-9,3.43945361081e-9,1.77685133274e-9,8.39474434411e-10,9.8780406077e-10,8.42828140613e-10,7.6845224628e-10,7.35209559899e-10,6.13853856635e-10,2.56969445722e-10,1.41636480322e-10,6.84326553757e-11,2.31679744833e-11,1.07247752346e-11,3.88899849824e-12,2.39957272802e-12,1.89774172939e-12,6.55398315914e-13,2.21742370017e-13,9.34764012072e-14,4.6716076103e-14,7.61762055751e-15,1.99560496505e-15]},"melbands_crest":{"dmean":5.59996080399,"dmean2":9.375207901,"dvar":21.2579631805,"dvar2":56.8032188416,"max":36.9696044922,"mean":19.3264369965,"median":19.0294914246,"min":1.34669291973,"var":42.4928283691},"melbands_flatness_db":{"dmean":0.0380499623716,"dmean2":0.0600983612239,"dvar":0.0010233365465,"dvar2":0.00253946473822,"max":0.612183868885,"mean":0.22532337904,"median":0.217197433114,"min":0.000171019055415,"var":0.00362111604773},"melbands_kurtosis":{"dmean":12.9385118484,"dmean2":20.2706451416,"dvar":529.298400879,"dvar2":1112.57104492,"max":394.270568848,"mean":16.4671554565,"median":7.02680683136,"min":-1.72126531601,"var":904.189880371},"melbands_skewness":{"dmean":1.25793266296,"dmean2":1.95666861534,"dvar":1.52634596825,"dvar2":3.45675730705,"max":16.318901062,"mean":3.1096496582,"median":2.64661931992,"min":-2.44148373604,"var":4.43488168716},"melbands_spread":{"dmean":9.36952877045,"dmean2":15.0400009155,"dvar":75.0730743408,"dvar2":185.932891846,"max":181.619598389,"mean":23.6818695068,"median":21.256023407,"min":0.384979277849,"var":241.793228149},"mfcc":{"cov":[[6026.55419922,332.942077637,-404.193206787,350.950256348,-346.312957764,213.602981567,-68.6664733887,110.790512085,-133.145202637,58.7314224243,-90.7580413818,73.5979995728,-70.1107254028],[332.942077637,825.581298828,-167.913375854,-152.742095947,89.3500900269,-70.1277008057,29.0850429535,-53.9891242981,6.75838565826,-32.2615509033,40.9781303406,-8.04971313477,38.0565719604],[-404.193206787,-167.913375854,381.365234375,24.9216098785,31.4033412933,17.8970184326,-4.26023817062,12.7576608658,16.0725135803,8.46824836731,10.7012329102,-7.70273017883,-2.88555908203],[350.950256348,-152.742095947,24.9216098785,295.242370605,-2.29030108452,28.9741954803,7.86962175369,24.6712589264,-2.66904163361,25.5557727814,-19.6818752289,2.26843357086,-34.8431282043],[-346.312957764,89.3500900269,31.4033412933,-2.29030108452,168.426849365,3.40284538269,40.3929901123,-4.03986263275,25.5812492371,-18.211933136,15.9056148529,-19.1025829315,14.0921268463],[213.602981567,-70.1277008057,17.8970184326,28.9741954803,3.40284538269,137.978530884,20.2272186279,49.3861160278,-8.1664276123,9.09156799316,-23.4755878448,13.8358459473,-3.11228346825],[-68.6664733887,29.0850429535,-4.26023817062,7.86962175369,40.3929901123,20.2272186279,93.3726959229,19.6478824615,22.1901874542,-9.68528175354,-0.1639457196,-10.8462467194,11.3432607651],[110.790512085,-53.9891242981,12.7576608658,24.6712589264,-4.03986263275,49.3861160278,19.6478824615,83.0459823608,18.5590496063,20.8061180115,-8.29617118835,6.89647626877,-10.4581985474],[-133.145202637,6.75838565826,16.0725135803,-2.66904163361,25.5812492371,-8.1664276123,22.1901874542,18.5590496063,67.5502700806,25.7034168243,20.7293395996,0.340354561806,7.8964676857],[58.7314224243,-32.2615509033,8.46824836731,25.5557727814,-18.211933136,9.09156799316,-9.68528175354,20.8061180115,25.7034168243,61.8019104004,23.322977066,18.7835674286,-2.85737538338],[-90.7580413818,40.9781303406,10.7012329102,-19.6818752289,15.9056148529,-23.4755878448,-0.1639457196,-8.29617118835,20.7293395996,23.322977066,57.6470947266,20.659406662,14.9621448517],[73.5979995728,-8.04971313477,-7.70273017883,2.26843357086,-19.1025829315,13.8358459473,-10.8462467194,6.89647626877,0.340354561806,18.7835674286,20.659406662,49.1420822144,20.6441783905],[-70.1107254028,38.0565719604,-2.88555908203,-34.8431282043,14.0921268463,-3.11228346825,11.3432607651,-10.4581985474,7.8964676857,-2.85737538338,14.9621448517,20.6441783905,50.3769569397]],"icov":[[0.000282280263491,-0.000288482959149,0.000171643769136,-0.000434665562352,0.00062612403417,-0.000451794447144,0.000170325787622,-0.000271422206424,0.000271750468528,-0.0000135791715365,-0.0000283601875708,0.0000529108874616,-0.0000344023283105],[-0.000288482959149,0.0020037710201,0.00057919905521,0.00110028265044,-0.00150183413643,0.000879077124409,-0.00052700197557,0.0006371071795,0.0000176118101081,0.000170961706317,-0.000816618616227,0.000123821708257,-0.000196941502509],[0.000171643769136,0.00057919905521,0.00323328585364,-0.000296321406495,-0.000338672311045,-0.000745918427128,0.000813364225905,-0.000385950464988,-0.000217903390876,0.000299056555377,-0.00152295269072,0.0014111349592,-0.00050786184147],[-0.000434665562352,0.00110028265044,-0.000296321406495,0.00516425585374,-0.00209750654176,0.00111347460188,-0.0017195175169,0.000908847199753,0.000401847471949,-0.00260997680016,0.00244536506943,-0.00258059473708,0.003470340278],[0.00062612403417,-0.00150183413643,-0.000338672311045,-0.00209750654176,0.0103450426832,-0.00306046498008,-0.000750395120122,-0.000352250790456,-0.00242287432775,0.0041642813012,-0.00474233785644,0.00510345771909,-0.00251819565892],[-0.000451794447144,0.000879077124409,-0.000745918427128,0.00111347460188,-0.00306046498008,0.0125693138689,-0.00299981748685,-0.00472743855789,0.00338986911811,-0.00315456138924,0.00646856287494,-0.00582994846627,0.000518855347764],[0.000170325787622,-0.00052700197557,0.000813364225905,-0.0017195175169,-0.000750395120122,-0.00299981748685,0.0159769393504,-0.00394874857739,-0.00456114998087,0.0050446530804,-0.00277618435211,0.00611331732944,-0.00557979568839],[-0.000271422206424,0.0006371071795,-0.000385950464988,0.000908847199753,-0.000352250790456,-0.00472743855789,-0.00394874857739,0.0202412735671,-0.00563434604555,-0.00417073071003,0.00448703020811,-0.00486319325864,0.0059519787319],[0.000271750468528,0.0000176118101081,-0.000217903390876,0.000401847471949,-0.00242287432775,0.00338986911811,-0.00456114998087,-0.00563434604555,0.0256708823144,-0.0114902742207,-0.0033981539309,0.00487564736977,-0.00428944639862],[-0.0000135791715365,0.000170961706317,0.000299056555377,-0.00260997680016,0.0041642813012,-0.00315456138924,0.0050446530804,-0.00417073071003,-0.0114902742207,0.0321007147431,-0.0124609237537,-0.00408419873565,0.00369882909581],[-0.0000283601875708,-0.000816618616227,-0.00152295269072,0.00244536506943,-0.00474233785644,0.00646856287494,-0.00277618435211,0.00448703020811,-0.0033981539309,-0.0124609237537,0.0352008081973,-0.0159357599914,0.00136583764106],[0.0000529108874616,0.000123821708257,0.0014111349592,-0.00258059473708,0.00510345771909,-0.00582994846627,0.00611331732944,-0.00486319325864,0.00487564736977,-0.00408419873565,-0.0159357599914,0.0427879728377,-0.0196950118989],[-0.0000344023283105,-0.000196941502509,-0.00050786184147,0.003470340278,-0.00251819565892,0.000518855347764,-0.00557979568839,0.0059519787319,-0.00428944639862,0.00369882909581,0.00136583764106,-0.0196950118989,0.0340982973576]],"mean":[-618.44128418,140.846588135,-32.3444595337,34.6180076599,9.02138519287,27.3438110352,8.56419563293,14.9673614502,0.60539484024,7.43068933487,0.995081067085,5.99842071533,0.570008337498]},"pitch_salience":{"dmean":0.100641153753,"dmean2":0.164304658771,"dvar":0.00690939510241,"dvar2":0.0181611850858,"max":0.989111304283,"mean":0.513681828976,"median":0.529763817787,"min":0.096199080348,"var":0.0161212626845},"silence_rate_20dB":{"dmean":0,"dmean2":0,"dvar":0,"dvar2":0,"max":1,"mean":1,"median":1,"min":1,"var":0},"silence_rate_30dB":{"dmean":0.109825700521,"dmean2":0.219668343663,"dvar":0.0977725610137,"dvar2":0.228190943599,"max":1,"mean":0.903370082378,"median":1,"min":0,"var":0.0872884765267},"silence_rate_60dB":{"dmean":0.000771247898228,"dmean2":0.00154261477292,"dvar":0.000770744285546,"dvar2":0.00169429520611,"max":1,"mean":0.0174288582057,"median":0,"min":0,"var":0.0171257164329},"spectral_centroid":{"dmean":292.925231934,"dmean2":454.157104492,"dvar":79892.2265625,"dvar2":180509.125,"max":11573.8300781,"mean":1577.56555176,"median":1540.94555664,"min":114.599205017,"var":391249.53125},"spectral_complexity":{"dmean":5.14468622208,"dmean2":7.46980333328,"dvar":19.994556427,"dvar2":38.4333267212,"max":63,"mean":31.9561195374,"median":33,"min":0,"var":121.75453186},"spectral_contrast_coeffs":{"dmean":[0.0576840378344,0.0478726662695,0.0379706546664,0.0268745869398,0.0210100691766,0.0310940202326],"dmean2":[0.0956108793616,0.080279275775,0.0640967935324,0.045542228967,0.0349369123578,0.0498727224767],"dvar":[0.00212679384276,0.00145640177652,0.000896047684364,0.00043327518506,0.000317610189086,0.000701425829902],"dvar2":[0.00559814786538,0.00399457523599,0.00248442590237,0.00123508879915,0.000800957030151,0.00176906224806],"max":[-0.322995692492,-0.473473370075,-0.579287528992,-0.632446706295,-0.61777472496,-0.570631623268],"mean":[-0.712848305702,-0.791642904282,-0.811940610409,-0.814514636993,-0.800954699516,-0.713159203529],"median":[-0.720201790333,-0.801671028137,-0.816874146461,-0.815721511841,-0.801323533058,-0.699836730957],"min":[-0.96946400404,-0.98204010725,-0.989627718925,-0.980139613152,-0.979039728642,-0.962681949139],"var":[0.00555968889967,0.00413281237707,0.00219836039469,0.00101771578193,0.000958130753133,0.00368438032456]},"spectral_contrast_valleys":{"dmean":[0.399251759052,0.39306423068,0.331298083067,0.264402657747,0.265892535448,0.399033635855],"dmean2":[0.661492466927,0.637978613377,0.519892573357,0.408708065748,0.403474420309,0.631252706051],"dvar":[0.103472009301,0.111377686262,0.085774846375,0.0672357603908,0.0842714682221,0.135839283466],"dvar2":[0.268723666668,0.26497605443,0.184667184949,0.130793094635,0.178891807795,0.353006035089],"max":[-5.11230564117,-4.82312679291,-4.98652267456,-5.48481178284,-5.38659381866,-9.23573493958],"mean":[-6.50694799423,-6.54692602158,-6.54852199554,-6.62589788437,-7.00082302094,-10.6419553757],"median":[-6.34492683411,-6.41121387482,-6.3570971489,-6.40207862854,-6.76663398743,-10.4979906082],"min":[-27.9972553253,-27.7699069977,-27.7853927612,-27.5975189209,-27.5037899017,-27.3795223236],"var":[1.60624396801,1.48916113377,1.49831950665,1.46266829967,1.60085296631,1.08320260048]},"spectral_decrease":{"dmean":6.72696165438e-9,"dmean2":1.11116360557e-8,"dvar":5.38675168843e-17,"dvar2":1.42682911723e-16,"max":1.65450853018e-8,"mean":-1.05263184835e-8,"median":-9.13483244602e-9,"min":-6.24464817633e-8,"var":7.84385464033e-17},"spectral_energy":{"dmean":0.0235724300146,"dmean2":0.0393728017807,"dvar":0.000631780188996,"dvar2":0.00171502924059,"max":0.257222950459,"mean":0.0693290680647,"median":0.0658804476261,"min":1.02610195946e-20,"var":0.00106043799315},"spectral_energyband_high":{"dmean":0.000465782679385,"dmean2":0.000687153195031,"dvar":2.6014828336e-7,"dvar2":5.50593938442e-7,"max":0.0117110740393,"mean":0.00168864836451,"median":0.00154693517834,"min":7.01007134805e-21,"var":0.00000123619349779},"spectral_energyband_low":{"dmean":0.0216963887215,"dmean2":0.036829162389,"dvar":0.00059503299417,"dvar2":0.00160820072051,"max":0.232878684998,"mean":0.0346500612795,"median":0.0275704097003,"min":2.79897410167e-23,"var":0.000758801877964},"spectral_energyband_middle_high":{"dmean":0.00306331226602,"dmean2":0.00469084270298,"dvar":0.0000101344730865,"dvar2":0.0000240926656261,"max":0.0549995973706,"mean":0.00992617104203,"median":0.00922561250627,"min":1.30560897435e-21,"var":0.0000416723560193},"spectral_energyband_middle_low":{"dmean":0.00489338068292,"dmean2":0.00775961345062,"dvar":0.0000404420425184,"dvar2":0.0000946235159063,"max":0.0889069885015,"mean":0.0101717589423,"median":0.00646441383287,"min":2.39301220656e-22,"var":0.000107054431282},"spectral_entropy":{"dmean":0.102496534586,"dmean2":0.160908579826,"dvar":0.0116753047332,"dvar2":0.0278357993811,"max":9.82241725922,"mean":7.79283761978,"median":7.82369184494,"min":5.78525304794,"var":0.0523897968233},"spectral_flux":{"dmean":0.0391361378133,"dmean2":0.0637893155217,"dvar":0.00143922271673,"dvar2":0.00337764830329,"max":0.414168328047,"mean":0.156342312694,"median":0.151489406824,"min":6.64187940758e-11,"var":0.00301657267846},"spectral_kurtosis":{"dmean":3.33271503448,"dmean2":5.08172416687,"dvar":17.0927829742,"dvar2":38.2716941833,"max":68.5315093994,"mean":17.9801883698,"median":16.2502307892,"min":-1.3337584734,"var":64.9944152832},"spectral_rms":{"dmean":0.00134182767943,"dmean2":0.00220462796278,"dvar":0.00000160643287472,"dvar2":0.000004315751994,"max":0.0158413778991,"mean":0.00794590357691,"median":0.00801708176732,"min":3.16397710982e-12,"var":0.00000450091556559},"spectral_rolloff":{"dmean":5997.97460938,"dmean2":11418.5615234,"dvar":68355712,"dvar2":147449952,"max":22028.4667969,"mean":14928.6025391,"median":20671.875,"min":43.06640625,"var":81051312},"spectral_skewness":{"dmean":0.295424938202,"dmean2":0.440779745579,"dvar":0.0995864719152,"dvar2":0.218058899045,"max":6.49761199951,"mean":2.79242324829,"median":2.65131807327,"min":-0.0278048720211,"var":0.528954327106},"spectral_spread":{"dmean":389137.5,"dmean2":621556.8125,"dvar":342252191744,"dvar2":784332488704,"max":48663936,"mean":4107791.75,"median":3984049.25,"min":1588680.125,"var":2352424419330},"spectral_strongpeak":{"dmean":11.6800270081,"dmean2":21.1968517303,"dvar":1002.49291992,"dvar2":2432.05761719,"max":344.067382812,"mean":9.74993801117,"median":0.289254039526,"min":0,"var":994.253051758},"zerocrossingrate":{"dmean":0.0567180514336,"dmean2":0.0708874762058,"dvar":0.00228100176901,"dvar2":0.00356941670179,"max":0.87890625,"mean":0.302865386009,"median":0.28759765625,"min":0.0400390625,"var":0.0113575905561}},"metadata":{"audio_properties":{"analysis_sample_rate":44100,"bit_rate":294714,"codec":"mp3","downmix":"mix","equal_loudness":0,"length":301.062286377,"lossless":false,"md5_encoded":"1d543e7575f9f3d26adec4af18d6c6ff","replay_gain":-2.96452713013},"tags":{"album":["Death Magnetic"],"albumartist":["Metallica"],"albumartistsort":["Metallica"],"artist":["Metallica"],"artistsort":["Metallica"],"asin":["B001BWQ0N2"],"barcode":["602517737266"],"catalognumber":["00602517737266"],"composer":["Robert Trujillo"],"conductor":[""],"copyright":["(C) 2008 Metallica, under exclusive licence to Universal Music International BV"],"date":["2008"],"discnumber":["1/1"],"file_name":"10. My Apocalypse.mp3","genre":["Other"],"isrc":["GBUM70812435"],"label":["Vertigo"],"media":["CD"],"musicbrainz album release country":["GB"],"musicbrainz album status":["official"],"musicbrainz album type":["album"],"musicbrainz_albumartistid":["65f4f0c5-ef9e-490c-aee3-909e7ae6b2ab"],"musicbrainz_albumid":["54bdd277-4dee-33dc-ba96-771caf04602f"],"musicbrainz_artistid":["65f4f0c5-ef9e-490c-aee3-909e7ae6b2ab"],"musicbrainz_recordingid":["a5f0df38-c88a-4f96-8616-c549a919ea11"],"originaldate":["2008"],"script":["Latn"],"title":["My Apocalypse"],"tracknumber":["10/10"]},"version":{"essentia":"2.1-beta1","essentia_build_sha":"12879b851c9f4b0d899e1af4e221aa110f283a84","essentia_git_sha":"v2.1_beta1-7-ge0e83e8-dirty","extractor":"music 1.0"}},"rhythm":{"beats_count":507,"beats_loudness":{"dmean":0.0249267593026,"dmean2":0.0438620001078,"dvar":0.000498857116327,"dvar2":0.00149736832827,"max":0.199670836329,"mean":0.0739389136434,"median":0.074018470943,"min":3.83328840892e-10,"var":0.000813623832073},"beats_loudness_band_ratio":{"dmean":[0.166621267796,0.0498974658549,0.0440807193518,0.060174588114,0.034653916955,0.082875430584],"dmean2":[0.284514456987,0.0889087170362,0.0762706100941,0.104502096772,0.0602974630892,0.141430750489],"dvar":[0.017273157835,0.00357073545456,0.00480245426297,0.00405189115554,0.000909998023417,0.00614942843094],"dvar2":[0.048