{"lowlevel":{"average_loudness":0.436802357435,"barkbands":{"dmean":[0.00000119898993489,0.00087380153127,0.00171628640965,0.00274362764321,0.00206979853101,0.00142458442133,0.0007616316434,0.00049545004731,0.000153163593495,0.0000520850335306,0.0000208533838304,0.0000235186180362,0.0000182088006113,0.000021112666218,0.0000251817928074,0.0000151278263729,0.0000191097497009,0.0000217390843318,0.0000274256672128,0.0000436790178355,0.0000361626007361,0.0000285711939796,0.0000335984950652,0.0000146875536302,0.00000947735497903,0.0000100683009805,0.00000454498285762],"dmean2":[0.00000188447938854,0.00151900481433,0.00271508167498,0.00432368647307,0.00337784620933,0.00218265992589,0.00114471628331,0.000713277782779,0.000232008256717,0.0000821324792923,0.0000336867306032,0.0000367792708857,0.0000277615217783,0.0000317902376992,0.0000363088147424,0.0000232885231526,0.0000294715046039,0.0000318522579619,0.0000427505583502,0.0000676727941027,0.0000525275900145,0.000041599610995,0.0000505795251229,0.0000213848579733,0.0000141072532642,0.0000140864904097,0.00000718519640941],"dvar":[7.61994425891e-11,0.00000323814651892,0.0000102981894088,0.0000287976636173,0.0000114894273793,0.0000138590221468,0.0000041652137952,0.00000237017843574,3.83719992669e-7,6.78580818203e-8,5.91375703962e-9,4.0496339615e-9,1.02962323112e-8,1.13644524902e-8,5.09411890448e-9,2.5765560796e-9,3.09399750265e-9,2.73626792335e-8,1.01647881223e-8,4.04555677846e-8,7.19944210914e-8,3.51978677315e-8,6.2446709137e-8,6.32644470144e-9,1.8252575007e-9,1.42622524901e-9,6.64995281063e-10],"dvar2":[2.04087191591e-10,0.00000908057336346,0.0000265417129413,0.0000764783108025,0.0000327717607433,0.0000324764332618,0.00000855414691614,0.00000467255267722,7.6764933965e-7,1.67510719962e-7,1.4744528265e-8,9.75570735307e-9,2.38737474234e-8,2.63460879779e-8,1.07963993301e-8,5.47512524207e-9,6.60743770808e-9,5.54742491943e-8,2.31755148405e-8,9.1044917383e-8,1.2385652326e-7,6.48416573767e-8,1.10850493229e-7,1.18661729331e-8,3.15894643776e-9,2.87303780766e-9,1.68923697252e-9],"max":[0.000536906416528,0.0517439208925,0.0911901295185,0.140875950456,0.0732136070728,0.13439373672,0.0483431443572,0.0388203933835,0.0242457631975,0.00954134576023,0.00295127462596,0.00150928832591,0.00506582949311,0.0047925664112,0.00240347883664,0.00176341098268,0.00232603028417,0.0100879808888,0.00372444838285,0.00733412103727,0.0188520569354,0.0130586400628,0.0176206044853,0.00383253116161,0.00236222194508,0.000732085667551,0.000892873795237],"mean":[0.00000181957170753,0.00137050799094,0.0033785647247,0.00585470674559,0.00519533036277,0.00327717023902,0.00164469401352,0.00118290795945,0.000328086316586,0.0000997069946607,0.0000408973355661,0.0000645463223918,0.0000284387315332,0.000039580198063,0.0000624449239695,0.0000351919152308,0.0000450543593615,0.0000368991495634,0.0000540272012586,0.000086861611635,0.0000635420656181,0.0000547229137737,0.0000720540483599,0.0000289394720312,0.0000207808789128,0.0000192320567294,0.0000047262346925],"median":[2.35606393062e-7,0.00107346987352,0.0025443630293,0.00365546019748,0.00370338140056,0.00108479952905,0.00028234833735,0.000139935029438,0.0000475168817502,0.0000210189100471,0.00000444618808615,0.0000103149413917,0.00000473232739751,0.00000560823082196,0.00000542340285392,0.00000358028819392,0.0000047063731472,0.000005044406862,0.00000743123473512,0.0000134615393108,0.00000387589443562,0.000004708896995,0.00000855210237205,0.00000103427566955,0.00000179638971076,3.91398288002e-7,2.68779871249e-7],"min":[4.63248262095e-25,4.76986915709e-24,1.67187235948e-24,8.6693368015e-25,5.10188454045e-24,5.07343387748e-24,7.57072335096e-24,8.01956942881e-24,1.11502593833e-23,2.4839491256e-23,1.26842175573e-23,2.04631654774e-23,2.01557495381e-23,2.92941793214e-23,2.90303873902e-23,6.09744609328e-23,7.53363426664e-23,1.02370397629e-22,1.53918134827e-22,1.7746820769e-22,2.76034850563e-22,3.01514552931e-22,3.85834923213e-22,5.76871084089e-22,8.90006858196e-22,1.36631910377e-21,1.90117568324e-21],"var":[1.40255959624e-10,0.00000329131967192,0.0000158620150614,0.0000619163329247,0.0000316015866701,0.0000485193158966,0.0000150242267409,0.00000822308629722,0.00000125795327222,9.06108397203e-8,2.04652153002e-8,1.65513434069e-8,1.29125528048e-8,2.677890798e-8,1.91652507198e-8,9.49592138255e-9,1.41324818514e-8,4.61079707748e-8,2.46217410904e-8,8.10369584769e-8,2.00263968964e-7,1.04820145452e-7,2.83125103806e-7,2.39178969963e-8,7.84273535004e-9,2.99560709571e-9,5.85206383352e-10]},"barkbands_crest":{"dmean":1.85459256172,"dmean2":3.0718061924,"dvar":3.00007939339,"dvar2":8.43753910065,"max":24.4528427124,"mean":11.2084054947,"median":10.7258653641,"min":3.30655193329,"var":11.5511636734},"barkbands_flatness_db":{"dmean":0.0199313741177,"dmean2":0.0313453488052,"dvar":0.000459293660242,"dvar2":0.00109640229493,"max":0.516470015049,"mean":0.259091496468,"median":0.260543137789,"min":0.0513137951493,"var":0.00751676876098},"barkbands_kurtosis":{"dmean":7.69470310211,"dmean2":12.7403440475,"dvar":157.494232178,"dvar2":423.289642334,"max":478.220916748,"mean":23.7586784363,"median":18.1100502014,"min":-1.91086888313,"var":542.570373535},"barkbands_skewness":{"dmean":0.631698012352,"dmean2":1.02803981304,"dvar":0.532945334911,"dvar2":1.43122887611,"max":19.9039306641,"mean":3.02958369255,"median":2.92655992508,"min":-2.13282561302,"var":2.98462581635},"barkbands_spread":{"dmean":1.77117705345,"dmean2":2.72613978386,"dvar":14.2706203461,"dvar2":29.9639930725,"max":136.661239624,"mean":6.88187551498,"median":3.74027109146,"min":0.342234045267,"var":89.6670761108},"dissonance":{"dmean":0.0294915754348,"dmean2":0.0489020496607,"dvar":0.000793344923295,"dvar2":0.00217430060729,"max":0.500000059605,"mean":0.404716134071,"median":0.413009464741,"min":0,"var":0.00309412321076},"dynamic_complexity":4.07569789886,"erbbands":{"dmean":[0.00773326400667,0.253803282976,1.46687662601,6.38549137115,8.17344474792,5.59822273254,10.7766942978,10.6806707382,9.77590179443,11.0531682968,9.6776342392,3.81343126297,1.48261249065,1.45826017857,0.738821327686,1.10225963593,0.817251682281,0.91452395916,1.42859184742,1.01073002815,0.862701535225,0.865817904472,1.26209747791,0.792383849621,1.84408926964,2.10894417763,1.2199075222,1.87197196484,0.873688220978,1.21735072136,0.870571315289,0.432944655418,0.184034600854,0.109833061695,0.0709857493639,0.0422225929797,0.0191162638366,0.00514825666323,0.0008293048013,0.0000357956741937],"dmean2":[0.0133974300697,0.440714389086,2.41325688362,9.90983104706,13.0264205933,9.28429698944,17.0324325562,16.0427131653,14.606262207,15.97610569,14.3034830093,5.78835773468,2.38131856918,2.27247047424,1.15293323994,1.7000361681,1.24082446098,1.44386053085,1.99844658375,1.50750601292,1.33821249008,1.32343137264,1.82189941406,1.24834942818,2.82318401337,3.23857092857,1.85081243515,2.62323904037,1.26963126659,1.89344739914,1.26736223698,0.618856549263,0.271051824093,0.168653532863,0.105933964252,0.062337949872,0.027247723192,0.00742515642196,0.00133659993298,0.0000618578415015],"dvar":[0.00025449070381,0.270046025515,7.33652210236,171.595809937,186.042190552,120.941230774,460.818817139,1177.9954834,843.087036133,1577.35827637,915.11730957,227.369949341,78.1386947632,43.9435501099,5.6585855484,8.05895996094,26.3581638336,23.0831718445,22.3714141846,11.068022728,8.19089794159,6.35850572586,121.491188049,10.3554039001,44.5085296631,117.756752014,46.7689628601,236.490646362,34.9527816772,151.546005249,42.9968109131,6.37914800644,0.789333879948,0.32765647769,0.075705178082,0.0236373264343,0.00532200792804,0.000503279501572,0.0000206157692446,6.08443642136e-8],"dvar2":[0.00065856880974,0.765740275383,20.7492713928,440.627075195,479.14932251,343.171325684,1152.85803223,2618.40209961,1772.18505859,3126.15039062,2028.61364746,451.074584961,192.337890625,100.844863892,13.5300350189,18.5101928711,62.1360282898,61.6495552063,42.5022277832,23.0207633972,17.762348175,13.8396024704,241.161483765,25.7067184448,91.9431610107,252.292984009,100.845932007,391.65246582,68.0596542358,385.346740723,81.3998260498,11.4257211685,1.28301346302,0.569123268127,0.145851626992,0.0482860431075,0.0108425626531,0.00108165491838,0.0000521924557688,1.7246171069e-7],"max":[0.401994228363,15.6860027313,69.935508728,434.094421387,398.26461792,326.970245361,578.379760742,1406.61523438,942.43737793,1638.52392578,951.292175293,697.264648438,286.48046875,403.824859619,92.0445632935,68.6051101685,281.752960205,188.052993774,245.515060425,143.623184204,88.2927627563,68.6049499512,726.724731445,107.364776611,244.275848389,477.375305176,266.363189697,1191.55334473,382.235443115,834.457763672,502.448913574,133.393157959,50.2745399475,34.0161514282,13.4503211975,2.77772045135,1.44518852234,0.541161835194,0.119231902063,0.0108989495784],"mean":[0.0167964845896,0.427177011967,3.0710132122,14.2462339401,18.2703113556,15.5945835114,23.0546321869,25.0529022217,21.9729061127,25.3172531128,25.4282951355,9.47701931,2.61667203903,3.36685729027,1.77115082741,3.16064143181,1.44134235382,1.74347007275,3.52621841431,2.61762475967,2.19876813889,2.00450229645,2.24085736275,1.58557236195,3.96517801285,4.25937604904,2.28799319267,3.26998472214,1.66230607033,2.35358381271,1.79899406433,0.841408252716,0.396549522877,0.233300432563,0.153464213014,0.0858363434672,0.0349285900593,0.00741393864155,0.000819626147859,0.0000538179192517],"median":[0.0152816008776,0.336272001266,2.25337219238,9.06449317932,11.4996948242,10.2358589172,11.9047470093,5.70536756516,5.63671398163,3.13673901558,3.80251598358,1.63165187836,0.590486466885,0.759368062019,0.359642326832,0.505329310894,0.28998619318,0.353491306305,0.473663687706,0.261100649834,0.210577681661,0.262877106667,0.340523719788,0.27717217803,0.584160149097,0.662002623081,0.195172861218,0.182401329279,0.140037283301,0.22928494215,0.216077119112,0.0516295544803,0.0140891335905,0.0180641952902,0.013060618192,0.00256936135702,0.0007041542558,0.000218272965867,0.0000508625962539,0.0000248981414188],"min":[1.24253392829e-22,6.26694781557e-22,2.45514698091e-21,4.5113509724e-21,8.84846248799e-21,2.35950232427e-20,3.20744937072e-20,2.9362081237e-20,9.78418632214e-20,2.4183178385e-19,2.48224261473e-19,3.77563953962e-19,6.08040926146e-19,7.73714449492e-19,8.21557697243e-19,1.4764492544e-18,1.22116425677e-18,1.63048806884e-18,2.02247727721e-18,2.73906590981e-18,3.0816384178e-18,4.93761354349e-18,5.48480716717e-18,5.62464453126e-18,8.49326553657e-18,6.91630939164e-18,7.50518754153e-18,1.09156705779e-17,1.16673023035e-17,1.05255101624e-17,1.29594593364e-17,9.57019596429e-18,9.66450861619e-18,6.94136634676e-18,6.11294372252e-18,4.28511279679e-18,2.42953285664e-18,9.13561739753e-19,2.52104488179e-19,2.51488335558e-20],"var":[0.00032892046147,0.274728119373,10.4866418839,332.799499512,551.205322266,333.022491455,1315.72692871,4380.39746094,2395.10620117,6503.19140625,3263.26611328,793.185791016,91.0623168945,78.5334854126,23.0188484192,38.4707565308,31.5142841339,27.3776721954,88.4929656982,47.2813606262,30.1788749695,22.4338855743,206.549209595,18.1229095459,140.247238159,229.722183228,127.197525024,613.952453613,105.331573486,299.476318359,198.576980591,25.9981498718,3.65634179115,1.41162025928,0.276671797037,0.0530936680734,0.0106801856309,0.000743466254789,0.0000177069086931,3.95869470537e-8]},"erbbands_crest":{"dmean":2.24990153313,"dmean2":3.64037322998,"dvar":5.00335836411,"dvar2":12.3833694458,"max":28.8765621185,"mean":12.1533041,"median":11.5812711716,"min":2.76501870155,"var":19.8843097687},"erbbands_flatness_db":{"dmean":0.0155385630205,"dmean2":0.0237664468586,"dvar":0.000309183262289,"dvar2":0.000704525329638,"max":0.413146942854,"mean":0.196188628674,"median":0.196517437696,"min":0.0350972637534,"var":0.00402568420395},"erbbands_kurtosis":{"dmean":2.66803646088,"dmean2":4.28648328781,"dvar":16.4985561371,"dvar2":43.5067100525,"max":123.372329712,"mean":8.11413097382,"median":5.69632148743,"min":-1.88729977608,"var":89.6553192139},"erbbands_skewness":{"dmean":0.371748268604,"dmean2":0.582087397575,"dvar":0.155029818416,"dvar2":0.373020142317,"max":9.45778656006,"mean":2.0710105896,"median":2.03741836548,"min":-2.51530075073,"var":1.25440037251},"erbbands_spread":{"dmean":5.95505714417,"dmean2":9.1948299408,"dvar":77.3158721924,"dvar2":164.600372314,"max":177.985473633,"mean":28.2222671509,"median":21.7855758667,"min":1.34064769745,"var":512.119140625},"gfcc":{"cov":[[29821.6796875,423.074279785,-3341.41723633,453.121826172,-2174.01123047,16.4119033813,-1426.29675293,-54.3430480957,-443.077270508,249.265411377,-483.670806885,-244.843688965,-901.406799316],[423.074279785,1662.60668945,232.261383057,-33.10131073,74.1096572876,-365.653808594,148.102386475,-157.634628296,-69.4684753418,-161.428390503,67.0036087036,-89.7779312134,123.097869873],[-3341.41723633,232.261383057,1034.00085449,14.8898830414,299.281097412,-22.9577827454,111.066078186,-35.0712661743,-12.0391311646,-84.5177612305,44.8769378662,78.7144088745,143.126556396],[453.121826172,-33.10131073,14.8898830414,287.500305176,22.9635276794,-25.6166572571,-25.8227863312,-33.9125747681,9.38648700714,21.8004283905,6.97289323807,-17.7165298462,1.83280944824],[-2174.01123047,74.1096572876,299.281097412,22.9635276794,364.586669922,-19.0190200806,114.951202393,-4.34166049957,12.8744945526,-11.2130622864,-7.90920591354,21.5443477631,119.751472473],[16.4119033813,-365.653808594,-22.9577827454,-25.6166572571,-19.0190200806,233.595184326,-12.605682373,50.105506897,16.0194129944,19.0257587433,0.868356704712,36.2997131348,-54.6592330933],[-1426.29675293,148.102386475,111.066078186,-25.8227863312,114.951202393,-12.605682373,242.20098877,27.5944633484,-5.97522115707,-34.7118492126,7.6953663826,10.075460434,74.6983718872],[-54.3430480957,-157.634628296,-35.0712661743,-33.9125747681,-4.34166049957,50.105506897,27.5944633484,112.94203949,20.2194652557,14.8220891953,-16.0071239471,13.5353307724,-10.4882669449],[-443.077270508,-69.4684753418,-12.0391311646,9.38648700714,12.8744945526,16.0194129944,-5.97522115707,20.2194652557,103.789848328,34.3320770264,16.0242881775,-19.7388725281,-22.4000873566],[249.265411377,-161.428390503,-84.5177612305,21.8004283905,-11.2130622864,19.0257587433,-34.7118492126,14.8220891953,34.3320770264,90.2260894775,-7.9807062149,-8.84893321991,-18.8756351471],[-483.670806885,67.0036087036,44.8769378662,6.97289323807,-7.90920591354,0.868356704712,7.6953663826,-16.0071239471,16.0242881775,-7.9807062149,115.655395508,6.43050336838,-24.9831295013],[-244.843688965,-89.7779312134,78.7144088745,-17.7165298462,21.5443477631,36.2997131348,10.075460434,13.5353307724,-19.7388725281,-8.84893321991,6.43050336838,89.310836792,41.2385978699],[-901.406799316,123.097869873,143.126556396,1.83280944824,119.751472473,-54.6592330933,74.6983718872,-10.4882669449,-22.4000873566,-18.8756351471,-24.9831295013,41.2385978699,150.707275391]],"icov":[[0.000289768388029,-0.000653250841424,0.000544468988664,-0.000706695136614,0.000810419791378,-0.00050558464136,0.00106193544343,-0.000545181392226,0.00115897727665,-0.000799388275482,0.00135919696186,-0.000843663059641,0.000894941855222],[-0.000653250841424,0.00284289638512,-0.00133460131474,0.00191929121502,-0.00165825360455,0.00263482308947,-0.00288504268974,0.00212871865369,-0.00246064411476,0.00333008612506,-0.00379045680165,0.0032104565762,-0.00258927838877],[0.000544468988664,-0.00133460131474,0.00253744283691,-0.00142696511466,0.000460398994619,-0.00109901977703,0.00213483907282,-0.000812318758108,0.00187239248771,-0.000424178666435,0.00207982212305,-0.00254826131277,0.00134235725272],[-0.000706695136614,0.00191929121502,-0.00142696511466,0.00559240533039,-0.00223403354175,0.00174931646325,-0.0023615329992,0.00252047018148,-0.00282641197555,0.00125487835612,-0.00372560182586,0.00296795368195,-0.00244452175684],[0.000810419791378,-0.00165825360455,0.000460398994619,-0.00223403354175,0.00719738006592,-0.00182757002767,0.00170607713517,-0.00118677481078,0.00233194744214,-0.0028694185894,0.00394812365994,-0.00108568929136,-0.000579611689318],[-0.00050558464136,0.00263482308947,-0.00109901977703,0.00174931646325,-0.00182757002767,0.00869724247605,-0.00275524659082,0.000435651047155,-0.00231815036386,0.0023891904857,-0.00233911606483,-0.00118124147411,0.00173899822403],[0.00106193544343,-0.00288504268974,0.00213483907282,-0.0023615329992,0.00170607713517,-0.00275524659082,0.0101468544453,-0.00454755639657,0.00444544386119,-0.001490423223,0.00377022358589,-0.00179986353032,0.000600247120019],[-0.000545181392226,0.00212871865369,-0.000812318758108,0.00252047018148,-0.00118677481078,0.000435651047155,-0.00454755639657,0.0134414304048,-0.00448073539883,0.00126524479128,-0.000677483680192,-0.000112482797704,-0.000557351508178],[0.00115897727665,-0.00246064411476,0.00187239248771,-0.00282641197555,0.00233194744214,-0.00231815036386,0.00444544386119,-0.00448073539883,0.0175350215286,-0.00748750939965,0.00291752256453,0.0000703384139342,0.0041220234707],[-0.000799388275482,0.00333008612506,-0.000424178666435,0.00125487835612,-0.0028694185894,0.0023891904857,-0.001490423223,0.00126524479128,-0.00748750939965,0.0190543401986,-0.00371748302132,0.00357526633888,-0.00346134509891],[0.00135919696186,-0.00379045680165,0.00207982212305,-0.00372560182586,0.00394812365994,-0.00233911606483,0.00377022358589,-0.000677483680192,0.00291752256453,-0.00371748302132,0.017478255555,-0.00784398708493,0.00840618647635],[-0.000843663059641,0.0032104565762,-0.00254826131277,0.00296795368195,-0.00108568929136,-0.00118124147411,-0.00179986353032,-0.000112482797704,0.0000703384139342,0.00357526633888,-0.00784398708493,0.0218194238842,-0.0107784736902],[0.000894941855222,-0.00258927838877,0.00134235725272,-0.00244452175684,-0.000579611689318,0.00173899822403,0.000600247120019,-0.000557351508178,0.0041220234707,-0.00346134509891,0.00840618647635,-0.0107784736902,0.0181349832565]],"mean":[-113.765960693,119.1404953,-47.6903533936,36.6766471863,-55.9915771484,-12.5108337402,-36.7824287415,-5.22600698471,-25.9489002228,-2.78277182579,-20.6934013367,-7.00202703476,-16.3530960083]},"hfc":{"dmean":2.13200902939,"dmean2":3.0181157589,"dvar":28.0979366302,"dvar2":48.9769287109,"max":277.497253418,"mean":8.50690364838,"median":4.2753033638,"min":1.07115660778e-16,"var":174.508834839},"melbands":{"dmean":[0.000155987130711,0.000622242107056,0.00108807499055,0.000512180791702,0.000325095403241,0.000242719775997,0.000148320948938,0.000115871072921,0.0000697399518685,0.0000209744830499,0.00000742819338484,0.00000630248177913,0.00000284199381895,0.00000274313356385,0.00000196336031877,0.00000184939108294,0.00000173611476839,0.00000241347038354,0.00000152880465976,0.00000119996775538,0.00000113821693049,9.15246801014e-7,0.00000123443840039,0.00000106472896277,6.00080397817e-7,0.00000127662667637,0.00000145920000705,0.00000151817255301,8.62649017108e-7,6.99345946487e-7,0.0000012918859511,5.2514832305e-7,4.94586060995e-7,8.20179934635e-7,5.68090683828e-7,3.90648324355e-7,2.51323058365e-7,1.48599482941e-7,1.11697126215e-7,9.25802297047e-8],"dmean2":[0.000271399796475,0.00103301543277,0.00170324475039,0.000832951976918,0.000516577973031,0.000366330932593,0.000221649068408,0.000167394580785,0.000104018494312,0.0000319192331517,0.0000120541117212,0.00000981309131021,0.00000457442911284,0.00000426659789809,0.00000299968269246,0.00000286191720988,0.00000275269349004,0.00000337892197422,0.0000022503627406,0.00000181027405688,0.00000175271577518,0.00000139582846259,0.00000186205932096,0.00000157406634571,9.75880311671e-7,0.00000198897419068,0.00000224952987082,0.00000236398705056,0.00000133158630433,0.00000105768765479,0.00000183001827736,7.83932705417e-7,7.41593510156e-7,0.00000133148125769,8.83451377831e-7,5.93282493355e-7,3.63774887546e-7,2.2136865141e-7,1.73353186028e-7,1.4345242505e-7],"dvar":[1.03182465239e-7,0.00000125428141473,0.00000413187444792,7.349190696e-7,4.05955603355e-7,5.41262693332e-7,1.69019344298e-7,1.58496817448e-7,4.45632117874e-8,7.35865857138e-9,2.03691530309e-9,8.19494416771e-10,1.07600560406e-10,5.40064555576e-11,6.0808857949e-11,1.03392655548e-10,8.44739486694e-11,8.4838719383e-11,2.39281511272e-11,1.54143399433e-11,1.5074779966e-11,8.54291550695e-12,5.18595721921e-11,6.65114283094e-11,6.36665850248e-12,2.32642134723e-11,3.3070410993e-11,7.13874098723e-11,2.72300827719e-11,1.84243523216e-11,1.1361432628e-10,1.18279361999e-11,1.72616417687e-11,7.96095828148e-11,2.28578874578e-11,5.61183044478e-12,2.02960890282e-12,5.59578967364e-13,3.04030563746e-13,2.56912573897e-13],"dvar2":[2.80078012338e-7,0.00000352421966454,0.0000105786293716,0.00000210374923881,0.00000102798969692,0.00000122099595501,3.49520405507e-7,3.05564952896e-7,9.84628272249e-8,1.47021612662e-8,5.08671771371e-9,1.86795023893e-9,2.648567754e-10,1.2681797279e-10,1.23247356765e-10,2.5182414487e-10,2.24873675236e-10,1.56930551887e-10,4.92729849977e-11,2.99276506355e-11,3.19610449218e-11,1.86027165894e-11,1.02923607137e-10,1.42029402128e-10,1.66368776394e-11,5.09789398195e-11,6.73891220604e-11,1.64271846126e-10,6.42467190559e-11,3.44515770079e-11,1.9286297559e-10,2.36854442309e-11,3.90008962625e-11,2.20133508644e-10,5.1779198984e-11,1.03918245536e-11,4.04816805077e-12,1.0496430114e-12,6.06320386693e-13,4.74550954088e-13],"max":[0.0087619824335,0.0320764519274,0.0599165707827,0.018300101161,0.0157788433135,0.0289519615471,0.01201930549,0.0165204573423,0.00666115339845,0.00387355987914,0.00146229285747,0.00171669537667,0.00043963137432,0.000208953686524,0.000346311309841,0.000440986885224,0.000366744119674,0.000541409128346,0.000186590099474,0.000169998718775,0.00012822712597,0.000109333654109,0.000435415131506,0.000466606987175,0.0000696332499501,0.000167375677847,0.000199458474526,0.000340899656294,0.000188794845599,0.000198559602723,0.000826694245916,0.000182880772627,0.000313166616252,0.000538941822015,0.000368214765331,0.00013860258332,0.0000633800082142,0.0000442312448286,0.0000328955211444,0.00003125623698],"mean":[0.00027202477213,0.00124781881459,0.00251161749475,0.00129300239496,0.000736559450161,0.000570883334149,0.000334219075739,0.000266632705461,0.000187160214409,0.000046065018978,0.0000116997380246,0.0000142569633681,0.00000593045933783,0.0000076599926615,0.00000475570186609,0.0000029318914585,0.00000309307506541,0.00000561126034881,0.00000377495325665,0.00000306396964334,0.00000267019731837,0.00000212839131564,0.00000217460683416,0.00000180496442681,0.00000106620132101,0.00000247539969678,0.00000310404288939,0.00000282931500806,0.00000147378239035,0.00000123572135635,0.00000216797047869,9.30557689571e-7,9.25134884255e-7,0.00000144924956658,0.00000108170081603,7.50420895201e-7,4.34643197877e-7,2.93487346426e-7,2.16198884573e-7,1.86412620451e-7],"median":[0.000227611439186,0.00095211766893,0.00172674842179,0.000888189300895,0.000406768347602,0.000141914148116,0.0000803753209766,0.0000307638692902,0.0000290832795145,0.00000752087180445,0.00000228693761528,0.00000303490628539,7.36678771318e-7,0.00000131261526803,7.82021004397e-7,5.1438371429e-7,5.63310891266e-7,6.88066847943e-7,3.29741425276e-7,2.92611190389e-7,1.86630032317e-7,2.32325064076e-7,2.46921757707e-7,2.52090643471e-7,1.73230105815e-7,3.23204403685e-7,5.18326828569e-7,3.79994617106e-7,1.25317853872e-7,7.49606314798e-8,1.10747691906e-7,7.1790275058e-8,7.39794714377e-8,1.46613004404e-7,1.33069818276e-7,5.88655701961e-8,1.41222393779e-8,7.97620725024e-9,8.17029466305e-9,1.56835451293e-8],"min":[1.54453502381e-24,8.70976888112e-25,7.45152045311e-25,1.13789487793e-24,1.29777045797e-24,7.04762268356e-25,1.83557815504e-24,3.21814761044e-24,1.99919973969e-24,1.74329799521e-24,2.91690746593e-24,3.24727038291e-24,2.2390252878e-24,2.92643631402e-24,3.02962760346e-24,3.73455627217e-24,2.80221892323e-24,2.9443685029e-24,1.912982962e-24,3.8990672975e-24,2.85804325683e-24,4.37169910936e-24,3.72375558308e-24,4.66288620771e-24,3.63561457642e-24,4.91416522729e-24,5.06454775381e-24,3.87748445756e-24,3.85208629185e-24,3.87170131826e-24,4.81179238104e-24,5.49435980131e-24,5.28461430839e-24,4.69922469088e-24,6.3623146619e-24,4.48313517856e-24,5.23927492229e-24,6.34041548874e-24,6.1694436926e-24,5.57123666311e-24],"var":[1.13452308881e-7,0.0000016922699615,0.00000909054506337,0.00000212414784073,0.00000116783803605,0.00000198615953195,5.35489448339e-7,6.53815334317e-7,1.72453241021e-7,2.38541950637e-8,2.22537988037e-9,1.50446999303e-9,4.25975199558e-10,2.2437285363e-10,1.34137465024e-10,1.20634058298e-10,9.9710670276e-11,3.27792043509e-10,9.54513620921e-11,7.59122278926e-11,5.92894205953e-11,3.28026703023e-11,1.00085627286e-10,1.0431199654e-10,9.44107986234e-12,5.62394783521e-11,1.04903426223e-10,1.21824952903e-10,5.63440787082e-11,5.70800004485e-11,2.84502504888e-10,3.33785846185e-11,3.88633812631e-11,1.30090480055e-10,8.32892227409e-11,2.54235018454e-11,6.23629143118e-12,2.10478899934e-12,1.12858778312e-12,9.97565311606e-13]},"melbands_crest":{"dmean":2.69699764252,"dmean2":4.47565031052,"dvar":6.57377004623,"dvar2":18.4343566895,"max":32.9673919678,"mean":16.0617427826,"median":15.5404005051,"min":1.00006937981,"var":24.2805728912},"melbands_flatness_db":{"dmean":0.0226484145969,"dmean2":0.0353514328599,"dvar":0.000619012746029,"dvar2":0.00146492104977,"max":0.652830898762,"mean":0.354197651148,"median":0.357990086079,"min":-7.59317799748e-7,"var":0.012310506776},"melbands_kurtosis":{"dmean":12.2726573944,"dmean2":20.0788040161,"dvar":461.135681152,"dvar2":1249.53967285,"max":691.204101562,"mean":37.758266449,"median":24.8189582825,"min":-1.44817614555,"var":3068.3984375},"melbands_skewness":{"dmean":0.745721399784,"dmean2":1.19631671906,"dvar":0.725387752056,"dvar2":1.82533729076,"max":19.5508880615,"mean":3.43133234978,"median":3.06294608116,"min":-0.241949215531,"var":4.6351184845},"melbands_spread":{"dmean":1.54983067513,"dmean2":2.41171789169,"dvar":15.9037160873,"dvar2":33.5913734436,"max":165.036361694,"mean":7.30304145813,"median":3.42749857903,"min":0.35143533349,"var":294.714385986},"mfcc":{"cov":[[14505.2900391,-968.146362305,-1047.7154541,-533.892211914,-575.913452148,-172.812637329,-765.663208008,-252.956176758,-502.879241943,291.376586914,89.7150802612,46.2963027954,251.227050781],[-968.146362305,1938.51062012,368.673858643,420.202423096,-20.9749011993,-101.040039062,91.6042480469,-46.9444732666,-18.8493080139,-97.2021255493,-101.348655701,-118.683494568,-57.5471458435],[-1047.7154541,368.673858643,624.579040527,144.760360718,114.789718628,32.294380188,36.3166847229,45.9684715271,-30.8886756897,-62.2937507629,-33.704334259,-32.7066879272,8.50899887085],[-533.892211914,420.202423096,144.760360718,431.958129883,67.9312820435,15.3510026932,49.8042068481,-61.6434516907,46.0006370544,-25.3348674774,-31.5277557373,-24.4338150024,-58.7031326294],[-575.913452148,-20.9749011993,114.789718628,67.9312820435,239.797531128,59.7229995728,7.87987089157,-8.7903175354,28.4708518982,-10.9305267334,-4.86410284042,2.05799484253,-17.3169937134],[-172.812637329,-101.040039062,32.294380188,15.3510026932,59.7229995728,137.236343384,30.1769866943,13.5530195236,13.9647712708,9.56415367126,20.2534217834,7.23093938828,-5.8145198822],[-765.663208008,91.6042480469,36.3166847229,49.8042068481,7.87987089157,30.1769866943,171.325958252,56.7711868286,53.6864852905,-28.0366382599,-21.5403575897,0.966012239456,-22.9949092865],[-252.956176758,-46.9444732666,45.9684715271,-61.6434516907,-8.7903175354,13.5530195236,56.7711868286,132.667434692,-5.98606061935,-1.27086877823,20.613237381,-0.453628540039,24.6433048248],[-502.879241943,-18.8493080139,-30.8886756897,46.0006370544,28.4708518982,13.9647712708,53.6864852905,-5.98606061935,198.02746582,-20.6650371552,-46.2481689453,11.1767148972,-48.7771873474],[291.376586914,-97.2021255493,-62.2937507629,-25.3348674774,-10.9305267334,9.56415367126,-28.0366382599,-1.27086877823,-20.6650371552,115.783668518,55.0474700928,11.3248386383,12.1725435257],[89.7150802612,-101.348655701,-33.704334259,-31.5277557373,-4.86410284042,20.2534217834,-21.5403575897,20.613237381,-46.2481689453,55.0474700928,131.118133545,44.6971092224,-1.78797578812],[46.2963027954,-118.683494568,-32.7066879272,-24.4338150024,2.05799484253,7.23093938828,0.966012239456,-0.453628540039,11.1767148972,11.3248386383,44.6971092224,91.7474746704,8.3631439209],[251.227050781,-57.5471458435,8.50899887085,-58.7031326294,-17.3169937134,-5.8145198822,-22.9949092865,24.6433048248,-48.7771873474,12.1725435257,-1.78797578812,8.3631439209,130.593139648]],"icov":[[0.000120328768389,0.0000106654870251,0.000147591432324,-0.0000217097222048,0.000205915683182,-0.000104833641672,0.000456139125163,-0.0000231751964748,0.000231119338423,-0.000140721997013,0.000245275092311,-0.000129109554109,-0.0000277616418316],[0.0000106654870251,0.000845383678097,-0.000350944144884,-0.000641629914753,0.00028911040863,0.000661387864966,-0.000402409001254,0.000283136148937,0.000209753328818,0.000225685638725,-0.0000637257689959,0.000713163695764,0.0000407191546401],[0.000147591432324,-0.000350944144884,0.00253621465527,-0.000548314361367,-0.00074825505726,-0.000593228265643,0.000949723063968,-0.00139081210364,0.000900627812371,0.000642915139906,0.000711652741302,-0.00023714308918,-0.000244861381361],[-0.0000217097222048,-0.000641629914753,-0.000548314361367,0.00374932959676,-0.000625430140644,-0.000322173407767,-0.00116984418128,0.00208593299612,-0.000577448110562,-0.000250271114055,-0.00040475957212,0.000292820710456,0.000566584523767],[0.000205915683182,0.00028911040863,-0.00074825505726,-0.000625430140644,0.00578631740063,-0.00212840782478,0.00124965363648,0.000390579894884,-0.000233120721532,-0.0000561151318834,0.000497512693983,-0.000367814820493,0.000266263989033],[-0.000104833641672,0.000661387864966,-0.000593228265643,-0.000322173407767,-0.00212840782478,0.00957924127579,-0.00251295464113,0.000396606628783,-0.000550198135898,-0.000343328400049,-0.0021063524764,0.00109149038326,-0.000258336018305],[0.000456139125163,-0.000402409001254,0.000949723063968,-0.00116984418128,0.00124965363648,-0.00251295464113,0.011129851453,-0.00529372692108,-0.000471213075798,0.000345706241205,0.00289737107232,-0.00221629068255,0.00134333095048],[-0.0000231751964748,0.000283136148937,-0.00139081210364,0.00208593299612,0.000390579894884,0.000396606628783,-0.00529372692108,0.0123510705307,-0.000618847843725,0.00060355477035,-0.00388373830356,0.00263575441204,-0.00250509916805],[0.000231119338423,0.000209753328818,0.000900627812371,-0.000577448110562,-0.000233120721532,-0.000550198135898,-0.000471213075798,-0.000618847843725,0.0078068417497,-0.00076709483983,0.00425303028896,-0.00278664194047,0.00253204233013],[-0.000140721997013,0.000225685638725,0.000642915139906,-0.000250271114055,-0.0000561151318834,-0.000343328400049,0.000345706241205,0.00060355477035,-0.00076709483983,0.0121062304825,-0.0056861853227,0.0020577616524,-0.00148453528527],[0.000245275092311,-0.0000637257689959,0.000711652741302,-0.00040475957212,0.000497512693983,-0.0021063524764,0.00289737107232,-0.00388373830356,0.00425303028896,-0.0056861853227,0.0154483215883,-0.00759857567027,0.00330364401452],[-0.000129109554109,0.000713163695764,-0.00023714308918,0.000292820710456,-0.000367814820493,0.00109149038326,-0.00221629068255,0.00263575441204,-0.00278664194047,0.0020577616524,-0.00759857567027,0.0158571600914,-0.00253023183905],[-0.0000277616418316,0.0000407191546401,-0.000244861381361,0.000566584523767,0.000266263989033,-0.000258336018305,0.00134333095048,-0.00250509916805,0.00253204233013,-0.00148453528527,0.00330364401452,-0.00253023183905,0.010023788549]],"mean":[-769.294128418,154.022064209,51.2881851196,50.1381072998,4.19796848297,2.02823829651,-7.19634199142,-5.70516109467,-8.56466293335,1.23521065712,-5.91592931747,-7.21612501144,-0.138262569904]},"pitch_salience":{"dmean":0.060299500823,"dmean2":0.0996415391564,"dvar":0.00331355421804,"dvar2":0.00896296091378,"max":0.996097624302,"mean":0.555216908455,"median":0.569881498814,"min":0.0984897166491,"var":0.012797575444},"silence_rate_20dB":{"dmean":0,"dmean2":0,"dvar":0,"dvar2":0,"max":1,"mean":1,"median":1,"min":1,"var":0},"silence_rate_30dB":{"dmean":0.0080333231017,"dmean2":0.0160690378398,"dvar":0.00796895846725,"dvar2":0.0202749762684,"max":1,"mean":0.990480422974,"median":1,"min":0,"var":0.00942941848189},"silence_rate_60dB":{"dmean":0.00267777452245,"dmean2":0.00535634579137,"dvar":0.00267105479725,"dvar2":0.00622216612101,"max":1,"mean":0.0618771389127,"median":0,"min":0,"var":0.0580493733287},"spectral_centroid":{"dmean":84.4134292603,"dmean2":131.35559082,"dvar":48440.8945312,"dvar2":116171.226562,"max":11799.3730469,"mean":596.052124023,"median":332.497955322,"min":139.678939819,"var":1591083.625},"spectral_complexity":{"dmean":1.19131207466,"dmean2":1.9409314394,"dvar":2.45216751099,"dvar2":5.4350566864,"max":44,"mean":7.50156164169,"median":6,"min":0,"var":23.2450561523},"spectral_contrast_coeffs":{"dmean":[0.0423426441848,0.0407899059355,0.0301758404821,0.0228369478136,0.0184812173247,0.0140280099586],"dmean2":[0.0714301094413,0.0673120841384,0.0492499619722,0.0372970700264,0.0297489576042,0.0226260907948],"dvar":[0.00133110082243,0.00121506757569,0.000655310810544,0.000390554429032,0.000300679996144,0.000235413215705],"dvar2":[0.00381467700936,0.00319989025593,0.00166779616848,0.000935872260015,0.000678759068251,0.000550594879314],"max":[-0.246173501015,-0.395804077387,-0.524091184139,-0.549854815006,-0.565122187138,-0.589516460896],"mean":[-0.576170265675,-0.666770517826,-0.771168828011,-0.805860102177,-0.803236067295,-0.791068732738],"median":[-0.573426365852,-0.665837883949,-0.76981317997,-0.806473374367,-0.804154753685,-0.787674248219],"min":[-0.976568520069,-0.999224603176,-0.998361229897,-0.986169755459,-0.986965954304,-0.973718643188],"var":[0.00909081753343,0.0070654861629,0.00413478305563,0.00360693898983,0.00313279242255,0.0023134665098]},"spectral_contrast_valleys":{"dmean":[0.353977680206,0.32225343585,0.304968982935,0.28171262145,0.239386096597,0.221551522613],"dmean2":[0.598148286343,0.536987066269,0.502071380615,0.448492020369,0.371743381023,0.333190649748],"dvar":[0.119667895138,0.116870820522,0.120222516358,0.126965358853,0.132196560502,0.149332582951],"dvar2":[0.330611258745,0.315432608128,0.314302444458,0.303557634354,0.32588878274,0.353003293276],"max":[-5.56389093399,-5.01940870285,-5.89349079132,-6.35272932053,-6.29558324814,-7.42024374008],"mean":[-7.55353689194,-7.72105312347,-9.28153991699,-9.86213111877,-9.47747039795,-11.6515827179],"median":[-7.06850671768,-7.336602211,-8.9078207016,-9.50043678284,-9.07138347626,-11.5739173889],"min":[-28.2744903564,-28.1126842499,-27.8750228882,-27.7149734497,-27.6882858276,-27.4077110291],"var":[6.25106334686,6.93022823334,5.91531801224,5.61393213272,5.84098148346,5.0154337883]},"spectral_decrease":{"dmean":1.58099888736e-9,"dmean2":2.4775943519e-9,"dvar":5.95245662161e-18,"dvar2":1.42290599811e-17,"max":3.48603353259e-24,"mean":-5.91376769776e-9,"median":-4.35240998797e-9,"min":-7.30087137413e-8,"var":2.89380435362e-17},"spectral_energy":{"dmean":0.00610801344737,"dmean2":0.00955547578633,"dvar":0.0000891793242772,"dvar2":0.000211893391679,"max":0.282869666815,"mean":0.0230914205313,"median":0.0169331785291,"min":9.99287898236e-21,"var":0.000445593264885},"spectral_energyband_high":{"dmean":0.000131900960696,"dmean2":0.000178074231371,"dvar":4.16826907212e-7,"dvar2":6.39211464204e-7,"max":0.0413256362081,"mean":0.000306337402435,"median":0.0000354161384166,"min":6.99594707753e-21,"var":0.00000205133505915},"spectral_energyband_low":{"dmean":0.00359394447878,"dmean2":0.00578019535169,"dvar":0.0000429093233834,"dvar2":0.000108391519461,"max":0.219987988472,"mean":0.00830301642418,"median":0.00650808075443,"min":1.01433573239e-23,"var":0.0000756144727347},"spectral_energyband_middle_high":{"dmean":0.000157791568199,"dmean2":0.000231990547036,"dvar":3.09808200427e-7,"dvar2":6.82796496676e-7,"max":0.0201338939369,"mean":0.000544402806554,"median":0.000148926294059,"min":1.23979318569e-21,"var":0.00000102052672446},"spectral_energyband_middle_low":{"dmean":0.00479195360094,"dmean2":0.00741781666875,"dvar":0.0000595053825236,"dvar2":0.000146538950503,"max":0.196928098798,"mean":0.0174995362759,"median":0.0117102470249,"min":1.38953923083e-22,"var":0.000322669220623},"spectral_entropy":{"dmean":0.193254515529,"dmean2":0.296236723661,"dvar":0.0539681762457,"dvar2":0.123796232045,"max":9.82207679749,"mean":6.40398359299,"median":6.40351581573,"min":3.95692324638,"var":0.815900921822},"spectral_flux":{"dmean":0.0164304450154,"dmean2":0.0259524695575,"dvar":0.000362257298548,"dvar2":0.000882208754774,"max":0.364727765322,"mean":0.0520492345095,"median":0.0447678864002,"min":6.3595573252e-11,"var":0.00139245332684},"spectral_kurtosis":{"dmean":3.45870780945,"dmean2":5.72172451019,"dvar":23.9074764252,"dvar2":61.4264678955,"max":95.942199707,"mean":12.5275430679,"median":7.31749534607,"min":-1.28047156334,"var":195.144943237},"spectral_rms":{"dmean":0.000568098213989,"dmean2":0.00088374200277,"dvar":4.12668725858e-7,"dvar2":9.81841253633e-7,"max":0.0166123565286,"mean":0.0043212804012,"median":0.00406450172886,"min":3.12236282836e-12,"var":0.00000385470866604},"spectral_rolloff":{"dmean":87.7118225098,"dmean2":149.488464355,"dvar":114985.617188,"dvar2":233928.5,"max":19681.3476562,"mean":687.689575195,"median":301.46484375,"min":21.533203125,"var":5257212.5},"spectral_skewness":{"dmean":0.332109332085,"dmean2":0.535987555981,"dvar":0.152518853545,"dvar2":0.369407385588,"max":8.76499462128,"mean":2.6576397419,"median":2.29490208626,"min":-0.0935841500759,"var":1.84281015396},"spectral_spread":{"dmean":512787.375,"dmean2":816695.3125,"dvar":982181478400,"dvar2":2483851624450,"max":42580136,"mean":4873737.5,"median":4047542.5,"min":1036908.625,"var":20726511829000},"spectral_strongpeak":{"dmean":0.260062396526,"dmean2":0.440776050091,"dvar":0.313875287771,"dvar2":0.799034893513,"max":29.0542793274,"mean":0.671896874905,"median":0.509734094143,"min":0,"var":0.603033065796},"zerocrossingrate":{"dmean":0.00485426513478,"dmean2":0.00614634295925,"dvar":0.0000474972766824,"dvar2":0.0000629268397461,"max":0.5302734375,"mean":0.0329379588366,"median":0.0185546875,"min":0.0048828125,"var":0.00386835238896}},"metadata":{"audio_properties":{"analysis_sample_rate":44100,"bit_rate":0,"codec":"flac","downmix":"mix","equal_loudness":0,"length":156.066665649,"lossless":true,"md5_encoded":"feda692d5c2fc0f9f5c56d39ec016344","replay_gain":0.0154209136963},"tags":{"album":["Morrison Hotel"],"albumartist":["The Doors"],"albumartistsort":["Doors, The"],"artist":["The Doors"],"artistsort":["Doors, The"],"asin":["B0000264WI"],"barcode":["075597500721"],"catalognumber":["7559-75007-2"],"date":["1991"],"discnumber":["1"],"disctotal":["1"],"file_name":"10 Indian Summer.flac","genre":["Album Rock","Acid Rock"],"label":["Elektra"],"language":["eng"],"media":["CD"],"musicbrainz_albumartistid":["9efff43b-3b29-4082-824e-bc82f646f93d"],"musicbrainz_albumid":["fc626cef-657e-36b7-aa1f-0c62f4a2351f"],"musicbrainz_artistid":["9efff43b-3b29-4082-824e-bc82f646f93d"],"musicbrainz_recordingid":["a6233412-21ce-47a4-9236-3a90b0d3d0e8"],"musicbrainz_releasegroupid":["deee6f92-2662-3095-8aea-6892b10b8265"],"musicbrainz_releasetrackid":["109d6844-3c5e-3da8-a0e3-5246366cf04a"],"musicbrainz_workid":["001f8de3-c3ff-4e0f-ba0e-4ec20f75cb81"],"originaldate":["1970-02"],"releasecountry":["XE"],"releasestatus":["official"],"releasetype":["album"],"script":["Latn"],"title":["Indian Summer"],"totaldiscs":["1"],"totaltracks":["11"],"tracknumber":["10"],"tracktotal":["11"],"writer":["Robby Krieger","Jim Morrison"]},"version":{"essentia":"2.1-beta1","essentia_build_sha":"7598a69e7b456135ce4c070efb04a3d0ebb71fdd","essentia_git_sha":"v2.1_beta1-6-g5578087","extractor":"music 1.0"}},"rhythm":{"beats_count":265,"beats_loudness":{"dmean":0.0147385383025,"dmean2":0.0249019004405,"dvar":0.000288142153295,"dvar2":0.000651014677715,"max":0.162534788251,"mean":0.0285713039339,"median":0.0226001106203,"min":0,"var":0.000566893373616