{"lowlevel":{"average_loudness":0.813499331474,"barkbands":{"dmean":[0.00000988288411463,0.00159854849335,0.00176456663758,0.00219002785161,0.00290667754598,0.0014510913752,0.000580100226216,0.0010571499588,0.000719220959581,0.000304013054119,0.00010464135994,0.00019936269382,0.00024545067572,0.000279445346678,0.000165079996805,0.0000826985415188,0.0000901989842532,0.000120640273963,0.0000583006622037,0.0000398599586333,0.0000331444571202,0.0000186432407645,0.0000107656769615,0.0000119900196296,0.00000765983622841,0.00000315724469147,1.29621169354e-9],"dmean2":[0.000016556628907,0.00264067505486,0.00298647582531,0.0036053378135,0.00477634603158,0.00222329236567,0.000880295876414,0.00148779246956,0.000996763119474,0.000448405917268,0.000160595300258,0.000304115994368,0.000381871766876,0.000433195848018,0.000256865896517,0.000127736362629,0.000143252080306,0.000189289072296,0.0000929502857616,0.0000606921166764,0.00004870651901,0.0000264088739641,0.0000155739180627,0.0000157439062605,0.0000100750921774,0.00000490459342473,2.41602116091e-9],"dvar":[4.11011197299e-10,0.0000124354282889,0.0000120878057714,0.0000176553003257,0.0000214907740883,0.00000613626252743,0.00000304495938508,0.0000105533054011,0.00000527025395058,4.37183956592e-7,5.52050849478e-8,1.70964341351e-7,2.35335974708e-7,3.62299033441e-7,1.59904516295e-7,6.73979485555e-8,2.83685803737e-8,6.83057521655e-8,2.02303045427e-8,8.5144629125e-9,1.23887451409e-8,4.02128996768e-9,1.22644150391e-9,4.21012824603e-9,1.61422419875e-9,1.22335752639e-10,4.32984184395e-17],"dvar2":[1.07756481516e-9,0.0000317213198286,0.0000329054964823,0.0000486057833768,0.0000569857365917,0.0000132578998091,0.00000571248892811,0.0000188647554751,0.00000936463584367,8.44346629947e-7,1.19854462355e-7,3.63629084177e-7,5.17084799867e-7,7.96510050804e-7,3.68462195866e-7,1.42394441127e-7,6.56962058088e-8,1.56843910304e-7,4.64409701806e-8,1.83689383704e-8,2.28960690407e-8,6.1056355527e-9,2.37947483939e-9,5.14672793273e-9,2.04831729356e-9,3.18125359389e-10,1.2872228674e-16],"max":[0.000348720350303,0.0412977747619,0.0647843182087,0.0937173366547,0.0742944404483,0.051538862288,0.0739360675216,0.0792635306716,0.0646114647388,0.0240680780262,0.00723564624786,0.0147865246981,0.0124259246513,0.0189227107912,0.0121772782877,0.00971952918917,0.00363677088171,0.00910747796297,0.00463382806629,0.00316117750481,0.00628398545086,0.00407729437575,0.00179202039726,0.00429260730743,0.00253849360161,0.000304529443383,3.66662533224e-7],"mean":[0.0000105053377411,0.00240278802812,0.00327443238348,0.00415101554245,0.00639284215868,0.00364314741455,0.00115715072025,0.00227469275706,0.00246363109909,0.00067461526487,0.00018791272305,0.000404759484809,0.000468719721539,0.000538692460395,0.000297171296552,0.000146768623381,0.000175996829057,0.000249230739428,0.000102948331914,0.000073259936471,0.0000620136852376,0.000035355995351,0.0000179126163857,0.0000191567141883,0.0000114053391371,0.0000037234347019,9.95832305506e-10],"median":[0.00000273566865872,0.00104930950329,0.00136322178878,0.00163368880749,0.00378384022042,0.00169854424894,0.000425371603342,0.000378169002943,0.00027807650622,0.000238528562477,0.0000640666839899,0.000159489180078,0.00017835079052,0.000250970391789,0.000119800883112,0.000057211946114,0.000085101564764,0.000110000204586,0.0000463185060653,0.0000347838140442,0.0000171483770828,0.0000106910702016,0.0000052376617532,0.00000305219828078,0.00000160629883794,4.34923322246e-7,2.85130752342e-10],"min":[1.48852290433e-26,2.41935435478e-24,3.97848044571e-25,7.99338407853e-25,9.18718138729e-24,8.34814577305e-24,6.53709626178e-24,4.23144752902e-24,4.68105170221e-24,7.92478779105e-24,1.25445481564e-23,1.621043527e-23,2.79916847699e-23,2.71992708352e-23,4.77093830028e-23,5.59267671922e-23,6.04776931326e-23,9.55779328927e-23,1.04089224567e-22,1.64965910924e-22,2.68049281039e-22,3.11801046699e-22,3.5953791046e-22,6.18539146243e-22,8.21919655e-22,1.28084929373e-21,1.77269510668e-21],"var":[4.28306778932e-10,0.0000144595414895,0.0000216761691263,0.0000504908566654,0.0000653375100228,0.0000264511290879,0.00000725867312212,0.000042178962758,0.0000518205488333,0.00000221447135118,1.82002864335e-7,7.2440667509e-7,7.08204538569e-7,9.43838983858e-7,3.46841034116e-7,1.26645801402e-7,7.75314177304e-8,2.5502751555e-7,3.82298601664e-8,1.87314341815e-8,3.61858667475e-8,1.09191429232e-8,2.82437340182e-9,1.25950698759e-8,4.90527929387e-9,1.27921617743e-10,2.34730845678e-17]},"barkbands_crest":{"dmean":2.33988380432,"dmean2":3.81288385391,"dvar":5.08015823364,"dvar2":12.7708234787,"max":25.2373580933,"mean":10.4528827667,"median":9.70440483093,"min":2.63073611259,"var":14.5830068588},"barkbands_flatness_db":{"dmean":0.0216141212732,"dmean2":0.0329292677343,"dvar":0.000421424716478,"dvar2":0.000906029366888,"max":0.39225640893,"mean":0.191980481148,"median":0.193199813366,"min":0.036729555577,"var":0.00250747217797},"barkbands_kurtosis":{"dmean":3.23297667503,"dmean2":5.05403804779,"dvar":44.9828910828,"dvar2":91.2979278564,"max":301.345489502,"mean":6.3816781044,"median":3.9490134716,"min":-1.84777760506,"var":102.315101624},"barkbands_skewness":{"dmean":0.517004430294,"dmean2":0.796274721622,"dvar":0.325423181057,"dvar2":0.70133972168,"max":14.7467937469,"mean":1.80364394188,"median":1.78110480309,"min":-3.64962649345,"var":1.58909225464},"barkbands_spread":{"dmean":3.69325995445,"dmean2":5.66679334641,"dvar":26.226896286,"dvar2":58.2161445618,"max":114.160751343,"mean":13.968380928,"median":11.1854782104,"min":0.708265662193,"var":126.781944275},"dissonance":{"dmean":0.020724715665,"dmean2":0.0340829379857,"dvar":0.000379671080736,"dvar2":0.00101953733247,"max":0.500000059605,"mean":0.446617394686,"median":0.453764677048,"min":0.215453222394,"var":0.00123375596013},"dynamic_complexity":4.35685682297,"erbbands":{"dmean":[0.0237773749977,0.444843202829,1.79725825787,4.89881372452,8.09079933167,10.2693729401,13.3630104065,10.6608037949,7.34414243698,11.7994737625,26.5520801544,19.7192382812,10.0894622803,6.57369565964,4.48970317841,8.90748214722,8.37760543823,15.2738265991,9.49510002136,6.11132001877,5.10533237457,3.92853832245,5.28628730774,5.51477813721,1.95578384399,1.91907525063,1.80966520309,0.848189949989,0.714909136295,0.438664793968,0.318347781897,0.267756909132,0.191492050886,0.104898050427,0.0446763858199,0.0175981614739,0.00582509301603,0.000340269500157,0.0000098274440461,0.00000900404756976],"dmean2":[0.0376288332045,0.742653250694,3.06050562859,8.02218723297,12.9368009567,17.4938144684,20.4871349335,16.9703102112,11.1320171356,17.1285686493,36.9423408508,26.3154888153,14.9264507294,9.35983371735,6.96744728088,13.4634399414,12.8034534454,23.5126934052,14.5721340179,9.38258838654,7.86765956879,6.17385435104,8.19755935669,8.69630527496,3.06329321861,2.92111968994,2.74359083176,1.20503044128,1.02116644382,0.638273537159,0.459243297577,0.369220286608,0.240512058139,0.140415623784,0.0619169734418,0.0269158277661,0.00914794672281,0.000551217584871,0.0000150944961206,0.000013924038285],"dvar":[0.00289477291517,0.947147428989,12.6315755844,90.2514648438,170.005599976,390.870819092,553.719421387,429.931213379,295.323699951,1836.36791992,6408.94335938,4011.03686523,544.653015137,340.844787598,75.7464523315,341.673309326,272.361846924,1051.06359863,472.993469238,293.756530762,120.207878113,52.4194374084,133.613754272,202.349807739,20.4190711975,20.8305568695,31.0150413513,10.9840354919,6.44653892517,1.52117276192,1.15049505234,1.52647900581,1.43541836739,0.476795762777,0.0237154364586,0.00336619536392,0.000459048344055,0.0000024762373414,8.35765456841e-10,1.31272173687e-10],"dvar2":[0.00681422511116,2.45759248734,34.4758644104,246.63104248,411.471710205,1090.27124023,1196.47387695,1003.43560791,571.342163086,3172.08105469,11334.8310547,7188.37158203,1074.59448242,607.539428711,173.35118103,703.722351074,596.997192383,2248.49536133,1055.48547363,596.861083984,262.385864258,123.596702576,310.683746338,477.27835083,43.0515327454,44.1864089966,65.1276168823,19.1129970551,10.0175676346,2.6808180809,2.22725462914,2.2863304615,1.67815577984,0.670306682587,0.0353503748775,0.00873212981969,0.00116158404853,0.00000658170984025,2.15916506896e-9,3.18071957661e-10],"max":[0.695373415947,11.3862037659,60.908618927,193.736328125,278.283294678,343.960876465,489.992401123,519.800048828,555.918395996,1423.54931641,1949.25439453,2012.83654785,911.13470459,798.610229492,272.455718994,617.319396973,467.583343506,1101.4744873,649.837036133,752.820068359,301.206329346,250.992904663,570.750671387,502.185882568,146.914489746,151.225387573,319.51852417,146.579284668,163.521774292,62.0903129578,54.7807540894,68.2614898682,91.3021316528,44.2137489319,7.61836671829,1.91572570801,0.438742429018,0.0604070313275,0.000997795490548,0.000177919428097],"mean":[0.0296294894069,0.698919713497,3.44318342209,10.1454715729,19.3119773865,17.631652832,31.4502754211,24.9607963562,16.4742240906,23.3136692047,64.5719223022,67.3105926514,22.9793453217,15.9406661987,10.1998138428,17.8226051331,17.8358268738,33.0431900024,18.8121967316,11.9262685776,10.444729805,8.48318767548,11.2673187256,11.0342035294,3.65604090691,3.60193252563,3.524954319,1.52029192448,1.3285793066,0.823000192642,0.5197879076,0.42566806078,0.295783191919,0.157261058688,0.0635727196932,0.0216783694923,0.006642206572,0.000364296487533,0.0000226207066589,0.0000337600431521],"median":[0.0128777818754,0.307866185904,1.48520004749,4.31385469437,9.40658378601,10.8352718353,13.5508823395,10.5508317947,7.35997533798,7.7669210434,10.943564415,8.86819839478,9.48759078979,5.23784542084,4.40553283691,7.75489044189,8.41086578369,16.4961967468,8.94562244415,5.08691978455,4.95372676849,4.50351524353,5.62056064606,4.71368408203,1.95519924164,1.77093243599,1.15074491501,0.432769834995,0.373149037361,0.27512794733,0.150395065546,0.0784365087748,0.0422500893474,0.0211866609752,0.0088331438601,0.00289276707917,0.000659626792185,0.0000408119267377,0.0000174922242877,0.0000311214935209],"min":[5.75860445985e-23,3.13628780619e-22,8.59444089565e-22,3.59913473885e-21,1.32774314413e-20,2.4280746277e-20,2.96647097877e-20,6.0989202711e-20,1.01457870344e-19,1.98317249793e-19,1.83944366265e-19,1.63989435318e-19,2.29635134965e-19,4.54216713375e-19,7.6716447151e-19,9.46028992386e-19,1.1118147021e-18,1.89061269345e-18,2.16214693043e-18,2.44576606937e-18,3.91641689108e-18,4.70050759757e-18,5.93612724914e-18,5.16322374684e-18,6.74117333568e-18,9.06061465665e-18,9.35097573117e-18,1.00003662788e-17,1.20188234582e-17,1.16994258626e-17,1.18166232934e-17,1.10638914175e-17,1.01569267533e-17,8.43867078896e-18,6.12953944715e-18,3.51239086063e-18,2.31259185191e-18,9.0710611206e-19,2.45840843936e-19,2.59592815324e-20],"var":[0.00302147981711,1.14131951332,21.672454834,306.470916748,890.338806152,530.913085938,2339.96459961,1751.2220459,841.209777832,4675.03808594,27597.6621094,37062.6757812,1990.97351074,2065.0078125,370.957427979,1130.52258301,877.774230957,3114.39868164,1082.91174316,827.892089844,308.450408936,143.110809326,531.934143066,542.759155273,41.1613540649,45.1112289429,85.3454055786,30.025680542,17.1482410431,4.1450881958,2.57898926735,3.96494054794,4.28228139877,1.30918633938,0.0718322247267,0.00383806088939,0.000495876243804,0.00000216021567212,9.32577126633e-10,6.30936469737e-10]},"erbbands_crest":{"dmean":2.411870718,"dmean2":3.74692463875,"dvar":6.0924448967,"dvar2":13.4330739975,"max":31.183177948,"mean":10.6495065689,"median":8.98532485962,"min":2.12535238266,"var":32.1955718994},"erbbands_flatness_db":{"dmean":0.0176938772202,"dmean2":0.0241382010281,"dvar":0.000298222788842,"dvar2":0.000560811546165,"max":0.343312054873,"mean":0.192995473742,"median":0.197820991278,"min":0.0421381443739,"var":0.00206551211886},"erbbands_kurtosis":{"dmean":0.951810181141,"dmean2":1.46332120895,"dvar":2.31819009781,"dvar2":5.03310060501,"max":30.0420341492,"mean":0.73885422945,"median":-0.176395893097,"min":-1.85504746437,"var":7.25744056702},"erbbands_skewness":{"dmean":0.34675359726,"dmean2":0.523593187332,"dvar":0.116240009665,"dvar2":0.24596658349,"max":4.66069221497,"mean":0.519791781902,"median":0.475805133581,"min":-3.16401934624,"var":0.741780221462},"erbbands_spread":{"dmean":6.1719994545,"dmean2":9.18639659882,"dvar":48.4317245483,"dvar2":109.898742676,"max":163.295700073,"mean":32.787689209,"median":32.0739212036,"min":3.75708985329,"var":215.590148926},"gfcc":{"cov":[[32399.8339844,3892.74560547,-3436.31835938,910.464111328,-1459.93212891,-103.904067993,-860.979125977,-236.770782471,-275.938262939,-281.237060547,-258.704986572,-498.11340332,-104.785003662],[3892.74560547,1732.42614746,-475.906524658,48.4477844238,272.11151123,-224.255554199,92.8114318848,-121.688491821,55.0046882629,-209.198852539,103.011367798,-173.382751465,-31.4781036377],[-3436.31835938,-475.906524658,931.445922852,1.48548698425,182.292236328,99.7016372681,45.9263305664,82.1769332886,-20.4431781769,70.364616394,-21.9567146301,89.7593231201,-7.98797273636],[910.464111328,48.4477844238,1.48548698425,313.980834961,25.3129634857,31.0878276825,-19.5008010864,2.08945798874,11.8966732025,-4.26060771942,20.1795883179,-33.6171722412,33.492351532],[-1459.93212891,272.11151123,182.292236328,25.3129634857,530.339904785,-35.5662612915,90.3935394287,21.886510849,-7.02378129959,-12.5235462189,58.8973655701,24.6574859619,-43.094039917],[-103.904067993,-224.255554199,99.7016372681,31.0878276825,-35.5662612915,231.625259399,26.2527866364,47.180519104,-16.2773532867,44.4801902771,-7.80575227737,15.5877428055,-4.35118675232],[-860.979125977,92.8114318848,45.9263305664,-19.5008010864,90.3935394287,26.2527866364,205.153396606,4.38153076172,55.1762580872,-32.3733673096,43.4941635132,-17.2162380219,0.488925695419],[-236.770782471,-121.688491821,82.1769332886,2.08945798874,21.886510849,47.180519104,4.38153076172,131.399215698,8.95143318176,35.8835983276,-14.0251464844,24.4331150055,-18.7567977905],[-275.938262939,55.0046882629,-20.4431781769,11.8966732025,-7.02378129959,-16.2773532867,55.1762580872,8.95143318176,151.375793457,-6.37492036819,21.4274520874,-40.4858169556,42.2333068848],[-281.237060547,-209.198852539,70.364616394,-4.26060771942,-12.5235462189,44.4801902771,-32.3733673096,35.8835983276,-6.37492036819,113.458992004,-7.24421548843,35.689617157,-4.37296533585],[-258.704986572,103.011367798,-21.9567146301,20.1795883179,58.8973655701,-7.80575227737,43.4941635132,-14.0251464844,21.4274520874,-7.24421548843,106.505126953,-5.29439973831,8.87493801117],[-498.11340332,-173.382751465,89.7593231201,-33.6171722412,24.6574859619,15.5877428055,-17.2162380219,24.4331150055,-40.4858169556,35.689617157,-5.29439973831,103.165496826,-3.5752723217],[-104.785003662,-31.4781036377,-7.98797273636,33.492351532,-43.094039917,-4.35118675232,0.488925695419,-18.7567977905,42.2333068848,-4.37296533585,8.87493801117,-3.5752723217,102.889221191]],"icov":[[0.000224096584134,-0.00069365586387,0.000466820201837,-0.000648994115181,0.000695423979778,-0.000447935570264,0.00053968152497,-0.000233237427892,0.000290645955829,-0.00037300522672,0.000639797537588,-0.00036874084617,0.000287596776616],[-0.00069365586387,0.00333435996436,-0.000986934057437,0.00196850090288,-0.00283709657378,0.00188665336464,-0.00169567367993,0.00092183612287,-0.000894402095582,0.0023183717858,-0.00246293796226,0.00234710820951,-0.000576445832849],[0.000466820201837,-0.000986934057437,0.00253139086999,-0.0014153328957,0.000693721987773,-0.00114798953291,0.000816269195639,-0.000732756452635,0.000607390888035,-0.000774225045461,0.00171051640064,-0.00114082102664,0.000465861259727],[-0.000648994115181,0.00196850090288,-0.0014153328957,0.0056241909042,-0.00245452555828,0.000512223108672,-0.000612055649981,0.000279958476312,-0.000583028187975,0.00123228912707,-0.00262532755733,0.00270877685398,-0.00233953818679],[0.000695423979778,-0.00283709657378,0.000693721987773,-0.00245452555828,0.00512919481844,-0.000830823322758,0.000676039489917,-0.00115902989637,0.00117520592175,-0.00162066542543,0.00109482253902,-0.00238425261341,0.00186321267392],[-0.000447935570264,0.00188665336464,-0.00114798953291,0.000512223108672,-0.000830823322758,0.00678303139284,-0.00282233115286,-0.000925826840103,0.000810268218629,-0.000720777141396,-0.00134775473271,0.00157501373906,-0.000543586211279],[0.00053968152497,-0.00169567367993,0.000816269195639,-0.000612055649981,0.000676039489917,-0.00282233115286,0.00858272053301,-0.000548986310605,-0.00197575683706,0.00158678798471,-0.000550675962586,-0.000636805314571,0.00122019473929],[-0.000233237427892,0.00092183612287,-0.000732756452635,0.000279958476312,-0.00115902989637,-0.000925826840103,-0.000548986310605,0.0101604731753,-0.00255159568042,-0.00111589324661,0.000662410340738,-0.00143701781053,0.00211960752495],[0.000290645955829,-0.000894402095582,0.000607390888035,-0.000583028187975,0.00117520592175,0.000810268218629,-0.00197575683706,-0.00255159568042,0.0106543852016,-0.00202480400912,-0.0000730514948373,0.00379256368615,-0.003991285339],[-0.00037300522672,0.0023183717858,-0.000774225045461,0.00123228912707,-0.00162066542543,-0.000720777141396,0.00158678798471,-0.00111589324661,-0.00202480400912,0.0138268554583,-0.00226129428484,-0.00148045481183,0.000510320940521],[0.000639797537588,-0.00246293796226,0.00171051640064,-0.00262532755733,0.00109482253902,-0.00134775473271,-0.000550675962586,0.000662410340738,-0.0000730514948373,-0.00226129428484,0.0135241793469,-0.00224956101738,0.0000995444788714],[-0.00036874084617,0.00234710820951,-0.00114082102664,0.00270877685398,-0.00238425261341,0.00157501373906,-0.000636805314571,-0.00143701781053,0.00379256368615,-0.00148045481183,-0.00224956101738,0.0160905700177,-0.00268523907289],[0.000287596776616,-0.000576445832849,0.000465861259727,-0.00233953818679,0.00186321267392,-0.000543586211279,0.00122019473929,0.00211960752495,-0.003991285339,0.000510320940521,0.0000995444788714,-0.00268523907289,0.0133295767009]],"mean":[-71.0520172119,132.315628052,-122.133071899,27.6046562195,-52.2684173584,0.998279511929,-41.2487258911,-1.35397875309,-25.5944900513,-3.7827193737,-14.68567276,-10.3802394867,-13.1489620209]},"hfc":{"dmean":3.11826586723,"dmean2":4.4921836853,"dvar":17.2099914551,"dvar2":33.3270301819,"max":105.093734741,"mean":13.714009285,"median":11.7043819427,"min":1.08970510732e-16,"var":118.732154846},"melbands":{"dmean":[0.000330399343511,0.000806434371043,0.00087553873891,0.000657512282487,0.000448806124041,0.000241304587689,0.000114759401185,0.000144950841786,0.000216788146645,0.000109175423859,0.0000492122053402,0.000027879337722,0.0000146678175952,0.0000236605319515,0.0000151461281348,0.0000276538030448,0.0000300979027088,0.0000169716240634,0.0000098451064332,0.00000635120022707,0.00000701241333445,0.00000495100221087,0.00000393837080992,0.00000644664169158,0.00000469362021249,0.00000166883285146,0.00000128860926907,0.00000136158212172,0.00000124347627661,8.52027653764e-7,4.43928513505e-7,4.3760158519e-7,3.49169511082e-7,2.16982812162e-7,1.94374209173e-7,1.68629625819e-7,1.74373667505e-7,1.47560669461e-7,1.12103272443e-7,8.30549211628e-8],"dmean2":[0.000531876110472,0.00135991512798,0.00142628047615,0.00109444092959,0.000702211284079,0.000378132681362,0.000173448686837,0.000206119249924,0.000301098596537,0.000146479316754,0.0000732423213776,0.0000397135481762,0.0000226186784857,0.0000360531157639,0.0000232051152125,0.0000429222054663,0.0000463721880806,0.0000262047287833,0.0000152887951117,0.00000988758347376,0.0000108739186544,0.00000779765650805,0.00000615668477622,0.0000101334098872,0.00000746571731725,0.00000265485596174,0.00000198473003366,0.00000209364247894,0.0000019258679913,0.00000128404576571,6.3686076146e-7,6.35572519059e-7,5.1850656746e-7,3.18121692544e-7,2.8496455684e-7,2.4413139954e-7,2.44238179903e-7,1.94198463532e-7,1.50001497445e-7,1.14782949368e-7],"dvar":[5.42460441011e-7,0.00000256065391113,0.00000244661964643,0.00000118969296636,5.67708525523e-7,1.99805157308e-7,7.35424876552e-8,2.26624777611e-7,3.83935059745e-7,1.29542470972e-7,1.34923352491e-8,6.32922736443e-9,9.15827247372e-10,2.47734766035e-9,1.68132097134e-9,2.85706391878e-9,4.44588987847e-9,1.53854562424e-9,7.34756089305e-10,4.63703048181e-10,2.02752772904e-10,9.20656259562e-11,8.15799441889e-11,1.91383506265e-10,1.61127527987e-10,1.69937206668e-11,9.56738247654e-12,1.09323296943e-11,1.29764116119e-11,1.03667725446e-11,3.60480308798e-12,2.63733826444e-12,1.04815288393e-12,3.89216951854e-13,4.2608321385e-13,4.36294257016e-13,7.67580714701e-13,8.38592541762e-13,8.42250965152e-13,2.27630658463e-13],"dvar2":[0.00000132285799737,0.0000068692579589,0.00000664908293402,0.00000323074459629,0.00000131496244649,4.5849250796e-7,1.41486935945e-7,3.95623260374e-7,6.80945561271e-7,2.35363629031e-7,2.62146517827e-8,1.13212790254e-8,1.98867611267e-9,5.14352826997e-9,3.47999340455e-9,6.10631190057e-9,9.56942436403e-9,3.33207283987e-9,1.70070768579e-9,9.73583991204e-10,4.53730941707e-10,2.19247869859e-10,1.89910726034e-10,4.51859855088e-10,3.82778142516e-10,3.79158232588e-11,2.04223235545e-11,2.41593862971e-11,2.77138104132e-11,2.24586078901e-11,6.90987458224e-12,4.10534410286e-12,1.92226898461e-12,7.49666062734e-13,8.67127387689e-13,8.33910794151e-13,1.28368377126e-12,1.05883064903e-12,1.31182207024e-12,3.24105705381e-13],"max":[0.00873382482678,0.0243919361383,0.0330748036504,0.0152279809117,0.016090547666,0.0113972183317,0.00834791362286,0.0136095928028,0.0132498322055,0.0124634774402,0.00456792162731,0.00356314517558,0.000941570964642,0.00222691753879,0.00184200482909,0.00145017390605,0.0024889933411,0.00136005657259,0.000889883260243,0.000923636602238,0.000323104497511,0.000310007191729,0.000358896824764,0.00047266331967,0.000432337110396,0.000140643736813,0.000105339437141,0.000106338884507,0.000179162321729,0.000169488514075,0.0000989586478681,0.000101651909063,0.00005722739661,0.0000292925706162,0.0000360654776159,0.0000276032496913,0.0000520980465808,0.0000655502662994,0.0000637767006992,0.0000289306717605],"mean":[0.00046507731895,0.00152736518066,0.00200647814199,0.00135551381391,0.00101260503288,0.000583704619203,0.000250486365985,0.000283291039523,0.000565662165172,0.000363168714102,0.000101251389424,0.0000652130474919,0.000029182572689,0.0000488798832521,0.0000292599488603,0.0000553269237571,0.0000614611926721,0.0000313283562718,0.0000177969359356,0.0000117444124044,0.0000131831557155,0.00000965262279351,0.00000735645880923,0.0000129146965264,0.00000870966778166,0.00000281504708255,0.00000221236564357,0.00000236546611632,0.00000230854425354,0.00000150761525219,6.91253376317e-7,7.62393085552e-7,6.53293966479e-7,3.72308221586e-7,3.01726515772e-7,2.59033953398e-7,2.63420957936e-7,2.22507850367e-7,1.6472127129e-7,1.20293364603e-7],"median":[0.000207764300285,0.000739615701605,0.000993556226604,0.000760406488553,0.000510130194016,0.000251368706813,0.000102879144833,0.0000786178643466,0.0000809451012174,0.0000463254909846,0.0000373606089852,0.0000188425692613,0.0000106511160993,0.0000189943475561,0.000013963262063,0.000020989236873,0.0000287691073027,0.0000131834640342,0.00000724069059288,0.00000465294533569,0.00000586745591136,0.00000453234360975,0.00000315283477903,0.00000552661549591,0.00000321689094562,0.00000129774707602,0.00000103417448827,0.00000103986326394,7.76727972607e-7,3.65569519545e-7,1.67305998389e-7,2.02566951657e-7,1.90224767493e-7,1.19447690849e-7,8.41380725092e-8,5.87876876068e-8,4.18761203491e-8,3.00094811223e-8,1.88043074445e-8,1.55014667769e-8],"min":[7.52885495284e-25,5.62192669551e-25,8.18352963201e-25,1.30592382846e-24,1.13693029825e-24,1.33966557874e-24,1.73716124901e-24,1.61412389552e-24,1.37290867033e-24,8.46606805382e-25,8.73697570766e-25,1.55857586045e-24,1.83014132568e-24,1.85105343663e-24,2.81533413021e-24,2.03203883589e-24,2.87955943802e-24,2.78615436254e-24,2.990171542e-24,3.70936399916e-24,3.09174152507e-24,4.21544193569e-24,3.83572649997e-24,4.72008098992e-24,3.13372312472e-24,3.36945487915e-24,4.81033772153e-24,5.68498843349e-24,4.9132702646e-24,4.88040631929e-24,4.74536910953e-24,5.33110622027e-24,4.14561788481e-24,5.46450220491e-24,5.94996365611e-24,6.1373544087e-24,5.66046550896e-24,6.34562591502e-24,6.40563338079e-24,5.76393250529e-24],"var":[5.96645975293e-7,0.00000412506415159,0.0000085334004325,0.000003188524488,0.00000206927711588,8.38980042772e-7,2.0960213476e-7,6.19880040631e-7,0.00000175844706973,0.00000111494171051,4.84118807265e-8,3.89766405817e-8,3.75554165544e-9,1.14858895728e-8,3.99512734006e-9,9.63457047476e-9,1.25613501822e-8,3.56970875082e-9,1.48554013535e-9,9.89597070955e-10,5.19001230881e-10,2.35012148631e-10,2.5463434139e-10,6.27674745513e-10,4.08479639002e-10,3.15329290457e-11,1.95147474569e-11,2.14043349017e-11,3.46724697564e-11,2.3906565963e-11,8.57686404537e-12,6.64223884228e-12,2.82224894496e-12,9.4341450884e-13,8.50637648427e-13,9.75233565778e-13,1.81899178879e-12,2.36042023601e-12,2.01370278959e-12,6.44260686467e-13]},"melbands_crest":{"dmean":3.20149517059,"dmean2":5.21013641357,"dvar":8.89990901947,"dvar2":23.36668396,"max":38.6000671387,"mean":14.4140911102,"median":13.7281961441,"min":1.49837613106,"var":26.7197360992},"melbands_flatness_db":{"dmean":0.025094948709,"dmean2":0.0371072888374,"dvar":0.000652384129353,"dvar2":0.00132090761326,"max":0.506670415401,"mean":0.24810358882,"median":0.251327484846,"min":0.00248326477595,"var":0.0049312710762},"melbands_kurtosis":{"dmean":6.73581790924,"dmean2":10.6695642471,"dvar":1003.47631836,"dvar2":2650.46411133,"max":2177.78588867,"mean":14.1368103027,"median":9.32294559479,"min":-1.76747810841,"var":881.626464844},"melbands_skewness":{"dmean":0.667103886604,"dmean2":1.0230922699,"dvar":0.736232995987,"dvar2":1.74110770226,"max":42.2028274536,"mean":2.650629282,"median":2.60590839386,"min":-1.96286833286,"var":2.47293305397},"melbands_spread":{"dmean":4.83567237854,"dmean2":7.45704317093,"dvar":64.8578872681,"dvar2":143.569076538,"max":185.235748291,"mean":17.3616352081,"median":11.8930463791,"min":0.375458329916,"var":451.579315186},"mfcc":{"cov":[[11732.7050781,2003.17285156,-384.632110596,490.915649414,-212.044235229,108.135398865,-315.190917969,-66.6168289185,-61.5017738342,74.3430480957,-36.2905426025,-2.59355998039,-194.821166992],[2003.17285156,2003.36437988,-362.869842529,329.083618164,174.098937988,8.18823623657,71.8778457642,92.5462036133,-97.645111084,19.5482940674,60.5945510864,-61.6844978333,3.01551890373],[-384.632110596,-362.869842529,569.385498047,-55.5203094482,-1.51768255234,22.690870285,5.33648443222,-8.92974662781,54.9787864685,-9.17456245422,-20.1750125885,30.2985057831,-28.4227294922],[490.915649414,329.083618164,-55.5203094482,323.719299316,130.710159302,16.0787944794,32.8507995605,11.6186790466,-7.4249382019,-0.705433905125,7.61313915253,-19.4778079987,27.8829421997],[-212.044235229,174.098937988,-1.51768255234,130.710159302,282.546661377,23.5636138916,68.1305236816,18.2184925079,6.61887550354,11.071893692,7.12892436981,-2.87918567657,45.4205055237],[108.135398865,8.18823623657,22.690870285,16.0787944794,23.5636138916,136.860961914,53.2899665833,18.0355587006,9.88994693756,9.9540309906,5.86848020554,3.35142683983,11.1777057648],[-315.190917969,71.8778457642,5.33648443222,32.8507995605,68.1305236816,53.2899665833,175.158721924,59.3562240601,-18.420835495,9.32294368744,23.7242012024,-3.36020088196,36.4716720581],[-66.6168289185,92.5462036133,-8.92974662781,11.6186790466,18.2184925079,18.0355587006,59.3562240601,119.972213745,11.5842628479,13.3859548569,24.6399230957,1.85156273842,13.2857685089],[-61.5017738342,-97.645111084,54.9787864685,-7.4249382019,6.61887550354,9.88994693756,-18.420835495,11.5842628479,112.598754883,30.3957443237,-10.3152666092,18.148853302,3.84580397606],[74.3430480957,19.5482940674,-9.17456245422,-0.705433905125,11.071893692,9.9540309906,9.32294368744,13.3859548569,30.3957443237,94.8042831421,25.3595657349,15.2860803604,1.17974615097],[-36.2905426025,60.5945510864,-20.1750125885,7.61313915253,7.12892436981,5.86848020554,23.7242012024,24.6399230957,-10.3152666092,25.3595657349,84.9827346802,17.038022995,-6.28911685944],[-2.59355998039,-61.6844978333,30.2985057831,-19.4778079987,-2.87918567657,3.35142683983,-3.36020088196,1.85156273842,18.148853302,15.2860803604,17.038022995,80.82006073,20.6650485992],[-194.821166992,3.01551890373,-28.4227294922,27.8829421997,45.4205055237,11.1777057648,36.4716720581,13.2857685089,3.84580397606,1.17974615097,-6.28911685944,20.6650485992,90.1121063232]],"icov":[[0.000135750873596,-0.000134536865517,0.0000175178629434,-0.000196313500055,0.00018719061336,-0.000232417514781,0.000255263090366,0.0000197496556211,0.0000737760710763,-0.000152612148668,0.000217798995436,-0.000225389550906,0.000258252199274],[-0.000134536865517,0.000870296615176,0.000339407240972,-0.000402602279792,-0.00040375435492,0.000225680341828,-0.000183139753062,-0.000552160025109,0.000435889349319,-0.0000358430188498,-0.000332936033374,0.000366018124623,0.000117379313451],[0.0000175178629434,0.000339407240972,0.00222077313811,-0.0000227289783652,-0.000285495771095,-0.000257633306319,-0.000472501240438,0.0000074643685366,-0.000795830856077,0.000492835533805,0.000521126610693,-0.000976962503046,0.00138793769293],[-0.000196313500055,-0.000402602279792,-0.0000227289783652,0.00472984509543,-0.00185062980745,0.000070438705734,-0.000203085190151,0.000352449686034,-0.000480486371089,0.000609840732068,-0.000694741145708,0.00120549427811,-0.00123977800831],[0.00018719061336,-0.00040375435492,-0.000285495771095,-0.00185062980745,0.00527321454138,-0.000238666354562,-0.00108868442476,0.000574126432184,-0.000560737389605,-0.000520999659784,0.000159736402566,0.0000307784357574,-0.00133670773357],[-0.000232417514781,0.000225680341828,-0.000257633306319,0.000070438705734,-0.000238666354562,0.00889491196722,-0.0031861893367,0.000149142739247,-0.00111438869499,-0.000104746803117,-0.000238814391196,0.000171315274201,-0.000335583492415],[0.000255263090366,-0.000183139753062,-0.000472501240438,-0.000203085190151,-0.00108868442476,-0.0031861893367,0.0099355019629,-0.00368179776706,0.00261025386862,-0.000894624739885,-0.00105359416921,0.00102429662365,-0.00247077387758],[0.0000197496556211,-0.000552160025109,0.0000074643685366,0.000352449686034,0.000574126432184,0.000149142739247,-0.00368179776706,0.0112506849691,-0.0025924295187,0.000206432814593,-0.00244935182855,0.000503360002767,-0.000700451084413],[0.0000737760710763,0.000435889349319,-0.000795830856077,-0.000480486371089,-0.000560737389605,-0.00111438869499,0.00261025386862,-0.0025924295187,0.0121988886967,-0.00431887293234,0.0028461907059,-0.00179420609493,-0.0000647882479825],[-0.000152612148668,-0.0000358430188498,0.000492835533805,0.000609840732068,-0.000520999659784,-0.000104746803117,-0.000894624739885,0.000206432814593,-0.00431887293234,0.0134781887755,-0.0040922658518,-0.000886534922756,0.000170815794263],[0.000217798995436,-0.000332936033374,0.000521126610693,-0.000694741145708,0.000159736402566,-0.000238814391196,-0.00105359416921,-0.00244935182855,0.0028461907059,-0.0040922658518,0.0160978361964,-0.00480082212016,0.00375458295457],[-0.000225389550906,0.000366018124623,-0.000976962503046,0.00120549427811,0.0000307784357574,0.000171315274201,0.00102429662365,0.000503360002767,-0.00179420609493,-0.000886534922756,-0.00480082212016,0.0163690038025,-0.00570696266368],[0.000258252199274,0.000117379313451,0.00138793769293,-0.00123977800831,-0.00133670773357,-0.000335583492415,-0.00247077387758,-0.000700451084413,-0.0000647882479825,0.000170815794263,0.00375458295457,-0.00570696266368,0.0158630870283]],"mean":[-697.880310059,157.239639282,-9.49846458435,27.2638378143,4.61284732819,2.74510264397,-4.79099941254,-3.58860015869,-9.53996658325,0.403673231602,1.08918762207,-4.16067266464,-10.2880964279]},"pitch_salience":{"dmean":0.0689198151231,"dmean2":0.111161142588,"dvar":0.00413081841543,"dvar2":0.0106261987239,"max":0.949959397316,"mean":0.554281413555,"median":0.560431241989,"min":0.0531673170626,"var":0.0131405359134},"silence_rate_20dB":{"dmean":0,"dmean2":0,"dvar":0,"dvar2":0,"max":1,"mean":1,"median":1,"min":1,"var":0},"silence_rate_30dB":{"dmean":0.00279081566259,"dmean2":0.005582339596,"dvar":0.0027829578612,"dvar2":0.00707332184538,"max":1,"mean":0.996955871582,"median":1,"min":0,"var":0.00303498655558},"silence_rate_60dB":{"dmean":0.0248636305332,"dmean2":0.0497335717082,"dvar":0.0242483727634,"dvar2":0.051318667829,"max":1,"mean":0.130771175027,"median":0,"min":0,"var":0.113663293421},"spectral_centroid":{"dmean":184.531204224,"dmean2":282.163391113,"dvar":73313.796875,"dvar2":147098.890625,"max":11717.8515625,"mean":1060.05432129,"median":749.635131836,"min":170.520507812,"var":2161539.75},"spectral_complexity":{"dmean":2.29912471771,"dmean2":3.59299659729,"dvar":5.71690034866,"dvar2":12.5346040726,"max":50,"mean":13.9303655624,"median":14,"min":0,"var":44.0105819702},"spectral_contrast_coeffs":{"dmean":[0.0522389449179,0.0439443849027,0.0361777730286,0.0307389423251,0.0237702224404,0.0214004646987],"dmean2":[0.0847742334008,0.0702807381749,0.0573483072221,0.0488263592124,0.0378628894687,0.032882001251],"dvar":[0.00202007871121,0.00143108412158,0.000889771385118,0.000661219819449,0.000423293793574,0.000429000559961],"dvar2":[0.00511306663975,0.0034414625261,0.00218631257303,0.00159985315986,0.00100771547295,0.000952519127168],"max":[-0.245608866215,-0.365878134966,-0.4269554317,-0.568244636059,-0.579487919807,-0.56916218996],"mean":[-0.582926571369,-0.694407165051,-0.7496535182,-0.758071899414,-0.779175341129,-0.769167900085],"median":[-0.577230870724,-0.699469685555,-0.755170881748,-0.754163980484,-0.777962684631,-0.768724441528],"min":[-0.982616126537,-0.981676399708,-0.994381010532,-0.974393904209,-0.969864428043,-0.964927434921],"var":[0.0111968647689,0.00946656707674,0.00638816412538,0.00405076844618,0.0028698774986,0.0031573746819]},"spectral_contrast_valleys":{"dmean":[0.451466262341,0.359290808439,0.32229706645,0.297997385263,0.273539423943,0.36831972003],"dmean2":[0.722101807594,0.583593964577,0.512741088867,0.464808821678,0.402153283358,0.484950661659],"dvar":[0.18335480988,0.118452899158,0.103654570878,0.0931939557195,0.0955575406551,0.178293272853],"dvar2":[0.382835447788,0.255647867918,0.207959637046,0.178809031844,0.167746633291,0.326690226793],"max":[-5.2678103447,-4.88425970078,-5.82777070999,-6.00447034836,-5.81002378464,-7.71411895752],"mean":[-7.90440034866,-7.29504728317,-8.10320091248,-8.50447559357,-8.57368183136,-11.6151275635],"median":[-7.22950172424,-6.70569515228,-7.57196235657,-7.98311901093,-8.04134941101,-11.3199977875],"min":[-28.2550067902,-28.3815517426,-27.7000789642,-27.7802066803,-27.5388431549,-27.5162124634],"var":[8.66602993011,8.78394794464,8.02343845367,7.73077297211,7.64914608002,5.69013643265]},"spectral_decrease":{"dmean":2.03058858617e-9,"dmean2":3.1714648685e-9,"dvar":6.92691591505e-18,"dvar2":1.69661708495e-17,"max":9.95462817982e-20,"mean":-7.41765360246e-9,"median":-6.73021016695e-9,"min":-4.08438651789e-8,"var":3.27458437546e-17},"spectral_energy":{"dmean":0.00788800604641,"dmean2":0.0122921317816,"dvar":0.000103435129859,"dvar2":0.000252352445386,"max":0.157911926508,"mean":0.0292398873717,"median":0.0266436710954,"min":9.84701165901e-21,"var":0.000499429472256},"spectral_energyband_high":{"dmean":0.0000899357328308,"dmean2":0.000121775730804,"dvar":7.14874133223e-8,"dvar2":9.32343269255e-8,"max":0.0140441451222,"mean":0.000189028782188,"median":0.0000709182058927,"min":7.03734488225e-21,"var":2.60124664919e-7},"spectral_energyband_low":{"dmean":0.00379304750822,"dmean2":0.00620360299945,"dvar":0.0000450782536063,"dvar2":0.000116681781947,"max":0.09812271595,"mean":0.00800251401961,"median":0.00481356494129,"min":4.82180933682e-24,"var":0.00010607906006},"spectral_energyband_middle_high":{"dmean":0.000863272463903,"dmean2":0.00127092469484,"dvar":0.00000148712183545,"dvar2":0.0000029466336855,"max":0.03070631437,"mean":0.00312219117768,"median":0.00232961471193,"min":1.0850499276e-21,"var":0.0000102627591332},"spectral_energyband_middle_low":{"dmean":0.00596900423989,"dmean2":0.00929523911327,"dvar":0.0000603959997534,"dvar2":0.000148041479406,"max":0.134981393814,"mean":0.020378453657,"median":0.0168334525079,"min":1.5458335283e-22,"var":0.000308402872179},"spectral_entropy":{"dmean":0.175930127501,"dmean2":0.254182368517,"dvar":0.0315840914845,"dvar2":0.0635404288769,"max":9.81700706482,"mean":7.11878967285,"median":7.05424499512,"min":5.35317564011,"var":0.335951060057},"spectral_flux":{"dmean":0.0227827839553,"dmean2":0.0355671942234,"dvar":0.000634461815935,"dvar2":0.0013980648946,"max":0.262580186129,"mean":0.0684697553515,"median":0.0619958639145,"min":6.38754119042e-11,"var":0.00177262327634},"spectral_kurtosis":{"dmean":2.89527058601,"dmean2":4.8445558548,"dvar":8.91852092743,"dvar2":24.1491641998,"max":44.714099884,"mean":7.2498717308,"median":6.35750341415,"min":-1.25982189178,"var":22.3174781799},"spectral_rms":{"dmean":0.000705819868017,"dmean2":0.00107672798913,"dvar":6.44547014872e-7,"dvar2":0.00000147811226725,"max":0.0124121075496,"mean":0.00480028055608,"median":0.00509841367602,"min":3.09949028249e-12,"var":0.00000548388015886},"spectral_rolloff":{"dmean":302.364135742,"dmean2":505.635375977,"dvar":464913.96875,"dvar2":1096789.75,"max":19681.3476562,"mean":1285.92553711,"median":645.99609375,"min":43.06640625,"var":7172051},"spectral_skewness":{"dmean":0.307075470686,"dmean2":0.492769420147,"dvar":0.0772802680731,"dvar2":0.19894091785,"max":4.95288228989,"mean":1.86940741539,"median":1.85162472725,"min":-0.0784432590008,"var":0.368740141392},"spectral_spread":{"dmean":442979.28125,"dmean2":649629.625,"dvar":506084851712,"dvar2":1096422326270,"max":43247980,"mean":4136334.5,"median":3119141.25,"min":1449517.125,"var":26797406158800},"spectral_strongpeak":{"dmean":0.413976997137,"dmean2":0.672613382339,"dvar":0.43240827322,"dvar2":0.961550056934,"max":11.4885387421,"mean":1.12040162086,"median":0.592827916145,"min":0,"var":1.68251252174},"zerocrossingrate":{"dmean":0.00665742345154,"dmean2":0.00787128973752,"dvar":0.000105045503005,"dvar2":0.000135965150548,"max":0.52880859375,"mean":0.0483190976083,"median":0.033203125,"min":0.00341796875,"var":0.00488072400913}},"metadata":{"audio_properties":{"analysis_sample_rate":44100,"bit_rate":320046,"codec":"mp3","downmix":"mix","equal_loudness":0,"length":183.039993286,"lossless":false,"md5_encoded":"a7c374de0e4f3e65a7e130eb90495633","replay_gain":-10.6536388397,"sample_rate":44100},"tags":{"album":["Dr. Byrds &amp; Mr. Hyde"],"albumartist":["The Byrds"],"artist":["The Byrds"],"date":["1997"],"file_name":"334935.mp3","genre":["Other"],"musicbrainz_recordingid":["a652281c-ed55-44ee-ab38-a3e3505a1600"],"title":["King Apathy Ii"],"tracknumber":["5"]},"version":{"essentia":"2.1-beta2","essentia_build_sha":"70f2e5ece6736b2c40cc944ad0e695b16b925413","essentia_git_sha":"v2.1_beta2","extractor":"music 1.0"}},"rhythm":{"beats_count":414,"beats_loudness":{"dmean":0.019115826115,"dmean2":0.0342990010977,"dvar":0.00028793909587,"dvar2":0.000902547792066,"max":0.101844139397,"mean":0.0326301604509,"median":0.0313886106014,"min":0,"var":0.0004383418418},"beats_loudness_band_ratio":{"dmean":[0.212277472019,0.177436590195,0.130182430148,0.0662436336279,0.0367025472224,0.0326765924692],"dmean2":[0.373492002487,0.314028680325,0.224971860647,0.117713674903,0.064923979342,0.0625680088997],"dvar":[0.0321912430227,0.0238101202995,0.0218425877392,0.00600004615262,0.00184943713248,0.00372587656602],"dvar2":[0.0893251299858,0.0715370774269,0.063993781805,0.0161247905344,0.00534159876406,0.0105563625693],"max":[0.980015695095,0.881489336491,0.871545732021,0.581905066967,0.268280595541,0.527544558048],"mean":[0.428976088762,0.305698245764,0.179259642959,0.0756011605263,0.0444676280022,0.0250005796552],"median":[0.436495304108,0.275513321161,0.107253059745,0.0511489771307,0.0315162092447,0.00926647149026],"min":[0,0,0,0,0,0],"var":[0.0655586868525,0.0318661853671,0.0324987359345,0.00632086116821,0.00191419268958,0.002