{"lowlevel":{"average_loudness":0.841948091984,"barkbands":{"dmean":[0.000100384473626,0.00339243304916,0.00451189698651,0.00147323322017,0.00144228897989,0.000390049477573,0.000460318318801,0.000717987481039,0.000517202715855,0.000427047169069,0.000189481317648,0.000170169092598,0.000204238778679,0.000203208910534,0.000146220336319,0.000115052789624,0.000148758495925,0.000100387602288,0.000136273345561,0.000161553412909,0.0000876673293533,0.000104345439468,0.000110272230813,0.000113376881927,0.0000583356486459,0.0000106367160697,3.50579512087e-7],"dmean2":[0.000153847344336,0.00559176597744,0.00756238913164,0.00246537500061,0.00231126858853,0.000616014353,0.000729091640096,0.00110789923929,0.000805782037787,0.000668498512823,0.000303464796161,0.000276648381259,0.000325010885717,0.000318172998959,0.000238925116719,0.000185964134289,0.000244483060669,0.000161841438967,0.000213564097066,0.000243362475885,0.000125701044453,0.000148508639541,0.000155029483722,0.000164665136253,0.0000820577042759,0.0000153496075654,5.13929080626e-7],"dvar":[3.87554131009e-8,0.0000305006124108,0.0000404215825256,0.00000678005108057,0.00000555263250135,4.06948544196e-7,0.0000019678316221,0.00000298676445709,0.00000201136913347,0.00000133452567752,2.76746362715e-7,2.3831863416e-7,4.8878052894e-7,4.02593684612e-7,1.20054991726e-7,7.44794519392e-8,7.64625838201e-8,4.19523225048e-8,1.52528102149e-7,1.8107137123e-7,6.4069197947e-8,1.02097310162e-7,1.0962398278e-7,1.62951138805e-7,4.23624797463e-8,1.4891793354e-9,2.20441742117e-12],"dvar2":[8.73673897672e-8,0.0000778705798439,0.000106764622615,0.0000194000258489,0.0000139325366035,0.00000104488833585,0.00000503029150423,0.00000743865166442,0.00000496492111779,0.00000322475443681,6.56771192098e-7,6.15098713297e-7,0.00000120992058328,9.14021882181e-7,3.00011436138e-7,1.85555762755e-7,2.04122130754e-7,1.07058511389e-7,3.5851584812e-7,3.97510149241e-7,1.32831644351e-7,1.88402225376e-7,2.15017749383e-7,3.55459860657e-7,9.26080119257e-8,3.35613692393e-9,4.97227042526e-12],"max":[0.00320412870497,0.070566996932,0.0900049358606,0.0628436952829,0.0377394892275,0.0122462641448,0.0396307595074,0.0397447906435,0.0352594144642,0.0310266166925,0.0191725380719,0.0172650124878,0.0185517854989,0.0165650006384,0.0062107895501,0.00710106408224,0.003981445916,0.00460395682603,0.0106863370165,0.0144356107339,0.00700701586902,0.0101147722453,0.00776698254049,0.00859013106674,0.00506882648915,0.000651864567772,0.0000368011387764],"mean":[0.000129209831357,0.00584703078493,0.00837012939155,0.00307458895259,0.00297156861052,0.000858596293256,0.000780208676588,0.00131029298063,0.000980477198027,0.000792690610979,0.000336262572091,0.000313332915539,0.000341229781043,0.000332211522618,0.000254541664617,0.000213808278204,0.000292347365757,0.000201861839741,0.000271893222816,0.00030312416493,0.000149696992594,0.000181361581781,0.000180093818926,0.000169781545992,0.0000826073737699,0.0000125856231534,4.12668555327e-7],"median":[0.0000322270279867,0.00379387335852,0.0051343771629,0.00149270170368,0.0017006926937,0.000523503229488,0.000271323049674,0.00040793849621,0.000325588945998,0.000228687014896,0.000102636447991,0.0000877329657669,0.0000622565275989,0.0000819055567263,0.0000892325042514,0.0000669143264531,0.000118287818623,0.0000639835343463,0.0000578277213208,0.000059798687289,0.0000295478548651,0.0000294508408842,0.000019184750272,0.0000139218600452,0.00000541057988812,8.13967062641e-7,5.61274084987e-8],"min":[3.47791467476e-25,2.22851411066e-24,1.75030150232e-24,1.02970230895e-24,1.16815493144e-23,1.28349530991e-23,1.40488475269e-23,1.0321931767e-23,7.6119263449e-24,1.81227760992e-23,1.69498188193e-23,2.85944723203e-23,3.18222513307e-23,4.67320790045e-23,5.94635903509e-23,7.42296717905e-23,1.01332206191e-22,1.05137854213e-22,1.46451774619e-22,2.1417290849e-22,2.81597089873e-22,3.36411537945e-22,4.31125131721e-22,5.31133812329e-22,9.44003516256e-22,1.3636600493e-21,1.97213509744e-21],"var":[6.780661721e-8,0.0000459797520307,0.0000941206453717,0.0000190267455764,0.0000148156041178,0.00000111032670702,0.00000350342702404,0.0000067659789238,0.00000430882755609,0.00000303215642816,6.35400397186e-7,5.08213247485e-7,0.00000103516822492,8.00274222001e-7,2.62778058868e-7,1.63178384582e-7,1.95896234345e-7,1.09293921469e-7,4.57041096524e-7,5.32135572939e-7,1.5469089476e-7,2.90785919788e-7,2.65407862798e-7,3.2077852552e-7,7.23778299516e-8,1.79916304077e-9,2.37919688291e-12]},"barkbands_crest":{"dmean":2.53893494606,"dmean2":4.13437318802,"dvar":5.29850959778,"dvar2":14.073425293,"max":25.085565567,"mean":11.225022316,"median":10.7051858902,"min":2.35895586014,"var":16.712430954},"barkbands_flatness_db":{"dmean":0.0213226098567,"dmean2":0.0327115729451,"dvar":0.000422222277848,"dvar2":0.000957571843173,"max":0.369921505451,"mean":0.164708703756,"median":0.158570155501,"min":0.0414825156331,"var":0.00325741549022},"barkbands_kurtosis":{"dmean":4.62884521484,"dmean2":7.32774066925,"dvar":62.9035835266,"dvar2":151.725265503,"max":181.188079834,"mean":9.31580257416,"median":4.48765039444,"min":-1.93513143063,"var":179.09487915},"barkbands_skewness":{"dmean":0.614561915398,"dmean2":0.950303077698,"dvar":0.438767373562,"dvar2":1.02037477493,"max":12.3484716415,"mean":2.32747077942,"median":2.09799003601,"min":-2.07928323746,"var":2.17322731018},"barkbands_spread":{"dmean":5.29242658615,"dmean2":7.89009523392,"dvar":63.3310852051,"dvar2":123.659751892,"max":111.075035095,"mean":18.6213989258,"median":14.7979049683,"min":0.742633998394,"var":251.860137939},"dissonance":{"dmean":0.0176967866719,"dmean2":0.0295710805804,"dvar":0.000280753883999,"dvar2":0.000776271976065,"max":0.499999970198,"mean":0.45737233758,"median":0.46412050724,"min":0.293374598026,"var":0.000911702110898},"dynamic_complexity":3.65622353554,"erbbands":{"dmean":[0.0863228961825,0.869385957718,4.36225986481,5.08942365646,4.43251752853,5.21885299683,4.52011537552,3.11483645439,5.17303609848,12.5773210526,13.9800815582,11.7393255234,15.7404603958,8.09682655334,8.24366855621,7.16011333466,8.42738437653,11.3604440689,7.19922971725,7.18540716171,5.84382820129,6.36858797073,5.92079639435,4.75542497635,8.34882354736,7.53451061249,3.88382363319,3.51943039894,3.84589934349,3.49811887741,3.21808981895,2.94227075577,1.5165169239,0.744627654552,0.35480004549,0.107405975461,0.0107334526256,0.00113000208512,0.0000603903354204,0.0000115310722322],"dmean2":[0.142825335264,1.43690824509,7.35329246521,8.41854000092,7.23917484283,8.5081653595,7.04322624207,5.03428316116,8.00849056244,19.6707115173,22.0009784698,18.1532592773,24.6562633514,12.6286935806,13.3217086792,11.4523916245,13.2945718765,17.7533359528,11.4068660736,11.4428853989,9.3962726593,10.2719259262,9.56330013275,7.51827383041,12.9229183197,11.3346071243,5.6487121582,5.0341091156,5.48032808304,4.94210672379,4.52620077133,4.29926395416,2.1961479187,1.07788288593,0.494057416916,0.15850019455,0.0146772386506,0.00156876910478,0.0000834081001813,0.0000170615257957],"dvar":[0.0244601350278,1.87721455097,38.0308151245,60.0914916992,54.0297546387,99.0279769897,84.0296325684,31.9169654846,195.197387695,1282.36047363,1295.06420898,1071.50769043,2212.33007813,580.518920898,761.046325684,364.044708252,843.803466797,1315.25341797,339.061889648,323.288574219,134.919235229,159.613708496,148.600997925,131.45451355,628.579833984,435.083129883,121.557777405,113.763336182,140.843307495,119.672370911,95.7215652466,115.207702637,30.3036251068,7.98819446564,1.51862227917,0.168802544475,0.00137908209581,0.0000172965392267,4.55815190037e-8,2.94659519007e-10],"dvar2":[0.0621442832053,4.87912321091,103.228065491,156.705123901,144.912261963,251.965881348,205.851593018,88.9269638062,462.36114502,3139.85180664,3451.25683594,2525.23388672,5671.23828125,1466.93261719,1788.63183594,936.573364258,2008.05444336,3096.82519531,817.372924805,786.647949219,337.429962158,419.527648926,388.633361816,322.462615967,1503.5802002,970.745117188,258.537689209,234.033737183,269.839874268,225.509414673,195.465927124,263.113128662,64.9450912476,18.2161598206,3.32801866531,0.403525799513,0.00278920750134,0.0000364193329006,9.36231003834e-8,5.93820159711e-10],"max":[2.18141293526,16.3801326752,73.2250366211,190.419509888,136.182479858,163.988845825,195.733581543,109.547103882,518.061889648,1307.66540527,785.666137695,750.961669922,1740.52246094,595.665161133,1462.94836426,523.794921875,795.64654541,832.064025879,611.544006348,530.434997559,244.53086853,219.995788574,258.262237549,400.821044922,683.0078125,640.528381348,280.050170898,307.138580322,376.092376709,290.707763672,199.203125,218.470321655,197.347045898,91.9147262573,31.0641288757,6.65133190155,0.714577555656,0.0749437138438,0.00439162924886,0.00030560119194],"mean":[0.117042921484,1.58378922939,8.28868961334,11.799030304,8.58392906189,9.8617401123,8.96948623657,6.37305784225,9.87709712982,21.4750728607,25.6715526581,23.257194519,29.4121761322,16.2215232849,15.1744976044,14.0431404114,15.6424741745,20.2969093323,13.1880588531,12.9755516052,12.563744545,13.833407402,12.6938886642,10.1264982224,17.2182006836,14.1288366318,7.08866596222,5.96180438995,6.54955863953,5.87340307236,5.15663337708,4.15930223465,2.37008047104,1.09724223614,0.470572561026,0.119731910527,0.0135591849685,0.00136973359622,0.0000913229814614,0.0000381689242204],"median":[0.0479261949658,1.08565545082,5.22273492813,6.71683120728,5.1564707756,4.7574596405,4.48476791382,3.71713137627,4.49135255814,6.72718715668,8.16878128052,7.96845960617,9.40535545349,4.95864915848,4.6813287735,4.04384660721,3.12916231155,4.83427667618,4.04621553421,4.63874578476,5.25909233093,5.36540699005,4.28390884399,3.1887280941,2.84426784515,2.99272298813,1.61797809601,1.12642097473,1.02972364426,0.795446753502,0.55643671751,0.335908323526,0.193293079734,0.0767851918936,0.0285715535283,0.00661139376462,0.00102246680763,0.00012118210725,0.000024992530598,0.0000296253183478],"min":[1.17541814734e-22,4.42746655821e-22,1.84717104822e-21,5.75049863005e-21,4.5005136139e-21,3.32757182842e-20,6.07372745157e-20,1.21783423442e-19,1.88221471643e-19,1.5631184214e-19,3.21357703423e-19,1.80369395055e-19,7.60707292854e-19,3.93848477735e-19,1.08789377616e-18,1.56371070857e-18,1.95346808024e-18,2.8273717829e-18,2.63562697421e-18,3.44237932756e-18,4.00789438143e-18,5.81767746696e-18,6.60491311414e-18,8.45860170582e-18,8.26513987697e-18,9.59203105092e-18,1.0470022887e-17,1.34731748927e-17,1.30782035949e-17,9.97645827752e-18,1.20601957237e-17,8.12262741078e-18,9.7398217566e-18,8.65515305425e-18,7.51392339597e-18,3.52848490022e-18,2.39297705704e-18,9.60048462998e-19,2.75331797327e-19,2.37967826107e-20],"var":[0.0325524993241,2.90223813057,85.9708480835,194.122543335,118.672477722,234.34677124,198.673950195,66.4224777222,367.338012695,2353.46557617,2862.50170898,2305.70214844,4310.95654297,1390.92773438,1701.59387207,851.967346191,2024.06970215,2980.29541016,804.09362793,637.38861084,403.536956787,449.583679199,411.166412354,414.305206299,2014.08508301,1117.89196777,298.004882813,270.672821045,384.868865967,310.773406982,220.281234741,179.126449585,73.8906555176,14.9100112915,2.24480819702,0.180156454444,0.00196348340251,0.0000222534854402,6.27016447652e-8,1.09493814016e-9]},"erbbands_crest":{"dmean":2.19139313698,"dmean2":3.50704693794,"dvar":4.04311561584,"dvar2":10.2544775009,"max":30.7693157196,"mean":8.58218765259,"median":7.62312698364,"min":2.52015709877,"var":16.334526062},"erbbands_flatness_db":{"dmean":0.0136203188449,"dmean2":0.0195088703185,"dvar":0.000172628060682,"dvar2":0.000342360843206,"max":0.271519869566,"mean":0.152639046311,"median":0.151849195361,"min":0.0436970554292,"var":0.0013349596411},"erbbands_kurtosis":{"dmean":0.682977080345,"dmean2":1.07777392864,"dvar":0.760129094124,"dvar2":1.76981914043,"max":24.15467453,"mean":0.241947650909,"median":-0.218100458384,"min":-1.78977024555,"var":3.66058754921},"erbbands_skewness":{"dmean":0.311944901943,"dmean2":0.472612172365,"dvar":0.0933867916465,"dvar2":0.197119891644,"max":4.07089519501,"mean":0.311580121517,"median":0.353725284338,"min":-2.94436144829,"var":0.576012313366},"erbbands_spread":{"dmean":8.55003070831,"dmean2":13.0342502594,"dvar":99.4494552612,"dvar2":224.285568237,"max":168.007369995,"mean":44.5509262085,"median":41.6463165283,"min":6.36992406845,"var":397.967651367},"gfcc":{"cov":[[18239.4511719,-247.733703613,-1553.38098145,1170.6854248,-1198.15893555,498.327697754,-624.881530762,278.845245361,-337.533355713,203.378387451,18.8202915192,25.6113185883,-228.334899902],[-247.733703613,1396.51123047,-227.31312561,-300.136169434,352.865905762,-211.415100098,153.119888306,-180.283111572,133.478210449,-109.097671509,57.430141449,-77.6860809326,53.7490997314],[-1553.38098145,-227.31312561,672.619873047,46.1962966919,7.56917619705,92.9286270142,-19.1083068848,21.981502533,20.4197807312,21.3073940277,-8.28398036957,14.1231031418,28.7125701904],[1170.6854248,-300.136169434,46.1962966919,429.54675293,-96.1637954712,28.703622818,-69.3163146973,34.2192726135,-20.6311569214,9.11056423187,13.8838129044,9.24288654327,16.0904960632],[-1198.15893555,352.865905762,7.56917619705,-96.1637954712,296.441009521,-84.344833374,89.3197555542,-50.2078819275,59.3942680359,-41.3269500732,11.6633853912,-15.913271904,35.9904670715],[498.327697754,-211.415100098,92.9286270142,28.703622818,-84.344833374,187.915100098,-3.58162641525,41.9594192505,-24.609292984,36.5366172791,2.65795087814,16.1167488098,-9.60997009277],[-624.881530762,153.119888306,-19.1083068848,-69.3163146973,89.3197555542,-3.58162641525,146.935882568,-3.61619400978,20.0921058655,-23.6382465363,11.7243347168,-10.2163906097,8.21893501282],[278.845245361,-180.283111572,21.981502533,34.2192726135,-50.2078819275,41.9594192505,-3.61619400978,116.525535583,4.99836063385,27.4523429871,-2.53307819366,18.4765663147,-8.96166038513],[-337.533355713,133.478210449,20.4197807312,-20.6311569214,59.3942680359,-24.609292984,20.0921058655,4.99836063385,103.086418152,18.1445503235,12.6290817261,-5.54758834839,19.8548870087],[203.378387451,-109.097671509,21.3073940277,9.11056423187,-41.3269500732,36.5366172791,-23.6382465363,27.4523429871,18.1445503235,83.2462463379,24.4787540436,19.5916500092,-0.898555517197],[18.8202915192,57.430141449,-8.28398036957,13.8838129044,11.6633853912,2.65795087814,11.7243347168,-2.53307819366,12.6290817261,24.4787540436,80.6293334961,27.6258907318,10.0609483719],[25.6113185883,-77.6860809326,14.1231031418,9.24288654327,-15.913271904,16.1167488098,-10.2163906097,18.4765663147,-5.54758834839,19.5916500092,27.6258907318,78.2396392822,29.1634521484],[-228.334899902,53.7490997314,28.7125701904,16.0904960632,35.9904670715,-9.60997009277,8.21893501282,-8.96166038513,19.8548870087,-0.898555517197,10.0609483719,29.1634521484,68.4472427368]],"icov":[[0.000430311687523,-0.00118558784015,0.000945088162553,-0.00145240593702,0.00106018630322,-0.00149076012895,0.00125642295461,-0.00113340036478,0.00113111396786,-0.00114419264719,0.00107011769433,-0.000774481624831,0.00107500329614],[-0.00118558784015,0.00528777670115,-0.00210939627141,0.00498175714165,-0.00363549985923,0.00453983293846,-0.00363701861352,0.00458314269781,-0.00487515609711,0.0050639025867,-0.00512147089466,0.00398617237806,-0.004272764083],[0.000945088162553,-0.00210939627141,0.00390165043063,-0.00308349588886,0.00176026695408,-0.00422280235216,0.00313763855956,-0.00220478652045,0.0016694291262,-0.00209100823849,0.0021966539789,-0.00124449760187,0.0014091306366],[-0.00145240593702,0.00498175714165,-0.00308349588886,0.00824611261487,-0.00319154234603,0.00516809243709,-0.0031053039711,0.003549950663,-0.00429241498932,0.00558699434623,-0.00597338471562,0.00467233173549,-0.00595495989546],[0.00106018630322,-0.00363549985923,0.00176026695408,-0.00319154234603,0.00892846286297,-0.00210629613139,0.000647374195978,-0.00213674083352,0.00121801462956,-0.00177838734817,0.00252767861821,-0.00182351039257,0.00108420918696],[-0.00149076012895,0.00453983293846,-0.00422280235216,0.00516809243709,-0.00210629613139,0.0129307033494,-0.00620008027181,0.00302674132399,-0.00246007717215,0.00162865768652,-0.00391001068056,0.0027360485401,-0.00377381802537],[0.00125642295461,-0.00363701861352,0.00313763855956,-0.0031053039711,0.000647374195978,-0.00620008027181,0.0135267544538,-0.00511411344633,0.00283562322147,-0.000386962550692,0.000751312065404,-0.000664433580823,0.00230146758258],[-0.00113340036478,0.00458314269781,-0.00220478652045,0.003549950663,-0.00213674083352,0.00302674132399,-0.00511411344633,0.0153563404456,-0.00631122011691,0.00204912666231,-0.00176809087861,-0.000494495092425,-0.000788202567492],[0.00113111396786,-0.00487515609711,0.0016694291262,-0.00429241498932,0.00121801462956,-0.00246007717215,0.00283562322147,-0.00631122011691,0.0183240268379,-0.0095896339044,0.00341834197752,0.000205533884582,-0.000273577548796],[-0.00114419264719,0.0050639025867,-0.00209100823849,0.00558699434623,-0.00177838734817,0.00162865768652,-0.000386962550692,0.00204912666231,-0.0095896339044,0.0235519316047,-0.0101570468396,0.00202708411962,-0.00303097255528],[0.00107011769433,-0.00512147089466,0.0021966539789,-0.00597338471562,0.00252767861821,-0.00391001068056,0.000751312065404,-0.00176809087861,0.00341834197752,-0.0101570468396,0.0220611914992,-0.0105289444327,0.00599296204746],[-0.000774481624831,0.00398617237806,-0.00124449760187,0.00467233173549,-0.00182351039257,0.0027360485401,-0.000664433580823,-0.000494495092425,0.000205533884582,0.00202708411962,-0.0105289444327,0.024084482342,-0.0136792203411],[0.00107500329614,-0.004272764083,0.0014091306366,-0.00595495989546,0.00108420918696,-0.00377381802537,0.00230146758258,-0.000788202567492,-0.000273577548796,-0.00303097255528,0.00599296204746,-0.0136792203411,0.0258674640208]],"mean":[-36.6943435669,115.385032654,-106.235099792,45.3195304871,-54.7067108154,17.4720172882,-31.3697433472,10.0242137909,-18.0422382355,-6.5714263916,-17.384223938,-10.739613533,-10.6471223831]},"hfc":{"dmean":5.18217134476,"dmean2":7.01075458527,"dvar":117.623916626,"dvar2":209.409423828,"max":214.927490234,"mean":16.8708629608,"median":8.53196334839,"min":1.05471980109e-16,"var":497.789154053},"melbands":{"dmean":[0.000846657378133,0.00179757212754,0.000813559745438,0.000325155735482,0.000179879687494,0.000072050243034,0.0000821448047645,0.000142711069202,0.000109441905806,0.0000742025440559,0.000078479788499,0.0000344249820046,0.0000265728776867,0.0000207414523175,0.0000182406729436,0.0000208134024433,0.0000225984313147,0.0000121353368741,0.0000093626395028,0.0000100785136965,0.00000750479330236,0.00000685792656441,0.0000089131635832,0.00000417640467276,0.00000408393952966,0.00000589713272348,0.00000669262635711,0.00000503405635754,0.00000264659934146,0.00000210692769542,0.00000219846560867,0.00000226512111112,0.0000021719392862,0.00000201524630938,0.00000198808993446,0.00000187439900401,0.00000173872615505,0.00000115990042104,8.33893011531e-7,5.93842401031e-7],"dmean2":[0.0013904859079,0.0029865030665,0.00134882167913,0.000531933153979,0.000280552339973,0.000114892092824,0.000127491875901,0.000222187780309,0.000172745669261,0.000116105322377,0.000122811732581,0.0000540379805898,0.0000427544036938,0.0000339144353347,0.0000289557010547,0.0000331835144607,0.0000354293806595,0.0000192404295376,0.00001494362823,0.0000162790311151,0.0000122029887279,0.0000111376675704,0.0000147108667079,0.00000676696618029,0.00000655742860545,0.00000907759113034,0.000010457026292,0.00000768470181356,0.00000400101862397,0.0000031443169064,0.00000321664697367,0.00000326046688315,0.00000320474464388,0.00000289040053758,0.00000289508670903,0.00000269764927907,0.00000259161834038,0.00000170451323811,0.00000125172437038,8.71644033396e-7],"dvar":[0.0000021085404569,0.00000611169980402,0.00000142393412261,2.71218084436e-7,1.32748922965e-7,1.59737449934e-8,5.18156326734e-8,1.43311694956e-7,7.74722437313e-8,4.42686420854e-8,5.4104269509e-8,1.13575637783e-8,6.02439786945e-9,4.03137923044e-9,3.41543371363e-9,4.97393948251e-9,5.23527043939e-9,1.10352282867e-9,5.39348010697e-10,5.90612614371e-10,2.3498317181e-10,1.97235297539e-10,4.50353948578e-10,7.55288886989e-11,1.05778719117e-10,3.30544480676e-10,3.81477266442e-10,1.97402691415e-10,6.12948442003e-11,3.72806403803e-11,4.82101338017e-11,5.07264091842e-11,5.07784300718e-11,4.16018643146e-11,3.89324371353e-11,4.06065979452e-11,4.07829915672e-11,1.79357726587e-11,1.08024561518e-11,4.82756152761e-12],"dvar2":[0.00000536257266504,0.0000165484307217,0.00000377867445422,7.07002527633e-7,3.22637475847e-7,4.23123189819e-8,1.24974420146e-7,3.42439648193e-7,2.04221549893e-7,1.07859769116e-7,1.3795357745e-7,2.88613151156e-8,1.41167655343e-8,1.01364028282e-8,8.20702528159e-9,1.25537855666e-8,1.22858683227e-8,2.65498867336e-9,1.26452692761e-9,1.48916345921e-9,5.97224769638e-10,5.18010689898e-10,1.21175092183e-9,1.95996427421e-10,2.65359706431e-10,7.93647925157e-10,9.0859286761e-10,4.56403581595e-10,1.41197470382e-10,8.21704926324e-11,1.01374859895e-10,1.0253552174e-10,1.037486555e-10,8.24525864251e-11,8.26601564974e-11,8.92844687073e-11,9.40325733945e-11,3.95015062327e-11,2.42502441739e-11,1.12109687853e-11],"max":[0.0205977484584,0.026883430779,0.0263576637954,0.0077554625459,0.00815473496914,0.00229463353753,0.00845215562731,0.0138132181019,0.0063708666712,0.00544227054343,0.00852776411921,0.00264741014689,0.00352196814492,0.00289276824333,0.00208285963163,0.00201926007867,0.00189783680253,0.0011740316404,0.000503800692968,0.000690400134772,0.000372669805074,0.000256857805653,0.000615555094555,0.000146427890286,0.000353153795004,0.000421808566898,0.000671921647154,0.000426627375418,0.000211948208744,0.000155188521603,0.000236374718952,0.000263837166131,0.000221866226639,0.000163503456861,0.000132614644826,0.000122292738524,0.000113623893412,0.00014746907982,0.0000946169238887,0.0000711612374289],"mean":[0.00133913964964,0.00365086155944,0.00194198999088,0.000642317230813,0.000355767086148,0.000150302061229,0.0001535218762,0.000249019125476,0.000200517868507,0.00014382317022,0.000144030200318,0.0000638347482891,0.0000479648115288,0.000038613077777,0.0000336740886269,0.0000357625394827,0.0000373413640773,0.0000202162009373,0.0000166782920132,0.0000171024712472,0.0000150715704876,0.0000136617609314,0.0000166514273587,0.00000833956801216,0.00000764581000112,0.000011426646779,0.0000127585481096,0.00000861098124005,0.00000456154020867,0.0000034502068047,0.00000349478682438,0.0000036889096009,0.00000349621222995,0.00000321555398841,0.00000306912625092,0.00000272513534583,0.00000240270128415,0.00000176601770363,0.00000123573408928,8.17822922272e-7],"median":[0.000792056496721,0.00262079248205,0.00123256235383,0.000372668466298,0.000170171450009,0.0000869757350301,0.0000663182800054,0.0000800127818366,0.0000677577772876,0.00004796151552,0.0000431119733548,0.0000171037518157,0.0000146918519022,0.00001169015286,0.00000741815165384,0.00000662271304464,0.00000852995799505,0.00000575017475057,0.00000595688834437,0.00000498842882735,0.00000636081722405,0.00000527604379386,0.00000474736043543,0.00000287562329504,0.00000213968223761,0.00000158114744409,0.00000197539361579,0.00000174673721176,9.22429762795e-7,5.90981073856e-7,6.01367275976e-7,5.4344371847e-7,5.48638013242e-7,3.60112039743e-7,3.2785538906e-7,2.21318856575e-7,1.94219992977e-7,1.41234110629e-7,9.11865498665e-8,5.16907157078e-8],"min":[1.38542947062e-24,8.75398650701e-25,9.83573963343e-25,1.16273403707e-24,2.1502776471e-24,2.98413557278e-24,2.78227809727e-24,1.68970061594e-24,2.50997711785e-24,9.63699993342e-25,3.57064004796e-24,1.46655858851e-24,2.95475760381e-24,3.64478311229e-24,2.58524647834e-24,3.34050368393e-24,4.30596254127e-24,3.14380575316e-24,5.6013376231e-24,4.56077841872e-24,3.90954692019e-24,4.78619463353e-24,4.00019847668e-24,5.6360510528e-24,6.04114572156e-24,6.12868719393e-24,5.54181727894e-24,6.05874363063e-24,6.55320677362e-24,6.03463801352e-24,6.47045487023e-24,6.35226141853e-24,4.72715470566e-24,6.1380939658e-24,6.51267194487e-24,6.62111704794e-24,3.87832696101e-24,5.98905565827e-24,6.04572505911e-24,6.25746913114e-24],"var":[0.00000298516579278,0.0000132175755425,0.00000435104539065,6.56842814806e-7,3.29864008108e-7,3.72787134495e-8,9.63857758052e-8,2.75599035149e-7,1.67868464018e-7,9.45905753724e-8,1.06904238351e-7,2.54956056267e-8,1.42606060294e-8,8.69698180139e-9,7.42844052937e-9,1.05832809183e-8,1.06726405491e-8,2.30725105688e-9,1.17579768144e-9,1.12763343108e-9,6.22248808035e-10,4.84748019502e-10,9.09648301128e-10,1.94440935575e-10,2.83483236885e-10,1.00603836373e-9,1.24264765144e-9,4.15363077266e-10,1.29674479488e-10,8.13921430254e-11,1.03926464656e-10,1.30597824222e-10,1.14496641335e-10,9.86084200405e-11,8.29795468449e-11,6.97076146805e-11,6.28084528831e-11,4.17200267389e-11,2.30287264952e-11,8.03792275794e-12]},"melbands_crest":{"dmean":3.23952150345,"dmean2":5.35043287277,"dvar":8.7689409256,"dvar2":23.376493454,"max":31.4047603607,"mean":17.1770343781,"median":16.7716770172,"min":1.70109844208,"var":31.5902633667},"melbands_flatness_db":{"dmean":0.0271873492748,"dmean2":0.0413926690817,"dvar":0.000691851077136,"dvar2":0.00151562388055,"max":0.504394173622,"mean":0.245956912637,"median":0.241148531437,"min":0.00291474233381,"var":0.00595598947257},"melbands_kurtosis":{"dmean":11.8260936737,"dmean2":18.9809112549,"dvar":450.8046875,"dvar2":1114.46728516,"max":436.596862793,"mean":25.6420688629,"median":16.5447177887,"min":-1.79306077957,"var":932.175964355},"melbands_skewness":{"dmean":0.880440235138,"dmean2":1.38572955132,"dvar":0.947841405869,"dvar2":2.27060079575,"max":16.0521697998,"mean":3.75109577179,"median":3.51904034615,"min":-0.272917658091,"var":3.80612134933},"melbands_spread":{"dmean":5.36792564392,"dmean2":8.40297985077,"dvar":81.5334854126,"dvar2":182.589630127,"max":155.655899048,"mean":16.4658145905,"median":12.2177457809,"min":0.716508030891,"var":307.446380615},"mfcc":{"cov":[[10176.625,-1021.22167969,53.2268600464,176.808166504,-280.317352295,-25.2492580414,-28.6496810913,62.3151054382,-197.023880005,80.0370864868,28.0802955627,64.7824859619,121.02911377],[-1021.22167969,1811.99621582,-392.602142334,-24.248884201,79.852104187,48.6153068542,-4.55721235275,4.22482824326,54.2076225281,-31.6627674103,23.2477760315,13.2315893173,-43.0513534546],[53.2268600464,-392.602142334,608.296691895,31.0586109161,56.8350105286,46.309551239,-1.21138942242,0.191504225135,6.14618444443,19.0265407562,-10.3515310287,20.5790462494,3.84454131126],[176.808166504,-24.248884201,31.0586109161,293.632415771,55.1569252014,-1.41581976414,-20.9054851532,9.01764965057,4.45670795441,12.5757474899,-31.2871665955,-28.4909763336,34.6799926758],[-280.317352295,79.852104187,56.8350105286,55.1569252014,145.190002441,18.4989185333,-16.3630161285,-4.44871759415,20.5690479279,10.4950551987,-19.5168418884,2.53533959389,9.29500007629],[-25.2492580414,48.6153068542,46.309551239,-1.41581976414,18.4989185333,107.557365417,27.8377819061,0.341336160898,7.47072505951,0.663091897964,9.31523418427,-3.56723380089,-9.17762756348],[-28.6496810913,-4.55721235275,-1.21138942242,-20.9054851532,-16.3630161285,27.8377819061,105.696899414,35.5164489746,-6.24084615707,-0.761630237103,8.11077308655,-0.26100102067,-4.02507925034],[62.3151054382,4.22482824326,0.191504225135,9.01764965057,-4.44871759415,0.341336160898,35.5164489746,79.2856445313,19.2923812866,4.24484300613,2.46439361572,2.41959047318,1.90119051933],[-197.023880005,54.2076225281,6.14618444443,4.45670795441,20.5690479279,7.47072505951,-6.24084615707,19.2923812866,83.9788970947,20.7324333191,-4.85105466843,-0.521165192127,-8.42908287048],[80.0370864868,-31.6627674103,19.0265407562,12.5757474899,10.4950551987,0.663091897964,-0.761630237103,4.24484300613,20.7324333191,83.0524978638,26.127166748,-8.18064785004,-4.61465501785],[28.0802955627,23.2477760315,-10.3515310287,-31.2871665955,-19.5168418884,9.31523418427,8.11077308655,2.46439361572,-4.85105466843,26.127166748,81.8683166504,10.8406352997,-14.5898170471],[64.7824859619,13.2315893173,20.5790462494,-28.4909763336,2.53533959389,-3.56723380089,-0.26100102067,2.41959047318,-0.521165192127,-8.18064785004,10.8406352997,84.2683486938,27.4616699219],[121.02911377,-43.0513534546,3.84454131126,34.6799926758,9.29500007629,-9.17762756348,-4.02507925034,1.90119051933,-8.42908287048,-4.61465501785,-14.5898170471,27.4616699219,85.4143981934]],"icov":[[0.00012308958685,0.0000520286193932,0.0000258154504991,-0.0000979615942924,0.000253445992712,-0.000132310611662,0.000171351013705,-0.000213442661334,0.000325928587699,-0.000233735714573,0.0000796849781182,-0.000162378957612,-0.0000531946388946],[0.0000520286193932,0.000769840204157,0.00057632708922,-0.0000435432593804,-0.000494552485179,-0.000479195558,0.000152734690346,-0.000113425194286,-0.000271526310826,0.000323324173223,-0.000254853919614,-0.000381980091333,0.000388041138649],[0.0000258154504991,0.00057632708922,0.00223504309542,-0.000132371569634,-0.000885607674718,-0.00114545796532,0.000257187115494,-0.00019138980133,0.0000629446003586,-0.000337240344379,0.000295229110634,-0.000964476028457,0.000545237737242],[-0.0000979615942924,-0.0000435432593804,-0.000132371569634,0.00440000463277,-0.00151055038441,-0.0000143223132909,0.00079560035374,-0.000928626162931,0.000208134122659,-0.000524773437064,0.000835993560031,0.00217266590334,-0.00200621853583],[0.000253445992712,-0.000494552485179,-0.000885607674718,-0.00151055038441,0.00949532538652,-0.00156409689225,0.00132784363814,0.000147344151628,-0.000515083840583,-0.00191479653586,0.00230287667364,-0.00108272861689,-0.00051009899471],[-0.000132310611662,-0.000479195558,-0.00114545796532,-0.0000143223132909,-0.00156409689225,0.0116388425231,-0.00404047966003,0.00218123034574,-0.00177445844747,0.00136054831091,-0.00195881491527,0.00116783776321,0.000373482791474],[0.000171351013705,0.000152734690346,0.000257187115494,0.00079560035374,0.00132784363814,-0.00404047966003,0.0133989891037,-0.00685873813927,0.00307573145255,-0.000827524927445,0.000347776222043,-0.0000398884403694,0.0000360650519724],[-0.000213442661334,-0.000113425194286,-0.00019138980133,-0.000928626162931,0.000147344151628,0.00218123034574,-0.00685873813927,0.0172790288925,-0.00542747508734,0.00100096547976,-0.00102835288271,-0.000168488753843,-0.000461567833554],[0.000325928587699,-0.000271526310826,0.0000629446003586,0.000208134122659,-0.000515083840583,-0.00177445844747,0.00307573145255,-0.00542747508734,0.016205072403,-0.00513780442998,0.00308920955285,-0.00141301343683,0.00174869829789],[-0.000233735714573,0.000323324173223,-0.000337240344379,-0.000524773437064,-0.00191479653586,0.00136054831091,-0.000827524927445,0.00100096547976,-0.00513780442998,0.0163867250085,-0.00683388952166,0.00277253892273,-0.000664722116198],[0.0000796849781182,-0.000254853919614,0.000295229110634,0.000835993560031,0.00230287667364,-0.00195881491527,0.000347776222043,-0.00102835288271,0.00308920955285,-0.00683388952166,0.0167694929987,-0.00370337232016,0.00297487224452],[-0.000162378957612,-0.000381980091333,-0.000964476028457,0.00217266590334,-0.00108272861689,0.00116783776321,-0.0000398884403694,-0.000168488753843,-0.00141301343683,0.00277253892273,-0.00370337232016,0.0158946588635,-0.00628854194656],[-0.0000531946388946,0.000388041138649,0.000545237737242,-0.00200621853583,-0.00051009899471,0.000373482791474,0.0000360650519724,-0.000461567833554,0.00174869829789,-0.000664722116198,0.00297487224452,-0.00628854194656,0.0155428620055]],"mean":[-672.47857666,134.202865601,12.2575969696,30.3162937164,7.60019826889,8.67785358429,0.963851749897,10.1684169769,4.29170656204,6.88478851318,-1.42764985561,0.213611662388,-3.74600505829]},"pitch_salience":{"dmean":0.0732974335551,"dmean2":0.119599051774,"dvar":0.00434881169349,"dvar2":0.0113190663978,"max":0.809894144535,"mean":0.483220010996,"median":0.491910457611,"min":0.112254835665,"var":0.0143664414063},"silence_rate_20dB":{"dmean":0,"dmean2":0,"dvar":0,"dvar2":0,"max":1,"mean":1,"median":1,"min":1,"var":0},"silence_rate_30dB":{"dmean":0.00278067425825,"dmean2":0.00556231522933,"dvar":0.00277290097438,"dvar2":0.00796472560614,"max":1,"mean":0.998436152935,"median":1,"min":0,"var":0.00156143098138},"silence_rate_60dB":{"dmean":0.00834202300757,"dmean2":0.0166869461536,"dvar":0.0082716345787,"dvar2":0.017796613276,"max":1,"mean":0.0623805373907,"median":0,"min":0,"var":0.0584888011217},"spectral_centroid":{"dmean":223.728866577,"dmean2":335.514556885,"dvar":89634.7734375,"dvar2":172785.421875,"max":11494.8056641,"mean":1117.01977539,"median":912.200134277,"min":154.462005615,"var":1065737.625},"spectral_complexity":{"dmean":2.62321853638,"dmean2":3.9812271595,"dvar":10.1292772293,"dvar2":18.5370769501,"max":58,"mean":15.829539299,"median":13,"min":0,"var":104.866279602},"spectral_contrast_coeffs":{"dmean":[0.0476166941226,0.0394131541252,0.0334362797439,0.0276799183339,0.0209888834506,0.018972825259],"dmean2":[0.0785824581981,0.0642836987972,0.0541304796934,0.0451162196696,0.0336641147733,0.0294546224177],"dvar":[0.0014547794126,0.00106269447133,0.000703838479239,0.000509678211529,0.000309104681946,0.000346960499883],"dvar2":[0.00391846057028,0.00273841200396,0.00180619978346,0.00132065068465,0.000753623258788,0.000775870692451],"max":[-0.380471497774,-0.499077767134,-0.554716050625,-0.605809569359,-0.623792946339,-0.611780166626],"mean":[-0.620473504066,-0.729929327965,-0.758163094521,-0.779275000095,-0.776213347912,-0.770903289318],"median":[-0.619784355164,-0.732400298119,-0.762518942356,-0.780563890934,-0.776768326759,-0.768856823444],"min":[-0.978788793087,-0.978070676327,-0.975125014782,-0.971012592316,-0.965460717678,-0.964763224125],"var":[0.00717341387644,0.00381132634357,0.00321452552453,0.00232158438303,0.00227062520571,0.00184276967775]},"spectral_contrast_valleys":{"dmean":[0.384361237288,0.310892641544,0.264308393002,0.234330534935,0.231406509876,0.326977461576],"dmean2":[0.631901144981,0.502011597157,0.428637683392,0.371593534946,0.322818249464,0.418408095837],"dvar":[0.109420634806,0.0833697393537,0.0655017793179,0.0619647800922,0.0777522996068,0.165355920792],"dvar2":[0.265328675508,0.195429503918,0.147535577416,0.125545322895,0.129406049848,0.286803305149],"max":[-5.27593231201,-4.90685176849,-5.30789661407,-5.77964925766,-5.50991535187,-7.39763975143],"mean":[-7.20187807083,-7.17325639725,-7.76721191406,-8.29760360718,-8.22148227692,-10.6456975937],"median":[-6.90802955627,-6.93754911423,-7.5553445816,-8.09740447998,-8.01737689972,-10.5504455566],"min":[-28.0969467163,-27.7151985168,-27.6373538971,-27.6601276398,-27.5948963165,-27.39585495],"var":[3.62642741203,3.66227388382,3.61061429977,3.48785495758,3.77950119972,3.56511378288]},"spectral_decrease":{"dmean":2.09966222187e-9,"dmean2":3.33465188795e-9,"dvar":6.50419063968e-18,"dvar2":1.605545823e-17,"max":1.14973082484e-28,"mean":-7.21251014468e-9,"median":-6.14007911182e-9,"min":-3.32542100523e-8,"var":2.66763299094e-17},"spectral_energy":{"dmean":0.00813584309071,"dmean2":0.012824812904,"dvar":0.0000974606300588,"dvar2":0.000235999556025,"max":0.128160774708,"mean":0.0287518464029,"median":0.0243297312409,"min":9.83970112723e-21,"var":0.000429937674198},"spectral_energyband_high":{"dmean":0.000483443320263,"dmean2":0.000650668342132,"dvar":0.00000172760792339,"dvar2":0.00000312784959533,"max":0.0277063697577,"mean":0.00090632593492,"median":0.000147348502651,"min":6.96216676615e-21,"var":0.00000483925987282},"spectral_energyband_low":{"dmean":0.0071627330035,"dmean2":0.0117279319093,"dvar":0.0000838166088215,"dvar2":0.000217496039113,"max":0.113973245025,"mean":0.0165515821427,"median":0.0134340962395,"min":8.34106337984e-24,"var":0.000190336621017},"spectral_energyband_middle_high":{"dmean":0.000954380317125,"dmean2":0.00141726981383,"dvar":0.0000033736853311,"dvar2":0.00000696058850735,"max":0.0587615258992,"mean":0.00328284595162,"median":0.00146445923019,"min":1.17385289585e-21,"var":0.00002240062895},"spectral_energyband_middle_low":{"dmean":0.0032470850274,"dmean2":0.00505757704377,"dvar":0.0000196794862859,"dvar2":0.0000505142270413,"max":0.0747596696019,"mean":0.0104187903926,"median":0.00779748754576,"min":2.02264920597e-22,"var":0.0000799436384114},"spectral_entropy":{"dmean":0.163522049785,"dmean2":0.229537576437,"dvar":0.0318758264184,"dvar2":0.0582207739353,"max":9.82430076599,"mean":7.36430597305,"median":7.38312625885,"min":5.46407747269,"var":0.309487372637},"spectral_flux":{"dmean":0.0200181007385,"dmean2":0.0314730294049,"dvar":0.000461307674414,"dvar2":0.00103406689595,"max":0.293730795383,"mean":0.0725216791034,"median":0.0654551684856,"min":6.3016501739e-11,"var":0.00180971983355},"spectral_kurtosis":{"dmean":1.76183903217,"dmean2":2.91804695129,"dvar":5.02526950836,"dvar2":14.0342226028,"max":34.1925811768,"mean":4.84660196304,"median":3.73434877396,"min":-1.27027094364,"var":16.8710174561},"spectral_rms":{"dmean":0.000719803676475,"dmean2":0.00112193566747,"dvar":5.69506369175e-7,"dvar2":0.00000132491265958,"max":0.0111819002777,"mean":0.00490460870788,"median":0.00487199379131,"min":3.0983395103e-12,"var":0.00000399551390728},"spectral_rolloff":{"dmean":434.570617676,"dmean2":728.18157959,"dvar":955565.3125,"dvar2":2119182,"max":19250.6835938,"mean":1097.20593262,"median":581.396484375,"min":86.1328125,"var":3813050.75},"spectral_skewness":{"dmean":0.232072725892,"dmean2":0.361270040274,"dvar":0.0577470697463,"dvar2":0.131313785911,"max":4.34308004379,"mean":1.59718930721,"median":1.53576552868,"min":-0.0899787470698,"var":0.375973284245},"spectral_spread":{"dmean":551670.5,"dmean2":791665.3125,"dvar":751347171328,"dvar2":1553840472060,"max":44208604,"mean":4656729.5,"median":4025800.5,"min":1484599.875,"var":10710999367700},"spectral_strongpeak":{"dmean":0.249773442745,"dmean2":0.431506872177,"dvar":0.217671453953,"dvar2":0.566970407963,"max":7.17899656296,"mean":0.533051788807,"median":0.426765531301,"min":0,"var":0.261277407408},"zerocrossingrate":{"dmean":0.00914861168712,"dmean2":0.0107618784532,"dvar":0.000154991794261,"dvar2":0.000174864006112,"max":0.52734375,"mean":0.046366609633,"median":0.03515625,"min":0.0029296875,"var":0.00246871495619}},"metadata":{"audio_properties":{"analysis_sample_rate":44100,"bit_rate":0,"codec":"flac","downmix":"mix","equal_loudness":0,"length":133.600006104,"lossless":true,"md5_encoded":"21859a94684fa44eeebdff4f0e73084f","replay_gain":-7.96815872192,"sample_rate":44100},"tags":{"album":["From Genesis to Revelation"],"albumartist":["Genesis"],"albumartistsort":["Genesis"],"artist":["Genesis"],"artistsort":["Genesis"],"asin":["B000007U3Q"],"barcode":["5014797291331"],"catalognumber":["MCCD 133"],"date":["1993"],"discnumber":["1"],"disctotal":["1"],"file_name":"12 - Silent Sun.flac","genre":["Progressive Rock;Progressive Rock;Classic Rock;Rock"],"label":["Music Club"],"language":["eng"],"media":["CD"],"musicbrainz_albumartistid":["8e3fcd7d-bda1-4ca0-b987-b8528d2ee74e"],"musicbrainz_albumid":["997ec54f-f2b5-4bb0-bbe0-e5dc2e5bf02d"],"musicbrainz_artistid":["8e3fcd7d-bda1-4ca0-b987-b8528d2ee74e"],"musicbrainz_recordingid":["a694d00a-308d-4dbf-9cbb-55f7e61ac332"],"musicbrainz_releasegroupid":["0a7225eb-7177-3cdc-92d8-23e8541831ee"],"musicbrainz_releasetrackid":["501270ef-6f6f-351d-8e5c-37435bb05c05"],"musicbrainz_workid":["eb418543-4d00-40d9-b217-8f70f1a05059"],"musicip_puid":["b5690e53-367c-28f5-c93c-3c0f2cb02d13"],"originaldate":["1969-03"],"originalyear":["1969"],"performer":["Peter Gabriel (lead vocals)"],"producer":["Jonathan King"],"releasecountry":["GB"],"releasestatus":["official"],"releasetype":["album"],"script":["Latn"],"title":["Silent Sun"],"totaldiscs":["1"],"totaltracks":["17"],"tracknumber":["12"],"tracktotal":["17"],"work":["Silent Sun"],"writer":["Mike Rutherford","Tony Banks","Peter Gabriel","Anthony Phillips"]},"version":{"essentia":"2.1-beta2","essentia_build_sha":"2d9f1f26377add8aeb1075a9c2973f962c4f09fd","essentia_git_sha":"v2.1_beta2-1-ge3940c0","extractor":"music 1.0"}},"rhythm":{"beats_count":230,"beats_loudness":{"dmean":0.0157280806452,"dmean2":0.02749299