{"lowlevel":{"average_loudness":0.909182786942,"barkbands":{"dmean":[0.0000837367115309,0.00506669795141,0.00195981934667,0.00181738182437,0.00186673982535,0.000815378094558,0.00106368516572,0.000949030800257,0.000865804206114,0.000636848504655,0.000399446376832,0.000456294044852,0.000431800348451,0.0004520045768,0.000342693034327,0.000211509643123,0.000194833730347,0.000189640297322,0.000169325765455,0.000219171430217,0.000138943913043,0.00010027008102,0.0000814241138869,0.0000798314649728,0.0000584654408158,0.000020019004296,0.00000536089919478],"dmean2":[0.00013812634279,0.00825376156718,0.0034047360532,0.00312781566754,0.00313490652479,0.00138423009776,0.00173275254201,0.00152617052663,0.00133210606873,0.000957518757787,0.000621424347628,0.000708520587068,0.000675606948789,0.000715646368917,0.000542983703781,0.000330190261593,0.000305388268316,0.000283827539533,0.000265106064035,0.00034514037543,0.000210557031096,0.000152186170453,0.000124306912767,0.00012007978512,0.0000895661942195,0.0000280663625745,0.00000745975921745],"dvar":[2.15004085646e-8,0.0000928027875489,0.0000235721490753,0.0000136406861202,0.0000152666452777,0.00000318116667586,0.00000758040687288,0.00000758202031648,0.00000679909544488,0.00000288319870378,0.00000188143690139,0.00000195433563022,0.00000212877989725,0.00000185512294593,0.00000168107055742,7.47511535337e-7,2.47007250209e-7,2.35736251852e-7,2.16975180933e-7,2.4593202852e-7,1.06149094847e-7,3.82514393493e-8,2.73769824588e-8,3.12298773508e-8,2.17758593379e-8,2.61862465045e-9,2.32373689735e-10],"dvar2":[5.47715934829e-8,0.000234072300373,0.0000649041176075,0.0000358878860425,0.0000402617297368,0.00000858621751831,0.0000195972006622,0.0000182337698789,0.0000155734614964,0.0000070814726314,0.00000443758199253,0.00000447710635854,0.00000503684350406,0.00000434781941294,0.00000418357967646,0.00000182287544703,5.91655975768e-7,5.1246553312e-7,5.139496011e-7,6.09883954894e-7,2.22584162657e-7,9.30300814161e-8,6.30543866009e-8,6.47571525292e-8,5.33309716388e-8,5.37431876779e-9,4.530904818e-10],"max":[0.00228032725863,0.111464813352,0.0551205761731,0.0410852432251,0.0551698245108,0.0286184176803,0.0603824518621,0.0568314120173,0.0592837482691,0.052120488137,0.0340853556991,0.031069682911,0.0432543642819,0.0311085227877,0.0420442596078,0.037727702409,0.011140092276,0.010401266627,0.0151989962906,0.0144778536633,0.0143075734377,0.00478711398318,0.00352639821358,0.00455646915361,0.00334065454081,0.00113454146776,0.000339822465321],"mean":[0.000117081646749,0.00735221104696,0.00215177657083,0.00204403186217,0.00234490027651,0.00106096582022,0.00136304972693,0.00133515661582,0.00144994270522,0.00126606074627,0.000585455272812,0.000711693312041,0.000621447397862,0.000624391541351,0.000444430217613,0.000277525658021,0.000303335866192,0.00031011676765,0.000295144564006,0.00042674478027,0.000297329504974,0.000215760621359,0.00016472749121,0.000145936588524,0.0000799219269538,0.0000263188994722,0.00000665261268296],"median":[0.000053098956414,0.0033569172956,0.000937103468459,0.000820078654215,0.00106156943366,0.000517379958183,0.00045833963668,0.000376611598767,0.00027545003104,0.000467633246444,0.000134887217428,0.000249353528488,0.000220098299906,0.000215019914322,0.000124956510263,0.0000679025033605,0.000125649152324,0.000105412858829,0.000136510294396,0.000204225842026,0.000140971096698,0.000110950379167,0.0000825992319733,0.0000666896230541,0.0000237123549596,0.00000279881601273,3.99460503786e-7],"min":[6.12969598926e-23,3.93661565663e-23,9.60755431963e-24,1.0500144123e-23,1.08451682171e-23,5.04517853646e-23,2.98418759816e-23,1.10724377817e-22,8.05855304148e-23,5.40817793071e-23,8.6113230239e-23,4.46193327955e-23,8.42193834648e-23,9.74421500513e-23,2.10802187884e-22,1.00508288307e-22,1.70107668439e-22,1.72426452495e-22,1.66438998224e-22,4.24165131861e-22,4.10463766519e-22,4.58643881757e-22,9.86325436816e-22,9.18397267978e-22,1.34849705723e-21,1.43325469626e-21,2.52496397306e-21],"var":[2.86768688795e-8,0.000115419083158,0.0000181634677574,0.0000128115643747,0.0000148563685798,0.00000324941379404,0.00000794501556811,0.0000104052887764,0.0000149750931087,0.00000509759956913,0.0000036256524254,0.00000308482981382,0.00000296323651128,0.00000277922458736,0.00000189217848856,8.87866235644e-7,3.79963495334e-7,4.65942946448e-7,3.08536613147e-7,4.81707729705e-7,2.90565594696e-7,1.04965309333e-7,6.02084782031e-8,6.67381527819e-8,2.912863728e-8,4.64873783912e-9,3.87490123321e-10]},"barkbands_crest":{"dmean":2.67999219894,"dmean2":4.36810302734,"dvar":6.54937791824,"dvar2":16.8477973938,"max":24.7878417969,"mean":10.2107076645,"median":9.16117095947,"min":2.43911266327,"var":21.5143108368},"barkbands_flatness_db":{"dmean":0.0187674555928,"dmean2":0.0286362804472,"dvar":0.000328946072841,"dvar2":0.000732949352823,"max":0.329986184835,"mean":0.117889255285,"median":0.111593298614,"min":0.0257946755737,"var":0.00195323536173},"barkbands_kurtosis":{"dmean":2.0639796257,"dmean2":3.28351044655,"dvar":10.0385894775,"dvar2":23.7403964996,"max":75.7945632935,"mean":3.51133799553,"median":1.26907002926,"min":-1.87359511852,"var":49.8348655701},"barkbands_skewness":{"dmean":0.479171514511,"dmean2":0.738189041615,"dvar":0.245880439878,"dvar2":0.572865009308,"max":7.04530096054,"mean":1.48931753635,"median":1.24024009705,"min":-2.35612893105,"var":1.32684910297},"barkbands_spread":{"dmean":5.94841766357,"dmean2":9.12072563171,"dvar":47.3819694519,"dvar2":97.001701355,"max":127.444152832,"mean":27.1508483887,"median":24.1699886322,"min":1.0964448452,"var":213.669692993},"dissonance":{"dmean":0.0170339364558,"dmean2":0.0286345090717,"dvar":0.000332118652295,"dvar2":0.000855930207763,"max":0.5,"mean":0.462691098452,"median":0.46938431263,"min":0.0166205875576,"var":0.000762826530263},"dynamic_complexity":4.72997951508,"erbbands":{"dmean":[0.124888986349,1.22858023643,2.29931592941,4.41312599182,7.00677633286,5.67269182205,4.47336483002,7.20762300491,13.4452400208,19.459690094,19.6395530701,20.3593616486,21.1770114899,15.6638813019,14.1152114868,20.3722915649,19.2832202911,22.9993724823,17.9881038666,15.3290147781,9.78460693359,10.0616292953,10.9843435287,8.20096111298,8.49424171448,11.2939920425,6.7193479538,4.89435720444,3.95955824852,2.84502458572,2.2769510746,1.85830199718,1.28976345062,0.862222373486,0.29695430398,0.101437233388,0.0345914810896,0.00759830698371,0.000938527868129,0.0000563119829167],"dmean2":[0.201204255223,2.02043485641,3.96316695213,7.59572267532,11.776971817,9.66253757477,7.62958478928,12.1585655212,22.0332698822,31.2970180511,31.1033248901,31.2076473236,31.7395820618,23.8650455475,21.8142681122,31.2785453796,29.6004886627,35.7498092651,28.2395648956,23.2321891785,14.9836187363,15.4145851135,16.3776321411,12.5240859985,13.2565174103,17.9311256409,10.2540941238,7.44725513458,6.04972457886,4.30707168579,3.47319507599,2.79228210449,1.97984814644,1.35015273094,0.441722452641,0.146203190088,0.0488293506205,0.0106321983039,0.00130979705136,0.0000796020249254],"dvar":[0.0408080071211,6.29681634903,33.7884216309,87.6851730347,220.578918457,153.289367676,101.758422852,273.246002197,1240.72924805,3372.95898438,3245.23022461,4186.28759766,4229.98779297,2256.68066406,1843.13769531,4114.16601563,4509.19042969,4106.64208984,5381.29492188,2263.71533203,1529.8026123,664.211120605,868.358032227,338.647827148,698.025695801,741.807128906,216.256240845,131.67276001,66.7055130005,29.8596115112,22.8747062683,15.9882211685,8.98072242737,5.00653886795,0.542018413544,0.0665510073304,0.00827731750906,0.000438089453382,0.00000706976516085,2.06172003914e-8],"dvar2":[0.0970484018326,16.1785583496,93.3294372559,230.533203125,571.882019043,408.458740234,273.087188721,736.853759766,3237.57373047,8529.02441406,7557.59960938,9582.12207031,10372.7294922,5729.62451172,4268.28662109,9595.75195313,10567.8857422,9375.94335938,13856.9814453,5017.12988281,3762.31030273,1537.99035645,1899.74499512,741.629516602,1739.8157959,1905.36608887,457.473144531,288.397827148,164.175857544,70.1603546143,53.4668807983,32.1626434326,19.9501171112,12.6812772751,1.22712266445,0.138222694397,0.0173535030335,0.000868295901455,0.000013930827663,4.27635633571e-8],"max":[2.09222602844,29.9737281799,65.0746536255,103.301383972,200.524017334,205.395355225,169.244827271,276.851470947,975.190490723,1327.93334961,1471.38000488,1574.35974121,2273.02490234,1341.78894043,1088.69262695,1523.35559082,2155.84765625,1735.42407227,2692.32104492,1143.95751953,1689.71582031,558.043151855,665.282043457,430.575408936,860.693908691,895.340148926,499.133880615,417.267669678,243.459014893,108.716461182,92.0285110474,118.983230591,99.2629699707,49.9678039551,15.0735778809,6.35203552246,1.93656253815,0.489251196384,0.058936689049,0.00292235217057],"mean":[0.179665490985,1.73922431469,2.80315637589,5.23081636429,8.45566654205,6.71816778183,5.94142007828,9.04595088959,17.1187343597,26.2551307678,29.864282608,36.1185188293,43.0289154053,29.4172687531,22.8246574402,33.1077461243,30.0545845032,34.026008606,23.4386444092,22.0989704132,14.9753456116,16.483997345,18.0549468994,15.8975992203,15.1277799606,21.0050010681,14.3376865387,10.3293743134,8.07328605652,6.27068805695,4.45785284042,3.49833583832,2.1659989357,1.2012822628,0.404517799616,0.136228859425,0.0443751774728,0.00966381840408,0.00115552544594,0.0000876632329891],"median":[0.0883053392172,0.746759533882,1.4302918911,2.39526748657,3.52716684341,2.71875357628,3.03087902069,3.93535208702,6.69315719604,7.46052265167,10.274769783,8.31383705139,16.7852134705,9.35522174835,8.36431980133,12.7591981888,11.3945350647,13.343503952,6.74100399017,6.34134244919,4.59300899506,6.52490997314,6.23960018158,7.47970867157,7.14776849747,9.72637844086,6.88556432724,4.96958875656,4.08935165405,3.2192261219,2.28876876831,1.6528390646,0.930891275406,0.424261718988,0.0894128680229,0.0190111137927,0.0043217712082,0.000689561886247,0.0000686750354362,0.000036397461372],"min":[2.11474115621e-21,5.78634487348e-21,9.28985300987e-21,3.02426537731e-20,1.36749821985e-20,4.90784804368e-20,2.34647590983e-19,3.81815714009e-19,3.47216506745e-19,6.37980004634e-19,3.43588099667e-18,1.94761825895e-18,9.73429039985e-19,3.64057573144e-18,2.79468822254e-18,1.99398897012e-18,3.46677040229e-18,4.57061501239e-18,7.90112994943e-18,9.06069489317e-18,6.83272279074e-18,9.80736849824e-18,8.60007275162e-18,8.99491335495e-18,1.11337311038e-17,1.77869060708e-17,1.50151164823e-17,2.01472295527e-17,1.79911485445e-17,1.83156912035e-17,3.01394969061e-17,1.74540403205e-17,1.78031568611e-17,1.34927319239e-17,9.51060256424e-18,6.67672231748e-18,2.59967935915e-18,1.27464686005e-18,3.01744191274e-19,3.70778992062e-20],"var":[0.0607046820223,7.26397800446,26.5645198822,80.3645706177,214.363372803,146.945022583,101.647705078,279.093444824,1231.28088379,3784.37548828,4992.22851563,10497.7382813,6752.68408203,4542.36328125,3158.53051758,6303.29199219,6304.78710938,6559.31347656,5292.19775391,3823.43261719,1987.46472168,1107.06396484,1658.75146484,743.232299805,874.916625977,1277.76062012,582.84979248,327.490325928,159.056427002,88.051361084,45.4432640076,35.940574646,16.8163948059,6.14447927475,0.873756468296,0.121576212347,0.013847226277,0.000749056169298,0.0000116923902169,3.19576614061e-8]},"erbbands_crest":{"dmean":2.47458958626,"dmean2":3.84107494354,"dvar":7.27513074875,"dvar2":16.9873046875,"max":31.8702087402,"mean":9.68107509613,"median":8.16066646576,"min":2.0850481987,"var":27.2461700439},"erbbands_flatness_db":{"dmean":0.0170741714537,"dmean2":0.0241304580122,"dvar":0.000337332865456,"dvar2":0.000667182088364,"max":0.336993277073,"mean":0.139572829008,"median":0.137468129396,"min":0.01856646128,"var":0.00172441860195},"erbbands_kurtosis":{"dmean":0.7386546731,"dmean2":1.14607751369,"dvar":1.31232225895,"dvar2":3.01607275009,"max":32.8504676819,"mean":0.35483199358,"median":-0.288683861494,"min":-1.65262544155,"var":4.43034410477},"erbbands_skewness":{"dmean":0.306232631207,"dmean2":0.463283956051,"dvar":0.0961160063744,"dvar2":0.210482954979,"max":5.18229579926,"mean":0.330359369516,"median":0.315361946821,"min":-2.62357568741,"var":0.551166713238},"erbbands_spread":{"dmean":7.98058319092,"dmean2":12.1101770401,"dvar":73.7238388062,"dvar2":158.602203369,"max":140.977661133,"mean":43.5146331787,"median":41.8066825867,"min":4.44802236557,"var":355.151031494},"gfcc":{"cov":[[15084.5302734,14.0113945007,-1360.38671875,133.816925049,-402.210418701,347.012329102,-662.628234863,-109.380264282,-577.544555664,-222.652954102,-387.203979492,-116.792633057,-182.878555298],[14.0113945007,1146.07275391,-359.416137695,15.1965579987,108.19367218,-29.5840568542,98.1022949219,-63.3276138306,82.7751922607,-108.004180908,80.0760726929,-113.30619812,66.4292449951],[-1360.38671875,-359.416137695,703.81854248,-25.3137531281,113.518447876,-17.4237232208,41.2301063538,28.6633491516,-0.908039093018,87.5424804688,-35.483581543,79.9134292603,-38.1501464844],[133.816925049,15.1965579987,-25.3137531281,363.273345947,1.44717097282,9.53324222565,-12.4341211319,-36.0631370544,19.6724815369,-27.1377277374,27.0410480499,-11.6834783554,17.7446613312],[-402.210418701,108.19367218,113.518447876,1.44717097282,290.380859375,-60.1236534119,6.96611833572,7.57228279114,20.1538066864,42.4129447937,-8.57764148712,17.9513931274,-3.87224340439],[347.012329102,-29.5840568542,-17.4237232208,9.53324222565,-60.1236534119,181.687194824,36.6529159546,8.52696228027,-5.94874000549,-23.5507469177,10.3211164474,-14.4748086929,0.691405892372],[-662.628234863,98.1022949219,41.2301063538,-12.4341211319,6.96611833572,36.6529159546,196.628082275,40.9159049988,46.3998031616,3.10199093819,29.6303787231,-7.89895153046,2.33602190018],[-109.380264282,-63.3276138306,28.6633491516,-36.0631370544,7.57228279114,8.52696228027,40.9159049988,119.448768616,40.4771499634,18.3086433411,-5.27914571762,2.87369656563,1.95229387283],[-577.544555664,82.7751922607,-0.908039093018,19.6724815369,20.1538066864,-5.94874000549,46.3998031616,40.4771499634,132.906204224,27.7043590546,29.7822666168,-8.4884595871,13.5807495117],[-222.652954102,-108.004180908,87.5424804688,-27.1377277374,42.4129447937,-23.5507469177,3.10199093819,18.3086433411,27.7043590546,108.295837402,24.0967521667,27.7616767883,-19.7965679169],[-387.203979492,80.0760726929,-35.483581543,27.0410480499,-8.57764148712,10.3211164474,29.6303787231,-5.27914571762,29.7822666168,24.0967521667,98.9741668701,12.9785699844,8.52473831177],[-116.792633057,-113.30619812,79.9134292603,-11.6834783554,17.9513931274,-14.4748086929,-7.89895153046,2.87369656563,-8.4884595871,27.7616767883,12.9785699844,82.5663452148,12.1440029144],[-182.878555298,66.4292449951,-38.1501464844,17.7446613312,-3.87224340439,0.691405892372,2.33602190018,1.95229387283,13.5807495117,-19.7965679169,8.52473831177,12.1440029144,74.7211608887]],"icov":[[0.000180408998858,-0.000203182236874,0.00037671715836,-0.000217826716835,0.000162537719007,-0.000483585114125,0.000466037919978,-0.000340367201716,0.000633149058558,-0.000434360146755,0.00089935050346,-0.000504574796651,0.000622717430815],[-0.000203182236874,0.0022200641688,0.000201940434636,0.000743559619877,-0.00148713414092,0.00107308267616,-0.00139227602631,0.0017004563706,-0.00165803346317,0.00239170202985,-0.0027368334122,0.00271216197871,-0.0018259055214],[0.00037671715836,0.000201940434636,0.00299061555415,-0.000474476139061,-0.000541440851521,-0.00104800332338,0.0000327793168253,-0.000304594141198,0.0010823237244,-0.00148475612514,0.00272632390261,-0.00229293527082,0.00184216944035],[-0.000217826716835,0.000743559619877,-0.000474476139061,0.00346507760696,-0.000692988862284,0.000553239136934,-0.000358572142432,0.00164935993962,-0.00178105814848,0.00202392460778,-0.0025310087949,0.00156344706193,-0.00143763422966],[0.000162537719007,-0.00148713414092,-0.000541440851521,-0.000692988862284,0.00507761863992,0.000393547583371,0.000696783419698,-0.00102598080412,0.00083102582721,-0.00275560771115,0.0025475260336,-0.00185336323921,0.00100202392787],[-0.000483585114125,0.00107308267616,-0.00104800332338,0.000553239136934,0.000393547583371,0.00783832464367,-0.00257774931379,0.000643676728942,-0.0012141505722,0.00267482874915,-0.00374761922285,0.00274231750518,-0.00188118312508],[0.000466037919978,-0.00139227602631,0.0000327793168253,-0.000358572142432,0.000696783419698,-0.00257774931379,0.00812558457255,-0.00310939596966,0.000497014378197,-0.000669112720061,0.000773379637394,-0.00122227007523,0.00221025990322],[-0.000340367201716,0.0017004563706,-0.000304594141198,0.00164935993962,-0.00102598080412,0.000643676728942,-0.00310939596966,0.0121305473149,-0.00490238564089,0.000778050394729,-0.000580761174206,0.00165707245469,-0.00227675866336],[0.000633149058558,-0.00165803346317,0.0010823237244,-0.00178105814848,0.00083102582721,-0.0012141505722,0.000497014378197,-0.00490238564089,0.0134097393602,-0.00522884586826,0.00170752627309,-0.00000838285086502,0.000150047344505],[-0.000434360146755,0.00239170202985,-0.00148475612514,0.00202392460778,-0.00275560771115,0.00267482874915,-0.000669112720061,0.000778050394729,-0.00522884586826,0.0174202490598,-0.00781506951898,-0.000073952076491,0.0018742341781],[0.00089935050346,-0.0027368334122,0.00272632390261,-0.0025310087949,0.0025475260336,-0.00374761922285,0.000773379637394,-0.000580761174206,0.00170752627309,-0.00781506951898,0.0199285019189,-0.00741713307798,0.00333599722944],[-0.000504574796651,0.00271216197871,-0.00229293527082,0.00156344706193,-0.00185336323921,0.00274231750518,-0.00122227007523,0.00165707245469,-0.00000838285086502,-0.000073952076491,-0.00741713307798,0.0206117406487,-0.00783638935536],[0.000622717430815,-0.0018259055214,0.00184216944035,-0.00143763422966,0.00100202392787,-0.00188118312508,0.00221025990322,-0.00227675866336,0.000150047344505,0.0018742341781,0.00333599722944,-0.00783638935536,0.0192344337702]],"mean":[-9.59159183502,87.1237411499,-112.754432678,43.0225410461,-62.4626312256,22.287405014,-23.2033081055,9.1155834198,-17.8664150238,3.27833247185,-8.5339050293,-6.61550235748,-9.82176780701]},"hfc":{"dmean":7.6584186554,"dmean2":11.0602865219,"dvar":151.001312256,"dvar2":336.044891357,"max":185.830856323,"mean":20.7573490143,"median":14.4756259918,"min":1.17229584893e-16,"var":395.129516602},"melbands":{"dmean":[0.00129619834479,0.00131966546178,0.000806958589237,0.000473889609566,0.000157702233992,0.000167278019944,0.000206755910767,0.000212971339351,0.000160488008987,0.000124914105982,0.000105028841062,0.0000643651583232,0.0000525998693774,0.0000504416020704,0.0000495159547427,0.0000414417700085,0.0000454377332062,0.0000310850518872,0.0000241641628236,0.0000178804784809,0.0000119604865176,0.0000109086968223,0.0000113748819786,0.00000945494593907,0.00000705025286152,0.00000642077930024,0.00000724461278878,0.00000804055980552,0.0000046908630793,0.00000370762700186,0.00000288182536679,0.00000265118615062,0.00000183200654646,0.00000159987393999,0.00000136769608616,0.00000141172063195,0.00000110207656689,9.44933390201e-7,8.61576722855e-7,7.26435189335e-7],"dmean2":[0.00208745035343,0.00221639545634,0.00136911903974,0.000797932036221,0.000266306160484,0.000281355984043,0.000337356177624,0.000340313126799,0.000252830999671,0.000191185637959,0.000157666421728,0.0000982239071163,0.0000809586854302,0.0000779956681072,0.0000763278803788,0.0000649096764391,0.0000713534464012,0.0000496423053846,0.0000372809736291,0.0000275829770544,0.0000186350298463,0.0000170591501956,0.0000174972592504,0.0000142385169966,0.00001104864441,0.0000101058776636,0.0000113324349513,0.0000129351446958,0.0000073239170888,0.00000569638268644,0.00000446709145763,0.00000416653256252,0.00000281905749944,0.00000248959736382,0.00000213828820961,0.00000217329579755,0.00000167458551914,0.00000145940350649,0.00000135861512263,0.00000115666910006],"dvar":[0.00000513402846991,0.00000944194289332,0.0000027990606668,0.00000100819443105,1.203624862e-7,1.38222020496e-7,2.75187659327e-7,3.94379668478e-7,2.17413045789e-7,1.52661016273e-7,1.03691348841e-7,3.88647372063e-8,3.0778839033e-8,2.4116195263e-8,2.56364369733e-8,1.97687768377e-8,1.8784596989e-8,1.68831704173e-8,7.11951431143e-9,4.69748728804e-9,2.05634465011e-9,8.40751579467e-10,9.40968081231e-10,6.94840185389e-10,2.63401911393e-10,5.50930912002e-10,4.15896733719e-10,3.86164350497e-10,1.13270157143e-10,1.09257054792e-10,4.54184155563e-11,3.70552616369e-11,1.31033439307e-11,9.98707106598e-12,8.3201527265e-12,9.13574858125e-12,6.16434073925e-12,4.97943526689e-12,4.18818799086e-12,4.55272191474e-12],"dvar2":[0.0000125403994389,0.0000253072339547,0.00000723099856259,0.00000265598941951,3.19270583304e-7,3.7058896396e-7,7.17679540685e-7,0.0000010007140645,5.14774569638e-7,3.45949302982e-7,2.53299646147e-7,9.83909345109e-8,7.0880361136e-8,5.49736505207e-8,5.83241011043e-8,4.80939377212e-8,4.2845979209e-8,4.31300044568e-8,1.61510147478e-8,1.14729203915e-8,4.96505148107e-9,2.00564054254e-9,2.14226458795e-9,1.54029300425e-9,5.92038251757e-10,1.37876698947e-9,1.03282105091e-9,9.9922903285e-10,2.65790445209e-10,2.36376418439e-10,1.03927158546e-10,9.37839667037e-11,3.11207865034e-11,2.43810110989e-11,1.99989677596e-11,2.04566572015e-11,1.25335384432e-11,1.11161349223e-11,1.00250736532e-11,1.19160358664e-11],"max":[0.0258266031742,0.0358917824924,0.0182274654508,0.0133420294151,0.00632672430947,0.00545003497973,0.0140986479819,0.0136697012931,0.0114193037152,0.00992897432297,0.0110981268808,0.00571004115045,0.00503975246102,0.00402980856597,0.00368236820213,0.00493130739778,0.00397755857557,0.0044487034902,0.00224068574607,0.00272862194106,0.00146731641144,0.000738518312573,0.000650601810776,0.000780333648436,0.000381608668249,0.000863943598233,0.0007845654618,0.000757070607506,0.00034037232399,0.000521528359968,0.000209265912417,0.000189287326066,0.000102417863673,0.0000600795719947,0.000050028640544,0.0000883447646629,0.0000729909806978,0.00007141235983,0.0000574827354285,0.0000650875808788],"mean":[0.00189378869254,0.00182589632459,0.000997543451376,0.000576724531129,0.000210901285755,0.000211829159525,0.000267191702733,0.000287175324047,0.00024670563289,0.00021784362616,0.000208694284083,0.000115501403343,0.000079673161963,0.0000807224569144,0.0000740243558539,0.0000617539553787,0.0000636416007183,0.0000372354152205,0.0000323459789797,0.0000237636832026,0.0000169822833413,0.0000170651655935,0.0000170064540725,0.0000149494053403,0.0000128305273392,0.0000101825899037,0.0000124180987768,0.0000142865574162,0.00000912919131224,0.0000071910776569,0.00000547856325284,0.00000480019161841,0.00000383214637623,0.00000320237813867,0.00000249073673331,0.0000025246201858,0.00000196245446205,0.00000154736642344,0.00000127641806102,9.37079278174e-7],"median":[0.000875734665897,0.000965369865298,0.00047913272283,0.000246711395448,0.00010606538126,0.0000937391596381,0.000102733640233,0.0000769155667513,0.0000745737779653,0.0000510310346726,0.0000755264336476,0.0000300854917441,0.0000230510649999,0.0000293874636554,0.0000263471465587,0.0000243590839091,0.0000233633163589,0.00000975088823907,0.00000849902880873,0.00000689672106091,0.0000049652967391,0.00000675211413181,0.00000500863507114,0.00000520011280969,0.00000577074479224,0.00000445335354016,0.00000578769640924,0.00000622683182883,0.00000422631819674,0.00000333589173351,0.00000253631401392,0.00000225847679758,0.00000191917069969,0.00000161256366482,0.00000126119005017,0.00000113933458579,8.92635341643e-7,6.31725129097e-7,5.12188933044e-7,2.8050800438e-7],"min":[1.81188475719e-23,5.66397515112e-24,4.56515146915e-24,1.56933612041e-24,6.69396204165e-24,8.94316619892e-24,5.94903556125e-24,6.87672849161e-24,2.9959889573e-23,1.05658349372e-23,4.08875915735e-24,1.3794077009e-23,1.04358140939e-23,6.1174234435e-24,6.02259131864e-24,8.7669607051e-24,8.3701187047e-24,1.05671996665e-23,1.81622065227e-23,8.08475379427e-24,7.83554237912e-24,1.06906130108e-23,7.07767503e-24,9.02470128436e-24,7.10804775257e-24,5.46101188983e-24,1.32078129391e-23,1.16121942413e-23,8.92715547799e-24,1.22770367459e-23,1.08015221209e-23,1.12816189236e-23,7.17422213847e-24,1.16913075238e-23,1.80031390321e-23,1.27093254222e-23,1.04550062909e-23,1.43049606861e-23,9.43375564043e-24,1.19025242423e-23],"var":[0.00000717163266017,0.00000864441608428,0.00000267543691734,9.64728542385e-7,1.25369680859e-7,1.45697100606e-7,2.79726293684e-7,4.49487487231e-7,3.40891574524e-7,3.66280374919e-7,1.67010597352e-7,7.70812604856e-8,5.70999496574e-8,3.76001629832e-8,3.71182800052e-8,2.70849458417e-8,2.84387926541e-8,1.68773972575e-8,1.01926289631e-8,5.88804160984e-9,2.82031886734e-9,1.2852837683e-9,1.5588413893e-9,1.19363485762e-9,5.42628220135e-10,5.97460803053e-10,5.85910819861e-10,6.48104181433e-10,2.39693653814e-10,2.49606557645e-10,9.40374375591e-11,7.20376466812e-11,3.46731879319e-11,2.39180029948e-11,1.47546107276e-11,1.84377391826e-11,1.29188196599e-11,9.16713926991e-12,6.42106636958e-12,4.70730095528e-12]},"melbands_crest":{"dmean":3.12811636925,"dmean2":5.14313650131,"dvar":7.96903896332,"dvar2":21.0558567047,"max":34.9907875061,"mean":14.1966314316,"median":13.1901950836,"min":2.90680122375,"var":32.614276886},"melbands_flatness_db":{"dmean":0.0246631670743,"dmean2":0.0374263562262,"dvar":0.000556164304726,"dvar2":0.00120460882317,"max":0.460883200169,"mean":0.183934435248,"median":0.176544681191,"min":0.00791732780635,"var":0.0038151582703},"melbands_kurtosis":{"dmean":6.44338703156,"dmean2":10.3139057159,"dvar":105.813644409,"dvar2":256.038238525,"max":199.584243774,"mean":14.347073555,"median":6.99273347855,"min":-1.60517036915,"var":455.15725708},"melbands_skewness":{"dmean":0.722008049488,"dmean2":1.12152218819,"dvar":0.600707769394,"dvar2":1.3848502636,"max":12.3775930405,"mean":2.74947667122,"median":2.34434199333,"min":-0.818484842777,"var":3.12521529198},"melbands_spread":{"dmean":7.35673141479,"dmean2":11.215722084,"dvar":87.429725647,"dvar2":186.652877808,"max":212.425567627,"mean":26.1918945313,"median":22.5889701843,"min":1.05349779129,"var":294.99118042},"mfcc":{"cov":[[12012.6337891,237.216186523,-511.220733643,-202.510452271,-73.7670898438,-36.5534324646,-88.5741882324,-97.7836074829,-182.453460693,-170.387237549,-224.874191284,-167.023376465,-287.310546875],[237.216186523,1058.29980469,-232.571105957,19.0749092102,18.9930362701,-0.572569549084,30.6735153198,1.27609682083,22.4694099426,13.1382188797,9.70398521423,21.7726898193,-3.93286728859],[-511.220733643,-232.571105957,426.654144287,5.47391843796,-17.0331802368,51.1158485413,21.4857330322,25.1340236664,5.97081232071,5.53488826752,9.59572792053,-8.95223331451,15.2117958069],[-202.510452271,19.0749092102,5.47391843796,305.223480225,76.1057739258,27.4759273529,-11.9948329926,-11.5825977325,-1.22366082668,-1.20018458366,-3.12672972679,5.75640439987,11.9669723511],[-73.7670898438,18.9930362701,-17.0331802368,76.1057739258,210.159729004,14.3961038589,-18.47224617,-21.7633724213,11.7524356842,-9.82583045959,-6.01439142227,6.41720485687,7.37646532059],[-36.5534324646,-0.572569549084,51.1158485413,27.4759273529,14.3961038589,131.019058228,32.4163780212,9.28251266479,-11.2076997757,-1.48335790634,8.32866287231,5.68328714371,1.6406327486],[-88.5741882324,30.6735153198,21.4857330322,-11.9948329926,-18.47224617,32.4163780212,116.467285156,31.4394378662,1.15481436253,5.88221120834,11.6836595535,10.3171548843,1.15138459206],[-97.7836074829,1.27609682083,25.1340236664,-11.5825977325,-21.7633724213,9.28251266479,31.4394378662,101.641876221,35.1856117249,21.1682319641,6.25276327133,-3.77108430862,2.09095597267],[-182.453460693,22.4694099426,5.97081232071,-1.22366082668,11.7524356842,-11.2076997757,1.15481436253,35.1856117249,100.205589294,34.9550933838,6.12157344818,-0.808213710785,-1.84784305096],[-170.387237549,13.1382188797,5.53488826752,-1.20018458366,-9.82583045959,-1.48335790634,5.88221120834,21.1682319641,34.9550933838,93.6149520874,37.0694465637,6.82900428772,2.9745118618],[-224.874191284,9.70398521423,9.59572792053,-3.12672972679,-6.01439142227,8.32866287231,11.6836595535,6.25276327133,6.12157344818,37.0694465637,87.7286682129,36.7095603943,13.0196857452],[-167.023376465,21.7726898193,-8.95223331451,5.75640439987,6.41720485687,5.68328714371,10.3171548843,-3.77108430862,-0.808213710785,6.82900428772,36.7095603943,77.8311767578,32.3784866333],[-287.310546875,-3.93286728859,15.2117958069,11.9669723511,7.37646532059,1.6406327486,1.15138459206,2.09095597267,-1.84784305096,2.9745118618,13.0196857452,32.3784866333,77.6754684448]],"icov":[[0.000103228725493,-0.00000792565788288,0.000103910097096,0.0000581798158237,0.000017598436898,-0.0000409057320212,0.0000600262465014,-0.0000128331676024,0.000161384756211,0.0000441306001449,0.000173893175088,0.00000658840872347,0.000321018247632],[-0.00000792565788288,0.00110901950393,0.000632236071397,-0.0000778484318289,-0.0000216798089241,-0.000154238237883,-0.000373598682927,0.0000544354625163,-0.000309963303152,-0.0000576586680836,-0.0000424188183388,-0.000158568596817,-0.00000755448945711],[0.000103910097096,0.000632236071397,0.0030280475039,-0.00000941446978686,0.000252643512795,-0.00111728068441,-0.000249913369771,-0.000331098970491,-0.00021107995417,0.000161890944582,-0.000263040856225,0.000767905614339,-0.000450199033367],[0.0000581798158237,-0.0000778484318289,-0.00000941446978686,0.00372818741016,-0.00122974719852,-0.000735810317565,0.000413174653659,0.00010636645311,0.000249384029303,-0.00025219770032,0.000370237510651,-0.0000680805242155,-0.000256029219599],[0.000017598436898,-0.0000216798089241,0.000252643512795,-0.00122974719852,0.00561382295564,-0.000805421674158,0.000612206757069,0.00123235490173,-0.00146670395043,0.000752328080125,0.000233733619098,-0.000318066042382,-0.000324671360431],[-0.0000409057320212,-0.000154238237883,-0.00111728068441,-0.000735810317565,-0.000805421674158,0.00907405186445,-0.00227981829084,-0.000617501151282,0.00138226500712,0.0000874522447702,-0.00062603270635,-0.000292361539323,0.000364634674042],[0.0000600262465014,-0.000373598682927,-0.000249913369771,0.000413174653659,0.000612206757069,-0.00227981829084,0.0105260051787,-0.00311210239306,0.000827508338261,0.000150505133206,-0.000321973260725,-0.00142904743552,0.000769741949625],[-0.0000128331676024,0.0000544354625163,-0.000331098970491,0.00010636645311,0.00123235490173,-0.000617501151282,-0.00311210239306,0.0130214318633,-0.00440568709746,-0.00104208034463,-0.0000541802801308,0.00140457809903,-0.00104595033918],[0.000161384756211,-0.000309963303152,-0.00021107995417,0.000249384029303,-0.00146670395043,0.00138226500712,0.000827508338261,-0.00440568709746,0.0137372650206,-0.00454571982846,0.00147603906225,-0.000612186966464,0.00130923418328],[0.0000441306001449,-0.0000576586680836,0.000161890944582,-0.00025219770032,0.000752328080125,0.0000874522447702,0.000150505133206,-0.00104208034463,-0.00454571982846,0.0152862938121,-0.00670357933268,0.00187970197294,-0.000233432438108],[0.000173893175088,-0.0000424188183388,-0.000263040856225,0.000370237510651,0.000233733619098,-0.00062603270635,-0.000321973260725,-0.0000541802801308,0.00147603906225,-0.00670357933268,0.0178878940642,-0.00795662030578,0.00124296790455],[0.00000658840872347,-0.000158568596817,0.000767905614339,-0.0000680805242155,-0.000318066042382,-0.000292361539323,-0.00142904743552,0.00140457809903,-0.000612186966464,0.00187970197294,-0.00795662030578,0.0198540110141,-0.0071326950565],[0.000321018247632,-0.00000755448945711,-0.000450199033367,-0.000256029219599,-0.000324671360431,0.000364634674042,0.000769741949625,-0.00104595033918,0.00130923418328,-0.000233432438108,0.00124296790455,-0.0071326950565,0.0170335415751]],"mean":[-645.448669434,106.448814392,10.4376173019,23.9068336487,-3.00947356224,11.9222640991,7.94389295578,5.05161333084,1.350025177,8.53043365479,3.49086618423,4.96812152863,-0.770601630211]},"pitch_salience":{"dmean":0.0680852979422,"dmean2":0.110484406352,"dvar":0.00407408876345,"dvar2":0.0108567951247,"max":0.949499726295,"mean":0.511566698551,"median":0.517883181572,"min":0.0981897413731,"var":0.0133496178314},"silence_rate_20dB":{"dmean":0,"dmean2":0,"dvar":0,"dvar2":0,"max":1,"mean":1,"median":1,"min":1,"var":0},"silence_rate_30dB":{"dmean":0.0134109314531,"dmean2":0.0268252566457,"dvar":0.0132322330028,"dvar2":0.0369898155332,"max":1,"mean":0.991903841496,"median":1,"min":0,"var":0.0080300681293},"silence_rate_60dB":{"dmean":0.011892712675,"dmean2":0.0237884353846,"dvar":0.011751467362,"dvar2":0.0252458471805,"max":1,"mean":0.0858950018883,"median":0,"min":0,"var":0.0785233825445},"spectral_centroid":{"dmean":267.892578125,"dmean2":402.861938477,"dvar":89640.6953125,"dvar2":178855.984375,"max":11307.5380859,"mean":1573.83496094,"median":1466.32861328,"min":222.358459473,"var":414027.09375},"spectral_complexity":{"dmean":3.77201414108,"dmean2":5.52802753448,"dvar":18.5460624695,"dvar2":37.1551475525,"max":53,"mean":18.3901329041,"median":18,"min":0,"var":97.5449523926},"spectral_contrast_coeffs":{"dmean":[0.052129033953,0.0469800494611,0.0379503071308,0.0318598859012,0.0223799422383,0.0174810495228],"dmean2":[0.0859413743019,0.0766990631819,0.0597559846938,0.0503422729671,0.0356787294149,0.027448086068],"dvar":[0.00208897795528,0.00168557814322,0.00118905038107,0.000777815293986,0.000425654259743,0.000277268583886],"dvar2":[0.00554881896824,0.00435253605247,0.00273660453968,0.00179910089355,0.000951724185143,0.000627854955383],"max":[-0.411812067032,-0.428396463394,-0.444306433201,-0.53064262867,-0.571263313293,-0.608172595501],"mean":[-0.685631334782,-0.727032601833,-0.728988051414,-0.765501379967,-0.785288870335,-0.7551009655],"median":[-0.687771439552,-0.731661140919,-0.735580563545,-0.768755614758,-0.789016604424,-0.753235459328],"min":[-0.989783287048,-0.961327850819,-0.970328748226,-0.955955684185,-0.958091914654,-0.958629846573],"var":[0.00574107514694,0.00466546043754,0.00643824599683,0.00362355704419,0.00201785797253,0.00165533286054]},"spectral_contrast_valleys":{"dmean":[0.407086074352,0.395015656948,0.369433760643,0.331715047359,0.254305571318,0.332917302847],"dmean2":[0.647810816765,0.622848570347,0.560573816299,0.485215038061,0.360901236534,0.43086785078],"dvar":[0.153320640326,0.161793470383,0.148147270083,0.117855153978,0.0916174426675,0.178067475557],"dvar2":[0.32354849577,0.337603747845,0.292079001665,0.212549701333,0.15289901197,0.329903066158],"max":[-4.77931118011,-4.37993431091,-5.26934194565,-5.55975580215,-5.46023750305,-7.61541223526],"mean":[-7.18022203445,-7.01283025742,-7.67828083038,-8.06198787689,-7.6648311615,-10.0125932693],"median":[-6.91637039185,-6.78727245331,-7.41300439835,-7.76611852646,-7.36621904373,-9.71400928497],"min":[-27.2922229767,-27.1470050812,-26.7082996368,-27.6417617798,-27.2688732147,-27.3678398132],"var":[1.44683670998,1.57376205921,1.82927465439,1.73918259144,1.57166945934,1.74376857281]},"spectral_decrease":{"dmean":2.87644130736e-9,"dmean2":4.49460468843e-9,"dvar":2.38986044729e-17,"dvar2":5.77368361793e-17,"max":-3.00953607108e-29,"mean":-6.3958083274e-9,"median":-4.87274132155e-9,"min":-5.79465684325e-8,"var":3.66211386023e-17},"spectral_energy":{"dmean":0.0113976448774,"dmean2":0.0177223570645,"dvar":0.000367114320397,"dvar2":0.000883982283995,"max":0.224396571517,"mean":0.0260221157223,"median":0.0200501307845,"min":1.0746665087e-20,"var":0.00057970569469},"spectral_energyband_high":{"dmean":0.000489331549034,"dmean2":0.000702989229467,"dvar":8.19927322482e-7,"dvar2":0.00000181013217571,"max":0.0180002059788,"mean":0.00118610158097,"median":0.000636694428977,"min":7.99782678143e-21,"var":0.0000024445021154},"spectral_energyband_low":{"dmean":0.00682780332863,"dmean2":0.0111052468419,"dvar":0.000190640683286,"dvar2":0.000482892151922,"max":0.161541685462,"mean":0.0107584008947,"median":0.00623031426221,"min":8.57887685932e-23,"var":0.0002188894141},"spectral_energyband_middle_high":{"dmean":0.00217554648407,"dmean2":0.00320184067823,"dvar":0.0000165218298207,"dvar2":0.0000374923292839,"max":0.0646629929543,"mean":0.00526454625651,"median":0.00301470374689,"min":1.38599624824e-21,"var":0.0000422747762059},"spectral_energyband_middle_low":{"dmean":0.00548293394968,"dmean2":0.00876304134727,"dvar":0.0000870067669894,"dvar2":0.000215765467146,"max":0.100232377648,"mean":0.0103056821972,"median":0.00684320833534,"min":2.98189144495e-22,"var":0.000120826342027},"spectral_entropy":{"dmean":0.133102059364,"dmean2":0.196509972215,"dvar":0.0218238998204,"dvar2":0.0425314232707,"max":9.79129123688,"mean":7.74580907822,"median":7.78928947449,"min":5.13980770111,"var":0.133697614074},"spectral_flux":{"dmean":0.0284837912768,"dmean2":0.0430593639612,"dvar":0.00132387562189,"dvar2":0.00277087441646,"max":0.393889397383,"mean":0.0842211022973,"median":0.0740823596716,"min":1.03666124296e-10,"var":0.00357420742512},"spectral_kurtosis":{"dmean":1.00424671173,"dmean2":1.68578469753,"dvar":3.22665691376,"dvar2":8.61705493927,"max":81.5151290894,"mean":2.73705434799,"median":2.18723011017,"min":-1.25426697731,"var":9.06249427795},"spectral_rms":{"dmean":0.000944710802287,"dmean2":0.00140802061651,"dvar":0.00000155029067628,"dvar2":0.00000344450495504,"max":0.0147960633039,"mean":0.00453153718263,"median":0.00442279363051,"min":3.23798561748e-12,"var":0.0000048526703722},"spectral_rolloff":{"dmean":539.200439453,"dmean2":881.945617676,"dvar":873521.5625,"dvar2":1847883.875,"max":18906.1523438,"mean":1580.47949219,"median":1119.7265625,"min":64.599609375,"var":2373475.25},"spectral_skewness":{"dmean":0.162478476763,"dmean2":0.252126544714,"dvar":0.0319816842675,"dvar2":0.0768530294299,"max":6.95142412186,"mean":1.20564985275,"median":1.17235302925,"min":-0.0620775483549,"var":0.177823290229},"spectral_spread":{"dmean":524850.125,"dmean2":750207.5,"dvar":543219843072,"dvar2":953644744704,"max":42865052,"mean":5122120.5,"median":4921688,"min":976073.125,"var":2352738992130},"spectral_strongpeak":{"dmean":0.504592299461,"dmean2":0.878913760185,"dvar":0.957425653934,"dvar2":2.38507843018,"max":12.7228116989,"mean":0.749184370041,"median":0.325529783964,"min":0,"var":1.29240357876},"zerocrossingrate":{"dmean":0.0108288601041,"dmean2":0.012295444496,"dvar":0.00015957627329,"dvar2":0.000206983197131,"max":0.48974609375,"mean":0.0663765370846,"median":0.05908203125,"min":0.005859375,"var":0.00128139776643}},"metadata":{"audio_properties":{"analysis_sample_rate":44100,"bit_rate":320046,"codec":"mp3","downmix":"mix","equal_loudness":0,"length":183.51020813,"lossless":false,"md5_encoded":"5187f08585de388d38a92a20e241cf9c","replay_gain":-9.82994842529,"sample_rate":44100},"tags":{"acoustid_id":["55c18c2e-15b6-42da-8aaf-c740ea74a7f7"],"album":["Blunderbuss"],"albumartist":["Jack White"],"albumartistsort":["White, Jack"],"artist":["Jack White"],"artistsort":["White, Jack"],"asin":["B007BRSO6C"],"barcode":["4547366064612"],"catalognumber":["SICP-3480"],"date":["2012"],"discnumber":["1/1"],"file_name":"10 - Hip (Eponymous) Poor Boy.mp3","genre":["Rock"],"isrc":["USSM11200658"],"label":["Sony Records International"],"language":["eng"],"media":["CD"],"musicbrainz album release country":["JP"],"musicbrainz album status":["official"],"musicbrainz album type":["album"],"musicbrainz_albumartistid":["3ae2fb37-8a23-429d-9920-bac811c4fc22"],"musicbrainz_albumid":["729e0887-8431-45cd-ba72-c93710429738"],"musicbrainz_artistid":["3ae2fb37-8a23-429d-9920-bac811c4fc22"],"musicbrainz_recordingid":["a6c28c10-3e1e-4687-9c50-bb79cbe52424"],"musicbrainz_releasegroupid":["37f48931-e5e6-488f-a531-ad2db311158d"],"originaldate":["2012"],"performer":["Carla Azar","Bryn Davies","Jack White","Jack White","Brooke Waggoner"],"script":["Latn"],"title":["Hip (Eponymous) Poor Boy"],"tracknumber":["10/15"]},"version":{"essentia":"2.1-beta2","essentia_build_sha":"2d9f1f26377add8aeb1075a9c2973f962c4f09fd","essentia_git_sha":"v2.1_beta2-1-ge3940c0","extractor":"music 1.0"}},"rhythm":{"beats_count":475,"beats_loudness":{"dmean":0.0232054255903,"dmean2":0.0402043797076,"dvar":0.000405316066463,"dvar2":0.00120016699657,"max":0.13839456439,"mean":0.0433937236667,"median":0.0413325056434,"min":1.03477042046e-7,