{"lowlevel":{"average_loudness":0.967645585537,"barkbands":{"dmean":[0.0000501949507452,0.00119120709132,0.0010187436128,0.00166604213882,0.00201016222127,0.00173625838943,0.00201662792824,0.00145755987614,0.00180693366565,0.000802750175353,0.000557074788958,0.000693980429787,0.000600251485594,0.000568252464291,0.000540098000783,0.000481122697238,0.000272772711469,0.000204595460673,0.000109664957563,0.000122810044559,0.0000968365202425,0.000105503997474,0.0000789155237726,0.0000750674153096,0.0000503361407027,0.0000241260386247,0.00000481423921883],"dmean2":[0.0000787946555647,0.00191553414334,0.00165484636091,0.00276616448537,0.00317788892426,0.00270716845989,0.00320337340236,0.00231546023861,0.00284315273166,0.00125613005366,0.000877441721968,0.0010630027391,0.00101040012669,0.0009741524118,0.000878862629179,0.000784708478022,0.000424169789767,0.000326658249833,0.000169671722688,0.000191445433302,0.000146972030052,0.000162763695698,0.00011304202053,0.000109313717985,0.0000732408443582,0.0000359839032171,0.00000724735355107],"dvar":[2.04843288998e-8,0.00000749153014112,0.00000317330432154,0.0000085827687144,0.000011184439245,0.00000932423336053,0.0000123093341244,0.00000847540559334,0.0000111124672912,0.00000269595511782,0.00000169067709521,0.00000223351435125,0.00000167844018506,0.00000189450531707,0.00000160467357091,0.00000144707814798,4.92474327984e-7,1.84776126844e-7,4.2391654631e-8,4.44164598434e-8,3.93127308485e-8,7.30224485324e-8,6.73809879004e-8,9.91399318195e-8,1.74527627905e-8,4.76852246578e-9,5.45015491071e-11],"dvar2":[4.8672085029e-8,0.0000189397287613,0.00000764584274293,0.0000220626116061,0.0000268427829724,0.0000227966083912,0.0000316063997161,0.0000229498236877,0.0000284249945253,0.00000683945108904,0.00000389871502193,0.0000049795621635,0.00000439570976596,0.00000518174419994,0.00000432684964835,0.0000035626180761,0.00000122723542972,4.54431557273e-7,9.47063227841e-8,1.03004452967e-7,8.0591703977e-8,1.5712517154e-7,1.30336616166e-7,2.10030208336e-7,3.78381415089e-8,1.11891420573e-8,1.20877696741e-10],"max":[0.00218193838373,0.0433213040233,0.0458407476544,0.0557164847851,0.0665572062135,0.0556133203208,0.0487884394825,0.0403850488365,0.0766461193562,0.0263377856463,0.0262814480811,0.0399357564747,0.0240402333438,0.0209757704288,0.0334244929254,0.0318521372974,0.0143664591014,0.00870156101882,0.00538362050429,0.0037016866263,0.00544170103967,0.00608828710392,0.00645027635619,0.00797402579337,0.00292295892723,0.00117265235167,0.000109697859443],"mean":[0.0000542001325812,0.00173469446599,0.00212158472277,0.00263112899847,0.00312993652187,0.00292602367699,0.00306742684916,0.00216280785389,0.00288745225407,0.00124964327551,0.000876348465681,0.0011059026001,0.000742974574678,0.000656113668811,0.000800650857855,0.000737896945793,0.000542135385331,0.000375403236831,0.000213200532016,0.000244346359977,0.00018142980116,0.000186752236914,0.000145029116538,0.000119443051517,0.0000829988712212,0.0000378837685275,0.0000112014604383],"median":[0.00000906967761694,0.000814391707536,0.00104831636418,0.00125047750771,0.00175003358163,0.00125270243734,0.00136547489092,0.000717483693734,0.00121053610928,0.000428489758633,0.000268770352704,0.000361195445294,0.000213340099435,0.000193392625079,0.000239886081545,0.000146913720528,0.000139823881909,0.000134548550704,0.000103549333289,0.000133675916004,0.000106847001007,0.0000801627975306,0.0000596591999056,0.0000453705652035,0.0000431487933383,0.0000208244237001,0.00000864911908138],"min":[7.96637496025e-24,9.76966365793e-24,4.97760068813e-24,2.20421431544e-23,4.86286426156e-23,4.12778536851e-23,2.58428607963e-23,2.11589723502e-23,2.88717474621e-23,9.82695641666e-23,8.84916269355e-23,9.99575687316e-23,6.99986952115e-23,7.23280941795e-23,1.03435927831e-22,1.43213469048e-22,1.41566226504e-22,1.91075742761e-22,1.9838739788e-22,3.24934836086e-22,4.08267628246e-22,5.11653971436e-22,6.33426377785e-22,7.38263139568e-22,8.1556837808e-22,1.68900496684e-21,2.08318106545e-21],"var":[2.38057822344e-8,0.0000097432957773,0.00000960738816502,0.0000146311112985,0.0000176285066118,0.0000230048899539,0.0000226622123591,0.0000152828433784,0.0000213983094,0.0000054045417528,0.000003735068276,0.00000590646868659,0.00000233043078879,0.00000212373674913,0.00000251600886259,0.00000319997002407,0.0000016817704136,4.31901611364e-7,1.0106104753e-7,1.01400281949e-7,7.4809733519e-8,1.42796892533e-7,1.67371439375e-7,1.68570366554e-7,2.44036719721e-8,5.19937204402e-9,1.13641686339e-10]},"barkbands_crest":{"dmean":2.60710930824,"dmean2":4.28015708923,"dvar":5.3540520668,"dvar2":14.1601791382,"max":23.4139862061,"mean":9.06528186798,"median":8.31428337097,"min":2.79126834869,"var":12.8393287659},"barkbands_flatness_db":{"dmean":0.0180387105793,"dmean2":0.0274894721806,"dvar":0.000266838556854,"dvar2":0.00060155405663,"max":0.292564213276,"mean":0.11159966886,"median":0.107605323195,"min":0.0208445955068,"var":0.00121154892258},"barkbands_kurtosis":{"dmean":2.25084257126,"dmean2":3.55793976784,"dvar":10.9341526031,"dvar2":25.1583557129,"max":90.7426757813,"mean":3.27105307579,"median":1.88669347763,"min":-1.96287500858,"var":27.3387870789},"barkbands_skewness":{"dmean":0.511883795261,"dmean2":0.789844632149,"dvar":0.244512051344,"dvar2":0.572310745716,"max":8.95492076874,"mean":1.28868198395,"median":1.20510828495,"min":-2.22585368156,"var":1.03871119022},"barkbands_spread":{"dmean":5.46912145615,"dmean2":8.26976108551,"dvar":46.4252624512,"dvar2":92.542427063,"max":150.17930603,"mean":22.7605266571,"median":18.1068229675,"min":1.85977804661,"var":393.377532959},"dissonance":{"dmean":0.0220734570175,"dmean2":0.0370915643871,"dvar":0.000450847001048,"dvar2":0.00121545128059,"max":0.499999970198,"mean":0.457075625658,"median":0.464269548655,"min":0.274601399899,"var":0.000941531849094},"dynamic_complexity":3.4225730896,"erbbands":{"dmean":[0.0347613580525,0.281081706285,1.01252567768,3.39456129074,7.10628271103,6.18591213226,10.0328760147,14.831993103,22.2617721558,30.5062942505,38.7692909241,39.6183815002,27.5923633575,25.8316078186,21.0385322571,27.1669826508,23.6362953186,32.0232467651,28.6072635651,26.085855484,20.3647441864,12.9418210983,12.150601387,5.46267318726,5.93108797073,5.69567584991,4.5886182785,3.5266187191,4.26740550995,2.60524654388,2.31322240829,1.91124546528,1.01769053936,0.557505905628,0.383012235165,0.123084522784,0.0450317375362,0.00779658230022,0.000806495139841,0.0000326100416714],"dmean2":[0.0539664663374,0.462751686573,1.64091408253,5.65187835693,11.6572751999,9.76743030548,15.557179451,23.2692184448,35.7131462097,48.0405540466,61.1179924011,62.0751113892,43.1532859802,40.1228599548,32.9175491333,41.5430641174,38.9723434448,55.3939285278,46.4999542236,42.5785102844,32.4077415466,20.0050773621,19.2785301208,8.48012542725,9.16282081604,8.83524417877,7.0516834259,5.33912563324,6.69786643982,3.84721636772,3.36249184608,2.76545858383,1.511323452,0.819185853004,0.565940439701,0.182584822178,0.0687649175525,0.011717133224,0.00120718812104,0.000046934295824],"dvar":[0.0112226950005,0.319197356701,2.65283465385,35.361366272,158.555511475,119.837776184,381.096832275,736.765075684,1814.80236816,3163.29345703,5773.40283203,6503.99267578,2512.72973633,2839.94677734,1970.4675293,3255.44897461,2181.44067383,6239.19287109,5177.14941406,3506.67041016,2513.3581543,859.688720703,650.038024902,88.109336853,133.121795654,95.2540206909,82.8092727661,64.8757171631,124.791679382,64.4474487305,57.4102172852,58.7062721252,22.8463535309,2.7304019928,1.0609228611,0.115829743445,0.0183147676289,0.000292113254545,0.00000140404779359,1.84719495255e-9],"dvar2":[0.0268729329109,0.839810490608,6.46026277542,93.2799911499,409.519012451,269.490386963,870.252197266,1758.95385742,4796.44921875,7744.97314453,15693.2441406,16912.3378906,6049.55957031,7138.97216797,4506.70703125,7338.90722656,5605.92773438,17280.2929688,13898.8378906,9082.02441406,5964.38037109,2073.33081055,1650.85754395,195.464477539,304.014434814,217.986862183,177.003250122,134.401992798,284.116394043,130.641113281,112.433792114,118.553421021,53.4001998901,5.84848976135,2.37665867805,0.26489597559,0.0444073863328,0.000690404500347,0.00000306856077259,3.86511711525e-9],"max":[1.89478194714,8.42849254608,38.6686973572,89.2205429077,178.246414185,227.206817627,486.834991455,552.697814941,836.394287109,1060.86193848,1081.16687012,2121.75097656,858.52545166,959.229980469,998.001831055,1851.06958008,653.801879883,1202.21228027,1612.328125,984.738098145,1344.33642578,594.114562988,627.128112793,260.074859619,377.163421631,192.927200317,312.150054932,190.447692871,261.996826172,196.206115723,206.1302948,213.704238892,160.79385376,57.2174987793,16.3770503998,5.14915704727,2.95925116539,0.271690517664,0.0184202026576,0.000594186189119],"mean":[0.0418312810361,0.435057282448,2.16299080849,6.00121736526,10.5055341721,9.91237163544,15.9715175629,24.8425483704,34.2639083862,47.6042366028,59.7299003601,63.1261558533,45.953578949,44.3667373657,36.0133628845,44.7357559204,32.555431366,38.2166633606,42.09582901,40.6973381042,36.7684555054,28.3705253601,25.0847492218,11.4904737473,11.882019043,11.4953050613,8.51977920532,6.42562532425,7.1357884407,4.93551015854,4.22493362427,3.09425663948,1.61891448498,0.935080289841,0.597140431404,0.193805545568,0.0690782144666,0.0151236895472,0.00192434247583,0.000100295044831],"median":[0.0113593004644,0.24053016305,1.24292707443,3.50458717346,5.32378292084,5.04874706268,6.86147642136,10.7307224274,16.6808357239,21.5609817505,22.8981513977,28.8774719238,20.4799690247,16.6996803284,14.4439411163,16.5727653503,11.7861251831,11.4085168839,13.8533792496,10.4672222137,8.72550582886,8.20798683167,8.03612136841,5.51293992996,6.39877510071,6.3461227417,4.97583675385,3.37524986267,2.93174123764,2.25600099564,1.73339176178,1.12029850483,0.669420838356,0.478582978249,0.304844975471,0.10453683883,0.0381130054593,0.0103986272588,0.00149254826829,0.0000869454452186],"min":[3.45757558054e-22,2.19946698838e-21,6.68803353738e-21,3.58225395356e-20,6.14540782152e-20,1.47764765817e-19,8.96890095453e-20,4.99669512553e-19,3.20497875026e-19,7.86782972592e-19,5.66931135376e-19,9.00530232986e-19,2.94906059756e-18,2.31433244671e-18,3.5234084928e-18,4.76440605912e-18,3.93336871696e-18,2.76252371801e-18,5.1850232647e-18,4.61248730859e-18,7.19604450402e-18,8.94351566041e-18,1.00238772333e-17,9.79581609381e-18,1.01242018339e-17,1.62980835386e-17,1.95081862074e-17,1.48706642776e-17,1.70514680599e-17,1.70309804505e-17,1.67003977187e-17,1.74587403607e-17,1.22163707321e-17,1.08717886464e-17,6.05066446702e-18,6.28636710102e-18,3.00526172992e-18,1.13797511616e-18,2.49491708967e-19,2.75765860354e-20],"var":[0.012948339805,0.423031121492,7.61766576767,55.7123565674,216.52746582,241.866760254,732.616027832,1779.03527832,2975.10961914,6390.95507813,10526.8369141,11546.0351563,5046.96142578,6267.79003906,4859.53027344,7629.87988281,3217.74975586,6375.80517578,8087.75097656,6635.20898438,6961.60986328,3293.98095703,1960.22229004,248.800582886,276.667175293,220.757217407,148.550857544,125.745452881,204.201522827,152.310165405,136.272735596,112.251083374,30.6130752563,4.22941160202,1.29833376408,0.132878258824,0.0185172893107,0.000379425444407,0.00000319301398122,4.71164396387e-9]},"erbbands_crest":{"dmean":3.00415849686,"dmean2":4.91098737717,"dvar":7.57101583481,"dvar2":19.9424648285,"max":29.9566478729,"mean":9.64189147949,"median":8.81676101685,"min":2.26220870018,"var":19.152513504},"erbbands_flatness_db":{"dmean":0.0181256290525,"dmean2":0.0266680307686,"dvar":0.000266926421318,"dvar2":0.000579939922318,"max":0.319725543261,"mean":0.145561933517,"median":0.146062970161,"min":0.0269171167165,"var":0.00180026609451},"erbbands_kurtosis":{"dmean":1.26009178162,"dmean2":1.99488997459,"dvar":2.59657073021,"dvar2":6.52168703079,"max":27.9671649933,"mean":1.20418834686,"median":0.454624116421,"min":-1.78191149235,"var":6.14779090881},"erbbands_skewness":{"dmean":0.420399725437,"dmean2":0.649199724197,"dvar":0.148258954287,"dvar2":0.346602737904,"max":4.22499990463,"mean":0.53358066082,"median":0.579998672009,"min":-4.47072410583,"var":0.737728357315},"erbbands_spread":{"dmean":8.4080696106,"dmean2":12.5453701019,"dvar":80.0186233521,"dvar2":176.46206665,"max":114.513519287,"mean":34.5534324646,"median":29.8960266113,"min":5.78278923035,"var":337.321594238},"gfcc":{"cov":[[16535.5957031,1245.01123047,-1284.32800293,7.01460075378,-879.187011719,-95.2341766357,-648.335449219,98.2820053101,-344.4453125,115.811943054,-444.149810791,17.8765087128,-261.335784912],[1245.01123047,883.872924805,-196.915176392,-181.157730103,-72.6530838013,-54.1188354492,14.0674629211,9.8137254715,-21.1993331909,-11.7520074844,15.8119125366,-45.2144889832,-22.7064933777],[-1284.32800293,-196.915176392,659.349121094,125.362503052,53.3109550476,77.0458755493,75.1341018677,-26.9484958649,-10.4533023834,51.7895584106,17.3638057709,30.7280464172,11.7035217285],[7.01460075378,-181.157730103,125.362503052,387.982818604,80.2421188354,-40.387676239,-118.087097168,-22.4901409149,49.1922607422,-6.44081401825,-21.7354717255,27.8589611053,28.2962856293],[-879.187011719,-72.6530838013,53.3109550476,80.2421188354,268.719512939,10.5851335526,7.24882221222,10.9636096954,55.784488678,-4.80214834213,-3.45835995674,12.3710775375,21.7416229248],[-95.2341766357,-54.1188354492,77.0458755493,-40.387676239,10.5851335526,180.80090332,128.152481079,2.16262316704,-48.545753479,12.7939834595,16.1461467743,-21.8727722168,-25.6753635406],[-648.335449219,14.0674629211,75.1341018677,-118.087097168,7.24882221222,128.152481079,228.10168457,46.0115890503,-34.5436668396,-2.79181528091,43.0113945007,-16.9953308105,-19.3854846954],[98.2820053101,9.8137254715,-26.9484958649,-22.4901409149,10.9636096954,2.16262316704,46.0115890503,99.6555023193,53.6753463745,-1.81796455383,-13.1434640884,13.4761953354,10.7611532211],[-344.4453125,-21.1993331909,-10.4533023834,49.1922607422,55.784488678,-48.545753479,-34.5436668396,53.6753463745,144.319351196,17.8437728882,-5.65832138062,18.0365486145,39.8175239563],[115.811943054,-11.7520074844,51.7895584106,-6.44081401825,-4.80214834213,12.7939834595,-2.79181528091,-1.81796455383,17.8437728882,82.0407104492,16.9247550964,-0.925691902637,-8.37143516541],[-444.149810791,15.8119125366,17.3638057709,-21.7354717255,-3.45835995674,16.1461467743,43.0113945007,-13.1434640884,-5.65832138062,16.9247550964,89.3849639893,17.2021846771,1.76933920383],[17.8765087128,-45.2144889832,30.7280464172,27.8589611053,12.3710775375,-21.8727722168,-16.9953308105,13.4761953354,18.0365486145,-0.925691902637,17.2021846771,87.9203186035,42.8386039734],[-261.335784912,-22.7064933777,11.7035217285,28.2962856293,21.7416229248,-25.6753635406,-19.3854846954,10.7611532211,39.8175239563,-8.37143516541,1.76933920383,42.8386039734,74.599822998]],"icov":[[0.000274741585599,-0.000406281091273,0.000473654334201,-0.000373552495148,0.00064403511351,-0.000762288109399,0.000927412533201,-0.000945212319493,0.000902743602637,-0.000992043060251,0.00127756793518,-0.00113303400576,0.000860647414811],[-0.000406281091273,0.00197914335877,-0.00048892799532,0.00105028087273,-0.00085818383377,0.00176211062353,-0.00142775732093,0.0011775100138,-0.00112189620268,0.00150500354357,-0.00230324734002,0.00241596996784,-0.00139186170418],[0.000473654334201,-0.00048892799532,0.003003512742,-0.00160521466751,0.00104627863038,-0.00118475500494,-0.000280771404505,-0.000166701545822,0.00157456926536,-0.00341645837761,0.00312131177634,-0.00295583787374,0.00128606637008],[-0.000373552495148,0.00105028087273,-0.00160521466751,0.00469376007095,-0.00165784498677,0.000165716017364,0.00179144891445,0.000978769618087,-0.00202957983129,0.00285102729686,-0.00235776603222,0.00161439843941,-0.00112086220179],[0.00064403511351,-0.00085818383377,0.00104627863038,-0.00165784498677,0.00601439923048,-0.00227249506861,0.00123299274128,-0.00111213990021,-0.00015661479847,-0.00161469297018,0.00347393844277,-0.00304066389799,0.00197157124057],[-0.000762288109399,0.00176211062353,-0.00118475500494,0.000165716017364,-0.00227249506861,0.0135080982,-0.00979216303676,0.00436581438407,-0.000246387498919,-0.000136755479616,-0.00169862736948,0.00386672304012,-0.00193798018154],[0.000927412533201,-0.00142775732093,-0.000280771404505,0.00179144891445,0.00123299274128,-0.00979216303676,0.0175062697381,-0.0119769349694,0.00558630377054,0.000278455991065,-0.00267824344337,-0.000412822293583,0.0020763007924],[-0.000945212319493,0.0011775100138,-0.000166701545822,0.000978769618087,-0.00111213990021,0.00436581438407,-0.0119769349694,0.0239560361952,-0.0123343206942,0.00313897011802,0.00287667009979,-0.00225926958956,0.000125590580865],[0.000902743602637,-0.00112189620268,0.00157456926536,-0.00202957983129,-0.00015661479847,-0.000246387498919,0.00558630377054,-0.0123343206942,0.0176357775927,-0.00727001624182,0.00198776461184,0.00000361944444194,-0.00374257517979],[-0.000992043060251,0.00150500354357,-0.00341645837761,0.00285102729686,-0.00161469297018,-0.000136755479616,0.000278455991065,0.00313897011802,-0.00727001624182,0.0196171887219,-0.0085464566946,0.00424208026379,0.000328912894474],[0.00127756793518,-0.00230324734002,0.00312131177634,-0.00235776603222,0.00347393844277,-0.00169862736948,-0.00267824344337,0.00287667009979,0.00198776461184,-0.0085464566946,0.0227110441774,-0.0112044783309,0.00534653617069],[-0.00113303400576,0.00241596996784,-0.00295583787374,0.00161439843941,-0.00304066389799,0.00386672304012,-0.000412822293583,-0.00225926958956,0.00000361944444194,0.00424208026379,-0.0112044783309,0.0241065230221,-0.0140500450507],[0.000860647414811,-0.00139186170418,0.00128606637008,-0.00112086220179,0.00197157124057,-0.00193798018154,0.0020763007924,0.000125590580865,-0.00374257517979,0.000328912894474,0.00534653617069,-0.0140500450507,0.025475282222]],"mean":[14.682258606,75.0404052734,-106.843467712,14.2337675095,-61.0565185547,6.02725124359,-35.8029937744,5.10499811172,-22.3943347931,2.22960066795,-20.5803146362,-3.79145812988,-15.6829576492]},"hfc":{"dmean":7.82724666595,"dmean2":11.4199399948,"dvar":96.2548904419,"dvar2":211.134918213,"max":134.073074341,"mean":25.1534004211,"median":21.7453842163,"min":1.11357859859e-16,"var":316.370727539},"melbands":{"dmean":[0.000310774397803,0.000454684661236,0.000678995857015,0.000479211274069,0.000321708852425,0.00033395490027,0.00036196311703,0.000309442577418,0.000331086106598,0.000244916474912,0.000139673051308,0.000108979904326,0.0000793352664914,0.0000790399571997,0.0000504655727127,0.0000693667607266,0.0000575498816033,0.0000480957933178,0.0000342424573319,0.0000381328936783,0.0000228286698984,0.0000131648303068,0.000018356491637,0.00000925210315472,0.00000444641955255,0.00000415604063164,0.00000480755898025,0.00000399845066568,0.00000329979479829,0.00000250464040619,0.00000203278705158,0.00000263504443865,0.00000197670624402,0.00000138455118304,0.00000143159195432,0.00000134421532039,0.00000116890646495,8.44953319756e-7,4.57939989928e-7,5.02524073909e-7],"dmean2":[0.000487582932692,0.000738299626391,0.00112813059241,0.000773588253651,0.000494286417961,0.000521751004271,0.000578436651267,0.000487954122946,0.000523348106071,0.000383472943213,0.00021828210447,0.000169604536495,0.000124569851323,0.000121736025903,0.0000776506713009,0.000117887131637,0.0000994669098873,0.0000783028226579,0.0000555249571335,0.0000626030887361,0.0000365196392522,0.0000204396746994,0.00002925089575,0.0000150548339661,0.00000700928603692,0.0000064734267653,0.00000760944567446,0.0000063021348069,0.00000515178726346,0.00000385029716199,0.00000314487215292,0.00000418477429776,0.00000310232644551,0.00000205809351428,0.00000212659460885,0.0000019453141249,0.00000174190438429,0.00000128483338813,6.85808629441e-7,7.50746607991e-7],"dvar":[6.8012934662e-7,4.88657121878e-7,0.00000130012006139,7.10286997219e-7,3.36471600804e-7,3.4921768588e-7,4.36611458099e-7,2.91544495212e-7,3.8254384549e-7,2.34371768215e-7,6.55833289898e-8,5.40653104508e-8,3.26112967741e-8,3.2154417795e-8,1.18040297536e-8,2.53210590273e-8,1.98066612001e-8,1.53915191703e-8,6.22353590884e-9,1.11475051412e-8,3.27686078272e-9,9.01259455954e-10,2.61579358174e-9,4.16040674134e-10,7.07778696762e-11,6.43643471854e-11,6.70519612056e-11,5.24071168406e-11,4.40178102301e-11,2.72083119923e-11,2.4638166507e-11,5.06249347998e-11,2.5344360291e-11,2.22973740166e-11,2.23925999271e-11,2.29336723223e-11,2.38505847017e-11,1.57474519535e-11,4.09864199871e-12,1.80927354262e-12],"dvar2":[0.00000167702216913,0.00000122319625007,0.00000341942563864,0.00000175058255536,7.65528511693e-7,8.46953582823e-7,0.00000114780436888,7.19874947208e-7,0.00000103850015876,6.02268187322e-7,1.57416081947e-7,1.36674714213e-7,7.50485185108e-8,7.1434669735e-8,2.66672284255e-8,6.8946093279e-8,5.47445146992e-8,4.09594171913e-8,1.63436162381e-8,2.81128915702e-8,8.15443002011e-9,2.12581929837e-9,6.6866272519e-9,1.09873921073e-9,1.57689430957e-10,1.47175438503e-10,1.53077078791e-10,1.25069773982e-10,1.0084046792e-10,5.80400900951e-11,5.32602573156e-11,1.18360890533e-10,5.64896879274e-11,4.63325940114e-11,4.80283139648e-11,4.45884232314e-11,5.08314917935e-11,3.81955925222e-11,9.07499683039e-12,3.95295384967e-12],"max":[0.0143133290112,0.0143271125853,0.0185671262443,0.018440425396,0.0139459995553,0.0113929361105,0.0117226559669,0.0114013301209,0.00848732423037,0.0117353191599,0.00431232713163,0.00415754597634,0.00362967676483,0.00509496871382,0.00237631774507,0.00259329285473,0.00209948117845,0.00242063566111,0.00206604530104,0.002932082396,0.00114446354564,0.000793174374849,0.00153297139332,0.000340312719345,0.00025412067771,0.000225673167733,0.000168086044141,0.000146004196722,0.000205818854738,0.000116292372695,0.000121677490824,0.000166609068401,0.000107110536192,0.000133383873617,0.000131122767925,0.000137206632644,0.000146061414853,0.000124711630633,0.0000780325281085,0.0000388005646528],"mean":[0.000419916788815,0.000944474944845,0.00121217279229,0.000733785796911,0.00053311244119,0.000562345550861,0.000559657695703,0.000487680867082,0.000499301007949,0.000390249682823,0.000225298092118,0.000181235998753,0.000128773535835,0.000123945341329,0.0000798569308245,0.000081476275227,0.0000656919219182,0.0000670847512083,0.0000512562473887,0.0000554972539248,0.0000399006312364,0.0000259574517258,0.0000340853002854,0.0000168163278431,0.00000800521047495,0.00000784971962275,0.00000913680469239,0.00000730073861632,0.00000561932347409,0.00000428570729127,0.00000341900408785,0.00000409289214076,0.00000354448434337,0.00000242036776399,0.00000245041883318,0.00000224711175179,0.00000175772208877,0.00000126299119074,7.46790135508e-7,8.06305479273e-7],"median":[0.000166999176145,0.000600611558184,0.000774378422648,0.000413138681324,0.000260118918959,0.000242908863584,0.000273494864814,0.000239225279074,0.000186871213373,0.000158102135174,0.0000915730634006,0.0000621835351922,0.0000431613661931,0.000038525358832,0.0000305821849906,0.0000222187591135,0.0000181267168955,0.0000196437358682,0.0000161560947163,0.0000101394016383,0.00000953301969275,0.00000765893855714,0.00000766532502894,0.00000580562937103,0.00000380272808798,0.00000371093142348,0.00000533174534212,0.00000348080857293,0.00000307615482598,0.00000232082720686,0.00000166085692399,0.000001530714826,0.0000016566971226,0.00000101470504887,9.81024754765e-7,8.85605118128e-7,5.83838584589e-7,5.03753653902e-7,3.32591810093e-7,4.1947163254e-7],"min":[3.6547227597e-24,2.97476587738e-24,7.85486316041e-24,5.24682550444e-24,4.55565397828e-24,9.82992395362e-24,5.32568516812e-24,7.94888433626e-24,4.52757526322e-24,4.91536587359e-24,1.43092189573e-23,8.97482082046e-24,1.17440815295e-23,9.47814168813e-24,1.53642083998e-23,8.13618752529e-24,3.69614860685e-24,7.34766740798e-24,4.47533255534e-24,8.78287912931e-24,6.99005624926e-24,1.01205221673e-23,7.08974854615e-24,9.91364181718e-24,6.68719992597e-24,6.58735380119e-24,7.459637536e-24,1.19236759698e-23,1.24570910921e-23,9.20212556828e-24,7.79379270457e-24,8.82064978945e-24,7.71438123268e-24,8.0055679366e-24,8.46336600801e-24,1.14481671822e-23,1.02717365476e-23,7.35707772972e-24,1.11842797987e-23,8.71517908642e-24],"var":[8.34365209812e-7,0.00000124268717627,0.00000203875151783,0.00000103512593341,6.67691494982e-7,8.59698786826e-7,7.37217533242e-7,5.79754669161e-7,6.8918808438e-7,4.40246708422e-7,1.3169422175e-7,1.16646951653e-7,7.31695664058e-8,8.62662261625e-8,2.34563266588e-8,2.96694118163e-8,2.02375858294e-8,2.40121114103e-8,9.28343091289e-9,2.12275388378e-8,8.93648266498e-9,2.81899592558e-9,7.36443750426e-9,9.39317290616e-10,1.54704069e-10,1.46838485815e-10,1.37242398002e-10,1.10541145681e-10,7.34667535141e-11,4.68201762083e-11,4.51633765108e-11,7.46794917572e-11,5.19049213332e-11,4.97704516489e-11,4.77166951784e-11,4.94215536551e-11,4.06620084825e-11,1.94492616457e-11,6.08315741529e-12,2.60735985753e-12]},"melbands_crest":{"dmean":3.33866024017,"dmean2":5.53039932251,"dvar":9.07470321655,"dvar2":23.5483093262,"max":33.0637016296,"mean":12.4179420471,"median":11.4195556641,"min":1.98652219772,"var":25.8247013092},"melbands_flatness_db":{"dmean":0.0223649535328,"dmean2":0.0338003337383,"dvar":0.000437566952314,"dvar2":0.000972477893811,"max":0.411335408688,"mean":0.177480444312,"median":0.174939736724,"min":0.00568254105747,"var":0.00204104464501},"melbands_kurtosis":{"dmean":4.93583679199,"dmean2":7.59536790848,"dvar":80.919593811,"dvar2":183.366500854,"max":326.284576416,"mean":9.16198539734,"median":4.95630264282,"min":-1.76310122013,"var":197.192276001},"melbands_skewness":{"dmean":0.647909224033,"dmean2":0.982602000237,"dvar":0.46427962184,"dvar2":1.05955982208,"max":15.2727890015,"mean":2.03475475311,"median":1.7168700695,"min":-1.00858151913,"var":2.13278031349},"melbands_spread":{"dmean":7.16936445236,"dmean2":10.9613237381,"dvar":99.7413711548,"dvar2":204.826065063,"max":248.771789551,"mean":24.1240196228,"median":19.9304695129,"min":1.3078019619,"var":289.427764893},"mfcc":{"cov":[[9287.98535156,1002.75402832,-314.995941162,91.7407226563,-89.7753219604,-39.2218284607,-174.999023438,13.3334026337,1.56601178646,28.6098937988,-39.4109153748,-90.4304351807,-88.721496582],[1002.75402832,1039.87390137,-92.0391693115,-131.985168457,-111.147018433,-47.5522117615,67.5902938843,14.6399316788,-0.307031840086,24.5654945374,28.0413188934,19.3805122375,4.30424547195],[-314.995941162,-92.0391693115,516.040039063,70.8114013672,-25.2158508301,85.9396820068,60.7930107117,-25.5872058868,1.14683175087,-19.2214260101,-15.311507225,29.3446941376,40.9772720337],[91.7407226563,-131.985168457,70.8114013672,309.57824707,179.140014648,-2.39643025398,-111.206756592,-18.772644043,22.1871013641,-37.2479286194,-34.6924171448,6.87150716782,23.8930587769],[-89.7753219604,-111.147018433,-25.2158508301,179.140014648,240.760238647,26.0069828033,-96.4761352539,-20.034362793,36.4505386353,-17.8752479553,-24.0831260681,3.18166804314,10.7835044861],[-39.2218284607,-47.5522117615,85.9396820068,-2.39643025398,26.0069828033,135.957672119,87.3488006592,-9.03045558929,-9.50592899323,4.9438533783,18.1861305237,0.105896092951,-5.46375751495],[-174.999023438,67.5902938843,60.7930107117,-111.206756592,-96.4761352539,87.3488006592,221.821105957,43.2674179077,-34.9559860229,18.0565624237,36.3295860291,0.976765334606,-11.3635053635],[13.3334026337,14.6399316788,-25.5872058868,-18.772644043,-20.034362793,-9.03045558929,43.2674179077,112.046707153,39.3720588684,4.49020814896,2.20057630539,-1.48197114468,6.78565216064],[1.56601178646,-0.307031840086,1.14683175087,22.1871013641,36.4505386353,-9.50592899323,-34.9559860229,39.3720588684,111.753158569,29.1943836212,-7.9541144371,-0.73079508543,13.9439630508],[28.6098937988,24.5654945374,-19.2214260101,-37.2479286194,-17.8752479553,4.9438533783,18.0565624237,4.49020814896,29.1943836212,88.6862411499,41.7780303955,-9.63223838806,-16.9782886505],[-39.4109153748,28.0413188934,-15.311507225,-34.6924171448,-24.0831260681,18.1861305237,36.3295860291,2.20057630539,-7.9541144371,41.7780303955,81.9473953247,18.8573074341,-15.5833930969],[-90.4304351807,19.3805122375,29.3446941376,6.87150716782,3.18166804314,0.105896092951,0.976765334606,-1.48197114468,-0.73079508543,-9.63223838806,18.8573074341,69.9328460693,30.3999595642],[-88.721496582,4.30424547195,40.9772720337,23.8930587769,10.7835044861,-5.46375751495,-11.3635053635,6.78565216064,13.9439630508,-16.9782886505,-15.5833930969,30.3999595642,74.5279464722]],"icov":[[0.00014170211216,-0.000163410135428,0.0000990798871499,-0.000210377169424,0.000291900505545,-0.000371228146832,0.00033930526115,-0.000157964081154,0.0000982983474387,-0.000121726137877,0.000161235409905,0.0000624427921139,0.000149882747792],[-0.000163410135428,0.0012763052946,0.000079777877545,0.000406520062825,-0.000145539350342,0.00102422072086,-0.00095966400113,0.000539403234143,-0.00045103681623,0.000146946214954,-0.000283324334305,-0.000372675975086,-0.000331085553626],[0.0000990798871499,0.000079777877545,0.00296976859681,-0.00174182502087,0.00212345994078,-0.00216011330485,-0.000417926057708,0.0010528593557,-0.000873673765454,-0.0000687836945872,0.00113263004459,-0.00101597828325,-0.000787247088738],[-0.000210377169424,0.000406520062825,-0.00174182502087,0.00749099627137,-0.00550102349371,0.0016719509149,0.00112225976773,-0.000707526283804,0.000770946033299,0.00133806699887,-0.000748157617636,0.000564682355616,-0.000789907120634],[0.000291900505545,-0.000145539350342,0.00212345994078,-0.00550102349371,0.0110627161339,-0.00613204343244,0.00360067142174,0.00025166478008,-0.00194226927124,-0.000192419043742,0.00155252870172,-0.00117716495879,0.000552169745788],[-0.000371228146832,0.00102422072086,-0.00216011330485,0.0016719509149,-0.00613204343244,0.0165104195476,-0.00906591117382,0.00411324156448,-0.00189543352462,0.00190128863323,-0.00332163507119,0.00161618425045,-0.0000745812722016],[0.00033930526115,-0.00095966400113,-0.000417926057708,0.00112225976773,0.00360067142174,-0.00906591117382,0.0131041845307,-0.00656625814736,0.00470248470083,-0.00199633627199,-0.000101969497337,-0.0000821417852421,0.000417185714468],[-0.000157964081154,0.000539403234143,0.0010528593557,-0.000707526283804,0.00025166478008,0.00411324156448,-0.00656625814736,0.0145706422627,-0.00764018623158,0.00341224810109,-0.001613662811,0.000989932334051,-0.00116833497304],[0.0000982983474387,-0.00045103681623,-0.000873673765454,0.000770946033299,-0.00194226927124,-0.00189543352462,0.00470248470083,-0.00764018623158,0.0160772949457,-0.00820739194751,0.00393534870818,-0.000843247689772,-0.00177995243575],[-0.000121726137877,0.000146946214954,-0.0000687836945872,0.00133806699887,-0.000192419043742,0.00190128863323,-0.00199633627199,0.00341224810109,-0.00820739194751,0.0209159944206,-0.0118735870346,0.00555976480246,0.0005575522664],[0.000161235409905,-0.000283324334305,0.00113263004459,-0.000748157617636,0.00155252870172,-0.00332163507119,-0.000101969497337,-0.001613662811,0.00393534870818,-0.0118735870346,0.0233479943126,-0.0103407204151,0.00514732906595],[0.0000624427921139,-0.000372675975086,-0.00101597828325,0.000564682355616,-0.00117716495879,0.00161618425045,-0.0000821417852421,0.000989932334051,-0.000843247689772,0.00555976480246,-0.0103407204151,0.0224956963211,-0.00925425253808],[0.000149882747792,-0.000331085553626,-0.000787247088738,-0.000789907120634,0.000552169745788,-0.0000745812722016,0.000417185714468,-0.00116833497304,-0.00177995243575,0.0005575522664,0.00514732906595,-0.00925425253808,0.0196971725672]],"mean":[-629.200683594,116.629226685,3.46484255791,12.1873493195,-5.17583465576,0.577252805233,-5.9458861351,-1.38369953632,-0.881812870502,2.23434638977,-2.06842494011,-0.759853124619,-2.14222097397]},"pitch_salience":{"dmean":0.0714094340801,"dmean2":0.115756310523,"dvar":0.00360347074457,"dvar2":0.00926948990673,"max":0.900051057339,"mean":0.59360653162,"median":0.598395049572,"min":0.0956401824951,"var":0.00943964254111},"silence_rate_20dB":{"dmean":0,"dmean2":0,"dvar":0,"dvar2":0,"max":1,"mean":1,"median":1,"min":1,"var":0},"silence_rate_30dB":{"dmean":0,"dmean2":0,"dvar":0,"dvar2":0,"max":1,"mean":1,"median":1,"min":1,"var":0},"silence_rate_60dB":{"dmean":0.00532331317663,"dmean2":0.0106482934207,"dvar":0.00529503077269,"dvar2":0.0121011119336,"max":1,"mean":0.0480588600039,"median":0,"min":0,"var":0.0457481704652},"spectral_centroid":{"dmean":232.545791626,"dmean2":351.396148682,"dvar":80179.2578125,"dvar2":161030.859375,"max":10996.7744141,"mean":1253.07714844,"median":1121.04663086,"min":230.917282104,"var":367206.03125},"spectral_complexity":{"dmean":3.87787699699,"dmean2":5.67303466797,"dvar":16.2862033844,"dvar2":31.8540878296,"max":54,"mean":19.0385093689,"median":19,"min":0,"var":69.2260284424},"spectral_contrast_coeffs":{"dmean":[0.0542999207973,0.0532885752618,0.0422447174788,0.0335936360061,0.0223568547517,0.0152691751719],"dmean2":[0.0892324820161,0.0859687849879,0.0666329562664,0.0530457533896,0.0354336649179,0.0247963517904],"dvar":[0.00200997968204,0.00186534167733,0.00123606750276,0.000803785747848,0.000360877602361,0.000173758642632],"dvar2":[0.00526243820786,0.00483274227008,0.00292128114961,0.00189028005116,0.000814866682049,0.000430853833677],"max":[-0.318360477686,-0.395216494799,-0.451777040958,-0.526952326298,-0.586164057255,-0.636838793755],"mean":[-0.608360469341,-0.711967945099,-0.739284932613,-0.768184959888,-0.786032438278,-0.772664129734],"median":[-0.60421705246,-0.716064214706,-0.745091378689,-0.779046654701,-0.796900570393,-0.772951483727],"min":[-0.951946854591,-0.963795542717,-0.9595079422,-0.964545547962,-0.96269339323,-0.96270775795],"var":[0.00733417179435,0.00703171174973,0.00632310844958,0.00484759407118,0.00313624576665,0.00106775667518]},"spectral_contrast_valleys":{"dmean":[0.416366368532,0.376791477203,0.359032690525,0.34739151597,0.259344369173,0.235173821449],"dmean2":[0.683057367802,0.597072899342,0.545677244663,0.536831319332,0.379184991121,0.314420431852],"dvar":[0.134370297194,0.122358448803,0.115178950131,0.144195482135,0.0807125121355,0.0838924944401],"dvar2":[0.322631418705,0.267818659544,0.243604511023,0.327090442181,0.159649714828,0.142078846693],"max":[-5.49867630005,-4.60605096817,-5.10059547424,-5.57580041885,-5.89645147324,-7.34706306458],"mean":[-7.59024906158,-6.51108789444,-7.25127315521,-7.64256000519,-7.61651706696,-9.89798259735],"median":[-7.36396074295,-6.31415271759,-7.05940580368,-7.50176429749,-7.4551782608,-9.7433052063],"min":[-27.4700603485,-27.1251983643,-27.3755550385,-27.2967643738,-27.2964859009,-27.2316112518],"var":[1.68253540993,2.01453757286,1.79128539562,1.6438536644,1.49722838402,1.40543711185]},"spectral_decrease":{"dmean":2.10151185343e-9,"dmean2":3.19940718363e-9,"dvar":4.73710248146e-18,"dvar2":1.09755741707e-17,"max":2.2682104489e-15,"mean":-7.08572045482e-9,"median":-6.8381296181e-9,"min":-2.53886121016e-8,"var":1.48748928249e-17},"spectral_energy":{"dmean":0.00844650994986,"dmean2":0.0128159681335,"dvar":0.0000749969185563,"dvar2":0.00017315678997,"max":0.100321136415,"mean":0.0290246848017,"median":0.028102979064,"min":1.06955487179e-20,"var":0.000241695059231},"spectral_energyband_high":{"dmean":0.000428393948823,"dmean2":0.000601671985351,"dvar":9.61775754149e-7,"dvar2":0.0000018342692556,"max":0.0179285518825,"mean":0.000885224435478,"median":0.000462980591692,"min":7.75866818682e-21,"var":0.00000223560709856},"spectral_energyband_low":{"dmean":0.00238234153949,"dmean2":0.00388494692743,"dvar":0.0000143146999108,"dvar2":0.0000370840061805,"max":0.053387619555,"mean":0.00515082525089,"median":0.00368604296818,"min":2.74670733353e-23,"var":0.0000294468081847},"spectral_energyband_middle_high":{"dmean":0.00291967228986,"dmean2":0.0045358738862,"dvar":0.0000160229938047,"dvar2":0.0000395980241592,"max":0.0587643533945,"mean":0.00725002493709,"median":0.0049913614057,"min":1.44081009047e-21,"var":0.0000473710169899},"spectral_energyband_middle_low":{"dmean":0.00678252521902,"dmean2":0.0104184290394,"dvar":0.0000560860898986,"dvar2":0.000135238864459,"max":0.0891448631883,"mean":0.0171057563275,"median":0.0151696568355,"min":3.51696582575e-22,"var":0.000136277420097},"spectral_entropy":{"dmean":0.160601437092,"dmean2":0.230328902602,"dvar":0.0231356695294,"dvar2":0.0438615866005,"max":9.80940723419,"mean":7.60646486282,"median":7.5741648674,"min":6.09359645844,"var":0.132469505072},"spectral_flux":{"dmean":0.0239894017577,"dmean2":0.037748452276,"dvar":0.000519347027875,"dvar2":0.00115111889318,"max":0.255713254213,"mean":0.0903634727001,"median":0.0885903835297,"min":6.93377646965e-11,"var":0.0016034389846},"spectral_kurtosis":{"dmean":1.09979081154,"dmean2":1.71133160591,"dvar":1.47088336945,"dvar2":3.61246776581,"max":22.9747180939,"mean":4.60372304916,"median":4.36187124252,"min":-1.22479355335,"var":4.82102060318},"spectral_rms":{"dmean":0.000760827620979,"dmean2":0.00113433599472,"dvar":5.16598277045e-7,"dvar2":0.00000114818374186,"max":0.00989314354956,"mean":0.00505041470751,"median":0.00523617630824,"min":3.23027563899e-12,"var":0.00000281006145997},"spectral_rolloff":{"dmean":440.390686035,"dmean2":722.64654541,"dvar":802533.9375,"dvar2":1622265,"max":21683.9355469,"mean":1859.34301758,"median":1162.79296875,"min":129.19921875,"var":9061095},"spectral_skewness":{"dmean":0.17941570282,"dmean2":0.263623774052,"dvar":0.0311481170356,"dvar2":0.0620821490884,"max":3.66177845001,"mean":1.68104612827,"median":1.67388820648,"min":-0.101513378322,"var":0.153566792607},"spectral_spread":{"dmean":507825.53125,"dmean2":741802.4375,"dvar":453385125888,"dvar2":949017706496,"max":41944604,"mean":5100806.5,"median":4828345,"min":1971645.5,"var":2606148354050},"spectral_strongpeak":{"dmean":0.791187345982,"dmean2":1.3329539299,"dvar":1.23327577114,"dvar2":3.22298812866,"max":14.0934524536,"mean":1.37402570248,"median":0.836975693703,"min":0,"var":2.15797257423},"zerocrossingrate":{"dmean":0.0109804030508,"dmean2":0.0128840953112,"dvar":0.000232474689255,"dvar2":0.000320769875543,"max":0.6494140625,"mean":0.0744855925441,"median":0.05908203125,"min":0.00830078125,"var":0.00583507632837}},"metadata":{"audio_properties":{"analysis_sample_rate":44100,"bit_rate":258757,"codec":"aac","downmix":"mix","equal_loudness":0,"length":148.305847168,"lossless":false,"md5_encoded":"b692c771bb3f05f2ceac4244cbef570c","replay_gain":-9.94758224487,"sample_rate":44100},"tags":{"album":["The Capitol Albums, Volume 1"],"albumartistsort":["Beatles, The"],"artist":["The Beatles"],"artistsort":["Beatles, The"],"asin":["B00065XJ48"],"barcode":["724386687821"],"catalognumber":["0724 3 875348 2 7"],"date":["2004-11-16"],"discnumber":["1/4"],"discsubtitle":["Meet The Beatles!"],"file_name":"1-19 Don't Bother Me (mono) (1).m4a","genre":["Rock","Rock"],"label":["Capitol Records"],"language":["English"],"media":["CD"],"musicbrainz_albumartistid":["b10bbbfc-cf9e-42e0-be17-e2c3e1d2600d"],"musicbrainz_albumid":["8ed9bdd4-66e8-4b7e-b5d3-59e623d56e4f"],"musicbrainz_artistid":["b10bbbfc-cf9e-42e0-be17-e2c3e1d2600d"],"musicbrainz_recordingid":["a6c850e4-6c2c-452f-b873-17a8f569087a"],"musicbrainz_releasegroupid":["a79a5dc0-1731-373d-bbf9-33171b9b323a"],"script":["Latn"],"title":["Don't Bother Me (mono)"],"tracknumber":["19/24"]},"version":{"essentia":"2.1-beta2","essentia_build_sha":"2d9f1f26377add8aeb1075a9c2973f962c4f09fd","essentia_git_sha":"v2.1_beta2-1-ge3940c0","extractor":"music 1.0"}},"rhythm":{"beats_count":420,"beats_loudness":{"dmean":0.0137457149103,"dmean2":0.0244602765888,"dvar":0.000133627909236,"dvar2":0.000396299670683,"max":0.0861897096038,"mean":0.0369921773672,"median":0.036851875484,"min":1.71002341176e-8,"var":0.000215925058001},"beats_loudness_band_ratio":{"dmean":[0.162644505501,0.126503139734,0.169356569648,0.10455198586,0.0673315301538,0.0827667415142],"dmean2":[0.275764614344,0.213316604495,0.299064397812,0.18146724999,0.117350183427,0.158871591091],"dvar":[0.0179585050792,0.0126056149602,0.0168998539448,0.0133659588173,0.0062417248264,0.00786765478551],"dvar2":[0.0537693984807,0.0333068445325,0.0460815578699,0.0364995263517,0.0158