{"lowlevel":{"average_loudness":0.937140285969,"barkbands":{"dmean":[0.0016116615152,0.00915498845279,0.00251798075624,0.00126742268912,0.00164473149925,0.00114421511535,0.000902091036551,0.000699937925674,0.00118270493113,0.00152229459491,0.000354315299774,0.00105846743099,0.000737441412639,0.000535478699021,0.000345490087057,0.000246906362008,0.000160242707352,0.000235212748521,0.000186175806448,0.000179273993126,0.000175643115654,0.0000974274298642,0.0000865136753418,0.000110161337943,0.0000991782508208,0.0000549479809706,0.00000594805851506],"dmean2":[0.00250493641943,0.0144399264827,0.00460725883022,0.00224944762886,0.00274509075098,0.00186496996321,0.00145802262705,0.00111671176273,0.00185839470942,0.00241186260246,0.000594062032178,0.00168128754012,0.00119100336451,0.000868838455062,0.000542459485587,0.000399891287088,0.000253061327385,0.000367569620721,0.000294724246487,0.000275629281532,0.000272550416412,0.000148947176058,0.000124205253087,0.00015942666505,0.000143045472214,0.0000862710367073,0.00000997767892841],"dvar":[0.00000707996150595,0.00022344867466,0.0000481055612909,0.0000136132684929,0.000028068669053,0.00000475111846754,0.00000345217131326,0.00000260025217358,0.0000045793872232,0.00000926536722545,9.67962364484e-7,0.00000377224978365,0.00000154868814661,8.07151991467e-7,4.05532176728e-7,2.48937880087e-7,1.13458000328e-7,1.77407130764e-7,1.67110030702e-7,1.1217912288e-7,1.68791871147e-7,6.60345165215e-8,5.17642746445e-8,6.47367741635e-8,6.94688537806e-8,1.24667973722e-8,1.62269975235e-10],"dvar2":[0.0000154175504576,0.000533201324288,0.000140468881,0.0000385040475521,0.000071594840847,0.0000119925598483,0.0000082253218352,0.00000627898634775,0.0000105803947008,0.0000223764673137,0.00000236630080508,0.00000938816356211,0.00000395812139686,0.00000202221963264,9.27915266402e-7,6.55277858641e-7,2.5749204724e-7,4.30546464258e-7,4.21597547984e-7,2.59240266587e-7,4.02689806833e-7,1.6834583505e-7,1.04201674844e-7,1.37357773156e-7,1.32121485308e-7,2.74767799624e-8,4.27623991772e-10],"max":[0.0268806554377,0.158510714769,0.0828779637814,0.0552876777947,0.0839130878448,0.0434603765607,0.0487725585699,0.0422903224826,0.0646384134889,0.0694523900747,0.044624466449,0.04132206738,0.0294089578092,0.0223814584315,0.0170617960393,0.0105206472799,0.00372189003974,0.00692011695355,0.0072831325233,0.00654899189249,0.0134767657146,0.00496829301119,0.0056683733128,0.00594159169123,0.0130338910967,0.00265341601335,0.000209994701436],"mean":[0.00232667475939,0.0178452692926,0.002763368655,0.00117194582708,0.00164178013802,0.00178347539622,0.0016272154171,0.00109120341949,0.00209207623266,0.00279019842856,0.000520033063367,0.00184184301179,0.00122361734975,0.000915375887416,0.000597204489168,0.000433525507106,0.000261304347077,0.000434717920143,0.000322923646308,0.000365218875231,0.000334407377522,0.000164449564181,0.000169667313457,0.000228955032071,0.000197993504116,0.0000883040338522,0.00000794002698967],"median":[0.00095070048701,0.013137052767,0.00129804748576,0.000366672320524,0.000466318015242,0.000609450158663,0.00047415815061,0.000252118799835,0.00092555367155,0.000764771713875,0.000205494667171,0.000720908865333,0.000517547770869,0.000448037346359,0.000272647477686,0.000199194721063,0.000119014221127,0.000190266408026,0.000148398888996,0.000186146207852,0.000146752703586,0.0000534466162208,0.0000555025908398,0.000107928659418,0.0000845424874569,0.0000181322793651,0.0000013661833691],"min":[5.49182676894e-25,3.59896725421e-24,2.68119977176e-24,7.7454603802e-25,1.14185738542e-23,4.63320571058e-24,1.40910752512e-23,1.0971935798e-23,1.78482335716e-23,1.76008720352e-23,2.84282183068e-23,3.90486463629e-23,3.83675123029e-23,2.91396888017e-23,4.65371577857e-23,6.74710144772e-23,9.31774039146e-23,1.35798807628e-22,1.317825085e-22,1.40106038658e-22,2.57068640161e-22,3.86599701773e-22,4.41515578425e-22,6.43390359972e-22,9.8497258454e-22,1.41465767277e-21,1.84108957435e-21],"var":[0.0000137954875754,0.00037927046651,0.0000320479957736,0.00000921517130337,0.0000228009612329,0.00000930145324674,0.000013511466932,0.00000557722751182,0.0000111898434625,0.0000288692463073,0.00000151955759975,0.00000862369051902,0.00000304345348923,0.0000018579735297,9.76619958237e-7,4.99597376802e-7,1.78707367127e-7,3.93590909198e-7,2.67632600526e-7,2.66581992037e-7,3.23472278296e-7,1.21239722262e-7,1.47344835e-7,1.65127758578e-7,1.63020985156e-7,2.81726055817e-8,2.6113330942e-10]},"barkbands_crest":{"dmean":3.01025438309,"dmean2":4.88771915436,"dvar":8.01017379761,"dvar2":20.9843273163,"max":26.4044742584,"mean":12.0376968384,"median":11.4261770248,"min":1.99213504791,"var":22.254573822},"barkbands_flatness_db":{"dmean":0.0238442812115,"dmean2":0.0349754467607,"dvar":0.000546995084733,"dvar2":0.00111410778482,"max":0.519846200943,"mean":0.140227124095,"median":0.126358732581,"min":0.0183827858418,"var":0.00486260326579},"barkbands_kurtosis":{"dmean":3.518897295,"dmean2":5.46520042419,"dvar":65.2561340332,"dvar2":148.954803467,"max":295.333190918,"mean":4.76814937592,"median":1.453327775,"min":-1.9474555254,"var":124.693450928},"barkbands_skewness":{"dmean":0.598251640797,"dmean2":0.910753488541,"dvar":0.463644504547,"dvar2":1.00856840611,"max":13.2689218521,"mean":1.50963544846,"median":1.23431408405,"min":-4.21635389328,"var":1.78522288799},"barkbands_spread":{"dmean":5.76062822342,"dmean2":8.70079994202,"dvar":45.1603050232,"dvar2":95.6433410645,"max":141.411849976,"mean":24.1992835999,"median":22.6740112305,"min":0.112392358482,"var":229.728744507},"dissonance":{"dmean":0.0232363510877,"dmean2":0.039291203022,"dvar":0.000579231244046,"dvar2":0.00163632899057,"max":0.5,"mean":0.458974838257,"median":0.46919092536,"min":0.194108068943,"var":0.00124763417989},"dynamic_complexity":3.2745475769,"erbbands":{"dmean":[0.40115866065,1.80803358555,2.84251213074,4.10024213791,3.25116324425,6.88618373871,7.09152698517,10.5733470917,14.9576416016,9.8838891983,15.9938879013,25.6614074707,39.8322792053,30.1491565704,24.4709911346,33.8748054504,34.6123733521,22.2303466797,22.681268692,15.9549951553,12.1009788513,8.30008029938,11.1472835541,10.9079561234,8.48048591614,8.42592716217,8.61885643005,5.16543388367,3.438154459,2.93037033081,2.51643562317,2.03730177879,2.08444690704,1.38695132732,0.588550269604,0.261895269156,0.099993750453,0.0166573114693,0.000962908088695,0.0000368949513359],"dmean2":[0.637190520763,2.95032763481,4.95291423798,7.43694257736,5.65904855728,11.551861763,11.2899131775,17.2198238373,24.3728408813,16.1161727905,25.2939682007,40.3883132935,61.4926147461,47.9446258545,39.0806159973,53.8538970947,55.8972396851,35.6897583008,35.7656555176,25.2941818237,19.414691925,13.0216703415,17.4200897217,17.0200481415,13.0733623505,13.0402202606,13.2916469574,7.85026884079,5.28524780273,4.35443925858,3.65939688683,3.01256847382,3.04098582268,1.99157428741,0.878801107407,0.40301117301,0.158384636045,0.0270058307797,0.00163214886561,0.0000598815167905],"dvar":[0.452210724354,11.3455123901,47.2919502258,151.690032959,65.3098602295,741.780944824,283.29119873,449.621337891,976.682678223,485.491394043,1243.2154541,2365.26367188,5160.23046875,3597.83862305,2618.69897461,3127.30102539,3567.55615234,1588.84350586,1686.16784668,807.379455566,708.220703125,311.672576904,379.194793701,488.033233643,339.609710693,271.508850098,438.591552734,130.434295654,76.5486984253,63.9537353516,43.172454834,22.7252845764,25.5430412292,12.9516935349,2.73652672768,0.417827606201,0.0359664037824,0.00113719166256,0.00000538176436748,4.29433200111e-9],"dvar2":[1.17139947414,26.6306247711,132.213973999,432.351318359,179.592941284,1903.10424805,630.514465332,1159.63269043,2389.46606445,1184.30651855,2988.13549805,5705.07617188,11444.2089844,8618.63574219,6332.92626953,7793.02490234,9143.6796875,3823.171875,4029.90576172,2007.58886719,1796.10229492,693.720336914,922.306396484,1176.29125977,817.215454102,649.71661377,1054.50891113,318.936798096,196.327789307,143.574020386,88.0667190552,49.3775177002,54.4111862183,25.0318431854,5.38843727112,0.856895565987,0.0828651487827,0.00282563804649,0.0000145261774378,1.12204956437e-8],"max":[6.76265144348,33.7355499268,89.259552002,157.479751587,111.571044922,453.018066406,283.804748535,430.883056641,900.823181152,630.014221191,852.007507324,1423.34558105,1757.89978027,1765.18383789,1351.94628906,1428.46582031,1449.22827148,1292.06860352,956.91003418,621.740356445,719.546264648,216.456115723,317.520904541,413.37689209,305.989379883,453.056121826,716.831542969,253.644500732,156.908309937,200.109481812,177.698165894,120.675384521,114.378334045,178.173858643,69.3799591064,18.632101059,2.66526341438,0.435317516327,0.0438116230071,0.000936231459491],"mean":[0.707711696625,3.15814042091,3.88162112236,3.96232748032,3.27036690712,6.44381284714,9.20358943939,17.3324165344,28.1020507813,15.844285965,27.6907958984,46.0325469971,75.6376037598,57.3886451721,45.0185241699,62.9661483765,59.7778434753,40.4240264893,42.6851730347,29.6220722198,21.9130649567,14.8111000061,21.1278381348,21.0770320892,15.9343261719,17.4219589233,16.8634147644,9.819024086,5.93032836914,5.24098300934,4.86852407455,4.10534381866,4.28395366669,2.79408216476,1.07106304169,0.424847751856,0.156234592199,0.0271680876613,0.00118796748575,0.000084173407231],"median":[0.46560806036,2.19943737984,2.35713768005,1.56172525883,1.28702795506,1.54533314705,2.57303380966,5.78527879715,8.25929737091,6.38224554062,9.79420375824,20.8957233429,29.6247234344,19.9165248871,21.957567215,31.9299983978,26.8247108459,22.1636676788,21.0994567871,15.8428144455,10.0939474106,7.37391996384,9.77239990234,10.3997068405,8.07663249969,9.26875400543,7.36915969849,4.3491024971,2.10010671616,1.44916701317,1.623696208,1.7995108366,1.96675932407,1.25322782993,0.394860625267,0.104276888072,0.0309861879796,0.00484841456637,0.000231813988648,0.000062297542172],"min":[6.12872095718e-23,8.98618644439e-22,2.4115887323e-21,7.7317371571e-21,2.48285498688e-20,3.23025176753e-20,5.40530477055e-20,4.91165210515e-20,1.94330187542e-19,2.45951944632e-19,4.17752730818e-19,4.21847042205e-19,3.03026502169e-19,9.44971958961e-19,1.15868182503e-18,1.78651987157e-18,2.05885171746e-18,2.66099867155e-18,2.26861396746e-18,3.0374324383e-18,4.5925576325e-18,5.11149393928e-18,5.9246517725e-18,5.98436718169e-18,8.28516674678e-18,6.462705464e-18,9.63052969099e-18,1.01410374409e-17,1.36355024705e-17,1.09134007943e-17,1.16489537832e-17,9.22859849544e-18,1.14443581033e-17,7.69441585999e-18,7.49310077841e-18,4.65855010177e-18,2.32681770408e-18,1.04872729115e-18,2.35821231025e-19,2.81667470907e-20],"var":[0.71525323391,15.3832378387,37.6828765869,98.4936065674,47.038684845,578.153625488,407.902862549,949.153808594,4061.04663086,885.137329102,2643.42333984,5349.19287109,16712.3398438,11663.71875,5338.99169922,7532.29882813,7132.19433594,3606.28515625,4350.62792969,1716.44348145,1380.28991699,528.158569336,877.945251465,975.538879395,587.03503418,615.603637695,819.414367676,292.822967529,141.14213562,146.74546814,120.044822693,59.4759597778,60.8336753845,30.1694698334,5.894718647,0.961614310741,0.0750896558166,0.00243826117367,0.00000653265624351,6.99990421182e-9]},"erbbands_crest":{"dmean":2.82535529137,"dmean2":4.47946310043,"dvar":7.4783539772,"dvar2":16.6574172974,"max":33.4508247375,"mean":10.1343460083,"median":8.77079582214,"min":2.20999312401,"var":27.4774417877},"erbbands_flatness_db":{"dmean":0.0187290906906,"dmean2":0.0265963040292,"dvar":0.000339378311764,"dvar2":0.000626775203273,"max":0.577315926552,"mean":0.153443962336,"median":0.139766946435,"min":0.0397924780846,"var":0.00373241095804},"erbbands_kurtosis":{"dmean":1.26907968521,"dmean2":1.94658863544,"dvar":4.01373195648,"dvar2":8.74856758118,"max":57.0264587402,"mean":1.57794070244,"median":0.741968095303,"min":-1.81564557552,"var":12.1662502289},"erbbands_skewness":{"dmean":0.385702073574,"dmean2":0.580850064754,"dvar":0.142723619938,"dvar2":0.306877970695,"max":5.39915513992,"mean":0.547471106052,"median":0.518948078156,"min":-4.60085105896,"var":0.627233684063},"erbbands_spread":{"dmean":7.25604820251,"dmean2":10.9483070374,"dvar":65.025062561,"dvar2":145.673233032,"max":146.679458618,"mean":31.3961486816,"median":29.4030323029,"min":0.504313707352,"var":250.260879517},"gfcc":{"cov":[[19420.2089844,-938.050537109,-162.957748413,1720.44042969,123.323440552,1075.34155273,-2.64367794991,687.572265625,-160.647232056,535.862426758,-334.610748291,-100.284500122,-461.778411865],[-938.050537109,1218.16577148,4.58972501755,-165.364547729,98.3933944702,-144.565979004,10.0390501022,-88.428565979,82.2361907959,-59.7144165039,148.9815979,-66.036819458,147.05670166],[-162.957748413,4.58972501755,869.824462891,294.740783691,74.5797805786,157.326004028,34.5148048401,31.728351593,53.811000824,77.5352859497,0.14246866107,98.8037033081,-28.533864975],[1720.44042969,-165.364547729,294.740783691,648.663085938,97.8962097168,170.057449341,60.2294960022,68.2589797974,72.7167205811,100.889640808,-16.1927947998,18.3318519592,-11.9046678543],[123.323440552,98.3933944702,74.5797805786,97.8962097168,275.315063477,83.6516342163,111.201339722,65.4990310669,47.2497406006,32.5791854858,17.2056293488,-14.2271213531,6.26391077042],[1075.34155273,-144.565979004,157.326004028,170.057449341,83.6516342163,331.171600342,105.376472473,70.2986373901,10.7103157043,20.8895950317,-25.0407505035,-13.8971605301,-57.75365448],[-2.64367794991,10.0390501022,34.5148048401,60.2294960022,111.201339722,105.376472473,264.079406738,55.9429550171,39.4496269226,14.6820192337,2.03992938995,-14.7172174454,10.8604421616],[687.572265625,-88.428565979,31.728351593,68.2589797974,65.4990310669,70.2986373901,55.9429550171,201.715301514,17.0176753998,67.2241897583,6.33293771744,-10.1676483154,2.1403670311],[-160.647232056,82.2361907959,53.811000824,72.7167205811,47.2497406006,10.7103157043,39.4496269226,17.0176753998,158.335250854,20.5794849396,4.26222515106,8.57494735718,8.19428062439],[535.862426758,-59.7144165039,77.5352859497,100.889640808,32.5791854858,20.8895950317,14.6820192337,67.2241897583,20.5794849396,157.395339966,41.0004997253,11.6917619705,4.32841777802],[-334.610748291,148.9815979,0.14246866107,-16.1927947998,17.2056293488,-25.0407505035,2.03992938995,6.33293771744,4.26222515106,41.0004997253,134.829833984,22.4058952332,45.6158599854],[-100.284500122,-66.036819458,98.8037033081,18.3318519592,-14.2271213531,-13.8971605301,-14.7172174454,-10.1676483154,8.57494735718,11.6917619705,22.4058952332,107.544204712,4.82579183578],[-461.778411865,147.05670166,-28.533864975,-11.9046678543,6.26391077042,-57.75365448,10.8604421616,2.1403670311,8.19428062439,4.32841777802,45.6158599854,4.82579183578,128.467407227]],"icov":[[0.000151469750563,-0.000222625400056,0.000320018531056,-0.000430240790593,0.00015294746845,-0.000411862158217,0.000174045184394,-0.000383780919947,0.000384019658668,-0.000485831202241,0.000535942788702,-0.000371015921701,0.000445087294793],[-0.000222625400056,0.00185888609849,-0.000893996155355,0.000983447534963,-0.000829818367492,0.001022636774,-0.000142544799019,0.00114882236812,-0.00141463580076,0.00153819378465,-0.0024572564289,0.00223350920714,-0.00171540235169],[0.000320018531056,-0.000893996155355,0.0024254124146,-0.00146780360956,0.000272093864623,-0.00155667436775,0.000466859142762,-0.000770037353504,0.000877488288097,-0.00166388833895,0.00179970578756,-0.00272506778128,0.00130006053951],[-0.000430240790593,0.000983447534963,-0.00146780360956,0.00356518873014,-0.000860837229993,0.000390731729567,-0.000301043706713,0.00131146307103,-0.00191444368102,0.000389610650018,-0.00123191368766,0.001417485415,-0.00195350660942],[0.00015294746845,-0.000829818367492,0.000272093864623,-0.000860837229993,0.00531410658732,-0.000932835566346,-0.0013647301821,-0.00143344630487,-0.0000820694694994,-0.000758253678214,0.000422303099185,-0.000246287236223,0.000831194221973],[-0.000411862158217,0.001022636774,-0.00155667436775,0.000390731729567,-0.000932835566346,0.00606864178553,-0.00190045125782,0.000158280541655,-0.00066301424522,0.00224730884656,-0.0020692399703,0.00223638117313,0.000588420312852],[0.000174045184394,-0.000142544799019,0.000466859142762,-0.000301043706713,-0.0013647301821,-0.00190045125782,0.00541772600263,-0.000885665125679,-0.000423388555646,-0.000370949070202,0.000667712010909,-0.000111185443529,-0.000559904437978],[-0.000383780919947,0.00114882236812,-0.000770037353504,0.00131146307103,-0.00143344630487,0.000158280541655,-0.000885665125679,0.00778753543273,-0.0013217193773,-0.00123540998902,-0.00138798169792,0.0019009137759,-0.00211052852683],[0.000384019658668,-0.00141463580076,0.000877488288097,-0.00191444368102,-0.0000820694694994,-0.00066301424522,-0.000423388555646,-0.0013217193773,0.00857457984239,-0.00196628668346,0.00243808608502,-0.00231597363017,0.00152155419346],[-0.000485831202241,0.00153819378465,-0.00166388833895,0.000389610650018,-0.000758253678214,0.00224730884656,-0.000370949070202,-0.00123540998902,-0.00196628668346,0.0111694000661,-0.00560150295496,0.00213438877836,-0.00108346913476],[0.000535942788702,-0.0024572564289,0.00179970578756,-0.00123191368766,0.000422303099185,-0.0020692399703,0.000667712010909,-0.00138798169792,0.00243808608502,-0.00560150295496,0.0135919135064,-0.0050959372893,-0.000560842803679],[-0.000371015921701,0.00223350920714,-0.00272506778128,0.001417485415,-0.000246287236223,0.00223638117313,-0.000111185443529,0.0019009137759,-0.00231597363017,0.00213438877836,-0.0050959372893,0.0141115710139,-0.00201393989846],[0.000445087294793,-0.00171540235169,0.00130006053951,-0.00195350660942,0.000831194221973,0.000588420312852,-0.000559904437978,-0.00211052852683,0.00152155419346,-0.00108346913476,-0.000560842803679,-0.00201393989846,0.0119760483503]],"mean":[7.5387339592,82.9693756104,-109.765037537,19.5242404938,-49.6653556824,29.5877437592,-25.3438968658,21.4056549072,-22.6811637878,12.6369762421,-7.23488521576,0.450968533754,-4.23511648178]},"hfc":{"dmean":8.30619525909,"dmean2":11.9774446487,"dvar":141.623260498,"dvar2":281.488525391,"max":197.386749268,"mean":29.1117458344,"median":25.7048377991,"min":1.03658336985e-16,"var":612.931274414},"melbands":{"dmean":[0.00294114695862,0.00167008605786,0.000643186678644,0.000361214013537,0.000259113206994,0.000234164923313,0.00021320169617,0.00012027824414,0.000138979070471,0.000161838906934,0.00021557562286,0.000148521387018,0.0000662601160002,0.00013739883434,0.0000803557486506,0.0000601165120315,0.0000432531305705,0.000043853855459,0.0000232248494285,0.0000192566458281,0.0000144424720929,0.0000091102292572,0.00000831965644466,0.0000141738655657,0.00000904294483917,0.00000724771643945,0.00000604961223871,0.00000617158457317,0.00000618267449681,0.00000442292230218,0.00000282140536001,0.00000203814033739,0.00000189537365713,0.00000160210686317,0.00000151320455188,0.00000141880980209,0.00000130700777845,0.00000154766519245,0.00000147227456182,0.00000116085720947],"dmean2":[0.00461575668305,0.00275673926808,0.00115791487042,0.000618343183305,0.000409989443142,0.000380295561627,0.000347007822711,0.00019394919218,0.000220970687224,0.000254812301137,0.000333555450197,0.000236268489971,0.000107701496745,0.000218148430577,0.00012958807929,0.0000974143185886,0.0000693082984071,0.0000697451469023,0.000036396082578,0.0000309883362206,0.000023182705263,0.0000143382867464,0.0000133017329063,0.0000225134645007,0.0000142628969115,0.0000115312768685,0.00000939114670473,0.00000974496924755,0.00000955175528361,0.00000691954573995,0.00000434482353739,0.00000319374930768,0.00000293154676001,0.00000239948849412,0.0000022484357487,0.00000213952876038,0.00000200038243747,0.00000231164858633,0.00000217721913032,0.00000170631028595],"dvar":[0.0000224676768994,0.0000115104803626,0.00000351369476448,0.00000155001794155,4.39306575117e-7,2.06764227073e-7,1.8766674259e-7,6.99457629594e-8,8.37425346845e-8,8.8844110735e-8,1.54447619138e-7,8.99522802911e-8,2.55022385431e-8,6.91977533052e-8,2.11366675273e-8,9.10573838553e-9,5.96521498863e-9,6.54012533019e-9,1.69916780646e-9,1.45860190592e-9,1.02436725768e-9,4.05801836578e-10,2.35204911103e-10,7.13214987069e-10,3.57895740821e-10,2.64592792121e-10,1.47557854824e-10,1.60049293263e-10,2.47708548118e-10,1.49496248714e-10,4.10025763342e-11,2.57794219999e-11,3.01777179634e-11,1.88792106948e-11,1.63230089167e-11,1.41449369578e-11,8.61353436493e-12,1.49835838181e-11,1.21100672892e-11,9.74104130691e-12],"dvar2":[0.000055392854847,0.0000281453012576,0.00000998256382445,0.00000406102299166,9.99465214591e-7,5.32841283984e-7,4.60332955754e-7,1.7051524992e-7,2.01189592985e-7,2.1284328966e-7,3.49944627942e-7,2.18552358433e-7,6.14406516775e-8,1.75562334448e-7,5.3204480821e-8,2.31555983277e-8,1.42582186058e-8,1.60288902151e-8,3.8272260916e-9,3.89011933777e-9,2.55033483221e-9,9.13327524721e-10,5.41743039317e-10,1.78157055775e-9,8.73548455793e-10,6.74275191237e-10,3.42404465892e-10,3.94649923852e-10,6.32692953584e-10,3.25491716913e-10,1.00531659386e-10,6.76147748901e-11,7.58935136957e-11,4.06036107514e-11,3.4380054359e-11,3.1419467722e-11,1.9837270715e-11,3.34948770109e-11,2.53033687753e-11,1.93231142892e-11],"max":[0.0496925786138,0.0410130657256,0.0257485490292,0.0190630163997,0.0101453792304,0.00888579990715,0.0122542791069,0.0065717799589,0.00733928428963,0.00774752954021,0.00870121736079,0.00806693639606,0.00641821883619,0.00560593232512,0.00351179088466,0.00181285932194,0.00240630004555,0.00154812156688,0.000965787272435,0.00088550336659,0.000880900595803,0.000294956436846,0.000301834457787,0.000421054399339,0.000345748994732,0.000313791504595,0.000184140400961,0.000386820232961,0.000714735360816,0.000631201546639,0.000193297324586,0.0000845361573738,0.000149629748194,0.000114664675493,0.000112937428639,0.0000903343461687,0.0000688535437803,0.0000917471115827,0.000089629109425,0.000162411612109],"mean":[0.00561471004039,0.00283884722739,0.000647740729619,0.000344159256201,0.000318348087603,0.000393348222133,0.000393833382986,0.000188633421203,0.000241953181103,0.000286965427222,0.00040112415445,0.000273030949757,0.000110739609227,0.000230461970204,0.000139020863571,0.000102328522189,0.0000721723263268,0.0000765860895626,0.0000402724035666,0.0000342893217748,0.0000235386942222,0.0000145601779877,0.0000142392464113,0.000024445263989,0.0000160355157277,0.0000122930341604,0.000010904624105,0.0000117339659482,0.0000113061814773,0.0000079246756286,0.00000489532112624,0.00000332673698722,0.00000300957253785,0.00000283971530735,0.00000278721404356,0.00000261331183538,0.0000024816279165,0.00000298029567602,0.00000296793973575,0.00000216485682358],"median":[0.00399576872587,0.00195396831259,0.000272691278951,0.000107940482849,0.0000831354336697,0.00013300437422,0.000120199314551,0.0000613647571299,0.0000901081657503,0.000126424507471,0.000144989564433,0.0000776909146225,0.0000501947070006,0.0000755947185098,0.0000595676101511,0.0000496881802974,0.0000345399676007,0.0000331735973305,0.0000195481788978,0.0000162995092978,0.00000925488620851,0.00000636410459265,0.00000695645758242,0.0000094333117886,0.00000688240061208,0.00000574433670408,0.00000530006218469,0.00000566235485167,0.00000459221791971,0.00000316769455821,0.0000019414471808,0.00000112562804588,7.47597823647e-7,7.63146772442e-7,8.99992642189e-7,9.56309122557e-7,0.000001106522177,0.0000012968783949,0.00000136065182232,9.06275317902e-7],"min":[9.28593415085e-25,1.92063846265e-24,1.62382441946e-24,3.13973937241e-24,2.48721769187e-24,1.00380144164e-24,3.03469721807e-24,2.29861367121e-24,2.85341658762e-24,2.68453665339e-24,1.14208639174e-24,3.35747050428e-24,3.84133806202e-24,3.90551544653e-24,3.5059854026e-24,4.24983114356e-24,3.70093699254e-24,2.75740846837e-24,4.06734040048e-24,4.26853424676e-24,4.79867756849e-24,5.28171879443e-24,4.22678772766e-24,6.18708577789e-24,3.99585895284e-24,5.20700222823e-24,4.9368706163e-24,4.07741967627e-24,5.80488898019e-24,4.48068142671e-24,4.99098884098e-24,6.08684285608e-24,6.36107299484e-24,5.23879687258e-24,5.58084420007e-24,5.53774044578e-24,5.37438234067e-24,7.23906650488e-24,6.72224586054e-24,6.38266687883e-24],"var":[0.0000387099607906,0.0000131975693876,0.00000233567925534,0.00000115549153179,5.44518172774e-7,4.52277930663e-7,7.21107085155e-7,1.37833325198e-7,1.74665586883e-7,2.04942324444e-7,4.95002552725e-7,2.86613783373e-7,4.5023732298e-8,1.49619907575e-7,4.35408047395e-8,1.8753086195e-8,1.31736932474e-8,1.53159067651e-8,3.72756092659e-9,2.99603719611e-9,1.86257553825e-9,6.21409146362e-10,4.34247221515e-10,1.43797151964e-9,6.62588872657e-10,4.02119032517e-10,2.78443434976e-10,3.18682441547e-10,4.0102487997e-10,2.63515903542e-10,8.78793496306e-11,4.47316940433e-11,5.25570212351e-11,4.45152942286e-11,4.15693382494e-11,3.38121301791e-11,1.99687436725e-11,3.19505359669e-11,2.93085070102e-11,2.04655788844e-11]},"melbands_crest":{"dmean":3.95950722694,"dmean2":6.2422375679,"dvar":13.5982046127,"dvar2":34.3742027283,"max":37.9257049561,"mean":17.7230548859,"median":16.9009933472,"min":1.76221120358,"var":44.7326393127},"melbands_flatness_db":{"dmean":0.0291408486664,"dmean2":0.0426409766078,"dvar":0.000813747465145,"dvar2":0.00168573949486,"max":0.583916723728,"mean":0.216760113835,"median":0.203936889768,"min":0.00499284407124,"var":0.00685949483886},"melbands_kurtosis":{"dmean":7.96559381485,"dmean2":12.4782047272,"dvar":332.092041016,"dvar2":757.178894043,"max":624.808227539,"mean":12.5320129395,"median":5.58118581772,"min":-1.75607478619,"var":583.428649902},"melbands_skewness":{"dmean":0.825584292412,"dmean2":1.26862549782,"dvar":0.908373177052,"dvar2":1.99934923649,"max":19.9664611816,"mean":2.43840456009,"median":2.04799246788,"min":-3.22281599045,"var":3.32900071144},"melbands_spread":{"dmean":6.602871418,"dmean2":10.1542539597,"dvar":62.9789047241,"dvar2":143.469207764,"max":229.220581055,"mean":24.3188896179,"median":21.4208679199,"min":0.420909643173,"var":300.778381348},"mfcc":{"cov":[[11850.6787109,-786.252990723,61.9423294067,640.710876465,457.691375732,448.696990967,509.287658691,266.67767334,280.07220459,396.483917236,245.492706299,235.637390137,11.7921447754],[-786.252990723,1273.48815918,16.769865036,-25.3805770874,78.5710983276,-59.0012168884,46.1270217896,-54.4680862427,-6.649122715,-16.2677268982,7.27641201019,10.8613576889,26.0890579224],[61.9423294067,16.769865036,618.765625,163.618286133,85.3042373657,148.00340271,-5.4483628273,60.0502853394,14.8294525146,-3.5574195385,36.37525177,7.63306522369,53.4874420166],[640.710876465,-25.3805770874,163.618286133,438.76852417,115.710617065,89.5869140625,45.2441749573,5.37220144272,88.5195846558,35.6401062012,26.773563385,66.7877502441,30.4356784821],[457.691375732,78.5710983276,85.3042373657,115.710617065,238.826019287,55.4649620056,40.9522399902,30.1468963623,38.5871543884,38.9657707214,23.2087593079,38.788394928,44.9976577759],[448.696990967,-59.0012168884,148.00340271,89.5869140625,55.4649620056,270.312316895,44.0014533997,100.286026001,37.6948394775,46.9149551392,42.3710975647,9.77511405945,5.81557178497],[509.287658691,46.1270217896,-5.4483628273,45.2441749573,40.9522399902,44.0014533997,288.434753418,34.0382156372,64.367477417,69.4171905518,31.8544654846,43.0084991455,-25.0771255493],[266.67767334,-54.4680862427,60.0502853394,5.37220144272,30.1468963623,100.286026001,34.0382156372,181.476791382,48.0642662048,42.3936386108,22.6674938202,-1.36786019802,2.22059130669],[280.07220459,-6.649122715,14.8294525146,88.5195846558,38.5871543884,37.6948394775,64.367477417,48.0642662048,153.095397949,70.8948440552,31.9091567993,24.9924964905,-20.4766025543],[396.483917236,-16.2677268982,-3.5574195385,35.6401062012,38.9657707214,46.9149551392,69.4171905518,42.3936386108,70.8948440552,130.420120239,48.3934364319,23.6731891632,-6.15883731842],[245.492706299,7.27641201019,36.37525177,26.773563385,23.2087593079,42.3710975647,31.8544654846,22.6674938202,31.9091567993,48.3934364319,96.8670730591,30.5044250488,14.9188461304],[235.637390137,10.8613576889,7.63306522369,66.7877502441,38.788394928,9.77511405945,43.0084991455,-1.36786019802,24.9924964905,23.6731891632,30.5044250488,103.83455658,36.5335655212],[11.7921447754,26.0890579224,53.4874420166,30.4356784821,44.9976577759,5.81557178497,-25.0771255493,2.22059130669,-20.4766025543,-6.15883731842,14.9188461304,36.5335655212,116.102546692]],"icov":[[0.000116374460049,0.0000754147040425,0.0000567663591937,-0.000112042631372,-0.000148069564602,-0.0000675892661093,-0.000115921844554,-0.0000529157368874,0.0000807558899396,-0.000152265856741,-0.000113566595246,-0.0000648822679068,0.0000523749367858],[0.0000754147040425,0.00089264428243,-0.0000237081349042,0.0000847110932227,-0.000461058865767,0.00012952076213,-0.000280689739157,0.000234460632782,-0.0000460221708636,0.000117564719403,-0.000224567396799,0.0000477300563944,-0.000100477394881],[0.0000567663591937,-0.0000237081349042,0.00218409812078,-0.000716640322935,-0.000317380210618,-0.000903723353986,0.000016175361452,-0.000331323244609,0.000157235685037,0.000615731172729,-0.000671580899507,0.000629154441413,-0.000691949215252],[-0.000112042631372,0.0000847110932227,-0.000716640322935,0.00362012209371,-0.000862972286996,-0.000735867361072,0.000151183921844,0.00116594729479,-0.0020087773446,0.000510072044563,0.000642614788376,-0.00143630651291,-0.000202667375561],[-0.000148069564602,-0.000461058865767,-0.000317380210618,-0.000862972286996,0.00584149034694,-0.000281172688119,-0.000165354533237,-0.000328020221787,-0.000355805794243,-0.000871850876138,0.000574239180423,-0.00035942933755,-0.00185794197023],[-0.0000675892661093,0.00012952076213,-0.000903723353986,-0.000735867361072,-0.000281172688119,0.00579458661377,-0.000243239177507,-0.00254369038157,0.000738186121453,-0.000650292902719,-0.00122902414296,0.000458097347291,0.000511312158778],[-0.000115921844554,-0.000280689739157,0.000016175361452,0.000151183921844,-0.000165354533237,-0.000243239177507,0.00459725083783,-0.000207201621379,-0.000599850143772,-0.00130053167231,0.000119010270282,-0.00173489679582,0.00145680038258],[-0.0000529157368874,0.000234460632782,-0.000331323244609,0.00116594729479,-0.000328020221787,-0.00254369038157,-0.000207201621379,0.00796821154654,-0.00223416904919,-0.000680130033288,0.000256775267189,0.000847160466947,-0.000872609787621],[0.0000807558899396,-0.0000460221708636,0.000157235685037,-0.0020087773446,-0.000355805794243,0.000738186121453,-0.000599850143772,-0.00223416904919,0.0110126622021,-0.00417955592275,-0.000855508260429,-0.000980006414466,0.00260924431495],[-0.000152265856741,0.000117564719403,0.000615731172729,0.000510072044563,-0.000871850876138,-0.000650292902719,-0.00130053167231,-0.000680130033288,-0.00417955592275,0.013262918219,-0.00420071929693,0.0000329665526806,0.000170077531948],[-0.000113566595246,-0.000224567396799,-0.000671580899507,0.000642614788376,0.000574239180423,-0.00122902414296,0.000119010270282,0.000256775267189,-0.000855508260429,-0.00420071929693,0.0144838634878,-0.00287269591354,-0.00126818218268],[-0.0000648822679068,0.0000477300563944,0.000629154441413,-0.00143630651291,-0.00035942933755,0.000458097347291,-0.00173489679582,0.000847160466947,-0.000980006414466,0.0000329665526806,-0.00287269591354,0.0141030410305,-0.00443173991516],[0.0000523749367858,-0.000100477394881,-0.000691949215252,-0.000202667375561,-0.00185794197023,0.000511312158778,0.00145680038258,-0.000872609787621,0.00260924431495,0.000170077531948,-0.00126818218268,-0.00443173991516,0.0120547330007]],"mean":[-634.709594727,118.279472351,2.48015332222,5.38374853134,5.58926439285,5.72682094574,18.1050548553,3.22541975975,7.20731163025,9.55432891846,4.09876346588,5.52369689941,0.549230992794]},"pitch_salience":{"dmean":0.0782515406609,"dmean2":0.124075450003,"dvar":0.00590437743813,"dvar2":0.0149163519964,"max":0.864425718784,"mean":0.466559737921,"median":0.468171834946,"min":0.0613535195589,"var":0.0155951213092},"silence_rate_20dB":{"dmean":0,"dmean2":0,"dvar":0,"dvar2":0,"max":1,"mean":1,"median":1,"min":1,"var":0},"silence_rate_30dB":{"dmean":0.040353089571,"dmean2":0.0807134509087,"dvar":0.0387208871543,"dvar2":0.0932982712984,"max":1,"mean":0.967486262321,"median":1,"min":0,"var":0.0314595252275},"silence_rate_60dB":{"dmean":0.0126103404909,"dmean2":0.025222953409,"dvar":0.0124499844387,"dvar2":0.0285546910018,"max":1,"mean":0.0567414201796,"median":0,"min":0,"var":0.0535129606724},"spectral_centroid":{"dmean":249.644271851,"dmean2":366.239715576,"dvar":93391.34375,"dvar2":185269.375,"max":11478.2070313,"mean":1456.95288086,"median":1361.81433105,"min":174.993362427,"var":659140.9375},"spectral_complexity":{"dmean":4.00540447235,"dmean2":5.78992891312,"dvar":21.2028179169,"dvar2":34.3284950256,"max":65,"mean":21.7570018768,"median":20,"min":0,"var":163.517578125},"spectral_contrast_coeffs":{"dmean":[0.0495530851185,0.0480977147818,0.0422134287655,0.0323978848755,0.0238116551191,0.0200477596372],"dmean2":[0.0808245316148,0.0784971043468,0.0670549944043,0.0510495826602,0.0370012819767,0.0304420832545],"dvar":[0.00189946219325,0.00152260111645,0.00121219502762,0.00072484643897,0.000470555474749,0.000365202286048],"dvar2":[0.00470618857071,0.00400225026533,0.00296641839668,0.00165502936579,0.000970584864262,0.000775360851549],"max":[-0.286488085985,-0.449816763401,-0.429458498955,-0.504006147385,-0.57258194685,-0.492194920778],"mean":[-0.715175151825,-0.738968729973,-0.734405577183,-0.769263625145,-0.785909235477,-0.78890901804],"median":[-0.727479994297,-0.74687898159,-0.738653898239,-0.776210129261,-0.793412029743,-0.793890833855],"min":[-0.975819766521,-0.974722743034,-0.974774837494,-0.976900696754,-0.964903354645,-0.963665425777],"var":[0.00681639229879,0.00627764407545,0.00598942115903,0.00379493809305,0.00286586140282,0.00213659415022]},"spectral_contrast_valleys":{"dmean":[0.39734056592,0.399316906929,0.33386272192,0.294472038746,0.286144465208,0.318221688271],"dmean2":[0.636998474598,0.641838908195,0.530338644981,0.439181029797,0.397258162498,0.404319137335],"dvar":[0.14786811173,0.147310778499,0.102863103151,0.0950823053718,0.112884737551,0.148169949651],"dvar2":[0.307681471109,0.323848724365,0.215015992522,0.167403444648,0.185619562864,0.22871504724],"max":[-4.99780702591,-4.56705999374,-5.2264122963,-5.37932300568,-5.37586641312,-7.26666307449],"mean":[-7.15899133682,-6.79362201691,-7.08026218414,-7.59090805054,-7.75532436371,-9.94168758392],"median":[-6.72625541687,-6.59691810608,-6.84267091751,-7.25447273254,-7.34703540802,-9.53075122833],"min":[-27.8354549408,-28.0026245117,-27.6500854492,-27.5287818909,-27.522687912,-27.3814411163],"var":[3.43287181854,2.24567198753,2.29460334778,2.58412027359,2.84744858742,2.89593243599]},"spectral_decrease":{"dmean":3.6970158046e-9,"dmean2":5.85402926134e-9,"dvar":2.57844852796e-17,"dvar2":6.06525022547e-17,"max":1.24703229638e-28,"mean":-1.07571960228e-8,"median":-9.73323999176e-9,"min":-4.98876389088e-8,"var":5.71772981257e-17},"spectral_energy":{"dmean":0.0144042046741,"dmean2":0.0227433107793,"dvar":0.000381041259971,"dvar2":0.000893988471944,"max":0.190944954753,"mean":0.0432406552136,"median":0.039685215801,"min":1.00423159487e-20,"var":0.000876117672306},"spectral_energyband_high":{"dmean":0.000576545717195,"dmean2":0.000813851016574,"dvar":0.00000122556377846,"dvar2":0.0000025258846108,"max":0.0197522304952,"mean":0.00139976805076,"median":0.000778949877713,"min":7.0984908163e-21,"var":0.0000040022655412},"spectral_energyband_low":{"dmean":0.0111188124865,"dmean2":0.0177782457322,"dvar":0.000314411678119,"dvar2":0.000742897100281,"max":0.174421548843,"mean":0.0235481727868,"median":0.0175466332585,"min":1.53614820965e-23,"var":0.000577546656132},"spectral_energyband_middle_high":{"dmean":0.00308111752383,"dmean2":0.004758939147,"dvar":0.000015546755094,"dvar2":0.0000366153435607,"max":0.0767892003059,"mean":0.00931153539568,"median":0.00687279738486,"min":1.2020641774e-21,"var":0.0000769453472458},"spectral_energyband_middle_low":{"dmean":0.00507436133921,"dmean2":0.0081124631688,"dvar":0.000080759426055,"dvar2":0.000201569288038,"max":0.0955739244819,"mean":0.00977544207126,"median":0.00690984446555,"min":1.79889064036e-22,"var":0.00010775278497},"spectral_entropy":{"dmean":0.160254076123,"dmean2":0.22635500133,"dvar":0.0307358764112,"dvar2":0.0583872050047,"max":9.82049942017,"mean":7.60959100723,"median":7.7260389328,"min":4.49144697189,"var":0.301888614893},"spectral_flux":{"dmean":0.0306721888483,"dmean2":0.048430249095,"dvar":0.0013221987756,"dvar2":0.00281610246748,"max":0.389172524214,"mean":0.102967470884,"median":0.0963503420353,"min":6.21889623131e-11,"var":0.00351240066811},"spectral_kurtosis":{"dmean":1.64345598221,"dmean2":2.5586643219,"dvar":13.1918182373,"dvar2":35.3789863586,"max":158.925506592,"mean":5.47606420517,"median":3.86103916168,"min":-1.35803544521,"var":60.596950531},"spectral_rms":{"dmean":0.00101078441367,"dmean2":0.0015528742224,"dvar":0.00000136511266646,"dvar2":0.00000302189141621,"max":0.0136487269774,"mean":0.00604304578155,"median":0.00622232165188,"min":3.13007692682e-12,"var":0.00000566767221244},"spectral_rolloff":{"dmean":418.95993042,"dmean2":685.68157959,"dvar":603334.375,"dvar2":1288048.75,"max":19315.2832031,"mean":1355.50073242,"median":1098.19335938,"min":43.06640625,"var":3037087},"spectral_skewness":{"dmean":0.223268046975,"dmean2":0.330889850855,"dvar":0.0800625905395,"dvar2":0.185822203755,"max":9.99654006958,"mean":1.77462625504,"median":1.65516960621,"min":-0.251272946596,"var":0.507400274277},"spectral_spread":{"dmean":599603,"dmean2":868587.0625,"dvar":628188315648,"dvar2":1132235587580,"max":42189248,"mean":5240536.5,"median":5065244,"min":514957.0625,"var":5759600427010},"spectral_strongpeak":{"dmean":0.504389166832,"dmean2":0.884301781654,"dvar":0.886799752712,"dvar2":2.2270655632,"max":9.2355632782,"mean":0.804816424847,"median":0.337371230125,"min":0,"var":1.37134599686},"zerocrossingrate":{"dmean":0.00959607679397,"dmean2":0.0114526823163,"dvar":0.000123224468553,"dvar2":0.000153357177624,"max":0.5224609375,"mean":0.059068530798,"median":0.052734375,"min":0.00146484375,"var":0.00203289650381}},"metadata":{"audio_properties":{"analysis_sample_rate":44100,"bit_rate":192019,"codec":"mp3","downmix":"mix","equal_loudness":0,"length":257.77633667,"lossless":false,"md5_encoded":"d1d5bf9ce5ea60652e1cdf727508ca6c","replay_gain":-3.50825119019,"sample_rate":44100},"tags":{"acoustid_fingerprint":["AQADtEqWKBGjZBHCJ0GYnMUn2PiNNMcuBc2D8CF6WBoD38XUEZ0pfEmeFHUjCpx1NIe4RAzKTR_qWoj2HNoRC0-SlWicR0GtEEfzJBFy0YGWijniNLjyFM121FuKI3-gSzniD0-SFeWOpgqFB82VHGnZBtonIz6eRE3RjDxqZWlx5HmgM0f84YmUEmWUbAvRVAyOME8UQcyVI9yU6LhpPGrgSTyepcihPQj1kXh0vPzRkFsUhHwC7UL6LIf9CH2OH1U-hIk8RTgH_Zil5KjED40e4lTmo48eaHnC4MqOkE2DZge35Ru6yA2cb8gZlM0F5SoqMx0aTflwHVfOoHGUQzN39EeYFXmGOHtwpg-eG-FjaBkxpzLuGNyP7kcTSccXPSg_MCk_8DlyKTNabEluhKKPXPlwIsdz6MfFF02iHyWz4FmGQ8dr3MHzTELlE2FcGT1h5kf1PDimJBMTjuinB96FfBLRH-KPkk-QRTsFK2pC4h18p0UuE2acYouDjjlUcscjiJWOzwgpoVmIH8-e4UxzEeEzTDn0FD_BH2efoBF9VApx0WjuBEdO7Bm-_HDyo6JzXDnx6EMOfTpx_oijHJVWNA8v4hwRHnpRakf84l1R8UHDV7gcNE_RnxiPTtSRRqwlUHsDrWPQO4J3RD-cdDkqOih5w1SSIz9KMof6Iw_xyfBz4Y8X4lOQTsIVQp4-xL3Q1NGwZ0dJ4wGvMoidC1VKKMqkLMjTYzf8SCtuI6uIy0UzHZpy_MdP6MeH7HvQREO4OdiXHU1E9EaDiuLxcPhzPJ9Q6UPKKoTTpghv5MKkNCeahxp6PQhjF2dUaJkI5sK3Z8hjFxWbEGG2SMe-_EDVtEfTfYKaMnjUoxRzQUvTICSJhjhzPLtwpi9yhoP4GPkxpzIuxuBzVPnRhMqR8wtaJ4U45SilHp_xSTFC5ceUvkKejMUu6CIipc7RscctnMLxo6mjox8e5TiPz8XTE3-CJh9KLsgX6EfV5IH1D01GFh80G2FOFj_izSL-9NDSG7t2xNfRB_T8oomWHP3Q_WCSCvuJe0eZ6UifY7yiDFl25DpeXYLC5gycQy8D_SO6wvHx5Ap-XAif4wh_NE2Kc8dzNFcnVD9mJclxMQV9XI-PSA-somZrnGEu_Dh14zne4pF05IVyhE-O5kNvWEwWhB_xoxl_tNlxrjoehNERWtnxg8ePZkSfg8wNZ2pwCXskYcgLtrqCKVGmR-iFXB-eLBB_HK2CMM_xH__R9Th64sdRfMbHI1z54sJzY-IPKWGUQceUZwiP36gPR8Pnw4ftodQUHPdx5fiUR-iOH2GXKId-hHzQjNnx46nwZQ-mf4bVo3WIG7l-9IfYDxmvo6miBHkkaC8abTvOI7qY49J19EezR0GgsxTuF3mFM9hDDU8idAd_pPyg6Dp-5OtRX4iPrhqeF-cV6FGOKxP8492J_eh0hKnyoA5zNDke8BX44zpelMvh50F1lEeYHze0JzvCcIuFF2czXMuNozmJTjl-ZP9QOUXCY9_RdEfeOWheaOKON0XeDN_xH2H6Q_twKUeu5MNf9Ap6kpiZCBl_fAsU_YHHItIzFy_BSgjFlBXk6qi849Hx8cgdOEyOvIH64tTAH3rSYRaFq8hHLfiL6mj041TwJVE69DmaHz_CHw6Vo-ue4M9xJTpa5YW