{"lowlevel":{"average_loudness":0.802727878094,"barkbands":{"dmean":[0.0000204319949262,0.00148935674224,0.00205199304037,0.00168563658372,0.00179458293132,0.00104070082307,0.000653381517623,0.000717802438885,0.000445542478701,0.000300221407088,0.000197695466341,0.000212554950849,0.000194659383851,0.000157579430379,0.000260981963947,0.000165778721566,0.000179559865501,0.000174936416443,0.00010159878002,0.00031781711732,0.000218454457354,0.000113311150926,0.0000449873004982,0.000043611995352,0.0000105377876025,0.00000226402494263,1.62775037893e-7],"dmean2":[0.0000353778414137,0.00247389893048,0.00337485526688,0.00279231416062,0.00293207028881,0.00151746231131,0.00106643175241,0.00115331576671,0.000724773446564,0.000486911972985,0.000316655903589,0.000328530499246,0.000305165041937,0.000250751618296,0.000427297811257,0.000265270209638,0.000291474018013,0.000281660351902,0.000159287374117,0.000481086026412,0.000344878295437,0.000174047643668,0.0000671572925057,0.0000631868388155,0.0000153012933879,0.00000340731185133,2.73880971235e-7],"dvar":[6.35952512873e-10,0.00000539587335879,0.0000102424328361,0.00000887678197614,0.00000860967156768,0.00000360531589649,0.00000204587263397,0.00000235259949477,0.00000115380146326,4.59621020354e-7,2.17775109945e-7,1.81907026331e-7,1.46976162796e-7,1.24045442362e-7,5.30852105385e-7,1.26913732856e-7,2.12575841374e-7,1.30079357064e-7,4.06998630353e-8,4.51022515335e-7,2.29089479831e-7,4.54034498887e-8,1.16765743741e-8,2.56260737075e-8,1.02501129806e-9,4.12479113365e-11,3.14764517619e-13],"dvar2":[1.91142146555e-9,0.0000140676156661,0.0000271514472843,0.0000229158067668,0.0000214114515984,0.00000703603564034,0.00000523028211319,0.0000061829518927,0.0000030445610264,0.0000011359469454,5.49162962216e-7,4.13582824876e-7,3.64928922636e-7,3.34777041644e-7,0.00000143784086504,3.2335080391e-7,6.12384212673e-7,3.48067061395e-7,1.05204250644e-7,0.00000104468654172,5.96901998051e-7,1.10529299491e-7,2.41905748766e-8,5.00413790405e-8,1.80217107904e-9,8.73361521991e-11,8.26776960696e-13],"max":[0.000554965925403,0.0308203138411,0.0536258146167,0.051719352603,0.0563886538148,0.0310916751623,0.0323329269886,0.0333679094911,0.028817396611,0.0119999777526,0.0107651930302,0.00804700888693,0.0128362039104,0.00862530432642,0.0204043518752,0.00794434174895,0.0152852265164,0.00879369862378,0.006219857838,0.0134257301688,0.00953383091837,0.00566415535286,0.00433392776176,0.00671331817284,0.00137894938234,0.000208438388654,0.000013842502085],"mean":[0.000039373873733,0.0030585990753,0.00399994011968,0.00284976395778,0.0031315528322,0.00188801612239,0.00092503009364,0.00108754727989,0.000649666704703,0.000418918702053,0.00030689072446,0.000357558834367,0.000334386073519,0.000287658302113,0.000452790554846,0.000289492571028,0.000329549540766,0.000353493174771,0.000203278963454,0.000571667274926,0.000400433695177,0.000231912839809,0.000090481749794,0.0000705872880644,0.0000158303701028,0.00000329496106133,1.70294555346e-7],"median":[0.0000346533124684,0.00185589725152,0.00240962812677,0.0015121717006,0.00197737943381,0.000830195029266,0.000371272733901,0.00042790081352,0.000188389254618,0.000124094309285,0.0000953757262323,0.000141597309266,0.000133629495394,0.000126812927192,0.000143692974234,0.0000936596552492,0.000132356479298,0.000128433544887,0.0000978479729383,0.00026197405532,0.000125691047288,0.0000860581640154,0.000036369809095,0.0000204115331144,0.00000438529923485,9.65549588727e-7,3.60615572959e-8],"min":[3.01336661641e-24,1.39359094666e-23,3.65411289133e-23,4.32766757576e-23,6.88657773556e-23,1.17005856325e-22,4.68393672431e-23,7.66022877144e-23,4.66581059397e-23,1.33685417709e-22,6.30579120032e-23,8.81319000519e-23,7.2087011976e-23,1.14379454381e-22,1.64983303729e-22,1.36105112851e-22,1.21039131739e-22,1.58229846587e-22,2.43734492726e-22,3.7163827944e-22,5.01420792043e-22,4.1331171847e-22,6.27806053069e-22,7.41275805676e-22,1.04298831852e-21,1.4599962984e-21,2.71541120194e-21],"var":[6.84550194308e-10,0.0000125212018247,0.0000217108336074,0.0000147089631355,0.0000140021429615,0.000010169415873,0.00000314926205647,0.00000388317539546,0.00000194314566215,6.59847046336e-7,3.87419532899e-7,3.53924917817e-7,2.97438560892e-7,2.56704964841e-7,0.00000122156495763,3.11354369842e-7,4.04150569011e-7,4.18137318547e-7,9.50166949565e-8,7.90595095168e-7,5.51460857423e-7,1.5715026791e-7,2.91830488663e-8,6.66093455948e-8,3.0281832597e-9,8.54676815432e-11,3.15229287985e-13]},"barkbands_crest":{"dmean":1.98655557632,"dmean2":3.25585889816,"dvar":3.16428232193,"dvar2":8.25588321686,"max":22.9558410645,"mean":8.69117641449,"median":8.27540874481,"min":2.32988524437,"var":9.6426858902},"barkbands_flatness_db":{"dmean":0.0183546543121,"dmean2":0.0269347969443,"dvar":0.000326045206748,"dvar2":0.000653286988381,"max":0.369028270245,"mean":0.128601044416,"median":0.123215824366,"min":0.0339127779007,"var":0.00157477485482},"barkbands_kurtosis":{"dmean":2.26274561882,"dmean2":3.48968195915,"dvar":11.7600536346,"dvar2":25.4176692963,"max":97.628288269,"mean":3.70312380791,"median":1.83767557144,"min":-1.91017258167,"var":36.7658081055},"barkbands_skewness":{"dmean":0.455383688211,"dmean2":0.701979100704,"dvar":0.207977429032,"dvar2":0.461969017982,"max":6.81863117218,"mean":1.71150743961,"median":1.59952807426,"min":-6.56233215332,"var":0.982024252415},"barkbands_spread":{"dmean":6.03769540787,"dmean2":9.16868591309,"dvar":46.1380233765,"dvar2":101.099884033,"max":113.775794983,"mean":26.5757694244,"median":23.750421524,"min":1.25507986546,"var":245.510162354},"dissonance":{"dmean":0.0123010165989,"dmean2":0.0206574238837,"dvar":0.000142505930853,"dvar2":0.000391199893784,"max":0.499999970198,"mean":0.476438224316,"median":0.479751259089,"min":0.333809614182,"var":0.000271392491413},"dynamic_complexity":4.16614341736,"erbbands":{"dmean":[0.0165012329817,0.42786937952,1.99550569057,4.48748254776,5.2147102356,6.82755327225,7.10230064392,9.92329788208,8.75904750824,10.9803314209,15.2559204102,10.2534484863,9.25078964233,9.21529388428,8.06915378571,8.51394844055,8.5837097168,7.56663179398,12.4834156036,10.507060051,8.4006357193,8.89666843414,10.1626739502,5.19431972504,9.72766780853,13.0253839493,11.045750618,7.06763982773,4.68030309677,2.1385641098,1.18347561359,1.19697153568,0.510760009289,0.161023542285,0.0585716553032,0.016516558826,0.00285231810994,0.000443164084572,0.0000291718679364,0.00000862269007484],"dmean2":[0.0263450872153,0.712841331959,3.27664470673,7.43219566345,8.32483768463,11.3494987488,11.3459787369,14.0678167343,14.2591762543,17.7638301849,24.4563827515,16.501958847,15.1029863358,14.7932825089,12.6659269333,13.0228834152,13.2466421127,11.9902658463,20.3112506866,16.8534660339,13.4172010422,14.1874475479,16.222158432,8.08752632141,15.07234478,19.7086906433,17.5834922791,11.0707845688,7.27682304382,3.20669269562,1.75311172009,1.76406168938,0.737502872944,0.234535992146,0.0863318443298,0.0248271152377,0.00427789986134,0.00068797863787,0.0000477612848044,0.000012625000636],"dvar":[0.000673799018841,0.43285125494,8.80731868744,58.4852790833,90.9383773804,152.215866089,122.122634888,457.723815918,424.796783447,644.234924316,1181.0802002,660.714782715,542.116210938,508.713806152,355.941253662,279.439941406,280.236572266,192.507263184,1433.4720459,869.61907959,305.899963379,411.401733398,488.920257568,86.6479949951,422.224884033,734.125854492,615.095825195,255.36076355,87.2334594727,17.5288410187,9.79350852966,19.2354888916,4.10936641693,0.28995731473,0.0263298992068,0.00246003572829,0.0000511331745656,0.00000125068288526,1.20327809938e-8,1.31071584142e-10],"dvar2":[0.0016214257339,1.12475085258,22.919303894,151.365783691,220.652923584,386.109588623,319.083953857,848.099975586,1050.52001953,1769.13146973,3166.45678711,1773.18969727,1384.60620117,1246.80761719,852.075012207,621.755859375,675.875366211,492.16494751,3884.69433594,2314.46850586,794.585693359,1143.60864258,1298.87695312,218.087722778,1020.58740234,1712.80285645,1601.32409668,662.16583252,217.103607178,36.5274200439,20.6321926117,41.0738792419,8.09630203247,0.507567822933,0.0488287582994,0.00502320891246,0.000109402957605,0.00000287933994514,3.1513177845e-8,2.83578133198e-10],"max":[0.446469128132,9.3004655838,48.6238288879,118.607185364,234.886291504,168.693695068,208.276138306,368.766784668,556.53314209,762.732421875,924.470214844,788.04473877,354.954620361,492.54083252,487.875640869,296.590484619,472.563781738,336.698669434,1304.86206055,767.234436035,399.243438721,605.74810791,523.26739502,144.172790527,469.834716797,577.926391602,627.726196289,459.817230225,295.218536377,131.690429688,123.526695251,167.789474487,107.881820679,23.3568153381,7.57855653763,1.73903346062,0.15316735208,0.0249745417386,0.00315529480577,0.000172168613062],"mean":[0.042987305671,0.877822995186,4.04090118408,8.50858592987,9.44114017487,10.3202161789,12.4627761841,17.0060939789,12.8757390976,16.4973602295,23.587808609,15.3218784332,13.3624582291,13.8843336105,13.8810997009,15.2961864471,15.6544237137,15.3120994568,22.4898490906,19.3523960114,16.1915225983,18.0184459686,21.0487804413,11.5002155304,18.7473316193,24.32837677,18.2486839294,13.4526062012,9.39524555206,4.678565979,2.33948731422,1.95690500736,0.805406689644,0.249479800463,0.0839165002108,0.0239738561213,0.00411356659606,0.000608530943282,0.0000417099399783,0.0000282532928395],"median":[0.029143454507,0.556724786758,2.65022516251,5.12585401535,5.1123547554,6.11786365509,7.4404630661,5.16726255417,5.36128902435,6.60680437088,10.0281352997,4.98395824432,4.60068225861,4.63477277756,4.99317312241,6.7838010788,7.09379005432,7.58445072174,7.89926576614,6.13762807846,5.94353151321,7.55526971817,7.86377382278,5.49863529205,8.57139778137,11.2153482437,6.30064153671,4.03971815109,3.28650021553,1.92865157127,0.900391340256,0.587891280651,0.215934053063,0.067517220974,0.0229819975793,0.00687059666961,0.00123183475807,0.00018877707771,0.000018262075173,0.000024091305022],"min":[7.39723327415e-22,2.4160519937e-21,2.82661606294e-20,1.12553806791e-19,2.28570941258e-19,2.14418863254e-19,3.8248381745e-19,1.09673747428e-18,8.84533697312e-19,1.41510171447e-18,1.03640850387e-18,1.26807604745e-18,3.40137536421e-18,3.1451977353e-18,2.67187899174e-18,3.61904091137e-18,3.28404599818e-18,4.93207681006e-18,6.66962510783e-18,1.07522279606e-17,7.12118962166e-18,6.77483834584e-18,8.64052271076e-18,9.93146709682e-18,1.36909459054e-17,1.53298140376e-17,1.78614515876e-17,2.18242555266e-17,1.53864130439e-17,1.65831465213e-17,1.78576515198e-17,1.71051653166e-17,1.14155076979e-17,1.24506183554e-17,7.38151659532e-18,5.56651027781e-18,2.73858924699e-18,1.27301586667e-18,3.89707585739e-19,3.9799368658e-20],"var":[0.00207673339173,1.0026704073,21.2294998169,106.369102478,177.404571533,192.334487915,220.699310303,1325.10791016,660.624938965,961.726318359,1789.81140137,1074.23913574,694.562927246,725.31451416,708.074523926,585.184570312,589.117797852,475.062103271,3382.48950195,2047.43530273,809.950317383,961.541015625,1572.14160156,262.802978516,906.560852051,1363.93591309,1016.20825195,724.414550781,293.51361084,55.987651825,23.5716705322,42.9677047729,10.9065294266,0.883483707905,0.0695666745305,0.0054779779166,0.0000948887172854,0.00000185043586498,1.30973569767e-8,4.63172361576e-10]},"erbbands_crest":{"dmean":2.00273489952,"dmean2":3.27253508568,"dvar":3.83299851418,"dvar2":9.86990642548,"max":24.7597179413,"mean":7.03297519684,"median":6.3421254158,"min":1.85288918018,"var":8.798579216},"erbbands_flatness_db":{"dmean":0.0119524607435,"dmean2":0.0177004504949,"dvar":0.000130479267682,"dvar2":0.000272594450507,"max":0.261947900057,"mean":0.148879349232,"median":0.150639921427,"min":0.0222732219845,"var":0.000749223283492},"erbbands_kurtosis":{"dmean":0.538512289524,"dmean2":0.858638226986,"dvar":0.780944645405,"dvar2":1.68091523647,"max":53.2039299011,"mean":-0.478970170021,"median":-0.803054571152,"min":-1.7881770134,"var":1.74018931389},"erbbands_skewness":{"dmean":0.311236143112,"dmean2":0.483202397823,"dvar":0.0920472070575,"dvar2":0.215051725507,"max":3.15219330788,"mean":0.00969500467181,"median":0.0282017011195,"min":-5.99682569504,"var":0.438850462437},"erbbands_spread":{"dmean":8.1230840683,"dmean2":12.4567937851,"dvar":63.2537078857,"dvar2":144.182434082,"max":151.774810791,"mean":51.209274292,"median":49.9086837769,"min":4.90602302551,"var":276.557189941},"gfcc":{"cov":[[25726.96875,2091.65380859,-1896.21728516,1734.7767334,-998.946960449,257.281463623,13.5307846069,-86.607635498,118.468070984,-93.2920913696,-130.648300171,-259.142150879,13.364528656],[2091.65380859,1028.44165039,-200.449066162,85.3377532959,151.978805542,-102.060020447,135.92414856,-93.9052505493,41.8175010681,-44.7082061768,35.0776176453,-69.6543273926,-4.23973274231],[-1896.21728516,-200.449066162,584.013000488,-42.0874481201,63.8373947144,78.0838394165,-35.3901329041,51.1307525635,-26.2973804474,9.80628681183,22.1211719513,4.37677955627,-0.501690149307],[1734.7767334,85.3377532959,-42.0874481201,364.409576416,-33.1708679199,1.60047268867,20.6941432953,-24.9130363464,15.6629133224,11.1865634918,-4.59193468094,-22.2168331146,21.0530662537],[-998.946960449,151.978805542,63.8373947144,-33.1708679199,302.402862549,-20.1714076996,30.9064655304,6.02057123184,9.13210868835,-0.21915191412,-12.3087396622,-10.5149812698,-6.31638050079],[257.281463623,-102.060020447,78.0838394165,1.60047268867,-20.1714076996,168.508163452,16.440328598,35.9057388306,4.41413402557,-10.007021904,1.09608757496,0.826823711395,-13.6103630066],[13.5307846069,135.92414856,-35.3901329041,20.6941432953,30.9064655304,16.440328598,155.999053955,-18.1664390564,5.32070827484,-5.40531253815,10.2595968246,-3.82608532906,-2.35792660713],[-86.607635498,-93.9052505493,51.1307525635,-24.9130363464,6.02057123184,35.9057388306,-18.1664390564,110.721862793,22.9080848694,0.665331840515,-13.7814407349,-6.91672849655,-10.6743535995],[118.468070984,41.8175010681,-26.2973804474,15.6629133224,9.13210868835,4.41413402557,5.32070827484,22.9080848694,92.3483276367,6.68044281006,-0.632749855518,1.72230803967,-1.21668946743],[-93.2920913696,-44.7082061768,9.80628681183,11.1865634918,-0.21915191412,-10.007021904,-5.40531253815,0.665331840515,6.68044281006,72.9853897095,17.644323349,-1.40539503098,3.67483448982],[-130.648300171,35.0776176453,22.1211719513,-4.59193468094,-12.3087396622,1.09608757496,10.2595968246,-13.7814407349,-0.632749855518,17.644323349,70.5951461792,11.338517189,5.12809514999],[-259.142150879,-69.6543273926,4.37677955627,-22.2168331146,-10.5149812698,0.826823711395,-3.82608532906,-6.91672849655,1.72230803967,-1.40539503098,11.338517189,73.9295959473,23.8571662903],[13.364528656,-4.23973274231,-0.501690149307,21.0530662537,-6.31638050079,-13.6103630066,-2.35792660713,-10.6743535995,-1.21668946743,3.67483448982,5.12809514999,23.8571662903,61.7469482422]],"icov":[[0.000237080967054,-0.000700581178535,0.000590976560488,-0.000906755332835,0.000799821864348,-0.000934787851293,0.00065337959677,-0.000533862970769,0.000427354127169,-0.00033047987381,0.000604712753557,-0.000157305767061,0.0000616246179561],[-0.000700581178535,0.00385306263342,-0.00133447535336,0.00245814351365,-0.00321011035703,0.00353557383642,-0.00292845768854,0.00256741209887,-0.00222220993601,0.00257948716171,-0.00332818715833,0.00235055759549,-0.000478903384646],[0.000590976560488,-0.00133447535336,0.00367215671577,-0.00223713135347,0.00117946008686,-0.00314050843008,0.00201448285952,-0.00192258623429,0.00171288708225,-0.000676921452396,0.00024196880986,0.0000302222997561,-0.000211691774894],[-0.000906755332835,0.00245814351365,-0.00223713135347,0.00659334287047,-0.00257211690769,0.00317091448233,-0.00272439117543,0.00275641027838,-0.00223922496662,0.000568029296119,-0.00166543608066,0.00184914236888,-0.00174695323221],[0.000799821864348,-0.00321011035703,0.00117946008686,-0.00257211690769,0.00681703165174,-0.00267933006398,0.00162943825126,-0.00226705567911,0.00131540931761,-0.00197662599385,0.00371825718321,-0.000987326493487,0.000486338627525],[-0.000934787851293,0.00353557383642,-0.00314050843008,0.00317091448233,-0.00267933006398,0.0112985456362,-0.00431697862223,0.00040337338578,-0.00220047053881,0.00305592711084,-0.00321914022788,0.00070670893183,0.00122873764485],[0.00065337959677,-0.00292845768854,0.00201448285952,-0.00272439117543,0.00162943825126,-0.00431697862223,0.00958984717727,-0.000785407319199,0.00132499297615,-0.00110969843809,0.00108771992382,-0.00107267720159,0.000464598881081],[-0.000533862970769,0.00256741209887,-0.00192258623429,0.00275641027838,-0.00226705567911,0.00040337338578,-0.000785407319199,0.0133219156414,-0.00465836049989,0.00101533101406,0.000129796069814,0.00234869751148,0.000395939947339],[0.000427354127169,-0.00222220993601,0.00171288708225,-0.00223922496662,0.00131540931761,-0.00220047053881,0.00132499297615,-0.00465836049989,0.0134515278041,-0.00251605687663,0.00144966412336,-0.00230690464377,0.000612859672401],[-0.00033047987381,0.00257948716171,-0.000676921452396,0.000568029296119,-0.00197662599385,0.00305592711084,-0.00110969843809,0.00101533101406,-0.00251605687663,0.0170565024018,-0.00635321717709,0.0028840135783,-0.000997333903797],[0.000604712753557,-0.00332818715833,0.00024196880986,-0.00166543608066,0.00371825718321,-0.00321914022788,0.00108771992382,0.000129796069814,0.00144966412336,-0.00635321717709,0.0195643696934,-0.00416065566242,0.000334566022502],[-0.000157305767061,0.00235055759549,0.0000302222997561,0.00184914236888,-0.000987326493487,0.00070670893183,-0.00107267720159,0.00234869751148,-0.00230690464377,0.0028840135783,-0.00416065566242,0.0188154131174,-0.00715621421114],[0.0000616246179561,-0.000478903384646,-0.000211691774894,-0.00174695323221,0.000486338627525,0.00122873764485,0.000464598881081,0.000395939947339,0.000612859672401,-0.000997333903797,0.000334566022502,-0.00715621421114,0.0199581980705]],"mean":[-40.6599121094,106.035820007,-124.782272339,55.4288024902,-61.2168426514,7.59475660324,-31.6061573029,-2.4459438324,-22.4582366943,-0.877686500549,-15.3507099152,-8.33937454224,-12.4306001663]},"hfc":{"dmean":5.40517807007,"dmean2":7.44135189056,"dvar":68.3916549683,"dvar2":146.162368774,"max":140.370376587,"mean":16.8972148895,"median":11.4364509583,"min":1.15570353229e-16,"var":291.159088135},"melbands":{"dmean":[0.000279372674413,0.00087569077732,0.000742443837225,0.000423012912506,0.000249890901614,0.000208252371522,0.000132263812702,0.000126053346321,0.000117155032058,0.0000643411767669,0.0000458458926005,0.0000382886828447,0.0000270159962383,0.0000238128504861,0.000021514517357,0.000019451152184,0.0000142018061524,0.0000200131180463,0.0000174947381311,0.0000126411632664,0.0000106052057163,0.0000093507087513,0.000012165642147,0.00000805448871688,0.00000420120022682,0.00000414207488575,0.0000137707374961,0.00000783332689025,0.00000782821098255,0.00000501605609315,0.00000412917734138,0.00000291244577966,0.00000188085482478,0.00000107518974346,7.04980152477e-7,7.46984426314e-7,7.43439215967e-7,4.17317522761e-7,2.02608973154e-7,1.20314481933e-7],"dmean2":[0.000456872512586,0.00143592921086,0.00121555500664,0.000689119158778,0.000403136829846,0.00029871930019,0.000215296357055,0.000203383940971,0.000187044599443,0.000104639504571,0.0000748821403249,0.00006184160884,0.0000423863966716,0.0000369826739188,0.0000332965573762,0.0000307334921672,0.0000227038963203,0.0000324882239511,0.0000285332625936,0.0000200921222131,0.0000171324663825,0.0000151445592564,0.0000195148786588,0.0000132233808472,0.00000665783409204,0.00000655291205476,0.0000214043884625,0.0000120907070595,0.0000126278800963,0.00000798136352387,0.00000654244831821,0.00000457917349195,0.00000290657180813,0.0000016463504835,0.00000107543667127,0.00000111596079932,0.0000011081572211,6.18354590642e-7,2.97804945149e-7,1.79135625444e-7],"dvar":[1.92087938444e-7,0.00000158134128014,0.00000152710867951,5.07455297338e-7,1.52731985281e-7,1.83331295034e-7,8.93994425155e-8,7.87020297821e-8,6.76860949511e-8,2.78676761667e-8,1.29620421063e-8,8.58656346026e-9,3.71881170302e-9,2.36945840726e-9,2.12730721927e-9,1.34842459421e-9,7.42867045656e-10,3.77384790085e-9,2.19139861812e-9,9.48849554483e-10,5.22834220362e-10,4.08812816932e-10,1.19418452904e-9,2.87382534436e-10,5.96296761968e-11,6.71102826089e-11,1.16348120027e-9,2.42729225608e-10,3.44302836242e-10,1.16982631915e-10,1.07199284172e-10,3.36398860157e-11,1.32362723212e-11,5.04842218377e-12,3.50287182073e-12,5.63882837992e-12,8.05650164637e-12,3.36688164328e-12,5.49436798142e-13,1.67534836373e-13],"dvar2":[4.9180437145e-7,0.00000408490222981,0.00000391057028537,0.00000124601456264,3.95809706788e-7,3.44276116948e-7,2.21774556053e-7,2.10561623248e-7,1.78226471803e-7,7.47857669126e-8,3.3052742765e-8,2.11233732728e-8,9.07782116144e-9,5.43313705137e-9,4.97257524046e-9,3.37046857091e-9,1.93013915961e-9,1.02638466615e-8,5.76252956463e-9,2.42618036772e-9,1.34502486926e-9,1.11685594106e-9,3.2890110635e-9,8.00456367855e-10,1.50342863159e-10,1.75529465962e-10,2.78465139836e-9,5.83796955222e-10,8.99988361613e-10,3.07357861384e-10,2.79127998493e-10,8.47524619929e-11,3.13958824216e-11,1.03901427392e-11,7.77366105514e-12,1.223443135e-11,1.7428234203e-11,7.56303700222e-12,9.8390317161e-13,3.14854425084e-13],"max":[0.00635994877666,0.0210116747767,0.0171239972115,0.0138181401417,0.00692589906976,0.00719114486128,0.00792182050645,0.00751515990123,0.00732801947743,0.00529767526314,0.00176194729283,0.00196070899256,0.00125989236403,0.00106267153751,0.0016048043035,0.000826147908811,0.000669433909934,0.00205956120044,0.00104274309706,0.000835395825561,0.000562871689908,0.000432542612543,0.00119870551862,0.000366419553757,0.000119142328913,0.000231769605307,0.000672789930832,0.000302926637232,0.000625870190561,0.000273731973721,0.000339246442309,0.000149055602378,0.000107159678009,0.0000809914272395,0.0000823659356683,0.000080271398474,0.00011930859182,0.000104282305983,0.0000312947486236,0.0000190154587472],"mean":[0.000633228570223,0.00184350728523,0.00146990804933,0.000718711526133,0.000436504458776,0.000362486898666,0.000194464228116,0.000190209917491,0.000182269926881,0.0000921847386053,0.0000649430367048,0.0000557361599931,0.0000442726341134,0.0000410990251112,0.0000358967845386,0.0000345829357684,0.000026406831239,0.0000342596977134,0.0000306479305436,0.000021622825443,0.0000187215264305,0.0000173739626916,0.0000221878708544,0.0000159861574502,0.0000082942260633,0.00000807071774034,0.0000231727135542,0.0000136940734592,0.0000117391055028,0.00000893094329513,0.00000735684398023,0.00000540769678992,0.00000380218148166,0.0000021662706331,0.00000130855369207,0.00000127247778892,0.00000113399494239,6.20000832896e-7,3.08844903429e-7,1.75271978264e-7],"median":[0.000409027561545,0.00136905245017,0.000978362513706,0.000427544873673,0.000264753994998,0.000124266618514,0.0000810633719084,0.0000726660291548,0.0000761413102737,0.0000269999909506,0.0000217142387555,0.0000167243979377,0.0000148234476001,0.0000160066538228,0.0000156719215738,0.0000146312650031,0.0000124870393847,0.0000111963818199,0.00000941749021877,0.00000657731607134,0.00000646136231808,0.00000714305406291,0.00000800538600743,0.00000534990840606,0.00000386996271118,0.00000367375355381,0.00000960768102232,0.00000617577461526,0.0000039062219912,0.00000276933064924,0.00000199545092983,0.00000180104837,0.00000141243344842,8.96183109944e-7,4.74619213264e-7,3.98098904952e-7,3.05927983391e-7,1.56708708232e-7,7.44098329619e-8,4.54265638439e-8],"min":[5.13150113985e-24,1.0813284037e-23,2.22845979759e-23,1.79702719313e-23,1.0987843967e-23,2.44788603377e-23,1.22080761033e-23,1.71212935142e-23,8.31750878207e-24,7.17043245068e-24,1.75732492818e-23,1.33577059775e-23,9.15099475984e-24,9.36165848686e-24,8.19396054254e-24,6.81857366568e-24,1.03992977226e-23,1.09981606899e-23,1.29017696178e-23,1.19980142772e-23,8.10814588669e-24,7.30957015942e-24,6.47394202986e-24,7.84339627829e-24,8.01585862711e-24,9.32974748552e-24,1.03038960402e-23,1.02857514505e-23,1.20475981294e-23,1.25269589248e-23,1.18875516623e-23,8.05898644166e-24,9.3623739837e-24,9.20077267182e-24,1.0138371723e-23,8.97022728341e-24,1.2029519804e-23,7.64972145973e-24,8.92446782888e-24,1.08322640304e-23],"var":[4.85715020204e-7,0.00000377230094273,0.0000026978502774,8.20754905817e-7,2.56944844068e-7,5.29187275333e-7,1.42725099295e-7,1.26543724832e-7,1.06601547145e-7,4.37756639826e-8,1.67815201735e-8,1.24345662655e-8,7.35997662815e-9,4.81175854716e-9,3.62085361694e-9,2.91891266713e-9,1.58770752101e-9,8.67670735261e-9,5.08473885219e-9,2.25873475479e-9,1.24947685531e-9,9.05217789615e-10,2.28399965607e-9,9.05736596835e-10,1.41909040074e-10,1.56336082968e-10,1.77877823582e-9,4.30668667395e-10,4.57709870005e-10,2.63041505244e-10,2.65377969599e-10,9.62400922844e-11,4.31611586749e-11,1.38091890353e-11,7.43621917515e-12,1.2595397815e-11,1.74101965483e-11,7.09557369458e-12,1.59138143201e-12,4.45228164232e-13]},"melbands_crest":{"dmean":2.95190596581,"dmean2":4.88524580002,"dvar":6.81753730774,"dvar2":18.2362785339,"max":33.8918838501,"mean":13.7924575806,"median":13.271821022,"min":2.04050636292,"var":19.0656490326},"melbands_flatness_db":{"dmean":0.0245184339583,"dmean2":0.0358256697655,"dvar":0.000586654001381,"dvar2":0.00116335647181,"max":0.506704688072,"mean":0.191553682089,"median":0.186488196254,"min":0.00402776896954,"var":0.00329797808081},"melbands_kurtosis":{"dmean":6.41692352295,"dmean2":10.0766277313,"dvar":75.0254669189,"dvar2":170.053970337,"max":202.636459351,"mean":15.6407594681,"median":10.9462957382,"min":-1.94612693787,"var":245.13923645},"melbands_skewness":{"dmean":0.663665294647,"dmean2":1.04071629047,"dvar":0.438573211432,"dvar2":1.01947546005,"max":10.094909668,"mean":3.19197416306,"median":3.00312542915,"min":-2.37708091736,"var":1.86690425873},"melbands_spread":{"dmean":6.99392604828,"dmean2":10.8870019913,"dvar":80.7836532593,"dvar2":188.192810059,"max":291.369293213,"mean":24.3056907654,"median":19.7875900269,"min":0.755772590637,"var":318.569793701},"mfcc":{"cov":[[14169.7070312,1469.03747559,-375.223480225,740.686950684,-490.784576416,313.026977539,-188.466796875,71.2546463013,4.1565823555,34.5099639893,-72.0102005005,56.3389549255,-94.9962463379],[1469.03747559,1269.34729004,-210.118515015,196.638412476,11.7880010605,78.4228668213,52.2386360168,9.98111534119,-29.2677249908,32.8072509766,4.34922075272,-12.2032785416,11.9682188034],[-375.223480225,-210.118515015,490.283691406,-34.3432006836,48.334274292,-1.90205073357,31.3400917053,10.6195898056,-7.67287158966,11.7069368362,-20.8100643158,41.6351013184,8.23142814636],[740.686950684,196.638412476,-34.3432006836,327.907287598,6.73686075211,60.2513427734,10.5184926987,-33.2043380737,15.6558532715,-8.36818981171,-10.7630147934,16.8723983765,4.72004985809],[-490.784576416,11.7880010605,48.334274292,6.73686075211,226.545700073,-9.52832794189,8.09175872803,8.24261474609,24.5906887054,24.7341518402,3.22027993202,5.41875648499,-1.76006793976],[313.026977539,78.4228668213,-1.90205073357,60.2513427734,-9.52832794189,134.846725464,37.365776062,14.179107666,1.78635323048,-3.09863352776,19.0006332397,-7.44006681442,-9.14075183868],[-188.466796875,52.2386360168,31.3400917053,10.5184926987,8.09175872803,37.365776062,120.975166321,12.3323602676,-5.10179376602,15.0052709579,6.61962413788,-7.32802438736,4.2244515419],[71.2546463013,9.98111534119,10.6195898056,-33.2043380737,8.24261474609,14.179107666,12.3323602676,114.650688171,23.7392139435,6.59443759918,16.5170783997,-10.4843273163,-2.64281463623],[4.1565823555,-29.2677249908,-7.67287158966,15.6558532715,24.5906887054,1.78635323048,-5.10179376602,23.7392139435,87.920211792,7.0097413063,6.16385126114,2.20185017586,-5.5279378891],[34.5099639893,32.8072509766,11.7069368362,-8.36818981171,24.7341518402,-3.09863352776,15.0052709579,6.59443759918,7.0097413063,97.9851379395,16.7937259674,-7.02772569656,4.42798471451],[-72.0102005005,4.34922075272,-20.8100643158,-10.7630147934,3.22027993202,19.0006332397,6.61962413788,16.5170783997,6.16385126114,16.7937259674,81.3983840942,3.72547125816,-9.78301334381],[56.3389549255,-12.2032785416,41.6351013184,16.8723983765,5.41875648499,-7.44006681442,-7.32802438736,-10.4843273163,2.20185017586,-7.02772569656,3.72547125816,71.9653930664,12.1451206207],[-94.9962463379,11.9682188034,8.23142814636,4.72004985809,-1.76006793976,-9.14075183868,4.2244515419,-2.64281463623,-5.5279378891,4.42798471451,-9.78301334381,12.1451206207,60.825138092]],"icov":[[0.000112631605589,-0.000100491124613,0.0000135177906486,-0.00018271827139,0.000262608053163,-0.000189477563254,0.00028292890056,-0.000172367654159,0.00000844116038934,-0.000186589822988,0.000205163960345,-0.000175884240889,0.000242483132752],[-0.000100491124613,0.00110113248229,0.000464900949737,-0.000391170469811,-0.000381106947316,-0.000110706081614,-0.000567384529859,-0.000206354699912,0.000611098774243,-0.000257743842667,0.0000139174726428,0.0000291036394628,-0.000332665396854],[0.0000135177906486,0.000464900949737,0.00257614301518,0.0000831584984553,-0.000495270127431,-0.000338702549925,-0.000738487928174,-0.000517157895956,0.000628759502433,-0.000562954402994,0.0010881453054,-0.00174750143196,0.000160212657647],[-0.00018271827139,-0.000391170469811,0.0000831584984553,0.00431979028508,-0.000554114230908,-0.00151479162741,-0.000355982774636,0.00174918363336,-0.00129069178365,0.000580457621254,0.000433190056356,-0.000697292678524,-0.0006484753103],[0.000262608053163,-0.000381106947316,-0.000495270127431,-0.000554114230908,0.00544110313058,0.000125127306092,0.000426747079473,-0.000427507096902,-0.00131407601293,-0.00140801735688,0.000379840173991,-0.000533796846867,0.000873941462487],[-0.000189477563254,-0.000110706081614,-0.000338702549925,-0.00151479162741,0.000125127306092,0.0100532053038,-0.00301924627274,-0.000774791813456,0.000100378376374,0.00132951862179,-0.00265053403564,0.00142231211066,0.000781712064054],[0.00028292890056,-0.000567384529859,-0.000738487928174,-0.000355982774636,0.000426747079473,-0.00301924627274,0.0104464599863,-0.000980169512331,0.000675279065035,-0.00161953072529,0.000283192872303,0.000649304594845,-0.000433249515481],[-0.000172367654159,-0.000206354699912,-0.000517157895956,0.00174918363336,-0.000427507096902,-0.000774791813456,-0.000980169512331,0.0107042556629,-0.00323906866834,0.000601722975262,-0.00200885860249,0.00181690102909,-0.000914053118322],[0.00000844116038934,0.000611098774243,0.000628759502433,-0.00129069178365,-0.00131407601293,0.000100378376374,0.000675279065035,-0.00323906866834,0.013320880942,-0.00101506733336,-0.000018773109332,-0.000961265468504,0.00117088295519],[-0.000186589822988,-0.000257743842667,-0.000562954402994,0.000580457621254,-0.00140801735688,0.00132951862179,-0.00161953072529,0.000601722975262,-0.00101506733336,0.0119277024642,-0.00316154095344,0.00212227413431,-0.00180470757186],[0.000205163960345,0.0000139174726428,0.0010881453054,0.000433190056356,0.000379840173991,-0.00265053403564,0.000283192872303,-0.00200885860249,-0.000018773109332,-0.00316154095344,0.0149273416027,-0.00302196061239,0.00287527171895],[-0.000175884240889,0.0000291036394628,-0.00174750143196,-0.000697292678524,-0.000533796846867,0.00142231211066,0.000649304594845,0.00181690102909,-0.000961265468504,0.00212227413431,-0.00302196061239,0.0167709179223,-0.00383428041823],[0.000242483132752,-0.000332665396854,0.000160212657647,-0.0006484753103,0.000873941462487,0.000781712064054,-0.000433249515481,-0.000914053118322,0.00117088295519,-0.00180470757186,0.00287527171895,-0.00383428041823,0.0185123626143]],"mean":[-663.185241699,116.775260925,-1.15616166592,42.1923103333,-3.90348386765,13.6791963577,-1.93404304981,0.0672413557768,-3.69187521935,3.22939920425,-3.75099229813,2.2279510498,-3.55241751671]},"pitch_salience":{"dmean":0.0635716468096,"dmean2":0.103770151734,"dvar":0.00307572027668,"dvar2":0.00808884203434,"max":0.969173789024,"mean":0.585371851921,"median":0.589094698429,"min":0.169231384993,"var":0.00827510189265},"silence_rate_20dB":{"dmean":0,"dmean2":0,"dvar":0,"dvar2":0,"max":1,"mean":1,"median":1,"min":1,"var":0},"silence_rate_30dB":{"dmean":0.000248942000326,"dmean2":0.00049794599181,"dvar":0.000248904922046,"dvar2":0.000746770587284,"max":1,"mean":0.999875545502,"median":1,"min":0,"var":0.000124433281599},"silence_rate_60dB":{"dmean":0.0109534477815,"dmean2":0.0219096224755,"dvar":0.010833718814,"dvar2":0.0249113738537,"max":1,"mean":0.0864965766668,"median":0,"min":0,"var":0.0790141746402},"spectral_centroid":{"dmean":298.702026367,"dmean2":455.059356689,"dvar":99832.0859375,"dvar2":214289.671875,"max":10646.4355469,"mean":1533.24316406,"median":1458.81665039,"min":184.065444946,"var":470229.875},"spectral_complexity":{"dmean":4.09708738327,"dmean2":5.7457985878,"dvar":25.2168998718,"dvar2":43.8336410522,"max":62,"mean":19.3452396393,"median":17,"min":0,"var":140.778778076},"spectral_contrast_coeffs":{"dmean":[0.046912625432,0.0444370359182,0.0341035425663,0.027502996847,0.0204150900245,0.0232458636165],"dmean2":[0.0796675309539,0.0722827613354,0.0560041442513,0.0451340563595,0.033115580678,0.0344993695617],"dvar":[0.00145751971286,0.00130481692031,0.000766874931287,0.000496366934385,0.00028211803874,0.000506488606334],"dvar2":[0.00415243208408,0.00347009254619,0.00208798469976,0.00133308593649,0.00070354831405,0.00106928730384],"max":[-0.360919833183,-0.47468367219,-0.556791961193,-0.581052541733,-0.63336867094,-0.517570495605],"mean":[-0.630459547043,-0.741310596466,-0.792391002178,-0.787582695484,-0.785142481327,-0.713439106941],"median":[-0.627596437931,-0.742251992226,-0.7943187356,-0.789276957512,-0.783979177475,-0.711635351181],"min":[-0.962615549564,-0.978583693504,-0.980595290661,-0.958251655102,-0.966852426529,-0.958477020264],"var":[0.00532942404971,0.00470473989844,0.00295798154548,0.00242222426459,0.00185323040932,0.00464944168925]},"spectral_contrast_valleys":{"dmean":[0.404857248068,0.374930471182,0.344023287296,0.298437386751,0.277831822634,0.354145586491],"dmean2":[0.660560429096,0.585323810577,0.526651322842,0.438049286604,0.356725513935,0.442903935909],"dvar":[0.121914729476,0.120982863009,0.117301143706,0.0883218422532,0.0865872874856,0.160350039601],"dvar2":[0.292001783848,0.257269382477,0.236693531275,0.159289166331,0.129887655377,0.235835880041],"max":[-5.26811122894,-4.59066295624,-5.23220062256,-5.83079576492,-5.40747642517,-7.65099382401],"mean":[-7.40834236145,-6.9925699234,-7.73421859741,-8.03496170044,-7.68333673477,-10.7851829529],"median":[-6.97272014618,-6.70019197464,-7.48777198792,-7.77738237381,-7.39028739929,-10.4350738525],"min":[-26.9388580322,-27.4410705566,-27.2230606079,-27.2101230621,-27.2407951355,-27.3056354523],"var":[2.88899827003,2.59542441368,2.4237408638,2.4160797596,2.58746504784,2.23612785339]},"spectral_decrease":{"dmean":1.73947722892e-9,"dmean2":2.60903609828e-9,"dvar":5.44151460186e-18,"dvar2":1.2087396731e-17,"max":1.52044177446e-21,"mean":-5.51510037639e-9,"median":-4.7741477438e-9,"min":-3.26981322019e-8,"var":1.72243984388e-17},"spectral_energy":{"dmean":0.00691829947755,"dmean2":0.0103026777506,"dvar":0.0000853354431456,"dvar2":0.000187486337381,"max":0.126706048846,"mean":0.0223478432745,"median":0.019275771454,"min":1.03719393448e-20,"var":0.000281281478237},"spectral_energyband_high":{"dmean":0.000466324883746,"dmean2":0.000697087845765,"dvar":7.30174235741e-7,"dvar2":0.00000172444447344,"max":0.0144647285342,"mean":0.00100470543839,"median":0.000435805850429,"min":7.53804683899e-21,"var":0.00000217500064537},"spectral_energyband_low":{"dmean":0.00380633212626,"dmean2":0.00615938799456,"dvar":0.0000295389272651,"dvar2":0.0000747653248254,"max":0.0818498730659,"mean":0.00894452538341,"median":0.00721686100587,"min":7.62377456238e-23,"var":0.0000699078445905},"spectral_energyband_middle_high":{"dmean":0.00124400400091,"dmean2":0.00180470535997,"dvar":0.00000438019424109,"dvar2":0.00000968763924902,"max":0.0369177758694,"mean":0.00364939589053,"median":0.00222243112512,"min":1.43460078327e-21,"var":0.0000190546707017},"spectral_energyband_middle_low":{"dmean":0.00431777257472,"dmean2":0.0066163088195,"dvar":0.0000390927743865,"dvar2":0.0000890300507308,"max":0.0869932696223,"mean":0.010655012913,"median":0.00811984762549,"min":4.35275322633e-22,"var":0.0000908103756956},"spectral_entropy":{"dmean":0.133726298809,"dmean2":0.190022826195,"dvar":0.0199723374099,"dvar2":0.0369946360588,"max":9.79962444305,"mean":7.63856554031,"median":7.66349840164,"min":5.57387876511,"var":0.109406933188},"spectral_flux":{"dmean":0.0186632871628,"dmean2":0.0274818092585,"dvar":0.000496750930324,"dvar2":0.000984565122053,"max":0.301002055407,"mean":0.0686483830214,"median":0.0625194385648,"min":1.01842721756e-10,"var":0.00166354002431},"spectral_kurtosis":{"dmean":1.20566809177,"dmean2":2.04192972183,"dvar":1.6788636446,"dvar2":4.47558164597,"max":30.842792511,"mean":2.60371446609,"median":2.1446723938,"min":-1.20039236546,"var":3.98128271103},"spectral_rms":{"dmean":0.000670707435347,"dmean2":0.00097836216446,"dvar":5.94048117364e-7,"dvar2":0.0000012339779687,"max":0.0111182574183,"mean":0.00426606461406,"median":0.00433654617518,"min":3.18103204368e-12,"var":0.00000360330659532},"spectral_rolloff":{"dmean":559.301574707,"dmean2":932.340881348,"dvar":761694.0625,"dvar2":1725397.75,"max":18776.953125,"mean":1591.98913574,"median":1098.19335938,"min":21.533203125,"var":2486049.5},"spectral_skewness":{"dmean":0.195104792714,"dmean2":0.304943203926,"dvar":0.0329809039831,"dvar2":0.075483083725,"max":4.41741704941,"mean":1.0538033247,"median":1.02884399891,"min":-0.317283034325,"var":0.16944861412},"spectral_spread":{"dmean":382905.0625,"dmean2":555774.5,"dvar":315816116224,"dvar2":493794787328,"max":40030452,"mean":4294352.5,"median":4031755.5,"min":1810922,"var":2105830670340},"spectral_strongpeak":{"dmean":0.276099920273,"dmean2":0.474828094244,"dvar":0.340474009514,"dvar2":0.93633800745,"max":15.3597583771,"mean":0.51750177145,"median":0.386227995157,"min":0,"var":0.342270344496},"zerocrossingrate":{"dmean":0.0093895373866,"dmean2":0.0111684687436,"dvar":0.000108424726932,"dvar2":0.000124116311781,"max":0.51611328125,"mean":0.0615071505308,"median":0.0546875,"min":0.00439453125,"var":0.00129424221814}},"metadata":{"audio_properties":{"analysis_sample_rate":44100,"bit_rate":198702,"codec":"mp3","downmix":"mix","equal_loudness":0,"length":186.540405273,"lossless":false,"md5_encoded":"48aa7680d2f3221a8c34305e2afd7f04","replay_gain":-9.3404750824,"sample_rate":44100},"tags":{"acoustid_id":["5690fd88-cf84-40f2-ad3d-62df1327ddbe"],"album":["Loaded"],"albumartist":["The Velvet Underground"],"albumartistsort":["Velvet Underground, The"],"artist":["The Velvet Underground"],"artists":["The Velvet Underground"],"artistsort":["Velvet Underground, The"],"asin":["B0000033WC"],"barcode":["081227256326"],"catalognumber":["R2 72563"],"composer":["Lou Reed"],"date":["1997-02-18"],"discnumber":["1/2"],"file_name":"04 - Cool It Down.mp3","isrc":["USAT20103138"],"label":["Rhino"],"language":["eng"],"lyricist":["Lou Reed"],"media":["CD"],"musicbrainz album release country":["US"],"musicbrainz album status":["official"],"musicbrainz album type":["album"],"musicbrainz release track id":["1eb93966-d806-3e61-bafb-ad893cd8801f"],"musicbrainz_albumartistid":["94b0fb9d-a066-4823-b2ec-af1d324bcfcf"],"musicbrainz_albumid":["5491fecb-08d1-4496-8115-34a7e6010aa6"],"musicbrainz_artistid":["94b0fb9d-a066-4823-b2ec-af1d324bcfcf"],"musicbrainz_recordingid":["a6e32771-eefe-432f-98f8-948cc6a5087a"],"musicbrainz_releasegroupid":["4be9d91f-6ed7-34b8-aa5e-45be79819273"],"musicbrainz_workid":["5ca1399e-8dd2-48b6-9c8f-14168340b06a"],"originaldate":["1970"],"script":["Latn"],"title":["Cool It Down"],"tracknumber":["4/16"],"work":["Cool It"]},"version":{"essentia":"2.1-beta1","essentia_build_sha":"65e368e5454dd45657e4cc002e00185f437e13e1","essentia_git_sha":"v2.1_beta1-28-g21ef5f4","extractor":"music 1.0"}},"rhythm":{"beats_count":400,"beats_loudness":{"dmean":0.0188964661211,"dmean2":0.0337120555341,"dvar":0.0002