{"lowlevel":{"average_loudness":0.954300045967,"barkbands":{"dmean":[0.00799835287035,0.0146819604561,0.00341597874649,0.00262048724107,0.00407349690795,0.00149309984408,0.000781185226515,0.000571285781916,0.000507730816025,0.000500713998917,0.000510546378791,0.000474024214782,0.000367505650502,0.000356029981049,0.000181489129318,0.000195771121071,0.000227943673963,0.000210445243283,0.000266045157332,0.000187056706636,0.000107910382212,0.000105786522909,0.0000893457036,0.0000936448341236,0.00000258918339568,0.000064350773755,0.0000864694229676],"dmean2":[0.0133493989706,0.0237821694463,0.00595076801255,0.00434889411554,0.00639344053343,0.00235969456844,0.00127369933762,0.000928836641833,0.000809762976132,0.00079655420268,0.000819584645797,0.000743817596231,0.000582079635933,0.000551999895833,0.000283028261038,0.000305346417008,0.000351382361259,0.000311661628075,0.000384332117392,0.000272704026429,0.000170127488673,0.000172297746758,0.000154989669682,0.000163297721883,0.00000437601192971,0.000111237430247,0.000126996586914],"dvar":[0.000387419830076,0.00103368272539,0.0000612131407252,0.0000217911638174,0.0000552479323233,0.0000128710171339,0.0000036239828205,0.00000335353411174,0.00000150065056914,0.00000116006242479,0.00000152960490141,8.76070146205e-7,5.69857093069e-7,5.36662923878e-7,2.44023397045e-7,2.79630597788e-7,4.01030405328e-7,5.37026892289e-7,7.11416703325e-7,3.76274016389e-7,8.41345055846e-8,9.73135456661e-8,1.03750224412e-7,1.17116755405e-7,2.49780456735e-11,5.28317940507e-8,3.74215787247e-8],"dvar2":[0.000985458842479,0.00252156541683,0.000171287058038,0.0000543257337995,0.000124622587464,0.000030440669434,0.00000904462649487,0.0000083669074229,0.00000359661180482,0.00000270691884907,0.00000380935830435,0.00000207553603104,0.000001412977781,0.00000123629240534,5.81194740334e-7,6.58883550386e-7,8.89479906618e-7,0.00000119265928333,0.00000140648194247,7.30240117264e-7,1.98002666707e-7,2.52981720905e-7,2.86101368374e-7,3.20066448012e-7,6.21747930918e-11,1.44067286101e-7,7.97861332558e-8],"max":[0.280211120844,0.400397181511,0.129542261362,0.0714952647686,0.122791789472,0.0982416719198,0.040997505188,0.0441412739456,0.0303438939154,0.0236740298569,0.0435103215277,0.024894759059,0.0168511159718,0.0203810054809,0.00701870257035,0.0118770161644,0.016351358965,0.0223175957799,0.0169110465795,0.0160174332559,0.00616318266839,0.00403369357809,0.00425381725654,0.00360692804679,0.00010097156337,0.00252686277963,0.00243497011252],"mean":[0.0119237964973,0.0225433446467,0.00357905309647,0.00282122800127,0.00481476774439,0.00183574680705,0.000949483655859,0.000602215644903,0.000582045351621,0.000581579864956,0.000591382267885,0.000634553958662,0.000478888658108,0.000470730854431,0.000200581140234,0.00022685417207,0.000283789209789,0.000271124881692,0.000343580759363,0.000233713362832,0.000116371054901,0.0000999668482109,0.0000702146280673,0.0000657026394038,0.00000240946542363,0.0000478280890093,0.000113333800982],"median":[0.00714442925528,0.0125409271568,0.00125878478866,0.000904760614503,0.00124399387278,0.000451938132755,0.000163484146469,0.0000817308682599,0.0000908340662136,0.0000925337517401,0.0000925369822653,0.000158397539053,0.000117934803711,0.000103528764157,0.0000385500206903,0.0000315779434459,0.0000474275475426,0.0000323011081491,0.0000333144198521,0.0000242824953602,0.0000180109782377,0.0000155957313837,0.00000965935578279,0.00000392770425606,6.08656250733e-7,0.00000470717168355,0.0000232463680732],"min":[1.44425039098e-24,1.41727318212e-23,1.91792249344e-23,3.33741529349e-24,5.86750071247e-23,6.85964097555e-23,3.14416543429e-23,7.77155408456e-23,1.12822089915e-23,5.54643495513e-23,3.6525115037e-23,5.94461533694e-23,5.77547472362e-23,1.43649614466e-22,2.18361722031e-22,1.06339623849e-22,1.34294771737e-22,1.84936738844e-22,1.63589834583e-22,3.5919997507e-22,4.5999208922e-22,5.93532836149e-22,6.96171844072e-22,1.00253967124e-21,1.23390477448e-21,1.34702485345e-21,2.53608466514e-21],"var":[0.000387527310522,0.00115652207751,0.00005091510684,0.0000271627613984,0.0000785582597018,0.0000169674294739,0.00000514719977218,0.00000364504353456,0.00000209098266168,0.00000173176783846,0.00000197023746296,0.00000153650728407,8.92378352546e-7,9.7587928849e-7,2.66445823627e-7,3.95668905639e-7,6.23316111614e-7,8.74906959325e-7,0.0000013110314967,7.20252160136e-7,1.04923074673e-7,8.18561787241e-8,6.86272514372e-8,7.80342475082e-8,2.5977432011e-11,3.57169085419e-8,6.56634284724e-8]},"barkbands_crest":{"dmean":3.04087519646,"dmean2":4.92942619324,"dvar":6.85873222351,"dvar2":17.5900707245,"max":25.5648097992,"mean":12.7063074112,"median":12.5772705078,"min":3.0304980278,"var":18.7305908203},"barkbands_flatness_db":{"dmean":0.0436965189874,"dmean2":0.0661941021681,"dvar":0.00178531184793,"dvar2":0.00424037314951,"max":0.615577280521,"mean":0.21135622263,"median":0.201018244028,"min":0.0233606528491,"var":0.00686438009143},"barkbands_kurtosis":{"dmean":20.2578773499,"dmean2":31.788110733,"dvar":1348.04577637,"dvar2":3272.24145508,"max":680.419067383,"mean":30.4233531952,"median":8.98502159119,"min":-1.89728391171,"var":3008.46826172},"barkbands_skewness":{"dmean":1.40023219585,"dmean2":2.07928371429,"dvar":2.39290356636,"dvar2":5.3746676445,"max":21.7590465546,"mean":3.37321424484,"median":2.52534747124,"min":-2.47448897362,"var":8.17673397064},"barkbands_spread":{"dmean":7.09420633316,"dmean2":10.721449852,"dvar":110.415893555,"dvar2":240.275360107,"max":110.819984436,"mean":14.498506546,"median":9.20596885681,"min":0.161767572165,"var":242.68560791},"dissonance":{"dmean":0.0203396137804,"dmean2":0.0338054299355,"dvar":0.000533135549631,"dvar2":0.00138226000126,"max":0.500000178814,"mean":0.469280689955,"median":0.479063242674,"min":0.165602013469,"var":0.000992295448668},"dynamic_complexity":4.13804721832,"erbbands":{"dmean":[0.767211079597,2.35790514946,3.99504637718,6.18185472488,11.2686386108,14.6531238556,15.9933290482,10.9467840195,10.0525197983,13.0624017715,11.0293254852,10.7759380341,15.3842897415,16.5377044678,20.1279125214,18.2243518829,16.6346950531,17.4761199951,11.3918418884,9.15361022949,11.3874502182,12.2489538193,11.2159957886,13.6834955215,12.7420396805,8.76259708405,4.83737134933,4.07758760452,4.02383995056,3.73452973366,2.05411505699,2.03266119957,1.33830153942,0.0966429710388,0.0230890363455,0.138114362955,0.153890833259,0.0550346858799,0.0122022461146,0.00125100684818],"dmean2":[1.26710021496,3.90648055077,6.85347938538,10.2936372757,18.2523269653,23.244972229,25.4065113068,17.38530159,16.2773170471,21.0087356567,17.5760383606,16.9940624237,24.573513031,26.0340270996,31.4301738739,28.1381397247,25.8170394897,26.7424907684,17.6607608795,13.9412593842,17.5954475403,18.6955738068,16.6037101746,20.1515827179,18.1379241943,12.6758756638,7.34104537964,6.54487848282,6.59767866135,6.3856139183,3.50156235695,3.53756141663,2.32713532448,0.164690211415,0.0390102043748,0.238624662161,0.267262935638,0.0922851860523,0.0181812383235,0.00174259010237],"dvar":[3.51651120186,23.5392780304,77.7514648438,127.525039673,539.708312988,869.839111328,1565.15222168,645.780395508,590.647827148,1608.45117188,1156.79663086,694.790222168,1168.03942871,1289.67126465,2157.52075195,1167.54626465,1168.77185059,1323.09069824,550.977050781,640.826538086,906.876098633,1173.6854248,1540.43994141,2071.3762207,1667.24621582,809.184448242,176.954574585,133.874359131,140.721221924,160.854797363,52.4179115295,55.211265564,23.6588001251,0.0764973461628,0.00175684480928,0.239421695471,0.310196429491,0.0327231884003,0.000921937637031,0.00000874699799169],"dvar2":[9.17425727844,59.1394119263,214.958480835,329.949279785,1226.33996582,2022.8079834,3768.00976562,1538.29284668,1517.35119629,3930.71728516,2860.1003418,1615.87451172,2902.38208008,3194.17041016,5015.86865234,2749.16748047,2843.60229492,3057.41772461,1312.17456055,1488.484375,2128.31298828,2590.42553711,3474.14404297,4271.51611328,3101.30615234,1575.9699707,378.140930176,334.750030518,369.854064941,439.437408447,142.494735718,150.513244629,64.4379730225,0.204516544938,0.0044023534283,0.649212419987,0.846131145954,0.0884985402226,0.00196094089188,0.0000160095714818],"max":[22.2763366699,53.6663284302,136.542938232,176.418334961,555.008178711,411.968322754,1054.5357666,686.155883789,780.248535156,1071.37109375,880.865844727,654.445495605,743.272216797,682.868530273,1551.34741211,798.611083984,838.876342773,1001.37561035,573.850524902,385.264984131,737.697631836,894.714172363,1353.59155273,967.660217285,973.044006348,750.164855957,321.052062988,254.297149658,155.34173584,150.024978638,98.4402389526,79.7543563843,50.2549285889,2.73025560379,0.713747680187,5.00932407379,6.01667690277,2.17958331108,0.557690382004,0.0484816208482],"mean":[1.11002469063,3.2868514061,4.70696783066,7.15917158127,12.7368955612,16.2826423645,18.1373844147,13.4447631836,12.2818336487,15.4837684631,12.3755702972,12.7580318451,17.4961929321,19.8582553864,26.152048111,25.5286979675,23.2302761078,24.0966377258,14.7237586975,10.4268569946,13.9144744873,15.4418144226,14.4939374924,17.7206726074,16.5209274292,10.9117431641,5.60237073898,4.20104026794,3.79342269897,3.04305052757,1.68084311485,1.45788359642,0.945734024048,0.0779059976339,0.0213582646102,0.100358694792,0.112051121891,0.0473339147866,0.0147799691185,0.00193096208386],"median":[0.60421204567,1.36350822449,1.81407058239,2.80553531647,3.85577893257,3.81758928299,3.87242126465,3.52296352386,2.60594964027,2.40022468567,1.93651390076,2.11923217773,2.99967336655,3.40122413635,5.22803020477,6.78387355804,6.2340798378,6.21286010742,3.77788639069,1.94773304462,2.29925870895,2.65989613533,1.86442947388,1.76154911518,1.61140108109,1.16049695015,0.794694423676,0.660797297955,0.577249526978,0.448493540287,0.244183108211,0.10643696785,0.0570120587945,0.0119252176955,0.00524834450334,0.00830489397049,0.00942340306938,0.00730757042766,0.00232730386779,0.00050735543482],"min":[1.46572224213e-22,4.18984670937e-21,1.98035100425e-20,2.01182942708e-20,5.27981468616e-20,2.80590753168e-19,2.22948491237e-19,7.62707053683e-19,6.25022375435e-19,6.01031345936e-19,1.70073555519e-18,3.82801092914e-19,1.24097936834e-18,1.73509425969e-18,1.50864240006e-18,2.89081405434e-18,3.20597772594e-18,7.08269015441e-18,7.19912492462e-18,9.93824666912e-18,5.73569394209e-18,7.51502520055e-18,8.15718288087e-18,9.4533509125e-18,1.22420621347e-17,1.72028172966e-17,1.6879879368e-17,2.19631937454e-17,1.89337307787e-17,1.72044385706e-17,2.15193766052e-17,2.05699469699e-17,1.78492275125e-17,1.28814462785e-17,8.92832945155e-18,4.48685222202e-18,2.72559940944e-18,1.0768288913e-18,3.22031597128e-19,3.959875151e-20],"var":[3.20812892914,27.548084259,71.0993041992,145.341262817,691.624938965,1109.77124023,1850.41271973,864.965698242,814.104125977,2024.59155273,1350.81237793,1019.831604,1520.20507812,1738.62524414,3426.62353516,2119.33300781,1978.18395996,2540.13818359,819.685302734,755.256530762,1307.01037598,1843.19433594,2414.53930664,3577.39404297,3350.16162109,1523.84313965,271.624420166,141.05166626,117.366241455,110.488288879,36.2314491272,37.0025596619,15.9325428009,0.0568812228739,0.00181185745168,0.163990482688,0.208302617073,0.0234632734209,0.00153564696666,0.0000198944744625]},"erbbands_crest":{"dmean":3.32290792465,"dmean2":5.4409995079,"dvar":8.76929092407,"dvar2":21.2444152832,"max":33.5256385803,"mean":9.61788272858,"median":8.72645568848,"min":2.04754519463,"var":20.4642658234},"erbbands_flatness_db":{"dmean":0.0344020612538,"dmean2":0.0518212765455,"dvar":0.000947343942244,"dvar2":0.00206768396311,"max":0.427346438169,"mean":0.152603119612,"median":0.149784341455,"min":0.0337970256805,"var":0.00289988471195},"erbbands_kurtosis":{"dmean":2.80768227577,"dmean2":4.46568059921,"dvar":27.9880542755,"dvar2":69.1908187866,"max":159.526443481,"mean":2.61041283607,"median":0.614707708359,"min":-1.86307346821,"var":46.820148468},"erbbands_skewness":{"dmean":0.689215540886,"dmean2":1.0294393301,"dvar":0.485503286123,"dvar2":1.06026506424,"max":9.77011585236,"mean":0.355266720057,"median":0.31686770916,"min":-5.91807556152,"var":1.84447717667},"erbbands_spread":{"dmean":14.8469944,"dmean2":22.7990379333,"dvar":268.386627197,"dvar2":598.124816895,"max":165.564163208,"mean":38.279209137,"median":31.2594642639,"min":1.00342917442,"var":694.792480469},"gfcc":{"cov":[[15966.7246094,-126.308944702,-1846.88952637,-925.385253906,259.827545166,85.3326339722,186.138412476,-183.397842407,-282.529296875,-337.778411865,-45.2824668884,-155.293869019,-24.7854251862],[-126.308944702,1694.68774414,50.6760787964,-577.188598633,-41.0761260986,-8.57905864716,-101.251678467,-87.7232818604,-73.2833557129,26.9782333374,82.3523254395,-77.0731735229,104.271888733],[-1846.88952637,50.6760787964,1092.45178223,465.976715088,-304.543640137,168.033798218,-175.268997192,170.137191772,50.1395187378,169.285644531,-38.8342056274,65.2625427246,-37.2284698486],[-925.385253906,-577.188598633,465.976715088,726.163452148,157.579055786,-53.3615264893,96.9678573608,56.9312667847,89.5952682495,15.4240522385,-20.350189209,60.1114463806,-47.4091148376],[259.827545166,-41.0761260986,-304.543640137,157.579055786,473.122589111,3.39471554756,158.753234863,-66.2141952515,-24.2552509308,-96.4749145508,38.529460907,-27.809715271,47.527256012],[85.3326339722,-8.57905864716,168.033798218,-53.3615264893,3.39471554756,404.640411377,-15.5349178314,59.0605430603,-91.7409439087,21.3393859863,-30.306678772,10.4282360077,5.47233581543],[186.138412476,-101.251678467,-175.268997192,96.9678573608,158.753234863,-15.5349178314,320.847442627,7.89014291763,23.0315933228,-62.141658783,20.9066696167,2.46618127823,-5.71269226074],[-183.397842407,-87.7232818604,170.137191772,56.9312667847,-66.2141952515,59.0605430603,7.89014291763,224.057434082,74.8004989624,70.4956741333,-5.44523000717,-5.18506145477,15.1205072403],[-282.529296875,-73.2833557129,50.1395187378,89.5952682495,-24.2552509308,-91.7409439087,23.0315933228,74.8004989624,202.178771973,88.952041626,12.7937831879,20.0188102722,-30.6754951477],[-337.778411865,26.9782333374,169.285644531,15.4240522385,-96.4749145508,21.3393859863,-62.141658783,70.4956741333,88.952041626,148.648330688,44.0700416565,7.15432834625,-4.28730201721],[-45.2824668884,82.3523254395,-38.8342056274,-20.350189209,38.529460907,-30.306678772,20.9066696167,-5.44523000717,12.7937831879,44.0700416565,95.2065124512,30.8715839386,15.0504226685],[-155.293869019,-77.0731735229,65.2625427246,60.1114463806,-27.809715271,10.4282360077,2.46618127823,-5.18506145477,20.0188102722,7.15432834625,30.8715839386,90.6312942505,21.8343677521],[-24.7854251862,104.271888733,-37.2284698486,-47.4091148376,47.527256012,5.47233581543,-5.71269226074,15.1205072403,-30.6754951477,-4.28730201721,15.0504226685,21.8343677521,107.785171509]],"icov":[[0.000107734049379,-0.000407583924243,0.00121534371283,-0.00138582126237,0.0011702850461,-0.000778265006375,0.000379711767891,-0.000168065264006,-0.0000973630085355,0.000361013837392,-0.000498101988342,0.000534953491297,-0.000255685532466],[-0.000407583924243,0.00754860322922,-0.0174203552306,0.0226442366838,-0.0175645425916,0.0110749965534,-0.0056400843896,0.00258344993927,0.00142202829011,-0.00356952869333,0.00586200458929,-0.00604570843279,0.00373708526604],[0.00121534371283,-0.0174203552306,0.0464682616293,-0.0594444274902,0.0485439524055,-0.031015817076,0.0156830400229,-0.0049082795158,-0.00666276877746,0.0128541206941,-0.0213397555053,0.022128181532,-0.0141630778089],[-0.00138582126237,0.0226442366838,-0.0594444274902,0.080572552979,-0.067072249949,0.0432152673602,-0.0211720857769,0.00346453557722,0.014032760635,-0.0248824506998,0.0366077385843,-0.0379258468747,0.0240310188383],[0.0011702850461,-0.0175645425916,0.0485439524055,-0.067072249949,0.0620992816985,-0.0394032299519,0.0172528363764,0.000712081207894,-0.0191173087806,0.0313046500087,-0.0415349267423,0.0421566590667,-0.0269766133279],[-0.000778265006375,0.0110749965534,-0.031015817076,0.0432152673602,-0.0394032299519,0.0293621327728,-0.0122821526602,-0.00192603166215,0.0165107473731,-0.0237749163061,0.0300924833864,-0.0299732852727,0.0185287129134],[0.000379711767891,-0.0056400843896,0.0156830400229,-0.0211720857769,0.0172528363764,-0.0122821526602,0.0102831292897,-0.00148324656766,-0.00635185092688,0.0112101975828,-0.0133752832189,0.0115668503568,-0.00642029661685],[-0.000168065264006,0.00258344993927,-0.0049082795158,0.00346453557722,0.000712081207894,-0.00192603166215,-0.00148324656766,0.0104385986924,-0.00843741837889,0.00604155566543,-0.00722449971363,0.00990849453956,-0.0076278722845],[-0.0000973630085355,0.00142202829011,-0.00666276877746,0.014032760635,-0.0191173087806,0.0165107473731,-0.00635185092688,-0.00843741837889,0.0275722071528,-0.0312824323773,0.030411163345,-0.030192207545,0.0193837322295],[0.000361013837392,-0.00356952869333,0.0128541206941,-0.0248824506998,0.0313046500087,-0.0237749163061,0.0112101975828,0.00604155566543,-0.0312824323773,0.0522073581815,-0.0490859858692,0.0426041707397,-0.0244211945683],[-0.000498101988342,0.00586200458929,-0.0213397555053,0.0366077385843,-0.0415349267423,0.0300924833864,-0.0133752832189,-0.00722449971363,0.030411163345,-0.0490859858692,0.0644541755319,-0.0526808127761,0.0284113381058],[0.000534953491297,-0.00604570843279,0.022128181532,-0.0379258468747,0.0421566590667,-0.0299732852727,0.0115668503568,0.00990849453956,-0.030192207545,0.0426041707397,-0.0526808127761,0.0618625022471,-0.0329845957458],[-0.000255685532466,0.00373708526604,-0.0141630778089,0.0240310188383,-0.0269766133279,0.0185287129134,-0.00642029661685,-0.0076278722845,0.0193837322295,-0.0244211945683,0.0284113381058,-0.0329845957458,0.0302258487791]],"mean":[-47.2122192383,99.6566009521,-76.1523742676,28.6143302917,-18.9419250488,0.62724006176,-4.67607545853,-12.0712146759,-9.15078830719,-3.3992023468,-4.16319799423,6.35074853897,-12.3005418777]},"hfc":{"dmean":10.7939252853,"dmean2":16.1617679596,"dvar":377.519622803,"dvar2":905.948913574,"max":199.669158936,"mean":18.3106422424,"median":11.6279125214,"min":1.17767914036e-16,"var":562.744812012},"melbands":{"dmean":[0.00537767261267,0.00231561856344,0.00118952488992,0.000912263174541,0.000579205458052,0.000249075732427,0.000152830645675,0.000140529606142,0.0000871625670698,0.0000707675790181,0.0000782939168857,0.000067379551183,0.0000691817258485,0.0000555792939849,0.0000467251666123,0.0000319135360769,0.0000355215779564,0.0000206889417314,0.0000136443450174,0.0000122628416648,0.0000146055253936,0.0000131757287818,0.0000114059530461,0.0000101835339592,0.0000117483659778,0.00000956829990173,0.00000861428816279,0.00000543078158444,0.00000313973009725,0.00000274828403235,0.00000223702204494,0.00000228073804465,0.00000217622073251,0.00000211596920963,0.00000117237857467,0.00000105031949715,0.00000138932546179,0.00000115382579224,2.74984557791e-7,2.39166091376e-8],"dmean2":[0.00869942363352,0.00387772615068,0.00195603608154,0.00144912407268,0.000909308611881,0.000395125825889,0.000247377203777,0.000226337171625,0.000139471769216,0.000112540088594,0.000125546561321,0.000106428749859,0.000109451844764,0.000087091968453,0.0000728184531908,0.0000500712303619,0.0000548752323084,0.0000325445798808,0.000021532017854,0.0000189333677554,0.0000230297282542,0.0000203998042707,0.0000174712222361,0.0000151443355207,0.0000176843623194,0.0000139614403452,0.0000125339620354,0.00000805901254353,0.00000474101989312,0.00000446907097285,0.00000356708346771,0.00000374650630874,0.00000360013723366,0.00000370482439394,0.00000198865382117,0.00000182526559911,0.00000243612089434,0.00000201166062652,4.72603232993e-7,4.04280413591e-8],"dvar":[0.000159098271979,0.0000210287926166,0.00000416032889916,0.0000029881230148,0.00000169433496922,3.19014162642e-7,1.25814267449e-7,1.86979804084e-7,7.25412050429e-8,2.82887366865e-8,3.04086569258e-8,2.18171614108e-8,2.75917262371e-8,1.24865122686e-8,9.48849532278e-9,4.35180735892e-9,5.91617999035e-9,1.83758097627e-9,1.57535184897e-9,1.15854370542e-9,1.56222568215e-9,1.33082711518e-9,1.28949484424e-9,1.53397450298e-9,1.63064239889e-9,9.37609878626e-10,8.72955097098e-10,3.30885985278e-10,9.07318248311e-11,6.18807782793e-11,4.11880529683e-11,4.44278398792e-11,4.80153555804e-11,5.61418654621e-11,1.67282802194e-11,1.50128503379e-11,2.69522633378e-11,1.74832405497e-11,9.90826127742e-13,2.12969197467e-15],"dvar2":[0.000393002963392,0.0000548014759261,0.0000104918171928,0.00000683395728629,0.00000400037288273,7.50987567244e-7,3.17909552905e-7,4.59099595673e-7,1.78496534886e-7,6.64638619696e-8,7.492089793e-8,5.36187982902e-8,6.62784955807e-8,2.96062658833e-8,2.27713901069e-8,1.05902957515e-8,1.38850158038e-8,4.41750103164e-9,3.80295883673e-9,2.70790168067e-9,3.79326259292e-9,3.0020177455e-9,2.92965585125e-9,3.54834850391e-9,3.48479711754e-9,1.88617210739e-9,1.65380886763e-9,6.88598122967e-10,1.97068680818e-10,1.54894569393e-10,1.02140393365e-10,1.17070270145e-10,1.270629435e-10,1.55684631853e-10,4.54223013369e-11,4.10158955411e-11,7.40794856013e-11,4.7695600941e-11,2.6849544723e-12,5.30685665564e-15],"max":[0.155010670424,0.0603150613606,0.0270332265645,0.029772059992,0.0279929209501,0.0135173173621,0.0104776583612,0.010155485943,0.00699667958543,0.0036093890667,0.00389981758781,0.00257128058001,0.00688824802637,0.003254260635,0.00344148627482,0.00212080753408,0.00218152673915,0.000994194298983,0.000607283960562,0.000805004092399,0.00101650587749,0.00107643322553,0.00101790507324,0.00141994014848,0.000897294841707,0.000641998020001,0.000828239659313,0.000477526074974,0.000286420341581,0.000196652399609,0.000158004477271,0.000100243480119,0.0000762471536291,0.0000917460347409,0.0000578647195653,0.000042704072257,0.0000632330484223,0.0000419140305894,0.0000105593935587,9.3147195912e-7],"mean":[0.00859372317791,0.00313661433756,0.00142124702688,0.00105817336589,0.000666015141178,0.000309952592943,0.000189884987776,0.000163445773069,0.0000968458480202,0.0000815180101199,0.0000875990954228,0.0000786758610047,0.000084827093815,0.0000743037307984,0.0000625957327429,0.0000425232574344,0.0000466876081191,0.0000257993760897,0.0000146269430843,0.0000138139621413,0.0000172381023731,0.0000163361655723,0.0000137687102324,0.0000130012331283,0.0000146313968798,0.0000120740060083,0.0000108733684101,0.00000640451844447,0.00000363284334526,0.00000276701689472,0.00000229489455705,0.00000216184457713,0.00000191058347809,0.00000163716913448,9.78061962087e-7,7.92655669102e-7,9.65676463238e-7,8.11227209851e-7,2.022431147e-7,2.22329461508e-8],"median":[0.00518486183137,0.00133702298626,0.000566907343455,0.000291066040518,0.000148661929416,0.0000804014052846,0.0000381403951906,0.0000244458697125,0.0000140282609209,0.0000127223520394,0.0000141000591611,0.0000121472994579,0.00001484569475,0.0000178288501047,0.0000150481964738,0.0000110293858597,0.0000102496469481,0.00000585228644923,0.0000026031152629,0.00000184189741503,0.00000274437820735,0.0000028068930078,0.00000164774940004,0.0000014727290818,0.00000133223534249,0.00000114120769013,0.00000101616330994,6.5031701979e-7,4.82647863009e-7,4.15068655002e-7,3.44024698506e-7,3.24123334394e-7,2.82245906646e-7,2.25533156595e-7,1.47588508526e-7,8.49585717333e-8,5.57040777949e-8,4.6113935781e-8,1.67236802184e-8,5.62907676027e-9],"min":[2.73486952901e-24,9.22391232876e-24,3.07022771046e-24,1.32156841932e-23,9.07432221302e-24,1.60463711344e-23,8.64657816438e-24,9.02338467551e-24,1.20704766733e-23,1.75504650067e-24,6.5856001634e-24,7.33896863878e-24,4.98988680229e-24,6.51031048975e-24,8.12072348496e-24,6.51913074353e-24,1.37682023713e-23,8.36585096721e-24,2.06023505178e-23,8.97267590766e-24,5.83278191851e-24,7.61088347078e-24,6.3172044399e-24,9.44449203735e-24,7.24852889144e-24,5.77556938693e-24,1.34884880715e-23,1.04786973616e-23,9.56007120402e-24,1.0323701182e-23,1.4562618435e-23,1.10848714918e-23,1.03074538028e-23,8.97957449628e-24,1.30837590398e-23,1.09864303283e-23,1.3955501616e-23,1.27339244718e-23,1.12854575207e-23,1.06272177819e-23],"var":[0.000167108737514,0.0000242484475166,0.00000517858552485,0.0000040081363295,0.00000213166413232,4.42432849468e-7,1.84752508403e-7,2.29011916986e-7,8.62150173475e-8,4.05398239423e-8,3.99860908828e-8,2.96646032183e-8,3.93790742237e-8,2.17573354888e-8,1.54433497102e-8,7.3386345889e-9,1.0652329685e-8,2.73831823883e-9,1.59660384913e-9,1.58883495249e-9,2.06960693028e-9,2.00929295424e-9,1.95479832321e-9,2.29273977581e-9,2.59587018547e-9,1.70596459181e-9,1.71935132798e-9,5.48078527007e-10,1.32941879727e-10,6.67838770396e-11,4.31291322101e-11,3.78932128731e-11,3.66086397308e-11,3.65668710589e-11,1.16820641702e-11,1.00552708521e-11,1.76493646087e-11,1.17186555598e-11,6.81424697484e-13,2.2123594257e-15]},"melbands_crest":{"dmean":4.66870880127,"dmean2":7.35180568695,"dvar":17.1718769073,"dvar2":39.7952308655,"max":38.6778640747,"mean":21.6904735565,"median":20.9101600647,"min":2.16683363914,"var":65.2999954224},"melbands_flatness_db":{"dmean":0.0508439540863,"dmean2":0.0760689973831,"dvar":0.00231576291844,"dvar2":0.00537466909736,"max":0.756138682365,"mean":0.318449944258,"median":0.312281429768,"min":0.00680952332914,"var":0.0095259482041},"melbands_kurtosis":{"dmean":53.7580490112,"dmean2":87.2399215698,"dvar":21342.7382812,"dvar2":57483.390625,"max":3813.84106445,"mean":72.793800354,"median":18.6825866699,"min":-1.8816754818,"var":30155.1953125},"melbands_skewness":{"dmean":2.05880594254,"dmean2":3.10304808617,"dvar":7.32825708389,"dvar2":17.3371505737,"max":46.8533821106,"mean":4.8859372139,"median":3.54959154129,"min":-3.48653745651,"var":20.0971984863},"melbands_spread":{"dmean":7.10125732422,"dmean2":10.6407318115,"dvar":143.880767822,"dvar2":306.732116699,"max":187.490753174,"mean":13.6038045883,"median":7.43502140045,"min":0.071128629148,"var":335.509155273},"mfcc":{"cov":[[11862.9511719,908.690551758,-1909.90563965,-430.007385254,-566.923461914,100.494155884,-2.00219964981,215.617294312,-243.166702271,54.543094635,-227.259750366,-8.91576004028,-209.021026611],[908.690551758,1902.66357422,-155.363525391,-505.670471191,-72.8748092651,-93.4222946167,52.2671661377,-192.335723877,-63.3350257874,-131.63571167,40.3225975037,-69.2115020752,29.2194366455],[-1909.90563965,-155.363525391,1391.48181152,91.2730255127,116.391998291,-13.2175235748,-120.75378418,-53.178237915,48.6353683472,82.8398590088,40.9967269897,74.6901550293,14.8017425537],[-430.007385254,-505.670471191,91.2730255127,736.156982422,106.511169434,33.984703064,-7.19000101089,85.4655456543,45.6891822815,42.6908073425,36.6787261963,27.3165092468,29.724281311],[-566.923461914,-72.8748092651,116.391998291,106.511169434,303.814605713,68.3189468384,38.7425041199,-10.0714635849,35.7797927856,-21.1911716461,12.6891012192,7.87110471725,13.7393894196],[100.494155884,-93.4222946167,-13.2175235748,33.984703064,68.3189468384,250.438537598,112.169502258,75.1224441528,-27.1254234314,1.78286206722,-33.0073471069,-2.41432881355,-36.6729164124],[-2.00219964981,52.2671661377,-120.75378418,-7.19000101089,38.7425041199,112.169502258,279.345092773,89.424987793,16.0631866455,-29.3757362366,-11.3177623749,-50.7075424194,-8.34650802612],[215.617294312,-192.335723877,-53.178237915,85.4655456543,-10.0714635849,75.1224441528,89.424987793,178.811935425,46.4380455017,29.9425067902,-20.4763584137,4.15252113342,-13.477314949],[-243.166702271,-63.3350257874,48.6353683472,45.6891822815,35.7797927856,-27.1254234314,16.0631866455,46.4380455017,148.956665039,54.6144447327,27.5079059601,4.36227226257,29.060049057],[54.543094635,-131.63571167,82.8398590088,42.6908073425,-21.1911716461,1.78286206722,-29.3757362366,29.9425067902,54.6144447327,131.202484131,50.902973175,33.1031265259,5.42799091339],[-227.259750366,40.3225975037,40.9967269897,36.6787261963,12.6891012192,-33.0073471069,-11.3177623749,-20.4763584137,27.5079059601,50.902973175,124.323638916,46.2187995911,27.6698856354],[-8.91576004028,-69.2115020752,74.6901550293,27.3165092468,7.87110471725,-2.41432881355,-50.7075424194,4.15252113342,4.36227226257,33.1031265259,46.2187995911,98.8161239624,35.1141586304],[-209.021026611,29.2194366455,14.8017425537,29.724281311,13.7393894196,-36.6729164124,-8.34650802612,-13.477314949,29.060049057,5.42799091339,27.6698856354,35.1141586304,94.0220489502]],"icov":[[0.000154152294272,-0.000128239829792,0.000211786129512,-0.0000256773491856,0.0000895280682016,0.0000381448153348,0.0000472290012112,-0.000180118717253,0.000193977393792,-0.000418412324507,0.000439411000116,-0.000390253349906,0.000318129808875],[-0.000128239829792,0.000906117144041,-0.000170335246366,0.000479829177493,0.0000982295168797,-0.0000901654057088,-0.000204927535378,0.000676702999044,-0.000225097814109,0.00106384838,-0.00112504453864,0.000887955771759,-0.000654655741528],[0.000211786129512,-0.000170335246366,0.00112463906407,-0.0000894272889127,-0.000199964182684,0.0000486884528073,0.000229844677961,0.000124113939819,0.0000636247277725,-0.0010611473117,0.000845563365147,-0.0010709380731,0.000654100440443],[-0.0000256773491856,0.000479829177493,-0.0000894272889127,0.0019155087648,-0.000579925486818,-0.0000946989966906,0.000459736009361,-0.00095151423011,0.000232673177379,0.000294745783322,-0.00113220559433,0.000952160393354,-0.00095680000959],[0.0000895280682016,0.0000982295168797,-0.000199964182684,-0.000579925486818,0.00469011068344,-0.00182846281677,-0.000369446061086,0.00163278286345,-0.00212290976197,0.00192794925533,-0.000457167217974,-0.000667142390739,0.000114560643851],[0.0000381448153348,-0.0000901654057088,0.0000486884528073,-0.0000946989966906,-0.00182846281677,0.00703539513052,-0.00265314639546,-0.00162269489374,0.00256946915761,-0.00221936940216,0.00236627832055,-0.00229494459927,0.00217296252958],[0.0000472290012112,-0.000204927535378,0.000229844677961,0.000459736009361,-0.000369446061086,-0.00265314639546,0.00684221973643,-0.00355838472024,-0.000221215814236,0.00187513022684,-0.0026595259551,0.00445669563487,-0.00181801163126],[-0.000180118717253,0.000676702999044,0.000124113939819,-0.00095151423011,0.00163278286345,-0.00162269489374,-0.00355838472024,0.0112710474059,-0.00408631563187,-0.00064916536212,0.00261880806647,-0.00333540607244,0.00187419366557],[0.000193977393792,-0.000225097814109,0.0000636247277725,0.000232673177379,-0.00212290976197,0.00256946915761,-0.000221215814236,-0.00408631563187,0.0115435868502,-0.00515200942755,-0.000116174960567,0.00237349304371,-0.00299799419008],[-0.000418412324507,0.00106384838,-0.0010611473117,0.000294745783322,0.00192794925533,-0.00221936940216,0.00187513022684,-0.00064916536212,-0.00515200942755,0.0149991866201,-0.006820268929,0.000500946247485,0.000285612070002],[0.000439411000116,-0.00112504453864,0.000845563365147,-0.00113220559433,-0.000457167217974,0.00236627832055,-0.0026595259551,0.00261880806647,-0.000116174960567,-0.006820268929,0.0155839137733,-0.00798991043121,0.00150777446106],[-0.000390253349906,0.000887955771759,-0.0010709380731,0.000952160393354,-0.000667142390739,-0.00229494459927,0.00445669563487,-0.00333540607244,0.00237349304371,0.000500946247485,-0.00798991043121,0.0199968144298,-0.00803537387401],[0.000318129808875,-0.000654655741528,0.000654100440443,-0.00095680000959,0.000114560643851,0.00217296252958,-0.00181801163126,0.00187419366557,-0.00299799419008,0.000285612070002,0.00150777446106,-0.00803537387401,0.0161514226347]],"mean":[-706.63092041,145.379547119,7.84153699875,43.0231552124,7.09726381302,26.7122535706,8.02638435364,13.7025871277,-5.43139505386,3.92233252525,1.18372738361,5.22927713394,0.297038078308]},"pitch_salience":{"dmean":0.101351752877,"dmean2":0.162628889084,"dvar":0.00809433870018,"dvar2":0.019727518782,"max":0.88455748558,"mean":0.46052506566,"median":0.470769703388,"min":0.0433841906488,"var":0.0272376034409},"silence_rate_20dB":{"dmean":0.00103519670665,"dmean2":0.00207057199441,"dvar":0.00103403290268,"dvar2":0.00310120219365,"max":1,"mean":0.999482452869,"median":1,"min":0,"var":0.00051738449838},"silence_rate_30dB":{"dmean":0.07953761518,"dmean2":0.159088954329,"dvar":0.073218293488,"dvar2":0.152403458953,"max":1,"mean":0.907012879848,"median":1,"min":0,"var":0.0843493714929},"silence_rate_60dB":{"dmean":0.0138026224449,"dmean2":0.027607627213,"dvar":0.0136119155213,"dvar2":0.0306422263384,"max":1,"mean":0.0790131986141,"median":0,"min":0,"var":0.0727682337165},"spectral_centroid":{"dmean":337.62979126,"dmean2":495.667816162,"dvar":205298.3125,"dvar2":366133.125,"max":10682.9716797,"mean":1013.09576416,"median":729.344543457,"min":88.9102020264,"var":662569.75},"spectral_complexity":{"dmean":4.84213256836,"dmean2":6.76473140717,"dvar":33.4613265991,"dvar2":58.9541244507,"max":63,"mean":14.20840168,"median":13,"min":0,"var":121.096046448},"spectral_contrast_coeffs":{"dmean":[0.0640364214778,0.0548756234348,0.0414392501116,0.0408849678934,0.0281192753464,0.0430232919753],"dmean2":[0.102190189064,0.0883995890617,0.0666185244918,0.0638466775417,0.0433092676103,0.0670359656215],"dvar":[0.00267632748,0.00195764377713,0.00120755285025,0.00122088729404,0.000573272118345,0.00162582809571],"dvar2":[0.00659995991737,0.00506862811744,0.00302205211483,0.00270226877183,0.00127959507518,0.00369871803559],"max":[-0.370345413685,-0.442632049322,-0.546809315681,-0.509643435478,-0.618113577366,-0.402803629637],"mean":[-0.705023646355,-0.776113450527,-0.827465355396,-0.81495308876,-0.826368927956,-0.744280695915],"median":[-0.714327514172,-0.786075651646,-0.831849932671,-0.818087816238,-0.826464176178,-0.745086967945],"min":[-0.940346181393,-0.974369108677,-0.977249443531,-0.987309455872,-0.978099405766,-0.956518948078],"var":[0.00925101432949,0.00698854727671,0.00478646578267,0.00587081490085,0.00279311905615,0.00505868531764]},"spectral_contrast_valleys":{"dmean":[0.420887857676,0.562323570251,0.547054469585,0.499212235212,0.468972623348,0.708778500557],"dmean2":[0.671368777752,0.870249271393,0.818847894669,0.741339504719,0.65498238802,1.08822667599],"dvar":[0.154268234968,0.241023749113,0.252740502357,0.232145115733,0.220129087567,0.43862849474],"dvar2":[0.338755458593,0.555111944675,0.562823534012,0.513940632343,0.441576451063,1.08185660839],"max":[-4.65530824661,-4.71198797226,-5.05977725983,-5.57998943329,-5.19961500168,-8.26967906952],"mean":[-6.73147726059,-7.12658023834,-7.55118370056,-8.07148838043,-8.01577186584,-11.169426918],"median":[-6.49791669846,-6.9260468483,-7.2700958252,-7.81538248062,-7.9232378006,-11.050444603],"min":[-27.8926639557,-27.4988021851,-27.0542869568,-27.2798633575,-27.1209068298,-27.2766208649],"var":[1.40880453587,1.77953219414,2.09627556801,1.85132396221,1.71138036251,1.56414651871]},"spectral_decrease":{"dmean":6.69887301186e-9,"dmean2":1.02781783085e-8,"dvar":1.33603194985e-16,"dvar2":2.96595574503e-16,"max":5.94812569783e-29,"mean":-1.40018707739e-8,"median":-1.09486881783e-8,"min":-1.4964810191e-7,"var":2.0471476081e-16},"spectral_energy":{"dmean":0.0258879698813,"dmean2":0.0396437644958,"dvar":0.00192643713672,"dvar2":0.0042680464685,"max":0.567219614983,"mean":0.054506957531,"median":0.0429019965231,"min":1.04574039042e-20,"var":0.00298875616863},"spectral_energyband_high":{"dmean":0.000601414416451,"dmean2":0.000963491620496,"dvar":0.00000274916919807,"dvar2":0.00000712785958967,"max":0.0177224352956,"mean":0.000602104468271,"median":0.0000960141333053,"min":7.68853797272e-21,"var":0.00000252276026913},"spectral_energyband_low":{"dmean":0.0203967932612,"dmean2":0.0321803502738,"dvar":0.00177522562444,"dvar2":0.00401828624308,"max":0.533470094204,"mean":0.036432787776,"median":0.0241969209164,"min":3.71332226652e-23,"var":0.00231408490799},"spectral_energyband_middle_high":{"dmean":0.00238375365734,"dmean2":0.00341963511892,"dvar":0.0000131785109261,"dvar2":0.0000284083344013,"max":0.0512697771192,"mean":0.00413330597803,"median":0.00182010838762,"min":1.36329472466e-21,"var":0.0000314031203743},"spectral_energyband_middle_low":{"dmean":0.00762180052698,"dmean2":0.0117610953748,"dvar":0.000115863273095,"dvar2":0.000264254049398,"max":0.157548725605,"mean":0.0117865763605,"median":0.00619405135512,"min":2.6167894524e-22,"var":0.000213684819755},"spectral_entropy":{"dmean":0.313614964485,"dmean2":0.474071800709,"dvar":0.102998919785,"dvar2":0.235251918435,"max":9.79830646515,"mean":7.35415697098,"median":7.40924930573,"min":4.52161931992,"var":0.276223301888},"spectral_flux":{"dmean":0.0404565148056,"dmean2":0.0616505257785,"dvar":0.00244790688157,"dvar2":0.00489277439192,"max":0.663341760635,"mean":0.121230065823,"median":0.10981823504,"min":1.02261449308e-10,"var":0.00666240556166},"spectral_kurtosis":{"dmean":3.56777715683,"dmean2":5.36551094055,"dvar":20.0601005554,"dvar2":47.6602325439,"max":114.48840332,"mean":9.68487071991,"median":8.34899139404,"min":-1.1961555481,"var":41.2329063416},"spectral_rms":{"dmean":0.00150003051385,"dmean2":0.00220535928383,"dvar":0.00000336077005159,"dvar2":0.00000690260912961,"max":0.0235241372138,"mean":0.00652230717242,"median":0.0064695905894,"min":3.19411099133e-12,"var":0.0000106372481241},"spectral_rolloff":{"dmean":376.315979004,"dmean2":636.824157715,"dvar":639161.625,"dvar2":1524237,"max":19272.2167969,"mean":690.600341797,"median":258.3984375,"min":21.533203125,"var":1198211.75},"spectral_skewness":{"dmean":0.392916232347,"dmean2":0.575465857983,"dvar":0.166460826993,"dvar2":0.37161809206,"max":8.90121459961,"mean":2.06496572495,"median":2.01215338707,"min":0.0283690951765,"var":0.468782603741},"spectral_spread":{"dmean":810136.8125,"dmean2":1205503.75,"dvar":722684542976,"dvar2":1490515918850,"max":40073248,"mean":4083848.75,"median":3845137.25,"min":955148.875,"var":2147720364030},"spectral_strongpeak":{"dmean":0.295248687267,"dmean2":0.514370203018,"dvar":0.269668579102,"dvar2":0.707630932331,"max":11.8796367645,"mean":0.367326855659,"median":0.211657196283,"min":0,"var":0.316054075956},"zerocrossingrate":{"dmean":0.00820465851575,"dmean2":0.00949917826802,"dvar":0.000103835074697,"dvar2":0.000120021373732,"max":0.4892578125,"mean":0.027101483196,"median":0.02001953125,"min":0.0009765625,"var":0.000715878733899}},"metadata":{"audio_properties":{"analysis_sample_rate":44100,"bit_rate":128894,"codec":"mp3","downmix":"mix","equal_loudness":0,"length":269.165710449,"lossless":false,"md5_encoded":"0559d5e6b7f7005c39b8d6bfe0de1f94","replay_gain":-10.5975379944,"sample_rate":44100},"tags":{"album":["Rebirth of a Nation (feat. Paris)"],"albumartist":["Public Enemy"],"albumartistsort":["Public Enemy feat. Paris"],"artist":["Public Enemy"],"artists":["Public Enemy"],"artistsort":["Public Enemy"],"catalognumber":["GFK-31021"],"date":["2005"],"file_name":"13 - Invisible Man.mp3","label":["Guerrilla Funk Recordings"],"media":["CD"],"musicbrainz album release country":["US"],"musicbrainz album status":["promotion"],"musicbrainz album type":["album"],"musicbrainz release track id":["8c2d33c5-5933-3e15-923d-0ed8fb806b59"],"musicbrainz_albumartistid":["bf2e15d0-4b77-469e-bfb4-f8414415baca","431945b6-0754-480a-8634-3e8c2f8ccf27"],"musicbrainz_albumid":["104eeda1-ece0-4275-b0ae-2c4d3f9902c8"],"musicbrainz_artistid":["bf2e15d0-4b77-469e-bfb4-f8414415baca"],"musicbrainz_recordingid":["a6fcd4cb-9136-4ef2-a8cc-f6054a33ff99"],"musicbrainz_releasegroupid":["0131b7fb-f4b5-3e4f-bd31-45166ccc36e4"],"originaldate":["2005"],"script":["Latn"],"title":["Invisible Man"],"tracknumber":["13/14"]},"version":{"essentia":"2.1-beta1","essentia_build_sha":"ca57ba49d9b1854bd80e60cf9ccf267278fb7d6b","essentia_git_sha":"v2.1_beta1-28-g21ef5f4-dirty","extractor":"music 1.0"}},"rhythm":{"beats_count":403,"beats_loudness":{"dmean":0.0875773429871,"dmean2":0.161131829023,"dvar":0.00969036016613,"dvar2":0.0260827690363,"max":0.439451992512,"mean":0.0927270650864,"median":0.0638195648789,"min":3.17140425032e-9,"var":0.00787925254554},"beats_loudness_band_ratio":{"dmean":[0.291844755411,0.127770319581,0.0639899298549,0.0992447957397,0.0878648459911,0.0410480313003],"dmean2":[0.556817650795,0.23145096004,0.121369279921,0.18945607543,0.173060581088,0.0732145532966],"dvar":[0.0377412065864,0.0173661932349,0.00647070165724,0.00588048668578,0.0037725365255,0.001640