{"lowlevel":{"average_loudness":0.790120780468,"barkbands":{"dmean":[0.000063240135205,0.00145425170194,0.0020513497293,0.00182231189683,0.00157561071683,0.000485788885271,0.000432477128925,0.000378249271307,0.000355285999831,0.000264009402599,0.000266172894044,0.000400579592679,0.000402782257879,0.000314334232826,0.000299740291666,0.000277696904959,0.000209564212128,0.000176983332494,0.00019673423958,0.000103438214865,0.0000571383134229,0.0000456122943433,0.0000372017493646,0.000022262946004,0.0000204984953598,0.00000784187068348,3.50864496568e-7],"dmean2":[0.000102416124719,0.0023416755721,0.00353693193756,0.00316763692535,0.00255580432713,0.000761686067563,0.000669968139846,0.000587511982303,0.000548984855413,0.000420445401687,0.000427211809438,0.00064136646688,0.000637563935015,0.000515866558999,0.000471607520012,0.000450178427855,0.000330593116814,0.000277913059108,0.000300580955809,0.000162554351846,0.0000868756978889,0.0000662610764266,0.0000524690331076,0.0000311771509587,0.0000290240859613,0.0000111364643089,5.10578900048e-7],"dvar":[4.54238708869e-8,0.000024770391974,0.000048622587201,0.0000303916749544,0.00000936233664106,0.00000111656424906,0.00000145226317727,9.42188307818e-7,8.06913305951e-7,4.92182380185e-7,6.07357776516e-7,9.58609007284e-7,0.00000117879199024,6.82676272845e-7,7.3083560892e-7,0.00000106126572064,2.81936223701e-7,2.53445762155e-7,3.21498021094e-7,1.98269020757e-7,7.47636121901e-8,7.6495219048e-8,4.71925112322e-8,2.54845904379e-8,1.3654728015e-8,1.04291575376e-9,1.47968865893e-12],"dvar2":[1.10502483608e-7,0.0000579818151891,0.000137218128657,0.0000868808783707,0.0000245488263317,0.00000259523767454,0.00000358025113201,0.00000229890451919,0.00000180979384368,0.00000114926865535,0.00000150222535922,0.00000249251456808,0.00000287874377136,0.00000182545261396,0.00000177654590061,0.00000306230003844,6.3520974436e-7,5.99587394845e-7,7.42082193028e-7,5.18064041444e-7,1.75022194071e-7,1.68557548363e-7,8.18764362975e-8,4.23672510408e-8,2.39884574427e-8,2.06298755856e-9,3.21502481755e-12],"max":[0.00357095827349,0.0702208802104,0.104181677103,0.0800066068769,0.0519809424877,0.0252151656896,0.0461019836366,0.0294346101582,0.0237601157278,0.0210068840533,0.0268504209816,0.0234481152147,0.0302264485508,0.0253294147551,0.0284651741385,0.0347866304219,0.0253591034561,0.0134946946055,0.0165855232626,0.0275776684284,0.0200304314494,0.0254696533084,0.0161228515208,0.0147583279759,0.00783810019493,0.0016145571135,0.0000661149388179],"mean":[0.000117334289826,0.00207834807225,0.00291462405585,0.00263528036885,0.00291618797928,0.000985460239463,0.000867549562827,0.000732319138478,0.000706449442077,0.00047662795987,0.000416603550548,0.000671497778967,0.000659359386191,0.000501054222696,0.000512111641001,0.000453357875813,0.000405416125432,0.000339876889484,0.000419411517214,0.000188104517292,0.000108023115899,0.0000933942574193,0.0000813213700894,0.0000484954507556,0.0000402692057833,0.0000119446895042,4.8413295417e-7],"median":[0.0000818213011371,0.000941893318668,0.000793475715909,0.000862550514285,0.00156244868413,0.000323221553117,0.000188430465641,0.000175613065949,0.000167469057487,0.000121386117826,0.000089228626166,0.000201406684937,0.000200536160264,0.000143920755363,0.000127957289806,0.000111423723865,0.00012217607582,0.0000894953700481,0.0000877019119798,0.000043564614316,0.0000244302973442,0.0000253839771176,0.0000177308938873,0.0000122841101984,0.0000096715757536,0.00000196250312001,6.90911150514e-8],"min":[3.10076357968e-15,3.18701364127e-14,1.35012172883e-14,3.19192643237e-14,1.48045177463e-13,5.12340786929e-14,7.47354652123e-14,8.18337639406e-14,1.51832187231e-13,1.16556314296e-13,5.90327347552e-14,9.80958071934e-14,8.65994423524e-14,6.61372134359e-14,5.30439577082e-14,4.64063669762e-14,4.07058860631e-14,3.51856537613e-14,2.90620256809e-14,3.02414275804e-14,2.86339284531e-14,2.6409679226e-14,1.96631058468e-14,1.6654673517e-14,2.04156641272e-14,1.89541358818e-14,3.90213875752e-13],"var":[4.01586035537e-8,0.0000244768471021,0.0000405716964451,0.000025915194783,0.0000156150053954,0.00000489985359309,0.00000544509202882,0.00000343139117831,0.00000298730969917,0.00000153670680447,0.00000133273545089,0.00000212466625271,0.00000258702971223,0.00000132884554205,0.00000197625945475,0.00000221622826757,8.13358610685e-7,7.24699248167e-7,9.25482424918e-7,3.60334240668e-7,1.70502360675e-7,1.35613220209e-7,1.62158457329e-7,9.85528885167e-8,4.00742585782e-8,2.16910600592e-9,2.08515670008e-12]},"barkbands_crest":{"dmean":1.97538769245,"dmean2":3.20724821091,"dvar":3.9494664669,"dvar2":10.1772518158,"max":26.9666843414,"mean":10.5202436447,"median":9.01818847656,"min":2.36418819427,"var":30.6973781586},"barkbands_flatness_db":{"dmean":0.0196336843073,"dmean2":0.0300799906254,"dvar":0.000508914818056,"dvar2":0.0012076634448,"max":0.773620426655,"mean":0.172526821494,"median":0.129800379276,"min":0.0237922184169,"var":0.0181665401906},"barkbands_kurtosis":{"dmean":10.366765976,"dmean2":16.3375053406,"dvar":9393.44921875,"dvar2":19799.3398438,"max":7728.13378906,"mean":26.7351970673,"median":1.11229395866,"min":-1.99383175373,"var":35421.2304688},"barkbands_skewness":{"dmean":0.665408194065,"dmean2":1.03723013401,"dvar":1.83333921432,"dvar2":4.17062807083,"max":85.49168396,"mean":1.11076188087,"median":1.05929279327,"min":-28.6523075104,"var":22.4505119324},"barkbands_spread":{"dmean":4.26284170151,"dmean2":6.58272027969,"dvar":29.9228553772,"dvar2":66.1933822632,"max":167.323760986,"mean":20.3472537994,"median":19.7239742279,"min":0.0756714865565,"var":158.763412476},"dissonance":{"dmean":0.0210795626044,"dmean2":0.0366763323545,"dvar":0.0019659975078,"dvar2":0.00571913598105,"max":0.500000059605,"mean":0.459294229746,"median":0.47428637743,"min":0.0402371287346,"var":0.00398306176066},"dynamic_complexity":5.09310388565,"erbbands":{"dmean":[0.0356452688575,0.378405302763,1.8063223362,4.93244075775,5.93851613998,4.90004634857,4.16563844681,4.54040145874,5.99754810333,6.72462797165,7.39818048477,7.48016691208,8.05867290497,8.40030574799,13.758975029,12.0072040558,17.4374752045,15.4087343216,14.7639045715,15.5694589615,13.81254673,10.9523830414,9.09976863861,7.8794631958,9.34198093414,4.6476354599,2.89376759529,1.99163961411,1.60793244839,1.51028752327,1.00766134262,0.529538393021,0.375333309174,0.247441440821,0.142526835203,0.0559656657279,0.0103602530435,0.000898867205251,0.000063612293161,0.0000111522604129],"dmean2":[0.0571830011904,0.620578050613,3.13237786293,8.54080963135,9.87472724915,7.92098665237,6.65671920776,6.98902606964,9.45660972595,10.2502536774,11.3758745193,11.5520296097,12.498503685,13.1471157074,22.0972442627,19.1281509399,27.2254257202,25.2340888977,23.6130867004,24.6178092957,22.0953598022,16.9609241486,14.0161848068,11.8273458481,14.2593221664,7.26501846313,4.46744680405,3.02309083939,2.34618353844,2.19113492966,1.40470039845,0.754349827766,0.527817130089,0.358475774527,0.203764438629,0.0796351283789,0.0147754950449,0.00128427078016,0.0000912913601496,0.000016433890778],"dvar":[0.0173819232732,1.66598796844,38.6870155334,248.831924438,186.201828003,84.3748092651,72.1392059326,121.905960083,348.149047852,254.087371826,350.940795898,382.644378662,379.889709473,579.267456055,1249.89978027,845.602233887,2465.52929688,1541.23962402,1941.70031738,2395.16113281,2472.31347656,633.057495117,564.561096191,560.462219238,943.230712891,390.453063965,247.609710693,71.8668136597,82.5284118652,81.0270996094,35.5136604309,15.8888196945,7.19599819183,2.9873714447,0.571094274521,0.0536520220339,0.00181130529381,0.0000130687976707,4.86530638e-8,5.54032819622e-10],"dvar2":[0.0413800552487,4.11273527145,108.950263977,708.623657227,507.345062256,218.457565308,183.046676636,275.662536621,887.956604004,553.248596191,863.771728516,836.178344727,864.841918945,1262.75183105,3240.73095703,2133.3605957,6042.87451172,4001.80224609,4879.53417969,6342.32568359,6816.20947266,1396.35131836,1304.01098633,1277.13415527,2243.44677734,1014.03833008,622.151672363,154.174972534,173.910110474,169.079910278,62.8409767151,34.8231086731,11.1702365875,6.01660060883,0.954646110535,0.0969771072268,0.00365594145842,0.0000259172229562,1.07943201044e-7,1.25167298748e-9],"max":[1.98097360134,17.2482471466,94.4366836548,205.517196655,197.163848877,139.957427979,276.375518799,322.611846924,782.323669434,557.087890625,501.18649292,710.737243652,452.042785645,810.924743652,988.057983398,655.505310059,1412.9309082,1157.10241699,1504.32910156,2865.56079102,2076.52514648,1121.39233398,689.320251465,914.535827637,1529.78161621,1189.99121094,1086.484375,535.664367676,842.335754395,736.408996582,431.616271973,339.114440918,196.557342529,135.211044312,62.0867729187,13.5253486633,2.36723351479,0.215986743569,0.0116953952238,0.000664100341965],"mean":[0.0427130460739,0.551758348942,2.63076734543,7.20910930634,10.015458107,8.99633789063,7.26809644699,9.40532016754,11.8797903061,14.2545394897,15.2784023285,15.0615282059,15.5102329254,15.5417156219,24.9847335815,21.6298103333,29.8102245331,27.1116008759,24.3734798431,28.2306613922,24.6042537689,23.5295066833,19.9556865692,17.8148479462,19.897315979,8.95603084564,5.56552314758,3.75492167473,3.26165866852,3.14308238029,2.15680289268,1.10981440544,0.785478949547,0.495103061199,0.255632787943,0.0890472829342,0.0157786235213,0.0013507893309,0.0000993146095425,0.000028478081731],"median":[0.0139406342059,0.284800589085,0.968178391457,2.38688993454,3.8951048851,4.40295314789,3.29642152786,2.70122265816,2.99877023697,3.89507317543,4.57160282135,3.84490561485,4.53563499451,4.70973968506,7.11149787903,7.67395591736,10.0447673798,9.07330513,6.42973804474,8.12792778015,6.83855628967,7.56852245331,5.92853355408,3.99791812897,4.43483734131,2.22158265114,1.29071617126,0.844315886497,0.885704636574,0.731889307499,0.472047716379,0.285145103931,0.181422591209,0.120802685618,0.0556758977473,0.0151600595564,0.00250740582123,0.000217700653593,0.0000263429828919,0.0000199592868739],"min":[8.58419617941e-13,4.38442294623e-12,2.71191315931e-11,1.32438074396e-10,1.68184688398e-10,3.04877401103e-10,3.54272639003e-10,4.81619522041e-10,6.7987931951e-10,1.46451151206e-9,2.21039742065e-9,3.78806630508e-9,4.83601692025e-9,4.59314852819e-9,4.33549951495e-9,4.01644362213e-9,4.01867872313e-9,3.61356433665e-9,2.96070323813e-9,2.67796740339e-9,2.56185717085e-9,2.27640994943e-9,1.95629934474e-9,1.60849200626e-9,1.46666490064e-9,1.40258449299e-9,1.21204779546e-9,1.11305265005e-9,9.98589988477e-10,7.16192716244e-10,5.58790236305e-10,3.10844405771e-10,3.14367060161e-10,2.42437181441e-10,1.35105357457e-10,7.16723486116e-11,3.92920418424e-11,9.95597354558e-12,8.16693674494e-12,8.84450585686e-12],"var":[0.0157142598182,1.54584336281,30.8073310852,201.92918396,250.199905396,165.487106323,190.411834717,555.235229492,1150.27416992,1076.4354248,1283.97521973,1518.22631836,1092.0604248,1572.39770508,3194.9074707,1759.14562988,5229.69628906,3142.91748047,4253.34033203,6441.20898438,5058.96923828,2595.31152344,1999.11291504,1801.90466309,2376.56445313,739.659729004,471.935333252,185.306838989,161.800247192,186.12210083,123.170036316,44.5432357788,28.2461948395,7.23247480392,1.59850561619,0.135054171085,0.00341800926253,0.0000221782374865,7.40579650937e-8,1.12167852784e-9]},"erbbands_crest":{"dmean":2.34448575974,"dmean2":3.8233191967,"dvar":5.41707038879,"dvar2":13.741558075,"max":34.5617218018,"mean":10.2558784485,"median":8.13654327393,"min":2.22672462463,"var":44.3613204956},"erbbands_flatness_db":{"dmean":0.0170523691922,"dmean2":0.0251852292567,"dvar":0.00031151890289,"dvar2":0.000696499017067,"max":0.768734753132,"mean":0.198807105422,"median":0.166895210743,"min":0.0364723019302,"var":0.0156133230776},"erbbands_kurtosis":{"dmean":2.80616903305,"dmean2":4.67006397247,"dvar":173.035598755,"dvar2":442.873748779,"max":516.212219238,"mean":5.93163204193,"median":-0.183032184839,"min":-1.87622010708,"var":1130.11340332},"erbbands_skewness":{"dmean":0.372530460358,"dmean2":0.585833489895,"dvar":0.256155639887,"dvar2":0.631536662579,"max":16.6660041809,"mean":0.16297930479,"median":0.00941029191017,"min":-10.0737123489,"var":2.08692479134},"erbbands_spread":{"dmean":6.4428653717,"dmean2":10.0326423645,"dvar":52.1018638611,"dvar2":120.732330322,"max":154.559585571,"mean":34.2085876465,"median":33.8562545776,"min":0.158226206899,"var":345.532165527},"gfcc":{"cov":[[24769.2265625,750.209411621,-901.774414063,1781.23339844,-1420.00549316,742.021728516,-1120.18249512,380.41506958,-1671.57177734,-421.150787354,-757.801269531,-468.612792969,-1270.53674316],[750.209411621,1602.25793457,99.9883651733,-219.248306274,-236.181503296,-234.417678833,151.493759155,-86.419708252,-78.8507537842,-99.7508773804,70.1779174805,-126.207901001,-12.3751993179],[-901.774414063,99.9883651733,1207.72021484,193.160690308,-172.906768799,-88.896774292,-87.2734146118,45.6227226257,-54.8440322876,47.7971343994,19.2044143677,60.077041626,-2.80242586136],[1781.23339844,-219.248306274,193.160690308,827.693115234,175.440795898,92.9165039063,-312.616241455,-49.9113922119,-140.446212769,-82.4187316895,-89.8239212036,-51.7825584412,-87.4435272217],[-1420.00549316,-236.181503296,-172.906768799,175.440795898,785.75378418,161.386505127,-36.8911743164,-121.523582458,147.518051147,-16.1745548248,-58.3218193054,-24.6826667786,92.4660873413],[742.021728516,-234.417678833,-88.896774292,92.9165039063,161.386505127,439.069244385,88.0695877075,-10.6288146973,-120.928520203,-51.0856170654,-62.0730476379,-38.0053520203,-61.0918731689],[-1120.18249512,151.493759155,-87.2734146118,-312.616241455,-36.8911743164,88.0695877075,466.002685547,74.8973312378,10.0358200073,-24.9727268219,27.0348701477,-8.4501657486,39.3161010742],[380.41506958,-86.419708252,45.6227226257,-49.9113922119,-121.523582458,-10.6288146973,74.8973312378,257.975524902,39.638961792,-23.6352291107,-36.4666061401,-4.24671649933,-49.2561264038],[-1671.57177734,-78.8507537842,-54.8440322876,-140.446212769,147.518051147,-120.928520203,10.0358200073,39.638961792,344.32220459,71.9541244507,25.9844532013,20.2014331818,101.274978638],[-421.150787354,-99.7508773804,47.7971343994,-82.4187316895,-16.1745548248,-51.0856170654,-24.9727268219,-23.6352291107,71.9541244507,159.25769043,44.7928199768,33.6472244263,20.0798301697],[-757.801269531,70.1779174805,19.2044143677,-89.8239212036,-58.3218193054,-62.0730476379,27.0348701477,-36.4666061401,25.9844532013,44.7928199768,181.482971191,55.5332717896,27.2327480316],[-468.612792969,-126.207901001,60.077041626,-51.7825584412,-24.6826667786,-38.0053520203,-8.4501657486,-4.24671649933,20.2014331818,33.6472244263,55.5332717896,137.58531189,61.0344429016],[-1270.53674316,-12.3751993179,-2.80242586136,-87.4435272217,92.4660873413,-61.0918731689,39.3161010742,-49.2561264038,101.274978638,20.0798301697,27.2327480316,61.0344429016,172.887695313]],"icov":[[0.00024756178027,-0.000340384169249,0.000417255389038,-0.000379531236831,0.000388646498322,-0.000420016585849,0.000577808532398,-0.000536032370292,0.000629848393146,-0.000463843723992,0.000769361387938,-0.000412031076849,0.000678543292452],[-0.000340384169249,0.00152122380678,-0.000769223144744,0.000826148490887,-0.000410913489759,0.00129268004093,-0.00111001532059,0.00138102751225,-0.00064504542388,0.0015456849942,-0.00148907082621,0.00185122480616,-0.000885391316842],[0.000417255389038,-0.000769223144744,0.00171509361826,-0.00108231010381,0.000838348991238,-0.000695210299455,0.000969229324255,-0.00126481428742,0.00119088974316,-0.00140233023558,0.00137843133416,-0.00125259638298,0.000907247886062],[-0.000379531236831,0.000826148490887,-0.00108231010381,0.00297281541862,-0.00120595307089,0.000624760868959,0.000518446438946,0.000830670120195,-0.000165033648955,0.00184950756375,-0.00116594170686,0.00142150837928,-0.000695755530614],[0.000388646498322,-0.000410913489759,0.000838348991238,-0.00120595307089,0.00289727840573,-0.00161380437203,0.000771300576162,0.000307025271468,-0.000535024038982,-0.000341399922036,0.00165549991652,-0.000355061347364,0.000240249137278],[-0.000420016585849,0.00129268004093,-0.000695210299455,0.000624760868959,-0.00161380437203,0.00471808481961,-0.00225508376025,0.00135788565967,0.000362480146578,0.00125822867267,-0.000902715139091,0.00116427778266,0.000113281421363],[0.000577808532398,-0.00111001532059,0.000969229324255,0.000518446438946,0.000771300576162,-0.00225508376025,0.00521349301562,-0.00274906330742,0.00200135237537,-0.000602147832979,0.0010328500066,-0.000108657048258,0.0000398006777687],[-0.000536032370292,0.00138102751225,-0.00126481428742,0.000830670120195,0.000307025271468,0.00135788565967,-0.00274906330742,0.00759307388216,-0.00362512818538,0.00290984194726,-0.000159114701091,0.0000388291227864,0.00146023661364],[0.000629848393146,-0.00064504542388,0.00119088974316,-0.000165033648955,-0.000535024038982,0.000362480146578,0.00200135237537,-0.00362512818538,0.00744483387098,-0.00305845285766,0.00125906418543,0.000557486258913,-0.000956317700911],[-0.000463843723992,0.0015456849942,-0.00140233023558,0.00184950756375,-0.000341399922036,0.00125822867267,-0.000602147832979,0.00290984194726,-0.00305845285766,0.0101300003007,-0.00270728673786,0.000521084235515,0.0000653090974083],[0.000769361387938,-0.00148907082621,0.00137843133416,-0.00116594170686,0.00165549991652,-0.000902715139091,0.0010328500066,-0.000159114701091,0.00125906418543,-0.00270728673786,0.0100539624691,-0.0046494146809,0.00313000637107],[-0.000412031076849,0.00185122480616,-0.00125259638298,0.00142150837928,-0.000355061347364,0.00116427778266,-0.000108657048258,0.0000388291227864,0.000557486258913,0.000521084235515,-0.0046494146809,0.0131652550772,-0.0058621680364],[0.000678543292452,-0.000885391316842,0.000907247886062,-0.000695755530614,0.000240249137278,0.000113281421363,0.0000398006777687,0.00146023661364,-0.000956317700911,0.0000653090974083,0.00313000637107,-0.0058621680364,0.0128176966682]],"mean":[-71.5411148071,98.7132873535,-126.810844421,30.8892040253,-46.0158500671,12.7104692459,-38.5203971863,4.7538151741,-24.6949558258,-1.63659262657,-14.3079156876,-2.80577135086,-10.156003952]},"hfc":{"dmean":4.79559135437,"dmean2":6.89453697205,"dvar":95.2102661133,"dvar2":189.313720703,"max":444.413299561,"mean":15.2101736069,"median":9.14963150024,"min":1.65626889981e-8,"var":400.257324219},"melbands":{"dmean":[0.000363455183106,0.000784035073593,0.000851428252645,0.000386375992093,0.000156799360411,0.0000975026923697,0.0000897907739272,0.0000775568696554,0.0000586860078329,0.000049277627113,0.00004261257709,0.0000357697899744,0.0000420405740442,0.0000485879500047,0.0000315431425406,0.0000407096049457,0.0000281488282781,0.0000250851298915,0.0000227531072596,0.0000202447972697,0.0000157554259204,0.0000115583079605,0.0000124601083371,0.000006845680673,0.00000668054508424,0.00000875346358953,0.00000459440707345,0.00000325006908497,0.00000212428994928,0.0000014382316067,0.00000118320042475,9.83862491921e-7,9.13129554192e-7,8.85902522896e-7,6.59258262203e-7,4.56829781115e-7,2.97424037399e-7,2.8782079653e-7,2.47066935799e-7,2.19104506982e-7],"dmean2":[0.000577183149289,0.00133260164876,0.00145971728489,0.000633538584225,0.000250674202107,0.000150391992065,0.000140538511914,0.000119365256978,0.0000901086095837,0.0000759720205679,0.0000662402453599,0.0000562205277674,0.0000677268471918,0.0000778400135459,0.0000492492945341,0.0000649841313134,0.0000463919604954,0.0000404614584113,0.0000359191035386,0.0000328585992975,0.0000252683130384,0.0000180332845048,0.000019524117306,0.0000105955086838,0.0000101447949419,0.0000134468746182,0.00000710841868568,0.00000519296418133,0.00000333133107233,0.00000220046990762,0.0000018262451249,0.00000147550179008,0.00000137647680276,0.00000131045908347,9.57251472755e-7,6.82121992668e-7,4.28532729302e-7,4.10549603203e-7,3.66389372175e-7,3.22053324453e-7],"dvar":[0.00000161744321758,0.0000070570195021,0.00000652326389172,6.0863425233e-7,8.90129570053e-8,5.10017272859e-8,7.07281770929e-8,3.29653353504e-8,2.15613287224e-8,1.63959956723e-8,1.06367643582e-8,1.03000790119e-8,1.26821255719e-8,1.49283039264e-8,7.71765495955e-9,1.1440550729e-8,5.68023583725e-9,5.98181593148e-9,4.68882666027e-9,6.09135453189e-9,2.76089417994e-9,7.40970729218e-10,1.16260479022e-9,3.98600208396e-10,4.48483722382e-10,6.62117638495e-10,3.63069518894e-10,2.3657464876e-10,1.44137771163e-10,4.3685902118e-11,2.3773696553e-11,2.1355263044e-11,5.10232550655e-11,2.38572286926e-11,1.43678437203e-11,1.67486389341e-11,3.31156955156e-12,4.10823848898e-12,3.19223727313e-12,2.57502569614e-12],"dvar2":[0.00000373187685909,0.0000191753279069,0.0000185058906936,0.00000159805324529,2.3056040277e-7,1.16156442687e-7,1.8018866399e-7,7.47619779418e-8,5.06359150165e-8,3.60977239211e-8,2.41462423389e-8,2.28293579596e-8,3.20508277696e-8,3.9138377872e-8,1.82907609059e-8,2.86028196683e-8,1.479811651e-8,1.53271404457e-8,1.14389848704e-8,1.79114181265e-8,7.24866699997e-9,1.60204149946e-9,2.66845101571e-9,8.46254122333e-10,1.02229635868e-9,1.53166601624e-9,9.27024734754e-10,6.39620634235e-10,3.82619741446e-10,9.50095002672e-11,5.24098021926e-11,4.21261428518e-11,1.29469990284e-10,4.76888598056e-11,2.56428853845e-11,4.5659212522e-11,5.97278389941e-12,6.8621163439e-12,6.42502414119e-12,5.49424004556e-12],"max":[0.017540935427,0.0384716019034,0.0337524451315,0.0117843095213,0.00970421917737,0.00620576739311,0.0110261309892,0.00580924050882,0.00394631968811,0.00454013189301,0.00220353342593,0.00303874677047,0.00433488609269,0.00296130217612,0.00306692835875,0.00277254241519,0.00227740989067,0.00325057748705,0.00236123194918,0.00335846166126,0.00206603738479,0.00149063498247,0.00121192180086,0.000815690902527,0.00081458024215,0.000844134017825,0.001336086425,0.000799883564468,0.000680063967593,0.000473034218885,0.00027747877175,0.000403920712415,0.000621079001576,0.000330928771291,0.000235001702094,0.000294530007523,0.000153385975864,0.00016419129679,0.000110215944005,0.000135272406624],"mean":[0.000492761319038,0.00120048096869,0.0013494763989,0.000691640540026,0.00028559655766,0.000202044582693,0.000181464187335,0.000162432828802,0.000119574615383,0.0000965662256931,0.0000791799029685,0.0000640012513031,0.0000726456419216,0.0000829693599371,0.0000527171505382,0.0000677919742884,0.000046568315156,0.0000383661717933,0.0000386266765418,0.0000345879961969,0.0000264758145931,0.0000231153026107,0.0000242885689659,0.0000138555524245,0.0000138398572744,0.0000180801962415,0.00000870264557307,0.00000544081740372,0.00000375809690922,0.00000253075768342,0.00000207130710805,0.00000188549950053,0.00000171520366621,0.00000175534751179,0.00000132591856072,8.67847234076e-7,5.98854626332e-7,5.58483918667e-7,4.79215884752e-7,4.02559351187e-7],"median":[0.000216866756091,0.000524118193425,0.000556848710403,0.000353980693035,0.000132863875479,0.0000592278083786,0.0000456054476672,0.0000433323148172,0.0000328027781507,0.0000224470950343,0.0000219991998165,0.0000179328362719,0.0000193786181626,0.0000231500016525,0.0000136879934871,0.0000223336446652,0.0000134843821797,0.00000872660984896,0.00000938034099818,0.0000088727902039,0.00000710376480129,0.00000635737433186,0.00000680064704284,0.00000355642805516,0.00000270020382231,0.00000362372861673,0.00000205545347853,0.0000010502793657,7.47928083911e-7,5.54881182779e-7,4.38958494442e-7,4.84713837068e-7,4.37182080759e-7,3.61642463531e-7,2.62336754986e-7,1.89018720675e-7,1.48939037103e-7,1.1702073266e-7,1.04084136865e-7,9.26819438973e-8],"min":[1.1129577552e-14,1.70849493136e-14,2.49675310944e-14,3.17310807079e-14,1.14900874798e-14,1.05343581826e-14,1.1379029602e-14,1.66526118388e-14,1.71049765606e-14,2.17722365202e-14,2.18291977918e-14,1.85406110088e-14,1.26761258825e-14,1.1336199381e-14,9.89132549738e-15,8.18069079139e-15,6.520152155e-15,4.78212228592e-15,3.97097770112e-15,3.27250141556e-15,2.95266897446e-15,2.44998986037e-15,1.92087802438e-15,1.62509242513e-15,1.26155446038e-15,1.08133433068e-15,1.01691705153e-15,9.17983285653e-16,7.74807453694e-16,6.88862302788e-16,6.19964960496e-16,5.80244038649e-16,4.76792569608e-16,3.70881846285e-16,3.38228196773e-16,2.43676052923e-16,1.70371995252e-16,2.18484591622e-16,2.31963148979e-16,1.93502095997e-16],"var":[0.00000158173941145,0.00000596673453401,0.00000577085620534,9.19334070204e-7,2.23717677272e-7,2.31722211197e-7,2.46975446316e-7,1.38617608059e-7,8.34897875279e-8,6.60879493353e-8,3.02164906429e-8,2.89304242784e-8,3.08805425675e-8,3.5850778346e-8,1.73890200017e-8,2.44977940156e-8,1.11853237783e-8,1.2485259937e-8,1.28495480922e-8,1.41210581006e-8,5.46242029387e-9,3.25873594775e-9,3.30256688663e-9,1.47777634574e-9,1.32142052855e-9,1.84006276882e-9,7.23962390037e-10,3.77344488989e-10,2.40792330519e-10,1.0290445579e-10,5.6223921352e-11,4.80784440038e-11,6.26746016197e-11,6.25898430306e-11,4.85682084828e-11,2.89999725622e-11,1.20204098411e-11,1.510151032e-11,9.32083490252e-12,4.91181097531e-12]},"melbands_crest":{"dmean":2.40036988258,"dmean2":3.90490078926,"dvar":5.97788381577,"dvar2":15.1607484818,"max":39.9913597107,"mean":14.3904266357,"median":13.2437820435,"min":1.80116295815,"var":41.5206031799},"melbands_flatness_db":{"dmean":0.0239541847259,"dmean2":0.0364645346999,"dvar":0.000807797012385,"dvar2":0.00184828659985,"max":0.821256101131,"mean":0.238384202123,"median":0.197308003902,"min":0.00445891683921,"var":0.018906539306},"melbands_kurtosis":{"dmean":13.8223457336,"dmean2":20.4656467438,"dvar":63006.7773438,"dvar2":98567.2109375,"max":24198.265625,"mean":30.9993190765,"median":6.53008460999,"min":-1.85645735264,"var":80785.0390625},"melbands_skewness":{"dmean":0.737125992775,"dmean2":1.13701713085,"dvar":2.84160351753,"dvar2":5.17338323593,"max":149.696411133,"mean":2.04111075401,"median":2.0695438385,"min":-20.7625846863,"var":18.6307659149},"melbands_spread":{"dmean":6.01806211472,"dmean2":9.30977344513,"dvar":71.5130462646,"dvar2":148.210891724,"max":230.92010498,"mean":23.1764335632,"median":20.7615013123,"min":0.0340036228299,"var":349.874450684},"mfcc":{"cov":[[20091.5371094,1592.66564941,-581.672851563,770.297790527,-279.343566895,-265.799530029,-23.4925365448,60.4383735657,-962.79876709,-512.188415527,-39.1019134521,-488.723693848,-737.179016113],[1592.66564941,1636.99621582,-264.120544434,5.43818283081,-132.791320801,-99.4485702515,61.4484329224,-39.5797309875,-113.218910217,-98.8699874878,-3.37383460999,-48.363483429,-144.537109375],[-581.672851563,-264.120544434,778.378112793,161.957092285,42.639831543,-40.5369873047,-8.82448196411,28.7952766418,0.257878690958,-21.7867527008,0.753769278526,55.5429000854,10.8475112915],[770.297790527,5.43818283081,161.957092285,447.636169434,161.805587769,-13.1772623062,-49.8795433044,-39.5633735657,-52.2320976257,-34.2752494812,-56.7973594666,-36.5189857483,-4.65415906906],[-279.343566895,-132.791320801,42.639831543,161.805587769,428.359313965,170.621307373,-50.4071922302,-42.2550849915,23.6726398468,24.763666153,-58.9910545349,-33.0057945251,40.2896614075],[-265.799530029,-99.4485702515,-40.5369873047,-13.1772623062,170.621307373,362.585723877,118.532318115,-25.490026474,23.6145267487,-1.4729360342,-30.1346855164,-3.13319802284,-19.7521781921],[-23.4925365448,61.4484329224,-8.82448196411,-49.8795433044,-50.4071922302,118.532318115,302.033050537,107.87538147,-27.388261795,-48.426525116,9.27884674072,3.60251808167,-65.0520172119],[60.4383735657,-39.5797309875,28.7952766418,-39.5633735657,-42.2550849915,-25.490026474,107.87538147,253.805404663,73.5461959839,-4.0430226326,-2.89155554771,-24.7751674652,-12.7373256683],[-962.79876709,-113.218910217,0.257878690958,-52.2320976257,23.6726398468,23.6145267487,-27.388261795,73.5461959839,308.415557861,117.908103943,-43.9611091614,-16.3296298981,38.9243164063],[-512.188415527,-98.8699874878,-21.7867527008,-34.2752494812,24.763666153,-1.4729360342,-48.426525116,-4.0430226326,117.908103943,186.624221802,62.8087120056,2.68550610542,-6.9588227272],[-39.1019134521,-3.37383460999,0.753769278526,-56.7973594666,-58.9910545349,-30.1346855164,9.27884674072,-2.89155554771,-43.9611091614,62.8087120056,185.631500244,52.5750923157,-28.7903289795],[-488.723693848,-48.363483429,55.5429000854,-36.5189857483,-33.0057945251,-3.13319802284,3.60251808167,-24.7751674652,-16.3296298981,2.68550610542,52.5750923157,144.658370972,58.4997138977],[-737.179016113,-144.537109375,10.8475112915,-4.65415906906,40.2896614075,-19.7521781921,-65.0520172119,-12.7373256683,38.9243164063,-6.9588227272,-28.7903289795,58.4997138977,196.116729736]],"icov":[[0.0000869306240929,-0.0000312024858431,0.0000780488044256,-0.000162946875207,0.0000957020893111,-0.0000527455995325,0.000166280311532,-0.000158240596647,0.000222225920879,0.0000946944055613,-9.87092107607e-7,0.000129920576001,0.000235841143876],[-0.0000312024858431,0.000776908593252,0.000265933282208,-0.0000302499174722,-0.0000122915462271,0.000366906111594,-0.000250265089562,0.000305643654428,-0.000174506771145,0.000429959472967,-0.00000484617248731,-0.000120321616123,0.000501251895912],[0.0000780488044256,0.000265933282208,0.00169106665999,-0.000778708781581,-0.0000359864861821,0.000276545411907,0.000124508704175,-0.000341419945471,-0.0000647643610137,0.000537996354979,-0.000051204871852,-0.000841784465592,0.000707246013917],[-0.000162946875207,-0.0000302499174722,-0.000778708781581,0.00350857782178,-0.00154366029892,0.000825603259727,-0.000313967058901,0.000618160818703,0.000111534100142,-0.0000705849670339,0.000664576888084,0.0002456017246,-0.000172514599399],[0.0000957020893111,-0.0000122915462271,-0.0000359864861821,-0.00154366029892,0.00436510937288,-0.0025937363971,0.00141210167203,-0.00057281262707,0.00077087408863,-0.000993221998215,0.000548182462808,0.00098452961538,-0.000812208105344],[-0.0000527455995325,0.000366906111594,0.000276545411907,0.000825603259727,-0.0025937363971,0.00534018781036,-0.00298611889593,0.00183989293873,-0.00106329866685,0.00048072298523,0.00033102024463,-0.000583107001148,0.000726760190446],[0.000166280311532,-0.000250265089562,0.000124508704175,-0.000313967058901,0.00141210167203,-0.00298611889593,0.00659866770729,-0.00331744342111,0.00118594383821,0.00106563931331,-0.0000801427449915,-0.000713602174073,0.00181224453263],[-0.000158240596647,0.000305643654428,-0.000341419945471,0.000618160818703,-0.00057281262707,0.00183989293873,-0.00331744342111,0.00651177670807,-0.00261287903413,0.00107957876753,-0.000887654547114,0.00123288901523,-0.000651652982924],[0.000222225920879,-0.000174506771145,-0.0000647643610137,0.000111534100142,0.00077087408863,-0.00106329866685,0.00118594383821,-0.00261287903413,0.00704844621941,-0.00487836776301,0.00318033085205,0.000372025853721,-0.000544975628145],[0.0000946944055613,0.000429959472967,0.000537996354979,-0.0000705849670339,-0.000993221998215,0.00048072298523,0.00106563931331,0.00107957876753,-0.00487836776301,0.0111859207973,-0.00509450770915,0.000559780979529,0.00176772591658],[-9.87092107607e-7,-0.00000484617248731,-0.000051204871852,0.000664576888084,0.000548182462808,0.00033102024463,-0.0000801427449915,-0.000887654547114,0.00318033085205,-0.00509450770915,0.0094746965915,-0.00340902875178,0.00144360819831],[0.000129920576001,-0.000120321616123,-0.000841784465592,0.0002456017246,0.00098452961538,-0.000583107001148,-0.000713602174073,0.00123288901523,0.000372025853721,0.000559780979529,-0.00340902875178,0.0109379859641,-0.00378267047927],[0.000235841143876,0.000501251895912,0.000707246013917,-0.000172514599399,-0.000812208105344,0.000726760190446,0.00181224453263,-0.000651652982924,-0.000544975628145,0.00176772591658,0.00144360819831,-0.00378267047927,0.0086217103526]],"mean":[-705.82635498,122.602561951,-10.7439212799,21.6067657471,10.7043294907,7.59857749939,2.23649191856,4.34271192551,-2.29041576385,-0.454997420311,-0.801243782043,-2.80349516869,0.810053944588]},"pitch_salience":{"dmean":0.056733161211,"dmean2":0.0926131606102,"dvar":0.00276734353974,"dvar2":0.00722269108519,"max":0.876394450665,"mean":0.543431341648,"median":0.56983011961,"min":0.00199137139134,"var":0.0213581938297},"silence_rate_20dB":{"dmean":0,"dmean2":0,"dvar":0,"dvar2":0,"max":1,"mean":1,"median":1,"min":1,"var":0},"silence_rate_30dB":{"dmean":0.0067529543303,"dmean2":0.0135069945827,"dvar":0.00670749507844,"dvar2":0.0189530234784,"max":1,"mean":0.996061086655,"median":1,"min":0,"var":0.00392323778942},"silence_rate_60dB":{"dmean":0.0231529865414,"dmean2":0.0463096946478,"dvar":0.022618342191,"dvar2":0.0502697341144,"max":1,"mean":0.168247595429,"median":0,"min":0,"var":0.139949113131},"spectral_centroid":{"dmean":213.876052856,"dmean2":328.497436523,"dvar":71033.2578125,"dvar2":146294.703125,"max":11425.3818359,"mean":1332.98632813,"median":1252.95117188,"min":177.81980896,"var":428295.1875},"spectral_complexity":{"dmean":2.88865661621,"dmean2":4.29329490662,"dvar":14.7588996887,"dvar2":27.3907489777,"max":55,"mean":15.446141243,"median":15,"min":0,"var":107.594360352},"spectral_contrast_coeffs":{"dmean":[0.0429912656546,0.0419067814946,0.0355353094637,0.0307439099997,0.0220080986619,0.0163628626615],"dmean2":[0.0701808482409,0.0685978233814,0.0577313192189,0.0494555085897,0.035122603178,0.0259894058108],"dvar":[0.00158754491713,0.00122525868937,0.000887071131729,0.000659021316096,0.000395178125473,0.000242354522925],"dvar2":[0.00426561571658,0.00312491971999,0.00228623300791,0.00165877642576,0.000898509053513,0.000579842366278],"max":[-0.279243350029,-0.270178824663,-0.28995859623,-0.242196425796,-0.522384166718,-0.598213851452],"mean":[-0.636219739914,-0.734028577805,-0.75973123312,-0.757394313812,-0.772918999195,-0.775925636292],"median":[-0.622637867928,-0.74799323082,-0.770503103733,-0.770073056221,-0.7781457901,-0.773792743683],"min":[-0.957773029804,-0.966325163841,-0.970398724079,-0.959661006927,-0.955411612988,-0.962822854519],"var":[0.0105342641473,0.0102307088673,0.00773083046079,0.00764769641683,0.00367900589481,0.00190213683527]},"spectral_contrast_valleys":{"dmean":[0.376688152552,0.339581608772,0.321887820959,0.297065883875,0.252022951841,0.25679859519],"dmean2":[0.603223800659,0.5489128232,0.507893979549,0.455434381962,0.368650138378,0.344977647066],"dvar":[0.177890583873,0.103452682495,0.101089276373,0.110305838287,0.101164288819,0.120407126844],"dvar2":[0.367633879185,0.231731668115,0.217524960637,0.222824335098,0.18827624619,0.205157861114],"max":[-5.11267185211,-4.82839632034,-5.11642313004,-5.16074323654,-5.46125364304,-6.98545503616],"mean":[-8.01270771027,-7.60814142227,-8.05797958374,-8.28212833405,-8.32912826538,-11.0091581345],"median":[-7.35984897614,-7.13433265686,-7.64790821075,-7.86539936066,-7.84199714661,-10.4541931152],"min":[-27.4117355347,-27.22397995,-27.1024360657,-27.2383785248,-27.2919826508,-27.2008075714],"var":[3.17343878746,3.02413010597,2.75814247131,2.80478715897,2.83680605888,2.72235321999]},"spectral_decrease":{"dmean":1.85203608005e-9,"dmean2":2.90644375234e-9,"dvar":1.74434226301e-17,"dvar2":4.35880871639e-17,"max":1.2820648338e-15,"mean":-4.76951589334e-9,"median":-3.47278650281e-9,"min":-4.99288148603e-8,"var":2.66853527955e-17},"spectral_energy":{"dmean":0.00733126932755,"dmean2":0.0114420149475,"dvar":0.000260090775555,"dvar2":0.000646787346341,"max":0.191852971911,"mean":0.0193808954209,"median":0.0142324315384,"min":8.52794484335e-12,"var":0.000422905373853},"spectral_energyband_high":{"dmean":0.00019017267914,"dmean2":0.000257053761743,"dvar":8.01209864676e-7,"dvar2":0.0000012846340951,"max":0.0568276792765,"mean":0.000477529887576,"median":0.000141398282722,"min":3.45604241839e-13,"var":0.00000321326092489},"spectral_energyband_low":{"dmean":0.00399443600327,"dmean2":0.00650254543871,"dvar":0.000163540273206,"dvar2":0.000419128336944,"max":0.168093919754,"mean":0.00648266170174,"median":0.00296436995268,"min":1.74975187334e-13,"var":0.000157860806212},"spectral_energyband_middle_high":{"dmean":0.00183407776058,"dmean2":0.00279510975815,"dvar":0.0000119096812341,"dvar2":0.0000287411658064,"max":0.0729379951954,"mean":0.00491664232686,"median":0.00261524342932,"min":7.02651912349e-13,"var":0.0000377630203729},"spectral_energyband_middle_low":{"dmean":0.00378053821623,"dmean2":0.00613411003724,"dvar":0.0000554551188543,"dvar2":0.000149212923134,"max":0.106582969427,"mean":0.00892926193774,"median":0.0062087001279,"min":1.55898753108e-12,"var":0.0000953733469942},"spectral_entropy":{"dmean":0.155103474855,"dmean2":0.233108580112,"dvar":0.0307665467262,"dvar2":0.068135894835,"max":9.81424999237,"mean":7.16373729706,"median":7.45555019379,"min":2.36843132973,"var":1.26757872105},"spectral_flux":{"dmean":0.021241100505,"dmean2":0.0322743952274,"dvar":0.0010674437508,"dvar2":0.00218639126979,"max":0.408898442984,"mean":0.0635991171002,"median":0.0504677817225,"min":0.0000375558884116,"var":0.00275516486727},"spectral_kurtosis":{"dmean":4.12336158752,"dmean2":7.07189369202,"dvar":142.69732666,"dvar2":422.069702148,"max":322.627075195,"mean":13.3762044907,"median":4.95629310608,"min":-1.24021697044,"var":947.962158203},"spectral_rms":{"dmean":0.000675028306432,"dmean2":0.00101655605249,"dvar":0.00000120210302157,"dvar2":0.00000276550053968,"max":0.0136811416596,"mean":0.0038156635128,"median":0.00372629845515,"min":9.1213742337e-8,"var":0.00000434891808254},"spectral_rolloff":{"dmean":339.55166626,"dmean2":560.669921875,"dvar":368825.8125,"dvar2":748022.0625,"max":21339.4042969,"mean":1420.53466797,"median":1291.9921875,"min":21.533203125,"var":1990363.5},"spectral_skewness":{"dmean":0.292327135801,"dmean2":0.482041865587,"dvar":0.217929244041,"dvar2":0.618029952049,"max":15.5718545914,"mean":2.17795848846,"median":1.64843833447,"min":-0.0311220400035,"var":3.98027563095},"spectral_spread":{"dmean":427922.0625,"dmean2":633958.1875,"dvar":355362570240,"dvar2":648852013056,"max":41326652,"mean":3860430.5,"median":3787722,"min":306391.46875,"var":2495049891840},"spectral_strongpeak":{"dmean":0.429657697678,"dmean2":0.726800322533,"dvar":0.757942736149,"dvar2":1.9831455946,"max":15.653055191,"mean":0.900021016598,"median":0.483624398708,"min":0,"var":1.6684525013},"zerocrossingrate":{"dmean":0.00709430780262,"dmean2":0.00839649047703,"dvar":0.000104740815004,"dvar2":0.000123457968584,"max":0.8720703125,"mean":0.0559275150299,"median":0.05224609375,"min":0,"var":0.00211435323581}},"metadata":{"audio_properties":{"analysis_sample_rate":44100,"bit_rate":0,"codec":"flac","downmix":"mix","equal_loudness":0,"length":288.813323975,"lossless":true,"md5_encoded":"c3503b7537e0d0b4ac2e05825ca23470","replay_gain":-8.29301261902,"sample_rate":44100},"tags":{"acoustid_id":["c5e9b60b-c85c-4dd1-bcf0-da169c2b125c"],"album":["The Columbia Masters"],"albumartist":["Earth, Wind & Fire"],"albumartistsort":["Earth, Wind & Fire"],"arranger":["Earth, Wind & Fire"],"artist":["Earth, Wind & Fire"],"artistsort":["Earth, Wind & Fire"],"asin":["B005L12SH6"],"barcode":["886978946928"],"catalognumber":["88697894692"],"date":["2012"],"discnumber":["2"],"discsubtitle":["Head to the Sky"],"disctotal":["16"],"file_name":"204. Earth, Wind & Fire ~ The World's a Masquerade.flac","genre":["Soul"],"grouping":["R&B"],"label":["Legacy"],"language":["eng"],"media":["CD"],"mood":["Funky"],"musicbrainz_albumartistid":["535afeda-2538-435d-9dd1-5e10be586774"],"musicbrainz_albumid":["728bbd58-e625-4d6a-8544-28c829c363c2"],"musicbrainz_artistid":["535afeda-2538-435d-9dd1-5e10be586774"],"musicbrainz_recordingid":["a7686fc5-7e2b-4d00-ae58-10cdbc679573"],"musicbrainz_releasegroupid":["93ded9dc-3e27-40a1-83e5-92e36a48f808"],"musicbrainz_releasetrackid":["473bc37b-de72-4f18-8e96-57709fed8a19"],"musicbrainz_workid":["b6d42e02-38b6-4845-8a70-633482205f3d"],"originaldate":["2012-06-12"],"originalyear":["2012"],"producer":["Joe Wissert"],"releasestatus":["official"],"releasetype":["album","compilation"],"script":["Latn"],"title":["The World's a Masquerade"],"totaldiscs":["16"],"totaltracks":["6"],"tracknumber":["4"],"tracktotal":["6"],"website":["http://www.earthwindandfire.com/"],"work":["The World's a Masquerade"],"writer":["Skip Scarborough"]},"version":{"essentia":"2.1-beta2","essentia_build_sha":"2d9f1