{"lowlevel":{"average_loudness":0.426679670811,"barkbands":{"dmean":[0.0000132032891997,0.00272839446552,0.00201887520961,0.00213567679748,0.00390067906119,0.000662436301354,0.000403842306696,0.00035003197263,0.000236980777117,0.000361316167982,0.000236262916587,0.000109079352114,0.000104460705188,0.00012565360521,0.000124129743199,0.000104476312117,0.000166317171534,0.000134052737849,0.000145652651554,0.000125641425257,0.000129274398205,0.000113513466204,0.000069615249231,0.0000444107099611,0.0000338801874022,0.000023111648261,6.0660664758e-7],"dmean2":[0.0000227217315114,0.00492514902726,0.00367873464711,0.00350182666443,0.00663039367646,0.00100842048414,0.000622356252279,0.00055791932391,0.000371296831872,0.000569224124774,0.000379966513719,0.000175796245458,0.000170226237969,0.00020014027541,0.000206528027775,0.000162348660524,0.000260112690739,0.0002154383983,0.000232460253756,0.000204373267479,0.00020354570006,0.000167739446624,0.0000996379603748,0.0000616374454694,0.0000457952883153,0.0000314128883474,0.0000010024571111],"dvar":[1.76064585133e-9,0.0000858722560224,0.0000371506903321,0.0000492178842251,0.000178519432666,0.00000167115729255,9.17689078506e-7,8.2019630554e-7,3.39459859333e-7,0.00000123717381939,3.37220456004e-7,5.76723486745e-8,7.24096054228e-8,9.08520547682e-8,8.05302136087e-8,6.97910920167e-8,1.03069730528e-7,7.84051934488e-8,1.45183690847e-7,2.087290909e-7,2.89278489163e-7,1.39869797522e-7,4.02266309152e-8,1.2938355276e-8,7.10132530557e-9,3.18321613513e-9,3.119130388e-12],"dvar2":[4.72109729088e-9,0.000235673491261,0.000103508093162,0.000126144906972,0.000471499719424,0.00000388419539377,0.00000224885070566,0.00000193983896679,8.38017115257e-7,0.00000310729274133,8.73856606631e-7,1.42647806456e-7,1.80222770041e-7,2.16485844362e-7,2.15774079493e-7,1.59126429367e-7,2.48471451414e-7,1.98620242031e-7,3.80176004455e-7,5.72109570385e-7,7.78513253863e-7,3.32117139124e-7,8.92604816727e-8,2.85290955304e-8,1.39752298622e-8,6.3008469553e-9,7.79993517691e-12],"max":[0.00145327812061,0.100592128932,0.098202496767,0.117460861802,0.188669100404,0.0320281125605,0.0290172919631,0.0383506678045,0.011795733124,0.0437850654125,0.0159807279706,0.00591722223908,0.00759752234444,0.00703873578459,0.00816226191819,0.0071132411249,0.00770051358268,0.00678078643978,0.0119043663144,0.00992416683584,0.0168415941298,0.0130101637915,0.00581296579912,0.0037130669225,0.00287262047641,0.0027288896963,0.0000456092238892],"mean":[0.0000114159365694,0.0020207343623,0.00182234449312,0.00237235613167,0.00403305562213,0.00121127499733,0.000735134002753,0.000544373062439,0.000379796925699,0.000586841139011,0.000417250703322,0.00019819199224,0.000175707158633,0.000224724339205,0.000222022514208,0.000202703959076,0.000331213494064,0.00025798365823,0.000281931163045,0.000208691548323,0.000211313614273,0.000195507120225,0.000125220947666,0.0000802841896075,0.0000566551279917,0.0000335965705744,5.59579120818e-7],"median":[0.00000256818520938,0.000272022210993,0.000485634111101,0.000747919722926,0.00140575668775,0.000471553881653,0.000239585628151,0.000161451011081,0.000127084073029,0.000122985977214,0.000115283481136,0.0000753006825107,0.0000536196166649,0.0000613859592704,0.0000510403187945,0.0000528936398041,0.000124650832731,0.000103997408587,0.000133349793032,0.0000722770200809,0.000050819835451,0.0000352620481863,0.0000192583975149,0.0000151288604684,0.0000113220521598,0.00000523840753885,6.38926334062e-9],"min":[8.53308967633e-25,2.93813886834e-24,6.69435351387e-25,9.9095918053e-25,5.2245496502e-24,1.12310261183e-23,7.16118936745e-24,1.16145994782e-23,1.8819592714e-23,1.58009217969e-23,1.59205699081e-23,3.06206773325e-23,3.95548931156e-23,2.69151988678e-23,5.77144269776e-23,6.40410409504e-23,8.96645999927e-23,7.48909013122e-23,1.14123194494e-22,1.46530218947e-22,2.0849892861e-22,3.2826976134e-22,4.17527795044e-22,5.43756091683e-22,8.18479868043e-22,1.33389295733e-21,1.86545141664e-21],"var":[1.44261769197e-9,0.0000554040598217,0.000025589213692,0.0000413319794461,0.000135398207931,0.00000393309210267,0.0000020447953375,0.00000178519314886,6.09681592323e-7,0.00000233284526985,7.31359705242e-7,1.18634048363e-7,1.40362175216e-7,2.22564011665e-7,1.90443358861e-7,2.26741718734e-7,3.06565482333e-7,1.6589045515e-7,2.41240172727e-7,2.13507533431e-7,3.4550566852e-7,2.88054849307e-7,1.06310864112e-7,3.20548139143e-8,1.54295136667e-8,6.76353240081e-9,3.64454647017e-12]},"barkbands_crest":{"dmean":2.65485596657,"dmean2":4.37982368469,"dvar":7.09940004349,"dvar2":18.4217510223,"max":25.042016983,"mean":9.18893051147,"median":8.48681735992,"min":2.15781879425,"var":14.9055252075},"barkbands_flatness_db":{"dmean":0.0257867388427,"dmean2":0.0397154763341,"dvar":0.000744292745367,"dvar2":0.0019066974055,"max":0.477856725454,"mean":0.134178206325,"median":0.122707530856,"min":0.0270608086139,"var":0.00330227287486},"barkbands_kurtosis":{"dmean":4.99305868149,"dmean2":8.42852115631,"dvar":134.536682129,"dvar2":359.965240479,"max":236.57901001,"mean":5.54733467102,"median":1.32465934753,"min":-1.90998017788,"var":174.162322998},"barkbands_skewness":{"dmean":0.754036784172,"dmean2":1.18138599396,"dvar":1.03004801273,"dvar2":2.56390237808,"max":11.9432086945,"mean":1.70561790466,"median":1.38532745838,"min":-2.94988107681,"var":2.17600560188},"barkbands_spread":{"dmean":7.02048921585,"dmean2":10.8184289932,"dvar":70.7502975464,"dvar2":162.966003418,"max":144.675582886,"mean":25.0475292206,"median":23.0897598267,"min":0.412999778986,"var":217.969024658},"dissonance":{"dmean":0.0150886802003,"dmean2":0.0246765892953,"dvar":0.000243492031586,"dvar2":0.00060817861231,"max":0.500000119209,"mean":0.465590238571,"median":0.47140955925,"min":0.230707973242,"var":0.000604431319516},"dynamic_complexity":5.28527021408,"erbbands":{"dmean":[0.0349270664155,0.759413540363,2.43987131119,4.06310033798,17.4966964722,7.56417798996,4.74721956253,5.82949972153,5.82568454742,6.05719995499,6.91562509537,5.42341709137,6.07461833954,13.0010910034,8.13726043701,4.75638628006,4.91943836212,6.41974449158,6.70313978195,4.47109889984,5.73446464539,8.3245306015,7.70704555511,5.75492238998,7.56619024277,6.12488746643,5.82926797867,4.77335166931,4.07727050781,3.07064032555,1.88932180405,1.11527228355,0.664331018925,0.417887866497,0.220872819424,0.118719294667,0.0402670837939,0.00517095951363,0.000106023508124,0.0000152103657456],"dmean2":[0.0627008378506,1.37085020542,4.42245197296,6.89940023422,29.2447605133,12.8950767517,7.40918684006,8.92731952667,9.03991794586,9.47400760651,10.8910226822,8.5606842041,9.34951877594,20.5190448761,13.0682439804,7.62865400314,7.92363119125,10.2405023575,11.1527795792,7.17261362076,8.75806522369,12.8192195892,12.3377504349,9.14046764374,12.1313943863,9.99042797089,9.27714061737,7.3974313736,6.12795734406,4.40674161911,2.73113942146,1.57742512226,0.929057776928,0.57635807991,0.302509397268,0.162373334169,0.0559000894427,0.00743895117193,0.000151755390107,0.0000233342179854],"dvar":[0.0136824119836,6.58756351471,57.0987014771,128.742614746,4056.38671875,450.011230469,84.2235641479,150.458755493,184.703384399,245.130371094,396.568908691,173.97819519,366.069061279,1715.84265137,367.942749023,110.647850037,169.320114136,262.402618408,237.088287354,134.383972168,176.424682617,259.811889648,236.893035889,220.332458496,400.013702393,494.654815674,558.480895996,358.01473999,192.650405884,91.8238067627,30.6277160645,8.22587108612,3.02062630653,1.08098399639,0.324058562517,0.0831276625395,0.0102539798245,0.000175123132067,7.01064735154e-8,9.18871811972e-10],"dvar2":[0.0369653590024,18.1191444397,158.531814575,339.507965088,10405.7011719,1224.4230957,194.313201904,352.910797119,461.740325928,558.769104004,934.328186035,434.586700439,879.61138916,4380.62451172,968.720947266,274.904022217,420.665466309,628.902099609,635.341491699,347.888336182,391.862487793,605.279785156,594.833496094,575.517333984,1050.98059082,1352.51062012,1512.30273438,939.159667969,477.46673584,204.876449585,68.3491134644,18.526927948,6.611992836,2.19030570984,0.670744240284,0.162550508976,0.0218863021582,0.000364799721865,1.48172375702e-7,2.20931561934e-9],"max":[1.27107048035,27.6809482574,95.6573944092,181.778488159,785.427001953,305.547943115,299.769958496,409.371765137,282.452667236,748.13848877,1041.69873047,300.554718018,649.332336426,1499.7677002,655.681335449,234.612548828,378.471160889,395.808135986,502.664611816,445.175201416,382.633544922,319.762542725,367.600616455,442.716064453,436.4246521,507.955841064,727.179260254,499.267486572,356.401000977,289.588378906,208.34312439,95.5105056763,65.1619110107,28.5911865234,23.4775085449,12.9194478989,4.41003513336,0.540018081665,0.0109815634787,0.000505413510837],"mean":[0.0254173353314,0.573275268078,2.0999789238,4.75439023972,15.7137823105,9.76212406158,8.78986167908,10.4383678436,10.7095241547,10.6096916199,11.3986091614,9.11631011963,10.8497571945,21.7143669128,16.0025157928,9.3353805542,9.0840473175,12.2445211411,12.1854877472,9.79109573364,11.9787921906,17.6829719543,16.1370048523,11.5887508392,14.2428569794,10.3753671646,9.55569458008,7.74618768692,6.71567201614,5.47042512894,3.4044880867,2.01179742813,1.18485927582,0.690862894058,0.362246781588,0.180303066969,0.055542640388,0.00665015727282,0.000144716002978,0.0000264326226898],"median":[0.00311834318563,0.0875652134418,0.554803729057,1.97418832779,3.47371029854,4.36137294769,4.38405132294,3.65094733238,3.53989458084,4.05435705185,3.48550605774,3.41545271873,2.86957287788,5.39452600479,5.50971508026,3.72455763817,3.05742406845,3.43821239471,3.23787617683,2.71381616592,3.91467761993,6.85102653503,6.67211008072,5.80010890961,6.38184547424,3.8920648098,2.5094037056,1.71875739098,1.19823360443,0.892948806286,0.526159644127,0.359102606773,0.22539563477,0.135945186019,0.0691502839327,0.0313532091677,0.00777758518234,0.000665154308081,0.0000238486500166,0.0000138600553328],"min":[2.49841083926e-22,2.23897253667e-22,1.45226601689e-21,7.36682691454e-21,1.60592592283e-20,2.00451986466e-20,5.40371406345e-20,1.02580160565e-19,7.67692238591e-20,1.22776143575e-19,3.00228744693e-19,3.77985402484e-19,5.78536582768e-19,8.58733055127e-19,9.2567642021e-19,1.5336471394e-18,1.72779170244e-18,1.58975076784e-18,2.36427802569e-18,2.31717712084e-18,3.89299775358e-18,6.26201118147e-18,4.62167397647e-18,5.64857403921e-18,6.55536623622e-18,7.97094068441e-18,9.17714868852e-18,9.67689978177e-18,1.08965734591e-17,1.18117685703e-17,1.2154968288e-17,1.07621078059e-17,1.03051236047e-17,7.89169181864e-18,6.76377521874e-18,4.61317345491e-18,2.54223352677e-18,1.04098798254e-18,2.44441512833e-19,2.71925577425e-20],"var":[0.00904991291463,4.24724578857,38.3019371033,106.798919678,3155.890625,377.945373535,190.235168457,361.241973877,388.68572998,546.48638916,951.773071289,316.248321533,761.344360352,3023.18969727,901.479858398,245.889007568,346.389282227,666.120544434,529.372741699,440.46661377,551.078979492,825.099853516,589.315429688,365.426300049,605.146789551,509.645111084,643.913879395,475.617553711,327.635162354,234.039932251,83.8389434814,21.852973938,6.88792419434,2.25834822655,0.67924785614,0.181237697601,0.0190993100405,0.000333308416884,1.3283163014e-7,1.29478006095e-9]},"erbbands_crest":{"dmean":2.56455183029,"dmean2":4.21684598923,"dvar":7.45596456528,"dvar2":18.7863235474,"max":31.851228714,"mean":8.10488510132,"median":6.94195556641,"min":2.55237698555,"var":16.6311359406},"erbbands_flatness_db":{"dmean":0.0182088408619,"dmean2":0.0242078732699,"dvar":0.000353188457666,"dvar2":0.000633549003396,"max":0.359705746174,"mean":0.146695509553,"median":0.142298400402,"min":0.0347396358848,"var":0.00167349399999},"erbbands_kurtosis":{"dmean":0.856802940369,"dmean2":1.33437287807,"dvar":4.63856077194,"dvar2":9.0337266922,"max":92.4442520142,"mean":0.0846247598529,"median":-0.628564715385,"min":-1.87998533249,"var":12.8382406235},"erbbands_skewness":{"dmean":0.381277024746,"dmean2":0.580471396446,"dvar":0.179828956723,"dvar2":0.394811332226,"max":7.2009472847,"mean":0.161695539951,"median":0.100211456418,"min":-4.76329898834,"var":0.755812823772},"erbbands_spread":{"dmean":10.7533884048,"dmean2":15.8830347061,"dvar":162.325119019,"dvar2":333.809570313,"max":165.801727295,"mean":48.7406425476,"median":43.9407653809,"min":2.50542330742,"var":504.42767334},"gfcc":{"cov":[[28441.0292969,61.8743934631,-1529.86157227,455.544616699,-1058.23132324,313.226867676,-796.58984375,-46.8714179993,-722.235778809,55.0742988586,-396.387573242,212.055938721,-298.602355957],[61.8743934631,1516.30285645,-351.226593018,-56.6829223633,279.800109863,-226.017822266,140.504211426,-48.2594947815,52.675491333,-157.255584717,131.116455078,-112.877937317,77.6985931396],[-1529.86157227,-351.226593018,1201.03515625,278.594329834,62.7689552307,83.1433258057,59.5788841248,35.9136886597,-4.74039411545,48.9396324158,-64.1619338989,1.39421796799,-44.9272956848],[455.544616699,-56.6829223633,278.594329834,439.030975342,5.09533786774,9.02717590332,19.7667255402,-4.00068998337,8.76690387726,-17.386516571,-26.0416679382,-37.7749061584,-16.4954338074],[-1058.23132324,279.800109863,62.7689552307,5.09533786774,326.436981201,-19.6525859833,96.6201248169,14.063876152,46.2267875671,-23.0093574524,42.4783172607,-6.18856334686,19.187084198],[313.226867676,-226.017822266,83.1433258057,9.02717590332,-19.6525859833,201.872421265,35.195022583,19.8988399506,-16.724319458,36.8744468689,-14.1316738129,31.1056289673,-11.0141496658],[-796.58984375,140.504211426,59.5788841248,19.7667255402,96.6201248169,35.195022583,210.441680908,48.6763000488,33.918346405,-34.1633872986,38.6288108826,-29.8081970215,-0.80523198843],[-46.8714179993,-48.2594947815,35.9136886597,-4.00068998337,14.063876152,19.8988399506,48.6763000488,109.858802795,35.0030441284,21.7028121948,-5.07188558578,3.36041998863,-12.4270048141],[-722.235778809,52.675491333,-4.74039411545,8.76690387726,46.2267875671,-16.724319458,33.918346405,35.0030441284,129.828598022,35.3980941772,21.2105579376,-12.0313367844,14.6304216385],[55.0742988586,-157.255584717,48.9396324158,-17.386516571,-23.0093574524,36.8744468689,-34.1633872986,21.7028121948,35.3980941772,106.167427063,10.7093133926,17.9305000305,-14.0584049225],[-396.387573242,131.116455078,-64.1619338989,-26.0416679382,42.4783172607,-14.1316738129,38.6288108826,-5.07188558578,21.2105579376,10.7093133926,92.2329483032,15.2723064423,18.7863864899],[212.055938721,-112.877937317,1.39421796799,-37.7749061584,-6.18856334686,31.1056289673,-29.8081970215,3.36041998863,-12.0313367844,17.9305000305,15.2723064423,99.7392120361,20.0785541534],[-298.602355957,77.6985931396,-44.9272956848,-16.4954338074,19.187084198,-11.0141496658,-0.80523198843,-12.4270048141,14.6304216385,-14.0584049225,18.7863864899,20.0785541534,69.5124130249]],"icov":[[0.0000857417908264,-0.000193277563085,0.000159235918545,-0.000238676191657,0.000199226502446,-0.000192414416233,0.000159315444762,-0.000170800791238,0.000425756879849,-0.00031600004877,0.000419652817072,-0.000397348456318,0.000364307838026],[-0.000193277563085,0.00184589065611,-0.000149619561853,0.000646143569611,-0.00125403259881,0.00122404308058,-0.000447767059086,0.000502571521793,-0.00105313782115,0.00206047575921,-0.00245703314431,0.00233411975205,-0.0015839478001],[0.000159235918545,-0.000149619561853,0.00148477032781,-0.00114787265193,-0.0000699174197507,-0.000215399370063,-0.000369865825633,-0.000200374008273,0.0011782948859,-0.0014821208315,0.00165812217165,-0.00100633723196,0.000778381421696],[-0.000238676191657,0.000646143569611,-0.00114787265193,0.00354447844438,-0.000447499740403,0.000308531656628,-0.000154240857228,0.000723207311239,-0.00187803746667,0.00208534649573,-0.00139500643127,0.0021722887177,-0.000781809445471],[0.000199226502446,-0.00125403259881,-0.0000699174197507,-0.000447499740403,0.00484036002308,-0.000470643077279,-0.000968525826465,-0.000210468046134,-0.0000752368505346,-0.000648981251288,0.000803519098554,-0.00204409752041,0.000904530112166],[-0.000192414416233,0.00122404308058,-0.000215399370063,0.000308531656628,-0.000470643077279,0.00790988374501,-0.00374283175915,0.000953413022216,0.000937145552598,-0.00261808698997,0.000968978565652,-0.00100556819234,-0.00144858798012],[0.000159315444762,-0.000447767059086,-0.000369865825633,-0.000154240857228,-0.000968525826465,-0.00374283175915,0.010211000219,-0.00453831022605,-0.00113166472875,0.00533460499719,-0.00479069259018,0.00270460732281,0.00172103301156],[-0.000170800791238,0.000502571521793,-0.000200374008273,0.000723207311239,-0.000210468046134,0.000953413022216,-0.00453831022605,0.0130457570776,-0.00347478268668,-0.00211273226887,0.00251624616794,-0.00158762128558,0.00131808384322],[0.000425756879849,-0.00105313782115,0.0011782948859,-0.00187803746667,-0.0000752368505346,0.000937145552598,-0.00113166472875,-0.00347478268668,0.0140546495095,-0.00781343691051,0.00223203166388,-0.000132415181724,-0.002246391261],[-0.00031600004877,0.00206047575921,-0.0014821208315,0.00208534649573,-0.000648981251288,-0.00261808698997,0.00533460499719,-0.00211273226887,-0.00781343691051,0.0199765916914,-0.00865587126464,0.00252001057379,0.00262083509006],[0.000419652817072,-0.00245703314431,0.00165812217165,-0.00139500643127,0.000803519098554,0.000968978565652,-0.00479069259018,0.00251624616794,0.00223203166388,-0.00865587126464,0.0205312483013,-0.0073029268533,-0.0000438906972704],[-0.000397348456318,0.00233411975205,-0.00100633723196,0.0021722887177,-0.00204409752041,-0.00100556819234,0.00270460732281,-0.00158762128558,-0.000132415181724,0.00252001057379,-0.0073029268533,0.017419859767,-0.00681890174747],[0.000364307838026,-0.0015839478001,0.000778381421696,-0.000781809445471,0.000904530112166,-0.00144858798012,0.00172103301156,0.00131808384322,-0.002246391261,0.00262083509006,-0.0000438906972704,-0.00681890174747,0.0207996238023]],"mean":[-66.1899185181,82.5564193726,-113.540725708,41.2124900818,-62.7730865479,3.41379213333,-41.6625022888,6.63795852661,-35.0922355652,-2.97719144821,-21.2208023071,0.286684542894,-15.177772522]},"hfc":{"dmean":4.89353990555,"dmean2":6.85830926895,"dvar":124.788070679,"dvar2":298.779968262,"max":250.650360107,"mean":13.6511087418,"median":7.34243345261,"min":1.08004595387e-16,"var":330.614715576},"melbands":{"dmean":[0.000547214411199,0.00121270609088,0.00117090379354,0.000984301441349,0.000163672157214,0.000127425591927,0.0000868743736646,0.0000689916705596,0.0000556284176128,0.0000329650247295,0.0000314277931466,0.0000553819591005,0.0000324478205584,0.0000126404329421,0.0000125288242998,0.0000102522917587,0.0000130085491037,0.0000106623001557,0.00000712977089279,0.00000730448937247,0.00000752511687097,0.00000907267349248,0.0000112253264888,0.00000560370699532,0.00000492278923048,0.00000653074266665,0.00000449123808721,0.00000430227055404,0.00000397334270019,0.00000314616295327,0.00000288392448056,0.00000247934440267,0.00000217541855818,0.00000162335777532,0.00000117320132631,9.110703445e-7,6.58869566905e-7,4.89292062866e-7,4.31895927022e-7,3.48083574409e-7],"dmean2":[0.000986528699286,0.00218758382834,0.0019302861765,0.00167085672729,0.000257197127212,0.000194745109184,0.000134080750286,0.000108201798867,0.000087433916633,0.0000518366141478,0.0000485102573293,0.0000875557598192,0.0000521012298123,0.000020348090402,0.0000199606038223,0.0000166435274878,0.0000207933244383,0.0000176733174158,0.000011632818314,0.000011572562471,0.0000115071998152,0.0000138779032568,0.0000184694035852,0.00000906410605239,0.00000790868944023,0.0000104934542833,0.00000723740276953,0.00000713845884093,0.00000644260808258,0.00000501565909872,0.00000453729035144,0.00000382836833523,0.00000325015093949,0.00000238310121858,0.00000175058471541,0.00000133278820158,9.50520927745e-7,7.02025602095e-7,6.19789489065e-7,4.87525085191e-7],"dvar":[0.00000344072714142,0.0000145858566611,0.0000129745430968,0.0000119697388072,8.43799909944e-8,6.70579893836e-8,4.07658191648e-8,2.98817788291e-8,2.51069387502e-8,6.33706997988e-9,9.71427471796e-9,3.22236211048e-8,6.54686971302e-9,7.12713443818e-10,8.6426182877e-10,6.23408102918e-10,1.09380760005e-9,5.88561921422e-10,2.77707856711e-10,4.17818363241e-10,3.06140807149e-10,3.62061713943e-10,4.76171158059e-10,1.42619777099e-10,1.60536944849e-10,3.18837012347e-10,1.87617185676e-10,2.47971004841e-10,2.24707696894e-10,1.83538156895e-10,1.17839640823e-10,7.28711743725e-11,5.77561956594e-11,2.42644966619e-11,1.23195533636e-11,6.6257216727e-12,3.06835503186e-12,1.8917784006e-12,1.19429867471e-12,7.48391799921e-13],"dvar2":[0.00000937722325034,0.0000403092162742,0.000032569951145,0.0000315798679367,1.99872957296e-7,1.57252543431e-7,1.02045561334e-7,6.86868091293e-8,6.01240088827e-8,1.55939652302e-8,2.32785701826e-8,8.2204948626e-8,1.72600422843e-8,1.73779513002e-9,2.1191364219e-9,1.60142799022e-9,2.62000487972e-9,1.54206458713e-9,7.26825544195e-10,9.99233917831e-10,6.70728750318e-10,8.29431801019e-10,1.23469556801e-9,3.64947738696e-10,4.24177387659e-10,8.44648018195e-10,5.06434782999e-10,6.84014067609e-10,6.06217354093e-10,4.994575864e-10,3.09458625392e-10,1.84189344332e-10,1.38014474849e-10,5.48835595027e-11,2.84339912726e-11,1.54771924443e-11,7.03312711889e-12,4.32282898713e-12,2.60006057483e-12,1.53313353766e-12],"max":[0.0204885341227,0.0445739962161,0.0519412942231,0.0475769974291,0.00807803589851,0.00790033582598,0.00436482578516,0.00678344536573,0.00760493334383,0.00164811895229,0.00319427670911,0.00677944440395,0.0026181389112,0.000834777369164,0.000741796509828,0.000530757475644,0.000810106517747,0.000763118558098,0.00045118748676,0.000592152937315,0.000525906914845,0.000479113776237,0.000392328569433,0.000266566989012,0.000388255954022,0.000501970178448,0.00036466983147,0.000369095942006,0.00042465471779,0.000429460051237,0.000312369986204,0.000242791633354,0.000242330948822,0.000143741621287,0.000106755345769,0.000096659794508,0.0000537054947927,0.0000595718847762,0.0000280400508927,0.0000237168314925],"mean":[0.000402974837925,0.00101420062128,0.00123200798407,0.000970696564764,0.000320222432492,0.000229234472499,0.000160625102581,0.000116634604638,0.0000902026440599,0.000053808955272,0.0000539350221516,0.000089073269919,0.0000596643476456,0.000024194130674,0.0000223275401368,0.0000180999850272,0.0000232370730373,0.0000187598725461,0.0000131222705022,0.0000146611346281,0.0000141887276186,0.0000174501674337,0.0000205648011615,0.0000105061917566,0.00000878049013409,0.0000116202500067,0.0000077570839494,0.00000664817935103,0.0000063209495238,0.00000472861802336,0.00000448816945209,0.00000381591007681,0.00000365506298294,0.00000271887074632,0.00000200021509045,0.00000152605548465,0.00000113389148737,8.45017211759e-7,7.01251735791e-7,5.443430382e-7],"median":[0.0000531594014319,0.00023971972405,0.00046460898011,0.000311184150632,0.000180430040928,0.0000828962802188,0.0000516875552421,0.0000423350793426,0.0000271471071756,0.0000186842917174,0.0000130072776301,0.0000199929381779,0.0000171065457835,0.0000101009627542,0.00000735261528462,0.00000578246681471,0.00000577570017413,0.00000483010444441,0.00000338389418175,0.00000322138976117,0.00000431615262642,0.00000634937168797,0.00000721449578123,0.00000455912413599,0.00000405604032494,0.00000482208952235,0.00000341160557582,0.00000219858839046,0.00000160400350069,0.00000108105564323,9.23499669625e-7,6.92643595812e-7,5.69102951431e-7,4.3074550149e-7,3.00114095353e-7,2.44644922986e-7,1.98404109142e-7,1.58491829438e-7,1.31350589072e-7,1.07300564878e-7],"min":[1.84910041425e-24,1.36966270492e-24,1.35235381476e-24,1.28831734052e-24,1.71168597215e-24,2.51555061736e-24,1.25220033005e-24,1.13211233028e-24,2.10058138222e-24,2.68479046938e-24,2.68545409862e-24,3.02885590028e-24,2.49228572876e-24,3.63883667879e-24,2.574603167e-24,3.49799976366e-24,2.62952287436e-24,3.74482724115e-24,4.3422513262e-24,2.19308518412e-24,3.81823863699e-24,5.09434736893e-24,3.31299255429e-24,3.78700605603e-24,3.88024073756e-24,4.32015690997e-24,4.0235775529e-24,4.66221173164e-24,5.47894861467e-24,4.70183660934e-24,5.89660944321e-24,5.1945922629e-24,5.99146720605e-24,6.30659110528e-24,6.53505863407e-24,5.09022635956e-24,6.95209468478e-24,5.95352694082e-24,6.17122927926e-24,6.4337010518e-24],"var":[0.00000224248947234,0.0000096928442872,0.0000110204900921,0.00000900154100236,1.98084151748e-7,1.58970308917e-7,8.82375346123e-8,6.31998560152e-8,5.84421187e-8,1.16718625875e-8,2.0056239336e-8,5.56795392015e-8,1.48529810673e-8,1.59272861566e-9,1.81586534698e-9,1.28259058929e-9,2.66941158067e-9,1.30138388954e-9,6.44020226037e-10,1.47343459656e-9,8.50705339506e-10,1.02067232444e-9,1.0953077334e-9,2.67641853124e-10,2.4050764158e-10,5.14202402879e-10,2.01855546167e-10,2.43400716249e-10,2.67965344358e-10,1.9496051995e-10,1.58611915269e-10,1.05349708124e-10,1.25415414165e-10,5.47312022092e-11,2.95280501439e-11,1.59378309161e-11,7.3519619212e-12,3.88687476302e-12,2.41457179771e-12,1.45598041002e-12]},"melbands_crest":{"dmean":3.44838666916,"dmean2":5.65968370438,"dvar":11.5402860641,"dvar2":29.4252567291,"max":37.2025184631,"mean":13.5543794632,"median":12.806643486,"min":1.6658885479,"var":26.2849769592},"melbands_flatness_db":{"dmean":0.031963635236,"dmean2":0.0485216192901,"dvar":0.00130160700064,"dvar2":0.00319763622247,"max":0.604137659073,"mean":0.187274500728,"median":0.173508867621,"min":0.00463008973747,"var":0.00605400511995},"melbands_kurtosis":{"dmean":16.181230545,"dmean2":27.0930233002,"dvar":1325.90124512,"dvar2":3489.62939453,"max":541.00994873,"mean":20.7311000824,"median":7.79899597168,"min":-1.79477000237,"var":1400.41894531},"melbands_skewness":{"dmean":1.1575075388,"dmean2":1.80309915543,"dvar":2.8367228508,"dvar2":6.78544282913,"max":18.4743480682,"mean":3.16470050812,"median":2.52010393143,"min":-1.32020771503,"var":5.16995620728},"melbands_spread":{"dmean":8.81454372406,"dmean2":13.4937257767,"dvar":150.680419922,"dvar2":330.43270874,"max":222.202407837,"mean":26.5159034729,"median":22.0229148865,"min":0.418034017086,"var":490.728668213},"mfcc":{"cov":[[15807.9716797,283.257446289,-730.153991699,-158.655181885,-300.065795898,93.2271652222,-149.901077271,-15.641960144,-196.635162354,-246.251800537,-193.581451416,-39.6998901367,-45.1726112366],[283.257446289,1583.68200684,-408.536712646,149.682281494,71.3045425415,-86.4871444702,98.5767745972,57.125995636,-22.2361297607,-23.568025589,2.44667124748,2.61439561844,3.08067774773],[-730.153991699,-408.536712646,957.515014648,212.862625122,78.1666946411,97.1957015991,42.2015533447,0.497285783291,46.5910148621,32.3129463196,14.1638450623,-1.66484630108,-27.5556716919],[-158.655181885,149.682281494,212.862625122,426.870910645,101.585784912,22.6002845764,36.9061737061,39.2523460388,12.4944524765,35.8352775574,14.1548805237,-11.7517261505,-9.64402770996],[-300.065795898,71.3045425415,78.1666946411,101.585784912,180.329208374,41.5089149475,12.2365550995,0.323284268379,22.909198761,1.97179269791,3.75666236877,3.00694274902,9.01589679718],[93.2271652222,-86.4871444702,97.1957015991,22.6002845764,41.5089149475,143.299194336,49.0329360962,18.6117458344,11.9567213058,-0.332043558359,7.78247308731,6.48026800156,-2.66398310661],[-149.901077271,98.5767745972,42.2015533447,36.9061737061,12.2365550995,49.0329360962,160.269287109,66.8884887695,1.47288203239,11.2132892609,19.0902824402,4.27756738663,-10.8652877808],[-15.641960144,57.125995636,0.497285783291,39.2523460388,0.323284268379,18.6117458344,66.8884887695,116.324066162,34.5269393921,4.48901414871,8.31014251709,11.2110948563,2.51873350143],[-196.635162354,-22.2361297607,46.5910148621,12.4944524765,22.909198761,11.9567213058,1.47288203239,34.5269393921,86.1253662109,42.9717979431,11.7552099228,1.3599396944,5.99675703049],[-246.251800537,-23.568025589,32.3129463196,35.8352775574,1.97179269791,-0.332043558359,11.2132892609,4.48901414871,42.9717979431,107.077278137,51.0062294006,1.31052529812,-0.623520195484],[-193.581451416,2.44667124748,14.1638450623,14.1548805237,3.75666236877,7.78247308731,19.0902824402,8.31014251709,11.7552099228,51.0062294006,74.2908096313,30.9354705811,-0.608690202236],[-39.6998901367,2.61439561844,-1.66484630108,-11.7517261505,3.00694274902,6.48026800156,4.27756738663,11.2110948563,1.3599396944,1.31052529812,30.9354705811,69.747177124,28.2728672028],[-45.1726112366,3.08067774773,-27.5556716919,-9.64402770996,9.01589679718,-2.66398310661,-10.8652877808,2.51873350143,5.99675703049,-0.623520195484,-0.608690202236,28.2728672028,69.216178894]],"icov":[[0.0000743018390494,-0.0000172272066266,0.0000510045028932,-0.0000315202232741,0.00013793206017,-0.000178158763447,0.00012617711036,-0.0000575142585149,0.00011083309073,0.0000268867406703,0.000163978940691,-0.0000556827690161,0.000077074910223],[-0.0000172272066266,0.000913007825147,0.000478674075566,-0.000470204133308,-0.000419830786996,0.000740916817449,-0.000855572870933,0.000151251952047,-0.000230682533584,0.000430058047641,-0.00014303791977,-0.000108367865323,0.0000834324746393],[0.0000510045028932,0.000478674075566,0.00163181952666,-0.000964701699559,-0.0000215217678488,-0.000469711289043,-0.000647701614071,0.000848940806463,-0.0010316882981,0.000400195189286,0.000228098448133,-0.000533941667527,0.000692466273904],[-0.0000315202232741,-0.000470204133308,-0.000964701699559,0.00365965045057,-0.0018445403548,0.000153611254063,0.000686511339154,-0.00204015895724,0.00202626269311,-0.00201664608903,0.00027765869163,0.000805818650406,0.000033957476262],[0.00013793206017,-0.000419830786996,-0.0000215217678488,-0.0018445403548,0.00796339288354,-0.00231451261789,-0.0000989221589407,0.00214889156632,-0.00308668683283,0.00218761595897,-0.000717763963621,0.000116364826681,-0.00114367355127],[-0.000178158763447,0.000740916817449,-0.000469711289043,0.000153611254063,-0.00231451261789,0.00983597431332,-0.00350865465589,0.000477378460346,-0.00137748103589,0.00130956782959,-0.001023884397,-0.000360735342838,0.0000665436673444],[0.00012617711036,-0.000855572870933,-0.000647701614071,0.000686511339154,-0.0000989221589407,-0.00350865465589,0.0111529044807,-0.00695919105783,0.00457406975329,-0.00220645754598,-0.000949081557337,0.000920863356441,0.00103939021938],[-0.0000575142585149,0.000151251952047,0.000848940806463,-0.00204015895724,0.00214889156632,0.000477378460346,-0.00695919105783,0.0159535575658,-0.00924182403833,0.00448133517057,-0.000837794330437,-0.00206904741935,-0.000246213487117],[0.00011083309073,-0.000230682533584,-0.0010316882981,0.00202626269311,-0.00308668683283,-0.00137748103589,0.00457406975329,-0.00924182403833,0.0216271393001,-0.0109956786036,0.00443582376465,-0.000113131005492,-0.000529998273123],[0.0000268867406703,0.000430058047641,0.000400195189286,-0.00201664608903,0.00218761595897,0.00130956782959,-0.00220645754598,0.00448133517057,-0.0109956786036,0.0220404751599,-0.0161038152874,0.00689480267465,-0.00267399894074],[0.000163978940691,-0.00014303791977,0.000228098448133,0.00027765869163,-0.000717763963621,-0.001023884397,-0.000949081557337,-0.000837794330437,0.00443582376465,-0.0161038152874,0.031241375953,-0.0157472901046,0.00635615456849],[-0.0000556827690161,-0.000108367865323,-0.000533941667527,0.000805818650406,0.000116364826681,-0.000360735342838,0.000920863356441,-0.00206904741935,-0.000113131005492,0.00689480267465,-0.0157472901046,0.025883493945,-0.01058025565],[0.000077074910223,0.0000834324746393,0.000692466273904,0.000033957476262,-0.00114367355127,0.0000665436673444,0.00103939021938,-0.000246213487117,-0.000529998273123,-0.00267399894074,0.00635615456849,-0.01058025565,0.0194976013154]],"mean":[-697.934509277,106.856971741,4.25468635559,34.2556533813,-0.293098062277,-1.05255520344,-0.420317262411,2.17705202103,-6.08904361725,-5.8179473877,-5.54208183289,-4.69274282455,-4.67055463791]},"pitch_salience":{"dmean":0.085667796433,"dmean2":0.139551788568,"dvar":0.00821612216532,"dvar2":0.0210222024471,"max":0.862473428249,"mean":0.579549312592,"median":0.600515365601,"min":0.0851847231388,"var":0.0152938738465},"silence_rate_20dB":{"dmean":0,"dmean2":0,"dvar":0,"dvar2":0,"max":1,"mean":1,"median":1,"min":1,"var":0},"silence_rate_30dB":{"dmean":0.00754134869203,"dmean2":0.0150839900598,"dvar":0.00748401973397,"dvar2":0.0199994947761,"max":1,"mean":0.994944274426,"median":1,"min":0,"var":0.00503030605614},"silence_rate_60dB":{"dmean":0.0431913621724,"dmean2":0.0863901302218,"dvar":0.0413228422403,"dvar2":0.0891999229789,"max":1,"mean":0.198114827275,"median":0,"min":0,"var":0.15888659656},"spectral_centroid":{"dmean":308.979400635,"dmean2":467.531585693,"dvar":131588.265625,"dvar2":289740.03125,"max":11774.8652344,"mean":1507.2532959,"median":1412.57226563,"min":141.902145386,"var":898025.125},"spectral_complexity":{"dmean":2.85217237473,"dmean2":4.28436756134,"dvar":14.4750595093,"dvar2":28.2404994965,"max":63,"mean":14.9417304993,"median":12,"min":0,"var":131.059860229},"spectral_contrast_coeffs":{"dmean":[0.0550474561751,0.0445516556501,0.0369589217007,0.0295602437109,0.0214923918247,0.0194186698645],"dmean2":[0.0889445319772,0.0724169537425,0.058596342802,0.0476662814617,0.0340958461165,0.0299310516566],"dvar":[0.00252715451643,0.00134512793738,0.000973878020886,0.000634645926766,0.000343627092661,0.000359303434379],"dvar2":[0.00621801335365,0.00362241640687,0.00230786879547,0.00154472945724,0.000807229080237,0.000743043783586],"max":[-0.257616221905,-0.479105204344,-0.496888786554,-0.567353188992,-0.623329162598,-0.491190731525],"mean":[-0.610065340996,-0.730119884014,-0.767534971237,-0.789520084858,-0.791003763676,-0.760501682758],"median":[-0.611453831196,-0.729612112045,-0.769803404808,-0.791889727116,-0.789805591106,-0.762771785259],"min":[-0.983298659325,-0.978155553341,-0.974721074104,-0.970039367676,-0.967064619064,-0.965500891209],"var":[0.00956510193646,0.00495914742351,0.00402734940872,0.00315248011611,0.00206401781179,0.0024314946495]},"spectral_contrast_valleys":{"dmean":[0.487163722515,0.362936168909,0.336480259895,0.309492945671,0.274071037769,0.434628635645],"dmean2":[0.777196288109,0.57395619154,0.517980694771,0.469996094704,0.383078068495,0.517818510532],"dvar":[0.210845276713,0.118375241756,0.124279364944,0.110467836261,0.122792124748,0.291629642248],"dvar2":[0.44527605176,0.249377176166,0.245720043778,0.2096157372,0.212796360254,0.458715379238],"max":[-5.3536324501,-5.03390216827,-5.56025600433,-5.94420957565,-5.1136598587,-7.68828296661],"mean":[-8.11558437347,-7.55849456787,-8.21943187714,-8.65314292908,-8.04172134399,-10.7610683441],"median":[-7.73783826828,-7.16450119019,-7.71774864197,-8.19476890564,-7.6463432312,-10.380657196],"min":[-28.1502418518,-27.9725437164,-27.7236824036,-27.5966434479,-27.527381897,-27.3743724823],"var":[3.90306973457,3.95621395111,4.10581874847,3.94703793526,3.90922904015,3.93326401711]},"spectral_decrease":{"dmean":2.78858003355e-9,"dmean2":4.66941063593e-9,"dvar":3.85056777221e-17,"dvar2":9.8822989849e-17,"max":1.62002425982e-28,"mean":-4.16049728003e-9,"median":-2.23208296291e-9,"min":-6.49351150628e-8,"var":3.72564066953e-17},"spectral_energy":{"dmean":0.0108630741015,"dmean2":0.0180784855038,"dvar":0.000570897595026,"dvar2":0.0014602165902,"max":0.252346932888,"mean":0.016940895468,"median":0.00917422305793,"min":1.01180070137e-20,"var":0.000577798637096},"spectral_energyband_high":{"dmean":0.000417750037741,"dmean2":0.000580846506637,"dvar":0.00000177350409558,"dvar2":0.00000438392999058,"max":0.0350271351635,"mean":0.000818033295218,"median":0.000200314912945,"min":7.07598326415e-21,"var":0.00000349175843439},"spectral_energyband_low":{"dmean":0.00504930689931,"dmean2":0.00903267320246,"dvar":0.000211661579669,"dvar2":0.00057750911219,"max":0.159368351102,"mean":0.00460036331788,"median":0.00141860183794,"min":1.6298891821e-23,"var":0.000145887199324},"spectral_energyband_middle_high":{"dmean":0.000858808227349,"dmean2":0.00128957361449,"dvar":0.00000272288866654,"dvar2":0.00000657765622236,"max":0.0483047366142,"mean":0.00294003332965,"median":0.00150224287063,"min":1.14449212404e-21,"var":0.0000142688550113},"spectral_energyband_middle_low":{"dmean":0.00641030492261,"dmean2":0.010403489694,"dvar":0.000372728478396,"dvar2":0.000948416185565,"max":0.241571247578,"mean":0.00939060933888,"median":0.00495288148522,"min":1.67093411987e-22,"var":0.000337669305736},"spectral_entropy":{"dmean":0.171481594443,"dmean2":0.235561475158,"dvar":0.0361334457994,"dvar2":0.0737031251192,"max":9.82971191406,"mean":7.60785579681,"median":7.67444610596,"min":4.73560523987,"var":0.238804921508},"spectral_flux":{"dmean":0.0296293180436,"dmean2":0.0472224056721,"dvar":0.00242627062835,"dvar2":0.00513373408467,"max":0.446797162294,"mean":0.0673108175397,"median":0.0471166670322,"min":6.51082451841e-11,"var":0.00411430047825},"spectral_kurtosis":{"dmean":1.4064065218,"dmean2":2.28223872185,"dvar":3.72968101501,"dvar2":9.02405834198,"max":38.8825645447,"mean":3.86867666245,"median":3.26336026192,"min":-1.24869024754,"var":9.45131206512},"spectral_rms":{"dmean":0.000948244181927,"dmean2":0.00148609804455,"dvar":0.00000268586177299,"dvar2":0.00000645041563985,"max":0.0156905110925,"mean":0.00338215054944,"median":0.00299173220992,"min":3.14185071189e-12,"var":0.00000508872790306},"spectral_rolloff":{"dmean":654.325622559,"dmean2":1074.61975098,"dvar":1097587.125,"dvar2":2350714.75,"max":19444.4824219,"mean":1811.00756836,"median":1313.52539063,"min":21.533203125,"var":3819747.5},"spectral_skewness":{"dmean":0.199200883508,"dmean2":0.307194888592,"dvar":0.0542196035385,"dvar2":0.117227897048,"max":5.06327915192,"mean":1.34763038158,"median":1.32637059689,"min":-0.0658033415675,"var":0.234293997288},"spectral_spread":{"dmean":622706.0625,"dmean2":793490.75,"dvar":696254398464,"dvar2":1201312104450,"max":42086432,"mean":4946111.5,"median":4531916.5,"min":1385487.75,"var":8125506125820},"spectral_strongpeak":{"dmean":0.329834371805,"dmean2":0.557720005512,"dvar":0.301391124725,"dvar2":0.797795653343,"max":10.9887685776,"mean":0.567691922188,"median":0.360779583454,"min":0,"var":0.427337735891},"zerocrossingrate":{"dmean":0.0129801463336,"dmean2":0.0148738306016,"dvar":0.000223187700612,"dvar2":0.000282599037746,"max":0.51953125,"mean":0.0710340887308,"median":0.06201171875,"min":0.00537109375,"var":0.00236785388552}},"metadata":{"audio_properties":{"analysis_sample_rate":44100,"bit_rate":128000,"codec":"mp3","downmix":"mix","equal_loudness":0,"length":270.942047119,"lossless":false,"md5_encoded":"f299142b299f00abe30b86a1c027f84d","replay_gain":-13.9295082092,"sample_rate":44100},"tags":{"acoustid_fingerprint":["AQADtEkYJUnWZErwobFo5EgvPMx4mBv8DOVN9IePH46ON4ePh8hxBz_O4Ckf5MsoiN_RR0Z-9EZz4kL-4tnRE5Iu3CCNH-_x4bgFHw-HaxdePMrh4zn-HWaOT4c74g_64w1UScmNOo1EdPJxTNcEX0dtB2-yQcdDIsx39PKRM8F7lKvRnOnw4IfjZMap48fjw_nxLEzxXPhppLGGS8ddXCYcF48VB_-QQ5ycIzeuPMIJR_vxiDmeE7muBKKkMHhs3OrwG43mo2-Y49WK_GgeJUdfHed15H3QZPegnamQB_mFPvPx_GjqQOePO8GfTGiysB20h7jyoT3RPBT0o7YYNNnx8MglHj98Ep9-vEkQXh-a93iGQxcarigZ7fjxUbCbGlcPHX6WI69w4ZMO58K9C_9xpFCfDvmd4lPgY3dyXDvekCucSRfyEfNxNYe2Hc3WMDieHc1J1Moy_LiDS4vhTM1x7fhRO0UYKzKuB3_Qh2i0KT6uJ_iRRj_eHKoefDkaxoj041RM4kefeWgcBvvxG7GXQ1wXI99x4s0e-Flw4sEfeJGLfxcuhIkWCW22VMg9vDTcqsI15Hkw2x1cZdCTp3gqfIEW5UQb58ijE-eD5kRo51B-5JGGqj0arvhwNO4R2jkeHbeOvhma0Cl0ffjQcEyP8CsenfhxHRYTOviNRvkI_0ee5BFupYKWoznK44ycQj-FJpyO0riOP0TtNIIW5zgvnEmCP_gLa8erHj_hVzgDrZhySSR-qYM86sF-tBUap0R0RfiRGQWTHk-OdhOa78h-FA0XPAs1ZcQVGQdjRUMT3ci8z9BP3EQWHs0zqfixG00eBz3y5vhzNF-OHj9iimhsdFqFR2GPz6gkikfj5jg--DveCN-F6Bc2KQq-C38aXBREaspx7vhyIr_SogkRVriCU_C9Qd8i_A-2N8anBDod4-h0NOODa9mGTzvYC-LzCd-YQleOVtMRpmK-4Dl-NNPQj51w_jgFRqkuNOuyHXlG6DJy9MOU48yo4RHR_KjEE3mEXyF8Hnnz4qmD80HpF-_xHc3pHB-a6-h85ETHJMvR_Hixo1-OMHUQVRl-oXlCVBux5_jhvdj14coTvGh2dJyC8wquC44Z5JRHvLpx0nAWrniW7Ih9TIQWysUsyYqQ58hzeML34FOeQOklbNsU_A-eJzgXChrRPNilJ7gPewpeerjyYdTTCFrYHT3eB0dP6vB09A2eQ2fy4U8GVznySMKFVOI66ClyKWhqdMzxMBmPE38C90euB7-gZTLaMcOXPPhhN4fO446qBL9R6RwaVrie4IfzI-eP6_gDs8rwZMcRXmhEd9CVJ7iMH-7xLj6ePFB-OFOzY_dwJseP8he00Ane5JBDHbZHXB-uXAn0HD0a5cfHHfqD3ah1NG7wQ3mSDZeVD2GYD9OY7MSF5ghPE6ouCZOPMA7xLMR94TvcO7iT49fQnUNTJzzOHHkj_BtE_XiO_PjTGKaaI086HFqc0ELY48dhdi-eHv-Fpkb4LIeeB9eJPhnCMOfxz3ivYEp19JFyXET0HLLqwaFTvMV5_I