{"lowlevel":{"average_loudness":0.592793703079,"barkbands":{"dmean":[0.00491558527574,0.010774104856,0.00185451144353,0.00109337933827,0.0016673883656,0.00199071411043,0.00164572882932,0.000466920173494,0.000906462373678,0.00075571401976,0.000588495924603,0.000599803053774,0.00029450544389,0.000200693524675,0.0000785561496741,0.0000595438687014,0.0000371694368368,0.0000681079109199,0.0000486249191454,0.0000333338502969,0.0000130789821924,0.00000808849927125,0.0000069455772973,0.00000349995889337,0.00000237323479269,0.00000404819866162,0.0000274226713373],"dmean2":[0.00735565740615,0.0179511979222,0.00300811883062,0.0017425196711,0.00250896252692,0.00295221759006,0.0024712565355,0.000724553479813,0.0013900755439,0.00116994092241,0.000913431867957,0.000951107242145,0.000453751272289,0.000305277761072,0.00012327429431,0.0000926897118916,0.0000539880638826,0.000102779529698,0.0000761266928748,0.0000542632187717,0.0000208876808756,0.0000129858481159,0.000011235681086,0.00000570831434743,0.00000383364567824,0.00000647612387183,0.0000418994313804],"dvar":[0.000130283500766,0.000712242326699,0.0000172851614479,0.00000602326963417,0.0000105091321529,0.0000236503947235,0.0000272022170975,0.00000233042737818,0.0000161389616551,0.00000652412836644,0.00000319165474139,0.00000272387865152,8.75720388649e-7,5.03016053699e-7,4.25109618618e-8,3.63031453787e-8,9.10925201936e-9,5.44259648905e-7,4.23605612809e-8,1.36238273996e-8,4.1239947568e-10,1.42921924295e-10,1.10933776054e-10,3.16491173546e-11,2.223443131e-11,3.55933130192e-11,4.4067647309e-9],"dvar2":[0.000259201275185,0.00188930390868,0.000042777726776,0.0000144489167724,0.0000215139370994,0.0000500585374539,0.0000552921301278,0.00000478755691802,0.0000345270309481,0.0000136206290335,0.00000668721577313,0.00000667757694828,0.00000201881698558,0.00000105203571366,1.02523372902e-7,8.10992730749e-8,1.78366406089e-8,0.00000110854296054,8.73350387565e-8,3.13990184964e-8,9.49908041115e-10,3.28633953384e-10,2.59657212398e-10,7.65337376807e-11,5.14858641831e-11,8.14137993133e-11,9.12899000838e-9],"max":[0.13154040277,0.361942023039,0.0750456079841,0.0552878454328,0.120619267225,0.142548158765,0.230195224285,0.0771574750543,0.189059898257,0.114354811609,0.0850340798497,0.0457456558943,0.0304889045656,0.0374038554728,0.00689948070794,0.00616176612675,0.0036335256882,0.0473303571343,0.0105568896979,0.00595511170104,0.000289652816718,0.000199090471142,0.000193514570128,0.000101784098661,0.0000994998845272,0.000146065853187,0.00326679833233],"mean":[0.00545711861923,0.0101979607716,0.00238477927633,0.00165212724824,0.00307662575506,0.00336177786812,0.00259586446919,0.000726969039533,0.00140066316817,0.00113128707744,0.000854845624417,0.000866614049301,0.000428855564678,0.000292612530757,0.000108976237243,0.0000792319333414,0.0000483515686938,0.0000811021163827,0.0000538437670912,0.0000345528824255,0.0000141792534123,0.00000863177228894,0.00000702314446244,0.00000728466056898,0.00000243818294621,0.00000612633903074,0.0000560778389627],"median":[0.00051092018839,0.00205496000126,0.000872138654813,0.000610822811723,0.0014095279621,0.0010308008641,0.000674084061757,0.0002635732817,0.000280752865365,0.000302493193885,0.000293200457236,0.000218029919779,0.000108941225335,0.0000697914947523,0.0000318030106428,0.0000171875290107,0.0000106579227577,0.00000817187446955,0.00000735786898076,0.00000564153924643,0.0000043420423026,0.00000298687996292,0.00000238566349253,0.00000184128828096,7.03868465735e-7,0.00000266518691205,0.0000234913277382],"min":[1.03329111331e-23,3.70971401674e-23,4.94216781728e-24,3.40617240999e-24,2.30859733705e-23,3.20513081386e-23,2.74508638214e-23,3.63650867137e-23,1.96984929408e-22,1.16563564103e-22,6.54055873007e-23,5.20757849112e-23,1.15004484654e-22,1.21863371478e-22,1.25061123287e-22,1.39127257912e-22,1.91685235629e-22,9.05600833379e-23,2.93021209419e-22,2.27625599631e-22,4.399034749e-22,6.54333286988e-22,5.79759501449e-22,7.07389925772e-22,1.22227981726e-21,1.48545381169e-21,2.96877747174e-21],"var":[0.0001830906549,0.000578385428526,0.000021344236302,0.0000116350629469,0.0000333343195962,0.0000539971479157,0.0000676671843394,0.00000544022486793,0.000030861756386,0.0000139548310472,0.000006355075584,0.00000473013778901,0.00000142533315284,8.9522137614e-7,6.52677414337e-8,5.92410529521e-8,1.66296594273e-8,6.85504630837e-7,6.92540496061e-8,1.97049914163e-8,5.9497012872e-10,1.96396648944e-10,1.42516942692e-10,1.5124715369e-10,2.57442522161e-11,6.87618642581e-11,1.06368425179e-8]},"barkbands_crest":{"dmean":3.16144037247,"dmean2":5.13428163528,"dvar":8.04501438141,"dvar2":19.704000473,"max":26.3115081787,"mean":11.0394029617,"median":10.163022995,"min":2.85509991646,"var":20.010477066},"barkbands_flatness_db":{"dmean":0.0408109165728,"dmean2":0.0632897168398,"dvar":0.00120101112407,"dvar2":0.0029561209958,"max":0.617213904858,"mean":0.187076881528,"median":0.182606473565,"min":0.0317334271967,"var":0.00298790843226},"barkbands_kurtosis":{"dmean":8.12008953094,"dmean2":13.2492837906,"dvar":332.623413086,"dvar2":859.908813477,"max":446.720397949,"mean":11.3563022614,"median":5.81909179688,"min":-1.83901441097,"var":440.750061035},"barkbands_skewness":{"dmean":0.888760149479,"dmean2":1.36279332638,"dvar":0.992583930492,"dvar2":2.30511975288,"max":16.7351989746,"mean":2.05604815483,"median":1.77075409889,"min":-5.08673238754,"var":2.83026385307},"barkbands_spread":{"dmean":4.27843427658,"dmean2":6.81448841095,"dvar":29.7429180145,"dvar2":72.4607696533,"max":95.7474517822,"mean":12.1175642014,"median":10.2788743973,"min":0.182410255075,"var":77.2866287231},"dissonance":{"dmean":0.0377098247409,"dmean2":0.0623977445066,"dvar":0.00127979845274,"dvar2":0.00339922192506,"max":0.500000059605,"mean":0.433707296848,"median":0.444691359997,"min":0.104145810008,"var":0.00247862422839},"dynamic_complexity":4.89504909515,"erbbands":{"dmean":[0.500169634819,1.78704917431,2.31603264809,3.08558082581,5.19803953171,4.94840288162,8.94819641113,20.1326255798,20.994304657,23.7195339203,9.37760162354,18.2902774811,21.7883586884,27.433713913,24.9520130157,18.5104885101,11.904255867,12.3066034317,4.6171836853,4.10871362686,2.29633235931,2.0989882946,3.25985574722,2.55710315704,2.74285364151,1.61653268337,0.62923592329,0.469352155924,0.29498898983,0.244718164206,0.179488301277,0.11225566268,0.0409868694842,0.0266217943281,0.0168773718178,0.00989476963878,0.00908378977329,0.00475190998986,0.00225553149357,0.00157739478163],"dmean2":[0.863942742348,2.95125961304,3.75273513794,4.8314948082,8.20619297028,7.55427408218,13.0757923126,30.1525745392,31.6677780151,35.8495483398,14.3714294434,27.6173114777,33.9175453186,41.6662521362,38.786781311,29.0645503998,18.2962150574,18.5346755981,6.95718050003,6.45194101334,3.36095380783,3.02737426758,4.83616161346,3.8072707653,4.35576057434,2.6319937706,0.987064361572,0.760852217674,0.472894996405,0.396557301283,0.290684551001,0.182871446013,0.0662781372666,0.0430280193686,0.0272203776985,0.0158902481198,0.0145121328533,0.00756308576092,0.0034796432592,0.00231459620409],"dvar":[1.44488990307,24.1050243378,32.8857803345,47.6312332153,109.577308655,99.0149612427,456.058013916,2840.56860352,4246.23339844,7800.46142578,998.211486816,5933.00097656,10338.6230469,8761.79101562,3917.96704102,1854.5213623,1278.59375,1982.98303223,135.320877075,216.577636719,26.3050003052,31.1868629456,1037.25683594,467.381072998,146.547149658,22.5012626648,1.05313777924,0.526230931282,0.191296026111,0.137137621641,0.0728547722101,0.0281277094036,0.00615140702575,0.00282239355147,0.00111209589522,0.000352146103978,0.000168457292602,0.0000484002084704,0.0000280870954157,0.000010661045053],"dvar2":[4.03424167633,61.7407531738,77.4912872314,112.808517456,251.937454224,198.512008667,774.417907715,6204.35107422,9495.03222656,13376.0683594,2012.84655762,11517.6240234,23568.1289062,19156.7402344,8580.09863281,4439.80029297,3056.16845703,4056.2434082,309.436920166,516.792602539,51.4457321167,58.8914222717,2017.34570312,1010.175354,289.857055664,52.8919677734,2.32813930511,1.24614286423,0.437193036079,0.323374778032,0.169594764709,0.0694150626659,0.0142814693972,0.0065403743647,0.00257326918654,0.000813022721559,0.000391069683246,0.000110542801849,0.0000567376082472,0.0000219478097279],"max":[13.6288366318,66.9173431396,87.9155960083,173.69859314,289.842010498,399.772003174,1278.59716797,1508.98205566,1896.33374023,4941.8125,1735.49536133,3829.4050293,4112.59472656,4432.97021484,2391.9597168,1054.26049805,1260.53210449,2136.06079102,470.675170898,482.970153809,96.7374954224,166.994857788,2113.75439453,1119.00891113,621.568786621,242.11390686,15.7176418304,10.6202135086,6.87211179733,5.77434444427,5.04557132721,2.97448587418,1.65583491325,1.12303829193,0.702307164669,0.392568260431,0.316766649485,0.173526674509,0.342310220003,0.139178648591],"mean":[0.448072850704,1.704600811,2.77661514282,4.87610960007,8.3964881897,8.66738796234,15.209728241,32.9687957764,33.1119880676,37.7371444702,15.964849472,28.3538780212,33.0818519592,43.8910140991,39.7867889404,29.203956604,18.9760932922,18.7510986328,7.32064437866,5.84835243225,3.2047932148,2.80931854248,4.06637334824,3.08929300308,2.91343927383,1.66010189056,0.70548671484,0.495637446642,0.317882984877,0.250169754028,0.20139734447,0.249883115292,0.0483451485634,0.0274518560618,0.0175226591527,0.0112504791468,0.0164149664342,0.00581102119759,0.00346278678626,0.00554709183052],"median":[0.0748909860849,0.359940648079,0.970902204514,1.91755354404,3.46326875687,3.84860229492,6.35240983963,8.32297515869,7.80723190308,10.1622133255,5.87127017975,6.34329891205,9.15169334412,12.2860593796,14.9466323853,9.58874893188,6.01688861847,4.28159379959,2.37817454338,1.54121601582,0.854359984398,0.58532834053,0.465115100145,0.393467485905,0.346986234188,0.284427404404,0.201391845942,0.154824703932,0.109175480902,0.0859768763185,0.0825504362583,0.0567395091057,0.0182912517339,0.00808637682348,0.00519482931122,0.00449022091925,0.00580757763237,0.00280328770168,0.0015590704279,0.00266757188365],"min":[1.13851495652e-21,7.99072385259e-21,7.74030542346e-21,9.0138113688e-21,6.22121116984e-20,4.63364090179e-20,1.40086991693e-19,3.17723511251e-19,3.45226155094e-19,7.0666143128e-19,1.62990397593e-18,4.43382746322e-18,3.28531282529e-18,2.85092037417e-18,3.91257298277e-18,2.12434994632e-18,5.69550785357e-18,4.29360256501e-18,7.22301307353e-18,8.0901961405e-18,6.65561101389e-18,1.21586500689e-17,5.77691566074e-18,8.27705872242e-18,1.60634918081e-17,1.24173648676e-17,1.76595748503e-17,1.73674047318e-17,2.37044354046e-17,1.86279866263e-17,1.6476306219e-17,1.20384665162e-17,1.45326336115e-17,1.30176663817e-17,9.08635982603e-18,6.14085941383e-18,2.69009392242e-18,1.40299220389e-18,4.01188258106e-19,4.48706708219e-20],"var":[1.13092887402,19.6835765839,35.0229301453,91.3204269409,250.692626953,315.074951172,1395.55932617,6424.18310547,8202.41894531,24556.359375,2369.23925781,11106.6767578,17292.84375,19392.5703125,8190.53369141,3716.48535156,2105.2980957,3941.44677734,237.163604736,351.602874756,51.2521324158,58.146774292,1397.5300293,582.746520996,260.16027832,31.8872184753,1.66425848007,0.709375798702,0.26735278964,0.174190104008,0.0980792790651,0.189275681973,0.00758229056373,0.0032568552997,0.00129605701659,0.000428424944403,0.000568760791793,0.0000691385357641,0.0000530315337528,0.0000648979912512]},"erbbands_crest":{"dmean":3.33128070831,"dmean2":5.36096811295,"dvar":8.98198223114,"dvar2":21.7361049652,"max":33.2691421509,"mean":10.6249370575,"median":9.5625333786,"min":2.02375173569,"var":24.4975261688},"erbbands_flatness_db":{"dmean":0.0360247902572,"dmean2":0.0535862520337,"dvar":0.000942005368415,"dvar2":0.00199903524481,"max":0.474545150995,"mean":0.183051303029,"median":0.178892701864,"min":0.0428841710091,"var":0.00358052109368},"erbbands_kurtosis":{"dmean":2.09715867043,"dmean2":3.3017706871,"dvar":11.8485212326,"dvar2":28.2451114655,"max":117.886489868,"mean":2.35339450836,"median":1.16784906387,"min":-1.79348599911,"var":20.5661067963},"erbbands_skewness":{"dmean":0.549713015556,"dmean2":0.840283095837,"dvar":0.243568107486,"dvar2":0.557403564453,"max":8.39279270172,"mean":0.408221334219,"median":0.347877115011,"min":-5.66334056854,"var":0.99521780014},"erbbands_spread":{"dmean":7.57522392273,"dmean2":11.3523197174,"dvar":75.5563964844,"dvar2":154.615036011,"max":133.92539978,"mean":22.0700836182,"median":17.9492874146,"min":0.571725189686,"var":212.292877197},"gfcc":{"cov":[[12837.0957031,850.388305664,-352.428649902,-84.4622421265,-155.993240356,218.344573975,-452.390625,216.236541748,-177.870056152,19.8197536469,132.482055664,-84.4886398315,38.6184463501],[850.388305664,1087.90197754,115.148529053,-479.822845459,5.46383523941,66.6446380615,-57.8905754089,-58.8104858398,8.2885761261,-15.46600914,70.2727355957,-78.224067688,74.2680358887],[-352.428649902,115.148529053,578.820007324,90.089263916,-69.1973876953,69.3799514771,-83.1063842773,74.5162200928,-8.47895336151,10.6404418945,-21.1030597687,-26.8982563019,21.1507492065],[-84.4622421265,-479.822845459,90.089263916,784.854370117,142.112228394,-73.3863601685,125.860862732,114.727760315,57.7854804993,42.9342803955,-54.57629776,82.7822952271,-75.5088119507],[-155.993240356,5.46383523941,-69.1973876953,142.112228394,345.45010376,41.1001663208,97.9720840454,-11.0563831329,25.5609779358,-40.1283035278,18.8500137329,-11.8774785995,7.07503652573],[218.344573975,66.6446380615,69.3799514771,-73.3863601685,41.1001663208,237.577529907,-16.6272468567,33.6018180847,-33.9761428833,18.4603233337,-2.78845238686,-5.03524875641,31.7462730408],[-452.390625,-57.8905754089,-83.1063842773,125.860862732,97.9720840454,-16.6272468567,253.524688721,-1.17653048038,60.3452987671,-8.76065826416,2.39713025093,41.7828826904,-13.8272638321],[216.236541748,-58.8104858398,74.5162200928,114.727760315,-11.0563831329,33.6018180847,-1.17653048038,178.491455078,41.6507492065,44.2984352112,-4.78995323181,7.57993602753,13.5382547379],[-177.870056152,8.2885761261,-8.47895336151,57.7854804993,25.5609779358,-33.9761428833,60.3452987671,41.6507492065,124.667655945,51.7740478516,14.4803686142,11.3310909271,-15.6975622177],[19.8197536469,-15.46600914,10.6404418945,42.9342803955,-40.1283035278,18.4603233337,-8.76065826416,44.2984352112,51.7740478516,118.933692932,34.377204895,23.1027679443,3.60075688362],[132.482055664,70.2727355957,-21.1030597687,-54.57629776,18.8500137329,-2.78845238686,2.39713025093,-4.78995323181,14.4803686142,34.377204895,83.7893981934,25.6475601196,12.7045478821],[-84.4886398315,-78.224067688,-26.8982563019,82.7822952271,-11.8774785995,-5.03524875641,41.7828826904,7.57993602753,11.3310909271,23.1027679443,25.6475601196,82.1622085571,18.1708374023],[38.6184463501,74.2680358887,21.1507492065,-75.5088119507,7.07503652573,31.7462730408,-13.8272638321,13.5382547379,-15.6975622177,3.60075688362,12.7045478821,18.1708374023,84.4389953613]],"icov":[[0.000122415149235,-0.000176096262294,0.000280515872873,-0.000333711621352,0.000290455413051,-0.000258457352174,0.000239193803282,-0.000149293729919,0.0000340773549397,0.000325546978274,-0.000522472488228,0.000404567952501,-0.000149843646795],[-0.000176096262294,0.00178067362867,-0.000889475864824,0.00129153428134,-0.000650344940368,0.000336740456987,-0.000517519481946,0.000487263547257,-0.000654012721498,-0.00034300290281,-0.000197207788005,0.000428114173701,-0.0005122985458],[0.000280515872873,-0.000889475864824,0.00326211354695,-0.00243059149943,0.00230341171846,-0.00195497786626,0.00119468464982,-0.000314921926474,-0.000880548672285,0.00224696658552,-0.00256711640395,0.0033584178891,-0.00214445823804],[-0.000333711621352,0.00129153428134,-0.00243059149943,0.00589188933372,-0.00468746991828,0.00337686645798,-0.00116820435505,-0.00213403441012,0.00224989186972,-0.00468284124509,0.00686259800568,-0.00786559004337,0.00544633390382],[0.000290455413051,-0.000650344940368,0.00230341171846,-0.00468746991828,0.00790443923324,-0.00403316086158,-0.000440643751062,0.00182132096961,-0.00344872009009,0.00624202890322,-0.00793178286403,0.00849460903555,-0.00538157764822],[-0.000258457352174,0.000336740456987,-0.00195497786626,0.00337686645798,-0.00403316086158,0.00760202761739,-0.00103804899845,-0.00210553198121,0.00432906718925,-0.00541894277558,0.00546844350174,-0.00464769126847,0.00219213380478],[0.000239193803282,-0.000517519481946,0.00119468464982,-0.00116820435505,-0.000440643751062,-0.00103804899845,0.00661261379719,0.000179035894689,-0.00323358899914,0.00260932696983,-0.000334411131917,-0.00244541931897,0.000347360677551],[-0.000149293729919,0.000487263547257,-0.000314921926474,-0.00213403441012,0.00182132096961,-0.00210553198121,0.000179035894689,0.00902012456208,-0.00406055012718,0.0000989223990473,-0.00136528664734,0.0034707931336,-0.00426820898429],[0.0000340773549397,-0.000654012721498,-0.000880548672285,0.00224989186972,-0.00344872009009,0.00432906718925,-0.00323358899914,-0.00406055012718,0.0160522386432,-0.00893820263445,0.00365613168105,-0.00332812173292,0.00510648963973],[0.000325546978274,-0.00034300290281,0.00224696658552,-0.00468284124509,0.00624202890322,-0.00541894277558,0.00260932696983,0.0000989223990473,-0.00893820263445,0.0192913152277,-0.0116212517023,0.00512986490503,-0.00451156497002],[-0.000522472488228,-0.000197207788005,-0.00256711640395,0.00686259800568,-0.00793178286403,0.00546844350174,-0.000334411131917,-0.00136528664734,0.00365613168105,-0.0116212517023,0.0266898553818,-0.0160165466368,0.00657125422731],[0.000404567952501,0.000428114173701,0.0033584178891,-0.00786559004337,0.00849460903555,-0.00464769126847,-0.00244541931897,0.0034707931336,-0.00332812173292,0.00512986490503,-0.0160165466368,0.030871802941,-0.0134289432317],[-0.000149843646795,-0.0005122985458,-0.00214445823804,0.00544633390382,-0.00538157764822,0.00219213380478,0.000347360677551,-0.00426820898429,0.00510648963973,-0.00451156497002,0.00657125422731,-0.0134289432317,0.0211802851409]],"mean":[-67.0197525024,122.527763367,-74.5987167358,-15.9121780396,-30.09806633,-4.80785131454,-5.61275720596,-14.8984413147,-8.69033336639,-7.47022485733,-0.172334417701,-0.458460450172,-6.40737104416]},"hfc":{"dmean":27.9571895599,"dmean2":39.1156692505,"dvar":3717.29150391,"dvar2":7438.94238281,"max":2651.05810547,"mean":99.8212432861,"median":56.5724601746,"min":1.22670659848e-16,"var":20124.5761719},"melbands":{"dmean":[0.00380521989428,0.00159271794837,0.000544281909242,0.000388372980524,0.000274958991213,0.000425228761742,0.000327137822751,0.000220348854782,0.0000776631568442,0.000128492494696,0.000109071814222,0.00011267431546,0.0000905487977434,0.0000783395953476,0.0000313098134939,0.0000273471232504,0.0000214212068386,0.00000780773461884,0.00000521938591191,0.00000535075423613,0.00000239981636696,0.00000225068629334,0.00000234262256527,0.00000354445774065,0.0000019167021037,0.00000210085340768,0.00000172949467014,9.31878730626e-7,3.84969524703e-7,3.38653705967e-7,2.47985184387e-7,1.72267476728e-7,1.4443936891e-7,1.34444178457e-7,1.03649476557e-7,9.72467191218e-8,5.58603368006e-8,2.88244095259e-8,2.45719196101e-8,2.17188471652e-8],"dmean2":[0.00633653486148,0.0025477304589,0.000858439074364,0.00059798406437,0.000400902412366,0.000633278978057,0.000491694314405,0.000333810516167,0.000120891912957,0.000195681277546,0.000170294748386,0.000172037689481,0.000140446558362,0.000124740588944,0.0000495816857438,0.0000416641923948,0.00003234696851,0.0000119563883345,0.00000810657093098,0.00000848316267366,0.00000351708445123,0.00000332392392011,0.00000342618841387,0.00000558883266422,0.00000286031172436,0.00000335366075888,0.00000282106316263,0.00000152248480845,6.02192983479e-7,5.46235810361e-7,4.05428551176e-7,2.76765831586e-7,2.32913990317e-7,2.1974808817e-7,1.68297660252e-7,1.57467297868e-7,9.15750817398e-8,4.6743910076e-8,3.97743171732e-8,3.51085382988e-8],"dvar":[0.0000802315262263,0.0000173897424247,0.00000127102669012,6.95852349963e-7,3.84090668604e-7,0.00000121647281048,9.82218239187e-7,6.55121823456e-7,6.24224725243e-8,3.35872783808e-7,2.54340790207e-7,1.5400105724e-7,6.68340973675e-8,5.08387962839e-8,9.50589029713e-9,6.52263221212e-9,5.79744297013e-9,4.52730186673e-10,1.74845068979e-10,3.72028935436e-10,2.67070549703e-11,3.8260485058e-11,1.30880764559e-10,2.13178141806e-9,2.29128313545e-10,8.17207065906e-11,6.43228317831e-11,5.164221481e-12,3.79097605087e-13,3.01843185863e-13,1.49461470761e-13,6.75751501197e-14,4.66856574558e-14,4.47527655396e-14,2.46490348477e-14,2.15369019683e-14,7.78984353151e-15,3.14237280267e-15,2.39759388456e-15,1.88211949078e-15],"dvar2":[0.000215024410863,0.000041962164687,0.00000305740627482,0.00000145909439198,6.44836802621e-7,0.00000261669561041,0.00000217999604502,0.00000113408339075,1.32808736453e-7,6.71321402024e-7,5.80209814416e-7,3.35454302558e-7,1.40008125982e-7,1.26095315522e-7,2.32242758358e-8,1.35352031805e-8,1.18983596309e-8,1.03388464456e-9,4.17761075733e-10,8.63738303103e-10,5.15791506728e-11,7.74291464278e-11,2.66106164881e-10,4.4469135041e-9,5.32460742164e-10,1.76218192816e-10,1.32074934323e-10,1.31653030491e-11,8.10073037295e-13,7.02680535286e-13,3.61275001885e-13,1.54961072728e-13,1.09968464727e-13,1.07353945069e-13,5.75447824699e-14,5.15318277145e-14,1.94383609008e-14,7.29887189506e-15,5.55858341262e-15,4.36039178126e-15],"max":[0.112978905439,0.055115506053,0.0246058106422,0.0332380980253,0.0368295013905,0.0329200476408,0.0245171561837,0.044737432152,0.0114390812814,0.0286565180868,0.0205869022757,0.0194052867591,0.0114379720762,0.00636414857581,0.00355717469938,0.00280814105645,0.00366018526256,0.000932980328798,0.000447423750302,0.000565304595511,0.000126777376863,0.000226649848628,0.000647035543807,0.00291624898091,0.000798835651949,0.000466835015686,0.00040612265002,0.0000900397426449,0.00000878625360201,0.00000935183015827,0.00000622460720479,0.00000472897681902,0.00000333317848344,0.00000343609281117,0.00000325985911331,0.0000027756302643,0.00000152911297846,0.00000117725380733,0.0000010353627431,9.16402484563e-7],"mean":[0.00369510985911,0.00177983753383,0.000921130005736,0.000662916747387,0.000483385636471,0.000707300729118,0.00052440573927,0.000350278482074,0.000122176323202,0.000195340748178,0.000162351119798,0.000175956694875,0.00013793927792,0.000111678018584,0.0000467827339889,0.0000419950956712,0.0000319313076034,0.0000116289393191,0.00000745806028135,0.00000710803305992,0.00000311655730911,0.00000290634557132,0.00000296159919344,0.00000411959535995,0.00000225033727475,0.0000022203696517,0.00000176316132183,9.41528867315e-7,4.32379266613e-7,3.61877340538e-7,2.57275161175e-7,1.85096169503e-7,1.49633947899e-7,1.34245510708e-7,1.06329473226e-7,1.61114897423e-7,1.2639986835e-7,2.9234161758e-8,2.49224072491e-8,2.21795684041e-8],"median":[0.000656969205011,0.000576385296881,0.000419141142629,0.000274569436442,0.000211653197766,0.0001912322914,0.00012704639812,0.0000976705778157,0.000041154497012,0.0000392756301153,0.000042687079258,0.0000439942887169,0.000050210612244,0.0000251319270319,0.0000155003162945,0.000011128209735,0.00000660273599351,0.00000350559207618,0.00000225429312195,0.00000146152490288,8.07223557331e-7,5.94085236116e-7,4.68654263841e-7,3.59609259704e-7,3.04304933252e-7,2.75785993153e-7,1.97483004172e-7,1.79461508765e-7,1.22602543229e-7,1.04496820086e-7,8.21135657247e-8,6.23243465725e-8,5.1325020678e-8,4.46187620184e-8,3.65469894348e-8,4.90301381717e-8,2.62851269639e-8,8.39013392095e-9,7.06012359686e-9,6.30020036141e-9],"min":[1.11302365159e-23,6.57909837182e-24,3.10867955199e-24,4.07676058298e-24,4.33439466602e-24,6.70684492909e-24,5.82413166425e-24,7.97976508525e-24,1.93919160339e-23,2.63979711712e-23,1.59454316484e-23,1.16765045489e-23,1.08643122936e-23,7.58158281018e-24,9.86394279129e-24,9.24476744451e-24,8.40643312762e-24,1.17305572981e-23,1.13297638935e-23,1.01128039522e-23,6.76875473293e-24,1.36985112435e-23,5.7525839523e-24,5.11565134654e-24,6.34065727461e-24,1.16921224171e-23,8.8751277347e-24,7.9906844979e-24,1.14620393012e-23,8.96335314948e-24,1.12801342873e-23,1.38407097325e-23,1.24946172054e-23,9.48753386606e-24,9.65682578291e-24,8.42678968327e-24,6.8033368173e-24,1.00740472159e-23,8.79727820741e-24,1.20851912958e-23],"var":[0.0000695324852131,0.0000166382233147,0.00000256851512859,0.00000197643794309,0.00000128910551211,0.00000276674472843,0.00000202795763471,0.00000205492005989,1.37187825544e-7,6.28638360922e-7,4.30652448813e-7,3.47418080082e-7,1.38173646747e-7,8.5830805574e-8,1.36365470027e-8,1.34322393208e-8,1.14551275132e-8,7.17812975726e-10,2.98862823378e-10,6.00027028064e-10,5.00118314817e-11,6.68789884584e-11,1.80546813611e-10,2.56507304286e-9,2.63492505592e-10,1.29043858932e-10,1.10551651167e-10,5.95928861813e-12,6.15344526635e-13,4.17614293841e-13,1.90969825674e-13,9.32873231245e-14,6.07242527746e-14,5.35902024796e-14,3.17915080383e-14,5.91979129562e-14,5.17467233614e-14,3.63192015321e-15,2.75574715499e-15,2.16969755252e-15]},"melbands_crest":{"dmean":4.59651470184,"dmean2":7.38110685349,"dvar":17.8421649933,"dvar2":43.0057449341,"max":39.1971931458,"mean":16.2346191406,"median":14.6579446793,"min":2.48715925217,"var":48.6161308289},"melbands_flatness_db":{"dmean":0.0495889931917,"dmean2":0.0774286910892,"dvar":0.00169315072708,"dvar2":0.00428686197847,"max":0.724441111088,"mean":0.303118109703,"median":0.301577955484,"min":0.00595494313166,"var":0.00437002442777},"melbands_kurtosis":{"dmean":13.1114139557,"dmean2":21.9140205383,"dvar":3161.98339844,"dvar2":8934.65234375,"max":2999.24707031,"mean":14.9847602844,"median":4.91178178787,"min":-1.92761433125,"var":2776.13525391},"melbands_skewness":{"dmean":1.05175447464,"dmean2":1.61036026478,"dvar":2.11537075043,"dvar2":5.12461090088,"max":47.3697433472,"mean":2.28762459755,"median":1.80454957485,"min":-3.86799263954,"var":4.78139925003},"melbands_spread":{"dmean":4.35875225067,"dmean2":6.81308078766,"dvar":32.1825485229,"dvar2":68.6906204224,"max":132.775497437,"mean":12.4768218994,"median":10.4481124878,"min":0.0513613522053,"var":99.7704544067},"mfcc":{"cov":[[9421.21679688,1278.07580566,-699.665344238,347.443603516,-168.634536743,146.098693848,-87.8949813843,61.3771896362,-172.920074463,67.3311691284,-100.120811462,34.0097160339,-0.935447394848],[1278.07580566,1780.27319336,28.3204517365,-475.420257568,-34.4602394104,-19.4938278198,-6.01096773148,-108.511123657,-69.3573760986,-53.2422828674,-38.4675178528,-23.3477878571,-33.3378639221],[-699.665344238,28.3204517365,611.376464844,-8.5585269928,28.3206367493,-53.779094696,-26.353635788,-41.2016067505,45.269443512,6.76932048798,4.89150476456,-1.61433553696,-20.7648162842],[347.443603516,-475.420257568,-8.5585269928,679.591125488,52.8192634583,48.0933952332,-9.79163265228,129.511993408,35.4495162964,75.6856613159,28.427904129,28.3103065491,46.3063774109],[-168.634536743,-34.4602394104,28.3206367493,52.8192634583,261.159515381,28.7312927246,61.8348350525,8.04434585571,35.5384178162,9.65801620483,6.06047201157,3.11710858345,-14.0584087372],[146.098693848,-19.4938278198,-53.779094696,48.0933952332,28.7312927246,184.93888855,60.9653053284,43.3300895691,2.07338285446,9.97262763977,-7.25656938553,6.96120500565,6.22960662842],[-87.8949813843,-6.01096773148,-26.353635788,-9.79163265228,61.8348350525,60.9653053284,131.990066528,52.3687744141,30.7748222351,-24.2658367157,12.5021629333,-7.93635940552,11.4889230728],[61.3771896362,-108.511123657,-41.2016067505,129.511993408,8.04434585571,43.3300895691,52.3687744141,127.229232788,44.5073204041,30.6187038422,-9.79793548584,9.35966587067,3.97365140915],[-172.920074463,-69.3573760986,45.269443512,35.4495162964,35.5384178162,2.07338285446,30.7748222351,44.5073204041,116.819450378,32.1930809021,35.9760093689,-5.67892742157,22.0298709869],[67.3311691284,-53.2422828674,6.76932048798,75.6856613159,9.65801620483,9.97262763977,-24.2658367157,30.6187038422,32.1930809021,104.123893738,26.6717586517,25.1761264801,-11.8806648254],[-100.120811462,-38.4675178528,4.89150476456,28.427904129,6.06047201157,-7.25656938553,12.5021629333,-9.79793548584,35.9760093689,26.6717586517,95.4514694214,36.1462783813,32.4493103027],[34.0097160339,-23.3477878571,-1.61433553696,28.3103065491,3.11710858345,6.96120500565,-7.93635940552,9.35966587067,-5.67892742157,25.1761264801,36.1462783813,70.5146636963,32.3815574646],[-0.935447394848,-33.3378639221,-20.7648162842,46.3063774109,-14.0584087372,6.22960662842,11.4889230728,3.97365140915,22.0298709869,-11.8806648254,32.4493103027,32.3815574646,81.4220046997]],"icov":[[0.00015541218454,-0.00016317841073,0.000189097321709,-0.000231269295909,0.000129974097945,-0.0000562994864595,-0.0000375242198061,0.000179712515092,-0.0000623079467914,-0.0000699451484252,0.000251668039709,-0.000231829995755,0.00013655188377],[-0.00016317841073,0.000878577760886,-0.000272042991128,0.000775903172325,-0.000225563693675,-0.00000646792432235,0.0000992961722659,-0.000275369355222,0.000543711299542,-0.000155834932229,-0.000276676000794,0.000571225304157,-0.000478578469483],[0.000189097321709,-0.000272042991128,0.00220308522694,-0.000757099885959,0.000416754191974,0.00033852600609,-0.000523005786818,0.00216618087143,-0.00233897939324,0.00040529348189,0.00143950467464,-0.00215628952719,0.00187319843099],[-0.000231269295909,0.000775903172325,-0.000757099885959,0.00351035920903,-0.00175028236117,-0.000462503929157,0.0029930616729,-0.00526119675487,0.00322633911856,-0.00115340005141,-0.00291789206676,0.00400169054046,-0.00377667788416],[0.000129974097945,-0.000225563693675,0.000416754191974,-0.00175028236117,0.00595187302679,0.000169233273482,-0.00496782921255,0.00523294927552,-0.00408012745902,-0.000181001290912,0.00339252525009,-0.00485751824453,0.00412847474217],[-0.0000562994864595,-0.00000646792432235,0.00033852600609,-0.000462503929157,0.000169233273482,0.00721514131874,-0.00434655044228,0.00044462524238,0.000645413936581,-0.00201355363242,0.00212013465352,-0.00116572866682,-0.000434888119344],[-0.0000375242198061,0.0000992961722659,-0.000523005786818,0.0029930616729,-0.00496782921255,-0.00434655044228,0.0193074885756,-0.0130038736388,0.00298522342928,0.0062757008709,-0.00934309698641,0.00787894707173,-0.00371219986118],[0.000179712515092,-0.000275369355222,0.00216618087143,-0.00526119675487,0.00523294927552,0.00044462524238,-0.0130038736388,0.0253511890769,-0.012450331822,-0.00303501170129,0.0135662425309,-0.0135855311528,0.00782322604209],[-0.0000623079467914,0.000543711299542,-0.00233897939324,0.00322633911856,-0.00408012745902,0.000645413936581,0.00298522342928,-0.012450331822,0.0218945220113,-0.00644405465573,-0.0104908226058,0.0158013384789,-0.0117443716154],[-0.0000699451484252,-0.000155834932229,0.00040529348189,-0.00115340005141,-0.000181001290912,-0.00201355363242,0.0062757008709,-0.00303501170129,-0.00644405465573,0.018920192495,-0.00422587618232,-0.00760500133038,0.00929303839803],[0.000251668039709,-0.000276676000794,0.00143950467464,-0.00291789206676,0.00339252525009,0.00212013465352,-0.00934309698641,0.0135662425309,-0.0104908226058,-0.00422587618232,0.0241731833667,-0.014582904987,0.00138364941813],[-0.000231829995755,0.000571225304157,-0.00215628952719,0.00400169054046,-0.00485751824453,-0.00116572866682,0.00787894707173,-0.0135855311528,0.0158013384789,-0.00760500133038,-0.014582904987,0.0353023819625,-0.0174057427794],[0.00013655188377,-0.000478578469483,0.00187319843099,-0.00377667788416,0.00412847474217,-0.000434888119344,-0.00371219986118,0.00782322604209,-0.0117443716154,0.00929303839803,0.00138364941813,-0.0174057427794,0.0265054423362]],"mean":[-733.689208984,183.770339966,8.96179294586,10.1661148071,-4.77970981598,12.8343334198,4.86047315598,6.46517133713,-6.60196638107,3.07871675491,-3.3549079895,3.13183879852,1.6205933094]},"pitch_salience":{"dmean":0.0883441716433,"dmean2":0.140503317118,"dvar":0.00656852964312,"dvar2":0.0156684610993,"max":0.869888901711,"mean":0.521203279495,"median":0.540679812431,"min":0.044573392719,"var":0.0173738002777},"silence_rate_20dB":{"dmean":0,"dmean2":0,"dvar":0,"dvar2":0,"max":1,"mean":1,"median":1,"min":1,"var":0},"silence_rate_30dB":{"dmean":0.0700600519776,"dmean2":0.140130117536,"dvar":0.0651410594583,"dvar2":0.143382638693,"max":1,"mean":0.92687112093,"median":1,"min":0,"var":0.0677916407585},"silence_rate_60dB":{"dmean":0.0201601367444,"dmean2":0.0403231568635,"dvar":0.0197556614876,"dvar2":0.0434158779681,"max":1,"mean":0.0936450064182,"median":0,"min":0,"var":0.0848789736629},"spectral_centroid":{"dmean":173.047470093,"dmean2":264.190093994,"dvar":57906.5546875,"dvar2":118675.882812,"max":11069.4228516,"mean":724.300964355,"median":602.605773926,"min":108.798995972,"var":242150.921875},"spectral_complexity":{"dmean":2.63668870926,"dmean2":3.9872739315,"dvar":11.3526086807,"dvar2":19.250125885,"max":49,"mean":12.1373224258,"median":12,"min":0,"var":46.8635864258},"spectral_contrast_coeffs":{"dmean":[0.0533910617232,0.0523833222687,0.0427137352526,0.0349666364491,0.030903654173,0.0514853708446],"dmean2":[0.0850933566689,0.0844312384725,0.069215118885,0.0558906942606,0.0479745157063,0.0775012597442],"dvar":[0.00185198278632,0.00176009209827,0.00123096257448,0.000829577678815,0.000688613275997,0.00254499283619],"dvar2":[0.00459157070145,0.00456343684345,0.00314224860631,0.00204432103783,0.0015684136888,0.00539871305227],"max":[-0.323208093643,-0.412860870361,-0.404209554195,-0.530688166618,-0.49082455039,-0.491494357586],"mean":[-0.683176577091,-0.746051847935,-0.77494519949,-0.80995619297,-0.859792530537,-0.798910498619],"median":[-0.686052203178,-0.752820730209,-0.779605686665,-0.813905656338,-0.858540892601,-0.8206127882],"min":[-0.987803697586,-0.992685675621,-0.984427571297,-0.984154999256,-0.970694422722,-0.956026852131],"var":[0.00818710681051,0.00621979078278,0.00465726852417,0.00340238236822,0.00225023645908,0.00448666140437]},"spectral_contrast_valleys":{"dmean":[0.465696275234,0.384112656116,0.38205820322,0.429004311562,0.62533980608,0.696515917778],"dmean2":[0.714404642582,0.614934444427,0.58121150732,0.634867966175,0.923348546028,1.09410989285],"dvar":[0.198241055012,0.125162124634,0.136219486594,0.171219065785,0.299034178257,0.380386769772],"dvar2":[0.377686858177,0.267012149096,0.283115804195,0.332400351763,0.624476790428,0.926808595657],"max":[-4.73207759857,-4.45474672318,-4.81362867355,-5.84876060486,-6.01468133926,-8.73327636719],"mean":[-7.19093608856,-6.72955989838,-7.30423927307,-8.23110198975,-8.62285804749,-11.4953794479],"median":[-6.9783616066,-6.4983792305,-7.07134866714,-8.0696554184,-8.51533317566,-11.318693161],"min":[-27.1623325348,-27.4073486328,-26.9867553711,-27.0618247986,-27.0774230957,-27.3340263367],"var":[1.6570264101,1.55320954323,1.55234217644,1.38770651817,1.34673368931,1.59391283989]},"spectral_decrease":{"dmean":5.05050667954e-9,"dmean2":7.48597805966e-9,"dvar":8.3177722213e-17,"dvar2":1.96412818841e-16,"max":1.84097643796e-8,"mean":-7.92923060544e-9,"median":-3.84393450403e-9,"min":-1.17679952893e-7,"var":1.26806311448e-16},"spectral_energy":{"dmean":0.019795095548,"dmean2":0.0291729569435,"dvar":0.00120656227227,"dvar2":0.00284193246625,"max":0.46090978384,"mean":0.0389808304608,"median":0.0238704122603,"min":1.07241575349e-20,"var":0.00201348192059},"spectral_energyband_high":{"dmean":0.0000634632160654,"dmean2":0.0000987391977105,"dvar":1.07433839602e-8,"dvar2":2.23700986623e-8,"max":0.00358272762969,"mean":0.0000892805401236,"median":0.0000411349647038,"min":8.01794164904e-21,"var":1.97264355961e-8},"spectral_energyband_low":{"dmean":0.0149892633781,"dmean2":0.0238466821611,"dvar":0.00110463099554,"dvar2":0.00280751474202,"max":0.418307811022,"mean":0.0171976275742,"median":0.00489503145218,"min":4.80751304729e-23,"var":0.00111368158832},"spectral_energyband_middle_high":{"dmean":0.00179299910087,"dmean2":0.00260871229693,"dvar":0.0000134535366669,"dvar2":0.0000276169321296,"max":0.116612575948,"mean":0.0038116290234,"median":0.00175263546407,"min":1.39875464081e-21,"var":0.0000417827104684},"spectral_energyband_middle_low":{"dmean":0.00535452878103,"dmean2":0.00781817920506,"dvar":0.0000906590285012,"dvar2":0.000184553922736,"max":0.276371866465,"mean":0.0130616826937,"median":0.00729961693287,"min":3.57158958406e-22,"var":0.000332917552441},"spectral_entropy":{"dmean":0.360193431377,"dmean2":0.540382146835,"dvar":0.0979131832719,"dvar2":0.206697419286,"max":9.78908443451,"mean":7.00271606445,"median":7.0132932663,"min":4.62657213211,"var":0.294869214296},"spectral_flux":{"dmean":0.0373648740351,"dmean2":0.0600587688386,"dvar":0.0024101305753,"dvar2":0.00517555791885,"max":0.535890877247,"mean":0.100939296186,"median":0.0814960598946,"min":1.0355750979e-10,"var":0.00545898312703},"spectral_kurtosis":{"dmean":12.7854967117,"dmean2":20.091375351,"dvar":247.87852478,"dvar2":594.860656738,"max":191.806625366,"mean":24.3263912201,"median":18.1252002716,"min":-1.21602106094,"var":374.751861572},"spectral_rms":{"dmean":0.00130582146812,"dmean2":0.0018109929515,"dvar":0.00000290607977149,"dvar2":0.00000580531423111,"max":0.0212053786963,"mean":0.0053306077607,"median":0.00482578575611,"min":3.23459314888e-12,"var":0.00000961480600381},"spectral_rolloff":{"dmean":2616.55151367,"dmean2":5052.37353516,"dvar":41888888,"dvar2":93860944,"max":22050,"mean":8387.74707031,"median":1119.7265625,"min":21.533203125,"var":100915600},"spectral_skewness":{"dmean":0.995795965195,"dmean2":1.49256968498,"dvar":0.925627529621,"dvar2":2.08896684647,"max":11.4247732162,"mean":3.5064663887,"median":3.25113630295,"min":0.000869962212164,"var":2.02587938309},"spectral_spread":{"dmean":758100.1875,"dmean2":1168349.625,"dvar":468982431744,"dvar2":976856285184,"max":41126036,"mean":3443938,"median":3418473,"min":752690.25,"var":1286401163260},"spectral_strongpeak":{"dmean":5.24849748611,"dmean2":9.487408638,"dvar":269.214050293,"dvar2":679.208496094,"max":291.616577148,"mean":5.70593452454,"median":0.379839986563,"min":0,"var":328.552246094},"zerocrossingrate":{"dmean":0.0418668352067,"dmean2":0.0466005392373,"dvar":0.00198246887885,"dvar2":0.00224732630886,"max":0.8427734375,"mean":0.2167532444,"median":0.17431640625,"min":0.0029296875,"var":0.0247278865427}},"metadata":{"audio_properties":{"analysis_sample_rate":44100,"bit_rate":320000,"codec":"mp3","downmix":"mix","equal_loudness":0,"length":324.780395508,"lossless":false,"md5_encoded":"07b9b3a33ec5a6cb7c00695130df0a2e","replay_gain":-3.28089332581,"sample_rate":44100},"tags":{"acoustid_id":["8a57fe4e-523f-4329-9ce4-f817dfdf47aa"],"album":["Trans"],"albumartist":["Neil Young"],"albumartistsort":["Young, Neil"],"artist":["Neil Young"],"artistsort":["Young, Neil"],"asin":["B000024R1I"],"barcode":["008811935726"],"catalognumber":["GFLD 19357"],"composer":["Neil Young"],"copyright":["(P) 1982 UMG Recordings, Inc."],"date":["1997"],"discnumber":["1/1"],"file_name":"02 Computer Age.mp3","genre":["Pop/Rock, Hard Rock, Album Rock"],"label":["Geffen Records"],"media":["CD"],"musicbrainz album release country":["GB"],"musicbrainz album status":["official"],"musicbrainz album type":["album"],"musicbrainz_albumartistid":["75167b8b-44e4-407b-9d35-effe87b223cf"],"musicbrainz_albumid":["bea65ab9-e114-443e-9127-73b3145e5099"],"musicbrainz_artistid":["75167b8b-44e4-407b-9d35-effe87b223cf"],"musicbrainz_recordingid":["a7a3fcf9-3753-4590-9961-ab3eb143b3a6"],"musicbrainz_releasegroupid":["246568c5-1fe6-35b2-b056-c94d6c484eac"],"musicbrainz_workid":["331e9aaf-94f2-370e-b3b6-9a44a6af7be7"],"originaldate":["1982-12-29"],"script":["Latn"],"title":["Computer Age"],"tracknumber":["2/9"]},"version":{"essentia":"2.1-beta1","essentia_build_sha":"ca57ba49d9b1854bd80e60cf9ccf267278fb7d6b","essentia_git_sha":"v2.1_beta1-28-g21ef5f4-dirty","extractor":"music 1.0"}},"rhythm":{"beats_count":692,"beats_loudness":{"dmean":0.0357714034617,"dmean2":0.0634875148535,"dvar":0.00109336990863,"dvar2":0.00343860173598,"max":0.260085493326,"mean":0.0796895995736,"median":0.0754512548447,"min":3.81806074756e-7,"var":0.00180354027543},"beats_loudness_band_ratio":{"dmean":[0.160103172064,0.0810013785958,0.0691185519099,0.0607310719788,0.01128204818