{"lowlevel":{"average_loudness":0.85526239872,"barkbands":{"dmean":[0.00485835876316,0.0122689120471,0.00228052027524,0.000683081743773,0.00180909712799,0.000698415969964,0.000633006566204,0.000345333770383,0.000529722019564,0.000548469542991,0.000396250223275,0.000767130288295,0.000599999330007,0.000687724095769,0.000484616495669,0.000338817713782,0.000339462043485,0.00036508217454,0.000240817142185,0.000110513705295,0.0000677662683302,0.0000345660846506,0.0000192762581719,0.00000741839949114,0.00000272318879979,0.0000212595605262,0.000614335003775],"dmean2":[0.0083309430629,0.0210794918239,0.00385049823672,0.00114043138456,0.00304711982608,0.00113981228787,0.00100882863626,0.000563735433389,0.000840470136609,0.000901403953321,0.00066474173218,0.00129659136292,0.00102186133154,0.00117007712834,0.000827109266538,0.000580684980378,0.000575732148718,0.000608617672697,0.000393951107981,0.000178178961505,0.000105582934339,0.0000508110642841,0.0000287518669211,0.0000115062111945,0.00000449709614259,0.000031485920772,0.000965293787885],"dvar":[0.00010911165009,0.000550754484721,0.0000172138643393,0.00000166662493939,0.0000163319327839,0.00000262083017333,0.00000382640746466,0.0000010982588492,0.00000180383017323,0.00000125859492073,8.32795933547e-7,0.00000140883139466,7.1759899356e-7,9.27427265651e-7,5.30537136001e-7,2.76415818234e-7,4.51265492529e-7,4.35063952864e-7,1.96706722022e-7,5.33018180704e-8,2.46870222043e-8,7.78525066636e-9,2.03098604601e-9,2.68273264714e-10,2.21176601339e-11,2.7312816453e-9,6.94087304964e-7],"dvar2":[0.000286925758701,0.00149729743134,0.000046997294703,0.00000429425608672,0.0000437658891315,0.00000648692821414,0.00000922367235034,0.00000252454265137,0.00000397055600843,0.00000311388703267,0.00000209627933145,0.00000379067000722,0.00000202738806365,0.00000258169347944,0.00000143092177041,7.56544636715e-7,0.000001224903599,0.00000116002013328,5.14786108852e-7,1.21633505046e-7,5.05365669312e-8,1.23011343334e-8,4.17988799128e-9,6.02468741562e-10,5.54341017533e-11,5.99464655693e-9,0.00000169013765117],"max":[0.14262586832,0.272713035345,0.0575394295156,0.0307541489601,0.0574479103088,0.0433982685208,0.0516942702234,0.0350575856864,0.0431445762515,0.0290230792016,0.0310296360403,0.0268783345819,0.0126750096679,0.0151725672185,0.014462008141,0.00742339110002,0.0104502374306,0.01242978964,0.010030856356,0.0103642707691,0.00981297716498,0.00688470480964,0.00128684868105,0.000657238706481,0.0000645140535198,0.00152792735025,0.0236707180738],"mean":[0.00588772399351,0.014940386638,0.0028787816409,0.000862853252329,0.002463264158,0.00107457709964,0.000998513540253,0.000501910573803,0.000875864527188,0.000898826750927,0.000609676004387,0.00135251041502,0.00110785046127,0.00135602557566,0.000873087439686,0.000607801834121,0.000608858827036,0.000715661444701,0.000521938607562,0.000258483953075,0.000170586397871,0.0000810166893643,0.0000381667778129,0.0000110213450171,0.00000290337084152,0.0000396778086724,0.00221807975322],"median":[0.00211285380647,0.00679392274469,0.00116954848636,0.000342610786902,0.00110221898649,0.000366111518815,0.000201007031137,0.000119670185086,0.000237964646658,0.000404377904488,0.000305010355078,0.000846180366352,0.000739454757422,0.000985715305433,0.000632457435131,0.000429099600296,0.000358189397957,0.000469492108095,0.000342301966157,0.000169703300344,0.000111940127681,0.0000421497679781,0.0000162933538377,0.00000411945347878,0.00000105224421532,0.0000160532035807,0.00200518406928],"min":[6.90123445563e-24,1.07358021189e-23,8.67222699064e-25,1.06221639445e-24,1.25521204322e-23,2.17329917211e-23,2.04750678107e-23,2.33922738605e-23,1.24820837833e-23,3.33104721383e-23,3.20960649509e-23,5.23567393003e-23,4.83622916196e-23,3.90141447423e-23,8.29862171651e-23,9.13451577108e-23,8.8631129098e-23,1.16735194992e-22,1.72231092669e-22,2.12165490989e-22,2.69657042673e-22,4.51627083912e-22,5.44778102007e-22,6.87111833374e-22,1.03485090905e-21,1.49667073219e-21,2.05108803288e-21],"var":[0.000103883845441,0.000518528220709,0.0000213366420212,0.00000224320592679,0.0000181535415322,0.00000452900621895,0.00000924725281948,0.00000214365445572,0.00000505513571625,0.00000252005202128,0.00000137354970775,0.00000296627308671,0.00000158673879014,0.00000219484263653,0.00000100564398053,4.65307891773e-7,7.48669435779e-7,7.77674017627e-7,4.54111187764e-7,1.5457300151e-7,7.80713023119e-8,2.65176076653e-8,4.76861927723e-9,4.30029317711e-10,2.43939625444e-11,4.98765606594e-9,0.00000447427464678]},"barkbands_crest":{"dmean":2.99858260155,"dmean2":4.92105817795,"dvar":7.47924757004,"dvar2":19.5920753479,"max":26.5509185791,"mean":10.5350971222,"median":9.579870224,"min":2.60249638557,"var":23.1924037933},"barkbands_flatness_db":{"dmean":0.0274499244988,"dmean2":0.0441435165703,"dvar":0.000829936063383,"dvar2":0.00212345342152,"max":0.489225029945,"mean":0.131202533841,"median":0.115679442883,"min":0.0265786442906,"var":0.00331844645552},"barkbands_kurtosis":{"dmean":6.96657133102,"dmean2":11.3853034973,"dvar":693.723693848,"dvar2":1697.17004395,"max":1286.04638672,"mean":8.65052318573,"median":1.5421589613,"min":-1.95278215408,"var":985.74420166},"barkbands_skewness":{"dmean":0.779224991798,"dmean2":1.24918806553,"dvar":1.21480369568,"dvar2":3.00504946709,"max":26.5193443298,"mean":1.91159617901,"median":1.4639108181,"min":-10.6789388657,"var":3.89514040947},"barkbands_spread":{"dmean":10.741973877,"dmean2":17.1648044586,"dvar":114.311592102,"dvar2":283.33215332,"max":138.001846313,"mean":43.2685508728,"median":43.8760375977,"min":0.237351983786,"var":468.156585693},"dissonance":{"dmean":0.0136504936963,"dmean2":0.0230573210865,"dvar":0.000370548252249,"dvar2":0.000973746355157,"max":0.500000178814,"mean":0.478053808212,"median":0.486846297979,"min":0.147756755352,"var":0.000739979092032},"dynamic_complexity":5.17852640152,"erbbands":{"dmean":[0.600344538689,1.97561573982,2.94276070595,2.11899447441,3.48702478409,7.74285125732,5.61810827255,6.59859609604,8.12351894379,8.69629383087,7.98969078064,11.8504114151,12.7184705734,17.9728908539,16.7240066528,33.1556053162,27.1378154755,29.6850318909,27.5402126312,24.277305603,15.4780054092,20.1085548401,19.5174427032,17.161397934,8.48529243469,5.18957519531,3.65052318573,1.99732005596,1.31483495235,0.883381962776,0.492179125547,0.248055517673,0.0742508098483,0.0318944454193,0.0189689584076,0.0185319371521,0.0455879494548,0.0462597310543,0.0232905875891,0.0139790559188],"dmean2":[1.03783404827,3.39300179482,5.00093698502,3.50292301178,5.90180063248,13.0865926743,9.30973434448,10.7267408371,12.9373216629,13.9395627975,12.8738384247,18.856628418,21.0373420715,29.4990558624,28.0407371521,56.2306976318,46.123260498,50.7339019775,46.5070381165,41.7749137878,26.5211791992,33.9231033325,32.6136779785,28.3458099365,13.7801971436,8.36177253723,5.73110103607,3.07575011253,1.95874285698,1.31344342232,0.737798929214,0.379232883453,0.117159828544,0.0524666681886,0.031263332814,0.0293154921383,0.0670511573553,0.064443744719,0.0329732745886,0.0218825228512],"dvar":[1.58598589897,12.514673233,27.5924701691,14.512046814,54.4328804016,354.5262146,147.219207764,244.206634521,674.015014648,708.815124512,585.993286133,982.367004395,836.02545166,1512.85205078,1261.46289062,2790.71899414,1461.7833252,1733.99438477,1498.53686523,1345.7364502,749.331542969,1596.00268555,1360.29907227,1066.87854004,214.360458374,112.38936615,73.5973510742,23.2937488556,12.4157772064,4.60129117966,1.35601198673,0.363554984331,0.0195751488209,0.00310343666933,0.00107347464655,0.00110125681385,0.0124591542408,0.0142873311415,0.00366609334014,0.000311968033202],"dvar2":[4.33864545822,34.5056266785,75.7117767334,37.2571716309,144.729171753,949.249023438,367.887908936,609.493164062,1649.67456055,1636.21252441,1343.2512207,2194.94067383,2154.76928711,3799.21289062,3134.52124023,7479.38330078,4105.52880859,4914.48486328,4016.46142578,3676.78198242,2070.55200195,4296.21142578,3601.79199219,2849.95996094,525.131103516,251.636169434,159.534042358,42.2933883667,20.8262825012,8.83046150208,2.84325671196,0.804981827736,0.044684369117,0.00779142882675,0.00267539639026,0.00259075732902,0.0271642245352,0.0230463016778,0.00577073404565,0.00076200265903],"max":[13.2655668259,39.6967353821,70.1704864502,67.7040710449,162.467681885,287.528045654,244.682830811,400.403594971,775.365783691,1136.87890625,891.87878418,1082.4465332,768.149963379,1104.64550781,1152.77355957,1370.16540527,554.664001465,692.61517334,788.802185059,713.676635742,426.268157959,734.971862793,721.282836914,848.34942627,424.69329834,533.33001709,484.028930664,303.846496582,253.439529419,117.463058472,37.3453216553,23.6163158417,3.40086603165,1.02810585499,0.455557227135,0.629690468311,2.24516272545,8.01185512543,5.25464105606,0.31803420186],"mean":[0.71005666256,2.2753329277,3.72164988518,3.05346298218,4.56392765045,9.59802818298,8.04218006134,10.2256565094,12.4346790314,14.754201889,13.2189674377,19.5330562592,21.4961566925,30.6487255096,30.6236991882,60.3952064514,54.2106628418,60.9235267639,56.5765266418,45.6727981567,29.5722312927,37.1045951843,38.8894538879,35.2351875305,20.0053119659,12.5303354263,8.9654340744,5.00112533569,3.09151101112,1.90614044666,0.956851303577,0.40408334136,0.0965469554067,0.0350469648838,0.0208303499967,0.0248636342585,0.0836785957217,0.115993924439,0.0876990780234,0.0634426251054],"median":[0.258175492287,1.01059651375,1.69549226761,1.40430021286,2.15798163414,3.54392814636,3.3053715229,2.968708992,2.90310144424,3.13976550102,3.07816553116,5.27452468872,8.97560214996,16.1507358551,18.8093643188,38.7449264526,38.1734313965,46.8899536133,43.9172286987,32.3707733154,22.5335617065,22.1300487518,24.3654403687,23.064666748,13.6860523224,8.46418190002,5.85917901993,3.17728328705,1.62983131409,0.906266689301,0.41954767704,0.154370337725,0.0346464142203,0.0133376652375,0.00817464012653,0.010395870544,0.0327653475106,0.0585985668004,0.0621206015348,0.0607265233994],"min":[1.97694576057e-22,1.12429082252e-21,2.84093323456e-21,7.24654645243e-21,6.89196223504e-20,2.01236854851e-20,7.09040415646e-20,1.15220339817e-19,3.22172217832e-19,2.9238733098e-19,5.3292765325e-19,3.60945921305e-19,1.33933931159e-18,1.97859968841e-18,1.73011918189e-18,2.5220980895e-18,2.30697178003e-18,2.62341613401e-18,4.23774884851e-18,4.08983241137e-18,6.32292103947e-18,5.38647193595e-18,6.67222080059e-18,8.08059257359e-18,7.00493600401e-18,1.20997978227e-17,8.31194506475e-18,1.20542507766e-17,1.7338249924e-17,1.78437151809e-17,1.47617345171e-17,1.26301752781e-17,1.14359051446e-17,1.08236690686e-17,7.91336643223e-18,4.57195132267e-18,2.87946079364e-18,1.01336056367e-18,3.08353105874e-19,2.92803034474e-20],"var":[1.41177237034,12.0270862579,32.4848518372,21.7639942169,61.5877113342,372.521148682,206.512756348,463.80670166,1226.51037598,2527.71044922,1375.66125488,2669.15112305,1688.27758789,2739.22241211,2528.03369141,5909.75634766,3478.93896484,4072.80908203,3657.72436523,2724.21533203,1089.14599609,2796.12963867,2535.28125,2016.84289551,629.743225098,338.354705811,212.725112915,81.0595245361,40.3307495117,12.6026668549,2.92069768906,0.621017217636,0.0297962613404,0.00343148596585,0.00120787182823,0.00160749768838,0.0226523112506,0.0460233576596,0.0182236693799,0.00305402721278]},"erbbands_crest":{"dmean":2.19376111031,"dmean2":3.6135802269,"dvar":4.67553710938,"dvar2":11.737622261,"max":33.4796829224,"mean":7.95658969879,"median":7.00303411484,"min":2.46129322052,"var":13.9109945297},"erbbands_flatness_db":{"dmean":0.0188315082341,"dmean2":0.0291492268443,"dvar":0.000309247290716,"dvar2":0.000731039675884,"max":0.43140104413,"mean":0.146258354187,"median":0.141366183758,"min":0.045304518193,"var":0.00156494870316},"erbbands_kurtosis":{"dmean":1.09576451778,"dmean2":1.77628934383,"dvar":7.42515182495,"dvar2":16.7351970673,"max":130.48677063,"mean":1.2512704134,"median":0.459235548973,"min":-1.87012124062,"var":21.0191631317},"erbbands_skewness":{"dmean":0.355797499418,"dmean2":0.562850117683,"dvar":0.157887786627,"dvar2":0.349002599716,"max":8.04395389557,"mean":-0.267675161362,"median":-0.346774637699,"min":-5.42798519135,"var":0.689176559448},"erbbands_spread":{"dmean":6.1522693634,"dmean2":9.97652244568,"dvar":47.0586013794,"dvar2":118.239707947,"max":120.885704041,"mean":28.9967708588,"median":26.5911235809,"min":0.385419011116,"var":189.024185181},"gfcc":{"cov":[[19659.2910156,619.438720703,-1434.88879395,1589.92358398,1190.88317871,-553.151977539,1504.28820801,-463.004425049,242.83203125,52.3111114502,497.051727295,234.608947754,-553.968017578],[619.438720703,1181.20068359,197.344863892,-83.1950912476,210.247116089,-96.3379135132,-26.6935920715,-94.0966796875,35.4234771729,-48.0776824951,-3.44806694984,-155.638366699,90.9733352661],[-1434.88879395,197.344863892,542.103027344,44.0154418945,-94.2437515259,176.889587402,-191.583267212,115.147323608,-33.3199996948,20.6298103333,-60.4359283447,-41.6027336121,48.8311576843],[1589.92358398,-83.1950912476,44.0154418945,513.695495605,234.006637573,32.7917175293,235.003997803,49.4870300293,13.8800153732,38.5019683838,39.1743774414,40.7780685425,-82.944694519],[1190.88317871,210.247116089,-94.2437515259,234.006637573,428.761688232,37.4265823364,170.085388184,-46.3651733398,22.0353889465,-20.087474823,50.4804191589,-37.3196372986,-4.82297134399],[-553.151977539,-96.3379135132,176.889587402,32.7917175293,37.4265823364,254.313583374,-10.0993270874,99.7847213745,-25.9503250122,33.178024292,-6.2853808403,-0.166510298848,29.1453762054],[1504.28820801,-26.6935920715,-191.583267212,235.003997803,170.085388184,-10.0993270874,398.01272583,19.0501384735,74.8688735962,44.8019218445,63.2227630615,59.1721382141,-67.876159668],[-463.004425049,-94.0966796875,115.147323608,49.4870300293,-46.3651733398,99.7847213745,19.0501384735,235.307647705,16.003528595,75.301651001,24.9327774048,0.67120039463,29.2570304871],[242.83203125,35.4234771729,-33.3199996948,13.8800153732,22.0353889465,-25.9503250122,74.8688735962,16.003528595,120.537445068,40.3434295654,25.8966312408,25.8646125793,-33.7503547668],[52.3111114502,-48.0776824951,20.6298103333,38.5019683838,-20.087474823,33.178024292,44.8019218445,75.301651001,40.3434295654,117.800369263,60.8387374878,12.6229887009,0.455931931734],[497.051727295,-3.44806694984,-60.4359283447,39.1743774414,50.4804191589,-6.2853808403,63.2227630615,24.9327774048,25.8966312408,60.8387374878,102.497123718,42.6128082275,-3.47050285339],[234.608947754,-155.638366699,-41.6027336121,40.7780685425,-37.3196372986,-0.166510298848,59.1721382141,0.67120039463,25.8646125793,12.6229887009,42.6128082275,112.505828857,-13.9718837738],[-553.968017578,90.9733352661,48.8311576843,-82.944694519,-4.82297134399,29.1453762054,-67.876159668,29.2570304871,-33.7503547668,0.455931931734,-3.47050285339,-13.9718837738,106.423965454]],"icov":[[0.00015528422955,-0.000346056418493,0.000677124422509,-0.00070160505129,0.000345772423316,-0.000352867326001,0.0000852530793054,0.000143728990224,-0.0000103367547126,0.00017370704154,-0.000452215375844,-0.0000316357218253,0.000350855116267],[-0.000346056418493,0.0034253927879,-0.00449142046273,0.00286799576133,-0.00193930708338,0.00309283635579,-0.00212497054599,0.000950543850195,-0.00139376334846,0.00147088046651,-0.00190264184494,0.00373601494357,-0.00300469854847],[0.000677124422509,-0.00449142046273,0.0109225325286,-0.00760576315224,0.00529137020931,-0.00746288010851,0.00504954205826,-0.000622354389634,-0.00120643642731,0.0000429530628026,0.000886188761797,-0.00161011551972,0.00153451692313],[-0.00070160505129,0.00286799576133,-0.00760576315224,0.0113778989762,-0.00841378886253,0.00654488895088,-0.00364343891852,-0.00273424107581,0.00537297595292,-0.00560668855906,0.00623954413459,-0.00485178129748,0.00380251789466],[0.000345772423316,-0.00193930708338,0.00529137020931,-0.00841378886253,0.0116049572825,-0.00716190505773,0.000382095953682,0.0036317659542,-0.00613979017362,0.00887901242822,-0.0102709140629,0.00891004502773,-0.00494556734338],[-0.000352867326001,0.00309283635579,-0.00746288010851,0.00654488895088,-0.00716190505773,0.011787478812,-0.00290219765157,-0.00270918337628,0.00438214978203,-0.00464855227619,0.00456373952329,-0.00308055640198,0.000539711967576],[0.0000852530793054,-0.00212497054599,0.00504954205826,-0.00364343891852,0.000382095953682,-0.00290219765157,0.00750598218292,-0.00147645850666,-0.00125896150712,-0.00207400112413,0.00248883175664,-0.00388224818744,0.00229005888104],[0.000143728990224,0.000950543850195,-0.000622354389634,-0.00273424107581,0.0036317659542,-0.00270918337628,-0.00147645850666,0.00885480921715,-0.00379723357037,0.00115945620928,-0.00554573303089,0.00592404138297,-0.00499156489968],[-0.0000103367547126,-0.00139376334846,-0.00120643642731,0.00537297595292,-0.00613979017362,0.00438214978203,-0.00125896150712,-0.00379723357037,0.0178033579141,-0.0112063549459,0.00919485744089,-0.0108193457127,0.00921479053795],[0.00017370704154,0.00147088046651,0.0000429530628026,-0.00560668855906,0.00887901242822,-0.00464855227619,-0.00207400112413,0.00115945620928,-0.0112063549459,0.0273993071169,-0.022078813985,0.0147174745798,-0.0071677477099],[-0.000452215375844,-0.00190264184494,0.000886188761797,0.00623954413459,-0.0102709140629,0.00456373952329,0.00248883175664,-0.00554573303089,0.00919485744089,-0.022078813985,0.0345852449536,-0.0202143602073,0.00661004986614],[-0.0000316357218253,0.00373601494357,-0.00161011551972,-0.00485178129748,0.00891004502773,-0.00308055640198,-0.00388224818744,0.00592404138297,-0.0108193457127,0.0147174745798,-0.0202143602073,0.027518985793,-0.00979866273701],[0.000350855116267,-0.00300469854847,0.00153451692313,0.00380251789466,-0.00494556734338,0.000539711967576,0.00229005888104,-0.00499156489968,0.00921479053795,-0.0071677477099,0.00661004986614,-0.00979866273701,0.020393691957]],"mean":[-12.3891649246,75.9892501831,-102.83278656,0.169009998441,5.38660335541,-16.1293506622,4.52751302719,-22.037071228,-0.39848536253,-9.78421115875,-2.09364128113,-0.019545212388,-6.51728582382]},"hfc":{"dmean":65.6742248535,"dmean2":105.977584839,"dvar":7820.76904297,"dvar2":21006.8554688,"max":1778.06237793,"mean":268.278076172,"median":232.448120117,"min":1.12495875093e-16,"var":51760.5351562},"melbands":{"dmean":[0.00436012120917,0.00181089830585,0.000368273496861,0.000417634262703,0.000227320502745,0.000142008255352,0.000125736158225,0.0000884893597686,0.0000723130360711,0.000074579489592,0.0000656505289953,0.0000765527875046,0.0000552237252123,0.0000790567792137,0.0000865581969265,0.0000491471073474,0.0000633947056485,0.0000531789846718,0.0000356857090082,0.0000294814890367,0.0000178611808224,0.000022011994588,0.0000185953194887,0.0000175635614141,0.0000152730099217,0.00000808453205536,0.00000517386524734,0.00000344630916516,0.0000026404043183,0.00000174594129021,0.00000118362629564,8.51339848396e-7,6.34796037957e-7,4.75680622003e-7,3.25468477058e-7,2.11973684827e-7,1.33071765163e-7,5.74435041756e-8,3.32489555888e-8,2.51223788439e-8],"dmean2":[0.00749836256728,0.00309521588497,0.000607398455031,0.000705875223503,0.00037805584725,0.000229811485042,0.000199744885322,0.000141814496601,0.000115889837616,0.000118947988085,0.000108542582893,0.000125474733068,0.0000929654343054,0.000133774985443,0.000146595164551,0.0000838208434288,0.00010861120245,0.0000898852376849,0.0000613221272943,0.000050225033192,0.0000308954331558,0.0000373548427888,0.0000311465628329,0.0000293394896289,0.0000253628586506,0.0000133388630275,0.00000847811588756,0.00000563797902942,0.00000420818605562,0.00000277209028354,0.00000186042814221,0.00000130268392695,9.5765540209e-7,7.25668996893e-7,4.97425844515e-7,3.25409502011e-7,2.07711906342e-7,9.14437237043e-8,5.46954161962e-8,4.15706864487e-8],"dvar":[0.0000784490039223,0.00000924576670513,4.23021759843e-7,9.91582396637e-7,2.17829850158e-7,1.11167352657e-7,1.55385777134e-7,6.81772931443e-8,4.6251319219e-8,3.49585604908e-8,2.15210622656e-8,2.78310707813e-8,1.6437994077e-8,1.6224456445e-8,1.59881565764e-8,4.43057945887e-9,8.266504814e-9,5.6692366357e-9,3.2808868955e-9,1.85558290955e-9,1.14131559759e-9,1.85833959332e-9,1.31597543973e-9,1.08361575268e-9,8.84574968829e-10,1.89554996699e-10,9.55644452461e-11,5.14532305651e-11,3.89519735911e-11,2.110181474e-11,7.43203935893e-12,4.83423717723e-12,3.19974884262e-12,1.31701756705e-12,6.19981605117e-13,2.69510542356e-13,1.07347683802e-13,1.28048842078e-14,3.70129426918e-15,1.96730008857e-15],"dvar2":[0.000212776620174,0.0000254602819041,0.00000109337054255,0.00000265190124082,5.5825120171e-7,2.75512007875e-7,3.77347191716e-7,1.56748512836e-7,1.05875628265e-7,7.89751410935e-8,5.5273488897e-8,6.91649901796e-8,4.07441014261e-8,4.34367137814e-8,4.41355467728e-8,1.2433050145e-8,2.33910313341e-8,1.52737769099e-8,8.95754226349e-9,5.13295539406e-9,3.18661075305e-9,5.04870945051e-9,3.55680418451e-9,2.90230439681e-9,2.36690711475e-9,4.90245122275e-10,2.34504304863e-10,1.15128212519e-10,8.48278322585e-11,4.84131623679e-11,1.48567512459e-11,8.94245181376e-12,6.00552420293e-12,2.80245661746e-12,1.3713184234e-12,5.91830620969e-13,2.41803782943e-13,2.96800581887e-14,9.22912699768e-15,4.96017962286e-15],"max":[0.0984344705939,0.0334065295756,0.012013701722,0.015231192112,0.00896994397044,0.0097227152437,0.0110934879631,0.0104793971404,0.00760854920372,0.00583265069872,0.00397140160203,0.00483974674717,0.0046682744287,0.00290527031757,0.00208416301757,0.000826332194265,0.00155607133638,0.00133433844894,0.00114532909356,0.00066124717705,0.000544586917385,0.000732826883905,0.000718737544958,0.000621191284154,0.000772732542828,0.000354217685526,0.00032928204746,0.000326754205162,0.000294018711429,0.000283353874693,0.000144356206874,0.000140337389894,0.000142642471474,0.0000463769574708,0.0000250937500823,0.0000206225940929,0.0000132455879793,0.00000272277384283,0.00000111765700694,6.61126421164e-7],"mean":[0.00542560964823,0.00229991320521,0.000560649263207,0.000530485121999,0.000326411245624,0.000221772002988,0.000197109140572,0.000147840342834,0.000118486743304,0.000120308148325,0.000107840147393,0.000125755628687,0.0000911525130505,0.000138013710966,0.000160266674357,0.0000952536211116,0.000119079981232,0.000100197954453,0.000062196260842,0.0000535896433576,0.0000296647795039,0.0000375267591153,0.0000356600539817,0.0000333052084898,0.0000287518323603,0.0000169373852259,0.0000109311122287,0.00000755428163757,0.00000593083859712,0.00000392610127165,0.00000260477509073,0.00000181888572115,0.00000133791968437,9.29359032398e-7,5.92277729083e-7,3.68028679532e-7,1.90588338e-7,6.98484043937e-8,3.576704799e-8,2.62781458815e-8],"median":[0.00244339043275,0.0011803759262,0.000279173953459,0.000230889330851,0.000133133144118,0.0000667138156132,0.0000456147317891,0.0000326927838614,0.0000257699557551,0.0000337036544806,0.0000438471761299,0.0000632852024864,0.0000497163309774,0.0000848474956001,0.000103323291114,0.0000672625174047,0.0000858972998685,0.0000707732833689,0.0000422820085078,0.0000372017166228,0.0000213559524127,0.0000218205095734,0.0000210042126128,0.0000212658487726,0.0000178911468538,0.0000112119469122,0.00000712735436537,0.00000480466769659,0.00000367448819816,0.00000251423625741,0.00000153133953518,8.89583361641e-7,6.57140617477e-7,4.04226341288e-7,2.50339553531e-7,1.53417900606e-7,6.14073485394e-8,2.16227888927e-8,1.18989671449e-8,9.12361564076e-9],"min":[3.93853282529e-24,2.02116892426e-24,2.05591469726e-24,3.50859179903e-24,4.44922678141e-24,3.01010171834e-24,4.57716818732e-24,3.9933042268e-24,3.749197925e-24,1.89012591448e-24,6.48479793921e-24,7.46882855441e-24,4.5962751873e-24,7.94070384867e-24,6.4230167197e-24,4.12684930616e-24,3.65016787683e-24,6.41925779748e-24,6.70051984235e-24,5.68352785752e-24,8.32095925967e-24,5.44662898338e-24,4.87035899237e-24,3.95024109885e-24,5.4573744522e-24,5.19113586884e-24,5.38856763746e-24,7.9228858474e-24,5.12881704062e-24,5.34468212201e-24,6.21856961104e-24,7.68710084486e-24,7.97137712725e-24,9.30327804671e-24,6.70711629724e-24,8.55206710591e-24,6.66900800463e-24,6.60489925102e-24,7.37523651889e-24,8.15283091267e-24],"var":[0.0000720253447071,0.0000102517005871,6.42084160063e-7,9.99604139906e-7,3.20207561799e-7,2.11188677213e-7,3.09262645715e-7,2.31977509202e-7,1.2288521134e-7,8.99559822187e-8,4.35605898019e-8,4.9935991342e-8,2.90271380265e-8,3.45026727189e-8,3.49661810617e-8,1.06032080893e-8,1.71878316024e-8,1.30211130767e-8,5.87126924856e-9,3.56388962786e-9,1.32477373516e-9,2.93466695389e-9,2.42939002248e-9,1.83701687195e-9,1.50594403614e-9,4.69652816637e-10,2.30135188684e-10,1.44760772813e-10,1.05630663938e-10,4.86004465838e-11,2.36367887069e-11,1.4444571407e-11,8.27544803517e-12,3.04882551497e-12,1.17640673678e-12,5.0036325994e-13,1.61090569053e-13,1.83841115074e-14,4.10024424624e-15,2.10710202948e-15]},"melbands_crest":{"dmean":4.80716848373,"dmean2":7.95154666901,"dvar":19.3119029999,"dvar2":50.7115097046,"max":37.6449203491,"mean":18.2749061584,"median":17.7892875671,"min":1.59707212448,"var":52.9703979492},"melbands_flatness_db":{"dmean":0.0366974398494,"dmean2":0.0587695837021,"dvar":0.00126992852893,"dvar2":0.0032179991249,"max":0.644280612469,"mean":0.228455305099,"median":0.21704262495,"min":0.00385630642995,"var":0.00601794198155},"melbands_kurtosis":{"dmean":11.3106851578,"dmean2":18.97133255,"dvar":966.277648926,"dvar2":2535.75219727,"max":1258.56445312,"mean":15.8071222305,"median":4.57536172867,"min":-1.93570005894,"var":1541.45446777},"melbands_skewness":{"dmean":1.03468883038,"dmean2":1.69089138508,"dvar":1.65689277649,"dvar2":4.36104488373,"max":22.338394165,"mean":2.70551371574,"median":2.15274381638,"min":-6.1915769577,"var":5.14384698868},"melbands_spread":{"dmean":9.0265417099,"dmean2":14.6082954407,"dvar":113.454658508,"dvar2":270.368225098,"max":330.173797607,"mean":28.1724815369,"median":24.4809303284,"min":0.174851506948,"var":495.100402832},"mfcc":{"cov":[[16002.7128906,631.374023438,-2031.48022461,1824.4453125,-473.710083008,794.68157959,557.957885742,591.349853516,-354.830657959,321.412078857,345.478271484,397.364318848,90.2881011963],[631.374023438,1256.88061523,24.020898819,16.3768367767,189.92767334,25.1405944824,8.85204792023,-137.593994141,65.5170440674,-46.1632537842,12.6662349701,-33.0341720581,-15.377872467],[-2031.48022461,24.020898819,732.758850098,-242.567871094,122.694999695,-127.674095154,-80.7495574951,-72.5617370605,75.8997650146,-30.9650058746,-23.1266231537,-46.7810096741,-6.6787314415],[1824.4453125,16.3768367767,-242.567871094,546.844726562,-24.9739704132,152.625778198,136.153305054,140.002456665,-14.084654808,81.2200164795,68.5440979004,70.0254745483,12.6100606918],[-473.710083008,189.92767334,122.694999695,-24.9739704132,330.237182617,31.4648208618,52.5403633118,-40.8881378174,50.7795600891,-26.3512763977,-13.2149496078,-17.5366725922,-13.3599710464],[794.68157959,25.1405944824,-127.674095154,152.625778198,31.4648208618,238.074951172,91.8484420776,82.169090271,-9.31021690369,30.1083126068,16.3280200958,27.6491584778,6.15452957153],[557.957885742,8.85204792023,-80.7495574951,136.153305054,52.5403633118,91.8484420776,218.484130859,69.4202194214,60.1603355408,29.9525985718,44.7766151428,31.2872962952,25.7362728119],[591.349853516,-137.593994141,-72.5617370605,140.002456665,-40.8881378174,82.169090271,69.4202194214,172.248764038,11.2864360809,54.4235687256,21.2317085266,34.2267494202,12.9052820206],[-354.830657959,65.5170440674,75.8997650146,-14.084654808,50.7795600891,-9.31021690369,60.1603355408,11.2864360809,126.971092224,25.7951889038,28.1337471008,-1.65299069881,9.23340034485],[321.412078857,-46.1632537842,-30.9650058746,81.2200164795,-26.3512763977,30.1083126068,29.9525985718,54.4235687256,25.7951889038,92.3238983154,54.0568351746,36.4519805908,12.6396865845],[345.478271484,12.6662349701,-23.1266231537,68.5440979004,-13.2149496078,16.3280200958,44.7766151428,21.2317085266,28.1337471008,54.0568351746,108.1432724,57.8164138794,35.5038375854],[397.364318848,-33.0341720581,-46.7810096741,70.0254745483,-17.5366725922,27.6491584778,31.2872962952,34.2267494202,-1.65299069881,36.4519805908,57.8164138794,92.5127334595,49.8753700256],[90.2881011963,-15.377872467,-6.6787314415,12.6100606918,-13.3599710464,6.15452957153,25.7362728119,12.9052820206,9.23340034485,12.6396865845,35.5038375854,49.8753700256,77.4252700806]],"icov":[[0.00017334529548,-0.000160424940987,0.000249559263466,-0.000266282149823,0.00014524794824,-0.0000705993443262,-0.000184731325135,-0.000212774015381,0.000477753550513,-0.0000797087413957,-0.000187798475963,-0.000194989945157,0.000126195824123],[-0.000160424940987,0.00118356093299,-0.000129110427224,-0.0000556063459953,-0.000540700857528,-0.000282335357042,0.000476389890537,0.00114509963896,-0.00116255774628,0.000568553514313,-0.00025329485652,0.000477690453408,-0.000145746336784],[0.000249559263466,-0.000129110427224,0.00229532923549,0.0000984570069704,-0.000556342070922,0.000422073382651,0.000490227423143,-0.000527252035681,-0.000395054725232,-0.0000373921575374,-0.000503697956447,0.000180772665772,-0.000171579318703],[-0.000266282149823,-0.0000556063459953,0.0000984570069704,0.00364835560322,-0.00023912708275,-0.000396844494389,-0.000876900972798,-0.00117142987438,0.000435601948993,-0.00102354481351,-0.000371287402231,-0.000610130315181,0.000869223207701],[0.00014524794824,-0.000540700857528,-0.000556342070922,-0.00023912708275,0.00434670038521,-0.00102132686879,-0.00136859191116,0.000939093064517,-0.000652045593597,0.000751081446651,0.000656543299556,-0.00100959523115,0.00114824040793],[-0.0000705993443262,-0.000282335357042,0.000422073382651,-0.000396844494389,-0.00102132686879,0.00659828679636,-0.00170838972554,-0.0020664606709,0.00153613172006,-0.000831082055811,0.000705926504452,-0.000269510172075,0.000141259093652],[-0.000184731325135,0.000476389890537,0.000490227423143,-0.000876900972798,-0.00136859191116,-0.00170838972554,0.00863242242485,-0.00124546315055,-0.00462100049481,0.00217624520883,-0.00177013629582,0.000785884039942,-0.00176577607635],[-0.000212774015381,0.00114509963896,-0.000527252035681,-0.00117142987438,0.000939093064517,-0.0020664606709,-0.00124546315055,0.0110980682075,-0.00183604948688,-0.00377208227292,0.00306398048997,-0.00128191791009,-0.000233143509831],[0.000477753550513,-0.00116255774628,-0.000395054725232,0.000435601948993,-0.000652045593597,0.00153613172006,-0.00462100049481,-0.00183604948688,0.0143510838971,-0.0043495958671,-0.0024809516035,0.00264254468493,-0.000851586810313],[-0.0000797087413957,0.000568553514313,-0.0000373921575374,-0.00102354481351,0.000751081446651,-0.000831082055811,0.00217624520883,-0.00377208227292,-0.0043495958671,0.0207470916212,-0.00797791965306,-0.00244309799746,0.00283421436325],[-0.000187798475963,-0.00025329485652,-0.000503697956447,-0.000371287402231,0.000656543299556,0.000705926504452,-0.00177013629582,0.00306398048997,-0.0024809516035,-0.00797791965306,0.0196702871472,-0.00803494825959,-0.0019251848571],[-0.000194989945157,0.000477690453408,0.000180772665772,-0.000610130315181,-0.00100959523115,-0.000269510172075,0.000785884039942,-0.00128191791009,0.00264254468493,-0.00244309799746,-0.00803494825959,0.0250346567482,-0.0121216280386],[0.000126195824123,-0.000145746336784,-0.000171579318703,0.000869223207701,0.00114824040793,0.000141259093652,-0.00176577607635,-0.000233143509831,-0.000851586810313,0.00283421436325,-0.0019251848571,-0.0121216280386,0.0217260308564]],"mean":[-673.484619141,142.9712677,-37.9168510437,34.7881126404,6.68452739716,24.4808769226,4.14440345764,10.4430618286,-2.86117744446,4.84271287918,0.720749080181,1.34289181232,-1.02946650982]},"pitch_salience":{"dmean":0.0867339968681,"dmean2":0.142147317529,"dvar":0.00662070279941,"dvar2":0.017339065671,"max":0.86838799715,"mean":0.515535652637,"median":0.534520864487,"min":0.073567032814,"var":0.0175118613988},"silence_rate_20dB":{"dmean":0,"dmean2":0,"dvar":0,"dvar2":0,"max":1,"mean":1,"median":1,"min":1,"var":0},"silence_rate_30dB":{"dmean":0.085356362164,"dmean2":0.17072480917,"dvar":0.0780706480145,"dvar2":0.171872287989,"max":1,"mean":0.914578914642,"median":1,"min":0,"var":0.0781243294477},"silence_rate_60dB":{"dmean":0.0152877056971,"dmean2":0.0305775757879,"dvar":0.0150539921597,"dvar2":0.0338894724846,"max":1,"mean":0.124203823507,"median":0,"min":0,"var":0.108777232468},"spectral_centroid":{"dmean":239.219512939,"dmean2":369.158996582,"dvar":79134.8359375,"dvar2":174779.078125,"max":11528.3759766,"mean":1605.80200195,"median":1584.53564453,"min":104.693389893,"var":626279.25},"spectral_complexity":{"dmean":3.78299951553,"dmean2":5.89411115646,"dvar":17.3583889008,"dvar2":35.2768669128,"max":61,"mean":25.7484779358,"median":31,"min":0,"var":241.449401855},"spectral_contrast_coeffs":{"dmean":[0.0532231591642,0.0466147325933,0.0367035493255,0.0283639840782,0.0238433722407,0.0420218221843],"dmean2":[0.0883730128407,0.0780711397529,0.0611941739917,0.0473184622824,0.0390412844718,0.0653934702277],"dvar":[0.00177456077654,0.00137167575303,0.000844956433866,0.000498871086165,0.000505401461851,0.00133304449264],"dvar2":[0.00479431264102,0.00374854938127,0.00230903946795,0.0013734906679,0.00123681523837,0.00327531900257],"max":[-0.354328423738,-0.485491603613,-0.574763000011,-0.630148470402,-0.631133496761,-0.40530487895],"mean":[-0.706619977951,-0.788445591927,-0.805345952511,-0.805181443691,-0.801437199116,-0.714652836323],"median":[-0.716621160507,-0.798317968845,-0.809215784073,-0.804707288742,-0.796418905258,-0.704693853855],"min":[-0.979346573353,-0.978014588356,-0.969630122185,-0.983400642872,-0.974622666836,-0.9642111063],"var":[0.00774910487235,0.0046822912991,0.00255204294808,0.00162873754743,0.0018675297033,0.00799297075719]},"spectral_contrast_valleys":{"dmean":[0.434008985758,0.406832844019,0.340191543102,0.306290715933,0.286248832941,0.587553739548],"dmean2":[0.702168405056,0.662511765957,0.547968745232,0.479960203171,0.429561883211,0.919313549995],"dvar":[0.145247712731,0.137015417218,0.117244124413,0.122436419129,0.148019403219,0.265868782997],"dvar2":[0.324692517519,0.31265860796,0.250522404909,0.252687871456,0.303374797106,0.627081215382],"max":[-4.91308116913,-4.88237476349,-4.91000413895,-5.33672809601,-5.48376941681,-8.97138595581],"mean":[-7.17038106918,-7.07775449753,-7.1614151001,-7.15489149094,-7.50016689301,-11.304479599],"median":[-6.65278577805,-6.83024692535,-6.68252563477,-6.55706453323,-6.8423333168,-11.099105835],"min":[-27.67137146,-27.8080749512,-27.7550163269,-27.4954624176,-27.5799407959,-27.4010314941],"var":[2.88669633865,1.83860266209,2.09916687012,2.39934587479,2.72897624969,1.41286754608]},"spectral_decrease":{"dmean":5.09565767359e-9,"dmean2":8.54008064266e-9,"dvar":7.57730263625e-17,"dvar2":2.00303982321e-16,"max":1.22986056894e-8,"mean":-7.16748216334e-9,"median":-4.51007453606e-9,"min":-9.13369575528e-8,"var":8.1447326546e-17},"spectral_energy":{"dmean":0.0197463650256,"dmean2":0.0329626388848,"dvar":0.00106149434578,"dvar2":0.00279419030994,"max":0.379413992167,"mean":0.0513853542507,"median":0.0463789701462,"min":1.07878334784e-20,"var":0.00185847398825},"spectral_energyband_high":{"dmean":0.000389890599763,"dmean2":0.000565977825318,"dvar":4.42990653937e-7,"dvar2":7.57855787015e-7,"max":0.0432402305305,"mean":0.00150302436668,"median":0.00123782502487,"min":7.87687423506e-21,"var":0.00000264903337666},"spectral_energyband_low":{"dmean":0.016384197399,"dmean2":0.0279418174177,"dvar":0.00093705690233,"dvar2":0.00252157566138,"max":0.333286881447,"mean":0.0228244811296,"median":0.0135131971911,"min":2.75183934703e-23,"var":0.000937028846238},"spectral_energyband_middle_high":{"dmean":0.00240758759901,"dmean2":0.00394447566941,"dvar":0.0000115168522825,"dvar2":0.0000305199173454,"max":0.0485516227782,"mean":0.00869665574282,"median":0.00859632529318,"min":1.22093443708e-21,"var":0.0000552475903532},"spectral_energyband_middle_low":{"dmean":0.00321439863183,"dmean2":0.0052006104961,"dvar":0.0000336299344781,"dvar2":0.0000854217796586,"max":0.0755611285567,"mean":0.00698496727273,"median":0.00358494091779,"min":2.087761154e-22,"var":0.0000754362918087},"spectral_entropy":{"dmean":0.133450910449,"dmean2":0.204210817814,"dvar":0.0320288650692,"dvar2":0.0720004290342,"max":9.81796264648,"mean":7.63223266602,"median":7.73987388611,"min":5.2094783783,"var":0.165270864964},"spectral_flux":{"dmean":0.0325170941651,"dmean2":0.0527016445994,"dvar":0.00211200793274,"dvar2":0.00457352586091,"max":0.514057576656,"mean":0.120363593102,"median":0.121357798576,"min":6.58325685632e-11,"var":0.00550766289234},"spectral_kurtosis":{"dmean":4.10004901886,"dmean2":6.30957126617,"dvar":36.464138031,"dvar2":84.586227417,"max":120.276290894,"mean":20.6145591736,"median":18.9688148499,"min":-1.3529188633,"var":99.5239334106},"spectral_rms":{"dmean":0.0011952824425,"dmean2":0.00192790455185,"dvar":0.00000261727518591,"dvar2":0.00000649611047265,"max":0.0192395430058,"mean":0.00628728838637,"median":0.00672664679587,"min":3.2441818329e-12,"var":0.0000106020579551},"spectral_rolloff":{"dmean":3390.75024414,"dmean2":6453.55029297,"dvar":45288168,"dvar2":108538704,"max":22050,"mean":17176.6484375,"median":20865.6738281,"min":43.06640625,"var":62059856},"spectral_skewness":{"dmean":0.317696005106,"dmean2":0.480219513178,"dvar":0.175797745585,"dvar2":0.384168416262,"max":8.9770822525,"mean":3.0001168251,"median":2.87429475784,"min":-0.415237903595,"var":0.746252417564},"spectral_spread":{"dmean":428872.46875,"dmean2":667464.5625,"dvar":331067326464,"dvar2":693799747584,"max":42545388,"mean":4040552,"median":3779717.5,"min":1674847,"var":2773392818180},"spectral_strongpeak":{"dmean":6.8817987442,"dmean2":12.9683542252,"dvar":414.854064941,"dvar2":1146.79650879,"max":232.812301636,"mean":5.52419471741,"median":0.235240399837,"min":0,"var":373.870635986},"zerocrossingrate":{"dmean":0.0415496602654,"dmean2":0.0536895431578,"dvar":0.00135870219674,"dvar2":0.00225759414025,"max":0.7001953125,"mean":0.326975941658,"median":0.333984375,"min":0.0107421875,"var":0.00987675786018}},"metadata":{"audio_properties":{"analysis_sample_rate":44100,"bit_rate":256000,"codec":"mp3","downmix":"mix","equal_loudness":0,"length":328.071838379,"lossless":false,"md5_encoded":"f2f64ef291f460888d17cfa9229705b7","replay_gain":0.405740737915,"sample_rate":44100},"tags":{"acoustid_id":["4b954f89-0735-40f0-9445-c745691dace5"],"album":["The Vertigo of Bliss"],"albumartist":["Biffy Clyro"],"artist":["Biffy Clyro"],"date":["2003"],"discnumber":["1/1"],"file_name":"10 - Biffy Clyro - Toys, Toys, Toys, Choke, Toys, Toys, Toys.mp3","musicbrainz_albumartistid":["892500b7-09a6-4049-ba92-2d192dd70563"],"musicbrainz_albumid":["4eb8fcf8-918f-4cd2-994e-5e7e0b639146"],"musicbrainz_artistid":["892500b7-09a6-4049-ba92-2d192dd70563"],"musicbrainz_recordingid":["a7e55c5a-f464-4fdc-8082-7625253f67cf"],"musicbrainz_releasegroupid":["36d8920f-217c-3222-a34d-a8a8303306e1"],"replaygain_album_gain":["+0.01 dB"],"replaygain_album_peak":["0.385421"],"replaygain_track_gain":["-0.67 dB"],"replaygain_track_peak":["0.373384"],"title":["Toys, Toys, Toys, Choke, Toys, Toys, Toys"],"tracknumber":["10/13"]},"version":{"essentia":"2.1-beta1","essentia_build_sha":"e76a03f03bb3900de42a1fa0d9be1e72f12def64","essentia_git_sha":"v2.1_beta1-28-g21ef5f4-dirty","extractor":"music 1.0"}},"rhythm":{"beats_count":957,"beats_loudness":{"dmean":0.0210626907647,"dmean2":0.0368054509163,"dvar":0.000339627295034,"dvar2":0.00096247770125,"max":0.176735907793,"mean":0.0543060749769,"median":0.0545617938042,"min":1.77198522522e-8,"var":0.0011977609247},"beats_loudness_band_ratio":{"dmean":[0.176160410047,0.0823624432087,0.0442135371268,0.0532742738724,0.0478642880917,0.106304183602],"dmean2":[0.309969127178,0.145641416311,0.0782331600785,0.0932506322861,0.0854370892048,0.18552467227],"dvar":[0.0207188539207,0.00658452417701,0.0030326731503,0.00577934505418,0.00273792794906,0.00843597110361],"dvar2":[0.0547290928662,0.0172474291176,0.00839923508465,0.0164770707488,0.00763587560505,0.022699823603],"max":[0.958031475544,0.587512075901,0.50777387619,0.944872498512,0.48858