{"lowlevel":{"average_loudness":0.903968036175,"barkbands":{"dmean":[0.000251280958764,0.00352097605355,0.00257110130042,0.00148990238085,0.00278765731491,0.00158594269305,0.000999357085675,0.000765597098507,0.000733929045964,0.000526760064531,0.000355010473868,0.000453677697806,0.000274429097772,0.00017122834106,0.000229461729759,0.000271584285656,0.00022907811217,0.000266234274022,0.000235929415794,0.000156757596415,0.0000685273989802,0.0000889213770279,0.000122819983517,0.0000871626762091,0.00003554086652,0.0000124167836475,1.02049702022e-9],"dmean2":[0.00037865046761,0.00592153100297,0.0045359688811,0.00254963617772,0.00469368789345,0.00255376123823,0.00160507240798,0.00121198419947,0.00118948938325,0.000855801685248,0.000561365450267,0.000716305919923,0.000451058207545,0.000276975421002,0.000364255596651,0.000434613146354,0.000362503866199,0.000421880540671,0.000368751847418,0.000247284246143,0.000108316351543,0.000134007132147,0.000184976350283,0.000124492202303,0.0000500051173731,0.0000170328421518,1.8980597094e-9],"dvar":[2.21088100716e-7,0.0000744004137232,0.0000423562014475,0.00000563891035199,0.0000275168640655,0.0000114430913527,0.00000316320733873,0.00000230890100283,0.00000277350068245,0.00000181269717814,0.0000011389561223,0.00000264512254944,8.05713739283e-7,1.80345267609e-7,3.38598596272e-7,3.21920964552e-7,1.88287614833e-7,3.00971777278e-7,2.31679990748e-7,1.30030173295e-7,1.63336331127e-8,7.57267812901e-8,1.58296913355e-7,9.83188073178e-8,1.15128306888e-8,8.16749390342e-10,2.36363261801e-18],"dvar2":[4.71157107995e-7,0.000192161955056,0.000119840166008,0.0000160729414347,0.0000776624801802,0.0000265004764515,0.00000753525864639,0.00000583450309932,0.0000067741671046,0.00000460267528979,0.0000025684062166,0.0000059000803958,0.00000207334483093,4.2732861516e-7,7.50133096972e-7,7.93417598288e-7,4.57782306285e-7,7.8785791402e-7,5.34214848358e-7,3.01654864643e-7,3.78165303516e-8,1.50569476887e-7,3.10950241555e-7,1.72664968545e-7,2.09378967497e-8,1.57796431477e-9,7.43464557889e-18],"max":[0.0076143653132,0.145746782422,0.103694207966,0.0516207441688,0.101053521037,0.117410972714,0.0414499044418,0.0338572449982,0.041493345052,0.0576951503754,0.0345044359565,0.092308729887,0.0254093371332,0.00826799776405,0.0201431531459,0.0131091615185,0.010441317223,0.0127049647272,0.0119418594986,0.0115156723186,0.0023814921733,0.00882983673364,0.012334741652,0.0127210570499,0.00350466533564,0.00100417842623,2.6007866083e-8],"mean":[0.000281494430965,0.0036462622229,0.00298106716946,0.00219968915917,0.00453263847157,0.00280235079117,0.00170575757511,0.00131867779419,0.00104671018198,0.000771849765442,0.000478481932078,0.000698071380612,0.000414464040659,0.000245185627136,0.000332954194164,0.000473363325,0.000420942931669,0.000496616994496,0.000459911185317,0.0002762232034,0.000128995830892,0.000144547593663,0.000207917080843,0.000149670755491,0.0000699211595929,0.0000253425732808,8.54012027762e-10],"median":[0.00011039157107,0.00148075213656,0.00164661952294,0.00152063078713,0.0028864799533,0.00144135183655,0.000757189292926,0.000563126406632,0.000419953314122,0.000274360529147,0.000142416771268,0.000131344175315,0.000110825378215,0.0000877878264873,0.000112488363811,0.000233465718338,0.000229561963351,0.000200377835426,0.000225853262236,0.000142698248965,0.0000710849781171,0.0000462018942926,0.0000600125385972,0.0000424026620749,0.0000255647064478,0.00000701290719007,3.68499480929e-10],"min":[1.06185079687e-23,1.09421318441e-23,3.03575527776e-24,1.69445429175e-23,1.32298387245e-23,8.75905963205e-23,1.53139816259e-23,5.19841666056e-23,5.52424398232e-23,6.61197651663e-23,1.42938263878e-22,1.32116228218e-22,1.77315332758e-22,9.6312949308e-23,1.80066930082e-22,1.21753738745e-22,2.08016461281e-22,2.21556722294e-22,3.71564845956e-22,3.25083697295e-22,4.07062147809e-22,6.1048806971e-22,7.93458310846e-22,7.30878694676e-22,1.35886347207e-21,1.49372026618e-21,2.0977974842e-21],"var":[2.68124409786e-7,0.0000630167633062,0.0000302699609165,0.00000628526458968,0.000031422569009,0.0000233506161749,0.00000753830136091,0.00000473238242193,0.00000385190560337,0.00000338330505656,0.00000176750870651,0.00000630800514045,0.00000144321495554,2.81256831158e-7,5.97519942858e-7,6.25517259323e-7,4.10314044075e-7,7.06341381829e-7,5.16322074873e-7,2.07454817769e-7,2.92639192878e-8,1.38999780575e-7,3.34004027991e-7,2.53839118614e-7,2.95480226953e-8,2.19667928292e-9,1.92229060898e-18]},"barkbands_crest":{"dmean":2.5038318634,"dmean2":4.15696430206,"dvar":4.9454870224,"dvar2":13.0691919327,"max":25.5742397308,"mean":8.86634159088,"median":8.14764118195,"min":2.13075017929,"var":12.8918228149},"barkbands_flatness_db":{"dmean":0.0204374436289,"dmean2":0.032490760088,"dvar":0.000388160173316,"dvar2":0.000953686365392,"max":0.469029545784,"mean":0.14156152308,"median":0.131121262908,"min":0.0352796539664,"var":0.00225441763178},"barkbands_kurtosis":{"dmean":2.85201668739,"dmean2":4.62051439285,"dvar":21.0596256256,"dvar2":54.5067024231,"max":117.466621399,"mean":4.40561628342,"median":2.45746469498,"min":-1.93061935902,"var":45.2697296143},"barkbands_skewness":{"dmean":0.529991745949,"dmean2":0.835700213909,"dvar":0.296758681536,"dvar2":0.752699375153,"max":9.2611989975,"mean":1.67858397961,"median":1.62771522999,"min":-1.87946069241,"var":1.0502436161},"barkbands_spread":{"dmean":5.5707821846,"dmean2":8.65920639038,"dvar":43.3491477966,"dvar2":92.5372390747,"max":100.687675476,"mean":22.3639984131,"median":20.3988876343,"min":0.512594163418,"var":174.428970337},"dissonance":{"dmean":0.0157357826829,"dmean2":0.0266432091594,"dvar":0.000197177854716,"dvar2":0.000544580747373,"max":0.500000059605,"mean":0.470050692558,"median":0.474117636681,"min":0.315389245749,"var":0.000396726827603},"dynamic_complexity":2.00462341309,"erbbands":{"dmean":[0.112960621715,0.800017535686,2.74428343773,3.98173356056,7.8557934761,8.88835906982,14.2911090851,12.3024873734,15.0253667831,11.7425832748,18.2876605988,17.1683216095,13.2814722061,16.7934703827,17.7010211945,15.6450223923,12.4250173569,9.02950382233,11.4261722565,11.2507820129,13.2426691055,11.8113050461,13.1753797531,12.9699516296,11.0499610901,7.23230934143,3.62490153313,2.42185401917,2.86654424667,3.81649255753,3.5440735817,2.17279648781,1.27971017361,0.517270982265,0.21209551394,0.0762677490711,0.0200379826128,0.00146160216536,0.000032011357689,0.0000130359940158],"dmean2":[0.181776717305,1.4056994915,4.88481903076,6.81427145004,13.6659889221,14.8793926239,23.1257686615,19.7674160004,23.824634552,19.3909339905,28.9843139648,27.8754844666,21.3043384552,27.1794872284,27.6209564209,24.7347774506,20.2060203552,14.5128154755,17.8779430389,17.6947479248,20.9773750305,18.5320510864,20.51130867,20.2916069031,17.0578765869,11.3430500031,5.73796606064,3.76845550537,4.28812026978,5.70417833328,5.37653017044,3.21726799011,1.8173558712,0.734611272812,0.30210018158,0.106276094913,0.0277642067522,0.00210421276279,0.0000445068726549,0.0000204358602787],"dvar":[0.0586109831929,4.72414207458,56.0927276611,45.1624412537,262.359802246,259.456481934,668.503295898,1054.4095459,865.817626953,498.63104248,1524.2355957,1628.89880371,870.531616211,2212.72680664,2934.96850586,2340.50512695,1785.33459473,537.949890137,827.321838379,724.732666016,607.912658691,499.283203125,659.79901123,936.784240723,497.70993042,267.676544189,47.9858818054,23.3094520569,75.0361251831,166.70715332,123.701675415,59.4119873047,21.6979427338,2.82991242409,0.332625716925,0.0316733978689,0.00231383624487,0.0000129947120513,4.73755745745e-9,4.32764074576e-10],"dvar2":[0.130936458707,13.0778503418,158.650894165,128.772857666,759.094848633,728.347045898,1682.32055664,2333.70166016,1923.47265625,1249.37780762,3794.92236328,3962.32446289,2160.59521484,5509.05810547,6711.45410156,5548.72998047,4511.515625,1306.80786133,1764.86828613,1777.0579834,1412.75476074,1176.37683105,1579.83093262,2347.99389648,1098.22021484,612.159301758,114.468032837,52.1358985901,153.424743652,320.686248779,248.166229248,110.532814026,36.2875061035,5.12528657913,0.641438364983,0.060294277966,0.00463812565431,0.0000282490691461,9.62336965671e-9,1.06189479432e-9],"max":[5.11894845963,32.1612472534,127.113441467,118.012779236,275.119842529,296.901611328,381.897460938,1286.26940918,1008.64324951,443.50592041,926.661010742,994.749816895,598.656188965,1925.17126465,1760.90588379,2233.77172852,1256.28466797,520.08392334,894.041137695,792.535095215,818.00994873,557.766601563,679.896789551,899.438598633,662.187255859,490.942779541,142.050872803,99.7957992554,290.230804443,497.38092041,344.843231201,278.645477295,227.71673584,64.7353057861,20.1364650726,5.79530858994,1.72073197365,0.0922097712755,0.00191320141312,0.000273099809419],"mean":[0.115866184235,0.790213882923,3.10282421112,6.158223629,10.3315916061,14.2658786774,24.0731372833,21.0032596588,27.4888648987,19.2260112762,32.7476234436,25.6920146942,20.752702713,25.3103504181,26.9424667358,25.9557380676,19.8594894409,14.3366165161,17.4553127289,19.0232505798,25.7947750092,23.5742835999,26.182352066,25.4232063293,21.7639846802,13.1953678131,6.8356385231,4.43741083145,4.66687107086,6.28279161453,5.89227294922,3.7132704258,2.17637038231,0.948756635189,0.417785048485,0.154380604625,0.0399698987603,0.00271623930894,0.0000729258608771,0.0000358214820153],"median":[0.0415102988482,0.331344246864,1.67529928684,4.44138431549,6.20174407959,8.69065475464,12.4812507629,9.13908576965,12.1438350677,9.90667724609,13.744852066,11.0233516693,9.20988750458,8.93064117432,6.78556156158,5.8449306488,5.73381233215,5.08429431915,6.4658408165,7.7751493454,14.6198616028,13.4036388397,11.5175495148,11.6656131744,10.5676841736,7.05340766907,3.76353597641,2.28537845612,1.54229080677,1.78250217438,1.71423006058,1.02273452282,0.646988868713,0.326321452856,0.148333370686,0.0488194525242,0.00997181981802,0.000607172376476,0.0000312945230689,0.0000286877257167],"min":[6.17731403163e-22,1.27162711847e-21,2.930126771e-21,3.28360071651e-20,5.17020420771e-20,3.03848189786e-20,1.42916246656e-19,9.79321564476e-19,3.30515161491e-19,7.27806752676e-19,9.47058728852e-19,9.82988973119e-19,2.36228141848e-18,2.96982138337e-18,5.26516010886e-18,6.59883788614e-18,8.35941282421e-18,4.81395665935e-18,7.6510244466e-18,8.66222627567e-18,8.33871428374e-18,1.34045528163e-17,1.25162021974e-17,1.4036993606e-17,1.82601989649e-17,1.8168739259e-17,1.61155959149e-17,1.67363287902e-17,2.01784936712e-17,2.14459262755e-17,2.07322199537e-17,1.8428650988e-17,1.29525325259e-17,1.59508562785e-17,8.90748532729e-18,5.34294321058e-18,3.09463694075e-18,1.21479579323e-18,3.18737582983e-19,2.83299633965e-20],"var":[0.0630523264408,3.3588719368,38.5397338867,46.7079849243,226.180007935,329.963897705,1159.94372559,2276.32470703,2425.96923828,865.616760254,3124.86669922,2286.21435547,1438.54541016,4353.41992188,5925.99755859,6017.64111328,3295.75219727,961.497741699,1498.39978027,1475.49291992,1371.0065918,1143.89074707,1696.15148926,2076.08935547,1158.56762695,439.913085938,81.8871307373,42.6818504333,130.641983032,330.930633545,258.651641846,144.113449097,57.2862930298,7.03010225296,0.834161996841,0.0862666741014,0.00573483854532,0.0000286803970084,1.22501431221e-8,7.02491342874e-10]},"erbbands_crest":{"dmean":2.67065644264,"dmean2":4.25885152817,"dvar":6.34164953232,"dvar2":14.8000793457,"max":30.6335277557,"mean":8.7878446579,"median":7.70420598984,"min":2.38383722305,"var":18.4025039673},"erbbands_flatness_db":{"dmean":0.0170145630836,"dmean2":0.0245112329721,"dvar":0.000259337219177,"dvar2":0.000514144951012,"max":0.369114279747,"mean":0.151740267873,"median":0.146016031504,"min":0.0638023912907,"var":0.00171122071333},"erbbands_kurtosis":{"dmean":0.806598842144,"dmean2":1.26093804836,"dvar":1.55131828785,"dvar2":3.49917006493,"max":32.0127830505,"mean":0.0943104699254,"median":-0.520646810532,"min":-1.83069384098,"var":4.54002094269},"erbbands_skewness":{"dmean":0.364563286304,"dmean2":0.550545156002,"dvar":0.123438745737,"dvar2":0.261056810617,"max":4.94930887222,"mean":0.397677630186,"median":0.381736814976,"min":-3.36986279488,"var":0.624657809734},"erbbands_spread":{"dmean":8.66763401031,"dmean2":13.3116703033,"dvar":78.8306045532,"dvar2":174.087768555,"max":127.785255432,"mean":44.2523651123,"median":42.1025619507,"min":2.61158871651,"var":313.57723999},"gfcc":{"cov":[[4232.60253906,-1548.22192383,-93.426361084,166.007278442,-339.414337158,382.324401855,-326.692047119,234.459106445,-242.719467163,76.8603591919,-246.809555054,181.48550415,-275.133789063],[-1548.22192383,1286.93945313,-218.451034546,-96.2159881592,263.821166992,-284.482574463,287.585723877,-159.371429443,176.215744019,-53.8262023926,186.231445313,-147.013687134,184.45513916],[-93.426361084,-218.451034546,631.825683594,67.7332305908,-71.5958557129,102.089889526,-105.261062622,6.31692504883,-49.3348922729,30.5910797119,-101.484954834,59.910282135,-16.9180202484],[166.007278442,-96.2159881592,67.7332305908,211.922515869,-31.4678535461,2.19405603409,-23.8207187653,-8.30401325226,28.195432663,-13.8145151138,-22.9204158783,-11.023692131,22.0283699036],[-339.414337158,263.821166992,-71.5958557129,-31.4678535461,232.19241333,-52.3659667969,75.3843154907,10.5538663864,20.9329528809,1.67907083035,9.34566116333,-24.1171913147,21.0430183411],[382.324401855,-284.482574463,102.089889526,2.19405603409,-52.3659667969,257.354797363,-14.0053834915,48.1992378235,-44.0368347168,-18.3313102722,-11.8601570129,32.8704528809,-48.7818031311],[-326.692047119,287.585723877,-105.261062622,-23.8207187653,75.3843154907,-14.0053834915,195.745819092,-9.84402751923,36.7577590942,-4.76547145844,51.2340354919,-35.886920929,28.6440734863],[234.459106445,-159.371429443,6.31692504883,-8.30401325226,10.5538663864,48.1992378235,-9.84402751923,139.52494812,17.0600318909,3.60982751846,-30.212846756,8.59727191925,-39.9138412476],[-242.719467163,176.215744019,-49.3348922729,28.195432663,20.9329528809,-44.0368347168,36.7577590942,17.0600318909,144.538711548,13.4546804428,34.6261291504,-35.1605300903,35.022441864],[76.8603591919,-53.8262023926,30.5910797119,-13.8145151138,1.67907083035,-18.3313102722,-4.76547145844,3.60982751846,13.4546804428,112.204299927,1.87808430195,16.1264209747,-6.65061855316],[-246.809555054,186.231445313,-101.484954834,-22.9204158783,9.34566116333,-11.8601570129,51.2340354919,-30.212846756,34.6261291504,1.87808430195,151.659240723,11.1491270065,36.8400344849],[181.48550415,-147.013687134,59.910282135,-11.023692131,-24.1171913147,32.8704528809,-35.886920929,8.59727191925,-35.1605300903,16.1264209747,11.1491270065,98.539604187,3.63442182541],[-275.133789063,184.45513916,-16.9180202484,22.0283699036,21.0430183411,-48.7818031311,28.6440734863,-39.9138412476,35.022441864,-6.65061855316,36.8400344849,3.63442182541,108.865104675]],"icov":[[0.000642080965918,-0.000272449455224,0.000838207430206,-0.00093442335492,0.000707778381184,-0.000836886931211,0.000664666120429,-0.00074539805064,0.000796678534243,-0.000906880595721,0.0010319914436,-0.00115806644317,0.000821436522529],[-0.000272449455224,0.00642104912549,-0.00214766478166,0.00386391975917,-0.00402921391651,0.00426670676097,-0.00472595915198,0.00443825405091,-0.00405235402286,0.00421791477129,-0.00466040475294,0.00584694510326,-0.00417901109904],[0.000838207430206,-0.00214766478166,0.00381933129393,-0.00270275399089,0.00209484016523,-0.0030579813756,0.00267759431154,-0.00167644559406,0.00206470163539,-0.00297636608593,0.00397816626355,-0.00400883052498,0.00174493028317],[-0.00093442335492,0.00386391975917,-0.00270275399089,0.0088139558211,-0.0024535076227,0.00314287585206,-0.00290443724953,0.00373425800353,-0.0046343007125,0.00420474866405,-0.00289512285963,0.00523588154465,-0.00454332912341],[0.000707778381184,-0.00402921391651,0.00209484016523,-0.0024535076227,0.00837704818696,-0.00225977785885,0.00148480420467,-0.00431504519656,0.0033380521927,-0.00334799755365,0.00408649351448,-0.00394999887794,0.00230368948542],[-0.000836886931211,0.00426670676097,-0.0030579813756,0.00314287585206,-0.00225977785885,0.00893558934331,-0.00458606332541,0.00175492675044,-0.00221247924492,0.00478680012748,-0.00487099494785,0.00379940774292,-0.00163893250283],[0.000664666120429,-0.00472595915198,0.00267759431154,-0.00290443724953,0.00148480420467,-0.00458606332541,0.0110873999074,-0.00349055696279,0.00293641863391,-0.00387372961268,0.0023716497235,-0.00266200629994,0.00225699576549],[-0.00074539805064,0.00443825405091,-0.00167644559406,0.00373425800353,-0.00431504519656,0.00175492675044,-0.00349055696279,0.0135008366778,-0.00688342005014,0.00382522447035,-0.0015980101889,0.0024403159041,-0.0000237423100771],[0.000796678534243,-0.00405235402286,0.00206470163539,-0.0046343007125,0.0033380521927,-0.00221247924492,0.00293641863391,-0.00688342005014,0.0138256037608,-0.00530538428575,0.00113457359839,-0.000391088338802,0.0000624118838459],[-0.000906880595721,0.00421791477129,-0.00297636608593,0.00420474866405,-0.00334799755365,0.00478680012748,-0.00387372961268,0.00382522447035,-0.00530538428575,0.013678974472,-0.00408857688308,0.00247578555718,-0.00169477262534],[0.0010319914436,-0.00466040475294,0.00397816626355,-0.00289512285963,0.00408649351448,-0.00487099494785,0.0023716497235,-0.0015980101889,0.00113457359839,-0.00408857688308,0.0143206818029,-0.00860113557428,0.00235229614191],[-0.00115806644317,0.00584694510326,-0.00400883052498,0.00523588154465,-0.00394999887794,0.00379940774292,-0.00266200629994,0.0024403159041,-0.000391088338802,0.00247578555718,-0.00860113557428,0.0213335417211,-0.00797935575247],[0.000821436522529,-0.00417901109904,0.00174493028317,-0.00454332912341,0.00230368948542,-0.00163893250283,0.00225699576549,-0.0000237423100771,0.0000624118838459,-0.00169477262534,0.00235229614191,-0.00797935575247,0.0170973856002]],"mean":[7.42632675171,103.085006714,-115.961395264,43.2864189148,-62.8702125549,7.7425403595,-43.4614601135,14.8059864044,-25.1058235168,-3.08884143829,-13.7102832794,-0.967345476151,-10.3837957382]},"hfc":{"dmean":6.11954927444,"dmean2":8.90303325653,"dvar":91.1595993042,"dvar2":174.054885864,"max":208.333755493,"mean":20.1095142365,"median":14.582742691,"min":1.0906525269e-16,"var":345.725921631},"melbands":{"dmean":[0.000952363363467,0.0012896489352,0.000754558015615,0.000617401266936,0.000461921532406,0.000277685845504,0.00022519560298,0.000127593317302,0.000150385822053,0.000107154177385,0.0000674265465932,0.0000712858818588,0.0000542365851288,0.0000570056181459,0.0000307731206703,0.0000257161391346,0.0000166830250237,0.0000184815780813,0.0000154754179675,0.0000198895504582,0.0000159055471158,0.0000135766204039,0.0000130221696963,0.0000129305881273,0.0000113640471682,0.0000088790729933,0.00000720858042769,0.00000477156663692,0.00000268755638899,0.000001662034947,0.00000146310253513,0.00000155333054863,0.00000208559140447,0.00000227465011449,0.00000223438314606,0.00000170297835211,0.00000130339731186,0.0000010162716535,6.44689748697e-7,3.91937902577e-7],"dmean2":[0.00155759765767,0.00228770496324,0.00129483721685,0.00106399378274,0.000747252546716,0.000444962846814,0.000356837641448,0.000209037025343,0.000239396482357,0.000174302520463,0.00010825235222,0.000115885151899,0.0000851370496093,0.0000899180013221,0.0000498039262311,0.0000419032585341,0.0000269181236945,0.0000290963653242,0.0000244124112214,0.0000319326827594,0.0000252618119703,0.00002166557897,0.0000204672032851,0.0000205226024264,0.0000180863244168,0.0000139580051837,0.0000111375002234,0.00000762281706557,0.00000429870351581,0.00000266705205831,0.00000230178716265,0.00000237693302552,0.000003188374194,0.00000343982378581,0.00000343837655237,0.00000259424223259,0.00000194328981706,0.00000147373168602,9.36546825869e-7,5.7513267393e-7],"dvar":[0.00000465458015242,0.0000127226139739,0.000001573994723,0.00000163708421042,6.23675532552e-7,4.63913693238e-7,1.79542709589e-7,5.82638328694e-8,1.09944664928e-7,6.3187947319e-8,2.29105001637e-8,4.15778131924e-8,2.57851020535e-8,4.48245387474e-8,8.27750046284e-9,6.44701936281e-9,1.92422411338e-9,2.14857731606e-9,1.62502200585e-9,2.45719222747e-9,8.79553374578e-10,7.96404830972e-10,5.74534142483e-10,7.60277119038e-10,7.94040944108e-10,3.1680688628e-10,2.75274220085e-10,1.21531049113e-10,3.15281134533e-11,9.23473016806e-12,9.24163176541e-12,2.09623828712e-11,4.84306657278e-11,6.06884473231e-11,4.80301666494e-11,3.38754857498e-11,2.45387356268e-11,1.51869471859e-11,5.36120583691e-12,1.57224873312e-12],"dvar2":[0.0000111941890282,0.0000359356745321,0.00000444775241704,0.00000478020547234,0.00000157882686835,0.00000103320496692,4.06418081411e-7,1.45757638847e-7,2.73953816077e-7,1.53561657612e-7,5.69762903524e-8,1.04308661264e-7,5.8491973931e-8,1.00703090311e-7,2.10503579012e-8,1.588482057e-8,4.65553551265e-9,4.70153649346e-9,3.70174735309e-9,6.13757578094e-9,2.0194543815e-9,1.91996885057e-9,1.3557591716e-9,1.89002036244e-9,2.00545535733e-9,7.5532219368e-10,6.14810591326e-10,2.83877199525e-10,7.61743793043e-11,2.19392750495e-11,2.09578934068e-11,4.53842657899e-11,9.8005249749e-11,1.20054022279e-10,9.79416756031e-11,6.92556498261e-11,4.9294218013e-11,2.68523987768e-11,1.02729786483e-11,3.02668046875e-12],"max":[0.0432709679008,0.0598305799067,0.020806606859,0.0229789633304,0.011970533058,0.0268571190536,0.0132731962949,0.00451352307573,0.00896113738418,0.00622607860714,0.00297012878582,0.00881037395447,0.00511630438268,0.0125514036044,0.00277259852737,0.00217008846812,0.000874861958437,0.00144336954691,0.00142094225157,0.00128669955302,0.000995120266452,0.000804104842246,0.000538997119293,0.000581515720114,0.000829717318993,0.00037886746577,0.00053781142924,0.000324647466186,0.000141761571285,0.0000757953894208,0.0000806392272352,0.000152756183525,0.000242998226895,0.000272735516774,0.000248189346166,0.000180880422704,0.000188581252587,0.000191567523871,0.000128376748762,0.0000471819694212],"mean":[0.00100628158543,0.00143831805326,0.00115396955516,0.000909992319066,0.000791876052972,0.000482215516968,0.00040908306255,0.000209007965168,0.000261865381617,0.000153274275362,0.000101676261693,0.000103493759525,0.0000778424364398,0.0000885108747752,0.0000480647540826,0.00003922263204,0.000024160995963,0.0000267135164904,0.0000229003508139,0.000031842788303,0.0000293092525681,0.0000243316862907,0.0000236544437939,0.0000233040209423,0.0000203238178074,0.000016637306544,0.0000128441970446,0.00000782352435635,0.00000454594555777,0.00000305187882077,0.00000238399820773,0.00000240722647504,0.00000317678245665,0.00000362352989214,0.00000356979148819,0.00000273250361715,0.00000211615611079,0.00000164826462878,0.00000107693313112,7.00926477748e-7],"median":[0.000395591399865,0.000770133454353,0.000842898210976,0.000536633189768,0.000443655997515,0.000218313231017,0.000182573247002,0.000109223561594,0.000108657754026,0.0000592602227698,0.0000425336693297,0.0000337286401191,0.0000210101134144,0.0000164048287843,0.0000129600421133,0.000010957413906,0.00000809048833617,0.00000954714414547,0.00000789277146396,0.0000128712217702,0.0000166148674907,0.0000129632480821,0.0000110634155135,0.00000911517872737,0.0000088773549578,0.00000783165342,0.00000602916134085,0.00000390155310015,0.00000224968607654,0.00000174155411514,0.00000106822244561,7.70519477555e-7,9.11591200747e-7,9.73847022578e-7,0.00000100520151136,7.60230136621e-7,5.46029696125e-7,4.62484905484e-7,3.34729861606e-7,2.40491772274e-7],"min":[4.37186358686e-24,1.49004593589e-24,6.57465274619e-24,2.58623768206e-24,4.12777345671e-24,1.98534043967e-23,5.26785219744e-24,9.77810210303e-24,6.74613414648e-24,7.43708952475e-24,1.23637301928e-23,1.16573817717e-23,1.71455651866e-23,1.42662071053e-23,1.57019844399e-23,2.04878773341e-23,7.34409465694e-24,1.16636342832e-23,1.4420413635e-23,7.69447590546e-24,9.82586684198e-24,1.39930924158e-23,1.05858199393e-23,1.10603426508e-23,1.12192870791e-23,1.44148237667e-23,1.11579933757e-23,1.21484784508e-23,1.06414519881e-23,8.14457863874e-24,1.02367450445e-23,1.07357595204e-23,1.31953394705e-23,1.12163588275e-23,9.40200241127e-24,1.63713644724e-23,9.40506555817e-24,8.11101970697e-24,1.17521839199e-23,1.29498814555e-23],"var":[0.00000452986614619,0.00000864765388542,0.00000158687248586,0.00000156321618761,0.00000107813445993,0.00000104876482965,4.93489835662e-7,1.0159582331e-7,2.07105429695e-7,8.88330831117e-8,3.75661493024e-8,8.06152229416e-8,4.58341276044e-8,1.05767675507e-7,1.61810422838e-8,1.20879057874e-8,3.11887382587e-9,3.67307761984e-9,2.87944112998e-9,4.46884884653e-9,1.90826110469e-9,1.61155366829e-9,1.34014288555e-9,1.65687263909e-9,1.5704312295e-9,6.780832007e-10,5.32112964802e-10,1.82651685443e-10,4.80089544508e-11,1.64021990434e-11,1.56803008078e-11,3.30862871822e-11,8.61258009355e-11,1.1688655599e-10,9.4477793644e-11,6.94381635524e-11,5.45765932447e-11,3.68052914534e-11,1.22498617153e-11,3.47228669428e-12]},"melbands_crest":{"dmean":3.29574084282,"dmean2":5.45852804184,"dvar":8.61926746368,"dvar2":22.5855827332,"max":35.0497512817,"mean":12.7920351028,"median":11.8130149841,"min":1.9167881012,"var":21.2690544128},"melbands_flatness_db":{"dmean":0.0257959216833,"dmean2":0.0399498492479,"dvar":0.000615495955572,"dvar2":0.00144396105316,"max":0.6122854352,"mean":0.194673106074,"median":0.182681828737,"min":0.00752092292532,"var":0.00416361354291},"melbands_kurtosis":{"dmean":7.17140817642,"dmean2":11.7667913437,"dvar":123.79889679,"dvar2":334.706573486,"max":159.627746582,"mean":13.7802782059,"median":9.71949195862,"min":-1.79471921921,"var":216.164840698},"melbands_skewness":{"dmean":0.736617386341,"dmean2":1.18337571621,"dvar":0.628171980381,"dvar2":1.65409779549,"max":10.881770134,"mean":2.76217412949,"median":2.61393356323,"min":-0.845652222633,"var":1.76782596111},"melbands_spread":{"dmean":6.83824062347,"dmean2":10.5808668137,"dvar":94.7261123657,"dvar2":202.167663574,"max":214.586334229,"mean":22.5415153503,"median":18.1843013763,"min":0.397156655788,"var":302.653533936},"mfcc":{"cov":[[3908.96191406,-1337.85681152,-105.379852295,-188.470687866,-31.685043335,-8.85247707367,-53.4973678589,123.605278015,-98.2479629517,7.11813354492,6.7074213028,-80.1052703857,-35.3704376221],[-1337.85681152,1119.01184082,-297.085113525,144.380310059,-47.2102470398,-14.8914165497,68.7090148926,-83.3122940063,55.9242401123,7.08491277695,4.8543715477,78.3013381958,25.8603057861],[-105.379852295,-297.085113525,643.695068359,-42.5409202576,50.0635414124,78.8045730591,-48.9945335388,11.6981601715,5.94952011108,-38.873878479,-13.3150663376,-37.9881782532,-28.104850769],[-188.470687866,144.380310059,-42.5409202576,260.51574707,0.29394942522,-15.7063570023,-40.0058135986,-62.1466064453,50.9449768066,5.06145191193,-31.5188961029,3.06938719749,10.1408004761],[-31.685043335,-47.2102470398,50.0635414124,0.29394942522,157.553543091,-7.74087619781,-18.5935344696,30.298456192,4.02537822723,18.2973423004,-7.8289065361,-26.6304302216,-4.89101028442],[-8.85247707367,-14.8914165497,78.8045730591,-15.7063570023,-7.74087619781,132.015197754,38.5326309204,-3.9794754982,9.7183971405,-19.1271038055,4.06125450134,3.73869252205,-12.6381845474],[-53.4973678589,68.7090148926,-48.9945335388,-40.0058135986,-18.5935344696,38.5326309204,139.256744385,36.4523391724,-11.2974319458,-8.2337474823,9.92489719391,14.5291509628,-1.26871061325],[123.605278015,-83.3122940063,11.6981601715,-62.1466064453,30.298456192,-3.9794754982,36.4523391724,147.156036377,-3.32546877861,17.7120742798,16.0255718231,-19.2079963684,-2.37105870247],[-98.2479629517,55.9242401123,5.94952011108,50.9449768066,4.02537822723,9.7183971405,-11.2974319458,-3.32546877861,122.79082489,30.2176818848,2.35729575157,4.69230937958,-16.8138828278],[7.11813354492,7.08491277695,-38.873878479,5.06145191193,18.2973423004,-19.1271038055,-8.2337474823,17.7120742798,30.2176818848,99.4443969727,27.6915016174,3.28461933136,-0.0419917553663],[6.7074213028,4.8543715477,-13.3150663376,-31.5188961029,-7.8289065361,4.06125450134,9.92489719391,16.0255718231,2.35729575157,27.6915016174,77.338432312,26.2021865845,3.49646782875],[-80.1052703857,78.3013381958,-37.9881782532,3.06938719749,-26.6304302216,3.73869252205,14.5291509628,-19.2079963684,4.69230937958,3.28461933136,26.2021865845,83.049911499,29.0855674744],[-35.3704376221,25.8603057861,-28.104850769,10.1408004761,-4.89101028442,-12.6381845474,-1.26871061325,-2.37105870247,-16.8138828278,-0.0419917553663,3.49646782875,29.0855674744,70.6638183594]],"icov":[[0.00053050526185,0.000733979337383,0.000447681028163,-0.00000204619072974,0.000216760963667,-0.000164678916917,0.000126108177938,-0.000150777981617,0.000108211024781,0.0000115926050057,0.0000270111486316,-0.0000402807854698,0.000199034548132],[0.000733979337383,0.00224032369442,0.00104910053778,-0.000502524839249,0.000222685266635,-0.000103744743683,-0.000559477135539,0.000328042689944,-0.000295220088447,0.000175695386133,-0.000013329844478,-0.000735980866011,0.000268159084953],[0.000447681028163,0.00104910053778,0.00248938356526,0.000184311182238,-0.000355102354661,-0.0014620606089,0.00101017800625,-0.000198987982003,-0.000256676896242,0.000835588609334,-0.00000722630284145,0.000144017132698,0.00040969075053],[-0.00000204619072974,-0.000502524839249,0.000184311182238,0.00534487562254,-0.000194007443497,0.000152916269144,0.00100444536656,0.0015770541504,-0.00203661201522,-0.000191559855011,0.00178962096106,0.000451581872767,-0.0011851064628],[0.000216760963667,0.000222685266635,-0.000355102354661,-0.000194007443497,0.00744879757985,0.0000289172730845,0.000889997405466,-0.00155716692097,0.000226261079661,-0.0015169933904,0.000793946383055,0.00159811321646,-0.000246056268224],[-0.000164678916917,-0.000103744743683,-0.0014620606089,0.000152916269144,0.0000289172730845,0.00994669273496,-0.00347087788396,0.00124848738778,-0.00136602297425,0.00152756494936,-0.00094922457356,-0.000297172082355,0.000957789015956],[0.000126108177938,-0.000559477135539,0.00101017800625,0.00100444536656,0.000889997405466,-0.00347087788396,0.0103248264641,-0.0032032195013,0.00103480229154,0.000574153033085,0.000476918183267,-0.00158513674978,0.000919644371606],[-0.000150777981617,0.000328042689944,-0.000198987982003,0.0015770541504,-0.00155716692097,0.00124848738778,-0.0032032195013,0.00954171549529,-0.00103916903026,-0.000912807357963,-0.00169099296909,0.00273003382608,-0.00141064915806],[0.000108211024781,-0.000295220088447,-0.000256676896242,-0.00203661201522,0.000226261079661,-0.00136602297425,0.00103480229154,-0.00103916903026,0.0107471076772,-0.003406700911,0.000665370665956,-0.00181120086927,0.00337518402375],[0.0000115926050057,0.000175695386133,0.000835588609334,-0.000191559855011,-0.0015169933904,0.00152756494936,0.000574153033085,-0.000912807357963,-0.003406700911,0.0135820489377,-0.00506515614688,0.000768108176999,-0.000418841606006],[0.0000270111486316,-0.000013329844478,-0.00000722630284145,0.00178962096106,0.000793946383055,-0.00094922457356,0.000476918183267,-0.00169099296909,0.000665370665956,-0.00506515614688,0.0179021712393,-0.00618801964447,0.00141223112587],[-0.0000402807854698,-0.000735980866011,0.000144017132698,0.000451581872767,0.00159811321646,-0.000297172082355,-0.00158513674978,0.00273003382608,-0.00181120086927,0.000768108176999,-0.00618801964447,0.0188358835876,-0.0075149978511],[0.000199034548132,0.000268159084953,0.00040969075053,-0.0011851064628,-0.000246056268224,0.000957789015956,0.000919644371606,-0.00141064915806,0.00337518402375,-0.000418841606006,0.00141223112587,-0.0075149978511,0.0184356477112]],"mean":[-631.580200195,123.701469421,5.1760635376,31.3424320221,5.91664409637,-5.7724814415,-3.11142683029,7.19410276413,-5.32406044006,2.52545666695,-5.0710811615,-0.839316725731,0.544774770737]},"pitch_salience":{"dmean":0.0733746662736,"dmean2":0.121309317648,"dvar":0.00421844609082,"dvar2":0.0113807665184,"max":0.882532775402,"mean":0.606858789921,"median":0.617170810699,"min":0.102385833859,"var":0.010441810824},"silence_rate_20dB":{"dmean":0,"dmean2":0,"dvar":0,"dvar2":0,"max":1,"mean":1,"median":1,"min":1,"var":0},"silence_rate_30dB":{"dmean":0.00552439922467,"dmean2":0.011049724184,"dvar":0.00549388257787,"dvar2":0.0146108465269,"max":1,"mean":0.996317386627,"median":1,"min":0,"var":0.00366942631081},"silence_rate_60dB":{"dmean":0.00418515130877,"dmean2":0.00837100297213,"dvar":0.00416762335226,"dvar2":0.00880180671811,"max":1,"mean":0.011633746326,"median":0,"min":0,"var":0.0114972488955},"spectral_centroid":{"dmean":249.694290161,"dmean2":382.986938477,"dvar":75864.765625,"dvar2":153973.875,"max":11006.0898438,"mean":1284.42810059,"median":1212.41430664,"min":138.053405762,"var":351478.1875},"spectral_complexity":{"dmean":4.01305770874,"dmean2":6.04252481461,"dvar":16.7477455139,"dvar2":32.7036819458,"max":54,"mean":20.0153160095,"median":19,"min":0,"var":90.0483169556},"spectral_contrast_coeffs":{"dmean":[0.0549471452832,0.0490890853107,0.0400959961116,0.0335913933814,0.0265318378806,0.0208482462913],"dmean2":[0.0915908589959,0.0814181938767,0.0660888552666,0.0545934960246,0.0421145893633,0.0329999104142],"dvar":[0.00192332698498,0.00154695101082,0.00102783367038,0.00073463039007,0.000514828541782,0.000335436838213],"dvar2":[0.00535516673699,0.00414990028366,0.0027316075284,0.00184185279068,0.0011855806224,0.000830581295304],"max":[-0.349984049797,-0.400469481945,-0.53778719902,-0.532926678658,-0.544247567654,-0.603588044643],"mean":[-0.627864301205,-0.729150474072,-0.781056702137,-0.78896856308,-0.782340407372,-0.772493481636],"median":[-0.628930687904,-0.735380530357,-0.789289951324,-0.797018289566,-0.791150450706,-0.777024507523],"min":[-0.958141565323,-0.952127575874,-0.959323406219,-0.951530516148,-0.956196248531,-0.959953665733],"var":[0.00504888035357,0.00479908520356,0.0031977025792,0.00265258247964,0.00225379760377,0.00152402278036]},"spectral_contrast_valleys":{"dmean":[0.443208277225,0.362743765116,0.349840670824,0.314586102962,0.265617340803,0.350919723511],"dmean2":[0.730637311935,0.597233474255,0.557345271111,0.487334758043,0.395280271769,0.479322016239],"dvar":[0.1574665308,0.109221890569,0.111086294055,0.0995709449053,0.0882012993097,0.174028918147],"dvar2":[0.371949613094,0.255330294371,0.246206954122,0.204323023558,0.155514627695,0.321533530951],"max":[-5.04883909225,-4.47189760208,-4.99568271637,-5.88100767136,-5.7884054184,-7.19695186615],"mean":[-6.96985292435,-6.39915037155,-7.1437125206,-7.65592765808,-7.32955503464,-10.0592689514],"median":[-6.95523071289,-6.37227725983,-7.13809585571,-7.60361385345,-7.19971418381,-9.8499622345],"min":[-27.1443691254,-27.7762966156,-27.5625629425,-27.2829189301,-27.2914886475,-27.2089214325],"var":[0.400050163269,0.355578303337,0.402861952782,0.451570808887,0.599992930889,1.34169852734]},"spectral_decrease":{"dmean":2.68822675231e-9,"dmean2":4.3855030718e-9,"dvar":2.12311786079e-17,"dvar2":5.48037364452e-17,"max":-1.48225972237e-28,"mean":-6.48744746812e-9,"median":-5.1858157768e-9,"min":-6.38213961679e-8,"var":2.53048859605e-17},"spectral_energy":{"dmean":0.0105482768267,"dmean2":0.0171148404479,"dvar":0.000316715217195,"dvar2":0.000814119586721,"max":0.245066553354,"mean":0.0263091288507,"median":0.0211613327265,"min":1.0451977147e-20,"var":0.000395927549107},"spectral_energyband_high":{"dmean":0.000400059536332,"dmean2":0.000571488577407,"dvar":0.00000106969753233,"dvar2":0.00000189537854567,"max":0.025615695864,"mean":0.000844230933581,"median":0.000413726025727,"min":7.56827205089e-21,"var":0.00000276179889624},"spectral_energyband_low":{"dmean":0.00606463570148,"dmean2":0.0102285556495,"dvar":0.000213764375076,"dvar2":0.000574263860472,"max":0.217391192913,"mean":0.00817726179957,"median":0.00505373533815,"min":2.6502223873e-23,"var":0.000172719330294},"spectral_energyband_middle_high":{"dmean":0.00172842654865,"dmean2":0.00255845068023,"dvar":0.00000797681059339,"dvar2":0.0000175242857949,"max":0.0994843095541,"mean":0.00486693577841,"median":0.00268708099611,"min":1.8525038994e-21,"var":0.0000391897192458},"spectral_energyband_middle_low":{"dmean":0.00567404134199,"dmean2":0.00931095145643,"dvar":0.0000776578526711,"dvar2":0.000208070530789,"max":0.138305559754,"mean":0.0137891238555,"median":0.0112187024206,"min":2.47868149113e-22,"var":0.000115666727652},"spectral_entropy":{"dmean":0.155321523547,"dmean2":0.227132901549,"dvar":0.0252970065922,"dvar2":0.0493950359523,"max":9.78235816956,"mean":7.59010457993,"median":7.64767074585,"min":4.69083786011,"var":0.159215584397},"spectral_flux":{"dmean":0.0255152322352,"dmean2":0.0397320128977,"dvar":0.00109135755338,"dvar2":0.00215919269249,"max":0.432972222567,"mean":0.0903468057513,"median":0.0797177329659,"min":1.02234914978e-10,"var":0.00228179851547},"spectral_kurtosis":{"dmean":1.61643874645,"dmean2":2.66780853271,"dvar":6.3185839653,"dvar2":16.9660720825,"max":96.7263565063,"mean":4.30984354019,"median":3.62643098831,"min":-1.21166706085,"var":17.8783817291},"spectral_rms":{"dmean":0.000896660843864,"dmean2":0.00141095661093,"dvar":0.00000133744879349,"dvar2":0.0000032385319173,"max":0.0154625130817,"mean":0.00480146938935,"median":0.00454369932413,"min":3.19328222718e-12,"var":0.00000261342688646},"spectral_rolloff":{"dmean":484.853820801,"dmean2":813.925109863,"dvar":749197.5625,"dvar2":1590595.875,"max":17980.2246094,"mean":1337.16943359,"median":861.328125,"min":64.599609375,"var":1751537.375},"spectral_skewness":{"dmean":0.215786248446,"dmean2":0.341308444738,"dvar":0.0578723065555,"dvar2":0.143063142896,"max":8.31707859039,"mean":1.48446524143,"median":1.43017530441,"min":0.0107887685299,"var":0.238379821181},"spectral_spread":{"dmean":532396.25,"dmean2":747637.5,"dvar":434077138944,"dvar2":723628064768,"max":41335196,"mean":4534656.5,"median":4364205,"min":951498.375,"var":2130971721730},"spectral_strongpeak":{"dmean":0.526034712791,"dmean2":0.894916713238,"dvar":0.748665809631,"dvar2":1.9195971489,"max":12.4047794342,"mean":0.844954907894,"median":0.507292747498,"min":0,"var":1.06689572334},"zerocrossingrate":{"dmean":0.00938851200044,"dmean2":0.0113257868215,"dvar":0.000148529041326,"dvar2":0.000178919566679,"max":0.49658203125,"mean":0.0595166943967,"median":0.0556640625,"min":0.001953125,"var":0.00102393445559}},"metadata":{"audio_properties":{"analysis_sample_rate":44100,"bit_rate":112000,"codec":"mp3","downmix":"mix","equal_loudness":0,"length":277.394287109,"lossless":false,"md5_encoded":"a4e9326e35e47d056f42510719cbbe11","replay_gain":-6.86511802673,"sample_rate":44100},"tags":{"acoustid_id":["bde44640-da33-4415-830c-0da2c300d67b"],"album":["MTV History 2000: The Greatest Hits I-II"],"albumartist":["Queen"],"albumartistsort":["Queen"],"artist":["Queen"],"artistsort":["Queen"],"bpm":["143.94"],"catalognumber":["HAL002"],"composer":["Queen"],"date":["1999"],"discnumber":["1/2"],"file_name":"10. Headlong.mp3","genre":["Rock"],"isrc":["GBUM71106887"],"label":["Invisible Halahup"],"media":["CD"],"musicbrainz album release country":["RU"],"musicbrainz album status":["bootleg"],"musicbrainz album type":["album/compilation"],"musicbrainz_albumartistid":["0383dadf-2a4e-4d10-a46a-e9e041da8eb3"],"musicbrainz_albumid":["6e4d842e-ff97-47fe-b757-77f0d952749e"],"musicbrainz_artistid":["0383dadf-2a4e-4d10-a46a-e9e041da8eb3"],"musicbrainz_recordingid":["a80ed252-1745-4df2-bed5-1fe7a31a42a6"],"musicbrainz_releasegroupid":["28d79453-b8e6-4e2c-8194-976106026699"],"originaldate":["1999"],"originalyear":["1999"],"script":["Latn"],"title":["Headlong"],"tracknumber":["15/20"]},"version":{"essentia":"2.1-beta2","essentia_build_sha":"2d9f1f26377add8aeb1075a9c2973f962c4f09fd","essentia_git_sha":"v2.1_beta2-1-ge3940c0","extractor":"music 1.0"}},"rhythm":{"beats_count":663,"beats_loudness":{"dmean":0.0150889474899,"dmean2":0.0261998660862,"dvar":0.00026184329181,"dvar2":0.000746154924855,"max":0.147121250629,"mean":0.0405655652285,"median":0.0372480638325,"min":0.00126726622693,"var":0.00035721360473},"beats_loudness_band_ratio":{"dmean":[0.182450175285,0.164538040757,0.0877997279167,0.0601408742368,0.0477303490043,0.0331068225205],"dmean2":[0.326935648918,0.306264638901,0.149723917246,0.106444828212,0.083457633853,0.06076351