{"lowlevel":{"average_loudness":0.91970038414,"barkbands":{"dmean":[0.00157630653121,0.00372589146718,0.000565762165934,0.000184915435966,0.000269111245871,0.000425299978815,0.000328912108671,0.000326750858221,0.000415114278439,0.000259930035099,0.000316816294799,0.0013146433048,0.000878184451722,0.000851867778692,0.000767468940467,0.000810532656033,0.000724799931049,0.000521857931744,0.000279065716313,0.00012294606131,0.000100850615127,0.0000326800472976,0.0000139907333505,0.0000105558719952,0.00000296718576465,0.0000298916766042,0.000535995524842],"dmean2":[0.00264059542678,0.00619420362636,0.000948298897129,0.000308705406496,0.0004500663199,0.000702310586348,0.000548790616449,0.000545569637325,0.000682972662617,0.000425489037298,0.000530812540092,0.00218492001295,0.00144738401286,0.00141643255483,0.00125885335729,0.0013221250847,0.0011733364081,0.000843214511406,0.000431998050772,0.00018851555069,0.00015004236775,0.0000499061206938,0.0000208551427932,0.0000154806257342,0.00000463340984425,0.0000430868421972,0.000808158889413],"dvar":[0.0000072927009569,0.0000270368582278,5.69359031033e-7,7.01606737152e-8,2.85058945337e-7,4.93480740715e-7,4.61595732304e-7,7.12888322596e-7,8.45179386033e-7,3.45175237726e-7,6.14669659171e-7,0.00000475007936984,0.00000221836467063,0.00000176461867341,0.00000106209483874,0.00000110414214305,9.63207071436e-7,6.10155552749e-7,1.7940091368e-7,1.00199251563e-7,1.09496198775e-7,4.76697747942e-9,5.0032067378e-10,4.28470231517e-10,2.85367476177e-11,5.22505194667e-9,3.41371645618e-7],"dvar2":[0.0000177916681423,0.0000697762516211,0.00000152223833538,1.83871080139e-7,7.03465673269e-7,0.00000127480859646,0.0000012652614032,0.00000194537346943,0.00000224179461839,8.84370081167e-7,0.00000165017604559,0.0000116363780762,0.00000535973595106,0.00000466435176349,0.00000266410074801,0.00000278525794783,0.00000244208786171,0.00000148320805238,4.04337384907e-7,2.18831829102e-7,2.12438180824e-7,1.09453583974e-8,1.07613162825e-9,8.89701923246e-10,6.63528051947e-11,1.00605337394e-8,7.4495227409e-7],"max":[0.0502342879772,0.0598118565977,0.010721322149,0.00539433117956,0.0134177785367,0.0186477862298,0.0196810662746,0.0291830655187,0.0212509483099,0.0158922411501,0.0356591641903,0.0516001358628,0.0397648960352,0.0304516460747,0.0264496989548,0.0229379683733,0.0188748855144,0.0113804601133,0.0128767360002,0.0165065135807,0.00864863116294,0.0019171993481,0.000390044267988,0.000566738774069,0.00013880278857,0.00198131147772,0.0115847811103],"mean":[0.00155819521751,0.00440758699551,0.000738625589292,0.000244232243858,0.000379337143386,0.000618222053163,0.000464629934868,0.000450325169368,0.000631230359431,0.000394738017349,0.000479081063531,0.00222130352631,0.00157171324827,0.00157946860418,0.00144785817247,0.00154282723088,0.00141989346594,0.000965001119766,0.000534987135325,0.000245064700721,0.000210624348256,0.0000616218385403,0.0000275941783912,0.000019208600861,0.00000445090472567,0.0000562755121791,0.00196796958335],"median":[0.000534844002686,0.00246220105328,0.000444788485765,0.000147772036144,0.000211901278817,0.000363616127288,0.000230947305681,0.000166069774423,0.000242664042162,0.000182140924153,0.00026103851269,0.00157575693447,0.00097013823688,0.00107256160118,0.00111693399958,0.00114021077752,0.00102818978485,0.000582164793741,0.000307410344249,0.000127517734654,0.0000960697798291,0.0000322008454532,0.0000149730258272,0.00000865439869813,0.00000214048441194,0.0000220282036025,0.00166407495271],"min":[1.8038225593e-24,3.25841931464e-23,1.29912611543e-23,2.37382666758e-23,5.24972575156e-23,4.21965200745e-23,7.17867525828e-23,1.65964296441e-23,5.1161438324e-23,4.90348807383e-23,3.59597289599e-23,6.20067895569e-23,5.9754452833e-23,8.45248619617e-23,1.56771110245e-22,1.75889539247e-22,3.25482116228e-22,3.24215293967e-22,2.43672519813e-22,3.04570006854e-22,4.34746318821e-22,4.90729644184e-22,5.72533434583e-22,1.00035832569e-21,9.99545382436e-22,1.59730969372e-21,2.48228500774e-21],"var":[0.00000775735315983,0.0000290927109745,7.90800982031e-7,9.72816920353e-8,3.94059071596e-7,7.37047173516e-7,6.77470723076e-7,0.00000101072396319,0.00000152762459038,5.89596254486e-7,7.78664741574e-7,0.0000073144574344,0.00000441420343122,0.00000392081801692,0.00000203932086151,0.00000218539480557,0.00000188047044958,0.00000116920000437,4.51874910823e-7,2.07176086064e-7,2.8738037372e-7,8.70354810445e-9,1.24529109247e-9,9.69011315632e-10,5.26170079729e-11,1.29539765581e-8,0.00000184362681921]},"barkbands_crest":{"dmean":2.38438081741,"dmean2":3.94167947769,"dvar":5.34289455414,"dvar2":13.4380550385,"max":26.7098636627,"mean":6.95099639893,"median":5.80047178268,"min":2.28522109985,"var":13.254570961},"barkbands_flatness_db":{"dmean":0.0167109500617,"dmean2":0.0269872061908,"dvar":0.000293060031254,"dvar2":0.000771733932197,"max":0.436610996723,"mean":0.0931442752481,"median":0.0869065001607,"min":0.0297553427517,"var":0.00118431786541},"barkbands_kurtosis":{"dmean":2.15700793266,"dmean2":3.8338868618,"dvar":629.458312988,"dvar2":1926.58032227,"max":951.585571289,"mean":1.45940935612,"median":-0.161063194275,"min":-1.90502035618,"var":476.959869385},"barkbands_skewness":{"dmean":0.388268947601,"dmean2":0.628010988235,"dvar":0.638505041599,"dvar2":1.86273217201,"max":29.2131824493,"mean":0.533785402775,"median":0.381463527679,"min":-4.11265707016,"var":1.44272172451},"barkbands_spread":{"dmean":8.90810966492,"dmean2":14.5624866486,"dvar":56.4840164185,"dvar2":150.978729248,"max":133.937957764,"mean":49.0249786377,"median":48.9496307373,"min":0.376767128706,"var":198.893295288},"dissonance":{"dmean":0.00667179003358,"dmean2":0.0115820337087,"dvar":0.0000549705400772,"dvar2":0.000156653433805,"max":0.500000178814,"mean":0.491263628006,"median":0.493527263403,"min":0.379245102406,"var":0.0000664690887788},"dynamic_complexity":2.50745248795,"erbbands":{"dmean":[0.187147498131,0.586748957634,0.727337479591,0.58983784914,0.688680529594,1.01796805859,1.99291646481,3.98104691505,4.46127653122,4.76986312866,8.55774593353,9.10570812225,7.77683591843,10.0682535172,17.2294082642,56.4829292297,37.6027374268,38.7032546997,39.0128479004,40.7319869995,42.5016822815,37.868434906,28.3612384796,20.0829715729,10.1046295166,5.83552122116,4.98614835739,2.97152996063,1.28369951248,0.657312750816,0.375132232904,0.243725001812,0.165062442422,0.0516897328198,0.0154605694115,0.0634680837393,0.063086822629,0.0558666996658,0.0341681800783,0.0126815922558],"dmean2":[0.315442383289,0.973019659519,1.21181452274,0.971898555756,1.16118383408,1.70912265778,3.33670759201,6.64720487595,7.34788131714,7.95330810547,14.3319349289,14.9257822037,12.5981035233,16.7360038757,28.8174304962,93.8293685913,61.7775726318,63.9553565979,63.8286476135,66.5742645264,68.9471817017,61.217880249,45.7485084534,31.7102985382,15.4067077637,8.87287425995,7.52525520325,4.44524908066,1.95209252834,0.99083006382,0.560968697071,0.36107429862,0.243781834841,0.0778222084045,0.0240910295397,0.0917347297072,0.0914905890822,0.0822075679898,0.0498425140977,0.0191320888698],"dvar":[0.0938570722938,0.53076416254,0.946800172329,0.596806943417,1.21957206726,4.90351486206,14.8447237015,45.8465957642,67.7173309326,106.880653381,516.220214844,447.0703125,338.0809021,534.950439453,1226.76416016,8865.84375,4129.93652344,3842.30541992,2777.4987793,2801.73730469,3375.18188477,2673.97241211,1850.17419434,895.630065918,285.128265381,229.228469849,252.722396851,96.9804458618,7.64196300507,1.28424406052,0.364028453827,0.199543580413,0.120707213879,0.010650887154,0.000962068967056,0.0444071814418,0.0253438297659,0.00861429329962,0.00208882591687,0.000188226607861],"dvar2":[0.241545408964,1.37239778042,2.4296503067,1.51243436337,3.28509044647,12.0204467773,37.7290649414,122.073020935,180.58732605,290.753295898,1429.78967285,1174.94567871,827.295166016,1379.94030762,3245.1003418,22003.6757812,10145.8818359,10188.6162109,6924.90332031,7188.05566406,8321.64746094,6675.91308594,4513.76708984,2079.03833008,585.710083008,508.650054932,527.483398438,195.358688354,17.2000217438,2.86889243126,0.781444072723,0.416532039642,0.259577989578,0.0234643444419,0.00213582254946,0.0922132730484,0.0498471930623,0.0184684563428,0.00432817684487,0.00042102963198],"max":[2.83820581436,9.93825817108,16.1428432465,15.9479122162,25.2443523407,59.9134254456,90.991569519,150.138442993,154.805465698,287.35824585,776.234863281,485.248901367,634.438415527,701.023925781,1655.21130371,2202.94628906,1753.63635254,1797.40222168,1442.99975586,1712.35632324,1574.96118164,1039.97436523,658.334289551,637.635375977,664.105773926,804.878540039,482.053497314,350.332855225,67.8991317749,18.5661621094,10.4831466675,13.2828712463,8.49650669098,2.93122434616,0.846888542175,6.45057916641,5.51424980164,1.55818343163,0.844018697739,0.300125330687],"mean":[0.187094643712,0.744249582291,1.02460157871,0.866986870766,0.966509103775,1.35762166977,2.56778907776,5.61614322662,6.50424289703,6.96794986725,12.5075149536,14.1318407059,12.7956123352,15.8669910431,31.3582801819,97.9183197021,74.9035415649,76.3337936401,78.3111419678,80.0867080688,89.1729202271,78.0307769775,54.7949256897,38.4617080688,20.7033233643,11.7801952362,10.0969524384,6.0780005455,2.47255849838,1.25809669495,0.735973894596,0.456109106541,0.288463175297,0.0852841213346,0.0223358869553,0.104771852493,0.116434969008,0.116050571203,0.104016534984,0.050763964653],"median":[0.0777565538883,0.455873817205,0.634801208973,0.561565935612,0.585043847561,0.685359835625,1.44385361671,3.21526551247,3.46037387848,3.25000047684,4.45033168793,5.464823246,5.70687675476,8.6815071106,20.9768848419,69.5267944336,49.663898468,51.7723960876,59.5957221985,63.1714134216,66.004234314,57.2226753235,35.2793807983,22.5307235718,12.0033779144,6.11370897293,4.69440507889,2.80471038818,1.27499198914,0.680612742901,0.400463372469,0.220812916756,0.124086841941,0.0376384854317,0.0109473410994,0.0340836383402,0.0453652143478,0.0586338154972,0.0699863433838,0.0443130657077],"min":[3.37659326571e-22,8.94342185296e-21,2.0894210688e-20,6.13698091903e-20,5.53570720918e-20,1.25006028636e-19,4.0880175771e-19,4.75781673836e-19,5.29986974473e-19,1.14737891895e-18,5.88808873506e-19,1.23163801769e-18,1.65360466504e-18,1.37549816789e-18,1.53235746143e-18,2.58183148987e-18,2.94267042053e-18,3.87819494292e-18,6.71190024098e-18,7.78582097204e-18,1.17933902715e-17,1.70250230958e-17,1.730742752e-17,1.56760122851e-17,1.25361571025e-17,1.47171015056e-17,1.8376257368e-17,1.53896622093e-17,1.40414802336e-17,1.88469512606e-17,1.63808793548e-17,1.90691303188e-17,1.62954646847e-17,1.03265872872e-17,7.68092950729e-18,6.46547196956e-18,2.87254928603e-18,1.09477219655e-18,3.93725538017e-19,3.78201936396e-20],"var":[0.0853385180235,0.731318116188,1.49691522121,0.940910935402,1.69912302494,6.92704677582,17.5330085754,66.0264816284,105.167053223,149.50328064,775.156860352,818.637084961,675.467285156,795.819946289,1690.73950195,13884.3095703,8502.72949219,8864.7109375,5981.67041016,5061.99462891,7617.859375,5453.95458984,3418.41943359,2037.16882324,773.720031738,470.379089355,585.535583496,244.077316284,15.412812233,2.67007613182,0.905753672123,0.457278877497,0.256341636181,0.0222795251757,0.00179240293801,0.0924978628755,0.0582374893129,0.0219883304089,0.0102044986561,0.00107858458068]},"erbbands_crest":{"dmean":1.96268713474,"dmean2":3.34430861473,"dvar":3.60930418968,"dvar2":9.69955348969,"max":26.2156600952,"mean":7.68213367462,"median":7.03887224197,"min":2.21793341637,"var":6.93020105362},"erbbands_flatness_db":{"dmean":0.0154530471191,"dmean2":0.0242227949202,"dvar":0.000175460823812,"dvar2":0.000410525593907,"max":0.290089249611,"mean":0.162988647819,"median":0.159847974777,"min":0.0185476224869,"var":0.000948112807237},"erbbands_kurtosis":{"dmean":0.962571144104,"dmean2":1.58794236183,"dvar":0.906517982483,"dvar2":2.37408304214,"max":20.4750862122,"mean":2.03895831108,"median":1.91960716248,"min":-1.50499582291,"var":2.82464814186},"erbbands_skewness":{"dmean":0.309438288212,"dmean2":0.503257215023,"dvar":0.0632685720921,"dvar2":0.161835283041,"max":1.95517063141,"mean":-0.577393293381,"median":-0.585143446922,"min":-3.42079758644,"var":0.246286541224},"erbbands_spread":{"dmean":2.97912931442,"dmean2":4.779545784,"dvar":10.1578893661,"dvar2":25.1580905914,"max":115.410736084,"mean":16.3684463501,"median":14.9840803146,"min":3.13864421844,"var":51.6715087891},"gfcc":{"cov":[[16730.5996094,1323.43994141,-1157.73596191,-288.270965576,651.053588867,-533.292297363,365.909484863,-421.623596191,161.479644775,-154.439422607,1.55286169052,4.40990686417,-119.500640869],[1323.43994141,1127.31176758,-121.012733459,-231.209854126,257.279266357,-110.553222656,93.8441314697,-142.619216919,93.1843414307,-50.5303993225,62.1733131409,-63.2641677856,49.0988731384],[-1157.73596191,-121.012733459,244.869445801,124.268943787,-86.4456253052,85.0102767944,-42.7682685852,61.7498321533,-34.9778213501,31.3523406982,-7.43928623199,11.5963869095,5.37969112396],[-288.270965576,-231.209854126,124.268943787,212.649017334,9.41194915771,31.454656601,3.6427590847,37.1073646545,-31.7740879059,15.5133905411,-8.02552032471,21.5765895844,-16.5602970123],[651.053588867,257.279266357,-86.4456253052,9.41194915771,233.022750854,-8.21605587006,54.6918258667,-62.1663589478,22.0106868744,-37.4826507568,29.2935028076,-15.5832138062,7.54027032852],[-533.292297363,-110.553222656,85.0102767944,31.454656601,-8.21605587006,143.22958374,-11.2298603058,40.5483436584,-16.2414627075,10.8006267548,-11.201417923,8.53429698944,5.2408618927],[365.909484863,93.8441314697,-42.7682685852,3.6427590847,54.6918258667,-11.2298603058,96.975402832,10.665471077,32.1164665222,-7.59066200256,-4.6023478508,-14.1302270889,-8.78375911713],[-421.623596191,-142.619216919,61.7498321533,37.1073646545,-62.1663589478,40.5483436584,10.665471077,110.454429626,20.2631969452,25.9472236633,-15.3398637772,-3.95837926865,-9.51459693909],[161.479644775,93.1843414307,-34.9778213501,-31.7740879059,22.0106868744,-16.2414627075,32.1164665222,20.2631969452,76.7727432251,21.050359726,12.3884754181,-4.23463869095,-6.51181745529],[-154.439422607,-50.5303993225,31.3523406982,15.5133905411,-37.4826507568,10.8006267548,-7.59066200256,25.9472236633,21.050359726,61.9465751648,25.582654953,16.5182132721,4.21493339539],[1.55286169052,62.1733131409,-7.43928623199,-8.02552032471,29.2935028076,-11.201417923,-4.6023478508,-15.3398637772,12.3884754181,25.582654953,60.7418670654,31.5638217926,14.8279056549],[4.40990686417,-63.2641677856,11.5963869095,21.5765895844,-15.5832138062,8.53429698944,-14.1302270889,-3.95837926865,-4.23463869095,16.5182132721,31.5638217926,59.8365135193,21.8369026184],[-119.500640869,49.0988731384,5.37969112396,-16.5602970123,7.54027032852,5.2408618927,-8.78375911713,-9.51459693909,-6.51181745529,4.21493339539,14.8279056549,21.8369026184,50.987651825]],"icov":[[0.000133577967063,-0.000352960196324,0.000914857955649,-0.000467733188998,0.0000499715788465,-0.0000141457567224,0.0000471562016173,-0.0000940696481848,0.00037136755418,-0.000487703742692,0.000781217124313,-0.000846297421958,0.000612153613474],[-0.000352960196324,0.00484507717192,-0.00803807657212,0.00739348167554,-0.00473086768761,0.00340458843857,-0.00313007482328,0.00299668568186,-0.00322872586548,0.00163718999829,-0.00269555277191,0.0036990409717,-0.00322176842019],[0.000914857955649,-0.00803807657212,0.0268003623933,-0.021293381229,0.0140223084018,-0.0113909970969,0.00723723182455,-0.00422295508906,0.00343868276104,-0.000106631145172,-0.00251534464769,0.0022571454756,-0.0000903943800949],[-0.000467733188998,0.00739348167554,-0.021293381229,0.0269042383879,-0.0176117941737,0.0114766675979,-0.00708115147427,-0.000381947174901,0.00440613459796,-0.00756084127352,0.00968030001968,-0.0104504078627,0.00575102306902],[0.0000499715788465,-0.00473086768761,0.0140223084018,-0.0176117941737,0.0216467641294,-0.0112978564575,0.00081857398618,0.00405354844406,-0.00584271084517,0.0128293316811,-0.0169545151293,0.0136604970321,-0.00639603286982],[-0.0000141457567224,0.00340458843857,-0.0113909970969,0.0114766675979,-0.0112978564575,0.0158881898969,-0.00240969378501,-0.00310507277027,0.00377645832486,-0.00616782065481,0.00959129072726,-0.00828232523054,0.00241091148928],[0.0000471562016173,-0.00313007482328,0.00723723182455,-0.00708115147427,0.00081857398618,-0.00240969378501,0.0178552977741,-0.00511060794815,-0.00334102311172,0.000989703927189,0.00229610828683,0.000164265511557,0.00106349214911],[-0.0000940696481848,0.00299668568186,-0.00422295508906,-0.000381947174901,0.00405354844406,-0.00310507277027,-0.00511060794815,0.0200546141714,-0.0103134764358,0.00136255589314,-0.00295452354476,0.00768587226048,-0.00406532594934],[0.00037136755418,-0.00322872586548,0.00343868276104,0.00440613459796,-0.00584271084517,0.00377645832486,-0.00334102311172,-0.0103134764358,0.0293945278972,-0.0163102876395,0.00915334466845,-0.0112212551758,0.0102697964758],[-0.000487703742692,0.00163718999829,-0.000106631145172,-0.00756084127352,0.0128293316811,-0.00616782065481,0.000989703927189,0.00136255589314,-0.0163102876395,0.0406729243696,-0.0291119907051,0.0155518352985,-0.00964219681919],[0.000781217124313,-0.00269555277191,-0.00251534464769,0.00968030001968,-0.0169545151293,0.00959129072726,0.00229610828683,-0.00295452354476,0.00915334466845,-0.0291119907051,0.0560145415366,-0.0366585738957,0.0121876308694],[-0.000846297421958,0.0036990409717,0.0022571454756,-0.0104504078627,0.0136604970321,-0.00828232523054,0.000164265511557,0.00768587226048,-0.0112212551758,0.0155518352985,-0.0366585738957,0.0520283356309,-0.0232246723026],[0.000612153613474,-0.00322176842019,-0.0000903943800949,0.00575102306902,-0.00639603286982,0.00241091148928,0.00106349214911,-0.00406532594934,0.0102697964758,-0.00964219681919,0.0121876308694,-0.0232246723026,0.0346607677639]],"mean":[12.165596962,52.5869750977,-123.552680969,-4.33646011353,12.5341424942,-12.9393005371,-0.0931515842676,-13.1927042007,4.44279336929,-2.98978328705,3.07808494568,1.69624042511,-7.43897294998]},"hfc":{"dmean":25.2782268524,"dmean2":38.0069351196,"dvar":669.229553223,"dvar2":1484.12280273,"max":433.262908936,"mean":116.394332886,"median":107.64276886,"min":1.16936617372e-16,"var":3869.54443359},"melbands":{"dmean":[0.00134347414132,0.00048171452363,0.0000985198930721,0.0000602194159001,0.0000623505475232,0.0000865810361574,0.0000686885323375,0.0000533021157025,0.000073648916441,0.0000572543540329,0.0000390717104892,0.0000406025210395,0.0000456113011751,0.00013713008957,0.000139953976031,0.0000721851029084,0.0000793969957158,0.000070885711466,0.0000590427880525,0.0000574163059355,0.0000543254936929,0.0000453757456853,0.000030602888728,0.0000261678305833,0.0000170129769685,0.00000930953956413,0.00000566232483834,0.00000371577652913,0.0000032814041333,0.00000285909140985,0.0000015374052964,8.19920387585e-7,5.10709014634e-7,3.32979453788e-7,2.36573754364e-7,1.70208423356e-7,1.49931949522e-7,1.25131663253e-7,9.49929130911e-8,2.65915289788e-8],"dmean2":[0.00224707345478,0.000794767169282,0.000162132331752,0.000100683770142,0.000104083890619,0.000143541765283,0.000112989000627,0.000088547989435,0.000123711768538,0.000094077855465,0.0000635385367787,0.0000675739138387,0.0000765723161749,0.000228861943469,0.00023384852102,0.000118250194646,0.000132095286972,0.000116636023449,0.000097221469332,0.0000943678751355,0.0000888669019332,0.00007417814777,0.0000497516521136,0.0000428549064964,0.0000272206107184,0.000014422125787,0.00000893990272743,0.00000579061588724,0.00000508919765707,0.00000437561584476,0.00000236942037191,0.00000127841906306,8.00017517122e-7,5.09738356413e-7,3.6164860262e-7,2.60047130496e-7,2.25967326628e-7,1.88525376643e-7,1.41474728821e-7,4.2031285119e-8],"dvar":[0.00000423332994615,3.48106908632e-7,1.57876307583e-8,1.13562199644e-8,1.57842077186e-8,2.07729744517e-8,1.7125683982e-8,1.24996191175e-8,3.72055808384e-8,1.61961075662e-8,8.5707450026e-9,8.77756889395e-9,1.19715455327e-8,6.12314678961e-8,4.99382082353e-8,1.61763473727e-8,1.70099738739e-8,1.02085122577e-8,6.46196607335e-9,5.16270493023e-9,6.15580120211e-9,3.85122200797e-9,2.21343809947e-9,1.6045565987e-9,6.63734289752e-10,2.45312103964e-10,1.39214390016e-10,1.05165001707e-10,1.08767210516e-10,9.49997996935e-11,2.57523342928e-11,3.33479641471e-12,9.81838959094e-13,2.92993900626e-13,1.47676440304e-13,8.28455549605e-14,8.43207339889e-14,6.94006280937e-14,4.45694133997e-14,2.33579266667e-15],"dvar2":[0.0000108917402031,8.75779221587e-7,4.07502582789e-8,2.8360393145e-8,3.9684199038e-8,5.41576881119e-8,4.61647999828e-8,3.3733961402e-8,1.04081557595e-7,4.19947170371e-8,2.12039772407e-8,2.26521645885e-8,3.24867315271e-8,1.46383371202e-7,1.27246750026e-7,3.98769408605e-8,4.55093527307e-8,2.59469459252e-8,1.65447122669e-8,1.32627206995e-8,1.51380525892e-8,9.8162518114e-9,5.5215121364e-9,4.06475431092e-9,1.59217450335e-9,5.41218958539e-10,2.97943419936e-10,2.49476467262e-10,2.36132446929e-10,2.00840608033e-10,5.38939240458e-11,7.90238534332e-12,2.34187430732e-12,6.60937667443e-13,3.29570680642e-13,1.7831198215e-13,1.83005655985e-13,1.5261626869e-13,9.91871312189e-14,5.47558561874e-15],"max":[0.0207553170621,0.0103327939287,0.00244616228156,0.00210046069697,0.0031080567278,0.0033612519037,0.00298216030933,0.00266722170636,0.00583449751139,0.00279554794542,0.00305975787342,0.00277877645567,0.00544041302055,0.00745983049273,0.00547904754058,0.00402132701129,0.00357848312706,0.00204209540971,0.00210651918314,0.00117793492973,0.00252926279791,0.00145310070366,0.000705339130946,0.000641367572825,0.000573012977839,0.000604917935561,0.000426069222158,0.000579402956646,0.000292060576612,0.000276517035672,0.000277632585494,0.000051310096751,0.0000196556247829,0.00000814126815385,0.00000763092430134,0.00000597227835897,0.00000999454823614,0.00000610487086306,0.00000530299030288,0.00000152447228174],"mean":[0.00150139583275,0.000708659470547,0.000153824395966,0.0000849119023769,0.000083206447016,0.000125526465126,0.000100981997093,0.0000775313746999,0.00010716021643,0.0000875322293723,0.0000617343393969,0.000060296846641,0.0000761268820497,0.000225088719162,0.000243474802119,0.00013426161604,0.000144013552926,0.000129078092868,0.000108399806777,0.000103321275674,0.000106229781522,0.0000870711301104,0.0000549597862118,0.0000455760236946,0.0000301072723232,0.0000173830230779,0.0000109047996375,0.00000684683527652,0.00000621499157205,0.00000541034432899,0.00000289661966235,0.00000146876789131,8.9293007477e-7,6.10163226611e-7,4.4340603722e-7,3.18701125934e-7,2.62997843947e-7,2.12027742919e-7,1.57450728011e-7,3.87953882353e-8],"median":[0.000758160720579,0.000476545188576,0.000105171675386,0.0000469905680802,0.0000483612311655,0.0000727602891857,0.0000528701712028,0.0000350353402609,0.0000358346114808,0.0000346280721715,0.0000264447226073,0.0000313699092658,0.0000464709810331,0.00015368082677,0.000166188634466,0.0000843053785502,0.0000940654863371,0.0000925432250369,0.0000834993552417,0.0000774801665102,0.0000747756785131,0.0000627942135907,0.0000355383053829,0.000026917179639,0.0000168444730662,0.00000983391782938,0.00000591172965869,0.00000341402733284,0.00000284091743197,0.00000243282920565,0.00000133024582283,7.44466262859e-7,4.73726458949e-7,3.27450834448e-7,2.40714882693e-7,1.61756432249e-7,1.21978771972e-7,9.05953498886e-8,6.29534113727e-8,1.8345206243e-8],"min":[6.22230644515e-24,1.19818584058e-23,9.50803478327e-24,4.53570565814e-24,1.39971219174e-23,9.59700093844e-24,1.03194184562e-23,1.05292262691e-23,5.16230339718e-24,8.06401227449e-24,8.13250906689e-24,5.36947444254e-24,4.28300826665e-24,8.06512535722e-24,6.07238343011e-24,5.30791489294e-24,7.95737879048e-24,9.35135596344e-24,1.37018970345e-23,1.02986595815e-23,1.47807305867e-23,1.91373411535e-23,1.19813227693e-23,1.93997872881e-23,1.1966698077e-23,8.20000952796e-24,9.65665223351e-24,9.61119412384e-24,1.08465708118e-23,1.17311339555e-23,8.56269858433e-24,7.06120124772e-24,1.0530032485e-23,9.90192013299e-24,7.61715333725e-24,1.3415086142e-23,1.08567928714e-23,1.17960232869e-23,9.46611471476e-24,8.82133530958e-24],"var":[0.00000412282906836,6.03981902714e-7,2.57002277237e-8,1.86870803276e-8,1.83439592405e-8,3.16993364891e-8,2.66896424961e-8,1.82911232827e-8,5.72802214549e-8,2.98476408034e-8,1.67170295384e-8,1.27823422957e-8,1.48868579686e-8,9.27402581397e-8,8.42881320295e-8,3.15304653498e-8,3.72608681687e-8,2.02083914047e-8,1.1155842472e-8,8.83457129675e-9,1.3471940008e-8,7.5216144424e-9,3.60808138922e-9,2.75815126294e-9,1.37227418318e-9,5.67895508397e-10,3.16827536428e-10,1.81986772874e-10,2.25903712403e-10,2.07801706398e-10,5.99433558346e-11,5.77781962899e-12,1.57903182717e-12,6.19896169986e-13,3.3472004465e-13,1.96645081945e-13,1.70106631689e-13,1.39324112685e-13,8.93948475899e-14,4.10839185615e-15]},"melbands_crest":{"dmean":4.9876666069,"dmean2":8.09970664978,"dvar":22.2894668579,"dvar2":54.3753013611,"max":39.7888336182,"mean":12.7101840973,"median":10.7363557816,"min":1.97053921223,"var":48.7619972229},"melbands_flatness_db":{"dmean":0.0262453760952,"dmean2":0.0415229871869,"dvar":0.000600041821599,"dvar2":0.00147141423076,"max":0.456103473902,"mean":0.160615339875,"median":0.156743183732,"min":0.00420711422339,"var":0.0024151657708},"melbands_kurtosis":{"dmean":3.10511636734,"dmean2":5.44162225723,"dvar":735.364135742,"dvar2":2352.39379883,"max":937.671508789,"mean":1.99488437176,"median":-0.683911800385,"min":-1.82506942749,"var":630.686523438},"melbands_skewness":{"dmean":0.647173941135,"dmean2":1.03283393383,"dvar":0.747438192368,"dvar2":2.13707876205,"max":28.36602211,"mean":0.852038562298,"median":0.588155269623,"min":-2.43342876434,"var":2.09969234467},"melbands_spread":{"dmean":10.7278766632,"dmean2":17.3900642395,"dvar":106.533500671,"dvar2":276.056182861,"max":247.374053955,"mean":51.4731826782,"median":50.9815940857,"min":0.457776516676,"var":380.531829834},"mfcc":{"cov":[[7745.89013672,689.458618164,-681.70324707,180.276046753,-16.2787265778,111.268531799,-15.2101192474,121.253845215,-18.4202823639,52.1311569214,32.1878623962,139.059967041,-27.7119827271],[689.458618164,1155.87158203,-266.128509521,-41.840423584,66.890914917,75.3747177124,-4.1367559433,-14.5771436691,13.9920215607,8.12899303436,13.077498436,42.1500091553,42.7642059326],[-681.70324707,-266.128509521,313.687530518,-1.2780213356,-25.0987415314,-29.1575107574,1.8907674551,-13.6098041534,7.3730597496,-5.80939626694,3.61728811264,-21.3687229156,-2.38452386856],[180.276046753,-41.840423584,-1.2780213356,186.317230225,30.8625259399,13.521235466,28.5975837708,15.4815578461,-5.82114028931,11.3474283218,3.22750401497,9.30928421021,-3.78422045708],[-16.2787265778,66.890914917,-25.0987415314,30.8625259399,125.181724548,55.2597923279,30.1964912415,11.5939559937,-8.4837064743,-15.4232168198,0.153333887458,0.10143096,14.8293228149],[111.268531799,75.3747177124,-29.1575107574,13.521235466,55.2597923279,98.6754684448,32.9142074585,12.6382627487,-3.45142769814,-11.5419015884,-7.04669332504,7.73747158051,7.62710762024],[-15.2101192474,-4.1367559433,1.8907674551,28.5975837708,30.1964912415,32.9142074585,68.7804336548,21.8943977356,9.08027935028,-0.693934440613,-4.39423561096,-4.05593681335,-1.85217750072],[121.253845215,-14.5771436691,-13.6098041534,15.4815578461,11.5939559937,12.6382627487,21.8943977356,66.4995346069,24.3163452148,18.2392692566,9.12057876587,-2.75367045403,-9.36901855469],[-18.4202823639,13.9920215607,7.3730597496,-5.82114028931,-8.4837064743,-3.45142769814,9.08027935028,24.3163452148,61.0744590759,33.3038330078,13.871919632,1.98235750198,-8.25145244598],[52.1311569214,8.12899303436,-5.80939626694,11.3474283218,-15.4232168198,-11.5419015884,-0.693934440613,18.2392692566,33.3038330078,56.1816558838,28.5244731903,9.03703117371,-4.40429353714],[32.1878623962,13.077498436,3.61728811264,3.22750401497,0.153333887458,-7.04669332504,-4.39423561096,9.12057876587,13.871919632,28.5244731903,47.6307907104,21.8585605621,8.20867824554],[139.059967041,42.1500091553,-21.3687229156,9.30928421021,0.10143096,7.73747158051,-4.05593681335,-2.75367045403,1.98235750198,9.03703117371,21.8585605621,45.5556907654,21.8113231659],[-27.7119827271,42.7642059326,-2.38452386856,-3.78422045708,14.8293228149,7.62710762024,-1.85217750072,-9.36901855469,-8.25145244598,-4.40429353714,8.20867824554,21.8113231659,46.4954872131]],"icov":[[0.000182575444342,-0.0000461935305793,0.000304462271743,-0.000161983727594,0.000183063719305,-0.000139214185765,0.000152381137013,-0.000355137482984,0.000194724052562,0.00000104496029962,0.0000616768957116,-0.000513550185133,0.000317370431731],[-0.0000461935305793,0.0012275299523,0.000917149940506,0.000287118600681,-0.000357122247806,-0.000621592160314,0.000187797399121,0.00083975715097,-0.000868286530022,-0.0000317772864946,-0.000272480945569,0.000141504060593,-0.000868963310495],[0.000304462271743,0.000917149940506,0.0049909139052,-0.000522003276274,0.00100911711343,-0.000197552712052,-0.000316524325171,0.00113366101868,-0.00177779363003,0.00195984402671,-0.0025557698682,0.00226012268104,-0.00126110133715],[-0.000161983727594,0.000287118600681,-0.000522003276274,0.00676783453673,-0.00216404418461,0.00092950562248,-0.00256971339695,-0.000452354724985,0.0027696241159,-0.00369131145999,0.00210182508454,-0.00301561807282,0.00169307528995],[0.000183063719305,-0.000357122247806,0.00100911711343,-0.00216404418461,0.0131384292617,-0.00581840472296,-0.00178401079029,-0.00125577347353,-0.0000864363173605,0.00476028211415,-0.00516177201644,0.00497456174344,-0.00423357030377],[-0.000139214185765,-0.000621592160314,-0.000197552712052,0.00092950562248,-0.00581840472296,0.0165911670774,-0.00545362196863,-0.00158703920897,0.000830544740893,0.000630407535937,0.00413492228836,-0.00536180334166,0.00114368461072],[0.000152381137013,0.000187797399121,-0.000316524325171,-0.00256971339695,-0.00178401079029,-0.00545362196863,0.0211802665144,-0.00472691981122,-0.00321175367571,0.00130698794965,0.00160077796318,0.00158341939095,-0.00042402636609],[-0.000355137482984,0.00083975715097,0.00113366101868,-0.000452354724985,-0.00125577347353,-0.00158703920897,-0.00472691981122,0.0222366917878,-0.0068391347304,-0.00208093016408,-0.00380853633396,0.00400780467317,0.00137208378874],[0.000194724052562,-0.000868286530022,-0.00177779363003,0.0027696241159,-0.0000864363173605,0.000830544740893,-0.00321175367571,-0.0068391347304,0.029364971444,-0.0168437324464,0.00372806517407,-0.00374201848172,0.00414721295238],[0.00000104496029962,-0.0000317772864946,0.00195984402671,-0.00369131145999,0.00476028211415,0.000630407535937,0.00130698794965,-0.00208093016408,-0.0168437324464,0.0407872162759,-0.0206889081746,0.003879068885,0.000548259180505],[0.0000616768957116,-0.000272480945569,-0.0025557698682,0.00210182508454,-0.00516177201644,0.00413492228836,0.00160077796318,-0.00380853633396,0.00372806517407,-0.0206889081746,0.0425653532147,-0.0192012302577,0.000786156917457],[-0.000513550185133,0.000141504060593,0.00226012268104,-0.00301561807282,0.00497456174344,-0.00536180334166,0.00158341939095,0.00400780467317,-0.00374201848172,0.003879068885,-0.0192012302577,0.0434164330363,-0.0176757629961],[0.000317370431731,-0.000868963310495,-0.00126110133715,0.00169307528995,-0.00423357030377,0.00114368461072,-0.00042402636609,0.00137208378874,0.00414721295238,0.000548259180505,0.000786156917457,-0.0176757629961,0.0329321585596]],"mean":[-640.149475098,124.326332092,-60.6594734192,25.5269508362,15.3905754089,18.5980491638,4.18876552582,8.06363105774,0.747072100639,4.17051553726,4.21592283249,13.5484447479,3.93190526962]},"pitch_salience":{"dmean":0.0773210078478,"dmean2":0.124922558665,"dvar":0.00531290797517,"dvar2":0.0131778661162,"max":0.915226995945,"mean":0.627016246319,"median":0.654909133911,"min":0.018941571936,"var":0.0140394624323},"silence_rate_20dB":{"dmean":0,"dmean2":0,"dvar":0,"dvar2":0,"max":1,"mean":1,"median":1,"min":1,"var":0},"silence_rate_30dB":{"dmean":0,"dmean2":0,"dvar":0,"dvar2":0,"max":1,"mean":1,"median":1,"min":1,"var":0},"silence_rate_60dB":{"dmean":0.00204651174136,"dmean2":0.00409340392798,"dvar":0.00204197363928,"dvar2":0.00463382247835,"max":1,"mean":0.0350665040314,"median":0,"min":0,"var":0.0338355377316},"spectral_centroid":{"dmean":184.974533081,"dmean2":283.128540039,"dvar":35784.7226562,"dvar2":71315.40625,"max":11452.0068359,"mean":2107.46704102,"median":2041.07849121,"min":495.283966064,"var":274408.03125},"spectral_complexity":{"dmean":4.35088348389,"dmean2":6.3687787056,"dvar":14.4771785736,"dvar2":27.9488754272,"max":64,"mean":32.2516059875,"median":33,"min":0,"var":113.013320923},"spectral_contrast_coeffs":{"dmean":[0.0483732745051,0.0477297082543,0.0399499125779,0.0282549485564,0.0214529596269,0.0240241326392],"dmean2":[0.0809219181538,0.0806278660893,0.0674330741167,0.0480902791023,0.0358247309923,0.0384724959731],"dvar":[0.0013962360099,0.00140849908348,0.000965464219917,0.00047545338748,0.000279518309981,0.000468621496111],"dvar2":[0.00378894736059,0.00394905498251,0.00271314289421,0.00137098424602,0.000770342361648,0.00115686340723],"max":[-0.464829474688,-0.529035151005,-0.543888986111,-0.608031213284,-0.637293994427,-0.567103564739],"mean":[-0.75715470314,-0.790676057339,-0.798333525658,-0.804551720619,-0.770190536976,-0.721687018871],"median":[-0.759817779064,-0.795744180679,-0.799834609032,-0.806387364864,-0.767790913582,-0.714255034924],"min":[-0.97131472826,-0.969754695892,-0.980117440224,-0.966081142426,-0.96219009161,-0.962351918221],"var":[0.00329576642253,0.00365321547724,0.00246395170689,0.00140449753962,0.00131292664446,0.00205385964364]},"spectral_contrast_valleys":{"dmean":[0.409613698721,0.360113739967,0.293405652046,0.239078164101,0.245390102267,0.375196576118],"dmean2":[0.675460338593,0.593102574348,0.476095020771,0.378742367029,0.359881281853,0.553576529026],"dvar":[0.114282384515,0.0940008461475,0.0663427188993,0.0523010417819,0.0785205438733,0.137628123164],"dvar2":[0.282236725092,0.225561380386,0.148727208376,0.104200556874,0.142745494843,0.297628581524],"max":[-5.78336715698,-5.00845193863,-5.17560243607,-5.2399520874,-5.1729722023,-8.81628799438],"mean":[-7.45864248276,-6.94399118423,-6.96685171127,-6.52933073044,-7.04402923584,-10.8359632492],"median":[-7.24675655365,-6.74188566208,-6.76205968857,-6.28920412064,-6.86373615265,-10.6818304062],"min":[-27.2392196655,-27.5030384064,-27.0777359009,-27.1119842529,-27.2057151794,-27.2462520599],"var":[2.03036284447,1.75895214081,1.75897920132,1.88086521626,1.63388979435,1.05941641331]},"spectral_decrease":{"dmean":1.82631898493e-9,"dmean2":2.89596924219e-9,"dvar":4.42698709314e-18,"dvar2":1.09327857719e-17,"max":7.36332106399e-10,"mean":-4.264756992e-9,"median":-3.6703584616e-9,"min":-2.17910383071e-8,"var":7.94813945083e-18},"spectral_energy":{"dmean":0.00816700886935,"dmean2":0.0125708375126,"dvar":0.0000799932095106,"dvar2":0.00019313384837,"max":0.0997957885265,"mean":0.0266535263509,"median":0.0244487561285,"min":1.05060985082e-20,"var":0.000208326586289},"spectral_energyband_high":{"dmean":0.00056136585772,"dmean2":0.000809185323305,"dvar":6.85918621457e-7,"dvar2":0.00000134759784487,"max":0.0174672473222,"mean":0.00180339324288,"median":0.00128720374778,"min":7.62091272647e-21,"var":0.00000289740978587},"spectral_energyband_low":{"dmean":0.00484402058646,"dmean2":0.0080356830731,"dvar":0.0000459387956653,"dvar2":0.000118079238746,"max":0.0760654211044,"mean":0.00640020053834,"median":0.00393828283995,"min":6.65497827121e-23,"var":0.0000503919764014},"spectral_energyband_middle_high":{"dmean":0.00368933449499,"dmean2":0.00562732247636,"dvar":0.0000172982872755,"dvar2":0.0000401412326028,"max":0.080284178257,"mean":0.0122231859714,"median":0.0103298155591,"min":1.63527286117e-21,"var":0.0000721195174265},"spectral_energyband_middle_low":{"dmean":0.00120490160771,"dmean2":0.00193490448873,"dvar":0.00000277587196251,"dvar2":0.00000722368849893,"max":0.0306477323174,"mean":0.00292309909128,"median":0.00207493756898,"min":2.81986193937e-22,"var":0.00000711222810423},"spectral_entropy":{"dmean":0.0777000635862,"dmean2":0.121788367629,"dvar":0.00538927456364,"dvar2":0.0122718028724,"max":9.807264328,"mean":7.77410316467,"median":7.77946901321,"min":7.05133056641,"var":0.0445476062596},"spectral_flux":{"dmean":0.0189923383296,"dmean2":0.0299140494317,"dvar":0.000383996783057,"dvar2":0.00089188979473,"max":0.24035435915,"mean":0.10120665282,"median":0.101356133819,"min":1.0249925908e-10,"var":0.00120360637084},"spectral_kurtosis":{"dmean":3.39061260223,"dmean2":5.19708061218,"dvar":13.245434761,"dvar2":29.6067943573,"max":59.9392204285,"mean":23.7888202667,"median":22.7343082428,"min":-1.22428917885,"var":60.8824539185},"spectral_rms":{"dmean":0.00074829661753,"dmean2":0.00112544849981,"dvar":5.4780764458e-7,"dvar2":0.00000126590282434,"max":0.00986720528454,"mean":0.00486738514155,"median":0.00488389655948,"min":3.20153907725e-12,"var":0.00000231182252719},"spectral_rolloff":{"dmean":4725.85400391,"dmean2":8893.40917969,"dvar":45456140,"dvar2":100080968,"max":22050,"mean":14037.2714844,"median":19164.5507812,"min":21.533203125,"var":62164192},"spectral_skewness":{"dmean":0.250132024288,"dmean2":0.385696411133,"dvar":0.0606830641627,"dvar2":0.132929027081,"max":6.02706623077,"mean":3.26151990891,"median":3.22988128662,"min":-0.0476691201329,"var":0.398604780436},"spectral_spread":{"dmean":265846.6875,"dmean2":413004.125,"dvar":148370620416,"dvar2":232011923456,"max":41410032,"mean":3456819.5,"median":3308824.5,"min":1808810.375,"var":1358143422460},"spectral_strongpeak":{"dmean":1.16315543652,"dmean2":2.12238264084,"dvar":14.2484970093,"dvar2":39.4968605042,"max":81.8554229736,"mean":1.05546200275,"median":0.175205826759,"min":0,"var":10.437543869},"zerocrossingrate":{"dmean":0.0292383711785,"dmean2":0.0376910530031,"dvar":0.000924159190618,"dvar2":0.00155103940051,"max":0.9990234375,"mean":0.275461524725,"median":0.2734375,"min":0,"var":0.0046786442399}},"metadata":{"audio_properties":{"analysis_sample_rate":44100,"bit_rate":320000,"codec":"mp3","downmix":"mix","equal_loudness":0,"length":249.60105896,"lossless":false,"md5_encoded":"33f572a549f7cda7fa9b992f67ada77f","replay_gain":-5.4854927063,"sample_rate":44100},"tags":{"album":["Power Metal"],"albumartist":["Pantera"],"albumartistsort":["Pantera"],"artist":["Pantera"],"artistsort":["Pantera"],"asin":["B0009OE9AO"],"catalognumber":["MMR-1988"],"date":["1988"],"discnumber":["1/1"],"file_name":"07. Pantera - Death Trap.mp3","genre":["Thrash Metal"],"label":["Metal Magic Records"],"musicbrainz album release country":["US"],"musicbrainz album status":["official"],"musicbrainz album type":["album"],"musicbrainz_albumartistid":["541f16f5-ad7a-428e-af89-9fa1b16d3c9c"],"musicbrainz_albumid":["8c086d0b-15b4-4eb6-9517-8e1ba86773a2"],"musicbrainz_artistid":["541f16f5-ad7a-428e-af89-9fa1b16d3c9c"],"musicbrainz_recordingid":["a8175376-e94d-4ed0-838b-d5ed1d421c0c"],"musicip_puid":["a6bb5415-7031-ee00-e733-f4e2c5573314"],"title":["Death Trap"],"tracknumber":["7/10"]},"version":{"essentia":"2.1-beta1","essentia_build_sha":"ca57ba49d9b1854bd80e60cf9ccf267278fb7d6b","essentia_git_sha":"v2.1_beta1-28-g21ef5f4-dirty","extractor":"music 1.0"}},"rhythm":{"beats_count":644,"beats_loudness":{"dmean":0.0115417595953,"dmean2":0.0202245563269,"dvar":0.00008711755072,"dvar2":0.00026590138441,"max":0.0768523365259,"mean":0.0322876609862,"median":0.0323098450899,"min":1.12511322481e-9,"var":0.000162892683875},"beats_loudness_band_ratio":{"dmean":[0.21204996109,0.0253742132336,0.0416753105819,0.0775462836027,0.140389800072,0.094777084887],"dmean2":[0.400389909744,0.0449063144624,0.0721667408943,0.134050667286,0.26591911912,0.174178615212],"dvar":[0.0295166820288,0.000950992456637,0.00319863553159,0.00489657232538,0.00932612363249,0.00461046863347],"dvar2":[0.10076995939,0.0027338610962,0.00920473877341,0.0148245459422,0.0312642119825,0.0136027466506],"max":[0.917935311794,0.362681776285,0.376199573278,0.62416523695,0.647245049477,0.953357994556],"mean":[0.238880127668,0.0341937988997,0.0574828311801,0.1768002957