{"lowlevel":{"average_loudness":0.97251611948,"barkbands":{"dmean":[0.00007997029752,0.00100132066291,0.00135731033515,0.0014613494277,0.00196867855266,0.00124457199126,0.00179869413842,0.000972904148512,0.000890870695002,0.000713639310561,0.00076819449896,0.000674625742249,0.000677502248436,0.00071442569606,0.000625153305009,0.000469728664029,0.000362394668628,0.000300786603475,0.000220855188672,0.000240820139879,0.000176034780452,0.000105305749457,0.0000805270683486,0.0000529910030309,0.0000246070994763,0.0000187418081623,0.00000511902226208],"dmean2":[0.000134830886964,0.00163372734096,0.00232083466835,0.00248581264168,0.00333229615353,0.0020272990223,0.00293953274377,0.00157319882419,0.00144860730506,0.00115737959277,0.00126274407376,0.00111368170474,0.00113360094838,0.00118604197633,0.00104365521111,0.000775580410846,0.00059599353699,0.000491669867188,0.000359607423889,0.000393443013309,0.00028109329287,0.00016100044013,0.000120174394397,0.0000768080208218,0.0000340909427905,0.0000264111113211,0.00000745006764191],"dvar":[3.69685402291e-8,0.00000316717455462,0.0000103188785943,0.00000450486822956,0.0000068363333412,0.00000261586615125,0.00000669679457133,0.00000265540279543,0.00000129413365357,9.02720898921e-7,8.46373268359e-7,5.15072144935e-7,5.61907313568e-7,7.11873440196e-7,4.79033928968e-7,4.21795476768e-7,2.47330120828e-7,1.55662220891e-7,1.36928747452e-7,2.06054551199e-7,7.78668507451e-8,3.12866141883e-8,4.57126709819e-8,2.63538986189e-8,2.81330581053e-9,8.77311612246e-10,6.8448531565e-11],"dvar2":[9.74364979811e-8,0.00000746646219341,0.000027630087061,0.0000122909023048,0.0000186747147382,0.00000697942778061,0.0000173991084012,0.00000641218684905,0.00000333429238708,0.00000227833925237,0.000002160686563,0.00000135504717491,0.00000153237374434,0.00000186546060377,0.00000123757945403,0.00000107426512841,6.36982690594e-7,3.95374229356e-7,3.33221123583e-7,5.22194909536e-7,1.8386394629e-7,6.70947031267e-8,8.5892473578e-8,5.21236707129e-8,5.77717917949e-9,1.87541715491e-9,1.60057897491e-10],"max":[0.00253088865429,0.0223352815956,0.0372781939805,0.0269398316741,0.0295150019228,0.0289400704205,0.035921908915,0.0224844049662,0.0228979773819,0.0167814344168,0.0183462388813,0.0104436753318,0.0103456731886,0.0137652158737,0.00989606510848,0.0118047595024,0.0130149498582,0.00774268619716,0.00906969700009,0.0129934260622,0.00546932080761,0.00427036173642,0.00508020352572,0.0042816256173,0.00223277369514,0.000604392495006,0.000146074467921],"mean":[0.0000772160856286,0.00140374293551,0.00145363830961,0.00214454112574,0.00326637947001,0.00266328873113,0.00321372970939,0.00156935513951,0.00172446435317,0.00140510580968,0.0013093984453,0.0013359177392,0.00139832217246,0.00150827690959,0.00135938834865,0.00100361183286,0.000831907324027,0.000719567295164,0.000481656577904,0.000528375210706,0.000404063641327,0.00026095067733,0.000178106856765,0.000108675681986,0.000050205278967,0.0000309550086968,0.0000078448883869],"median":[0.0000137274400913,0.000730148050934,0.000476228451589,0.00152892677579,0.00227222871035,0.00209084618837,0.00196461402811,0.00101279444061,0.0013250480406,0.00109183543827,0.000967431755271,0.00109111727215,0.00115270679817,0.00120713561773,0.00114394002594,0.00079662236385,0.000651821144857,0.000558287138119,0.000383636099286,0.000328747060848,0.000266768009169,0.000157495989697,0.0000847828341648,0.0000526097392139,0.0000283688659692,0.0000135919108288,0.00000371203122995],"min":[9.39494979757e-25,1.03837855618e-23,9.36605480868e-25,3.37049144238e-24,1.80398005538e-23,8.18281551567e-24,1.52214797962e-23,2.8873126391e-23,3.60897774132e-23,2.17969998949e-23,3.31005751841e-23,6.81026080723e-23,6.08364607614e-23,7.02469528938e-23,6.37041973439e-23,1.48940687573e-22,1.52380525016e-22,1.50908750381e-22,1.74882094451e-22,2.44260416825e-22,2.97960513672e-22,4.02110423731e-22,5.33159354698e-22,8.25327433136e-22,1.14830622234e-21,1.58496014567e-21,1.95330805472e-21],"var":[3.47845734439e-8,0.00000429460578744,0.00000887377518666,0.00000535248273081,0.0000107185569505,0.00000565141181141,0.0000140768606798,0.00000382407688448,0.00000249226059168,0.00000170242014974,0.00000163425863775,0.00000104791001831,0.00000113545070235,0.00000152388861352,9.75802436187e-7,7.62918546116e-7,5.37852486104e-7,3.85040948458e-7,2.00262519456e-7,4.78716629004e-7,2.00641935066e-7,1.06300333869e-7,1.22634190802e-7,5.68365265963e-8,6.23940632494e-9,1.76124614892e-9,1.06917460996e-10]},"barkbands_crest":{"dmean":1.87804448605,"dmean2":3.1509745121,"dvar":3.28341794014,"dvar2":8.92038631439,"max":25.9805374146,"mean":6.24308776855,"median":5.4712677002,"min":1.99751162529,"var":8.90495586395},"barkbands_flatness_db":{"dmean":0.0122875571251,"dmean2":0.0182775221765,"dvar":0.000131533452077,"dvar2":0.000282902445178,"max":0.423237025738,"mean":0.0892445296049,"median":0.0775209665298,"min":0.0239870902151,"var":0.00234090304002},"barkbands_kurtosis":{"dmean":0.642313241959,"dmean2":1.03959548473,"dvar":0.949919879436,"dvar2":2.00289964676,"max":105.482200623,"mean":0.493520200253,"median":-0.325260281563,"min":-1.91585040092,"var":22.0255146027},"barkbands_skewness":{"dmean":0.301898896694,"dmean2":0.482175499201,"dvar":0.075959213078,"dvar2":0.19170884788,"max":7.92210149765,"mean":0.681039512157,"median":0.612952589989,"min":-5.27452802658,"var":0.548828303814},"barkbands_spread":{"dmean":3.71432876587,"dmean2":5.68273448944,"dvar":14.228225708,"dvar2":28.878528595,"max":116.49382019,"mean":24.3975696564,"median":24.0559844971,"min":1.92712807655,"var":84.6345748901},"dissonance":{"dmean":0.00960041675717,"dmean2":0.0162911303341,"dvar":0.0000795596788521,"dvar2":0.000220933376113,"max":0.5,"mean":0.480418682098,"median":0.48402941227,"min":0.303044050932,"var":0.000225867130212},"dynamic_complexity":2.06075024605,"erbbands":{"dmean":[0.0282350331545,0.264140754938,1.34032905102,3.20851635933,5.18678760529,8.68164157867,7.4378824234,10.9759969711,18.1015071869,32.655456543,17.4830760956,20.368062973,22.1947002411,22.9054374695,24.748544693,27.3935050964,30.0993747711,31.7351779938,32.323009491,31.0398769379,24.1611595154,19.1271095276,16.1453838348,12.1914052963,11.2740535736,10.6592092514,8.39633083344,6.05412817001,4.1037902832,2.77632451057,2.32535028458,1.47251737118,0.722433805466,0.340447187424,0.149764984846,0.0828356593847,0.0358305089176,0.0079993782565,0.000781270908192,0.0000439052455476],"dmean2":[0.0470749810338,0.442603170872,2.26395201683,5.3618350029,8.90601921082,14.7394647598,12.2713651657,18.0035591125,30.1797599792,53.199382782,28.327381134,33.0719680786,36.253692627,37.4233894348,41.125667572,45.2128143311,49.9797477722,52.2593803406,53.6455230713,51.5482444763,39.689163208,31.3224220276,26.4138278961,19.930978775,18.3201522827,17.3223075867,13.6434316635,9.63840198517,6.33791160583,4.26710653305,3.46444892883,2.16252994537,1.03771519661,0.48121085763,0.210392057896,0.116740681231,0.0513118840754,0.0114926462993,0.00113758060616,0.0000635699325358],"dvar":[0.00397872459143,0.240405678749,9.6908493042,21.5438919067,64.7624359131,143.462387085,95.9269866943,236.389862061,538.562866211,2787.05761719,766.847595215,831.565979004,1059.93640137,789.026245117,702.657470703,906.521911621,1171.57104492,1274.79052734,1357.42285156,1439.81799316,1195.04553223,691.960754395,447.900115967,441.646270752,351.658538818,385.797485352,172.199478149,100.861190796,47.9654426575,26.8316936493,46.7273445129,22.0612926483,4.65184402466,0.790552139282,0.0671629533172,0.0189639404416,0.00333125470206,0.000164346478414,0.0000016451325564,5.03618347025e-9],"dvar2":[0.0105905914679,0.612970769405,25.8160400391,55.2093925476,178.543914795,398.424194336,250.979324341,642.688476562,1425.25854492,7205.93847656,1921.08508301,2109.34228516,2680.12866211,2025.1295166,1845.23425293,2387.28930664,3184.22045898,3362.12426758,3511.98461914,3674.73901367,2996.78369141,1711.44897461,1133.54003906,1091.10473633,857.924377441,979.297241211,415.137451172,238.195159912,103.365608215,58.0906715393,89.4719467163,43.5401268005,9.34185504913,1.66753411293,0.143521890044,0.0407832376659,0.00734009407461,0.000370504945749,0.00000387338513974,1.20018519567e-8],"max":[0.792288184166,4.66351270676,34.4600639343,51.4356002808,112.520484924,151.564285278,174.614471436,312.138427734,353.064300537,719.607055664,581.853210449,679.905151367,563.825805664,782.030029297,559.108032227,411.122894287,513.805114746,537.235900879,507.650665283,693.283081055,579.666625977,879.669494629,481.762786865,524.190490723,523.723937988,360.082733154,314.412139893,191.371078491,152.466705322,135.605484009,167.974533081,122.922203064,74.0508270264,42.9790306091,5.83072519302,3.86386847496,0.967814207077,0.183646544814,0.0240293070674,0.00139361259062],"mean":[0.0320710018277,0.352993100882,1.5604749918,4.79002428055,8.17222976685,13.0705757141,14.5792198181,22.6430397034,32.5297317505,55.9142799377,33.4749031067,39.3819007874,43.8922233582,48.7276420593,50.3261795044,58.0750961304,66.6118240356,72.3986358643,74.1941452026,67.5498123169,56.0135192871,48.0732269287,41.2871322632,28.3094329834,25.6917190552,23.859998703,18.3592987061,14.1188526154,10.0278987885,6.69370412827,4.90439748764,2.90673851967,1.48888599873,0.697003722191,0.299914002419,0.146563768387,0.0551704913378,0.0117919370532,0.00122252444271,0.000104456754343],"median":[0.0100612379611,0.191560581326,0.614679813385,3.31244730949,5.76546001434,8.28542327881,11.7061977386,17.3633842468,22.906036377,29.6575508118,24.4387969971,29.6314048767,34.6557884216,39.3203735352,42.0102653503,48.2275695801,55.4975585938,60.2994384766,62.3367195129,55.7891197205,44.7195892334,38.7210922241,32.1841583252,23.2865257263,18.9431152344,15.363494873,12.5040941238,8.65061378479,5.99829864502,3.73031520844,2.2396941185,1.33885443211,0.767152428627,0.389901459217,0.170336216688,0.0711130350828,0.0225084014237,0.0048129921779,0.000601784791797,0.0000768095560488],"min":[3.26716399555e-22,2.53102020338e-21,1.942260266e-21,1.03138347536e-20,4.45026788469e-20,7.16334662309e-20,3.35143501974e-20,9.18839268384e-20,2.49670896967e-19,3.39228009979e-19,4.58492203167e-19,1.02007251396e-18,6.83763469262e-19,1.10135769159e-18,1.64341648823e-18,2.41007860261e-18,3.54955691274e-18,3.63583391858e-18,3.62940010777e-18,4.4882356816e-18,9.08554836185e-18,7.45464432456e-18,8.68902610033e-18,7.09310353114e-18,9.12520588196e-18,1.2764969322e-17,1.57367157615e-17,1.07173995209e-17,1.16176408611e-17,1.60894321921e-17,1.50189479829e-17,1.71169824188e-17,1.33026739433e-17,1.19577783562e-17,8.480558388e-18,5.30642484089e-18,2.94984662594e-18,1.26445247938e-18,3.17204377868e-19,2.81516995121e-20],"var":[0.00433882977813,0.269957870245,8.69340419769,25.8697128296,72.5135650635,225.014190674,157.017822266,450.489379883,1003.51916504,5738.27099609,1242.8536377,1532.91052246,1711.80358887,1812.92700195,1334.73095703,1854.1998291,2427.62158203,2848.36230469,2996.30517578,2776.65698242,2360.70263672,1639.73706055,1204.38952637,648.724487305,722.599060059,834.400146484,382.71081543,277.70880127,158.546279907,91.2944259644,115.77558136,47.2189903259,9.62958335876,1.61191987991,0.156228080392,0.04031791538,0.0059664058499,0.000266710761935,0.0000025366398404,8.57947313193e-9]},"erbbands_crest":{"dmean":1.80580031872,"dmean2":2.99940085411,"dvar":3.09045791626,"dvar2":8.51696491241,"max":23.2250289917,"mean":6.49991226196,"median":5.81101512909,"min":2.15428376198,"var":7.11513137817},"erbbands_flatness_db":{"dmean":0.0131319630891,"dmean2":0.0186610519886,"dvar":0.000159375253133,"dvar2":0.00029743797495,"max":0.32633087039,"mean":0.154641196132,"median":0.147608816624,"min":0.0265117119998,"var":0.00166128249839},"erbbands_kurtosis":{"dmean":0.42950424552,"dmean2":0.698019146919,"dvar":0.166347056627,"dvar2":0.424375295639,"max":19.9075603485,"mean":-0.0434462539852,"median":-0.201004266739,"min":-1.44117808342,"var":1.12683689594},"erbbands_skewness":{"dmean":0.228830993176,"dmean2":0.363696873188,"dvar":0.0371263362467,"dvar2":0.0938667953014,"max":3.51074099541,"mean":0.0412411652505,"median":0.00293012801558,"min":-1.7652349472,"var":0.197298005223},"erbbands_spread":{"dmean":5.00655984879,"dmean2":7.96132183075,"dvar":26.3293304443,"dvar2":63.4134597778,"max":141.20892334,"mean":30.3298244476,"median":29.0173244476,"min":6.74637126923,"var":108.230171204},"gfcc":{"cov":[[17334.0351562,-926.854797363,-1451.85620117,1461.22766113,-721.140869141,705.638244629,-353.420806885,478.439056396,-395.349700928,455.440673828,-303.26965332,292.449249268,-226.336486816],[-926.854797363,1204.28710938,-284.567016602,-263.353942871,99.1667709351,-185.128463745,4.6779589653,-77.0622787476,62.641494751,-100.917449951,28.9360733032,-75.5454101562,23.9417762756],[-1451.85620117,-284.567016602,615.207397461,-23.3478279114,104.898963928,21.5355243683,26.5778388977,-0.914825737476,6.04572439194,21.7304916382,-1.80021870136,14.3873338699,-16.5329837799],[1461.22766113,-263.353942871,-23.3478279114,321.664916992,-42.0137138367,123.864807129,-3.31008219719,44.9030723572,-33.0156211853,43.2637443542,-6.92456388474,21.3730869293,-9.45949459076],[-721.140869141,99.1667709351,104.898963928,-42.0137138367,152.808456421,4.3235449791,34.4887657166,6.81920814514,25.5675792694,-4.19525432587,7.02203083038,-1.05196464062,3.37064409256],[705.638244629,-185.128463745,21.5355243683,123.864807129,4.3235449791,143.566314697,25.9467983246,32.0884056091,-23.4928760529,37.5547027588,-6.08117198944,17.3985595703,-4.01344490051],[-353.420806885,4.6779589653,26.5778388977,-3.31008219719,34.4887657166,25.9467983246,67.1044311523,16.8018836975,20.5487861633,-0.695013344288,15.4911937714,-6.34828805923,6.82961177826],[478.439056396,-77.0622787476,-0.914825737476,44.9030723572,6.81920814514,32.0884056091,16.8018836975,78.8481674194,20.2894687653,37.4489822388,-6.59537124634,23.5141220093,-14.1028003693],[-395.349700928,62.641494751,6.04572439194,-33.0156211853,25.5675792694,-23.4928760529,20.5487861633,20.2894687653,60.6536941528,10.7899065018,18.9500694275,-4.06292104721,3.00235819817],[455.440673828,-100.917449951,21.7304916382,43.2637443542,-4.19525432587,37.5547027588,-0.695013344288,37.4489822388,10.7899065018,68.0539093018,10.1752758026,24.6970367432,-13.7853374481],[-303.26965332,28.9360733032,-1.80021870136,-6.92456388474,7.02203083038,-6.08117198944,15.4911937714,-6.59537124634,18.9500694275,10.1752758026,48.1970367432,7.12178373337,11.1881055832],[292.449249268,-75.5454101562,14.3873338699,21.3730869293,-1.05196464062,17.3985595703,-6.34828805923,23.5141220093,-4.06292104721,24.6970367432,7.12178373337,48.4644088745,6.20424509048],[-226.336486816,23.9417762756,-16.5329837799,-9.45949459076,3.37064409256,-4.01344490051,6.82961177826,-14.1028003693,3.00235819817,-13.7853374481,11.1881055832,6.20424509048,38.9652061462]],"icov":[[0.000813389953692,-0.000690895481966,0.00140454643406,-0.00204995763488,0.00172250077594,-0.00139998702798,0.00173663662281,-0.00221052276902,0.00284696300514,-0.0031478672754,0.00348066329025,-0.00257354788482,0.0019272044301],[-0.000690895481966,0.00224423967302,-0.000234569553868,0.00229624705389,-0.0030031981878,0.00214894604869,-0.00118278968148,0.00227296864614,-0.00297258305363,0.00344607443549,-0.00369151099585,0.00335258082487,-0.00144876155537],[0.00140454643406,-0.000234569553868,0.00497347395867,-0.00321655347943,0.000767789606471,-0.00180162885226,0.00220281188376,-0.00210567982867,0.00454868841916,-0.00596993323416,0.00649292580783,-0.00505900243297,0.00471050804481],[-0.00204995763488,0.00229624705389,-0.00321655347943,0.0107748443261,-0.00379576673731,-0.00065351446392,-0.00194278138224,0.00267077051103,-0.00570504460484,0.0084075704217,-0.0109206335619,0.00827073026448,-0.00526645826176],[0.00172250077594,-0.0030031981878,0.000767789606471,-0.00379576673731,0.01404334791,-0.00523912301287,0.000628618523479,-0.00486759701744,0.0032181290444,-0.00552290119231,0.00862024910748,-0.00771742872894,0.00418044719845],[-0.00139998702798,0.00214894604869,-0.00180162885226,-0.00065351446392,-0.00523912301287,0.0190377626568,-0.0116932634264,0.00403100671247,0.00254350015894,-0.00245990068652,-0.00269047543406,0.00475170835853,-0.00550330150872],[0.00173663662281,-0.00118278968148,0.00220281188376,-0.00194278138224,0.000628618523479,-0.0116932634264,0.0319073311985,-0.0153430011123,0.00213204161264,0.00119893136434,-0.00407784571871,0.00392298400402,-0.000321022613207],[-0.00221052276902,0.00227296864614,-0.00210567982867,0.00267077051103,-0.00486759701744,0.00403100671247,-0.0153430011123,0.0381427407265,-0.0215150900185,0.000344967033016,0.00505173625425,-0.00905262306333,0.00461946288124],[0.00284696300514,-0.00297258305363,0.00454868841916,-0.00570504460484,0.0032181290444,0.00254350015894,0.00213204161264,-0.0215150900185,0.0435491651297,-0.0185602437705,0.00176651543006,0.00208044727333,-0.000028921140256],[-0.0031478672754,0.00344607443549,-0.00596993323416,0.0084075704217,-0.00552290119231,-0.00245990068652,0.00119893136434,0.000344967033016,-0.0185602437705,0.0446732714772,-0.0238620396703,0.00198366004042,0.00301531865261],[0.00348066329025,-0.00369151099585,0.00649292580783,-0.0109206335619,0.00862024910748,-0.00269047543406,-0.00407784571871,0.00505173625425,0.00176651543006,-0.0238620396703,0.0504116639495,-0.0213722679764,0.00446048891172],[-0.00257354788482,0.00335258082487,-0.00505900243297,0.00827073026448,-0.00771742872894,0.00475170835853,0.00392298400402,-0.00905262306333,0.00208044727333,0.00198366004042,-0.0213722679764,0.0472430698574,-0.0207987502217],[0.0019272044301,-0.00144876155537,0.00471050804481,-0.00526645826176,0.00418044719845,-0.00550330150872,-0.000321022613207,0.00461946288124,-0.000028921140256,0.00301531865261,0.00446048891172,-0.0207987502217,0.0423684492707]],"mean":[38.26014328,86.1289672852,-139.826080322,15.123913765,-56.0404968262,2.71315312386,-37.9787712097,-2.43681883812,-22.5685310364,0.655486106873,-17.8309135437,-1.72633695602,-13.1925926208]},"hfc":{"dmean":5.3489780426,"dmean2":7.93847417831,"dvar":42.1826057434,"dvar2":84.5897140503,"max":103.548156738,"mean":33.4270591736,"median":32.628452301,"min":1.18111849117e-16,"var":238.972686768},"melbands":{"dmean":[0.000251184916124,0.000570725474972,0.000596819154453,0.000480269169202,0.000262229936197,0.00024566007778,0.000298853352433,0.00032350042602,0.000137732247822,0.000129429725348,0.00011338704644,0.0000955469149631,0.000106568586489,0.0000694988775649,0.0000777673340053,0.0000625732864137,0.0000650489746477,0.0000608891095908,0.0000439879586338,0.0000374648116122,0.0000302367516269,0.0000229728975683,0.0000191725848708,0.0000145332396642,0.0000106524212242,0.00000866644495545,0.00000985187853075,0.00000710251697456,0.00000585662155572,0.00000475299702885,0.00000354192025043,0.00000258992895397,0.00000199044961846,0.00000152699772116,0.00000146379318267,0.00000127943576445,8.25410040761e-7,5.53457084607e-7,4.2549655177e-7,2.62131919726e-7],"dmean2":[0.000401914003305,0.000959747645538,0.00100354326423,0.000817524385639,0.000431790394941,0.000401556229917,0.000493832339998,0.000525007140823,0.000223203925998,0.00021069678769,0.000184972799616,0.000155986606842,0.000175993365701,0.000115477625513,0.000129312800709,0.000104380342236,0.000107663858216,0.000101432713564,0.0000738409871701,0.0000618741614744,0.0000500047754031,0.0000379409830202,0.0000316950354318,0.0000237809290411,0.000017683571059,0.000014208148059,0.0000161861262313,0.0000117042873171,0.00000968515541899,0.000007696126886,0.00000571144437345,0.00000405078435506,0.00000311188523483,0.0000023853165203,0.00000222478001888,0.00000192465290638,0.00000123422944398,8.14999395971e-7,6.21857168426e-7,3.81505486757e-7],"dvar":[2.24005717087e-7,0.00000165486073911,7.28122586224e-7,4.06663559716e-7,1.14447416877e-7,1.0923940863e-7,1.52263908149e-7,2.57028204942e-7,4.33281428514e-8,3.16053316851e-8,2.70949644943e-8,1.35236932763e-8,1.49518566417e-8,6.10469053086e-9,7.21703985462e-9,4.47009496085e-9,5.4201221289e-9,5.32939292697e-9,2.60384624973e-9,2.3719242126e-9,2.03763939055e-9,1.02738162422e-9,6.02941419015e-10,3.97279181774e-10,3.59195118094e-10,1.7753010173e-10,3.90085602708e-10,1.60631105639e-10,8.32656443794e-11,6.32847593773e-11,3.47112408261e-11,1.82931968185e-11,1.25608369192e-11,9.13187667845e-12,1.79164513087e-11,1.80848894887e-11,7.491739e-12,3.1820720104e-12,1.17931695225e-12,4.45674421846e-13],"dvar2":[5.3379773135e-7,0.00000439004770669,0.00000189524394045,0.00000111758401999,2.99462243447e-7,2.95951281259e-7,3.9651587258e-7,6.60168211652e-7,1.09519895375e-7,8.04434208135e-8,6.83096956777e-8,3.46596493728e-8,3.85286149651e-8,1.58231259206e-8,1.95622753552e-8,1.21313448176e-8,1.42790499424e-8,1.36602302803e-8,6.75006850415e-9,5.91067195188e-9,5.12745401693e-9,2.60485522041e-9,1.54214552239e-9,1.00500097133e-9,9.02884655929e-10,4.30188218381e-10,1.00523755986e-9,4.14791839765e-10,2.08263212231e-10,1.57297785908e-10,8.41736402801e-11,4.05097760892e-11,2.85089278573e-11,2.03701378682e-11,3.63979714424e-11,3.77139292018e-11,1.55653944595e-11,6.60939358799e-12,2.36677019129e-12,1.00739273694e-12],"max":[0.00666242698207,0.0137581117451,0.0100768925622,0.00779191683978,0.00478378124535,0.00658450182527,0.00543508445844,0.00678577646613,0.00403888942674,0.00379212223925,0.00280591356568,0.00304787652567,0.00258990633301,0.00128491979558,0.00101862486918,0.000851142627653,0.00102217227686,0.00113116903231,0.000781941635069,0.00104835117236,0.000802876253147,0.000878079503309,0.000619104946963,0.000400320277549,0.00050388724776,0.000229833545745,0.000647985551041,0.000218174725887,0.000211822232814,0.000176764922799,0.0000993868088699,0.0000957878073677,0.000115085014841,0.0000754508582759,0.000105062725197,0.000108854648715,0.0000709421437932,0.0000646143598715,0.0000430330765084,0.0000323345593642],"mean":[0.000336911471095,0.000697840703651,0.000921389495488,0.00078600255074,0.00053026014939,0.000520654954016,0.000544049020391,0.000557201565243,0.000259090651525,0.000246078445343,0.000217099033762,0.000195725035155,0.000188284917385,0.000137836104841,0.000159171584528,0.000133639288833,0.000136452974402,0.000124890444567,0.0000930250389501,0.0000780734044383,0.0000627372937743,0.0000504009149154,0.0000426278311352,0.0000325436813,0.0000217652923311,0.0000178123373189,0.0000201326383831,0.0000145413096106,0.000011682936929,0.00000972112866293,0.00000764470587455,0.00000585675115872,0.00000444430088464,0.00000342426665156,0.00000292576123684,0.00000235183142649,0.00000153491942001,0.00000106610389139,8.33985779991e-7,5.03918045069e-7],"median":[0.000152473992785,0.000310782925226,0.000661912257783,0.000542413326912,0.000428592553362,0.000405203696573,0.000370541005395,0.000310459581669,0.000192851832253,0.000185364187928,0.00016969392891,0.00015662482474,0.000145087455167,0.000110276829218,0.000132265384309,0.000112703099148,0.000110382534331,0.0000990616536001,0.0000781512790127,0.0000627597764833,0.0000479325790366,0.0000390032073483,0.0000324277716572,0.0000248125288635,0.0000171325773408,0.0000136936387207,0.0000124214275274,0.00000933476349019,0.00000793107483332,0.00000625780057817,0.00000445068417321,0.00000355563952326,0.00000254681162914,0.00000182574558494,0.00000129779323288,0.00000104503840248,6.97638938618e-7,5.33640672984e-7,4.42646268084e-7,2.74968044778e-7],"min":[4.58639470447e-24,1.78564700683e-24,1.97462139769e-24,4.27832953262e-24,1.71619865096e-24,2.29873160591e-24,3.46224779857e-24,3.91398860152e-24,3.89513167044e-24,5.89635858544e-24,3.23169156332e-24,4.30656049784e-24,5.62232013988e-24,7.97965385586e-24,8.07164844805e-24,6.34742372902e-24,7.06888711952e-24,5.47789272434e-24,5.35768294416e-24,5.31161701717e-24,1.00349725687e-23,6.48423035379e-24,6.27590717708e-24,6.24374807899e-24,5.32822885011e-24,7.12877980602e-24,6.43888820668e-24,7.49378811345e-24,1.28068467739e-23,6.2758168525e-24,5.8389496275e-24,5.48915253047e-24,8.80153963402e-24,8.48486246767e-24,7.76702823178e-24,9.65040287742e-24,9.82836516447e-24,9.50666532074e-24,9.22135010854e-24,8.96095106803e-24],"var":[3.05496001829e-7,0.00000153459177454,8.64611706675e-7,6.49746368708e-7,1.92792938947e-7,2.27912792639e-7,3.05074308926e-7,5.20484206845e-7,7.20882837868e-8,5.96361928729e-8,4.43004921635e-8,3.07352294726e-8,2.74156004565e-8,1.24620127551e-8,1.3886793937e-8,9.67442392863e-9,1.14525740003e-8,1.09737348097e-8,4.82576423266e-9,4.19684109687e-9,3.72778119484e-9,2.14123963005e-9,1.44019229875e-9,8.78175421271e-10,4.64196486805e-10,2.84636453296e-10,8.42946212831e-10,3.0241784077e-10,1.60083737932e-10,1.33801081326e-10,9.00520213953e-11,5.39797755106e-11,3.73217082239e-11,2.79123564539e-11,4.26944452014e-11,3.50717371811e-11,1.43255242738e-11,6.00999111589e-12,2.49887545552e-12,8.30587063971e-13]},"melbands_crest":{"dmean":2.81339788437,"dmean2":4.70048379898,"dvar":6.88822078705,"dvar2":18.6263389587,"max":36.9191856384,"mean":9.21988964081,"median":8.3679561615,"min":2.13600087166,"var":15.192896843},"melbands_flatness_db":{"dmean":0.0156789720058,"dmean2":0.0239822641015,"dvar":0.000213394247112,"dvar2":0.000472034385893,"max":0.470036506653,"mean":0.137920603156,"median":0.127896204591,"min":0.00624001258984,"var":0.00307692680508},"melbands_kurtosis":{"dmean":1.63012588024,"dmean2":2.665184021,"dvar":4.21427536011,"dvar2":11.0058088303,"max":36.689201355,"mean":2.49993014336,"median":1.65295672417,"min":-1.46857964993,"var":8.80167865753},"melbands_skewness":{"dmean":0.390218853951,"dmean2":0.621221721172,"dvar":0.156327188015,"dvar2":0.396659851074,"max":5.40363836288,"mean":1.39757049084,"median":1.31761372089,"min":-0.16717942059,"var":0.385318815708},"melbands_spread":{"dmean":6.20260763168,"dmean2":9.80071926117,"dvar":44.4744911194,"dvar2":103.067932129,"max":151.897628784,"mean":33.1318397522,"median":32.5381355286,"min":1.77868175507,"var":177.828475952},"mfcc":{"cov":[[8452.69726562,-196.342163086,-238.464309692,286.620452881,-6.78192615509,281.30682373,109.98903656,92.0032958984,54.6830482483,88.4046630859,33.047077179,85.0121841431,47.5130958557],[-196.342163086,976.442077637,-301.854431152,-59.9310073853,-10.3212375641,-78.2178268433,-64.2443084717,5.01666498184,7.44130563736,-5.96717834473,21.8090190887,1.47501480579,-1.50924098492],[-238.464309692,-301.854431152,354.29510498,57.6589622498,50.0457649231,33.0002708435,31.4189758301,-9.32932376862,-1.04245531559,5.02730846405,-4.47855901718,3.44113445282,1.86397016048],[286.620452881,-59.9310073853,57.6589622498,116.192634583,35.8426094055,23.5417613983,14.7608089447,12.3357591629,3.78832674026,7.52777528763,1.95302593708,6.85680580139,8.57965087891],[-6.78192615509,-10.3212375641,50.0457649231,35.8426094055,86.9690475464,30.8857631683,19.6524772644,10.2594223022,14.1420631409,4.57070875168,8.63212585449,8.56157016754,5.10680961609],[281.30682373,-78.2178268433,33.0002708435,23.5417613983,30.8857631683,90.0388870239,51.2310523987,11.5717477798,7.38659334183,11.7855978012,-0.0416333340108,2.67594885826,3.35665774345],[109.98903656,-64.2443084717,31.4189758301,14.7608089447,19.6524772644,51.2310523987,69.9981994629,21.1332645416,9.31464672089,10.8817529678,2.94890999794,3.00065803528,2.84690713882],[92.0032958984,5.01666498184,-9.32932376862,12.3357591629,10.2594223022,11.5717477798,21.1332645416,46.854724884,22.0409412384,9.55511569977,5.97743606567,5.12677621841,3.63550138474],[54.6830482483,7.44130563736,-1.04245531559,3.78832674026,14.1420631409,7.38659334183,9.31464672089,22.0409412384,44.1077423096,19.1966648102,9.9255437851,4.90608882904,2.79752659798],[88.4046630859,-5.96717834473,5.02730846405,7.52777528763,4.57070875168,11.7855978012,10.8817529678,9.55511569977,19.1966648102,42.4371376038,19.9852905273,8.09486293793,5.83624744415],[33.047077179,21.8090190887,-4.47855901718,1.95302593708,8.63212585449,-0.0416333340108,2.94890999794,5.97743606567,9.9255437851,19.9852905273,44.4761581421,21.3980789185,9.6663236618],[85.0121841431,1.47501480579,3.44113445282,6.85680580139,8.56157016754,2.67594885826,3.00065803528,5.12677621841,4.90608882904,8.09486293793,21.3980789185,41.8216629028,21.6456127167],[47.5130958557,-1.50924098492,1.86397016048,8.57965087891,5.10680961609,3.35665774345,2.84690713882,3.63550138474,2.79752659798,5.83624744415,9.6663236618,21.6456127167,39.9435043335]],"icov":[[0.000164709446835,0.0000389394663216,0.000217153428821,-0.000458539521787,0.000311848853016,-0.000628681154922,0.000211005550227,-0.0000796053718659,-0.0000996309900074,-0.000103691869299,0.0000543731584912,-0.00035625640885,0.000101101621112],[0.0000389394663216,0.00154890096746,0.00132979999762,0.000137049355544,-0.000955383875407,0.000748895865399,0.000523223134223,-0.00015556809376,-0.0000326755071001,-0.00000460598084828,-0.000550445518456,0.000141442273161,0.0000163139484357],[0.000217153428821,0.00132979999762,0.00477983197197,-0.00170512439217,-0.00190111296251,0.000260549422819,-0.00100003415719,0.0018150631804,-0.000144995807204,-0.000645741354674,0.00051116180839,-0.000725711346604,0.000436451402493],[-0.000458539521787,0.000137049355544,-0.00170512439217,0.0122816702351,-0.00452097738162,0.000544737209566,0.000764974567574,-0.00321477325633,0.00283827655949,-0.00180515251122,0.00105851260014,0.000692286062986,-0.00180388812441],[0.000311848853016,-0.000955383875407,-0.00190111296251,-0.00452097738162,0.0176406949759,-0.00620014220476,0.00024205740192,0.000201477640076,-0.00563260307536,0.00426497450098,-0.00315045868047,-0.00168178102467,0.000327917136019],[-0.000628681154922,0.000748895865399,0.000260549422819,0.000544737209566,-0.00620014220476,0.0242501981556,-0.0152318524197,0.00311557203531,0.00099804229103,-0.00351796601899,0.00296278996393,0.000907555862796,-0.000560850894544],[0.000211005550227,0.000523223134223,-0.00100003415719,0.000764974567574,0.00024205740192,-0.0152318524197,0.0291072688997,-0.0109178358689,0.00232825009152,-0.00188074633479,-0.000844843918458,0.000191161685507,0.000031918494642],[-0.0000796053718659,-0.00015556809376,0.0018150631804,-0.00321477325633,0.000201477640076,0.00311557203531,-0.0109178358689,0.0338830724359,-0.0155057851225,0.00219757226296,-0.000185187163879,-0.00140901620034,-0.000325445289491],[-0.0000996309900074,-0.0000326755071001,-0.000144995807204,0.00283827655949,-0.00563260307536,0.00099804229103,0.00232825009152,-0.0155057851225,0.0375310368836,-0.0145917739719,0.000921064929571,0.000240965484409,0.000545991584659],[-0.000103691869299,-0.00000460598084828,-0.000645741354674,-0.00180515251122,0.00426497450098,-0.00351796601899,-0.00188074633479,0.00219757226296,-0.0145917739719,0.0385428778827,-0.0161492247134,0.0035276946146,-0.00238777627237],[0.0000543731584912,-0.000550445518456,0.00051116180839,0.00105851260014,-0.00315045868047,0.00296278996393,-0.000844843918458,-0.000185187163879,0.000921064929571,-0.0161492247134,0.0384428948164,-0.0177028719336,0.00247939489782],[-0.00035625640885,0.000141442273161,-0.000725711346604,0.000692286062986,-0.00168178102467,0.000907555862796,0.000191161685507,-0.00140901620034,0.000240965484409,0.0035276946146,-0.0177028719336,0.0432683117688,-0.0191279184073],[0.000101101621112,0.0000163139484357,0.000436451402493,-0.00180388812441,0.000327917136019,-0.000560850894544,0.000031918494642,-0.000325445289491,0.000545991584659,-0.00238777627237,0.00247939489782,-0.0191279184073,0.0353915244341]],"mean":[-590.820373535,119.435844421,-26.6051158905,12.7382144928,-5.15189743042,3.99907374382,-8.12014579773,-3.53834271431,-4.77006006241,-1.91343128681,-3.78679084778,-1.43204414845,-3.42043828964]},"pitch_salience":{"dmean":0.0515827089548,"dmean2":0.0857362002134,"dvar":0.00198837323114,"dvar2":0.00553852738813,"max":0.934316515923,"mean":0.700885891914,"median":0.705852031708,"min":0.363837450743,"var":0.00424194009975},"silence_rate_20dB":{"dmean":0,"dmean2":0,"dvar":0,"dvar2":0,"max":1,"mean":1,"median":1,"min":1,"var":0},"silence_rate_30dB":{"dmean":0,"dmean2":0,"dvar":0,"dvar2":0,"max":1,"mean":1,"median":1,"min":1,"var":0},"silence_rate_60dB":{"dmean":0.000478640664369,"dmean2":0.000957395881414,"dvar":0.000478420872241,"dvar2":0.000956516247243,"max":1,"mean":0.0315865054727,"median":0,"min":0,"var":0.0305885914713},"spectral_centroid":{"dmean":198.407119751,"dmean2":310.473602295,"dvar":64574.2304688,"dvar2":136494.375,"max":11231.0615234,"mean":1601.62719727,"median":1581.51000977,"min":275.490570068,"var":298950.53125},"spectral_complexity":{"dmean":3.93346905708,"dmean2":6.28937292099,"dvar":12.5729322433,"dvar2":28.6599159241,"max":61,"mean":36.6225166321,"median":38,"min":0,"var":105.93522644},"spectral_contrast_coeffs":{"dmean":[0.0511979013681,0.0451014302671,0.0343248918653,0.0262488983572,0.0185791160911,0.0147934276611],"dmean2":[0.0855422988534,0.0747924596071,0.057229667902,0.0444406270981,0.0311988182366,0.0243657380342],"dvar":[0.00168376532383,0.00128128414508,0.000721476506442,0.000412206572946,0.000214844578295,0.000146518679685],"dvar2":[0.00471860961989,0.00354147073813,0.00202851789072,0.00118499284144,0.000588622933719,0.000385385297704],"max":[-0.354834139347,-0.523447334766,-0.630769610405,-0.688347160816,-0.672521591187,-0.634351849556],"mean":[-0.608366370201,-0.75369566679,-0.796139717102,-0.802855610847,-0.801203906536,-0.736460208893],"median":[-0.609359681606,-0.756946623325,-0.797233819962,-0.802652180195,-0.801820516586,-0.732348799706],"min":[-0.96601575613,-0.977502882481,-0.982953310013,-0.972081184387,-0.965405166149,-0.963210463524],"var":[0.00477892300114,0.00322169461288,0.00163599883672,0.00108701188583,0.000815266568679,0.00123284792062]},"spectral_contrast_valleys":{"dmean":[0.393814742565,0.284945487976,0.246120944619,0.195071130991,0.181769043207,0.235039532185],"dmean2":[0.647636592388,0.469947576523,0.41252720356,0.326349645853,0.284046888351,0.310554087162],"dvar":[0.133238524199,0.0833111181855,0.067871466279,0.0549420118332,0.0643651261926,0.0868137702346],"dvar2":[0.302309334278,0.173298493028,0.131431952119,0.095194876194,0.10497507453,0.139934226871],"max":[-5.62955331802,-4.84103107452,-5.30298900604,-5.61214399338,-5.54814052582,-7.76189804077],"mean":[-7.48883724213,-6.05895471573,-6.40120792389,-6.57740783691,-6.85179710388,-9.93611335754],"median":[-7.28253555298,-5.86504650116,-6.19928836823,-6.3458480835,-6.55737781525,-9.62037467957],"min":[-27.1280422211,-27.5759525299,-27.2218532562,-27.4484786987,-27.2352676392,-27.2754325867],"var":[1.79935312271,1.5999392271,1.66845464706,1.83458757401,2.19528055191,2.1813185215]},"spectral_decrease":{"dmean":1.29884458744e-9,"dmean2":2.07009276387e-9,"dvar":2.04956330637e-18,"dvar2":4.86750915939e-18,"max":2.29448435214e-15,"mean":-7.26162996401e-9,"median":-7.25216775521e-9,"min":-1.83535764364e-8,"var":6.79503685563e-18},"spectral_energy":{"dmean":0.00513327727094,"dmean2":0.00811942666769,"dvar":0.0000310203977278,"dvar2":0.0000735968860681,"max":0.072040759027,"mean":0.0304389595985,"median":0.0306525565684,"min":1.05582343128e-20,"var":0.000114239679533},"spectral_energyband_high":{"dmean":0.000451475265436,"dmean2":0.000659445591737,"dvar":6.16424813416e-7,"dvar2":0.00000116965645702,"max":0.012179964222,"mean":0.00128087087069,"median":0.000814395432826,"min":7.6649092031e-21,"var":0.00000226657107305},"spectral_energyband_low":{"dmean":0.00249757361598,"dmean2":0.00400929152966,"dvar":0.0000213839975913,"dvar2":0.0000499610614497,"max":0.0497803799808,"mean":0.00400667404756,"median":0.00238993857056,"min":2.53083128697e-23,"var":0.0000268886196864},"spectral_energyband_middle_high":{"dmean":0.00208828016184,"dmean2":0.00334901642054,"dvar":0.00000357639123649,"dvar2":0.00000903473210201,"max":0.0309515669942,"mean":0.0114285498857,"median":0.0116566289216,"min":1.38032341695e-21,"var":0.0000220128713408},"spectral_energyband_middle_low":{"dmean":0.00408846698701,"dmean2":0.00674529233947,"dvar":0.0000182152343768,"dvar2":0.0000482644463773,"max":0.0460684150457,"mean":0.0149884559214,"median":0.0141466893256,"min":2.36751824159e-22,"var":0.0000507747208758},"spectral_entropy":{"dmean":0.0786594152451,"dmean2":0.114532351494,"dvar":0.00635868404061,"dvar2":0.0116854999214,"max":9.81964588165,"mean":7.82554578781,"median":7.88249206543,"min":5.39869976044,"var":0.125493407249},"spectral_flux":{"dmean":0.0159336216748,"dmean2":0.0246032308787,"dvar":0.000257665640675,"dvar2":0.000535840925295,"max":0.222631797194,"mean":0.0972709059715,"median":0.0977192297578,"min":6.70796335145e-11,"var":0.00109467131551},"spectral_kurtosis":{"dmean":1.47549629211,"dmean2":2.5215857029,"dvar":7.3585600853,"dvar2":21.898059845,"max":104.589164734,"mean":5.97465753555,"median":4.47346401215,"min":-1.2267421484,"var":77.8913803101},"spectral_rms":{"dmean":0.000437895680079,"dmean2":0.000687187770382,"dvar":1.97606453867e-7,"dvar2":4.61724170009e-7,"max":0.00838353578001,"mean":0.00530347460881,"median":0.00546854035929,"min":3.20947283507e-12,"var":0.00000156967041676},"spectral_rolloff":{"dmean":331.704223633,"dmean2":522.004211426,"dvar":275591.5625,"dvar2":517464.90625,"max":21447.0703125,"mean":2156.6171875,"median":1873.38867188,"min":279.931640625,"var":3807673},"spectral_skewness":{"dmean":0.181218191981,"dmean2":0.299006700516,"dvar":0.0448380447924,"dvar2":0.126240283251,"max":8.08712863922,"mean":1.60070717335,"median":1.50586462021,"min":-0.0124248070642,"var":0.518112897873},"spectral_spread":{"dmean":337965.0625,"dmean2":468112.03125,"dvar":317614325760,"dvar2":601210683392,"max":49573404,"mean":3894243,"median":3778153,"min":884350.3125,"var":4788837154820},"spectral_strongpeak":{"dmean":0.597761034966,"dmean2":1.03087580204,"dvar":0.654836833477,"dvar2":1.72106444836,"max":9.1698551178,"mean":0.988388180733,"median":0.69751483202,"min":0,"var":0.866074502468},"zerocrossingrate":{"dmean":0.0075138756074,"dmean2":0.00881670229137,"dvar":0.000105904422526,"dvar2":0.000128409534227,"max":0.84130859375,"mean":0.0734280273318,"median":0.0654296875,"min":0.0107421875,"var":0.00422461330891}},"metadata":{"audio_properties":{"analysis_sample_rate":44100,"bit_rate":0,"codec":"flac","downmix":"mix","equal_loudness":0,"length":194.039993286,"lossless":true,"md5_encoded":"5dc6d6b539fafda5236520308c9b7b8f","replay_gain":-16.1458644867},"tags":{"acoustid_id":["8800ee48-3434-4302-92ab-56bafa9d59a7"],"album":["Take Them On, on Your Own"],"albumartist":["Black Rebel Motorcycle Club"],"artist":["Black Rebel Motorcycle Club"],"date":["2008-08-25"],"discnumber":["1"],"disctotal":["1"],"file_name":"12 - Black Rebel Motorcycle Club - Going Under.flac","musicbrainz_albumartistid":["32b90c92-9978-4a07-90eb-caa4b22f4907"],"musicbrainz_albumid":["b412bd30-bfa2-4db6-920b-fd86e05f28f6"],"musicbrainz_artistid":["32b90c92-9978-4a07-90eb-caa4b22f4907"],"musicbrainz_recordingid":["a81941c5-0618-4b63-a1c1-392d009b54ce"],"musicbrainz_releasegroupid":["a4cb926d-404c-3e6e-b33c-44e60e99f8aa"],"replaygain_album_gain":["-11.57 dB"],"replaygain_album_peak":["1.000000"],"replaygain_track_gain":["-12.83 dB"],"replaygain_track_peak":["0.947113"],"title":["Going Under"],"tracknumber":["12"],"tracktotal":["16"]},"version":{"essentia":"2.1-beta1","essentia_build_sha":"46c2b6830b139c2e69ed9f3e0d9145e1b8fbae31","essentia_git_sha":"v2.1_beta1-6-g5578087","extractor":"music 1.0"}},"rhythm":{"beats_count":470,"beats_loudness":{"dmean":0.00663256784901,"dmean2":0.0118122575805,"dvar":0.0000266770875896,"dvar2":0.0000809267585282,"max":0.0588554777205,"mean":0.0348833687603,"median":0.0366237908602,"min":9.02172292427e-9,"var":0.000102293597593},"beats_loudness_band_ratio":{"dmean":[0.135598808527,0.108912743628,0.103662624955,0.0792438462377,0.0560187548399,0.0500890314579],"dmean2":[0.244178786874,0.198581144214,0.177598416805,0.140748873353,0.0954560935497,0.0916280150414],"dvar":[0.0122445132583,0.00757726375014,0.00788725353777,0.00408171396703,0.00220953859389,0.00256381835788],"dvar2":[0.037465211004,0.0245851632208,0.0233514979482,0.0121259996668,0.00660990551114,0.00595757458359],"max":[0.744279325008,0.672267198563,0.601345777512,0.5230883955