{"lowlevel":{"average_loudness":0.887362957001,"barkbands":{"dmean":[0.00475927814841,0.00807251315564,0.00262457272038,0.00110525148921,0.00189981353469,0.00127666641492,0.00199052901007,0.000807589618489,0.000691358116455,0.00119880889542,0.000521379406564,0.000509926408995,0.000665738480166,0.00069599726703,0.000500409048982,0.000311259587761,0.00019681834965,0.000153051427333,0.000170471394085,0.000132837303681,0.000065119646024,0.0000340408587363,0.0000241097113758,0.00000861306307343,0.0000025613589969,0.0000201843904506,0.000310266506858],"dmean2":[0.00827847141773,0.0136866336688,0.00452936301008,0.00185913953464,0.00308988359757,0.00207514641806,0.00315083307214,0.00134689267725,0.00112825294491,0.00196432881057,0.000866134592798,0.000850053154863,0.0010917094769,0.00115874793846,0.000831386947539,0.00052053591935,0.000324458495015,0.000250339740887,0.000270779215498,0.000210498779779,0.0000990169646684,0.0000480855815113,0.0000335797849402,0.000012422871805,0.00000427369104727,0.0000280217082036,0.000496004475281],"dvar":[0.000148596562212,0.000228215794777,0.0000400019926019,0.00000432605474998,0.0000100913703136,0.00000639921609036,0.0000145064404933,0.00000302373314298,0.00000155371958499,0.00000382204279958,0.00000101740931768,4.80676703773e-7,0.00000121476875847,0.00000119015498967,4.80756341403e-7,2.28221352927e-7,9.48401108758e-8,6.29112548722e-8,9.16268376727e-8,4.28356301541e-8,1.4175041585e-8,4.58481963506e-9,1.98340233126e-9,2.41707209803e-10,1.63099655309e-11,1.44470069241e-9,1.35098062515e-7],"dvar2":[0.00039299231139,0.000611383700743,0.000108891006676,0.0000111410136014,0.0000245540286414,0.0000161562948051,0.0000349231850123,0.00000844666919875,0.00000373839225176,0.0000100192228274,0.00000268849748863,0.00000127946782413,0.00000311275607601,0.00000321518859892,0.00000130587852709,6.08111690781e-7,2.34097740304e-7,1.56932856044e-7,2.09913395111e-7,9.85442270007e-8,2.92796062951e-8,8.0791258128e-9,3.80765774466e-9,4.99943419996e-10,4.19092746617e-11,2.64157029584e-9,3.50149662154e-7],"max":[0.143796667457,0.196204125881,0.092238843441,0.0447690337896,0.0483708791435,0.0515263825655,0.0740379244089,0.0344424657524,0.0285867266357,0.0317638516426,0.0221529267728,0.0127091677859,0.0181534606963,0.0164824146777,0.011131240055,0.0105520589277,0.00820638239384,0.00595082063228,0.00738449394703,0.00446180207655,0.00233562244102,0.00209257239476,0.000963676138781,0.000221015492571,0.0000495538843097,0.000612130796071,0.00690229423344],"mean":[0.00537051819265,0.0135953053832,0.00264319288544,0.00138579402119,0.00287489662878,0.00214697211049,0.00349089619704,0.00122370850295,0.00107380643021,0.00198960816488,0.000831817626022,0.000941767939366,0.00120011949912,0.00135616364423,0.00102385575883,0.000633821997326,0.00039416004438,0.000309878028929,0.000352886243491,0.000312252610456,0.000156648879056,0.0000749148093746,0.0000471981729788,0.0000132081504489,0.00000274617536888,0.0000391380854126,0.00141552090645],"median":[0.00204075779766,0.00955579336733,0.000993234105408,0.000561147578992,0.00156023562886,0.00104160129558,0.00110974861309,0.000431738153566,0.000587183516473,0.000952964415774,0.000456489418866,0.000671733752824,0.000721370917745,0.000752154388465,0.000704220670741,0.000467258214485,0.000291597971227,0.000223205715884,0.000240221168497,0.000226175878197,0.000104907703644,0.0000415266076743,0.0000248032083618,0.00000477016965306,0.0000012148523183,0.0000187886707863,0.00132684898563],"min":[6.30571182119e-25,2.74966027656e-24,9.24487591288e-25,2.49569498837e-24,7.75431337171e-24,9.29076907933e-24,9.38643266359e-24,9.47808094584e-24,1.17612889524e-23,1.1368280816e-23,2.14285387433e-23,3.33517989834e-23,3.33900366492e-23,2.25125030469e-23,4.15923031082e-23,6.15246314607e-23,8.02161668063e-23,8.80126053503e-23,1.41179621552e-22,1.51682603996e-22,2.51719506891e-22,3.2948137596e-22,4.50451542323e-22,6.17285955498e-22,9.29347313675e-22,1.2165551862e-21,1.95679873267e-21],"var":[0.000124238547869,0.000267299328698,0.00003179077612,0.00000626689870842,0.0000169161194208,0.0000117088420666,0.0000360214107786,0.00000512322185386,0.00000250549737757,0.0000078330431279,0.00000152863162839,9.87736711977e-7,0.00000235877860177,0.00000289492004413,0.00000123187976442,5.22354298482e-7,2.3156513862e-7,1.54282489007e-7,2.54490828411e-7,1.406746577e-7,4.91739307051e-8,1.51258792158e-8,5.45941780672e-9,5.36351685287e-10,1.80560739971e-11,4.08393763252e-9,0.00000137450695092]},"barkbands_crest":{"dmean":2.57894945145,"dmean2":4.24771118164,"dvar":5.13849163055,"dvar2":13.1985502243,"max":25.100233078,"mean":9.56439495087,"median":8.8827457428,"min":2.51215076447,"var":15.9517011642},"barkbands_flatness_db":{"dmean":0.0226780213416,"dmean2":0.0359366051853,"dvar":0.000487889163196,"dvar2":0.00124684511684,"max":0.400722503662,"mean":0.124846063554,"median":0.115023359656,"min":0.0291670616716,"var":0.00205570436083},"barkbands_kurtosis":{"dmean":3.28566169739,"dmean2":5.38227128983,"dvar":46.7849502563,"dvar2":124.329093933,"max":153.74256897,"mean":5.39862108231,"median":2.69181251526,"min":-1.78213512897,"var":97.8523254395},"barkbands_skewness":{"dmean":0.537571668625,"dmean2":0.855773210526,"dvar":0.417906492949,"dvar2":1.08696329594,"max":10.5477828979,"mean":1.79842710495,"median":1.59672904015,"min":-2.2023730278,"var":1.5198854208},"barkbands_spread":{"dmean":7.19070005417,"dmean2":11.3770427704,"dvar":50.2044563293,"dvar2":126.323944092,"max":111.888748169,"mean":32.3868522644,"median":32.342628479,"min":1.03551471233,"var":199.288070679},"dissonance":{"dmean":0.0159406140447,"dmean2":0.0271535590291,"dvar":0.000264291214989,"dvar2":0.000733850873075,"max":0.500000178814,"mean":0.473918318748,"median":0.479571163654,"min":0.229348570108,"var":0.000490832317155},"dynamic_complexity":3.40666866302,"erbbands":{"dmean":[0.448798030615,1.20662939548,2.86525273323,3.14371585846,5.05087375641,6.9885969162,7.27093601227,11.9641618729,32.4371261597,17.3417568207,15.3303632736,14.2294397354,31.3969726562,26.9168281555,18.7675552368,21.3487758636,26.6551208496,35.0800323486,27.5131664276,21.6720638275,13.410027504,10.2994003296,8.19726753235,8.63116645813,7.68852043152,6.14740228653,3.55937027931,1.95778226852,1.26940357685,0.93373632431,0.66355574131,0.301482409239,0.0850498974323,0.0307136327028,0.0179984439164,0.0168783608824,0.0428352504969,0.0343032963574,0.0153273232281,0.00693332217634],"dmean2":[0.765153646469,2.03387117386,4.91536617279,5.28045463562,8.23109436035,11.5676183701,12.0626087189,19.2208824158,51.5918312073,27.9405097961,25.2573757172,23.3084487915,51.3192481995,44.3247451782,31.3073596954,35.6904144287,43.5123825073,58.0258598328,45.9646606445,35.5544624329,22.2994766235,16.8902702332,13.3618469238,13.8916397095,11.8828239441,9.74915504456,5.46790838242,2.95894670486,1.8028523922,1.30906736851,0.923892617226,0.425495028496,0.12654851377,0.0503805801272,0.0300093442202,0.0256854221225,0.0584252104163,0.0467581041157,0.0223201271147,0.0110129490495],"dvar":[0.922125995159,3.38929867744,43.1461448669,37.3889884949,111.454589844,141.015090942,225.534515381,507.08303833,4394.23632812,1063.34631348,1030.5958252,629.129577637,2779.40332031,1905.6385498,1134.61669922,894.423522949,2124.54467773,3000.99047852,1620.78234863,1043.11975098,403.093292236,276.361022949,183.201293945,216.461654663,193.091186523,96.9674758911,37.8049888611,16.5204315186,6.8174405098,2.93747258186,1.57127475739,0.336769223213,0.0185318849981,0.00220221327618,0.000807443575468,0.000641698716208,0.00671684416011,0.00358056509867,0.000388389831642,0.0000653693859931],"dvar2":[2.48699760437,9.23499488831,116.214447021,99.7713470459,267.687133789,346.827209473,587.091674805,1265.66149902,10642.7626953,2675.8425293,2644.20117188,1565.55883789,7318.82177734,5076.78125,3063.1809082,2389.19213867,5436.06152344,7934.04589844,4390.8359375,2761.50537109,1062.09350586,670.311462402,462.653167725,534.085021973,428.171539307,225.806655884,82.9888534546,33.2135429382,12.0164937973,5.42951393127,3.06878399849,0.688319683075,0.0378286167979,0.00556331919506,0.00208276929334,0.00136678630952,0.0120184570551,0.00664232857525,0.000809019489679,0.000169367151102],"max":[12.9971561432,20.5553188324,84.6607971191,116.928077698,190.927429199,263.97064209,464.0859375,456.426300049,1481.10949707,681.618408203,777.541931152,445.385131836,1223.54931641,654.658081055,1062.31433105,442.724731445,935.975219727,932.591552734,642.926574707,607.883361816,413.2784729,466.925750732,306.720703125,277.137695312,327.201690674,197.120361328,116.300674438,91.4379119873,85.7271499634,52.7989463806,25.8466358185,9.98782348633,1.95749866962,0.559265851974,0.356338232756,0.400942444801,1.30969643593,1.13691806793,0.42960730195,0.152482226491],"mean":[0.698362767696,1.87424552441,3.13242483139,4.05947399139,6.72897720337,10.2154426575,11.4552783966,21.2674713135,54.9627151489,32.0118408203,24.1460838318,23.3893280029,51.8768692017,47.5466537476,34.2779197693,41.1578979492,52.4025344849,70.6248016357,60.4760131836,47.8876266479,30.7663650513,22.1835613251,16.9684238434,17.6608333588,17.5703449249,14.557053566,8.55235004425,4.67208576202,2.82136940956,1.91837096214,1.27003312111,0.513495147228,0.118181489408,0.0350121743977,0.0196915753186,0.0234388988465,0.0820296704769,0.0880773589015,0.0655100569129,0.0389250591397],"median":[0.405440807343,1.334826231,1.3973493576,1.83805394173,3.11190414429,5.19491958618,6.48222255707,9.74744224548,15.8921031952,13.7317714691,11.1805019379,13.5481853485,25.7337837219,26.6649780273,21.8382568359,29.8632583618,34.1538734436,41.4735832214,42.0242614746,34.2674713135,24.8373527527,16.9921340942,12.489068985,12.3216514587,12.6165771484,10.6167907715,5.88899707794,2.9457089901,1.55399417877,1.07491993904,0.660604834557,0.216080248356,0.0417882762849,0.0161854363978,0.00906313769519,0.0102036837488,0.0372106581926,0.0558681488037,0.0579220205545,0.0355983152986],"min":[1.03954057984e-22,7.84868789413e-22,1.39336584993e-21,8.22486685694e-21,1.15200143363e-20,2.94058927289e-20,3.59396792963e-20,9.30775290752e-20,1.65788759945e-19,3.17039510433e-19,3.54006031062e-19,3.43526324785e-19,5.24799104466e-19,6.79851577049e-19,1.11623401792e-18,1.38995924956e-18,1.66979869008e-18,1.51469870631e-18,2.27153970529e-18,3.13714885435e-18,4.71474916618e-18,5.19869614664e-18,5.59941593617e-18,7.11297158228e-18,7.71710625138e-18,8.01154532632e-18,7.87678602401e-18,1.07292224134e-17,1.13534484724e-17,1.34373811333e-17,1.2005751523e-17,1.02882590463e-17,1.09083624372e-17,9.34837507532e-18,6.73487600968e-18,4.5356285812e-18,2.24006837811e-18,1.04326200544e-18,2.69629188335e-19,2.77539548845e-20],"var":[0.960821866989,4.40807437897,35.9494438171,44.8883476257,155.064498901,233.44883728,343.580566406,1118.08081055,10100.9560547,2867.35375977,1590.54138184,1019.86767578,5314.45361328,3529.83959961,1980.86694336,1834.83825684,4117.03955078,7285.51660156,4429.97509766,2696.70117188,1028.10205078,710.417541504,459.228637695,515.071899414,580.206481934,311.466949463,127.376159668,52.9988822937,22.2660732269,9.02111816406,4.11015701294,0.781086683273,0.0396689549088,0.0026433931198,0.000899267499335,0.00123884307686,0.0193121228367,0.0142194274813,0.00382970273495,0.000904236221686]},"erbbands_crest":{"dmean":2.27982497215,"dmean2":3.77404713631,"dvar":4.89668035507,"dvar2":12.604968071,"max":30.6553173065,"mean":7.74033403397,"median":6.9143242836,"min":2.26545238495,"var":11.6639289856},"erbbands_flatness_db":{"dmean":0.0194762181491,"dmean2":0.029116589576,"dvar":0.000326614419464,"dvar2":0.000732941029128,"max":0.460380882025,"mean":0.152069225907,"median":0.141598567367,"min":0.0356874093413,"var":0.00282367458567},"erbbands_kurtosis":{"dmean":0.745744287968,"dmean2":1.20467984676,"dvar":1.17786407471,"dvar2":2.90179610252,"max":24.3381443024,"mean":0.329425603151,"median":-0.0502879694104,"min":-1.62936925888,"var":2.40626764297},"erbbands_skewness":{"dmean":0.327125519514,"dmean2":0.507397413254,"dvar":0.0884235054255,"dvar2":0.203563854098,"max":3.46266651154,"mean":-0.0456426627934,"median":-0.0182482488453,"min":-3.21309328079,"var":0.346345365047},"erbbands_spread":{"dmean":5.53685045242,"dmean2":8.50093650818,"dvar":31.7952518463,"dvar2":68.3969192505,"max":102.910758972,"mean":28.2308502197,"median":26.6897106171,"min":1.9271569252,"var":142.486434937},"gfcc":{"cov":[[15053.4804688,-286.232971191,-403.531433105,1234.10400391,-115.783226013,-172.380325317,438.426086426,-215.647125244,417.151977539,263.789215088,58.9110374451,465.709533691,-181.826889038],[-286.232971191,871.01739502,-54.0018043518,-376.064819336,148.90447998,-76.2417068481,-55.708530426,-38.4039344788,-35.0496749878,-28.7876796722,56.7184524536,-153.549423218,89.5868835449],[-403.531433105,-54.0018043518,600.892700195,273.263916016,-19.699514389,233.939849854,-61.1364097595,96.5922012329,11.9590339661,-0.0205050967634,-19.0287837982,93.6994247437,-44.0102920532],[1234.10400391,-376.064819336,273.263916016,675.189880371,50.0169715881,35.8614730835,158.132293701,34.4906387329,50.257938385,20.8699035645,-14.7181158066,157.237075806,-94.7729797363],[-115.783226013,148.90447998,-19.699514389,50.0169715881,224.664047241,-8.68548965454,50.9392318726,-6.10356807709,-11.5496339798,-26.4182338715,30.0845718384,-25.8319358826,25.1078624725],[-172.380325317,-76.2417068481,233.939849854,35.8614730835,-8.68548965454,269.521209717,-49.6865997314,90.0461883545,-6.94518566132,4.12695598602,-11.8761367798,31.4245929718,-17.6976146698],[438.426086426,-55.708530426,-61.1364097595,158.132293701,50.9392318726,-49.6865997314,194.912567139,-7.7375626564,65.3773117065,21.0337848663,16.2169685364,48.515663147,-22.0314769745],[-215.647125244,-38.4039344788,96.5922012329,34.4906387329,-6.10356807709,90.0461883545,-7.7375626564,157.063308716,5.74753713608,23.0685653687,8.65083312988,-10.4283418655,7.54966974258],[417.151977539,-35.0496749878,11.9590339661,50.257938385,-11.5496339798,-6.94518566132,65.3773117065,5.74753713608,148.155532837,62.0413513184,15.0278625488,64.3539123535,-10.5922498703],[263.789215088,-28.7876796722,-0.0205050967634,20.8699035645,-26.4182338715,4.12695598602,21.0337848663,23.0685653687,62.0413513184,106.084487915,47.2181510925,23.8686962128,16.82097435],[58.9110374451,56.7184524536,-19.0287837982,-14.7181158066,30.0845718384,-11.8761367798,16.2169685364,8.65083312988,15.0278625488,47.2181510925,74.2975997925,20.4456443787,20.1243743896],[465.709533691,-153.549423218,93.6994247437,157.237075806,-25.8319358826,31.4245929718,48.515663147,-10.4283418655,64.3539123535,23.8686962128,20.4456443787,132.09046936,-12.3962078094],[-181.826889038,89.5868835449,-44.0102920532,-94.7729797363,25.1078624725,-17.6976146698,-22.0314769745,7.54966974258,-10.5922498703,16.82097435,20.1243743896,-12.3962078094,88.5088424683]],"icov":[[0.00014526740415,-0.00038819538895,0.000632562034298,-0.000677880481817,0.00032331616967,-0.000368489156244,0.000329627277097,0.0000969834145508,-0.000183255659067,-0.000225401759963,0.000217667533434,-0.000462488795165,0.0000950515968725],[-0.00038819538895,0.00398732535541,-0.0035104365088,0.00319297821261,-0.00174356263597,0.00179166556336,-0.0017808736302,0.0010268825572,-0.0011730757542,0.00269637675956,-0.00416262401268,0.00521943951026,-0.00181333278306],[0.000632562034298,-0.0035104365088,0.00780538609251,-0.0058610746637,0.00240712147206,-0.00478287693113,0.00438993424177,-0.000764919852372,-0.00109101308044,-0.000699244905263,0.0020794258453,-0.00451704720035,0.000873634649906],[-0.000677880481817,0.00319297821261,-0.0058610746637,0.00972625985742,-0.00587638840079,0.0052578849718,-0.00465516326949,-0.00243982998654,0.00544065842405,-0.00466889655218,0.00490157445893,-0.00434876792133,0.00445834966376],[0.00032331616967,-0.00174356263597,0.00240712147206,-0.00587638840079,0.0109967291355,-0.00430592428893,-0.00051858072402,0.00291301449761,-0.00525619927794,0.00900435820222,-0.00996444839984,0.00762632442638,-0.00603097258136],[-0.000368489156244,0.00179166556336,-0.00478287693113,0.0052578849718,-0.00430592428893,0.00969124026597,-0.000840075023007,-0.00431751646101,0.00405925046653,-0.00403181929141,0.00467269076034,-0.00429984880611,0.0035870957654],[0.000329627277097,-0.0017808736302,0.00438993424177,-0.00465516326949,-0.00051858072402,-0.000840075023007,0.0110486093909,-0.00079550081864,-0.00367686338723,-0.0000326528788719,0.000191775470739,-0.00291062798351,0.00159007380717],[0.0000969834145508,0.0010268825572,-0.000764919852372,-0.00243982998654,0.00291301449761,-0.00431751646101,-0.00079550081864,0.0111822606996,-0.00428724242374,0.0035257791169,-0.00708569679409,0.00915297772735,-0.0049646361731],[-0.000183255659067,-0.0011730757542,-0.00109101308044,0.00544065842405,-0.00525619927794,0.00405925046653,-0.00367686338723,-0.00428724242374,0.019420247525,-0.0163123924285,0.0144837433472,-0.0154236378148,0.00781818013638],[-0.000225401759963,0.00269637675956,-0.000699244905263,-0.00466889655218,0.00900435820222,-0.00403181929141,-0.0000326528788719,0.0035257791169,-0.0163123924285,0.0325626172125,-0.0268909502774,0.0181211717427,-0.011697107926],[0.000217667533434,-0.00416262401268,0.0020794258453,0.00490157445893,-0.00996444839984,0.00467269076034,0.000191775470739,-0.00708569679409,0.0144837433472,-0.0268909502774,0.0419082455337,-0.0244220718741,0.0092508001253],[-0.000462488795165,0.00521943951026,-0.00451704720035,-0.00434876792133,0.00762632442638,-0.00429984880611,-0.00291062798351,0.00915297772735,-0.0154236378148,0.0181211717427,-0.0244220718741,0.0347998179495,-0.0125270616263],[0.0000950515968725,-0.00181333278306,0.000873634649906,0.00445834966376,-0.00603097258136,0.0035870957654,0.00159007380717,-0.0049646361731,0.00781818013638,-0.011697107926,0.0092508001253,-0.0125270616263,0.0210854522884]],"mean":[12.8688592911,93.4879684448,-104.619888306,-8.95045280457,-7.1836233139,-19.4064006805,4.7591676712,-19.7651672363,3.10829925537,-4.96046209335,-0.0670161768794,-3.15965485573,-5.53601646423]},"hfc":{"dmean":36.4643516541,"dmean2":57.838180542,"dvar":1779.29504395,"dvar2":4516.4765625,"max":794.279418945,"mean":190.588470459,"median":165.561828613,"min":1.06534569707e-16,"var":17465.3867188},"melbands":{"dmean":[0.00312270433642,0.00141552893911,0.000562865869142,0.000427560764365,0.000261792534729,0.000292115844786,0.00044711845112,0.000184379459824,0.000129191903397,0.0000919589583646,0.000166864585481,0.000123168589198,0.0000661251469865,0.000054148840718,0.0000596686513745,0.0000730570027372,0.0000697097711964,0.0000508264893142,0.000038743357436,0.0000269930606009,0.0000158763195941,0.0000125635142467,0.00000891553463589,0.00000759246358939,0.00000758560554459,0.0000069985776463,0.00000582428310736,0.00000394436119677,0.0000026599263947,0.00000165453786849,0.00000110383359697,8.02598094651e-7,6.3702901798e-7,5.15036788329e-7,4.24265635957e-7,3.01499568423e-7,1.51110143065e-7,6.64472281642e-8,3.44270993935e-8,2.34090187234e-8],"dmean2":[0.00531110167503,0.00240199943073,0.0009334901697,0.000695359543897,0.000432343076682,0.000466181401862,0.000712305889465,0.000300983694615,0.000213305582292,0.000150221851072,0.000272643897915,0.000202916387934,0.000110639535706,0.0000904032858671,0.0000997569004539,0.000119513664686,0.000115969065519,0.0000851183431223,0.0000644888787065,0.0000450702900707,0.0000266351835307,0.0000206790573429,0.0000147617565744,0.0000125158476294,0.0000123707350212,0.0000111259505502,0.00000920339334698,0.00000635669903204,0.00000416747388954,0.00000257750775745,0.00000169638769876,0.00000118602713428,9.20161653539e-7,7.43522832636e-7,6.074732255e-7,4.40148880898e-7,2.19513964339e-7,1.00264664127e-7,5.50283054679e-8,3.91423817803e-8],"dvar":[0.0000433653003711,0.00000713722329237,0.00000110791427232,6.0911906985e-7,2.16152272969e-7,3.00306993495e-7,7.90614819834e-7,1.35551658786e-7,7.92235113067e-8,2.57450469832e-8,7.80059252747e-8,4.03138038507e-8,1.52174912671e-8,5.95951776816e-9,8.36448776909e-9,1.63468527603e-8,1.2246533565e-8,6.08363182053e-9,3.16905435227e-9,1.81417225686e-9,5.65651969708e-10,3.93615584571e-10,2.4786342423e-10,1.52650891927e-10,1.73458303276e-10,1.88944943025e-10,8.2755864661e-11,4.59932057717e-11,2.198647861e-11,1.0518345743e-11,5.52739061119e-12,2.78098637868e-12,1.82451232941e-12,8.66016026252e-13,6.56772975848e-13,3.81153062671e-13,8.29816291094e-14,1.23911602821e-14,2.71819606686e-15,1.38660722834e-15],"dvar2":[0.000116280709335,0.0000190897735592,0.00000285968167191,0.00000147442551679,5.55541419089e-7,7.49899697894e-7,0.00000193125697479,3.57672348628e-7,1.95477056764e-7,6.29324077295e-8,2.04778359603e-7,1.06751414819e-7,4.08748555003e-8,1.60057158638e-8,2.22093188285e-8,4.1217820268e-8,3.2731520605e-8,1.65949032294e-8,8.55587423132e-9,4.84689355318e-9,1.511040848e-9,9.7651742248e-10,6.36459496217e-10,3.86594117829e-10,4.40934178059e-10,4.43771602798e-10,1.88043136617e-10,1.10604227166e-10,5.18172553476e-11,2.26838409167e-11,1.16672522338e-11,5.40474739616e-12,3.39654736628e-12,1.72281058777e-12,1.34100467276e-12,8.29257561057e-13,1.79069731049e-13,2.61963472019e-14,6.39420767311e-15,3.56191711529e-15],"max":[0.0864563435316,0.0326849855483,0.0177352763712,0.0130248619244,0.0126310037449,0.0127401612699,0.019102839753,0.00630196649581,0.0075089619495,0.00373248080723,0.00608711596578,0.00291430740617,0.00319451605901,0.00173864257522,0.00241339532658,0.00218362174928,0.00197954056785,0.00121979659889,0.000997084775008,0.0010074628517,0.000456096924609,0.000556176702958,0.000490007863846,0.00022672698833,0.00024031366047,0.00033281033393,0.000195466243895,0.000126188460854,0.0000978285897872,0.0000692915855325,0.0000537704509043,0.0000544211288798,0.0000540324399481,0.0000207067769225,0.0000144086807268,0.000015233985323,0.00000458051545138,0.000001655899041,6.40685129838e-7,4.56715952168e-7],"mean":[0.00508253229782,0.00187798694242,0.000778952264227,0.000621268583927,0.000424704805482,0.000526796386112,0.000770053185988,0.000321564730257,0.000193973828573,0.000145413941937,0.000271356082521,0.000209202102269,0.000111146720883,0.000101383586298,0.000107327927253,0.000128720916109,0.000131504246383,0.0000999983676593,0.0000765453296481,0.0000524006900378,0.0000324109569192,0.0000244735438173,0.000016345658878,0.0000144744080899,0.0000141607097248,0.0000137192673719,0.0000125336973724,0.00000869088307809,0.00000577232049181,0.00000369654912902,0.00000233138212025,0.0000016480131535,0.00000126861289118,9.76506839834e-7,7.77826983267e-7,5.25282700892e-7,2.28234384281e-7,8.68151204259e-8,3.95601311709e-8,2.47038371981e-8],"median":[0.00338872056454,0.00115654873662,0.000373262126232,0.000322035368299,0.000247089425102,0.000232901613344,0.000237228319747,0.000119084288599,0.0000887653004611,0.00008147644985,0.000130199914565,0.000110294815386,0.0000643233361188,0.0000718078808859,0.0000753923377488,0.0000727085134713,0.0000718642913853,0.0000645533727948,0.0000517543667229,0.0000356225718861,0.000025093799195,0.0000178868540388,0.0000109163374873,0.0000102215471998,0.00000937237018661,0.00000891394120117,0.00000848690251587,0.00000603788248554,0.00000374990167984,0.0000023669588245,0.00000134362153403,8.4774245579e-7,6.92152013926e-7,5.20392916314e-7,3.90914237869e-7,2.50471430263e-7,7.68935279893e-8,2.69301363431e-8,1.56315458355e-8,1.06206510253e-8],"min":[1.51274954996e-24,1.07489713629e-24,1.94985865944e-24,1.55082224522e-24,1.16671315009e-24,2.34536689326e-24,2.13906556705e-24,3.24009135424e-24,2.55331812206e-24,1.8483395579e-24,2.38861007872e-24,2.32858229978e-24,3.24645529238e-24,3.02350840942e-24,2.6059010262e-24,4.1788052631e-24,1.79847171578e-24,1.74402690268e-24,2.82748219372e-24,4.35711307122e-24,4.56401511502e-24,4.78110253638e-24,3.79227919676e-24,4.2524079577e-24,4.69684903626e-24,4.27151614098e-24,3.60503043913e-24,4.34477449781e-24,4.07556309212e-24,4.23414464446e-24,6.1223297639e-24,5.33579165961e-24,5.89241428092e-24,6.62762593927e-24,6.07886076701e-24,6.61838285604e-24,5.91945130515e-24,6.21829114314e-24,7.39066742706e-24,6.70983155648e-24],"var":[0.0000452363019576,0.00000698537223798,0.00000145045112276,9.46524380652e-7,3.74740523057e-7,6.57296936879e-7,0.00000181181894732,3.21978944839e-7,1.14554595143e-7,4.28998028212e-8,1.50709482227e-7,7.6479906852e-8,2.42314470711e-8,1.20748522292e-8,1.49618575307e-8,2.99448892349e-8,2.79134866332e-8,1.41607392479e-8,7.20833082113e-9,3.89135790257e-9,1.235611502e-9,9.04222197118e-10,5.387063573e-10,3.34619193465e-10,3.62387703179e-10,4.62395344236e-10,2.41264397349e-10,1.2639195246e-10,6.12286610302e-11,3.12824002813e-11,1.51447170776e-11,8.02166232744e-12,4.97684705947e-12,2.34365369993e-12,1.6007066549e-12,7.85722344392e-13,1.74809128219e-13,2.44439732534e-14,3.88287399263e-15,1.51423190596e-15]},"melbands_crest":{"dmean":4.37406396866,"dmean2":7.1869354248,"dvar":17.1140365601,"dvar2":43.4801712036,"max":37.4148483276,"mean":16.2560157776,"median":15.1657905579,"min":1.77284824848,"var":52.9319953918},"melbands_flatness_db":{"dmean":0.0295868571848,"dmean2":0.046204533428,"dvar":0.000757677888032,"dvar2":0.00188643706497,"max":0.523098051548,"mean":0.226961255074,"median":0.219969809055,"min":0.00426947372034,"var":0.00347691099159},"melbands_kurtosis":{"dmean":5.81729412079,"dmean2":9.76077461243,"dvar":237.696807861,"dvar2":660.638000488,"max":413.440795898,"mean":8.95694732666,"median":3.46454143524,"min":-1.8200968504,"var":347.199462891},"melbands_skewness":{"dmean":0.716382563114,"dmean2":1.14566540718,"dvar":0.800819098949,"dvar2":2.07730913162,"max":18.0033073425,"mean":2.16047000885,"median":1.79136252403,"min":-2.99804162979,"var":2.82987999916},"melbands_spread":{"dmean":6.45959377289,"dmean2":10.1774969101,"dvar":55.5817947388,"dvar2":129.032669067,"max":158.887496948,"mean":23.7183475494,"median":21.3807830811,"min":0.884750187397,"var":248.750732422},"mfcc":{"cov":[[8446.77441406,-578.409301758,-156.140136719,1373.89697266,-385.659362793,607.545715332,-233.895385742,257.258117676,-46.5616340637,276.112182617,-31.5296363831,291.504150391,171.606414795],[-578.409301758,1086.41162109,-150.125,-312.104736328,106.68863678,-117.478851318,52.5833206177,-162.51373291,0.893280863762,-6.32772541046,16.7393474579,-83.1996612549,16.9750556946],[-156.140136719,-150.125,603.013305664,3.4286608696,136.936981201,77.9417037964,-15.7491140366,126.452049255,16.9998283386,-14.1231489182,17.2369213104,51.8025550842,-17.1916275024],[1373.89697266,-312.104736328,3.4286608696,673.841796875,-68.9049911499,156.524414062,18.3388576508,122.324005127,-5.62451314926,29.4232158661,5.40900421143,76.5595321655,31.9355812073],[-385.659362793,106.68863678,136.936981201,-68.9049911499,241.127639771,-2.11554408073,72.042427063,28.7379512787,14.457901001,-24.0999107361,4.89418125153,-9.1098690033,-2.7806763649],[607.545715332,-117.478851318,77.9417037964,156.524414062,-2.11554408073,196.385162354,-17.8712100983,86.2663421631,-11.1938638687,21.7009906769,-13.2359743118,50.8186302185,14.5642290115],[-233.895385742,52.5833206177,-15.7491140366,18.3388576508,72.042427063,-17.8712100983,160.080245972,12.5594415665,11.5792579651,-6.72242975235,20.0995292664,-24.9908599854,-3.62626290321],[257.258117676,-162.51373291,126.452049255,122.324005127,28.7379512787,86.2663421631,12.5594415665,174.164382935,16.3465137482,20.1740207672,-0.284685820341,45.1894073486,-8.50291824341],[-46.5616340637,0.893280863762,16.9998283386,-5.62451314926,14.457901001,-11.1938638687,11.5792579651,16.3465137482,80.7800140381,20.8880672455,14.2398080826,4.2287273407,6.18581151962],[276.112182617,-6.32772541046,-14.1231489182,29.4232158661,-24.0999107361,21.7009906769,-6.72242975235,20.1740207672,20.8880672455,106.867897034,29.0873565674,16.0998744965,11.8696260452],[-31.5296363831,16.7393474579,17.2369213104,5.40900421143,4.89418125153,-13.2359743118,20.0995292664,-0.284685820341,14.2398080826,29.0873565674,71.2958526611,19.3626728058,6.67496442795],[291.504150391,-83.1996612549,51.8025550842,76.5595321655,-9.1098690033,50.8186302185,-24.9908599854,45.1894073486,4.2287273407,16.0998744965,19.3626728058,80.7631759644,30.5917339325],[171.606414795,16.9750556946,-17.1916275024,31.9355812073,-2.7806763649,14.5642290115,-3.62626290321,-8.50291824341,6.18581151962,11.8696260452,6.67496442795,30.5917339325,68.2907333374]],"icov":[[0.000241074114456,-0.0000476883578813,0.0000612447838648,-0.000384482904337,0.000120048498502,-0.000357084034476,0.000223974435357,0.000065612985054,0.0000785749289207,-0.000437858107034,0.000237009924604,-0.000242700625677,-0.000143071316415],[-0.0000476883578813,0.0013158491347,0.000249224423897,0.000464936281787,-0.000699522031937,-0.0000432570814155,-0.000112126130261,0.00070520164445,0.0000484850461362,-0.000118257870781,-0.000475980050396,0.000808008539025,-0.000598607759457],[0.0000612447838648,0.000249224423897,0.00256281043403,0.000186285673408,-0.00150872860104,-0.000613441923633,0.00102391082328,-0.00121812685393,-0.000186768564163,0.000573290046304,-0.00104444311,-0.000663578510284,0.00063091609627],[-0.000384482904337,0.000464936281787,0.000186285673408,0.00288790231571,0.000420932978159,-0.000650578411296,-0.00116455217358,-0.000880949723069,0.0000583386099606,0.000809757097159,-0.000599809689447,-0.000254134618444,-0.000442213640781],[0.000120048498502,-0.000699522031937,-0.00150872860104,0.000420932978159,0.0066552022472,-0.000374631723389,-0.00277903419919,-0.000835943850689,-0.00053716939874,0.000918283069041,0.000608592003118,0.00000235959237216,-0.000776702072471],[-0.000357084034476,-0.0000432570814155,-0.000613441923633,-0.000650578411296,-0.000374631723389,0.0090459510684,-0.00000910680500965,-0.00242053787224,0.00166639534291,-0.00105871260166,0.00255514355376,-0.00251080561429,-0.000280389940599],[0.000223974435357,-0.000112126130261,0.00102391082328,-0.00116455217358,-0.00277903419919,-0.00000910680500965,0.00944877695292,-0.00187040783931,-0.0002992717491,0.000775313761551,-0.00386367412284,0.0044681658037,-0.00130653742235],[0.000065612985054,0.00070520164445,-0.00121812685393,-0.000880949723069,-0.000835943850689,-0.00242053787224,-0.00187040783931,0.011171544902,-0.00194042711519,-0.00199288129807,0.00256907660514,-0.0049347076565,0.00402059219778],[0.0000785749289207,0.0000484850461362,-0.000186768564163,0.0000583386099606,-0.00053716939874,0.00166639534291,-0.0002992717491,-0.00194042711519,0.0142538109794,-0.00267348205671,-0.00123104255181,0.000496172753628,-0.00184693722986],[-0.000437858107034,-0.000118257870781,0.000573290046304,0.000809757097159,0.000918283069041,-0.00105871260166,0.000775313761551,-0.00199288129807,-0.00267348205671,0.0132286837325,-0.00611247541383,0.00193754164502,-0.00137606798671],[0.000237009924604,-0.000475980050396,-0.00104444311,-0.000599809689447,0.000608592003118,0.00255514355376,-0.00386367412284,0.00256907660514,-0.00123104255181,-0.00611247541383,0.0210151206702,-0.0088805463165,0.00223285681568],[-0.000242700625677,0.000808008539025,-0.000663578510284,-0.000254134618444,0.00000235959237216,-0.00251080561429,0.0044681658037,-0.0049347076565,0.000496172753628,0.00193754164502,-0.0088805463165,0.0262749958783,-0.0107646919787],[-0.000143071316415,-0.000598607759457,0.00063091609627,-0.000442213640781,-0.000776702072471,-0.000280389940599,-0.00130653742235,0.00402059219778,-0.00184693722986,-0.00137606798671,0.00223285681568,-0.0107646919787,0.0209870282561]],"mean":[-646.317443848,160.230438232,-33.7439308167,26.8397006989,-3.19650173187,18.0596961975,0.156435623765,5.52797460556,-3.41784381866,11.7620105743,-1.07792675495,1.32022178173,2.9386048317]},"pitch_salience":{"dmean":0.0762430950999,"dmean2":0.125003054738,"dvar":0.00551005266607,"dvar2":0.0141286784783,"max":0.969912290573,"mean":0.559401810169,"median":0.573186397552,"min":0.0892946943641,"var":0.0151807684451},"silence_rate_20dB":{"dmean":0,"dmean2":0,"dvar":0,"dvar2":0,"max":1,"mean":1,"median":1,"min":1,"var":0},"silence_rate_30dB":{"dmean":0.0503005757928,"dmean2":0.100613497198,"dvar":0.0477704294026,"dvar2":0.106195941567,"max":1,"mean":0.951054930687,"median":1,"min":0,"var":0.0465494282544},"silence_rate_60dB":{"dmean":0.00981474667788,"dmean2":0.0196319017559,"dvar":0.00971841719002,"dvar2":0.0221912749112,"max":1,"mean":0.0619479864836,"median":0,"min":0,"var":0.058110434562},"spectral_centroid":{"dmean":224.50062561,"dmean2":338.911560059,"dvar":70463.203125,"dvar2":128872.585938,"max":11790.703125,"mean":1373.81738281,"median":1266.31213379,"min":284.09173584,"var":756402.0625},"spectral_complexity":{"dmean":3.71758055687,"dmean2":5.78993844986,"dvar":11.944776535,"dvar2":26.6822547913,"max":58,"mean":26.6530914307,"median":30,"min":0,"var":158.362976074},"spectral_contrast_coeffs":{"dmean":[0.0537827797234,0.0519189052284,0.040128339082,0.0284255407751,0.0210819188505,0.0403692759573],"dmean2":[0.0873905345798,0.0859587863088,0.0668150633574,0.0469846650958,0.0347972363234,0.0637460798025],"dvar":[0.0018695712788,0.00163884705398,0.00100773002487,0.000488154386403,0.000322533072904,0.00127334508579],"dvar2":[0.00491231447086,0.00451145740226,0.00279636820778,0.00127630494535,0.000832036021166,0.00303665967658],"max":[-0.368442624807,-0.485252290964,-0.527017831802,-0.568923771381,-0.623825967312,-0.444064408541],"mean":[-0.708168268204,-0.753608226776,-0.792671501637,-0.799389719963,-0.807070851326,-0.723748624325],"median":[-0.716332733631,-0.760211408138,-0.796954870224,-0.802634358406,-0.808174848557,-0.715715229511],"min":[-0.977918386459,-0.979856014252,-0.973869562149,-0.970564007759,-0.96647888422,-0.963617026806],"var":[0.00638153403997,0.00513938581571,0.00255670212209,0.00151308102068,0.00120014057029,0.00745480647311]},"spectral_contrast_valleys":{"dmean":[0.388109266758,0.356577992439,0.306557118893,0.249484077096,0.265309751034,0.60107833147],"dmean2":[0.640136778355,0.586693823338,0.499921113253,0.395892769098,0.397366404533,0.956152379513],"dvar":[0.120602272451,0.100716359913,0.0886098816991,0.0775947272778,0.114938534796,0.28079649806],"dvar2":[0.283444911242,0.222298011184,0.184544667602,0.147463187575,0.222531080246,0.695285439491],"max":[-5.08532810211,-4.75867795944,-5.15565443039,-5.37633132935,-5.70315074921,-9.09978199005],"mean":[-6.9452214241,-6.46223068237,-6.75938510895,-6.9590010643,-7.43275642395,-11.1626243591],"median":[-6.49384069443,-6.19743442535,-6.48799324036,-6.58486366272,-6.87102651596,-10.9227046967],"min":[-28.223526001,-27.7634162903,-27.6704902649,-27.5028038025,-27.4730072021,-27.3249435425],"var":[3.43181610107,2.81602835655,2.70879101753,2.83476805687,3.19226408005,2.21253228188]},"spectral_decrease":{"dmean":4.04359123962e-9,"dmean2":6.71180533374e-9,"dvar":4.52617084623e-17,"dvar2":1.19286935278e-16,"max":1.51819834482e-9,"mean":-9.03931773877e-9,"median":-8.05418842731e-9,"min":-8.00815627144e-8,"var":6.3317790685e-17},"spectral_energy":{"dmean":0.014891940169,"dmean2":0.0245712921023,"dvar":0.000584546127357,"dvar2":0.00154614890926,"max":0.314429581165,"mean":0.0514034219086,"median":0.051785133779,"min":9.99024880651e-21,"var":0.00129926356021},"spectral_energyband_high":{"dmean":0.00029293022817,"dmean2":0.000419371179305,"dvar":1.30937579002e-7,"dvar2":2.55192503573e-7,"max":0.00725735584274,"mean":0.00125233957078,"median":0.00121066044085,"min":7.12025842955e-21,"var":0.00000122159678995},"spectral_energyband_low":{"dmean":0.0124299684539,"dmean2":0.0210282225162,"dvar":0.000534069957212,"dvar2":0.00141637888737,"max":0.285760104656,"mean":0.0210087802261,"median":0.0158004611731,"min":2.14345072649e-23,"var":0.00059137045173},"spectral_energyband_middle_high":{"dmean":0.00233316537924,"dmean2":0.00367522239685,"dvar":0.00000749544460632,"dvar2":0.0000193899777514,"max":0.0455720983446,"mean":0.0090037304908,"median":0.00789164192975,"min":1.27786792962e-21,"var":0.0000503546980326},"spectral_energyband_middle_low":{"dmean":0.00483670458198,"dmean2":0.00771766062826,"dvar":0.0000386673891626,"dvar2":0.0000968120293692,"max":0.123132780194,"mean":0.0126913581043,"median":0.0103670861572,"min":1.80621530853e-22,"var":0.000125412538182},"spectral_entropy":{"dmean":0.132659226656,"dmean2":0.196345165372,"dvar":0.0185754783452,"dvar2":0.0396446473897,"max":9.82174968719,"mean":7.59096193314,"median":7.67419242859,"min":5.07470464706,"var":0.147428154945},"spectral_flux":{"dmean":0.0273792613298,"dmean2":0.0440366640687,"dvar":0.0011622995371,"dvar2":0.002583978232,"max":0.430884212255,"mean":0.119321078062,"median":0.12092924118,"min":6.46175474239e-11,"var":0.00359366904013},"spectral_kurtosis":{"dmean":4.84068059921,"dmean2":7.43367338181,"dvar":66.4299545288,"dvar2":162.460372925,"max":174.414321899,"mean":21.4986896515,"median":18.1767730713,"min":-1.24795234203,"var":208.667907715},"spectral_rms":{"dmean":0.000914793403354,"dmean2":0.00147009768989,"dvar":0.00000137606093631,"dvar2":0.00000350234540747,"max":0.0175145808607,"mean":0.00654844380915,"median":0.0071078883484,"min":3.12195191574e-12,"var":0.00000726756206859},"spectral_rolloff":{"dmean":4713.69482422,"dmean2":8923.50976562,"dvar":53781960,"dvar2":125094656,"max":22050,"mean":12766.4873047,"median":19853.6132812,"min":64.599609375,"var":88656152},"spectral_skewness":{"dmean":0.352614194155,"dmean2":0.526581168175,"dvar":0.227667674422,"dvar2":0.531220197678,"max":10.2595643997,"mean":3.00917768478,"median":2.78966403008,"min":-0.0762016177177,"var":1.23228979111},"spectral_spread":{"dmean":416214.625,"dmean2":629029.75,"dvar":419755491328,"dvar2":748803719168,"max":42605804,"mean":3922515.75,"median":3710039,"min":632626.3125,"var":7332371628030},"spectral_strongpeak":{"dmean":2.30698394775,"dmean2":4.30408191681,"dvar":87.2807846069,"dvar2":241.12701416,"max":129.138046265,"mean":2.09680771828,"median":0.300394654274,"min":0,"var":69.1824569702},"zerocrossingrate":{"dmean":0.0317842289805,"dmean2":0.0413831248879,"dvar":0.000740121933632,"dvar2":0.00124039279763,"max":0.76416015625,"mean":0.2684905231,"median":0.259765625,"min":0.01025390625,"var":0.0100531484932}},"metadata":{"audio_properties":{"analysis_sample_rate":44100,"bit_rate":181939,"codec":"mp3","downmix":"mix","equal_loudness":0,"length":189.257141113,"lossless":false,"md5_encoded":"54c74d1e1d6c32cfe7e917f343cd9816","replay_gain":-2.34014892578,"sample_rate":44100},"tags":{"acoustid_id":["09024b15-83b4-4efe-acc8-0cdac3f4dc29"],"album":["A Beautiful Lie"],"albumartist":["30 Seconds to Mars"],"artist":["30 Seconds to Mars"],"date":["2005"],"discnumber":["1/1"],"file_name":"01 - 30 Seconds to Mars - Attack.mp3","musicbrainz_albumartistid":["d8354b38-e942-4c89-ba93-29323432abc3"],"musicbrainz_albumid":["35a68426-e638-457a-841d-c6e202654639"],"musicbrainz_artistid":["d8354b38-e942-4c89-ba93-29323432abc3"],"musicbrainz_recordingid":["a83bd4ec-255c-4a97-bfba-b61a2bf95cdc"],"musicbrainz_releasegroupid":["9621fe3a-e95d-3dfc-885b-bda4338f25a6"],"replaygain_album_gain":["-0.10 dB"],"replaygain_album_peak":["0.366466"],"replaygain_track_gain":["-2.72 dB"],"replaygain_track_peak":["0.366466"],"title":["Attack"],"tracknumber":["1/12"]},"version":{"essentia":"2.1-beta1","essentia_build_sha":"e76a03f03bb3900de42a1fa0d9be1e72f12def64","essentia_git_sha":"v2.1_beta1-28-g21ef5f4-dirty","extractor":"music 1.0"}},"rhythm":{"beats_count":547,"beats_loudness":{"dmean":0.016972957179,"dmean2":0.0290166456252,"dvar":0.000336468539899,"dvar2":0.000927898159716,"max":0.190474659204,"mean":0.0534730665386,"median":0.0569781064987,"min":0,"var":0.000942857121117},"beats_loudness_band_ratio":{"dmean":[0.160008370876,0.0803712084889,0.0943328216672,0.0785201564431,0.0360439158976,0.0711063444614],"dmean2":[0.277479618788,0.140957474709,0.165670618415,0.138099953532,0.063957259059,0.121535263956],"dvar":[0.0210169162601,0.00633614091203,0.0114630544558,0.0104383677244,0.00192183163017,0.00537419551983],"dvar2":[0.0539638139307,0.0187188778073,0.0326277501881,0.0290631074458,0.00534401647747,0.0137013597414],"max":[0.896935760975,0.482339680195,0.919542551041,0.857526421547,0.395341277122,0.69966822