{"lowlevel":{"average_loudness":0.979708552361,"barkbands":{"dmean":[0.000192477615201,0.0194235723466,0.00743346335366,0.00196195393801,0.00300088757649,0.0015584154753,0.00159941974562,0.000664105231408,0.000555359059945,0.000197827845113,0.000177778609213,0.000290367257548,0.000183427560842,0.000248810043558,0.000233112907154,0.000231592392083,0.000223884024308,0.000247312098509,0.000203571034945,0.0002700976911,0.000186001823749,0.000182451345609,0.000137998184073,0.0000621921790298,0.0000565930313314,0.0000333099305863,0.0000188187732419],"dmean2":[0.000300647807308,0.0319297984242,0.012635987252,0.00347826280631,0.0050805718638,0.00249226787128,0.00265674269758,0.00110489863437,0.000917244353332,0.00032613237272,0.000288799405098,0.000479675014503,0.000293165183393,0.000404103106121,0.000374825089239,0.000366173451766,0.000351318973117,0.000379156233976,0.000310545525281,0.000404962425819,0.000267161842203,0.000252149417065,0.0001916270121,0.0000862023589434,0.0000828720294521,0.0000486523713334,0.000030013068681],"dvar":[5.86989692408e-8,0.000484301272081,0.000134330417495,0.0000134850597533,0.00002892336488,0.00000589247565586,0.00000980222921498,0.00000108131519028,0.0000012352942349,1.7767642646e-7,2.32695427371e-7,4.18561540982e-7,1.87219754366e-7,2.80323064317e-7,2.37500586309e-7,2.69483905413e-7,1.89685863461e-7,1.87882037039e-7,1.37762000918e-7,2.92967570203e-7,1.32739927494e-7,1.86398352753e-7,9.93518369796e-8,1.74320220481e-8,1.28349970652e-8,5.28517940523e-9,2.13899120638e-9],"dvar2":[1.35386969191e-7,0.00135443196632,0.000367477710824,0.0000371024179913,0.0000782181305112,0.0000148747085404,0.0000254687674897,0.00000272329339168,0.00000305992625727,4.57923164277e-7,5.56068016522e-7,0.00000108402718979,4.58017524352e-7,7.14962141046e-7,5.86926489632e-7,6.55608062061e-7,4.54861009302e-7,4.14535008986e-7,3.10440697149e-7,6.35179560504e-7,2.66907733248e-7,3.27154197066e-7,1.9050037281e-7,3.54135245573e-8,2.89711916679e-8,1.196629551e-8,5.33023758464e-9],"max":[0.00341424392536,0.149413734674,0.0905235931277,0.0411385297775,0.0963671505451,0.0376114659011,0.0384471155703,0.0194301828742,0.0245344042778,0.0109368469566,0.00965467840433,0.0142568964511,0.0108687113971,0.00935063231736,0.0105782989413,0.0116871362552,0.0107925897464,0.00641356920823,0.0059748836793,0.0136582059786,0.00698600476608,0.0101738208905,0.00680354004726,0.00389431463555,0.00117534585297,0.000743714568671,0.000408185645938],"mean":[0.000280346168438,0.0281395837665,0.0100716408342,0.00182494404726,0.00416135601699,0.00268844305538,0.00202049734071,0.00105304643512,0.000820940884296,0.000281862827251,0.000250172131928,0.000435766618466,0.000274308054941,0.000359180266969,0.00033690300188,0.000350081390934,0.000324205175275,0.000371187139535,0.000312088173814,0.000423057732405,0.000276256236248,0.000271827884717,0.000198028981686,0.0000843180823722,0.0000603360531386,0.00003246952474,0.0000155916768563],"median":[0.000176422981895,0.0214861743152,0.00636199023575,0.000831482815556,0.0026226749178,0.00163977150805,0.000850243144669,0.000614951248281,0.000418573006755,0.000135456939461,0.000072211943916,0.000168738406501,0.0000875640689628,0.000110301072709,0.000118297364679,0.000107701373054,0.000131989057991,0.000148857769091,0.000133324152557,0.000128543790197,0.0000818007756607,0.0000609120179433,0.0000387462241633,0.0000179059334187,0.0000077467666415,0.00000305219168695,7.52981577534e-7],"min":[2.78747945164e-26,2.99050818839e-24,4.98190855892e-25,1.09580559876e-24,7.70074419421e-24,1.10763091955e-23,5.20848410344e-24,4.85811784327e-24,1.75539553218e-23,8.81135385254e-24,1.27352189926e-23,1.82111790077e-23,2.37747546481e-23,3.74665763511e-23,3.01656213416e-23,4.71712126269e-23,5.29392815244e-23,7.54306083891e-23,1.23461641537e-22,1.60062225319e-22,2.65456516125e-22,3.26494559246e-22,3.91155026401e-22,5.68246019739e-22,6.98698925272e-22,1.28738908947e-21,1.89565441421e-21],"var":[9.10349626793e-8,0.000612899661064,0.000133725770866,0.0000102524973045,0.0000284062607534,0.0000103116281025,0.0000122668934637,0.00000186274178304,0.000001921199555,2.30097072063e-7,3.96470795749e-7,6.72613907682e-7,3.20864273817e-7,4.68034983214e-7,4.05955034921e-7,4.75008761214e-7,2.99171404095e-7,3.50943793137e-7,2.4121129627e-7,6.16246666141e-7,2.55697074181e-7,4.52785542393e-7,2.13375116687e-7,3.13310799527e-8,1.5949485288e-8,6.00693272901e-9,1.87508630844e-9]},"barkbands_crest":{"dmean":3.81870627403,"dmean2":6.30646657944,"dvar":10.953909874,"dvar2":29.5893859863,"max":26.3682022095,"mean":13.9598503113,"median":13.1790952682,"min":2.97387123108,"var":25.8774738312},"barkbands_flatness_db":{"dmean":0.0369103774428,"dmean2":0.0560791268945,"dvar":0.00106216780841,"dvar2":0.00235079461709,"max":0.53479295969,"mean":0.179734602571,"median":0.170052096248,"min":0.0368495956063,"var":0.00544540164992},"barkbands_kurtosis":{"dmean":13.4137382507,"dmean2":21.8349723816,"dvar":1265.60595703,"dvar2":3274.08789062,"max":1168.87414551,"mean":18.9670238495,"median":7.51504898071,"min":-1.93138360977,"var":2207.74682617},"barkbands_skewness":{"dmean":1.0988587141,"dmean2":1.7382748127,"dvar":1.58661985397,"dvar2":3.99486923218,"max":22.9401340485,"mean":3.00609874725,"median":2.56113219261,"min":-2.26666522026,"var":4.77170658112},"barkbands_spread":{"dmean":7.22353696823,"dmean2":10.9681930542,"dvar":78.8624572754,"dvar2":166.021255493,"max":92.7555236816,"mean":16.8793830872,"median":12.8699483871,"min":0.105322293937,"var":209.0105896},"dissonance":{"dmean":0.018934937194,"dmean2":0.0313940197229,"dvar":0.000358723802492,"dvar2":0.000905783672351,"max":0.500000119209,"mean":0.464961379766,"median":0.473675876856,"min":0.245876789093,"var":0.000893739343155},"dynamic_complexity":2.70683431625,"erbbands":{"dmean":[0.431439965963,4.84061098099,9.55610942841,6.02153778076,10.4579992294,10.0613851547,8.47894763947,15.4844341278,22.1200828552,19.3214435577,14.1187810898,11.6550216675,9.04706954956,6.75146770477,8.03286457062,9.7083864212,8.12339019775,11.388217926,13.5213842392,11.3538455963,11.5209846497,12.6790456772,13.4431314468,10.1022577286,11.615940094,12.6480817795,9.86247253418,6.17162179947,6.65164709091,5.70199775696,3.57240724564,1.81824362278,0.823344349861,0.708380401134,0.323579728603,0.152332365513,0.0598465166986,0.0231173336506,0.00361293018796,0.000125635633594],"dmean2":[0.690349400043,8.08085155487,15.9916095734,10.4287147522,18.0230312347,17.1097431183,14.1556501389,24.8226890564,36.4666633606,31.9770317078,23.1872234344,19.2288322449,14.7227373123,11.1429080963,13.1228265762,15.8896341324,12.9203214645,18.1808071136,21.8144798279,17.991312027,18.2256698608,19.6789970398,20.5157928467,15.3915195465,17.4712562561,19.030714035,14.3900356293,8.77879333496,9.33880519867,7.83568096161,4.99349117279,2.5270960331,1.16054356098,1.05606174469,0.473084181547,0.220662340522,0.089034281671,0.0367111973464,0.0057574622333,0.000189227881492],"dvar":[0.281948924065,31.6456928253,190.64239502,103.114143372,501.066192627,242.243164062,192.455810547,664.883361816,1969.4909668,1173.12084961,545.591247559,713.168640137,325.207763672,231.190048218,454.698577881,387.64239502,350.200500488,572.457275391,876.58404541,683.826965332,724.661560059,613.625549316,553.461608887,318.143493652,510.885131836,692.937927246,311.418457031,187.922103882,242.76071167,217.546478271,58.5211372375,13.9897899628,3.12663769722,2.18773841858,0.411784827709,0.102136880159,0.0175487324595,0.00323634850793,0.0000780627233326,6.44261888283e-8],"dvar2":[0.701070487499,88.5521697998,514.586303711,288.085571289,1370.29199219,646.114135742,510.258422852,1704.89758301,5056.86035156,3070.87207031,1376.05419922,1765.76196289,836.317932129,575.555419922,1155.78662109,971.48248291,846.665405273,1442.44042969,2231.51977539,1687.01135254,1811.21801758,1455.66589355,1244.89746094,726.596801758,1100.93640137,1505.30847168,662.367980957,384.23651123,454.647766113,394.110198975,113.75528717,27.6602096558,6.25756597519,5.16218185425,0.890592575073,0.222243502736,0.0397976227105,0.0080430554226,0.000193983563804,1.54152701271e-7],"max":[3.9613404274,38.4974861145,111.856048584,104.221099854,343.733123779,238.764801025,274.354248047,386.701202393,558.889282227,599.239990234,639.98614502,751.566040039,471.058288574,288.209289551,446.295806885,395.093048096,542.54095459,544.92175293,602.158996582,905.139282227,609.317993164,629.58605957,441.494689941,371.013092041,359.921356201,693.54095459,286.55682373,292.431243896,331.270874023,306.362579346,150.801849365,93.1608810425,56.7994308472,14.0311889648,6.57950735092,3.64029431343,1.27969515324,0.498510450125,0.0671882629395,0.00233502662741],"mean":[0.606758832932,6.89975643158,14.0014724731,7.41552972794,10.7272100449,14.6785984039,14.2919549942,25.1339931488,28.6395950317,27.6933574677,23.6610832214,17.2226867676,14.4603710175,10.1062574387,12.7178726196,15.4181003571,13.3627653122,17.3472938538,20.4877376556,17.5072803497,17.3945426941,19.2002239227,20.4336242676,16.0999679565,17.7847957611,19.8144607544,14.972738266,9.08505058289,9.76290035248,8.40800476074,5.06314706802,2.46304655075,1.10786116123,0.777133703232,0.341432929039,0.15429790318,0.0579487718642,0.0195691473782,0.00299268285744,0.000154387496877],"median":[0.319727063179,5.56480407715,9.34500598907,4.71106481552,4.72070121765,8.69694042206,8.25315761566,14.3957042694,13.3082036972,14.9755601883,13.6992778778,9.08067893982,7.46915817261,4.32880496979,4.32644939423,6.53942871094,4.74898386002,5.55578565598,6.99876403809,5.76195716858,6.30935382843,8.14439296722,8.69072914124,6.54324483871,6.95605611801,6.0081820488,4.99591779709,2.37456822395,2.22453474998,1.63521790504,1.04948449135,0.555018007755,0.203505396843,0.101105108857,0.043709628284,0.0187021475285,0.00491458317265,0.0011852234602,0.000169928767718,0.0000716793292668],"min":[4.19176419673e-23,7.26934339663e-22,1.42354845071e-21,5.76783307221e-21,7.47999879327e-21,1.48261865822e-20,6.48440453112e-20,1.07936885277e-19,1.3954014776e-19,2.06652141365e-19,2.94127512194e-19,4.07098075841e-19,4.47289592733e-19,6.07065680204e-19,7.0207357741e-19,9.18109578761e-19,1.65075285648e-18,1.95498740423e-18,1.89425890559e-18,2.74021507048e-18,3.3123622517e-18,3.66252414181e-18,5.55215993496e-18,5.54270360619e-18,7.41188901305e-18,8.18692250543e-18,9.3266293242e-18,1.13409745888e-17,1.08466109229e-17,1.14016747565e-17,1.01934418143e-17,1.04538978281e-17,1.00986130017e-17,6.82196241175e-18,5.32344118686e-18,4.22143105656e-18,2.45000288847e-18,8.86939655521e-19,2.52884028358e-19,2.73870744334e-20],"var":[0.480734616518,36.4818840027,210.116958618,83.0547943115,385.113250732,341.051177979,340.26550293,1045.77587891,2439.19213867,1596.08862305,1047.87548828,1096.46728516,500.020568848,343.224395752,854.177612305,664.405456543,639.604064941,1109.51965332,1462.85754395,1102.35864258,1115.33288574,993.906188965,995.314453125,594.888366699,924.149902344,1420.42053223,599.675720215,365.232910156,547.112854004,508.842376709,122.049880981,26.3481464386,5.52673053741,2.5680782795,0.539800226688,0.125055149198,0.0195997040719,0.00288991024718,0.0000685617924319,6.70698199201e-8]},"erbbands_crest":{"dmean":2.47181868553,"dmean2":4.00045394897,"dvar":5.50685453415,"dvar2":13.7128229141,"max":28.992313385,"mean":7.7365064621,"median":6.88074207306,"min":2.12495613098,"var":13.6688947678},"erbbands_flatness_db":{"dmean":0.0217865258455,"dmean2":0.029331067577,"dvar":0.000395672133891,"dvar2":0.000772531377152,"max":0.295042783022,"mean":0.135580450296,"median":0.136217489839,"min":0.0295213423669,"var":0.00158266897779},"erbbands_kurtosis":{"dmean":1.2657815218,"dmean2":1.96783840656,"dvar":6.02852582932,"dvar2":13.4645204544,"max":113.470596313,"mean":0.624689936638,"median":-0.307824611664,"min":-1.84003186226,"var":12.2670755386},"erbbands_skewness":{"dmean":0.480964660645,"dmean2":0.703118026257,"dvar":0.223192676902,"dvar2":0.438760012388,"max":9.41241645813,"mean":0.326884299517,"median":0.309201866388,"min":-4.26472997665,"var":0.973167061806},"erbbands_spread":{"dmean":12.7877264023,"dmean2":19.3289737701,"dvar":166.250900269,"dvar2":390.417877197,"max":151.873977661,"mean":48.2686042786,"median":45.8047065735,"min":3.7368683815,"var":455.519012451},"gfcc":{"cov":[[30437.3632812,268.442565918,-2689.37426758,849.019775391,-1073.14221191,180.60194397,-724.393005371,101.961669922,-422.469146729,87.8060379028,-314.649139404,43.6990127563,-346.078979492],[268.442565918,1483.63000488,-201.537322998,-217.916793823,101.094558716,-104.262512207,42.7175331116,-27.8687400818,112.544654846,-39.8787498474,91.4371261597,-12.8722009659,91.9205245972],[-2689.37426758,-201.537322998,839.644042969,-26.2924594879,54.2299728394,26.5655078888,93.3707427979,8.02998161316,26.5419273376,17.0302448273,4.11756658554,4.76170539856,-1.49552810192],[849.019775391,-217.916793823,-26.2924594879,541.620910645,-147.391342163,-59.3098144531,3.51942563057,40.4522819519,23.0788230896,-1.67636919022,47.28383255,-33.5111885071,-11.853266716],[-1073.14221191,101.094558716,54.2299728394,-147.391342163,294.089019775,-4.37824106216,4.31771278381,1.00267696381,9.74230575562,3.86627984047,-14.5908727646,8.6758146286,21.9055595398],[180.60194397,-104.262512207,26.5655078888,-59.3098144531,-4.37824106216,172.298034668,31.0432796478,-32.1639556885,-19.2395477295,10.1233978271,-19.1667480469,6.82381391525,-3.81132411957],[-724.393005371,42.7175331116,93.3707427979,3.51942563057,4.31771278381,31.0432796478,124.553504944,16.6899051666,7.18442678452,-4.2930803299,25.0022544861,-7.26582384109,5.28891944885],[101.961669922,-27.8687400818,8.02998161316,40.4522819519,1.00267696381,-32.1639556885,16.6899051666,78.782913208,22.3639888763,-1.88016784191,-1.32030880451,-2.980458498,-7.93323755264],[-422.469146729,112.544654846,26.5419273376,23.0788230896,9.74230575562,-19.2395477295,7.18442678452,22.3639888763,98.4384231567,7.77260446548,26.3242111206,-5.3309264183,21.4425907135],[87.8060379028,-39.8787498474,17.0302448273,-1.67636919022,3.86627984047,10.1233978271,-4.2930803299,-1.88016784191,7.77260446548,60.3878631592,3.31978774071,0.18650637567,-5.39110946655],[-314.649139404,91.4371261597,4.11756658554,47.28383255,-14.5908727646,-19.1667480469,25.0022544861,-1.32030880451,26.3242111206,3.31978774071,81.6035919189,4.17250823975,14.9330205917],[43.6990127563,-12.8722009659,4.76170539856,-33.5111885071,8.6758146286,6.82381391525,-7.26582384109,-2.980458498,-5.3309264183,0.18650637567,4.17250823975,53.7631759644,12.8397731781],[-346.078979492,91.9205245972,-1.49552810192,-11.853266716,21.9055595398,-3.81132411957,5.28891944885,-7.93323755264,21.4425907135,-5.39110946655,14.9330205917,12.8397731781,56.896156311]],"icov":[[0.0000954070710577,-0.000166393627296,0.000199492191314,-0.000203585994313,0.00023915397469,-0.000347794673871,0.000478772562928,-0.000432138331234,0.000405795552069,-0.000278383609839,0.000291415781248,-0.000293121149298,0.000402198318625],[-0.000166393627296,0.00140383117832,0.00000356754799213,0.000970060063992,-0.00050222146092,0.00140136643313,-0.00147579144686,0.00150008324999,-0.00178695528302,0.00108980189543,-0.00129753013607,0.00116186810192,-0.00158928206656],[0.000199492191314,0.00000356754799213,0.00188347918447,-0.00027080863947,0.000245943956543,-0.000386546336813,-0.000390113767935,-0.000326362991473,-3.2788366866e-7,-0.000768185011111,0.000789492216427,-0.000851819990203,0.000983294099569],[-0.000203585994313,0.000970060063992,-0.00027080863947,0.00326543860137,0.000600310682785,0.00159618281759,-0.00104849005584,0.00013439754548,-0.00135645468254,0.000895932083949,-0.00240009091794,0.00242088525556,-0.00146066420712],[0.00023915397469,-0.00050222146092,0.000245943956543,0.000600310682785,0.00478879921138,-0.000446933088824,0.00115374603774,-0.00165162200574,0.000938964192756,-0.00117412686814,0.00136185984593,-0.00049730297178,-0.000523946247995],[-0.000347794673871,0.00140136643313,-0.000386546336813,0.00159618281759,-0.000446933088824,0.00948311481625,-0.00539418123662,0.00573677290231,-0.00235567754135,-0.0000613150405115,0.00108485552482,0.000116304989206,-0.00137750909198],[0.000478772562928,-0.00147579144686,-0.000390113767935,-0.00104849005584,0.00115374603774,-0.00539418123662,0.0142393326387,-0.00688528548926,0.00411492865533,-0.000249055970926,-0.00295168953016,0.00109511986375,0.000931708025746],[-0.000432138331234,0.00150008324999,-0.000326362991473,0.00013439754548,-0.00165162200574,0.00573677290231,-0.00688528548926,0.0199474487454,-0.00746806152165,0.00202511274256,0.00206848792732,-0.000865077192429,0.00206764996983],[0.000405795552069,-0.00178695528302,-3.2788366866e-7,-0.00135645468254,0.000938964192756,-0.00235567754135,0.00411492865533,-0.00746806152165,0.0167553629726,-0.00374860246666,-0.00213410845026,0.00130871240981,-0.00327548198402],[-0.000278383609839,0.00108980189543,-0.000768185011111,0.000895932083949,-0.00117412686814,-0.0000613150405115,-0.000249055970926,0.00202511274256,-0.00374860246666,0.0187892317772,-0.00270447484218,0.00088324357057,0.00116953498218],[0.000291415781248,-0.00129753013607,0.000789492216427,-0.00240009091794,0.00136185984593,0.00108485552482,-0.00295168953016,0.00206848792732,-0.00213410845026,-0.00270447484218,0.0186141468585,-0.00444154534489,0.000165590856341],[-0.000293121149298,0.00116186810192,-0.000851819990203,0.00242088525556,-0.00049730297178,0.000116304989206,0.00109511986375,-0.000865077192429,0.00130871240981,0.00088324357057,-0.00444154534489,0.0231705699116,-0.00767395785078],[0.000402198318625,-0.00158928206656,0.000983294099569,-0.00146066420712,-0.000523946247995,-0.00137750909198,0.000931708025746,0.00206764996983,-0.00327548198402,0.00116953498218,0.000165590856341,-0.00767395785078,0.0256561897695]],"mean":[-14.717338562,106.933113098,-85.8539581299,48.7617378235,-45.2483520508,7.14591932297,-24.2031669617,8.92323875427,-10.0148944855,7.20266151428,-9.02933216095,-0.0768202617764,-11.3755588531]},"hfc":{"dmean":8.41569137573,"dmean2":11.6048593521,"dvar":114.6121521,"dvar2":208.379592896,"max":121.856033325,"mean":21.6903438568,"median":16.3432254791,"min":1.01904932462e-16,"var":353.39553833},"melbands":{"dmean":[0.00469293445349,0.00540861906484,0.00119046855252,0.000748383929022,0.000305344234221,0.000331031653332,0.000339830294251,0.000191076702322,0.000112059082312,0.0000748680977267,0.0000451644482382,0.0000278702955256,0.0000244292295974,0.0000334978576575,0.0000228460976359,0.0000189914862858,0.0000223680726776,0.0000228468434216,0.0000168454280356,0.0000160884337674,0.0000135254840643,0.0000130245298351,0.0000146301354107,0.0000117598465295,0.00000832821206131,0.0000082758415374,0.00000937767072173,0.00000869533232617,0.00000715351052349,0.00000430543013863,0.00000360714511771,0.00000399167083742,0.000003693355211,0.00000310367340717,0.0000022728490876,0.00000152017878463,0.00000102045567019,6.025261996e-7,5.22663640368e-7,6.21956417035e-7],"dmean2":[0.00762155093253,0.00904179457575,0.00204158038832,0.00126940524206,0.000512218452059,0.000529399258085,0.000560719927307,0.000315801182296,0.000183969401405,0.000123687030282,0.0000737433801987,0.0000460622541141,0.0000396930518036,0.0000556813974981,0.0000368676592188,0.0000300154206343,0.0000362008104275,0.0000372038994101,0.0000271389981208,0.0000258270865743,0.0000217312099267,0.0000207129196497,0.0000227320360864,0.0000181362211151,0.0000129619947984,0.0000126908653328,0.0000141261471072,0.0000132487139126,0.0000107070409285,0.00000630427939541,0.00000524095185028,0.00000579745028517,0.00000507960976392,0.00000437944754594,0.0000032605398701,0.00000211583278542,0.00000145597255141,8.48422303079e-7,7.71964664636e-7,9.3836393944e-7],"dvar":[0.0000292020922643,0.0000445903169748,0.00000407039169659,0.00000191480376088,2.09482195146e-7,2.88766386802e-7,4.42525276867e-7,1.04852539096e-7,3.96440285044e-8,2.64726480736e-8,8.26549495514e-9,3.80064824057e-9,4.16396472858e-9,6.44737241373e-9,1.96954430542e-9,2.15436002371e-9,2.29165952881e-9,2.7172550876e-9,1.26892329977e-9,1.41218703398e-9,1.07169562114e-9,7.1539113522e-10,6.34436003732e-10,5.06211683682e-10,2.31530600248e-10,2.736031679e-10,4.14437262286e-10,3.33673921826e-10,1.66835670279e-10,8.89877616039e-11,7.00305854973e-11,8.60899407318e-11,9.55428514082e-11,7.0787500861e-11,2.54329370064e-11,1.00244534895e-11,4.86957479548e-12,1.93199969911e-12,1.13785901274e-12,1.7703591414e-12],"dvar2":[0.0000802184513304,0.000119590884424,0.0000112076477308,0.00000514280964126,5.65888740311e-7,7.32677790438e-7,0.00000114492581815,2.7231766353e-7,1.01328851088e-7,6.4749933415e-8,2.1328135702e-8,9.48555278768e-9,1.01105985806e-8,1.69301035413e-8,4.7748764942e-9,5.22034504513e-9,5.82644954505e-9,7.08115033277e-9,3.12724890428e-9,3.46790107741e-9,2.73654254812e-9,1.75404557545e-9,1.46372292065e-9,1.13392006895e-9,5.48199041717e-10,6.19055584572e-10,8.91274221093e-10,7.49915851639e-10,3.75044606482e-10,1.8897916565e-10,1.49564485796e-10,1.75959996573e-10,1.69562461294e-10,1.39168648827e-10,5.25942761564e-11,2.00766191866e-11,1.05664912584e-11,3.89257723277e-12,2.56652685215e-12,4.24364189622e-12],"max":[0.0396433249116,0.0565277114511,0.0202954858541,0.0250820238143,0.00739305187017,0.00765840709209,0.00869772490114,0.00565252779052,0.00583233777434,0.00435122055933,0.00230644783005,0.00106931314804,0.00157511187717,0.00175659102388,0.000911318871658,0.00136590434704,0.00115707842633,0.00104993279092,0.000624956388492,0.00110938947182,0.000765949254856,0.000611237424891,0.000440824835096,0.000403990736231,0.000342566840118,0.000354297168087,0.000472557701869,0.000429968698882,0.000223529859795,0.000247766060056,0.000196913082618,0.000182915100595,0.000273396843113,0.000200279988348,0.000118455427582,0.0000575443482376,0.0000564463152841,0.0000499853340443,0.0000235248935496,0.0000123872323456],"mean":[0.00674077356234,0.00832451041788,0.00146206328645,0.000940725498367,0.000528614677023,0.000544861657545,0.000447879574494,0.000278516527032,0.000182116331416,0.000108437583549,0.000070245405368,0.0000391736793972,0.0000377194519388,0.0000483870353492,0.0000340378428518,0.0000289224044536,0.0000320320832543,0.0000329924732796,0.0000246138679358,0.0000235773914028,0.0000191163653653,0.0000184371347132,0.000021206387828,0.0000169434915733,0.0000123624758999,0.0000120648664961,0.000013802072317,0.0000130543585328,0.0000103536531242,0.00000628546604275,0.00000493339302921,0.00000551857192477,0.00000532690592081,0.00000441276051788,0.00000312939141622,0.00000200816111828,0.00000131051160679,8.03044883924e-7,6.31721775335e-7,6.52608946439e-7],"median":[0.00456916959956,0.00680263247341,0.000938584271353,0.000531670753844,0.000333494797815,0.000317897181958,0.000213204024476,0.00015764660202,0.000101381934655,0.0000534582868568,0.0000359226323781,0.0000162088072102,0.0000122877672766,0.000017331329218,0.0000128753890749,0.00000875111345522,0.00000963115144259,0.0000109645516204,0.00000820493642095,0.00000697215818946,0.0000067463997766,0.00000742491965866,0.00000867631024448,0.00000612431176705,0.00000474259240946,0.0000049536070037,0.00000418366244048,0.00000382374037144,0.00000348780577042,0.00000175962827598,0.00000106351308204,0.00000117767490337,0.00000111552935778,7.89259445355e-7,6.37822324734e-7,4.26231338224e-7,2.85892497232e-7,1.4576482954e-7,9.06520938315e-8,8.00203991957e-8],"min":[7.13357302349e-25,8.65525464826e-25,1.38970913963e-24,1.43575850055e-24,2.09658047692e-24,2.41945335682e-24,2.04968861257e-24,2.16922786098e-24,2.63772485841e-24,2.40295748643e-24,1.73404367071e-24,2.31748046305e-24,1.59356213742e-24,2.25130371057e-24,3.09391483686e-24,3.36545772095e-24,3.22484188408e-24,2.12863938968e-24,3.18344463315e-24,3.73581056101e-24,3.59274077508e-24,3.5553957054e-24,3.93614928207e-24,4.00864244381e-24,4.14623004088e-24,3.64567097524e-24,3.40432016458e-24,5.12022200663e-24,4.02877338525e-24,5.2286891978e-24,6.09491171985e-24,5.4759817088e-24,4.59944680257e-24,5.53391762583e-24,4.57529109279e-24,5.05037034562e-24,5.49955366151e-24,5.72960443413e-24,5.75247351178e-24,5.74069226859e-24],"var":[0.0000422994453402,0.0000520897483511,0.0000033057976907,0.00000178678317297,3.64477983794e-7,4.68484557814e-7,5.47881370494e-7,1.45512501604e-7,7.24784783301e-8,4.05202058573e-8,1.23336203472e-8,5.31478860921e-9,7.86500820027e-9,1.00328847452e-8,3.45458750495e-9,3.889418565e-9,4.05383415725e-9,4.03482447453e-9,2.07572981026e-9,2.36421771049e-9,1.50617740502e-9,1.00831931693e-9,1.14465703582e-9,8.87386830684e-10,3.87218590525e-10,4.2889999885e-10,7.60304708081e-10,6.51673326413e-10,2.98513408437e-10,1.52743179216e-10,1.25901872261e-10,1.71113956338e-10,2.18412080089e-10,1.48420192803e-10,4.86617066087e-11,1.8602988941e-11,7.81545834994e-12,3.29019298785e-12,1.61215799824e-12,1.95498370097e-12]},"melbands_crest":{"dmean":3.97001218796,"dmean2":6.44972705841,"dvar":11.5044603348,"dvar2":27.9664478302,"max":30.3961181641,"mean":19.165687561,"median":19.784948349,"min":1.59468626976,"var":28.9338169098},"melbands_flatness_db":{"dmean":0.044197268784,"dmean2":0.0671220123768,"dvar":0.00149180262815,"dvar2":0.00324203330092,"max":0.677144885063,"mean":0.27311745286,"median":0.264147490263,"min":0.00318834860809,"var":0.00864633731544},"melbands_kurtosis":{"dmean":23.1657161713,"dmean2":37.3744506836,"dvar":1368.95068359,"dvar2":3489.16625977,"max":706.029907227,"mean":38.0244293213,"median":23.113199234,"min":-1.47760570049,"var":2379.91870117},"melbands_skewness":{"dmean":1.4034268856,"dmean2":2.22036790848,"dvar":1.9574021101,"dvar2":4.89160346985,"max":18.9043312073,"mean":4.43178319931,"median":4.06059932709,"min":-0.436629712582,"var":5.00621032715},"melbands_spread":{"dmean":5.97965955734,"dmean2":9.4675693512,"dvar":74.1655883789,"dvar2":172.020828247,"max":169.081268311,"mean":13.5750837326,"median":8.87066650391,"min":0.280219525099,"var":322.623443604},"mfcc":{"cov":[[12714.28125,103.484901428,-696.393310547,278.248260498,-210.485778809,19.6753826141,-174.46321106,-44.0736045837,-183.034683228,31.2573928833,-96.9668045044,-5.84980249405,-47.6371994019],[103.484901428,1851.10021973,-186.344238281,-100.67326355,67.8797988892,-23.574016571,-28.9139041901,3.21984958649,41.5586891174,-29.2722034454,37.5161056519,9.03700637817,14.9724559784],[-696.393310547,-186.344238281,640.508911133,114.912666321,-41.9456825256,40.50440979,27.7829227448,27.9872779846,7.19606399536,27.3584842682,41.9808273315,-2.77115750313,25.4466190338],[278.248260498,-100.67326355,114.912666321,419.93258667,10.9774942398,-60.8604888916,-11.6504774094,19.9757499695,-27.3517341614,58.272857666,9.28486347198,26.2149162292,19.7201786041],[-210.485778809,67.8797988892,-41.9456825256,10.9774942398,169.620513916,11.0054864883,-7.14483261108,-9.45470142365,29.7680644989,-9.13095474243,-2.62366962433,12.1097717285,-2.53333425522],[19.6753826141,-23.574016571,40.50440979,-60.8604888916,11.0054864883,139.432113647,38.7645263672,-3.89372420311,14.661491394,-11.3489608765,10.6501712799,-3.05215978622,-2.84823918343],[-174.46321106,-28.9139041901,27.7829227448,-11.6504774094,-7.14483261108,38.7645263672,110.331001282,19.1631202698,3.68818807602,-2.08944344521,7.75740814209,3.97024536133,-3.18892025948],[-44.0736045837,3.21984958649,27.9872779846,19.9757499695,-9.45470142365,-3.89372420311,19.1631202698,77.1392669678,12.3539209366,3.86238241196,4.05700874329,3.06968998909,9.43555736542],[-183.034683228,41.5586891174,7.19606399536,-27.3517341614,29.7680644989,14.661491394,3.68818807602,12.3539209366,80.2872543335,4.19178056717,2.98427009583,2.10278344154,-2.79069423676],[31.2573928833,-29.2722034454,27.3584842682,58.272857666,-9.13095474243,-11.3489608765,-2.08944344521,3.86238241196,4.19178056717,77.0963973999,18.4781932831,1.12766706944,3.83337330818],[-96.9668045044,37.5161056519,41.9808273315,9.28486347198,-2.62366962433,10.6501712799,7.75740814209,4.05700874329,2.98427009583,18.4781932831,54.794467926,7.89771699905,3.80355381966],[-5.84980249405,9.03700637817,-2.77115750313,26.2149162292,12.1097717285,-3.05215978622,3.97024536133,3.06968998909,2.10278344154,1.12766706944,7.89771699905,54.9126586914,12.8166427612],[-47.6371994019,14.9724559784,25.4466190338,19.7201786041,-2.53333425522,-2.84823918343,-3.18892025948,9.43555736542,-2.79069423676,3.83337330818,3.80355381966,12.8166427612,50.0776672363]],"icov":[[0.0000972718553385,-0.0000119593305499,0.000127475141198,-0.000117352647067,0.00015931823873,-0.000196183202206,0.000180400602403,-0.0000351878770743,0.000152428649017,-0.0000480898052047,0.000130476531922,-0.0000298594677588,0.000102470927231],[-0.0000119593305499,0.000602098065428,0.00016549549764,0.000110212851723,-0.000190196282347,0.000195789107238,0.000090607063612,-0.0000551978409931,-0.000279311992927,0.000302928645397,-0.000712410896085,0.0000833698941278,-0.000307188252918],[0.000127475141198,0.00016549549764,0.0021067536436,-0.00076893158257,0.000693703244906,-0.000892922224011,0.000101850826468,-0.000313691649353,-0.000300800456898,0.000152743028593,-0.00122978375293,0.000625554879662,-0.000741203781217],[-0.000117352647067,0.000110212851723,-0.00076893158257,0.00345136132091,-0.000990390311927,0.00148277229164,-0.000134339439683,-0.000706009333953,0.00125518545974,-0.00222867215052,0.000359211204341,-0.00132739706896,-0.000401278724894],[0.00015931823873,-0.000190196282347,0.000693703244906,-0.000990390311927,0.00719076162204,-0.00111263664439,0.000732518557925,0.00108898698818,-0.00262160901912,0.00107093574479,0.000359734462108,-0.0012864661403,0.000461727671791],[-0.000196183202206,0.000195789107238,-0.000892922224011,0.00148277229164,-0.00111263664439,0.00957583542913,-0.00337862363085,0.00131200125907,-0.00136104307603,0.00101584813092,-0.0018964773044,0.000563972746022,-0.000503239163663],[0.000180400602403,0.000090607063612,0.000101850826468,-0.000134339439683,0.000732518557925,-0.00337862363085,0.0111945113167,-0.00301052536815,0.000708044623025,0.0000793886210886,-0.000466465950012,-0.00126679555979,0.00166368542705],[-0.0000351878770743,-0.0000551978409931,-0.000313691649353,-0.000706009333953,0.00108898698818,0.00131200125907,-0.00301052536815,0.0150195946917,-0.00319712865166,0.000531915458851,-0.00041821753257,0.0003504876222,-0.00274833664298],[0.000152428649017,-0.000279311992927,-0.000300800456898,0.00125518545974,-0.00262160901912,-0.00136104307603,0.000708044623025,-0.00319712865166,0.0152574004605,-0.00241720490158,0.000765076314565,-0.000925956293941,0.00153869308997],[-0.0000480898052047,0.000302928645397,0.000152743028593,-0.00222867215052,0.00107093574479,0.00101584813092,0.0000793886210886,0.000531915458851,-0.00241720490158,0.016531534493,-0.00584902474657,0.0015528498916,-0.000672859430779],[0.000130476531922,-0.000712410896085,-0.00122978375293,0.000359211204341,0.000359734462108,-0.0018964773044,-0.000466465950012,-0.00041821753257,0.000765076314565,-0.00584902474657,0.0227392558008,-0.00351289776154,0.000442326185293],[-0.0000298594677588,0.0000833698941278,0.000625554879662,-0.00132739706896,-0.0012864661403,0.000563972746022,-0.00126679555979,0.0003504876222,-0.000925956293941,0.0015528498916,-0.00351289776154,0.0209930706769,-0.0053047160618],[0.000102470927231,-0.000307188252918,-0.000741203781217,-0.000401278724894,0.000461727671791,-0.000503239163663,0.00166368542705,-0.00274833664298,0.00153869308997,-0.000672859430779,0.000442326185293,-0.0053047160618,0.0227727983147]],"mean":[-652.589233398,131.951828003,19.3556518555,45.3828010559,7.70438098907,11.0257787704,0.149418234825,6.19138050079,2.04357814789,8.78991031647,5.83486604691,5.91740274429,4.57100820541]},"pitch_salience":{"dmean":0.113093562424,"dmean2":0.186401486397,"dvar":0.00913819298148,"dvar2":0.0241782478988,"max":0.909387886524,"mean":0.435369312763,"median":0.434302330017,"min":0.0295990910381,"var":0.0207395013422},"silence_rate_20dB":{"dmean":0,"dmean2":0,"dvar":0,"dvar2":0,"max":1,"mean":1,"median":1,"min":1,"var":0},"silence_rate_30dB":{"dmean":0.0877993181348,"dmean2":0.17561866343,"dvar":0.0800881534815,"dvar2":0.210705474019,"max":1,"mean":0.945046186447,"median":1,"min":0,"var":0.0519354045391},"silence_rate_60dB":{"dmean":0.0031927023083,"dmean2":0.00638613291085,"dvar":0.00318253156729,"dvar2":0.00702961394563,"max":1,"mean":0.0497092679143,"median":0,"min":0,"var":0.0472386218607},"spectral_centroid":{"dmean":348.068359375,"dmean2":509.983306885,"dvar":161130.0625,"dvar2":294945.1875,"max":11825.4345703,"mean":1275.27038574,"median":1001.74047852,"min":87.1726837158,"var":1830459.25},"spectral_complexity":{"dmean":5.15096902847,"dmean2":7.21222496033,"dvar":31.3845310211,"dvar2":50.0103416443,"max":62,"mean":19.7417621613,"median":17,"min":0,"var":159.837432861},"spectral_contrast_coeffs":{"dmean":[0.0544729307294,0.0480607934296,0.0370550230145,0.0287738684565,0.0251980144531,0.0217276941985],"dmean2":[0.0919338166714,0.0794218480587,0.0608156472445,0.0464264638722,0.039718683809,0.0328451916575],"dvar":[0.00211170664988,0.0015100693563,0.00091894849902,0.000620125501882,0.000532597710844,0.000437785900431],"dvar2":[0.00604179641232,0.00399789959192,0.00239012623206,0.00147228967398,0.00117764726747,0.000897778547369],"max":[-0.399815917015,-0.458203792572,-0.518357276917,-0.559173941612,-0.564515709877,-0.547982871532],"mean":[-0.671722769737,-0.749007582664,-0.803613007069,-0.817887663841,-0.811300158501,-0.75450026989],"median":[-0.669206678867,-0.752016365528,-0.807332098484,-0.822697997093,-0.816804468632,-0.753116726875],"min":[-0.978942036629,-0.980891346931,-0.978554844856,-0.972262501717,-0.967570185661,-0.964423835278],"var":[0.00555678084493,0.00473353965208,0.00310301082209,0.00255564902909,0.00240778899752,0.00249229627661]},"spectral_contrast_valleys":{"dmean":[0.401844441891,0.383334666491,0.351428747177,0.360032379627,0.368358761072,0.46509578824],"dmean2":[0.666906893253,0.62225151062,0.554567098618,0.530517220497,0.496878653765,0.567977130413],"dvar":[0.119511529803,0.128961980343,0.114751249552,0.128891572356,0.152261972427,0.238322481513],"dvar2":[0.288470327854,0.288129627705,0.236170828342,0.248456642032,0.249297514558,0.394585490227],"max":[-4.95584726334,-4.41565942764,-5.50493383408,-5.4654083252,-5.58698177338,-7.80932283401],"mean":[-6.75118398666,-6.69333410263,-7.73488092422,-8.01876735687,-7.73343420029,-10.5512218475],"median":[-6.32123947144,-6.23388338089,-7.27754163742,-7.57441568375,-7.22909021378,-10.295375824],"min":[-28.2863693237,-28.0310134888,-27.9796562195,-27.834154129,-27.533908844,-27.3911762238],"var":[6.74124622345,6.90695476532,6.53640985489,6.52624988556,6.79984140396,5.49460601807]},"spectral_decrease":{"dmean":6.82827572263e-9,"dmean2":1.1040710568e-8,"dvar":5.25948333375e-17,"dvar2":1.38945352374e-16,"max":1.80201500991e-28,"mean":-1.42416194393e-8,"median":-1.30399806508e-8,"min":-5.73282328276e-8,"var":7.79713217061e-17},"spectral_energy":{"dmean":0.0261767618358,"dmean2":0.0421849451959,"dvar":0.000767837802414,"dvar2":0.00201868172735,"max":0.219088837504,"mean":0.0557183288038,"median":0.0513075217605,"min":9.74964506921e-21,"var":0.00116431200877},"spectral_energyband_high":{"dmean":0.000724522978999,"dmean2":0.000985444057733,"dvar":0.00000147492221458,"dvar2":0.00000263692936642,"max":0.0147322546691,"mean":0.0011645196937,"median":0.000362995400792,"min":6.91491003469e-21,"var":0.00000387909449273},"spectral_energyband_low":{"dmean":0.0239936318249,"dmean2":0.0394655838609,"dvar":0.000687359541189,"dvar2":0.00184691685718,"max":0.201613172889,"mean":0.0393032617867,"median":0.0336421839893,"min":8.7976899928e-24,"var":0.000888136506546},"spectral_energyband_middle_high":{"dmean":0.00149146618787,"dmean2":0.00220571644604,"dvar":0.00000516007730766,"dvar2":0.0000116951605378,"max":0.0393898896873,"mean":0.0034467424266,"median":0.00212164665572,"min":1.04300083932e-21,"var":0.0000153460150614},"spectral_energyband_middle_low":{"dmean":0.00648116040975,"dmean2":0.010723025538,"dvar":0.000104626145912,"dvar2":0.00027273336309,"max":0.137643188238,"mean":0.0126633327454,"median":0.0101787019521,"min":1.63050316832e-22,"var":0.000126613478642},"spectral_entropy":{"dmean":0.223161011934,"dmean2":0.308255046606,"dvar":0.0461648143828,"dvar2":0.0926652178168,"max":9.82682323456,"mean":7.53394699097,"median":7.58464670181,"min":4.90134096146,"var":0.306206047535},"spectral_flux":{"dmean":0.0435303226113,"dmean2":0.0694697499275,"dvar":0.00194034574088,"dvar2":0.00424985820428,"max":0.392488330603,"mean":0.122314535081,"median":0.110763460398,"min":6.3133831496e-11,"var":0.0040817973204},"spectral_kurtosis":{"dmean":1.90778243542,"dmean2":3.02194428444,"dvar":5.45359230042,"dvar2":13.4014015198,"max":42.6493530273,"mean":4.71240234375,"median":3.6007194519,"min":-1.27854216099,"var":14.9746694565},"spectral_rms":{"dmean":0.00166876090225,"dmean2":0.00262386607938,"dvar":0.00000248570086114,"dvar2":0.00000642730401523,"max":0.0146200275049,"mean":0.00692414678633,"median":0.00707503501326,"min":3.08412865559e-12,"var":0.00000641577253191},"spectral_rolloff":{"dmean":462.404632568,"dmean2":795.202758789,"dvar":817590.1875,"dvar2":1888322,"max":19616.7480469,"mean":953.524047852,"median":387.59765625,"min":21.533203125,"var":5328705.5},"spectral_skewness":{"dmean":0.30546990037,"dmean2":0.448406159878,"dvar":0.094366915524,"dvar2":0.196101158857,"max":5.49025201797,"mean":1.4968047142,"median":1.41326260567,"min":-0.283825039864,"var":0.475518018007},"spectral_spread":{"dmean":729212.125,"dmean2":1025592.375,"dvar":861050830848,"dvar2":1682035048450,"max":43388580,"mean":4895248.5,"median":4205053.5,"min":1747984.5,"var":19084171280400},"spectral_strongpeak":{"dmean":0.248971685767,"dmean2":0.420455217361,"dvar":0.100055761635,"dvar2":0.282371878624,"max":5.47166109085,"mean":0.533072829247,"median":0.50675034523,"min":0,"var":0.120813578367},"zerocrossingrate":{"dmean":0.0110658891499,"dmean2":0.0135879609734,"dvar":0.000149455459905,"dvar2":0.000190147402463,"max":0.525390625,"mean":0.0431014113128,"median":0.03173828125,"min":0.00244140625,"var":0.00352459703572}},"metadata":{"audio_properties":{"analysis_sample_rate":44100,"bit_rate":320041,"codec":"mp3","downmix":"mix","equal_loudness":0,"length":203.62449646,"lossless":false,"md5_encoded":"a67ab44c1fe3db7938abbadd12823852","replay_gain":-14.0775947571,"sample_rate":44100},"tags":{"acoustid_id":["2993f001-bbf9-4afa-acd2-01872dc23343"],"album":["On My One"],"albumartist":["Jake Bugg"],"albumartistsort":["Bugg, Jake"],"artist":["Jake Bugg"],"artistsort":["Bugg, Jake"],"date":["2016-06-17"],"file_name":"08 - Ain't No Rhyme.mp3","media":["Digital Media"],"musicbrainz album release country":["GB"],"musicbrainz album status":["official"],"musicbrainz album type":["album"],"musicbrainz_albumartistid":["0d9905e6-add6-4713-94ca-9f686f9b5e9b"],"musicbrainz_albumid":["3c001e27-64a1-43bc-a1df-0e1c8a003819"],"musicbrainz_artistid":["0d9905e6-add6-4713-94ca-9f686f9b5e9b"],"musicbrainz_recordingid":["a88ad7d7-0c12-446b-9522-817a5bc90963"],"musicbrainz_releasegroupid":["8dbb1432-e000-44f9-a9a9-35a90683ec31"],"originaldate":["2016"],"script":["Latn"],"title":["Ain't No Rhyme"],"tracknumber":["8/11"]},"version":{"essentia":"2.1-beta2","essentia_build_sha":"70f2e5ece6736b2c40cc944ad0e695b16b925413","essentia_git_sha":"v2.1_beta2","extractor":"music 1.0"}},"rhythm":{"beats_count":324,"beats_loudness":{"dmean":0.0305121336132,"dmean2":0.0537861101329,"dvar":0.000611822470091,"dvar2":0.00173180643469,"max":0.162311345339,"mean":0.0711403563619,"median":0.0733039826155,"min":0,"var":0.00105371885002},"beats_loudness_band_ratio":{"dmean":[0.149725690484,0.0714556723833,0.0642837062478,0.0330478325486,0.0420166552067,0.0559395290911],"dmean2":[0.269727826118,0.127683386207,0.112867228687,0.0636991560459,0.0781200304627,0.102967076004],"dvar":[0.0129693700001,0.00431310059503,0.00483475765213,0.00130834220909,0.00143560138531,0.00151375227142],"dvar2":[0.0330139100552,0.0131955016404,0.014436352998,0.0039959945716,0.00416858354583,0.00473291939124],"max":[0.996514976025