{"lowlevel":{"average_loudness":0.941620051861,"barkbands":{"dmean":[0.000283880886855,0.00430722674355,0.00336205819622,0.00103447900619,0.000923636835068,0.000635093776509,0.00075794645818,0.000378376251319,0.000343763560522,0.000248530472163,0.000156558744493,0.000231046418776,0.000237914078753,0.000273212441243,0.000373416492948,0.00042198569281,0.000553777441382,0.000215218649828,0.00022072266438,0.000392820482375,0.000162463416927,0.000133076769998,0.000122649740661,0.000140252741403,0.000143032360938,0.00014864919649,0.0000541879053344],"dmean2":[0.000382893456845,0.00664932932705,0.00584534229711,0.00181450496893,0.00162341189571,0.00112781871576,0.00129475304857,0.000596496392973,0.000579714018386,0.000405632512411,0.000256694038399,0.000394656555727,0.000381791935069,0.00043587415712,0.000584274588618,0.000639326230157,0.000842497334816,0.000348274596035,0.000377736316295,0.000710509368218,0.000271603494184,0.000216278596781,0.000196920751478,0.000228981371038,0.000211296661291,0.000225764495553,0.0000822922302177],"dvar":[6.04750539424e-7,0.00008610921941,0.0000993021021714,0.000010481658137,0.0000093156204457,0.00000515172678206,0.00000549816149942,0.00000122488529541,0.00000111412703063,5.40681469374e-7,2.73330840628e-7,5.87747649661e-7,5.48717594029e-7,7.46448620248e-7,7.05892205133e-7,7.37974687581e-7,0.00000154956444476,1.66915569366e-7,3.00787888818e-7,0.00000180293534413,1.29206839006e-7,9.42710371987e-8,6.84277594587e-8,1.1662088184e-7,1.82258247605e-7,1.97164297333e-7,2.94781052901e-8],"dvar2":[9.61136720434e-7,0.000179326612852,0.000280468957499,0.0000293866323773,0.0000257245683315,0.0000145045842146,0.0000153397704707,0.00000290866273644,0.00000298430154544,0.00000143075112646,7.06135779183e-7,0.00000162179856034,0.00000140121574077,0.0000018630410068,0.00000160733782195,0.00000153752728238,0.00000338783138432,4.20213694952e-7,8.36320850794e-7,0.00000518674278283,3.43139930692e-7,2.44205921263e-7,1.67405019624e-7,2.95440713671e-7,4.10720957689e-7,4.38715062501e-7,6.61995969153e-8],"max":[0.00911059696227,0.104417562485,0.130791917443,0.0365443229675,0.0382022596896,0.027690090239,0.0433757156134,0.0227430462837,0.0178444031626,0.016838837415,0.0201306939125,0.0147304935381,0.0195308104157,0.0351317711174,0.0201543644071,0.0218916069716,0.0327018275857,0.00717114238068,0.00972113292664,0.0211758222431,0.00569713674486,0.00500071700662,0.00670978659764,0.0067691411823,0.0144886476919,0.00716391718015,0.00306884339079],"mean":[0.000337125267833,0.00641357991844,0.00379539350979,0.00106617074925,0.000937652366702,0.000632223731373,0.000914080766961,0.000551974924747,0.000391044275602,0.000322197709465,0.000214297993807,0.000288574578008,0.000332264316967,0.000391811801819,0.000629637041129,0.000790620222688,0.00111681153066,0.000384629121982,0.000315561046591,0.000410323671531,0.000251549296081,0.00021273222228,0.000197399684112,0.000236685489654,0.000245273316978,0.000168837752426,0.0000552065139345],"median":[0.0000474053849757,0.00209139101207,0.00112969474867,0.000263491412625,0.000335288990755,0.000131154112751,0.000169803286553,0.0000931413815124,0.0000784842704888,0.0000452657768619,0.0000355018928531,0.0000751406550989,0.0000697059658705,0.0000959434473771,0.000206294382224,0.000255901308265,0.000358179211617,0.000151005544467,0.00011816231563,0.0000893941396498,0.0000877508209669,0.0000754211578169,0.0000641676961095,0.0000464946569991,0.0000263732144958,0.0000108646427179,0.00000129882232613],"min":[2.83694595593e-12,4.79036810219e-11,1.65396779606e-10,4.55499832297e-10,2.19681250968e-9,5.30298249757e-10,5.40479605515e-10,1.38552641582e-10,1.65492022863e-10,1.70756353501e-10,5.02742188158e-11,1.1724413107e-10,2.90434926109e-10,4.61796920148e-11,1.53573084805e-10,3.76889269793e-10,1.26536572886e-10,1.30315119806e-10,1.74966527378e-10,2.1120051541e-10,2.49419151999e-10,2.07925343609e-10,4.92596172186e-11,2.25157600897e-10,2.59656102175e-10,1.64345856368e-10,8.00354088559e-11],"var":[9.72738689597e-7,0.000144005345646,0.0000688851578161,0.00000709303867552,0.000006498154562,0.00000357628823622,0.0000055103523664,0.00000218498394133,9.86701707006e-7,8.54297013575e-7,4.48607210046e-7,5.49894878077e-7,7.30986869257e-7,0.00000100439035577,0.00000132503521399,0.00000236667392528,0.00000478608762933,3.30440542484e-7,3.12773948963e-7,0.00000120982724638,1.75376712264e-7,1.28999445792e-7,1.14009651497e-7,1.9240127358e-7,3.17369512004e-7,2.54038695857e-7,3.45672148683e-8]},"barkbands_crest":{"dmean":2.82853555679,"dmean2":4.38946342468,"dvar":7.23915100098,"dvar2":16.1102581024,"max":25.5161724091,"mean":10.472360611,"median":9.60660934448,"min":2.24005627632,"var":22.8144435883},"barkbands_flatness_db":{"dmean":0.0293154325336,"dmean2":0.0423625595868,"dvar":0.00098573777359,"dvar2":0.00204135244712,"max":0.488625466824,"mean":0.141445636749,"median":0.126053959131,"min":0.0127968294546,"var":0.00563235068694},"barkbands_kurtosis":{"dmean":8.02484035492,"dmean2":12.4868850708,"dvar":901.683349609,"dvar2":2032.95129395,"max":791.916320801,"mean":10.6425065994,"median":0.419649839401,"min":-1.95090425014,"var":1969.43249512},"barkbands_skewness":{"dmean":0.874154627323,"dmean2":1.28410613537,"dvar":1.55164480209,"dvar2":3.1719994545,"max":22.9069805145,"mean":1.40303504467,"median":0.905790328979,"min":-6.73504066467,"var":6.67697620392},"barkbands_spread":{"dmean":9.72017192841,"dmean2":14.9135360718,"dvar":155.235427856,"dvar2":349.30581665,"max":123.924285889,"mean":32.0064125061,"median":28.1292076111,"min":0.172438442707,"var":503.11831665},"dissonance":{"dmean":0.0139984721318,"dmean2":0.0230004619807,"dvar":0.000364659150364,"dvar2":0.000888651178684,"max":0.500000119209,"mean":0.473796904087,"median":0.484515041113,"min":0.181427955627,"var":0.000966644729488},"dynamic_complexity":4.45866298676,"erbbands":{"dmean":[0.161434844136,0.938899219036,3.31223154068,4.31024837494,1.47646212578,3.65814781189,5.49896192551,5.53841686249,10.7415904999,9.28136253357,7.98341226578,8.12785243988,6.68078660965,7.95673131943,6.73564863205,8.84175872803,10.3213615417,11.871840477,16.6109600067,18.0470981598,27.5200538635,26.7012405396,12.8337450027,8.84425354004,14.8201913834,19.4943809509,8.01153373718,6.2226395607,4.93421554565,4.26787614822,3.18128275871,2.97788190842,2.3564312458,1.62286543846,1.05931532383,0.668893992901,0.258553624153,0.0712239593267,0.00973518006504,0.000371077301679],"dmean2":[0.22499550879,1.52985072136,5.68626594543,7.60504484177,2.51999092102,6.52017593384,9.69363212585,9.71037769318,18.6147346497,15.2171630859,12.6235713959,13.7624378204,11.0425815582,13.0071439743,11.2317523956,14.9248247147,16.4732437134,18.8470745087,26.1967525482,27.7548904419,41.3771591187,40.6204566956,20.4417076111,14.6176548004,26.2589473724,35.2968025208,13.3752269745,10.4254608154,8.11322021484,6.92102956772,5.19275760651,5.01918554306,3.74714374542,2.4758040905,1.56266510487,1.02811837196,0.391803503036,0.108074083924,0.0147748878226,0.000560758460779],"dvar":[0.157916158438,4.10528278351,83.0317764282,201.231155396,10.9412097931,155.118087769,403.822418213,363.517547607,1330.58007812,597.190856934,496.835876465,635.518615723,367.636779785,742.283447266,588.116455078,722.503173828,1065.20544434,961.570678711,1978.47277832,1791.55187988,3197.07714844,3560.85498047,530.832519531,418.778076172,2081.17553711,4470.60302734,383.869140625,186.722412109,137.759216309,85.5389251709,51.818561554,60.7548484802,37.3255310059,26.1953601837,9.26059627533,3.6705057621,0.65963101387,0.0511282198131,0.000971354078501,0.00000126349482343],"dvar2":[0.27078923583,10.2170543671,231.905578613,567.340698242,29.913602829,434.467437744,1106.93237305,1008.4029541,3779.20141602,1527.45397949,1230.87133789,1697.79248047,980.779724121,1969.00317383,1569.48693848,1913.91796875,2700.83325195,2267.75561523,4943.63134766,3968.4909668,6685.59765625,7717.08056641,1304.5411377,1095.70874023,5987.34814453,12885.8427734,1015.40612793,499.968353271,360.706848145,212.936233521,132.649978638,165.250335693,91.1510620117,62.4093170166,20.1077804565,8.26898193359,1.48117399216,0.113935425878,0.00218852469698,0.00000286950307782],"max":[4.40702342987,25.9755058289,117.235443115,158.957626343,43.0169258118,167.77104187,254.44708252,240.237838745,566.226318359,436.857055664,500.034637451,395.040496826,449.263946533,700.356994629,784.471374512,626.327636719,762.702392578,1260.25390625,1553.25012207,1252.27856445,1510.79394531,1894.93518066,415.885040283,637.687194824,666.883361816,1055.00817871,351.139526367,223.162628174,233.347259521,175.418182373,253.523101807,112.052688599,149.227539062,168.122161865,83.8539657593,33.8555679321,14.4457235336,3.5539264679,0.646259248257,0.0220171436667],"mean":[0.209314763546,1.34306311607,4.20859622955,4.38255262375,1.94811761379,3.43249678612,4.98296403885,5.75369119644,12.2322883606,12.9966907501,11.0641326904,9.18813514709,8.88683605194,10.9571275711,9.0903673172,12.2407674789,15.2732715607,18.413356781,27.3414955139,33.2307090759,58.3980751038,55.4099502563,25.5657310486,14.4262199402,17.8285884857,20.4400863647,12.0255270004,9.62226295471,7.68564939499,6.68171882629,5.06698703766,4.47402572632,4.25311613083,2.84877133369,1.69996011257,0.827042460442,0.281869292259,0.0733225867152,0.00992757733911,0.000400990480557],"median":[0.0463273636997,0.485774457455,1.37889301777,1.1898419857,0.901547551155,1.03352296352,0.922230184078,1.22536277771,2.45596718788,2.91995334625,2.45578670502,2.12153172493,1.82307040691,1.36363995075,2.09044861794,3.58143568039,3.90739154816,5.63488721848,10.1019620895,12.9856433868,21.4309139252,21.5248603821,12.2203655243,5.92797136307,5.59173059464,4.82485866547,3.4794075489,3.26974010468,2.67480373383,2.21003890038,1.63389718533,1.00121080875,0.763746201992,0.341830909252,0.169565632939,0.0702989846468,0.0135055342689,0.00200561853126,0.000255230494076,0.0000397803451051],"min":[8.65134186512e-10,1.48013334922e-8,1.46487479924e-7,9.26881511987e-7,0.00000284393945549,0.00000306845845444,0.00000182681083061,0.00000382069038096,0.00000593799040871,0.00000446576086688,0.0000132326513267,0.00000436830850958,0.00000295846984955,0.00000795436426415,0.00000412970621255,0.0000045713018153,0.0000144428722706,0.00000341501618095,0.00000563933417652,0.0000202743831323,0.000022678375899,0.00000991420893115,0.0000063770730776,0.00000630691602055,0.00000961565365287,0.00000898793405213,0.0000108170916064,0.0000112199822979,0.00000820324839879,0.00000266658048531,0.00000147808930251,0.00000494549794894,0.00000317994886245,0.00000263785614152,0.0000020328136543,9.11984727736e-7,2.55663735516e-7,6.122496643e-8,1.5216649274e-8,9.23822129906e-10],"var":[0.27820110321,5.20637798309,63.7121238708,131.42401123,10.202876091,105.475723267,278.759246826,276.27545166,1114.46948242,909.663879395,710.260620117,551.999084473,517.045959473,1291.6418457,799.242858887,809.975463867,1534.60888672,1563.34008789,2795.17358398,3579.70654297,12578.0605469,10770.6806641,1253.1394043,593.644165039,1550.38366699,2937.57055664,508.114746094,241.537872314,178.67779541,127.591362,78.4725341797,70.9096755981,69.2899246216,40.1484222412,16.7369766235,5.05236291885,0.811614096165,0.0615799576044,0.00112600589637,0.00000147661580741]},"erbbands_crest":{"dmean":2.69221496582,"dmean2":4.26692914963,"dvar":7.48294067383,"dvar2":17.5178070068,"max":33.6634559631,"mean":9.97289085388,"median":8.66001796722,"min":2.29675936699,"var":27.2726020813},"erbbands_flatness_db":{"dmean":0.0248588379472,"dmean2":0.0337815582752,"dvar":0.000779296504334,"dvar2":0.0014110597549,"max":0.455891311169,"mean":0.158329978585,"median":0.146415039897,"min":0.0355350114405,"var":0.00436188746244},"erbbands_kurtosis":{"dmean":1.69913601875,"dmean2":2.63400864601,"dvar":10.5802612305,"dvar2":22.9672622681,"max":127.776626587,"mean":2.01302838326,"median":0.633856534958,"min":-1.85898935795,"var":29.9772891998},"erbbands_skewness":{"dmean":0.462190508842,"dmean2":0.704262316227,"dvar":0.271180421114,"dvar2":0.61205124855,"max":4.71650505066,"mean":-0.467186868191,"median":-0.461467981339,"min":-8.23493766785,"var":1.251516819},"erbbands_spread":{"dmean":11.1176834106,"dmean2":16.775428772,"dvar":204.48223877,"dvar2":443.782043457,"max":184.531814575,"mean":39.6613235474,"median":34.7094917297,"min":0.965572655201,"var":683.620544434},"gfcc":{"cov":[[15596.7958984,-3131.56396484,-504.393798828,371.056274414,-672.746520996,245.600875854,-469.700622559,313.045715332,-212.605545044,306.576019287,-56.4572792053,117.818351746,-234.402267456],[-3131.56396484,3364.34521484,-578.438110352,-359.731933594,441.531158447,-232.211883545,308.877990723,-142.563232422,271.037902832,-248.161117554,72.3680648804,-106.383155823,182.938644409],[-504.393798828,-578.438110352,2127.18945312,413.145080566,337.590789795,422.844329834,314.067657471,221.594863892,26.3518066406,157.929656982,-98.6617279053,-34.8804168701,-173.226303101],[371.056274414,-359.731933594,413.145080566,747.238952637,183.478271484,132.846588135,37.5964698792,86.9955444336,4.62291574478,38.0096893311,10.8423728943,-61.6476898193,-32.6373710632],[-672.746520996,441.531158447,337.590789795,183.478271484,678.058837891,88.1684112549,121.595748901,73.8471069336,127.853279114,-3.69962859154,-27.3241634369,-12.8184604645,-7.22220849991],[245.600875854,-232.211883545,422.844329834,132.846588135,88.1684112549,338.33782959,145.603546143,71.9500274658,-40.0077819824,31.7239246368,-6.84101247787,-20.2924976349,-74.2148590088],[-469.700622559,308.877990723,314.067657471,37.5964698792,121.595748901,145.603546143,325.866882324,68.1078186035,19.3939533234,7.83359050751,10.7501182556,-27.6339988708,-30.4494400024],[313.045715332,-142.563232422,221.594863892,86.9955444336,73.8471069336,71.9500274658,68.1078186035,170.905471802,76.8088226318,54.402217865,-9.69279098511,-8.95234107971,-26.7047348022],[-212.605545044,271.037902832,26.3518066406,4.62291574478,127.853279114,-40.0077819824,19.3939533234,76.8088226318,187.090606689,55.1247138977,1.10676455498,-21.106628418,12.6186532974],[306.576019287,-248.161117554,157.929656982,38.0096893311,-3.69962859154,31.7239246368,7.83359050751,54.402217865,55.1247138977,147.175262451,33.061870575,-0.676806569099,-27.5281085968],[-56.4572792053,72.3680648804,-98.6617279053,10.8423728943,-27.3241634369,-6.84101247787,10.7501182556,-9.69279098511,1.10676455498,33.061870575,101.776664734,25.7010440826,13.2992868423],[117.818351746,-106.383155823,-34.8804168701,-61.6476898193,-12.8184604645,-20.2924976349,-27.6339988708,-8.95234107971,-21.106628418,-0.676806569099,25.7010440826,121.876068115,41.3685836792],[-234.402267456,182.938644409,-173.226303101,-32.6373710632,-7.22220849991,-74.2148590088,-30.4494400024,-26.7047348022,12.6186532974,-27.5281085968,13.2992868423,41.3685836792,110.119087219]],"icov":[[0.0000942295300774,0.000024127693905,0.0000934414929361,-0.0000618465055595,0.0000502741713717,-0.000081603480794,0.0000896521232789,-0.000225018593483,0.000117650502943,-0.0001955133921,0.000188524980331,-0.00016176578356,0.000183324329555],[0.000024127693905,0.000957941694651,0.00000117043157388,0.000428023806307,-0.000394244678319,0.00024823952117,-0.000981737743132,0.00100985344034,-0.00169868941884,0.00184346816968,-0.00136363448109,0.00119935057592,-0.000926852051634],[0.0000934414929361,0.00000117043157388,0.00102065887768,-0.000399027165258,-0.000132211425807,-0.000536915438715,-0.000453530868981,-0.000432365341112,0.000371433241526,-0.00120686530136,0.00149247294758,-0.000783708353993,0.0008533942746],[-0.0000618465055595,0.000428023806307,-0.000399027165258,0.00210930826142,-0.000717544578947,-0.000100304605439,0.000119604905194,-0.000276535371086,-0.0000914748452487,0.00106405932456,-0.00190259225201,0.00212906650268,-0.00128747476265],[0.0000502741713717,-0.000394244678319,-0.000132211425807,-0.000717544578947,0.00238797673956,-0.000556095154025,0.000012319621419,-0.0000435799884144,-0.00130204437301,0.000115643611935,0.0010763987666,-0.00130993209314,0.000656209362205],[-0.000081603480794,0.00024823952117,-0.000536915438715,-0.000100304605439,-0.000556095154025,0.00545380217955,-0.00179040373769,-0.00086006463971,0.00162173749413,0.000219812660362,-0.000784583913628,0.000493685074616,0.00125344633125],[0.0000896521232789,-0.000981737743132,-0.000453530868981,0.000119604905194,0.000012319621419,-0.00179040373769,0.00586480135098,-0.00254877633415,0.00185453274753,-0.000843888730742,-0.000520196568687,0.0000708877414581,0.000554271042347],[-0.000225018593483,0.00100985344034,-0.000432365341112,-0.000276535371086,-0.0000435799884144,-0.00086006463971,-0.00254877633415,0.01180075109,-0.0067230630666,0.00117724493612,-0.000171117935679,-0.0000656748088659,-0.000234199047554],[0.000117650502943,-0.00169868941884,0.000371433241526,-0.0000914748452487,-0.00130204437301,0.00162173749413,0.00185453274753,-0.0067230630666,0.0139394169673,-0.00740000698715,0.00275860074908,0.000461917923531,-0.00043431101949],[-0.0001955133921,0.00184346816968,-0.00120686530136,0.00106405932456,0.000115643611935,0.000219812660362,-0.000843888730742,0.00117724493612,-0.00740000698715,0.0154585242271,-0.00800512451679,0.00246096705087,-0.0000992983623291],[0.000188524980331,-0.00136363448109,0.00149247294758,-0.00190259225201,0.0010763987666,-0.000784583913628,-0.000520196568687,-0.000171117935679,0.00275860074908,-0.00800512451679,0.0166164040565,-0.00567457266152,0.00161475967616],[-0.00016176578356,0.00119935057592,-0.000783708353993,0.00212906650268,-0.00130993209314,0.000493685074616,0.0000708877414581,-0.0000656748088659,0.000461917923531,0.00246096705087,-0.00567457266152,0.0137491198257,-0.00660568196326],[0.000183324329555,-0.000926852051634,0.0008533942746,-0.00128747476265,0.000656209362205,0.00125344633125,0.000554271042347,-0.000234199047554,-0.00043431101949,-0.0000992983623291,0.00161475967616,-0.00660568196326,0.0152677018195]],"mean":[-39.8937034607,60.230091095,-108.783103943,40.9735641479,-37.4426689148,13.1381397247,-38.6758079529,12.7017698288,-11.4151535034,5.83506250381,-16.3622341156,-1.38735067844,-10.5817747116]},"hfc":{"dmean":12.6164541245,"dmean2":19.2151012421,"dvar":572.868591309,"dvar2":1375.42504883,"max":316.813812256,"mean":25.5102310181,"median":16.2913970947,"min":0.000105339488073,"var":920.64831543},"melbands":{"dmean":[0.00125498895068,0.00151451933198,0.000653088674881,0.000145245998283,0.000205928590731,0.000126369384816,0.000165204750374,0.000097137010016,0.0000658219723846,0.0000492809449497,0.0000332110430463,0.0000328069145326,0.0000217203523789,0.0000260756514763,0.0000200815411517,0.0000254319620581,0.0000233012469835,0.0000273394743999,0.0000298239428957,0.0000243601516559,0.0000369887384295,0.0000346528431692,0.0000172223990376,0.00000891022500582,0.00000729516750653,0.00000922486015043,0.000013813660189,0.0000130310027089,0.00000538515996595,0.00000434895628132,0.00000344177897205,0.00000304231912196,0.00000255708710029,0.00000256452085523,0.00000186202601071,0.00000206076924769,0.00000182643202606,0.00000175978186689,0.00000159360274665,0.00000139389680953],"dmean2":[0.00186129310168,0.00254411296919,0.00114649545867,0.000254073558608,0.000363620027201,0.000222244925681,0.000285395624815,0.000156977650477,0.000105136117782,0.0000834164093249,0.0000548563730263,0.0000535819344805,0.0000357406133844,0.0000447565253126,0.0000325746077579,0.0000411562723457,0.0000370359521185,0.000043346262828,0.0000463580254291,0.0000365839150618,0.000055711796449,0.0000528233940713,0.0000275818201771,0.0000144506066135,0.0000121480261441,0.0000159359788086,0.0000252459249168,0.0000234669350903,0.00000898455618881,0.00000729192288418,0.00000577228775001,0.0000050373337217,0.00000423612254963,0.00000417975525124,0.00000303280899061,0.00000349875926986,0.00000307965319735,0.00000281830125459,0.00000250215998676,0.00000215425461647],"dvar":[0.00000830591307022,0.0000152156126205,0.00000441506381321,1.56837302256e-7,5.6453382058e-7,1.96602869096e-7,2.99872823462e-7,6.34586996284e-8,3.24976561217e-8,2.36037962509e-8,9.28278964807e-9,1.26500747655e-8,5.87092108262e-9,8.31373458965e-9,2.98830493684e-9,6.87087897688e-9,4.02345712303e-9,7.32089899813e-9,4.87951057337e-9,2.78914269458e-9,6.35667785076e-9,7.05557168246e-9,9.69354707614e-10,3.376350588e-10,3.05231506736e-10,5.66493685294e-10,2.48089238042e-9,1.89836613096e-9,1.9010183705e-10,9.21062878745e-11,5.91485124768e-11,5.68004740464e-11,3.37381650395e-11,3.22656727725e-11,1.78072001589e-11,2.7585635165e-11,2.06790921192e-11,1.75533355212e-11,2.62171916121e-11,1.93770572504e-11],"dvar2":[0.000015735402485,0.0000415629765484,0.0000124413954836,4.38073897158e-7,0.00000154389999807,5.50345305328e-7,8.50421770338e-7,1.56436257726e-7,8.13359619656e-8,6.32051921912e-8,2.4691615863e-8,3.34691314663e-8,1.5510517315e-8,2.32694254976e-8,7.51756878969e-9,1.77431864756e-8,9.3170555715e-9,1.88227939901e-8,1.09852011931e-8,5.99190963513e-9,1.34944331265e-8,1.52049928204e-8,2.36984698532e-9,8.4339168982e-10,7.99157406917e-10,1.59247737219e-9,7.21044779439e-9,5.42486455757e-9,4.92392293605e-10,2.44580078412e-10,1.5815031229e-10,1.49059320442e-10,8.83097484028e-11,7.92547416584e-11,4.55863888305e-11,7.49614120776e-11,5.5726992465e-11,4.2589796273e-11,6.58950671806e-11,4.67430608109e-11],"max":[0.0292550120503,0.0488031022251,0.0236990079284,0.00646955706179,0.00949700828642,0.00549897132441,0.00913123600185,0.00404900871217,0.0035464130342,0.0029688894283,0.00226419209503,0.00289479992352,0.00328658451326,0.00189705681987,0.00134981761221,0.00260513136163,0.00291602523066,0.00349444057792,0.00169799569994,0.00139576941729,0.00208093388937,0.00278576952405,0.000883083906956,0.000461367802927,0.000639193633106,0.000376541021978,0.000725894933566,0.000860825646669,0.000335724325851,0.000158738388564,0.000126251077745,0.000205770629691,0.000113980888273,0.000161406656844,0.00013809997472,0.00011912631453,0.0000611214636592,0.000097675503639,0.000155336369062,0.000139610943734],"mean":[0.00177645171061,0.00209002220072,0.000691905908752,0.000164006080013,0.000186552657397,0.000130031781737,0.000191523969988,0.000141056603752,0.0000866496266099,0.0000549517390027,0.0000434594512626,0.0000442576638306,0.0000294839810522,0.0000319474384014,0.0000291071428364,0.0000355501542799,0.0000343068822986,0.0000408337255067,0.0000505119242007,0.0000439227987954,0.0000756214794819,0.0000670377412462,0.0000326960325765,0.0000151034164446,0.0000108983158498,0.0000120598415378,0.0000133749645101,0.0000137697943501,0.00000771084069129,0.00000651809386909,0.00000509686833539,0.00000449755225418,0.0000038222110561,0.00000373531543119,0.00000283584404315,0.00000290605703412,0.00000265425228463,0.00000303494471154,0.00000272980128102,0.0000022859001092],"median":[0.000514955900144,0.000778639689088,0.000215492938878,0.0000729817256797,0.0000367396605725,0.0000268487056019,0.0000367005923181,0.0000300738629448,0.0000180703627848,0.0000113245405373,0.00000830692169984,0.0000049913114708,0.00000556103623239,0.00000818195348984,0.00000824244943942,0.00000733718752599,0.00000905568231246,0.0000134341407829,0.0000160819745361,0.0000144255345731,0.0000257438368862,0.0000205871147045,0.0000130494036057,0.00000557297744308,0.00000387002637581,0.00000373014609067,0.0000031557708553,0.00000299703378914,0.00000166485517639,0.00000235302786677,0.00000156176281507,0.00000141500822792,0.00000132773641326,0.00000111665656277,8.84367864273e-7,7.53393294417e-7,5.44725253349e-7,5.72892190576e-7,3.62756111372e-7,2.47103287165e-7],"min":[1.03645607721e-11,5.54328458136e-11,2.26478696908e-10,4.91692908611e-10,4.49009267267e-11,6.71925640128e-11,1.02070331354e-10,2.41393779965e-11,6.77857076026e-11,2.07165031657e-11,1.38694038893e-11,1.32693214056e-11,1.08923850842e-11,1.19408701676e-11,1.59159543184e-11,1.46124813638e-11,4.80979926026e-12,6.83878431315e-12,1.4419306027e-11,2.07167234756e-11,2.54758939638e-11,7.09990443173e-12,5.25844862445e-12,5.6724425504e-12,4.44344040729e-12,6.54451536367e-12,6.27043772808e-12,5.80696211602e-12,6.21901618744e-12,6.06394275071e-12,5.32202754089e-12,4.07204998887e-12,3.90069140183e-12,8.81868146216e-13,6.49986141299e-13,1.07770650043e-12,4.15803676213e-12,2.45764389742e-12,1.2277295066e-12,2.60111333514e-12],"var":[0.0000145534304465,0.0000133787307277,0.00000291996343549,1.18269618099e-7,3.90290892938e-7,1.43959724141e-7,2.60541071384e-7,1.08061804838e-7,4.28678390563e-8,2.05871373282e-8,1.31927411218e-8,2.19257358935e-8,8.63968185882e-9,7.4761565827e-9,4.27185131713e-9,8.48399839271e-9,6.55035847785e-9,8.7992768627e-9,9.21319109892e-9,6.47201581216e-9,2.34014816414e-8,2.07445172151e-8,2.68659605673e-9,6.24574336694e-10,4.11574357928e-10,5.47645040427e-10,1.53908441547e-9,1.33283428738e-9,2.6583171775e-10,1.23185336931e-10,7.52707132734e-11,7.22835472033e-11,4.25455157216e-11,4.6506166973e-11,2.70147914455e-11,3.03384505018e-11,2.54902730867e-11,3.48092249469e-11,3.69484130791e-11,2.78650314628e-11]},"melbands_crest":{"dmean":3.77059268951,"dmean2":5.88004922867,"dvar":12.9176483154,"dvar2":28.364276886,"max":35.67710495,"mean":16.3287563324,"median":16.3575611115,"min":2.49954223633,"var":45.5650520325},"melbands_flatness_db":{"dmean":0.0366947688162,"dmean2":0.0531408973038,"dvar":0.00165583984926,"dvar2":0.00333410128951,"max":0.626262009144,"mean":0.205846428871,"median":0.183659002185,"min":0.0085029611364,"var":0.0110567146912},"melbands_kurtosis":{"dmean":18.6604118347,"dmean2":28.5331478119,"dvar":3427.67236328,"dvar2":7553.24658203,"max":1486.77453613,"mean":30.4664821625,"median":5.50023460388,"min":-1.96291601658,"var":7771.86572266},"melbands_skewness":{"dmean":1.21932768822,"dmean2":1.79485177994,"dvar":2.76664853096,"dvar2":5.58347654343,"max":29.5887775421,"mean":3.11533093452,"median":2.28266191483,"min":-4.42436408997,"var":11.1057796478},"melbands_spread":{"dmean":12.619553566,"dmean2":19.3470211029,"dvar":291.368164062,"dvar2":623.76940918,"max":239.414520264,"mean":36.0598373413,"median":30.4739665985,"min":0.195676058531,"var":929.054626465},"mfcc":{"cov":[[14600.7089844,-2195.63183594,-869.926208496,-112.579299927,-320.469207764,-296.35534668,-291.853057861,-206.925689697,-212.770812988,-0.365639060736,34.949092865,10.5773735046,-24.8149299622],[-2195.63183594,2797.1418457,-489.346435547,-105.21962738,45.9760742188,-2.90524029732,-45.4262619019,126.912483215,150.639404297,-4.68009471893,-38.9519615173,24.8057842255,-44.82188797],[-869.926208496,-489.346435547,1478.85754395,237.595214844,135.515792847,251.198883057,300.409973145,138.683853149,136.037063599,176.989868164,156.707855225,-30.9468421936,65.1993026733],[-112.579299927,-105.21962738,237.595214844,539.941650391,262.125549316,102.012504578,94.2275772095,60.6969604492,94.5546569824,65.9027175903,39.3911972046,72.2969512939,29.290271759],[-320.469207764,45.9760742188,135.515792847,262.125549316,484.862060547,139.560424805,52.861541748,72.1062774658,123.944503784,50.091003418,48.7416610718,72.9569091797,24.9939975739],[-296.35534668,-2.90524029732,251.198883057,102.012504578,139.560424805,254.174346924,172.581497192,92.9965362549,43.8101921082,45.4336395264,59.1635704041,5.7156252861,10.4603147507],[-291.853057861,-45.4262619019,300.409973145,94.2275772095,52.861541748,172.581497192,294.14276123,121.303703308,44.436630249,52.4461135864,68.2092590332,4.43522262573,5.14310073853],[-206.925689697,126.912483215,138.683853149,60.6969604492,72.1062774658,92.9965362549,121.303703308,177.25894165,75.3022994995,20.6985740662,35.1167182922,14.1973676682,7.00262451172],[-212.770812988,150.639404297,136.037063599,94.5546569824,123.944503784,43.8101921082,44.436630249,75.3022994995,186.515014648,80.6301422119,42.6675949097,32.7177658081,19.07853508],[-0.365639060736,-4.68009471893,176.989868164,65.9027175903,50.091003418,45.4336395264,52.4461135864,20.6985740662,80.6301422119,156.295806885,89.1455078125,13.4917287827,12.269651413],[34.949092865,-38.9519615173,156.707855225,39.3911972046,48.7416610718,59.1635704041,68.2092590332,35.1167182922,42.6675949097,89.1455078125,151.461257935,41.9378128052,5.97787618637],[10.5773735046,24.8057842255,-30.9468421936,72.2969512939,72.9569091797,5.7156252861,4.43522262573,14.1973676682,32.7177658081,13.4917287827,41.9378128052,106.773345947,35.0066261292],[-24.8149299622,-44.82188797,65.1993026733,29.290271759,24.9939975739,10.4603147507,5.14310073853,7.00262451172,19.07853508,12.269651413,5.97787618637,35.0066261292,82.9261016846]],"icov":[[0.0000883031971171,0.0000857845952851,0.0000891074960236,-0.0000211405713344,0.0000480731941934,0.0000133798776005,0.0000585430134379,-0.0000656926640659,0.00000196470023184,-0.0000783138748375,-0.000077811673691,0.0000230976238527,0.00000293200741908],[0.0000857845952851,0.000522452988662,0.000264835078269,0.0000900691447896,0.0000768680038163,-0.000119949225336,0.000163224045536,-0.000414765265305,-0.000420889467932,-0.000152272725245,0.0000804782175692,-0.0000699821903254,0.000227990094572],[0.0000891074960236,0.000264835078269,0.00127983337734,-0.000312917632982,0.000118034826301,-0.000345802400261,-0.00050519319484,-0.000160367475473,-0.000478921458125,-0.000388628919609,-0.00079922209261,0.00133379048202,-0.00101074681152],[-0.0000211405713344,0.0000900691447896,-0.000312917632982,0.00292580761015,-0.00126743339933,0.0000811777790659,-0.000541828980204,0.00000530396027898,-0.0000544411559531,-0.000839005282614,0.00116790889297,-0.00168158963788,0.000422225624789],[0.0000480731941934,0.0000768680038163,0.000118034826301,-0.00126743339933,0.00381975062191,-0.00215872051194,0.00119044608437,-0.000108327541966,-0.00170447304845,0.000462730706204,-0.000140305652167,-0.00124826957472,0.000327879475662],[0.0000133798776005,-0.000119949225336,-0.000345802400261,0.0000811777790659,-0.00215872051194,0.00839462503791,-0.00373603357002,-0.000999282929115,0.00117196515203,-0.00010551304149,-0.00101481028832,0.0014712192351,-0.000711714616045],[0.0000585430134379,0.000163224045536,-0.00050519319484,-0.000541828980204,0.00119044608437,-0.00373603357002,0.00766196334735,-0.00326623534784,0.000541382818483,-0.000552022771444,-0.000669520872179,-0.000411717657698,0.000786590157077],[-0.0000656926640659,-0.000414765265305,-0.000160367475473,0.00000530396027898,-0.000108327541966,-0.000999282929115,-0.00326623534784,0.0101917069405,-0.0035870547872,0.00264933635481,-0.000983114354312,0.000172935295268,-0.000187849451322],[0.00000196470023184,-0.000420889467932,-0.000478921458125,-0.0000544411559531,-0.00170447304845,0.00117196515203,0.000541382818483,-0.0035870547872,0.0103705562651,-0.00502272089943,0.0015397714451,-0.0014908502344,-0.000320313934935],[-0.0000783138748375,-0.000152272725245,-0.000388628919609,-0.000839005282614,0.000462730706204,-0.00010551304149,-0.000552022771444,0.00264933635481,-0.00502272089943,0.0134046897292,-0.0071109989658,0.0029493602924,-0.00137970631476],[-0.000077811673691,0.0000804782175692,-0.00079922209261,0.00116790889297,-0.000140305652167,-0.00101481028832,-0.000669520872179,-0.000983114354312,0.0015397714451,-0.0071109989658,0.0136055061594,-0.00664254883304,0.0030521217268],[0.0000230976238527,-0.0000699821903254,0.00133379048202,-0.00168158963788,-0.00124826957472,0.0014712192351,-0.000411717657698,0.000172935295268,-0.0014908502344,0.0029493602924,-0.00664254883304,0.0166354048997,-0.00692111020908],[0.00000293200741908,0.000227990094572,-0.00101074681152,0.000422225624789,0.000327879475662,-0.000711714616045,0.000786590157077,-0.000187849451322,-0.000320313934935,-0.00137970631476,0.0030521217268,-0.00692111020908,0.015766127035]],"mean":[-686.048706055,92.685798645,-2.75951957703,29.6055011749,21.7448234558,8.22563552856,-4.44435453415,3.77659225464,8.20715427399,4.8597536087,1.34814465046,7.31305122375,3.76742196083]},"pitch_salience":{"dmean":0.0830923765898,"dmean2":0.130307137966,"dvar":0.00641175592318,"dvar2":0.0150542426854,"max":0.898122191429,"mean":0.497576832771,"median":0.491075962782,"min":0.0769184678793,"var":0.0197010748088},"silence_rate_20dB":{"dmean":0,"dmean2":0,"dvar":0,"dvar2":0,"max":1,"mean":1,"median":1,"min":1,"var":0},"silence_rate_30dB":{"dmean":0.0110584516078,"dmean2":0.022118492052,"dvar":0.0109359603375,"dvar2":0.031969435513,"max":1,"mean":0.99411213398,"median":1,"min":0,"var":0.00585383828729},"silence_rate_60dB":{"dmean":0.0475369803607,"dmean2":0.0950807929039,"dvar":0.0452758260071,"dvar2":0.102551132441,"max":1,"mean":0.140805631876,"median":0,"min":0,"var":0.120978429914},"spectral_centroid":{"dmean":324.31854248,"dmean2":508.697418213,"dvar":179090.8125,"dvar2":431156.4375,"max":5860.77636719,"mean":1863.90856934,"median":1947.80383301,"min":123.862167358,"var":722503.75},"spectral_complexity":{"dmean":4.49633789062,"dmean2":6.55612230301,"dvar":37.5111427307,"dvar2":71.5524978638,"max":64,"mean":16.2370929718,"median":14,"min":0,"var":160.128829956},"spectral_contrast_coeffs":{"dmean":[0.0551547184587,0.0507792904973,0.0393426902592,0.0368233695626,0.0274336729199,0.0199721995741],"dmean2":[0.09014557302,0.0820772871375,0.0619120411575,0.0563689619303,0.042642492801,0.0315241254866],"dvar":[0.0024024755694,0.00210959813558,0.00126566330437,0.00118178117555,0.0006882941816,0.000491163518745],"dvar2":[0.00621098931879,0.00516387680545,0.00283529493026,0.00250102090649,0.00147491705138,0.001132926438],"max":[-0.279103636742,-0.363703340292,-0.416439712048,-0.453853279352,-0.51815623045,-0.530321478844],"mean":[-0.667397499084,-0.760082364082,-0.788831889629,-0.758574008942,-0.761941432953,-0.774543344975],"median":[-0.672463357449,-0.776742339134,-0.80630004406,-0.765853047371,-0.762958884239,-0.776469945908],"min":[-0.892314612865,-0.955056488514,-0.958825409412,-0.938048303127,-0.933405041695,-0.904664516449],"var":[0.0066562416032,0.00845678430051,0.0062196184881,0.00609365431592,0.00441000750288,0.00212266808376]},"spectral_contrast_valleys":{"dmean":[0.500176727772,0.505973160267,0.485734045506,0.452336013317,0.407761365175,0.428787767887],"dmean2":[0.756918787956,0.791678905487,0.741372466087,0.669505238533,0.57769048214,0.559036254883],"dvar":[0.248773723841,0.331283718348,0.304829597473,0.257603168488,0.294503062963,0.397459596395],"dvar2":[0.480338007212,0.699619054794,0.622120916843,0.521020531654,0.596406400204,0.75370913744],"max":[-5.272128582,-4.2453622818,-5.00246143341,-5.46315574646,-5.0897769928,-7.34652328491],"mean":[-7.82358312607,-7.50151777267,-8.23325157166,-8.1820230484,-7.96177911758,-10.2466554642],"median":[-7.45387935638,-7.29367637634,-8.12096405029,-8.00813770294,-7.73399591446,-9.83832931519],"min":[-13.7827835083,-13.6365509033,-14.1526851654,-14.3503904343,-13.7054481506,-15.4223070145],"var":[1.76683950424,1.51629221439,1.61273050308,1.60885691643,1.94851207733,2.68390393257]},"spectral_decrease":{"dmean":2.70926214796e-9,"dmean2":4.37451586066e-9,"dvar":2.87124713831e-17,"dvar2":7.28719252833e-17,"max":-2.19334912645e-14,"mean":-5.1110378152e-9,"median":-3.58495699793e-9,"min":-6.03473253591e-8,"var":3.65054689742e-17},"spectral_energy":{"dmean":0.0110445925966,"dmean2":0.0176967419684,"dvar":0.000459087314084,"dvar2":0.00116458977573,"max":0.238021314144,"mean":0.0216040741652,"median":0.015766074881,"min":1.04409714652e-7,"var":0.000588608090766},"spectral_energyband_high":{"dmean":0.000938543409575,"dmean2":0.00145078264177,"dvar":0.00000399876080337,"dvar2":0.00000960198940447,"max":0.0322824083269,"mean":0.00159551785327,"median":0.000537306244951,"min":2.01125605059e-9,"var":0.00000663531909595},"spectral_energyband_low":{"dmean":0.00722581893206,"dmean2":0.0117425667122,"dvar":0.000289034069283,"dvar2":0.000723984558135,"max":0.213017389178,"mean":0.0113442121074,"median":0.00427502859384,"min":3.95324384339e-10,"var":0.000383063801564},"spectral_energyband_middle_high":{"dmean":0.00215303245932,"dmean2":0.00339186517522,"dvar":0.0000152575184984,"dvar2":0.0000378001604986,"max":0.0487188585103,"mean":0.00495434226468,"median":0.00312475860119,"min":2.84957279995e-9,"var":0.0000325379915012},"spectral_energyband_middle_low":{"dmean":0.00342347542755,"dmean2":0.00585799012333,"dvar":0.0000782530260039,"dvar2":0.000214464045712,"max":0.0977303013206,"mean":0.00458933459595,"median":0.0025855677668,"min":9.04957175862e-9,"var":0.0000619145139353},"spectral_entropy":{"dmean":0.21158400178,"dmean2":0.301136285067,"dvar":0.0658400505781,"dvar2":0.128631770611,"max":8.9005022049,"mean":7.62511539459,"median":7.76524114609,"min":4.80380725861,"var":0.360821157694},"spectral_flux":{"dmean":0.0322336368263,"dmean2":0.0497783459723,"dvar":0.00208465498872,"dvar2":0.00412188423797,"max":0.436093568802,"mean":0.0782241076231,"median":0.0632514357567,"min":0.000144035773701,"var":0.00391545100138},"spectral_kurtosis":{"dmean":2.28837347031,"dmean2":3.69419431686,"dvar":19.3385066986,"dvar2":49.1240768433,"max":118.193565369,"mean":5.47464609146,"median":3.41105461121,"min":-1.05530905724,"var":49.421459198},"spectral_rms":{"dmean":0.000990914995782,"dmean2":0.00150065566413,"dvar":0.00000212318877857,"dvar2":0.00000478825450045,"max":0.015238632448,"mean":0.00399385299534,"median":0.00392193021253,"min":0.0000100927272797,"var":0.00000512629594596},"spectral_rolloff":{"dmean":927.403564453,"dmean2":1518.42468262,"dvar":2754766.25,"dvar2":5760095,"max":15826.9042969,"mean":2583.71166992,"median":2239.453125,"min":64.599609375,"var":7317000.5},"spectral_skewness":{"dmean":0.278053760529,"dmean2":0.444333106279,"dvar":0.159087523818,"dvar2":0.40263453126,"max":9.04411220551,"mean":1.54797458649,"median":1.40044772625,"min":0.0547219142318,"var":0.50922870636},"spectral_spread":{"dmean":857302.1875,"dmean2":1224737.5,"dvar":1389999685630,"dvar2":2655711395840,"max":14505443,"mean":5260816.5,"median":4716601,"min":897077.5625,"var":6099443908610},"spectral_strongpeak":{"dmean":0.615458488464,"dmean2":1.0366666317,"dvar":1.46408700943,"dvar2":3.39288330078,"max":18.4921398163,"mean":1.08605146408,"median":0.322061568499,"min":0,"var":3.71794748306},"zerocrossingrate":{"dmean":0.0178373083472,"dmean2":0.0196852907538,"dvar":0.000526268966496,"dvar2":0.000582053675316,"max":0.47021484375,"mean":0.0896390005946,"median":0.08154296875,"min":0.001953125,"var":0.00417784927413}},"metadata":{"audio_properties":{"analysis_sample_rate":44100,"bit_rate":0,"codec":"flac","downmix":"mix","equal_loudness":0,"length":323.346679688,"lossless":true,"md5_encoded":"d381f6779b9dfd0e999cb59615798353","replay_gain":-8.85652160645},"tags":{"album":["Blood Sugar Sex Magik"],"albumartist":["Red Hot Chili Peppers"],"albumartistsort":["Red Hot Chili Peppers"],"albumsort":["Blood Sugar Sex Magik (1991-09-24, Red Hot Chili Peppers, 8b69a5f2-d3de-4df0-ae61-54b2227862c8)"],"artist":["Red Hot Chili Peppers"],"artists":["Red Hot Chili Peppers"],"artistsort":["Red Hot Chili Peppers"],"asin":["B000002LQR"],"barcode":["075992668125"],"catalognumber":["9 26681-2"],"composer":["Flea","Anthony Kiedis","Chad Smith","John Frusciante"],"composersort":["Flea","Kiedis, Anthony","Smith, Chad","Frusciante, John"],"date":["1991-09-24"],"discnumber":["1"],"disctotal":["1"],"engineer":["Brendan O’Brien"],"file_name":"04 - Red Hot Chili Peppers - Funky Monks.flac","genre":["Alternative Rock"],"isrc":["USWB19901569"],"label":["Warner Bros. Records"],"media":["CD"],"musicbrainz_albumartistid":["8bfac288-ccc5-448d-9573-c33ea2aa5c30"],"musicbrainz_albumid":["8b69a5f2-d3de-4df0-ae61-54b2227862c8"],"musicbrainz_artistid":["8bfac288-ccc5-448d-9573-c33ea2aa5c30"],"musicbrainz_recordingid":["a89e15ee-c14b-4d0e-867e-2652d40f3e03"],"musicbrainz_releasegroupid":["68bee70d-b425-3813-aca7-dd7b912c3d11"],"musicbrainz_releasetrackid":["8a894c21-aad0-3418-b5a8-b51c37b0184d"],"musicbrainz_workid":["64b6e5fa-a104-33f2-a30a-7a0eb1ca8054"],"musicip_puid":["e3b9e9c6-f2b6-8697-6937-d157b70d3b72"],"originaldate":["1991-09-24"],"producer":["Rick Rubin"],"releasecountry":["US"],"releasestatus":["official"],"releasetype":["album"],"replaygain_album_gain":["-3.28 dB"],"replaygain_album_peak":["0.97723389"],"replaygain_tr