{"lowlevel":{"average_loudness":0.930867791176,"barkbands":{"dmean":[0.000237820509938,0.00432809814811,0.00102989282459,0.00148152257316,0.00152319844346,0.000677764823195,0.000411498767789,0.000406787410611,0.000545110728126,0.000414504349465,0.000230420191656,0.000501288566738,0.000520255533047,0.000528866774403,0.000629127200227,0.000741753319744,0.000637077493593,0.000496320077218,0.000410325505072,0.000146272883285,0.0000983246136457,0.0000565488007851,0.0000419020689151,0.0000445735786343,0.0000661993326503,0.0000228824173973,0.0000123198560686],"dmean2":[0.000377804564778,0.00658721197397,0.00178981153294,0.00251822220162,0.0026182953734,0.0011083050631,0.000665906991344,0.000649596564472,0.000863246794324,0.000662307604216,0.0003729290911,0.000815200095531,0.000836503691971,0.000852169003338,0.00100905576255,0.0011983247241,0.00106265768409,0.000800401612651,0.000672912341543,0.000241912712227,0.000162579977768,0.0000887808346306,0.0000629678106634,0.0000650077563478,0.0000951544570853,0.00003296115392,0.0000188010581041],"dvar":[5.06647268139e-7,0.000108478838229,0.00000440554049419,0.0000124372854771,0.0000175277964445,0.00000164555478932,6.13366694324e-7,5.08446703407e-7,0.00000108867504878,5.42397856407e-7,2.32236615716e-7,0.00000114540011964,0.00000171854719611,8.31562829262e-7,0.00000101834768884,0.00000118913567348,9.76868932412e-7,6.82012057496e-7,3.55093391136e-7,3.66942494168e-8,1.91175164588e-8,9.27731491629e-9,6.84968570752e-9,1.67951323959e-8,3.6596098596e-8,3.43048767171e-9,9.79506697973e-10],"dvar2":[0.00000126868576444,0.000213549399632,0.0000126878276205,0.0000340841106663,0.0000475147971883,0.00000420154492531,0.00000155304212512,0.0000012811092347,0.00000264925688498,0.00000133139349145,5.42819520888e-7,0.00000288969908979,0.00000450484230896,0.00000210121584132,0.00000243309841608,0.0000028936851777,0.0000026623474696,0.0000016595768102,9.26926134071e-7,9.62417416872e-8,5.07020274654e-8,2.21121858601e-8,1.48563259472e-8,3.42160078048e-8,7.21580661889e-8,6.97234092684e-9,2.48025577854e-9],"max":[0.00742258643731,0.100248932838,0.0206866450608,0.0359580665827,0.0523923970759,0.0264937914908,0.0169059447944,0.0161710884422,0.0235240701586,0.0126873711124,0.0168310925364,0.027672059834,0.0280404742807,0.0165323130786,0.0187130607665,0.0281931422651,0.0155563661829,0.0176334865391,0.0146344453096,0.00348714296706,0.00279751210473,0.00177027308382,0.00138246454298,0.00315795675851,0.00422519166023,0.00163794052787,0.000809989869595],"mean":[0.000233677914366,0.00700520491228,0.00176712498069,0.00191389606334,0.00178334803786,0.00114622095134,0.000673156755511,0.000714128836989,0.000980253564194,0.00070553139085,0.000394489936298,0.000863376888447,0.000977091491222,0.000936537166126,0.00113436148968,0.00137522281148,0.00115906482097,0.000990484026261,0.000955352152232,0.000355955155101,0.000256128842011,0.000134286136017,0.0000951029433054,0.0000909472801141,0.000130677697598,0.0000431179178122,0.0000197815625143],"median":[0.0000383548103855,0.00363654177636,0.00101446278859,0.000810622354038,0.000616435776465,0.000632476177998,0.000366139574908,0.000427255552495,0.000536778825335,0.000368097767932,0.000200540438527,0.00037930108374,0.000279997562757,0.000493087864015,0.000642885221168,0.000856121128891,0.000786975666415,0.000599397404585,0.000752596883103,0.000283258326817,0.000173891050508,0.0000733889610274,0.0000411290529883,0.0000314468961733,0.0000463862088509,0.0000146643451444,0.00000617036994299],"min":[4.55653848857e-25,6.69548769864e-24,2.75559329942e-24,4.70608225873e-23,1.2264388939e-22,9.1151943587e-23,7.16319843841e-23,2.31991622887e-23,6.42013942843e-23,5.7496183875e-23,4.70231907667e-23,9.93079323098e-23,1.19939573233e-22,1.93481705413e-22,2.40511497368e-22,1.83173956576e-22,1.45999675279e-22,1.46013496122e-22,2.42302299975e-22,3.55995306529e-22,3.3269364281e-22,5.21291302099e-22,5.21153977193e-22,7.82540425431e-22,1.30335735076e-21,1.9263949984e-21,2.79584361129e-21],"var":[4.65735439548e-7,0.000162742479006,0.00000520982848684,0.0000127102039187,0.0000151998829097,0.0000025160234145,9.63623847383e-7,0.00000106921481802,0.00000223158372137,0.00000108776498564,5.1992662975e-7,0.00000263687911684,0.00000473824684377,0.00000173337002707,0.00000218497871174,0.00000252848485616,0.00000162457592978,0.0000015147367094,7.88700560861e-7,8.86869813144e-8,7.12363785738e-8,2.63561474867e-8,1.95087235255e-8,3.76766848831e-8,8.74890631053e-8,7.80555442503e-9,1.30764377104e-9]},"barkbands_crest":{"dmean":2.51566696167,"dmean2":4.08112573624,"dvar":7.59961891174,"dvar2":16.0215301514,"max":24.8686084747,"mean":8.18952560425,"median":7.06425189972,"min":2.29880571365,"var":16.5269203186},"barkbands_flatness_db":{"dmean":0.0171899888664,"dmean2":0.0265826582909,"dvar":0.000290978932753,"dvar2":0.000682788493577,"max":0.33185082674,"mean":0.103870354593,"median":0.0926678553224,"min":0.0193149466068,"var":0.00206411047839},"barkbands_kurtosis":{"dmean":1.19115817547,"dmean2":1.87771499157,"dvar":5.65468740463,"dvar2":12.3112773895,"max":53.5168914795,"mean":0.243975833058,"median":-0.756252765656,"min":-1.85517215729,"var":9.76522827148},"barkbands_skewness":{"dmean":0.457691699266,"dmean2":0.696373522282,"dvar":0.240927040577,"dvar2":0.50061237812,"max":6.95296907425,"mean":0.503597140312,"median":0.388640403748,"min":-3.39008617401,"var":0.963375031948},"barkbands_spread":{"dmean":5.66290378571,"dmean2":8.97376441956,"dvar":37.050327301,"dvar2":84.1954040527,"max":96.1792068481,"mean":32.4063796997,"median":33.0371627808,"min":1.77961742878,"var":149.08531189},"dissonance":{"dmean":0.00955265015364,"dmean2":0.0161461066455,"dvar":0.000086560517957,"dvar2":0.000230059609748,"max":0.500000119209,"mean":0.483861982822,"median":0.487429440022,"min":0.315396100283,"var":0.000207031524042},"dynamic_complexity":3.28645968437,"erbbands":{"dmean":[0.16821976006,0.894592344761,1.23995614052,2.74588704109,6.53623247147,3.65414261818,5.65653514862,5.32944917679,6.79381513596,5.44218158722,9.63056945801,11.4267692566,13.6228113174,9.89734649658,10.6233682632,22.2079257965,23.1149482727,26.2252998352,27.8464126587,33.863571167,34.3201293945,28.8991336823,26.5858459473,24.2613430023,16.1181640625,6.81740665436,4.89431715012,3.00713276863,2.18690228462,1.60014891624,1.06049025059,0.847568154335,0.865383148193,0.850656449795,0.427000492811,0.131027773023,0.0372998416424,0.0108122862875,0.0019522315124,0.000147304061102],"dmean2":[0.245679423213,1.45750939846,2.19589138031,4.59082460403,11.4169807434,6.00316429138,9.04905223846,8.90043735504,11.0535011292,8.90907478333,15.1585388184,18.1024723053,21.3812637329,15.9123792648,16.9988861084,36.1852684021,37.0476493835,42.3017234802,44.5286445618,54.3446273804,55.8642044067,47.7184524536,42.4702262878,39.7565231323,26.5652618408,11.2203073502,8.09998893738,4.89033794403,3.47481369972,2.43281722069,1.59665513039,1.25303840637,1.26389908791,1.23413729668,0.621300756931,0.18863491714,0.0549126118422,0.0163020323962,0.00298204040155,0.000229197947192],"dvar":[0.212899819016,4.24476051331,7.66024208069,24.7725925446,361.994659424,85.2680740356,100.935401917,151.330688477,181.582946777,108.339736938,300.710601807,578.395812988,673.429504395,340.720428467,517.445068359,2148.11816406,3608.05664062,2089.20239258,2230.51391602,2916.32080078,2718.29296875,1870.96801758,1909.64550781,1215.19116211,740.249084473,81.3022613525,42.5063018799,23.5536632538,13.7969865799,8.58565235138,5.15077829361,5.29386806488,7.02023887634,6.40155410767,1.50718224049,0.122586064041,0.00966166332364,0.000815613369923,0.0000229425295402,1.52422359179e-7],"dvar2":[0.427194267511,9.9337720871,22.2735233307,66.2468338013,987.837646484,210.460708618,251.125808716,386.840698242,467.814300537,290.474395752,713.539306641,1390.24194336,1621.78930664,846.948974609,1229.73547363,5461.48681641,9533.88574219,5370.93115234,5228.05175781,7117.37597656,6778.38134766,4996.35546875,4690.56884766,3068.30883789,1975.66552734,215.257888794,114.50504303,59.9637451172,34.0167312622,18.7231197357,11.1742315292,11.0747642517,14.7420635223,12.9557504654,3.13844871521,0.257734596729,0.0199226215482,0.0018608730752,0.0000575476442464,4.02204108241e-7],"max":[4.0404715538,21.2298221588,31.9311275482,55.1068267822,196.893325806,190.225067139,217.435653687,304.5,307.613220215,350.411315918,460.726470947,724.762023926,523.903625488,447.341308594,824.478942871,1196.96801758,1266.11950684,920.236938477,1187.41601562,1228.94555664,1908.52441406,884.577087402,1166.99328613,1008.31311035,968.146728516,184.080551147,100.529937744,131.849365234,73.0536270142,54.2159347534,41.7932739258,58.8568611145,56.8959541321,54.8176651001,27.39894104,12.678188324,2.89208102226,0.57638335228,0.100784495473,0.0109729245305],"mean":[0.207119867206,1.51756322384,2.29755687714,4.50243759155,6.69955396652,4.64215326309,9.59357261658,8.1077709198,10.9766492844,9.89350318909,17.3722705841,21.3366699219,24.6791248322,18.1516475677,20.4286346436,40.7241020203,47.0340881348,50.5812492371,56.1522941589,66.1316299438,71.308303833,60.0060424805,56.4105987549,54.5276069641,36.8589401245,17.529964447,12.7356472015,8.06649112701,5.16185998917,3.7859287262,2.34752607346,1.72729432583,1.67440140247,1.62825644016,0.807248175144,0.242852494121,0.068655833602,0.0185072887689,0.0031569020357,0.000245754345087],"median":[0.0573060028255,0.942826211452,1.45106339455,2.63304185867,1.49085974693,1.74731016159,4.53527736664,4.23361587524,5.75847434998,6.01370191574,10.3115606308,11.7788848877,14.1057052612,9.65546894073,11.0500011444,18.8860015869,15.6829271317,27.1764431,32.2449684143,43.5271339417,49.9256248474,43.5501937866,37.1506195068,39.7585639954,28.8288002014,14.4074554443,9.37946033478,5.13433837891,2.82028722763,1.8648968935,0.987975299358,0.627372324467,0.559040606022,0.557760119438,0.287144243717,0.0826241821051,0.0234361924231,0.00613702321425,0.00101052608807,0.000103041762486],"min":[1.55306795078e-22,1.80210061005e-21,3.94489744658e-21,7.55827819044e-20,2.14829248235e-19,4.32722218363e-19,4.65665823631e-19,1.11520283389e-18,1.01514044955e-18,8.7533844743e-19,5.85648578277e-19,1.59271238463e-18,1.88904622016e-18,1.66878301569e-18,2.50168844186e-18,4.58094691183e-18,5.89368626627e-18,7.38955927242e-18,1.43058223419e-17,9.34204962518e-18,9.67490296777e-18,8.60502590913e-18,6.68391754804e-18,8.60181231245e-18,1.77805615955e-17,1.64684000267e-17,1.20251778597e-17,1.52064334318e-17,2.19298500949e-17,1.48535250953e-17,1.60887472866e-17,1.60972970254e-17,1.14011958189e-17,1.3832530275e-17,9.81270546755e-18,5.86245523506e-18,3.65607296022e-18,1.65381373494e-18,3.71626580772e-19,4.21200852588e-20],"var":[0.280633985996,5.54393434525,8.09550571442,34.4674339294,314.652038574,93.4814376831,227.272964478,183.954727173,265.880340576,187.6769104,696.526184082,1224.6875,1248.09277344,740.53717041,1257.41162109,5214.37548828,9866.40136719,4702.27148438,5934.83984375,5507.76660156,5775.48730469,3569.56884766,4334.734375,2825.29077148,1421.80480957,202.423629761,128.018707275,101.500312805,38.1124076843,25.5157051086,13.3539943695,11.7569580078,15.0067329407,14.457028389,3.30274581909,0.25953990221,0.021127294749,0.0013912882423,0.0000318069432979,1.68805101453e-7]},"erbbands_crest":{"dmean":2.39156794548,"dmean2":3.96720957756,"dvar":5.27876567841,"dvar2":13.752612114,"max":31.7872848511,"mean":8.15080165863,"median":7.3216714859,"min":2.3043384552,"var":12.931895256},"erbbands_flatness_db":{"dmean":0.0156540796161,"dmean2":0.0228984989226,"dvar":0.000235800951486,"dvar2":0.000454857043223,"max":0.410946786404,"mean":0.165168017149,"median":0.153542995453,"min":0.0400824137032,"var":0.00377761526033},"erbbands_kurtosis":{"dmean":0.880138576031,"dmean2":1.39796352386,"dvar":1.25195348263,"dvar2":3.18479061127,"max":28.4443264008,"mean":0.765378713608,"median":0.290574789047,"min":-1.63473176956,"var":3.34972190857},"erbbands_skewness":{"dmean":0.304564535618,"dmean2":0.474039852619,"dvar":0.0701490342617,"dvar2":0.168312489986,"max":2.56971693039,"mean":-0.469284623861,"median":-0.466079205275,"min":-3.01913976669,"var":0.362087309361},"erbbands_spread":{"dmean":5.92037057877,"dmean2":9.08919906616,"dvar":43.9035491943,"dvar2":92.0487518311,"max":110.343109131,"mean":29.5358200073,"median":26.4160480499,"min":2.90804409981,"var":238.335754395},"gfcc":{"cov":[[18136.3144531,-626.680908203,2209.02832031,1764.39489746,54.1641044617,-149.600814819,-270.106933594,278.754455566,-434.914978027,104.308143616,83.712852478,74.4423294067,-425.287750244],[-626.680908203,1302.05224609,-765.312011719,90.2509307861,10.5167589188,-366.317077637,129.770141602,-229.627288818,24.0741710663,-93.5216674805,21.0283622742,-63.1284408569,128.384613037],[2209.02832031,-765.312011719,1406.78051758,127.29573822,22.2159843445,347.548339844,-98.4355010986,268.878845215,-95.2892990112,87.661277771,-10.9700622559,93.3943862915,-151.506164551],[1764.39489746,90.2509307861,127.29573822,432.538452148,16.6411838531,-43.202747345,6.15019226074,-2.00977301598,-5.33369350433,1.61013996601,20.7573127747,-11.3965959549,-32.1726913452],[54.1641044617,10.5167589188,22.2159843445,16.6411838531,210.368164062,83.2739868164,99.8992843628,69.6666488647,14.142001152,55.4808387756,22.2852020264,24.2029285431,10.6576509476],[-149.600814819,-366.317077637,347.548339844,-43.202747345,83.2739868164,395.652740479,78.3473739624,127.376205444,-2.86743140221,78.0688934326,32.8398475647,55.9679031372,-30.423833847],[-270.106933594,129.770141602,-98.4355010986,6.15019226074,99.8992843628,78.3473739624,187.94694519,37.9629974365,21.4662857056,33.8091163635,26.9131336212,1.90222454071,17.3132953644],[278.754455566,-229.627288818,268.878845215,-2.00977301598,69.6666488647,127.376205444,37.9629974365,225.129669189,41.7584114075,62.162525177,21.3856086731,36.4779396057,-24.0080471039],[-434.914978027,24.0741710663,-95.2892990112,-5.33369350433,14.142001152,-2.86743140221,21.4662857056,41.7584114075,101.674957275,33.8961715698,15.6238765717,-3.26287794113,18.2268867493],[104.308143616,-93.5216674805,87.661277771,1.61013996601,55.4808387756,78.0688934326,33.8091163635,62.162525177,33.8961715698,94.9568023682,38.8876419067,17.7074775696,-13.9198007584],[83.712852478,21.0283622742,-10.9700622559,20.7573127747,22.2852020264,32.8398475647,26.9131336212,21.3856086731,15.6238765717,38.8876419067,75.1722106934,33.452671051,9.91481494904],[74.4423294067,-63.1284408569,93.3943862915,-11.3965959549,24.2029285431,55.9679031372,1.90222454071,36.4779396057,-3.26287794113,17.7074775696,33.452671051,74.6329956055,16.0697498322],[-425.287750244,128.384613037,-151.506164551,-32.1726913452,10.6576509476,-30.423833847,17.3132953644,-24.0080471039,18.2268867493,-13.9198007584,9.91481494904,16.0697498322,78.9984588623]],"icov":[[0.000150243329699,0.0000247138832492,-0.000112321358756,-0.000532220001332,-0.0000231657031691,0.000265326234512,0.0000712317414582,-0.000186133605894,0.000648054759949,-0.000280111533357,-0.000109762040665,-0.000070811380283,0.000198936613742],[0.0000247138832492,0.00183772027958,0.000112836743938,-0.00038071378367,-0.000234956052736,0.001398975146,-0.00166712561622,0.000911700539291,-0.0000294362052955,0.00082343397662,-0.00110615615267,0.000555354054086,-0.00140152429231],[-0.000112321358756,0.000112836743938,0.00212345947511,-0.000347340741428,0.000422379176598,-0.00118485232815,0.00112907111179,-0.00166688999161,0.00157883716747,-0.00104763777927,0.00176259106956,-0.00175258272793,0.00146203453187],[-0.000532220001332,-0.00038071378367,-0.000347340741428,0.00475628394634,-0.000516680884175,-0.000316759658745,-0.000513344246428,0.0011679144809,-0.00303540052846,0.0019672519993,-0.00149776169565,0.00119616894517,0.00043119158363],[-0.0000231657031691,-0.000234956052736,0.000422379176598,-0.000516680884175,0.0079117519781,-0.000373255694285,-0.0030134615954,-0.00165787700098,0.00170435884502,-0.0042024506256,0.00252673099749,-0.0019742466975,-0.00124701368622],[0.000265326234512,0.001398975146,-0.00118485232815,-0.000316759658745,-0.000373255694285,0.00612229900435,-0.00327322073281,0.00013750042126,0.00114208646119,-0.00125896686222,-0.00125357368961,-0.00115319341421,-0.000172635205672],[0.0000712317414582,-0.00166712561622,0.00112907111179,-0.000513344246428,-0.0030134615954,-0.00327322073281,0.0107083469629,-0.00228242599405,0.00116898992565,-0.00100403663237,-0.000768052763306,0.00184313999489,0.00042944168672],[-0.000186133605894,0.000911700539291,-0.00166688999161,0.0011679144809,-0.00165787700098,0.00013750042126,-0.00228242599405,0.00963326916099,-0.00595886912197,0.000678733573295,-0.000748878344893,-0.00114980957005,0.000321885279845],[0.000648054759949,-0.0000294362052955,0.00157883716747,-0.00303540052846,0.00170435884502,0.00114208646119,0.00116898992565,-0.00595886912197,0.0191883742809,-0.00843165908009,0.000710159365553,0.00149445736315,-0.00283486838453],[-0.000280111533357,0.00082343397662,-0.00104763777927,0.0019672519993,-0.0042024506256,-0.00125896686222,-0.00100403663237,0.000678733573295,-0.00843165908009,0.0233133155853,-0.0106114130467,0.00273771258071,0.00328238424845],[-0.000109762040665,-0.00110615615267,0.00176259106956,-0.00149776169565,0.00252673099749,-0.00125357368961,-0.000768052763306,-0.000748878344893,0.000710159365553,-0.0106114130467,0.0251284334809,-0.0115228574723,0.00025080452906],[-0.000070811380283,0.000555354054086,-0.00175258272793,0.00119616894517,-0.0019742466975,-0.00115319341421,0.00184313999489,-0.00114980957005,0.00149445736315,0.00273771258071,-0.0115228574723,0.0247547384351,-0.00854070857167],[0.000198936613742,-0.00140152429231,0.00146203453187,0.00043119158363,-0.00124701368622,-0.000172635205672,0.00042944168672,0.000321885279845,-0.00283486838453,0.00328238424845,0.00025080452906,-0.00854070857167,0.022030448541]],"mean":[7.15979623795,77.1363067627,-139.426498413,31.2840518951,-32.8152313232,4.32289648056,-30.0709896088,12.4854307175,-18.3347396851,3.75371551514,-15.1450939178,-3.26124310493,-8.60015010834]},"hfc":{"dmean":5.92476511002,"dmean2":9.09230232239,"dvar":46.0832138062,"dvar2":105.328681946,"max":156.008804321,"mean":29.1709403992,"median":28.4647846222,"min":1.2473133219e-16,"var":289.27911377},"melbands":{"dmean":[0.00132473162375,0.00079374294728,0.000621578306891,0.000360150821507,0.000179236682015,0.00012162746134,0.0000985933511402,0.0000622847364866,0.0000838788982946,0.0000757387242629,0.0000689214575686,0.0000424195386586,0.000032467640267,0.000049891830713,0.0000586516762269,0.0000530391807843,0.000053588701121,0.0000456291490991,0.000044122843974,0.0000612565709162,0.0000413448324252,0.000033891385101,0.0000317832746077,0.0000254454735114,0.0000218006371142,0.000014991772332,0.00000815140174382,0.00000463660853711,0.00000352648589796,0.00000292634331345,0.00000166533050105,0.00000143772172123,0.00000104732555428,9.68446556726e-7,6.75381045312e-7,5.67407084873e-7,5.47137631202e-7,5.79098923481e-7,7.60487750995e-7,7.68976008203e-7],"dmean2":[0.00197133561596,0.00135459774174,0.00105982692912,0.00061814871151,0.000284796027699,0.000201955845114,0.000159365255968,0.00010189103341,0.00013239456166,0.000119599506434,0.000108110551082,0.0000682582394802,0.0000523824055563,0.0000809658886283,0.0000944500934565,0.0000853776436998,0.0000862027372932,0.0000726184225641,0.0000709601736162,0.0000991498163785,0.0000679293880239,0.0000564359907003,0.0000523391681782,0.0000411488654208,0.0000359387668141,0.0000247282077908,0.0000135216250783,0.00000769376492826,0.00000586061923968,0.00000487738907395,0.00000270197688224,0.00000233702121477,0.00000163329207226,0.00000150453035985,0.00000104560126601,8.4819237145e-7,8.32540479223e-7,8.69621601396e-7,0.00000113674491331,0.00000112969314614],"dvar":[0.000011418496797,0.00000292830145554,0.00000192423885892,0.00000107297717022,1.04105943421e-7,6.90766128741e-8,3.56889700015e-8,1.4063593845e-8,2.36010073706e-8,2.28619185805e-8,1.69384737347e-8,6.71430777643e-9,4.64111282739e-9,1.04626174391e-8,1.59448436676e-8,2.24101732726e-8,9.55085788235e-9,5.94907945128e-9,5.38107292058e-9,8.85474893408e-9,4.444349333e-9,2.76854428272e-9,2.95738034062e-9,2.2185591142e-9,1.0288226937e-9,5.515894963e-10,1.8186559203e-10,3.70834959962e-11,2.31429042596e-11,2.04225750894e-11,6.98664043286e-12,6.2090948702e-12,3.36764448793e-12,3.2382072284e-12,1.97869346776e-12,1.95727527068e-12,2.3823876899e-12,3.24908155935e-12,5.45675397229e-12,5.20619485023e-12],"dvar2":[0.0000221849750233,0.00000801671012596,0.0000052102814152,0.00000285445025838,2.56878166738e-7,1.76867231971e-7,9.11344741894e-8,3.78293272263e-8,5.53741514864e-8,5.55903447719e-8,4.08102387439e-8,1.66143614422e-8,1.09987317032e-8,2.56853613934e-8,4.06087750093e-8,5.95701905581e-8,2.43000286559e-8,1.39738816074e-8,1.31918147517e-8,2.1392725813e-8,1.14666631745e-8,7.67892149867e-9,7.4248132087e-9,5.40626743373e-9,2.61990806827e-9,1.46555156899e-9,4.7565285044e-10,9.86130274661e-11,6.26724158681e-11,5.51374085278e-11,1.75174857259e-11,1.60563558976e-11,7.61703720931e-12,7.35057934659e-12,4.55867765412e-12,4.17689841048e-12,5.18797678428e-12,7.0144701679e-12,1.17844033143e-11,1.0746317898e-11],"max":[0.0302873924375,0.0191401131451,0.0146792996675,0.0118389977142,0.00604794872925,0.00623498810455,0.00406587077305,0.00385215925053,0.00393398851156,0.0041991607286,0.00257465220056,0.00196254067123,0.0022659630049,0.00358284171671,0.00295774894767,0.0037917336449,0.00192627066281,0.00194647058379,0.00159551377874,0.00158349552657,0.00218369299546,0.00109447620343,0.00115620915312,0.00108625157736,0.000912587915082,0.000854487880133,0.000512705126312,0.000113832647912,0.0000845710019348,0.000107259344077,0.0000519111381436,0.0000455707231595,0.0000316163132084,0.0000327110210492,0.00002613045217,0.0000310863943014,0.0000423344645242,0.0000395078241127,0.0000429264364357,0.0000569172480027],"mean":[0.0019208015874,0.00152629951481,0.000881019805092,0.000385024759453,0.000302393222228,0.000190712351468,0.000162509590155,0.00011142983567,0.000146050093463,0.000138825242175,0.000122150100651,0.0000725043937564,0.0000576295024075,0.000089187080448,0.000107358049718,0.000100744277006,0.0000936185242608,0.0000864157264004,0.0000788543547969,0.000106584870082,0.0000780924092396,0.0000625281390967,0.0000575775411562,0.0000477731846331,0.0000442254458903,0.000032292715332,0.0000165163673955,0.0000106073039206,0.00000820661989565,0.0000066656434683,0.00000394543849325,0.00000306968627228,0.00000224034261009,0.0000021028977244,0.00000138562540997,0.0000011005529359,0.00000103186243905,0.00000107138828298,0.00000135751167818,0.00000140543750149],"median":[0.000793715182226,0.00109610904474,0.000441063020844,0.0000910309172468,0.000149526269524,0.000102071986475,0.0000870528019732,0.0000667758285999,0.0000834243255667,0.0000747389349272,0.0000683064645273,0.0000347690220224,0.0000295361005556,0.0000443804019596,0.0000403718222515,0.0000284895686491,0.0000478311412735,0.0000458822942164,0.0000469856095151,0.000063335231971,0.0000520742214576,0.0000430137151852,0.0000362583596143,0.0000276014689007,0.0000313057389576,0.0000249880740739,0.0000121205275718,0.00000842296594783,0.00000616743454884,0.00000405935361414,0.00000235247944147,0.00000161656623732,0.00000114962460884,9.53091216616e-7,5.67183803923e-7,3.93197780113e-7,3.58090744612e-7,3.47302091086e-7,4.34100371649e-7,4.61848628674e-7],"min":[1.94657640643e-24,1.66730978522e-24,1.84338949516e-23,2.09976155852e-23,2.02930681336e-23,2.17653397514e-23,1.63725856291e-23,8.285953557e-24,5.15916806952e-24,1.00830954505e-23,9.55976512599e-24,6.83950687866e-24,6.727852295e-24,1.13278753605e-23,1.31082192499e-23,1.01046794737e-23,1.50955902175e-23,2.36788528279e-23,1.61232156529e-23,1.16930430178e-23,1.17065349059e-23,9.05744058965e-24,8.17917807804e-24,5.32170654815e-24,6.50228185788e-24,1.11674581288e-23,1.36343610746e-23,1.04428128678e-23,7.31360912726e-24,7.74793858673e-24,8.13659536638e-24,1.25208791738e-23,9.95701812292e-24,8.04934103937e-24,9.04289715e-24,9.54296712187e-24,9.98762592604e-24,6.88360104782e-24,1.03043993334e-23,1.24639092169e-23],"var":[0.0000164044977282,0.00000337307415066,0.00000207965376831,9.65848471424e-7,2.05939770126e-7,8.79516264263e-8,5.52403314202e-8,2.43239348663e-8,5.22506411471e-8,4.82130744217e-8,3.15706429888e-8,1.41400775533e-8,1.0550135876e-8,2.39660113976e-8,4.15642347207e-8,6.07971415434e-8,1.95185894114e-8,1.58566670905e-8,9.7159320589e-9,1.69128888672e-8,8.21615042668e-9,4.75443506787e-9,5.24251531075e-9,4.21618340241e-9,2.12791473331e-9,1.02276620506e-9,3.44853312573e-10,8.33588892357e-11,5.57309753901e-11,7.27170129666e-11,2.42563729519e-11,1.5280990015e-11,8.53668698231e-12,8.89330189352e-12,4.65405405187e-12,4.31793836797e-12,4.74246293278e-12,6.51464949694e-12,1.09715283733e-11,1.12448305875e-11]},"melbands_crest":{"dmean":3.44217228889,"dmean2":5.36440944672,"dvar":12.1539564133,"dvar2":26.4908218384,"max":33.5861854553,"mean":12.6560602188,"median":11.2875156403,"min":2.16628146172,"var":31.7402667999},"melbands_flatness_db":{"dmean":0.022546088323,"dmean2":0.0347068943083,"dvar":0.000559326668736,"dvar2":0.00124245905317,"max":0.384355962276,"mean":0.159834623337,"median":0.153538629413,"min":0.0086620664224,"var":0.0021059056744},"melbands_kurtosis":{"dmean":3.72012424469,"dmean2":5.79199647903,"dvar":56.8046875,"dvar2":123.735580444,"max":168.864395142,"mean":4.68471193314,"median":1.36840724945,"min":-1.81622564793,"var":104.782493591},"melbands_skewness":{"dmean":0.627745687962,"dmean2":0.966875374317,"dvar":0.556643545628,"dvar2":1.1642280817,"max":11.3246917725,"mean":1.64487802982,"median":1.41612493992,"min":-2.29845666885,"var":2.0456635952},"melbands_spread":{"dmean":9.3731212616,"dmean2":14.6861171722,"dvar":88.5760192871,"dvar2":197.927612305,"max":129.737808228,"mean":41.5164642334,"median":41.3012275696,"min":1.73048257828,"var":328.281066895},"mfcc":{"cov":[[11271.6162109,504.704162598,883.536193848,923.991149902,627.822753906,244.232879639,463.6222229,271.916320801,10.0308761597,26.0262126923,266.803497314,243.220611572,121.22403717],[504.704162598,1046.16235352,-502.470581055,275.962677002,-128.145492554,-5.23616743088,-2.39786171913,-63.77293396,7.63855695724,-34.4348602295,-28.9346866608,-56.4448356628,-15.8101186752],[883.536193848,-502.470581055,1023.21942139,-128.099365234,239.886672974,27.0859928131,96.2155151367,112.386634827,-39.9593696594,28.9260120392,55.6538200378,81.279083252,7.30248498917],[923.991149902,275.962677002,-128.099365234,392.662322998,12.246679306,-8.76399993896,-9.84886837006,0.69756937027,23.396987915,-3.66804242134,17.9948253632,10.8735895157,14.3375768661],[627.822753906,-128.145492554,239.886672974,12.246679306,197.369384766,24.9187755585,63.3561630249,58.0064582825,18.2085037231,25.7204914093,39.1103591919,45.0482749939,27.2111701965],[244.232879639,-5.23616743088,27.0859928131,-8.76399993896,24.9187755585,189.696884155,96.7778320312,26.4555263519,-1.46727466583,2.15353488922,29.1814041138,35.771030426,11.4570150375],[463.6222229,-2.39786171913,96.2155151367,-9.84886837006,63.3561630249,96.7778320312,200.605407715,80.2281112671,27.8404521942,29.5893726349,53.0233535767,59.9510383606,34.4243812561],[271.916320801,-63.77293396,112.386634827,0.69756937027,58.0064582825,26.4555263519,80.2281112671,111.311538696,34.0234909058,24.8682956696,32.2608757019,36.1645278931,23.6458816528],[10.0308761597,7.63855695724,-39.9593696594,23.396987915,18.2085037231,-1.46727466583,27.8404521942,34.0234909058,85.8135223389,44.1307601929,19.0127773285,17.0622463226,17.9731750488],[26.0262126923,-34.4348602295,28.9260120392,-3.66804242134,25.7204914093,2.15353488922,29.5893726349,24.8682956696,44.1307601929,97.3120651245,39.780128479,23.3913784027,16.6362056732],[266.803497314,-28.9346866608,55.6538200378,17.9948253632,39.1103591919,29.1814041138,53.0233535767,32.2608757019,19.0127773285,39.780128479,93.4577331543,53.0668640137,13.8263711929],[243.220611572,-56.4448356628,81.279083252,10.8735895157,45.0482749939,35.771030426,59.9510383606,36.1645278931,17.0622463226,23.3913784027,53.0668640137,94.494644165,40.2095680237],[121.22403717,-15.8101186752,7.30248498917,14.3375768661,27.2111701965,11.4570150375,34.4243812561,23.6458816528,17.9731750488,16.6362056732,13.8263711929,40.2095680237,75.4540634155]],"icov":[[0.000161956486409,-0.0000826656905701,-0.000114772374218,-0.00035775671131,-0.000328147347318,-0.0000396364739572,-0.000203437084565,-0.0000276839145954,0.000164889308508,0.0000926462744246,-0.00016483917716,0.0000329822396452,-0.0000196573946596],[-0.0000826656905701,0.00164732395206,0.00062168657314,-0.000831892888527,0.000521697744261,0.000178239220986,-0.000855052436236,0.000492938910611,0.000113039808639,0.0000905534689082,0.000158997368999,0.00057148974156,0.000215729203774],[-0.000114772374218,0.00062168657314,0.00204038154334,0.000410187145462,-0.00153477524873,0.000373884482542,-0.000131725420943,-0.00108469964471,0.00175448285881,-0.000564496964216,0.000454891385743,-0.000927367073018,0.00105336715933],[-0.00035775671131,-0.000831892888527,0.000410187145462,0.00427455408499,-0.00020667994977,0.000122501747683,0.00144381902646,-0.000352269446012,-0.00105591327883,0.000447105092462,-0.000521125621162,-0.000622397579718,-0.000363751227269],[-0.000328147347318,0.000521697744261,-0.00153477524873,-0.00020667994977,0.00920029357076,-0.0000801691276138,-0.000374630704755,-0.000814297702163,-0.00165844638832,-0.0000960973484325,-0.000716717389878,0.0000790437043179,-0.00154988456052],[-0.0000396364739572,0.000178239220986,0.000373884482542,0.000122501747683,-0.0000801691276138,0.00737500796095,-0.00382413016632,0.000731012551114,0.0010579462396,0.000614148855675,-0.000323179992847,-0.00123467459343,0.000796012638602],[-0.000203437084565,-0.000855052436236,-0.000131725420943,0.00144381902646,-0.000374630704755,-0.00382413016632,0.0108335232362,-0.00498971622437,-0.000711478292942,-0.000435584574006,-0.00141590682324,-0.00179445673712,-0.00129581615329],[-0.0000276839145954,0.000492938910611,-0.00108469964471,-0.000352269446012,-0.000814297702163,0.000731012551114,-0.00498971622437,0.0160923246294,-0.00509311910719,0.000958173011895,-0.000969804124907,0.000189069891348,-0.00118535524234],[0.000164889308508,0.000113039808639,0.00175448285881,-0.00105591327883,-0.00165844638832,0.0010579462396,-0.000711478292942,-0.00509311910719,0.019255105406,-0.00752626406029,0.00119778327644,-0.00105406867806,-0.00043718831148],[0.0000926462744246,0.0000905534689082,-0.000564496964216,0.000447105092462,-0.0000960973484325,0.000614148855675,-0.000435584574006,0.000958173011895,-0.00752626406029,0.0162621829659,-0.00624351901934,0.0015838596737,-0.00181305338629],[-0.00016483917716,0.000158997368999,0.000454891385743,-0.000521125621162,-0.000716717389878,-0.000323179992847,-0.00141590682324,-0.000969804124907,0.00119778327644,-0.00624351901934,0.0198987144977,-0.0097282640636,0.00423976965249],[0.0000329822396452,0.00057148974156,-0.000927367073018,-0.000622397579718,0.0000790437043179,-0.00123467459343,-0.00179445673712,0.000189069891348,-0.00105406867806,0.0015838596737,-0.0097282640636,0.0222973730415,-0.00900462642312],[-0.0000196573946596,0.000215729203774,0.00105336715933,-0.000363751227269,-0.00154988456052,0.000796012638602,-0.00129581615329,-0.00118535524234,-0.00043718831148,-0.00181305338629,0.00423976965249,-0.00900462642312,0.019223337993]],"mean":[-627.329711914,110.013275146,-35.2952957153,31.6799659729,10.9746322632,1.51208972931,2.89423394203,2.6183218956,6.67362070084,3.53547406197,4.32663869858,-1.76467204094,1.18738043308]},"pitch_salience":{"dmean":0.0711164176464,"dmean2":0.113600701094,"dvar":0.00456568738446,"dvar2":0.0104724364355,"max":0.845805943012,"mean":0.568514704704,"median":0.578622102737,"min":0.14462557435,"var":0.0121874930337},"silence_rate_20dB":{"dmean":0,"dmean2":0,"dvar":0,"dvar2":0,"max":1,"mean":1,"median":1,"min":1,"var":0},"silence_rate_30dB":{"dmean":0,"dmean2":0,"dvar":0,"dvar2":0,"max":1,"mean":1,"median":1,"min":1,"var":0},"silence_rate_60dB":{"dmean":0.0059695742093,"dmean2":0.011940298602,"dvar":0.00593269849196,"dvar2":0.0135328359902,"max":1,"mean":0.0660440921783,"median":0,"min":0,"var":0.0616831928492},"spectral_centroid":{"dmean":209.006134033,"dmean2":324.664123535,"dvar":45476.875,"dvar2":101531.257812,"max":10793.1777344,"mean":2036.94775391,"median":2101.41015625,"min":237.874420166,"var":205942.953125},"spectral_complexity":{"dmean":3.76795697212,"dmean2":5.83476161957,"dvar":12.2731275558,"dvar2":26.9581489563,"max":61,"mean":30.0625782013,"median":32,"min":0,"var":143.452713013},"spectral_contrast_coeffs":{"dmean":[0.0506956167519,0.0426233038306,0.0367223098874,0.0317926108837,0.0221856981516,0.0171517767012],"dmean2":[0.0841251537204,0.0706527456641,0.0591745637357,0.0517946407199,0.0357722528279,0.0267001278698],"dvar":[0.0021191528067,0.00121083750855,0.000820876390208,0.000636629702058,0.000341925770044,0.000240309425863],"dvar2":[0.00542013626546,0.003270780202,0.00217979820445,0.00160918408073,0.000823498761747,0.000534956925549],"max":[-0.339690417051,-0.425450891256,-0.499757707119,-0.418450146914,-0.513931155205,-0.57280009985],"mean":[-0.666770219803,-0.76281607151,-0.771653473377,-0.75581496954,-0.770040214062,-0.743155658245],"median":[-0.674817144871,-0.771259307861,-0.777837693691,-0.761524438858,-0.773224294186,-0.750287055969],"min":[-0.958031177521,-0.964904248714,-0.9704464674,-0.958523631096,-0.961740493774,-0.959183931351],"var":[0.00703398603946,0.00420562829822,0.00324492901564,0.00362656032667,0.00198429147713,0.00333398301154]},"spectral_contrast_valleys":{"dmean":[0.38759419322,0.325217187405,0.285015940666,0.234056487679,0.183505818248,0.243727684021],"dmean2":[0.642705380917,0.54102820158,0.461275309324,0.371016234159,0.282626748085,0.323101073503],"dvar":[0.108861275017,0.0811251923442,0.0657376348972,0.0522852018476,0.043929323554,0.107451878488],"dvar2":[0.276417225599,0.198738783598,0.146340161562,0.103228345513,0.0760750621557,0.185557126999],"max":[-5.45494604111,-4.90177202225,-5.48095655441,-5.38321208954,-5.56521320343,-7.6637635231],"mean":[-7.57678842545,-6.84035110474,-7.23533773422,-7.20187282562,-7.01236534119,-10.3042087555],"median":[-7.07180213928,-6.53455591202,-6.94867515564,-6.92290782928,-6.6631860733,-9.79138755798],"min":[-27.0383090973,-27.0529918671,-27.1037940979,-27.3224124908,-27.1809043884,-27.2713260651],"var":[2.76515030861,1.80630850792,1.39234662056,1.40024399757,1.84810137749,2.47033333778]},"spectral_decrease":{"dmean":1.98874117174e-9,"dmean2":3.06932324001e-9,"dvar":9.51957830106e-18,"dvar2":1.95118340739e-17,"max":5.77809858381e-29,"mean":-6.40919051165e-9,"median":-5.74662628594e-9,"min":-3.10397609837e-8,"var":1.95703157432e-17},"spectral_energy":{"dmean":0.00780019583181,"dmean2":0.0120003120974,"dvar":0.00013817792933,"dvar2":0.000283056549961,"max":0.120015650988,"mean":0.0268355812877,"median":0.0245114527643,"min":1.10954194582e-20,"var":0.00030724471435},"spectral_energyband_high":{"dmean":0.000297213351587,"dmean2":0.000438504823251,"dvar":2.50525971524e-7,"dvar2":4.97584437653e-7,"max":0.0102803362533,"mean":0.000947395572439,"median":0.000666917592753,"min":8.10625125737e-21,"var":9.42120720993e-7},"spectral_energyband_low":{"dmean":0.00507177133113,"dmean2":0.00769032677636,"dvar":0.000117194635095,"dvar2":0.000223810973694,"max":0.106294162571,"mean":0.00990455783904,"median":0.00644600810483,"min":2.55561493003e-23,"var":0.000196524852072},"spectral_energyband_middle_high":{"dmean":0.00222658016719,"dmean2":0.00353953242302,"dvar":0.00000614018381384,"dvar2":0.0000155876605277,"max":0.0423647835851,"mean":0.0095333866775,"median":0.00862747617066,"min":1.6338150967e-21,"var":0.0000418013551098},"spectral_energyband_middle_low":{"dmean":0.00346430484205,"dmean2":0.00559751549736,"dvar":0.0000516641084687,"dvar2":0.000130751621327,"max":0.0745327696204,"mean":0.00749748246744,"median":0.00530232256278,"min":4.32177888687e-22,"var":0.0000679275835864},"spectral_entropy":{"dmean":0.100463397801,"dmean2":0.150275632739,"dvar":0.0113888382912,"dvar2":0.0216520857066,"max":9.80665111542,"mean":7.72307157516,"median":7.77315616608,"min":5.5566649437,"var":0.115699082613},"spectral_flux":{"dmean":0.0235972218215,"dmean2":0.0374847501516,"dvar":0.000854619662277,"dvar2":0.00211886828765,"max":0.269189149141,"mean":0.0881877914071,"median":0.0835883393884,"min":1.05334796441e-10,"var":0.00207472732291},"spectral_kurtosis":{"dmean":1.64648234844,"dmean2":2.78094601631,"dvar":4.49823236465,"dvar2":13.6048297882,"max":40.7194137573,"mean":5.85444259644,"median":5.30474185944,"min":-1.18908417225,"var":13.5433521271},"spectral_rms":{"dmean":0.00065441778861,"dmean2":0.00100643339101,"dvar":7.12828523319e-7,"dvar2":0.00000143145518905,"max":0.0108207417652,"mean":0.00479081133381,"median":0.00489015458152,"min":3.29010625168e-12,"var":0.00000322929076901},"spectral_rolloff":{"dmean":491.699798584,"dmean2":809.813598633,"dvar":615035.6875,"dvar2":1314779,"max":18798.4863281,"mean":2277.24951172,"median":2282.51953125,"min":64.599609375,"var":1227332.25},"spectral_skewness":{"dmean":0.191138044,"dmean2":0.314606904984,"dvar":0.0412347428501,"dvar2":0.115710936487,"max":4.60716485977,"mean":1.49615514278,"median":1.47741615772,"min":0.0157735217363,"var":0.20605866611},"spectral_spread":{"dmean":418864.25,"dmean2":577135.8125,"dvar":410488176640,"dvar2":608323371008,"max":41006472,"mean":3779631.5,"median":3577253,"min":1241720.125,"var":2392876646400},"spectral_strongpeak":{"dmean":0.784832239151,"dmean2":1.38716995716,"dvar":2.03284215927,"dvar2":5.39643001556,"max":13.9892482758,"mean":1.03988754749,"median":0.386066794395,"min":0,"var":2.49615907669},"zerocrossingrate":{"dmean":0.00950164441019,"dmean2":0.0114948507398,"dvar":0.000115288596135,"dvar2":0.000151907443069,"max":0.50146484375,"mean":0.0786530971527,"median":0.0771484375,"min":0.0068359375,"var":0.000672207737807}},"metadata":{"audio_properties":{"analysis_sample_rate":44100,"bit_rate":0,"codec":"flac","downmix":"mix","equal_loudness":0,"length":241.160003662,"lossless":true,"md5_encoded":"422150ac423549e642f4c9459638a672","replay_gain":-16.563041687,"sample_rate":44100},"tags":{"album":["Last of Our Kind"],"albumartist":["The Darkness"],"albumartistsort":["Darkness, The"],"artist":["The Darkness"],"artistsort":["Darkness, The"],"catalognumber":["CND001CDJ"],"date":["2015-05-27"],"discnumber":["1"],"disctotal":["1"],"file_name":"02 Open Fire.flac","label":["Canary Dwarf Limited"],"media":["CD"],"musicbrainz_albumartistid":["81df2271-03a1-46a3-bb30-cce187235312"],"musicbrainz_albumid":["ec03da71-993b-4d1b-91af-1d390646f72f"],"musicbrainz_artistid":["81df2271-03a1-46a3-bb30-cce187235312"],"musicbrainz_recordingid":["a8b60c01-be5a-4c69-8909-02e154687b5f"],"musicbrainz_releasegroupid":["40cc636e-fb0c-40f5-8bef-07de71d54cee"],"musicbrainz_releasetrackid":["6895bd7d-37ca-4f80-bcd1-24cd2c3a41cc"],"originaldate":["2015-05-27"],"originalyear":["2015"],"releasecountry":["JP"],"releasestatus":["official"],"releasetype":["album"],"title":["Open Fire"],"totaldiscs":["1"],"totaltracks":["12"],"tracknumber":["2"],"tracktotal":["12"]},"version":{"essentia":"2.1-beta2","essentia_build_sha":"70f2e5ece6736b2c40cc944ad0e695b16b925413","essentia_git_sha":"v2.1_beta2","extractor":"music 1.0"}},"rhythm":{"beats_count":594,"beats_loudness":{"dmean":0.0180418659002,"dmean2":0.0323841311038,"dvar":0.000245340343099,"dvar2":0.000777495966759,"max":0.0968126580119,"mean":0.0398987717927,"median":0.0392898619175,"min":1.07012789741e-8,"var":0.000455424597021},"beats_loudness_band_ratio":{"dmean":[0.21065941453,0.119482673705,0.0701022520661,0.0692820847034,0.105696879327,0.0501014515758],"dmean2":[0.38035801053,0.228555366397,0.124697297812,0.120594285429,0.183922320604,0.0912607163191],"dvar":[0.0251761488616,0.0086418800056,0.00578562216833,0.0049154353328,0.0106137460098,0.00134898698889],"dvar2":[0.0810053572059,0.0265981443226,0.014347817