{"lowlevel":{"average_loudness":0.79405528307,"barkbands":{"dmean":[0.000131466644234,0.00318412110209,0.000966644263826,0.000666030857246,0.000685952662025,0.000930684793275,0.000511291727889,0.000437377515482,0.000481095805299,0.000491668120958,0.000380284909625,0.000311190960929,0.000411073997384,0.000386530649848,0.000353554263711,0.000369777349988,0.000362567778211,0.000323269399814,0.000240840294282,0.000136365473736,0.0000836075923871,0.0000633253002889,0.0000639296486042,0.0000586235910305,0.0000206012518902,0.0000143481875057,0.00000278940387943],"dmean2":[0.000211816441151,0.00512493727729,0.00162197335158,0.0011644156184,0.00111272151116,0.00143701385241,0.000782048329711,0.000668659398798,0.000758918002248,0.000730625528377,0.000570762553252,0.000455744855572,0.000635327014606,0.000600483850576,0.000549825082999,0.000569141295273,0.000578757550102,0.000485390424728,0.000363570317859,0.000200991184101,0.000114547859994,0.0000877026395756,0.0000893211690709,0.0000835368482512,0.0000273365549219,0.0000186684574146,0.00000378723893846],"dvar":[6.17982038875e-8,0.0000480479538965,0.00000284436350739,0.00000215700242734,0.00000143441445744,0.00000428280100095,0.00000188971580428,0.00000165507537986,0.00000325581754623,0.00000287835541712,0.00000113382941436,8.80111088009e-7,0.00000184105022072,0.00000158418276897,9.84635562418e-7,9.36938022278e-7,5.4574115893e-7,4.95374308684e-7,2.09320504041e-7,5.53701440253e-8,2.6430306832e-8,1.84546866677e-8,3.44331816393e-8,4.8205389902e-8,2.17951678927e-9,8.24918577891e-10,3.06367951841e-11],"dvar2":[1.57186832439e-7,0.000114537760965,0.0000077254289863,0.00000612560734226,0.00000371463056581,0.00000954272945819,0.00000421428103436,0.00000371349392481,0.00000794543211668,0.00000618624335402,0.00000238845859712,0.00000181883308414,0.00000435151923739,0.00000358104330189,0.00000204080106414,0.00000200229078473,0.00000131424224037,0.00000105682534013,4.75824151636e-7,1.26400550471e-7,5.37673869871e-8,3.96650072787e-8,7.4542214179e-8,1.10815442156e-7,4.48120607288e-9,1.56810309182e-9,5.84407661153e-11],"max":[0.00347586767748,0.0825780034065,0.0271713268012,0.0219101905823,0.0315701328218,0.0602697730064,0.0605806969106,0.0495484545827,0.0597728230059,0.0559971518815,0.0357742905617,0.031159132719,0.0421451739967,0.0423386916518,0.0365757755935,0.0381696783006,0.0226142145693,0.018591536209,0.0105422409251,0.00478989677504,0.0041048405692,0.00370857678354,0.00626452406868,0.00792914815247,0.00150129105896,0.000484867661726,0.0000600775856583],"mean":[0.000193675223272,0.00450189644471,0.00157577660866,0.000852675992064,0.00133813393768,0.00169366004411,0.000914695730899,0.000896399840713,0.000738915870897,0.000869970070198,0.000643909035716,0.00052298605442,0.000660840421915,0.00063195527764,0.00056990183657,0.000619724276476,0.000682040874381,0.000601697363891,0.000489100173581,0.000287546135951,0.000174504864844,0.000132405490149,0.000117784737085,0.0000971783956629,0.000034198827052,0.0000228124263231,0.00000391872526961],"median":[0.0000811992358649,0.00248334207572,0.00109042809345,0.000482857925817,0.000840207678266,0.000629490241408,0.000279303087154,0.000243441929342,0.000149185070768,0.000154269073391,0.000156759837409,0.000114885391667,0.00013806494826,0.000126949846162,0.000218859320739,0.000235212006373,0.000286111986497,0.000201657487196,0.000224816874834,0.000108353873657,0.0000468140133307,0.0000353753675881,0.0000324677166645,0.0000210875678022,0.00000910214839678,0.00000532324565938,6.63929370148e-7],"min":[1.62128586507e-24,1.11154422184e-23,3.00098118465e-23,1.79476710664e-23,2.26833640081e-23,6.52579582932e-24,2.52277875262e-23,4.96213357124e-23,6.87340754497e-23,6.37575243411e-23,1.04682271263e-22,5.86743444815e-23,2.04634204372e-22,1.47904679701e-22,1.52523416125e-22,1.89269402749e-22,1.64609623474e-22,1.8184728186e-22,3.11589202836e-22,3.8357910919e-22,5.26634755571e-22,6.29823012632e-22,5.33686389513e-22,6.29558106829e-22,1.2356237592e-21,1.95635868713e-21,2.29179516775e-21],"var":[9.35248536393e-8,0.0000512599326612,0.00000340650944963,0.00000181497944141,0.00000301732484331,0.000010303045201,0.00000446388730779,0.0000073290570981,0.00000531671366844,0.00000704289095665,0.0000026014922696,0.00000235359721046,0.00000390521336158,0.00000337102551384,0.00000211296151065,0.0000019483907181,0.00000136250378091,0.00000135438415327,5.48001935385e-7,1.90223758523e-7,8.73517862487e-8,5.06819617385e-8,6.56909406871e-8,7.56403935043e-8,4.30842206356e-9,1.86188253704e-9,6.03381372644e-11]},"barkbands_crest":{"dmean":2.78604078293,"dmean2":4.49637937546,"dvar":7.35473060608,"dvar2":18.4397068024,"max":25.1905136108,"mean":9.38304805756,"median":8.4087305069,"min":2.02378439903,"var":17.6131954193},"barkbands_flatness_db":{"dmean":0.0217555351555,"dmean2":0.031731557101,"dvar":0.000541432586033,"dvar2":0.00110374658834,"max":0.411523610353,"mean":0.119090788066,"median":0.112624533474,"min":0.0178654678166,"var":0.00283426349051},"barkbands_kurtosis":{"dmean":2.30763173103,"dmean2":3.64550375938,"dvar":27.9164276123,"dvar2":66.2761993408,"max":145.315383911,"mean":2.49216961861,"median":0.0384132862091,"min":-1.87669885159,"var":56.5464782715},"barkbands_skewness":{"dmean":0.522949695587,"dmean2":0.794348359108,"dvar":0.348149657249,"dvar2":0.787109792233,"max":10.7219934464,"mean":1.14879202843,"median":0.936952531338,"min":-1.97114348412,"var":1.41088092327},"barkbands_spread":{"dmean":6.32881736755,"dmean2":9.48196029663,"dvar":51.505859375,"dvar2":100.746826172,"max":107.27053833,"mean":28.7809371948,"median":26.8072338104,"min":0.953267514706,"var":238.93006897},"dissonance":{"dmean":0.0140819298103,"dmean2":0.0234467368573,"dvar":0.000201748742256,"dvar2":0.000528942618985,"max":0.500000119209,"mean":0.473552554846,"median":0.479232788086,"min":0.299214094877,"var":0.000474690983538},"dynamic_complexity":4.66120004654,"erbbands":{"dmean":[0.111231468618,0.669324874878,1.11098480225,1.66090834141,2.19890642166,2.45375585556,3.81133770943,9.51330947876,7.82509040833,8.39900398254,7.71301317215,11.6713943481,14.4749565125,13.6313323975,14.4424314499,13.6136417389,18.3033638,19.7456321716,18.9285621643,16.0341300964,18.4801445007,17.1364803314,17.9963436127,13.5337677002,10.4564876556,6.09755992889,4.44372940063,2.63794612885,2.17552137375,2.17447161674,1.78957927227,1.68858885765,0.682803988457,0.266866207123,0.137709081173,0.0733434185386,0.0249594151974,0.0043369429186,0.000464878685307,0.0000290276566375],"dmean2":[0.182099491358,1.08513665199,1.84496021271,2.87090182304,3.70394086838,3.93254375458,5.94665670395,14.7846307755,12.0377902985,12.964471817,11.7233390808,18.0615386963,21.8349990845,20.2476806641,21.7563591003,19.7627487183,28.1427955627,30.2939014435,29.4105854034,24.4668178558,28.030954361,26.7007732391,26.7321567535,20.381061554,15.7732534409,8.91397666931,6.20589542389,3.63875341415,3.0123090744,3.06165957451,2.52676749229,2.45727562904,0.97381323576,0.365051567554,0.183756023645,0.0970557630062,0.0330446995795,0.0058429511264,0.000628345354926,0.0000388311527786],"dvar":[0.0573985949159,2.27732157707,4.23425388336,10.7934408188,20.1292858124,24.8808555603,56.1604576111,536.288330078,499.821228027,554.299255371,481.514160156,1613.3996582,3064.48608398,1565.50622559,1663.9510498,1564.71948242,3631.08081055,3441.50634766,3074.4621582,1797.27160645,2218.13183594,1246.08251953,1589.03942871,803.580078125,383.578948975,114.105751038,76.4434280396,28.4458713531,20.5218067169,30.828414917,28.5914402008,53.2296524048,6.51322460175,0.467495650053,0.0837112590671,0.0228087585419,0.00260784081183,0.0000714480920578,8.43746533974e-7,2.6481217219e-9],"dvar2":[0.140046656132,5.58127307892,11.255812645,30.6334629059,55.5297088623,62.8098526001,131.683929443,1202.4486084,1141.01513672,1274.88586426,1083.45715332,3838.59033203,6815.31445312,3217.61181641,3471.77832031,3205.05810547,8481.55566406,7456.31640625,6655.79492188,3438.20825195,4731.60791016,2984.29174805,3271.78076172,1792.26025391,897.065307617,253.756408691,156.875686646,61.2573623657,43.3523788452,67.1708450317,63.534034729,129.527328491,15.4674825668,0.988276898861,0.172406986356,0.045616555959,0.00505012460053,0.000136268485221,0.00000159247747433,4.88121409958e-9],"max":[3.21001648903,19.4336853027,30.2540054321,47.6576576233,63.8149414062,158.863922119,261.953887939,756.805725098,1058.79736328,1000.62036133,983.057312012,1096.35412598,1892.20397949,1449.51574707,1311.87145996,1421.05627441,1831.3112793,1766.74060059,2323.07836914,1949.28076172,1525.28125,1515.01477051,993.325378418,660.82611084,544.012878418,222.601074219,235.373031616,137.0599823,111.063583374,157.832427979,160.687957764,330.755126953,114.936553955,24.3882637024,7.64135456085,3.0184943676,1.0333429575,0.136453479528,0.0114382300526,0.000636941578705],"mean":[0.152982026339,0.915783584118,1.80696904659,2.52179598808,3.5331299305,4.54468011856,6.97349691391,16.504573822,14.8209981918,17.6220493317,15.4665746689,19.4058437347,24.8982505798,25.2873382568,26.3672885895,24.7853889465,31.0287628174,34.5836181641,31.5875110626,30.0728816986,35.7293777466,34.7562904358,34.6366500854,27.9293174744,22.2626457214,13.4169597626,9.40577125549,5.47228527069,4.57208204269,4.27098751068,3.22882938385,2.70191550255,1.13351690769,0.453848958015,0.220529422164,0.116528071463,0.0387725830078,0.00643283640966,0.000663684972096,0.0000575224948989],"median":[0.0808558911085,0.4968752563,1.13944101334,1.7979849577,2.25985598564,2.45335364342,3.1627972126,5.49951076508,4.97899055481,4.90952396393,5.2893986702,4.73818397522,4.92613124847,6.21623373032,7.4203004837,6.34234809875,7.73900413513,8.44789028168,12.0523338318,13.4021196365,14.9555997849,15.1986207962,13.0056991577,11.7741422653,10.1635360718,5.37506151199,2.75880002975,1.4051669836,1.16034030914,1.20307695866,0.886629164219,0.594487428665,0.261801868677,0.117555454373,0.0563260652125,0.0287728458643,0.00854799058288,0.00134512758814,0.000125346137793,0.0000321878651448],"min":[1.62394312725e-22,3.78066534038e-21,3.14756860296e-20,4.49415110865e-20,9.68030277696e-20,4.02355868777e-20,4.28206006089e-20,7.31359881148e-20,2.98095885333e-19,6.16290346696e-19,1.33266851354e-18,1.48383421952e-18,2.35776315118e-18,1.80123624185e-18,4.68712795116e-18,3.66446553471e-18,7.12554059168e-18,6.08465579993e-18,1.03602005986e-17,9.12550449416e-18,1.00060895414e-17,9.76381164873e-18,9.57829985275e-18,1.5215855019e-17,1.22839762035e-17,2.05747164933e-17,1.79850422972e-17,2.2985124107e-17,2.12297310419e-17,2.18385111573e-17,1.47394519257e-17,1.1559031806e-17,1.13456671844e-17,1.19007028939e-17,1.00087704338e-17,7.46893800554e-18,3.65816820871e-18,1.31459616811e-18,3.0562312551e-19,3.43682461588e-20],"var":[0.0612733326852,2.25507164001,4.97413635254,9.7958984375,23.4638156891,49.9379463196,154.408279419,1211.21044922,1210.55126953,2689.18432617,1483.88427734,3081.68725586,7090.99804688,3962.32788086,4159.21923828,4671.70898438,7765.57714844,8219.67773438,5894.17822266,5252.03271484,5361.05566406,3113.2590332,4158.18017578,2247.62792969,1053.0859375,395.937805176,251.355682373,87.5520324707,60.2885360718,66.631652832,51.4290275574,69.7888412476,9.83590698242,0.888115108013,0.169135406613,0.0481329411268,0.00562999723479,0.000150224470417,0.00000167017526564,5.56313706213e-9]},"erbbands_crest":{"dmean":2.63059830666,"dmean2":4.21569919586,"dvar":6.78356933594,"dvar2":16.0184307098,"max":31.0495433807,"mean":8.91176605225,"median":7.66176462173,"min":2.00437498093,"var":21.5592517853},"erbbands_flatness_db":{"dmean":0.0199274178594,"dmean2":0.0265888739377,"dvar":0.000401483557653,"dvar2":0.000670805980917,"max":0.357469499111,"mean":0.151799380779,"median":0.148626834154,"min":0.0236213002354,"var":0.00250211800449},"erbbands_kurtosis":{"dmean":0.842000603676,"dmean2":1.32179129124,"dvar":1.51584815979,"dvar2":3.57379102707,"max":33.726650238,"mean":0.279856681824,"median":-0.224498271942,"min":-1.81780719757,"var":3.72003793716},"erbbands_skewness":{"dmean":0.342134058475,"dmean2":0.51511400938,"dvar":0.103060789406,"dvar2":0.22341042757,"max":5.04091358185,"mean":-0.122305937111,"median":-0.15916621685,"min":-5.03648614883,"var":0.566507816315},"erbbands_spread":{"dmean":7.50855731964,"dmean2":11.2468261719,"dvar":66.0035476685,"dvar2":138.508926392,"max":148.108703613,"mean":36.9178276062,"median":34.6087875366,"min":2.75155329704,"var":295.169433594},"gfcc":{"cov":[[16608.2949219,-583.956054688,-1548.38439941,315.999542236,-775.902587891,146.202194214,-310.79876709,176.941848755,-208.181106567,15.6723299026,8.29339504242,142.899261475,-37.9905319214],[-583.956054688,1609.47705078,-303.443908691,-171.763442993,284.866455078,-153.433517456,133.304534912,-67.1865921021,115.342842102,-98.3294830322,107.185005188,-98.8120498657,63.6305427551],[-1548.38439941,-303.443908691,1076.54443359,93.6019363403,-12.0541219711,77.3136520386,-63.4317054749,21.0687408447,-0.767210423946,89.0588607788,-89.9677734375,25.5329914093,-32.8983459473],[315.999542236,-171.763442993,93.6019363403,296.142089844,-42.6453018188,3.65320420265,-32.0679168701,-10.0323400497,14.5267324448,10.2265071869,-3.11888384819,1.33569967747,18.3425045013],[-775.902587891,284.866455078,-12.0541219711,-42.6453018188,301.050933838,-19.2554893494,41.0037918091,-0.718182384968,40.2282943726,-0.0791843309999,11.3390703201,-3.94791603088,7.56102848053],[146.202194214,-153.433517456,77.3136520386,3.65320420265,-19.2554893494,217.226150513,58.1242408752,-1.64849615097,-29.3545360565,2.73906373978,-9.54280757904,-4.85859394073,-19.6125354767],[-310.79876709,133.304534912,-63.4317054749,-32.0679168701,41.0037918091,58.1242408752,164.726318359,-0.334143698215,-10.1649637222,-14.1391038895,4.63835000992,-23.69672966,0.199850454926],[176.941848755,-67.1865921021,21.0687408447,-10.0323400497,-0.718182384968,-1.64849615097,-0.334143698215,119.255653381,39.2148551941,-1.66566646099,-2.80055999756,17.1033210754,-4.47798967361],[-208.181106567,115.342842102,-0.767210423946,14.5267324448,40.2282943726,-29.3545360565,-10.1649637222,39.2148551941,124.734298706,20.2588214874,16.9504241943,-6.83170318604,0.132506847382],[15.6723299026,-98.3294830322,89.0588607788,10.2265071869,-0.0791843309999,2.73906373978,-14.1391038895,-1.66566646099,20.2588214874,103.907737732,1.12430512905,0.343940645456,-12.403512001],[8.29339504242,107.185005188,-89.9677734375,-3.11888384819,11.3390703201,-9.54280757904,4.63835000992,-2.80055999756,16.9504241943,1.12430512905,98.7908401489,24.8888835907,1.52899539471],[142.899261475,-98.8120498657,25.5329914093,1.33569967747,-3.94791603088,-4.85859394073,-23.69672966,17.1033210754,-6.83170318604,0.343940645456,24.8888835907,83.1695098877,13.2435884476],[-37.9905319214,63.6305427551,-32.8983459473,18.3425045013,7.56102848053,-19.6125354767,0.199850454926,-4.47798967361,0.132506847382,-12.403512001,1.52899539471,13.2435884476,76.7689666748]],"icov":[[0.000124159356346,-0.000174982924364,0.000292021024507,-0.000266033486696,0.000310723902658,-0.00029529913445,0.000375913834432,-0.000404104386689,0.00037674739724,-0.000399891694542,0.000391871813918,-0.000446319114417,0.000268518924713],[-0.000174982924364,0.0017306295922,-0.000552541809157,0.00114762294106,-0.00127532891929,0.00133476161864,-0.00136870751157,0.00156499526929,-0.00177822925616,0.00200596218929,-0.0022926707752,0.00259132077917,-0.00154477078468],[0.000292021024507,-0.000552541809157,0.00192454957869,-0.00104376778472,0.000661435828079,-0.00123952550348,0.0013509033015,-0.00116032792721,0.00100055639632,-0.00198706821539,0.00232517439872,-0.00194468256086,0.00119000277482],[-0.000266033486696,0.00114762294106,-0.00104376778472,0.00472675031051,-0.000529186916538,0.000866084883455,-0.00069402292138,0.00192232686095,-0.00221975077875,0.0016338446876,-0.00196634070016,0.002272201702,-0.00235721748322],[0.000310723902658,-0.00127532891929,0.000661435828079,-0.000529186916538,0.00504479603842,-0.000809831835795,0.000257019390119,-0.000957861891948,0.000148091101437,-0.00164701044559,0.0018476343248,-0.00247183907777,0.000983685138635],[-0.00029529913445,0.00133476161864,-0.00123952550348,0.000866084883455,-0.000809831835795,0.00696172378957,-0.00374213326722,0.00144932721741,-0.000602549000178,0.00173929985613,-0.0019631118048,0.00200455170125,-0.000062644125137],[0.000375913834432,-0.00136870751157,0.0013509033015,-0.00069402292138,0.000257019390119,-0.00374213326722,0.00953257828951,-0.00250782188959,0.00266566802748,-0.00154596345965,0.00127912196331,0.0000941151520237,0.000616700330283],[-0.000404104386689,0.00156499526929,-0.00116032792721,0.00192232686095,-0.000957861891948,0.00144932721741,-0.00250782188959,0.0123867718503,-0.00626822793856,0.00332589284517,-0.000755634217057,-0.000550265074708,-0.000601860287134],[0.00037674739724,-0.00177822925616,0.00100055639632,-0.00221975077875,0.000148091101437,-0.000602549000178,0.00266566802748,-0.00626822793856,0.0132559956983,-0.00452499790117,0.000158745606313,-0.00016602796677,0.00134988978971],[-0.000399891694542,0.00200596218929,-0.00198706821539,0.0016338446876,-0.00164701044559,0.00173929985613,-0.00154596345965,0.00332589284517,-0.00452499790117,0.0137636829168,-0.0035758507438,0.00328401755542,-0.000561584951356],[0.000391871813918,-0.0022926707752,0.00232517439872,-0.00196634070016,0.0018476343248,-0.0019631118048,0.00127912196331,-0.000755634217057,0.000158745606313,-0.0035758507438,0.0163799524307,-0.00901473034173,0.00348045211285],[-0.000446319114417,0.00259132077917,-0.00194468256086,0.002272201702,-0.00247183907777,0.00200455170125,0.0000941151520237,-0.000550265074708,-0.00016602796677,0.00328401755542,-0.00901473034173,0.0201618317515,-0.00578948529437],[0.000268518924713,-0.00154477078468,0.00119000277482,-0.00235721748322,0.000983685138635,-0.000062644125137,0.000616700330283,-0.000601860287134,0.00134988978971,-0.000561584951356,0.00348045211285,-0.00578948529437,0.0161993186921]],"mean":[-24.4064598083,91.2163619995,-118.253005981,38.6083564758,-41.5379371643,9.74696159363,-33.07554245,11.5903348923,-16.7472896576,2.40010023117,-10.064081192,3.26628088951,-11.5294084549]},"hfc":{"dmean":5.56767177582,"dmean2":7.47185564041,"dvar":57.3838615417,"dvar2":104.611190796,"max":144.204086304,"mean":19.3837032318,"median":14.8627920151,"min":1.13718752441e-16,"var":331.552612305},"melbands":{"dmean":[0.000932511233259,0.000647521286737,0.000299440667732,0.000154384062625,0.000129891152028,0.000202217779588,0.000115178823762,0.0000933446135605,0.0000621211074758,0.0000768250829424,0.0000735390349291,0.0000564829970244,0.0000501955328218,0.0000372000431526,0.0000344630825566,0.0000423780584242,0.0000402096957259,0.0000325202454405,0.000022369391445,0.000027206595405,0.0000232486781897,0.0000203872514248,0.0000194161821128,0.0000146927595779,0.0000119850874398,0.00000876821013662,0.00000646639500701,0.00000403042986363,0.000003380267799,0.00000208282426684,0.0000015241254232,0.00000130753517169,0.00000133348385134,0.00000125943074636,0.00000106989807591,0.00000114073429813,0.00000101379032458,5.20021046668e-7,3.38838560765e-7,2.00293243324e-7],"dmean2":[0.00150657561608,0.00105050299317,0.000514967599884,0.000251822959399,0.000203827221412,0.000313683616696,0.000176719317096,0.000144481498864,0.0000936409123824,0.000119416457892,0.000110723070975,0.0000840917273308,0.0000754028587835,0.0000546604642295,0.0000515838655701,0.0000655841067783,0.0000619354686933,0.0000506017931912,0.0000344702857547,0.0000418880190409,0.000035611421481,0.0000322672567563,0.0000299072617054,0.0000222031703743,0.0000184609962162,0.0000135267109727,0.0000100192837635,0.00000602095997237,0.00000490145066578,0.00000300836222777,0.0000021973485218,0.00000186074385056,0.00000193682672034,0.00000181842551683,0.00000155682585046,0.00000167135988249,0.00000149205880007,7.57826967401e-7,4.96707571074e-7,2.76401010524e-7],"dvar":[0.00000408314463129,0.00000159702631208,3.72086674361e-7,8.06226978511e-8,5.70512845854e-8,2.23087639029e-7,9.8580144936e-8,7.29271079081e-8,3.13557357856e-8,8.05675384186e-8,8.06362905337e-8,2.89124528763e-8,2.15627711242e-8,1.17115090958e-8,1.2486693457e-8,2.01416003875e-8,1.63939137821e-8,9.75020952865e-9,4.09954115099e-9,5.08619812933e-9,3.65605234975e-9,1.88358795228e-9,1.86665816138e-9,1.3247326569e-9,6.87387202714e-10,3.06656949833e-10,1.40035011365e-10,5.47712535048e-11,4.91754761911e-11,1.64600590102e-11,1.04511226062e-11,7.28048177301e-12,9.69746765528e-12,1.1630900236e-11,9.27736186485e-12,2.14065362658e-11,1.86189449275e-11,3.84476608536e-12,1.54764157219e-12,2.39984030911e-13],"dvar2":[0.00000976020055532,0.00000399599775847,0.00000104788341559,2.12206870742e-7,1.35069939233e-7,4.98879387578e-7,2.23862713256e-7,1.70147387735e-7,7.12728152052e-8,1.94058344505e-7,1.79089568064e-7,5.95881672893e-8,4.4417085121e-8,2.40725412937e-8,2.69134012854e-8,4.77044146407e-8,3.57301885856e-8,2.1649134041e-8,8.21578449717e-9,1.0524538574e-8,8.02163757641e-9,4.52646009563e-9,4.05993416663e-9,2.82260503859e-9,1.55342794184e-9,7.47245432198e-10,3.44979905753e-10,1.27531943339e-10,1.06898920271e-10,3.61337695876e-11,2.38452556311e-11,1.58052147758e-11,2.21570383568e-11,2.56737079513e-11,2.14542463656e-11,5.076896889e-11,4.52078999236e-11,9.19937910571e-12,3.95363516231e-12,5.05661593327e-13],"max":[0.0242242328823,0.0186129212379,0.00899732206017,0.00721988268197,0.00736675783992,0.0146282054484,0.0144277187064,0.0121990339831,0.00661402242258,0.00891065504402,0.009795951657,0.00607196521014,0.00577459158376,0.00378211820498,0.00341814407147,0.0049016000703,0.0035755969584,0.00459036370739,0.00367398560047,0.00343500473537,0.00229417067021,0.001555173425,0.00123416469432,0.00146396493074,0.000629905203823,0.000722795550246,0.000264685659204,0.000157441943884,0.000189133716049,0.0000743731870898,0.0000924922933336,0.0000608864211245,0.0000976005758275,0.000120008910017,0.000102836311271,0.000199658839847,0.00017146448954,0.0000918105943128,0.0000519578024978,0.000019538369088],"mean":[0.00130334694404,0.00105081358925,0.00047420753981,0.000287094153464,0.00024357107759,0.00035931027378,0.000217941807932,0.000197609668248,0.000117968520499,0.000120850258099,0.000122604309581,0.000100318080513,0.000087710810476,0.0000655901822029,0.0000576487691433,0.0000673423055559,0.0000666416744934,0.0000510427198606,0.0000372822869394,0.000046295041102,0.0000416413895437,0.000037635803892,0.0000352112438122,0.0000262220655713,0.0000224192026508,0.0000170688963408,0.0000128142646645,0.00000789704972703,0.00000652483686281,0.00000403770764024,0.00000290196840069,0.00000257004876403,0.00000253118787441,0.00000230811042456,0.0000018749398123,0.00000177417655323,0.00000156571479693,8.29462408092e-7,5.26611017904e-7,3.31907983764e-7],"median":[0.000709446379915,0.000671857967973,0.000340992788551,0.000180161208846,0.000121425633552,0.000125018443214,0.0000724573401385,0.0000518666420248,0.0000382622856705,0.0000252908157563,0.000020991468773,0.0000213338898902,0.0000214131650864,0.0000163815639098,0.000012919236724,0.0000149403103933,0.000012881204384,0.0000170530001924,0.0000148702893057,0.0000173898733919,0.0000161640564329,0.000014843108147,0.0000137433971759,0.00000885906047188,0.00000883018856257,0.00000763298430684,0.00000518067645316,0.00000277308618024,0.00000177346908004,0.00000110374969609,6.62434672449e-7,6.06277012594e-7,6.73864235523e-7,6.21310277893e-7,5.09043843522e-7,4.05711091389e-7,3.134499309e-7,1.79267530598e-7,1.29204380528e-7,8.37516580532e-8],"min":[2.52386185864e-24,1.21252606966e-23,9.82969360623e-24,5.4912031744e-24,1.38131911087e-24,1.77926196666e-24,4.40846397185e-24,7.05378043318e-24,1.13792246834e-23,9.80421576558e-24,1.14977841665e-23,5.9500879017e-24,1.71797149752e-23,5.07656013324e-24,2.09776873811e-23,1.33386423648e-23,1.09569695289e-23,1.87512726265e-23,9.85213748785e-24,1.39064660221e-23,1.12555123608e-23,1.14563855351e-23,6.95397375145e-24,8.35591920841e-24,1.33589634217e-23,1.03586745414e-23,8.44238625223e-24,1.5169355023e-23,1.23432624078e-23,9.86070057297e-24,1.41308606621e-23,1.14691595597e-23,1.27112447208e-23,1.15412677574e-23,7.87480793067e-24,7.63954988721e-24,7.50089496135e-24,6.89206946964e-24,9.55230329069e-24,1.05232624807e-23],"var":[0.00000438285269411,0.00000177060076112,3.44664329077e-7,1.50029535462e-7,1.50312502001e-7,5.25853408817e-7,2.48323686947e-7,3.80424580726e-7,8.54123669569e-8,1.39247887887e-7,1.8389519596e-7,7.30158973283e-8,5.1788774158e-8,3.17103321379e-8,2.61970765081e-8,4.21113028892e-8,3.87742176144e-8,1.75655436863e-8,9.1612726294e-9,1.14201847978e-8,8.38067570896e-9,4.59446791723e-9,4.43942171913e-9,3.41371819701e-9,1.65908486949e-9,6.99890312372e-10,3.67377267496e-10,1.58440122133e-10,1.3887259398e-10,4.75335083794e-11,2.74535099515e-11,2.05185486657e-11,2.07874325392e-11,2.31576546134e-11,1.64933379454e-11,2.84488006069e-11,2.46766981848e-11,5.69883419968e-12,1.91391260479e-12,4.53263701529e-13]},"melbands_crest":{"dmean":3.42270541191,"dmean2":5.58565139771,"dvar":9.9725856781,"dvar2":25.121011734,"max":33.6935958862,"mean":13.4184322357,"median":12.5912618637,"min":2.09434366226,"var":26.4880180359},"melbands_flatness_db":{"dmean":0.027408214286,"dmean2":0.0403025299311,"dvar":0.000870346848387,"dvar2":0.0017758134054,"max":0.570751905441,"mean":0.189652472734,"median":0.180141299963,"min":0.00886623654515,"var":0.00528574548662},"melbands_kurtosis":{"dmean":5.95222663879,"dmean2":9.36681652069,"dvar":153.668395996,"dvar2":365.619445801,"max":283.125732422,"mean":10.007689476,"median":4.63722896576,"min":-1.88156080246,"var":287.747497559},"melbands_skewness":{"dmean":0.694477677345,"dmean2":1.05765247345,"dvar":0.65378510952,"dvar2":1.47167563438,"max":14.0576658249,"mean":2.33202672005,"median":2.09134936333,"min":-1.41533815861,"var":2.43399333954},"melbands_spread":{"dmean":8.5715379715,"dmean2":13.0827217102,"dvar":94.8799743652,"dvar2":209.419677734,"max":219.09777832,"mean":31.4217662811,"median":29.2109966278,"min":0.925404787064,"var":377.944122314},"mfcc":{"cov":[[12186.6894531,-226.651123047,-895.983093262,137.184814453,-330.391326904,-95.297706604,-99.9879608154,89.8392562866,-244.872467041,-13.7031297684,-167.412307739,-42.8319549561,-7.68614912033],[-226.651123047,1692.34106445,-331.99105835,49.7911949158,111.631820679,-27.2657966614,19.7917518616,35.2789421082,13.2352294922,20.5461711884,40.6497688293,-15.8202171326,25.4056243896],[-895.983093262,-331.99105835,877.59588623,43.4340324402,62.0009117126,61.7753257751,-15.6644153595,-42.904499054,49.5010948181,-2.62794446945,4.70221471786,42.892414093,-13.1894626617],[137.184814453,49.7911949158,43.4340324402,253.101806641,63.885684967,-20.8886108398,-34.7433700562,-29.5751876831,22.9754066467,-17.4702243805,-17.3942661285,17.2446098328,37.0502738953],[-330.391326904,111.631820679,62.0009117126,63.885684967,204.833068848,1.44653630257,-28.1593360901,13.8871440887,12.5691862106,14.6312294006,3.49048924446,12.1191225052,26.3593673706],[-95.297706604,-27.2657966614,61.7753257751,-20.8886108398,1.44653630257,178.871154785,65.5201034546,-8.72088432312,14.5162324905,9.15467453003,23.5206451416,-12.4146928787,-24.4137973785],[-99.9879608154,19.7917518616,-15.6644153595,-34.7433700562,-28.1593360901,65.5201034546,138.56729126,25.6889057159,8.25597190857,-7.05586338043,10.7368927002,-9.01619815826,-27.4739513397],[89.8392562866,35.2789421082,-42.904499054,-29.5751876831,13.8871440887,-8.72088432312,25.6889057159,136.500061035,-7.58498907089,19.319475174,0.427974551916,-9.54165172577,11.4302558899],[-244.872467041,13.2352294922,49.5010948181,22.9754066467,12.5691862106,14.5162324905,8.25597190857,-7.58498907089,122.107849121,17.9316253662,1.49886345863,6.02812004089,-10.1726436615],[-13.7031297684,20.5461711884,-2.62794446945,-17.4702243805,14.6312294006,9.15467453003,-7.05586338043,19.319475174,17.9316253662,85.852897644,29.9421977997,0.147365063429,-3.51384902],[-167.412307739,40.6497688293,4.70221471786,-17.3942661285,3.49048924446,23.5206451416,10.7368927002,0.427974551916,1.49886345863,29.9421977997,88.6511459351,19.1476745605,-1.88583707809],[-42.8319549561,-15.8202171326,42.892414093,17.2446098328,12.1191225052,-12.4146928787,-9.01619815826,-9.54165172577,6.02812004089,0.147365063429,19.1476745605,80.3807525635,27.0149898529],[-7.68614912033,25.4056243896,-13.1894626617,37.0502738953,26.3593673706,-24.4137973785,-27.4739513397,11.4302558899,-10.1726436615,-3.51384902,-1.88583707809,27.0149898529,84.9404602051]],"icov":[[0.000104349317553,0.0000184179461939,0.000104743390693,-0.000147082100739,0.000180873743375,-0.0000766859157011,0.000123619072838,-0.000110329820018,0.000197034329176,-0.000112799505587,0.000213851672015,-0.00010909151024,0.00011938894022],[0.0000184179461939,0.000702013086993,0.000304241548292,-0.000129031657707,-0.000419659889303,0.000129505235236,-0.000193819243577,-0.000025247947633,-0.000112718356831,0.0000142902099469,-0.000369577959646,0.00019513569714,-0.0000797943139332],[0.000104743390693,0.000304241548292,0.0015115570277,-0.00026334123686,-0.000336996279657,-0.000583048211411,0.000390600325773,0.0000633398376522,-0.000227538359468,0.0000685254926793,0.000223667317186,-0.00085166451754,0.000574292615056],[-0.000147082100739,-0.000129031657707,-0.00026334123686,0.00518260663375,-0.00152039946988,0.000337239500368,0.000208413868677,0.00124435231555,-0.00129428855143,0.00108008040115,0.000360793288564,0.0000316952682624,-0.00191989645828],[0.000180873743375,-0.000419659889303,-0.000336996279657,-0.00152039946988,0.00643643690273,-0.000816740561277,0.001419425942,-0.00123363628518,0.000202744267881,-0.00104523892514,0.000482475472381,-0.000450492749223,-0.000719259143807],[-0.0000766859157011,0.000129505235236,-0.000583048211411,0.000337239500368,-0.000816740561277,0.00774019397795,-0.00386805948801,0.00138597004116,-0.000453433807706,-0.000573370372877,-0.00183342874516,0.00171296170447,0.0000936936630751],[0.000123619072838,-0.000193819243577,0.000390600325773,0.000208413868677,0.001419425942,-0.00386805948801,0.0107353758067,-0.0029064246919,-0.000574398960453,0.00221686833538,-0.000456551206298,-0.000922675826587,0.00265634455718],[-0.000110329820018,-0.000025247947633,0.0000633398376522,0.00124435231555,-0.00123363628518,0.00138597004116,-0.0029064246919,0.00910495594144,0.000300894782413,-0.0022969795391,0.000429703417467,0.00149070750922,-0.00244305795059],[0.000197034329176,-0.000112718356831,-0.000227538359468,-0.00129428855143,0.000202744267881,-0.000453433807706,-0.000574398960453,0.000300894782413,0.00960693415254,-0.00275092339143,0.00143397692591,-0.00125153770205,0.00162787316367],[-0.000112799505587,0.0000142902099469,0.0000685254926793,0.00108008040115,-0.00104523892514,-0.000573370372877,0.00221686833538,-0.0022969795391,-0.00275092339143,0.0152609236538,-0.00538383610547,0.000985462218523,0.000579659012146],[0.000213851672015,-0.000369577959646,0.000223667317186,0.000360793288564,0.000482475472381,-0.00183342874516,-0.000456551206298,0.000429703417467,0.00143397692591,-0.00538383610547,0.0152217978612,-0.00452098902315,0.000849909265526],[-0.00010909151024,0.00019513569714,-0.00085166451754,0.0000316952682624,-0.000450492749223,0.00171296170447,-0.000922675826587,0.00149070750922,-0.00125153770205,0.000985462218523,-0.00452098902315,0.0162817593664,-0.00546904932708],[0.00011938894022,-0.0000797943139332,0.000574292615056,-0.00191989645828,-0.000719259143807,0.0000936936630751,0.00265634455718,-0.00244305795059,0.00162787316367,0.000579659012146,0.000849909265526,-0.00546904932708,0.0161495432258]],"mean":[-663.476867676,118.614120483,-9.96241092682,32.3368339539,12.3236923218,5.05948257446,-0.738983511925,8.65175247192,-2.48048591614,5.87985181808,-0.710383534431,2.47838139534,3.1994946003]},"pitch_salience":{"dmean":0.0713161602616,"dmean2":0.115631811321,"dvar":0.00423081917688,"dvar2":0.0109342020005,"max":0.908295214176,"mean":0.542087078094,"median":0.546719670296,"min":0.111838936806,"var":0.0114062288776},"silence_rate_20dB":{"dmean":0,"dmean2":0,"dvar":0,"dvar2":0,"max":1,"mean":1,"median":1,"min":1,"var":0},"silence_rate_30dB":{"dmean":0,"dmean2":0,"dvar":0,"dvar2":0,"max":1,"mean":1,"median":1,"min":1,"var":0},"silence_rate_60dB":{"dmean":0.00892728567123,"dmean2":0.0178558565676,"dvar":0.00884506851435,"dvar2":0.0218568481505,"max":1,"mean":0.0621985457838,"median":0,"min":0,"var":0.0583329834044},"spectral_centroid":{"dmean":257.74307251,"dmean2":383.279876709,"dvar":76902.6796875,"dvar2":151277.671875,"max":11294.3730469,"mean":1668.38598633,"median":1670.84838867,"min":195.940429688,"var":445113.28125},"spectral_complexity":{"dmean":3.75593948364,"dmean2":5.45712423325,"dvar":19.7875919342,"dvar2":33.4940834045,"max":60,"mean":19.7064285278,"median":18,"min":0,"var":134.481277466},"spectral_contrast_coeffs":{"dmean":[0.0433067493141,0.0445020496845,0.0379536673427,0.033492859453,0.0242975912988,0.0183679796755],"dmean2":[0.071968510747,0.0724731311202,0.0600447282195,0.0526910200715,0.0374243333936,0.0286369752139],"dvar":[0.0014033986954,0.00135913607664,0.00102837663144,0.000848032417707,0.000486127799377,0.00032380639459],"dvar2":[0.00387261691503,0.00353928515688,0.00241336994804,0.00191474042367,0.000993690337054,0.000722026394214],"max":[-0.390022963285,-0.352113574743,-0.450405746698,-0.478853017092,-0.573781788349,-0.611229717731],"mean":[-0.719818651676,-0.740787923336,-0.7603328228,-0.758183598518,-0.771661937237,-0.765420854092],"median":[-0.7264097929,-0.751384496689,-0.770819187164,-0.767202854156,-0.780501484871,-0.763298213482],"min":[-0.979884624481,-0.960570454597,-0.9595028162,-0.95517039299,-0.964919567108,-0.960878670216],"var":[0.00446316879243,0.00708809820935,0.00597007805482,0.00507670920342,0.00371708162129,0.00210570404306]},"spectral_contrast_valleys":{"dmean":[0.351561129093,0.344025999308,0.332847207785,0.314879655838,0.300416171551,0.393381774426],"dmean2":[0.564698040485,0.557806372643,0.521560668945,0.480182945728,0.408497482538,0.45764195919],"dvar":[0.109782114625,0.0971398428082,0.100444354117,0.110637925565,0.132533192635,0.209370836616],"dvar2":[0.246356412768,0.228441685438,0.211643576622,0.215431854129,0.223445519805,0.321112692356],"max":[-5.47146368027,-5.12638092041,-5.41461038589,-5.71547460556,-5.56351613998,-7.97688102722],"mean":[-7.14182281494,-7.04372215271,-7.74457359314,-7.97295045853,-7.71100950241,-10.5232191086],"median":[-6.88822650909,-6.82117557526,-7.51944303513,-7.672062397,-7.4353518486,-10.2805337906],"min":[-27.6822357178,-27.8495159149,-27.2343769073,-27.3203525543,-27.0476455688,-27.1930904388],"var":[1.36038482189,1.49616360664,1.63521289825,1.78670847416,1.98117172718,2.01680541039]},"spectral_decrease":{"dmean":1.61716273706e-9,"dmean2":2.46197506826e-9,"dvar":5.24819794321e-18,"dvar2":1.16338511196e-17,"max":-6.54023721105e-29,"mean":-4.79834749711e-9,"median":-3.91473609085e-9,"min":-2.97467686039e-8,"var":1.2872188473e-17},"spectral_energy":{"dmean":0.0064440080896,"dmean2":0.00971921905875,"dvar":0.000079469580669,"dvar2":0.00017393536109,"max":0.115828543901,"mean":0.0198682602495,"median":0.0163679290563,"min":1.05614671027e-20,"var":0.000216723710764},"spectral_energyband_high":{"dmean":0.000313987286063,"dmean2":0.000391283334466,"dvar":3.50756891976e-7,"dvar2":6.61999536078e-7,"max":0.0150079904124,"mean":0.000715893052984,"median":0.000231169076869,"min":7.86524281549e-21,"var":0.00000120650440749},"spectral_energyband_low":{"dmean":0.00391312036663,"dmean2":0.00619678804651,"dvar":0.0000566187627555,"dvar2":0.000130582775455,"max":0.092388510704,"mean":0.00672463420779,"median":0.00442830612883,"min":4.97011368816e-23,"var":0.0000687460633344},"spectral_energyband_middle_high":{"dmean":0.00200907303952,"dmean2":0.00289109558798,"dvar":0.000011200318113,"dvar2":0.0000210001144296,"max":0.085178039968,"mean":0.00629357621074,"median":0.00372862513177,"min":1.68335636935e-21,"var":0.0000587187278143},"spectral_energyband_middle_low":{"dmean":0.00267295399681,"dmean2":0.00418481323868,"dvar":0.0000166880472534,"dvar2":0.000040851857193,"max":0.0630924329162,"mean":0.0067969285883,"median":0.0046273926273,"min":2.26445716153e-22,"var":0.0000472893480037},"spectral_entropy":{"dmean":0.164493098855,"dmean2":0.218166977167,"dvar":0.0343339554965,"dvar2":0.0563787333667,"max":9.8075056076,"mean":7.59489250183,"median":7.61986923218,"min":5.37018251419,"var":0.213366508484},"spectral_flux":{"dmean":0.021319007501,"dmean2":0.0330819301307,"dvar":0.000553294259589,"dvar2":0.00121939997189,"max":0.267490684986,"mean":0.0710886418819,"median":0.0646593645215,"min":1.02769001642e-10,"var":0.00164103624411},"spectral_kurtosis":{"dmean":1.81446433067,"dmean2":2.91082906723,"dvar":10.8053569794,"dvar2":25.4944057465,"max":113.555305481,"mean":5.24487113953,"median":4.37615537643,"min":-1.22244262695,"var":20.0563735962},"spectral_rms":{"dmean":0.000667556829285,"dmean2":0.00098257442005,"dvar":6.05698062373e-7,"dvar2":0.00000124317796235,"max":0.0106303086504,"mean":0.00406285328791,"median":0.00399608723819,"min":3.20996419549e-12,"var":0.00000287699344881},"spectral_rolloff":{"dmean":543.878295898,"dmean2":879.628967285,"dvar":744898.4375,"dvar2":1531137.5,"max":18453.9550781,"mean":1864.26867676,"median":1679.58984375,"min":64.599609375,"var":1993477.125},"spectral_skewness":{"dmean":0.216866061091,"dmean2":0.337383329868,"dvar":0.0729171410203,"dvar2":0.164162501693,"max":8.15604400635,"mean":1.51411688328,"median":1.45577180386,"min":0.0233998186886,"var":0.282225757837},"spectral_spread":{"dmean":547328.1875,"dmean2":704033.1875,"dvar":484382867456,"dvar2":724348370944,"max":40820328,"mean":4162757.75,"median":3942387.5,"min":736569.3125,"var":2356839710720},"spectral_strongpeak":{"dmean":0.654190480709,"dmean2":1.10384178162,"dvar":1.38699316978,"dvar2":3.28083944321,"max":14.8486232758,"mean":1.04342293739,"median":0.263744592667,"min":0,"var":2.63108539581},"zerocrossingrate":{"dmean":0.0109551120549,"dmean2":0.0122676752508,"dvar":0.000149414569023,"dvar2":0.000166101381183,"max":0.4921875,"mean":0.0666210204363,"median":0.0615234375,"min":0.00390625,"var":0.00122664100491}},"metadata":{"audio_properties":{"analysis_sample_rate":44100,"bit_rate":0,"codec":"flac","downmix":"mix","equal_loudness":0,"length":322.506652832,"lossless":true,"md5_encoded":"14f6f5536fdc33f9d0bac03ccc6c08da","replay_gain":-10.0460205078,"sample_rate":44100},"tags":{"album":["The Works"],"albumartist":["Queen"],"albumartistsort":["Queen"],"artist":["Queen"],"artistsort":["Queen"],"barcode":["077774601627"],"catalognumber":["CDP 7 46016 2"],"date":["1984-02-27"],"discnumber":["1"],"disctotal":["1"],"file_name":"01-07 Keep Passing the Open Windows.flac","isrc":["GBUM71106179"],"label":["EMI"],"media":["CD"],"musicbrainz_albumartistid":["0383dadf-2a4e-4d10-a46a-e9e041da8eb3"],"musicbrainz_albumid":["9ace7c8c-55b4-4c5d-9aa8-e573a5dde9ad"],"musicbrainz_artistid":["0383dadf-2a4e-4d10-a46a-e9e041da8eb3"],"musicbrainz_recordingid":["a8eac190-063a-4661-8d23-7787d48cfea6"],"musicbrainz_releasegroupid":["44c90c72-76b5-3c13-890e-3d37f21c10c9"],"originaldate":["1984-02-27"],"releasecountry":["GB"],"releasestatus":["official"],"releasetype":["album"],"script":["Latn"],"title":["Keep Passing the Open Windows"],"totaldiscs":["1"],"totaltracks":["9"],"tracknumber":["7"],"tracktotal":["9"]},"version":{"essentia":"2.1-beta1","essentia_build_sha":"ca57ba49d9b1854bd80e60cf9ccf267278fb7d6b","essentia_git_sha":"v2.1_beta1-28-g21ef5f4-dirty","extractor":"music 1.0"}},"rhythm":{"beats_count":856,"beats_loudness":{"dmean":0.0120400097221,"dmean2":0.0207652412355,"dvar":0.000149277533637,"dvar2":0.000447012222139,"max":0.105199687183,"mean":0.0276462007314,"median":0.0263125896454,"min":3.43952866189e-9,"var":0.000257455452811},"beats_loudness_band_ratio":{"dmean":[0.269019305706,0.111797548831,0.0892129540443,0.0930428653955,0.103534720838,0.115577712655],"dmean2":[0.504336595535,0.203451067209,0.156208008528,0.169148102403,0.186470732093,0.225290551782],"dvar":[0.0388439334