{"lowlevel":{"average_loudness":0.766484558582,"barkbands":{"dmean":[0.000126610029838,0.00214042700827,0.00160813552793,0.00123880477622,0.00139266706537,0.000650302565191,0.000558029452804,0.00041066884296,0.000746554345824,0.000496510998346,0.000596440862864,0.000294485420454,0.000291758944513,0.000260584492935,0.000247850344749,0.000144896752317,0.000196116758161,0.000171893974766,0.000146970167407,0.000157722024596,0.000144133737194,0.000125990802189,0.000117942799989,0.0000842916924739,0.0000467633108201,0.0000210639300349,0.00000658945600662],"dmean2":[0.000216465967242,0.00355159584433,0.00273554306477,0.00217584008351,0.00240371399559,0.00106718018651,0.000920183665585,0.000680312688928,0.00119507266209,0.000800299574621,0.000937458011322,0.00047990254825,0.000468462443678,0.000419084943132,0.00040290641482,0.000240371387918,0.000318652368151,0.000281811051536,0.000242770198383,0.000260945467744,0.000239428001805,0.000204466006835,0.00018133399135,0.000123724763398,0.0000689609296387,0.0000309997303702,0.0000102464264273],"dvar":[8.22277996804e-8,0.0000114241947813,0.0000131133519972,0.00000530225725015,0.0000100702281998,0.00000223192409976,0.00000125635392578,9.32445914259e-7,0.00000268648295787,0.00000149414609041,0.00000225163353207,6.28648251677e-7,3.34519086209e-7,3.79417599561e-7,3.10482676014e-7,9.14728914836e-8,1.39695984558e-7,9.2531585949e-8,6.33458014931e-8,6.33909493786e-8,7.0187255119e-8,6.67440787083e-8,6.83603076368e-8,4.48225669913e-8,1.67867515444e-8,3.19386694869e-9,4.71465089191e-10],"dvar2":[2.31635482351e-7,0.0000299000130326,0.000034983313526,0.0000148618764797,0.0000275417278317,0.00000572999306314,0.00000317558692586,0.00000245433466262,0.00000696052620697,0.00000391805042455,0.00000543965688848,0.00000171317208242,8.37407242216e-7,9.71042368292e-7,8.11077484286e-7,2.34214354577e-7,3.64879582548e-7,2.45922791464e-7,1.70273139588e-7,1.72251688468e-7,1.77108205435e-7,1.49908160552e-7,1.29015489847e-7,7.82270959121e-8,3.29156684131e-8,6.63293420189e-9,1.10497477834e-9],"max":[0.00741529744118,0.040070284158,0.0475088618696,0.0249485746026,0.0448758527637,0.0322473794222,0.0240601282567,0.0188938416541,0.034852463752,0.0237044095993,0.0355615764856,0.0172884650528,0.0123471012339,0.0158620085567,0.0119161605835,0.00805792026222,0.00875902362168,0.00584477372468,0.00522301578894,0.00597958127037,0.00473102834076,0.00651701306924,0.00977573636919,0.00885836407542,0.00396949751303,0.00141608016565,0.000512835278641],"mean":[0.000129596810439,0.00325380265713,0.00179688364733,0.00140640954487,0.0017019136576,0.0010564699769,0.000886033580173,0.000614077202044,0.00141460844316,0.000865473935846,0.00115991407074,0.000570687348954,0.00051587773487,0.000493186642416,0.000483260926558,0.000285464193439,0.000426483515184,0.000396225659642,0.000377044867491,0.000406090839533,0.000350284273736,0.000306837609969,0.000320537568768,0.000229723897064,0.000115571645438,0.0000495557724207,0.0000116239571071],"median":[0.0000422795128543,0.00198839604855,0.000891109521035,0.000693439389579,0.000843960675411,0.000456569134258,0.000419857620727,0.000224797913688,0.000432557426393,0.00019280462584,0.000242030684603,0.000114000991744,0.000195152722881,0.000143415207276,0.000138222589158,0.000113737216452,0.000155727742822,0.000162050622748,0.000139437499456,0.000205882592127,0.000195382672246,0.000209309961065,0.000230660123634,0.000164114549989,0.0000853970122989,0.0000359306068276,0.00000711123902875],"min":[6.56541567803e-25,1.01545599376e-23,3.10072428419e-24,1.36085811003e-23,3.26665092041e-23,2.80173637701e-23,1.68889518895e-23,1.41830516995e-23,8.81652972671e-23,8.21617123687e-23,5.51453846883e-23,8.99915102627e-23,6.72801480034e-23,8.74928028118e-23,1.05741074059e-22,1.36681145395e-22,1.26040585609e-22,1.20564616127e-22,2.74428780247e-22,2.89863519123e-22,3.86597884237e-22,4.60180709018e-22,5.64649874241e-22,7.96526007891e-22,1.19824573721e-21,1.47058748181e-21,2.39577698102e-21],"var":[6.95283972618e-8,0.0000170120783878,0.0000111687568278,0.00000506536298417,0.00000891526269697,0.00000361247953151,0.00000197907093025,0.00000130005741994,0.00000603272837907,0.00000299187058772,0.0000063538127506,0.00000169961549545,8.09550613212e-7,9.3194165629e-7,7.71282316236e-7,2.33845184994e-7,4.30101721349e-7,2.99366462286e-7,2.48645505962e-7,2.425269372e-7,2.19389050926e-7,1.66155672332e-7,1.80088633783e-7,1.2296352736e-7,3.48140574147e-8,5.89461368605e-9,5.89552850982e-10]},"barkbands_crest":{"dmean":2.54060697556,"dmean2":4.18216276169,"dvar":5.74901676178,"dvar2":14.8704204559,"max":26.8305587769,"mean":8.94237613678,"median":7.85543870926,"min":1.96319270134,"var":20.1252250671},"barkbands_flatness_db":{"dmean":0.0224474854767,"dmean2":0.0339198857546,"dvar":0.000711732776836,"dvar2":0.00148767454084,"max":0.51233458519,"mean":0.109606213868,"median":0.0782157257199,"min":0.0153759811074,"var":0.0064030168578},"barkbands_kurtosis":{"dmean":4.20672988892,"dmean2":6.6924700737,"dvar":161.526504517,"dvar2":376.335998535,"max":753.561523438,"mean":6.04652833939,"median":0.351277112961,"min":-1.96051645279,"var":407.079620361},"barkbands_skewness":{"dmean":0.618367612362,"dmean2":0.942628860474,"dvar":0.679969966412,"dvar2":1.49235391617,"max":17.3155040741,"mean":1.32612800598,"median":1.01926541328,"min":-15.0491762161,"var":3.61143898964},"barkbands_spread":{"dmean":7.82757377625,"dmean2":12.0273065567,"dvar":101.003715515,"dvar2":199.368026733,"max":113.461647034,"mean":32.0297775269,"median":31.9865112305,"min":0.250919699669,"var":344.995697021},"dissonance":{"dmean":0.0174064822495,"dmean2":0.0288778301328,"dvar":0.000423571415013,"dvar2":0.00109896541107,"max":0.500000059605,"mean":0.466843932867,"median":0.478115588427,"min":0.187216386199,"var":0.00119027763139},"dynamic_complexity":6.2393655777,"erbbands":{"dmean":[0.044098649174,0.559842348099,1.61018550396,3.0388584137,5.24767351151,4.42827987671,4.25721502304,5.52992248535,5.85692358017,10.5556135178,9.43978309631,17.545042038,18.0602493286,15.9002170563,17.6818714142,12.7972154617,13.0185909271,12.8574943542,10.2591772079,12.6485185623,7.21767234802,9.73619842529,8.76208305359,7.3245215416,7.64831447601,8.16908931732,6.51926422119,5.06699943542,4.41060209274,4.2487821579,3.1404812336,2.2346842289,1.28127229214,0.701860010624,0.248573079705,0.102541789412,0.0389892756939,0.00884052179754,0.00107912241947,0.0000650529618724],"dmean2":[0.0746617540717,0.928089857101,2.6920132637,5.31168270111,9.26316738129,7.53916883469,6.98670530319,9.0540189743,9.60316562653,17.2444725037,15.4830875397,28.052482605,29.217300415,25.4814071655,27.824716568,20.6332798004,20.8833408356,20.5555610657,16.5568771362,20.6376914978,11.8846216202,15.8969917297,14.2136487961,12.0406484604,12.6636552811,13.6471328735,11.0089588165,8.36053085327,7.28544139862,6.64981842041,4.7881231308,3.37005925179,1.89597475529,1.04192960262,0.374250739813,0.153753861785,0.057628467679,0.0135814137757,0.00167635676917,0.000100364966784],"dvar":[0.00495656579733,0.83592402935,11.575003624,31.6463947296,170.581878662,88.1116790771,142.668670654,148.739242554,166.339019775,527.692565918,488.300048828,1594.3269043,2122.85302734,1403.69165039,2118.59570312,1178.23352051,625.916870117,1050.07458496,390.734771729,827.457275391,223.181182861,350.546722412,244.488723755,149.800415039,168.108016968,181.394302368,147.145721436,93.8180160522,78.6868438721,105.291435242,46.0052528381,22.3949718475,13.0242004395,4.51599979401,0.348054289818,0.0640406012535,0.0119889844209,0.000624601379968,0.0000128699839479,5.90057318561e-8],"dvar2":[0.0137689933181,2.14283800125,30.5363845825,87.0206375122,481.062835693,234.218902588,356.689819336,375.843200684,409.727478027,1373.46569824,1254.52819824,4079.91064453,5785.36328125,3582.70849609,5082.92871094,3218.18554688,1553.3503418,2705.74780273,999.919067383,2120.71166992,587.227294922,919.503417969,637.460205078,378.862182617,458.920257568,500.449859619,392.261810303,227.217773438,183.242172241,203.746887207,87.605796814,40.0369224548,24.3453807831,8.69735050201,0.730614602566,0.13055229187,0.0255120489746,0.00144285417628,0.0000303952638205,1.36932641226e-7],"max":[0.966089069843,10.6915559769,39.9098472595,65.6312484741,202.659622192,189.077194214,409.040527344,313.23828125,296.998596191,472.96295166,471.097961426,883.432495117,946.672119141,917.914855957,1220.24609375,774.97088623,632.930419922,856.843322754,404.255157471,631.449462891,381.945007324,470.941436768,296.462860107,262.112182617,259.387939453,261.445983887,276.838592529,229.599151611,214.277359009,350.928436279,270.146057129,147.146255493,149.331924438,62.5031509399,17.7322311401,5.40479755402,3.21704959869,0.548308968544,0.0836114361882,0.00612319493666],"mean":[0.0640337318182,0.826474070549,2.04014611244,3.64393234253,5.64240932465,5.64074707031,6.49489593506,8.70928001404,9.158659935,17.0352802277,16.1877384186,33.1500358582,32.7003059387,33.0619621277,36.5052375793,25.6018943787,25.2320690155,25.6721572876,22.0390052795,25.1504669189,16.3804836273,22.4346199036,21.8072357178,19.8221759796,19.9305934906,20.0313014984,15.6703996658,12.6074237823,10.7973127365,10.4565973282,8.39587020874,6.11421346664,3.25971746445,1.65478050709,0.632389366627,0.253762960434,0.0844191610813,0.0166127048433,0.00194005027879,0.000136311748065],"median":[0.0352806560695,0.48794528842,1.16620898247,1.95807933807,2.57837533951,2.67321133614,2.57603168488,3.97590279579,4.52837085724,7.74225234985,6.57227945328,10.6642961502,9.93740177155,9.42782592773,9.20613288879,6.86370182037,10.1108846664,7.88408470154,8.31164836884,7.9791302681,7.34095478058,9.05696105957,8.78623390198,8.54805183411,8.58749675751,9.94696521759,7.794713974,7.24614524841,7.288397789,7.26506757736,6.10402917862,4.4612197876,2.21875,1.13602519035,0.499928534031,0.192137628794,0.0582327209413,0.0118336547166,0.00122198741883,0.000106163774035],"min":[3.21691898325e-22,2.22595029852e-21,4.61523120562e-21,2.04212604793e-20,6.05648332073e-20,9.11179963652e-20,3.53504501117e-19,1.5542055503e-19,1.80773123817e-19,5.36643038368e-19,9.79194592252e-19,2.13917922675e-18,2.51404321149e-18,1.37607212784e-18,2.77731019184e-18,3.95492008064e-18,3.66660296941e-18,4.43794764985e-18,4.43274840611e-18,7.19312951954e-18,7.35582767422e-18,7.80046703197e-18,8.34033555774e-18,1.58820298884e-17,9.13685258498e-18,1.63601750241e-17,1.68925782448e-17,1.38503055591e-17,1.65384059763e-17,1.71507677838e-17,1.48716618574e-17,1.4832570956e-17,1.39477722507e-17,1.01328847488e-17,1.05222841581e-17,5.55639758124e-18,3.077167093e-18,1.41339306951e-18,3.40369803568e-19,3.44471869773e-20],"var":[0.00697090663016,1.18511152267,10.8485240936,29.2953987122,126.730163574,94.4627990723,211.65852356,223.52911377,232.396011353,817.131958008,835.176696777,3430.0402832,4082.7265625,3899.71923828,5940.17675781,2981.38598633,1671.17041016,2721.27685547,1113.84631348,2064.01831055,669.106018066,1139.80615234,916.666870117,671.971069336,649.323730469,611.417602539,445.527557373,282.250457764,200.782699585,230.28553772,121.862083435,68.0105209351,31.1982345581,9.15076351166,0.740601241589,0.13130658865,0.0202153641731,0.000853010860737,0.0000162116921274,7.13637859917e-8]},"erbbands_crest":{"dmean":2.48876857758,"dmean2":4.03233480453,"dvar":6.60171031952,"dvar2":16.6624450684,"max":32.5693855286,"mean":8.2879743576,"median":7.06206226349,"min":2.28218173981,"var":19.8670959473},"erbbands_flatness_db":{"dmean":0.0162558164448,"dmean2":0.0242198705673,"dvar":0.00039187137736,"dvar2":0.000828993972391,"max":0.384126454592,"mean":0.127517595887,"median":0.114907339215,"min":0.0372400358319,"var":0.0020386762917},"erbbands_kurtosis":{"dmean":1.19845271111,"dmean2":1.85037910938,"dvar":9.16368865967,"dvar2":21.6649227142,"max":110.786369324,"mean":0.730284869671,"median":-0.473023891449,"min":-1.91880702972,"var":15.8627748489},"erbbands_skewness":{"dmean":0.412539541721,"dmean2":0.614680886269,"dvar":0.305464744568,"dvar2":0.586260914803,"max":8.84976673126,"mean":0.321426868439,"median":0.226103290915,"min":-5.44112634659,"var":0.95851790905},"erbbands_spread":{"dmean":10.697022438,"dmean2":16.4582862854,"dvar":212.884460449,"dvar2":502.121154785,"max":180.178588867,"mean":48.0274047852,"median":44.9323921204,"min":1.88478696346,"var":544.840759277},"gfcc":{"cov":[[27467.5371094,-120.758201599,-2982.75683594,737.966674805,-5.89747619629,773.037658691,-622.965026855,846.087097168,-471.873321533,24.7293834686,-670.797363281,129.022720337,-338.878936768],[-120.758201599,1697.45092773,-24.3692836761,56.0068283081,148.810073853,-5.43792104721,-1.18647253513,-68.393447876,26.7233295441,-66.3808288574,18.6612434387,-68.5863265991,35.4920692444],[-2982.75683594,-24.3692836761,1319.75585938,118.126213074,-9.31883907318,13.1500110626,16.5860958099,-98.7256393433,39.4390068054,8.95744991302,43.8928794861,17.5336532593,-3.53516364098],[737.966674805,56.0068283081,118.126213074,515.540222168,79.7043304443,79.196434021,-80.6268997192,39.7373085022,-11.0716438293,-25.6927700043,-14.2974815369,-20.5023517609,-10.7769041061],[-5.89747619629,148.810073853,-9.31883907318,79.7043304443,393.535644531,31.6822395325,4.09582948685,28.1493015289,32.0718307495,-7.96783542633,11.5346984863,-23.1595630646,-11.3102111816],[773.037658691,-5.43792104721,13.1500110626,79.196434021,31.6822395325,217.337203979,52.1100959778,34.2297286987,-9.27887821198,14.7399015427,-19.2664279938,1.14727115631,-16.6915569305],[-622.965026855,-1.18647253513,16.5860958099,-80.6268997192,4.09582948685,52.1100959778,195.779907227,9.67446899414,26.8661899567,10.6789960861,22.4247055054,14.8631906509,19.7253131866],[846.087097168,-68.393447876,-98.7256393433,39.7373085022,28.1493015289,34.2297286987,9.67446899414,132.956665039,19.4030647278,7.72969436646,-8.58380889893,2.88057184219,-12.9233903885],[-471.873321533,26.7233295441,39.4390068054,-11.0716438293,32.0718307495,-9.27887821198,26.8661899567,19.4030647278,93.9699401855,26.9925823212,17.5113124847,-2.84989070892,9.94244480133],[24.7293834686,-66.3808288574,8.95744991302,-25.6927700043,-7.96783542633,14.7399015427,10.6789960861,7.72969436646,26.9925823212,81.5531539917,23.6577587128,13.4773197174,-6.32373666763],[-670.797363281,18.6612434387,43.8928794861,-14.2974815369,11.5346984863,-19.2664279938,22.4247055054,-8.58380889893,17.5113124847,23.6577587128,90.3558425903,18.4646682739,9.77351093292],[129.022720337,-68.5863265991,17.5336532593,-20.5023517609,-23.1595630646,1.14727115631,14.8631906509,2.88057184219,-2.84989070892,13.4773197174,18.4646682739,85.7419891357,23.5124378204],[-338.878936768,35.4920692444,-3.53516364098,-10.7769041061,-11.3102111816,-16.6915569305,19.7253131866,-12.9233903885,9.94244480133,-6.32373666763,9.77351093292,23.5124378204,73.8127975464]],"icov":[[0.000129531603307,-0.0000667828135192,0.000229311946896,-0.0000907784851734,0.0000280528183794,-0.000306439294945,0.00034326792229,-0.000568233605009,0.000447644910309,-0.00031866208883,0.000708223378751,-0.000530855788384,0.00035603530705],[-0.0000667828135192,0.000719576259144,-0.0000636039258097,0.0000134622086989,-0.000218750894419,0.000024453680453,-0.00012750775204,0.000717361457646,-0.000553852994926,0.000744432501961,-0.000668189954013,0.000789260899182,-0.000546558643691],[0.000229311946896,-0.0000636039258097,0.00129775959067,-0.00047316798009,0.000117970535939,-0.000641828170046,0.000482194329379,-0.0000922207327676,0.000132578803459,-0.000374053692212,0.000943885243032,-0.00123507378157,0.00102290930226],[-0.0000907784851734,0.0000134622086989,-0.00047316798009,0.00266038626432,-0.000361274869647,-0.00100743526127,0.00123392825481,-0.000497929053381,-0.000216045940761,0.00108976452611,-0.000875311321579,0.000823323207442,-0.000781478185672],[0.0000280528183794,-0.000218750894419,0.000117970535939,-0.000361274869647,0.00290417135693,-0.000423931633122,0.0000811817881186,-0.000477299821796,-0.000965468643699,0.000531584839337,-0.000461264251499,0.000290399359073,0.000574913749006],[-0.000306439294945,0.000024453680453,-0.000641828170046,-0.00100743526127,-0.000423931633122,0.00710976263508,-0.0033910353668,0.000320263556205,0.00069969514152,-0.00148818548769,0.000361148588127,0.00081371027045,0.000379840173991],[0.00034326792229,-0.00012750775204,0.000482194329379,0.00123392825481,0.0000811817881186,-0.0033910353668,0.00791362300515,-0.00195073941723,-0.000569484604057,0.000247120158747,0.0000958656673902,-0.0015198609326,-0.000800870591775],[-0.000568233605009,0.000717361457646,-0.0000922207327676,-0.000497929053381,-0.000477299821796,0.000320263556205,-0.00195073941723,0.0122243557125,-0.0049249548465,0.00178328843322,-0.00240493495949,0.00108166399878,0.000420068739913],[0.000447644910309,-0.000553852994926,0.000132578803459,-0.000216045940761,-0.000965468643699,0.00069969514152,-0.000569484604057,-0.0049249548465,0.0162070151418,-0.00644495338202,0.00192294630688,0.000348803034285,-0.00150445429608],[-0.00031866208883,0.000744432501961,-0.000374053692212,0.00108976452611,0.000531584839337,-0.00148818548769,0.000247120158747,0.00178328843322,-0.00644495338202,0.0175370760262,-0.0058226455003,-0.000703949015588,0.00167713640258],[0.000708223378751,-0.000668189954013,0.000943885243032,-0.000875311321579,-0.000461264251499,0.000361148588127,0.0000958656673902,-0.00240493495949,0.00192294630688,-0.0058226455003,0.0178224109113,-0.00537927169353,0.00165030872449],[-0.000530855788384,0.000789260899182,-0.00123507378157,0.000823323207442,0.000290399359073,0.00081371027045,-0.0015198609326,0.00108166399878,0.000348803034285,-0.000703949015588,-0.00537927169353,0.0169634185731,-0.0067301755771],[0.00035603530705,-0.000546558643691,0.00102290930226,-0.000781478185672,0.000574913749006,0.000379840173991,-0.000800870591775,0.000420068739913,-0.00150445429608,0.00167713640258,0.00165030872449,-0.0067301755771,0.0181132741272]],"mean":[-23.5349845886,60.0897827148,-96.2770462036,34.5759963989,-61.4439086914,18.1379127502,-30.275062561,8.15645027161,-20.9424095154,0.830455124378,-14.7783565521,-1.12040698528,-13.8396196365]},"hfc":{"dmean":4.8998799324,"dmean2":7.44575691223,"dvar":59.2175674438,"dvar2":125.723892212,"max":163.851989746,"mean":23.5544109344,"median":19.4462928772,"min":1.1768935173e-16,"var":518.614135742},"melbands":{"dmean":[0.000506306067109,0.000792108650785,0.00059086678084,0.000342649349477,0.000149183993926,0.000123936435557,0.0000954088391154,0.000106988103653,0.0000865753609105,0.000110719127406,0.0000905624910956,0.000062816296122,0.000079304772953,0.0000324781904055,0.0000329023605445,0.0000272018751275,0.000025404337066,0.000017754131477,0.000020303621568,0.0000127848843476,0.00000970866494754,0.0000108420817924,0.0000109406419142,0.00000933313185669,0.00000634420803181,0.00000594494895267,0.00000616909210294,0.00000567874712942,0.0000043170484787,0.0000039901042328,0.00000303545220959,0.00000272520628641,0.00000271519434136,0.00000249350546255,0.00000200718363885,0.00000206910385714,0.00000129600880427,0.00000103452180156,7.97017150944e-7,5.84637803058e-7],"dmean2":[0.000846891955007,0.00130163377617,0.001028926461,0.0005980853457,0.000243152288022,0.000201995891985,0.000156234222231,0.000175218025106,0.000141661730595,0.000177314897883,0.000146277438034,0.000100898781966,0.000124372425489,0.0000533023885509,0.0000536926199857,0.000043472085963,0.000040724145947,0.000028830330848,0.0000331950104737,0.0000210526704905,0.0000160558465723,0.0000178926020453,0.000017784332158,0.0000154697809194,0.0000104812879727,0.0000098975669971,0.0000102881385828,0.00000950015146373,0.00000729874545868,0.00000664223080094,0.00000499989891978,0.00000458069825982,0.00000434570165453,0.00000391994490201,0.00000311551866616,0.0000032343739349,0.00000198133875529,0.00000156900443926,0.00000119584228742,8.90039871138e-7],"dvar":[6.22876882517e-7,0.00000236777441387,0.00000119923186048,6.4607013428e-7,1.36475364343e-7,7.20474133686e-8,3.89069967355e-8,5.45283711517e-8,4.03971078811e-8,6.22688673957e-8,5.30261949905e-8,2.1890125268e-8,4.42273631052e-8,8.86461570815e-9,5.58658408423e-9,3.15632830983e-9,4.36700453577e-9,1.17339604699e-9,2.6444837431e-9,7.66796071083e-10,4.24760809858e-10,4.84350615171e-10,5.01514274553e-10,2.98182339931e-10,1.16323284338e-10,1.1202511141e-10,1.04456325534e-10,9.10539768584e-11,6.39138256209e-11,5.10967448908e-11,3.38231040398e-11,2.71492273107e-11,3.3726323817e-11,3.83193927977e-11,1.95320270374e-11,1.56459307316e-11,8.29179953865e-12,7.96751813831e-12,5.35336445312e-12,2.97412485264e-12],"dvar2":[0.00000168126371136,0.00000610406732449,0.0000033205346881,0.00000179180767645,3.33135432129e-7,1.82049532782e-7,9.66241771039e-8,1.42819146731e-7,1.03443973387e-7,1.62696593975e-7,1.44280889458e-7,5.59417756563e-8,1.05681635887e-7,2.42231159575e-8,1.45668881402e-8,7.84516807073e-9,1.12399458629e-8,3.01458213947e-9,6.90253143532e-9,1.9152697206e-9,1.13128162393e-9,1.28514199282e-9,1.28697563717e-9,8.0381601375e-10,2.98713553892e-10,3.05994313221e-10,2.8609334346e-10,2.49669535046e-10,1.73627653921e-10,1.29469837629e-10,8.27385798763e-11,6.62362456549e-11,7.2943803775e-11,7.59185769805e-11,3.91670064437e-11,3.33614906534e-11,1.52524191194e-11,1.58671010358e-11,1.00475131687e-11,6.11857786659e-12],"max":[0.00980096124113,0.0167279820889,0.0108248721808,0.0112427249551,0.0126918042079,0.00660798046738,0.00426755705848,0.00439758040011,0.00440399209037,0.00517587270588,0.00463697966188,0.00355373183265,0.00539361918345,0.00239906343631,0.00242396560498,0.00173205707688,0.00179763371125,0.000560328480788,0.00120740942657,0.000788932899013,0.00046388048213,0.000603123218752,0.000416188820964,0.000379195407731,0.000237511121668,0.000249002419878,0.000193554995349,0.000208839628613,0.000219388093683,0.000142285702168,0.000136687696795,0.000126976781758,0.000163334261742,0.000213202351006,0.000187150930287,0.000097263189673,0.0000965888539213,0.000120014497952,0.0000666740379529,0.000060939542891],"mean":[0.000762389390729,0.00114141090307,0.000717019487638,0.000408453837736,0.000234090373851,0.00019959860947,0.000151484811795,0.000173077991349,0.000147808983456,0.00020778531325,0.000157751492225,0.00012501848687,0.000154178007506,0.0000631384391454,0.0000618575941189,0.0000504823110532,0.0000475783235743,0.0000336620832968,0.0000388828957512,0.0000236594460148,0.000018974633349,0.0000230133882724,0.0000225367257372,0.0000196053733816,0.0000154814770212,0.0000140968104461,0.0000149484412759,0.0000125772130559,0.0000096011608548,0.00000874023589859,0.00000686503244651,0.00000609586504652,0.00000590911031395,0.00000570507518205,0.00000465696302854,0.00000497752671436,0.0000032349448702,0.00000242475448431,0.0000017395601617,0.00000128226781726],"median":[0.000469364458695,0.000701333163306,0.000389346299926,0.000204061623663,0.000110443979793,0.0000923290863284,0.0000771553895902,0.0000802093272796,0.000052287017752,0.000063534011133,0.0000428525090683,0.0000334452124662,0.0000336774537573,0.0000131332781166,0.0000206158911169,0.0000185426870303,0.0000124197822515,0.0000120155627883,0.0000098799882835,0.0000083499644461,0.00000750151957618,0.00000897864356375,0.00000710897438694,0.00000775747048465,0.00000666433606966,0.00000522625987287,0.00000691644981998,0.00000615271756033,0.00000421759477831,0.0000046455629672,0.00000362899322681,0.00000371086366613,0.00000392056290366,0.00000371740384253,0.00000321559946315,0.00000328237683789,0.00000230974796978,0.00000157539557222,0.00000112628538318,8.60012789872e-7],"min":[2.90394904506e-24,2.44244017195e-24,1.01690071363e-23,3.52609938353e-24,1.10279259896e-23,4.05263445548e-24,2.81234671396e-24,5.14388822821e-24,1.0354882487e-23,1.1567681187e-23,1.27914521534e-23,5.60860027102e-24,8.71108805377e-24,1.19972009616e-23,6.28157593154e-24,8.98386353302e-24,7.5727885888e-24,6.3763678245e-24,8.05138971114e-24,8.90693539526e-24,6.30045337301e-24,6.34090103263e-24,1.07549477731e-23,5.37115471627e-24,1.45045693164e-23,6.99015327915e-24,8.54222212181e-24,9.83435419646e-24,1.1727472852e-23,7.28992831174e-24,8.22488625661e-24,9.34942483194e-24,8.74479765797e-24,9.41754375997e-24,7.84992015797e-24,7.8496330126e-24,9.02804368802e-24,1.01509974418e-23,8.6068913611e-24,8.15205625126e-24],"var":[9.13082089937e-7,0.00000261291620518,0.00000110964276701,5.32162232503e-7,2.12185796045e-7,1.14092266301e-7,5.72910678898e-8,8.13815717038e-8,7.35825764764e-8,1.31739668063e-7,1.00884285814e-7,5.74971430467e-8,1.18922159231e-7,2.38128148311e-8,1.37101778819e-8,8.1322140133e-9,1.05634896386e-8,2.79317768914e-9,6.30150376324e-9,1.80381176662e-9,1.03832165088e-9,1.32042510259e-9,1.36539934914e-9,7.87547693726e-10,4.34664720883e-10,3.67698399506e-10,3.62132296372e-10,2.55849952335e-10,1.77364775644e-10,1.43606168623e-10,9.21853635094e-11,6.68931507408e-11,7.11606121251e-11,7.65620969401e-11,4.33927442589e-11,4.25585851282e-11,2.22752961909e-11,1.78760582725e-11,1.13558251344e-11,5.48244132384e-12]},"melbands_crest":{"dmean":3.30432248116,"dmean2":5.46032190323,"dvar":9.00688934326,"dvar2":22.8321437836,"max":37.929977417,"mean":12.7888050079,"median":11.9379014969,"min":2.28493499756,"var":28.2694263458},"melbands_flatness_db":{"dmean":0.0300931222737,"dmean2":0.0448373109102,"dvar":0.0011412256863,"dvar2":0.00229976745322,"max":0.664567530155,"mean":0.171696275473,"median":0.140806868672,"min":0.00843741372228,"var":0.00929510220885},"melbands_kurtosis":{"dmean":11.2957611084,"dmean2":17.8080539703,"dvar":1033.68737793,"dvar2":2524.12207031,"max":1604.57373047,"mean":18.5532913208,"median":6.01647663116,"min":-1.91412615776,"var":1590.18798828},"melbands_skewness":{"dmean":0.878085553646,"dmean2":1.35042047501,"dvar":1.43045556545,"dvar2":3.29076957703,"max":20.6626262665,"mean":2.82151508331,"median":2.19763302803,"min":-2.64966917038,"var":4.67837238312},"melbands_spread":{"dmean":10.0523777008,"dmean2":15.5626163483,"dvar":235.084838867,"dvar2":479.575653076,"max":247.796432495,"mean":33.3289642334,"median":31.4713439941,"min":0.128866776824,"var":688.672241211},"mfcc":{"cov":[[19049.6523438,-718.312805176,-1679.42749023,-239.580429077,-465.615966797,-19.5669975281,138.272857666,440.376281738,135.008361816,358.263977051,-158.254653931,-246.821029663,-270.309234619],[-718.312805176,1361.50720215,80.4432067871,38.5638618469,58.0897712708,46.1147766113,21.0194473267,-7.72852563858,10.2784671783,-31.4191703796,31.9021282196,-0.213009253144,-16.4645957947],[-1679.42749023,80.4432067871,1001.97717285,199.553405762,152.094985962,106.727416992,5.47557544708,1.37355279922,-2.66367459297,-64.5589752197,20.0467338562,48.1880073547,7.75135993958],[-239.580429077,38.5638618469,199.553405762,316.545349121,140.955947876,25.5368862152,4.69155168533,12.4711608887,-7.22976207733,-3.30439805984,-15.1677837372,9.92339897156,4.99983549118],[-465.615966797,58.0897712708,152.094985962,140.955947876,247.776062012,40.9246177673,13.3533992767,-2.33887481689,-7.15997362137,13.6683597565,23.1091003418,9.03298187256,-4.24978637695],[-19.5669975281,46.1147766113,106.727416992,25.5368862152,40.9246177673,169.297119141,60.10521698,23.0665035248,22.2411899567,5.09658718109,27.5558357239,-1.2100738287,-13.216750145],[138.272857666,21.0194473267,5.47557544708,4.69155168533,13.3533992767,60.10521698,122.591667175,51.3156929016,13.865149498,15.1713781357,19.0190410614,7.19752264023,-2.06782126427],[440.376281738,-7.72852563858,1.37355279922,12.4711608887,-2.33887481689,23.0665035248,51.3156929016,103.925422668,36.3328819275,12.3135623932,8.20002841949,3.55645275116,-7.16367673874],[135.008361816,10.2784671783,-2.66367459297,-7.22976207733,-7.15997362137,22.2411899567,13.865149498,36.3328819275,87.5111083984,26.8011074066,5.15696430206,-5.3327422142,-1.94252610207],[358.263977051,-31.4191703796,-64.5589752197,-3.30439805984,13.6683597565,5.09658718109,15.1713781357,12.3135623932,26.8011074066,96.1001586914,27.0500564575,-6.70803833008,-5.20712423325],[-158.254653931,31.9021282196,20.0467338562,-15.1677837372,23.1091003418,27.5558357239,19.0190410614,8.20002841949,5.15696430206,27.0500564575,91.3510742188,32.6431465149,-3.54523944855],[-246.821029663,-0.213009253144,48.1880073547,9.92339897156,9.03298187256,-1.2100738287,7.19752264023,3.55645275116,-5.3327422142,-6.70803833008,32.6431465149,84.389793396,29.0892791748],[-270.309234619,-16.4645957947,7.75135993958,4.99983549118,-4.24978637695,-13.216750145,-2.06782126427,-7.16367673874,-1.94252610207,-5.20712423325,-3.54523944855,29.0892791748,76.1158370972]],"icov":[[0.0000832985169836,0.0000237143649429,0.00011322498176,-0.0000342280982295,0.000112000663648,-0.0000901531602722,0.0000802025097073,-0.000375268020434,0.000124524216517,-0.000283655099338,0.000207661680179,1.55755046194e-7,0.000242509704549],[0.0000237143649429,0.000777583452873,0.000039213544369,-0.0000819505585241,-0.000093565620773,-0.0000759808608564,-0.000136518399813,0.000119254211313,-0.000237209664192,0.000396457180614,-0.000341586070135,0.000158082810231,0.000187646044651],[0.00011322498176,0.000039213544369,0.00150909938384,-0.000661441183183,-0.000246169569436,-0.000869352545124,0.000424162717536,-0.000441776646767,-0.0000978255993687,0.000649161695037,0.000041526494897,-0.00055111706024,0.00036005830043],[-0.0000342280982295,-0.0000819505585241,-0.000661441183183,0.00485173054039,-0.00252884626389,-0.0000831771321828,0.000333330623107,-0.000933491333853,0.000589627423324,-0.000520793313626,0.00194663682487,-0.000666340813041,-0.00030031055212],[0.000112000663648,-0.000093565620773,-0.000246169569436,-0.00252884626389,0.00619479967281,-0.000713739078492,-0.000157779766596,0.000218312983634,0.000766036624555,-0.00136963021941,-0.00120412488468,0.000308980146656,0.000558575964533],[-0.0000901531602722,-0.0000759808608564,-0.000869352545124,-0.0000831771321828,-0.000713739078492,0.00863974820822,-0.00416729319841,0.00131179112941,-0.00217090710066,0.00125774624757,-0.0023572195787,0.0014066437725,0.000611272640526],[0.0000802025097073,-0.000136518399813,0.000424162717536,0.000333330623107,-0.000157779766596,-0.00416729319841,0.0127714127302,-0.00630622450262,0.00202441168949,-0.00164299178869,-0.0000491722166771,-0.00069514720235,-0.000586130539887],[-0.000375268020434,0.000119254211313,-0.000441776646767,-0.000933491333853,0.000218312983634,0.00131179112941,-0.00630622450262,0.0162596758455,-0.00615891767666,0.0019649437163,-0.00124923710246,-0.000859615742229,0.000645932101179],[0.000124524216517,-0.000237209664192,-0.0000978255993687,0.000589627423324,0.000766036624555,-0.00217090710066,0.00202441168949,-0.00615891767666,0.0155814969912,-0.00481403619051,0.00130764348432,0.000629667309113,-0.000608112197369],[-0.000283655099338,0.000396457180614,0.000649161695037,-0.000520793313626,-0.00136963021941,0.00125774624757,-0.00164299178869,0.0019649437163,-0.00481403619051,0.0153023023158,-0.0059800571762,0.00266981869936,-0.00104614021257],[0.000207661680179,-0.000341586070135,0.000041526494897,0.00194663682487,-0.00120412488468,-0.0023572195787,-0.0000491722166771,-0.00124923710246,0.00130764348432,-0.0059800571762,0.017497561872,-0.00781393423676,0.00336154992692],[1.55755046194e-7,0.000158082810231,-0.00055111706024,-0.000666340813041,0.000308980146656,0.0014066437725,-0.00069514720235,-0.000859615742229,0.000629667309113,0.00266981869936,-0.00781393423676,0.0179157797247,-0.00671577546746],[0.000242509704549,0.000187646044651,0.00036005830043,-0.00030031055212,0.000558575964533,0.000611272640526,-0.000586130539887,0.000645932101179,-0.000608112197369,-0.00104614021257,0.00336154992692,-0.00671577546746,0.0168409980834]],"mean":[-663.658874512,92.0966186523,18.0634365082,20.6027259827,1.5325884819,7.91815233231,1.99700891972,7.12020301819,-0.908994495869,4.41750907898,0.0695947632194,1.87623333931,-1.60997831821]},"pitch_salience":{"dmean":0.0728471428156,"dmean2":0.119358725846,"dvar":0.00463306810707,"dvar2":0.0120242070407,"max":0.940328776836,"mean":0.571801066399,"median":0.585837602615,"min":0.0887818112969,"var":0.0124567877501},"silence_rate_20dB":{"dmean":0,"dmean2":0,"dvar":0,"dvar2":0,"max":1,"mean":1,"median":1,"min":1,"var":0},"silence_rate_30dB":{"dmean":0,"dmean2":0,"dvar":0,"dvar2":0,"max":1,"mean":1,"median":1,"min":1,"var":0},"silence_rate_60dB":{"dmean":0.0278181824833,"dmean2":0.0556414201856,"dvar":0.0270403213799,"dvar2":0.0621861852705,"max":1,"mean":0.177711114287,"median":0,"min":0,"var":0.146141722798},"spectral_centroid":{"dmean":318.885070801,"dmean2":486.313568115,"dvar":167089.125,"dvar2":310094.6875,"max":11785.6513672,"mean":1693.8918457,"median":1791.5,"min":105.056015015,"var":727661.3125},"spectral_complexity":{"dmean":2.90745449066,"dmean2":4.67642498016,"dvar":10.1661691666,"dvar2":25.2927589417,"max":59,"mean":20.5430412292,"median":15,"min":0,"var":274.852661133},"spectral_contrast_coeffs":{"dmean":[0.054858814925,0.0469748415053,0.0387895442545,0.0298688653857,0.0225514415652,0.01818032749],"dmean2":[0.0901455879211,0.0769029408693,0.0623192377388,0.0482337884605,0.0364046096802,0.0294921193272],"dvar":[0.00215269601904,0.00146379484795,0.000983990146779,0.000665126426611,0.000427513412433,0.00029988391907],"dvar2":[0.00564903393388,0.00383289111778,0.0025128624402,0.00163053337019,0.00104603532236,0.000688154250383],"max":[-0.332864791155,-0.466188669205,-0.512084364891,-0.569631099701,-0.599018752575,-0.571304321289],"mean":[-0.674409687519,-0.753029465675,-0.769157350063,-0.798796236515,-0.802217006683,-0.773677825928],"median":[-0.679628431797,-0.757898211479,-0.771780431271,-0.801481485367,-0.800105273724,-0.764676809311],"min":[-0.980861723423,-0.966740787029,-0.966612935066,-0.965145647526,-0.962676942348,-0.961998045444],"var":[0.00581126753241,0.00458614295349,0.00445327209309,0.00287677301094,0.00168904056773,0.00198630429804]},"spectral_contrast_valleys":{"dmean":[0.41014328599,0.388729393482,0.342056363821,0.320422291756,0.295871198177,0.296515762806],"dmean2":[0.674337863922,0.624085128307,0.536462783813,0.489377766848,0.435067236423,0.405818849802],"dvar":[0.12838152051,0.134646311402,0.12529411912,0.126151800156,0.155538290739,0.195214956999],"dvar2":[0.312092512846,0.305590510368,0.266409784555,0.262991160154,0.293735861778,0.331379920244],"max":[-5.34577178955,-4.81336212158,-5.03522539139,-5.79094314575,-5.57643079758,-7.3409409523],"mean":[-7.59946966171,-7.21282863617,-7.76671457291,-8.14341831207,-7.82912635803,-9.8573217392],"median":[-7.09447431564,-6.78567361832,-7.31814050674,-7.56971073151,-7.25490999222,-9.13936519623],"min":[-27.5043888092,-27.46667099,-27.4426250458,-27.3334064484,-27.4147224426,-27.3531074524],"var":[3.10830330849,2.55254244804,3.04322981834,3.3851108551,3.4068646431,2.87991738319]},"spectral_decrease":{"dmean":1.51319612396e-9,"dmean2":2.46471665299e-9,"dvar":4.98516484818e-18,"dvar2":1.2994521041e-17,"max":3.57991783597e-15,"mean":-4.63351312874e-9,"median":-3.66942032315e-9,"min":-2.75591069965e-8,"var":1.66267951878e-17},"spectral_energy":{"dmean":0.00594749720767,"dmean2":0.00967474188656,"dvar":0.0000757514790166,"dvar2":0.000197492234292,"max":0.106510177255,"mean":0.0196243785322,"median":0.0155413160101,"min":1.09101326166e-20,"var":0.00029175716918},"spectral_energyband_high":{"dmean":0.000465990335215,"dmean2":0.000708769308403,"dvar":7.86753730608e-7,"dvar2":0.00000155861675921,"max":0.0204402487725,"mean":0.00157552107703,"median":0.00129146699328,"min":7.53601039141e-21,"var":0.00000303164074467},"spectral_energyband_low":{"dmean":0.00355200166814,"dmean2":0.00586032867432,"dvar":0.0000400451936002,"dvar2":0.00010391552496,"max":0.0764603465796,"mean":0.00579347740859,"median":0.00394347356632,"min":1.43591080987e-23,"var":0.0000507043550897},"spectral_energyband_middle_high":{"dmean":0.00133505952545,"dmean2":0.00203559477814,"dvar":0.00000534855871592,"dvar2":0.0000127747953229,"max":0.0526174157858,"mean":0.00559751037508,"median":0.00252336123958,"min":1.54243476211e-21,"var":0.000050314632972},"spectral_energyband_middle_low":{"dmean":0.00331121101044,"dmean2":0.00552435358986,"dvar":0.0000321014522342,"dvar2":0.0000867267008289,"max":0.0778562128544,"mean":0.00747603317723,"median":0.00548877520487,"min":4.29621726919e-22,"var":0.0000616704273853},"spectral_entropy":{"dmean":0.17111903429,"dmean2":0.250808507204,"dvar":0.0633130520582,"dvar2":0.119714185596,"max":9.81551837921,"mean":7.82427167892,"median":8.02098178864,"min":4.80983400345,"var":0.341544687748},"spectral_flux":{"dmean":0.0172202028334,"dmean2":0.0273414161056,"dvar":0.000397172116209,"dvar2":0.000828268006444,"max":0.256330192089,"mean":0.0720521062613,"median":0.0679879337549,"min":6.87864834537e-11,"var":0.00209731585346},"spectral_kurtosis":{"dmean":1.24773347378,"dmean2":1.93599832058,"dvar":9.14185810089,"dvar2":21.3081569672,"max":79.0287780762,"mean":3.20216274261,"median":2.33085393906,"min":-1.25622415543,"var":18.1960277557},"spectral_rms":{"dmean":0.000588309485465,"dmean2":0.000933920789976,"dvar":4.76187949516e-7,"dvar2":0.00000122585174722,"max":0.0101937418804,"mean":0.00386299425736,"median":0.00389387458563,"min":3.26251916108e-12,"var":0.00000422305947723},"spectral_rolloff":{"dmean":815.21307373,"dmean2":1348.27368164,"dvar":1994388.25,"dvar2":4131684.25,"max":22028.4667969,"mean":2505.15112305,"median":1894.921875,"min":21.533203125,"var":8374782},"spectral_skewness":{"dmean":0.214362993836,"dmean2":0.313342362642,"dvar":0.116118334234,"dvar2":0.230168655515,"max":7.86826753616,"mean":1.33334064484,"median":1.22967839241,"min":-0.473116368055,"var":0.3723128438},"spectral_spread":{"dmean":649233,"dmean2":951427.1875,"dvar":971595972608,"dvar2":1795072196610,"max":40788576,"mean":6034008,"median":5525982,"min":1028608.875,"var":8342203793410},"spectral_strongpeak":{"dmean":0.45585924387,"dmean2":0.796052277088,"dvar":0.552857577801,"dvar2":1.46588635445,"max":7.23101711273,"mean":0.636764407158,"median":0.260489046574,"min":0,"var":0.789714634418},"zerocrossingrate":{"dmean":0.0154025657102,"dmean2":0.0176631826907,"dvar":0.000374739262043,"dvar2":0.000441904616309,"max":0.90673828125,"mean":0.0935840010643,"median":0.08544921875,"min":0.0029296875,"var":0.00785290636122}},"metadata":{"audio_properties":{"analysis_sample_rate":44100,"bit_rate":265455,"codec":"aac","downmix":"mix","equal_loudness":0,"length":255.419494629,"lossless":false,"md5_encoded":"5eddee4830de94577c97aa05f2a43d97","replay_gain":-14.4320545197,"sample_rate":44100},"tags":{"album":["Battle for the Sun (Deluxe Edition)"],"albumartistsort":["Placebo"],"artist":["Placebo"],"artistsort":["Placebo"],"asin":["B003VY8PXG"],"catalognumber":["BATTLE09CDX"],"composer":["Placebo"],"date":["2010-09-27"],"discnumber":["2/2"],"engineer":["Dario Dendi"],"file_name":"2-01 Trigger Happy Hands.m4a","genre":["Indie rock"],"isrc":["JEA001000114"],"label":["Dreambrother Ltd"],"language":["English"],"media":["CD"],"musicbrainz_albumartistid":["847e8284-8582-4b0e-9c26-b042a4f49e57"],"musicbrainz_albumid":["864da599-2f9a-4cd3-bbef-5ecfe6306210"],"musicbrainz_artistid":["847e8284-8582-4b0e-9c26-b042a4f49e57"],"musicbrainz_recordingid":["a9007cec-4e3d-457c-9548-a19894b48c3f"],"musicbrainz_releasegroupid":["9d23bc44-30df-3403-b0ef-382b013a1fab"],"producer":["Dimitri Tikovoï"],"script":["Latin"],"title":["Trigger Happy Hands"],"tracknumber":["1/10"]},"version":{"essentia":"2.1-beta2","essentia_build_sha":"c0e182ba78c2de26e491b7b7a4a2c98c1ed34208","essentia_git_sha":"v2.1_beta2-2-gbb40004","extractor":"music 1.0"}},"rhythm":{"beats_count":455,"beats_loudness":{"dmean":0.00700213573873,"dmean2":0.0122772017494,"dvar":0.0000609566050116,"dvar2":0.000175732027856,"max":0.0708906799555,"mean":0.0221005938947,"median":0.0208826754242,"min":9.39238642417e-9,"var":0.000256913772319},"beats_loudness_band_ratio":{"dmean":[0.168372958899,0.11645065248,0.111249126494,0.109285093844,0.051284737885,0.0750494897366],"dmean2":[0.289586424828,0.214478954673,0.196680784225,0.190704002976,0.0902679935098,0.130313560367],"dvar":[0.0211855061352,0.0135516328737,0.011801097542,0.0171123445034,0.00258426414803,