{"lowlevel":{"average_loudness":0.929995179176,"barkbands":{"dmean":[0.0000649002249702,0.00297242635861,0.00204900070094,0.00161929114256,0.00114135025069,0.000757293368224,0.000519725494087,0.000325202330714,0.000496403197758,0.000443152501248,0.000185016775504,0.000278916006209,0.000171194085851,0.000305328663671,0.000401714496547,0.000383312988561,0.000530270917807,0.00037704515853,0.000305375520838,0.000154261113494,0.000141139273182,0.000169335311512,0.000110404274892,0.0000847863339004,0.0000617730329395,0.0000236899995798,0.00000859677220433],"dmean2":[0.000096933254099,0.00470687588677,0.00366523792036,0.00266449828632,0.00202542776242,0.00129347061738,0.00086512969574,0.000521607056726,0.000764803786296,0.000674106471706,0.000295930018183,0.000429923122283,0.000276000093436,0.00048036975204,0.000628842914011,0.000588025548495,0.000858557643369,0.00059224764118,0.00049085234059,0.000238888489548,0.000199424743187,0.000235769795836,0.000150320935063,0.000114540845971,0.000084125509602,0.0000323877102346,0.0000124570387925],"dvar":[2.66616275724e-8,0.0000568968389416,0.0000253027483268,0.0000153874716489,0.0000124327334561,0.00000420854939875,0.00000119510343666,4.13608148619e-7,9.94595097836e-7,8.05449360541e-7,1.51165110651e-7,3.69991425941e-7,1.38593492238e-7,5.12907377015e-7,7.46247053485e-7,7.27483438823e-7,8.33866181438e-7,4.27929677471e-7,2.5194481168e-7,6.62618262481e-8,7.59020508667e-8,1.13100824706e-7,5.35617452613e-8,5.15232549958e-8,1.47287391172e-8,1.9347223823e-9,6.21045326277e-10],"dvar2":[5.76085241732e-8,0.000122647819808,0.0000724272686057,0.000038560196117,0.0000358078468707,0.0000112939360406,0.00000324707752952,0.00000103401248452,0.00000212802956412,0.00000175081618181,3.63460571862e-7,8.45266640681e-7,3.44326593904e-7,0.0000012325458556,0.00000175553634563,0.00000137879101203,0.00000210127950595,0.00000101429657207,6.19610432295e-7,1.54991553813e-7,1.44517443346e-7,2.18364391458e-7,1.01140336994e-7,9.36984676514e-8,2.82148615582e-8,3.92193744148e-9,1.54591051071e-9],"max":[0.00194650574122,0.0754993781447,0.0535005629063,0.0503829196095,0.0406895168126,0.0342878438532,0.0130477789789,0.012111697346,0.021350312978,0.0171730648726,0.00785655435175,0.0127567620948,0.00672595808282,0.0160483960062,0.017248602584,0.0349878668785,0.0196441430598,0.0184568110853,0.00913390610367,0.00444248598069,0.00361833488569,0.00736334873363,0.00432143779472,0.0120906028897,0.00185062980745,0.00126069132239,0.00104079733137],"mean":[0.0000780646005296,0.0035780321341,0.00240698619746,0.00186091766227,0.00130024040118,0.00105426670052,0.000803132308647,0.000528913573362,0.000884772278368,0.000954266579356,0.000281186104985,0.000493627798278,0.000243685586611,0.00050143286353,0.000759670394473,0.000730508589186,0.00114334875252,0.000806326046586,0.000682772370055,0.000303552486002,0.000271617813269,0.000324461929267,0.000212386861676,0.000179918773938,0.000123063713545,0.0000498287554365,0.0000136827402457],"median":[0.0000224629693548,0.0012464101892,0.00131239078473,0.000627532135695,0.000664795516059,0.000535908446182,0.000484634394525,0.000289047602564,0.000394459231757,0.000212680897675,0.000102492238511,0.000177014662768,0.0000815590756247,0.000160390729434,0.000271297176369,0.000309984694468,0.000763049989473,0.000499043788295,0.000415275339037,0.000140114687383,0.000112221023301,0.000120625409181,0.0000681995443301,0.0000767168676248,0.0000569207477383,0.0000272542511084,0.00000565874825043],"min":[1.31928151156e-23,3.53512300566e-23,2.50752297157e-23,4.92386277329e-23,3.03392748704e-23,3.40922048964e-23,6.67894686318e-24,1.2721230911e-23,4.59879749116e-23,4.57241230269e-23,8.16932930741e-23,4.96683423561e-23,8.8620943326e-23,9.66280960842e-23,1.28030585061e-22,2.49383241678e-22,4.08291382426e-22,1.63655922194e-22,2.32251303275e-22,2.17102876732e-22,3.44284748433e-22,6.21513442157e-22,5.55136792325e-22,6.86785838182e-22,1.30881702553e-21,1.47890169709e-21,3.01813890934e-21],"var":[3.0950332075e-8,0.0000634220778011,0.0000175464665517,0.0000160835716088,0.00000804336923466,0.00000374083992938,0.00000121336893244,6.60383761897e-7,0.00000223929669119,0.0000035423670397,3.08820375494e-7,8.27733799724e-7,2.03433089041e-7,8.70484200277e-7,0.00000172933073372,0.00000260544538833,0.00000188792591871,9.45481019698e-7,6.34950083622e-7,1.51615452637e-7,1.64414061032e-7,2.52161242997e-7,1.22445982242e-7,1.25898665715e-7,3.29385159148e-8,4.43138459261e-9,7.21811665993e-10]},"barkbands_crest":{"dmean":2.42461323738,"dmean2":3.75454497337,"dvar":7.24426746368,"dvar2":15.0166864395,"max":24.956533432,"mean":7.85203933716,"median":6.78436040878,"min":2.27870750427,"var":15.6044893265},"barkbands_flatness_db":{"dmean":0.0168911460787,"dmean2":0.0253174547106,"dvar":0.00038185887388,"dvar2":0.000822596310172,"max":0.32615596056,"mean":0.0884969383478,"median":0.0790987014771,"min":0.0198605023324,"var":0.00178328156471},"barkbands_kurtosis":{"dmean":1.53044974804,"dmean2":2.4811205864,"dvar":14.721701622,"dvar2":37.8755493164,"max":67.3669967651,"mean":0.614350020885,"median":-0.749762773514,"min":-1.86755549908,"var":19.4235973358},"barkbands_skewness":{"dmean":0.481206357479,"dmean2":0.726529061794,"dvar":0.35533747077,"dvar2":0.779174268246,"max":7.65261888504,"mean":0.728528916836,"median":0.541865766048,"min":-3.37432527542,"var":1.02902233601},"barkbands_spread":{"dmean":6.67821073532,"dmean2":10.1305074692,"dvar":61.8996429443,"dvar2":129.813476562,"max":99.222328186,"mean":36.233039856,"median":34.9747619629,"min":2.1958091259,"var":220.133056641},"dissonance":{"dmean":0.0106734279543,"dmean2":0.0180583354086,"dvar":0.000154344321345,"dvar2":0.000409636617405,"max":0.5,"mean":0.47981145978,"median":0.48465949297,"min":0.276353001595,"var":0.000331040646415},"dynamic_complexity":2.96014070511,"erbbands":{"dmean":[0.0812487006187,0.740895926952,2.24924516678,3.75680184364,4.72009181976,3.31816864014,5.15494823456,7.01164388657,6.19210577011,8.4738702774,7.81040334702,11.7575731277,15.8478164673,8.40510749817,7.56801939011,12.2054367065,7.82515716553,13.1263065338,17.0405826569,19.1497344971,22.062746048,25.7770767212,22.053976059,15.9635286331,11.9235019684,6.27387666702,6.03087282181,5.76435136795,6.05855464935,4.76894283295,2.8964073658,2.11602091789,1.23939716816,0.826174914837,0.383073657751,0.120504900813,0.041374579072,0.0122234569862,0.00157224654686,0.0000524033348483],"dmean2":[0.124690435827,1.21984314919,4.01125669479,6.32970905304,8.17319107056,5.74920797348,8.81772422791,12.027923584,10.406835556,13.5588130951,12.5811357498,18.0443878174,23.5560741425,13.4276638031,12.1013183594,18.5477027893,12.456946373,20.3226566315,26.668504715,29.3009872437,34.0004501343,41.125164032,34.7100486755,25.6299495697,18.8278484344,9.56066131592,8.71014881134,8.235039711,8.63403987885,6.48743391037,3.9751021862,2.960470438,1.67856788635,1.12660419941,0.53506320715,0.165596619248,0.0578467324376,0.0174503456801,0.00228465208784,0.0000741722178645],"dvar":[0.0474348515272,3.64247465134,32.4002532959,61.9699707031,185.542861938,79.8183364868,231.501403809,408.801574707,166.035842896,279.39276123,278.104370117,657.231750488,1064.47924805,292.217895508,244.502120972,777.947814941,278.968566895,864.662902832,1853.75622559,1669.76477051,2691.79882812,1811.86181641,1483.57849121,681.03692627,378.547851562,116.279266357,139.655700684,127.831321716,144.810775757,112.848266602,38.2657623291,34.1842002869,9.80276489258,2.7405102253,0.565197527409,0.0448310561478,0.00702013494447,0.000940056168474,0.0000185585831787,1.52222590089e-8],"dvar2":[0.0989890620112,8.71629524231,92.289024353,160.430801392,514.787475586,228.357757568,620.976257324,1126.04870605,440.900909424,747.566101074,696.213500977,1426.7298584,2251.72900391,708.160400391,596.430541992,1760.04833984,690.774475098,2028.77307129,4328.03076172,3795.03051758,4951.77490234,4349.95214844,3615.06152344,1702.73376465,882.741516113,263.144378662,285.550750732,250.561935425,290.814666748,205.483779907,74.4831542969,73.0909805298,16.1896114349,5.25649499893,1.14911794662,0.0874628722668,0.0152789074928,0.00219671847299,0.0000466847195639,3.58591982774e-8],"max":[2.24567246437,16.4226360321,50.973526001,128.515319824,146.606018066,117.315895081,193.782348633,369.492980957,199.154846191,238.555145264,320.709503174,602.754211426,662.491333008,467.312561035,286.342285156,633.770629883,343.79574585,605.252624512,1313.67321777,950.579711914,2401.85693359,1132.22644043,1078.95715332,851.763977051,394.765075684,209.616775513,183.100250244,152.725189209,166.940963745,402.012237549,101.860038757,204.81439209,209.113418579,47.6489372253,14.0420436859,3.93616199493,3.01893496513,1.07398474216,0.165315106511,0.00411781296134],"mean":[0.0907869338989,0.855429589748,2.6101064682,4.76235628128,4.96729183197,4.46283578873,6.26696252823,9.40395069122,9.30553627014,13.7796554565,12.8769369125,21.3579139709,36.3683662415,15.0668468475,12.3034963608,22.4807071686,12.9281358719,23.0981464386,30.015247345,44.097454071,49.4522094727,61.5723419189,50.368183136,37.6419181824,26.3257102966,13.0695981979,11.4234733582,11.4785394669,11.4677610397,8.93675708771,5.50199079514,4.20871496201,2.587849617,1.63601839542,0.736854970455,0.251609891653,0.0836040824652,0.022596584633,0.00245447456837,0.0000961546611506],"median":[0.0209953822196,0.327741265297,1.4197063446,2.25143146515,1.87417340279,2.33699011803,2.99108791351,4.63095903397,5.29115581512,8.17516231537,6.67888450623,10.0888252258,8.8525686264,6.86587095261,5.76017570496,7.73716306686,5.35909128189,7.49155759811,14.5660219193,13.1842279434,27.7328147888,43.806804657,33.824836731,25.5038719177,15.3552246094,6.77960062027,4.6794500351,4.72750854492,4.30848264694,2.9198679924,1.80851757526,1.72612190247,1.12053096294,0.743915915489,0.343985110521,0.138782471418,0.0450082942843,0.0112094078213,0.000963389582466,0.0000499277484778],"min":[1.29236115985e-21,7.27191844057e-21,2.11980315421e-20,1.04942607782e-19,1.68452281518e-19,8.22196720115e-20,8.37578078982e-20,3.40134651629e-19,1.34201756731e-19,1.73841272736e-19,6.40336383705e-19,8.07319902648e-19,1.67523698902e-18,1.82700519268e-18,2.64093333784e-18,2.39843893062e-18,3.70809228099e-18,4.79373871082e-18,4.06768382329e-18,1.10505498214e-17,1.34391215213e-17,2.43988998509e-17,1.15151837889e-17,8.39668806415e-18,1.19500136118e-17,1.09262651072e-17,1.31204501903e-17,1.57780516311e-17,2.05292331401e-17,1.99994140316e-17,1.84623387456e-17,1.4717973354e-17,1.05508541492e-17,1.28128424e-17,9.85845351851e-18,5.9349811904e-18,2.92240098001e-18,1.13303219501e-18,4.21584489909e-19,4.96718080429e-20],"var":[0.0525656566024,3.50563788414,22.119764328,62.0878067017,140.270629883,59.549331665,184.847137451,338.117553711,173.99029541,348.119873047,428.471740723,1406.53405762,5183.78173828,571.600830078,417.440643311,1842.18066406,436.386810303,1662.28710938,3301.44165039,5733.10302734,10517.6357422,4734.14306641,3165.80859375,1734.69750977,1040.44311523,248.314056396,292.757202148,276.384002686,307.826385498,245.101303101,84.7065963745,66.9149551392,26.076335907,6.1899728775,1.17950797081,0.107472985983,0.0138584524393,0.00143636588473,0.0000216731750697,2.06216910215e-8]},"erbbands_crest":{"dmean":2.25934147835,"dmean2":3.57983922958,"dvar":5.12147378922,"dvar2":11.9774656296,"max":32.9298171997,"mean":8.53319644928,"median":7.55682992935,"min":2.00050616264,"var":17.3583030701},"erbbands_flatness_db":{"dmean":0.0141777843237,"dmean2":0.0201339591295,"dvar":0.000259000546066,"dvar2":0.000468417623779,"max":0.412070870399,"mean":0.138585016131,"median":0.129649892449,"min":0.0335896462202,"var":0.00224260496907},"erbbands_kurtosis":{"dmean":0.794575810432,"dmean2":1.2204785347,"dvar":1.33788704872,"dvar2":2.8511402607,"max":27.7334651947,"mean":0.433105617762,"median":-0.119463920593,"min":-1.72012269497,"var":3.90154194832},"erbbands_skewness":{"dmean":0.30534568429,"dmean2":0.458992391825,"dvar":0.0884746536613,"dvar2":0.186544030905,"max":3.60008239746,"mean":-0.407953888178,"median":-0.436042934656,"min":-4.89437246323,"var":0.492039263248},"erbbands_spread":{"dmean":7.05480623245,"dmean2":10.7778234482,"dvar":66.0385971069,"dvar2":147.047912598,"max":127.810562134,"mean":37.4128875732,"median":34.5381660461,"min":3.51404643059,"var":254.875076294},"gfcc":{"cov":[[8511.83300781,-1007.82684326,-77.7639389038,564.137207031,-297.637420654,427.338195801,-192.953277588,178.449691772,-102.11630249,85.0538330078,-162.824264526,2.7870619297,-73.7384872437],[-1007.82684326,1341.4921875,-310.157073975,-19.5754356384,231.444625854,-311.957733154,93.5886764526,-45.1190223694,84.6819915771,-46.8318824768,66.9702453613,-16.2742347717,52.0829391479],[-77.7639389038,-310.157073975,879.276794434,112.587402344,-7.9618434906,184.358947754,-56.0394859314,73.2783126831,-20.5764141083,28.5483093262,-16.7914066315,33.7016296387,-12.0397119522],[564.137207031,-19.5754356384,112.587402344,329.464904785,-14.7554998398,37.9174041748,15.6436767578,4.31401634216,39.2249450684,20.9382171631,-7.98096227646,-3.64034628868,-1.02016603947],[-297.637420654,231.444625854,-7.9618434906,-14.7554998398,281.482147217,0.314837306738,36.3606185913,55.1970710754,37.8510322571,24.6225280762,24.6710071564,14.6507711411,15.4144411087],[427.338195801,-311.957733154,184.358947754,37.9174041748,0.314837306738,259.953674316,28.4668807983,58.4106826782,-21.4053211212,28.9466590881,-3.6177957058,21.2709217072,-15.8239507675],[-192.953277588,93.5886764526,-56.0394859314,15.6436767578,36.3606185913,28.4668807983,145.750732422,26.8336009979,18.8747425079,1.40499258041,23.0155315399,2.43945026398,5.87278604507],[178.449691772,-45.1190223694,73.2783126831,4.31401634216,55.1970710754,58.4106826782,26.8336009979,145.795593262,45.9514312744,9.63690471649,-5.05662488937,19.8067340851,7.60267448425],[-102.11630249,84.6819915771,-20.5764141083,39.2249450684,37.8510322571,-21.4053211212,18.8747425079,45.9514312744,101.400939941,21.4710865021,7.64914274216,1.46932542324,15.6980695724],[85.0538330078,-46.8318824768,28.5483093262,20.9382171631,24.6225280762,28.9466590881,1.40499258041,9.63690471649,21.4710865021,78.7034835815,26.8674106598,2.58220791817,-2.08612108231],[-162.824264526,66.9702453613,-16.7914066315,-7.98096227646,24.6710071564,-3.6177957058,23.0155315399,-5.05662488937,7.64914274216,26.8674106598,71.9250640869,27.2956676483,-2.53954100609],[2.7870619297,-16.2742347717,33.7016296387,-3.64034628868,14.6507711411,21.2709217072,2.43945026398,19.8067340851,1.46932542324,2.58220791817,27.2956676483,54.7648200989,16.969997406],[-73.7384872437,52.0829391479,-12.0397119522,-1.02016603947,15.4144411087,-15.8239507675,5.87278604507,7.60267448425,15.6980695724,-2.08612108231,-2.53954100609,16.969997406,54.0006065369]],"icov":[[0.000204577590921,-0.00000958716009336,0.000234242514125,-0.000426831480581,0.000187661134987,-0.000271414493909,0.000378596130759,-0.000474600237794,0.000466275901999,-0.000367820903193,0.000431345571997,-0.000238899956457,0.000170909552253],[-0.00000958716009336,0.00160346692428,0.0000140514930536,-0.000150786567247,-0.00122745463159,0.0015532777179,-0.000738177041057,0.000405928964028,-0.00059793505352,0.00146426691208,-0.00172538449988,0.00117056572344,-0.000949275563471],[0.000234242514125,0.0000140514930536,0.00179865141399,-0.000992078683339,0.000188807200175,-0.00112192635424,0.0012514537666,-0.00115573650692,0.00100015185308,-0.000635014439467,0.000700635719113,-0.000880457693711,0.000326903653331],[-0.000426831480581,-0.000150786567247,-0.000992078683339,0.00449047144502,0.0000254200786003,0.000039502097934,-0.00138645560946,0.00198532594368,-0.0029288767837,-0.00000710269114279,0.000300646875985,0.0000939351739362,0.000137596958666],[0.000187661134987,-0.00122745463159,0.000188807200175,0.0000254200786003,0.00528775900602,-0.00108603783883,0.000263016263489,-0.00213482277468,0.000399928860134,-0.00232749106362,0.00072240474401,-0.00100403290708,0.0000703390396666],[-0.000271414493909,0.0015532777179,-0.00112192635424,0.000039502097934,-0.00108603783883,0.00797497946769,-0.0031324790325,-0.00102025945671,0.00140913459472,-0.00121825595852,0.000342674640706,-0.00161594140809,0.00108035316225],[0.000378596130759,-0.000738177041057,0.0012514537666,-0.00138645560946,0.000263016263489,-0.0031324790325,0.00997415184975,-0.00261665252037,0.000533456914127,0.00120348238852,-0.00349079840817,0.00262713199481,-0.00132590683643],[-0.000474600237794,0.000405928964028,-0.00115573650692,0.00198532594368,-0.00213482277468,-0.00102025945671,-0.00261665252037,0.0124808093533,-0.00700030848384,0.00136186066084,0.00267430883832,-0.00397364189848,0.00104019150604],[0.000466275901999,-0.00059793505352,0.00100015185308,-0.0029288767837,0.000399928860134,0.00140913459472,0.000533456914127,-0.00700030848384,0.0168707296252,-0.00504879513755,0.000244363327511,0.00141189352144,-0.00292422040366],[-0.000367820903193,0.00146426691208,-0.000635014439467,-0.00000710269114279,-0.00232749106362,-0.00121825595852,0.00120348238852,0.00136186066084,-0.00504879513755,0.020289465785,-0.0117947161198,0.00727591663599,-0.00266114762053],[0.000431345571997,-0.00172538449988,0.000700635719113,0.000300646875985,0.00072240474401,0.000342674640706,-0.00349079840817,0.00267430883832,0.000244363327511,-0.0117947161198,0.0297599378973,-0.0192264318466,0.00922722369432],[-0.000238899956457,0.00117056572344,-0.000880457693711,0.0000939351739362,-0.00100403290708,-0.00161594140809,0.00262713199481,-0.00397364189848,0.00141189352144,0.00727591663599,-0.0192264318466,0.0347772836685,-0.0135254366323],[0.000170909552253,-0.000949275563471,0.000326903653331,0.000137596958666,0.0000703390396666,0.00108035316225,-0.00132590683643,0.00104019150604,-0.00292422040366,-0.00266114762053,0.00922722369432,-0.0135254366323,0.0254686456174]],"mean":[15.8182868958,60.3346633911,-117.767982483,34.7828216553,-46.7304458618,4.75948572159,-38.3899497986,17.4998397827,-18.6838302612,-2.18099331856,-21.0441608429,2.61131167412,-15.7264108658]},"hfc":{"dmean":6.913230896,"dmean2":9.32577228546,"dvar":117.144569397,"dvar2":194.810577393,"max":207.45854187,"mean":25.5474910736,"median":22.1794605255,"min":1.31011207992e-16,"var":391.463378906},"melbands":{"dmean":[0.000762345036492,0.00108138099313,0.000702609366272,0.000261102599325,0.000174689790583,0.00014992422075,0.000097062860732,0.0000845826652949,0.000067234999733,0.0000759463800932,0.0000793646759121,0.0000354815274477,0.0000251543115155,0.0000299606781482,0.0000266243478109,0.000016170395611,0.0000277984654531,0.0000288528644887,0.0000288630126306,0.0000242486348725,0.000030166707802,0.0000309795686917,0.0000305044941342,0.0000141824111779,0.0000145053709275,0.0000118553289212,0.00000743654209145,0.00000392357196688,0.00000411564087699,0.00000326243548443,0.00000377849096367,0.00000368543987861,0.0000033412322864,0.00000265563699031,0.00000189987463273,0.00000138482914736,0.00000131875299303,9.251958204e-7,8.11462484762e-7,7.14051168416e-7],"dmean2":[0.00117263547145,0.00185926246922,0.00118566700257,0.000454246386653,0.000297340011457,0.000256036815699,0.000163691074704,0.000135299371323,0.000108107895358,0.000116286420962,0.000118236537674,0.0000568921968807,0.0000400583630835,0.0000462218667963,0.0000416574366682,0.0000258132749877,0.000043337684474,0.0000454642904515,0.0000451427658845,0.0000370834350178,0.0000475090346299,0.0000495685198985,0.0000489037920488,0.0000221055233851,0.0000236252799368,0.0000189936454262,0.0000118626012409,0.00000607369975114,0.00000612085068497,0.00000471958810522,0.00000561836577617,0.00000546927822143,0.00000473760883324,0.00000372329373022,0.00000269278052656,0.00000200184331334,0.00000190283651591,0.00000129931186166,0.00000113930559564,0.00000100393049252],"dvar":[0.00000385048178941,0.00000719036324881,0.00000242532246375,5.53218399091e-7,2.66023477025e-7,1.70232240748e-7,4.30270965524e-8,2.63826951397e-8,1.92149460787e-8,2.82533374474e-8,2.69485820326e-8,5.52313306201e-9,2.80053913393e-9,4.4395132015e-9,3.22466031655e-9,1.39889066997e-9,4.21878132428e-9,5.97393601254e-9,4.33015090451e-9,2.48555465099e-9,4.55414284062e-9,3.17240544945e-9,3.12964920646e-9,7.0874656144e-10,6.10017369951e-10,4.78586337227e-10,1.51241810742e-10,5.22366212785e-11,6.41103073407e-11,4.24084378725e-11,5.40399287818e-11,5.21678637788e-11,5.46001507895e-11,3.25785717847e-11,1.66452841094e-11,1.28477012015e-11,1.4429537426e-11,6.2689931371e-12,3.44568124033e-12,1.93815861797e-12],"dvar2":[0.0000078072598626,0.0000196144919755,0.00000634082789475,0.00000156954433805,7.21705077922e-7,4.64668005407e-7,1.15888376229e-7,7.04543126062e-8,4.83370250492e-8,6.0715748873e-8,5.72305154378e-8,1.32712791867e-8,6.65173294223e-9,1.00181392071e-8,7.85743292653e-9,3.50506534907e-9,9.89892612324e-9,1.41829534783e-8,1.03478825508e-8,5.50625456341e-9,9.10256403586e-9,7.34018046344e-9,7.7614110694e-9,1.47246237425e-9,1.55135160274e-9,1.11490339183e-9,3.83799908521e-10,1.202829919e-10,1.38073261158e-10,8.3296217146e-11,1.15495099595e-10,1.1240451625e-10,1.08118243525e-10,6.1814740826e-11,3.40981583247e-11,2.9830592857e-11,3.02738077662e-11,1.08915281308e-11,6.53717531496e-12,3.88419981942e-12],"max":[0.0214291606098,0.0247116070241,0.0222440473735,0.00944084115326,0.00639520166442,0.0074150566943,0.00273302709684,0.00248405896127,0.00258993497118,0.00410357583314,0.003251736518,0.00221136747859,0.00103855784982,0.0014345056843,0.0011198312277,0.000719007162843,0.00132642604876,0.00249021942727,0.00146747019608,0.000933599891141,0.00284031569026,0.00167501205578,0.00126947415993,0.00103247223888,0.000788264500443,0.00056885345839,0.000280003732769,0.000142021715874,0.000117884206702,0.0000899216902326,0.0000982005658443,0.000111826637294,0.000189982732991,0.000209518781048,0.0000650759757264,0.000160345851327,0.000156619033078,0.000168098616996,0.000105429076939,0.000019464729121],"mean":[0.000912093964871,0.00131330755539,0.000874169869348,0.000316213903716,0.000222982940613,0.000208463490708,0.000146783306263,0.000139809912071,0.000107116218715,0.000136778980959,0.000178543938091,0.0000587640788581,0.0000385022758564,0.0000523492635693,0.0000450436891697,0.0000237442982325,0.0000465922821604,0.0000456415873487,0.0000572288663534,0.0000498858134961,0.0000621466897428,0.0000647941342322,0.0000631978473393,0.0000298634076898,0.0000311049334414,0.0000237286931224,0.0000137199085657,0.00000715894975656,0.00000727105270926,0.00000618098056293,0.00000696903407515,0.00000670005283609,0.00000575527792535,0.00000473152567793,0.00000329308045366,0.0000025777690098,0.00000253549706031,0.00000182343956112,0.00000157815895818,0.00000132793593366],"median":[0.000280484411633,0.000689926557243,0.000409552361816,0.000163133037859,0.000112826885015,0.000107857209514,0.0000857371123857,0.0000841575310915,0.0000509815072292,0.0000612685980741,0.0000403468038712,0.0000244872881012,0.0000148269209603,0.0000196637138288,0.000016346344637,0.00000751758443585,0.0000130438384076,0.0000182312960533,0.0000194492404262,0.0000155625166371,0.0000329702925228,0.0000420983778895,0.0000416794282501,0.000016915231754,0.0000200920676434,0.0000131965744004,0.00000668302300255,0.00000353737891601,0.00000284302950604,0.00000245323371928,0.00000279407322523,0.00000253961593444,0.00000187694729448,0.0000014552842913,9.8239752333e-7,0.00000101296279809,0.00000104242565158,7.83401446824e-7,6.77372440805e-7,6.03133173627e-7],"min":[1.13829370628e-23,1.06044899104e-23,2.16875501775e-23,8.37238115778e-24,3.1069026428e-24,7.21495576017e-24,2.09246360908e-24,1.66264051752e-24,6.90857875066e-24,5.14941301556e-24,8.07129109406e-24,6.70716599548e-24,1.04758030309e-23,4.63850527814e-24,9.932114573e-24,7.42832764668e-24,9.61833173731e-24,5.74150479532e-24,1.1375455506e-23,1.78145839208e-23,1.47258384894e-23,2.57671522375e-23,1.53286828378e-23,8.05784732651e-24,6.1575638418e-24,1.01417030826e-23,6.4817643746e-24,7.51864038741e-24,8.05404738353e-24,8.77438151964e-24,8.62152946406e-24,1.27856256267e-23,1.0125735749e-23,1.06214046659e-23,1.03983645001e-23,1.12328010553e-23,7.56537960718e-24,7.14937223109e-24,7.54926712319e-24,1.19633146525e-23],"var":[0.00000452672065876,0.00000562668401471,0.00000233090418078,3.92467882193e-7,2.0837543957e-7,1.46375299437e-7,4.28317328272e-8,3.39163506169e-8,2.9814714253e-8,6.08451244943e-8,1.29686512196e-7,1.0443869769e-8,5.40087796708e-9,9.35000787905e-9,6.14736217486e-9,2.15510298496e-9,7.86683074239e-9,9.53519307956e-9,9.89452608735e-9,7.77957520626e-9,1.66162159587e-8,7.50403117422e-9,6.23410434386e-9,1.68195568584e-9,1.40938138937e-9,1.12322573464e-9,3.34120009438e-10,8.95866991701e-11,1.23785162676e-10,8.93950399816e-11,1.04144366742e-10,1.04264999412e-10,1.04151305635e-10,6.96822599622e-11,3.32361013711e-11,2.12078913459e-11,2.81513527767e-11,1.51142917626e-11,7.95739689419e-12,4.02214503023e-12]},"melbands_crest":{"dmean":3.50707387924,"dmean2":5.48849439621,"dvar":11.4325017929,"dvar2":25.4597091675,"max":31.7577381134,"mean":12.7698040009,"median":11.7381772995,"min":1.0011203289,"var":28.2124614716},"melbands_flatness_db":{"dmean":0.0236949864775,"dmean2":0.035232193768,"dvar":0.000734276603907,"dvar2":0.00149477832019,"max":0.445263117552,"mean":0.145645201206,"median":0.136629909277,"min":-3.45146169423e-8,"var":0.0032611512579},"melbands_kurtosis":{"dmean":5.16728258133,"dmean2":8.24003505707,"dvar":168.010284424,"dvar2":419.807067871,"max":261.901885986,"mean":6.68345403671,"median":2.58327579498,"min":-1.86237776279,"var":202.38494873},"melbands_skewness":{"dmean":0.677909135818,"dmean2":1.03633069992,"dvar":0.822749733925,"dvar2":1.7689396143,"max":13.5792827606,"mean":2.00823950768,"median":1.70585334301,"min":-2.36970472336,"var":2.12104320526},"melbands_spread":{"dmean":10.6814060211,"dmean2":16.0623016357,"dvar":148.834274292,"dvar2":292.934448242,"max":238.154815674,"mean":43.2914276123,"median":41.5722351074,"min":1.59395515919,"var":508.242492676},"mfcc":{"cov":[[7161.49902344,-669.256469727,-43.4883232117,93.2665252686,-11.1889476776,149.849655151,-36.1036453247,45.967918396,22.448551178,89.7306671143,-10.5454797745,-97.1972961426,-18.2871646881],[-669.256469727,1151.22497559,-364.462799072,157.647872925,66.385269165,-133.42805481,-19.7234191895,-8.02920055389,15.8910951614,-48.3661079407,50.0866851807,-17.0127182007,-14.611082077],[-43.4883232117,-364.462799072,790.02557373,-0.77265894413,80.0005187988,84.6230621338,31.3331565857,37.2850112915,-2.09239864349,31.3344783783,-45.6679801941,31.6437664032,31.5722103119],[93.2665252686,157.647872925,-0.77265894413,266.942108154,33.7860984802,4.06220149994,-22.4514598846,-8.9028339386,35.5497016907,9.29005527496,6.98330497742,15.8954839706,18.961309433],[-11.1889476776,66.385269165,80.0005187988,33.7860984802,217.868453979,15.3691062927,13.10197258,31.6625041962,34.5006256104,24.7675170898,18.1160030365,8.16393375397,10.7356300354],[149.849655151,-133.42805481,84.6230621338,4.06220149994,15.3691062927,138.310073853,56.4713592529,3.54559373856,-3.04189729691,14.5268373489,8.446393013,16.9726257324,7.42496395111],[-36.1036453247,-19.7234191895,31.3331565857,-22.4514598846,13.10197258,56.4713592529,126.810325623,42.403678894,7.22323465347,6.11697435379,20.1529216766,25.6387252808,3.44155931473],[45.967918396,-8.02920055389,37.2850112915,-8.9028339386,31.6625041962,3.54559373856,42.403678894,119.236381531,44.5389976501,20.6624317169,8.94311523438,8.92829608917,6.86032295227],[22.448551178,15.8910951614,-2.09239864349,35.5497016907,34.5006256104,-3.04189729691,7.22323465347,44.5389976501,91.9032287598,46.8306503296,5.08237314224,-3.48743748665,5.69713068008],[89.7306671143,-48.3661079407,31.3344783783,9.29005527496,24.7675170898,14.5268373489,6.11697435379,20.6624317169,46.8306503296,87.6397857666,23.5421524048,-7.32366704941,7.1578745842],[-10.5454797745,50.0866851807,-45.6679801941,6.98330497742,18.1160030365,8.446393013,20.1529216766,8.94311523438,5.08237314224,23.5421524048,68.0441055298,24.8393230438,0.810005247593],[-97.1972961426,-17.0127182007,31.6437664032,15.8954839706,8.16393375397,16.9726257324,25.6387252808,8.92829608917,-3.48743748665,-7.32366704941,24.8393230438,97.5577163696,30.3567733765],[-18.2871646881,-14.611082077,31.5722103119,18.961309433,10.7356300354,7.42496395111,3.44155931473,6.86032295227,5.69713068008,7.1578745842,0.810005247593,30.3567733765,62.007019043]],"icov":[[0.000161577598192,0.000123264631839,0.0000812602229416,-0.000146277816384,-0.0000241070738412,-0.000147162034409,0.000103147489426,-0.000161021060194,0.000127941413666,-0.0000949237364694,-0.0000286736521957,0.000194212669157,0.0000184355667443],[0.000123264631839,0.00149427889846,0.000524010101799,-0.00095424085157,-0.000588430149946,0.0011634035036,-0.000501072441693,-0.000018771559553,-0.00000995715799945,0.000977582414635,-0.00106214382686,0.000704074103851,-0.0000368487199012],[0.0000812602229416,0.000524010101799,0.00185823522042,-0.000365845131455,-0.000826053321362,-0.000457488844404,-0.00008413890464,-0.00066001736559,0.00112918007653,-0.00107968749944,0.00181131705176,-0.000604674743954,-0.000118096257211],[-0.000146277816384,-0.00095424085157,-0.000365845131455,0.00499192532152,-0.0000640808939352,-0.00117256888188,0.00130590773188,0.0010895250598,-0.00261055980809,0.000498579116538,-0.000055603999499,-0.000974124995992,-0.000989803345874],[-0.0000241070738412,-0.000588430149946,-0.000826053321362,-0.0000640808939352,0.00559941353276,-0.000728900777176,0.000348068744643,-0.000645066844299,-0.00159704685211,-0.0000139331823448,-0.00149998534471,0.000254527432844,-0.000492364983074],[-0.000147162034409,0.0011634035036,-0.000457488844404,-0.00117256888188,-0.000728900777176,0.011246394366,-0.0053924061358,0.00182426348329,0.00101666059345,-0.000992239685729,-0.000620733888354,-0.0000534317878191,-0.000245387374889],[0.000103147489426,-0.000501072441693,-0.00008413890464,0.00130590773188,0.000348068744643,-0.0053924061358,0.012482944876,-0.00416805129498,-0.000133387569804,0.000807105214335,-0.00198768498376,-0.00183219765313,0.00075164512964],[-0.000161021060194,-0.000018771559553,-0.00066001736559,0.0010895250598,-0.000645066844299,0.00182426348329,-0.00416805129498,0.0126432208344,-0.00640189275146,0.0011955385562,-0.000937128905207,-0.000100117031252,-0.00081181403948],[0.000127941413666,-0.00000995715799945,0.00112918007653,-0.00261055980809,-0.00159704685211,0.00101666059345,-0.000133387569804,-0.00640189275146,0.0209231805056,-0.0110556306317,0.00477207545191,-0.000784968317021,0.000804978131782],[-0.0000949237364694,0.000977582414635,-0.00107968749944,0.000498579116538,-0.0000139331823448,-0.000992239685729,0.000807105214335,0.0011955385562,-0.0110556306317,0.0215462539345,-0.0102063333616,0.00503175472841,-0.00325771444477],[-0.0000286736521957,-0.00106214382686,0.00181131705176,-0.000055603999499,-0.00149998534471,-0.000620733888354,-0.00198768498376,-0.000937128905207,0.00477207545191,-0.0102063333616,0.0238393675536,-0.00773608218879,0.00359969842248],[0.000194212669157,0.000704074103851,-0.000604674743954,-0.000974124995992,0.000254527432844,-0.0000534317878191,-0.00183219765313,-0.000100117031252,-0.000784968317021,0.00503175472841,-0.00773608218879,0.0160029064864,-0.00733816577122],[0.0000184355667443,-0.0000368487199012,-0.000118096257211,-0.000989803345874,-0.000492364983074,-0.000245387374889,0.00075164512964,-0.00081181403948,0.000804978131782,-0.00325771444477,0.00359969842248,-0.00733816577122,0.0204971171916]],"mean":[-627.662475586,94.9666900635,-9.28629779816,29.6956005096,11.6053266525,-4.74785757065,-5.56553936005,10.3876943588,4.89931106567,-1.18240785599,2.94317364693,-0.604325115681,-2.81815552711]},"pitch_salience":{"dmean":0.0753310620785,"dmean2":0.119537293911,"dvar":0.00559234013781,"dvar2":0.0125272823498,"max":0.996050596237,"mean":0.583826720715,"median":0.599281728268,"min":0.151184767485,"var":0.0135005973279},"silence_rate_20dB":{"dmean":0,"dmean2":0,"dvar":0,"dvar2":0,"max":1,"mean":1,"median":1,"min":1,"var":0},"silence_rate_30dB":{"dmean":0,"dmean2":0,"dvar":0,"dvar2":0,"max":1,"mean":1,"median":1,"min":1,"var":0},"silence_rate_60dB":{"dmean":0.0140096619725,"dmean2":0.0280227083713,"dvar":0.0138146169484,"dvar2":0.0289235133678,"max":1,"mean":0.0501147210598,"median":0,"min":0,"var":0.0476027354598},"spectral_centroid":{"dmean":248.664642334,"dmean2":381.559967041,"dvar":84901.6484375,"dvar2":183972.28125,"max":11263.8974609,"mean":2041.98046875,"median":2081.72827148,"min":240.462936401,"var":324466.5},"spectral_complexity":{"dmean":4.34347820282,"dmean2":6.21741771698,"dvar":23.9124126434,"dvar2":36.7358436584,"max":61,"mean":24.124382019,"median":23,"min":0,"var":131.230728149},"spectral_contrast_coeffs":{"dmean":[0.0515030957758,0.0427656397223,0.0374497324228,0.0303098633885,0.0228481031954,0.0166943520308],"dmean2":[0.0843445360661,0.0704743340611,0.0599393360317,0.0490114055574,0.0362962111831,0.0261964537203],"dvar":[0.00237163365819,0.00129640416708,0.00102573703043,0.000682381680235,0.000398399424739,0.000259576627286],"dvar2":[0.00592653546482,0.00340774585493,0.00239724572748,0.00165386043955,0.00091479049297,0.000567185983527],"max":[-0.291535407305,-0.427395939827,-0.439970165491,-0.539203643799,-0.517114281654,-0.567950487137],"mean":[-0.665403604507,-0.773023545742,-0.768546462059,-0.773948907852,-0.754121899605,-0.762172818184],"median":[-0.672944068909,-0.780099630356,-0.783344507217,-0.785232782364,-0.756046593189,-0.763734221458],"min":[-0.954430937767,-0.996767878532,-0.998413562775,-0.988724946976,-0.989400744438,-0.96002137661],"var":[0.00592007255182,0.00392830464989,0.00560295442119,0.00380392628722,0.00234648236074,0.00207198807038]},"spectral_contrast_valleys":{"dmean":[0.389470160007,0.360601872206,0.332964479923,0.293070495129,0.240217119455,0.24211089313],"dmean2":[0.621029913425,0.569865584373,0.516374051571,0.440847784281,0.351867884398,0.302240401506],"dvar":[0.151879474521,0.14096096158,0.119511500001,0.102004550397,0.0903632417321,0.100194431841],"dvar2":[0.303626596928,0.27929276228,0.228250011802,0.174378424883,0.149775534868,0.139914080501],"max":[-5.45211362839,-4.50844621658,-5.2776722908,-5.74904680252,-5.47259044647,-7.58559989929],"mean":[-7.43983697891,-6.73010253906,-7.37851381302,-7.63480615616,-7.20071172714,-9.78167533875],"median":[-7.16956806183,-6.59432506561,-7.28353834152,-7.54859447479,-7.06396007538,-9.53027820587],"min":[-27.6513271332,-27.2045230865,-27.5498313904,-27.3899116516,-27.2069988251,-27.2641677856],"var":[1.13749825954,0.877708852291,0.796256244183,0.872131824493,1.04196810722,1.57521140575]},"spectral_decrease":{"dmean":2.08970041271e-9,"dmean2":3.214124078e-9,"dvar":1.33644138771e-17,"dvar2":3.21766607751e-17,"max":2.1101470695e-28,"mean":-4.83633622039e-9,"median":-3.76963615878e-9,"min":-3.01759470744e-8,"var":1.71259722177e-17},"spectral_energy":{"dmean":0.00830969028175,"dmean2":0.0125952288508,"dvar":0.000203525807592,"dvar2":0.000484396965476,"max":0.122551627457,"mean":0.0205706171691,"median":0.0166592020541,"min":1.10866904409e-20,"var":0.00028005981585},"spectral_energyband_high":{"dmean":0.000547005911358,"dmean2":0.000676657480653,"dvar":0.00000117092531582,"dvar2":0.00000193411165128,"max":0.0260147079825,"mean":0.00129423697945,"median":0.000585228030104,"min":7.9206929971e-21,"var":0.00000319070204569},"spectral_energyband_low":{"dmean":0.00475688092411,"dmean2":0.00752090057358,"dvar":0.000103311322164,"dvar2":0.000238370223087,"max":0.0886097624898,"mean":0.00698996987194,"median":0.0037538066972,"min":8.65670903167e-23,"var":0.000119348740554},"spectral_energyband_middle_high":{"dmean":0.00171008286998,"dmean2":0.00251524033956,"dvar":0.00000498921008329,"dvar2":0.0000107352088889,"max":0.0368813984096,"mean":0.00649549998343,"median":0.00548489671201,"min":1.60734673074e-21,"var":0.0000258672134805},"spectral_energyband_middle_low":{"dmean":0.00388167658821,"dmean2":0.00629712687805,"dvar":0.000090001267381,"dvar2":0.000237177388044,"max":0.0997687727213,"mean":0.00704473443329,"median":0.00455850549042,"min":2.10064849062e-22,"var":0.0000871671509231},"spectral_entropy":{"dmean":0.115361839533,"dmean2":0.163692682981,"dvar":0.0168078187853,"dvar2":0.0307508464903,"max":9.79838752747,"mean":7.81317186356,"median":7.85294342041,"min":5.47238731384,"var":0.137969404459},"spectral_flux":{"dmean":0.0258643142879,"dmean2":0.0395128726959,"dvar":0.0011782948859,"dvar2":0.00240430375561,"max":0.317418396473,"mean":0.0792030394077,"median":0.0661124289036,"min":1.05293357366e-10,"var":0.00248086731881},"spectral_kurtosis":{"dmean":1.21156036854,"dmean2":2.00050377846,"dvar":4.35894489288,"dvar2":12.9091920853,"max":64.5903549194,"mean":4.5100903511,"median":3.91836595535,"min":-1.20342886448,"var":13.5757274628},"spectral_rms":{"dmean":0.000763198710047,"dmean2":0.00109958124813,"dvar":0.00000118379648484,"dvar2":0.00000256540351984,"max":0.0109344664961,"mean":0.00415100622922,"median":0.00403148587793,"min":3.28881193112e-12,"var":0.0000028380115964},"spectral_rolloff":{"dmean":633.920410156,"dmean2":1014.29833984,"dvar":949877.3125,"dvar2":1792360,"max":19379.8828125,"mean":2694.14819336,"median":2583.984375,"min":21.533203125,"var":2531566.25},"spectral_skewness":{"dmean":0.168629363179,"dmean2":0.267615437508,"dvar":0.041352096945,"dvar2":0.109723046422,"max":6.11707544327,"mean":1.45234549046,"median":1.41997206211,"min":-0.0127264177427,"var":0.189683333039},"spectral_spread":{"dmean":473699.8125,"dmean2":668926.4375,"dvar":413752786944,"dvar2":676583178240,"max":40249712,"mean":4719370,"median":4664307.5,"min":1100545.125,"var":2323781779460},"spectral_strongpeak":{"dmean":0.687883198261,"dmean2":1.18166458607,"dvar":1.59221255779,"dvar2":3.76381254196,"max":17.1955890656,"mean":1.09974253178,"median":0.372260153294,"min":0,"var":3.00942993164},"zerocrossingrate":{"dmean":0.0132127255201,"dmean2":0.0143110230565,"dvar":0.000217416818487,"dvar2":0.000232226899243,"max":0.51611328125,"mean":0.0928901284933,"median":0.08740234375,"min":0.0107421875,"var":0.00156110094395}},"metadata":{"audio_properties":{"analysis_sample_rate":44100,"bit_rate":320043,"codec":"mp3","downmix":"mix","equal_loudness":0,"length":192.261230469,"lossless":false,"md5_encoded":"43babe85d4d31ce0fcdff302acb6027f","replay_gain":-12.3733825684,"sample_rate":44100},"tags":{"acoustid_id":["a61a4db7-9797-45a8-8152-108db903d4d3"],"album":["Electric Peace"],"albumartist":["The Cult"],"albumartistsort":["Cult, The"],"artist":["The Cult"],"artistsort":["Cult, The"],"barcode":["607618212520"],"bpm":["157"],"catalognumber":["BBQCD 2125"],"composer":["Billy Duffy"],"contentgroup":["Rock"],"date":["2013"],"discnumber":["1/2"],"discsubtitle":["Electric"],"file_name":"Cult, The - King Contrary Man.mp3","genre":["Hard Rock"],"label":["Beggars Banquet"],"language":["eng"],"lyricist":["Ian Astbury"],"media":["CD"],"mood":["Dark"],"musicbrainz album release country":["XE"],"musicbrainz album status":["official"],"musicbrainz album type":["album"],"musicbrainz_albumartistid":["8846e4ff-0c19-4af2-872b-7a8dc7497f68"],"musicbrainz_albumid":["a8c24130-8b07-44bf-bf41-9c224b7a0089"],"musicbrainz_artistid":["8846e4ff-0c19-4af2-872b-7a8dc7497f68"],"musicbrainz_recordingid":["a921d719-d61d-4993-8b31-333f10d7e4ac"],"musicbrainz_releasegroupid":["caf80f5c-93e3-4c86-b595-5628a94df4c3"],"musicbrainz_workid":["694a611b-b1aa-4318-bc14-dc1804f8c46f"],"originaldate":["2013"],"originalyear":["2013"],"script":["Latn"],"title":["King Contrary Man"],"tracknumber":["7/11"],"work":["King Contrary Man"]},"version":{"essentia":"2.1-beta2","essentia_build_sha":"70f2e5ece6736b2c40cc944ad0e695b16b925413","essentia_git_sha":"v2.1_beta2","extractor":"music 1.0"}},"rhythm":{"beats_count":493,"beats_loudness":{"dmean":0.0171476230025,"dmean2":0.032171625644,"dvar":0.000186869307072,"dvar2":0.000636630051304,"max":0.0699779763818,"mean":0.0313273817301,"median":0.0331531427801,"min":0.0000065467170316,"var":0.000230218196521},"beats_loudness_band_ratio":{"dmean":[0.285293072462,0.082617