{"lowlevel":{"average_loudness":0.545543551445,"barkbands":{"dmean":[0.0000731116597308,0.00924714561552,0.00472750188783,0.00275179045275,0.00158282124903,0.000767274643295,0.000334172684234,0.000366456515621,0.000154353969265,0.0001380827307,0.0000627932313364,0.0000276529917755,0.0000256433795585,0.0000849275238579,0.000036815970816,0.0000388852058677,0.0000641302467557,0.0000427278027928,0.0000472811989312,0.0000591950119997,0.0000952154950937,0.000108580701635,0.000106881794636,0.0000834329548525,0.0000802832146292,0.0000399555356125,1.3374031882e-9],"dmean2":[0.00011164542957,0.0161833446473,0.00815914850682,0.00465270644054,0.00259306491353,0.001179888146,0.000497539585922,0.000519823224749,0.000225362149649,0.000194436812308,0.0000971010158537,0.0000402067125833,0.0000392367401219,0.000124347803649,0.0000585065536143,0.0000593141521676,0.0000977281524683,0.0000667091953801,0.0000749953469494,0.0000894722470548,0.000140868505696,0.000157956208568,0.000160795781994,0.000124945509015,0.000121241435409,0.0000604843226029,2.50967935322e-9],"dvar":[9.80862751021e-8,0.00129971303977,0.00025812239619,0.0000587135909882,0.0000115378961709,0.00000601365218245,6.33655588445e-7,5.35413562375e-7,1.47021665953e-7,9.64138280324e-8,2.66637094626e-8,5.6405378146e-9,6.47647535601e-9,1.46334258488e-7,9.37546840163e-9,1.19620455763e-8,2.58465640002e-8,1.40640095125e-8,1.85604580594e-8,2.74691984714e-8,8.10112013028e-8,1.04363422793e-7,8.48973087386e-8,5.09235071888e-8,5.39030899915e-8,1.36178455179e-8,1.1833832786e-17],"dvar2":[2.23894559781e-7,0.00345607963391,0.000742663512938,0.000165739722433,0.0000298579707305,0.0000160867257364,0.00000145955220887,0.00000113474436603,3.07109417008e-7,1.80030696129e-7,5.87931303642e-8,1.14563070142e-8,1.54899435501e-8,2.58057212932e-7,2.30511467691e-8,2.66842796748e-8,6.24945641903e-8,3.24098685667e-8,4.53981989779e-8,5.72934979459e-8,1.69979585962e-7,2.14577681845e-7,1.85233218986e-7,1.14624931769e-7,1.21794911934e-7,3.06538652239e-8,3.72263337169e-17],"max":[0.00670873792842,0.440107285976,0.214071273804,0.115130089223,0.0767734050751,0.0415574200451,0.020132927224,0.0138327032328,0.00757152121514,0.00760760903358,0.00629966892302,0.0027390033938,0.00135400693398,0.0160802528262,0.00154962099623,0.00214861542918,0.00296710059047,0.00224446319044,0.00204654620029,0.00252173654735,0.00363244651817,0.00473631592467,0.00395346526057,0.00307805044577,0.00342005002312,0.00206001568586,8.32912334658e-8],"mean":[0.0000663185273879,0.0083913076669,0.00862405262887,0.00638041365892,0.00578389782459,0.00186998094432,0.00105036247987,0.00134096748661,0.00039981683949,0.000392243091483,0.000133347071824,0.0000683305697748,0.0000404355778301,0.000273692159681,0.0000674791226629,0.0000691234599799,0.000134377158247,0.0000593499171373,0.0000619791826466,0.0000684555343469,0.0000988345491351,0.000112344394438,0.000105476450699,0.000082694721641,0.0000751836560084,0.0000368285509467,1.07406594729e-9],"median":[0.00000184093948974,0.00163398252334,0.00436033960432,0.00239474652335,0.0028837134596,0.00101113296114,0.00035990451579,0.000703892903402,0.0000787389290053,0.000167281206814,0.0000376184543711,0.0000150574514919,0.0000115103666758,0.0000318307102134,0.0000165128876688,0.0000182835119631,0.0000386598985642,0.0000070075043368,0.00000412904637415,0.00000257752753896,9.99932126433e-7,5.8836297967e-7,4.9942974556e-7,5.51005427951e-7,3.29179385972e-7,1.17273664557e-7,1.94760083061e-10],"min":[2.88871996695e-23,7.46146217128e-24,7.66318968196e-24,6.97795685847e-23,9.25184400014e-23,6.26304629885e-23,3.37856882585e-23,1.36761770135e-23,7.68670546777e-23,5.13289355823e-23,2.34272819298e-23,1.13266112897e-22,2.77313915946e-22,7.16778014254e-23,1.41032110873e-22,2.89533005336e-22,2.10486895957e-22,1.46996126509e-22,3.5868677372e-22,5.28400087437e-22,3.644168069e-22,5.84600103425e-22,5.7461486617e-22,9.82649067318e-22,1.09145118675e-21,1.84304403089e-21,2.45015562446e-21],"var":[9.56673673613e-8,0.000985117512755,0.000236142470385,0.000086522231868,0.0000544833783351,0.00000822379934107,0.00000317365174851,0.00000296306848213,6.05281684329e-7,3.83310805319e-7,9.56440331379e-8,2.70242761502e-8,7.98686095038e-9,8.6537511379e-7,1.57362176623e-8,1.85012805076e-8,5.83556882816e-8,2.17885265386e-8,2.90412973669e-8,3.94945622872e-8,1.04955070412e-7,1.39523706366e-7,1.04950736102e-7,6.16853412794e-8,6.38969268607e-8,1.60239750358e-8,7.97792457032e-18]},"barkbands_crest":{"dmean":1.94997239113,"dmean2":3.17628645897,"dvar":6.03216362,"dvar2":16.4427032471,"max":24.4590339661,"mean":10.405330658,"median":9.76875019073,"min":2.40460944176,"var":10.5953617096},"barkbands_flatness_db":{"dmean":0.0313934758306,"dmean2":0.0433787442744,"dvar":0.00115505314898,"dvar2":0.00239462335594,"max":0.385509103537,"mean":0.227610915899,"median":0.231637939811,"min":0.0143553670496,"var":0.00425944244489},"barkbands_kurtosis":{"dmean":5.93288993835,"dmean2":9.40487957001,"dvar":84.3433761597,"dvar2":220.329589844,"max":125.625587463,"mean":13.0220775604,"median":10.1783866882,"min":-1.66629004478,"var":118.150177002},"barkbands_skewness":{"dmean":0.632437348366,"dmean2":0.955342113972,"dvar":0.612983286381,"dvar2":1.44700264931,"max":9.75883293152,"mean":2.84647631645,"median":2.67621684074,"min":-2.04678630829,"var":1.30008494854},"barkbands_spread":{"dmean":4.77167415619,"dmean2":6.95249223709,"dvar":54.3069496155,"dvar2":111.225723267,"max":108.479484558,"mean":10.7483568192,"median":6.40474748611,"min":1.56115627289,"var":126.106056213},"dissonance":{"dmean":0.0225225128233,"dmean2":0.0340539477766,"dvar":0.000464428478153,"dvar2":0.000988546642475,"max":0.5,"mean":0.428644478321,"median":0.436063796282,"min":0.210168108344,"var":0.00174342852551},"dynamic_complexity":10.1731519699,"erbbands":{"dmean":[0.150516569614,2.42429614067,5.54185152054,7.57416248322,7.78019523621,3.84897518158,4.42959833145,6.65303611755,5.53416013718,4.39712810516,8.67897796631,3.70978999138,5.23725318909,2.32707238197,2.19965934753,1.23692464828,1.22373771667,4.68761539459,2.09206080437,1.93402791023,2.33139562607,3.11298465729,2.5371260643,2.06923341751,2.6532793045,2.79141354561,3.79023313522,3.80733275414,3.98719882965,3.29326915741,2.98681783676,1.92530739307,1.31414973736,0.810326218605,0.636674702168,0.28237208724,0.0471012033522,0.00156299991067,0.0000540989422007,0.0000211984552152],"dmean2":[0.261769503355,4.26039600372,9.48821926117,13.0347547531,12.9709682465,6.2501950264,6.65216684341,10.7281150818,8.13431739807,6.88685512543,11.9241580963,5.17193841934,7.57211303711,3.31573677063,3.36475419998,1.74768412113,1.83218717575,6.86428499222,3.20712304115,3.00900220871,3.52669095993,4.75495004654,3.92376708984,3.19365477562,4.1717133522,4.22781276703,5.70119524002,5.50040149689,5.84109354019,4.88465309143,4.48610973358,2.89333868027,1.96268713474,1.2206697464,0.971917390823,0.426434069872,0.0715752840042,0.00238804426044,0.0000814571758383,0.0000334504220518],"dvar":[0.367097139359,87.927520752,364.138671875,529.998657227,340.698883057,71.7007293701,97.2324523926,649.113830566,186.196304321,122.260925293,316.456542969,74.1051330566,169.686233521,28.2608184814,44.1459350586,11.3255357742,12.5968637466,458.348571777,31.8969535828,31.1992149353,32.3168144226,75.2910842896,44.5991821289,38.0702400208,50.2383079529,62.8601722717,141.57963562,120.912780762,139.722198486,88.6597137451,65.5606918335,25.8581314087,13.1176052094,5.29659986496,3.61070370674,0.687235176563,0.0192717723548,0.0000219450066652,2.18091500415e-8,3.34480665387e-9],"dvar2":[0.988829314709,233.191162109,999.465026855,1517.41943359,934.87677002,177.765686035,239.844802856,1770.5859375,442.828704834,295.701599121,627.827148438,147.887130737,339.101104736,54.1193504333,94.3565826416,20.7063274384,29.1768074036,820.262145996,74.0061416626,74.5837554932,70.2376098633,184.217147827,106.797790527,83.8686523438,120.201148987,130.338623047,309.920471191,241.928329468,292.528259277,188.330703735,144.177124023,57.7353515625,29.5296993256,12.0445127487,8.27526664734,1.54210031033,0.0436968542635,0.0000501912654727,4.88786504604e-8,8.0752160514e-9],"max":[6.45317459106,117.494476318,291.918029785,331.231536865,297.294677734,177.615219116,157.164642334,443.939025879,313.681732178,266.987182617,325.155303955,201.62802124,315.922180176,195.478469849,291.680328369,138.876174927,57.2436294556,909.559997559,123.397468567,108.487030029,81.6167602539,172.589050293,106.427932739,99.7842330933,118.594520569,124.203697205,173.851211548,163.225830078,173.892059326,155.505142212,96.4543991089,65.7008056641,51.7954139709,32.7666320801,29.9451370239,14.5215206146,2.68307089806,0.0897819399834,0.00265506654978,0.000749847793486],"mean":[0.119770936668,2.37137365341,9.96716690063,16.7588653564,24.4175930023,14.3170843124,11.4174423218,13.9501266479,17.8770160675,14.3554925919,33.3280982971,12.185008049,14.5390796661,5.9486322403,5.43900537491,3.48602676392,2.45347809792,15.1709566116,5.06521654129,3.33169126511,4.5711274147,6.18551969528,4.36114692688,2.91117143631,3.59229636192,3.28065538406,3.93323898315,3.94398283958,4.08309841156,3.34369754791,2.94287276268,1.94601273537,1.28314566612,0.764144599438,0.581497907639,0.261493772268,0.0432648956776,0.0014231238747,0.0000613653464825,0.0000443695498689],"median":[0.0134469568729,0.586716771126,4.78426504135,8.04829406738,13.7327871323,6.63667297363,4.82743406296,6.93192434311,8.2675819397,3.70783853531,17.169303894,4.61290931702,5.66624069214,2.62869691849,1.82792830467,1.00027894974,0.895019710064,1.93460893631,1.64481413364,0.915148496628,1.31606137753,1.63418066502,0.964538216591,0.275023132563,0.215620353818,0.143763199449,0.0678828209639,0.0278257094324,0.0218019839376,0.0165131818503,0.0139848031104,0.0143694747239,0.00727485539392,0.00406065071002,0.00212227064185,0.000927373592276,0.000128994535771,0.00000507933054905,0.0000160634936037,0.000032531490433],"min":[2.45503257715e-22,2.34950595966e-21,1.1075154341e-20,1.03275767762e-19,2.59876186076e-19,2.63976055083e-19,5.73248830702e-19,5.41878005971e-19,5.06149128484e-19,4.85094331666e-19,4.17287467573e-19,2.0890361584e-18,1.14518265103e-18,1.37455176988e-18,3.26351930448e-18,3.01945511526e-18,8.92047123573e-18,8.03341515453e-18,4.64752171625e-18,8.9511191046e-18,1.96758888048e-17,1.15223099499e-17,6.9521503004e-18,1.55553961169e-17,1.83211092365e-17,2.15491005133e-17,2.03972035338e-17,1.56071842406e-17,2.1911347719e-17,1.8197468896e-17,1.71439121108e-17,1.88254147862e-17,1.66724175073e-17,1.29206372687e-17,8.12170758594e-18,5.68077866199e-18,3.34700333499e-18,1.51858273288e-18,3.44723125884e-19,3.18623768101e-20],"var":[0.273811757565,67.2408981323,350.02456665,605.272705078,954.152038574,410.129455566,272.323608398,659.412658691,740.204772949,739.499694824,1913.24206543,374.840759277,581.807983398,103.917282104,185.614578247,67.8911361694,20.9372844696,2661.82470703,95.4196472168,44.7165794373,63.3046417236,146.648788452,72.8829879761,62.4457473755,99.4955749512,91.2329483032,171.237426758,167.382781982,182.800094604,114.105354309,80.8138046265,32.4539756775,15.5643854141,6.20446777344,4.13114738464,0.815729558468,0.022042164579,0.0000244176826527,2.64428656749e-8,4.43580239207e-9]},"erbbands_crest":{"dmean":1.43620872498,"dmean2":2.0444085598,"dvar":2.14859485626,"dvar2":4.40706539154,"max":21.2983131409,"mean":8.14803600311,"median":7.5940246582,"min":2.59942126274,"var":8.88987541199},"erbbands_flatness_db":{"dmean":0.0265212059021,"dmean2":0.0315675102174,"dvar":0.00107392843347,"dvar2":0.00150057417341,"max":0.317597776651,"mean":0.175157174468,"median":0.17100904882,"min":0.0428226627409,"var":0.00415059318766},"erbbands_kurtosis":{"dmean":0.874391496181,"dmean2":1.33491075039,"dvar":1.25696611404,"dvar2":2.70239090919,"max":15.2766122818,"mean":0.701215147972,"median":0.341944038868,"min":-1.71918475628,"var":3.25222992897},"erbbands_skewness":{"dmean":0.289752215147,"dmean2":0.424926877022,"dvar":0.0989142209291,"dvar2":0.226518154144,"max":3.41344738007,"mean":0.83942848444,"median":0.848363101482,"min":-1.18181800842,"var":0.330674916506},"erbbands_spread":{"dmean":13.7717180252,"dmean2":19.1382083893,"dvar":348.149749756,"dvar2":659.012084961,"max":144.100418091,"mean":44.4552154541,"median":33.5861549377,"min":6.69229888916,"var":781.502868652},"gfcc":{"cov":[[35551.8554688,1497.46813965,-1528.78320313,513.485351563,-301.665435791,23.2153606415,-337.856140137,186.9634552,-3.81989073753,199.35987854,-81.107093811,-264.132720947,-16.667881012],[1497.46813965,3057.48388672,-666.53692627,-891.72845459,893.640258789,-546.941772461,60.1357574463,-137.17086792,331.108581543,-470.802001953,338.955688477,-361.682250977,214.63331604],[-1528.78320313,-666.53692627,529.808776855,114.219520569,-218.382385254,202.479263306,-22.3465595245,67.5161514282,-70.904510498,126.422065735,-121.97038269,132.065093994,-29.9729347229],[513.485351563,-891.72845459,114.219520569,551.998413086,-322.518066406,147.04258728,52.8680610657,45.7088356018,-97.2964477539,125.809112549,-46.0727615356,96.4779052734,-53.6235389709],[-301.665435791,893.640258789,-218.382385254,-322.518066406,451.643188477,-170.480072021,40.3773803711,-40.4885673523,104.1016922,-142.201049805,135.80531311,-100.220870972,60.4159660339],[23.2153606415,-546.941772461,202.479263306,147.04258728,-170.480072021,240.965591431,-15.8033857346,38.9288024902,-59.1733360291,118.202400208,-75.0936584473,86.1391830444,-33.8787460327],[-337.856140137,60.1357574463,-22.3465595245,52.8680610657,40.3773803711,-15.8033857346,108.986854553,-0.393884927034,20.1943969727,-15.9137611389,50.3800697327,-18.4786987305,9.80948734283],[186.9634552,-137.17086792,67.5161514282,45.7088356018,-40.4885673523,38.9288024902,-0.393884927034,92.1123352051,8.99924182892,30.1422786713,-34.4455833435,29.1350669861,-9.21420097351],[-3.81989073753,331.108581543,-70.904510498,-97.2964477539,104.1016922,-59.1733360291,20.1943969727,8.99924182892,146.584106445,-27.7855606079,22.1993637085,-56.3363189697,35.8749885559],[199.35987854,-470.802001953,126.422065735,125.809112549,-142.201049805,118.202400208,-15.9137611389,30.1422786713,-27.7855606079,148.151306152,-44.5167579651,58.8926849365,-45.7991714478],[-81.107093811,338.955688477,-121.97038269,-46.0727615356,135.80531311,-75.0936584473,50.3800697327,-34.4455833435,22.1993637085,-44.5167579651,134.840698242,-31.4286327362,13.5887765884],[-264.132720947,-361.682250977,132.065093994,96.4779052734,-100.220870972,86.1391830444,-18.4786987305,29.1350669861,-56.3363189697,58.8926849365,-31.4286327362,103.233818054,-12.5025005341],[-16.667881012,214.63331604,-29.9729347229,-53.6235389709,60.4159660339,-33.8787460327,9.80948734283,-9.21420097351,35.8749885559,-45.7991714478,13.5887765884,-12.5025005341,68.496131897]],"icov":[[0.0000580974046898,-0.000220543355681,0.000259777938481,-0.00020995271916,0.0000863113091327,-0.000113643356599,0.000157396367285,-0.00020367342222,0.00023492136097,-0.000453962566098,0.000300210871501,-0.0000194143776753,-0.0000174355500349],[-0.000220543355681,0.00310068600811,-0.000926081149373,0.00230101356283,-0.00087898701895,0.000564714544453,0.000368261855328,0.0000396807845391,-0.0020202063024,0.00422406708822,-0.00426957011223,0.00299843074754,-0.00208954536356],[0.000259777938481,-0.000926081149373,0.00506667839363,0.000203489151318,0.00108617474325,-0.0017991992645,-0.00105864543002,-0.00149668590166,0.00120550079737,-0.0026716736611,0.00322019401938,-0.00332742207684,-0.000220120913582],[-0.00020995271916,0.00230101356283,0.000203489151318,0.00639281375334,0.00251543917693,0.0000502614348079,-0.00350537686609,-0.000744085467886,-0.000688902684487,0.00240480923094,-0.00385235156864,0.000207739023608,-0.00118854350876],[0.0000863113091327,-0.00087898701895,0.00108617474325,0.00251543917693,0.00734673626721,-0.000314410513965,-0.00150518945884,-0.00127584522124,-0.000515904917847,0.000625814078376,-0.00308986706659,-0.000717337126844,-0.000201073868084],[-0.000113643356599,0.000564714544453,-0.0017991992645,0.0000502614348079,-0.000314410513965,0.00944888684899,-0.0010703005828,0.000337979901815,0.000639750855044,-0.00355083751492,0.00133157428354,-0.00183916627429,-0.000704751932062],[0.000157396367285,0.000368261855328,-0.00105864543002,-0.00350537686609,-0.00150518945884,-0.0010703005828,0.0158390123397,-0.00208736932836,-0.00116231746506,0.00131365831476,-0.00635944027454,0.00558012956753,-0.00230674399063],[-0.00020367342222,0.0000396807845391,-0.00149668590166,-0.000744085467886,-0.00127584522124,0.000337979901815,-0.00208736932836,0.0156572647393,-0.00423574913293,0.000943103339523,0.00384101946838,-0.00535400491208,0.00339613878168],[0.00023492136097,-0.0020202063024,0.00120550079737,-0.000688902684487,-0.000515904917847,0.000639750855044,-0.00116231746506,-0.00423574913293,0.0137086426839,-0.007323987782,0.00321596139111,0.00459424918517,-0.00513263419271],[-0.000453962566098,0.00422406708822,-0.0026716736611,0.00240480923094,0.000625814078376,-0.00355083751492,0.00131365831476,0.000943103339523,-0.007323987782,0.0225201100111,-0.00725352298468,-0.0000607512920396,0.0053191059269],[0.000300210871501,-0.00426957011223,0.00322019401938,-0.00385235156864,-0.00308986706659,0.00133157428354,-0.00635944027454,0.00384101946838,0.00321596139111,-0.00725352298468,0.0219236016273,-0.00795207545161,0.00432124128565],[-0.0000194143776753,0.00299843074754,-0.00332742207684,0.000207739023608,-0.000717337126844,-0.00183916627429,0.00558012956753,-0.00535400491208,0.00459424918517,-0.0000607512920396,-0.00795207545161,0.0266447402537,-0.00849590916187],[-0.0000174355500349,-0.00208954536356,-0.000220120913582,-0.00118854350876,-0.000201073868084,-0.000704751932062,-0.00230674399063,0.00339613878168,-0.00513263419271,0.0053191059269,0.00432124128565,-0.00849590916187,0.0245686843991]],"mean":[-136.336425781,136.974441528,-80.785369873,33.0087890625,-56.7901039124,9.50691604614,-43.9614334106,9.81201839447,-19.9054050446,-9.04643344879,-22.007484436,-12.3931360245,-12.5193691254]},"hfc":{"dmean":6.02283811569,"dmean2":8.59307861328,"dvar":206.64553833,"dvar2":435.910369873,"max":183.497909546,"mean":12.1834182739,"median":7.25036811829,"min":1.24692196621e-16,"var":368.286010742},"melbands":{"dmean":[0.00202755187638,0.00304159941152,0.00126048165839,0.000416705850512,0.000140660966281,0.000148646344314,0.0000789289551903,0.0000501431277371,0.0000652328890283,0.0000217929591599,0.0000257753144979,0.00000946567342908,0.00000882064614416,0.00000362593027603,0.00000256918974628,0.0000025339234071,0.0000104231448859,0.00000331380329044,0.00000231434069065,0.00000280180097434,0.00000288139176519,0.00000318451475323,0.00000345684816239,0.00000197291683435,0.00000166989843819,0.00000197388362722,0.0000019610720301,0.00000187417936104,0.00000221876507567,0.00000245969567914,0.00000219929620471,0.0000024268595098,0.00000193680193661,0.000001896212666,0.00000186440411198,0.00000136468452183,0.00000114847432542,9.20211959965e-7,8.75514558629e-7,6.07148251675e-7],"dmean2":[0.00353635777719,0.00517292739823,0.00216968823224,0.000687961175572,0.000214649538975,0.00023454145412,0.000115272625408,0.0000787984172348,0.0000894358599908,0.0000312721349474,0.0000372417889594,0.0000134337178679,0.0000136448252306,0.00000520600178788,0.00000377655101147,0.00000397000621888,0.0000152165157488,0.0000051746023928,0.00000365108166989,0.0000042861061047,0.00000439857376477,0.00000491549690196,0.00000539367192687,0.0000031464580843,0.00000260005776909,0.00000318027673529,0.00000308652511194,0.00000288244609692,0.00000336342372975,0.00000372781937585,0.00000322419691656,0.00000357634326065,0.00000286742374556,0.00000287527291221,0.00000281411234937,0.00000209780682781,0.00000174562808297,0.00000139052747272,0.00000132618970383,9.22495246414e-7],"dvar":[0.0000647263441351,0.000110905850306,0.0000139750500239,8.64490402819e-7,9.94394966369e-8,2.82335975044e-7,3.62534997578e-8,1.35365008092e-8,1.72402785381e-8,2.882144301e-9,4.09178646521e-9,5.2350723756e-10,5.12150599707e-10,9.91157850239e-11,4.21753292013e-11,7.30496566015e-11,2.3774677782e-9,8.42985126148e-11,4.25713631014e-11,6.90016446758e-11,4.69954700155e-11,8.25625262602e-11,8.70634883632e-11,3.00564850786e-11,2.68356344091e-11,3.57512630611e-11,2.6726416219e-11,3.20008776422e-11,4.6345080551e-11,6.48351511368e-11,4.00281890967e-11,5.78517650451e-11,3.16552548063e-11,3.08096499702e-11,2.53801094724e-11,1.42302289743e-11,9.50990501625e-12,6.55118450807e-12,6.08067806177e-12,3.12184544708e-12],"dvar2":[0.000173209191416,0.00028861296596,0.0000401464567403,0.00000227380974138,2.47469273518e-7,7.63648131397e-7,8.44195469085e-8,3.35952314856e-8,3.43819017701e-8,6.07723960044e-9,8.16776779544e-9,9.87032122701e-10,1.13376941169e-9,1.98897814885e-10,9.42464578602e-11,1.81050896497e-10,4.21162837938e-9,2.03626088213e-10,1.03185869571e-10,1.60723198639e-10,1.05211471479e-10,2.02889136047e-10,2.13868769916e-10,7.24954540843e-11,5.98444904742e-11,9.14181438882e-11,6.1656665884e-11,6.88426191053e-11,1.01423112964e-10,1.46079690011e-10,8.05962588335e-11,1.24331267504e-10,6.83357884168e-11,6.76374650732e-11,5.55525347945e-11,3.26007242035e-11,2.15634038403e-11,1.4865050163e-11,1.39309709601e-11,7.16679103216e-12],"max":[0.0918522700667,0.164187535644,0.0548872947693,0.01950256899,0.00523119140416,0.00919063389301,0.00475445436314,0.00237917411141,0.0023043686524,0.00107075448614,0.00154026970267,0.000861604872625,0.000854077923577,0.00031519526965,0.000144430159708,0.000170456303749,0.00208751345053,0.000184522985364,0.000103030928585,0.000187410667422,0.0000930252645048,0.000215519743506,0.000184465636266,0.0000911969400477,0.0000906687491806,0.000104089478555,0.0000762641211622,0.000096807249065,0.0000942911210586,0.000112271067337,0.000102735430119,0.000112441055535,0.0000913775656954,0.000107375759399,0.0000586480964557,0.0000431987245975,0.0000388352127629,0.0000387838517781,0.0000319830796798,0.0000259361549979],"mean":[0.00171734089963,0.00457232119516,0.0031331749633,0.0015345516149,0.000377185264369,0.000335440068739,0.000263266818365,0.000166227167938,0.000251471996307,0.0000621345170657,0.0000704929916537,0.0000224211398745,0.000019056686142,0.00000984019152384,0.00000569723579247,0.00000399901728088,0.0000338684039889,0.0000076646792877,0.00000387303362004,0.00000510146401211,0.00000536244533578,0.00000585714315093,0.00000701621456756,0.000002660968903,0.0000022094382075,0.00000245699561674,0.0000024931025564,0.00000209674135476,0.00000228601447816,0.000002454269179,0.00000226798783842,0.00000241367001763,0.0000020073766791,0.0000018645266664,0.00000183354745786,0.00000132395712171,0.00000115706484394,8.91112506451e-7,8.27468397802e-7,5.67818517538e-7],"median":[0.000268595904345,0.00198695110157,0.00187945936341,0.000795765663497,0.000172710992047,0.000174950881046,0.000117046714877,0.0000556064951525,0.000126193277538,0.0000179583657882,0.0000256162929873,0.0000081211583165,0.00000575041349293,0.0000025313313472,0.00000190541504708,0.00000120317952224,0.00000370964153262,0.00000243130716626,9.05742808754e-7,0.00000133529931645,0.0000014327961253,0.00000153291875904,0.00000167765438164,3.21419406646e-7,1.51300881157e-7,1.37952298473e-7,1.35031129389e-7,7.40943022493e-8,4.55127562304e-8,1.80544414974e-8,1.42104159551e-8,1.21150867116e-8,1.03968753606e-8,8.85924844596e-9,8.32940560969e-9,6.36273744803e-9,9.43949274301e-9,4.50590853518e-9,4.17594403501e-9,2.92092283694e-9],"min":[4.12737823739e-24,3.79885514126e-24,2.62139456992e-23,1.55242903655e-23,2.05095015893e-23,1.20705823807e-23,7.26525195377e-24,4.82968098536e-24,4.59706720365e-24,1.2612641052e-23,5.84341615794e-24,5.88935507833e-24,7.7793344619e-24,1.24321141781e-23,5.65045170863e-24,3.22894242251e-23,1.23010725488e-23,5.95884346889e-24,1.31499807573e-23,1.21448993889e-23,2.52842747002e-23,1.31211620907e-23,5.7489792524e-24,7.28457273506e-24,1.32171159758e-23,1.45726590566e-23,1.04485747079e-23,1.63841597963e-23,1.60867655459e-23,6.94242798324e-24,1.00159428771e-23,1.40388416152e-23,9.3281800189e-24,1.09753208001e-23,1.02614829336e-23,9.71624673059e-24,1.20659375677e-23,1.01885882416e-23,1.30004663722e-23,9.8840421783e-24],"var":[0.000048387060815,0.00010291380022,0.0000175172972376,0.00000373476677851,2.72278242619e-7,3.26760158487e-7,1.6093228794e-7,7.60066782846e-8,1.06933384814e-7,1.21764136551e-8,1.41677007903e-8,1.84435777761e-9,1.84022608263e-9,4.77530515131e-10,1.21798932051e-10,8.51392914503e-11,1.39607658767e-8,2.18096263271e-10,6.01985614135e-11,1.04740376095e-10,8.96357224556e-11,1.39835712454e-10,1.74483760773e-10,4.56096688195e-11,4.23756411905e-11,5.57293898529e-11,4.23102178293e-11,4.27180651963e-11,5.62720113562e-11,7.46838563215e-11,5.51615871036e-11,7.12972320072e-11,4.07034232708e-11,3.70006421335e-11,3.14514699007e-11,1.64118111462e-11,1.16498269365e-11,7.58666914014e-12,6.9802943807e-12,3.59850192179e-12]},"melbands_crest":{"dmean":2.13577032089,"dmean2":3.39983916283,"dvar":4.17117834091,"dvar2":10.1266050339,"max":29.7831325531,"mean":16.720451355,"median":16.3084068298,"min":1.29365682602,"var":15.4563894272},"melbands_flatness_db":{"dmean":0.0389907583594,"dmean2":0.0528252907097,"dvar":0.00189755647443,"dvar2":0.0038471724838,"max":0.503177702427,"mean":0.312852650881,"median":0.320837855339,"min":0.000201323084184,"var":0.00658575166017},"melbands_kurtosis":{"dmean":15.6722583771,"dmean2":23.9869613647,"dvar":782.246704102,"dvar2":1910.4765625,"max":310.428314209,"mean":32.7923316956,"median":23.1429252625,"min":-1.31438791752,"var":1019.51940918},"melbands_skewness":{"dmean":0.936842501163,"dmean2":1.34005391598,"dvar":1.53389942646,"dvar2":3.28935885429,"max":14.7318029404,"mean":4.15477466583,"median":3.80842041969,"min":-0.155688390136,"var":3.20039582253},"melbands_spread":{"dmean":2.58135986328,"dmean2":3.87229752541,"dvar":16.1717662811,"dvar2":36.9633750916,"max":165.58543396,"mean":7.63941669464,"median":5.47157382965,"min":1.04244983196,"var":82.9003601074},"mfcc":{"cov":[[24842.5527344,1898.48852539,-515.588134766,672.709289551,-243.180465698,19.555606842,-405.719146729,6.97340011597,23.4132270813,270.180633545,-4.21764802933,64.3900299072,-97.7622909546],[1898.48852539,4352.22167969,-974.812072754,-144.628356934,503.492492676,-382.049743652,-152.914230347,79.9884262085,6.43954229355,20.2397060394,-69.7012405396,26.0660629272,-30.8833789825],[-515.588134766,-974.812072754,720.846862793,33.6239776611,-146.76348877,145.741928101,9.88678741455,-5.83155441284,57.3885040283,-4.49354362488,11.0720205307,2.77945780754,14.0696725845],[672.709289551,-144.628356934,33.6239776611,239.809158325,-57.6769676208,-1.51073932648,41.5450057983,26.3133201599,-29.3458213806,7.99812316895,15.2219057083,10.2901039124,-1.72376799583],[-243.180465698,503.492492676,-146.76348877,-57.6769676208,159.224945068,-35.0781135559,-14.255944252,15.7287254333,12.9214229584,-4.31687498093,-2.78627753258,9.43688201904,-3.27806377411],[19.555606842,-382.049743652,145.741928101,-1.51073932648,-35.0781135559,125.927825928,32.6328048706,-11.1363239288,5.96481847763,2.51350045204,17.5884990692,1.90063357353,3.09635949135],[-405.719146729,-152.914230347,9.88678741455,41.5450057983,-14.255944252,32.6328048706,115.551971436,23.6944255829,-47.7877388,-14.2389822006,19.31183815,-2.98280096054,-2.74980115891],[6.97340011597,79.9884262085,-5.83155441284,26.3133201599,15.7287254333,-11.1363239288,23.6944255829,62.3721046448,13.214641571,-4.22652006149,5.92087316513,4.9826335907,-2.68131113052],[23.4132270813,6.43954229355,57.3885040283,-29.3458213806,12.9214229584,5.96481847763,-47.7877388,13.214641571,99.8869247437,36.1116294861,-18.5189571381,6.68876647949,16.475484848],[270.180633545,20.2397060394,-4.49354362488,7.99812316895,-4.31687498093,2.51350045204,-14.2389822006,-4.22652006149,36.1116294861,72.999420166,20.0884399414,-4.601541996,5.20395898819],[-4.21764802933,-69.7012405396,11.0720205307,15.2219057083,-2.78627753258,17.5884990692,19.31183815,5.92087316513,-18.5189571381,20.0884399414,77.4996871948,21.1008148193,-13.1318635941],[64.3900299072,26.0660629272,2.77945780754,10.2901039124,9.43688201904,1.90063357353,-2.98280096054,4.9826335907,6.68876647949,-4.601541996,21.1008148193,62.3783454895,11.6747102737],[-97.7622909546,-30.8833789825,14.0696725845,-1.72376799583,-3.27806377411,3.09635949135,-2.74980115891,-2.68131113052,16.475484848,5.20395898819,-13.1318635941,11.6747102737,48.3140411377]],"icov":[[0.0000633929521427,-0.0000500237329106,0.0000662382735754,-0.000181930416147,0.000220852089114,-0.000333255797159,0.000408549647545,-0.000197003872017,0.000228780132602,-0.000284357840428,0.000173325461219,-0.000138097559102,0.000152272259584],[-0.0000500237329106,0.000577341415919,0.000201604882022,0.000211537902942,-0.00138150330167,0.000960036704782,0.000207693199627,-0.000519551627804,0.000481840659631,-0.000498771551065,0.000514936924446,-0.00029197515687,0.00014431712043],[0.0000662382735754,0.000201604882022,0.00261827046052,-0.000415662623709,0.00154071184807,-0.002084140433,0.00073799781967,-0.000343629944837,-0.00193789240438,0.00131772994064,-0.00058000930585,0.000181668045116,0.0000639913632767],[-0.000181930416147,0.000211537902942,-0.000415662623709,0.00618020864204,0.00124712509569,0.0015591661213,-0.00166205537971,-0.00294469599612,0.00252681132406,-0.00218206970021,0.000976120587438,-0.00172363221645,-0.000109509514004],[0.000220852089114,-0.00138150330167,0.00154071184807,0.00124712509569,0.01282429602,-0.00231580366381,0.000252548081335,-0.00142534717452,-0.00274261645973,0.00200186111033,-0.00150359398685,-0.000835521495901,0.000626274500974],[-0.000333255797159,0.000960036704782,-0.002084140433,0.0015591661213,-0.00231580366381,0.0156171536073,-0.00706343073398,0.00531144626439,-0.00437291385606,0.00206942274235,-0.00328966602683,0.00071163760731,-0.000461146468297],[0.000408549647545,0.000207693199627,0.00073799781967,-0.00166205537971,0.000252548081335,-0.00706343073398,0.0195037741214,-0.0114904148504,0.0125679448247,-0.00466239871457,0.00211959518492,-0.000369317887817,-0.00149080040865],[-0.000197003872017,-0.000519551627804,-0.000343629944837,-0.00294469599612,-0.00142534717452,0.00531144626439,-0.0114904148504,0.0279944445938,-0.0151719748974,0.00981779862195,-0.00707168597728,0.00269539561123,0.00126966205426],[0.000228780132602,0.000481840659631,-0.00193789240438,0.00252681132406,-0.00274261645973,-0.00437291385606,0.0125679448247,-0.0151719748974,0.0303095635027,-0.018668634817,0.012857968919,-0.00705961370841,-0.00173137278762],[-0.000284357840428,-0.000498771551065,0.00131772994064,-0.00218206970021,0.00200186111033,0.00206942274235,-0.00466239871457,0.00981779862195,-0.018668634817,0.0294119417667,-0.0157153438777,0.00976082123816,-0.00450503407046],[0.000173325461219,0.000514936924446,-0.00058000930585,0.000976120587438,-0.00150359398685,-0.00328966602683,0.00211959518492,-0.00707168597728,0.012857968919,-0.0157153438777,0.0258296653628,-0.0123126786202,0.00802446529269],[-0.000138097559102,-0.00029197515687,0.000181668045116,-0.00172363221645,-0.000835521495901,0.00071163760731,-0.000369317887817,0.00269539561123,-0.00705961370841,0.00976082123816,-0.0123126786202,0.0236308220774,-0.00825498253107],[0.000152272259584,0.00014431712043,0.0000639913632767,-0.000109509514004,0.000626274500974,-0.000461146468297,-0.00149080040865,0.00126966205426,-0.00173137278762,-0.00450503407046,0.00802446529269,-0.00825498253107,0.0263848789036]],"mean":[-777.647094727,157.96786499,32.6090698242,28.3049488068,14.0767030716,-0.521504580975,-7.35099840164,5.774746418,3.44531702995,2.28726148605,-2.60050344467,-1.16409897804,-7.03064012527]},"pitch_salience":{"dmean":0.0591866672039,"dmean2":0.095655426383,"dvar":0.00399469211698,"dvar2":0.0110824210569,"max":0.991757810116,"mean":0.5095936656,"median":0.514734208584,"min":0.167646601796,"var":0.00901580881327},"silence_rate_20dB":{"dmean":0.00467836251482,"dmean2":0.00935854949057,"dvar":0.00465607549995,"dvar2":0.0127793410793,"max":1,"mean":0.996881723404,"median":1,"min":0,"var":0.003108486766},"silence_rate_30dB":{"dmean":0.0487329438329,"dmean2":0.0974848866463,"dvar":0.0463599823415,"dvar2":0.0961664840579,"max":1,"mean":0.94231146574,"median":1,"min":0,"var":0.0543598346412},"silence_rate_60dB":{"dmean":0.0136452242732,"dmean2":0.027295768261,"dvar":0.0134592540562,"dvar2":0.0320118702948,"max":1,"mean":0.31728708744,"median":0,"min":0,"var":0.216600269079},"spectral_centroid":{"dmean":161.535018921,"dmean2":233.56892395,"dvar":64824.4101563,"dvar2":120338.476563,"max":11167.0722656,"mean":577.529052734,"median":426.385009766,"min":198.296737671,"var":179702.84375},"spectral_complexity":{"dmean":2.12514615059,"dmean2":3.22012090683,"dvar":18.2918434143,"dvar2":35.8067512512,"max":58,"mean":9.81056308746,"median":9,"min":0,"var":68.7219696045},"spectral_contrast_coeffs":{"dmean":[0.0398406647146,0.0351302586496,0.0309456214309,0.0289588104934,0.0234775692225,0.0188536103815],"dmean2":[0.065493054688,0.0576338768005,0.0478326380253,0.0447311326861,0.0355663411319,0.0282824318856],"dvar":[0.00112095905934,0.00106823560782,0.00083946500672,0.000750982726458,0.000632976996712,0.000476665154565],"dvar2":[0.00299303117208,0.00276614865288,0.00197353214025,0.00161254487466,0.00133830343839,0.000966459047049],"max":[-0.308340191841,-0.431834816933,-0.549997329712,-0.549990415573,-0.607957363129,-0.639725506306],"mean":[-0.573450088501,-0.709195256233,-0.742098510265,-0.767494022846,-0.798689484596,-0.822141349316],"median":[-0.565389335155,-0.711494326591,-0.738341569901,-0.76493960619,-0.801520645618,-0.832433998585],"min":[-0.957811713219,-0.991983771324,-0.993669390678,-0.984659612179,-0.984335541725,-0.960691452026],"var":[0.00972680188715,0.00748201087117,0.00468589924276,0.00466282851994,0.00397312408313,0.0022834087722]},"spectral_contrast_valleys":{"dmean":[0.434267669916,0.347445130348,0.34545570612,0.408348560333,0.52932959795,0.612920463085],"dmean2":[0.696051895618,0.555953085423,0.533826649189,0.590174376965,0.667533695698,0.714827597141],"dvar":[0.150497481227,0.128510162234,0.127870306373,0.179599821568,0.415537774563,0.57313221693],"dvar2":[0.333549767733,0.280534267426,0.271773964167,0.336436003447,0.736656785011,0.869669079781],"max":[-4.74472284317,-4.63922071457,-5.54530334473,-6.10273885727,-5.74502277374,-7.55537319183],"mean":[-8.04572200775,-7.74594926834,-9.02428817749,-9.77914142609,-9.54728889465,-11.5576972961],"median":[-7.48534297943,-7.13414382935,-8.36595821381,-9.28020858765,-9.5384349823,-12.0174922943],"min":[-27.3930454254,-27.3617324829,-27.1078338623,-27.3969192505,-27.2414703369,-27.2529811859],"var":[3.67526888847,4.02336263657,3.35950827599,3.34265828133,3.46102809906,3.49090003967]},"spectral_decrease":{"dmean":3.99182109589e-9,"dmean2":6.60066090674e-9,"dvar":1.59066381808e-16,"dvar2":3.94913653306e-16,"max":-3.5358340442e-29,"mean":-9.18920139981e-9,"median":-7.17157844221e-9,"min":-1.77841130267e-7,"var":1.95559261093e-16},"spectral_energy":{"dmean":0.0154771059752,"dmean2":0.025469629094,"dvar":0.00233648507856,"dvar2":0.00578832020983,"max":0.679756522179,"mean":0.0357872582972,"median":0.0278196111321,"min":1.14433983476e-20,"var":0.00291197234765},"spectral_energyband_high":{"dmean":0.000528585864231,"dmean2":0.000756611465476,"dvar":0.00000198801467377,"dvar2":0.00000403615831601,"max":0.0172129143029,"mean":0.00054781610379,"median":0.0000050102971727,"min":7.95869402987e-21,"var":0.00000275950469586},"spectral_energyband_low":{"dmean":0.0133685572073,"dmean2":0.0224189385772,"dvar":0.00209529837593,"dvar2":0.00527304876596,"max":0.641048550606,"mean":0.02076744847,"median":0.0103461081162,"min":4.57489847672e-23,"var":0.00202961592004},"spectral_energyband_middle_high":{"dmean":0.000377375516109,"dmean2":0.000528690638021,"dvar":8.4639106035e-7,"dvar2":0.00000169042857578,"max":0.0211177282035,"mean":0.00116740167141,"median":0.000593855860643,"min":1.84809819329e-21,"var":0.00000347594004779},"spectral_energyband_middle_low":{"dmean":0.00434570666403,"dmean2":0.00725232390687,"dvar":0.000130530796014,"dvar2":0.000361018086551,"max":0.162348538637,"mean":0.0171033106744,"median":0.0126395700499,"min":3.5604930248e-22,"var":0.000339377147611},"spectral_entropy":{"dmean":0.355851560831,"dmean2":0.444986253977,"dvar":0.195173755288,"dvar2":0.323009699583,"max":9.79903793335,"mean":6.82367277145,"median":6.75468206406,"min":5.20034694672,"var":0.641522288322},"spectral_flux":{"dmean":0.0282656271011,"dmean2":0.0425207875669,"dvar":0.0034070815891,"dvar2":0.00647230120376,"max":0.605463206768,"mean":0.0580299496651,"median":0.0360279120505,"min":1.06973818692e-10,"var":0.00685427198187},"spectral_kurtosis":{"dmean":6.53061580658,"dmean2":9.8005695343,"dvar":75.413230896,"dvar2":166.022293091,"max":75.8654632568,"mean":12.5656137466,"median":6.34293460846,"min":-1.19533145428,"var":190.513000488},"spectral_rms":{"dmean":0.000814109749626,"dmean2":0.00128606823273,"dvar":0.00000341282202498,"dvar2":0.00000793111212261,"max":0.0257522258908,"mean":0.00462521612644,"median":0.00520971044898,"min":3.34130076038e-12,"var":0.0000135217187562},"spectral_rolloff":{"dmean":214.256317139,"dmean2":366.289001465,"dvar":419660.65625,"dvar2":1071681.25,"max":18884.6191406,"mean":543.589904785,"median":344.53125,"min":86.1328125,"var":1459557},"spectral_skewness":{"dmean":0.635890841484,"dmean2":0.887066721916,"dvar":0.530036091805,"dvar2":1.0394796133,"max":6.8936882019,"mean":2.4708135128,"median":2.19016098976,"min":0.00387343857437,"var":1.74265193939},"spectral_spread":{"dmean":1116158.25,"dmean2":1386200.875,"dvar":2032760520700,"dvar2":2739527483390,"max":40515052,"mean":4629024.5,"median":4187529.5,"min":995268.0625,"var":7114330210300},"spectral_strongpeak":{"dmean":0.18581148982,"dmean2":0.328180730343,"dvar":0.0782951563597,"dvar2":0.199664503336,"max":2.47846984863,"mean":0.411551564932,"median":0.297342687845,"min":0,"var":0.163999736309},"zerocrossingrate":{"dmean":0.0103502301499,"dmean2":0.0122278798372,"dvar":0.000173942811671,"dvar2":0.000224062561756,"max":0.51318359375,"mean":0.0349254794419,"median":0.02294921875,"min":0.00537109375,"var":0.00173837854527}},"metadata":{"audio_properties":{"analysis_sample_rate":44100,"bit_rate":192000,"codec":"mp3","downmix":"mix","equal_loudness":0,"length":119.118370056,"lossless":false,"md5_encoded":"3feb06db70789a9f8168432d0d42ee6d","replay_gain":-5.33300971985,"sample_rate":44100},"tags":{"acoustid_fingerprint":["AQADrMkSSUmSRFOG6zisH9fxZIePPniOWj20iKWQR9mLZjx6oqdiOFROOEyO6cdz5LiOL_mRHz9CizkeaD26MnCVITeMcJGIR4HOC0fDo1eML2gm7XgKUWV6lAzy-MLn4soxZcuPMvHxtviHprrQ43iKMw_eSFnRw_rRH_3gqkV4aD-a88gvfA9eBvnR8OhP6MeTKEcL_4Ue4oKpHLlyoxmPZzm6PnCjH01FRF-P48L3oJqOj_hx4xBLBQ-a4ykeMsV3VNQHHyXeQi-aNELdeGjULCh56PmRL3GHOskxJRKPb7zxsujh6uh4nMdTXAqaE-EX40eTG5qNRxbyTqhtNH5wGucRTiPso_fwHFfR_CL641OI62h6ohKDF-EHhzo66jhFHsexGw9vPNmDnEcTHskj4eHxH6WU5fjh4aORP4aiX3B1lPHxGBeNdAweHpGVZkPz7NB54ghfTE5yeDr6ozvcLeiFH0eep8SZccERxkM9CR18oQ9qFf6RR8d_9BeOr-hniEQ9ovslHD5Rb7nwJEf4wifKLja6Hm6CSVR-HEf2E7yC78PIow-uDC98XFmgD1N2vEdPC-KIFz-u4CTMKCiVo096aFEY5ciPV_HxJLMxNUKzHy_j4zOao06OH8eZdbg6Dc3xBw-NTzjSaxC7HeGHP_jRL_ARHtcuXNC6LPB5AmeOK4G26EXQvEYf-agoNM3x0cL84j9CSieaRujRDB8DfcN7NAjf4krg4zxuTJGH_3h43MJ7uItQ8sFd5IoPlRp6pWgcUgnRHlomPEboUYPz4Wks9PmB4yRypmieoGeO59CSo_vw42i-4-QHPTtaBffR6wjDRR-ulAito_nxbfmgPR9S5vjhp0YfvEfTJJmO_2jGLMdJ5DoUT4d7nJhshPmC9-jRnCkmD2FG4SOeFHOPvMeJBj1z3EN4WFJT6FJ23Ct8GWLFNJFQTsgTPKjuw3pQccfzA8dJ5AkP_xwu3DlsG7qOC306NNXxC5dy9Gh06DnO5UEfmvhhTgq0Z8bNEeEWM7iOXvjR5KOOUmmk4tgeZkdsnPgeKB-OSw2RN0cvNPXxLEYOS_iCyzmeqwh5uMeX4Icf_EgoJQ1CqVuDHn8Kj-3QRjmRD8msK0bzpbhJVEF_4Q--44xxKoP14DriP3D-4SNeHc15vMKfosffoX_gB23Uox-hBS9xhUfMHP2M_5h-9EfTJNnw_Gj2EOHDbPhj6EolTIcYqcchTuoDq8mPo_1xMeiP5sgnHX-HD99uFIfPwMyOZ5yQTz20cBFi-XiqDKHtQMuSJEfO4wuauEV_fMkP5IccicbpqGjSEL0MPUVoRTGaXzjOZUWYRNCuE79x_Di0vAi7HOeFDs1XPIqJ5LkQpurhs-iOZ2jCrUedBofH7NgZJriOJ08wpRd89AxiLhq0L0jPwNqOMi1-_Og3wVdQJK6Q57jEFFceuDixdgiZ6tCZpST2HLmO_2iO-3jxHMclHd9TPMpyFM2T4sT5ILwgI1dQ68F3nAkactHxIg80