{"lowlevel":{"average_loudness":0.650441050529,"barkbands":{"dmean":[0.00136992498301,0.00247008586302,0.00191815302242,0.000900297018234,0.00161830300931,0.000642732076813,0.000410420063417,0.000134963891469,0.000139110343298,0.000112004068797,0.00013131290325,0.000469634047477,0.000274549092865,0.0000970741384663,0.0000195946049644,0.0000104715973066,0.00000959285898716,0.0000048393249017,0.00000304308377963,0.00000259749003817,0.0000023882134883,0.00000202400087801,0.00000170509281361,0.00000163326672009,0.00000159469300343,0.00000167350367519,0.0000187002078746],"dmean2":[0.00255705160089,0.00408282550052,0.00330388196744,0.00136861822102,0.00202172459103,0.000704268168192,0.000551343662664,0.000218747241888,0.000195535671082,0.000172972213477,0.000207148477784,0.000735574227292,0.000443083699793,0.000158684939379,0.0000320262115565,0.0000158007132995,0.0000142039725688,0.0000078557886809,0.00000500125815961,0.0000042856422624,0.00000395073311665,0.00000335081722369,0.00000282055520984,0.00000269253428087,0.00000262206071966,0.00000273265322903,0.000024815371944],"dvar":[0.00000486982162329,0.0000526319927303,0.0000230917776207,0.00000641731321593,0.0000151983349497,0.00000483306621391,0.00000214919305108,2.01576881409e-7,1.65223966064e-7,1.94639994788e-7,6.29045359801e-7,0.00000501069052916,0.00000285686905954,3.04813056573e-7,1.0809879214e-8,4.78499773138e-9,3.16032489067e-9,5.61928503728e-10,1.03954310438e-10,7.44791173179e-11,6.32684529767e-11,4.55485232864e-11,3.18494952634e-11,2.89899475953e-11,2.71680802855e-11,2.73126313233e-11,6.45417230771e-9],"dvar2":[0.000015135961803,0.00013853944256,0.000072502050898,0.00001442203029,0.0000252071167779,0.00000562042669117,0.00000387170484828,5.63691514799e-7,2.8778870842e-7,4.1641021653e-7,0.00000156833118581,0.0000127176926981,0.00000751825973566,7.97527832219e-7,2.88894632661e-8,1.09788000913e-8,6.44913544789e-9,1.41685574384e-9,2.58501386963e-10,1.87922427619e-10,1.59467675176e-10,1.14926679284e-10,8.02728924998e-11,7.30180846342e-11,6.83353790221e-11,6.8117990415e-11,8.6819715861e-9],"max":[0.0358486399055,0.179369106889,0.0928401872516,0.0698985680938,0.149012222886,0.0942748114467,0.0503341034055,0.0113121066242,0.0144488178194,0.0166696719825,0.0282475948334,0.0576246269047,0.0479145087302,0.0118267806247,0.0039835087955,0.00372460950166,0.0016203088453,0.000739088223781,0.000268269010121,0.000199232134037,0.000186426521395,0.000157976071932,0.000129418287543,0.000125528371427,0.000120187003631,0.000116974253615,0.00296417367645],"mean":[0.00138654012699,0.004401802551,0.00354672968388,0.00212754565291,0.00448161456734,0.00179213401861,0.000894432479981,0.000244662951445,0.000294617493637,0.0001999270753,0.000178811707883,0.000741446448956,0.000401585450163,0.00015005977184,0.0000311089133902,0.0000148844610521,0.0000126849745357,0.0000053509065765,0.00000316015439239,0.00000258589966506,0.0000023904065074,0.00000204965135708,0.00000177807953605,0.00000164964797023,0.00000159493549745,0.0000018903349428,0.0000470652375952],"median":[0.000519434339367,0.000912446179427,0.000940871774219,0.000250958837569,0.0011150019709,0.000266412389465,0.000105441708001,0.0000470469749416,0.000051358849305,0.0000324545071635,0.0000151140593516,0.0000214097435673,0.000020208524802,0.00000532299827682,0.00000430072805102,0.00000170093346696,8.5013334683e-7,6.13673535099e-7,3.72188821984e-7,3.28512157921e-7,3.42127407293e-7,3.26360549252e-7,3.33078020276e-7,2.50166010574e-7,2.056216033e-7,3.97663029617e-7,0.00000922029721551],"min":[3.8092692885e-25,2.5976335667e-24,3.9493635897e-25,9.25611816686e-25,6.14563587048e-24,7.13280299664e-24,7.45903800172e-24,3.64517912047e-24,1.80310883739e-23,1.66597467758e-23,9.20808935672e-24,3.21042975033e-23,2.63687833177e-23,3.69024177416e-23,3.01514912651e-23,5.98184515405e-23,7.3049327617e-23,8.58646633232e-23,8.72494234453e-23,2.11301808205e-22,2.07920952313e-22,3.55284978305e-22,4.28086464758e-22,5.64074472786e-22,7.57279256466e-22,1.17514263925e-21,1.98341755019e-21],"var":[0.00000574023260924,0.00011381143122,0.0000511782345711,0.0000250361572398,0.0000860772488522,0.0000324141255987,0.00000807524793345,4.02859228643e-7,5.84196527598e-7,4.31101597087e-7,7.82593247095e-7,0.00000923064271774,0.00000420539481638,5.20230798884e-7,1.16588498855e-8,6.78022438194e-9,5.2472053369e-9,5.47806855433e-10,1.11173827089e-10,7.58809196033e-11,6.41108346966e-11,4.59017684973e-11,3.22854451507e-11,2.94391455657e-11,2.80052439572e-11,2.9617645142e-11,2.12428652446e-8]},"barkbands_crest":{"dmean":2.16809439659,"dmean2":3.61154484749,"dvar":4.03268480301,"dvar2":11.1525945663,"max":26.9506721497,"mean":12.5953941345,"median":11.1900787354,"min":3.51299881935,"var":29.4207458496},"barkbands_flatness_db":{"dmean":0.0329939499497,"dmean2":0.052421156317,"dvar":0.000878658611327,"dvar2":0.00222955038771,"max":0.738633990288,"mean":0.246191218495,"median":0.235536456108,"min":0.0599301233888,"var":0.0062223742716},"barkbands_kurtosis":{"dmean":59.4611968994,"dmean2":88.078338623,"dvar":310180.84375,"dvar2":526355.5625,"max":35725.609375,"mean":269.528106689,"median":15.9164419174,"min":-1.71854019165,"var":4403407.5},"barkbands_skewness":{"dmean":1.03435993195,"dmean2":1.67187309265,"dvar":7.17368364334,"dvar2":13.3212356567,"max":162.418930054,"mean":5.09309434891,"median":2.70290184021,"min":-2.18770194054,"var":194.403869629},"barkbands_spread":{"dmean":1.83008766174,"dmean2":2.96678161621,"dvar":11.2614164352,"dvar2":28.8972587585,"max":123.66343689,"mean":7.50829744339,"median":5.7492890358,"min":0.0110347187147,"var":37.1467475891},"dissonance":{"dmean":0.0329748690128,"dmean2":0.0542970448732,"dvar":0.000918746460229,"dvar2":0.00252064061351,"max":0.500000059605,"mean":0.42149963975,"median":0.432317435741,"min":0.186622425914,"var":0.00278539163992},"dynamic_complexity":6.23399305344,"erbbands":{"dmean":[0.0650833919644,0.618491768837,2.11762142181,2.45943331718,4.75153255463,5.67202854156,4.59659290314,6.45470714569,4.33470392227,6.86641740799,2.6571996212,3.49920225143,2.37827420235,4.0823225975,5.85633182526,21.3847522736,13.8422698975,7.32126092911,1.46923053265,0.845267057419,0.58417057991,0.439652740955,0.26079544425,0.191301479936,0.143381223083,0.122431330383,0.104783281684,0.0885543897748,0.0736016333103,0.060003913939,0.0473334677517,0.0360679402947,0.0262207016349,0.017917200923,0.0113042537123,0.00640853354707,0.00313763227314,0.00125671457499,0.000438161601778,0.000888161826879],"dmean2":[0.0998123437166,1.04372489452,3.6718788147,3.84460616112,6.81672763824,6.51811599731,5.85972118378,6.93550300598,5.77094507217,9.73061561584,4.00163602829,4.83444690704,3.54742336273,6.12936925888,9.01649475098,33.9123039246,22.1950283051,11.5652236938,2.22050356865,1.36801743507,0.847150564194,0.656468689442,0.418131440878,0.313507378101,0.235642015934,0.201762780547,0.173283696175,0.146538481116,0.121872536838,0.0991645231843,0.0783311277628,0.059599082917,0.0431957282126,0.0294784009457,0.0185682680458,0.0105015356094,0.0051240157336,0.00203147018328,0.000669022265356,0.0011847296264],"dvar":[0.0382435433567,3.24141049385,29.6069755554,41.5850219727,166.089874268,264.908569336,182.398483276,656.692138672,190.822174072,763.793212891,72.6042327881,107.178001404,45.9800300598,279.583435059,1206.25231934,11770.1210938,7551.20458984,1457.41223145,46.8526573181,31.3747425079,7.43908882141,4.75769996643,1.28864240646,0.491459280252,0.221994504333,0.164422675967,0.121606595814,0.0871431082487,0.0601335465908,0.0397760681808,0.0244390200824,0.0141739314422,0.0074617266655,0.00345796043985,0.00135365664028,0.000420642900281,0.0000945709907683,0.0000137060533234,0.00000137081235607,0.00000856923998072],"dvar2":[0.0813893973827,9.04466819763,94.4434738159,99.0373535156,345.288848877,373.944976807,332.30682373,658.736877441,309.140869141,1893.13671875,147.337356567,181.944976807,101.466827393,586.56817627,2953.46972656,30697.609375,19337.5351562,3632.4440918,98.2839508057,82.0185470581,14.5179824829,9.52925300598,3.16088795662,1.23235428333,0.558081328869,0.41408097744,0.306973904371,0.219404712319,0.151598274708,0.100365579128,0.0615631900728,0.0357031449676,0.0187981370836,0.00870418734848,0.00340221030638,0.00105430488475,0.000235700019402,0.0000336299344781,0.00000301894215227,0.0000123879690364],"max":[5.40919780731,40.4257850647,95.8100967407,165.955413818,342.853912354,894.147583008,535.409667969,1192.74365234,469.862823486,1022.08325195,369.342102051,380.409210205,153.471496582,587.313354492,1416.34436035,2941.58569336,2610.296875,1140.25915527,282.178375244,215.662719727,81.8806838989,66.8199081421,37.6525840759,15.5854387283,11.0067577362,9.23944282532,8.03003978729,6.98495388031,5.73905897141,4.69641399384,3.55194091797,2.77568721771,2.00207734108,1.3587782383,0.847240626812,0.468957483768,0.216509416699,0.0797912478447,0.0253409277648,0.097783729434],"mean":[0.144636929035,0.963217735291,3.59064102173,6.25618600845,10.415851593,17.1376171112,12.1964712143,17.7306041718,10.2706432343,13.3425998688,5.8356461525,7.53372240067,4.85784101486,7.1784529686,10.1701908112,33.4531784058,21.7375125885,11.8530464172,2.92388701439,1.28346848488,0.905803442001,0.607156157494,0.310094773769,0.202918156981,0.14800055325,0.122546106577,0.104509301484,0.0888299793005,0.0743809863925,0.0614693909883,0.0495058521628,0.0371437519789,0.0261095035821,0.0178317315876,0.0113930338994,0.00668164948002,0.00363368028775,0.00164214009419,0.00101150805131,0.0039792326279],"median":[0.0245421919972,0.222327649593,0.990599274635,1.22265529633,1.98433887959,3.76444339752,2.45756912231,2.21244311333,1.43519830704,1.23817455769,1.23053121567,1.31923651695,1.1497849226,0.825408041477,0.691562116146,0.948974370956,0.960878252983,0.457097828388,0.291042625904,0.178650826216,0.0888258889318,0.050632905215,0.0362806692719,0.0228951089084,0.0179540067911,0.0154393808916,0.0146326683462,0.0130768548697,0.0115231629461,0.0106675298885,0.00934874732047,0.0064661107026,0.00360315991566,0.00229214248247,0.00148990168236,0.00100786867552,0.000829604803585,0.000486272241687,0.000349491921952,0.00133931194432],"min":[7.14158996049e-23,9.71471021887e-22,8.17326490291e-22,3.30650323934e-21,1.30475608571e-20,2.00946921584e-20,3.60908982521e-20,6.25843817482e-20,1.2278168827e-19,1.51793380969e-19,2.37412933319e-19,3.52248349808e-19,3.98922170968e-19,9.74913518991e-19,7.02905721106e-19,1.30873693764e-18,1.06931736756e-18,2.02403713305e-18,2.26858770447e-18,2.77549928669e-18,2.84654727707e-18,4.26738921139e-18,6.21424398264e-18,4.78806714695e-18,6.39343860028e-18,9.00333984385e-18,9.96178078473e-18,9.02102413817e-18,1.19503238045e-17,1.20782100631e-17,1.19896570698e-17,1.04941509182e-17,9.75257357292e-18,7.96004340702e-18,5.02599985989e-18,4.08239274894e-18,2.25142991062e-18,1.00096091949e-18,2.6043962532e-19,2.90207270626e-20],"var":[0.145860880613,5.24986076355,51.6010780334,181.161010742,573.84576416,1845.61608887,763.601806641,4819.22705078,867.83404541,2145.22607422,245.444717407,375.619171143,128.547058105,609.17779541,1951.27697754,20857.609375,11883.2744141,2998.77661133,122.012908936,30.829875946,16.5085468292,8.55606460571,1.46559536457,0.527194678783,0.237272456288,0.168621242046,0.123280711472,0.0882575213909,0.0607518590987,0.0401102788746,0.0248066168278,0.0143732866272,0.0075826542452,0.00354487891309,0.00140417471994,0.000443715165602,0.000103390804725,0.000016254500224,0.0000033516264466,0.0000470387276437]},"erbbands_crest":{"dmean":2.39363312721,"dmean2":3.72152972221,"dvar":4.92609357834,"dvar2":11.8736248016,"max":29.8817138672,"mean":10.7306013107,"median":9.94138336182,"min":2.32703614235,"var":18.5539264679},"erbbands_flatness_db":{"dmean":0.0299924407154,"dmean2":0.0471612028778,"dvar":0.000731479958631,"dvar2":0.00183815590572,"max":0.333227932453,"mean":0.177524581552,"median":0.179468721151,"min":0.0216234382242,"var":0.00311597366817},"erbbands_kurtosis":{"dmean":1.36728453636,"dmean2":2.13785362244,"dvar":3.29436898232,"dvar2":7.86209154129,"max":35.1240692139,"mean":2.30664539337,"median":1.37367033958,"min":-1.74254322052,"var":12.366150856},"erbbands_skewness":{"dmean":0.360394567251,"dmean2":0.554597735405,"dvar":0.1363966465,"dvar2":0.311827927828,"max":4.62764883041,"mean":0.869132936001,"median":0.877955496311,"min":-3.585750103,"var":0.860806047916},"erbbands_spread":{"dmean":5.24199056625,"dmean2":8.23016834259,"dvar":73.325378418,"dvar2":153.875869751,"max":282.012207031,"mean":25.5805892944,"median":20.1994781494,"min":2.4465470314,"var":810.309020996},"gfcc":{"cov":[[28185.390625,4841.44580078,-1669.55480957,-882.183288574,-508.969177246,-24.0649719238,-1134.84082031,-314.086425781,-791.184143066,15.5846357346,-204.518264771,-352.518615723,-340.420074463],[4841.44580078,1812.76257324,-211.543579102,-445.348876953,-17.1953449249,-84.9679794312,-229.309997559,-234.377182007,-86.7641906738,-25.8665924072,-53.7320518494,-113.259178162,-103.018615723],[-1669.55480957,-211.543579102,366.02633667,199.001602173,1.90246653557,-7.82480335236,51.6301498413,0.633225381374,-2.31624817848,-5.72709512711,14.2031888962,14.2366056442,11.8067464828],[-882.183288574,-445.348876953,199.001602173,421.176483154,7.9303650856,30.2841777802,-4.71814727783,57.9314460754,-72.1490859985,5.31179046631,16.5879611969,36.1644058228,-12.8811807632],[-508.969177246,-17.1953449249,1.90246653557,7.9303650856,185.139038086,49.8399543762,37.5138282776,-23.3227748871,40.9314727783,-7.76237154007,21.0794773102,-6.19728755951,-12.8243694305],[-24.0649719238,-84.9679794312,-7.82480335236,30.2841777802,49.8399543762,116.09879303,54.3041687012,10.0735092163,-30.9135398865,6.80426359177,19.301651001,11.1419305801,-9.16891956329],[-1134.84082031,-229.309997559,51.6301498413,-4.71814727783,37.5138282776,54.3041687012,168.228607178,39.5323829651,81.6636199951,-14.2627449036,16.1748218536,20.0417022705,25.7094173431],[-314.086425781,-234.377182007,0.633225381374,57.9314460754,-23.3227748871,10.0735092163,39.5323829651,157.118331909,40.3060569763,26.8187065125,-18.4272441864,2.7032289505,30.5831871033],[-791.184143066,-86.7641906738,-2.31624817848,-72.1490859985,40.9314727783,-30.9135398865,81.6636199951,40.3060569763,174.741607666,41.5246276855,18.6418457031,2.4458334446,29.192647934],[15.5846357346,-25.8665924072,-5.72709512711,5.31179046631,-7.76237154007,6.80426359177,-14.2627449036,26.8187065125,41.5246276855,96.6640548706,61.7118225098,20.0918750763,1.15849256516],[-204.518264771,-53.7320518494,14.2031888962,16.5879611969,21.0794773102,19.301651001,16.1748218536,-18.4272441864,18.6418457031,61.7118225098,96.6404647827,46.5318870544,6.62220668793],[-352.518615723,-113.259178162,14.2366056442,36.1644058228,-6.19728755951,11.1419305801,20.0417022705,2.7032289505,2.4458334446,20.0918750763,46.5318870544,64.4864959717,32.9827690125],[-340.420074463,-103.018615723,11.8067464828,-12.8811807632,-12.8243694305,-9.16891956329,25.7094173431,30.5831871033,29.192647934,1.15849256516,6.62220668793,32.9827690125,69.124458313]],"icov":[[0.000163074117154,-0.000450163410278,0.000636427779682,-0.000420456082793,0.000562594505027,-0.000649323686957,0.000548138341401,-0.000294841651339,-0.0000752337655285,0.000502142647747,-0.000713975459803,0.000761031988077,-0.000381394987926],[-0.000450163410278,0.00244268379174,-0.00203090533614,0.00250575621612,-0.00165824056603,0.00175735366065,-0.000239599612541,0.00157569628209,0.000443575467216,-0.00153209350538,0.00222838274203,-0.00176321470644,0.00202091550454],[0.000636427779682,-0.00203090533614,0.00745552079752,-0.0048645362258,0.00188269268256,0.000630066846497,-0.00252431840636,0.00116319709923,0.00170416582841,-0.00108692143112,-0.00210925494321,0.00591984856874,-0.00453940359876],[-0.000420456082793,0.00250575621612,-0.0048645362258,0.00771320285276,-0.00264404946938,0.0012570876861,0.00160843192134,-0.00202382612042,0.00195950176567,-0.000467554316856,0.00231792242266,-0.00674830190837,0.00608359184116],[0.000562594505027,-0.00165824056603,0.00188269268256,-0.00264404946938,0.0123544624075,-0.0116621274501,0.00833289232105,-0.000796445994638,-0.00991065334529,0.0127685563639,-0.010673106648,0.00622805068269,-0.000494440551847],[-0.000649323686957,0.00175735366065,0.000630066846497,0.0012570876861,-0.0116621274501,0.0297341067344,-0.0222992561758,0.00280104298145,0.0200839359313,-0.0222551357001,0.0123709989712,-0.0040223817341,0.00100807251874],[0.000548138341401,-0.000239599612541,-0.00252431840636,0.00160843192134,0.00833289232105,-0.0222992561758,0.0308847911656,-0.00695327017456,-0.0211683455855,0.0281738899648,-0.0169452447444,0.000159042640007,0.00326590356417],[-0.000294841651339,0.00157569628209,0.00116319709923,-0.00202382612042,-0.000796445994638,0.00280104298145,-0.00695327017456,0.0145328985527,0.00207667751238,-0.0132777458057,0.0116488076746,0.00168119510636,-0.00587214482948],[-0.0000752337655285,0.000443575467216,0.00170416582841,0.00195950176567,-0.00991065334529,0.0200839359313,-0.0211683455855,0.00207667751238,0.02728725411,-0.0255989376456,0.0122657017782,0.00153760553803,-0.00485937297344],[0.000502142647747,-0.00153209350538,-0.00108692143112,-0.000467554316856,0.0127685563639,-0.0222551357001,0.0281738899648,-0.0132777458057,-0.0255989376456,0.054299518466,-0.0382114611566,0.00611666496843,0.00574391614646],[-0.000713975459803,0.00222838274203,-0.00210925494321,0.00231792242266,-0.010673106648,0.0123709989712,-0.0169452447444,0.0116488076746,0.0122657017782,-0.0382114611566,0.048706933856,-0.0250345431268,0.00414589047432],[0.000761031988077,-0.00176321470644,0.00591984856874,-0.00674830190837,0.00622805068269,-0.0040223817341,0.000159042640007,0.00168119510636,0.00153760553803,0.00611666496843,-0.0250345431268,0.0478335805237,-0.0225069653243],[-0.000381394987926,0.00202091550454,-0.00453940359876,0.00608359184116,-0.000494440551847,0.00100807251874,0.00326590356417,-0.00587214482948,-0.00485937297344,0.00574391614646,0.00414589047432,-0.0225069653243,0.0312325637788]],"mean":[-164.884658813,125.042816162,-41.5615959167,-15.3206453323,-24.5575866699,2.23175096512,-11.6093482971,-23.6503067017,-8.37185764313,-9.01897716522,-1.75370776653,-6.47551441193,-5.29880237579]},"hfc":{"dmean":14.5518140793,"dmean2":21.1022453308,"dvar":1099.97570801,"dvar2":1699.25415039,"max":689.737182617,"mean":79.4984283447,"median":36.1474990845,"min":1.06476733238e-16,"var":9683.45507812},"melbands":{"dmean":[0.000643403152935,0.000985285732895,0.000446726859082,0.000380162033252,0.000178136629984,0.00013335281983,0.0000699595111655,0.0000644524916424,0.0000218131954171,0.0000214135598071,0.000012045479707,0.0000170364764926,0.0000193108298845,0.0000428892890341,0.0000422755729232,0.0000318700440403,0.0000113736305138,0.0000025409610771,0.00000155572479343,8.34849799958e-7,7.35823959985e-7,5.52927701847e-7,2.65120036147e-7,2.12105035757e-7,1.50354622974e-7,1.10992601776e-7,9.25812955188e-8,7.84910199059e-8,6.69670399134e-8,5.74934766462e-8,4.92837415322e-8,4.24676969146e-8,3.68658348293e-8,3.19507584834e-8,2.77228355827e-8,2.4297415635e-8,2.12051283199e-8,1.86548767545e-8,1.64895919141e-8,1.46395429113e-8],"dmean2":[0.00104107859079,0.00168989773374,0.000696384580806,0.000481747178128,0.000215919062612,0.000143148485222,0.0000930852111196,0.00009289974696,0.0000324545035255,0.0000297898113786,0.00001803376108,0.0000258615509665,0.0000302767966787,0.000067979497544,0.0000645371401333,0.0000521033543919,0.0000180115421244,0.00000385338444175,0.00000255104532698,0.00000134048173095,0.00000105865751721,8.21283606456e-7,4.22340434625e-7,3.45645759126e-7,2.48290092486e-7,1.82880114608e-7,1.52360740913e-7,1.2947741368e-7,1.10824274202e-7,9.5103843023e-8,8.15368039753e-8,7.03921969603e-8,6.10163013448e-8,5.27709929088e-8,4.58803697256e-8,4.02463022908e-8,3.5002781118e-8,3.07400149779e-8,2.71457754053e-8,2.40825066555e-8],"dvar":[0.00000353032260136,0.0000062980320763,0.00000125862879941,9.3285427738e-7,2.13301476037e-7,2.52459585681e-7,5.47654117611e-8,6.6312217939e-8,5.78030689979e-9,3.92771415392e-9,1.22847343409e-9,4.91021712179e-9,1.4445085128e-8,4.240593654e-8,4.63653329064e-8,4.06615150439e-8,4.0264542811e-9,1.76415784758e-10,1.06632744301e-10,3.90338178446e-11,1.40350717159e-11,9.49197664912e-12,1.36255134779e-12,8.28034093115e-13,3.07184562075e-13,1.32613253603e-13,9.35304351329e-14,6.77302520167e-14,4.96750569552e-14,3.66294722418e-14,2.6950001543e-14,2.00182074693e-14,1.50285362768e-14,1.12022665314e-14,8.33711829499e-15,6.42305719178e-15,4.88155760118e-15,3.7752512569e-15,2.93480060268e-15,2.30534352628e-15],"dvar2":[0.00000849837215355,0.0000196742967091,0.00000301307068185,0.00000158232171543,3.5113171748e-7,2.59185327423e-7,8.70035705702e-8,1.70656832665e-7,1.08210285177e-8,6.74735867179e-9,2.72289879533e-9,1.02828270343e-8,3.56910838661e-8,1.11523270618e-7,1.11622341592e-7,1.10121916919e-7,1.01267589869e-8,3.57647272908e-10,2.85216045226e-10,1.01276008413e-10,2.72568894538e-11,1.91357710927e-11,3.35546521124e-12,2.04120271033e-12,7.76850751696e-13,3.33074713643e-13,2.35957493778e-13,1.70569829962e-13,1.2540622295e-13,9.2437762631e-14,6.78315503809e-14,5.04424857461e-14,3.79586939409e-14,2.82578254958e-14,2.09917193762e-14,1.6205978142e-14,1.22897806027e-14,9.51204870756e-15,7.39105449071e-15,5.80179325332e-15],"max":[0.0505161881447,0.0453369505703,0.0277075674385,0.038108304143,0.0154304672033,0.0229866299778,0.00892399717122,0.00945639703423,0.00359437102452,0.00214324030094,0.000796891399659,0.00264414818957,0.0041145561263,0.00532687222585,0.00581243121997,0.00622428720817,0.00197728769854,0.000635478412732,0.000432828674093,0.000328700582031,0.000115654278488,0.0000911700917641,0.0000409048734582,0.0000240811295953,0.0000133021785587,0.00000855528378452,0.00000711026814315,0.00000587909471506,0.00000508321636516,0.00000455137796962,0.00000386738929592,0.00000331001956511,0.00000288030696538,0.00000249415734288,0.00000205311312129,0.00000184327200259,0.00000163594006608,0.00000142399164815,0.00000125321992073,0.00000110879580006],"mean":[0.00131974043325,0.0016850437969,0.00118237792049,0.00104592635762,0.000502825831063,0.000371700181859,0.00016625673743,0.000123364487081,0.0000458695467387,0.0000455449917354,0.0000235941533901,0.0000288483333861,0.0000285709611489,0.0000682719255565,0.000067714965553,0.0000462728239654,0.0000179364069481,0.00000475568731417,0.00000227826330956,0.00000114655063044,0.00000110246458007,7.43370378586e-7,3.19549855021e-7,2.37552498561e-7,1.56001135565e-7,1.14443963639e-7,9.34184285484e-8,7.8247495594e-8,6.65660024879e-8,5.73266412118e-8,4.94595369105e-8,4.2799758404e-8,3.73556972022e-8,3.28143237027e-8,2.88838339912e-8,2.56219507833e-8,2.1458644639e-8,1.84995041508e-8,1.64036020323e-8,1.45440983701e-8],"median":[0.000293222954497,0.00049082969781,0.000246123468969,0.000249184668064,0.000107866537292,0.0000495490530739,0.0000221480440814,0.0000117364315884,0.00000969041502685,0.00000790702324593,0.00000511752477905,0.00000319013133776,0.00000225797748499,0.00000228656381296,0.00000211369774661,0.00000173490479938,6.75041405884e-7,4.29578790317e-7,3.0982903354e-7,1.52693587552e-7,8.43939460538e-8,5.04779507082e-8,3.93067907112e-8,2.55208139066e-8,1.70608736028e-8,1.39034579405e-8,1.12770184302e-8,1.00203028097e-8,9.13102571332e-9,8.25005841421e-9,7.34944638481e-9,6.53872511691e-9,6.13442541209e-9,5.76394754148e-9,5.42073896881e-9,5.12926678908e-9,3.42030936906e-9,2.52992893301e-9,2.20078044677e-9,1.82888215683e-9],"min":[1.11333793377e-24,1.46282895276e-24,1.14030829926e-24,8.4665068577e-25,1.38827144063e-24,1.34833446984e-24,1.99356253967e-24,1.49802427787e-24,1.50266524518e-24,1.84268776395e-24,1.55374319994e-24,2.5049834311e-24,1.91933782823e-24,1.85281082151e-24,2.33323224039e-24,3.14962616614e-24,3.28257959981e-24,3.20197537024e-24,2.06521576176e-24,3.19422126197e-24,2.4566869999e-24,3.8864467063e-24,3.97085718974e-24,4.44927569078e-24,3.16381935155e-24,3.25438551385e-24,3.60289657038e-24,5.38944682294e-24,5.15859851194e-24,3.98994407378e-24,5.45829860275e-24,5.70778888023e-24,6.42566453133e-24,4.89161879376e-24,4.46995528498e-24,6.25353350408e-24,5.86430164484e-24,6.02534404877e-24,6.06335649478e-24,6.36725135345e-24],"var":[0.0000102916555988,0.000010566192941,0.00000553298741579,0.000005292842161,0.00000113806845548,0.00000182767689694,2.44023937057e-7,1.78303835696e-7,1.99526386524e-8,1.40739899734e-8,3.30700666851e-9,1.057595167e-8,1.97660110501e-8,7.48168176301e-8,9.00653205349e-8,6.01265739419e-8,7.66814167719e-9,4.32037489118e-10,9.45170122724e-11,3.65834723626e-11,2.9989389444e-11,1.62316271535e-11,1.54495101608e-12,9.2712003439e-13,3.16034850199e-13,1.40974756283e-13,9.77133074432e-14,6.9057268042e-14,5.02827488848e-14,3.70341032689e-14,2.72977983534e-14,2.02319071056e-14,1.51036477704e-14,1.13259003074e-14,8.47590294934e-15,6.49777947377e-15,4.95192232217e-15,3.8315713246e-15,2.99273935034e-15,2.36692366858e-15]},"melbands_crest":{"dmean":2.86978840828,"dmean2":4.66718816757,"dvar":8.68841457367,"dvar2":21.9100189209,"max":39.9882736206,"mean":17.631072998,"median":16.1503295898,"min":1.57986199856,"var":52.6027679443},"melbands_flatness_db":{"dmean":0.0393517650664,"dmean2":0.0620317161083,"dvar":0.00127236114349,"dvar2":0.00329591170885,"max":0.736637532711,"mean":0.361450046301,"median":0.35819798708,"min":0.00324103282765,"var":0.00654230220243},"melbands_kurtosis":{"dmean":121.372779846,"dmean2":188.298828125,"dvar":1745192.75,"dvar2":3510099.5,"max":59897.0625,"mean":341.130645752,"median":11.901052475,"min":-1.62133979797,"var":9515388},"melbands_skewness":{"dmean":1.15558516979,"dmean2":1.80046260357,"dvar":22.4057598114,"dvar2":44.4533920288,"max":225.671829224,"mean":4.98318147659,"median":2.53197050095,"min":-0.796152114868,"var":264.248626709},"melbands_spread":{"dmean":1.86177623272,"dmean2":2.98590064049,"dvar":13.0061168671,"dvar2":29.4007377625,"max":159.942199707,"mean":8.25898361206,"median":4.88851356506,"min":0.0111012291163,"var":264.556091309},"mfcc":{"cov":[[12962.4365234,3654.10083008,-697.028137207,-236.649536133,63.1524047852,-20.9394454956,-197.816635132,-399.541564941,-461.428253174,-392.259674072,-81.1000671387,43.5223808289,-54.0855102539],[3654.10083008,2467.24951172,-29.3208942413,-277.928955078,-23.7518558502,97.4421615601,-178.525756836,-195.453109741,-192.674346924,-109.738937378,-52.9993515015,-53.5275993347,-91.3212432861],[-697.028137207,-29.3208942413,361.511444092,161.361282349,-14.1570158005,25.3875846863,34.9029884338,-1.12940752506,-26.1668663025,-3.10028505325,-20.3109893799,-27.423248291,-20.5018043518],[-236.649536133,-277.928955078,161.361282349,251.81578064,71.4617385864,-9.81765460968,26.7420806885,15.1824026108,-10.1277675629,-18.9155082703,-13.6790857315,6.86144161224,11.4231081009],[63.1524047852,-23.7518558502,-14.1570158005,71.4617385864,114.830413818,56.1830368042,14.8190193176,-6.24087381363,-16.9455547333,-20.7628269196,4.29843139648,24.9635925293,19.3186969757],[-20.9394454956,97.4421615601,25.3875846863,-9.81765460968,56.1830368042,115.49559021,65.5678863525,-1.41135501862,-39.7517623901,-25.1615600586,4.17871046066,17.9640693665,9.34582996368],[-197.816635132,-178.525756836,34.9029884338,26.7420806885,14.8190193176,65.5678863525,118.418586731,56.2998695374,-8.37516880035,-20.3116035461,0.827665269375,16.6016979218,11.9719772339],[-399.541564941,-195.453109741,-1.12940752506,15.1824026108,-6.24087381363,-1.41135501862,56.2998695374,97.0969543457,72.018119812,21.6815738678,-9.93682193756,-6.76081562042,4.28713178635],[-461.428253174,-192.674346924,-26.1668663025,-10.1277675629,-16.9455547333,-39.7517623901,-8.37516880035,72.018119812,120.643081665,74.7038116455,4.60991382599,-17.8766345978,3.13291764259],[-392.259674072,-109.738937378,-3.10028505325,-18.9155082703,-20.7628269196,-25.1615600586,-20.3116035461,21.6815738678,74.7038116455,90.0111541748,42.597278595,-0.507059216499,0.106457971036],[-81.1000671387,-52.9993515015,-20.3109893799,-13.6790857315,4.29843139648,4.17871046066,0.827665269375,-9.93682193756,4.60991382599,42.597278595,70.3891983032,46.4338226318,16.3435688019],[43.5223808289,-53.5275993347,-27.423248291,6.86144161224,24.9635925293,17.9640693665,16.6016979218,-6.76081562042,-17.8766345978,-0.507059216499,46.4338226318,68.7437362671,40.9661102295],[-54.0855102539,-91.3212432861,-20.5018043518,11.4231081009,19.3186969757,9.34582996368,11.9719772339,4.28713178635,3.13291764259,0.106457971036,16.3435688019,40.9661102295,53.3279953003]],"icov":[[0.000339654885465,-0.000732266402338,0.00113235611934,-0.00112457596697,0.000281812943285,0.00136057694908,-0.00249023060314,0.00247949454933,-0.0016246807063,0.00125920877326,-0.000493992643896,0.000126427548821,-0.0000668728389428],[-0.000732266402338,0.00240703951567,-0.00272007472813,0.00321910111234,-0.000346462213201,-0.00471531413496,0.00822474062443,-0.00668547488749,0.00500221224502,-0.00240883580409,0.00136730750091,-0.000626582244877,0.00106011796743],[0.00113235611934,-0.00272007472813,0.01123058144,-0.0120939267799,0.00993500184268,-0.00350993848406,-0.00668108183891,0.00885947141796,-0.00455780699849,0.00103746529203,-0.000243661357672,0.00131720106583,0.000530816381797],[-0.00112457596697,0.00321910111234,-0.0120939267799,0.0208331942558,-0.0192186534405,0.0118207046762,0.00287825916894,-0.0113330809399,0.0127936787903,-0.00859835091978,0.00676424987614,-0.00273866136558,-0.000288234470645],[0.000281812943285,-0.000346462213201,0.00993500184268,-0.0192186534405,0.0354620069265,-0.0290818586946,0.0123410923406,0.00481790490448,-0.0145177030936,0.0147441662848,-0.00827724300325,-0.000876403180882,0.000754436594434],[0.00136057694908,-0.00471531413496,-0.00350993848406,0.0118207046762,-0.0290818586946,0.0509541146457,-0.04015378654,0.0171458087862,0.00296362163499,-0.00954576209188,0.0083816293627,-0.00189351779409,-0.00260398560204],[-0.00249023060314,0.00822474062443,-0.00668108183891,0.00287825916894,0.0123410923406,-0.04015378654,0.0667927712202,-0.056142732501,0.0320932306349,-0.00344210420735,-0.00718691665679,0.00386576261371,-0.00218689674512],[0.00247949454933,-0.00668547488749,0.00885947141796,-0.0113330809399,0.00481790490448,0.0171458087862,-0.056142732501,0.0861947610974,-0.0710926949978,0.0329168662429,-0.00195086013991,-0.00874358136207,0.00924963783473],[-0.0016246807063,0.00500221224502,-0.00455780699849,0.0127936787903,-0.0145177030936,0.00296362163499,0.0320932306349,-0.0710926949978,0.100390762091,-0.0780369341373,0.0382640250027,-0.003142361762,-0.00937910936773],[0.00125920877326,-0.00240883580409,0.00103746529203,-0.00859835091978,0.0147441662848,-0.00954576209188,-0.00344210420735,0.0329168662429,-0.0780369341373,0.108249485493,-0.0830985233188,0.0411785654724,-0.0079462621361],[-0.000493992643896,0.00136730750091,-0.000243661357672,0.00676424987614,-0.00827724300325,0.0083816293627,-0.00718691665679,-0.00195086013991,0.0382640250027,-0.0830985233188,0.107943877578,-0.0770894736052,0.0276533104479],[0.000126427548821,-0.000626582244877,0.00131720106583,-0.00273866136558,-0.000876403180882,-0.00189351779409,0.00386576261371,-0.00874358136207,-0.003142361762,0.0411785654724,-0.0770894736052,0.0937590301037,-0.0476640202105],[-0.0000668728389428,0.00106011796743,0.000530816381797,-0.000288234470645,0.000754436594434,-0.00260398560204,-0.00218689674512,0.00924963783473,-0.00937910936773,-0.0079462621361,0.0276533104479,-0.0476640202105,0.0494026429951]],"mean":[-830.895446777,188.400772095,36.3987998962,6.90577507019,9.10991096497,21.6427841187,6.16401052475,0.487836569548,-5.30284357071,-0.479152023792,0.489236652851,0.983312785625,-2.04285502434]},"pitch_salience":{"dmean":0.0517204068601,"dmean2":0.0852651521564,"dvar":0.00257377210073,"dvar2":0.00669610407203,"max":0.899379909039,"mean":0.496395468712,"median":0.541499853134,"min":0.00248452182859,"var":0.0356060191989},"silence_rate_20dB":{"dmean":0.000355176714947,"dmean2":0.000710479565896,"dvar":0.000355044205207,"dvar2":0.000709949235898,"max":1,"mean":0.999644875526,"median":1,"min":0,"var":0.000354981224518},"silence_rate_30dB":{"dmean":0.01882436499,"dmean2":0.0376554168761,"dvar":0.0184689536691,"dvar2":0.0433430969715,"max":1,"mean":0.948153436184,"median":1,"min":0,"var":0.0491569004953},"silence_rate_60dB":{"dmean":0.0248623695225,"dmean2":0.0497335717082,"dvar":0.0242452807724,"dvar2":0.0540085248649,"max":1,"mean":0.277876406908,"median":0,"min":0,"var":0.200660184026},"spectral_centroid":{"dmean":86.9038925171,"dmean2":136.730834961,"dvar":56551.6992188,"dvar2":104292.640625,"max":11777.1826172,"mean":629.924865723,"median":361.093292236,"min":159.692657471,"var":1823285.875},"spectral_complexity":{"dmean":1.17563486099,"dmean2":1.93108344078,"dvar":2.17320561409,"dvar2":4.27975702286,"max":28,"mean":6.45383501053,"median":5,"min":0,"var":24.873003006},"spectral_contrast_coeffs":{"dmean":[0.0425389781594,0.041350774467,0.034310143441,0.0344328582287,0.0266330651939,0.0158990155905],"dmean2":[0.0689934045076,0.066242992878,0.0561429597437,0.0554084144533,0.0446026995778,0.0262616686523],"dvar":[0.00119832297787,0.00118322705384,0.000841163273435,0.000911898794584,0.000630562717561,0.00030100683216],"dvar2":[0.00306541612372,0.00304591003805,0.00219619111158,0.00231723929755,0.00160601327661,0.000800166802946],"max":[-0.330289781094,-0.47299349308,-0.539832293987,-0.517469346523,-0.66798812151,-0.655314564705],"mean":[-0.659186780453,-0.763233602047,-0.809207856655,-0.818044424057,-0.905430853367,-0.846235632896],"median":[-0.650945603848,-0.768364310265,-0.810507893562,-0.825291395187,-0.907012581825,-0.849421262741],"min":[-0.97627300024,-0.978355109692,-0.97351360321,-0.982850313187,-0.969380676746,-0.967091202736],"var":[0.0103073650971,0.00624222029001,0.00368121033534,0.00440073432401,0.00156091945246,0.000780178233981]},"spectral_contrast_valleys":{"dmean":[0.380227714777,0.381239920855,0.368124216795,0.40771406889,0.611134111881,0.594763636589],"dmean2":[0.630717754364,0.59600943327,0.576127409935,0.641511142254,0.991840004921,0.954474687576],"dvar":[0.144413039088,0.158261954784,0.159777358174,0.17550098896,0.35189846158,0.334566622972],"dvar2":[0.279753535986,0.288700073957,0.287411510944,0.357077211142,0.815739750862,0.793703794479],"max":[-4.92059516907,-4.79150056839,-5.29043388367,-5.90033149719,-6.23063611984,-8.63082790375],"mean":[-7.94738769531,-7.89877271652,-8.61265945435,-9.4251832962,-9.92558574677,-12.1872005463],"median":[-7.40768384933,-7.38680744171,-8.27056884766,-9.07233142853,-9.73090267181,-11.9846439362],"min":[-28.384765625,-27.9501914978,-27.8075504303,-27.6435165405,-27.5604057312,-27.3921794891],"var":[7.62864255905,7.72396421432,7.00395822525,6.45281362534,6.07142686844,4.83331727982]},"spectral_decrease":{"dmean":1.49346912615e-9,"dmean2":2.32671237832e-9,"dvar":1.12760996405e-17,"dvar2":2.64921101695e-17,"max":3.53828788491e-9,"mean":-4.53125581501e-9,"median":-1.08136366528e-9,"min":-7.91746685991e-8,"var":7.14698607625e-17},"spectral_energy":{"dmean":0.00595671264455,"dmean2":0.00892280228436,"dvar":0.000188262900338,"dvar2":0.000404472462833,"max":0.353955298662,"mean":0.0243127718568,"median":0.00980088394135,"min":9.86234842767e-21,"var":0.00141340622213},"spectral_energyband_high":{"dmean":0.0000161268035299,"dmean2":0.0000260141405306,"dvar":2.39239006383e-9,"dvar2":5.8790790014e-9,"max":0.00123944377992,"mean":0.0000231779831665,"median":0.00000554708913114,"min":6.66177580358e-21,"var":3.42633721395e-9},"spectral_energyband_low":{"dmean":0.00423023523763,"dmean2":0.00705573055893,"dvar":0.000105027196696,"dvar2":0.000292485638056,"max":0.212292075157,"mean":0.00981376692653,"median":0.00313791213557,"min":1.83496114748e-23,"var":0.000318581383908},"spectral_energyband_middle_high":{"dmean":0.000828602002002,"dmean2":0.00124480202794,"dvar":0.0000141855280162,"dvar2":0.0000326597073581,"max":0.0922719463706,"mean":0.00171621900517,"median":0.00013989864965,"min":1.08826716743e-21,"var":0.0000372199356207},"spectral_energyband_middle_low":{"dmean":0.00261088390835,"dmean2":0.003272901522,"dvar":0.0000385018829547,"dvar2":0.0000608778827882,"max":0.257417321205,"mean":0.00987724587321,"median":0.00287393177859,"min":1.71181289198e-22,"var":0.000315618526656},"spectral_entropy":{"dmean":0.343412041664,"dmean2":0.540775895119,"dvar":0.103786073625,"dvar2":0.251476466656,"max":9.82185649872,"mean":6.7114405632,"median":6.63304281235,"min":4.92637348175,"var":0.567699491978},"spectral_flux":{"dmean":0.0121984342113,"dmean2":0.0189236868173,"dvar":0.000351165828761,"dvar2":0.000807305448689,"max":0.353124141693,"mean":0.0497660264373,"median":0.037122245878,"min":6.41656242029e-11,"var":0.00216321181506},"spectral_kurtosis":{"dmean":13.2477359772,"dmean2":21.6177883148,"dvar":262.329833984,"dvar2":701.15423584,"max":154.680297852,"mean":28.3942012787,"median":23.0987243652,"min":-1.24649989605,"var":450.570495605},"spectral_rms":{"dmean":0.000459543458419,"dmean2":0.000686121464241,"dvar":5.09827771111e-7,"dvar2":9.44622854604e-7,"max":0.018582848832,"mean":0.00390421133488,"median":0.00309222191572,"min":3.10190328284e-12,"var":0.00000847690171213},"spectral_rolloff":{"dmean":2218.71606445,"dmean2":4372.4140625,"dvar":38786012,"dvar2":106569304,"max":22050,"mean":13948.8964844,"median":21813.1347656,"min":64.599609375,"var":105407976},"spectral_skewness":{"dmean":0.925260961056,"dmean2":1.48958909512,"dvar":0.917616069317,"dvar2":2.41905832291,"max":9.30435276031,"mean":4.00060987473,"median":3.89914226532,"min":-0.0949325114489,"var":2.41067004204},"spectral_spread":{"dmean":779322.1875,"dmean2":1242088.5,"dvar":811528683520,"dvar2":1619602046980,"max":42217968,"mean":4338439.5,"median":3539946,"min":889521,"var":22520564547600},"spectral_strongpeak":{"dmean":5.00187110901,"dmean2":9.50070476532,"dvar":159.646591187,"dvar2":475.152130127,"max":105.736991882,"mean":10.62707901,"median":0.586187660694,"min":0,"var":272.295837402},"zerocrossingrate":{"dmean":0.0343551933765,"dmean2":0.0448724403977,"dvar":0.00118127302267,"dvar2":0.0018486068584,"max":0.99951171875,"mean":0.3614628613,"median":0.29833984375,"min":0.00537109375,"var":0.0531234741211}},"metadata":{"audio_properties":{"analysis_sample_rate":44100,"bit_rate":192000,"codec":"mp3","downmix":"mix","equal_loudness":0,"length":130.742858887,"lossless":false,"md5_encoded":"a0389bdeaaf8240c643332b84e02804d","replay_gain":-3.62296104431,"sample_rate":44100},"tags":{"album":["Seventeen Seconds"],"albumartist":["The Cure"],"albumartistsort":["Cure, The"],"artist":["The Cure"],"artistsort":["Cure, The"],"asin":["B000ENC72W"],"date":["1980-04-22"],"file_name":"01 A Reflection (1).mp3","genre":["Progressive Rock"],"musicbrainz album release country":["GB"],"musicbrainz album status":["official"],"musicbrainz album type":["album"],"musicbrainz_albumartistid":["69ee3720-a7cb-4402-b48d-a02c366f2bcf"],"musicbrainz_albumid":["ca6f753b-4db1-4ca3-aebd-cfff8902a05a"],"musicbrainz_artistid":["69ee3720-a7cb-4402-b48d-a02c366f2bcf"],"musicbrainz_recordingid":["a9604a2e-7f4e-4daf-bc30-79f423498659"],"title":["A Reflection"],"tracknumber":["1/10"]},"version":{"essentia":"2.1-beta1","essentia_build_sha":"9f04d4dd351e2d05498f0c7e4880499648f24ac0","essentia_git_sha":"v2.1_beta1-34-gf95df8b","extractor":"music 1.0"}},"rhythm":{"beats_count":187,"beats_loudness":{"dmean":0.0592130385339,"dmean2":0.107529789209,"dvar":0.00481340661645,"dvar2":0.012199417688,"max":0.331632643938,"mean":0.0444559119642,"median":0.019541984424,"min":0,"var":0.00390641577542},"beats_loudness_band_ratio":{"dmean":[0.204036399722,0.140831157565,0.0501488447189,0.0639706552029,0.00419577490538,0.0921117514372],"dmean2":[0.343466460705,0.239696919918,0.0867246687412,0.118414275348,0.00795547664165,0.150247275829],"dvar":[0.0270288400352,0.0160650219768,0.00348328333348,0.00820471439511,0.0000345155640389,0.0133971245959],"dvar2":[0.0746525675058,0.0481974370778,0.00907195452601,0.0219805818051,0.0000962650083238,0.0276579409838],"max":[0.911389112473,0.73876452446,0.3472