{"lowlevel":{"average_loudness":0.955072343349,"barkbands":{"dmean":[0.0000408150444855,0.00402576010674,0.00592268258333,0.00311977695674,0.00153040746227,0.000951131165493,0.000663241778966,0.000359317840775,0.00109449180309,0.0012189556146,0.000943279417697,0.000501355913002,0.00027530483203,0.000292205513688,0.000354340882041,0.000467662175652,0.000725708552636,0.000210164376767,0.000146487465827,0.00014875549823,0.000113261732622,0.0000955742652877,0.0000698063959135,0.0000357602184522,0.0000175578843482,0.0000155666439241,0.00000396733685193],"dmean2":[0.0000660411897115,0.00676639564335,0.00948024075478,0.00512298662215,0.00253013055772,0.00154756521806,0.00108090753201,0.000571288517676,0.00181246188004,0.00200889422558,0.00156770844478,0.000820490531623,0.0004596861545,0.000484354561195,0.000593103701249,0.000782658345997,0.00118539563846,0.000347464025253,0.000241392292082,0.000241855203058,0.000182457850315,0.000153155400767,0.000111678084068,0.0000531791847607,0.0000259471689787,0.0000223391853069,0.00000609572225585],"dvar":[3.74074637932e-9,0.0000238270713453,0.000102266756585,0.0000296149519272,0.00000389427987102,0.0000025354945592,0.00000198957127395,6.34303262359e-7,0.0000051840179367,0.00000673017848385,0.00000159348508078,3.74039359485e-7,1.64056672247e-7,1.98883952862e-7,2.88317039576e-7,2.98378893149e-7,0.00000114095666959,8.41934166829e-8,4.74664894057e-8,7.66063621427e-8,4.42211138818e-8,3.79971218933e-8,2.73102642723e-8,7.73425679057e-9,1.72797054443e-9,1.25545573937e-9,8.45995634657e-11],"dvar2":[9.71109326287e-9,0.0000649214125588,0.000234013496083,0.0000736924921512,0.0000102587127913,0.00000656272550259,0.00000534788205186,0.00000136707194542,0.0000148738517964,0.0000184280870599,0.00000413702628066,9.59663225331e-7,4.53219286101e-7,5.21146034771e-7,7.88050442679e-7,7.61070168664e-7,0.00000272079751085,2.15732043785e-7,1.27073661815e-7,1.96955198817e-7,1.17242741737e-7,1.01020589227e-7,7.10512964019e-8,1.57376955912e-8,4.11310896453e-9,2.73676659113e-9,1.94589400149e-10],"max":[0.00112913246267,0.053789306432,0.121290653944,0.0580857470632,0.0210201367736,0.0236442442983,0.038033388555,0.0402586087584,0.043569214642,0.0769205316901,0.0235013850033,0.012948079966,0.00925249233842,0.00975430011749,0.00914988759905,0.0131944827735,0.0325581170619,0.00594152696431,0.00461611663923,0.00711888819933,0.00369255500846,0.00335503835231,0.00480457721278,0.00351814436726,0.00139836128801,0.00153769366443,0.000123785546748],"mean":[0.0000581115200475,0.00617673201486,0.00788883212954,0.0040521742776,0.00276337540708,0.00162332330365,0.00113554357085,0.0006753737689,0.00194812868722,0.00219223438762,0.00171743973624,0.000985406921245,0.000515873951372,0.000547640025616,0.000707686762325,0.00102908769622,0.00163144886028,0.000470420578495,0.000323340413161,0.00031341551221,0.000231592348428,0.000189356680494,0.000134174944833,0.0000742539486964,0.0000398893826059,0.0000300935153064,0.00000449607296105],"median":[0.000031976691389,0.00425232667476,0.00245065591298,0.00153615965974,0.00197602226399,0.000934017414693,0.000556635495741,0.000456444278825,0.00111885787919,0.00131150183734,0.00122883915901,0.000746186007746,0.00034884994966,0.000395600887714,0.000509308709297,0.000851166434586,0.00116369395982,0.000341039034538,0.000234794570133,0.00016396807041,0.000131378663355,0.000109397420601,0.0000703198165866,0.0000378016484319,0.0000163515815075,0.00000799010103947,4.4479133976e-7],"min":[3.1068248907e-25,1.00304602843e-23,5.36982548565e-25,1.46747120197e-24,1.99294237667e-23,1.80560037568e-23,1.43995782408e-23,6.71191414927e-24,2.64856672603e-23,1.95367808729e-23,1.96189123371e-23,3.04775495653e-23,3.73365089651e-23,4.70418804592e-23,5.56933464058e-23,9.56110461181e-23,1.10246239756e-22,1.235027759e-22,1.91060394683e-22,1.71195943078e-22,2.84501284451e-22,3.15380758648e-22,4.78431391024e-22,6.26420788076e-22,9.89612247866e-22,1.40298091578e-21,2.07097873777e-21],"var":[6.37302566275e-9,0.0000383930382668,0.000182561532711,0.0000413241905335,0.00000655654321235,0.0000049311706789,0.00000389997148886,0.00000129204681798,0.00000952351729211,0.0000154824192578,0.00000330526063408,8.20067725726e-7,3.36162770509e-7,3.14963301662e-7,5.60985654374e-7,6.6561398171e-7,0.000003456013701,2.07578963796e-7,1.01669179742e-7,2.23022226464e-7,9.59323074312e-8,6.68808510795e-8,4.98024839146e-8,2.19256488521e-8,4.50939330321e-9,3.15503423387e-9,1.15703363557e-10]},"barkbands_crest":{"dmean":2.74133825302,"dmean2":4.50560474396,"dvar":6.02443265915,"dvar2":15.2359809875,"max":24.4409751892,"mean":8.83885478973,"median":7.96814441681,"min":2.49302244186,"var":16.0394649506},"barkbands_flatness_db":{"dmean":0.0191562119871,"dmean2":0.0306935217232,"dvar":0.000382042286219,"dvar2":0.00094434217317,"max":0.415433615446,"mean":0.115059316158,"median":0.103672228754,"min":0.0309473387897,"var":0.00234345346689},"barkbands_kurtosis":{"dmean":2.83246207237,"dmean2":4.52269935608,"dvar":100.540611267,"dvar2":233.954223633,"max":348.091156006,"mean":3.49544739723,"median":0.137724876404,"min":-1.9324529171,"var":273.72946167},"barkbands_skewness":{"dmean":0.526717424393,"dmean2":0.823802888393,"dvar":0.349685937166,"dvar2":0.847899854183,"max":14.9549226761,"mean":1.25822043419,"median":0.958544313908,"min":-2.11317229271,"var":1.86464357376},"barkbands_spread":{"dmean":4.97324180603,"dmean2":8.0983543396,"dvar":22.3635883331,"dvar2":59.2760276794,"max":82.8163528442,"mean":25.1645622253,"median":25.7092208862,"min":0.422784030437,"var":81.1624526978},"dissonance":{"dmean":0.0105907693505,"dmean2":0.0182111952454,"dvar":0.000100759054476,"dvar2":0.000285244546831,"max":0.500000059605,"mean":0.482261717319,"median":0.484895020723,"min":0.385854005814,"var":0.000158035516506},"dynamic_complexity":1.31428074837,"erbbands":{"dmean":[0.0664900615811,1.12241947651,5.98166131973,8.53072357178,7.25782394409,5.10563325882,7.15457963943,7.74287176132,9.66040611267,8.39537906647,10.5970907211,28.0997161865,28.5525608063,38.3636054993,34.7951927185,19.7749233246,13.1119022369,11.5757894516,16.4224185944,18.2444877625,28.9456157684,39.205581665,12.3683137894,7.62097072601,7.2477107048,6.39624404907,4.97198867798,4.16693973541,3.50955581665,2.77295565605,1.89014685154,0.967214107513,0.512226104736,0.245186686516,0.110923096538,0.072212472558,0.0292788781226,0.00577479740605,0.000785555574112,0.0000289615509246],"dmean2":[0.111231863499,1.87350404263,9.58709430695,13.8438777924,12.1711082458,8.36067295074,11.6513633728,12.6132421494,15.7281761169,13.3731842041,17.1990318298,46.8930473328,45.8881607056,63.7207260132,57.9572029114,32.2338752747,21.7851886749,19.2411308289,27.2135372162,30.4009170532,48.5348091125,63.7873573303,20.2081699371,12.5509214401,11.8223352432,10.4017457962,8.04044055939,6.74315357208,5.66724538803,4.43987798691,3.0226521492,1.49271523952,0.750711619854,0.369351565838,0.164902105927,0.104918651283,0.0424440726638,0.00830821879208,0.00121736677829,0.0000443114258815],"dvar":[0.00601130258292,1.96386635303,92.5099411011,189.897125244,152.463424683,52.087688446,83.0016021729,252.807769775,537.827270508,151.399230957,593.144470215,3694.58300781,4052.94702148,6247.23876953,2077.30786133,717.733764648,373.135894775,285.69152832,690.909362793,675.713989258,1090.38952637,4262.37744141,280.820770264,120.327278137,137.648239136,156.230209351,94.5846481323,65.1097717285,55.0575485229,33.2525939941,21.4553718567,5.02812671661,2.05498552322,0.417289882898,0.0533562377095,0.0275842919946,0.00455329986289,0.000167186008184,0.00000345046578332,2.18142015562e-9],"dvar2":[0.0163905620575,5.25881242752,209.016937256,467.535705566,411.357086182,133.483520508,219.927078247,659.169555664,1411.90136719,378.370910645,1381.3013916,10471.5976562,11049.4169922,17145.5878906,5416.62109375,1789.82702637,1013.53637695,762.880432129,1798.3671875,1837.08068848,2808.11767578,9853.59960938,721.079040527,305.794036865,368.834259033,394.105285645,247.737991333,175.795135498,146.46786499,86.6126251221,55.5584144592,12.0155906677,3.80592083931,1.0123821497,0.125641196966,0.0599899701774,0.0102713340893,0.000369558081729,0.00000797048232926,5.03356423209e-9],"max":[1.07090556622,14.5203561783,119.101097107,180.381622314,124.275253296,119.724197388,150.825820923,276.614593506,553.865234375,259.484527588,1151.88989258,1239.89916992,1663.68164062,2418.40527344,840.104248047,643.418701172,478.785583496,355.191345215,619.155151367,626.047546387,710.653381348,2235.75024414,317.6875,290.665771484,272.193664551,348.446411133,197.622253418,127.712539673,168.59425354,117.642997742,148.608612061,73.0984725952,65.162399292,22.4323577881,7.04967975616,7.72652387619,2.44800376892,0.25016528368,0.0226031318307,0.00068439275492],"mean":[0.109204635024,1.71286606789,8.2543888092,12.0157175064,10.0528116226,9.20718383789,13.3229751587,12.5836420059,14.9690504074,16.6548023224,19.648771286,48.2128067017,54.9364242554,72.8202667236,66.3782806396,41.3922424316,27.2181224823,24.2305278778,34.3787727356,42.2270736694,69.9653930664,90.5926589966,32.7293395996,17.9833145142,16.6358299255,13.9998245239,10.4751319885,8.37744045258,6.80864238739,5.3980383873,3.58669805527,1.95154356956,1.06098377705,0.530298471451,0.243543818593,0.147564247251,0.0518730208278,0.00859489198774,0.000881404615939,0.000065685089794],"median":[0.0731309652328,1.12780296803,3.1762650013,5.25263023376,5.3565325737,6.24264717102,9.24140644073,6.32158470154,6.02790212631,10.2514972687,13.6625299454,27.7420806885,33.349193573,49.496723175,49.9722366333,30.839094162,19.0747795105,18.439868927,25.8829879761,32.4256362915,58.9791946411,63.6482543945,24.6010971069,13.1482362747,11.7675390244,7.14532995224,5.61188030243,4.64855670929,3.77107667923,2.8286485672,1.88675379753,1.0854640007,0.495168536901,0.212792932987,0.0991693884134,0.0436472222209,0.0123103326187,0.00176382716745,0.0000967846062849,0.000048139012506],"min":[2.94452670107e-22,1.6745290032e-21,1.92743361898e-21,8.37806571471e-21,1.76588859769e-20,5.22706124259e-20,3.97325512053e-20,1.44715002597e-19,2.07570169673e-19,1.5592870242e-19,2.38501166963e-19,5.54227967613e-19,6.83425410885e-19,9.47813634558e-19,1.08775667098e-18,1.66233276467e-18,1.865083625e-18,2.74811299097e-18,2.95547559001e-18,4.99789722576e-18,4.10922317929e-18,5.94341843265e-18,7.17688286513e-18,6.16701279685e-18,8.08859885474e-18,8.72793502199e-18,1.08557603676e-17,1.22868142602e-17,1.11926139557e-17,1.27425419741e-17,1.42198931656e-17,1.03056629264e-17,1.12742302124e-17,9.27680079128e-18,6.74676259508e-18,4.22855266805e-18,2.55144666443e-18,1.00624980893e-18,2.93502680639e-19,2.96168690215e-20],"var":[0.0122113227844,3.13216423988,161.660293579,292.991668701,180.517272949,91.2062911987,171.762435913,461.960083008,967.204589844,416.782806396,1128.96569824,6185.58300781,8488.96875,14235.7041016,4185.97265625,1632.41394043,820.833129883,511.135101318,1291.60473633,1585.9621582,2710.97875977,12781.1083984,863.708068848,298.269927979,348.658233643,466.095184326,225.845397949,127.16166687,97.0491867065,59.8003501892,39.3922996521,11.2864990234,6.04748058319,1.00168693066,0.148698911071,0.0766276791692,0.00983231235296,0.00029417546466,0.00000453258553534,3.3075213679e-9]},"erbbands_crest":{"dmean":2.21958613396,"dmean2":3.71196508408,"dvar":4.89854192734,"dvar2":12.828540802,"max":28.5252323151,"mean":7.55208492279,"median":6.6403594017,"min":2.3840637207,"var":12.2014665604},"erbbands_flatness_db":{"dmean":0.015148377046,"dmean2":0.022368516773,"dvar":0.000222659611609,"dvar2":0.000449345941888,"max":0.284757733345,"mean":0.151999339461,"median":0.147666871548,"min":0.0571376755834,"var":0.00112583371811},"erbbands_kurtosis":{"dmean":0.567504703999,"dmean2":0.923742651939,"dvar":0.882953703403,"dvar2":2.29333400726,"max":22.3947315216,"mean":-0.0356775298715,"median":-0.245739221573,"min":-1.70060384274,"var":1.55205142498},"erbbands_skewness":{"dmean":0.296832114458,"dmean2":0.477098941803,"dvar":0.0749275609851,"dvar2":0.196844965219,"max":4.53840780258,"mean":-0.0690605714917,"median":-0.129517108202,"min":-3.03365540504,"var":0.373891055584},"erbbands_spread":{"dmean":6.51060438156,"dmean2":10.1050224304,"dvar":41.6387939453,"dvar2":92.8932952881,"max":107.437225342,"mean":34.9248352051,"median":32.7111473083,"min":7.51712846756,"var":175.224960327},"gfcc":{"cov":[[5641.08203125,-493.515625,-455.347381592,-8.80540847778,-436.914520264,97.7037353516,-150.385025024,83.715171814,-135.660507202,123.276672363,-167.995483398,100.918243408,-72.4956054688],[-493.515625,886.809143066,-197.04927063,60.0358085632,301.648284912,-29.2267665863,60.8043899536,5.24974250793,76.0296020508,-155.790023804,88.8983154297,-53.523727417,38.6619796753],[-455.347381592,-197.04927063,497.945404053,76.6524124146,-12.7330856323,31.9556980133,-1.55830025673,-78.4298019409,-40.3045082092,25.1547622681,-49.0497169495,-25.2706222534,-40.2449455261],[-8.80540847778,60.0358085632,76.6524124146,285.581298828,-48.3537254333,55.441204071,2.22741270065,-39.0606651306,12.6383161545,-33.4073867798,12.846818924,-37.6000518799,12.3378458023],[-436.914520264,301.648284912,-12.7330856323,-48.3537254333,282.180999756,-10.5390739441,55.3167610168,20.5061359406,37.2498054504,-69.6516342163,30.6936817169,-17.5069141388,-13.2610797882],[97.7037353516,-29.2267665863,31.9556980133,55.441204071,-10.5390739441,95.3248138428,24.2211227417,10.484539032,-0.729579985142,-4.4913482666,-4.71448564529,-3.88447999954,-1.19985866547],[-150.385025024,60.8043899536,-1.55830025673,2.22741270065,55.3167610168,24.2211227417,90.4689407349,26.2920074463,16.042016983,-9.74881267548,10.6719684601,-11.5220766068,2.13545203209],[83.715171814,5.24974250793,-78.4298019409,-39.0606651306,20.5061359406,10.484539032,26.2920074463,87.3132553101,31.3545360565,11.9300613403,10.0057048798,13.7451820374,4.71398305893],[-135.660507202,76.0296020508,-40.3045082092,12.6383161545,37.2498054504,-0.729579985142,16.042016983,31.3545360565,76.2789382935,3.72020125389,24.2887744904,2.26749825478,13.5200338364],[123.276672363,-155.790023804,25.1547622681,-33.4073867798,-69.6516342163,-4.4913482666,-9.74881267548,11.9300613403,3.72020125389,98.8522872925,0.665711045265,25.6037826538,11.403459549],[-167.995483398,88.8983154297,-49.0497169495,12.846818924,30.6936817169,-4.71448564529,10.6719684601,10.0057048798,24.2887744904,0.665711045265,66.2566680908,21.2270565033,20.2024383545],[100.918243408,-53.523727417,-25.2706222534,-37.6000518799,-17.5069141388,-3.88447999954,-11.5220766068,13.7451820374,2.26749825478,25.6037826538,21.2270565033,63.250541687,23.8122596741],[-72.4956054688,38.6619796753,-40.2449455261,12.3378458023,-13.2610797882,-1.19985866547,2.13545203209,4.71398305893,13.5200338364,11.403459549,20.2024383545,23.8122596741,63.0773429871]],"icov":[[0.000327722460497,-0.000162614058354,0.000488274818053,-0.000326688401401,0.000250090553891,-0.000360471138265,0.000229879675317,-0.000214026120375,0.000477636232972,-0.000544377660844,0.00122362782713,-0.00107649352867,0.000916212098673],[-0.000162614058354,0.00333278090693,0.000646467320621,-0.000292966666166,-0.00264110136777,0.000830967037473,-0.0000343657375197,0.000914696953259,-0.00105089426506,0.0027991887182,-0.00300376978703,0.00329408561811,-0.0029288304504],[0.000488274818053,0.000646467320621,0.0040483106859,-0.00166077131871,-0.00126395374537,-0.00102058053017,-0.000336817203788,0.00267597381026,0.000875171041116,-0.00234680227004,0.00338903674856,-0.00178921211045,0.00242567248642],[-0.000326688401401,-0.000292966666166,-0.00166077131871,0.00673942035064,0.00236114836298,-0.00308006769046,0.000317995465593,0.00199686712585,-0.00275031221099,0.00309576746076,-0.00444637332112,0.00508129317313,-0.00276023894548],[0.000250090553891,-0.00264110136777,-0.00126395374537,0.00236114836298,0.00866856519133,-0.000263910362264,-0.00243998994119,-0.0010148481233,-0.0017840686487,0.00274923956022,-0.000546460039914,-0.00168844428845,0.00331163429655],[-0.000360471138265,0.000830967037473,-0.00102058053017,-0.00308006769046,-0.000263910362264,0.0146263679489,-0.00410480191931,-0.00282865553163,0.000786534394138,0.00163993379101,0.000205338539672,-0.000791559228674,-0.000631224189419],[0.000229879675317,-0.0000343657375197,-0.000336817203788,0.000317995465593,-0.00243998994119,-0.00410480191931,0.0159549098462,-0.00462371250615,0.000708136649337,-0.000822107598651,-0.00176852184813,0.00422433111817,-0.00180894043297],[-0.000214026120375,0.000914696953259,0.00267597381026,0.00199686712585,-0.0010148481233,-0.00282865553163,-0.00462371250615,0.0198507383466,-0.0072956639342,-0.00129703129642,0.000847776187584,-0.00221897335723,0.00128038099501],[0.000477636232972,-0.00105089426506,0.000875171041116,-0.00275031221099,-0.0017840686487,0.000786534394138,0.000708136649337,-0.0072956639342,0.0205124430358,-0.00440691877156,-0.00165456952527,0.000197370696696,-0.000693965295795],[-0.000544377660844,0.0027991887182,-0.00234680227004,0.00309576746076,0.00274923956022,0.00163993379101,-0.000822107598651,-0.00129703129642,-0.00440691877156,0.019388159737,-0.00578527059406,0.00122185470536,-0.00487913424149],[0.00122362782713,-0.00300376978703,0.00338903674856,-0.00444637332112,-0.000546460039914,0.000205338539672,-0.00176852184813,0.000847776187584,-0.00165456952527,-0.00578527059406,0.0305845923722,-0.0156804248691,0.00368935079314],[-0.00107649352867,0.00329408561811,-0.00178921211045,0.00508129317313,-0.00168844428845,-0.000791559228674,0.00422433111817,-0.00221897335723,0.000197370696696,0.00122185470536,-0.0156804248691,0.0332057625055,-0.0135154742748],[0.000916212098673,-0.0029288304504,0.00242567248642,-0.00276023894548,0.00331163429655,-0.000631224189419,-0.00180894043297,0.00128038099501,-0.000693965295795,-0.00487913424149,0.00368935079314,-0.0135154742748,0.0263904500753]],"mean":[37.8852958679,99.7490005493,-128.880859375,32.9560852051,-45.0468788147,17.9399604797,-30.6063594818,12.2803173065,-20.753692627,-8.38753604889,-23.264837265,5.02460956573,-8.47770786285]},"hfc":{"dmean":5.40968942642,"dmean2":8.23605060577,"dvar":39.7267112732,"dvar2":95.5867462158,"max":132.572616577,"mean":27.6677951813,"median":25.314950943,"min":1.13202618208e-16,"var":198.469314575},"melbands":{"dmean":[0.000839238986373,0.00247426168062,0.00143898418173,0.000386500061722,0.000241519184783,0.000175923778443,0.000144490521052,0.0000812641592347,0.000107384068542,0.000174374959897,0.000148344173795,0.000162772921612,0.000136470946018,0.0000587378453929,0.0000451166124549,0.000023031479941,0.0000247261577897,0.0000284821671812,0.000026295592761,0.0000276063201454,0.0000410235516028,0.000049741640396,0.0000206592303584,0.00000850973628985,0.00000688169620844,0.00000559514865017,0.00000613648262515,0.00000431940952694,0.00000353242853635,0.00000305145522361,0.00000241416910285,0.00000215002046389,0.00000190706089143,0.00000157112219767,0.00000125996200495,8.40977975258e-7,5.5118863429e-7,4.15517746433e-7,2.8141397479e-7,2.0409514434e-7],"dmean2":[0.00140533305239,0.00400546053424,0.0023241348099,0.00063515099464,0.000392154295696,0.000286078080535,0.000235165338381,0.000128814601339,0.000175437860889,0.000290312193101,0.000238838576479,0.000270814081887,0.000227081211051,0.000097405667475,0.0000741280018701,0.0000383019614674,0.0000411130895372,0.0000467919344374,0.0000439985960838,0.0000463465148641,0.0000688440850354,0.0000811651480035,0.0000338090794685,0.0000140651009133,0.0000113940850497,0.00000928498775465,0.00000997900315269,0.00000706709124643,0.00000582678376304,0.00000499463158121,0.00000395343931814,0.00000351669109477,0.00000310105997414,0.00000254232077168,0.00000204695061257,0.00000135225729991,8.62516117195e-7,6.18739591118e-7,4.31303192272e-7,3.15595656275e-7],"dvar":[9.566922472e-7,0.0000135855425469,0.00000504007221025,3.00451830526e-7,8.77973036495e-8,1.15244958465e-7,1.12206031133e-7,1.32977699963e-8,5.78379513172e-8,1.41249245189e-7,1.06344288042e-7,1.24358209064e-7,3.54194042984e-8,5.11046938101e-9,3.42514860918e-9,1.05727671063e-9,1.36659150662e-9,2.16366435879e-9,1.5560018829e-9,1.17400100752e-9,2.32386687671e-9,6.75367139991e-9,1.08384212716e-9,1.36923888894e-10,1.02566330429e-10,7.6626198442e-11,1.34742911273e-10,7.54039192197e-11,5.09765320234e-11,3.02901800864e-11,2.40522116113e-11,2.0141978363e-11,1.5580384205e-11,1.10250801544e-11,9.99645071581e-12,4.13936333127e-12,1.51827801633e-12,1.39672648447e-12,8.98751450866e-13,2.27819770427e-13],"dvar2":[0.00000258886643678,0.0000314670542139,0.0000124977377709,7.89892737885e-7,2.30595603057e-7,2.98391910292e-7,2.96856740079e-7,3.29195053439e-8,1.46550618751e-7,3.99849028554e-7,2.89258366593e-7,3.40858719028e-7,9.07147423845e-8,1.35903084342e-8,8.86424977864e-9,2.88563906103e-9,3.65576258154e-9,5.57004131707e-9,4.32417479601e-9,3.22971649425e-9,6.00655658545e-9,1.57444475235e-8,2.64081512213e-9,3.43306605366e-10,2.61738741791e-10,2.09632033954e-10,3.5274372312e-10,1.9239561333e-10,1.33880462272e-10,7.95020577149e-11,6.59420573701e-11,5.38125412286e-11,4.13887639439e-11,2.88807658344e-11,2.66022256307e-11,1.05307785062e-11,3.58216342873e-12,2.74357554904e-12,2.06087555875e-12,5.7758317443e-13],"max":[0.0111831035465,0.0453696101904,0.0255234502256,0.00528246024624,0.0048139449209,0.00538124423474,0.00861889775842,0.00246243947186,0.00976565573364,0.00762096093968,0.00869280379266,0.0112475128844,0.00373211177066,0.0018241815269,0.000991058768705,0.000624324893579,0.00070833961945,0.00112970615737,0.000918392615858,0.000704104255419,0.00106575642712,0.00296024535783,0.00088955211686,0.000253416510532,0.000276187434793,0.000171438281541,0.000380521320039,0.000212799452129,0.000165349818417,0.000119198535685,0.0000851726581459,0.000104409475171,0.0000617772748228,0.0000814417580841,0.0000958563759923,0.00006100390965,0.0000389473898394,0.0000569199582969,0.0000397342482756,0.0000124591488202],"mean":[0.00135853129905,0.00367756024934,0.00211576046422,0.000637749617454,0.00047312953393,0.00028961955104,0.000229687735555,0.000163268588949,0.000185914715985,0.00029931977042,0.000272500212304,0.000294380472042,0.000245907722274,0.000115143862786,0.0000882956883288,0.0000443441858806,0.0000457605383417,0.0000546496412426,0.000053410003602,0.0000591893985984,0.0000884076507646,0.000105992228782,0.0000464610675408,0.0000187586065294,0.0000140397332871,0.000011482870832,0.0000123434292618,0.00000848989930091,0.00000674762304698,0.00000575180865781,0.00000447927504865,0.00000388490570913,0.00000347654122379,0.00000283539066004,0.00000220586707655,0.00000155009797709,0.00000104519278921,7.84544909038e-7,5.58273029583e-7,4.09540717783e-7],"median":[0.000966779072769,0.00175879837479,0.000980696291663,0.000420434167609,0.000343378080288,0.000152553140651,0.0000967557934928,0.000103004102129,0.000121087505249,0.000170659914147,0.000159504066687,0.000188043079106,0.000172455023858,0.0000906830391614,0.0000607896181464,0.0000315567704092,0.0000329805116053,0.0000396741816076,0.0000389779888792,0.0000471566236229,0.0000718783558114,0.0000724834026187,0.0000318663878716,0.0000137349079523,0.00000969439588516,0.00000801447004051,0.00000732334774511,0.00000369074382434,0.00000322357800542,0.0000032389621083,0.00000232431057157,0.00000209079917113,0.0000018351934159,0.00000140735187415,0.00000107147502604,8.7986819608e-7,5.52566916667e-7,3.64178930568e-7,2.30722818628e-7,1.54288542831e-7],"min":[3.68930602735e-24,1.22721454139e-24,1.62364534804e-24,2.40493397743e-24,2.3535363368e-24,3.19477523954e-24,3.548271897e-24,1.64659084658e-24,2.58681749483e-24,3.20339472822e-24,2.87182860115e-24,3.68546703576e-24,3.29500692008e-24,3.93809421863e-24,4.93867158575e-24,3.45194054199e-24,4.46281569936e-24,4.19859305004e-24,5.98262999176e-24,5.75518719329e-24,3.49176342377e-24,6.15184617796e-24,6.26518024649e-24,5.24364323955e-24,4.53778509549e-24,5.51487767902e-24,4.45195781786e-24,5.79583364586e-24,5.98071384862e-24,5.8522127459e-24,7.22890203211e-24,6.3456657525e-24,5.30540907628e-24,6.63053368056e-24,7.01414569472e-24,7.02837990089e-24,6.21119612816e-24,6.81615975131e-24,8.85476960132e-24,6.99029054095e-24],"var":[0.00000174029264599,0.0000239685432462,0.00000784197345638,4.42604175532e-7,1.8949282321e-7,2.15699103023e-7,2.06467078101e-7,3.73004098719e-8,9.94361855078e-8,2.47417546007e-7,2.2405249922e-7,2.82692582232e-7,7.07604002059e-8,1.00326991159e-8,7.98537502789e-9,2.23603247029e-9,2.25644125607e-9,3.70497343916e-9,3.04594904854e-9,2.55846366315e-9,5.22948084836e-9,1.95239699963e-8,2.83362178166e-9,3.42998213165e-10,2.28280200298e-10,1.57825447156e-10,3.30363097989e-10,2.00348779233e-10,1.11010416137e-10,6.091317728e-11,4.15282669364e-11,3.43937101022e-11,2.49165185012e-11,1.88376900884e-11,1.63743324455e-11,7.5779287359e-12,3.39561343453e-12,3.5732337228e-12,1.90542416914e-12,5.32749625665e-13]},"melbands_crest":{"dmean":4.06311321259,"dmean2":6.61378145218,"dvar":12.9330072403,"dvar2":30.4814758301,"max":31.7931747437,"mean":14.0060005188,"median":13.0583591461,"min":1.00099432468,"var":34.5695571899},"melbands_flatness_db":{"dmean":0.0261370055377,"dmean2":0.0419702529907,"dvar":0.000634134514257,"dvar2":0.0015132863773,"max":0.542733073235,"mean":0.181004673243,"median":0.167360603809,"min":6.47149533961e-8,"var":0.00398635910824},"melbands_kurtosis":{"dmean":6.67406845093,"dmean2":10.6565856934,"dvar":258.434020996,"dvar2":629.094055176,"max":421.669403076,"mean":11.8853397369,"median":4.00247573853,"min":-1.62011694908,"var":988.606994629},"melbands_skewness":{"dmean":0.742985546589,"dmean2":1.15788280964,"dvar":0.606010854244,"dvar2":1.45098078251,"max":15.2638444901,"mean":2.38277459145,"median":1.96542000771,"min":-0.262970209122,"var":3.19556212425},"melbands_spread":{"dmean":7.39539289474,"dmean2":11.7883253098,"dvar":49.8369407654,"dvar2":117.485664368,"max":225.364639282,"mean":28.2928237915,"median":28.1558589935,"min":0.352950692177,"var":216.450790405},"mfcc":{"cov":[[2717.5690918,-515.686157227,-44.5661964417,-149.49432373,-219.178833008,-49.938117981,-75.0230407715,-48.1480369568,19.9789142609,8.23060894012,-43.1083488464,-1.62830471992,35.2752952576],[-515.686157227,829.631652832,-306.757232666,59.0564155579,190.30078125,-13.4506912231,61.7838745117,119.729522705,15.0043458939,-11.7384738922,22.3312034607,30.4124832153,6.51822471619],[-44.5661964417,-306.757232666,468.851501465,75.4420166016,-37.0501976013,96.463470459,-9.77617645264,-68.6510543823,-14.5108642578,-1.52269029617,-17.7102622986,-37.7702827454,-22.7472381592],[-149.49432373,59.0564155579,75.4420166016,162.470855713,47.8013420105,47.0219573975,12.3876247406,17.1685791016,-8.13140869141,4.82651472092,1.26466333866,-3.21278524399,-15.3513126373],[-219.178833008,190.30078125,-37.0501976013,47.8013420105,145.426986694,24.3170814514,17.3907623291,53.0663986206,-1.1836887598,-3.66790604591,9.03386211395,12.0427131653,-5.90477848053],[-49.938117981,-13.4506912231,96.463470459,47.0219573975,24.3170814514,97.323600769,26.9088859558,8.81106281281,0.118249878287,4.69163370132,-5.06642103195,-7.85117340088,-7.18244552612],[-75.0230407715,61.7838745117,-9.77617645264,12.3876247406,17.3907623291,26.9088859558,80.5703353882,33.886932373,5.85050153732,10.6797037125,1.66305673122,1.00846040249,-0.600163757801],[-48.1480369568,119.729522705,-68.6510543823,17.1685791016,53.0663986206,8.81106281281,33.886932373,111.158279419,10.8552827835,13.5079021454,8.65643787384,14.411863327,-0.388517975807],[19.9789142609,15.0043458939,-14.5108642578,-8.13140869141,-1.1836887598,0.118249878287,5.85050153732,10.8552827835,62.7032279968,23.6868858337,5.46443605423,5.67419242859,5.38759994507],[8.23060894012,-11.7384738922,-1.52269029617,4.82651472092,-3.66790604591,4.69163370132,10.6797037125,13.5079021454,23.6868858337,57.2125091553,14.1167516708,2.39527750015,0.7177952528],[-43.1083488464,22.3312034607,-17.7102622986,1.26466333866,9.03386211395,-5.06642103195,1.66305673122,8.65643787384,5.46443605423,14.1167516708,44.0176773071,17.7046489716,6.91300201416],[-1.62830471992,30.4124832153,-37.7702827454,-3.21278524399,12.0427131653,-7.85117340088,1.00846040249,14.411863327,5.67419242859,2.39527750015,17.7046489716,48.6583023071,19.1216506958],[35.2752952576,6.51822471619,-22.7472381592,-15.3513126373,-5.90477848053,-7.18244552612,-0.600163757801,-0.388517975807,5.38759994507,0.7177952528,6.91300201416,19.1216506958,48.1879348755]],"icov":[[0.000479974813061,0.000292369222734,0.000254252343439,0.000119251148135,0.000425654056016,-0.000193428975763,0.000320670864312,-0.00026375046582,-0.000130404601805,-0.0000151515050675,0.000440239819,-0.0000830924982438,-0.000223080060096],[0.000292369222734,0.00271744420752,0.00166488892864,-0.000857962411828,-0.00217821961269,0.0000816191313788,-0.000951836758759,-0.000431820255471,-0.000760382448789,0.00112066033762,-0.000232790131122,0.000543094763998,-0.000452885404229],[0.000254252343439,0.00166488892864,0.00450941175222,-0.0015718039358,-0.000202779308893,-0.00340428296477,0.00027036483516,0.00141619239002,-0.000229104349273,0.000497474160511,-0.000101011675724,0.00141188653652,0.000171587234945],[0.000119251148135,-0.000857962411828,-0.0015718039358,0.00863717403263,-0.00130774639547,-0.00234472146258,0.000670131761581,-0.000583320797887,0.00140192022081,-0.00143586739432,0.000101982193883,-0.000803802278824,0.00170123507269],[0.000425654056016,-0.00217821961269,-0.000202779308893,-0.00130774639547,0.0125895291567,-0.00270494539291,0.00181742408313,-0.00364784151316,0.000545194779988,0.00115319830365,-0.000705411715899,-0.00176229828503,0.00132580974605],[-0.000193428975763,0.0000816191313788,-0.00340428296477,-0.00234472146258,-0.00270494539291,0.01692860201,-0.00510167423636,-0.000477579334984,-0.000524460454471,-0.000469733960927,0.00131135364063,0.000577560742386,-0.000450706487754],[0.000320670864312,-0.000951836758759,0.00027036483516,0.000670131761581,0.00181742408313,-0.00510167423636,0.0166942775249,-0.00420168973505,0.000236837353441,-0.00215422874317,0.000651504495181,0.000487739802338,-0.000409938540542],[-0.00026375046582,-0.000431820255471,0.00141619239002,-0.000583320797887,-0.00364784151316,-0.000477579334984,-0.00420168973505,0.0140125257894,-0.000686709710862,-0.00237070117146,0.000213497551158,-0.00229513016529,0.00126884458587],[-0.000130404601805,-0.000760382448789,-0.000229104349273,0.00140192022081,0.000545194779988,-0.000524460454471,0.000236837353441,-0.000686709710862,0.0197275690734,-0.00843017641455,0.00110659038182,-0.00148005865049,-0.00112866202835],[-0.0000151515050675,0.00112066033762,0.000497474160511,-0.00143586739432,0.00115319830365,-0.000469733960927,-0.00215422874317,-0.00237070117146,-0.00843017641455,0.024243183434,-0.00787073839456,0.00247614714317,0.000390227447497],[0.000440239819,-0.000232790131122,-0.000101011675724,0.000101982193883,-0.000705411715899,0.00131135364063,0.000651504495181,0.000213497551158,0.00110659038182,-0.00787073839456,0.0299598220736,-0.0100461654365,-0.0005051541375],[-0.0000830924982438,0.000543094763998,0.00141188653652,-0.000803802278824,-0.00176229828503,0.000577560742386,0.000487739802338,-0.00229513016529,-0.00148005865049,0.00247614714317,-0.0100461654365,0.0301399230957,-0.0101346485317],[-0.000223080060096,-0.000452885404229,0.000171587234945,0.00170123507269,0.00132580974605,-0.000450706487754,-0.000409938540542,0.00126884458587,-0.00112866202835,0.000390227447497,-0.0005051541375,-0.0101346485317,0.0259144324809]],"mean":[-598.937744141,128.348648071,-17.3375377655,22.2944908142,7.21269702911,9.20660877228,-0.50321418047,18.3544502258,7.83353948593,-1.42417728901,-8.98736476898,-0.606647253036,0.109016560018]},"pitch_salience":{"dmean":0.0813639983535,"dmean2":0.135423868895,"dvar":0.005482934881,"dvar2":0.0141442818567,"max":0.996084451675,"mean":0.570797562599,"median":0.587808549404,"min":0.0708921924233,"var":0.0144999278709},"silence_rate_20dB":{"dmean":0,"dmean2":0,"dvar":0,"dvar2":0,"max":1,"mean":1,"median":1,"min":1,"var":0},"silence_rate_30dB":{"dmean":0.00473092822358,"dmean2":0.00946325622499,"dvar":0.00470855413005,"dvar2":0.0135139478371,"max":1,"mean":0.997043609619,"median":1,"min":0,"var":0.00294755562209},"silence_rate_60dB":{"dmean":0.00162625662051,"dmean2":0.00325299426913,"dvar":0.00162382645067,"dvar2":0.00353899179026,"max":1,"mean":0.00458240928128,"median":0,"min":0,"var":0.00456139352173},"spectral_centroid":{"dmean":225.047729492,"dmean2":359.681304932,"dvar":53968.5195312,"dvar2":131006.742188,"max":11722.734375,"mean":1493.79101562,"median":1499.1394043,"min":135.958068848,"var":445255.59375},"spectral_complexity":{"dmean":3.57998228073,"dmean2":5.81103038788,"dvar":10.5511522293,"dvar2":26.3904247284,"max":57,"mean":30.8441982269,"median":31,"min":0,"var":70.5065383911},"spectral_contrast_coeffs":{"dmean":[0.056001521647,0.0463538877666,0.0372623242438,0.0275229159743,0.0229435190558,0.0171709973365],"dmean2":[0.0912264883518,0.0775291025639,0.0620635673404,0.0458189994097,0.0378626100719,0.027611432597],"dvar":[0.0019880651962,0.00131200882606,0.000849749601912,0.000437479116954,0.000348763278453,0.000246903393418],"dvar2":[0.00511266384274,0.0036392735783,0.00239336839877,0.00124800484627,0.000916431425139,0.000625197251793],"max":[-0.327928811312,-0.479105710983,-0.536937594414,-0.63346862793,-0.618023753166,-0.626485407352],"mean":[-0.644883334637,-0.755479693413,-0.782790482044,-0.795237481594,-0.766331791878,-0.744408130646],"median":[-0.651875138283,-0.761950969696,-0.786134362221,-0.796858489513,-0.767928600311,-0.74413985014],"min":[-0.978357553482,-0.996467530727,-0.998624265194,-0.988476455212,-0.989136755466,-0.964259207249],"var":[0.00574411591515,0.00381866306998,0.00232762331143,0.00129361834843,0.00167183007579,0.00106759357732]},"spectral_contrast_valleys":{"dmean":[0.406907051802,0.322235137224,0.265328854322,0.217614471912,0.207604706287,0.243385866284],"dmean2":[0.682905316353,0.527364492416,0.439168334007,0.358298718929,0.321903407574,0.326971262693],"dvar":[0.119495123625,0.0784041956067,0.0569202043116,0.0471467375755,0.0627478286624,0.0978754609823],"dvar2":[0.298118174076,0.175170585513,0.120974890888,0.0925102829933,0.1202243343,0.178961083293],"max":[-5.43236637115,-5.08715105057,-5.16417980194,-5.7525935173,-5.3875875473,-7.68094968796],"mean":[-6.78102874756,-6.48503828049,-6.3665060997,-6.94239234924,-7.04434919357,-10.0157222748],"median":[-6.67221641541,-6.38780832291,-6.21713733673,-6.80568885803,-6.94332170486,-9.90374565125],"min":[-28.068107605,-27.8945446014,-27.8409099579,-27.6596126556,-27.468082428,-27.3696670532],"var":[1.38157474995,1.35648703575,1.42131912708,1.31488072872,1.32352638245,1.33073556423]},"spectral_decrease":{"dmean":3.05978131721e-9,"dmean2":4.86678830569e-9,"dvar":1.18358957744e-17,"dvar2":2.75623379527e-17,"max":5.51043849755e-28,"mean":-9.26011534119e-9,"median":-8.0197199992e-9,"min":-4.03392803605e-8,"var":2.365829527e-17},"spectral_energy":{"dmean":0.0118250688538,"dmean2":0.0187633503228,"dvar":0.000173317312147,"dvar2":0.000403053098125,"max":0.15442943573,"mean":0.0374594628811,"median":0.0328658074141,"min":1.01925049676e-20,"var":0.000353934447048},"spectral_energyband_high":{"dmean":0.000331577932229,"dmean2":0.000506194599438,"dvar":4.12922872783e-7,"dvar2":0.00000105964159047,"max":0.0122400559485,"mean":0.000843432324473,"median":0.000507209624629,"min":6.98811713449e-21,"var":0.00000108019014533},"spectral_energyband_low":{"dmean":0.00959980674088,"dmean2":0.0154848452657,"dvar":0.000159856848768,"dvar2":0.000378616590751,"max":0.146275341511,"mean":0.0163517389446,"median":0.0104583362117,"min":2.46500904858e-23,"var":0.00030475386302},"spectral_energyband_middle_high":{"dmean":0.00234846468084,"dmean2":0.00376202422194,"dvar":0.00000822907350084,"dvar2":0.0000214742394746,"max":0.0855046585202,"mean":0.0100545305759,"median":0.00892604421824,"min":1.25584677017e-21,"var":0.0000413170746469},"spectral_energyband_middle_low":{"dmean":0.00518375588581,"dmean2":0.00833622459322,"dvar":0.0000493993247801,"dvar2":0.000123099089251,"max":0.0732988342643,"mean":0.0127897616476,"median":0.00985447689891,"min":2.20182665436e-22,"var":0.0000863157911226},"spectral_entropy":{"dmean":0.109292067587,"dmean2":0.17142739892,"dvar":0.0175254102796,"dvar2":0.0438241325319,"max":9.81154060364,"mean":7.71899318695,"median":7.7614274025,"min":5.16417837143,"var":0.0949548408389},"spectral_flux":{"dmean":0.0263926964253,"dmean2":0.0435003191233,"dvar":0.000765832606703,"dvar2":0.00203604740091,"max":0.311190724373,"mean":0.103856317699,"median":0.0990142226219,"min":6.4316107995e-11,"var":0.00135601649527},"spectral_kurtosis":{"dmean":1.59122598171,"dmean2":2.64007234573,"dvar":3.57712364197,"dvar2":9.78187847137,"max":24.6132011414,"mean":5.24811172485,"median":4.3525595665,"min":-1.23744153976,"var":9.83302974701},"spectral_rms":{"dmean":0.000913876807317,"dmean2":0.0014377750922,"dvar":8.33436558878e-7,"dvar2":0.0000018622187099,"max":0.0122744804248,"mean":0.00586559670046,"median":0.00566252600402,"min":3.15339616398e-12,"var":0.00000214057831727},"spectral_rolloff":{"dmean":443.051055908,"dmean2":740.745849609,"dvar":308693.1875,"dvar2":734245.75,"max":19293.75,"mean":1625.91918945,"median":1614.99023438,"min":107.666015625,"var":1529022.625},"spectral_skewness":{"dmean":0.193763256073,"dmean2":0.31644949317,"dvar":0.0375337339938,"dvar2":0.0996859744191,"max":3.72588133812,"mean":1.56164741516,"median":1.51362538338,"min":-0.0748230144382,"var":0.144458815455},"spectral_spread":{"dmean":365206.40625,"dmean2":516200.21875,"dvar":325688688640,"dvar2":534631874560,"max":41900596,"mean":3907130.25,"median":3749667.25,"min":1501579.625,"var":4494127529980},"spectral_strongpeak":{"dmean":0.570992588997,"dmean2":0.982310950756,"dvar":1.00618171692,"dvar2":2.59752202034,"max":16.7308826447,"mean":0.854872763157,"median":0.490022957325,"min":0,"var":1.50048172474},"zerocrossingrate":{"dmean":0.00753775145859,"dmean2":0.00931293796748,"dvar":0.0000747806116124,"dvar2":0.000129761960125,"max":0.515625,"mean":0.0587455406785,"median":0.05810546875,"min":0.001953125,"var":0.000985954306088}},"metadata":{"audio_properties":{"analysis_sample_rate":44100,"bit_rate":191466,"codec":"mp3","downmix":"mix","equal_loudness":0,"length":157.048156738,"lossless":false,"md5_encoded":"a10fd2c08ddcbe71f8dca102e3325502","replay_gain":-13.3270893097,"sample_rate":44100},"tags":{"acoustid_id":["3aebe802-30c8-4f14-8a03-24602dd7e861"],"album":["Motörhead"],"albumartist":["Motörhead"],"albumartistsort":["Motörhead"],"artist":["Motörhead"],"artistsort":["Motörhead"],"asin":["B00005A9XZ"],"barcode":["029667200226"],"catalognumber":["CDWIKM 2"],"date":["2001-04-02"],"file_name":"05 - White Line Fever.mp3","label":["Chiswick"],"media":["CD"],"musicbrainz album release country":["GB"],"musicbrainz album status":["official"],"musicbrainz album type":["album"],"musicbrainz_albumartistid":["57961a97-3796-4bf7-9f02-a985a8979ae9"],"musicbrainz_albumid":["585590e8-f607-314c-a6ed-a0d8343fe209"],"musicbrainz_artistid":["57961a97-3796-4bf7-9f02-a985a8979ae9"],"musicbrainz_recordingid":["a9973c9c-81b1-4a5e-9d90-066827866b87"],"musicbrainz_releasegroupid":["43b4c679-bb92-3479-8763-501fd5173d3d"],"originaldate":["1977"],"script":["Latn"],"title":["White Line Fever"],"tracknumber":["5/13"]},"version":{"essentia":"2.1-beta2","essentia_build_sha":"70f2e5ece6736b2c40cc944ad0e695b16b925413","essentia_git_sha":"v2.1_beta2","extractor":"music 1.0"}},"rhythm":{"beats_count":258,"beats_loudness":{"dmean":0.0209502056241,"dmean2":0.0379380621016,"dvar":0.000188878329936,"dvar2":0.000629346526694,"max":0.0950888320804,"mean":0.0456863492727,"median":0.0455899685621,"min":0.0113211190328,"var":0.000279075436993},"beats_loudness_band_ratio":{"dmean":[0.232445284724,0.0950958877802,0.0939588472247,0.0975994318724,0.0675209537148,0.0269334428012],"dmean2":[0.402132511139,0.176399022341,0.171591967344,0.178753495216,0.122536256909,0.0466740503907],"dvar":[0.025510577485,0.00740845408291,0.0115707013756,0.0096540935337