{"lowlevel":{"average_loudness":0.774974048138,"barkbands":{"dmean":[0.000106033403426,0.00136136147194,0.00221043010242,0.00346774375066,0.00189078657422,0.000743584765587,0.00067534390837,0.000428074155934,0.000714958878234,0.000388799468055,0.000403171667131,0.000578440260142,0.000409676664276,0.000397788826376,0.000285597518086,0.000235221159528,0.00016417686129,0.0000937122676987,0.000076771240856,0.0000471945822937,0.0000301241470879,0.0000247641164606,0.000016176911231,0.0000128971378217,0.00000943442137213,0.00000937003915169,0.00000204992170438],"dmean2":[0.000181939336471,0.00234026741236,0.00395190063864,0.00610571028665,0.00314307794906,0.00115836621262,0.00107098487206,0.000645849562716,0.00110066216439,0.000589438015595,0.000613447569776,0.000906867091544,0.000640865939204,0.000619844708126,0.00044997810619,0.000367002707208,0.000261662557023,0.000151499145431,0.000125112186652,0.0000762162526371,0.000047398822062,0.0000384551312891,0.0000242498881562,0.0000190932660189,0.0000132970881168,0.0000132595114337,0.00000306327842736],"dvar":[2.32204016015e-8,0.0000119034693853,0.0000505754032929,0.000149509985931,0.0000235404058913,0.00000197176723304,0.0000042746737563,0.00000298563077195,0.00000549061724087,9.31565239171e-7,0.00000112796851681,0.00000212151871892,0.00000155609779995,0.00000121470350223,7.47369199416e-7,6.93444917488e-7,1.61586228842e-7,5.23128917962e-8,5.16074862844e-8,1.68959815028e-8,6.81842760031e-9,6.00174887566e-9,2.44292164275e-9,1.89857685129e-9,5.6222465572e-10,4.71307104455e-10,9.27028037667e-11],"dvar2":[6.59659420421e-8,0.0000321752595482,0.000139290175866,0.000413700530771,0.0000631962975604,0.0000046503782869,0.00000997969800665,0.00000602434829489,0.000013946697436,0.00000215387422031,0.00000262031880993,0.00000505313801114,0.00000347625632457,0.00000283633949039,0.00000178764105385,0.00000130792727759,3.92127304849e-7,1.38783207149e-7,1.38660411153e-7,4.47487842337e-8,1.74978058709e-8,1.27566011088e-8,4.58838078643e-9,4.0388630218e-9,1.15196929773e-9,9.80174719167e-10,2.12582257353e-10],"max":[0.00234898831695,0.047747977078,0.125974088907,0.213515609503,0.06275819242,0.0302553549409,0.0612048953772,0.0664906650782,0.0687531083822,0.0309939812869,0.0465353988111,0.0346251912415,0.0412423536181,0.0340291708708,0.0287305098027,0.044495601207,0.0134011507034,0.00476412568241,0.00569549761713,0.00257396046072,0.00213680043817,0.00360699184239,0.00187609181739,0.002119401237,0.000767246994656,0.000373815390049,0.000447970116511],"mean":[0.000105799044832,0.0015399713302,0.00212896103039,0.00309627712704,0.00264624785632,0.00148639618419,0.00108673062641,0.000673350703437,0.00131940969732,0.000712413748261,0.000690222426783,0.000924938474782,0.000623093685135,0.000620820152108,0.000455790635897,0.000394187984057,0.00026938537485,0.000165954814292,0.000120907658129,0.0000805168456282,0.0000563435314689,0.0000509721721755,0.0000317016383633,0.0000277228755294,0.0000197507797566,0.0000162888936757,0.00000304235300064],"median":[0.0000529375611222,0.000560261309147,0.000490923004691,0.000636030337773,0.00108823238406,0.00060439389199,0.000276090722764,0.000166237339727,0.000382606842322,0.000191921557416,0.000214140105527,0.000262337387539,0.000168799757375,0.000153600907652,0.000124396916362,0.0000891010568012,0.0000768391910242,0.0000459895418317,0.0000373943403247,0.0000268917356152,0.0000189681177289,0.000015048937712,0.00000949004061113,0.00000830171666166,0.0000061970531533,0.00000308036078422,4.76851305109e-8],"min":[8.02693581194e-25,5.3808861044e-24,1.72453355807e-24,1.3148549172e-24,2.15987985925e-23,9.8770039613e-24,1.86517010253e-23,5.15888881276e-24,4.68755507151e-23,1.8756266116e-23,2.56313119673e-23,3.61219913372e-23,6.51412494777e-23,3.00654076077e-23,6.62491131112e-23,1.04698704814e-22,1.03520651492e-22,1.16521129697e-22,1.54433166335e-22,2.31108780248e-22,3.2364827337e-22,4.07329805158e-22,4.60634234619e-22,5.57685078106e-22,9.71184961991e-22,1.46460778993e-21,2.1290823193e-21],"var":[2.43118556398e-8,0.0000106658126242,0.0000366435451724,0.000107317850052,0.0000246150120802,0.0000054117244872,0.00000882665790414,0.00000615282533545,0.0000133264265969,0.00000270363193522,0.00000278413426713,0.00000371453552361,0.00000245670548793,0.00000208807409763,0.00000146094055253,0.00000191355502466,3.50113879222e-7,1.00736357922e-7,7.1714858052e-8,2.46585987185e-8,1.2285904738e-8,1.54966350863e-8,6.37853769803e-9,4.22466372996e-9,1.39058187187e-9,1.02899522236e-9,1.47024351027e-10]},"barkbands_crest":{"dmean":2.41429781914,"dmean2":3.94586706161,"dvar":5.48999786377,"dvar2":13.8920059204,"max":26.2007675171,"mean":8.80033683777,"median":7.84223985672,"min":2.41873502731,"var":14.8228654861},"barkbands_flatness_db":{"dmean":0.0212388262153,"dmean2":0.0332178622484,"dvar":0.000485421303893,"dvar2":0.00123425293714,"max":0.453417569399,"mean":0.13566352427,"median":0.12720939517,"min":0.0156209496781,"var":0.0027598135639},"barkbands_kurtosis":{"dmean":3.78925561905,"dmean2":6.2625246048,"dvar":388.52520752,"dvar2":1118.47167969,"max":889.461730957,"mean":4.76605653763,"median":0.947957456112,"min":-1.88506901264,"var":696.4375},"barkbands_skewness":{"dmean":0.583809912205,"dmean2":0.901130020618,"dvar":0.63881200552,"dvar2":1.66637706757,"max":26.5390491486,"mean":1.25350689888,"median":1.0133368969,"min":-2.72747087479,"var":2.49281358719},"barkbands_spread":{"dmean":4.25794839859,"dmean2":6.67779064178,"dvar":24.9423027039,"dvar2":56.9687843323,"max":104.007423401,"mean":17.8324489594,"median":16.6917037964,"min":0.359817057848,"var":87.5289077759},"dissonance":{"dmean":0.0210344996303,"dmean2":0.0353307425976,"dvar":0.000437310402049,"dvar2":0.00115424976684,"max":0.500000119209,"mean":0.457011938095,"median":0.465457260609,"min":0.225563719869,"var":0.00115613080561},"dynamic_complexity":6.15554904938,"erbbands":{"dmean":[0.0192208997905,0.395877987146,2.17954921722,7.45576715469,9.91960334778,5.32226371765,4.38878011703,6.83428573608,9.34508991241,8.77199172974,10.4743480682,16.4158382416,13.7375802994,12.1688289642,17.5042095184,21.6928119659,18.4336471558,18.3419551849,15.7999610901,14.7897758484,11.0189771652,8.47903251648,5.25735998154,3.82992100716,3.70042848587,2.1968524456,1.38882303238,1.04672920704,0.891732573509,0.714188754559,0.426583409309,0.304312556982,0.208197340369,0.111397251487,0.0690000429749,0.0461316369474,0.0161976888776,0.00311295362189,0.000355353200575,0.0000258734980889],"dmean2":[0.0309765469283,0.688064694405,3.86475276947,13.2509880066,16.9923171997,8.75185394287,7.0015630722,10.7543745041,14.7391271591,13.5491666794,15.6423835754,25.7122211456,20.5288333893,18.5343723297,26.7552433014,33.7131156921,28.5530204773,28.5415878296,24.3738155365,22.7723789215,17.1684074402,13.5563936234,8.39184093475,6.22062301636,6.00388908386,3.53470039368,2.23447012901,1.62718009949,1.38153278828,1.10253095627,0.637297332287,0.45948907733,0.308641850948,0.163377806544,0.0978116840124,0.0665155127645,0.02326252684,0.00446950597689,0.000540694163647,0.0000389724264096],"dvar":[0.00155917881057,1.10098433495,46.8102264404,595.455078125,998.199768066,181.650527954,95.733757019,165.059326172,600.564208984,1086.87780762,1755.94702148,4340.31445313,872.361877441,1076.04589844,1930.83374023,3462.00927734,2926.32763672,2376.20458984,2530.77929688,1916.9152832,1146.08117676,456.15725708,170.019683838,105.684890747,127.160766602,36.3511505127,14.7450389862,9.08313655853,7.77644491196,5.56067371368,1.63477540016,0.793017685413,0.699591934681,0.104146398604,0.0257155988365,0.0114049455151,0.00147167441901,0.0000696618953953,0.00000436929803982,1.06631254937e-8],"dvar2":[0.00368915032595,3.01651597023,128.767562866,1665.01660156,2701.66577148,453.822631836,235.530410767,397.288513184,1398.9564209,2507.51342773,3755.84814453,11230.125,2044.02941895,2543.4140625,4625.13769531,8172.27001953,6493.06640625,5657.60791016,6072.28369141,4048.41162109,2269.35668945,1154.58654785,448.091705322,288.771270752,342.352996826,96.1301956177,38.6119041443,21.9185771942,16.6713352203,11.3245744705,3.11309099197,1.64255785942,1.59421741962,0.226932361722,0.0526355057955,0.0240966007113,0.00310674309731,0.000147031954839,0.0000105436783997,2.52486707097e-8],"max":[0.497623115778,14.1428785324,122.895027161,421.637664795,454.256469727,355.447723389,216.561508179,236.945129395,617.428710938,1340.59875488,1293.37768555,2057.00976563,850.800231934,1370.83044434,1762.25524902,1533.89587402,1899.28955078,1687.17358398,1559.16870117,1825.49523926,1968.30200195,590.940063477,297.367279053,261.209716797,254.933059692,107.887184143,80.8823623657,108.854537964,136.048233032,105.372367859,43.0748825073,36.6885261536,40.780872345,13.2517499924,4.15477466583,2.00425171852,0.61362862587,0.246078297496,0.105631388724,0.00488445721567],"mean":[0.0237338896841,0.434692949057,2.19790077209,6.89285993576,10.7278165817,7.86229085922,7.80609083176,13.5326375961,16.031583786,14.4363451004,17.541519165,29.6036605835,26.7530670166,23.5104160309,31.7640113831,36.4817390442,30.5938987732,30.6464328766,27.077047348,24.5752944946,19.9756088257,14.8563756943,9.76463127136,6.77779150009,5.8770813942,3.89948606491,2.5326757431,1.97838497162,1.7670866251,1.41993284225,0.849729537964,0.635200321674,0.421720892191,0.2323551476,0.137301340699,0.081928409636,0.0270449705422,0.00517698517069,0.000504179450218,0.0000467456084152],"median":[0.010031465441,0.147314488888,0.564316391945,1.65761399269,3.18476605415,3.09973144531,3.47468137741,5.3995475769,4.75824165344,4.44959497452,4.79608249664,7.90742969513,10.0307750702,8.56254386902,11.7718887329,11.0450086594,9.24018955231,8.79691123962,7.85909461975,6.66141319275,5.7390460968,4.35140800476,2.96729898453,2.31356143951,1.9096186161,1.25082778931,0.865833878517,0.643252968788,0.511209726334,0.425585448742,0.252965986729,0.193467020988,0.119951486588,0.0714632421732,0.0424929521978,0.0204474721104,0.00393116427585,0.000426568323746,0.0000204441421374,0.0000159607079695],"min":[2.44731007065e-22,9.64230061328e-22,4.10986747221e-21,4.71543395863e-21,1.04949016816e-20,7.2492751791e-20,3.02763872325e-20,1.10363871968e-19,1.60375315201e-19,2.78694829355e-19,3.22870875257e-19,9.07839614469e-19,4.87286722181e-19,9.41768908834e-19,1.54089903183e-18,2.08400276437e-18,2.9476595604e-18,2.16569119256e-18,3.626403646e-18,4.2378427335e-18,4.74064943193e-18,6.56157588108e-18,6.58630361831e-18,5.22313643861e-18,7.25275352527e-18,1.02383792282e-17,1.36672182295e-17,9.66217596686e-18,1.35466566553e-17,1.12884196686e-17,1.33475972952e-17,9.49925447341e-18,1.02988957618e-17,8.23734247249e-18,7.37142912775e-18,4.4949639687e-18,2.97222579062e-18,1.00158647483e-18,2.86339555028e-19,2.82254866077e-20],"var":[0.00180309650023,0.931025028229,35.0471382141,416.628692627,805.958618164,247.257980347,188.934295654,464.655029297,1311.59313965,2099.30395508,3449.39990234,9513.67578125,2381.06640625,2911.94970703,4523.21386719,6073.05712891,4893.3125,4229.203125,5710.44824219,4177.57373047,3109.1940918,1000.34277344,343.268768311,168.30758667,164.957092285,58.8950996399,24.281785965,18.3557262421,17.8501644135,14.4695901871,4.24210739136,1.93230724335,1.25909340382,0.222629263997,0.0640776306391,0.0241261404008,0.00309504219331,0.000152651482495,0.00000560916214454,1.60899471524e-8]},"erbbands_crest":{"dmean":2.50769019127,"dmean2":3.99576735497,"dvar":5.61727190018,"dvar2":13.3130655289,"max":30.5291748047,"mean":9.17756938934,"median":8.13013839722,"min":2.48138666153,"var":16.8613891602},"erbbands_flatness_db":{"dmean":0.0169824752957,"dmean2":0.023983169347,"dvar":0.000268843810773,"dvar2":0.000507581280544,"max":0.312988907099,"mean":0.169436082244,"median":0.169235616922,"min":0.0312838926911,"var":0.00190655060578},"erbbands_kurtosis":{"dmean":0.966438412666,"dmean2":1.4755795002,"dvar":2.12517142296,"dvar2":4.56840801239,"max":33.2755813599,"mean":0.931520402431,"median":0.437887430191,"min":-1.7270989418,"var":5.09163665771},"erbbands_skewness":{"dmean":0.322429925203,"dmean2":0.496312081814,"dvar":0.0891329050064,"dvar2":0.20699493587,"max":3.36710000038,"mean":0.227694690228,"median":0.214902281761,"min":-3.36075901985,"var":0.405750930309},"erbbands_spread":{"dmean":6.06553602219,"dmean2":9.14965629578,"dvar":49.741355896,"dvar2":105.668167114,"max":148.77545166,"mean":27.9649276733,"median":24.909538269,"min":2.96508955956,"var":256.385223389},"gfcc":{"cov":[[20327.4765625,-635.553405762,-1083.47619629,-57.8367271423,-503.527008057,-468.159210205,-940.428344727,-291.39831543,-1035.80871582,-138.699691772,-974.069396973,14.3600101471,-754.299377441],[-635.553405762,1227.93237305,-133.299591064,-92.1668548584,-33.3163146973,-74.3171691895,12.9832391739,-62.9047737122,56.780834198,-125.7421875,147.249923706,-122.58467865,129.85194397],[-1083.47619629,-133.299591064,734.387634277,59.2671813965,35.5009384155,22.5644874573,71.2354125977,2.91223740578,-24.8884925842,15.607424736,-53.1058654785,6.62443590164,-52.5950393677],[-57.8367271423,-92.1668548584,59.2671813965,259.591033936,62.9026184082,25.8032302856,-18.119682312,-8.78719520569,-17.3553581238,-18.5705184937,-36.8592720032,-31.3416728973,-5.41250562668],[-503.527008057,-33.3163146973,35.5009384155,62.9026184082,221.789459229,66.8260803223,29.0044651031,6.4520111084,19.6237773895,3.1248884201,-14.2368364334,-14.4188432693,-8.54256057739],[-468.159210205,-74.3171691895,22.5644874573,25.8032302856,66.8260803223,170.435165405,77.8046417236,34.1293067932,24.5626869202,17.3464584351,13.4044828415,7.34877824783,2.16368865967],[-940.428344727,12.9832391739,71.2354125977,-18.119682312,29.0044651031,77.8046417236,163.222106934,48.8547706604,60.007598877,5.7538228035,70.115234375,6.45013332367,23.0609836578],[-291.39831543,-62.9047737122,2.91223740578,-8.78719520569,6.4520111084,34.1293067932,48.8547706604,100.099555969,52.2150497437,35.5502853394,8.42550182343,19.4385375977,6.61521625519],[-1035.80871582,56.780834198,-24.8884925842,-17.3553581238,19.6237773895,24.5626869202,60.007598877,52.2150497437,172.469985962,31.6116695404,80.2235717773,-7.58728170395,64.7640914917],[-138.699691772,-125.7421875,15.607424736,-18.5705184937,3.1248884201,17.3464584351,5.7538228035,35.5502853394,31.6116695404,99.1436309814,16.640127182,26.060049057,-3.37359142303],[-974.069396973,147.249923706,-53.1058654785,-36.8592720032,-14.2368364334,13.4044828415,70.115234375,8.42550182343,80.2235717773,16.640127182,159.592727661,16.7858543396,66.4987106323],[14.3600101471,-122.58467865,6.62443590164,-31.3416728973,-14.4188432693,7.34877824783,6.45013332367,19.4385375977,-7.58728170395,26.060049057,16.7858543396,83.1740951538,12.0175104141],[-754.299377441,129.85194397,-52.5950393677,-5.41250562668,-8.54256057739,2.16368865967,23.0609836578,6.61521625519,64.7640914917,-3.37359142303,66.4987106323,12.0175104141,122.887619019]],"icov":[[0.0001456165337,-0.0000814138256828,0.000276630948065,-0.0000397247604269,0.000259875465417,0.0000613261945546,0.000167990569025,0.0000973833739408,0.000292943121167,-0.000104600680061,0.000629962480161,-0.000334242446115,0.000611238763668],[-0.0000814138256828,0.00170508748852,-0.000269905111054,0.000914449570701,-0.000353770708898,0.000214882267755,0.00060478708474,-0.000621700950433,0.000535688130185,0.0017487697769,-0.00226117344573,0.00312884664163,-0.00180177984294],[0.000276630948065,-0.000269905111054,0.00220961123705,-0.000607875466812,0.000505878706463,0.000575104611926,-0.00144835631363,0.00108481838834,0.000371625152184,-0.000948922766838,0.00244310963899,-0.00136676954571,0.00173026684206],[-0.0000397247604269,0.000914449570701,-0.000607875466812,0.00516684772447,-0.00128479918931,-0.000770676066168,0.00159455952235,-0.000961729150731,0.000887620146386,0.0015408936888,-0.0010175013449,0.00335557572544,-0.00176894792821],[0.000259875465417,-0.000353770708898,0.000505878706463,-0.00128479918931,0.00613136822358,-0.00179764465429,-0.000385284831282,0.00124831497669,-0.00074709195178,-0.000614999735262,0.00237015378661,-0.000738668255508,0.00175838312134],[0.0000613261945546,0.000214882267755,0.000575104611926,-0.000770676066168,-0.00179764465429,0.00897488743067,-0.00448680156842,-0.000383038277505,0.00056148233125,-0.00123233941849,0.00114935520105,-0.000497363973409,0.0000381284407922],[0.000167990569025,0.00060478708474,-0.00144835631363,0.00159455952235,-0.000385284831282,-0.00448680156842,0.0140320397913,-0.00575023144484,0.000308253336698,0.00399486580864,-0.00624622451141,0.002100846963,0.000692762609106],[0.0000973833739408,-0.000621700950433,0.00108481838834,-0.000961729150731,0.00124831497669,-0.000383038277505,-0.00575023144484,0.0175360366702,-0.00542247761041,-0.00476471148431,0.00604675337672,-0.00527722947299,0.00187614827882],[0.000292943121167,0.000535688130185,0.000371625152184,0.000887620146386,-0.00074709195178,0.00056148233125,0.000308253336698,-0.00542247761041,0.0126504134387,-0.00186358450446,-0.00348806940019,0.00508822873235,-0.00372578925453],[-0.000104600680061,0.0017487697769,-0.000948922766838,0.0015408936888,-0.000614999735262,-0.00123233941849,0.00399486580864,-0.00476471148431,-0.00186358450446,0.0157450214028,-0.00459021516144,-0.000202322858968,0.000575666781515],[0.000629962480161,-0.00226117344573,0.00244310963899,-0.0010175013449,0.00237015378661,0.00114935520105,-0.00624622451141,0.00604675337672,-0.00348806940019,-0.00459021516144,0.0179019216448,-0.00727390870452,0.000984360929579],[-0.000334242446115,0.00312884664163,-0.00136676954571,0.00335557572544,-0.000738668255508,-0.000497363973409,0.002100846963,-0.00527722947299,0.00508822873235,-0.000202322858968,-0.00727390870452,0.0220375079662,-0.00685380678624],[0.000611238763668,-0.00180177984294,0.00173026684206,-0.00176894792821,0.00175838312134,0.0000381284407922,0.000692762609106,0.00187614827882,-0.00372578925453,0.000575666781515,0.000984360929579,-0.00685380678624,0.016463406384]],"mean":[-64.2165756226,109.650245667,-119.774459839,16.6855106354,-51.5212554932,17.8594989777,-36.6070213318,5.83256816864,-24.0854930878,0.107293277979,-15.074262619,-0.641750395298,-8.86316204071]},"hfc":{"dmean":4.55659484863,"dmean2":6.50288629532,"dvar":77.3214416504,"dvar2":168.551452637,"max":158.078552246,"mean":12.9985017776,"median":7.55358505249,"min":1.11903229963e-16,"var":255.422271729},"melbands":{"dmean":[0.000270478107268,0.00091712444555,0.0014141779393,0.000520315894391,0.000157849281095,0.000151002095663,0.000143229641253,0.0000948722299654,0.000089265187853,0.000105339458969,0.0000686353232595,0.0000499992383993,0.0000565303962503,0.0000677892021486,0.000050260900025,0.0000395829338231,0.0000361551537935,0.0000287058028334,0.0000212552113226,0.0000191916224139,0.0000130964344862,0.0000100068882602,0.00000678161632095,0.00000415565682488,0.00000316374371323,0.00000322416281051,0.00000229923284678,0.00000135846892135,9.40111249292e-7,7.53359643113e-7,6.2463800532e-7,5.3109459941e-7,5.28685006884e-7,3.85263973612e-7,2.70337721986e-7,2.20224194436e-7,1.86225094012e-7,1.67960962472e-7,1.15934312817e-7,9.22252212376e-8],"dmean2":[0.000457350310171,0.00161188992206,0.00248246314004,0.000868240371346,0.000253288162639,0.000235208513914,0.000225247931667,0.000144730365719,0.000134928108309,0.000164189201314,0.000102586600406,0.0000763603966334,0.0000859932333697,0.000106547442556,0.0000776337183197,0.0000619658603682,0.0000568722789467,0.0000446081794507,0.0000332250165229,0.0000297202495858,0.000020736724764,0.0000160306008183,0.0000108554058897,0.0000068042577368,0.0000051761035138,0.00000529889666723,0.00000380324900107,0.00000220053516387,0.00000151865071985,0.0000012155882132,9.84394205261e-7,8.41254461648e-7,8.38683433813e-7,5.93073139044e-7,4.10230796888e-7,3.40748215422e-7,2.85192896854e-7,2.54374754149e-7,1.74791537688e-7,1.36907686965e-7],"dvar":[3.97603116653e-7,0.00000764810010878,0.0000214660558413,0.00000203101603802,1.17508200503e-7,7.92562389051e-8,1.5095443473e-7,1.16318865651e-7,1.18245040426e-7,1.6062452346e-7,2.2337451e-8,1.89299083075e-8,2.2041342973e-8,3.05665928124e-8,2.06274748393e-8,1.41340850135e-8,9.88044401851e-9,9.21710796575e-9,4.1336516432e-9,6.67343158511e-9,1.45978362731e-9,7.14749315289e-10,3.11536851871e-10,9.88194526208e-11,7.49778850118e-11,9.79873890361e-11,4.66003555188e-11,1.32947116857e-11,6.62866983525e-12,4.76785451398e-12,3.32528969638e-12,2.75887841218e-12,3.2614611966e-12,1.72271951478e-12,6.43324532101e-13,4.4681380991e-13,3.04362031455e-13,5.69484997354e-13,1.58351034108e-13,6.38894725969e-14],"dvar2":[0.00000103160016351,0.0000210080816032,0.0000592363030592,0.00000535919207323,2.90025724325e-7,1.88576308346e-7,3.50220005885e-7,2.57226588474e-7,2.6040316925e-7,4.09068491081e-7,5.24603009922e-8,4.47939996207e-8,5.10238713503e-8,7.59407541295e-8,4.18322301243e-8,3.33595266966e-8,2.36348860483e-8,2.18283453535e-8,8.88739126736e-9,1.28870620841e-8,3.31717786572e-9,1.783299175e-9,8.01806065986e-10,2.66203364907e-10,2.06449232709e-10,2.58759180749e-10,1.27126073557e-10,3.50842306596e-11,1.73324653241e-11,1.27280373741e-11,7.80127785288e-12,6.13472987687e-12,7.44290046262e-12,3.69036181821e-12,1.23001847423e-12,9.73721862689e-13,6.51122276756e-13,1.30888041291e-12,3.75390609439e-13,1.40319613567e-13],"max":[0.00878328923136,0.0468491688371,0.0752635225654,0.0188313592225,0.00662994384766,0.0047438275069,0.0112253492698,0.0132226496935,0.0104628046975,0.0136744938791,0.00460719456896,0.00545460171998,0.00591379404068,0.00417416077107,0.00591276865453,0.00398452812806,0.00341141573153,0.00274970964529,0.00250868895091,0.00451319431886,0.00172890804242,0.000827293901239,0.000472265761346,0.000157470160048,0.000231992235058,0.000259280524915,0.000148484134115,0.0000706266582711,0.0000480245798826,0.0000556968370802,0.0000761331975809,0.0000884500186658,0.0000965003127931,0.0000595558776695,0.0000299202420138,0.0000271557546512,0.0000236553278228,0.0000420559335907,0.0000200439244509,0.00000836096205603],"mean":[0.000322732812492,0.000964286562521,0.00135432905518,0.000677025236655,0.000279261963442,0.000301922642393,0.000245158938924,0.000155005327542,0.000149649204104,0.000190676335478,0.000130624393933,0.0000924389823922,0.00010017024033,0.000107658153865,0.0000809330304037,0.0000609351045568,0.0000566174239793,0.0000452588137705,0.0000335964105034,0.0000307474729198,0.0000216768421524,0.0000162523647305,0.000010798202311,0.00000750570188757,0.00000517159378433,0.00000474620992463,0.00000354575581696,0.00000227545433518,0.00000159554929269,0.00000128300973756,0.00000110355404104,9.65289700616e-7,0.00000102093372334,6.96608367434e-7,5.0084815939e-7,4.14200684418e-7,3.71485299411e-7,3.16146270052e-7,2.28372925903e-7,1.83250662644e-7],"median":[0.000130009721033,0.00028376764385,0.000374887487851,0.00025065272348,0.00012954606791,0.000120050550322,0.0000709886517143,0.0000456658708572,0.0000378835065931,0.0000517571643286,0.0000458295180579,0.0000301543805108,0.0000343188876286,0.000031038056477,0.0000199017194973,0.0000175365748873,0.0000140854481288,0.0000105311191874,0.00000910191101866,0.00000637717766949,0.00000592107062403,0.00000429770125265,0.00000280258927887,0.00000212056283999,0.00000161599609783,0.00000132080424464,0.00000111354711407,6.38403207631e-7,5.28047166881e-7,4.05722175856e-7,3.34687825898e-7,2.74255398836e-7,2.70048730044e-7,2.03746736815e-7,1.42851149576e-7,1.20366536294e-7,1.09061375042e-7,8.44228082997e-8,6.57777690094e-8,5.59589601323e-8],"min":[2.35684935538e-24,2.60256296128e-24,2.49958584757e-24,2.09802271187e-24,1.8038925707e-24,2.54352875265e-24,2.98303235081e-24,2.11950083053e-24,2.43747310927e-24,6.30624440091e-24,1.86308553759e-24,3.3854723054e-24,4.20843330097e-24,4.77007544422e-24,4.82423942283e-24,4.59087030681e-24,3.26887826918e-24,4.57119335482e-24,5.50519875015e-24,6.54573468313e-24,4.31756234645e-24,4.59630989718e-24,5.26788296302e-24,6.26469785805e-24,3.24171897151e-24,5.09586908162e-24,4.42837837097e-24,5.80669428837e-24,8.26052857003e-24,6.64495563563e-24,4.74902232438e-24,5.79766656418e-24,6.87756389531e-24,5.61001193761e-24,6.1393620597e-24,6.37154157348e-24,4.81072386894e-24,6.42500583247e-24,6.78074462983e-24,6.56086464086e-24],"var":[3.90241808645e-7,0.00000589098590353,0.0000156508194777,0.00000201443913284,2.17622201149e-7,2.23506063435e-7,3.29011584199e-7,2.34492446793e-7,2.42236609438e-7,3.5603252968e-7,6.00597758194e-8,5.06435817726e-8,5.46908793808e-8,4.91043898876e-8,4.21971009246e-8,2.03355927653e-8,1.69879932344e-8,1.94728411174e-8,7.47426920356e-9,1.4972059148e-8,3.04947489482e-9,1.47355250224e-9,5.4285315132e-10,2.00909955339e-10,1.13046724759e-10,1.27571078701e-10,5.66118263379e-11,2.24010185401e-11,1.07867256793e-11,7.19680088093e-12,7.03059745838e-12,5.69256013855e-12,7.30898674917e-12,3.92463839205e-12,1.61929334958e-12,9.69079851088e-13,6.77046743322e-13,9.64587567806e-13,2.63395235527e-13,1.35634084801e-13]},"melbands_crest":{"dmean":3.29578375816,"dmean2":5.30722475052,"dvar":10.8721990585,"dvar2":26.0650310516,"max":36.2565612793,"mean":12.7477617264,"median":11.4549674988,"min":1.64126169682,"var":31.8609600067},"melbands_flatness_db":{"dmean":0.0258836653084,"dmean2":0.039985910058,"dvar":0.000730396481231,"dvar2":0.0018440032145,"max":0.491270601749,"mean":0.20980527997,"median":0.200074657798,"min":0.00380535540171,"var":0.00418792990968},"melbands_kurtosis":{"dmean":7.02680444717,"dmean2":11.3408060074,"dvar":1025.79870605,"dvar2":2719.30981445,"max":1436.29333496,"mean":12.1291828156,"median":3.1401078701,"min":-1.83929216862,"var":3948.90673828},"melbands_skewness":{"dmean":0.710795044899,"dmean2":1.0914311409,"dvar":0.885388791561,"dvar2":2.15885138512,"max":29.4623641968,"mean":2.0150270462,"median":1.62815570831,"min":-1.61575508118,"var":4.92635631561},"melbands_spread":{"dmean":5.82549381256,"dmean2":8.92524242401,"dvar":47.736946106,"dvar2":106.273551941,"max":158.586853027,"mean":22.0072727203,"median":19.9111099243,"min":0.318967223167,"var":191.860137939},"mfcc":{"cov":[[14923.3330078,22.255613327,-1037.33984375,218.090927124,-140.715866089,-92.4328460693,-384.734649658,-206.908920288,-455.76348877,-437.800292969,-330.905731201,-335.237426758,-377.990478516],[22.255613327,1224.83532715,-16.0499019623,-39.2618713379,-24.8185882568,-77.7256317139,-1.90935623646,-28.4049263,-49.0251808167,-36.0620536804,-27.0904064178,-23.5663948059,-1.27526080608],[-1037.33984375,-16.0499019623,547.566650391,62.2530860901,-9.1251745224,27.0962409973,48.2060279846,11.3917303085,34.5577507019,4.77857685089,11.5401697159,4.54393768311,12.0262842178],[218.090927124,-39.2618713379,62.2530860901,196.927154541,62.5430450439,8.99807071686,-5.56646442413,-19.0691184998,-3.65967488289,-14.5340747833,-31.518409729,-30.1427516937,-12.3007478714],[-140.715866089,-24.8185882568,-9.1251745224,62.5430450439,161.11567688,62.8163986206,7.31980991364,6.15263843536,27.9946022034,19.1509799957,-5.70028829575,-7.19010877609,-9.83178424835],[-92.4328460693,-77.7256317139,27.0962409973,8.99807071686,62.8163986206,119.917816162,57.5077362061,20.2875041962,16.7619342804,9.56556606293,5.66912317276,-1.26692426205,-10.1514320374],[-384.734649658,-1.90935623646,48.2060279846,-5.56646442413,7.31980991364,57.5077362061,124.587928772,45.0926742554,9.43929958344,10.4853143692,17.2760772705,15.1106624603,9.59292984009],[-206.908920288,-28.4049263,11.3917303085,-19.0691184998,6.15263843536,20.2875041962,45.0926742554,91.3051681519,33.9813652039,8.29830265045,17.2349586487,16.874578476,10.9387197495],[-455.76348877,-49.0251808167,34.5577507019,-3.65967488289,27.9946022034,16.7619342804,9.43929958344,33.9813652039,101.6690979,52.0511207581,8.89920425415,12.4892272949,17.6744098663],[-437.800292969,-36.0620536804,4.77857685089,-14.5340747833,19.1509799957,9.56556606293,10.4853143692,8.29830265045,52.0511207581,96.5124053955,39.3246803284,9.94391822815,15.912024498],[-330.905731201,-27.0904064178,11.5401697159,-31.518409729,-5.70028829575,5.66912317276,17.2760772705,17.2349586487,8.89920425415,39.3246803284,90.9773635864,39.5344810486,1.34664905071],[-335.237426758,-23.5663948059,4.54393768311,-30.1427516937,-7.19010877609,-1.26692426205,15.1106624603,16.874578476,12.4892272949,9.94391822815,39.5344810486,78.2619094849,34.8488540649],[-377.990478516,-1.27526080608,12.0262842178,-12.3007478714,-9.83178424835,-10.1514320374,9.59292984009,10.9387197495,17.6744098663,15.912024498,1.34664905071,34.8488540649,81.718963623]],"icov":[[0.000119262178487,0.00000602565205554,0.000204379030038,-0.00017433083849,0.00022235698998,-0.000213609353523,0.000311968498863,-0.000124131998746,0.0002732994908,0.000170196712133,0.000188713398529,0.000107726598799,0.000334333046339],[0.00000602565205554,0.000911500363145,-0.0000374717892555,0.000379223725758,-0.000412936962675,0.000945825187955,-0.000541787827387,0.000274976628134,0.000234058388742,0.000255969294813,0.0000971448462224,0.000381387362722,-0.0000654086979921],[0.000204379030038,-0.0000374717892555,0.00246933102608,-0.00125570583623,0.0011511023622,-0.000802518741693,-0.000205846517929,0.000267792347586,-0.000798408058472,0.000983860576525,-0.00044872352737,0.000443586526671,0.000218805434997],[-0.00017433083849,0.000379223725758,-0.00125570583623,0.00737520027906,-0.00386572978459,0.00214289501309,-0.00132510531694,0.00145599339157,-0.000138977484312,0.000806033436675,0.00071106798714,0.00174117833376,-0.000624865642749],[0.00022235698998,-0.000412936962675,0.0011511023622,-0.00386572978459,0.0108463279903,-0.00665374845266,0.00290263979696,-0.000944002240431,-0.000995778478682,-0.00158030563034,0.00115332950372,-0.00108778919093,0.00150274974294],[-0.000213609353523,0.000945825187955,-0.000802518741693,0.00214289501309,-0.00665374845266,0.0160967241973,-0.00786724779755,0.00134711118881,-0.00143311650027,0.000915925018489,-0.000542028865311,0.00100654456764,0.00112095824443],[0.000311968498863,-0.000541787827387,-0.000205846517929,-0.00132510531694,0.00290263979696,-0.00786724779755,0.0147614311427,-0.00645724684,0.00348549708724,-0.00180025829468,0.000601877924055,-0.00121998332907,-0.000124144018628],[-0.000124131998746,0.000274976628134,0.000267792347586,0.00145599339157,-0.000944002240431,0.00134711118881,-0.00645724684,0.0170511119068,-0.00743877375498,0.00466796895489,-0.00358209293336,0.000611957453657,-0.00136276113335],[0.0002732994908,0.000234058388742,-0.000798408058472,-0.000138977484312,-0.000995778478682,-0.00143311650027,0.00348549708724,-0.00743877375498,0.0193064939231,-0.0106866024435,0.00590757187456,-0.00298367463984,0.000733346736524],[0.000170196712133,0.000255969294813,0.000983860576525,0.000806033436675,-0.00158030563034,0.000915925018489,-0.00180025829468,0.00466796895489,-0.0106866024435,0.0215671081096,-0.0109649188817,0.00667912140489,-0.00427783373743],[0.000188713398529,0.0000971448462224,-0.00044872352737,0.00071106798714,0.00115332950372,-0.000542028865311,0.000601877924055,-0.00358209293336,0.00590757187456,-0.0109649188817,0.0218990314752,-0.0118779754266,0.00708954548463],[0.000107726598799,0.000381387362722,0.000443586526671,0.00174117833376,-0.00108778919093,0.00100654456764,-0.00121998332907,0.000611957453657,-0.00298367463984,0.00667912140489,-0.0118779754266,0.0240883436054,-0.00997538492084],[0.000334333046339,-0.0000654086979921,0.000218805434997,-0.000624865642749,0.00150274974294,0.00112095824443,-0.000124144018628,-0.00136276113335,0.000733346736524,-0.00427783373743,0.00708954548463,-0.00997538492084,0.0189847797155]],"mean":[-703.969848633,142.565673828,-6.34301900864,8.38104629517,4.70276546478,7.42059898376,1.48832666874,3.78524518013,-1.07110214233,-0.455869168043,-2.12199568748,-1.98357617855,-0.513875365257]},"pitch_salience":{"dmean":0.0703628659248,"dmean2":0.114621929824,"dvar":0.00454451423138,"dvar2":0.0118537629023,"max":0.94761967659,"mean":0.564865231514,"median":0.579850077629,"min":0.0644145607948,"var":0.0138400355354},"silence_rate_20dB":{"dmean":0,"dmean2":0,"dvar":0,"dvar2":0,"max":1,"mean":1,"median":1,"min":1,"var":0},"silence_rate_30dB":{"dmean":0.0194680243731,"dmean2":0.0389404557645,"dvar":0.0190895237029,"dvar2":0.0482929758728,"max":1,"mean":0.985740125179,"median":1,"min":0,"var":0.0140571398661},"silence_rate_60dB":{"dmean":0.0405206568539,"dmean2":0.0810504853725,"dvar":0.0388827249408,"dvar2":0.0846769809723,"max":1,"mean":0.231213212013,"median":0,"min":0,"var":0.177759811282},"spectral_centroid":{"dmean":193.469146729,"dmean2":295.167541504,"dvar":61606.53125,"dvar2":140069.984375,"max":11428.8300781,"mean":1078.32531738,"median":995.059387207,"min":206.894088745,"var":389064.9375},"spectral_complexity":{"dmean":2.69179391861,"dmean2":3.96785140038,"dvar":11.8796310425,"dvar2":23.5512561798,"max":53,"mean":14.9060659409,"median":15,"min":0,"var":90.1854858398},"spectral_contrast_coeffs":{"dmean":[0.05346538499,0.0443407222629,0.0374819934368,0.0325883254409,0.0218238774687,0.015066171065],"dmean2":[0.0881143212318,0.0719867870212,0.0596578866243,0.0514013767242,0.0344432219863,0.0242448635399],"dvar":[0.00253799906932,0.00136980949901,0.000974976515863,0.000750661303755,0.000353300245479,0.000178531670826],"dvar2":[0.00639999564737,0.00352840265259,0.00237041548826,0.00176950334571,0.000843529182021,0.000437930080807],"max":[-0.268785595894,-0.451629161835,-0.490065068007,-0.535529911518,-0.617610096931,-0.665577709675],"mean":[-0.65726351738,-0.738843500614,-0.753571510315,-0.764509141445,-0.792889177799,-0.79502081871],"median":[-0.655960977077,-0.744038760662,-0.756329715252,-0.768326878548,-0.791108131409,-0.792049765587],"min":[-0.976605117321,-0.970624268055,-0.984070599079,-0.966640770435,-0.971212208271,-0.962863028049],"var":[0.0094928946346,0.00577533012256,0.0047549107112,0.00388320814818,0.0022509181872,0.00116095191333]},"spectral_contrast_valleys":{"dmean":[0.421268880367,0.387374132872,0.341027081013,0.334593772888,0.302762508392,0.282205373049],"dmean2":[0.66897302866,0.609318614006,0.517717242241,0.494419187307,0.426476061344,0.378475338221],"dvar":[0.144183754921,0.141460046172,0.114206455648,0.13318066299,0.134382992983,0.117702819407],"dvar2":[0.326681524515,0.311116874218,0.239814803004,0.269032537937,0.261698335409,0.205636307597],"max":[-5.22377157211,-4.77454519272,-5.17414522171,-5.24132299423,-5.61700820923,-8.00721645355],"mean":[-7.76346302032,-7.22081184387,-7.63657283783,-8.19488525391,-8.48831176758,-10.9474239349],"median":[-7.49362277985,-6.87616443634,-7.36428499222,-7.90764665604,-8.16827201843,-10.6310482025],"min":[-27.9714126587,-27.7338047028,-27.7907066345,-27.7945957184,-27.3886699677,-27.430109024],"var":[2.09106683731,2.47466063499,2.33017230034,2.44911170006,2.41825509071,2.17837071419]},"spectral_decrease":{"dmean":2.5232169687e-9,"dmean2":4.00730115757e-9,"dvar":3.33024999109e-17,"dvar2":8.40887458524e-17,"max":1.01221364903e-28,"mean":-4.81374184957e-9,"median":-2.78649414653e-9,"min":-7.49131174871e-8,"var":4.31359568585e-17},"spectral_energy":{"dmean":0.00986977294087,"dmean2":0.0155933750793,"dvar":0.000498540641274,"dvar2":0.00125076249242,"max":0.289291769266,"mean":0.0193472150713,"median":0.0112583786249,"min":1.00761309952e-20,"var":0.000673749251291},"spectral_energyband_high":{"dmean":0.00010039308836,"dmean2":0.000144461184391,"dvar":6.66040094188e-8,"dvar2":1.41243504004e-7,"max":0.00774769252166,"mean":0.000238762469962,"median":0.0000849819844007,"min":7.20643950183e-21,"var":1.88934464518e-7},"spectral_energyband_low":{"dmean":0.00472865998745,"dmean2":0.00820055883378,"dvar":0.000170524261193,"dvar2":0.000466708559543,"max":0.194054335356,"mean":0.00521105714142,"median":0.00175088678952,"min":3.02147168889e-23,"var":0.000134930960485},"spectral_energyband_middle_high":{"dmean":0.00182484858669,"dmean2":0.00264616240747,"dvar":0.0000125421329358,"dvar2":0.0000271760782198,"max":0.0859467461705,"mean":0.00490749673918,"median":0.00238659279421,"min":1.23011087102e-21,"var":0.0000471269340778},"spectral_energyband_middle_low":{"dmean":0.00630797632039,"dmean2":0.0101938769221,"dvar":0.000268360337941,"dvar2":0.000696788541973,"max":0.251115441322,"mean":0.0105482451618,"median":0.00530613632873,"min":2.12108819222e-22,"var":0.00029269157676},"spectral_entropy":{"dmean":0.154505744576,"dmean2":0.234611406922,"dvar":0.0290427319705,"dvar2":0.0634203404188,"max":9.82755851746,"mean":7.36397838593,"median":7.42722034454,"min":5.20922756195,"var":0.196297317743},"spectral_flux":{"dmean":0.0251429919153,"dmean2":0.0380298234522,"dvar":0.0016781471204,"dvar2":0.00314188632183,"max":0.470671236515,"mean":0.0678446143866,"median":0.0512554571033,"min":6.58215634775e-11,"var":0.00378169980831},"spectral_kurtosis":{"dmean":2.14957308769,"dmean2":3.55921459198,"dvar":7.84167194366,"dvar2":21.3040390015,"max":54.1272277832,"mean":7.28451299667,"median":6.3207654953,"min":-1.24455678463,"var":19.8199195862},"spectral_rms":{"dmean":0.000842455367092,"dmean2":0.00124141562264,"dvar":0.0000018785890461,"dvar2":0.00000425839698437,"max":0.0167998764664,"mean":0.00362225761637,"median":0.00331417936832,"min":3.13534246309e-12,"var":0.00000575452804696},"spectral_rolloff":{"dmean":314.605834961,"dmean2":524.476989746,"dvar":313533.625,"dvar2":691569.25,"max":19272.2167969,"mean":1225.90808105,"median":1098.19335938,"min":21.533203125,"var":1236778.625},"spectral_skewness":{"dmean":0.245451942086,"dmean2":0.391594916582,"dvar":0.0720414370298,"dvar2":0.181055501103,"max":5.77219057083,"mean":2.05211114883,"median":1.97609972954,"min":-0.0739964842796,"var":0.295090854168},"spectral_spread":{"dmean":455747.71875,"dmean2":647046.1875,"dvar":501927411712,"dvar2":916023869440,"max":41648668,"mean":4041757.75,"median":3756573,"min":1399142.375,"var":3891414958080},"spectral_strongpeak":{"dmean":0.487186133862,"dmean2":0.816169679165,"dvar":0.687292098999,"dvar2":1.60563731194,"max":14.9797105789,"mean":0.812350511551,"median":0.397315531969,"min":0,"var":1.31371355057},"zerocrossingrate":{"dmean":0.00709917256609,"dmean2":0.00852502323687,"dvar":0.0000810076962807,"dvar2":0.0000936546566663,"max":0.515625,"mean":0.0489126741886,"median":0.044921875,"min":0.00146484375,"var":0.00104982755147}},"metadata":{"audio_properties":{"analysis_sample_rate":44100,"bit_rate":320000,"codec":"mp3","downmix":"mix","equal_loudness":0,"length":205.139587402,"lossless":false,"md5_encoded":"05cff44e1a8ad7860832b0976b54a170","replay_gain":-4.70433616638,"sample_rate":44100},"tags":{"acoustid_fingerprint":["AQADtIqkJEmSRtgy-fiG4wByJMvx409wZSisMniQdzKSo8yy4GIe_Gheo95xolTCFF-SqAhJpkJSKvmCjj2uG9dxHt8FX8NpJPuQh8ez4xFOHc2XCn1PfNHxZYip5EicBeeF_nB-_HikHM9xHskRXtPxLQ6uJHiOJmaOPnuA5HES1NEQUlRwJciXo3gO__ge3MeThSpxHWehGbuG7MduVGmIi1dg6sGP6LqgIx96Hxd4XIuGJhSSIXtxkEuDUTp-lD6aasGZDTkzE_KRB-fRuMeVHI8H_3CN8DmSHxd-vMcdo3F6of9xKUauCmqT6EG-Hc-CH_3hVxO-JJGHnFmhXcjx5MOz40fzHP1yJKdx5EkkEjkXfMKPD1r4QNMfnEfo7XDO4Dia50Z09ZCO-OhC5vDCPKgoxgajnrjwBUnc9TifBE8vXJTgrUcPdUtk42xitA7s5MLPwJKmTCg7xCfRH1-K_BZMJTo0_rhaPKhl2Do06Q-u2BlisTX6wJOWE62-4A8aOUN7_HhWI9QT-NGhMTouFQ_6F-6DOj6u3Dhz3HBE5niSHH-CskvR5DiJO9BzPFmK8EfDjBOOXvuQXyGqRdmhcezQ1L3wo0czfnii6IJ-Ee8Rnkezzhxy8bjao7mgVcnxJPjRB82L7zgb6EJDH-EzSsHRZykaVcKnEveKP-hDJMt3_EGsskHDo9R2PHhkD3kMrTzCnDm-KLPw4xJT-FFwXAornLKEsMssaEnxHHlEC2-DMPLQrYeeaDli__jyo-wyCf5RZ7iD6uPhXwgf_B-aJoWm5cNJ_EfzxcLLHHmSWIKnI-wdnFmOvwh9NM0-vDTKHH-OSRf44MekY_qKXLkEXdGTIa2jIvvxJFegS4WXD3KcHtle5CKeBBp_bHEWMUP3RsF_6MkW5Npxw1zwHA--o9GooKqOXI-DJP_AZCUNt0cfHaeC7hmaZ8iZD022H5N55Fp2oV8whUse3MUvNGeEkMNZ6C3CVDLOJg_-442OSsdz_MlwhxeaH_2R89Cu5EhDZ1gbMsJNrnCDNg56wit6yegnONKioBOPJuKxKzn8hEcWWTq0-UekpNnx1CwOP8eZ4Yh0TS7EC1mu45KMSQ5hhYV5UiiZR6h8oTmSSxFCThEaRj7mK8GlfARThR2aJBKD2DmS5xT8DQ-RJxzO7ISOSHo0w00vob50_DiDfj08SccnWNc1_FEDH9d0C8nPIcymr_iGE6OVG1205QuaHA_oHMmeJAhzapi1pMS16MEzp_iNHEcvRIuUKCkeDZWPn8IXRUKlH00SiUf05NBZ9EkQhg9TnMZHVmiyZeES1Ck_nMeJsPChyMmPnAPnJF6EWwQ5b9jtoSTxTsQNM0Jomhn04_qhaw-Q7sGXH7k0NYaezAgTUug5nFfwJjhDuHh36IpUPD9O4jlRH4174WJeHMZzDSHJB1qa8Mh348xihDk0Msd3BaEkuJmHcE1yaEf8o7YbvMmOvvBZ9AnH4PLx4zyuhEJy4jtyXcFEqQizSJZwPeCOV2oQX9GOKYxu1DmOng-avviLU8fzDM-KhjvCxTibVOhVo3kRJyfiKYef6MSL8Asa9jhqEU2e4dqDeEuUq