{"lowlevel":{"average_loudness":0.906422972679,"barkbands":{"dmean":[0.000211661186768,0.00318823172711,0.00200619199313,0.00175424711779,0.00168849085458,0.00123164220713,0.000736815447453,0.000489169440698,0.000469595601317,0.000562211382203,0.000274537393125,0.000357038719812,0.000342760322383,0.000411872053519,0.000696218572557,0.000356182368705,0.00037173871533,0.000251621415373,0.000104172271676,0.000101451551018,0.0000586219175602,0.0000523932394572,0.0000321177249134,0.0000184483706107,0.00000517210992257,4.66616484118e-7,5.63245059482e-8],"dmean2":[0.000319897459121,0.00531998695806,0.00337547203526,0.00294733187184,0.00281283864751,0.00204071588814,0.00114392105024,0.000739752897061,0.000718351337127,0.0008076269296,0.000434746267274,0.000543127767742,0.000551820499822,0.000646589905955,0.00111310102511,0.000571745098568,0.000585609464906,0.000412840978242,0.00016621958639,0.000164537603268,0.0000947694206843,0.0000826951363706,0.0000500627138535,0.0000280148633465,0.00000765696313465,6.96008271461e-7,9.0084874671e-8],"dvar":[3.59909705594e-7,0.0000494910236739,0.0000159063438332,0.0000139886469697,0.00000849134085001,0.00000754790517021,0.000002989612085,0.0000010395613117,5.62503544188e-7,0.00000108330152671,2.65779192432e-7,3.99509900717e-7,3.31762862515e-7,7.75842750045e-7,0.00000276253535958,5.21481240412e-7,8.38654102608e-7,2.68441084472e-7,6.7773996193e-8,3.86515139894e-8,1.19982805913e-8,1.38359590451e-8,1.64852238527e-8,6.61776855537e-9,3.41248695968e-10,1.4169833926e-12,2.25737821041e-14],"dvar2":[7.69491691699e-7,0.000130504166009,0.0000446760750492,0.0000390778768633,0.0000231717949646,0.0000204553525691,0.00000631753982816,0.00000238367647398,0.00000134829065246,0.00000241179964178,6.27817087206e-7,9.06236437004e-7,8.69208804488e-7,0.00000184878410892,0.00000769032430981,0.00000135323182349,0.00000190452533388,6.95120775163e-7,1.61555888667e-7,9.58326680234e-8,2.95411872742e-8,2.99847471297e-8,3.97151644904e-8,1.5590350344e-8,7.93119958598e-10,2.92316778422e-12,5.66835837437e-14],"max":[0.0180990938097,0.111316859722,0.0742434039712,0.107354775071,0.0600314289331,0.0520645007491,0.0525840856135,0.0269386749715,0.0180334150791,0.0300969500095,0.0277714077383,0.0173118021339,0.0151120955124,0.0265896096826,0.0540366992354,0.0312712602317,0.0531439855695,0.0246042460203,0.0132964933291,0.0084472624585,0.0028199783992,0.00552079454064,0.00821337662637,0.00596315739676,0.00123471219558,0.0000760400216677,0.00000726288499209],"mean":[0.000270937976893,0.00651117181405,0.00406745262444,0.00339945754968,0.00328171160072,0.00225327652879,0.00168373540509,0.00101978308521,0.00100073125213,0.00122291047592,0.000538361957297,0.000783211085945,0.0007069921121,0.000865284411702,0.00136577733792,0.000785824842751,0.00082080392167,0.000586396316066,0.000248365395237,0.000258358224528,0.000146538543049,0.000118486284919,0.0000607583679084,0.0000333055431838,0.0000096793346529,0.00000123615438952,2.21817671786e-7],"median":[0.0000436729824287,0.0045357067138,0.00240103481337,0.00201905402355,0.00203233677894,0.00107898190618,0.000673837086651,0.000446491932962,0.000575776328333,0.000536796229426,0.000217611130211,0.000342333689332,0.000374511146219,0.000362367398338,0.000520183937624,0.000341201608535,0.00036049404298,0.000223539973376,0.000120108787087,0.000104523183836,0.0000691160093993,0.0000400828612328,0.000022968311896,0.0000106161387521,0.00000289624017569,2.70631403509e-7,4.13169729541e-8],"min":[6.75608458067e-11,4.89479290433e-10,3.57854024191e-12,1.5843286752e-11,1.71544245822e-12,1.42291690583e-12,1.26791849589e-12,1.48537204672e-12,5.96125687875e-13,1.86601992538e-12,2.67765562327e-12,1.18756870657e-12,1.6509304774e-12,4.84340540764e-13,1.95020475463e-12,1.23368633018e-12,1.78718888647e-12,2.6117957623e-12,8.40400145308e-12,5.32700489622e-12,6.36004617027e-12,5.65229677299e-12,4.47710878787e-12,1.72798875903e-11,8.57394016895e-12,1.58221092478e-11,1.1726558613e-9],"var":[5.60056719223e-7,0.0000647665438009,0.0000250293396675,0.0000213178427657,0.000014389675016,0.0000114312351798,0.0000138034356496,0.00000305384378407,0.00000156638975568,0.00000367509733223,0.00000113245789635,0.00000141949135468,9.77311742645e-7,0.00000220194579015,0.00000820805780677,0.00000165780920725,0.00000294095320896,9.42322230912e-7,2.05663695851e-7,1.31950315563e-7,3.81070890398e-8,3.80071050188e-8,2.39716246853e-8,1.15519975807e-8,7.20453696701e-10,7.29999741211e-12,3.02363819746e-13]},"barkbands_crest":{"dmean":2.01156258583,"dmean2":3.29981589317,"dvar":4.3572063446,"dvar2":11.5725231171,"max":25.6166362762,"mean":9.47027492523,"median":8.54181289673,"min":2.3571805954,"var":16.0234012604},"barkbands_flatness_db":{"dmean":0.0167241692543,"dmean2":0.0246427003294,"dvar":0.000356600794476,"dvar2":0.000715694739483,"max":0.463289856911,"mean":0.164257869124,"median":0.149876639247,"min":0.0169389080256,"var":0.00435882154852},"barkbands_kurtosis":{"dmean":2.95656061172,"dmean2":4.62480926514,"dvar":84.9372253418,"dvar2":200.082107544,"max":509.721557617,"mean":6.29281187057,"median":0.637910604477,"min":-1.95772850513,"var":274.791290283},"barkbands_skewness":{"dmean":0.44950991869,"dmean2":0.700110077858,"dvar":0.33213993907,"dvar2":0.775086641312,"max":18.627614975,"mean":1.45015847683,"median":1.13886380196,"min":-6.63629770279,"var":2.3709769249},"barkbands_spread":{"dmean":3.54924511909,"dmean2":5.52038908005,"dvar":20.97407341,"dvar2":46.9686164856,"max":152.56338501,"mean":21.1223602295,"median":21.2806415558,"min":0.37891548872,"var":226.985916138},"dissonance":{"dmean":0.0167246181518,"dmean2":0.0275978315622,"dvar":0.000338378420565,"dvar2":0.000860120053403,"max":0.500000059605,"mean":0.458182811737,"median":0.471664249897,"min":0.166428178549,"var":0.00165972765535},"dynamic_complexity":2.71318769455,"erbbands":{"dmean":[0.0867777019739,0.774398744106,2.10834002495,4.23230409622,4.9741601944,6.13722658157,9.1839723587,10.5834131241,12.1128664017,7.93773460388,10.6798648834,11.8937253952,9.53283405304,17.3828964233,12.940495491,15.1225128174,12.6982965469,21.2568683624,42.0350379944,17.2281150818,15.3564453125,19.7157478333,14.7741365433,6.20114946365,5.48264408112,4.12830114365,2.98704576492,1.98143708706,2.09218263626,1.41255438328,0.798100411892,0.510852277279,0.24635566771,0.0869066119194,0.0215389877558,0.00367419724353,0.00063656817656,0.0000981415505521,0.0000123860327221,0.00000881156393007],"dmean2":[0.144451037049,1.30814468861,3.55529999733,7.143907547,8.3503408432,10.1618795395,15.1421365738,17.6013641357,19.0474090576,12.3426179886,16.0862941742,18.1624107361,14.6720247269,24.7738132477,20.2314491272,22.9976119995,20.3370056152,33.2890853882,67.2632827759,27.3685531616,24.6514930725,31.0513973236,24.2541370392,9.94515419006,8.72023868561,6.67646503448,4.90392589569,3.10264730453,3.35092401505,2.23688578606,1.22809863091,0.784583032131,0.372370988131,0.129497155547,0.0317299589515,0.00543389003724,0.000951022142544,0.000149956162204,0.0000191859744518,0.0000138781615533],"dvar":[0.0400835648179,3.14482092857,17.9894428253,79.2344284058,99.3970489502,111.692626953,454.020111084,555.180603027,782.721679688,280.848388672,504.423980713,347.120727539,301.648529053,1123.78540039,553.880126953,822.770385742,465.860290527,1547.42138672,10565.5595703,947.801147461,1078.53540039,2719.28222656,935.97467041,277.198028564,115.921531677,70.836479187,30.8398628235,15.9806690216,19.7171535492,19.5978088379,10.2176685333,4.74182939529,1.16775023937,0.11030202359,0.00430268514901,0.000091194822744,0.00000238628194893,6.12689774471e-8,7.59626306301e-10,1.86337612007e-10],"dvar2":[0.103345729411,8.56925582886,50.4364128113,218.839523315,278.209197998,304.195037842,1229.91796875,1496.70324707,1743.37902832,654.222473145,1184.96044922,824.427001953,733.388183594,2410.09936523,1299.17053223,1857.94885254,1217.4029541,3631.38256836,29518.9785156,2318.42480469,2777.97412109,6380.92333984,2485.54101562,685.555114746,270.464172363,175.4009552,77.9376907349,37.4336204529,45.7155532837,45.7177467346,23.1809139252,11.1173563004,2.73954772949,0.255958646536,0.0101112481207,0.00018722974346,0.00000521705123901,1.39702123647e-7,1.82556991746e-9,4.46057690784e-10],"max":[4.44034194946,29.108537674,75.6836700439,204.479217529,185.482284546,201.312652588,510.85333252,485.155456543,783.634887695,393.625091553,770.315002441,371.052093506,572.046142578,1478.98425293,750.730651855,862.522033691,628.43157959,921.725402832,3419.31079102,1252.52783203,2094.82348633,2994.23779297,1234.54736328,864.489807129,422.644744873,368.804351807,205.370910645,96.7699356079,177.693481445,261.237518311,213.72052002,169.815261841,66.2635650635,21.6613864899,3.11014866829,0.635562360287,0.090874299407,0.0159777905792,0.00141963537317,0.000220987698413],"mean":[0.142878547311,1.61371958256,4.64940929413,8.67648124695,9.99543476105,11.2360591888,16.4483242035,18.9612693787,27.150560379,18.2058830261,23.418586731,25.6062488556,21.7344112396,40.1409721375,28.6636047363,34.2782707214,29.6292133331,48.5509986877,85.5396575928,43.1584129333,39.5461540222,46.1578865051,35.9269561768,15.9058418274,13.9315824509,11.1195755005,7.64310359955,4.83121681213,4.67190361023,2.98873257637,1.49208581448,0.907328307629,0.43405982852,0.160022169352,0.0422770678997,0.00873612985015,0.00176819378976,0.000313217868097,0.0000544256363355,0.0000400105454901],"median":[0.0801418125629,1.08818268776,3.2739443779,5.48318815231,5.99647760391,6.31959247589,7.85172557831,9.59597015381,10.4643030167,8.43963813782,12.3437166214,15.4762601852,12.5720014572,16.7238712311,15.0276346207,15.5284662247,18.1976547241,26.3544559479,32.025554657,24.2771778107,21.3307876587,21.8323402405,14.8965835571,7.30742263794,7.13965749741,4.51126050949,3.55717992783,1.91211295128,1.43937385082,1.13745284081,0.569494724274,0.305906951427,0.134287372231,0.0483650788665,0.0128707988188,0.00230755796656,0.00036577359424,0.0000580899977649,0.0000232612383115,0.000035995257349],"min":[2.15302780049e-8,8.25977295449e-8,3.47729915973e-8,4.76696051521e-8,2.17471392006e-8,8.84902373599e-9,7.16285741831e-9,1.52693875322e-8,2.45784033126e-8,2.09200052836e-8,2.99574907103e-8,1.32160931088e-8,5.80523824567e-8,4.93587108963e-8,1.35149832658e-7,4.38074678755e-8,8.3419308794e-8,2.50756588827e-8,3.73829571743e-8,1.25199093759e-7,8.62805222823e-8,9.59260262334e-8,1.30698708745e-7,1.7064577662e-7,5.52926280761e-7,2.60622158521e-7,2.24793907933e-7,3.24393226947e-7,1.7829242438e-7,1.42266600278e-7,1.50324439119e-7,2.82514918126e-7,2.75796139704e-7,1.18549053241e-7,5.52559278333e-8,4.23619113121e-8,2.52989842409e-8,7.03984994743e-8,9.56979846478e-8,2.37740689357e-8],"var":[0.0483908616006,3.89718461037,26.077457428,116.105079651,158.871795654,201.931854248,707.355102539,931.441040039,3344.4284668,968.217102051,1357.51550293,948.726989746,858.347412109,4833.42529297,1711.02978516,2979.18530273,1509.03869629,4643.64794922,31531.9394531,4122.140625,3772.42260742,9255.97460938,3445.17822266,796.194091797,417.762359619,245.911331177,100.750427246,48.5842323303,58.12159729,34.2908401489,17.0220031738,8.05922794342,2.0740840435,0.22881822288,0.00922993198037,0.00035823637154,0.0000143562374433,5.2998677802e-7,9.14183573286e-9,5.81383274856e-10]},"erbbands_crest":{"dmean":2.21836972237,"dmean2":3.54997324944,"dvar":4.86098146439,"dvar2":11.6831216812,"max":34.0900497437,"mean":9.63823127747,"median":8.31091594696,"min":2.06880021095,"var":24.2556343079},"erbbands_flatness_db":{"dmean":0.01410268154,"dmean2":0.0202475637197,"dvar":0.000263641239144,"dvar2":0.000478014961118,"max":0.41199401021,"mean":0.190287202597,"median":0.183259159327,"min":0.0196149460971,"var":0.0025517011527},"erbbands_kurtosis":{"dmean":1.20016944408,"dmean2":1.8157531023,"dvar":5.73047304153,"dvar2":11.1539144516,"max":102.377723694,"mean":1.92471909523,"median":0.248760938644,"min":-1.88052415848,"var":26.6964244843},"erbbands_skewness":{"dmean":0.319369226694,"dmean2":0.48080047965,"dvar":0.11534062773,"dvar2":0.241179808974,"max":9.32648181915,"mean":0.222683161497,"median":-0.0735414102674,"min":-3.84423851967,"var":1.52872693539},"erbbands_spread":{"dmean":5.92982816696,"dmean2":9.15143299103,"dvar":59.878818512,"dvar2":131.826477051,"max":141.913208008,"mean":31.3519001007,"median":28.8216686249,"min":0.640088915825,"var":307.529693604},"gfcc":{"cov":[[9084.10253906,356.325683594,-1892.86669922,269.406097412,-40.1437301636,472.960235596,-191.511825562,105.342781067,-160.024108887,-78.4209060669,-218.687362671,104.824615479,-1.97508025169],[356.325683594,1166.86340332,64.2675018311,-138.53187561,220.897201538,-124.590507507,60.4026145935,-84.9855117798,97.5488204956,-44.4090614319,48.5515441895,-89.1718139648,12.0378513336],[-1892.86669922,64.2675018311,1527.02319336,330.605895996,-262.403808594,-88.1801681519,7.54576396942,-17.8372402191,-13.1042261124,78.3966674805,66.7406616211,-21.8804244995,-55.6824874878],[269.406097412,-138.53187561,330.605895996,471.837371826,17.9388484955,79.5075302124,40.4626464844,50.5156288147,-11.6298246384,5.48024654388,-11.2680368423,-7.16285133362,-22.2661056519],[-40.1437301636,220.897201538,-262.403808594,17.9388484955,533.103820801,84.636680603,89.9115524292,17.5651321411,62.9998245239,-35.0341758728,-54.5974349976,-18.2584724426,-5.11002159119],[472.960235596,-124.590507507,-88.1801681519,79.5075302124,84.636680603,223.993759155,44.3102684021,50.410446167,-0.95104521513,11.7932167053,-21.1926059723,11.9477262497,1.52561306953],[-191.511825562,60.4026145935,7.54576396942,40.4626464844,89.9115524292,44.3102684021,168.790725708,48.7793159485,16.3798027039,-6.06823158264,4.65566778183,-0.709807276726,-6.7389626503],[105.342781067,-84.9855117798,-17.8372402191,50.5156288147,17.5651321411,50.410446167,48.7793159485,114.459365845,28.9917888641,9.6080789566,-5.84161520004,7.67372179031,0.184552744031],[-160.024108887,97.5488204956,-13.1042261124,-11.6298246384,62.9998245239,-0.95104521513,16.3798027039,28.9917888641,107.07270813,38.6093101501,20.0087757111,-14.5279254913,6.49720335007],[-78.4209060669,-44.4090614319,78.3966674805,5.48024654388,-35.0341758728,11.7932167053,-6.06823158264,9.6080789566,38.6093101501,96.5597305298,42.280456543,1.13197946548,-10.0287380219],[-218.687362671,48.5515441895,66.7406616211,-11.2680368423,-54.5974349976,-21.1926059723,4.65566778183,-5.84161520004,20.0087757111,42.280456543,101.495407104,11.9138412476,4.71502447128],[104.824615479,-89.1718139648,-21.8804244995,-7.16285133362,-18.2584724426,11.9477262497,-0.709807276726,7.67372179031,-14.5279254913,1.13197946548,11.9138412476,77.2493667603,19.6708030701],[-1.97508025169,12.0378513336,-55.6824874878,-22.2661056519,-5.11002159119,1.52561306953,-6.7389626503,0.184552744031,6.49720335007,-10.0287380219,4.71502447128,19.6708030701,65.9425506592]],"icov":[[0.000722119526472,-0.00148604204878,0.00144983443897,-0.00154996442143,0.00129089888651,-0.00136284646578,0.00141047977377,-0.00108265096787,0.00162561947946,-0.00171954848338,0.00200567324646,-0.0021108284127,0.00133710936643],[-0.00148604204878,0.00456678494811,-0.0032325820066,0.00361369666643,-0.00325715215877,0.00322434911504,-0.0034426478669,0.0033153432887,-0.00463443808258,0.00494864629582,-0.00526502449065,0.00576316332445,-0.00320917693898],[0.00144983443897,-0.0032325820066,0.00393918901682,-0.00396185042337,0.0031297528185,-0.00232265470549,0.00259185419418,-0.00194574915804,0.00342291360721,-0.00427628168836,0.00407869974151,-0.00437562726438,0.00321467220783],[-0.00154996442143,0.00361369666643,-0.00396185042337,0.00644627958536,-0.00326112029143,0.00202001864091,-0.00312406453304,0.00146413035691,-0.00324855325744,0.00442339293659,-0.00453949719667,0.00521380128339,-0.00273559591733],[0.00129089888651,-0.00325715215877,0.0031297528185,-0.00326112029143,0.00547624239698,-0.0034034405835,0.00134727044497,-0.00104227580596,0.000849191448651,-0.00246072141454,0.00525893829763,-0.00444945786148,0.00331196491607],[-0.00136284646578,0.00322434911504,-0.00232265470549,0.00202001864091,-0.0034034405835,0.00886422023177,-0.00355940801091,0.000457390793599,-0.00167274288833,0.00113116332795,-0.00295263552107,0.00382041488774,-0.00333414389752],[0.00141047977377,-0.0034426478669,0.00259185419418,-0.00312406453304,0.00134727044497,-0.00355940801091,0.0108522260562,-0.00571108330041,0.00388321466744,-0.00236029410735,0.0023608119227,-0.00440284935758,0.00351920141838],[-0.00108265096787,0.0033153432887,-0.00194574915804,0.00146413035691,-0.00104227580596,0.000457390793599,-0.00571108330041,0.0150741934776,-0.00785216409713,0.00364727596752,-0.00196526292711,0.00221869419329,-0.00169642758556],[0.00162561947946,-0.00463443808258,0.00342291360721,-0.00324855325744,0.000849191448651,-0.00167274288833,0.00388321466744,-0.00785216409713,0.0202818531543,-0.0115771666169,0.00367034296505,-0.00215146038681,-0.00016820806195],[-0.00171954848338,0.00494864629582,-0.00427628168836,0.00442339293659,-0.00246072141454,0.00113116332795,-0.00236029410735,0.00364727596752,-0.0115771666169,0.0224225092679,-0.0112264929339,0.00526823010296,0.000241465415456],[0.00200567324646,-0.00526502449065,0.00407869974151,-0.00453949719667,0.00525893829763,-0.00295263552107,0.0023608119227,-0.00196526292711,0.00367034296505,-0.0112264929339,0.0203940402716,-0.00916778016835,0.00286265602335],[-0.0021108284127,0.00576316332445,-0.00437562726438,0.00521380128339,-0.00444945786148,0.00382041488774,-0.00440284935758,0.00221869419329,-0.00215146038681,0.00526823010296,-0.00916778016835,0.0230649150908,-0.00915057491511],[0.00133710936643,-0.00320917693898,0.00321467220783,-0.00273559591733,0.00331196491607,-0.00333414389752,0.00351920141838,-0.00169642758556,-0.00016820806195,0.000241465415456,0.00286265602335,-0.00915057491511,0.0208578240126]],"mean":[-17.9647674561,127.399131775,-133.343826294,45.7303390503,-52.3984375,10.4888753891,-30.7341346741,-1.68003237247,-12.2279062271,-5.80116128922,-9.18588161469,-9.27617835999,-5.04312324524]},"hfc":{"dmean":4.08116769791,"dmean2":6.14020061493,"dvar":34.1725692749,"dvar2":76.1702423096,"max":184.428741455,"mean":21.7745418549,"median":18.9708557129,"min":0.0000423469682573,"var":274.322998047},"melbands":{"dmean":[0.000814566737972,0.00104718946386,0.000732139975298,0.000356737844413,0.000313408323564,0.000232134669204,0.000175999884959,0.0000860890722834,0.000088703171059,0.0000732058324502,0.0000506176584167,0.0000774826257839,0.0000382575854019,0.0000447547827207,0.0000257816718658,0.0000399603668484,0.0000414128771808,0.000068476452725,0.0000321154257108,0.0000306437250401,0.0000179844228114,0.0000265126891463,0.0000139215126183,0.0000121529892567,0.00000509721166964,0.00000403605827159,0.00000491121181767,0.00000274781905318,0.00000227687769438,0.00000147611581269,0.00000115962780001,0.00000138858331411,9.25848496536e-7,8.12099017367e-7,4.93150878356e-7,3.73232381889e-7,3.16325781569e-7,2.00070928713e-7,1.15702277981e-7,6.16245401375e-8],"dmean2":[0.00135026872158,0.00175889942329,0.00123263185378,0.000596526951995,0.000516201369464,0.00038583992864,0.000275121652521,0.000133377994644,0.000133930792799,0.000111656117951,0.0000773666615714,0.000109974585939,0.0000606100766163,0.0000678798533045,0.0000402742480219,0.0000640137441223,0.0000649720604997,0.000109800232167,0.0000513365448569,0.0000489100239065,0.0000290331900032,0.0000416677576141,0.0000226750817092,0.0000200406830118,0.00000820204877527,0.00000646196986054,0.00000798952078185,0.00000449630260846,0.00000377455558009,0.00000239674318436,0.00000183436202406,0.00000226172551265,0.00000146035381476,0.00000130877310767,7.68458733091e-7,5.82703989949e-7,4.93423613079e-7,3.07248257059e-7,1.75858360763e-7,9.28230718955e-8],"dvar":[0.00000317823241858,0.00000460900901089,0.00000226058955377,3.77885044145e-7,4.53618099527e-7,2.61283474856e-7,1.70829835611e-7,3.55359084381e-8,3.54524090085e-8,1.340346234e-8,8.62063576079e-9,2.2879239836e-8,4.80839368322e-9,5.82906656277e-9,2.41159892056e-9,4.90110751983e-9,6.82191059198e-9,2.68228603773e-8,4.55866500104e-9,3.77674247432e-9,1.71187475306e-9,4.69386129964e-9,1.11032949501e-9,6.09464034795e-10,2.36138331111e-10,7.75564543143e-11,1.00652493285e-10,3.3826094703e-11,1.93948520438e-11,8.05777146395e-12,5.89286952568e-12,8.36306891794e-12,5.74851190954e-12,8.10101465076e-12,4.14644143673e-12,2.35158420514e-12,1.83061985709e-12,8.4164581771e-13,2.36831414939e-13,4.63589534599e-14],"dvar2":[0.00000822334459372,0.0000126592221932,0.00000629230089544,0.00000103270906493,0.00000123396569052,7.05071329321e-7,3.70121654214e-7,8.29726474194e-8,8.48449843716e-8,3.1786541399e-8,2.09321147082e-8,4.90951101995e-8,1.15523350885e-8,1.29946400307e-8,5.92326854232e-9,1.26414443358e-8,1.60910484936e-8,7.44765173977e-8,1.19684822053e-8,9.59377377541e-9,4.03070821164e-9,1.04228039532e-8,2.77514700109e-9,1.64974045536e-9,5.949421511e-10,1.80992207333e-10,2.46221043554e-10,8.71721791973e-11,5.03612984648e-11,2.05175095663e-11,1.39690602835e-11,2.08803304508e-11,1.17713044173e-11,2.05256089902e-11,9.66543425157e-12,5.14061536394e-12,4.54282878676e-12,2.03206613862e-12,5.41993804438e-13,1.0973042814e-13],"max":[0.0288672782481,0.0375987552106,0.0367756411433,0.0120077198371,0.0163561571389,0.0103355208412,0.0119466315955,0.00486947782338,0.00675016827881,0.00224646227434,0.00297400262207,0.00610212655738,0.00201600813307,0.00199563824572,0.00277618970722,0.00204424187541,0.00212024454959,0.00545733608305,0.00328612700105,0.00172438658774,0.00300048105419,0.00405529187992,0.00199031410739,0.00109890510794,0.000852456083521,0.000410697743064,0.000507627322804,0.000275820610113,0.000176428293344,0.0000800902198534,0.000047070941946,0.0000886276538949,0.000146853286424,0.000199487243663,0.000131422159029,0.00011544454901,0.0000984591970337,0.0000569685653318,0.0000356504096999,0.0000119372907648],"mean":[0.00157639000099,0.0024138588924,0.00158273172565,0.000728159735445,0.000575054378714,0.000420781521825,0.000399782060413,0.00019274376973,0.000190325430594,0.000153974586283,0.000110928027425,0.000173195701791,0.0000789729456301,0.000100739009213,0.000056708297052,0.0000826693649287,0.0000862922242959,0.00013678020332,0.0000668891661917,0.0000656031406834,0.0000406337348977,0.0000561032975384,0.0000312765296258,0.0000271815843007,0.0000112059587991,0.00000928293593461,0.0000107241648948,0.00000657325472275,0.00000533698539584,0.00000328621536028,0.00000250642187893,0.00000287476018457,0.00000194235508388,0.00000153266569214,8.54018196605e-7,6.41253848244e-7,5.22160974015e-7,3.29406049104e-7,2.02330326715e-7,1.08837333812e-7],"median":[0.00109684769996,0.0019278684631,0.00111121591181,0.000443367345724,0.000309362629196,0.000210509737371,0.000153565721121,0.0000912164396141,0.000101493380498,0.0000862106317072,0.0000599522973062,0.0000668161956128,0.0000358551951649,0.0000458542963315,0.0000293569228234,0.0000429486281064,0.0000388760017813,0.0000475670967717,0.0000327786692651,0.0000257710325968,0.0000210281777981,0.0000215186828427,0.000012622605027,0.0000104699747681,0.00000467810878035,0.00000464858658233,0.00000481151482745,0.00000219149842451,0.00000222267181016,0.00000149011043504,9.20715024222e-7,8.00531722689e-7,6.89551200139e-7,5.63890296235e-7,3.10232564971e-7,2.245672448e-7,1.6408931458e-7,9.62257686865e-8,5.95595182062e-8,3.085281719e-8],"min":[1.79634543351e-10,7.6877469668e-11,1.26553125618e-11,8.27603719063e-13,2.90932046249e-13,3.18410120319e-13,3.3785403945e-13,3.45024681568e-13,2.00947399454e-13,8.90509318846e-14,2.91286986935e-13,1.76670635586e-13,4.06434678664e-13,1.99993071149e-13,1.57076839057e-13,1.31414668102e-13,4.07029214478e-14,4.31561897492e-14,1.66328607246e-13,1.16171774891e-13,1.09050131935e-13,1.03110709803e-13,7.83436222796e-14,1.41878411688e-13,1.08784807334e-13,3.7983746465e-13,3.06998323247e-13,1.40066777621e-13,1.46914557885e-13,1.69842506487e-13,1.84828606413e-13,1.10074255754e-13,7.41167178087e-14,7.40925062189e-14,9.23846773821e-14,4.61631668764e-14,2.72733441734e-13,2.6393581873e-13,9.56885463335e-14,9.56479158571e-14],"var":[0.00000414864189224,0.00000622079232926,0.0000032446048408,7.21096512279e-7,6.76098693475e-7,4.26091844474e-7,7.62699926327e-7,1.17130035449e-7,9.37427415693e-8,3.74828843519e-8,2.45601157189e-8,9.20190359466e-8,1.66452736039e-8,2.17149764836e-8,6.32430330327e-9,1.50601593418e-8,1.8304923799e-8,8.20569923121e-8,1.46959591163e-8,1.25111618843e-8,5.71736435973e-9,1.68109455245e-8,3.97928312523e-9,1.81449921755e-9,5.80672510075e-10,2.58121357621e-10,2.68371352918e-10,1.03814998265e-10,5.66054321471e-11,2.24624468331e-11,1.47449708693e-11,2.29482249176e-11,1.30870002335e-11,1.08758488326e-11,6.45638924268e-12,4.15334390144e-12,2.8176055239e-12,1.34647176221e-12,4.79333369871e-13,9.20407006904e-14]},"melbands_crest":{"dmean":2.64378833771,"dmean2":4.3243265152,"dvar":7.02956771851,"dvar2":18.330909729,"max":39.5302772522,"mean":14.0600996017,"median":13.1774597168,"min":3.18123984337,"var":26.1851081848},"melbands_flatness_db":{"dmean":0.0206760130823,"dmean2":0.0306671019644,"dvar":0.000543963862583,"dvar2":0.00110134214628,"max":0.585538208485,"mean":0.228055745363,"median":0.209083214402,"min":0.0177149903029,"var":0.00683170510456},"melbands_kurtosis":{"dmean":6.48891496658,"dmean2":10.2981672287,"dvar":384.942199707,"dvar2":931.533203125,"max":1183.13891602,"mean":15.4041728973,"median":5.16166114807,"min":-1.84787392616,"var":1138.73596191},"melbands_skewness":{"dmean":0.595754504204,"dmean2":0.933900117874,"dvar":0.620067059994,"dvar2":1.45597314835,"max":30.7478427887,"mean":2.43333148956,"median":2.05394029617,"min":-4.47214174271,"var":3.39859080315},"melbands_spread":{"dmean":5.11005401611,"dmean2":8.01762390137,"dvar":57.5475006104,"dvar2":133.893844604,"max":208.337387085,"mean":23.9996509552,"median":21.7287750244,"min":0.297796726227,"var":327.985412598},"mfcc":{"cov":[[8091.61816406,-240.683563232,-1613.77307129,-295.338531494,71.7494354248,288.352752686,72.0332183838,282.290008545,196.761932373,-122.609176636,-84.5807113647,0.537902474403,5.76510238647],[-240.683563232,1313.3737793,-120.838035583,23.0526828766,108.820854187,16.4729404449,-11.2307481766,-28.6398353577,17.1287555695,24.9862651825,5.25730800629,42.7565116882,17.7255210876],[-1613.77307129,-120.838035583,1548.5501709,335.300109863,-104.311050415,-60.2521057129,-3.657995224,-99.9310150146,-130.963699341,25.1902523041,43.3388748169,23.391254425,14.1732988358],[-295.338531494,23.0526828766,335.300109863,391.467559814,88.1831054688,46.3826370239,50.7679595947,38.5706939697,13.9681634903,30.8479862213,14.7942800522,-4.71984672546,-0.156053200364],[71.7494354248,108.820854187,-104.311050415,88.1831054688,257.207336426,100.597312927,24.5983295441,36.8933143616,63.5562324524,24.7105903625,-1.28284692764,8.16847801208,-1.85764431953],[288.352752686,16.4729404449,-60.2521057129,46.3826370239,100.597312927,167.319366455,64.5005111694,42.2015419006,45.5744667053,14.6963396072,5.39128828049,13.460100174,8.08376502991],[72.0332183838,-11.2307481766,-3.657995224,50.7679595947,24.5983295441,64.5005111694,134.110977173,67.8537826538,27.5319709778,14.7597770691,6.66678667068,7.27600431442,8.6507101059],[282.290008545,-28.6398353577,-99.9310150146,38.5706939697,36.8933143616,42.2015419006,67.8537826538,133.032501221,65.2650375366,3.27731919289,-4.26163959503,-0.550773859024,5.39759683609],[196.761932373,17.1287555695,-130.963699341,13.9681634903,63.5562324524,45.5744667053,27.5319709778,65.2650375366,126.575622559,32.2164840698,-3.46412062645,2.31370520592,1.57410466671],[-122.609176636,24.9862651825,25.1902523041,30.8479862213,24.7105903625,14.6963396072,14.7597770691,3.27731919289,32.2164840698,97.2582397461,42.1582794189,11.5119924545,2.80077981949],[-84.5807113647,5.25730800629,43.3388748169,14.7942800522,-1.28284692764,5.39128828049,6.66678667068,-4.26163959503,-3.46412062645,42.1582794189,82.6893081665,29.3811988831,7.34590911865],[0.537902474403,42.7565116882,23.391254425,-4.71984672546,8.16847801208,13.460100174,7.27600431442,-0.550773859024,2.31370520592,11.5119924545,29.3811988831,79.1630706787,33.3090133667],[5.76510238647,17.7255210876,14.1732988358,-0.156053200364,-1.85764431953,8.08376502991,8.6507101059,5.39759683609,1.57410466671,2.80077981949,7.34590911865,33.3090133667,64.7881698608]],"icov":[[0.000180058195838,0.0000357729004463,0.000172643631231,-0.0000204581428989,0.000156968802912,-0.0003512922558,0.000176490968443,-0.000266194081632,0.00000247306934398,0.00016795124975,0.0000388109692722,-0.0000947672015172,0.000020317529561],[0.0000357729004463,0.000833316415083,0.000131834007334,-0.000104732644104,-0.000329107046127,0.000108788975922,-0.0000180844526767,0.000309544207994,-0.00000171803208104,-0.000130415573949,0.000188190198969,-0.000499517889693,-0.0000654937321087],[0.000172643631231,0.000131834007334,0.00119907048065,-0.0010960183572,0.000641695223749,-0.000204499650863,0.0000313356067636,0.000449900981039,0.000623111322057,-0.0000930978931137,0.0000426519472967,-0.00051658519078,-0.0000644981410005],[-0.0000204581428989,-0.000104732644104,-0.0010960183572,0.00411195494235,-0.00156671414152,-0.0000496917673445,-0.000633258197922,-0.00129792233929,0.000175367036718,-0.000521181209479,-0.000308687973302,0.00105294492096,-0.0000539594693691],[0.000156968802912,-0.000329107046127,0.000641695223749,-0.00156671414152,0.00648450478911,-0.00353641132824,0.00139038672205,-0.000155551242642,-0.00141969404649,-0.000482865201775,0.000734253611881,-0.000784348754678,0.00076177000301],[-0.0003512922558,0.000108788975922,-0.000204499650863,-0.0000496917673445,-0.00353641132824,0.0104973306879,-0.00447970209643,0.0012635771418,-0.00144159758929,0.00034546884126,-0.000542825262528,-0.000602718791924,-0.000480678718304],[0.000176490968443,-0.0000180844526767,0.0000313356067636,-0.000633258197922,0.00139038672205,-0.00447970209643,0.012546046637,-0.00630063842982,0.0016881050542,-0.00158287212253,0.000306272791931,-0.000391560635762,-0.000376602984034],[-0.000266194081632,0.000309544207994,0.000449900981039,-0.00129792233929,-0.000155551242642,0.0012635771418,-0.00630063842982,0.0147695140913,-0.00632546283305,0.00259904237464,-0.000834506936371,0.000596130616032,-0.000884395150933],[0.00000247306934398,-0.00000171803208104,0.000623111322057,0.000175367036718,-0.00141969404649,-0.00144159758929,0.0016881050542,-0.00632546283305,0.0141531080008,-0.00555269652978,0.00293533550575,-0.000791885366198,0.000275588565273],[0.00016795124975,-0.000130415573949,-0.0000930978931137,-0.000521181209479,-0.000482865201775,0.00034546884126,-0.00158287212253,0.00259904237464,-0.00555269652978,0.0162794124335,-0.00839827302843,0.00125098228455,-0.00028206166462],[0.0000388109692722,0.000188190198969,0.0000426519472967,-0.000308687973302,0.000734253611881,-0.000542825262528,0.000306272791931,-0.000834506936371,0.00293533550575,-0.00839827302843,0.018762011081,-0.00667116092518,0.00164662231691],[-0.0000947672015172,-0.000499517889693,-0.00051658519078,0.00105294492096,-0.000784348754678,-0.000602718791924,-0.000391560635762,0.000596130616032,-0.000791885366198,0.00125098228455,-0.00667116092518,0.0194241236895,-0.008948831819],[0.000020317529561,-0.0000654937321087,-0.0000644981410005,-0.0000539594693691,0.00076177000301,-0.000480678718304,-0.000376602984034,-0.000884395150933,0.000275588565273,-0.00028206166462,0.00164662231691,-0.008948831819,0.0200903769583]],"mean":[-648.663574219,140.941513062,-11.3600616455,33.3574485779,3.82553529739,12.760676384,-4.24072504044,4.19193601608,-1.10524201393,4.92616844177,-1.56187093258,-0.762996792793,-3.50436592102]},"pitch_salience":{"dmean":0.0608469136059,"dmean2":0.0997053906322,"dvar":0.00362313445657,"dvar2":0.00970531348139,"max":0.860973000526,"mean":0.544587612152,"median":0.548455655575,"min":0.0474145486951,"var":0.0109518319368},"silence_rate_20dB":{"dmean":0,"dmean2":0,"dvar":0,"dvar2":0,"max":1,"mean":1,"median":1,"min":1,"var":0},"silence_rate_30dB":{"dmean":0.00586306257173,"dmean2":0.0117267081514,"dvar":0.0058290315792,"dvar2":0.0161612983793,"max":1,"mean":0.996373057365,"median":1,"min":0,"var":0.00361373717897},"silence_rate_60dB":{"dmean":0.00645930645987,"dmean2":0.012919254601,"dvar":0.00641596084461,"dvar2":0.0146339228377,"max":1,"mean":0.0289660654962,"median":0,"min":0,"var":0.0281159728765},"spectral_centroid":{"dmean":170.633514404,"dmean2":263.936279297,"dvar":49543.5976562,"dvar2":106684.070312,"max":11332.1835938,"mean":1256.578125,"median":1262.62207031,"min":145.422744751,"var":427660.40625},"spectral_complexity":{"dmean":2.77849555016,"dmean2":4.36114263535,"dvar":9.06827831268,"dvar2":19.046672821,"max":55,"mean":21.4398574829,"median":21,"min":0,"var":152.458404541},"spectral_contrast_coeffs":{"dmean":[0.0441742017865,0.0435329079628,0.0352478288114,0.0292301196605,0.0204786099494,0.0145630352199],"dmean2":[0.0723752826452,0.0709043368697,0.0567841604352,0.0473795384169,0.033006709069,0.0232225265354],"dvar":[0.00148665055167,0.00145714683458,0.000828009855468,0.000612104544416,0.000297243881505,0.000195353277377],"dvar2":[0.00396012142301,0.00361167034134,0.00206887349486,0.00149693177082,0.000707530591171,0.00043739163084],"max":[-0.271797478199,-0.300885617733,-0.452136963606,-0.482247829437,-0.529082298279,-0.5691857934],"mean":[-0.627503454685,-0.711711585522,-0.749600470066,-0.758598327637,-0.773683071136,-0.728495419025],"median":[-0.636669635773,-0.729980528355,-0.754539847374,-0.765867710114,-0.776051521301,-0.72615903616],"min":[-0.956578671932,-0.967063069344,-0.961770117283,-0.958006799221,-0.957868218422,-0.959571063519],"var":[0.00729098869488,0.00873042270541,0.00476131588221,0.00512500060722,0.00228432426229,0.00186102790758]},"spectral_contrast_valleys":{"dmean":[0.366040021181,0.34346678853,0.306404650211,0.27374958992,0.209103181958,0.262896955013],"dmean2":[0.591696977615,0.549015879631,0.490071177483,0.427137136459,0.307759463787,0.346438467503],"dvar":[0.120807155967,0.105539776385,0.0896479859948,0.0930991023779,0.0661328583956,0.138457760215],"dvar2":[0.272883087397,0.244936704636,0.189588978887,0.184908419847,0.110731087625,0.24119977653],"max":[-4.98634243011,-4.56194543839,-5.43415784836,-5.59429502487,-5.46963882446,-7.74374437332],"mean":[-7.11396598816,-6.8035030365,-7.43432474136,-7.68961858749,-7.65943002701,-10.8783464432],"median":[-6.84364318848,-6.59456396103,-7.19640731812,-7.34146595001,-7.4609336853,-10.8301019669],"min":[-27.2487545013,-27.1920413971,-26.9109287262,-27.2966480255,-27.3563365936,-27.2670955658],"var":[1.34204256535,1.14926707745,1.46835207939,1.55707001686,1.26339519024,1.00763726234]},"spectral_decrease":{"dmean":1.95918881118e-9,"dmean2":3.12855408247e-9,"dvar":9.91396312788e-18,"dvar2":2.44125748008e-17,"max":1.84017568978e-15,"mean":-7.96605892361e-9,"median":-7.34208516207e-9,"min":-5.04914829946e-8,"var":2.21766576286e-17},"spectral_energy":{"dmean":0.00764037109911,"dmean2":0.0121614020318,"dvar":0.000146799517097,"dvar2":0.000359485071385,"max":0.195643410087,"mean":0.0320406071842,"median":0.0295893941075,"min":3.08970338203e-9,"var":0.000349689129507},"spectral_energyband_high":{"dmean":0.000164008088177,"dmean2":0.000249738135608,"dvar":1.48257441879e-7,"dvar2":3.18498990737e-7,"max":0.0181134734303,"mean":0.000480575719848,"median":0.000205779986572,"min":8.35694069501e-10,"var":4.71027476578e-7},"spectral_energyband_low":{"dmean":0.00498674903065,"dmean2":0.00821487978101,"dvar":0.0000874731922522,"dvar2":0.000223248454859,"max":0.152767315507,"mean":0.0126260975376,"median":0.010679807514,"min":7.66708863065e-10,"var":0.000139965603012},"spectral_energyband_middle_high":{"dmean":0.00171349244192,"dmean2":0.00261002057232,"dvar":0.00000658855515212,"dvar2":0.000015851966964,"max":0.0658250227571,"mean":0.00800628121942,"median":0.00684524141252,"min":2.65016775886e-11,"var":0.0000602940053795},"spectral_energyband_middle_low":{"dmean":0.00423110509291,"dmean2":0.00690054474398,"dvar":0.000055789212638,"dvar2":0.000148627499584,"max":0.13727734983,"mean":0.0127887912095,"median":0.0107561694458,"min":2.75672991379e-11,"var":0.0000991469059954},"spectral_entropy":{"dmean":0.136851936579,"dmean2":0.193566665053,"dvar":0.0296821407974,"dvar2":0.0527599006891,"max":9.80295467377,"mean":7.29350042343,"median":7.41662120819,"min":4.35406017303,"var":0.326825588942},"spectral_flux":{"dmean":0.0205860547721,"dmean2":0.031237481162,"dvar":0.000650739355478,"dvar2":0.00126292591449,"max":0.356222182512,"mean":0.0750699937344,"median":0.0690138339996,"min":0.0000540944347449,"var":0.00195593643002},"spectral_kurtosis":{"dmean":2.40174007416,"dmean2":4.13335037231,"dvar":8.98497390747,"dvar2":25.0474491119,"max":70.490020752,"mean":5.61105823517,"median":4.12261343002,"min":-1.239610672,"var":27.0329627991},"spectral_rms":{"dmean":0.00062433979474,"dmean2":0.000974640483037,"dvar":6.74791181154e-7,"dvar2":0.00000155317138706,"max":0.013815629296,"mean":0.00533494399861,"median":0.00537286698818,"min":0.00000173618684585,"var":0.00000279751930066},"spectral_rolloff":{"dmean":253.305328369,"dmean2":425.895202637,"dvar":242074.3125,"dvar2":525772.0625,"max":21791.6015625,"mean":1426.48669434,"median":1227.39257812,"min":21.533203125,"var":3416105.5},"spectral_skewness":{"dmean":0.254881858826,"dmean2":0.423101902008,"dvar":0.0730704367161,"dvar2":0.187331110239,"max":6.86408472061,"mean":1.54751360416,"median":1.41218924522,"min":-0.0422703064978,"var":0.407793670893},"spectral_spread":{"dmean":322454.5625,"dmean2":485802.9375,"dvar":231929511936,"dvar2":434848956416,"max":42171368,"mean":3485450.25,"median":3338496,"min":1230002.875,"var":1622737027070},"spectral_strongpeak":{"dmean":0.507186293602,"dmean2":0.893795788288,"dvar":1.27466964722,"dvar2":3.30685210228,"max":24.4489707947,"mean":0.981725692749,"median":0.458211749792,"min":0,"var":2.51943564415},"zerocrossingrate":{"dmean":0.00592774292454,"dmean2":0.00735090719536,"dvar":0.0000723964403733,"dvar2":0.0000828933480079,"max":0.66845703125,"mean":0.0506247729063,"median":0.04638671875,"min":0.00390625,"var":0.002445893595}},"metadata":{"audio_properties":{"analysis_sample_rate":44100,"bit_rate":0,"codec":"flac","downmix":"mix","equal_loudness":0,"length":467.320007324,"lossless":true,"md5_encoded":"20d254b05caa6fa41cdab53e03d99349","replay_gain":-10.9984378815},"tags":{"album":["Abbey Road"],"album artist":["The Beatles"],"albumartist":["The Beatles"],"albumartist_credit":["The Beatles"],"albumartistsort":["Beatles, The"],"artist":["The Beatles"],"artist_credit":["The Beatles"],"artistsort":["Beatles, The"],"asin":["B0025KVLUQ"],"barcode":["094638246824"],"bpm":["0"],"catalognumber":["0946 3 82468 2 4"],"compilation":["0"],"date":["2009-09-09"],"disc":["1"],"discc":["1"],"discnumber":["1"],"disctotal":["1"],"file_name":"122-06. I Want You (She’s So Heavy).flac","label":["Apple Records"],"language":["eng"],"media":["CD"],"musicbrainz_albumartistid":["b10bbbfc-cf9e-42e0-be17-e2c3e1d2600d"],"musicbrainz_albumid":["c93e1d4c-89fa-3139-9c65-8542a39f07d1"],"musicbrainz_albumstatus":["Official"],"musicbrainz_albumtype":["album"],"musicbrainz_artistid":["b10bbbfc-cf9e-42e0-be17-e2c3e1d2600d"],"musicbrainz_recordingid":["a9a83384-3da3-4c84-af6d-33fcdb1c3e27"],"musicbrainz_releasegroupid":["9162580e-5df4-32de-80cc-f45a8d8a9b1d"],"originaldate":["1969-09-26"],"publisher":["Apple Records"],"releasecountry":["XW"],"releasestatus":["official"],"releasetype":["album"],"replaygain_album_gain":["-5.65 dB"],"replaygain_album_peak":["0.972473"],"replaygain_reference_loudness":["89.0 dB"],"replaygain_track_gain":["-6.08 dB"],"replaygain_track_peak":["0.961823"],"script":["Latn"],"title":["I Want You (She’s So Heavy)"],"totaldiscs":["1"],"totaltracks":["17"],"track":["6"],"trackc":["17"],"tracknumber":["6"],"tracktotal":["17"],"year":["2009"]},"version":{"essentia":"2.1-beta1","essentia_build_sha":"12879b851c9f4b0d899e1af4e221aa110f283a84","essentia_git_sha":"v2.1_beta1-7-ge0e83e8-dirty","extractor":"music 1.0"}},"rhythm":{"beats_count":1017,