{"lowlevel":{"average_loudness":0.87926697731,"barkbands":{"dmean":[0.000206691445783,0.00830900575966,0.00455978326499,0.0018333143089,0.00266949483193,0.0016980409855,0.000791665224824,0.000523271795828,0.000673291215207,0.000612604839262,0.000511175894644,0.000353095820174,0.00032834277954,0.000341284874594,0.000278645020444,0.000197223751456,0.000164041150128,0.00011380896467,0.000122611731058,0.000100201796158,0.0000802574140835,0.0000563969952054,0.0000327329689753,0.0000245082537731,0.0000183247066161,0.0000123847066789,0.00000690033357387],"dmean2":[0.000335758231813,0.0140852900222,0.0080847973004,0.00320435944013,0.00468226894736,0.00284987012856,0.00136272411328,0.000862882239744,0.00109261763282,0.000985445687547,0.000827909039799,0.000583341054153,0.00054126145551,0.000556795042939,0.000453105458291,0.000326328969095,0.000268554635113,0.000190957653103,0.000203298957786,0.000164122597198,0.00013326491171,0.0000899191873032,0.0000523796588823,0.0000383199003409,0.0000280361418845,0.0000194918702618,0.0000108787062345],"dvar":[1.4869955578e-7,0.000166974205058,0.0000595153069298,0.00000786453347246,0.0000263131369138,0.00000667831500323,0.00000309892539008,0.00000129661941628,0.0000017368497538,0.00000175010518433,0.0000011858559219,4.87060674459e-7,4.6872872872e-7,5.18032322816e-7,3.81736072086e-7,2.26236338108e-7,7.59337055456e-8,2.66567603546e-8,3.95971113676e-8,3.0244855509e-8,9.70277458379e-9,1.12331033364e-8,3.21811644e-9,2.38324648905e-9,1.24086818598e-9,3.92529897475e-10,1.17691315027e-10],"dvar2":[3.3415082612e-7,0.000417729403125,0.000164545985172,0.0000220214988076,0.0000740679970477,0.0000183588617801,0.00000858346265886,0.0000034032025269,0.00000434790263171,0.00000426488168159,0.00000286981094177,0.00000127599878397,0.00000119026162793,0.00000132805405428,9.58704504228e-7,5.88241789501e-7,1.8435441973e-7,7.15100938464e-8,1.04936688672e-7,7.53036033529e-8,2.45847147085e-8,2.59816683723e-8,7.08668146387e-9,5.37036015658e-9,2.69465116887e-9,9.41371980367e-10,2.79283235427e-10],"max":[0.00975922122598,0.111924722791,0.0749985128641,0.037594538182,0.0659862086177,0.0424101389945,0.0444740094244,0.0322875156999,0.0427175983787,0.0366608314216,0.026389438659,0.0169264916331,0.0142636280507,0.0138354124501,0.0163577646017,0.0130934985355,0.00647843116894,0.00286429119296,0.00377021334134,0.00380377983674,0.00169212673791,0.00249785673805,0.00203231233172,0.00152738695033,0.000812425394543,0.000504720606841,0.000181639974471],"mean":[0.000536028994247,0.00924522429705,0.00533749256283,0.00247870828025,0.00325787160546,0.00295362854376,0.00115482474212,0.000800535199232,0.00123326655012,0.00107702380046,0.000918509904295,0.000628840934951,0.000552241981495,0.000587325252127,0.000483755749883,0.000361113634426,0.000325534230797,0.000256797909969,0.0002871628094,0.000226928794291,0.000188310848898,0.000139582945849,0.0000887334608706,0.0000700673335814,0.0000537148334843,0.0000389429806091,0.0000234633280343],"median":[0.0000770987535361,0.00425580190495,0.0027849196922,0.00150716875214,0.00169042067137,0.00156929320656,0.00055003981106,0.000326360750478,0.000511984690093,0.000398734875489,0.000276780541753,0.000253197475104,0.000229402648984,0.000220282541704,0.000200343507458,0.000176987581654,0.000162948606885,0.000148533727042,0.000145795944263,0.000133935871418,0.000142294549732,0.000100739089248,0.0000629285277682,0.0000513714076078,0.0000389990636904,0.000031380346627,0.0000203873332794],"min":[6.49321091686e-12,1.04826626546e-10,1.74825071086e-10,1.47710355058e-9,1.0647694948e-9,2.83092704834e-9,8.2290879666e-10,5.01783326001e-9,2.75411782269e-8,2.20350515612e-9,5.39379652054e-9,2.0797263911e-9,5.62510260593e-10,1.5831085054e-10,5.04955244285e-11,4.61012374109e-11,4.72836179932e-11,6.190486318e-11,7.20050130631e-11,7.2492005454e-11,7.62467380899e-11,9.29898102964e-11,1.40049333242e-10,1.26267343803e-10,1.85353760118e-10,1.86573131944e-10,2.20433726827e-10],"var":[0.00000105557614916,0.00016411326942,0.0000535971666977,0.00000908981473913,0.0000239110959228,0.0000132230497911,0.00000382078951588,0.00000212418331103,0.00000406039771406,0.00000500235501022,0.00000358148099622,0.00000126133272715,9.53752987698e-7,0.00000111109432055,7.06808862105e-7,3.60720804338e-7,2.11032983088e-7,9.65348974091e-8,1.47140127638e-7,7.55939382202e-8,3.32424825444e-8,2.68387250202e-8,1.01488044635e-8,6.51844223043e-9,3.98234289989e-9,1.59049873272e-9,5.66880875574e-10]},"barkbands_crest":{"dmean":3.2002363205,"dmean2":5.30812501907,"dvar":8.02225112915,"dvar2":20.2075958252,"max":25.7042045593,"mean":9.96056938171,"median":9.30668926239,"min":2.30031728745,"var":16.5395488739},"barkbands_flatness_db":{"dmean":0.0255737714469,"dmean2":0.0407465212047,"dvar":0.000685543403961,"dvar2":0.00142681528814,"max":0.441960901022,"mean":0.13240852952,"median":0.104153379798,"min":0.0238778591156,"var":0.00624236790463},"barkbands_kurtosis":{"dmean":4.87551307678,"dmean2":8.10333347321,"dvar":74.7097473145,"dvar2":176.972854614,"max":238.572174072,"mean":6.78474760056,"median":2.72729086876,"min":-1.88247621059,"var":123.94959259},"barkbands_skewness":{"dmean":0.761303961277,"dmean2":1.22763311863,"dvar":0.736384630203,"dvar2":1.696824193,"max":8.90862751007,"mean":1.91246509552,"median":1.61704480648,"min":-5.72087860107,"var":1.82613277435},"barkbands_spread":{"dmean":4.89951372147,"dmean2":7.85448932648,"dvar":29.8444957733,"dvar2":66.9347000122,"max":95.4658050537,"mean":19.2315006256,"median":19.4405860901,"min":0.232816517353,"var":127.94732666},"dissonance":{"dmean":0.0174677874893,"dmean2":0.0291604399681,"dvar":0.000341341801686,"dvar2":0.000915603188332,"max":0.500000059605,"mean":0.467060953379,"median":0.476480960846,"min":0.0427535176277,"var":0.00110493018292},"dynamic_complexity":2.85249638557,"erbbands":{"dmean":[0.206822603941,2.02085733414,4.93716669083,5.89503383636,8.97579574585,7.89781618118,9.52616214752,15.6243343353,11.5005807877,11.9790935516,9.43050289154,16.4941558838,14.4483594894,21.6140956879,16.0428180695,13.8301811218,14.140332222,15.2280597687,15.4724645615,11.6130542755,9.45024776459,8.85440254211,6.27134275436,6.08498811722,5.83727884293,4.60343170166,3.82948589325,2.76101970673,2.11177277565,1.4443166256,0.882937669754,0.604928970337,0.377350330353,0.218661397696,0.13685144484,0.0598869509995,0.0238432008773,0.00666175782681,0.0011437140638,0.0000865358742885],"dmean2":[0.350609958172,3.42605257034,8.66676712036,10.2732248306,15.6877260208,14.0808582306,15.7935361862,26.4910793304,19.8988666534,20.204044342,15.6804924011,26.5675029755,23.2733917236,34.662311554,26.4794750214,22.5997848511,23.2744617462,24.7768421173,25.2756843567,18.702703476,15.4461832047,14.4781274796,10.5133495331,10.0832138062,9.70540714264,7.54124498367,6.41214847565,4.52236557007,3.39244794846,2.30187106133,1.42083263397,0.957762598991,0.588220059872,0.336489021778,0.215340748429,0.0942076295614,0.0381692312658,0.0106160491705,0.00182564381976,0.000137616996653],"dvar":[0.0891739949584,10.6851825714,73.170173645,82.2419052124,252.646865845,266.612670898,224.891403198,636.273254395,657.784118652,674.562255859,332.771362305,1191.85449219,1027.7668457,2250.45556641,1082.81567383,770.092346191,824.093139648,998.884277344,934.345336914,753.73614502,505.161865234,229.30897522,83.2367553711,100.70640564,95.185798645,63.8077774048,23.5255870819,14.0600318909,14.0064983368,7.990026474,2.31064629555,1.66887795925,0.469778478146,0.159146398306,0.0821058675647,0.0134175391868,0.00119910587091,0.000096330724773,0.0000030910644,1.55117376721e-8],"dvar2":[0.236580744386,26.3142261505,199.603485107,229.067276001,700.918884277,761.785583496,596.410461426,1785.98449707,1883.03991699,1795.49841309,883.757324219,2963.72143555,2360.18774414,5609.27929688,2750.85083008,2026.83374023,2123.66625977,2531.15161133,2361.20092773,1796.48547363,1307.68359375,565.452331543,222.720443726,268.289001465,246.904830933,159.256195068,59.8442649841,35.3178825378,32.6442642212,17.4690341949,5.18128156662,3.84118032455,1.05015301704,0.356933712959,0.185055524111,0.0321743264794,0.00292774708942,0.000233796876273,0.00000744594672142,3.72020174666e-8],"max":[3.14932990074,28.3627643585,72.3706665039,105.751312256,171.301223755,225.575454712,177.598297119,436.675415039,637.235900879,626.656433105,375.625823975,1258.43273926,1134.76477051,1048.45800781,691.056274414,713.766540527,691.419799805,623.88293457,651.603088379,708.663574219,565.885192871,397.724334717,141.427322388,296.916564941,154.291793823,198.031616211,85.971572876,72.0283050537,77.6636581421,97.866394043,45.9922332764,48.5885887146,18.7278308868,8.6796131134,7.60786676407,3.68257594109,0.577684283257,0.198528975248,0.0285612568259,0.00208368641324],"mean":[0.279211163521,2.01693224907,5.36986923218,8.70897006989,10.0230531693,9.81958961487,16.5734119415,25.9764881134,18.2768039703,18.069568634,15.9780673981,30.5276832581,29.078168869,40.1764259338,30.3762874603,27.0464954376,26.6171264648,28.5427150726,28.9399871826,22.6000919342,19.36054039,18.4323863983,14.4305353165,14.6575670242,13.5830869675,10.6456680298,8.65918445587,6.59043121338,5.21469402313,3.67700719833,2.36644649506,1.62099933624,1.06644082069,0.632314383984,0.366424888372,0.170849785209,0.0718447566032,0.0207939501852,0.00366528681479,0.000299394363537],"median":[0.104832902551,0.832799255848,2.71077084541,5.48269033432,5.04768180847,4.56995344162,8.21932125092,13.9780292511,8.60160636902,7.86769294739,8.24963665009,12.3811302185,12.7327346802,12.8030967712,12.150519371,11.2665481567,11.5417022705,11.8600006104,12.2433872223,10.3188419342,9.74592018127,9.37916278839,8.33708095551,7.63955163956,7.26182079315,6.31981468201,6.21177244186,5.068171978,3.76429033279,2.61973667145,1.68575000763,1.1644397974,0.792256712914,0.456511855125,0.2617854774,0.131995797157,0.0575562939048,0.0170529671013,0.00315802940167,0.000267720723059],"min":[2.27353087467e-8,2.34155606904e-7,3.47694111724e-7,0.00000505606158185,0.00000361290244655,0.00000420447622673,0.0000114533004307,0.0000259371172433,0.0000313120399369,0.0000886384877958,0.000356333039235,0.000639209814835,0.000182071496965,0.000102236212115,0.000225774827413,0.0000797904867795,0.0000206606673601,0.0000182692892849,0.00000960860961641,0.00000502387138113,0.00000261498712462,0.00000385708153772,0.00000408818868891,0.00000279877212961,0.000004100103979,0.00000323129552271,0.00000297819156003,0.00000405569062423,0.00000306998890665,0.00000333780781148,0.0000039430688048,0.00000312645897793,0.0000023307459287,0.00000192472816707,0.00000140734516663,6.69558119171e-7,3.83520244895e-7,1.38401006211e-7,3.09738155124e-8,3.77136855079e-9],"var":[0.143011972308,9.81527328491,61.4457626343,99.2847900391,221.702346802,245.43637085,485.15536499,1161.71606445,885.778503418,1032.46264648,601.927734375,2757.33886719,3326.70336914,5889.45849609,2722.0690918,2278.34716797,1921.58239746,2265.28686523,2063.61547852,1579.98425293,903.683654785,654.834106445,299.182281494,391.709442139,296.909576416,163.574493408,77.1654434204,42.2611351013,35.4217643738,20.568529129,7.07736158371,3.89223623276,1.41429758072,0.516114294529,0.209259569645,0.0367287099361,0.00527579011396,0.000443318189355,0.000013811356439,7.73526735998e-8]},"erbbands_crest":{"dmean":2.48414754868,"dmean2":4.09152841568,"dvar":5.57961273193,"dvar2":13.9299631119,"max":31.9212551117,"mean":8.24003887177,"median":7.01486349106,"min":2.04716873169,"var":19.4557704926},"erbbands_flatness_db":{"dmean":0.0167052652687,"dmean2":0.0256607811898,"dvar":0.000344872794813,"dvar2":0.00073315994814,"max":0.498745232821,"mean":0.139369904995,"median":0.115983724594,"min":0.0538507252932,"var":0.00484621664509},"erbbands_kurtosis":{"dmean":1.16137719154,"dmean2":1.83027136326,"dvar":5.43662309647,"dvar2":12.1589298248,"max":79.835357666,"mean":0.76987016201,"median":-0.114987753332,"min":-1.72573947906,"var":12.1101045609},"erbbands_skewness":{"dmean":0.331195175648,"dmean2":0.528612792492,"dvar":0.114174097776,"dvar2":0.26539632678,"max":6.16757011414,"mean":0.492752760649,"median":0.373560458422,"min":-4.87058353424,"var":0.510176599026},"erbbands_spread":{"dmean":9.74771690369,"dmean2":15.5633020401,"dvar":112.208778381,"dvar2":267.013641357,"max":124.695274353,"mean":39.5126228333,"median":38.9236946106,"min":0.382704019547,"var":318.315856934},"gfcc":{"cov":[[10692.2529297,-3392.58496094,1616.96936035,847.596008301,332.388275146,1329.32873535,-184.322219849,517.175476074,137.893844604,587.219665527,-194.187484741,399.309967041,-371.092254639],[-3392.58496094,2146.76904297,-508.682189941,49.1587562561,40.6543273926,-416.785675049,202.65524292,-206.704559326,92.2432327271,-207.366012573,207.088165283,-134.364944458,243.019241333],[1616.96936035,-508.682189941,949.571594238,545.359619141,17.934677124,417.873474121,-67.0701293945,109.412406921,82.8208389282,152.13583374,-11.8935480118,113.182617188,-56.0639915466],[847.596008301,49.1587562561,545.359619141,687.252624512,98.6523666382,301.419586182,19.2155666351,62.4470901489,114.19165802,98.9934082031,51.1450157166,45.0048904419,1.04679119587],[332.388275146,40.6543273926,17.934677124,98.6523666382,228.46434021,111.004730225,108.82510376,62.9075126648,65.7436218262,42.0225639343,26.4715518951,9.34407997131,4.2755317688],[1329.32873535,-416.785675049,417.873474121,301.419586182,111.004730225,394.126831055,55.6289558411,130.532165527,64.7231826782,110.504570007,-1.53993988037,70.6197891235,-49.0959396362],[-184.322219849,202.65524292,-67.0701293945,19.2155666351,108.82510376,55.6289558411,178.492172241,63.9832344055,42.3829040527,-9.09956741333,37.4618339539,-6.00511884689,24.6656188965],[517.175476074,-206.704559326,109.412406921,62.4470901489,62.9075126648,130.532165527,63.9832344055,125.486099243,55.9058647156,55.3990211487,-9.34320259094,28.4768390656,-16.6018829346],[137.893844604,92.2432327271,82.8208389282,114.19165802,65.7436218262,64.7231826782,42.3829040527,55.9058647156,106.15952301,46.7508659363,22.5769634247,6.04325819016,17.7871227264],[587.219665527,-207.366012573,152.13583374,98.9934082031,42.0225639343,110.504570007,-9.09956741333,55.3990211487,46.7508659363,104.455825806,14.4452886581,33.7812690735,-26.6525821686],[-194.187484741,207.088165283,-11.8935480118,51.1450157166,26.4715518951,-1.53993988037,37.4618339539,-9.34320259094,22.5769634247,14.4452886581,78.1812820435,19.4103507996,30.8882236481],[399.309967041,-134.364944458,113.182617188,45.0048904419,9.34407997131,70.6197891235,-6.00511884689,28.4768390656,6.04325819016,33.7812690735,19.4103507996,66.7735290527,12.4095029831],[-371.092254639,243.019241333,-56.0639915466,1.04679119587,4.2755317688,-49.0959396362,24.6656188965,-16.6018829346,17.7871227264,-26.6525821686,30.8882236481,12.4095029831,77.1610565186]],"icov":[[0.000309090188239,0.000346532004187,0.0000988407991827,-0.000205861972063,-0.00024618403404,-0.000331048067892,0.0000845899485284,0.000255915569142,-0.00037623764365,-0.000151008702233,0.000289888499537,-0.000939473044127,0.000370358757209],[0.000346532004187,0.00306506617926,-0.000134664587677,-0.000921428436413,-0.000118110321637,0.00105545378756,-0.00207519391552,0.00303909531794,-0.00315454672091,0.00244870246388,-0.00430549215525,0.00327509455383,-0.00330703915097],[0.0000988407991827,-0.000134664587677,0.00383840198629,-0.00204920070246,0.00126412021928,-0.00218135048635,0.000927524000872,0.000527899712324,-0.00114237051457,-0.000786639750004,0.00258800992742,-0.00457807164639,0.00176719157025],[-0.000205861972063,-0.000921428436413,-0.00204920070246,0.00440916372463,-0.000678943935782,-0.00208717025816,0.00150556873996,-0.000135672627948,-0.000513355480507,0.0000591693424212,-0.00208129617386,0.00317733036354,-0.000976673443802],[-0.00024618403404,-0.000118110321637,0.00126412021928,-0.000678943935782,0.00836040638387,-0.00122605997603,-0.00491172075272,0.00221145455725,-0.0027143410407,-0.00239530741237,0.00139539770316,-0.000707334838808,0.000271757802693],[-0.000331048067892,0.00105545378756,-0.00218135048635,-0.00208717025816,-0.00122605997603,0.0108127174899,-0.0045646969229,-0.00156689435244,0.000351297872839,-0.000499211950228,-0.000185274373507,-0.00184248865116,0.00171405414585],[0.0000845899485284,-0.00207519391552,0.000927524000872,0.00150556873996,-0.00491172075272,-0.0045646969229,0.0186947323382,-0.0135001894087,0.00348821398802,0.00609706575051,-0.0071982908994,0.0044610616751,-0.000450824009022],[0.000255915569142,0.00303909531794,0.000527899712324,-0.000135672627948,0.00221145455725,-0.00156689435244,-0.0135001894087,0.029216574505,-0.0131365535781,-0.0044517996721,0.00804103910923,-0.00763168185949,0.00102573423646],[-0.00037623764365,-0.00315454672091,-0.00114237051457,-0.000513355480507,-0.0027143410407,0.000351297872839,0.00348821398802,-0.0131365535781,0.0263672154397,-0.0104531319812,0.000489086611196,0.00825836323202,-0.00747759081423],[-0.000151008702233,0.00244870246388,-0.000786639750004,0.0000591693424212,-0.00239530741237,-0.000499211950228,0.00609706575051,-0.0044517996721,-0.0104531319812,0.0290975011885,-0.0143908495083,-0.000303549662931,0.00616737361997],[0.000289888499537,-0.00430549215525,0.00258800992742,-0.00208129617386,0.00139539770316,-0.000185274373507,-0.0071982908994,0.00804103910923,0.000489086611196,-0.0143908495083,0.0367846228182,-0.0217287503183,0.0043847062625],[-0.000939473044127,0.00327509455383,-0.00457807164639,0.00317733036354,-0.000707334838808,-0.00184248865116,0.0044610616751,-0.00763168185949,0.00825836323202,-0.000303549662931,-0.0217287503183,0.0486018247902,-0.0235306210816],[0.000370358757209,-0.00330703915097,0.00176719157025,-0.000976673443802,0.000271757802693,0.00171405414585,-0.000450824009022,0.00102573423646,-0.00747759081423,0.00616737361997,0.0043847062625,-0.0235306210816,0.0337773822248]],"mean":[7.86864233017,93.7468032837,-105.439376831,25.0960083008,-47.3285942078,4.99217653275,-25.5407829285,0.746134459972,-20.9943313599,-0.355262309313,-14.2757482529,-1.19016182423,-8.44695949554]},"hfc":{"dmean":4.46347045898,"dmean2":7.0454583168,"dvar":25.1465053558,"dvar2":59.046962738,"max":104.610267639,"mean":19.0128555298,"median":14.4189510345,"min":0.000218197164941,"var":237.117584229},"melbands":{"dmean":[0.00212950096466,0.00259283301421,0.0010618675733,0.00065249169711,0.000309171446133,0.000334635667969,0.000170594634255,0.000129602194647,0.0000795266532805,0.000107341627881,0.0000756340086809,0.0000918632940738,0.000058970596001,0.0000373583789042,0.0000389005181205,0.0000330174370902,0.0000315085635521,0.0000282394958049,0.0000207780703931,0.0000152291750055,0.0000113808373499,0.0000107849073174,0.00000710224685463,0.00000550732511329,0.0000054641159295,0.00000508642870045,0.00000419125899498,0.00000315686997965,0.00000275149955087,0.00000211432893593,0.00000165013659625,0.00000135206948926,0.00000108716881186,8.03041643849e-7,5.83523217301e-7,4.49683369652e-7,3.79961221597e-7,2.95430140795e-7,2.3944971872e-7,1.89106629023e-7],"dmean2":[0.00360891921446,0.00443459115922,0.00185281632002,0.0011579785496,0.000516622734722,0.000566535454709,0.000294985278742,0.000217655833694,0.000132388508064,0.000173294334672,0.000121735327411,0.00014737235324,0.00009630961722,0.000062213781348,0.0000639725039946,0.0000547140843992,0.0000516476538905,0.0000464138611278,0.0000337908932124,0.0000251678447967,0.0000188372414414,0.000017706570361,0.0000118818652481,0.0000092590253189,0.00000912025370781,0.00000855628877616,0.00000693441688782,0.00000522867594555,0.00000464118329546,0.0000035652317365,0.00000271283806796,0.00000220020274355,0.00000174816921117,0.0000012960189224,9.53375717927e-7,7.26750215563e-7,6.110223012e-7,4.66001154109e-7,3.81904186497e-7,2.96049876169e-7],"dvar":[0.0000102765061456,0.0000183737865882,0.00000215646105062,0.00000179646906417,2.18348688463e-7,2.77466341458e-7,1.44067584529e-7,8.17717946688e-8,2.56433771995e-8,4.99505645735e-8,2.84066334899e-8,3.90677143969e-8,1.40925040526e-8,5.29727772758e-9,8.0269924041e-9,4.58934712455e-9,4.62256810607e-9,3.47685835678e-9,2.90794766045e-9,1.35091959841e-9,6.99984681329e-10,3.79878239976e-10,1.1779430209e-10,6.59837601225e-11,8.98069535404e-11,7.44033029632e-11,5.77856304473e-11,3.02308421352e-11,1.304367378e-11,7.4420643259e-12,5.66425335455e-12,5.5557741567e-12,4.63259812455e-12,2.2617910149e-12,9.51288743958e-13,7.1242426021e-13,6.45228553746e-13,2.79817456098e-13,2.05634744259e-13,1.15484241636e-13],"dvar2":[0.0000260944689217,0.0000480690578115,0.00000592192736804,0.0000050799917517,5.86220380683e-7,7.78617220476e-7,4.0876420826e-7,2.16060399794e-7,6.75866616007e-8,1.23690838905e-7,6.52356817454e-8,9.80425696184e-8,3.49283908463e-8,1.37163871372e-8,2.09966710685e-8,1.17710214909e-8,1.18921485992e-8,8.79171579982e-9,7.33198035618e-9,3.43266726155e-9,1.81990489345e-9,9.32531385445e-10,3.22261412e-10,1.80847836706e-10,2.41466985296e-10,1.99740363138e-10,1.48409881606e-10,7.69179095417e-11,3.38336442196e-11,1.95685290888e-11,1.44419944753e-11,1.35984782462e-11,1.07228358137e-11,5.10109836316e-12,2.23389405932e-12,1.6970668577e-12,1.52061609832e-12,6.39480168037e-13,4.96353175575e-13,2.66337814433e-13],"max":[0.026056278497,0.0350246466696,0.0164241679013,0.0173669103533,0.00671766605228,0.00892993062735,0.0097569655627,0.00662435544655,0.00334008457139,0.00774495908991,0.00598648423329,0.00454124296084,0.00263102143072,0.0020018403884,0.00209739524871,0.00157313363161,0.00132941454649,0.00129661522806,0.00161821069196,0.00127850251738,0.000636700482573,0.00056551391026,0.000201973889489,0.000163442324265,0.000272470555501,0.000149233033881,0.000195536325919,0.000139226714964,0.0000644314859528,0.000043546249799,0.0000520267130923,0.0000519249260833,0.000054854524933,0.0000539203101653,0.0000239592754951,0.0000284046018351,0.0000288214978355,0.0000159848823387,0.0000124078887893,0.00000769433154346],"mean":[0.00255073793232,0.00287952204235,0.00154822354671,0.000731619191356,0.000544223119505,0.000569765921682,0.000266691087745,0.000192718958715,0.000129282212583,0.000197582616238,0.000144770965562,0.000165087578353,0.000109178363346,0.0000677994758007,0.0000716347640264,0.0000545059629076,0.0000533527345397,0.0000485152631882,0.0000349992224074,0.0000270254186034,0.0000214183546632,0.0000203046802199,0.0000140525762617,0.000012017757399,0.0000118000216389,0.0000107565138023,0.00000861857461132,0.00000664576828058,0.0000056185581343,0.00000448889795734,0.00000359885848411,0.00000306094125335,0.00000242003011408,0.00000189899583347,0.00000141559905842,0.00000110576877432,9.32287036903e-7,7.71619568241e-7,6.18876867975e-7,5.05827813413e-7],"median":[0.00111512572039,0.0014905227581,0.00107956910506,0.000342307175742,0.000293677672744,0.000308132905047,0.000128131840029,0.0000778390385676,0.0000637340199319,0.0000742300908314,0.0000607326292084,0.0000509805686306,0.0000386670471926,0.0000305200519506,0.0000253661382885,0.0000230817604461,0.0000202730516321,0.0000189370039152,0.0000141991777127,0.0000125697679323,0.0000103841175587,0.00000959886983765,0.00000782436472946,0.00000668063239573,0.00000580607229494,0.00000545065313418,0.00000459133889308,0.00000396823179472,0.00000390409468309,0.00000329646195496,0.00000272624879472,0.00000214703823076,0.00000169750921941,0.00000130860473746,9.84356574918e-7,7.90407625573e-7,6.59607167108e-7,5.68148948332e-7,4.46045220315e-7,3.56534741286e-7],"min":[3.37825600827e-11,1.67902108883e-10,1.00926977886e-9,2.083278966e-10,3.64181462764e-10,6.05602012982e-10,2.93989527167e-10,8.63597415801e-10,2.68671618286e-9,3.83440967866e-9,7.75890851568e-10,3.46007444918e-10,8.30937652019e-10,3.6055206043e-10,4.2789601723e-11,5.13380483957e-11,2.32450326348e-11,8.98023235635e-12,3.24537055216e-12,3.59998012303e-12,2.57748336563e-12,2.8957715132e-12,4.22305636641e-12,2.82301330749e-12,2.16415925978e-12,2.42978402155e-12,3.12132177743e-12,1.98957647232e-12,2.16988297989e-12,1.44667329331e-12,2.69354677451e-12,1.86044148837e-12,1.28830236409e-12,1.92635989625e-12,1.94106623136e-12,1.67953389911e-12,2.02400271022e-12,1.56425360946e-12,1.79374776751e-12,1.49783256544e-12],"var":[0.0000114585591291,0.0000164121975104,0.00000251607048085,0.00000147572052356,4.58264253211e-7,5.20720902841e-7,1.86377420164e-7,1.29407411009e-7,4.57122268926e-8,1.21899716987e-7,9.19824287848e-8,9.89958124364e-8,4.20935073464e-8,1.20338192744e-8,2.2624643492e-8,8.83651551931e-9,9.30677579447e-9,7.03688174397e-9,4.62313565208e-9,2.27192531455e-9,1.17938347977e-9,9.48042533366e-10,3.16812492906e-10,2.20686857677e-10,2.88535945137e-10,2.11912792869e-10,1.28988972281e-10,6.71903990779e-11,3.57957205543e-11,2.05166109796e-11,1.38594188209e-11,1.27923158177e-11,9.57431269683e-12,5.68623273467e-12,2.63391413714e-12,1.71134764346e-12,1.36876881357e-12,7.663826713e-13,5.12752058694e-13,3.48230071081e-13]},"melbands_crest":{"dmean":3.68043375015,"dmean2":6.10241317749,"dvar":9.56483078003,"dvar2":24.0513210297,"max":30.3356456757,"mean":13.8727741241,"median":13.3721065521,"min":3.94695448875,"var":21.9354496002},"melbands_flatness_db":{"dmean":0.0323934778571,"dmean2":0.0510842464864,"dvar":0.00107674207538,"dvar2":0.00218640477397,"max":0.517182946205,"mean":0.214656457305,"median":0.194683387876,"min":0.0451290085912,"var":0.00726654706523},"melbands_kurtosis":{"dmean":13.1415948868,"dmean2":22.0576915741,"dvar":592.483886719,"dvar2":1464.56091309,"max":278.148406982,"mean":17.9887199402,"median":8.99455833435,"min":-1.60565841198,"var":720.719299316},"melbands_skewness":{"dmean":1.12992334366,"dmean2":1.82585561275,"dvar":1.76254272461,"dvar2":4.16680908203,"max":13.7785634995,"mean":2.91784739494,"median":2.54520344734,"min":-5.31194829941,"var":3.66051030159},"melbands_spread":{"dmean":6.06932401657,"dmean2":9.67688083649,"dvar":51.8475189209,"dvar2":119.129341125,"max":128.671127319,"mean":18.5618038177,"median":16.0311088562,"min":0.847962498665,"var":164.443740845},"mfcc":{"cov":[[8197.61230469,-1586.5489502,299.167358398,413.859802246,439.785064697,763.468688965,281.039093018,263.388000488,359.189025879,252.7293396,396.367919922,347.450744629,139.416503906],[-1586.5489502,1081.11157227,-126.583129883,143.279251099,-48.2096366882,-57.7658805847,6.75397253036,-7.50290155411,-30.7951126099,-37.22864151,-33.3598937988,-34.1938400269,-9.45063304901],[299.167358398,-126.583129883,624.550537109,311.847290039,131.030670166,217.411453247,0.818060457706,39.8175811768,49.4958114624,-1.1010696888,58.022808075,102.226921082,34.9355888367],[413.859802246,143.279251099,311.847290039,493.542297363,172.068618774,257.507232666,67.114982605,75.2152481079,88.3166885376,50.3082733154,92.5863189697,111.553192139,41.9327545166],[439.785064697,-48.2096366882,131.030670166,172.068618774,165.401580811,157.038253784,40.4388427734,45.951423645,65.4976577759,48.0162963867,57.9512901306,69.7287826538,34.7360076904],[763.468688965,-57.7658805847,217.411453247,257.507232666,157.038253784,289.055725098,109.062011719,92.3078079224,93.4498748779,60.6155014038,101.797767639,101.913291931,39.9873580933],[281.039093018,6.75397253036,0.818060457706,67.114982605,40.4388427734,109.062011719,138.797653198,89.178237915,47.9453086853,42.1278610229,49.2980995178,33.9192085266,17.8633480072],[263.388000488,-7.50290155411,39.8175811768,75.2152481079,45.951423645,92.3078079224,89.178237915,112.572509766,79.6446685791,43.7365951538,42.2727622986,38.4696502686,21.6308116913],[359.189025879,-30.7951126099,49.4958114624,88.3166885376,65.4976577759,93.4498748779,47.9453086853,79.6446685791,121.285842896,69.7616043091,48.4991798401,48.1517601013,24.4586639404],[252.7293396,-37.22864151,-1.1010696888,50.3082733154,48.0162963867,60.6155014038,42.1278610229,43.7365951538,69.7616043091,88.8868331909,56.9273338318,35.928604126,19.8879871368],[396.367919922,-33.3598937988,58.022808075,92.5863189697,57.9512901306,101.797767639,49.2980995178,42.2727622986,48.4991798401,56.9273338318,92.9313583374,63.2574043274,21.8563327789],[347.450744629,-34.1938400269,102.226921082,111.553192139,69.7287826538,101.913291931,33.9192085266,38.4696502686,48.1517601013,35.928604126,63.2574043274,88.2935333252,39.3819885254],[139.416503906,-9.45063304901,34.9355888367,41.9327545166,34.7360076904,39.9873580933,17.8633480072,21.6308116913,24.4586639404,19.8879871368,21.8563327789,39.3819885254,54.1953926086]],"icov":[[0.000282865308691,0.00042445314466,0.000312003336148,-0.000134860238177,0.0000672756577842,-0.000584177440032,0.0000620099090156,0.000166850135429,-0.000493152765557,0.000551192497369,-0.000637346412987,-0.0000545383081771,-0.000132595232571],[0.00042445314466,0.00187636096962,0.000988946179859,-0.00145602936391,0.000568519346416,-0.000246605137363,-0.000230356759857,0.00025869125966,-0.000828349671792,0.00152252544649,-0.000989303109236,0.000331986346282,-0.000512519851327],[0.000312003336148,0.000988946179859,0.00361456396058,-0.00169796997216,0.000668684078846,-0.00260789575987,0.00250613456592,-0.00113601854537,0.0000197796653083,0.00198713876307,0.0000104507917058,-0.00167557911482,-0.0000482119794469],[-0.000134860238177,-0.00145602936391,-0.00169796997216,0.00585941690952,-0.00198086537421,-0.00254217418842,0.000592497992329,-0.000265485403361,0.000207343415241,-0.00088497356046,0.000320315244608,-0.00145304924808,0.000867829076014],[0.0000672756577842,0.000568519346416,0.000668684078846,-0.00198086537421,0.01556815207,-0.00728585617617,0.00299598043784,0.00032607614412,-0.000598983024247,-0.00366665911861,0.00303580798209,-0.00285858707502,-0.00222363998182],[-0.000584177440032,-0.000246605137363,-0.00260789575987,-0.00254217418842,-0.00728585617617,0.0180974043906,-0.00925391446799,0.00228795479052,-0.00334924343042,0.00381708913483,-0.00530486414209,-0.00063695339486,0.00127473985776],[0.0000620099090156,-0.000230356759857,0.00250613456592,0.000592497992329,0.00299598043784,-0.00925391446799,0.0232378430665,-0.018258433789,0.00973044801503,-0.00551414815709,-0.00038094210322,0.000812057987787,-0.000542356458027],[0.000166850135429,0.00025869125966,-0.00113601854537,-0.000265485403361,0.00032607614412,0.00228795479052,-0.018258433789,0.0336864739656,-0.0197896119207,0.0071588056162,-0.00220169476233,0.00102641887497,-0.00232436577789],[-0.000493152765557,-0.000828349671792,0.0000197796653083,0.000207343415241,-0.000598983024247,-0.00334924343042,0.00973044801503,-0.0197896119207,0.0307221896946,-0.019024245441,0.00816881190985,-0.00526409363374,0.00214447779581],[0.000551192497369,0.00152252544649,0.00198713876307,-0.00088497356046,-0.00366665911861,0.00381708913483,-0.00551414815709,0.0071588056162,-0.019024245441,0.0349855236709,-0.019507965073,0.0069266250357,-0.00467354385182],[-0.000637346412987,-0.000989303109236,0.0000104507917058,0.000320315244608,0.00303580798209,-0.00530486414209,-0.00038094210322,-0.00220169476233,0.00816881190985,-0.019507965073,0.0376107394695,-0.0200823321939,0.007082530763],[-0.0000545383081771,0.000331986346282,-0.00167557911482,-0.00145304924808,-0.00285858707502,-0.00063695339486,0.000812057987787,0.00102641887497,-0.00526409363374,0.0069266250357,-0.0200823321939,0.0396280698478,-0.0168361850083],[-0.000132595232571,-0.000512519851327,-0.0000482119794469,0.000867829076014,-0.00222363998182,0.00127473985776,-0.000542356458027,-0.00232436577789,0.00214447779581,-0.00467354385182,0.007082530763,-0.0168361850083,0.0297794677317]],"mean":[-638.358337402,127.238899231,1.96618282795,24.3559017181,0.802499353886,8.06180000305,2.32101178169,2.54137992859,-0.156844347715,-0.0209645442665,-2.8528945446,-2.37269496918,-2.01295495033]},"pitch_salience":{"dmean":0.0875388905406,"dmean2":0.144544348121,"dvar":0.00606302497908,"dvar2":0.0145338885486,"max":0.860438942909,"mean":0.566492140293,"median":0.577290415764,"min":0.164550185204,"var":0.0136501165107},"silence_rate_20dB":{"dmean":0,"dmean2":0,"dvar":0,"dvar2":0,"max":1,"mean":1,"median":1,"min":1,"var":0},"silence_rate_30dB":{"dmean":0.00397572712973,"dmean2":0.00795228593051,"dvar":0.00395992072299,"dvar2":0.011028108187,"max":1,"mean":0.9975938797,"median":1,"min":0,"var":0.0024003200233},"silence_rate_60dB":{"dmean":0.00292948307469,"dmean2":0.00585957942531,"dvar":0.00292090117,"dvar2":0.00645305681974,"max":1,"mean":0.0620357766747,"median":0,"min":0,"var":0.0581873394549},"spectral_centroid":{"dmean":220.171539307,"dmean2":352.570159912,"dvar":49090.75,"dvar2":116686.875,"max":3846.62573242,"mean":1164.01220703,"median":1161.88208008,"min":207.751953125,"var":276093.59375},"spectral_complexity":{"dmean":3.5609960556,"dmean2":5.68023443222,"dvar":12.0190353394,"dvar2":27.7822322845,"max":57,"mean":21.1807727814,"median":20,"min":0,"var":166.529312134},"spectral_contrast_coeffs":{"dmean":[0.060291018337,0.0503413714468,0.0377336554229,0.0277146473527,0.0182074960321,0.0176233481616],"dmean2":[0.0995921343565,0.0842615291476,0.0624982826412,0.0462443381548,0.030530076474,0.0292262658477],"dvar":[0.00265898695216,0.00165205879603,0.00088502332801,0.000485879689222,0.000214629908442,0.000243153801421],"dvar2":[0.00712316203862,0.00463021686301,0.00239867856726,0.00129216944333,0.000577479600906,0.000646437634714],"max":[-0.299719929695,-0.44585955143,-0.500721871853,-0.635121822357,-0.668257832527,-0.612404823303],"mean":[-0.636246800423,-0.736303329468,-0.781635642052,-0.812618792057,-0.821743965149,-0.757917404175],"median":[-0.643544375896,-0.746376037598,-0.791035711765,-0.817343771458,-0.824207365513,-0.761504650116],"min":[-0.978021502495,-0.927624285221,-0.927346944809,-0.956575036049,-0.972170948982,-0.962537169456],"var":[0.00659696338698,0.00622152118012,0.00399923557416,0.00171523762401,0.000938972400036,0.000839835673105]},"spectral_contrast_valleys":{"dmean":[0.440065443516,0.359006822109,0.319453775883,0.29691568017,0.293755561113,0.243686929345],"dmean2":[0.717161118984,0.600929677486,0.521590292454,0.477102011442,0.458860874176,0.364606142044],"dvar":[0.151417568326,0.0970623940229,0.0774292200804,0.084356918931,0.109554938972,0.0865103378892],"dvar2":[0.359725177288,0.248563185334,0.190209895372,0.198617041111,0.246824204922,0.168967917562],"max":[-5.04712104797,-4.5396361351,-4.9305472374,-5.50353240967,-5.82801628113,-8.2082452774],"mean":[-7.15247154236,-6.56245279312,-7.02237176895,-7.38676309586,-7.35226631165,-10.1903753281],"median":[-6.74697351456,-6.38639974594,-6.84889268875,-7.14314842224,-7.08300209045,-9.575507164],"min":[-15.0626001358,-13.5299062729,-12.3248558044,-14.4850473404,-14.2912836075,-15.8536272049],"var":[2.33026456833,0.801082193851,0.850824773312,0.958751261234,1.10162651539,2.44299411774]},"spectral_decrease":{"dmean":4.09992484407e-9,"dmean2":6.91321000446e-9,"dvar":2.54230520197e-17,"dvar2":6.37133219841e-17,"max":-1.61634865648e-13,"mean":-8.36808222715e-9,"median":-7.34205851671e-9,"min":-4.47977228646e-8,"var":3.75418766508e-17},"spectral_energy":{"dmean":0.015784477815,"dmean2":0.0265800282359,"dvar":0.000370938854758,"dvar2":0.000929480767809,"max":0.172298192978,"mean":0.0333076044917,"median":0.029173668474,"min":6.29838666555e-7,"var":0.000574476376642},"spectral_energyband_high":{"dmean":0.000211401522392,"dmean2":0.000326729437802,"dvar":1.00199137876e-7,"dvar2":2.14574242818e-7,"max":0.00674026785418,"mean":0.000713846413419,"median":0.00055188551778,"min":1.53442736295e-9,"var":4.82468692553e-7},"spectral_energyband_low":{"dmean":0.0123433228582,"dmean2":0.0208968520164,"dvar":0.000354841846274,"dvar2":0.000906554749236,"max":0.156568795443,"mean":0.0166148263961,"median":0.0103837875649,"min":4.03424449402e-9,"var":0.000369854154997},"spectral_energyband_middle_high":{"dmean":0.00141374906525,"dmean2":0.00222696666606,"dvar":0.00000406453818869,"dvar2":0.00000983093468676,"max":0.0471647903323,"mean":0.00550792738795,"median":0.00303647783585,"min":1.50451775482e-8,"var":0.0000410445099988},"spectral_energyband_middle_low":{"dmean":0.00553106889129,"dmean2":0.00940697733313,"dvar":0.0000597591133555,"dvar2":0.000161727424711,"max":0.0905125513673,"mean":0.0121020842344,"median":0.0101323230192,"min":4.99888926697e-7,"var":0.000102241050627},"spectral_entropy":{"dmean":0.15850019455,"dmean2":0.246020570397,"dvar":0.0418708398938,"dvar2":0.0907017439604,"max":8.54028987885,"mean":7.65042686462,"median":7.85752105713,"min":4.41089010239,"var":0.286290735006},"spectral_flux":{"dmean":0.0383516997099,"dmean2":0.064454138279,"dvar":0.00170767202508,"dvar2":0.00432686368003,"max":0.371607929468,"mean":0.103120259941,"median":0.0983530580997,"min":0.000368699926184,"var":0.00280053494498},"spectral_kurtosis":{"dmean":1.94010174274,"dmean2":3.26141405106,"dvar":13.6716890335,"dvar2":40.6825675964,"max":65.3916397095,"mean":5.3194732666,"median":4.0267291069,"min":-0.466759115458,"var":27.0421848297},"spectral_rms":{"dmean":0.00129836634733,"dmean2":0.00212108157575,"dvar":0.00000191253866433,"dvar2":0.00000459634611616,"max":0.0129651762545,"mean":0.00528121367097,"median":0.00533498963341,"min":0.0000247886418947,"var":0.00000460400906377},"spectral_rolloff":{"dmean":379.949066162,"dmean2":622.513916016,"dvar":320050.125,"dvar2":694477.3125,"max":8333.34960938,"mean":1036.046875,"median":882.861328125,"min":86.1328125,"var":695064.5},"spectral_skewness":{"dmean":0.250824332237,"dmean2":0.405734807253,"dvar":0.11823900044,"dvar2":0.311940222979,"max":6.3107676506,"mean":1.63456070423,"median":1.54916727543,"min":0.190855517983,"var":0.256477624178},"spectral_spread":{"dmean":375810.875,"dmean2":568465.9375,"dvar":180744421376,"dvar2":333841268736,"max":21451002,"mean":4564270,"median":4818143,"min":976211.625,"var":1524314931200},"spectral_strongpeak":{"dmean":0.375157058239,"dmean2":0.650811135769,"dvar":0.345116764307,"dvar2":0.888325273991,"max":7.11908721924,"mean":0.575387716293,"median":0.360202848911,"min":0.00149338471238,"var":0.482659429312},"zerocrossingrate":{"dmean":0.00843723211437,"dmean2":0.0106234513223,"dvar":0.0000758987443987,"dvar2":0.000111187153379,"max":0.21533203125,"mean":0.0502386689186,"median":0.048828125,"min":0.00537109375,"var":0.000656675489154}},"metadata":{"audio_properties":{"analysis_sample_rate":44100,"bit_rate":0,"codec":"flac","downmix":"mix","equal_loudness":0,"length":221.933334351,"lossless":true,"md5_encoded":"176d8ba9d26020e2af0c268dbe0eddb5","replay_gain":-15.4677457809},"tags":{"acoustid_id":["e76bcf5c-1e5f-4cf5-a39b-221ce6fadcb7"],"album":["With Teeth"],"albumartist":["Nine Inch Nails"],"artist":["Nine Inch Nails"],"barcode":["0602498814390"],"date":["2005-04-29"],"discnumber":["1"],"disctotal":["1"],"encoder":["Max 0.8b"],"encoding":["FLAC settings: exhaustiveModelSearch:0 midSideStereo:1 looseMidSideStereo:0 QLPCoeffPrecision:0, ,enableQLPCoeffPrecisionSearch:0, minResidualPartitionOrder:0, maxResidualPartitionOrder:5, maxLPCOrder:8, apodization:tukey(0.5)"],"file_name":"02. You Know What You Are_.flac","grouping":["English"],"isrc":["USIR10500494"],"musicbrainz_albumartistid":["b7ffd2af-418f-4be2-bdd1-22f8b48613da"],"musicbrainz_albumid":["59740bac-77f4-3732-8816-b1b7d89c9bd8"],"musicbrainz_artistid":["b7ffd2af-418f-4be2-bdd1-22f8b48613da"],"musicbrainz_recordingid":["a9b52c7e-30bb-439e-924a-9d7b5790a3ac"],"musicbrainz_releasegroupid":["10224fb3-a861-3247-9eab-81b7b0fbb0d4"],"musicbrainz_workid":["70adbc3a-b087-3fcc-ab87-5e08c430fc54"],"musicip_puid":["8b4a8dd6-d36f-94d1-c4b5-256829376bba"],"title":["You Know What You Are?"],"totaldiscs":["1"],"totaltracks":["14"],"tracknumber":["2"],"tracktotal":["14"]},"version":{"essentia":"2.1-beta1","essentia_build_sha":"dbf9221a02c8614ba002a04270c5f9c8cf066e4e","essentia_git_sha":"v2.1_beta1-6-g5578087","extractor":"music 1.0"}},"rhythm":{"beats_count":380,"beats_loudness":{"dmean":0.0162884090096,"dmean2":0.0284273140132,"dvar":0.000285856280243,"dvar2":0.00079196842853,"max":0.162401080132,"mean":0.039161786437,"median":0.0392804890871,"min":0.0000362709943147,"var":0.000434133282397},"beats_loudness_band_ratio":{"dmean":[0.181505143642,0.118833623827,0.0864753946662,0.0772508978844,0.0391893573105,0.0209817625582],"dmean2":[0.316038101912,0.