{"lowlevel":{"average_loudness":0.416394889355,"barkbands":{"dmean":[3.90219298652e-7,0.000473395892186,0.00147776957601,0.00113156379666,0.00218076002784,0.00214106147178,0.000688855361659,0.000406693812693,0.000198305773665,0.000110109860543,0.0000567726783629,0.000069445479312,0.0000132849772854,0.00000627982535661,0.00000587265412832,0.00000594804805587,0.00000147198136347,4.91334049002e-7,3.9858602463e-7,3.34234442789e-7,3.11957307986e-7,3.1250604593e-7,2.62577117383e-7,2.67736140813e-7,2.33836388475e-7,1.5542627807e-7,6.58820979993e-8],"dmean2":[6.48168452244e-7,0.000682294077706,0.0021277712658,0.00159705278929,0.00302738673054,0.00272842287086,0.000831390847452,0.000635214091744,0.000271325203357,0.000140973308589,0.0000732318512746,0.000105297513073,0.0000184093951248,0.00000868144616106,0.00000933449882723,0.00000922434264794,0.00000228678050007,8.43390353111e-7,7.081325748e-7,6.04026354267e-7,5.70525855892e-7,5.72018166167e-7,4.78100105283e-7,4.88344596761e-7,4.25986939945e-7,2.83133232415e-7,1.17736803418e-7],"dvar":[1.00158379854e-12,0.00000169550139617,0.0000130622302095,0.0000123216495922,0.0000352349888999,0.0000535359358764,0.00000350310278918,0.00000128479416617,0.00000101555838228,9.58020294206e-8,1.41624605376e-8,3.15359436343e-8,1.36549460628e-9,2.07113354245e-10,2.80596573754e-10,1.76693520926e-10,2.68596412473e-11,1.98499788655e-12,5.19244640774e-13,4.05214707275e-13,4.693716661e-13,3.41061651577e-13,2.28361031257e-13,2.26354051063e-13,1.7981510649e-13,7.47006623225e-14,1.31405836936e-14],"dvar2":[2.57052907605e-12,0.00000415143131249,0.000029709915907,0.0000233536047745,0.000062128296122,0.0000883178727236,0.000006973609743,0.00000308161907014,0.00000195146049009,1.75413703118e-7,2.55160461649e-8,6.84062015921e-8,2.97254176829e-9,3.8446865136e-10,7.30432492269e-10,4.37640923501e-10,6.44232514557e-11,5.55457286069e-12,1.4270965052e-12,1.16122823163e-12,1.38626274088e-12,1.00181299888e-12,6.71001340428e-13,6.68702506562e-13,5.35338808873e-13,2.18140162509e-13,3.79523615226e-14],"max":[0.0000229268771363,0.0236770343035,0.0686334595084,0.100490219891,0.131881326437,0.247299894691,0.0434162989259,0.024716142565,0.0285588353872,0.00819867663085,0.00283807120286,0.00341311888769,0.00100664689671,0.000341220205883,0.000500756548718,0.000410855049267,0.000127984021674,0.0000278710504062,0.00000957494921749,0.00000707663275534,0.0000124035041154,0.00000566377411815,0.00000608011305303,0.0000052053987929,0.0000054994097809,0.00000256658699982,0.0000012853985254],"mean":[5.61731553717e-7,0.00106652558316,0.00379802496172,0.00282795191742,0.00485107814893,0.00395420845598,0.00233740732074,0.00112259318121,0.000439499533968,0.000282575871097,0.000193820727873,0.000121881705127,0.0000268755320576,0.0000128776937345,0.0000108422173071,0.0000238834854827,0.00000301633440358,9.44893827182e-7,4.9906032018e-7,3.50012783201e-7,3.05302535253e-7,2.95659646099e-7,2.62069590917e-7,2.79524130065e-7,2.49401438168e-7,1.82647511338e-7,1.00004761805e-7],"median":[9.15164406479e-8,0.0000781870548963,0.000440448755398,0.000396234478103,0.00124285067432,0.0010926774703,0.00055868079653,0.0000855307589518,0.0000628193374723,0.0000612253934378,0.0000629893911537,0.0000353888462996,0.00000928993540583,0.00000487571833219,0.00000284857014776,0.00000256746670857,7.17158343377e-7,2.93395117978e-7,2.13360834778e-7,1.45523770811e-7,1.15708608917e-7,1.1155007229e-7,1.11337463693e-7,1.21575695289e-7,1.12671081354e-7,8.93338807373e-8,6.12688495494e-8],"min":[3.26575127386e-25,1.99238457312e-24,4.93792019573e-25,2.66197463985e-25,6.30950397417e-24,1.35955167748e-24,4.30042079341e-24,6.1274680094e-24,1.5618614464e-23,1.63106616257e-23,1.46459552787e-23,2.22809802598e-23,2.16116396703e-23,3.65025378378e-23,5.31442402093e-23,4.83120159364e-23,5.76877887226e-23,9.51896934205e-23,1.48136996083e-22,1.90370210811e-22,2.04500539781e-22,3.29638769488e-22,3.07169486552e-22,5.54021936229e-22,7.11791946328e-22,1.29587617259e-21,1.98714228633e-21],"var":[2.29174600304e-12,0.00000543476517123,0.0000531571131432,0.0000523004782735,0.00010338134598,0.000118773365102,0.0000185031913134,0.0000085403689809,0.00000330437819684,3.56744436658e-7,1.00337267384e-7,6.0617736608e-8,3.09476022586e-9,7.80284836743e-10,5.09976949559e-10,3.76609010644e-9,4.49672001024e-11,2.74749233781e-12,5.63903090889e-13,3.55672007688e-13,3.57370789862e-13,2.80389508269e-13,1.92075440839e-13,1.96768437048e-13,1.58103280359e-13,7.13137299321e-14,1.43768494559e-14]},"barkbands_crest":{"dmean":1.80325376987,"dmean2":2.72649073601,"dvar":3.10658240318,"dvar2":6.77930641174,"max":25.2861022949,"mean":13.1073312759,"median":12.5133705139,"min":2.6407532692,"var":19.8078765869},"barkbands_flatness_db":{"dmean":0.0239634942263,"dmean2":0.0397509150207,"dvar":0.000447368656751,"dvar2":0.00118513102643,"max":0.518610775471,"mean":0.295279413462,"median":0.318799942732,"min":0.0236515961587,"var":0.00882121734321},"barkbands_kurtosis":{"dmean":4.1676864624,"dmean2":6.37769174576,"dvar":81.6686859131,"dvar2":167.722564697,"max":159.876876831,"mean":8.010430336,"median":4.49871921539,"min":-1.80860257149,"var":166.419555664},"barkbands_skewness":{"dmean":0.437926501036,"dmean2":0.649211704731,"dvar":0.308431565762,"dvar2":0.59271800518,"max":8.80511856079,"mean":1.32439482212,"median":1.36269748211,"min":-2.12410187721,"var":2.11411523819},"barkbands_spread":{"dmean":1.01671278477,"dmean2":1.57630622387,"dvar":5.91316366196,"dvar2":11.2556562424,"max":126.856201172,"mean":6.64261388779,"median":2.96482110023,"min":0.242620050907,"var":146.873413086},"dissonance":{"dmean":0.0374322682619,"dmean2":0.0619017444551,"dvar":0.00129897939041,"dvar2":0.00349727412686,"max":0.499788165092,"mean":0.379887938499,"median":0.384053349495,"min":0.141821995378,"var":0.00544013502076},"dynamic_complexity":6.75699424744,"erbbands":{"dmean":[0.00318373856135,0.153514742851,1.36722791195,3.00975394249,5.31275463104,6.99392414093,16.4129753113,15.2361478806,10.6369438171,7.04350280762,9.37028598785,3.78753376007,3.97810602188,2.51024532318,2.09379124641,2.01626229286,0.778634309769,0.329743415117,0.252306163311,0.304963201284,0.369972974062,0.0891175046563,0.0312878787518,0.0219709724188,0.0157396737486,0.0169404242188,0.013993004337,0.012393206358,0.0101158153266,0.0097573492676,0.00792893115431,0.00607649097219,0.00418740371242,0.00282072229311,0.00160929095,0.000734617176931,0.00027929796488,0.00007107933925,0.0000120604217955,0.00000705591264705],"dmean2":[0.00436106231064,0.223452940583,2.01319026947,4.16996240616,8.0260925293,9.41935443878,19.6771774292,21.0495548248,13.4975652695,9.44340515137,14.489859581,5.12600946426,5.14825725555,3.28970479965,2.91103768349,2.97977423668,1.03608679771,0.44475799799,0.36634272337,0.495336264372,0.568265616894,0.13831397891,0.0527495443821,0.0381177142262,0.0283847469836,0.0305045191199,0.0255645252764,0.0226408857852,0.0184170473367,0.0178220700473,0.0144329937175,0.0111132441089,0.00760021153837,0.00510280532762,0.00293923960999,0.00134173349943,0.000507454678882,0.000128286526888,0.0000206488712138,0.00000947878743318],"dvar":[0.0000705396232661,0.170216500759,11.899477005,67.4854888916,223.047821045,586.889648438,3531.31201172,1882.09448242,586.538024902,390.705322266,866.780822754,262.902435303,198.594940186,30.5707073212,24.7384128571,34.6710014343,4.77161073685,0.716290771961,0.305095762014,0.542930841446,0.740767538548,0.0728562623262,0.00724053150043,0.00185159605462,0.000769759120885,0.00110751064494,0.000758245761972,0.00082404789282,0.000330235052388,0.000392742746044,0.000193403888261,0.000126814687974,0.0000540515648026,0.0000259842672676,0.00000859496230987,0.00000174585898094,2.47499428951e-7,1.59249164966e-8,4.29960650417e-10,2.25989130187e-10],"dvar2":[0.000145823054481,0.429151147604,28.8064403534,127.671363831,460.985748291,1048.45812988,5162.63964844,4122.54052734,1195.49487305,776.196411133,1967.38464355,521.449523926,378.660858154,53.4178848267,52.8497924805,77.6908493042,9.69503307343,1.38122463226,0.673334181309,1.46440410614,1.73164904118,0.164736941457,0.0193743612617,0.00504089007154,0.00217223260552,0.00314769078977,0.00223804567941,0.00242952909321,0.000971671484876,0.00116038531996,0.000564976071473,0.000375757750589,0.000158967333846,0.0000775225344114,0.0000253896560025,0.00000513653412781,7.17273678674e-7,4.59371385375e-8,1.10186781921e-9,3.51597750914e-10],"max":[0.189511701465,6.95714426041,54.9357681274,194.189544678,285.667694092,691.23059082,1953.05310059,1069.57910156,522.562194824,514.859130859,787.025939941,417.315673828,516.873352051,124.399009705,96.971496582,132.205871582,45.0119018555,20.2357826233,11.8744411469,17.6630859375,27.5626602173,6.55903148651,1.93353295326,0.488928437233,0.46364030242,0.445970505476,0.292992681265,0.607867896557,0.171258464456,0.229217797518,0.140467330813,0.125133663416,0.0741788819432,0.0644532442093,0.0364056937397,0.0149694448337,0.00486136088148,0.00123917509336,0.000269920623396,0.000303940556478],"mean":[0.0082493564114,0.378590285778,3.68918204308,8.11114215851,11.4931612015,14.8111896515,32.8235626221,28.4431877136,35.2473373413,23.0303173065,22.8549575806,8.45475006104,10.2354869843,8.02582740784,5.99389123917,3.60667538643,1.61755263805,0.759033679962,0.515933632851,0.650171101093,1.51962411404,0.269224733114,0.0727820694447,0.0350227765739,0.0190213639289,0.0172938890755,0.0138756027445,0.0118122054264,0.00976236443967,0.0093249315396,0.00780158955604,0.00625860178843,0.00437208171934,0.00294351344928,0.00173178175464,0.0008375342004,0.000332580326358,0.0000943440245464,0.0000254763781413,0.0000243300291913],"median":[0.00115644990001,0.0376388058066,0.479072332382,1.4999961853,2.12915349007,3.7863008976,7.24923467636,9.75355625153,10.4040994644,3.93076968193,2.51179265976,1.64864218235,2.46803498268,3.27094960213,2.3871152401,1.20200896263,0.608893215656,0.323699533939,0.219175219536,0.162724927068,0.158237591386,0.0496556162834,0.0207970906049,0.0146965747699,0.00878801755607,0.00709299882874,0.0052088345401,0.00434027472511,0.00393707072362,0.00350496498868,0.00325842038728,0.00271358015016,0.00185696303379,0.00129044149071,0.00077853538096,0.0003907418577,0.000166949990671,0.0000521570400451,0.0000173410389834,0.0000153211112774],"min":[4.99012803596e-23,4.46090769726e-22,1.52996949763e-21,5.50629940359e-21,8.39730170292e-21,2.49599698042e-20,3.76789040824e-20,2.53984660018e-20,1.09615596631e-19,1.48249015442e-19,1.48668628657e-19,3.70413210211e-19,4.70456957137e-19,6.92075135153e-19,8.77650417242e-19,1.19526461141e-18,1.32099596112e-18,1.89925507649e-18,2.49076717624e-18,3.28582526368e-18,3.4345912153e-18,4.36988681546e-18,5.51544097398e-18,7.75094124715e-18,7.42520413938e-18,8.76608376466e-18,9.37147492111e-18,1.05253563069e-17,1.17626613389e-17,9.75550427384e-18,1.0193417826e-17,1.03655168884e-17,9.58316781065e-18,8.33033494413e-18,5.48286701504e-18,4.17641299249e-18,2.15010835059e-18,1.02226536976e-18,2.62819630737e-19,2.86369508013e-20],"var":[0.000301299471175,0.56323492527,48.1593284607,299.762390137,694.840698242,1287.59985352,8273.47265625,3978.48925781,2778.82250977,2519.48291016,3393.59179688,742.046813965,793.651733398,146.821624756,83.8765945435,53.7121925354,10.2393512726,2.61398386955,0.739070892334,1.50833594799,16.1042366028,0.286488950253,0.0156169403344,0.00260632485151,0.000774343265221,0.000945571693592,0.000622794905212,0.000607047230005,0.000280019157799,0.000308410089929,0.000167162084836,0.000103930811747,0.0000486382705276,0.0000228280823649,0.00000758837359172,0.00000161311720603,2.37330041841e-7,1.60647619651e-8,8.01149757645e-10,9.65106106143e-10]},"erbbands_crest":{"dmean":2.15180230141,"dmean2":3.30206823349,"dvar":4.24345493317,"dvar2":10.249792099,"max":30.336435318,"mean":13.948138237,"median":13.3923902512,"min":2.43278956413,"var":32.8308525085},"erbbands_flatness_db":{"dmean":0.0238366983831,"dmean2":0.03956226632,"dvar":0.000406839157222,"dvar2":0.00110911077354,"max":0.4203350842,"mean":0.287810206413,"median":0.298414319754,"min":0.0449672266841,"var":0.00467258086428},"erbbands_kurtosis":{"dmean":2.20067095757,"dmean2":3.42491412163,"dvar":21.2672634125,"dvar2":47.1767044067,"max":123.128379822,"mean":3.88703203201,"median":2.12380695343,"min":-1.52926766872,"var":58.0015945435},"erbbands_skewness":{"dmean":0.343656659126,"dmean2":0.508661746979,"dvar":0.151261225343,"dvar2":0.309411764145,"max":7.8111076355,"mean":0.914952397346,"median":0.954857885838,"min":-2.09163045883,"var":1.36689019203},"erbbands_spread":{"dmean":1.90113854408,"dmean2":2.88426041603,"dvar":9.29409503937,"dvar2":20.5514259338,"max":118.564582825,"mean":11.8836860657,"median":9.39174938202,"min":1.14704215527,"var":76.4289703369},"gfcc":{"cov":[[54655.2851563,12212.7958984,-1705.4161377,-2164.18359375,-3398.36743164,-477.189331055,-1967.66162109,-1297.2220459,-1188.43811035,-534.785766602,-313.780334473,-349.55279541,-344.261566162],[12212.7958984,4649.51318359,1553.31604004,-48.9920921326,-373.197723389,166.16078186,-195.038314819,-718.018554688,-459.595001221,-238.928909302,4.94949388504,-418.779418945,-244.836700439],[-1705.4161377,1553.31604004,2888.28637695,1146.23339844,553.046386719,489.221038818,415.72769165,-469.715759277,-284.654327393,-80.320640564,56.7723617554,-464.493469238,-273.791351318],[-2164.18359375,-48.9920921326,1146.23339844,882.32220459,502.368438721,358.898925781,242.790863037,-60.9846038818,-88.9562225342,-13.6452360153,-32.0094032288,-183.106933594,-150.098831177],[-3398.36743164,-373.197723389,553.046386719,502.368438721,643.369812012,296.634490967,226.170516968,36.1439056396,45.5398025513,-8.86730003357,-3.46445989609,-81.9558105469,-71.1042861938],[-477.189331055,166.16078186,489.221038818,358.898925781,296.634490967,285.194091797,134.957122803,-57.046672821,-74.6650848389,-29.2322483063,-29.8272838593,-94.6507720947,-80.2511444092],[-1967.66162109,-195.038314819,415.72769165,242.790863037,226.170516968,134.957122803,207.396331787,47.4442100525,17.689201355,-1.23250436783,6.62685823441,-64.3309783936,-45.552028656],[-1297.2220459,-718.018554688,-469.715759277,-60.9846038818,36.1439056396,-57.046672821,47.4442100525,254.902084351,159.415588379,39.4946746826,-22.7343482971,83.679145813,31.9233646393],[-1188.43811035,-459.595001221,-284.654327393,-88.9562225342,45.5398025513,-74.6650848389,17.689201355,159.415588379,174.870178223,64.8873519897,15.7649669647,56.941696167,32.6308403015],[-534.785766602,-238.928909302,-80.320640564,-13.6452360153,-8.86730003357,-29.2322483063,-1.23250436783,39.4946746826,64.8873519897,76.8212890625,41.656829834,27.0578918457,7.72088575363],[-313.780334473,4.94949388504,56.7723617554,-32.0094032288,-3.46445989609,-29.8272838593,6.62685823441,-22.7343482971,15.7649669647,41.656829834,75.6550521851,23.0483207703,6.04254388809],[-349.55279541,-418.779418945,-464.493469238,-183.106933594,-81.9558105469,-94.6507720947,-64.3309783936,83.679145813,56.941696167,27.0578918457,23.0483207703,135.317657471,86.4719238281],[-344.261566162,-244.836700439,-273.791351318,-150.098831177,-71.1042861938,-80.2511444092,-45.552028656,31.9233646393,32.6308403015,7.72088575363,6.04254388809,86.4719238281,99.0300750732]],"icov":[[0.000637039542198,-0.00212679826654,0.00178320682608,-0.0020565437153,0.00245896517299,-0.00158642570022,0.00153862091247,-0.00114583363757,0.000349519919837,-0.000641668215394,-0.000192713079741,0.000138141360367,0.000152445136337],[-0.00212679826654,0.00816950853914,-0.00659634359181,0.0077228997834,-0.00693442672491,0.00254270574078,-0.00203039310873,0.00332824303769,-0.00269816606306,0.00651828665286,-0.0031417964492,0.00292297964916,-0.000632205978036],[0.00178320682608,-0.00659634359181,0.0100788054988,-0.0117234066129,0.00911570340395,-0.00271510239691,-0.00386509322561,0.00672850897536,-0.00578318955377,0.00292672798969,-0.00446666497737,0.00376870064065,-0.000956119387411],[-0.0020565437153,0.0077228997834,-0.0117234066129,0.0175529140979,-0.0130099561065,0.0028179641813,0.00365094933659,-0.00901558808982,0.0112771475688,-0.00808422639966,0.00727284280583,-0.00215790234506,0.00202007475309],[0.00245896517299,-0.00693442672491,0.00911570340395,-0.0130099561065,0.0199782773852,-0.0154784517363,0.00483079953119,0.0032437054906,-0.0149081172422,0.0154065350071,-0.0135609665886,0.00640251860023,-0.0011870743474],[-0.00158642570022,0.00254270574078,-0.00271510239691,0.0028179641813,-0.0154784517363,0.027340747416,-0.018513917923,0.00879321992397,0.0111179789528,-0.0187292266637,0.0230472907424,-0.0158516038209,0.00745997484773],[0.00153862091247,-0.00203039310873,-0.00386509322561,0.00365094933659,0.00483079953119,-0.018513917923,0.0394435971975,-0.0316454656422,0.0102094300091,0.00769613170996,-0.0212347675115,0.0214655790478,-0.00942522380501],[-0.00114583363757,0.00332824303769,0.00672850897536,-0.00901558808982,0.0032437054906,0.00879321992397,-0.0316454656422,0.0507284998894,-0.0352927707136,0.0132456505671,0.0125365760177,-0.0190849844366,0.0142247974873],[0.000349519919837,-0.00269816606306,-0.00578318955377,0.0112771475688,-0.0149081172422,0.0111179789528,0.0102094300091,-0.0352927707136,0.0515122339129,-0.0403260216117,0.0146331526339,0.000638683326542,-0.00525340531021],[-0.000641668215394,0.00651828665286,0.00292672798969,-0.00808422639966,0.0154065350071,-0.0187292266637,0.00769613170996,0.0132456505671,-0.0403260216117,0.0717452690005,-0.0499928928912,0.0237004123628,-0.00507269660011],[-0.000192713079741,-0.0031417964492,-0.00446666497737,0.00727284280583,-0.0135609665886,0.0230472907424,-0.0212347675115,0.0125365760177,0.0146331526339,-0.0499928928912,0.0704351663589,-0.0477887243032,0.0218746177852],[0.000138141360367,0.00292297964916,0.00376870064065,-0.00215790234506,0.00640251860023,-0.0158516038209,0.0214655790478,-0.0190849844366,0.000638683326542,0.0237004123628,-0.0477887243032,0.0672543346882,-0.0352350696921],[0.000152445136337,-0.000632205978036,-0.000956119387411,0.00202007475309,-0.0011870743474,0.00745997484773,-0.00942522380501,0.0142247974873,-0.00525340531021,-0.00507269660011,0.0218746177852,-0.0352350696921,0.0373139791191]],"mean":[-238.402160645,147.570144653,-76.5465011597,-29.8379459381,-56.128326416,-5.87774038315,-40.5140419006,-9.38529491425,-18.5019702911,-9.09528636932,-12.8889856339,1.50719499588,-3.71549034119]},"hfc":{"dmean":1.7920204401,"dmean2":2.28304195404,"dvar":14.4238805771,"dvar2":21.7966346741,"max":86.0833511353,"mean":6.09721231461,"median":3.72329115868,"min":1.07611644891e-16,"var":56.7933959961},"melbands":{"dmean":[0.0000751143525122,0.000527940923348,0.000536344770808,0.000468450627523,0.000488885270897,0.000352296308847,0.000158188151545,0.0000819928536657,0.0000715691712685,0.0000236867381318,0.0000206059012271,0.0000111902345452,0.00000726740518076,0.00000763559273764,0.00000353917403118,0.00000139907706398,5.68208747609e-7,4.17893232907e-7,5.04223635289e-7,3.34117999046e-7,4.6695552669e-7,9.38844237908e-8,4.70125982588e-8,2.23450964398e-8,1.88264355216e-8,1.38660594118e-8,8.72822258913e-9,1.23213288461e-8,9.54482270998e-9,6.92700918847e-9,7.60392460109e-9,5.74230707429e-9,6.0276432734e-9,4.97467711469e-9,4.69627758903e-9,3.77755204894e-9,3.74221498234e-9,2.94488855523e-9,2.53400878059e-9,2.3506809832e-9],"dmean2":[0.000105495346361,0.000776768196374,0.000762037700042,0.000671967456583,0.000584225461353,0.000470484752441,0.000198646870558,0.000116756957141,0.000107947467768,0.0000320151302731,0.0000267626437562,0.0000146434485941,0.00000965606614045,0.0000119217475003,0.00000485324289912,0.00000200609656531,7.66770938299e-7,6.11249504345e-7,8.05682248028e-7,5.84896952205e-7,7.19627053059e-7,1.44656866041e-7,7.72477122268e-8,3.85871175013e-8,3.25687210534e-8,2.50443363825e-8,1.56952015828e-8,2.2182460313e-8,1.74821881416e-8,1.26377246445e-8,1.38754057133e-8,1.04583035565e-8,1.09980193841e-8,9.08525343846e-9,8.54342641077e-9,6.89170187584e-9,6.86676404626e-9,5.35331867724e-9,4.58727056341e-9,4.26358193195e-9],"dvar":[4.16152055038e-8,0.00000175623688392,0.00000185885141946,0.00000225503254114,0.00000254574297287,0.00000105046490262,1.40532648629e-7,4.33980460457e-8,6.96643596143e-8,1.11564242289e-8,5.38353273072e-9,6.68625710354e-10,2.41177355864e-10,3.60415558509e-10,1.95883489984e-10,2.15007386895e-11,2.51200883011e-12,8.37258105728e-13,2.74626198518e-12,5.12551372872e-13,1.28644198159e-12,1.07765941895e-13,1.87762250816e-14,3.34646983823e-15,1.31404869201e-15,6.41792205453e-16,2.52263617049e-16,6.17046455537e-16,3.73375352463e-16,2.56351398053e-16,2.92622010598e-16,1.09854813129e-16,1.34101343002e-16,1.07348257349e-16,6.93730307015e-17,4.98799603926e-17,4.91878848439e-17,2.73412805515e-17,2.00782393809e-17,1.91533406139e-17],"dvar2":[9.61095381058e-8,0.00000429598503615,0.00000365870778296,0.00000423354276791,0.00000374592696062,0.0000020858822154,2.85757835172e-7,8.87364919322e-8,1.44934460877e-7,2.22866809452e-8,1.02571409144e-8,1.21280208099e-9,4.97912266972e-10,8.2510803745e-10,4.02358812934e-10,4.75931065391e-11,4.63673110324e-12,1.64052126918e-12,7.27497836278e-12,1.60058110429e-12,2.9966112057e-12,2.47889084476e-13,4.82718249054e-14,9.33586077233e-15,3.57501393872e-15,1.7878140188e-15,7.19349665538e-16,1.75937520524e-15,1.10027091689e-15,7.56559134697e-16,8.59332024467e-16,3.20740222195e-16,3.98434107523e-16,3.17312173978e-16,2.02144637855e-16,1.4739782798e-16,1.46015284922e-16,8.0242058219e-17,5.96109495146e-17,5.69050365902e-17],"max":[0.00373363634571,0.0204470511526,0.0325467810035,0.0323982127011,0.0505400523543,0.0297995656729,0.00756376888603,0.00461780792102,0.00798678211868,0.00347034982406,0.00266037462279,0.000571312499233,0.000293665973004,0.000430508778663,0.000326820154442,0.000133436740725,0.0000449841099908,0.0000206895310839,0.0000546514711459,0.0000122492092487,0.0000348124303855,0.00000801288388175,0.00000388808484786,0.00000134221988901,4.3897591695e-7,3.87903270394e-7,2.51635412951e-7,2.978679845e-7,2.49268197194e-7,2.71451341405e-7,3.25339840401e-7,1.0690339991e-7,1.19511625485e-7,1.43716889056e-7,8.3939184492e-8,9.9479350979e-8,8.83761472892e-8,5.70588731819e-8,4.34731504129e-8,6.2578905613e-8],"mean":[0.000174502143636,0.00143250974361,0.00144750927575,0.00097372289747,0.00102016644087,0.000684602826368,0.000518816756085,0.000264477857854,0.00016781600425,0.000051312148571,0.0000528225646121,0.0000352556417056,0.0000244169641519,0.000013056052012,0.00000627240751783,0.00000270809800895,0.0000012265351188,8.03033913144e-7,9.22376727885e-7,9.32235877826e-7,0.00000184772989087,1.86934784097e-7,1.009025965e-7,4.05877678133e-8,2.69761635252e-8,1.63092490624e-8,1.02335544483e-8,1.18587966114e-8,9.3237764176e-9,6.73330946555e-9,7.01839431017e-9,5.46798117895e-9,5.66917934819e-9,4.76485428891e-9,4.53939996703e-9,3.88336696133e-9,3.78851572336e-9,3.06385294913e-9,2.62937716045e-9,2.41286857161e-9],"median":[0.0000152026586875,0.000195868560695,0.000390425178921,0.000208076744457,0.000249431672273,0.000228660748689,0.000152016262291,0.000031160965591,0.0000159305618581,0.00000812780399428,0.0000111055260277,0.0000128073270389,0.00000865935271577,0.00000390617742596,0.00000173620094301,8.59182591739e-7,4.47587211738e-7,2.77737342458e-7,2.25818311606e-7,1.60889641165e-7,1.67745312751e-7,4.11699012659e-8,2.49840788058e-8,1.31671358261e-8,1.08272653065e-8,7.13981718192e-9,4.93901630705e-9,4.41054615052e-9,3.29818372613e-9,2.58602361747e-9,2.4638191487e-9,2.18231899218e-9,2.0889785457e-9,1.83721404756e-9,1.78886583324e-9,1.75686976078e-9,1.60938662397e-9,1.29188670872e-9,1.15176734816e-9,1.02361974452e-9],"min":[6.02070426474e-25,1.03311728781e-24,8.87744915513e-25,1.64732379697e-24,1.74816704193e-24,4.79669387914e-25,1.44574824062e-24,1.41698627341e-24,9.28971476673e-25,2.52990295545e-24,1.84899924283e-24,2.27574538243e-24,2.63606746165e-24,1.82945679163e-24,2.56409198987e-24,1.73493902784e-24,2.87792353772e-24,3.20479653405e-24,4.22184275307e-24,3.61391853495e-24,3.12702293462e-24,2.97677845877e-24,4.52137836638e-24,3.90258640599e-24,4.571889919e-24,4.48547572886e-24,4.78346478036e-24,5.12815715847e-24,4.6264577944e-24,4.98222183531e-24,5.39216523762e-24,5.15559847392e-24,4.33601419745e-24,4.73776488483e-24,5.25647761205e-24,5.56469621734e-24,6.30969290636e-24,5.12247933211e-24,6.83357701124e-24,6.68964776136e-24],"var":[1.45518342265e-7,0.00000695335756973,0.00000780225764174,0.00000596687914367,0.0000062671338128,0.00000227463328883,6.82250231421e-7,3.19734112963e-7,2.21168576786e-7,3.64357006788e-8,2.151801759e-8,3.24191185008e-9,1.47825629515e-9,6.59566956607e-10,3.07163239288e-10,4.54067790312e-11,1.04492343597e-11,2.28154669636e-12,4.51518466713e-12,3.82785469988e-12,2.5144053506e-11,2.07331439343e-13,3.4954010579e-14,4.77194433802e-15,1.69057908338e-15,6.25094168508e-16,2.38530592466e-16,5.08436132331e-16,3.04749934216e-16,1.85608688605e-16,2.19788360616e-16,9.17998889588e-17,1.08394594502e-16,8.25152233342e-17,5.91826023062e-17,4.05319492768e-17,3.96309643012e-17,2.44413160184e-17,1.77212113865e-17,1.639489014e-17]},"melbands_crest":{"dmean":2.37809276581,"dmean2":3.65337610245,"dvar":5.59576654434,"dvar2":13.1055965424,"max":34.4026184082,"mean":15.9718351364,"median":15.0152959824,"min":1.60462105274,"var":38.0012016296},"melbands_flatness_db":{"dmean":0.0280801840127,"dmean2":0.0469428114593,"dvar":0.000634885334875,"dvar2":0.00171477929689,"max":0.666166067123,"mean":0.382676512003,"median":0.42134091258,"min":0.00323639460839,"var":0.0189176443964},"melbands_kurtosis":{"dmean":3.92214155197,"dmean2":5.79152536392,"dvar":110.508506775,"dvar2":279.627746582,"max":293.447875977,"mean":8.15455150604,"median":5.2224111557,"min":-1.45379173756,"var":157.688369751},"melbands_skewness":{"dmean":0.428053617477,"dmean2":0.629582881927,"dvar":0.337494939566,"dvar2":0.726011991501,"max":14.2602033615,"mean":1.65135014057,"median":1.63241612911,"min":-1.47826588154,"var":1.60132420063},"melbands_spread":{"dmean":1.94986689091,"dmean2":3.18938398361,"dvar":25.804889679,"dvar2":68.5796737671,"max":165.050765991,"mean":14.7679958344,"median":4.03754043579,"min":0.332726210356,"var":921.912353516},"mfcc":{"cov":[[11058.2304688,6988.91015625,1264.73535156,-253.609985352,-429.56640625,-126.156951904,-319.989318848,-405.519561768,-495.438659668,-333.216156006,-188.31918335,-17.6179466248,-97.2235183716],[6988.91015625,6083.86083984,1885.72021484,228.41897583,117.088516235,371.914306641,114.966011047,-239.451095581,-422.504730225,-221.081771851,-91.2544555664,-121.229293823,-279.184997559],[1264.73535156,1885.72021484,1971.8927002,864.002319336,374.131103516,697.678405762,498.100646973,-30.4333019257,-208.163894653,59.4785842896,128.09576416,-102.45677948,-338.413330078],[-253.609985352,228.41897583,864.002319336,586.154602051,321.29800415,402.558654785,312.876586914,65.2749252319,-29.4869155884,93.6489715576,117.421066284,-13.713309288,-140.629165649],[-429.56640625,117.088516235,374.131103516,321.29800415,380.270904541,351.494995117,232.572250366,93.2373352051,26.7171268463,56.9712257385,73.1524734497,10.1649150848,-62.4557380676],[-126.156951904,371.914306641,697.678405762,402.558654785,351.494995117,500.044311523,347.113372803,59.3680839539,-43.5117988586,52.1874504089,81.7690429688,-26.4497833252,-139.810043335],[-319.989318848,114.966011047,498.100646973,312.876586914,232.572250366,347.113372803,312.747955322,93.4686431885,-17.7895240784,52.7815818787,81.72706604,-15.374622345,-116.155326843],[-405.519561768,-239.451095581,-30.4333019257,65.2749252319,93.2373352051,59.3680839539,93.4686431885,131.882888794,90.3254776001,37.6719970703,33.7339897156,23.2105445862,-4.73833560944],[-495.438659668,-422.504730225,-208.163894653,-29.4869155884,26.7171268463,-43.5117988586,-17.7895240784,90.3254776001,137.490722656,56.5138587952,10.1049385071,21.926027298,40.745513916],[-333.216156006,-221.081771851,59.4785842896,93.6489715576,56.9712257385,52.1874504089,52.7815818787,37.6719970703,56.5138587952,91.2131958008,65.3583526611,15.2326431274,-9.62589168549],[-188.31918335,-91.2544555664,128.09576416,117.421066284,73.1524734497,81.7690429688,81.72706604,33.7339897156,10.1049385071,65.3583526611,115.910499573,57.3930358887,-22.4768295288],[-17.6179466248,-121.229293823,-102.45677948,-13.713309288,10.1649150848,-26.4497833252,-15.374622345,23.2105445862,21.926027298,15.2326431274,57.3930358887,92.7952728271,52.9970932007],[-97.2235183716,-279.184997559,-338.413330078,-140.629165649,-62.4557380676,-139.810043335,-116.155326843,-4.73833560944,40.745513916,-9.62589168549,-22.4768295288,52.9970932007,131.412490845]],"icov":[[0.000776942586526,-0.00121543451678,0.00139107753057,-0.00205811229534,0.00302764563821,-0.0025485092774,0.00197263760492,-0.00109121494461,0.000672443246003,-0.000612240866758,0.000497399130836,-0.00107192969881,0.0000683327161823],[-0.00121543451678,0.00247087050229,-0.00371082988568,0.00526364054531,-0.00603991281241,0.00463692471385,-0.0023796739988,0.000635286676697,0.000324413442286,0.000425695616286,-0.00000285008718492,0.000999882118776,-0.0000641308288323],[0.00139107753057,-0.00371082988568,0.00976199936122,-0.0134048955515,0.0116896480322,-0.00994179677218,0.00371457263827,0.000771802093368,-0.000961951445788,0.000923802726902,-0.000813503516838,-0.000392562506022,0.00261438847519],[-0.00205811229534,0.00526364054531,-0.0134048955515,0.0238880347461,-0.0191802307963,0.0141829941422,-0.00774508528411,-0.000472622574307,0.00377663248219,-0.0057206726633,0.00168449128978,0.0000633682211628,-0.00151366891805],[0.00302764563821,-0.00603991281241,0.0116896480322,-0.0191802307963,0.0305171906948,-0.0279649198055,0.0175226442516,-0.0112430360168,0.00123007758521,0.000855032994878,-0.00235012406483,-0.000953991489951,-0.00151541177183],[-0.0025485092774,0.00463692471385,-0.00994179677218,0.0141829941422,-0.0279649198055,0.0397030822933,-0.0345145352185,0.023534765467,-0.0109403207898,0.00389862316661,0.0029412379954,-0.00127926433925,0.00152864446864],[0.00197263760492,-0.0023796739988,0.00371457263827,-0.00774508528411,0.0175226442516,-0.0345145352185,0.0503389537334,-0.0414546243846,0.0275729093701,-0.0125351212919,-0.00156641448848,0.0028939973563,0.00138647912536],[-0.00109121494461,0.000635286676697,0.000771802093368,-0.000472622574307,-0.0112430360168,0.023534765467,-0.0414546243846,0.0591583773494,-0.0456270799041,0.024720331654,-0.00685608340427,-0.00324421492405,0.00330425659195],[0.000672443246003,0.000324413442286,-0.000961951445788,0.00377663248219,0.00123007758521,-0.0109403207898,0.0275729093701,-0.0456270799041,0.0553349666297,-0.0388633608818,0.0195422749966,-0.00614303490147,0.000238820226514],[-0.000612240866758,0.000425695616286,0.000923802726902,-0.0057206726633,0.000855032994878,0.00389862316661,-0.0125351212919,0.024720331654,-0.0388633608818,0.0560425445437,-0.0376535728574,0.0210388209671,-0.00769580155611],[0.000497399130836,-0.00000285008718492,-0.000813503516838,0.00168449128978,-0.00235012406483,0.0029412379954,-0.00156641448848,-0.00685608340427,0.0195422749966,-0.0376535728574,0.0526861920953,-0.0381951667368,0.0160479079932],[-0.00107192969881,0.000999882118776,-0.000392562506022,0.0000633682211628,-0.000953991489951,-0.00127926433925,0.0028939973563,-0.00324421492405,-0.00614303490147,0.0210388209671,-0.0381951667368,0.0458515658975,-0.0205638315529],[0.0000683327161823,-0.0000641308288323,0.00261438847519,-0.00151366891805,-0.00151541177183,0.00152864446864,0.00138647912536,0.00330425659195,0.000238820226514,-0.00769580155611,0.0160479079932,-0.0205638315529,0.0252876561135]],"mean":[-865.472351074,198.118713379,22.1531887054,-12.1754207611,-3.79672312737,-6.2012348175,-12.9973716736,-5.47945690155,-6.06135654449,-11.8743133545,-13.6134490967,-3.37193131447,3.4190428257]},"pitch_salience":{"dmean":0.0559116825461,"dmean2":0.0886178836226,"dvar":0.00317932968028,"dvar2":0.00746979378164,"max":0.911491036415,"mean":0.531184136868,"median":0.541126132011,"min":0.0796540752053,"var":0.017396396026},"silence_rate_20dB":{"dmean":0,"dmean2":0,"dvar":0,"dvar2":0,"max":1,"mean":1,"median":1,"min":1,"var":0},"silence_rate_30dB":{"dmean":0.0184162054211,"dmean2":0.0368493795395,"dvar":0.0180772971362,"dvar2":0.0428614988923,"max":1,"mean":0.978370904922,"median":1,"min":0,"var":0.0211620572954},"silence_rate_60dB":{"dmean":0.022099448368,"dmean2":0.0442192554474,"dvar":0.0216109864414,"dvar2":0.0477911196649,"max":1,"mean":0.223193734884,"median":0,"min":0,"var":0.173377543688},"spectral_centroid":{"dmean":51.7833061218,"dmean2":81.7549362183,"dvar":58483.8203125,"dvar2":112080.796875,"max":11668.9394531,"mean":1085.22717285,"median":355.239532471,"min":126.919494629,"var":5311227.5},"spectral_complexity":{"dmean":1.01749539375,"dmean2":1.55320131779,"dvar":1.35883152485,"dvar2":2.60650444031,"max":18,"mean":6.38840293884,"median":7,"min":0,"var":12.6416864395},"spectral_contrast_coeffs":{"dmean":[0.039564255625,0.0351571403444,0.0257631316781,0.0248541366309,0.0193433258682,0.0125162741169],"dmean2":[0.0630787909031,0.0563233904541,0.0402449071407,0.0411536805332,0.0328858681023,0.0216790884733],"dvar":[0.00119767896831,0.0010250271298,0.000530017423443,0.000417125993408,0.000331775081577,0.000115251932584],"dvar2":[0.00299390568398,0.00245544197969,0.00120354571845,0.00112368736882,0.000915256387088,0.000328129070112],"max":[-0.277044355869,-0.369903326035,-0.467253416777,-0.608736753464,-0.721512079239,-0.801879882813],"mean":[-0.583505213261,-0.681379795074,-0.76822334528,-0.790353655815,-0.847198486328,-0.86116963625],"median":[-0.545683443546,-0.660302042961,-0.761928081512,-0.787703812122,-0.85275810957,-0.857520639896],"min":[-0.981773018837,-0.97867846489,-0.975253283978,-0.970138549805,-0.96821051836,-0.96487903595],"var":[0.0212641768157,0.0127242524177,0.00646743364632,0.00413284264505,0.00214420561679,0.000716820766684]},"spectral_contrast_valleys":{"dmean":[0.388520359993,0.358205467463,0.312718093395,0.290894806385,0.392104297876,0.399036288261],"dmean2":[0.646467804909,0.534099042416,0.460236996412,0.452482700348,0.669252991676,0.688863933086],"dvar":[0.207005605102,0.202775478363,0.159536853433,0.153965979815,0.20714750886,0.197182893753],"dvar2":[0.418767541647,0.363753855228,0.252066880465,0.265396386385,0.426925241947,0.446366429329],"max":[-5.54036235809,-4.79722929001,-5.77017307281,-7.83548116684,-8.5199546814,-10.6905117035],"mean":[-9.75448703766,-8.51780796051,-9.37090206146,-10.6595859528,-11.1942892075,-13.2570858002],"median":[-8.28436183929,-7.29321670532,-8.3061914444,-9.84454441071,-10.413351059,-12.5763597488],"min":[-27.9255161285,-28.4524536133,-27.870847702,-27.8219051361,-27.5274105072,-27.4208583832],"var":[19.4486103058,20.2718715668,17.6199836731,14.8737049103,13.4910736084,10.3103160858]},"spectral_decrease":{"dmean":1.61131319398e-9,"dmean2":2.15039852591e-9,"dvar":1.20461576415e-17,"dvar2":1.91089259781e-17,"max":2.48925843459e-28,"mean":-5.43794964614e-9,"median":-3.29487681583e-9,"min":-7.04598903667e-8,"var":5.11461389912e-17},"spectral_energy":{"dmean":0.00623526470736,"dmean2":0.00831118132919,"dvar":0.000180249582627,"dvar2":0.000285282410914,"max":0.272662073374,"mean":0.0210770051926,"median":0.0128252347931,"min":9.96292842028e-21,"var":0.000763735035434},"spectral_energyband_high":{"dmean":0.00000177549793534,"dmean2":0.00000324635948346,"dvar":1.02202378505e-11,"dvar2":3.00985833479e-11,"max":0.0000375542513211,"mean":0.00000188594037809,"median":8.15083467387e-7,"min":7.16682368972e-21,"var":9.08188454996e-12},"spectral_energyband_low":{"dmean":0.00227275583893,"dmean2":0.00324703776278,"dvar":0.0000268614057859,"dvar2":0.0000588498114666,"max":0.085172303021,"mean":0.00665853451937,"median":0.000983433565125,"min":8.48323504763e-24,"var":0.000128979154397},"spectral_energyband_middle_high":{"dmean":0.000198022491531,"dmean2":0.000257010950008,"dvar":1.82075297062e-7,"dvar2":3.28837131747e-7,"max":0.00884093809873,"mean":0.000653101189528,"median":0.000277307233773,"min":1.17602111475e-21,"var":8.80143488757e-7},"spectral_energyband_middle_low":{"dmean":0.00541867036372,"dmean2":0.00698790466413,"dvar":0.000149361003423,"dvar2":0.000231575875659,"max":0.26580414176,"mean":0.0155752506107,"median":0.00866211112589,"min":1.8645652671e-22,"var":0.000516135944054},"spectral_entropy":{"dmean":0.179516240954,"dmean2":0.294418632984,"dvar":0.0294279698282,"dvar2":0.0745103433728,"max":9.82273101807,"mean":6.06010627747,"median":5.69546031952,"min":4.43630218506,"var":1.27594649792},"spectral_flux":{"dmean":0.0145358191803,"dmean2":0.0229071341455,"dvar":0.000625981541816,"dvar2":0.00150132772978,"max":0.301450222731,"mean":0.0375574678183,"median":0.0289296414703,"min":6.31134797202e-11,"var":0.00143770547584},"spectral_kurtosis":{"dmean":19.6884307861,"dmean2":34.4434432983,"dvar":404.041595459,"dvar2":1177.40002441,"max":194.307022095,"mean":45.5512886047,"median":40.6774330139,"min":-1.24885714054,"var":917.983520508},"spectral_rms":{"dmean":0.000540258188266,"dmean2":0.000718640629202,"dvar":7.06745083789e-7,"dvar2":0.00000111109341105,"max":0.0163098666817,"mean":0.00370597746223,"median":0.00353729049675,"min":3.11768015918e-12,"var":0.00000682865947965},"spectral_rolloff":{"dmean":104.59236908,"dmean2":176.708572388,"dvar":283215.625,"dvar2":558367.5625,"max":19487.5488281,"mean":1621.71130371,"median":430.6640625,"min":21.533203125,"var":15945737},"spectral_skewness":{"dmean":1.05241680145,"dmean2":1.84389960766,"dvar":1.0025216341,"dvar2":2.9728474617,"max":11.7094326019,"mean":5.11331367493,"median":5.2424030304,"min":-0.0941030010581,"var":4.39876413345},"spectral_spread":{"dmean":539222.9375,"dmean2":940624.4375,"dvar":969395994624,"dvar2":2003095912450,"max":42534100,"mean":3830601,"median":1783960.25,"min":497681.09375,"var":68542087036900},"spectral_strongpeak":{"dmean":0.228594809771,"dmean2":0.357389241457,"dvar":0.143298223615,"dvar2":0.323655039072,"max":6.08988809586,"mean":0.802783727646,"median":0.6110663414,"min":0,"var":0.516245901585},"zerocrossingrate":{"dmean":0.00320170423947,"dmean2":0.00430119317025,"dvar":0.000191886079847,"dvar2":0.000348197703715,"max":0.52685546875,"mean":0.0507324896753,"median":0.0166015625,"min":0.0048828125,"var":0.0113756507635}},"metadata":{"audio_properties":{"analysis_sample_rate":44100,"bit_rate":320166,"codec":"mp3","downmix":"mix","equal_loudness":0,"length":50.4163284302,"lossless":false,"md5_encoded":"b840449248c5d11953e4e610b7ff35e0","replay_gain":-4.49599075317,"sample_rate":44100},"tags":{"album":["Doremi Fasol Latido"],"albumartist":["Hawkwind"],"albumartistsort":["Hawkwind"],"artist":["Hawkwind"],"artistsort":["Hawkwind"],"asin":["B000024L5T"],"barcode":["724383755424"],"catalognumber":["HAWKS 3"],"contentgroup":["Rock"],"date":["1996"],"discnumber":["1/1"],"file_name":"03 -  One Change.mp3","genre":["Rock; Psychedelic Rock; Space Rock; Psychedelic; Instrumental"],"label":["EMI Premier"],"media":["CD"],"musicbrainz album release country":["GB"],"musicbrainz album status":["official"],"musicbrainz album type":["album"],"musicbrainz_albumartistid":["5a28f8c2-31fb-4047-ae57-c5c326989262"],"musicbrainz_albumid":["4051657b-f244-4d73-b67f-95fa6ad62afc"],"musicbrainz_artistid":["5a28f8c2-31fb-4047-ae57-c5c326989262"],"musicbrainz_recordingid":["a9c3671e-6294-4e15-b1a0-8a63d7d1fd70"],"musicbrainz_releasegroupid":["681f5c83-f002-324b-a847-53c244a40a9b"],"originaldate":["1996"],"originalyear":["1996"],"script":["Latn"],"title":["One Change"],"tracknumber":["3/11"]},"version":{"essentia":"2.1-beta2","essentia_build_sha":"2d9f1f26377add8aeb1075a9c2973f962c4f09fd","essentia_git_sha":"v2.1_beta2-1-ge3940c0","extractor":"music 1.0"}},"rhythm":{"beats_count":86,"beats_loudness":{"dmean":0.0297386161983,"dmean2":0.0507560223341,"dvar":0.00183634285349,"dvar2":0.00499020842835,"max":0.245802015066,"mean":0.0374331511557,"median":0.0201197080314,"min":0,"var":0.00216546049342},"beats_loudness_band_ratio":{"dmean":[0.17724762857,0.22382478416,0.0902542620897,0.0471380501986,0.0192620772868,0.00549284275621],"dme