{"lowlevel":{"average_loudness":0.899397432804,"barkbands":{"dmean":[0.0000209331592487,0.00195941352285,0.0024064721074,0.00316854962148,0.00149856554344,0.0010203407146,0.000826674047858,0.000575899379328,0.000393811234972,0.000247385789407,0.000210912156035,0.000254210783169,0.000210974583752,0.000216892527533,0.000214845902519,0.000266411341727,0.000361492071534,0.000285182031803,0.000144350327901,0.0000396246396122,0.0000280467593257,0.0000264370828518,0.000022547059416,0.0000147157170431,0.0000124360240079,0.0000107360056063,0.00000250014363701],"dmean2":[0.0000298139329971,0.00326268700883,0.00400227773935,0.00509350188076,0.00250179180875,0.00158367317636,0.00126696075313,0.000878835213371,0.000603722350206,0.000372388778487,0.000328062975314,0.000393932277802,0.000333593023242,0.000331649731379,0.000336173688993,0.000418998301029,0.000572268036194,0.000444314820925,0.000221128138946,0.0000616327306489,0.0000446578851552,0.0000410972061218,0.0000337514975399,0.0000215297459363,0.0000178250011231,0.0000157494032464,0.00000382215466743],"dvar":[2.30994112727e-9,0.0000301832678815,0.0000269739339274,0.0000701172029949,0.00000790260583017,0.00000307490972773,0.00000304591435452,0.00000125671476781,6.72979581395e-7,2.65784763087e-7,2.90138160608e-7,3.87977678429e-7,2.7101731348e-7,1.75474113462e-7,1.87400189589e-7,6.88899888246e-7,0.00000143109980399,6.42475640689e-7,2.04603992415e-7,8.50287662502e-9,4.66733718341e-9,6.27346796733e-9,8.00612554031e-9,2.63905763909e-9,1.40446176911e-9,7.53260287478e-10,4.93605295526e-11],"dvar2":[4.65033300756e-9,0.0000760108159739,0.0000733205233701,0.000172182510141,0.0000218079330807,0.00000740177938496,0.00000700780901752,0.00000287354214379,0.00000149843469899,6.28353632237e-7,6.64152480567e-7,9.1281361847e-7,6.46138232696e-7,3.96099466116e-7,4.39887998027e-7,0.00000171548470007,0.00000333364982907,0.00000141728276049,5.35629737897e-7,2.03876204807e-8,1.20462786413e-8,1.41528886388e-8,1.76165979582e-8,6.08475136943e-9,2.8820905662e-9,1.76292269671e-9,1.21838567013e-10],"max":[0.00063353672158,0.0573521591723,0.0658456236124,0.107214987278,0.0472247824073,0.0370882600546,0.0320335142314,0.0252435728908,0.0366296991706,0.0193264205009,0.0228772368282,0.0190579649061,0.0128868883476,0.010930236429,0.00932836998254,0.036593221128,0.0502458922565,0.0268583595753,0.0211611557752,0.0054310625419,0.00131458987016,0.00371617008932,0.00413148989901,0.00173064158298,0.00158520101104,0.000387792824768,0.000110459928692],"mean":[0.0000239526489167,0.00195311789867,0.00335047137924,0.00428980449215,0.00293780956417,0.00253215827979,0.00162477383856,0.00111988908611,0.000779357622378,0.000499850953929,0.000384499231586,0.000511398655362,0.000362097081961,0.000432649452705,0.000405886879889,0.00051578914281,0.000686252082232,0.000586082576774,0.000292107171845,0.0000729588355171,0.0000452947933809,0.0000431137741543,0.0000352803253918,0.0000221577975026,0.0000177799556695,0.0000122429128169,0.00000243633780883],"median":[0.00000352584197572,0.000433765817434,0.00186370778829,0.0017975801602,0.00160502339713,0.00111246283632,0.000704698788468,0.000493051134981,0.00035730926902,0.000248115480645,0.000129892330733,0.00015851315402,0.000124698330183,0.000194897074834,0.000156800175318,0.000127483537653,0.000192579624127,0.000144196019392,0.000084870007413,0.0000301894051518,0.000015122664081,0.00000895426273928,0.00000614739701632,0.00000407378229283,0.00000297529481941,0.00000101474188341,9.03058960944e-8],"min":[5.48965266829e-24,1.11846024429e-23,7.26607000252e-24,1.68257262657e-23,9.27946927796e-23,4.24795665228e-23,2.7193067233e-23,3.08802788347e-23,2.27315302772e-23,1.44758298515e-22,4.95459111436e-23,5.30531488629e-23,5.65704272037e-23,1.27225909072e-22,1.981199551e-22,1.58134476459e-22,1.32262590315e-22,2.49189825606e-22,2.61437995565e-22,4.62091746649e-22,6.02029764245e-22,3.66129909864e-22,6.28781867698e-22,7.87563437291e-22,1.29922629446e-21,1.54283401408e-21,2.27093551447e-21],"var":[3.14765435938e-9,0.0000249467393587,0.0000247429143201,0.0000760407274356,0.0000153389191837,0.0000123634708871,0.00000713604367775,0.00000324870597979,0.00000164491314081,5.86873113662e-7,7.01324267993e-7,0.00000124227142351,6.06384958246e-7,5.59517900456e-7,4.53789141375e-7,0.00000150465461957,0.00000317924263982,0.00000226855081564,4.87835961849e-7,2.53926959459e-8,6.36109076524e-9,1.07835873564e-8,1.4799341308e-8,3.88588050626e-9,2.45720155334e-9,9.35278743341e-10,4.9430223803e-11]},"barkbands_crest":{"dmean":2.29328179359,"dmean2":3.70478463173,"dvar":5.07016658783,"dvar2":12.9031114578,"max":25.0220413208,"mean":9.41213703156,"median":8.73383617401,"min":2.48088765144,"var":13.2073640823},"barkbands_flatness_db":{"dmean":0.0214571338147,"dmean2":0.0312182493508,"dvar":0.000515472202096,"dvar2":0.00112020410597,"max":0.412940323353,"mean":0.159587278962,"median":0.152678862214,"min":0.0228114370257,"var":0.00263441051356},"barkbands_kurtosis":{"dmean":2.86884474754,"dmean2":4.52485609055,"dvar":25.7095165253,"dvar2":60.808013916,"max":103.896232605,"mean":4.55266284943,"median":1.87073659897,"min":-1.91118359566,"var":63.775894165},"barkbands_skewness":{"dmean":0.513950407505,"dmean2":0.780466616154,"dvar":0.339100062847,"dvar2":0.768572211266,"max":8.49392223358,"mean":1.61551165581,"median":1.49354588985,"min":-3.13413786888,"var":1.41176211834},"barkbands_spread":{"dmean":4.10405445099,"dmean2":6.2490272522,"dvar":26.7275619507,"dvar2":57.9713363647,"max":97.144744873,"mean":17.7223834991,"median":15.9937076569,"min":0.637907743454,"var":130.940536499},"dissonance":{"dmean":0.0187083836645,"dmean2":0.0309412349015,"dvar":0.000329761649482,"dvar2":0.000882442225702,"max":0.500000119209,"mean":0.456234872341,"median":0.463513672352,"min":0.225556731224,"var":0.000935206073336},"dynamic_complexity":3.76799273491,"erbbands":{"dmean":[0.0378288291395,0.522283494473,2.23934078217,7.86307096481,6.86250972748,4.68185281754,6.22880363464,9.01599025726,12.2808027267,10.6221179962,13.0501213074,8.76396846771,8.28330612183,6.74016427994,8.31756496429,11.3627138138,9.60258197784,11.128159523,9.22025966644,11.8288831711,18.6402721405,14.1674947739,13.6090917587,10.8509674072,4.69964694977,1.71356868744,1.26456189156,1.04349267483,1.0049238205,0.780208170414,0.623487889767,0.355845630169,0.232776775956,0.162506625056,0.0758581459522,0.04617555812,0.0209371075034,0.00418664421886,0.000475276116049,0.0000224209379667],"dmean2":[0.0614905022085,0.882174670696,3.7382235527,12.4752931595,11.4642362595,7.72794914246,9.65454864502,14.1056108475,18.7807884216,16.4993515015,19.8052749634,13.4831953049,12.3835096359,10.3829364777,12.908952713,17.4549427032,14.986784935,16.8956623077,14.1801300049,18.4171829224,29.2647533417,22.1304798126,20.9687423706,16.7948551178,7.08121061325,2.62493467331,2.00802135468,1.6386538744,1.55169689655,1.18672525883,0.932513773441,0.531944155693,0.338585436344,0.23493026197,0.109374016523,0.0675524845719,0.0314488336444,0.00629743235186,0.000725860823877,0.0000328681599058],"dvar":[0.0112400529906,2.11948895454,25.8927078247,359.008178711,280.198791504,102.785270691,161.823654175,300.155883789,646.702087402,559.487182617,752.211730957,330.610473633,299.574554443,238.40397644,528.314697266,745.241027832,581.032836914,479.308868408,365.788299561,682.246032715,3525.41577148,1667.01672363,1358.13415527,1365.08483887,110.295684814,12.3352804184,9.17353153229,7.15270042419,8.61965751648,8.01316738129,6.63909435272,2.04140973091,0.607134580612,0.29588341713,0.0480854585767,0.0140940370038,0.00308448518626,0.000129679930978,0.00000177465551587,2.25388130382e-9],"dvar2":[0.0276174452156,5.42287397385,70.3298492432,849.688415527,763.145019531,279.474304199,372.513549805,724.839538574,1456.42919922,1331.01330566,1718.265625,739.818115234,670.561279297,580.669921875,1195.55834961,1756.74414062,1343.86181641,1090.75378418,841.721008301,1588.47436523,8744.83984375,3902.83886719,2881.12817383,3567.34423828,235.268768311,28.9721374512,23.0971260071,18.4233150482,19.9618663788,17.5308246613,14.537317276,4.69983673096,1.43543839455,0.628533303738,0.0987406149507,0.0324027165771,0.00738697312772,0.000313947879476,0.00000434369167124,5.32848476453e-9],"max":[1.04152357578,14.8912067413,73.0169067383,256.47543335,337.285125732,277.203948975,358.185577393,442.371643066,584.280822754,554.446960449,688.871948242,618.340576172,646.937988281,768.646057129,773.86895752,727.449645996,697.769775391,648.52935791,439.554931641,803.679016113,2530.65405273,1593.20837402,1242.68200684,1690.03869629,316.906768799,165.181121826,88.3985748291,60.4334983826,153.091262817,131.009628296,93.3049316406,45.2376708984,34.6991767883,23.2964458466,8.57586765289,2.50694513321,0.799205601215,0.168517962098,0.0186615586281,0.000576924532652],"mean":[0.0350154973567,0.541941702366,3.08801174164,11.4298171997,10.3117170334,9.2419500351,15.077671051,20.5078582764,25.784614563,20.4580802917,26.4139328003,18.6891517639,17.7586593628,14.1314973831,17.2200202942,23.7420558929,18.2434368134,23.0707092285,19.2188339233,23.54180336,39.1190719604,30.234003067,30.0316963196,23.8344173431,9.8463306427,3.39196896553,2.07351756096,1.72481560707,1.61514115334,1.24092507362,0.953599989414,0.52565819025,0.35207003355,0.233394026756,0.103576667607,0.0567443408072,0.0225922316313,0.0042974431999,0.000472789892228,0.0000409360363847],"median":[0.00695733726025,0.14027403295,1.56710529327,5.88856315613,5.72684335709,4.11181211472,5.18250131607,8.85462760925,11.8683357239,9.00578403473,12.0365552902,9.23683547974,9.46967411041,7.14718341827,6.65572977066,8.40872955322,7.30646038055,10.838391304,8.24345779419,8.53866672516,10.6021986008,9.79330825806,8.80487155914,6.72496795654,3.28963851929,1.56050646305,0.865536093712,0.47915622592,0.354678034782,0.213072761893,0.161899298429,0.0869219526649,0.0652681365609,0.0405725724995,0.0156239382923,0.00599120697007,0.00157689896878,0.000200290043722,0.0000299904750136,0.0000265745293291],"min":[4.0509400927e-22,2.1669161388e-21,8.96734950621e-21,2.83923412157e-20,7.22334242066e-20,3.94367973009e-19,4.95231895362e-19,3.18291241495e-19,2.53318453276e-19,6.76388999005e-19,6.14375371879e-19,6.35578699316e-19,2.993166695e-18,3.19205855098e-18,2.91794102894e-18,2.24659958943e-18,2.60317130211e-18,4.61859148792e-18,8.99073774722e-18,1.12078737836e-17,7.01810389218e-18,8.42417031282e-18,1.1479108788e-17,1.48054179252e-17,1.33843869801e-17,1.76198916876e-17,2.29811834186e-17,2.58753957377e-17,1.31812438294e-17,1.67680792908e-17,1.62061705376e-17,1.38075030983e-17,1.54415876451e-17,1.4561429423e-17,9.7175672894e-18,5.84406949159e-18,2.4970194209e-18,1.43835944835e-18,3.44569968224e-19,2.98857673441e-20],"var":[0.0097204009071,1.70174157619,22.4551448822,433.333984375,270.434295654,246.186065674,639.523193359,987.338378906,1657.01867676,1201.51245117,1960.58703613,881.268981934,745.901306152,506.192138672,1334.43139648,2366.17041016,1318.81445312,1553.16723633,966.916687012,1783.08361816,8064.23730469,4168.15332031,5261.50146484,3585.19775391,365.439544678,33.7589912415,12.4673347473,10.4454851151,14.2090101242,14.4206428528,11.6748485565,3.08689761162,0.836489200592,0.475760310888,0.0813977271318,0.0191992372274,0.00349787343293,0.000139844865771,0.00000179552796453,2.8764788329e-9]},"erbbands_crest":{"dmean":2.1650595665,"dmean2":3.39588522911,"dvar":4.72581148148,"dvar2":11.0452823639,"max":30.1807765961,"mean":8.99373435974,"median":7.95263719559,"min":2.20160031319,"var":16.6248321533},"erbbands_flatness_db":{"dmean":0.0202062819153,"dmean2":0.0262231305242,"dvar":0.00052363157738,"dvar2":0.000903877313249,"max":0.35109052062,"mean":0.185859918594,"median":0.184892177582,"min":0.0372954122722,"var":0.00278300046921},"erbbands_kurtosis":{"dmean":0.696605801582,"dmean2":1.07272183895,"dvar":1.33782315254,"dvar2":2.93099761009,"max":43.1241493225,"mean":0.117522209883,"median":-0.43203869462,"min":-1.87299203873,"var":3.92605185509},"erbbands_skewness":{"dmean":0.308649361134,"dmean2":0.464364379644,"dvar":0.100339762866,"dvar2":0.212580487132,"max":5.68363618851,"mean":0.173298761249,"median":0.182705134153,"min":-3.78296089172,"var":0.672332346439},"erbbands_spread":{"dmean":6.37648391724,"dmean2":9.35432910919,"dvar":59.5962562561,"dvar2":124.746520996,"max":170.474685669,"mean":34.0920982361,"median":32.0039787292,"min":2.95047450066,"var":205.691650391},"gfcc":{"cov":[[15799.6279297,95.3642730713,-397.907714844,466.709869385,-440.291442871,29.0043544769,-530.374511719,-36.0057945251,-277.083618164,-41.5928039551,-257.871429443,109.319580078,-257.544769287],[95.3642730713,1737.60754395,-508.95980835,-82.7554550171,312.199188232,-306.262268066,205.747177124,-118.361366272,71.6296463013,-146.714782715,144.780181885,-181.497161865,141.858337402],[-397.907714844,-508.95980835,1155.91662598,126.298225403,-80.2753295898,352.468353271,-30.2814826965,4.53149795532,-53.8714790344,91.8473892212,-114.87726593,45.8620567322,-75.5064926147],[466.709869385,-82.7554550171,126.298225403,278.182189941,36.6849594116,55.0749092102,5.46190023422,8.56434631348,12.8843708038,14.4898710251,-9.0471496582,-8.00715923309,2.29819059372],[-440.291442871,312.199188232,-80.2753295898,36.6849594116,391.822265625,-56.4974098206,123.51448822,64.6723480225,56.7967681885,-19.3380260468,15.5569791794,-16.2976493835,22.9512557983],[29.0043544769,-306.262268066,352.468353271,55.0749092102,-56.4974098206,278.578399658,8.26269340515,26.9886779785,-13.8199462891,50.2577362061,-43.4324760437,10.9533205032,-46.2928123474],[-530.374511719,205.747177124,-30.2814826965,5.46190023422,123.51448822,8.26269340515,222.313232422,29.9075012207,8.34940433502,7.89976596832,31.6334114075,-23.79529953,15.8890333176],[-36.0057945251,-118.361366272,4.53149795532,8.56434631348,64.6723480225,26.9886779785,29.9075012207,145.472610474,32.4602890015,1.55192124844,-1.80317771435,27.5215454102,-19.1569004059],[-277.083618164,71.6296463013,-53.8714790344,12.8843708038,56.7967681885,-13.8199462891,8.34940433502,32.4602890015,101.846115112,17.8440570831,13.252240181,-4.93317222595,22.9384555817],[-41.5928039551,-146.714782715,91.8473892212,14.4898710251,-19.3380260468,50.2577362061,7.89976596832,1.55192124844,17.8440570831,108.40045166,11.311882019,12.937874794,-1.52681350708],[-257.871429443,144.780181885,-114.87726593,-9.0471496582,15.5569791794,-43.4324760437,31.6334114075,-1.80317771435,13.252240181,11.311882019,104.809326172,14.1877031326,25.6285419464],[109.319580078,-181.497161865,45.8620567322,-8.00715923309,-16.2976493835,10.9533205032,-23.79529953,27.5215454102,-4.93317222595,12.937874794,14.1877031326,107.432250977,8.33267784119],[-257.544769287,141.858337402,-75.5064926147,2.29819059372,22.9512557983,-46.2928123474,15.8890333176,-19.1569004059,22.9384555817,-1.52681350708,25.6285419464,8.33267784119,102.891830444]],"icov":[[0.000132476139697,-0.000322661915561,0.000218840301386,-0.000406016217312,0.000204629162909,-0.00017888918228,0.000377455144189,-0.00026907667052,0.000530298275407,-0.000499427260365,0.000715375703294,-0.000647452252451,0.000460212933831],[-0.000322661915561,0.00251261261292,-0.000701396085788,0.00146585528273,-0.00134898547549,0.00118300772738,-0.00171331618913,0.00200261967257,-0.00217935210094,0.00322933890857,-0.00373209710233,0.00393893383443,-0.00220428779721],[0.000218840301386,-0.000701396085788,0.00202664011158,-0.00109649833757,0.000254937593127,-0.00205799913965,0.000787341734394,-0.000172564570676,0.00150927016512,-0.00174556009006,0.00251354952343,-0.00202247384004,0.00106534641236],[-0.000406016217312,0.00146585528273,-0.00109649833757,0.00534775666893,-0.00137432746124,0.000198184687179,-0.00106807658449,0.00113903440069,-0.00219253310934,0.00202362681739,-0.00297752092592,0.00321779283695,-0.00218876660801],[0.000204629162909,-0.00134898547549,0.000254937593127,-0.00137432746124,0.00454691285267,0.00042324475362,-0.00103898590896,-0.00220136414282,-0.000377398537239,-0.000993360765278,0.00245493440889,-0.00202827551402,0.00113878573757],[-0.00017888918228,0.00118300772738,-0.00205799913965,0.000198184687179,0.00042324475362,0.00736748008057,-0.0018919572467,-0.000290613388643,-0.00126593362074,0.000113246511319,-0.000942796294112,0.00207841722295,0.000215346721234],[0.000377455144189,-0.00171331618913,0.000787341734394,-0.00106807658449,-0.00103898590896,-0.0018919572467,0.00781578198075,-0.00254132715054,0.00351527938619,-0.00309408223256,0.000892024836503,-0.000909568159841,0.00063090887852],[-0.00026907667052,0.00200261967257,-0.000172564570676,0.00113903440069,-0.00220136414282,-0.000290613388643,-0.00254132715054,0.0112140243873,-0.0051235514693,0.00350816757418,-0.0022911997512,-0.000360823149094,0.00104819110129],[0.000530298275407,-0.00217935210094,0.00150927016512,-0.00219253310934,-0.000377398537239,-0.00126593362074,0.00351527938619,-0.0051235514693,0.0160128679127,-0.00617176759988,0.00324175646529,-0.00175211357418,-0.000820566317998],[-0.000499427260365,0.00322933890857,-0.00174556009006,0.00202362681739,-0.000993360765278,0.000113246511319,-0.00309408223256,0.00350816757418,-0.00617176759988,0.0157919432968,-0.00708300666884,0.00406389730051,-0.0025797013659],[0.000715375703294,-0.00373209710233,0.00251354952343,-0.00297752092592,0.00245493440889,-0.000942796294112,0.000892024836503,-0.0022911997512,0.00324175646529,-0.00708300666884,0.0188177227974,-0.00875239446759,0.00250489381142],[-0.000647452252451,0.00393893383443,-0.00202247384004,0.00321779283695,-0.00202827551402,0.00207841722295,-0.000909568159841,-0.000360823149094,-0.00175211357418,0.00406389730051,-0.00875239446759,0.0181462876499,-0.0059850900434],[0.000460212933831,-0.00220428779721,0.00106534641236,-0.00218876660801,0.00113878573757,0.000215346721234,0.00063090887852,0.00104819110129,-0.000820566317998,-0.0025797013659,0.00250489381142,-0.0059850900434,0.0146866831928]],"mean":[-48.8218345642,122.55456543,-126.351097107,20.0425376892,-45.9379310608,-4.31544542313,-41.3162460327,3.62649178505,-22.4616394043,-6.85692691803,-16.5320796967,-6.53585195541,-16.5027980804]},"hfc":{"dmean":4.11979341507,"dmean2":5.92085409164,"dvar":45.2003707886,"dvar2":95.7050323486,"max":155.217880249,"mean":15.04408741,"median":10.9637422562,"min":1.13108240209e-16,"var":199.438903809},"melbands":{"dmean":[0.000447449536296,0.000989645486698,0.00127795536537,0.000385327322874,0.000205095668207,0.00020371026767,0.000181898547453,0.000112061243271,0.000103870574094,0.0000539393549843,0.0000414697351516,0.0000277273447864,0.0000302987773466,0.0000284683974314,0.0000255124432442,0.0000210284651985,0.0000218396689888,0.0000152432839968,0.0000150091309479,0.0000164560951816,0.0000269676365861,0.0000188479298231,0.000011778469343,0.0000157853392011,0.00000884587188921,0.00000442802001999,0.000002143434358,0.00000103538388885,8.80676338966e-7,7.06735136191e-7,5.92745664107e-7,6.01338967954e-7,5.17179330473e-7,4.44471339733e-7,4.0062758444e-7,2.87948353161e-7,2.01864807536e-7,1.70204387473e-7,1.52359277195e-7,1.39544340527e-7],"dmean2":[0.000735918001737,0.00162442459259,0.00204205443151,0.000646074186079,0.000321329629514,0.000318006175803,0.000278379768133,0.000173692169483,0.000157491973368,0.000083315273514,0.0000619807178737,0.0000429056963185,0.0000470475242764,0.0000438628667325,0.0000396618452214,0.0000331720984832,0.0000332081399392,0.0000235661427723,0.0000233984301303,0.0000254967490037,0.0000426129518019,0.0000297130154649,0.0000180903407454,0.000024620199838,0.0000137714232551,0.00000669962128086,0.00000325928385791,0.0000016373520566,0.00000141804594023,0.00000113645069177,9.36969854592e-7,9.40711004205e-7,8.16283204585e-7,6.83694736381e-7,6.03844398483e-7,4.49223563237e-7,3.0454299349e-7,2.52769581266e-7,2.27164335342e-7,2.0453074967e-7],"dvar":[0.000001592727358,0.0000052009868341,0.00000942722817854,6.05379398166e-7,1.63623511185e-7,1.35917204602e-7,1.34709821964e-7,5.41666835829e-8,4.92558349663e-8,1.17620375661e-8,7.49533590749e-9,4.11139433609e-9,6.39353192611e-9,5.5216764494e-9,3.71265662658e-9,2.66466027021e-9,1.98581751043e-9,1.03859199019e-9,1.01618224946e-9,1.46062739681e-9,8.27569301975e-9,3.8800509472e-9,1.02793107359e-9,2.62997357225e-9,1.12483578008e-9,1.12628094351e-10,2.60565805044e-11,5.22864087096e-12,4.67695457015e-12,3.19632796793e-12,2.33868176561e-12,2.81681947732e-12,3.25333249923e-12,2.73109052734e-12,2.55102558001e-12,1.75710834771e-12,5.73140656029e-13,3.72991920553e-13,2.3651217161e-13,2.28046016315e-13],"dvar2":[0.00000395750203097,0.0000136007101901,0.0000229483321164,0.00000168587439475,3.91412612544e-7,3.28633035451e-7,3.04191217992e-7,1.27919918214e-7,1.12453783174e-7,2.68273510073e-8,1.68023959191e-8,9.92539472833e-9,1.44391032464e-8,1.28538992783e-8,8.60609183917e-9,6.24935925231e-9,4.48864589941e-9,2.38162023436e-9,2.31541474882e-9,3.26425819708e-9,2.03880112792e-8,9.16266440498e-9,2.17639328781e-9,5.87422332998e-9,3.00269520359e-9,2.33037533715e-10,5.27996153743e-11,1.32001683889e-11,1.14928093084e-11,8.36823926126e-12,6.078598562e-12,6.79723118069e-12,7.27361833958e-12,6.15338205737e-12,5.60422845283e-12,4.20249295432e-12,1.32043312916e-12,9.39495117987e-13,5.04913602248e-13,4.88252450623e-13],"max":[0.0126559780911,0.0318782627583,0.0403163582087,0.0135589325801,0.009785448201,0.0087435208261,0.00759465526789,0.00495056807995,0.00667051505297,0.00334283267148,0.0033513775561,0.00310724391602,0.003493236145,0.0028878103476,0.00222884165123,0.00141759670805,0.00137737242039,0.000940325902775,0.000968281121459,0.00102744088508,0.00372364209034,0.00261980318464,0.0016100393841,0.00210165791214,0.00159690750297,0.000368753011571,0.000364829058526,0.0000480960843561,0.0000868349379743,0.0000263476322289,0.0000376684001822,0.0000878606224433,0.0000825449023978,0.000093955626653,0.0000618859776296,0.0000478235924675,0.0000222615217353,0.0000311253752443,0.0000163319837156,0.0000213085695577],"mean":[0.000429634616012,0.00133082503453,0.00189906533342,0.000668142514769,0.000499910267536,0.000478258152725,0.00038388511166,0.000215147912968,0.000208539146115,0.000110546629003,0.0000858367347973,0.0000546333176317,0.000057281467889,0.000058578527387,0.0000492150393256,0.0000372735521523,0.0000434893154306,0.0000297660008073,0.0000283077679342,0.0000323631611536,0.0000526840085513,0.0000362734972441,0.0000223639781325,0.0000320207655022,0.0000180528531928,0.0000085315286924,0.00000416881266574,0.00000175508807843,0.00000135607115226,0.00000107132825633,9.58083433034e-7,9.40166842156e-7,7.70501685565e-7,6.7594015718e-7,5.9271411601e-7,4.06512896234e-7,2.85976341274e-7,2.48483615906e-7,2.21635488629e-7,1.91314867948e-7],"median":[0.0000966434163274,0.000633114599623,0.00107757118531,0.000376475014491,0.000179202237632,0.000209359175642,0.000175798006239,0.0000961745317909,0.0000941227699514,0.0000530825418537,0.0000442535056209,0.0000252172940236,0.0000200116955966,0.0000185594217328,0.0000183727406693,0.0000145939875438,0.0000191640938283,0.0000120848108054,0.0000105895205706,0.00000965304570855,0.0000127745515783,0.00000967294272414,0.0000068633958108,0.00000706978926246,0.00000464011782242,0.00000235921220337,0.00000130362923301,7.68422182773e-7,5.49620608581e-7,3.1873847206e-7,2.33576358255e-7,2.08185866768e-7,1.29727141029e-7,1.11723515772e-7,9.63546824551e-8,6.08674213254e-8,4.62753888542e-8,4.40132836843e-8,3.85028862127e-8,2.91197501667e-8],"min":[3.10436842715e-24,3.94229884725e-24,6.65402280288e-24,1.38105042484e-23,2.04880003964e-23,7.09920777727e-24,4.83036295561e-24,7.42553586793e-24,5.01109808874e-24,3.53178588737e-24,1.62263245064e-23,1.45770814108e-23,7.87012761892e-24,6.70981341268e-24,6.01922012156e-24,4.96313574014e-24,9.96469058408e-24,1.5035692009e-23,1.4502076516e-23,1.50150033429e-23,6.61329588649e-24,8.5805528732e-24,8.74197116935e-24,1.23813880553e-23,1.20816035564e-23,9.52724670175e-24,1.02868613778e-23,1.19251258961e-23,1.6006667765e-23,1.39082157156e-23,1.59663112188e-23,8.33141797756e-24,5.31616203928e-24,1.1054993385e-23,1.01145173581e-23,8.43810115979e-24,8.45506009153e-24,9.07002134337e-24,1.38900750702e-23,1.16931960568e-23],"var":[0.00000133988248763,0.00000461988383904,0.0000108119011202,8.72593602708e-7,6.24614642675e-7,4.82965390347e-7,3.493896088e-7,1.23221227e-7,1.26961325009e-7,3.13483532466e-8,1.83921287089e-8,8.54275050699e-9,1.57842574566e-8,1.7543683839e-8,9.70947588996e-9,5.5890505557e-9,6.38556452159e-9,2.62958610442e-9,2.41489894748e-9,4.22957269208e-9,1.79143047063e-8,8.72856809053e-9,2.78618994543e-9,1.00014752036e-8,2.63050670135e-9,3.47066625439e-10,1.14824622033e-10,8.45471088973e-12,6.35389397347e-12,4.07436757943e-12,3.45782820779e-12,4.47206941617e-12,5.10310804031e-12,4.8226223362e-12,4.46784753291e-12,2.55359709073e-12,8.29677472558e-13,4.38973374794e-13,3.7576783048e-13,3.58240455529e-13]},"melbands_crest":{"dmean":3.12178611755,"dmean2":4.96931266785,"dvar":10.0721578598,"dvar2":24.1424312592,"max":33.8816490173,"mean":14.0603752136,"median":13.1530656815,"min":2.05309534073,"var":28.9451160431},"melbands_flatness_db":{"dmean":0.0258421674371,"dmean2":0.0382700711489,"dvar":0.000790581456386,"dvar2":0.00174640212208,"max":0.544624269009,"mean":0.23348133266,"median":0.22518388927,"min":0.00690221926197,"var":0.00431171199307},"melbands_kurtosis":{"dmean":6.19231891632,"dmean2":9.7485704422,"dvar":127.889205933,"dvar2":301.713806152,"max":265.077087402,"mean":11.7953872681,"median":6.75169420242,"min":-1.87014818192,"var":276.103820801},"melbands_skewness":{"dmean":0.669999837875,"dmean2":1.01850199699,"dvar":0.634306848049,"dvar2":1.43814575672,"max":12.2880077362,"mean":2.52429008484,"median":2.30656409264,"min":-1.70980203152,"var":2.10413527489},"melbands_spread":{"dmean":5.55109834671,"dmean2":8.54399490356,"dvar":62.2207946777,"dvar2":134.253143311,"max":194.034393311,"mean":20.5229053497,"median":16.6239356995,"min":0.622038066387,"var":248.754714966},"mfcc":{"cov":[[9675.79199219,50.2604255676,-375.67880249,372.402893066,80.830406189,-40.8950767517,-231.365814209,83.9421539307,-158.254226685,-110.818099976,12.0959310532,-122.325737,54.281085968],[50.2604255676,1690.05322266,-512.217224121,206.757110596,38.2140274048,-72.8220214844,103.757804871,-10.3950662613,21.9719142914,8.83265113831,-22.4783496857,14.2555170059,-5.73559617996],[-375.67880249,-512.217224121,1073.96166992,-117.186767578,59.8459014893,220.858062744,30.2801265717,5.26480960846,1.50879251957,25.2083492279,2.75895428658,-38.6459312439,-11.1613054276],[372.402893066,206.757110596,-117.186767578,294.299591064,65.8668136597,13.1674432755,45.7241477966,10.9281158447,37.0813369751,14.9648351669,-10.041967392,11.4409294128,18.6655883789],[80.830406189,38.2140274048,59.8459014893,65.8668136597,227.573150635,33.3583984375,0.82204157114,40.2809410095,50.1448059082,26.9663124084,1.03667163849,15.6331634521,4.17195653915],[-40.8950767517,-72.8220214844,220.858062744,13.1674432755,33.3583984375,186.539993286,62.6141166687,-5.22622871399,28.4430007935,33.2537574768,9.51522922516,3.19840669632,-3.67830824852],[-231.365814209,103.757804871,30.2801265717,45.7241477966,0.82204157114,62.6141166687,171.207199097,45.0956802368,30.4604167938,34.5759315491,20.4169788361,22.5855808258,2.05007624626],[83.9421539307,-10.3950662613,5.26480960846,10.9281158447,40.2809410095,-5.22622871399,45.0956802368,134.757659912,33.8700561523,-2.44545459747,23.006111145,21.2713527679,1.50406229496],[-158.254226685,21.9719142914,1.50879251957,37.0813369751,50.1448059082,28.4430007935,30.4604167938,33.8700561523,122.202468872,44.790309906,-5.61366510391,22.3974437714,1.89480853081],[-110.818099976,8.83265113831,25.2083492279,14.9648351669,26.9663124084,33.2537574768,34.5759315491,-2.44545459747,44.790309906,102.54434967,26.7553901672,0.775763213634,-2.53211021423],[12.0959310532,-22.4783496857,2.75895428658,-10.041967392,1.03667163849,9.51522922516,20.4169788361,23.006111145,-5.61366510391,26.7553901672,99.4303817749,27.1097831726,-12.0612564087],[-122.325737,14.2555170059,-38.6459312439,11.4409294128,15.6331634521,3.19840669632,22.5855808258,21.2713527679,22.3974437714,0.775763213634,27.1097831726,100.25164032,22.1427955627],[54.281085968,-5.73559617996,-11.1613054276,18.6655883789,4.17195653915,-3.67830824852,2.05007624626,1.50406229496,1.89480853081,-2.53211021423,-12.0612564087,22.1427955627,85.2874755859]],"icov":[[0.000128130021039,0.00000736094489184,0.0000574365185457,-0.000202786177397,-0.00000125935548567,-0.000159528906806,0.000273191340966,-0.000228089425946,0.000207276694709,0.0000360126905434,-0.0000872634773259,0.000192795123439,-0.000104449849459],[0.00000736094489184,0.000788812001701,0.00034356105607,-0.000312140007736,-0.000241539004492,0.000164285840583,-0.000641605933197,0.000303631735733,0.0000621182844043,0.0000665989646222,0.000174439192051,0.0000723248667782,0.000197094268515],[0.0000574365185457,0.00034356105607,0.00157173909247,0.00043199036736,-0.000447456084657,-0.00176553544588,0.0000134672918648,-0.000266193179414,0.000393616384827,0.0000521578331245,0.000116651535791,0.000662880192976,-0.00011499170796],[-0.000202786177397,-0.000312140007736,0.00043199036736,0.00470029935241,-0.00124904664699,-0.000203548872378,-0.00144763686694,0.000747960235458,-0.00100551219657,0.000248724012636,0.00033587377402,0.0000903099789866,-0.000736376503482],[-0.00000125935548567,-0.000241539004492,-0.000447456084657,-0.00124904664699,0.0058108237572,-0.000810869329143,0.00184334954247,-0.00199825200252,-0.00105033069849,-0.00126965332311,0.000439097027993,-0.000769130361732,0.000118497737276],[-0.000159528906806,0.000164285840583,-0.00176553544588,-0.000203548872378,-0.000810869329143,0.00924777053297,-0.00351266935468,0.00249947560951,-0.00158073531929,-0.000441771553596,-0.0004507858539,-0.000408093066653,0.000469144491944],[0.000273191340966,-0.000641605933197,0.0000134672918648,-0.00144763686694,0.00184334954247,-0.00351266935468,0.00987314991653,-0.00415536016226,0.000770022394136,-0.00252379616722,-0.0000908953588805,-0.00101904850453,-0.000144463891047],[-0.000228089425946,0.000303631735733,-0.000266193179414,0.000747960235458,-0.00199825200252,0.00249947560951,-0.00415536016226,0.01114286948,-0.00377854797989,0.00347171211615,-0.0029070454184,-0.0000738251765142,-0.000128947125631],[0.000207276694709,0.0000621182844043,0.000393616384827,-0.00100551219657,-0.00105033069849,-0.00158073531929,0.000770022394136,-0.00377854797989,0.0133511032909,-0.00614102184772,0.0040800855495,-0.00291295093484,0.00102949712891],[0.0000360126905434,0.0000665989646222,0.0000521578331245,0.000248724012636,-0.00126965332311,-0.000441771553596,-0.00252379616722,0.00347171211615,-0.00614102184772,0.0152427479625,-0.00560338888317,0.00306543847546,-0.00102286878973],[-0.0000872634773259,0.000174439192051,0.000116651535791,0.00033587377402,0.000439097027993,-0.0004507858539,-0.0000908953588805,-0.0029070454184,0.0040800855495,-0.00560338888317,0.0143338153139,-0.00496623991057,0.00308098644018],[0.000192795123439,0.0000723248667782,0.000662880192976,0.0000903099789866,-0.000769130361732,-0.000408093066653,-0.00101904850453,-0.0000738251765142,-0.00291295093484,0.00306543847546,-0.00496623991057,0.0137008149177,-0.00410870928317],[-0.000104449849459,0.000197094268515,-0.00011499170796,-0.000736376503482,0.000118497737276,0.000469144491944,-0.000144463891047,-0.000128947125631,0.00102949712891,-0.00102286878973,0.00308098644018,-0.00410870928317,0.0134202716872]],"mean":[-687.050842285,154.592437744,-17.6087017059,23.5994949341,8.19572925568,-4.90211772919,-7.34118318558,0.995988845825,-5.17707395554,-3.80619883537,0.215042695403,-2.84878993034,-4.79891014099]},"pitch_salience":{"dmean":0.0674195960164,"dmean2":0.109079390764,"dvar":0.00452156225219,"dvar2":0.0115480562672,"max":0.861532926559,"mean":0.534606695175,"median":0.5397824049,"min":0.112367279828,"var":0.011423677206},"silence_rate_20dB":{"dmean":0,"dmean2":0,"dvar":0,"dvar2":0,"max":1,"mean":1,"median":1,"min":1,"var":0},"silence_rate_30dB":{"dmean":0.00257997936569,"dmean2":0.00516040250659,"dvar":0.00257332297042,"dvar2":0.00771397398785,"max":1,"mean":0.998710095882,"median":1,"min":0,"var":0.00128821493126},"silence_rate_60dB":{"dmean":0.0257997941226,"dmean2":0.0516040250659,"dvar":0.02513416484,"dvar2":0.0558215864003,"max":1,"mean":0.0959669798613,"median":0,"min":0,"var":0.0867573171854},"spectral_centroid":{"dmean":197.925064087,"dmean2":302.400024414,"dvar":61444.9179688,"dvar2":127592.101562,"max":11093.8554688,"mean":1102.31799316,"median":995.629638672,"min":163.575790405,"var":361866.84375},"spectral_complexity":{"dmean":2.87908506393,"dmean2":4.38548183441,"dvar":11.2112140656,"dvar2":23.3054332733,"max":49,"mean":16.8746242523,"median":16,"min":0,"var":79.6936264038},"spectral_contrast_coeffs":{"dmean":[0.0513049252331,0.043224170804,0.0373377911747,0.0320182517171,0.0251579005271,0.0183432828635],"dmean2":[0.082688651979,0.0697729438543,0.0583225525916,0.0503159724176,0.0387786440551,0.0288197807968],"dvar":[0.00203926605172,0.00132809067145,0.00101918482687,0.000752234540414,0.000516214640811,0.000331955641741],"dvar2":[0.00501290243119,0.00333487638272,0.00246623833664,0.00175564165693,0.00113983976189,0.000787668628618],"max":[-0.298921436071,-0.420892626047,-0.471188664436,-0.540623366833,-0.520312905312,-0.609470427036],"mean":[-0.581590175629,-0.714698553085,-0.744692325592,-0.757607996464,-0.746790111065,-0.77484858036],"median":[-0.580497920513,-0.717518866062,-0.747366428375,-0.758565545082,-0.749405562878,-0.774205029011],"min":[-0.970494151115,-0.966223657131,-0.965254366398,-0.95555716753,-0.955002427101,-0.961278915405],"var":[0.00894379336387,0.00550828455016,0.00418288540095,0.00329259852879,0.00368271418847,0.00170939404052]},"spectral_contrast_valleys":{"dmean":[0.466432332993,0.345999449492,0.357109487057,0.334020882845,0.315503060818,0.382765293121],"dmean2":[0.703615903854,0.551897227764,0.559324324131,0.509266734123,0.450057148933,0.4713755548],"dvar":[0.197424456477,0.104903236032,0.124167375267,0.116730079055,0.125199854374,0.244969204068],"dvar2":[0.369490027428,0.238045528531,0.275570213795,0.242987290025,0.239438891411,0.424329847097],"max":[-5.29612731934,-4.7651386261,-5.54120206833,-6.00288105011,-5.91625118256,-7.9743309021],"mean":[-7.82680511475,-6.84671878815,-7.75344848633,-8.11629581451,-8.2893371582,-11.1965732574],"median":[-7.55212116241,-6.6281504631,-7.51130580902,-7.85715103149,-8.04888248444,-10.9954690933],"min":[-27.4685840607,-27.3443584442,-27.1675548553,-27.3825511932,-27.5111732483,-27.1690998077],"var":[1.91949975491,1.66013169289,1.62565469742,1.67935013771,1.6830701828,1.9275841713]},"spectral_decrease":{"dmean":2.2187338633e-9,"dmean2":3.29889560113e-9,"dvar":1.31750399748e-17,"dvar2":3.00087792083e-17,"max":-4.27078395731e-29,"mean":-5.87528647955e-9,"median":-4.80577844186e-9,"min":-4.47467272124e-8,"var":2.52374227641e-17},"spectral_energy":{"dmean":0.00866343453526,"dmean2":0.0128348022699,"dvar":0.000196070177481,"dvar2":0.000443725293735,"max":0.173278093338,"mean":0.0235392376781,"median":0.0193939767778,"min":1.04204408862e-20,"var":0.000393489463022},"spectral_energyband_high":{"dmean":0.00011654242553,"dmean2":0.000166218989762,"dvar":8.74202399359e-8,"dvar2":1.91100141933e-7,"max":0.00783593952656,"mean":0.000205804419238,"median":0.0000680715966155,"min":7.69447687103e-21,"var":1.65804735275e-7},"spectral_energyband_low":{"dmean":0.00559803238139,"dmean2":0.00866917148232,"dvar":0.000120780830912,"dvar2":0.000281099026324,"max":0.113028079271,"mean":0.00817870348692,"median":0.00470467144623,"min":2.44448635881e-23,"var":0.000144400226418},"spectral_energyband_middle_high":{"dmean":0.00134168507066,"dmean2":0.00202323892154,"dvar":0.00000601379815635,"dvar2":0.0000132662626129,"max":0.0575434714556,"mean":0.00460314191878,"median":0.00264369347133,"min":1.59226330634e-21,"var":0.0000279353444057},"spectral_energyband_middle_low":{"dmean":0.0050965314731,"dmean2":0.00791582278907,"dvar":0.0000916503922781,"dvar2":0.000222275950364,"max":0.156723067164,"mean":0.0135171795264,"median":0.0103200636804,"min":2.58982075929e-22,"var":0.000169660692336},"spectral_entropy":{"dmean":0.178523421288,"dmean2":0.253139644861,"dvar":0.0414537750185,"dvar2":0.0819385945797,"max":9.80618286133,"mean":7.16694259644,"median":7.19812965393,"min":4.90745306015,"var":0.232462257147},"spectral_flux":{"dmean":0.0265059862286,"dmean2":0.0394002608955,"dvar":0.00105914764572,"dvar2":0.00221591023728,"max":0.338358223438,"mean":0.0712591558695,"median":0.0595733039081,"min":1.02080559283e-10,"var":0.00262392405421},"spectral_kurtosis":{"dmean":3.15454435349,"dmean2":5.29932165146,"dvar":14.176071167,"dvar2":39.4251022339,"max":66.8387374878,"mean":8.09976005554,"median":6.61247253418,"min":-1.19351732731,"var":31.5118083954},"spectral_rms":{"dmean":0.000776550790761,"dmean2":0.00110304635018,"dvar":0.000001035850687,"dvar2":0.00000212340842154,"max":0.0130019923672,"mean":0.00435106176883,"median":0.00434982217848,"min":3.18846099696e-12,"var":0.00000403337207899},"spectral_rolloff":{"dmean":352.308990479,"dmean2":581.513183594,"dvar":397230.28125,"dvar2":865095.625,"max":18195.5566406,"mean":1247.87768555,"median":968.994140625,"min":107.666015625,"var":1116984.125},"spectral_skewness":{"dmean":0.321051567793,"dmean2":0.524793565273,"dvar":0.110486440361,"dvar2":0.293853104115,"max":6.29386854172,"mean":1.90742623806,"median":1.81588613987,"min":-0.00793967861682,"var":0.357123315334},"spectral_spread":{"dmean":508465.28125,"dmean2":697123.75,"dvar":549066211328,"dvar2":902043402240,"max":40158992,"mean":3512707,"median":3194620,"min":1025982.8125,"var":2384923721730},"spectral_strongpeak":{"dmean":0.509738326073,"dmean2":0.873248577118,"dvar":1.38630747795,"dvar2":3.46747255325,"max":18.4422664642,"mean":0.969550490379,"median":0.526678204536,"min":0,"var":2.54674291611},"zerocrossingrate":{"dmean":0.0076108132489,"dmean2":0.00912023894489,"dvar":0.000103654034319,"dvar2":0.000128415544168,"max":0.5107421875,"mean":0.0478213317692,"median":0.04345703125,"min":0.00634765625,"var":0.000901906110812}},"metadata":{"audio_properties":{"analysis_sample_rate":44100,"bit_rate":0,"codec":"flac","downmix":"mix","equal_loudness":0,"length":270,"lossless":true,"md5_encoded":"28c38f0e9c44b40c04bb8e0abbb4306b","replay_gain":-8.31247901917},"tags":{"acoustid_id":["3a6eaf36-18d5-4659-a14f-f565b7575c7e"],"album":["Communiqué"],"albumartist":["Dire Straits"],"albumartistsort":["Dire Straits"],"artist":["Dire Straits"],"artists":["Dire Straits"],"artistsort":["Dire Straits"],"asin":["B00000IHE3"],"barcode":["042280005221"],"catalognumber":["800 052-2"],"composer":["Mark Knopfler"],"composersort":["Knopfler, Mark"],"date":["1987"],"discnumber":["1"],"disctotal":["1"],"engineer":["Jack Nuber"],"file_name":"06 Angel of Mercy.flac","genre":["Guitar"],"grouping":["Classic Rock"],"isrc":["GBF087900200","GBF087900663"],"label":["Vertigo"],"language":["eng"],"lyricist":["Mark Knopfler"],"media":["CD"],"mixer":["Gregg Hamm"],"mood":["Calm; Mellow"],"musicbrainz_albumartistid":["614e3804-7d34-41ba-857f-811bad7c2b7a"],"musicbrainz_albumid":["6a5af99a-5856-35d9-a87e-4edaeb0bd698"],"musicbrainz_artistid":["614e3804-7d34-41ba-857f-811bad7c2b7a"],"musicbrainz_recordingid":["a9d6cd64-150b-4e9e-8890-98d0be3421d8"],"musicbrainz_releasegroupid":["7e1ada24-6fb0-3b23-a671-9cdaf865c515"],"musicbrainz_releasetrackid":["c9f9f610-6dab-358c-bb5c-db6bdebef052"],"musicbrainz_workid":["9b6709bc-6e62-4a55-8d1f-ed92849bfea0"],"originaldate":["1979-04"],"originalyear":["1987"],"producer":["Barry Beckett","Jerry Wexler"],"releasecountry":["GB"],"releasestatus":["official"],"releasetype":["album"],"replaygain_album_gain":["-0.15 dB"],"replaygain_album_peak":["0.898407"],"replaygain_track_gain":["-2.22 dB"],"replaygain_track_peak":["0.830475"],"script":["Latn"],"title":["Angel of Mercy"],"totaldiscs":["1"],"totaltracks":["9"],"tracknumber":["6"],"tracktotal":["9"],"work":["Angel of Mercy"],"writer":["Mark Knopfler"]},