{"lowlevel":{"average_loudness":0.978245198727,"barkbands":{"dmean":[0.000168870872585,0.00518374098465,0.00382706429809,0.0035495441407,0.0043016038835,0.00143780990038,0.00103339890484,0.000699359341525,0.00086474372074,0.00102101359516,0.000501464761328,0.000479506648844,0.000422003213316,0.00066393869929,0.000445279292762,0.000305483466946,0.000359540659701,0.000201681541512,0.000153673405293,0.000117616786156,0.0000904729604372,0.0000970317269093,0.0000711793836672,0.0000364744410035,0.0000209891259146,0.00000983111385722,0.00000206267736758],"dmean2":[0.000287952803774,0.008505044505,0.00654549850151,0.00609029829502,0.00720918411389,0.00238546798937,0.0016990249278,0.00116396159865,0.00138447480276,0.00163653993513,0.000785351847298,0.000751989427954,0.000665380619466,0.00104798399843,0.000714604277164,0.000483967451146,0.000577229133341,0.000328389578499,0.000249057862675,0.000184067626833,0.000140605203342,0.000145847036038,0.000103743070213,0.0000536229417776,0.0000305966241285,0.0000142480530485,0.00000318206207339],"dvar":[9.14402420449e-8,0.0000570259689994,0.0000360292142432,0.0000214828178287,0.0000360714548151,0.00000378784534405,0.00000266627444034,0.00000144594093854,0.00000247845377999,0.00000412059489463,0.0000013151998246,8.50093329063e-7,8.07182175322e-7,0.00000159187129611,8.82650510903e-7,4.27941500902e-7,2.82254006834e-7,1.24764838461e-7,5.2552358909e-8,3.31812941567e-8,2.55902605772e-8,5.00569399264e-8,3.94167081197e-8,5.23798382446e-9,2.91686963472e-9,7.54090845323e-10,6.55499751701e-11],"dvar2":[2.43401728994e-7,0.0001433739817,0.0000984472571872,0.0000589104965911,0.0000962092672125,0.0000103896763903,0.00000705388993083,0.00000372264571524,0.00000597327243668,0.0000109944403448,0.0000031647657579,0.00000198179759536,0.00000195355551114,0.00000381782001568,0.00000228993280871,0.00000103208594737,7.01693238625e-7,3.15494844472e-7,1.36008296181e-7,8.17328285052e-8,6.23739495609e-8,1.0400632533e-7,8.22102492748e-8,1.0636788339e-8,5.85682258247e-9,1.58588742138e-9,1.61034546808e-10],"max":[0.00292380899191,0.0644564554095,0.0578004866838,0.0471692346036,0.0670983716846,0.0247895047069,0.0263543594629,0.0214183479548,0.029771130532,0.0406444519758,0.0190742202103,0.0174019131809,0.0166087672114,0.0209596883506,0.0233691018075,0.013906409964,0.0096179516986,0.012169348076,0.00566846551374,0.00323802302592,0.00304465740919,0.00586047954857,0.00513587659225,0.00154931505676,0.00221808091737,0.000683729653247,0.000264549395069],"mean":[0.00016374498955,0.0100382352248,0.00638035032898,0.00504488358274,0.00693836389109,0.00261276680976,0.00167611043435,0.00109358865302,0.00142343086191,0.00183977838606,0.000921839964576,0.00086800113786,0.000749485043343,0.0011712507112,0.000780513917562,0.000601528212428,0.000754598993808,0.000415817892645,0.000345921929693,0.000254835584201,0.000196980807232,0.000209270961932,0.000142046847031,0.0000831510915305,0.0000512806327606,0.0000205221040233,0.00000307915706799],"median":[0.0000583104192629,0.00822134129703,0.004752648063,0.00330720539205,0.00495274504647,0.00183742097579,0.00101789156906,0.000592093449086,0.000699512311257,0.000627288711257,0.000292351614917,0.000385881081456,0.000234973646002,0.00055408582557,0.000358205317752,0.000266995659331,0.000485648371978,0.000264138943749,0.00024854237563,0.000188367368537,0.00015430469648,0.000146235426655,0.0000853879246279,0.0000561743181606,0.0000362341852451,0.0000124316784422,0.00000135405582569],"min":[1.48201263003e-23,6.61661564984e-23,6.83529041712e-23,3.15919607444e-23,4.1451863779e-23,3.74372749017e-23,2.90794987147e-23,5.38693359098e-23,7.37786074358e-23,8.02394997341e-24,4.93025759533e-23,4.99062280952e-23,1.12732527381e-22,1.05397130705e-22,6.26438042042e-23,1.11715325954e-22,8.61007031278e-23,2.6309200338e-22,2.40949902083e-22,3.18749535501e-22,5.55536549167e-22,7.79111796123e-22,7.49994725541e-22,7.49096812504e-22,1.43718198664e-21,1.53388871007e-21,2.00051490493e-21],"var":[8.52241512916e-8,0.0000704564081389,0.0000389968045056,0.0000267370487563,0.0000448237260571,0.00000655989515508,0.00000415272825194,0.00000265784774456,0.00000486608314532,0.0000109615966721,0.00000382350572181,0.00000220972401621,0.0000021862081212,0.00000350981235897,0.00000191744538824,0.00000133466687657,8.12893858892e-7,3.04065792989e-7,1.19515391361e-7,6.82982204125e-8,4.03650304293e-8,1.00161976491e-7,7.28654256932e-8,1.16962031171e-8,7.35899829962e-9,1.42929013069e-9,6.64076016399e-11]},"barkbands_crest":{"dmean":2.29782056808,"dmean2":3.88518643379,"dvar":5.048869133,"dvar2":13.7804880142,"max":26.9697685242,"mean":9.06973648071,"median":8.32638931274,"min":2.9915201664,"var":13.68907547},"barkbands_flatness_db":{"dmean":0.0179527439177,"dmean2":0.0280778482556,"dvar":0.000367978587747,"dvar2":0.000777434790507,"max":0.65659070015,"mean":0.135003909469,"median":0.115732677281,"min":0.0274566598237,"var":0.00657541258261},"barkbands_kurtosis":{"dmean":33.1696548462,"dmean2":43.0440292358,"dvar":114355.921875,"dvar2":178834.796875,"max":12875,"mean":90.0909957886,"median":2.10060405731,"min":-1.71010553837,"var":663708.375},"barkbands_skewness":{"dmean":0.676906049252,"dmean2":1.00256335735,"dvar":6.17009449005,"dvar2":8.97231197357,"max":108.37121582,"mean":2.67707848549,"median":1.58267080784,"min":-2.12373113632,"var":73.9645767212},"barkbands_spread":{"dmean":4.53903865814,"dmean2":7.12981557846,"dvar":27.9141731262,"dvar2":64.9476242065,"max":84.4818954468,"mean":20.3578739166,"median":19.9865036011,"min":0.0390104316175,"var":103.316543579},"dissonance":{"dmean":0.0153826260939,"dmean2":0.0265620462596,"dvar":0.000279079540633,"dvar2":0.000869426061399,"max":0.5,"mean":0.472191482782,"median":0.479061841965,"min":0.111429952085,"var":0.001020032214},"dynamic_complexity":1.75338685513,"erbbands":{"dmean":[0.123301781714,1.29601752758,3.82524204254,8.35006141663,16.5952033997,12.4428958893,10.4092845917,13.0621557236,13.9278030396,15.2557468414,13.8510494232,16.7574920654,37.5088615417,18.8385715485,17.613910675,18.6247959137,17.5789928436,29.9479427338,22.3213005066,22.0106563568,15.1635227203,18.3767910004,11.9401540756,8.10784435272,6.82996034622,5.67216968536,4.10193824768,3.44133090973,3.52410984039,2.93323731422,1.95755922794,1.03694009781,0.483040511608,0.250173270702,0.158539265394,0.0561927594244,0.016845498234,0.00318376673386,0.000369646091713,0.0000229390025197],"dmean2":[0.202681019902,2.15003848076,6.47162103653,14.3080749512,28.1123199463,20.7478733063,17.2442760468,21.7496490479,22.678691864,25.5953445435,22.9771461487,27.0593204498,59.9775505066,29.8156051636,27.021484375,29.2736415863,27.2564659119,47.5853881836,35.1556892395,35.1064109802,23.6039638519,29.3438148499,19.0812759399,13.075627327,10.8814105988,8.94054985046,6.40662384033,5.31090307236,5.3605093956,4.39187717438,2.86402511597,1.52268600464,0.706388533115,0.364184707403,0.236907675862,0.0810905992985,0.0248701963574,0.00482107745484,0.000555162318051,0.0000352690658474],"dvar":[0.043119430542,3.34470272064,35.04737854,121.471221924,715.34967041,244.76612854,196.071273804,404.447235107,489.004089355,680.574584961,561.99432373,917.166503906,5813.39306641,1534.72363281,1256.26513672,1474.1114502,1333.67419434,3505.15063477,1424.3536377,3742.68432617,762.999816895,705.227661133,445.162475586,129.78717041,127.835334778,82.8913269043,41.3097839355,51.1702384949,60.0461959839,67.4956665039,26.1973056793,4.71886205673,0.896017372608,0.311810672283,0.20942685008,0.0320333726704,0.00188829493709,0.000122572630062,0.000002085049573,3.55510865191e-9],"dvar2":[0.11019179225,8.57176208496,93.2428436279,337.723480225,1900.52966309,672.351745605,556.911804199,1096.5637207,1263.68481445,1822.84326172,1470.56591797,2288.85375977,15343.1787109,3832.73583984,2800.98510742,3481.83032227,3244.96704102,8445.18457031,3427.52832031,10501.6259766,1800.95202637,1728.27258301,1124.92907715,333.282226562,332.544647217,204.633834839,103.744155884,118.417610168,126.150344849,146.69593811,52.3526802063,9.28991794586,1.87046134472,0.624058663845,0.43521052599,0.0676176026464,0.00402909470722,0.000295174977509,0.00000509442998009,8.47145020799e-9],"max":[1.87801814079,15.6197433472,53.9482917786,111.887397766,298.932159424,245.042282104,241.993103027,292.065338135,360.428527832,418.670776367,441.763946533,587.656860352,1609.22924805,885.920654297,692.137878418,894.33782959,902.922363281,1054.40258789,751.841918945,1300.95324707,771.006896973,555.433044434,809.04095459,266.605041504,250.00050354,186.90826416,136.020889282,161.591262817,228.29246521,209.574798584,161.616317749,52.5152359009,19.8034801483,21.5494384766,16.5819358826,5.78167629242,0.816495716572,0.298832118511,0.0470696091652,0.00184523686767],"mean":[0.207749769092,2.54769039154,6.86916017532,14.0698404312,21.1499938965,21.8494434357,19.7669963837,22.3755626678,24.571105957,24.555803299,22.822057724,30.0145206451,69.9490814209,37.1100273132,36.7440795898,35.5519866943,34.478969574,56.70936203,44.5397148132,43.8680648804,34.1604347229,40.3050918579,26.2740840912,18.6454048157,15.4827518463,12.3517618179,8.95013713837,7.46458768845,7.48223733902,5.8338842392,3.93873047829,2.20786738396,1.11431479454,0.603686988354,0.358950167894,0.117737613618,0.0341496504843,0.0055940230377,0.000578605104238,0.0000721317774151],"median":[0.160963103175,2.06890201569,4.99838352203,10.7942066193,12.6115961075,16.5987415314,14.218003273,14.3356800079,15.6244802475,13.7702722549,13.528632164,17.2589836121,24.0781764984,15.6137571335,14.3624811172,16.9504127502,13.3977241516,26.2151374817,27.857000351,15.0622005463,18.8505496979,27.0184459686,17.0408382416,13.8397893906,10.86419487,9.21610164642,7.11615467072,5.68398571014,5.32296991348,3.57171678543,2.42516136169,1.41231203079,0.781841635704,0.427181303501,0.2443023175,0.0710936188698,0.0207873620093,0.00305058294907,0.00026720770984,0.0000612568474025],"min":[2.36135507959e-21,1.37828614137e-20,5.76595422515e-20,1.2151686449e-19,1.07630763827e-19,1.77142809054e-19,2.35006044532e-19,2.48700846753e-19,4.19588373844e-19,5.30567500167e-19,1.35709515702e-18,2.12518395117e-18,4.54486374255e-19,8.69713722663e-19,2.13295965572e-18,2.04958936255e-18,3.89930500575e-18,3.60497760019e-18,6.88529342739e-18,2.94855456982e-18,7.27167280024e-18,5.64248888503e-18,1.11313488236e-17,1.41298876431e-17,1.33881779489e-17,1.54759024056e-17,2.29893840872e-17,2.11926766592e-17,2.15040224786e-17,2.8549510185e-17,2.03914910245e-17,1.22945194476e-17,1.59597186915e-17,1.28482829533e-17,1.19520426858e-17,5.53361206408e-18,2.99164323511e-18,1.14676990722e-18,2.93637614476e-19,2.95994465299e-20],"var":[0.0444951243699,4.24654626846,40.3562850952,147.194229126,729.609741211,388.073516846,351.92578125,636.023864746,804.601867676,1128.77270508,865.010925293,1714.30957031,16114.2802734,4187.90185547,4411.43945312,3685.20825195,3883.5168457,7864.64257812,3121.96508789,9813.92773438,2387.55639648,2059.76855469,1191.91699219,336.453552246,267.386871338,160.780990601,70.7066268921,81.1867294312,115.4165802,122.035072327,50.7114944458,10.1514081955,1.99024236202,0.793527185917,0.460753262043,0.0617858767509,0.00334537331946,0.000138630886795,0.00000216403509512,4.26785984331e-9]},"erbbands_crest":{"dmean":2.4473938942,"dmean2":4.02377843857,"dvar":5.67013788223,"dvar2":15.0190753937,"max":29.16655159,"mean":8.38903808594,"median":7.30799722672,"min":2.15919446945,"var":17.1090965271},"erbbands_flatness_db":{"dmean":0.0119845420122,"dmean2":0.0177775789052,"dvar":0.000126554921735,"dvar2":0.000274759018794,"max":0.392026543617,"mean":0.136638894677,"median":0.132205426693,"min":0.0276578068733,"var":0.00209053000435},"erbbands_kurtosis":{"dmean":0.627656280994,"dmean2":0.98438835144,"dvar":0.636888027191,"dvar2":1.34779024124,"max":50.8179092407,"mean":0.148557469249,"median":-0.234541893005,"min":-1.79139852524,"var":3.57676815987},"erbbands_skewness":{"dmean":0.304547280073,"dmean2":0.469390183687,"dvar":0.0701211169362,"dvar2":0.168794617057,"max":5.52681064606,"mean":0.206672266126,"median":0.224263831973,"min":-1.99917018414,"var":0.381936103106},"erbbands_spread":{"dmean":7.50072908401,"dmean2":11.4906625748,"dvar":60.1241149902,"dvar2":131.160202026,"max":178.859039307,"mean":41.7880477905,"median":39.1666183472,"min":3.07372093201,"var":433.149230957},"gfcc":{"cov":[[22260.4785156,-376.393035889,-2809.02929688,494.452728271,-771.427307129,225.585281372,-679.929077148,39.9132041931,-417.937591553,29.7669582367,-389.719238281,-46.7119674683,-457.945037842],[-376.393035889,1001.47424316,129.132873535,-186.126403809,65.8782424927,-108.383255005,76.5726165771,-79.5525588989,13.6360912323,-142.868225098,14.4134731293,-80.5520095825,93.1176986694],[-2809.02929688,129.132873535,688.847961426,-76.7783966064,30.2475585938,-48.7316131592,69.4638900757,-33.562286377,33.2440872192,-16.2193908691,19.706659317,6.22719669342,44.2382736206],[494.452728271,-186.126403809,-76.7783966064,189.790420532,-21.6524181366,0.445908457041,-63.8875045776,11.2026166916,19.5990009308,32.8388557434,-8.79839801788,-3.21164393425,-24.6761684418],[-771.427307129,65.8782424927,30.2475585938,-21.6524181366,169.763656616,-12.5006542206,38.2966156006,11.3920240402,33.9506835938,3.06838226318,16.860666275,0.327722787857,34.0112571716],[225.585281372,-108.383255005,-48.7316131592,0.445908457041,-12.5006542206,99.1761627197,34.4259414673,8.65771102905,-30.5186500549,13.288983345,8.56622314453,14.7080631256,-13.9315757751],[-679.929077148,76.5726165771,69.4638900757,-63.8875045776,38.2966156006,34.4259414673,125.690658569,14.9642953873,-14.0685377121,-23.1848297119,24.1308784485,3.34369730949,18.3555107117],[39.9132041931,-79.5525588989,-33.562286377,11.2026166916,11.3920240402,8.65771102905,14.9642953873,72.7307891846,25.994386673,18.378818512,-1.07063150406,15.7082996368,4.36705875397],[-417.937591553,13.6360912323,33.2440872192,19.5990009308,33.9506835938,-30.5186500549,-14.0685377121,25.994386673,84.2753372192,24.4522190094,2.59261918068,-3.84328889847,19.1722564697],[29.7669582367,-142.868225098,-16.2193908691,32.8388557434,3.06838226318,13.288983345,-23.1848297119,18.378818512,24.4522190094,74.6999816895,20.5302467346,15.8887109756,-12.8645553589],[-389.719238281,14.4134731293,19.706659317,-8.79839801788,16.860666275,8.56622314453,24.1308784485,-1.07063150406,2.59261918068,20.5302467346,58.0865211487,24.1704788208,9.82449817657],[-46.7119674683,-80.5520095825,6.22719669342,-3.21164393425,0.327722787857,14.7080631256,3.34369730949,15.7082996368,-3.84328889847,15.8887109756,24.1704788208,56.8034973145,16.0668697357],[-457.945037842,93.1176986694,44.2382736206,-24.6761684418,34.0112571716,-13.9315757751,18.3555107117,4.36705875397,19.1722564697,-12.8645553589,9.82449817657,16.0668697357,63.2952690125]],"icov":[[0.000259750144323,-0.000633334275335,0.000834946811665,-0.000416103110183,0.000516788102686,-0.000314917066135,0.000487223063828,-0.000318824517308,0.000904693908524,-0.00100075511727,0.00197694939561,-0.00149971246719,0.00119535834529],[-0.000633334275335,0.00431641517207,-0.00183382513933,0.00275346450508,-0.00109509553295,0.00218048272654,-0.00110798922833,0.00196234649047,-0.00319298217073,0.00631348416209,-0.00826237630099,0.00810919702053,-0.00584853254259],[0.000834946811665,-0.00183382513933,0.00458222161978,-0.000949005014263,0.00200565671548,0.000300221057842,-0.000288801442366,0.000906483153813,0.00163483654615,-0.00353136099875,0.00677912542596,-0.00551549112424,0.00331061542965],[-0.000416103110183,0.00275346450508,-0.000949005014263,0.00882725976408,-0.00061420747079,0.000262434332399,0.00268700858578,0.00013614607451,-0.00339917442761,0.0031943495851,-0.00584262236953,0.0059106326662,-0.00227211299352],[0.000516788102686,-0.00109509553295,0.00200565671548,-0.00061420747079,0.00870847143233,0.000382661994081,-0.00173791614361,-0.0000726691869204,-0.000685150851496,-0.00292195961811,0.00300408224575,-0.00169024663046,-0.000800967682153],[-0.000314917066135,0.00218048272654,0.000300221057842,0.000262434332399,0.000382661994081,0.0172075629234,-0.00783078558743,0.00169768906198,0.00325889489613,-0.00268521974795,-0.00112930231262,0.000155998379341,-0.0012553849956],[0.000487223063828,-0.00110798922833,-0.000288801442366,0.00268700858578,-0.00173791614361,-0.00783078558743,0.0189564265311,-0.00853393878788,0.00438128365204,0.00545690814033,-0.00597770232707,0.0034559990745,0.000538827676792],[-0.000318824517308,0.00196234649047,0.000906483153813,0.00013614607451,-0.0000726691869204,0.00169768906198,-0.00853393878788,0.0233825165778,-0.0100024025887,-0.00155923061538,0.00441909302026,-0.00581293040887,-0.00099738733843],[0.000904693908524,-0.00319298217073,0.00163483654615,-0.00339917442761,-0.000685150851496,0.00325889489613,0.00438128365204,-0.0100024025887,0.0262085199356,-0.0123278535903,0.00689847348258,0.000464549782919,-0.00235277717002],[-0.00100075511727,0.00631348416209,-0.00353136099875,0.0031943495851,-0.00292195961811,-0.00268521974795,0.00545690814033,-0.00155923061538,-0.0123278535903,0.0345135070384,-0.0228784121573,0.00914371479303,-0.00133209791966],[0.00197694939561,-0.00826237630099,0.00677912542596,-0.00584262236953,0.00300408224575,-0.00112930231262,-0.00597770232707,0.00441909302026,0.00689847348258,-0.0228784121573,0.0490903705359,-0.0291930381209,0.0120598198846],[-0.00149971246719,0.00810919702053,-0.00551549112424,0.0059106326662,-0.00169024663046,0.000155998379341,0.0034559990745,-0.00581293040887,0.000464549782919,0.00914371479303,-0.0291930381209,0.0462356731296,-0.0217673592269],[0.00119535834529,-0.00584853254259,0.00331061542965,-0.00227211299352,-0.000800967682153,-0.0012553849956,0.000538827676792,-0.00099738733843,-0.00235277717002,-0.00133209791966,0.0120598198846,-0.0217673592269,0.0340140387416]],"mean":[26.8833255768,103.369049072,-105.423210144,39.3857536316,-49.7342567444,16.4391784668,-34.6501693726,6.61002492905,-20.9907493591,-0.541994273663,-18.1305007935,-0.253143757582,-10.6291227341]},"hfc":{"dmean":4.87518548965,"dmean2":6.96012115479,"dvar":30.9161682129,"dvar2":60.7945632935,"max":87.2988967896,"mean":26.1317977905,"median":25.0035858154,"min":1.07234007163e-16,"var":198.195861816},"melbands":{"dmean":[0.00128223944921,0.00177032721695,0.00159036309924,0.00105880538467,0.00037594139576,0.000285438378341,0.000213386432733,0.000163070129929,0.00011439807713,0.000119032411021,0.00019018574676,0.0000789691621321,0.0000609204653301,0.0000532485173608,0.0000430807231169,0.0000456441994174,0.0000634873358649,0.0000424553181801,0.0000336016346409,0.0000247760144703,0.000019970610083,0.0000222985891014,0.000015547779185,0.00000865752554091,0.00000729199746274,0.00000569888470636,0.00000480597691421,0.00000396588393414,0.00000287498460239,0.00000234122035181,0.00000214630404116,0.00000211038923226,0.00000205995820579,0.00000160240665537,0.00000121108371332,9.1658432666e-7,5.65565812849e-7,3.54331291419e-7,3.02086505144e-7,2.06153217164e-7],"dmean2":[0.00210694829002,0.00296008493751,0.00271617714316,0.00178580335341,0.000618723686785,0.000473905471154,0.000347623339621,0.000272625184152,0.000189698606846,0.000190085120266,0.000303929060465,0.000125590158859,0.0000937597433222,0.000083111517597,0.0000680323282722,0.0000714925918146,0.000100712706626,0.0000671216403134,0.0000530924262421,0.0000396779760194,0.0000313875898428,0.0000358707839041,0.0000248506457865,0.0000140203383125,0.0000118767511594,0.0000092235604825,0.00000767360870668,0.00000635064998278,0.00000458150998384,0.00000373703937839,0.00000333379102813,0.00000326943722939,0.00000318549655276,0.00000241695897785,0.00000181410052846,0.00000135256220801,8.51628044529e-7,5.26801727574e-7,4.57389234043e-7,3.12251444257e-7],"dvar":[0.00000395651159124,0.00000611829318586,0.00000400366343456,0.00000241635643761,2.29331192259e-7,1.75342307784e-7,1.08532745458e-7,7.6679008032e-8,3.96713204509e-8,4.84716338178e-8,1.4717092256e-7,2.55839260888e-8,1.71997935894e-8,1.07115170067e-8,7.33568983335e-9,9.86466286435e-9,1.61599107429e-8,5.74475667037e-9,5.61814239575e-9,4.29704005711e-9,1.37408284751e-9,1.14535070317e-9,6.33505581327e-10,2.51445031463e-10,1.08836710477e-10,8.96686197516e-11,6.38391423058e-11,4.29835889104e-11,1.89385694627e-11,1.70878172723e-11,2.00819760127e-11,2.03914472113e-11,2.39921381373e-11,2.29005946151e-11,1.15278125587e-11,4.31368525969e-12,1.27056590075e-12,5.08391668607e-13,2.79442349252e-13,2.51882417918e-13],"dvar2":[0.0000101805380837,0.0000159115825227,0.0000109485326902,0.00000643622161078,6.51096911497e-7,4.76038309216e-7,2.83836072867e-7,2.03289076239e-7,1.0441333842e-7,1.18427024631e-7,3.90544300899e-7,6.24230196422e-8,3.8104705169e-8,2.49139873176e-8,1.67150844277e-8,2.36612223148e-8,3.87635736843e-8,1.37924720534e-8,1.43646072814e-8,1.14028972931e-8,3.3179936576e-9,2.86176038422e-9,1.52820300858e-9,6.4199084937e-10,2.84772455617e-10,2.33651098469e-10,1.67074840074e-10,1.07377169656e-10,4.82912876354e-11,4.27506467726e-11,4.61619006908e-11,4.53628835884e-11,5.10817707577e-11,5.16640341619e-11,2.41033373816e-11,8.66275540884e-12,2.64416613605e-12,1.08990138963e-12,5.95739332431e-13,5.13435160273e-13],"max":[0.0178665947169,0.021184425801,0.0172507278621,0.0162079595029,0.00820400007069,0.00568304024637,0.00503926957026,0.00475369719788,0.00370043213479,0.00463853171095,0.00779057526961,0.00357826054096,0.00242133811116,0.00187169271521,0.00169006851502,0.00192155176774,0.00234504579566,0.00180568546057,0.00222373497672,0.00142069684807,0.00107610912528,0.000697700306773,0.00054932263447,0.000565614027437,0.000223203067435,0.000254420447163,0.000209334597457,0.000137728900881,0.0000882447347976,0.0000779681795393,0.000115240145533,0.000137234848808,0.000133616878884,0.000139951211167,0.000103334015876,0.0000580500491196,0.0000258451764239,0.0000150816476889,0.0000105217613964,0.000021821106202],"mean":[0.0024100812152,0.0036725543905,0.00264256470837,0.00157742877491,0.000762285257224,0.000505535048433,0.000375319359591,0.000263273657765,0.000182823816431,0.000203483461519,0.000349570036633,0.000145125872223,0.000122395373182,0.00010109510913,0.000074801268056,0.0000815496241557,0.000112674169941,0.000076404576248,0.0000604060878686,0.000048743084335,0.0000398375414079,0.0000449072649644,0.0000310390278173,0.0000173916014319,0.0000150369314724,0.0000119411597552,0.00000974710110313,0.00000780115624366,0.00000582379061598,0.00000456715224573,0.00000426504493589,0.00000421006598117,0.00000404880802307,0.00000290838625006,0.00000232507181863,0.00000178742027401,0.0000011714566881,7.55144355935e-7,6.78647211316e-7,4.52248542615e-7],"median":[0.00199085054919,0.00299331871793,0.0020951142069,0.00108133605681,0.000577138154767,0.00034105440136,0.000240113047766,0.000144339341205,0.000106175910332,0.000104179380287,0.000115649701911,0.0000579175648454,0.0000416573893744,0.0000435426627519,0.00003428225682,0.0000248579744948,0.0000493690786243,0.0000443529243057,0.0000239200326178,0.0000158842431119,0.0000223874267249,0.0000283127592411,0.000019671057089,0.0000112672350951,0.0000106956294985,0.00000825208917377,0.00000653514825899,0.00000570604333916,0.00000451708137916,0.00000350069103661,0.00000308127982862,0.00000296947132483,0.00000266770393864,0.00000163750530646,0.00000140780957736,0.00000110264375053,7.58085548114e-7,5.07175570874e-7,4.92798051255e-7,3.08177874331e-7],"min":[2.03556248034e-23,2.7183834405e-23,1.97925011793e-23,1.12529170084e-23,7.49349386833e-24,6.87000187467e-24,5.65473443448e-24,6.80966505948e-24,1.19107007856e-23,1.21624026346e-23,1.67116632897e-24,3.02929194315e-24,7.13562317438e-24,6.8388402912e-24,4.1719768831e-24,1.23751497433e-23,5.22696159242e-24,1.3176899058e-23,4.5993604223e-24,4.05634486275e-24,9.7666557313e-24,5.92278937007e-24,5.69386509082e-24,1.40236197552e-23,1.13716602961e-23,8.16735384193e-24,1.14196538048e-23,9.50367869335e-24,1.53927288769e-23,1.05480177248e-23,1.41147063684e-23,1.03295987062e-23,1.86814742136e-23,1.41188005565e-23,1.16675273118e-23,1.03447606128e-23,5.7398363545e-24,1.10391822459e-23,1.07299314161e-23,1.1099394421e-23],"var":[0.00000440495432485,0.00000780196660344,0.00000467528616355,0.00000269423821919,4.8029141908e-7,2.87827646162e-7,1.80783644055e-7,1.39008761835e-7,5.94851776725e-8,9.56059977852e-8,4.08052898138e-7,6.82583092271e-8,5.70966598445e-8,3.09641308149e-8,1.65509845829e-8,2.77662177695e-8,3.56807703383e-8,1.1234410735e-8,1.34772468741e-8,1.31831310313e-8,3.35961036768e-9,3.0408533469e-9,1.72882075322e-9,5.72458025427e-10,2.45045317371e-10,1.72375613783e-10,1.21036264344e-10,7.34340158126e-11,3.19094160817e-11,2.38738404046e-11,3.24162779952e-11,3.56556312253e-11,4.57906872142e-11,3.78621821395e-11,2.07252392331e-11,8.21075239049e-12,2.63655438627e-12,1.03100893708e-12,6.65649881135e-13,5.98966568618e-13]},"melbands_crest":{"dmean":2.83444046974,"dmean2":4.70928192139,"dvar":7.3969783783,"dvar2":18.8624954224,"max":39.9940795898,"mean":13.0962057114,"median":12.0440731049,"min":2.64278244972,"var":25.3607444763},"melbands_flatness_db":{"dmean":0.0227792467922,"dmean2":0.0353414230049,"dvar":0.000506167416461,"dvar2":0.00113663554657,"max":0.645929992199,"mean":0.213119909167,"median":0.193137198687,"min":0.00959861837327,"var":0.00755621027201},"melbands_kurtosis":{"dmean":66.3761367798,"dmean2":101.923965454,"dvar":446129.46875,"dvar2":931928.25,"max":23719.7832031,"mean":135.309555054,"median":9.27389431,"min":-1.37635016441,"var":1501007.75},"melbands_skewness":{"dmean":0.996434986591,"dmean2":1.56642627716,"dvar":14.2715902328,"dvar2":27.978307724,"max":147.52822876,"mean":3.93309259415,"median":2.70648336411,"min":-0.142549902201,"var":98.0698852539},"melbands_spread":{"dmean":5.11603069305,"dmean2":8.08254432678,"dvar":33.0214157104,"dvar2":75.2100524902,"max":160.349090576,"mean":19.1039466858,"median":17.6318302155,"min":0.0368463471532,"var":131.217956543},"mfcc":{"cov":[[9459.42480469,209.604003906,-889.639038086,104.328681946,-49.8586616516,96.991645813,-161.95173645,-30.933555603,-122.504325867,16.2052764893,34.5568618774,21.4101104736,33.8437232971],[209.604003906,871.676940918,48.7963485718,22.9857330322,5.08923530579,-3.41474986076,47.4824371338,36.2148628235,19.016664505,-13.8163824081,-34.4510765076,-27.7873783112,-50.8101654053],[-889.639038086,48.7963485718,449.762237549,19.1703224182,-29.2596569061,2.52725553513,1.59517228603,0.533242702484,-1.40646743774,-24.4261436462,-10.4865255356,-2.18074679375,-21.0296459198],[104.328681946,22.9857330322,19.1703224182,138.58241272,53.2239837646,-13.6596040726,-42.1136856079,-15.9577035904,12.2191009521,10.561829567,-6.57055330276,3.01316595078,7.59456729889],[-49.8586616516,5.08923530579,-29.2596569061,53.2239837646,101.098365784,-1.03506195545,-41.7703971863,-17.6633262634,18.5671443939,14.0787124634,-2.64000797272,-7.72495126724,7.01303005219],[96.991645813,-3.41474986076,2.52725553513,-13.6596040726,-1.03506195545,65.4293899536,30.5086841583,-1.59041702747,-13.9469585419,-5.29870080948,2.71330189705,0.712014973164,-5.16238451004],[-161.95173645,47.4824371338,1.59517228603,-42.1136856079,-41.7703971863,30.5086841583,116.491828918,37.2797317505,-11.7005882263,-15.7726078033,4.27636575699,3.73451018333,-13.299580574],[-30.933555603,36.2148628235,0.533242702484,-15.9577035904,-17.6633262634,-1.59041702747,37.2797317505,61.0857696533,16.6528968811,-6.85478115082,-1.99114048481,-4.16827440262,-6.73824167252],[-122.504325867,19.016664505,-1.40646743774,12.2191009521,18.5671443939,-13.9469585419,-11.7005882263,16.6528968811,58.6928291321,25.206407547,-4.13895177841,-9.53242969513,-2.68013858795],[16.2052764893,-13.8163824081,-24.4261436462,10.561829567,14.0787124634,-5.29870080948,-15.7726078033,-6.85478115082,25.206407547,51.0624809265,13.7071943283,-5.80539941788,-1.00867664814],[34.5568618774,-34.4510765076,-10.4865255356,-6.57055330276,-2.64000797272,2.71330189705,4.27636575699,-1.99114048481,-4.13895177841,13.7071943283,47.6171989441,17.7694149017,-0.49555170536],[21.4101104736,-27.7873783112,-2.18074679375,3.01316595078,-7.72495126724,0.712014973164,3.73451018333,-4.16827440262,-9.53242969513,-5.80539941788,17.7694149017,51.1577301025,21.140455246],[33.8437232971,-50.8101654053,-21.0296459198,7.59456729889,7.01303005219,-5.16238451004,-13.299580574,-6.73824167252,-2.68013858795,-1.00867664814,-0.49555170536,21.140455246,53.5138130188]],"icov":[[0.000170664701727,-0.0000938254161156,0.000389732740587,-0.000292321987217,0.000481788127217,-0.000531927449629,0.000610909832176,-0.000296638172586,0.000392477959394,-0.0000267994309979,-0.000128530999064,0.0000371884416381,9.15506120691e-7],[-0.0000938254161156,0.00136865000241,-0.00027988513466,-0.000146864636918,-0.000552880228497,0.000603400345426,-0.000952146889176,-0.000184276097571,-0.000389312102925,0.000125877471874,0.000988416722976,-0.000152484179125,0.00119278870989],[0.000389732740587,-0.00027988513466,0.00336314435117,-0.00144137185998,0.00232782866806,-0.00159307511058,0.00171826803125,-0.000160557436175,-0.0000915887067094,0.00156949937809,-0.000344380969182,0.0000267539726337,0.000973279238679],[-0.000292321987217,-0.000146864636918,-0.00144137185998,0.0105568673462,-0.005689448677,0.00218105386011,0.000472775253002,0.000590560608543,-0.000105010607513,-0.001620522351,0.00218892795965,-0.00252623576671,0.000111109853606],[0.000481788127217,-0.000552880228497,0.00232782866806,-0.005689448677,0.0171037912369,-0.00494260620326,0.00518448231742,0.00195416645147,-0.00405516335741,0.001562704565,-0.00222833268344,0.00329964910634,-0.00178895040881],[-0.000531927449629,0.000603400345426,-0.00159307511058,0.00218105386011,-0.00494260620326,0.0210543498397,-0.0083274981007,0.00349517399445,0.00259023020044,-0.000916277349461,0.000761782634072,-0.000180204297067,0.00121375685558],[0.000610909832176,-0.000952146889176,0.00171826803125,0.000472775253002,0.00518448231742,-0.0083274981007,0.0177798308432,-0.0094477860257,0.00363256852143,0.000597473001108,-0.00119781994727,-0.00149465014692,0.00183665566146],[-0.000296638172586,-0.000184276097571,-0.000160557436175,0.000590560608543,0.00195416645147,0.00349517399445,-0.0094477860257,0.0274794679135,-0.0133375609294,0.00795545149595,-0.00239835702814,0.00262183998711,-0.000517103762832],[0.000392477959394,-0.000389312102925,-0.0000915887067094,-0.000105010607513,-0.00405516335741,0.00259023020044,0.00363256852143,-0.0133375609294,0.0321064777672,-0.0171423703432,0.00623340485618,-0.000949372421019,0.00108338415157],[-0.0000267994309979,0.000125877471874,0.00156949937809,-0.001620522351,0.001562704565,-0.000916277349461,0.000597473001108,0.00795545149595,-0.0171423703432,0.034227129072,-0.0132814534009,0.00690403254703,-0.0012235607719],[-0.000128530999064,0.000988416722976,-0.000344380969182,0.00218892795965,-0.00222833268344,0.000761782634072,-0.00119781994727,-0.00239835702814,0.00623340485618,-0.0132814534009,0.0314643643796,-0.0138261057436,0.00615479005501],[0.0000371884416381,-0.000152484179125,0.0000267539726337,-0.00252623576671,0.00329964910634,-0.000180204297067,-0.00149465014692,0.00262183998711,-0.000949372421019,0.00690403254703,-0.0138261057436,0.031036997214,-0.0125969126821],[9.15506120691e-7,0.00119278870989,0.000973279238679,0.000111109853606,-0.00178895040881,0.00121375685558,0.00183665566146,-0.000517103762832,0.00108338415157,-0.0012235607719,0.00615479005501,-0.0125969126821,0.0259928554296]],"mean":[-607.191711426,127.067993164,6.05951786041,28.8081798553,8.73360443115,11.843952179,-0.732792675495,7.27502012253,1.19071781635,2.12498354912,-0.725686013699,-1.99314081669,-4.6027302742]},"pitch_salience":{"dmean":0.0691897124052,"dmean2":0.115455776453,"dvar":0.00404328480363,"dvar2":0.0104822153226,"max":0.882710933685,"mean":0.568181991577,"median":0.581593155861,"min":0.001746070222,"var":0.012485136278},"silence_rate_20dB":{"dmean":0,"dmean2":0,"dvar":0,"dvar2":0,"max":1,"mean":1,"median":1,"min":1,"var":0},"silence_rate_30dB":{"dmean":0,"dmean2":0,"dvar":0,"dvar2":0,"max":1,"mean":1,"median":1,"min":1,"var":0},"silence_rate_60dB":{"dmean":0.000321233528666,"dmean2":0.000642570259515,"dvar":0.000321146275382,"dvar2":0.000642105413135,"max":1,"mean":0.0316364206374,"median":0,"min":0,"var":0.0306342151016},"spectral_centroid":{"dmean":228.792236328,"dmean2":361.794830322,"dvar":77246.5078125,"dvar2":170883.515625,"max":11158.4023438,"mean":1150.2253418,"median":1125.65820312,"min":201.846328735,"var":245885.015625},"spectral_complexity":{"dmean":4.01670408249,"dmean2":5.91678714752,"dvar":12.5545244217,"dvar2":25.8323764801,"max":53,"mean":25.9057331085,"median":26,"min":0,"var":94.1762390137},"spectral_contrast_coeffs":{"dmean":[0.0530159845948,0.0476816147566,0.0381195060909,0.0293945148587,0.0193241778761,0.0153571534902],"dmean2":[0.088408023119,0.0797239542007,0.0628190711141,0.0480608865619,0.0317628234625,0.0250413157046],"dvar":[0.00208440981805,0.00142557104118,0.000923672807403,0.000568102812394,0.000243856498855,0.000172929241671],"dvar2":[0.00559023441747,0.00407199002802,0.00247556017712,0.00148626614828,0.000647757784463,0.00043515136349],"max":[-0.350350528955,-0.529356181622,-0.515997290611,-0.596445560455,-0.672623753548,-0.618810415268],"mean":[-0.635228574276,-0.75207144022,-0.771111667156,-0.787348628044,-0.805869221687,-0.756519794464],"median":[-0.637109935284,-0.75380551815,-0.780404150486,-0.791840136051,-0.807480812073,-0.75200343132],"min":[-0.962299585342,-0.965386450291,-0.971936106682,-0.989412844181,-0.979909181595,-0.960082769394],"var":[0.00532347057015,0.00364986481145,0.0041314996779,0.00285779242404,0.00135045137722,0.00128099299036]},"spectral_contrast_valleys":{"dmean":[0.339516818523,0.32338565588,0.286599874496,0.262055575848,0.207401126623,0.199164047837],"dmean2":[0.576802253723,0.541136443615,0.467648863792,0.409702837467,0.308425158262,0.272589743137],"dvar":[0.123850010335,0.114891476929,0.0959048569202,0.0894542187452,0.0714934691787,0.0734722912312],"dvar2":[0.287013322115,0.258367478848,0.202034264803,0.174508050084,0.121673963964,0.120864719152],"max":[-5.21106910706,-4.76559495926,-5.39221477509,-5.58184289932,-5.73189115524,-8.05428981781],"mean":[-6.52987098694,-6.36523103714,-6.9577088356,-7.324862957,-7.23009252548,-9.92883777618],"median":[-6.31155157089,-6.13274860382,-6.72205972672,-7.01664113998,-6.88760519028,-9.61933135986],"min":[-27.3825874329,-27.3589744568,-27.2774105072,-27.2261962891,-27.3164272308,-27.224861145],"var":[1.7326939106,2.09130549431,2.20676350594,2.42430615425,2.51084923744,2.10247731209]},"spectral_decrease":{"dmean":2.81821121995e-9,"dmean2":4.6238675111e-9,"dvar":8.42331004498e-18,"dvar2":2.24054557861e-17,"max":-1.18198750326e-28,"mean":-1.12370246441e-8,"median":-1.10114219964e-8,"min":-2.68907598411e-8,"var":1.83517347715e-17},"spectral_energy":{"dmean":0.0108417822048,"dmean2":0.0177184659988,"dvar":0.00012291118037,"dvar2":0.000325651373714,"max":0.104080185294,"mean":0.04478129372,"median":0.0440631583333,"min":1.01725540821e-20,"var":0.000284252804704},"spectral_energyband_high":{"dmean":0.00031376973493,"dmean2":0.000436229776824,"dvar":3.77279718577e-7,"dvar2":7.63895684486e-7,"max":0.0123222898692,"mean":0.00083542795619,"median":0.000641698250547,"min":7.75846785402e-21,"var":8.81793312146e-7},"spectral_energyband_low":{"dmean":0.00791110377759,"dmean2":0.0132413562387,"dvar":0.0000968848689809,"dvar2":0.000253842503298,"max":0.0764840096235,"mean":0.0194270648062,"median":0.0169846266508,"min":1.65986570718e-22,"var":0.000142355507705},"spectral_energyband_middle_high":{"dmean":0.00212547555566,"dmean2":0.00317962514237,"dvar":0.00000618165313426,"dvar2":0.000014279210518,"max":0.0396020971239,"mean":0.00810907036066,"median":0.00602164957672,"min":1.24961635936e-21,"var":0.0000424346908403},"spectral_energyband_middle_low":{"dmean":0.00764753110707,"dmean2":0.0126132713631,"dvar":0.0000789431578596,"dvar2":0.000203953983146,"max":0.0917371958494,"mean":0.0198367424309,"median":0.0177560672164,"min":2.70113925666e-22,"var":0.000123800477013},"spectral_entropy":{"dmean":0.122172765434,"dmean2":0.185665175319,"dvar":0.0158202853054,"dvar2":0.0348757021129,"max":9.80165290833,"mean":7.64215421677,"median":7.73246335983,"min":4.20721626282,"var":0.28269547224},"spectral_flux":{"dmean":0.0272218901664,"dmean2":0.041580080986,"dvar":0.000651168462355,"dvar2":0.00142141943797,"max":0.272638499737,"mean":0.10831861943,"median":0.106991276145,"min":1.00859078034e-10,"var":0.00212699919939},"spectral_kurtosis":{"dmean":1.55199408531,"dmean2":2.58877229691,"dvar":17.2546291351,"dvar2":47.919719696,"max":161.941390991,"mean":6.49505805969,"median":3.69478750229,"min":-1.19745898247,"var":277.099517822},"spectral_rms":{"dmean":0.000771993130911,"dmean2":0.00125268916599,"dvar":5.75040928652e-7,"dvar2":0.00000152551763222,"max":0.0100767873228,"mean":0.00642486615106,"median":0.00655655749142,"min":3.1503083562e-12,"var":0.00000241030511461},"spectral_rolloff":{"dmean":311.334197998,"dmean2":524.943481445,"dvar":336455.25,"dvar2":701490.6875,"max":18087.890625,"mean":1008.59259033,"median":818.26171875,"min":21.533203125,"var":625510.8125},"spectral_skewness":{"dmean":0.187193378806,"dmean2":0.296040385962,"dvar":0.0561635643244,"dvar2":0.143323436379,"max":10.9944581985,"mean":1.67078077793,"median":1.47987949848,"min":-0.0122794620693,"var":1.30179440975},"spectral_spread":{"dmean":381541.21875,"dmean2":554187.625,"dvar":399922135040,"dvar2":621238419456,"max":40007336,"mean":4475185,"median":4313765.5,"min":594963.9375,"var":1867379113980},"spectral_strongpeak":{"dmean":0.473350048065,"dmean2":0.851823985577,"dvar":0.814409136772,"dvar2":2.25432991982,"max":9.42784690857,"mean":0.686280190945,"median":0.43451538682,"min":0,"var":0.797608971596},"zerocrossingrate":{"dmean":0.00729080941528,"dmean2":0.00889762211591,"dvar":0.0000835095124785,"dvar2":0.000101708727016,"max":0.49560546875,"mean":0.0468400269747,"median":0.046875,"min":0,"var":0.000423210731242}},"metadata":{"audio_properties":{"analysis_sample_rate":44100,"bit_rate":320000,"codec":"mp3","downmix":"mix","equal_loudness":0,"length":144.561630249,"lossless":false,"md5_encoded":"c75ca643a9d34cea4b2a5b71f3e7e9a1","replay_gain":-16.3829040527,"sample_rate":44100},"tags":{"album":["Graveyard"],"albumartist":["Graveyard"],"albumartistsort":["Graveyard"],"artist":["Graveyard"],"artistsort":["Graveyard"],"asin":["B000UZ4E5M"],"catalognumber":["TPE-081"],"contentgroup":["Blues"],"date":["2008-02-19"],"discnumber":["1/1"],"file_name":"06 Submarine Blues.mp3","genre":["Blues; Stoner Rock; Psychedelic Rock; Psychedelic; Heavy Metal"],"label":["Tee Pee Records"],"language":["eng"],"media":["CD"],"mood":["Retro"],"musicbrainz album release country":["US"],"musicbrainz album status":["official"],"musicbrainz album type":["album"],"musicbrainz_albumartistid":["679fc003-616b-44ff-97f7-d82398ad3184"],"musicbrainz_albumid":["9a311144-57b8-442b-b9d2-df4d3f7fe331"],"musicbrainz_artistid":["679fc003-616b-44ff-97f7-d82398ad3184"],"musicbrainz_recordingid":["a9f1531f-ecc0-4ae0-b20f-21f7d5e2b9ed"],"originaldate":["2007-09-10"],"script":["Latn"],"title":["Submarine Blues"],"tracknumber":["6/9"]},"version":{"essentia":"2.1-beta2","essentia_build_sha":"70f2e5ece6736b2c40cc944ad0e695b16b925413","essentia_git_sha":"v2.1_beta2","extractor":"music 1.0"}},"rhythm":{"beats_count":296,"beats_loudness":{"dmean":0.0141517249867,"dmean2":0.0248893797398,"dvar":0.000125563674374,"dvar2":0.000333012227202,"max":0.086968652904,"mean":0.0498127602041,"median":0.0498979464173,"min":2.75250982895e-7,"var":0.000250084500294},"beats_loudness_band_ratio":{"dmean":[0.192246377468,0.129792839289,0.088919699192,0.0898488461971,0.0598348639905,0.0316731631756],"dmean2":[0.348973125219,0.230897367001,0.157827705145,0.158409774303,0.102748274803,0.0591721646488],"dvar":[0.0200627129525,0.00923548359424,0.00589951919392,0.00714585324749,0.0035077733919,0.000739586364944],"dvar2":[0.0576992817223,0.0280431564897,0.0178759582341,0.0201268773526,0.0102654602379,0.00235879560933],"max"