{"lowlevel":{"average_loudness":0.959549844265,"barkbands":{"dmean":[0.00573952170089,0.0150926280767,0.00610665138811,0.00174847687595,0.0019727316685,0.00178206257988,0.000838228617795,0.000734545115847,0.00122310314327,0.00175496237352,0.00088731496362,0.000982971861959,0.000799603702035,0.000618669844698,0.000536136096343,0.000336916564265,0.000204833384487,0.00016497944307,0.00014081253903,0.000084658859123,0.0000610369897913,0.0000498222761962,0.000015397066818,0.00000793922390585,0.00000320983303936,0.0000131787874125,0.000470195314847],"dmean2":[0.00942799262702,0.0252023283392,0.0105865355581,0.00300021772273,0.00334571069106,0.00292242178693,0.00137133884709,0.00121793558355,0.00200506183319,0.00291951885447,0.00148866942618,0.00165488745552,0.00134757638443,0.0010497123003,0.000896201294381,0.000571720243897,0.000343313120538,0.000272513338132,0.000222758491873,0.00012463668827,0.0000885759873199,0.0000725973659428,0.0000236143387156,0.0000123006429931,0.00000531866999154,0.000020413148377,0.00075607286999],"dvar":[0.0000956175717874,0.000492705090437,0.000168608588865,0.00000813593032944,0.00000750517847337,0.0000081234411482,0.00000233387686421,0.00000240761414716,0.00000418599302066,0.00000843659381644,0.00000166676352364,0.00000166523784628,0.00000101172042832,6.08328036833e-7,4.10596669553e-7,1.5774250528e-7,5.3240725606e-8,3.67952495139e-8,3.71692756573e-8,4.98230505741e-8,3.50656854664e-8,1.84738464526e-8,1.34588518108e-9,2.2897703178e-10,2.37580389389e-11,8.12587386267e-10,2.60305512256e-7],"dvar2":[0.000238927561441,0.00131168437656,0.000444613193395,0.0000222715079872,0.0000204674506676,0.0000199130881811,0.00000576189586354,0.00000623133200861,0.0000105047683974,0.0000213614330278,0.00000438474035036,0.00000451956702818,0.00000261690684056,0.00000162785113389,0.00000107903463231,4.42262177103e-7,1.45102802662e-7,9.32262338438e-8,8.81477077996e-8,9.81869447969e-8,6.56121699194e-8,3.29433262891e-8,2.81767698063e-9,4.96119645366e-10,6.03079253203e-11,1.77501757737e-9,6.7362725531e-7],"max":[0.0891657546163,0.189175873995,0.123748734593,0.0483944863081,0.0403283499181,0.0602471530437,0.0415330678225,0.047370441258,0.0490752831101,0.0629531517625,0.0314999483526,0.0270391013473,0.0188880413771,0.0168894566596,0.0123978815973,0.00719667598605,0.00419142143801,0.00395617540926,0.00558470841497,0.00781538151205,0.00908678676933,0.00615955842659,0.00140125362668,0.000616738165263,0.0000673391186865,0.00106420519296,0.00963833369315],"mean":[0.00661617750302,0.0191589295864,0.00560096930712,0.00203337706625,0.00299649871886,0.0026766913943,0.00134572037496,0.00110304215923,0.00202976656146,0.00278919120319,0.00150730856694,0.00180234515574,0.00150984094944,0.00123342091683,0.00112566293683,0.000728137849364,0.000472718907986,0.000400639954023,0.000347999652149,0.000193589308765,0.000137953116791,0.0000914579868549,0.0000273889218079,0.0000161876305356,0.00000341984195984,0.0000283536101051,0.00187045102939],"median":[0.00295488908887,0.0120110725984,0.00209674867801,0.00108338752761,0.00195752922446,0.00148336403072,0.000704247504473,0.000537012936547,0.00118073029444,0.0015819206601,0.00102401594631,0.00133988913149,0.00115032761823,0.000911697221454,0.000876255566254,0.000582484237384,0.000394879491068,0.000337068602676,0.000259605323663,0.000124970712932,0.0000817999389255,0.0000482955801999,0.0000145235471791,0.00000880878815224,0.00000161720515734,0.0000144420591823,0.00168433994986],"min":[2.27043615132e-24,9.65106552058e-24,3.36068077373e-24,3.06343049047e-24,5.4885041657e-23,1.04155993754e-22,1.60676041145e-23,2.50960382887e-23,3.50229313914e-23,5.00526817e-23,3.92315611187e-23,4.12473405452e-23,5.88926065168e-23,8.64043640892e-23,1.29495960457e-22,1.38162941719e-22,2.12975682693e-22,2.7720440943e-22,2.41934350005e-22,2.7405729618e-22,4.35610001605e-22,4.1626102327e-22,7.19500366927e-22,6.12988594696e-22,1.03894864386e-21,1.66680972787e-21,2.53227753406e-21],"var":[0.000104130966065,0.000522951537278,0.000131869397592,0.00000862070282892,0.0000111856106741,0.0000140554493555,0.00000458055865238,0.00000344338127434,0.00000773963893153,0.0000149485449583,0.00000317755484502,0.00000306703259412,0.00000193804953597,0.00000133587820983,9.31209569899e-7,3.53170634071e-7,1.3928668352e-7,9.90707818005e-8,1.16531580829e-7,1.30979728397e-7,9.80574625942e-8,4.99584018598e-8,3.10822989569e-9,6.57138454763e-10,2.56104096263e-11,2.1691541896e-9,0.00000136958760777]},"barkbands_crest":{"dmean":3.28257679939,"dmean2":5.40190887451,"dvar":8.19318771362,"dvar2":21.2262783051,"max":25.8302669525,"mean":9.29033279419,"median":8.39707565308,"min":2.31626629829,"var":18.5179405212},"barkbands_flatness_db":{"dmean":0.0254508685321,"dmean2":0.0406955070794,"dvar":0.000544028531294,"dvar2":0.0013769234065,"max":0.366465777159,"mean":0.117684267461,"median":0.110141634941,"min":0.0215508732945,"var":0.00182639912236},"barkbands_kurtosis":{"dmean":3.34631323814,"dmean2":5.54762220383,"dvar":27.8291110992,"dvar2":70.9480667114,"max":156.625961304,"mean":4.40623092651,"median":2.15866231918,"min":-1.62292683125,"var":65.0710220337},"barkbands_skewness":{"dmean":0.633944571018,"dmean2":1.0108550787,"dvar":0.447999060154,"dvar2":1.11429691315,"max":11.5469379425,"mean":1.72324073315,"median":1.46986508369,"min":-2.66628241539,"var":1.21008086205},"barkbands_spread":{"dmean":8.97718715668,"dmean2":14.2634305954,"dvar":70.371635437,"dvar2":173.861251831,"max":91.2740325928,"mean":35.7244262695,"median":35.010635376,"min":1.60535228252,"var":223.828414917},"dissonance":{"dmean":0.0140043953434,"dmean2":0.0238413736224,"dvar":0.000221556096221,"dvar2":0.000609064823948,"max":0.500000119209,"mean":0.478125959635,"median":0.483617573977,"min":0.204078882933,"var":0.000497621193063},"dynamic_complexity":2.01221752167,"erbbands":{"dmean":[0.78439360857,2.37134361267,6.41365623474,6.27724647522,5.54801416397,7.60812997818,9.64705562592,17.0138092041,12.1301546097,14.5857515335,15.6475019455,29.3315906525,37.2893600464,53.8044586182,34.1636505127,39.922328949,34.9337158203,28.4449005127,32.2831344604,20.5148925781,14.8936767578,10.5440893173,9.4732875824,7.44680213928,6.24800729752,4.03756475449,3.09851837158,2.0621008873,1.6740167141,1.30385077,0.324795782566,0.185127034783,0.124507084489,0.0395024009049,0.0229138638824,0.0274256262928,0.0295436177403,0.0347567014396,0.0195221938193,0.0111058754846],"dmean2":[1.31291568279,4.0066652298,11.0186700821,10.7884140015,9.35436630249,12.989074707,16.4749717712,27.6103858948,19.7270565033,23.7967987061,25.8287448883,48.1167488098,61.5071296692,89.5857467651,57.2350769043,67.0548019409,58.6319122314,47.8628311157,54.4368743896,34.7831687927,25.1505889893,17.5936908722,15.6124267578,11.9020261765,9.86815357208,5.97215557098,4.48155021667,2.98831152916,2.42992424965,1.9529312849,0.486525863409,0.288099765778,0.19410507381,0.0649620443583,0.0378510244191,0.0432892479002,0.0456494018435,0.052622731775,0.0285523571074,0.0175469648093],"dvar":[1.7014465332,9.84341621399,157.302139282,150.852661133,71.7753067017,125.07408905,248.677185059,934.378662109,504.130523682,952.153259277,852.353942871,2795.9296875,4465.46923828,8168.93115234,2248.93554688,2934.23657227,1886.50256348,1447.07055664,1437.76965332,629.146911621,295.138275146,145.204147339,121.651428223,92.9370574951,103.254241943,126.238594055,93.5077133179,39.8015289307,26.639667511,12.203245163,0.540925145149,0.137124061584,0.0519561767578,0.00322764948942,0.00115277280565,0.00239841174334,0.00443422514945,0.00455258600414,0.000693166861311,0.000139516327181],"dvar2":[4.49248552322,26.4820404053,409.046112061,409.912078857,190.983474731,347.246612549,679.689880371,2224.23901367,1206.34680176,2311.49829102,2280.67041016,7056.14941406,11139.9345703,20785.7617188,5937.50927734,7924.51025391,4872.91992188,3947.12231445,3799.71606445,1710.01049805,814.277893066,390.397705078,312.42074585,224.344192505,242.22315979,253.357330322,187.27571106,71.8318710327,46.3167457581,25.7801303864,1.02974820137,0.276633709669,0.119412787259,0.00808450113982,0.00291202031076,0.00541001744568,0.00962762534618,0.00984847638756,0.00135194428731,0.000354491872713],"max":[11.9084320068,37.1943740845,120.626747131,182.549697876,170.020050049,157.735458374,359.382354736,734.690734863,682.390930176,849.316223145,954.034118652,1159.56066895,1447.02770996,2197.35180664,932.522827148,1321.20141602,885.170043945,624.983703613,749.603515625,511.953338623,323.533721924,205.170349121,231.116226196,257.523284912,338.187774658,405.622131348,472.471160889,282.396026611,217.858718872,104.748580933,30.5722198486,14.3085174561,8.66122817993,0.89944934845,0.388628095388,1.8199672699,2.28434491158,1.80189049244,0.581333398819,0.237256899476],"mean":[0.894026935101,3.00858068466,6.41660118103,7.0166144371,7.71897268295,10.7304697037,13.5958385468,25.1237354279,20.1048851013,22.4012584686,26.3761768341,47.9106178284,64.6448287964,88.4338684082,66.637550354,77.0104370117,71.0396881104,62.0292892456,69.1384887695,48.339389801,35.8316230774,26.9126567841,23.9727516174,18.7458705902,14.9682188034,9.30751991272,6.87297916412,4.58967685699,3.29790234566,2.08881163597,0.619976460934,0.377698361874,0.233655691147,0.0521636866033,0.0261804554611,0.0515242703259,0.0639315769076,0.0805084630847,0.0755158141255,0.056073024869],"median":[0.467933773994,1.90036535263,2.80597996712,3.50957536697,4.76001214981,6.5393576622,7.93401193619,12.8634786606,10.7833652496,11.0861005783,15.0730457306,27.4683132172,40.4832115173,52.347694397,49.8367919922,57.8030128479,55.9800949097,46.3039932251,56.0085601807,38.2989654541,29.3747291565,23.0460395813,20.5120849609,14.4244613647,10.8787593842,6.09662628174,4.12995481491,2.72880315781,1.84399437904,0.859149813652,0.350150704384,0.203248113394,0.126072868705,0.0307194124907,0.0138530498371,0.0276349931955,0.0330958738923,0.0563537180424,0.0609058476985,0.0520248115063],"min":[4.23800059656e-22,1.63671376295e-21,2.50197598568e-21,1.2304482864e-20,9.15982651837e-20,1.26801398306e-19,3.94732216822e-19,9.14934239185e-19,3.22410936987e-19,2.19132681221e-19,7.71587199451e-19,5.73021666227e-19,1.93776012721e-18,1.1507091481e-18,1.9891598897e-18,1.32891414753e-18,2.43431271981e-18,3.8084929822e-18,6.03405178518e-18,7.55552230898e-18,7.87777036893e-18,1.32363166874e-17,1.46900345016e-17,9.00788023824e-18,1.37429730844e-17,1.39262457025e-17,1.6244945456e-17,1.61100802746e-17,1.30839698709e-17,1.40952916412e-17,2.22426616784e-17,1.36407955992e-17,8.83604587369e-18,9.03379994273e-18,8.96430270921e-18,5.78389044766e-18,3.37513161172e-18,1.22490828302e-18,3.03363862612e-19,3.75049473533e-20],"var":[1.64303600788,11.8517971039,131.042678833,130.486282349,93.5509490967,173.399459839,339.406585693,1621.4597168,1097.87158203,1642.00341797,1335.25476074,4907.578125,8319.16894531,14047.5742188,4677.10449219,5512.07617188,3767.56616211,3115.45410156,3178.57055664,1503.70056152,745.361633301,410.923095703,334.068054199,279.324432373,284.382324219,307.532043457,227.137893677,116.678871155,73.0723114014,23.2004451752,1.49116146564,0.399463772774,0.126051768661,0.0041564470157,0.0012842110591,0.00629121763632,0.0115360980853,0.0098620466888,0.00358748529106,0.00101928634103]},"erbbands_crest":{"dmean":2.27959656715,"dmean2":3.779692173,"dvar":4.78610181808,"dvar2":12.2962684631,"max":29.5030841827,"mean":7.52638053894,"median":6.62968397141,"min":2.68192505836,"var":11.4117832184},"erbbands_flatness_db":{"dmean":0.016972694546,"dmean2":0.0264876186848,"dvar":0.000236889900407,"dvar2":0.000543876958545,"max":0.431167334318,"mean":0.142032116652,"median":0.13762897253,"min":0.0436104536057,"var":0.00121297256555},"erbbands_kurtosis":{"dmean":0.752464652061,"dmean2":1.22209525108,"dvar":0.688206672668,"dvar2":1.69346392155,"max":20.3597545624,"mean":0.687046527863,"median":0.379565954208,"min":-1.57595515251,"var":1.99479293823},"erbbands_skewness":{"dmean":0.293740957975,"dmean2":0.469812065363,"dvar":0.0621349811554,"dvar2":0.154364705086,"max":2.75660061836,"mean":-0.0959358811378,"median":-0.132772311568,"min":-2.67904424667,"var":0.255630284548},"erbbands_spread":{"dmean":5.20793914795,"dmean2":8.32392787933,"dvar":23.5816440582,"dvar2":57.167011261,"max":111.929985046,"mean":25.3200740814,"median":24.0837039948,"min":2.38663721085,"var":86.6422195435},"gfcc":{"cov":[[12530,340.68536377,-542.169494629,256.013061523,604.609924316,-139.598968506,353.998016357,-28.1866340637,191.76864624,-22.2277526855,128.293228149,-15.8549613953,2.8006875515],[340.68536377,823.152038574,-20.6920452118,-207.84274292,97.4176330566,-103.791526794,15.5369768143,-37.5644569397,-3.49412918091,-57.8875198364,25.0389328003,-83.995552063,61.3432655334],[-542.169494629,-20.6920452118,219.803665161,71.8233261108,-5.66116857529,96.2643814087,-51.9774055481,42.88463974,-13.4979982376,23.5434131622,-14.9259490967,1.18988084793,-8.02944469452],[256.013061523,-207.84274292,71.8233261108,272.520446777,70.3124237061,37.3193588257,55.7289772034,-4.95625734329,5.30666303635,28.5208568573,-4.89533853531,15.2556371689,-32.4278106689],[604.609924316,97.4176330566,-5.66116857529,70.3124237061,249.824676514,45.0337028503,76.4655532837,-8.30076122284,39.9775695801,-4.00462818146,28.0020179749,-19.6922893524,19.7026119232],[-139.598968506,-103.791526794,96.2643814087,37.3193588257,45.0337028503,173.852310181,-2.24796843529,49.2855987549,-1.77207767963,20.3759994507,-3.66738939285,19.665599823,5.78362703323],[353.998016357,15.5369768143,-51.9774055481,55.7289772034,76.4655532837,-2.24796843529,162.113601685,4.80447626114,44.3978462219,-0.24122980237,11.3377780914,2.8145980835,-3.97816181183],[-28.1866340637,-37.5644569397,42.88463974,-4.95625734329,-8.30076122284,49.2855987549,4.80447626114,92.3673171997,32.1430625916,27.4819164276,4.29155254364,-1.22468817234,9.81435966492],[191.76864624,-3.49412918091,-13.4979982376,5.30666303635,39.9775695801,-1.77207767963,44.3978462219,32.1430625916,92.5465240479,33.8036880493,19.0503158569,14.4320783615,-3.15581440926],[-22.2277526855,-57.8875198364,23.5434131622,28.5208568573,-4.00462818146,20.3759994507,-0.24122980237,27.4819164276,33.8036880493,65.950553894,28.0683727264,12.9814291,0.884920120239],[128.293228149,25.0389328003,-14.9259490967,-4.89533853531,28.0020179749,-3.66738939285,11.3377780914,4.29155254364,19.0503158569,28.0683727264,54.8304481506,25.4746494293,15.0281200409],[-15.8549613953,-83.995552063,1.18988084793,15.2556371689,-19.6922893524,19.665599823,2.8145980835,-1.22468817234,14.4320783615,12.9814291,25.4746494293,68.2855377197,11.5844135284],[2.8006875515,61.3432655334,-8.02944469452,-32.4278106689,19.7026119232,5.78362703323,-3.97816181183,9.81435966492,-3.15581440926,0.884920120239,15.0281200409,11.5844135284,54.6352653503]],"icov":[[0.000114019036118,-0.000132294706418,0.000453982211184,-0.000254982820479,-0.000223493101657,-0.000025757268304,0.000113716465421,-0.000291969103273,0.000015595151126,0.00000401593297283,0.0000309194547299,-0.000210306796362,0.000239044689806],[-0.000132294706418,0.00318853696808,-0.00305744889192,0.00261077331379,-0.000272211182164,0.0015494057443,-0.00139277311973,0.00225552823395,-0.00118497747462,0.00253111100756,-0.00352828879841,0.00455446587875,-0.0031500631012],[0.000453982211184,-0.00305744889192,0.0121001861989,-0.00543924607337,0.000054421940149,-0.0049550444819,0.00468306336552,-0.00484541431069,0.00110648036934,-0.00244169170037,0.00358891836368,-0.00318513996899,0.00346742547117],[-0.000254982820479,0.00261077331379,-0.00543924607337,0.00991517677903,-0.00453368015587,0.00410573836416,-0.0041659604758,0.00122708303388,0.0047275046818,-0.00585364783183,0.00426053442061,-0.00320126628503,0.00271863979287],[-0.000223493101657,-0.000272211182164,0.000054421940149,-0.00453368015587,0.0123338159174,-0.00711234007031,-0.000856406230014,0.00653340201825,-0.0098297316581,0.0097245760262,-0.0121699236333,0.0123904328793,-0.00730166770518],[-0.000025757268304,0.0015494057443,-0.0049550444819,0.00410573836416,-0.00711234007031,0.0140830725431,-0.00183233281132,-0.00645785871893,0.0077897021547,-0.00638140924275,0.00785488821566,-0.0088383378461,0.00233775563538],[0.000113716465421,-0.00139277311973,0.00468306336552,-0.0041659604758,-0.000856406230014,-0.00183233281132,0.010665230453,-0.00212163594551,-0.00418988009915,0.00287901936099,-0.000518527405802,-0.000748389575165,0.00144671450835],[-0.000291969103273,0.00225552823395,-0.00484541431069,0.00122708303388,0.00653340201825,-0.00645785871893,-0.00212163594551,0.0230491515249,-0.0118599869311,0.00257381447591,-0.00727638462558,0.0131883379072,-0.00999026093632],[0.000015595151126,-0.00118497747462,0.00110648036934,0.0047275046818,-0.0098297316581,0.0077897021547,-0.00418988009915,-0.0118599869311,0.0281535610557,-0.0183722637594,0.0130459424108,-0.0167940016836,0.010739961639],[0.00000401593297283,0.00253111100756,-0.00244169170037,-0.00585364783183,0.0097245760262,-0.00638140924275,0.00287901936099,0.00257381447591,-0.0183722637594,0.0407913550735,-0.0290886294097,0.017224419862,-0.00713215535507],[0.0000309194547299,-0.00352828879841,0.00358891836368,0.00426053442061,-0.0121699236333,0.00785488821566,-0.000518527405802,-0.00727638462558,0.0130459424108,-0.0290886294097,0.0506089366972,-0.0282054282725,0.00512717664242],[-0.000210306796362,0.00455446587875,-0.00318513996899,-0.00320126628503,0.0123904328793,-0.0088383378461,-0.000748389575165,0.0131883379072,-0.0167940016836,0.017224419862,-0.0282054282725,0.0407926738262,-0.0155673436821],[0.000239044689806,-0.0031500631012,0.00346742547117,0.00271863979287,-0.00730166770518,0.00233775563538,0.00144671450835,-0.00999026093632,0.010739961639,-0.00713215535507,0.00512717664242,-0.0155673436821,0.0308628976345]],"mean":[40.2074813843,92.1274108887,-101.8359375,-8.56868267059,-2.53956604004,-12.6719121933,5.83659648895,-16.5437412262,-0.440149128437,-9.29260635376,-2.45690274239,-0.987273454666,-3.31785464287]},"hfc":{"dmean":72.3879699707,"dmean2":110.909561157,"dvar":8714.98535156,"dvar2":17888.4492188,"max":2810.47802734,"mean":306.110412598,"median":274.43170166,"min":1.18140621767e-16,"var":38752.53125},"melbands":{"dmean":[0.00547584891319,0.00307458639145,0.00104086007923,0.000452859327197,0.00032706480124,0.00036308192648,0.000178192363819,0.000158962153364,0.000138291667099,0.000188669597264,0.000194763691979,0.000235422354308,0.000119810116303,0.000111216308142,0.0000976414521574,0.0000750518302084,0.000056828284869,0.0000586681599088,0.0000355450683855,0.0000276890386885,0.0000176028152055,0.0000123630352391,0.0000110288665383,0.00000778031426307,0.00000676547597322,0.00000543790110896,0.00000382622238249,0.00000273943351203,0.00000216743455894,0.00000157545923685,0.00000127036059894,0.00000111097051558,8.67639698754e-7,6.34872890259e-7,1.93928755721e-7,1.30436063728e-7,1.15189145333e-7,1.02521056533e-7,5.51298349194e-8,2.88693584594e-8],"dmean2":[0.0090793967247,0.00524005386978,0.00176736677531,0.000767238554545,0.000556906801648,0.000589261937421,0.000290588533971,0.000259723485215,0.000228164441069,0.000310523610096,0.000321545783663,0.000391688954551,0.000201109651243,0.000186407982255,0.000164552518982,0.000126012484543,0.0000960086181294,0.0000992381537799,0.0000600178791501,0.0000472060819448,0.0000298053037113,0.0000207747507375,0.0000184987420653,0.0000129622576424,0.0000109751190394,0.00000875410478329,0.00000602097770752,0.00000413338784711,0.00000320529443343,0.00000238499296756,0.00000191111394088,0.00000165494736848,0.00000128202884753,9.73304850049e-7,2.96053030979e-7,2.04827415473e-7,1.8170666749e-7,1.61335080406e-7,8.88822739853e-8,4.78947725924e-8],"dvar":[0.0000759796384955,0.0000241479992837,0.00000362604305337,4.01879759693e-7,2.50816981406e-7,3.89133305134e-7,1.0524557581e-7,1.17008092104e-7,6.02061618338e-8,1.10537612841e-7,1.18017524642e-7,1.60766433055e-7,2.90838109152e-8,2.22293685681e-8,1.67174203369e-8,9.0298337696e-9,6.06823524762e-9,4.66945060396e-9,1.80670911565e-9,1.19033827239e-9,4.18163781379e-10,2.04081807009e-10,1.638978675e-10,8.77331124416e-11,8.025632936e-11,7.08291272855e-11,6.2970587078e-11,6.07557129606e-11,4.28947918851e-11,2.41292957837e-11,1.75900370658e-11,1.17150230489e-11,5.78901726903e-12,3.01978971343e-12,2.47750984225e-13,7.92361984944e-14,5.51453007607e-14,4.04509189816e-14,7.57605156859e-15,1.94585363786e-15],"dvar2":[0.000200035705348,0.0000624259628239,0.00000965873095993,0.00000111197675778,6.82544964548e-7,9.2808448926e-7,2.55578441966e-7,2.87862292225e-7,1.53542870862e-7,2.84085473368e-7,2.94912695153e-7,4.08713191291e-7,7.73292185841e-8,5.99062701667e-8,4.3991821741e-8,2.42281252838e-8,1.66037317229e-8,1.24477095298e-8,4.90058038594e-9,3.29329341575e-9,1.14771081527e-9,5.55823609361e-10,4.35414204691e-10,2.27396296237e-10,2.00404623452e-10,1.74924810747e-10,1.44747352993e-10,1.26121335597e-10,8.61560822685e-11,5.23232533689e-11,3.57036310239e-11,2.14329127363e-11,1.09234435733e-11,6.85527676292e-12,5.03558403742e-13,1.63834400148e-13,1.26318999206e-13,9.65207324873e-14,1.82513899149e-14,4.92959368665e-15],"max":[0.0796451643109,0.0469682216644,0.0272001847625,0.00936927925795,0.0099535509944,0.0143246510997,0.0092446571216,0.00989139918238,0.006608561147,0.00629662582651,0.00748103763908,0.00994173530489,0.00383101543412,0.00248068547808,0.00337461195886,0.00226328754798,0.00122511340305,0.00144631159492,0.000810320605524,0.000676154275425,0.00034592646989,0.000236458945437,0.000240944194957,0.000202748095035,0.000236866253545,0.000255124905379,0.000290386844426,0.000278634484857,0.000287062983261,0.000231976635405,0.000198841633392,0.000135740599944,0.000112603083835,0.0000419286116085,0.0000230091063713,0.0000104065011328,0.00000872614509717,0.0000074633217082,0.00000269789188678,5.12650387918e-7],"mean":[0.00682291714475,0.00355592509732,0.0012498353608,0.000670650741085,0.000482787174406,0.000550321477931,0.000298759783618,0.000241721529164,0.00022750304197,0.000304968823912,0.000326814741129,0.000369642570149,0.000215137028135,0.00020435465558,0.000184196484042,0.000140229560202,0.00011147929763,0.000115726237709,0.0000752981432015,0.0000572336757614,0.0000380178353225,0.00002757205948,0.0000252905483649,0.0000177094516403,0.0000150126907101,0.000012141609659,0.00000829901273391,0.00000569120538785,0.00000449894832855,0.00000327693646796,0.00000251912047133,0.0000020223537831,0.00000144198634189,9.63673073784e-7,3.45239101307e-7,2.39855154405e-7,2.24850936092e-7,1.87497604998e-7,8.54401918104e-8,3.00882412319e-8],"median":[0.00401977309957,0.00199035229161,0.000687196617946,0.00043945768266,0.000296271580737,0.000292737182463,0.000162046271726,0.000117272073112,0.000128764979308,0.000171258798218,0.000197416098672,0.000209021513001,0.000153781438712,0.000148995502968,0.000139996220241,0.000106830782897,0.0000791275888332,0.0000917536672205,0.0000584149165661,0.0000445919285994,0.0000308036142087,0.0000226535030379,0.0000211646129173,0.0000145287940541,0.0000110874480015,0.00000888696467882,0.00000573018178329,0.00000352218512489,0.00000260438264377,0.00000193255277736,0.00000145169497046,0.00000109617963062,6.2948743107e-7,3.88355715586e-7,1.87116981465e-7,1.27277672846e-7,1.17712566805e-7,9.97501103939e-8,4.68480791938e-8,1.35984548066e-8],"min":[3.38274166338e-24,1.65642547688e-24,2.72550436956e-24,6.1685408413e-24,1.32323962115e-23,1.9827330966e-23,4.45808016734e-24,2.26424714309e-24,6.60190000186e-24,3.75677690615e-24,9.49261728574e-24,4.60011536219e-24,6.94343220318e-24,4.14614602719e-24,3.03456764767e-24,6.66048515141e-24,6.97290325773e-24,7.96131441754e-24,1.10901324052e-23,1.12690910235e-23,9.0168773619e-24,1.35114344575e-23,1.41814361124e-23,1.06354661115e-23,5.54546102746e-24,1.25804429053e-23,6.34558844413e-24,1.02891261974e-23,1.06996644009e-23,8.06510879114e-24,9.92644266309e-24,7.09815464796e-24,8.3831356985e-24,7.08629333539e-24,1.22380259964e-23,1.23752428289e-23,6.87849080688e-24,6.02056710155e-24,5.28499414491e-24,8.66995842389e-24],"var":[0.0000774108411861,0.0000229603010666,0.00000338010090672,5.73973466089e-7,3.61331501608e-7,7.01805561221e-7,2.21610136464e-7,1.89343282386e-7,9.95922633251e-8,1.92830611923e-7,2.19626244302e-7,2.70665452717e-7,5.71142138028e-8,4.19781116534e-8,3.02035694233e-8,1.63475473158e-8,1.21605134851e-8,9.79192105177e-9,4.03604305532e-9,2.44455100606e-9,9.36190347467e-10,5.0201220958e-10,3.95774163442e-10,2.12932171895e-10,2.04626565692e-10,1.71177280683e-10,1.46703635351e-10,1.35364525145e-10,1.01380653872e-10,5.41055256154e-11,4.19273886443e-11,2.85059267857e-11,1.39080214359e-11,4.9368491066e-12,6.06085006401e-13,1.90143894011e-13,1.4314301155e-13,8.78213924109e-14,1.43905188736e-14,2.09265905894e-15]},"melbands_crest":{"dmean":5.48793363571,"dmean2":8.88176345825,"dvar":22.8435134888,"dvar2":54.6364517212,"max":37.1058235168,"mean":16.407617569,"median":15.4943180084,"min":2.20311069489,"var":48.4810791016},"melbands_flatness_db":{"dmean":0.0347361043096,"dmean2":0.0548916123807,"dvar":0.000912175688427,"dvar2":0.00229594344273,"max":0.513767659664,"mean":0.221900165081,"median":0.216543674469,"min":0.00755607103929,"var":0.00352090923116},"melbands_kurtosis":{"dmean":5.92470407486,"dmean2":9.90071678162,"dvar":91.9877243042,"dvar2":242.374435425,"max":227.840194702,"mean":7.34559059143,"median":3.11101579666,"min":-1.53113484383,"var":172.346115112},"melbands_skewness":{"dmean":0.892020702362,"dmean2":1.41760969162,"dvar":0.800228476524,"dvar2":2.01063585281,"max":13.0874500275,"mean":2.14463734627,"median":1.8121650219,"min":-1.3859269619,"var":2.11983442307},"melbands_spread":{"dmean":7.44080591202,"dmean2":11.776922226,"dvar":46.520198822,"dvar2":114.05632019,"max":155.124069214,"mean":23.9888420105,"median":23.6840248108,"min":0.823138058186,"var":153.556884766},"mfcc":{"cov":[[6584.62792969,432.384124756,-743.212097168,571.748168945,-23.3855285645,298.61315918,67.2064437866,207.584243774,99.1161270142,191.608383179,102.052879333,95.2836456299,62.5734214783],[432.384124756,866.912963867,-141.63583374,-56.1217041016,39.9453811646,-43.2657203674,36.4867858887,-29.7242012024,49.4580726624,-19.7975616455,23.5458011627,-21.0419864655,21.0475006104],[-743.212097168,-141.63583374,323.030487061,-71.4958496094,27.6468830109,-30.8226356506,-12.3526287079,-20.5921916962,-11.6430921555,-17.2905063629,-9.30272674561,-6.7570643425,-13.260509491],[571.748168945,-56.1217041016,-71.4958496094,266.38760376,0.647595286369,76.7781066895,29.2714500427,21.1555995941,4.03646278381,33.2285728455,13.4654750824,15.1206054688,3.29671788216],[-23.3855285645,39.9453811646,27.6468830109,0.647595286369,172.689804077,49.1379432678,32.0463562012,2.58736014366,22.5545101166,-1.35954344273,12.696305275,11.4313678741,9.92004680634],[298.61315918,-43.2657203674,-30.8226356506,76.7781066895,49.1379432678,140.660980225,48.3048095703,45.9122009277,10.3623409271,18.8262443542,2.66672325134,22.5109462738,1.34139895439],[67.2064437866,36.4867858887,-12.3526287079,29.2714500427,32.0463562012,48.3048095703,96.7230834961,22.0830020905,24.3371734619,3.48142409325,5.76504802704,-0.763067662716,6.67108535767],[207.584243774,-29.7242012024,-20.5921916962,21.1555995941,2.58736014366,45.9122009277,22.0830020905,83.5129165649,24.6967124939,22.048406601,6.05993413925,5.83776807785,6.50386047363],[99.1161270142,49.4580726624,-11.6430921555,4.03646278381,22.5545101166,10.3623409271,24.3371734619,24.6967124939,68.6096038818,30.0980396271,21.2837123871,3.31735301018,7.9128985405],[191.608383179,-19.7975616455,-17.2905063629,33.2285728455,-1.35954344273,18.8262443542,3.48142409325,22.048406601,30.0980396271,65.2030258179,28.028049469,18.3224811554,0.264824867249],[102.052879333,23.5458011627,-9.30272674561,13.4654750824,12.696305275,2.66672325134,5.76504802704,6.05993413925,21.2837123871,28.028049469,59.4847793579,17.1869564056,21.9492473602],[95.2836456299,-21.0419864655,-6.7570643425,15.1206054688,11.4313678741,22.5109462738,-0.763067662716,5.83776807785,3.31735301018,18.3224811554,17.1869564056,55.760509491,11.8878078461],[62.5734214783,21.0475006104,-13.260509491,3.29671788216,9.92004680634,1.34139895439,6.67108535767,6.50386047363,7.9128985405,0.264824867249,21.9492473602,11.8878078461,56.1187705994]],"icov":[[0.000273593585007,-0.000137541253935,0.000421201228164,-0.000381415389711,0.0000389599590562,-0.000235434665228,0.000227986631216,-0.00037027237704,0.0000473446452816,-0.000331961869961,-0.0000464509430458,-0.0000976781229838,-0.0000832412333693],[-0.000137541253935,0.0015772075858,0.00061206240207,0.000520115077961,-0.000361746846465,0.000584996363614,-0.000646219530609,0.000885590910912,-0.0012227492407,0.00102503970265,-0.00054816249758,0.00040548684774,-0.00000388044827559],[0.000421201228164,0.00061206240207,0.00454537151381,0.000326057284838,-0.000952335249167,0.000449992658105,0.0000395201677748,-0.0000444034340035,-0.0000217994984268,0.0000384989689337,-0.000392699701479,-0.0000427542836405,0.000679262913764],[-0.000381415389711,0.000520115077961,0.000326057284838,0.00558433588594,0.000444818811957,-0.00222438503988,-0.00104641588405,0.00148423598148,0.000768288387917,-0.00162196904421,-0.000455941190012,0.000671938061714,-0.000158565075253],[0.0000389599590562,-0.000361746846465,-0.000952335249167,0.000444818811957,0.00770152220502,-0.00366444885731,-0.000546671275515,0.00183674134314,-0.00279210833833,0.00197986443527,-0.00132218352519,-0.000702250108588,-0.000530363991857],[-0.000235434665228,0.000584996363614,0.000449992658105,-0.00222438503988,-0.00366444885731,0.0144295403734,-0.00495585380122,-0.00557412626222,0.0027337227948,-0.00096678751288,0.00202672253363,-0.00406832015142,0.00150631007273],[0.000227986631216,-0.000646219530609,0.0000395201677748,-0.00104641588405,-0.000546671275515,-0.00495585380122,0.0148309376091,-0.00101124646608,-0.0046740337275,0.00255041872151,-0.000643373292405,0.00190180016216,-0.000875970639754],[-0.00037027237704,0.000885590910912,-0.0000444034340035,0.00148423598148,0.00183674134314,-0.00557412626222,-0.00101124646608,0.0183154158294,-0.00535487011075,-0.0025677154772,0.00155713176355,0.00169814913534,-0.00241243722849],[0.0000473446452816,-0.0012227492407,-0.0000217994984268,0.000768288387917,-0.00279210833833,0.0027337227948,-0.0046740337275,-0.00535487011075,0.0249191652983,-0.0107916342095,-0.0023965567816,0.00223588291556,-0.00103907543235],[-0.000331961869961,0.00102503970265,0.0000384989689337,-0.00162196904421,0.00197986443527,-0.00096678751288,0.00255041872151,-0.0025677154772,-0.0107916342095,0.0296250786632,-0.0107406051829,-0.00548136979342,0.0065014786087],[-0.0000464509430458,-0.00054816249758,-0.000392699701479,-0.000455941190012,-0.00132218352519,0.00202672253363,-0.000643373292405,0.00155713176355,-0.0023965567816,-0.0107406051829,0.0276775415987,-0.00362640828826,-0.00939580798149],[-0.0000976781229838,0.00040548684774,-0.0000427542836405,0.000671938061714,-0.000702250108588,-0.00406832015142,0.00190180016216,0.00169814913534,0.00223588291556,-0.00548136979342,-0.00362640828826,0.0233640745282,-0.0041145584546],[-0.0000832412333693,-0.00000388044827559,0.000679262913764,-0.000158565075253,-0.000530363991857,0.00150631007273,-0.000875970639754,-0.00241243722849,-0.00103907543235,0.0065014786087,-0.00939580798149,-0.0041145584546,0.023187238723]],"mean":[-620.300231934,160.071258545,-33.3759231567,24.5837211609,1.64829993248,19.295129776,5.98207378387,10.492729187,2.00063443184,4.62964391708,0.187635079026,1.90579164028,-1.89259696007]},"pitch_salience":{"dmean":0.0926087871194,"dmean2":0.149870112538,"dvar":0.00701529625803,"dvar2":0.0176845639944,"max":0.825926065445,"mean":0.560707449913,"median":0.58422267437,"min":0.113085359335,"var":0.0155871603638},"silence_rate_20dB":{"dmean":0,"dmean2":0,"dvar":0,"dvar2":0,"max":1,"mean":1,"median":1,"min":1,"var":0},"silence_rate_30dB":{"dmean":0.149900063872,"dmean2":0.299833416939,"dvar":0.127423346043,"dvar2":0.267215788364,"max":1,"mean":0.8612190485,"median":1,"min":0,"var":0.119529537857},"silence_rate_60dB":{"dmean":0.000222074173507,"dmean2":0.000444197678007,"dvar":0.000222024857067,"dvar2":0.000444040022558,"max":1,"mean":0.0404130108654,"median":0,"min":0,"var":0.0387939326465},"spectral_centroid":{"dmean":205.153015137,"dmean2":315.569488525,"dvar":51168.9257812,"dvar2":97965.2109375,"max":11220.1933594,"mean":1311.91210938,"median":1260.89855957,"min":214.666595459,"var":252055.03125},"spectral_complexity":{"dmean":3.4208304882,"dmean2":5.44031095505,"dvar":7.97602128983,"dvar2":19.0095806122,"max":63,"mean":30.431886673,"median":32,"min":0,"var":82.712097168},"spectral_contrast_coeffs":{"dmean":[0.0577213130891,0.0507123097777,0.0383051782846,0.0268008932471,0.0200650058687,0.0317796505988],"dmean2":[0.0957460477948,0.0849617347121,0.0646384432912,0.045459009707,0.033807169646,0.0500291362405],"dvar":[0.00212919269688,0.00153356092051,0.000918257283047,0.000420765136369,0.00026749286917,0.000708677922376],"dvar2":[0.0057257944718,0.00432606786489,0.00258208322339,0.00121805432718,0.000744378368836,0.00172592839226],"max":[-0.405573129654,-0.485109269619,-0.592122256756,-0.664483428001,-0.649407029152,-0.496697276831],"mean":[-0.703688144684,-0.769613683224,-0.793023943901,-0.808173239231,-0.800721406937,-0.724323272705],"median":[-0.709403932095,-0.774525523186,-0.797875642776,-0.808788061142,-0.800375938416,-0.718596220016],"min":[-0.96256518364,-0.972247898579,-0.966136395931,-0.959461390972,-0.970795929432,-0.961971402168],"var":[0.00520227570087,0.00349353114143,0.00230954214931,0.000995354610495,0.00101800495759,0.00337767461315]},"spectral_contrast_valleys":{"dmean":[0.396388530731,0.342752307653,0.264013022184,0.213114544749,0.203125700355,0.439883172512],"dmean2":[0.656209170818,0.571281135082,0.439284980297,0.354322075844,0.311804413795,0.692103207111],"dvar":[0.104962982237,0.0833695605397,0.0579005554318,0.0468910075724,0.0613865405321,0.168144136667],"dvar2":[0.261007338762,0.200901478529,0.125103205442,0.0895920395851,0.114588387311,0.414625376463],"max":[-5.04370689392,-4.71436214447,-4.92326211929,-5.49466609955,-5.3688287735,-9.0331363678],"mean":[-6.5742521286,-6.27604007721,-6.29463911057,-6.61954259872,-7.18268060684,-10.8090133667],"median":[-6.31911754608,-6.11430740356,-6.08656692505,-6.40501403809,-6.96642637253,-10.6807260513],"min":[-27.6543903351,-27.1551036835,-27.4235477448,-27.4023742676,-27.3015365601,-27.2888469696],"var":[1.83777356148,1.26400673389,1.33453774452,1.4225922823,1.39760565758,1.00500583649]},"spectral_decrease":{"dmean":6.82478606961e-9,"dmean2":1.10823128452e-8,"dvar":7.09254832752e-17,"dvar2":1.81305575945e-16,"max":2.0437745718e-8,"mean":-1.09546736127e-8,"median":-9.00512198143e-9,"min":-7.29554656687e-8,"var":9.18877818619e-17},"spectral_energy":{"dmean":0.0249348767102,"dmean2":0.0407933145761,"dvar":0.000925502507016,"dvar2":0.00239308131859,"max":0.29196792841,"mean":0.0691104829311,"median":0.0640559792519,"min":1.0651279207e-20,"var":0.00143093802035},"spectral_energyband_high":{"dmean":0.000351053051418,"dmean2":0.000514032202773,"dvar":2.62060069645e-7,"dvar2":4.39349548742e-7,"max":0.0201902557164,"mean":0.00140073650982,"median":0.001203303691,"min":7.68700558833e-21,"var":0.00000126129839373},"spectral_energyband_low":{"dmean":0.023000754416,"dmean2":0.0379875712097,"dvar":0.000921126571484,"dvar2":0.00238042930141,"max":0.260648190975,"mean":0.0312068071216,"median":0.021070079878,"min":1.73621011942e-23,"var":0.00103080377448},"spectral_energyband_middle_high":{"dmean":0.00304105062969,"dmean2":0.00491028558463,"dvar":0.000012257988601,"dvar2":0.0000309803363052,"max":0.0802908688784,"mean":0.0116850882769,"median":0.0107519309968,"min":1.44843293544e-21,"var":0.0000505274547322},"spectral_energyband_middle_low":{"dmean":0.00503367464989,"dmean2":0.00824239291251,"dvar":0.0000360887570423,"dvar2":0.0000944202984101,"max":0.106910817325,"mean":0.0128427287564,"median":0.0109613845125,"min":2.90340041596e-22,"var":0.0000880380903254},"spectral_entropy":{"dmean":0.110902227461,"dmean2":0.173961013556,"dvar":0.0118966894224,"dvar2":0.0277543626726,"max":9.81692790985,"mean":7.65764474869,"median":7.69536209106,"min":5.4413895607,"var":0.0887432470918},"spectral_flux":{"dmean":0.037732295692,"dmean2":0.0625102892518,"dvar":0.00170807784889,"dvar2":0.0040498864837,"max":0.435160011053,"mean":0.152670562267,"median":0.147320911288,"min":1.03205034796e-10,"var":0.00369950453751},"spectral_kurtosis":{"dmean":4.12931108475,"dmean2":6.39979362488,"dvar":42.4904899597,"dvar2":106.355163574,"max":197.420623779,"mean":21.1979904175,"median":19.8204421997,"min":-1.17100119591,"var":89.8558120728},"spectral_rms":{"dmean":0.00136281049345,"dmean2":0.00218449230306,"dvar":0.00000209379209082,"dvar2":0.00000530247871211,"max":0.0168774034828,"mean":0.00782460719347,"median":0.0079052913934,"min":3.22358372634e-12,"var":0.00000620027776677},"spectral_rolloff":{"dmean":5609.25244141,"dmean2":10693.3310547,"dvar":66892508,"dvar2":141489632,"max":22006.9335938,"mean":14783.1611328,"median":20736.4746094,"min":64.599609375,"var":82539160},"spectral_skewness":{"dmean":0.301250129938,"dmean2":0.455848306417,"dvar":0.139838516712,"dvar2":0.341161996126,"max":10.69942379,"mean":3.11081171036,"median":3.03370904922,"min":-0.025525348261,"var":0.549547016621},"spectral_spread":{"dmean":359911.3125,"dmean2":567020.625,"dvar":336789504000,"dvar2":493315850240,"max":39869972,"mean":3791449.5,"median":3728515.75,"min":666022.25,"var":847250391040},"spectral_strongpeak":{"dmean":6.43006086349,"dmean2":11.8683815002,"dvar":516.748962402,"dvar2":1269.31103516,"max":291.842681885,"mean":6.28116130829,"median":0.29452124238,"min":0,"var":690.678710938},"zerocrossingrate":{"dmean":0.0464300401509,"dmean2":0.0580439791083,"dvar":0.00161712721456,"dvar2":0.00257035042159,"max":0.82958984375,"mean":0.291780561209,"median":0.2841796875,"min":0.03466796875,"var":0.0106246303767}},"metadata":{"audio_properties":{"analysis_sample_rate":44100,"bit_rate":297395,"codec":"mp3","downmix":"mix","equal_loudness":0,"length":209.11126709,"lossless":false,"md5_encoded":"04b0cef9a345f3b3a64bbb6580cc5f77","replay_gain":-10.050617218,"sample_rate":44100},"tags":{"album":["Crack the Skye"],"albumartist":["Mastodon"],"albumartistsort":["Mastodon"],"artist":["Mastodon"],"artistsort":["Mastodon"],"asin":["B001R4MEYS"],"barcode":["093624979111"],"catalognumber":["9362-49791-1"],"date":["2009"],"discnumber":["1/1"],"file_name":"02. Mastodon - Divinations.mp3","genre":["Progressive Metal"],"isrc":["USRE10900189"],"itunmovi":["<?xml version=\"1.0\" encoding=\"UTF-8\"?>\n<!DOCTYPE plist PUBLIC \"-//Apple Computer//DTD PLIST 1.0//EN\" \"http://www.apple.com/DTDs/PropertyList-1.0.dtd\">\n<plist version=\"1.0\">\n<dict>\n\t<key>asset-info</key>\n\t<dict>\n\t\t<key>flavor</key>\n\t\t<string>2:256</string>\n\t</dict>\n</dict>\n</plist>\n"],"itunnorm":["00002F7B 00002C35 000078C2 000082BD 00028A29 00027BA5 00007F96 00007F4B 0000542C 0002D887"],"itunsmpb":["00000000 00000840 00000158 00000000008CAA68 00000000 00000000 00000000 00000000 00000000 00000000 00000000 00000000"],"label":["Reprise Records"],"musicbrainz album release country":["US"],"musicbrainz album status":["official"],"musicbrainz album type":["album"],"musicbrainz_albumartistid":["bc5e2ad6-0a4a-4d90-b911-e9a7e6861727"],"musicbrainz_albumid":["06cf81b5-0a37-4ea8-b1f3-8df03708a24c"],"musicbrainz_artistid":["bc5e2ad6-0a4a-4d90-b911-e9a7e6861727"],"musicbrainz_recordingid":["a9ff9b67-487c-418e-8d69-ba1b8e53e720"],"musicip_puid":["e4914195-d679-449e-d757-506757c03fff"],"purchase date":["2009-01-25 23:25:48"],"title":["Divinations"],"tracknumber":["2/7"]},"version":{"essentia":"2.1-beta1","essentia_build_sha":"ca57ba49d9b1854bd80e60cf9ccf267278fb7d6b","essentia_git_sha":"v2.1_beta1-28-g21ef5f4-dirty","extractor":"music 1.0"}},"rhythm":{"beats_count":481,"beats_loudness":{"dmean":0.027920877561,"dmean2":0.0491831228137,"dvar":0.000596872007009,"dvar2":0.00164382974617,"max":0.180385693908,"mean":0.07