{"lowlevel":{"average_loudness":0.915603756905,"barkbands":{"dmean":[0.00257116672583,0.00796828512102,0.00447552464902,0.00206015515141,0.00418654689565,0.0021255183965,0.00132315035444,0.000489322643261,0.000879897037521,0.00123251450714,0.000587950169574,0.000536027655471,0.00066049041925,0.000437332637375,0.000236595020397,0.000164237324498,0.0000960242541623,0.0000742542542866,0.000056195716752,0.0000303653832816,0.0000177264246304,0.0000105455756056,0.00000522865366293,0.00000334145988745,0.00000271604403679,0.0000124315647554,0.000265343609499],"dmean2":[0.00409196456894,0.0134550360963,0.00778316287324,0.0035126011353,0.00689838174731,0.00353866349906,0.00217024586163,0.00081102270633,0.00146127480548,0.0020453708712,0.000989226507954,0.00090243970044,0.00111028936226,0.000736948102713,0.000395221897634,0.000273405894404,0.000159223651281,0.000119171352708,0.0000874745892361,0.0000448837854492,0.0000257514020632,0.0000152063221321,0.00000774285854277,0.00000537175719728,0.00000448209357273,0.0000177123092726,0.000387300126022],"dvar":[0.000034915858123,0.00014514249051,0.0000515439751325,0.0000109465472633,0.0000375932140741,0.00000968672247836,0.00000368889413949,6.97854034115e-7,0.00000239546488956,0.00000364524771612,9.38431696795e-7,6.64120477722e-7,9.71768372438e-7,2.83073120499e-7,1.64673579661e-7,9.70864348915e-8,2.26740191067e-8,1.43187905977e-8,1.15288445457e-8,3.51653151043e-9,9.94892501716e-10,2.83452178396e-10,6.29380089712e-11,2.48689836085e-11,1.89084633367e-11,7.15834058695e-10,1.31318245167e-7],"dvar2":[0.0000771762497607,0.000392316462239,0.000148556471686,0.0000296825764963,0.000093676506367,0.0000249620643444,0.0000091809706646,0.00000167204586887,0.00000561630849916,0.0000093517901405,0.0000023994782623,0.00000171449539721,0.00000266062193077,7.60689658819e-7,4.3768571345e-7,2.52551274116e-7,6.15592981035e-8,3.5250348418e-8,2.82483512137e-8,7.29642524178e-9,2.10765338515e-9,5.60257340521e-10,1.25938676154e-10,5.88751686292e-11,4.64943535061e-11,1.56859303324e-9,2.7627342547e-7],"max":[0.108331523836,0.137611299753,0.10661161691,0.0587700009346,0.138754636049,0.0574760586023,0.050470855087,0.0310219284147,0.0494135543704,0.0326971486211,0.0274996440858,0.020570801571,0.0258539654315,0.0102583775297,0.010710244067,0.0100980186835,0.0037959292531,0.00275335717015,0.0031929591205,0.00190532894339,0.000923387997318,0.000302296917653,0.00016794235853,0.0000727534934413,0.0000650947258691,0.00102288939524,0.00697018811479],"mean":[0.00295254727826,0.010930808261,0.00549677852541,0.00268867611885,0.00719042494893,0.00351037131622,0.00222558272071,0.000751271145418,0.00147718179505,0.00201229075901,0.00095141568454,0.000938903307542,0.00119321141392,0.000821606779937,0.000454769120552,0.000309623050271,0.000200263530132,0.000157582137035,0.00012273505854,0.0000658019343973,0.000037262114347,0.0000199744390557,0.00000882999756868,0.00000420640390075,0.00000283726990347,0.0000198585785256,0.000887959031388],"median":[0.000718552153558,0.00658316584304,0.00256254570559,0.00133301492315,0.00420769583434,0.0023009874858,0.00137044955045,0.000448722857982,0.000914348755032,0.00126810453366,0.000617272104137,0.000671598420013,0.000833892205264,0.000656694755889,0.000278090592474,0.000164109325851,0.000143754834426,0.0000956800431595,0.0000587394424656,0.0000331430928782,0.0000192278184841,0.00000953785820457,0.00000432029401054,0.00000207299581234,0.00000116815010642,0.00000677991147313,0.000659040815663],"min":[8.77519688134e-26,1.30646636755e-24,3.7030321578e-25,1.88706683515e-25,5.09562177373e-24,7.65535629317e-24,6.0623944789e-24,8.73157950464e-24,1.50557811408e-23,1.51763001544e-23,1.05289462235e-23,1.63133090429e-23,1.86062705258e-23,3.73349501759e-23,4.09316478773e-23,6.40253457738e-23,7.73313971392e-23,7.89826849622e-23,1.11887120926e-22,1.3922035612e-22,1.89506641623e-22,2.72387410173e-22,3.34170238963e-22,6.16044528247e-22,8.44359402983e-22,1.25033145862e-21,1.93281978454e-21],"var":[0.000043428492063,0.000180138638825,0.0000632275186945,0.0000165805267898,0.0000919010708458,0.0000177636193257,0.00000793340677774,0.00000120429479011,0.00000494723690281,0.00000675456931276,0.00000162442233886,0.00000114035310617,0.00000169623410784,5.25469658896e-7,3.77111405214e-7,2.39082140752e-7,4.52192310263e-8,3.88399712392e-8,3.65858277007e-8,1.20004735038e-8,3.02350522396e-9,7.5670947286e-10,1.4546171212e-10,3.45951323144e-11,2.12693265778e-11,1.21307586198e-9,7.10079405053e-7]},"barkbands_crest":{"dmean":2.78432488441,"dmean2":4.69168901443,"dvar":5.44437265396,"dvar2":15.1736021042,"max":23.7645816803,"mean":9.19583129883,"median":8.52746009827,"min":2.68580818176,"var":12.3292675018},"barkbands_flatness_db":{"dmean":0.0244129430503,"dmean2":0.0387291125953,"dvar":0.000429233681643,"dvar2":0.0010929715354,"max":0.380225151777,"mean":0.146911725402,"median":0.141503065825,"min":0.0278929583728,"var":0.00188688491471},"barkbands_kurtosis":{"dmean":3.5012011528,"dmean2":5.81949806213,"dvar":22.026676178,"dvar2":58.6693382263,"max":121.037376404,"mean":7.38177776337,"median":5.55905723572,"min":-1.72561275959,"var":51.5659675598},"barkbands_skewness":{"dmean":0.530169546604,"dmean2":0.871588289738,"dvar":0.238645374775,"dvar2":0.635582506657,"max":8.23302841187,"mean":2.11153459549,"median":2.03341341019,"min":-2.27345252037,"var":0.962338745594},"barkbands_spread":{"dmean":5.44808483124,"dmean2":8.67154121399,"dvar":27.7339916229,"dvar2":64.1761245728,"max":117.351318359,"mean":22.535741806,"median":20.5132350922,"min":0.874444425106,"var":131.622634888},"dissonance":{"dmean":0.0188095439225,"dmean2":0.032380156219,"dvar":0.000295889942208,"dvar2":0.000837021623738,"max":0.500000238419,"mean":0.470057219267,"median":0.474832624197,"min":0.309290379286,"var":0.00046846884652},"dynamic_complexity":2.00362062454,"erbbands":{"dmean":[0.288341194391,1.72739255428,5.05672025681,5.2106962204,10.9640264511,16.0471992493,16.061750412,18.7863025665,21.8149242401,14.8416414261,10.6225767136,20.0325126648,32.9535446167,35.873790741,17.6166610718,22.6111812592,30.9031391144,23.2260608673,12.8577833176,9.94822978973,7.975897789,5.15188598633,4.05344963074,3.46902775764,2.17101740837,1.39552390575,0.940661132336,0.608745872974,0.398111820221,0.223709315062,0.138467490673,0.0903205052018,0.0453734956682,0.0304126106203,0.0193370822817,0.0118881948292,0.0266474131495,0.0336557850242,0.0225378181785,0.00610267743468],"dmean2":[0.495732456446,2.92794418335,8.73638534546,8.8695268631,18.4635295868,26.6291160583,26.7520065308,31.3917961121,35.9061546326,24.8388214111,17.5330162048,33.1830558777,54.8306922913,59.7597885132,29.4410457611,38.0087547302,51.9871826172,39.1725273132,21.297410965,16.4760131836,13.1493473053,8.50593566895,6.48684310913,5.49264144897,3.29399728775,2.06619620323,1.37725841999,0.880378842354,0.571798086166,0.326659739017,0.205881789327,0.140265882015,0.0748091340065,0.0502621233463,0.0318409241736,0.0192874483764,0.0376717187464,0.0441123656929,0.0297341924161,0.00910198315978],"dvar":[0.263970673084,6.83529186249,65.0291366577,55.818687439,345.054107666,690.648376465,643.730285645,905.402832031,1245.75109863,486.064788818,335.677947998,1232.31665039,3102.34423828,3661.04589844,955.226379395,1375.5213623,2225.60888672,814.438659668,388.524688721,257.170043945,295.408782959,64.4284439087,38.6037940979,47.6854095459,15.6682844162,7.62102556229,3.49768257141,0.975100457668,0.411571979523,0.11628459394,0.0443991459906,0.018940186128,0.00527548464015,0.00241310638376,0.00094092276413,0.00030821620021,0.00366174406372,0.00483407871798,0.00182035251055,0.0000620437640464],"dvar2":[0.727184534073,18.3163509369,182.731124878,157.121704102,881.754516602,1772.01977539,1576.77966309,2310.84936523,3053.39819336,1230.55358887,797.037231445,2822.96801758,7666.18164062,9408.04492188,2477.79882812,3508.88256836,6051.28662109,2224.34936523,1009.07263184,688.573303223,768.065124512,173.65397644,94.0587539673,118.439537048,36.5730857849,15.6916799545,7.27466344833,2.00244498253,0.8123447299,0.225245773792,0.0898846238852,0.0414811857045,0.012959706597,0.00593754742295,0.0023122546263,0.000748877704609,0.00789253506809,0.00912168249488,0.00323426653631,0.000137746261316],"max":[7.74437904358,34.9573898315,113.727340698,138.256378174,331.141326904,569.910888672,737.587097168,633.66583252,792.196350098,552.604248047,619.493469238,1104.83605957,1358.72705078,1935.65466309,1142.03015137,1031.32885742,1340.28979492,614.4765625,542.395446777,344.819000244,676.507019043,200.664840698,135.577163696,170.121932983,112.96081543,78.8743057251,62.8043136597,21.6726837158,11.8392095566,6.20818805695,4.30921936035,2.59779286385,1.07875669003,0.73476421833,0.459226518869,0.254449933767,2.30229735374,2.18021655083,1.12063312531,0.158884942532],"mean":[0.352676957846,2.31269073486,6.38349723816,7.6679649353,16.4877910614,24.8782234192,25.200334549,30.2349319458,36.4827003479,24.1036834717,18.4053516388,33.5678672791,54.0522041321,60.1250953674,33.8494911194,42.1962509155,57.5976409912,46.5737838745,27.7983703613,21.0107631683,15.9485578537,11.5202312469,9.1020565033,7.61657381058,4.82612609863,3.10058164597,1.97595858574,1.24890172482,0.767157137394,0.41172298789,0.228829234838,0.128916472197,0.049204878509,0.0315364636481,0.0205498803407,0.0144678456709,0.0422613583505,0.0658559650183,0.0572971701622,0.0258106160909],"median":[0.195275008678,1.2849394083,3.25077438354,4.56318902969,8.09603309631,13.8167638779,15.205332756,18.6300678253,21.4535217285,14.9389429092,11.8091192245,20.731098175,33.6592788696,39.4205703735,24.7123966217,31.0199279785,41.1550331116,38.2155532837,19.8731594086,12.9255714417,8.71283721924,8.37351036072,5.87774467468,3.91273641586,2.41702246666,1.57282733917,1.00704777241,0.625803589821,0.367432445288,0.206959798932,0.11161005497,0.0599712878466,0.0224077459425,0.0127903418615,0.00882071442902,0.00773785822093,0.013123113662,0.02241384238,0.0295003578067,0.0221242550761],"min":[1.08533061062e-22,2.95553945174e-22,1.77597212323e-21,6.12602408787e-21,9.99354783544e-21,2.18808610598e-20,2.76603768465e-20,5.83250349037e-20,1.10273412013e-19,1.22804474511e-19,2.38014138528e-19,4.00680214113e-19,5.32476788117e-19,7.02910580792e-19,6.78956774421e-19,1.13108004876e-18,1.43956289275e-18,1.99225209762e-18,2.29554200512e-18,2.91993474101e-18,3.69168143123e-18,4.31600344318e-18,3.67183984987e-18,6.08812664978e-18,6.62974466254e-18,5.9707137385e-18,8.74957075809e-18,9.11769177327e-18,1.03433492751e-17,1.17134523643e-17,1.02645049007e-17,1.07844813871e-17,1.04530764377e-17,7.83662309654e-18,6.4867478821e-18,4.38263532306e-18,2.22051610318e-18,9.14651343415e-19,2.46396450814e-19,2.66410043729e-20],"var":[0.262171506882,8.74308204651,78.464225769,83.2361526489,710.266052246,1457.55029297,1374.55737305,1573.19104004,2588.85595703,959.885742188,671.083190918,2574.28344727,5592.04541016,6453.91503906,1584.7722168,2365.79077148,3786.20947266,1509.97290039,929.927612305,704.844421387,697.859191895,145.378631592,110.475234985,135.486846924,53.0893707275,26.7142715454,10.7677764893,2.95588731766,1.1187915802,0.307774066925,0.0976371020079,0.0333187915385,0.005973841995,0.00269233272411,0.0010688516777,0.000386586063541,0.0061103454791,0.0115967281163,0.00717222224921,0.000377181277145]},"erbbands_crest":{"dmean":2.21782946587,"dmean2":3.72135686874,"dvar":4.38982582092,"dvar2":11.4689044952,"max":29.4320716858,"mean":7.58148670197,"median":6.84849977493,"min":2.50013566017,"var":9.28240299225},"erbbands_flatness_db":{"dmean":0.022346816957,"dmean2":0.0344114340842,"dvar":0.000377679796657,"dvar2":0.000911642680876,"max":0.33939614892,"mean":0.16163097322,"median":0.1572817415,"min":0.0406948700547,"var":0.00152860663366},"erbbands_kurtosis":{"dmean":0.691973268986,"dmean2":1.13153266907,"dvar":0.616484761238,"dvar2":1.56155288219,"max":14.1252765656,"mean":0.246850162745,"median":-0.0555319488049,"min":-1.62067353725,"var":1.60703837872},"erbbands_skewness":{"dmean":0.308242470026,"dmean2":0.499217063189,"dvar":0.0669682174921,"dvar2":0.175305232406,"max":3.54629254341,"mean":0.0368127971888,"median":0.0405456013978,"min":-2.11173892021,"var":0.274281293154},"erbbands_spread":{"dmean":4.7939825058,"dmean2":7.68598031998,"dvar":16.8208446503,"dvar2":41.5978317261,"max":81.6314163208,"mean":25.2399635315,"median":24.350069046,"min":2.69135499001,"var":72.0924224854},"gfcc":{"cov":[[22356.9042969,1330.98364258,-1588.70788574,14.5733880997,48.6211624146,-692.990905762,205.174880981,-492.783905029,-6.30253124237,-93.3306808472,-81.0233230591,60.3039627075,-192.469421387],[1330.98364258,936.508239746,-118.516181946,-254.184143066,155.390075684,-25.0001316071,-39.9848098755,-36.6860198975,1.77422714233,-100.152259827,56.2537956238,-76.316619873,65.640625],[-1588.70788574,-118.516181946,363.467498779,110.175956726,-73.1383666992,182.917953491,-52.2631912231,93.1105804443,-21.9537067413,43.1318321228,-6.54013586044,-3.09646439552,-1.90080583096],[14.5733880997,-254.184143066,110.175956726,250.082824707,23.3938369751,-4.81534194946,59.970413208,1.93288290501,1.26711940765,42.6043357849,-24.0494289398,22.9908943176,-38.3553314209],[48.6211624146,155.390075684,-73.1383666992,23.3938369751,209.977722168,-46.3009605408,72.9608535767,-30.1079730988,17.1060523987,-27.8553333282,20.5947303772,-15.302069664,12.8750514984],[-692.990905762,-25.0001316071,182.917953491,-4.81534194946,-46.3009605408,277.007324219,-42.1124382019,108.799362183,-28.7757129669,19.7788982391,6.78192901611,-21.3020324707,23.7257518768],[205.174880981,-39.9848098755,-52.2631912231,59.970413208,72.9608535767,-42.1124382019,208.634231567,-28.3571834564,50.9023017883,10.1827468872,-18.3260803223,32.0260620117,-47.6827812195],[-492.783905029,-36.6860198975,93.1105804443,1.93288290501,-30.1079730988,108.799362183,-28.3571834564,131.075454712,3.79921627045,21.2266540527,13.1682500839,-25.5470352173,33.8366508484],[-6.30253124237,1.77422714233,-21.9537067413,1.26711940765,17.1060523987,-28.7757129669,50.9023017883,3.79921627045,75.0561981201,32.7180557251,5.67779779434,20.8883781433,-18.6411342621],[-93.3306808472,-100.152259827,43.1318321228,42.6043357849,-27.8553333282,19.7788982391,10.1827468872,21.2266540527,32.7180557251,71.8995361328,20.6708602905,21.8781490326,-9.75939655304],[-81.0233230591,56.2537956238,-6.54013586044,-24.0494289398,20.5947303772,6.78192901611,-18.3260803223,13.1682500839,5.67779779434,20.6708602905,58.6013259888,15.2932519913,24.8873558044],[60.3039627075,-76.316619873,-3.09646439552,22.9908943176,-15.302069664,-21.3020324707,32.0260620117,-25.5470352173,20.8883781433,21.8781490326,15.2932519913,72.1537094116,-5.39508056641],[-192.469421387,65.640625,-1.90080583096,-38.3553314209,12.8750514984,23.7257518768,-47.6827812195,33.8366508484,-18.6411342621,-9.75939655304,24.8873558044,-5.39508056641,76.0221786499]],"icov":[[0.000174280183273,-0.000720243609976,0.00140500045381,-0.00107113807462,0.000529805663973,-0.000281132699456,0.000249530887231,-0.000411343353335,0.000793638173491,-0.00088153523393,0.000843290472403,-0.000826077070087,0.000642184691969],[-0.000720243609976,0.00542713189498,-0.00669819815084,0.0062437877059,-0.00303707574494,0.00103144510649,-0.00133048335556,0.00355232018046,-0.00547574972734,0.00658569857478,-0.00653028348461,0.00627243798226,-0.00366424187087],[0.00140500045381,-0.00669819815084,0.0176902022213,-0.0122018586844,0.00537578901276,-0.00547669176012,0.00374872679822,-0.00539755541831,0.00705463858321,-0.00832913257182,0.00812189094722,-0.00840950291604,0.00658412650228],[-0.00107113807462,0.0062437877059,-0.0122018586844,0.0168811790645,-0.00826450716704,0.00451764231548,-0.00264183734544,0.00110787758604,0.000498620676808,-0.00102356285788,-0.000278266903479,0.00283531146124,-0.00176824140362],[0.000529805663973,-0.00303707574494,0.00537578901276,-0.00826450716704,0.0127807650715,-0.00214355578646,-0.00311086908914,0.00296212453395,-0.00351216294803,0.00500702206045,-0.00648546451703,0.00439345976338,-0.00262025510892],[-0.000281132699456,0.00103144510649,-0.00547669176012,0.00451764231548,-0.00214355578646,0.00848626438528,-0.00110747979488,-0.00465912278742,0.00381177361123,-0.00179362914059,0.000571766286157,-0.000126076643937,0.000141923024785],[0.000249530887231,-0.00133048335556,0.00374872679822,-0.00264183734544,-0.00311086908914,-0.00110747979488,0.00977550633252,-0.0028077098541,-0.00128040171694,-0.00195454130881,0.00600046804175,-0.0068090185523,0.00578250782564],[-0.000411343353335,0.00355232018046,-0.00539755541831,0.00110787758604,0.00296212453395,-0.00465912278742,-0.0028077098541,0.0210644081235,-0.0121412668377,0.00599986733869,-0.00992055237293,0.0143889617175,-0.0118068829179],[0.000793638173491,-0.00547574972734,0.00705463858321,0.000498620676808,-0.00351216294803,0.00381177361123,-0.00128040171694,-0.0121412668377,0.0356167964637,-0.024213898927,0.0148432701826,-0.0149629563093,0.0108751691878],[-0.00088153523393,0.00658569857478,-0.00832913257182,-0.00102356285788,0.00500702206045,-0.00179362914059,-0.00195454130881,0.00599986733869,-0.024213898927,0.0434432365,-0.0264764446765,0.0103613166139,-0.00378493359312],[0.000843290472403,-0.00653028348461,0.00812189094722,-0.000278266903479,-0.00648546451703,0.000571766286157,0.00600046804175,-0.00992055237293,0.0148432701826,-0.0264764446765,0.0442162230611,-0.0201026443392,0.00127433892339],[-0.000826077070087,0.00627243798226,-0.00840950291604,0.00283531146124,0.00439345976338,-0.000126076643937,-0.0068090185523,0.0143889617175,-0.0149629563093,0.0103613166139,-0.0201026443392,0.0335562191904,-0.0110434209928],[0.000642184691969,-0.00366424187087,0.00658412650228,-0.00176824140362,-0.00262025510892,0.000141923024785,0.00578250782564,-0.0118068829179,0.0108751691878,-0.00378493359312,0.00127433892339,-0.0110434209928,0.027477633208]],"mean":[-2.53097581863,120.507240295,-86.8174057007,-20.7491416931,-4.1331152916,-16.8847484589,-1.62857294083,-21.0403251648,-5.2121348381,-10.5758419037,-2.50602698326,-2.55551481247,-5.23707962036]},"hfc":{"dmean":36.153629303,"dmean2":60.8001365662,"dvar":1374.55432129,"dvar2":4065.21044922,"max":573.911132812,"mean":155.638214111,"median":153.754577637,"min":1.06318523366e-16,"var":5565.12939453},"melbands":{"dmean":[0.00236534303986,0.00239991559647,0.00102228496689,0.000919126789086,0.000600506318733,0.00042352580931,0.000313690950861,0.00014684429334,0.0000949827081058,0.000131250824779,0.000170366809471,0.000153857778059,0.000067388136813,0.0000614686723566,0.0000607325346209,0.0000668564243824,0.0000454603141407,0.0000234428407566,0.0000180994647963,0.0000124168582261,0.00000942380665947,0.00000606242247159,0.00000432784054283,0.00000375511763195,0.00000308261542159,0.00000201550210477,0.00000126211455154,9.74776753537e-7,6.95552785146e-7,4.43762701252e-7,3.66030576515e-7,2.59341362607e-7,1.63247449336e-7,1.16320499899e-7,8.4307359316e-8,6.92517332368e-8,5.1280636626e-8,3.21452837682e-8,2.78828320432e-8,2.48667184621e-8],"dmean2":[0.00400207517669,0.00409986032173,0.00172389333602,0.00153697282076,0.000988168641925,0.000702027522493,0.000514932267834,0.00024538661819,0.00015716755297,0.000217967084609,0.000283424131339,0.000255809078226,0.000112952191557,0.000103254562418,0.000102482328657,0.000112102810817,0.000076889868069,0.0000388655316783,0.0000301979016513,0.0000207019893423,0.0000156026471814,0.0000101075756902,0.00000710084532329,0.00000605445075053,0.00000495732092531,0.00000316169985126,0.00000195019970306,0.00000147526168348,0.00000104343928342,6.63468597395e-7,5.46639114418e-7,3.81692984774e-7,2.41481984631e-7,1.73079399701e-7,1.26733922912e-7,1.05096653158e-7,8.12760845292e-8,5.31688755245e-8,4.61586289191e-8,4.10842311283e-8],"dvar":[0.0000148933622768,0.0000134305028041,0.00000215853287955,0.00000182265068815,9.62314857134e-7,4.4221258122e-7,2.4074691396e-7,4.81903867922e-8,2.92811677127e-8,5.19981782077e-8,8.07819731108e-8,6.59067183051e-8,1.23088526038e-8,8.70672067776e-9,7.40003081035e-9,1.05370139281e-8,3.06040726095e-9,1.20978727036e-9,1.16544363049e-9,4.35602220961e-10,4.09732192619e-10,9.23829138189e-11,3.88380369531e-11,4.46839648616e-11,4.04425173905e-11,1.36840460838e-11,5.89678653129e-12,4.15468701109e-12,2.17466127571e-12,6.28330883417e-13,3.9462725622e-13,1.84344618563e-13,6.61256870115e-14,3.16564977628e-14,1.66695931554e-14,1.18755755623e-14,6.11026867666e-15,2.66611751665e-15,2.05443225027e-15,1.60647824084e-15],"dvar2":[0.0000397057228838,0.0000363878098142,0.00000589996488998,0.0000047313073992,0.00000228355565923,0.00000111968506644,5.92884759953e-7,1.21569783573e-7,6.88863011078e-8,1.21774306194e-7,1.99462192541e-7,1.70303678715e-7,3.10219441246e-8,2.27304894906e-8,1.99739584872e-8,2.86795511784e-8,8.4128055633e-9,3.13198600388e-9,3.14432746507e-9,1.14706111276e-9,1.06368325259e-9,2.52489223973e-10,9.91598747557e-11,1.11248066315e-10,1.03365115078e-10,3.35503985704e-11,1.36065013423e-11,9.12179273088e-12,4.67326958381e-12,1.41741978398e-12,8.79493038727e-13,3.83392184103e-13,1.34559708211e-13,6.45439851197e-14,3.46810084719e-14,2.54409581374e-14,1.39841683697e-14,6.56376291684e-15,5.05681591774e-15,3.95250772419e-15],"max":[0.0553115829825,0.0459348894656,0.0222780760378,0.0234528034925,0.0290930811316,0.0133218895644,0.0105359759182,0.00705419527367,0.00770118227229,0.00664247944951,0.00657006911933,0.00761775532737,0.00344432797283,0.00190780370031,0.00182358594611,0.00242422311567,0.00120152358431,0.000862558197696,0.00096815865254,0.000481556780869,0.00082579231821,0.00025382405147,0.000109707965748,0.000167635211255,0.00015572636039,0.0000952751724981,0.0000740238610888,0.0000546844275959,0.0000515515457664,0.0000197995686904,0.0000132696477522,0.00000805464969744,0.00000506944752487,0.00000341448844665,0.00000249244158113,0.00000235720358432,0.00000126075997287,7.67551227909e-7,6.77238460867e-7,5.99689144565e-7],"mean":[0.00324988062494,0.00333384610713,0.00163275201339,0.00148629106116,0.000986059545539,0.000701664015651,0.000537103682291,0.000235303465161,0.000157239817781,0.000216227854253,0.000271780067123,0.000250187003985,0.000118308984383,0.0001050464125,0.000115382768854,0.000119891774375,0.0000831305951579,0.0000454872715636,0.0000342355560861,0.0000233295031649,0.0000172114596353,0.0000121104067148,0.00000910707876756,0.00000752259848014,0.00000611438599663,0.00000411846940551,0.00000255791678683,0.00000195504935618,0.00000134606591473,8.63362060954e-7,6.83970540649e-7,4.71043250627e-7,2.92935169455e-7,2.0062687156e-7,1.35468212648e-7,1.04654859001e-7,6.64283987817e-8,3.32121281588e-8,2.84771068948e-8,2.57238479406e-8],"median":[0.00194109021686,0.00186604610644,0.000986613100395,0.000851354270708,0.000586343870964,0.000440329225967,0.000325804168824,0.000144521953189,0.0000957144729909,0.000132695902721,0.000165777775692,0.000160936193424,0.0000811962891021,0.0000741731346352,0.0000843037050799,0.0000842167355586,0.000067207882239,0.0000317869889841,0.0000196095406864,0.0000131307524498,0.0000090867979452,0.00000861217358761,0.00000638645587969,0.0000041403495743,0.00000296128291666,0.00000196719338419,0.00000126233476294,9.57359475251e-7,6.55866301713e-7,4.39040320543e-7,3.25745986629e-7,2.17137781533e-7,1.4516926683e-7,9.91661366356e-8,6.55914149661e-8,4.86866618132e-8,2.9993813655e-8,1.36103146531e-8,1.11747855414e-8,1.03694945963e-8],"min":[1.29536423499e-24,9.84066705585e-25,1.37041941974e-24,8.73561886691e-25,9.49330004485e-25,1.39879376043e-24,1.67280735687e-24,1.36236012091e-24,1.30208552712e-24,2.08010590578e-24,2.4465945107e-24,2.57150511301e-24,1.77258465353e-24,1.73882278729e-24,2.32807880931e-24,2.66693933596e-24,2.50143493754e-24,2.87326590572e-24,4.09032149637e-24,3.75733699739e-24,3.2031560978e-24,3.95347740071e-24,4.13745041343e-24,3.94838688129e-24,4.25274637903e-24,4.32837092414e-24,4.27562650073e-24,2.87775334098e-24,4.77798614138e-24,4.01111000072e-24,4.15938508533e-24,4.9641817697e-24,3.42004334571e-24,4.99739557482e-24,4.64980728833e-24,5.83244034174e-24,6.22339941194e-24,6.24385891394e-24,6.13186354237e-24,5.79690767998e-24],"var":[0.0000175183758984,0.0000177614401764,0.00000385972543882,0.00000375359763893,0.00000238187863033,8.19191939172e-7,5.09742108079e-7,9.28295875724e-8,5.92227706875e-8,1.02752487408e-7,1.45472384361e-7,1.14140696894e-7,2.23560743251e-8,1.43186360546e-8,1.39801192844e-8,1.7743616354e-8,5.21028509226e-9,2.6354805005e-9,2.67567479284e-9,1.02166430871e-9,9.17172782167e-10,1.73936365311e-10,9.18936940431e-11,1.11931838798e-10,9.86605311337e-11,4.00908299614e-11,1.67448624411e-11,1.20557236069e-11,5.9189111945e-12,1.6199021291e-12,9.66102198241e-13,4.49245404332e-13,1.61701760922e-13,7.64259667921e-14,3.50076514815e-14,2.26404554555e-14,9.45888976682e-15,2.97498850438e-15,2.27635340014e-15,1.7950779616e-15]},"melbands_crest":{"dmean":3.95170712471,"dmean2":6.72367668152,"dvar":11.3197135925,"dvar2":32.586643219,"max":33.5804328918,"mean":13.482919693,"median":12.8372440338,"min":1.48909771442,"var":23.5552368164},"melbands_flatness_db":{"dmean":0.0319734551013,"dmean2":0.051004640758,"dvar":0.000711155938916,"dvar2":0.00182667805348,"max":0.568957269192,"mean":0.266885668039,"median":0.264269292355,"min":0.00299434131011,"var":0.0039319708012},"melbands_kurtosis":{"dmean":4.27618312836,"dmean2":7.15261650085,"dvar":33.7891235352,"dvar2":92.0569763184,"max":157.572128296,"mean":6.98429965973,"median":4.60739040375,"min":-1.64763498306,"var":71.2861633301},"melbands_skewness":{"dmean":0.64346498251,"dmean2":1.06067371368,"dvar":0.348058283329,"dvar2":0.938948988914,"max":10.3620233536,"mean":2.13432240486,"median":2.01570105553,"min":-1.23361086845,"var":1.11691212654},"melbands_spread":{"dmean":4.37288665771,"dmean2":7.21369695663,"dvar":17.4210128784,"dvar2":44.7992668152,"max":193.663803101,"mean":17.1409664154,"median":14.616560936,"min":0.79479175806,"var":266.619476318},"mfcc":{"cov":[[7223.30273438,749.3515625,-645.943115234,702.354858398,-255.521438599,166.409500122,-116.161987305,7.19086265564,-92.1629714966,76.3330993652,-47.5601272583,-18.2124176025,34.3954582214],[749.3515625,1315.11706543,-171.724746704,-108.417945862,142.779006958,-20.4788722992,39.9012908936,8.40479278564,-1.5339550972,-55.0249786377,18.2616920471,-14.6193199158,-34.6482086182],[-645.943115234,-171.724746704,457.613983154,-137.545394897,63.5473480225,8.4531545639,37.3282356262,9.29166412354,29.1231880188,6.79680585861,24.9848976135,30.2245292664,-7.93354463577],[702.354858398,-108.417945862,-137.545394897,360.098114014,-79.3881454468,68.0578384399,-24.7875881195,6.7016825676,-18.7878780365,34.6787567139,-14.3974208832,-5.33938789368,24.3284225464],[-255.521438599,142.779006958,63.5473480225,-79.3881454468,200.418762207,-32.2769889832,55.427192688,-19.7668228149,20.0420341492,-28.5057926178,10.010840416,-7.02695178986,-0.885010778904],[166.409500122,-20.4788722992,8.4531545639,68.0578384399,-32.2769889832,137.799575806,22.5455551147,42.3442878723,-2.49757528305,23.6530170441,2.06301903725,20.4654941559,8.07416820526],[-116.161987305,39.9012908936,37.3282356262,-24.7875881195,55.427192688,22.5455551147,115.21031189,33.4394569397,33.340763092,4.41593885422,11.5313367844,-1.21603763103,5.68499517441],[7.19086265564,8.40479278564,9.29166412354,6.7016825676,-19.7668228149,42.3442878723,33.4394569397,77.3432922363,26.2604484558,18.9389839172,4.50891160965,10.3849496841,-0.376070559025],[-92.1629714966,-1.5339550972,29.1231880188,-18.7878780365,20.0420341492,-2.49757528305,33.340763092,26.2604484558,66.4381484985,28.3066940308,13.0890436172,2.90275406837,6.2566204071],[76.3330993652,-55.0249786377,6.79680585861,34.6787567139,-28.5057926178,23.6530170441,4.41593885422,18.9389839172,28.3066940308,62.9998435974,21.2727527618,9.05533218384,8.81567287445],[-47.5601272583,18.2616920471,24.9848976135,-14.3974208832,10.010840416,2.06301903725,11.5313367844,4.50891160965,13.0890436172,21.2727527618,49.5635223389,25.2364082336,9.51544094086],[-18.2124176025,-14.6193199158,30.2245292664,-5.33938789368,-7.02695178986,20.4654941559,-1.21603763103,10.3849496841,2.90275406837,9.05533218384,25.2364082336,49.5957565308,22.1961765289],[34.3954582214,-34.6482086182,-7.93354463577,24.3284225464,-0.885010778904,8.07416820526,5.68499517441,-0.376070559025,6.2566204071,8.81567287445,9.51544094086,22.1961765289,44.4430847168]],"icov":[[0.000210712227272,-0.000171023100847,0.0000963372149272,-0.000336183991749,0.000149779822095,-0.0000532639423909,0.0000298090599244,0.0000924707492231,0.000141626253026,-0.000289109593723,0.000215766849578,-0.0000855686885188,-0.0000516022118973],[-0.000171023100847,0.00114592874888,0.000549529620912,0.000542850990314,-0.000870596850291,-0.00019982867525,0.0000361762286047,-0.000469643884571,-0.000167509977473,0.000969951914158,-0.00104131083935,0.0000265319486061,0.000877917860635],[0.0000963372149272,0.000549529620912,0.00320833176374,0.000931780028623,-0.000956253556069,-0.000672215304803,-0.000382690894185,0.000381174730137,-0.000584275985602,-0.000425638427259,-0.0000209122954402,-0.00233717518859,0.0019101917278],[-0.000336183991749,0.000542850990314,0.000931780028623,0.00473630521446,0.00010442956409,-0.00184037804138,0.00035938541987,0.000146407590364,0.000895827892236,-0.0016098433407,0.00029860023642,0.00181870732922,-0.00223029660992],[0.000149779822095,-0.000870596850291,-0.000956253556069,0.00010442956409,0.00845852401108,0.000325155939208,-0.00349328806624,0.00361288222484,-0.0028000632301,0.00373274763115,-0.00163906393573,0.00144724047277,-0.00115382287186],[-0.0000532639423909,-0.00019982867525,-0.000672215304803,-0.00184037804138,0.000325155939208,0.0118236914277,-0.00289776897989,-0.00484508555382,0.00467882165685,-0.00435037445277,0.00365227670409,-0.00562896206975,0.00119451794308],[0.0000298090599244,0.0000361762286047,-0.000382690894185,0.00035938541987,-0.00349328806624,-0.00289776897989,0.0145099675283,-0.00545807834715,-0.00419208221138,0.0029543065466,-0.00426283525303,0.00607982976362,-0.00382488360628],[0.0000924707492231,-0.000469643884571,0.000381174730137,0.000146407590364,0.00361288222484,-0.00484508555382,-0.00545807834715,0.0223713107407,-0.00783062167466,-0.000993621069938,0.00337698520161,-0.00590692600235,0.0049163880758],[0.000141626253026,-0.000167509977473,-0.000584275985602,0.000895827892236,-0.0028000632301,0.00467882165685,-0.00419208221138,-0.00783062167466,0.0278595965356,-0.0138079626486,0.001313897199,0.00143032777123,-0.00344944139943],[-0.000289109593723,0.000969951914158,-0.000425638427259,-0.0016098433407,0.00373274763115,-0.00435037445277,0.0029543065466,-0.000993621069938,-0.0138079626486,0.0320757813752,-0.0150441462174,0.00643937662244,-0.0021500911098],[0.000215766849578,-0.00104131083935,-0.0000209122954402,0.00029860023642,-0.00163906393573,0.00365227670409,-0.00426283525303,0.00337698520161,0.001313897199,-0.0150441462174,0.0378080829978,-0.0210752021521,0.00396158825606],[-0.0000855686885188,0.0000265319486061,-0.00233717518859,0.00181870732922,0.00144724047277,-0.00562896206975,0.00607982976362,-0.00590692600235,0.00143032777123,0.00643937662244,-0.0210752021521,0.0441391505301,-0.0201128721237],[-0.0000516022118973,0.000877917860635,0.0019101917278,-0.00223029660992,-0.00115382287186,0.00119451794308,-0.00382488360628,0.0049163880758,-0.00344944139943,-0.0021500911098,0.00396158825606,-0.0201128721237,0.03518666327]],"mean":[-664.12310791,192.05859375,-21.8195877075,18.6257858276,3.50503325462,15.6195049286,3.82600426674,5.06640148163,-3.5125079155,-0.334175854921,0.302893638611,-0.515689253807,-3.25753569603]},"pitch_salience":{"dmean":0.0779833868146,"dmean2":0.131894603372,"dvar":0.00426841340959,"dvar2":0.0120697524399,"max":0.897894561291,"mean":0.610943615437,"median":0.622334420681,"min":0.149576365948,"var":0.00938532594591},"silence_rate_20dB":{"dmean":0,"dmean2":0,"dvar":0,"dvar2":0,"max":1,"mean":1,"median":1,"min":1,"var":0},"silence_rate_30dB":{"dmean":0.0494515374303,"dmean2":0.0989119708538,"dvar":0.0470060817897,"dvar2":0.111248701811,"max":1,"mean":0.946597158909,"median":1,"min":0,"var":0.0505509935319},"silence_rate_60dB":{"dmean":0.00179823767394,"dmean2":0.00359679874964,"dvar":0.00179500412196,"dvar2":0.00466290162876,"max":1,"mean":0.0245437379926,"median":0,"min":0,"var":0.0239413436502},"spectral_centroid":{"dmean":137.891983032,"dmean2":219.358306885,"dvar":24449.3769531,"dvar2":53080.0742188,"max":11643.8271484,"mean":906.878234863,"median":731.793579102,"min":146.978103638,"var":1360810.875},"spectral_complexity":{"dmean":2.87987780571,"dmean2":4.63393592834,"dvar":6.32094192505,"dvar2":14.8296689987,"max":52,"mean":22.1900558472,"median":22,"min":0,"var":56.0920829773},"spectral_contrast_coeffs":{"dmean":[0.0558045618236,0.0510018542409,0.0376192368567,0.0290692988783,0.0236669685692,0.0386950075626],"dmean2":[0.0940064117312,0.085835531354,0.0637120455503,0.0492519140244,0.0388711392879,0.0599725358188],"dvar":[0.00193731917534,0.00156617164612,0.0008637199644,0.000505414907821,0.000474610453239,0.00138508586679],"dvar2":[0.00552510051057,0.00440691225231,0.00246978807263,0.00143769721035,0.00123546551913,0.00327150849625],"max":[-0.291700601578,-0.482746392488,-0.562755167484,-0.633826196194,-0.649777173996,-0.484572380781],"mean":[-0.656503617764,-0.753909528255,-0.799886167049,-0.797500789165,-0.812263131142,-0.776416063309],"median":[-0.659638643265,-0.755901515484,-0.803410947323,-0.797512173653,-0.809859216213,-0.785695195198],"min":[-0.977468073368,-0.978034079075,-0.983774125576,-0.970989942551,-0.969067454338,-0.965325057507],"var":[0.00764198973775,0.00425275089219,0.00242296559736,0.00147487642244,0.00174582353793,0.00577131845057]},"spectral_contrast_valleys":{"dmean":[0.385004967451,0.336598336697,0.275596141815,0.233636647463,0.286270916462,0.663123011589],"dmean2":[0.649440944195,0.562582969666,0.460335820913,0.38195553422,0.425012022257,1.07130658627],"dvar":[0.0981438755989,0.0791478082538,0.0621639825404,0.0542233139277,0.106482289732,0.330652177334],"dvar2":[0.263783365488,0.203200876713,0.149551212788,0.123497724533,0.233698159456,0.843395650387],"max":[-4.9347653389,-4.63630914688,-5.22908496857,-5.63890361786,-5.84383678436,-8.94238758087],"mean":[-6.75320196152,-6.41791629791,-6.65568971634,-7.26153802872,-8.03270626068,-11.3145084381],"median":[-6.3962392807,-6.04932785034,-6.2985033989,-6.87320280075,-7.60225820541,-11.0613546371],"min":[-28.463804245,-28.4995059967,-27.8941841125,-27.7799720764,-27.532037735,-27.3621177673],"var":[5.97667646408,5.9920706749,5.80042409897,5.60559558868,5.41202402115,3.92019343376]},"spectral_decrease":{"dmean":3.92390697712e-9,"dmean2":6.32613827989e-9,"dvar":2.34573102335e-17,"dvar2":5.76194228544e-17,"max":4.77492828263e-12,"mean":-9.77660086221e-9,"median":-8.05314037677e-9,"min":-6.04031029638e-8,"var":5.31549107128e-17},"spectral_energy":{"dmean":0.0154256504029,"dmean2":0.0247622337192,"dvar":0.000333961972501,"dvar2":0.000818685570266,"max":0.24662810564,"mean":0.0510160066187,"median":0.0459352917969,"min":9.78212644854e-21,"var":0.000956192496233},"spectral_energyband_high":{"dmean":0.000233872124227,"dmean2":0.000317673431709,"dvar":1.29009606553e-7,"dvar2":2.31832132158e-7,"max":0.0078171081841,"mean":0.000711141037755,"median":0.000467133999337,"min":6.71783183037e-21,"var":6.29914211459e-7},"spectral_energyband_low":{"dmean":0.0119717000052,"dmean2":0.0199745912105,"dvar":0.000295887468383,"dvar2":0.000755497429054,"max":0.200994133949,"mean":0.0197013001889,"median":0.0131320720538,"min":1.3998246833e-23,"var":0.000450552091934},"spectral_energyband_middle_high":{"dmean":0.00207448843867,"dmean2":0.00330884335563,"dvar":0.00000641663473289,"dvar2":0.0000161187763297,"max":0.056521885097,"mean":0.00690299412236,"median":0.0060433158651,"min":1.14831127105e-21,"var":0.0000253182170127},"spectral_energyband_middle_low":{"dmean":0.00680514983833,"dmean2":0.0110829649493,"dvar":0.0000663530445308,"dvar2":0.000164782584761,"max":0.154946431518,"mean":0.0184659808874,"median":0.0151622425765,"min":1.06602636386e-22,"var":0.000206446115044},"spectral_entropy":{"dmean":0.166204318404,"dmean2":0.2558414042,"dvar":0.023717392236,"dvar2":0.055323947221,"max":9.82437324524,"mean":7.32074165344,"median":7.34435987473,"min":5.23759508133,"var":0.188043043017},"spectral_flux":{"dmean":0.0247276928276,"dmean2":0.0404678881168,"dvar":0.000676684314385,"dvar2":0.0016779958969,"max":0.362020373344,"mean":0.125943511724,"median":0.123489193618,"min":6.3394983707e-11,"var":0.00245843059383},"spectral_kurtosis":{"dmean":8.12082576752,"dmean2":12.6945209503,"dvar":113.023704529,"dvar2":291.107635498,"max":145.74230957,"mean":28.3503684998,"median":24.7682781219,"min":-1.26385200024,"var":231.625305176},"spectral_rms":{"dmean":0.000995456357487,"dmean2":0.00158936693333,"dvar":9.49290381413e-7,"dvar2":0.000002321618922,"max":0.0155116980895,"mean":0.00669320998713,"median":0.00669439462945,"min":3.08926170235e-12,"var":0.00000497265182275},"spectral_rolloff":{"dmean":5599.07226562,"dmean2":10765.4453125,"dvar":65569764,"dvar2":158589728,"max":22028.4667969,"mean":10666.6904297,"median":3552.97851562,"min":86.1328125,"var":93068984},"spectral_skewness":{"dmean":0.502238631248,"dmean2":0.768962085247,"dvar":0.33477383852,"dvar2":0.837858200073,"max":9.4882516861,"mean":3.74561882019,"median":3.5723721981,"min":-0.068267159164,"var":1.09485197067},"spectral_spread":{"dmean":508625.53125,"dmean2":783165.25,"dvar":420941168640,"dvar2":941718175744,"max":45559888,"mean":3834286.25,"median":3359283.5,"min":973047.875,"var":17327867297800},"spectral_strongpeak":{"dmean":0.687262833118,"dmean2":1.25040400028,"dvar":14.4488630295,"dvar2":42.2212486267,"max":85.7996826172,"mean":0.720417261124,"median":0.334712773561,"min":0,"var":8.04805374146},"zerocrossingrate":{"dmean":0.0296758841723,"dmean2":0.0390704013407,"dvar":0.000653040246107,"dvar2":0.00111815962009,"max":0.56640625,"mean":0.226897224784,"median":0.22705078125,"min":0.01513671875,"var":0.00543112959713}},"metadata":{"audio_properties":{"analysis_sample_rate":44100,"bit_rate":192000,"codec":"mp3","downmix":"mix","equal_loudness":0,"length":258.246520996,"lossless":false,"md5_encoded":"552adb4afcd279eb6804ab00a0d7cc35","replay_gain":0.280242919922,"sample_rate":44100},"tags":{"acoustid_id":["fdcde0a7-56fc-41a8-b13e-9e9881c1bb15"],"album":["Baby 81"],"albumartist":["Black Rebel Motorcycle Club"],"artist":["Black Rebel Motorcycle Club"],"date":["2007"],"discnumber":["1/1"],"file_name":"01 - Black Rebel Motorcycle Club - Took Out a Loan.mp3","musicbrainz_albumartistid":["32b90c92-9978-4a07-90eb-caa4b22f4907"],"musicbrainz_albumid":["aef6775c-0702-48d4-b314-9384072a301b"],"musicbrainz_artistid":["32b90c92-9978-4a07-90eb-caa4b22f4907"],"musicbrainz_recordingid":["a9ff5333-b06a-4683-ac89-b4f633ef211c"],"musicbrainz_releasegroupid":["bf60a529-56f8-39d3-b2fd-8e3859272c8e"],"replaygain_album_gain":["+0.23 dB"],"replaygain_album_peak":["0.298857"],"replaygain_track_gain":["+0.07 dB"],"replaygain_track_peak":["0.282041"],"title":["Took Out a Loan"],"tracknumber":["1/13"]},"version":{"essentia":"2.1-beta1","essentia_build_sha":"e76a03f03bb3900de42a1fa0d9be1e72f12def64","essentia_git_sha":"v2.1_beta1-28-g21ef5f4-dirty","extractor":"music 1.0"}},"rhythm":{"beats_count":429,"beats_loudness":{"dmean":0.0271579287946,"dmean2":0.0474735572934,"dvar":0.000618505233433,"dvar2":0.00184573256411,"max":0.194537550211,"mean":0.0666325688362,"median":0.0629837289453,"min":0,"var":0.00131534913089},"beats_loudness_band_ratio":{"dmean":[0.207680389285,0.127839431167,0.079800568521,0.0723741799593,0.0168592743576,0.0537285394967],"dmean2":[0.368290930986,0.230238884687,0.141248375177,0.122790440917,0.0306320954114,0.0961880683899],"dvar":[0.0229416768998,0.0134578105062,0.00567508814856,0.00412983307615,0.00023648176284,0.00444521056488],"dvar2":[0.0667495876551,0.03991221264,0.0163143295795,0.0114004733041,0.000673567526974,0.0128547521308],"max":[0.888707101345,0.670325577259,0.617179632187,0.47918