{"lowlevel":{"average_loudness":0.840584039688,"barkbands":{"dmean":[0.000128927844344,0.00160666415468,0.00163301033899,0.00113039941061,0.00154424738139,0.00111484411173,0.00106063089333,0.000759876915254,0.000780883012339,0.0007179461536,0.000536008097697,0.000421369506512,0.000338196550729,0.000306959438603,0.000334726966685,0.000225323659834,0.000204255891731,0.000202986077056,0.000169440754689,0.000113720932859,0.0000653874449199,0.0000553982827114,0.0000551130033273,0.0000503790761286,0.0000224022969633,0.0000142134131238,0.00000492790331919],"dmean2":[0.000219197245315,0.00276703108102,0.0028746558819,0.00191358302254,0.00261098518968,0.00176380085759,0.00168715172913,0.00119669002015,0.00120608299039,0.00113427068572,0.000855518504977,0.000669141882099,0.000533565413207,0.000495722517371,0.000542924331967,0.000360978767276,0.000332037889166,0.000324339373037,0.000270869262749,0.000186332879821,0.000109301872726,0.0000918634832487,0.0000899044680409,0.0000799556510174,0.0000326504414261,0.0000197854751605,0.00000688677391736],"dvar":[6.19318072381e-8,0.0000138829682328,0.0000170229468495,0.00000406040817325,0.0000111590097731,0.00000422543735112,0.00000561441902391,0.00000287338480121,0.00000347737977791,0.00000248764172284,0.00000221417121793,0.00000128548731482,0.00000100528120583,7.04062699697e-7,6.59352735966e-7,3.20254031294e-7,1.71616818534e-7,1.84084228749e-7,9.18359717161e-8,4.85872035938e-8,1.86425754833e-8,2.16873772274e-8,5.5104390384e-8,8.13724909676e-8,8.1762436821e-9,2.85753465334e-9,4.10692257979e-10],"dvar2":[1.63608390835e-7,0.0000390293280361,0.000048918522225,0.0000108160320451,0.0000307879090542,0.0000106320130726,0.0000139940957524,0.00000715151236363,0.00000840475877339,0.00000626815517535,0.00000572105227548,0.0000031406088965,0.00000242901683123,0.00000183355928129,0.00000175056300122,7.76066144681e-7,4.29456321172e-7,4.37298922407e-7,2.1780178372e-7,1.24907131749e-7,5.17237381814e-8,5.7551549304e-8,1.34341888725e-7,1.9487511338e-7,1.71117644499e-8,5.3516862053e-9,8.26887835981e-10],"max":[0.00381854386069,0.0672592371702,0.0927994847298,0.0666033327579,0.0848972797394,0.049333114177,0.0491390042007,0.0600219070911,0.0461373142898,0.0369865484536,0.0517898574471,0.0530387312174,0.0369455963373,0.0252344384789,0.0225607119501,0.0248637143523,0.0124547285959,0.0124798640609,0.0102300336584,0.00988960731775,0.00505339587107,0.00409913621843,0.0101080117747,0.0117012448609,0.00442494405434,0.00203781528398,0.000771183753386],"mean":[0.000156636306201,0.00229166541249,0.00202953885309,0.00148088135757,0.00258731469512,0.00222211005166,0.00185756012797,0.00142119277734,0.00144512671977,0.0012981853215,0.000937696080655,0.000786846852861,0.000593452481553,0.000532631529495,0.000614725984633,0.00043873192044,0.000431332271546,0.000463686708827,0.000413281406509,0.000286589027382,0.000170398590853,0.00012060735753,0.000102201061964,0.0000886931011337,0.0000486678109155,0.0000270214004559,0.00000759983322496],"median":[0.0000618553676759,0.00136695802212,0.000990734784864,0.00076662475476,0.00158206978813,0.00108068226837,0.000784966920037,0.000604748784099,0.000502684793901,0.000498028006405,0.000274853635347,0.000242226480623,0.000180354632903,0.000194299325813,0.000249245902523,0.000176914953045,0.00020527196466,0.0001944766409,0.000222408401896,0.000160137264174,0.00010182223923,0.0000592216238147,0.0000382075340895,0.0000268613985099,0.000016420148313,0.00000812452526588,0.0000012478261624],"min":[1.60387511325e-24,2.44052856477e-24,1.08270784533e-24,6.23865322083e-25,4.43060295872e-24,7.64834884175e-24,9.7713652309e-24,1.47331764736e-23,7.47699405364e-24,2.42912928803e-23,1.7930398168e-23,2.65207652597e-23,3.5642045207e-23,3.80578496877e-23,3.67656008616e-23,4.02931943477e-23,7.00448909061e-23,1.13791797183e-22,1.34880649265e-22,2.15480726275e-22,2.75801272004e-22,3.31996769397e-22,3.89852383544e-22,5.59467575586e-22,9.72961501993e-22,1.2906885223e-21,1.86823042846e-21],"var":[7.17265677963e-8,0.0000126646182252,0.0000137275656016,0.00000648997684038,0.0000133373632707,0.0000113343048724,0.0000109858647193,0.00000650915899314,0.00000873805038282,0.00000577071978114,0.00000594004222876,0.00000430408363172,0.00000260226511273,0.00000137026086122,0.00000153078372023,8.15036059976e-7,5.49966216568e-7,6.12968165115e-7,3.36865213058e-7,1.43570872524e-7,4.62480365115e-8,3.62370720097e-8,9.04953196823e-8,1.21994190749e-7,1.79145125401e-8,6.5140768335e-9,7.03831437576e-10]},"barkbands_crest":{"dmean":2.08355140686,"dmean2":3.36332082748,"dvar":3.55574440956,"dvar2":9.26190090179,"max":26.7884216309,"mean":8.58617401123,"median":7.55359554291,"min":2.00724434853,"var":16.6769199371},"barkbands_flatness_db":{"dmean":0.015731824562,"dmean2":0.0242059975863,"dvar":0.000230719073443,"dvar2":0.000555092643481,"max":0.479181259871,"mean":0.117832243443,"median":0.103005051613,"min":0.0154864387587,"var":0.00381422042847},"barkbands_kurtosis":{"dmean":2.10517597198,"dmean2":3.31927704811,"dvar":44.5743141174,"dvar2":108.703125,"max":362.130187988,"mean":3.74718904495,"median":1.05142450333,"min":-1.93324398994,"var":197.550445557},"barkbands_skewness":{"dmean":0.402425646782,"dmean2":0.62236058712,"dvar":0.200073614717,"dvar2":0.470954686403,"max":15.0093793869,"mean":1.17351388931,"median":1.08066499233,"min":-5.60078668594,"var":1.33218443394},"barkbands_spread":{"dmean":4.47782897949,"dmean2":6.92443180084,"dvar":29.1159229279,"dvar2":63.5467605591,"max":112.063560486,"mean":22.1502418518,"median":20.7899856567,"min":0.26177251339,"var":145.784255981},"dissonance":{"dmean":0.0183864925057,"dmean2":0.0310169626027,"dvar":0.000384401268093,"dvar2":0.0010741034057,"max":0.500000178814,"mean":0.459439277649,"median":0.469914108515,"min":0.146186321974,"var":0.00162891577929},"dynamic_complexity":3.99019908905,"erbbands":{"dmean":[0.043703339994,0.394362449646,1.59492135048,2.91981577873,4.95851755142,4.90788125992,7.14037656784,9.97564506531,14.6084432602,14.8856554031,16.3057746887,19.0099277496,17.8989181519,21.6456737518,20.0731201172,18.4205169678,15.9611711502,14.8052778244,13.9160003662,16.3879299164,10.1349534988,10.2832040787,10.5236349106,10.5470762253,6.42348575592,5.69595241547,2.9387793541,2.47097039223,1.92162120342,1.86594891548,1.54339540005,1.27692782879,0.74178391695,0.318880409002,0.14491520822,0.0719756260514,0.025787839666,0.00562446983531,0.000808787473943,0.0000505591669935],"dmean2":[0.0753434076905,0.688061475754,2.80655837059,4.98416042328,8.50880241394,8.31377887726,11.5050363541,15.8182640076,22.9616680145,23.9985351562,25.6301250458,29.2906017303,28.4450302124,34.1729660034,31.8763084412,29.1350059509,24.8820362091,23.8141098022,22.6453666687,26.218044281,16.0726356506,16.5771141052,16.6577129364,16.8933086395,10.1999044418,9.33258056641,4.86604356766,4.11295747757,3.19511318207,3.09067606926,2.51322507858,2.05401849747,1.19554316998,0.482026398182,0.206617578864,0.100764505565,0.0364609956741,0.00782165955752,0.00113049254287,0.0000718201772543],"dvar":[0.00950117222965,0.930428922176,16.377040863,34.8021850586,141.200759888,88.0229797363,238.068572998,405.694580078,972.506774902,920.333190918,1770.61901855,2343.69970703,1966.79541016,2576.11254883,3460.11279297,2665.38012695,2219.4987793,1846.47961426,862.482421875,2381.2253418,582.760009766,465.368530273,524.08996582,391.218353271,156.087219238,136.879882812,31.7035503387,30.8629379272,29.5823955536,31.9155311584,50.3748283386,60.2194824219,19.715089798,2.55342650414,0.2745026052,0.0665899515152,0.0108464471996,0.000516080821399,0.0000111750141514,4.30001811935e-8],"dvar2":[0.0266022216529,2.65465903282,47.2455749512,94.560043335,388.437133789,240.657836914,622.035522461,1001.62988281,2344.29711914,2308.10424805,4601.98681641,5569.10791016,5039.20361328,6114.1328125,8997.515625,6543.84912109,5298.62207031,4826.74072266,2218.09228516,6271.99511719,1354.86230469,1156.53540039,1228.2166748,935.686401367,359.746826172,354.841217041,85.4168624878,84.7964172363,78.6654281616,83.4929122925,124.623924255,150.635055542,46.0716552734,5.87237215042,0.51092416048,0.126204192638,0.0218771900982,0.00102416460868,0.0000225329258683,9.05767478798e-8],"max":[1.32266545296,19.2750892639,94.7055053711,118.194404602,290.080108643,181.411392212,354.575256348,619.948120117,688.118286133,701.938537598,1844.14685059,1389.1282959,1513.73510742,1505.65686035,2087.49023438,2618.40014648,1923.33630371,1474.5480957,729.850219727,1404.18139648,813.557800293,732.427124023,632.14855957,674.259033203,369.677734375,575.903259277,118.225250244,240.286468506,158.536972046,175.07774353,307.118377686,337.932434082,202.75668335,92.8801498413,31.1934146881,9.27262306213,3.97145724297,0.725557744503,0.118787609041,0.00680683087558],"mean":[0.060877636075,0.546188354492,2.10813236237,3.94480633736,6.94430685043,8.18989467621,13.4310522079,18.9732475281,27.3653411865,27.0315361023,31.7860374451,36.0206604004,33.8250465393,41.0512809753,38.9522781372,36.4100799561,30.4334144592,27.2171096802,27.7588729858,32.9343528748,23.2219276428,23.7553634644,25.3044891357,25.3656425476,17.0350589752,14.4077539444,7.86138010025,6.23069381714,4.20193099976,3.6591398716,2.8885807991,2.1703338623,1.29457604885,0.632503092289,0.311926722527,0.138184085488,0.0467709973454,0.00956906471401,0.00124760367908,0.0000965043655015],"median":[0.0319725312293,0.324579507113,1.08677101135,2.2469997406,3.92524623871,4.77798318863,6.08821153641,8.9638671875,11.6675672531,13.0666255951,14.1631593704,13.3396682739,13.7695636749,17.0407962799,12.7521533966,12.1808748245,10.4280824661,10.6970386505,14.3851995468,12.1781158447,10.6471500397,11.5240783691,11.3961992264,13.2738342285,9.28647422791,8.07453346252,4.73544216156,3.59082722664,2.16831612587,1.4894579649,1.07018637657,0.648376405239,0.392377316952,0.204186081886,0.10888120532,0.0452900342643,0.013061218895,0.00210853363387,0.000211476202821,0.0000447254351457],"min":[1.39909517629e-22,4.68654312074e-22,2.08519025e-21,4.63001584738e-21,8.91870175423e-21,9.3894636502e-21,4.68009969477e-20,5.11742685345e-20,1.12569910963e-19,3.54693082109e-19,2.24278726909e-19,2.86886140467e-19,7.91889933995e-19,6.41070661595e-19,9.95247479604e-19,1.01063221182e-18,1.92920294377e-18,1.91247052754e-18,2.33293677266e-18,2.74992182817e-18,4.37866072021e-18,5.0009333922e-18,6.17079259865e-18,7.04578797293e-18,7.34274084975e-18,1.04328378097e-17,1.01070097121e-17,1.05322260418e-17,1.02256695981e-17,1.06197946902e-17,1.16458229046e-17,1.13773060157e-17,9.58950566851e-18,8.77224129714e-18,5.98802042487e-18,4.16253662413e-18,2.40622394096e-18,1.04727962168e-18,2.28429312427e-19,2.64122760088e-20],"var":[0.00942487176508,0.77954685688,13.3020133972,39.1330184937,134.574111938,138.257247925,584.149291992,1022.9800415,2251.43383789,1884.61303711,3413.84863281,5792.59082031,3949.44384766,6738.36865234,9444.7578125,9228.38671875,6058.03173828,3614.18798828,1896.66931152,6133.63232422,1941.42736816,1593.94726562,1694.08166504,1435.00427246,588.467895508,374.758453369,95.4250793457,69.2539825439,46.7362937927,48.3927879333,81.9384918213,84.4367675781,27.0507659912,4.10101938248,0.688146173954,0.149146333337,0.0223934929818,0.00104430050123,0.000018739285224,7.04345382019e-8]},"erbbands_crest":{"dmean":2.49834012985,"dmean2":3.96619963646,"dvar":5.82082796097,"dvar2":14.3953933716,"max":34.7619438171,"mean":9.68346500397,"median":8.20683860779,"min":2.07693123817,"var":29.3663482666},"erbbands_flatness_db":{"dmean":0.0148189691827,"dmean2":0.021548923105,"dvar":0.000220014087972,"dvar2":0.000441290467279,"max":0.538952171803,"mean":0.165011152625,"median":0.155027776957,"min":0.0251188557595,"var":0.00435422966257},"erbbands_kurtosis":{"dmean":1.15648007393,"dmean2":1.80405128002,"dvar":18.2653675079,"dvar2":45.5230178833,"max":183.566162109,"mean":1.33675885201,"median":-0.213028430939,"min":-1.84564089775,"var":77.5690841675},"erbbands_skewness":{"dmean":0.322672784328,"dmean2":0.4980070889,"dvar":0.118370205164,"dvar2":0.28336969018,"max":10.819026947,"mean":0.45960906148,"median":0.3540764153,"min":-4.31522083282,"var":1.12234246731},"erbbands_spread":{"dmean":6.08781337738,"dmean2":9.40927886963,"dvar":49.8215560913,"dvar2":112.784431458,"max":150.583221436,"mean":35.007270813,"median":32.8206672668,"min":0.362069964409,"var":315.126831055},"gfcc":{"cov":[[22887.796875,-344.573913574,35.0699691772,1339.51342773,4.57594633102,707.725830078,-467.097900391,545.30456543,-612.242980957,-60.9798927307,-563.797119141,-134.334777832,-6.93789196014],[-344.573913574,1188.78869629,-434.043151855,-7.24179601669,7.94684505463,-245.235702515,149.727508545,-149.262573242,72.4199447632,-68.7713623047,88.4820709229,-65.0438308716,81.2635574341],[35.0699691772,-434.043151855,1145.46862793,299.663879395,165.240829468,210.669204712,-58.8198852539,31.4068603516,-58.9072990417,13.6982698441,-122.161071777,-8.47781944275,-84.4978408813],[1339.51342773,-7.24179601669,299.663879395,458.581176758,75.3418045044,118.905815125,-23.4296627045,39.5521659851,-44.1593742371,-0.508756220341,-90.8802185059,-59.8736038208,-6.19146871567],[4.57594633102,7.94684505463,165.240829468,75.3418045044,315.299133301,80.0694503784,33.7181663513,-2.12504482269,-34.9005508423,-30.3201580048,-34.8228034973,8.62593746185,-19.2874221802],[707.725830078,-245.235702515,210.669204712,118.905815125,80.0694503784,276.47479248,7.58479738235,55.6764717102,-64.9233779907,-4.1461353302,-66.4799880981,-3.76071596146,-45.9369277954],[-467.097900391,149.727508545,-58.8198852539,-23.4296627045,33.7181663513,7.58479738235,166.238800049,1.27034747601,0.0568429268897,-13.2117843628,38.3029327393,-6.92020893097,25.211183548],[545.30456543,-149.262573242,31.4068603516,39.5521659851,-2.12504482269,55.6764717102,1.27034747601,159.913711548,19.0038642883,12.4229364395,-32.0471992493,-16.6889476776,-23.4168949127],[-612.242980957,72.4199447632,-58.9072990417,-44.1593742371,-34.9005508423,-64.9233779907,0.0568429268897,19.0038642883,153.401412964,22.3210811615,23.9893283844,-16.0501365662,-11.5262928009],[-60.9798927307,-68.7713623047,13.6982698441,-0.508756220341,-30.3201580048,-4.1461353302,-13.2117843628,12.4229364395,22.3210811615,108.053184509,18.4665374756,8.45943260193,6.77252054214],[-563.797119141,88.4820709229,-122.161071777,-90.8802185059,-34.8228034973,-66.4799880981,38.3029327393,-32.0471992493,23.9893283844,18.4665374756,138.884109497,44.6057891846,22.1668224335],[-134.334777832,-65.0438308716,-8.47781944275,-59.8736038208,8.62593746185,-3.76071596146,-6.92020893097,-16.6889476776,-16.0501365662,8.45943260193,44.6057891846,98.3893051147,27.1044807434],[-6.93789196014,81.2635574341,-84.4978408813,-6.19146871567,-19.2874221802,-45.9369277954,25.211183548,-23.4168949127,-11.5262928009,6.77252054214,22.1668224335,27.1044807434,112.820373535]],"icov":[[0.0000796512613306,-0.0000752383421059,0.0000791024503997,-0.000182209696504,0.0000487781289848,-0.000121882469102,0.000265068432782,-0.000295432342682,0.000301146705169,-0.0000122156807265,0.00011348897533,-0.0000798098553787,-0.0000251280871453],[-0.0000752383421059,0.00184097199235,0.000436923233792,-0.00053466000827,-0.000396385381464,0.00122430757619,-0.00152780732606,0.00163741467986,-0.000879988598172,0.000815577222966,-0.000438608200056,0.00113115587737,-0.000245202856604],[0.0000791024503997,0.000436923233792,0.00151445600204,-0.00104710261803,-0.000386848580092,-0.000195805434487,0.0000234252565861,0.000338272220688,0.000108901724161,-0.000160632640473,0.000609963317402,-0.000461618416011,0.000697895418853],[-0.000182209696504,-0.00053466000827,-0.00104710261803,0.00402949238196,-0.000371638452634,-0.000956866773777,0.000494774722029,-0.000247063318966,-0.0000219296543946,-0.000449437298812,0.000182500283699,0.00206193141639,-0.00131066725589],[0.0000487781289848,-0.000396385381464,-0.000386848580092,-0.000371638452634,0.0040487786755,-0.000733413209673,-0.000832724326756,-0.00000532086824023,0.000382642407203,0.000656713265926,0.000983586651273,-0.00153933255933,0.000733139168005],[-0.000121882469102,0.00122430757619,-0.000195805434487,-0.000956866773777,-0.000733413209673,0.00686034932733,-0.0025062605273,-0.00017494551139,0.00120273313951,-0.0000551960365556,0.00141178024933,-0.000870044343174,0.00216099596582],[0.000265068432782,-0.00152780732606,0.0000234252565861,0.000494774722029,-0.000832724326756,-0.0025062605273,0.00968373939395,-0.00260689924471,0.00139229756314,0.000528501870576,-0.00284993555397,0.00204079388641,-0.00252622878179],[-0.000295432342682,0.00163741467986,0.000338272220688,-0.000247063318966,-0.00000532086824023,-0.00017494551139,-0.00260689924471,0.00965334568173,-0.00311473268084,-0.000239340079133,0.000907560402993,0.00086834828835,0.000865471665747],[0.000301146705169,-0.000879988598172,0.000108901724161,-0.0000219296543946,0.000382642407203,0.00120273313951,0.00139229756314,-0.00311473268084,0.00970435887575,-0.00179599272087,-0.000542110297829,0.00103616784327,0.00128707673866],[-0.0000122156807265,0.000815577222966,-0.000160632640473,-0.000449437298812,0.000656713265926,-0.0000551960365556,0.000528501870576,-0.000239340079133,-0.00179599272087,0.0108465570956,-0.00207007792778,0.000242341789999,-0.00129725155421],[0.00011348897533,-0.000438608200056,0.000609963317402,0.000182500283699,0.000983586651273,0.00141178024933,-0.00284993555397,0.000907560402993,-0.000542110297829,-0.00207007792778,0.0126057956368,-0.00606310646981,0.00140670523979],[-0.0000798098553787,0.00113115587737,-0.000461618416011,0.00206193141639,-0.00153933255933,-0.000870044343174,0.00204079388641,0.00086834828835,0.00103616784327,0.000242341789999,-0.00606310646981,0.0165874306113,-0.00464792409912],[-0.0000251280871453,-0.000245202856604,0.000697895418853,-0.00131066725589,0.000733139168005,0.00216099596582,-0.00252622878179,0.000865471665747,0.00128707673866,-0.00129725155421,0.00140670523979,-0.00464792409912,0.0122884847224]],"mean":[-20.9473114014,91.5445327759,-126.313613892,22.6291427612,-58.3065605164,3.11678051949,-32.3530540466,6.8472442627,-21.3529624939,1.71208906174,-13.1576833725,-0.00230332883075,-12.0342092514]},"hfc":{"dmean":4.35472297668,"dmean2":6.85093975067,"dvar":53.7583351135,"dvar2":130.070800781,"max":217.525360107,"mean":20.2348651886,"median":17.0425662994,"min":1.08188983871e-16,"var":282.290466309},"melbands":{"dmean":[0.000411020417232,0.000718233117368,0.000547527451999,0.000351158494595,0.000234668885241,0.000219609501073,0.000225224124733,0.000160192153999,0.000140064992593,0.000114891990961,0.0000905381966732,0.0000907237335923,0.0000722094773664,0.0000490575403091,0.0000456246889371,0.0000292974491458,0.0000311450676236,0.0000234150302276,0.0000231637113757,0.0000207949597097,0.0000119535643535,0.0000117379249787,0.0000119097085189,0.00000943483428273,0.00000963241836871,0.00000582232996749,0.00000446580997959,0.00000422677749157,0.00000201837042368,0.00000192944548871,0.00000140122995163,0.00000120228332889,0.00000112928501039,0.00000105840047127,9.01058797353e-7,0.00000101081934645,7.54312964091e-7,5.46162937098e-7,4.49533018809e-7,2.28599304819e-7],"dmean2":[0.000705283193383,0.00126148411073,0.000929072441068,0.000598804443143,0.000380838318961,0.000346876244294,0.000354717252776,0.000257108273217,0.000220610090764,0.000176580579136,0.000143737328472,0.000142712335219,0.000114372152893,0.0000776000597398,0.0000713102999725,0.0000461634663225,0.0000502176226291,0.00003789089169,0.0000374033734261,0.0000333708048856,0.0000189620186575,0.000019029561372,0.0000192178868019,0.0000151102385644,0.0000155788184202,0.00000931390968617,0.00000726792313799,0.00000697549558026,0.000003340679541,0.00000324695929521,0.0000023431050522,0.00000200969088837,0.00000187417981579,0.00000177268532298,0.00000149999823407,0.00000165529115748,0.00000122341157294,8.88938188837e-7,7.10105382495e-7,3.44939991237e-7],"dvar":[8.59127055719e-7,0.00000339603752764,0.0000010996045603,5.66633559629e-7,2.32485618312e-7,1.80328186161e-7,2.33474239053e-7,1.00207138587e-7,1.33972775984e-7,8.2598795359e-8,5.10298718837e-8,4.54966659902e-8,4.46730048509e-8,1.50410421895e-8,1.65673572639e-8,7.26796267614e-9,8.28130186648e-9,2.65595145876e-9,3.99525479367e-9,3.06643488379e-9,8.75048089544e-10,7.34830640781e-10,6.00455130062e-10,4.33799912658e-10,3.33295335775e-10,1.2284821771e-10,6.84096460035e-11,8.39259356455e-11,1.51516715841e-11,2.03774809526e-11,9.63006584198e-12,1.07389921608e-11,9.87770802652e-12,1.10724459115e-11,1.51456208686e-11,3.5929193648e-11,2.12288277235e-11,9.29415398809e-12,1.11802476999e-11,7.72818603816e-13],"dvar2":[0.00000239754672293,0.00000977597119345,0.00000297470342048,0.0000015548077954,6.17297814642e-7,4.47352078936e-7,5.66477467601e-7,2.47041555212e-7,3.53411337528e-7,1.96204084091e-7,1.31260151193e-7,1.07786675585e-7,1.15345777374e-7,3.6694370209e-8,4.10524769734e-8,1.76178591715e-8,2.16745092985e-8,6.76664191346e-9,1.04759898534e-8,7.75332331671e-9,2.05035877165e-9,1.80512671477e-9,1.4960082062e-9,1.0421628005e-9,8.1137385699e-10,2.8926180895e-10,1.67612715374e-10,2.22897700297e-10,4.00769001319e-11,5.79266287715e-11,2.58960977662e-11,2.87412212086e-11,2.62102926168e-11,2.8944574168e-11,4.02399502608e-11,8.60825716265e-11,5.49982732967e-11,2.31924670441e-11,2.57748128396e-11,1.70101389571e-12],"max":[0.0155814643949,0.0426385961473,0.021765878424,0.0181277617812,0.0109637696296,0.011891964823,0.00949338078499,0.00752403959632,0.015963844955,0.00767356529832,0.00743680400774,0.00616482272744,0.00811973027885,0.004626928363,0.004725640174,0.00274288468063,0.00288206455298,0.001514452626,0.00198438740335,0.00252342876047,0.00111005874351,0.00102771841921,0.000675169285387,0.000595217861701,0.000574952631723,0.0002988143533,0.000192580584553,0.000486624892801,0.0000912241594051,0.000183901473065,0.000105373786937,0.000101989622635,0.000107620180643,0.00011387278937,0.000178545553354,0.000283291126834,0.000221873007831,0.000114234520879,0.000240389170358,0.0000416001748818],"mean":[0.000593999982812,0.000988351879641,0.000780454254709,0.000554983154871,0.000444656034233,0.000426057144068,0.000417250557803,0.000294435041724,0.000267834198894,0.00021305399423,0.000164219134604,0.000164798577316,0.000132560104248,0.0000939729943639,0.000084068517026,0.000051642760809,0.0000522155496583,0.0000433030509157,0.000043011346861,0.0000398229167331,0.0000245967912633,0.0000240510089498,0.0000253141715802,0.0000209036625165,0.0000210267426155,0.0000134272977448,0.0000103894954009,0.00000947927856032,0.00000475830529467,0.00000453977008874,0.00000318931415677,0.0000024225200832,0.00000215179488805,0.00000190621278762,0.00000161366313023,0.0000016275573671,0.00000121101538753,9.07719936549e-7,7.57580778554e-7,4.53163011116e-7],"median":[0.000351159484126,0.000584705208894,0.000479798647575,0.000336438039085,0.000222383183427,0.000203284245799,0.000177232519491,0.000139895302709,0.000111242865387,0.0000770576007199,0.00006120269245,0.0000633600138826,0.0000385894200008,0.0000309205133817,0.0000259141197603,0.0000181708674063,0.0000179028465936,0.0000209757199627,0.0000165446454048,0.0000145642325151,0.000010775789633,0.0000111184754132,0.0000105035733213,0.00000910100516194,0.0000104629189082,0.00000683493226461,0.00000561204069527,0.0000048377623898,0.0000026566813176,0.00000253673874795,0.00000172600869064,0.00000119924300179,8.92987031875e-7,7.32011528726e-7,6.12130918398e-7,4.7430091854e-7,3.46389668948e-7,2.75526417681e-7,2.1974774711e-7,1.4717690533e-7],"min":[1.1077908611e-24,1.22979746921e-24,1.0871060407e-24,1.06252957223e-24,1.59757881993e-24,1.3303186617e-24,1.44939169332e-24,4.02616067794e-24,1.78413890199e-24,1.22424418426e-24,3.65266146615e-24,2.25094024291e-24,2.64103827143e-24,2.79544813008e-24,2.69614789705e-24,1.91942716673e-24,3.34686939701e-24,2.34045268425e-24,2.95625032586e-24,4.36748777542e-24,4.87924038287e-24,3.68918572607e-24,4.22148855452e-24,5.18554087287e-24,4.49550333426e-24,5.35933639662e-24,4.62607283028e-24,6.59511264263e-24,5.78166057641e-24,5.14881624229e-24,5.28828093387e-24,5.30700257531e-24,6.53090607026e-24,5.04147160018e-24,6.05468454684e-24,5.80694041298e-24,5.34914549702e-24,6.66100106645e-24,6.08258497934e-24,6.75545927124e-24],"var":[8.26457835501e-7,0.00000270876557806,0.00000131479373522,6.55571454899e-7,5.19059938142e-7,4.69807389436e-7,5.28043187842e-7,2.33430768048e-7,2.58637044226e-7,1.98680140784e-7,1.00439564221e-7,1.18778210378e-7,1.24651947431e-7,5.23219121362e-8,4.40547793801e-8,1.70438170244e-8,1.55978732153e-8,5.33315169804e-9,9.04656882739e-9,7.54310480744e-9,2.64736987887e-9,2.15073336918e-9,1.7782952888e-9,1.26362431629e-9,1.08130959742e-9,4.01892380486e-10,2.10791314958e-10,1.92816956845e-10,4.06501325656e-11,3.89380229449e-11,2.04719869529e-11,1.67966751619e-11,1.48622850138e-11,1.55843862121e-11,2.1592934038e-11,5.24385014578e-11,2.71283776693e-11,1.20561199912e-11,1.33818390397e-11,1.59300675949e-12]},"melbands_crest":{"dmean":2.75224661827,"dmean2":4.49090623856,"dvar":6.1443157196,"dvar2":16.3896465302,"max":38.4449806213,"mean":11.9034318924,"median":10.7807130814,"min":1.78833007812,"var":26.6629295349},"melbands_flatness_db":{"dmean":0.0196111705154,"dmean2":0.0304916333407,"dvar":0.000374033028493,"dvar2":0.000919790181797,"max":0.540492355824,"mean":0.182227447629,"median":0.169113576412,"min":0.00413332367316,"var":0.00441090809181},"melbands_kurtosis":{"dmean":4.47630691528,"dmean2":7.12238311768,"dvar":101.798400879,"dvar2":236.508621216,"max":352.065979004,"mean":10.2579927444,"median":5.02380466461,"min":-1.70312416553,"var":539.512695312},"melbands_skewness":{"dmean":0.537251353264,"dmean2":0.839381873608,"dvar":0.363434106112,"dvar2":0.877997100353,"max":15.0066051483,"mean":2.0778491497,"median":1.87730312347,"min":-5.54500246048,"var":2.18692231178},"melbands_spread":{"dmean":5.79849910736,"dmean2":9.01873111725,"dvar":53.891872406,"dvar2":119.985458374,"max":227.746780396,"mean":25.2522602081,"median":22.9070453644,"min":0.256873846054,"var":258.725646973},"mfcc":{"cov":[[13767.5175781,164.857284546,214.385147095,925.071105957,358.125823975,350.531524658,305.292816162,319.431152344,108.69393158,176.299804688,-216.927886963,-444.817199707,-475.937652588],[164.857284546,1053.68054199,-286.460235596,102.458076477,-95.2816772461,-41.7195930481,-3.17743992805,-40.4852561951,-15.5438051224,-28.4296798706,-5.01849651337,9.48475933075,-22.8345508575],[214.385147095,-286.460235596,739.952209473,124.580368042,145.349151611,118.537162781,25.5845565796,7.98426246643,12.121006012,9.21725273132,-6.14841747284,-17.8498191833,-43.6996269226],[925.071105957,102.458076477,124.580368042,357.923278809,94.0349502563,68.4474334717,39.1225700378,1.14926981926,49.707359314,19.3483314514,-29.825220108,-39.8553466797,-59.083366394],[358.125823975,-95.2816772461,145.349151611,94.0349502563,260.565155029,97.1815414429,16.9259033203,53.4140777588,4.8224234581,6.86376190186,-4.47756004333,-33.4100227356,-31.8361320496],[350.531524658,-41.7195930481,118.537162781,68.4474334717,97.1815414429,203.550186157,76.5915679932,30.2962093353,19.1350059509,-8.60612201691,-16.6739330292,-19.4884166718,-41.6819877625],[305.292816162,-3.17743992805,25.5845565796,39.1225700378,16.9259033203,76.5915679932,185.474533081,52.759021759,3.84925055504,-6.39136314392,-16.7356815338,-20.6527442932,-31.9553356171],[319.431152344,-40.4852561951,7.98426246643,1.14926981926,53.4140777588,30.2962093353,52.759021759,152.433517456,14.7990903854,18.8775901794,4.25851011276,-27.1426067352,-18.2694015503],[108.69393158,-15.5438051224,12.121006012,49.707359314,4.8224234581,19.1350059509,3.84925055504,14.7990903854,116.724952698,41.3378181458,-9.32008457184,-10.4266757965,-14.3825187683],[176.299804688,-28.4296798706,9.21725273132,19.3483314514,6.86376190186,-8.60612201691,-6.39136314392,18.8775901794,41.3378181458,96.274559021,28.6586418152,-11.4778366089,-18.2352199554],[-216.927886963,-5.01849651337,-6.14841747284,-29.825220108,-4.47756004333,-16.6739330292,-16.7356815338,4.25851011276,-9.32008457184,28.6586418152,86.7052536011,41.1937103271,12.8678073883],[-444.817199707,9.48475933075,-17.8498191833,-39.8553466797,-33.4100227356,-19.4884166718,-20.6527442932,-27.1426067352,-10.4266757965,-11.4778366089,41.1937103271,107.62311554,58.506072998],[-475.937652588,-22.8345508575,-43.6996269226,-59.083366394,-31.8361320496,-41.6819877625,-31.9553356171,-18.2694015503,-14.3825187683,-18.2352199554,12.8678073883,58.506072998,123.402618408]],"icov":[[0.000107613333967,0.00000933757473831,0.0000351582566509,-0.000236097592278,0.0000260885590251,-0.0000673224785714,-0.00000762837362345,-0.000163785152836,0.000142889810377,-0.000185873635928,0.000164871118614,0.000151839267346,0.000173954496859],[0.00000933757473831,0.00121562392451,0.000515847641509,-0.000675683608279,0.000382100144634,-0.00000869137238624,0.0000738698727218,0.0000722492623026,0.000249786156928,0.000385725317756,-0.000142368677189,-0.000205211603316,0.000443833851023],[0.0000351582566509,0.000515847641509,0.00185054575559,-0.000642613507807,-0.000452140026027,-0.000637384713627,0.000116608920507,0.000211310121813,0.00026986526791,-0.0000762801937526,-0.00000820341938379,-0.000227898344747,0.00043732431368],[-0.000236097592278,-0.000675683608279,-0.000642613507807,0.00456948485225,-0.00137265899684,0.0000818907865323,-0.000609382346738,0.00117651815526,-0.00169207819272,-0.000176490502781,0.000571686716285,-0.000194046326214,0.000423639605287],[0.0000260885590251,0.000382100144634,-0.000452140026027,-0.00137265899684,0.00597186665982,-0.00237848772667,0.00130905967671,-0.001899022609,0.00100064778235,0.0000680933226249,-0.000650866015349,0.00114891049452,-0.000201041664695],[-0.0000673224785714,-0.00000869137238624,-0.000637384713627,0.0000818907865323,-0.00237848772667,0.00790427345783,-0.00271134939976,0.00032283377368,-0.00148184830323,0.00151628034655,0.000253375503235,-0.00095640035579,0.00143252126873],[-0.00000762837362345,0.0000738698727218,0.000116608920507,-0.000609382346738,0.00130905967671,-0.00271134939976,0.00743577862158,-0.00253576016985,0.000751536048483,0.000373870192561,0.00081962911645,-0.000212138606003,0.000863722816575],[-0.000163785152836,0.0000722492623026,0.000211310121813,0.00117651815526,-0.001899022609,0.00032283377368,-0.00253576016985,0.00886185653508,-0.00122315739281,-0.000561934895813,-0.00165201118216,0.00178862409666,-0.000607062072959],[0.000142889810377,0.000249786156928,0.00026986526791,-0.00169207819272,0.00100064778235,-0.00148184830323,0.000751536048483,-0.00122315739281,0.0118358433247,-0.0059996326454,0.00353938573971,-0.00116174726281,0.000328510679537],[-0.000185873635928,0.000385725317756,-0.0000762801937526,-0.000176490502781,0.0000680933226249,0.00151628034655,0.000373870192561,-0.000561934895813,-0.0059996326454,0.0165867172182,-0.00781473517418,0.00302482047118,0.00091889151372],[0.000164871118614,-0.000142368677189,-0.00000820341938379,0.000571686716285,-0.000650866015349,0.000253375503235,0.00081962911645,-0.00165201118216,0.00353938573971,-0.00781473517418,0.0190349351615,-0.00838140305132,0.00201222253963],[0.000151839267346,-0.000205211603316,-0.000227898344747,-0.000194046326214,0.00114891049452,-0.00095640035579,-0.000212138606003,0.00178862409666,-0.00116174726281,0.00302482047118,-0.00838140305132,0.0173687301576,-0.00649183988571],[0.000173954496859,0.000443833851023,0.00043732431368,0.000423639605287,-0.000201041664695,0.00143252126873,0.000863722816575,-0.000607062072959,0.000328510679537,0.00091889151372,0.00201222253963,-0.00649183988571,0.0128221521154]],"mean":[-655.886901855,122.235984802,-10.9519767761,20.0640277863,-4.41500663757,-1.50055599213,-2.57788515091,1.64822697639,-2.62553310394,1.56726515293,-0.603227376938,0.661917209625,0.643298923969]},"pitch_salience":{"dmean":0.0588087178767,"dmean2":0.0959525927901,"dvar":0.00255819200538,"dvar2":0.00675646075979,"max":0.868564784527,"mean":0.586553812027,"median":0.601402282715,"min":0.0462496392429,"var":0.0143880741671},"silence_rate_20dB":{"dmean":0,"dmean2":0,"dvar":0,"dvar2":0,"max":1,"mean":1,"median":1,"min":1,"var":0},"silence_rate_30dB":{"dmean":0,"dmean2":0,"dvar":0,"dvar2":0,"max":1,"mean":1,"median":1,"min":1,"var":0},"silence_rate_60dB":{"dmean":0.00899570342153,"dmean2":0.0179926156998,"dvar":0.00891406647861,"dvar2":0.0208885464817,"max":1,"mean":0.140095323324,"median":0,"min":0,"var":0.120488770306},"spectral_centroid":{"dmean":206.317642212,"dmean2":321.795379639,"dvar":57503.171875,"dvar2":123945.03125,"max":11694.5214844,"mean":1427.90673828,"median":1373.2421875,"min":235.202789307,"var":618561.6875},"spectral_complexity":{"dmean":2.85284638405,"dmean2":4.57965755463,"dvar":8.74783802032,"dvar2":20.7893543243,"max":59,"mean":20.8919239044,"median":21,"min":0,"var":140.373031616},"spectral_contrast_coeffs":{"dmean":[0.0470416843891,0.0432673469186,0.0364573262632,0.0287453178316,0.0203286129981,0.0155170625076],"dmean2":[0.0789306908846,0.0706515535712,0.0583477243781,0.0466113649309,0.032932318747,0.0247839018703],"dvar":[0.00160440651234,0.00128139823209,0.000875863595866,0.00054888415616,0.000292238022666,0.000199918285944],"dvar2":[0.00445160223171,0.00339715532027,0.00224490999244,0.00143059226684,0.000706665567122,0.000471560866572],"max":[-0.312591642141,-0.34615021944,-0.36662197113,-0.491801589727,-0.554104268551,-0.551393449306],"mean":[-0.650415182114,-0.715725243092,-0.743795573711,-0.765462577343,-0.777225613594,-0.747497320175],"median":[-0.65372800827,-0.727479457855,-0.754307508469,-0.774983644485,-0.784098744392,-0.750062346458],"min":[-0.978042781353,-0.977050721645,-0.977594017982,-0.991936445236,-0.980117976665,-0.96454924345],"var":[0.00620513595641,0.0074217626825,0.00634924322367,0.00429087644443,0.00262102531269,0.0021801146213]},"spectral_contrast_valleys":{"dmean":[0.39655277133,0.308466047049,0.270681530237,0.224896147847,0.177060335875,0.209401711822],"dmean2":[0.659476697445,0.50746101141,0.437647014856,0.361906528473,0.282636880875,0.302334040403],"dvar":[0.141173824668,0.0793471857905,0.0621400177479,0.0498672537506,0.044687602669,0.0859849750996],"dvar2":[0.342743396759,0.187074154615,0.139435261488,0.104863233864,0.0881595462561,0.175678893924],"max":[-5.0645570755,-4.65333986282,-5.2298617363,-5.73507404327,-5.7437338829,-7.286632061],"mean":[-7.77345180511,-6.89409065247,-7.52696228027,-7.95631837845,-7.80708408356,-10.6327018738],"median":[-7.07672739029,-6.39593887329,-7.03161048889,-7.42103004456,-7.22472953796,-10.0825185776],"min":[-27.876947403,-27.9084224701,-27.6155071259,-27.6001625061,-27.4827079773,-27.3868274689],"var":[4.30930137634,3.62425947189,3.6634888649,3.62882947922,3.74629235268,3.59193015099]},"spectral_decrease":{"dmean":1.70008718214e-9,"dmean2":2.83302026283e-9,"dvar":8.14687207453e-18,"dvar2":2.22673166238e-17,"max":1.5464575878e-28,"mean":-5.5691016243e-9,"median":-5.18010434547e-9,"min":-4.81993218671e-8,"var":1.60966617507e-17},"spectral_energy":{"dmean":0.0066912220791,"dmean2":0.0111378589645,"dvar":0.000123518839246,"dvar2":0.00033737992635,"max":0.186522513628,"mean":0.0228544771671,"median":0.0213872548193,"min":9.97786533113e-21,"var":0.000263407942839},"spectral_energyband_high":{"dmean":0.000249346543569,"dmean2":0.000390086730476,"dvar":4.80756057186e-7,"dvar2":0.00000113023872927,"max":0.0253072250634,"mean":0.000712199078407,"median":0.000425806065323,"min":7.13773665896e-21,"var":0.00000117778449749},"spectral_energyband_low":{"dmean":0.00334099074826,"dmean2":0.00574037292972,"dvar":0.0000656072588754,"dvar2":0.000183223412023,"max":0.16982679069,"mean":0.00517358025536,"median":0.00339080765843,"min":1.37678189849e-23,"var":0.0000585060151934},"spectral_energyband_middle_high":{"dmean":0.00171718141064,"dmean2":0.00265221158043,"dvar":0.0000079133806139,"dvar2":0.0000193337546079,"max":0.0657171458006,"mean":0.00644682254642,"median":0.00400359695777,"min":1.19359052386e-21,"var":0.0000512672813784},"spectral_energyband_middle_low":{"dmean":0.00411372957751,"dmean2":0.00669656088576,"dvar":0.0000471425701107,"dvar2":0.000126072191051,"max":0.160374939442,"mean":0.0114440945908,"median":0.00950763933361,"min":1.43817597662e-22,"var":0.0000965094004641},"spectral_entropy":{"dmean":0.117255344987,"dmean2":0.178234696388,"dvar":0.0161123871803,"dvar2":0.035912245512,"max":9.82329177856,"mean":7.51379299164,"median":7.63043355942,"min":3.9118719101,"var":0.34779471159},"spectral_flux":{"dmean":0.0179862547666,"dmean2":0.0288922023028,"dvar":0.000579311454203,"dvar2":0.0012272761669,"max":0.378396421671,"mean":0.074561342597,"median":0.0721253529191,"min":6.23492646401e-11,"var":0.00199764641002},"spectral_kurtosis":{"dmean":1.67554676533,"dmean2":2.89119768143,"dvar":8.6756105423,"dvar2":27.3366374969,"max":89.3499298096,"mean":5.29274749756,"median":4.17713117599,"min":-1.25128936768,"var":28.615436554},"spectral_rms":{"dmean":0.000616340665147,"dmean2":0.00100179959554,"dvar":6.84665508288e-7,"dvar2":0.00000180404731509,"max":0.0134897436947,"mean":0.00432208878919,"median":0.00456788949668,"min":3.12001639802e-12,"var":0.00000361657362191},"spectral_rolloff":{"dmean":404.757385254,"dmean2":674.515808105,"dvar":531629.625,"dvar2":1148722.875,"max":19595.2148438,"mean":1580.05371094,"median":1270.45898438,"min":21.533203125,"var":2376469},"spectral_skewness":{"dmean":0.1964071244,"dmean2":0.328041285276,"dvar":0.0597064606845,"dvar2":0.179501309991,"max":7.49511480331,"mean":1.57325100899,"median":1.50699293613,"min":-0.0626753717661,"var":0.329377919436},"spectral_spread":{"dmean":387096.46875,"dmean2":552728.625,"dvar":395888066560,"dvar2":679024394240,"max":43129856,"mean":4365238,"median":3938634.25,"min":970533.75,"var":7222660169730},"spectral_strongpeak":{"dmean":0.58620673418,"dmean2":0.982429683208,"dvar":0.817079603672,"dvar2":2.08062672615,"max":11.3106250763,"mean":1.12801575661,"median":0.6349619627,"min":0,"var":1.79044055939},"zerocrossingrate":{"dmean":0.00788490939885,"dmean2":0.00956093706191,"dvar":0.000106401304947,"dvar2":0.00012805958977,"max":0.5283203125,"mean":0.0643285363913,"median":0.0595703125,"min":0,"var":0.00158063485287}},"metadata":{"audio_properties":{"analysis_sample_rate":44100,"bit_rate":0,"codec":"flac","downmix":"mix","equal_loudness":0,"length":345.866668701,"lossless":true,"md5_encoded":"e89c40b770a590d2c749e7d2ed61aa78","replay_gain":-8.35564613342},"tags":{"album":["The Miracle"],"albumartist":["Queen"],"albumartistsort":["Queen"],"artist":["Queen"],"artistsort":["Queen"],"asin":["B00000DRA3"],"barcode":["0077779235728"],"catalognumber":["CDPCSD 107"],"date":["1989-05-22"],"file_name":"10 Was It All Worth It.flac","format":["CD"],"label":["Parlophone"],"language":["eng"],"musicbrainz_albumartistid":["0383dadf-2a4e-4d10-a46a-e9e041da8eb3"],"musicbrainz_albumid":["721487de-0c51-473c-a9eb-6125926e8211"],"musicbrainz_artistid":["0383dadf-2a4e-4d10-a46a-e9e041da8eb3"],"musicbrainz_recordingid":["aa10b2b3-8a62-456b-a9b9-75548e68006e"],"releasecountry":["GB"],"releasestatus":["official"],"releasetype":["album"],"replaygain_album_gain":["-2.48 dB"],"replaygain_album_peak":["1.00000000"],"replaygain_reference_loudness":["89.0 dB"],"replaygain_track_gain":["-3.16 dB"],"replaygain_track_peak":["0.99996948"],"script":["Latn"],"title":["Was It All Worth It"],"totaltracks":["13"],"tracknumber":["10"],"tracktotal":["13"]},"version":{"essentia":"2.1-beta1","essentia_build_sha":"d95b123ab7c93145a6f110a2dd6bea92b4529a00","essentia_git_sha":"v2.1_beta1-6-g5578087-dirty","extractor":"music 1.0"}},"rhythm":{"beats_count":573,"beats_loudness":{"dmean":0.0079549504444,"dmean2":0.0139430481941,"dvar":0.0000848275230965,"dvar2":0.000243866379606,"max":0.119805380702,"mean":0.0249765086919,"median":0.0261903498322,"min":0,"var":0.000244799855864},"beats_loudness_band_ratio":{"dmean":[0.1598867625,0.115595892072,0.125878959894,0.104274362326,0.0533679239452,0.027214333415],"dmean2":[0.277787774801,0.203967273235,0.219434261322,0.180880203843,0.0925594121218,0.0491170696914],