{"lowlevel":{"average_loudness":0.574925839901,"barkbands":{"dmean":[0.00675649009645,0.00973891094327,0.00231125787832,0.000942377548199,0.00162086600903,0.000928771216422,0.000987895880826,0.000497850822285,0.000519730558153,0.000859555439092,0.000568395014852,0.00047247580369,0.000548430951312,0.000446120684501,0.000369799119653,0.000144211997394,0.000113214126031,0.0000971616318566,0.0000942173210206,0.0000837555271573,0.000064315070631,0.0000331906085194,0.0000169590202859,0.00000557580506211,0.00000264541017714,0.0000130566586449,0.000167746911757],"dmean2":[0.0109204370528,0.0166159663349,0.00396916642785,0.00162487174384,0.00262197898701,0.00145540828817,0.00152745924424,0.000837520463392,0.000851043791045,0.00137242651545,0.000941627600696,0.000788686797023,0.000907767913304,0.000744802644476,0.000614031974692,0.000241119487328,0.000184495991562,0.000158959403052,0.000148257502588,0.000126536586322,0.0000928156950977,0.0000469294645882,0.0000240384179051,0.00000817472846393,0.00000434605499322,0.0000179665839823,0.000255142396782],"dvar":[0.000314688804792,0.000468023470603,0.0000189681577467,0.00000453087295682,0.00000807548713055,0.00000504776107846,0.00000626333849141,0.00000177770607479,0.00000109230632006,0.00000497186329085,0.00000200473982659,7.31512898255e-7,0.00000166505333254,0.00000107827088414,5.05738626089e-7,7.66149454989e-8,6.44942446115e-8,5.06426687252e-8,5.11479214538e-8,5.98193707901e-8,4.28330935165e-8,1.35620608077e-8,3.10256442759e-9,1.87810461627e-10,3.46979944776e-11,1.89670745776e-9,7.80249180821e-8],"dvar2":[0.000744651828427,0.00127405824605,0.0000518515371368,0.0000126144905153,0.0000200260055863,0.0000114185622806,0.000014543738871,0.00000507696859131,0.00000278184847957,0.0000123796362459,0.00000531478599441,0.00000198098746296,0.00000444217221229,0.0000029098507639,0.0000013782834003,2.08794318723e-7,1.61004720667e-7,1.25263468931e-7,1.15496625597e-7,1.15700963477e-7,8.99756997796e-8,2.72116249533e-8,6.64392230121e-9,3.64664326513e-10,8.61902979543e-11,3.65421359838e-9,1.89286765817e-7],"max":[0.326429724693,0.264352619648,0.0560902953148,0.0530306100845,0.0508146695793,0.0595968998969,0.0823797434568,0.0318784229457,0.0266038049012,0.0634741187096,0.0355365723372,0.0221868753433,0.0443373024464,0.0262450501323,0.0189041644335,0.00438949652016,0.00555453356355,0.00582333281636,0.00730478297919,0.0124187627807,0.00801529828459,0.00417061289772,0.0013779780129,0.000432020315202,0.000133822555654,0.00126186257694,0.00510931015015],"mean":[0.00645442539826,0.0118711981922,0.00279671442695,0.00119098462164,0.00274253659882,0.00157128146384,0.00194862799253,0.000795470259618,0.000889148912393,0.00141670298763,0.000892847136129,0.000838141946588,0.000979475327767,0.000846361450385,0.000728260725737,0.000266253744485,0.000192808482097,0.000166623634868,0.000181861425517,0.000180198898306,0.00013525376562,0.0000689169537509,0.0000309953429678,0.00000820983859739,0.00000265783069153,0.0000237398344325,0.000644401297905],"median":[0.000780959730037,0.00301643740386,0.00116940378211,0.000505105417687,0.00125226844102,0.000480543763842,0.000498898501974,0.000259530032054,0.0003768792958,0.000304577552015,0.000212966377148,0.000415652699303,0.000278214341961,0.000181556373718,0.000178951100679,0.0000631721050013,0.0000479784357594,0.0000546919036424,0.0000523567796336,0.0000441278752987,0.0000417749470216,0.0000179195503733,0.00000720460138837,0.00000168665235378,6.32165097159e-7,0.00000481673987451,0.000167444028193],"min":[1.38506511549e-24,2.47661185143e-24,2.14193780961e-24,2.47093540557e-24,1.34204661734e-23,1.16909754134e-23,1.28100211502e-23,1.2710177392e-23,1.7581494456e-23,1.96639200072e-23,1.42465045153e-23,2.10939244577e-23,2.66136394318e-23,3.02755033549e-23,7.42020869024e-23,5.61824527888e-23,7.13000001607e-23,1.00636247856e-22,1.21681037324e-22,1.75150509107e-22,3.02398430554e-22,3.37421456609e-22,4.12847641066e-22,5.94975605947e-22,8.94433566943e-22,1.3541570648e-21,2.15149212844e-21],"var":[0.000304229150061,0.000467552046757,0.0000211030837818,0.00000469670612802,0.0000164960183611,0.0000113439691631,0.0000167932957993,0.00000301495333588,0.00000224723794418,0.00000977107629296,0.00000388308899346,0.00000147157516039,0.00000347868535755,0.0000025842409741,0.00000127306395825,1.74441836975e-7,1.39245642572e-7,1.10949471832e-7,1.49584110432e-7,1.92355756212e-7,1.10123238528e-7,3.7568288036e-8,7.23337700848e-9,4.82159479009e-10,3.61264108906e-11,5.09196418363e-9,7.76347974352e-7]},"barkbands_crest":{"dmean":2.74141931534,"dmean2":4.43244743347,"dvar":5.77237987518,"dvar2":14.3769636154,"max":23.9832878113,"mean":10.1172533035,"median":9.49001312256,"min":2.38986134529,"var":17.3225440979},"barkbands_flatness_db":{"dmean":0.0308663081378,"dmean2":0.0483174435794,"dvar":0.000922767212614,"dvar2":0.00231578177772,"max":0.50950807333,"mean":0.160880580544,"median":0.144438356161,"min":0.0250186100602,"var":0.00560332648456},"barkbands_kurtosis":{"dmean":6.2795882225,"dmean2":10.0408840179,"dvar":136.988586426,"dvar2":342.809387207,"max":220.888290405,"mean":12.4871711731,"median":4.25018692017,"min":-1.87240827084,"var":476.71887207},"barkbands_skewness":{"dmean":0.705027997494,"dmean2":1.10290288925,"dvar":0.603170633316,"dvar2":1.45146274567,"max":11.7545576096,"mean":2.24285697937,"median":1.82025814056,"min":-2.59400343895,"var":2.86646080017},"barkbands_spread":{"dmean":5.59785509109,"dmean2":8.47569179535,"dvar":46.5016517639,"dvar2":95.1800308228,"max":126.291473389,"mean":22.3696479797,"median":18.510723114,"min":0.533512830734,"var":303.670471191},"dissonance":{"dmean":0.0216410588473,"dmean2":0.0362983755767,"dvar":0.000605445471592,"dvar2":0.00160231580958,"max":0.500000059605,"mean":0.462206244469,"median":0.47272670269,"min":0.153858229518,"var":0.00127651181538},"dynamic_complexity":7.34818696976,"erbbands":{"dmean":[0.501641273499,1.50538766384,2.64156103134,2.82070374489,4.22256660461,5.82363033295,5.60872459412,8.75121021271,12.8915710449,17.5592937469,8.41347408295,11.810760498,21.9786663055,23.883020401,19.9514942169,19.6270313263,24.3268375397,24.1631145477,18.6541004181,13.8597488403,6.54104471207,6.24068164825,5.12395429611,5.48217821121,4.04895496368,3.96466946602,2.97657418251,2.24269342422,1.28619027138,0.749485075474,0.451589405537,0.186206504703,0.0660277679563,0.0308093465865,0.0186263434589,0.0142755685374,0.0270424839109,0.0251681376249,0.0117151448503,0.00352723803371],"dmean2":[0.858853459358,2.56184744835,4.53537130356,4.73840904236,6.99748516083,9.45709896088,9.20997905731,13.5975933075,19.5326652527,27.866809845,13.9721813202,19.3639373779,35.8293151855,38.0162811279,32.8581771851,32.7757225037,40.1954841614,40.3659553528,30.9253692627,23.0407428741,10.8647842407,10.1450147629,8.40612983704,8.83874607086,6.21252393723,5.96026849747,4.35753774643,3.27558088303,1.81093120575,1.07433748245,0.641626536846,0.264135837555,0.100482217968,0.0503061898053,0.0305518098176,0.0220739673823,0.0369352884591,0.0330608338118,0.0159135237336,0.00539251836017],"dvar":[1.41247880459,9.25376987457,23.517868042,35.1031913757,64.7286605835,114.699447632,161.357681274,507.295166016,1329.49365234,1771.6373291,379.229888916,642.660644531,3267.90893555,3638.66479492,2347.1394043,1347.77856445,2972.40258789,3459.63037109,1380.38659668,680.916015625,149.433364868,200.495956421,147.55027771,159.933197021,108.455886841,152.067153931,70.1001358032,67.7129669189,20.6452827454,6.63557958603,1.97593379021,0.287058502436,0.0205636806786,0.00448089418933,0.00172669917811,0.00087715126574,0.00837970059365,0.00581092759967,0.000449156970717,0.0000320218277921],"dvar2":[3.856539011,25.1957073212,64.1104431152,96.0234603882,167.081619263,289.024810791,396.714172363,1145.13476562,2972.4453125,4362.15332031,1036.26171875,1623.0057373,8709.609375,8577.20019531,6223.24658203,3677.12133789,8001.42675781,9455.87011719,3763.52441406,1841.19885254,397.14050293,500.035827637,361.321105957,389.085113525,229.536270142,296.183959961,135.096008301,152.576660156,41.4175796509,14.4568862915,4.06796169281,0.574582874775,0.0432183034718,0.0110774962232,0.00428995350376,0.00193818146363,0.0158898960799,0.010606023483,0.000812270969618,0.0000787606477388],"max":[15.3930673599,37.0133171082,67.3958358765,131.31791687,185.942047119,178.131286621,304.039001465,636.26159668,1323.60266113,1543.50610352,480.548828125,680.714904785,1250.47949219,2464.86499023,1293.82275391,999.787475586,1547.45983887,1738.78283691,844.769042969,462.017791748,203.692871094,340.417785645,348.853851318,354.122283936,373.915466309,672.877990723,419.144989014,296.220916748,172.760253906,89.0832519531,39.8717308044,13.9406490326,3.36843514442,1.51187455654,0.94626480341,0.531635463238,2.92219424248,2.24237251282,0.566146194935,0.127570271492],"mean":[0.573162734509,1.81777882576,3.2539703846,3.92759871483,6.23934745789,9.3729057312,8.56549739838,15.0529737473,24.5619068146,30.5591506958,15.6338090897,20.4207210541,35.7100296021,42.511138916,35.4941444397,36.9759788513,46.3137969971,48.6066741943,38.7580299377,28.4671802521,13.1576395035,11.0745353699,9.04994773865,9.99328231812,8.50222110748,8.56557846069,6.42351770401,4.51792526245,2.64283370972,1.47145938873,0.822242617607,0.307427376509,0.0851996019483,0.0320531055331,0.0190476067364,0.0179155766964,0.0492409095168,0.0602238252759,0.0404632054269,0.0180316064507],"median":[0.0967708081007,0.586290478706,1.43281519413,1.85153901577,2.85397481918,3.81624603271,3.63363313675,4.23145580292,6.03544712067,7.42706346512,6.65893793106,8.67964553833,10.0908126831,10.1776275635,9.88325691223,18.6333389282,15.605260849,10.437379837,9.28368186951,8.11997795105,3.50465273857,2.88192892075,2.97811460495,3.1499505043,2.34469747543,2.07745695114,2.02380609512,1.26368534565,0.6839235425,0.384131729603,0.188276991248,0.0678960457444,0.0175141878426,0.00825487077236,0.0047579803504,0.00463670305908,0.00951050780714,0.0130665181205,0.00989411212504,0.0059109730646],"min":[1.98004099832e-22,8.11643006215e-22,4.38508920281e-21,1.20204440666e-20,3.03669990525e-20,2.87720106545e-20,4.64364203239e-20,5.25825499897e-20,7.76624044372e-20,2.10205592954e-19,3.20153069957e-19,4.40795035852e-19,7.02732271671e-19,1.31021438561e-18,1.00003375342e-18,1.16192633759e-18,1.57606640878e-18,1.84599829352e-18,2.97131030847e-18,2.61018062383e-18,3.89144554916e-18,4.18538335265e-18,5.90071564711e-18,5.1572436446e-18,8.7714323145e-18,7.9745720073e-18,9.64049804455e-18,1.021178289e-17,1.26984441485e-17,9.05656395319e-18,1.32721112741e-17,1.24252470716e-17,1.11253286031e-17,9.6406791971e-18,6.14062077222e-18,4.41582470437e-18,2.45792686515e-18,1.05536593255e-18,2.58207736931e-19,3.06490902596e-20],"var":[1.34835398197,9.47204971313,26.6374130249,40.7841186523,108.936332703,220.786239624,240.575302124,1165.67419434,3793.13452148,3934.51733398,782.085571289,1249.71801758,5577.81396484,8308.75,5042.96679688,2832.32763672,6729.60107422,8422.04492188,3893.88549805,1825.81481934,382.195587158,445.827819824,331.09552002,399.535308838,360.595031738,472.122619629,213.212692261,148.450286865,56.5954093933,15.9737815857,5.00253486633,0.724889576435,0.0423020273447,0.00477758282796,0.00181390461512,0.00151411921252,0.0232619866729,0.0208045691252,0.00353574170731,0.000547091767658]},"erbbands_crest":{"dmean":2.40200328827,"dmean2":3.93753528595,"dvar":4.9513759613,"dvar2":12.6135549545,"max":29.8480186462,"mean":8.9260559082,"median":8.04944705963,"min":2.43434929848,"var":15.7289009094},"erbbands_flatness_db":{"dmean":0.0243878234178,"dmean2":0.037601519376,"dvar":0.000591594201978,"dvar2":0.00147896457929,"max":0.388478934765,"mean":0.15450412035,"median":0.149650245905,"min":0.0258662384003,"var":0.00220259954222},"erbbands_kurtosis":{"dmean":1.43269681931,"dmean2":2.28815031052,"dvar":10.4593410492,"dvar2":26.0363368988,"max":93.9232177734,"mean":1.79175400734,"median":0.483188390732,"min":-1.76537024975,"var":21.2896347046},"erbbands_skewness":{"dmean":0.377921193838,"dmean2":0.583958089352,"dvar":0.134355932474,"dvar2":0.305910915136,"max":6.78668832779,"mean":0.299439936876,"median":0.126720964909,"min":-2.89125323296,"var":1.11267709732},"erbbands_spread":{"dmean":6.0085682869,"dmean2":9.37734508514,"dvar":37.7346725464,"dvar2":85.1224594116,"max":149.528045654,"mean":27.383146286,"median":24.4330825806,"min":0.999291777611,"var":212.886077881},"gfcc":{"cov":[[33629.3632812,-200.731048584,-4898.60498047,-538.36541748,712.422668457,-1297.98144531,1345.43103027,-946.823974609,771.614318848,394.358215332,334.501647949,459.035980225,21.7806034088],[-200.731048584,1378.4107666,254.830932617,-394.594940186,80.5743255615,72.5693359375,-31.1330718994,-33.5644340515,24.505695343,31.38555336,69.953742981,-163.473846436,129.238464355],[-4898.60498047,254.830932617,1232.85864258,211.395065308,-190.274017334,236.151168823,-315.991363525,215.208618164,-156.27923584,-81.5110473633,-78.4974212646,-101.865859985,-3.91448807716],[-538.36541748,-394.594940186,211.395065308,484.9168396,-10.7618627548,-87.8442153931,3.90324544907,44.8519363403,-40.8868103027,-66.6182327271,-56.9703025818,71.2685699463,-62.9527053833],[712.422668457,80.5743255615,-190.274017334,-10.7618627548,218.720306396,-14.4576654434,80.7039031982,-45.839630127,45.4353637695,5.45603752136,36.3638916016,-1.52049732208,32.3822174072],[-1297.98144531,72.5693359375,236.151168823,-87.8442153931,-14.4576654434,297.292297363,-105.33140564,95.999710083,-61.8295288086,21.9865951538,5.20786571503,-36.1475639343,12.0781202316],[1345.43103027,-31.1330718994,-315.991363525,3.90324544907,80.7039031982,-105.33140564,226.064910889,-70.7584228516,81.7358474731,5.49943685532,22.0615158081,50.6537857056,-13.5144462585],[-946.823974609,-33.5644340515,215.208618164,44.8519363403,-45.839630127,95.999710083,-70.7584228516,166.62612915,-12.1842164993,15.1451950073,-4.23317861557,-18.6991443634,24.5542869568],[771.614318848,24.505695343,-156.27923584,-40.8868103027,45.4353637695,-61.8295288086,81.7358474731,-12.1842164993,125.085769653,46.161693573,23.1700820923,18.3597755432,-1.25263118744],[394.358215332,31.38555336,-81.5110473633,-66.6182327271,5.45603752136,21.9865951538,5.49943685532,15.1451950073,46.161693573,94.745262146,51.289932251,-2.85657835007,24.1790008545],[334.501647949,69.953742981,-78.4974212646,-56.9703025818,36.3638916016,5.20786571503,22.0615158081,-4.23317861557,23.1700820923,51.289932251,78.9312133789,24.4302043915,24.4005241394],[459.035980225,-163.473846436,-101.865859985,71.2685699463,-1.52049732208,-36.1475639343,50.6537857056,-18.6991443634,18.3597755432,-2.85657835007,24.4302043915,102.421447754,-5.33170366287],[21.7806034088,129.238464355,-3.91448807716,-62.9527053833,32.3822174072,12.0781202316,-13.5144462585,24.5542869568,-1.25263118744,24.1790008545,24.4005241394,-5.33170366287,98.561416626]],"icov":[[0.0000842377121444,-0.000130372151034,0.000383691891329,-0.00015582315973,0.0000646337648504,0.000057045264839,0.0000640649377601,0.00000456336874777,-0.0000423384626629,-0.000172515530721,0.00012534284906,-0.000129800013383,0.00005119970956],[-0.000130372151034,0.00196089106612,-0.00152393768076,0.00120038783643,-0.000101000696304,-0.0000747263693484,-0.000879864383023,0.00122851110063,-0.00098181294743,0.00174082559533,-0.00258272164501,0.0027377998922,-0.00187261949759],[0.000383691891329,-0.00152393768076,0.00473752897233,-0.00335812428966,0.00270417099819,-0.00180040288251,0.00249465438537,-0.000656448712107,-0.00177026179153,0.00263519864529,-0.0014177497942,0.00165407708846,-0.000433981331298],[-0.00015582315973,0.00120038783643,-0.00335812428966,0.00731228059158,-0.00489645684138,0.00448222272098,-0.00159067928325,-0.0032325219363,0.00522630149499,-0.00465568574145,0.00599256018177,-0.006394660566,0.00402324739844],[0.0000646337648504,-0.000101000696304,0.00270417099819,-0.00489645684138,0.011306672357,-0.00503594148904,-0.000461456307676,0.00424678903073,-0.00750325294212,0.00970878079534,-0.0103449998423,0.00878159143031,-0.0065618082881],[0.000057045264839,-0.0000747263693484,-0.00180040288251,0.00448222272098,-0.00503594148904,0.00883229728788,-0.0000279115192825,-0.0050512352027,0.0072605474852,-0.00773231592029,0.00592073844746,-0.00582417333499,0.0049118376337],[0.0000640649377601,-0.000879864383023,0.00249465438537,-0.00159067928325,-0.000461456307676,-0.0000279115192825,0.00982285570353,0.000508534838445,-0.00443567335606,0.00280643603764,-0.000956039701123,-0.00173208024353,0.000996012240648],[0.00000456336874777,0.00122851110063,-0.000656448712107,-0.0032325219363,0.00424678903073,-0.0050512352027,0.000508534838445,0.0130655737594,-0.00654986640438,0.00356809096411,-0.00529166311026,0.00612338026986,-0.00698143662885],[-0.0000423384626629,-0.00098181294743,-0.00177026179153,0.00522630149499,-0.00750325294212,0.0072605474852,-0.00443567335606,-0.00654986640438,0.0221377518028,-0.0170444436371,0.0121897924691,-0.0102577134967,0.00805355515331],[-0.000172515530721,0.00174082559533,0.00263519864529,-0.00465568574145,0.00970878079534,-0.00773231592029,0.00280643603764,0.00356809096411,-0.0170444436371,0.035585924983,-0.0262273754925,0.0159025043249,-0.00945313647389],[0.00012534284906,-0.00258272164501,-0.0014177497942,0.00599256018177,-0.0103449998423,0.00592073844746,-0.000956039701123,-0.00529166311026,0.0121897924691,-0.0262273754925,0.0395518802106,-0.0208251718432,0.00666134059429],[-0.000129800013383,0.0027377998922,0.00165407708846,-0.006394660566,0.00878159143031,-0.00582417333499,-0.00173208024353,0.00612338026986,-0.0102577134967,0.0159025043249,-0.0208251718432,0.0276458673179,-0.00889480952173],[0.00005119970956,-0.00187261949759,-0.000433981331298,0.00402324739844,-0.0065618082881,0.0049118376337,0.000996012240648,-0.00698143662885,0.00805355515331,-0.00945313647389,0.00666134059429,-0.00889480952173,0.0188634730875]],"mean":[-65.1551895142,105.690010071,-79.8177871704,-1.43006908894,-15.5230417252,-9.09661483765,2.58388733864,-19.7757930756,-3.23913025856,-4.36338329315,-5.4011592865,-4.89018917084,-8.36838722229]},"hfc":{"dmean":21.8221607208,"dmean2":33.9603881836,"dvar":1272.24890137,"dvar2":3179.58959961,"max":777.644958496,"mean":111.968696594,"median":46.6806030273,"min":1.09194140665e-16,"var":18337.1386719},"melbands":{"dmean":[0.00371231790632,0.00146107573528,0.000484908436192,0.000360282690963,0.000215343257878,0.000199947680812,0.000189570113434,0.00017431168817,0.0000700254604453,0.0000759710819693,0.000113581234473,0.000101995821751,0.0000796512904344,0.0000516662039445,0.0000499339730595,0.0000583842847846,0.000047997229558,0.0000309582901536,0.0000261178029177,0.0000135865566335,0.00000762035870139,0.00000728222266844,0.00000555218002773,0.00000471007206215,0.00000482005361846,0.00000348998355548,0.00000321641186929,0.00000269517636298,0.00000207605785363,0.00000168858366578,0.00000125081385249,8.02789145382e-7,5.9953777054e-7,3.79474840884e-7,2.84716605847e-7,1.94118499053e-7,9.10947548505e-8,5.01935666364e-8,3.12866390573e-8,2.42378970228e-8],"dmean2":[0.00622736103833,0.00249640014954,0.000813544145785,0.00058451766381,0.000350174464984,0.000306043133605,0.000287969596684,0.000279735628283,0.00011584789172,0.000124711514218,0.000184942706255,0.000162145908689,0.000131637396407,0.0000860161017044,0.0000829518321552,0.0000965079962043,0.000080337493273,0.0000514861567353,0.0000433498498751,0.0000226735155593,0.0000127484063341,0.0000118452662718,0.0000092459094958,0.00000771306713432,0.00000783295308793,0.00000553165000383,0.00000502903549204,0.00000408921096096,0.00000311711619361,0.00000250091375165,0.00000186802401458,0.00000117713432246,8.88701435997e-7,5.57352677788e-7,4.12438879493e-7,2.8322293133e-7,1.32843652523e-7,7.67495933474e-8,5.06419013391e-8,3.98516419864e-8],"dvar":[0.0000738347007427,0.0000065865756369,9.14649206152e-7,4.14094358803e-7,2.09994368561e-7,2.5128341008e-7,2.67608754712e-7,1.79724821692e-7,2.33311325815e-8,2.64665231953e-8,8.86612809836e-8,7.14716392736e-8,4.1867622258e-8,1.02799297963e-8,7.11905201456e-9,2.42371758219e-8,1.31606219256e-8,3.83450027286e-9,2.45536391219e-9,7.20382864472e-10,2.15687398497e-10,2.66310723473e-10,2.07302633393e-10,1.18506690572e-10,1.27299296104e-10,7.32040261742e-11,9.00906085843e-11,7.29118571074e-11,3.09553355171e-11,2.9450768213e-11,2.35766232926e-11,8.02256264892e-12,5.23052261225e-12,1.76215769407e-12,7.92689102292e-13,4.55329459033e-13,6.11004099421e-14,1.33571437602e-14,4.33339260607e-15,2.94609811637e-15],"dvar2":[0.000196917259018,0.0000178232457984,0.00000250211201092,0.00000104672017187,5.13120312462e-7,5.55318536044e-7,6.1593840428e-7,4.58679977555e-7,6.25522815767e-8,6.66977229002e-8,2.35478381683e-7,1.68150961599e-7,1.10874132986e-7,2.77093530343e-8,1.94126776876e-8,6.43370441367e-8,3.62982959246e-8,1.04821866742e-8,6.69320066038e-9,1.96373206585e-9,5.80275993922e-10,6.80956124821e-10,5.38517397342e-10,2.964637702e-10,3.22729232227e-10,1.60883861788e-10,2.00213554069e-10,1.5108705953e-10,6.16441273027e-11,6.42056338651e-11,5.47620455926e-11,1.69525470051e-11,1.19765100615e-11,4.02489239854e-12,1.66406265937e-12,1.03354553648e-12,1.18703603804e-13,2.79735409099e-14,1.049853123e-14,7.31806481461e-15],"max":[0.105077281594,0.034010976553,0.0203369390219,0.0131005328149,0.00985274650156,0.0145308589563,0.0173893608153,0.0145295988768,0.00372124719433,0.00453347014263,0.00720617547631,0.0107868378982,0.00569340726361,0.00304823741317,0.00142030674033,0.00565478624776,0.00294269714504,0.00117464340292,0.00134861760307,0.000472389190691,0.000297490041703,0.000360241218004,0.000371833448298,0.000298940314678,0.000302457658108,0.000272779027,0.000397923460696,0.00045456038788,0.000249834702117,0.000217750435695,0.000189775324543,0.0000931939284783,0.0000864361427375,0.0000367342254322,0.0000233474584093,0.0000168458282133,0.00000765263484936,0.00000345060175277,0.00000139681344535,0.00000123256324969],"mean":[0.00445061735809,0.0019193936605,0.000735411187634,0.000582129461691,0.000343028019415,0.000354803021764,0.000373112183297,0.000299198058201,0.000122554149129,0.000128021114506,0.000180275688763,0.000174713553861,0.000128433544887,0.000089511690021,0.0000955630966928,0.000103949241748,0.0000881757296156,0.000060279508034,0.0000506716060045,0.0000253483412962,0.0000134277615871,0.0000121118919196,0.00000860742602526,0.00000784275653132,0.00000818668831926,0.00000653635834169,0.00000617474961473,0.00000545254351891,0.0000041930829866,0.00000327915927301,0.00000235457559938,0.00000154994188506,0.00000112963414267,6.89449393576e-7,5.03183400724e-7,3.18685835055e-7,1.36710141874e-7,6.30961665138e-8,3.31727676439e-8,2.4087935202e-8],"median":[0.000928134191781,0.000921066559386,0.000383975333534,0.000266929389909,0.000139607611345,0.0000951013134909,0.0000981687626336,0.0000751295447117,0.0000517029766343,0.0000529686949449,0.0000470364975627,0.000038566889998,0.0000303124179482,0.0000367568718502,0.0000524935021531,0.0000206058921322,0.0000176513422048,0.0000135878854053,0.0000136602475322,0.000006440175639,0.00000291637661576,0.00000282273026642,0.0000025031572477,0.00000261705599769,0.00000245254068432,0.00000174992021584,0.00000138799077831,0.00000126442046167,0.00000126144436763,9.74806653176e-7,5.94385653585e-7,3.75536757247e-7,2.84833419073e-7,1.69556727769e-7,1.11187773655e-7,7.02229669969e-8,2.49622473802e-8,1.12400844188e-8,7.73650121744e-9,5.58848789467e-9],"min":[1.65862206007e-24,1.86514426734e-24,4.32863322039e-24,3.0172858746e-24,1.5958880938e-24,1.17493781388e-24,1.85834625848e-24,3.17904988904e-24,2.43711950236e-24,2.25615914944e-24,3.04470174929e-24,4.6877700361e-24,2.65142401967e-24,2.48540291736e-24,3.24684104536e-24,2.6346589505e-24,3.32831341636e-24,3.71866190822e-24,5.79898396189e-24,2.38854913921e-24,3.38928368687e-24,3.06925583382e-24,4.27250931686e-24,4.63285940064e-24,3.87013661266e-24,4.94378103783e-24,5.35514754521e-24,4.68077362874e-24,5.34280581635e-24,5.68602618001e-24,4.20853269745e-24,6.38982421382e-24,3.51206081486e-24,5.22825887418e-24,7.2349336626e-24,6.45050773338e-24,6.48688447631e-24,6.40486345255e-24,6.76901190159e-24,6.92671150743e-24],"var":[0.0000729723324184,0.0000076506203186,0.00000117041088288,7.73185945491e-7,3.66618877479e-7,6.55719986753e-7,7.46529394746e-7,3.77623507575e-7,4.73703636317e-8,5.02090280463e-8,1.48614205386e-7,1.57595323458e-7,8.32527220496e-8,2.07636752236e-8,1.57922812605e-8,4.94238996396e-8,2.92743926877e-8,1.02270156788e-8,6.01086957985e-9,1.68070157791e-9,4.60656013335e-10,5.41506173235e-10,3.73946568155e-10,2.42840053621e-10,2.79758050059e-10,2.15458761943e-10,2.32182661986e-10,2.0383664201e-10,8.92490595317e-11,6.84339043766e-11,4.6729679154e-11,2.06739885628e-11,1.07980057187e-11,3.68496552716e-12,1.94429498543e-12,8.52075842609e-13,1.56171801294e-13,2.70734261019e-14,5.11032171847e-15,3.04498095439e-15]},"melbands_crest":{"dmean":4.45450782776,"dmean2":7.22733545303,"dvar":16.1142902374,"dvar2":40.4572257996,"max":36.3349227905,"mean":16.5985965729,"median":15.8082923889,"min":1.12268018723,"var":43.2778396606},"melbands_flatness_db":{"dmean":0.038449626416,"dmean2":0.0603602007031,"dvar":0.00132000818849,"dvar2":0.00336312875152,"max":0.683601975441,"mean":0.273573040962,"median":0.256690621376,"min":0.0000948608649196,"var":0.00927870441228},"melbands_kurtosis":{"dmean":8.12207221985,"dmean2":12.994799614,"dvar":195.916793823,"dvar2":463.269226074,"max":314.582092285,"mean":16.0886993408,"median":6.12558412552,"min":-1.76971447468,"var":760.412902832},"melbands_skewness":{"dmean":0.823576152325,"dmean2":1.30824220181,"dvar":0.778698325157,"dvar2":1.8769005537,"max":15.1407766342,"mean":2.63867235184,"median":2.24861049652,"min":-2.60570073128,"var":3.19322824478},"melbands_spread":{"dmean":5.39025688171,"dmean2":8.34872722626,"dvar":56.4064559937,"dvar2":116.109840393,"max":216.632476807,"mean":18.9718341827,"median":15.0796337128,"min":0.422707676888,"var":380.874725342},"mfcc":{"cov":[[23070.8789062,1441.27331543,-4559.24560547,585.467895508,-1413.22070312,686.433166504,-397.536773682,80.8017120361,-211.178970337,432.606292725,-93.5535736084,132.140319824,328.333190918],[1441.27331543,1845.7109375,-127.035835266,-345.403533936,2.29504418373,74.7201690674,67.7547454834,-178.080551147,43.1409797668,51.7079696655,82.5875854492,-18.6405925751,64.4645767212],[-4559.24560547,-127.035835266,1441.74353027,-68.3895874023,368.073486328,-177.704360962,80.1154174805,-2.11276960373,41.7117195129,-99.2165756226,33.4809913635,-15.9517259598,-109.22328186],[585.467895508,-345.403533936,-68.3895874023,535.522521973,-53.0816497803,3.10882949829,-56.7982177734,95.8684310913,-23.7099647522,-23.1116275787,-32.9350509644,-3.23750305176,-27.927822113],[-1413.22070312,2.29504418373,368.073486328,-53.0816497803,290.012390137,-38.7303009033,68.3100891113,-16.3616886139,39.9583625793,-24.046667099,16.1664066315,-11.56686306,-11.5750417709],[686.433166504,74.7201690674,-177.704360962,3.10882949829,-38.7303009033,138.869277954,9.07498645782,22.4061985016,-23.9564037323,17.7305603027,-4.7934961319,12.2645196915,6.15482664108],[-397.536773682,67.7547454834,80.1154174805,-56.7982177734,68.3100891113,9.07498645782,113.995887756,1.04322099686,20.468038559,-16.7632789612,9.10859680176,-9.76150608063,8.61430168152],[80.8017120361,-178.080551147,-2.11276960373,95.8684310913,-16.3616886139,22.4061985016,1.04322099686,122.40196991,4.06338262558,-8.55531692505,-16.7561740875,16.9399356842,-11.2594013214],[-211.178970337,43.1409797668,41.7117195129,-23.7099647522,39.9583625793,-23.9564037323,20.468038559,4.06338262558,82.4238052368,22.5986042023,11.1254425049,-9.72288608551,9.62325286865],[432.606292725,51.7079696655,-99.2165756226,-23.1116275787,-24.046667099,17.7305603027,-16.7632789612,-8.55531692505,22.5986042023,88.4090042114,26.7987594604,1.62012505531,6.04734420776],[-93.5535736084,82.5875854492,33.4809913635,-32.9350509644,16.1664066315,-4.7934961319,9.10859680176,-16.7561740875,11.1254425049,26.7987594604,70.7606887817,25.9717292786,5.6802945137],[132.140319824,-18.6405925751,-15.9517259598,-3.23750305176,-11.56686306,12.2645196915,-9.76150608063,16.9399356842,-9.72288608551,1.62012505531,25.9717292786,69.5272903442,24.7280864716],[328.333190918,64.4645767212,-109.22328186,-27.927822113,-11.5750417709,6.15482664108,8.61430168152,-11.2594013214,9.62325286865,6.04734420776,5.6802945137,24.7280864716,74.0364151001]],"icov":[[0.000154683730216,-0.000146360805957,0.000395418523112,-0.000164379744092,0.000120817363495,-0.0000237539443333,0.0000715054920875,-0.000119283919048,0.000177579757292,-0.000345984095475,0.000238839289523,-0.00025327608455,0.0000286453996523],[-0.000146360805957,0.000905147055164,-0.000401218043407,0.000422466633609,0.0000746312143747,-0.000672779802699,-0.000178635731572,0.000979442498647,-0.000626879686024,0.000552623416297,-0.00102540908847,0.000767479359638,-0.000475577835459],[0.000395418523112,-0.000401218043407,0.00250265956856,-0.000250994111411,-0.00116296776105,0.00131763145328,-0.00000686217845214,-0.000603810418397,0.000395472423406,0.000145351979882,0.000102157471702,-0.00134055316448,0.00218740990385],[-0.000164379744092,0.000422466633609,-0.000250994111411,0.00270125642419,-0.000152136955876,0.0000781732960604,0.00110030604992,-0.00161143217701,0.0000695235576131,0.00114272674546,-0.000712402106728,0.00119422946591,0.000159852046636],[0.000120817363495,0.0000746312143747,-0.00116296776105,-0.000152136955876,0.00618904829025,-0.000750439066906,-0.00210587400943,0.00106081727426,-0.00183258904144,0.000122886849567,-0.00015962132602,0.000196083768969,-0.000762585201301],[-0.0000237539443333,-0.000672779802699,0.00131763145328,0.0000781732960604,-0.000750439066906,0.0110075538978,-0.00262076850049,-0.00264866300859,0.00400402676314,-0.00286587863229,0.00198099133559,-0.00240748398937,0.00189995334949],[0.0000715054920875,-0.000178635731572,-0.00000686217845214,0.00110030604992,-0.00210587400943,-0.00262076850049,0.0129948779941,-0.00209360034205,-0.00202277069911,0.00397270731628,-0.00358223030344,0.0043159564957,-0.00292663974687],[-0.000119283919048,0.000979442498647,-0.000603810418397,-0.00161143217701,0.00106081727426,-0.00264866300859,-0.00209360034205,0.0132219931111,-0.00396670494229,0.000495456566568,0.00342286052182,-0.00545537378639,0.00285256630741],[0.000177579757292,-0.000626879686024,0.000395472423406,0.0000695235576131,-0.00183258904144,0.00400402676314,-0.00202277069911,-0.00396670494229,0.0181344114244,-0.00638803420588,-0.000581305474043,0.003425759729,-0.00355424545705],[-0.000345984095475,0.000552623416297,0.000145351979882,0.00114272674546,0.000122886849567,-0.00286587863229,0.00397270731628,0.000495456566568,-0.00638803420588,0.0187400076538,-0.00872142240405,0.00367241445929,0.000311411800794],[0.000238839289523,-0.00102540908847,0.000102157471702,-0.000712402106728,-0.00015962132602,0.00198099133559,-0.00358223030344,0.00342286052182,-0.000581305474043,-0.00872142240405,0.0244982745498,-0.012774865143,0.00363847101107],[-0.00025327608455,0.000767479359638,-0.00134055316448,0.00119422946591,0.000196083768969,-0.00240748398937,0.0043159564957,-0.00545537378639,0.003425759729,0.00367241445929,-0.012774865143,0.0261746346951,-0.0106806699187],[0.0000286453996523,-0.000475577835459,0.00218740990385,0.000159852046636,-0.000762585201301,0.00189995334949,-0.00292663974687,0.00285256630741,-0.00355424545705,0.000311411800794,0.00363847101107,-0.0106806699187,0.0213031191379]],"mean":[-721.272827148,161.953796387,-4.08467292786,27.6970481873,-2.67378258705,23.0055465698,4.5679807663,4.28044033051,-0.320158153772,6.24962377548,2.0066640377,2.07964968681,0.0344938822091]},"pitch_salience":{"dmean":0.0830187350512,"dmean2":0.133101195097,"dvar":0.00536421034485,"dvar2":0.0136089595035,"max":0.989826381207,"mean":0.546617031097,"median":0.563757658005,"min":0.098276771605,"var":0.0139528485015},"silence_rate_20dB":{"dmean":0,"dmean2":0,"dvar":0,"dvar2":0,"max":1,"mean":1,"median":1,"min":1,"var":0},"silence_rate_30dB":{"dmean":0.0832120999694,"dmean2":0.166440352798,"dvar":0.0762878507376,"dvar2":0.161628350616,"max":1,"mean":0.909425914288,"median":1,"min":0,"var":0.0823704227805},"silence_rate_60dB":{"dmean":0.00737076904625,"dmean2":0.0147429676726,"dvar":0.00731644080952,"dvar2":0.0180173683912,"max":1,"mean":0.191330492496,"median":0,"min":0,"var":0.154723137617},"spectral_centroid":{"dmean":174.353942871,"dmean2":255.950546265,"dvar":58922.5195312,"dvar2":98561.9609375,"max":11477.7978516,"mean":1022.80535889,"median":898.484375,"min":131.558746338,"var":713730.625},"spectral_complexity":{"dmean":2.97817873955,"dmean2":4.65916585922,"dvar":12.0145559311,"dvar2":25.8184585571,"max":60,"mean":17.9536457062,"median":17,"min":0,"var":163.402236938},"spectral_contrast_coeffs":{"dmean":[0.0493038408458,0.045866061002,0.0382864959538,0.0303140562028,0.022070210427,0.0369588397443],"dmean2":[0.0817858874798,0.075554870069,0.0632614046335,0.0503664314747,0.0366715826094,0.058042101562],"dvar":[0.00160731899086,0.0013504025992,0.000934394949581,0.00061023310991,0.000403327838285,0.00133469281718],"dvar2":[0.00426801806316,0.00367700029165,0.00252899480984,0.00164173205849,0.0010537870694,0.00319159729406],"max":[-0.373395234346,-0.448126196861,-0.575334131718,-0.602073431015,-0.705332219601,-0.400144457817],"mean":[-0.702988982201,-0.777776181698,-0.802827179432,-0.811602115631,-0.849686741829,-0.752786159515],"median":[-0.705280482769,-0.782241880894,-0.802717089653,-0.803084492683,-0.834406018257,-0.747646689415],"min":[-0.978084862232,-0.9802993536,-0.982766807079,-0.990323066711,-0.979186415672,-0.96381187439],"var":[0.00530605576932,0.00478878384456,0.00352773722261,0.00440693553537,0.00304271443747,0.00959621649235]},"spectral_contrast_valleys":{"dmean":[0.385534018278,0.361198067665,0.35302054882,0.35472753644,0.39395108819,0.6355022192],"dmean2":[0.631678342819,0.591858923435,0.569834828377,0.565223157406,0.617041647434,1.01219761372],"dvar":[0.11235357821,0.10640154779,0.128011539578,0.158377364278,0.222582042217,0.314859747887],"dvar2":[0.269539117813,0.248397260904,0.291757494211,0.375025391579,0.543909966946,0.772880077362],"max":[-4.84052705765,-4.73454236984,-4.97282123566,-5.45487213135,-5.34710550308,-8.6077709198],"mean":[-7.18515443802,-7.06629800797,-7.5238275528,-7.99004554749,-8.32944011688,-11.5651330948],"median":[-6.81106567383,-6.54794216156,-6.92996931076,-7.40140199661,-7.64987850189,-11.2599315643],"min":[-27.9772701263,-27.9624462128,-27.5505867004,-27.4832668304,-27.5196647644,-27.4315547943],"var":[3.18032097816,3.74589681625,4.23288631439,4.57537317276,4.32358407974,2.51991605759]},"spectral_decrease":{"dmean":4.63749216806e-9,"dmean2":7.38572358827e-9,"dvar":8.54807717093e-17,"dvar2":2.10876859327e-16,"max":4.12721679055e-9,"mean":-8.36690272621e-9,"median":-4.51898252152e-9,"min":-1.21431270372e-7,"var":1.22977457829e-16},"spectral_energy":{"dmean":0.0175807513297,"dmean2":0.0280749350786,"dvar":0.00121200736612,"dvar2":0.00299689709209,"max":0.471264690161,"mean":0.0417345240712,"median":0.0235270243138,"min":1.02211307482e-20,"var":0.00236327713355},"spectral_energyband_high":{"dmean":0.000218347166083,"dmean2":0.000290251045953,"dvar":2.24706298013e-7,"dvar2":3.87482998576e-7,"max":0.01579852961,"mean":0.000706795544829,"median":0.000214560364839,"min":7.2974931849e-21,"var":0.00000126589429783},"spectral_energyband_low":{"dmean":0.0144800264388,"dmean2":0.02391942963,"dvar":0.000936233089305,"dvar2":0.00242607737891,"max":0.370016872883,"mean":0.0194721724838,"median":0.00741957779974,"min":2.38298439606e-23,"var":0.00100810464937},"spectral_energyband_middle_high":{"dmean":0.00188835232984,"dmean2":0.0029711923562,"dvar":0.0000106274301288,"dvar2":0.0000267928371613,"max":0.076906517148,"mean":0.00640885392204,"median":0.00265206443146,"min":1.13315585205e-21,"var":0.0000662283491693},"spectral_energyband_middle_low":{"dmean":0.00349675165489,"dmean2":0.0055509400554,"dvar":0.0000324172688124,"dvar2":0.0000813241495052,"max":0.106471896172,"mean":0.00957707781345,"median":0.00592629378662,"min":1.83977080087e-22,"var":0.000125038117403},"spectral_entropy":{"dmean":0.226802527905,"dmean2":0.352303892374,"dvar":0.079144962132,"dvar2":0.199297115207,"max":9.81468677521,"mean":7.33005475998,"median":7.48991918564,"min":4.53725385666,"var":0.379241764545},"spectral_flux":{"dmean":0.0286203995347,"dmean2":0.0468905568123,"dvar":0.00192496716045,"dvar2":0.00448989868164,"max":0.524387717247,"mean":0.099630266428,"median":0.0886336117983,"min":6.38181799073e-11,"var":0.00636841636151},"spectral_kurtosis":{"dmean":6.28310489655,"dmean2":10.2317314148,"dvar":146.964675903,"dvar2":400.492858887,"max":190.535842896,"mean":18.8545837402,"median":16.1278820038,"min":-1.24935317039,"var":226.783874512},"spectral_rms":{"dmean":0.00103449309245,"dmean2":0.00160255585797,"dvar":0.00000244895045398,"dvar2":0.00000567444976696,"max":0.0214422587305,"mean":0.00527857849374,"median":0.00479094916955,"min":3.15782122673e-12,"var":0.0000128532201416},"spectral_rolloff":{"dmean":3154.06396484,"dmean2":5966.69580078,"dvar":42006828,"dvar2":99904480,"max":22006.9335938,"mean":8141.16503906,"median":1765.72265625,"min":21.533203125,"var":88604096},"spectral_skewness":{"dmean":0.476869046688,"dmean2":0.75765222311,"dvar":0.510025918484,"dvar2":1.37933623791,"max":11.7545967102,"mean":2.93948674202,"median":2.80212545395,"min":-0.0546622127295,"var":1.34391129017},"spectral_spread":{"dmean":570605.125,"dmean2":889683,"dvar":507011334144,"dvar2":1090594013180,"max":41746584,"mean":4010116.25,"median":3731094.5,"min":919561.4375,"var":5076717928450},"spectral_strongpeak":{"dmean":1.3197748661,"dmean2":2.46744394302,"dvar":55.121131897,"dvar2":153.477233887,"max":173.566665649,"mean":1.3372938633,"median":0.195436418056,"min":0,"var":46.7855377197},"zerocrossingrate":{"dmean":0.03361909464,"dmean2":0.0418510064483,"dvar":0.000893111689948,"dvar2":0.00135665631387,"max":0.72900390625,"mean":0.214209631085,"median":0.196533203125,"min":0.005859375,"var":0.0107151642442}},"metadata":{"audio_properties":{"analysis_sample_rate":44100,"bit_rate":177986,"codec":"mp3","downmix":"mix","equal_loudness":0,"length":239.412246704,"lossless":false,"md5_encoded":"a6e089e133625e10a38574dbdc96d145","replay_gain":1.52611732483,"sample_rate":44100},"tags":{"acoustid_id":["408004b3-4455-4d76-a959-bec351f0a70e"],"album":["A Beautiful Lie"],"albumartist":["30 Seconds to Mars"],"artist":["30 Seconds to Mars"],"date":["2005"],"discnumber":["1/1"],"file_name":"09 - 30 Seconds to Mars - R-Evolve.mp3","musicbrainz_albumartistid":["d8354b38-e942-4c89-ba93-29323432abc3"],"musicbrainz_albumid":["35a68426-e638-457a-841d-c6e202654639"],"musicbrainz_artistid":["d8354b38-e942-4c89-ba93-29323432abc3"],"musicbrainz_recordingid":["aa158259-c597-4c60-9072-7bd89ba065a4"],"musicbrainz_releasegroupid":["9621fe3a-e95d-3dfc-885b-bda4338f25a6"],"replaygain_album_gain":["-0.10 dB"],"replaygain_album_peak":["0.366466"],"replaygain_track_gain":["+1.42 dB"],"replaygain_track_peak":["0.337669"],"title":["R-Evolve"],"tracknumber":["9/12"]},"version":{"essentia":"2.1-beta1","essentia_build_sha":"e76a03f03bb3900de42a1fa0d9be1e72f12def64","essentia_git_sha":"v2.1_beta1-28-g21ef5f4-dirty","extractor":"music 1.0"}},"rhythm":{"beats_count":538,"beats_loudness":{"dmean":0.0269890259951,"dmean2":0.0485637001693,"dvar":0.00095883134054,"dvar2":0.00276030343957,"max":0.267976522446,"mean":0.0526152402163,"median":0.0388235971332,"min":1.3434564225e-11,"var":0.00265251356177},"beats_loudness_band_ratio":{"dmean":[0.19432541728,0.0829226225615,0.0659845843911,0.0667792484164,0.0254046302289,0.0841369628906],"dmean2":[0.343038499355,0.143611818552,0.114990346134,0.118668690324,0.0445965491235,0.14528785646],"dvar":[0.0253604277968,0.00624367594719,0.00650006625801,0.00522817065939,0.00110811810009,0.00848868768662],"dvar2":[0.0747936293483,0.0176210664213,0.0180370286107,0.0150949852541,0.00312456209213,0.0230939239264],"max":[0.98285061121,0.4910926