{"lowlevel":{"average_loudness":0.924640655518,"barkbands":{"dmean":[0.00214868667535,0.00512298615649,0.00459090899676,0.00298667908646,0.0037858011201,0.00130340002943,0.000665450002998,0.00072467623977,0.000757373927627,0.000498778419569,0.000323689397192,0.000232020829571,0.00030210163095,0.000222307760851,0.000178208749276,0.000165931502124,0.00016417785082,0.000135505135404,0.0000883007887751,0.0000756282752263,0.0000679260119796,0.0000374623086827,0.0000189097027032,0.00000475389424537,0.0000028409638162,0.00000411702239944,0.0000286989488814],"dmean2":[0.00330729270354,0.00869850162417,0.00756549742073,0.00461500883102,0.00597958918661,0.00206125993282,0.00107138906606,0.00116553728003,0.00125148857478,0.000802706868853,0.000513576786034,0.000383005128242,0.000494316918775,0.0003571966663,0.000290008727461,0.000263188470853,0.000263522000751,0.000212381986785,0.000133400957566,0.00011444681877,0.000098364558653,0.0000548287025595,0.000026266756322,0.00000739026700103,0.00000472681267638,0.00000629371152172,0.0000409782951465],"dvar":[0.0000486842618557,0.0000476288587379,0.0000410736793128,0.0000341075356118,0.0000292675322271,0.00000608664913671,0.00000128919009512,0.00000201900843422,0.00000358399620382,0.00000232629440688,7.44969440802e-7,2.90653730417e-7,3.31574170787e-7,2.17310912376e-7,1.01356398829e-7,1.13642123267e-7,1.21130071307e-7,1.05744213386e-7,4.79551438559e-8,7.38007202017e-8,5.49920713411e-8,2.2056331872e-8,5.17342568784e-9,7.85204401499e-11,2.06291754512e-11,4.91397859903e-11,1.69957103946e-9],"dvar2":[0.000100212680991,0.000134855072247,0.000107311512693,0.0000716644572094,0.0000726834114175,0.0000139876683534,0.00000309234769702,0.00000493337211083,0.00000949016884988,0.00000590286708757,0.00000171820272499,7.00993496139e-7,8.47409467042e-7,5.176981972e-7,2.591656596e-7,2.83546341961e-7,3.21618841781e-7,2.63435595116e-7,1.00197880215e-7,1.55375460054e-7,1.04366542075e-7,4.04498763373e-8,7.61130092286e-9,1.77546921609e-10,5.26060341122e-11,9.80205430712e-11,3.28201710253e-9],"max":[0.124393224716,0.101676031947,0.138017952442,0.137857452035,0.0952859073877,0.0566936358809,0.0238544754684,0.0512049496174,0.0507516339421,0.048171851784,0.0262040514499,0.0183620844036,0.0108872866258,0.014854170382,0.00430297432467,0.00694401934743,0.00588096212596,0.0131140500307,0.00627755746245,0.0103760575876,0.00733116455376,0.00846756342798,0.00365246925503,0.000214808052988,0.0000522836235177,0.000353197712684,0.000716604874469],"mean":[0.00270623294637,0.00808735284954,0.00768232950941,0.00513258203864,0.00739993900061,0.00207632407546,0.00124244415201,0.00133654638194,0.00127071095631,0.000739379029255,0.00048870628234,0.000357452925527,0.0005022159894,0.000385733030271,0.000325939065078,0.000322982959915,0.000342014973285,0.000282025255729,0.000184407414054,0.000148314560647,0.000131513705128,0.0000664920808049,0.0000310769173666,0.0000065876924964,0.00000294314099847,0.00000631692819297,0.0000950142857619],"median":[0.000391748675611,0.00525407353416,0.00444345735013,0.00235910364427,0.0052152806893,0.00111897988245,0.000638860976323,0.000656059826724,0.000607846304774,0.000234419261687,0.000170171057107,0.000151578598889,0.000223081937293,0.000150959866005,0.000105028928374,0.0000672092428431,0.0000611361028859,0.0000637878256384,0.0000681604942656,0.0000413358357036,0.0000339901307598,0.0000148760245793,0.00000779845868237,0.00000266605547949,0.00000128372562358,0.00000314768476528,0.0000429520041507],"min":[5.45646114849e-25,3.83219398084e-24,2.23033204062e-24,1.24939971607e-23,2.97965575003e-23,3.92395443911e-23,2.62240415411e-23,2.91909931596e-23,2.51352888519e-23,2.96410887931e-23,3.1815489215e-23,5.15451528901e-23,4.27415093641e-23,5.39018180465e-23,5.20704616778e-23,1.40958576415e-22,1.16637754893e-22,1.3049983329e-22,1.95547183077e-22,2.79148339405e-22,3.22469046223e-22,4.4093669336e-22,4.45935774336e-22,7.32618934455e-22,1.11260942072e-21,1.29010640606e-21,1.99899726277e-21],"var":[0.0000718149312888,0.0000792080027168,0.0000954120769165,0.0000837833140395,0.000065884894866,0.0000108345366243,0.00000331679984811,0.00000409876338381,0.00000543639362149,0.00000339686675943,0.0000011823440218,4.5963824391e-7,5.72959550027e-7,4.40879745156e-7,2.41307304805e-7,3.08563215867e-7,3.65971487781e-7,2.58198525671e-7,1.22075562103e-7,1.63801061603e-7,1.41294364653e-7,5.46331584417e-8,1.4501530643e-8,1.30362054485e-10,2.20665916095e-11,1.05590307331e-10,1.31704371853e-8]},"barkbands_crest":{"dmean":2.43527436256,"dmean2":4.00472927094,"dvar":4.39267539978,"dvar2":11.4941148758,"max":26.5902843475,"mean":10.2743501663,"median":9.58051109314,"min":2.34749770164,"var":15.5686159134},"barkbands_flatness_db":{"dmean":0.0263439435512,"dmean2":0.0411688759923,"dvar":0.0005503789871,"dvar2":0.00131905148737,"max":0.474422723055,"mean":0.167269393802,"median":0.160693064332,"min":0.0115436315536,"var":0.00366644444875},"barkbands_kurtosis":{"dmean":6.52386903763,"dmean2":10.4369792938,"dvar":301.571350098,"dvar2":682.442199707,"max":1113.98254395,"mean":14.1563711166,"median":7.53757619858,"min":-1.89145207405,"var":655.766540527},"barkbands_skewness":{"dmean":0.635307133198,"dmean2":1.00287151337,"dvar":0.510607779026,"dvar2":1.1650043726,"max":26.2454051971,"mean":2.52057290077,"median":2.25082850456,"min":-3.44317221642,"var":2.60130524635},"barkbands_spread":{"dmean":3.7383749485,"dmean2":5.69534635544,"dvar":29.3421993256,"dvar2":63.9637031555,"max":135.636947632,"mean":14.6566772461,"median":10.1199092865,"min":0.134307205677,"var":228.593170166},"dissonance":{"dmean":0.0212406739593,"dmean2":0.0354121513665,"dvar":0.00044109771261,"dvar2":0.00121708516963,"max":0.500000059605,"mean":0.458386838436,"median":0.466859221458,"min":0.243492349982,"var":0.0010578596266},"dynamic_complexity":2.22829723358,"erbbands":{"dmean":[0.153158411384,1.27212524414,4.87359523773,7.70879077911,12.0844373703,12.2195091248,15.1194782257,9.07758522034,8.19697761536,12.4983606339,16.5341567993,17.3277511597,15.0356454849,16.1195106506,11.6277456284,7.75008773804,11.9653463364,12.7658863068,8.86753082275,8.41139411926,10.7378892899,7.8374671936,5.60497379303,6.44814538956,4.05114889145,3.53510761261,3.28271126747,2.42638969421,1.33284807205,0.851638376713,0.458128809929,0.169698432088,0.0589567869902,0.0325828008354,0.0200125910342,0.0118753360584,0.00791972689331,0.00577593501657,0.00245370180346,0.00114861223847],"dmean2":[0.261708527803,2.16946983337,8.16051101685,11.8384637833,19.0759849548,19.3920459747,23.6046943665,14.7196903229,13.5279846191,19.8729019165,26.4608211517,29.0242862701,24.3678283691,25.7966976166,18.305606842,12.617026329,19.3830070496,20.4422607422,14.1215219498,13.616809845,17.068189621,12.3047084808,8.58994197845,9.88654899597,6.13523292542,5.32631635666,4.82087612152,3.61855340004,1.93870961666,1.21511018276,0.646829426289,0.249597012997,0.0945829376578,0.0539931021631,0.0332545526326,0.0193974729627,0.0120537793264,0.00825690012425,0.00342688616365,0.00172533397563],"dvar":[0.0877629667521,2.847178936,44.3314819336,204.524414062,325.444488525,402.55947876,723.961608887,298.555908203,186.380905151,464.587432861,1186.76525879,1816.15270996,2402.35864258,1650.14990234,922.000244141,313.879089355,605.655578613,711.151123047,274.021179199,247.158279419,504.988220215,246.842987061,140.561233521,222.183456421,117.237251282,161.940261841,129.49621582,77.0864181519,26.1780414581,14.4366607666,3.05498552322,0.218671023846,0.0085931122303,0.00265479600057,0.00101985177025,0.000318506296026,0.000169929699041,0.000183352531167,0.0000265306516667,0.00000133649416512],"dvar2":[0.237527132034,8.34560680389,123.705230713,430.102966309,820.547973633,961.169799805,1597.05578613,726.333129883,489.101745605,1086.27392578,2929.04858398,4999.31689453,6351.72900391,3990.85839844,2093.60180664,752.42199707,1502.23168945,1716.81921387,694.416687012,632.303100586,1279.20690918,636.693969727,332.581359863,523.100891113,253.077758789,332.781707764,259.657165527,153.476425171,50.4018135071,25.9929656982,4.7792057991,0.416349619627,0.0205300860107,0.00676253344864,0.00260079535656,0.000807430711575,0.00034627362038,0.000325850967783,0.0000494567102578,0.0000029973157325],"max":[4.387550354,23.8354587555,136.939422607,288.015563965,400.094329834,557.048034668,493.002532959,480.034484863,323.621551514,484.927947998,1230.97485352,1455.34399414,1832.39611816,941.860534668,1041.37438965,434.927001953,591.528442383,878.743103027,347.25302124,266.233276367,404.069366455,297.68737793,363.094970703,453.863067627,358.664001465,492.348358154,410.553741455,246.858505249,258.685058594,253.036560059,73.6457443237,19.1430168152,1.50605881214,0.592343688011,0.369478553534,0.207537308335,0.469355255365,0.661419689655,0.148487448692,0.0222281385213],"mean":[0.22434271872,1.92341256142,8.17631149292,14.3569755554,21.7194805145,21.4336566925,24.6833972931,14.2520160675,14.2371177673,23.9442825317,32.0218009949,29.5900554657,24.4769363403,25.3912906647,19.3700904846,13.3937683105,20.9879493713,22.7838993073,16.9763679504,16.4427604675,22.3236846924,18.1365356445,13.0726890564,13.5389890671,8.38403129578,7.02328157425,6.39459991455,4.50496292114,2.41746592522,1.44865119457,0.750302791595,0.250892400742,0.0766659155488,0.0355616249144,0.0204474590719,0.0142832696438,0.0124293379486,0.0113486247137,0.00705519365147,0.00586766703054],"median":[0.108660116792,1.26041889191,4.93640470505,7.23467063904,13.7449169159,13.736333847,12.500415802,7.9015083313,8.52192115784,12.6062068939,15.0706987381,15.3371887207,9.68851852417,8.86856460571,7.88181877136,6.34535217285,9.80011940002,9.35990142822,6.87748432159,4.94610309601,4.06329393387,3.49221491814,3.28890323639,4.29670858383,2.77808237076,2.01712965965,1.6913895607,1.10082101822,0.557384371758,0.366005003452,0.187059879303,0.0781809091568,0.0359155908227,0.0165757723153,0.00864049233496,0.00742887984961,0.00620654039085,0.00467968545854,0.00327907176688,0.00548873282969],"min":[1.30705315779e-22,6.83547696695e-22,3.89500488471e-21,2.83202698737e-20,2.35115781672e-20,7.37172892903e-20,1.08331224247e-19,2.96032379897e-19,4.25620459214e-19,4.74181648038e-19,7.22667427832e-19,5.76896800601e-19,1.36201739866e-18,9.27646764429e-19,1.64708337988e-18,2.04006996127e-18,1.53072212536e-18,3.07864981425e-18,4.10588591911e-18,3.2289934061e-18,9.23883816425e-18,6.61404229297e-18,5.87080934566e-18,9.31273103555e-18,1.14419319826e-17,1.52962884074e-17,1.33891689113e-17,1.57072383532e-17,1.42479594037e-17,1.39120694811e-17,1.32245020667e-17,1.37076408917e-17,1.34253514456e-17,1.12347902408e-17,8.54539445877e-18,4.94318915441e-18,2.55919507202e-18,1.08883148878e-18,2.96046597064e-19,2.99538223365e-20],"var":[0.124026179314,4.32222890854,100.993400574,567.452880859,743.821044922,842.824523926,1442.03430176,466.190032959,336.016845703,1228.10717773,2496.03613281,2608.2956543,3267.91186523,2684.21264648,1618.39013672,543.168029785,1042.80505371,1452.9119873,624.383972168,644.259765625,1522.55407715,930.502197266,462.762023926,546.745300293,279.624420166,368.598907471,333.772918701,177.768997192,63.9869270325,32.7920074463,8.48561382294,0.474824786186,0.0125405257568,0.00289739412256,0.0010978684295,0.000379943288863,0.000379978533601,0.000455494329799,0.0000939415913308,0.0000125134838527]},"erbbands_crest":{"dmean":2.25920367241,"dmean2":3.65075349808,"dvar":4.54468822479,"dvar2":11.2214183807,"max":30.5477542877,"mean":8.21283912659,"median":7.25128746033,"min":2.63277387619,"var":15.0035791397},"erbbands_flatness_db":{"dmean":0.0201646219939,"dmean2":0.0312718525529,"dvar":0.000331521703629,"dvar2":0.000766785815358,"max":0.384279996157,"mean":0.150406718254,"median":0.1478728652,"min":0.0422582700849,"var":0.00123934354633},"erbbands_kurtosis":{"dmean":1.03487122059,"dmean2":1.65657615662,"dvar":6.69393634796,"dvar2":14.6143245697,"max":134.33013916,"mean":0.880465149879,"median":0.0713287591934,"min":-1.76439142227,"var":13.730181694},"erbbands_skewness":{"dmean":0.351102292538,"dmean2":0.538077116013,"dvar":0.128857851028,"dvar2":0.273962080479,"max":9.18143749237,"mean":0.523575186729,"median":0.494985282421,"min":-2.96214103699,"var":0.737603962421},"erbbands_spread":{"dmean":6.50132656097,"dmean2":10.0798625946,"dvar":48.0897865295,"dvar2":109.71308136,"max":118.686126709,"mean":33.4228820801,"median":32.0702896118,"min":1.63682174683,"var":191.037094116},"gfcc":{"cov":[[14124.8740234,1824.69067383,-1561.73547363,376.062469482,189.404388428,-806.861816406,303.297485352,-354.450836182,206.16595459,-101.409118652,-126.499343872,10.5612592697,-57.2206382751],[1824.69067383,1156.13635254,197.947753906,-280.484741211,92.6101608276,-64.3899078369,16.1532917023,-58.1185760498,10.6219997406,-66.2939682007,47.0847969055,-128.78704834,26.0301513672],[-1561.73547363,197.947753906,992.604858398,-130.113357544,-96.0498657227,310.881561279,-101.321052551,118.150619507,-113.859542847,-12.5223207474,84.0191268921,-89.3574371338,1.56277108192],[376.062469482,-280.484741211,-130.113357544,369.485076904,45.6145362854,-70.2002105713,60.3586044312,-61.693572998,5.75394773483,8.05107307434,-23.0099010468,50.7967338562,-34.1593360901],[189.404388428,92.6101608276,-96.0498657227,45.6145362854,187.776702881,-15.9597301483,37.2542762756,-18.3797874451,27.2902908325,-20.9287338257,-6.70484876633,-1.43793690205,12.2268466949],[-806.861816406,-64.3899078369,310.881561279,-70.2002105713,-15.9597301483,270.667297363,-14.9970493317,56.6567192078,-63.3320655823,11.0263690948,25.3878936768,-16.7890052795,10.5059728622],[303.297485352,16.1532917023,-101.321052551,60.3586044312,37.2542762756,-14.9970493317,176.272979736,-12.7681465149,50.1203994751,-18.0522937775,2.95727205276,10.7168588638,-12.2825098038],[-354.450836182,-58.1185760498,118.150619507,-61.693572998,-18.3797874451,56.6567192078,-12.7681465149,154.449539185,28.4927692413,20.5239429474,12.4093971252,-12.7283220291,2.13103270531],[206.16595459,10.6219997406,-113.859542847,5.75394773483,27.2902908325,-63.3320655823,50.1203994751,28.4927692413,130.442138672,13.6093845367,-2.55027794838,16.4332542419,-11.458366394],[-101.409118652,-66.2939682007,-12.5223207474,8.05107307434,-20.9287338257,11.0263690948,-18.0522937775,20.5239429474,13.6093845367,71.9128646851,17.6705036163,3.47453165054,2.74388885498],[-126.499343872,47.0847969055,84.0191268921,-23.0099010468,-6.70484876633,25.3878936768,2.95727205276,12.4093971252,-2.55027794838,17.6705036163,69.4689407349,17.6236248016,-0.385259270668],[10.5612592697,-128.78704834,-89.3574371338,50.7967338562,-1.43793690205,-16.7890052795,10.7168588638,-12.7283220291,16.4332542419,3.47453165054,17.6236248016,82.1633682251,17.1828918457],[-57.2206382751,26.0301513672,1.56277108192,-34.1593360901,12.2268466949,10.5059728622,-12.2825098038,2.13103270531,-11.458366394,2.74388885498,-0.385259270668,17.1828918457,61.7152023315]],"icov":[[0.000205152653507,-0.000700393749867,0.000472941377666,-0.000621472892817,0.000434823828982,-0.000195120461285,0.0000580874293519,-0.000371288653696,0.000142597113154,-0.0000362368991773,0.000387589068851,-0.000489116413519,0.000267800030997],[-0.000700393749867,0.00450284453109,-0.00219692639075,0.00351549615152,-0.00252324319445,0.00203413539566,-0.000681992270984,0.00284469430335,-0.00120889174286,0.00132521113846,-0.00361689878628,0.00493026990443,-0.00230611348525],[0.000472941377666,-0.00219692639075,0.00417678663507,-0.00308282487094,0.00288624851964,-0.00365153467283,0.00197009672411,-0.0022200786043,-0.000178649890586,0.00296922470443,-0.00317217339762,0.00240168720484,-0.000782118120696],[-0.000621472892817,0.00351549615152,-0.00308282487094,0.00789001025259,-0.00418207142502,0.0035543248523,-0.00278099626303,0.00308553176001,0.00161498575471,-0.00324626243673,0.00221690000035,-0.00245427526534,0.00309101026505],[0.000434823828982,-0.00252324319445,0.00288624851964,-0.00418207142502,0.00894778687507,-0.00311492430046,0.00104908132926,-0.0012481251033,-0.00229176133871,0.00385821075179,-0.00184831686784,0.00225323974155,-0.00314694573171],[-0.000195120461285,0.00203413539566,-0.00365153467283,0.0035543248523,-0.00311492430046,0.00902808085084,-0.0030138802249,0.0000645733307465,0.00371931050904,-0.0036189595703,0.00193510472309,-0.00195756694302,0.00090766698122],[0.0000580874293519,-0.000681992270984,0.00197009672411,-0.00278099626303,0.00104908132926,-0.0030138802249,0.00876017846167,-0.0000844530659379,-0.00423000054434,0.00477709015831,-0.00395947182551,0.00273025501519,-0.00097871676553],[-0.000371288653696,0.00284469430335,-0.0022200786043,0.00308553176001,-0.0012481251033,0.0000645733307465,-0.0000844530659379,0.0108155449852,-0.00427501183003,-0.000974600552581,-0.00177256949246,0.00348738930188,-0.00166643119883],[0.000142597113154,-0.00120889174286,-0.000178649890586,0.00161498575471,-0.00229176133871,0.00371931050904,-0.00423000054434,-0.00427501183003,0.0143202263862,-0.00604304298759,0.0051657082513,-0.00740273483098,0.00568794598803],[-0.0000362368991773,0.00132521113846,0.00296922470443,-0.00324626243673,0.00385821075179,-0.0036189595703,0.00477709015831,-0.000974600552581,-0.00604304298759,0.0231389794499,-0.0127048967406,0.0102298716083,-0.00670675095171],[0.000387589068851,-0.00361689878628,-0.00317217339762,0.00221690000035,-0.00184831686784,0.00193510472309,-0.00395947182551,-0.00177256949246,0.0051657082513,-0.0127048967406,0.0299755167216,-0.0188382472843,0.00945830345154],[-0.000489116413519,0.00493026990443,0.00240168720484,-0.00245427526534,0.00225323974155,-0.00195756694302,0.00273025501519,0.00348738930188,-0.00740273483098,0.0102298716083,-0.0188382472843,0.0320376157761,-0.0145092858002],[0.000267800030997,-0.00230611348525,-0.000782118120696,0.00309101026505,-0.00314694573171,0.00090766698122,-0.00097871676553,-0.00166643119883,0.00568794598803,-0.00670675095171,0.00945830345154,-0.0145092858002,0.0249398071319]],"mean":[-16.2547397614,113.603302002,-80.4445877075,10.6081237793,-23.1754970551,-13.9584712982,-7.26776361465,-15.6546669006,-7.97620916367,-11.8623790741,-10.4247484207,-9.73099803925,-10.1803188324]},"hfc":{"dmean":34.2870101929,"dmean2":54.3886032104,"dvar":1045.09204102,"dvar2":2740.14379883,"max":482.38269043,"mean":149.010192871,"median":152.483520508,"min":1.06562032103e-16,"var":6024.64404297},"melbands":{"dmean":[0.00136653776281,0.00220207311213,0.00133915594779,0.000855421763845,0.000532475707587,0.000211950653465,0.000127099308884,0.000138104936923,0.000130855856696,0.000112033449113,0.0000769797552493,0.0000681837627781,0.0000421617914981,0.0000290492225758,0.0000195342145162,0.0000332342387992,0.000022957498004,0.0000163235836226,0.0000144877285493,0.00000847213868838,0.0000150696778292,0.0000100150955404,0.00000502453622175,0.00000728792929294,0.00000548031812286,0.00000326528834194,0.00000278373067886,0.0000025150197871,0.00000234242656916,0.00000168303108694,0.00000152090001393,8.77801880961e-7,5.93283061789e-7,4.63644965976e-7,2.84324073618e-7,1.93614653199e-7,7.51576720859e-8,4.2112471732e-8,3.24364215487e-8,2.6077946913e-8],"dmean2":[0.00229039555416,0.00372187420726,0.00206269347109,0.00134923262522,0.000833769037854,0.000341267994372,0.000208002893487,0.000218416069401,0.000209776728298,0.000186695076991,0.000124869198771,0.000109352724394,0.0000666310952511,0.0000475751985505,0.0000319540486089,0.0000541104054719,0.0000370145826309,0.0000263104175247,0.0000237845724769,0.000013474475054,0.0000241111174546,0.0000160306899488,0.0000077851154856,0.0000115913335321,0.00000849988009577,0.00000498828376294,0.0000043331838242,0.0000038428361222,0.00000352854590346,0.00000249972117672,0.00000230178693528,0.00000130267858367,8.87634598712e-7,6.61628178023e-7,4.11015037116e-7,2.76977658586e-7,1.15882357932e-7,6.80910190454e-8,5.33305239969e-8,4.34307665387e-8],"dvar":[0.00000508275661559,0.00000849060961627,0.00000486400995214,0.00000158483294399,7.96146480297e-7,1.50510260255e-7,4.31463540451e-8,5.37171409576e-8,7.39327177257e-8,8.27387296454e-8,6.37543067228e-8,3.12192476315e-8,1.32624222715e-8,5.02346564346e-9,1.55018242687e-9,3.83783715918e-9,2.45914644204e-9,9.89783033312e-10,7.33075045112e-10,2.59008092751e-10,1.07515862879e-9,4.34481006728e-10,1.00999923702e-10,3.41904143886e-10,1.61074723004e-10,7.0819412834e-11,7.87630932697e-11,8.46934952725e-11,7.18886963846e-11,3.26834392883e-11,3.36478067631e-11,1.09723107336e-11,1.14376728574e-11,3.65415813927e-12,1.09303516758e-12,6.4496612261e-13,2.39368885092e-14,4.49984559163e-15,2.52069106521e-15,1.75601703724e-15],"dvar2":[0.0000130942171381,0.0000244156053668,0.0000105764493128,0.00000398177189709,0.00000178107120519,3.61840534424e-7,1.10342206483e-7,1.27527329141e-7,1.81863995863e-7,2.24430934281e-7,1.67945231055e-7,7.50681863337e-8,2.9895243614e-8,1.18971277274e-8,3.83912013291e-9,1.0010856144e-8,5.80162540231e-9,2.54416465673e-9,1.92840965418e-9,6.48997411368e-10,2.73772626791e-9,1.15052234406e-9,2.42930009442e-10,8.72359628978e-10,3.8240416389e-10,1.51763421274e-10,1.85559415056e-10,1.79405351686e-10,1.52276843912e-10,6.58771301398e-11,7.16728551509e-11,2.27668613129e-11,2.69424864363e-11,6.1799085814e-12,1.76862929684e-12,1.19129207367e-12,5.34719837852e-14,1.08259475806e-14,6.35876823811e-15,4.47903822728e-15],"max":[0.0324744731188,0.0504017062485,0.0464327521622,0.0251706950366,0.0188652426004,0.0101085398346,0.00452940585092,0.00594046059996,0.00832964573056,0.009258184582,0.00888823252171,0.0037529123947,0.00419548014179,0.00236822478473,0.000819389009848,0.00088727142429,0.00180749071296,0.0006472056848,0.000417330127675,0.000432337750681,0.000561796303373,0.000399539392674,0.000195817847271,0.000759825052228,0.000343334744684,0.000275501486612,0.000338428799296,0.000314186356263,0.000296885584248,0.000167334816069,0.000180545583135,0.000156508584041,0.000224410396186,0.000112811714644,0.0000441201445938,0.0000369752742699,0.00000367961456504,8.63068294166e-7,5.45229852378e-7,4.81980066525e-7],"mean":[0.0022981222719,0.00373608618975,0.00270380382426,0.00161066721193,0.000887530390173,0.000336631288519,0.000231103156693,0.000264105387032,0.00025132362498,0.000185703363968,0.000120627286378,0.000103735874291,0.0000675270202919,0.0000446432459285,0.0000326788685925,0.0000543039714103,0.000039219899918,0.0000275303718809,0.0000249710828939,0.0000169827253558,0.00002934737131,0.0000210200523725,0.0000101374025689,0.0000142397748277,0.0000108242302304,0.00000637139646642,0.00000511617236043,0.00000458286922367,0.0000042765186663,0.00000303414117298,0.00000257263604908,0.00000148670881117,9.48926413002e-7,7.45535714941e-7,4.5612773647e-7,2.79813406223e-7,1.04451508776e-7,5.3063413219e-8,3.80207438866e-8,2.67427076039e-8],"median":[0.00133166764863,0.00246166647412,0.00161329144612,0.001078023226,0.000467955775093,0.000184688629815,0.00013556421618,0.000149012543261,0.000117972827866,0.0000885062618181,0.0000422313896706,0.0000341316990671,0.0000254753686022,0.0000177143811015,0.000015940531739,0.0000233165646932,0.0000151767189891,0.0000103093834696,0.00000753361837269,0.00000479904429085,0.00000431556327385,0.00000362736363968,0.00000245658247877,0.0000031290694551,0.00000343540432368,0.00000222218704948,0.00000144619616549,0.00000120044273899,0.0000010696062418,7.74065711084e-7,5.58183160138e-7,3.19423179462e-7,2.09765971704e-7,1.86677311831e-7,1.0950193996e-7,6.73764048997e-8,3.65358090448e-8,2.49175968747e-8,1.90715176984e-8,1.13947802305e-8],"min":[9.8270069432e-25,1.79989856794e-24,5.00460536906e-24,3.10031368209e-24,4.51923976447e-24,7.09723720273e-24,6.1148848891e-24,5.96275069695e-24,4.63413893303e-24,3.99300445966e-24,6.80947731058e-24,3.55833815658e-24,6.38006718771e-24,7.18155144514e-24,3.88792305949e-24,4.40940074417e-24,5.23266545119e-24,5.83989981046e-24,4.40114452594e-24,5.95468183318e-24,1.15639743296e-23,6.40622423761e-24,5.80452018772e-24,6.06659950196e-24,6.43541997971e-24,8.25716171169e-24,8.04838336223e-24,9.60128287543e-24,7.68322043807e-24,5.75584155341e-24,1.08075987165e-23,5.60315791964e-24,6.93374262468e-24,7.15082136858e-24,7.12712398698e-24,8.61504502742e-24,7.63958223051e-24,8.52406017719e-24,8.05155063877e-24,9.31179064474e-24],"var":[0.00000909366008273,0.0000172919353645,0.0000135742784551,0.00000351177641278,0.00000164456457696,2.5432555617e-7,8.98265852811e-8,1.2922569681e-7,1.56764116355e-7,1.1669553146e-7,8.65670202188e-8,4.97454415438e-8,2.19688658376e-8,8.25597457066e-9,2.58505439277e-9,6.68346844535e-9,4.9800310542e-9,1.90749593898e-9,1.54415003006e-9,7.10140835025e-10,2.95796542815e-9,1.36329625366e-9,2.74756356555e-10,7.31762705986e-10,3.64643648609e-10,1.65484223547e-10,1.42497416644e-10,1.82313109054e-10,1.65674182706e-10,7.62321247794e-11,6.87001844302e-11,2.49824119725e-11,1.61042082447e-11,8.73827833009e-12,2.99950298974e-12,1.37533842821e-12,4.00642111717e-14,6.17467917955e-15,2.97034909317e-15,1.87009014062e-15]},"melbands_crest":{"dmean":3.56674456596,"dmean2":5.96984624863,"dvar":9.84389400482,"dvar2":27.3103427887,"max":34.2014961243,"mean":15.6848573685,"median":14.825963974,"min":1.39603579044,"var":29.962480545},"melbands_flatness_db":{"dmean":0.0323347635567,"dmean2":0.0504121631384,"dvar":0.000800513662398,"dvar2":0.00189610163216,"max":0.554101765156,"mean":0.279386013746,"median":0.27521109581,"min":0.00201898184605,"var":0.0066431928426},"melbands_kurtosis":{"dmean":9.43295001984,"dmean2":14.9818191528,"dvar":265.356872559,"dvar2":622.289672852,"max":383.128570557,"mean":20.7157249451,"median":12.510974884,"min":-1.69342684746,"var":736.368164062},"melbands_skewness":{"dmean":0.755912959576,"dmean2":1.19472587109,"dvar":0.606066346169,"dvar2":1.42918872833,"max":14.6774406433,"mean":3.19473743439,"median":2.90352368355,"min":-2.39882040024,"var":2.78016257286},"melbands_spread":{"dmean":3.97160100937,"dmean2":6.16303825378,"dvar":47.6522445679,"dvar2":107.022399902,"max":212.543197632,"mean":14.6608791351,"median":8.89940261841,"min":0.31897854805,"var":522.729492188},"mfcc":{"cov":[[8849.30273438,534.234741211,-1635.03967285,965.016052246,-440.896026611,142.754959106,-399.197753906,71.4204101562,3.74481105804,9.59436321259,-29.0213928223,6.64270734787,-3.2814977169],[534.234741211,1328.44116211,208.115127563,-191.614562988,105.758323669,-58.0977745056,67.8885345459,-32.2733039856,9.84431743622,8.43873023987,47.8779640198,-7.2735710144,-28.9827232361],[-1635.03967285,208.115127563,989.835083008,-281.98526001,166.561386108,-16.1660003662,194.92628479,-0.252107977867,-51.7056541443,34.8807830811,28.5922374725,0.883007824421,-18.669008255],[965.016052246,-191.614562988,-281.98526001,433.164398193,-69.8124465942,62.7748718262,-77.5036087036,22.4331016541,-15.4395055771,-3.67654705048,-16.4483470917,3.50869369507,10.3463687897],[-440.896026611,105.758323669,166.561386108,-69.8124465942,200.055633545,-5.77570104599,49.6716842651,-9.90213108063,13.8663330078,-21.5873756409,9.17055225372,3.0611269474,11.9855890274],[142.754959106,-58.0977745056,-16.1660003662,62.7748718262,-5.77570104599,167.99357605,41.7412834167,18.2875976562,-17.5261306763,3.04195904732,-33.5998039246,-8.79130840302,-3.51145339012],[-399.197753906,67.8885345459,194.92628479,-77.5036087036,49.6716842651,41.7412834167,159.277175903,18.3938846588,-6.56057024002,4.96744966507,0.878649652004,-8.39531707764,-7.51747369766],[71.4204101562,-32.2733039856,-0.252107977867,22.4331016541,-9.90213108063,18.2875976562,18.3938846588,113.906715393,24.8879394531,16.9748897552,13.7547721863,15.1322441101,-1.30665290356],[3.74481105804,9.84431743622,-51.7056541443,-15.4395055771,13.8663330078,-17.5261306763,-6.56057024002,24.8879394531,95.6723098755,18.7280139923,14.7794761658,5.21686220169,0.287309378386],[9.59436321259,8.43873023987,34.8807830811,-3.67654705048,-21.5873756409,3.04195904732,4.96744966507,16.9748897552,18.7280139923,83.3396148682,34.8626670837,5.28172302246,-14.2191781998],[-29.0213928223,47.8779640198,28.5922374725,-16.4483470917,9.17055225372,-33.5998039246,0.878649652004,13.7547721863,14.7794761658,34.8626670837,80.811882019,28.4419212341,-5.49957323074],[6.64270734787,-7.2735710144,0.883007824421,3.50869369507,3.0611269474,-8.79130840302,-8.39531707764,15.1322441101,5.21686220169,5.28172302246,28.4419212341,60.9221343994,23.909702301],[-3.2814977169,-28.9827232361,-18.669008255,10.3463687897,11.9855890274,-3.51145339012,-7.51747369766,-1.30665290356,0.287309378386,-14.2191781998,-5.49957323074,23.909702301,59.3133239746]],"icov":[[0.000238485241425,-0.00022664674907,0.000276212580502,-0.000356489472324,0.000219811292482,-0.000123602629174,0.000169771417859,-0.000143138371641,0.000115170136269,-0.0000871564552654,0.0000202295359486,-0.0000209989866562,0.00000708631978341],[-0.00022664674907,0.00107175472658,-0.000266814487986,0.000574081321247,-0.000512823986355,0.000266230374109,-0.000352008733898,0.000348263245542,-0.00010792165267,0.000124195415992,-0.000444453238742,0.000121399767522,0.000349635345628],[0.000276212580502,-0.000266814487986,0.00218164594844,0.000311256444547,-0.000935290066991,0.000382893747883,-0.00137194991112,-0.000360849779099,0.00169839337468,-0.0014537863899,0.000405957194744,-0.000483624608023,0.00042297213804],[-0.000356489472324,0.000574081321247,0.000311256444547,0.00386046618223,-0.000294851401122,-0.00103922851849,0.000818982138298,-0.000531489669811,0.000849817879498,-0.0000853718083818,-0.000332964962581,0.000225985713769,-0.000371044152416],[0.000219811292482,-0.000512823986355,-0.000935290066991,-0.000294851401122,0.0072876047343,-0.00069443800021,-0.000637389079202,0.000767387216911,-0.00229544471949,0.00316672050394,-0.00189371732995,0.000690562708769,-0.00174267275725],[-0.000123602629174,0.000266230374109,0.000382893747883,-0.00103922851849,-0.00069443800021,0.00849743094295,-0.00321524450555,-0.000894095050171,0.0015095238341,-0.00229572085664,0.00448513263837,-0.00128354097251,0.00101684057154],[0.000169771417859,-0.000352008733898,-0.00137194991112,0.000818982138298,-0.000637389079202,-0.00321524450555,0.010255664587,-0.00178851047531,0.000039100763388,0.000623889733106,-0.00111312384252,0.00190154486336,-0.000258788204519],[-0.000143138371641,0.000348263245542,-0.000360849779099,-0.000531489669811,0.000767387216911,-0.000894095050171,-0.00178851047531,0.0107815032825,-0.00317458063364,-0.000400413904572,-0.000755453540478,-0.00268323300406,0.00087519607041],[0.000115170136269,-0.00010792165267,0.00169839337468,0.000849817879498,-0.00229544471949,0.0015095238341,0.000039100763388,-0.00317458063364,0.0136722549796,-0.00388804986142,0.000199453759706,0.00019097821496,-0.000228595541557],[-0.0000871564552654,0.000124195415992,-0.0014537863899,-0.0000853718083818,0.00316672050394,-0.00229572085664,0.000623889733106,-0.000400413904572,-0.00388804986142,0.0181655976921,-0.00848611444235,0.00176554685459,0.00178273324855],[0.0000202295359486,-0.000444453238742,0.000405957194744,-0.000332964962581,-0.00189371732995,0.00448513263837,-0.00111312384252,-0.000755453540478,0.000199453759706,-0.00848611444235,0.0224776230752,-0.010976953432,0.00493397610262],[-0.0000209989866562,0.000121399767522,-0.000483624608023,0.000225985713769,0.000690562708769,-0.00128354097251,0.00190154486336,-0.00268323300406,0.00019097821496,0.00176554685459,-0.010976953432,0.026595922187,-0.0114836236462],[0.00000708631978341,0.000349635345628,0.00042297213804,-0.000371044152416,-0.00174267275725,0.00101684057154,-0.000258788204519,0.00087519607041,-0.000228595541557,0.00178273324855,0.00493397610262,-0.0114836236462,0.0231426451355]],"mean":[-676.586486816,167.72593689,1.01598119736,36.7439193726,0.296562373638,14.2895231247,0.905787229538,5.87222290039,-1.35726761818,3.72650432587,0.506608366966,-1.02938508987,-6.26872968674]},"pitch_salience":{"dmean":0.0722088292241,"dmean2":0.118553876877,"dvar":0.00391604471952,"dvar2":0.0104534225538,"max":0.880528986454,"mean":0.56744158268,"median":0.582844138145,"min":0.0853066816926,"var":0.0120909931138},"silence_rate_20dB":{"dmean":0,"dmean2":0,"dvar":0,"dvar2":0,"max":1,"mean":1,"median":1,"min":1,"var":0},"silence_rate_30dB":{"dmean":0.0301064737141,"dmean2":0.0602203197777,"dvar":0.0291978213936,"dvar2":0.0676090568304,"max":1,"mean":0.967816948891,"median":1,"min":0,"var":0.0311488956213},"silence_rate_60dB":{"dmean":0.00318198511377,"dmean2":0.00636474927887,"dvar":0.00317197991535,"dvar2":0.00681373197585,"max":1,"mean":0.0254527647048,"median":0,"min":0,"var":0.0248055290431},"spectral_centroid":{"dmean":163.881744385,"dmean2":238.409500122,"dvar":70893.609375,"dvar2":119056.78125,"max":11478.4619141,"mean":845.324157715,"median":625.331054688,"min":153.646743774,"var":514471.59375},"spectral_complexity":{"dmean":3.04760742188,"dmean2":4.55520200729,"dvar":10.5331611633,"dvar2":18.5495738983,"max":55,"mean":18.4263343811,"median":15,"min":0,"var":128.94569397},"spectral_contrast_coeffs":{"dmean":[0.053928643465,0.0460732728243,0.0382002964616,0.0302151869982,0.0233796406537,0.0348112732172],"dmean2":[0.0883979797363,0.076199427247,0.0631184130907,0.0493641421199,0.0381345935166,0.0530502460897],"dvar":[0.00184066744987,0.00136132864282,0.000941046280786,0.000587034039199,0.000396741292207,0.00116873625666],"dvar2":[0.00489569129422,0.00361362285912,0.0024850978516,0.00154414051212,0.000999332056381,0.00263467081822],"max":[-0.256595849991,-0.439551353455,-0.507742404938,-0.614299416542,-0.642330169678,-0.413049548864],"mean":[-0.625485539436,-0.769387245178,-0.793787956238,-0.811813235283,-0.819285452366,-0.750073194504],"median":[-0.626116275787,-0.773041665554,-0.798353672028,-0.812002062798,-0.813331663609,-0.758535146713],"min":[-0.976088881493,-0.969910562038,-0.961824536324,-0.966864287853,-0.967865467072,-0.959747672081],"var":[0.00693451939151,0.00383822107688,0.00321248313412,0.00208277930506,0.0024418621324,0.00731927389279]},"spectral_contrast_valleys":{"dmean":[0.389563024044,0.353439420462,0.329885035753,0.308510005474,0.319139242172,0.546539664268],"dmean2":[0.650634467602,0.576532125473,0.522721886635,0.479047864676,0.479281246662,0.869465768337],"dvar":[0.129849225283,0.122831091285,0.117562882602,0.115393705666,0.152633041143,0.236331641674],"dvar2":[0.299639999866,0.245355829597,0.218613028526,0.208343207836,0.298417538404,0.563549816608],"max":[-5.09184503555,-4.74060201645,-5.16472816467,-5.75492811203,-5.64921617508,-9.07567501068],"mean":[-6.69140863419,-6.48259353638,-7.20049953461,-7.72488975525,-7.86573219299,-11.0644350052],"median":[-6.42956066132,-6.21969604492,-7.02506065369,-7.52791833878,-7.67728996277,-11.0044746399],"min":[-27.6563529968,-27.5471019745,-27.4985580444,-27.4880962372,-27.379945755,-27.3474941254],"var":[2.01937866211,1.90563035011,1.70528459549,1.73810863495,1.79760718346,0.962348043919]},"spectral_decrease":{"dmean":3.44171446898e-9,"dmean2":5.42369615886e-9,"dvar":1.58001787124e-17,"dvar2":3.74426149773e-17,"max":3.29351279582e-9,"mean":-8.97231355879e-9,"median":-7.54398143954e-9,"min":-5.1142546198e-8,"var":5.11510590614e-17},"spectral_energy":{"dmean":0.0130934836343,"dmean2":0.0205781012774,"dvar":0.000222838920308,"dvar2":0.000525063718669,"max":0.211453169584,"mean":0.0473793260753,"median":0.0431179329753,"min":9.88839977021e-21,"var":0.000761607778259},"spectral_energyband_high":{"dmean":0.000166378653375,"dmean2":0.000230174890021,"dvar":2.84720044874e-7,"dvar2":4.89396768444e-7,"max":0.0175990518183,"mean":0.000399317475967,"median":0.000134747999255,"min":6.92751726889e-21,"var":8.97020981938e-7},"spectral_energyband_low":{"dmean":0.0098514771089,"dmean2":0.016093460843,"dvar":0.000150914944243,"dvar2":0.000390352099203,"max":0.171312868595,"mean":0.0204485896975,"median":0.0145533131436,"min":1.94418272634e-23,"var":0.000391800189391},"spectral_energyband_middle_high":{"dmean":0.00125464273151,"dmean2":0.00185383867938,"dvar":0.00000466797473564,"dvar2":0.0000103624934127,"max":0.0469014681876,"mean":0.00389777496457,"median":0.0020791569259,"min":1.04621757428e-21,"var":0.0000208165783988},"spectral_energyband_middle_low":{"dmean":0.00671499874443,"dmean2":0.0104063367471,"dvar":0.0000773746069171,"dvar2":0.000178648464498,"max":0.147352531552,"mean":0.018650367856,"median":0.015665223822,"min":2.32724089703e-22,"var":0.000223430310143},"spectral_entropy":{"dmean":0.21254837513,"dmean2":0.324390560389,"dvar":0.0509799905121,"dvar2":0.113468229771,"max":9.80002307892,"mean":7.22368526459,"median":7.30093002319,"min":4.2929854393,"var":0.276247501373},"spectral_flux":{"dmean":0.0241780132055,"dmean2":0.0391490869224,"dvar":0.000627496745437,"dvar2":0.0015090132365,"max":0.334882795811,"mean":0.102241553366,"median":0.0980786308646,"min":6.48289824601e-11,"var":0.00213023717515},"spectral_kurtosis":{"dmean":4.01399850845,"dmean2":6.32950496674,"dvar":36.8632392883,"dvar2":90.0944824219,"max":124.923088074,"mean":13.8816375732,"median":11.3211460114,"min":-1.29555416107,"var":88.27003479},"spectral_rms":{"dmean":0.000900116399862,"dmean2":0.00140529253986,"dvar":7.78542869284e-7,"dvar2":0.00000180035499397,"max":0.0143630001694,"mean":0.00647225882858,"median":0.00648585241288,"min":3.10599723025e-12,"var":0.00000433355489804},"spectral_rolloff":{"dmean":3879.39916992,"dmean2":7527.05908203,"dvar":56397000,"dvar2":140720816,"max":22050,"mean":10261.3916016,"median":3014.6484375,"min":86.1328125,"var":102671632},"spectral_skewness":{"dmean":0.372165262699,"dmean2":0.569217801094,"dvar":0.213821604848,"dvar2":0.494431138039,"max":8.70816230774,"mean":2.48538756371,"median":2.26460075378,"min":-0.0745725482702,"var":1.00310838223},"spectral_spread":{"dmean":508725,"dmean2":806468.1875,"dvar":580287397888,"dvar2":1095239073790,"max":42764104,"mean":3738867.75,"median":3492464.5,"min":1041398.5625,"var":2043036827650},"spectral_strongpeak":{"dmean":6.32738113403,"dmean2":12.0007162094,"dvar":316.749694824,"dvar2":872.92767334,"max":133.275527954,"mean":7.38931369781,"median":0.504697442055,"min":0,"var":412.415496826},"zerocrossingrate":{"dmean":0.0354906544089,"dmean2":0.0457492619753,"dvar":0.0010451975977,"dvar2":0.00169209355954,"max":0.84814453125,"mean":0.252472788095,"median":0.2412109375,"min":0.0068359375,"var":0.0164755284786}},"metadata":{"audio_properties":{"analysis_sample_rate":44100,"bit_rate":256000,"codec":"mp3","downmix":"mix","equal_loudness":0,"length":189.727340698,"lossless":false,"md5_encoded":"a1d275b23abe5ff9c0ccb9ecc9082f8d","replay_gain":0.0128936767578},"tags":{"album":["White Blood Cells"],"albumartist":["The White Stripes"],"albumartistsort":["White Stripes, The"],"artist":["The White Stripes"],"artistsort":["White Stripes, The"],"date":["2002-01-29"],"discnumber":["1/1"],"file_name":"08 - The Same Boy You've Always Known.mp3","mp3gain_album_minmax":["026,202"],"mp3gain_minmax":["045,202"],"mp3gain_undo":["+008,+008,N"],"musicbrainz album release country":["US"],"musicbrainz album type":["album"],"musicbrainz_albumartistid":["11ae9fbb-f3d7-4a47-936f-4c0a04d3b3b5"],"musicbrainz_albumid":["6c4e8c20-9a26-47d8-be59-e96dd9918f84"],"musicbrainz_artistid":["11ae9fbb-f3d7-4a47-936f-4c0a04d3b3b5"],"musicbrainz_recordingid":["aa466d65-be96-4902-897d-971b4cda71da"],"musicbrainz_releasegroupid":["c5a0411f-374e-360d-9364-3ddec3007162"],"title":["The Same Boy You've Always Known"],"tracknumber":["8/16"]},"version":{"essentia":"2.1-beta1","essentia_build_sha":"0a826ad6289770054bb7564d59068f1232327ff9","essentia_git_sha":"v2.1_beta1-5-gf9dded9","extractor":"music 1.0"}},"rhythm":{"beats_count":255,"beats_loudness":{"dmean":0.0303174573928,"dmean2":0.0545862130821,"dvar":0.000741031719372,"dvar2":0.00233065127395,"max":0.18363763392,"mean":0.0705064758658,"median":0.0673705786467,"min":2.20876250623e-9,"var":0.00127894768957},"beats_loudness_band_ratio":{"dmean":[0.266085594893,0.120980717242,0.0864828899503,0.0585316345096,0.0363241322339,0.0763414502144],"dmean2":[0.498427033424,0.221434101462,0.159130096436,0.108831599355,0.0678974315524,0.131663560867],"dvar":[0.0367693156004,0.0106756994501,0.00886580068618,0.00423129275441,0.000905719585717,0.00829448364675],"dvar2":[