{"lowlevel":{"average_loudness":0.948801696301,"barkbands":{"dmean":[0.000366795720765,0.00617570849136,0.00232462934218,0.00152281357441,0.00285206455737,0.000895998324268,0.000616241362877,0.00031882134499,0.000436398986494,0.000587067159358,0.000274732563412,0.000459059345303,0.00026637892006,0.00031335640233,0.000296034326311,0.000280813750578,0.000325295492075,0.000328387803165,0.000297278660582,0.000191725368495,0.000126245024148,0.000129823209136,0.0000842243607622,0.0000741651456337,0.0000659653305775,0.0000305727662635,0.00000115907016607],"dmean2":[0.000605938141234,0.00994820985943,0.00392776401713,0.00250346353278,0.00456951744854,0.00150181341451,0.00103085651062,0.000532341422513,0.000731946260203,0.000967923551798,0.000450936204288,0.000758942274842,0.000423967139795,0.000515544088557,0.000482986855786,0.000465737859486,0.000521623354871,0.000530284887645,0.000486689299578,0.000319058046443,0.00020961179689,0.000212065118831,0.000129507287056,0.000112102330604,0.000094758324849,0.0000443727331003,0.00000192394168153],"dvar":[3.21352899846e-7,0.000132791203214,0.00000860335694597,0.00000514823341291,0.0000521925685462,0.00000232245088228,0.00000136002643103,3.07492655338e-7,7.50213246192e-7,0.00000181633970442,3.80944442213e-7,0.00000143827207921,4.26018658573e-7,3.82334775395e-7,2.47336146231e-7,1.87049906231e-7,2.69974890443e-7,2.79961284377e-7,1.50522637909e-7,5.87837085675e-8,3.06722789389e-8,4.71458676543e-8,4.16128820291e-8,7.05040648086e-8,6.13575039665e-8,1.10313811419e-8,1.73346267895e-11],"dvar2":[8.42194026518e-7,0.000306661677314,0.0000244888997258,0.0000128337078422,0.000112560228445,0.00000616719989921,0.00000356697069037,7.63845832807e-7,0.00000199400847123,0.00000484974498249,9.39971585012e-7,0.00000399140662921,9.64848254625e-7,0.00000100562431271,6.23097321295e-7,4.82010875658e-7,6.59920715407e-7,6.97043958553e-7,3.82996745429e-7,1.59507749231e-7,7.96543773163e-8,1.16555746388e-7,8.98050487308e-8,1.54155586074e-7,1.27680905848e-7,2.41053434991e-8,4.96549121265e-11],"max":[0.00551292393357,0.0940810441971,0.033643014729,0.0482815802097,0.0788987949491,0.0234144702554,0.016866337508,0.0124532338232,0.0215963460505,0.0214964542538,0.0143263628706,0.0291570499539,0.0170966722071,0.00925289653242,0.00886119809002,0.00730028981343,0.010222280398,0.0107032768428,0.00665421085432,0.00398914562538,0.00444684689865,0.00715753482655,0.00474401330575,0.00875880103558,0.00603133207187,0.00392916053534,0.0000806566458778],"mean":[0.000500365393236,0.00858015846461,0.00396418990567,0.00228862999938,0.00359492166899,0.00137437589001,0.000870622985531,0.000501969421748,0.000659999554045,0.000835807877593,0.000423367571784,0.000732860644348,0.000442442455096,0.000534861348569,0.000531700497959,0.000540516048204,0.000691478839144,0.000694476126228,0.000771702150814,0.000508844968863,0.000359110388672,0.000351883587427,0.000190706297872,0.000156791342306,0.000139212948852,0.0000618296908215,0.00000126180896132],"median":[0.000267455267021,0.00489094946533,0.00308122951537,0.00145344983321,0.00153410446364,0.00080034788698,0.000458309543319,0.000268621690338,0.000337846984621,0.000316407007631,0.000174762186361,0.000278277962934,0.000185637749382,0.000223453214858,0.000331228598952,0.000377182674129,0.000441019365098,0.000432285334682,0.000652193906717,0.000453335989732,0.000288582639769,0.000279244151898,0.000100782155641,0.0000809208577266,0.0000608449117863,0.000025148912755,6.70999895647e-8],"min":[1.49410460553e-23,3.27783886132e-23,1.35222323856e-23,3.35003320255e-23,7.73569625434e-23,3.44845148909e-23,3.76922000363e-23,6.89872871785e-23,9.66869198641e-23,8.27283921777e-23,4.5229191695e-23,5.95899280026e-23,5.93177457467e-23,9.34232887033e-23,1.94073313227e-22,2.5683006338e-22,1.10922224132e-22,2.42085685081e-22,3.4165358808e-22,2.68653838793e-22,6.14852376404e-22,5.04801458608e-22,6.00786519458e-22,9.41277414916e-22,1.35721809755e-21,1.46450116118e-21,2.25824830871e-21],"var":[4.70713217737e-7,0.000148198494571,0.0000129505124278,0.00000748709089748,0.0000575018239033,0.00000336295420311,0.00000171654028236,5.60301316455e-7,0.00000106320294435,0.00000246607191912,6.62571039811e-7,0.00000251969913734,9.23699985833e-7,8.13286078483e-7,4.76965851703e-7,3.79852025389e-7,7.6076565847e-7,7.45498994092e-7,4.85875375489e-7,1.82906504165e-7,1.28455752701e-7,1.20291090866e-7,1.12504537242e-7,1.51763700273e-7,1.38535369842e-7,2.16130437991e-8,1.70893941359e-11]},"barkbands_crest":{"dmean":3.22484755516,"dmean2":5.24289751053,"dvar":10.2518777847,"dvar2":23.152015686,"max":26.0268154144,"mean":9.59239196777,"median":8.55093097687,"min":2.27141594887,"var":19.1856479645},"barkbands_flatness_db":{"dmean":0.0225347131491,"dmean2":0.0362110696733,"dvar":0.000459212693386,"dvar2":0.00118704268243,"max":0.498843491077,"mean":0.130908861756,"median":0.0977787822485,"min":0.0121246213093,"var":0.0077011520043},"barkbands_kurtosis":{"dmean":3.21825385094,"dmean2":5.31190681458,"dvar":29.2613830566,"dvar2":79.8444900513,"max":89.6958312988,"mean":4.54918193817,"median":0.676587581635,"min":-1.89006412029,"var":89.9235687256},"barkbands_skewness":{"dmean":0.608859181404,"dmean2":0.954583883286,"dvar":0.363560140133,"dvar2":0.902134239674,"max":8.65113353729,"mean":1.62422537804,"median":1.34682178497,"min":-7.22563457489,"var":1.563367486},"barkbands_spread":{"dmean":6.81204271317,"dmean2":10.6076107025,"dvar":56.862701416,"dvar2":124.118789673,"max":110.61264801,"mean":31.1771278381,"median":32.6298828125,"min":0.726617157459,"var":317.029205322},"dissonance":{"dmean":0.0117272743955,"dmean2":0.0200251620263,"dvar":0.000167336314917,"dvar2":0.00047583898413,"max":0.500000059605,"mean":0.478209942579,"median":0.484743863344,"min":0.260052829981,"var":0.000499246816617},"dynamic_complexity":3.46341586113,"erbbands":{"dmean":[0.163280054927,1.51388955116,2.74167013168,3.46908020973,11.4235010147,6.34396982193,6.19028186798,8.44319152832,9.3563337326,7.73146390915,6.65891504288,9.50048446655,17.922624588,13.3657579422,10.9379920959,19.8124046326,11.9341783524,15.076385498,13.7529144287,13.9318580627,16.35247612,15.3111667633,18.0889854431,16.2383975983,12.6167554855,8.87808799744,5.93231678009,4.8796620369,5.18852949142,3.04800319672,2.40496230125,1.74612319469,1.17831206322,0.80635279417,0.46370485425,0.194817274809,0.0447459667921,0.00587859330699,0.00012691799202,0.0000136143153213],"dmean2":[0.262064218521,2.46844887733,4.60507535934,5.75206851959,18.2453842163,10.3576383591,10.7675876617,14.0923967361,15.5105447769,13.0644950867,11.0077228546,15.8690252304,29.55809021,21.9117164612,17.7685585022,32.6942138672,18.8126163483,24.6873912811,22.3878993988,22.7944450378,26.5620498657,24.5628185272,29.131439209,26.5766773224,20.6702308655,14.7777032852,9.8779668808,8.24597167969,8.50141239166,4.77085018158,3.72244286537,2.6426320076,1.79807162285,1.18794703484,0.669752895832,0.285555809736,0.064134337008,0.00882894732058,0.00018898730923,0.0000203507443075],"dvar":[0.0788791030645,8.63319683075,13.7059955597,17.7696743011,967.547485352,179.533035278,101.1929245,256.046264648,335.536987305,187.212997437,173.013442993,412.152435303,1525.74255371,1194.72045898,534.596923828,2811.90332031,982.898498535,901.84588623,560.706298828,631.578430176,627.58013916,548.046264648,844.819274902,531.361572266,276.138031006,129.34185791,71.1297073364,49.0382652283,72.9928741455,33.1987838745,40.5260162354,31.9832286835,19.4791202545,11.2369041443,2.28172087669,0.569674491882,0.0170103609562,0.000182838572073,8.53039523463e-8,3.83137355175e-10],"dvar2":[0.194641128182,20.6882915497,38.2789268494,46.5623970032,2145.48974609,415.14465332,286.462005615,677.968139648,880.348205566,506.694519043,435.602508545,1103.64587402,4055.00683594,2907.15454102,1336.97045898,7819.34130859,2221.73461914,2401.8503418,1410.30297852,1631.85461426,1580.71594238,1336.52294922,2093.0090332,1331.91784668,717.835632324,348.774871826,186.178314209,129.87638855,180.343536377,74.7812576294,88.8845672607,69.090637207,42.8420028687,24.5263404846,4.70470046997,1.30150568485,0.0340491123497,0.000412825145759,1.93275099036e-7,7.84214970739e-10],"max":[2.56995987892,24.1137886047,43.2216072083,108.433563232,281.885803223,197.609802246,145.492660522,270.605743408,322.350708008,240.099761963,352.644683838,615.242248535,601.689453125,769.337280273,494.378295898,1442.49633789,926.417724609,412.674957275,586.078735352,444.684082031,433.831390381,492.28527832,673.445007324,385.993804932,289.284942627,181.925415039,285.794219971,113.367752075,282.433441162,167.388290405,153.000671387,199.744476318,130.291030884,96.3118438721,37.7792243958,29.0195178986,3.89011335373,0.391730546951,0.00749276252463,0.000449376180768],"mean":[0.221439406276,1.98661231995,4.74741506577,6.56190061569,12.9977760315,8.59253406525,8.74324703217,12.2584295273,13.4162893295,11.7902412415,11.0053043365,15.0325117111,26.5299892426,20.6494884491,19.3846492767,32.1418647766,21.9002037048,27.2582702637,26.7328491211,27.6522598267,35.4439163208,36.7274627686,40.1891365051,38.6296768188,34.7089233398,24.3428077698,16.604101181,13.3841848373,13.616604805,7.57867288589,5.22685098648,3.6631128788,2.4031624794,1.59270894527,0.950854539871,0.382545650005,0.0900513604283,0.0109808593988,0.00025339689455,0.0000481910792587],"median":[0.125559031963,1.08212673664,3.74271678925,4.96430826187,4.62708473206,4.31672096252,5.46029520035,6.33709096909,7.16589784622,6.8444442749,6.33979463577,7.97641468048,10.9648036957,8.81313323975,8.77447128296,12.6104278564,10.1292600632,11.5964632034,17.2452373505,18.0226917267,24.9307479858,25.9922847748,26.0437030792,30.3789482117,29.6696338654,21.8347129822,13.276845932,11.2472076416,10.6471166611,5.39533567429,2.66291308403,1.90261256695,1.21429908276,0.688513159752,0.427159935236,0.161178946495,0.0351534113288,0.0038941828534,0.000109673652332,0.0000453371285403],"min":[1.13275740787e-21,6.79776865837e-21,2.10281590173e-20,6.45846660281e-20,1.52622254717e-19,3.01843582195e-19,3.10643103702e-19,3.19014895284e-19,6.31772117534e-19,6.14998600772e-19,1.83126124373e-18,2.00689216049e-18,3.45877694244e-18,1.47236339577e-18,1.82530926563e-18,2.46023387187e-18,3.02762724612e-18,3.47603048245e-18,1.06055307877e-17,8.23374423682e-18,1.44383201325e-17,6.93258706533e-18,1.11427109765e-17,1.74692654068e-17,1.41308703337e-17,1.37095773215e-17,2.35631628821e-17,2.39405210232e-17,1.74173234274e-17,1.76295961706e-17,1.64820567786e-17,1.62531924467e-17,1.81890912107e-17,1.67546938541e-17,9.09584345176e-18,5.40304243157e-18,2.72537607068e-18,1.10731225463e-18,3.47758904582e-19,3.27118363692e-20],"var":[0.092709928751,8.77224636078,18.4352245331,35.5808372498,996.774841309,206.891067505,117.808616638,344.95425415,418.339111328,258.549224854,281.498718262,568.099914551,2203.86523438,1706.35253906,1224.94030762,4826.18554688,2077.96972656,2001.67443848,1161.54418945,1226.41796875,1647.15881348,1715.83044434,2441.78808594,1458.16833496,942.071105957,410.581268311,302.330200195,146.15222168,186.157623291,85.1272888184,102.268173218,74.2757263184,39.266784668,22.2814559937,5.32741594315,0.974595546722,0.0411211587489,0.000403615209507,1.89077752566e-7,1.26555377289e-9]},"erbbands_crest":{"dmean":2.06201195717,"dmean2":3.46967816353,"dvar":4.24774742126,"dvar2":11.5152111053,"max":27.4450416565,"mean":7.05924367905,"median":6.06766223907,"min":2.14217853546,"var":12.7408952713},"erbbands_flatness_db":{"dmean":0.0118915624917,"dmean2":0.0180425383151,"dvar":0.000122902463772,"dvar2":0.000266223098151,"max":0.417653739452,"mean":0.138748034835,"median":0.124824851751,"min":0.0380590297282,"var":0.00283815106377},"erbbands_kurtosis":{"dmean":0.682670533657,"dmean2":1.10452187061,"dvar":0.7542989254,"dvar2":1.95306622982,"max":21.72397995,"mean":0.0735628008842,"median":-0.31006360054,"min":-1.81811094284,"var":2.37386703491},"erbbands_skewness":{"dmean":0.296541720629,"dmean2":0.468238949776,"dvar":0.0688278526068,"dvar2":0.168015912175,"max":4.00269317627,"mean":-0.144845858216,"median":-0.311636865139,"min":-3.58356904984,"var":0.609040498734},"erbbands_spread":{"dmean":8.15522956848,"dmean2":12.3875579834,"dvar":61.48412323,"dvar2":132.101165771,"max":133.650787354,"mean":44.7772979736,"median":43.5638771057,"min":3.09708428383,"var":285.091583252},"gfcc":{"cov":[[21713.2089844,-4992.81347656,-908.688720703,1051.36120605,-1202.76550293,1053.62158203,-1590.20129395,1414.94580078,-705.32611084,997.66217041,-804.720458984,892.763549805,-5.99219942093],[-4992.81347656,2889.73120117,43.8958740234,-176.837554932,526.233520508,-527.115478516,686.739807129,-635.48248291,248.565429688,-468.5206604,322.489471436,-389.208007812,43.8694648743],[-908.688720703,43.8958740234,474.423828125,-67.7757034302,30.0064220428,9.73668575287,-25.9110603333,-29.536819458,2.22619175911,-16.1445655823,5.52477693558,-24.939907074,-15.7052936554],[1051.36120605,-176.837554932,-67.7757034302,286.282836914,-43.2590370178,-18.2181739807,-26.0188140869,44.7266540527,9.30733394623,41.2246131897,-22.7078018188,32.8336486816,20.3043670654],[-1202.76550293,526.233520508,30.0064220428,-43.2590370178,246.146942139,-68.8309249878,147.602172852,-88.9134750366,48.6077613831,-84.9170608521,71.6768722534,-71.0991592407,7.76128053665],[1053.62158203,-527.115478516,9.73668575287,-18.2181739807,-68.8309249878,240.407714844,-94.7474136353,132.554336548,-53.7508544922,103.587471008,-43.8411102295,73.588394165,-11.5681581497],[-1590.20129395,686.739807129,-25.9110603333,-26.0188140869,147.602172852,-94.7474136353,300.958251953,-147.353225708,75.7892150879,-103.347175598,91.6891174316,-100.791442871,7.33875417709],[1414.94580078,-635.48248291,-29.536819458,44.7266540527,-88.9134750366,132.554336548,-147.353225708,254.169525146,-20.8868598938,118.1512146,-70.9539031982,96.1836471558,1.85887491703],[-705.32611084,248.565429688,2.22619175911,9.30733394623,48.6077613831,-53.7508544922,75.7892150879,-20.8868598938,107.978675842,-21.5802936554,40.215965271,-35.4965782166,12.6616220474],[997.66217041,-468.5206604,-16.1445655823,41.2246131897,-84.9170608521,103.587471008,-103.347175598,118.1512146,-21.5802936554,153.024520874,-34.3785934448,73.7802810669,-2.76603007317],[-804.720458984,322.489471436,5.52477693558,-22.7078018188,71.6768722534,-43.8411102295,91.6891174316,-70.9539031982,40.215965271,-34.3785934448,109.874000549,-23.1238384247,7.53715085983],[892.763549805,-389.208007812,-24.939907074,32.8336486816,-71.0991592407,73.588394165,-100.791442871,96.1836471558,-35.4965782166,73.7802810669,-23.1238384247,104.774108887,14.1618967056],[-5.99219942093,43.8694648743,-15.7052936554,20.3043670654,7.76128053665,-11.5681581497,7.33875417709,1.85887491703,12.6616220474,-2.76603007317,7.53715085983,14.1618967056,47.7085189819]],"icov":[[0.000299789942801,-0.000707975006662,0.000400172080845,-0.000958915101364,0.000517213949934,-0.000776965462137,0.000935018935706,-0.000997663126327,0.00125935312826,-0.000694452319294,0.00105031172279,-0.00101170921698,0.000610902614426],[-0.000707975006662,0.00454911356792,-0.000834962993395,0.00288284057751,-0.00262489030138,0.00345594948158,-0.00373838469386,0.00447045685723,-0.00425408547744,0.0035668737255,-0.00474053574726,0.0054117590189,-0.00362957175821],[0.000400172080845,-0.000834962993395,0.00285800267011,-0.000882234016899,0.000249437522143,-0.00136559468228,0.00206567975692,-0.000800722686108,0.00121586432215,-0.000788755714893,0.00120957067702,-0.000618462974671,0.00110016367398],[-0.000958915101364,0.00288284057751,-0.000882234016899,0.00736453942955,-0.00161561288405,0.004045185633,-0.00370550854132,0.00332291657105,-0.00472835591063,0.00144485139754,-0.00294467504136,0.00302749220282,-0.00360662327148],[0.000517213949934,-0.00262489030138,0.000249437522143,-0.00161561288405,0.0083770127967,-0.00214305776171,0.000561383087188,-0.00373795232736,0.00286062667146,-0.000527251511812,0.000435249559814,-0.00111576367635,0.000897878140677],[-0.000776965462137,0.00345594948158,-0.00136559468228,0.004045185633,-0.00214305776171,0.0107667567208,-0.00447005126625,0.00111828988884,-0.00124149548355,-0.000310094677843,-0.00372967217118,0.00273425620981,-0.00175414478872],[0.000935018935706,-0.00373838469386,0.00206567975692,-0.00370550854132,0.000561383087188,-0.00447005126625,0.0115823941305,-0.00242134393193,0.0022544329986,-0.00205088173971,0.00173264450859,-0.00103163183667,0.00226480024867],[-0.000997663126327,0.00447045685723,-0.000800722686108,0.00332291657105,-0.00373795232736,0.00111828988884,-0.00242134393193,0.0146418903023,-0.00894575286657,0.00144058419392,-0.00124325614888,0.000845768663567,-0.00282957078889],[0.00125935312826,-0.00425408547744,0.00121586432215,-0.00472835591063,0.00286062667146,-0.00124149548355,0.0022544329986,-0.00894575286657,0.0208101272583,-0.00566046126187,0.00123429426458,-0.000224096424063,-0.000261662149569],[-0.000694452319294,0.0035668737255,-0.000788755714893,0.00144485139754,-0.000527251511812,-0.000310094677843,-0.00205088173971,0.00144058419392,-0.00566046126187,0.0168595481664,-0.00488121574745,0.000335020682542,-0.00082027335884],[0.00105031172279,-0.00474053574726,0.00120957067702,-0.00294467504136,0.000435249559814,-0.00372967217118,0.00173264450859,-0.00124325614888,0.00123429426458,-0.00488121574745,0.0212765298784,-0.0116749648005,0.00444286270067],[-0.00101170921698,0.0054117590189,-0.000618462974671,0.00302749220282,-0.00111576367635,0.00273425620981,-0.00103163183667,0.000845768663567,-0.000224096424063,0.000335020682542,-0.0116749648005,0.0316057950258,-0.0130837624893],[0.000610902614426,-0.00362957175821,0.00110016367398,-0.00360662327148,0.000897878140677,-0.00175414478872,0.00226480024867,-0.00282957078889,-0.000261662149569,-0.00082027335884,0.00444286270067,-0.0130837624893,0.028666228056]],"mean":[-0.732925534248,93.3945159912,-113.879234314,51.9282798767,-45.9118995667,13.7604541779,-28.9977531433,11.1508541107,-25.2390193939,3.50500369072,-16.9917793274,1.44587516785,-13.3516292572]},"hfc":{"dmean":5.10011911392,"dmean2":7.4424405098,"dvar":60.6595344543,"dvar2":127.582969666,"max":188.747161865,"mean":26.4664993286,"median":26.5712375641,"min":1.15566065124e-16,"var":357.247711182},"melbands":{"dmean":[0.0015903605381,0.00157992460299,0.000802718917839,0.000685338745825,0.000213736275327,0.000183339696378,0.000138578165206,0.0000798771216068,0.0000548548086954,0.0000647683482384,0.0000915424534469,0.0000579785846639,0.0000349171641574,0.0000532133999513,0.0000367400243704,0.0000260857486865,0.0000316429104714,0.0000236847135966,0.0000220870952035,0.0000187366767932,0.0000224975592573,0.0000188119192899,0.0000193253017642,0.0000144993236972,0.0000150752730406,0.000011083501704,0.00000884972541826,0.00000627332201475,0.00000455419512946,0.00000320455137626,0.00000326779718307,0.00000340230008078,0.00000246995705311,0.00000175365096311,0.00000159055218774,0.00000125827432385,0.00000110323333047,9.17664408462e-7,7.63773812196e-7,6.89807507115e-7],"dmean2":[0.00255489861593,0.00257511856034,0.0012912764214,0.00109083787538,0.000371647794964,0.000305524648866,0.000230070552789,0.000134796049679,0.0000912690666155,0.000108297695988,0.000151121377712,0.0000952953050728,0.0000567605784454,0.000087986663857,0.0000596632853558,0.0000414155292674,0.0000522440604982,0.000038858204789,0.0000359149380529,0.0000308679736918,0.000036554531107,0.0000304337518173,0.0000313719065161,0.0000232182064792,0.0000247955795203,0.0000182519070222,0.0000146611710079,0.0000104748287413,0.00000764111427998,0.00000536081688551,0.00000552821575184,0.00000562887498745,0.00000401446004616,0.00000272756369668,0.00000248875949183,0.00000196411178877,0.00000172425450273,0.00000143138311159,0.00000117804859201,0.00000103967738596],"dvar":[0.00000844791429699,0.00000590577519688,0.00000181773407348,0.00000321371339851,1.16804734773e-7,1.11080588283e-7,6.79465657072e-8,1.87609447977e-8,1.32010002929e-8,1.82315869068e-8,4.07494802346e-8,2.2663716237e-8,5.03786434791e-9,2.30310526206e-8,5.70924951759e-9,4.08727096612e-9,4.33621627494e-9,1.86363724453e-9,1.46137224544e-9,9.84502701584e-10,1.34596744861e-9,8.26409884969e-10,9.51916323544e-10,7.04757696646e-10,4.73201644535e-10,2.31439159504e-10,1.4520519509e-10,6.84295259346e-11,4.7503216638e-11,2.04301697088e-11,2.10269076456e-11,2.83123351152e-11,1.90333096506e-11,1.1588445481e-11,1.69740072692e-11,1.24976565555e-11,1.53942310288e-11,1.09111409144e-11,1.00289412192e-11,7.9096919986e-12],"dvar2":[0.0000194829335669,0.0000150391451825,0.00000424013660449,0.0000070040614446,3.33290813614e-7,2.9317351391e-7,1.76904165983e-7,5.04261308265e-8,3.38505543596e-8,4.87627431767e-8,1.0852912169e-7,5.59207116169e-8,1.23384493733e-8,6.44962554475e-8,1.44518708112e-8,9.47445943922e-9,1.1628605634e-8,4.71584016282e-9,3.65039909411e-9,2.54709697778e-9,3.41661987591e-9,2.03328198722e-9,2.34896679885e-9,1.76967374088e-9,1.20917653668e-9,5.98936678031e-10,3.88501009141e-10,1.85983548007e-10,1.27018978668e-10,5.40714660546e-11,5.64195773434e-11,7.08117453563e-11,4.83917836358e-11,2.57538591147e-11,3.83532719472e-11,2.79400010073e-11,3.52262004288e-11,2.52538875228e-11,2.18556769904e-11,1.74235244288e-11],"max":[0.0235422067344,0.0244831740856,0.0175164211541,0.0200197808444,0.00417010253295,0.00538892345503,0.00417612772435,0.00237097498029,0.00275230035186,0.00353632052429,0.00295198708773,0.00313633028418,0.00155747251119,0.0039198580198,0.00144426559564,0.00156201550271,0.000918412639294,0.00101529364474,0.000781046051998,0.00065366650233,0.000731932115741,0.000506783486344,0.000687111809384,0.000536304025445,0.000397159223212,0.000299279112369,0.000253259844612,0.000138919931487,0.000232462742133,0.0000986650702544,0.0000758826427045,0.00014437007485,0.000159954943229,0.0000729388339096,0.000102666410385,0.00011316464952,0.000151222600834,0.0000946060172282,0.0000911613606149,0.000081823382061],"mean":[0.00221730698831,0.00263583660126,0.00135025801137,0.00082592869876,0.000308200542349,0.0002744057565,0.000202525116038,0.000123277815874,0.0000870103613124,0.0000991523847915,0.000133062174427,0.0000841380169732,0.0000573406250624,0.0000840220309328,0.0000622817824478,0.0000436431546404,0.0000528790915268,0.0000420832329837,0.0000394763010263,0.0000350688424078,0.0000445794903499,0.0000390494460589,0.0000392793153878,0.0000299453422485,0.0000318517668347,0.0000269078173005,0.0000215504114749,0.000014758749785,0.0000109210950541,0.00000788758097769,0.00000786277269071,0.00000823846585263,0.00000569159874431,0.00000376399475499,0.0000031546117043,0.000002485382538,0.00000214310853153,0.00000176583898792,0.00000140414022098,0.00000130959415401],"median":[0.00125342246611,0.00196883594617,0.000904016662389,0.000328218768118,0.000196819353732,0.000148360079038,0.00010881844355,0.0000709820378688,0.0000481689748995,0.0000498696244904,0.0000526233707205,0.0000324233660649,0.0000246257768595,0.0000302272419503,0.0000284550897049,0.0000174662345671,0.0000201195762202,0.0000249521945079,0.0000241292200371,0.0000230906443903,0.0000291098767775,0.0000257571136899,0.0000253965772572,0.0000179058606591,0.0000239892033278,0.0000217232827708,0.0000181912946573,0.0000126888471641,0.00000840334814711,0.00000592210517425,0.00000655723488308,0.00000642404256723,0.00000401361785407,0.0000022709316454,0.00000150273911004,0.00000124561211123,0.00000106910658815,8.81155813204e-7,6.15697956619e-7,5.43790235952e-7],"min":[1.04029154387e-23,9.75423274976e-24,1.30270754394e-23,1.69138104744e-23,1.15012078229e-23,7.23242271833e-24,8.65918810595e-24,7.86266578362e-24,1.65165290785e-23,1.27423132187e-23,1.70622393869e-23,5.72721497445e-24,6.72414859305e-24,6.14146003528e-24,6.16111095486e-24,5.98390124111e-24,6.59145785005e-24,1.69348620165e-23,1.20457017078e-23,1.47765401575e-23,1.65552116618e-23,7.5470030924e-24,6.48962182365e-24,1.23671530603e-23,1.44329328576e-23,1.24230075678e-23,8.2697424654e-24,8.41009028677e-24,1.51470633916e-23,1.3498183172e-23,1.35682245541e-23,1.01466468739e-23,8.96667977592e-24,1.01401316717e-23,9.22004296602e-24,9.46010596125e-24,1.04376521398e-23,1.21998238294e-23,1.47976058992e-23,1.28120209126e-23],"var":[0.0000097870861282,0.0000072550801633,0.00000251548340202,0.00000344029513144,1.35983455607e-7,1.56278346708e-7,8.84508679633e-8,2.79092464694e-8,1.91619893286e-8,2.54421568258e-8,5.81269858912e-8,3.10893959465e-8,1.08905986451e-8,3.82352496331e-8,1.15128377942e-8,9.14196540691e-9,8.99046259661e-9,3.50525675152e-9,2.75971578922e-9,1.89285209728e-9,3.28996474508e-9,2.24843188512e-9,2.48315368268e-9,1.63357094518e-9,1.11502596045e-9,6.85001888545e-10,3.87997634022e-10,1.71171271601e-10,1.49211198952e-10,7.17305104203e-11,5.24877433183e-11,6.8267232145e-11,4.08054597056e-11,2.80997360796e-11,3.75274117337e-11,3.10482264898e-11,2.91491414339e-11,2.04308948232e-11,1.86993476259e-11,1.52974941742e-11]},"melbands_crest":{"dmean":3.67585420609,"dmean2":6.05753803253,"dvar":9.59436225891,"dvar2":25.2719306946,"max":37.8455924988,"mean":15.0075330734,"median":14.5076284409,"min":1.55234777927,"var":23.0802783966},"melbands_flatness_db":{"dmean":0.0291735306382,"dmean2":0.0462014563382,"dvar":0.000711569446139,"dvar2":0.00177013757639,"max":0.646799981594,"mean":0.200802221894,"median":0.164165720344,"min":0.00381991686299,"var":0.011413699016},"melbands_kurtosis":{"dmean":9.56392383575,"dmean2":15.4893360138,"dvar":183.755615234,"dvar2":481.848754883,"max":191.775344849,"mean":17.6423091888,"median":9.97605037689,"min":-1.62802839279,"var":441.902770996},"melbands_skewness":{"dmean":0.913463532925,"dmean2":1.43135416508,"dvar":0.823089301586,"dvar2":1.9890525341,"max":11.0011167526,"mean":3.25657916069,"median":2.99557685852,"min":-3.298630476,"var":2.64530658722},"melbands_spread":{"dmean":8.56647014618,"dmean2":13.2525081635,"dvar":88.5906219482,"dvar2":195.232543945,"max":210.671463013,"mean":27.4232788086,"median":25.872461319,"min":0.786615908146,"var":353.512115479},"mfcc":{"cov":[[15441.234375,-2952.40649414,-1056.24279785,249.143661499,-261.401428223,3.43854355812,-645.317993164,57.7920761108,195.293319702,149.616699219,-191.468292236,-223.222869873,191.596923828],[-2952.40649414,1625.92272949,181.774963379,95.3534317017,67.5441207886,34.9792022705,232.97265625,-14.4886684418,-60.5593490601,-74.0934143066,53.8720321655,43.0875892639,-79.3770217896],[-1056.24279785,181.774963379,458.571868896,-42.6835975647,66.3609085083,1.41502273083,25.240114212,-22.8332519531,-37.3264961243,-3.07713747025,-9.35000610352,14.941699028,-18.1756649017],[249.143661499,95.3534317017,-42.6835975647,259.893432617,-12.516327858,-2.95433735847,-12.8436546326,-18.7383880615,32.7871551514,-11.0575008392,7.82593536377,3.59100079536,16.5840473175],[-261.401428223,67.5441207886,66.3609085083,-12.516327858,152.790710449,-16.1665115356,9.42876529694,17.454366684,-7.78032779694,11.4342870712,-4.11629676819,9.83852958679,-5.07740020752],[3.43854355812,34.9792022705,1.41502273083,-2.95433735847,-16.1665115356,114.388748169,46.6247901917,-7.55293703079,-3.76790118217,-2.01181221008,8.06827259064,2.46217298508,3.95274329185],[-645.317993164,232.97265625,25.240114212,-12.8436546326,9.42876529694,46.6247901917,140.347091675,23.4352798462,-11.6342897415,-4.90918779373,20.6913280487,19.7393264771,-8.49147033691],[57.7920761108,-14.4886684418,-22.8332519531,-18.7383880615,17.454366684,-7.55293703079,23.4352798462,76.6031265259,22.3397865295,6.87665224075,7.46373653412,5.16761207581,2.74537825584],[195.293319702,-60.5593490601,-37.3264961243,32.7871551514,-7.78032779694,-3.76790118217,-11.6342897415,22.3397865295,83.3810119629,31.1002559662,1.78160977364,7.0324587822,7.22829818726],[149.616699219,-74.0934143066,-3.07713747025,-11.0575008392,11.4342870712,-2.01181221008,-4.90918779373,6.87665224075,31.1002559662,71.5742340088,13.780620575,-1.50649964809,5.69741821289],[-191.468292236,53.8720321655,-9.35000610352,7.82593536377,-4.11629676819,8.06827259064,20.6913280487,7.46373653412,1.78160977364,13.780620575,57.4361877441,24.1101722717,3.69256043434],[-223.222869873,43.0875892639,14.941699028,3.59100079536,9.83852958679,2.46217298508,19.7393264771,5.16761207581,7.0324587822,-1.50649964809,24.1101722717,67.1982269287,21.9948997498],[191.596923828,-79.3770217896,-18.1756649017,16.5840473175,-5.07740020752,3.95274329185,-8.49147033691,2.74537825584,7.22829818726,5.69741821289,3.69256043434,21.9948997498,56.9787826538]],"icov":[[0.000137152586831,0.000164253608091,0.000200559021323,-0.000193967309315,0.0000635344622424,-0.000237250395003,0.000359947036486,-0.000268386967946,0.000153904373292,-0.000219961206312,0.000304725923343,0.000129617663333,-0.0000905550259631],[0.000164253608091,0.00126201938838,-0.00000186463148566,-0.000736649322789,-0.0002825910924,0.000102578611404,-0.00129665841814,0.000282589579001,0.000210444311961,0.000663185783196,-0.000343869440258,-0.000084741594037,0.00114244245924],[0.000200559021323,-0.00000186463148566,0.00290863914415,0.0000702861871105,-0.000810717290733,-0.000417665927671,0.000518749235198,0.000405944185331,0.00102179683745,-0.000934750540182,0.00139680388384,-0.000801698770374,0.000427645078162],[-0.000193967309315,-0.000736649322789,0.0000702861871105,0.00520760472864,-0.000388533546356,0.000587912392803,-0.0000143074257721,0.0024500398431,-0.00352913327515,0.00239457585849,-0.00191053689923,0.00121357268654,-0.00219924747944],[0.0000635344622424,-0.0002825910924,-0.000810717290733,-0.000388533546356,0.00802460685372,0.000614812248386,0.000668314285576,-0.00293428287841,0.0022706175223,-0.00302880862728,0.00248572323471,-0.00203383434564,0.000799376692157],[-0.000237250395003,0.000102578611404,-0.000417665927671,0.000587912392803,0.000614812248386,0.0114614851773,-0.00562599720433,0.0033277689945,-0.00130225182511,0.00124112167396,-0.00174320756923,0.00136712461244,-0.00147642882075],[0.000359947036486,-0.00129665841814,0.000518749235198,-0.0000143074257721,0.000668314285576,-0.00562599720433,0.0141241755337,-0.00590819073841,0.00276279309765,-0.00219767261297,0.000426824000897,-0.00241625565104,0.000766652170569],[-0.000268386967946,0.000282589579001,0.000405944185331,0.0024500398431,-0.00293428287841,0.0033277689945,-0.00590819073841,0.0189236551523,-0.00728460075334,0.00365791935474,-0.00383646041155,0.00202058651485,-0.00154506391846],[0.000153904373292,0.000210444311961,0.00102179683745,-0.00352913327515,0.0022706175223,-0.00130225182511,0.00276279309765,-0.00728460075334,0.0199959017336,-0.0100618312135,0.00503558013588,-0.00507117062807,0.00228483765386],[-0.000219961206312,0.000663185783196,-0.000934750540182,0.00239457585849,-0.00302880862728,0.00124112167396,-0.00219767261297,0.00365791935474,-0.0100618312135,0.0218599699438,-0.00888182129711,0.0052513978444,-0.00255229766481],[0.000304725923343,-0.000343869440258,0.00139680388384,-0.00191053689923,0.00248572323471,-0.00174320756923,0.000426824000897,-0.00383646041155,0.00503558013588,-0.00888182129711,0.0260094758123,-0.00998477824032,0.0025068661198],[0.000129617663333,-0.000084741594037,-0.000801698770374,0.00121357268654,-0.00203383434564,0.00136712461244,-0.00241625565104,0.00202058651485,-0.00507117062807,0.0052513978444,-0.00998477824032,0.0239029675722,-0.0103580839932],[-0.0000905550259631,0.00114244245924,0.000427645078162,-0.00219924747944,0.000799376692157,-0.00147642882075,0.000766652170569,-0.00154506391846,0.00228483765386,-0.00255229766481,0.0025068661198,-0.0103580839932,0.0243866164237]],"mean":[-634.266723633,110.463661194,1.04362607002,39.1557731628,9.23957157135,9.83228492737,7.54388332367,7.57249450684,2.16862344742,1.05140948296,2.59076118469,-0.461977958679,0.2411916852]},"pitch_salience":{"dmean":0.0935510024428,"dmean2":0.15445022285,"dvar":0.00754832522944,"dvar2":0.0193626973778,"max":0.98737514019,"mean":0.554794192314,"median":0.573643684387,"min":0.0625007003546,"var":0.0141704529524},"silence_rate_20dB":{"dmean":0,"dmean2":0,"dvar":0,"dvar2":0,"max":1,"mean":1,"median":1,"min":1,"var":0},"silence_rate_30dB":{"dmean":0,"dmean2":0,"dvar":0,"dvar2":0,"max":1,"mean":1,"median":1,"min":1,"var":0},"silence_rate_60dB":{"dmean":0.0251625087112,"dmean2":0.0503302924335,"dvar":0.0245225802064,"dvar2":0.0608247108757,"max":1,"mean":0.0950833410025,"median":0,"min":0,"var":0.086035169661},"spectral_centroid":{"dmean":251.273361206,"dmean2":395.456115723,"dvar":71881.15625,"dvar2":151289.671875,"max":10595.3369141,"mean":1751.85192871,"median":1938.86035156,"min":163.129058838,"var":584478.5625},"spectral_complexity":{"dmean":3.94149708748,"dmean2":6.27073526382,"dvar":15.4437494278,"dvar2":35.7311210632,"max":58,"mean":27.8965301514,"median":32,"min":0,"var":208.197052002},"spectral_contrast_coeffs":{"dmean":[0.0535634309053,0.0463255345821,0.038361646235,0.0285520106554,0.0201972685754,0.0179675519466],"dmean2":[0.0876069813967,0.0780606344342,0.0642892718315,0.04776782915,0.0329583920538,0.0278542637825],"dvar":[0.00210616225377,0.00140521256253,0.000956985168159,0.000508858996909,0.000278933701338,0.00025655751233],"dvar2":[0.00503782741725,0.00391891272739,0.00260787107982,0.00138105498627,0.000700444215909,0.000556095852517],"max":[-0.323605775833,-0.482395976782,-0.510823249817,-0.494280576706,-0.429916262627,-0.5018466115],"mean":[-0.666125833988,-0.770603775978,-0.793916881084,-0.801657736301,-0.799374341965,-0.732641041279],"median":[-0.672827482224,-0.774899244308,-0.799188435078,-0.804383277893,-0.799262106419,-0.731850087643],"min":[-0.987610280514,-0.99105232954,-0.981759130955,-0.952933192253,-0.966885507107,-0.959801733494],"var":[0.0053572608158,0.00332421017811,0.00316497706808,0.00175284361467,0.00151243747678,0.00261730141938]},"spectral_contrast_valleys":{"dmean":[0.352078825235,0.333681076765,0.287810385227,0.240654364228,0.184604525566,0.215471580625],"dmean2":[0.593262135983,0.558798491955,0.475957781076,0.384636104107,0.28784763813,0.315868675709],"dvar":[0.0987999513745,0.0916535928845,0.0740545615554,0.0583292618394,0.0495884902775,0.0740801990032],"dvar2":[0.243019893765,0.215702071786,0.161492034793,0.111438646913,0.0828193202615,0.138610467315],"max":[-5.26476669312,-4.90564966202,-5.40574645996,-5.83226680756,-5.66247606277,-7.29773902893],"mean":[-6.89027452469,-6.78993320465,-7.28739833832,-7.53827619553,-7.17437934875,-10.2910490036],"median":[-6.5925450325,-6.50575971603,-6.99006080627,-7.08496189117,-6.56309556961,-9.45421123505],"min":[-27.1437854767,-27.096736908,-27.0676765442,-27.59258461,-27.0951099396,-27.2454395294],"var":[1.42738223076,1.32610917091,1.39432501793,1.90573036671,2.52580904961,4.38022041321]},"spectral_decrease":{"dmean":2.45210962646e-9,"dmean2":3.83175935426e-9,"dvar":1.05880499798e-17,"dvar2":2.29868446427e-17,"max":-6.69965004366e-29,"mean":-7.39316385889e-9,"median":-7.0819266007e-9,"min":-2.86942061223e-8,"var":2.36291173011e-17},"spectral_energy":{"dmean":0.00938514526933,"dmean2":0.014608678408,"dvar":0.00015189111582,"dvar2":0.000326980225509,"max":0.110025927424,"mean":0.0303040929139,"median":0.0297025162727,"min":1.07350377064e-20,"var":0.000371201022062},"spectral_energyband_high":{"dmean":0.000435054505942,"dmean2":0.000659596116748,"dvar":7.44721489809e-7,"dvar2":0.00000156196881562,"max":0.0200815834105,"mean":0.00149158574641,"median":0.00125413900241,"min":7.67769657526e-21,"var":0.00000255494001067},"spectral_energyband_low":{"dmean":0.00741410441697,"dmean2":0.0118294470012,"dvar":0.000133413574076,"dvar2":0.000307151029119,"max":0.104533627629,"mean":0.014188984409,"median":0.0111327692866,"min":7.32669774962e-23,"var":0.000192130508367},"spectral_energyband_middle_high":{"dmean":0.00161287153605,"dmean2":0.0024428255856,"dvar":0.00000463887454316,"dvar2":0.0000103917518572,"max":0.0375781096518,"mean":0.00631464319304,"median":0.00534303393215,"min":1.58859077386e-21,"var":0.0000280364838545},"spectral_energyband_middle_low":{"dmean":0.00454976735637,"dmean2":0.00709622167051,"dvar":0.0000756655936129,"dvar2":0.000152775290189,"max":0.0907631590962,"mean":0.00964507833123,"median":0.00730973854661,"min":3.98011224788e-22,"var":0.000119433461805},"spectral_entropy":{"dmean":0.113284781575,"dmean2":0.174608051777,"dvar":0.0146841546521,"dvar2":0.0332074351609,"max":9.79659748077,"mean":7.73692560196,"median":7.92521476746,"min":4.42072296143,"var":0.361013203859},"spectral_flux":{"dmean":0.024392304942,"dmean2":0.0400833189487,"dvar":0.00076726503903,"dvar2":0.00199768645689,"max":0.276973038912,"mean":0.0934631973505,"median":0.0917864665389,"min":1.03610030278e-10,"var":0.00231047510169},"spectral_kurtosis":{"dmean":1.93029344082,"dmean2":3.23196053505,"dvar":26.2175312042,"dvar2":72.8798828125,"max":207.483505249,"mean":5.34746408463,"median":3.08044338226,"min":-1.191229105,"var":130.574813843},"spectral_rms":{"dmean":0.000770544167608,"dmean2":0.0011940113036,"dvar":7.11828249678e-7,"dvar2":0.00000147764762914,"max":0.0103606162593,"mean":0.00506578152999,"median":0.00538312783465,"min":3.23623354677e-12,"var":0.00000390277546103},"spectral_rolloff":{"dmean":649.489501953,"dmean2":1058.35083008,"dvar":910442.6875,"dvar2":1917893.75,"max":18604.6875,"mean":1789.00280762,"median":1636.5234375,"min":21.533203125,"var":2727437.5},"spectral_skewness":{"dmean":0.204896137118,"dmean2":0.329444915056,"dvar":0.109683938324,"dvar2":0.290117353201,"max":11.918340683,"mean":1.39986431599,"median":1.23287260532,"min":-0.0640498101711,"var":0.750446259975},"spectral_spread":{"dmean":400042.78125,"dmean2":562169.6875,"dvar":367118974976,"dvar2":549959630848,"max":40096352,"mean":4397400.5,"median":4334586.5,"min":421224.75,"var":2430319198210},"spectral_strongpeak":{"dmean":0.325557053089,"dmean2":0.566721200943,"dvar":0.409988969564,"dvar2":1.12388646603,"max":10.3838310242,"mean":0.431527078152,"median":0.233267918229,"min":0,"var":0.427505046129},"zerocrossingrate":{"dmean":0.0107925618067,"dmean2":0.0133372917771,"dvar":0.000158606315381,"dvar2":0.000207104327274,"max":0.50927734375,"mean":0.0671973600984,"median":0.0673828125,"min":0.00390625,"var":0.00160508172121}},"metadata":{"audio_properties":{"analysis_sample_rate":44100,"bit_rate":320038,"codec":"mp3","downmix":"mix","equal_loudness":0,"length":221.466125488,"lossless":false,"md5_encoded":"278857a235a1d13d2413561eb3a9aca6","replay_gain":-16.326915741,"sample_rate":44100},"tags":{"album":["Motley Crue"],"albumartist":["Motley Crue"],"artist":["Motley Crue"],"date":["2003"],"file_name":"304537.mp3","genre":["Other"],"musicbrainz_recordingid":["aad95e4e-54a5-4f4a-b973-a5cf10d0a353"],"title":["05-Saints Of Los Angeles"],"tracknumber":["5"]},"version":{"essentia":"2.1-beta2","essentia_build_sha":"70f2e5ece6736b2c40cc944ad0e695b16b925413","essentia_git_sha":"v2.1_beta2","extractor":"music 1.0"}},"rhythm":{"beats_count":393,"beats_loudness":{"dmean":0.0175879709423,"dmean2":0.0312011428177,"dvar":0.000280710199149,"dvar2":0.000945074774791,"max":0.0958229899406,"mean":0.03985491395,"median":0.0396671742201,"min":1.62324953479e-9,"var":0.000549680204131},"beats_loudness_band_ratio":{"dmean":[0.159140437841,0.212384164333,0.0575118996203,0.0689675211906,0.0541316457093,0.0384857952595],"dmean2":[0.263080149889,0.405163347721,0.101987108588,0.119307368994,0.0956360325217,0.0645593479276],"dvar":[0.0156364031136,0.0209404844791,0.00457389652729,0.00694979866967,0.00400263536721,0.00426964135841],"dvar2":[0.0404579825699,0.0627000257373,0.0149159934372,0.0163540281355,0.011391159147,0.0109696062282],"max":[0.984178185463,0.639213442802,0.551565289497,0.466569691896,0.515437364578,0.958725214005],"mean":[0.617845714092,0.198204368353,0.0793197080493,0.0795333981514,0.0776639059186,0.0697614103556],"median":[0.634861409664,0.132880210876,0.0619536191225,0.0423804111779,0.0671922415495,0.0627622082829],"min":[0.00320718530566,0.000473038904602,0.00165660947096,0.0021711117588,0.000138301285915,0.0000106182833406],"var":[0.0376492217183,0.0268799513578,0.00456636818126,0.00883733015507,0.00471840240061,0.00440372992307]},"beats_position":[0.545668900013,1.11455774307,1.70666658878,2.28716540337,2.879