{"lowlevel":{"average_loudness":0.846598148346,"barkbands":{"dmean":[0.00000697458335708,0.00100663327612,0.000523088558111,0.00109767413232,0.00210887240246,0.00268664304167,0.000959578726906,0.000707382743713,0.000548331125174,0.000291311647743,0.00020809196576,0.000132612563903,0.000192658349988,0.000161949443282,0.000107510262751,0.000124549231259,0.000102946985862,0.0000746283913031,0.000117109535495,0.0000358987963409,0.0000266357747023,0.0000149576617332,0.00000865578203957,0.00000387870613849,0.00000188133765278,0.00000203377749131,7.89831688053e-7],"dmean2":[0.00000989361342363,0.00150530913379,0.00090509216534,0.00185159803368,0.00339736882597,0.00433484325185,0.00148787884973,0.00109054835048,0.000792219128925,0.000452288833912,0.00031782843871,0.000199123925995,0.000280740583548,0.000245160132181,0.000170760118635,0.000190270642634,0.000150339212269,0.000113429108751,0.000169989623828,0.0000535969593329,0.0000401623510697,0.0000223546594498,0.0000130392863866,0.00000571959299123,0.00000259104490397,0.00000285827582047,0.00000116313265153],"dvar":[1.23318133483e-9,0.00000306710921905,0.00000113990552109,0.0000050948324315,0.0000118779171316,0.0000592542746745,0.00000691169270794,0.00000591081470702,0.00000430912041338,0.0000011685364143,7.14317536676e-7,2.09032876342e-7,6.08976051808e-7,1.50151507228e-7,7.88536951291e-8,7.48004254092e-8,4.82568722759e-8,2.80902359151e-8,9.36989223987e-8,6.89415724509e-9,4.00989375038e-9,1.47732148736e-9,4.8025294852e-10,1.0400009326e-10,2.82386891648e-11,8.40624445053e-11,2.56021870371e-11],"dvar2":[1.762794688e-9,0.00000675116689308,0.0000031695810776,0.0000137900315167,0.0000301838954329,0.000149717758177,0.000015197934772,0.0000131892984427,0.00000793331309978,0.00000284926954919,0.00000162485946475,4.42420486024e-7,0.00000124511859667,3.14542432989e-7,1.89551272456e-7,1.67231078763e-7,1.03336397217e-7,6.24449612019e-8,1.92882410488e-7,1.50094159324e-8,9.27793042393e-9,3.3868821081e-9,1.05434627695e-9,2.16011097898e-10,5.56734588986e-11,1.75015807402e-10,5.62041316265e-11],"max":[0.00200430280529,0.022070268169,0.0413368679583,0.0550141818821,0.0442238822579,0.105594031513,0.0549994446337,0.0740491449833,0.0816535577178,0.0288380868733,0.0253934916109,0.0107042789459,0.042055953294,0.00873516406864,0.00693536177278,0.00793392769992,0.00636070547625,0.00541994441301,0.0118669085205,0.0018094984116,0.00151716300752,0.00109312147833,0.000647704640869,0.000290151365334,0.000200244845473,0.000455638830317,0.000257599022007],"mean":[0.00000794364223111,0.00154659722466,0.000596382946242,0.00134121370502,0.00338961696252,0.00355762033723,0.00125853472855,0.000912731455173,0.000915721873753,0.000395476352423,0.000295524485409,0.000192155886907,0.00030720900395,0.000245584466029,0.000149784085806,0.000204479103559,0.00018728703435,0.000136663016747,0.000210418264032,0.0000657844502712,0.0000534466380486,0.000027164202038,0.000016570184016,0.00000754832944949,0.00000384625855077,0.00000345154739989,0.00000136061510148],"median":[0.0000018678044853,0.000666031846777,0.000310539995553,0.000521173118614,0.00189928431064,0.00095854816027,0.000327435642248,0.000132354936795,0.000157446629601,0.0000657918135403,0.0000514513958478,0.0000349106194335,0.0000678599753883,0.0000531878249603,0.0000403826707043,0.0000749793252908,0.0000603461849096,0.0000502072434756,0.0000663333848934,0.0000256155872194,0.0000230825389735,0.00000987181556411,0.0000060290753936,0.00000260067076852,0.00000133575440486,8.31166403259e-7,4.86387875753e-7],"min":[2.62888315747e-25,5.78825259396e-25,5.31975253969e-25,1.69535004331e-24,5.51503308462e-24,1.01312743414e-23,1.1741577685e-23,5.90389851798e-24,1.05698904711e-23,8.16946877802e-24,7.3552822823e-24,2.48098995057e-23,1.75295448099e-23,4.22854215431e-23,4.87655699361e-23,4.01097147675e-23,4.49625693308e-23,8.42452581025e-23,1.47520043746e-22,1.78394746912e-22,2.57967461966e-22,2.86541341861e-22,4.07281059865e-22,5.14802548812e-22,8.29357818164e-22,1.23467853975e-21,1.86330672472e-21],"var":[2.67821920197e-9,0.00000519994318893,0.00000102037040506,0.0000055494474509,0.0000198610232474,0.0000691021050443,0.0000109719449028,0.00000957409974944,0.0000108531748992,0.00000163919389706,0.00000146808145018,3.9930245066e-7,0.00000133697426463,3.54878238795e-7,1.14505532167e-7,1.41718061286e-7,1.33266013336e-7,7.28150553186e-8,2.13411439631e-7,1.31895605548e-8,8.84200268558e-9,2.80770562355e-9,1.0736508349e-9,2.28434798855e-10,6.0731419893e-11,1.28202948257e-10,3.43922078316e-11]},"barkbands_crest":{"dmean":2.88456892967,"dmean2":4.71165466309,"dvar":5.99865961075,"dvar2":15.9851236343,"max":24.4755210876,"mean":10.6855173111,"median":10.0497045517,"min":2.64844655991,"var":15.0234909058},"barkbands_flatness_db":{"dmean":0.0210289135575,"dmean2":0.0327385701239,"dvar":0.000376440992113,"dvar2":0.00087248289492,"max":0.388956129551,"mean":0.145436704159,"median":0.142418548465,"min":0.0229267776012,"var":0.00182815478183},"barkbands_kurtosis":{"dmean":3.43644142151,"dmean2":5.49101781845,"dvar":37.0778465271,"dvar2":97.7359695435,"max":153.822555542,"mean":5.91908597946,"median":4.01410388947,"min":-1.89872646332,"var":59.8504066467},"barkbands_skewness":{"dmean":0.544405221939,"dmean2":0.846237659454,"dvar":0.313724309206,"dvar2":0.773417890072,"max":9.85117149353,"mean":1.92103755474,"median":1.92321300507,"min":-3.07592892647,"var":1.20005273819},"barkbands_spread":{"dmean":4.555331707,"dmean2":6.99936676025,"dvar":26.5498199463,"dvar2":56.3485717773,"max":140.783294678,"mean":17.3563423157,"median":14.1283330917,"min":0.711731255054,"var":206.950439453},"dissonance":{"dmean":0.0173232778907,"dmean2":0.028778154403,"dvar":0.000319286686135,"dvar2":0.00083743094001,"max":0.500000119209,"mean":0.46388810873,"median":0.471393376589,"min":0.246942579746,"var":0.000803159025963},"dynamic_complexity":5.28932905197,"erbbands":{"dmean":[0.0156022971496,0.269613653421,0.605398476124,1.9608656168,6.12717962265,7.47566843033,18.5848121643,18.0051746368,14.0369176865,14.9621009827,13.3535022736,11.3403902054,9.86681175232,10.5951461792,5.1916270256,5.39359998703,7.05902576447,8.45602035522,6.55022668839,5.47363042831,7.1827507019,5.25300884247,4.18526506424,5.37930870056,4.63434743881,1.64899587631,1.18200862408,0.95883589983,0.581764996052,0.345202237368,0.22921474278,0.11800763756,0.0477524623275,0.0233486779034,0.0133181642741,0.00860328227282,0.00357494037598,0.00109320331831,0.000136964474223,0.0000119269388961],"dmean2":[0.0232912637293,0.406926512718,1.0339577198,3.30389094353,10.1499176025,12.0506248474,30.4927444458,28.6600551605,21.4728088379,23.2887191772,20.4480705261,16.2544021606,14.1378726959,16.2752494812,7.88834524155,7.86651754379,10.1539411545,12.5265541077,9.79901504517,8.60078811646,10.786699295,7.67939376831,6.18494510651,7.83736419678,6.84396076202,2.42887711525,1.80249214172,1.43852388859,0.873798370361,0.50977230072,0.344340115786,0.175746008754,0.0699539706111,0.0332859717309,0.0185777582228,0.0121276788414,0.00505288690329,0.00159039651044,0.000201623377507,0.0000165941783052],"dvar":[0.000872899370734,0.213857844472,1.2366912365,13.8816394806,124.224746704,169.880172729,3237.91357422,2572.2578125,1569.1060791,2408.19482422,3354.27709961,2245.21264648,945.023803711,2035.10632324,282.703643799,338.973022461,1301.88122559,425.731048584,265.836120605,191.687805176,208.061782837,139.482376099,78.0559005737,243.982254028,128.191162109,14.3838205338,8.32473182678,5.3797082901,2.11466693878,0.802594125271,0.342357695103,0.0960353910923,0.0197446122766,0.00397113058716,0.00141324463766,0.000940040277783,0.000303965352941,0.0000385532293876,9.66029460869e-7,1.79840919934e-9],"dvar2":[0.00182712590322,0.476017743349,3.37665653229,37.4582824707,325.214050293,434.51385498,8298.07910156,6182.8671875,3211.48266602,5907.07128906,8542.8515625,4160.64550781,1670.35375977,4807.35498047,636.51751709,721.212768555,2630.38378906,892.649780273,586.575378418,460.649261475,458.261535645,292.229492188,161.582397461,513.247558594,280.29397583,30.8703327179,19.9277210236,11.9220943451,4.78853464127,1.79711651802,0.741950035095,0.207049623132,0.042625490576,0.00816676951945,0.00266679772176,0.00191602995619,0.000609701965004,0.0000840981738293,0.00000225198232329,3.82019837986e-9],"max":[0.650008440018,5.83541536331,42.202709198,92.8960876465,255.706695557,196.813156128,832.572875977,1007.8939209,891.364501953,1527.85839844,2543.11572266,1915.55310059,1374.8861084,1439.1105957,597.216674805,452.579925537,2147.88500977,440.06072998,326.129608154,464.309051514,264.133850098,406.777648926,285.616271973,824.660217285,280.183807373,66.12159729,74.9977874756,68.3338775635,35.4190826416,26.2436962128,16.9007835388,8.35127544403,5.23438739777,2.18309044838,1.3075543642,1.26551997662,0.877773702145,0.323256194592,0.0523408614099,0.00198105815798],"mean":[0.0227800626308,0.41500556469,0.815286040306,2.62469482422,8.39783477783,11.833155632,22.3711872101,25.9403247833,19.5719566345,20.0466403961,18.5388755798,18.5857887268,16.7263317108,16.0802669525,8.20661067963,8.51176548004,11.884721756,13.1249256134,10.0149106979,8.82437324524,12.5043039322,10.1619338989,8.2688627243,9.66033267975,8.34488201141,3.13418698311,2.33104300499,1.88830852509,1.08152747154,0.641830205917,0.431928366423,0.2193287462,0.0956229642034,0.0481051020324,0.0259637720883,0.015213274397,0.0058808918111,0.00168246170506,0.000230773439398,0.0000297759452224],"median":[0.00886258110404,0.189055576921,0.475949764252,1.28983199596,4.19290065765,5.43098640442,7.88467597961,6.57662582397,5.06734657288,4.73150253296,3.52883911133,3.42960095406,2.93135619164,2.32195687294,1.77862429619,1.83412563801,2.69886779785,2.95856022835,2.39990782738,2.93318915367,4.7956366539,3.55381965637,3.27853131294,2.94349336624,2.81237363815,1.18168091774,1.0514434576,0.740527510643,0.405597925186,0.24073779583,0.149760439992,0.0694825202227,0.035447627306,0.0174309853464,0.00847128778696,0.00399394659325,0.00137882318813,0.000393366062781,0.0000831398429,0.0000183110823855],"min":[1.22746307202e-23,2.87507917351e-22,1.41134693083e-21,5.63621845855e-21,1.36564950349e-20,2.50525397158e-20,2.16363694121e-20,8.61263361847e-20,1.64331384028e-19,1.49062224457e-19,2.33108001068e-19,2.33677850962e-19,3.15748953581e-19,4.78536392071e-19,1.04665592749e-18,1.35024155206e-18,1.44546844533e-18,2.23515864758e-18,3.30195652639e-18,2.59460584687e-18,3.56209986596e-18,4.06541486687e-18,5.74896895015e-18,6.75555883371e-18,7.51953085335e-18,8.54443162054e-18,8.55789977527e-18,9.64913381014e-18,8.39828948582e-18,1.0440299806e-17,1.14235809807e-17,1.01004749852e-17,8.53636826393e-18,7.94202575892e-18,6.14023530606e-18,3.70550692798e-18,2.26829384856e-18,9.96469328767e-19,2.49131187467e-19,2.5779135489e-20],"var":[0.00144481169991,0.361022919416,1.29214251041,16.3332843781,163.589447021,269.566558838,2967.08178711,4351.39355469,2683.05786133,2982.66577148,3840.34643555,4764.84130859,2814.71801758,4319.68798828,610.755432129,732.965332031,2499.06689453,877.862854004,552.511169434,343.112823486,432.572570801,422.657623291,234.516860962,525.016296387,297.424743652,28.8723239899,15.466676712,13.046713829,4.27307319641,1.50149714947,0.785737872124,0.210138678551,0.0383712984622,0.0086545208469,0.00301433145069,0.00161613465752,0.00047768818331,0.0000518592132721,0.00000112786983664,2.90016988203e-9]},"erbbands_crest":{"dmean":2.48916292191,"dmean2":4.02795648575,"dvar":6.25086021423,"dvar2":15.6527194977,"max":28.2175445557,"mean":8.26509475708,"median":7.18028879166,"min":2.54208827019,"var":16.8524799347},"erbbands_flatness_db":{"dmean":0.0151215251535,"dmean2":0.0221607238054,"dvar":0.000208574187127,"dvar2":0.000435870810179,"max":0.326881349087,"mean":0.154578834772,"median":0.153646484017,"min":0.0245308261365,"var":0.0015392418718},"erbbands_kurtosis":{"dmean":0.832696557045,"dmean2":1.29385578632,"dvar":1.78152573109,"dvar2":4.01460409164,"max":35.8927230835,"mean":0.0383060574532,"median":-0.720898866653,"min":-1.82297718525,"var":5.56120538712},"erbbands_skewness":{"dmean":0.381992012262,"dmean2":0.578602433205,"dvar":0.124465830624,"dvar2":0.293409407139,"max":5.03186702728,"mean":0.459094643593,"median":0.433484733105,"min":-2.8084628582,"var":0.661680817604},"erbbands_spread":{"dmean":7.005464077,"dmean2":10.805639267,"dvar":44.4551353455,"dvar2":103.872268677,"max":111.875968933,"mean":41.9568328857,"median":41.9950561523,"min":4.480052948,"var":221.397674561},"gfcc":{"cov":[[35985.9609375,4103.28759766,-3841.65063477,742.153747559,-1802.03161621,-373.190063477,-854.25970459,-149.176422119,-541.774902344,-133.374328613,-337.848052979,-27.2971668243,-323.310516357],[4103.28759766,1199.53234863,-455.592956543,-40.5551872253,-6.74818658829,-133.75138855,-47.1778106689,-65.9953155518,-47.5093421936,-65.0139083862,6.34753417969,-6.99983310699,13.7557287216],[-3841.65063477,-455.592956543,738.166015625,15.1965026855,206.233932495,91.8757476807,85.512840271,34.7294197083,52.7635002136,46.0257797241,30.0695915222,18.6068019867,32.092010498],[742.153747559,-40.5551872253,15.1965026855,326.9871521,10.5975627899,34.1862716675,-9.86684036255,-3.18543863297,26.5147457123,42.0015525818,-11.5126810074,-6.68405818939,-4.06919956207],[-1802.03161621,-6.74818658829,206.233932495,10.5975627899,386.487213135,25.8853149414,19.8209972382,3.01492071152,30.3393955231,23.6800613403,25.7081718445,13.1768426895,41.4708366394],[-373.190063477,-133.75138855,91.8757476807,34.1862716675,25.8853149414,137.527526855,62.360874176,34.5980453491,11.3651666641,5.57143259048,-5.26807260513,4.10438394547,-3.0694463253],[-854.25970459,-47.1778106689,85.512840271,-9.86684036255,19.8209972382,62.360874176,178.009490967,67.4066009521,28.503868103,-11.9561014175,-5.88293743134,-7.38167524338,7.31744909286],[-149.176422119,-65.9953155518,34.7294197083,-3.18543863297,3.01492071152,34.5980453491,67.4066009521,109.556938171,35.4918327332,5.17002296448,-11.0193891525,-7.39172506332,-8.09918308258],[-541.774902344,-47.5093421936,52.7635002136,26.5147457123,30.3393955231,11.3651666641,28.503868103,35.4918327332,90.366027832,39.5743637085,13.9675865173,-11.277973175,-1.59178972244],[-133.374328613,-65.0139083862,46.0257797241,42.0015525818,23.6800613403,5.57143259048,-11.9561014175,5.17002296448,39.5743637085,77.1716384888,24.3691673279,-0.0163546018302,-2.83098530769],[-337.848052979,6.34753417969,30.0695915222,-11.5126810074,25.7081718445,-5.26807260513,-5.88293743134,-11.0193891525,13.9675865173,24.3691673279,66.409362793,28.2987556458,14.6068687439],[-27.2971668243,-6.99983310699,18.6068019867,-6.68405818939,13.1768426895,4.10438394547,-7.38167524338,-7.39172506332,-11.277973175,-0.0163546018302,28.2987556458,70.4138412476,36.5855064392],[-323.310516357,13.7557287216,32.092010498,-4.06919956207,41.4708366394,-3.0694463253,7.31744909286,-8.09918308258,-1.59178972244,-2.83098530769,14.6068687439,36.5855064392,61.4589233398]],"icov":[[0.00047296716366,-0.00142952299211,0.0011424892582,-0.00105123384856,0.00137444329448,-0.00113163678907,0.0016610568855,-0.00168727361597,0.00196059700102,-0.00200456962921,0.00182965630665,-0.00161031913012,0.00121997937094],[-0.00142952299211,0.00561363482848,-0.00262587028556,0.00309806736186,-0.00459524057806,0.00422523729503,-0.00540619390085,0.00550550082698,-0.0059156185016,0.00686919689178,-0.0061568422243,0.0052252211608,-0.00400334224105],[0.0011424892582,-0.00262587028556,0.00510976463556,-0.00246527395211,0.00226074364036,-0.00305808428675,0.00322391232476,-0.00368714961223,0.00446284050122,-0.00510170403868,0.00390224833973,-0.00382243166678,0.0024471138604],[-0.00105123384856,0.00309806736186,-0.00246527395211,0.00590015994385,-0.00303860637359,0.00141226046253,-0.00339962146245,0.0044245775789,-0.00506276218221,0.00229173363186,-0.0023479226511,0.00334369810298,-0.00289481575601],[0.00137444329448,-0.00459524057806,0.00226074364036,-0.00303860637359,0.0074619022198,-0.00387696432881,0.00523355510086,-0.00496996752918,0.00520920846611,-0.00619830843061,0.00480490317568,-0.00372419762425,0.00129481020849],[-0.00113163678907,0.00422523729503,-0.00305808428675,0.00141226046253,-0.00387696432881,0.0131502402946,-0.00723247369751,0.00312337931246,-0.00376213295385,0.00459549063817,-0.00355020817369,0.0016274797963,-0.000673669041134],[0.0016610568855,-0.00540619390085,0.00322391232476,-0.00339962146245,0.00523355510086,-0.00723247369751,0.0151502154768,-0.0103730699047,0.00528305349872,-0.00415444094688,0.00539938220754,-0.00327703682706,0.00158912898041],[-0.00168727361597,0.00550550082698,-0.00368714961223,0.0044245775789,-0.00496996752918,0.00312337931246,-0.0103730699047,0.0203107539564,-0.0119558675215,0.00689207436517,-0.00309451366775,0.00328350625932,-0.00168014154769],[0.00196059700102,-0.0059156185016,0.00446284050122,-0.00506276218221,0.00520920846611,-0.00376213295385,0.00528305349872,-0.0119558675215,0.0264914501458,-0.0160377379507,0.00431584566832,-0.00213113124482,0.00325513258576],[-0.00200456962921,0.00686919689178,-0.00510170403868,0.00229173363186,-0.00619830843061,0.00459549063817,-0.00415444094688,0.00689207436517,-0.0160377379507,0.0303642526269,-0.0149869993329,0.00802803970873,-0.00368587276898],[0.00182965630665,-0.0061568422243,0.00390224833973,-0.0023479226511,0.00480490317568,-0.00355020817369,0.00539938220754,-0.00309451366775,0.00431584566832,-0.0149869993329,0.0308864694089,-0.016610968858,0.00630874419585],[-0.00161031913012,0.0052252211608,-0.00382243166678,0.00334369810298,-0.00372419762425,0.0016274797963,-0.00327703682706,0.00328350625932,-0.00213113124482,0.00802803970873,-0.016610968858,0.0321857444942,-0.0189033970237],[0.00121997937094,-0.00400334224105,0.0024471138604,-0.00289481575601,0.00129481020849,-0.000673669041134,0.00158912898041,-0.00168014154769,0.00325513258576,-0.00368587276898,0.00630874419585,-0.0189033970237,0.0304654538631]],"mean":[-90.4077606201,106.683815002,-108.265975952,30.4690551758,-44.5119590759,-12.5115146637,-35.100933075,-0.867455661297,-20.2344512939,-1.445484519,-16.185716629,-0.944012224674,-11.545838356]},"hfc":{"dmean":3.47890996933,"dmean2":4.51554918289,"dvar":37.7556991577,"dvar2":71.9459762573,"max":108.793357849,"mean":8.99703979492,"median":4.49258995056,"min":1.05799265699e-16,"var":145.9140625},"melbands":{"dmean":[0.000219824753003,0.000330849987222,0.00045474403305,0.000477065506857,0.000545556482393,0.000432578759501,0.000211714417674,0.000167124220752,0.000102923280792,0.0000764974829508,0.0000497591536259,0.0000434639441664,0.0000225070234592,0.000014288143575,0.000016275784219,0.0000179061062227,0.0000161174757523,0.0000120825188787,0.00000783835457696,0.00000788893430581,0.00000862592060002,0.00000587386648476,0.00000528259806742,0.00000346044839716,0.00000482946552438,0.00000468331563752,0.00000194886024474,9.91239176074e-7,7.78705668836e-7,7.28577504105e-7,5.59537397748e-7,3.82541315957e-7,2.30976198168e-7,1.93751560573e-7,1.45415938846e-7,1.08593269488e-7,6.23580262982e-8,3.53666891328e-8,2.85061183547e-8,1.85302990729e-8],"dmean2":[0.000324728753185,0.000541104469448,0.000758680282161,0.000769901322201,0.000884447188582,0.000687840220053,0.000322292849887,0.000259703287156,0.000156804919243,0.000109542976134,0.0000716315989848,0.000067010310886,0.0000342650637322,0.0000216396183532,0.000024108810976,0.0000268718013103,0.0000242836995312,0.0000182790972758,0.0000127375642478,0.0000122077253764,0.0000130007038024,0.00000870800704433,0.00000808218737802,0.00000531403748028,0.00000718464070815,0.00000699059955878,0.00000295977224596,0.00000150584844505,0.00000120167294426,0.00000113642829547,8.55243172282e-7,5.91826335494e-7,3.52532083525e-7,2.95649044801e-7,2.21446157411e-7,1.68266510059e-7,9.39907494057e-8,5.26828323189e-8,4.26930171216e-8,2.72818585501e-8],"dvar":[1.55068605068e-7,2.95289652286e-7,7.70898395785e-7,5.84420433825e-7,0.00000248307333095,0.00000144295131577,3.36292458769e-7,2.77766531553e-7,2.51149486985e-7,9.32537531639e-8,2.41846098703e-8,3.47358479758e-8,6.84403111961e-9,2.56773824425e-9,3.88602616752e-9,7.32697591488e-9,1.58647817106e-9,9.46659195478e-10,4.40104203081e-10,3.88848425681e-10,2.99285929373e-10,1.81957504619e-10,1.46419529279e-10,6.6938267429e-11,2.30204452722e-10,1.60535071347e-10,2.15372025769e-11,5.46432604026e-12,3.36705511562e-12,3.21724721516e-12,1.94102936849e-12,9.24838547758e-13,3.7172801187e-13,2.48144576718e-13,1.39103274255e-13,9.81631361483e-14,2.61994185434e-14,1.07997496986e-14,6.77778654327e-15,2.26094121215e-15],"dvar2":[3.33441278144e-7,7.54603149744e-7,0.00000203201625482,0.00000152931374942,0.00000634467869531,0.00000353214863935,6.88180136876e-7,6.55165194985e-7,6.58855867641e-7,1.69384932747e-7,4.27410924431e-8,8.30874995472e-8,1.54733026392e-8,5.48961098801e-9,7.39525907179e-9,1.52826906685e-8,3.36059913231e-9,2.11594031185e-9,1.1214175144e-9,9.15957754088e-10,6.73417488439e-10,4.00582511606e-10,3.19499954271e-10,1.52325749236e-10,4.91117091439e-10,3.50043882769e-10,4.96246446713e-11,1.23592811332e-11,8.09129412777e-12,7.65980768397e-12,4.37722948166e-12,2.14620140236e-12,8.59859763686e-13,5.67219719545e-13,3.0283238482e-13,2.27585908018e-13,5.82002978797e-14,2.33663203397e-14,1.50795903406e-14,4.75715217815e-15],"max":[0.00491685373709,0.0172916799784,0.0205214135349,0.0109794801101,0.0230765938759,0.0198028758168,0.0127981249243,0.0158148463815,0.024298299104,0.0118616139516,0.00662230467424,0.00557936262339,0.00275763589889,0.00161692895927,0.0022566432599,0.00509856361896,0.000953349925112,0.000692609057296,0.000543220725376,0.000693164591212,0.000284212786937,0.000382741884096,0.000310309580527,0.000288429844659,0.000816144631244,0.000407763000112,0.000136344300699,0.0000482516006741,0.0000433293607784,0.0000518501110491,0.0000350642658304,0.0000242535716097,0.0000191908166016,0.0000119258984341,0.000013191835933,0.00000730174360797,0.00000388350872527,0.00000404458887715,0.00000283927488454,0.00000147677314999],"mean":[0.00033601076575,0.000494524952956,0.000630036112852,0.000737468246371,0.00071589788422,0.000612699426711,0.000294339115499,0.000223542898311,0.000142898381455,0.000123845908092,0.0000817425752757,0.0000635274554952,0.0000331867813657,0.0000207717785088,0.0000266219067271,0.0000268252624664,0.0000242572386924,0.0000176690227818,0.0000110235096145,0.0000128087494886,0.0000146815118569,0.0000103306711026,0.0000095677733043,0.00000604866454523,0.00000800160705694,0.00000799903773441,0.00000336390894518,0.00000174132242137,0.00000144645514411,0.00000132888214921,0.0000010164339983,6.72111696076e-7,3.9075581526e-7,3.45637374721e-7,2.63501164e-7,1.85551044751e-7,1.11523931423e-7,6.65854145154e-8,5.43517337803e-8,3.56141711677e-8],"median":[0.000136355971335,0.000283207162283,0.000321617611917,0.000405319675338,0.000286668917397,0.000161171512445,0.0000760997281759,0.0000473826512462,0.0000273296645901,0.000020910612875,0.0000140065722007,0.00000917232227948,0.00000679479444443,0.00000363698404726,0.00000493463448947,0.00000594306038693,0.00000520393587067,0.0000039349756662,0.00000317639319292,0.00000465680750494,0.00000553840800421,0.00000310987320518,0.00000351340827365,0.00000211597466659,0.00000222180756282,0.00000237911990553,0.00000124113341826,6.30550459846e-7,6.45901138796e-7,5.46595003925e-7,3.70034740627e-7,2.49437931643e-7,1.33289844939e-7,1.27075196588e-7,9.07423682861e-8,5.32340678205e-8,3.50374023128e-8,2.45678091204e-8,1.81543313715e-8,1.26805339562e-8],"min":[2.21989896072e-25,1.17468409649e-24,1.5726802004e-24,1.77388568238e-24,8.32221630953e-25,2.28981944984e-24,2.21447475313e-24,1.72464892898e-24,1.47638779539e-24,1.27371601821e-24,1.25508479995e-24,1.79079156322e-24,2.50752987411e-24,3.28110462714e-24,2.14582492172e-24,2.82486613374e-24,4.07789693711e-24,4.21593221274e-24,4.80374876082e-24,3.44739236444e-24,3.31924703798e-24,2.84271726716e-24,3.62443050094e-24,3.61203670726e-24,5.19243433389e-24,4.0095942045e-24,4.86772932454e-24,5.12332065226e-24,4.71500703658e-24,4.63968186418e-24,4.60723325414e-24,4.31540481187e-24,5.81459196933e-24,5.42712360864e-24,6.72455880072e-24,6.11869390399e-24,5.59264753137e-24,5.47534154818e-24,4.91738022991e-24,6.4459410176e-24],"var":[2.60105082361e-7,4.0629569753e-7,9.37913227972e-7,9.22367064504e-7,0.00000242765304392,0.0000021956711862,5.81529377541e-7,3.86552443388e-7,2.54964220403e-7,2.21525979782e-7,6.98986326597e-8,6.79857379282e-8,1.36334357137e-8,5.04449371164e-9,1.22581269579e-8,1.06752517937e-8,3.24621818315e-9,2.05885575255e-9,5.97813465397e-10,6.86207868306e-10,5.88462834017e-10,4.5577000507e-10,3.85749515663e-10,1.61811897215e-10,4.40643382893e-10,3.62238045115e-10,3.92029429752e-11,9.67771262433e-12,6.11368030853e-12,6.18643070799e-12,4.37140731599e-12,1.79219410579e-12,6.06576041565e-13,4.58185410186e-13,3.15397610372e-13,1.86158299062e-13,5.3259622461e-14,2.00666154022e-14,1.28989794039e-14,4.68948652764e-15]},"melbands_crest":{"dmean":3.45852231979,"dmean2":5.73677492142,"dvar":9.18794441223,"dvar2":24.8292007446,"max":32.677947998,"mean":12.9876651764,"median":12.2593164444,"min":1.57688176632,"var":21.9643974304},"melbands_flatness_db":{"dmean":0.0252083037049,"dmean2":0.0390569008887,"dvar":0.000567038950976,"dvar2":0.00128208124079,"max":0.516173958778,"mean":0.220541000366,"median":0.218739539385,"min":0.0034018936567,"var":0.00373597419821},"melbands_kurtosis":{"dmean":7.33314180374,"dmean2":11.7735319138,"dvar":136.878692627,"dvar2":352.12677002,"max":251.966186523,"mean":15.6471223831,"median":12.5169487,"min":-1.74856972694,"var":230.819839478},"melbands_skewness":{"dmean":0.721320509911,"dmean2":1.12776124477,"dvar":0.56012326479,"dvar2":1.38719546795,"max":11.1278467178,"mean":2.97830200195,"median":2.97567224503,"min":-1.43021786213,"var":1.85657000542},"melbands_spread":{"dmean":5.22185325623,"dmean2":8.20021057129,"dvar":44.6308021545,"dvar2":108.91431427,"max":164.961425781,"mean":17.78565979,"median":13.1147041321,"min":0.540643811226,"var":380.054229736},"mfcc":{"cov":[[13439.9726562,2339.20068359,-581.093566895,343.861236572,-476.956726074,-83.7962722778,-342.66796875,-51.8605880737,-330.394805908,-97.6167831421,-85.3560180664,-99.8550415039,-128.162368774],[2339.20068359,1555.37036133,-239.230529785,157.693954468,67.489402771,-42.6857681274,-13.4518871307,-9.46932315826,-44.4613952637,-55.8285446167,-37.9976234436,-30.1104831696,-21.9339828491],[-581.093566895,-239.230529785,372.264190674,33.1706962585,-8.82893753052,34.2207069397,18.7215118408,12.7883558273,27.6959457397,23.0329875946,6.6502161026,19.5865726471,29.3655662537],[343.861236572,157.693954468,33.1706962585,286.184936523,104.559562683,56.8892326355,-1.42894804478,-17.3618869781,22.6111030579,24.5429496765,14.4618301392,2.13780021667,3.69907855988],[-476.956726074,67.489402771,-8.82893753052,104.559562683,268.08303833,66.5453414917,18.0333976746,-26.289642334,7.74189376831,7.73717975616,10.5590381622,15.5897388458,-3.61878442764],[-83.7962722778,-42.6857681274,34.2207069397,56.8892326355,66.5453414917,120.05632782,34.6076545715,5.68615198135,15.6649951935,3.62131237984,11.9831418991,14.5882730484,0.31369766593],[-342.66796875,-13.4518871307,18.7215118408,-1.42894804478,18.0333976746,34.6076545715,109.156837463,54.6900520325,35.8594207764,7.6877655983,2.62819647789,6.372651577,1.15514600277],[-51.8605880737,-9.46932315826,12.7883558273,-17.3618869781,-26.289642334,5.68615198135,54.6900520325,109.898788452,50.8239059448,13.0216999054,6.92136001587,4.12384223938,-0.325510323048],[-330.394805908,-44.4613952637,27.6959457397,22.6111030579,7.74189376831,15.6649951935,35.8594207764,50.8239059448,97.5094680786,45.3953971863,17.9706077576,6.66922092438,1.1984140873],[-97.6167831421,-55.8285446167,23.0329875946,24.5429496765,7.73717975616,3.62131237984,7.6877655983,13.0216999054,45.3953971863,97.7668380737,47.3084564209,6.23667764664,-2.38253569603],[-85.3560180664,-37.9976234436,6.6502161026,14.4618301392,10.5590381622,11.9831418991,2.62819647789,6.92136001587,17.9706077576,47.3084564209,69.2762756348,22.4877891541,0.405156850815],[-99.8550415039,-30.1104831696,19.5865726471,2.13780021667,15.5897388458,14.5882730484,6.372651577,4.12384223938,6.66922092438,6.23667764664,22.4877891541,55.1582641602,20.2571372986],[-128.162368774,-21.9339828491,29.3655662537,3.69907855988,-3.61878442764,0.31369766593,1.15514600277,-0.325510323048,1.1984140873,-2.38253569603,0.405156850815,20.2571372986,53.3194465637]],"icov":[[0.000167178790434,-0.000220676069148,0.000125114762341,-0.000253530102782,0.000464947515866,-0.000341581006069,0.000512171362061,-0.000383949518437,0.000638162193354,-0.000339528371114,0.000257405918092,-0.000184659700608,0.000318556150887],[-0.000220676069148,0.00112086848821,0.000338298588758,-0.00032171618659,-0.000718727125786,0.000945051957387,-0.00080585089745,0.000229744386161,-0.000519334513228,0.000760687107686,-0.000146564649185,0.000292764423648,-0.000333268602844],[0.000125114762341,0.000338298588758,0.00341059407219,-0.000837549159769,0.000736311485525,-0.000830691016745,0.000159759700182,-0.000376518582925,0.000297086662613,-0.000866661779583,0.000990126398392,-0.000673372822348,-0.00112836936023],[-0.000253530102782,-0.00032171618659,-0.000837549159769,0.00542376702651,-0.00203913007863,-0.00139420083724,0.000178656962817,0.00135225360282,-0.0022059045732,-0.000291285541607,-0.000793853832874,0.00136086822022,-0.00125697965268],[0.000464947515866,-0.000718727125786,0.000736311485525,-0.00203913007863,0.0064093740657,-0.00289042666554,0.000400974764489,0.000745278259274,0.00136559491511,-0.001075397362,0.000962136138696,-0.0019241879927,0.00165071489755],[-0.000341581006069,0.000945051957387,-0.000830691016745,-0.00139420083724,-0.00289042666554,0.0127062657848,-0.00457343598828,0.00142763229087,-0.00179730786476,0.00266736932099,-0.00219703721814,-0.00129417865537,0.000626776076388],[0.000512171362061,-0.00080585089745,0.000159759700182,0.000178656962817,0.000400974764489,-0.00457343598828,0.0157059580088,-0.00738732796162,0.000275729311397,-0.00115219317377,0.00193942454644,-0.000675670220517,0.000652247283142],[-0.000383949518437,0.000229744386161,-0.000376518582925,0.00135225360282,0.000745278259274,0.00142763229087,-0.00738732796162,0.0167527664453,-0.00859172083437,0.0026714913547,-0.00197928422131,0.000114489761472,-0.000126299797557],[0.000638162193354,-0.000519334513228,0.000297086662613,-0.0022059045732,0.00136559491511,-0.00179730786476,0.000275729311397,-0.00859172083437,0.0209936797619,-0.00933111738414,0.00335531495512,-0.00169820617884,0.00108541874215],[-0.000339528371114,0.000760687107686,-0.000866661779583,-0.000291285541607,-0.001075397362,0.00266736932099,-0.00115219317377,0.0026714913547,-0.00933111738414,0.0209656432271,-0.0135979503393,0.0040831794031,-0.00035447627306],[0.000257405918092,-0.000146564649185,0.000990126398392,-0.000793853832874,0.000962136138696,-0.00219703721814,0.00193942454644,-0.00197928422131,0.00335531495512,-0.0135979503393,0.0269989818335,-0.0107906609774,0.00330372340977],[-0.000184659700608,0.000292764423648,-0.000673372822348,0.00136086822022,-0.0019241879927,-0.00129417865537,-0.000675670220517,0.000114489761472,-0.00169820617884,0.0040831794031,-0.0107906609774,0.026945406571,-0.0100891105831],[0.000318556150887,-0.000333268602844,-0.00112836936023,-0.00125697965268,0.00165071489755,0.000626776076388,0.000652247283142,-0.000126299797557,0.00108541874215,-0.00035447627306,0.00330372340977,-0.0100891105831,0.0239533036947]],"mean":[-720.289428711,140.450714111,-7.92314624786,40.633014679,3.02633786201,-0.450279057026,-8.1808013916,-1.69786262512,-4.33247232437,-0.667205929756,-2.67334771156,-3.36620235443,-4.54959011078]},"pitch_salience":{"dmean":0.0797671452165,"dmean2":0.131021469831,"dvar":0.00463693169877,"dvar2":0.0122275240719,"max":0.852088987827,"mean":0.599701941013,"median":0.609997391701,"min":0.138658389449,"var":0.0114265745506},"silence_rate_20dB":{"dmean":0,"dmean2":0,"dvar":0,"dvar2":0,"max":1,"mean":1,"median":1,"min":1,"var":0},"silence_rate_30dB":{"dmean":0.000680272118188,"dmean2":0.00136077567004,"dvar":0.000679819204379,"dvar2":0.00135896273423,"max":1,"mean":0.999149799347,"median":1,"min":0,"var":0.00084956252249},"silence_rate_60dB":{"dmean":0.0802721083164,"dmean2":0.160571530461,"dvar":0.0738256573677,"dvar2":0.145667493343,"max":1,"mean":0.235844239593,"median":0,"min":0,"var":0.180217176676},"spectral_centroid":{"dmean":233.92036438,"dmean2":359.798828125,"dvar":80789.7109375,"dvar2":179168.8125,"max":11805.1552734,"mean":1244.35375977,"median":946.264465332,"min":160.622833252,"var":2087679.375},"spectral_complexity":{"dmean":3.16088438034,"dmean2":4.2129611969,"dvar":14.4418354034,"dvar2":23.5777397156,"max":54,"mean":12.1758203506,"median":10,"min":0,"var":86.6757278442},"spectral_contrast_coeffs":{"dmean":[0.0564690716565,0.0502601675689,0.0367366150022,0.0285722520202,0.019978871569,0.0165148694068],"dmean2":[0.0921447202563,0.0810195878148,0.0599018745124,0.0458043403924,0.0313361100852,0.0257540997118],"dvar":[0.00217478070408,0.00179349922109,0.000923472631257,0.000544983427972,0.000288128707325,0.000245849485509],"dvar2":[0.00548028200865,0.00448833405972,0.00225273892283,0.00133715721313,0.000650936446618,0.000563792069443],"max":[-0.292005240917,-0.350298017263,-0.45436924696,-0.575018584728,-0.591732561588,-0.60534965992],"mean":[-0.636301457882,-0.735291182995,-0.790937185287,-0.800913333893,-0.804980993271,-0.757352292538],"median":[-0.632922887802,-0.740602791309,-0.799140632153,-0.802517175674,-0.807309448719,-0.750042498112],"min":[-0.976486444473,-0.9786221385,-0.983770847321,-0.983474075794,-0.986904323101,-0.977979183197],"var":[0.00972774624825,0.00802237540483,0.00477302260697,0.00262548681349,0.00205133878626,0.00274508912116]},"spectral_contrast_valleys":{"dmean":[0.432825088501,0.414085835218,0.368193805218,0.323389232159,0.246678829193,0.234141618013],"dmean2":[0.690396487713,0.627285182476,0.542206943035,0.458596020937,0.341338038445,0.311079025269],"dvar":[0.149861142039,0.155188545585,0.138942793012,0.124268345535,0.103593796492,0.101152911782],"dvar2":[0.327068835497,0.293242782354,0.244225338101,0.209215283394,0.16917642951,0.1736792624],"max":[-5.77297878265,-4.636469841,-5.30470323563,-5.79091358185,-6.01040458679,-8.92269802094],"mean":[-8.06476593018,-7.43344640732,-8.43420982361,-8.61356544495,-8.43867206573,-11.6067781448],"median":[-7.50351810455,-6.88847970963,-7.95911693573,-8.1556520462,-7.93716049194,-11.1990652084],"min":[-28.267539978,-28.1017875671,-27.7092285156,-27.6792640686,-27.4730014801,-27.446434021],"var":[8.67401218414,9.28978824615,8.51692962646,8.24193477631,8.18572616577,5.69818782806]},"spectral_decrease":{"dmean":1.72692615763e-9,"dmean2":2.47444154056e-9,"dvar":8.62488320691e-18,"dvar2":1.95559145288e-17,"max":1.6241801759e-28,"mean":-4.03103461721e-9,"median":-2.48009435211e-9,"min":-3.99552071428e-8,"var":2.16675825555e-17},"spectral_energy":{"dmean":0.00680050160736,"dmean2":0.00969244912267,"dvar":0.000133609661134,"dvar2":0.000300631800201,"max":0.16066762805,"mean":0.0160301122814,"median":0.00979884900153,"min":9.85572290484e-21,"var":0.000344453961588},"spectral_energyband_high":{"dmean":0.0000619584534434,"dmean2":0.0000863453751663,"dvar":2.18116795736e-8,"dvar2":4.64709870585e-8,"max":0.00290811876766,"mean":0.000141069176607,"median":0.0000612767325947,"min":6.74462715078e-21,"var":5.33294866045e-8},"spectral_energyband_low":{"dmean":0.0015672914451,"dmean2":0.00242505897768,"dvar":0.00000556885515834,"dvar2":0.0000134188921947,"max":0.0597497597337,"mean":0.00267022126354,"median":0.00160516763572,"min":6.71309349632e-24,"var":0.000009869173482},"spectral_energyband_middle_high":{"dmean":0.000975995964836,"dmean2":0.00129618903156,"dvar":0.00000412721783505,"dvar2":0.00000784282565292,"max":0.0501862764359,"mean":0.00229112897068,"median":0.000834497390315,"min":1.0963638843e-21,"var":0.0000173861608346},"spectral_energyband_middle_low":{"dmean":0.00575626874343,"dmean2":0.00858403649181,"dvar":0.000116362491099,"dvar2":0.000270024262136,"max":0.152635991573,"mean":0.0115051688626,"median":0.00653418246657,"min":1.47675392546e-22,"var":0.000229644123465},"spectral_entropy":{"dmean":0.1488288939,"dmean2":0.226636111736,"dvar":0.0219236481935,"dvar2":0.0483516156673,"max":9.8229227066,"mean":7.44545078278,"median":7.43165302277,"min":5.90445137024,"var":0.245537698269},"spectral_flux":{"dmean":0.0207851249725,"dmean2":0.0316385217011,"dvar":0.000663259765133,"dvar2":0.00143594783731,"max":0.41287201643,"mean":0.0634073242545,"median":0.0529775470495,"min":6.36488847738e-11,"var":0.00217384076677},"spectral_kurtosis":{"dmean":1.63081657887,"dmean2":2.77928209305,"dvar":3.53212237358,"dvar2":9.90262413025,"max":31.7876625061,"mean":5.510389328,"median":4.74828147888,"min":-1.25815796852,"var":11.6792888641},"spectral_rms":{"dmean":0.000745219411328,"dmean2":0.000999168260023,"dvar":8.05414970273e-7,"dvar2":0.00000159310002346,"max":0.0125199407339,"mean":0.00335654406808,"median":0.00309190107509,"min":3.10086114771e-12,"var":0.00000437274547949},"spectral_rolloff":{"dmean":371.862792969,"dmean2":610.358459473,"dvar":367689.5,"dvar2":837231.625,"max":19702.8808594,"mean":1374.2911377,"median":624.462890625,"min":107.666015625,"var":8344781.5},"spectral_skewness":{"dmean":0.205119639635,"dmean2":0.330162584782,"dvar":0.0407584607601,"dvar2":0.104680642486,"max":4.19639968872,"mean":1.55699515343,"median":1.50982022285,"min":-0.0829343944788,"var":0.244116261601},"spectral_spread":{"dmean":322114.46875,"dmean2":478586.9375,"dvar":329532112896,"dvar2":618198663168,"max":42531992,"mean":4488662.5,"median":3621388.5,"min":1667811.625,"var":26278012911600},"spectral_strongpeak":{"dmean":0.324541628361,"dmean2":0.506188094616,"dvar":0.209359869361,"dvar2":0.452859938145,"max":8.23953437805,"mean":0.630773901939,"median":0.34173181653,"min":0,"var":0.659582436085},"zerocrossingrate":{"dmean":0.00709402887151,"dmean2":0.00887411087751,"dvar":0.00010239223775,"dvar2":0.000184028103831,"max":0.52197265625,"mean":0.0542517751455,"median":0.03955078125,"min":0.00537109375,"var":0.00504644261673}},"metadata":{"audio_properties":{"analysis_sample_rate":44100,"bit_rate":0,"codec":"flac","downmix":"mix","equal_loudness":0,"length":136.533340454,"lossless":true,"md5_encoded":"cf2d5a86ee0810ec21d1ae949585d051","replay_gain":-7.43050956726,"sample_rate":44100},"tags":{"acoustid_id":["45a1e1b5-cc02-4d5f-a24a-681fe6f9db6a"],"album":["Boogie Chillun'"],"albumartist":["John Lee Hooker"],"albumartistsort":["Hooker, John Lee"],"artist":["John Lee Hooker"],"artistsort":["Hooker, John Lee"],"asin":["B003TKSJ5G"],"barcode":["4010875523944"],"catalognumber":["CD CHARLY 4"],"composer":["John Lee Hooker"],"composersort":["Hooker, John Lee"],"date":["1986"],"discnumber":["1"],"disctotal":["1"],"file_name":"14 Want AD Blues.flac","genre":["Delta Blues","Guitar"],"grouping":["Blues"],"isrc":["DEU240409483"],"label":["Charly R&B"],"lyricist":["John Lee Hooker"],"mood":["Unknown"],"musicbrainz_albumartistid":["b0122194-c49a-46a1-ade7-84d1d76bd8e9"],"musicbrainz_albumid":["0611094a-50e7-44c3-90f3-8f8b8cd5e7a8"],"musicbrainz_artistid":["b0122194-c49a-46a1-ade7-84d1d76bd8e9"],"musicbrainz_recordingid":["ab051105-59bc-49e9-8a51-4d3d3a7f1f2c"],"musicbrainz_releasegroupid":["3dcdff3d-aedd-3cd9-9e8c-b387816437e4"],"musicbrainz_releasetrackid":["16a52272-578b-3fe5-9417-53484c99449c"],"musicbrainz_workid":["1abc62e0-de47-3cdc-bbad-dd5ac8ea2cfa"],"originaldate":["1986"],"originalyear":["1986"],"releasecountry":["GB"],"releasestatus":["official"],"releasetype":["album"],"script":["Latn"],"title":["Want AD Blues"],"totaldiscs":["1"],"totaltracks":["22"],"tracknumber":["14"],"tracktotal":["22"],"website":["http://www.johnleehooker.com/"],"work":["Want Ad Blues"]},"version":{"essentia":"2.1-beta2","essentia_build_sha":"70f2e5ece6736b2c40cc944ad0e695b16b925413","essentia_git_sha":"v2.1_beta2","extractor":"music 1.0"}},"rhythm":{"beats_count":275,"beats_loudness":{"