{"lowlevel":{"average_loudness":0.835742235184,"barkbands":{"dmean":[0.00577154336497,0.010911995545,0.0024572275579,0.00143653608393,0.00151833205018,0.000926997337956,0.00112686329521,0.000451550964499,0.000716638925951,0.000798767548986,0.000626098539215,0.000614781980403,0.000372868293198,0.000249820732279,0.000320089864545,0.000351608818164,0.000247292686254,0.000146297024912,0.000145700381836,0.000140506686876,0.000121428471175,0.0000688833679305,0.0000436325171904,0.0000187519381143,0.00000291982382805,0.0000222255839617,0.000161927353474],"dmean2":[0.00940529908985,0.0182005669922,0.00405154982582,0.00236852304079,0.00244955439121,0.00147471460514,0.00176223902963,0.000732775020879,0.0011302906787,0.00129072344862,0.00101821951102,0.000986849889159,0.000614514399786,0.000415874819737,0.000531443802174,0.000574430276174,0.000402100733481,0.000238566237385,0.000237157364609,0.00021512733656,0.000177386988071,0.0000971483314061,0.0000598514416197,0.0000256112980423,0.00000493219476994,0.0000290154821414,0.000243850998231],"dvar":[0.000124997590319,0.000387376087019,0.0000185889548447,0.00000690615161147,0.00000736462106943,0.00000352350753019,0.00000662869433654,9.69911525317e-7,0.00000238740381064,0.00000280392600871,0.00000176666719653,0.00000170755822637,4.92016908993e-7,1.35612950203e-7,2.85041579673e-7,6.41846952476e-7,2.77878228871e-7,5.1520299138e-8,5.88716773109e-8,1.41266625064e-7,1.28438614411e-7,3.06207645906e-8,7.6654371739e-9,1.77829917458e-9,2.34583168862e-11,1.96732474755e-9,4.854091884e-8],"dvar2":[0.000298036378808,0.00105235213414,0.0000482881987409,0.0000176860758074,0.0000182112689799,0.00000834949150885,0.0000151859367179,0.00000236545338339,0.00000567050255995,0.00000689123862685,0.00000431753323937,0.00000409481071983,0.00000129000522975,3.64039749456e-7,7.60745024309e-7,0.00000157844158366,6.22085337909e-7,1.30409446797e-7,1.45987939959e-7,2.78186092828e-7,2.4567049195e-7,5.80814791817e-8,1.42856766416e-8,3.59619778401e-9,6.12141795586e-11,3.43543171688e-9,1.12616852732e-7],"max":[0.149267658591,0.223740071058,0.0702612474561,0.0475385561585,0.0565146952868,0.0407928451896,0.0627070963383,0.0246870145202,0.031696293503,0.0324602015316,0.0298799928278,0.0394253619015,0.0167338196188,0.00630225613713,0.0107267517596,0.0320951230824,0.0264573320746,0.00624341657385,0.00613276148215,0.0204504374415,0.0129087474197,0.00706683564931,0.00194033165462,0.00122435821686,0.0000757972738938,0.00113589467946,0.00501245260239],"mean":[0.00747512932867,0.0180435460061,0.00342609453946,0.00197488651611,0.00257342122495,0.00143422291148,0.00204138108529,0.000694419781212,0.00125407171436,0.00123209529556,0.0010297234403,0.00104956852738,0.000653492228594,0.000465641089249,0.000605287728831,0.000657857570332,0.000514603219926,0.000325054716086,0.000323176354868,0.000345848617144,0.000280417181784,0.000151597487275,0.0000959077369771,0.0000390086534026,0.00000295270933748,0.0000540799010196,0.00063206203049],"median":[0.00287490757182,0.0116780195385,0.00193007313646,0.000984179321676,0.00127247418277,0.000642284983769,0.000464685086627,0.000234621809795,0.000389249820728,0.000464032753371,0.000355405791197,0.000485141645186,0.000323066895362,0.000284654437564,0.000293500372209,0.00027194165159,0.000275263213553,0.000219729030505,0.000209072517464,0.000189679500181,0.000130834319862,0.0000853178789839,0.0000513968407176,0.0000199597398023,0.00000121295647659,0.0000297647020489,0.000326860754285],"min":[1.59782317174e-19,2.73679323108e-19,2.34420452357e-19,2.92644661699e-19,1.09494011421e-18,1.75353066797e-18,2.50329565379e-18,3.22332018787e-18,5.45243917621e-18,5.96921943672e-18,5.72630792368e-18,6.00482253106e-18,4.13840073462e-18,1.80910272948e-18,3.67037434432e-19,4.75722892314e-19,1.10264292347e-18,1.63952274229e-18,4.83427511033e-18,6.91802413705e-18,1.41038198733e-17,1.24347513769e-17,3.54576958358e-17,1.62421413137e-17,2.57647735656e-17,6.00465362078e-17,4.98769825424e-17],"var":[0.000172468251549,0.00048893148778,0.0000222982253035,0.0000100099050542,0.0000153620203491,0.0000064607229433,0.0000204750776902,0.00000221674258682,0.00000682543895891,0.00000539886377737,0.00000431906983067,0.00000392984748032,9.90285002445e-7,2.91030914923e-7,6.5238367597e-7,0.00000161146465416,7.6777570257e-7,1.39143836009e-7,1.5896820571e-7,4.50919259265e-7,4.53539030332e-7,8.58094608702e-8,2.08525765544e-8,3.84748588544e-9,2.4118202227e-11,5.98812643915e-9,4.73635310527e-7]},"barkbands_crest":{"dmean":2.77535223961,"dmean2":4.49155664444,"dvar":5.72020149231,"dvar2":14.9639644623,"max":24.5035514832,"mean":11.0880050659,"median":10.6908035278,"min":2.33194422722,"var":17.5764694214},"barkbands_flatness_db":{"dmean":0.02568436414,"dmean2":0.0395052321255,"dvar":0.00064583303174,"dvar2":0.00149758951738,"max":0.389218181372,"mean":0.128894835711,"median":0.119143918157,"min":0.0179647076875,"var":0.00304830353707},"barkbands_kurtosis":{"dmean":5.85042905807,"dmean2":9.31089115143,"dvar":140.132125854,"dvar2":345.763671875,"max":228.479003906,"mean":9.28961753845,"median":3.68486213684,"min":-1.81896460056,"var":246.602081299},"barkbands_skewness":{"dmean":0.713418364525,"dmean2":1.09998202324,"dvar":0.742112576962,"dvar2":1.76391577721,"max":13.1596441269,"mean":2.31886053085,"median":1.91058492661,"min":-2.51690673828,"var":2.53235030174},"barkbands_spread":{"dmean":7.02855396271,"dmean2":10.5668706894,"dvar":63.589466095,"dvar2":131.230743408,"max":101.20198822,"mean":26.7461509705,"median":24.7584838867,"min":0.674813330173,"var":271.157409668},"dissonance":{"dmean":0.0139914620668,"dmean2":0.0236374400556,"dvar":0.000227918266319,"dvar2":0.000640926882625,"max":0.499999791384,"mean":0.475687026978,"median":0.482053279877,"min":0.274378657341,"var":0.000507174874656},"dynamic_complexity":3.63954234123,"erbbands":{"dmean":[0.590883791447,1.64303874969,2.77695536613,3.69755244255,5.46544218063,4.88758945465,5.5252404213,8.03758621216,13.5229759216,15.4592914581,10.0112075806,15.7235002518,22.5419387817,24.0133018494,22.2106437683,23.5587997437,17.9086360931,11.2520866394,13.9691143036,17.2116661072,16.6470870972,12.9010467529,7.4940700531,7.73318099976,6.83561038971,6.87012910843,5.80817174911,4.10284805298,2.56141757965,1.82104504108,1.15618491173,0.536174893379,0.234680727124,0.0451173074543,0.0194214619696,0.0340214706957,0.0458197817206,0.0348299853504,0.0126225948334,0.00400028983131],"dmean2":[0.979333996773,2.77788305283,4.57365036011,6.01951694489,8.87623310089,7.93827581406,9.04558181763,12.8196401596,21.1976318359,24.6259002686,15.9419813156,24.7033843994,36.4441680908,38.6843986511,35.9809608459,37.6125679016,29.3048324585,18.71717453,23.0559597015,28.2192993164,27.0773048401,20.8493785858,12.1707582474,12.6470270157,10.9312620163,10.6516857147,8.69555091858,5.90726852417,3.63128829002,2.52441263199,1.60740816593,0.737953841686,0.32799577713,0.0707274749875,0.0325639024377,0.048535939306,0.0596633478999,0.0452509336174,0.0176161844283,0.00604579271749],"dvar":[1.26314973831,7.51829528809,22.2883377075,40.2728462219,105.048423767,79.685005188,130.407577515,298.256256104,1125.77441406,1609.27856445,556.56854248,1226.64379883,2478.19433594,2647.40039062,1906.7833252,2391.95727539,1211.96435547,279.115600586,540.020568848,1050.64611816,1311.56311035,917.673278809,132.829101562,192.861907959,143.252197266,315.018920898,290.887054443,155.623245239,44.1453666687,14.9440221786,5.57616758347,1.24987697601,0.322598487139,0.00641311798245,0.000960708886851,0.00535256741568,0.0082973651588,0.00469949143007,0.000574925856199,0.000029959854146],"dvar2":[3.35438466072,21.0728034973,57.2862434387,101.137229919,259.526519775,191.345123291,345.41784668,689.407043457,2568.32275391,3647.19213867,1242.82189941,2824.41625977,6131.39355469,6484.43066406,4799.67089844,5749.29980469,3118.34960938,743.952087402,1448.62939453,2748.12597656,3301.15771484,1959.26904297,330.538208008,496.619293213,342.666687012,619.708251953,540.74621582,291.723022461,79.5505905151,28.8484344482,10.8617868423,2.52775192261,0.652779579163,0.0143254911527,0.00254897866398,0.0105447256938,0.014851750806,0.00773894321173,0.0010145342676,0.000070013164077],"max":[11.68446064,38.1291847229,73.7526016235,124.37474823,255.22215271,222.914550781,426.180145264,392.083099365,943.885131836,1025.10827637,649.806152344,890.797424316,1179.68652344,1090.3885498,1195.3203125,1310.62939453,841.445373535,270.374206543,609.191589355,882.297851562,1136.35693359,1610.40148926,275.327972412,428.374450684,343.714141846,947.024658203,694.460998535,515.366149902,290.690643311,89.3062362671,54.3830108643,35.9444961548,13.1603431702,1.71637022495,0.495281666517,1.6553478241,2.38375592232,2.01931142807,0.876154720783,0.130596488714],"mean":[0.897907435894,2.56971025467,4.15517807007,5.65394544601,8.50737094879,8.01577472687,8.19492435455,12.525387764,23.7687931061,28.2167320251,17.4761543274,27.8967018127,36.9530792236,40.8982543945,40.7042312622,42.5824394226,33.1426391602,23.2525196075,28.5890083313,35.3859672546,34.8922996521,28.1782722473,17.6762523651,17.1044502258,16.4033889771,16.6560306549,13.6609582901,9.19061946869,5.67813968658,3.95994734764,2.51440548897,1.15483057499,0.464508473873,0.0670005902648,0.0218213424087,0.0662352591753,0.112298846245,0.0931379944086,0.0450622290373,0.0182839762419],"median":[0.430687308311,1.73075795174,2.5386724472,3.26998662949,3.88426685333,3.84036016464,4.12746047974,5.38694763184,6.26295804977,6.45617961884,6.54813051224,8.77098846436,14.5196933746,14.9686861038,18.3887481689,19.9888534546,16.7217025757,14.1380405426,17.195318222,14.4301586151,16.8894844055,15.8656387329,11.9048871994,11.5876588821,10.2424554825,8.95565128326,6.55041074753,4.50825500488,3.20651340485,2.22007799149,1.34376788139,0.62009036541,0.22639746964,0.0367213413119,0.0109264347702,0.0352230072021,0.0631146579981,0.0568261705339,0.023435164243,0.0111638884991],"min":[9.4276322129e-18,5.83673860341e-17,2.33095393802e-16,6.89229915087e-16,1.75869863767e-15,4.02574473391e-15,8.44296014395e-15,1.64053341224e-14,2.98235015243e-14,5.08105825481e-14,8.11422530187e-14,1.21157085558e-13,1.67818680502e-13,2.13078212301e-13,2.42985210945e-13,2.4093403596e-13,1.96448909115e-13,1.1883491424e-13,4.368498903e-14,1.41636021352e-14,3.61450507112e-14,6.3502121042e-14,8.13980027587e-14,1.66649625957e-13,2.94440822635e-13,3.26548683927e-13,4.86031028792e-13,5.24434824994e-13,2.63583724075e-13,1.25283496685e-12,8.46259152164e-13,1.41244343153e-13,4.48209937047e-13,4.09598814284e-13,1.14719377661e-13,2.36407979781e-13,5.65715246729e-14,6.20773167571e-14,8.64199425183e-15,5.30926868784e-16],"var":[1.66924834251,8.61565494537,27.3477325439,60.3169822693,199.139541626,187.141067505,187.782684326,573.104064941,3241.33789062,5471.01464844,1479.13146973,3555.15405273,4971.43261719,5566.55566406,4720.76367188,5924.72070312,2542.34082031,690.045898438,1243.59118652,2765.63110352,3592.20019531,2517.16186523,393.92980957,431.610290527,448.5078125,1020.89019775,1068.89025879,495.464080811,130.956085205,40.2123603821,14.3820838928,2.92920017242,0.651466965675,0.0107440873981,0.00101696525235,0.0116781108081,0.0251113139093,0.0167350023985,0.00357543933205,0.00033805219573]},"erbbands_crest":{"dmean":2.27891421318,"dmean2":3.65766882896,"dvar":4.98718929291,"dvar2":11.5876741409,"max":31.715139389,"mean":7.73631191254,"median":6.58853626251,"min":2.1486017704,"var":16.1062870026},"erbbands_flatness_db":{"dmean":0.0158786159009,"dmean2":0.0236023962498,"dvar":0.000228548975429,"dvar2":0.000476160348626,"max":0.313057243824,"mean":0.121047221124,"median":0.117376461625,"min":0.023184960708,"var":0.00109764910303},"erbbands_kurtosis":{"dmean":0.777449369431,"dmean2":1.20865774155,"dvar":1.65422797203,"dvar2":3.69986534119,"max":34.1514434814,"mean":0.385951638222,"median":-0.117864251137,"min":-1.83782720566,"var":4.75449752808},"erbbands_skewness":{"dmean":0.315147310495,"dmean2":0.476919680834,"dvar":0.0913482010365,"dvar2":0.193750828505,"max":5.2674703598,"mean":0.0466588996351,"median":-0.000904029468074,"min":-4.07322120667,"var":0.533677697182},"erbbands_spread":{"dmean":7.34097290039,"dmean2":11.2780447006,"dvar":51.939453125,"dvar2":116.915603638,"max":136.880371094,"mean":38.2281837463,"median":35.4714813232,"min":2.38623404503,"var":265.782684326},"gfcc":{"cov":[[10768.2451172,-609.552185059,-1160.11108398,-221.352615356,85.9512329102,-118.439857483,376.748657227,-14.5272922516,354.060241699,24.4786243439,61.5988883972,57.1908721924,-26.8166751862],[-609.552185059,991.375976562,47.0285415649,-192.165390015,96.6607971191,-70.4048233032,61.9361457825,25.219707489,-33.1484909058,-14.2636928558,47.4691009521,-93.8428573608,84.0254211426],[-1160.11108398,47.0285415649,382.127593994,120.949943542,-53.2197608948,76.7412796021,-74.8359527588,43.9485054016,-45.9137306213,26.529706955,-3.35273075104,8.52136898041,-1.27197623253],[-221.352615356,-192.165390015,120.949943542,286.725097656,44.9526252747,-14.7911024094,-10.1795063019,-25.9411220551,-46.3813819885,-5.76753997803,-21.8616714478,24.3968448639,-24.8830280304],[85.9512329102,96.6607971191,-53.2197608948,44.9526252747,189.331665039,36.5162467957,51.0654182434,-24.8365268707,8.90517425537,-9.04561519623,30.2506103516,-1.30343902111,36.5824127197],[-118.439857483,-70.4048233032,76.7412796021,-14.7911024094,36.5162467957,231.074645996,-12.9014749527,27.656703949,-5.82973146439,10.4350509644,-9.87331199646,30.6755580902,-15.4234352112],[376.748657227,61.9361457825,-74.8359527588,-10.1795063019,51.0654182434,-12.9014749527,177.483459473,15.6332817078,56.7306861877,13.2812595367,23.227766037,-5.8477230072,22.890378952],[-14.5272922516,25.219707489,43.9485054016,-25.9411220551,-24.8365268707,27.656703949,15.6332817078,120.906433105,46.617061615,29.606218338,7.97761249542,-7.11319065094,13.0443716049],[354.060241699,-33.1484909058,-45.9137306213,-46.3813819885,8.90517425537,-5.82973146439,56.7306861877,46.617061615,163.309005737,59.4593009949,21.6560153961,12.8749265671,-1.82147717476],[24.4786243439,-14.2636928558,26.529706955,-5.76753997803,-9.04561519623,10.4350509644,13.2812595367,29.606218338,59.4593009949,84.4793319702,39.5000953674,4.91499090195,8.02606964111],[61.5988883972,47.4691009521,-3.35273075104,-21.8616714478,30.2506103516,-9.87331199646,23.227766037,7.97761249542,21.6560153961,39.5000953674,84.1245117188,31.190612793,22.7763538361],[57.1908721924,-93.8428573608,8.52136898041,24.3968448639,-1.30343902111,30.6755580902,-5.8477230072,-7.11319065094,12.8749265671,4.91499090195,31.190612793,74.4203948975,12.1097154617],[-26.8166751862,84.0254211426,-1.27197623253,-24.8830280304,36.5824127197,-15.4234352112,22.890378952,13.0443716049,-1.82147717476,8.02606964111,22.7763538361,12.1097154617,83.4580841064]],"icov":[[0.000161883246619,-0.00000247530488195,0.000663528684527,-0.000411745801102,0.000480406568386,-0.000372839887859,-0.0000251820110861,0.0000444980723842,-0.000418989715399,0.000356580829248,-0.000548339914531,0.000422234588768,-0.000292725831969],[-0.00000247530488195,0.00224232464097,-0.00205762777478,0.00324037042446,-0.00309246568941,0.00220775837079,-0.00103834620677,-0.000652058108244,0.00170845421962,-0.000625228742138,0.00081801408669,0.000187953497516,0.000673533591907],[0.000663528684527,-0.00205762777478,0.0102778784931,-0.0097841154784,0.0101305590943,-0.00817414280027,0.00317044835538,0.000834699021652,-0.00528507726267,0.00510730780661,-0.00934791564941,0.00838670227677,-0.00669917697087],[-0.000411745801102,0.00324037042446,-0.0097841154784,0.0180992484093,-0.0172114577144,0.0131582645699,-0.00467793829739,-0.00427240785211,0.0123314084485,-0.0138967083767,0.0187898762524,-0.0180987492204,0.0128831127658],[0.000480406568386,-0.00309246568941,0.0101305590943,-0.0172114577144,0.0256230998784,-0.0162836015224,0.00345346308313,0.00772860273719,-0.0145118702203,0.0182688646019,-0.0241209287196,0.0225425269455,-0.0168669763952],[-0.000372839887859,0.00220775837079,-0.00817414280027,0.0131582645699,-0.0162836015224,0.0166488159448,-0.00363457086496,-0.00614682585001,0.0115230092779,-0.0141774434596,0.0189120136201,-0.019410263747,0.0128981117159],[-0.0000251820110861,-0.00103834620677,0.00317044835538,-0.00467793829739,0.00345346308313,-0.00363457086496,0.00893611926585,0.000782469578553,-0.00567693216726,0.00480698561296,-0.00657180091366,0.00641474453732,-0.0047912504524],[0.0000444980723842,-0.000652058108244,0.000834699021652,-0.00427240785211,0.00772860273719,-0.00614682585001,0.000782469578553,0.0137033229694,-0.00778118241578,0.00530042126775,-0.00794753897935,0.0100258784369,-0.00743575301021],[-0.000418989715399,0.00170845421962,-0.00528507726267,0.0123314084485,-0.0145118702203,0.0115230092779,-0.00567693216726,-0.00778118241578,0.0214401166886,-0.020560644567,0.0190829858184,-0.0196342188865,0.0130913620815],[0.000356580829248,-0.000625228742138,0.00510730780661,-0.0138967083767,0.0182688646019,-0.0141774434596,0.00480698561296,0.00530042126775,-0.020560644567,0.0397892445326,-0.032638464123,0.027069631964,-0.0153919076547],[-0.000548339914531,0.00081801408669,-0.00934791564941,0.0187898762524,-0.0241209287196,0.0189120136201,-0.00657180091366,-0.00794753897935,0.0190829858184,-0.032638464123,0.0496224686503,-0.0378526635468,0.017077980563],[0.000422234588768,0.000187953497516,0.00838670227677,-0.0180987492204,0.0225425269455,-0.019410263747,0.00641474453732,0.0100258784369,-0.0196342188865,0.027069631964,-0.0378526635468,0.0492276065052,-0.0219609271735],[-0.000292725831969,0.000673533591907,-0.00669917697087,0.0128831127658,-0.0168669763952,0.0128981117159,-0.0047912504524,-0.00743575301021,0.0130913620815,-0.0153919076547,0.017077980563,-0.0219609271735,0.0274939276278]],"mean":[21.664484024,79.6553268433,-91.979019165,16.7731189728,-14.6929206848,-7.43087768555,4.18962001801,-13.6344976425,-1.05777275562,-7.88938617706,-5.99981737137,2.48414969444,-9.0682964325]},"hfc":{"dmean":33.4770736694,"dmean2":49.9148330688,"dvar":1658.17785645,"dvar2":3838.54248047,"max":940.65246582,"mean":152.58303833,"median":138.873352051,"min":3.36992109565e-12,"var":15818.6113281},"melbands":{"dmean":[0.00408347463235,0.00156202190556,0.000658420380205,0.000365392421372,0.000187889963854,0.000185509838047,0.000210907019209,0.000149100756971,0.0000882995736902,0.000102978563518,0.000116765317216,0.000101166697277,0.000082389000454,0.0000719882227713,0.0000520360554219,0.0000339763864758,0.0000225148414756,0.0000239279906964,0.0000259050266322,0.0000266839615506,0.0000200322810997,0.0000165931778611,0.00000787897442933,0.00000749812443246,0.0000069180864557,0.00000561943625144,0.00000495658969157,0.00000497572136737,0.00000421793129135,0.00000344918203155,0.00000231728336075,0.00000162877756793,0.00000126830479985,0.00000102569788396,7.79963386321e-7,4.86680903578e-7,2.89505550199e-7,1.93877511379e-7,9.27656174099e-8,2.44162272622e-8],"dmean2":[0.0067398021929,0.00259161507711,0.00106519286055,0.000589389004745,0.000305051653413,0.000292646960588,0.000329517555656,0.000238311578869,0.000140872696647,0.000161584888701,0.000188617545064,0.000163383359904,0.000133056368213,0.000116004695883,0.000084330822574,0.0000561568849662,0.0000376034877263,0.0000398179909098,0.000043105927034,0.0000437722483184,0.0000330805596604,0.0000270030832326,0.0000128792808027,0.0000123280387925,0.0000114406284411,0.0000091556175903,0.00000783796440373,0.00000780681148171,0.00000648750665277,0.0000052732552831,0.00000340353562933,0.00000239470546148,0.00000186181080153,0.00000145927651829,0.00000112480245207,7.01811586623e-7,4.10267432471e-7,2.77915063407e-7,1.37990724625e-7,4.14181080544e-8],"dvar":[0.0000573407342017,0.00000554002372155,0.00000119120250019,4.36389967717e-7,1.29683286332e-7,1.52778341089e-7,2.4524553055e-7,1.40287909289e-7,4.69719765306e-8,5.28373469422e-8,6.56630447793e-8,4.69269210157e-8,2.93384125882e-8,2.52339873441e-8,1.19230829654e-8,4.31400071221e-9,1.13116460643e-9,1.57636625975e-9,1.94462890235e-9,4.28603286196e-9,1.78275527674e-9,1.76916292727e-9,1.55356519316e-10,1.48214288065e-10,1.60012836314e-10,8.53425247138e-11,9.93532270344e-11,1.88361409803e-10,1.52301768419e-10,1.12703096855e-10,4.97468212457e-11,2.02498903062e-11,8.37644276858e-12,4.52044131294e-12,2.45378023456e-12,1.14573151314e-12,3.44076628083e-13,2.2223688818e-13,5.14480629323e-14,1.63179446745e-15],"dvar2":[0.000149435712956,0.0000147848195411,0.00000296547386824,0.00000106981110548,3.39140996175e-7,3.46896683823e-7,5.6454530295e-7,3.21956207472e-7,1.05241944937e-7,1.21702086631e-7,1.61605896665e-7,1.15316034055e-7,7.27080191609e-8,6.10347328234e-8,2.92357320575e-8,1.13032125881e-8,3.04694713904e-9,4.22696233571e-9,5.25669507923e-9,1.03674446805e-8,4.76320982656e-9,3.68652552929e-9,4.06411543308e-10,3.82326031945e-10,4.21140955442e-10,2.14172166113e-10,2.29791477513e-10,3.83253817571e-10,3.02970870614e-10,2.53943699402e-10,9.50063985816e-11,3.88230940451e-11,1.77988145056e-11,9.01686364463e-12,5.08138756766e-12,2.46265507986e-12,7.11833207396e-13,4.70254044038e-13,1.0644552595e-13,4.34306106364e-15],"max":[0.0823503807187,0.0325531251729,0.0188201330602,0.0140242613852,0.0114439930767,0.00792627967894,0.0123407589272,0.00923001766205,0.00558514567092,0.00587727129459,0.00596844963729,0.00463061453775,0.00447974773124,0.00563413463533,0.00402592960745,0.00199024798349,0.00059041811619,0.00107080489397,0.000996207236312,0.00292976852506,0.00121750414837,0.00234596966766,0.00034389848588,0.000333818024956,0.00035918969661,0.000237199448748,0.000426682003308,0.000789032375906,0.000593829143327,0.00034891164978,0.00029404257657,0.000206130338483,0.000103166239569,0.0000499728157592,0.0000377778706024,0.0000377120522899,0.0000150253381435,0.0000115618540804,0.00000543789428775,6.62082129566e-7],"mean":[0.00668039359152,0.00259843375534,0.00108321628068,0.000622514868155,0.000291657663183,0.000296130310744,0.000377681077225,0.00026750593679,0.000145187485032,0.000180394286872,0.000185092401807,0.000164910190506,0.000141817363328,0.000120577067719,0.0000920336751733,0.000059789075749,0.0000413530433434,0.0000446477679361,0.000047721714509,0.0000482577233925,0.0000391185858462,0.0000328177229676,0.0000165426899912,0.0000155741290655,0.0000136007784022,0.000012041267837,0.0000112946345325,0.0000110225782919,0.00000904897024157,0.00000696764755048,0.00000473210639029,0.00000331713226842,0.00000255430632023,0.00000207098923966,0.0000015834414171,9.87142925624e-7,5.88953071201e-7,3.67004986401e-7,1.53582647044e-7,2.3774443747e-8],"median":[0.00383314304054,0.00180903077126,0.000636325334199,0.000297244929243,0.000151255808305,0.000121538978419,0.0000984137004707,0.0000644136453047,0.0000520944777236,0.0000535577346454,0.0000691219174769,0.0000584855588386,0.0000550795630261,0.0000561544402444,0.0000450347215519,0.0000290349707939,0.0000243051035795,0.000026705340133,0.0000212255381484,0.0000173481621459,0.000018950251615,0.0000174655906449,0.00000986730901786,0.0000102165013232,0.00000868196912052,0.0000075206735346,0.00000646301305096,0.00000558824194741,0.0000042791280066,0.0000030541959859,0.00000228078442888,0.00000180815641215,0.00000139841063174,0.00000111956285309,8.20723755623e-7,5.22068546616e-7,3.05109097098e-7,1.72169990265e-7,7.09500511675e-8,9.43295574984e-9],"min":[8.80377114734e-20,1.07728668407e-19,1.45444239855e-19,2.00550146309e-19,2.78310862454e-19,3.68289087946e-19,4.73923567686e-19,5.85872175537e-19,6.91990142345e-19,7.82684964741e-19,8.40595362438e-19,8.51556849723e-19,8.05020288846e-19,6.99602892318e-19,5.46703674267e-19,3.68784827627e-19,2.0169610165e-19,7.88227578909e-20,2.08928810598e-20,2.08118254377e-20,4.71782268499e-20,6.49006684091e-20,6.63414360904e-20,8.01121062836e-20,1.34247031945e-19,2.03183695509e-19,2.24232275547e-19,2.09875043827e-19,2.67474925677e-19,3.69755601624e-19,2.75931658368e-19,7.87504054367e-20,3.51801439633e-19,8.59417908976e-19,6.21961962265e-19,1.18005095048e-19,6.05474494898e-20,2.13150330086e-19,5.52426161444e-19,2.64646640066e-19],"var":[0.0000780577829573,0.00000724758228898,0.00000197028816729,9.6439941899e-7,2.0016996416e-7,3.25443437532e-7,7.04569629306e-7,4.7028845529e-7,1.20769513501e-7,1.5814303822e-7,1.30690338551e-7,9.46643439192e-8,7.43629584576e-8,5.30086765593e-8,2.72765721121e-8,8.71838423677e-9,2.37661956781e-9,3.24048188283e-9,4.33050351134e-9,9.277935753e-9,4.32386748628e-9,4.59024418475e-9,3.89330179207e-10,3.54289181326e-10,3.04406944096e-10,2.30835406345e-10,2.93003621366e-10,5.37708488846e-10,4.9416459813e-10,3.08872372123e-10,1.38471276112e-10,5.39285248402e-11,2.0134926712e-11,1.10093505493e-11,5.91500242883e-12,2.31508041904e-12,7.77513903955e-13,4.19302044257e-13,9.23293288612e-14,1.6003193584e-15]},"melbands_crest":{"dmean":4.4426484108,"dmean2":7.20748758316,"dvar":16.3240642548,"dvar2":40.6124534607,"max":38.7418327332,"mean":19.0563869476,"median":18.0347042084,"min":2.60010910034,"var":52.7092514038},"melbands_flatness_db":{"dmean":0.0321565270424,"dmean2":0.0491590984166,"dvar":0.000936238036957,"dvar2":0.00216863350943,"max":0.549999475479,"mean":0.230719745159,"median":0.22196739912,"min":0.0293331798166,"var":0.00498576648533},"melbands_kurtosis":{"dmean":12.7764167786,"dmean2":20.6652164459,"dvar":788.207885742,"dvar2":2004.85070801,"max":701.971313477,"mean":21.8003578186,"median":9.83489227295,"min":-1.87533342838,"var":1281.09130859},"melbands_skewness":{"dmean":1.00765073299,"dmean2":1.58607602119,"dvar":1.58897233009,"dvar2":3.89691662788,"max":23.0430583954,"mean":3.4425508976,"median":2.90095567703,"min":-3.86449623108,"var":5.08178138733},"melbands_spread":{"dmean":6.55684661865,"dmean2":10.0673360825,"dvar":74.990814209,"dvar2":151.101470947,"max":178.242462158,"mean":20.5000019073,"median":17.3475036621,"min":0.410802930593,"var":295.491821289},"mfcc":{"cov":[[7372.26513672,-9.29804325104,-839.475402832,21.0672531128,-302.277526855,107.707206726,-233.730377197,178.076477051,-2.38784527779,256.021881104,-145.476608276,240.723968506,56.886516571],[-9.29804325104,1106.82763672,-68.0305633545,-64.9723358154,0.184011161327,-78.9498748779,116.970207214,-52.050491333,76.8032073975,-25.6075935364,80.0514984131,-46.4010391235,44.9972267151],[-839.475402832,-68.0305633545,401.500091553,8.47663593292,51.6294708252,-9.62669181824,11.1512031555,-5.56623935699,-10.3854961395,-16.0730228424,33.2435798645,-21.7878398895,-11.8027200699],[21.0672531128,-64.9723358154,8.47663593292,317.011444092,-2.54531168938,0.211310103536,17.2693023682,-16.774520874,-18.816110611,-6.14464664459,-14.1357603073,-23.8028297424,-12.3046350479],[-302.277526855,0.184011161327,51.6294708252,-2.54531168938,174.864837646,47.3043670654,29.9841022491,3.0468211174,-6.78195953369,-27.1012115479,-3.14322042465,-5.48785638809,4.05432033539],[107.707206726,-78.9498748779,-9.62669181824,0.211310103536,47.3043670654,168.412521362,26.8555603027,39.6661872864,-6.76973390579,-0.886167764664,-23.9664802551,26.6082172394,2.2596540451],[-233.730377197,116.970207214,11.1512031555,17.2693023682,29.9841022491,26.8555603027,145.106491089,3.23772859573,12.2715139389,-32.5158729553,3.88069438934,-28.297328949,11.242515564],[178.076477051,-52.050491333,-5.56623935699,-16.774520874,3.0468211174,39.6661872864,3.23772859573,102.95274353,12.4381542206,22.1709117889,-6.91292190552,16.263004303,-11.6219825745],[-2.38784527779,76.8032073975,-10.3854961395,-18.816110611,-6.78195953369,-6.76973390579,12.2715139389,12.4381542206,107.410057068,33.6496734619,32.0490570068,6.06613445282,14.9443969727],[256.021881104,-25.6075935364,-16.0730228424,-6.14464664459,-27.1012115479,-0.886167764664,-32.5158729553,22.1709117889,33.6496734619,93.2597961426,28.6924781799,32.5386543274,2.77293086052],[-145.476608276,80.0514984131,33.2435798645,-14.1357603073,-3.14322042465,-23.9664802551,3.88069438934,-6.91292190552,32.0490570068,28.6924781799,90.0212020874,19.2761440277,12.8203849792],[240.723968506,-46.4010391235,-21.7878398895,-23.8028297424,-5.48785638809,26.6082172394,-28.297328949,16.263004303,6.06613445282,32.5386543274,19.2761440277,94.5798721313,38.6199874878],[56.886516571,44.9972267151,-11.8027200699,-12.3046350479,4.05432033539,2.2596540451,11.242515564,-11.6219825745,14.9443969727,2.77293086052,12.8203849792,38.6199874878,77.6689300537]],"icov":[[0.00024004590523,-0.0000873453682289,0.000373823801056,-0.0000766580997151,0.000222080896492,-0.0000828164193081,0.00021632896096,-0.00026957935188,0.000154901586939,-0.000496408203617,0.000458396010799,-0.000339513993822,-0.0000803121511126],[-0.0000873453682289,0.00126817717683,0.000214589235839,0.00029495311901,-0.000107917505375,0.000425648031523,-0.000886799476575,0.000402989302529,-0.000532559177373,0.0004957402125,-0.00119314191397,0.000836264924146,-0.000543594767805],[0.000373823801056,0.000214589235839,0.00347278104164,-0.000116934235848,-0.000466894649435,0.0000834198945086,0.000265841052169,-0.000552076613531,0.000595938763581,-0.000284904468572,-0.00112387409899,0.000375424511731,-0.000093716342235],[-0.0000766580997151,0.00029495311901,-0.000116934235848,0.00339467241429,0.0000484326737933,-0.0000169829090737,-0.000748556223698,0.000775592168793,0.000413926347392,-0.000411804823671,0.0000592774413235,0.00087173137581,0.000119484109746],[0.000222080896492,-0.000107917505375,-0.000466894649435,0.0000484326737933,0.00707313371822,-0.00211196439341,-0.00027032813523,-0.000195503089344,0.000108681728307,0.00125144713093,-0.0000526916337549,0.000035865487007,-0.000536037550773],[-0.0000828164193081,0.000425648031523,0.0000834198945086,-0.0000169829090737,-0.00211196439341,0.00843014940619,-0.00234993360937,-0.00196720217355,0.0000291825435852,-0.000101113728306,0.00214859959669,-0.00323169422336,0.000985077233054],[0.00021632896096,-0.000886799476575,0.000265841052169,-0.000748556223698,-0.00027032813523,-0.00234993360937,0.0100999232382,-0.0017024166882,-0.000853992532939,0.00253278389573,-0.00111200462561,0.00339564750902,-0.00278809154406],[-0.00026957935188,0.000402989302529,-0.000552076613531,0.000775592168793,-0.000195503089344,-0.00196720217355,-0.0017024166882,0.0127454083413,-0.00173159025144,-0.00204293220304,0.00127116404474,-0.00205834535882,0.00344375218265],[0.000154901586939,-0.000532559177373,0.000595938763581,0.000413926347392,0.000108681728307,0.0000291825435852,-0.000853992532939,-0.00173159025144,0.012619940564,-0.00468740006909,-0.0025739998091,0.00203064549714,-0.00263650692068],[-0.000496408203617,0.0004957402125,-0.000284904468572,-0.000411804823671,0.00125144713093,-0.000101113728306,0.00253278389573,-0.00204293220304,-0.00468740006909,0.0181990172714,-0.00518332794309,-0.00313153117895,0.00189801608212],[0.000458396010799,-0.00119314191397,-0.00112387409899,0.0000592774413235,-0.0000526916337549,0.00214859959669,-0.00111200462561,0.00127116404474,-0.0025739998091,-0.00518332794309,0.017600858584,-0.0051237703301,0.000808301498182],[-0.000339513993822,0.000836264924146,0.000375424511731,0.00087173137581,0.000035865487007,-0.00323169422336,0.00339564750902,-0.00205834535882,0.00203064549714,-0.00313153117895,-0.0051237703301,0.0207034386694,-0.0104757482186],[-0.0000803121511126,-0.000543594767805,-0.000093716342235,0.000119484109746,-0.000536037550773,0.000985077233054,-0.00278809154406,0.00344375218265,-0.00263650692068,0.00189801608212,0.000808301498182,-0.0104757482186,0.0196868591011]],"mean":[-637.346862793,134.904418945,-13.9583759308,39.1554756165,-1.12244260311,24.1788825989,3.00373625755,15.7809810638,0.0473269857466,8.69477653503,-4.77030611038,6.70911026001,1.14726006985]},"pitch_salience":{"dmean":0.0818622857332,"dmean2":0.132082358003,"dvar":0.0055811968632,"dvar2":0.0135939223692,"max":0.994036614895,"mean":0.504604578018,"median":0.518887579441,"min":0.0735021680593,"var":0.0188783556223},"silence_rate_20dB":{"dmean":0,"dmean2":0,"dvar":0,"dvar2":0,"max":1,"mean":1,"median":1,"min":1,"var":0},"silence_rate_30dB":{"dmean":0.0626723468304,"dmean2":0.125355169177,"dvar":0.0587402358651,"dvar2":0.13070833683,"max":1,"mean":0.926387012005,"median":1,"min":0,"var":0.068201392889},"silence_rate_60dB":{"dmean":0.00568229286,"dmean2":0.011365535669,"dvar":0.00564851099625,"dvar2":0.0122371930629,"max":1,"mean":0.0274064168334,"median":0,"min":0,"var":0.0266525764018},"spectral_centroid":{"dmean":251.183761597,"dmean2":363.946960449,"dvar":71430.5625,"dvar2":127300.210938,"max":4403.06103516,"mean":1438.10144043,"median":1389.79150391,"min":185.632965088,"var":419542.46875},"spectral_complexity":{"dmean":3.92061495781,"dmean2":5.96573638916,"dvar":15.0507297516,"dvar2":29.5596237183,"max":64,"mean":24.5536422729,"median":23,"min":0,"var":187.774246216},"spectral_contrast_coeffs":{"dmean":[0.0501500442624,0.0499347187579,0.0379451848567,0.0275505892932,0.0199390370399,0.0300900600851],"dmean2":[0.0823637247086,0.0830528959632,0.0627399459481,0.0460803434253,0.0329676009715,0.0472056381404],"dvar":[0.00160997442435,0.00152314256411,0.000910432718229,0.000485253112856,0.000275115802651,0.000742444186471],"dvar2":[0.0042420309037,0.00415020342916,0.00245320936665,0.00129625678528,0.000706716964487,0.00181306386366],"max":[-0.366504848003,-0.470344692469,-0.499665796757,-0.610947430134,-0.644791901112,-0.444108664989],"mean":[-0.709768593311,-0.768185436726,-0.798637986183,-0.812059640884,-0.809324860573,-0.70558989048],"median":[-0.718650341034,-0.778827428818,-0.807655990124,-0.814595103264,-0.80943018198,-0.698580861092],"min":[-0.930527746677,-0.996087670326,-0.988514721394,-0.974391579628,-0.956852078438,-0.930012702942],"var":[0.0060039171949,0.00520258909091,0.00365009880625,0.00160589697771,0.00117226864677,0.00334148155525]},"spectral_contrast_valleys":{"dmean":[0.360199660063,0.379965960979,0.323038816452,0.285360425711,0.236123293638,0.414254069328],"dmean2":[0.592721879482,0.619953989983,0.514592945576,0.442356318235,0.345690518618,0.620868504047],"dvar":[0.0962555035949,0.105222791433,0.0859341323376,0.0848319977522,0.0768387839198,0.160884872079],"dvar2":[0.233574643731,0.249114736915,0.181774392724,0.165646329522,0.139768719673,0.381153255701],"max":[-4.96131563187,-4.50433826447,-5.08410787582,-5.43716144562,-5.15135192871,-8.83911514282],"mean":[-6.61873960495,-6.64962768555,-6.86956834793,-7.22270107269,-7.23254871368,-10.6877880096],"median":[-6.43915462494,-6.4975361824,-6.69450235367,-7.04917144775,-7.03134965897,-10.4825363159],"min":[-23.2553539276,-21.7181339264,-21.9039936066,-24.1906280518,-22.5237045288,-23.6731777191],"var":[0.894429266453,1.01651585102,1.18722319603,1.2853372097,1.25090122223,0.961858332157]},"spectral_decrease":{"dmean":4.54921744719e-9,"dmean2":7.28800841898e-9,"dvar":4.78299255933e-17,"dvar2":1.17174977738e-16,"max":3.13241899086e-9,"mean":-1.03378940963e-8,"median":-8.25122903336e-9,"min":-7.99426302933e-8,"var":8.36827325206e-17},"spectral_energy":{"dmean":0.0172402746975,"dmean2":0.0276292730123,"dvar":0.000653729017358,"dvar2":0.00161256280262,"max":0.311646848917,"mean":0.0528572611511,"median":0.0490976125002,"min":3.0565866822e-16,"var":0.00144344754517},"spectral_energyband_high":{"dmean":0.00035866672988,"dmean2":0.000476335728308,"dvar":5.59707189041e-7,"dvar2":8.93920059752e-7,"max":0.0279517509043,"mean":0.00122654112056,"median":0.000762655050494,"min":2.16460249053e-16,"var":0.00000290207867693},"spectral_energyband_low":{"dmean":0.0150071531534,"dmean2":0.0245236083865,"dvar":0.000632246257737,"dvar2":0.00160632526968,"max":0.278272658587,"mean":0.0282315649092,"median":0.0201558247209,"min":7.27740319733e-19,"var":0.00093191099586},"spectral_energyband_middle_high":{"dmean":0.00200210791081,"dmean2":0.0031254873611,"dvar":0.00000826269297249,"dvar2":0.0000199787646125,"max":0.0567805022001,"mean":0.00686386134475,"median":0.00431387452409,"min":3.45504772272e-17,"var":0.0000486404933326},"spectral_energyband_middle_low":{"dmean":0.0040405197069,"dmean2":0.00632026558742,"dvar":0.0000313056116283,"dvar2":0.0000737692389521,"max":0.0801848471165,"mean":0.0103412531316,"median":0.0073648924008,"min":1.6005794306e-17,"var":0.0000947548323893},"spectral_entropy":{"dmean":0.128797262907,"dmean2":0.184430241585,"dvar":0.0212262552232,"dvar2":0.0406820736825,"max":9.20865249634,"mean":7.73365259171,"median":7.80325222015,"min":6.02543783188,"var":0.106349252164},"spectral_flux":{"dmean":0.0299598481506,"dmean2":0.0489908233285,"dvar":0.0013549614232,"dvar2":0.00336544704624,"max":0.494387626648,"mean":0.114407673478,"median":0.109224155545,"min":0.0000163631830219,"var":0.00346050946973},"spectral_kurtosis":{"dmean":1.86277282238,"dmean2":2.81458950043,"dvar":9.05180644989,"dvar2":21.412229538,"max":75.4353866577,"mean":10.4751186371,"median":10.3029270172,"min":1.62848901749,"var":25.6202526093},"spectral_rms":{"dmean":0.00108333863318,"dmean2":0.00169440521859,"dvar":0.00000168753672369,"dvar2":0.00000388274793295,"max":0.0174369066954,"mean":0.00667488807812,"median":0.00692099053413,"min":5.46080181074e-10,"var":0.00000701407861925},"spectral_rolloff":{"dmean":3980.1484375,"dmean2":7418.59912109,"dvar":47296312,"dvar2":109386552,"max":22050,"mean":8046.52539062,"median":2454.78515625,"min":43.06640625,"var":84423312},"spectral_skewness":{"dmean":0.202407345176,"dmean2":0.300429493189,"dvar":0.0676557719707,"dvar2":0.144773513079,"max":6.75495433807,"mean":2.02917313576,"median":2.02649211884,"min":0.498965501785,"var":0.305687248707},"spectral_spread":{"dmean":397155.9375,"dmean2":583086.625,"dvar":196369448960,"dvar2":382988845056,"max":22659174,"mean":4259240.5,"median":4113566,"min":1166899.625,"var":898867331072},"spectral_strongpeak":{"dmean":2.77910900116,"dmean2":5.21720504761,"dvar":188.164215088,"dvar2":507.954193115,"max":178.586196899,"mean":2.78666782379,"median":0.257771253586,"min":0,"var":213.463363647},"zerocrossingrate":{"dmean":0.0347775630653,"dmean2":0.0418008081615,"dvar":0.0011254621204,"dvar2":0.00165312178433,"max":0.6884765625,"mean":0.204071447253,"median":0.2060546875,"min":0.00634765625,"var":0.0113979345188}},"metadata":{"audio_properties":{"analysis_sample_rate":44100,"bit_rate":231098,"codec":"mp3","downmix":"mix","equal_loudness":0,"length":277.865570068,"lossless":false,"md5_encoded":"4d823450983d680745482fe8ae6258ee","replay_gain":-11.1695022583,"sample_rate":44100},"tags":{"album":["Audioslave"],"albumartist":["Audioslave"],"albumartistsort":["Audioslave"],"artist":["Audioslave"],"artistsort":["Audioslave"],"asin":["B00006RU5B"],"composer":["Audioslave"],"date":["2002-11-20"],"file_name":"02 - Show Me How to Live.mp3","genre":["Rock And Indie","Rock","Hard Rock"],"lyricist":["Chris Cornell"],"musicbrainz album release country":["JP"],"musicbrainz album status":["official"],"musicbrainz album type":["album"],"musicbrainz_albumartistid":["020bfbb4-05c3-4c86-b372-17825c262094"],"musicbrainz_albumid":["07fc4a1d-ae17-484f-a23b-10a6c8fc0b1d"],"musicbrainz_artistid":["020bfbb4-05c3-4c86-b372-17825c262094"],"musicbrainz_recordingid":["ab12c87b-55f9-4949-9e63-ef9ae10bbc39"],"musicip_puid":["220021c5-c3b2-e4c3-edfa-2d21be066c3f"],"performer:bass":["Tim Commerford"],"performer:drums":["Brad Wilk"],"performer:guitars":["Tom Morello"],"performer:lead vocal":["Chris Cornell"],"replaygain_album_gain":["-9.88 dB","replaygain_album_gain","-9.88 dB"],"replaygain_album_peak":["1.199079","replaygain_album_peak","1.199079"],"replaygain_track_gain":["-10.47 dB","replaygain_track_gain","-10.47 dB"],"replaygain_track_peak":["1.136842","replaygain_track_peak","1.136842"],"title":["Show Me How to Live"],"tracknumber":["2/14"]},"version":{"essentia":"2.1-beta1","essentia_build_sha":"ca57ba49d9b1854bd80e60cf9ccf267278fb7d6b","essentia_git_sha":"v2.1_beta1-28-g21ef5f4-dirty","extractor":"music 1.0"}},"rhythm":{"beats_count":432,"beats_loudness":{"dmean":0.0323424525559,"dmean2":0.0574564151466,"dvar":0.000802006514277,"dvar2":0.00251581170596,"max":0.215209797025,"mean":0.0711293891072,"median":0.0676083192229,"min":2.25158256484e-8,"var":0.00134641805198},"beats_loudness_band_ratio":{"dmean":[0.267414957285,0.1116675