{"lowlevel":{"average_loudness":0.951836049557,"barkbands":{"dmean":[0.000190259786905,0.00352981430478,0.0022466077935,0.00112111854833,0.000931275077164,0.000870963500347,0.000445933372248,0.000495785672683,0.000470553932246,0.000308618851705,0.000290824857075,0.000475371867651,0.00035809687688,0.000491047801916,0.000596970436163,0.000702634395566,0.000561609340366,0.000324784719851,0.000262403278612,0.000185065640835,0.0000820740606287,0.0000420646829298,0.0000282411674561,0.0000160607596627,0.00000965747403825,0.00000375464583158,0.00000130458965941],"dmean2":[0.000320545805153,0.00622174562886,0.00392659055069,0.00188513973262,0.0015724429395,0.00145328452345,0.000779647205491,0.000800677691586,0.000728252052795,0.00047973843175,0.000448846316431,0.000761781295296,0.000590476847719,0.000802633992862,0.000978851923719,0.00113390921615,0.000911487615667,0.000524799223058,0.000429938809248,0.000305089517497,0.000133255147375,0.0000653895986034,0.0000448768041679,0.0000250396751653,0.0000145052408698,0.00000548606749362,0.00000203572426472],"dvar":[2.1811436568e-7,0.0000667593631078,0.0000262533922069,0.00000368406904272,0.00000168281849255,0.000002801472192,0.00000118398452287,0.00000121004484299,0.000001471890414,6.44519559501e-7,5.85575378409e-7,0.00000124120583678,4.36249194991e-7,6.445657732e-7,0.00000118381592529,0.00000191356025425,0.000001497617518,2.74097573083e-7,1.32288221266e-7,7.01270295167e-8,1.2588753151e-8,2.6256667951e-9,1.60200153143e-9,6.37428221317e-10,2.80144019094e-10,9.15179737548e-11,1.04576555748e-11],"dvar2":[5.9902583871e-7,0.000193636296899,0.0000755190194468,0.00000951009042183,0.00000453083202956,0.00000758545729695,0.00000333733419211,0.00000301003183267,0.00000314719545713,0.00000126329007344,0.00000105992182853,0.00000308641688207,0.00000108085760075,0.00000166707354765,0.00000296859138871,0.00000476455261378,0.00000403993090003,6.7660687364e-7,3.17499768698e-7,1.78733742473e-7,3.1816160373e-8,5.86445025874e-9,3.77264308682e-9,1.33346123032e-9,5.52595247338e-10,1.46271342261e-10,2.54855702514e-11],"max":[0.00814077723771,0.0679286122322,0.0463752895594,0.0209774076939,0.0148960845545,0.0229806751013,0.0149615239352,0.0246235653758,0.0361561737955,0.029002411291,0.0232158750296,0.0260812193155,0.0171538125724,0.0106596155092,0.019242098555,0.030588708818,0.0281110666692,0.00995524134487,0.0106159942225,0.00574703281745,0.00217513786629,0.000855049642269,0.000587476301007,0.000862930726726,0.000522022601217,0.000406676845159,0.0000573986835661],"mean":[0.000259599444689,0.00494166137651,0.00311687984504,0.00135608401615,0.00160218740348,0.00122639210895,0.000573743833229,0.000820934597868,0.000862955348566,0.000560370739549,0.000507229415234,0.000865616078954,0.000683128950186,0.000949613051489,0.00112057605293,0.00145340897143,0.00120637193322,0.000785889162216,0.000662475125864,0.000474327651318,0.000231317142607,0.00012369560136,0.0000816655810922,0.000055189273553,0.000032003990782,0.0000096706999102,0.00000225752364713],"median":[0.0000813779843156,0.00187598052435,0.00102044874802,0.000586822279729,0.00109801162034,0.000737581925932,0.000322129519191,0.000357412354788,0.000364234641893,0.000222891918384,0.000216008222196,0.000371044152416,0.000330487266183,0.000406245730119,0.000644990243018,0.000905485125259,0.000694706395734,0.000415971851908,0.000463358592242,0.000321280473145,0.000177907655598,0.000102581980173,0.000060621456214,0.0000440549301857,0.0000233784667216,0.00000449506705991,9.20007494187e-7],"min":[9.04392186141e-12,1.4511222779e-10,2.37801549285e-11,9.83735592985e-11,7.6604875221e-11,4.33866519101e-11,1.17879187314e-11,8.88297074786e-12,1.79425467539e-11,3.45380256513e-12,9.46079065783e-12,1.03296399212e-11,8.25505983015e-12,6.07014265241e-12,8.01504175529e-12,2.30506638083e-11,1.48223360669e-11,1.9417096403e-11,2.48992857582e-11,1.92404512461e-11,3.30879663946e-11,3.43155434623e-11,3.87638324217e-11,5.26573368242e-11,7.54923346058e-11,9.52211434702e-11,1.63115493335e-10],"var":[2.14216811401e-7,0.0000582821157877,0.0000240465415118,0.00000401109628001,0.00000258335398939,0.00000278479319604,9.34247282203e-7,0.00000215461386688,0.00000342812222698,0.00000190120795196,0.00000161674893207,0.0000027460828278,9.32863315484e-7,0.00000164422897342,0.0000022351912321,0.00000394120706915,0.00000250281641456,8.63024695263e-7,4.68739330017e-7,2.23717009362e-7,4.13568770341e-8,9.35348243303e-9,5.33678479187e-9,2.64389332649e-9,1.17168397207e-9,3.08226361101e-10,1.55740021573e-11]},"barkbands_crest":{"dmean":2.02983665466,"dmean2":3.3419148922,"dvar":4.95723104477,"dvar2":13.8758411407,"max":23.1705322266,"mean":7.50130081177,"median":6.5994591713,"min":2.31362056732,"var":13.2006816864},"barkbands_flatness_db":{"dmean":0.0142555814236,"dmean2":0.0231121312827,"dvar":0.000315081095323,"dvar2":0.000825052266009,"max":0.512838661671,"mean":0.103475421667,"median":0.0888712629676,"min":0.0212809089571,"var":0.00372342043556},"barkbands_kurtosis":{"dmean":1.24626135826,"dmean2":2.05858135223,"dvar":8.29640102386,"dvar2":20.8506584167,"max":75.0138397217,"mean":0.978958666325,"median":-0.665498495102,"min":-1.81203305721,"var":29.6836128235},"barkbands_skewness":{"dmean":0.433569908142,"dmean2":0.691763699055,"dvar":0.274801790714,"dvar2":0.707123577595,"max":7.67742300034,"mean":0.720963835716,"median":0.487274467945,"min":-2.2652182579,"var":1.1169500351},"barkbands_spread":{"dmean":4.48511838913,"dmean2":7.10402774811,"dvar":23.6355743408,"dvar2":60.1908721924,"max":100.030662537,"mean":30.3019886017,"median":30.9480819702,"min":0.469608545303,"var":151.149871826},"dissonance":{"dmean":0.00900142081082,"dmean2":0.015012585558,"dvar":0.0000889192670002,"dvar2":0.000229034645599,"max":0.500000059605,"mean":0.479577362537,"median":0.487290024757,"min":0.243621975183,"var":0.000737817841582},"dynamic_complexity":3.79534387589,"erbbands":{"dmean":[0.0859797522426,0.879167795181,2.49945473671,3.3078584671,3.09443068504,3.28241252899,6.02764368057,6.85458946228,6.74157476425,6.31539487839,12.8839883804,9.62078857422,8.23017692566,12.1874504089,8.22210693359,19.7056274414,15.4352998734,23.0000572205,25.5045814514,30.2601795197,35.2244110107,29.5815677643,18.4032440186,14.6218137741,10.7436113358,8.80862998962,4.35788631439,3.00947976112,1.59730124474,1.23237133026,0.684318184853,0.413183242083,0.246925026178,0.138045370579,0.0550577640533,0.0209572426975,0.0065176859498,0.00163661432452,0.000222738759476,0.0000159389237524],"dmean2":[0.143083259463,1.57348024845,4.41096830368,5.66606426239,5.14208745956,5.49397659302,10.012055397,11.5908164978,11.9934988022,10.5807876587,20.7372188568,14.9881439209,12.6755218506,18.6336650848,13.1544008255,31.455286026,25.2911720276,37.0469207764,41.6322364807,48.7946777344,56.5939598083,48.1952323914,29.7243175507,23.7722892761,17.6175079346,14.6533651352,7.16859531403,4.89113616943,2.50794243813,1.90979266167,1.10276865959,0.650796830654,0.382412642241,0.211320474744,0.0836999192834,0.0310405995697,0.00967117771506,0.00246534962207,0.000346866436303,0.0000250369430432],"dvar":[0.0298724900931,4.51881980896,34.3303413391,39.0573539734,30.9561233521,22.0132827759,78.2702026367,241.143447876,358.356842041,173.003753662,861.807006836,873.052307129,487.441070557,1132.98754883,188.066604614,2444.31689453,690.779602051,1569.35559082,1654.21179199,2945.22583008,6105.15429688,3627.73242188,863.758483887,457.028717041,269.204406738,153.374832153,40.3198356628,15.1052885056,3.84252858162,2.96905875206,0.992495059967,0.423188954592,0.152352750301,0.0552143789828,0.0127000696957,0.00296682771295,0.000250453740591,0.0000158262992045,3.04892296299e-7,8.18643541844e-10],"dvar2":[0.085364215076,13.0817918777,98.4412689209,107.316078186,80.9316482544,60.0082435608,211.555923462,661.657348633,1024.52600098,437.384185791,2202.85375977,2030.88989258,898.75769043,2223.484375,431.672454834,6190.66601562,1738.7713623,4006.33105469,4095.58374023,7276.50341797,15590.2226562,9797.22265625,2168.52856445,1115.8359375,686.86114502,394.174438477,101.55443573,37.2462844849,9.00951290131,6.67415523529,2.33259773254,0.928491592407,0.321578651667,0.115768410265,0.0261202901602,0.00455732317641,0.000464166747406,0.0000341357299476,7.51012692035e-7,2.05139039089e-9],"max":[1.63707923889,17.6215209961,54.4296875,56.6771507263,58.0316619873,70.609992981,105.508750916,185.886550903,281.570892334,408.274963379,676.618774414,978.668701172,1103.06005859,1155.65246582,356.221557617,1092.73852539,659.946716309,632.710327148,736.356018066,1177.68579102,2024.47741699,1688.94543457,565.614807129,716.470336914,374.8956604,252.832015991,133.866897583,59.0842628479,38.3312721252,26.6639003754,12.473449707,16.7259216309,14.7975645065,6.74712228775,3.46570825577,2.75993323326,0.468649893999,0.0846688970923,0.0114468671381,0.000793528044596],"mean":[0.149651870131,1.08501064777,3.47838926315,4.33355236053,4.23939800262,5.6118683815,9.47001647949,8.96401691437,8.06765460968,10.0809192657,22.8620834351,17.9739971161,16.6944255829,24.2400093079,17.1757698059,37.0599784851,33.4491882324,49.0114898682,52.8562507629,65.7449798584,77.8341064453,68.3706283569,46.8208274841,37.8822174072,28.1493740082,22.6703033447,11.8375043869,8.45327568054,4.80158615112,3.36945009232,2.06170463562,1.29449689388,0.819638371468,0.437912911177,0.17772129178,0.0575181022286,0.0152879860252,0.00318864383735,0.00040771838394,0.0000479494228784],"median":[0.0643367618322,0.37579908967,1.09172284603,2.17160105705,2.30581474304,3.51260232925,6.05875110626,4.78475999832,4.18541574478,6.24837875366,9.55881118774,8.0345659256,8.19135475159,8.85816001892,10.4043645859,15.2147941589,18.013256073,19.8379230499,32.653011322,40.3782958984,49.4778785706,42.1778717041,26.4507446289,26.1247596741,18.6044235229,15.7425880432,8.42702770233,7.09204530716,4.06955003738,2.50038266182,1.5811470747,1.01196956635,0.659426212311,0.336476653814,0.117201529443,0.0302393939346,0.00677360873669,0.0014002273092,0.000175475768629,0.0000425232465204],"min":[3.17543924488e-9,2.58812704601e-8,3.41873729326e-8,1.60506047564e-7,4.33368882113e-7,1.88740230556e-7,0.00000100288400517,1.81155883183e-7,1.51736088583e-7,2.5094922762e-7,2.26464422326e-7,5.1470112794e-7,2.66149385197e-7,4.02246712383e-7,3.84845094459e-7,5.20260527992e-7,4.81501956529e-7,3.8521821466e-7,2.7114816703e-7,8.53546794133e-7,0.00000112757811621,9.84889538813e-7,0.0000014215736428,0.00000164842094819,7.78214371167e-7,6.65451409532e-7,9.95165464701e-7,0.00000134030460686,0.00000105959031771,0.00000118081936762,0.0000010830200381,9.34099887218e-7,9.1292866955e-7,8.28779093354e-7,5.05422462993e-7,2.83105748622e-7,1.88280111502e-7,8.23275172479e-8,1.82609216637e-8,2.81502976485e-9],"var":[0.0401691310108,3.48091292381,30.4508018494,39.1922035217,33.1465110779,39.7023010254,115.354766846,209.51008606,250.975280762,231.461593628,1723.54418945,1875.16760254,1802.97180176,3777.32666016,491.53994751,5543.98291016,1741.97998047,4402.09912109,3969.40234375,6590.54199219,11012.7255859,6576.88818359,2740.58935547,1569.04187012,904.24029541,476.575592041,126.878509521,46.6326904297,13.7357950211,9.29999732971,3.1818292141,1.4955586195,0.582533895969,0.199275448918,0.0482848286629,0.0101952226833,0.000739796145353,0.00003228310743,4.64371169073e-7,1.4367721457e-9]},"erbbands_crest":{"dmean":1.91014862061,"dmean2":3.11210155487,"dvar":4.0369977951,"dvar2":10.0340776443,"max":29.1404857635,"mean":7.55148172379,"median":6.51894235611,"min":2.16421699524,"var":12.7460546494},"erbbands_flatness_db":{"dmean":0.0115367937833,"dmean2":0.0172858182341,"dvar":0.000119191659905,"dvar2":0.000245170638664,"max":0.397193968296,"mean":0.159102529287,"median":0.151699244976,"min":0.0329195596278,"var":0.00240189349279},"erbbands_kurtosis":{"dmean":0.80059325695,"dmean2":1.27970027924,"dvar":1.2149361372,"dvar2":3.07595539093,"max":18.9658298492,"mean":0.676424324512,"median":0.301545381546,"min":-1.58436620235,"var":3.02948689461},"erbbands_skewness":{"dmean":0.248780444264,"dmean2":0.3915797472,"dvar":0.0590383000672,"dvar2":0.139478951693,"max":3.72048306465,"mean":-0.446464061737,"median":-0.52271604538,"min":-3.61086440086,"var":0.467153906822},"erbbands_spread":{"dmean":6.01230239868,"dmean2":9.62980461121,"dvar":40.9197883606,"dvar2":103.384010315,"max":113.997451782,"mean":31.6727352142,"median":28.6840686798,"min":3.9085714817,"var":211.988754272},"gfcc":{"cov":[[16637.0019531,-1885.70849609,-1622.45092773,1134.58410645,-401.324737549,822.939758301,-416.518035889,603.10369873,24.2199382782,296.172332764,-147.56803894,271.682006836,-173.465362549],[-1885.70849609,1627.96972656,47.8847541809,-106.092529297,278.795288086,-227.895492554,281.236053467,-175.042068481,55.5979042053,-117.053070068,95.9761352539,-177.659011841,86.6963272095],[-1622.45092773,47.8847541809,812.013977051,45.162563324,120.742347717,50.0500106812,10.4950037003,30.7918987274,14.1097049713,6.77431344986,-7.54339122772,36.7837028503,-18.6547756195],[1134.58410645,-106.092529297,45.162563324,419.380187988,84.134513855,136.039398193,-5.73623609543,101.095825195,37.4745330811,21.1176948547,11.3770427704,19.3811359406,11.6004371643],[-401.324737549,278.795288086,120.742347717,84.134513855,268.292419434,49.0326004028,100.972229004,37.3355636597,30.5797100067,-4.83607149124,3.7606151104,-19.5080223083,11.0236721039],[822.939758301,-227.895492554,50.0500106812,136.039398193,49.0326004028,238.30770874,30.3716049194,99.0333633423,3.87705397606,45.9741897583,3.7149977684,36.8709754944,-11.2807664871],[-416.518035889,281.236053467,10.4950037003,-5.73623609543,100.972229004,30.3716049194,144.563522339,4.90044689178,11.0352344513,-11.9538488388,27.9442176819,-34.987361908,15.653550148],[603.10369873,-175.042068481,30.7918987274,101.095825195,37.3355636597,99.0333633423,4.90044689178,144.096191406,40.5011253357,33.7585144043,-12.9067182541,32.5788345337,-4.39053630829],[24.2199382782,55.5979042053,14.1097049713,37.4745330811,30.5797100067,3.87705397606,11.0352344513,40.5011253357,80.4931411743,15.8928575516,2.7011525631,-0.373454362154,10.2621040344],[296.172332764,-117.053070068,6.77431344986,21.1176948547,-4.83607149124,45.9741897583,-11.9538488388,33.7585144043,15.8928575516,67.8419265747,19.5157794952,15.2713012695,-10.6991138458],[-147.56803894,95.9761352539,-7.54339122772,11.3770427704,3.7606151104,3.7149977684,27.9442176819,-12.9067182541,2.7011525631,19.5157794952,65.567199707,7.89562320709,13.8474569321],[271.682006836,-177.659011841,36.7837028503,19.3811359406,-19.5080223083,36.8709754944,-34.987361908,32.5788345337,-0.373454362154,15.2713012695,7.89562320709,73.5525360107,12.767531395],[-173.465362549,86.6963272095,-18.6547756195,11.6004371643,11.0236721039,-11.2807664871,15.653550148,-4.39053630829,10.2621040344,-10.6991138458,13.8474569321,12.767531395,56.079334259]],"icov":[[0.000247603747994,-0.00045254334691,0.000634297379293,-0.000642856874038,0.000518772809301,-0.000615372846369,0.000454529596027,-0.000394916482037,0.000380924175261,-0.000950760673732,0.00133264879696,-0.0014667668147,0.00117970141582],[-0.00045254334691,0.00336696323939,-0.00142950634472,0.00143150496297,-0.00256972806528,0.00243992521428,-0.00275206565857,0.00189315818716,-0.00241096317768,0.00433796085417,-0.00589151494205,0.00654339371249,-0.00423043686897],[0.000634297379293,-0.00142950634472,0.00307462457567,-0.0016805389896,0.000716965820175,-0.00177499395795,0.00142156926449,-0.000836344319396,0.000898447236978,-0.00257804710418,0.00395020702854,-0.00537263927981,0.00417361827567],[-0.000642856874038,0.00143150496297,-0.0016805389896,0.00554446782917,-0.00278859562241,-0.000484195770696,0.00159402913414,-0.000815477746073,-0.00190579937771,0.00469461688772,-0.00646758638322,0.00633682170883,-0.00456678541377],[0.000518772809301,-0.00256972806528,0.000716965820175,-0.00278859562241,0.008445603773,-0.00181382580195,-0.00266945688054,-0.00161292997655,0.000950536690652,-0.00415552640334,0.00706058181822,-0.00566224893555,0.00356544321403],[-0.000615372846369,0.00243992521428,-0.00177499395795,-0.000484195770696,-0.00181382580195,0.0109377726912,-0.00646354444325,-0.00136317498982,0.00133291771635,-0.00102761376183,-0.00261083408259,0.00160704110749,-0.00207273266278],[0.000454529596027,-0.00275206565857,0.00142156926449,0.00159402913414,-0.00266945688054,-0.00646354444325,0.01895570755,-0.00455432571471,0.00150333356578,0.00248600612395,-0.00477984314784,0.00414544716477,-0.000183803349501],[-0.000394916482037,0.00189315818716,-0.000836344319396,-0.000815477746073,-0.00161292997655,-0.00136317498982,-0.00455432571471,0.0163290947676,-0.00728341611102,-0.00151581317186,0.00291684898548,-0.00237525999546,-0.000801149522886],[0.000380924175261,-0.00241096317768,0.000898447236978,-0.00190579937771,0.000950536690652,0.00133291771635,0.00150333356578,-0.00728341611102,0.0192117542028,-0.00771458260715,0.00458837440237,-0.00228789984249,-0.000909499824047],[-0.000950760673732,0.00433796085417,-0.00257804710418,0.00469461688772,-0.00415552640334,-0.00102761376183,0.00248600612395,-0.00151581317186,-0.00771458260715,0.0317871235311,-0.0208125412464,0.0111834518611,-0.00160910200793],[0.00133264879696,-0.00589151494205,0.00395020702854,-0.00646758638322,0.00706058181822,-0.00261083408259,-0.00477984314784,0.00291684898548,0.00458837440237,-0.0208125412464,0.0380193181336,-0.0205902159214,0.00602099997923],[-0.0014667668147,0.00654339371249,-0.00537263927981,0.00633682170883,-0.00566224893555,0.00160704110749,0.00414544716477,-0.00237525999546,-0.00228789984249,0.0111834518611,-0.0205902159214,0.0397388786077,-0.0190683864057],[0.00117970141582,-0.00423043686897,0.00417361827567,-0.00456678541377,0.00356544321403,-0.00207273266278,-0.000183803349501,-0.000801149522886,-0.000909499824047,-0.00160910200793,0.00602099997923,-0.0190683864057,0.0319388024509]],"mean":[0.491288870573,87.3936920166,-138.032592773,41.931968689,-43.4287071228,9.1754322052,-36.9732971191,6.66381120682,-19.0878696442,0.822663247585,-13.9387350082,-3.25762343407,-7.27824449539]},"hfc":{"dmean":4.8274846077,"dmean2":7.346783638,"dvar":33.7496070862,"dvar2":76.5220947266,"max":92.4957885742,"mean":25.3932590485,"median":22.9798088074,"min":0.00000728384657123,"var":273.921722412},"melbands":{"dmean":[0.000864825327881,0.00126669858582,0.000552096171305,0.000209687743336,0.000189516926184,0.000156928465003,0.000099057382613,0.0000704144331394,0.000110089291411,0.0000597971702518,0.0000422942357545,0.0000500144560647,0.0000319765567838,0.0000396304058086,0.0000577097234782,0.0000355698284693,0.0000461227537016,0.0000422313532908,0.0000502676157339,0.0000508794400957,0.0000434114335803,0.0000360176381946,0.0000232407819567,0.000015409594198,0.0000134089232233,0.00000979984633886,0.00000769377220422,0.00000664778326609,0.00000354156782123,0.00000208669393942,0.00000186632087207,0.00000106776587927,7.56681572511e-7,7.79451283961e-7,4.64019080937e-7,3.07320675574e-7,2.84997099698e-7,2.00639789227e-7,1.57604560513e-7,1.20759423794e-7],"dmean2":[0.00149275828153,0.00224724854343,0.000936007418204,0.000354383402737,0.000313140568323,0.000264845904894,0.00017560760898,0.000116745701234,0.000176657893462,0.0000920523962122,0.0000654456380289,0.000076770898886,0.0000501156173414,0.0000637903503957,0.0000936512587941,0.0000571526761632,0.0000749532482587,0.0000692053436069,0.0000818547705421,0.0000828549455036,0.000070617221354,0.0000591166281083,0.0000379634584533,0.00002481948286,0.0000221657592192,0.0000162528867804,0.0000126655686472,0.0000111664930955,0.00000588464126849,0.00000341532222592,0.00000305334401673,0.00000170049270309,0.00000118837795071,0.00000123007225739,7.53654660457e-7,4.93925483624e-7,4.57951784938e-7,3.17090893986e-7,2.46172049856e-7,1.87004204122e-7],"dvar":[0.00000358765191777,0.00000905254000827,9.80456661637e-7,9.31471646481e-8,7.1933428103e-8,1.21925594954e-7,7.24179329836e-8,2.04438048712e-8,6.20123259409e-8,3.48813316009e-8,1.26053061322e-8,1.79245684961e-8,4.52506254689e-9,7.56920925937e-9,1.68928817601e-8,3.80228204477e-9,6.68094291001e-9,4.67202232457e-9,1.04841317849e-8,9.08887720641e-9,1.03060422418e-8,6.83269529844e-9,1.33381072853e-9,7.13517689377e-10,4.01598060362e-10,2.01442418302e-10,1.58953808449e-10,8.10364692017e-11,2.66503243085e-11,9.30379297909e-12,5.42548601531e-12,1.7290364019e-12,9.65826702469e-13,1.255615837e-12,4.29171617949e-13,2.23155993467e-13,2.04175381029e-13,9.08845820325e-14,8.29994439063e-14,3.77914455914e-14],"dvar2":[0.0000103729771581,0.0000260044707829,0.00000263766287389,2.53628030578e-7,1.92956122191e-7,3.34264740331e-7,2.06663628433e-7,5.06199704375e-8,1.57528631917e-7,7.78450086614e-8,2.33508217207e-8,3.53618823112e-8,8.7576674801e-9,1.93986853247e-8,4.15762215766e-8,9.35823418757e-9,1.73174434792e-8,1.19165211032e-8,2.67042121749e-8,2.20744063029e-8,2.66947441929e-8,1.86160189486e-8,3.38569328129e-9,1.79653947274e-9,1.01516062223e-9,5.19847831448e-10,4.12329032029e-10,2.14226331119e-10,6.86599666011e-11,2.39452242756e-11,1.36681161181e-11,4.18131978694e-12,2.17430609108e-12,3.01014790351e-12,1.01953417497e-12,5.24588185391e-13,4.71421838198e-13,2.00974789111e-13,1.87773760299e-13,7.98097007861e-14],"max":[0.0148623716086,0.0246458761394,0.00899295601994,0.00356458686292,0.00389094906859,0.00437119649723,0.00395743129775,0.00459977285936,0.00538465520367,0.00663085840642,0.0055232369341,0.00462759798393,0.00226572575048,0.00237004831433,0.00297168036923,0.00118161202408,0.00136056705378,0.00136985850986,0.00186094152741,0.002209110884,0.00253157387488,0.00240184389986,0.000622314459179,0.000534176127985,0.00066974980291,0.000292539742077,0.000322543230141,0.00017453271721,0.00012530235108,0.0000607979964116,0.0000393279260607,0.0000236237174249,0.0000169901086338,0.0000183356260095,0.00000845720114739,0.0000110459423013,0.0000116785777209,0.00000924362484511,0.0000107417145045,0.00000582664188187],"mean":[0.00133226870093,0.00171178265009,0.000761229894124,0.000336947879987,0.000318015663652,0.00020978107932,0.000121613615192,0.000114617978397,0.000194707870833,0.000109287801024,0.0000817161198938,0.00009673567547,0.00005907616287,0.0000741467229091,0.000103675323771,0.0000721299948054,0.0000910722737899,0.0000775002190494,0.0000906642962946,0.0000985865553957,0.0000869157374837,0.000074145355029,0.0000509827004862,0.0000355777119694,0.0000305148587358,0.0000228937024076,0.0000171228712134,0.0000149807037815,0.00000830417775433,0.0000050377716434,0.00000476601599075,0.00000283337112705,0.00000197865324481,0.00000185965711808,0.00000123804943541,8.54938605244e-7,7.74236752932e-7,5.93309721353e-7,4.53193109706e-7,3.4653018588e-7],"median":[0.000555297185201,0.000557867460884,0.000410340464441,0.000219616093091,0.000216582746361,0.000117175550258,0.0000647981651127,0.0000696749702911,0.0000797552784206,0.000044381191401,0.0000372101458197,0.0000329103968397,0.0000303478645947,0.0000362766804756,0.0000441905140178,0.0000307644622808,0.0000342391467711,0.0000439013820142,0.0000511087164341,0.0000594828925387,0.0000518373381055,0.0000425481266575,0.0000310930699925,0.0000171603078343,0.000020994904844,0.0000156976493599,0.0000104866076072,0.0000107282003228,0.0000058467890085,0.00000340316023539,0.00000401328088628,0.00000233023069995,0.00000154076315084,0.0000012806652876,9.24380799461e-7,6.54875861983e-7,5.89674186813e-7,4.6118299224e-7,3.48721414412e-7,2.59368789557e-7],"min":[3.48830131447e-11,2.66087690076e-11,6.13453732257e-11,2.09277335045e-11,2.8838480215e-11,4.67968632595e-12,2.20283296812e-12,2.71298109845e-12,1.91553153547e-12,3.04766368392e-12,1.11548400725e-12,1.6550271353e-12,1.36683611478e-12,9.83818387e-13,1.54854623048e-12,7.53635218467e-13,6.93147037163e-13,3.19827091243e-13,7.83343062725e-13,1.31089074058e-12,1.06336673408e-12,8.55691548434e-13,1.27537141004e-12,8.285654606e-13,1.37792229883e-12,7.49952996839e-13,3.94713233452e-13,4.41961354666e-13,4.17761962176e-13,4.54830183932e-13,6.42756518583e-13,3.91535491095e-13,5.51640655898e-13,5.73845495861e-13,5.77309684432e-13,4.54739192265e-13,5.5287442376e-13,4.91907892457e-13,6.48844096941e-13,6.38128438979e-13],"var":[0.00000365233881894,0.00000762013496569,0.0000010453932191,1.29945036065e-7,1.12325501789e-7,1.0634806813e-7,5.15810683055e-8,2.92001551827e-8,1.26993825234e-7,7.99275099439e-8,4.63661713468e-8,5.92689382017e-8,1.16632570268e-8,1.83961184064e-8,3.59784131376e-8,1.07650652836e-8,1.6913604739e-8,9.87660708773e-9,1.74426979527e-8,1.98863681078e-8,1.62373599011e-8,1.03781054861e-8,3.20841420098e-9,2.11280348772e-9,1.11888709409e-9,5.77909886612e-10,4.15418283106e-10,2.06113931478e-10,6.94988025463e-11,2.49254974299e-11,1.50392562986e-11,5.26849007129e-12,2.92608905855e-12,3.37454348319e-12,1.24275340452e-12,6.3242981815e-13,6.25879068624e-13,3.15830207039e-13,2.34170322022e-13,1.3053575961e-13]},"melbands_crest":{"dmean":2.77986764908,"dmean2":4.52118825912,"dvar":7.46226978302,"dvar2":19.8061714172,"max":31.6913833618,"mean":11.8286180496,"median":11.3271350861,"min":2.30861568451,"var":24.8518924713},"melbands_flatness_db":{"dmean":0.0200191494077,"dmean2":0.0318533927202,"dvar":0.000672368099913,"dvar2":0.00167040422093,"max":0.659231841564,"mean":0.157235965133,"median":0.140182286501,"min":0.0374722592533,"var":0.00681533198804},"melbands_kurtosis":{"dmean":3.97488379478,"dmean2":6.66432237625,"dvar":73.2531585693,"dvar2":198.706619263,"max":158.493499756,"mean":6.20514631271,"median":1.7618932724,"min":-1.82862961292,"var":142.742004395},"melbands_skewness":{"dmean":0.61313021183,"dmean2":0.985146701336,"dvar":0.658238112926,"dvar2":1.71968019009,"max":9.56000709534,"mean":1.88676667213,"median":1.53762376308,"min":-1.26205205917,"var":2.0925784111},"melbands_spread":{"dmean":8.15166282654,"dmean2":13.0866231918,"dvar":82.2942810059,"dvar2":204.301101685,"max":91.5642700195,"mean":39.177898407,"median":41.0370025635,"min":0.404621005058,"var":361.122314453},"mfcc":{"cov":[[11100.1152344,-471.681640625,-1425.61157227,550.602416992,119.640197754,138.090896606,-63.6207923889,187.419570923,96.1784973145,83.2908782959,113.704437256,150.591583252,83.7792510986],[-471.681640625,913.34173584,75.2812347412,66.9785995483,62.0677490234,45.4107780457,112.030761719,8.75416564941,18.9656715393,39.9894142151,-11.7702445984,0.641347885132,-41.7740020752],[-1425.61157227,75.2812347412,659.13659668,-7.66032648087,74.4862823486,24.9596996307,-6.67442417145,11.2906703949,-10.9092988968,-14.6513166428,-3.52363371849,-23.9762935638,24.3144798279],[550.602416992,66.9785995483,-7.66032648087,308.762695312,125.830955505,51.3942565918,33.3256645203,57.8437843323,46.5523262024,32.7046775818,8.98344898224,23.1037158966,24.9279956818],[119.640197754,62.0677490234,74.4862823486,125.830955505,173.195907593,59.9725036621,37.5621757507,55.4918136597,56.5547561646,19.9606342316,18.382686615,24.1019496918,24.5553131104],[138.090896606,45.4107780457,24.9596996307,51.3942565918,59.9725036621,115.369087219,79.0993804932,30.6792945862,16.7641735077,26.8526229858,12.8505458832,16.0955867767,5.22552442551],[-63.6207923889,112.030761719,-6.67442417145,33.3256645203,37.5621757507,79.0993804932,146.114227295,45.2400054932,20.5565891266,30.4337749481,16.3804607391,16.8412704468,0.0141270570457],[187.419570923,8.75416564941,11.2906703949,57.8437843323,55.4918136597,30.6792945862,45.2400054932,94.0132293701,54.0663604736,13.2133827209,11.9819507599,18.3140487671,13.4781122208],[96.1784973145,18.9656715393,-10.9092988968,46.5523262024,56.5547561646,16.7641735077,20.5565891266,54.0663604736,87.847038269,33.2927818298,14.0654401779,15.0403022766,8.91623210907],[83.2908782959,39.9894142151,-14.6513166428,32.7046775818,19.9606342316,26.8526229858,30.4337749481,13.2133827209,33.2927818298,65.9740753174,28.8072929382,15.7400970459,-5.85841560364],[113.704437256,-11.7702445984,-3.52363371849,8.98344898224,18.382686615,12.8505458832,16.3804607391,11.9819507599,14.0654401779,28.8072929382,60.4773406982,31.1553478241,1.66621589661],[150.591583252,0.641347885132,-23.9762935638,23.1037158966,24.1019496918,16.0955867767,16.8412704468,18.3140487671,15.0403022766,15.7400970459,31.1553478241,60.8247413635,16.6808624268],[83.7792510986,-41.7740020752,24.3144798279,24.9279956818,24.5553131104,5.22552442551,0.0141270570457,13.4781122208,8.91623210907,-5.85841560364,1.66621589661,16.6808624268,55.8662834167]],"icov":[[0.000171662759385,0.0000153139153554,0.000410417444073,-0.000213744075154,0.00000723234597899,-0.000420871947426,0.00049775041407,-0.000481296418002,0.000309737952193,-0.0000634225070826,-0.000301081250655,0.0000968510430539,-0.000253076665103],[0.0000153139153554,0.00140470243059,-0.000198217574507,-0.000226626216318,-0.000540863140486,0.000669291010126,-0.00138541008346,0.000689044012688,-0.0000916716089705,-0.000584517954849,0.0010877129389,-0.000575797283091,0.00131685193628],[0.000410417444073,-0.000198217574507,0.00281061395071,0.0000546783776372,-0.00122274504974,-0.00140128249768,0.00182802090421,-0.00182516453788,0.00185381108895,-0.000287475821096,-0.00123417552095,0.00168490689248,-0.00169525574893],[-0.000213744075154,-0.000226626216318,0.0000546783776372,0.00545709161088,-0.00362685392611,0.000289444957161,0.000242624053499,-0.00147454359103,0.00135543232318,-0.00267005059868,0.00187059398741,-0.000139090479934,-0.000895552861039],[0.00000723234597899,-0.000540863140486,-0.00122274504974,-0.00362685392611,0.0128796547651,-0.00471066031605,0.00100367947016,-0.000338474026648,-0.00626263115555,0.00384203833528,-0.00271700765006,-0.000737279944587,-0.00170025415719],[-0.000420871947426,0.000669291010126,-0.00140128249768,0.000289444957161,-0.00471066031605,0.0181308202446,-0.00940169300884,0.00119314098265,0.00226034061052,-0.00408995058388,0.0029404470697,-0.00168535800185,0.00132736854721],[0.00049775041407,-0.00138541008346,0.00182802090421,0.000242624053499,0.00100367947016,-0.00940169300884,0.0155342528597,-0.00744736706838,0.00333933904767,-0.00278591085225,-0.00196518655866,0.00073948816862,-0.00144249619916],[-0.000481296418002,0.000689044012688,-0.00182516453788,-0.00147454359103,-0.000338474026648,0.00119314098265,-0.00744736706838,0.0235726181418,-0.0139763616025,0.00670414837077,-0.000324119027937,-0.00250609009527,0.000732918735594],[0.000309737952193,-0.0000916716089705,0.00185381108895,0.00135543232318,-0.00626263115555,0.00226034061052,0.00333933904767,-0.0139763616025,0.0266996733844,-0.0132167870179,0.00233022472821,0.00078562204726,-0.00198370101862],[-0.0000634225070826,-0.000584517954849,-0.000287475821096,-0.00267005059868,0.00384203833528,-0.00408995058388,-0.00278591085225,0.00670414837077,-0.0132167870179,0.0292920060456,-0.0114312274382,-0.0000654377508909,0.00359325134195],[-0.000301081250655,0.0010877129389,-0.00123417552095,0.00187059398741,-0.00271700765006,0.0029404470697,-0.00196518655866,-0.000324119027937,0.00233022472821,-0.0114312274382,0.0293170288205,-0.0130985043943,0.00343120517209],[0.0000968510430539,-0.000575797283091,0.00168490689248,-0.000139090479934,-0.000737279944587,-0.00168535800185,0.00073948816862,-0.00250609009527,0.00078562204726,-0.0000654377508909,-0.0130985043943,0.0269215870649,-0.00794089771807],[-0.000253076665103,0.00131685193628,-0.00169525574893,-0.000895552861039,-0.00170025415719,0.00132736854721,-0.00144249619916,0.000732918735594,-0.00198370101862,0.00359325134195,0.00343120517209,-0.00794089771807,0.0238103233278]],"mean":[-626.47064209,107.096908569,-23.1599807739,29.5040683746,11.5779542923,6.30428123474,-1.26063609123,1.75407719612,1.28623867035,2.52382659912,-2.42330765724,0.313066273928,0.299087375402]},"pitch_salience":{"dmean":0.0623139664531,"dmean2":0.103099524975,"dvar":0.00394668802619,"dvar2":0.0109245497733,"max":0.900324463844,"mean":0.608952522278,"median":0.619047403336,"min":0.081027649343,"var":0.0124043207616},"silence_rate_20dB":{"dmean":0,"dmean2":0,"dvar":0,"dvar2":0,"max":1,"mean":1,"median":1,"min":1,"var":0},"silence_rate_30dB":{"dmean":0,"dmean2":0,"dvar":0,"dvar2":0,"max":1,"mean":1,"median":1,"min":1,"var":0},"silence_rate_60dB":{"dmean":0.00389932654798,"dmean2":0.00780003564432,"dvar":0.00388417090289,"dvar2":0.00951210409403,"max":1,"mean":0.0811625048518,"median":0,"min":0,"var":0.0745760425925},"spectral_centroid":{"dmean":185.232589722,"dmean2":296.361602783,"dvar":35260.2695312,"dvar2":85574.5703125,"max":3136.81958008,"mean":1918.7331543,"median":2026.32824707,"min":125.168159485,"var":325588.53125},"spectral_complexity":{"dmean":3.85962414742,"dmean2":6.01630926132,"dvar":14.3938083649,"dvar2":30.1824398041,"max":60,"mean":29.8555736542,"median":30,"min":0,"var":166.381271362},"spectral_contrast_coeffs":{"dmean":[0.0473896712065,0.0450056865811,0.0337138846517,0.0296620260924,0.0194877218455,0.0151837449521],"dmean2":[0.0783785879612,0.074250407517,0.0559090524912,0.0489154271781,0.0325054824352,0.0245887506753],"dvar":[0.0016463395441,0.00133914442267,0.000734536733944,0.000564226065762,0.000259875319898,0.000178816597327],"dvar2":[0.00435462640598,0.00366251543164,0.00191693624947,0.00147870474029,0.000687496270984,0.000425420905231],"max":[-0.377282649279,-0.451631098986,-0.514841794968,-0.583401560783,-0.646669268608,-0.613287866116],"mean":[-0.670948207378,-0.759342312813,-0.794627130032,-0.776415467262,-0.789867818356,-0.742088079453],"median":[-0.679451346397,-0.763839364052,-0.801674723625,-0.779201328754,-0.791267156601,-0.744986891747],"min":[-0.938169717789,-0.951280534267,-0.945295929909,-0.946886539459,-0.935250520706,-0.910929679871],"var":[0.00542245339602,0.00406254734844,0.00302444351837,0.00243951473385,0.00142964452971,0.00169343221933]},"spectral_contrast_valleys":{"dmean":[0.391658812761,0.330775260925,0.286485284567,0.228725865483,0.182050153613,0.127326771617],"dmean2":[0.636201202869,0.54778200388,0.464447528124,0.369547396898,0.287662893534,0.198514178395],"dvar":[0.122575305402,0.0825769081712,0.0591967180371,0.0403854958713,0.0358199737966,0.0180174782872],"dvar2":[0.289774268866,0.211742475629,0.14571160078,0.0927700474858,0.0731348469853,0.0360064990819],"max":[-5.20797109604,-4.63997030258,-5.53420114517,-5.40368080139,-5.59117650986,-8.44880390167],"mean":[-7.33745956421,-6.77258110046,-7.29737472534,-7.13030958176,-7.0253944397,-10.2577180862],"median":[-7.04665899277,-6.53946781158,-7.07130002975,-6.86118793488,-6.7071480751,-9.82740879059],"min":[-15.2493848801,-14.7704534531,-15.5322399139,-15.8826589584,-14.7104940414,-16.401638031],"var":[1.7793623209,1.34552168846,1.47763288021,1.6964250803,2.01457667351,2.35533952713]},"spectral_decrease":{"dmean":2.03262984222e-9,"dmean2":3.40840666802e-9,"dvar":1.2243382315e-17,"dvar2":3.36921085969e-17,"max":-3.06891895251e-16,"mean":-5.89840798426e-9,"median":-5.28633448127e-9,"min":-2.83107617349e-8,"var":1.88218926512e-17},"spectral_energy":{"dmean":0.00798126962036,"dmean2":0.0133073003963,"dvar":0.000179082839168,"dvar2":0.000491501006763,"max":0.108260393143,"mean":0.0245652068406,"median":0.0225408803672,"min":2.21039941906e-9,"var":0.000299315230222},"spectral_energyband_high":{"dmean":0.000200508438866,"dmean2":0.000320017687045,"dvar":6.34656345255e-8,"dvar2":1.48538887856e-7,"max":0.00425355741754,"mean":0.000787314318586,"median":0.000711333239451,"min":4.99941921195e-10,"var":2.83540202872e-7},"spectral_energyband_low":{"dmean":0.00579886930063,"dmean2":0.0101415039971,"dvar":0.000168951228261,"dvar2":0.000479536742205,"max":0.099023707211,"mean":0.00909458659589,"median":0.00398376351222,"min":4.46902320705e-10,"var":0.000165146426298},"spectral_energyband_middle_high":{"dmean":0.00198383419774,"dmean2":0.0029827109538,"dvar":0.00000623775622444,"dvar2":0.0000140043557622,"max":0.0405457988381,"mean":0.00896178558469,"median":0.00714480411261,"min":1.98861677125e-10,"var":0.0000500239148096},"spectral_energyband_middle_low":{"dmean":0.00281769037247,"dmean2":0.00458294339478,"dvar":0.0000202633655135,"dvar2":0.0000519992318004,"max":0.0471136122942,"mean":0.00657931575552,"median":0.0052940971218,"min":5.28024790558e-10,"var":0.0000302406424453},"spectral_entropy":{"dmean":0.0723507702351,"dmean2":0.110559917986,"dvar":0.00524815917015,"dvar2":0.0109186992049,"max":8.60671329498,"mean":7.74703359604,"median":7.83685970306,"min":4.69954538345,"var":0.204010486603},"spectral_flux":{"dmean":0.0220869053155,"dmean2":0.0334636159241,"dvar":0.000927239248995,"dvar2":0.00181408901699,"max":0.294501155615,"mean":0.0839090049267,"median":0.0780543386936,"min":0.0000272095239779,"var":0.00225852732547},"spectral_kurtosis":{"dmean":1.8388479948,"dmean2":3.20037555695,"dvar":17.5529518127,"dvar2":49.8040122986,"max":136.146591187,"mean":5.7508687973,"median":4.06045532227,"min":0.874798536301,"var":75.8920593262},"spectral_rms":{"dmean":0.00069435936166,"dmean2":0.00111617695075,"dvar":0.00000103168633814,"dvar2":0.00000271513044936,"max":0.0102771539241,"mean":0.00453322054818,"median":0.00468946713954,"min":0.00000146849833982,"var":0.00000341592954101},"spectral_rolloff":{"dmean":398.56362915,"dmean2":664.028930664,"dvar":433490.125,"dvar2":1151300.625,"max":16128.3691406,"mean":2177.63305664,"median":2282.51953125,"min":107.666015625,"var":1633527},"spectral_skewness":{"dmean":0.191252723336,"dmean2":0.327640354633,"dvar":0.0754042714834,"dvar2":0.218594714999,"max":9.65376567841,"mean":1.44124138355,"median":1.32589733601,"min":0.163359388709,"var":0.504681587219},"spectral_spread":{"dmean":260427.796875,"dmean2":395775.59375,"dvar":69977710592,"dvar2":135604133888,"max":12059409,"mean":3659361.25,"median":3643555,"min":735659,"var":1299083034620},"spectral_strongpeak":{"dmean":0.650520801544,"dmean2":1.12968993187,"dvar":1.43919980526,"dvar2":3.54080510139,"max":11.7972736359,"mean":0.914667785168,"median":0.295292139053,"min":0,"var":2.15012288094},"zerocrossingrate":{"dmean":0.00758904358372,"dmean2":0.00969828199595,"dvar":0.000058419398556,"dvar2":0.0000870099320309,"max":0.28759765625,"mean":0.0753321126103,"median":0.07470703125,"min":0.00439453125,"var":0.000954060989898}},"metadata":{"audio_properties":{"analysis_sample_rate":44100,"bit_rate":0,"codec":"flac","downmix":"mix","equal_loudness":0,"length":131,"lossless":true,"md5_encoded":"28589a122fd170c131fe6f4fc62dd1d8","replay_gain":-15.2188282013,"sample_rate":44100},"tags":{"album":["Attack & Release"],"albumartist":["The Black Keys"],"albumartistsort":["Black Keys, The"],"artist":["The Black Keys"],"artistsort":["Black Keys, The"],"asin":["B0014QAO2I"],"barcode":["5033197504513"],"catalognumber":["VVR1050451"],"date":["2008-03-31"],"discnumber":["1"],"disctotal":["1"],"file_name":"01-07 Remember When (Side B).flac","genre":["Indie"],"label":["V2"],"media":["Vinyl"],"musicbrainz_albumartistid":["d15721d8-56b4-453d-b506-fc915b14cba2"],"musicbrainz_albumid":["0f96a2aa-9c73-3451-bde5-41dc16f9ea4a"],"musicbrainz_artistid":["d15721d8-56b4-453d-b506-fc915b14cba2"],"musicbrainz_recordingid":["ab148dca-132b-4ab5-8a2b-20fdb013b6d1"],"musicbrainz_releasegroupid":["11344dd5-7739-3cf9-9a9c-7328362e2892"],"originaldate":["2008-03-31"],"producer":["Danger Mouse"],"releasecountry":["GB"],"releasestatus":["official"],"releasetype":["album"],"script":["Latn"],"title":["Remember When (Side B)"],"totaldiscs":["1"],"totaltracks":["11"],"tracknumber":["7"],"tracktotal":["11"]},"version":{"essentia":"2.1-beta1","essentia_build_sha":"ca57ba49d9b1854bd80e60cf9ccf267278fb7d6b","essentia_git_sha":"v2.1_beta1-28-g21ef5f4-dirty","extractor":"music 1.0"}},"rhythm":{"beats_count":301,"beats_loudness":{"dmean":0.0101007902995,"dmean2":0.0183773506433,"dvar":0.00010554153414,"dvar2":0.000326865905663,"max":0.086716324091,"mean":0.0288205444813,"median":0.0296545084566,"min":2.5367368206e-9,"var":0.000195145286852},"beats_loudness_band_ratio":{"dmean":[0.228840693831,0.0982602238655,0.0704585760832,0.0735787153244,0.093285895884,0.0405607968569],"dmean2":[0.433054894209,0.181400030851,0.129180774093,0.130178272724,0.159757986665,0.0755071267486],"dvar":[0.0255826655775,0.00683268206194,0.0043445774354,0.00602205144241,0