{"lowlevel":{"average_loudness":0.106305882335,"barkbands":{"dmean":[0.000964426668361,0.00021257843764,0.000916912860703,0.000654880714137,0.00153365347069,0.00082548672799,0.00090447824914,0.000876813428476,0.000860202475451,0.000657147786114,0.000126967541291,0.0000946301588556,0.0000974684662651,0.000165428515174,0.000128515050164,0.0000287603452307,0.0000390556706407,0.0000650462534395,0.0000393046793761,0.0000764789292589,0.0000409456370107,0.0000482272080262,0.0000660294826957,0.0000315652760037,0.00000952757272898,0.0000155912657647,0.00000306727361021],"dmean2":[0.00154690234922,0.000350629619788,0.00106842396781,0.00101476651616,0.00226249895059,0.00125522841699,0.00137332710437,0.00132460577879,0.00129692547489,0.00103715702426,0.00019938168407,0.00014562625438,0.000154077162733,0.000254113227129,0.000202572598937,0.0000466228411824,0.0000614592281636,0.000100069926702,0.0000637543344055,0.000118058072985,0.0000635858013993,0.000076350857853,0.000106349863927,0.0000519399436598,0.0000157112535817,0.0000287820712401,0.00000572905673835],"dvar":[0.0000541439912922,5.1815459301e-7,0.00000423663686888,0.00000385146950066,0.0000084449784481,0.00000419853358835,0.00000760242528486,0.00000889418333827,0.0000169965260284,0.0000157670765475,4.74017497254e-7,8.42620124786e-8,7.37856353794e-8,4.32089677815e-7,3.97238238747e-7,6.02251848392e-9,1.27300578967e-8,4.23248458503e-8,1.65053286594e-8,6.77349589751e-8,1.68077978202e-8,2.74719624827e-8,6.20746689606e-8,1.8107112254e-8,1.28426591584e-9,7.61559793006e-9,9.14260667173e-10],"dvar2":[0.0000943713312154,0.00000148501612784,0.00000559439968129,0.00000857446684677,0.0000177973488462,0.00000955590803642,0.0000178474965651,0.0000202326500585,0.0000397826188419,0.0000424699173891,0.00000102454805528,1.9441989707e-7,1.75337859787e-7,9.81749167295e-7,9.92447212411e-7,1.45722216516e-8,3.10392707092e-8,9.48862037831e-8,3.96271282455e-8,1.48077262452e-7,3.54473996822e-8,6.41344186647e-8,1.46648787336e-7,4.56588402642e-8,3.50657947124e-9,2.18010587361e-8,2.69345923343e-9],"max":[0.288661181927,0.019473452121,0.0895231962204,0.0543343648314,0.0620186515152,0.0847804546356,0.067092448473,0.0905721709132,0.137063279748,0.112213365734,0.0263750441372,0.010039483197,0.0059368563816,0.0194138735533,0.0249379724264,0.00332251586951,0.00674928771332,0.00705526070669,0.00464715575799,0.00690535688773,0.00371156586334,0.00494520692155,0.00746245449409,0.00821912102401,0.00127856957261,0.00232624239288,0.00191403192002],"mean":[0.00127754011191,0.000320002494846,0.00259256805293,0.000990928499959,0.00274674035609,0.00132913712878,0.0011756013846,0.00140480173286,0.00149626692291,0.00104152609129,0.000180969102075,0.000146191130625,0.000144518300658,0.000286469468847,0.000216180138523,0.0000434586654592,0.0000653478055028,0.000127975436044,0.0000543804890185,0.00010094649042,0.0000529156459379,0.0000576076490688,0.0000731485706638,0.0000321575207636,0.0000094429078672,0.0000096980629678,0.00000181091638751],"median":[0.00000706158698449,0.000087769170932,0.000541950576007,0.0000652885428281,0.000985453370959,0.000315730576403,0.000107371204649,0.0000456314810435,0.000014042498151,0.0000122453557196,0.00000771898157836,0.0000111501121864,0.0000117326781037,0.00000692082630849,0.00000553263635084,0.00000591684511164,0.00000916819954,0.00000419036769017,0.00000524333700014,0.0000125272908917,0.00000416415286963,9.85139649856e-7,0.00000206371055356,0.00000175801369551,5.54398070562e-7,1.34593165058e-7,1.50596015658e-8],"min":[1.72321179697e-25,3.23137897719e-24,6.77241573779e-25,5.56927663958e-25,2.49292667824e-24,8.43046656395e-24,1.0331034433e-23,4.07778058013e-24,1.02606349081e-23,2.27835935192e-23,1.06665440758e-23,2.23394648296e-23,3.11193731087e-23,4.2834809521e-23,4.2531912177e-23,6.43143149897e-23,7.25761436025e-23,1.03736528012e-22,1.19554571246e-22,1.73078859396e-22,2.29140944632e-22,3.11400431577e-22,3.57951328164e-22,5.70692876941e-22,8.06808412204e-22,1.36686860535e-21,1.96870884103e-21],"var":[0.0000972601628746,4.96793006732e-7,0.0000384107988793,0.00000946341879171,0.0000226634892897,0.00000930870828597,0.0000134267493195,0.0000232699348999,0.0000507637632836,0.0000375893723685,7.37737650525e-7,1.90619104501e-7,1.72794116793e-7,0.00000138286827678,0.00000113292549031,1.39535982768e-8,3.25635909348e-8,1.57945365231e-7,2.33263985905e-8,1.02944120783e-7,2.61849724126e-8,3.58941640854e-8,7.3395156619e-8,1.60461528509e-8,9.80145409279e-10,4.33747660011e-9,4.8197340563e-10]},"barkbands_crest":{"dmean":3.94637203217,"dmean2":6.48356056213,"dvar":19.4054012299,"dvar2":41.842590332,"max":26.9314804077,"mean":12.7508544922,"median":11.5305252075,"min":2.10562992096,"var":33.3254508972},"barkbands_flatness_db":{"dmean":0.077652990818,"dmean2":0.114675693214,"dvar":0.016374276951,"dvar2":0.0345251224935,"max":1,"mean":0.23185865581,"median":0.213328361511,"min":0.0111427549273,"var":0.0202901996672},"barkbands_kurtosis":{"dmean":494.282775879,"dmean2":930.027832031,"dvar":7048515.5,"dvar2":20158460,"max":42624.1328125,"mean":300.806243896,"median":8.59356307983,"min":-1.94435179234,"var":4117502.5},"barkbands_skewness":{"dmean":4.49937200546,"dmean2":7.75438213348,"dvar":194.283035278,"dvar2":522.479980469,"max":160.414337158,"mean":4.76931095123,"median":2.07114839554,"min":-6.62277317047,"var":147.623031616},"barkbands_spread":{"dmean":9.27848148346,"dmean2":15.2435407639,"dvar":211.0052948,"dvar2":516.239196777,"max":121.780899048,"mean":13.1797771454,"median":7.64141988754,"min":0.00284203281626,"var":245.08164978},"dissonance":{"dmean":0.0357634462416,"dmean2":0.0572216771543,"dvar":0.00184734282084,"dvar2":0.00454634102061,"max":0.500000178814,"mean":0.425293236971,"median":0.442547976971,"min":0,"var":0.00453366618603},"dynamic_complexity":8.0042552948,"erbbands":{"dmean":[0.00788482744247,0.0594618730247,0.8165807724,1.46578228474,3.69712638855,5.71627950668,5.58398675919,7.5975022316,10.9137411118,15.99979496,19.1955413818,21.9915847778,18.951133728,14.4072828293,3.81185674667,3.9473118782,3.98655843735,6.88503980637,8.72576236725,2.61023187637,1.55753135681,2.0138733387,3.7254011631,2.11527609825,2.3402068615,3.79753851891,2.21279788017,1.46084296703,1.51085877419,2.08053159714,1.91704666615,0.955616950989,0.366449445486,0.134516194463,0.057646535337,0.0312737263739,0.0371196120977,0.00980926305056,0.000438235030742,0.0000136690050567],"dmean2":[0.0144948586822,0.0828643888235,0.929760336876,2.19641900063,5.42268800735,8.57843589783,8.57046318054,11.5459032059,16.6356964111,23.8432159424,28.4468021393,33.5318145752,28.1651096344,23.4680023193,5.65438461304,5.98772382736,6.08758115768,10.4009075165,13.4421367645,4.03708219528,2.4615881443,3.1421649456,5.66658210754,3.39062476158,3.7522354126,5.86211204529,3.40590834618,2.27537417412,2.37495136261,3.307492733,3.12087512016,1.57271432877,0.601394891739,0.221264585853,0.0968180298805,0.0554789453745,0.0690595805645,0.0183315481991,0.000815793056972,0.0000235210609389],"dvar":[0.00181450252421,0.0202923584729,3.28394079208,12.5383424759,106.877037048,128.453414917,157.264770508,443.522460938,996.594665527,2534.79931641,4831.05761719,13138.2724609,10748.7685547,10411.3359375,224.784805298,135.023544312,105.654296875,669.172546387,1771.93859863,97.0626449585,16.1016902924,38.6670341492,145.128616333,35.8054924011,73.1947402954,179.037414551,57.9088401794,21.8985958099,28.2719211578,53.8930168152,61.1801376343,12.5062227249,3.41164398193,0.258511155844,0.0548262000084,0.0346290431917,0.0451493486762,0.00401485711336,0.0000154121062224,6.41424691139e-9],"dvar2":[0.00517697818577,0.0478399284184,4.07630252838,27.4177684784,229.023834229,283.341339111,325.515472412,1032.80249023,2293.01049805,5841.81591797,10911.1396484,31996.6640625,24858.7070313,31305.1914063,469.096466064,309.090209961,230.896728516,1488.43811035,4289.91162109,233.090530396,39.2475547791,99.5568695068,313.890319824,89.2063140869,173.522338867,393.162078857,122.827461243,47.4263954163,64.2481155396,129.084838867,146.388549805,30.0654315948,8.997382164,0.6944693923,0.15217128396,0.0999597534537,0.129240483046,0.011605579406,0.0000452297754236,1.88103985721e-8],"max":[1.19466924667,4.22469091415,80.7120361328,124.645233154,266.533203125,254.964813232,316.760101318,765.305175781,830.333435059,1458.19799805,2178.57226563,4170.47363281,5174.26269531,3340.25292969,725.803283691,411.005096436,246.266998291,1108.68249512,1684.82055664,676.018493652,174.630554199,411.693206787,437.097198486,161.302581787,382.182067871,440.3074646,241.592407227,119.782859802,172.551849365,198.975692749,239.307861328,165.931167603,121.81741333,15.0418453217,9.02453517914,7.69909763336,6.41773414612,2.70203566551,0.208262234926,0.00447464175522],"mean":[0.00903810746968,0.136988714337,2.37749266624,3.14163780212,6.63384485245,9.81007289886,8.65845012665,12.0688734055,14.905465126,22.2805290222,32.2117195129,38.4766159058,32.1093482971,25.2170562744,6.42912578583,6.43780136108,6.47359991074,12.7905225754,16.4717235565,4.91363763809,2.59561824799,3.59647488594,7.34970903397,3.8926243782,2.97463345528,4.99338245392,3.0598294735,1.79381608963,1.84281754494,2.44200134277,2.04933094978,0.962692856789,0.391686618328,0.138983085752,0.0535336211324,0.0232135932893,0.022359540686,0.00579527160153,0.000268596835667,0.0000238548382185],"median":[0.00141181913204,0.039401166141,0.523560881615,0.611093878746,1.30898714066,3.07006025314,2.72326278687,2.36473464966,1.92457723618,1.99389958382,1.03035664558,0.436406731606,0.392377138138,0.360186219215,0.378772437572,0.510779976845,0.569644093513,0.497991144657,0.35619944334,0.308781892061,0.413937330246,0.526823699474,0.293871939182,0.224113643169,0.393009305,0.606932759285,0.362336248159,0.0905522853136,0.0353144183755,0.0465872064233,0.0584440529346,0.0505015924573,0.0197851676494,0.00784488581121,0.00328437518328,0.000776723143645,0.00023058813531,0.0000471638668387,0.00000827752774057,0.0000107695095721],"min":[1.30368756162e-22,5.0877191545e-22,1.22697542029e-21,3.2471576752e-21,8.76098006028e-21,1.94973885924e-20,2.79465490267e-20,6.62215336757e-20,1.07707439592e-19,1.42791743049e-19,2.78471413041e-19,2.5454875519e-19,6.07549580862e-19,6.32695819785e-19,7.35057404335e-19,1.33327421654e-18,1.69743324338e-18,2.40632382302e-18,2.94948887032e-18,3.14305326956e-18,4.01089663346e-18,4.44632574868e-18,5.0797157281e-18,5.71416822101e-18,6.34847016705e-18,8.06069226241e-18,9.63699576184e-18,8.83061212424e-18,1.11235452017e-17,1.14466907526e-17,9.91158498362e-18,1.05801479234e-17,1.08557099096e-17,8.60240209223e-18,5.81764851564e-18,4.22298036585e-18,2.41893150312e-18,9.14952333761e-19,2.60330592575e-19,2.69508222864e-20],"var":[0.00180512783118,0.0750269368291,31.4285297394,49.2557640076,288.244934082,304.157409668,340.420654297,980.16229248,1851.45031738,4389.52832031,13499.5146484,35274.7734375,26192.2636719,27238.3730469,516.458618164,335.468963623,294.58706665,2367.35839844,5634.06689453,326.196411133,41.3852119446,91.8095779419,550.097839355,107.269821167,83.9888381958,271.605987549,94.6927642822,30.4323005676,36.5156974792,70.6554870605,67.9670257568,12.7171831131,2.71045017242,0.209754869342,0.0384304895997,0.0195885188878,0.0256519280374,0.00222524930723,0.00000821552475827,4.06989242308e-9]},"erbbands_crest":{"dmean":4.39173030853,"dmean2":7.28086948395,"dvar":27.69490242,"dvar2":70.9429397583,"max":35.7714271545,"mean":11.8636579514,"median":10.6687517166,"min":2.01576471329,"var":39.4766387939},"erbbands_flatness_db":{"dmean":0.0379481837153,"dmean2":0.0567078739405,"dvar":0.00202182261273,"dvar2":0.00452014384791,"max":0.477581530809,"mean":0.190681740642,"median":0.191981732845,"min":0.0295711196959,"var":0.00671636778861},"erbbands_kurtosis":{"dmean":9.02174854279,"dmean2":16.3386955261,"dvar":1308.49182129,"dvar2":3700.92749023,"max":319.900695801,"mean":6.98089170456,"median":1.31597137451,"min":-1.87855505943,"var":807.607055664},"erbbands_skewness":{"dmean":1.07879161835,"dmean2":1.78705787659,"dvar":4.4319152832,"dvar2":12.0261383057,"max":16.6366329193,"mean":1.18885207176,"median":0.940051794052,"min":-6.58264303207,"var":4.12188100815},"erbbands_spread":{"dmean":15.4911775589,"dmean2":24.9319877625,"dvar":346.957061768,"dvar2":897.528320313,"max":153.610977173,"mean":36.9165687561,"median":28.1115493774,"min":0.634841024876,"var":859.29284668},"gfcc":{"cov":[[36250.484375,2292.80541992,-5556.03466797,8.42260456085,-3642.94726563,-960.130737305,-1581.80200195,-678.249023438,-830.265625,-1353.79382324,-720.564941406,-1208.0489502,-780.776000977],[2292.80541992,3411.93261719,-122.866325378,-973.260314941,-6.7284989357,-774.890563965,-233.329971313,-324.692443848,-134.449417114,-363.091430664,74.0382919312,-382.148773193,93.1861724854],[-5556.03466797,-122.866325378,1876.38623047,207.106048584,693.263122559,105.702781677,159.199203491,2.05661129951,104.552497864,185.317733765,102.699188232,297.385772705,127.303421021],[8.42260456085,-973.260314941,207.106048584,1118.20947266,15.7000579834,103.216117859,-126.06477356,-47.2074394226,-38.0671768188,77.0191116333,-19.0478954315,47.3341445923,0.965764403343],[-3642.94726563,-6.7284989357,693.263122559,15.7000579834,674.98046875,89.0430984497,129.415435791,59.9609985352,121.732650757,150.159057617,60.7241172791,153.984390259,116.797744751],[-960.130737305,-774.890563965,105.702781677,103.216117859,89.0430984497,511.074279785,194.165176392,145.37387085,52.0542526245,88.9953613281,-35.0412712097,107.442497253,-49.4618263245],[-1581.80200195,-233.329971313,159.199203491,-126.06477356,129.415435791,194.165176392,386.585601807,131.424316406,50.1654129028,51.7969779968,55.5637626648,47.0094680786,28.4385242462],[-678.249023438,-324.692443848,2.05661129951,-47.2074394226,59.9609985352,145.37387085,131.424316406,204.437805176,68.111831665,66.2425765991,-1.65357804298,53.3097724915,-4.32720804214],[-830.265625,-134.449417114,104.552497864,-38.0671768188,121.732650757,52.0542526245,50.1654129028,68.111831665,218.854782104,58.2120742798,8.39019298553,29.3253154755,34.6560058594],[-1353.79382324,-363.091430664,185.317733765,77.0191116333,150.159057617,88.9953613281,51.7969779968,66.2425765991,58.2120742798,237.22857666,48.0122032166,66.3324661255,0.602151274681],[-720.564941406,74.0382919312,102.699188232,-19.0478954315,60.7241172791,-35.0412712097,55.5637626648,-1.65357804298,8.39019298553,48.0122032166,138.85697937,5.82539749146,19.3501052856],[-1208.0489502,-382.148773193,297.385772705,47.3341445923,153.984390259,107.442497253,47.0094680786,53.3097724915,29.3253154755,66.3324661255,5.82539749146,219.596542358,24.0311031342],[-780.776000977,93.1861724854,127.303421021,0.965764403343,116.797744751,-49.4618263245,28.4385242462,-4.32720804214,34.6560058594,0.602151274681,19.3501052856,24.0311031342,123.462867737]],"icov":[[0.000109628534119,-0.000113082598546,0.000179285794729,-0.000118530115287,0.000337227626005,-0.0000490602978971,0.000131102045998,0.0000142449089253,-0.0000304591994791,0.00012246487313,0.000201170681976,-0.000117894283903,0.000225698662689],[-0.000113082598546,0.00116542575415,-0.000389306864236,0.000951940543018,-0.000901462917682,0.000796197971795,0.000230528356042,0.000418969371822,0.000426267477451,0.000814927218016,-0.000599182210863,0.00157656508964,-0.0004040201311],[0.000179285794729,-0.000389306864236,0.00136813928839,-0.000520134461112,-0.000175563473022,-0.000114060203487,-0.000163710894412,0.000526627292857,-0.000195785309188,-0.0000394740782212,0.000189131867955,-0.00136620819103,0.000488993653562],[-0.000118530115287,0.000951940543018,-0.000520134461112,0.00186291779391,-0.000619484053459,0.00013806152856,0.000734181143343,0.000528466014657,0.000601337698754,0.000194682739675,-0.00051188794896,0.00135166198015,-0.000808182870969],[0.000337227626005,-0.000901462917682,-0.000175563473022,-0.000619484053459,0.00447655329481,-0.000783880183008,0.000113102556497,-0.000248714903137,-0.000898127385881,-0.0011187188793,0.000736113113817,-0.00149732199498,-0.00115117500536],[-0.0000490602978971,0.000796197971795,-0.000114060203487,0.00013806152856,-0.000783880183008,0.00421702628955,-0.0015927705681,-0.000605657929555,-0.00000708263814886,0.000200729657081,0.00114203826524,-0.0000742043339415,0.00181843270548],[0.000131102045998,0.000230528356042,-0.000163710894412,0.000734181143343,0.000113102556497,-0.0015927705681,0.00504490127787,-0.00196821638383,0.000486419594381,0.000927423418034,-0.00194248207845,0.00112285872456,-0.00121314870194],[0.0000142449089253,0.000418969371822,0.000526627292857,0.000528466014657,-0.000248714903137,-0.000605657929555,-0.00196821638383,0.00852860882878,-0.00149555667304,-0.00100910302717,0.000791199447121,-0.000760429538786,0.000420373748057],[-0.0000304591994791,0.000426267477451,-0.000195785309188,0.000601337698754,-0.000898127385881,-0.00000708263814886,0.000486419594381,-0.00149555667304,0.00598264392465,-0.000450830382761,-0.0000191354229173,0.00110651238356,-0.00152434397023],[0.00012246487313,0.000814927218016,-0.0000394740782212,0.000194682739675,-0.0011187188793,0.000200729657081,0.000927423418034,-0.00100910302717,-0.000450830382761,0.00723881833255,-0.00228547141887,0.000615108641796,0.00141802546568],[0.000201170681976,-0.000599182210863,0.000189131867955,-0.00051188794896,0.000736113113817,0.00114203826524,-0.00194248207845,0.000791199447121,-0.0000191354229173,-0.00228547141887,0.00987409148365,-0.000539645203389,0.000343753898051],[-0.000117894283903,0.00157656508964,-0.00136620819103,0.00135166198015,-0.00149732199498,-0.0000742043339415,0.00112285872456,-0.000760429538786,0.00110651238356,0.000615108641796,-0.000539645203389,0.00907552149147,-0.00143140379805],[0.000225698662689,-0.0004040201311,0.000488993653562,-0.000808182870969,-0.00115117500536,0.00181843270548,-0.00121314870194,0.000420373748057,-0.00152434397023,0.00141802546568,0.000343753898051,-0.00143140379805,0.0120913786814]],"mean":[-173.284057617,100.189918518,-88.4700469971,34.7924423218,-56.9103775024,2.81024122238,-38.5689468384,-1.94643211365,-21.6403751373,0.0189193096012,-10.5485258102,-7.3197426796,-12.8149700165]},"hfc":{"dmean":3.71463775635,"dmean2":5.72793054581,"dvar":56.4740486145,"dvar2":135.074493408,"max":172.154876709,"mean":9.08005237579,"median":3.20268106461,"min":1.07244899477e-16,"var":268.34375},"melbands":{"dmean":[0.0000855057369336,0.000305055786157,0.000315082259476,0.000333601376042,0.00021126154752,0.000166724959854,0.000176802481292,0.000180266535608,0.00015039119171,0.000139356474392,0.0000979064207058,0.0000648299028398,0.000014202228158,0.0000116532228276,0.00000817902218841,0.0000103689399111,0.0000146285292431,0.000016067735487,0.00000698987923897,0.00000220758852265,0.00000195776351575,0.00000203904119189,0.00000285341184281,0.00000368188170796,0.00000167547113961,0.00000159556145718,0.00000206317417906,0.00000280012181975,0.00000162184016972,9.94190259007e-7,8.48911838602e-7,8.5517530124e-7,0.0000010152040204,0.00000122036510675,0.0000012402036873,8.2473582097e-7,5.07563186147e-7,2.83888766717e-7,1.62527371117e-7,9.83853922776e-8],"dmean2":[0.000151342072058,0.000353689363692,0.000466371915536,0.000489828409627,0.000321729137795,0.0002532331564,0.000268804171355,0.000268352014245,0.000222320231842,0.00021158416348,0.000145837213495,0.000105971586891,0.0000212480772461,0.0000178821665031,0.0000123512354548,0.0000162479318533,0.0000223144415941,0.0000248581927735,0.0000109856200652,0.0000035578027564,0.00000311811913889,0.00000324847860611,0.00000436134132542,0.00000570018801227,0.00000275677371064,0.00000258801992459,0.00000333092589244,0.00000435308402302,0.00000253343773693,0.00000156488329139,0.00000134812682973,0.00000135712821248,0.00000162602691489,0.00000195641769096,0.00000203236209018,0.00000137581287163,8.36520996472e-7,4.68700591227e-7,2.69451675194e-7,1.62895389622e-7],"dvar":[2.34053757708e-7,4.40799482249e-7,6.45415468625e-7,4.44472476602e-7,2.06778494771e-7,2.05642663786e-7,2.58890850091e-7,2.95686220397e-7,2.85995639615e-7,5.40865300991e-7,2.81906665123e-7,2.21790187993e-7,4.00117494692e-9,1.38024081053e-9,5.58132207118e-10,9.25659826567e-10,3.4720850639e-9,5.9915117312e-9,1.16658549487e-9,3.75548585285e-11,2.66289577194e-11,3.97105091865e-11,7.55563250854e-11,1.53777837686e-10,2.55881912881e-11,3.27701754621e-11,6.78945441535e-11,1.01159275401e-10,3.79216241742e-11,9.77038155242e-12,8.59123622937e-12,1.01879346973e-11,1.33567072333e-11,1.97030707721e-11,2.89596038122e-11,9.69147158358e-12,3.99430401948e-12,2.46378698693e-12,4.84866541448e-13,1.41679108224e-13],"dvar2":[5.76640559302e-7,5.73204204102e-7,0.00000140177451158,9.50607784489e-7,4.27655976409e-7,4.70606750014e-7,5.96324127855e-7,6.83250902966e-7,6.34162915958e-7,0.00000130454543523,6.52335415907e-7,6.65371487685e-7,7.89745602248e-9,3.18769144414e-9,1.22800070113e-9,2.16826934185e-9,7.68694796704e-9,1.43919729467e-8,2.82320811174e-9,8.8222554262e-11,6.71246253026e-11,1.05925976324e-10,1.68951630464e-10,3.48784778836e-10,6.57126436598e-11,7.97971827504e-11,1.67625510694e-10,2.18856113787e-10,8.47100861678e-11,2.11098586528e-11,1.98282328057e-11,2.37240799922e-11,3.26117154115e-11,4.78598688458e-11,6.95074067747e-11,2.4221178882e-11,9.61289121221e-12,6.61431413113e-12,1.2904619864e-12,3.86260088584e-13],"max":[0.0165771171451,0.0291711334139,0.0235778670758,0.0155291091651,0.0109155913815,0.0184863489121,0.0122803291306,0.0190129689872,0.0155886327848,0.02718908526,0.0250099673867,0.0158056374639,0.00241552735679,0.00153894303367,0.00112301448826,0.000727083126549,0.00252164108679,0.0028051820118,0.00188785768114,0.000269467273029,0.00018538205768,0.000382524507586,0.000291312957415,0.000341989536537,0.000125590493553,0.000178819405846,0.000305961439153,0.000353068928234,0.000220179004828,0.0000811697318568,0.0000807344549685,0.000116211784189,0.000117776005936,0.000147513012053,0.000164549739566,0.0000905386623344,0.000107253952592,0.000104128623207,0.0000345515618392,0.0000127331131807],"mean":[0.00012779100507,0.000869307026733,0.00067745661363,0.000610610703006,0.000338554382324,0.00026520944084,0.000240622117417,0.000256171013461,0.000246197654633,0.000245060073212,0.000158487382578,0.000108865155198,0.0000212957565964,0.0000179308372026,0.0000125120150187,0.000015764755517,0.0000252128465945,0.0000287667844532,0.0000121187213153,0.00000337633150593,0.00000295096469927,0.00000330110833602,0.00000533058573637,0.00000693948004482,0.00000267959512712,0.00000199167948267,0.00000236114624386,0.00000366166773347,0.00000217132992475,0.00000123009226627,9.69311486188e-7,0.00000100138038306,0.00000118208072308,0.00000140035456297,0.00000129407794702,8.24834557989e-7,4.9122212431e-7,2.97007829886e-7,1.69492423652e-7,9.78851133482e-8],"median":[0.0000208143028431,0.000205677613849,0.000143376237247,0.000188293197425,0.000109287371743,0.0000518345950695,0.0000266449096671,0.000018028273189,0.00000591024218011,0.00000212812119571,0.00000185606086234,0.00000138808582051,0.00000110337100523,0.00000128717192638,0.00000115411626211,0.0000011548868315,7.53793244712e-7,5.00755618305e-7,4.02234832109e-7,3.42773660122e-7,4.75931869914e-7,5.3076490758e-7,3.4272358107e-7,1.70690512391e-7,1.51958076344e-7,1.90015299495e-7,3.21800740721e-7,3.99299352694e-7,2.26854780294e-7,7.92241365843e-8,3.21797486436e-8,1.89285618291e-8,1.69870482125e-8,2.88172934404e-8,3.16730606187e-8,3.42556560895e-8,2.84991443777e-8,1.46011078783e-8,7.34573912808e-9,5.85323522984e-9],"min":[1.23087919472e-24,4.01993903058e-25,7.24282976583e-25,1.34967908325e-24,7.61584905435e-25,1.89033003224e-24,2.03626574983e-24,1.14521846536e-24,1.97360948636e-24,1.46508193951e-24,3.10698192332e-24,2.62678966854e-24,2.21499678184e-24,1.92895877583e-24,2.72304075696e-24,2.50425728464e-24,3.48929389471e-24,4.40756545928e-24,3.2607405773e-24,2.78580568602e-24,3.59419740675e-24,4.34268164982e-24,3.23174007827e-24,4.35240909365e-24,3.79788523678e-24,4.41118514754e-24,5.17735131338e-24,4.32032848721e-24,5.13760889541e-24,4.60777559601e-24,4.54989844912e-24,5.22859532335e-24,5.21367796364e-24,6.54605535508e-24,4.66254739195e-24,6.18459968274e-24,5.7678689212e-24,6.5579419112e-24,6.88127469701e-24,6.22764032816e-24],"var":[3.4386081893e-7,0.00000408109644923,0.0000024175856197,0.00000121757386751,4.71421827797e-7,4.58259023617e-7,4.88571686219e-7,5.55000042368e-7,8.19639467409e-7,0.00000154651638695,6.72549731462e-7,5.70078952933e-7,7.44230410632e-9,2.96346480688e-9,1.18521470416e-9,2.25436314061e-9,1.10022373434e-8,1.78827246344e-8,3.30580962604e-9,9.18356155011e-11,5.55857339324e-11,8.06801569997e-11,2.63771282594e-10,5.24912113775e-10,5.56261148255e-11,3.83847849339e-11,6.7937933057e-11,1.64073185593e-10,5.63674558418e-11,1.46438434295e-11,1.02663363921e-11,1.21546913159e-11,1.67058311629e-11,2.4260600473e-11,3.16196235861e-11,9.5301926073e-12,3.8672324891e-12,1.85408242578e-12,3.93109075023e-13,1.10747741815e-13]},"melbands_crest":{"dmean":5.47217559814,"dmean2":8.92575836182,"dvar":41.6159896851,"dvar2":90.2074813843,"max":40,"mean":17.5416221619,"median":15.2482471466,"min":1.62213027477,"var":77.2325134277},"melbands_flatness_db":{"dmean":0.0807746723294,"dmean2":0.11854378134,"dvar":0.0147154293954,"dvar2":0.0318111367524,"max":1,"mean":0.297812640667,"median":0.28330630064,"min":0.00339024164714,"var":0.0219371877611},"melbands_kurtosis":{"dmean":15408618,"dmean2":30798524,"dvar":108369386452000000,"dvar2":324191209608000000,"max":20522196992,"mean":8025813.5,"median":14.2562828064,"min":-1.9137237072,"var":55162373811500000},"melbands_skewness":{"dmean":231.060058594,"dmean2":455.08883667,"dvar":8096586,"dvar2":23969548,"max":120180.960938,"mean":127.049308777,"median":2.59450125694,"min":-4.87715911865,"var":4330955},"melbands_spread":{"dmean":12.2456464767,"dmean2":20.2569599152,"dvar":671.582946777,"dvar2":1635.62207031,"max":262.48638916,"mean":17.7455387115,"median":8.20182418823,"min":8.43490877145e-9,"var":885.687011719},"mfcc":{"cov":[[23919.65625,2253.05810547,-1824.65466309,-731.129211426,-1762.64196777,-1007.78991699,-1290.97387695,-223.731170654,-934.174926758,-174.0390625,-577.191223145,-693.652526855,-1024.6340332],[2253.05810547,4252.90087891,-167.629501343,-411.651367188,-161.564346313,-676.973327637,-204.623535156,-426.345397949,-270.255371094,-290.429656982,-443.176452637,147.653778076,-94.9721984863],[-1824.65466309,-167.629501343,853.734741211,353.555236816,256.432281494,189.976348877,57.9067687988,4.42311477661,11.7525568008,-117.551811218,-23.8601512909,67.4229660034,91.7233123779],[-731.129211426,-411.651367188,353.555236816,714.419799805,278.070861816,110.524887085,-16.3477478027,-99.2130508423,-27.2658863068,-55.124671936,-92.9148025513,31.7185134888,88.8921279907],[-1762.64196777,-161.564346313,256.432281494,278.070861816,485.176300049,155.185516357,-6.80276441574,-22.6646270752,83.1912384033,-50.3961677551,22.7952346802,43.563041687,77.1044158936],[-1007.78991699,-676.973327637,189.976348877,110.524887085,155.185516357,339.2684021,108.282424927,95.7579040527,85.8863525391,33.6956100464,107.568954468,-10.8943767548,20.1973552704],[-1290.97387695,-204.623535156,57.9067687988,-16.3477478027,-6.80276441574,108.282424927,315.699951172,102.05065918,56.9543457031,54.6457595825,66.8402862549,58.1524124146,52.9748649597],[-223.731170654,-426.345397949,4.42311477661,-99.2130508423,-22.6646270752,95.7579040527,102.05065918,274.546203613,105.417945862,21.6568336487,114.129440308,-44.7190208435,-5.93113899231],[-934.174926758,-270.255371094,11.7525568008,-27.2658863068,83.1912384033,85.8863525391,56.9543457031,105.417945862,212.641662598,66.6700668335,77.8681411743,11.7282762527,28.5675086975],[-174.0390625,-290.429656982,-117.551811218,-55.124671936,-50.3961677551,33.6956100464,54.6457595825,21.6568336487,66.6700668335,220.82989502,79.4463424683,8.28632068634,20.7001628876],[-577.191223145,-443.176452637,-23.8601512909,-92.9148025513,22.7952346802,107.568954468,66.8402862549,114.129440308,77.8681411743,79.4463424683,228.039108276,3.20081543922,-0.858343780041],[-693.652526855,147.653778076,67.4229660034,31.7185134888,43.563041687,-10.8943767548,58.1524124146,-44.7190208435,11.7282762527,8.28632068634,3.20081543922,160.173217773,81.0109710693],[-1024.6340332,-94.9721984863,91.7233123779,88.8921279907,77.1044158936,20.1973552704,52.9748649597,-5.93113899231,28.5675086975,20.7001628876,-0.858343780041,81.0109710693,162.072433472]],"icov":[[0.000134256100864,-0.000055165237427,0.000175031338586,-0.000162736454513,0.000359010882676,-0.000139376861625,0.000486810604343,-0.000328692112816,0.000354979914846,-0.000102402038465,0.000152972221258,-0.0000371582209482,0.000451968226116],[-0.000055165237427,0.000564556452446,-0.00019030974363,0.000566048664041,-0.000450218241895,0.000841023691464,-0.000398194708396,0.000567062059417,-0.000111469031253,0.000376139330911,0.000563745910767,-0.000453044485766,0.000240634763031],[0.000175031338586,-0.00019030974363,0.00214856304228,-0.000902568455786,0.000313784490572,-0.00120873050764,0.000615989672951,-0.000745746132452,0.00056294107344,0.000742867414374,0.000218689092435,-0.000537705549505,0.000122656201711],[-0.000162736454513,0.000566048664041,-0.000902568455786,0.00304890656844,-0.00170620449353,0.000413338275393,-0.000732069485821,0.00122246006504,0.000138938310556,0.0000599444647378,0.00134215166327,0.0000445546720584,-0.000861661625095],[0.000359010882676,-0.000450218241895,0.000313784490572,-0.00170620449353,0.0049531836994,-0.00196473998949,0.00200957991183,-0.000118671625387,-0.000870150397532,0.000903536914848,-0.000743118172977,-0.0000654994801152,0.0000580944069952],[-0.000139376861625,0.000841023691464,-0.00120873050764,0.000413338275393,-0.00196473998949,0.00670117884874,-0.00217927224003,0.000522441230714,-0.000798552762717,-0.0000197460612981,-0.000991523615085,0.000708711857442,0.000683867780026],[0.000486810604343,-0.000398194708396,0.000615989672951,-0.000732069485821,0.00200957991183,-0.00217927224003,0.00657798023894,-0.00307035143487,0.00151556404307,-0.00120677240193,0.000595698715188,-0.00208648969419,0.000883395026904],[-0.000328692112816,0.000567062059417,-0.000745746132452,0.00122246006504,-0.000118671625387,0.000522441230714,-0.00307035143487,0.0082972086966,-0.00375490495935,0.00226952624507,-0.00234943395481,0.00267552956939,-0.00167340238113],[0.000354979914846,-0.000111469031253,0.00056294107344,0.000138938310556,-0.000870150397532,-0.000798552762717,0.00151556404307,-0.00375490495935,0.00871709547937,-0.00252200476825,0.000616647826973,-0.00105762353633,0.000982306199148],[-0.000102402038465,0.000376139330911,0.000742867414374,0.0000599444647378,0.000903536914848,-0.0000197460612981,-0.00120677240193,0.00226952624507,-0.00252200476825,0.00722986133769,-0.0019566079136,0.000303748674924,-0.00147122750059],[0.000152972221258,0.000563745910767,0.000218689092435,0.00134215166327,-0.000743118172977,-0.000991523615085,0.000595698715188,-0.00234943395481,0.000616647826973,-0.0019566079136,0.00848671421409,-0.00198196503334,0.00181078631431],[-0.0000371582209482,-0.000453044485766,-0.000537705549505,0.0000445546720584,-0.0000654994801152,0.000708711857442,-0.00208648969419,0.00267552956939,-0.00105762353633,0.000303748674924,-0.00198196503334,0.0107950214297,-0.00475647998974],[0.000451968226116,0.000240634763031,0.000122656201711,-0.000861661625095,0.0000580944069952,0.000683867780026,0.000883395026904,-0.00167340238113,0.000982306199148,-0.00147122750059,0.00181078631431,-0.00475647998974,0.01151065249]],"mean":[-806.399719238,122.116882324,23.092628479,30.2144393921,5.72251844406,4.72279834747,-2.8407831192,-3.89572167397,-9.08644294739,3.56355667114,-5.78222942352,4.05413627625,-2.16700315475]},"pitch_salience":{"dmean":0.123171411455,"dmean2":0.199802830815,"dvar":0.0235282294452,"dvar2":0.0496098175645,"max":0.991038918495,"mean":0.541963040829,"median":0.587133049965,"min":0.0000144232872117,"var":0.0444277785718},"silence_rate_20dB":{"dmean":0,"dmean2":0,"dvar":0,"dvar2":0,"max":1,"mean":1,"median":1,"min":1,"var":0},"silence_rate_30dB":{"dmean":0.00548989698291,"dmean2":0.0109806312248,"dvar":0.00546007975936,"dvar2":0.0136064616963,"max":1,"mean":0.994129300117,"median":1,"min":0,"var":0.00583876157179},"silence_rate_60dB":{"dmean":0.10857796669,"dmean2":0.21717248857,"dvar":0.0967922210693,"dvar2":0.196220368147,"max":1,"mean":0.327920109034,"median":0,"min":0,"var":0.22037306428},"spectral_centroid":{"dmean":420.821014404,"dmean2":665.833007813,"dvar":515494.6875,"dvar2":1065721.375,"max":11906.4365234,"mean":1113.44970703,"median":726.235351563,"min":37.0814933777,"var":1584221.125},"spectral_complexity":{"dmean":2.28516960144,"dmean2":3.48162269592,"dvar":9.71575450897,"dvar2":20.3593940735,"max":44,"mean":6.71515703201,"median":5,"min":0,"var":43.2231521606},"spectral_contrast_coeffs":{"dmean":[0.0673894509673,0.0598042160273,0.0412258170545,0.0364487729967,0.0324808433652,0.0265852995217],"dmean2":[0.0970096215606,0.0877097472548,0.0618117153645,0.0548658519983,0.0484419204295,0.0385649725795],"dvar":[0.00394718861207,0.00284119136631,0.00129560218193,0.00099276099354,0.000950244313572,0.000632124429103],"dvar2":[0.00740508595482,0.00560183310881,0.00271464162506,0.00210499484092,0.00202424894087,0.00126320600975],"max":[-0.244249746203,-0.33347094059,-0.379488140345,-0.504510760307,-0.542173981667,-0.581872344017],"mean":[-0.609393119812,-0.717555344105,-0.808379232883,-0.811089634895,-0.814278006554,-0.80198174715],"median":[-0.575101256371,-0.713166594505,-0.835472822189,-0.822217583656,-0.818651676178,-0.80144071579],"min":[-0.99770373106,-0.997669219971,-0.996784806252,-0.991982460022,-0.98769646883,-0.980396866798],"var":[0.0270211175084,0.0182008650154,0.0110492324457,0.00601821485907,0.00457380432636,0.00323659041896]},"spectral_contrast_valleys":{"dmean":[0.835167109966,0.962479531765,0.910655617714,0.858035206795,0.843770027161,0.839425325394],"dmean2":[1.30852675438,1.4281899929,1.33931767941,1.25682210922,1.21801817417,1.1714142561],"dvar":[1.42643678188,1.99691176414,1.85876250267,1.76464211941,1.78885149956,1.60788714886],"dvar2":[3.12432718277,4.33423233032,4.04310655594,3.80286312103,3.70973348618,3.20739102364],"max":[-5.85581159592,-5.00188398361,-5.5209851265,-6.07304906845,-6.22699022293,-7.65871477127],"mean":[-9.06514072418,-8.41210746765,-9.24114894867,-9.57286739349,-9.40182113647,-11.8103637695],"median":[-8.74888038635,-7.78582191467,-8.71982383728,-9.09173202515,-8.81919670105,-11.7076644897],"min":[-28.3458328247,-27.8872280121,-27.8755912781,-27.8472900391,-27.5630397797,-27.3941326141],"var":[4.31907367706,5.79349279404,5.61594152451,5.20148181915,5.49364423752,4.77111959457]},"spectral_decrease":{"dmean":1.32227828686e-9,"dmean2":1.95330929209e-9,"dvar":6.44640876517e-18,"dvar2":1.34143714502e-17,"max":2.37397876813e-28,"mean":-4.01538402528e-9,"median":-1.90953408641e-9,"min":-7.67131851376e-8,"var":3.23264466404e-17},"spectral_energy":{"dmean":0.00521921552718,"dmean2":0.00773305911571,"dvar":0.0000968917302089,"dvar2":0.000203958436032,"max":0.289671868086,"mean":0.0159784909338,"median":0.0076240231283,"min":1.00634801401e-20,"var":0.000508395023644},"spectral_energyband_high":{"dmean":0.000237444546656,"dmean2":0.000370819907403,"dvar":4.76237204339e-7,"dvar2":0.00000104213393115,"max":0.0171279907227,"mean":0.000301902211504,"median":0.0000311480689561,"min":6.79573463417e-21,"var":7.14522798262e-7},"spectral_energyband_low":{"dmean":0.00136081397068,"dmean2":0.00182970974129,"dvar":0.00000993298181129,"dvar2":0.0000192086354218,"max":0.0990651324391,"mean":0.00362290837802,"median":0.00119857245591,"min":1.6080997395e-23,"var":0.0000567190036236},"spectral_energyband_middle_high":{"dmean":0.000925136904698,"dmean2":0.00141074717976,"dvar":0.0000134521669679,"dvar2":0.0000364292282029,"max":0.123048149049,"mean":0.00215719291009,"median":0.000221801834414,"min":1.24100750137e-21,"var":0.0000609965863987},"spectral_energyband_middle_low":{"dmean":0.00402794172987,"dmean2":0.00597198167816,"dvar":0.0000517099069839,"dvar2":0.000118319025205,"max":0.15885849297,"mean":0.00949254259467,"median":0.00359138613567,"min":1.62034781479e-22,"var":0.000211266495171},"spectral_entropy":{"dmean":0.378201633692,"dmean2":0.557130515575,"dvar":0.200896963477,"dvar2":0.389070600271,"max":9.81609916687,"mean":7.16224384308,"median":7.25265598297,"min":3.64215135574,"var":0.779228210449},"spectral_flux":{"dmean":0.0256785489619,"dmean2":0.0421170070767,"dvar":0.00102930900175,"dvar2":0.00264447950758,"max":0.499953448772,"mean":0.0552126169205,"median":0.045865662396,"min":0,"var":0.00221621780656},"spectral_kurtosis":{"dmean":4.89194297791,"dmean2":7.87674570084,"dvar":72.7289352417,"dvar2":173.362823486,"max":147.929214478,"mean":8.19699573517,"median":4.35982227325,"min":-1.28817021847,"var":129.911697388},"spectral_rms":{"dmean":0.000665624975227,"dmean2":0.000950166489929,"dvar":6.84372537307e-7,"dvar2":0.00000125907047277,"max":0.0168109107763,"mean":0.00309102027677,"median":0.0027272826992,"min":3.13337355194e-12,"var":0.00000603440958002},"spectral_rolloff":{"dmean":693.135437012,"dmean2":1188.16003418,"dvar":2615134.25,"dvar2":5806838.5,"max":19724.4140625,"mean":1233.3392334,"median":473.73046875,"min":21.533203125,"var":5483188},"spectral_skewness":{"dmean":0.567050516605,"dmean2":0.882414162159,"dvar":0.530633926392,"dvar2":1.20542049408,"max":10.4804201126,"mean":1.96543800831,"median":1.66976070404,"min":-0.213174179196,"var":1.27731025219},"spectral_spread":{"dmean":1164461.75,"dmean2":1851476.625,"dvar":4634982219780,"dvar2":12090470301700,"max":51929424,"mean":4938083.5,"median":4275606,"min":787795.4375,"var":14849059848200},"spectral_strongpeak":{"dmean":0.389109104872,"dmean2":0.620495975018,"dvar":0.458660751581,"dvar2":1.08173847198,"max":12.1057596207,"mean":0.778619110584,"median":0.348278105259,"min":0,"var":1.53470313549},"zerocrossingrate":{"dmean":0.0187253151089,"dmean2":0.0232505127788,"dvar":0.0010184973944,"dvar2":0.00173775025178,"max":0.5283203125,"mean":0.0479261316359,"median":0.0302734375,"min":0,"var":0.00392333511263}},"metadata":{"audio_properties":{"analysis_sample_rate":44100,"bit_rate":128115,"codec":"aac","downmix":"mix","equal_loudness":0,"length":304.529693604,"lossless":false,"md5_encoded":"71235a4b30e9385d107a8607627df32d","replay_gain":-2.16047286987,"sample_rate":44100},"tags":{"album":["Unicorn"],"albumartistsort":["T. Rex"],"artist":["Tyrannosaurus Rex"],"artistsort":["T. Rex"],"bpm":["0"],"catalognumber":["BTS 7"],"date":["1969"],"discnumber":["1/1"],"encodedby":["iTunes v4.7.1.30, QuickTime 6.5.2"],"file_name":"15. The Misty Coast of Albany_5-05.m4a","genre":["Album rock"],"label":["Blue Thumb Records"],"language":["English"],"media":["12\" Vinyl"],"musicbrainz_albumartistid":["c842d29f-a297-48cd-bb71-4f77fd672b16"],"musicbrainz_albumid":["38546307-4c8e-4770-9721-4531f9ea9c23"],"musicbrainz_artistid":["c842d29f-a297-48cd-bb71-4f77fd672b16"],"musicbrainz_recordingid":["ab5a7e51-e6be-42d5-bf43-da0f0934811f"],"musicbrainz_releasegroupid":["5dbec484-8961-309f-80a9-8e2cee8e65f2"],"script":["Latin"],"title":["The Misty Coast of Albany"],"tracknumber":["15/16"]},"version":{"essentia":"2.1-beta2","essentia_build_sha":"2d9f1f26377add8aeb1075a9c2973f962c4f09fd","essentia_git_sha":"v2.1_beta2-1-ge3940c0","extractor":"music 1.0"}},"rhythm":{"beats_count":630,"beats_loudness":{"dmean":0.012808252126,"dmean2":0.0215903893113,"dvar":0.000225340481848,"dvar2":0.00064455869142,"max":0.146129503846,"mean":0.0193206947297,"median":0.0102931102738,"min":0,"var":0.000556484097615},"beats_loudness_band_ratio":{"dmean":[0.271764010191,0.239179313183,0.226388037205,0.0755596980453,0.0373867973685,0.107124052942],"dmean2":[0.46725910902,0.420674741268,0.389658004045,0.133987858891,0.0692099332809,0.202419444919],"dvar":[0.0582814738154,0.0398166663945,0.0376458801329,0.00864815339446,0.0029329014942,0.0581067167222],"dvar2":[0.153066843748,0.108967766166,0.102258764207,0.0245134439319,0.008587255142