{"lowlevel":{"average_loudness":0.0729561969638,"barkbands":{"dmean":[0.000800257897936,0.00563796190545,0.0025116270408,0.00109291460831,0.00165212026332,0.000600357190706,0.000721851130947,0.000248387863394,0.000306515721604,0.000193283034605,0.000259767664829,0.000198806854314,0.00017610474606,0.000111991132144,0.000261135079199,0.000116212431749,0.00011384094978,0.0000807395335869,0.000065644228016,0.0000448087848781,0.0000282586152025,0.0000195082284336,0.0000135172358569,0.00000783686118666,0.00000347050990968,9.68071731222e-7,1.77791932288e-7],"dmean2":[0.00115827226546,0.00843964610249,0.0041818828322,0.0018322202377,0.00282995100133,0.00100761197973,0.00119496393017,0.00038941152161,0.000483556825202,0.000322084059007,0.000407711864682,0.000334853946697,0.00029922882095,0.000179148875759,0.000428718427429,0.000196129432879,0.000196218272322,0.000134507819894,0.000108536114567,0.0000740176546969,0.0000460301234853,0.0000304078421323,0.0000207864668482,0.0000120121167129,0.00000516278760188,0.00000142396766023,2.78243078355e-7],"dvar":[0.0000231627254834,0.00110302329995,0.00011003598047,0.00000928542522161,0.0000122339379232,0.00000251718074651,0.00000227593727686,8.03648106285e-7,0.00000116530452487,0.00000183839631518,5.17435296388e-7,3.32255154945e-7,2.12453358017e-7,1.19568298373e-7,5.05546495333e-7,1.1441538561e-7,9.82355814472e-8,8.69721716867e-8,8.87047093556e-8,5.35403330559e-8,2.78112253227e-8,1.44516327794e-8,7.79269626605e-9,3.11414005694e-9,7.19634463131e-10,6.34529442878e-11,6.29958216668e-13],"dvar2":[0.0000543619644304,0.00227959756739,0.000285352347419,0.0000281250868284,0.0000348825233232,0.00000662107731841,0.00000554602956981,0.00000186583645245,0.00000261896479969,0.00000484040583615,0.00000126105987874,8.75067769357e-7,5.81246411002e-7,2.78406645293e-7,0.00000134096046622,3.03721350292e-7,2.71491359172e-7,2.24172111984e-7,2.54448650594e-7,1.43600288993e-7,7.11991177127e-8,3.35644827487e-8,1.67282223629e-8,6.5825043194e-9,1.41958322875e-9,1.25213159285e-10,1.16953343711e-12],"max":[0.104647658765,0.758411943913,0.277845680714,0.0927030444145,0.110182806849,0.049927033484,0.0533698946238,0.0496261045337,0.0457892008126,0.0975476279855,0.029903145507,0.0237106084824,0.0163242090493,0.0161350239068,0.0295282099396,0.0192434955388,0.0152104021981,0.0206945668906,0.023766476661,0.0162243358791,0.00883493572474,0.00605466216803,0.00497895246372,0.00273377378471,0.00152398762293,0.000559187377803,0.000067129258241],"mean":[0.00133593566716,0.00837140250951,0.00332058011554,0.00174266344402,0.00369365559891,0.00102300674189,0.00119388895109,0.000544757640455,0.000563789042644,0.000378199969418,0.000515888910741,0.000369242305169,0.00032107939478,0.000249690754572,0.000789941695984,0.000262129557086,0.000233308572206,0.000198469831957,0.000154653956997,0.000116420153063,0.000067162043706,0.0000469892765977,0.0000256835155596,0.0000124888965729,0.00000535214576303,0.00000169185750565,6.75227795455e-7],"median":[0.00000353391806129,0.00062519061612,0.000912799849175,0.000796915730461,0.00172444200143,0.000382014550269,0.000561093969736,0.000092448288342,0.000104659222416,0.0000318251331919,0.0000283626832243,0.000023703185434,0.0000354739750037,0.0000307298396365,0.0000300095180137,0.0000164738303283,0.00000995295249595,0.00000765229560784,0.00000529940280103,0.00000688632053425,0.00000311771168526,0.00000189499269254,8.56308190578e-7,4.95007441259e-7,3.09173344704e-7,1.5864216607e-7,4.33156202462e-7],"min":[2.55052555445e-24,6.16487303252e-24,4.4130212213e-24,3.07271025573e-24,1.3679644846e-23,3.91826738307e-24,1.58416917062e-23,1.1881122446e-23,3.19980221622e-23,1.55138663575e-23,2.08600619092e-23,4.67701557427e-23,2.67854375598e-23,1.56091765321e-23,7.76070819375e-23,9.12274912181e-23,6.63554515612e-23,1.13705451624e-22,1.39219333757e-22,1.98765924897e-22,2.7788184531e-22,3.73558051339e-22,4.51380101029e-22,6.46869476378e-22,9.57647856422e-22,1.4473640226e-21,2.06887342579e-21],"var":[0.0000470008235425,0.00179274659604,0.000116442010039,0.0000127332787088,0.0000415611430071,0.00000453671646028,0.00000666082223688,0.00000486617545903,0.00000287793977805,0.00000421955655838,0.00000218395416596,0.00000130375269691,5.97074858888e-7,5.0853969924e-7,0.0000072047159847,5.07474169353e-7,3.72420089434e-7,3.72389564518e-7,3.32117195967e-7,3.50425750639e-7,1.66490522702e-7,8.63208597934e-8,2.56247663089e-8,6.84745238289e-9,1.73673475601e-9,1.47755974123e-10,2.15928598786e-12]},"barkbands_crest":{"dmean":2.63183116913,"dmean2":4.44144392014,"dvar":6.05627775192,"dvar2":16.6180953979,"max":26.84923172,"mean":11.2353057861,"median":10.4343175888,"min":2.31875658035,"var":20.2549381256},"barkbands_flatness_db":{"dmean":0.0203782152385,"dmean2":0.0322229787707,"dvar":0.000432482571341,"dvar2":0.00102070719004,"max":0.49342700839,"mean":0.189380452037,"median":0.181065022945,"min":0.0325387194753,"var":0.00278799026273},"barkbands_kurtosis":{"dmean":5.18081665039,"dmean2":8.5177230835,"dvar":626.584350586,"dvar2":1339.47705078,"max":2615.51269531,"mean":10.6502799988,"median":6.84423732758,"min":-1.92988693714,"var":1409.53271484},"barkbands_skewness":{"dmean":0.588633418083,"dmean2":0.949375391006,"dvar":0.484875559807,"dvar2":1.13158106804,"max":11.1112775803,"mean":2.14019346237,"median":2.05788350105,"min":-45.0510253906,"var":2.62541794777},"barkbands_spread":{"dmean":2.83847403526,"dmean2":4.57305383682,"dvar":20.060295105,"dvar2":44.7990875244,"max":160.830200195,"mean":12.4173545837,"median":8.10084533691,"min":0.0974689126015,"var":118.268356323},"dissonance":{"dmean":0.0254401639104,"dmean2":0.0433553047478,"dvar":0.000604856933933,"dvar2":0.0016857580049,"max":0.500000238419,"mean":0.454530417919,"median":0.465231597424,"min":0.218195199966,"var":0.00141297711525},"dynamic_complexity":6.57223844528,"erbbands":{"dmean":[0.284917831421,0.821833193302,2.46720099449,3.24034786224,4.14982175827,7.37611961365,4.29123830795,5.20721387863,9.79774093628,7.00128650665,5.61301183701,7.49708509445,5.09462833405,7.13163471222,12.7352952957,5.86671209335,7.49974060059,5.64125013351,13.1621055603,7.60389137268,5.75175142288,6.84089517593,4.73425292969,3.81623959541,2.53226828575,1.96250545979,1.3922110796,1.05022382736,0.730084836483,0.553169608116,0.316327720881,0.20864802599,0.106183297932,0.0506473369896,0.0188063457608,0.0062389690429,0.00147539167665,0.000265625480097,0.0000281492048089,0.0000117133522508],"dmean2":[0.420987486839,1.26086986065,4.10325193405,5.38688611984,6.99652767181,12.8193626404,7.19642019272,8.82391548157,16.2627849579,11.3796520233,8.62291812897,11.7355003357,8.54502105713,11.1287784576,20.8564300537,9.5281829834,12.5801849365,9.1715927124,21.4884605408,12.4407262802,9.7429895401,11.8804626465,7.85451841354,6.48441171646,4.05471515656,3.23361897469,2.25832915306,1.70805323124,1.14118432999,0.868307590485,0.475465089083,0.309149742126,0.164516881108,0.076830253005,0.0272759962827,0.00920846313238,0.00216957950033,0.000402936304454,0.0000421345357609,0.0000172745330929],"dvar":[3.44080042839,18.115650177,100.865097046,102.89655304,90.0752182007,266.49911499,140.696762085,172.228927612,417.539581299,345.864654541,497.861358643,793.306640625,889.948791504,1646.84814453,967.264892578,375.636169434,425.223937988,270.692840576,1036.22814941,818.415405273,348.128143311,338.924072266,288.803833008,240.445907593,135.618362427,89.2631835938,61.6629295349,42.6010894775,18.6064968109,14.6736221313,4.29918909073,2.1682536602,0.576777398586,0.162458196282,0.019958736375,0.00275401794352,0.00014543980069,0.00000223418692258,1.89090734182e-8,2.02238581437e-9],"dvar2":[7.43334960938,36.2926292419,261.435455322,268.437072754,249.352401733,808.897888184,367.986175537,459.860015869,1049.7956543,717.352905273,1155.32678223,1779.35900879,2582.04321289,3463.32666016,2538.30322266,909.450439453,1147.65856934,637.620422363,2810.53857422,2128.06005859,971.061706543,962.124755859,750.847412109,721.371459961,354.892303467,233.720596313,155.222503662,108.822990417,42.5042381287,35.9358901978,8.113240242,4.28474712372,1.29617476463,0.339315533638,0.0354826152325,0.00548641989008,0.000291334232315,0.00000415720433011,3.46466997314e-8,3.92606835931e-9],"max":[40.9599571228,94.9133453369,267.625854492,263.084289551,292.189971924,591.631652832,341.986053467,452.944213867,858.907287598,1050.18920898,1292.78417969,1155.30834961,2527.91479492,2491.3840332,955.673583984,1166.2401123,796.264099121,900.997253418,800.646728516,1809.45251465,1037.73596191,916.88458252,1229.12451172,1030.11303711,914.726806641,669.919494629,438.704772949,311.994812012,250.53515625,194.682632446,127.886436462,92.8464050293,42.2042427063,23.948759079,7.93258428574,3.48242926598,0.719585359097,0.104211263359,0.0113548748195,0.00112270668615],"mean":[0.411597162485,1.21751058102,3.45855975151,5.2154378891,7.91696357727,15.9771652222,8.55921936035,8.95375537872,15.8115711212,13.5450363159,13.7857646942,14.1293010712,8.79901218414,16.6122550964,24.5468463898,14.1880130768,14.8069295883,13.6465797424,28.5220527649,34.5961532593,15.0535612106,14.3492803574,11.9361038208,8.76896762848,6.45942544937,5.12731456757,3.50959444046,2.48809790611,1.74485254288,1.12500047684,0.626965999603,0.350693523884,0.161515578628,0.075078189373,0.0302985310555,0.010306481272,0.00260715698823,0.000751149491407,0.0000918998557609,0.0000358384095307],"median":[0.0102400090545,0.177268028259,0.970144629478,2.32916736603,4.43260765076,5.75517129898,3.07508969307,3.57956266403,7.93503952026,5.47259712219,2.37198019028,2.59419679642,1.3188765049,1.13351035118,1.31464195251,1.03754079342,1.54592013359,1.81947922707,1.80013740063,1.23545336723,0.86905837059,0.56160235405,0.459496766329,0.288981497288,0.308331787586,0.331938683987,0.172573208809,0.0988945662975,0.0737915709615,0.0518838018179,0.0215569920838,0.0113299675286,0.00724044442177,0.00398514140397,0.00190047151409,0.000773454434238,0.000322846404742,0.000251607154496,0.0000514727507834,0.0000160522358783],"min":[1.8810949954e-22,1.55389422262e-21,3.99030271519e-21,8.02479496966e-21,2.10041675484e-20,3.62835182437e-20,1.25282294035e-19,3.21762239979e-20,1.13710941995e-19,3.26271983442e-19,2.81406766842e-19,6.45692481569e-19,7.74247567397e-19,8.13543609577e-19,1.24218725883e-18,1.95415133143e-18,1.43562303149e-18,1.63216310959e-18,2.18602370561e-18,4.73893427293e-18,4.77413535749e-18,4.78258955694e-18,5.77648552682e-18,7.55068247522e-18,6.76951585219e-18,1.02909606182e-17,1.05970604583e-17,9.85844607389e-18,1.32666924139e-17,1.51545113048e-17,1.15426015175e-17,1.05266946851e-17,1.17612658852e-17,9.21608490714e-18,7.89151066609e-18,5.07332327632e-18,2.52987544842e-18,1.25448226466e-18,2.7203362143e-19,3.00494101649e-20],"var":[5.55358982086,27.6905879974,111.993843079,141.593551636,155.939361572,1077.13293457,294.456359863,324.193786621,1039.62072754,1319.57568359,3505.0234375,1958.40087891,897.076171875,7253.05126953,3144.27416992,2359.10253906,1280.77954102,1065.83056641,3587.2253418,22972.3847656,1827.27502441,1316.57263184,1279.5793457,850.346374512,736.420288086,604.986328125,404.570037842,239.02281189,115.855377197,49.8467407227,15.6297311783,5.61410045624,1.15939831734,0.355331063271,0.0528621785343,0.00642971601337,0.000314009317663,0.00000694548543834,6.39437658378e-8,5.03019581544e-9]},"erbbands_crest":{"dmean":2.8526301384,"dmean2":4.74407529831,"dvar":7.09595966339,"dvar2":19.1934623718,"max":29.1467075348,"mean":10.570318222,"median":9.20857048035,"min":2.33296918869,"var":26.0057640076},"erbbands_flatness_db":{"dmean":0.0163326561451,"dmean2":0.0259849820286,"dvar":0.000275986909401,"dvar2":0.000671461049933,"max":0.339354783297,"mean":0.198510080576,"median":0.200372904539,"min":0.0622957758605,"var":0.00165024516173},"erbbands_kurtosis":{"dmean":1.77397239208,"dmean2":2.93289065361,"dvar":11.8020143509,"dvar2":30.9168720245,"max":76.8647537231,"mean":2.28978633881,"median":0.716230392456,"min":-1.84436821938,"var":26.060667038},"erbbands_skewness":{"dmean":0.392815619707,"dmean2":0.63540583849,"dvar":0.187278732657,"dvar2":0.466057777405,"max":7.43307113647,"mean":0.740175068378,"median":0.813221335411,"min":-4.84268188477,"var":1.52488088608},"erbbands_spread":{"dmean":5.88907337189,"dmean2":9.38814258575,"dvar":45.7115898132,"dvar2":105.26499176,"max":148.895568848,"mean":26.9556350708,"median":24.4451560974,"min":2.34447574615,"var":203.292068481},"gfcc":{"cov":[[13205.6503906,1795.76464844,-2225.00439453,2071.33129883,473.403686523,779.963256836,569.643127441,-50.3707504272,-408.56262207,-566.139038086,-396.822723389,209.014251709,226.065490723],[1795.76464844,1366.15466309,-433.901306152,213.799301147,535.032653809,-43.134223938,339.356811523,-103.472930908,18.6924610138,-130.468673706,-17.7558727264,52.5278282166,68.6018753052],[-2225.00439453,-433.901306152,1647.41357422,-337.703735352,-322.519805908,226.996490479,-264.902160645,99.8468399048,67.2754440308,155.954544067,-5.34867238998,-110.084281921,-156.054672241],[2071.33129883,213.799301147,-337.703735352,613.99206543,182.474655151,131.358505249,140.012741089,-25.5000190735,-63.1606674194,-105.360710144,-50.6886520386,15.759141922,54.3676452637],[473.403686523,535.032653809,-322.519805908,182.474655151,488.254760742,-63.2002639771,218.141387939,-30.4844665527,42.8756370544,-16.4605312347,40.0922470093,69.4810943604,77.4725189209],[779.963256836,-43.134223938,226.996490479,131.358505249,-63.2002639771,304.207946777,41.1916275024,33.8522491455,8.43045806885,-14.4114942551,-30.121723175,18.5631809235,-16.4739952087],[569.643127441,339.356811523,-264.902160645,140.012741089,218.141387939,41.1916275024,274.591094971,-13.6147212982,55.8471641541,-13.5951452255,44.239151001,75.1991043091,49.9514846802],[-50.3707504272,-103.472930908,99.8468399048,-25.5000190735,-30.4844665527,33.8522491455,-13.6147212982,97.7396240234,28.364982605,30.5402412415,17.2995758057,10.3609113693,1.33852148056],[-408.56262207,18.6924610138,67.2754440308,-63.1606674194,42.8756370544,8.43045806885,55.8471641541,28.364982605,137.973739624,69.9802017212,59.6832199097,33.9099578857,3.82957243919],[-566.139038086,-130.468673706,155.954544067,-105.360710144,-16.4605312347,-14.4114942551,-13.5951452255,30.5402412415,69.9802017212,125.246917725,55.1758422852,19.622051239,-6.40660953522],[-396.822723389,-17.7558727264,-5.34867238998,-50.6886520386,40.0922470093,-30.121723175,44.239151001,17.2995758057,59.6832199097,55.1758422852,102.799156189,36.3856544495,10.3070735931],[209.014251709,52.5278282166,-110.084281921,15.759141922,69.4810943604,18.5631809235,75.1991043091,10.3609113693,33.9099578857,19.622051239,36.3856544495,93.7582550049,40.6108818054],[226.065490723,68.6018753052,-156.054672241,54.3676452637,77.4725189209,-16.4739952087,49.9514846802,1.33852148056,3.82957243919,-6.40660953522,10.3070735931,40.6108818054,74.0559692383]],"icov":[[0.000847941322718,-0.00159218511544,0.00121525186114,-0.00204949057661,0.0013991300948,-0.00196467735805,0.00130792532582,-0.00168195541482,0.00134787685238,-0.00153705826961,0.00122012163047,-0.00170800474007,0.000763546733651],[-0.00159218511544,0.00480087473989,-0.0024279684294,0.00420686695725,-0.00421437574551,0.00382680515759,-0.00382036762312,0.00400971481577,-0.002952021081,0.0045545976609,-0.0014826382976,0.00349375931546,-0.00119012221694],[0.00121525186114,-0.0024279684294,0.00308397598565,-0.00241368287243,0.00183313945308,-0.00427552405745,0.0028984749224,-0.00285595771857,0.00177946058102,-0.00354393851012,0.00162182457279,-0.00129430391826,0.00212333863601],[-0.00204949057661,0.00420686695725,-0.00241368287243,0.00801147986203,-0.00469394726679,0.00279012206011,-0.00374934007414,0.00415324233472,-0.00234348606318,0.00457598734647,-0.00260236859322,0.00563272787258,-0.002833066741],[0.0013991300948,-0.00421437574551,0.00183313945308,-0.00469394726679,0.00778423249722,-0.00155343441293,0.00066473550396,-0.00300425151363,0.00191837199964,-0.00382118090056,0.00148925627582,-0.00371717568487,-0.000539729488082],[-0.00196467735805,0.00382680515759,-0.00427552405745,0.00279012206011,-0.00155343441293,0.0112132392824,-0.00546793593094,0.00263765011914,-0.00390999345109,0.00491654127836,-0.000483517767861,0.00053794082487,-0.000445641606348],[0.00130792532582,-0.00382036762312,0.0028984749224,-0.00374934007414,0.00066473550396,-0.00546793593094,0.0117693524808,-0.00214191898704,-0.000230483841733,-0.00218501919881,-0.00092198891798,-0.00501906732097,0.00129874318372],[-0.00168195541482,0.00400971481577,-0.00285595771857,0.00415324233472,-0.00300425151363,0.00263765011914,-0.00214191898704,0.0162516236305,-0.00447779614478,0.0026512122713,-0.00327568966895,0.00290511432104,-0.0034429919906],[0.00134787685238,-0.002952021081,0.00177946058102,-0.00234348606318,0.00191837199964,-0.00390999345109,-0.000230483841733,-0.00447779614478,0.0156452376395,-0.00785913877189,-0.00135449145455,-0.00313241127878,0.00186732853763],[-0.00153705826961,0.0045545976609,-0.00354393851012,0.00457598734647,-0.00382118090056,0.00491654127836,-0.00218501919881,0.0026512122713,-0.00785913877189,0.0200716331601,-0.00601277407259,0.000799062487204,-0.00129594409373],[0.00122012163047,-0.0014826382976,0.00162182457279,-0.00260236859322,0.00148925627582,-0.000483517767861,-0.00092198891798,-0.00327568966895,-0.00135449145455,-0.00601277407259,0.0191595908254,-0.00610434962437,0.00222330540419],[-0.00170800474007,0.00349375931546,-0.00129430391826,0.00563272787258,-0.00371717568487,0.00053794082487,-0.00501906732097,0.00290511432104,-0.00313241127878,0.000799062487204,-0.00610434962437,0.0238762572408,-0.00955653376877],[0.000763546733651,-0.00119012221694,0.00212333863601,-0.002833066741,-0.000539729488082,-0.000445641606348,0.00129874318372,-0.0034429919906,0.00186732853763,-0.00129594409373,0.00222330540419,-0.00955653376877,0.0232034511864]],"mean":[-108.490478516,136.111755371,-109.326179504,13.5842418671,-39.8671798706,-12.5507650375,-33.1344184875,-10.9223937988,-15.9144716263,-1.52164781094,-11.405251503,-9.28571796417,-12.0034637451]},"hfc":{"dmean":2.17344379425,"dmean2":3.29738140106,"dvar":31.4381084442,"dvar2":61.3456726074,"max":319.834533691,"mean":10.8418264389,"median":2.59490132332,"min":1.12858577248e-16,"var":447.336853027},"melbands":{"dmean":[0.00195076374803,0.00108676648233,0.000550214026589,0.000411900808103,0.000178927686648,0.000114067384857,0.000152490232722,0.0000689484440954,0.0000477223547932,0.0000456929265056,0.0000254665555985,0.0000295992340398,0.0000379627599614,0.0000271186600003,0.0000130820435515,0.0000191565450223,0.0000107601517811,0.0000205868745979,0.0000156850383064,0.00000958642885962,0.0000064556415964,0.00000886884845386,0.00000544119029655,0.00000363569051842,0.00000358013403456,0.00000221410505219,0.00000168893518548,0.00000146652439525,0.00000110424844024,8.12909490833e-7,6.32765591035e-7,5.01204510783e-7,3.7441137124e-7,3.37363417202e-7,2.01757430318e-7,1.53808457526e-7,1.24176665395e-7,8.1470510338e-8,5.75062166774e-8,3.9090544135e-8],"dmean2":[0.00289418082684,0.00175493536517,0.000904242682736,0.000711546570528,0.00030131006497,0.000192148654605,0.000253136618994,0.000111738969281,0.0000735425055609,0.0000719442541595,0.0000427242666774,0.000046381734137,0.0000612771546002,0.0000455755398434,0.0000211724945984,0.0000326705776388,0.0000173535536305,0.000033588072256,0.0000253923844866,0.0000159309711307,0.0000109680004243,0.000015574378267,0.00000904321950657,0.00000610214010521,0.000006158267297,0.00000360326453119,0.00000274080866802,0.0000024635724003,0.00000182022552053,0.0000013452413441,0.00000103098113868,8.0071612274e-7,5.89969261e-7,5.41814245025e-7,3.0494035741e-7,2.29765419135e-7,1.90896969343e-7,1.28836219915e-7,8.87658941906e-8,5.99006497737e-8],"dvar":[0.000148600738612,0.0000193675332412,0.00000265801031674,7.71925272147e-7,1.81050893389e-7,8.10087499303e-8,1.00028756833e-7,3.39703554175e-8,3.55056073431e-8,2.74518860977e-8,2.55850238773e-8,3.07566097035e-8,9.59337409512e-9,5.21407939047e-9,2.27218466264e-9,2.21645346521e-9,1.04459429995e-9,2.45724041115e-9,2.58219357008e-9,7.49294737368e-10,5.25264776119e-10,5.77199565921e-10,2.80667072916e-10,2.34170599578e-10,2.02185698739e-10,1.11936432345e-10,8.2624011799e-11,5.96078325588e-11,3.98649620259e-11,2.65503521946e-11,1.74630292865e-11,1.01775957453e-11,6.21379900659e-12,5.84940516163e-12,1.60933527789e-12,1.34078436288e-12,8.09770002788e-13,3.63819624384e-13,1.82834853485e-13,1.05615325242e-13],"dvar2":[0.00031575281173,0.0000450548141089,0.0000069466509558,0.00000222499238589,4.89689796268e-7,2.1475649703e-7,2.49627362336e-7,7.18340515959e-8,8.19321499534e-8,6.25063734105e-8,7.46577057953e-8,6.64661072847e-8,2.39422650594e-8,1.39103688568e-8,5.85674264642e-9,6.07366779093e-9,2.45497178142e-9,6.63808963353e-9,6.61779919753e-9,1.90015025936e-9,1.46308143378e-9,1.67165181697e-9,7.13563041987e-10,6.10914818733e-10,6.06873162834e-10,3.12844056216e-10,2.30245197907e-10,1.59603288918e-10,1.0314710891e-10,6.93987575739e-11,4.6630661138e-11,2.54227403018e-11,1.51135510357e-11,1.52756748223e-11,3.26538275586e-12,2.3809879849e-12,1.78923596859e-12,8.54201800439e-13,4.09774455036e-13,2.17191770211e-13],"max":[0.274201095104,0.107795022428,0.0385053567588,0.0309485793114,0.01270997338,0.00888977292925,0.0120505001396,0.0102279158309,0.00964041333646,0.00685762800276,0.0137248858809,0.0106464941055,0.00394171150401,0.00307024340145,0.00192396168131,0.00137993157841,0.00154243118595,0.00115378224291,0.00251094112173,0.00141368620098,0.001089225756,0.001048562699,0.00107393588405,0.00102404586505,0.000820050598122,0.00085267360555,0.000487133162096,0.000471935869427,0.000329919945216,0.000243186441367,0.000206527547562,0.000170523591805,0.000125252408907,0.000111251923954,0.0000710861131665,0.0000937531149248,0.0000473175532534,0.0000340981641784,0.0000211016213143,0.0000199904807232],"mean":[0.00286323856562,0.00171159720048,0.000981286517344,0.000873696757481,0.000407562969485,0.000194917534827,0.000249466655077,0.000135634109029,0.000112250090751,0.000083888451627,0.0000408367886848,0.0000646874177619,0.0000763017233112,0.0000520801695529,0.0000283174904325,0.0000338574718626,0.0000229660909099,0.0000404717684432,0.0000554347789148,0.0000295403660857,0.0000149448997036,0.0000157454815053,0.0000119817059385,0.00000855364396557,0.00000711126085662,0.00000489830745209,0.00000403685680794,0.0000033819935652,0.0000024515441055,0.00000179557775937,0.0000013267202803,0.00000107360335733,7.44340070469e-7,5.86531427871e-7,3.76149813519e-7,2.69043823664e-7,1.88876086327e-7,1.18862097054e-7,8.18194081376e-8,5.68119205013e-8],"median":[0.00014362562797,0.000468554615509,0.0004802296462,0.000435873225797,0.000134556292323,0.0000775086809881,0.000123628182337,0.0000508595112478,0.000017278116502,0.000014820886463,0.0000060167421907,0.00000449661365565,0.00000427087434218,0.00000292652930511,0.00000279785626844,0.0000034909153328,0.000003216440291,0.00000271494445769,0.0000019703406906,0.00000128931355903,9.30953945044e-7,5.74445550683e-7,4.12821748341e-7,3.39845882991e-7,2.06621550092e-7,2.01149958912e-7,2.24476167432e-7,2.04688745953e-7,1.10004258147e-7,6.80461837987e-8,4.72677825769e-8,4.07427407367e-8,3.14044612537e-8,2.18781295303e-8,1.28790889065e-8,7.02955249565e-9,6.25843288304e-9,4.934062936e-9,3.82981379943e-9,2.98527780274e-9],"min":[2.59196185401e-24,1.85740771122e-24,2.89040252838e-24,1.44136661133e-24,4.20915629199e-24,6.84526556327e-25,2.03174064647e-24,3.09120825509e-24,2.06304876086e-24,4.45404041065e-24,3.22735401164e-24,2.95536719608e-24,3.76109513074e-24,4.69427419427e-24,4.00833360477e-24,2.55422550931e-24,2.33181761557e-24,2.31727318985e-24,5.45019424024e-24,4.98024140001e-24,4.43695920547e-24,3.61789715492e-24,4.14383821461e-24,5.18163916683e-24,5.80279258234e-24,5.11623037044e-24,4.23984179792e-24,6.50579820537e-24,4.64940970244e-24,6.27033387478e-24,5.12105031058e-24,6.7136993415e-24,6.43886848516e-24,7.46256105452e-24,6.34882277384e-24,6.30591307933e-24,6.17150577501e-24,7.49994911712e-24,6.66851417771e-24,6.60296417522e-24],"var":[0.000240630601184,0.0000274386184174,0.00000398877773478,0.00000213030057239,6.54097220831e-7,1.53483028953e-7,2.63039481752e-7,1.24746605934e-7,2.26675510362e-7,6.57815419913e-8,2.36764705619e-8,1.28027778601e-7,4.20874499696e-8,1.81604029592e-8,9.33911703527e-9,5.49041523357e-9,3.71886388351e-9,7.54518403312e-9,4.77935344634e-8,9.37947852719e-9,2.36949371235e-9,1.66493863141e-9,1.02831798632e-9,8.62024618353e-10,5.68080915642e-10,4.35031066726e-10,3.76345288267e-10,2.8694080445e-10,1.98672092666e-10,1.30468011394e-10,7.30072113875e-11,4.70990434154e-11,2.28376137446e-11,1.42171266079e-11,5.41538125107e-12,4.06202892503e-12,1.63545555137e-12,6.5338045304e-13,3.54060015898e-13,2.31874252871e-13]},"melbands_crest":{"dmean":3.4887342453,"dmean2":5.82079124451,"dvar":10.5871543884,"dvar2":28.4342155457,"max":38.724407196,"mean":15.4644737244,"median":14.151391983,"min":1.62270069122,"var":34.5632171631},"melbands_flatness_db":{"dmean":0.0238820277154,"dmean2":0.037293754518,"dvar":0.00059046264505,"dvar2":0.0013353577815,"max":0.54198127985,"mean":0.280610382557,"median":0.271447777748,"min":0.00484991678968,"var":0.0052530253306},"melbands_kurtosis":{"dmean":7.11163043976,"dmean2":11.6717605591,"dvar":333.761413574,"dvar2":925.642944336,"max":1435.68127441,"mean":14.9503717422,"median":10.2581300735,"min":-1.89148211479,"var":393.845733643},"melbands_skewness":{"dmean":0.69395339489,"dmean2":1.12845361233,"dvar":0.546248376369,"dvar2":1.39776921272,"max":36.150302887,"mean":2.62774157524,"median":2.40427732468,"min":-2.16936397552,"var":1.82697093487},"melbands_spread":{"dmean":3.6379635334,"dmean2":5.94655275345,"dvar":46.3963470459,"dvar2":93.6508178711,"max":231.751724243,"mean":14.2735500336,"median":8.04658126831,"min":0.533992946148,"var":275.833770752},"mfcc":{"cov":[[12884.5566406,837.824951172,-2329.02807617,1490.98327637,46.062297821,1032.1270752,601.561950684,981.020507812,285.027832031,-152.946670532,-354.200256348,-345.781829834,-66.3579711914],[837.824951172,1360.20544434,-406.09967041,250.693832397,152.369918823,154.449157715,162.049530029,126.407936096,87.0316467285,-34.8172149658,3.92217445374,-23.7481975555,-18.1165428162],[-2329.02807617,-406.09967041,1594.83300781,-486.693725586,35.9973640442,-87.5793991089,-153.752502441,-152.813293457,-59.2366905212,119.225990295,96.8546981812,96.6566848755,-36.7059898376],[1490.98327637,250.693832397,-486.693725586,521.987304688,105.550064087,167.17288208,147.605010986,111.709030151,59.1125831604,-8.16581058502,-39.9972610474,-52.235660553,-10.2351408005],[46.062297821,152.369918823,35.9973640442,105.550064087,174.43788147,35.2666549683,36.9092559814,9.59125804901,24.6371803284,24.5887737274,0.248846337199,-0.0746659338474,-8.27879524231],[1032.1270752,154.449157715,-87.5793991089,167.17288208,35.2666549683,280.250244141,94.5793151855,142.538345337,50.5243988037,24.7806339264,17.4982376099,-16.6735095978,1.66674685478],[601.561950684,162.049530029,-153.752502441,147.605010986,36.9092559814,94.5793151855,140.911865234,82.1525115967,30.2057476044,2.64077162743,-9.65633106232,-7.98002243042,2.90913438797],[981.020507812,126.407936096,-152.813293457,111.709030151,9.59125804901,142.538345337,82.1525115967,188.052047729,46.1889572144,10.1091756821,-2.16401767731,-8.4774723053,17.172410965],[285.027832031,87.0316467285,-59.2366905212,59.1125831604,24.6371803284,50.5243988037,30.2057476044,46.1889572144,86.8468704224,4.91360616684,7.61366510391,7.2907910347,5.96570253372],[-152.946670532,-34.8172149658,119.225990295,-8.16581058502,24.5887737274,24.7806339264,2.64077162743,10.1091756821,4.91360616684,96.4689025879,38.4926834106,23.5377426147,10.2691745758],[-354.200256348,3.92217445374,96.8546981812,-39.9972610474,0.248846337199,17.4982376099,-9.65633106232,-2.16401767731,7.61366510391,38.4926834106,104.63961792,47.1335639954,22.0615787506],[-345.781829834,-23.7481975555,96.6566848755,-52.235660553,-0.0746659338474,-16.6735095978,-7.98002243042,-8.4774723053,7.2907910347,23.5377426147,47.1335639954,86.850440979,31.5224552155],[-66.3579711914,-18.1165428162,-36.7059898376,-10.2351408005,-8.27879524231,1.66674685478,2.90913438797,17.172410965,5.96570253372,10.2691745758,22.0615787506,31.5224552155,70.6780853271]],"icov":[[0.000232406731811,0.0000447491911473,0.000147838247358,-0.000260184693616,0.000136562448461,-0.00036985531915,0.0000729572566343,-0.000727723177988,-0.0000648686327622,0.0000730430983822,0.000472467421787,0.000114925358503,0.000263428140897],[0.0000447491911473,0.00103691045661,0.000272187433438,0.000161371877766,-0.000867189723067,-0.00021975832351,-0.000680569966789,-0.0002863635018,-0.000382622878533,0.000569453346543,-0.000416714639869,0.0000304370350932,0.000539777218364],[0.000147838247358,0.000272187433438,0.001359682763,0.00105929502752,-0.000897915917449,-0.000851654680446,0.000164231867529,-0.00000474047510579,0.000146492660861,-0.000845206610393,0.000129166495753,-0.000711416476406,0.0013648213353],[-0.000260184693616,0.000161371877766,0.00105929502752,0.00489556463435,-0.00244366424158,-0.00114166538697,-0.00227646552958,0.00131852854975,-0.000509383738972,-0.000527179276105,-0.0000927244109334,0.000533450976945,0.00048080572742],[0.000136562448461,-0.000867189723067,-0.000897915917449,-0.00244366424158,0.00855006370693,0.000224338815315,-0.000342709070537,0.000544872367755,-0.00124241155572,-0.00183984951582,0.0011235679267,-0.000111171138997,0.0000347237291862],[-0.00036985531915,-0.00021975832351,-0.000851654680446,-0.00114166538697,0.000224338815315,0.00796595215797,-0.00142789795063,-0.00309211062267,-0.000773457461037,-0.000669541594107,-0.00284282048233,0.00162838201504,-0.0000390602363041],[0.0000729572566343,-0.000680569966789,0.000164231867529,-0.00227646552958,-0.000342709070537,-0.00142789795063,0.0129527449608,-0.00309696979821,0.000190552687855,-0.000299112871289,0.00139781739563,-0.00158611428924,0.000160997296916],[-0.000727723177988,-0.0002863635018,-0.00000474047510579,0.00131852854975,0.000544872367755,-0.00309211062267,-0.00309696979821,0.0130548262969,-0.00214799097739,-0.00125589268282,-0.00015208433615,-0.0000778430257924,-0.00302986754104],[-0.0000648686327622,-0.000382622878533,0.000146492660861,-0.000509383738972,-0.00124241155572,-0.000773457461037,0.000190552687855,-0.00214799097739,0.0146503644064,0.000302327447571,-0.000653104390949,-0.00217638909817,0.000124109108583],[0.0000730430983822,0.000569453346543,-0.000845206610393,-0.000527179276105,-0.00183984951582,-0.000669541594107,-0.000299112871289,-0.00125589268282,0.000302327447571,0.0142708271742,-0.00392993958667,-0.00070071342634,-0.000742799194995],[0.000472467421787,-0.000416714639869,0.000129166495753,-0.0000927244109334,0.0011235679267,-0.00284282048233,0.00139781739563,-0.00015208433615,-0.000653104390949,-0.00392993958667,0.0160743612796,-0.00606083776802,-0.00111972307786],[0.000114925358503,0.0000304370350932,-0.000711416476406,0.000533450976945,-0.000111171138997,0.00162838201504,-0.00158611428924,-0.0000778430257924,-0.00217638909817,-0.00070071342634,-0.00606083776802,0.0192995406687,-0.00657398952171],[0.000263428140897,0.000539777218364,0.0013648213353,0.00048080572742,0.0000347237291862,-0.0000390602363041,0.000160997296916,-0.00302986754104,0.000124109108583,-0.000742799194995,-0.00111972307786,-0.00657398952171,0.0194262582809]],"mean":[-755.473999023,172.321029663,-8.42518806458,27.8975696564,4.71659898758,3.19833302498,-7.41285181046,-10.1908712387,-6.36000776291,0.243187174201,-2.75091743469,-1.15509796143,-1.44028198719]},"pitch_salience":{"dmean":0.0769881755114,"dmean2":0.128211572766,"dvar":0.00510685006157,"dvar2":0.0136613361537,"max":0.919115900993,"mean":0.566279649734,"median":0.580334305763,"min":0.126421838999,"var":0.0124517157674},"silence_rate_20dB":{"dmean":0.00570896686986,"dmean2":0.0114186424762,"dvar":0.00567575544119,"dvar2":0.0112903155386,"max":1,"mean":0.991685271263,"median":1,"min":0,"var":0.00824740994722},"silence_rate_30dB":{"dmean":0.0213465709239,"dmean2":0.0426957942545,"dvar":0.0208921693265,"dvar2":0.0443494319916,"max":1,"mean":0.945830225945,"median":1,"min":0,"var":0.0512325614691},"silence_rate_60dB":{"dmean":0.0279242936522,"dmean2":0.0558520555496,"dvar":0.0271521080285,"dvar2":0.0614152401686,"max":1,"mean":0.262844383717,"median":0,"min":0,"var":0.193769484758},"spectral_centroid":{"dmean":126.118797302,"dmean2":202.535430908,"dvar":47073.2929688,"dvar2":88851.875,"max":11592.4042969,"mean":808.562866211,"median":580.227661133,"min":182.135314941,"var":435997.5625},"spectral_complexity":{"dmean":1.89177787304,"dmean2":3.12163329124,"dvar":6.50291013718,"dvar2":14.7779922485,"max":67,"mean":12.8699426651,"median":7,"min":0,"var":144.319595337},"spectral_contrast_coeffs":{"dmean":[0.0447115451097,0.0482392311096,0.0331844612956,0.0244593210518,0.0178833641112,0.0135473171249],"dmean2":[0.0762603208423,0.080925822258,0.056035682559,0.0408779680729,0.0296700950712,0.0217215679586],"dvar":[0.00130041665398,0.00137419323437,0.000717262679245,0.000391741836211,0.000243891496211,0.000170443454408],"dvar2":[0.00373641308397,0.00386421685107,0.0019821356982,0.00105200300459,0.000610608491115,0.000393873400753],"max":[-0.257585823536,-0.43544408679,-0.509593307972,-0.57541257143,-0.607369661331,-0.579448461533],"mean":[-0.613085746765,-0.747759699821,-0.804554820061,-0.815831005573,-0.819996118546,-0.770653069019],"median":[-0.61358499527,-0.751511096954,-0.810782253742,-0.823204278946,-0.827020347118,-0.785358190536],"min":[-0.976154983044,-0.976233780384,-0.973150491714,-0.967175483704,-0.964195072651,-0.9646525383],"var":[0.0100379278883,0.00338832428679,0.00374827068299,0.00262809847482,0.00194328022189,0.00530360592529]},"spectral_contrast_valleys":{"dmean":[0.386896938086,0.336421400309,0.295124739408,0.235043108463,0.195585787296,0.180024057627],"dmean2":[0.649647891521,0.56752872467,0.49229824543,0.38307711482,0.301204055548,0.257427483797],"dvar":[0.126500427723,0.0975073352456,0.0842321738601,0.0671491399407,0.0763407498598,0.0937013700604],"dvar2":[0.306315749884,0.221582338214,0.184906616807,0.131982132792,0.127539366484,0.152826696634],"max":[-4.34048366547,-4.55517053604,-4.82367897034,-5.19158267975,-4.78702354431,-7.83126735687],"mean":[-7.98802995682,-7.04614782333,-7.99928665161,-8.23313903809,-8.67730236053,-12.0391969681],"median":[-7.4948849678,-6.94481134415,-7.98751926422,-8.33041000366,-8.84930229187,-11.9900770187],"min":[-27.7797412872,-27.8032932281,-27.5540866852,-27.4562091827,-27.5618133545,-27.3994026184],"var":[3.01329350471,1.28620183468,1.87135028839,1.9190069437,2.19393873215,1.33847057819]},"spectral_decrease":{"dmean":2.58865395786e-9,"dmean2":3.84176601642e-9,"dvar":1.18158052117e-16,"dvar2":2.32915902226e-16,"max":4.48664034798e-14,"mean":-6.50607256958e-9,"median":-2.2502417707e-9,"min":-2.66699998974e-7,"var":2.66993572941e-16},"spectral_energy":{"dmean":0.00991574767977,"dmean2":0.0147057287395,"dvar":0.00170595909003,"dvar2":0.0033558937721,"max":1.0166285038,"mean":0.0255387891084,"median":0.00878492929041,"min":1.0277746576e-20,"var":0.00393023854122},"spectral_energyband_high":{"dmean":0.0000799821718829,"dmean2":0.000121568620671,"dvar":1.70043421122e-7,"dvar2":3.63880729992e-7,"max":0.0267890933901,"mean":0.000221568931011,"median":0.0000152652901306,"min":7.54142503169e-21,"var":0.0000014285845964},"spectral_energyband_low":{"dmean":0.00828952435404,"dmean2":0.0123256649822,"dvar":0.00162558478769,"dvar2":0.00329304509796,"max":0.958996534348,"mean":0.0138972792774,"median":0.00264572538435,"min":3.39136982953e-23,"var":0.00302050355822},"spectral_energyband_middle_high":{"dmean":0.000730516389012,"dmean2":0.00118067022413,"dvar":0.00000411513838117,"dvar2":0.0000102857002275,"max":0.110286749899,"mean":0.00348363420926,"median":0.00028278096579,"min":1.23143646027e-21,"var":0.0000509449237143},"spectral_energyband_middle_low":{"dmean":0.00293052894995,"dmean2":0.00482493452728,"dvar":0.0000381187637686,"dvar2":0.000100167657365,"max":0.176147609949,"mean":0.00883283652365,"median":0.00498080579564,"min":2.18222049475e-22,"var":0.000156942478498},"spectral_entropy":{"dmean":0.162305817008,"dmean2":0.255956053734,"dvar":0.0332128480077,"dvar2":0.0728326067328,"max":9.81415557861,"mean":7.03558111191,"median":7.11511135101,"min":5.13712453842,"var":0.269009083509},"spectral_flux":{"dmean":0.0154893230647,"dmean2":0.0253795478493,"dvar":0.00130104157142,"dvar2":0.0032927216962,"max":0.718696832657,"mean":0.0565580278635,"median":0.0383362174034,"min":6.59238219569e-11,"var":0.00365974567831},"spectral_kurtosis":{"dmean":3.41723799706,"dmean2":5.83453130722,"dvar":13.5125494003,"dvar2":37.7089004517,"max":77.8879928589,"mean":10.7364587784,"median":9.14516639709,"min":-1.24523591995,"var":58.4427833557},"spectral_rms":{"dmean":0.000610260758549,"dmean2":0.000918988836929,"dvar":0.00000153991288698,"dvar2":0.00000267866630566,"max":0.0314933769405,"mean":0.00372447795235,"median":0.0029275692068,"min":3.16655490891e-12,"var":0.0000110442088044},"spectral_rolloff":{"dmean":199.092529297,"dmean2":338.397766113,"dvar":271315.96875,"dvar2":518715.09375,"max":19875.1464844,"mean":904.79107666,"median":495.263671875,"min":64.599609375,"var":1567708.5},"spectral_skewness":{"dmean":0.324793428183,"dmean2":0.535150170326,"dvar":0.101227328181,"dvar2":0.253421545029,"max":7.22086763382,"mean":2.22908377647,"median":2.19148635864,"min":-0.310700774193,"var":0.970017313957},"spectral_spread":{"dmean":322730.4375,"dmean2":506091.15625,"dvar":389060100096,"dvar2":727142563840,"max":41419504,"mean":3176888.25,"median":2768641.5,"min":1182718.625,"var":3616728416260},"spectral_strongpeak":{"dmean":0.272532731295,"dmean2":0.477491289377,"dvar":0.387442976236,"dvar2":1.08980810642,"max":13.0248069763,"mean":0.63211452961,"median":0.28627538681,"min":0,"var":2.02915763855},"zerocrossingrate":{"dmean":0.00560812884942,"dmean2":0.00714080268517,"dvar":0.00011684976198,"dvar2":0.000138243383844,"max":0.84912109375,"mean":0.0373634845018,"median":0.02978515625,"min":0.00146484375,"var":0.00143948395271}},"metadata":{"audio_properties":{"analysis_sample_rate":44100,"bit_rate":320000,"codec":"mp3","downmix":"mix","equal_loudness":0,"length":374.177947998,"lossless":false,"md5_encoded":"743e26df9c23310fb0e4446b7f009511","replay_gain":-7.24348449707},"tags":{"album":["The Downward Spiral"],"albumartist":["Nine Inch Nails"],"albumartistsort":["Nine Inch Nails"],"artist":["Nine Inch Nails"],"artists":["Nine Inch Nails"],"artistsort":["Nine Inch Nails"],"barcode":["765449234620"],"catalognumber":["92346-2","D 102767"],"composer":["Trent Reznor"],"date":["1994-03-08"],"file_name":"14 - Hurt.mp3","isrc":["USIR19400538"],"label":["TVT Records","BMG"],"language":["eng"],"lyricist":["Trent Reznor"],"media":["CD"],"musicbrainz album release country":["US"],"musicbrainz album status":["official"],"musicbrainz album type":["album"],"musicbrainz release track id":["b02f5e53-c444-3133-b890-5ad81db4f5ac"],"musicbrainz_albumartistid":["b7ffd2af-418f-4be2-bdd1-22f8b48613da"],"musicbrainz_albumid":["dceb6a01-3431-36af-b2e1-6462193bd67c"],"musicbrainz_artistid":["b7ffd2af-418f-4be2-bdd1-22f8b48613da"],"musicbrainz_recordingid":["ab7805a8-c161-403d-92bf-a92c8b8e17dc"],"musicbrainz_releasegroupid":["7c4cab8d-dead-3870-b501-93c90fd0a580"],"musicbrainz_workid":["ca56bd56-0e88-35f3-aec2-12eb8e9c739e"],"originaldate":["1994"],"script":["Latn"],"title":["Hurt"],"tracknumber":["14/14"],"work":["Hurt"]},"version":{"essentia":"2.1-beta1","essentia_build_sha":"85931cb11b241c07ac43bfc3827c398894034a25","essentia_git_sha":"v2.1_beta1-6-g5578087","extractor":"music 1.0"}},"rhythm":{"beats_count":545,"beats_loudness":{"dmean":0.071144759655,"dmean2":0.141093045473,"dvar":0.0254604611546,"dvar2":0.0967136397958,"max":0.798424780369,"mean":0.0599792264402,"median":0.010791557841,"min":0.00000764186097513,"var":0.0197067409754},"beats_loudness_band_ratio":