{"lowlevel":{"average_loudness":0.909469425678,"barkbands":{"dmean":[0.000487689947477,0.00923622958362,0.0022872525733,0.00157701934222,0.00234937877394,0.000936759577598,0.000597362988628,0.000620675971732,0.000912104151212,0.000523301889189,0.000402805570047,0.00036239795736,0.000429131876444,0.000473108520964,0.000322975276504,0.00034577169572,0.000355406518793,0.000207543111173,0.000254018872511,0.000190998136532,0.00012265634723,0.0000871178635862,0.0000741772091715,0.0000727908045519,0.0000534019818588,0.0000143349743666,0.0000036195415305],"dmean2":[0.00080751843052,0.0133297666907,0.00390947051346,0.00271805142984,0.00402459595352,0.00153555301949,0.00100085628219,0.00100998173002,0.00139350502286,0.000828677555546,0.000630274589639,0.000582257460337,0.000678949174471,0.000746318721212,0.000526200397871,0.000567846174818,0.000587623333558,0.000342564686434,0.000422079378041,0.000323249027133,0.000212006008951,0.000145852289279,0.000115411938168,0.000108359694423,0.0000765829026932,0.000021088450012,0.00000515525289302],"dvar":[0.00000166157610693,0.000567624578252,0.0000161057341757,0.00000647484603178,0.0000219544908759,0.0000028574290809,0.00000105113088011,0.00000158787804594,0.00000363035428563,0.00000171160877471,7.60571765568e-7,5.75136027692e-7,9.64449554886e-7,0.00000105699473352,3.4087904055e-7,3.00213770288e-7,2.8771489724e-7,1.00951183413e-7,1.83231108508e-7,1.33225171339e-7,1.06778749398e-7,6.19402769075e-8,6.23946405653e-8,9.22389702396e-8,5.83485686434e-8,2.16696172117e-9,1.07790547321e-10],"dvar2":[0.00000422981202064,0.00117475516163,0.0000444898287242,0.0000185437456821,0.0000615187891526,0.00000770153019403,0.00000289427862299,0.00000398285601477,0.0000084714311015,0.00000427405484515,0.00000186177396699,0.00000143923796259,0.00000236063920056,0.00000260472643276,8.41571591081e-7,7.48786590066e-7,7.34066986752e-7,2.58800525899e-7,4.72913200156e-7,3.56690947001e-7,2.96074745165e-7,1.7055448609e-7,1.34130772267e-7,1.84595265296e-7,1.22687239923e-7,5.23609378078e-9,2.19240070543e-10],"max":[0.0164118837565,0.22476901114,0.096871227026,0.055737003684,0.0815460458398,0.0377840697765,0.0232117641717,0.032482098788,0.043604824692,0.0372416898608,0.0211211964488,0.0233729183674,0.023555951193,0.0281193703413,0.0146739128977,0.0139284543693,0.00963626708835,0.0065024420619,0.00986675545573,0.00596618792042,0.00609623454511,0.00502078887075,0.00752015411854,0.0105293160304,0.0094537762925,0.00254405220039,0.000210762154893],"mean":[0.000551598379388,0.0120851434767,0.00390544161201,0.00237449794076,0.00387102551758,0.00191326148342,0.00103076710366,0.00102560163941,0.00176002178341,0.00100697949529,0.000785638461821,0.00075010501314,0.000854876532685,0.000961018260568,0.000635360309388,0.000715785135981,0.00076019851258,0.00045255254372,0.000568048737478,0.000398584583309,0.000222301401664,0.000165431018104,0.000139343435876,0.000140947362524,0.0000983832942438,0.0000238584289036,0.00000456285260952],"median":[0.000048212139518,0.00307404063642,0.00266190455295,0.00159113807604,0.0026008260902,0.00122968712822,0.000606564979535,0.000494946958497,0.000668227497954,0.000377099728212,0.000293640041491,0.000313059281325,0.000299547740724,0.000337909092195,0.000355802971171,0.000458522961708,0.00053187267622,0.00031539335032,0.000338203681167,0.000222651739023,0.000125071281218,0.0000872335367603,0.000052388983022,0.0000386057763535,0.0000227317414101,0.00000586839087191,4.56395184756e-7],"min":[1.03976580752e-24,2.55250650252e-23,1.99508586952e-23,2.34418648125e-23,1.28675007112e-23,1.41803490621e-23,1.19767686753e-23,4.65322952471e-23,7.63339172344e-23,5.83393057887e-23,2.57365756732e-22,1.1252318263e-22,8.38511621269e-23,8.78693355882e-23,9.3904071026e-23,1.67597386821e-22,1.13473198351e-22,2.18157678425e-22,3.19445197223e-22,1.95133239361e-22,6.88001718962e-22,4.08457106325e-22,8.27187983669e-22,6.43675258666e-22,1.28900932142e-21,1.73874576449e-21,2.33641586685e-21],"var":[0.00000192614925254,0.000798987399321,0.000022168376745,0.00000787566477811,0.0000226720512728,0.00000521081210536,0.00000183337283488,0.00000278731454273,0.00000944509702094,0.00000493822517456,0.00000211361793845,0.00000229165812016,0.00000302932426166,0.00000410113261751,8.06405466847e-7,7.7425750078e-7,6.59992451801e-7,2.33886893852e-7,5.82452514664e-7,2.93715316957e-7,1.14665674289e-7,6.96599542493e-8,1.27127037786e-7,2.42580540544e-7,1.41172506574e-7,3.14638537446e-9,1.68003722045e-10]},"barkbands_crest":{"dmean":2.46219611168,"dmean2":3.81797933578,"dvar":7.34550762177,"dvar2":15.3024625778,"max":25.4822349548,"mean":9.36443138123,"median":7.94558858871,"min":2.44533872604,"var":22.1183719635},"barkbands_flatness_db":{"dmean":0.0194643680006,"dmean2":0.0290482323617,"dvar":0.000513578706887,"dvar2":0.00108687591273,"max":0.461688548326,"mean":0.129319131374,"median":0.112278290093,"min":0.0183396283537,"var":0.00454431632534},"barkbands_kurtosis":{"dmean":3.1291012764,"dmean2":4.88406467438,"dvar":113.023674011,"dvar2":254.007949829,"max":445.334625244,"mean":4.76607084274,"median":0.792164087296,"min":-1.88989794254,"var":270.332855225},"barkbands_skewness":{"dmean":0.520878016949,"dmean2":0.784290611744,"dvar":0.542489826679,"dvar2":1.12169003487,"max":16.8719139099,"mean":1.48321294785,"median":1.18785536289,"min":-4.04245328903,"var":1.96457052231},"barkbands_spread":{"dmean":5.050116539,"dmean2":7.81283044815,"dvar":41.5553207397,"dvar2":90.4280014038,"max":110.416778564,"mean":24.2461872101,"median":23.5964813232,"min":0.284579068422,"var":162.700912476},"dissonance":{"dmean":0.0127710876986,"dmean2":0.0215226076543,"dvar":0.000185768687516,"dvar2":0.000519937777426,"max":0.500000119209,"mean":0.473017722368,"median":0.480274438858,"min":0.233197525144,"var":0.000666481326334},"dynamic_complexity":2.88270187378,"erbbands":{"dmean":[0.344706535339,1.86189687252,2.64655971527,3.57290148735,7.7090010643,8.25382614136,5.93139839172,9.14925670624,8.14989376068,10.0866680145,15.4243326187,20.5989761353,16.7718696594,14.3367080688,13.7386226654,14.6385221481,18.288274765,23.8844089508,16.7361221313,16.2586288452,16.5892658234,19.3329467773,11.8343248367,11.1532239914,12.7255325317,8.6150560379,5.87248086929,4.21380519867,3.2637193203,2.50936460495,2.09525203705,1.77107441425,1.10337102413,0.77331507206,0.284305423498,0.0814076140523,0.022738577798,0.00547488220036,0.000636915036011,0.0000362588871212],"dmean2":[0.488135248423,2.86167216301,4.49752569199,6.11047077179,13.2871131897,14.1483058929,9.7585811615,14.9869184494,13.742606163,16.7717132568,24.4371948242,31.4965572357,26.6752700806,22.7109947205,21.7453899384,23.5634098053,28.9367580414,37.6344490051,26.6957950592,26.2866611481,27.1875686646,31.9076957703,19.3895225525,18.3955726624,21.2097225189,14.5646247864,10.080206871,7.28081226349,5.49873590469,4.14247274399,3.24135804176,2.67793416977,1.63823771477,1.12653231621,0.418859422207,0.121500022709,0.0331169851124,0.00792331341654,0.000907654815819,0.0000513380437042],"dvar":[0.885192573071,23.046672821,21.8138599396,36.7421035767,214.395446777,259.181274414,155.158340454,266.525939941,212.554656982,419.229064941,1053.63378906,1998.69226074,1847.69934082,1014.64862061,1081.32116699,947.491210938,1739.10778809,2741.47802734,1033.60681152,645.21295166,684.289428711,880.305969238,311.989532471,378.164611816,471.216888428,292.183044434,200.143920898,151.877914429,89.2061233521,53.8937759399,53.6120414734,61.3241996765,21.8501300812,13.4518213272,1.50079989433,0.0844111144543,0.00567011442035,0.000228480217629,0.00000349882361661,6.90280987925e-9],"dvar2":[1.75926172733,51.5875091553,59.1855163574,101.330825806,603.067993164,737.214050293,411.169006348,731.732788086,595.975402832,1086.84289551,2547.01464844,4586.81445312,4691.29833984,2543.13696289,2757.46386719,2392.43188477,4192.94873047,6737.08837891,2504.48486328,1602.67077637,1677.72521973,2261.60400391,787.582458496,972.606872559,1212.47717285,790.631164551,552.06048584,422.399749756,249.03553772,138.378997803,111.531867981,129.948364258,44.4345245361,27.9366455078,3.33601593971,0.19928728044,0.0137613210827,0.000473851134302,0.00000713472854841,1.52595660552e-8],"max":[8.90409946442,43.2007064819,82.4561157227,167.323440552,267.125335693,271.069274902,364.58203125,337.120117188,467.92767334,562.866149902,837.463378906,1169.51269531,1268.83666992,1100.46179199,1116.0612793,1048.23547363,1044.53771973,1553.16174316,971.088439941,479.641082764,964.258544922,659.199401855,336.858520508,495.42388916,612.414550781,302.829986572,260.720458984,274.614105225,246.486831665,161.981262207,228.853729248,252.235168457,151.366088867,149.115203857,53.63904953,11.8503541946,4.59960222244,0.321320325136,0.0421413779259,0.0023794346489],"mean":[0.43059065938,2.36428260803,4.4910993576,6.41343164444,11.4391651154,13.1329421997,11.7337865829,18.2601985931,15.2040138245,16.9769573212,28.7318592072,39.9556541443,33.9015617371,28.8499526978,29.679058075,31.8564167023,40.3163146973,52.4211006165,36.1857872009,37.1119346619,37.4918289185,42.9985466003,28.0578937531,24.8304691315,28.9277992249,18.2642784119,11.4446344376,7.49520874023,6.15482139587,4.52163791656,3.92274093628,3.37603878975,2.09370303154,1.39622485638,0.515990495682,0.141766503453,0.0365736037493,0.00795374903828,0.000805026851594,0.0000736274960218],"median":[0.0486873090267,0.741402566433,3.0813202858,4.89958047867,7.38668823242,8.29878044128,7.22676181793,11.0086288452,9.25338745117,10.0078058243,12.3327360153,15.8877449036,14.2421989441,12.5551834106,12.4931507111,14.5467348099,15.7487878799,20.215801239,19.1838150024,24.5716762543,26.4054489136,30.94672966,20.5852680206,15.5225801468,17.1099720001,10.2397737503,6.13761997223,4.31363487244,3.29117703438,2.11069703102,1.38924300671,1.00975966454,0.508277416229,0.30714610219,0.129874885082,0.0377116091549,0.00819228123873,0.00126764958259,0.0000987721068668,0.0000451752202935],"min":[1.16762430257e-21,4.14301487733e-21,1.61789079959e-20,6.46102504659e-20,4.02783643938e-20,5.68639625233e-20,1.0459806767e-19,7.75837447308e-20,1.68433566557e-19,1.94806540177e-19,1.62609615338e-18,1.43414754807e-18,1.80142483903e-18,5.13758238862e-18,8.13670437044e-18,4.89995697328e-18,4.21380527849e-18,3.84869023766e-18,4.7356801444e-18,7.96387738916e-18,7.57938150657e-18,6.65901486211e-18,1.20587638741e-17,1.43629325458e-17,1.39996116597e-17,9.23306113485e-18,2.39358606877e-17,2.4332867677e-17,1.62386324136e-17,1.79901013339e-17,1.99836463148e-17,1.37618824332e-17,1.44300317827e-17,1.33652418849e-17,8.16204504851e-18,7.01597472929e-18,3.89991877376e-18,1.21937216997e-18,3.13943942087e-19,2.95224024106e-20],"var":[1.29828083515,27.6789035797,27.9110774994,47.6048240662,214.830200195,280.428283691,245.713867188,516.769348145,384.65234375,622.932067871,2638.3137207,5164.87988281,4629.04345703,2466.79125977,3475.96386719,3381.51489258,5766.14501953,11374.3740234,2746.80175781,1806.56628418,1760.21118164,2024.02001953,819.185424805,1021.87573242,1477.92944336,598.155029297,274.558227539,145.978012085,94.7664642334,73.658164978,114.044685364,138.927566528,56.5382652283,32.3370246887,3.25180101395,0.143202081323,0.007556615863,0.000364507664926,0.00000533135562364,1.00191819286e-8]},"erbbands_crest":{"dmean":2.03083848953,"dmean2":3.32259297371,"dvar":4.20968818665,"dvar2":10.8190059662,"max":30.8786659241,"mean":8.06629180908,"median":6.78389120102,"min":2.2788040638,"var":19.5385456085},"erbbands_flatness_db":{"dmean":0.0134952757508,"dmean2":0.0194780528545,"dvar":0.000207082819543,"dvar2":0.000400912249461,"max":0.429108023643,"mean":0.156829595566,"median":0.148004323244,"min":0.0235759969801,"var":0.00315185659565},"erbbands_kurtosis":{"dmean":0.656559407711,"dmean2":1.0557924509,"dvar":1.35802805424,"dvar2":3.13615226746,"max":106.046890259,"mean":0.73401248455,"median":-0.297891139984,"min":-1.81774187088,"var":42.1984176636},"erbbands_skewness":{"dmean":0.280461192131,"dmean2":0.443540006876,"dvar":0.0790156200528,"dvar2":0.191781029105,"max":7.83645820618,"mean":0.0667880550027,"median":-0.0420798249543,"min":-2.85570406914,"var":0.802607357502},"erbbands_spread":{"dmean":6.19680786133,"dmean2":9.67199134827,"dvar":46.8871688843,"dvar2":105.916213989,"max":170.585388184,"mean":38.270401001,"median":36.1230659485,"min":1.09567046165,"var":282.497558594},"gfcc":{"cov":[[11839.1005859,-1736.7043457,-221.32850647,508.869445801,-558.366271973,1194.96936035,-115.926635742,570.987060547,55.7652053833,281.701049805,-219.936203003,-55.6090011597,-308.624511719],[-1736.7043457,1764.84765625,-262.023864746,48.553604126,304.220214844,-347.215698242,377.204803467,-250.017883301,79.641998291,-193.147796631,87.0121459961,-94.8490142822,172.747467041],[-221.32850647,-262.023864746,756.248596191,53.9800300598,0.819248199463,74.246307373,-57.9673194885,87.2666931152,11.0289354324,51.8426589966,-24.4829463959,84.1161956787,-8.06588363647],[508.869445801,48.553604126,53.9800300598,512.924377441,131.914474487,65.2082748413,41.1874237061,39.2778663635,68.9473114014,77.2533950806,51.5922355652,12.7588453293,54.9286842346],[-558.366271973,304.220214844,0.819248199463,131.914474487,343.844390869,-68.7366409302,113.758377075,-45.0441551208,31.4251060486,33.1437454224,55.4615859985,10.7312736511,55.4654655457],[1194.96936035,-347.215698242,74.246307373,65.2082748413,-68.7366409302,373.815765381,30.4505081177,146.233642578,14.3056879044,37.6317710876,-22.8165550232,0.844806075096,-41.2073249817],[-115.926635742,377.204803467,-57.9673194885,41.1874237061,113.758377075,30.4505081177,270.853149414,-6.19673776627,30.7362670898,-43.1793174744,20.1340103149,-27.029209137,26.9947395325],[570.987060547,-250.017883301,87.2666931152,39.2778663635,-45.0441551208,146.233642578,-6.19673776627,181.187286377,49.9288673401,46.5477523804,-27.1771068573,13.0493965149,-15.5664730072],[55.7652053833,79.641998291,11.0289354324,68.9473114014,31.4251060486,14.3056879044,30.7362670898,49.9288673401,120.971366882,28.4348545074,0.251824498177,-5.21714544296,13.7579450607],[281.701049805,-193.147796631,51.8426589966,77.2533950806,33.1437454224,37.6317710876,-43.1793174744,46.5477523804,28.4348545074,125.564460754,38.5360641479,31.0033588409,-8.05903720856],[-219.936203003,87.0121459961,-24.4829463959,51.5922355652,55.4615859985,-22.8165550232,20.1340103149,-27.1771068573,0.251824498177,38.5360641479,107.22052002,37.7184448242,28.097032547],[-55.6090011597,-94.8490142822,84.1161956787,12.7588453293,10.7312736511,0.844806075096,-27.029209137,13.0493965149,-5.21714544296,31.0033588409,37.7184448242,84.5927124023,17.946062088],[-308.624511719,172.747467041,-8.06588363647,54.9286842346,55.4654655457,-41.2073249817,26.9947395325,-15.5664730072,13.7579450607,-8.05903720856,28.097032547,17.946062088,82.1602401733]],"icov":[[0.00016992566816,-0.000041817795136,0.000161306728842,-0.000213988983887,0.00020926509751,-0.00041125525604,-0.00000477363255413,-0.0000694486952852,0.000115636699775,-0.000368985842215,0.000414291716879,-0.000197831817786,0.000371977715986],[-0.000041817795136,0.00212255236693,-0.000117519623018,0.000137736016768,-0.00048611551756,0.00113186135422,-0.00180147215724,0.00128344318364,-0.00169403012842,0.00225092447363,-0.00164426630363,0.00203166971914,-0.00236960547045],[0.000161306728842,-0.000117519623018,0.00182499957737,-0.000377040618332,0.0000165254896274,-0.000507411372382,0.000184283635463,-0.000494928623084,0.000220423331484,-0.000594026991166,0.0015676394105,-0.00226756534539,0.000728312821593],[-0.000213988983887,0.000137736016768,-0.000377040618332,0.00299474503845,-0.000954332877882,-0.000144983554492,0.0000562855420867,0.000281082553556,-0.00106848264113,-0.000631119124591,-0.00114851607941,0.00119480350986,-0.00227748113684],[0.00020926509751,-0.00048611551756,0.0000165254896274,-0.000954332877882,0.00501533178613,0.0000684518672642,-0.00176425219979,0.000797537562903,0.000338283134624,-0.0030672007706,0.000739492126741,-0.000652442162391,-0.000640760641545],[-0.00041125525604,0.00113186135422,-0.000507411372382,-0.000144983554492,0.0000684518672642,0.00609902059659,-0.0020745403599,-0.00271459296346,0.000226532953093,0.00152764155064,-0.00186689011753,0.00155899836682,-0.000287670321995],[-0.00000477363255413,-0.00180147215724,0.000184283635463,0.0000562855420867,-0.00176425219979,-0.0020745403599,0.00733201624826,-0.00150694756303,0.0000299106031889,0.00165010010824,-0.000857979233842,0.0000347955792677,0.0016489145346],[-0.0000694486952852,0.00128344318364,-0.000494928623084,0.000281082553556,0.000797537562903,-0.00271459296346,-0.00150694756303,0.0120308184996,-0.0047228676267,-0.00187191192526,0.00249569211155,-0.000777666980866,-0.00239764200523],[0.000115636699775,-0.00169403012842,0.000220423331484,-0.00106848264113,0.000338283134624,0.000226532953093,0.0000299106031889,-0.0047228676267,0.0126949725673,-0.00424202345312,0.0022094566375,0.0000795912492322,0.000397893978516],[-0.000368985842215,0.00225092447363,-0.000594026991166,-0.000631119124591,-0.0030672007706,0.00152764155064,0.00165010010824,-0.00187191192526,-0.00424202345312,0.0179178528488,-0.00833653099835,0.000761878385674,0.00133723404724],[0.000414291716879,-0.00164426630363,0.0015676394105,-0.00114851607941,0.000739492126741,-0.00186689011753,-0.000857979233842,0.00249569211155,0.0022094566375,-0.00833653099835,0.0185911022127,-0.00870638806373,-0.000389396445826],[-0.000197831817786,0.00203166971914,-0.00226756534539,0.00119480350986,-0.000652442162391,0.00155899836682,0.0000347955792677,-0.000777666980866,0.0000795912492322,0.000761878385674,-0.00870638806373,0.0212445762008,-0.00657426193357],[0.000371977715986,-0.00236960547045,0.000728312821593,-0.00227748113684,-0.000640760641545,-0.000287670321995,0.0016489145346,-0.00239764200523,0.000397893978516,0.00133723404724,-0.000389396445826,-0.00657426193357,0.0210709590465]],"mean":[10.1823539734,100.904594421,-125.462615967,38.9792938232,-48.4580841064,7.68686103821,-35.6126213074,6.86336708069,-22.5955467224,-1.80799305439,-15.5429058075,-3.50554347038,-9.66689586639]},"hfc":{"dmean":6.23199653625,"dmean2":9.71992206573,"dvar":137.296798706,"dvar2":339.374084473,"max":229.339691162,"mean":25.6120529175,"median":22.5219650269,"min":1.12094844697e-16,"var":389.007263184},"melbands":{"dmean":[0.00280063576065,0.00161637272686,0.00070462829899,0.000577602360863,0.00022957319743,0.000194313397515,0.000121520490211,0.000113233560114,0.000140170013765,0.000131058986881,0.0000851325094118,0.0000607107758697,0.0000468318794447,0.0000372308531951,0.0000403507074225,0.0000502712646266,0.0000486815515615,0.0000295937243209,0.0000255335708061,0.0000265218677669,0.0000201226102945,0.0000229260094784,0.0000153203091031,0.00000933135834202,0.00000985335100268,0.0000110975179268,0.00000847836236062,0.00000586855776419,0.00000411505652664,0.00000306502033709,0.00000250306447924,0.00000203426066037,0.0000016498071318,0.00000141359498684,0.00000124348093777,0.00000132619038595,0.0000010776371937,7.85476402143e-7,8.42002805257e-7,6.25433074219e-7],"dmean2":[0.00399889564142,0.0026127723977,0.00120305910241,0.000996355782263,0.000380202138331,0.000318956910633,0.000204194002436,0.000187540281331,0.000220520843868,0.000200278576813,0.000135740803671,0.0000962184276432,0.0000739542083465,0.0000598966471443,0.0000642339145998,0.0000793342405814,0.0000768400059314,0.0000473143045383,0.0000413789639424,0.0000434720204794,0.0000330203474732,0.0000379412631446,0.0000254301357927,0.0000153163546202,0.0000162976157299,0.0000185021563084,0.0000141989066833,0.00000991289834928,0.00000703844079908,0.00000526279518454,0.00000431342914453,0.00000344214186043,0.00000278437255474,0.00000232938418776,0.00000196005635189,0.0000020455156573,0.00000164754726484,0.00000119864239423,0.00000125094516079,9.30009719013e-7],"dvar":[0.0000558058054594,0.0000104061409729,0.00000124696623516,0.00000138912503189,1.97479522512e-7,1.16162539143e-7,4.41225509462e-8,5.60225146273e-8,9.56507975047e-8,8.53501589404e-8,4.83182347466e-8,1.80158288288e-8,1.10145119692e-8,6.05389782748e-9,7.57426743547e-9,1.62175783913e-8,1.28567609892e-8,3.65078345332e-9,2.09107708926e-9,1.99438199289e-9,1.04822583946e-9,1.32783672946e-9,5.09074282729e-10,2.43430942071e-10,3.08658515413e-10,3.72001512927e-10,2.26009641557e-10,1.45678108465e-10,8.82707032468e-11,6.64605315226e-11,5.19290582757e-11,3.35102987026e-11,2.02929634902e-11,1.77994511491e-11,1.67789133282e-11,3.21376536494e-11,2.174050176e-11,9.65633389222e-12,1.66728714168e-11,8.61487183673e-12],"dvar2":[0.000114402835607,0.0000243824797508,0.00000346885349245,0.0000039132769416,5.35243714239e-7,3.19170482044e-7,1.23473668623e-7,1.44359617593e-7,2.30791371791e-7,1.94343002136e-7,1.22672432212e-7,4.51462760509e-8,2.84075110102e-8,1.63480677884e-8,1.760638213e-8,3.96177100015e-8,3.12723216211e-8,8.77400818666e-9,5.12312858802e-9,4.94592145017e-9,2.58054533298e-9,3.42825123845e-9,1.3168265367e-9,6.17876472209e-10,7.94293075757e-10,9.2790986006e-10,5.83930181985e-10,3.89274223966e-10,2.417646916e-10,1.84345649856e-10,1.44463371821e-10,9.42072045373e-11,5.49991927001e-11,4.54897473856e-11,3.69892345919e-11,7.019888143e-11,4.71936933977e-11,2.04145624016e-11,3.54869189589e-11,1.84727996788e-11],"max":[0.0699299275875,0.0382696613669,0.0263627395034,0.0211078263819,0.0119706634432,0.00676382565871,0.00622446089983,0.00726514402777,0.00838571693748,0.00816895067692,0.00619820505381,0.00429202010855,0.00283285183832,0.00300487666391,0.00236299005337,0.00323268654756,0.00356230256148,0.00163183966652,0.0012689930154,0.00119482516311,0.00124693650287,0.00088727241382,0.000490312406328,0.000353016977897,0.000450260005891,0.00065998028731,0.000369949179003,0.000269514101092,0.00019638024969,0.000171717547346,0.000186905162991,0.000176200541318,0.0000748298625695,0.000108122316306,0.000137081296998,0.000204817537451,0.000148472739966,0.000106431769382,0.000157275106176,0.000120842902106],"mean":[0.00354163208976,0.00265701394528,0.00130265171174,0.000917919620406,0.000451012077974,0.000393090216676,0.000225206735195,0.000184258635272,0.000257237174083,0.00025102274958,0.000166420824826,0.000117026123917,0.0000954360002652,0.0000792984137661,0.0000824366652523,0.0000989318432403,0.0000994728470687,0.0000578552317165,0.0000499311317981,0.0000537702835572,0.0000406181716244,0.0000469081314804,0.0000325742221321,0.0000198407851713,0.0000194482599909,0.0000231186186284,0.0000171804658748,0.0000110215478344,0.00000747327612771,0.00000537615596841,0.00000404703223467,0.00000367959751202,0.00000279592586594,0.00000238437951339,0.00000216619332605,0.00000235063930631,0.00000195201050701,0.00000144044167882,0.00000142978228723,0.00000108286815248],"median":[0.000676397350617,0.00161727564409,0.00101093621925,0.000610879214946,0.000293508463074,0.000250623561442,0.000140935910167,0.000103268219391,0.0000949687237153,0.0000956498042797,0.0000657913260511,0.0000478118490719,0.0000386507017538,0.0000362736536772,0.0000340744772984,0.0000295830286632,0.0000337998244504,0.000026637548217,0.0000283347053482,0.0000323837994074,0.0000274008507404,0.0000319834944094,0.0000235736406466,0.0000129703412313,0.0000113831647468,0.0000132737541207,0.00000982231722446,0.00000565385289519,0.00000384268560083,0.00000286172439701,0.00000219388607547,0.00000196780933948,0.00000136266748996,0.00000100570753148,7.53348217586e-7,6.93253355166e-7,5.52359438188e-7,3.37145991125e-7,2.96723072779e-7,2.298449715e-7],"min":[8.17254139124e-24,7.48242457211e-24,1.0236696924e-23,3.34064725662e-24,3.37928093059e-24,2.29666952351e-24,2.45273460955e-24,2.15372122216e-24,1.51570535261e-23,9.32386968292e-24,9.00355113463e-24,1.92127641446e-23,3.29734960031e-23,1.34536377744e-23,1.10931103551e-23,8.71646650742e-24,7.1996944571e-24,7.66467116274e-24,7.29328728148e-24,1.49362813354e-23,7.30981865061e-24,6.59735103545e-24,8.13355588531e-24,1.11612087727e-23,1.16071841857e-23,1.30528475252e-23,6.99527693073e-24,5.46346958598e-24,1.19153952968e-23,1.82411967429e-23,1.35722871877e-23,1.03383858278e-23,6.07948475598e-24,1.26000776532e-23,1.12799212949e-23,1.27946036527e-23,6.16282041644e-24,1.05898415522e-23,1.05022772029e-23,1.09822659316e-23],"var":[0.0000791229758761,0.0000136851531352,0.00000169281895523,0.00000135870357099,3.0055048228e-7,2.19192841655e-7,7.79448825483e-8,8.24833179536e-8,2.5460553843e-7,2.22645681447e-7,1.23970622212e-7,4.58895783595e-8,3.24436193466e-8,2.22264073813e-8,2.81367160682e-8,4.99471752846e-8,5.2537494355e-8,9.4795140626e-9,5.1395265821e-9,5.14850873046e-9,2.36105268669e-9,2.84304491061e-9,1.11967213279e-9,5.5629179041e-10,7.58729523653e-10,1.14612930258e-9,5.48236234188e-10,2.91122986829e-10,1.27703334019e-10,7.76209235775e-11,4.90403342934e-11,3.51365603279e-11,2.31191194661e-11,2.45292761797e-11,3.17642717684e-11,6.47835049494e-11,4.82091588871e-11,2.36103428475e-11,3.76459939611e-11,1.95594651586e-11]},"melbands_crest":{"dmean":3.19647741318,"dmean2":4.93700218201,"dvar":9.49885463715,"dvar2":19.7387695312,"max":35.0287437439,"mean":13.9724969864,"median":12.7048883438,"min":2.68378949165,"var":32.9996528625},"melbands_flatness_db":{"dmean":0.0243753995746,"dmean2":0.0363737717271,"dvar":0.000809257850051,"dvar2":0.00164705805946,"max":0.563815832138,"mean":0.195810675621,"median":0.17436952889,"min":0.0104114133865,"var":0.00646712025627},"melbands_kurtosis":{"dmean":7.68321037292,"dmean2":11.8208904266,"dvar":401.848724365,"dvar2":873.4140625,"max":675.88482666,"mean":13.8801574707,"median":6.01636886597,"min":-1.79053723812,"var":742.764648438},"melbands_skewness":{"dmean":0.717201828957,"dmean2":1.07125198841,"dvar":0.93284958601,"dvar2":1.85239255428,"max":21.6282062531,"mean":2.65694975853,"median":2.28670215607,"min":-2.60910964012,"var":3.40408015251},"melbands_spread":{"dmean":6.25788736343,"dmean2":9.69378566742,"dvar":64.0904312134,"dvar2":132.728790283,"max":206.001968384,"mean":25.7815761566,"median":23.9558029175,"min":0.300285488367,"var":276.295288086},"mfcc":{"cov":[[10008.4267578,-791.999694824,-479.785644531,2.69944167137,-33.0114021301,280.535400391,103.19480896,189.157562256,204.949478149,379.441101074,267.514007568,177.559890747,-32.9581871033],[-791.999694824,1234.32055664,-232.953720093,152.852218628,-82.4664154053,16.1298770905,92.4569778442,52.6212463379,41.4536399841,-33.8700561523,-39.9457511902,-48.8904075623,-3.18584060669],[-479.785644531,-232.953720093,718.700073242,-73.5381317139,83.4693756104,-16.2791023254,-33.3875465393,35.2829666138,20.8884010315,-18.653673172,-13.4487218857,8.04588031769,12.8401184082],[2.69944167137,152.852218628,-73.5381317139,501.852233887,97.4846496582,90.5394668579,41.4861373901,-27.9133052826,63.047580719,4.93942070007,12.6053256989,62.4664993286,67.406211853],[-33.0114021301,-82.4664154053,83.4693756104,97.4846496582,218.131149292,40.9880714417,8.18467712402,-18.9909038544,27.9299793243,19.5171222687,7.68241214752,27.2277240753,27.3146152496],[280.535400391,16.1298770905,-16.2791023254,90.5394668579,40.9880714417,160.05657959,82.0384674072,35.8779335022,29.9796066284,32.51902771,26.5555210114,35.9165115356,6.97510433197],[103.19480896,92.4569778442,-33.3875465393,41.4861373901,8.18467712402,82.0384674072,182.349716187,57.208240509,25.3830623627,22.2926998138,2.93405866623,32.0961914062,6.97282409668],[189.157562256,52.6212463379,35.2829666138,-27.9133052826,-18.9909038544,35.8779335022,57.208240509,131.83215332,62.8579750061,34.1719322205,21.5425853729,5.58200979233,-3.78419351578],[204.949478149,41.4536399841,20.8884010315,63.047580719,27.9299793243,29.9796066284,25.3830623627,62.8579750061,131.489974976,65.2201309204,26.3697624207,9.19157600403,0.00889107491821],[379.441101074,-33.8700561523,-18.653673172,4.93942070007,19.5171222687,32.51902771,22.2926998138,34.1719322205,65.2201309204,105.725906372,51.107006073,16.3699131012,-8.74338531494],[267.514007568,-39.9457511902,-13.4487218857,12.6053256989,7.68241214752,26.5555210114,2.93405866623,21.5425853729,26.3697624207,51.107006073,84.6965637207,33.3358688354,7.60854530334],[177.559890747,-48.8904075623,8.04588031769,62.4664993286,27.2277240753,35.9165115356,32.0961914062,5.58200979233,9.19157600403,16.3699131012,33.3358688354,81.0259475708,37.7685623169],[-32.9581871033,-3.18584060669,12.8401184082,67.406211853,27.3146152496,6.97510433197,6.97282409668,-3.78419351578,0.00889107491821,-8.74338531494,7.60854530334,37.7685623169,75.1346969604]],"icov":[[0.000136336544529,0.000099645309092,0.000114936010505,0.00000503004230268,0.0000712455876055,-0.000154270717758,0.0000735180219635,-0.000140395044582,-0.0000173983135028,-0.000312763440888,-0.0000303804026771,-0.00018605797959,0.0000746119476389],[0.000099645309092,0.00113010185305,0.00036122390884,-0.000406683073379,0.00037857008283,0.0000585275774938,-0.000499537447467,-0.000470854050945,-0.000379054137738,0.000347953871824,0.00000861486478243,0.000837346888147,-0.000106919411337],[0.000114936010505,0.00036122390884,0.0018123742193,0.000340991216945,-0.000701999117155,-0.0000449806611869,0.000438479793957,-0.000930082052946,-0.000559429929126,0.000598193786573,0.000358196062734,-0.000489303143695,-0.0000986957602436],[0.00000503004230268,-0.000406683073379,0.000340991216945,0.00341467140242,-0.000743720505852,-0.00160435261205,0.00013359276636,0.00193338503595,-0.00258441921324,0.00133043189999,0.0000939803285291,-0.00130982534029,-0.00182842172217],[0.0000712455876055,0.00037857008283,-0.000701999117155,-0.000743720505852,0.0061521017924,-0.00131096981931,-0.0000641763035674,0.00175999698695,-0.00111286877654,-0.00120627088472,0.00060420850059,-0.000128905187012,-0.00132238154765],[-0.000154270717758,0.0000585275774938,-0.0000449806611869,-0.00160435261205,-0.00131096981931,0.0103030493483,-0.00356916268356,-0.00157031859271,0.00105831061956,-0.000622107239906,-0.00147355883382,-0.00124281703029,0.00185551727191],[0.0000735180219635,-0.000499537447467,0.000438479793957,0.00013359276636,-0.0000641763035674,-0.00356916268356,0.0090800030157,-0.00340963737108,0.00104941113386,-0.00172735238448,0.00341749424115,-0.00378112099133,0.000510041369125],[-0.000140395044582,-0.000470854050945,-0.000930082052946,0.00193338503595,0.00175999698695,-0.00157031859271,-0.00340963737108,0.0139487590641,-0.00680365273729,0.00158052705228,-0.00250584143214,0.00121005030815,-0.00130198616534],[-0.0000173983135028,-0.000379054137738,-0.000559429929126,-0.00258441921324,-0.00111286877654,0.00105831061956,0.00104941113386,-0.00680365273729,0.0162362828851,-0.00908602774143,0.00167967774905,0.000834736565594,0.000607793626841],[-0.000312763440888,0.000347953871824,0.000598193786573,0.00133043189999,-0.00120627088472,-0.000622107239906,-0.00172735238448,0.00158052705228,-0.00908602774143,0.0212965290993,-0.00943720340729,0.000514945189934,0.00249409372918],[-0.0000303804026771,0.00000861486478243,0.000358196062734,0.0000939803285291,0.00060420850059,-0.00147355883382,0.00341749424115,-0.00250584143214,0.00167967774905,-0.00943720340729,0.0210839863867,-0.00770440557972,-0.0000453561951872],[-0.00018605797959,0.000837346888147,-0.000489303143695,-0.00130982534029,-0.000128905187012,-0.00124281703029,-0.00378112099133,0.00121005030815,0.000834736565594,0.000514945189934,-0.00770440557972,0.023597612977,-0.00923529546708],[0.0000746119476389,-0.000106919411337,-0.0000986957602436,-0.00182842172217,-0.00132238154765,0.00185551727191,0.000510041369125,-0.00130198616534,0.000607793626841,0.00249409372918,-0.0000453561951872,-0.00923529546708,0.0201275534928]],"mean":[-625.693969727,123.500839233,-10.1677207947,30.4636631012,7.73689937592,4.48212909698,0.198631584644,4.16861581802,-0.541557431221,1.30162525177,-2.60269880295,-2.21319818497,-1.90032064915]},"pitch_salience":{"dmean":0.0717537328601,"dmean2":0.113933004439,"dvar":0.00537118315697,"dvar2":0.0121934423223,"max":0.90046107769,"mean":0.564573824406,"median":0.57933396101,"min":0.103159412742,"var":0.0144802946597},"silence_rate_20dB":{"dmean":0,"dmean2":0,"dvar":0,"dvar2":0,"max":1,"mean":1,"median":1,"min":1,"var":0},"silence_rate_30dB":{"dmean":0.0590546503663,"dmean2":0.11811632663,"dvar":0.0555625297129,"dvar2":0.115344852209,"max":1,"mean":0.942258477211,"median":1,"min":0,"var":0.05441782251},"silence_rate_60dB":{"dmean":0.00285748299211,"dmean2":0.00571530638263,"dvar":0.00284885056317,"dvar2":0.00639631878585,"max":1,"mean":0.0391689985991,"median":0,"min":0,"var":0.0376361608505},"spectral_centroid":{"dmean":209.474960327,"dmean2":336.619262695,"dvar":57244.0976562,"dvar2":130804.875,"max":10700.4023438,"mean":1484.51171875,"median":1470.64025879,"min":172.687332153,"var":337222.25},"spectral_complexity":{"dmean":3.87724733353,"dmean2":6.12121200562,"dvar":17.9934215546,"dvar2":38.7711334229,"max":63,"mean":26.1949520111,"median":27,"min":0,"var":138.669509888},"spectral_contrast_coeffs":{"dmean":[0.0495785586536,0.0442853681743,0.0358146242797,0.028408806771,0.0198617428541,0.0182151887566],"dmean2":[0.0820716619492,0.0733609944582,0.0586743317544,0.0467485636473,0.0326289311051,0.0285914614797],"dvar":[0.001771376119,0.00127900124062,0.000819955661427,0.000520035275258,0.000270876043942,0.000338488840498],"dvar2":[0.0048382980749,0.00348600908183,0.00216128304601,0.00135920464527,0.000687729916535,0.000754199572839],"max":[-0.280978649855,-0.30194875598,-0.461305469275,-0.424846738577,-0.479385674,-0.535347640514],"mean":[-0.636975347996,-0.734211623669,-0.76790779829,-0.773704469204,-0.78646337986,-0.747596085072],"median":[-0.640767931938,-0.745416402817,-0.780271172523,-0.782438576221,-0.791380882263,-0.749129533768],"min":[-0.957007646561,-0.961965441704,-0.970443248749,-0.95840126276,-0.963988423347,-0.961621761322],"var":[0.00667787529528,0.00651756534353,0.0050137094222,0.00394773157313,0.00212969630957,0.00223814486526]},"spectral_contrast_valleys":{"dmean":[0.385239899158,0.328396379948,0.271909296513,0.23960570991,0.219658702612,0.259606987238],"dmean2":[0.634531497955,0.544422566891,0.448275089264,0.383031755686,0.342295706272,0.353316396475],"dvar":[0.129436865449,0.0961019098759,0.0621116235852,0.060336086899,0.0756941065192,0.145864903927],"dvar2":[0.294056773186,0.229752272367,0.133525878191,0.120218612254,0.151899710298,0.272379159927],"max":[-4.75862264633,-4.37601709366,-5.36115932465,-5.42229652405,-5.20625448227,-7.143491745],"mean":[-7.0412902832,-6.65807342529,-7.17920303345,-7.36598777771,-7.19245386124,-10.265750885],"median":[-6.75457286835,-6.40005207062,-6.94823980331,-7.10243082047,-6.91041278839,-9.9241771698],"min":[-27.0159549713,-27.1676597595,-26.9150028229,-27.2179012299,-27.0775203705,-27.1912746429],"var":[1.56152880192,1.38056004047,1.21708738804,1.15127241611,1.20443415642,2.19430184364]},"spectral_decrease":{"dmean":3.53240459106e-9,"dmean2":5.17852116744e-9,"dvar":4.08573290425e-17,"dvar2":8.12169799064e-17,"max":-6.61318240955e-29,"mean":-9.24112875111e-9,"median":-7.255098744e-9,"min":-6.47611386739e-8,"var":7.5825747546e-17},"spectral_energy":{"dmean":0.0136580532417,"dmean2":0.0199991296977,"dvar":0.000590983778238,"dvar2":0.00117470382247,"max":0.246222063899,"mean":0.0372014604509,"median":0.0298565644771,"min":1.0416927792e-20,"var":0.00112634873949},"spectral_energyband_high":{"dmean":0.000426876766142,"dmean2":0.000674954731949,"dvar":0.00000133400942559,"dvar2":0.00000323435574501,"max":0.0231199450791,"mean":0.000974787864834,"median":0.000541077926755,"min":7.70823440327e-21,"var":0.00000269396218755},"spectral_energyband_low":{"dmean":0.0109253367409,"dmean2":0.0158197842538,"dvar":0.00059370364761,"dvar2":0.00118427001871,"max":0.239416450262,"mean":0.0175519511104,"median":0.00802615098655,"min":6.1689049006e-23,"var":0.000947535270825},"spectral_energyband_middle_high":{"dmean":0.00187447294593,"dmean2":0.00296575343236,"dvar":0.00000636513141217,"dvar2":0.0000155329908011,"max":0.0506673939526,"mean":0.00754336547107,"median":0.00604744348675,"min":1.60179294802e-21,"var":0.0000383243896067},"spectral_energyband_middle_low":{"dmean":0.0044962503016,"dmean2":0.00751087628305,"dvar":0.000055365228036,"dvar2":0.000152029591845,"max":0.108918279409,"mean":0.0123313292861,"median":0.0106849428266,"min":1.97657354444e-22,"var":0.0000847719347803},"spectral_entropy":{"dmean":0.111409917474,"dmean2":0.1684307307,"dvar":0.0163865480572,"dvar2":0.0351393446326,"max":9.81122303009,"mean":7.62316131592,"median":7.70655441284,"min":4.54444265366,"var":0.246120348573},"spectral_flux":{"dmean":0.0269392505288,"dmean2":0.0426557250321,"dvar":0.00160227098968,"dvar2":0.00374366249889,"max":0.408632367849,"mean":0.0921639353037,"median":0.0803734958172,"min":1.02063350826e-10,"var":0.00326267210767},"spectral_kurtosis":{"dmean":1.82252919674,"dmean2":3.14609074593,"dvar":16.1073646545,"dvar2":49.080493927,"max":97.4820632935,"mean":5.26748752594,"median":3.76897716522,"min":-1.21553218365,"var":57.236240387},"spectral_rms":{"dmean":0.000915702083148,"dmean2":0.00133193784859,"dvar":0.00000165214930803,"dvar2":0.00000308531480187,"max":0.0154989240691,"mean":0.00553456367925,"median":0.00539706926793,"min":3.18792344953e-12,"var":0.00000566271864955},"spectral_rolloff":{"dmean":413.525115967,"dmean2":686.485900879,"dvar":579757.125,"dvar2":1166747.375,"max":18949.21875,"mean":1515.22949219,"median":1399.65820312,"min":64.599609375,"var":1636212.875},"spectral_skewness":{"dmean":0.210376903415,"dmean2":0.350539386272,"dvar":0.0841732621193,"dvar2":0.246764972806,"max":7.68204641342,"mean":1.48208808899,"median":1.38405370712,"min":0.0329394377768,"var":0.464413523674},"spectral_spread":{"dmean":384448.53125,"dmean2":551754.4375,"dvar":354389655552,"dvar2":567258710016,"max":41456048,"mean":4073003.25,"median":3903799,"min":761006.875,"var":1985764786180},"spectral_strongpeak":{"dmean":0.513227462769,"dmean2":0.883742511272,"dvar":0.833420813084,"dvar2":2.11802792549,"max":12.2973136902,"mean":0.902677893639,"median":0.427396535873,"min":0,"var":1.64532542229},"zerocrossingrate":{"dmean":0.00877755135298,"dmean2":0.0100885583088,"dvar":0.000138531890116,"dvar2":0.000146511549246,"max":0.5,"mean":0.0593301095068,"median":0.05712890625,"min":0.001953125,"var":0.00104815198574}},"metadata":{"audio_properties":{"analysis_sample_rate":44100,"bit_rate":320021,"codec":"mp3","downmix":"mix","equal_loudness":0,"length":390.03427124,"lossless":false,"md5_encoded":"9c04ddfdada7a0e13263305c3ea22a05","replay_gain":-13.1865844727,"sample_rate":44100},"tags":{"acoustid_fingerprint":["AQADtJukJVHEKMFPPEefo2nS8IipKId-ZUKq6rguPDzx5ABV9cMT4kUO7clQcaTw_og9HZ714InxaEZ2l7gCXT2aJqlRPkS-HNwTNEkzHzXx5Ar6TEOkkEf5Q3yO52j64znGd9ADLz1yJTiVGX-Lu0WeZV3g6YKeE2dqVGkUaMnxB08cCVceXGsK9UKTtEcvB2x048dpaI-So4n1IF9KXHox59GII8y9oDf2PbiJfgcVC1UW1E-Ec0aZ4y0FRT_sxPgyTEpx60N5B14Mxgl75FVzPMcpNDlqPEubBPkSZoOWJzrCMzueE-fxC32O5tLx6MKRuwIfl8QZPNYM5w9YHU8SGnpF7CrCo2k05MJ-4oOY_Ih9PBd-sNmPnIGeEKFVNE2qqHiu4s6R54GWXUIWMT0-McWP50HJXGgcqgfPFD_ew_mD57gypYiuQ_3RNTsc9sLzpSiVYzzedrg8VOKPZikuxniTQwdzwpZxgWGy442OT0cXHcnkB600FuZRrsF17O_QZ4dHxijDR0GoH8miDa9xPcajoD2PpseT_PhxNEGPC3kS7dASrc9QcwOao5R4aIzyIUyVD8eY5gua6IpQJuYMPlqK_vBRSwueRHqKM7NQbfkDj1LwpJEVPDqSUzGyz6idaNhx4Uez_QhFJQoSd5mESzzaFW6S0-iF6sHVoRIjH7uO_kg_K4L4D6Ei4-JxOnhu9EngHV5G1FGUI7TGQ8uN3ME_o1KiB1nS1NAZ5GiCmkkqXBGdFC96BpnyHVW0QpePPgwHsRSlID-2JQpRXsTzoz_RhGcWXFmOow-SxemHHM-D58Gfo7GIbhJ2VD-a47mMPRkcRXmx5jziQ8vRQ2OSXELTB88HPh-aJDkqftgjFv2B84iUJkse3MKZ6GCEJjGLXCb0D7sU5EweXDFKFTkcsoHMlClyJiXuCzOPjlqOS2wafEf548uPy4PjHF10nJERShchIn40-EMX6cFrDc26o08Q_mim5bh4NFueItzEWPiLS6ODLmMCJozSon-LLIlD8CchXsiTDdx2PAvSScwW6DvyZ2g4SipKOcfzC7V-ODkqMXnw7EHzC-GpEsmVAHPRZPlQTtET_MF_HOeioWSP1IqO64c4WHqMvMOJH78s5KiohdAbPojOC__RnA5cVB-6vkLzjIxwIdfRq9BS6uiYI0z0PMXFo18J90f4ELWhH76OPMOPdNNHPCK-HK6CXDk8HT1-MgvCmYdjiJOKXGqPHyd8MOQ61OrhVEfN65jOI7-QvEc7XEefwvrx_qh-PBpuUmhuTPrQacyQRkoPfc_g50MuwQtfXMnhKoPjSkOXjDcuJibCoHoM3cd3yFqOLDcajife5cV53B8RpmJ4JGMcLsax68JHolYtTBk_44ly5NCN7orgf9B-ZLWHK7lxHdP7IPWLWhiPN2bwXwibo3EOXhIaPelxHXmY56jx9DgKPwpiH210S8iTXPh_aC-ay3gSXUGpC_5RmZDbp6ieIxfKSMdFF_kbTEl9JLsy44-MkhzM9DjhbFIqPJ2oEDeR3Ehv9DheC1O4GxVuFbx29CxSnCdGT8cDV8V1DD