{"lowlevel":{"average_loudness":0.94526040554,"barkbands":{"dmean":[0.000266282964731,0.00446471292526,0.00425432668999,0.00195234431885,0.00195383699611,0.00065053900471,0.000379601522582,0.000400281132897,0.000598026090302,0.000617650861386,0.000341538194334,0.000441703799879,0.000402541540097,0.000366070657037,0.000303262320813,0.000317080906825,0.000295941950753,0.000273490644759,0.000207400196814,0.000122047968034,0.000121759869216,0.0000908208021428,0.000085664105427,0.0000707206927473,0.0000586306014156,0.0000285291807813,0.000009805573427],"dmean2":[0.000423838151619,0.006684392225,0.00749461911619,0.00334476795979,0.00327424658462,0.000999467913061,0.000601681764238,0.000633117102552,0.000927258515731,0.000945386069361,0.000526430667378,0.000705760437995,0.000620017643087,0.00056396657601,0.000459717412014,0.000501729955431,0.000481717288494,0.000440652889665,0.00033816229552,0.000197510249563,0.000191071711015,0.000143543002196,0.000130272092065,0.000105151091702,0.0000861484950292,0.0000427267041232,0.0000146780294017],"dvar":[5.31621594746e-7,0.0000802603317425,0.000102162288385,0.0000242883943429,0.0000292889380944,0.00000129585976083,5.36432821718e-7,7.17710122444e-7,0.00000197911731448,0.00000229102624871,9.0165247002e-7,0.00000168085523455,0.00000197405643121,0.00000112739155611,6.11613472756e-7,8.58257692471e-7,2.85242805376e-7,2.92021923087e-7,1.14496394588e-7,3.8414547987e-8,5.08801818455e-8,4.8222339899e-8,3.64402694686e-8,6.06382570822e-8,8.27083397326e-8,7.98042876227e-9,1.54410506603e-9],"dvar2":[0.00000126528004785,0.000169623715919,0.000285480433377,0.0000676816925989,0.0000785730953794,0.00000308665380544,0.00000129805948745,0.00000178231266545,0.0000046871732593,0.00000515181545779,0.00000200328236133,0.00000422573975811,0.00000451068535767,0.00000259442776951,0.0000013181935401,0.00000202533124138,7.10118683855e-7,6.64307833631e-7,2.85318492388e-7,9.45975884292e-8,1.12416756792e-7,1.04001102841e-7,7.77503288418e-8,1.19233973805e-7,1.56040925958e-7,1.75652719037e-8,3.700950435e-9],"max":[0.00669373106211,0.0830542966723,0.0913655534387,0.100435376167,0.0638769194484,0.0214755591005,0.0154982563108,0.0231868773699,0.0266463961452,0.0295004658401,0.0226816534996,0.0360870882869,0.0485076196492,0.0347976572812,0.018749833107,0.0401810705662,0.016350319609,0.0227103605866,0.0101076848805,0.00411580968648,0.00688373390585,0.00770661281422,0.00583558296785,0.00717927934602,0.0131099130958,0.00171757105272,0.000904702930711],"mean":[0.000253231817624,0.00693619111553,0.00516929291189,0.00285750161856,0.00249624019489,0.00119579595048,0.000724143290427,0.000674307055306,0.000993750640191,0.00100343348458,0.000504348834511,0.000690408516675,0.000655245676171,0.00064109719824,0.000514184008352,0.000564048998058,0.000691464985721,0.000612916948739,0.000547757663298,0.000306071859086,0.000315424433211,0.00020260681049,0.000193501735339,0.000148102262756,0.000107789004687,0.0000465383964183,0.000012670160686],"median":[0.0000134116098707,0.00212450162508,0.00284706265666,0.00172152696177,0.00113396754023,0.000635193195194,0.000277840881608,0.00024267155095,0.000295955629554,0.000229929355555,0.000114637929073,0.000166141267982,0.000166405778145,0.000228145450819,0.000183912547072,0.000278187450022,0.000474936183309,0.000427348044468,0.000403483718401,0.000220262358198,0.000217742752284,0.000117893920105,0.0000957334050327,0.000069475521741,0.0000341027407558,0.0000170288785739,0.000002461199756],"min":[3.3838800902e-13,1.17678306336e-12,1.72198122054e-14,4.27430524785e-13,3.45153105315e-13,1.23640409976e-13,1.47480335236e-13,6.76074864495e-14,1.65475909342e-13,3.04798233094e-13,5.68649538265e-14,2.2998736162e-13,2.9733539849e-13,3.36404732196e-13,1.48175986455e-13,1.08180595016e-13,3.48850397354e-13,2.61054361721e-13,1.26800859309e-13,4.89529532362e-13,4.15420058379e-13,1.00266355548e-12,5.59327757721e-13,1.16454675764e-12,3.67074816723e-12,2.67228383519e-12,4.17295972083e-12],"var":[5.28510497588e-7,0.000124336598674,0.0000746253499528,0.0000195221091417,0.0000248797205131,0.0000027330413559,0.00000153871815201,0.00000140476743127,0.00000392843730879,0.00000495124277222,0.00000188446381344,0.00000347428408531,0.00000471586599815,0.0000027244454941,0.00000130462490233,0.00000149925676851,9.42205758747e-7,8.61499415805e-7,4.48012457355e-7,1.19283285471e-7,1.5372023654e-7,1.07126673754e-7,9.91024649011e-8,1.42850410612e-7,2.11823845575e-7,1.28915500497e-8,1.66293734338e-9]},"barkbands_crest":{"dmean":2.53690123558,"dmean2":3.87318944931,"dvar":5.6397819519,"dvar2":12.0219860077,"max":26.3374767303,"mean":9.76670074463,"median":8.54529476166,"min":2.0942568779,"var":21.0564575195},"barkbands_flatness_db":{"dmean":0.0214671343565,"dmean2":0.0331212282181,"dvar":0.00064742565155,"dvar2":0.00154341873713,"max":0.451501488686,"mean":0.114389620721,"median":0.0960841178894,"min":0.0205563623458,"var":0.00366433314048},"barkbands_kurtosis":{"dmean":4.13400030136,"dmean2":6.63111448288,"dvar":100.466445923,"dvar2":268.576904297,"max":224.037307739,"mean":5.31729841232,"median":0.487440109253,"min":-1.94257211685,"var":211.096908569},"barkbands_skewness":{"dmean":0.616990923882,"dmean2":0.939985334873,"dvar":0.599948525429,"dvar2":1.41689765453,"max":12.7098331451,"mean":1.6519408226,"median":1.21070420742,"min":-1.89576280117,"var":2.43139648438},"barkbands_spread":{"dmean":6.097219944,"dmean2":9.37423038483,"dvar":51.7277183533,"dvar2":109.935371399,"max":121.810028076,"mean":28.6277980804,"median":28.832157135,"min":0.516208946705,"var":214.811401367},"dissonance":{"dmean":0.0133613571525,"dmean2":0.0224011745304,"dvar":0.000182003801456,"dvar2":0.000479086913401,"max":0.5,"mean":0.475086480379,"median":0.479748517275,"min":0.319808065891,"var":0.000346649583662},"dynamic_complexity":4.62965583801,"erbbands":{"dmean":[0.139155432582,1.10935676098,4.27560853958,6.22904491425,7.48441362381,5.32951879501,5.55306100845,4.74577283859,5.11899757385,5.00064277649,11.0560731888,11.1783237457,15.993847847,20.9592018127,14.4794149399,17.6856708527,17.6625480652,17.4841899872,16.1159000397,13.3958539963,18.0859336853,14.7028160095,14.3377599716,13.0717926025,8.00649356842,5.38343858719,5.36124229431,4.27608299255,3.2497241497,2.92943477631,2.49732017517,1.76133966446,1.09991908073,0.789929687977,0.349100708961,0.141413792968,0.0521754473448,0.0131118036807,0.00153479166329,0.0000802162539912],"dmean2":[0.191848009825,1.77367889881,7.50304222107,10.7362518311,12.7782278061,8.93883609772,8.43155574799,7.51471138,8.04160022736,8.16833209991,17.2622108459,17.3348293304,24.8413982391,31.6206989288,22.4279670715,28.2406368256,26.8459129333,26.8861846924,24.1441802979,20.7139949799,28.2784290314,23.9001998901,23.2696247101,21.0904159546,13.0325136185,8.62380027771,8.41257476807,6.67097234726,5.11336660385,4.60431480408,3.80013632774,2.67774343491,1.62711179256,1.16361093521,0.512134432793,0.212906509638,0.0785979107022,0.0197210907936,0.00228182552382,0.000118458090583],"dvar":[0.103836447001,5.37709951401,97.6022949219,212.477737427,470.925048828,206.962692261,94.8240814209,107.008552551,95.6389846802,106.25302124,591.816040039,682.386352539,1839.25219727,2739.97875977,1464.59362793,2222.69921875,4456.32128906,2644.20117188,1728.29309082,1343.68981934,3296.1784668,672.689147949,789.63067627,482.393371582,164.804321289,73.4994888306,104.40045166,66.3187332153,60.1038360596,47.8073883057,32.9235839844,26.5501117706,19.5357322693,16.3828620911,2.37736225128,0.206816881895,0.0317211076617,0.00234349421225,0.0000354452713509,8.45789500659e-8],"dvar2":[0.192753046751,13.5722427368,270.203521729,588.071533203,1286.44165039,562.729064941,220.308654785,263.290008545,217.827194214,272.542510986,1454.75854492,1591.04907227,4439.72265625,5876.20800781,3294.38720703,5534.41064453,10046.4121094,6139.19042969,3801.32324219,2939.14941406,7761.65283203,1657.85522461,1770.9420166,1196.35131836,418.342346191,176.004440308,238.815597534,139.357894897,134.008865356,107.280715942,70.5560455322,53.8356933594,40.1961631775,31.1643695831,4.44628238678,0.413362115622,0.0762336999178,0.00569485360757,0.0000833877566038,1.94871503822e-7],"max":[3.65104079247,22.5892791748,82.6206054688,240.35256958,271.858398438,215.157104492,168.618225098,246.230285645,229.226425171,270.994598389,741.234741211,488.387481689,1238.87658691,1428.39941406,1021.92675781,1248.70703125,2388.13061523,1952.29748535,1200.52331543,1144.44970703,2660.73950195,873.028686523,1533.63256836,655.077209473,288.613494873,204.632049561,324.082275391,362.381103516,307.201416016,198.512237549,152.324172974,137.800537109,146.125579834,197.346359253,49.932926178,12.2087192535,2.86870932579,1.02467560768,0.14186128974,0.00639673927799],"mean":[0.175100982189,1.64606082439,5.61336183548,9.0626001358,9.00958061218,7.03873634338,9.80878734589,8.27082538605,10.2614459991,8.71648311615,19.3111801147,20.0205783844,26.4160575867,35.4730682373,23.6473674774,29.0317268372,30.6527824402,32.1812400818,30.5753002167,24.9967899323,35.6808776855,37.3282585144,35.6078948975,32.4197502136,22.171787262,14.379907608,13.3259353638,10.9086322784,7.37151813507,6.25269699097,5.53874826431,3.75652098656,2.16820907593,1.45364737511,0.624521911144,0.246319130063,0.0779260769486,0.0171636212617,0.00205139955506,0.000139880983625],"median":[0.0305814296007,0.618239045143,3.42797255516,5.75943470001,4.00674676895,3.2236726284,4.92420434952,3.98296523094,4.50747776031,3.88557815552,7.4524641037,8.27724552155,8.6134185791,9.85818767548,7.22465085983,9.10789394379,8.39014625549,12.4549913406,11.5857000351,12.0415992737,18.6447067261,27.3156452179,25.9927062988,23.7954425812,17.1443309784,10.7321147919,8.91489601135,7.45936393738,4.45066547394,3.2315428257,2.69266557693,1.80440020561,0.965578436852,0.469546169043,0.193453922868,0.0962911918759,0.0251372437924,0.00420690141618,0.000448011007393,0.0000606098328717],"min":[2.34181909975e-11,3.07538300381e-10,4.12889250567e-10,1.41556255606e-9,1.14746112612e-9,1.00785912949e-9,6.47304321255e-10,1.5479917348e-9,1.64252200729e-9,8.39881553194e-10,2.29588259515e-9,4.04894429096e-9,7.7488291339e-9,3.53348461601e-9,3.88313203814e-9,1.13648024325e-8,2.10009751811e-8,1.14188347666e-8,2.00774721293e-8,5.24919485656e-9,9.00472851839e-9,1.82572303942e-8,1.04044719507e-8,1.39607783112e-8,1.01721671086e-8,2.1059108235e-8,1.50428558499e-8,1.99024512426e-8,3.23163718008e-8,2.76367391194e-8,1.44846534766e-8,2.11473043521e-8,2.34209700523e-8,5.06963324653e-8,1.91136653171e-8,1.12212026337e-8,4.66094451923e-9,1.97716265582e-9,5.14402465068e-10,6.11152239927e-11],"var":[0.152675077319,6.52268648148,75.2440032959,169.29901123,358.615447998,188.032546997,206.148529053,199.877502441,285.943328857,207.747329712,1142.58166504,1346.30090332,2931.00366211,6247.00585938,3147.26733398,4521.37255859,10631.9423828,6224.26806641,4470.23681641,2625.96435547,5978.65771484,2330.12768555,2549.90551758,1600.82580566,645.753601074,258.101135254,293.951629639,196.413909912,129.289886475,108.182891846,87.1382904053,65.2277679443,40.8649635315,41.7317008972,5.84959793091,0.446434319019,0.039185076952,0.00239770347252,0.0000396649338654,1.18573332486e-7]},"erbbands_crest":{"dmean":2.35610365868,"dmean2":3.80577158928,"dvar":5.73111486435,"dvar2":14.0565624237,"max":29.26212883,"mean":7.8007478714,"median":6.71635818481,"min":2.30979299545,"var":15.4316215515},"erbbands_flatness_db":{"dmean":0.0144147211686,"dmean2":0.0213517080992,"dvar":0.000263892055955,"dvar2":0.000542701920494,"max":0.329898536205,"mean":0.129601404071,"median":0.123520813882,"min":0.0385862588882,"var":0.00123264931608},"erbbands_kurtosis":{"dmean":0.693749547005,"dmean2":1.09725010395,"dvar":1.27250635624,"dvar2":2.97715902328,"max":33.7952156067,"mean":-0.0062663233839,"median":-0.426571130753,"min":-1.83584856987,"var":2.29062318802},"erbbands_skewness":{"dmean":0.316781073809,"dmean2":0.490052968264,"dvar":0.10765901953,"dvar2":0.252427756786,"max":4.72805786133,"mean":-0.0840700268745,"median":-0.112857580185,"min":-4.0367898941,"var":0.409154564142},"erbbands_spread":{"dmean":8.38038444519,"dmean2":13.0014276505,"dvar":83.860534668,"dvar2":196.731765747,"max":154.012954712,"mean":44.6821670532,"median":43.1713218689,"min":2.73828482628,"var":299.977935791},"gfcc":{"cov":[[18131.15625,-694.070922852,-595.914611816,544.331604004,-466.97064209,311.208282471,-228.549728394,61.4728088379,-126.574043274,66.3169631958,-79.6079177856,34.9924850464,-211.116073608],[-694.070922852,999.292053223,-57.5654067993,120.362243652,207.991882324,-72.8711700439,138.233688354,-42.6702880859,86.214881897,-26.7558956146,41.0476303101,-68.3697891235,71.2178421021],[-595.914611816,-57.5654067993,692.322509766,-2.30165791512,137.275772095,84.5706863403,24.9027900696,40.5719451904,34.7228851318,28.3491096497,6.35673666,14.2976827621,-4.11364650726],[544.331604004,120.362243652,-2.30165791512,346.141387939,18.7768306732,25.8857917786,18.6856021881,49.7116737366,57.0898628235,16.5385169983,25.5829563141,-17.2157287598,-0.105387955904],[-466.97064209,207.991882324,137.275772095,18.7768306732,278.820861816,4.80890798569,72.6674194336,12.5084218979,44.6739387512,23.9741096497,12.5315990448,-6.87862062454,10.3092002869],[311.208282471,-72.8711700439,84.5706863403,25.8857917786,4.80890798569,265.595672607,74.8737106323,-0.792798936367,14.0933713913,14.3234329224,31.2993431091,14.9769916534,23.9109802246],[-228.549728394,138.233688354,24.9027900696,18.6856021881,72.6674194336,74.8737106323,179.075897217,23.622505188,32.8179168701,6.77865934372,17.4750595093,-0.0409427210689,4.66517543793],[61.4728088379,-42.6702880859,40.5719451904,49.7116737366,12.5084218979,-0.792798936367,23.622505188,131.375198364,37.7615661621,12.4144887924,-3.49219155312,9.45266723633,-0.194646522403],[-126.574043274,86.214881897,34.7228851318,57.0898628235,44.6739387512,14.0933713913,32.8179168701,37.7615661621,102.328697205,30.6821632385,11.3445081711,-9.86875534058,18.0101356506],[66.3169631958,-26.7558956146,28.3491096497,16.5385169983,23.9741096497,14.3234329224,6.77865934372,12.4144887924,30.6821632385,78.1664962769,29.5117149353,5.66840267181,-7.86315250397],[-79.6079177856,41.0476303101,6.35673666,25.5829563141,12.5315990448,31.2993431091,17.4750595093,-3.49219155312,11.3445081711,29.5117149353,80.7862167358,29.2951564789,13.2923364639],[34.9924850464,-68.3697891235,14.2976827621,-17.2157287598,-6.87862062454,14.9769916534,-0.0409427210689,9.45266723633,-9.86875534058,5.66840267181,29.2951564789,73.3697814941,31.470621109],[-211.116073608,71.2178421021,-4.11364650726,-0.105387955904,10.3092002869,23.9109802246,4.66517543793,-0.194646522403,18.0101356506,-7.86315250397,13.2923364639,31.470621109,105.995574951]],"icov":[[0.0000713506087777,-0.000021726695195,0.0000698487347108,-0.000132191751618,0.0000580681589781,-0.000164111508639,0.000122674871818,-0.0000319319296977,0.0000915520577109,-0.000146559148561,0.000228005024837,-0.000205144693609,0.000191092272871],[-0.000021726695195,0.00217655394226,0.000145563783008,-0.000466394267278,-0.00113021559082,0.00130493869074,-0.00155211833771,0.00108266819734,-0.000884806038812,0.00162861531135,-0.00211277091876,0.00280693755485,-0.00191193516366],[0.0000698487347108,0.000145563783008,0.00184759043623,-0.00000683529151502,-0.000996527611278,-0.000797375803813,0.000515955500305,-0.000416004535509,-0.000262850575382,-0.000159376751981,0.000390359724406,-0.000533111917321,0.000508510391228],[-0.000132191751618,-0.000466394267278,-0.00000683529151502,0.00383590534329,0.0000977835952654,-0.000330049777403,0.000465401768452,-0.0013755139662,-0.00145526102278,0.000454561057268,-0.00154282117728,0.00105942995287,0.000255475461017],[0.0000580681589781,-0.00113021559082,-0.000996527611278,0.0000977835952654,0.00545737147331,0.000177118272404,-0.00116601330228,-0.0000517182270414,-0.000428638071753,-0.00179089256562,0.000975209695753,-0.000857930106577,0.000389351247577],[-0.000164111508639,0.00130493869074,-0.000797375803813,-0.000330049777403,0.000177118272404,0.00599801074713,-0.00345082138665,0.00132660067175,-0.000355037860572,0.000627577130217,-0.00271607632749,0.0021075757686,-0.00262915203348],[0.000122674871818,-0.00155211833771,0.000515955500305,0.000465401768452,-0.00116601330228,-0.00345082138665,0.00903268996626,-0.00201584887691,-0.000891417847015,0.000122996003483,0.000624162086751,-0.00208745105192,0.00250037689693],[-0.0000319319296977,0.00108266819734,-0.000416004535509,-0.0013755139662,-0.0000517182270414,0.00132660067175,-0.00201584887691,0.0102325165644,-0.00375871942379,0.000262881309027,0.00137491442729,-0.00191253423691,0.0000583128785365],[0.0000915520577109,-0.000884806038812,-0.000262850575382,-0.00145526102278,-0.000428638071753,-0.000355037860572,-0.000891417847015,-0.00375871942379,0.0161285214126,-0.00625356566161,0.000673657807056,0.00315999542363,-0.00330776465125],[-0.000146559148561,0.00162861531135,-0.000159376751981,0.000454561057268,-0.00179089256562,0.000627577130217,0.000122996003483,0.000262881309027,-0.00625356566161,0.0194038767368,-0.0081461686641,0.00158319377806,0.00168931216467],[0.000228005024837,-0.00211277091876,0.000390359724406,-0.00154282117728,0.000975209695753,-0.00271607632749,0.000624162086751,0.00137491442729,0.000673657807056,-0.0081461686641,0.0214011147618,-0.0108097521588,0.00218710512854],[-0.000205144693609,0.00280693755485,-0.000533111917321,0.00105942995287,-0.000857930106577,0.0021075757686,-0.00208745105192,-0.00191253423691,0.00315999542363,0.00158319377806,-0.0108097521588,0.0249474458396,-0.00908873882145],[0.000191092272871,-0.00191193516366,0.000508510391228,0.000255475461017,0.000389351247577,-0.00262915203348,0.00250037689693,0.0000583128785365,-0.00330776465125,0.00168931216467,0.00218710512854,-0.00908873882145,0.0146764311939]],"mean":[-3.44506120682,76.3948669434,-110.378288269,40.7944412231,-45.3555107117,13.5304813385,-31.6479282379,9.73671150208,-23.2603282928,-4.01326799393,-19.6929721832,-1.34495413303,-14.4545841217]},"hfc":{"dmean":5.9957857132,"dmean2":8.83197212219,"dvar":81.9582672119,"dvar2":175.001174927,"max":154.217514038,"mean":23.9998111725,"median":20.9807548523,"min":1.96974454525e-7,"var":418.440734863},"melbands":{"dmean":[0.00115448038559,0.00194998283405,0.00105119985528,0.000497834815178,0.000175884939381,0.000107811712951,0.000080619698565,0.0000526318835909,0.0000933907940635,0.000078369921539,0.0000821244393592,0.0000883728134795,0.000050533155445,0.0000526484909642,0.0000435165311501,0.0000362035571015,0.0000346638735209,0.0000287968050543,0.0000205444448511,0.0000193947307707,0.0000230211044254,0.0000162539563462,0.000017525304429,0.0000134853280542,0.0000118160178317,0.00000757097859605,0.00000509002438775,0.00000375380727746,0.00000375162380806,0.0000034164279441,0.0000025279757665,0.00000198513953364,0.00000189208935808,0.00000163144704857,0.0000016047030158,0.00000138673738093,0.00000108262133836,7.86628902461e-7,8.01150861207e-7,6.84877704771e-7],"dmean2":[0.00165524950717,0.00334089109674,0.00179712765384,0.00084445666289,0.00027242678334,0.000169246573932,0.00012681701628,0.0000857229533722,0.000144990335684,0.000121883233078,0.000127245933982,0.000133537178044,0.0000773129868321,0.0000838111300254,0.0000672697133268,0.0000558805186301,0.0000532269623363,0.0000436507434642,0.0000310480500048,0.0000308221569867,0.0000361936326954,0.0000266650495178,0.0000286733775283,0.0000217750384763,0.0000192396910279,0.0000123632653413,0.00000838258893054,0.0000060302509155,0.00000594359198658,0.00000549265814698,0.00000398639076593,0.00000315459647027,0.00000304446348309,0.00000255463578469,0.00000248475384979,0.00000213860471376,0.00000166007794178,0.00000119911226193,0.00000120934817005,0.00000101151510989],"dvar":[0.00000596382596996,0.0000188485373656,0.00000580106370762,0.00000208006576941,9.80834045095e-8,4.74189114641e-8,2.2731725835e-8,1.03326378564e-8,4.39648033534e-8,3.46117126071e-8,4.64356979535e-8,5.14591214085e-8,1.94354701222e-8,2.71733693324e-8,1.9594805778e-8,1.30487185501e-8,1.07890700818e-8,6.29254648388e-9,3.30886495981e-9,2.38782527084e-9,4.9827351134e-9,8.78899952816e-10,1.16856735399e-9,8.39611713488e-10,4.08783951134e-10,1.50010975863e-10,7.40167510616e-11,3.86569908029e-11,5.30969192225e-11,4.0919299199e-11,2.48512582041e-11,2.28013025128e-11,2.07643156142e-11,1.32721420659e-11,1.35610585261e-11,1.23181759931e-11,1.17914020561e-11,9.7803926416e-12,1.51779248891e-11,1.318424276e-11],"dvar2":[0.0000109198754217,0.0000518687666045,0.0000156071400852,0.00000563012417842,2.43640982944e-7,1.15918169286e-7,5.24397840707e-8,2.63231907383e-8,1.06210755746e-7,8.19299827981e-8,1.11521828217e-7,1.11112392176e-7,4.33089866192e-8,6.74573996662e-8,4.71961563164e-8,2.86703816244e-8,2.4541652266e-8,1.38414124606e-8,6.99190971787e-9,5.69400704364e-9,1.15360290209e-8,2.15410489446e-9,2.78261347297e-9,1.91228255453e-9,1.02567665472e-9,3.76507131028e-10,1.94527560726e-10,9.2231042248e-11,1.22374124722e-10,9.56232037996e-11,5.15920466071e-11,5.09967727769e-11,4.79008395449e-11,2.98864821779e-11,3.01390926105e-11,2.75310208658e-11,2.4192221143e-11,2.11662614519e-11,3.11491596405e-11,2.54364307395e-11],"max":[0.0273621920496,0.0389673225582,0.0394924283028,0.0173885263503,0.00570377288386,0.00483760843053,0.0034254102502,0.00239368760958,0.00661321729422,0.00396210793406,0.00601555313915,0.00574307749048,0.0036955869291,0.00521847419441,0.00454720528796,0.00354324374348,0.00419487804174,0.00200194725767,0.00177657720633,0.0014626813354,0.0029324516654,0.000979196513072,0.00146741571371,0.00141570600681,0.000668722263072,0.000278119638097,0.000243028451223,0.000179806447704,0.000184332733625,0.000181228198926,0.000266440765699,0.000192377105122,0.000119973425171,0.000128708343254,0.0000923127663555,0.0000960437755566,0.000104464961623,0.0000950534595177,0.000143587414641,0.000178094938747],"mean":[0.00173117849045,0.00275426125154,0.00154730444774,0.000593084725551,0.000311107578455,0.000191640487174,0.000161266987561,0.0000914375632419,0.000160558120115,0.000133819135954,0.000132647488499,0.000146311038407,0.0000771212435211,0.000082363927504,0.0000691340246703,0.0000609149719821,0.0000599372688157,0.000050872535212,0.0000348101712007,0.0000336502998834,0.0000430087457062,0.0000370160305465,0.0000391693065467,0.0000284075467789,0.0000264719783445,0.0000185176377272,0.000012571195839,0.00000856605493027,0.000008226556929,0.00000785591601016,0.00000573589841224,0.00000416153852711,0.00000367043503502,0.00000333152229359,0.00000331985461344,0.00000275964998764,0.00000211338306144,0.00000145506328408,0.00000142794146996,0.00000117765353025],"median":[0.00044021193753,0.00166838080622,0.00100108748302,0.000239546890953,0.000167288468219,0.0000969676402747,0.000069057183282,0.0000444234137831,0.000059353060351,0.0000439688374172,0.0000381519348593,0.0000335154290951,0.0000192655152205,0.0000191546696442,0.0000178285572474,0.0000188622816495,0.0000213875737245,0.0000176774210559,0.000013227452655,0.0000169475606526,0.0000211082133319,0.0000262161811406,0.0000258611653408,0.0000187831683434,0.0000183977354027,0.0000132548857437,0.00000916865246836,0.00000584556801186,0.00000506993001181,0.00000516793807037,0.0000037047668684,0.00000243178669734,0.00000183923521035,0.00000162957178418,0.00000153028020122,0.00000133749608722,9.42822396155e-7,6.44593455945e-7,5.03131559526e-7,3.37609435519e-7],"min":[2.88500777088e-13,4.81959361743e-13,2.42984343583e-13,7.123654829e-14,1.98593820154e-14,2.99192772337e-14,2.93064184032e-14,8.16649875436e-15,2.09044173844e-14,2.54800995299e-14,3.07372264577e-14,1.57740743482e-14,9.95248297024e-15,1.50576725161e-14,5.19865048362e-14,2.95578347226e-14,2.13917815075e-14,4.0877206947e-14,7.54231594037e-15,6.69522751245e-15,1.24895473941e-14,2.12957991221e-14,7.97608320672e-15,1.3732436107e-14,1.12719349913e-14,4.2061403053e-15,1.43999582088e-14,1.35076869259e-14,9.11960394354e-15,1.10289237798e-14,1.05073327494e-14,1.6218446467e-14,2.51103272967e-14,1.14052986348e-14,8.2983368915e-15,9.05109761283e-15,1.60274727247e-14,1.38886052656e-14,2.52984668668e-14,4.96598849011e-14],"var":[0.00000968757012743,0.0000161087391461,0.00000479233403894,0.00000165994981671,1.86088328746e-7,9.15570268489e-8,6.94867878792e-8,1.95492084742e-8,8.17292757915e-8,6.77764262491e-8,7.57153344466e-8,1.19101393636e-7,4.19494590176e-8,5.78362850945e-8,4.33288462887e-8,3.01340925546e-8,2.61314774264e-8,1.60739421773e-8,6.66846755593e-9,3.95027832667e-9,9.381478705e-9,2.47684495136e-9,4.09258893441e-9,1.94321803093e-9,1.21615417736e-9,5.10704478707e-10,2.21923285304e-10,1.09610397148e-10,1.32220331905e-10,1.07671725702e-10,6.43403941236e-11,4.57747797999e-11,4.08233898075e-11,3.12637277178e-11,3.35241903682e-11,2.69375875772e-11,2.67274292975e-11,1.79643053905e-11,3.30039051644e-11,3.25095714238e-11]},"melbands_crest":{"dmean":3.44690227509,"dmean2":5.44697284698,"dvar":9.62686252594,"dvar2":22.6217556,"max":34.0577926636,"mean":15.3539714813,"median":14.7267475128,"min":2.92291688919,"var":28.8438930511},"melbands_flatness_db":{"dmean":0.0276960656047,"dmean2":0.0419702492654,"dvar":0.00102993298788,"dvar2":0.00233968696557,"max":0.578755319118,"mean":0.18522387743,"median":0.160663560033,"min":0.0329654589295,"var":0.00627502473071},"melbands_kurtosis":{"dmean":11.6136865616,"dmean2":18.3868026733,"dvar":618.799133301,"dvar2":1454.23608398,"max":501.68572998,"mean":19.8356609344,"median":6.98229312897,"min":-1.66249382496,"var":1418.24890137},"melbands_skewness":{"dmean":0.903198003769,"dmean2":1.37176120281,"dvar":1.26193273067,"dvar2":2.82690429688,"max":17.5823497772,"mean":3.14709758759,"median":2.55119013786,"min":-1.45381963253,"var":4.77427482605},"melbands_spread":{"dmean":7.56144857407,"dmean2":11.5180110931,"dvar":79.0178604126,"dvar2":168.650848389,"max":230.071990967,"mean":28.0554599762,"median":27.0857448578,"min":0.448186248541,"var":320.006774902},"mfcc":{"cov":[[14084.5898438,-296.929382324,-449.48449707,319.038085938,-214.125259399,81.4909515381,-97.3858718872,121.6927948,-207.613433838,67.5206756592,55.7820549011,13.3524503708,-185.523422241],[-296.929382324,982.770202637,-66.519203186,161.963470459,93.0180053711,63.9013137817,59.1567153931,12.6154727936,72.9970474243,-4.86001300812,1.44796013832,20.5078620911,32.8192405701],[-449.48449707,-66.519203186,472.873504639,-20.3988456726,82.8411254883,60.726600647,35.9155387878,38.0533981323,25.1920681,20.4486293793,14.6958637238,9.70782661438,30.4678859711],[319.038085938,161.963470459,-20.3988456726,323.726776123,66.6582717896,-23.891412735,-7.31303882599,17.4356460571,33.5449790955,14.7625932693,49.4771308899,40.8816299438,4.08956241608],[-214.125259399,93.0180053711,82.8411254883,66.6582717896,192.172012329,29.0927028656,10.5987796783,3.78840780258,34.7411231995,16.1465911865,8.96662425995,20.4762535095,23.0422763824],[81.4909515381,63.9013137817,60.726600647,-23.891412735,29.0927028656,209.205886841,70.1941452026,29.1897602081,9.53740024567,36.5991020203,12.7526054382,0.226198300719,20.2368450165],[-97.3858718872,59.1567153931,35.9155387878,-7.31303882599,10.5987796783,70.1941452026,124.956611633,46.1997451782,15.1319303513,7.36609125137,22.2252197266,9.72620487213,16.4612178802],[121.6927948,12.6154727936,38.0533981323,17.4356460571,3.78840780258,29.1897602081,46.1997451782,107.347869873,36.2046470642,18.774559021,10.9964742661,7.03903484344,6.84690666199],[-207.613433838,72.9970474243,25.1920681,33.5449790955,34.7411231995,9.53740024567,15.1319303513,36.2046470642,109.604476929,34.3560333252,3.73774981499,6.18812036514,12.4557342529],[67.5206756592,-4.86001300812,20.4486293793,14.7625932693,16.1465911865,36.5991020203,7.36609125137,18.774559021,34.3560333252,92.4057769775,29.0675239563,8.42237472534,0.465412139893],[55.7820549011,1.44796013832,14.6958637238,49.4771308899,8.96662425995,12.7526054382,22.2252197266,10.9964742661,3.73774981499,29.0675239563,101.871437073,30.5442848206,2.64262962341],[13.3524503708,20.5078620911,9.70782661438,40.8816299438,20.4762535095,0.226198300719,9.72620487213,7.03903484344,6.18812036514,8.42237472534,30.5442848206,72.1887359619,22.1928920746],[-185.523422241,32.8192405701,30.4678859711,4.08956241608,23.0422763824,20.2368450165,16.4612178802,6.84690666199,12.4557342529,0.465412139893,2.64262962341,22.1928920746,61.210609436]],"icov":[[0.0000866662812768,0.000026864654501,0.0000717457587598,-0.000119520140288,0.0000576380807615,-0.000111498287879,0.000107728534203,-0.000195560671273,0.000210742262425,-0.0000779295151005,0.0000348971261701,-0.0000648553468636,0.000208331883186],[0.000026864654501,0.00130462984089,0.000335892051226,-0.000644199724775,-0.000331395334797,-0.000439938012278,-0.000530594668817,0.000304111570586,-0.000710385327693,0.000461641058791,0.000285863876343,0.0000444399629487,-0.000250764656812],[0.0000717457587598,0.000335892051226,0.00261343549937,0.000193415995454,-0.00110766524449,-0.000507814635057,-0.0000360343801731,-0.000825757510029,-0.00000211752876567,0.00000155848238137,-0.000284584704787,0.000145417056046,-0.000629512127489],[-0.000119520140288,-0.000644199724775,0.000193415995454,0.00442355498672,-0.00129339622799,0.000759517017286,0.000781154143624,-0.000617176992819,-0.000747985264752,0.000270995951723,-0.00185406545643,-0.00130987446755,0.000391184497857],[0.0000576380807615,-0.000331395334797,-0.00110766524449,-0.00129339622799,0.00687268050388,-0.000716055626981,0.000163713571965,0.00100230344106,-0.0012327323202,-0.000368664885173,0.000543206813745,-0.000886617926881,-0.000964780570939],[-0.000111498287879,-0.000439938012278,-0.000507814635057,0.000759517017286,-0.000716055626981,0.00705453474075,-0.00344968400896,-0.0000221584268729,0.00108984718099,-0.00290261325426,0.000210084501305,0.00109133042861,-0.00163704168517],[0.000107728534203,-0.000530594668817,-0.0000360343801731,0.000781154143624,0.000163713571965,-0.00344968400896,0.0125400284305,-0.00461219623685,-0.0000178954942385,0.00193412287626,-0.00265614246018,-0.000388421816751,-0.000956388714258],[-0.000195560671273,0.000304111570586,-0.000825757510029,-0.000617176992819,0.00100230344106,-0.0000221584268729,-0.00461219623685,0.0133106987923,-0.00406015664339,-0.000662391015794,0.000436676637037,-0.000310742907459,0.00000298013583233],[0.000210742262425,-0.000710385327693,-0.00000211752876567,-0.000747985264752,-0.0012327323202,0.00108984718099,-0.0000178954942385,-0.00406015664339,0.0134987477213,-0.00498577160761,0.00147140189074,0.000544104375876,-0.00133637990803],[-0.0000779295151005,0.000461641058791,0.00000155848238137,0.000270995951723,-0.000368664885173,-0.00290261325426,0.00193412287626,-0.000662391015794,-0.00498577160761,0.0152365211397,-0.00413930928335,-0.000370143272448,0.00136138359085],[0.0000348971261701,0.000285863876343,-0.000284584704787,-0.00185406545643,0.000543206813745,0.000210084501305,-0.00265614246018,0.000436676637037,0.00147140189074,-0.00413930928335,0.0136999189854,-0.00472901295871,0.00146472093184],[-0.0000648553468636,0.0000444399629487,0.000145417056046,-0.00130987446755,-0.000886617926881,0.00109133042861,-0.000388421816751,-0.000310742907459,0.000544104375876,-0.000370143272448,-0.00472901295871,0.0190216023475,-0.0068934224546],[0.000208331883186,-0.000250764656812,-0.000629512127489,0.000391184497857,-0.000964780570939,-0.00163704168517,-0.000956388714258,0.00000298013583233,-0.00133637990803,0.00136138359085,0.00146472093184,-0.0068934224546,0.0212490763515]],"mean":[-644.844909668,105.044364929,-1.02429306507,31.4455833435,10.3842039108,7.94889211655,3.00769114494,10.4435768127,2.0334842205,2.08563971519,-1.43586349487,0.429640650749,-5.54783535004]},"pitch_salience":{"dmean":0.0742021650076,"dmean2":0.118041694164,"dvar":0.00472507858649,"dvar2":0.0114589212462,"max":0.912566304207,"mean":0.516075789928,"median":0.528480112553,"min":0.0885962024331,"var":0.014634908177},"silence_rate_20dB":{"dmean":0,"dmean2":0,"dvar":0,"dvar2":0,"max":1,"mean":1,"median":1,"min":1,"var":0},"silence_rate_30dB":{"dmean":0.00519660487771,"dmean2":0.0103941103444,"dvar":0.00516942562535,"dvar2":0.0153095182031,"max":1,"mean":0.997315347195,"median":1,"min":0,"var":0.00267764204182},"silence_rate_60dB":{"dmean":0.0135111724958,"dmean2":0.0270246863365,"dvar":0.0133291548118,"dvar2":0.028201976791,"max":1,"mean":0.113102972507,"median":0,"min":0,"var":0.10030515492},"spectral_centroid":{"dmean":250.883209229,"dmean2":393.372283936,"dvar":68009.4609375,"dvar2":164863.796875,"max":4365.19726562,"mean":1629.79785156,"median":1713.98876953,"min":125.346954346,"var":360572.65625},"spectral_complexity":{"dmean":3.55032038689,"dmean2":5.62026834488,"dvar":15.3095970154,"dvar2":33.937702179,"max":56,"mean":22.9808616638,"median":26,"min":0,"var":188.515625},"spectral_contrast_coeffs":{"dmean":[0.051390286535,0.0453790202737,0.0402234122157,0.0305233262479,0.0209588315338,0.0175881870091],"dmean2":[0.0833655893803,0.0739423781633,0.0642461627722,0.0487731024623,0.0341072417796,0.0272439345717],"dvar":[0.00199065869674,0.00134416820947,0.00111559743527,0.000692085945047,0.000390929577406,0.000269932876108],"dvar2":[0.00492429081351,0.00345860351808,0.00268260762095,0.00163920980413,0.000935701769777,0.000596464902628],"max":[-0.305449604988,-0.372701108456,-0.454444885254,-0.541679680347,-0.593317985535,-0.586149871349],"mean":[-0.643269360065,-0.746140420437,-0.762447178364,-0.788301289082,-0.79646551609,-0.751482248306],"median":[-0.640987813473,-0.748487830162,-0.773266911507,-0.796192646027,-0.795641422272,-0.743470668793],"min":[-0.919119477272,-0.962745547295,-0.953765571117,-0.949290931225,-0.947778940201,-0.928140759468],"var":[0.00605587847531,0.0047844289802,0.00611184816808,0.0035737035796,0.00175207306165,0.00223000976257]},"spectral_contrast_valleys":{"dmean":[0.386389911175,0.372663527727,0.348073363304,0.298179298639,0.23033387959,0.266041368246],"dmean2":[0.626570463181,0.605806946754,0.561132073402,0.470311015844,0.358283638954,0.366459876299],"dvar":[0.110474735498,0.121255815029,0.115725830197,0.111207686365,0.109843723476,0.15449911356],"dvar2":[0.26549449563,0.305296778679,0.26685410738,0.246344059706,0.242405593395,0.294525891542],"max":[-5.12012910843,-4.86253404617,-5.13295602798,-5.79383087158,-5.67726755142,-7.55152082443],"mean":[-7.28171157837,-7.08820199966,-7.55726957321,-7.738758564,-7.34637641907,-10.1069936752],"median":[-6.96879720688,-6.78702783585,-7.31173324585,-7.36157512665,-6.74122476578,-9.649974823],"min":[-17.8881549835,-17.0610046387,-17.691450119,-17.4759292603,-17.1334228516,-18.1819877625],"var":[1.78599452972,1.53936505318,1.39393138885,1.59326708317,1.9322013855,1.99839425087]},"spectral_decrease":{"dmean":2.73833622444e-9,"dmean2":4.28363255978e-9,"dvar":2.1961249871e-17,"dvar2":5.45360872688e-17,"max":-9.18175132825e-19,"mean":-7.12233205746e-9,"median":-6.29491792026e-9,"min":-4.77799950716e-8,"var":3.41400136637e-17},"spectral_energy":{"dmean":0.0106595326215,"dmean2":0.0166477505118,"dvar":0.000323282234604,"dvar2":0.000802439579275,"max":0.18585023284,"mean":0.0290581490844,"median":0.0261529963464,"min":2.13315771297e-11,"var":0.000530338147655},"spectral_energyband_high":{"dmean":0.000386667030398,"dmean2":0.000568968767766,"dvar":6.45637101115e-7,"dvar2":0.00000124053167383,"max":0.0186448022723,"mean":0.00116250524297,"median":0.000809280085377,"min":1.32023081703e-11,"var":0.00000221060918193},"spectral_energyband_low":{"dmean":0.0082480777055,"dmean2":0.0130469864234,"dvar":0.000276004720945,"dvar2":0.000696748669725,"max":0.157024517655,"mean":0.0142743745819,"median":0.00896009616554,"min":2.56406788163e-12,"var":0.000332835596055},"spectral_energyband_middle_high":{"dmean":0.00191619305406,"dmean2":0.00285090086982,"dvar":0.00000896846631804,"dvar2":0.0000199504611373,"max":0.0559416823089,"mean":0.00647138478234,"median":0.00445709563792,"min":2.61217046257e-12,"var":0.0000479525078845},"spectral_energyband_middle_low":{"dmean":0.00431300001219,"dmean2":0.00709016760811,"dvar":0.0000852195807965,"dvar2":0.000225912081078,"max":0.118228517473,"mean":0.00915575493127,"median":0.00706792948768,"min":1.61679513094e-12,"var":0.0000941651160247},"spectral_entropy":{"dmean":0.130493402481,"dmean2":0.201101347804,"dvar":0.033348146826,"dvar2":0.0813589990139,"max":8.88861274719,"mean":7.76757240295,"median":7.84766197205,"min":5.24111461639,"var":0.138680666685},"spectral_flux":{"dmean":0.0270964726806,"dmean2":0.0429036431015,"dvar":0.00151874113362,"dvar2":0.00281038717367,"max":0.370765864849,"mean":0.0856549814343,"median":0.0757449567318,"min":0.0000061657074184,"var":0.00338094099425},"spectral_kurtosis":{"dmean":1.09146249294,"dmean2":1.7637720108,"dvar":3.21592402458,"dvar2":7.44697809219,"max":49.7544555664,"mean":3.95490312576,"median":3.48374509811,"min":-1.37043571472,"var":9.30188465118},"spectral_rms":{"dmean":0.000843966496177,"dmean2":0.00127837911714,"dvar":0.0000013525346958,"dvar2":0.00000314136673296,"max":0.0134654110298,"mean":0.00483904452994,"median":0.00505124917254,"min":1.44261207424e-7,"var":0.00000493304105476},"spectral_rolloff":{"dmean":531.049499512,"dmean2":859.048522949,"dvar":735645.25,"dvar2":1480239.375,"max":18044.8242188,"mean":1738.32250977,"median":1614.99023438,"min":64.599609375,"var":2456446},"spectral_skewness":{"dmean":0.165550842881,"dmean2":0.259225100279,"dvar":0.0416089743376,"dvar2":0.095468275249,"max":5.25140953064,"mean":1.374584198,"median":1.30847597122,"min":-0.351474404335,"var":0.176466062665},"spectral_spread":{"dmean":478681.6875,"dmean2":674031.125,"dvar":544399163392,"dvar2":856661753856,"max":17534066,"mean":4725944,"median":4486582.5,"min":1108348.75,"var":2549286174720},"spectral_strongpeak":{"dmean":0.474548488855,"dmean2":0.811515152454,"dvar":1.10653710365,"dvar2":2.71263694763,"max":15.7835893631,"mean":0.774890065193,"median":0.362254351377,"min":0,"var":1.859339118},"zerocrossingrate":{"dmean":0.010175161995,"dmean2":0.0117266587913,"dvar":0.000146112332004,"dvar2":0.000166703932337,"max":0.48974609375,"mean":0.0669295862317,"median":0.0654296875,"min":0.00244140625,"var":0.00136410619598}},"metadata":{"audio_properties":{"analysis_sample_rate":44100,"bit_rate":0,"codec":"flac","downmix":"mix","equal_loudness":0,"length":268.093322754,"lossless":true,"md5_encoded":"34381a621a259c40fb4d989c44efd4dd","replay_gain":-15.3690719604,"sample_rate":44100},"tags":{"acoustid_fingerprint":["AQADtMqkJNGXKODUFx_TBM1fdEyOS-LRI3Vy4A1h8zhMOMTxwx1aEmePykdz3EVf-BF-vDr0gvTwG64Q_wT1B6En_NCPfoSPF3mGH9cz4ccN4zxx5CH-Q244VO1RNDme4DG0qDl6oR1--INOAj989NFx97jRcEFP6DXq7UjT8Pjxhl3ho8dbI2hIyahwHj96Hj5640uQJV2Jnkc-aTgpaFMPH-Fxoh-Y5EQ-_ND-wu4Bn8VFOD6eHdaEnF3QHt_RJ0PzHOeNcGwOnziauhlehkSvwz_uGM-h-zht-LgWtA8lfDgX9DzEWAr6PGje4wyRctHxH69x9EdNpMe7Q-eRasWr4cIP_wi51IHmTWjG44_x0TJUE82ajUEkH_-EqyqaMTdqMfg0hJQ9iFRqeGyRww98lBLxp6ikwV9ypHiYw4xI6DuaioceJ0clKRcaXzgNPUo24UeYoUySDHvE4Dyao1VTXDZCoXkIPRNK5GBO45QRnniNv0K7GmHWo0df48clZSkefQiz4U-YoRkRduEWlBeeDJWZ4Asc9chPlDy0uMfRlYKdDOWpoP0IJlx2vEdjVFtonIQW98eD08JNPGTw-AOVn_BRnyilHmLG4YSoMirEs-iZgsmPe4Z9aN5G9MG9wOFRp8ePZjx6HPWONyeY4R0af2AzFuluWLzQL4jNo_oCPTvKE2HEBH2KUw8qBx6PMFF66MhRK07ha0XVPsLTDkdz4lKR_ijTR8Z7PHSCkw_6wQ9K6sFzyE9BKj5CTmh-5Mfxh1B15MPV4_zRREyCnsdz_EeYRjs06wqOHg9KUTmewV3AG_ozBVciDxKnHM2Jngk4h8VvlAscJUfuwFXQX_iOq0WnKEdCp8hC5nhxXcceCdWiSBP8o8uRM7qgH3mI9_iNMxkXhAnFBP0JPdC-DM5l4lGJvPkS9K6EUQgPnUivReiP_3iDo92HhmSRK4eOG5FwRE3GB74O7Tl4Zetx7WgjHc0z47ikDn1C40dTCzmZ4-Fx6cSPRkfPWAiXDt-hM8c3w1fQGT80p0ae47sFH4yOJ5mMSzjSMyuSZ8Ze9IZzOJlCPHIxncaVo1_QVMLVG98X4s_wHel0kM0oqH1wpM6Epz8YSmfQPAvuC08slDwaqsd_XM3xDrF1-Au-zXgfgj-aHz90icKbEmmPHnxxSazx62iXI8x39Dm0PMY9jKMQhlzR58G3HuFzrOqOj8ZJ40vgH10k0vjDDOdRD8_i4QwRJjrOEpckB33HDM3xpfiNUi-iUaE5XMU0H8_w-vhwEc3R8_ih6wn0Hj6DHT-uo1psWHMcaDqO7zimE9ePlg9uXEqC4zeeBldUo2SOMPHx4wzyjMWpQ0unxEeoj0LzEV2Lpg6YC82NWgzCK4eeoceZ6KgNv_jB9Miz4_AZMFZ0hHnxQHsYpB_8DU9ypHHxQDWzIRe-FA0uLh3CThCfZUMYtXiG02jiLKgWHXnpQTvhBzcP5Ue0JoQZhQ76FHfQTOoQrjnUHr8QkrngD_mgWb3wH-fxBz2DT9A-PGoKTZIQ5iu-BExGPPvx5aiNkzERLskOKXFWnD3yWnguiShFZMmi46oD6Ucl6UUjaf