{"lowlevel":{"average_loudness":0.90901941061,"barkbands":{"dmean":[0.00290785985999,0.00917682889849,0.00235598511063,0.000457480724435,0.000947045860812,0.00104391050991,0.000917035562452,0.000672809896059,0.000955946510658,0.000530600431375,0.000458726892248,0.000781152630225,0.000466345110908,0.000340838247212,0.000425490638008,0.000600580708124,0.000410050037317,0.000427550199674,0.000216038242797,0.0000798602559371,0.0000535744802619,0.0000259984262811,0.0000145947415149,0.0000122418832689,0.00000409637914345,0.0000306917536363,0.000388212094549],"dmean2":[0.00478070508689,0.0152331013232,0.0041141146794,0.000762843235862,0.00153887853958,0.00164415955078,0.00149106932804,0.00110475288238,0.00155128666665,0.000867734721396,0.000762650219258,0.00128314096946,0.000780937436502,0.000574881152716,0.000707411149051,0.000975492643192,0.000662030244712,0.000652557006106,0.000324756314512,0.000120754026284,0.0000787062090239,0.0000382560428989,0.000021551082682,0.0000175735531229,0.00000631552848063,0.000042770858272,0.000559379463084],"dvar":[0.0000427983650297,0.000309654540615,0.00000905084834812,4.84646250243e-7,0.00000333462776325,0.00000475947126688,0.00000321414631799,0.00000321435936712,0.00000600872590439,0.00000104220760022,5.28147495515e-7,0.00000152888139837,4.43985214815e-7,2.73243728088e-7,7.93548906586e-7,0.0000035185962588,6.24681206318e-7,7.90341289303e-7,2.25033872425e-7,2.74941900358e-8,1.53069894537e-8,2.01215444307e-9,7.96692989358e-10,8.56621884537e-10,7.41106204183e-11,4.46827641554e-9,3.8471759467e-7],"dvar2":[0.000113744179544,0.000783641182352,0.0000278570951195,0.00000121254379337,0.00000823930167826,0.0000114363856483,0.00000804349747341,0.00000859931424202,0.0000161771476996,0.00000270100190392,0.0000013581204712,0.00000389759543395,0.00000119334617921,7.14581915418e-7,0.00000190018079138,0.0000105007384263,0.00000153677433445,0.00000174828073796,4.87209604216e-7,6.01719278848e-8,3.17367536695e-8,4.21179091603e-9,1.69911662518e-9,1.65036673216e-9,1.53107429512e-10,8.67483862521e-9,7.98114058398e-7],"max":[0.0890352576971,0.303621172905,0.0334999114275,0.016980657354,0.0463509894907,0.0488975830376,0.038790717721,0.0481768809259,0.0528658479452,0.033288359642,0.0135591868311,0.0304905045778,0.0156108634546,0.0160699263215,0.0355655029416,0.0653640180826,0.0257792789489,0.0132013857365,0.00860358215868,0.00456661963835,0.00414424622431,0.00101583288051,0.000594988407101,0.000847889692523,0.000236087682424,0.000937478325795,0.00788202974945],"mean":[0.00308090914041,0.0118107367307,0.00309840450063,0.000612088828348,0.00140768673737,0.00165353121702,0.00137074873783,0.000922841427382,0.00149785913527,0.000834860780742,0.000725604884792,0.00137961888686,0.000812561949715,0.000565110589378,0.000684937171172,0.00107585336082,0.000704824225977,0.000735819339752,0.000378900906071,0.00015909060312,0.000118255833513,0.0000554594007554,0.0000283246954496,0.0000220742895181,0.00000610655661148,0.0000595968340349,0.00111492862925],"median":[0.000578767096158,0.00676533859223,0.0020345156081,0.00033793412149,0.000634571188129,0.000776910921559,0.000672569905873,0.000362708466128,0.000578578095883,0.000487418263219,0.000442806282081,0.000923895393498,0.0005782188382,0.000400658347644,0.000327097863192,0.000440436502686,0.000343462277669,0.000331712712068,0.000136780174216,0.0000692654575687,0.000051870047173,0.0000259731932601,0.0000125388942251,0.00000729403745936,0.00000234532353716,0.0000215219806705,0.000746778794564],"min":[4.92067826122e-18,7.24237654449e-18,4.63789333392e-18,4.39606377312e-18,9.650044536e-18,7.2524449869e-18,4.81302318603e-18,2.78838427909e-18,2.03643946556e-18,2.15386333698e-18,4.1254867909e-18,8.70231310251e-18,1.11516122671e-17,8.6077704944e-18,3.43056139815e-18,2.81213532281e-18,5.74292143269e-18,1.87566760773e-18,3.12090182771e-17,4.24833709122e-17,5.76031571749e-17,2.28220040902e-17,3.44933620603e-17,1.00270641948e-16,5.01693677279e-17,1.57583769748e-16,1.79924819597e-16],"var":[0.0000467623285658,0.000326860114001,0.0000114768718049,7.99578685928e-7,0.00000635829701423,0.00000853209257912,0.00000522357277077,0.0000046282416406,0.0000118042289614,0.00000182374060387,9.3627284059e-7,0.00000297055271403,7.88583804479e-7,4.06672228337e-7,0.00000156225701176,0.00000725026757209,0.00000109247253022,0.00000140906206525,4.20132749923e-7,6.13797013216e-8,4.40564598136e-8,6.77771661017e-9,1.70568614788e-9,1.84746085097e-9,1.39265959875e-10,9.87162085408e-9,0.00000123563245324]},"barkbands_crest":{"dmean":3.23491835594,"dmean2":5.36027240753,"dvar":7.73238945007,"dvar2":20.4502067566,"max":26.4965438843,"mean":9.97956943512,"median":9.13913345337,"min":2.35909485817,"var":19.6384239197},"barkbands_flatness_db":{"dmean":0.0244756676257,"dmean2":0.0396319366992,"dvar":0.00048146804329,"dvar2":0.00123449228704,"max":0.452041357756,"mean":0.116441562772,"median":0.107964664698,"min":0.0247036721557,"var":0.0024561015889},"barkbands_kurtosis":{"dmean":4.1539144516,"dmean2":6.86417341232,"dvar":245.430633545,"dvar2":648.765319824,"max":645.984313965,"mean":6.27750635147,"median":1.96800613403,"min":-1.73420035839,"var":533.831726074},"barkbands_skewness":{"dmean":0.619697749615,"dmean2":1.00984025002,"dvar":0.66793769598,"dvar2":1.79064786434,"max":21.5639705658,"mean":1.67519617081,"median":1.43540287018,"min":-2.00531172752,"var":1.65096175671},"barkbands_spread":{"dmean":7.93777275085,"dmean2":12.7327413559,"dvar":57.9212989807,"dvar2":144.798797607,"max":108.410980225,"mean":34.4947242737,"median":33.9473800659,"min":0.212896004319,"var":230.283050537},"dissonance":{"dmean":0.0151363052428,"dmean2":0.0259831342846,"dvar":0.0003439966531,"dvar2":0.000987631967291,"max":0.500000119209,"mean":0.475202202797,"median":0.48219037056,"min":0.162507489324,"var":0.000817084917799},"dynamic_complexity":3.35972285271,"erbbands":{"dmean":[0.290304809809,2.08372569084,3.39404988289,1.50525474548,2.11723899841,3.94974899292,3.81817317009,10.7230587006,13.5794324875,9.31122875214,18.1251678467,24.0406990051,13.5744333267,16.3417110443,20.4330806732,32.7484588623,21.6282157898,14.6046113968,25.006729126,26.937128067,24.8798465729,21.1529827118,22.4548301697,16.1796131134,7.49927473068,3.64527511597,2.41846251488,1.8555586338,0.997487545013,0.590685606003,0.405413359404,0.271843791008,0.200442001224,0.0708798542619,0.0197400506586,0.0650587007403,0.0620438195765,0.0653010010719,0.0392695739865,0.00837502721697],"dmean2":[0.484224885702,3.47484350204,5.92395067215,2.51269555092,3.50942420959,6.43463850021,6.19211149216,16.9333553314,22.3008670807,15.0500507355,29.606836319,39.01537323,22.2912750244,26.4194107056,33.7981071472,53.9094772339,36.022605896,24.2925548553,41.8218765259,44.1839904785,40.3442497253,33.4720649719,34.4961967468,24.3642368317,11.1303262711,5.46792697906,3.53983807564,2.74588799477,1.46874094009,0.872318029404,0.598420143127,0.394245803356,0.288060188293,0.105391450226,0.0306374765933,0.0931905657053,0.0874254256487,0.0913410708308,0.0560389906168,0.012241916731],"dvar":[0.254040539265,17.4158306122,21.0431537628,4.17155170441,12.9728813171,70.132484436,79.2175292969,524.894775391,701.380859375,484.25177002,2081.73925781,4462.87109375,737.73815918,987.416870117,919.285339355,3052.84765625,991.473144531,423.91809082,2798.84887695,9520.91015625,2183.46166992,1500.60021973,2033.8848877,1356.23608398,236.872024536,60.9098930359,34.7263755798,16.2047309875,3.02067160606,1.2453442812,0.601376235485,0.323880374432,0.280549049377,0.0292866323143,0.00106054055505,0.0214369557798,0.0180111248046,0.0185610782355,0.00441440800205,0.000172106330865],"dvar2":[0.648634433746,44.8126106262,62.5038490295,10.8926343918,32.3155899048,171.774261475,207.534896851,1255.70996094,1785.98242188,1225.77783203,5449.55761719,12069.4111328,1906.05041504,2485.61181641,2373.07617188,7764.50439453,2628.86401367,1101.96166992,6732.42675781,29776.8105469,5503.8359375,3642.45483398,4466.90820312,2948.59716797,485.143463135,132.166809082,71.9821014404,34.5365333557,6.38570356369,2.55306887627,1.29034435749,0.636741280556,0.555186867714,0.0571330748498,0.00225013913587,0.0412773936987,0.0351510383189,0.0374590605497,0.00885211490095,0.000360235921107],"max":[7.69169569016,70.4988555908,58.1901702881,49.7078437805,78.9091873169,228.713623047,260.455322266,536.954467773,565.612121582,691.981750488,1217.64624023,1608.93530273,983.643371582,765.695373535,633.778442383,1561.78942871,805.766845703,453.26852417,1315.99597168,3564.87670898,1515.95336914,1225.20983887,680.903442383,595.925048828,284.757232666,234.258041382,243.272659302,114.682929993,43.7431221008,17.5457801819,16.4111213684,12.9169797897,17.9920406342,5.75501918793,0.552664995193,3.19390273094,2.23189902306,1.86687803268,1.54454267025,0.166549995542],"mean":[0.342863023281,2.61256670952,4.46898889542,2.44761300087,3.02932810783,5.52294683456,5.92310905457,16.8617763519,20.9846038818,15.0842733383,27.7481269836,37.0488357544,23.0642356873,27.2846336365,36.9075469971,58.9977760315,40.9373321533,28.1805858612,41.3960914612,47.5224189758,48.7457199097,39.4925842285,39.7288742065,28.3504714966,14.0662488937,7.50002145767,5.28697347641,4.10685157776,2.19405603409,1.17900800705,0.780285835266,0.504921555519,0.344366192818,0.115541540086,0.0281576402485,0.112939342856,0.12089266628,0.139173313975,0.101651437581,0.02580608055],"median":[0.149478971958,1.4742525816,3.01686120033,1.74135136604,1.62115454674,2.08355879784,3.04429149628,7.718770504,10.8601799011,7.73774147034,11.6955718994,13.8163423538,13.533041954,15.2838478088,25.5798397064,40.1484832764,30.2681808472,21.6111850739,22.5910453796,17.9932823181,22.7476825714,20.7203712463,19.1632156372,10.3145027161,5.58545398712,3.26049304008,2.39605808258,1.77288770676,1.02451753616,0.544263601303,0.343830496073,0.189092993736,0.103871122003,0.0389761216938,0.012508964166,0.0323061496019,0.044657856226,0.0611008182168,0.0567861571908,0.0188600160182],"min":[2.65818552955e-16,1.46406786197e-15,4.80703860709e-15,1.11588315289e-14,2.11389896066e-14,3.42389792462e-14,4.87277454714e-14,6.17221863355e-14,6.91336636376e-14,6.76473715369e-14,5.76048608228e-14,4.69016271404e-14,5.38304006947e-14,1.04908391544e-13,2.19099478144e-13,3.78789257989e-13,5.03969966887e-13,4.81854736233e-13,2.91433462649e-13,1.25270819651e-13,2.06494503029e-13,3.1533152825e-13,1.3399880977e-13,6.375150516e-13,2.29694453562e-12,2.01129954705e-12,1.35639253735e-12,2.84625686735e-12,8.4762448796e-13,4.95133448131e-13,1.08783186452e-12,1.27517191684e-12,2.18209109636e-12,8.90379512741e-13,3.13939412661e-13,6.68155147095e-13,3.2651802811e-13,6.53582954901e-14,3.67066132264e-14,2.30175443592e-15],"var":[0.287403851748,17.3453922272,24.114616394,7.26890802383,21.8963508606,132.080184937,119.382919312,930.146484375,1136.9934082,839.974975586,3404.53833008,7931.46826172,1554.63806152,1746.35412598,1759.1105957,5752.87792969,1830.26293945,751.262634277,5121.93408203,18922.7011719,5539.86132812,2837.40649414,3724.71411133,2444.67944336,500.603607178,135.065719604,86.3989028931,52.2949028015,11.0531749725,2.79352331161,1.29655444622,0.726299345493,0.563279926777,0.0596894361079,0.00185458932538,0.0454311147332,0.0397463329136,0.041805408895,0.0153129780665,0.00054358819034]},"erbbands_crest":{"dmean":2.46744346619,"dmean2":4.09732675552,"dvar":5.39951944351,"dvar2":14.0809764862,"max":29.4708309174,"mean":8.28161239624,"median":7.17996740341,"min":2.80154490471,"var":15.6311006546},"erbbands_flatness_db":{"dmean":0.016431234777,"dmean2":0.0252567082644,"dvar":0.000226551666856,"dvar2":0.000501563190483,"max":0.439991265535,"mean":0.141253471375,"median":0.133581012487,"min":0.0311458203942,"var":0.00184373825323},"erbbands_kurtosis":{"dmean":1.21948873997,"dmean2":1.92030656338,"dvar":11.9690580368,"dvar2":27.5339450836,"max":155.412246704,"mean":1.83242499828,"median":0.28573513031,"min":-1.76737535,"var":75.5894241333},"erbbands_skewness":{"dmean":0.350267261267,"dmean2":0.552710413933,"dvar":0.100645199418,"dvar2":0.239259094,"max":10.253036499,"mean":-0.137453854084,"median":-0.240970611572,"min":-3.30013036728,"var":1.10669612885},"erbbands_spread":{"dmean":5.03991651535,"dmean2":8.12859630585,"dvar":20.5713596344,"dvar2":51.1560058594,"max":79.5079345703,"mean":26.2278060913,"median":25.4968032837,"min":0.825038015842,"var":98.8610687256},"gfcc":{"cov":[[13092.2724609,-1155.83325195,-887.901672363,714.939758301,762.631591797,193.576416016,488.154174805,158.340774536,-128.784561157,-203.868652344,-296.704315186,33.0964050293,-286.565673828],[-1155.83325195,780.181945801,7.31803560257,-234.161712646,74.7448883057,18.9400558472,-21.4495124817,-130.047286987,52.2336769104,-16.1354179382,30.1121311188,-23.4076099396,48.3797340393],[-887.901672363,7.31803560257,274.088592529,61.9962120056,-151.086044312,0.741464674473,-38.2535018921,2.62384867668,-19.8289756775,55.7784233093,28.2007350922,13.4620075226,15.9911050797],[714.939758301,-234.161712646,61.9962120056,277.684234619,108.958679199,28.0891647339,77.2152862549,86.5322647095,-40.5268936157,-13.2752323151,-12.9875011444,2.22487735748,-51.046875],[762.631591797,74.7448883057,-151.086044312,108.958679199,335.274261475,102.090621948,77.4509735107,38.5682563782,23.1751174927,-70.5885467529,-25.6114006042,-14.4982481003,-32.2259254456],[193.576416016,18.9400558472,0.741464674473,28.0891647339,102.090621948,170.440567017,55.4604187012,-0.291813015938,13.4340133667,13.0118570328,-24.1118392944,-1.574873209,-3.27498912811],[488.154174805,-21.4495124817,-38.2535018921,77.2152862549,77.4509735107,55.4604187012,158.36869812,35.5086174011,4.80440425873,-1.24868774414,-18.5108852386,-13.4032440186,-38.671005249],[158.340774536,-130.047286987,2.62384867668,86.5322647095,38.5682563782,-0.291813015938,35.5086174011,153.496261597,9.56586551666,-17.2716026306,3.59281849861,-25.0999336243,-27.1538887024],[-128.784561157,52.2336769104,-19.8289756775,-40.5268936157,23.1751174927,13.4340133667,4.80440425873,9.56586551666,82.2661132812,30.4176330566,2.88282394409,2.34064030647,2.93344020844],[-203.868652344,-16.1354179382,55.7784233093,-13.2752323151,-70.5885467529,13.0118570328,-1.24868774414,-17.2716026306,30.4176330566,79.1697998047,31.85338974,18.2756748199,10.8647117615],[-296.704315186,30.1121311188,28.2007350922,-12.9875011444,-25.6114006042,-24.1118392944,-18.5108852386,3.59281849861,2.88282394409,31.85338974,70.5830841064,34.0901985168,14.0698127747],[33.0964050293,-23.4076099396,13.4620075226,2.22487735748,-14.4982481003,-1.574873209,-13.4032440186,-25.0999336243,2.34064030647,18.2756748199,34.0901985168,62.1234970093,26.685377121],[-286.565673828,48.3797340393,15.9911050797,-51.046875,-32.2259254456,-3.27498912811,-38.671005249,-27.1538887024,2.93344020844,10.8647117615,14.0698127747,26.685377121,59.6864013672]],"icov":[[0.00018489046488,-0.0000846354887472,0.000839347194415,-0.000484626973048,0.000061954910052,-0.00000552363371753,0.0000428867606388,-0.000237379805185,0.000546684372239,-0.000706979306415,0.00111701933201,-0.00103892059997,0.000572885444853],[-0.0000846354887472,0.00473217666149,-0.00587534112856,0.00684132007882,-0.0059110103175,0.00236278469674,-0.00298333098181,0.00331762316637,-0.000822612142656,0.00209624250419,-0.00378225836903,0.00447641219944,-0.00175327481702],[0.000839347194415,-0.00587534112856,0.0211815834045,-0.0202835015953,0.0179605390877,-0.0100121032447,0.00603033928201,-0.000207724529901,-0.00470381695777,0.00334560172632,-0.00237405253574,-0.000503141665831,-0.000862979155499],[-0.000484626973048,0.00684132007882,-0.0202835015953,0.031672090292,-0.0254305358976,0.0141076082364,-0.00690575037152,-0.00694818422198,0.0178816374391,-0.0180462151766,0.0138405086473,-0.0100409276783,0.00769086694345],[0.000061954910052,-0.0059110103175,0.0179605390877,-0.0254305358976,0.0294671300799,-0.0173348002136,0.00447697937489,0.005737261381,-0.0197265408933,0.0257032532245,-0.017856143415,0.00950123090297,-0.00475119333714],[-0.00000552363371753,0.00236278469674,-0.0100121032447,0.0141076082364,-0.0173348002136,0.017944579944,-0.00450118025765,-0.00469878129661,0.0125330742449,-0.0193462502211,0.0164161007851,-0.00867667421699,0.00229262234643],[0.0000428867606388,-0.00298333098181,0.00603033928201,-0.00690575037152,0.00447697937489,-0.00450118025765,0.0117741087452,-0.00252957222983,-0.000143678349559,-0.00256737368181,0.00244173919782,-0.00235666637309,0.00470266630873],[-0.000237379805185,0.00331762316637,-0.000207724529901,-0.00694818422198,0.005737261381,-0.00469878129661,-0.00252957222983,0.0182129312307,-0.0156700126827,0.0198199674487,-0.0207294467837,0.0186351481825,-0.0065116812475],[0.000546684372239,-0.000822612142656,-0.00470381695777,0.0178816374391,-0.0197265408933,0.0125330742449,-0.000143678349559,-0.0156700126827,0.0403999164701,-0.0396706052125,0.0304632950574,-0.0219640992582,0.010534523055],[-0.000706979306415,0.00209624250419,0.00334560172632,-0.0180462151766,0.0257032532245,-0.0193462502211,-0.00256737368181,0.0198199674487,-0.0396706052125,0.0654493719339,-0.0458705686033,0.02677888982,-0.0123778199777],[0.00111701933201,-0.00378225836903,-0.00237405253574,0.0138405086473,-0.017856143415,0.0164161007851,0.00244173919782,-0.0207294467837,0.0304632950574,-0.0458705686033,0.0612039193511,-0.0413874536753,0.0152422338724],[-0.00103892059997,0.00447641219944,-0.000503141665831,-0.0100409276783,0.00950123090297,-0.00867667421699,-0.00235666637309,0.0186351481825,-0.0219640992582,0.02677888982,-0.0413874536753,0.0535571910441,-0.0234482455999],[0.000572885444853,-0.00175327481702,-0.000862979155499,0.00769086694345,-0.00475119333714,0.00229262234643,0.00470266630873,-0.0065116812475,0.010534523055,-0.0123778199777,0.0152422338724,-0.0234482455999,0.0340056009591]],"mean":[12.2759790421,81.7479400635,-97.1413726807,-8.75478744507,-3.75216507912,-13.4058589935,-0.443208426237,-7.77494859695,2.92526388168,-4.88797092438,-0.907441496849,2.50617647171,-9.67093086243]},"hfc":{"dmean":18.0212898254,"dmean2":25.7362728119,"dvar":596.010925293,"dvar2":1266.54663086,"max":380.165740967,"mean":72.549041748,"median":63.2194366455,"min":9.33387481888e-12,"var":2546.95776367},"melbands":{"dmean":[0.00262001343071,0.00209929957055,0.000261324952589,0.000226080606808,0.000139248484629,0.000229093289818,0.000206523574889,0.000103830534499,0.000159912815434,0.000141976503073,0.0000691095701768,0.0000695493799867,0.0000652455855743,0.0000902712126845,0.0000662749007461,0.0000445288969786,0.0000288605860987,0.0000441307092842,0.0000284587240458,0.0000466315577796,0.0000304483201035,0.0000252971676673,0.0000215387517528,0.0000202007704502,0.0000135851996674,0.00000720049047231,0.00000384556005883,0.00000234157550949,0.00000162223398092,0.00000154418830789,9.94916035779e-7,6.44881140488e-7,4.44465086957e-7,3.11603173486e-7,2.54600678318e-7,1.96624370119e-7,1.64744733411e-7,1.51137697912e-7,1.21045303558e-7,3.85033942507e-8],"dmean2":[0.0043297149241,0.00358744384721,0.000436979666119,0.00036841747351,0.000224668998271,0.000361810671166,0.000336308788974,0.000168854530784,0.000260611326667,0.000230766876484,0.00011377473129,0.000112656773126,0.000108317006379,0.00014905144053,0.000110694752948,0.0000745922516217,0.0000484896590933,0.000074114810559,0.0000478851434309,0.0000756185690989,0.0000497302353324,0.0000409516287618,0.0000338454701705,0.0000312962729367,0.0000209118552448,0.0000110286327981,0.00000589569799558,0.00000362971172763,0.00000243073213824,0.00000237296035266,0.0000015153542563,9.78740104074e-7,6.69155667765e-7,4.73692068681e-7,3.85425948934e-7,2.923636373e-7,2.43341958139e-7,2.22456179699e-7,1.77533735268e-7,5.97497589183e-8],"dvar":[0.0000231910380535,0.0000111605440907,1.1324895155e-7,1.97261059043e-7,8.8681538557e-8,2.33499250157e-7,1.56692749442e-7,6.19408240254e-8,1.48447867332e-7,1.58175566867e-7,1.96102565297e-8,1.85939690311e-8,1.04502291265e-8,2.06945944825e-8,9.63601554105e-9,4.73644101717e-9,1.8039411076e-9,8.5745233136e-9,4.83222173386e-9,2.82856973399e-8,3.10027270523e-9,2.54982746029e-9,1.65283176035e-9,1.98870542256e-9,9.62691704132e-10,2.3634152968e-10,5.93987359299e-11,2.85419882173e-11,1.62435603163e-11,1.69993984167e-11,3.84655068214e-12,1.35384726433e-12,6.38321860646e-13,3.59367863158e-13,2.43975223054e-13,1.4564441504e-13,1.31221449722e-13,1.56910292051e-13,1.10727880586e-13,6.86630699198e-15],"dvar2":[0.0000582122665946,0.0000302066200675,2.98424055245e-7,4.79390905639e-7,2.31070600876e-7,5.61895774354e-7,3.95922057805e-7,1.62483729582e-7,3.83490998956e-7,4.2529569555e-7,5.08084312401e-8,4.70596290825e-8,2.69635975769e-8,5.23640508732e-8,2.4975228996e-8,1.2398437832e-8,4.67144323224e-9,2.04919778923e-8,1.30073738447e-8,8.42545304636e-8,7.7374329166e-9,6.27232710215e-9,3.7964862365e-9,4.52123227745e-9,2.16557793919e-9,5.17701437275e-10,1.32210173365e-10,6.5658020687e-11,3.46768828929e-11,3.85742791875e-11,8.44559231578e-12,3.06757245473e-12,1.35224383774e-12,7.80665408619e-13,5.53530203444e-13,3.07539990653e-13,2.65312836804e-13,3.20353471398e-13,2.16456220352e-13,1.46094565617e-14],"max":[0.0815029814839,0.048169977963,0.00694050546736,0.0132547384128,0.00733450753614,0.0108616650105,0.00880775880069,0.008141214028,0.00854796729982,0.0103783775121,0.00485110655427,0.0036965822801,0.00194354250561,0.0036460715346,0.00280763977207,0.00186265155207,0.00100265385117,0.00268369680271,0.00329616293311,0.00590972881764,0.00191633543,0.00179703277536,0.00059144385159,0.000662199046928,0.000538362655789,0.000296992191579,0.000138341492857,0.000177502995939,0.00017876313359,0.000124647413031,0.0000473741456517,0.0000292066342809,0.0000114543991003,0.0000116422343126,0.0000120946951938,0.00000690588512953,0.0000086257696239,0.0000125822089103,0.0000124867610793,0.00000236232244788],"mean":[0.00341504206881,0.00282569369301,0.000444713048637,0.000326488923747,0.000219724999624,0.000362785009202,0.000319834478432,0.000164728218806,0.000248387805186,0.000216608546907,0.000110243265226,0.000109408414573,0.000108294079837,0.000156872163643,0.000121115517686,0.0000745852230466,0.0000483629446535,0.0000690019369358,0.0000482070427097,0.0000771301492932,0.0000543332644156,0.000042772910092,0.0000364014267689,0.0000333932803187,0.0000222972357733,0.0000123344307212,0.00000688116961101,0.00000449099752586,0.00000326043800669,0.00000306527567773,0.00000210752591556,0.00000132726825086,8.38754203869e-7,5.74807472731e-7,4.65611577738e-7,3.5600459114e-7,2.9092163345e-7,2.50186332096e-7,2.01086166385e-7,5.61378001862e-8],"median":[0.00179093913175,0.00193024112377,0.00033062271541,0.000142132892506,0.000114505201054,0.000169104430825,0.000162412819918,0.0000804095616331,0.000101572193671,0.0000807090546004,0.0000621650833637,0.0000584185108892,0.0000699535521562,0.000105036786408,0.0000868571733008,0.000050707229093,0.0000347570749,0.0000374130177079,0.0000213517996599,0.0000268438052444,0.0000262111134361,0.0000201000693778,0.000018321632524,0.0000139337107612,0.00000749014179746,0.00000470806071462,0.00000267007408183,0.00000194038693735,0.00000148642948261,0.00000120767663248,9.20899537959e-7,6.01212263973e-7,3.83965186757e-7,2.59872763309e-7,2.05105834539e-7,1.4573041085e-7,1.01896773685e-7,7.49809032641e-8,5.66507125654e-8,2.15481410493e-8],"min":[2.42972703729e-18,2.35485126863e-18,2.20484495968e-18,1.99490197072e-18,1.71018671407e-18,1.39226935821e-18,1.04551338427e-18,7.13277376915e-19,4.46975160703e-19,2.84438409637e-19,2.65436390756e-19,3.9523576302e-19,6.39545340546e-19,9.13515314242e-19,1.09921343265e-18,1.09558562528e-18,8.71826135152e-19,5.15063653946e-19,2.17164120611e-19,1.42487728325e-19,2.67219688759e-19,3.5174224452e-19,2.04565281002e-19,6.22742019432e-20,4.76241120968e-19,1.451267912e-18,1.91631195431e-18,1.17402406084e-18,5.89698454556e-19,1.40480610758e-18,1.74693679772e-18,5.70946735359e-19,1.75246949865e-19,2.59891307971e-19,4.87504839369e-19,8.56286358273e-19,7.65011475472e-19,1.89912769067e-18,7.56303848562e-19,7.72718885926e-19],"var":[0.0000260067008639,0.0000119821133922,2.01589443805e-7,3.88512376048e-7,1.41122058039e-7,4.23644735292e-7,2.61210857389e-7,1.02918406242e-7,2.67233446039e-7,2.83412077806e-7,3.93599393078e-8,3.24333235824e-8,1.84493966771e-8,3.94924875025e-8,1.82714856578e-8,7.87298848337e-9,2.78463407888e-9,1.48072212269e-8,1.01578558898e-8,5.66006690406e-8,6.58640297857e-9,4.34661462378e-9,2.83928658362e-9,3.26815641216e-9,1.62572000306e-9,4.34220798207e-10,1.1915116116e-10,5.51175043106e-11,3.5413796895e-11,3.83653456226e-11,1.30835082351e-11,4.51893947609e-12,1.45824487468e-12,7.10424178253e-13,4.76579604773e-13,3.0451956603e-13,2.7452072191e-13,2.97192609064e-13,2.23077524335e-13,1.2006014401e-14]},"melbands_crest":{"dmean":4.47535181046,"dmean2":7.55679607391,"dvar":13.2871952057,"dvar2":37.5966644287,"max":38.1984100342,"mean":15.796877861,"median":15.66837883,"min":2.63241076469,"var":30.5287342072},"melbands_flatness_db":{"dmean":0.0327414870262,"dmean2":0.0530148148537,"dvar":0.000793080835138,"dvar2":0.00205004471354,"max":0.566635787487,"mean":0.218579664826,"median":0.210669636726,"min":0.0226987823844,"var":0.00380930514075},"melbands_kurtosis":{"dmean":5.39767837524,"dmean2":8.95021724701,"dvar":74.5121917725,"dvar2":194.565231323,"max":157.660354614,"mean":7.63366985321,"median":3.82152366638,"min":-1.79569160938,"var":160.855178833},"melbands_skewness":{"dmean":0.796943604946,"dmean2":1.30884838104,"dvar":0.580516993999,"dvar2":1.53223729134,"max":10.0666484833,"mean":2.15172624588,"median":1.91753029823,"min":-1.37942242622,"var":1.73359680176},"melbands_spread":{"dmean":7.89463996887,"dmean2":13.0251874924,"dvar":61.175075531,"dvar2":158.912277222,"max":172.263442993,"mean":25.5535354614,"median":23.8630371094,"min":0.443641901016,"var":177.218322754},"mfcc":{"cov":[[10412.5,-54.1092987061,-1231.48181152,517.710876465,188.586334229,286.724914551,326.635925293,499.121887207,137.630996704,115.992507935,-40.6697273254,19.3310146332,-180.031738281],[-54.1092987061,961.579101562,-207.454574585,-169.234207153,43.0846138,130.992736816,-49.0442848206,-17.2315044403,1.67453753948,-38.6068878174,-38.3844070435,5.44657945633,25.8099346161],[-1231.48181152,-207.454574585,465.733276367,-13.7993326187,-116.791053772,-54.7740821838,-46.3027915955,-118.402709961,-35.6122589111,-23.7759609222,17.0445098877,-0.469693690538,33.5396537781],[517.710876465,-169.234207153,-13.7993326187,246.158859253,40.4255447388,-32.9590377808,84.4287948608,74.0458908081,-6.23803806305,26.0772838593,26.4680843353,1.97835600376,-28.9301242828],[188.586334229,43.0846138,-116.791053772,40.4255447388,199.344223022,35.1353302002,33.1394119263,73.349281311,23.3878097534,10.2101345062,-0.248971387744,-2.76732587814,1.7143304348],[286.724914551,130.992736816,-54.7740821838,-32.9590377808,35.1353302002,218.820037842,39.0318183899,14.9590826035,42.1660118103,-8.13375663757,-11.8582620621,18.0520648956,22.551651001],[326.635925293,-49.0442848206,-46.3027915955,84.4287948608,33.1394119263,39.0318183899,139.581314087,83.0020294189,22.3378601074,26.0182437897,24.6343135834,1.31230223179,-19.1807956696],[499.121887207,-17.2315044403,-118.402709961,74.0458908081,73.349281311,14.9590826035,83.0020294189,130.041778564,40.8656311035,38.5544967651,21.9109630585,-1.25774312019,-22.0937747955],[137.630996704,1.67453753948,-35.6122589111,-6.23803806305,23.3878097534,42.1660118103,22.3378601074,40.8656311035,79.7773895264,35.6746749878,10.8836011887,5.77470207214,-9.08830070496],[115.992507935,-38.6068878174,-23.7759609222,26.0772838593,10.2101345062,-8.13375663757,26.0182437897,38.5544967651,35.6746749878,74.6907958984,39.203250885,1.14807569981,-11.2434673309],[-40.6697273254,-38.3844070435,17.0445098877,26.4680843353,-0.248971387744,-11.8582620621,24.6343135834,21.9109630585,10.8836011887,39.203250885,66.4357757568,19.3089580536,-0.552494704723],[19.3310146332,5.44657945633,-0.469693690538,1.97835600376,-2.76732587814,18.0520648956,1.31230223179,-1.25774312019,5.77470207214,1.14807569981,19.3089580536,44.8997955322,21.9054641724],[-180.031738281,25.8099346161,33.5396537781,-28.9301242828,1.7143304348,22.551651001,-19.1807956696,-22.0937747955,-9.08830070496,-11.2434673309,-0.552494704723,21.9054641724,57.4554901123]],"icov":[[0.000187327284948,0.0000829299606266,0.000471490755444,-0.000341547856806,0.000284696201561,-0.000288921146421,0.000137641443871,-0.000314963050187,0.0000863751629367,-0.0000828967822599,0.000265561538981,-0.000169019578607,0.000196688706637],[0.0000829299606266,0.00149370566942,0.000896429934073,0.000665647676215,0.0000339249309036,-0.000839497719426,0.000379603909096,-0.000093978633231,0.000500574999023,0.000351165770553,-0.000168105660123,0.000128386920551,-0.0000828465927043],[0.000471490755444,0.000896429934073,0.00513608986512,-0.00145427510142,0.00178858509753,-0.000269505457254,-0.000391526584281,0.00302580720745,-0.00133028160781,0.00160358147696,-0.00227210321464,0.00240112887695,-0.00240444554947],[-0.000341547856806,0.000665647676215,-0.00145427510142,0.0075785308145,-0.00154573994223,0.00099992880132,-0.00269418116659,-0.00207546539605,0.00321116740815,-0.0011844948167,0.000299490202451,-0.00247898208909,0.0024759573862],[0.000284696201561,0.0000339249309036,0.00178858509753,-0.00154573994223,0.00768300518394,-0.00112563022412,0.00141700555105,-0.00421668030322,-0.000658748554997,0.00118765491061,-0.000182881689398,0.00210799509659,-0.00255865696818],[-0.000288921146421,-0.000839497719426,-0.000269505457254,0.00099992880132,-0.00112563022412,0.00769286369905,-0.00398059701547,0.00272404379211,-0.00479722954333,0.00192177458666,0.000902440107893,-0.00110409676563,-0.00308779883198],[0.000137641443871,0.000379603909096,-0.000391526584281,-0.00269418116659,0.00141700555105,-0.00398059701547,0.0150688644499,-0.00916124228388,0.00189704529475,0.000403463171097,-0.00254276627675,0.000752000370994,0.00222844886594],[-0.000314963050187,-0.000093978633231,0.00302580720745,-0.00207546539605,-0.00421668030322,0.00272404379211,-0.00916124228388,0.0237771645188,-0.00749784614891,-0.00107410049532,-0.00310116144828,0.00269543169998,-0.00106828077696],[0.0000863751629367,0.000500574999023,-0.00133028160781,0.00321116740815,-0.000658748554997,-0.00479722954333,0.00189704529475,-0.00749784614891,0.0238038301468,-0.0118087399751,0.00538456998765,-0.00670920591801,0.00615609390661],[-0.0000828967822599,0.000351165770553,0.00160358147696,-0.0011844948167,0.00118765491061,0.00192177458666,0.000403463171097,-0.00107410049532,-0.0118087399751,0.0291390512139,-0.017056921497,0.00873651728034,-0.00267868069932],[0.000265561538981,-0.000168105660123,-0.00227210321464,0.000299490202451,-0.000182881689398,0.000902440107893,-0.00254276627675,-0.00310116144828,0.00538456998765,-0.017056921497,0.0316845849156,-0.0163795761764,0.00405804440379],[-0.000169019578607,0.000128386920551,0.00240112887695,-0.00247898208909,0.00210799509659,-0.00110409676563,0.000752000370994,0.00269543169998,-0.00670920591801,0.00873651728034,-0.0163795761764,0.0384587012231,-0.0157510284334],[0.000196688706637,-0.0000828465927043,-0.00240444554947,0.0024759573862,-0.00255865696818,-0.00308779883198,0.00222844886594,-0.00106828077696,0.00615609390661,-0.00267868069932,0.00405804440379,-0.0157510284334,0.0288239009678]],"mean":[-650.815490723,149.092208862,-27.5772476196,23.1479511261,7.63560247421,11.4025468826,2.48394727707,11.3043851852,2.59921336174,3.56578540802,4.28531265259,10.9832229614,3.90282392502]},"pitch_salience":{"dmean":0.0898761898279,"dmean2":0.149343341589,"dvar":0.00582122523338,"dvar2":0.0159872882068,"max":0.984933674335,"mean":0.535535633564,"median":0.546200215816,"min":0.0487073026597,"var":0.0132929049432},"silence_rate_20dB":{"dmean":0,"dmean2":0,"dvar":0,"dvar2":0,"max":1,"mean":1,"median":1,"min":1,"var":0},"silence_rate_30dB":{"dmean":0.0293226465583,"dmean2":0.0586510263383,"dvar":0.028460348025,"dvar2":0.0692836120725,"max":1,"mean":0.976739645004,"median":1,"min":0,"var":0.0227166060358},"silence_rate_60dB":{"dmean":0.00175935879815,"dmean2":0.00351906148717,"dvar":0.00175606459379,"dvar2":0.00428785337135,"max":1,"mean":0.0608874112368,"median":0,"min":0,"var":0.0571686327457},"spectral_centroid":{"dmean":213.689743042,"dmean2":325.15713501,"dvar":47417.4648438,"dvar2":93569.8984375,"max":3710.47583008,"mean":1442.6496582,"median":1410.82470703,"min":223.312820435,"var":290932.1875},"spectral_complexity":{"dmean":3.95386576653,"dmean2":5.89110469818,"dvar":16.2975502014,"dvar2":29.9876098633,"max":56,"mean":26.1522674561,"median":26,"min":0,"var":124.210647583},"spectral_contrast_coeffs":{"dmean":[0.0518273711205,0.0498469769955,0.0373678579926,0.0276978798211,0.0224160887301,0.0235017724335],"dmean2":[0.0877456143498,0.0830620899796,0.063217304647,0.046674888581,0.0365562550724,0.0375422909856],"dvar":[0.00159866316244,0.00150866806507,0.000847327755764,0.00047586884466,0.000332785159117,0.000456658337498],"dvar2":[0.00464277574793,0.00414558593184,0.0023529434111,0.00133240583818,0.000842890178319,0.00109989754856],"max":[-0.397746622562,-0.503506362438,-0.569155454636,-0.576609015465,-0.632243096828,-0.612345695496],"mean":[-0.7103536129,-0.756449520588,-0.800262331963,-0.803505063057,-0.783544063568,-0.748165130615],"median":[-0.713170170784,-0.761939585209,-0.803887665272,-0.805042982101,-0.78139603138,-0.740131497383],"min":[-0.972748875618,-0.953216314316,-0.958609044552,-0.977175951004,-0.974326610565,-0.937590718269],"var":[0.00437090685591,0.00411383481696,0.00227175257169,0.00194478128105,0.00240555265918,0.00242205243558]},"spectral_contrast_valleys":{"dmean":[0.388087570667,0.340155422688,0.287591725588,0.267483085394,0.269032031298,0.404305934906],"dmean2":[0.639086902142,0.563447773457,0.467294514179,0.423411399126,0.388466119766,0.606450140476],"dvar":[0.0976189374924,0.072275981307,0.0564843416214,0.0673572793603,0.0944120287895,0.15021212399],"dvar2":[0.252840608358,0.18638060987,0.136618643999,0.149650603533,0.175925299525,0.3339420259],"max":[-5.01271820068,-4.99106788635,-5.32330846786,-5.49463224411,-5.63685512543,-8.77290916443],"mean":[-7.03988552094,-6.53025817871,-6.78486680984,-7.08309030533,-7.50339984894,-10.8635349274],"median":[-6.81180763245,-6.37234830856,-6.54335546494,-6.85781478882,-7.26920938492,-10.6759700775],"min":[-21.3275680542,-22.0123329163,-22.5673732758,-22.4776649475,-21.8839130402,-23.0005226135],"var":[1.17542517185,0.83381742239,1.14009213448,1.31647205353,1.56902587414,1.20136916637]},"spectral_decrease":{"dmean":3.59070861933e-9,"dmean2":5.76502268146e-9,"dvar":2.81881679149e-17,"dvar2":6.9280373238e-17,"max":3.56446608341e-11,"mean":-7.88917287053e-9,"median":-6.51983178557e-9,"min":-8.70937952868e-8,"var":4.40655622832e-17},"spectral_energy":{"dmean":0.0144015811384,"dmean2":0.0227509364486,"dvar":0.000445161946118,"dvar2":0.00106491940096,"max":0.345691710711,"mean":0.0363560318947,"median":0.0312014035881,"min":8.48140601652e-16,"var":0.000783949450124},"spectral_energyband_high":{"dmean":0.00046285186545,"dmean2":0.000634276599158,"dvar":6.52008850466e-7,"dvar2":0.00000123151005482,"max":0.0149983065203,"mean":0.00127779203467,"median":0.000768830766901,"min":6.12771850829e-16,"var":0.00000214925012187},"spectral_energyband_low":{"dmean":0.0114816231653,"dmean2":0.0190639290959,"dvar":0.000356474425644,"dvar2":0.000899547303561,"max":0.317291945219,"mean":0.0171515755355,"median":0.0117327943444,"min":1.65825708036e-17,"var":0.00042768145795},"spectral_energyband_middle_high":{"dmean":0.00256901746616,"dmean2":0.00390889681876,"dvar":0.000012123077795,"dvar2":0.0000300782285194,"max":0.0758008211851,"mean":0.00787928886712,"median":0.00621739169583,"min":1.07778563321e-16,"var":0.0000447000311397},"spectral_energyband_middle_low":{"dmean":0.00307187461294,"dmean2":0.00482979556546,"dvar":0.0000182031490112,"dvar2":0.0000461874369648,"max":0.0692729428411,"mean":0.00768814655021,"median":0.00563628319651,"min":3.14376179112e-17,"var":0.0000514825442224},"spectral_entropy":{"dmean":0.121057286859,"dmean2":0.184561192989,"dvar":0.019123043865,"dvar2":0.0416873954237,"max":8.75906276703,"mean":7.59349584579,"median":7.65911388397,"min":4.41540336609,"var":0.153470471501},"spectral_flux":{"dmean":0.0256715584546,"dmean2":0.0413520932198,"dvar":0.000939930439927,"dvar2":0.00222730636597,"max":0.447016954422,"mean":0.106347903609,"median":0.102191463113,"min":0.000152338281623,"var":0.00266546267085},"spectral_kurtosis":{"dmean":3.55098962784,"dmean2":5.39847183228,"dvar":27.5887622833,"dvar2":67.4059066772,"max":143.217651367,"mean":19.5712471008,"median":17.4956512451,"min":3.20714950562,"var":74.4159393311},"spectral_rms":{"dmean":0.00105487764813,"dmean2":0.00163034477737,"dvar":0.00000135558138936,"dvar2":0.00000311716962642,"max":0.0183646455407,"mean":0.00551397399977,"median":0.00551728159189,"min":9.09645136993e-10,"var":0.00000506538208356},"spectral_rolloff":{"dmean":1898.6907959,"dmean2":3489.34594727,"dvar":18577914,"dvar2":49648504,"max":22050,"mean":4001.48876953,"median":2045.65429688,"min":21.533203125,"var":35317036},"spectral_skewness":{"dmean":0.26708778739,"dmean2":0.401300609112,"dvar":0.117122925818,"dvar2":0.274757802486,"max":9.90689849854,"mean":3.01778817177,"median":2.87675523758,"min":1.40587151051,"var":0.491984933615},"spectral_spread":{"dmean":338668.9375,"dmean2":519036.96875,"dvar":123641749504,"dvar2":291534077952,"max":13348798,"mean":3791015,"median":3753066.25,"min":1189823.875,"var":679836778496},"spectral_strongpeak":{"dmean":0.501104414463,"dmean2":0.886968076229,"dvar":1.7569116354,"dvar2":4.76518774033,"max":34.6767425537,"mean":0.605071485043,"median":0.27432513237,"min":0,"var":1.92703270912},"zerocrossingrate":{"dmean":0.0244285706431,"dmean2":0.0319263860583,"dvar":0.000608818081673,"dvar2":0.00102023442741,"max":0.9970703125,"mean":0.179777696729,"median":0.16748046875,"min":0,"var":0.0061404556036}},"metadata":{"audio_properties":{"analysis_sample_rate":44100,"bit_rate":320000,"codec":"mp3","downmix":"mix","equal_loudness":0,"length":237.558624268,"lossless":false,"md5_encoded":"4bee956c0a5fa8da30ec7e0359e5ead8","replay_gain":-5.45391845703,"sample_rate":44100},"tags":{"album":["Projects in the Jungle"],"albumartist":["Pantera"],"albumartistsort":["Pantera"],"artist":["Pantera"],"artistsort":["Pantera"],"catalognumber":["MMR 1984"],"date":["1984"],"discnumber":["1/1"],"file_name":"05. Pantera - In Over My Head.mp3","genre":["Thrash Metal"],"label":["Metal Magic Records"],"musicbrainz album release country":["US"],"musicbrainz album status":["official"],"musicbrainz album type":["album"],"musicbrainz_albumartistid":["541f16f5-ad7a-428e-af89-9fa1b16d3c9c"],"musicbrainz_albumid":["b106b1bf-cff8-466a-bb66-f21727b9b9da"],"musicbrainz_artistid":["541f16f5-ad7a-428e-af89-9fa1b16d3c9c"],"musicbrainz_recordingid":["abd73343-3ad9-426e-b23f-7a66530f7674"],"musicip_puid":["1b1c6d06-f9fa-d5de-2156-2f7e5f00c565"],"replaygain_album_gain":["-6.47 dB"],"replaygain_album_peak":["0.99337769"],"replaygain_track_gain":["-4.38 dB"],"replaygain_track_peak":["0.90838623"],"title":["In Over My Head"],"tracknumber":["5/10"]},"version":{"essentia":"2.1-beta1","essentia_build_sha":"ca57ba49d9b1854bd80e60cf9ccf267278fb7d6b","essentia_git_sha":"v2.1_beta1-28-g21ef5f4-dirty","extractor":"music 1.0"}},"rhythm":{"beats_count":465,"beats_loudness":{"dmean":0.0302724391222,"dmean2":0.0551050230861,"dvar":0.000795016239863,"dvar2":0.00232844450511,"max":0.218022406101,"mean":0.0563539601862,"median":0.0512953810394,"min":0.00000375207878278,"var":0.00109167082701},"beats_loudness_band_ratio":{"dmean":[0.184624150395,0.0773989632726,0.0815380439162,0.0637496039271,0.0621511563659,0.0549291484058],"dmean2":[0.317702949047,0.142138332129,0.147079497576,0.111423179507,0.113055385649,0.100035384297],"dvar":[0.021114250645,0.0108734155074,0.00922833848745,0.00354869733565,0.00289576593786,0.00156931695528],"dvar2":[0.0591052025557,0.0336586460471,0.0270416866988,0.0100887781009,0.00897535681725,0.00478406669572],"max":[0.9436244