{"lowlevel":{"average_loudness":0.0407281368971,"barkbands":{"dmean":[0.00153511832468,0.00320590473711,0.00163290300407,0.000686730316374,0.00145463133231,0.000961682817433,0.00095866486663,0.000427997467341,0.000497058033943,0.000418530980824,0.000160891591804,0.0000838724154164,0.0000662205056869,0.000058310059103,0.0000453655811725,0.0000256443672697,0.0000172530726559,0.0000107896312329,0.00000848655963637,0.00000739970937502,0.00000652644985166,0.00000401017177865,0.00000220361175707,0.00000176700734755,0.00000209459881262,0.00000506663218403,0.000115959133836],"dmean2":[0.00253739883192,0.00553075456992,0.00267962994985,0.00119251722936,0.00250695063733,0.00156944466289,0.00165631691925,0.000745980709326,0.000862251443323,0.000722995959222,0.000276611739537,0.000144448596984,0.000110080713057,0.0000995841401163,0.0000745068318793,0.0000416834118369,0.00002719801887,0.0000168058522831,0.0000130126509248,0.0000117599292935,0.0000101406894828,0.00000611732821199,0.00000350928075932,0.00000291099740934,0.00000348206594936,0.00000812104553916,0.000193950356334],"dvar":[0.0000315031902574,0.0000756508379709,0.00000794835796114,0.00000144269120028,0.00000868978713697,0.0000166849222296,0.0000151653648572,0.00000291469996228,0.00000349577931047,0.00000254811061495,5.22431946592e-7,1.04551190816e-7,3.48000028794e-8,4.38214122767e-8,1.73452665564e-8,6.06573946627e-9,3.33389871265e-9,3.7436240774e-9,1.10433695522e-9,1.37053879357e-9,8.15432554813e-10,2.0335974571e-10,3.78424895586e-11,1.56305090399e-11,2.6099461134e-11,2.32946134604e-10,1.32039090772e-7],"dvar2":[0.0000953884300543,0.000203797462746,0.0000208261189982,0.00000424899917562,0.0000272877186944,0.000039926784666,0.0000447262245871,0.00000865784022608,0.0000100927600215,0.00000737265008866,0.00000152790653374,3.04816182961e-7,9.16952629382e-8,1.25727737554e-7,4.59727473867e-8,1.50882453198e-8,7.46928829898e-9,5.91282711682e-9,1.78037040666e-9,2.80737455505e-9,1.66111613353e-9,4.0252978728e-10,8.13219352969e-11,4.09966852133e-11,6.97721116993e-11,5.17556109081e-10,3.83836209039e-7],"max":[0.238090276718,0.267946600914,0.0683671236038,0.0198946539313,0.0506785102189,0.135598778725,0.0921227782965,0.029325786978,0.0404780171812,0.0265506729484,0.0180598050356,0.0134750818834,0.00575247779489,0.0053931302391,0.00283848727122,0.00194060872309,0.00158017210197,0.00398657890037,0.00189607823268,0.00174553389661,0.0013032190036,0.000685735954903,0.000265715178102,0.0000714311245247,0.0000989727777778,0.00065700703999,0.00753228552639],"mean":[0.00194497627672,0.00455477787182,0.00268956390209,0.00102203362621,0.00269091478549,0.00162800773978,0.0013986377744,0.000623674655799,0.000795542262495,0.000641896796878,0.000253075180808,0.000131243607029,0.000123236415675,0.000110633016448,0.0000834803722682,0.0000470203849545,0.0000297496317216,0.0000190040118468,0.0000153989876708,0.0000127155371956,0.0000123131167129,0.00000704483682057,0.00000318959587275,0.00000218624427362,0.00000231376884585,0.00000719963691154,0.000351561553543],"median":[0.000708584382664,0.00175532174762,0.00140253640711,0.000377873308025,0.00101880147122,0.000180022994755,0.000106126215542,0.0000565703703614,0.0000602541913395,0.000058647197875,0.0000623369196546,0.0000259953740169,0.0000112969028123,0.00000676569698044,0.00000703579917172,0.00000412265899286,0.00000262854428001,0.00000206136382985,0.00000175618106368,0.00000139490884976,0.00000118028094676,9.01586361124e-7,7.14928830803e-7,6.49377852824e-7,6.50562185456e-7,0.0000015329130747,0.0000218146760744],"min":[3.38668052477e-23,1.35271532999e-23,4.86577421167e-23,3.46064854086e-23,1.7929178589e-23,5.44485806953e-23,3.35357297921e-23,4.84986225612e-23,7.25486407559e-23,1.32393680064e-22,2.65768154048e-23,4.98975569361e-23,6.56382634024e-23,1.09260378195e-22,2.09799387901e-22,1.33735841698e-22,1.36471308394e-22,1.97848763654e-22,2.55912207939e-22,4.05579897101e-22,3.58264676338e-22,5.92035489799e-22,1.06323142336e-21,9.29344183474e-22,1.16807949425e-21,1.61042200085e-21,2.78180900586e-21],"var":[0.0000310985960823,0.000118594085507,0.0000144207833728,0.00000288978208118,0.0000175129662239,0.0000401419965783,0.0000230034729611,0.00000458373506262,0.00000641361839371,0.0000042841497816,9.03245677364e-7,1.3831203205e-7,1.06838179192e-7,1.16853449583e-7,4.79454840274e-8,1.78837868958e-8,8.37455349512e-9,9.09680952788e-9,3.39749783862e-9,2.53878207346e-9,2.13950368533e-9,6.96875113171e-10,1.18841339547e-10,2.47667910486e-11,3.02950546593e-11,6.60173027356e-10,9.27703922571e-7]},"barkbands_crest":{"dmean":2.92761301994,"dmean2":4.91997432709,"dvar":5.87108612061,"dvar2":16.4984054565,"max":25.080078125,"mean":11.176448822,"median":10.7169284821,"min":3.18997550011,"var":14.1228170395},"barkbands_flatness_db":{"dmean":0.0378973968327,"dmean2":0.0608833320439,"dvar":0.00105917500332,"dvar2":0.00276462500915,"max":0.473180651665,"mean":0.21219393611,"median":0.214374497533,"min":0.041540440172,"var":0.0035825825762},"barkbands_kurtosis":{"dmean":12.85729599,"dmean2":21.4650478363,"dvar":329.781524658,"dvar2":884.789978027,"max":340.33001709,"mean":26.2399959564,"median":18.8391990662,"min":-1.87396740913,"var":699.78527832},"barkbands_skewness":{"dmean":0.971247136593,"dmean2":1.58733689785,"dvar":0.879432857037,"dvar2":2.32339572906,"max":15.4189634323,"mean":3.5882358551,"median":3.25514674187,"min":-2.00295567513,"var":3.23419284821},"barkbands_spread":{"dmean":3.94818353653,"dmean2":6.36481618881,"dvar":32.2899513245,"dvar2":67.7986907959,"max":133.685073853,"mean":11.7435646057,"median":6.74134397507,"min":0.564541101456,"var":210.989456177},"dissonance":{"dmean":0.0265620723367,"dmean2":0.0451966151595,"dvar":0.000541855581105,"dvar2":0.00155665061902,"max":0.500000119209,"mean":0.449207484722,"median":0.455130547285,"min":0.231412664056,"var":0.00111696659587},"dynamic_complexity":6.98200464249,"erbbands":{"dmean":[0.113185562193,0.726542592049,2.0508646965,1.53289735317,5.32060146332,3.65806651115,6.16091871262,7.99454879761,13.6429872513,14.2630138397,9.04036140442,10.3305072784,16.2867431641,7.92584991455,5.27514410019,3.1082239151,2.93178796768,3.03406476974,2.47072887421,1.8883408308,1.27732622623,0.889220118523,0.604644536972,0.499608278275,0.3856793046,0.337230622768,0.297675549984,0.2370672822,0.153936639428,0.0908682644367,0.0603557862341,0.0395075194538,0.0287384204566,0.0215481221676,0.0160332247615,0.0120707368478,0.0101779578254,0.00778680061921,0.00392151344568,0.00771297467873],"dmean2":[0.190764531493,1.26537036896,3.44048571587,2.49034404755,9.4367647171,6.0772690773,10.4075269699,12.9395198822,22.8817481995,24.5012302399,15.6244497299,17.6506309509,28.1017475128,13.5522480011,8.9668006897,5.33342647552,4.85415410995,5.16801309586,4.13866472244,3.13105511665,2.05056452751,1.39025747776,0.917242884636,0.760815858841,0.584399700165,0.535145819187,0.46352788806,0.363829642534,0.233945906162,0.139951735735,0.0970108732581,0.0647514909506,0.0475974343717,0.0358600728214,0.0266244951636,0.0199003648013,0.0163035411388,0.0118309315294,0.00613303948194,0.0129469474778],"dvar":[0.125488996506,3.56460142136,14.851272583,5.73123025894,132.86920166,43.0136795044,246.342483521,1430.86413574,2992.11181641,5753.19677734,1069.52478027,1486.38598633,5919.89990234,854.49621582,592.463928223,121.382034302,66.5467300415,124.60900116,60.1341094971,31.2822723389,17.2426013947,9.36350727081,10.1309537888,5.95862770081,2.9138314724,2.71887159348,1.38583600521,1.38678586483,0.319234639406,0.0875226035714,0.0281059630215,0.00821673218161,0.00421184068546,0.00263851322234,0.00158876169007,0.000940667116083,0.0010301633738,0.000716165290214,0.000143456010846,0.000470841419883],"dvar2":[0.320270061493,9.80157756805,39.3019294739,14.1667509079,441.266174316,123.847930908,666.374023438,3486.48876953,7875.14355469,17285.3691406,3168.11962891,4308.19628906,17388.9453125,2585.98168945,1651.11633301,355.875396729,174.535354614,359.843322754,167.016448975,82.9185791016,41.6528434753,20.877746582,15.3128318787,8.40904521942,4.92701530457,5.5683836937,2.85391235352,2.8968091011,0.648625910282,0.172471642494,0.0628154277802,0.0202803108841,0.011198407039,0.00706010684371,0.00424239085987,0.00246701552533,0.00220625381917,0.00136530946475,0.00029304830241,0.00135242182296],"max":[10.3033876419,71.4715652466,129.441925049,36.0654678345,208.672042847,91.5589447021,218.694458008,1173.23962402,1482.83007812,1969.57250977,557.628479004,776.369812012,1631.84228516,883.882080078,711.618713379,391.872924805,222.629852295,304.02444458,152.200393677,122.843338013,114.788032532,87.9523925781,207.205627441,176.964797974,88.2022399902,77.6863021851,49.8355789185,62.9070205688,23.4522819519,16.0550327301,7.88646268845,2.39331316948,1.14586520195,0.926795482635,0.808237016201,0.652520000935,1.45521211624,1.27618634701,0.354834198952,0.482052505016],"mean":[0.154342964292,0.956071436405,3.25686407089,2.8463704586,7.61435508728,7.04362154007,9.36782741547,13.1961355209,21.2421455383,20.1573810577,13.8416595459,16.9993629456,24.8043384552,13.5561122894,9.07570266724,5.52759695053,5.79703187943,6.08815574646,4.74274587631,3.62736797333,2.43124485016,1.62396669388,1.09312224388,0.927145600319,0.683184981346,0.589768886566,0.564648330212,0.427244275808,0.275434672832,0.144013643265,0.0855450555682,0.0515652857721,0.0341238379478,0.024061774835,0.0177678894252,0.0143216410652,0.0149094453081,0.0141112888232,0.0111531745642,0.0312182884663],"median":[0.0412646494806,0.40810546279,1.69315898418,1.44209814072,2.63137745857,2.92803621292,1.87502646446,1.27119934559,1.34750032425,1.57959961891,1.37467885017,1.50679349899,1.62728357315,2.33117580414,2.46515607834,0.980146825314,0.574858248234,0.389917850494,0.389672785997,0.320651620626,0.210874289274,0.152803689241,0.118874415755,0.101992562413,0.0812642797828,0.0659449547529,0.0531340166926,0.0428646542132,0.0335120856762,0.0256078634411,0.019751848653,0.0146087827161,0.0103604784235,0.00689145177603,0.005045265425,0.0039194743149,0.00305723049678,0.00192488799803,0.00169952271972,0.0046176975593],"min":[4.80727948135e-22,3.9352515836e-21,4.95899753234e-20,7.67992543927e-20,8.90695546641e-20,7.05385117444e-20,3.74658663006e-19,3.11061346899e-19,2.45160203539e-19,1.03603141291e-18,1.0601847766e-18,2.00457688196e-18,2.0351025349e-18,4.24563229333e-18,1.57792487682e-18,2.66192490704e-18,3.01440807275e-18,3.85640948713e-18,1.16726384457e-17,1.07224527673e-17,4.6566628892e-18,9.066606753e-18,7.36184045009e-18,1.56017744794e-17,1.41937095904e-17,1.75527808702e-17,1.57453531814e-17,1.57739008387e-17,2.07356858405e-17,2.4259040153e-17,3.10788696795e-17,2.10095554152e-17,1.43895280569e-17,1.40257505671e-17,7.352295613e-18,5.47773684088e-18,3.12179700257e-18,1.1721016931e-18,4.30961357634e-19,4.29164340065e-20],"var":[0.199287295341,4.74056196213,23.9495296478,14.6546440125,167.143676758,105.510955811,468.258148193,3161.02880859,6035.91699219,7741.59472656,1779.6940918,2813.47851562,9331.18652344,1473.04052734,1026.0324707,210.433197021,215.525604248,336.888397217,164.265609741,87.2841873169,50.3899993896,24.0147838593,24.6642227173,17.4003887177,6.99428129196,5.24793291092,3.75277614594,3.14868593216,1.06666696072,0.3004989326,0.080990023911,0.0178224332631,0.00559556949884,0.00310913030989,0.00182786164805,0.00120221462566,0.0032665131148,0.00261010043323,0.000690040818881,0.0052364054136]},"erbbands_crest":{"dmean":2.75989532471,"dmean2":4.61919260025,"dvar":5.86021661758,"dvar2":16.2251434326,"max":27.0110301971,"mean":9.04704856873,"median":8.34378528595,"min":2.45699763298,"var":12.15371418},"erbbands_flatness_db":{"dmean":0.0294411499053,"dmean2":0.0469163767993,"dvar":0.000630190130323,"dvar2":0.00168243516237,"max":0.347887456417,"mean":0.150787815452,"median":0.147549539804,"min":0.0374513119459,"var":0.00194231828209},"erbbands_kurtosis":{"dmean":1.53327536583,"dmean2":2.51144933701,"dvar":3.0008482933,"dvar2":7.71290922165,"max":27.8681545258,"mean":1.83459949493,"median":1.3107419014,"min":-1.8930734396,"var":5.5928311348},"erbbands_skewness":{"dmean":0.432739973068,"dmean2":0.694606423378,"dvar":0.142583474517,"dvar2":0.338789999485,"max":4.72860050201,"mean":0.774440050125,"median":0.817864894867,"min":-3.81850194931,"var":0.574108242989},"erbbands_spread":{"dmean":6.60942077637,"dmean2":10.6755485535,"dvar":45.6775398254,"dvar2":113.975486755,"max":195.741714478,"mean":27.1295757294,"median":23.4779109955,"min":4.47621917725,"var":307.042236328},"gfcc":{"cov":[[14779.2998047,431.060272217,-1507.64575195,-429.75112915,251.477233887,-839.812805176,-164.283508301,-379.442657471,304.106933594,126.527885437,-191.176193237,-224.003616333,24.1490936279],[431.060272217,1066.65942383,241.33454895,-321.770812988,13.6981191635,-68.7087783813,40.6477813721,-55.5113945007,2.41385436058,-95.2560348511,88.7612304688,-63.6924629211,135.868865967],[-1507.64575195,241.33454895,616.135559082,-3.24639368057,-101.267730713,169.942398071,-25.9731025696,67.9437332153,-90.8905105591,-47.1743888855,38.914981842,4.97771596909,23.4947853088],[-429.75112915,-321.770812988,-3.24639368057,405.2059021,106.927085876,92.007774353,34.422908783,51.7266197205,-26.0092792511,22.0479507446,-21.5154533386,42.3917121887,-50.1694259644],[251.477233887,13.6981191635,-101.267730713,106.927085876,252.142211914,16.9110183716,60.4159011841,-25.2509231567,20.4013137817,-0.730314314365,-0.664904236794,-15.6667404175,-9.49845409393],[-839.812805176,-68.7087783813,169.942398071,92.007774353,16.9110183716,198.725723267,27.2775192261,63.3603935242,-52.8096313477,-4.62870883942,20.4013175964,32.3424186707,-13.6018238068],[-164.283508301,40.6477813721,-25.9731025696,34.422908783,60.4159011841,27.2775192261,166.365356445,2.28958535194,8.61408615112,-5.90476942062,-0.597996294498,13.0466127396,-18.2459030151],[-379.442657471,-55.5113945007,67.9437332153,51.7266197205,-25.2509231567,63.3603935242,2.28958535194,116.7891922,16.1023254395,15.691614151,14.5943660736,23.4471740723,18.5469741821],[304.106933594,2.41385436058,-90.8905105591,-26.0092792511,20.4013137817,-52.8096313477,8.61408615112,16.1023254395,90.8258895874,41.5878639221,3.08898878098,-11.2013521194,2.52390146255],[126.527885437,-95.2560348511,-47.1743888855,22.0479507446,-0.730314314365,-4.62870883942,-5.90476942062,15.691614151,41.5878639221,71.6182174683,19.7990570068,5.99191093445,-11.7939252853],[-191.176193237,88.7612304688,38.914981842,-21.5154533386,-0.664904236794,20.4013175964,-0.597996294498,14.5943660736,3.08898878098,19.7990570068,67.9677276611,22.0036811829,21.2505817413],[-224.003616333,-63.6924629211,4.97771596909,42.3917121887,-15.6667404175,32.3424186707,13.0466127396,23.4471740723,-11.2013521194,5.99191093445,22.0036811829,71.0355224609,5.94474983215],[24.1490936279,135.868865967,23.4947853088,-50.1694259644,-9.49845409393,-13.6018238068,-18.2459030151,18.5469741821,2.52390146255,-11.7939252853,21.2505817413,5.94474983215,81.2864837646]],"icov":[[0.000124004393001,-0.000221154085011,0.000284934125375,0.0000237985750573,-0.0000928856534301,0.000191904298845,0.000206998127396,-0.0000354555777449,0.000227824217291,-0.000565005000681,0.000580049178097,-0.0000805746240076,0.000106158804556],[-0.000221154085011,0.00337006594054,-0.00182891380973,0.0010201910045,-0.000381217018003,0.000600227038376,-0.00177183968481,0.0014168494381,-0.00225935666822,0.00501666823402,-0.00536355329677,0.00248170387931,-0.00305541302077],[0.000284934125375,-0.00182891380973,0.00416723405942,-0.000587591726799,0.00136800459586,-0.00224696518853,0.00130007928237,-0.00124285172205,0.0021724589169,-0.00124468421564,0.00123984972015,0.000782024639193,0.0011350994464],[0.0000237985750573,0.0010201910045,-0.000587591726799,0.00496400333941,-0.00293251732364,0.000589567760471,-0.000242826674366,-0.00234485114925,0.0025978020858,-0.00169073452707,0.0016218618257,-0.00207518436946,0.00115957402159],[-0.0000928856534301,-0.000381217018003,0.00136800459586,-0.00293251732364,0.007226746995,-0.00313816801645,-0.00143942749128,0.00332887703553,-0.00387159991078,0.00292982999235,-0.00249475939199,0.00323520996608,-0.00134294026066],[0.000191904298845,0.000600227038376,-0.00224696518853,0.000589567760471,-0.00313816801645,0.0126010300592,-0.00134246016387,-0.00614535110071,0.00748663721606,-0.00265795690939,-0.00111033092253,-0.00167350738775,0.00259030470625],[0.000206998127396,-0.00177183968481,0.00130007928237,-0.000242826674366,-0.00143942749128,-0.00134246016387,0.00832010060549,-0.000637323246337,-0.000909953028895,-0.000479309761431,0.0028000366874,-0.00316543621011,0.00345280533656],[-0.0000354555777449,0.0014168494381,-0.00124285172205,-0.00234485114925,0.00332887703553,-0.00614535110071,-0.000637323246337,0.017326593399,-0.0103330183774,0.00309346849099,-0.00208563124761,-0.0000951179536059,-0.00685959123075],[0.000227824217291,-0.00225935666822,0.0021724589169,0.0025978020858,-0.00387159991078,0.00748663721606,-0.000909953028895,-0.0103330183774,0.0282851867378,-0.0178677365184,0.0061719105579,0.000148139326484,0.00254294625483],[-0.000565005000681,0.00501666823402,-0.00124468421564,-0.00169073452707,0.00292982999235,-0.00265795690939,-0.000479309761431,0.00309346849099,-0.0178677365184,0.0358498953283,-0.0191728211939,0.00478293560445,0.000601812789682],[0.000580049178097,-0.00536355329677,0.00123984972015,0.0016218618257,-0.00249475939199,-0.00111033092253,0.0028000366874,-0.00208563124761,0.0061719105579,-0.0191728211939,0.0332077369094,-0.0115384459496,-0.000748563266825],[-0.0000805746240076,0.00248170387931,0.000782024639193,-0.00207518436946,0.00323520996608,-0.00167350738775,-0.00316543621011,-0.0000951179536059,0.000148139326484,0.00478293560445,-0.0115384459496,0.0228648986667,-0.00418817298487],[0.000106158804556,-0.00305541302077,0.0011350994464,0.00115957402159,-0.00134294026066,0.00259030470625,0.00345280533656,-0.00685959123075,0.00254294625483,0.000601812789682,-0.000748563266825,-0.00418817298487,0.020892329514]],"mean":[-114.110908508,114.219299316,-41.7956428528,-12.5675668716,-18.8314533234,-5.99027585983,-2.54822421074,-12.2823629379,-10.1447916031,-12.8523521423,-7.11929130554,-7.69061183929,-2.09520244598]},"hfc":{"dmean":182.814254761,"dmean2":307.815338135,"dvar":163843.203125,"dvar2":462839.875,"max":8821.33984375,"mean":551.811889648,"median":150.658859253,"min":1.21296388596e-16,"var":1012952.0625},"melbands":{"dmean":[0.000941698730458,0.0010126712732,0.000369619316189,0.000335874850862,0.000196429959033,0.000192013132619,0.000205486096092,0.000140202741022,0.0000731404434191,0.0000695797425578,0.0000809759731055,0.0000335195363732,0.0000205849428312,0.0000104974642454,0.00000750317803977,0.0000064512728386,0.0000060072402448,0.00000432367642134,0.00000322750611303,0.00000209919085137,0.00000152581731072,0.00000104536195522,7.10481344868e-7,5.25643258698e-7,4.16910182821e-7,3.15114164096e-7,2.65432419155e-7,2.2726887039e-7,2.07466229085e-7,1.66834908555e-7,1.36323706101e-7,9.41268396559e-8,6.81984104745e-8,4.61192826151e-8,3.69889932017e-8,2.79218230759e-8,2.29205827651e-8,2.02196872578e-8,1.87510593719e-8,1.79977366344e-8],"dmean2":[0.00160062953364,0.00171203538775,0.000634217518382,0.000586775946431,0.000326177920215,0.000310097384499,0.000344115309417,0.000240925917751,0.00012532013352,0.000119972210086,0.000139907482662,0.0000576818347326,0.0000352433271473,0.0000179885064426,0.0000126856293718,0.0000107961968752,0.0000102850599433,0.00000724787605577,0.00000538591393706,0.00000347387276634,0.00000246699323725,0.00000166297013493,0.00000111580095563,8.15718294689e-7,6.45204522698e-7,4.9178009931e-7,4.27172011541e-7,3.62433070222e-7,3.27734568373e-7,2.66455998599e-7,2.11275519746e-7,1.46453743355e-7,1.07051050691e-7,7.17875749956e-8,5.95772533529e-8,4.58211388832e-8,3.77323772227e-8,3.35122543049e-8,3.11647063711e-8,2.99513729374e-8],"dvar":[0.00000712045039108,0.00000440497979071,3.84576452461e-7,4.60284439896e-7,2.2571296654e-7,8.14629572687e-7,6.38927303953e-7,5.18003332672e-7,6.74936799783e-8,6.46813091976e-8,1.42687810012e-7,1.51016728012e-8,8.72611671809e-9,1.88682736102e-9,4.55163517987e-10,3.78072517737e-10,4.99297658774e-10,1.93871946275e-10,8.74240749238e-11,3.86852390399e-11,2.78734309939e-11,1.32520149368e-11,8.03820638523e-12,1.41540746137e-11,3.60374187089e-12,1.64343332779e-12,2.07010537184e-12,1.0960871967e-12,7.15607477789e-13,5.64883426493e-13,5.58003513187e-13,1.11766187126e-13,7.06382109923e-14,2.00552634666e-14,1.21593282115e-14,4.89385355496e-15,2.67123613675e-15,2.05736552537e-15,1.90423107411e-15,1.8639787979e-15],"dvar2":[0.0000185388034879,0.0000116839282782,0.00000117705235425,0.00000148590243043,5.92887602124e-7,0.00000195598818209,0.00000170319128756,0.00000156058638368,1.95492688704e-7,1.89228444469e-7,4.1897533265e-7,4.52903741177e-8,2.47895837191e-8,5.42151612493e-9,1.31387423163e-9,1.0271281603e-9,1.43445688661e-9,5.48555922908e-10,2.32560123936e-10,1.03162874077e-10,6.79303627238e-11,3.10858561114e-11,1.64813787618e-11,2.24495439599e-11,5.1788950732e-12,2.94703866345e-12,4.17636411565e-12,2.31012756667e-12,1.59477097326e-12,1.21299021175e-12,1.24645606336e-12,2.32392691245e-13,1.57726154186e-13,3.93159049967e-14,2.83977824437e-14,1.10829881988e-14,6.86766436227e-15,5.45830911123e-15,5.09150530507e-15,4.98750532925e-15],"max":[0.080993257463,0.0842147320509,0.0092208981514,0.01256841328,0.00703516649082,0.0292212851346,0.0203994512558,0.0178611129522,0.00417658826336,0.00481353653595,0.00794370751828,0.00344073702581,0.00255463016219,0.00188111665193,0.000368627370335,0.000565863738302,0.000532007717993,0.000264337839326,0.000188464240637,0.000137573166285,0.000128321087686,0.000120199998491,0.000131301654619,0.000258168583969,0.00013481984206,0.0000617534533376,0.000070420843258,0.0000450162224297,0.0000344373402186,0.0000278395982605,0.0000440449075541,0.000014814957467,0.0000113743199108,0.00000689439502821,0.00000513549275638,0.00000245026740231,0.00000112309101041,8.13312226455e-7,7.31582076696e-7,7.94712207153e-7],"mean":[0.00140720885247,0.00156283588149,0.00065571628511,0.000574723177124,0.000313656375511,0.000319474784192,0.000326291483361,0.000199633126613,0.000109618442366,0.000111316294351,0.000121803910588,0.0000545538350707,0.0000337198471243,0.0000161840362125,0.0000133015273605,0.0000120526565297,0.0000111672125058,0.00000761775299907,0.00000583034670854,0.00000379297057407,0.0000026503951176,0.00000177109984634,0.00000115934699352,8.87325256826e-7,7.41495512102e-7,5.39859456694e-7,4.30148674013e-7,3.79548538376e-7,3.70666015215e-7,2.8944953101e-7,2.35040886309e-7,1.67139177165e-7,1.06934429311e-7,6.90538968229e-8,5.15095699427e-8,3.74944200132e-8,2.89171975254e-8,2.40992363842e-8,2.12393338472e-8,1.9878021007e-8],"median":[0.000513385632075,0.000816969724838,0.000327197340084,0.000234484832617,0.0000727818624,0.0000297703718388,0.0000219482662942,0.0000166265199368,0.0000105373228507,0.00000911068218556,0.00000782625102147,0.00000900709437701,0.00000885213739821,0.00000366887866221,0.00000155011787228,9.98425662146e-7,6.4902081931e-7,6.0474366137e-7,5.10294682954e-7,3.26543244e-7,2.15528658032e-7,1.57442272553e-7,1.1878056938e-7,9.33307404694e-8,7.9508076567e-8,6.37279811144e-8,5.0436746335e-8,4.1175024279e-8,3.39150183493e-8,2.83653616151e-8,2.30396111078e-8,1.94353706462e-8,1.5680955201e-8,1.33461188767e-8,1.14476463864e-8,9.71070956979e-9,8.41353653414e-9,7.2853159061e-9,6.24821749895e-9,5.58167023712e-9],"min":[5.17165889309e-24,1.82147588585e-23,1.57034596098e-23,4.53724709235e-24,1.08082574154e-23,7.92651855187e-24,4.17634520036e-24,1.10072128688e-23,7.88771763939e-24,1.27362642333e-23,1.02615499868e-23,1.84497337009e-23,3.99582897613e-24,6.6551382522e-24,6.51421692895e-24,5.411624464e-24,7.04397883643e-24,1.95037086683e-23,1.38524180061e-23,1.2885587714e-23,3.49119347177e-24,9.14672228918e-24,5.12473705202e-24,1.09402117567e-23,1.32575127539e-23,7.33799597328e-24,1.59651026839e-23,9.99352660561e-24,1.02987518782e-23,7.7180754683e-24,1.03120938827e-23,1.14605980523e-23,1.2318306793e-23,1.46261501368e-23,1.88823245109e-23,1.62404403834e-23,1.13454038498e-23,1.0223879512e-23,9.62796294011e-24,1.29216000032e-23],"var":[0.0000118449388538,0.00000670538656777,7.92290563822e-7,7.55386395213e-7,4.62838812609e-7,0.00000185565988886,0.00000129483203182,7.24430435639e-7,1.13938433799e-7,1.19161867929e-7,2.2471888883e-7,2.53031657849e-8,1.55735886409e-8,2.31110974802e-9,1.06520647858e-9,1.13724951678e-9,1.23717147638e-9,4.60211313502e-10,2.27369525985e-10,1.04256346611e-10,6.94248825095e-11,3.10904774148e-11,1.72782239904e-11,2.899117231e-11,1.06215721982e-11,4.06330568151e-12,3.4863468449e-12,2.13607105094e-12,1.61255275626e-12,1.29691450721e-12,1.08121725548e-12,3.93643017488e-13,1.71981054614e-13,7.09448911293e-14,3.19783092964e-14,1.24417247609e-14,4.94344479292e-15,2.78677905405e-15,2.29379147919e-15,2.18140545368e-15]},"melbands_crest":{"dmean":3.95991611481,"dmean2":6.7781791687,"dvar":10.7643861771,"dvar2":28.802482605,"max":37.237651825,"mean":17.410490036,"median":17.1516304016,"min":1.84007751942,"var":32.3127098083},"melbands_flatness_db":{"dmean":0.0464468821883,"dmean2":0.0747017040849,"dvar":0.00155107618775,"dvar2":0.00405710097402,"max":0.598078966141,"mean":0.343870282173,"median":0.348185330629,"min":0.00679191201925,"var":0.00564304599538},"melbands_kurtosis":{"dmean":12.5824575424,"dmean2":20.9969158173,"dvar":348.311828613,"dvar2":916.491943359,"max":416.938293457,"mean":25.4752006531,"median":15.4155216217,"min":-1.60692822933,"var":917.16595459},"melbands_skewness":{"dmean":0.890293121338,"dmean2":1.46415686607,"dvar":0.738259255886,"dvar2":1.93346643448,"max":15.031498909,"mean":3.38635778427,"median":3.04595661163,"min":-0.743727684021,"var":3.66366219521},"melbands_spread":{"dmean":2.62519693375,"dmean2":4.17274951935,"dvar":21.3736038208,"dvar2":41.3722991943,"max":180.777923584,"mean":7.76894855499,"median":4.70198488235,"min":0.33501547575,"var":192.044769287},"mfcc":{"cov":[[10445.7958984,762.57611084,-1624.42907715,98.981262207,-283.195404053,-135.86428833,-628.448608398,-357.093261719,-9.55962467194,73.5360488892,73.6411056519,2.20400094986,-144.255691528],[762.57611084,1346.47680664,162.634460449,-228.568725586,-34.3443527222,-98.7508773804,0.155273124576,-55.7422790527,-15.9721059799,-26.2346477509,-58.1632118225,-42.1770477295,19.5371646881],[-1624.42907715,162.634460449,696.533813477,-106.46269989,22.8386173248,-35.2522468567,115.492134094,50.9679031372,-18.2401752472,-36.384223938,-35.6013908386,-15.5295562744,41.2019195557],[98.981262207,-228.568725586,-106.46269989,256.430541992,55.5947380066,70.5190048218,24.3426494598,37.5177154541,22.7395381927,13.4525928497,16.8975067139,15.5796165466,-8.58765792847],[-283.195404053,-34.3443527222,22.8386173248,55.5947380066,188.434249878,39.3944168091,42.453125,14.3207712173,4.77500772476,10.6255149841,-2.11237955093,3.83610248566,10.2681150436],[-135.86428833,-98.7508773804,-35.2522468567,70.5190048218,39.3944168091,140.509613037,74.1351699829,39.7500267029,-4.76894187927,-1.70561242104,25.5595340729,4.71534490585,-9.37109661102],[-628.448608398,0.155273124576,115.492134094,24.3426494598,42.453125,74.1351699829,151.637786865,81.4024200439,3.23817253113,-10.6121206284,2.12697005272,0.738871991634,12.4555683136],[-357.093261719,-55.7422790527,50.9679031372,37.5177154541,14.3207712173,39.7500267029,81.4024200439,102.389030457,27.0342597961,-9.86506175995,0.308743923903,4.1199388504,9.41957950592],[-9.55962467194,-15.9721059799,-18.2401752472,22.7395381927,4.77500772476,-4.76894187927,3.23817253113,27.0342597961,62.8031311035,31.1972427368,-0.924895405769,-0.654247641563,1.18528270721],[73.5360488892,-26.2346477509,-36.384223938,13.4525928497,10.6255149841,-1.70561242104,-10.6121206284,-9.86506175995,31.1972427368,64.3516769409,28.9199829102,5.58870792389,-3.70513129234],[73.6411056519,-58.1632118225,-35.6013908386,16.8975067139,-2.11237955093,25.5595340729,2.12697005272,0.308743923903,-0.924895405769,28.9199829102,66.2301254272,26.3111896515,-4.48432970047],[2.20400094986,-42.1770477295,-15.5295562744,15.5796165466,3.83610248566,4.71534490585,0.738871991634,4.1199388504,-0.654247641563,5.58870792389,26.3111896515,42.4903640747,22.3047561646],[-144.255691528,19.5371646881,41.2019195557,-8.58765792847,10.2681150436,-9.37109661102,12.4555683136,9.41957950592,1.18528270721,-3.70513129234,-4.48432970047,22.3047561646,48.7133369446]],"icov":[[0.000219937050133,-0.000211553167901,0.00041602915735,-0.000167269463418,0.000155165209435,-0.0000671442248859,0.000602521700785,-3.39612313383e-7,0.0000876233534655,0.0000412290210079,-0.000155643225298,-0.00000944237308431,0.000146165359183],[-0.000211553167901,0.00115242600441,-0.000397373980377,0.00079578749137,-0.000160343581229,0.000461503717816,-0.00125179253519,0.000846962095238,-0.000563967274502,0.000385245512007,0.000138418588904,0.000818101281766,-0.000652231450658],[0.00041602915735,-0.000397373980377,0.00288018607534,0.000258069223491,0.0000702891629771,0.00125656824093,-0.000992111396044,-0.0000435221663793,0.000585248693824,0.000617027864791,-0.000663299579173,0.00136774778366,-0.00116483785678],[-0.000167269463418,0.00079578749137,0.000258069223491,0.00604798737913,-0.00138931791298,-0.00197656382807,0.0000890787559911,-0.00133467162959,-0.00128234981094,-0.000326518056681,0.00139706232585,-0.00244845892303,0.00143741013017],[0.000155165209435,-0.000160343581229,0.0000702891629771,-0.00138931791298,0.00653150677681,-0.0012034928659,-0.00112002773676,0.00110651017167,0.000640020472929,-0.00220643519424,0.00184566352982,-0.000422223645728,-0.00113658979535],[-0.0000671442248859,0.000461503717816,0.00125656824093,-0.00197656382807,-0.0012034928659,0.0139685887843,-0.00770392874256,0.000779531605076,0.00095471763052,0.00274842511863,-0.00569986412302,0.00272068358026,0.00138012459502],[0.000602521700785,-0.00125179253519,-0.000992111396044,0.0000890787559911,-0.00112002773676,-0.00770392874256,0.0206722002476,-0.0131224868819,0.00549303041771,-0.00382795231417,0.00137454946525,0.000712378940079,-0.00147748482414],[-3.39612313383e-7,0.000846962095238,-0.0000435221663793,-0.00133467162959,0.00110651017167,0.000779531605076,-0.0131224868819,0.0262498427182,-0.015981554985,0.0120699852705,-0.00497458549216,0.00110816035885,-0.00200144923292],[0.0000876233534655,-0.000563967274502,0.000585248693824,-0.00128234981094,0.000640020472929,0.00095471763052,0.00549303041771,-0.015981554985,0.0344776846468,-0.0227765794843,0.0110996179283,-0.00251436070539,0.00110090826638],[0.0000412290210079,0.000385245512007,0.000617027864791,-0.000326518056681,-0.00220643519424,0.00274842511863,-0.00382795231417,0.0120699852705,-0.0227765794843,0.0370691865683,-0.0206817183644,0.00899840053171,-0.00362358451821],[-0.000155643225298,0.000138418588904,-0.000663299579173,0.00139706232585,0.00184566352982,-0.00569986412302,0.00137454946525,-0.00497458549216,0.0110996179283,-0.0206817183644,0.0379219651222,-0.0274264942855,0.0136215966195],[-0.00000944237308431,0.000818101281766,0.00136774778366,-0.00244845892303,-0.000422223645728,0.00272068358026,0.000712378940079,0.00110816035885,-0.00251436070539,0.00899840053171,-0.0274264942855,0.0565576590598,-0.0294042639434],[0.000146165359183,-0.000652231450658,-0.00116483785678,0.00143741013017,-0.00113658979535,0.00138012459502,-0.00147748482414,-0.00200144923292,0.00110090826638,-0.00362358451821,0.0136215966195,-0.0294042639434,0.0381462909281]],"mean":[-790.631286621,182.031524658,28.9753646851,18.8380851746,5.33189582825,13.0154628754,10.7125606537,7.68158006668,4.622859478,0.854731023312,-2.48405623436,-2.27115321159,-0.577781617641]},"pitch_salience":{"dmean":0.0759890750051,"dmean2":0.127350896597,"dvar":0.00380707089789,"dvar2":0.0104105668142,"max":0.82111209631,"mean":0.546223580837,"median":0.55877417326,"min":0.101902358234,"var":0.0149109205231},"silence_rate_20dB":{"dmean":0.00483870971948,"dmean2":0.00967898033559,"dvar":0.00481515191495,"dvar2":0.0131336646155,"max":1,"mean":0.996129631996,"median":1,"min":0,"var":0.00385544309393},"silence_rate_30dB":{"dmean":0.00645161280409,"dmean2":0.0129053071141,"dvar":0.00641016662121,"dvar2":0.0159657727927,"max":1,"mean":0.881793260574,"median":1,"min":0,"var":0.104234740138},"silence_rate_60dB":{"dmean":0.0119354836643,"dmean2":0.0238748192787,"dvar":0.0117920748889,"dvar2":0.0300787109882,"max":1,"mean":0.0940170958638,"median":0,"min":0,"var":0.0851742625237},"spectral_centroid":{"dmean":105.964767456,"dmean2":162.635162354,"dvar":32441.2128906,"dvar2":50197.9023438,"max":10942.1630859,"mean":493.357940674,"median":379.109924316,"min":143.115722656,"var":197789.0625},"spectral_complexity":{"dmean":1.59741938114,"dmean2":2.64332962036,"dvar":2.85818195343,"dvar2":6.66214704514,"max":41,"mean":8.08563137054,"median":6,"min":0,"var":40.7064323425},"spectral_contrast_coeffs":{"dmean":[0.0501113608479,0.0431789979339,0.0343127064407,0.0291911363602,0.0253665354103,0.0245750509202],"dmean2":[0.0851113349199,0.0730521529913,0.0580495148897,0.0483819097281,0.0414419956505,0.0393000431359],"dvar":[0.00154405226931,0.00118814571761,0.000777227745857,0.000545336282812,0.000460657116491,0.000575646641664],"dvar2":[0.00455318251625,0.00339493225329,0.00222528562881,0.00149123184383,0.00115914305206,0.00133502925746],"max":[-0.392853677273,-0.512689471245,-0.53338432312,-0.636987149715,-0.690288364887,-0.588224411011],"mean":[-0.678246736526,-0.796132624149,-0.819782197475,-0.854603230953,-0.885883450508,-0.844224274158],"median":[-0.682347297668,-0.801906943321,-0.828277111053,-0.856527805328,-0.887563884258,-0.862172782421],"min":[-0.978998422623,-0.960593700409,-0.957956194878,-0.987459421158,-0.982469022274,-0.956056773663],"var":[0.00615248922259,0.00404019560665,0.00304336869158,0.00235764216632,0.00243905908428,0.00350778200664]},"spectral_contrast_valleys":{"dmean":[0.386447072029,0.368689805269,0.30202999711,0.422587573528,0.555869758129,0.611664235592],"dmean2":[0.654726862907,0.616256177425,0.505166172981,0.678649425507,0.892282187939,0.975554823875],"dvar":[0.108787938952,0.105967581272,0.0816397443414,0.17121039331,0.277530610561,0.267284095287],"dvar2":[0.283860325813,0.259167194366,0.184739619493,0.402022957802,0.688759744167,0.679939687252],"max":[-5.06918954849,-4.42693471909,-5.1532793045,-6.00406742096,-6.27764177322,-8.91142463684],"mean":[-7.27903652191,-7.28524494171,-7.81391239166,-8.80512332916,-9.12791824341,-11.4998235703],"median":[-7.09698581696,-7.27726459503,-7.7327375412,-8.76883888245,-9.02453804016,-11.3811969757],"min":[-26.943687439,-27.2853717804,-27.6515808105,-27.4586238861,-27.3246326447,-27.3327693939],"var":[1.43114554882,1.69898581505,1.45658528805,1.79483497143,1.59232103825,1.22145664692]},"spectral_decrease":{"dmean":3.05211833584e-9,"dmean2":5.1311634941e-9,"dvar":3.59920809813e-17,"dvar2":9.85100177925e-17,"max":9.36765545134e-8,"mean":1.58957247365e-9,"median":-9.01911184625e-11,"min":-7.64701439948e-8,"var":7.40576192082e-17},"spectral_energy":{"dmean":0.0117174061015,"dmean2":0.0196973141283,"dvar":0.000495037354995,"dvar2":0.00138214579783,"max":0.474291175604,"mean":0.0440514720976,"median":0.0180430542678,"min":1.10998219332e-20,"var":0.00450693210587},"spectral_energyband_high":{"dmean":0.000061042199377,"dmean2":0.0000967980959103,"dvar":2.68831144012e-8,"dvar2":6.20932425477e-8,"max":0.00406230520457,"mean":0.000155590547365,"median":0.0000204179086722,"min":8.38908725013e-21,"var":1.40551250638e-7},"spectral_energyband_low":{"dmean":0.00477292295545,"dmean2":0.00801488757133,"dvar":0.000113827962196,"dvar2":0.000290957337711,"max":0.339845240116,"mean":0.00881258025765,"median":0.00485835177824,"min":8.612554278e-23,"var":0.000221398251597},"spectral_energyband_middle_high":{"dmean":0.000479125010315,"dmean2":0.000787640747149,"dvar":0.00000193529785975,"dvar2":0.00000546887986275,"max":0.0361984297633,"mean":0.00125001103152,"median":0.000223464303417,"min":1.57388559879e-21,"var":0.00000816420197225},"spectral_energyband_middle_low":{"dmean":0.00317426258698,"dmean2":0.00545112462714,"dvar":0.0000664758990752,"dvar2":0.000194503576495,"max":0.200152471662,"mean":0.00848334934562,"median":0.0023784476798,"min":2.7828415175e-22,"var":0.00029269407969},"spectral_entropy":{"dmean":0.344729751348,"dmean2":0.551672279835,"dvar":0.0913362950087,"dvar2":0.234536617994,"max":9.78978633881,"mean":6.94780397415,"median":6.97240495682,"min":5.11354398727,"var":0.279848575592},"spectral_flux":{"dmean":0.0181964803487,"dmean2":0.0300041995943,"dvar":0.000442229618784,"dvar2":0.00119643076323,"max":0.499901562929,"mean":0.0927225127816,"median":0.0691155493259,"min":1.0535568945e-10,"var":0.00564085878432},"spectral_kurtosis":{"dmean":10.805773735,"dmean2":17.5102710724,"dvar":232.238586426,"dvar2":624.765625,"max":225.182769775,"mean":24.7141647339,"median":19.5407981873,"min":-1.18003284931,"var":325.874023438},"spectral_rms":{"dmean":0.00075553858187,"dmean2":0.0012506878702,"dvar":7.19302306607e-7,"dvar2":0.00000194142216969,"max":0.0215109996498,"mean":0.00530152348801,"median":0.00419559050351,"min":3.29075894138e-12,"var":0.0000148710432768},"spectral_rolloff":{"dmean":1358.92919922,"dmean2":2680.95898438,"dvar":25241246,"dvar2":71691064,"max":22050,"mean":20829.515625,"median":21942.3339844,"min":43.06640625,"var":21158626},"spectral_skewness":{"dmean":0.828466236591,"dmean2":1.32623231411,"dvar":0.824283897877,"dvar2":2.1795668602,"max":13.104719162,"mean":3.78618240356,"median":3.526679039,"min":0.0176181569695,"var":1.78714108467},"spectral_spread":{"dmean":936826.8125,"dmean2":1502525,"dvar":854462627840,"dvar2":1977186385920,"max":40027568,"mean":4484898.5,"median":4327082.5,"min":1029096.875,"var":2241926004740},"spectral_strongpeak":{"dmean":25.1597805023,"dmean2":43.9257278442,"dvar":1339.21447754,"dvar2":3446.97875977,"max":679.696228027,"mean":35.9354248047,"median":0.700945198536,"min":0,"var":2842.12426758},"zerocrossingrate":{"dmean":0.058704007417,"dmean2":0.0784896165133,"dvar":0.00229328288697,"dvar2":0.00418516434729,"max":0.935546875,"mean":0.480639308691,"median":0.47412109375,"min":0.05419921875,"var":0.0214592218399}},"metadata":{"audio_properties":{"analysis_sample_rate":44100,"bit_rate":197989,"codec":"mp3","downmix":"mix","equal_loudness":0,"length":143.961883545,"lossless":false,"md5_encoded":"798469d4c3ca788660c790dc5dae7b2f","replay_gain":-0.202219009399},"tags":{"album":["This Is War"],"albumartist":["30 Seconds to Mars"],"albumartistsort":["30 Seconds to Mars"],"artist":["30 Seconds to Mars"],"artistsort":["30 Seconds to Mars"],"asin":["B0029LHW68"],"barcode":["5099996511121"],"catalognumber":["509999 65111 2 1"],"composer":["Jared Leto"],"conductor":[""],"copyright":["(C) 2009 Virgin Records America, Inc."],"date":["2009"],"discnumber":["1/1"],"file_name":"01. Escape.mp3","genre":["Alternative & Punk"],"isrc":["USVI20900428"],"label":["EMI Records"],"media":["CD"],"musicbrainz album release country":["GB"],"musicbrainz album status":["official"],"musicbrainz album type":["album"],"musicbrainz_albumartistid":["d8354b38-e942-4c89-ba93-29323432abc3"],"musicbrainz_albumid":["6221bd54-033d-4876-b722-736b4e95686b"],"musicbrainz_artistid":["d8354b38-e942-4c89-ba93-29323432abc3"],"musicbrainz_recordingid":["ac19c697-373f-41af-9293-51c9deebacb4"],"originaldate":["2009"],"script":["Latn"],"title":["Escape"],"tracknumber":["1/12"]},"version":{"essentia":"2.1-beta1","essentia_build_sha":"12879b851c9f4b0d899e1af4e221aa110f283a84","essentia_git_sha":"v2.1_beta1-7-ge0e83e8-dirty","extractor":"music 1.0"}},"rhythm":{"beats_count":278,"beats_loudness":{"dmean":0.0169228669256,"dmean2":0.0280051846057,"dvar":0.000987614737824,"dvar2":0.00283454195596,"max":0.36844047904,"mean":0.0503723174334,"median":0.0210495721549,"min":3.74227759892e-9,"var":0.00526588968933},"beats_loudness_band_ratio":{"dmean":[0.163973018527,0.0735507458448,0.0312633663416,0.0190701317042,0.00616632401943,0.165938451886],"dmean2":[0.285524278879,0.1272