{"lowlevel":{"average_loudness":0.951266109943,"barkbands":{"dmean":[0.00000228690873882,0.000581645988859,0.000861819076817,0.00194222701248,0.00180426472798,0.00046456430573,0.00049192737788,0.000603801745456,0.000695179391187,0.000466911529656,0.000354157033144,0.00034873795812,0.000287817005301,0.000305107532768,0.00018303123943,0.000296755577438,0.000257734529441,0.000293235963909,0.000381725665648,0.000377764285076,0.00029575030203,0.000288117007585,0.0000802938739071,0.0000360146150342,0.0000174878350663,0.00000718041201253,7.90224873981e-7],"dmean2":[0.00000339997609444,0.000987587845884,0.00142696197145,0.00310489884578,0.00292214239016,0.000723266333807,0.000797469576355,0.000924526248127,0.00114201230463,0.00076503737364,0.000584089604672,0.000566868693568,0.000468134094262,0.000491433544084,0.000295984296827,0.000472669460578,0.000421689037466,0.000483503652504,0.00063982087886,0.000615455966908,0.000493597239256,0.000469158519991,0.000126607497805,0.0000549107280676,0.0000249731383519,0.0000102010617411,0.00000126226018438],"dvar":[1.63135147752e-11,8.28252950669e-7,0.00000185864337254,0.00000664908793624,0.00000596439122091,4.65241328129e-7,5.94341940996e-7,7.67279004776e-7,0.0000015112904066,6.23492724117e-7,5.09668268478e-7,4.63714457055e-7,4.03596629894e-7,3.89103888665e-7,1.71240969848e-7,4.16132991177e-7,2.35439799212e-7,2.00583613719e-7,2.75303449371e-7,2.44195604182e-7,1.50537587729e-7,1.51359898837e-7,1.06206252681e-8,3.20466919668e-9,1.9009305241e-9,7.19436898944e-10,8.99858659809e-12],"dvar2":[3.41880170007e-11,0.00000230985847338,0.00000463416836283,0.0000167461639649,0.0000158533603098,0.00000108151778022,0.00000152454708768,0.00000186011095593,0.0000040948602873,0.00000164842208505,0.00000130860473746,0.00000110325618152,9.37995707773e-7,9.38552148e-7,4.03642104629e-7,0.000001014136501,5.65885159176e-7,4.9814269687e-7,7.22326944924e-7,6.24338781563e-7,3.90391477367e-7,3.99947680307e-7,2.43050628512e-8,6.72487443509e-9,3.77421871534e-9,1.43579081957e-9,2.30620331859e-11],"max":[0.0000657458222122,0.0101585881785,0.0344417393208,0.0412288308144,0.0356382317841,0.0208485070616,0.0139792663977,0.0144353844225,0.0198880061507,0.0123655749485,0.0149086555466,0.0130082983524,0.0176551863551,0.0177355203778,0.0122818788514,0.0169286895543,0.0156552363187,0.01118885912,0.0138644212857,0.010664736852,0.013253569603,0.00821429304779,0.00390354939736,0.00205571646802,0.00101123563945,0.000588884344324,0.0000578044382564],"mean":[0.00000255722466136,0.000938251789194,0.00191499223001,0.00424504466355,0.00392395630479,0.00104807910975,0.000989795662463,0.00125150522217,0.00116982019972,0.000824133341666,0.000591723015532,0.000581549131311,0.00046572231804,0.000506270152982,0.000272940320428,0.000515144027304,0.000440126052126,0.000593387987465,0.000794071354903,0.00100703537464,0.000906159868464,0.000815109582618,0.000248279684456,0.000102355290437,0.000042025167204,0.0000124370044432,9.27361156755e-7],"median":[4.51687526493e-7,0.000566772359889,0.000631590955891,0.00245146895759,0.00275823799893,0.000595852499828,0.000554282392841,0.000751686166041,0.000645323307253,0.000443539465778,0.000222893024329,0.000226525065955,0.000197129673325,0.000178087531822,0.000123161487863,0.000245931500103,0.000233767175814,0.000398491509259,0.000581837666687,0.000810690107755,0.00078646291513,0.000659967190586,0.000211026956094,0.0000825054594316,0.0000238691281993,0.00000378358549824,1.64429508231e-7],"min":[6.20841605907e-26,2.00819610667e-24,3.70388240194e-25,2.97841066128e-25,2.78387849883e-24,6.99357930206e-24,6.52630227802e-24,7.71148138e-24,1.23062064556e-23,4.46247609474e-24,1.2645830008e-23,1.66530130591e-23,2.64895421451e-23,3.03955364302e-23,3.7390915124e-23,2.99091847495e-23,4.88784748643e-23,6.832543919e-23,1.02693773802e-22,1.56828274261e-22,1.97684768938e-22,3.08923282117e-22,3.51947957836e-22,5.2725791782e-22,8.33909835888e-22,1.30416605309e-21,1.78537362866e-21],"var":[2.45520010572e-11,0.00000117596221116,0.000017120875782,0.0000266712686425,0.0000142246663017,0.00000232667753153,0.00000151428525896,0.00000209084191738,0.00000294709343507,0.00000140670033488,0.00000123403515317,0.00000127702105601,8.90215801519e-7,9.1299750693e-7,2.84121114191e-7,8.7411910954e-7,4.80564779082e-7,5.17967350788e-7,6.94947004831e-7,8.34489355839e-7,5.59067132144e-7,5.28678015144e-7,4.44404513189e-8,1.02798214385e-8,4.72472638791e-9,1.25519028504e-9,9.03714776623e-12]},"barkbands_crest":{"dmean":1.81885349751,"dmean2":2.93678092957,"dvar":3.11181616783,"dvar2":7.92097425461,"max":26.5770378113,"mean":8.50892543793,"median":7.21860408783,"min":2.17794156075,"var":19.0222740173},"barkbands_flatness_db":{"dmean":0.0140439048409,"dmean2":0.0213612653315,"dvar":0.000197605360881,"dvar2":0.000429716921644,"max":0.531830489635,"mean":0.123540237546,"median":0.102088347077,"min":0.0354910157621,"var":0.00458377366886},"barkbands_kurtosis":{"dmean":1.38750422001,"dmean2":2.03729271889,"dvar":12.6743440628,"dvar2":21.6201610565,"max":571.244445801,"mean":3.68687605858,"median":-0.528148889542,"min":-1.85041725636,"var":452.289398193},"barkbands_skewness":{"dmean":0.356976628304,"dmean2":0.549530029297,"dvar":0.131192713976,"dvar2":0.298034965992,"max":15.9159040451,"mean":1.13954424858,"median":0.799254834652,"min":-2.20037770271,"var":2.23130750656},"barkbands_spread":{"dmean":5.0006108284,"dmean2":7.80281829834,"dvar":21.942358017,"dvar2":53.6775856018,"max":78.3523712158,"mean":33.2985839844,"median":34.9199829102,"min":0.184259682894,"var":184.721298218},"dissonance":{"dmean":0.0105543844402,"dmean2":0.0176453683525,"dvar":0.000143932338688,"dvar2":0.00038171178312,"max":0.500000119209,"mean":0.475219786167,"median":0.481234014034,"min":0.199662566185,"var":0.000634521828033},"dynamic_complexity":1.55318522453,"erbbands":{"dmean":[0.00889361649752,0.161838173866,0.766748905182,3.5962023735,6.95873594284,6.6564912796,5.50352668762,3.12059521675,5.80376148224,12.4630098343,10.1913747787,17.3608360291,15.4385070801,11.741736412,13.8912649155,13.2608327866,13.0873384476,13.1789474487,11.7061080933,12.3496665955,13.334107399,13.5640993118,15.1043844223,19.4963302612,14.6737270355,16.46641922,17.1047611237,12.7577066422,8.92675209045,4.18056678772,2.06339025497,0.899429917336,0.537954807281,0.248315483332,0.108284838498,0.0438718721271,0.00992955639958,0.00190066581126,0.000121398617921,0.00000749624132368],"dmean2":[0.0147587843239,0.276127547026,1.28449845314,5.87234401703,11.2563734055,10.8196992874,8.70315170288,4.88543319702,9.46786499023,18.7284126282,16.4638824463,28.4698390961,25.0848312378,19.3407402039,22.4832229614,21.5524673462,21.1409358978,21.2554950714,18.9116191864,19.6454906464,21.4257926941,22.058801651,24.9815750122,32.24036026,24.7057037354,26.8314990997,28.3478889465,21.226732254,14.4388494492,6.57547521591,3.29188728333,1.39848792553,0.815840542316,0.361189901829,0.153968259692,0.0618147179484,0.0139512596652,0.00288867950439,0.00018823769642,0.0000116601559057],"dvar":[0.000226295014727,0.0615301653743,1.23296809196,21.1183261871,103.014846802,97.2570495605,66.8677520752,16.2266597748,91.9959945679,335.26675415,293.311981201,1131.24023438,666.830505371,441.742523193,778.01739502,662.799865723,772.429870605,676.092834473,634.744750977,716.845031738,658.247741699,694.369812012,562.182006836,839.080627441,347.30166626,489.606231689,536.069335938,297.547851562,128.564315796,32.1600990295,7.50314617157,1.73125064373,0.875107586384,0.285550951958,0.103019528091,0.0261885654181,0.00134809769224,0.0000467309437227,2.00100274128e-7,1.33010255587e-10],"dvar2":[0.000565081369132,0.174541369081,3.26108121872,57.0566368103,271.114318848,260.446136475,163.463989258,40.6105651855,240.497390747,760.592468262,787.176696777,3072.22924805,1740.94873047,1172.93444824,1884.53295898,1617.078125,1823.50793457,1581.94714355,1585.4329834,1715.54248047,1578.74780273,1646.50585938,1392.56677246,2104.4699707,934.305114746,1248.34130859,1356.9354248,795.031555176,331.533050537,77.4226074219,18.3489723206,3.80748152733,1.80594933033,0.579072654247,0.207212999463,0.0523581430316,0.00276394491084,0.00010998990183,4.99466068504e-7,3.135747495e-10],"max":[0.147568717599,2.95318722725,24.7012481689,69.6799926758,158.633850098,163.542831421,192.75163269,68.0740585327,187.980484009,424.715637207,334.470794678,627.475891113,545.74987793,407.284759521,522.975524902,476.029022217,874.536437988,731.852600098,559.698974609,608.73840332,809.391723633,1031.7677002,739.94921875,660.973266602,282.922149658,418.8934021,795.178649902,626.571533203,238.547607422,233.914291382,117.043640137,45.9749412537,28.9099464417,11.63879776,7.04788589478,3.7405025959,0.98009198904,0.160382434726,0.00983146298677,0.000231844751397],"mean":[0.0125546827912,0.276927918196,1.71194088459,8.3503484726,14.379904747,13.3283395767,12.1140270233,7.55818748474,11.5917129517,27.0883636475,20.0467796326,29.1440868378,27.7552394867,20.7737884521,25.6232261658,23.4608440399,23.5076293945,23.0996437073,20.2738075256,21.7114143372,25.2282333374,24.8888111115,30.5858821869,42.4680252075,36.429561615,43.7843894958,47.7347717285,37.9520988464,27.3406963348,12.1430845261,6.24975967407,2.75741863251,1.44175839424,0.61938893795,0.233731359243,0.080473035574,0.0166067685932,0.00257645058446,0.000170567072928,0.0000366080384993],"median":[0.00646567344666,0.190509796143,0.916877090931,4.85067558289,8.35713672638,7.92096567154,7.05737352371,5.28407859802,6.06886577606,16.4360046387,13.7927322388,15.35587883,16.9341201782,10.8200416565,10.1552534103,10.3827533722,10.4468364716,10.2521018982,8.98955726624,10.0734233856,14.4069080353,14.0491552353,21.6141052246,28.7598953247,29.3470344543,35.8572235107,39.5491790771,32.3129615784,23.1371765137,9.64242172241,5.3522810936,2.33737182617,1.09471559525,0.394165456295,0.109218649566,0.0275617465377,0.0046981824562,0.00062207155861,0.00005097999383,0.0000358346442226],"min":[5.69219688667e-23,3.73220721794e-22,1.53826715315e-21,5.01580351467e-21,8.52393384585e-21,2.38306146209e-20,3.14318454571e-20,7.71019314111e-20,9.27455905427e-20,1.31574501859e-19,2.69986582058e-19,2.60532553892e-19,4.10920038012e-19,3.6976811273e-19,7.81596291658e-19,7.19931993245e-19,1.26018464101e-18,1.87897405543e-18,1.57965833719e-18,2.21789828333e-18,2.82820558096e-18,3.33636558551e-18,4.75390830997e-18,4.74000092233e-18,7.08829099434e-18,6.90464986732e-18,8.78746969222e-18,8.54507682142e-18,9.76144260345e-18,1.08694179467e-17,1.00652610794e-17,9.72793847992e-18,8.87273960566e-18,7.54052800602e-18,6.24420818674e-18,3.92600267361e-18,2.20248666775e-18,9.31608132382e-19,2.29646250205e-19,2.58490581002e-20],"var":[0.000290688651148,0.0837516337633,7.40684223175,96.4031066895,279.678436279,239.730316162,251.053512573,56.1624832153,225.332550049,991.97857666,534.506103516,2241.26611328,1277.48083496,881.72869873,2422.99072266,1639.7052002,1966.38232422,1569.2142334,1208.74963379,1533.89221191,1456.0904541,1528.27001953,1263.75317383,2764.19702148,1031.80383301,1518.15063477,1784.78173828,996.941833496,526.104797363,117.74092865,27.8394489288,6.14000511169,2.54538488388,0.754104614258,0.225607320666,0.0468957461417,0.00231453590095,0.00005912182678,2.19176868654e-7,3.32298882855e-10]},"erbbands_crest":{"dmean":1.73373484612,"dmean2":2.77484846115,"dvar":3.21766328812,"dvar2":8.00284004211,"max":26.1092014313,"mean":7.01039457321,"median":6.01200532913,"min":2.07266640663,"var":12.8939771652},"erbbands_flatness_db":{"dmean":0.0109906662256,"dmean2":0.0160066727549,"dvar":0.000122451921925,"dvar2":0.00023932721524,"max":0.45630466938,"mean":0.158043578267,"median":0.151661112905,"min":0.022423831746,"var":0.00206731935032},"erbbands_kurtosis":{"dmean":0.492322027683,"dmean2":0.734870195389,"dvar":4.19110155106,"dvar2":9.04599571228,"max":378.930633545,"mean":0.0287729874253,"median":-0.870759129524,"min":-1.88504076004,"var":115.015510559},"erbbands_skewness":{"dmean":0.259475618601,"dmean2":0.398058205843,"dvar":0.0567140839994,"dvar2":0.13260653615,"max":14.8371648788,"mean":-0.105329222977,"median":-0.217482149601,"min":-2.86546254158,"var":0.878852725029},"erbbands_spread":{"dmean":6.99725484848,"dmean2":10.7512969971,"dvar":47.5499572754,"dvar2":109.376792908,"max":131.61000061,"mean":51.7407722473,"median":49.1826324463,"min":0.675182938576,"var":391.49609375},"gfcc":{"cov":[[36390.3125,134.561294556,-4459.35546875,1961.31152344,-2569.98193359,405.584838867,-1025.33898926,387.916900635,-704.729125977,195.118240356,-628.02331543,-10.2147493362,-425.101593018],[134.561294556,1453.89978027,32.400138855,-255.013504028,89.0431900024,-137.844940186,118.531112671,-193.532821655,42.6294403076,-121.945724487,44.8943901062,-130.909484863,58.6895637512],[-4459.35546875,32.400138855,1018.98974609,-233.484130859,298.568115234,-66.2559661865,91.0098876953,-30.0399799347,31.955406189,-12.43014431,45.0581283569,-12.2299842834,-5.79930925369],[1961.31152344,-255.013504028,-233.484130859,555.476928711,-240.1534729,18.4211845398,-23.7497062683,35.7113609314,-30.0649776459,7.30129671097,9.47755527496,-17.6159877777,-22.1142272949],[-2569.98193359,89.0431900024,298.568115234,-240.1534729,369.782958984,12.7255897522,57.4854164124,-19.6850376129,61.379234314,-9.14287567139,14.6138000488,9.30835819244,34.4988861084],[405.584838867,-137.844940186,-66.2559661865,18.4211845398,12.7255897522,114.29800415,19.9048042297,35.9891548157,-18.3235015869,27.3641357422,2.79987668991,23.3963832855,-10.9002027512],[-1025.33898926,118.531112671,91.0098876953,-23.7497062683,57.4854164124,19.9048042297,175.624404907,15.5812883377,24.9954681396,-10.6214971542,68.396484375,-0.770733296871,23.7586402893],[387.916900635,-193.532821655,-30.0399799347,35.7113609314,-19.6850376129,35.9891548157,15.5812883377,127.454124451,29.7439689636,49.4303245544,-7.86481761932,35.4580879211,-7.24801826477],[-704.729125977,42.6294403076,31.955406189,-30.0649776459,61.379234314,-18.3235015869,24.9954681396,29.7439689636,112.95174408,31.6918754578,19.1184005737,-10.6797857285,21.9077358246],[195.118240356,-121.945724487,-12.43014431,7.30129671097,-9.14287567139,27.3641357422,-10.6214971542,49.4303245544,31.6918754578,92.3551101685,28.6644020081,25.4326763153,-5.82689142227],[-628.02331543,44.8943901062,45.0581283569,9.47755527496,14.6138000488,2.79987668991,68.396484375,-7.86481761932,19.1184005737,28.6644020081,100.652404785,27.7386798859,21.0559902191],[-10.2147493362,-130.909484863,-12.2299842834,-17.6159877777,9.30835819244,23.3963832855,-0.770733296871,35.4580879211,-10.6797857285,25.4326763153,27.7386798859,81.9341583252,29.3121795654],[-425.101593018,58.6895637512,-5.79930925369,-22.1142272949,34.4988861084,-10.9002027512,23.7586402893,-7.24801826477,21.9077358246,-5.82689142227,21.0559902191,29.3121795654,74.1742095947]],"icov":[[0.000428784202086,-0.00105886626989,0.000985655817203,-0.00080549629638,0.00125496042892,-0.00106026034337,0.00113449501805,-0.001250633155,0.00149301206693,-0.00152781710494,0.00203157705255,-0.00145172746852,0.00134304724634],[-0.00105886626989,0.00399208022282,-0.00213541719131,0.00273179635406,-0.00298809679225,0.00346559425816,-0.00339752621949,0.00385222351179,-0.00367132900283,0.00444818288088,-0.00602005189285,0.00592368049547,-0.00441415654495],[0.000985655817203,-0.00213541719131,0.00388052687049,-0.00160188740119,0.00152097898535,-0.000713739194907,0.00187524512876,-0.00295306905173,0.00422810856253,-0.00380120496266,0.00403939699754,-0.00274222786538,0.0038524302654],[-0.00080549629638,0.00273179635406,-0.00160188740119,0.00469810143113,-0.000692596717272,0.00153188547119,-0.00142051582225,0.00111063360237,-0.00252430536784,0.00441384874284,-0.0065025575459,0.00606183335185,-0.0038489990402],[0.00125496042892,-0.00298809679225,0.00152097898535,-0.000692596717272,0.00954916514456,-0.00600028503686,0.00283300387673,-0.00191013026051,0.000681229517795,-0.00297744828276,0.0068680504337,-0.00536745879799,0.00278819538653],[-0.00106026034337,0.00346559425816,-0.000713739194907,0.00153188547119,-0.00600028503686,0.0171819385141,-0.00721455644816,0.0025620223023,0.00085641129408,-0.00137804599945,-0.00261020264588,0.00198823725805,-0.000946674146689],[0.00113449501805,-0.00339752621949,0.00187524512876,-0.00142051582225,0.00283300387673,-0.00721455644816,0.0169232916087,-0.0113956090063,0.00469065457582,0.00363878719509,-0.00757600227371,0.00371168297715,-0.000414499430917],[-0.001250633155,0.00385222351179,-0.00295306905173,0.00111063360237,-0.00191013026051,0.0025620223023,-0.0113956090063,0.0237869136035,-0.0117731159553,-0.00330640980974,0.00665162410587,-0.00853201560676,0.00182504521217],[0.00149301206693,-0.00367132900283,0.00422810856253,-0.00252430536784,0.000681229517795,0.00085641129408,0.00469065457582,-0.0117731159553,0.0232030395418,-0.0111379576847,0.00280613149516,0.00567796174437,-0.00257285428233],[-0.00152781710494,0.00444818288088,-0.00380120496266,0.00441384874284,-0.00297744828276,-0.00137804599945,0.00363878719509,-0.00330640980974,-0.0111379576847,0.0293424855918,-0.0199736151844,0.00675977161154,-0.00296991760843],[0.00203157705255,-0.00602005189285,0.00403939699754,-0.0065025575459,0.0068680504337,-0.00261020264588,-0.00757600227371,0.00665162410587,0.00280613149516,-0.0199736151844,0.0382551290095,-0.0231735035777,0.0101826302707],[-0.00145172746852,0.00592368049547,-0.00274222786538,0.00606183335185,-0.00536745879799,0.00198823725805,0.00371168297715,-0.00853201560676,0.00567796174437,0.00675977161154,-0.0231735035777,0.0401863195002,-0.0210967101157],[0.00134304724634,-0.00441415654495,0.0038524302654,-0.0038489990402,0.00278819538653,-0.000946674146689,-0.000414499430917,0.00182504521217,-0.00257285428233,-0.00296991760843,0.0101826302707,-0.0210967101157,0.0286734811962]],"mean":[-4.9820432663,81.7096786499,-131.567184448,54.3056716919,-78.1815414429,4.68838500977,-29.0662002563,-2.42633843422,-28.65376091,-6.24459266663,-21.414434433,-10.0100755692,-12.9759817123]},"hfc":{"dmean":5.36768579483,"dmean2":8.5026473999,"dvar":41.0919799805,"dvar2":99.1008987427,"max":115.460929871,"mean":30.8638534546,"median":29.4308338165,"min":1.08961444832e-16,"var":326.688903809},"melbands":{"dmean":[0.000123261721455,0.0003307130537,0.000739861454349,0.000437580485595,0.000214336658246,0.0000754045177018,0.0000896380224731,0.000140608768561,0.0000882443055161,0.000110592991405,0.0000778307367,0.0000492806066177,0.0000458240683656,0.0000363179933629,0.0000374840310542,0.0000276600439975,0.0000272189117823,0.0000225769563258,0.0000135519821924,0.0000242964251811,0.0000157388276421,0.0000161955194926,0.0000124858661366,0.0000156709393195,0.0000178515201696,0.0000133028634082,0.0000130102844196,0.0000113796268124,0.0000149408269863,0.00000668738857712,0.0000102537424027,0.00000716712838766,0.00000306069023281,0.00000236277469412,0.00000140744714372,9.52992081693e-7,5.11651535362e-7,4.62157601078e-7,2.98080152561e-7,1.96813999764e-7],"dmean2":[0.000208834724617,0.000551668636035,0.00118996365927,0.000706826744135,0.000337711448083,0.000117619834782,0.00014578725677,0.000210463404073,0.00014391716104,0.000180740113137,0.000126735074446,0.0000812573125586,0.0000752637424739,0.0000589562514506,0.0000612021322013,0.0000447810998594,0.0000438983770437,0.0000365902560588,0.0000219299126911,0.0000385099883715,0.000025649986128,0.0000264672180492,0.0000205097021535,0.0000262133271463,0.0000295911122521,0.0000224185805564,0.0000216660409933,0.0000186175038834,0.0000247977295658,0.0000110873443191,0.0000171486117324,0.0000117068520922,0.00000492707431476,0.00000378470690521,0.0000022792605705,0.00000153807934566,8.09586708783e-7,7.23455173102e-7,4.46925895403e-7,2.92452483563e-7],"dvar":[3.9202713964e-8,2.11877519973e-7,8.87799785687e-7,3.79118006322e-7,8.38856095697e-8,9.3064986828e-9,2.12672865985e-8,4.18940651059e-8,2.40310953359e-8,4.54264856842e-8,1.74221810312e-8,7.43064898501e-9,8.60422844084e-9,4.37191793878e-9,7.36488159347e-9,4.00911037701e-9,3.12687165049e-9,2.5618838162e-9,9.94416549105e-10,3.35175931454e-9,8.8335361248e-10,1.11121944979e-9,5.45826051024e-10,5.26622023767e-10,7.49175499415e-10,3.25408755497e-10,2.87782020436e-10,2.45535092258e-10,4.90385398955e-10,7.29234797547e-11,2.02023606177e-10,8.86268489153e-11,2.2046137485e-11,9.78561676135e-12,3.58066506133e-12,1.55112739059e-12,6.14447566178e-13,5.46231083368e-13,3.98915953439e-13,1.87507520903e-13],"dvar2":[1.06721294912e-7,5.64387050872e-7,0.00000228755084208,0.00000100812007986,2.09512649008e-7,2.30977157401e-8,5.48179848181e-8,9.3982457372e-8,6.4460451199e-8,1.22955782444e-7,4.54602648858e-8,1.96426768184e-8,2.17453859364e-8,1.08572022484e-8,1.70006124733e-8,9.03466723656e-9,7.30885396649e-9,6.42289332831e-9,2.27732788183e-9,8.11416001056e-9,2.06610040188e-9,2.6161592892e-9,1.31705846229e-9,1.3582840408e-9,1.87899207305e-9,8.5363532909e-10,7.68913877014e-10,6.22304319187e-10,1.21571441802e-9,1.93466631604e-10,5.47553891117e-10,2.31474478474e-10,5.68844034377e-11,2.3790377654e-11,9.20622952871e-12,3.84648259424e-12,1.386329853e-12,1.20196409249e-12,8.50080585351e-13,3.96680464084e-13],"max":[0.002106329659,0.00957749970257,0.0144306868315,0.00916733033955,0.00496026547626,0.00214735232294,0.00267192162573,0.00451567443088,0.00285110226832,0.00397922284901,0.00264529744163,0.00156884931494,0.00175175024197,0.0014585085446,0.00238086842,0.00214202003554,0.00145427975804,0.00101442099549,0.000923839164898,0.00152884586714,0.00100533780642,0.00138811080251,0.000707095430698,0.000765493023209,0.000686130486429,0.000448635779321,0.000295801233733,0.000295241974527,0.000813353515696,0.00020174839301,0.000373549119104,0.000199619971681,0.000176922985702,0.000135288501042,0.0000734517598175,0.0000378541517421,0.0000337464298354,0.0000234241615544,0.0000142236940519,0.00000881019150256],"mean":[0.000187866447959,0.000730065861717,0.00176069617737,0.000958641699981,0.000484869524371,0.000178509959369,0.000178755086381,0.000302917003864,0.000159059869475,0.000183251147973,0.000135478840093,0.0000839440544951,0.0000790683043306,0.0000666652340442,0.0000595843048359,0.0000466286874143,0.0000442900854978,0.0000363285835192,0.0000205843698495,0.0000395860915887,0.0000270900090982,0.0000272115958069,0.0000218766108446,0.0000304466011585,0.0000356602831744,0.0000276136634056,0.0000293946995953,0.0000274049907603,0.0000353677096427,0.0000180694805749,0.0000254001733992,0.0000194592666958,0.0000075623875091,0.0000061457612901,0.00000370974476027,0.0000025046722385,0.00000138574853281,0.00000112909128802,6.92353012255e-7,4.55635500884e-7],"median":[0.000109747728857,0.000425109436037,0.0010997824138,0.000682584708557,0.000310329603963,0.000118755822768,0.0000916791977943,0.000182514631888,0.000101718367659,0.0000952096524998,0.0000792199061834,0.0000402524019592,0.0000307753616653,0.0000278561055893,0.0000229378110816,0.0000184369200724,0.0000169865088537,0.0000138423929457,0.00000918502882996,0.0000157117647177,0.0000153813798534,0.0000137947445182,0.0000133922021632,0.0000209270438063,0.0000226514421229,0.0000209661156987,0.0000227482923947,0.0000215905492951,0.0000271182580036,0.0000155435373017,0.0000200726390176,0.0000157870854309,0.00000570402971789,0.00000481765255245,0.00000309566576107,0.00000207440780287,0.00000113429928206,8.63514230787e-7,4.41294815801e-7,2.76212318795e-7],"min":[7.98321418234e-25,1.17123066067e-24,8.9890364884e-25,9.75252664084e-25,1.09150946227e-24,1.88170442989e-24,1.36456173309e-24,1.357294352e-24,2.13417719324e-24,1.44698576616e-24,1.56480894628e-24,1.31591938638e-24,2.64548803858e-24,1.60339666911e-24,1.63251687778e-24,2.4187096582e-24,2.90847099298e-24,2.45034593873e-24,2.75034776883e-24,2.47539030032e-24,2.78639831777e-24,2.81959634568e-24,4.46056350147e-24,3.09805556775e-24,3.65947406893e-24,3.71592811075e-24,4.34289779771e-24,4.77254142341e-24,4.46498427799e-24,4.30608244813e-24,4.23547348065e-24,4.1989862972e-24,5.59871663274e-24,4.32002438134e-24,4.63570324421e-24,5.89175360991e-24,4.56746874806e-24,5.61365647499e-24,5.50553914363e-24,5.82707095999e-24],"var":[5.19053422465e-8,0.00000115006866963,0.00000363579442819,9.04632997845e-7,2.94675146506e-7,3.72181325758e-8,5.35948885272e-8,1.2844026287e-7,4.28400213082e-8,9.16695270803e-8,3.41120198755e-8,1.58254334082e-8,2.17636948463e-8,1.4053174624e-8,1.83200228321e-8,1.08960644951e-8,7.24483273373e-9,4.95222707286e-9,1.7278957154e-9,6.94834012549e-9,1.79858505867e-9,2.32524910437e-9,1.00266184244e-9,1.19066501103e-9,2.28145791148e-9,8.00372490506e-10,7.48965001129e-10,6.86538270678e-10,1.29358124212e-9,2.24445906305e-10,5.42870970399e-10,3.08456649112e-10,5.21539096632e-11,3.23720945883e-11,1.06617692106e-11,4.89716600605e-12,1.84845194706e-12,1.50862991804e-12,9.5397442116e-13,4.50105176655e-13]},"melbands_crest":{"dmean":2.83614206314,"dmean2":4.57329845428,"dvar":7.39442110062,"dvar2":18.6442890167,"max":39.5892410278,"mean":13.206697464,"median":12.1192779541,"min":1.00516784191,"var":36.4158592224},"melbands_flatness_db":{"dmean":0.0181516781449,"dmean2":0.028350180015,"dvar":0.000323473388562,"dvar2":0.00076987670036,"max":0.687503218651,"mean":0.151739686728,"median":0.126253634691,"min":3.75347525505e-7,"var":0.00820469669998},"melbands_kurtosis":{"dmean":4.28590774536,"dmean2":6.45945739746,"dvar":69.5516204834,"dvar2":130.326705933,"max":993.29864502,"mean":14.0562057495,"median":4.57186889648,"min":-1.66943085194,"var":1182.81726074},"melbands_skewness":{"dmean":0.524031698704,"dmean2":0.80367320776,"dvar":0.286862522364,"dvar2":0.657427728176,"max":20.1305904388,"mean":2.65514874458,"median":2.14032483101,"min":-0.372267127037,"var":3.70629262924},"melbands_spread":{"dmean":8.10050201416,"dmean2":12.837802887,"dvar":68.6660842896,"dvar2":169.819961548,"max":157.086807251,"mean":40.6515045166,"median":39.0435180664,"min":0.195900470018,"var":667.762329102},"mfcc":{"cov":[[11688.109375,-252.126693726,-744.75982666,681.683227539,-390.617736816,81.0524368286,-204.897735596,95.7715835571,5.06215000153,50.380027771,21.0907020569,36.6494560242,-43.0090713501],[-252.126693726,1298.94421387,143.271682739,-112.852775574,17.3379592896,12.4782314301,23.6196537018,-46.4054527283,17.8398952484,-23.3248176575,-13.182059288,-9.43817329407,-44.4896659851],[-744.75982666,143.271682739,482.404022217,66.8650894165,-19.4960975647,-15.3173427582,47.0583877563,-21.3134918213,-48.04164505,3.13988423347,-2.08301353455,-14.9850263596,-4.12895774841],[681.683227539,-112.852775574,66.8650894165,336.016021729,-54.0833206177,12.2354059219,-2.49682831764,9.35252189636,-16.9567298889,20.7739963531,-7.45878982544,10.3525104523,1.99315750599],[-390.617736816,17.3379592896,-19.4960975647,-54.0833206177,169.998855591,11.9275121689,-27.0173683167,-14.1967306137,32.1994094849,-4.57935237885,-2.02281665802,-10.8045082092,-6.91773033142],[81.0524368286,12.4782314301,-15.3173427582,12.2354059219,11.9275121689,82.5592651367,34.788192749,4.27940511703,-13.3507595062,4.91744470596,0.74520534277,-2.85077238083,-5.62334918976],[-204.897735596,23.6196537018,47.0583877563,-2.49682831764,-27.0173683167,34.788192749,128.813735962,43.0152130127,-9.52665615082,-7.61064815521,13.8290128708,16.2662162781,8.43426513672],[95.7715835571,-46.4054527283,-21.3134918213,9.35252189636,-14.1967306137,4.27940511703,43.0152130127,76.971824646,26.4627857208,3.42785358429,5.90794181824,13.5054607391,8.2563495636],[5.06215000153,17.8398952484,-48.04164505,-16.9567298889,32.1994094849,-13.3507595062,-9.52665615082,26.4627857208,83.3080444336,26.2282505035,7.0224943161,9.21584606171,3.15228509903],[50.380027771,-23.3248176575,3.13988423347,20.7739963531,-4.57935237885,4.91744470596,-7.61064815521,3.42785358429,26.2282505035,77.0623779297,34.2970848083,9.42658424377,-0.448557823896],[21.0907020569,-13.182059288,-2.08301353455,-7.45878982544,-2.02281665802,0.74520534277,13.8290128708,5.90794181824,7.0224943161,34.2970848083,67.7400131226,35.4716529846,8.51721000671],[36.6494560242,-9.43817329407,-14.9850263596,10.3525104523,-10.8045082092,-2.85077238083,16.2662162781,13.5054607391,9.21584606171,9.42658424377,35.4716529846,72.2976379395,35.2566108704],[-43.0090713501,-44.4896659851,-4.12895774841,1.99315750599,-6.91773033142,-5.62334918976,8.43426513672,8.2563495636,3.15228509903,-0.448557823896,8.51721000671,35.2566108704,56.0996360779]],"icov":[[0.000135229944135,-0.000034317792597,0.000216612650547,-0.000277902145172,0.000317296275171,-0.000233206854318,0.000361915677786,-0.000230455145356,-0.0000156069600052,0.00014880503295,-0.000232247664826,0.000060958074755,0.0000965474755503],[-0.000034317792597,0.000942576327361,-0.000430716376286,0.000429435604019,0.000152709355461,-0.000323766784277,-0.000319459446473,0.000955123105086,-0.000933813455049,0.000422570243245,0.00034342793515,-0.00070683658123,0.00101600878406],[0.000216612650547,-0.000430716376286,0.00310894753784,-0.00116778642405,-0.0000911523529794,0.00152436434291,-0.00130275567062,0.000362703751307,0.00188487477135,-0.00103804992978,-0.00015504618932,0.0010785961058,-0.000389691471355],[-0.000277902145172,0.000429435604019,-0.00116778642405,0.00424299249426,0.000390558270738,-0.000637374992948,0.000215643332922,-0.000249303411692,0.000474339409266,-0.00163365982007,0.00230634491891,-0.00194867991377,0.000714153633453],[0.000317296275171,0.000152709355461,-0.0000911523529794,0.000390558270738,0.00866091717035,-0.0038491114974,0.00278286798857,0.00142100662924,-0.00511728832498,0.00329619157128,-0.00222807517275,0.00120922946371,0.00029063198599],[-0.000233206854318,-0.000323766784277,0.00152436434291,-0.000637374992948,-0.0038491114974,0.0174196660519,-0.00695847254246,0.000852146011312,0.00532585708424,-0.00497206114233,0.00282704201527,0.0000515986430401,0.00109086802695],[0.000361915677786,-0.000319459446473,-0.00130275567062,0.000215643332922,0.00278286798857,-0.00695847254246,0.0149790756404,-0.00848853494972,0.000818658038042,0.00366225698963,-0.00391724938527,-0.000591586518567,-0.000486711418489],[-0.000230455145356,0.000955123105086,0.000362703751307,-0.000249303411692,0.00142100662924,0.000852146011312,-0.00848853494972,0.0220414791256,-0.00883257761598,0.00147835083771,0.000807869771961,-0.00105050532147,-0.0000450488550996],[-0.0000156069600052,-0.000933813455049,0.00188487477135,0.000474339409266,-0.00511728832498,0.00532585708424,0.000818658038042,-0.00883257761598,0.022118203342,-0.00978635437787,0.00433671288192,-0.00260269781575,0.000105224004074],[0.00014880503295,0.000422570243245,-0.00103804992978,-0.00163365982007,0.00329619157128,-0.00497206114233,0.00366225698963,0.00147835083771,-0.00978635437787,0.0232954621315,-0.0139506803825,0.00442253006622,-0.000354466581484],[-0.000232247664826,0.00034342793515,-0.00015504618932,0.00230634491891,-0.00222807517275,0.00282704201527,-0.00391724938527,0.000807869771961,0.00433671288192,-0.0139506803825,0.02999227494,-0.015832260251,0.00552088255063],[0.000060958074755,-0.00070683658123,0.0010785961058,-0.00194867991377,0.00120922946371,0.0000515986430401,-0.000591586518567,-0.00105050532147,-0.00260269781575,0.00442253006622,-0.015832260251,0.030236210674,-0.0163844358176],[0.0000965474755503,0.00101600878406,-0.000389691471355,0.000714153633453,0.00029063198599,0.00109086802695,-0.000486711418489,-0.0000450488550996,0.000105224004074,-0.000354466581484,0.00552088255063,-0.0163844358176,0.0283262114972]],"mean":[-616.369873047,89.6609039307,0.791761219501,38.3406219482,-20.0258045197,6.68801879883,-1.65753793716,0.768709719181,-2.98424911499,-2.51745414734,-4.87408971786,-4.01116847992,-9.19012355804]},"pitch_salience":{"dmean":0.0584065355361,"dmean2":0.0936163887382,"dvar":0.00289983954281,"dvar2":0.00738054094836,"max":0.995876371861,"mean":0.583651602268,"median":0.600643277168,"min":0.0207753367722,"var":0.0157672483474},"silence_rate_20dB":{"dmean":0,"dmean2":0,"dvar":0,"dvar2":0,"max":1,"mean":1,"median":1,"min":1,"var":0},"silence_rate_30dB":{"dmean":0,"dmean2":0,"dvar":0,"dvar2":0,"max":1,"mean":1,"median":1,"min":1,"var":0},"silence_rate_60dB":{"dmean":0.0012633241713,"dmean2":0.00252684764564,"dvar":0.00126188457943,"dvar2":0.00267811003141,"max":1,"mean":0.0354492329061,"median":0,"min":0,"var":0.0341928601265},"spectral_centroid":{"dmean":246.337005615,"dmean2":387.237487793,"dvar":61215.796875,"dvar2":139729.796875,"max":11826.0039062,"mean":2228.86376953,"median":2216.77392578,"min":171.3621521,"var":2095637.75},"spectral_complexity":{"dmean":4.52901697159,"dmean2":7.05464315414,"dvar":21.1016120911,"dvar2":46.5983161926,"max":62,"mean":28.3645191193,"median":29,"min":0,"var":159.098495483},"spectral_contrast_coeffs":{"dmean":[0.0498494952917,0.0424686856568,0.0376116037369,0.0306214559823,0.0237360075116,0.0159760583192],"dmean2":[0.0807405486703,0.0693570375443,0.0613958649337,0.0493467412889,0.0388151556253,0.0253729186952],"dvar":[0.00180757523049,0.00126387050841,0.000935535819735,0.000663386425003,0.000424580008257,0.000209133111639],"dvar2":[0.00461491011083,0.00328746577725,0.00248427479528,0.00163185270503,0.00108734192327,0.000462905329186],"max":[-0.303957551718,-0.424447119236,-0.51420456171,-0.524938702583,-0.598833441734,-0.564698457718],"mean":[-0.574643075466,-0.74020498991,-0.773246347904,-0.78161752224,-0.773855030537,-0.683263301849],"median":[-0.569485902786,-0.743238210678,-0.776104450226,-0.785906553268,-0.773478329182,-0.66716080904],"min":[-0.980046272278,-0.994156718254,-0.994448006153,-0.987335085869,-0.989152848721,-0.964680314064],"var":[0.0102561954409,0.00560817681253,0.0037637478672,0.00339943519793,0.00265853805467,0.00370787270367]},"spectral_contrast_valleys":{"dmean":[0.421183526516,0.329206049442,0.345100462437,0.32512268424,0.231539428234,0.185882538557],"dmean2":[0.69687128067,0.538159906864,0.541476964951,0.50114685297,0.363747835159,0.255248099566],"dvar":[0.137555792928,0.085583999753,0.0958811715245,0.10161729157,0.0693731307983,0.0615975894034],"dvar2":[0.339423626661,0.191160395741,0.20740750432,0.214113950729,0.139185905457,0.0985476598144],"max":[-5.77474737167,-5.07405948639,-5.15212011337,-5.4034371376,-5.53295946121,-7.95580387115],"mean":[-7.9097442627,-7.07447147369,-7.51582431793,-8.06592082977,-7.38060474396,-10.236989975],"median":[-7.39496421814,-6.52413749695,-6.98674583435,-7.47473335266,-6.69790935516,-9.62664604187],"min":[-28.2275295258,-28.3457450867,-28.0136947632,-27.8144359589,-27.6015510559,-27.4702625275],"var":[8.48912906647,9.17155838013,8.8174943924,8.55948352814,9.26936626434,7.24287462234]},"spectral_decrease":{"dmean":1.12400844188e-9,"dmean2":1.82334636278e-9,"dvar":1.38916484597e-18,"dvar2":3.70593003087e-18,"max":8.84720253198e-23,"mean":-5.67107649729e-9,"median":-5.59538149147e-9,"min":-1.76689720632e-8,"var":5.58018440052e-18},"spectral_energy":{"dmean":0.00449908850715,"dmean2":0.00729678338394,"dvar":0.0000222549533646,"dvar2":0.0000587842441746,"max":0.0697105526924,"mean":0.0242033563554,"median":0.0242872685194,"min":9.9423951156e-21,"var":0.0000941712278291},"spectral_energyband_high":{"dmean":0.000605148670729,"dmean2":0.000947570020799,"dvar":5.07273853145e-7,"dvar2":0.00000123743734548,"max":0.0174123495817,"mean":0.00264989747666,"median":0.0024332604371,"min":7.07255175707e-21,"var":0.00000372546583094},"spectral_energyband_low":{"dmean":0.00179800519254,"dmean2":0.00301084015518,"dvar":0.00000504536319568,"dvar2":0.0000137420947794,"max":0.0434395298362,"mean":0.00447873910889,"median":0.0029022237286,"min":1.57576732866e-23,"var":0.0000301789950754},"spectral_energyband_middle_high":{"dmean":0.00171397719532,"dmean2":0.0027651169803,"dvar":0.00000578693880016,"dvar2":0.0000148768212966,"max":0.0289767868817,"mean":0.00594385061413,"median":0.00472538080066,"min":1.06681196834e-21,"var":0.0000222822054639},"spectral_energyband_middle_low":{"dmean":0.00355685013346,"dmean2":0.00566594908014,"dvar":0.000015636875105,"dvar2":0.0000407148945669,"max":0.0635608285666,"mean":0.0129365092143,"median":0.0120937786996,"min":1.36276731119e-22,"var":0.0000585525958741},"spectral_entropy":{"dmean":0.0949292778969,"dmean2":0.139431640506,"dvar":0.0100933499634,"dvar2":0.0204222816974,"max":9.82956123352,"mean":7.76058340073,"median":7.87088823318,"min":3.19296884537,"var":0.377471506596},"spectral_flux":{"dmean":0.0145626747981,"dmean2":0.0218607001007,"dvar":0.000211898062844,"dvar2":0.000441960262833,"max":0.196694135666,"mean":0.0758708938956,"median":0.0782867446542,"min":6.30887980746e-11,"var":0.00109962781426},"spectral_kurtosis":{"dmean":1.4952455759,"dmean2":2.50293040276,"dvar":55.6970596313,"dvar2":151.013198853,"max":298.818481445,"mean":4.51750802994,"median":1.42278862,"min":-1.26788914204,"var":490.830535889},"spectral_rms":{"dmean":0.00044074447942,"dmean2":0.000708778505214,"dvar":1.91356676282e-7,"dvar2":4.97922769682e-7,"max":0.00824683532119,"mean":0.00470126746222,"median":0.00486774044111,"min":3.11446593342e-12,"var":0.00000151111214564},"spectral_rolloff":{"dmean":529.4921875,"dmean2":878.348327637,"dvar":422608.9375,"dvar2":1004114.5,"max":19896.6796875,"mean":3035.0324707,"median":3240.74707031,"min":21.533203125,"var":7282556},"spectral_skewness":{"dmean":0.160225704312,"dmean2":0.261397063732,"dvar":0.116410531104,"dvar2":0.322275876999,"max":14.9383049011,"mean":0.910791933537,"median":0.694119811058,"min":-0.104860156775,"var":1.51075160503},"spectral_spread":{"dmean":354445.25,"dmean2":529377,"dvar":323658579968,"dvar2":514851176448,"max":43021696,"mean":5011801,"median":4283224,"min":288407.28125,"var":25242437156900},"spectral_strongpeak":{"dmean":0.519498407841,"dmean2":0.897784888744,"dvar":0.946414351463,"dvar2":2.44431471825,"max":15.7548246384,"mean":0.947629868984,"median":0.613941788673,"min":0,"var":1.32356274128},"zerocrossingrate":{"dmean":0.00844373833388,"dmean2":0.0102791991085,"dvar":0.000074759896961,"dvar2":0.000107863736048,"max":0.52880859375,"mean":0.0949023887515,"median":0.09326171875,"min":0.0068359375,"var":0.00437076063827}},"metadata":{"audio_properties":{"analysis_sample_rate":44100,"bit_rate":320000,"codec":"mp3","downmix":"mix","equal_loudness":0,"length":294.060394287,"lossless":false,"md5_encoded":"8b1100b293f968a554879710dec11504","replay_gain":-15.0104904175,"sample_rate":44100},"tags":{"album":["Kadavar"],"albumartist":["Kadavar"],"albumartistsort":["Kadavar"],"artist":["Kadavar"],"artistsort":["Kadavar"],"barcode":["4024572549558"],"catalognumber":["TCM 005"],"contentgroup":["Death Metal"],"date":["2012"],"discnumber":["1/1"],"file_name":"05 Creature of the Demon.mp3","genre":["Death Metal; Stoner Rock; Psychedelic Rock; Hard Rock"],"label":["This Charming Man Records"],"language":["eng"],"media":["CD"],"mood":["Retro"],"musicbrainz album release country":["DE"],"musicbrainz album status":["official"],"musicbrainz album type":["album"],"musicbrainz_albumartistid":["aa262bd7-2217-4590-b2e3-38d148508916"],"musicbrainz_albumid":["87ddd7d2-4423-4443-ac4c-285a3737b418"],"musicbrainz_artistid":["aa262bd7-2217-4590-b2e3-38d148508916"],"musicbrainz_recordingid":["ac24e83a-a963-4dc0-803b-fdff8bdc30f7"],"originaldate":["2009"],"script":["Latn"],"title":["Creature of the Demon"],"tracknumber":["5/7"]},"version":{"essentia":"2.1-beta2","essentia_build_sha":"70f2e5ece6736b2c40cc944ad0e695b16b925413","essentia_git_sha":"v2.1_beta2","extractor":"music 1.0"}},"rhythm":{"beats_count":579,"beats_loudness":{"dmean":0.00654560467228,"dmean2":0.0114071583375,"dvar":0.0000324896791426,"dvar2":0.0000975914954324,"max":0.0552776046097,"mean":0.025664690882,"median":0.0262964554131,"min":0,"var":0.0000817608670332},"beats_loudness_band_ratio":{"dmean":[0.155963853002,0.106087230146,0.0912646949291,0.0637736096978,0.0563048794866,0.0660181567073],"dmean2":[0.268897086382,0.179845452309,0.153728336096,0.108850210905,0.0973899513483,0.112558759749],"dvar":[0.0200788713992,0.00959874410182,0.00668215146288,0.00504311360419,0.00435301102698,0.00403262395412],"dvar2":[0.0503986701369,0.0248130112886,0.0190235953778,0.0134337432683,0.0126117244363,0.0111614912748],"max":[0.99893146