{"lowlevel":{"average_loudness":0.695209383965,"barkbands":{"dmean":[0.0000374619994545,0.00018762217951,0.000380006415071,0.000354742369382,0.00121590157505,0.00087301741587,0.000528395350557,0.00128970749211,0.00329359690659,0.000257327279542,0.000223903305596,0.000454217806691,0.000283305591438,0.000273449841188,0.000614697288256,0.000396886724047,0.000308389018755,0.000102227197203,0.0000233063856285,0.0000269577085419,0.0000114581653179,0.00000580088726565,0.0000036694514165,0.00000411438168157,0.00000281548204839,0.0000120458535093,0.00106123555452],"dmean2":[0.0000614300515736,0.000288760056719,0.000592436117586,0.000558333296794,0.00182614114601,0.00129253044724,0.000747556856368,0.00184273184277,0.0041922708042,0.000401663681259,0.000332141091349,0.000698902120348,0.000443008437287,0.000424701080192,0.000914774194825,0.000574088771828,0.000459480914287,0.000154186680447,0.000034662833059,0.0000410244974773,0.0000180635543074,0.00000892614571057,0.00000590590798311,0.0000063703782871,0.00000456394036519,0.0000180599799933,0.00148325471673],"dvar":[6.64937127581e-9,2.52044173976e-7,5.25047653355e-7,5.83185453706e-7,0.00000427069244324,0.0000045127139856,6.15389012637e-7,0.00000468130201625,0.0000312580887112,2.43571491865e-7,1.21279470022e-7,5.43813087006e-7,2.12078788309e-7,1.36148571528e-7,6.25595646397e-7,3.19169942031e-7,1.98254355155e-7,2.38769573002e-8,1.05209103651e-8,8.66585381232e-9,1.15423395286e-8,5.10326003678e-10,8.33752650253e-11,6.22498372294e-11,2.31640019666e-11,5.34362443183e-10,0.00000178149684871],"dvar2":[1.60155515516e-8,6.16015995547e-7,0.00000117175125069,0.00000138932477967,0.0000101123932836,0.00000970762630459,0.00000133670846481,0.0000100858833321,0.0000563658359169,5.71813359329e-7,2.40164865772e-7,0.00000119304456803,5.53974814466e-7,3.2394635241e-7,0.00000143704107813,6.24851622888e-7,4.28503710737e-7,5.16355775915e-8,1.50163330659e-8,1.63504640938e-8,3.2413723261e-8,9.48890521713e-10,1.87232257476e-10,1.34898245352e-10,5.175055523e-11,1.12932496688e-9,0.00000326740450873],"max":[0.00167331949342,0.0151823945343,0.0165339875966,0.0173700321466,0.0464037209749,0.059714730829,0.0183033011854,0.040869731456,0.102914229035,0.0134767312557,0.00729387346655,0.0115791698918,0.00627474347129,0.00604219641536,0.0160858035088,0.00961501989514,0.00681429356337,0.0032002790831,0.00650063715875,0.00481504481286,0.00611033244058,0.00149772921577,0.00041179463733,0.000191878192709,0.000160113893799,0.000463706528535,0.0364427082241],"mean":[0.0000409768581449,0.000303937471472,0.000639587116893,0.000660146528389,0.00326075754128,0.00186762795784,0.00114192010369,0.00246398942545,0.00783420074731,0.000506707991008,0.000438344635768,0.000845801201649,0.00049574294826,0.000552907644305,0.00130763195921,0.000850334647112,0.000643249659333,0.000212948565604,0.0000438163187937,0.0000501126560266,0.000018749247829,0.000012072008758,0.0000055088589761,0.00000594069933868,0.00000380871824746,0.000017610445866,0.00370251899585],"median":[0.0000146047796079,0.0000928351946641,0.000294185156235,0.000248184544034,0.00166864052881,0.000766606070101,0.000721700489521,0.00137486425228,0.00461265258491,0.000225579584367,0.000225921554375,0.000438165501691,0.000262072368059,0.000367757311324,0.000902685627807,0.000555511272978,0.000414609006839,0.000144877980347,0.0000246567760769,0.0000217076521949,0.00000898856433196,0.00000692099183652,0.00000271500061899,0.00000287810371447,0.00000221341520046,0.00000698957910572,0.00338657316752],"min":[5.31361244083e-24,6.50145710381e-23,4.70407539659e-23,1.46767066545e-23,7.09043769504e-23,3.29342485954e-23,2.08487843537e-23,5.8185768213e-23,4.45936916606e-23,5.26345761111e-23,3.43084190487e-23,1.28207895749e-22,8.22985576477e-23,1.66792635101e-22,1.28433232289e-22,9.737712898e-23,3.01111161018e-22,2.87072415644e-22,3.0760862333e-22,3.36003324515e-22,3.33043442668e-22,4.26205769873e-22,7.7829122932e-22,9.61504565833e-22,1.17137912902e-21,1.93177369187e-21,2.19797277223e-21],"var":[8.59359428063e-9,4.91539196901e-7,0.00000138426003105,0.0000015051552964,0.000017235370251,0.0000124832849906,0.00000189768650216,0.0000113414735097,0.000096289004432,6.34178093151e-7,3.71899261609e-7,0.0000014651973288,4.23355260182e-7,3.52178460616e-7,0.00000187797741091,0.00000104989851479,5.59114880616e-7,6.39012398551e-8,2.89505202034e-8,2.35082051603e-8,1.78435541898e-8,2.246693942e-9,1.93291771478e-10,9.88514409217e-11,3.27529149635e-11,1.04409059176e-9,0.0000101158611869]},"barkbands_crest":{"dmean":1.86232972145,"dmean2":2.74238157272,"dvar":2.80519390106,"dvar2":5.68548250198,"max":24.1038265228,"mean":9.66191291809,"median":8.65377426147,"min":3.36388659477,"var":15.9376239777},"barkbands_flatness_db":{"dmean":0.0186214931309,"dmean2":0.0272397249937,"dvar":0.000261490960838,"dvar2":0.000545232440345,"max":0.28917747736,"mean":0.144645616412,"median":0.140913262963,"min":0.0522415861487,"var":0.00106934364885},"barkbands_kurtosis":{"dmean":2.11992430687,"dmean2":2.99183773994,"dvar":12.5483942032,"dvar2":22.9164657593,"max":75.6466827393,"mean":3.95991539955,"median":0.863594293594,"min":-1.90823721886,"var":61.5201148987},"barkbands_skewness":{"dmean":0.37423607707,"dmean2":0.524784803391,"dvar":0.156156852841,"dvar2":0.293578922749,"max":7.59500408173,"mean":1.58465707302,"median":1.34523653984,"min":-5.05221986771,"var":1.58279955387},"barkbands_spread":{"dmean":8.43241119385,"dmean2":12.128326416,"dvar":54.922958374,"dvar2":108.484931946,"max":101.779449463,"mean":43.9560470581,"median":45.9512519836,"min":2.12912487984,"var":431.320068359},"dissonance":{"dmean":0.025674989447,"dmean2":0.0427985973656,"dvar":0.000593936594669,"dvar2":0.00152861664537,"max":0.500000298023,"mean":0.44558095932,"median":0.451568067074,"min":0.229316577315,"var":0.00130201026332},"dynamic_complexity":3.61547780037,"erbbands":{"dmean":[0.00345282605849,0.052467327565,0.33516612649,0.805357456207,2.76528334618,5.2022600174,4.99391412735,8.56540107727,4.98575925827,9.87026882172,62.9672050476,62.031036377,14.410993576,5.34406042099,10.1501607895,18.2474117279,13.9990091324,10.9324035645,28.3585453033,25.7856521606,20.2168083191,14.6946525574,6.59506607056,2.18537688255,1.25112986565,1.23635947704,0.575386583805,0.345636367798,0.232293963432,0.138434976339,0.0999948009849,0.0903479754925,0.0652095526457,0.0399103015661,0.0163016356528,0.0176419559866,0.0252516362816,0.0296158585697,0.0273227579892,0.0232829283923],"dmean2":[0.00577356060967,0.0802717804909,0.522389173508,1.25886058807,4.10427474976,7.70068979263,7.84588479996,12.5209007263,7.4793806076,14.0286140442,82.6823272705,79.3511505127,21.282585144,8.3329706192,15.2039403915,27.982427597,21.5253219604,17.0419006348,42.9288787842,37.1802978516,29.9338951111,21.8320827484,10.0572147369,3.23403835297,1.88794779778,1.89341056347,0.927594542503,0.511591374874,0.365205407143,0.221243485808,0.15827101469,0.139395669103,0.1023863554,0.0640314221382,0.0265849586576,0.0278367977589,0.036649864167,0.0447784811258,0.0385247431695,0.0315926484764],"dvar":[0.0000666928899591,0.019301423803,0.426466464996,2.76112627983,20.6968288422,103.876739502,146.719177246,445.800964355,107.203475952,183.440551758,10534.7177734,12506.2060547,748.860595703,61.2566680908,255.496383667,879.183959961,430.242095947,211.918273926,1486.50085449,1414.95825195,781.058776855,423.567626953,93.1537780762,24.5518817902,22.8513011932,16.795091629,26.0078601837,6.95250463486,0.970190763474,0.113909199834,0.0601078383625,0.0330043509603,0.0151780787855,0.00505047198385,0.000689524051268,0.000929302128498,0.00227006548084,0.00376296276227,0.00447883084416,0.000812906306237],"dvar2":[0.000179946073331,0.0465386882424,0.923205137253,6.37525701523,44.8131217957,251.967391968,328.417663574,890.273254395,235.134307861,367.579956055,18869.5566406,22125.6464844,1855.32043457,141.069747925,521.174133301,1928.86340332,1086.09375,520.177307129,3468.53491211,2787.62451172,1649.94750977,935.432556152,200.450958252,36.8049468994,41.1314315796,32.8518066406,68.8450622559,16.4909515381,2.07965993881,0.240990951657,0.128200605512,0.0726028755307,0.0343559384346,0.0112272892147,0.00164945563301,0.00203978619538,0.00448095239699,0.00748467026278,0.00721344677731,0.00144265184645],"max":[0.171780571342,4.14013528824,18.0775718689,39.5801467896,103.280883789,261.842468262,496.995727539,718.124816895,292.165405273,252.454345703,1883.9987793,2314.02636719,577.569519043,124.944778442,348.951293945,491.122833252,304.595977783,276.248809814,659.547485352,718.900634766,431.800872803,277.920715332,165.045730591,315.321563721,229.639755249,178.093811035,298.412841797,164.488647461,57.5372238159,18.0266952515,11.1712245941,4.41824817657,2.77849173546,2.2065217495,0.597158133984,0.841040730476,1.02422142029,2.7072725296,3.74390339851,0.766259789467],"mean":[0.0048440573737,0.0880224853754,0.592343151569,1.6432543993,6.61681222916,12.2093038559,10.6543493271,18.090555191,11.1193037033,22.2911491394,134.821853638,150.719436646,31.7381420135,12.2140073776,21.6942653656,36.3194770813,27.3845214844,24.4792613983,59.7398643494,57.4335212708,47.8152770996,32.9120864868,14.9605722427,4.87474632263,2.48232936859,2.33703827858,0.975871562958,0.636041581631,0.477092266083,0.254317432642,0.152272701263,0.133240520954,0.0880165249109,0.0541975237429,0.0212485678494,0.0251914616674,0.0394823998213,0.0525959730148,0.0752669647336,0.0963047221303],"median":[0.00182573625352,0.028197016567,0.256415039301,0.816358923912,2.72212195396,5.56530857086,5.56079816818,6.39618110657,6.5495724678,15.0501422882,79.0019454956,80.9894180298,19.4652042389,7.7797088623,12.7516107559,21.0105667114,17.2639389038,18.0837039948,41.7750167847,38.0624008179,34.6073417664,23.8910388947,11.1687240601,3.40679645538,1.35345971584,1.04565501213,0.432831227779,0.325444370508,0.274053066969,0.14132578671,0.0742093548179,0.0634143725038,0.0439468920231,0.0293895546347,0.0122139947489,0.0134011311457,0.0158442277461,0.0272658132017,0.0530312508345,0.0919502452016],"min":[1.54668476601e-21,1.59502781826e-20,4.6643641992e-20,7.19423471038e-20,1.32029761388e-19,2.01761578165e-19,2.13693542179e-19,3.04364828702e-19,3.69896842713e-19,1.00746504065e-18,7.92809035054e-19,8.73418044241e-19,1.6575868159e-18,1.37838409765e-18,2.49231172923e-18,5.08356542667e-18,4.46449601161e-18,7.43803784658e-18,8.3537085867e-18,5.19746612907e-18,7.07693297735e-18,1.71311272073e-17,1.59206790754e-17,1.48323476173e-17,1.53114241583e-17,1.49140118504e-17,1.2730162389e-17,1.44845578743e-17,1.44058301324e-17,2.16471627749e-17,2.32302210312e-17,1.67527268186e-17,1.67556682729e-17,1.02266977836e-17,9.97193773547e-18,7.5663798817e-18,3.45892169904e-18,1.29578256547e-18,2.93339286618e-19,3.23950003452e-20],"var":[0.000098510812677,0.0396281406283,1.25824689865,7.33902215958,106.049720764,318.375793457,313.475738525,1445.08288574,279.155456543,610.059875488,32298.8261719,40539.8828125,1882.6809082,186.186019897,767.673217773,2405.48168945,960.483032227,565.647094727,4007.69091797,4539.19775391,2563.52929688,1244.37084961,257.563659668,80.5016098022,62.0822486877,48.9151687622,44.7811660767,16.7124729156,3.43406486511,0.398643940687,0.146893903613,0.0560155697167,0.0216688513756,0.00717152096331,0.00092375226086,0.00152057013474,0.00506572565064,0.0107800550759,0.0187539644539,0.00554182520136]},"erbbands_crest":{"dmean":2.40736603737,"dmean2":3.55955314636,"dvar":4.33197259903,"dvar2":9.48205280304,"max":29.047044754,"mean":11.0955715179,"median":10.0752191544,"min":3.34085083008,"var":20.9369335175},"erbbands_flatness_db":{"dmean":0.0202759895474,"dmean2":0.0302032176405,"dvar":0.000307765469188,"dvar2":0.000686953892,"max":0.340537697077,"mean":0.192416802049,"median":0.190253272653,"min":0.0287725143135,"var":0.00122051464859},"erbbands_kurtosis":{"dmean":1.10127460957,"dmean2":1.6270917654,"dvar":2.98984527588,"dvar2":5.46183204651,"max":49.7606163025,"mean":1.0866253376,"median":-0.0136425495148,"min":-1.73687720299,"var":11.813583374},"erbbands_skewness":{"dmean":0.381391346455,"dmean2":0.523453772068,"dvar":0.106183134019,"dvar2":0.192622035742,"max":5.13494110107,"mean":0.408670723438,"median":0.28081575036,"min":-2.80110049248,"var":1.01167201996},"erbbands_spread":{"dmean":3.38711428642,"dmean2":5.02580165863,"dvar":14.1258115768,"dvar2":35.5573310852,"max":152.424407959,"mean":20.9949512482,"median":20.506603241,"min":1.92654025555,"var":100.661842346},"gfcc":{"cov":[[16672.3710938,1380.32434082,-1304.6394043,-493.489837646,583.049560547,-834.928649902,928.487121582,-160.034515381,766.172912598,-331.320098877,-246.152069092,-399.757995605,-353.410369873],[1380.32434082,686.038635254,-62.5513916016,-83.4764938354,166.804351807,-138.163757324,80.250541687,-122.79045105,90.7190933228,-103.184829712,-17.9675979614,-44.3967819214,10.2092266083],[-1304.6394043,-62.5513916016,306.651580811,134.727981567,-79.8475494385,125.233467102,-94.8296279907,28.4978675842,-83.9604492188,58.4102325439,25.5254230499,35.6290206909,31.8028640747],[-493.489837646,-83.4764938354,134.727981567,190.344024658,54.2152061462,63.2887649536,-46.767665863,-31.6818313599,-35.3926277161,7.1171131134,7.81917190552,53.361541748,20.8118724823],[583.049560547,166.804351807,-79.8475494385,54.2152061462,250.353790283,-33.3314437866,16.2024879456,-102.837348938,31.3183040619,-84.2194671631,-21.0173969269,28.0416793823,9.69362926483],[-834.928649902,-138.163757324,125.233467102,63.2887649536,-33.3314437866,173.524291992,-27.3419380188,50.4091300964,-60.0099182129,34.0439147949,14.4423770905,16.5849056244,12.0383033752],[928.487121582,80.250541687,-94.8296279907,-46.767665863,16.2024879456,-27.3419380188,183.735275269,59.2285614014,74.8360443115,11.5443115234,-12.0446605682,-63.0543251038,-52.047744751],[-160.034515381,-122.79045105,28.4978675842,-31.6818313599,-102.837348938,50.4091300964,59.2285614014,168.963912964,36.9803657532,81.396156311,8.23564624786,-49.185043335,-28.4870758057],[766.172912598,90.7190933228,-83.9604492188,-35.3926277161,31.3183040619,-60.0099182129,74.8360443115,36.9803657532,132.543289185,23.7929763794,-5.36778211594,-30.240945816,-29.8070640564],[-331.320098877,-103.184829712,58.4102325439,7.1171131134,-84.2194671631,34.0439147949,11.5443115234,81.396156311,23.7929763794,116.088165283,46.5571708679,-11.4592552185,-15.3731689453],[-246.152069092,-17.9675979614,25.5254230499,7.81917190552,-21.0173969269,14.4423770905,-12.0446605682,8.23564624786,-5.36778211594,46.5571708679,72.4426727295,35.1219863892,9.25195884705],[-399.757995605,-44.3967819214,35.6290206909,53.361541748,28.0416793823,16.5849056244,-63.0543251038,-49.185043335,-30.240945816,-11.4592552185,35.1219863892,108.710876465,54.6851387024],[-353.410369873,10.2092266083,31.8028640747,20.8118724823,9.69362926483,12.0383033752,-52.047744751,-28.4870758057,-29.8070640564,-15.3731689453,9.25195884705,54.6851387024,77.890411377]],"icov":[[0.000143488709,-0.000160174022312,0.000378666445613,-0.000201217044378,0.0000905243359739,0.000155164700118,-0.000340079306625,0.0000840641005198,-0.000277681188891,0.000117023504572,0.000138771065394,4.41975117838e-7,0.000239486646024],[-0.000160174022312,0.00561120221391,-0.00654053734615,0.00504436716437,-0.00295946933329,0.00201776856557,-0.00267865904607,0.00408616382629,-0.00461695343256,0.00515909260139,-0.0051781181246,0.00511839333922,-0.00410556886345],[0.000378666445613,-0.00654053734615,0.0168407931924,-0.0116055654362,0.00594461197034,-0.00472594657913,0.00486590294167,-0.00465288525447,0.00632177619264,-0.00752358557656,0.00565786100924,-0.0036520739086,0.00316683854908],[-0.000201217044378,0.00504436716437,-0.0116055654362,0.0166686233133,-0.00699154986069,0.000939145800658,-0.00319654913619,0.00498353596777,-0.00338897202164,0.000881924817804,-0.000612831907347,-0.00105025316589,-0.00119038473349],[0.0000905243359739,-0.00295946933329,0.00594461197034,-0.00699154986069,0.010750955902,-0.00319156469777,0.00060065620346,0.00176212843508,-0.00194782216568,0.00263069476932,0.000702903198544,-0.00168566394132,0.00131446740124],[0.000155164700118,0.00201776856557,-0.00472594657913,0.000939145800658,-0.00319156469777,0.0121823269874,-0.00216835737228,-0.0033587384969,0.003086138051,0.00108423770871,-0.00134518032428,0.000500562484376,-0.000841388828121],[-0.000340079306625,-0.00267865904607,0.00486590294167,-0.00319654913619,0.00060065620346,-0.00216835737228,0.0126104000956,-0.00574433710426,0.000647537061013,-0.00153773406055,0.000494321982842,0.000453341403045,0.00382867641747],[0.0000840641005198,0.00408616382629,-0.00465288525447,0.00498353596777,0.00176212843508,-0.0033587384969,-0.00574433710426,0.0187971983105,-0.00795387197286,-0.00225964724086,-0.00114649150055,0.00619542971253,-0.00395311508328],[-0.000277681188891,-0.00461695343256,0.00632177619264,-0.00338897202164,-0.00194782216568,0.003086138051,0.000647537061013,-0.00795387197286,0.0211061611772,-0.0123273525387,0.00808010995388,-0.00674897991121,0.00438108528033],[0.000117023504572,0.00515909260139,-0.00752358557656,0.000881924817804,0.00263069476932,0.00108423770871,-0.00153773406055,-0.00225964724086,-0.0123273525387,0.032388150692,-0.021460544318,0.00994572322816,-0.0024164787028],[0.000138771065394,-0.0051781181246,0.00565786100924,-0.000612831907347,0.000702903198544,-0.00134518032428,0.000494321982842,-0.00114649150055,0.00808010995388,-0.021460544318,0.0338053777814,-0.0174717791378,0.00630093505606],[4.41975117838e-7,0.00511839333922,-0.0036520739086,-0.00105025316589,-0.00168566394132,0.000500562484376,0.000453341403045,0.00619542971253,-0.00674897991121,0.00994572322816,-0.0174717791378,0.0287515837699,-0.0149261159822],[0.000239486646024,-0.00410556886345,0.00316683854908,-0.00119038473349,0.00131446740124,-0.000841388828121,0.00382867641747,-0.00395311508328,0.00438108528033,-0.0024164787028,0.00630093505606,-0.0149261159822,0.0254978574812]],"mean":[-21.9387969971,81.1410903931,-106.970932007,-46.8056983948,-13.4823122025,-35.6961936951,-24.207075119,-17.735742569,2.16459083557,-18.8677062988,-15.1385555267,-17.5631351471,-7.62803316116]},"hfc":{"dmean":73.2761993408,"dmean2":99.7984924316,"dvar":8626.29785156,"dvar2":15999.0957031,"max":2460.68774414,"mean":350.109619141,"median":312.583618164,"min":1.17698166167e-16,"var":69770.5546875},"melbands":{"dmean":[0.0000404906495532,0.000137263923534,0.000176394110895,0.000270632794127,0.000191159182577,0.000180387331056,0.0000822567453724,0.0000885860790731,0.000683136284351,0.00033904222073,0.0000675593182677,0.0000223359656957,0.0000318683305522,0.0000365294254152,0.0000605721252214,0.0000192873376363,0.0000230787245528,0.0000477992143715,0.0000380326273444,0.0000336559824063,0.0000262368357653,0.0000180704118975,0.0000105500967038,0.00000509285382577,0.0000016409322825,8.18058708774e-7,0.000001200162842,7.60109969633e-7,4.17907642714e-7,2.56092221207e-7,1.951005828e-7,1.40425242989e-7,1.10413914456e-7,7.43875148146e-8,5.93915707725e-8,6.01200156325e-8,5.41794449305e-8,4.99421162203e-8,3.58231062592e-8,3.44028237009e-8],"dmean2":[0.0000641787119093,0.000212383034523,0.000269253330771,0.000412026362028,0.000289563729893,0.000263286376139,0.00012020925351,0.000127484643599,0.000888373295311,0.00043752140482,0.000101992613054,0.0000350157351932,0.0000478002439195,0.000057528821344,0.0000928842491703,0.0000298864470096,0.0000365293817595,0.0000730670071789,0.0000569326402911,0.0000471439525427,0.0000394726994273,0.0000266650258709,0.0000165508063219,0.00000763615298638,0.00000247643151852,0.00000124177620364,0.00000182610392585,0.00000119455432923,6.93215781666e-7,3.95188095581e-7,2.93059542855e-7,2.19600025275e-7,1.7803854746e-7,1.20556407524e-7,9.52472802851e-8,9.31123409487e-8,8.4452459248e-8,7.83675560001e-8,5.82966528384e-8,5.52676482357e-8],"dvar":[1.07559845475e-8,7.37307459531e-8,9.97064617536e-8,2.39326169549e-7,1.52041593537e-7,1.86754391507e-7,2.11160582353e-8,1.47314471732e-8,0.00000122258427382,3.73660071773e-7,1.93767117906e-8,1.19085530326e-9,2.40645858796e-9,2.94959523472e-9,8.23920398574e-9,7.83210329924e-10,1.01896957538e-9,4.2336671946e-9,2.75409806072e-9,2.70564992633e-9,1.49761503199e-9,6.89227508399e-10,2.84446882715e-10,6.915198969e-11,1.81260249865e-11,1.46554192393e-11,1.15219092947e-11,8.20494974046e-12,1.44144080352e-11,7.9757901672e-12,1.09387672531e-12,3.87132112391e-13,1.00926028873e-13,3.39965414761e-14,2.45893054724e-14,1.64334810273e-14,1.34453571595e-14,1.09283521699e-14,3.4645583013e-15,4.68731685275e-15],"dvar2":[2.72480331631e-8,1.60385567938e-7,2.27950238241e-7,6.12814119449e-7,3.28288223272e-7,3.84178434842e-7,4.68726781833e-8,3.01413685122e-8,0.00000214678811972,6.72436044624e-7,4.84265321177e-8,2.78340084314e-9,4.90314810975e-9,7.07834102442e-9,1.85647301976e-8,1.92049887104e-9,2.53774978809e-9,9.81447545456e-9,6.05283689836e-9,4.93125540402e-9,3.36153904712e-9,1.44779577216e-9,6.72278233083e-10,1.46893303077e-10,2.86437974034e-11,2.22102874287e-11,2.40342416108e-11,1.71885318478e-11,3.84925216701e-11,2.03132701632e-11,2.22436175382e-12,7.77913757716e-13,2.42933955287e-13,7.80354242596e-14,5.15090662451e-14,3.70884217977e-14,2.99599686965e-14,2.45623647425e-14,8.40173505041e-15,1.0117451107e-14],"max":[0.00307302898727,0.00763844931498,0.00676578003913,0.0109654720873,0.0131249595433,0.0139672476798,0.00382351689041,0.00220648339018,0.0206099804491,0.0124438134953,0.00303092412651,0.000513770617545,0.00100303476211,0.000978175201453,0.00140271242708,0.000401755823987,0.000589684932493,0.000947534979787,0.00108192872722,0.00112408888526,0.000562779139727,0.000400408229325,0.000214333384065,0.00016475773009,0.00027546272031,0.000218368892092,0.000169833248947,0.000132604152896,0.000209474586882,0.000172596541233,0.0000646086264169,0.0000398263764509,0.0000164289504028,0.00000921799710341,0.00000770499536884,0.0000043147983888,0.0000031322315408,0.0000028524436857,7.15739076895e-7,0.00000250937250712],"mean":[0.0000643732928438,0.0002512637584,0.000411707267631,0.000706246355549,0.000438657240011,0.000387208128814,0.00018601406191,0.000189041515114,0.00147996156011,0.000832443533,0.000133969297167,0.0000447751335741,0.0000640093712718,0.0000745652723708,0.000110360742838,0.0000363193648809,0.0000448412793048,0.0000955016512307,0.0000801094283815,0.0000703842160874,0.0000541728259122,0.0000373140246666,0.0000198649831873,0.00000976866976998,0.00000314406634061,0.00000153017310822,0.00000210826124203,0.00000136485368785,6.51960817777e-7,4.11268786138e-7,3.55471826197e-7,2.77014947869e-7,2.08090057185e-7,1.16588957155e-7,8.5501902447e-8,8.80542003756e-8,7.62837473189e-8,6.68388722147e-8,4.57750388705e-8,4.6235932416e-8],"median":[0.0000225270978262,0.000108364416519,0.000196432491066,0.000374506082153,0.00021755558555,0.000145888188854,0.000119362332043,0.00012470287038,0.000871825730428,0.000463029457023,0.0000615532771917,0.0000248352189374,0.0000351546223101,0.0000507427284901,0.0000615843891865,0.0000215380714508,0.0000297764090647,0.0000638580677332,0.0000522366644873,0.0000420864998887,0.0000350646005245,0.0000241199995799,0.0000126586455735,0.00000613223483015,0.00000193622258848,8.24477240258e-7,9.17097111142e-7,5.95860285557e-7,2.60508073779e-7,1.79951186396e-7,1.81388827514e-7,1.54401490704e-7,1.21211357396e-7,5.77519116973e-8,3.95253856311e-8,4.00600015382e-8,3.5989824454e-8,3.18311776937e-8,2.41658089095e-8,2.40109336858e-8],"min":[1.67876889706e-23,2.44846553099e-23,1.23911928075e-23,1.38490543032e-23,8.01962780451e-24,6.83665909079e-24,5.38066522334e-24,1.16820802178e-23,5.94253179752e-24,6.19297107467e-24,8.85132385689e-24,5.58335435547e-24,6.1672171327e-24,1.56247880894e-23,9.32195353978e-24,9.14243325244e-24,1.43563470855e-23,1.39835235331e-23,9.27621775108e-24,7.02624603215e-24,7.77691739208e-24,1.78679077625e-23,1.56668785519e-23,1.40188266363e-23,1.1421387721e-23,1.25675679064e-23,1.04097548628e-23,1.03087696228e-23,8.24857022757e-24,7.99357093995e-24,8.39888846192e-24,7.95426831193e-24,8.87429627531e-24,1.27329754722e-23,1.43992816291e-23,8.50555586694e-24,1.16408985231e-23,1.25263925226e-23,9.3106452187e-24,8.6916095003e-24],"var":[1.94767988404e-8,2.14411031152e-7,3.56756089559e-7,8.37254049202e-7,4.23964735319e-7,5.86219982779e-7,6.03114855835e-8,4.67562450979e-8,0.00000379765674552,0.00000119869116588,4.8115790463e-8,3.30515570468e-9,7.19413062455e-9,6.6991181491e-9,2.11387742866e-8,1.80989956355e-9,2.39241204625e-9,1.11505551459e-8,8.16327272446e-9,8.8635641049e-9,3.9142729058e-9,1.92798421672e-9,6.11029171704e-10,1.69153885343e-10,5.35094989151e-11,4.00292646252e-11,3.04423951325e-11,2.09256240807e-11,2.21722865762e-11,1.30687708919e-11,3.7572605617e-12,1.45367474568e-12,2.82467923834e-13,8.65055233392e-14,6.05817411753e-14,2.92460723879e-14,1.99425589567e-14,1.53041540215e-14,4.36952957269e-15,6.60954165951e-15]},"melbands_crest":{"dmean":2.64518141747,"dmean2":3.90078902245,"dvar":5.92079019547,"dvar2":12.3451032639,"max":29.961648941,"mean":13.1477956772,"median":12.1745033264,"min":2.27650117874,"var":27.1802558899},"melbands_flatness_db":{"dmean":0.0222568903118,"dmean2":0.0330080091953,"dvar":0.000391876004869,"dvar2":0.000838606036268,"max":0.407011389732,"mean":0.228327259421,"median":0.225958123803,"min":0.00441341847181,"var":0.0021796557121},"melbands_kurtosis":{"dmean":2.25476861,"dmean2":3.32394647598,"dvar":27.0820903778,"dvar2":67.2155456543,"max":134.58114624,"mean":4.69172620773,"median":1.97374296188,"min":-1.7435644865,"var":87.2993545532},"melbands_skewness":{"dmean":0.336483776569,"dmean2":0.502565205097,"dvar":0.166764900088,"dvar2":0.415390461683,"max":10.1895942688,"mean":1.32628309727,"median":1.10711419582,"min":-1.4619024992,"var":1.1410292387},"melbands_spread":{"dmean":4.38397979736,"dmean2":6.21163988113,"dvar":38.8982887268,"dvar2":82.6470794678,"max":244.204833984,"mean":20.9761276245,"median":18.7550544739,"min":1.51831912994,"var":315.967956543},"mfcc":{"cov":[[9407.31738281,1643.96118164,-1276.13208008,10.9090251923,-109.341789246,-198.541519165,-256.139587402,213.331222534,307.82144165,255.381729126,196.964981079,79.3542175293,-70.0230102539],[1643.96118164,943.933654785,-295.491088867,3.37162852287,24.7900810242,-27.3372707367,-73.2197418213,27.7570018768,70.2008132935,8.35297584534,42.5776176453,-0.471410870552,-35.9275550842],[-1276.13208008,-295.491088867,461.784484863,-6.93532323837,-7.21765089035,17.6911373138,71.3720703125,-58.7494087219,-57.2278671265,28.911737442,-24.8524265289,-6.02622270584,25.3726158142],[10.9090251923,3.37162852287,-6.93532323837,154.018203735,63.4239082336,59.8851127625,-23.5465145111,7.97500371933,-12.7303266525,-29.8144264221,-12.8949775696,-19.1187648773,-0.925524115562],[-109.341789246,24.7900810242,-7.21765089035,63.4239082336,174.555389404,90.7308044434,-20.5830421448,16.5443267822,-18.5102233887,-76.9218826294,-31.8322677612,-29.9925060272,-17.2308368683],[-198.541519165,-27.3372707367,17.6911373138,59.8851127625,90.7308044434,138.125564575,12.2698764801,25.9418010712,-22.8559551239,-59.9034156799,-28.0023651123,-33.4025306702,-13.3083982468],[-256.139587402,-73.2197418213,71.3720703125,-23.5465145111,-20.5830421448,12.2698764801,113.841659546,12.1391954422,-2.74571442604,30.6047992706,0.0855336412787,8.7089214325,11.6524934769],[213.331222534,27.7570018768,-58.7494087219,7.97500371933,16.5443267822,25.9418010712,12.1391954422,76.2057113647,31.6773796082,-12.0089540482,0.134746164083,-4.01145935059,-10.6694660187],[307.82144165,70.2008132935,-57.2278671265,-12.7303266525,-18.5102233887,-22.8559551239,-2.74571442604,31.6773796082,82.5372238159,51.9014663696,26.1116905212,10.8370695114,-4.9239115715],[255.381729126,8.35297584534,28.911737442,-29.8144264221,-76.9218826294,-59.9034156799,30.6047992706,-12.0089540482,51.9014663696,160.569625854,69.2920150757,35.8022460938,15.8424100876],[196.964981079,42.5776176453,-24.8524265289,-12.8949775696,-31.8322677612,-28.0023651123,0.0855336412787,0.134746164083,26.1116905212,69.2920150757,95.8689117432,41.4928817749,5.89798259735],[79.3542175293,-0.471410870552,-6.02622270584,-19.1187648773,-29.9925060272,-33.4025306702,8.7089214325,-4.01145935059,10.8370695114,35.8022460938,41.4928817749,81.0043029785,37.7443580627],[-70.0230102539,-35.9275550842,25.3726158142,-0.925524115562,-17.2308368683,-13.3083982468,11.6524934769,-10.6694660187,-4.9239115715,15.8424100876,5.89798259735,37.7443580627,68.3036575317]],"icov":[[0.000245755712967,-0.000257060863078,0.000477502064314,-0.0000666270716465,0.0000254284295806,0.0000884173932718,0.000317831843859,-0.000511047313921,0.000233783721342,-0.000686965184286,0.00023332433193,-0.000102088837593,0.0000404957318096],[-0.000257060863078,0.00167586444877,0.000281956599792,0.000099646167655,-0.000401880446589,0.0000907375506358,-0.000104209240817,0.000955226365477,-0.00096246029716,0.000717338232789,-0.000621571438387,0.000255297985859,0.000274702673778],[0.000477502064314,0.000281956599792,0.00441911211237,-0.00000793847539171,-0.000381892255973,-0.000335752440151,-0.000888253154699,0.00115639797878,0.00165531516541,-0.00271570007317,0.00124931172468,0.000218260276597,-0.000312698160997],[-0.0000666270716465,0.000099646167655,-0.00000793847539171,0.00873710680753,-0.00167595921084,-0.00306614791043,0.00218341150321,-0.000440229690867,0.000948421016801,-0.00102628720924,-0.0000947679509409,0.00114003708586,-0.0016713993391],[0.0000254284295806,-0.000401880446589,-0.000381892255973,-0.00167595921084,0.0104082887992,-0.00521233258769,0.00121333892457,0.000368236011127,-0.00126775156241,0.00296916114166,0.0000672502210364,-0.000430617597885,0.000846549519338],[0.0000884173932718,0.0000907375506358,-0.000335752440151,-0.00306614791043,-0.00521233258769,0.0148472925648,-0.00292938831262,-0.0041498541832,0.00216680252925,0.00185560446698,-0.0014091586927,0.00320625212044,-0.000273246056167],[0.000317831843859,-0.000104209240817,-0.000888253154699,0.00218341150321,0.00121333892457,-0.00292938831262,0.0131665812805,-0.0054112081416,0.00313353142701,-0.00503921275958,0.00243432843126,-0.00138150888961,-0.000777676061261],[-0.000511047313921,0.000955226365477,0.00115639797878,-0.000440229690867,0.000368236011127,-0.0041498541832,-0.0054112081416,0.0233791898936,-0.011710097082,0.00626059388742,-0.00146300671622,-0.000501468603034,0.00150964478962],[0.000233783721342,-0.00096246029716,0.00165531516541,0.000948421016801,-0.00126775156241,0.00216680252925,0.00313353142701,-0.011710097082,0.0243583768606,-0.0103267021477,0.00169292418286,-0.000471023435239,0.00113522191532],[-0.000686965184286,0.000717338232789,-0.00271570007317,-0.00102628720924,0.00296916114166,0.00185560446698,-0.00503921275958,0.00626059388742,-0.0103267021477,0.0182092580944,-0.00921885017306,0.00170200504363,-0.00149623816833],[0.00023332433193,-0.000621571438387,0.00124931172468,-0.0000947679509409,0.0000672502210364,-0.0014091586927,0.00243432843126,-0.00146300671622,0.00169292418286,-0.00921885017306,0.0202404260635,-0.00960617791861,0.00436632707715],[-0.000102088837593,0.000255297985859,0.000218260276597,0.00114003708586,-0.000430617597885,0.00320625212044,-0.00138150888961,-0.000501468603034,-0.000471023435239,0.00170200504363,-0.00960617791861,0.0239265039563,-0.0121835032478],[0.0000404957318096,0.000274702673778,-0.000312698160997,-0.0016713993391,0.000846549519338,-0.000273246056167,-0.000777676061261,0.00150964478962,0.00113522191532,-0.00149623816833,0.00436632707715,-0.0121835032478,0.0222332328558]],"mean":[-686.519348145,165.350418091,-39.1245765686,-0.204428195953,7.13377666473,-9.74848175049,-19.4682407379,-5.40038108826,2.91916060448,-0.765356659889,-2.6134865284,-2.60230994225,-7.07173395157]},"pitch_salience":{"dmean":0.0483214296401,"dmean2":0.071129411459,"dvar":0.00172861863393,"dvar2":0.00356926512904,"max":0.817420780659,"mean":0.525613605976,"median":0.530680179596,"min":0.149918884039,"var":0.00899392180145},"silence_rate_20dB":{"dmean":0,"dmean2":0,"dvar":0,"dvar2":0,"max":1,"mean":1,"median":1,"min":1,"var":0},"silence_rate_30dB":{"dmean":0.0127877239138,"dmean2":0.0255819894373,"dvar":0.0126243233681,"dvar2":0.0274864733219,"max":1,"mean":0.973664045334,"median":1,"min":0,"var":0.0256425589323},"silence_rate_60dB":{"dmean":0.00153452681843,"dmean2":0.00306983874179,"dvar":0.00153220153879,"dvar2":0.00357212778181,"max":1,"mean":0.0618767589331,"median":0,"min":0,"var":0.0580480247736},"spectral_centroid":{"dmean":123.515670776,"dmean2":176.462799072,"dvar":26320.2441406,"dvar2":44143.15625,"max":10772.6240234,"mean":1058.66674805,"median":991.661376953,"min":274.751800537,"var":318048.65625},"spectral_complexity":{"dmean":2.50179028511,"dmean2":3.96060371399,"dvar":5.45627307892,"dvar2":11.9764709473,"max":58,"mean":19.6934280396,"median":22,"min":0,"var":59.4518203735},"spectral_contrast_coeffs":{"dmean":[0.0486171282828,0.0468748137355,0.0354129113257,0.0301191005856,0.0274246558547,0.0238688308746],"dmean2":[0.0775727704167,0.0751701071858,0.0572489574552,0.0481183677912,0.043647877872,0.0379777289927],"dvar":[0.00147085823119,0.00137725297827,0.000789028359577,0.000534588471055,0.000470580562251,0.000414952111896],"dvar2":[0.00388858583756,0.00346471462399,0.00192924193107,0.00134725216776,0.00117549265269,0.00106899079401],"max":[-0.331851989031,-0.447728991508,-0.510680913925,-0.573480606079,-0.617009222507,-0.532429218292],"mean":[-0.580118656158,-0.692502379417,-0.764378666878,-0.758158683777,-0.747580766678,-0.803647458553],"median":[-0.58125603199,-0.68988597393,-0.764158785343,-0.756829321384,-0.741597414017,-0.802746415138],"min":[-0.950701892376,-0.956987500191,-0.972999632359,-0.954356610775,-0.958943963051,-0.958928346634],"var":[0.00772036425769,0.00547181302682,0.00367173319682,0.00227280310355,0.00315082189627,0.00163037132006]},"spectral_contrast_valleys":{"dmean":[0.440429389477,0.324003696442,0.295828014612,0.246059581637,0.292074710131,0.476395875216],"dmean2":[0.717116594315,0.524336099625,0.472739934921,0.377735376358,0.44691619277,0.761260569096],"dvar":[0.150726094842,0.110685788095,0.0941280499101,0.0777554810047,0.106025129557,0.182508841157],"dvar2":[0.351251065731,0.213916793466,0.170733317733,0.118493460119,0.187463149428,0.418986052275],"max":[-5.95940113068,-4.71746587753,-5.62440824509,-5.83686208725,-5.5575594902,-8.93736457825],"mean":[-8.29415607452,-6.57624197006,-7.24709653854,-7.40144395828,-8.33090877533,-11.1811094284],"median":[-8.08525753021,-6.31890869141,-6.96234178543,-7.02749681473,-8.10935592651,-11.0521450043],"min":[-27.9206047058,-27.4343738556,-27.4202251434,-27.3485240936,-27.1656494141,-27.2744274139],"var":[2.01437687874,1.87249565125,1.80522859097,1.86215257645,1.52201223373,1.01385486126]},"spectral_decrease":{"dmean":1.53010604187e-9,"dmean2":2.11302109143e-9,"dvar":3.53039113794e-18,"dvar2":6.93315327046e-18,"max":1.04948361113e-8,"mean":-2.15018447491e-9,"median":-1.57092228115e-9,"min":-3.29611040684e-8,"var":1.09353583036e-17},"spectral_energy":{"dmean":0.00751812709495,"dmean2":0.00968043971807,"dvar":0.0000940264944802,"dvar2":0.000165779783856,"max":0.228547781706,"mean":0.0398713126779,"median":0.0374452807009,"min":1.08363277496e-20,"var":0.000701528973877},"spectral_energyband_high":{"dmean":0.000617476704065,"dmean2":0.000858444720507,"dvar":7.91418813151e-7,"dvar2":0.0000013778178527,"max":0.0303588956594,"mean":0.00196259585209,"median":0.00161508878227,"min":7.81789561115e-21,"var":0.00000402153682444},"spectral_energyband_low":{"dmean":0.000597185920924,"dmean2":0.000919177662581,"dvar":0.00000129717068376,"dvar2":0.00000289889408123,"max":0.0247596129775,"mean":0.00123122951481,"median":0.000610472809058,"min":1.29457299961e-22,"var":0.00000401341912948},"spectral_energyband_middle_high":{"dmean":0.00139360362664,"dmean2":0.00199016742408,"dvar":0.00000257209489973,"dvar2":0.0000049640520956,"max":0.0413828343153,"mean":0.00578788667917,"median":0.0053373076953,"min":1.7226151367e-21,"var":0.000017429338186},"spectral_energyband_middle_low":{"dmean":0.0052679204382,"dmean2":0.00698953540996,"dvar":0.0000538481544936,"dvar2":0.0000989389009192,"max":0.13848143816,"mean":0.0174914225936,"median":0.0140714319423,"min":2.56187312136e-22,"var":0.000223733572057},"spectral_entropy":{"dmean":0.168312445283,"dmean2":0.253007918596,"dvar":0.0250209700316,"dvar2":0.0558446012437,"max":9.79482936859,"mean":7.15287494659,"median":7.16627550125,"min":5.72421264648,"var":0.123959504068},"spectral_flux":{"dmean":0.014825140126,"dmean2":0.0236770641059,"dvar":0.000289359362796,"dvar2":0.000710225955117,"max":0.267272412777,"mean":0.0828568562865,"median":0.0833399742842,"min":1.04097681863e-10,"var":0.00137991434895},"spectral_kurtosis":{"dmean":6.20219087601,"dmean2":9.98362541199,"dvar":29.982378006,"dvar2":75.4235153198,"max":63.6772232056,"mean":31.1627902985,"median":31.1523323059,"min":-1.24402964115,"var":90.8827285767},"spectral_rms":{"dmean":0.000560447399039,"dmean2":0.000708826817572,"dvar":3.64337353176e-7,"dvar2":5.89023159137e-7,"max":0.0149322953075,"mean":0.00583102041855,"median":0.00604416942224,"min":3.25146528625e-12,"var":0.00000489812100568},"spectral_rolloff":{"dmean":701.365478516,"dmean2":1299.44128418,"dvar":9329192,"dvar2":21059216,"max":22006.9335938,"mean":20770.734375,"median":21447.0703125,"min":645.99609375,"var":12434600},"spectral_skewness":{"dmean":0.41841635108,"dmean2":0.671441078186,"dvar":0.135531082749,"dvar2":0.338496804237,"max":6.24592018127,"mean":4.22844362259,"median":4.28350305557,"min":0.0377193540335,"var":0.544195592403},"spectral_spread":{"dmean":472605.46875,"dmean2":754411.625,"dvar":377629179904,"dvar2":661635858432,"max":41414812,"mean":3932765.25,"median":3686539.75,"min":2100231.25,"var":2371434577920},"spectral_strongpeak":{"dmean":12.6430168152,"dmean2":22.2371940613,"dvar":579.124572754,"dvar2":1325.41027832,"max":176.286560059,"mean":16.7716293335,"median":2.19222259521,"min":0,"var":923.226013184},"zerocrossingrate":{"dmean":0.0386168025434,"dmean2":0.0428111106157,"dvar":0.00106415955815,"dvar2":0.00119928701315,"max":0.83544921875,"mean":0.427566945553,"median":0.431640625,"min":0.095703125,"var":0.00976346712559}},"metadata":{"audio_properties":{"analysis_sample_rate":44100,"bit_rate":320000,"codec":"mp3","downmix":"mix","equal_loudness":0,"length":90.7765731812,"lossless":false,"md5_encoded":"7ecc5171802d49fb215c3a0e54967479","replay_gain":-1.76446914673,"sample_rate":44100},"tags":{"acoustid_id":["c1aac575-4b2a-4126-beda-a7c04b219ad2"],"album":["Shout at the Devil"],"albumartist":["Mötley Crüe"],"albumartistsort":["Mötley Crüe"],"artist":["Mötley Crüe"],"artistsort":["Mötley Crüe"],"asin":["B000QGOAMM"],"date":["1983"],"discnumber":["1/1"],"file_name":"05. Mötley Crüe - God Bless the Children of the Beast.mp3","genre":["Hard Rock"],"language":["eng"],"musicbrainz album release country":["US"],"musicbrainz album status":["official"],"musicbrainz album type":["album"],"musicbrainz_albumartistid":["26f07661-e115-471d-a930-206f5c89d17c"],"musicbrainz_albumid":["63066e4c-b97d-4856-939d-4f2705c1f656"],"musicbrainz_artistid":["26f07661-e115-471d-a930-206f5c89d17c"],"musicbrainz_recordingid":["ac24af1c-cc3a-4234-b878-a4d6163ff6e7"],"originaldate":["1983"],"script":["Latn"],"title":["God Bless the Children of the Beast"],"tracknumber":["5/11"]},"version":{"essentia":"2.1-beta1","essentia_build_sha":"ca57ba49d9b1854bd80e60cf9ccf267278fb7d6b","essentia_git_sha":"v2.1_beta1-28-g21ef5f4-dirty","extractor":"music 1.0"}},"rhythm":{"beats_count":172,"beats_loudness":{"dmean":0.0205407273024,"dmean2":0.0338754542172,"dvar":0.000526997318957,"dvar2":0.00163440138567,"max":0.214278027415,"mean":0.052260287106,"median":0.0486925244331,"min":2.18094946547e-8,"var":0.00102891854476},"beats_loudness_band_ratio":{"dmean":[0.0527756288648,0.093703366816,0.17359238863,0.0413359552622,0.042211253196,0.133956804872],"dmean2":[0.0906186401844,0.165075227618,0.308156341314,0.0748351067305,0.0719599723816,0.243018388748],"dvar":[0.00321425613947,0.00918071344495,0.0237832348794,0.00223146867938,0.001658264