{"lowlevel":{"average_loudness":0.827326536179,"barkbands":{"dmean":[0.00133843615185,0.00704126665369,0.00375197897665,0.00118908064906,0.00122481933795,0.000475251756143,0.000613979820628,0.000435561290942,0.000470123864943,0.000576298101805,0.00112893851474,0.00122211594135,0.00115014798939,0.000582287844736,0.000287377712084,0.000199116562726,0.000232463600696,0.000225809126277,0.00013797802967,0.0000727817096049,0.0000548157804587,0.0000248804099101,0.0000112517564048,0.00000765935692471,0.000002307971954,0.0000102124322439,0.000194863852812],"dmean2":[0.0023107721936,0.0120110763237,0.00638106605038,0.00191713206004,0.001857218449,0.000733998720534,0.000950331159402,0.000706641178112,0.000749339989852,0.000918218167499,0.00172438286245,0.00194489757996,0.00185540446546,0.000943768362049,0.000467350997496,0.000311965006404,0.000360721198376,0.000339906924637,0.000203741030418,0.000107771673356,0.0000816266692709,0.0000383075312129,0.0000166290174093,0.0000114753020171,0.000003839695637,0.0000148913923113,0.00028390053194],"dvar":[0.0000131496635731,0.000136617571115,0.0000228579338,0.00000272827742265,0.00000606021922067,0.00000119651497243,0.0000010998533071,0.00000154635165472,0.00000104500782072,0.00000179604433015,0.00000232514662457,0.0000045735250751,0.00000408882760894,0.00000125821986785,2.88595856546e-7,1.2976605035e-7,1.90860447447e-7,2.00499613356e-7,9.53239407409e-8,2.15044408947e-8,1.62718905017e-8,5.0338355706e-9,7.02548796916e-10,3.20788201558e-10,1.53199588432e-11,6.07681738263e-10,7.35881116043e-8],"dvar2":[0.000033869073377,0.000369809858967,0.0000664545732434,0.00000723345829101,0.0000124080161186,0.00000254094265983,0.00000269629549621,0.00000378252366318,0.00000259061152974,0.00000408766663895,0.00000505175421495,0.0000105468270704,0.0000103652409962,0.00000319241166835,7.52543201088e-7,3.13973231414e-7,4.40886054776e-7,4.40303978166e-7,2.02657503223e-7,4.62766216458e-8,3.72665027726e-8,1.25882522184e-8,1.56034118959e-9,6.87934487154e-10,3.67735911166e-11,1.31749477994e-9,1.44824710446e-7],"max":[0.0375076159835,0.120788499713,0.0590873770416,0.0261630248278,0.0616292990744,0.0357834771276,0.0271711461246,0.0325898528099,0.0480052269995,0.0532193221152,0.0270709302276,0.0686081796885,0.0552238710225,0.0303809735924,0.0128367394209,0.00658637471497,0.00827527511865,0.0066244234331,0.00866001937538,0.00509689096361,0.0054835267365,0.002434524009,0.000846998766065,0.000489332305733,0.0000617155019427,0.000925585976802,0.00583983352408],"mean":[0.00118508527521,0.0100527806208,0.00562275666744,0.00200469256379,0.00236765365116,0.000920423713978,0.00111265969463,0.000717467162758,0.000860366446432,0.000945838401094,0.00174486695323,0.00231803022325,0.00204575969838,0.00103308749385,0.000517883512657,0.000361084385077,0.000436448957771,0.000436792906839,0.000260406319285,0.000156002788572,0.000106770392449,0.0000367710927094,0.0000163978202181,0.00000856384667713,0.0000023172544843,0.0000134910796987,0.000614602467977],"median":[0.000379857461667,0.00680260360241,0.00385200278834,0.00125969876535,0.000919066020288,0.00033935852116,0.000629550195299,0.00027917441912,0.000505300995428,0.000496852444485,0.00108580186497,0.00142766686622,0.0011552706128,0.00065447128145,0.000289760442683,0.000181186245754,0.000206069307751,0.000170357816387,0.000106031395262,0.000074319417763,0.0000498203880852,0.0000160375511769,0.00000667273343424,0.00000223960660151,8.88312968073e-7,0.00000491358105137,0.000449715153081],"min":[2.54316898278e-25,3.46319995369e-24,1.3991262653e-24,2.65579292858e-24,6.88653008836e-24,1.30865208418e-23,1.06243155626e-23,5.97462068699e-24,1.46114678577e-23,2.38779723644e-23,2.25436819853e-23,2.76108700565e-23,1.3167024886e-23,4.59381757004e-23,5.80178481253e-23,5.41106957924e-23,1.02238064634e-22,1.06433353146e-22,1.54341961393e-22,1.95126070193e-22,2.46420759745e-22,3.51769082048e-22,4.41682539257e-22,5.41785529764e-22,9.69804038888e-22,1.39112270817e-21,1.85524272349e-21],"var":[0.00000996086691885,0.000132047658553,0.0000334351680067,0.0000057348156588,0.0000205234737223,0.00000436837763118,0.00000257695410255,0.00000368507426174,0.00000230309638027,0.00000425316147812,0.00000442775899501,0.0000124884336401,0.00000862351771502,0.00000221308118853,5.75105786993e-7,2.62569727738e-7,4.23866310939e-7,4.63597046974e-7,2.10504225606e-7,5.87111159689e-8,3.22126858521e-8,5.39767608387e-9,9.79931136236e-10,3.96766924871e-10,1.65292519255e-11,7.79758924097e-10,3.14043802518e-7]},"barkbands_crest":{"dmean":2.45154261589,"dmean2":4.07857131958,"dvar":4.87418746948,"dvar2":13.3456439972,"max":22.27617836,"mean":9.23791313171,"median":8.63407897949,"min":2.47648596764,"var":12.7431850433},"barkbands_flatness_db":{"dmean":0.0222659446299,"dmean2":0.0359669588506,"dvar":0.000401037366828,"dvar2":0.00108080508653,"max":0.420384556055,"mean":0.130018785596,"median":0.124484747648,"min":0.0367827266455,"var":0.00191885745153},"barkbands_kurtosis":{"dmean":3.35862612724,"dmean2":5.428586483,"dvar":156.77116394,"dvar2":366.397399902,"max":463.359405518,"mean":6.70668315887,"median":1.9815363884,"min":-1.42669868469,"var":743.223876953},"barkbands_skewness":{"dmean":0.525457084179,"dmean2":0.849038779736,"dvar":0.300551384687,"dvar2":0.767496168613,"max":17.2973766327,"mean":1.63325023651,"median":1.37062489986,"min":-2.15511798859,"var":2.30570292473},"barkbands_spread":{"dmean":5.24174833298,"dmean2":8.31420230865,"dvar":24.655632019,"dvar2":61.0176239014,"max":112.278488159,"mean":27.4951705933,"median":27.0012397766,"min":0.429098188877,"var":113.928131104},"dissonance":{"dmean":0.0167838819325,"dmean2":0.0284914113581,"dvar":0.000245659146458,"dvar2":0.000676673138514,"max":0.500000178814,"mean":0.472086280584,"median":0.476735711098,"min":0.321331202984,"var":0.000410810840549},"dynamic_complexity":2.53770947456,"erbbands":{"dmean":[0.23002627492,1.57252299786,4.38861227036,3.90618228912,3.7532658577,4.43449878693,4.46978902817,3.63575816154,4.42616319656,15.4077482224,8.50515460968,10.4622154236,12.609910965,23.3019313812,41.2514305115,45.7552337646,54.5411529541,33.5828895569,17.7037906647,12.7345342636,9.8437128067,12.665307045,12.7325811386,8.93032741547,5.50605535507,3.32219839096,2.59597539902,1.86927580833,0.986857414246,0.524917066097,0.273558467627,0.196934863925,0.104411482811,0.0279818810523,0.0165471080691,0.0192201249301,0.0240656845272,0.0188802685589,0.0119925355539,0.00594507763162],"dmean2":[0.394934415817,2.66331648827,7.47127962112,6.28328800201,5.83396673203,6.82881164551,6.99413061142,5.67175292969,7.14311599731,24.1599445343,13.4629068375,16.7996959686,20.099565506,36.2051391602,63.2291297913,72.5623474121,87.7563476562,54.4393081665,28.6408481598,20.3836345673,15.1274852753,19.4117927551,19.013999939,12.9260826111,8.13847255707,4.88570308685,3.91449260712,2.76941156387,1.51390850544,0.788455188274,0.403628408909,0.290719628334,0.159477695823,0.0460249222815,0.0274125616997,0.0298012737185,0.0349755771458,0.0274694468826,0.016670383513,0.00849007070065],"dvar":[0.281483739614,5.63924503326,34.8454704285,25.3471488953,37.109462738,118.529556274,120.705604553,52.4491958618,87.4533462524,789.50958252,504.528717041,554.63494873,654.969604492,2042.8137207,3018.9921875,5389.89794922,8669.89648438,4360.00927734,1168.6270752,456.774078369,326.531402588,564.468139648,607.777709961,418.160797119,133.316650391,46.2389373779,29.3746833801,24.9981956482,7.84055185318,1.86119484901,0.379403203726,0.221689745784,0.0565757341683,0.00206751888618,0.000765058386605,0.00166208459996,0.00371106760576,0.00274702184834,0.000591237389017,0.0000571721830056],"dvar2":[0.773323893547,15.4812345505,102.374946594,63.7290687561,83.3064498901,249.284637451,275.789245605,111.601524353,227.671890259,1961.41394043,1151.46777344,1395.71411133,1534.58679199,4597.95800781,6821.90673828,12696.7773438,21951.6796875,10916.328125,3022.90820312,1126.41577148,754.841125488,1276.05004883,1326.09472656,870.512939453,285.419219971,96.8369903564,67.1615753174,58.2892951965,19.5227909088,4.29803943634,0.8289270401,0.478934198618,0.122584044933,0.00490026827902,0.00183267099783,0.00370993791148,0.00805705040693,0.00645032804459,0.00117680884432,0.000109977576358],"max":[5.44910478592,31.4116592407,58.1872329712,78.7640609741,137.66583252,318.234405518,294.875030518,268.796142578,272.037261963,624.709960938,608.108215332,1290.5032959,753.64050293,1881.27893066,1308.81225586,2188.18041992,2539.35595703,1828.7208252,802.89251709,513.629455566,320.416229248,418.577789307,383.358795166,378.080535889,336.370941162,241.655899048,198.726135254,190.53225708,83.5455856323,52.698387146,19.701166153,13.5915718079,5.13207769394,0.696631610394,0.4357380867,1.45431542397,2.05779623985,1.89094376564,0.753813147545,0.161718398333],"mean":[0.269558101892,2.28903794289,6.50889205933,7.18389081955,6.9777135849,7.64621496201,8.41462039948,6.63892030716,8.25253677368,25.8088226318,16.0697059631,19.0995445251,21.9545993805,43.261264801,77.0116348267,92.614364624,102.280342102,62.6038169861,33.8624267578,24.5308837891,19.5063819885,24.9100131989,25.3363857269,16.8250045776,11.10090065,7.2980298996,5.69085645676,3.16410541534,1.47162985802,0.807396411896,0.397669494152,0.238488957286,0.109796047211,0.0293832886964,0.0171049069613,0.0210760124028,0.0309134554118,0.0320300944149,0.0340714380145,0.0229284614325],"median":[0.146041914821,1.58325541019,4.4082660675,4.94963359833,3.64633321762,2.56176590919,2.56402230263,2.89754509926,4.41470336914,13.1723432541,7.28019618988,11.3514165878,12.6266422272,28.9562683105,53.6895256042,59.5743942261,58.8777351379,40.0134811401,20.911819458,14.3568868637,10.3499059677,11.6579999924,10.383895874,6.11289310455,5.19258832932,3.48074007034,2.7611374855,1.35050582886,0.619430959225,0.360978424549,0.166940703988,0.0722613334656,0.0265009663999,0.0121952872723,0.00712961098179,0.00682712206617,0.0101087363437,0.0150429578498,0.0203160494566,0.0190187264234],"min":[1.28492289571e-22,8.38850553779e-22,2.72696386163e-21,8.9048295153e-21,1.09727608518e-20,2.52380285058e-20,6.26361710093e-20,1.12625810278e-19,2.03280139598e-19,2.10108606028e-19,1.36069789048e-19,2.66273187343e-19,6.18576932403e-19,8.36398816697e-19,1.23655457245e-18,1.06732499965e-18,1.32550792116e-18,2.46377130976e-18,3.30748436763e-18,3.66941579709e-18,4.10418151345e-18,5.66288343662e-18,6.21771317813e-18,7.20464800957e-18,8.34223062852e-18,8.67904203034e-18,1.02606403129e-17,9.7110821934e-18,1.22539958694e-17,1.2119744456e-17,1.26869165594e-17,1.07119070417e-17,9.96281972358e-18,9.24479055594e-18,6.60888523545e-18,4.25877950199e-18,2.63298165061e-18,9.55206871475e-19,2.5707113907e-19,2.68666954332e-20],"var":[0.20872835815,6.18497180939,45.8693656921,58.153553009,110.092666626,306.276733398,409.469909668,163.328674316,192.600189209,1804.80993652,1375.4017334,1210.26965332,1250.43457031,4707.1640625,6878.78662109,15467.3916016,20370.9277344,7434.95361328,2284.91552734,985.746582031,708.799072266,1365.43029785,1479.36364746,885.932373047,331.053924561,130.236984253,77.5201339722,35.631690979,8.62633419037,2.4001531601,0.537515580654,0.282176822424,0.0673790201545,0.00234372774139,0.000838685082272,0.00193169235718,0.00465879729018,0.00343900360167,0.0018106267089,0.000285695597995]},"erbbands_crest":{"dmean":2.53552246094,"dmean2":4.15017175674,"dvar":5.05755090714,"dvar2":12.8829164505,"max":28.1399993896,"mean":9.1726808548,"median":8.50367450714,"min":2.43167448044,"var":12.5668725967},"erbbands_flatness_db":{"dmean":0.0209989137948,"dmean2":0.032374497503,"dvar":0.000306768721202,"dvar2":0.000696378352586,"max":0.286849588156,"mean":0.15999802947,"median":0.159684628248,"min":0.0311640594155,"var":0.000982911209576},"erbbands_kurtosis":{"dmean":1.08447504044,"dmean2":1.7471306324,"dvar":1.78578293324,"dvar2":4.59023237228,"max":32.7971382141,"mean":1.5607111454,"median":1.0666308403,"min":-1.678404212,"var":4.21091985703},"erbbands_skewness":{"dmean":0.318088173866,"dmean2":0.50491797924,"dvar":0.0849623307586,"dvar2":0.208087161183,"max":5.44659042358,"mean":-0.283107668161,"median":-0.329171001911,"min":-2.51505017281,"var":0.367848753929},"erbbands_spread":{"dmean":5.15719604492,"dmean2":8.23921489716,"dvar":21.7517375946,"dvar2":53.9996986389,"max":141.292709351,"mean":23.0811691284,"median":21.7049274445,"min":3.79637670517,"var":97.4998016357},"gfcc":{"cov":[[13936.9863281,436.215148926,-1515.92883301,-330.288330078,-99.0786895752,-353.401977539,166.520233154,-416.08895874,-65.626701355,-109.957626343,34.8864784241,76.2962265015,-110.917991638],[436.215148926,594.489074707,-56.191204071,-121.950645447,102.813667297,-89.9380722046,62.324131012,-61.8796234131,11.0791463852,-23.609336853,35.9109306335,-56.4344062805,26.998544693],[-1515.92883301,-56.191204071,450.013214111,90.6830749512,-107.137046814,183.463500977,-140.642715454,107.352279663,-21.1221370697,38.0041389465,-25.2490177155,-3.07116985321,17.9174880981],[-330.288330078,-121.950645447,90.6830749512,198.991226196,47.1320037842,8.98927116394,10.1388473511,17.8673553467,6.09905099869,-3.34501552582,-28.0147228241,14.4473228455,-20.4834976196],[-99.0786895752,102.813667297,-107.137046814,47.1320037842,207.13722229,-24.4373493195,95.1429977417,-15.6978683472,10.6548128128,-19.1389961243,21.0743160248,-26.082572937,-2.50583863258],[-353.401977539,-89.9380722046,183.463500977,8.98927116394,-24.4373493195,239.199905396,-50.1693305969,76.5157089233,-18.6216239929,26.8463726044,-6.09104681015,1.86149477959,2.21929645538],[166.520233154,62.324131012,-140.642715454,10.1388473511,95.1429977417,-50.1693305969,183.412948608,-37.2172660828,37.2945556641,-14.434006691,2.80435657501,5.70337438583,-22.1560020447],[-416.08895874,-61.8796234131,107.352279663,17.8673553467,-15.6978683472,76.5157089233,-37.2172660828,141.074920654,14.1596717834,20.6383419037,8.18481636047,-14.9308109283,13.9223175049],[-65.626701355,11.0791463852,-21.1221370697,6.09905099869,10.6548128128,-18.6216239929,37.2945556641,14.1596717834,88.6878738403,22.9884529114,0.949841141701,10.02921772,-24.3760662079],[-109.957626343,-23.609336853,38.0041389465,-3.34501552582,-19.1389961243,26.8463726044,-14.434006691,20.6383419037,22.9884529114,72.5225830078,26.2119369507,-9.07693099976,3.02262878418],[34.8864784241,35.9109306335,-25.2490177155,-28.0147228241,21.0743160248,-6.09104681015,2.80435657501,8.18481636047,0.949841141701,26.2119369507,57.3125991821,6.7953915596,9.82937240601],[76.2962265015,-56.4344062805,-3.07116985321,14.4473228455,-26.082572937,1.86149477959,5.70337438583,-14.9308109283,10.02921772,-9.07693099976,6.7953915596,67.345993042,11.0906715393],[-110.917991638,26.998544693,17.9174880981,-20.4834976196,-2.50583863258,2.21929645538,-22.1560020447,13.9223175049,-24.3760662079,3.02262878418,9.82937240601,11.0906715393,66.6214752197]],"icov":[[0.000268445699476,-0.000822551024612,0.00206725532189,-0.00117684644647,0.00130953767803,-0.00101338676177,0.00058953743428,-0.00024723901879,0.000593977689277,-0.000457950809505,0.000279881787719,-0.000471805164125,0.000468561251182],[-0.000822551024612,0.00623449729756,-0.00870245415717,0.00622287997976,-0.00554765854031,0.00430510891601,-0.00292535545304,0.0033730790019,-0.00451269932091,0.00481717847288,-0.0041627199389,0.00552740972489,-0.00384778133593],[0.00206725532189,-0.00870245415717,0.023457493633,-0.0148728825152,0.014480705373,-0.0124846547842,0.00720566837117,-0.00386063149199,0.00452693877742,-0.00458839349449,0.00279101054184,-0.00281891576014,0.00217257789336],[-0.00117684644647,0.00622287997976,-0.0148728825152,0.0190883874893,-0.015256036073,0.0102702518925,-0.00308925192803,-0.0011946761515,0.00187596620526,-0.00385112524964,0.00839187018573,-0.0067987809889,0.00444886926562],[0.00130953767803,-0.00554765854031,0.014480705373,-0.015256036073,0.0216068495065,-0.010586890392,-0.000649190333206,0.00179089244921,-0.0030547035858,0.00747395073995,-0.011418402195,0.010364389047,-0.00507896114141],[-0.00101338676177,0.00430510891601,-0.0124846547842,0.0102702518925,-0.010586890392,0.0137937227264,-0.00261016492732,-0.00316036166623,0.00348414899781,-0.00449280487373,0.00538195902482,-0.00523406034335,0.00357414898463],[0.00058953743428,-0.00292535545304,0.00720566837117,-0.00308925192803,-0.000649190333206,-0.00261016492732,0.011376674287,-0.000966836756561,-0.000155526518938,-0.00275561376475,0.00389445200562,-0.00482301739976,0.00362377497368],[-0.00024723901879,0.0033730790019,-0.00386063149199,-0.0011946761515,0.00179089244921,-0.00316036166623,-0.000966836756561,0.0152330808342,-0.0106316143647,0.00929925683886,-0.0113987317309,0.0129325790331,-0.00922289863229],[0.000593977689277,-0.00451269932091,0.00452693877742,0.00187596620526,-0.0030547035858,0.00348414899781,-0.000155526518938,-0.0106316143647,0.0275856405497,-0.019761107862,0.0165453106165,-0.019330272451,0.0158827695996],[-0.000457950809505,0.00481717847288,-0.00458839349449,-0.00385112524964,0.00747395073995,-0.00449280487373,-0.00275561376475,0.00929925683886,-0.019761107862,0.0373257249594,-0.0282386820763,0.0235779136419,-0.0137762073427],[0.000279881787719,-0.0041627199389,0.00279101054184,0.00839187018573,-0.011418402195,0.00538195902482,0.00389445200562,-0.0113987317309,0.0165453106165,-0.0282386820763,0.0450526289642,-0.0257012210786,0.012017342262],[-0.000471805164125,0.00552740972489,-0.00281891576014,-0.0067987809889,0.010364389047,-0.00523406034335,-0.00482301739976,0.0129325790331,-0.019330272451,0.0235779136419,-0.0257012210786,0.0405924394727,-0.0192081499845],[0.000468561251182,-0.00384778133593,0.00217257789336,0.00444886926562,-0.00507896114141,0.00357414898463,0.00362377497368,-0.00922289863229,0.0158827695996,-0.0137762073427,0.012017342262,-0.0192081499845,0.0288165211678]],"mean":[4.25821208954,102.152206421,-105.356994629,-3.60637664795,3.05309772491,-7.4375705719,12.6578416824,-17.9146671295,-5.93689584732,-9.89750576019,-1.17006659508,-6.22474813461,-13.0805511475]},"hfc":{"dmean":24.2031764984,"dmean2":35.964515686,"dvar":660.905273438,"dvar2":1408.26293945,"max":570.347045898,"mean":110.481620789,"median":100.281303406,"min":1.07522177036e-16,"var":3922.67871094},"melbands":{"dmean":[0.00195301149506,0.00218732748181,0.000629067129921,0.000295463978546,0.000158209630172,0.0000832672594697,0.0000780279005994,0.000154136563651,0.0000727527585695,0.0000659688230371,0.000066716929723,0.0000938256562222,0.00017083036073,0.000135826790938,0.000127574268845,0.000118586394819,0.0000580776904826,0.0000326548361045,0.0000213548628381,0.0000155222423928,0.0000119321566672,0.0000137992356031,0.0000137660354085,0.0000112084462671,0.0000075491084317,0.00000493350216857,0.00000317741478284,0.00000222587914323,0.00000184219118182,0.00000139627559292,0.00000103714592115,6.1515612515e-7,3.96618219156e-7,2.75259253613e-7,1.60503503821e-7,1.3534936727e-7,1.19098444884e-7,8.82414354919e-8,3.30093286038e-8,2.11566266728e-8],"dmean2":[0.0033396598883,0.00369595433585,0.00101224938408,0.000443383440142,0.000247996620601,0.000129029256641,0.000124052094179,0.000242590787821,0.00011505427392,0.000105969804281,0.000106450999738,0.000147206781548,0.000260954460828,0.000218558416236,0.000204729149118,0.000191345927306,0.0000946693035075,0.0000534670252819,0.000034871220123,0.0000249415970757,0.0000187005352927,0.0000216942280531,0.0000209864192584,0.0000171681804204,0.0000111876133815,0.00000756729286877,0.00000482712857774,0.00000337384472004,0.00000284299380837,0.00000211043152376,0.00000156873022661,9.66247625911e-7,6.16833801814e-7,4.15457634517e-7,2.40629958626e-7,2.0118484656e-7,1.78882217483e-7,1.34555776299e-7,5.34519593032e-8,3.52209177379e-8],"dvar":[0.0000149200895976,0.00000888654085429,6.03091223184e-7,4.00349563279e-7,1.24544996538e-7,2.92486763698e-8,2.14754720673e-8,8.93335823093e-8,2.97742843713e-8,2.43648248244e-8,1.82678050464e-8,3.99989339428e-8,5.21187644154e-8,6.25078726557e-8,7.18940995625e-8,4.05949158733e-8,1.42584326568e-8,3.87481424724e-9,1.37650935095e-9,8.2447731975e-10,5.03239450111e-10,7.1813288649e-10,6.76740552485e-10,5.11071684972e-10,3.18479714823e-10,1.21946758247e-10,4.53617768348e-11,2.04057690883e-11,1.35824112374e-11,1.25796534647e-11,7.89855420652e-12,3.15765013963e-12,1.19160714282e-12,5.85683194651e-13,1.31991206159e-13,1.01561784698e-13,8.60213322015e-14,4.55168773495e-14,3.41170132781e-15,1.29623071869e-15],"dvar2":[0.0000403945523431,0.0000254054193647,0.00000154732401825,7.91232537267e-7,2.9001199664e-7,6.13160864305e-8,5.5745953631e-8,2.24461373932e-7,6.69394353281e-8,6.23894962359e-8,4.25036255081e-8,9.02599168739e-8,1.13294127857e-7,1.55214891606e-7,1.79466340455e-7,1.0298729336e-7,3.62864724934e-8,9.97350646514e-9,3.52021545247e-9,2.06324646257e-9,1.19581455849e-9,1.7171939426e-9,1.51811274662e-9,1.17169451919e-9,6.93347323999e-10,2.8320862322e-10,1.00779218304e-10,4.51660271683e-11,3.27372504105e-11,2.99814652271e-11,1.85130678149e-11,8.0496685706e-12,2.94251884143e-12,1.3648225345e-12,2.96973762855e-13,2.20107569324e-13,1.90268048712e-13,1.00305892336e-13,7.99074788814e-15,3.11140633691e-15],"max":[0.0378124602139,0.033373452723,0.0112901683897,0.0172255691141,0.00874498020858,0.00630918890238,0.00381172611378,0.00572635652497,0.00522458879277,0.00882533751428,0.00389146106318,0.00848871469498,0.00422314414755,0.00852063298225,0.00767364306375,0.00460518104956,0.00373458326794,0.0015826857416,0.000793455168605,0.000589502800722,0.000413366942666,0.000547776464373,0.000479442067444,0.000339250458637,0.000316017889418,0.000393765396439,0.000224185670959,0.000130940316012,0.000091836664069,0.000184121789061,0.000086040723545,0.0000555185833946,0.0000325801483996,0.0000267227951554,0.0000118382231449,0.00000772953353589,0.000008296251508,0.00000435090532847,0.00000112513100703,5.68200903217e-7],"mean":[0.00262612709776,0.00341989379376,0.00124061107635,0.000556467392016,0.000294068799121,0.000157082045916,0.000149214174598,0.000259933847701,0.000130868720589,0.00011661908502,0.000111679830297,0.000168653496075,0.000279017462162,0.000246469862759,0.000233137106989,0.000210352620343,0.000100441575341,0.0000562723544135,0.0000376104253519,0.0000276050668617,0.0000215164182009,0.000025233019187,0.0000257569881796,0.0000201378443307,0.0000130056760099,0.00000915912460187,0.00000603152602707,0.00000458372005596,0.00000383535552828,0.00000260346519099,0.00000155158340931,8.57567727053e-7,5.81486801821e-7,3.99168953891e-7,2.28110280887e-7,1.80399510441e-7,1.31515079715e-7,8.97608671835e-8,3.41838770623e-8,2.10825188418e-8],"median":[0.00166700489353,0.00249229976907,0.000905739143491,0.00022330560023,0.0000951374458964,0.0000663243699819,0.0000840924258227,0.000127211169456,0.0000602615436947,0.000068005938374,0.0000618644335191,0.000108339809231,0.000179849215783,0.000154711742653,0.000127738021547,0.000122861893033,0.0000625996763119,0.000033476306271,0.0000209356549021,0.0000141343534779,0.0000107414116428,0.0000113818114187,0.0000113147134471,0.00000763974639995,0.00000432431443187,0.00000414698433815,0.00000277266030935,0.00000212019517676,0.00000181126620191,0.00000117828676593,6.02959971729e-7,3.36980718885e-7,2.53510762604e-7,1.64255041568e-7,9.61491437579e-8,6.36287538214e-8,3.18723252235e-8,1.81395360954e-8,1.22406307312e-8,7.97169530387e-9],"min":[1.29477939324e-24,2.00931707802e-24,2.36640127765e-24,1.37022052819e-24,2.07418609633e-24,3.01063005793e-24,3.10299324537e-24,2.06199937864e-24,9.67399849595e-25,1.83670760664e-24,2.91856703206e-24,3.17177008339e-24,3.3404618743e-24,3.05314334983e-24,3.94821885392e-24,2.46692030078e-24,3.47586077678e-24,3.8515869429e-24,3.5838842337e-24,3.2958127415e-24,3.57937747135e-24,6.03759900293e-24,3.72233090029e-24,4.18539659039e-24,5.36648150427e-24,5.68119559025e-24,5.21066648713e-24,5.55860700001e-24,5.83598587708e-24,5.51851590552e-24,4.58769711382e-24,6.82338808378e-24,6.32135976472e-24,5.61971571561e-24,5.94481002781e-24,6.02395407585e-24,7.20411681133e-24,5.40502248708e-24,6.4480587147e-24,6.77027723448e-24],"var":[0.0000124497510114,0.0000112790003186,0.00000142763872191,0.00000137610516049,3.97969557753e-7,9.97136453407e-8,4.99026242551e-8,2.06786992862e-7,8.16931517988e-8,4.94254273065e-8,3.61119347758e-8,9.14846438604e-8,1.03536351048e-7,1.44410194025e-7,1.57895499342e-7,8.30670217056e-8,2.20104965365e-8,7.18386106158e-9,2.74683187307e-9,1.52557000366e-9,9.84169079565e-10,1.54378843042e-9,1.55259172185e-9,1.04843134174e-9,6.04378158631e-10,2.49618548054e-10,1.02032757243e-10,5.30469904114e-11,3.48978901332e-11,2.21365894365e-11,9.99260570123e-12,3.23736588752e-12,1.34715405064e-12,7.29371153318e-13,1.79918065038e-13,1.36731907264e-13,1.02417050806e-13,5.22164708932e-14,3.83971385232e-15,1.39417207959e-15]},"melbands_crest":{"dmean":3.88033533096,"dmean2":6.52471733093,"dvar":12.8464365005,"dvar2":37.5863342285,"max":34.4906158447,"mean":15.2928361893,"median":14.8852796555,"min":1.63829088211,"var":27.1874141693},"melbands_flatness_db":{"dmean":0.0300236456096,"dmean2":0.0482212118804,"dvar":0.000698160845786,"dvar2":0.0018532529939,"max":0.577428519726,"mean":0.240526527166,"median":0.235823825002,"min":0.00288458284922,"var":0.00367227406241},"melbands_kurtosis":{"dmean":4.80163145065,"dmean2":7.83789348602,"dvar":93.0209884644,"dvar2":213.353515625,"max":448.822906494,"mean":9.28078269958,"median":2.99631547928,"min":-1.75090885162,"var":880.245300293},"melbands_skewness":{"dmean":0.721085906029,"dmean2":1.17759215832,"dvar":0.474569052458,"dvar2":1.28635370731,"max":17.0630722046,"mean":2.13315558434,"median":1.86520636082,"min":-1.39751446247,"var":2.42957520485},"melbands_spread":{"dmean":6.50759458542,"dmean2":10.4972753525,"dvar":40.3169631958,"dvar2":104.630989075,"max":160.090881348,"mean":24.7299232483,"median":22.9085941315,"min":0.321647703648,"var":206.022537231},"mfcc":{"cov":[[7118.50634766,540.187194824,-1021.57128906,121.124046326,-443.609802246,107.556724548,-153.437744141,5.19031190872,-222.20602417,-83.7449798584,-97.6932144165,84.6043701172,-96.886680603],[540.187194824,832.194763184,-217.620376587,-6.46619558334,-36.4992828369,0.344182670116,49.6151199341,-42.6881217957,-14.7536888123,-14.8383760452,22.6194496155,-12.7750015259,25.2534313202],[-1021.57128906,-217.620376587,616.892333984,-142.481445312,130.828277588,-14.8342618942,-20.8863964081,-3.90354204178,29.0676460266,29.7298183441,-9.09465789795,-2.45018005371,-16.4545001984],[121.124046326,-6.46619558334,-142.481445312,257.746124268,-23.6549453735,18.0670185089,-4.72292041779,18.1749382019,3.84800767899,-5.48246145248,5.64567756653,-14.0253953934,3.28310656548],[-443.609802246,-36.4992828369,130.828277588,-23.6549453735,183.296768188,-8.57914352417,46.3254852295,4.98427343369,24.2151298523,9.1767539978,17.0347099304,-3.10078549385,8.69561004639],[107.556724548,0.344182670116,-14.8342618942,18.0670185089,-8.57914352417,141.656982422,20.6209259033,28.8718490601,1.18780016899,-1.65903973579,0.511941254139,12.3324356079,1.1876680851],[-153.437744141,49.6151199341,-20.8863964081,-4.72292041779,46.3254852295,20.6209259033,128.366119385,9.34935092926,24.5756607056,-7.52482843399,16.224697113,-0.450784146786,14.989030838],[5.19031190872,-42.6881217957,-3.90354204178,18.1749382019,4.98427343369,28.8718490601,9.34935092926,105.626014709,21.7348937988,12.3311271667,-8.64339351654,3.64948177338,2.46623063087],[-222.20602417,-14.7536888123,29.0676460266,3.84800767899,24.2151298523,1.18780016899,24.5756607056,21.7348937988,75.3981170654,18.9906101227,15.5396442413,-0.58133405447,10.1848325729],[-83.7449798584,-14.8383760452,29.7298183441,-5.48246145248,9.1767539978,-1.65903973579,-7.52482843399,12.3311271667,18.9906101227,76.1644821167,18.9459609985,20.2501602173,-5.54149675369],[-97.6932144165,22.6194496155,-9.09465789795,5.64567756653,17.0347099304,0.511941254139,16.224697113,-8.64339351654,15.5396442413,18.9459609985,70.3265304565,20.8409767151,14.8760519028],[84.6043701172,-12.7750015259,-2.45018005371,-14.0253953934,-3.10078549385,12.3324356079,-0.450784146786,3.64948177338,-0.58133405447,20.2501602173,20.8409767151,71.6876449585,11.2996549606],[-96.886680603,25.2534313202,-16.4545001984,3.28310656548,8.69561004639,1.1876680851,14.989030838,2.46623063087,10.1848325729,-5.54149675369,14.8760519028,11.2996549606,52.6681404114]],"icov":[[0.00023765937658,-0.0000944751809584,0.00033684403752,0.0000729729435989,0.000172296684468,-0.000122721074149,0.000208073994145,-0.00010365943308,0.000307739857817,0.000147559592733,0.000207857243367,-0.000413080531871,0.00048906635493],[-0.0000944751809584,0.00147535197902,0.000399379787268,0.000305150926579,0.0000264276113739,-0.0000275513848464,-0.000551697856281,0.000590719049796,0.0000996589296847,-0.000280664244201,-0.000390375294955,0.000731151143555,-0.000745245080907],[0.00033684403752,0.000399379787268,0.00306979357265,0.00139864895027,-0.00151029869448,-0.000428748928243,0.00122376473155,0.000263863621512,-0.000383058795705,-0.000352196308086,0.000767666555475,-0.000240598397795,0.00107022782322],[0.0000729729435989,0.000305150926579,0.00139864895027,0.00479637924582,-0.000215000764001,-0.000634738884401,0.000761755974963,-0.000566928298213,-0.000370557594579,0.0000423884048359,-0.00069431058364,0.00127745151985,-0.0000163769345818],[0.000172296684468,0.0000264276113739,-0.00151029869448,-0.000215000764001,0.00782294850796,0.000664881605189,-0.00275642680936,-0.000398390984628,-0.0000431604348705,-0.000188212536159,-0.00123513117433,0.000410889100749,-0.00040837173583],[-0.000122721074149,-0.0000275513848464,-0.000428748928243,-0.000634738884401,0.000664881605189,0.0080312024802,-0.00168366834987,-0.00212903134525,0.000493349798489,0.000568819406908,-0.000165920166182,-0.00140884844586,0.000294622994261],[0.000208073994145,-0.000551697856281,0.00122376473155,0.000761755974963,-0.00275642680936,-0.00168366834987,0.0105938129127,-0.000434002984548,-0.00264761713333,0.00203475658782,-0.00108907127287,-0.000100354198366,-0.000464201439172],[-0.00010365943308,0.000590719049796,0.000263863621512,-0.000566928298213,-0.000398390984628,-0.00212903134525,-0.000434002984548,0.0116401379928,-0.00329048582353,-0.0019779864233,0.00294607807882,-0.000286370515823,-0.00100639776792],[0.000307739857817,0.0000996589296847,-0.000383058795705,-0.000370557594579,-0.0000431604348705,0.000493349798489,-0.00264761713333,-0.00329048582353,0.0179483778775,-0.00377103337087,-0.00244964822195,0.00191237824038,-0.00226064794697],[0.000147559592733,-0.000280664244201,-0.000352196308086,0.0000423884048359,-0.000188212536159,0.000568819406908,0.00203475658782,-0.0019779864233,-0.00377103337087,0.0174189712852,-0.00382072385401,-0.00476832129061,0.00448928494006],[0.000207857243367,-0.000390375294955,0.000767666555475,-0.00069431058364,-0.00123513117433,-0.000165920166182,-0.00108907127287,0.00294607807882,-0.00244964822195,-0.00382072385401,0.0193230062723,-0.00466746464372,-0.00315235927701],[-0.000413080531871,0.000731151143555,-0.000240598397795,0.00127745151985,0.000410889100749,-0.00140884844586,-0.000100354198366,-0.000286370515823,0.00191237824038,-0.00476832129061,-0.00466746464372,0.018558030948,-0.00479407515377],[0.00048906635493,-0.000745245080907,0.00107022782322,-0.0000163769345818,-0.00040837173583,0.000294622994261,-0.000464201439172,-0.00100639776792,-0.00226064794697,0.00448928494006,-0.00315235927701,-0.00479407515377,0.0236476287246]],"mean":[-654.321533203,166.966949463,-37.7979812622,27.7121429443,0.837642550468,25.2295379639,16.1465473175,12.7859210968,-1.03540039062,3.04369902611,3.52131724358,8.96271896362,0.973655939102]},"pitch_salience":{"dmean":0.0757547914982,"dmean2":0.126917824149,"dvar":0.00432601291686,"dvar2":0.0124547472224,"max":0.848236918449,"mean":0.538766086102,"median":0.548689186573,"min":0.143449142575,"var":0.010539514944},"silence_rate_20dB":{"dmean":0,"dmean2":0,"dvar":0,"dvar2":0,"max":1,"mean":1,"median":1,"min":1,"var":0},"silence_rate_30dB":{"dmean":0.0196208115667,"dmean2":0.0392459481955,"dvar":0.019234618172,"dvar2":0.0487260967493,"max":1,"mean":0.984790027142,"median":1,"min":0,"var":0.0149778863415},"silence_rate_60dB":{"dmean":0.000881834188476,"dmean2":0.00176386290696,"dvar":0.000881229469087,"dvar2":0.00220149382949,"max":1,"mean":0.0328447036445,"median":0,"min":0,"var":0.0317639894783},"spectral_centroid":{"dmean":178.671203613,"dmean2":260.796325684,"dvar":39181.6367188,"dvar2":70113.5,"max":11656.9775391,"mean":1274.1373291,"median":1166.70703125,"min":116.140922546,"var":686420.6875},"spectral_complexity":{"dmean":3.59325385094,"dmean2":5.14166021347,"dvar":12.6974439621,"dvar2":20.8618927002,"max":60,"mean":23.806016922,"median":22,"min":0,"var":104.985450745},"spectral_contrast_coeffs":{"dmean":[0.0519177131355,0.0443057864904,0.0381370820105,0.0303564351052,0.0194079745561,0.0439928211272],"dmean2":[0.0864441618323,0.0731631442904,0.0624859966338,0.0507834330201,0.0320066697896,0.068254776299],"dvar":[0.00161825329997,0.00116754893679,0.000867523660418,0.000566787843127,0.000237452259171,0.00141499459278],"dvar2":[0.00448893243447,0.00316924741492,0.00233637867495,0.00157118833158,0.000621318875346,0.00330342608504],"max":[-0.395560413599,-0.513175070286,-0.552655279636,-0.58438539505,-0.681372761726,-0.420638203621],"mean":[-0.67346572876,-0.778592288494,-0.775545835495,-0.779886126518,-0.804319739342,-0.730637788773],"median":[-0.674067974091,-0.779994368553,-0.775384187698,-0.780340373516,-0.80378985405,-0.732127964497],"min":[-0.982364058495,-0.979233026505,-0.976096153259,-0.976989090443,-0.967208087444,-0.96456682682],"var":[0.00473612127826,0.00363864097744,0.00288728321902,0.00217654183507,0.00113491679076,0.00507689407095]},"spectral_contrast_valleys":{"dmean":[0.396676212549,0.345568537712,0.291864275932,0.255557358265,0.240972071886,0.628130495548],"dmean2":[0.643715620041,0.568111538887,0.468752920628,0.397923350334,0.342674672604,0.990304470062],"dvar":[0.115402989089,0.0999041125178,0.0815292969346,0.0738257393241,0.087195828557,0.287032037973],"dvar2":[0.265456855297,0.235732346773,0.178671583533,0.146270543337,0.147234767675,0.689816117287],"max":[-4.9468331337,-4.62366104126,-5.21907615662,-5.34614467621,-5.34137296677,-8.96806335449],"mean":[-6.87945318222,-6.7498216629,-6.75384569168,-7.1330780983,-7.51555633545,-11.2515115738],"median":[-6.68336248398,-6.56861209869,-6.51820755005,-6.92177343369,-7.34033346176,-11.0824203491],"min":[-28.3705711365,-27.9577789307,-28.0877666473,-27.6229858398,-27.455915451,-27.3755550385],"var":[2.70684623718,2.85567498207,2.92594742775,2.88158559799,2.80654788017,2.080940485]},"spectral_decrease":{"dmean":3.26538307505e-9,"dmean2":5.27768717618e-9,"dvar":1.95301809399e-17,"dvar2":4.99649085328e-17,"max":7.01012303761e-10,"mean":-7.8272455184e-9,"median":-6.49437259526e-9,"min":-4.79618265103e-8,"var":3.27334128844e-17},"spectral_energy":{"dmean":0.0131473615766,"dmean2":0.020786523819,"dvar":0.000302985834423,"dvar2":0.000756211753469,"max":0.225036472082,"mean":0.0395627915859,"median":0.0340546704829,"min":9.99278447052e-21,"var":0.000627900124528},"spectral_energyband_high":{"dmean":0.000227164055104,"dmean2":0.000309995666612,"dvar":1.81733156523e-7,"dvar2":3.67535221812e-7,"max":0.0148590616882,"mean":0.000630339607596,"median":0.000391516485251,"min":7.00090127548e-21,"var":5.40593759979e-7},"spectral_energyband_low":{"dmean":0.010581202805,"dmean2":0.0178113952279,"dvar":0.00023992091883,"dvar2":0.000647808599751,"max":0.139662727714,"mean":0.0178306829184,"median":0.0135513320565,"min":2.28441748813e-23,"var":0.00027103110915},"spectral_energyband_middle_high":{"dmean":0.00320005347021,"dmean2":0.00469431979582,"dvar":0.0000174850301846,"dvar2":0.0000369188346667,"max":0.0992618948221,"mean":0.0100950123742,"median":0.00771278329194,"min":1.19072315962e-21,"var":0.0000807036194601},"spectral_energyband_middle_low":{"dmean":0.00274472637102,"dmean2":0.00415362976491,"dvar":0.0000143131092045,"dvar2":0.0000320388026012,"max":0.0684456080198,"mean":0.00814854167402,"median":0.0055839442648,"min":1.73952260947e-22,"var":0.0000638658748358},"spectral_entropy":{"dmean":0.130650222301,"dmean2":0.198642730713,"dvar":0.0183279067278,"dvar2":0.0417111963034,"max":9.81953525543,"mean":7.53699398041,"median":7.55092525482,"min":5.7132730484,"var":0.0894120410085},"spectral_flux":{"dmean":0.0253063458949,"dmean2":0.040226239711,"dvar":0.000868429488037,"dvar2":0.00188806524966,"max":0.356073021889,"mean":0.102336339653,"median":0.0937962979078,"min":6.51480952518e-11,"var":0.00224991957657},"spectral_kurtosis":{"dmean":4.12766647339,"dmean2":6.36948204041,"dvar":19.9505195618,"dvar2":45.128200531,"max":84.3690643311,"mean":19.8579788208,"median":19.2076625824,"min":-1.25475168228,"var":50.2072525024},"spectral_rms":{"dmean":0.000949271779973,"dmean2":0.00147430296056,"dvar":0.00000109096572487,"dvar2":0.00000265998846771,"max":0.0148171447217,"mean":0.00589022831991,"median":0.00576403224841,"min":3.12234808321e-12,"var":0.00000390320383303},"spectral_rolloff":{"dmean":4501.30908203,"dmean2":8590.73339844,"dvar":52774072,"dvar2":127884368,"max":21985.4003906,"mean":6880.44042969,"median":2045.65429688,"min":64.599609375,"var":69207568},"spectral_skewness":{"dmean":0.292649060488,"dmean2":0.444610744715,"dvar":0.101134046912,"dvar2":0.218433499336,"max":6.95589828491,"mean":2.89354491234,"median":2.83574151993,"min":-0.0687739178538,"var":0.345434308052},"spectral_spread":{"dmean":416128.96875,"dmean2":642580.125,"dvar":372016218112,"dvar2":769561264128,"max":43061904,"mean":3660059.5,"median":3326737.75,"min":1585690.625,"var":7358682497020},"spectral_strongpeak":{"dmean":0.924682319164,"dmean2":1.70531260967,"dvar":19.989320755,"dvar2":56.8309860229,"max":76.6987686157,"mean":0.910957574844,"median":0.293453276157,"min":0,"var":13.9559812546},"zerocrossingrate":{"dmean":0.0282854884863,"dmean2":0.0370024181902,"dvar":0.000572224031202,"dvar2":0.000990693224594,"max":0.5263671875,"mean":0.214652106166,"median":0.208984375,"min":0.01953125,"var":0.00389511534013}},"metadata":{"audio_properties":{"analysis_sample_rate":44100,"bit_rate":192000,"codec":"mp3","downmix":"mix","equal_loudness":0,"length":210.651428223,"lossless":false,"md5_encoded":"faca476c02b39953890442220b83980a","replay_gain":1.33553123474,"sample_rate":44100},"tags":{"album":["Fables of the Reconstruction"],"artist":["R.E.M."],"date":["1985-06-10"],"file_name":"10 - R.E.M - Good Advices.mp3","musicbrainz_albumid":["5b10a6ba-66f0-4577-be99-2c53a0ecbcfc"],"musicbrainz_artistid":["ea4dfa26-f633-4da6-a52a-f49ea4897b58"],"musicbrainz_recordingid":["ac28edeb-b0b6-4fc3-a171-25edbeb5526f"],"title":["Good Advices"],"tracknumber":["10/11"]},"version":{"essentia":"2.1-beta1","essentia_build_sha":"5a811adb4c06fd6d02ca903f7349a26d851abfa8","essentia_git_sha":"v2.1_beta1-34-gf95df8b","extractor":"music 1.0"}},"rhythm":{"beats_count":396,"beats_loudness":{"dmean":0.0250899959356,"dmean2":0.0440931469202,"dvar":0.000453326181741,"dvar2":0.00141204730608,"max":0.170479282737,"mean":0.0558946989477,"median":0.0540936701,"min":8.89955309447e-9,"var":0.000719219271559},"beats_loudness_band_ratio":{"dmean":[0.20406062901,0.0622583329678,0.0524345971644,0.097156688571,0.0885234475136,0.0629692152143],"dmean2":[0.367241948843,0.113557040691,0.0948367714882,0.169608563185,0.171898558736,0.112490616739],"dvar":[0.0236444324255,0.00691910274327,0.00541634811088,0.00677137961611,0.00288618495688,0.00223847944289],"dvar2":[0.0717659145594,0.0203853286803,0.0152477733791,0.0194808971137,0.00894430093467,0.00667509622872],"max":[0.961411476135,0.59183961153,0.611756265163,0.562068521976,0.302066534758,0.310907959938],"mean":[0.484202682972,0.07212793082,0.0694294944406,0.180539757013,0.0840745046735,0.127757161856],"median":[0.476399838924,0.040381796658,0.0519124642015,0.166073054075,0.0722968876362,0.122705176473],"min":[0.0745500773191,0.00129242951516,0.000536684296094,0.000184786738828,0.000273823534371,0.0106115443632],"var":[0.0371387116611,0.0070834569633,0.00470758508891,0.00984