{"lowlevel":{"average_loudness":0.369997888803,"barkbands":{"dmean":[0.00167213182431,0.00463151652366,0.00148337217979,0.00110263598617,0.00193030806258,0.00122418964747,0.00074989249697,0.000587618967984,0.000734185974579,0.000543698144611,0.00027764076367,0.000229861965636,0.000186100543942,0.000109915607027,0.0000937931690714,0.000107667881821,0.00012939737644,0.000138774455991,0.000171941079316,0.000135859358124,0.0000866999762366,0.0000645610052743,0.0000564097244933,0.0000048937313295,0.00000148012009049,0.0000162670730788,0.00015957148571],"dmean2":[0.00281817046925,0.00789550691843,0.00247209635563,0.0018134182319,0.00305883679539,0.00191777246073,0.00117492349818,0.000944602244999,0.00118256732821,0.000877546961419,0.00044690942741,0.000372936367057,0.000301417516312,0.000177370733581,0.00014974817168,0.000172744810698,0.000203298259294,0.000205104777706,0.000252043450018,0.000193911619135,0.000121619348647,0.000092805174063,0.0000867926792125,0.00000797091797722,0.00000243899444285,0.0000248204923992,0.000216553191422],"dvar":[0.0000148596773215,0.000119268246635,0.00000661305239191,0.0000077220993262,0.0000209415411518,0.0000193918167497,0.00000457941678178,0.00000414016403738,0.00000524326924278,0.00000363798267244,5.4197226973e-7,3.39657105997e-7,2.30239663779e-7,8.7005162186e-8,7.96479397991e-8,1.04128432099e-7,2.10408543921e-7,4.07914910738e-7,0.00000112689133402,3.05512457999e-7,1.8658784029e-7,7.60238805242e-8,3.73325725889e-8,2.58281729337e-10,8.99664370779e-12,2.40464115286e-9,1.38436789143e-7],"dvar2":[0.0000388129919884,0.000326515990309,0.0000179127600859,0.0000208959427255,0.0000476656932733,0.0000451840023743,0.0000104303617263,0.0000102211888588,0.0000133512839966,0.00000939851361181,0.00000131741626319,8.44386306653e-7,5.57603584639e-7,2.07021813026e-7,1.8199197882e-7,2.47907877338e-7,4.62263187728e-7,8.32954412999e-7,0.00000232047887039,5.67519805372e-7,3.6908525658e-7,1.43610435543e-7,8.98623397916e-8,5.77796643864e-10,2.18978533223e-11,5.65735369662e-9,2.71902223403e-7],"max":[0.0938232243061,0.214973181486,0.0570371001959,0.148023873568,0.0937485843897,0.136230781674,0.067896425724,0.0626570060849,0.0930370539427,0.0760910883546,0.0229602493346,0.0180981606245,0.0165958926082,0.0104653630406,0.0204227846116,0.00941042229533,0.02499878034,0.0355467237532,0.0655577108264,0.0304396599531,0.0232867505401,0.0193533021957,0.00349649204873,0.00109068269376,0.0000770632032072,0.00130278256256,0.011551857926],"mean":[0.00188567349687,0.00567778851837,0.00201673712581,0.00148418243043,0.00285788998008,0.00164303858764,0.00118365243543,0.000839782645926,0.00113731983583,0.000804632087238,0.000412699737353,0.000356569158612,0.000283365428913,0.0001715181279,0.00013451972336,0.000142628647154,0.000181128125405,0.00020832825976,0.000269222306088,0.000210097816307,0.000139899741043,0.0000847703122417,0.0000597858524998,0.00000506654214405,0.00000150210280481,0.0000184132786671,0.000345382461092],"median":[0.000642548082396,0.00260951882228,0.000955930852797,0.000564383983146,0.000857978127897,0.000346439832356,0.000280218984699,0.000158454276971,0.000190116101294,0.000113458452688,0.0000701792014297,0.0000760424591135,0.0000593980803387,0.0000383417791454,0.0000265143826255,0.0000202376104426,0.0000316136065521,0.0000267723989964,0.0000374929222744,0.0000337527017109,0.0000156073692779,0.0000117587424029,0.00000808422282716,0.00000109778011392,4.68934047149e-7,0.00000371481678485,0.0000978519528871],"min":[2.21134514471e-24,1.92115634983e-24,7.97581318794e-25,3.36134775563e-24,9.15992860959e-24,1.57667562311e-23,1.15313912188e-23,4.2363664712e-24,2.4129336581e-23,2.12524791888e-23,1.69204463723e-23,2.67917232034e-23,6.04719186708e-23,5.05906911482e-23,4.59608033866e-23,3.91042768339e-23,5.96052634586e-23,1.18382185101e-22,1.2283821423e-22,2.3791322936e-22,1.91780290213e-22,2.57236257326e-22,4.34657057631e-22,6.78461424501e-22,8.6513560109e-22,1.3276876891e-21,1.91491968494e-21],"var":[0.0000166447553056,0.000103390120785,0.0000102615540527,0.0000093861899586,0.0000408262385463,0.0000296150265058,0.00000992627792584,0.00000730678539185,0.00000993860521703,0.00000609955532127,9.71929580373e-7,6.03888679507e-7,4.25702154416e-7,1.87487401604e-7,1.52896348027e-7,1.55591479256e-7,4.01391787364e-7,8.68036522661e-7,0.00000241429756898,7.51327036141e-7,4.6586765734e-7,1.42819416737e-7,3.68892258962e-8,3.82857273662e-10,9.96374510676e-12,2.68942357273e-9,4.71396532475e-7]},"barkbands_crest":{"dmean":3.09208703041,"dmean2":5.03741455078,"dvar":7.39081382751,"dvar2":18.6635227203,"max":25.5900611877,"mean":10.8764028549,"median":10.0671157837,"min":2.4215092659,"var":19.8211612701},"barkbands_flatness_db":{"dmean":0.0330854766071,"dmean2":0.0511560551822,"dvar":0.000924611347727,"dvar2":0.00221456424333,"max":0.472051173449,"mean":0.161512672901,"median":0.152934059501,"min":0.0324418619275,"var":0.00392300076783},"barkbands_kurtosis":{"dmean":9.4658575058,"dmean2":15.3554039001,"dvar":382.583862305,"dvar2":1026.39807129,"max":557.641784668,"mean":15.6237812042,"median":7.84620428085,"min":-1.86629056931,"var":662.616943359},"barkbands_skewness":{"dmean":0.911545455456,"dmean2":1.41437399387,"dvar":1.0604467392,"dvar2":2.55471515656,"max":15.9303617477,"mean":2.66856598854,"median":2.30473518372,"min":-2.49224615097,"var":3.64240837097},"barkbands_spread":{"dmean":7.53389549255,"dmean2":11.3858375549,"dvar":98.7789459229,"dvar2":208.574829102,"max":134.104400635,"mean":20.9647121429,"median":14.935333252,"min":0.294120848179,"var":380.215911865},"dissonance":{"dmean":0.0245006289333,"dmean2":0.0408907495439,"dvar":0.000694082293194,"dvar2":0.00186240125913,"max":0.500000238419,"mean":0.457459151745,"median":0.468183100224,"min":0.20799548924,"var":0.00144181028008},"dynamic_complexity":5.14834547043,"erbbands":{"dmean":[0.201652467251,0.834964692593,1.60559821129,2.74146056175,5.27435445786,6.14946889877,8.30529594421,10.4759893417,10.9214344025,11.6554346085,13.2371969223,16.4410686493,17.1744441986,13.8861589432,9.76722240448,8.9625082016,8.69194030762,5.514336586,4.95524597168,5.10212373734,5.74892568588,7.37944221497,7.63551902771,7.76427364349,9.57116031647,5.6790561676,3.98331332207,2.97806191444,2.00648355484,3.45878982544,0.851758420467,0.221419230103,0.0311478711665,0.0166807416826,0.010565794073,0.00713564641774,0.0309568811208,0.0606364272535,0.017137626186,0.00347048509866],"dmean2":[0.347361326218,1.4196190834,2.68777561188,4.47633695602,8.66212558746,9.84878253937,13.0872516632,16.458820343,16.9689388275,18.3100376129,21.2122573853,26.5081615448,27.437166214,22.3659076691,15.7120218277,14.4596347809,14.0148239136,8.75342082977,7.98484039307,8.16199302673,9.10655879974,11.4660415649,11.3863620758,11.2978277206,13.8613052368,7.70681905746,5.56058454514,4.2251830101,2.77209019661,5.28692150116,1.28080713749,0.347371041775,0.0504919476807,0.0274335276335,0.0173763502389,0.0115370443091,0.0470521077514,0.089523255825,0.0225796233863,0.00488563347608],"dvar":[0.24808844924,3.66967153549,7.58086490631,39.7434082031,183.443511963,260.032104492,591.052307129,1782.23535156,1519.70812988,1248.17443848,2451.62011719,2734.7980957,4577.64111328,1675.75927734,560.534790039,590.698913574,478.67300415,222.933883667,182.362319946,264.955657959,315.064453125,693.183166504,1138.93469238,2516.26611328,2087.59130859,594.862731934,349.94744873,291.824523926,117.351257324,148.164718628,6.37608289719,0.573560476303,0.00403168657795,0.0011446630815,0.000451469182735,0.000177642752533,0.00896271783859,0.0372532010078,0.00266943033785,0.0000484127813252],"dvar2":[0.685681402683,10.0219364166,20.6038360596,107.070770264,455.902770996,597.880187988,1353.61315918,4204.359375,3172.82861328,2871.86279297,6298.59960938,7104.46972656,11802.1132812,4061.18505859,1390.37353516,1466.30529785,1179.05493164,507.12902832,447.60446167,612.326538086,732.015258789,1541.69787598,2337.78613281,5556.52783203,4275.20068359,994.301025391,639.217163086,635.186828613,212.324462891,357.979187012,14.2196531296,1.19888389111,0.00884987134486,0.00278394739144,0.00109641870949,0.000412597088143,0.0202317275107,0.0845341458917,0.00473615620285,0.000101534831629],"max":[9.52286052704,34.9786987305,55.5302047729,317.095916748,359.971893311,382.627746582,671.77154541,1425.40222168,1380.08752441,1028.82653809,1518.41223145,2119.59155273,2593.50585938,1731.23535156,829.503967285,929.219543457,557.003417969,614.358703613,491.026153564,1201.09838867,762.115783691,1366.0177002,1752.99035645,3139.38330078,2444.68481445,1495.00256348,868.005554199,1011.96038818,865.736450195,297.197418213,100.841911316,50.6647338867,3.00619649887,0.874242722988,0.541440188885,0.305612802505,3.78153610229,6.74812889099,2.45328998566,0.204802110791],"mean":[0.231864601374,1.02065932751,2.24512243271,4.07206726074,7.38562202454,8.53811073303,11.7570524216,13.8299064636,16.4404354095,19.0449676514,20.2084083557,25.8318538666,26.0937042236,22.0223693848,16.6748924255,14.7717018127,13.8557090759,9.35998058319,7.45492362976,7.50743579865,7.98044681549,10.5170536041,11.5143985748,12.2581424713,14.3334970474,9.25895214081,6.69146203995,4.61485004425,2.85920786858,3.70339298248,0.978123486042,0.241534665227,0.033527392894,0.0170978773385,0.0109376348555,0.00809832569212,0.035146061331,0.0720799937844,0.0335133373737,0.0105383964255],"median":[0.0873077958822,0.478115767241,1.1230275631,1.81305754185,2.38060045242,2.33109045029,2.84640097618,2.66474533081,3.3114695549,4.56394863129,3.91366577148,4.46612644196,4.13266944885,3.82608175278,3.43416547775,3.30244088173,3.07024717331,2.26370453835,1.68635630608,1.41048145294,1.24664580822,1.83935689926,1.64268684387,1.42059910297,2.33904600143,1.40574622154,0.764360129833,0.526694834232,0.33991008997,0.435406386852,0.166430979967,0.0450788959861,0.010724760592,0.00555894710124,0.00358689017594,0.00300201610662,0.0068640075624,0.011870296672,0.00767147680745,0.00457417871803],"min":[1.07492130699e-22,4.83280424345e-22,2.45844439425e-21,1.04965116142e-20,1.61297569885e-20,3.02925204856e-20,6.90450177614e-20,1.34965955295e-19,1.01709753303e-19,1.79372952609e-19,1.62363405029e-19,5.18443410531e-19,5.31641439096e-19,7.10142879382e-19,1.22144436081e-18,1.45615241352e-18,2.33545698519e-18,2.54074170653e-18,3.03462726205e-18,3.9651618174e-18,3.27674757684e-18,4.20346634802e-18,6.25005221777e-18,6.77702210266e-18,7.83313818462e-18,9.96415313873e-18,7.64260540233e-18,9.61539394014e-18,1.05791503436e-17,1.00942835383e-17,1.11010061844e-17,1.23891464282e-17,1.0564244549e-17,8.18988133048e-18,6.59370523043e-18,4.4853558523e-18,2.42853961952e-18,7.77134479434e-19,2.68020787333e-19,2.60598275976e-20],"var":[0.205644220114,3.26859712601,11.1901063919,54.7910652161,298.316375732,449.954376221,1107.16906738,2559.40063477,3263.19018555,2754.86816406,4029.61914062,5214.58105469,7580.58398438,3132.74682617,1187.00195312,1030.39465332,909.752319336,547.636108398,289.476531982,450.431030273,514.508056641,1330.06762695,2436.12133789,4786.91748047,4482.33886719,1659.11474609,934.171020508,607.166137695,231.377410889,149.540969849,8.0783405304,0.908971071243,0.00556667661294,0.00126812024973,0.000506268057507,0.000228506018175,0.0113520920277,0.0452958457172,0.00842403899878,0.000252701895079]},"erbbands_crest":{"dmean":2.89147186279,"dmean2":4.66715288162,"dvar":7.5335521698,"dvar2":18.2361679077,"max":31.8971805573,"mean":9.25993251801,"median":8.11444568634,"min":2.26099944115,"var":21.4346637726},"erbbands_flatness_db":{"dmean":0.025417689234,"dmean2":0.0377852767706,"dvar":0.00052633631276,"dvar2":0.00111219577957,"max":0.35715380311,"mean":0.143633395433,"median":0.138703137636,"min":0.0337715670466,"var":0.00211707386188},"erbbands_kurtosis":{"dmean":1.67732918262,"dmean2":2.6077735424,"dvar":7.15181398392,"dvar2":16.4375362396,"max":101.052146912,"mean":1.83876204491,"median":0.593098759651,"min":-1.82106280327,"var":17.4344844818},"erbbands_skewness":{"dmean":0.464534491301,"dmean2":0.700370550156,"dvar":0.198545485735,"dvar2":0.42138338089,"max":7.79720258713,"mean":0.514998674393,"median":0.516954541206,"min":-4.8476600647,"var":1.05031478405},"erbbands_spread":{"dmean":9.90423774719,"dmean2":14.6894264221,"dvar":106.095214844,"dvar2":220.281951904,"max":130.872177124,"mean":34.3940391541,"median":30.8781547546,"min":1.18610501289,"var":373.937042236},"gfcc":{"cov":[[21226.2363281,571.91973877,-2050.16308594,-21.0050582886,49.008934021,-908.056213379,591.077331543,-670.684814453,97.4078903198,-381.014831543,-127.84210968,161.930587769,-323.725006104],[571.91973877,1238.72302246,250.260269165,-440.086395264,-71.887046814,-23.2829551697,-76.1575622559,-33.7216300964,-103.993560791,-30.947845459,44.7770462036,-170.604232788,118.208885193],[-2050.16308594,250.260269165,773.50012207,45.9369163513,-105.341842651,205.04510498,-191.303726196,127.612960815,-65.8926239014,57.1781349182,-0.481944203377,-83.055480957,48.2136802673],[-21.0050582886,-440.086395264,45.9369163513,500.150634766,147.120529175,-44.2059402466,78.0044631958,-14.1883659363,63.7523956299,-4.5391664505,-40.6605110168,74.6976165771,-79.7404251099],[49.008934021,-71.887046814,-105.341842651,147.120529175,262.801147461,18.7827148438,60.2563705444,-30.8492012024,35.9459762573,-14.5964508057,4.89290618896,19.4411525726,17.5071964264],[-908.056213379,-23.2829551697,205.04510498,-44.2059402466,18.7827148438,314.682403564,-45.041809082,95.4164352417,-33.9781150818,36.0407485962,11.7355308533,13.5091190338,38.554649353],[591.077331543,-76.1575622559,-191.303726196,78.0044631958,60.2563705444,-45.041809082,268.465667725,-48.1117134094,88.8688354492,-35.5173721313,-1.88661873341,65.4767227173,-76.6312713623],[-670.684814453,-33.7216300964,127.612960815,-14.1883659363,-30.8492012024,95.4164352417,-48.1117134094,186.217102051,11.5995969772,49.3393135071,18.8090934753,-33.5944824219,30.3300647736],[97.4078903198,-103.993560791,-65.8926239014,63.7523956299,35.9459762573,-33.9781150818,88.8688354492,11.5995969772,166.25869751,41.2584953308,4.37158107758,42.7398910522,-64.3484725952],[-381.014831543,-30.947845459,57.1781349182,-4.5391664505,-14.5964508057,36.0407485962,-35.5173721313,49.3393135071,41.2584953308,103.801681519,38.9617424011,-13.3413438797,14.4941291809],[-127.84210968,44.7770462036,-0.481944203377,-40.6605110168,4.89290618896,11.7355308533,-1.88661873341,18.8090934753,4.37158107758,38.9617424011,80.2617950439,24.9341983795,10.5061607361],[161.930587769,-170.604232788,-83.055480957,74.6976165771,19.4411525726,13.5091190338,65.4767227173,-33.5944824219,42.7398910522,-13.3413438797,24.9341983795,128.085250854,-16.6612491608],[-323.725006104,118.208885193,48.2136802673,-79.7404251099,17.5071964264,38.554649353,-76.6312713623,30.3300647736,-64.3484725952,14.4941291809,10.5061607361,-16.6612491608,149.078186035]],"icov":[[0.0000848846902954,-0.000196333305212,0.000338957092026,-0.000240097841015,0.000193205560208,-0.0000617412661086,0.0000773551655584,0.0000541597000847,-0.00000778943376645,0.0000537473097211,0.0000887403220986,-0.0000528080272488,0.000103237238363],[-0.000196333305212,0.00267511093989,-0.00212858407758,0.0023512148764,-0.000921385944821,0.000774091633502,-0.00107805291191,0.00113089254592,-0.000773488136474,0.00183817977086,-0.00246419152245,0.00269799563102,-0.00151509174611],[0.000338957092026,-0.00212858407758,0.00516283558682,-0.0045701796189,0.00404135556892,-0.00361391762272,0.00225191377103,0.000461876072222,-0.00194932462182,0.00183590967208,-0.00181652919855,0.00258220126852,-0.00077007006621],[-0.000240097841015,0.0023512148764,-0.0045701796189,0.00893260259181,-0.00725498376414,0.0053277942352,-0.00205022958107,-0.00252364668995,0.00496372301131,-0.00577420089394,0.00713479239494,-0.00690821697935,0.00423301104456],[0.000193205560208,-0.000921385944821,0.00404135556892,-0.00725498376414,0.0113860080019,-0.00608948431909,0.00093201524578,0.0043935389258,-0.00768418051302,0.00856708362699,-0.00942992046475,0.00939721427858,-0.00664948206395],[-0.0000617412661086,0.000774091633502,-0.00361391762272,0.0053277942352,-0.00608948431909,0.00886710081249,-0.00164305849466,-0.00464705331251,0.00672008143738,-0.00725563475862,0.00762445433065,-0.00870771706104,0.00388905080035],[0.0000773551655584,-0.00107805291191,0.00225191377103,-0.00205022958107,0.00093201524578,-0.00164305849466,0.00712589686736,0.000445304933237,-0.00363863795064,0.003368871985,-0.00154975801706,-0.000341467268299,0.00125861505512],[0.0000541597000847,0.00113089254592,0.000461876072222,-0.00252364668995,0.0043935389258,-0.00464705331251,0.000445304933237,0.0109381927177,-0.0065075061284,0.00494678411633,-0.00819966755807,0.00927168503404,-0.00526476418599],[-0.00000778943376645,-0.000773488136474,-0.00194932462182,0.00496372301131,-0.00768418051302,0.00672008143738,-0.00363863795064,-0.0065075061284,0.0196937285364,-0.0169096607715,0.0141243040562,-0.0143439276144,0.0100461039692],[0.0000537473097211,0.00183817977086,0.00183590967208,-0.00577420089394,0.00856708362699,-0.00725563475862,0.003368871985,0.00494678411633,-0.0169096607715,0.030522486195,-0.0225189235061,0.0178688801825,-0.0101099153981],[0.0000887403220986,-0.00246419152245,-0.00181652919855,0.00713479239494,-0.00942992046475,0.00762445433065,-0.00154975801706,-0.00819966755807,0.0141243040562,-0.0225189235061,0.03460771963,-0.0219658501446,0.00994978845119],[-0.0000528080272488,0.00269799563102,0.00258220126852,-0.00690821697935,0.00939721427858,-0.00870771706104,-0.000341467268299,0.00927168503404,-0.0143439276144,0.0178688801825,-0.0219658501446,0.0287799816579,-0.0108619127423],[0.000103237238363,-0.00151509174611,-0.00077007006621,0.00423301104456,-0.00664948206395,0.00388905080035,0.00125861505512,-0.00526476418599,0.0100461039692,-0.0101099153981,0.00994978845119,-0.0108619127423,0.0155439861119]],"mean":[-64.8466949463,97.4116592407,-74.6901016235,8.51117801666,-20.964925766,-20.0556316376,8.40525531769,-16.5514583588,-0.997931838036,-10.0198087692,-5.27794790268,-0.654115200043,-12.87479496]},"hfc":{"dmean":27.1933517456,"dmean2":42.0057754517,"dvar":1607.68725586,"dvar2":3876.85083008,"max":1059.41638184,"mean":87.6019592285,"median":53.1047973633,"min":1.07396101476e-16,"var":9871.82910156},"melbands":{"dmean":[0.00153898028657,0.000885126937646,0.000510694924742,0.00041414948646,0.000288629002171,0.000237257729168,0.000162507727509,0.000125750288134,0.000113497510029,0.000102930440335,0.00008720887854,0.0000598380647716,0.0000373532275262,0.000026079647796,0.0000232108723139,0.0000159479986905,0.0000104054015537,0.00000854052541399,0.00000719448053133,0.0000075215311881,0.000006811948424,0.00000792630180513,0.00000764755986893,0.00000674643797538,0.00000659770694256,0.00000711297752787,0.00000709714868208,0.0000033094668197,0.00000269607403425,0.00000214049191527,0.00000167375162619,0.00000115418708901,0.00000126314080262,0.00000219157232095,4.55339772998e-7,2.27278462717e-7,9.19810005939e-8,1.79694374935e-8,1.52225148042e-8,1.35326923001e-8],"dmean2":[0.00263230246492,0.00147908495273,0.00082838331582,0.000668053515255,0.000451063533546,0.000370540219592,0.000251885852776,0.000198020759854,0.000181869429071,0.000166257697856,0.000139557319926,0.000096773612313,0.0000601102838118,0.0000420106152887,0.0000376038369723,0.0000258730415226,0.0000166667141457,0.0000139407584356,0.0000115476323117,0.0000121923840197,0.0000109320717456,0.0000126635550259,0.0000116203309517,0.0000100487513919,0.00000991382785287,0.000010427932466,0.0000106250108729,0.00000458195563624,0.00000384020813726,0.00000309965548695,0.00000244533543992,0.00000161996717907,0.000001874594318,0.00000339642247127,6.86531734573e-7,3.50459600895e-7,1.50714370761e-7,2.96186239979e-8,2.51143426055e-8,2.23139640099e-8],"dvar":[0.0000140255606311,0.00000254330325333,0.0000012988390381,0.00000102790647816,6.84374811044e-7,8.62892818532e-7,2.99152901562e-7,1.42185143659e-7,1.79413021328e-7,9.77155920623e-8,1.1591458815e-7,3.14477581753e-8,9.01932573072e-9,4.13355483175e-9,4.04018640765e-9,1.66786839895e-9,8.49899595146e-10,5.57724588734e-10,5.73415648297e-10,5.11605591225e-10,4.94995822109e-10,8.18582479578e-10,1.08701325718e-9,1.00056396501e-9,2.12589235105e-9,2.07424144527e-9,8.98761953749e-10,2.5673113635e-10,1.56950799579e-10,1.19916479524e-10,1.06094091845e-10,4.28091589955e-11,2.5444864965e-11,6.73883240876e-11,1.80031402112e-12,5.86558416855e-13,1.15774875581e-13,1.3461431939e-15,9.74156710769e-16,7.59449846387e-16],"dvar2":[0.0000384727172786,0.00000687682950229,0.00000345335047314,0.00000244795546678,0.00000150368271079,0.00000198322914002,6.29244425454e-7,3.32994716246e-7,4.66923808062e-7,2.49896146443e-7,2.9822030001e-7,7.68037082821e-8,2.21574438797e-8,1.03013082509e-8,9.53523837666e-9,4.14176515307e-9,1.94838434275e-9,1.40334954768e-9,1.31447985829e-9,1.22817056525e-9,1.17254750354e-9,1.8712007499e-9,2.50615883601e-9,2.05790073871e-9,4.9970987348e-9,4.40637304422e-9,2.12000728084e-9,4.6247097818e-10,2.88486096123e-10,2.43838310654e-10,2.42712655529e-10,7.82437239999e-11,5.37015883151e-11,1.6595695651e-10,4.01434137667e-12,1.18379763457e-12,2.48796182224e-13,3.23946691886e-15,2.37445633258e-15,1.85078583623e-15],"max":[0.0727620869875,0.0367994196713,0.0549025796354,0.0240572020411,0.023492090404,0.029426407069,0.018962668255,0.011370241642,0.0129979448393,0.011499046348,0.0133459549397,0.00670965528116,0.00292870379053,0.00162489037029,0.00269424938597,0.00139217230026,0.0011537350947,0.000712158565875,0.00192860176321,0.000841993198264,0.00103094172664,0.00149650545791,0.00168024352752,0.00196489295922,0.00287661794573,0.00340349460021,0.0015123951016,0.00105188810267,0.000566727423575,0.000524630304426,0.000646563014016,0.000484742980916,0.000363190949429,0.000180246817763,0.0000551816738152,0.0000527134397998,0.0000216997177631,9.25090034798e-7,8.0944050751e-7,7.12309713435e-7],"mean":[0.00190148863476,0.00124748214148,0.000796974229161,0.000589300179854,0.000414009467931,0.000319189799484,0.00025009579258,0.000201183604077,0.000170663479366,0.000159862480359,0.000128717627376,0.0000905972410692,0.0000584318986512,0.0000418999770773,0.0000353962532245,0.0000251813999057,0.0000165180153999,0.0000120174954645,0.0000102440490082,0.0000101035293483,0.00000901320527191,0.0000107489049697,0.0000106572560981,0.00000993707453745,0.00000980227468972,0.0000105580556919,0.00000959148746915,0.00000532948888576,0.00000432377964898,0.00000332492095367,0.00000245307455771,0.00000162331502906,0.00000151525125602,0.00000223258484766,5.28358270913e-7,2.56153214195e-7,9.04220698317e-8,1.79337114048e-8,1.51810493065e-8,1.36252547023e-8],"median":[0.000821659341455,0.00067218975164,0.000367864558939,0.000180944538442,0.000101887766505,0.0000614052987657,0.0000541666704521,0.0000475214619655,0.0000299530856864,0.0000267433970293,0.0000187752903003,0.0000145010253618,0.0000107283967736,0.00000872310647537,0.00000756125700718,0.0000054195006669,0.00000368889368474,0.00000254151063928,0.00000195935740521,0.00000147070295498,0.00000131703768602,0.00000180283518603,0.00000172422051037,0.00000119806054499,0.00000105178082777,0.00000143891895732,0.00000159033277214,6.3530717398e-7,4.83459814404e-7,3.39197100629e-7,2.73379043847e-7,1.59407107958e-7,2.06948755022e-7,2.29154835552e-7,9.37570803217e-8,4.38755805021e-8,1.55618966602e-8,5.40144062811e-9,4.56534055004e-9,4.19844292665e-9],"min":[1.23460035022e-24,1.30138146876e-24,2.24147825078e-24,2.25961120476e-24,2.34888047973e-24,3.34996922593e-24,1.94080135296e-24,2.60477768827e-24,1.25586429314e-24,3.14647762505e-24,2.30749170905e-24,2.60391664659e-24,3.08245426563e-24,3.08500761116e-24,5.59234500321e-24,4.10801525204e-24,4.13746224634e-24,4.493950856e-24,2.97127023749e-24,3.72631267571e-24,2.79659789485e-24,3.21290819352e-24,5.31815075762e-24,5.4067635031e-24,4.70032515184e-24,4.63786511752e-24,5.54006995203e-24,4.40285556524e-24,5.06268209777e-24,4.61607046843e-24,4.12419005604e-24,5.35486473858e-24,4.06594332782e-24,5.67629163644e-24,5.71167125918e-24,6.2847538577e-24,7.82040650493e-24,6.44933943038e-24,6.81406295902e-24,6.17961605397e-24],"var":[0.000012100764252,0.00000310761811306,0.00000191932053895,0.00000178597088052,0.00000139400196986,0.00000133038702188,6.52478377106e-7,3.0920054428e-7,2.96724550708e-7,1.89227350234e-7,1.91268455296e-7,5.67726807787e-8,1.7119182516e-8,8.39465919e-9,6.84087453351e-9,3.28632743241e-9,2.01178895765e-9,7.82132025812e-10,9.83398362742e-10,7.87275411529e-10,7.63745344745e-10,1.39711808789e-9,2.0106363241e-9,2.06314321183e-9,3.53430507083e-9,3.99599953127e-9,1.476911482e-9,6.64179045096e-10,3.96346622189e-10,2.79248152379e-10,1.94929267172e-10,8.50904277594e-11,3.75249518958e-11,6.20787934946e-11,2.33677703923e-12,9.80133400656e-13,1.68034396076e-13,1.48921235264e-15,1.0638102778e-15,8.35245266183e-16]},"melbands_crest":{"dmean":4.30419826508,"dmean2":7.05938529968,"dvar":14.8572835922,"dvar2":37.3788871765,"max":39.5777511597,"mean":16.8139305115,"median":15.6494293213,"min":1.00073385239,"var":46.1190795898},"melbands_flatness_db":{"dmean":0.040651101619,"dmean2":0.0626712366939,"dvar":0.00131077913102,"dvar2":0.00311839114875,"max":0.627831697464,"mean":0.27592638135,"median":0.270694822073,"min":1.1648695164e-7,"var":0.00640517054126},"melbands_kurtosis":{"dmean":16.506685257,"dmean2":27.3402099609,"dvar":1725.90026855,"dvar2":4897.47753906,"max":1140.00439453,"mean":24.8978214264,"median":10.8245458603,"min":-1.88577210903,"var":2456.30029297},"melbands_skewness":{"dmean":1.15372896194,"dmean2":1.80416369438,"dvar":2.09988212585,"dvar2":5.19058275223,"max":31.1167049408,"mean":3.24621748924,"median":2.65667390823,"min":-2.48089408875,"var":6.3084692955},"melbands_spread":{"dmean":6.41632843018,"dmean2":9.84654426575,"dvar":124.224533081,"dvar2":246.440612793,"max":188.045303345,"mean":16.555229187,"median":10.7686014175,"min":0.151281297207,"var":465.074554443},"mfcc":{"cov":[[12443.9970703,765.904174805,-2093.10791016,773.724609375,-973.262145996,274.841766357,-368.913696289,347.588378906,-313.002593994,17.5287380219,-119.01953125,-98.2800445557,75.1338882446],[765.904174805,1598.40612793,214.931549072,-303.931152344,-49.7828674316,-142.318069458,85.3047027588,-160.216812134,-18.4283809662,-54.1914672852,8.9202747345,-67.813293457,-41.9141349792],[-2093.10791016,214.931549072,904.616333008,-197.865997314,210.037582397,-89.0965499878,78.1862640381,-97.1732177734,42.7890472412,15.1225738525,26.6836662292,4.61792850494,-28.9122085571],[773.724609375,-303.931152344,-197.865997314,573.509521484,-48.3619194031,108.930076599,-82.0329818726,93.4402084351,-26.8224372864,28.612039566,7.06533002853,4.08988189697,13.4220485687],[-973.262145996,-49.7828674316,210.037582397,-48.3619194031,332.84072876,-4.65730714798,74.1109771729,-62.3752555847,66.2085266113,-22.6709728241,0.939745903015,20.2149105072,-18.7489681244],[274.841766357,-142.318069458,-89.0965499878,108.930076599,-4.65730714798,234.431777954,-3.83529138565,102.73487854,-10.7896785736,19.3531703949,-27.405418396,12.3124303818,39.0953178406],[-368.913696289,85.3047027588,78.1862640381,-82.0329818726,74.1109771729,-3.83529138565,167.273132324,-7.53866147995,34.798374176,-28.5734672546,-5.84203290939,-8.67941188812,-4.64171409607],[347.588378906,-160.216812134,-97.1732177734,93.4402084351,-62.3752555847,102.73487854,-7.53866147995,205.96585083,-11.1919717789,43.3901023865,-8.6185874939,3.35173463821,54.0820541382],[-313.002593994,-18.4283809662,42.7890472412,-26.8224372864,66.2085266113,-10.7896785736,34.798374176,-11.1919717789,121.550308228,17.0119762421,12.0010900497,13.2590084076,-20.8046703339],[17.5287380219,-54.1914672852,15.1225738525,28.612039566,-22.6709728241,19.3531703949,-28.5734672546,43.3901023865,17.0119762421,104.558746338,46.4574737549,21.5277824402,15.6895933151],[-119.01953125,8.9202747345,26.6836662292,7.06533002853,0.939745903015,-27.405418396,-5.84203290939,-8.6185874939,12.0010900497,46.4574737549,100.526580811,39.6688041687,12.741019249],[-98.2800445557,-67.813293457,4.61792850494,4.08988189697,20.2149105072,12.3124303818,-8.67941188812,3.35173463821,13.2590084076,21.5277824402,39.6688041687,88.0746994019,28.0116882324],[75.1338882446,-41.9141349792,-28.9122085571,13.4220485687,-18.7489681244,39.0953178406,-4.64171409607,54.0820541382,-20.8046703339,15.6895933151,12.741019249,28.0116882324,95.5297012329]],"icov":[[0.000194991880562,-0.000197160145035,0.000380790123018,-0.000164492565091,0.00019104682724,-0.0000341869672411,0.000130821717903,-0.000124810700072,0.000165161094628,-0.000122091543744,0.000202663635719,-0.0000794937441242,0.0000792952778284],[-0.000197160145035,0.00100914132781,-0.00051982619334,0.000444981211331,0.00016832559777,0.0000661475496599,-0.000458993017673,0.00062024302315,-0.0000633005838608,0.00029025922413,-0.000549416814465,0.000690160959493,-0.000180041286512],[0.000380790123018,-0.00051982619334,0.00223881192505,-0.0000287359016511,-0.000563722045626,0.000241540095885,0.00000451455798611,-0.0000554553589609,0.000594099401496,-0.00108939013444,0.000402660109103,-0.0000784363946877,0.000253776088357],[-0.000164492565091,0.000444981211331,-0.0000287359016511,0.00247593340464,-0.000306670350255,-0.000742830394302,0.000768515921663,-0.000432855449617,0.00011838478531,0.000298742234008,-0.00101275218185,0.000534425431397,0.000449332292192],[0.00019104682724,0.00016832559777,-0.000563722045626,-0.000306670350255,0.00482179317623,-0.000709885265678,-0.00119249534328,0.00120195816271,-0.0016436179867,0.000881493440829,0.000320121034747,-0.000900526822079,0.0000131632068587],[-0.0000341869672411,0.0000661475496599,0.000241540095885,-0.000742830394302,-0.000709885265678,0.00637348694727,-0.000523262599017,-0.00219914922491,0.000457265792647,-0.00116673193406,0.00258839991875,-0.00130338559393,-0.000966532621533],[0.000130821717903,-0.000458993017673,0.00000451455798611,0.000768515921663,-0.00119249534328,-0.000523262599017,0.00821879412979,-0.00140624353662,-0.00190649775323,0.00281423935667,-0.00113103119656,0.00117274746299,-0.000305764115183],[-0.000124810700072,0.00062024302315,-0.0000554553589609,-0.000432855449617,0.00120195816271,-0.00219914922491,-0.00140624353662,0.0087470235303,-0.000395197595935,-0.00313571025617,0.00134461862035,0.00128588860389,-0.00359749072231],[0.000165161094628,-0.0000633005838608,0.000594099401496,0.00011838478531,-0.0016436179867,0.000457265792647,-0.00190649775323,-0.000395197595935,0.0109986886382,-0.00304712401703,0.000470578001114,-0.00183722062502,0.00299860863015],[-0.000122091543744,0.00029025922413,-0.00108939013444,0.000298742234008,0.000881493440829,-0.00116673193406,0.00281423935667,-0.00313571025617,-0.00304712401703,0.0160544272512,-0.00755768362433,0.000427668477641,-0.00000363024241778],[0.000202663635719,-0.000549416814465,0.000402660109103,-0.00101275218185,0.000320121034747,0.00258839991875,-0.00113103119656,0.00134461862035,0.000470578001114,-0.00755768362433,0.0170176085085,-0.00633348943666,-0.00101774639916],[-0.0000794937441242,0.000690160959493,-0.0000784363946877,0.000534425431397,-0.000900526822079,-0.00130338559393,0.00117274746299,0.00128588860389,-0.00183722062502,0.000427668477641,-0.00633348943666,0.016710722819,-0.00457346206531],[0.0000792952778284,-0.000180041286512,0.000253776088357,0.000449332292192,0.0000131632068587,-0.000966532621533,-0.000305764115183,-0.00359749072231,0.00299860863015,-0.00000363024241778,-0.00101774639916,-0.00457346206531,0.0148906139657]],"mean":[-727.08795166,156.323989868,0.914425373077,42.365447998,-9.84496021271,16.3196220398,1.1497733593,13.1716127396,-2.9373793602,6.10011005402,2.78674840927,0.0903859511018,4.2190694809]},"pitch_salience":{"dmean":0.0839234143496,"dmean2":0.136712372303,"dvar":0.00572425313294,"dvar2":0.014681853354,"max":0.996087133884,"mean":0.54002058506,"median":0.562335848808,"min":0.0332046225667,"var":0.0181776415557},"silence_rate_20dB":{"dmean":0,"dmean2":0,"dvar":0,"dvar2":0,"max":1,"mean":1,"median":1,"min":1,"var":0},"silence_rate_30dB":{"dmean":0.0139965694398,"dmean2":0.0279950592667,"dvar":0.0138014769182,"dvar2":0.034075524658,"max":1,"mean":0.98607301712,"median":1,"min":0,"var":0.0137340910733},"silence_rate_60dB":{"dmean":0.0215437393636,"dmean2":0.0430904366076,"dvar":0.021077176556,"dvar2":0.0500164367259,"max":1,"mean":0.0840422585607,"median":0,"min":0,"var":0.0769755318761},"spectral_centroid":{"dmean":269.796478271,"dmean2":392.045562744,"dvar":120507.765625,"dvar2":215695.8125,"max":11499.8027344,"mean":1096.18933105,"median":833.71496582,"min":157.123184204,"var":868821},"spectral_complexity":{"dmean":3.17433953285,"dmean2":4.62261581421,"dvar":17.1003170013,"dvar2":31.7735710144,"max":60,"mean":12.8769893646,"median":10,"min":0,"var":108.166664124},"spectral_contrast_coeffs":{"dmean":[0.0543626435101,0.0484887734056,0.0389931052923,0.0299896802753,0.0247041247785,0.0514559447765],"dmean2":[0.088757969439,0.0796396881342,0.0640013515949,0.0485131144524,0.0384342744946,0.0779532715678],"dvar":[0.00199969322421,0.00150892743841,0.00101007777266,0.000598869344685,0.000457990157884,0.00211757281795],"dvar2":[0.00518125388771,0.00398173928261,0.00262530031614,0.00148809584789,0.00105787778739,0.00468151690438],"max":[-0.344308316708,-0.381344795227,-0.491888582706,-0.604327082634,-0.592556834221,-0.336347192526],"mean":[-0.69642084837,-0.775517165661,-0.801074028015,-0.828954279423,-0.82907563448,-0.7325963974],"median":[-0.700298905373,-0.781336009502,-0.805354893208,-0.830641627312,-0.825229048729,-0.741225719452],"min":[-0.977167785168,-0.994567990303,-0.99648052454,-0.98702698946,-0.987891674042,-0.964457929134],"var":[0.0081848949194,0.00495320884511,0.00422740262002,0.00273335003294,0.00260539422743,0.00991728249937]},"spectral_contrast_valleys":{"dmean":[0.416797399521,0.393551498652,0.373547673225,0.386165708303,0.385653942823,0.675085008144],"dmean2":[0.675944507122,0.630707859993,0.584302783012,0.58778578043,0.541951954365,1.06432008743],"dvar":[0.131635904312,0.119488187134,0.125701889396,0.155391842127,0.166238069534,0.313792824745],"dvar2":[0.302525311708,0.274246782064,0.272051513195,0.331528514624,0.344507157803,0.820395410061],"max":[-5.13892030716,-4.60400676727,-5.07358121872,-5.64351654053,-4.86516284943,-8.85820484161],"mean":[-7.23421764374,-7.06203937531,-7.71927690506,-8.3551530838,-8.25067710876,-11.6780948639],"median":[-6.97588920593,-6.84246349335,-7.48748636246,-8.13350582123,-8.01758670807,-11.5030612946],"min":[-27.9666843414,-27.9072151184,-27.7185115814,-27.7911739349,-27.5087490082,-27.3755016327],"var":[2.76951646805,2.93855214119,3.01186227798,2.84869170189,2.98401403427,1.98983383179]},"spectral_decrease":{"dmean":2.4990904901e-9,"dmean2":4.02962152535e-9,"dvar":1.72206496563e-17,"dvar2":4.44734880566e-17,"max":2.79707745854e-9,"mean":-4.7274264503e-9,"median":-2.99119395919e-9,"min":-6.63860859618e-8,"var":2.95933922657e-17},"spectral_energy":{"dmean":0.0101126786321,"dmean2":0.0160064380616,"dvar":0.000261747045442,"dvar2":0.000664776773192,"max":0.267063051462,"mean":0.0257882103324,"median":0.0175149962306,"min":9.92752202045e-21,"var":0.000675774877891},"spectral_energyband_high":{"dmean":0.000378414784791,"dmean2":0.00050371803809,"dvar":0.00000128419753764,"dvar2":0.00000211387396121,"max":0.0558412931859,"mean":0.000669189961627,"median":0.000153339322424,"min":7.06556757389e-21,"var":0.00000385810835724},"spectral_energyband_low":{"dmean":0.00656381901354,"dmean2":0.0109802214429,"dvar":0.000179750044481,"dvar2":0.000484388816403,"max":0.243103444576,"mean":0.00983013492078,"median":0.00574860069901,"min":2.07486921043e-23,"var":0.000184862889},"spectral_energyband_middle_high":{"dmean":0.00131785648409,"dmean2":0.0019376964774,"dvar":0.00000812989037513,"dvar2":0.0000170337407326,"max":0.098555624485,"mean":0.00294490694068,"median":0.000901972758584,"min":1.2271538417e-21,"var":0.0000273439109151},"spectral_energyband_middle_low":{"dmean":0.00428566057235,"dmean2":0.00662446767092,"dvar":0.0000691443638061,"dvar2":0.000160654846695,"max":0.188385203481,"mean":0.00942053552717,"median":0.00391083210707,"min":1.48649225556e-22,"var":0.000205428979825},"spectral_entropy":{"dmean":0.235185340047,"dmean2":0.349409967661,"dvar":0.0582818537951,"dvar2":0.127719655633,"max":9.82323646545,"mean":7.35807275772,"median":7.44735431671,"min":4.30257463455,"var":0.285623967648},"spectral_flux":{"dmean":0.0236148536205,"dmean2":0.0382100567222,"dvar":0.000916769320611,"dvar2":0.00204218202271,"max":0.435476452112,"mean":0.0843773633242,"median":0.0728076696396,"min":6.41483047237e-11,"var":0.00286403927021},"spectral_kurtosis":{"dmean":4.68095397949,"dmean2":7.06478643417,"dvar":46.5476722717,"dvar2":113.542274475,"max":136.851959229,"mean":15.3117389679,"median":13.0667705536,"min":-1.26825833321,"var":89.7542572021},"spectral_rms":{"dmean":0.000882550666574,"dmean2":0.00135596550535,"dvar":0.00000114058116196,"dvar2":0.00000271123258244,"max":0.0161415394396,"mean":0.00444249808788,"median":0.00413373950869,"min":3.11213554927e-12,"var":0.00000542322459296},"spectral_rolloff":{"dmean":4627.00537109,"dmean2":8818.66308594,"dvar":58431416,"dvar2":137143152,"max":22006.9335938,"mean":10443.0058594,"median":4425.07324219,"min":21.533203125,"var":97680608},"spectral_skewness":{"dmean":0.435380071402,"dmean2":0.626258730888,"dvar":0.270078390837,"dvar2":0.611100435257,"max":9.524310112,"mean":2.5981771946,"median":2.44308853149,"min":-0.0554751381278,"var":0.881089508533},"spectral_spread":{"dmean":563403.5625,"dmean2":855098.875,"dvar":365058916352,"dvar2":769893597184,"max":43071860,"mean":4313377.5,"median":4156056.75,"min":1059386.5,"var":4515187130370},"spectral_strongpeak":{"dmean":2.03830528259,"dmean2":3.74832129478,"dvar":69.3791503906,"dvar2":183.057144165,"max":136.511047363,"mean":1.87840998173,"median":0.197195202112,"min":0,"var":68.0146636963},"zerocrossingrate":{"dmean":0.040965039283,"dmean2":0.0518107824028,"dvar":0.00123683887068,"dvar2":0.00190500251483,"max":0.744140625,"mean":0.243142515421,"median":0.23486328125,"min":0.005859375,"var":0.0104455621913}},"metadata":{"audio_properties":{"analysis_sample_rate":44100,"bit_rate":143554,"codec":"mp3","downmix":"mix","equal_loudness":0,"length":338.417388916,"lossless":false,"md5_encoded":"2a1e05c105f10e7ab513db167e28ed6e","replay_gain":-5.12925720215,"sample_rate":44100},"tags":{"album":["Brand New Day"],"albumartist":["Sting"],"albumartistsort":["Sting"],"artist":["Sting"],"artistsort":["Sting"],"barcode":["606949045128"],"catalognumber":["490 451 2"],"date":["1999-09-27"],"discnumber":["1/1"],"file_name":"08-Fill Her Up.mp3","genre":["Rock"],"isrc":["USIR19902525"],"label":["A&M Records"],"language":["eng"],"length":["338000"],"media":["CD"],"musicbrainz album release country":["DE"],"musicbrainz album status":["official"],"musicbrainz album type":["album"],"musicbrainz_albumartistid":["7944ed53-2a58-4035-9b93-140a71e41c34"],"musicbrainz_albumid":["970e186a-6293-37e7-937d-70e1347e07ca"],"musicbrainz_artistid":["7944ed53-2a58-4035-9b93-140a71e41c34"],"musicbrainz_recordingid":["ac3846c9-b268-413b-92b1-4d803fbb0039"],"originaldate":["1999-09-27"],"script":["Latn"],"title":["Fill Her Up"],"tracknumber":["8/10"]},"version":{"essentia":"2.1-beta1","essentia_build_sha":"ca57ba49d9b1854bd80e60cf9ccf267278fb7d6b","essentia_git_sha":"v2.1_beta1-28-g21ef5f4-dirty","extractor":"music 1.0"}},"rhythm":{"beats_count":567,"beats_loudness":{"dmean":0.0147471362725,"dmean2":0.0248857904226,"dvar":0.000270897289738,"dvar2":0.000750577135477,"max":0.151553437114,"mean":0.0302299782634,"median":0.0251903254539,"min":1.22559551397e-9,"var":0.000595904770307},"beats_loudness_band_ratio":{"dmean":[0.208788022399,0.111324645579,0.0814031586051,0.0535369254649,0.0247101653367,0.112696930766],"dmean2":[0.349899291992,0.19273494184,0.140006646514,0.0964729264379,0.0434226877987,0.19181253016],"dvar":[0.0264285244048,0.0140527840704,0.0106971673667,0.00579935032874,0.00205820472911,0.00920635834336],"dvar2":[0.074430443346