{"lowlevel":{"average_loudness":0.879236519337,"barkbands":{"dmean":[0.000421339907916,0.00140641513281,0.00145724276081,0.000897874939255,0.0014181972947,0.000543041038327,0.000472829240607,0.000912698276807,0.000690588494763,0.000806176452897,0.000515007646754,0.000413657107856,0.000357244804036,0.000361135054845,0.000259467051364,0.000200396418222,0.000226937292609,0.00022062145581,0.000128063737066,0.0000648622590234,0.0000350846275978,0.0000348965259036,0.0000379511111532,0.0000216298285522,0.0000148331455421,0.00000663985656502,5.54087250748e-7],"dmean2":[0.000606669054832,0.00213890918531,0.00241558044218,0.00151222990826,0.00229897350073,0.000870451098308,0.000751590356231,0.00138780171983,0.00106199050788,0.00118845771067,0.000789289770182,0.000623636005912,0.000542678753845,0.000565313559491,0.000412326568039,0.000314735720167,0.00035531228059,0.000336774915922,0.000188609585166,0.0000970545734162,0.000053924308304,0.0000514921594004,0.0000549119322386,0.0000300536266877,0.0000192687621166,0.00000811220797914,7.00848715951e-7],"dvar":[6.0858070583e-7,0.0000081573098214,0.00000789553632785,0.00000241376665144,0.00000616096849626,0.00000108712811198,8.84347173269e-7,0.00000441227120973,0.0000023721593152,0.00000467397831017,0.00000170437147062,0.00000189403181139,8.94614856861e-7,6.53333245282e-7,3.44801748042e-7,1.8209871655e-7,1.51781051727e-7,3.4489298173e-7,6.87127297283e-8,1.84942869907e-8,6.00034022469e-9,5.16274978324e-9,5.766877198e-9,2.22630136548e-9,8.50514492168e-10,2.21768700626e-10,1.98348976133e-12],"dvar2":[0.00000135200912155,0.000017038992155,0.0000209375957638,0.00000661823014525,0.0000161591524375,0.000002700192681,0.00000213782982428,0.0000101056457424,0.00000553999052499,0.0000111881972771,0.00000404997399528,0.00000446622152595,0.00000203921786124,0.00000160075785516,8.31218017083e-7,4.41093334302e-7,3.67049210581e-7,8.63073978508e-7,1.37759670338e-7,3.94722867725e-8,1.46803538215e-8,1.14552642927e-8,1.26720722804e-8,4.5647126079e-9,1.50314771741e-9,3.38582356596e-10,3.29685996385e-12],"max":[0.0115478085354,0.0264122430235,0.0391369089484,0.0236232429743,0.0421327464283,0.0261420793831,0.0193493030965,0.039723277092,0.0375581793487,0.0527670606971,0.0305758211762,0.0387585684657,0.0337151475251,0.0250923652202,0.0175853725523,0.0096701066941,0.00575176021084,0.0210144463927,0.00738329160959,0.00316764041781,0.00209588930011,0.0010302439332,0.00157874531578,0.00167034787592,0.0006562761846,0.000282145832898,0.0000396487266698],"mean":[0.000589431030676,0.0016852869885,0.00253593013622,0.00153618573677,0.0026267641224,0.000894067634363,0.000693796260748,0.00145598768722,0.00123660941608,0.00144353008363,0.000871775730047,0.00068069761619,0.000607806316111,0.000574552163016,0.000452890759334,0.000370536203263,0.000449116749223,0.000461687101051,0.000268562347628,0.000110625849629,0.0000660820733174,0.0000680402299622,0.0000802960639703,0.0000456159650639,0.0000302089483739,0.0000112938287202,8.6881760808e-7],"median":[0.000188114048797,0.000392106885556,0.000588941155002,0.000901270075701,0.00187948858365,0.000474035710795,0.000312216812745,0.000428543542512,0.000453271524748,0.000448858336313,0.000236644060351,0.000154651454068,0.000172466476215,0.000165463134181,0.000144420788274,0.000120579832583,0.000157955626491,0.0000922551844269,0.0000764025899116,0.0000415224567405,0.0000220366055146,0.0000210598445847,0.0000228981152759,0.0000103720831248,0.00000657120972392,0.00000170260204868,1.12988288947e-7],"min":[6.61299533049e-25,5.37768766786e-24,6.52768100966e-25,7.73333460201e-25,1.2737224277e-23,1.39395003614e-23,1.30051616723e-23,8.78901804487e-24,1.25072697454e-23,1.54428672984e-23,1.445667126e-23,3.22525844208e-23,2.57762777804e-23,3.72890889583e-23,4.22008430323e-23,6.32592797933e-23,4.22344074861e-23,9.99227137014e-23,1.14347597022e-22,1.7395968255e-22,2.61606319549e-22,2.86641937403e-22,4.15331202387e-22,6.51117965669e-22,8.2595574507e-22,1.33487614308e-21,1.77322946212e-21],"var":[9.7455483683e-7,0.000010663528883,0.0000131064125526,0.00000370414022655,0.0000099178387245,0.00000184236796485,0.00000133357843879,0.00000920658385439,0.00000486058934257,0.0000110097107608,0.00000379366338166,0.00000411118753618,0.00000181715927283,0.00000132764353111,7.66159644172e-7,4.70001708663e-7,4.34324277876e-7,9.77427362159e-7,2.61736317952e-7,3.77255773287e-8,1.18081402434e-8,1.30201636139e-8,1.88964399683e-8,8.05881583688e-9,3.10605363651e-9,6.19571671745e-10,4.8031088655e-12]},"barkbands_crest":{"dmean":2.07764387131,"dmean2":3.31015896797,"dvar":4.00898885727,"dvar2":9.71900081635,"max":26.91381073,"mean":8.86518192291,"median":8.01985549927,"min":2.29676795006,"var":15.7717456818},"barkbands_flatness_db":{"dmean":0.0212504100055,"dmean2":0.0294611826539,"dvar":0.000635184871498,"dvar2":0.00123453652486,"max":0.667868256569,"mean":0.142490193248,"median":0.125829190016,"min":0.0295567288995,"var":0.00430427538231},"barkbands_kurtosis":{"dmean":5.49703216553,"dmean2":9.2647485733,"dvar":30465.2832031,"dvar2":87879.6015625,"max":11584.4755859,"mean":6.7197098732,"median":1.34387350082,"min":-1.88485181332,"var":17449.4121094},"barkbands_skewness":{"dmean":0.488693773746,"dmean2":0.719848155975,"dvar":2.09898257256,"dvar2":5.33858680725,"max":102.933326721,"mean":1.34708142281,"median":1.07630586624,"min":-5.43667316437,"var":3.81954932213},"barkbands_spread":{"dmean":4.29589366913,"dmean2":6.29286670685,"dvar":30.3428630829,"dvar2":62.6681137085,"max":130.02520752,"mean":18.2689361572,"median":17.1744556427,"min":0.0420944355428,"var":119.282577515},"dissonance":{"dmean":0.0225270930678,"dmean2":0.0371189266443,"dvar":0.000558854662813,"dvar2":0.00144293427002,"max":0.5,"mean":0.453886508942,"median":0.464079648256,"min":0.180442899466,"var":0.00139217579272},"dynamic_complexity":4.16365337372,"erbbands":{"dmean":[0.0543373525143,0.313331514597,1.26098394394,2.68151116371,3.63043618202,5.16001462936,5.16795063019,4.54324483871,6.01618099213,12.384803772,18.9784374237,15.4280643463,20.784740448,22.1479644775,19.7095355988,18.2764797211,15.5632839203,20.065984726,13.774023056,9.76506996155,9.95979309082,10.6052484512,12.6572809219,7.80642843246,5.51880121231,2.82678580284,1.71123290062,1.2753084898,1.26181256771,1.2915186882,1.052947402,0.576435506344,0.316005557775,0.175492420793,0.109966881573,0.0427850373089,0.00967773701996,0.00122478511184,0.000100429308077,0.0000102959311334],"dmean2":[0.0815528035164,0.493842452765,2.10667991638,4.38389635086,5.99244976044,8.38465023041,8.252825737,7.34781646729,9.66480731964,19.1141262054,29.1191196442,24.0168132782,30.3424339294,33.5773239136,29.8813343048,27.2455101013,23.4536895752,31.4927806854,21.7947597504,15.1539897919,15.3640298843,16.2649669647,19.2010555267,11.4788780212,8.15770816803,4.21746301651,2.62282919884,1.92963540554,1.88610684872,1.90581738949,1.54251694679,0.834723174572,0.434346169233,0.233996331692,0.146904557943,0.0536846257746,0.0117933508009,0.00149447529111,0.000123020843603,0.0000129148156702],"dvar":[0.0135813839734,0.414822012186,5.86604118347,21.1397476196,50.7254180908,83.4805221558,116.671066284,70.8297653198,135.10168457,728.54510498,2800.56054688,974.111816406,1951.25012207,6218.20410156,2564.96850586,4015.7746582,1317.30224609,2224.52734375,940.362304688,368.797454834,337.276519775,350.875549316,968.44128418,273.73046875,132.06350708,35.8030166626,12.7718048096,8.0938873291,6.90207290649,7.3331656456,4.49218797684,1.66493737698,0.463448673487,0.134364962578,0.0468600392342,0.00865038484335,0.000482397183077,0.00000905183969735,6.50980993555e-8,2.40406777818e-10],"dvar2":[0.0297079291195,0.968878865242,15.5621604919,55.3777923584,139.717102051,220.890213013,290.632202148,179.079147339,332.358276367,1696.17980957,6544.76416016,2355.03686523,4359.62304688,15519.3320312,6148.78369141,9539.37109375,2975.42333984,5467.31591797,2349.30175781,855.792907715,781.415893555,838.41027832,2407.94555664,574.012451172,276.481872559,78.1539993286,31.105846405,19.6134586334,15.3974723816,16.7707996368,10.0142383575,3.62460660934,0.947598695755,0.25427249074,0.0843760222197,0.0140408752486,0.000731203588657,0.0000143640572787,1.03821300002e-7,4.11632367081e-10],"max":[0.912438809872,7.12234783173,31.342830658,57.3984680176,111.805328369,143.001525879,263.804840088,163.119781494,269.272674561,628.593139648,1113.77990723,542.072509766,997.050170898,2111.37841797,1305.04174805,1989.5369873,1131.25341797,1446.00048828,798.582885742,480.324249268,398.438934326,281.971954346,883.555053711,615.302001953,321.416656494,96.1952896118,50.8824119568,91.4780578613,42.7125244141,64.0573730469,38.6401405334,43.7204780579,19.6983280182,9.05547046661,4.05356645584,1.7574532032,0.533836901188,0.0783982425928,0.00708381738514,0.000308474962367],"mean":[0.0544504188001,0.379740804434,2.11784911156,4.99417257309,6.54785919189,8.88608074188,8.58482933044,7.41856193542,9.14950752258,20.6177635193,31.6613388062,28.9641437531,39.5291786194,40.3947639465,36.5683403015,32.2024536133,29.5211009979,33.8525352478,25.0320968628,19.6031455994,20.6408786774,22.8101005554,26.981054306,18.0310649872,10.9871149063,5.1427321434,3.10813832283,2.45129942894,2.46922898293,2.5484058857,2.13885068893,1.18812441826,0.667286276817,0.362363368273,0.207595333457,0.0742240175605,0.0163990911096,0.00202453881502,0.000167001504451,0.0000302829521388],"median":[0.00781198870391,0.133500352502,0.753305792809,2.79642772675,4.92995071411,5.09014081955,4.31226587296,4.08806228638,4.7704668045,8.33928489685,8.21964645386,11.4986448288,15.2220020294,10.084728241,11.482460022,8.63511276245,9.51130199432,9.68023586273,8.4716129303,7.60704421997,8.8143196106,8.02691459656,6.22308111191,4.29107666016,3.5633149147,2.07266736031,1.12433171272,0.827439963818,0.735313296318,0.737895846367,0.606471776962,0.295816838741,0.13937266171,0.0769792795181,0.044528696686,0.0128748631105,0.00217205379158,0.000245139555773,0.0000322055784636,0.0000218668610614],"min":[8.68197277548e-23,8.89014584774e-22,1.49038125147e-21,3.55022930072e-21,9.85027676061e-21,4.37652085567e-20,4.60129846296e-20,1.04573730465e-19,1.43494329582e-19,2.42442605034e-19,1.68342163099e-19,3.86980397109e-19,6.27183746677e-19,6.31231348209e-19,7.17752785921e-19,1.46687763734e-18,1.95736658247e-18,1.80437270394e-18,3.34232521503e-18,2.52381552325e-18,3.6164927815e-18,3.95211097528e-18,4.77955132255e-18,5.83196577127e-18,8.808513167e-18,8.24343796642e-18,8.8339547611e-18,1.01217326998e-17,9.64630898835e-18,1.0319565351e-17,1.11008639093e-17,1.04000235548e-17,1.08426263939e-17,7.36063193922e-18,6.29478655889e-18,3.57642125749e-18,2.5241248888e-18,9.10252190123e-19,2.46929025881e-19,2.41935869667e-20],"var":[0.0153232766315,0.480099648237,8.51538181305,36.4666061401,61.1080780029,142.624938965,204.050872803,107.255233765,191.188217163,1456.73083496,6079.27392578,2138.94726562,4979.72460938,15920.6708984,6269.54443359,8542.36035156,3289.85351562,5026.55761719,1963.46044922,1149.39880371,966.991455078,1119.82336426,2831.2175293,1276.82104492,396.857666016,73.2895050049,25.0034942627,16.1308116913,18.0002346039,20.5207080841,12.9566087723,5.02377128601,1.77576649189,0.484654247761,0.14738047123,0.0240604076535,0.00137336424086,0.0000237206204474,1.6348278109e-7,9.09887776235e-10]},"erbbands_crest":{"dmean":2.16073608398,"dmean2":3.43599081039,"dvar":5.24783277512,"dvar2":12.6922521591,"max":34.1294898987,"mean":8.54349422455,"median":7.43201494217,"min":2.28416228294,"var":18.3154315948},"erbbands_flatness_db":{"dmean":0.0193364098668,"dmean2":0.0247238352895,"dvar":0.000396105984692,"dvar2":0.000735173467547,"max":0.483332663774,"mean":0.177073925734,"median":0.171286687255,"min":0.0234545115381,"var":0.00408550025895},"erbbands_kurtosis":{"dmean":0.834355831146,"dmean2":1.29043054581,"dvar":3.08162379265,"dvar2":7.36944055557,"max":73.816116333,"mean":0.539779901505,"median":-0.051552772522,"min":-1.83459401131,"var":6.6826710701},"erbbands_skewness":{"dmean":0.3320094347,"dmean2":0.501826882362,"dvar":0.122843675315,"dvar2":0.282582730055,"max":6.16624927521,"mean":0.390686571598,"median":0.330936670303,"min":-2.17605209351,"var":0.488246023655},"erbbands_spread":{"dmean":6.47995233536,"dmean2":9.25573253632,"dvar":62.3688850403,"dvar2":129.580459595,"max":177.944458008,"mean":32.2623672485,"median":27.8867683411,"min":0.578889429569,"var":380.142425537},"gfcc":{"cov":[[34055.5117188,966.043518066,-3270.39501953,1155.62609863,-1518.05090332,658.095336914,-1115.66357422,417.075317383,-872.37322998,-305.58190918,-571.692749023,-90.3545913696,-773.45690918],[966.043518066,1518.29284668,-265.538574219,-211.757492065,143.935531616,-219.235977173,29.7219009399,-168.894058228,30.394071579,-148.833099365,34.0872955322,-108.77948761,60.2717971802],[-3270.39501953,-265.538574219,1863.49609375,319.603027344,66.2873840332,180.800292969,-19.2403182983,-121.375442505,-102.922653198,87.780632019,-118.004997253,10.5514526367,18.1012229919],[1155.62609863,-211.757492065,319.603027344,531.966796875,-70.2481460571,70.3839797974,-94.8895950317,-9.53703403473,-54.8241424561,-3.75722265244,-62.7463188171,-3.86591458321,-31.1590919495],[-1518.05090332,143.935531616,66.2873840332,-70.2481460571,351.397674561,-41.8520774841,102.09122467,-1.42897295952,36.8220901489,1.81091737747,24.4176063538,-14.8738965988,19.9588317871],[658.095336914,-219.235977173,180.800292969,70.3839797974,-41.8520774841,245.790298462,12.4967727661,21.6567935944,-66.1104736328,3.79673433304,-59.374130249,5.30443429947,-34.7805213928],[-1115.66357422,29.7219009399,-19.2403182983,-94.8895950317,102.09122467,12.4967727661,178.44972229,19.7043762207,33.1512794495,-10.1952142715,33.2624053955,-10.4126214981,18.1334972382],[417.075317383,-168.894058228,-121.375442505,-9.53703403473,-1.42897295952,21.6567935944,19.7043762207,129.455932617,21.0873985291,11.0394792557,-6.40082263947,2.46259474754,-37.704914093],[-872.37322998,30.394071579,-102.922653198,-54.8241424561,36.8220901489,-66.1104736328,33.1512794495,21.0873985291,131.478088379,28.5485954285,30.6887340546,-9.5546836853,32.2253494263],[-305.58190918,-148.833099365,87.780632019,-3.75722265244,1.81091737747,3.79673433304,-10.1952142715,11.0394792557,28.5485954285,109.477035522,16.0991191864,15.0046987534,-0.116488784552],[-571.692749023,34.0872955322,-118.004997253,-62.7463188171,24.4176063538,-59.374130249,33.2624053955,-6.40082263947,30.6887340546,16.0991191864,116.239364624,31.2990036011,8.08779144287],[-90.3545913696,-108.77948761,10.5514526367,-3.86591458321,-14.8738965988,5.30443429947,-10.4126214981,2.46259474754,-9.5546836853,15.0046987534,31.2990036011,79.1771240234,28.1652202606],[-773.45690918,60.2717971802,18.1012229919,-31.1590919495,19.9588317871,-34.7805213928,18.1334972382,-37.704914093,32.2253494263,-0.116488784552,8.08779144287,28.1652202606,105.516899109]],"icov":[[0.000282444321783,-0.000693124951795,0.000694403424859,-0.000700896140188,0.000625148706604,-0.000707115861587,0.000696791044902,-0.000935490650591,0.00132581754588,-0.000940014258958,0.00114199181553,-0.000976474024355,0.00110199023038],[-0.000693124951795,0.00295238057151,-0.00163518381305,0.00208864640445,-0.00188886164688,0.00232441793196,-0.00143211823888,0.00360862049274,-0.00323542463593,0.00366688636132,-0.00313687417656,0.00401344057173,-0.00304947979748],[0.000694403424859,-0.00163518381305,0.00252485321835,-0.00211521843448,0.00125099718571,-0.00199284148403,0.00138907064684,-0.00132789916825,0.00359209789895,-0.00316859781742,0.00357871921733,-0.00263867410831,0.00268911453895],[-0.000700896140188,0.00208864640445,-0.00211521843448,0.00429376447573,-0.00150383030996,0.00161698355805,-0.000471215083962,0.00243653031066,-0.00328089739196,0.00324570969678,-0.00268889497966,0.0029789688997,-0.00251432135701],[0.000625148706604,-0.00188886164688,0.00125099718571,-0.00150383030996,0.00513863144442,-0.000920502410736,-0.000569367140997,-0.00245017837733,0.00273813051172,-0.00252993870527,0.00261258031242,-0.00220531807281,0.00249897106551],[-0.000707115861587,0.00232441793196,-0.00199284148403,0.00161698355805,-0.000920502410736,0.00840058643371,-0.00401698378846,0.00240799598396,-0.00112368550617,0.00203973520547,0.00022989383433,0.00120279158,-0.00119096727576],[0.000696791044902,-0.00143211823888,0.00138907064684,-0.000471215083962,-0.000569367140997,-0.00401698378846,0.011050382629,-0.00431629037485,0.00228818249889,-0.0000933259361773,-0.00123055593576,0.00115764385555,-0.0000232172587857],[-0.000935490650591,0.00360862049274,-0.00132789916825,0.00243653031066,-0.00245017837733,0.00240799598396,-0.00431629037485,0.0161865483969,-0.00781590864062,0.00343144708313,-0.000468418176752,0.000319235870847,0.00215320941061],[0.00132581754588,-0.00323542463593,0.00359209789895,-0.00328089739196,0.00273813051172,-0.00112368550617,0.00228818249889,-0.00781590864062,0.019044328481,-0.00815990194678,0.00316509301774,0.000235625935602,-0.000223684444791],[-0.000940014258958,0.00366688636132,-0.00316859781742,0.00324570969678,-0.00252993870527,0.00203973520547,-0.0000933259361773,0.00343144708313,-0.00815990194678,0.0163514930755,-0.00614401744679,0.00321577326395,-0.00296720280312],[0.00114199181553,-0.00313687417656,0.00357871921733,-0.00268889497966,0.00261258031242,0.00022989383433,-0.00123055593576,-0.000468418176752,0.00316509301774,-0.00614401744679,0.020082142204,-0.0130005618557,0.00933802779764],[-0.000976474024355,0.00401344057173,-0.00263867410831,0.0029789688997,-0.00220531807281,0.00120279158,0.00115764385555,0.000319235870847,0.000235625935602,0.00321577326395,-0.0130005618557,0.0265517905354,-0.013548431918],[0.00110199023038,-0.00304947979748,0.00268911453895,-0.00251432135701,0.00249897106551,-0.00119096727576,-0.0000232172587857,0.00215320941061,-0.000223684444791,-0.00296720280312,0.00933802779764,-0.013548431918,0.0209668893367]],"mean":[-64.4362487793,107.856452942,-123.803947449,18.5602664948,-55.1702613831,11.6694459915,-37.0411529541,6.73653793335,-21.5546226501,-6.39881372452,-16.6960773468,-3.26556706429,-11.9198970795]},"hfc":{"dmean":4.34964847565,"dmean2":5.71229791641,"dvar":38.0747413635,"dvar2":67.3780517578,"max":107.419891357,"mean":15.7031469345,"median":9.73395442963,"min":1.08368872494e-16,"var":290.563415527},"melbands":{"dmean":[0.000417804491008,0.000556609593332,0.000461091782199,0.000303584267385,0.000201226575882,0.000102546800917,0.0000926983484533,0.000146602629684,0.000160355339176,0.000093274837127,0.000104340761027,0.0000930527239689,0.0000657501077512,0.0000495723361382,0.0000461762247141,0.0000296636244457,0.0000408525047533,0.0000218647728616,0.0000165069559444,0.0000165760411619,0.0000119117185022,0.000011588700545,0.0000141528980748,0.000010084175301,0.00000666984351483,0.00000478389529235,0.00000330239527102,0.00000174352396698,0.0000011923727925,8.54662573602e-7,7.77132754592e-7,7.78716412242e-7,7.04984302047e-7,8.18256410184e-7,6.8202143666e-7,4.85188820676e-7,3.39505049851e-7,2.41398907974e-7,1.86226913002e-7,1.46144671476e-7],"dmean2":[0.000620933191385,0.000900225655641,0.000744353339542,0.000503455405124,0.000319751241477,0.000165011675563,0.000148402890773,0.000224529823754,0.000247326097451,0.000144723031553,0.000152481792611,0.000141556898598,0.000100296332675,0.0000744615972508,0.0000702262477716,0.0000451933156,0.0000644220854156,0.0000347866516677,0.0000260470696958,0.0000264229820459,0.0000187084297067,0.00001805573811,0.0000217794950004,0.0000155679335876,0.0000100064444268,0.00000715546548236,0.00000494087771585,0.00000268237113232,0.00000184795715086,0.00000134477966185,0.00000118208618005,0.00000119154458389,0.00000107064226995,0.00000124395580769,0.00000102305261862,7.26160578779e-7,5.05981915921e-7,3.43313701023e-7,2.60083083958e-7,2.00310651621e-7],"dvar":[7.31621071282e-7,0.00000109294364847,6.00786336236e-7,3.31786907282e-7,1.47887917024e-7,3.52114746249e-8,3.17898312119e-8,1.02801600121e-7,2.09512094784e-7,3.60609782035e-8,4.97764212071e-8,1.14830420728e-7,2.73719322763e-8,2.27170762201e-8,1.76365908544e-8,6.53692966424e-9,8.69661587188e-9,2.27927210439e-9,1.59624236051e-9,1.41572698009e-9,4.58640514456e-10,4.35122465836e-10,1.03181263533e-9,8.46891112793e-10,2.09751396807e-10,1.07801045868e-10,5.54417345366e-11,1.33926021315e-11,6.15759570069e-12,3.78834377063e-12,2.81474735013e-12,2.55170537478e-12,2.31943609284e-12,3.22390595123e-12,1.9239876619e-12,1.07094888513e-12,5.96651688559e-13,2.69709764505e-13,1.81052669059e-13,9.02788924889e-14],"dvar2":[0.0000014827664927,0.00000274208900919,0.0000015619162923,9.0941301778e-7,3.67135186252e-7,8.90206806048e-8,7.7625500694e-8,2.3782216374e-7,4.97041639846e-7,8.48577528245e-8,1.10593624925e-7,2.8662685736e-7,6.41924486899e-8,5.28520693877e-8,4.07467162233e-8,1.47760070845e-8,2.12971578151e-8,5.73775205126e-9,3.6218759103e-9,3.60396668064e-9,1.09696352002e-9,1.05768704906e-9,2.53299403674e-9,2.18438556132e-9,4.64785154808e-10,2.3265313287e-10,1.15821449653e-10,3.06853084608e-11,1.4906241172e-11,9.609912692e-12,6.82360244697e-12,5.78112774666e-12,5.34157917551e-12,7.85544025661e-12,4.41533528489e-12,2.41790832148e-12,1.34836965811e-12,5.74765387194e-13,3.85967164262e-13,1.7927861615e-13],"max":[0.00665050372481,0.0128398789093,0.00998908374459,0.00872968882322,0.00730086956173,0.00326532660984,0.00377468462102,0.00801977515221,0.0101801156998,0.00460343854502,0.00478890258819,0.00913048069924,0.00467638392001,0.00423903530464,0.00361950253136,0.00327735417522,0.00249043432996,0.00108911644202,0.00120801106095,0.000950098736212,0.000430365354987,0.00032077069045,0.000716648821253,0.00100527028553,0.000487972778501,0.000315457349643,0.000187552373973,0.0000537254309165,0.0000315128090733,0.0000550436416233,0.0000483740950585,0.0000283797962766,0.0000274258727586,0.0000411746514146,0.0000263631245616,0.0000318166530633,0.0000250609955401,0.0000144534096762,0.000010597612345,0.0000073347232501],"mean":[0.000493342638947,0.000944173429161,0.000916697375942,0.000546820636373,0.000347762514139,0.000166387049831,0.000139205454616,0.000241925605224,0.000267690105829,0.000174688917468,0.000192044244613,0.000159871837241,0.000117594863696,0.0000876324847923,0.0000782156712376,0.0000546975934412,0.0000644639439997,0.0000370427114831,0.0000292213571811,0.0000295977388305,0.0000227297750826,0.0000226570373343,0.0000279738487734,0.0000206058448384,0.0000140783304232,0.00000936291689868,0.00000558926740268,0.00000285956821244,0.00000202966771212,0.00000149605000388,0.00000140339955124,0.00000143893646509,0.00000124851442251,0.00000152544021148,0.00000129207876398,9.51549679939e-7,6.37536004433e-7,4.74029008046e-7,3.73220387928e-7,2.83698369685e-7],"median":[0.0001117356951,0.000382064754376,0.000629640067928,0.000395147886593,0.000182873001904,0.0000911196475499,0.000070284899266,0.000090785761131,0.0000680972443661,0.0000695366470609,0.0000696916758898,0.0000344165891875,0.000033849326428,0.000022984793759,0.0000230099067267,0.0000146115125972,0.0000165808087331,0.0000123669869936,0.00000962248850556,0.00000996153539745,0.00000950855883275,0.00000779848960519,0.00000732357784727,0.00000393053505832,0.00000314241879096,0.00000250362290899,0.00000178211746515,0.00000111770373223,7.08338347977e-7,4.57978956092e-7,4.48562360589e-7,3.97682129005e-7,3.59070298828e-7,3.97827392362e-7,3.58349240059e-7,2.43643285103e-7,1.52472068748e-7,9.9393659525e-8,6.95590358646e-8,5.98437779331e-8],"min":[1.8723879826e-24,9.09862701751e-25,9.39234655658e-25,2.04538537633e-24,1.6356347519e-24,2.41231653221e-24,2.79953285185e-24,2.98634260838e-24,1.36331592451e-24,1.96457387355e-24,2.82862249216e-24,2.31401874418e-24,2.15259413715e-24,3.1097482613e-24,3.7851573605e-24,2.33926012378e-24,3.09854900025e-24,4.28408585065e-24,3.67386762501e-24,3.05933354136e-24,3.69663848947e-24,2.26209749712e-24,3.89381072285e-24,4.65935723845e-24,3.3811915517e-24,5.39893011431e-24,4.94631170361e-24,4.63413222772e-24,3.79673073884e-24,5.52804455639e-24,5.1752805535e-24,4.82473364419e-24,4.32414105197e-24,4.16098607854e-24,5.41781268337e-24,5.12087518345e-24,6.34661632989e-24,6.94807859391e-24,6.11493379848e-24,5.90419355196e-24],"var":[9.62251419878e-7,0.00000163584559232,0.00000104560854197,4.24622299988e-7,2.81464139107e-7,5.48791554422e-8,4.52831940834e-8,2.06373599099e-7,4.48550594001e-7,7.83586244779e-8,1.24660701317e-7,2.84029113118e-7,6.63785328925e-8,5.07992794496e-8,3.80538978106e-8,1.52792658525e-8,1.85799873265e-8,4.40553460379e-9,3.76537245828e-9,3.33756111637e-9,1.1102403441e-9,1.16312470766e-9,2.79535283809e-9,2.28310259587e-9,8.17645284812e-10,3.37047861843e-10,1.21224738581e-10,2.34577635094e-11,1.12832980806e-11,6.66994367723e-12,5.63008277152e-12,6.47214183289e-12,4.96769682681e-12,8.55987416365e-12,4.88365988274e-12,2.96275243922e-12,1.54783542754e-12,8.93272001506e-13,6.05273481075e-13,2.95494965302e-13]},"melbands_crest":{"dmean":2.58747220039,"dmean2":4.22874927521,"dvar":6.53428268433,"dvar2":16.413892746,"max":39.9951400757,"mean":12.0796537399,"median":11.3814306259,"min":1.00054883957,"var":27.3536777496},"melbands_flatness_db":{"dmean":0.0257440041751,"dmean2":0.0361998640001,"dvar":0.000983450328931,"dvar2":0.00197349279188,"max":0.647498011589,"mean":0.210165888071,"median":0.193708956242,"min":1.33744293862e-7,"var":0.0069319489412},"melbands_kurtosis":{"dmean":9.89536094666,"dmean2":16.2984256744,"dvar":62402.6640625,"dvar2":177161.078125,"max":16792.6425781,"mean":17.381319046,"median":4.62747764587,"min":-1.55173099041,"var":40179.3710938},"melbands_skewness":{"dmean":0.614475190639,"dmean2":0.915501236916,"dvar":3.13208079338,"dvar2":7.65583705902,"max":125.683456421,"mean":2.26123929024,"median":1.80805873871,"min":-4.42735767365,"var":7.91347122192},"melbands_spread":{"dmean":5.5003080368,"dmean2":8.28517913818,"dvar":57.5691490173,"dvar2":122.321907043,"max":187.458877563,"mean":21.9162063599,"median":18.9006195068,"min":0.0545986890793,"var":322.690612793},"mfcc":{"cov":[[15972.8261719,-104.120437622,-779.561340332,400.252044678,-79.8341598511,-11.6217937469,-15.5076208115,469.727813721,-278.428924561,1.39030730724,136.13949585,-62.4604301453,-191.012863159],[-104.120437622,1750.0378418,-135.24079895,22.9201412201,71.682762146,-23.0325241089,7.31390523911,-23.5022945404,-16.4722175598,-25.2457141876,-57.6579017639,-35.9478912354,-2.11904263496],[-779.561340332,-135.24079895,1306.33093262,211.256713867,124.273132324,229.814376831,43.4044876099,-117.333007812,30.7499294281,-46.188533783,-115.448188782,-33.162399292,-6.48003530502],[400.252044678,22.9201412201,211.256713867,410.043579102,108.804748535,37.9069290161,-19.5073547363,-28.5838985443,-15.4537324905,-10.9736671448,-26.2840175629,-31.1457824707,-1.47364735603],[-79.8341598511,71.682762146,124.273132324,108.804748535,184.436126709,52.8760566711,12.2690935135,-14.5752487183,14.7544794083,-2.17967271805,-13.2112369537,-12.4693279266,-2.32464528084],[-11.6217937469,-23.0325241089,229.814376831,37.9069290161,52.8760566711,166.884399414,57.0755958557,-16.2009143829,30.1345291138,-17.0319728851,-33.6747970581,-6.50278043747,-12.967877388],[-15.5076208115,7.31390523911,43.4044876099,-19.5073547363,12.2690935135,57.0755958557,145.206512451,42.5546188354,2.97863960266,-14.0929880142,6.24775791168,4.88765144348,-11.7610349655],[469.727813721,-23.5022945404,-117.333007812,-28.5838985443,-14.5752487183,-16.2009143829,42.5546188354,129.260223389,0.0820791199803,5.92298793793,17.8263034821,-6.43482542038,-17.911529541],[-278.428924561,-16.4722175598,30.7499294281,-15.4537324905,14.7544794083,30.1345291138,2.97863960266,0.0820791199803,123.369613647,22.7358112335,-20.1304893494,-2.55852460861,-14.9572649002],[1.39030730724,-25.2457141876,-46.188533783,-10.9736671448,-2.17967271805,-17.0319728851,-14.0929880142,5.92298793793,22.7358112335,101.261711121,35.5522956848,-7.99050664902,-3.61176300049],[136.13949585,-57.6579017639,-115.448188782,-26.2840175629,-13.2112369537,-33.6747970581,6.24775791168,17.8263034821,-20.1304893494,35.5522956848,102.639205933,28.2599143982,-8.86675739288],[-62.4604301453,-35.9478912354,-33.162399292,-31.1457824707,-12.4693279266,-6.50278043747,4.88765144348,-6.43482542038,-2.55852460861,-7.99050664902,28.2599143982,76.8776855469,23.5202636719],[-191.012863159,-2.11904263496,-6.48003530502,-1.47364735603,-2.32464528084,-12.967877388,-11.7610349655,-17.911529541,-14.9572649002,-3.61176300049,-8.86675739288,23.5202636719,92.5096130371]],"icov":[[0.0000834443271742,0.00000153914811563,0.0000533352831553,-0.000122258628835,0.0000682545723976,-0.00017214367108,0.000139649870107,-0.000320165563608,0.000209396530408,-0.0000190536502487,-0.0000122256196846,-0.0000329039830831,0.000147773200297],[0.00000153914811563,0.000622060149908,0.000133766559884,0.0000212635768548,-0.000328167458065,0.000177703142981,-0.000200193928322,0.000238779568463,0.000147161495988,0.0000131578835862,0.00048049207544,0.000153232438606,0.0000959823591984],[0.0000533352831553,0.000133766559884,0.0012604855001,-0.000445296580438,-0.000132382716401,-0.00133522623219,-0.000125048187329,0.000655111507513,0.000294636061881,-0.0000781016497058,0.000848033174407,0.0000150615205712,0.000236877458519],[-0.000122258628835,0.0000212635768548,-0.000445296580438,0.00337909860536,-0.00179049698636,0.000282438530121,0.000429869425716,0.000483391457237,0.000349561218172,0.000193488041987,0.0000103107713585,0.00094189326046,-0.000260884698946],[0.0000682545723976,-0.000328167458065,-0.000132382716401,-0.00179049698636,0.00725852465257,-0.00179722299799,-0.0000448977552878,-0.000122489975183,-0.000663519836962,-0.0000232067941397,-0.000802054069936,0.000504629511852,-0.000316701160045],[-0.00017214367108,0.000177703142981,-0.00133522623219,0.000282438530121,-0.00179722299799,0.0107425935566,-0.00411906465888,0.00183838710655,-0.00199174066074,0.000369255634723,0.00179291178938,-0.000424706115155,0.000824807095341],[0.000139649870107,-0.000200193928322,-0.000125048187329,0.000429869425716,-0.0000448977552878,-0.00411906465888,0.0100960303098,-0.00421362975612,0.000637373421341,0.00133600248955,-0.00174476520624,-0.000495984044392,0.000285106973024],[-0.000320165563608,0.000238779568463,0.000655111507513,0.000483391457237,-0.000122489975183,0.00183838710655,-0.00421362975612,0.0114687699825,-0.00104241713416,-0.0000619122365606,-0.000264421134489,0.00151849957183,0.000755101500545],[0.000209396530408,0.000147161495988,0.000294636061881,0.000349561218172,-0.000663519836962,-0.00199174066074,0.000637373421341,-0.00104241713416,0.0107223372906,-0.00383787648752,0.00387032679282,-0.00213928194717,0.00254391413182],[-0.0000190536502487,0.0000131578835862,-0.0000781016497058,0.000193488041987,-0.0000232067941397,0.000369255634723,0.00133600248955,-0.0000619122365606,-0.00383787648752,0.0136186527088,-0.00673769135028,0.00424055568874,-0.00164514232893],[-0.0000122256196846,0.00048049207544,0.000848033174407,0.0000103107713585,-0.000802054069936,0.00179291178938,-0.00174476520624,-0.000264421134489,0.00387032679282,-0.00673769135028,0.0170688163489,-0.00733385281637,0.00386680383235],[-0.0000329039830831,0.000153232438606,0.0000150615205712,0.00094189326046,0.000504629511852,-0.000424706115155,-0.000495984044392,0.00151849957183,-0.00213928194717,0.00424055568874,-0.00733385281637,0.0183681696653,-0.00541757140309],[0.000147773200297,0.0000959823591984,0.000236877458519,-0.000260884698946,-0.000316701160045,0.000824807095341,0.000285106973024,0.000755101500545,0.00254391413182,-0.00164514232893,0.00386680383235,-0.00541757140309,0.0135146528482]],"mean":[-691.024841309,137.074523926,-8.92788124084,11.6611976624,3.0509531498,1.89326488972,-4.20198154449,8.49604225159,-3.01800560951,1.85094714165,-2.54190921783,-3.27052307129,-3.33105134964]},"pitch_salience":{"dmean":0.0619182996452,"dmean2":0.0986150205135,"dvar":0.00344282388687,"dvar2":0.00832182820886,"max":0.996096253395,"mean":0.592551469803,"median":0.604234576225,"min":0.000935070507694,"var":0.0132734607905},"silence_rate_20dB":{"dmean":0,"dmean2":0,"dvar":0,"dvar2":0,"max":1,"mean":1,"median":1,"min":1,"var":0},"silence_rate_30dB":{"dmean":0,"dmean2":0,"dvar":0,"dvar2":0,"max":1,"mean":1,"median":1,"min":1,"var":0},"silence_rate_60dB":{"dmean":0.0419774949551,"dmean2":0.0839656069875,"dvar":0.0402154475451,"dvar2":0.0832477733493,"max":1,"mean":0.165486723185,"median":0,"min":0,"var":0.138105779886},"spectral_centroid":{"dmean":206.088973999,"dmean2":308.247070312,"dvar":93379.8125,"dvar2":190609.0625,"max":11745.4833984,"mean":1241.41052246,"median":1131.1328125,"min":171.799972534,"var":1164971.75},"spectral_complexity":{"dmean":3.37438368797,"dmean2":4.87177562714,"dvar":18.8846168518,"dvar2":37.474521637,"max":49,"mean":16.8903923035,"median":16,"min":0,"var":104.823554993},"spectral_contrast_coeffs":{"dmean":[0.0489544384181,0.04512668401,0.0395654402673,0.0317608900368,0.0235113035887,0.0178346969187],"dmean2":[0.0782239958644,0.0727231577039,0.0612358003855,0.0488606281579,0.0356716252863,0.0271091256291],"dvar":[0.00168557919096,0.00150585989468,0.00121445464902,0.000762800336815,0.000485460855998,0.000363006693078],"dvar2":[0.00424271635711,0.00379799259827,0.00273428857327,0.00166898558382,0.000993528170511,0.000785875017755],"max":[-0.352857559919,-0.440085440874,-0.471588790417,-0.54045599699,-0.576357722282,-0.60153067112],"mean":[-0.629762351513,-0.731616377831,-0.73762845993,-0.759818851948,-0.783326804638,-0.785458624363],"median":[-0.617591142654,-0.733666479588,-0.738293647766,-0.755380153656,-0.784988045692,-0.780767560005],"min":[-0.997585594654,-0.998000204563,-0.998421549797,-0.986811816692,-0.987596154213,-0.965036213398],"var":[0.0082620838657,0.0056496122852,0.00589849613607,0.00464091030881,0.00412699719891,0.0021505234763]},"spectral_contrast_valleys":{"dmean":[0.459460765123,0.42820250988,0.409243136644,0.386518388987,0.358092993498,0.387126535177],"dmean2":[0.702641308308,0.642298042774,0.594963848591,0.548979818821,0.479675292969,0.458400338888],"dvar":[0.2084723562,0.193962290883,0.209074988961,0.207245096564,0.22040361166,0.266600847244],"dvar2":[0.386045008898,0.366350501776,0.375457346439,0.351330727339,0.370754182339,0.451486498117],"max":[-5.50003576279,-4.76914834976,-5.18645191193,-5.84482717514,-5.90512084961,-8.06847190857],"mean":[-8.01014518738,-7.322057724,-7.86996269226,-8.36908626556,-8.42513656616,-11.0228538513],"median":[-7.56799983978,-6.82674407959,-7.32498836517,-7.85001420975,-7.86289310455,-10.5202608109],"min":[-28.2075748444,-27.8350162506,-27.8204364777,-27.6794872284,-27.4894351959,-27.4051589966],"var":[5.58177947998,5.86224746704,5.87351608276,5.61953353882,5.65224599838,4.90790891647]},"spectral_decrease":{"dmean":1.55469470631e-9,"dmean2":2.16312834311e-9,"dvar":4.30044458944e-18,"dvar2":8.63058165415e-18,"max":3.37889309452e-26,"mean":-4.88149698441e-9,"median":-3.97310140343e-9,"min":-2.52024054959e-8,"var":1.69949153758e-17},"spectral_energy":{"dmean":0.00619568815455,"dmean2":0.0085681322962,"dvar":0.0000674483017065,"dvar2":0.000133837704198,"max":0.103071726859,"mean":0.0198482107371,"median":0.0159829650074,"min":9.98005929846e-21,"var":0.00028424966149},"spectral_energyband_high":{"dmean":0.000142923629028,"dmean2":0.000188154124771,"dvar":8.05766049439e-8,"dvar2":1.59879462558e-7,"max":0.00531537504867,"mean":0.000345724576619,"median":0.000129333289806,"min":6.94625646406e-21,"var":2.82985865852e-7},"spectral_energyband_low":{"dmean":0.00288721942343,"dmean2":0.00428264401853,"dvar":0.0000235920015257,"dvar2":0.0000507943113917,"max":0.0578340515494,"mean":0.00536067876965,"median":0.00246644904837,"min":2.04520267614e-23,"var":0.0000471357925562},"spectral_energyband_middle_high":{"dmean":0.00190512440167,"dmean2":0.00260877050459,"dvar":0.0000108834447019,"dvar2":0.0000209013032872,"max":0.0788495019078,"mean":0.00585648650303,"median":0.00274271378294,"min":1.20367915869e-21,"var":0.00007144807023},"spectral_energyband_middle_low":{"dmean":0.00345126749016,"dmean2":0.00527531094849,"dvar":0.0000243867889367,"dvar2":0.000058729932789,"max":0.0618079863489,"mean":0.00908797048032,"median":0.00751544022933,"min":1.39480377297e-22,"var":0.0000630164067843},"spectral_entropy":{"dmean":0.187239140272,"dmean2":0.255238980055,"dvar":0.0563412085176,"dvar2":0.106417022645,"max":9.82848262787,"mean":7.35092353821,"median":7.42947673798,"min":5.01785612106,"var":0.376780450344},"spectral_flux":{"dmean":0.0207346864045,"dmean2":0.0311419237405,"dvar":0.000541831017472,"dvar2":0.00111269892659,"max":0.234548732638,"mean":0.0668969675899,"median":0.0612554773688,"min":6.29566260235e-11,"var":0.00196615117602},"spectral_kurtosis":{"dmean":3.06591367722,"dmean2":4.92592144012,"dvar":26.1468276978,"dvar2":66.6389160156,"max":100.535949707,"mean":7.66609334946,"median":5.21180343628,"min":-1.25234293938,"var":73.6763534546},"spectral_rms":{"dmean":0.000664127990603,"dmean2":0.000885266228579,"dvar":6.24469635113e-7,"dvar2":0.00000113895225695,"max":0.0100278500468,"mean":0.00392461754382,"median":0.00394881423563,"min":3.12035943958e-12,"var":0.00000396147333959},"spectral_rolloff":{"dmean":317.56036377,"dmean2":512.596984863,"dvar":355768.15625,"dvar2":721782.375,"max":19336.8164062,"mean":1425.04614258,"median":1076.66015625,"min":21.533203125,"var":3844803},"spectral_skewness":{"dmean":0.320509016514,"dmean2":0.494433104992,"dvar":0.181482940912,"dvar2":0.428084820509,"max":8.10573291779,"mean":1.9146052599,"median":1.71939349174,"min":-0.0694904774427,"var":0.690932512283},"spectral_spread":{"dmean":568999.25,"dmean2":731571.875,"dvar":929470676992,"dvar2":1735897645060,"max":42521780,"mean":4365816,"median":3713003,"min":909301.1875,"var":14756894212100},"spectral_strongpeak":{"dmean":0.457610070705,"dmean2":0.763255238533,"dvar":0.547675013542,"dvar2":1.31443524361,"max":9.22839641571,"mean":0.850928902626,"median":0.42025744915,"min":0,"var":1.23450946808},"zerocrossingrate":{"dmean":0.0079439394176,"dmean2":0.00902721378952,"dvar":0.000110998284072,"dvar2":0.000141291355249,"max":0.51953125,"mean":0.0558604858816,"median":0.04833984375,"min":0,"var":0.00282455375418}},"metadata":{"audio_properties":{"analysis_sample_rate":44100,"bit_rate":0,"codec":"flac","downmix":"mix","equal_loudness":0,"length":183.63999939,"lossless":true,"md5_encoded":"36ee8fabea1d871769e04dbc20abfe99","replay_gain":-9.51887893677},"tags":{"album":["Indelibly Stamped"],"albumartist":["Supertramp"],"albumartistsort":["Supertramp"],"albumsort":["Indelibly Stamped (1971, Supertramp, 1d4ef304-e006-4597-9ce4-db642465da61)"],"artist":["Supertramp"],"artists":["Supertramp"],"artistsort":["Supertramp"],"asin":["B000005RXH"],"date":["1971"],"discnumber":["1"],"disctotal":["1"],"file_name":"01 - Supertramp - Your Poppa Don't Mind.flac","genre":["Prog-Rock, Pop/Rock, Contemporary Pop/Rock, Art Rock"],"musicbrainz_albumartistid":["d2ff6b6b-fc30-48dc-8952-06f9d8fc64f8"],"musicbrainz_albumid":["1d4ef304-e006-4597-9ce4-db642465da61"],"musicbrainz_artistid":["d2ff6b6b-fc30-48dc-8952-06f9d8fc64f8"],"musicbrainz_recordingid":["ac3ef9ba-084f-4219-b078-20fcc13f579c"],"musicbrainz_releasegroupid":["f81825b3-69cc-37ff-b409-fd138d47b013"],"musicbrainz_releasetrackid":["53f8d8a3-3f74-3690-a31a-102bbf008587"],"musicip_puid":["0ccf1d30-e997-d99b-6d8f-f8c5193c9ca3"],"originaldate":["1971"],"releasecountry":["US"],"releasestatus":["official"],"releasetype":["album"],"replaygain_album_gain":["-2.62 dB"],"replaygain_album_peak":["0.949677"],"replaygain_track_gain":["-3.04 dB"],"replaygain_track_peak":["0.738464"],"script":["Latn"],"title":["Your Poppa Don't Mind"],"tracknumber":["1"],"tracktotal":["10"]},"version":{"essentia":"2.1-beta1","essentia_build_sha":"58c41094f73fb0f15362cc81d9bdd9e36dcadf45","essentia_git_sha":"v2.1_beta1-16-g023b2af","extractor":"music 1.0"}},"rhythm":{"beats_count":399,"beats_loudness":{"dmean":0.0129876965657,"dmean2":0.0223876647651,"dvar":0.000156929891091,"dvar2":0.000413938803831,"max":0.0860063061118,"mean":0.0321497432888,"median":0.0317570529878,"min":0,"var":0.00032407