{"lowlevel":{"average_loudness":0.851982355118,"barkbands":{"dmean":[0.0000571126765863,0.00246555544436,0.00114371487871,0.00121045473497,0.00042009880417,0.000319910235703,0.000321913976222,0.000301408726955,0.00139457837213,0.000595810415689,0.000315378711093,0.000337216246407,0.000331230723532,0.000380110315746,0.000364475679817,0.000283006142126,0.000337271281751,0.000400361983338,0.000358291319571,0.000262338406174,0.000190657869098,0.000140268195537,0.0000935796633712,0.0000510958307132,0.0000349631482095,0.0000466026722279,0.0000115999228001],"dmean2":[0.0000858464845805,0.00385434948839,0.00202822266147,0.00202757515945,0.000701115932316,0.000512585858814,0.000519154476933,0.00048085587332,0.00218553538434,0.000927407934796,0.000512808619533,0.000534588878509,0.000520181492902,0.000609446782619,0.000552598445211,0.0004562275426,0.000542855705135,0.000644782034215,0.000586396025028,0.000430931046139,0.000320777093293,0.000229888712056,0.000149685176439,0.0000785546144471,0.0000504226882185,0.0000634019525023,0.0000161253410624],"dvar":[2.04856256403e-8,0.0000469483966299,0.00000975951024884,0.00000909093068913,6.18591798229e-7,2.65811308964e-7,3.08607638999e-7,0.00000100088561794,0.0000138213072205,0.00000416860711994,0.00000197651274902,0.00000124818757286,7.39310166864e-7,8.34799607219e-7,9.62858848652e-7,2.91055101798e-7,5.4909969549e-7,7.75615319526e-7,4.93461641327e-7,2.50460544748e-7,2.63310084847e-7,2.00887143365e-7,8.62650395561e-8,2.22290115204e-8,9.04394958923e-9,1.97824494563e-8,8.74381678173e-10],"dvar2":[4.33894022933e-8,0.00009981560288,0.0000273308687611,0.0000224393770623,0.0000017413066189,6.38986705326e-7,7.67090739373e-7,0.00000241684415414,0.0000327389534505,0.00000937810818868,0.00000541142981092,0.00000318835122926,0.00000175396314717,0.00000204468506126,0.0000019774138309,7.46975501897e-7,0.00000129174361518,0.00000187003240626,0.00000125962651509,6.09249184436e-7,7.27270617062e-7,5.37860842087e-7,2.23990042514e-7,5.47141993934e-8,2.00934753281e-8,3.56901246334e-8,1.66280944569e-9],"max":[0.00179848796688,0.0692020356655,0.0564142763615,0.0329979099333,0.0127526391298,0.0157027002424,0.0166403260082,0.0416896939278,0.088450267911,0.0799275785685,0.0453333295882,0.060281354934,0.0228599496186,0.0278586111963,0.0358408391476,0.0241368170828,0.0300389863551,0.0290528684855,0.0189027432352,0.0117282588035,0.009317278862,0.0099287442863,0.00771239493042,0.00259453407489,0.00343314395286,0.00230835773982,0.000451817031717],"mean":[0.0000684513215674,0.00282398494892,0.00133666745387,0.00138734490611,0.000774838437792,0.000640463607851,0.000597277190536,0.000478782865684,0.00228920252994,0.00101825396996,0.000460782292066,0.00055434711976,0.000546617840882,0.000666631967761,0.000684276572429,0.000554750731681,0.000668112828862,0.000764050404541,0.000705573707819,0.000518133689184,0.000356779753929,0.00024879371631,0.000166325437021,0.0000891694144229,0.0000575609119551,0.0000607013571425,0.0000124535799841],"median":[0.0000167130856426,0.000827026902698,0.000613657874055,0.00041057440103,0.000560501590371,0.000430118176155,0.000376026582671,0.000144869904034,0.000382010446629,0.000211735168705,0.0000950274406932,0.00016005213547,0.000219631940126,0.000337498291628,0.000287747825496,0.000373651098926,0.000434003421105,0.000453674729215,0.000394495786168,0.000291875447147,0.000164414741448,0.0000726775615476,0.0000438506503997,0.0000231412486755,0.0000170896146301,0.00000855815778777,3.20589492731e-7],"min":[7.99234583897e-24,1.064399922e-23,2.70397458052e-24,2.32674492441e-23,7.0241569707e-23,3.36693722957e-23,5.14962624466e-23,8.25117141752e-23,1.15355205901e-22,1.66946491377e-23,9.12465185432e-23,1.44705956016e-22,6.77021317897e-23,1.25920199124e-22,1.50565210923e-22,1.77698075447e-22,1.44430309083e-22,2.22245896424e-22,2.69454059296e-22,3.43073992093e-22,2.98779894027e-22,5.45506479369e-22,4.37244622375e-22,8.26762730843e-22,1.21759663406e-21,1.72063341713e-21,2.80607694215e-21],"var":[2.51141702989e-8,0.0000507041768287,0.00000733009801479,0.00000964462105912,7.28239911041e-7,5.96461518398e-7,6.17877901732e-7,0.00000196903351934,0.0000294127403322,0.00000989379259408,0.0000034625875287,0.00000256330918091,0.00000138478787903,0.00000158567706876,0.00000257383294411,5.36404002105e-7,0.00000110823214072,0.00000151126494075,0.00000102639137367,4.9639294275e-7,3.4070313859e-7,2.60586205059e-7,1.13718861883e-7,3.34783862854e-8,1.46727288097e-8,3.32084972854e-8,1.30088817496e-9]},"barkbands_crest":{"dmean":2.83017158508,"dmean2":4.57396841049,"dvar":8.74855709076,"dvar2":19.437297821,"max":26.1354236603,"mean":8.08848667145,"median":6.73126506805,"min":2.00928258896,"var":19.5566482544},"barkbands_flatness_db":{"dmean":0.018665580079,"dmean2":0.0282444227487,"dvar":0.00036192315747,"dvar2":0.000798679364379,"max":0.307901918888,"mean":0.100372180343,"median":0.0949000418186,"min":0.0161270536482,"var":0.0015562485205},"barkbands_kurtosis":{"dmean":1.1442425251,"dmean2":1.84930849075,"dvar":10.5304222107,"dvar2":23.7645950317,"max":202.750152588,"mean":0.146255239844,"median":-0.650903403759,"min":-1.85910892487,"var":12.3175048828},"barkbands_skewness":{"dmean":0.436033517122,"dmean2":0.67405885458,"dvar":0.253188431263,"dvar2":0.527268469334,"max":13.8145914078,"mean":0.515770435333,"median":0.462269425392,"min":-3.17770075798,"var":0.767594099045},"barkbands_spread":{"dmean":6.40483093262,"dmean2":10.091917038,"dvar":45.463886261,"dvar2":102.636169434,"max":88.5056686401,"mean":32.7991828918,"median":31.7876472473,"min":2.05348205566,"var":175.399169922},"dissonance":{"dmean":0.0102474605665,"dmean2":0.0173317119479,"dvar":0.000150497755385,"dvar2":0.000412752619013,"max":0.500000119209,"mean":0.480980247259,"median":0.486486971378,"min":0.322032719851,"var":0.000307483918732},"dynamic_complexity":3.05691003799,"erbbands":{"dmean":[0.0744269117713,0.572841107845,1.22521066666,2.89212632179,2.39941906929,1.32037520409,1.97811043262,2.61033010483,4.0817027092,5.47337627411,10.6714286804,28.3482227325,26.953918457,14.6330289841,9.5589056015,13.6482257843,13.3251390457,17.2409229279,17.5811233521,16.0086574554,16.583902359,17.8141517639,21.243719101,17.5025997162,17.5416812897,11.8151311874,8.13054180145,6.90443944931,5.15008592606,3.83260059357,2.46524834633,1.34692788124,0.774384915829,0.44574829936,0.236854493618,0.176992371678,0.0942820906639,0.0199467521161,0.00215799873695,0.0000613549054833],"dmean2":[0.117037147284,0.901239156723,2.12059378624,4.84370422363,4.06977081299,2.17352128029,3.12364625931,4.25738191605,6.69741249084,8.70389556885,16.783498764,44.439201355,41.7552185059,22.9146156311,15.3262672424,21.7326068878,20.8507080078,26.9887313843,27.2787742615,24.0033721924,26.9107723236,28.5719509125,34.1648025513,28.0054588318,28.6686019897,19.3625946045,13.6718549728,11.6487846375,8.47371578217,6.18592691422,3.92438483238,2.09095740318,1.19103729725,0.671812057495,0.335519850254,0.245035424829,0.129984468222,0.0273977424949,0.00297767436132,0.0000845596150612],"dvar":[0.0456105060875,2.50300216675,11.4095516205,39.1664466858,35.6412239075,4.63158607483,9.06854534149,24.3370075226,42.66040802,162.833831787,955.43939209,6186.50683594,7499.79003906,3094.18701172,1058.99401855,1848.36547852,1178.09350586,1809.0057373,1904.67150879,2363.16796875,1029.0447998,1565.77087402,2181.65551758,1089.42565918,1294.24304199,500.47946167,387.564331055,411.101135254,293.498138428,147.573074341,59.8482589722,15.4184579849,4.92954397202,1.52813863754,0.416646540165,0.273599177599,0.088490895927,0.0031127454713,0.0000288829087367,1.92772962038e-8],"dvar2":[0.100346714258,5.5977230072,31.3300743103,96.6054534912,90.5494384766,12.6599626541,21.8353843689,59.5541267395,113.087356567,401.408508301,2340.20825195,14931.078125,17068.640625,7693.30957031,2726.14086914,4658.17626953,2798.06738281,4059.59179688,4243.83740234,4389.64453125,2660.53344727,3737.63769531,5366.13134766,2550.4465332,3275.5703125,1223.84667969,1062.37805176,1152.1361084,797.485900879,384.801544189,154.924163818,37.9303207397,12.3305606842,3.59273171425,0.904587507248,0.508372485638,0.164842009544,0.00586773501709,0.0000530552642886,3.50240938474e-8],"max":[2.16996788979,16.1176967621,57.3514022827,84.2900695801,77.1719055176,40.8787498474,81.9087677002,182.046783447,124.187850952,560.911499023,1100.75500488,1924.20068359,3167.73168945,2660.25634766,881.644592285,1877.46032715,944.295288086,1339.87280273,1165.68823242,1995.15820313,1441.78137207,1945.43310547,1552.70092773,787.446044922,823.043212891,497.799377441,286.025848389,467.838684082,380.700836182,235.386108398,162.988449097,78.2841720581,35.4069709778,44.407459259,19.3842658997,9.93742370605,5.13258314133,0.972743332386,0.068509362638,0.00176251225639],"mean":[0.0761675611138,0.648669540882,1.53509497643,3.50120902061,3.17471218109,2.66685724258,3.98822116852,4.94092273712,7.67283010483,9.67667484283,18.2474956512,46.3429718018,45.3216590881,26.6644115448,16.5479393005,23.7491111755,24.0311470032,32.4330177307,33.9008369446,32.3671150208,35.6272659302,38.5253944397,42.6685142517,36.5233306885,35.3535614014,24.2440013885,15.3411474228,12.8515100479,9.09804916382,6.70813846588,4.35976886749,2.43500494957,1.28520572186,0.724213957787,0.379724472761,0.243956461549,0.118683971465,0.0232154354453,0.00234812521376,0.0000846044567879],"median":[0.0163517184556,0.207710549235,0.722030997276,1.25266766548,1.54953742027,1.88922894001,2.70049619675,3.36082863808,4.97299480438,4.93200683594,4.65999698639,8.05268478394,8.77548217773,6.06151580811,5.35019016266,8.14155387878,10.5545253754,17.0215377808,17.7850570679,15.7917613983,24.6446342468,26.095582962,26.7956123352,22.5827598572,19.1783065796,13.9823818207,7.76225280762,5.29558181763,2.71200871468,1.84986436367,1.12048459053,0.585333764553,0.348379790783,0.230150908232,0.106079123914,0.0473689585924,0.0132182873785,0.00178507366218,0.0000672964379191,0.0000256826897385],"min":[5.02922682232e-22,1.60802396467e-21,3.54646942556e-21,3.30466183351e-20,2.11429574692e-19,2.07134374738e-19,1.20059604895e-19,4.10619926546e-19,7.01922616948e-19,1.29940696072e-18,1.78725792348e-18,2.82452297287e-18,7.90045424627e-19,1.13669195223e-18,6.09918688175e-18,4.42270726065e-18,2.66127743142e-18,3.73803580557e-18,1.11436630614e-17,5.94088146971e-18,1.03252960583e-17,8.7088246683e-18,1.26123098313e-17,1.4627127416e-17,1.17031101251e-17,1.87917667332e-17,1.24396218163e-17,1.37219552522e-17,1.98131362664e-17,1.34061509292e-17,1.31348869735e-17,1.41106953985e-17,1.56133500449e-17,1.19374809983e-17,9.28163979786e-18,7.10086496683e-18,2.92210629692e-18,1.42379486572e-18,3.70249195805e-19,4.4669239418e-20],"var":[0.0459339432418,2.56644177437,9.09360313416,44.2197570801,34.6813354492,8.73518180847,21.1068344116,41.7604866028,85.2341537476,287.120788574,2081.33251953,12429.6992188,16687.1074219,8190.95898438,2033.96154785,3523.26831055,2443.47924805,3705.95214844,4180.36083984,6464.14794922,2198.71166992,3084.26196289,4257.74316406,2350.96386719,2649.04663086,1027.12084961,530.771789551,504.54006958,357.336914063,197.092071533,79.1900863647,24.1236133575,6.97008991241,2.21269059181,0.692036569118,0.461087733507,0.141788959503,0.0048366850242,0.0000446418853244,3.09494332384e-8]},"erbbands_crest":{"dmean":2.41392183304,"dmean2":3.95187330246,"dvar":6.3817820549,"dvar2":15.8336277008,"max":31.3503360748,"mean":8.30939388275,"median":6.83036804199,"min":2.35883927345,"var":20.1848983765},"erbbands_flatness_db":{"dmean":0.0172861851752,"dmean2":0.0247914697975,"dvar":0.000350717367837,"dvar2":0.000622436520644,"max":0.399692475796,"mean":0.164522156119,"median":0.15952822566,"min":0.0312544964254,"var":0.00249107624404},"erbbands_kurtosis":{"dmean":0.840017735958,"dmean2":1.3564646244,"dvar":1.59386265278,"dvar2":3.93509483337,"max":40.0700111389,"mean":0.497749119997,"median":0.054373793304,"min":-1.68111896515,"var":3.52873420715},"erbbands_skewness":{"dmean":0.336164355278,"dmean2":0.527262568474,"dvar":0.10628657043,"dvar2":0.251957029104,"max":3.71897530556,"mean":-0.34392914176,"median":-0.448098450899,"min":-5.4084649086,"var":0.646526575089},"erbbands_spread":{"dmean":6.12628507614,"dmean2":9.50403022766,"dvar":45.0786361694,"dvar2":100.679618835,"max":152.045700073,"mean":32.5111808777,"median":30.6336708069,"min":2.31789422035,"var":187.941558838},"gfcc":{"cov":[[6972.98925781,-1073.00488281,645.982727051,235.923339844,-379.636657715,580.9296875,-73.5836791992,111.423439026,-115.317520142,-46.6693496704,-268.444335938,33.9334373474,-284.234313965],[-1073.00488281,1570.63391113,-674.70324707,93.8140106201,224.625015259,-378.765228271,110.828384399,-66.6269836426,61.8768157959,5.43963718414,167.585372925,-71.2016906738,232.047698975],[645.982727051,-674.70324707,965.485534668,54.8666725159,16.6177921295,266.034576416,-89.1487579346,44.3608932495,14.1696615219,20.0918216705,-128.80897522,62.5402297974,-129.000701904],[235.923339844,93.8140106201,54.8666725159,437.578094482,63.1581611633,118.202583313,-83.6100692749,-49.7984733582,19.0774879456,-16.6529426575,29.1890563965,-6.13032007217,26.584526062],[-379.636657715,224.625015259,16.6177921295,63.1581611633,397.971496582,-70.5576095581,56.6824989319,-8.62626266479,12.043970108,45.1958503723,53.5179595947,14.4454622269,63.318359375],[580.9296875,-378.765228271,266.034576416,118.202583313,-70.5576095581,363.18737793,-9.31928062439,54.612361908,2.11476993561,-25.7796077728,-33.8483963013,40.2281646729,-69.6937866211],[-73.5836791992,110.828384399,-89.1487579346,-83.6100692749,56.6824989319,-9.31928062439,194.284881592,50.3850517273,-7.9512796402,-1.15557515621,16.1016654968,-13.9302883148,6.7080578804],[111.423439026,-66.6269836426,44.3608932495,-49.7984733582,-8.62626266479,54.612361908,50.3850517273,117.014900208,40.0902481079,17.6371879578,-5.43594646454,-1.49532532692,-13.3934955597],[-115.317520142,61.8768157959,14.1696615219,19.0774879456,12.043970108,2.11476993561,-7.9512796402,40.0902481079,112.255264282,40.0666313171,7.76001644135,-15.7199039459,19.21925354],[-46.6693496704,5.43963718414,20.0918216705,-16.6529426575,45.1958503723,-25.7796077728,-1.15557515621,17.6371879578,40.0666313171,85.2116241455,22.5550270081,2.66400814056,8.89809036255],[-268.444335938,167.585372925,-128.80897522,29.1890563965,53.5179595947,-33.8483963013,16.1016654968,-5.43594646454,7.76001644135,22.5550270081,121.455513,33.7642211914,41.3181381226],[33.9334373474,-71.2016906738,62.5402297974,-6.13032007217,14.4454622269,40.2281646729,-13.9302883148,-1.49532532692,-15.7199039459,2.66400814056,33.7642211914,89.7470703125,15.6638555527],[-284.234313965,232.047698975,-129.000701904,26.584526062,63.318359375,-69.6937866211,6.7080578804,-13.3934955597,19.21925354,8.89809036255,41.3181381226,15.6638555527,114.842666626]],"icov":[[0.000198652007384,5.91000627992e-7,0.000019133763999,-0.000195225642528,0.00013350455265,-0.000122511410154,-0.0000387403633795,-0.000210817408515,0.000288772251224,-0.000263195252046,0.000418157724198,-0.000217910623178,0.000238215608988],[5.91000627992e-7,0.00156278512441,0.000378969009034,-0.000457851565443,-0.000281132088276,0.000962053309195,-0.000702807330526,0.000336050114129,-0.000846110458951,0.000872064440046,-0.000995998852886,0.000916904595215,-0.00149818789214],[0.000019133763999,0.000378969009034,0.00217381492257,-0.000267781433649,-0.000787385681178,-0.000600789964665,0.000515935011208,-0.00017250716337,-0.000657771131955,-0.000664901279379,0.00220985198393,-0.00194400106557,0.00143637484871],[-0.000195225642528,-0.000457851565443,-0.000267781433649,0.00420256797224,-0.000977461808361,-0.00237542903051,0.00190887472127,0.0019106566906,-0.000738004106097,0.00114716333337,-0.00193791242782,0.00251563033089,-0.00123426900245],[0.00013350455265,-0.000281132088276,-0.000787385681178,-0.000977461808361,0.00377570418641,0.00073646963574,-0.00159781880211,0.0000732096596039,0.000824796443339,-0.00189396354835,-0.00036588992225,-0.000447421829449,-0.00109126372263],[-0.000122511410154,0.000962053309195,-0.000600789964665,-0.00237542903051,0.00073646963574,0.00624302914366,-0.00146428623702,-0.0022201363463,-0.000915006094147,0.00191351561807,-0.00018618258764,-0.00247991527431,0.00124723161571],[-0.0000387403633795,-0.000702807330526,0.000515935011208,0.00190887472127,-0.00159781880211,-0.00146428623702,0.00818779319525,-0.00350008136593,0.00203681737185,0.000699693511706,-0.000854313082527,0.00197465857491,0.000210686936043],[-0.000210817408515,0.000336050114129,-0.00017250716337,0.0019106566906,0.0000732096596039,-0.0022201363463,-0.00350008136593,0.0143490675837,-0.00566700752825,-0.000586900743656,-0.000761253468227,0.000615838565864,-0.000162882221048],[0.000288772251224,-0.000846110458951,-0.000657771131955,-0.000738004106097,0.000824796443339,-0.000915006094147,0.00203681737185,-0.00566700752825,0.015101024881,-0.00630833767354,0.000295396253932,0.00328882550821,-0.00252689002082],[-0.000263195252046,0.000872064440046,-0.000664901279379,0.00114716333337,-0.00189396354835,0.00191351561807,0.000699693511706,-0.000586900743656,-0.00630833767354,0.0178125556558,-0.00466683646664,0.00102103396785,-0.000114375114208],[0.000418157724198,-0.000995998852886,0.00220985198393,-0.00193791242782,-0.00036588992225,-0.00018618258764,-0.000854313082527,-0.000761253468227,0.000295396253932,-0.00466683646664,0.0162596758455,-0.00884659867734,0.0016970402794],[-0.000217910623178,0.000916904595215,-0.00194400106557,0.00251563033089,-0.000447421829449,-0.00247991527431,0.00197465857491,0.000615838565864,0.00328882550821,0.00102103396785,-0.00884659867734,0.0200113020837,-0.0066358903423],[0.000238215608988,-0.00149818789214,0.00143637484871,-0.00123426900245,-0.00109126372263,0.00124723161571,0.000210686936043,-0.000162882221048,-0.00252689002082,-0.000114375114208,0.0016970402794,-0.0066358903423,0.0162770524621]],"mean":[0.576659321785,74.35962677,-141.898635864,38.7680473328,-46.4523239136,2.92824816704,-31.3718986511,12.3864765167,-23.108291626,4.830742836,-19.1228256226,-1.80981218815,-13.3011054993]},"hfc":{"dmean":7.03292417526,"dmean2":10.4377574921,"dvar":138.229537964,"dvar2":306.324066162,"max":171.059494019,"mean":24.3446464539,"median":18.7019042969,"min":1.26236522973e-16,"var":426.735870361},"melbands":{"dmean":[0.000678059412166,0.000639324891381,0.000485128548462,0.000117706578749,0.0000617997720838,0.0000609659437032,0.0000610253810009,0.000059088008129,0.000119080752484,0.000185551165487,0.000134952962981,0.0000603821245022,0.0000376474999939,0.0000403343547077,0.0000337934834533,0.0000294857582048,0.0000353937393811,0.0000321312072629,0.0000257822375715,0.0000164538323588,0.0000233706105064,0.0000193500818568,0.0000217368833546,0.0000201320744964,0.0000150504456542,0.0000148210974658,0.0000128713290906,0.00000731287673261,0.00000536850484423,0.00000509137862537,0.00000401214902013,0.00000316494424624,0.00000264640902969,0.00000209414019992,0.00000147723096688,0.0000012779150893,7.4485234336e-7,6.07737376868e-7,4.40270412128e-7,3.7400818087e-7],"dmean2":[0.00106061121915,0.00102897186298,0.000815358536784,0.000195856846403,0.0000977149829851,0.0000987510211417,0.0000995079462882,0.0000937884906307,0.000186727571418,0.000290221971227,0.000208948680665,0.0000940932877711,0.0000609583112237,0.0000636318945908,0.000053146515711,0.0000461318850284,0.0000558437568543,0.0000502492985106,0.0000394449998566,0.0000256160910794,0.0000380313758797,0.0000312218326144,0.0000354015101038,0.0000323020176438,0.0000242119640461,0.0000244033435592,0.0000208797391679,0.0000121090542962,0.00000906841887627,0.00000863843979459,0.00000677963089402,0.0000052794007388,0.00000434142839367,0.0000034090464851,0.00000239829228121,0.00000201890202334,0.00000116913906822,9.52029381551e-7,6.85245197474e-7,5.68417078739e-7],"dvar":[0.00000369811391465,0.00000276384525932,0.0000011833994904,5.73283038818e-8,7.86693377108e-9,1.13874820684e-8,9.24655818579e-9,1.97437000082e-8,1.11216749588e-7,2.62781185256e-7,1.87996704426e-7,5.20962935013e-8,2.29151595477e-8,2.2633509289e-8,7.87512544065e-9,6.07005201658e-9,8.12711586917e-9,6.69902178174e-9,6.09603123536e-9,1.50169621183e-9,2.38778397055e-9,1.89986382182e-9,2.54261456334e-9,2.84054668676e-9,8.86794082611e-10,1.23035759358e-9,6.46178555108e-10,2.05656255914e-10,1.51159376682e-10,1.87875270896e-10,1.40215811184e-10,1.16255054194e-10,6.48896422706e-11,4.49369950972e-11,2.3632202098e-11,1.28869892188e-11,5.04249853678e-12,3.08144178576e-12,1.63629743435e-12,1.06210559011e-12],"dvar2":[0.0000078936391219,0.00000680275388731,0.00000293878883895,1.49952285255e-7,1.9045764077e-8,2.77918150715e-8,2.38371722361e-8,4.82804622948e-8,2.68467374553e-7,6.33705155906e-7,4.26534455755e-7,1.2871809929e-7,6.3019804486e-8,5.72428753287e-8,1.84645685408e-8,1.43039118328e-8,1.84376869328e-8,1.51362762324e-8,1.26509673848e-8,3.21953130822e-9,6.09832939702e-9,4.57830529044e-9,6.10103523258e-9,7.00260871511e-9,2.02846472952e-9,3.25958882108e-9,1.54985357881e-9,5.15992415462e-10,4.13094142226e-10,5.23510790273e-10,3.94573318463e-10,3.20476395421e-10,1.71739358845e-10,1.18635601343e-10,6.27995710989e-11,3.18438296565e-11,1.25357571545e-11,7.81031836428e-12,4.04737614951e-12,2.520677677e-12],"max":[0.0192382112145,0.0248202756047,0.0124288517982,0.00343354814686,0.00216211681254,0.00362372188829,0.00226602167822,0.00547957839444,0.00775636127219,0.0145413074642,0.0157502051443,0.0110183442011,0.00510680861771,0.00912738870829,0.00246260408312,0.00292942929082,0.00304885813966,0.00230412301607,0.00363795133308,0.00160856824368,0.00229117646813,0.0020794973243,0.00169663585257,0.00235307239927,0.000751289597247,0.000967245374341,0.000736294721719,0.000319429847877,0.000159648945555,0.000213004095713,0.000290214346023,0.000235712723224,0.000145841637277,0.000172320855199,0.000105949511635,0.0000851156146382,0.0000550331678824,0.000029173997973,0.0000288184764941,0.0000425386569987],"mean":[0.000741994997952,0.000839232816361,0.00060216744896,0.000198818059289,0.00013356123236,0.000119463446026,0.000116947856441,0.000102549718576,0.000194988955627,0.000301775726257,0.000222136237426,0.00010679695697,0.0000583693727094,0.0000654518808005,0.0000566090129723,0.0000503086084791,0.0000618033809587,0.0000560139014851,0.000048512021749,0.0000320684885082,0.0000458538452222,0.0000385034218198,0.0000405538412451,0.0000365410160157,0.0000284849284071,0.0000267025843641,0.000024186068913,0.0000136963490149,0.00000930447367864,0.00000872592863743,0.0000070422738645,0.00000523357493876,0.00000441448401034,0.00000343435067407,0.00000246794411396,0.00000217673391489,0.0000012509096905,9.56575831879e-7,6.84077861024e-7,5.82932386806e-7],"median":[0.000192452716874,0.00036309286952,0.00023566604068,0.000131182358018,0.0000970109540503,0.0000817652253318,0.0000769680918893,0.0000474757653137,0.0000384648810723,0.0000521944748471,0.00004098901627,0.0000228914395848,0.0000151692011059,0.0000173109492607,0.0000201944094442,0.0000223559436563,0.000029799015465,0.000027852380299,0.0000200550202862,0.0000194688964257,0.0000296574635286,0.0000253226025961,0.0000250310167758,0.0000198178440769,0.0000167214784597,0.0000131371671159,0.0000127217062982,0.00000750537674321,0.00000450726747658,0.00000392362107959,0.00000259349144471,0.00000147773380377,0.00000114236581794,9.06377067622e-7,6.35439505459e-7,4.67830489015e-7,2.95645406823e-7,2.31465776324e-7,2.07804788488e-7,1.79076252493e-7],"min":[4.30619762182e-24,2.01968882399e-24,1.15398911951e-23,1.67951926155e-23,5.06457851938e-24,8.9717529404e-24,1.07383690723e-23,1.61406273908e-23,1.74991862868e-23,1.60837426309e-23,3.25043588451e-24,3.437027521e-24,1.77957506555e-23,1.9391183971e-23,7.57164631821e-24,4.48110031185e-24,6.72030447386e-24,1.94547819372e-23,9.16528024198e-24,9.02396291055e-24,1.2313508941e-23,6.94949696582e-24,1.24697743977e-23,1.02026039333e-23,1.21934119679e-23,1.02122375027e-23,7.81057808691e-24,1.39728802217e-23,5.88905649448e-24,9.15598824937e-24,8.33259811347e-24,1.13347526498e-23,8.98183694935e-24,7.39233192357e-24,8.11370735607e-24,6.51227909214e-24,9.27973291527e-24,1.08118072894e-23,1.07967361018e-23,9.6612852136e-24],"var":[0.00000390747936763,0.00000273879095403,0.00000128961050905,6.56734542304e-8,1.96880414194e-8,2.1876898515e-8,1.91798665838e-8,3.54416336279e-8,2.52064211281e-7,5.22161826666e-7,4.16992151031e-7,1.40900198176e-7,4.01330346733e-8,4.46149037714e-8,1.63478262039e-8,1.10408278076e-8,1.58911852566e-8,1.35581670335e-8,1.64242219824e-8,3.32466254527e-9,4.96956031881e-9,3.54057161367e-9,4.47532944037e-9,5.52883694382e-9,1.77762216058e-9,2.18448992229e-9,1.338641753e-9,3.71108838104e-10,2.04268366111e-10,2.2662867416e-10,1.69568123431e-10,1.31553656857e-10,8.6503332275e-11,5.53097914691e-11,2.76258651372e-11,2.05472791559e-11,7.23935624988e-12,4.19321825526e-12,2.12743212803e-12,1.48552622026e-12]},"melbands_crest":{"dmean":3.6203789711,"dmean2":5.81669282913,"dvar":13.2936620712,"dvar2":30.4054336548,"max":33.6161460876,"mean":12.0226106644,"median":10.6638059616,"min":1.00257110596,"var":31.4504146576},"melbands_flatness_db":{"dmean":0.0239807348698,"dmean2":0.036786057055,"dvar":0.000660333316773,"dvar2":0.00140998442657,"max":0.437417328358,"mean":0.143388688564,"median":0.137992158532,"min":1.72573336954e-7,"var":0.00227211741731},"melbands_kurtosis":{"dmean":3.58533167839,"dmean2":5.71139287949,"dvar":162.115600586,"dvar2":345.201660156,"max":758.697753906,"mean":4.34536552429,"median":1.82061767578,"min":-1.80769336224,"var":188.480651855},"melbands_skewness":{"dmean":0.596594154835,"dmean2":0.91393750906,"dvar":0.62014234066,"dvar2":1.24228906631,"max":21.7266941071,"mean":1.60320234299,"median":1.3731430769,"min":-2.4277920723,"var":1.6186388731},"melbands_spread":{"dmean":10.8565950394,"dmean2":17.4039707184,"dvar":135.823791504,"dvar2":319.462127686,"max":192.63873291,"mean":44.1499633789,"median":41.5027046204,"min":0.677848756313,"var":449.935058594},"mfcc":{"cov":[[4814.59423828,-733.30078125,637.148132324,-96.78956604,-30.3194313049,283.484741211,17.7578487396,263.38885498,0.138843968511,100.969993591,25.8984470367,-62.2497520447,-74.9393310547],[-733.30078125,1276.05175781,-646.092834473,259.503875732,-40.6963844299,-180.578842163,62.6531181335,-146.085479736,55.7827110291,-35.7213401794,-5.08296298981,42.555847168,28.6043300629],[637.148132324,-646.092834473,864.933349609,-146.856735229,123.746139526,168.965667725,-77.7889404297,125.134536743,-0.765777111053,44.7814445496,12.973572731,-25.0803337097,-25.394651413],[-96.78956604,259.503875732,-146.856735229,325.840148926,123.519935608,25.6155796051,21.4343128204,-70.6678771973,13.683514595,-8.20982551575,-46.8768577576,23.5380821228,35.5784568787],[-30.3194313049,-40.6963844299,123.746139526,123.519935608,299.061767578,107.397109985,0.227637663484,2.67272090912,13.6513404846,10.9943828583,-24.7950630188,21.8965549469,39.3234901428],[283.484741211,-180.578842163,168.965667725,25.6155796051,107.397109985,184.750823975,35.6619567871,62.7484474182,-1.80558526516,7.93307590485,-8.94539165497,-3.88874769211,5.50898885727],[17.7578487396,62.6531181335,-77.7889404297,21.4343128204,0.227637663484,35.6619567871,156.637893677,54.1984939575,0.958767175674,2.49841213226,1.00062727928,9.41720199585,13.0186433792],[263.38885498,-146.085479736,125.134536743,-70.6678771973,2.67272090912,62.7484474182,54.1984939575,145.551681519,8.09294223785,17.6264533997,16.8637332916,-7.91192293167,-3.1220164299],[0.138843968511,55.7827110291,-0.765777111053,13.683514595,13.6513404846,-1.80558526516,0.958767175674,8.09294223785,104.832244873,47.7922973633,19.0488433838,-9.09041976929,-15.7653436661],[100.969993591,-35.7213401794,44.7814445496,-8.20982551575,10.9943828583,7.93307590485,2.49841213226,17.6264533997,47.7922973633,102.963775635,38.5019416809,6.88762903214,-13.6960668564],[25.8984470367,-5.08296298981,12.973572731,-46.8768577576,-24.7950630188,-8.94539165497,1.00062727928,16.8637332916,19.0488433838,38.5019416809,98.4284439087,22.4188804626,-13.4573898315],[-62.2497520447,42.555847168,-25.0803337097,23.5380821228,21.8965549469,-3.88874769211,9.41720199585,-7.91192293167,-9.09041976929,6.88762903214,22.4188804626,76.6425704956,35.4761428833],[-74.9393310547,28.6043300629,-25.394651413,35.5784568787,39.3234901428,5.50898885727,13.0186433792,-3.1220164299,-15.7653436661,-13.6960668564,-13.4573898315,35.4761428833,88.4527359009]],"icov":[[0.000266934570391,0.0000514494495292,-0.0000943369159359,-0.000170414932654,0.000235158469877,-0.000284749927232,0.0000933218543651,-0.000325759290718,0.0000944999483181,-0.000205882592127,0.000013946445506,0.000061738966906,0.000101258767245],[0.0000514494495292,0.00161091447808,0.00072990328772,-0.000907614245079,-0.0000417690862378,0.000917545927223,-0.000447045516921,0.000233660990489,-0.000960526580457,0.000658067991026,-0.000404900521971,-0.000310694158543,0.000126440689201],[-0.0000943369159359,0.00072990328772,0.00245542335324,0.000548524374608,-0.000837196072098,-0.00089574418962,0.00140678370371,-0.00102778151631,-0.000116091876407,-0.000302443106193,0.0000785553565947,-0.000097395364719,0.000336494209478],[-0.000170414932654,-0.000907614245079,0.000548524374608,0.00581255741417,-0.00195617252029,-0.00137906824239,-0.000562225293834,0.0023798532784,-0.000484433403471,-0.000570354284719,0.00213535223156,-0.000879206170794,-0.0004062387452],[0.000235158469877,-0.0000417690862378,-0.000837196072098,-0.00195617252029,0.00594030879438,-0.00292204762809,0.000631347473245,0.00016770522052,-0.000758124515414,-0.000529842393007,0.000652527611237,-0.000879529339727,-0.00155181623995],[-0.000284749927232,0.000917545927223,-0.00089574418962,-0.00137906824239,-0.00292204762809,0.0105894850567,-0.00235245586373,-0.00214026821777,0.000246450654231,0.00079954956891,-0.000215788051719,0.000586868845858,0.000569311028812],[0.0000933218543651,-0.000447045516921,0.00140678370371,-0.000562225293834,0.000631347473245,-0.00235245586373,0.00958763901144,-0.00472168531269,0.00054966652533,-0.000633968506008,0.000409873668104,-0.000782696995884,-0.000482199364342],[-0.000325759290718,0.000233660990489,-0.00102778151631,0.0023798532784,0.00016770522052,-0.00214026821777,-0.00472168531269,0.0126388650388,-0.00129599368665,-0.000116213159345,-0.000988953048363,0.000963698024862,-0.00119005225133],[0.0000944999483181,-0.000960526580457,-0.000116091876407,-0.000484433403471,-0.000758124515414,0.000246450654231,0.00054966652533,-0.00129599368665,0.0136959925294,-0.00619496079162,-0.000964806298725,0.00276069110259,0.000975092872977],[-0.000205882592127,0.000658067991026,-0.000302443106193,-0.000570354284719,-0.000529842393007,0.00079954956891,-0.000633968506008,-0.000116213159345,-0.00619496079162,0.015021414496,-0.0043250657618,-0.00158790603746,0.00123091752175],[0.000013946445506,-0.000404900521971,0.0000785553565947,0.00213535223156,0.000652527611237,-0.000215788051719,0.000409873668104,-0.000988953048363,-0.000964806298725,-0.0043250657618,0.0151492860168,-0.0062441858463,0.00290208728984],[0.000061738966906,-0.000310694158543,-0.000097395364719,-0.000879206170794,-0.000879529339727,0.000586868845858,-0.000782696995884,0.000963698024862,0.00276069110259,-0.00158790603746,-0.0062441858463,0.0198353044689,-0.00767712341622],[0.000101258767245,0.000126440689201,0.000336494209478,-0.0004062387452,-0.00155181623995,0.000569311028812,-0.000482199364342,-0.00119005225133,0.000975092872977,0.00123091752175,0.00290208728984,-0.00767712341622,0.0161788035184]],"mean":[-633.91809082,103.546417236,-30.9245014191,34.9927101135,1.38351690769,0.839676439762,0.573470413685,2.52887558937,2.24439430237,4.41743755341,2.01684379578,-0.552188694477,-4.41274023056]},"pitch_salience":{"dmean":0.0757078975439,"dmean2":0.121732778847,"dvar":0.00577197596431,"dvar2":0.0126861957833,"max":0.995986104012,"mean":0.60222607851,"median":0.62197470665,"min":0.0745497867465,"var":0.0143555700779},"silence_rate_20dB":{"dmean":0,"dmean2":0,"dvar":0,"dvar2":0,"max":1,"mean":1,"median":1,"min":1,"var":0},"silence_rate_30dB":{"dmean":0.000172965490492,"dmean2":0.000345960899722,"dvar":0.000172908359673,"dvar2":0.000345949287293,"max":1,"mean":0.999654114246,"median":1,"min":0,"var":0.000345889508026},"silence_rate_60dB":{"dmean":0.01643172279,"dmean2":0.0328662842512,"dvar":0.0161636397243,"dvar2":0.0352401100099,"max":1,"mean":0.0525769628584,"median":0,"min":0,"var":0.0498191826046},"spectral_centroid":{"dmean":250.243530273,"dmean2":402.878265381,"dvar":66056.8984375,"dvar2":166602.75,"max":10660.1611328,"mean":2161.45898438,"median":2212.65869141,"min":418.479187012,"var":286580.0625},"spectral_complexity":{"dmean":4.1809220314,"dmean2":6.496281147,"dvar":16.469575882,"dvar2":34.2510223389,"max":58,"mean":26.095123291,"median":26,"min":0,"var":111.256278992},"spectral_contrast_coeffs":{"dmean":[0.0486992672086,0.0439525581896,0.0386449545622,0.0292832776904,0.0209137238562,0.0185891203582],"dmean2":[0.0799310579896,0.0718776136637,0.062495328486,0.0477296859026,0.0341154970229,0.0296736974269],"dvar":[0.00181502802297,0.00127589562908,0.00104236439802,0.000560645421501,0.000292296492262,0.000326034554746],"dvar2":[0.00462204124779,0.0033250702545,0.00255566416308,0.00140591687523,0.000726333295461,0.000733114255127],"max":[-0.346492379904,-0.419159591198,-0.425326257944,-0.504016816616,-0.569995224476,-0.574029743671],"mean":[-0.68188303709,-0.756037473679,-0.761353671551,-0.786736130714,-0.782753348351,-0.723789274693],"median":[-0.693489193916,-0.763508319855,-0.777468204498,-0.794534802437,-0.790501177311,-0.723856806755],"min":[-0.971826851368,-0.992597520351,-0.995662808418,-0.989555954933,-0.988147437572,-0.962554752827],"var":[0.00599031848833,0.00461185071617,0.00583899673074,0.00245269224979,0.00171455158852,0.00174687220715]},"spectral_contrast_valleys":{"dmean":[0.386990368366,0.329949975014,0.27900865674,0.225562781096,0.196919187903,0.277737110853],"dmean2":[0.607208371162,0.541333734989,0.449634701014,0.358140051365,0.308782339096,0.361091345549],"dvar":[0.123240545392,0.0906238779426,0.0635858103633,0.050300527364,0.0573650076985,0.178691029549],"dvar2":[0.272133380175,0.208625167608,0.133659020066,0.0929145514965,0.104456849396,0.316906750202],"max":[-5.51523637772,-5.16928052902,-5.41611242294,-5.40178108215,-5.55603599548,-7.64541196823],"mean":[-7.59235334396,-6.89560317993,-7.35632658005,-7.28089141846,-6.90279388428,-10.2892436981],"median":[-7.37067222595,-6.79256010056,-7.28007793427,-7.15830135345,-6.79345655441,-10.0554847717],"min":[-27.0264968872,-26.6831874847,-27.0673065186,-27.4741687775,-27.2271022797,-27.2442989349],"var":[1.07808828354,0.663893461227,0.648042440414,0.578515410423,0.624299943447,1.55036664009]},"spectral_decrease":{"dmean":1.57214341545e-9,"dmean2":2.32743335715e-9,"dvar":5.51393633244e-18,"dvar2":1.08083041887e-17,"max":2.49326753643e-18,"mean":-4.32463576061e-9,"median":-3.20395088238e-9,"min":-3.21151603089e-8,"var":1.31189414128e-17},"spectral_energy":{"dmean":0.00639836676419,"dmean2":0.00940554495901,"dvar":0.0000870633521117,"dvar2":0.000169387523783,"max":0.131460517645,"mean":0.0185303129256,"median":0.0139807416126,"min":1.09221025017e-20,"var":0.000224817194976},"spectral_energyband_high":{"dmean":0.000542995345313,"dmean2":0.0008308456745,"dvar":0.00000210167695514,"dvar2":0.00000524530423718,"max":0.0244637988508,"mean":0.00118353741709,"median":0.000551551289391,"min":7.91759914774e-21,"var":0.00000346166416421},"spectral_energyband_low":{"dmean":0.0035184843,"dmean2":0.00532766012475,"dvar":0.0000600074999966,"dvar2":0.000118127012684,"max":0.0849289372563,"mean":0.00504845147952,"median":0.00221283035353,"min":2.38923864309e-23,"var":0.0000804746669019},"spectral_energyband_middle_high":{"dmean":0.00194947165437,"dmean2":0.00296058971435,"dvar":0.00000979908327281,"dvar2":0.0000226948413911,"max":0.084419451654,"mean":0.00670885900036,"median":0.00469948537648,"min":1.54284199104e-21,"var":0.0000428776111221},"spectral_energyband_middle_low":{"dmean":0.00293347751722,"dmean2":0.00463830120862,"dvar":0.0000254973474512,"dvar2":0.0000598459591856,"max":0.0928960591555,"mean":0.00662800157443,"median":0.00382411293685,"min":3.83003430056e-22,"var":0.0000604363121965},"spectral_entropy":{"dmean":0.106762379408,"dmean2":0.157816320658,"dvar":0.0144956279546,"dvar2":0.0285008046776,"max":9.80967140198,"mean":7.79480314255,"median":7.80040836334,"min":5.8863940239,"var":0.0911314710975},"spectral_flux":{"dmean":0.0204005502164,"dmean2":0.0323231592774,"dvar":0.000654280069284,"dvar2":0.00143562490121,"max":0.302958220243,"mean":0.0755596682429,"median":0.0659696981311,"min":1.04508859899e-10,"var":0.0017268176889},"spectral_kurtosis":{"dmean":1.46662020683,"dmean2":2.50260019302,"dvar":2.79625082016,"dvar2":8.1785402298,"max":23.646030426,"mean":4.5518860817,"median":4.06707763672,"min":-1.2080051899,"var":6.03032779694},"spectral_rms":{"dmean":0.000658253906295,"dmean2":0.000954871007707,"dvar":6.61093906729e-7,"dvar2":0.00000118740751986,"max":0.0113249355927,"mean":0.0039332266897,"median":0.00369320297614,"min":3.26430852834e-12,"var":0.0000026080886073},"spectral_rolloff":{"dmean":628.117919922,"dmean2":1030.6427002,"dvar":784898.625,"dvar2":1748586,"max":19035.3515625,"mean":2694.37866211,"median":2670.1171875,"min":64.599609375,"var":1933161.5},"spectral_skewness":{"dmean":0.196346491575,"dmean2":0.319613218307,"dvar":0.0387753136456,"dvar2":0.101185582578,"max":2.87387394905,"mean":1.23762631416,"median":1.21417832375,"min":-0.229789167643,"var":0.136831700802},"spectral_spread":{"dmean":430054.40625,"dmean2":598459.8125,"dvar":412644245504,"dvar2":677017616384,"max":41380976,"mean":3813291.75,"median":3646458,"min":1274301.875,"var":1907411779580},"spectral_strongpeak":{"dmean":0.804044783115,"dmean2":1.34580719471,"dvar":1.79298985004,"dvar2":4.45079278946,"max":18.4184455872,"mean":1.32797467709,"median":0.451388299465,"min":0,"var":3.50341582298},"zerocrossingrate":{"dmean":0.0113847693428,"dmean2":0.0131393354386,"dvar":0.000157891234267,"dvar2":0.000189491809579,"max":0.52978515625,"mean":0.0887705758214,"median":0.08544921875,"min":0.013671875,"var":0.00115978240501}},"metadata":{"audio_properties":{"analysis_sample_rate":44100,"bit_rate":320000,"codec":"mp3","downmix":"mix","equal_loudness":0,"length":268.486541748,"lossless":false,"md5_encoded":"cfbd66d83117c484b404da26f3d54369","replay_gain":-11.9199829102,"sample_rate":44100},"tags":{"acoustid_fingerprint":["AQADtFQTZVHSCGGsRYNmI4-OJiI9fMqDb8QnHRcP96jME6c8ohKPlNHRa4b2PchX9Nhz5DsY5Qmun7h0-EcWDWeU4JKLSscU6kb-9FD05gjzRMM5nEKTlJlQiTmO2g-axwEtFT-aE0yrvDiz482DXUeyhUE0vviF0jpOBbkITY8MW8gPj8XkDW2Ov8MjnMqO7auE7qmCnBLU8TiZos50-DnOFj2Pjxd-o9LCHFo-3MSNhju0coFmHT60e0LOjHhS8C-avkUPPsRzhG_GIMl1nIGfCZUe_EYs7kHfCv5wBulx-FfQ48PE41GUoCQS5EsCnxaeBE_w4z6a5wnCN8fnFTIvOM6CV8aJxrjh9-gTPah0Dk2bIA6LWkemHz98aBSO32gOpuOKoxmJJzmaHvtwyXgeYVQObQsTOJSk4kd2CxszPD9-PDfuzLDDoPqOE-dwLdGRvwq0PEcZ6AlK_UhV4YJ_tMvxbC128DwiOtcg60GYSOjrY7KkGH6OB1dKNFl-PGRXIdtl9JygZbqFPCmmSzkcx-jUVXgS_PhyNLnSBMlO5NnxH6aSOSh5BXeOUtuRvEeYkUGfBGPxhEzxY14YMUafWUF6JMR3mNnR53jiNbhOPI-R3A_Cpzh--Cg15og3OlizHdcPJi9aJwajH1oeXDmaH72C_ngyaI1oXE9Q6QjzREceMRW-Q4W_IfpyfD-e4sqO9AwOPegZo-GfImeOON2ISnKghTpmSXqR5wl-uFuCR9px6S5i69CeGWGU40rEGHtywM_xB4-io5SyHemhHXEKR77w_MinQ_yQS5jzBCcT4uHBqBMsygh1HH_xCmE2g-nC4jxC_kQT6GsunFbwRdnxJxouiNMW8LXwXfjRuEMfIpdwBxeXBf0LSpeQG6p-wxaN7DMcEdSlHE-kHRV7hE8FnxI0PjK-PHimmegZNDl0Hl_2NPj8EHXhMYZW53h1ZEOjGW9o4-qxt0h3KCLDIk-OUjp8GX0M_kdIByJ7oYpRXTL-IT2eKENuGf2FmD_CS2igJ22CZ1_gB8cVVGIOfRqRBz-aOsOHMM-O2nGC60dIKYpxJix2NA_OHFfG40i2CmHyBScd4gkt4cmD5ht6RI-GRw8eB85xHz-aH6W2VIEehEZz9BmaHzEfaOP0oIm0RUP-4cJ1PEV4kSmk5Azy4xovPBjTo4-DzU0c1CcevMfPwRbB8njQrDwRUh_0o4waw-F0iD_WKxfCLMuOU0rxnsEvpLF26MlxXDkiRWGWCb3AaRF-7MfFJ3jWrGhOVM6O_UVDH7145ISUH9HI4_3hFc-LUk7RjmgiZjv-HM-OU0myoiTzoCFKIWETXggTZzjWBxwvXEmi42PU4j7y_EiWSJEu1CL28ejDoznyYc8ZiB-DU5lBlg-0hMd25Mdz-MY1ePjRpsf34JJyIlnGDGGPo9RgR6txFc2THR8xijmReLoQ9yGOC9OToWx0lGnR9McfJD8Ra8P3CKXENPAPv88QClo-TFaGc0Su40etLEX6ozu4Q1dBi4kGjVL24lcQ_fDko