{"lowlevel":{"average_loudness":0.925927996635,"barkbands":{"dmean":[0.113726042211,0.122819274664,0.0136124193668,0.00348550174385,0.00322862924077,0.0013588265283,0.000763775606174,0.000490156468004,0.000430138985394,0.000289245188469,0.000205391857889,0.000185632117791,0.000149413230247,0.000126667073346,0.000108249412733,0.00010041668429,0.000097063537396,0.000102685684396,0.0000785122902016,0.0000600394560024,0.0000558375504625,0.0000441401352873,0.0000366336207662,0.0000349411129719,0.0000336947778123,0.0000331088704115,0.0000425504731538],"dmean2":[0.183655172586,0.198834270239,0.022816605866,0.00585091393441,0.00539367133752,0.00229824776761,0.00126947648823,0.000811884005088,0.000724282988813,0.000488178309752,0.000348757428583,0.000314993609209,0.000253423117101,0.000214960353333,0.000183941228897,0.00016857648734,0.00016056439199,0.000168168800883,0.000130230604555,0.000100343255326,0.0000935803691391,0.0000747639278416,0.0000622738443781,0.0000593729564571,0.0000572859025851,0.0000562253881071,0.0000696091083228],"dvar":[0.0191385168582,0.0181385092437,0.000576703576371,0.000032339401514,0.0000284989473585,0.00000433508739661,0.00000168729627603,7.05848037796e-7,5.04841523252e-7,1.97556275339e-7,1.02736848362e-7,8.12063092326e-8,5.20413827587e-8,3.91250161158e-8,3.07096357233e-8,3.44404789132e-8,7.77235840133e-8,1.72584364577e-7,6.90072852194e-8,1.18546665817e-8,9.78599157264e-9,4.58246818269e-9,3.20075277394e-9,2.91775537065e-9,2.71607802915e-9,2.6110662521e-9,6.55063292498e-9],"dvar2":[0.0469182655215,0.0508896745741,0.00169870140962,0.0000837088009575,0.000069171503128,0.00001121533478,0.00000393698064727,0.00000155299710514,0.00000127218265789,5.00946043758e-7,2.66420414619e-7,2.09579596344e-7,1.34024674026e-7,1.00917418422e-7,7.9201086578e-8,8.29207422726e-8,1.6600915842e-7,3.69011360135e-7,1.71799612758e-7,2.80991034884e-8,2.33513404169e-8,1.17550058576e-8,8.24177881498e-9,7.51227791085e-9,6.9920194079e-9,6.72245192845e-9,1.42170879514e-8],"max":[1.37026000023,1.24596822262,0.553755939007,0.113848812878,0.121630094945,0.022654697299,0.0512127242982,0.03085751459,0.0209600999951,0.00633999472484,0.0043170391582,0.00342127936892,0.0028302394785,0.00245132320561,0.00447915773839,0.00502233020961,0.0145912561566,0.0178700517863,0.010788410902,0.00415103742853,0.00318929180503,0.000817824969999,0.000692129950039,0.000659602228552,0.000637902820017,0.000629825110082,0.00300559378229],"mean":[0.223145633936,0.190586835146,0.0176866557449,0.00389135163277,0.00344600598328,0.0013974896865,0.000790840946138,0.000491545826662,0.00041457649786,0.000282751920167,0.000191608298337,0.000170859348145,0.000138704024721,0.000123432168039,0.000099816279544,0.0000986290106084,0.000100377998024,0.000112356923637,0.000074407143984,0.0000579412189836,0.0000561115193705,0.0000403659432777,0.0000325209184666,0.0000308651542582,0.0000298293489323,0.0000297085643979,0.0000495471831528],"median":[0.181560739875,0.152657270432,0.00685635022819,0.0014713620767,0.00121870660223,0.000478163303342,0.00022552003793,0.000145300291479,0.000123744772281,0.0000903079053387,0.0000601555002504,0.000055461699958,0.0000463531614514,0.0000424338140874,0.0000329378744937,0.0000317412268487,0.0000264027730736,0.0000236851756199,0.0000178351947397,0.0000169807553903,0.0000172828094946,0.0000128918181872,0.00000982664914773,0.00000902370447875,0.00000879334857018,0.0000091101610451,0.0000183756965271],"min":[6.93988006113e-25,6.14717336039e-24,1.78661099485e-24,4.23893776332e-24,1.387805283e-23,1.14444027379e-23,3.5112841813e-24,9.77861249604e-24,8.56223157867e-24,1.63057533332e-23,1.18539035893e-23,2.05647896947e-23,3.67617354432e-23,3.98585761652e-23,4.85304325884e-23,8.19583882036e-23,1.06994138586e-22,8.88237058222e-23,9.89520803109e-23,2.17342463255e-22,2.44105976792e-22,3.4300454709e-22,4.99242829125e-22,6.02088278791e-22,8.19727404233e-22,1.32560751969e-21,1.87992970269e-21],"var":[0.0475649051368,0.0297362804413,0.000880842795596,0.0000439573123003,0.000038095862692,0.00000508568336954,0.00000360459557669,0.00000118474451938,6.96704091752e-7,2.32463122529e-7,1.04176685056e-7,7.96210102294e-8,5.1473818985e-8,4.15536369758e-8,2.89769150896e-8,4.19829468967e-8,1.32529308416e-7,3.41465295151e-7,8.3422186492e-8,1.5547598764e-8,1.28308865754e-8,4.45209336064e-9,3.00505065276e-9,2.73592837274e-9,2.54759324747e-9,2.46383291547e-9,1.43447262957e-8]},"barkbands_crest":{"dmean":3.35398292542,"dmean2":5.56640195847,"dvar":6.76541519165,"dvar2":17.7842025757,"max":26.7870254517,"mean":16.92760849,"median":16.4867515564,"min":5.28982114792,"var":14.4350738525},"barkbands_flatness_db":{"dmean":0.0972815752029,"dmean2":0.157960787416,"dvar":0.00679524196312,"dvar2":0.0184053424746,"max":0.744352996349,"mean":0.339313298464,"median":0.331544131041,"min":0.0571182742715,"var":0.0114771192893},"barkbands_kurtosis":{"dmean":92.9819641113,"dmean2":156.974395752,"dvar":15250.1347656,"dvar2":41430.2617188,"max":2914.18212891,"mean":150.780487061,"median":125.951889038,"min":-1.78586566448,"var":16590.7226562},"barkbands_skewness":{"dmean":2.75055813789,"dmean2":4.63231658936,"dvar":6.52604389191,"dvar2":18.1574783325,"max":41.5683517456,"mean":7.81299877167,"median":7.75681781769,"min":-2.15711474419,"var":10.8529634476},"barkbands_spread":{"dmean":1.68798315525,"dmean2":2.82776165009,"dvar":13.8560886383,"dvar2":34.2150001526,"max":123.913612366,"mean":2.34206962585,"median":1.05600810051,"min":0.0728585422039,"var":29.3305740356},"dissonance":{"dmean":0.0148747637868,"dmean2":0.0237868204713,"dvar":0.000311635696562,"dvar2":0.000780375266913,"max":0.500000298023,"mean":0.480751276016,"median":0.489153444767,"min":0.274526149035,"var":0.000523505499586},"dynamic_complexity":4.8185839653,"erbbands":{"dmean":[7.85035276413,12.8962011337,15.8560142517,13.2680082321,9.88468742371,11.1285591125,12.6139183044,10.454627037,10.455575943,11.8618221283,10.1851167679,9.62011909485,9.6045665741,8.92241954803,8.17870998383,7.5101723671,6.93353128433,6.6858716011,5.95274400711,5.5498509407,5.48095321655,5.49980211258,5.74469041824,4.66703891754,3.54123568535,2.84111976624,2.47296190262,2.0493915081,1.61134028435,1.29134821892,1.01612055302,0.772415757179,0.559945702553,0.380759865046,0.237497597933,0.131494119763,0.0613100714982,0.0222515221685,0.00571573153138,0.00134904170409],"dmean2":[12.9013309479,20.1593151093,26.5415229797,22.5600032806,16.6722831726,18.5045490265,21.0070610046,17.6934375763,17.6707000732,19.1891479492,17.1431903839,16.2820701599,16.0660610199,15.1153240204,13.890540123,12.7352867126,11.744020462,11.353096962,10.0972118378,9.4058303833,9.15489387512,9.05827713013,9.41611766815,7.70867013931,5.88367366791,4.74239778519,4.13629579544,3.44963502884,2.73013114929,2.19211483002,1.72665166855,1.31309902668,0.951834738255,0.647206008434,0.403651714325,0.223452419043,0.104153424501,0.0376475006342,0.00940191745758,0.00220094574615],"dvar":[73.1594161987,231.984069824,640.272094727,552.503417969,246.922302246,373.334472656,489.255157471,259.742553711,267.4453125,691.022949219,248.538391113,227.118728638,289.034698486,186.578735352,162.848190308,132.166488647,111.986785889,110.564956665,83.87059021,82.4279098511,125.601051331,244.365783691,569.064453125,379.528045654,155.360534668,25.2399082184,22.4912319183,11.948802948,6.13811779022,3.95577740669,2.46154999733,1.42609536648,0.750001609325,0.346768975258,0.134842261672,0.0413075238466,0.00895657297224,0.001159069594,0.000118743890198,0.00000401410534323],"dvar2":[210.609069824,596.407592773,1832.58129883,1554.64465332,638.362915039,875.202148438,1175.2635498,669.323608398,683.374084473,1350.44287109,627.570373535,587.479064941,680.068603516,484.290924072,421.140991211,341.193695068,288.131378174,283.683074951,213.708969116,215.464355469,285.499542236,507.675109863,1205.14331055,982.532470703,394.777130127,57.8952941895,54.7236633301,29.0020503998,15.6789512634,10.1944589615,6.33839654922,3.67144942284,1.93077170849,0.892679512501,0.347128927708,0.1063452214,0.023061234504,0.00297794002108,0.000268053263426,0.00000910334529181],"max":[77.3430786133,203.925079346,446.857788086,661.836181641,187.45413208,518.880432129,761.20123291,207.707046509,217.59274292,1555.32116699,291.155853271,219.082214355,731.782897949,180.858505249,195.873535156,139.658340454,129.937026978,151.762298584,110.641845703,224.817825317,336.642730713,743.198486328,1093.77929688,968.496887207,757.676086426,142.687835693,168.008209229,99.7434005737,29.8322257996,24.2612247467,19.1600666046,14.578836441,10.5820169449,7.20101165771,4.49714136124,2.49508953094,1.16785514355,0.420493245125,0.426545083523,0.0876651629806],"mean":[11.7251987457,21.5392665863,22.197681427,17.3792247772,10.1686878204,12.0799274445,13.909113884,10.2427072525,9.98909282684,13.3233213425,9.82169246674,9.10642051697,9.56708812714,8.65439891815,7.55853462219,6.97289657593,6.47854280472,6.49719142914,5.62441110611,5.19789886475,5.5246257782,5.79373788834,6.26572322845,4.68393659592,3.34407091141,2.75084924698,2.4500837326,2.03699827194,1.48370873928,1.15470552444,0.90149974823,0.682614028454,0.494701474905,0.336949199438,0.210732713342,0.117201149464,0.0552110224962,0.020923351869,0.00662768818438,0.00332098104991],"median":[9.60868644714,16.7686805725,12.3277854919,6.3849902153,4.36281490326,4.03827953339,4.19952487946,3.71115684509,3.27800035477,3.25198674202,3.1014585495,2.82847929001,2.85201835632,2.74648976326,2.39253664017,2.31357479095,2.18973207474,2.24467921257,1.90834140778,1.72191655636,1.7184612751,1.51856768131,1.35813426971,1.04910254478,0.86384832859,0.804324388504,0.740570306778,0.634512066841,0.478250414133,0.359134376049,0.269865751266,0.200566291809,0.145214691758,0.0989510715008,0.0624295994639,0.0353124290705,0.0171649046242,0.00734857935458,0.00264808512293,0.00275937374681],"min":[1.92426070682e-22,1.48761597215e-21,3.45767877616e-21,1.73494816537e-20,2.81268259326e-20,5.43533013431e-20,5.71960173781e-20,1.078889605e-19,6.78194656734e-20,2.01544055513e-19,4.26084300742e-19,3.35305855556e-19,3.86201735809e-19,7.5499964323e-19,7.39550287531e-19,1.05694109123e-18,1.51801476999e-18,1.65332621536e-18,3.11920358455e-18,3.75025367681e-18,4.97985600301e-18,6.2473456828e-18,5.43065661555e-18,6.04263212968e-18,7.39746381035e-18,1.07406697659e-17,1.02947631675e-17,9.11105447604e-18,9.7584068506e-18,1.23100026143e-17,1.21617561321e-17,1.04117786185e-17,1.09197403065e-17,7.02111565679e-18,6.59028277065e-18,3.91548838084e-18,2.49317613297e-18,1.03253523065e-18,2.27473324284e-19,2.68511680252e-20],"var":[114.167045593,421.102600098,930.049743652,985.537719727,251.624084473,562.484863281,784.886535645,261.971374512,289.987731934,2043.10461426,287.678253174,252.127105713,460.491119385,208.871276855,158.926574707,131.27532959,111.100822449,118.002494812,83.5834579468,78.3504714966,170.890945435,438.1222229,1037.62927246,539.926879883,150.806945801,35.0310325623,27.8381595612,14.882226944,6.04598855972,3.72861433029,2.31140565872,1.3369332552,0.70301759243,0.32523804903,0.126607939601,0.0388491041958,0.00845690909773,0.00113427301403,0.000191116792848,0.0000129464378915]},"erbbands_crest":{"dmean":4.81212854385,"dmean2":7.98081874847,"dvar":18.4885063171,"dvar2":46.0783729553,"max":29.5598068237,"mean":8.80342674255,"median":7.73585605621,"min":1.8121984005,"var":28.9621067047},"erbbands_flatness_db":{"dmean":0.0417863130569,"dmean2":0.0709582418203,"dvar":0.00213745678775,"dvar2":0.00561334611848,"max":0.39814504981,"mean":0.106708787382,"median":0.0880473703146,"min":0.0221841689199,"var":0.00258429558016},"erbbands_kurtosis":{"dmean":6.71312761307,"dmean2":12.2286090851,"dvar":287.749847412,"dvar2":813.196411133,"max":253.881072998,"mean":4.32921600342,"median":0.299949645996,"min":-1.83348309994,"var":186.552627563},"erbbands_skewness":{"dmean":1.03135490417,"dmean2":1.76792514324,"dvar":1.81004607677,"dvar2":4.82100772858,"max":12.8180713654,"mean":1.39388287067,"median":0.973325371742,"min":-4.82624959946,"var":2.07357978821},"erbbands_spread":{"dmean":14.5097780228,"dmean2":25.0030193329,"dvar":218.494384766,"dvar2":560.615478516,"max":143.664672852,"mean":47.9404830933,"median":54.2294998169,"min":1.11328911781,"var":317.003204346},"gfcc":{"cov":[[37002.8867188,2503.50024414,-1356.85754395,326.328155518,-881.097473145,-13.6240367889,-611.455078125,-29.8528003693,-517.273132324,32.3897476196,-348.341827393,26.9122753143,-206.380264282],[2503.50024414,649.605102539,165.160110474,54.6345367432,79.866394043,5.08332300186,31.5996398926,-58.8436546326,17.1035385132,-42.1245536804,-2.25932979584,-41.0256958008,15.9707431793],[-1356.85754395,165.160110474,436.607543945,33.2772903442,136.226654053,65.1181411743,91.4203643799,-2.39210581779,57.433391571,-12.5401763916,60.6112861633,-33.9609375,26.8629894257],[326.328155518,54.6345367432,33.2772903442,97.6091766357,48.8410949707,20.6400222778,26.3285961151,20.7337017059,8.92674160004,10.9410915375,10.7986249924,4.6535243988,0.520464479923],[-881.097473145,79.866394043,136.226654053,48.8410949707,189.221328735,-5.43370294571,99.4666595459,-20.1914024353,70.2851028442,-22.1638469696,40.3557662964,-12.5399951935,34.3624725342],[-13.6240367889,5.08332300186,65.1181411743,20.6400222778,-5.43370294571,99.2851867676,4.28584003448,44.7636032104,0.415919244289,28.2619667053,11.2554702759,2.75508093834,-7.89504909515],[-611.455078125,31.5996398926,91.4203643799,26.3285961151,99.4666595459,4.28584003448,92.9941711426,2.70831680298,58.73853302,-0.446171909571,34.3085861206,-0.561534523964,28.2243881226],[-29.8528003693,-58.8436546326,-2.39210581779,20.7337017059,-20.1914024353,44.7636032104,2.70831680298,71.3197784424,14.3085241318,26.8373432159,9.10178184509,15.175160408,-2.0558617115],[-517.273132324,17.1035385132,57.433391571,8.92674160004,70.2851028442,0.415919244289,58.73853302,14.3085241318,62.1814346313,9.03764152527,29.1824607849,6.05332708359,28.9451618195],[32.3897476196,-42.1245536804,-12.5401763916,10.9410915375,-22.1638469696,28.2619667053,-0.446171909571,26.8373432159,9.03764152527,39.385307312,15.7360877991,20.081281662,7.63656425476],[-348.341827393,-2.25932979584,60.6112861633,10.7986249924,40.3557662964,11.2554702759,34.3085861206,9.10178184509,29.1824607849,15.7360877991,42.1794052124,11.7542209625,23.2612724304],[26.9122753143,-41.0256958008,-33.9609375,4.6535243988,-12.5399951935,2.75508093834,-0.561534523964,15.175160408,6.05332708359,20.081281662,11.7542209625,27.4076385498,13.3371677399],[-206.380264282,15.9707431793,26.8629894257,0.520464479923,34.3624725342,-7.89504909515,28.2243881226,-2.0558617115,28.9451618195,7.63656425476,23.2612724304,13.3371677399,35.5384750366]],"icov":[[0.0000801736314315,-0.000450066640042,0.000320439779898,-0.000172840242158,0.000204894138733,0.0000733495762688,-0.0000713108383934,-0.000265014299657,0.000516559171956,-0.000215933803702,-0.000169927021489,0.0000130795633595,0.0000196356613742],[-0.000450066640042,0.00508296582848,-0.00213268352672,-0.0025697296951,0.00138363509905,-0.00292052538134,0.00206810003147,0.00548251066357,-0.00769632821903,0.00574928754941,0.0011346465908,0.00230361195281,-0.00313431071118],[0.000320439779898,-0.00213268352672,0.00657960539684,-0.00154968467541,0.00139704963658,-0.00406915182248,-0.000882056192495,-0.0000113980522656,0.000519615830854,0.00327487709001,-0.00872345082462,0.00824115052819,-0.00219628750347],[-0.000172840242158,-0.0025697296951,-0.00154968467541,0.0246233325452,-0.0172424186021,0.00840079504997,-0.0075539755635,-0.0153032457456,0.0244266018271,-0.0222236309201,0.00724401930347,-0.00578017439693,0.00692239496857],[0.000204894138733,0.00138363509905,0.00139704963658,-0.0172424186021,0.0310883503407,-0.0108878081664,-0.00391509337351,0.0171329099685,-0.0297482591122,0.0311411004514,-0.0130790397525,0.00350792892277,-0.0038315767888],[0.0000733495762688,-0.00292052538134,-0.00406915182248,0.00840079504997,-0.0108878081664,0.0283211749047,-0.00566364917904,-0.020474338904,0.0246306601912,-0.0306477583945,0.00606366153806,0.00404132436961,0.00586307188496],[-0.0000713108383934,0.00206810003147,-0.000882056192495,-0.0075539755635,-0.00391509337351,-0.00566364917904,0.0409013070166,0.00764326611534,-0.0324584022164,0.0113908257335,-0.00860817171633,0.00180630770046,-0.00113483797759],[-0.000265014299657,0.00548251066357,-0.0000113980522656,-0.0153032457456,0.0171329099685,-0.020474338904,0.00764326611534,0.044345613569,-0.0416674502194,0.0200168900192,-0.00503286672756,-0.0109658706933,0.00865596346557],[0.000516559171956,-0.00769632821903,0.000519615830854,0.0244266018271,-0.0297482591122,0.0246306601912,-0.0324584022164,-0.0416674502194,0.103578351438,-0.0510389022529,0.00981897860765,0.0111695462838,-0.0207017920911],[-0.000215933803702,0.00574928754941,0.00327487709001,-0.0222236309201,0.0311411004514,-0.0306477583945,0.0113908257335,0.0200168900192,-0.0510389022529,0.103117704391,-0.0306242499501,-0.0275278650224,-0.00100797927007],[-0.000169927021489,0.0011346465908,-0.00872345082462,0.00724401930347,-0.0130790397525,0.00606366153806,-0.00860817171633,-0.00503286672756,0.00981897860765,-0.0306242499501,0.0696858167648,-0.0162863172591,-0.0153868077323],[0.0000130795633595,0.00230361195281,0.00824115052819,-0.00578017439693,0.00350792892277,0.00404132436961,0.00180630770046,-0.0109658706933,0.0111695462838,-0.0275278650224,-0.0162863172591,0.104171775281,-0.0432834401727],[0.0000196356613742,-0.00313431071118,-0.00219628750347,0.00692239496857,-0.0038315767888,0.00586307188496,-0.00113483797759,0.00865596346557,-0.0207017920911,-0.00100797927007,-0.0153868077323,-0.0432834401727,0.0810218304396]],"mean":[-64.881477356,97.6184692383,-36.8093719482,31.6050205231,-12.0126132965,15.2845401764,-5.77690982819,7.95629262924,-2.78983640671,3.83465409279,-2.80874562263,1.62682342529,-1.39881503582]},"hfc":{"dmean":49.9497070312,"dmean2":84.7427749634,"dvar":3286.00634766,"dvar2":9235.03808594,"max":762.742858887,"mean":115.328598022,"median":101.571472168,"min":1.10266841718e-16,"var":7681.30517578},"melbands":{"dmean":[0.0513419546187,0.00954905431718,0.00224434654228,0.000733616237994,0.000455955188954,0.000238683307543,0.000159436793183,0.000124665675685,0.0000807327232906,0.0000600536877755,0.000047489960707,0.0000362552564184,0.0000279985888483,0.0000217197903112,0.0000175205241248,0.0000142644630614,0.0000122045721582,0.00000970123073785,0.00000808395725471,0.0000069892053034,0.00000628650195722,0.00000561870183446,0.00000588103421251,0.00000479279151477,0.00000381977497454,0.0000027300752663,0.00000221660798161,0.00000183391603059,0.00000159877413353,0.00000136169603593,0.00000113216469799,9.32636510242e-7,7.94821460204e-7,6.85887016516e-7,5.95213123233e-7,5.18523847859e-7,4.53559039215e-7,3.98326704953e-7,3.51070724491e-7,3.1080017493e-7],"dmean2":[0.0836927741766,0.0157228820026,0.00380671676248,0.00122656335589,0.000755539513193,0.000403327489039,0.000268536357908,0.000202072929824,0.000136367831146,0.000101520257886,0.0000793829822214,0.0000614039963693,0.0000474949083582,0.0000368570581486,0.0000296984981105,0.0000242068217631,0.0000207142111321,0.0000164598641277,0.0000137335409818,0.0000118259704323,0.0000105444260043,0.00000927846303966,0.00000969473694568,0.0000078213188317,0.00000635996275378,0.00000452036192655,0.00000370414068129,0.00000307905656882,0.0000026811214866,0.00000228385169976,0.00000191433218788,0.00000157821364155,0.00000135126526857,0.00000116429828267,0.00000101125829133,8.81516598383e-7,7.71033398905e-7,6.77103116686e-7,5.9678592379e-7,5.28274199496e-7],"dvar":[0.003094664542,0.000156033900566,0.0000148565686686,0.00000136423352615,6.73869919865e-7,1.33728178753e-7,6.28604297503e-8,6.95344510859e-8,1.54048045431e-8,9.35622423981e-9,7.05073643914e-9,3.0875766388e-9,1.90219817675e-9,1.11014097914e-9,7.15759784775e-10,4.77665240695e-10,3.74457076457e-10,2.22163565322e-10,1.80289921881e-10,1.41092582062e-10,1.9512312599e-10,2.03926278641e-10,7.00008273569e-10,4.25313756436e-10,3.16020959401e-10,6.7521981062e-11,4.17715653733e-11,1.13399133833e-11,1.2153521245e-11,6.78306629615e-12,3.46312887221e-12,2.05361639152e-12,1.49661923479e-12,1.11780886197e-12,8.43758114592e-13,6.42116730881e-13,4.9192393865e-13,3.7954836214e-13,2.9487491008e-13,2.31011146627e-13],"dvar2":[0.00884625408798,0.000443658704171,0.0000416662114731,0.00000343463148056,0.00000155697512128,3.45255301681e-7,1.58588406407e-7,1.36459647138e-7,3.95790991092e-8,2.39571527061e-8,1.65852593881e-8,7.99032218168e-9,4.92852292311e-9,2.867568627e-9,1.84386361735e-9,1.23116528084e-9,9.58426116249e-10,5.69472247136e-10,4.70451844148e-10,3.65577457195e-10,4.36916114399e-10,4.3405629091e-10,1.56273549656e-9,9.56854817602e-10,8.51368864296e-10,1.62250421432e-10,1.0445145443e-10,2.75123430982e-11,3.06673367256e-11,1.62684310467e-11,8.54562254293e-12,5.24052329309e-12,3.85175702097e-12,2.88049358671e-12,2.17280078478e-12,1.65296650066e-12,1.26648247011e-12,9.77051447561e-13,7.59110710489e-13,5.94677193773e-13],"max":[0.545276224613,0.164764136076,0.10195543617,0.0189031884074,0.0301514454186,0.00448568398133,0.00440267194062,0.0146185969934,0.00167962012347,0.00221212720498,0.00356869702227,0.000800803827588,0.000649326480925,0.000403846526751,0.000309749913868,0.000285166344838,0.000305033609038,0.000171903055161,0.000378532917239,0.000325433764374,0.000444982229965,0.000726967409719,0.00114003091585,0.000965281913523,0.000842722831294,0.00043317003292,0.000403094512876,0.0000980550321401,0.000161705058417,0.0000979276956059,0.0000411791697843,0.000017155040041,0.0000148701101352,0.0000129259751702,0.0000112075322249,0.00000979830019787,0.00000856005044625,0.00000753512495066,0.0000066380575845,0.00000587302338317],"mean":[0.0932228788733,0.0163563117385,0.00287895672955,0.000764274620451,0.000510918500368,0.000236353458604,0.000155681394972,0.000138758914545,0.0000757846646593,0.000057364894019,0.0000473791988043,0.0000350726913894,0.0000259983717115,0.0000198174948309,0.0000163869026437,0.0000133376124722,0.0000118801935969,0.0000091474112196,0.00000744029830457,0.00000662826687403,0.00000638283700027,0.00000579177412874,0.00000614465989202,0.0000051577881095,0.00000368065593648,0.00000258353088611,0.00000206759295907,0.00000176905723492,0.00000156119153871,0.00000136323490096,0.00000111403005576,8.5908800429e-7,7.12479334197e-7,6.11350230884e-7,5.27986514953e-7,4.58659627611e-7,4.00409817303e-7,3.51684263933e-7,3.1024120517e-7,2.7494431265e-7],"median":[0.0854789465666,0.0130535839126,0.00111209182069,0.000292286975309,0.000155872432515,0.0000859366846271,0.0000491662976856,0.0000348029498127,0.0000243403228524,0.0000173018815985,0.0000140077700053,0.0000111658773676,0.00000816573628981,0.00000627520148555,0.0000054341358009,0.0000045822885113,0.00000406443814427,0.00000307318487103,0.00000244584362008,0.00000217394699575,0.00000191616095435,0.00000157077352014,0.00000135259665512,0.00000108603558147,8.07305582384e-7,6.57622194922e-7,5.69304518194e-7,5.19858360803e-7,4.62863170014e-7,4.14180476582e-7,3.50250616066e-7,2.75280171991e-7,2.22888374424e-7,1.89060102684e-7,1.58629433145e-7,1.34741398483e-7,1.17462896299e-7,1.02998626517e-7,9.07792809812e-8,8.05878812571e-8],"min":[2.05375617661e-24,1.60171185943e-24,3.24157066566e-24,3.09715961898e-24,1.96422756361e-24,2.51958781026e-24,8.09403829269e-25,1.77727462882e-24,3.78872616724e-24,1.35147324877e-24,1.64291702274e-24,2.75411181864e-24,2.03033805178e-24,2.1835028907e-24,2.72097611075e-24,2.35184048307e-24,3.27713074033e-24,3.40783059561e-24,3.36392299205e-24,5.87172127608e-24,5.49442212132e-24,6.92630997723e-24,5.46290042284e-24,4.33200362861e-24,4.48365779891e-24,4.0048148907e-24,4.94586126404e-24,6.27648304554e-24,4.40203791092e-24,5.35909106088e-24,4.61545515692e-24,3.64117959568e-24,5.94421364897e-24,5.77614328324e-24,6.48603802855e-24,6.09537399234e-24,5.67540692893e-24,6.17897273791e-24,6.97930407512e-24,5.67811627171e-24],"var":[0.00598280271515,0.000259589782218,0.0000244191924139,0.00000156757539571,0.00000113658393275,1.3824919165e-7,8.05755604461e-8,1.95918673285e-7,1.599885735e-8,1.17589937787e-8,1.12734737101e-8,3.46894801773e-9,1.89945481566e-9,1.07390252246e-9,7.24701854082e-10,4.75181893833e-10,4.04180439117e-10,2.21160992298e-10,1.65726488088e-10,1.41089487316e-10,2.70383937462e-10,3.49308915126e-10,1.06874675776e-9,7.63194840658e-10,3.80080300566e-10,8.01443147957e-11,4.06655646656e-11,1.42466706834e-11,1.30787949915e-11,8.63609617846e-12,4.17192842772e-12,2.03794034599e-12,1.41385373461e-12,1.05217484031e-12,7.92656413597e-13,6.02269427906e-13,4.61024610415e-13,3.55714291573e-13,2.76408697363e-13,2.16675418926e-13]},"melbands_crest":{"dmean":4.0441236496,"dmean2":6.64352750778,"dvar":15.2729434967,"dvar2":37.4505615234,"max":39.8573188782,"mean":31.4055538177,"median":33.0490074158,"min":1.00015938282,"var":38.7390518188},"melbands_flatness_db":{"dmean":0.103588208556,"dmean2":0.166769742966,"dvar":0.00772656407207,"dvar2":0.0206123404205,"max":0.898951768875,"mean":0.451146930456,"median":0.441084742546,"min":6.77352659295e-7,"var":0.0136993788183},"melbands_kurtosis":{"dmean":239.636672974,"dmean2":397.539215088,"dvar":161296.578125,"dvar2":415403.8125,"max":9381.06933594,"mean":330.842285156,"median":199.884216309,"min":-1.88887751102,"var":181196.09375},"melbands_skewness":{"dmean":4.12448883057,"dmean2":6.79768800735,"dvar":18.3491382599,"dvar2":47.2718811035,"max":77.2612457275,"mean":11.1278047562,"median":9.82719802856,"min":-1.38546776772,"var":35.2861747742},"melbands_spread":{"dmean":1.30623805523,"dmean2":2.11837291718,"dvar":14.5564098358,"dvar2":26.605096817,"max":175.132110596,"mean":2.30583882332,"median":0.723495006561,"min":0.0169536676258,"var":117.495132446},"mfcc":{"cov":[[21740.6523438,2047.59130859,-416.197357178,187.839401245,-288.102294922,-146.406143188,-210.580032349,-106.077476501,-124.480575562,-77.1947174072,-87.4548721313,-43.5422477722,-98.066619873],[2047.59130859,1023.97125244,231.192367554,198.232269287,130.650878906,122.531143188,52.6704902649,56.6615638733,63.7436027527,24.4477005005,23.2375068665,35.3615570068,-1.36671745777],[-416.197357178,231.192367554,311.761322021,33.364982605,81.6970672607,63.2161827087,69.2906799316,37.1605262756,13.8831157684,48.8534927368,28.6238021851,9.55400657654,25.4619083405],[187.839401245,198.232269287,33.364982605,160.288650513,60.9170150757,49.256187439,34.2135238647,32.9027061462,32.7513618469,6.85317468643,18.0831203461,22.5587730408,5.67044067383],[-288.102294922,130.650878906,81.6970672607,60.9170150757,88.6948776245,51.038066864,42.9076728821,34.8657493591,23.4365062714,20.8367214203,18.6626052856,14.0255641937,11.6240148544],[-146.406143188,122.531143188,63.2161827087,49.256187439,51.038066864,70.4469680786,40.991443634,21.4480991364,22.4125003815,16.1516685486,15.3835420609,16.6998500824,11.6977128983],[-210.580032349,52.6704902649,69.2906799316,34.2135238647,42.9076728821,40.991443634,50.1776580811,29.8035984039,13.6058139801,23.255115509,18.7694072723,12.1094112396,16.2404689789],[-106.077476501,56.6615638733,37.1605262756,32.9027061462,34.8657493591,21.4480991364,29.8035984039,41.3090248108,26.5454177856,21.6373806,20.5033130646,10.6003084183,11.5780544281],[-124.480575562,63.7436027527,13.8831157684,32.7513618469,23.4365062714,22.4125003815,13.6058139801,26.5454177856,38.3406906128,18.2921276093,14.5146818161,14.401266098,5.97444105148],[-77.1947174072,24.4477005005,48.8534927368,6.85317468643,20.8367214203,16.1516685486,23.255115509,21.6373806,18.2921276093,33.8151168823,20.7287998199,8.14743423462,15.9662590027],[-87.4548721313,23.2375068665,28.6238021851,18.0831203461,18.6626052856,15.3835420609,18.7694072723,20.5033130646,14.5146818161,20.7287998199,23.8117427826,14.2497186661,12.0720653534],[-43.5422477722,35.3615570068,9.55400657654,22.5587730408,14.0255641937,16.6998500824,12.1094112396,10.6003084183,14.401266098,8.14743423462,14.2497186661,21.786031723,11.0136222839],[-98.066619873,-1.36671745777,25.4619083405,5.67044067383,11.6240148544,11.6977128983,16.2404689789,11.5780544281,5.97444105148,15.9662590027,12.0720653534,11.0136222839,21.062078476]],"icov":[[0.000106383595266,-0.00036324118264,0.000363321072655,-0.000189615850104,0.000645131105557,-0.000121403085359,0.000536501698662,-0.00102145981509,0.00183149275836,-0.0018054068787,0.00116729864385,-0.000877236656379,0.0005815422046],[-0.00036324118264,0.00329873920418,-0.00276698567905,-0.00128968048375,-0.00209583295509,-0.00333603424951,0.00429508974776,-0.00197103037499,-0.00242813117802,0.00147572590504,0.00246907095425,-0.00298636918887,0.00271263113245],[0.000363321072655,-0.00276698567905,0.00805555004627,0.00100002158433,-0.000824636721518,0.000628997164313,-0.00554814003408,0.00067174830474,0.00770158274099,-0.0108309686184,0.00153816060629,0.00145858875476,-0.0000993902940536],[-0.000189615850104,-0.00128968048375,0.00100002158433,0.0130676394328,-0.00601070746779,0.00318421865813,-0.0113732423633,0.00864285696298,-0.0153780169785,0.0195349641144,-0.0154862916097,0.00698216911405,-0.00534763140604],[0.000645131105557,-0.00209583295509,-0.000824636721518,-0.00601070746779,0.0330594629049,-0.0136312833056,0.00476467097178,-0.0261692553759,0.020925026387,-0.0195261314511,0.0185136105865,-0.0136212231591,0.0108976298943],[-0.000121403085359,-0.00333603424951,0.000628997164313,0.00318421865813,-0.0136312833056,0.0552694909275,-0.0557032003999,0.052193235606,-0.0498711131513,0.039375603199,-0.0350579917431,0.0248015150428,-0.0198899675161],[0.000536501698662,0.00429508974776,-0.00554814003408,-0.0113732423633,0.00476467097178,-0.0557032003999,0.127241611481,-0.100206293166,0.0925205051899,-0.0824847966433,0.0720489621162,-0.0650180354714,0.0268115121871],[-0.00102145981509,-0.00197103037499,0.00067174830474,0.00864285696298,-0.0261692553759,0.052193235606,-0.100206293166,0.174531176686,-0.139305248857,0.107575818896,-0.138494685292,0.114104002714,-0.0635623708367],[0.00183149275836,-0.00242813117802,0.00770158274099,-0.0153780169785,0.020925026387,-0.0498711131513,0.0925205051899,-0.139305248857,0.187522515655,-0.156193196774,0.134120643139,-0.133956849575,0.0829719230533],[-0.0018054068787,0.00147572590504,-0.0108309686184,0.0195349641144,-0.0195261314511,0.039375603199,-0.0824847966433,0.107575818896,-0.156193196774,0.233853682876,-0.190268114209,0.149981841445,-0.109443284571],[0.00116729864385,0.00246907095425,0.00153816060629,-0.0154862916097,0.0185136105865,-0.0350579917431,0.0720489621162,-0.138494685292,0.134120643139,-0.190268114209,0.277086913586,-0.183823719621,0.081231802702],[-0.000877236656379,-0.00298636918887,0.00145858875476,0.00698216911405,-0.0136212231591,0.0248015150428,-0.0650180354714,0.114104002714,-0.133956849575,0.149981841445,-0.183823719621,0.221212252975,-0.112778708339],[0.0005815422046,0.00271263113245,-0.0000993902940536,-0.00534763140604,0.0108976298943,-0.0198899675161,0.0268115121871,-0.0635623708367,0.0829719230533,-0.109443284571,0.081231802702,-0.112778708339,0.143064543605]],"mean":[-725.821777344,145.754501343,39.5254058838,39.9010696411,24.8575210571,23.0749912262,16.1437835693,15.206700325,12.8463516235,9.87610054016,8.48883056641,8.52902507782,5.55580568314]},"pitch_salience":{"dmean":0.106698155403,"dmean2":0.171024397016,"dvar":0.00867836829275,"dvar2":0.0205142274499,"max":0.996093869209,"mean":0.253511726856,"median":0.225302964449,"min":0.0123452870175,"var":0.0225007627159},"silence_rate_20dB":{"dmean":0.0953579097986,"dmean2":0.190739810467,"dvar":0.0862656831741,"dvar2":0.183293670416,"max":1,"mean":0.355345904827,"median":0,"min":0,"var":0.229060828686},"silence_rate_30dB":{"dmean":0.0221411492676,"dmean2":0.0442878715694,"dvar":0.021649973467,"dvar2":0.0503785610199,"max":1,"mean":0.213081762195,"median":0,"min":0,"var":0.167685195804},"silence_rate_60dB":{"dmean":0.0161026548594,"dmean2":0.0322093591094,"dvar":0.0158434808254,"dvar2":0.0372112318873,"max":1,"mean":0.104402512312,"median":0,"min":0,"var":0.0935006663203},"spectral_centroid":{"dmean":200.231918335,"dmean2":328.397949219,"dvar":52258.8789062,"dvar2":110731.617188,"max":11453.0810547,"mean":537.152954102,"median":416.772613525,"min":51.4489707947,"var":692573.8125},"spectral_complexity":{"dmean":6.33991718292,"dmean2":9.9672870636,"dvar":49.8104476929,"dvar2":119.175872803,"max":67,"mean":9.84993743896,"median":7,"min":0,"var":84.4883117676},"spectral_contrast_coeffs":{"dmean":[0.0603138059378,0.0359916351736,0.0293181277812,0.0353697389364,0.0298859402537,0.0177378468215],"dmean2":[0.101912096143,0.0620066449046,0.0505699627101,0.0613877028227,0.0518846102059,0.0288678091019],"dvar":[0.00260598189197,0.00130087835714,0.000921188213397,0.00113865477033,0.00102583051194,0.000465300225187],"dvar2":[0.00729377940297,0.00356331351213,0.00250501325354,0.00299134268425,0.00263788807206,0.00113920879085],"max":[-0.425261318684,-0.426725745201,-0.541707515717,-0.63626730442,-0.5908203125,-0.428202748299],"mean":[-0.768952608109,-0.868970453739,-0.907811582088,-0.932937860489,-0.92548763752,-0.839951634407],"median":[-0.775542378426,-0.887075424194,-0.924686551094,-0.948400616646,-0.944762825966,-0.839553236961],"min":[-0.974271118641,-0.994937837124,-0.997989654541,-0.989279747009,-0.988398790359,-0.962825894356],"var":[0.00696258433163,0.00320747983642,0.00194253504742,0.00247773295268,0.0023132795468,0.00137718627229]},"spectral_contrast_valleys":{"dmean":[0.592575907707,0.872738361359,0.905923843384,0.935121715069,0.931086242199,0.867251873016],"dmean2":[0.960997343063,1.44597125053,1.50947117805,1.56274497509,1.55267012119,1.43828368187],"dvar":[0.246724694967,0.531706869602,0.591914713383,0.656696438789,0.659508645535,0.574200212955],"dvar2":[0.602614581585,1.34758269787,1.5096309185,1.69240355492,1.7012925148,1.46070849895],"max":[-4.04386663437,-4.14360618591,-4.83205699921,-5.20348024368,-5.34849452972,-7.79869174957],"mean":[-6.2328119278,-6.92856931686,-7.62417030334,-8.03104305267,-8.11895942688,-10.4977216721],"median":[-5.57200145721,-6.39729976654,-7.10361385345,-7.52229690552,-7.60524988174,-10.0235900879],"min":[-28.2002449036,-28.0573787689,-27.7147159576,-27.5992488861,-27.495677948,-27.3729305267],"var":[5.70694351196,5.2419090271,5.02171278,4.90092992783,4.72085237503,3.9302675724]},"spectral_decrease":{"dmean":5.25010435126e-8,"dmean2":8.54641299952e-8,"dvar":3.29417233e-15,"dvar2":9.23004348733e-15,"max":1.30090582751e-9,"mean":-1.15863471706e-7,"median":-1.12297584565e-7,"min":-5.18144986472e-7,"var":8.07714186063e-15},"spectral_energy":{"dmean":0.198248103261,"dmean2":0.322512030602,"dvar":0.0469942986965,"dvar2":0.131497621536,"max":1.96581017971,"mean":0.447754621506,"median":0.436198115349,"min":1.02991102924e-20,"var":0.117356583476},"spectral_energyband_high":{"dmean":0.000305107561871,"dmean2":0.000513337610755,"dvar":2.23885535888e-7,"dvar2":5.64630624922e-7,"max":0.0066552865319,"mean":0.000294865254546,"median":0.0000979279866442,"min":7.26069091778e-21,"var":2.46853289809e-7},"spectral_energyband_low":{"dmean":0.172584176064,"dmean2":0.281891435385,"dvar":0.0348288938403,"dvar2":0.100611113012,"max":1.85914456844,"mean":0.367542952299,"median":0.35536980629,"min":2.72495338966e-23,"var":0.0808382034302},"spectral_energyband_middle_high":{"dmean":0.00136896385811,"dmean2":0.00229554157704,"dvar":0.00000437651578977,"dvar2":0.0000109019865704,"max":0.0305462554097,"mean":0.0013732034713,"median":0.00045223502093,"min":1.26862495368e-21,"var":0.00000547492072656},"spectral_energyband_middle_low":{"dmean":0.0093326671049,"dmean2":0.0155899683014,"dvar":0.00020955214859,"dvar2":0.000535758445039,"max":0.183202415705,"mean":0.0105232568458,"median":0.00448939669877,"min":2.10802225749e-22,"var":0.000250068114838},"spectral_entropy":{"dmean":0.517649948597,"dmean2":0.886607646942,"dvar":0.313357263803,"dvar2":0.831491827965,"max":9.81531429291,"mean":7.44573116302,"median":7.6354265213,"min":4.20106363297,"var":0.420714855194},"spectral_flux":{"dmean":0.108105316758,"dmean2":0.183179318905,"dvar":0.0106898192316,"dvar2":0.0299591589719,"max":0.988396465778,"mean":0.265844643116,"median":0.267363876104,"min":6.47658454644e-11,"var":0.0277443993837},"spectral_kurtosis":{"dmean":3.45090532303,"dmean2":6.07946920395,"dvar":38.1723632812,"dvar2":105.32635498,"max":81.8385162354,"mean":7.7858915329,"median":5.87761831284,"min":-1.23578512669,"var":32.6230316162},"spectral_rms":{"dmean":0.00422044564039,"dmean2":0.00669060554355,"dvar":0.0000161912939802,"dvar2":0.0000435687579738,"max":0.0437934212387,"mean":0.0183972660452,"median":0.0206290856004,"min":3.16984416146e-12,"var":0.0000983716672636},"spectral_rolloff":{"dmean":497.600738525,"dmean2":979.289550781,"dvar":9642182,"dvar2":25803374,"max":22050,"mean":2343.87670898,"median":64.599609375,"min":21.533203125,"var":44075744},"spectral_skewness":{"dmean":0.42123273015,"dmean2":0.733177125454,"dvar":0.373357176781,"dvar2":1.01700115204,"max":8.12545394897,"mean":2.19705510139,"median":2.00456809998,"min":-0.0827691033483,"var":0.38003629446},"spectral_spread":{"dmean":664964.5,"dmean2":1136637,"dvar":900613668864,"dvar2":2218689822720,"max":42294268,"mean":5618130.5,"median":5641061,"min":1229521.125,"var":6275331522560},"spectral_strongpeak":{"dmean":1.60851657391,"dmean2":2.98369216919,"dvar":40.9804801941,"dvar2":122.82900238,"max":75.8162155151,"mean":1.18658900261,"median":0.0115587068722,"min":0,"var":26.0559577942},"zerocrossingrate":{"dmean":0.0294751357287,"dmean2":0.0405180044472,"dvar":0.00176984712016,"dvar2":0.00291972677223,"max":0.73779296875,"mean":0.0863264650106,"median":0.03955078125,"min":0,"var":0.0151734706014}},"metadata":{"audio_properties":{"analysis_sample_rate":44100,"bit_rate":160000,"codec":"mp3","downmix":"mix","equal_loudness":0,"length":184.555099487,"lossless":false,"md5_encoded":"6d924608f3c23668cfc8faf381de489c","replay_gain":4.3542804718,"sample_rate":44100},"tags":{"acoustid_id":["a63d88b3-4e99-4327-87a9-3c3698f28270"],"album":["Is This Desire?"],"albumartist":["PJ Harvey"],"albumartistsort":["Harvey, PJ"],"artist":["PJ Harvey"],"artistsort":["Harvey, PJ"],"barcode":["731452460721"],"catalognumber":["314-524 607-2"],"date":["1998"],"discnumber":["1/2"],"file_name":"07 - electric light.mp3","genre":["Alternative"],"label":["Island Records"],"media":["CD"],"musicbrainz album release country":["US"],"musicbrainz album status":["official"],"musicbrainz album type":["album"],"musicbrainz_albumartistid":["e795e03d-b5d5-4a5f-834d-162cfb308a2c"],"musicbrainz_albumid":["189a8a05-245f-41c0-88bc-f45f258e51f1"],"musicbrainz_artistid":["e795e03d-b5d5-4a5f-834d-162cfb308a2c"],"musicbrainz_recordingid":["ac591dae-bd88-4536-aa79-8d6d0b7b5e6f"],"musicbrainz_releasegroupid":["70745e26-405e-35ca-89d8-54c1720cfc46"],"originaldate":["1998"],"script":["Latn"],"title":["Electric Light"],"tracknumber":["7/12"]},"version":{"essentia":"2.1-beta1","essentia_build_sha":"ca57ba49d9b1854bd80e60cf9ccf267278fb7d6b","essentia_git_sha":"v2.1_beta1-28-g21ef5f4-dirty","extractor":"music 1.0"}},"rhythm":{"beats_count":438,"beats_loudness":{"dmean":0.250094234943,"dmean2":0.422454565763,"dvar":0.05743644014,"dvar2":0.146054178476,"max":1.9934412241,"mean":0.471516191959,"median":0.479680508375,"min":0,"var":0.0935597792268},"beats_loudness_band_ratio":{"dmean":[0.0758721232414,0.0160903912038,0.00864784698933,0.00367631111294,0.00394063908607,0.0154920937493],"dmean2":[0.136438980699,0.0293087214231,0.0162023324519,0.0067411721684,0.00756794586778,0.0286879148334],"dvar":[0.0194523259997,0.000371621310478,0.000834894832224,0.0000452821659565,0.000259532156633,0.0013193100458],"dvar2":[0.0453634597361,0.00101510935929,0.00246182852425,0.000131408625748,0.000799482688308,0.00361678283662],"max":[0.998433828354,0.126637503505,0.42004391551,0.0689651593566,0.195931538939,0.24931640923],"mean":[0.933660507202,0.0134077584371,0.00618217978626,0.00277693895623,0.00249191187322,0.0127005074173],"median":[0.975887835026,0.00529428198934,0.00195663166232,0.000928533845