{"lowlevel":{"average_loudness":0.944486320019,"barkbands":{"dmean":[0.000241049594479,0.00639141630381,0.0041479174979,0.00378775666468,0.00381279317662,0.000848895986564,0.000681808276568,0.000456486362964,0.00074790942017,0.00070566823706,0.000572819204535,0.00040607622941,0.000423430203227,0.000335535121849,0.000472510029795,0.000386213039747,0.000290326686809,0.000283973291516,0.000287672097329,0.000202800933039,0.000101776582596,0.0000935088828555,0.0000775803273427,0.000041930914449,0.0000194569347514,0.00000566917469769,0.00000383653286917],"dmean2":[0.000400718447054,0.0110724782571,0.00697939284146,0.00656216358766,0.00670200772583,0.00140270229895,0.00111621827818,0.00074535649037,0.00123195489869,0.00112327700481,0.000930739450268,0.000656708027236,0.000695117400028,0.000556376820896,0.000779435387813,0.000625266286079,0.000467270961963,0.000469556631288,0.000451555242762,0.00032231779187,0.000166464786162,0.000150863168528,0.000123864592751,0.0000663633472868,0.0000310241775878,0.00000912116229301,0.00000630024806014],"dvar":[9.31821801942e-8,0.000199412417714,0.0000783548894105,0.0000523731469002,0.0000560125190532,0.00000318213574246,0.0000022691419872,0.00000100908209788,0.0000016458616301,0.00000234203821492,0.00000186349473097,8.26009511457e-7,9.20614809274e-7,5.82664881676e-7,7.2993611866e-7,6.10880817931e-7,3.61826238304e-7,2.66994277354e-7,3.82809247412e-7,1.58355575763e-7,5.12490707649e-8,4.62885161312e-8,7.34167642236e-8,2.06532959623e-8,5.95236793188e-9,2.94719526561e-10,3.05772296372e-10],"dvar2":[2.61520710865e-7,0.00054914894281,0.000205699383514,0.000147572151036,0.000156601061462,0.00000826220639283,0.00000519177501701,0.00000221270852307,0.00000390253308069,0.00000533314323548,0.00000450264951724,0.00000194162930711,0.00000221046229854,0.00000157071622198,0.00000182601331744,0.00000141997418268,8.14898100998e-7,6.98157009538e-7,8.80749439602e-7,3.66155006759e-7,1.31809485993e-7,1.05105449677e-7,1.75133124003e-7,4.14271639215e-8,1.36685063268e-8,7.48663908645e-10,7.53846873813e-10],"max":[0.00474329199642,0.147459119558,0.102741360664,0.11408393085,0.123599596322,0.0476929657161,0.0361550189555,0.0229282826185,0.0274329017848,0.0318397842348,0.0295474454761,0.0245208516717,0.0238325539976,0.0343554019928,0.0187914241105,0.0244423896074,0.0200922098011,0.0127031197771,0.0134180635214,0.00932705495507,0.00602367473766,0.00687209889293,0.0115568982437,0.00861064251512,0.0030854945071,0.000361126993084,0.000376198586309],"mean":[0.000360048987204,0.00732039660215,0.00533448671922,0.00528299529105,0.00445436825976,0.00116197322495,0.000986146042123,0.000650956644677,0.00126365071628,0.00128028995823,0.00085809425218,0.000635680509731,0.000670710229315,0.00052915897686,0.000863575551193,0.00068099348573,0.000535509316251,0.00053744710749,0.000544394250028,0.000386274507036,0.000177433423232,0.000162221942446,0.000135265305289,0.000079948840721,0.000031017447327,0.00000734410923542,0.00000374531850866],"median":[0.000237018684857,0.00341205764562,0.00271937344223,0.00275628641248,0.00244884099811,0.000600293511525,0.00051451678155,0.000282834109385,0.000697330397088,0.000440888281446,0.000315020384733,0.000313132011797,0.000324955326505,0.000292069249554,0.000513000704814,0.000354766525561,0.000316184770782,0.000333206728101,0.000234607039602,0.000219371271669,0.000114417976874,0.0000926131979213,0.0000642630693619,0.0000338198151439,0.0000108705235107,0.00000153577400397,2.84938408868e-7],"min":[1.23129423811e-22,3.19607721502e-23,5.27379358224e-23,3.6017785967e-23,1.01776915482e-22,3.51948115608e-23,8.87126152741e-23,4.61445574904e-23,1.08977473742e-22,1.47592025726e-22,1.26848518015e-22,7.01973177656e-23,9.27313630261e-23,4.94645006982e-23,3.49782408433e-23,1.86276464475e-22,1.22360240252e-22,2.04040147935e-22,3.00857059454e-22,3.7972247551e-22,4.52821810597e-22,6.36039287052e-22,5.66739282789e-22,8.69080259025e-22,1.2458443673e-21,1.48254918797e-21,2.43855692053e-21],"var":[1.60084454137e-7,0.00016125732509,0.0000737017398933,0.0000530467659701,0.0000445427758677,0.00000389902288589,0.00000349924471266,0.00000187497062143,0.00000364299398825,0.0000069406341936,0.00000396750101572,0.0000015063282035,0.00000170101918684,7.94239667812e-7,0.00000136019696129,0.00000139230030527,9.04777095911e-7,4.54905006109e-7,9.30129886001e-7,3.37780107884e-7,5.7182543145e-8,8.04972373203e-8,1.2012057482e-7,6.05658669883e-8,8.12960543328e-9,3.2649527526e-10,2.85654833121e-10]},"barkbands_crest":{"dmean":2.47538661957,"dmean2":4.07226610184,"dvar":4.92540073395,"dvar2":12.9326553345,"max":25.3598251343,"mean":8.85931301117,"median":8.30186653137,"min":2.30746865273,"var":10.9977846146},"barkbands_flatness_db":{"dmean":0.0216650515795,"dmean2":0.0339153259993,"dvar":0.000494591367897,"dvar2":0.00117080635391,"max":0.443797230721,"mean":0.118960775435,"median":0.114277377725,"min":0.0146654294804,"var":0.00177403795533},"barkbands_kurtosis":{"dmean":2.94998192787,"dmean2":4.85250425339,"dvar":55.9814109802,"dvar2":146.896621704,"max":400.901733398,"mean":3.21631646156,"median":0.890156507492,"min":-1.91262102127,"var":85.2158660889},"barkbands_skewness":{"dmean":0.57997584343,"dmean2":0.912012040615,"dvar":0.435889691114,"dvar2":0.996383488178,"max":14.9720230103,"mean":1.40415322781,"median":1.26632475853,"min":-2.52781677246,"var":1.52448320389},"barkbands_spread":{"dmean":5.95977020264,"dmean2":9.37160968781,"dvar":38.0257759094,"dvar2":88.8224105835,"max":108.52167511,"mean":24.6272888184,"median":23.7048301697,"min":0.285927683115,"var":130.310806274},"dissonance":{"dmean":0.0136046204716,"dmean2":0.0232482291758,"dvar":0.00016666726151,"dvar2":0.000450741237728,"max":0.500000119209,"mean":0.47697648406,"median":0.481620341539,"min":0.328365176916,"var":0.000310783245368},"dynamic_complexity":2.53929424286,"erbbands":{"dmean":[0.126396477222,1.67453467846,5.08681678772,8.01097393036,15.7792129517,10.8977441788,7.39811611176,6.62989902496,8.97151279449,10.3824577332,10.4890394211,17.1141624451,21.0431308746,21.2805042267,17.2263355255,17.5905399323,19.0315170288,14.7118320465,21.3106079102,25.022611618,17.2666492462,13.9861011505,15.0314273834,14.0210943222,12.5029678345,9.43801498413,5.59492444992,3.25100564957,3.38025259972,3.16209936142,1.99690711498,1.02512097359,0.630377650261,0.284634649754,0.103443019092,0.0267783086747,0.00944027397782,0.00456318119541,0.000606529065408,0.0000473601212434],"dmean2":[0.2093167454,2.93007469177,8.61808490753,13.7418622971,27.8851108551,19.2077960968,12.7761793137,10.8089160919,14.6125125885,16.7723274231,17.0557327271,28.1758327484,34.122341156,33.7558746338,28.1014499664,28.453754425,31.0944595337,24.0305690765,35.172744751,41.3108558655,26.9953117371,22.4111976624,24.7316646576,22.1949615479,19.5013866425,15.0469818115,9.02521896362,5.32854127884,5.49702596664,5.04961061478,3.18429660797,1.62757706642,0.995121598244,0.448356747627,0.16751344502,0.0438313223422,0.0149827655405,0.00757882324979,0.000995212234557,0.000076708762208],"dvar":[0.0447142235935,15.3591394424,134.680862427,225.025619507,1020.15722656,457.931121826,252.748718262,207.639938354,471.279510498,427.504333496,466.918212891,1090.50646973,1753.04089355,2099.70336914,1615.23278809,1555.67590332,1983.14990234,825.440307617,1921.81860352,2276.11425781,1405.63049316,697.246337891,664.227233887,880.36151123,697.575378418,367.724029541,134.096130371,51.4263496399,57.7496070862,101.264228821,39.73279953,8.04473686218,7.44258356094,1.4295951128,0.177383959293,0.00785737484694,0.000717735150829,0.000375981733669,0.00000786385771789,3.53280320553e-8],"dvar2":[0.118509806693,42.2327041626,354.316955566,626.950439453,2884.28369141,1297.8503418,695.608764648,500.451477051,1101.36450195,969.789794922,1055.68969727,2585.00878906,4088.91601562,4805.11328125,4032.19995117,3691.47338867,4800.54833984,2018.55493164,5089.82373047,5801.26074219,2876.88574219,1557.50915527,1694.74475098,2059.5390625,1487.82617188,883.623168945,331.765319824,134.125717163,137.871780396,243.448196411,91.0238265991,17.2042598724,15.0003042221,3.05248641968,0.471590459347,0.0211607739329,0.00169286120217,0.00100270693656,0.0000193788036995,8.32111979321e-8],"max":[2.79343056679,40.7922096252,116.104698181,210.074279785,376.70703125,389.640563965,497.234375,396.458282471,608.310546875,442.882598877,636.90411377,870.595581055,1094.49145508,881.15020752,1043.50134277,1050.06677246,1302.69128418,692.354980469,1701.62927246,1080.38134766,1469.70996094,958.825805664,528.789001465,634.400146484,952.410949707,465.342773438,250.951507568,197.242523193,190.425827026,380.712646484,295.545379639,147.199020386,178.636917114,56.5993652344,13.8312397003,2.62662887573,0.516718864441,0.532412171364,0.0615212395787,0.00537032820284],"mean":[0.197981283069,1.69705069065,6.02150201797,12.38514328,18.5321025848,13.136548996,9.63611125946,9.19551372528,12.3726549149,15.1905174255,16.7468929291,28.4854030609,40.2636489868,39.4283256531,27.5898628235,29.7234039307,32.6472511292,25.3834018707,40.1867256165,45.659866333,35.1473503113,28.690568924,29.7138080597,27.2351665497,25.7808513641,18.2100772858,10.197183609,5.64758348465,5.71277332306,5.5257396698,3.47527956963,1.92997813225,1.1383960247,0.477688014507,0.154233291745,0.0371543094516,0.0123237296939,0.00480675930157,0.000606128014624,0.000071269358159],"median":[0.100131481886,0.727251589298,2.83270859718,7.84175300598,10.2374210358,7.2310757637,5.25113105774,4.55399513245,6.05963182449,7.49578094482,8.13187503815,15.6666603088,17.8975925446,15.4021749496,13.4097995758,15.9787378311,17.1779899597,15.4182424545,23.6051883698,27.6998100281,19.6048698425,18.741235733,19.3482170105,13.9247102737,11.8287467957,10.4386444092,6.59796857834,3.42975306511,3.31401705742,2.80655026436,1.63889920712,0.889907240868,0.437848389149,0.171529367566,0.05116629228,0.0103562409058,0.00233081448823,0.000538555555977,0.0000658645585645,0.0000431221378676],"min":[1.78010358343e-21,6.05568505913e-21,4.82425271861e-20,9.95223387969e-20,1.25072913943e-19,4.68083982755e-19,3.85866236523e-19,3.72617465597e-19,1.12907951245e-18,1.07796037098e-18,1.06747306498e-18,2.74455363279e-18,3.84619008425e-18,3.23312455287e-18,6.0485659098e-18,3.19804878618e-18,3.86778942441e-18,3.25469452812e-18,2.30126526778e-18,4.63063110174e-18,1.02954968767e-17,7.76735168333e-18,1.0250523894e-17,1.33676440174e-17,1.75084456437e-17,1.59184556139e-17,1.65020166468e-17,2.10261833998e-17,2.15298023896e-17,1.64858039068e-17,1.86467636262e-17,1.66980005493e-17,1.6247258253e-17,1.30760479622e-17,9.22390259111e-18,6.41919162788e-18,2.69580498416e-18,1.27662526928e-18,3.52216167313e-19,3.56609194299e-20],"var":[0.0634860619903,11.487329483,115.057563782,241.450439453,797.333557129,368.617248535,235.474319458,294.026489258,698.403991699,705.016601562,954.135192871,2168.46069336,6518.96777344,6169.64355469,2802.02539062,2797.06030273,3592.53491211,1365.51306152,3560.65332031,3497.46704102,4069.51733398,1926.60449219,1271.63012695,1815.34570312,2129.38476562,743.378967285,187.623352051,57.7046966553,84.4924850464,174.791732788,74.4479522705,20.7967205048,18.9699859619,2.44811534882,0.156506791711,0.00751966610551,0.000943384889979,0.000309155788273,0.00000732536091164,3.40594183967e-8]},"erbbands_crest":{"dmean":2.30139088631,"dmean2":3.79091310501,"dvar":5.174015522,"dvar2":13.0385875702,"max":30.1388645172,"mean":7.64381408691,"median":6.52220678329,"min":2.11930823326,"var":14.6947870255},"erbbands_flatness_db":{"dmean":0.014860083349,"dmean2":0.0218789633363,"dvar":0.000219588851905,"dvar2":0.00043642098899,"max":0.308564603329,"mean":0.150712653995,"median":0.148502036929,"min":0.0291438344866,"var":0.00135190656874},"erbbands_kurtosis":{"dmean":0.677837789059,"dmean2":1.09897899628,"dvar":0.970148682594,"dvar2":2.36610817909,"max":24.3180885315,"mean":-0.0375696346164,"median":-0.388643503189,"min":-1.72158181667,"var":2.03079223633},"erbbands_skewness":{"dmean":0.31998616457,"dmean2":0.50706589222,"dvar":0.0915621742606,"dvar2":0.219553604722,"max":3.93661665916,"mean":-0.0827264785767,"median":-0.0838886648417,"min":-4.1504201889,"var":0.350479602814},"erbbands_spread":{"dmean":8.26072788239,"dmean2":12.9613666534,"dvar":66.0180358887,"dvar2":152.927352905,"max":122.877937317,"mean":40.4570274353,"median":38.3219184875,"min":4.69156074524,"var":283.454589844},"gfcc":{"cov":[[12152.0664062,1004.46746826,-920.796020508,335.011566162,-418.015594482,43.5579185486,-214.524887085,27.0622310638,-136.612075806,-183.786636353,-134.912734985,-140.83164978,-88.6871185303],[1004.46746826,1330.45666504,-205.678771973,135.998657227,135.20993042,-117.034202576,70.5026397705,-49.6272544861,99.0965042114,-141.890106201,31.3649139404,-131.675125122,57.7571220398],[-920.796020508,-205.678771973,585.829284668,83.8797149658,40.1402015686,54.2230186462,9.35327339172,-47.6756019592,0.16666701436,34.7429161072,-61.7615966797,17.4973239899,-25.6877365112],[335.011566162,135.998657227,83.8797149658,265.520965576,25.2261428833,27.5778884888,-3.96201491356,-32.0256156921,1.26704370975,-32.6243743896,-2.84704661369,-31.2641868591,12.3967590332],[-418.015594482,135.20993042,40.1402015686,25.2261428833,256.867553711,12.362408638,34.1270217896,-2.23123526573,17.4370155334,-14.2165136337,-2.84572458267,-0.496842265129,0.13829626143],[43.5579185486,-117.034202576,54.2230186462,27.5778884888,12.362408638,181.670379639,27.7464179993,-3.75311684608,-8.7190246582,10.3999633789,-18.0585632324,8.65540409088,0.727544426918],[-214.524887085,70.5026397705,9.35327339172,-3.96201491356,34.1270217896,27.7464179993,128.506729126,48.2482452393,24.1881523132,3.48168611526,23.8558712006,-3.29700255394,13.0446872711],[27.0622310638,-49.6272544861,-47.6756019592,-32.0256156921,-2.23123526573,-3.75311684608,48.2482452393,119.482254028,29.6553649902,15.914648056,17.894739151,7.79323005676,6.92425775528],[-136.612075806,99.0965042114,0.16666701436,1.26704370975,17.4370155334,-8.7190246582,24.1881523132,29.6553649902,90.9148406982,19.211725235,12.3637809753,-4.16698741913,10.7100400925],[-183.786636353,-141.890106201,34.7429161072,-32.6243743896,-14.2165136337,10.3999633789,3.48168611526,15.914648056,19.211725235,84.685798645,27.1492557526,24.8392772675,-10.3621797562],[-134.912734985,31.3649139404,-61.7615966797,-2.84704661369,-2.84572458267,-18.0585632324,23.8558712006,17.894739151,12.3637809753,27.1492557526,84.2917404175,17.2335071564,10.3938655853],[-140.83164978,-131.675125122,17.4973239899,-31.2641868591,-0.496842265129,8.65540409088,-3.29700255394,7.79323005676,-4.16698741913,24.8392772675,17.2335071564,66.960319519,16.052778244],[-88.6871185303,57.7571220398,-25.6877365112,12.3967590332,0.13829626143,0.727544426918,13.0446872711,6.92425775528,10.7100400925,-10.3621797562,10.3938655853,16.052778244,57.7469749451]],"icov":[[0.000155384710524,-0.000260810047621,0.000278258346952,-0.000314330565743,0.000320699153235,-0.000191351122339,0.000215129373828,-0.000353184062988,0.000379136501579,-0.000248139869655,0.00057551386999,-0.000504988129251,0.000608095666394],[-0.000260810047621,0.00225791102275,-0.0000719497402315,0.000257958570728,-0.001188897877,0.00116896594409,-0.00122987292707,0.0020867891144,-0.00269946851768,0.00260793580674,-0.00205960846506,0.00353094562888,-0.00237273215316],[0.000278258346952,-0.0000719497402315,0.00305347214453,-0.00172307644971,0.000253094593063,-0.0000768936079112,-0.000971035857219,0.000779285095632,0.0000491672872158,-0.00179950031452,0.00349001539871,-0.00197895802557,0.00194369337987],[-0.000314330565743,0.000257958570728,-0.00172307644971,0.00566606130451,-0.000839410000481,-0.000785851327237,0.000730901549105,0.000994150293991,-0.000773943902459,0.00218171370216,-0.00326074939221,0.00363053428009,-0.00288328784518],[0.000320699153235,-0.001188897877,0.000253094593063,-0.000839410000481,0.00516066513956,-0.000758001639042,-0.000523117254488,-0.000717180955689,0.000448216480436,-0.0000654494288028,0.00165808980819,-0.00292427558452,0.00259536341764],[-0.000191351122339,0.00116896594409,-0.0000768936079112,-0.000785851327237,-0.000758001639042,0.00714465323836,-0.00300653767772,0.0017133828951,-0.000371275469661,-0.000621380691882,0.00150583288632,0.000422103301389,-0.00137405167334],[0.000215129373828,-0.00122987292707,-0.000971035857219,0.000730901549105,-0.000523117254488,-0.00300653767772,0.0124058108777,-0.00558654591441,0.000515360035934,0.000343392399373,-0.00319422618486,0.00122222036589,-0.00092056451831],[-0.000353184062988,0.0020867891144,0.000779285095632,0.000994150293991,-0.000717180955689,0.0017133828951,-0.00558654591441,0.0135464603081,-0.00517938937992,0.00103410251904,-0.00136051070876,0.00165389792528,-0.00194727897178],[0.000379136501579,-0.00269946851768,0.0000491672872158,-0.000773943902459,0.000448216480436,-0.000371275469661,0.000515360035934,-0.00517938937992,0.017252586782,-0.00758903473616,0.0026933811605,-0.000807913427707,-0.000843263696879],[-0.000248139869655,0.00260793580674,-0.00179950031452,0.00218171370216,-0.0000654494288028,-0.000621380691882,0.000343392399373,0.00103410251904,-0.00758903473616,0.0224547218531,-0.00933614652604,-0.00103530543856,0.00295311189257],[0.00057551386999,-0.00205960846506,0.00349001539871,-0.00326074939221,0.00165808980819,0.00150583288632,-0.00319422618486,-0.00136051070876,0.0026933811605,-0.00933614652604,0.0215234290808,-0.00789216626436,0.00220314390026],[-0.000504988129251,0.00353094562888,-0.00197895802557,0.00363053428009,-0.00292427558452,0.000422103301389,0.00122222036589,0.00165389792528,-0.000807913427707,-0.00103530543856,-0.00789216626436,0.0282808113843,-0.0129165882245],[0.000608095666394,-0.00237273215316,0.00194369337987,-0.00288328784518,0.00259536341764,-0.00137405167334,-0.00092056451831,-0.00194727897178,-0.000843263696879,0.00295311189257,0.00220314390026,-0.0129165882245,0.0264404788613]],"mean":[8.23053073883,101.547988892,-129.303115845,46.2451057434,-47.5911369324,17.6122245789,-28.7900066376,4.76166343689,-18.4030971527,-7.74089431763,-14.639005661,-7.26356554031,-8.69025802612]},"hfc":{"dmean":6.77733755112,"dmean2":10.7797193527,"dvar":95.7947387695,"dvar2":226.374481201,"max":213.810791016,"mean":22.6427593231,"median":19.784318924,"min":1.19007308526e-16,"var":253.877334595},"melbands":{"dmean":[0.00144421006553,0.00250136572868,0.00163452606648,0.000988073996268,0.000275740370853,0.000152075110236,0.000136192509672,0.00010765078332,0.0000919794038055,0.000110912966193,0.000108078464109,0.0000884759429027,0.000072829418059,0.0000426359147241,0.0000518870656379,0.0000375215677195,0.0000285799815174,0.0000355699412466,0.0000367567590729,0.0000319014361594,0.0000211972255784,0.0000169444865605,0.0000161523294082,0.0000129361160361,0.0000126058894239,0.0000115501698019,0.00000828847169032,0.00000634450179859,0.00000400821772928,0.00000287396210297,0.0000016973650645,0.00000203706485991,0.000001950124215,0.00000183413067134,0.00000140263898629,7.14600389529e-7,6.44150986773e-7,4.86539079247e-7,3.87349729181e-7,2.04908801038e-7],"dmean2":[0.00246834545396,0.00428114505485,0.00282119098119,0.00174495880492,0.000478997564642,0.000247968710028,0.000222097354708,0.000173276886926,0.000149487153976,0.000182954070624,0.000174419139512,0.000140575808473,0.000117909432447,0.0000687697611284,0.0000848577328725,0.0000608486261626,0.0000467686913908,0.0000589523078816,0.000060693204432,0.0000521809633938,0.0000335544427799,0.0000272159013548,0.0000266162242042,0.0000213905113924,0.0000200304784812,0.0000182958374353,0.0000131004735522,0.0000102435360532,0.00000651947812003,0.00000472803776574,0.00000280802237285,0.0000033491846807,0.00000311612393489,0.00000295332029054,0.00000226445217777,0.00000114418924113,0.00000103374213722,7.61445619446e-7,6.11500240666e-7,3.23625954479e-7],"dvar":[0.00000825393271953,0.0000339165999321,0.00000989155250863,0.00000377917172045,3.15124850658e-7,1.01955045295e-7,1.00944696158e-7,4.55756321571e-8,3.3316005954e-8,4.26571311607e-8,4.71248533529e-8,3.80076521367e-8,3.00728935088e-8,1.14729692413e-8,1.22820296156e-8,7.65268648451e-9,3.31642691087e-9,6.3578120546e-9,4.76533035254e-9,4.27477786502e-9,2.21728879701e-9,1.35107480759e-9,8.79184558489e-10,6.00992811073e-10,7.83050291275e-10,6.98458069159e-10,2.71745653757e-10,1.77724557293e-10,7.3048969651e-11,5.98355184844e-11,1.26540097845e-11,2.37850902168e-11,2.40278682367e-11,4.54430035268e-11,2.30378910393e-11,4.20922931926e-12,3.33113484713e-12,4.05366625683e-12,5.08313746997e-12,5.31208540697e-13],"dvar2":[0.0000225999774557,0.0000905017368495,0.0000278028528555,0.000010634773389,8.79719209479e-7,2.5069317644e-7,2.31293824982e-7,9.97428344363e-8,7.49058131078e-8,1.01927128071e-7,1.09666899561e-7,8.71062084684e-8,7.3676957868e-8,2.59484380649e-8,3.01717548723e-8,1.79970012226e-8,8.27725443742e-9,1.72804828225e-8,1.18741256827e-8,1.06187547644e-8,4.67396032988e-9,2.92538659963e-9,2.18608242619e-9,1.57205259921e-9,1.81813397671e-9,1.60077540112e-9,6.00518246241e-10,4.39183606149e-10,1.81812342959e-10,1.5694577582e-10,3.33024614829e-11,6.02659658289e-11,5.13409141589e-11,1.13596458629e-10,5.49403508798e-11,9.61830441681e-12,7.54377376538e-12,8.3843400972e-12,1.1474964208e-11,1.14940706692e-12],"max":[0.0339450724423,0.0559332855046,0.045763194561,0.0303262080997,0.0158490370959,0.00787328369915,0.00871736649424,0.00459371181205,0.00506606698036,0.00526089919731,0.00560493394732,0.00384350935929,0.0043870205991,0.00337940989994,0.00347280642018,0.00247954018414,0.00114969315473,0.00375913782045,0.0018342906842,0.00146863586269,0.00168397102971,0.00143061298877,0.000874361954629,0.000794457504526,0.000610724964645,0.000711555010639,0.000405357975978,0.000291686912533,0.000247495365329,0.000214625179069,0.0000747709636926,0.000149730141857,0.000193309810129,0.000263655063463,0.000212842147448,0.000108576554339,0.0000777542445576,0.000147610218846,0.000147125509102,0.0000339236103173],"mean":[0.00186806044076,0.00286290491931,0.00241542723961,0.00116801226977,0.000367784174159,0.0002120223362,0.000192799052456,0.000158086564625,0.000144385208841,0.000183873897186,0.000198411260499,0.000158049617312,0.000108663574792,0.0000658458448015,0.0000865704205353,0.0000586400892644,0.0000447782185802,0.0000610542774666,0.0000660489604343,0.0000532058620593,0.0000393929367419,0.0000303367978631,0.000028891265174,0.0000238043794525,0.0000217473552766,0.0000209303179872,0.0000156250916916,0.0000111531744551,0.00000685493796482,0.00000458812428406,0.00000276681907962,0.00000319232549373,0.0000032474542877,0.00000301244449474,0.00000226677548198,0.00000124484904518,0.00000115392822408,8.40650557166e-7,6.16576699031e-7,3.27619346763e-7],"median":[0.00091546587646,0.00140142207965,0.00157742958982,0.000667606829666,0.000214008090552,0.000107603511424,0.0000980779441306,0.00007817234291,0.0000686316780047,0.000100096993265,0.0000837956395117,0.0000573569159315,0.0000438242932432,0.0000312579577439,0.0000446258236479,0.0000299958792311,0.0000244159837166,0.0000331526789523,0.0000404618622269,0.0000280490203295,0.0000202351038752,0.0000176589037437,0.0000178342270374,0.0000147603641381,0.0000101437626654,0.00000854275094753,0.00000783176074037,0.00000624918948233,0.00000421961567554,0.00000272712759397,0.00000161958894296,0.00000181488030648,0.00000174723209057,0.00000143984232182,0.0000010116808653,5.85434293043e-7,5.08582957082e-7,3.16912093012e-7,2.13651603076e-7,1.13379705624e-7],"min":[2.01000670022e-23,1.97046851834e-23,1.84619452677e-23,1.90138150021e-23,1.77118253215e-23,7.33432540349e-24,1.83612566395e-23,1.21244521142e-23,9.27749965005e-24,1.6933520953e-23,2.04392756137e-23,1.42006212096e-23,1.88801851202e-23,1.04299970336e-23,5.6870584045e-24,1.16941781886e-23,4.77499399196e-24,3.79007354166e-24,3.5679101948e-24,7.90006804572e-24,1.36730357694e-23,7.50129885813e-24,8.30739558527e-24,1.03854958122e-23,1.08089666013e-23,1.23610291331e-23,1.41933242463e-23,9.20823608485e-24,1.03864732109e-23,8.94995908017e-24,1.34010854386e-23,1.19929860778e-23,1.2774502688e-23,6.99531874036e-24,1.0847953685e-23,1.0593126369e-23,9.9809316524e-24,1.18225432129e-23,9.4692315042e-24,1.15276362409e-23],"var":[0.0000078113289419,0.000027512152883,0.00000926093798626,0.00000295678455586,2.83648432742e-7,1.41592167324e-7,1.53586327656e-7,8.07741713515e-8,6.99857807263e-8,8.45755678824e-8,1.66758582054e-7,1.07699904106e-7,5.58511779047e-8,2.24830518647e-8,2.24099867552e-8,1.18354144263e-8,5.20069054488e-9,1.02981640993e-8,7.85197862285e-9,7.19295822904e-9,5.8281721671e-9,3.5162013301e-9,1.52706614021e-9,9.87098180971e-10,1.44969702909e-9,1.691583984e-9,6.56102339125e-10,3.11188214086e-10,1.0532294481e-10,5.72488167982e-11,1.4278507196e-11,2.70875613606e-11,4.81296599797e-11,6.60404092523e-11,3.66872747459e-11,9.0161888372e-12,7.65099181926e-12,1.09567389883e-11,8.01319340743e-12,8.20109063125e-13]},"melbands_crest":{"dmean":3.33524680138,"dmean2":5.47986364365,"dvar":7.73085355759,"dvar2":20.4137649536,"max":32.1062202454,"mean":13.7684926987,"median":13.3669557571,"min":1.58699774742,"var":21.0827331543},"melbands_flatness_db":{"dmean":0.0278715379536,"dmean2":0.0433931909502,"dvar":0.000818231666926,"dvar2":0.00186214502901,"max":0.569844186306,"mean":0.185412615538,"median":0.181877851486,"min":0.00396710308269,"var":0.00357149424963},"melbands_kurtosis":{"dmean":8.34503936768,"dmean2":13.5568943024,"dvar":235.495239258,"dvar2":554.387023926,"max":389.0027771,"mean":13.1133785248,"median":6.5539484024,"min":-1.7882900238,"var":422.089538574},"melbands_skewness":{"dmean":0.845867156982,"dmean2":1.33280265331,"dvar":0.916635870934,"dvar2":2.09837341309,"max":12.4805450439,"mean":2.71527051926,"median":2.42921423912,"min":-1.44021081924,"var":3.0127325058},"melbands_spread":{"dmean":7.96056318283,"dmean2":12.5035839081,"dvar":84.9025497437,"dvar2":190.909286499,"max":199.334121704,"mean":27.2261772156,"median":23.2668552399,"min":0.376167982817,"var":372.101379395},"mfcc":{"cov":[[7295.72216797,374.228790283,-277.571838379,120.830627441,-106.695159912,-64.2188186646,-84.8006362915,58.8206443787,-57.4453926086,29.739528656,-69.5828018188,-54.2956237793,-47.2665901184],[374.228790283,1032.76489258,-185.253005981,171.102752686,55.2621154785,-6.57041168213,-15.7072410583,49.8671989441,36.1844978333,37.9915924072,2.96978092194,-5.16679096222,-29.565568924],[-277.571838379,-185.253005981,465.045196533,40.328994751,-0.148024499416,95.2609481812,-4.93523216248,-21.8906784058,28.7838382721,-22.4567890167,0.0985674858093,12.8775663376,-25.2411460876],[120.830627441,171.102752686,40.328994751,238.821853638,61.0550880432,13.5179357529,6.49030923843,10.9998531342,0.419975280762,2.86422014236,-5.21311092377,-2.9471809864,-6.44163751602],[-106.695159912,55.2621154785,-0.148024499416,61.0550880432,166.383926392,64.3784179688,7.77615833282,13.0683240891,15.125790596,-14.2622241974,-7.84032392502,-3.91966915131,-7.27729129791],[-64.2188186646,-6.57041168213,95.2609481812,13.5179357529,64.3784179688,175.989471436,27.7186851501,4.91336297989,19.8418388367,-21.6969928741,-7.33036279678,10.6636724472,-20.7100372314],[-84.8006362915,-15.7072410583,-4.93523216248,6.49030923843,7.77615833282,27.7186851501,106.769592285,35.8879165649,4.96465015411,16.2976551056,4.17948055267,-7.77943563461,20.3555374146],[58.8206443787,49.8671989441,-21.8906784058,10.9998531342,13.0683240891,4.91336297989,35.8879165649,81.781288147,36.9370384216,14.0576248169,2.15871286392,-5.48622751236,7.54535627365],[-57.4453926086,36.1844978333,28.7838382721,0.419975280762,15.125790596,19.8418388367,4.96465015411,36.9370384216,84.3371887207,25.3275852203,-1.38313102722,5.31707715988,-0.432885289192],[29.739528656,37.9915924072,-22.4567890167,2.86422014236,-14.2622241974,-21.6969928741,16.2976551056,14.0576248169,25.3275852203,67.8341522217,26.9439430237,1.35837900639,12.7250204086],[-69.5828018188,2.96978092194,0.0985674858093,-5.21311092377,-7.84032392502,-7.33036279678,4.17948055267,2.15871286392,-1.38313102722,26.9439430237,64.6150588989,29.5571365356,4.95654726028],[-54.2956237793,-5.16679096222,12.8775663376,-2.9471809864,-3.91966915131,10.6636724472,-7.77943563461,-5.48622751236,5.31707715988,1.35837900639,29.5571365356,65.6048583984,16.6544342041],[-47.2665901184,-29.565568924,-25.2411460876,-6.44163751602,-7.27729129791,-20.7100372314,20.3555374146,7.54535627365,-0.432885289192,12.7250204086,4.95654726028,16.6544342041,66.2940750122]],"icov":[[0.000155708155944,-0.0000145671428982,0.0000834212987684,-0.0000997889583232,0.00016425299691,-0.000107538318844,0.000238126071054,-0.000293895398499,0.000281683140201,-0.000263706955593,0.000286703318125,-0.0000370780580852,0.000111692890641],[-0.0000145671428982,0.00135253136978,0.000698142743204,-0.00104320596438,0.0000583833207202,-0.00025165308034,0.000450788647868,-0.000487171142595,-0.000398801494157,-0.000567945884541,0.0000696608112776,-0.000211670048884,0.000756465888117],[0.0000834212987684,0.000698142743204,0.00318479142152,-0.00133233168162,0.00112659891602,-0.00167464313563,0.00026371475542,0.00101653044112,-0.00191393471323,0.000999307609163,-0.000760769064073,0.000204719617614,0.000658950477373],[-0.0000997889583232,-0.00104320596438,-0.00133233168162,0.00582371838391,-0.00235509686172,0.000947678054217,-0.000579660059884,-0.000493282801472,0.00162405683659,-0.00103427900467,0.00104448013008,-0.000649475550745,0.000088061169663],[0.00016425299691,0.0000583833207202,0.00112659891602,-0.00235509686172,0.0085632270202,-0.00340256793424,0.000810984405689,-0.000481655093608,-0.00161129026674,0.00209161359817,-0.00101203238592,0.00166216818616,-0.00072778458707],[-0.000107538318844,-0.00025165308034,-0.00167464313563,0.000947678054217,-0.00340256793424,0.00938483420759,-0.00400163885206,0.00129996531177,-0.00182264379691,0.0023612016812,0.000924223975744,-0.00293879956007,0.00310864555649],[0.000238126071054,0.000450788647868,0.00026371475542,-0.000579660059884,0.000810984405689,-0.00400163885206,0.0144787942991,-0.0070173451677,0.00391224492341,-0.00405748467892,-0.000080592566519,0.00288019469008,-0.00430634710938],[-0.000293895398499,-0.000487171142595,0.00101653044112,-0.000493282801472,-0.000481655093608,0.00129996531177,-0.0070173451677,0.0206749774516,-0.0106698712334,0.00407844828442,-0.00363804632798,0.00288732233457,-0.00123882654589],[0.000281683140201,-0.000398801494157,-0.00191393471323,0.00162405683659,-0.00161129026674,-0.00182264379691,0.00391224492341,-0.0106698712334,0.02201651223,-0.01177542191,0.0077105932869,-0.00505345314741,0.0018160288455],[-0.000263706955593,-0.000567945884541,0.000999307609163,-0.00103427900467,0.00209161359817,0.0023612016812,-0.00405748467892,0.00407844828442,-0.01177542191,0.0276970081031,-0.0144032919779,0.00711183389649,-0.0045154793188],[0.000286703318125,0.0000696608112776,-0.000760769064073,0.00104448013008,-0.00101203238592,0.000924223975744,-0.000080592566519,-0.00363804632798,0.0077105932869,-0.0144032919779,0.0283815301955,-0.0144659699872,0.00499096466228],[-0.0000370780580852,-0.000211670048884,0.000204719617614,-0.000649475550745,0.00166216818616,-0.00293879956007,0.00288019469008,0.00288732233457,-0.00505345314741,0.00711183389649,-0.0144659699872,0.0252798981965,-0.0087219607085],[0.000111692890641,0.000756465888117,0.000658950477373,0.000088061169663,-0.00072778458707,0.00310864555649,-0.00430634710938,-0.00123882654589,0.0018160288455,-0.0045154793188,0.00499096466228,-0.0087219607085,0.0208118278533]],"mean":[-622.179138184,119.930786133,-11.6863889694,30.3547821045,7.32308626175,12.7920703888,2.80847048759,10.6564970016,0.750667273998,6.80470228195,-3.79990768433,-4.47247600555,-2.4172475338]},"pitch_salience":{"dmean":0.0726061910391,"dmean2":0.119353085756,"dvar":0.00414948584512,"dvar2":0.0108206579462,"max":0.842544555664,"mean":0.589996755123,"median":0.601173996925,"min":0.130612030625,"var":0.0100103765726},"silence_rate_20dB":{"dmean":0,"dmean2":0,"dvar":0,"dvar2":0,"max":1,"mean":1,"median":1,"min":1,"var":0},"silence_rate_30dB":{"dmean":0.0370448343456,"dmean2":0.0740974619985,"dvar":0.0356732271612,"dvar2":0.0894495397806,"max":1,"mean":0.973271608353,"median":1,"min":0,"var":0.0260160602629},"silence_rate_60dB":{"dmean":0.00589349633083,"dmean2":0.0117882331833,"dvar":0.00585837848485,"dvar2":0.0124897882342,"max":1,"mean":0.0397769138217,"median":0,"min":0,"var":0.0381931997836},"spectral_centroid":{"dmean":287.381103516,"dmean2":447.2890625,"dvar":85446.625,"dvar2":188722.90625,"max":10865.3789062,"mean":1495.33837891,"median":1427.83850098,"min":143.660171509,"var":392806.28125},"spectral_complexity":{"dmean":4.27973079681,"dmean2":6.68287563324,"dvar":18.6679954529,"dvar2":38.3743782043,"max":58,"mean":24.4625911713,"median":25,"min":0,"var":97.1841659546},"spectral_contrast_coeffs":{"dmean":[0.056664519012,0.0478651337326,0.0399454273283,0.0300799813122,0.0223295520991,0.0169577915221],"dmean2":[0.0929816365242,0.0791928991675,0.065969504416,0.0499152466655,0.035793453455,0.0273329634219],"dvar":[0.00228329910897,0.0014607293997,0.00103103427682,0.000599766091909,0.000373312359443,0.000239003813476],"dvar2":[0.0059650503099,0.00386955006979,0.00269212923013,0.00154642446432,0.000886235677171,0.000587816874031],"max":[-0.338513344526,-0.446891874075,-0.50317376852,-0.557337999344,-0.530444025993,-0.629691004753],"mean":[-0.645919203758,-0.76768052578,-0.771091282368,-0.789221167564,-0.7883040905,-0.745092511177],"median":[-0.642077326775,-0.774774730206,-0.779558539391,-0.794312477112,-0.795483350754,-0.741854310036],"min":[-0.947120547295,-0.955507278442,-0.968619227409,-0.96847641468,-0.956444442272,-0.959918856621],"var":[0.00646884739399,0.00442366953939,0.00450796959922,0.0025752116926,0.00233732583001,0.00115098280367]},"spectral_contrast_valleys":{"dmean":[0.40566983819,0.377652049065,0.313093870878,0.247075498104,0.232657894492,0.267512112856],"dmean2":[0.669304430485,0.617387533188,0.514405608177,0.400068640709,0.358484834433,0.37807098031],"dvar":[0.140234053135,0.115869738162,0.0785875841975,0.0566807202995,0.0683312565088,0.117906972766],"dvar2":[0.334633886814,0.278818517923,0.185682862997,0.118726298213,0.128188118339,0.213420912623],"max":[-4.93562889099,-4.55461883545,-5.19708347321,-5.71348762512,-5.28242731094,-7.36104488373],"mean":[-6.89044952393,-6.73542737961,-7.03855609894,-7.19562339783,-7.18972969055,-10.1958827972],"median":[-6.6628036499,-6.55086040497,-6.85803127289,-7.02030324936,-7.02337312698,-10.0463171005],"min":[-27.4081478119,-27.774477005,-27.2752723694,-26.891040802,-27.394744873,-27.2174072266],"var":[1.61508834362,1.40651321411,1.29535746574,1.21223020554,1.18134498596,1.12476277351]},"spectral_decrease":{"dmean":4.1429037978e-9,"dmean2":7.01586655438e-9,"dvar":5.75835099809e-17,"dvar2":1.52566833306e-16,"max":1.33340439409e-17,"mean":-8.71181526918e-9,"median":-7.32217397825e-9,"min":-7.50214042e-8,"var":5.65391382093e-17},"spectral_energy":{"dmean":0.0160827655345,"dmean2":0.0271984469146,"dvar":0.000845019763801,"dvar2":0.00223696092144,"max":0.287587821484,"mean":0.0349340513349,"median":0.0299561731517,"min":1.09675239261e-20,"var":0.000839286774863},"spectral_energyband_high":{"dmean":0.000370837165974,"dmean2":0.000577833910938,"dvar":7.11584903001e-7,"dvar2":0.00000161857769854,"max":0.0248208921403,"mean":0.000772417814005,"median":0.000478856643895,"min":7.70313480248e-21,"var":0.00000144198315866},"spectral_energyband_low":{"dmean":0.0106436545029,"dmean2":0.0180202238262,"dvar":0.000515066902153,"dvar2":0.00136848690454,"max":0.215175107121,"mean":0.0155251752585,"median":0.00998673029244,"min":1.63473941449e-22,"var":0.00047331789392},"spectral_energyband_middle_high":{"dmean":0.00211591063999,"dmean2":0.00332938553765,"dvar":0.00000795683081378,"dvar2":0.0000184585096576,"max":0.0463313348591,"mean":0.00708704581484,"median":0.00528527097777,"min":1.57477992725e-21,"var":0.0000357812532457},"spectral_energyband_middle_low":{"dmean":0.00797812081873,"dmean2":0.0138090597466,"dvar":0.000190368547919,"dvar2":0.000535148661584,"max":0.172408655286,"mean":0.0143055440858,"median":0.0110768843442,"min":4.35701332765e-22,"var":0.000185603174032},"spectral_entropy":{"dmean":0.126697391272,"dmean2":0.194623291492,"dvar":0.0162676777691,"dvar2":0.035988483578,"max":9.79634666443,"mean":7.69777822495,"median":7.71673297882,"min":5.76518535614,"var":0.0860908329487},"spectral_flux":{"dmean":0.0336296148598,"dmean2":0.0511457622051,"dvar":0.00202163495123,"dvar2":0.00405007274821,"max":0.464075446129,"mean":0.10500921309,"median":0.0908434763551,"min":1.04725950134e-10,"var":0.00362213863991},"spectral_kurtosis":{"dmean":1.45118677616,"dmean2":2.49264502525,"dvar":2.72874689102,"dvar2":7.70322370529,"max":22.496088028,"mean":3.81661295891,"median":3.28271770477,"min":-1.16355681419,"var":5.21185827255},"spectral_rms":{"dmean":0.00113768444862,"dmean2":0.00185099663213,"dvar":0.00000255639633906,"dvar2":0.0000064538648985,"max":0.0167503282428,"mean":0.00542754260823,"median":0.00540606491268,"min":3.27108891189e-12,"var":0.00000462382786282},"spectral_rolloff":{"dmean":486.880401611,"dmean2":797.831176758,"dvar":453577.25,"dvar2":1002929.25,"max":19573.6816406,"mean":1572.78320312,"median":1248.92578125,"min":86.1328125,"var":3200694.75},"spectral_skewness":{"dmean":0.188435018063,"dmean2":0.313304305077,"dvar":0.0335509888828,"dvar2":0.0869017764926,"max":3.54441356659,"mean":1.31694149971,"median":1.28857135773,"min":0.0302874147892,"var":0.0961853936315},"spectral_spread":{"dmean":383101.9375,"dmean2":564391.3125,"dvar":278019309568,"dvar2":452947345408,"max":40333940,"mean":4007009,"median":3815030.25,"min":1774911.875,"var":1545204006910},"spectral_strongpeak":{"dmean":0.53162497282,"dmean2":0.915557920933,"dvar":0.974195182323,"dvar2":2.4052670002,"max":16.4285564423,"mean":0.823056161404,"median":0.407817780972,"min":0,"var":1.60556399822},"zerocrossingrate":{"dmean":0.00916881393641,"dmean2":0.0112158730626,"dvar":0.000104106067738,"dvar2":0.000131764769321,"max":0.55126953125,"mean":0.0612251646817,"median":0.05419921875,"min":0.00390625,"var":0.00210817973129}},"metadata":{"audio_properties":{"analysis_sample_rate":44100,"bit_rate":320038,"codec":"mp3","downmix":"mix","equal_loudness":0,"length":220.630203247,"lossless":false,"md5_encoded":"2f6518a731b3800cac43298bcfc142d8","replay_gain":-7.22025299072,"sample_rate":44100},"tags":{"album":["Buzzkill(er) / It's Just Too Bad"],"albumartist":["The Dead Weather"],"albumartistsort":["Dead Weather, The"],"artist":["The Dead Weather"],"artistsort":["Dead Weather, The"],"catalognumber":["TMR-286"],"contentgroup":["Rock"],"date":["2014-10"],"discnumber":["1/1"],"file_name":"02 It's Just Too Bad.mp3","genre":["Rock; Garage Rock; Alternative; Stoner Rock; Alternative Rock"],"label":["Third Man Records"],"media":["7\" Vinyl"],"mood":["Sexy"],"musicbrainz album release country":["US"],"musicbrainz album type":["single"],"musicbrainz_albumartistid":["334bd887-9044-4c38-aebd-4baab851efb4"],"musicbrainz_albumid":["f6d164bb-85d5-4cd5-a073-79408643b612"],"musicbrainz_artistid":["334bd887-9044-4c38-aebd-4baab851efb4"],"musicbrainz_recordingid":["ac7a0f8c-6c16-4275-93a7-1c08e193c47a"],"musicbrainz_releasegroupid":["1e6a89d7-3931-4bed-89b9-a56477224213"],"originaldate":["2014-10"],"originalyear":["2014"],"title":["It's Just Too Bad"],"tracknumber":["2/2"]},"version":{"essentia":"2.1-beta2","essentia_build_sha":"70f2e5ece6736b2c40cc944ad0e695b16b925413","essentia_git_sha":"v2.1_beta2","extractor":"music 1.0"}},"rhythm":{"beats_count":439,"beats_loudness":{"dmean":0.0162511095405,"dmean2":0.0267744194716,"dvar":0.00019429664826,"dvar2":0.000535239116289,"max":0.13055036962,"mean":0.0370539538562,"median":0.0357258357108,"min":2.86837498198e-10,"var":0.000366449268768},"beats_loudness_band_ratio":{"dmean":[0.239037424326,0.131639882922,0.0860019847751,0.0897514820099,0.0660481452942,0.0670220181346],"dmean2":[0.408431977034,0.247652620077,0.15265250206,0.154078260064,0.111959315836,0.118990547955],"dvar":[0.031695