{"lowlevel":{"average_loudness":0.000924643361941,"barkbands":{"dmean":[0.00000717431339581,0.000165048375493,0.000398920936277,0.000504084920976,0.00182577606756,0.000650111178402,0.000729269580916,0.000554945669137,0.000206040785997,0.000194097257918,0.000143641183968,0.000196411448997,0.0000986597297015,0.0000866004775162,0.0000836724721012,0.000114662681881,0.000125829625176,0.000246421404881,0.0000646321932436,0.0000603392909397,0.0000525464383827,0.0000738453964004,0.0000762863928685,0.0000812624421087,0.0000179599192052,0.00000450289644505,8.21546450425e-7],"dmean2":[0.0000116275268738,0.000298941537039,0.000574891339056,0.000902874278836,0.00301438267343,0.00107310747262,0.00130223040469,0.00080997182522,0.000301919237245,0.00031310992199,0.000234517894569,0.000305786845274,0.000159363800776,0.000143182332977,0.000136277070851,0.000195864020498,0.000215719337575,0.00040030881064,0.000106305429654,0.000100249664683,0.0000854651661939,0.000127082574181,0.000122588462546,0.000139528769068,0.0000294321343972,0.00000746011755837,0.0000013623060795],"dvar":[7.44144745823e-9,0.00000102779790723,0.00000213428711504,0.00000697324367138,0.0000996056260192,0.0000103488509922,0.00000867545440997,0.0000028948252293,0.00000395294182454,7.86704447364e-7,8.90020317001e-7,0.00000177256845291,3.57051277433e-7,3.71987169956e-7,4.11721288174e-7,0.00000194957351596,0.00000136298854159,0.00000441138263341,3.32632453137e-7,3.66816152564e-7,2.57448732555e-7,0.00000224104383051,5.23239350514e-7,0.00000322702385347,7.41798018566e-8,6.13152906226e-9,8.46369432872e-11],"dvar2":[1.94221598804e-8,0.00000311468193104,0.00000467104018753,0.0000232091624639,0.000211438775295,0.000023919998057,0.0000309460592689,0.00000662577713229,0.00000609820881436,0.00000202593628273,0.00000197805843527,0.00000395703864342,0.00000100482122889,0.00000105602418898,0.00000112881718906,0.00000555008000447,0.00000382271036869,0.0000112495254143,8.28816496323e-7,0.00000104053322048,6.25141012733e-7,0.00000624939320915,0.00000109369989332,0.00000855155303725,2.02101006153e-7,1.59929900434e-8,2.35091585088e-10],"max":[0.00548001006246,0.0446338355541,0.0412968695164,0.103340499103,0.706847131252,0.266251266003,0.074247635901,0.0458356849849,0.186243310571,0.0517408847809,0.0608161725104,0.0932314321399,0.0223926436156,0.0221664924175,0.0275877062231,0.0828096792102,0.0530664101243,0.090346775949,0.0328850932419,0.0228654369712,0.0180997960269,0.103827774525,0.0438457764685,0.118262693286,0.0180412884802,0.00456401426345,0.000508033903316],"mean":[0.00000835506671137,0.000245016562985,0.000757486617658,0.00135785038583,0.00427205301821,0.00164131913334,0.00129279284738,0.00136818643659,0.00050961994566,0.000425542675657,0.000266182760242,0.000454276829259,0.000288906361675,0.000201154252863,0.000178047732334,0.000209744132007,0.000249740376603,0.000519122579135,0.000151320622535,0.000109659384179,0.00012812683417,0.000162529700901,0.00018814719806,0.000160104973475,0.000048929159675,0.000011091480701,0.00000208907499655],"median":[0.00000253448365584,0.0000131674687509,0.00000607597121416,0.00000902898682398,0.000278806051938,0.000257494597463,0.000117008901725,0.0000784777730587,0.0000324940556311,0.0000309173483402,0.00000934665331442,0.00000862934302859,0.0000057699962781,0.00000392106039726,0.00000535464778295,0.0000047148273552,0.00001387717748,0.00000713339977665,0.0000019976907879,9.95966274786e-7,5.77572961902e-7,3.64630466265e-7,2.2127638033e-7,1.78627374225e-7,1.97351099018e-7,2.43384988607e-7,2.59287844528e-7],"min":[6.59346983979e-23,5.05722239144e-24,3.24566248717e-23,1.04118114231e-23,3.49202532559e-23,1.46673381424e-23,4.60649330261e-23,9.04849837797e-23,5.24417059307e-23,7.91162170254e-23,1.23790161084e-22,9.58070748976e-23,1.06477958497e-22,8.24580779445e-23,8.87306202354e-23,1.62374483918e-22,1.91647231466e-22,2.09130332879e-22,3.57315746088e-22,2.58007523478e-22,5.42204774625e-22,6.34536791017e-22,8.07899488878e-22,7.1349977339e-22,1.35424925424e-21,1.68730476333e-21,2.78743488416e-21],"var":[6.03768190999e-9,0.00000151054257458,0.00000663859236738,0.0000516515683557,0.000584037334193,0.0001208817921,0.000025388026188,0.0000104685095721,0.0000239814635279,0.00000315199145007,0.00000169017778262,0.00000556625445824,0.00000173507851287,0.00000127752741719,0.00000111596909846,0.00000199143119062,0.00000344257114193,0.0000102268095361,0.00000111031442884,8.02121917332e-7,9.46174566252e-7,0.00000286012391371,0.00000201859597837,0.0000046876621127,1.58070577072e-7,8.74219097113e-9,1.18350426681e-10]},"barkbands_crest":{"dmean":2.48337221146,"dmean2":4.08463001251,"dvar":5.02796268463,"dvar2":14.7263288498,"max":26.9419269562,"mean":12.9257574081,"median":12.5215845108,"min":1.94078505039,"var":24.1600055695},"barkbands_flatness_db":{"dmean":0.0190828703344,"dmean2":0.0306216645986,"dvar":0.000324234890286,"dvar2":0.000923426181544,"max":0.516931831837,"mean":0.20143660903,"median":0.211821705103,"min":0.019380480051,"var":0.00616493215784},"barkbands_kurtosis":{"dmean":4.71581888199,"dmean2":7.4467830658,"dvar":137.922683716,"dvar2":317.658905029,"max":665.032348633,"mean":11.2417182922,"median":4.69796419144,"min":-1.93162953854,"var":630.062194824},"barkbands_skewness":{"dmean":0.558960616589,"dmean2":0.89332652092,"dvar":0.417079508305,"dvar2":1.07812738419,"max":12.4094657898,"mean":1.57852482796,"median":1.52358531952,"min":-14.4025793076,"var":3.72929954529},"barkbands_spread":{"dmean":3.65609693527,"dmean2":5.9524974823,"dvar":31.9119720459,"dvar2":87.2549057007,"max":146.242401123,"mean":17.0648345947,"median":8.65189266205,"min":0.116444006562,"var":375.391326904},"dissonance":{"dmean":0.025534927845,"dmean2":0.0438807532191,"dvar":0.000814692350104,"dvar2":0.00242417422123,"max":0.499999970198,"mean":0.436473608017,"median":0.449987888336,"min":0.207908347249,"var":0.00289300852455},"dynamic_complexity":10.2544364929,"erbbands":{"dmean":[0.00252200174145,0.04729905352,0.334662437439,0.887448787689,4.34309911728,6.71058893204,7.15280294418,5.42654943466,6.32969856262,15.8195819855,7.65445756912,4.41117811203,4.79010057449,7.06121397018,4.75189781189,7.79750442505,4.66769838333,3.8601629734,4.70382070541,3.6300945282,7.05216360092,7.82338762283,14.3291816711,5.06588411331,2.71841955185,2.94535064697,2.45481729507,1.90965807438,2.66126918793,2.98059058189,2.26002788544,2.0018055439,0.755628764629,0.236392632127,0.129635572433,0.0329900123179,0.00626648869365,0.0011462753173,0.00014615325199,0.0000101090472526],"dmean2":[0.00451962929219,0.0850776210427,0.499285370111,1.49494802952,7.52665042877,10.6474895477,11.7297582626,8.64549446106,10.919424057,26.5702171326,11.2783727646,6.66879987717,6.95382261276,11.7885580063,7.76792430878,12.0736532211,7.28608131409,6.7006611824,7.68670749664,5.82109928131,12.0514411926,12.8898839951,22.8163604736,8.41507720947,4.42300987244,4.87407493591,4.08884620667,3.12024354935,4.72022771835,4.81126880646,3.73656773567,3.31528615952,1.29109871387,0.397331982851,0.22076818347,0.0548570938408,0.0105633391067,0.00192768732086,0.000238123524468,0.0000164659522852],"dvar":[0.000303158536553,0.0788750201464,1.79863762856,12.6406135559,445.612304688,2647.43408203,566.867919922,1130.33569336,429.831085205,2698.7644043,486.038513184,1398.16235352,1014.06750488,1221.07263184,1169.11901855,3279.19946289,642.932495117,790.189758301,1377.90026855,645.719970703,8193.90917969,4895.32666016,14897.8076172,2084.99584961,567.86126709,973.90222168,688.551818848,472.800598145,4763.29199219,907.568969727,460.443969727,1842.71350098,131.225265503,9.47817802429,5.08808803558,0.366405814886,0.0145074538887,0.000270206364803,0.00000254554265666,5.85380988127e-9],"dvar2":[0.000948188884649,0.237242847681,4.24022912979,38.910987854,1424.9161377,4959.38378906,1544.27868652,2170.57177734,1279.74511719,8801.69726562,1058.35095215,2463.16772461,1602.61083984,3047.57543945,2980.92797852,6871.53808594,1734.59912109,2355.77612305,3778.70263672,1812.18188477,23411.4628906,13416.4960938,38073.6875,5384.15673828,1553.32373047,2770.51464844,1949.90576172,967.152160645,13670.9541016,1813.13354492,1196.24694824,4937.42138672,325.734344482,25.5586299896,14.3851766586,0.967751264572,0.0411051735282,0.000749999657273,0.0000071369536272,1.59558677382e-8],"max":[0.931607365608,11.1545362473,40.9356040955,169.781204224,782.147583008,4206.0234375,1053.45117188,3449.44018555,881.13659668,1544.0814209,690.315063477,3197.25024414,3021.30053711,1880.40783691,1747.51184082,4048.20019531,832.429077148,1208.39587402,1980.15209961,1070.15808105,5215.84326172,3440.97119141,6100.36474609,2226.23852539,1075.99645996,1154.85083008,1111.1048584,1251.92810059,4636.32861328,2100.11132812,817.19140625,2737.16650391,744.314819336,190.033462524,149.512557983,36.0841598511,7.82266998291,1.00409090519,0.0926778167486,0.00436556804925],"mean":[0.00397935556248,0.0747817382216,0.634872317314,2.64523911476,8.14978599548,17.563501358,13.4734563828,16.3437900543,13.0344333649,31.7708835602,21.4838123322,10.9772930145,11.9469261169,16.9457702637,11.3762025833,18.9529666901,15.4838924408,9.64815139771,10.8715009689,9.12968444824,12.4337568283,16.0402450562,30.800567627,11.2335300446,6.76238012314,5.47334289551,5.24231338501,4.86456394196,5.3666472435,7.06789302826,5.13118886948,4.05819892883,1.69943118095,0.645976483822,0.307791143656,0.0802002549171,0.0142062846571,0.00292059662752,0.000378114724299,0.0000350867303496],"median":[0.000520151108503,0.00252875639126,0.00801967456937,0.0250605605543,0.244571253657,1.14742684364,2.38333272934,1.78931879997,1.57482743263,2.96838879585,1.87723958492,1.16868376732,0.950855851173,1.04604387283,0.686644792557,0.418309688568,0.389098972082,0.234498649836,0.4244171381,0.26080468297,0.409768074751,0.820886909962,0.622524023056,0.249725744128,0.0906495898962,0.0527129657567,0.0336924567819,0.0223046466708,0.0137569252402,0.00967443082482,0.00641145231202,0.00416534673423,0.00294144125655,0.0021501230076,0.00149320135824,0.000916252087336,0.00047049758723,0.00017651914095,0.0000439071336586,0.0000108435860966],"min":[4.08254955985e-22,1.31015301511e-21,2.44777606656e-20,5.44887650931e-20,1.02190571421e-19,9.58378501664e-20,4.63571240762e-20,1.58193303218e-19,4.66341836987e-19,1.41722363953e-18,1.90186110901e-18,1.29423315278e-18,1.94072350175e-18,1.99655033488e-18,7.03060589996e-18,4.27595714818e-18,4.78390063821e-18,3.78641966755e-18,3.48490034016e-18,7.35160574437e-18,9.13648779833e-18,1.06434561916e-17,1.19800518485e-17,1.34691233621e-17,1.94339599823e-17,1.25742760667e-17,2.11683691297e-17,2.01286444587e-17,1.90652607679e-17,2.85286056766e-17,2.10650708148e-17,1.68587664101e-17,1.11534229654e-17,1.3376156533e-17,1.08902844049e-17,5.43372256049e-18,3.38640670385e-18,1.65822664011e-18,3.78714898236e-19,4.00733916229e-20],"var":[0.000389335560612,0.121424168348,5.11591434479,135.110671997,1045.90820312,20382.9296875,1561.8034668,19654.2402344,2243.74145508,8745.81445312,2485.91992188,7489.05664062,6265.70117188,5291.27294922,2675.41796875,10318.8828125,4250.02294922,2683.37768555,3844.27050781,2517.38745117,7836.03759766,12902.8916016,36053.8046875,5949.56201172,1909.1282959,1956.00085449,1696.10314941,1627.40209961,4273.39697266,3437.57275391,1394.5592041,2761.41674805,280.361419678,30.3347988129,6.14019966125,0.507408559322,0.0150693133473,0.000328248075675,0.00000354861936103,1.11498046351e-8]},"erbbands_crest":{"dmean":2.5243730545,"dmean2":4.11982584,"dvar":5.93039751053,"dvar2":16.7002162933,"max":35.1702003479,"mean":13.4247560501,"median":12.175652504,"min":2.22429418564,"var":47.5431365967},"erbbands_flatness_db":{"dmean":0.01494604256,"dmean2":0.0233535412699,"dvar":0.000225557814701,"dvar2":0.000576077960432,"max":0.511182904243,"mean":0.221330016851,"median":0.231553152204,"min":0.0221753194928,"var":0.00689955241978},"erbbands_kurtosis":{"dmean":2.09054422379,"dmean2":3.28248357773,"dvar":22.2717952728,"dvar2":52.5439376831,"max":214.173782349,"mean":4.87033843994,"median":0.857850074768,"min":-1.77197027206,"var":211.706283569},"erbbands_skewness":{"dmean":0.396134883165,"dmean2":0.624395906925,"dvar":0.191355720162,"dvar2":0.480626255274,"max":10.0897903442,"mean":0.944175183773,"median":0.693036437035,"min":-5.40695714951,"var":2.63859915733},"erbbands_spread":{"dmean":5.14555072784,"dmean2":8.28106403351,"dvar":43.3293876648,"dvar2":116.428436279,"max":109.064537048,"mean":27.3896636963,"median":19.5201129913,"min":0.186175003648,"var":455.729492188},"gfcc":{"cov":[[20471.9804688,3892.16137695,-3317.76586914,-125.19418335,-1281.82727051,-301.296539307,-1008.57983398,-636.405395508,-349.263092041,-884.532348633,-47.7680587769,-100.111152649,-201.471893311],[3892.16137695,5040.40039062,-559.90222168,-1609.34301758,175.342330933,-756.448669434,37.2930450439,-787.433776855,-426.59463501,-152.628646851,-314.511291504,-408.133117676,180.723556519],[-3317.76586914,-559.90222168,1885.49206543,668.10723877,144.165328979,208.912002563,-40.0586204529,173.152038574,69.0704040527,-75.9864883423,-149.918670654,-3.9018702507,-31.8678665161],[-125.19418335,-1609.34301758,668.10723877,1417.8223877,-55.8903656006,367.668273926,-133.445037842,295.803955078,166.192199707,-190.019210815,-6.26456069946,76.1960144043,-171.151351929],[-1281.82727051,175.342330933,144.165328979,-55.8903656006,449.037780762,23.1164112091,91.6404418945,-30.7100734711,-16.7293071747,68.9031677246,-58.589225769,-72.4029769897,26.8063793182],[-301.296539307,-756.448669434,208.912002563,367.668273926,23.1164112091,387.209442139,-14.8936576843,121.117248535,89.2361373901,-63.110294342,20.5779037476,9.69303321838,-115.402038574],[-1008.57983398,37.2930450439,-40.0586204529,-133.445037842,91.6404418945,-14.8936576843,299.943237305,-15.9015026093,-17.1628608704,198.672866821,16.6508274078,-58.5191917419,40.3706817627],[-636.405395508,-787.433776855,173.152038574,295.803955078,-30.7100734711,121.117248535,-15.9015026093,367.800933838,179.532943726,-100.045707703,51.297164917,138.236755371,-93.2922363281],[-349.263092041,-426.59463501,69.0704040527,166.192199707,-16.7293071747,89.2361373901,-17.1628608704,179.532943726,189.891448975,29.5035305023,58.6329116821,50.5441093445,-63.8236083984],[-884.532348633,-152.628646851,-75.9864883423,-190.019210815,68.9031677246,-63.110294342,198.672866821,-100.045707703,29.5035305023,448.955596924,101.856384277,-57.9902000427,86.0984954834],[-47.7680587769,-314.511291504,-149.918670654,-6.26456069946,-58.589225769,20.5779037476,16.6508274078,51.297164917,58.6329116821,101.856384277,161.950088501,92.7730789185,-11.3660030365],[-100.111152649,-408.133117676,-3.9018702507,76.1960144043,-72.4029769897,9.69303321838,-58.5191917419,138.236755371,50.5441093445,-57.9902000427,92.7730789185,208.20892334,50.8047180176],[-201.471893311,180.723556519,-31.8678665161,-171.151351929,26.8063793182,-115.402038574,40.3706817627,-93.2922363281,-63.8236083984,86.0984954834,-11.3660030365,50.8047180176,199.417953491]],"icov":[[0.000366352265701,-0.000713856599759,0.000829949160106,-0.000815996143501,0.000874292338267,-0.000932371243834,0.00138114264701,-0.00101680238731,0.0011469013989,-0.0010155380005,0.000423192570452,-0.000229853438213,-0.0000748077072785],[-0.000713856599759,0.00217312667519,-0.00176319305319,0.00217899866402,-0.00189766020048,0.00286599225365,-0.00324345752597,0.00359655171633,-0.00335019733757,0.00341778690927,-0.000954032875597,0.00111937522888,0.000263129477389],[0.000829949160106,-0.00176319305319,0.00267805880867,-0.0022541875951,0.00185842067003,-0.00249300082214,0.00339705916122,-0.00286642531864,0.00295870937407,-0.00307032489218,0.00224909256212,-0.00111109856516,-0.00010768789798],[-0.000815996143501,0.00217899866402,-0.0022541875951,0.0034797412809,-0.00191755068954,0.00209808303043,-0.00315833138302,0.00300562568009,-0.00344081269577,0.00335429469123,-0.000942807411775,0.000985533581115,0.000490278063808],[0.000874292338267,-0.00189766020048,0.00185842067003,-0.00191755068954,0.00481163337827,-0.00291844480671,0.00298107904382,-0.00312837073579,0.00306333228946,-0.00307863671333,0.00184182601515,-0.0000870312796906,-0.000711637956556],[-0.000932371243834,0.00286599225365,-0.00249300082214,0.00209808303043,-0.00291844480671,0.00787753146142,-0.0049797995016,0.00540197500959,-0.00559313502163,0.00516745075583,-0.0019665225409,0.00119406974409,0.0019118685741],[0.00138114264701,-0.00324345752597,0.00339705916122,-0.00315833138302,0.00298107904382,-0.0049797995016,0.0119906170294,-0.00882103852928,0.00853603519499,-0.00772305764258,0.000961141719017,0.00186303653754,-0.00202309922315],[-0.00101680238731,0.00359655171633,-0.00286642531864,0.00300562568009,-0.00312837073579,0.00540197500959,-0.00882103852928,0.0179892983288,-0.0138732912019,0.00722265616059,0.0029059110675,-0.00777598284185,0.00617118785158],[0.0011469013989,-0.00335019733757,0.00295870937407,-0.00344081269577,0.00306333228946,-0.00559313502163,0.00853603519499,-0.0138732912019,0.0196187384427,-0.00886739883572,-0.000557173625566,0.00135346828029,-0.000421340810135],[-0.0010155380005,0.00341778690927,-0.00307032489218,0.00335429469123,-0.00307863671333,0.00516745075583,-0.00772305764258,0.00722265616059,-0.00886739883572,0.013010318391,-0.00927203334868,0.00760855525732,-0.0043106446974],[0.000423192570452,-0.000954032875597,0.00224909256212,-0.000942807411775,0.00184182601515,-0.0019665225409,0.000961141719017,0.0029059110675,-0.000557173625566,-0.00927203334868,0.0231388509274,-0.017455862835,0.0102125005797],[-0.000229853438213,0.00111937522888,-0.00111109856516,0.000985533581115,-0.0000870312796906,0.00119406974409,0.00186303653754,-0.00777598284185,0.00135346828029,0.00760855525732,-0.017455862835,0.0251238644123,-0.0141380215064],[-0.0000748077072785,0.000263129477389,-0.00010768789798,0.000490278063808,-0.000711637956556,0.0019118685741,-0.00202309922315,0.00617118785158,-0.000421340810135,-0.0043106446974,0.0102125005797,-0.0141380215064,0.0155129684135]],"mean":[-167.701965332,88.2321929932,-99.6176223755,-0.288111120462,-55.479511261,-12.3302936554,-44.4747848511,4.17954063416,-15.6444196701,-6.2702293396,-11.0269298553,5.50691699982,-10.3891172409]},"hfc":{"dmean":3.52744174004,"dmean2":5.58815383911,"dvar":781.176208496,"dvar2":1898.63916016,"max":1402.61706543,"mean":14.2318477631,"median":3.02377986908,"min":1.29955487302e-16,"var":3717.31176758},"melbands":{"dmean":[0.0000330552029482,0.000134604299092,0.000260282540694,0.000377409480279,0.000279596046312,0.000117703006254,0.000118244039186,0.00017443037359,0.0000515131941938,0.0000298879695038,0.0000247164698521,0.0000294506189675,0.0000170994298969,0.0000222657799895,0.0000151352824105,0.00000952944719756,0.00000775694388722,0.00000807254491519,0.00000565043683309,0.00000684506767357,0.00000874261422723,0.00000756281269787,0.0000142458666232,0.0000108581352833,0.00000378636582354,0.00000234518961406,0.00000182151688932,0.00000216961439037,0.00000168563315128,0.0000013591992456,0.00000118361833756,0.00000180741392342,0.00000158018838192,0.00000189848105947,0.00000123635447835,0.00000195120355784,9.89968043541e-7,6.76503248087e-7,3.22402456732e-7,1.91879323097e-7],"dmean2":[0.0000598015831201,0.000206941986107,0.000455461355159,0.000632222916465,0.000441984797362,0.000189695128938,0.000208070559893,0.000284785550321,0.0000763968419051,0.0000442741948063,0.0000355759366357,0.0000492002036481,0.0000282307064481,0.0000347113673342,0.0000243572449108,0.0000155979541887,0.0000132830309667,0.0000132412205858,0.00000910321341507,0.0000115194006867,0.0000151593249029,0.0000129372065203,0.0000227617565542,0.0000177681522473,0.00000642288932795,0.00000373871921511,0.00000310078144139,0.00000357860881195,0.00000285855071525,0.00000217923638957,0.00000187414786978,0.00000323555968862,0.00000266559004558,0.00000295694349006,0.00000205146193366,0.00000333723392032,0.0000016388360109,0.00000112046825507,5.64057586416e-7,3.20942831422e-7],"dvar":[4.17952179532e-8,3.11615337978e-7,0.0000015084573306,0.00000659864326735,0.00000104329103578,4.68349782068e-7,1.79144350909e-7,2.65816794354e-7,2.27010552578e-8,8.94125804507e-8,2.83774603815e-8,2.15894289113e-8,1.44793501633e-8,2.6139838738e-8,7.18968840019e-9,3.61216012656e-9,3.11516656915e-9,4.11060252503e-9,1.56812285379e-9,3.53034046441e-9,1.17484537654e-8,5.71069724842e-9,1.1383407994e-8,1.10006546095e-8,1.33547628511e-9,4.0167680293e-10,3.01697639093e-10,6.15099471357e-10,3.01845326511e-10,1.63897270755e-10,1.93057458908e-10,2.82385226313e-9,3.50837026097e-10,4.03986316622e-10,1.53026993854e-10,1.62016555727e-9,3.33237631933e-10,1.28767524421e-10,1.3776494702e-11,7.33698171662e-12],"dvar2":[1.24130821177e-7,7.91929039679e-7,0.00000511341795573,0.0000142311619129,0.00000238037137024,9.525359701e-7,5.97731002472e-7,8.05119327651e-7,5.09332025445e-8,1.48828220858e-7,4.38363620958e-8,5.44949223524e-8,3.44965656041e-8,5.88454085459e-8,1.76645684746e-8,1.06610063e-8,9.10192277104e-9,1.1084765994e-8,4.23683266249e-9,1.01605461822e-8,3.38024257474e-8,1.66154023873e-8,2.69744244719e-8,2.94946875812e-8,3.50768747381e-9,1.05130271155e-9,8.90625184713e-10,1.74446812551e-9,8.88891849016e-10,3.9861561274e-10,4.03596656096e-10,8.1999624868e-9,9.2885882319e-10,7.01532609781e-10,3.98628519083e-10,4.5028207829e-9,8.65239491166e-10,3.0332533707e-10,3.88944293439e-11,2.03430501611e-11],"max":[0.0101032070816,0.0179992355406,0.0406764373183,0.182910054922,0.0575420744717,0.066332384944,0.0162727311254,0.015092164278,0.00524849398062,0.0266930833459,0.0162878800184,0.00814346317202,0.00716921361163,0.0113154537976,0.00400995090604,0.00224409857765,0.00216155382805,0.00349334185012,0.00175197981298,0.00310953799635,0.00600932538509,0.00378631590866,0.00502012763172,0.00496309017763,0.00203315727413,0.00084431108553,0.000660850317217,0.0010324352188,0.000650873465929,0.000504203373566,0.000954748422373,0.00352898752317,0.00112759589683,0.00160463654902,0.000556287355721,0.0023107547313,0.00123560312204,0.000792041362729,0.000197306551854,0.00016726735339],"mean":[0.000051935272495,0.000259057793301,0.000647222797852,0.000907077686861,0.000579857674893,0.000337721081451,0.000226379721425,0.000363881990779,0.000143484678119,0.0000734725908842,0.0000601647552685,0.000068947658292,0.0000353046343662,0.000051631774113,0.0000386468163924,0.0000270799282589,0.0000177263991645,0.0000183009324246,0.0000127569564938,0.0000131947699629,0.0000140926258609,0.0000138928107845,0.0000279042797047,0.0000227776163229,0.00000755940664021,0.00000551354378331,0.00000373317652702,0.00000365001073988,0.0000031786441923,0.00000303306160276,0.00000274118588095,0.00000289704530587,0.00000353137215825,0.0000040934005483,0.00000269021347776,0.00000350326376974,0.00000198570728571,0.00000131983404117,7.63843729601e-7,4.61582601474e-7],"median":[0.00000426837323175,0.00000381165273211,0.00000652599737805,0.0000508235680172,0.0000817216059659,0.0000407712068409,0.0000242305522988,0.0000327712659782,0.0000104429873318,0.00000408775667893,0.00000412034160036,0.00000416146485804,0.00000195802249436,0.00000107202527033,8.33983506254e-7,4.53050375882e-7,3.20501101214e-7,5.89142416629e-7,3.28471344346e-7,2.93147309094e-7,2.91489811843e-7,6.39974985006e-7,6.94793413913e-7,3.34325193307e-7,1.33598291541e-7,5.03852959355e-8,3.76865436635e-8,2.8177993272e-8,2.01163832259e-8,1.33545645653e-8,9.01996788372e-9,6.32474117523e-9,5.67023583642e-9,4.49503501088e-9,3.42673378562e-9,2.87428347789e-9,2.33410535344e-9,2.08434469684e-9,1.94241667195e-9,1.78664927297e-9],"min":[5.55615679804e-24,9.39928557432e-24,9.69474396004e-24,8.91778459929e-24,1.5906256027e-24,3.51574006213e-24,7.44964503492e-24,1.6963295719e-23,1.48387055523e-23,7.10050703118e-24,1.01385523721e-23,7.79497836251e-24,1.86457167265e-23,1.67892856251e-23,1.14743975961e-23,7.6130765041e-24,7.39825626897e-24,5.09922134604e-24,8.49841667575e-24,1.10667844889e-23,9.8367405007e-24,1.03386130197e-23,1.16322155311e-23,1.01009734052e-23,1.0254419473e-23,1.64327441617e-23,1.06792289591e-23,6.86898503297e-24,1.4105691266e-23,1.0113457129e-23,1.26411086755e-23,9.13247861668e-24,1.54305516019e-23,1.67549607093e-23,1.27716533224e-23,1.11998377135e-23,9.37533891268e-24,6.97641605535e-24,8.65003731945e-24,1.16281805076e-23],"var":[6.35579837649e-8,8.30262649743e-7,0.00000835817445477,0.0000351884991687,0.0000060001757447,0.00000732507214707,7.74092484335e-7,8.93256583367e-7,1.15616884955e-7,5.04010472469e-7,1.76521112394e-7,9.28193273353e-8,2.92767179388e-8,7.90356580183e-8,2.36454962277e-8,1.53817349968e-8,1.00685824123e-8,1.11909956857e-8,5.54834800326e-9,5.43509370843e-9,1.09073647891e-8,1.19759704376e-8,2.99530604764e-8,2.22893206114e-8,3.47644313337e-9,1.30396138331e-9,9.0076501813e-10,1.02772368393e-9,6.48548936777e-10,5.55617607478e-10,5.85450021795e-10,2.01399141808e-9,9.0542151554e-10,1.35787159294e-9,4.50785880846e-10,2.12475370631e-9,5.61068913552e-10,2.18389223372e-10,4.23531487659e-11,1.74307703688e-11]},"melbands_crest":{"dmean":2.99540400505,"dmean2":4.8827419281,"dvar":7.92867708206,"dvar2":21.719865799,"max":36.5715179443,"mean":15.778055191,"median":15.1180515289,"min":1.79948103428,"var":32.4357872009},"melbands_flatness_db":{"dmean":0.0214961692691,"dmean2":0.0343886129558,"dvar":0.000415964721469,"dvar2":0.00118436152115,"max":0.641223371029,"mean":0.271457284689,"median":0.288172364235,"min":0.00597401987761,"var":0.0107922805473},"melbands_kurtosis":{"dmean":6.66160964966,"dmean2":11.0234832764,"dvar":162.839569092,"dvar2":462.974578857,"max":324.952453613,"mean":15.2871074677,"median":6.37900447845,"min":-1.8933300972,"var":646.681884766},"melbands_skewness":{"dmean":0.639046370983,"dmean2":1.03732585907,"dvar":0.48506423831,"dvar2":1.38984823227,"max":12.7234687805,"mean":2.1182308197,"median":1.81177318096,"min":-8.9686756134,"var":3.86205077171},"melbands_spread":{"dmean":6.03164482117,"dmean2":9.84221553802,"dvar":126.897209167,"dvar2":343.439239502,"max":191.34197998,"mean":24.5215148926,"median":10.3616943359,"min":0.277885258198,"var":1058.79284668},"mfcc":{"cov":[[14217.1757812,1842.24938965,-1978.3527832,-692.349914551,-556.512817383,-309.222137451,-631.710205078,11.4291601181,-728.58605957,-454.999389648,-286.256713867,-335.004089355,-266.353851318],[1842.24938965,5503.70751953,-896.83013916,-648.938354492,-460.597045898,-170.240783691,-8.08004283905,-840.796569824,67.7910690308,-324.683624268,-659.962158203,-170.44569397,-81.2359008789],[-1978.3527832,-896.83013916,1641.46557617,524.572692871,416.770324707,121.138473511,-32.0831222534,354.845458984,11.4856052399,101.112854004,134.819793701,-105.011535645,-110.660385132],[-692.349914551,-648.938354492,524.572692871,602.650512695,207.126358032,100.327041626,46.9402046204,103.979240417,56.4722366333,67.5158843994,71.3617706299,-32.7467422485,-59.8404769897],[-556.512817383,-460.597045898,416.770324707,207.126358032,479.038879395,82.4033737183,-45.0492095947,286.227844238,-4.12787008286,25.2453289032,113.329849243,-76.532081604,-77.0556182861],[-309.222137451,-170.240783691,121.138473511,100.327041626,82.4033737183,265.658325195,123.441131592,-87.4270477295,49.217830658,86.9619674683,5.33350419998,-1.91625380516,-36.9778251648],[-631.710205078,-8.08004283905,-32.0831222534,46.9402046204,-45.0492095947,123.441131592,193.720077515,-97.3257675171,75.4710540771,45.8229598999,-15.6349077225,50.2809638977,13.5377264023],[11.4291601181,-840.796569824,354.845458984,103.979240417,286.227844238,-87.4270477295,-97.3257675171,614.943664551,-69.6910095215,-23.0407981873,200.878601074,-52.158290863,-43.401889801],[-728.58605957,67.7910690308,11.4856052399,56.4722366333,-4.12787008286,49.217830658,75.4710540771,-69.6910095215,177.376785278,74.3135528564,-31.1678161621,2.48042845726,7.94789075851],[-454.999389648,-324.683624268,101.112854004,67.5158843994,25.2453289032,86.9619674683,45.8229598999,-23.0407981873,74.3135528564,162.566543579,81.0592803955,34.421672821,14.2063093185],[-286.256713867,-659.962158203,134.819793701,71.3617706299,113.329849243,5.33350419998,-15.6349077225,200.878601074,-31.1678161621,81.0592803955,259.196929932,99.5496368408,32.5533370972],[-335.004089355,-170.44569397,-105.011535645,-32.7467422485,-76.532081604,-1.91625380516,50.2809638977,-52.158290863,2.48042845726,34.421672821,99.5496368408,187.139877319,106.23210907],[-266.353851318,-81.2359008789,-110.660385132,-59.8404769897,-77.0556182861,-36.9778251648,13.5377264023,-43.401889801,7.94789075851,14.2063093185,32.5533370972,106.23210907,157.167892456]],"icov":[[0.000168656930327,-0.0000512628976139,0.00025810682564,-0.000152895110659,0.00028828473296,-0.000376054056687,0.000588931899983,-0.000247451127507,0.000573617697228,-0.000132658911753,0.00012102292385,0.0000920155071071,0.000212367856875],[-0.0000512628976139,0.000366530875908,-0.0000907957219169,0.000331910385285,-0.000220678106416,0.000367273081793,-0.00022419069137,0.000527781259734,-0.000453045708127,0.000548117503058,0.00023498077644,0.0000291642518278,0.000213276594877],[0.00025810682564,-0.0000907957219169,0.00143406586722,-0.000933759030886,0.000121126118756,-0.000786073796917,0.00114927312825,-0.000814053404611,0.00113747478463,-0.000848261697683,0.000515872437973,0.000170116822119,0.000392641377402],[-0.000152895110659,0.000331910385285,-0.000933759030886,0.0029775314033,-0.000911140174139,0.000595158082433,-0.00126281613484,0.000902607687749,-0.0013515985338,0.000703904195689,-0.000557123101316,0.00018957813154,0.000431988592027],[0.00028828473296,-0.000220678106416,0.000121126118756,-0.000911140174139,0.00501451361924,-0.00319207459688,0.00270224921405,-0.00199383008294,-0.0000228634762607,0.000908982183319,-0.0012976420112,0.00127863511443,0.000360510253813],[-0.000376054056687,0.000367273081793,-0.000786073796917,0.000595158082433,-0.00319207459688,0.0098086623475,-0.00683847861364,0.0026908039581,0.000606767483987,-0.00308492430486,0.000150317238877,0.000526841555256,0.00116143829655],[0.000588931899983,-0.00022419069137,0.00114927312825,-0.00126281613484,0.00270224921405,-0.00683847861364,0.012978923507,-0.00188432552386,-0.00145671283826,0.000712029519491,0.00182417407632,-0.00352431926876,0.00130180432461],[-0.000247451127507,0.000527781259734,-0.000814053404611,0.000902607687749,-0.00199383008294,0.0026908039581,-0.00188432552386,0.00519581930712,-0.00128178368323,0.00270331953652,-0.00411473028362,0.00281442306004,-0.000352961680619],[0.000573617697228,-0.000453045708127,0.00113747478463,-0.0013515985338,-0.0000228634762607,0.000606767483987,-0.00145671283826,-0.00128178368323,0.0120131140575,-0.006913932506,0.00370534393005,0.00014244610793,0.000080981044448],[-0.000132658911753,0.000548117503058,-0.000848261697683,0.000703904195689,0.000908982183319,-0.00308492430486,0.000712029519491,0.00270331953652,-0.006913932506,0.015158793889,-0.00734865665436,0.0026980463881,-0.00118784618098],[0.00012102292385,0.00023498077644,0.000515872437973,-0.000557123101316,-0.0012976420112,0.000150317238877,0.00182417407632,-0.00411473028362,0.00370534393005,-0.00734865665436,0.0143084675074,-0.0091455951333,0.00227828114294],[0.0000920155071071,0.0000291642518278,0.000170116822119,0.00018957813154,0.00127863511443,0.000526841555256,-0.00352431926876,0.00281442306004,0.00014244610793,0.0026980463881,-0.0091455951333,0.0164064727724,-0.00725159840658],[0.000212367856875,0.000213276594877,0.000392641377402,0.000431988592027,0.000360510253813,0.00116143829655,0.00130180432461,-0.000352961680619,0.000080981044448,-0.00118784618098,0.00227828114294,-0.00725159840658,0.012046947144]],"mean":[-820.597717285,140.928451538,3.21626567841,12.2052965164,2.04693818092,-13.8416929245,-17.0999126434,2.08350777626,-8.50024223328,-7.66627120972,-2.65071487427,1.85885834694,-1.02541136742]},"pitch_salience":{"dmean":0.0626619979739,"dmean2":0.10353525728,"dvar":0.00328872562386,"dvar2":0.00936951488256,"max":0.881360530853,"mean":0.519017517567,"median":0.528333961964,"min":0.0246627125889,"var":0.0153815941885},"silence_rate_20dB":{"dmean":0.000506713986397,"dmean2":0.00101355626248,"dvar":0.000506450945977,"dvar2":0.00126589275897,"max":1,"mean":0.996833443642,"median":1,"min":0,"var":0.00315649947152},"silence_rate_30dB":{"dmean":0.0063339243643,"dmean2":0.0126694543287,"dvar":0.00629421789199,"dvar2":0.0163100454956,"max":1,"mean":0.976567447186,"median":1,"min":0,"var":0.0228837095201},"silence_rate_60dB":{"dmean":0.0255890544504,"dmean2":0.0511845946312,"dvar":0.0249352250248,"dvar2":0.0554094463587,"max":1,"mean":0.48752373457,"median":0,"min":0,"var":0.249828964472},"spectral_centroid":{"dmean":131.187759399,"dmean2":210.755706787,"dvar":43049.8046875,"dvar2":97410.171875,"max":11320.6582031,"mean":1191.51574707,"median":707.612060547,"min":201.072067261,"var":991733.625},"spectral_complexity":{"dmean":1.14187991619,"dmean2":1.90903329849,"dvar":2.98801755905,"dvar2":6.40381526947,"max":65,"mean":7.60645961761,"median":5,"min":0,"var":74.1862182617},"spectral_contrast_coeffs":{"dmean":[0.0454891845584,0.0396226532757,0.0285555496812,0.0230157375336,0.0184609740973,0.0122517226264],"dmean2":[0.0767028555274,0.0663479119539,0.0475705489516,0.0384447202086,0.0303104240447,0.0198256410658],"dvar":[0.00138870428782,0.00112693035044,0.000567703915294,0.000375011819415,0.000303273554891,0.000141313314089],"dvar2":[0.00381244556047,0.00315952999517,0.00150459795259,0.00100596109405,0.000760352122597,0.000328325870214],"max":[-0.13034543395,-0.312308311462,-0.488075166941,-0.452234834433,-0.462669372559,-0.51761329174],"mean":[-0.630547642708,-0.717816054821,-0.780894458294,-0.803435325623,-0.784383654594,-0.805865049362],"median":[-0.622012019157,-0.720816850662,-0.781789779663,-0.814158380032,-0.79286980629,-0.813415467739],"min":[-0.958253622055,-0.961275339127,-0.960621058941,-0.957133233547,-0.955582082272,-0.957892298698],"var":[0.02201282233,0.00943759456277,0.00679839495569,0.00530838826671,0.00744792353362,0.00321190920658]},"spectral_contrast_valleys":{"dmean":[0.394534677267,0.314070463181,0.270799040794,0.227467522025,0.178605169058,0.124128900468],"dmean2":[0.67827796936,0.528865695,0.455286920071,0.374669104815,0.285866439342,0.193580240011],"dvar":[0.105418331921,0.0855121389031,0.06979034096,0.0585877038538,0.057217631489,0.0439946353436],"dvar2":[0.280559897423,0.202032312751,0.152989268303,0.119540639222,0.101255729795,0.0728979855776],"max":[-5.47207069397,-4.411901474,-4.48135137558,-4.91692638397,-4.81707191467,-6.81319236755],"mean":[-9.26161289215,-7.99123716354,-8.9444437027,-9.48927211761,-9.57156562805,-11.9845819473],"median":[-9.34650993347,-7.72402334213,-8.81952762604,-9.49135398865,-9.58868122101,-12.3856163025],"min":[-27.4714183807,-27.580619812,-27.6851844788,-27.256565094,-27.4238872528,-27.289232254],"var":[2.27597546577,3.15174984932,2.86021733284,2.48708462715,1.73176670074,1.46807086468]},"spectral_decrease":{"dmean":9.76280389864e-10,"dmean2":1.60494117996e-9,"dvar":1.40372996628e-17,"dvar2":2.91333574224e-17,"max":5.90048550892e-16,"mean":-3.68728203526e-9,"median":-8.02679533951e-10,"min":-2.86974170649e-7,"var":1.522966695e-16},"spectral_energy":{"dmean":0.00395662710071,"dmean2":0.00648553203791,"dvar":0.000229377605137,"dvar2":0.000478944857605,"max":1.12528550625,"mean":0.0152074526995,"median":0.00344882789068,"min":1.15627692342e-20,"var":0.00246614986099},"spectral_energyband_high":{"dmean":0.000246151932515,"dmean2":0.000387638690881,"dvar":0.0000106343395601,"dvar2":0.000025967550755,"max":0.180102556944,"mean":0.000762909010518,"median":0.00000439378663941,"min":8.54557382772e-21,"var":0.000035040648072},"spectral_energyband_low":{"dmean":0.000551961304154,"dmean2":0.000842688779812,"dvar":0.00000408142568631,"dvar2":0.0000101041059679,"max":0.0658800601959,"mean":0.00139808165841,"median":0.0000354927360604,"min":6.87601899012e-23,"var":0.0000234874314629},"spectral_energyband_middle_high":{"dmean":0.000801834219601,"dmean2":0.00127934745979,"dvar":0.0000265367616521,"dvar2":0.0000695467315381,"max":0.198809161782,"mean":0.00294779380783,"median":0.000439806230133,"min":1.65089043907e-21,"var":0.000125910548377},"spectral_energyband_middle_low":{"dmean":0.00334254372865,"dmean2":0.00558561366051,"dvar":0.000188410427654,"dvar2":0.000401931494707,"max":1.04823350906,"mean":0.0105326687917,"median":0.0020701228641,"min":2.66823126135e-22,"var":0.00184666016139},"spectral_entropy":{"dmean":0.16122816503,"dmean2":0.258008092642,"dvar":0.0288662593812,"dvar2":0.0772006288171,"max":9.7729473114,"mean":6.84423875809,"median":6.6807808876,"min":3.60229492188,"var":0.758374154568},"spectral_flux":{"dmean":0.00904997158796,"dmean2":0.014785470441,"dvar":0.000379426666768,"dvar2":0.000895606179256,"max":0.867924809456,"mean":0.0356842800975,"median":0.0218789055943,"min":1.07530317983e-10,"var":0.00191454321612},"spectral_kurtosis":{"dmean":3.89311170578,"dmean2":6.58550548553,"dvar":34.3655776978,"dvar2":98.6969528198,"max":99.0771484375,"mean":14.370965004,"median":9.08194160461,"min":-1.12784814835,"var":206.451766968},"spectral_rms":{"dmean":0.000377562711947,"dmean2":0.000605428183917,"dvar":4.76214239598e-7,"dvar2":0.00000118560092233,"max":0.0331336632371,"mean":0.00264128041454,"median":0.00183431466576,"min":3.35868290645e-12,"var":0.00000786012969911},"spectral_rolloff":{"dmean":333.907470703,"dmean2":599.379211426,"dvar":660183.5,"dvar2":1832109.75,"max":21640.8691406,"mean":2128.37646484,"median":732.12890625,"min":43.06640625,"var":11417232},"spectral_skewness":{"dmean":0.329248279333,"dmean2":0.546222031116,"dvar":0.153850331903,"dvar2":0.428602039814,"max":7.89301252365,"mean":2.60522031784,"median":2.37497234344,"min":-0.0459879413247,"var":1.62908375263},"spectral_spread":{"dmean":336915.40625,"dmean2":548437,"dvar":194279292928,"dvar2":401129439232,"max":38654120,"mean":4313383.5,"median":3657555.75,"min":776785.8125,"var":8196472700930},"spectral_strongpeak":{"dmean":0.400655269623,"dmean2":0.667903184891,"dvar":1.90970098972,"dvar2":5.32664060593,"max":76.2556686401,"mean":0.973244547844,"median":0.522250950336,"min":0,"var":3.66782474518},"zerocrossingrate":{"dmean":0.00712350010872,"dmean2":0.00915844365954,"dvar":0.000105571853055,"dvar2":0.000157463698997,"max":0.5576171875,"mean":0.0739167481661,"median":0.0361328125,"min":0.00732421875,"var":0.00555462110788}},"metadata":{"audio_properties":{"analysis_sample_rate":44100,"bit_rate":0,"codec":"flac","downmix":"mix","equal_loudness":0,"length":183.293334961,"lossless":true,"md5_encoded":"480fece3a2072114acba59bc0da9ec9e","replay_gain":-3.50964164734},"tags":{"acoustid_id":["94922b00-cf7c-4575-9f6d-142c7dceece4"],"album":["SYR 4: Goodbye 20th Century"],"albumartist":["Sonic Youth"],"albumartistsort":["Sonic Youth"],"artist":["Sonic Youth"],"artists":["Sonic Youth"],"artistsort":["Sonic Youth"],"asin":["B00002R0NC"],"catalognumber":["SYR 4"],"composer":["John Cage"],"composersort":["Cage, John"],"date":["1999-11-16"],"discnumber":["1"],"disctotal":["2"],"file_name":"02 - Six (third take).flac","label":["Sonic Youth Records"],"media":["CD"],"musicbrainz_albumartistid":["5cbef01b-cc35-4f52-af7b-d0df0c4f61b9"],"musicbrainz_albumid":["4dcf808b-1a50-40b5-ba13-b84a1c42b558"],"musicbrainz_artistid":["5cbef01b-cc35-4f52-af7b-d0df0c4f61b9"],"musicbrainz_recordingid":["aca8f269-dd0b-4300-8026-4f26a5dbb15d"],"musicbrainz_releasegroupid":["fd04b057-c78d-34f6-b1f5-d9e2c4bf8c78"],"musicbrainz_releasetrackid":["64b6e5d3-d051-3f7c-b750-485b58b6d5a7"],"musicbrainz_workid":["07689dee-0f9b-3c07-95ef-ff70b22a4839"],"originaldate":["1999"],"releasecountry":["US"],"releasestatus":["official"],"releasetype":["album"],"script":["Latn"],"title":["Six (third take)"],"totaldiscs":["2"],"totaltracks":["6"],"tracknumber":["2"],"tracktotal":["6"],"work":["Six"]},"version":{"essentia":"2.1-beta1","essentia_build_sha":"85931cb11b241c07ac43bfc3827c398894034a25","essentia_git_sha":"v2.1_beta1-6-g5578087","extractor":"music 1.0"}},"rhythm":{"beats_count":374,"beats_loudness":{"dmean":0.0185513887554,"dmean2":0.0321998633444,"dvar":0.006137203