{"lowlevel":{"average_loudness":0.72701728344,"barkbands":{"dmean":[0.00000661784406475,0.000200432303245,0.000381990568712,0.000907703710254,0.00402693031356,0.000765919627156,0.000708247243892,0.0000935522111831,0.000477684894577,0.000722124241292,0.00032105340506,0.000274087302387,0.000132255852805,0.000159143688506,0.000175203749677,0.0000860356594785,0.0000651778173051,0.000111644942081,0.0000397293661081,0.0000490048514621,0.0000366252897948,0.0000249194181379,0.0000149188608702,0.00000502034436067,6.89893283834e-7,1.52704487277e-7,1.11782929579e-8],"dmean2":[0.0000113005380626,0.000331874063704,0.000575615500566,0.00141585420351,0.00612102355808,0.00117609871086,0.00102829770185,0.000140032847412,0.000730859173927,0.00114112114534,0.000476706132758,0.000398293312173,0.000198351423023,0.000251764169661,0.000272807053989,0.000130579297547,0.0000973932765191,0.000165468998603,0.0000595015299041,0.000074717165262,0.0000548588905076,0.0000381935205951,0.0000230291334447,0.00000749252467358,0.00000112766463189,2.24157659545e-7,1.84216251142e-8],"dvar":[1.6610796072e-10,2.19288807557e-7,0.00000127741168399,0.00000666916366754,0.0000649048015475,0.000003871924946,0.00000446431158707,7.4025713559e-8,0.00000259017770077,0.00000840502252686,0.00000194692620425,0.00000138362247526,2.3543776706e-7,4.17060562086e-7,4.25377152169e-7,8.26400423648e-8,2.82804890617e-8,5.84210830823e-8,7.414779013e-9,1.31331034936e-8,1.47072558576e-8,6.48115250357e-9,3.60240304254e-9,1.71753300471e-9,3.3939340921e-11,6.72235487761e-13,3.77574015373e-16],"dvar2":[4.79249584462e-10,5.20877392773e-7,0.00000295824452223,0.0000153180153575,0.000136398361064,0.00000916465523915,0.0000095485474958,1.61413012734e-7,0.00000557710927751,0.000022717507818,0.00000454407427242,0.00000260712317868,5.43210205706e-7,0.00000106695711111,0.00000108603853732,1.93327053921e-7,5.62305970675e-8,1.27834439922e-7,1.70527254539e-8,3.09540553189e-8,3.30177911678e-8,1.54843178279e-8,8.46077696792e-9,3.66815977593e-9,7.61276666705e-11,1.20223416725e-12,1.00833618426e-15],"max":[0.000492656719871,0.0117602134123,0.0240632239729,0.0809639543295,0.310661017895,0.0558083280921,0.0668812394142,0.0072056367062,0.0584470704198,0.068132519722,0.0358104109764,0.0523833036423,0.0143151143566,0.0235731489956,0.018922328949,0.00966888759285,0.00512927491218,0.00716927880421,0.00176034797914,0.00294669251889,0.00407014647499,0.00213639438152,0.00160080066416,0.00128980597947,0.000253669975791,0.0000567237548239,5.07983997977e-7],"mean":[0.0000316684017889,0.00055937160505,0.000701612501871,0.00137115025427,0.00951626617461,0.00153794779908,0.00131896545645,0.00019035670266,0.000849974807352,0.00129592162557,0.000543554895557,0.000529473007191,0.000229164099437,0.000289993273327,0.000283960136585,0.000169251230545,0.000142749835504,0.000251940655289,0.0000789496261859,0.0000954042552621,0.0000613901720499,0.0000453138636658,0.0000250217944995,0.00000796788026491,0.0000012040841284,4.80986273033e-7,6.90635957312e-8],"median":[0.0000306596557493,0.000512462225743,0.000171127190697,0.000211676815525,0.00518881902099,0.000551119679585,0.00021003902657,0.0000626907130936,0.0000705539932824,0.0000891475865501,0.0000555288970645,0.0000438243441749,0.0000396277682739,0.000028621594538,0.0000486892167828,0.0000523906201124,0.0000273164223472,0.0000409375643358,0.0000221506452363,0.0000208588280657,0.0000170690200321,0.0000126919421746,0.0000059318217609,0.0000010335255638,2.93624452752e-7,2.62159517206e-7,6.07306844813e-8],"min":[1.13858611729e-25,4.53261884542e-24,1.33412097126e-24,1.03822259837e-24,6.00311789276e-24,3.78056500674e-24,6.44843500135e-24,8.65500162113e-24,1.17586368021e-23,9.64126550155e-24,1.80372541108e-23,1.84616912545e-23,3.5853043411e-23,2.19889060874e-23,3.87360649623e-23,5.35834148525e-23,7.68320544971e-23,1.02457178639e-22,1.54517706981e-22,1.54716916447e-22,2.38775397531e-22,3.43173729355e-22,3.89248128712e-22,5.20903460213e-22,8.73887034645e-22,1.34049778046e-21,1.83393797595e-21],"var":[5.00856134344e-10,3.23905766209e-7,0.00000219145658775,0.0000125453434521,0.000254553189734,0.0000102593430711,0.0000125967117128,1.99097883069e-7,0.00000782835923019,0.0000214524989133,0.00000440290295955,0.00000498136523674,5.27429108388e-7,0.00000111444296635,0.00000104208345419,1.83842558954e-7,1.03934489459e-7,2.66774890179e-7,1.900765767e-8,3.6843665896e-8,2.62425583486e-8,1.01186783397e-8,6.18474471636e-9,3.03521630052e-9,5.46774257815e-11,1.57213445821e-12,1.66479084766e-15]},"barkbands_crest":{"dmean":2.40218138695,"dmean2":3.91203117371,"dvar":6.17738962173,"dvar2":16.2165870667,"max":25.6410865784,"mean":14.4060306549,"median":14.1311073303,"min":4.05876207352,"var":24.1653156281},"barkbands_flatness_db":{"dmean":0.0191883444786,"dmean2":0.0294583719224,"dvar":0.000425477075623,"dvar2":0.00101138919126,"max":0.374482959509,"mean":0.196646302938,"median":0.193858414888,"min":0.0174242556095,"var":0.00218641594984},"barkbands_kurtosis":{"dmean":4.9726805687,"dmean2":7.64555501938,"dvar":61.2372016907,"dvar2":142.893264771,"max":160.845794678,"mean":13.1174039841,"median":8.12933158875,"min":-1.89038479328,"var":275.505218506},"barkbands_skewness":{"dmean":0.573440074921,"dmean2":0.88619852066,"dvar":0.446662575006,"dvar2":1.07478415966,"max":11.5408258438,"mean":2.52520084381,"median":2.46665692329,"min":-2.16340637207,"var":2.73791337013},"barkbands_spread":{"dmean":3.47332191467,"dmean2":5.46510267258,"dvar":40.3911705017,"dvar2":100.427452087,"max":149.060241699,"mean":10.8177318573,"median":8.76965141296,"min":0.578775823116,"var":87.2929840088},"dissonance":{"dmean":0.0225449576974,"dmean2":0.0378181487322,"dvar":0.00047595021897,"dvar2":0.00127939763479,"max":0.500000059605,"mean":0.440571427345,"median":0.446779489517,"min":0.195201590657,"var":0.00130050408188},"dynamic_complexity":4.25480651855,"erbbands":{"dmean":[0.00460717920214,0.0551835857332,0.386668175459,1.50800323486,11.1678771973,13.8057832718,4.34008455276,8.4665813446,11.4474020004,4.14517784119,3.37735939026,12.947473526,7.7927031517,26.5475711823,15.8696708679,7.29739379883,6.30423927307,7.42839241028,9.47878170013,5.13396883011,4.62258720398,3.52769851685,5.83755970001,3.28798627853,1.77671539783,2.43367314339,1.60059785843,1.39856600761,0.878558576107,0.711422383785,0.363610327244,0.141423791647,0.0679362565279,0.0138815240934,0.00230642361566,0.000741356168874,0.000307048438117,0.0000421098884544,0.00000363611025023,0.00000677294383422],"dmean2":[0.0080654155463,0.0886718183756,0.579238414764,2.31250572205,16.9151477814,21.3029842377,6.57853460312,13.2276172638,16.8991146088,5.93200683594,5.01444292068,19.8482131958,11.9445524216,42.0131034851,23.5046539307,10.3375463486,9.31691074371,11.5595121384,14.810377121,7.64419984818,6.86877536774,5.18063163757,8.64332675934,4.86478328705,2.57595849037,3.70217418671,2.40366864204,2.14846158028,1.342212677,1.08093750477,0.557784259319,0.211694389582,0.0992405712605,0.0222470872104,0.00361682311632,0.00110361922998,0.00046050795936,0.0000649288413115,0.00000530121815245,0.00000999268468149],"dvar":[0.0000452624590253,0.0215433426201,1.32183599472,16.2559394836,732.039794922,715.929016113,86.6008987427,524.249511719,1067.04931641,135.215835571,80.7495117188,2075.27587891,793.112487793,12498.9707031,4078.75317383,969.882507324,560.113342285,995.828430176,1322.12353516,334.06338501,255.546325684,75.8721084595,177.886306763,52.5146446228,15.8840799332,36.6474151611,26.4345817566,22.1613178253,8.08512020111,6.23571062088,2.26293134689,1.18077671528,0.294709712267,0.0141609441489,0.00033513121889,0.0000242151854764,0.00000149810546191,1.77034902293e-8,3.62267195408e-11,1.27649169013e-10],"dvar2":[0.000135948808747,0.0486028455198,2.9286813736,37.9287834167,1329.59362793,1783.31652832,189.813476563,1286.16772461,2456.75390625,257.381225586,175.623901367,4373.87207031,1983.14672852,32750.5253906,9575.3203125,1739.72399902,1281.95068359,2512.67260742,3409.92895508,797.207946777,588.830383301,155.681747437,403.755340576,113.722335815,34.6119537354,85.5812530518,54.5986747742,54.8402557373,19.3992214203,14.8302965164,5.1804561615,2.56651997566,0.604735076427,0.0302073247731,0.000644728832413,0.000043070405809,0.00000226555948757,3.92484551526e-8,7.66536834007e-11,2.59750054799e-10],"max":[0.113858371973,3.58257746696,25.4412059784,122.815628052,1166.3347168,579.591491699,279.872772217,502.618621826,864.277709961,427.085906982,263.630432129,1754.77868652,736.345336914,2927.1081543,1577.54089355,1423.80249023,768.864318848,948.300354004,1001.91186523,732.650756836,547.659545898,226.072006226,248.146728516,251.437103271,97.2483596802,202.357223511,220.652450562,112.064682007,71.5022201538,65.0299682617,41.393196106,35.7528419495,21.6245555878,5.06405115128,0.902163863182,0.342819958925,0.0767244845629,0.00552981439978,0.000180066257599,0.000385212682886],"mean":[0.0227816849947,0.110012874007,0.706473588943,2.76375508308,21.423456192,32.5806732178,15.1129961014,16.4554843903,21.6880455017,8.56791782379,6.68415307999,23.2142391205,15.2315692902,48.1190071106,31.7823791504,16.037115097,11.9638614655,14.3240804672,17.6497516632,9.49329566956,9.82627677917,8.39360427856,13.1672153473,7.87176322937,3.68772363663,4.79233455658,3.02473187447,2.27249574661,1.55789959431,1.23486840725,0.616502463818,0.229569494724,0.109610304236,0.0239327736199,0.00488635944203,0.00192915846128,0.000984393060207,0.000156039153808,0.0000187559016922,0.000024122373361],"median":[0.0226162150502,0.0774192363024,0.190413713455,0.899158120155,7.54005146027,18.6494522095,9.75205993652,5.78053283691,4.58738899231,2.6563243866,2.10329580307,2.06853914261,1.65042352676,3.26904916763,3.7070479393,1.38348937035,1.94093620777,1.76124489307,2.89314556122,2.21810698509,2.9511756897,1.87486290932,2.326608181,1.57205224037,1.06986427307,1.03987288475,0.856756091118,0.694512963295,0.437827259302,0.308766961098,0.148067608476,0.0379755422473,0.0128961671144,0.00452307332307,0.00170008011628,0.00091776822228,0.000559413805604,0.000097689247923,0.0000140757820191,0.000016798832803],"min":[9.73687481217e-23,4.78412660311e-22,1.51996618599e-21,5.74243200349e-21,1.76723728983e-20,1.51791358254e-20,1.08347614378e-20,6.01191767276e-20,1.48367069625e-19,1.86728346014e-19,2.10238033944e-19,3.16774373197e-19,5.10487173809e-19,6.75324934544e-19,1.04321165082e-18,1.26669662038e-18,1.63250514877e-18,1.46925919372e-18,3.04771718845e-18,2.96478757575e-18,3.5719197406e-18,5.07304120774e-18,5.39692419017e-18,5.78926753523e-18,7.14565927854e-18,7.78393913615e-18,8.52432285985e-18,9.86500478896e-18,9.91071313525e-18,1.18551881079e-17,1.14390980618e-17,1.08387717322e-17,9.66635653768e-18,8.07552112926e-18,6.2755947279e-18,4.13317791624e-18,2.35272313971e-18,9.97436613095e-19,2.19507135545e-19,2.52124133718e-20],"var":[0.000218612534809,0.0300551634282,2.25223445892,36.9768409729,3108.12890625,1895.6529541,309.225708008,1245.29138184,2931.79052734,386.548278809,227.435211182,6244.34765625,2066.77954102,32567.9121094,11995.2626953,3825.32006836,1367.86230469,2522.24414063,3750.04125977,822.425109863,575.506164551,290.055419922,691.851379395,255.373596191,42.7385520935,110.110084534,60.7552490234,28.5290679932,12.2726287842,9.93187618256,4.12598371506,2.08733415604,0.540634155273,0.0240439102054,0.000681389239617,0.0000543422174815,0.00000452006906926,5.91018611829e-8,2.52029452863e-10,6.78090250616e-10]},"erbbands_crest":{"dmean":2.49112868309,"dmean2":4.00406551361,"dvar":6.79372835159,"dvar2":17.1986312866,"max":30.3196620941,"mean":11.5204286575,"median":10.5810747147,"min":2.18466567993,"var":23.1915874481},"erbbands_flatness_db":{"dmean":0.0130276624113,"dmean2":0.0196274742484,"dvar":0.000171295789187,"dvar2":0.000379223172786,"max":0.300474762917,"mean":0.197486102581,"median":0.199373915792,"min":0.0290394965559,"var":0.00139880098868},"erbbands_kurtosis":{"dmean":1.20878434181,"dmean2":1.83911108971,"dvar":3.7757062912,"dvar2":7.77956485748,"max":53.1990776062,"mean":1.6528455019,"median":0.249039784074,"min":-1.83344876766,"var":22.0411090851},"erbbands_skewness":{"dmean":0.393505036831,"dmean2":0.596175312996,"dvar":0.192030593753,"dvar2":0.420446842909,"max":6.56004571915,"mean":0.962710142136,"median":0.807989001274,"min":-3.62362074852,"var":1.09083735943},"erbbands_spread":{"dmean":6.73955821991,"dmean2":10.05327034,"dvar":72.9713668823,"dvar2":157.213943481,"max":124.788131714,"mean":35.651725769,"median":32.7132759094,"min":5.07304859161,"var":332.588928223},"gfcc":{"cov":[[24812.6230469,2573.18554688,-3956.26831055,756.289794922,-1542.97741699,-441.884399414,-529.118041992,-413.468139648,-440.970092773,-663.247802734,-378.749237061,-121.15070343,-214.137298584],[2573.18554688,703.132629395,-222.182128906,-47.5747795105,-57.7033195496,-90.3089447021,-87.6784896851,-118.597251892,-95.5085296631,-65.4250030518,-56.0687866211,-8.00236988068,1.44073569775],[-3956.26831055,-222.182128906,1215.56091309,58.1469192505,283.701629639,117.534988403,-45.7086639404,37.7265663147,40.2569007874,163.982223511,65.1410446167,34.9631156921,52.3846359253],[756.289794922,-47.5747795105,58.1469192505,487.636505127,-38.4584274292,-100.329727173,-72.3604812622,-47.596660614,46.5009651184,-27.9176273346,-18.5280780792,-18.904132843,-42.3851013184],[-1542.97741699,-57.7033195496,283.701629639,-38.4584274292,267.787994385,55.9873008728,22.123292923,-6.36596775055,-20.6013717651,54.6735458374,1.36469709873,6.86671638489,12.5463523865],[-441.884399414,-90.3089447021,117.534988403,-100.329727173,55.9873008728,245.299133301,84.2109146118,14.0320062637,-36.1888618469,62.1372108459,6.48303461075,18.7561359406,14.17598629],[-529.118041992,-87.6784896851,-45.7086639404,-72.3604812622,22.123292923,84.2109146118,196.296203613,32.0611228943,-33.5538902283,-0.0380272567272,1.72805011272,-1.93451738358,-3.91912579536],[-413.468139648,-118.597251892,37.7265663147,-47.596660614,-6.36596775055,14.0320062637,32.0611228943,161.483520508,52.0303039551,17.9351215363,25.0503253937,6.93559503555,10.0995521545],[-440.970092773,-95.5085296631,40.2569007874,46.5009651184,-20.6013717651,-36.1888618469,-33.5538902283,52.0303039551,142.660064697,34.5745735168,5.62396907806,11.1813898087,8.70134830475],[-663.247802734,-65.4250030518,163.982223511,-27.9176273346,54.6735458374,62.1372108459,-0.0380272567272,17.9351215363,34.5745735168,139.851608276,38.2210693359,34.1495552063,27.5944766998],[-378.749237061,-56.0687866211,65.1410446167,-18.5280780792,1.36469709873,6.48303461075,1.72805011272,25.0503253937,5.62396907806,38.2210693359,82.8209991455,36.8987808228,1.58167123795],[-121.15070343,-8.00236988068,34.9631156921,-18.904132843,6.86671638489,18.7561359406,-1.93451738358,6.93559503555,11.1813898087,34.1495552063,36.8987808228,104.12689209,44.5493202209],[-214.137298584,1.44073569775,52.3846359253,-42.3851013184,12.5463523865,14.17598629,-3.91912579536,10.0995521545,8.70134830475,27.5944766998,1.58167123795,44.5493202209,87.9442367554]],"icov":[[0.000990017550066,-0.00266515067779,0.00255458988249,-0.00238431128673,0.00262755574659,-0.00222002179362,0.00259199738503,-0.00188348861411,0.00259682792239,-0.000728182552848,0.00123008899391,-0.000561378779821,0.000332094496116],[-0.00266515067779,0.00933158304542,-0.00671966467053,0.00689229322597,-0.00675362208858,0.00674182269722,-0.00606911163777,0.00588695937768,-0.00553900701925,0.00169617286883,-0.00190885469783,0.000905577617232,-0.000796260719653],[0.00255458988249,-0.00671966467053,0.0080015771091,-0.00654926663265,0.00545580498874,-0.00624843128026,0.00733192870393,-0.00506759528071,0.00662630097941,-0.00246945163235,0.00225042249076,-0.000917545636185,0.0000887804999365],[-0.00238431128673,0.00689229322597,-0.00654926663265,0.00850323215127,-0.00575393298641,0.006327053532,-0.0058380602859,0.00557357771322,-0.00679662358016,0.00189381081145,-0.00190072751138,0.000731180887669,0.000723561330233],[0.00262755574659,-0.00675362208858,0.00545580498874,-0.00575393298641,0.0126138972118,-0.00548591604456,0.00625390745699,-0.00455119647086,0.00818359479308,-0.00341810425743,0.00523967528716,-0.00205349340104,0.00158052460756],[-0.00222002179362,0.00674182269722,-0.00624843128026,0.006327053532,-0.00548591604456,0.0116782253608,-0.00776619650424,0.00421486701816,-0.00348134315573,-0.00145394238643,-0.000229476223467,-0.000138666291605,0.00020033675537],[0.00259199738503,-0.00606911163777,0.00733192870393,-0.0058380602859,0.00625390745699,-0.00776619650424,0.0140179377049,-0.00627254648134,0.00855625979602,-0.00144766434096,0.0035316538997,-0.00154220114928,0.00125980377197],[-0.00188348861411,0.00588695937768,-0.00506759528071,0.00557357771322,-0.00455119647086,0.00421486701816,-0.00627254648134,0.0123597802594,-0.00828235410154,0.00232556182891,-0.00463340990245,0.002007660456,-0.00155078340322],[0.00259682792239,-0.00553900701925,0.00662630097941,-0.00679662358016,0.00818359479308,-0.00348134315573,0.00855625979602,-0.00828235410154,0.0183199476451,-0.00586259225383,0.00665386067703,-0.00305444188416,0.00137178227305],[-0.000728182552848,0.00169617286883,-0.00246945163235,0.00189381081145,-0.00341810425743,-0.00145394238643,-0.00144766434096,0.00232556182891,-0.00586259225383,0.0129627138376,-0.0060265478678,0.000389036053093,-0.00260272994637],[0.00123008899391,-0.00190885469783,0.00225042249076,-0.00190072751138,0.00523967528716,-0.000229476223467,0.0035316538997,-0.00463340990245,0.00665386067703,-0.0060265478678,0.0215570442379,-0.00868805777282,0.0059948367998],[-0.000561378779821,0.000905577617232,-0.000917545636185,0.000731180887669,-0.00205349340104,-0.000138666291605,-0.00154220114928,0.002007660456,-0.00305444188416,0.000389036053093,-0.00868805777282,0.0163338575512,-0.00840452406555],[0.000332094496116,-0.000796260719653,0.0000887804999365,0.000723561330233,0.00158052460756,0.00020033675537,0.00125980377197,-0.00155078340322,0.00137178227305,-0.00260272994637,0.0059948367998,-0.00840452406555,0.0172953549773]],"mean":[-93.5879745483,127.022277832,-115.749511719,37.7565956116,-55.8498878479,-6.34679460526,-35.0029373169,-15.4121494293,-21.2611141205,-10.0496234894,-13.1410083771,4.86057138443,-2.78006219864]},"hfc":{"dmean":2.78143000603,"dmean2":3.85993099213,"dvar":21.4441738129,"dvar2":44.9258918762,"max":95.024520874,"mean":10.7473402023,"median":5.97267580032,"min":1.06113038467e-16,"var":190.549468994},"melbands":{"dmean":[0.0000460296942038,0.000150512263644,0.000482887204271,0.00106470042374,0.000205366886803,0.000174589760718,0.000169210208696,0.0000378217664547,0.0000420531541749,0.0000745055149309,0.0000431983098679,0.000115489507152,0.0000480128001072,0.00003656568515,0.000014995721358,0.0000114910844786,0.0000156167661771,0.0000154321514856,0.0000102561643871,0.00000582493203183,0.00000562798368264,0.00000392832043872,0.00000502272177982,0.00000579410834689,0.00000264277241513,0.00000135375069021,0.0000014866058109,0.00000175273794412,0.00000110300641154,9.30193039039e-7,8.32812418139e-7,5.61428407764e-7,4.26419063615e-7,3.92221750189e-7,2.43839906489e-7,1.19344818472e-7,8.08969531363e-8,5.77006780134e-8,2.26562502093e-8,8.5026918839e-9],"dmean2":[0.0000789200057625,0.00022744355374,0.000733780558221,0.00163228518795,0.000311508774757,0.000270953547442,0.000247790536378,0.0000539186257811,0.0000627749541309,0.00011450148304,0.0000663838654873,0.000182966658031,0.0000718061637599,0.0000530748620804,0.0000225067706197,0.0000170388484548,0.0000246201543632,0.0000241748311964,0.0000154956396727,0.00000883193843038,0.00000844508849696,0.00000583608061788,0.00000765996355767,0.00000861059470481,0.00000399748159907,0.0000020195432171,0.00000225009603128,0.00000270125565294,0.00000167737448464,0.00000143951763221,0.00000130304226786,8.75166222158e-7,6.48131731396e-7,6.13265285665e-7,3.77998645718e-7,1.81220755735e-7,1.22964394222e-7,8.44894714191e-8,3.61001646354e-8,1.37273472589e-8],"dvar":[7.24013604625e-9,2.00636122827e-7,0.00000170209727912,0.00000448511764262,1.73808984982e-7,2.1242613002e-7,2.35076541344e-7,1.05059543287e-8,1.5933634856e-8,6.5852781006e-8,2.861355064e-8,2.34018784795e-7,4.13315568437e-8,2.59217252108e-8,3.15365555892e-9,1.58600366174e-9,4.38991953899e-9,3.63809538051e-9,1.59071300576e-9,4.35154856593e-10,3.35804745122e-10,1.14995700462e-10,1.39106795527e-10,1.87494478276e-10,3.60492607987e-11,1.08210714694e-11,1.43619265786e-11,1.94927060604e-11,9.72298283552e-12,1.45540992452e-11,7.60578232339e-12,3.2896296364e-12,2.12873165276e-12,2.0295106741e-12,9.7528929377e-13,5.36264880158e-13,4.9726894694e-13,2.29055489853e-13,3.24977539453e-14,6.16809858059e-15],"dvar2":[1.87290360998e-8,4.4134617383e-7,0.00000348057574229,0.00000980911136139,4.14238371604e-7,5.1676079238e-7,5.20138371485e-7,2.01434104952e-8,3.46956596786e-8,1.4000976023e-7,7.05201799178e-8,6.2045779714e-7,9.88901476262e-8,4.78190393949e-8,7.00316116209e-9,3.41133987725e-9,1.13095497412e-8,9.39662658794e-9,3.7645606632e-9,1.00611474707e-9,7.95614796267e-10,2.25576751722e-10,3.3716035519e-10,4.18050621898e-10,7.999178403e-11,2.41551501023e-11,3.29700849955e-11,4.59592745805e-11,2.08905514415e-11,3.49892510798e-11,1.8981564584e-11,8.20890144054e-12,4.90561757882e-12,4.99316300112e-12,2.39399450784e-12,1.12377739492e-12,1.11725028101e-12,4.81525735084e-13,6.6709570539e-14,1.35640747562e-14],"max":[0.00207576015964,0.00946797803044,0.051598560065,0.0758006721735,0.0146007826552,0.0110810156912,0.0142947370186,0.00364526314661,0.00458254106343,0.00966848712415,0.0045388136059,0.0124441534281,0.00525331776589,0.00781445857137,0.00160926079843,0.00115015148185,0.00189052696805,0.00163126923144,0.00145074166358,0.000809591845609,0.000593183503952,0.000328781694407,0.00027008188772,0.000388312095311,0.000194649997866,0.0000821909561637,0.0000867165290401,0.000142821925692,0.000111807814392,0.00013554454199,0.0000570686752326,0.0000416747425334,0.0000448324572062,0.0000393299415009,0.0000258371019299,0.0000257938499999,0.000021756040951,0.0000186938596016,0.00000628623456578,0.00000365170399164],"mean":[0.000167567079188,0.000278143299511,0.000895787961781,0.00225339317694,0.000699123484083,0.000337054778356,0.000321029190673,0.0000771836639615,0.0000765306467656,0.000132260523969,0.0000755177534302,0.000204697818845,0.0000905945853447,0.000074253170169,0.0000271357548627,0.0000210507951124,0.000027467007385,0.000028139049391,0.0000171293213498,0.0000105950757643,0.0000113576088552,0.00000816945612314,0.0000103825386759,0.0000124919442896,0.00000575645026402,0.00000248017045124,0.0000027167970984,0.00000331405317411,0.00000199012151825,0.00000147774346715,0.00000127009218431,9.30299449919e-7,7.41417807149e-7,6.45471004646e-7,3.87716795558e-7,1.99181812377e-7,1.18104019009e-7,8.84797373146e-8,3.84638028095e-8,1.35159732295e-8],"median":[0.000163859309396,0.0000829124765005,0.000254865328316,0.00106197153218,0.000466960773338,0.000112911431643,0.0000619980710326,0.0000235891748162,0.0000159693263413,0.000011291300325,0.00000644906140224,0.0000124631933431,0.0000105387143776,0.00000629358873994,0.00000267311770585,0.00000411833116232,0.00000271276235253,0.00000429085594078,0.00000349793890564,0.00000258433874478,0.00000321194215758,0.00000132262903207,0.00000230321597883,0.00000149306924868,0.0000011434873386,6.88194290888e-7,5.73252464164e-7,6.73065528645e-7,5.26705775883e-7,3.71239934793e-7,3.61781246738e-7,2.5040620244e-7,1.80324448706e-7,1.51399845549e-7,9.30673849098e-8,3.78866644724e-8,1.51760453093e-8,9.31602173182e-9,5.5487743289e-9,3.03726976902e-9],"min":[1.37522920329e-24,1.17167054923e-24,1.63628457607e-24,1.25727142378e-24,3.84389165407e-25,1.26127647059e-24,1.90533318058e-24,1.88146994098e-24,1.37520672075e-24,1.82731503427e-24,2.51547823937e-24,2.36513180324e-24,3.38014118341e-24,2.52527628624e-24,2.96817277515e-24,3.22661149631e-24,2.28590886911e-24,3.59549350521e-24,3.3661901783e-24,3.10831509825e-24,3.27064985356e-24,4.41451098512e-24,4.72330388115e-24,3.74657614578e-24,4.12152094517e-24,5.98377186792e-24,4.66790296864e-24,4.5924555228e-24,4.66736338778e-24,4.21366936523e-24,4.86294409429e-24,4.92139000989e-24,5.76524280325e-24,5.82010058503e-24,4.97441250678e-24,6.83086332972e-24,5.67476045742e-24,6.39965105411e-24,6.50216510647e-24,6.33530643109e-24],"var":[1.52665204922e-8,3.33202962111e-7,0.0000054915635701,0.0000157150243467,5.97060989094e-7,5.27620784396e-7,6.66889718559e-7,2.94790165611e-8,4.69380623258e-8,1.94614770521e-7,6.3828530017e-8,6.05110983543e-7,1.03835802179e-7,9.73924585423e-8,9.07980712839e-9,4.07645339706e-9,9.96243176843e-9,1.00949657522e-8,3.85671361514e-9,9.70738933681e-10,7.46992689926e-10,4.06698286159e-10,3.93636651053e-10,7.91335330597e-10,1.50280760058e-10,2.2856123244e-11,3.62718258207e-11,5.73946688787e-11,2.32627823255e-11,2.23946486355e-11,9.25865027007e-12,4.55119318968e-12,3.54531486634e-12,2.99855279495e-12,1.50838261152e-12,1.04562593393e-12,7.81617229707e-13,3.85603604169e-13,6.1292659316e-14,9.01642770726e-15]},"melbands_crest":{"dmean":2.90965771675,"dmean2":4.80765867233,"dvar":9.36968612671,"dvar2":24.5289669037,"max":39.3918228149,"mean":16.6806030273,"median":16.1746826172,"min":1.54621052742,"var":32.6500282288},"melbands_flatness_db":{"dmean":0.0222916156054,"dmean2":0.0336221046746,"dvar":0.00063485535793,"dvar2":0.00146748765837,"max":0.453045517206,"mean":0.265902787447,"median":0.266432404518,"min":0.00272753671743,"var":0.00476992735639},"melbands_kurtosis":{"dmean":9.0736541748,"dmean2":14.3463058472,"dvar":267.120422363,"dvar2":660.174560547,"max":467.756256104,"mean":25.4577484131,"median":18.0193862915,"min":-1.43809533119,"var":979.211608887},"melbands_skewness":{"dmean":0.69281989336,"dmean2":1.08280074596,"dvar":0.715683996677,"dvar2":1.69919478893,"max":18.2845592499,"mean":3.35975432396,"median":3.20754432678,"min":-0.756233453751,"var":4.17671632767},"melbands_spread":{"dmean":3.78578424454,"dmean2":5.98209095001,"dvar":48.8101348877,"dvar2":112.62008667,"max":167.634124756,"mean":13.3809900284,"median":8.42566490173,"min":0.67270809412,"var":360.734924316},"mfcc":{"cov":[[9013.46484375,742.729797363,-1460.98632813,275.524047852,-790.771362305,-186.401855469,-344.579040527,281.255310059,-245.928741455,-134.684799194,-165.477157593,-225.266403198,-285.793212891],[742.729797363,1025.29504395,-4.93581628799,-43.3371391296,29.88514328,40.9794960022,26.7220401764,-66.8040161133,-31.021478653,-68.48072052,-87.3117752075,-70.4295730591,-12.2551717758],[-1460.98632813,-4.93581628799,688.534851074,126.570358276,223.430511475,65.359703064,7.77837133408,-68.5092086792,23.1447792053,18.0884227753,-2.24554491043,68.1383972168,62.5750541687],[275.524047852,-43.3371391296,126.570358276,460.012512207,86.8562850952,1.06832909584,-105.453102112,-19.696603775,-26.6449718475,-35.5721664429,-18.029253006,27.8453426361,7.31317901611],[-790.771362305,29.88514328,223.430511475,86.8562850952,262.863830566,31.2047977448,-18.3549423218,-58.6295776367,13.9408102036,7.1741232872,3.21160793304,16.0342578888,31.1795043945],[-186.401855469,40.9794960022,65.359703064,1.06832909584,31.2047977448,237.369842529,75.6740036011,-31.8462696075,5.32006597519,-22.3299655914,1.44365942478,-12.5049562454,-2.18004441261],[-344.579040527,26.7220401764,7.77837133408,-105.453102112,-18.3549423218,75.6740036011,234.159622192,24.0122413635,3.24158596992,5.20860099792,7.86960983276,-7.67601823807,-7.00687932968],[281.255310059,-66.8040161133,-68.5092086792,-19.696603775,-58.6295776367,-31.8462696075,24.0122413635,121.261306763,14.872004509,-3.57862305641,6.36486625671,-1.08936727047,-3.48662114143],[-245.928741455,-31.021478653,23.1447792053,-26.6449718475,13.9408102036,5.32006597519,3.24158596992,14.872004509,109.218818665,34.2000083923,-0.959648668766,-0.471639364958,9.56967449188],[-134.684799194,-68.48072052,18.0884227753,-35.5721664429,7.1741232872,-22.3299655914,5.20860099792,-3.57862305641,34.2000083923,98.5383834839,30.1956882477,-3.04990005493,4.42225694656],[-165.477157593,-87.3117752075,-2.24554491043,-18.029253006,3.21160793304,1.44365942478,7.86960983276,6.36486625671,-0.959648668766,30.1956882477,93.2593002319,31.9445858002,-8.38408660889],[-225.266403198,-70.4295730591,68.1383972168,27.8453426361,16.0342578888,-12.5049562454,-7.67601823807,-1.08936727047,-0.471639364958,-3.04990005493,31.9445858002,95.8681030273,30.4969959259],[-285.793212891,-12.2551717758,62.5750541687,7.31317901611,31.1795043945,-2.18004441261,-7.00687932968,-3.48662114143,9.56967449188,4.42225694656,-8.38408660889,30.4969959259,104.226135254]],"icov":[[0.000372475042241,-0.000331608433044,0.000551043485757,-0.000407573068514,0.000634528580122,-0.000252061901847,0.000593837874476,-0.000793427985627,0.000684575352352,-0.000565742782783,0.000546837516595,-0.000109345230157,0.000535536499228],[-0.000331608433044,0.00147779972758,-0.000492965918966,0.000538425869308,-0.000703124213032,0.000272618664894,-0.00069472764153,0.00134467892349,-0.000515103223734,0.00122605904471,0.000175933004357,0.000740737654269,-0.000470332131954],[0.000551043485757,-0.000492965918966,0.00313939363696,-0.000929838628508,-0.000665667641442,-0.000804987328593,0.000561674241908,-0.00081233412493,0.000884088978637,-0.00156162912026,0.00159240106586,-0.0017016059719,0.000437406648416],[-0.000407573068514,0.000538425869308,-0.000929838628508,0.00329515920021,-0.00141996925231,-0.0000530287070433,0.000661399506498,0.000443433586042,-0.0000274814028671,0.00120445888024,0.000142777105793,-0.000539925822522,-0.000123366466141],[0.000634528580122,-0.000703124213032,-0.000665667641442,-0.00141996925231,0.00705629354343,-0.000391352310544,0.00105770502705,0.00060645135818,0.000231019905186,-0.000606180052273,-0.000293104065349,0.000843454618007,-0.000137046517921],[-0.000252061901847,0.000272618664894,-0.000804987328593,-0.0000530287070433,-0.000391352310544,0.00574971549213,-0.00247986637987,0.00245524267666,-0.00162922951858,0.00272417324595,-0.00180059380364,0.00172051996924,-0.000633605930489],[0.000593837874476,-0.00069472764153,0.000561674241908,0.000661399506498,0.00105770502705,-0.00247986637987,0.00670362310484,-0.00309483427554,0.00180426193401,-0.00165650702547,0.00103259272873,-0.000498774403241,0.0012755044736],[-0.000793427985627,0.00134467892349,-0.00081233412493,0.000443433586042,0.00060645135818,0.00245524267666,-0.00309483427554,0.0126670151949,-0.00392102729529,0.00354158109985,-0.00250371242873,0.00119234190788,-0.00181583524682],[0.000684575352352,-0.000515103223734,0.000884088978637,-0.0000274814028671,0.000231019905186,-0.00162922951858,0.00180426193401,-0.00392102729529,0.0126137174666,-0.00566337350756,0.00326198921539,-0.00100526050664,0.000813342514448],[-0.000565742782783,0.00122605904471,-0.00156162912026,0.00120445888024,-0.000606180052273,0.00272417324595,-0.00165650702547,0.00354158109985,-0.00566337350756,0.0160514749587,-0.00663843937218,0.00409066537395,-0.00220065936446],[0.000546837516595,0.000175933004357,0.00159240106586,0.000142777105793,-0.000293104065349,-0.00180059380364,0.00103259272873,-0.00250371242873,0.00326198921539,-0.00663843937218,0.0169910266995,-0.00701741920784,0.00399203319103],[-0.000109345230157,0.000740737654269,-0.0017016059719,-0.000539925822522,0.000843454618007,0.00172051996924,-0.000498774403241,0.00119234190788,-0.00100526050664,0.00409066537395,-0.00701741920784,0.016107076779,-0.0047219726257],[0.000535536499228,-0.000470332131954,0.000437406648416,-0.000123366466141,-0.000137046517921,-0.000633605930489,0.0012755044736,-0.00181583524682,0.000813342514448,-0.00220065936446,0.00399203319103,-0.0047219726257,0.0125279715285]],"mean":[-723.999389648,148.495056152,-1.63680136204,39.1528549194,-3.84084177017,11.4445543289,-12.1624641418,0.917498469353,-10.5011844635,-8.7206735611,-12.2028961182,-7.30552434921,-5.97745513916]},"pitch_salience":{"dmean":0.061730928719,"dmean2":0.100046977401,"dvar":0.00394322350621,"dvar2":0.0100548118353,"max":0.828711390495,"mean":0.533963620663,"median":0.5426030159,"min":0.0739707201719,"var":0.014451331459},"silence_rate_20dB":{"dmean":0.000392850139178,"dmean2":0.000785854645073,"dvar":0.000392666901462,"dvar2":0.000785317504779,"max":1,"mean":0.999607205391,"median":1,"min":0,"var":0.000392589834519},"silence_rate_30dB":{"dmean":0.00235710083507,"dmean2":0.00471512787044,"dvar":0.00235166982748,"dvar2":0.00508615700528,"max":1,"mean":0.994304776192,"median":1,"min":0,"var":0.00566276349127},"silence_rate_60dB":{"dmean":0.0235710069537,"dmean2":0.0471512787044,"dvar":0.0230165142566,"dvar2":0.0512165017426,"max":1,"mean":0.134131968021,"median":0,"min":0,"var":0.116144411266},"spectral_centroid":{"dmean":182.517852783,"dmean2":286.312072754,"dvar":119680.5,"dvar2":267520.84375,"max":11853.0712891,"mean":935.375,"median":624.534179688,"min":217.06401062,"var":2047581.875},"spectral_complexity":{"dmean":1.91003727913,"dmean2":2.90530443192,"dvar":5.5102891922,"dvar2":10.6745204926,"max":50,"mean":10.6084051132,"median":9,"min":0,"var":44.6140289307},"spectral_contrast_coeffs":{"dmean":[0.042200114578,0.0396197997034,0.0356637500226,0.0277152117342,0.0205770879984,0.020373057574],"dmean2":[0.068408973515,0.0634426251054,0.0558351166546,0.0435432493687,0.0321356058121,0.0299917217344],"dvar":[0.00145457498729,0.00119105458725,0.000969460059423,0.000543944828678,0.000317109952448,0.000546445487998],"dvar2":[0.0038352611009,0.00294208154082,0.00221492350101,0.00128186563961,0.000697211478837,0.00106027547736],"max":[-0.251496642828,-0.395530819893,-0.420115351677,-0.514115512371,-0.593533396721,-0.519783258438],"mean":[-0.539389431477,-0.674294710159,-0.734754145145,-0.771255791187,-0.789873719215,-0.733557343483],"median":[-0.529573857784,-0.677656054497,-0.743591964245,-0.771134436131,-0.789430558681,-0.726908564568],"min":[-0.98242777586,-0.979640126228,-0.972325086594,-0.972391963005,-0.966031372547,-0.963850796223],"var":[0.0120234470814,0.00747454632074,0.00866610184312,0.00397890945897,0.00318796024658,0.00457669561729]},"spectral_contrast_valleys":{"dmean":[0.31502071023,0.306255936623,0.324531406164,0.284022599459,0.266447365284,0.161532655358],"dmean2":[0.512636065483,0.488774240017,0.50058555603,0.431684851646,0.382931798697,0.243189021945],"dvar":[0.134876742959,0.138913139701,0.146240606904,0.134369671345,0.141658708453,0.0809187665582],"dvar2":[0.268600732088,0.272647291422,0.270504325628,0.235977888107,0.245869711041,0.137968033552],"max":[-5.84762382507,-5.68112230301,-5.21640014648,-5.99232673645,-6.06357002258,-8.26901721954],"mean":[-8.1871919632,-7.94194412231,-8.60069942474,-8.95643615723,-8.76267337799,-11.7939777374],"median":[-7.83009338379,-7.53357028961,-8.25496864319,-8.62825202942,-8.44872665405,-11.7218408585],"min":[-28.1128921509,-28.1681785583,-27.8709964752,-27.7069835663,-27.508808136,-27.3958797455],"var":[7.04049921036,7.40143918991,7.11778879166,6.8734536171,7.04430818558,4.64934444427]},"spectral_decrease":{"dmean":1.5414794996e-9,"dmean2":2.29253638295e-9,"dvar":6.96466388871e-18,"dvar2":1.41377442046e-17,"max":6.46298971304e-15,"mean":-5.07502262437e-9,"median":-3.4682245964e-9,"min":-9.09573358854e-8,"var":3.3786701663e-17},"spectral_energy":{"dmean":0.00602664519101,"dmean2":0.00893698260188,"dvar":0.000104608472611,"dvar2":0.000212583516259,"max":0.349903196096,"mean":0.0201290659606,"median":0.0137096866965,"min":1.00031419996e-20,"var":0.000523356546182},"spectral_energyband_high":{"dmean":0.00009418274567,"dmean2":0.000139176103403,"dvar":7.38404892786e-8,"dvar2":1.6429846994e-7,"max":0.00816210638732,"mean":0.000198100606212,"median":0.000064213614678,"min":7.13185026724e-21,"var":1.48742103079e-7},"spectral_energyband_low":{"dmean":0.000718611467164,"dmean2":0.00109129550401,"dvar":0.00000367159736925,"dvar2":0.00000861624721438,"max":0.0382253527641,"mean":0.00167216605041,"median":0.0009442307055,"min":1.10204467994e-23,"var":0.00000616346369497},"spectral_energyband_middle_high":{"dmean":0.00126540206838,"dmean2":0.00182654359378,"dvar":0.0000121844996102,"dvar2":0.0000292213408102,"max":0.0790368765593,"mean":0.00383810466155,"median":0.000900677638128,"min":1.17483386016e-21,"var":0.0000797599059297},"spectral_energyband_middle_low":{"dmean":0.0052382228896,"dmean2":0.00789604429156,"dvar":0.0000912084069569,"dvar2":0.000186138568097,"max":0.342124670744,"mean":0.0148571599275,"median":0.00972221232951,"min":1.7083013881e-22,"var":0.000390774192056},"spectral_entropy":{"dmean":0.180145785213,"dmean2":0.266155958176,"dvar":0.0404557920992,"dvar2":0.080746024847,"max":9.82424068451,"mean":6.96608734131,"median":6.94429779053,"min":5.37240552902,"var":0.380054920912},"spectral_flux":{"dmean":0.0169267803431,"dmean2":0.0268235579133,"dvar":0.00043520948384,"dvar2":0.0010425534565,"max":0.379482835531,"mean":0.0521466843784,"median":0.0430422127247,"min":6.36995733938e-11,"var":0.00169648963492},"spectral_kurtosis":{"dmean":2.52380299568,"dmean2":4.33753871918,"dvar":5.83362150192,"dvar2":17.1471176147,"max":30.0029087067,"mean":5.95935440063,"median":5.17007541656,"min":-1.25747549534,"var":17.9164352417},"spectral_rms":{"dmean":0.000580154941417,"dmean2":0.000842273526359,"dvar":5.4380001302e-7,"dvar2":0.00000115300190373,"max":0.0184761732817,"mean":0.0039084572345,"median":0.00365722645074,"min":3.12396592969e-12,"var":0.00000436202390119},"spectral_rolloff":{"dmean":241.199493408,"dmean2":426.121612549,"dvar":604335.5,"dvar2":1463377.625,"max":21511.6699219,"mean":1037.33288574,"median":409.130859375,"min":43.06640625,"var":6510638.5},"spectral_skewness":{"dmean":0.308554977179,"dmean2":0.493330836296,"dvar":0.0866512581706,"dvar2":0.205215260386,"max":4.23117446899,"mean":1.70444488525,"median":1.66308414936,"min":-0.438104957342,"var":0.490992218256},"spectral_spread":{"dmean":329328.125,"dmean2":525963.6875,"dvar":846921531392,"dvar2":2131438862340,"max":50440224,"mean":4265109.5,"median":3481377,"min":1917537.875,"var":24752464855000},"spectral_strongpeak":{"dmean":0.368216961622,"dmean2":0.603608846664,"dvar":0.419296771288,"dvar2":1.07338929176,"max":9.78203964233,"mean":0.905905723572,"median":0.57949668169,"min":0,"var":1.12703120708},"zerocrossingrate":{"dmean":0.00613626930863,"dmean2":0.00773681141436,"dvar":0.000164584285812,"dvar2":0.000267784373136,"max":0.65283203125,"mean":0.0408335253596,"median":0.02880859375,"min":0.0068359375,"var":0.00430021528155}},"metadata":{"audio_properties":{"analysis_sample_rate":44100,"bit_rate":793130,"codec":"alac","downmix":"mix","equal_loudness":0,"length":118.199996948,"lossless":true,"md5_encoded":"f14a90338162583b661d0a83d82805c1","replay_gain":-8.15190887451,"sample_rate":44100},"tags":{"album":["Left Hand Luke: The Alternate Tanx"],"albumartistsort":["T. Rex"],"artist":["T. Rex"],"artistsort":["T. Rex"],"barcode":["740155171629"],"compilation":["0"],"date":["2002"],"discnumber":["1/1"],"file_name":"23 T. Rex - Left Hand Luke.m4a","genre":["Rock"],"musicbrainz_albumartistid":["c842d29f-a297-48cd-bb71-4f77fd672b16"],"musicbrainz_albumid":["b6317ed9-aa02-4852-a29a-5197f339ee50"],"musicbrainz_artistid":["c842d29f-a297-48cd-bb71-4f77fd672b16"],"musicbrainz_recordingid":["accc0074-f2cb-4bda-a1ec-e5ff27e2144f"],"musicbrainz_releasegroupid":["ac34971f-6cc1-356e-982d-e997b3ff567d"],"script":["Latn"],"title":["Left Hand Luke"],"tracknumber":["23/23"]},"version":{"essentia":"2.1-beta2","essentia_build_sha":"2d9f1f26377add8aeb1075a9c2973f962c4f09fd","essentia_git_sha":"v2.1_beta2-1-ge3940c0","extractor":"music 1.0"}},"rhythm":{"beats_count":158,"beats_loudness":{"dmean":0.0267141815275,"dmean2":0.0492629334331,"dvar":0.00244647101499,"dvar2":0.00765017978847,"max":0.365713089705,"mean":0.0351705551147,"median":0.0283358097076,"min":0,"var":0.00161340646446},"beats_loudness_band_ratio":{"dmean":[0.213880211115,0.231313452125,0.0953950211406,0.105795063078,0.0451811440289,0.021200934425],"dmean2":[0.367541670799,0.406872957945,0.162349879742,0.196795895696,0.0804222896695,0.0370429083705],"dvar":[0.0309993196279,0.032506942749,0.014329190366,0.0284413918853,0.00310048926622,0.000815470819362