{"lowlevel":{"average_loudness":0.901290357113,"barkbands":{"dmean":[0.00000543413534615,0.00112587341573,0.00136870611459,0.00121352262795,0.00138502812479,0.000962969614193,0.000925208441913,0.00174554169644,0.000882394961081,0.00035095930798,0.000171942636371,0.000390163681004,0.00042868743185,0.00042003087583,0.000288400944555,0.000161730931723,0.000108769141661,0.000101544268546,0.0000631703660474,0.000123456615256,0.000057094530348,0.0000410955144616,0.000030576979043,0.0000352298666257,0.0000428095372627,0.0000286961421807,0.00000493838570037],"dmean2":[0.00000925003587327,0.00176362833008,0.00240221619606,0.00207720533945,0.00231085647829,0.00146476936061,0.00139488629065,0.00252412538975,0.00129915890284,0.000500625232235,0.000247028481681,0.000591618416365,0.00062443758361,0.000605764507782,0.000440942210844,0.000241228801315,0.000162949843798,0.000143111523357,0.0000888946306077,0.000172919753822,0.00008252254338,0.0000578989638598,0.0000438027600467,0.0000500824135088,0.0000604066299275,0.00003991957783,0.00000697299310559],"dvar":[1.18364679169e-10,0.00000519984632774,0.00000666334199195,0.00000535709477845,0.00000671692350807,0.00000231057674682,0.00000420374954047,0.0000269319170911,0.00000911598272069,0.00000102071203401,4.5434404683e-7,0.00000254520568888,0.00000201640136765,0.00000194665085473,0.00000191748904399,2.97005755101e-7,5.85574504441e-8,4.83819100339e-8,2.33876598088e-8,7.51122968268e-8,1.03504351756e-8,5.39942224265e-9,3.24902860172e-9,7.92195198329e-9,1.27171233544e-8,2.69211564152e-9,8.68044108815e-11],"dvar2":[3.21921655999e-10,0.0000126716713567,0.0000190059454326,0.000014237673895,0.000018842627469,0.00000525918085259,0.00000921695482248,0.0000502887523908,0.0000174522774614,0.00000164219636645,8.45501290314e-7,0.0000049086497711,0.00000382109055863,0.00000383840961149,0.00000424125664722,6.31096838788e-7,1.21928508179e-7,9.42144495752e-8,3.71532884458e-8,1.53516580781e-7,2.3312761499e-8,1.20720606844e-8,7.73931674303e-9,1.78310539667e-8,2.92991302331e-8,6.55937748562e-9,2.16555939847e-10],"max":[0.000106879284431,0.0336328670382,0.0365774221718,0.028666106984,0.048813059926,0.03146802634,0.0549655742943,0.137515053153,0.0851727500558,0.0242195166647,0.0252673663199,0.0465391427279,0.0421635694802,0.0347490608692,0.0642547160387,0.022926338017,0.00558354984969,0.00541604217142,0.00974286906421,0.006497730501,0.00169411092065,0.00124957517255,0.0013005718356,0.0021765246056,0.00217424728908,0.00100261438638,0.000153391680215],"mean":[0.00000533634374733,0.00145170395263,0.00180379592348,0.00144622742664,0.0023849781137,0.00218114210293,0.00174823903944,0.00298851146363,0.00146587891504,0.000588854774833,0.000280038570054,0.000619622762315,0.000641899416223,0.000601690844633,0.000391116394894,0.000262730842223,0.000187202575034,0.000177198831807,0.000121451892483,0.000236738778767,0.0000872534801601,0.0000634409152553,0.0000465169759991,0.0000513039485668,0.0000575764606765,0.0000389468441426,0.00000648423156235],"median":[0.00000176611206371,0.000562617497053,0.000761796312872,0.00050198903773,0.00149379018694,0.00129699253011,0.000559027539566,0.000307780632284,0.00025602048845,0.000144699472003,0.0000624339445494,0.000129634820041,0.000143297918839,0.000088418732048,0.0000761367409723,0.0000759328977438,0.0000677499410813,0.0000510345962539,0.0000534576865903,0.0000849897769513,0.0000450131265097,0.0000325124747178,0.0000249029799306,0.000024343989935,0.0000249279109994,0.0000188665617316,0.00000291334663416],"min":[7.67837009252e-12,4.16529553904e-11,2.13600004078e-15,5.60698329874e-15,1.20961617459e-13,2.81496695528e-13,5.570984822e-14,1.24511864577e-13,1.79321672528e-13,3.90323244646e-13,4.64448304035e-13,5.58330454353e-13,5.71083924508e-13,8.89292762693e-13,9.17031966856e-13,1.02047049196e-12,1.12261957542e-12,1.33059817504e-12,2.22829133617e-12,3.17810317993e-12,5.23396603835e-12,5.91886088752e-12,6.70432763125e-12,1.03168324578e-11,1.58597805028e-11,1.84728950886e-11,1.43546589546e-11],"var":[1.01122409057e-10,0.00000606856428931,0.00000823826758278,0.00000594942866883,0.0000088070773927,0.00000777125114837,0.0000122997798826,0.0000664467006573,0.0000214025658352,0.0000030168118883,0.00000123405766317,0.00000524515326106,0.0000042232609303,0.00000362537525689,0.00000308315816255,5.02337854869e-7,1.29593999532e-7,1.33121915269e-7,7.6008547012e-8,1.94303950707e-7,1.68539529e-8,8.59706972278e-9,4.60761961918e-9,1.10177289514e-8,1.55492010379e-8,3.26184990129e-9,9.70534347333e-11]},"barkbands_crest":{"dmean":2.53934550285,"dmean2":4.14240646362,"dvar":5.5259437561,"dvar2":13.401268959,"max":26.920124054,"mean":9.96088027954,"median":9.05746936798,"min":2.00984883308,"var":19.6277999878},"barkbands_flatness_db":{"dmean":0.0234225615859,"dmean2":0.0338546149433,"dvar":0.000483932904899,"dvar2":0.0010362790199,"max":0.624017894268,"mean":0.129662573338,"median":0.120768517256,"min":0.0207112785429,"var":0.004725900013},"barkbands_kurtosis":{"dmean":8.27636432648,"dmean2":12.9529256821,"dvar":3197.25708008,"dvar2":7021.36376953,"max":3948.66601562,"mean":36.3737258911,"median":3.16661024094,"min":-1.90169250965,"var":67638.875},"barkbands_skewness":{"dmean":0.638524055481,"dmean2":0.989476323128,"dvar":0.753488898277,"dvar2":1.62262868881,"max":61.7387695312,"mean":2.47935009003,"median":1.73348402977,"min":-1.77502262592,"var":28.6491413116},"barkbands_spread":{"dmean":6.87581348419,"dmean2":10.5210132599,"dvar":89.4933929443,"dvar2":208.103561401,"max":127.236457825,"mean":21.0145244598,"median":17.3807945251,"min":0.140169546008,"var":215.072555542},"dissonance":{"dmean":0.0188417863101,"dmean2":0.03103450872,"dvar":0.000358793593477,"dvar2":0.000941696984228,"max":0.5,"mean":0.459541678429,"median":0.466161936522,"min":0.268118679523,"var":0.000832087709568},"dynamic_complexity":6.16462373734,"erbbands":{"dmean":[0.0176946762949,0.304117172956,1.26217532158,3.29928207397,3.70558166504,4.76560163498,7.61924934387,8.10624694824,10.1828565598,19.1373119354,40.9422187805,20.9446525574,10.7270965576,9.88160133362,8.78651332855,16.4711074829,18.5983772278,20.1020774841,18.8104133606,11.5854730606,7.41186618805,5.96539497375,5.60519361496,3.00049638748,4.3091044426,6.23386859894,3.3877530098,1.67041110992,1.43867635727,1.1879607439,0.85224956274,0.763347506523,0.578807592392,0.485862970352,0.31251630187,0.143451660872,0.0477885976434,0.00975513458252,0.000837723666336,0.0000244938928518],"dmean2":[0.0281828101724,0.472045660019,2.16704559326,5.6565618515,6.4209394455,7.92874002457,11.5861644745,12.6718406677,15.3974847794,28.2377319336,58.2123031616,30.4217071533,14.5837659836,13.8856153488,12.649096489,24.4440631866,26.9911117554,28.2082195282,27.5829219818,17.1282043457,10.8260250092,8.59467124939,7.82591247559,4.06317996979,5.93632221222,8.74895095825,4.82122039795,2.43601083755,2.03679728508,1.6942332983,1.2174488306,1.098123312,0.830092966557,0.698074519634,0.452492594719,0.20369400084,0.0671797469258,0.0136056877673,0.00116770341992,0.0000339516736858],"dvar":[0.00169824215118,0.347265154123,4.98124980927,42.7770652771,65.7066650391,75.8668670654,167.819000244,190.293746948,436.5496521,2511.01953125,16386.1289062,4487.32763672,1344.77075195,739.73223877,1119.08886719,4988.14746094,3332.52661133,4670.24462891,6821.62011719,1702.79541016,438.880310059,155.835647583,137.299636841,40.8500556946,115.159645081,221.254150391,36.0836143494,9.42845153809,7.02775478363,5.23831415176,2.34491539001,2.99600839615,2.59440851212,1.94890236855,0.603656351566,0.073331348598,0.00802281498909,0.000335220858688,0.00000234577851188,1.49126855309e-9],"dvar2":[0.00430303160101,0.83523774147,13.8509483337,115.036117554,183.5340271,210.638076782,374.58026123,439.43762207,936.116943359,5504.71679688,29449.4414062,8752.33886719,1843.5098877,1148.66088867,2236.62768555,9396.54980469,6228.72558594,9070.62792969,15218.5976562,3569.19384766,989.90234375,310.967987061,271.848846436,75.4755020142,207.955718994,448.950256348,77.9913024902,21.9687519073,15.9180412292,12.5023832321,5.45879220963,7.25458812714,5.7210278511,4.51502895355,1.40071868896,0.178070873022,0.019797636196,0.000830852368381,0.00000574672958464,3.4900089485e-9],"max":[0.490704745054,9.09878921509,35.0361061096,67.1050949097,142.431945801,161.448165894,360.44039917,328.729766846,698.991027832,1310.12023926,3787.04980469,1637.64538574,2030.52587891,735.592651367,1177.07336426,2282.82641602,1373.10852051,1971.53125,3389.37231445,1040.66699219,438.266662598,239.678131104,234.762710571,222.596694946,600.444824219,369.313293457,110.138290405,53.315990448,50.3514175415,49.019618988,27.3452339172,43.7157440186,36.0801582336,34.7273368835,16.6885910034,5.16594743729,2.08117842674,0.383309990168,0.0259898267686,0.000616312318016],"mean":[0.0187743902206,0.421247452497,1.87310361862,3.99366307259,4.88197517395,8.2866563797,16.5019702911,17.4902133942,21.7187347412,34.1084632874,71.9504013062,37.4059906006,18.5220756531,17.1534366608,14.9995946884,27.1240501404,30.057882309,29.9765110016,27.2647819519,17.4040107727,13.2146444321,11.2923593521,9.97072982788,5.97185850143,8.94160366058,11.7336969376,5.5757226944,2.55212903023,2.17387485504,1.86306774616,1.28057539463,1.11090576649,0.812249958515,0.64614212513,0.417127370834,0.192876815796,0.0643870383501,0.0128979543224,0.00113283260725,0.0000523368398717],"median":[0.00529339164495,0.182768598199,0.892347514629,1.59642124176,2.56805586815,4.80290174484,8.73703289032,10.5212144852,9.01976490021,9.2384557724,7.98961162567,7.72718286514,5.08335494995,4.59287214279,4.12213516235,5.76531410217,7.59752464294,5.32912921906,4.84617996216,4.38537120819,4.29417037964,4.63521814346,3.41966247559,2.24082708359,3.61882281303,3.98999476433,2.84982252121,1.35935819149,1.0658788681,1.04693555832,0.670442700386,0.549715340137,0.360732138157,0.275007456541,0.184100687504,0.0910130515695,0.0306123439223,0.00589852081612,0.000534399296157,0.0000389596098103],"min":[1.00006980475e-9,1.04929656075e-8,1.24618564357e-8,4.52228121617e-9,2.57937293746e-9,1.85833770594e-9,1.97405003455e-9,2.63519095434e-9,1.68948310897e-9,2.19766560505e-9,4.86771556396e-9,6.79685863147e-9,1.11215827658e-8,2.29047607547e-8,2.12702246927e-8,2.7217367915e-8,3.67999923867e-8,4.24689119427e-8,4.02051938408e-8,5.77779317723e-8,4.98599561638e-8,6.90269388315e-8,7.27189970462e-8,1.10206123338e-7,1.05997898459e-7,1.58685367069e-7,1.7553011844e-7,1.85337697189e-7,1.929870308e-7,2.15005968585e-7,2.03144978173e-7,1.90623168805e-7,1.53584153395e-7,1.3631419904e-7,1.21261962249e-7,6.41990567374e-8,3.62831755751e-8,1.58142103857e-8,2.4152375655e-9,1.31430907824e-10],"var":[0.00153683917597,0.441393613815,7.61750507355,42.086856842,61.0568656921,116.118995667,606.666259766,537.529174805,1600.96289062,6442.09863281,41606.3359375,11701.9892578,3693.92211914,2317.63525391,2542.40673828,10144.7636719,7236.74072266,9313.11328125,11070.4482422,2719.29418945,821.701965332,398.73550415,341.306610107,139.920883179,342.889465332,558.432861328,67.1692657471,13.8274049759,10.7737922668,7.34746789932,3.49782252312,3.9685459137,3.41624808311,2.30177044868,0.729707241058,0.0867934077978,0.00926528032869,0.000383161590435,0.00000273980231213,2.39973507732e-9]},"erbbands_crest":{"dmean":2.52266550064,"dmean2":4.00228500366,"dvar":6.55566596985,"dvar2":14.8339385986,"max":28.3047943115,"mean":8.59062480927,"median":7.42935800552,"min":2.29689264297,"var":19.5902767181},"erbbands_flatness_db":{"dmean":0.0217258483171,"dmean2":0.0289417710155,"dvar":0.000463030504761,"dvar2":0.000778442248702,"max":0.309783309698,"mean":0.133662447333,"median":0.129897847772,"min":0.02431711182,"var":0.00248529273085},"erbbands_kurtosis":{"dmean":0.815592229366,"dmean2":1.23782587051,"dvar":1.15886902809,"dvar2":2.48981761932,"max":22.1035652161,"mean":0.223867863417,"median":-0.286870956421,"min":-1.77235710621,"var":3.18073272705},"erbbands_skewness":{"dmean":0.364472597837,"dmean2":0.548074960709,"dvar":0.108640372753,"dvar2":0.248036250472,"max":4.08018064499,"mean":0.475132882595,"median":0.463308602571,"min":-2.14833402634,"var":0.492107957602},"erbbands_spread":{"dmean":10.7532501221,"dmean2":15.7767724991,"dvar":147.63369751,"dvar2":317.615570068,"max":160.785202026,"mean":45.0377159119,"median":41.4085350037,"min":5.2364358902,"var":533.242980957},"gfcc":{"cov":[[22396.046875,2082.50048828,-2104.87011719,-543.261901855,-1192.94299316,-716.725646973,-927.726928711,-188.111465454,-588.254150391,-88.7183532715,-369.632354736,-313.294036865,-412.967224121],[2082.50048828,1318.94604492,-349.981201172,-137.975570679,36.567653656,-141.281051636,-49.9970397949,-22.5668048859,-13.5999708176,-111.327293396,83.137802124,-54.606918335,-9.38464736938],[-2104.87011719,-349.981201172,898.329650879,322.850463867,169.345993042,254.358505249,174.488998413,33.779800415,22.6621341705,-0.69383251667,-13.1309909821,109.560661316,10.9120702744],[-543.261901855,-137.975570679,322.850463867,364.074645996,127.40309906,60.3109779358,58.1854743958,52.0508422852,28.0457897186,-1.16723978519,2.94834589958,33.5653038025,20.926618576],[-1192.94299316,36.567653656,169.345993042,127.40309906,249.809951782,103.068901062,121.564109802,63.8077735901,75.6985092163,9.25172519684,20.4481334686,33.455116272,31.6584453583],[-716.725646973,-141.281051636,254.358505249,60.3109779358,103.068901062,267.24420166,173.956069946,48.1877288818,30.9466896057,19.8659934998,-1.59315145016,36.727558136,1.36057496071],[-927.726928711,-49.9970397949,174.488998413,58.1854743958,121.564109802,173.956069946,264.725921631,88.9166946411,35.1693267822,5.48550462723,13.7690858841,35.483417511,-7.6966252327],[-188.111465454,-22.5668048859,33.779800415,52.0508422852,63.8077735901,48.1877288818,88.9166946411,111.289421082,55.2091560364,11.8739624023,4.66917705536,7.27466917038,7.44059848785],[-588.254150391,-13.5999708176,22.6621341705,28.0457897186,75.6985092163,30.9466896057,35.1693267822,55.2091560364,107.988937378,42.140838623,11.4417638779,-3.68289613724,20.7515220642],[-88.7183532715,-111.327293396,-0.69383251667,-1.16723978519,9.25172519684,19.8659934998,5.48550462723,11.8739624023,42.140838623,88.6916046143,18.029718399,-12.4799699783,-7.14334726334],[-369.632354736,83.137802124,-13.1309909821,2.94834589958,20.4481334686,-1.59315145016,13.7690858841,4.66917705536,11.4417638779,18.029718399,92.9513931274,12.0510692596,7.49805688858],[-313.294036865,-54.606918335,109.560661316,33.5653038025,33.455116272,36.727558136,35.483417511,7.27466917038,-3.68289613724,-12.4799699783,12.0510692596,88.4682769775,32.4381828308],[-412.967224121,-9.38464736938,10.9120702744,20.926618576,31.6584453583,1.36057496071,-7.6966252327,7.44059848785,20.7515220642,-7.14334726334,7.49805688858,32.4381828308,69.192565918]],"icov":[[0.00026648567291,-0.000666834705044,0.000607309979387,-0.000683497346472,0.000946913554799,-0.000714490946848,0.000912494841032,-0.0011041900143,0.00135337538086,-0.0014548401814,0.0016258090036,-0.00110726244748,0.00119885045569],[-0.000666834705044,0.00289845955558,-0.0012086618226,0.00202991184779,-0.00309846922755,0.00207260320894,-0.0022441316396,0.00302504003048,-0.00388262490742,0.0058238748461,-0.0054792878218,0.0034227243159,-0.00245327246375],[0.000607309979387,-0.0012086618226,0.00408624112606,-0.00349326198921,0.00198043091223,-0.0033625527285,0.00191904767416,-0.00105115713086,0.00232243956998,-0.00258681573905,0.00394838070497,-0.00470269750804,0.00417251791805],[-0.000683497346472,0.00202991184779,-0.00349326198921,0.00691973185167,-0.00451843766496,0.0030189382378,-0.00148006039672,0.000347484456142,-0.00208542100154,0.0039837420918,-0.00473190285265,0.00410965271294,-0.00391710130498],[0.000946913554799,-0.00309846922755,0.00198043091223,-0.00451843766496,0.0117095699534,-0.00347275845706,0.000840013439301,-0.00311772967689,0.00028562542866,-0.00481725623831,0.00566864991561,-0.00469472119585,0.00242856051773],[-0.000714490946848,0.00207260320894,-0.0033625527285,0.0030189382378,-0.00347275845706,0.0104434518144,-0.0069993250072,0.00353808421642,-0.00345509755425,0.00241794623435,-0.00362553121522,0.00344896735623,-0.00407964456826],[0.000912494841032,-0.0022441316396,0.00191904767416,-0.00148006039672,0.000840013439301,-0.0069993250072,0.0130293695256,-0.0096871079877,0.0063121994026,-0.00398138165474,0.00430948473513,-0.00536312209442,0.00727420113981],[-0.0011041900143,0.00302504003048,-0.00105115713086,0.000347484456142,-0.00311772967689,0.00353808421642,-0.0096871079877,0.0223143268377,-0.0140776839107,0.00796718988568,-0.00615803385153,0.00385334319435,-0.00433405674994],[0.00135337538086,-0.00388262490742,0.00232243956998,-0.00208542100154,0.00028562542866,-0.00345509755425,0.0063121994026,-0.0140776839107,0.0275332797319,-0.0164996050298,0.00898628216237,-0.00215880922042,0.0000459100301669],[-0.0014548401814,0.0058238748461,-0.00258681573905,0.0039837420918,-0.00481725623831,0.00241794623435,-0.00398138165474,0.00796718988568,-0.0164996050298,0.0280218422413,-0.014453375712,0.00791214033961,-0.00213481555693],[0.0016258090036,-0.0054792878218,0.00394838070497,-0.00473190285265,0.00566864991561,-0.00362553121522,0.00430948473513,-0.00615803385153,0.00898628216237,-0.014453375712,0.0236538331956,-0.00974146369845,0.00620435923338],[-0.00110726244748,0.0034227243159,-0.00470269750804,0.00410965271294,-0.00469472119585,0.00344896735623,-0.00536312209442,0.00385334319435,-0.00215880922042,0.00791214033961,-0.00974146369845,0.0234406981617,-0.0140456566587],[0.00119885045569,-0.00245327246375,0.00417251791805,-0.00391710130498,0.00242856051773,-0.00407964456826,0.00727420113981,-0.00433405674994,0.0000459100301669,-0.00213481555693,0.00620435923338,-0.0140456566587,0.0277240369469]],"mean":[-35.7279129028,73.2439804077,-97.6794204712,16.322889328,-57.9117088318,2.99081683159,-41.4348144531,4.08121061325,-28.0181732178,8.25633525848,-18.8752613068,-3.04740452766,-16.4878444672]},"hfc":{"dmean":5.17055177689,"dmean2":6.47006750107,"dvar":58.7998275757,"dvar2":96.3459091187,"max":185.560745239,"mean":15.1015520096,"median":10.3514347076,"min":0.00000394100834455,"var":262.916931152},"melbands":{"dmean":[0.000245202769293,0.000550610129721,0.000544879119843,0.000301877938909,0.000247738993494,0.000175201159436,0.000167922291439,0.000245396513492,0.000319826009218,0.000118613847008,0.0000541383524251,0.0000435848851339,0.0000261614477495,0.0000443023927801,0.0000395380811824,0.0000469562182843,0.0000366522690456,0.0000340212063747,0.000019958593839,0.000012701732885,0.00000909623395273,0.00000612150051893,0.00000667766516926,0.00000463765309178,0.0000022806088964,0.00000289569425149,0.00000408671257901,0.00000437015887655,0.00000257982514995,0.00000122076880871,9.95481855171e-7,8.50196784086e-7,8.22363119823e-7,6.23308324066e-7,5.19372122199e-7,4.68263607445e-7,4.89984984142e-7,4.13439494196e-7,4.13003874655e-7,4.24469305926e-7],"dmean2":[0.000384926737752,0.000908319896553,0.000931105169002,0.000518176530022,0.000381550140446,0.000271539058303,0.000253110076301,0.000360558216926,0.000453879416455,0.000173229695065,0.0000743352284189,0.0000622365841991,0.000037696237996,0.0000669065702823,0.0000591929310758,0.0000668972061248,0.0000527456359123,0.0000505363823322,0.0000304671502818,0.0000191746330529,0.0000135488953674,0.00000914351039683,0.00000954185725277,0.00000656866041027,0.00000321843231177,0.00000417397450292,0.00000575893227506,0.00000626528162684,0.00000376639695787,0.00000179461596872,0.00000150051175751,0.00000122941628433,0.00000119056926451,9.20836271234e-7,7.70191036281e-7,6.80432265199e-7,7.25418999536e-7,6.06459764185e-7,6.0488315512e-7,6.2468023998e-7],"dvar":[2.78875376125e-7,8.70561962074e-7,0.00000103052593659,4.13299716229e-7,1.57876712592e-7,8.44626129037e-8,1.23465085267e-7,3.86328991908e-7,9.87689986687e-7,1.56745358026e-7,3.59873837397e-8,1.53948942483e-8,1.07387352344e-8,3.01715381568e-8,2.37702906247e-8,2.68976751983e-8,1.62807261006e-8,1.99971719184e-8,8.15557665845e-9,2.71585753886e-9,6.70083377674e-10,1.63472332892e-10,2.34294306178e-10,1.28869789839e-10,2.65644901909e-11,6.32241897724e-11,9.0143933984e-11,1.1557749896e-10,2.21927060062e-11,5.45674356395e-12,3.64119975491e-12,2.53824955845e-12,2.3695910685e-12,1.66119516146e-12,8.96733371152e-13,1.00704871959e-12,1.36096581053e-12,1.26690162267e-12,1.90834240771e-12,1.4391492555e-12],"dvar2":[6.86906560077e-7,0.00000223785423259,0.00000275331444755,0.00000116931164484,3.68160897324e-7,1.94815910959e-7,2.6436873668e-7,8.2039332483e-7,0.00000175653349288,3.0079357316e-7,4.95282002078e-8,2.40420465758e-8,2.07160777421e-8,6.30353866882e-8,4.47611405718e-8,4.95477863183e-8,3.29119131948e-8,4.49099708533e-8,1.74502865491e-8,5.76816816533e-9,1.49943124583e-9,3.37579297849e-10,4.66127303422e-10,2.61387106404e-10,5.06124551991e-11,9.9566396794e-11,1.86429136018e-10,2.4010884947e-10,4.84975185011e-11,1.23676529087e-11,8.88163848023e-12,5.85148336035e-12,5.55678463313e-12,4.15865475736e-12,2.11712396746e-12,2.49287179441e-12,3.3779333497e-12,2.73955879683e-12,4.63941905726e-12,3.3824546896e-12],"max":[0.00715974811465,0.013639495708,0.0105394963175,0.0127027826384,0.0095827979967,0.00661515118554,0.0116547774523,0.0128496792167,0.02920707874,0.00941892620176,0.0104079749435,0.0031624364201,0.00382383936085,0.00539828184992,0.00461792619899,0.00526168150827,0.00361328315921,0.00519187143072,0.00360055780038,0.00238693878055,0.000585491070524,0.000212490325794,0.000351871247403,0.000278643565252,0.000179608672624,0.000537845189683,0.000172965083038,0.000281823973637,0.0000905361303012,0.0000531627047167,0.0000355499214493,0.0000354982039426,0.0000303809920297,0.0000301012369164,0.0000152453849296,0.0000233353293879,0.0000302117550746,0.0000275005786534,0.0000465188531962,0.0000245372248173],"mean":[0.000294444704195,0.000859194609802,0.000698644143995,0.000465372693725,0.000539180007763,0.000386298517697,0.000345439388184,0.000429204170359,0.00055860192515,0.000203219460673,0.0000889291477506,0.0000729079692974,0.0000431004846178,0.0000699637676007,0.0000612960138824,0.0000721472970326,0.0000509611563757,0.0000465602061013,0.0000277644339803,0.0000180841234396,0.0000151304675455,0.0000107570012915,0.0000112258512672,0.00000781486141932,0.0000041858647819,0.00000541816052646,0.00000802725389804,0.00000764391097618,0.00000395971073885,0.00000178047662303,0.00000139918165587,0.00000120885169963,0.00000122894516608,9.42190638398e-7,7.47452872929e-7,6.68884695187e-7,6.86649968884e-7,5.6716612562e-7,5.47468289369e-7,5.41471422366e-7],"median":[0.000102739359136,0.000444575707661,0.000313460448524,0.000250441051321,0.000321001862176,0.000235976971453,0.000130984204588,0.0000941817779676,0.0000596706668148,0.0000376741736545,0.0000211474034586,0.0000174549622898,0.0000111704994197,0.0000148715807882,0.0000135778518597,0.0000147488062794,0.00000815342446003,0.00000687567489877,0.00000568576433579,0.0000047082871788,0.00000468543476018,0.00000409996710005,0.00000366696031051,0.00000204470779863,0.00000138190830512,0.00000241850852944,0.00000220789888772,0.00000253060557043,0.00000189434979347,8.66983498327e-7,6.89023238465e-7,5.46434989701e-7,6.33845957054e-7,5.15215106134e-7,3.80878361739e-7,3.25501190446e-7,3.29101794705e-7,2.49577823297e-7,2.26804388603e-7,2.24928072612e-7],"min":[1.06043672107e-11,1.60145131206e-14,1.11900133528e-14,1.19043560477e-14,4.74825325e-14,4.88333603155e-14,1.53047367802e-14,1.42751783972e-14,3.79404928969e-14,3.2207750193e-14,5.51024510579e-14,9.09123443844e-14,6.97226496915e-14,6.49736815457e-14,6.36474244619e-14,7.43235564781e-14,6.71770175294e-14,5.69272886751e-14,7.25409383712e-14,7.36609327679e-14,4.62957173682e-14,7.39249495494e-14,6.86797962794e-14,6.14441359121e-14,9.30789123619e-14,7.62414220298e-14,8.15029264239e-14,1.05241363584e-13,8.31662958444e-14,9.72121485415e-14,9.36587030262e-14,1.04163653072e-13,1.16408307147e-13,1.15169023407e-13,1.06752531348e-13,1.1026485172e-13,1.0415074429e-13,1.10296517199e-13,1.08729004804e-13,1.0590248974e-13],"var":[2.92751053621e-7,0.00000139062979088,0.00000108118001663,4.56994740716e-7,5.2308382692e-7,2.49076890668e-7,4.27825597171e-7,9.65713638834e-7,0.00000256060388892,3.90727365129e-7,9.9118707908e-8,4.79356216943e-8,2.68520015112e-8,6.46074482802e-8,4.42116352417e-8,5.99087925934e-8,2.86597252597e-8,3.11644754447e-8,1.32361588356e-8,3.9128242868e-9,1.20937904136e-9,3.74476977205e-10,5.26413579394e-10,3.11106307382e-10,8.47521428038e-11,1.86849077877e-10,2.39478020747e-10,2.65601041161e-10,3.84547116372e-11,8.44092244018e-12,4.73749858787e-12,3.69951552032e-12,3.42520760019e-12,2.04201239251e-12,1.25562114959e-12,1.2784815524e-12,1.70798770092e-12,1.71673916402e-12,1.98500005495e-12,1.65184120722e-12]},"melbands_crest":{"dmean":3.32579421997,"dmean2":5.39317798615,"dvar":8.90515041351,"dvar2":23.2536907196,"max":39.9906311035,"mean":14.1483631134,"median":12.9251251221,"min":1.10888910294,"var":36.0316238403},"melbands_flatness_db":{"dmean":0.0288970582187,"dmean2":0.0424193255603,"dvar":0.000830723671243,"dvar2":0.00187738938257,"max":0.59208792448,"mean":0.200137525797,"median":0.193730503321,"min":0.000509503472131,"var":0.0045296610333},"melbands_kurtosis":{"dmean":20.1644115448,"dmean2":32.799861908,"dvar":15688.8066406,"dvar2":42155.9140625,"max":6870.41210938,"mean":67.1115341187,"median":10.0180950165,"min":-1.663418293,"var":198579.078125},"melbands_skewness":{"dmean":0.910750150681,"dmean2":1.39897620678,"dvar":1.73486316204,"dvar2":4.36911916733,"max":80.9420700073,"mean":3.65359997749,"median":2.6533036232,"min":-0.693116366863,"var":45.4861106873},"melbands_spread":{"dmean":7.10614871979,"dmean2":11.1614570618,"dvar":145.535430908,"dvar2":359.141815186,"max":169.68699646,"mean":19.498342514,"median":15.9162883759,"min":0.129785731435,"var":278.973236084},"mfcc":{"cov":[[12429.8447266,1617.2409668,-708.767028809,-69.6511459351,-378.141143799,-465.841430664,-305.648803711,-327.175109863,-321.002410889,-42.3389816284,-102.970588684,-49.4138526917,-38.2877044678],[1617.2409668,1264.32971191,-242.371017456,-13.6641721725,13.864315033,-85.6841506958,-3.56142258644,14.713766098,-91.7255172729,-14.5078802109,-26.3963127136,13.6250839233,58.3254165649],[-708.767028809,-242.371017456,609.687011719,131.943389893,92.1518554688,185.433227539,112.265350342,104.566207886,67.8614425659,-45.2571563721,-0.716006159782,14.3320703506,11.8753042221],[-69.6511459351,-13.6641721725,131.943389893,294.926177979,112.379272461,14.7941169739,25.9129943848,52.1823234558,25.7626552582,10.4685678482,-24.3730373383,0.668778300285,48.700138092],[-378.141143799,13.864315033,92.1518554688,112.379272461,178.779769897,47.9591560364,3.04287743568,28.4972915649,41.1301422119,15.4361248016,-9.2780828476,4.00769233704,21.9550018311],[-465.841430664,-85.6841506958,185.433227539,14.7941169739,47.9591560364,198.459152222,105.618034363,81.4027175903,73.19506073,11.5902795792,35.8574066162,15.7239923477,-6.23276233673],[-305.648803711,-3.56142258644,112.265350342,25.9129943848,3.04287743568,105.618034363,169.762527466,114.263687134,38.849899292,15.4284534454,37.6489372253,24.2589168549,18.4599723816],[-327.175109863,14.713766098,104.566207886,52.1823234558,28.4972915649,81.4027175903,114.263687134,179.77331543,83.842376709,0.901551127434,14.6106052399,18.2075386047,33.8677787781],[-321.002410889,-91.7255172729,67.8614425659,25.7626552582,41.1301422119,73.19506073,38.849899292,83.842376709,138.219421387,37.8648452759,19.1995105743,13.9433088303,-0.503362298012],[-42.3389816284,-14.5078802109,-45.2571563721,10.4685678482,15.4361248016,11.5902795792,15.4284534454,0.901551127434,37.8648452759,113.711708069,55.2894287109,1.33536016941,-1.9710354805],[-102.970588684,-26.3963127136,-0.716006159782,-24.3730373383,-9.2780828476,35.8574066162,37.6489372253,14.6106052399,19.1995105743,55.2894287109,92.6314849854,25.70353508,-13.5064182281],[-49.4138526917,13.6250839233,14.3320703506,0.668778300285,4.00769233704,15.7239923477,24.2589168549,18.2075386047,13.9433088303,1.33536016941,25.70353508,68.556427002,19.3585681915],[-38.2877044678,58.3254165649,11.8753042221,48.700138092,21.9550018311,-6.23276233673,18.4599723816,33.8677787781,-0.503362298012,-1.9710354805,-13.5064182281,19.3585681915,85.2035522461]],"icov":[[0.000117249583127,-0.000158059803653,0.00000243803469857,-0.000143428696902,0.000316273188218,0.0000367502398149,0.000109501612314,0.000114173104521,-0.0000128320734802,-0.0000453276006738,0.0000555765946046,-0.0000271465560218,0.0001084651376],[-0.000158059803653,0.00119698257186,0.000442937627668,0.000322535954183,-0.00086408428615,-0.000038122303522,-0.000186959732673,-0.000834010250401,0.000992536195554,-0.0000478690963064,0.000218554749154,-0.000257377658272,-0.000446736026788],[0.00000243803469857,0.000442937627668,0.00303656980395,-0.00106176442932,-0.000484141812194,-0.002230462851,-0.000503264891449,-0.000115616778203,0.0000722434706404,0.00179536698852,-0.000193845960894,0.0000623096784693,-0.00000480329299535],[-0.000143428696902,0.000322535954183,-0.00106176442932,0.00569115858525,-0.00332387140952,0.00159239594359,-0.000767429708503,-0.00109201634768,0.000534803897608,-0.00144162855577,0.00138635234907,0.000265710201347,-0.0016876636073],[0.000316273188218,-0.00086408428615,-0.000484141812194,-0.00332387140952,0.00983339268714,-0.00265395198949,0.00293624028563,0.000272601173492,-0.0011777181644,-0.0015843489673,0.00129930186085,-0.000629307876807,-0.000466217286885],[0.0000367502398149,-0.000038122303522,-0.002230462851,0.00159239594359,-0.00265395198949,0.0122562749311,-0.00625720620155,0.0016019300092,-0.00423621758819,0.00153154123109,-0.00245142867789,0.0010505344253,0.00112577027176],[0.000109501612314,-0.000186959732673,-0.000503264891449,-0.000767429708503,0.00293624028563,-0.00625720620155,0.0164264570922,-0.00952240917832,0.00541183538735,-0.00327261234634,-0.00108408601955,-0.00243156007491,0.0000347000532201],[0.000114173104521,-0.000834010250401,-0.000115616778203,-0.00109201634768,0.000272601173492,0.0016019300092,-0.00952240917832,0.0167753696442,-0.00986599270254,0.00519634969532,-0.00219361507334,0.00272787874565,-0.00420113420114],[-0.0000128320734802,0.000992536195554,0.0000722434706404,0.000534803897608,-0.0011777181644,-0.00423621758819,0.00541183538735,-0.00986599270254,0.016663942486,-0.00722006522119,0.00372344697826,-0.00402290793136,0.00317746400833],[-0.0000453276006738,-0.0000478690963064,0.00179536698852,-0.00144162855577,-0.0015843489673,0.00153154123109,-0.00327261234634,0.00519634969532,-0.00722006522119,0.0182330384851,-0.012068323791,0.00563837587833,-0.00306501239538],[0.0000555765946046,0.000218554749154,-0.000193845960894,0.00138635234907,0.00129930186085,-0.00245142867789,-0.00108408601955,-0.00219361507334,0.00372344697826,-0.012068323791,0.0228400249034,-0.00905619747937,0.0051236813888],[-0.0000271465560218,-0.000257377658272,0.0000623096784693,0.000265710201347,-0.000629307876807,0.0010505344253,-0.00243156007491,0.00272787874565,-0.00402290793136,0.00563837587833,-0.00905619747937,0.0204117968678,-0.00628161337227],[0.0001084651376,-0.000446736026788,-0.00000480329299535,-0.0016876636073,-0.000466217286885,0.00112577027176,0.0000347000532201,-0.00420113420114,0.00317746400833,-0.00306501239538,0.0051236813888,-0.00628161337227,0.0171086080372]],"mean":[-681.443359375,117.140518188,8.33340644836,16.9079284668,0.35367885232,-0.0440791323781,-3.27691531181,-8.4981212616,-5.02931594849,1.43803679943,-2.29491329193,0.995315790176,0.221266821027]},"pitch_salience":{"dmean":0.0765683278441,"dmean2":0.124472156167,"dvar":0.00493240496144,"dvar2":0.0130120944232,"max":0.995575666428,"mean":0.573339223862,"median":0.595653653145,"min":0.0017798995832,"var":0.0190546344966},"silence_rate_20dB":{"dmean":0,"dmean2":0,"dvar":0,"dvar2":0,"max":1,"mean":1,"median":1,"min":1,"var":0},"silence_rate_30dB":{"dmean":0.00233800942078,"dmean2":0.00467679975554,"dvar":0.00233264337294,"dvar2":0.00498859956861,"max":1,"mean":0.996994495392,"median":1,"min":0,"var":0.0029964838177},"silence_rate_60dB":{"dmean":0.0427521727979,"dmean2":0.0855186209083,"dvar":0.0409268513322,"dvar2":0.0882317945361,"max":1,"mean":0.154282853007,"median":0,"min":0,"var":0.130478575826},"spectral_centroid":{"dmean":278.899475098,"dmean2":421.827911377,"dvar":115832.007812,"dvar2":272870.34375,"max":4472.72998047,"mean":1228.26721191,"median":1078.46130371,"min":258.195800781,"var":442802.375},"spectral_complexity":{"dmean":3.02237820625,"dmean2":4.18640375137,"dvar":11.3089561462,"dvar2":19.7035980225,"max":51,"mean":13.8031387329,"median":14,"min":0,"var":65.5243225098},"spectral_contrast_coeffs":{"dmean":[0.0537356808782,0.0480218045413,0.0381142012775,0.0330209769309,0.0245192516595,0.0161107275635],"dmean2":[0.0872589871287,0.0763608440757,0.0585023872554,0.0507445335388,0.0359455794096,0.0250527597964],"dvar":[0.00195546145551,0.0016981435474,0.00104169046972,0.000800264242571,0.000478290923638,0.000206287877518],"dvar2":[0.00505594490096,0.00396953197196,0.00218587554991,0.00170297606383,0.000888851005584,0.000467859033961],"max":[-0.314544796944,-0.424694687128,-0.475827842951,-0.539342701435,-0.587610721588,-0.662342309952],"mean":[-0.622974693775,-0.710061371326,-0.779522657394,-0.781987249851,-0.795800626278,-0.800956964493],"median":[-0.622357010841,-0.70988714695,-0.790114164352,-0.790906310081,-0.803746461868,-0.799349367619],"min":[-0.957911729813,-0.996176898479,-0.997710764408,-0.978343367577,-0.978631675243,-0.930189073086],"var":[0.00921564176679,0.00902783870697,0.00583436433226,0.00493717473,0.00300051597878,0.00093542272225]},"spectral_contrast_valleys":{"dmean":[0.495665490627,0.380916744471,0.355070888996,0.311055958271,0.3181206882,0.415797948837],"dmean2":[0.774783909321,0.593094229698,0.527640938759,0.451963096857,0.407868206501,0.505599796772],"dvar":[0.208578616381,0.112431883812,0.102443307638,0.0814141556621,0.0913013145328,0.196048632264],"dvar2":[0.407433539629,0.236500918865,0.205216869712,0.154376104474,0.15709194541,0.392917841673],"max":[-5.47992086411,-4.62061548233,-5.27454519272,-6.14009284973,-5.74910068512,-7.95067548752],"mean":[-7.92956829071,-7.05741930008,-7.81297922134,-8.15905094147,-8.07883930206,-10.2860097885],"median":[-7.5475487709,-6.71759176254,-7.5385055542,-7.87786197662,-7.80557346344,-10.0294752121],"min":[-19.312877655,-17.4634094238,-17.022233963,-16.7371749878,-15.96438694,-17.2710151672],"var":[2.62208390236,2.52486085892,2.20296812057,2.03148293495,1.89586591721,1.66254866123]},"spectral_decrease":{"dmean":1.61895297168e-9,"dmean2":2.29748353675e-9,"dvar":4.95843450669e-18,"dvar2":9.17411955312e-18,"max":-1.08327506845e-16,"mean":-4.9191806184e-9,"median":-3.76475028929e-9,"min":-3.97490858006e-8,"var":2.10990100353e-17},"spectral_energy":{"dmean":0.00648045958951,"dmean2":0.009078361094,"dvar":0.0000798110704636,"dvar2":0.000144720033859,"max":0.164797991514,"mean":0.0199358668178,"median":0.0152001399547,"min":8.03902666657e-10,"var":0.000347835855791},"spectral_energyband_high":{"dmean":0.000262034329353,"dmean2":0.000355610245606,"dvar":1.70917246578e-7,"dvar2":3.74076819298e-7,"max":0.00620255572721,"mean":0.000464648939669,"median":0.000280498090433,"min":1.06202824313e-10,"var":3.31134316411e-7},"spectral_energyband_low":{"dmean":0.00265500578098,"dmean2":0.00426430534571,"dvar":0.0000214521551243,"dvar2":0.0000514859675604,"max":0.0519694685936,"mean":0.00413207290694,"median":0.0022600942757,"min":1.23177648637e-10,"var":0.000029824414014},"spectral_energyband_middle_high":{"dmean":0.00164335989393,"dmean2":0.00211607920937,"dvar":0.0000120759714264,"dvar2":0.000019108176275,"max":0.0820041820407,"mean":0.00394298275933,"median":0.0016726362519,"min":1.57688966052e-11,"var":0.0000446128287876},"spectral_energyband_middle_low":{"dmean":0.0045419447124,"dmean2":0.00666527310386,"dvar":0.0000467542158731,"dvar2":0.0000944882340264,"max":0.144447132945,"mean":0.0123186958954,"median":0.00853630341589,"min":2.02887966844e-12,"var":0.000174483153387},"spectral_entropy":{"dmean":0.21252143383,"dmean2":0.288191109896,"dvar":0.0441594496369,"dvar2":0.083652831614,"max":8.99702072144,"mean":7.61094808578,"median":7.59260940552,"min":6.22886323929,"var":0.208485275507},"spectral_flux":{"dmean":0.0218613930047,"dmean2":0.0328526608646,"dvar":0.000618914142251,"dvar2":0.00129224499688,"max":0.274987339973,"mean":0.0682982727885,"median":0.0609543435276,"min":0.00000786027885624,"var":0.00195835134946},"spectral_kurtosis":{"dmean":1.45977652073,"dmean2":2.21995568275,"dvar":2.69252204895,"dvar2":6.16267156601,"max":20.6054229736,"mean":4.62840080261,"median":4.19946289062,"min":-1.20936501026,"var":7.1583108902},"spectral_rms":{"dmean":0.000699631578755,"dmean2":0.000954542832915,"dvar":6.62601507884e-7,"dvar2":0.00000116938520023,"max":0.0126798469573,"mean":0.00388254458085,"median":0.00385089660995,"min":8.85604436007e-7,"var":0.00000437553353549},"spectral_rolloff":{"dmean":671.973205566,"dmean2":1142.3770752,"dvar":2083247.5,"dvar2":5063083.5,"max":16946.6308594,"mean":1414.37402344,"median":925.927734375,"min":21.533203125,"var":2939517.5},"spectral_skewness":{"dmean":0.223525583744,"dmean2":0.328973382711,"dvar":0.0493787676096,"dvar2":0.104944504797,"max":3.47458648682,"mean":1.68177092075,"median":1.65326225758,"min":0.306280493736,"var":0.18440644443},"spectral_spread":{"dmean":868470.0625,"dmean2":1219263.25,"dvar":1110262415360,"dvar2":2272924270590,"max":14240637,"mean":5542278.5,"median":5209846,"min":2161289.5,"var":3585557921790},"spectral_strongpeak":{"dmean":0.491750687361,"dmean2":0.773631095886,"dvar":0.764372646809,"dvar2":1.70313704014,"max":14.3055877686,"mean":0.971092283726,"median":0.424860745668,"min":0,"var":1.78789138794},"zerocrossingrate":{"dmean":0.0138873122633,"dmean2":0.0160083994269,"dvar":0.000282065011561,"dvar2":0.000364873063518,"max":0.3046875,"mean":0.0630918219686,"median":0.05517578125,"min":0,"var":0.00147599738557}},"metadata":{"audio_properties":{"analysis_sample_rate":44100,"bit_rate":194950,"codec":"mp3","downmix":"mix","equal_loudness":0,"length":139.031997681,"lossless":false,"md5_encoded":"d8316dfe1fe21d14c8d0763d4ac9b86f","replay_gain":-5.78673171997,"sample_rate":48000},"tags":{"acoustid_fingerprint":["AQADtFGSJEmUSJGiDD_88AQMnURNFP6DW4dH6DzOHvnhVMfhUkdrPJWCMKVSaPoQp8ETJR08RnGwS0EO_aMQL1E5oVH0BD_6cCxOXMelJDnyG8mDJltioTd-PEvR_OjRczSa88GPNJMJxT2-o3nA6OOh48ehyTz8pEfoo2PUoonz4ATTS2h2AeGZQoymGWHR-TjxJRV-UDp-9A9eH4WZmUGP-oepoZ7y4TbCRD6k_ENGf8F5NC72CmHODw8FnUejO6h_PIae5UVOGo_iGLWkoJkSCw8XjH6GC30_hKmSBCpzhEzRKD2e4ecwxUn0oWaEskOjBO_RP2j6Ht8lPHGCXBSSb0PzNOjX4aKJ5zmeWMFzD-ZzxOJGaKaOMMfxjNFx-UGjHn2U48aFmSfMfMHD4D8ufciPRHOsRBFKMkUzEt9TPDnaKQaTh8dIPEh-Iefxo0eTc_hLvMFXPJQCkzvOHDtCSCEbI9uUHMeLKU-MclFUwIyY4Tr-INTRPPgWEfmSoL-E5zLahVVxFs2Dsj-OJs-F5ime3IjOZUHzHZrSRBli_SizXHAT4k4oopfwHBd1bAkb3DIeHeeF1E8g8njSI0bjUihZGrXC41sioUpZnEmiINc9aPmH_jHy5Sh8Ek-cBaV2FEN6aM-DmUe1M5AVR0P66ChF-XiIxvXQH8d5mL_x5cKVHP2SHvkObSHi-QrOJ3B3PNpxJTu8IFYhT3oS5LzwE8d5lKGF5sdH4lSPv0HiI9aP9od_9DmOL0kS_ENDaTLhD6EkMUh-rPuCXhmeSMcj9MfDHyXRXAk-Gysb5DqSK8kpNE7wkIEnHRdznPPwHP9xofmRXExyxL_woY9ghkqOnhr-4-dwcRS-OMV1nCfC1Idm5D3OZBQ-bP9wZzFm0mj40CjVHH_wSUoQWmGRHP9hMZmIyj2-MDgzF82iKUTdGocvRKcTqHy2oKMihCl-5FKSB1MV5iK0TK6EfkSYnMUzNEe46biWRIceRQnC5E8FP9eCaiuJSzlQ_nCVGua4C810vAmDLy6iD6IuRH5uNFkUfKFF3PHwU6j1EhfVw1mEp97xKAnybYK7FxofhIk74g0qukdjF1eI8rqGaks04QmZ49Ec5LQEu4T-IczRJ8fJbGh_bOuBS8h_aFaOnUL1EVYe6Jlw5D98Wqj048wtNJfQJ4j0q4LY2cgPR12OKv3Rw0dR6gjDK9CTITJ1_EGjPLiLE-5x-DnCktCJfMf3oMeHF_8OM0eosxvkHKG-HE2V42jcHP0RkVcgfzEeXGilQ2yDcHlxZ8d_NONx_Knhirh6tNGnIk4eaKKI1Dqm08cdHOWD6QmP8KjaDb-Cp0d4-Bd6GaeRz0h4_FiP6kNzHs-D40Ku-Di0B1pyFlWiTSbCOFkeXPiGMB_KNYe6IWqYJ-CPvjqmPAte2Ovx4OKDlznC99B__CPSH2l5_LjgI5SQn_jxD6fQDy9-IY8iHE-JZj3uY33wB40TCdSJ8niOuzyaO6iT8LiP3RRyaIuQMkm84P3QJ8ZvPDmaakd46DqaUFkuhOuFy0RVG66O9OiPS8ZDhJamo4mOPEeyPEU3HU0coteJc0dzRUEp8XgySUPfo2SQPAotxJSOP8dl9CWuHV4u9E-CKz1OBd_gI0-WK4WO6E7k4RRONJqydOh7NMuPLkyObzip4_ywv3jnIDkRS2KOlkczcsfH4PzwBD8e6rgy_MI1H8l5RM8lNB5qhxjFKMenB08OX8Nz1GokhPlzaHF