{"lowlevel":{"average_loudness":0.954329073429,"barkbands":{"dmean":[0.0000870722869877,0.00308940093964,0.00358739146031,0.00332521623932,0.00208361702971,0.000606404675636,0.00111449626274,0.00169377506245,0.0010388243245,0.000633582472801,0.000452636799309,0.000538156891707,0.00045852153562,0.000376967800548,0.000607318477705,0.000346969172824,0.000301395833958,0.00016689246695,0.000171320483787,0.000211004560697,0.000220145841013,0.000245562434429,0.000212481230847,0.000142461256473,0.0000350821210304,0.00000561273554922,3.38393448374e-7],"dmean2":[0.000133991794428,0.00489666033536,0.00613766908646,0.0056872991845,0.00354528380558,0.000924783060327,0.00172408274375,0.00261529302225,0.00161599437706,0.00095625675749,0.000673705944791,0.000829973141663,0.000741941214073,0.000591050193179,0.000963998783845,0.000550091150217,0.000478330941405,0.000267182360403,0.000265327602392,0.000323066866258,0.000330085371388,0.000349689216819,0.000298740080325,0.000202134033316,0.0000506440992467,0.00000898715370568,5.47552360786e-7],"dvar":[6.31205239188e-8,0.00005940095798,0.0000714381385478,0.0000425629878009,0.0000107566665974,0.00000343938745573,0.0000145588255691,0.0000282977634924,0.00000941668258747,0.00000436602704212,0.0000017579541236,0.00000381334029953,0.00000186963461601,0.00000107279402073,0.00000151959636696,7.83060556842e-7,3.38893386242e-7,8.10619127378e-8,6.31830303632e-8,1.35950514846e-7,2.18256332118e-7,2.65426223223e-7,2.01877384143e-7,2.08307255889e-7,1.29797665949e-8,1.64345967391e-10,4.58591552319e-13],"dvar2":[1.36146127261e-7,0.000136669623316,0.000183831740287,0.000116104252811,0.0000285329788312,0.0000077197828432,0.0000323816275341,0.0000644033716526,0.0000222989474423,0.00000869329778652,0.00000379758921554,0.0000088391952886,0.00000457454052594,0.00000238716734202,0.00000374929027203,0.00000193227901946,8.24827964152e-7,1.92300248614e-7,1.39411909572e-7,3.16308700121e-7,4.77082608086e-7,5.24888264408e-7,3.80648288001e-7,3.98070284291e-7,2.50755132214e-8,3.55607127078e-10,1.16804330964e-12],"max":[0.0029539258685,0.0896570459008,0.0872273594141,0.0774640142918,0.0528055243194,0.0617617107928,0.0757288187742,0.100124761462,0.054051630199,0.0520263910294,0.0363478176296,0.0435643792152,0.036354444921,0.0231720991433,0.0281580705196,0.029666936025,0.0126655725762,0.00714574102312,0.00482524884865,0.00821307767183,0.0110612586141,0.0116018019617,0.0115444622934,0.0140429623425,0.00386506109498,0.000436107773567,0.0000126571430883],"mean":[0.0000797644170234,0.00406254455447,0.00394074898213,0.00493594910949,0.00317229516804,0.000873877201229,0.00134248787072,0.00204631406814,0.00142587081064,0.00095513695851,0.000687283754814,0.000718790863175,0.000584841123782,0.000512053666171,0.00100951700006,0.00056005793158,0.000512072117999,0.000322605046676,0.000367543281754,0.000396066403482,0.000416530529037,0.000427272869274,0.000363973405911,0.000213899082155,0.0000536136831215,0.00000910257040232,5.16844409049e-7],"median":[0.00000758316036809,0.00170408317354,0.00161446793936,0.00227095745504,0.00187485909555,0.00033534062095,0.000253995094681,0.000185640310519,0.000137003036798,0.000135641123052,0.000162309239386,0.000115050701424,0.000234463950619,0.000171543855686,0.000371729023755,0.000204976793611,0.000288242736133,0.000216312371776,0.000260386877926,0.000223749768338,0.00015600239567,0.000136832735734,0.000130908432766,0.0000581735621381,0.0000146051270349,0.0000038824910007,2.10471938544e-7],"min":[3.85049540593e-25,1.04929564169e-24,1.80436588725e-24,3.15013384743e-25,8.88744737546e-24,8.83827925296e-24,1.52997663524e-23,6.91303581478e-24,1.46235311186e-23,7.96915332835e-24,1.17274523416e-23,3.18278932639e-23,2.37878844491e-23,3.28468806724e-23,3.66737774523e-23,4.59650127484e-23,7.73956924584e-23,7.96541633647e-23,1.27409757839e-22,1.78270359324e-22,2.24693586662e-22,2.89228946789e-22,3.98823158297e-22,5.61922258288e-22,9.52235033678e-22,1.24014326323e-21,1.94548316039e-21],"var":[6.55162608609e-8,0.0000601516549068,0.0000607198453508,0.0000470772502013,0.0000160012823471,0.00000451654705103,0.0000192293882719,0.0000397788826376,0.0000146619631778,0.0000090068551799,0.00000319318610309,0.00000569546000406,0.00000213894031731,0.00000151587857999,0.00000295876407108,0.000001256026394,5.28413067968e-7,1.51900337642e-7,1.50005121213e-7,2.7944258818e-7,5.56980239708e-7,6.20763955794e-7,4.8773472372e-7,3.84212597737e-7,2.24576091057e-8,3.24833188126e-10,6.71653650666e-13]},"barkbands_crest":{"dmean":2.74665260315,"dmean2":4.46983289719,"dvar":6.82974815369,"dvar2":17.1913642883,"max":24.3446559906,"mean":9.56866931915,"median":8.73283958435,"min":1.95315766335,"var":15.0825967789},"barkbands_flatness_db":{"dmean":0.0217067673802,"dmean2":0.0334287583828,"dvar":0.000476467888802,"dvar2":0.0010859137401,"max":0.385141909122,"mean":0.13236951828,"median":0.126863136888,"min":0.0173184089363,"var":0.00218358635902},"barkbands_kurtosis":{"dmean":2.783452034,"dmean2":4.45548057556,"dvar":36.3682174683,"dvar2":91.278793335,"max":217.023147583,"mean":3.27704977989,"median":0.423666089773,"min":-1.90984249115,"var":157.976867676},"barkbands_skewness":{"dmean":0.604815006256,"dmean2":0.910837590694,"dvar":0.439173281193,"dvar2":0.989162683487,"max":12.2902040482,"mean":1.29008197784,"median":1.06767833233,"min":-2.71117591858,"var":1.89243710041},"barkbands_spread":{"dmean":7.68836164474,"dmean2":11.7297325134,"dvar":77.7144699097,"dvar2":178.069152832,"max":139.825500488,"mean":29.3274345398,"median":25.9910335541,"min":0.699305474758,"var":270.692749023},"dissonance":{"dmean":0.0153984054923,"dmean2":0.0252318177372,"dvar":0.000344750733348,"dvar2":0.000833555997815,"max":0.500000059605,"mean":0.468365073204,"median":0.476286560297,"min":0,"var":0.000739773677196},"dynamic_complexity":2.84539723396,"erbbands":{"dmean":[0.0907288715243,0.733758449554,3.03366994858,9.24616622925,8.73000621796,6.34761142731,4.3979973793,5.66033697128,14.6435050964,19.6249084473,39.5213127136,24.1460456848,22.1924781799,17.4378948212,14.6092176437,22.9661827087,20.1252059937,18.1422538757,24.559179306,28.4413166046,14.3872966766,14.9407291412,10.8377037048,7.42823410034,9.92073822021,8.85183525085,7.82691907883,9.05276679993,9.17692756653,7.37631607056,6.01967668533,4.31875324249,1.53606247902,0.546073615551,0.181742608547,0.0440399721265,0.00702256662771,0.00077457819134,0.0000606730718573,0.0000168833739735],"dmean2":[0.143822878599,1.19122874737,5.1564540863,15.6986522675,14.8680200577,10.7530288696,6.84957456589,8.63336753845,22.6047210693,30.0536994934,60.9111442566,37.6466255188,33.2317237854,24.9148178101,22.1906318665,35.4022865295,32.2882614136,28.1648979187,38.6966629028,44.756893158,22.1481304169,23.3689670563,17.1619434357,11.5745630264,14.9290542603,13.4201030731,12.0235023499,13.1995820999,13.1937208176,10.4214773178,8.52750682831,6.09063005447,2.19115018845,0.770705223083,0.275752335787,0.0694998502731,0.0114824213088,0.00126469077077,0.0000939502206165,0.000025231822292],"dvar":[0.0658438503742,3.13753676414,49.606552124,380.130645752,207.773193359,100.563331604,107.120574951,369.936309814,3512.55493164,2751.36914063,14699.4482422,4900.66796875,6330.94287109,2213.14501953,1800.82128906,7852.37890625,3667.58813477,2195.09545898,2898.26147461,4097.15771484,986.21673584,797.986816406,319.757415771,106.198478699,290.412536621,247.230072021,221.795089722,406.003723145,406.457244873,215.332489014,200.608078003,190.027984619,20.7309341431,3.00695014,0.456239104271,0.0166958216578,0.000143308847328,0.00000153071471232,1.48791006183e-8,5.42764000411e-10],"dvar2":[0.152190998197,7.56406927109,129.075714111,1018.91918945,553.388244629,267.863037109,220.025939941,832.067504883,7786.22363281,6019.54589844,33470.9726563,11740.8671875,12807.2138672,4576.14794922,4185.67578125,18267.7402344,9072.96679688,4846.32617188,6902.85302734,10295.3623047,2262.03051758,1930.57263184,752.611816406,247.532470703,642.894958496,527.855407715,518.670288086,832.539611816,835.314941406,432.221679688,378.01171875,370.427886963,37.3461761475,5.60619306564,0.975174129009,0.0347749069333,0.000346257380443,0.00000395159395339,3.68959760522e-8,1.17841314484e-9],"max":[3.01422905922,19.9857940674,74.2107696533,220.088378906,202.558654785,148.30607605,309.540100098,495.760070801,1274.32666016,1070.94140625,2559.25048828,1187.43310547,2077.82373047,1122.44750977,1264.01281738,2100.90136719,1905.12854004,1034.77331543,1590.18212891,1502.39306641,846.014709473,530.400939941,386.029541016,208.154312134,366.817749023,344.990539551,344.153564453,417.665863037,532.32220459,258.512664795,356.015991211,417.56640625,156.127456665,74.4875259399,19.8971748352,4.56458854675,0.348760277033,0.0252331569791,0.0022756177932,0.000260788074229],"mean":[0.104023344815,0.983753681183,3.5168030262,13.1291131973,13.670923233,9.18311977386,6.55211544037,7.9926404953,17.4202404022,25.5068893433,47.7881698608,34.6146736145,32.7382354736,29.6888313293,23.6592292786,30.8350467682,27.6713809967,27.379196167,39.9191589355,50.175907135,27.127117157,27.0629940033,21.8228282928,16.7062740326,20.5813789368,17.5948562622,14.8864088058,16.6269016266,15.964012146,13.1375980377,10.0459527969,6.47857570648,2.36187624931,0.835951209068,0.271925330162,0.0684740021825,0.0120724719018,0.00144516758155,0.000103231606772,0.0000423348938057],"median":[0.0361272916198,0.44083109498,1.75471007824,6.09173202515,8.26886177063,5.19616937637,2.35743355751,3.06535220146,4.154733181,5.24342107773,5.17580604553,4.6232790947,4.99386405945,5.46105623245,7.00292158127,5.65384626389,11.2427968979,11.9710769653,16.4543018341,18.2147846222,14.0654363632,16.4756622314,15.0874767303,12.7664604187,11.9201793671,10.0761632919,7.10708141327,5.26124715805,4.95572471619,4.5892572403,3.58460998535,1.84733223915,0.6333335042,0.208982184529,0.0832686424255,0.0253766998649,0.00570765137672,0.000698192918207,0.0000520237772434,0.0000368522560166],"min":[3.88811869699e-23,3.13672149036e-22,2.06236664861e-21,7.34809579731e-21,8.51162468748e-21,3.68759702016e-20,3.8434200761e-20,7.17601024128e-20,1.48005863116e-19,2.08892715151e-19,2.30360960103e-19,4.18584331677e-19,4.35050059703e-19,6.83721179653e-19,1.1509775682e-18,1.15696459808e-18,1.25419978248e-18,1.84481790679e-18,2.14640423581e-18,2.47896248171e-18,3.5040896896e-18,4.44249424809e-18,4.23980191079e-18,6.98670246177e-18,5.77799637221e-18,8.39126424087e-18,8.20606511917e-18,8.95563964665e-18,8.74815958796e-18,1.02245264345e-17,1.19828791519e-17,8.8640128502e-18,9.94854093184e-18,8.83177265864e-18,6.00894023615e-18,3.69076822383e-18,2.39560811177e-18,9.66077368893e-19,2.57024972053e-19,2.8517500751e-20],"var":[0.0624160096049,3.01294922829,40.9417686462,382.78692627,293.119354248,132.648742676,198.218826294,477.739837646,4130.79394531,4196.42089844,20342.203125,7806.88818359,11765.0283203,5456.31396484,2855.76318359,10879.2451172,4359.20068359,3184.04150391,4686.94335938,7619.37158203,1817.58679199,1293.38598633,645.916137695,241.763427734,708.436584473,544.702026367,478.408966064,988.264282227,955.727050781,534.776550293,456.385223389,350.326751709,41.0982284546,5.33244848251,0.688082337379,0.0292050726712,0.000345915468642,0.00000403520698455,2.0704105097e-8,9.92904869435e-10]},"erbbands_crest":{"dmean":2.96923112869,"dmean2":4.83105564117,"dvar":8.65242767334,"dvar2":20.368013382,"max":29.20054245,"mean":9.14726638794,"median":7.96687889099,"min":2.57119274139,"var":20.2740325928},"erbbands_flatness_db":{"dmean":0.0183262545615,"dmean2":0.0269654728472,"dvar":0.000288038194412,"dvar2":0.000588056398556,"max":0.302186191082,"mean":0.160779491067,"median":0.155783548951,"min":0.0296238753945,"var":0.00178818404675},"erbbands_kurtosis":{"dmean":0.910574913025,"dmean2":1.42854893208,"dvar":1.41924655437,"dvar2":3.28309082985,"max":31.2954902649,"mean":0.206836149096,"median":-0.211019411683,"min":-1.93499588966,"var":3.22959327698},"erbbands_skewness":{"dmean":0.409305930138,"dmean2":0.617052614689,"dvar":0.155339732766,"dvar2":0.348397135735,"max":3.43984866142,"mean":-0.168352201581,"median":-0.247521087527,"min":-4.84580183029,"var":0.667698502541},"erbbands_spread":{"dmean":10.8223562241,"dmean2":16.3827648163,"dvar":135.841506958,"dvar2":320.777740479,"max":148.975219727,"mean":44.7628250122,"median":40.6822052002,"min":4.18425798416,"var":457.484283447},"gfcc":{"cov":[[31236.8378906,1115.40539551,-3102.73608398,1550.48937988,-2137.86157227,726.76574707,-841.723632813,375.991790771,-214.138793945,-132.71484375,-568.931640625,-298.932922363,-489.711456299],[1115.40539551,1487.45849609,-593.030273438,-213.778320313,405.383911133,-261.851257324,117.942367554,-86.5036849976,-37.3322677612,-132.812332153,75.3567047119,-109.011131287,23.189163208],[-3102.73608398,-593.030273438,1062.7388916,157.729827881,114.651023865,201.273910522,18.5738430023,1.25983464718,32.403755188,72.1500396729,31.0629501343,86.7516555786,15.4001684189],[1550.48937988,-213.778320313,157.729827881,479.759735107,-73.1253128052,114.094154358,-97.1369857788,-24.0819015503,21.3388748169,24.2230739594,-33.4757614136,20.3964576721,-4.56749296188],[-2137.86157227,405.383911133,114.651023865,-73.1253128052,528.245483398,-91.2961807251,54.2518043518,-80.2095870972,-20.7939834595,-19.2226142883,52.6799926758,2.93590807915,62.763874054],[726.76574707,-261.851257324,201.273910522,114.094154358,-91.2961807251,331.959838867,57.2464179993,61.7350006104,8.11626338959,-1.55847537518,-36.1835670471,21.2502975464,-4.62435340881],[-841.723632813,117.942367554,18.5738430023,-97.1369857788,54.2518043518,57.2464179993,284.051696777,37.5211105347,23.613861084,-31.6882553101,15.5298147202,1.5267881155,27.6708583832],[375.991790771,-86.5036849976,1.25983464718,-24.0819015503,-80.2095870972,61.7350006104,37.5211105347,151.976409912,66.5531158447,10.7417402267,-12.7164964676,-15.5389089584,-14.6623411179],[-214.138793945,-37.3322677612,32.403755188,21.3388748169,-20.7939834595,8.11626338959,23.613861084,66.5531158447,159.585525513,41.139541626,7.43337965012,-15.9053974152,16.0724830627],[-132.71484375,-132.812332153,72.1500396729,24.2230739594,-19.2226142883,-1.55847537518,-31.6882553101,10.7417402267,41.139541626,103.584716797,19.6308135986,18.6764240265,-13.9955091476],[-568.931640625,75.3567047119,31.0629501343,-33.4757614136,52.6799926758,-36.1835670471,15.5298147202,-12.7164964676,7.43337965012,19.6308135986,103.023994446,26.0635871887,0.386530518532],[-298.932922363,-109.011131287,86.7516555786,20.3964576721,2.93590807915,21.2502975464,1.5267881155,-15.5389089584,-15.9053974152,18.6764240265,26.0635871887,101.011169434,34.1973648071],[-489.711456299,23.189163208,15.4001684189,-4.56749296188,62.763874054,-4.62435340881,27.6708583832,-14.6623411179,16.0724830627,-13.9955091476,0.386530518532,34.1973648071,102.078956604]],"icov":[[0.000547376053873,-0.00139303819742,0.00122523261234,-0.00175646948628,0.00190762570128,-0.00169145362452,0.0012945162598,-0.00137715460733,0.00119126366917,-0.00117436319124,0.00149328098632,-0.000756748311687,0.000780013215262],[-0.00139303819742,0.00528660882264,-0.00219233869575,0.0044111548923,-0.00613044062629,0.00462434301153,-0.00375957880169,0.0038416008465,-0.00328865321353,0.00436943490058,-0.00500223832205,0.00295504136011,-0.00166016444564],[0.00122523261234,-0.00219233869575,0.00453929277137,-0.00418906286359,0.00309816957451,-0.00444011762738,0.00266402494162,-0.00279383501038,0.00228050956503,-0.00253977207467,0.00256877229549,-0.0020076460205,0.00222972687334],[-0.00175646948628,0.0044111548923,-0.00418906286359,0.00845288019627,-0.00586502579972,0.0043679815717,-0.00310543761589,0.00560756865889,-0.00482632126659,0.00380920758471,-0.00409794272855,0.00199945224449,-0.00233918637969],[0.00190762570128,-0.00613044062629,0.00309816957451,-0.00586502579972,0.010240405798,-0.00550867756829,0.00440112128854,-0.00402924511582,0.00465892581269,-0.00491458922625,0.00499883620068,-0.00219217594713,0.000804811483249],[-0.00169145362452,0.00462434301153,-0.00444011762738,0.0043679815717,-0.00550867756829,0.0100422017276,-0.00533636659384,0.00251279491931,-0.00287610199302,0.00425084400922,-0.00357355177402,0.00186806253623,-0.00222692661919],[0.0012945162598,-0.00375957880169,0.00266402494162,-0.00310543761589,0.00440112128854,-0.00533636659384,0.00783743243665,-0.00393499713391,0.00200824462809,-0.0015851497883,0.00298807909712,-0.00213570706546,0.00105658557732],[-0.00137715460733,0.0038416008465,-0.00279383501038,0.00560756865889,-0.00402924511582,0.00251279491931,-0.00393499713391,0.0138976322487,-0.00755694368854,0.00363750499673,-0.00318797142245,0.00214076996781,-0.000169427818037],[0.00119126366917,-0.00328865321353,0.00228050956503,-0.00482632126659,0.00465892581269,-0.00287610199302,0.00200824462809,-0.00755694368854,0.0130855394527,-0.00719632208347,0.0020413887687,0.00195707869716,-0.00243303622119],[-0.00117436319124,0.00436943490058,-0.00253977207467,0.00380920758471,-0.00491458922625,0.00425084400922,-0.0015851497883,0.00363750499673,-0.00719632208347,0.0172845814377,-0.00548691023141,-0.0011014129268,0.00198627845384],[0.00149328098632,-0.00500223832205,0.00256877229549,-0.00409794272855,0.00499883620068,-0.00357355177402,0.00298807909712,-0.00318797142245,0.0020413887687,-0.00548691023141,0.0174930766225,-0.00696032680571,0.00441776774824],[-0.000756748311687,0.00295504136011,-0.0020076460205,0.00199945224449,-0.00219217594713,0.00186806253623,-0.00213570706546,0.00214076996781,0.00195707869716,-0.0011014129268,-0.00696032680571,0.0171388350427,-0.00776488799602],[0.000780013215262,-0.00166016444564,0.00222972687334,-0.00233918637969,0.000804811483249,-0.00222692661919,0.00105658557732,-0.000169427818037,-0.00243303622119,0.00198627845384,0.00441776774824,-0.00776488799602,0.0158079583198]],"mean":[-16.2227058411,87.0092544556,-125.667297363,53.2565765381,-53.8693237305,18.2140617371,-36.5590515137,0.780668199062,-18.9575557709,-5.18294715881,-18.1843147278,-8.15948486328,-14.6524753571]},"hfc":{"dmean":9.36921215057,"dmean2":13.1402931213,"dvar":142.332000732,"dvar2":257.896270752,"max":257.937744141,"mean":26.7878742218,"median":22.8911075592,"min":1.07454553367e-16,"var":463.0128479},"melbands":{"dmean":[0.000838455918711,0.00134441745467,0.00151112629101,0.000553808175027,0.00016127777053,0.000124660058646,0.000221908063395,0.000259473192273,0.000308897782816,0.000143007287988,0.000111304630991,0.0000700774908182,0.0000538607164344,0.0000562827335671,0.0000543064670637,0.0000472605206596,0.0000362179744116,0.0000383441838494,0.0000472607498523,0.0000340298429364,0.000015578843886,0.000015962001271,0.0000164998982655,0.0000064185633164,0.00000687423153067,0.00000616113720753,0.00000914545762498,0.00000574628438699,0.00000492196113555,0.00000587648128203,0.0000055059672377,0.00000551757966605,0.00000501329577673,0.0000041695748223,0.00000358991792382,0.00000347067862094,0.00000240214171754,0.00000118318178011,6.78024377976e-7,4.10969761333e-7],"dmean2":[0.00132509926334,0.00221424852498,0.00254883710295,0.000944161845837,0.000256556959357,0.000190752034541,0.000341129867593,0.00039754275349,0.000477566733025,0.000221841764869,0.000167174628587,0.000100728546386,0.00008106927271,0.0000856500046211,0.0000864225803525,0.0000762307172408,0.0000565026020922,0.0000609051494393,0.0000744928329368,0.0000540903674846,0.0000241934703809,0.0000252394347626,0.0000262492758338,0.0000102143731056,0.0000108141030069,0.00000940400695981,0.0000138914247145,0.00000885384088178,0.00000771018130763,0.00000911372626433,0.00000815977182356,0.00000798535620561,0.00000740033510738,0.00000603106991548,0.00000525968243892,0.00000498015333505,0.00000346494152836,0.00000172057832515,9.78158595899e-7,5.96594190938e-7],"dvar":[0.00000490105730933,0.00000876834837982,0.00000887917940418,7.76625711296e-7,1.00397990366e-7,1.57613271767e-7,7.24500239357e-7,4.77452715586e-7,7.65860988849e-7,1.66895119946e-7,1.56509571525e-7,3.79232751868e-8,2.78839173973e-8,3.39494583557e-8,4.33277520528e-8,1.80484835965e-8,9.91303927833e-9,8.67107807778e-9,1.04817878821e-8,8.30541502239e-9,1.12867926116e-9,8.68182636893e-10,1.14415654728e-9,8.97119670218e-11,1.00902140809e-10,1.03663314044e-10,3.28296306806e-10,1.2299049279e-10,7.55738249758e-11,2.07427977572e-10,1.6312022566e-10,1.50370965679e-10,1.14364573367e-10,6.85431642e-11,6.94060364737e-11,1.06931560828e-10,6.46289757822e-11,1.40896001463e-11,3.48823921137e-12,2.22838913121e-12],"dvar2":[0.0000112728903332,0.0000220513484237,0.0000236759387917,0.00000206404388337,2.1576870779e-7,3.56777093202e-7,0.00000160092577062,0.00000107542018668,0.00000175254626811,3.96133685854e-7,3.14917372179e-7,7.89868579432e-8,6.25845899549e-8,7.5555760759e-8,1.06279863132e-7,4.36523812652e-8,2.19367457532e-8,2.04641885659e-8,2.57751189281e-8,2.09403641094e-8,2.5383029012e-9,2.09228678827e-9,2.82086620729e-9,2.05994249436e-10,2.3716126285e-10,2.20913329296e-10,7.89534826406e-10,2.70419825421e-10,1.81573298064e-10,4.93951879399e-10,3.32742111642e-10,3.06256076055e-10,2.49322451573e-10,1.47093642822e-10,1.43980591338e-10,2.02404815131e-10,1.31802291303e-10,2.73873024953e-11,6.51388361653e-12,4.63141027265e-12],"max":[0.0267433989793,0.0302150566131,0.0309854410589,0.0127393482253,0.00875123683363,0.0104016372934,0.0182082187384,0.00991623010486,0.0175962466747,0.00638863630593,0.0102817779407,0.00433509191498,0.00527946744114,0.00409632083029,0.00417842622846,0.00292898481712,0.00230702990666,0.00221924763173,0.00247594434768,0.00312460563146,0.000839039217681,0.000540309061762,0.000779781723395,0.00026454316685,0.000219343739445,0.000208646481042,0.000483234442072,0.000248414697126,0.000156728681759,0.000420795491664,0.000298803497571,0.000258031330304,0.000275298400084,0.000137476148666,0.000201289512916,0.000339375779731,0.000215096180909,0.000120907461678,0.0000637756456854,0.0000696575370966],"mean":[0.00105801492464,0.00170625094324,0.00226137787104,0.000841401284561,0.000242349764449,0.000175477776793,0.000268657982815,0.000326511421008,0.000367159198504,0.000206982556847,0.000158548224135,0.000116278948553,0.0000816174288047,0.000081332771515,0.0000644521423965,0.0000611205250607,0.000049967700761,0.0000558836727578,0.0000797576067271,0.0000540994660696,0.0000270303826255,0.0000274328776868,0.0000276476093859,0.000013137582755,0.0000137330353027,0.000012636856809,0.0000165163510246,0.0000104439868664,0.0000085838000814,0.0000106168008642,0.00000921930404729,0.00000891269701242,0.00000840974280436,0.00000695638300385,0.00000578659864914,0.00000522058689967,0.00000343059787156,0.0000017495630118,0.00000100927309177,5.98046142386e-7],"median":[0.000409257772844,0.000885732821189,0.00124323437922,0.000510784739163,0.000106202875031,0.0000680601151544,0.0000611562718404,0.0000535197614226,0.0000331200535584,0.0000218981185753,0.0000200299218704,0.0000193607302208,0.0000224307514145,0.00001389632871,0.0000136807248055,0.0000265353828581,0.0000188080412045,0.0000207413431781,0.0000251324836427,0.0000191599556274,0.0000139311887324,0.0000155562647706,0.000016398535081,0.00000894961431186,0.00000980038021225,0.00000782674032962,0.00000799676035967,0.00000530588113179,0.00000436944401372,0.00000304518312078,0.00000280413314613,0.00000249796289609,0.00000272124952971,0.00000234633762375,0.00000207693801713,0.00000152581242219,9.16642704851e-7,4.59693012544e-7,2.43048276616e-7,1.50513088215e-7],"min":[2.92521752392e-25,1.52024984223e-24,1.58327272881e-24,1.68907406316e-24,1.6807967429e-24,1.52332245546e-24,2.47704730265e-24,1.96492649438e-24,1.89570789425e-24,2.41822312824e-24,1.69434878161e-24,2.36346770116e-24,2.55302387694e-24,3.49092802007e-24,3.03295107446e-24,2.26849555349e-24,3.1253012457e-24,2.99509423126e-24,2.70928953087e-24,3.06976741012e-24,4.0764150619e-24,4.32626348223e-24,4.16611091341e-24,3.19011484653e-24,5.13687367704e-24,4.16727803312e-24,2.87167063175e-24,3.96647112311e-24,3.99273466923e-24,4.65535613594e-24,4.23026147665e-24,3.7347250884e-24,4.85573548334e-24,4.79706750338e-24,5.97923867873e-24,5.34433383992e-24,5.09358651259e-24,5.92059673119e-24,6.23676271567e-24,7.02033983055e-24],"var":[0.00000483102530779,0.00000789407386037,0.00000918603291211,0.00000108683661892,1.83250733699e-7,2.05109543572e-7,8.94630431958e-7,7.09753237516e-7,0.00000106866377791,2.87482379235e-7,2.93663077855e-7,9.42215336863e-8,4.1734420364e-8,5.99940719326e-8,4.88338329774e-8,2.11685406981e-8,1.3857383685e-8,1.25361721004e-8,2.23861107429e-8,1.27029071706e-8,1.92085880535e-9,1.40918654523e-9,1.64803337643e-9,2.20186369138e-10,2.02891273227e-10,2.52353526964e-10,6.7927469205e-10,2.30688926295e-10,1.32985220058e-10,5.25849641608e-10,3.30775490331e-10,3.1664773581e-10,2.63428501235e-10,1.51838777662e-10,1.45202128099e-10,2.10910441889e-10,1.08128929421e-10,2.52980813381e-11,6.79019080546e-12,3.25758864328e-12]},"melbands_crest":{"dmean":3.4766972065,"dmean2":5.62792253494,"dvar":10.2190313339,"dvar2":26.2606678009,"max":33.0373573303,"mean":14.3508844376,"median":13.9246377945,"min":1.58365082741,"var":25.6776294708},"melbands_flatness_db":{"dmean":0.0274464264512,"dmean2":0.0413089767098,"dvar":0.000838613545056,"dvar2":0.00180563901085,"max":0.529530465603,"mean":0.182036668062,"median":0.175898179412,"min":0.00264853890985,"var":0.00483000511304},"melbands_kurtosis":{"dmean":8.78211212158,"dmean2":13.8174610138,"dvar":256.798553467,"dvar2":608.269470215,"max":354.744384766,"mean":14.2824659348,"median":5.77973413467,"min":-1.83785414696,"var":681.53729248},"melbands_skewness":{"dmean":0.908362209797,"dmean2":1.35362362862,"dvar":1.07083618641,"dvar2":2.35274028778,"max":14.9835700989,"mean":2.77297186852,"median":2.27763843536,"min":-0.846618413925,"var":3.7362985611},"melbands_spread":{"dmean":10.7277545929,"dmean2":16.2463150024,"dvar":204.608230591,"dvar2":422.655487061,"max":242.721878052,"mean":33.4700469971,"median":27.1780376434,"min":0.590212345123,"var":797.265014648},"mfcc":{"cov":[[11032.9482422,118.973388672,284.236053467,228.481826782,-352.032897949,133.168838501,-367.677978516,276.034454346,64.8811645508,335.004333496,-9.39752292633,66.1115112305,-60.8557357788],[118.973388672,1656.52111816,-692.269836426,101.718910217,119.594100952,-95.3293228149,143.279708862,-4.1540851593,-78.0715637207,7.95660543442,-43.7798728943,-62.3003768921,9.92730617523],[284.236053467,-692.269836426,793.434204102,29.6844997406,19.9160518646,170.553497314,-20.2987651825,61.7900924683,49.4130325317,-5.61624956131,44.706325531,57.0880012512,-4.67956781387],[228.481826782,101.718910217,29.6844997406,324.906951904,129.828964233,60.1076469421,-22.5663852692,-36.6625289917,-4.71325731277,-23.9984531403,-3.14495992661,-13.9838247299,9.70960521698],[-352.032897949,119.594100952,19.9160518646,129.828964233,326.729278564,59.4996604919,-3.10227036476,-44.1746025085,-31.3719730377,-9.1728849411,-12.2754878998,-40.9909210205,-6.43694925308],[133.168838501,-95.3293228149,170.553497314,60.1076469421,59.4996604919,212.598266602,68.306602478,36.3742485046,39.3212394714,-30.5958480835,13.5688514709,0.815920233727,-17.3221130371],[-367.677978516,143.279708862,-20.2987651825,-22.5663852692,-3.10227036476,68.306602478,191.213546753,58.4574241638,5.08099222183,-32.3714332581,-3.18960261345,-4.06882143021,-5.81301164627],[276.034454346,-4.1540851593,61.7900924683,-36.6625289917,-44.1746025085,36.3742485046,58.4574241638,155.374435425,58.5028076172,40.4338188171,-3.55641150475,16.3494625092,11.1891822815],[64.8811645508,-78.0715637207,49.4130325317,-4.71325731277,-31.3719730377,39.3212394714,5.08099222183,58.5028076172,145.955978394,42.9356994629,4.52420282364,1.95168578625,-10.127831459],[335.004333496,7.95660543442,-5.61624956131,-23.9984531403,-9.1728849411,-30.5958480835,-32.3714332581,40.4338188171,42.9356994629,149.431350708,26.3344554901,16.8103790283,2.03477334976],[-9.39752292633,-43.7798728943,44.706325531,-3.14495992661,-12.2754878998,13.5688514709,-3.18960261345,-3.55641150475,4.52420282364,26.3344554901,97.9330673218,42.8825645447,-4.4542722702],[66.1115112305,-62.3003768921,57.0880012512,-13.9838247299,-40.9909210205,0.815920233727,-4.06882143021,16.3494625092,1.95168578625,16.8103790283,42.8825645447,91.6800231934,30.6538219452],[-60.8557357788,9.92730617523,-4.67956781387,9.70960521698,-6.43694925308,-17.3221130371,-5.81301164627,11.1891822815,-10.127831459,2.03477334976,-4.4542722702,30.6538219452,89.4864044189]],"icov":[[0.000142099466757,-0.000085895851953,-0.000046158744226,-0.000154478359036,0.000286494061584,-0.000309206836391,0.000480776710901,-0.000326266890625,0.000257623469224,-0.000295696023386,0.000172799875145,-0.0000491395367135,0.000214608124224],[-0.000085895851953,0.00123086257372,0.00102337088902,-0.00037211063318,-0.000541086192243,0.000373372196918,-0.00113360409159,-0.000196408611373,0.000265534501523,-0.000104036567791,-0.000108595835627,0.0000429963947681,-0.000104513244878],[-0.000046158744226,0.00102337088902,0.00261050462723,-0.000226730597205,-0.000479094160255,-0.00127600168344,0.000136549482704,-0.000945667328779,0.000273108860711,0.000182336356374,-0.000311281852191,-0.000915648182854,0.000186774588656],[-0.000154478359036,-0.00037211063318,-0.000226730597205,0.00432905880734,-0.00149035186041,-0.000857273698784,0.000565955881029,0.00105322920717,-0.000777312438004,0.000890808529221,-0.000289729272481,0.000196213324671,-0.00110329128802],[0.000286494061584,-0.000541086192243,-0.000479094160255,-0.00149035186041,0.0049524740316,-0.00197698897682,0.00112620496657,0.000431370281149,0.00150424800813,-0.00155839789659,0.000506251933984,0.00170860125218,0.0000298799968732],[-0.000309206836391,0.000373372196918,-0.00127600168344,-0.000857273698784,-0.00197698897682,0.00913065578789,-0.00389202288352,-0.000124465615954,-0.00257205078378,0.00240747304633,-0.00149154488463,0.000098804855952,0.00070863700239],[0.000480776710901,-0.00113360409159,0.000136549482704,0.000565955881029,0.00112620496657,-0.00389202288352,0.0100153731182,-0.00432220101357,0.00153613870498,0.0012346864678,-0.0000289195031655,0.000042073399527,0.00104703055695],[-0.000326266890625,-0.000196408611373,-0.000945667328779,0.00105322920717,0.000431370281149,-0.000124465615954,-0.00432220101357,0.0116211995482,-0.00346753303893,-0.00239856680855,0.00178616330959,-0.000856615137309,-0.00204630685039],[0.000257623469224,0.000265534501523,0.000273108860711,-0.000777312438004,0.00150424800813,-0.00257205078378,0.00153613870498,-0.00346753303893,0.0100518157706,-0.00295175774954,0.000550339231268,0.000695848488249,0.00138183357194],[-0.000295696023386,-0.000104036567791,0.000182336356374,0.000890808529221,-0.00155839789659,0.00240747304633,0.0012346864678,-0.00239856680855,-0.00295175774954,0.01027514413,-0.00318397209048,-0.000353304145392,-0.000147802900756],[0.000172799875145,-0.000108595835627,-0.000311281852191,-0.000289729272481,0.000506251933984,-0.00149154488463,-0.0000289195031655,0.00178616330959,0.000550339231268,-0.00318397209048,0.0149488365278,-0.0076023330912,0.00315017439425],[-0.0000491395367135,0.0000429963947681,-0.000915648182854,0.000196213324671,0.00170860125218,0.000098804855952,0.000042073399527,-0.000856615137309,0.000695848488249,-0.000353304145392,-0.0076023330912,0.018233364448,-0.00639300467446],[0.000214608124224,-0.000104513244878,0.000186774588656,-0.00110329128802,0.0000298799968732,0.00070863700239,0.00104703055695,-0.00204630685039,0.00138183357194,-0.000147802900756,0.00315017439425,-0.00639300467446,0.0144316004589]],"mean":[-636.612609863,100.473487854,-4.29594659805,32.4849357605,8.29630279541,16.1506786346,-4.16907596588,6.71477842331,-3.04812169075,5.61430168152,-3.55036306381,-1.91598510742,-4.39938640594]},"pitch_salience":{"dmean":0.0708476006985,"dmean2":0.115177713335,"dvar":0.00411883182824,"dvar2":0.0108562344685,"max":0.988100409508,"mean":0.522957742214,"median":0.524092435837,"min":0.119205437601,"var":0.0102099888027},"silence_rate_20dB":{"dmean":0,"dmean2":0,"dvar":0,"dvar2":0,"max":1,"mean":1,"median":1,"min":1,"var":0},"silence_rate_30dB":{"dmean":0.00333434366621,"dmean2":0.00666969828308,"dvar":0.00332336477004,"dvar2":0.0096572516486,"max":1,"mean":0.998181521893,"median":1,"min":0,"var":0.00181502581108},"silence_rate_60dB":{"dmean":0.0139436190948,"dmean2":0.0278914663941,"dvar":0.0137462560087,"dvar2":0.0337834432721,"max":1,"mean":0.0610698573291,"median":0,"min":0,"var":0.057334523648},"spectral_centroid":{"dmean":341.976623535,"dmean2":525.944091797,"dvar":150506.484375,"dvar2":340682.4375,"max":11809.4111328,"mean":1782.75390625,"median":1550.96765137,"min":163.922103882,"var":1906977.25},"spectral_complexity":{"dmean":3.72931194305,"dmean2":5.55555534363,"dvar":14.267786026,"dvar2":27.5804347992,"max":51,"mean":20.206243515,"median":21,"min":0,"var":75.7520141602},"spectral_contrast_coeffs":{"dmean":[0.052644636482,0.054651029408,0.0412037447095,0.0341337248683,0.0247010663152,0.0200274568051],"dmean2":[0.0866281017661,0.0834984332323,0.0626048445702,0.0540328174829,0.0390607453883,0.0305848494172],"dvar":[0.00209463085048,0.00244217691943,0.00124136696104,0.000782064162195,0.000454391614767,0.000323991145706],"dvar2":[0.00556351523846,0.00530467415228,0.00271424790844,0.00183116365224,0.00106557854451,0.000709061219823],"max":[-0.336622834206,-0.360964953899,-0.437089562416,-0.526575744152,-0.590994536877,-0.545197427273],"mean":[-0.618302643299,-0.710358500481,-0.738921582699,-0.737737238407,-0.759607672691,-0.734838724136],"median":[-0.614404499531,-0.720656454563,-0.74970215559,-0.736088693142,-0.758980870247,-0.736238479614],"min":[-0.978859484196,-0.998727738857,-0.997009038925,-0.98891466856,-0.984756290913,-0.967268705368],"var":[0.00808185804635,0.00938571244478,0.00725724780932,0.00376165937632,0.00277612381615,0.00331339356489]},"spectral_contrast_valleys":{"dmean":[0.429981231689,0.394171506166,0.335190683603,0.283155858517,0.26495680213,0.340159595013],"dmean2":[0.672974824905,0.63428401947,0.524314820766,0.429453790188,0.387044042349,0.45675522089],"dvar":[0.188192144036,0.176867008209,0.136476039886,0.116570286453,0.125776961446,0.178154781461],"dvar2":[0.38995757699,0.401599377394,0.289916187525,0.233860090375,0.244794219732,0.315583616495],"max":[-5.2653670311,-4.97782516479,-5.42173576355,-6.0083193779,-6.01224184036,-7.21491003036],"mean":[-7.55960893631,-7.54022216797,-8.10773181915,-8.05808067322,-7.86421537399,-10.3420972824],"median":[-7.04804134369,-7.09068870544,-7.67518138885,-7.63866949081,-7.33496379852,-9.8674030304],"min":[-28.1360874176,-28.4449691772,-27.814250946,-27.6341114044,-27.4913101196,-27.3871688843],"var":[7.5996222496,7.60224103928,7.21394681931,7.15976381302,7.4145488739,6.48946046829]},"spectral_decrease":{"dmean":3.15472181711e-9,"dmean2":4.83002615681e-9,"dvar":2.03257731792e-17,"dvar2":4.6035254684e-17,"max":1.22719840699e-16,"mean":-7.30240312663e-9,"median":-6.20775431059e-9,"min":-4.17166248212e-8,"var":3.32908829864e-17},"spectral_energy":{"dmean":0.0125090060756,"dmean2":0.0190470926464,"dvar":0.000305490480969,"dvar2":0.000685862149112,"max":0.16342997551,"mean":0.0299906842411,"median":0.025984082371,"min":9.80819313915e-21,"var":0.000520675152075},"spectral_energyband_high":{"dmean":0.000792954233475,"dmean2":0.00107774115168,"dvar":0.00000223552797252,"dvar2":0.00000376584944206,"max":0.0328591987491,"mean":0.00164737098385,"median":0.000718702329323,"min":6.98482052894e-21,"var":0.00000672770829624},"spectral_energyband_low":{"dmean":0.00734316557646,"dmean2":0.0114198541269,"dvar":0.00021249364363,"dvar2":0.00049001572188,"max":0.130596205592,"mean":0.0111514255404,"median":0.00573759153485,"min":1.59917614494e-23,"var":0.000249154807534},"spectral_energyband_middle_high":{"dmean":0.00241991668008,"dmean2":0.00352576351725,"dvar":0.000012104354937,"dvar2":0.000025948842449,"max":0.0508510917425,"mean":0.00621363753453,"median":0.0042647770606,"min":1.1280044515e-21,"var":0.0000365437663277},"spectral_energyband_middle_low":{"dmean":0.00732175540179,"dmean2":0.011925325729,"dvar":0.000102502643131,"dvar2":0.000263366964646,"max":0.10205283016,"mean":0.0142688415945,"median":0.0114513859153,"min":1.31543553066e-22,"var":0.000160300332936},"spectral_entropy":{"dmean":0.164015382528,"dmean2":0.245999708772,"dvar":0.0292858760804,"dvar2":0.0627519935369,"max":9.84012794495,"mean":7.65588712692,"median":7.64846992493,"min":5.51037168503,"var":0.246607840061},"spectral_flux":{"dmean":0.0321710035205,"dmean2":0.0506812632084,"dvar":0.00135899358429,"dvar2":0.00297790835612,"max":0.34688988328,"mean":0.0967689082026,"median":0.0868441909552,"min":6.33680607987e-11,"var":0.003323267214},"spectral_kurtosis":{"dmean":1.34444761276,"dmean2":2.21207618713,"dvar":3.04984593391,"dvar2":8.73977661133,"max":43.834651947,"mean":3.04158902168,"median":2.45109581947,"min":-1.27348136902,"var":10.7173147202},"spectral_rms":{"dmean":0.00103771407157,"dmean2":0.00153447769117,"dvar":0.0000015374494069,"dvar2":0.00000322873506775,"max":0.0126271089539,"mean":0.00498308613896,"median":0.00503491051495,"min":3.09337494855e-12,"var":0.00000442797363576},"spectral_rolloff":{"dmean":726.567565918,"dmean2":1200.90100098,"dvar":1285464.25,"dvar2":2737480.25,"max":21188.671875,"mean":2308.13427734,"median":1744.18945313,"min":64.599609375,"var":8216584.5},"spectral_skewness":{"dmean":0.204903766513,"dmean2":0.313845127821,"dvar":0.0420019850135,"dvar2":0.104214593768,"max":5.3916053772,"mean":1.13310456276,"median":1.1412551403,"min":-0.0850458145142,"var":0.252733200788},"spectral_spread":{"dmean":557875.6875,"dmean2":822882.4375,"dvar":1097842753540,"dvar2":2480433528830,"max":46582216,"mean":5155751.5,"median":4442281,"min":1582423.375,"var":23105902739500},"spectral_strongpeak":{"dmean":0.727407991886,"dmean2":1.23374581337,"dvar":1.50218629837,"dvar2":3.78573703766,"max":18.0766658783,"mean":1.07960557938,"median":0.543204605579,"min":0,"var":1.93726313114},"zerocrossingrate":{"dmean":0.0131112178788,"dmean2":0.0148126045242,"dvar":0.000226294752792,"dvar2":0.000285182206426,"max":0.525390625,"mean":0.0805006250739,"median":0.06396484375,"min":0.0048828125,"var":0.00487455492839}},"metadata":{"audio_properties":{"analysis_sample_rate":44100,"bit_rate":0,"codec":"flac","downmix":"mix","equal_loudness":0,"length":153.199996948,"lossless":true,"md5_encoded":"75004dac4afcd5847729c398b4e4ea66","replay_gain":-14.1693019867,"sample_rate":44100},"tags":{"acoustid_id":["66a44724-1747-4a57-9ae5-649183103653"],"album":["The Bells"],"albumartist":["Lou Reed"],"albumartistsort":["Reed, Lou"],"artist":["Lou Reed"],"artistsort":["Reed, Lou"],"asin":["B00004T1HA"],"barcode":["744659965920"],"catalognumber":["74465 99659 2"],"date":["2000-05-16"],"discnumber":["1"],"disctotal":["1"],"file_name":"01 - Stupid Man.flac","genre":["Alternative"],"label":["Buddha Records"],"media":["CD"],"musicbrainz_albumartistid":["9d1ebcfe-4c15-4d18-95d3-d919898638a1"],"musicbrainz_albumid":["c5918567-50b6-3253-af63-9b298f2c6278"],"musicbrainz_artistid":["9d1ebcfe-4c15-4d18-95d3-d919898638a1"],"musicbrainz_recordingid":["acfeddb8-bcca-44b9-a3c9-1ecad7600aa2"],"musicbrainz_releasegroupid":["aa1d5332-25d3-32e5-99e1-f52f5421cd45"],"originaldate":["1979"],"releasecountry":["XE"],"releasestatus":["official"],"releasetype":["album"],"script":["Latn"],"title":["Stupid Man"],"tracknumber":["1"],"tracktotal":["9"]},"version":{"essentia":"2.1-beta2","essentia_build_sha":"2d9f1f26377add8aeb1075a9c2973f962c4f09fd","essentia_git_sha":"v2.1_beta2-1-ge3940c0","extractor":"music 1.0"}},"rhythm":{"beats_count":298,"beats_loudness":{"dmean":0.0201181638986,"dmean2":0.0355980917811,"dvar":0.000302054249914,"dvar2":0.000990604748949,"max":0.111451946199,"mean":0.0468970611691,"median":0.0456386208534,"min":0,"var":0.000622241466772},"beats_loudness_band_ratio":{"dmean":[0.236177161336,0.0928835198283,0.157299235463,0.0775693506002,0.065517552197,0.0895339250565],"dmean2":[0.401636213064,0.168416753411,0.288394451141,0.141981124878,0.115071810782,0.168529748917],"dvar":[0.0345722213387,0.01195762492